cp_tau_s: 254.5921605912615
cp_b: 10.008001437482104
cp_tau_0: 200.50062323635714
cp_n: 7.608001608848892
cp_gamma_0: 3.25e-05
