cp_tau_s: 2108.4818295983127
cp_b: 2.3957095599172855
cp_tau_0: 330.1959951466205
cp_n: 5.012642753985024
cp_gamma_0: 3.25e-05
