cp_tau_s: 271.36897514188445
cp_b: 2.644516037285889
cp_tau_0: 6.938449313028536
cp_n: 9.841013993400528
cp_gamma_0: 6.675185913479554e-05
