cp_tau_s: 1717.5
cp_b: 0.058447
cp_tau_0: 0.34748
cp_n: 13.139
cp_gamma_0: 3.25e-05
