cp_tau_s: 786.9476996492631
cp_b: 3.5159959711177913
cp_tau_0: 108.73542927467027
cp_n: 19.778576864559867
cp_gamma_0: 3.25e-05
