cp_lh_0: 289.6991732630136
cp_lh_1: 98.27777071369455
cp_tau_0: 204.48351532580568
cp_n: 8.927304715106178
cp_gamma_0: 3.321533315694396e-06
