cp_tau_s: 549.3620212730341
cp_b: 1.9441141976400735
cp_tau_0: 316.9045459831024
cp_n: 15.367053052662644
cp_gamma_0: 3.605018780629072e-05
