cp_lh_0: 187.22182459057274
cp_lh_1: 23.390751531022065
cp_tau_0: 60.43552334460727
cp_n: 6.138432150456715
cp_gamma_0: 3.333e-05
vp_s0: 93.655
vp_R: 3957.3
vp_d: 0.5651
vp_n: 7.3648
vp_eta: 721.59
