cp_tau_s: 1433.4787016063535
cp_b: 1.8342210954172822
cp_tau_0: 179.21756114588524
cp_n: 11.745353849362496
cp_gamma_0: 3.25e-05
