cp_tau_s: 1739.6212700131457
cp_b: 1.7546577329378488
cp_tau_0: 495.7302515108396
cp_n: 18.491924693446613
cp_gamma_0: 3.25e-05
