cp_tau_s: 1879.6310899606262
cp_b: 14.793242442014513
cp_tau_0: 272.16541930702914
cp_n: 8.107951405030754
cp_gamma_0: 3.25e-05
