cp_lh_0: 264.9749848533518
cp_lh_1: 195.55474647863
cp_tau_0: 87.38263215874848
cp_n: 8.607844224072052
cp_gamma_0: 3.333e-05
vp_s0: 93.655
vp_R: 3957.3
vp_d: 0.5651
vp_n: 7.3648
vp_eta: 721.59
