cp_tau_s: 821.8656058020953
cp_b: 0.66273745889037
cp_tau_0: 384.6792669397344
cp_n: 16.97254323546877
cp_gamma_0: 3.25e-05
