cp_lh_0: 285.60119710047076
cp_lh_1: 115.15179101795387
cp_tau_0: 17.55227459151693
cp_n: 10.28554349526697
cp_gamma_0: 3.333e-05
vp_s0: 93.655
vp_R: 3957.3
vp_d: 0.5651
vp_n: 7.3648
vp_eta: 721.59
