cp_lh_0: 76.73257214897085
cp_lh_1: 78.89154511062046
cp_tau_0: 116.43804254974297
cp_n: 15.149970740189524
cp_gamma_0: 3.333e-05
vp_s0: 93.655
vp_R: 3957.3
vp_d: 0.5651
vp_n: 7.3648
vp_eta: 721.59
