cp_tau_s: 353.00916005007747
cp_b: 4.050787566757002
cp_tau_0: 86.66815391158947
cp_n: 2.009544775641754
cp_gamma_0: 7.432151560716315e-05
