cp_lh_0: 305.1750633931772
cp_lh_1: 358.57982254158327
cp_tau_0: 98.62650748243873
cp_n: 7.3309706643057595
cp_gamma_0: 3.333e-05
vp_s0: 93.655
vp_R: 3957.3
vp_d: 0.5651
vp_n: 7.3648
vp_eta: 721.59
