cp_tau_s: 1611.5182524292031
cp_b: 16.6414075178816
cp_tau_0: 18.22876730005056
cp_n: 9.737573074082167
cp_gamma_0: 3.25e-05
