cp_tau_s: 440.6313378181196
cp_b: 0.48300976075922386
cp_tau_0: 371.59764657661725
cp_n: 6.794644113884066
cp_gamma_0: 3.25e-05
