cp_lh_0: 322.69886646486907
cp_lh_1: 406.5156937833656
cp_lh_2: 552.0017293313733
cp_lh_3: 824.9708480632454
cp_lh_4: 361.58745277571467
cp_lh_5: 483.00331036397836
cp_tau_0: 75.27061541192853
cp_n: 11.373954133554081
cp_gamma_0: 3.25e-05
