cp_tau_s: 623.687237788842
cp_b: 6.330777300456902
cp_tau_0: 314.2006418769487
cp_n: 6.5212094270595165
cp_gamma_0: 3.25e-05
