cp_lh_0: 365.39322986968136
cp_lh_1: 609.2353207684029
cp_lh_2: 527.9103486425466
cp_lh_3: 889.3562724087764
cp_lh_4: 329.0186752467656
cp_lh_5: 68.07437797476167
cp_tau_0: 255.54091361181563
cp_n: 6.775866043657321
cp_gamma_0: 3.25e-05
