cp_lh_0: 337.9822899925595
cp_lh_1: 262.97570800112493
cp_tau_0: 29.20405182497395
cp_n: 10.973362238956502
cp_gamma_0: 3.333e-05
vp_s0: 93.655
vp_R: 3957.3
vp_d: 0.5651
vp_n: 7.3648
vp_eta: 721.59
