cp_lh_0: 10.90556045096212
cp_lh_1: 132.16649831713966
cp_tau_0: 188.1749096757748
cp_n: 6.2126798674225885
cp_gamma_0: 3.333e-05
vp_s0: 93.655
vp_R: 3957.3
vp_d: 0.5651
vp_n: 7.3648
vp_eta: 721.59
