cp_lh_0: 154.37370626909853
cp_lh_1: 128.1964343808593
cp_lh_2: 227.27921771527866
cp_lh_3: 245.76109699535462
cp_lh_4: 25.376834596285512
cp_lh_5: 173.85388762022725
cp_tau_0: 17.68217170568621
cp_n: 7.826200891810501
cp_gamma_0: 3.333e-05
vp_s0: 93.655
vp_R: 3957.3
vp_d: 0.5651
vp_n: 7.3648
vp_eta: 721.59
