cp_lh_0: 323.8179955580801
cp_lh_1: 267.74150111878987
cp_lh_2: 363.1915086565085
cp_lh_3: 39.73624802154558
cp_lh_4: 22.35509582870734
cp_lh_5: 395.5701250124024
cp_tau_0: 110.65606740473797
cp_n: 3.9051364613504216
cp_gamma_0: 3.333e-05
vp_s0: 93.655
vp_R: 3957.3
vp_d: 0.5651
vp_n: 7.3648
vp_eta: 721.59
