cp_tau_s: 968.8007084451051
cp_b: 6.506658180268379
cp_tau_0: 89.52338285734594
cp_n: 14.918009492259786
cp_gamma_0: 1.2508303221615447e-05
