cp_lh_0: 143.23512873003224
cp_lh_1: 360.84520413015474
cp_lh_2: 396.8523747372323
cp_lh_3: 31.22667997404217
cp_lh_4: 356.32180799448
cp_lh_5: 98.8400750324124
cp_tau_0: 100.64412072916302
cp_n: 9.351418449880178
cp_gamma_0: 3.333e-05
vp_s0: 93.655
vp_R: 3957.3
vp_d: 0.5651
vp_n: 7.3648
vp_eta: 721.59
