cp_tau_s: 125.50138517759251
cp_b: 2.9946608333092675
cp_tau_0: 188.21621859264314
cp_n: 7.690255067981182
cp_gamma_0: 3.333e-05
vp_s0: 93.655
vp_R: 3957.3
vp_d: 0.5651
vp_n: 7.3648
vp_eta: 721.59
