cp_tau_s: 1882.845367749463
cp_b: 11.933382900154347
cp_tau_0: 324.7561495426089
cp_n: 13.052330007743667
cp_gamma_0: 3.25e-05
