cp_lh_0: 526.0690376128015
cp_lh_1: 118.32197353613358
cp_lh_2: 679.5782899392638
cp_lh_3: 472.4809264049947
cp_lh_4: 786.7320964860053
cp_lh_5: 907.8301388018864
cp_tau_0: 211.94226879193727
cp_n: 1.5065870901249918
cp_gamma_0: 3.25e-05
