cp_lh_0: 68.01528239286341
cp_lh_1: 115.20219238383164
cp_tau_0: 192.84031048684247
cp_n: 1.5071251204591314
cp_gamma_0: 3.333e-05
vp_s0: 93.655
vp_R: 3957.3
vp_d: 0.5651
vp_n: 7.3648
vp_eta: 721.59
