cp_tau_s: 93.03732679757002
cp_b: 1.132759319229645
cp_tau_0: 184.5956989640676
cp_n: 2.9919769513056274
cp_gamma_0: 3.25e-05
