cp_tau_s: 1660.9592782986704
cp_b: 5.092376138810538
cp_tau_0: 175.9770206067113
cp_n: 8.155823139803699
cp_gamma_0: 3.25e-05
