cp_tau_s: 828.6693419552151
cp_b: 0.28888383211696556
cp_tau_0: 444.2840084996917
cp_n: 9.89388849939958
cp_gamma_0: 3.25e-05
