cp_tau_s: 1366.1301200640996
cp_b: 0.5367580934797678
cp_tau_0: 280.52816404789746
cp_n: 9.787210799715442
cp_gamma_0: 3.333e-05
vp_s0: 93.655
vp_R: 3957.3
vp_d: 0.5651
vp_n: 7.3648
vp_eta: 721.59
