cp_tau_s: 3233.063401981409
cp_b: 8.725384931169042
cp_tau_0: 395.7303412211973
cp_n: 15.587712868713432
cp_gamma_0: 3.25e-05
