cp_lh_0: 383.57184631450696
cp_lh_1: 694.3729567637591
cp_lh_2: 775.4637018727683
cp_lh_3: 662.5693606507784
cp_lh_4: 436.34353928657913
cp_lh_5: 868.5765751227678
cp_tau_0: 255.53887254995217
cp_n: 1.2534230138301936
cp_gamma_0: 3.25e-05
