cp_lh_0: 217.3593997209572
cp_lh_1: 282.74624713220294
cp_tau_0: 72.04521025927079
cp_n: 14.15673618927269
cp_gamma_0: 3.333e-05
vp_s0: 93.655
vp_R: 3957.3
vp_d: 0.5651
vp_n: 7.3648
vp_eta: 721.59
