cp_tau_s: 3856.132714467851
cp_b: 9.876659249233642
cp_tau_0: 441.99546381574777
cp_n: 14.401113773477984
cp_gamma_0: 3.25e-05
