cp_lh_0: 962.0730440609279
cp_lh_1: 540.0722115871355
cp_lh_2: 342.78954646798775
cp_lh_3: 762.8413729514825
cp_lh_4: 506.24347877518903
cp_lh_5: 762.490739483291
cp_tau_0: 3.9274381523188158
cp_n: 2.859872969775651
cp_gamma_0: 3.25e-05
