cp_tau_s: 1245.5883953868533
cp_b: 5.769580343378109
cp_tau_0: 228.58723001768266
cp_n: 16.487720549165974
cp_gamma_0: 3.25e-05
