cp_tau_s: 749.7731954199077
cp_b: 3.9920930125681333
cp_tau_0: 167.0127996999723
cp_n: 12.223941715739699
cp_gamma_0: 8.754585447224773e-05
