cp_tau_s: 766.2781248238131
cp_b: 6.098234692984149
cp_tau_0: 74.10179499206235
cp_n: 7.42570976896704
cp_gamma_0: 3.047902654538034e-05
