cp_lh_0: 818.8252141401136
cp_lh_1: 758.0053447632006
cp_lh_2: 604.832690107231
cp_lh_3: 430.3139193743757
cp_lh_4: 22.488117076348978
cp_lh_5: 915.4033836977045
cp_tau_0: 310.95403335442154
cp_n: 3.2513143870197143
cp_gamma_0: 3.25e-05
