cp_tau_s: 710.435488028019
cp_b: 4.294465758798619
cp_tau_0: 449.3125136824213
cp_n: 15.154550596730367
cp_gamma_0: 3.25e-05
