cp_lh_0: 262.8624952933595
cp_lh_1: 294.5754087616163
cp_tau_0: 46.01191820966404
cp_n: 11.779708783026622
cp_gamma_0: 3.333e-05
vp_s0: 93.655
vp_R: 3957.3
vp_d: 0.5651
vp_n: 7.3648
vp_eta: 721.59
