cp_tau_s: 2449.791833191518
cp_b: 4.871769115943648
cp_tau_0: 462.77570478527525
cp_n: 12.048014054051635
cp_gamma_0: 3.25e-05
