cp_lh_0: 56.91448529073493
cp_lh_1: 85.38271904817375
cp_tau_0: 197.87101759664307
cp_n: 13.979053658902503
cp_gamma_0: 3.333e-05
vp_s0: 93.655
vp_R: 3957.3
vp_d: 0.5651
vp_n: 7.3648
vp_eta: 721.59
