cp_lh_0: 188.05514219822635
cp_lh_1: 356.1223434844468
cp_tau_0: 42.26124598900971
cp_n: 11.423689223635565
cp_gamma_0: 3.333e-05
vp_s0: 93.655
vp_R: 3957.3
vp_d: 0.5651
vp_n: 7.3648
vp_eta: 721.59
