cp_lh_0: 129.06654056519707
cp_lh_1: 105.26924372390047
cp_tau_0: 121.26058150486998
cp_n: 6.1386173667482415
cp_gamma_0: 3.333e-05
vp_s0: 93.655
vp_R: 3957.3
vp_d: 0.5651
vp_n: 7.3648
vp_eta: 721.59
