cp_tau_s: 2624.8930066090816
cp_b: 1.7116930311211087
cp_tau_0: 322.9763353647267
cp_n: 8.370653079528587
cp_gamma_0: 3.25e-05
