cp_tau_s: 0.01498
cp_b: 0.0014994
cp_tau_0: 8.5528
cp_n: 12.206
cp_gamma_0: 3.25e-05
