cp_lh_0: 632.0252229940804
cp_lh_1: 490.36350273234353
cp_tau_0: 313.0881086745643
cp_n: 13.043414118756887
cp_gamma_0: 8.395090548443547e-06
