cp_lh_0: 331.9970519332226
cp_lh_1: 82.1992675245051
cp_tau_0: 101.17502500860436
cp_n: 4.5390149826686
cp_gamma_0: 3.333e-05
vp_s0: 93.655
vp_R: 3957.3
vp_d: 0.5651
vp_n: 7.3648
vp_eta: 721.59
