cp_lh_0: 45.52503446667375
cp_lh_1: 13.90780114283964
cp_lh_2: 239.2279697991879
cp_lh_3: 49.70361078781942
cp_lh_4: 202.69389776184616
cp_lh_5: 154.47197632182915
cp_tau_0: 162.23263127891613
cp_n: 8.838027644560334
cp_gamma_0: 3.333e-05
vp_s0: 93.655
vp_R: 3957.3
vp_d: 0.5651
vp_n: 7.3648
vp_eta: 721.59
