cp_lh_0: 686.1862262641591
cp_lh_1: 758.1061904440753
cp_lh_2: 879.5514173682748
cp_lh_3: 603.4658264543782
cp_lh_4: 198.99119351864468
cp_lh_5: 835.8790251717778
cp_tau_0: 163.14816097604228
cp_n: 13.001553515880937
cp_gamma_0: 3.25e-05
