cp_tau_s: 1799.283759740797
cp_b: 4.672561319232838
cp_tau_0: 62.1873175758075
cp_n: 10.222525648598252
cp_gamma_0: 3.25e-05
