cp_tau_s: 1708.2213366472865
cp_b: 11.223643372870404
cp_tau_0: 191.94363489813037
cp_n: 3.26770356421543
cp_gamma_0: 3.25e-05
