cp_tau_s: 365.1254805226326
cp_b: 1.504131362803147
cp_tau_0: 228.99105621648712
cp_n: 5.34141651142003
cp_gamma_0: 3.25e-05
