cp_tau_s: 1654.6485562537455
cp_b: 4.563415374237399
cp_tau_0: 455.9170803080734
cp_n: 19.58921023023732
cp_gamma_0: 3.25e-05
