cp_lh_0: 148.3394944583389
cp_lh_1: 367.7981751457131
cp_tau_0: 61.54892184544879
cp_n: 14.338062871295804
cp_gamma_0: 3.333e-05
vp_s0: 93.655
vp_R: 3957.3
vp_d: 0.5651
vp_n: 7.3648
vp_eta: 721.59
