cp_tau_s: 1697.5477998115393
cp_b: 15.149973911037883
cp_tau_0: 112.52729139970276
cp_n: 18.34059138672896
cp_gamma_0: 3.25e-05
