cp_lh_0: 27.961372223141744
cp_lh_1: 325.7107227568528
cp_tau_0: 175.85798209150084
cp_n: 4.212854409087212
cp_gamma_0: 3.333e-05
vp_s0: 93.655
vp_R: 3957.3
vp_d: 0.5651
vp_n: 7.3648
vp_eta: 721.59
