cp_lh_0: 332.9432064757271
cp_lh_1: 66.1469922606475
cp_lh_2: 166.2796484107065
cp_lh_3: 224.22244923805152
cp_lh_4: 339.3327449667592
cp_lh_5: 45.95506994179506
cp_tau_0: 146.59387950104312
cp_n: 3.2821787899298664
cp_gamma_0: 3.333e-05
vp_s0: 93.655
vp_R: 3957.3
vp_d: 0.5651
vp_n: 7.3648
vp_eta: 721.59
