cp_tau_s: 875.5556765548415
cp_b: 1.533005270427985
cp_tau_0: 139.11283893638983
cp_n: 3.035245776086775
cp_gamma_0: 3.333e-05
vp_s0: 93.655
vp_R: 3957.3
vp_d: 0.5651
vp_n: 7.3648
vp_eta: 721.59
