cp_tau_s: 1642.1784225640329
cp_b: 7.548536485518587
cp_tau_0: 162.3898149787555
cp_n: 1.4339401437505488
cp_gamma_0: 3.25e-05
