cp_lh_0: 701.2545212156522
cp_lh_1: 560.8039402424364
cp_lh_2: 661.0766383888508
cp_lh_3: 176.57294169087066
cp_lh_4: 81.21973575153557
cp_lh_5: 280.7856377290158
cp_tau_0: 69.46748104714631
cp_n: 17.050540647899876
cp_gamma_0: 3.25e-05
