cp_tau_s: 1149.1274278227436
cp_b: 8.879106138525115
cp_tau_0: 475.25984809481935
cp_n: 16.818910402920185
cp_gamma_0: 3.25e-05
