cp_tau_s: 3326.600747963861
cp_b: 3.3244686815322106
cp_tau_0: 395.8734176374949
cp_n: 8.141746065441065
cp_gamma_0: 3.25e-05
