cp_tau_s: 1487.4296955848552
cp_b: 10.991628954596322
cp_tau_0: 14.574579453478943
cp_n: 9.736434139282434
cp_gamma_0: 3.25e-05
