cp_tau_s: 1433.276898463298
cp_b: 1.9822909044322854
cp_tau_0: 343.42503011988276
cp_n: 9.723531576459525
cp_gamma_0: 3.25e-05
