cp_lh_0: 217.47247155158536
cp_lh_1: 81.89134394822214
cp_tau_0: 86.16918224360356
cp_n: 5.192056377840473
cp_gamma_0: 3.333e-05
vp_s0: 93.655
vp_R: 3957.3
vp_d: 0.5651
vp_n: 7.3648
vp_eta: 721.59
