cp_tau_s: 1136.7637666767696
cp_b: 19.917780754220317
cp_tau_0: 130.779773160499
cp_n: 11.670246454754702
cp_gamma_0: 3.25e-05
