cp_lh_0: 375.7649479463776
cp_lh_1: 261.8792725108512
cp_lh_2: 369.8228793504818
cp_lh_3: 118.78380182881925
cp_lh_4: 96.50748617069821
cp_lh_5: 333.32819421107547
cp_tau_0: 24.817321339313082
cp_n: 4.400937009356786
cp_gamma_0: 3.333e-05
vp_s0: 93.655
vp_R: 3957.3
vp_d: 0.5651
vp_n: 7.3648
vp_eta: 721.59
