cp_tau_s: 1115.4234988921926
cp_b: 17.97366324782846
cp_tau_0: 371.22130267897165
cp_n: 12.495663743261165
cp_gamma_0: 3.25e-05
