cp_tau_s: 1881.4735112164915
cp_b: 12.925824296353163
cp_tau_0: 317.28313628295854
cp_n: 9.89188122417874
cp_gamma_0: 3.25e-05
