cp_tau_s: 505.72418195868573
cp_b: 17.875239743077024
cp_tau_0: 347.1847433107263
cp_n: 7.068416679076757
cp_gamma_0: 3.25e-05
