cp_tau_s: 1180.5112166788047
cp_b: 9.88889296489341
cp_tau_0: 495.59328976657366
cp_n: 9.905137309299574
cp_gamma_0: 3.25e-05
