cp_lh_0: 273.433934850945
cp_lh_1: 254.45653620539863
cp_tau_0: 193.86413106975883
cp_n: 1.9941085677461634
cp_gamma_0: 3.333e-05
vp_s0: 93.655
vp_R: 3957.3
vp_d: 0.5651
vp_n: 7.3648
vp_eta: 721.59
