cp_lh_0: 199.94134040615984
cp_lh_1: 332.9786738204848
cp_tau_0: 37.13109006407365
cp_n: 14.349466782465303
cp_gamma_0: 3.333e-05
vp_s0: 93.655
vp_R: 3957.3
vp_d: 0.5651
vp_n: 7.3648
vp_eta: 721.59
