cp_tau_s: 319.53809646449287
cp_b: 4.668356563509074
cp_tau_0: 102.19164965030966
cp_n: 15.074912476084009
cp_gamma_0: 3.25e-05
