cp_lh_0: 350.972655928173
cp_lh_1: 18.020124087658996
cp_tau_0: 154.0575539465653
cp_n: 13.44001805581732
cp_gamma_0: 3.333e-05
vp_s0: 93.655
vp_R: 3957.3
vp_d: 0.5651
vp_n: 7.3648
vp_eta: 721.59
