cp_lh_0: 109.03288643146223
cp_lh_1: 217.90869172385433
cp_lh_2: 28.668857169081836
cp_lh_3: 180.18581200970672
cp_lh_4: 160.52380768085874
cp_lh_5: 353.5030789218859
cp_tau_0: 54.48126661570895
cp_n: 12.631835792186699
cp_gamma_0: 3.333e-05
vp_s0: 93.655
vp_R: 3957.3
vp_d: 0.5651
vp_n: 7.3648
vp_eta: 721.59
