cp_tau_s: 3160.8534053431654
cp_b: 9.382945122115464
cp_tau_0: 329.5150386834643
cp_n: 4.746449072812677
cp_gamma_0: 3.25e-05
