cp_lh_0: 100.8723647586087
cp_lh_1: 123.16154967922613
cp_lh_2: 220.08140362778894
cp_lh_3: 68.34862669267264
cp_lh_4: 221.75409396852007
cp_lh_5: 420.4514426745109
cp_tau_0: 275.68477663546025
cp_n: 17.6296704464114
cp_gamma_0: 3.25e-05
