cp_tau_s: 1327.6979572259818
cp_b: 11.729017202020081
cp_tau_0: 275.3649660331526
cp_n: 9.04678100178123
cp_gamma_0: 3.25e-05
