cp_lh_0: 229.09485314655043
cp_lh_1: 182.86290300514284
cp_lh_2: 69.81201701769271
cp_lh_3: 190.06421757844961
cp_lh_4: 313.5740923470046
cp_lh_5: 310.10399374486957
cp_tau_0: 30.808527513354132
cp_n: 3.480497972142417
cp_gamma_0: 3.333e-05
vp_s0: 93.655
vp_R: 3957.3
vp_d: 0.5651
vp_n: 7.3648
vp_eta: 721.59
