cp_lh_0: 68.55720741803073
cp_lh_1: 350.0476738048425
cp_tau_0: 147.51134205184272
cp_n: 11.281250211858792
cp_gamma_0: 3.333e-05
vp_s0: 93.655
vp_R: 3957.3
vp_d: 0.5651
vp_n: 7.3648
vp_eta: 721.59
