cp_tau_s: 335.5126009618809
cp_b: 4.887991044783907
cp_tau_0: 289.14449611995263
cp_n: 7.744680473935864
cp_gamma_0: 3.25e-05
