cp_tau_s: 1381.4131185760382
cp_b: 8.543160924658027
cp_tau_0: 342.60596184568
cp_n: 14.21113276755559
cp_gamma_0: 3.25e-05
