cp_tau_s: 1801.8221676347312
cp_b: 13.898201866024662
cp_tau_0: 431.90510208889145
cp_n: 16.703059172716422
cp_gamma_0: 3.25e-05
