cp_tau_s: 1455.0785648671758
cp_b: 6.303747492479528
cp_tau_0: 395.1836052459358
cp_n: 10.673474048910348
cp_gamma_0: 3.25e-05
