cp_tau_s: 284.7315699806649
cp_b: 6.992070270620523
cp_tau_0: 398.1782271628559
cp_n: 2.542872657021287
cp_gamma_0: 2.7818094422441895e-05
