cp_lh_0: 25.901949607318585
cp_lh_1: 204.49245219942983
cp_lh_2: 777.1239479107438
cp_lh_3: 268.2111049519363
cp_lh_4: 765.0228859180978
cp_lh_5: 212.24157697435174
cp_tau_0: 27.020694803598833
cp_n: 15.385248619057755
cp_gamma_0: 3.25e-05
