cp_tau_s: 1549.1461567237911
cp_b: 7.2206011604628735
cp_tau_0: 194.66458798404685
cp_n: 1.1373714961067707
cp_gamma_0: 8.937050210877782e-05
