cp_lh_0: 169.50173206442435
cp_lh_1: 389.3065019004245
cp_tau_0: 57.1422438226091
cp_n: 9.471218506508068
cp_gamma_0: 3.333e-05
vp_s0: 93.655
vp_R: 3957.3
vp_d: 0.5651
vp_n: 7.3648
vp_eta: 721.59
