cp_lh_0: 928.7874189944675
cp_lh_1: 403.90941559253923
cp_lh_2: 394.8278435628041
cp_lh_3: 926.0561221184469
cp_lh_4: 157.9088279397279
cp_lh_5: 573.1888215292877
cp_tau_0: 98.24406929913287
cp_n: 4.336984612821533
cp_gamma_0: 3.25e-05
