cp_lh_0: 92.82761188322598
cp_lh_1: 122.4192388686632
cp_lh_2: 244.72628517040732
cp_lh_3: 271.3003004305849
cp_lh_4: 348.73647647234
cp_lh_5: 215.81925125587387
cp_tau_0: 136.69559531396763
cp_n: 14.43735546709032
cp_gamma_0: 3.333e-05
vp_s0: 93.655
vp_R: 3957.3
vp_d: 0.5651
vp_n: 7.3648
vp_eta: 721.59
