cp_lh_0: 31.527039775498487
cp_lh_1: 2.985607407699458
cp_tau_0: 98.05416750845707
cp_n: 12.401072703051607
cp_gamma_0: 3.333e-05
vp_s0: 93.655
vp_R: 3957.3
vp_d: 0.5651
vp_n: 7.3648
vp_eta: 721.59
