cp_lh_0: 246.77873124091025
cp_lh_1: 276.13087139837853
cp_lh_2: 98.3147411689892
cp_lh_3: 338.4999261655587
cp_lh_4: 326.6476987138701
cp_lh_5: 182.17573689517664
cp_tau_0: 16.58328416150934
cp_n: 9.166690551133646
cp_gamma_0: 3.333e-05
vp_s0: 93.655
vp_R: 3957.3
vp_d: 0.5651
vp_n: 7.3648
vp_eta: 721.59
