cp_lh_0: 90.58310617079269
cp_lh_1: 63.29847753813811
cp_tau_0: 25.206257282409478
cp_n: 2.3706032936457806
cp_gamma_0: 3.333e-05
vp_s0: 93.655
vp_R: 3957.3
vp_d: 0.5651
vp_n: 7.3648
vp_eta: 721.59
