cp_tau_s: 647.0615969344877
cp_b: 10.134083714735183
cp_tau_0: 53.84334136596404
cp_n: 17.99329194170756
cp_gamma_0: 3.25e-05
