cp_tau_s: 412.8766163165218
cp_b: 0.23741754226342837
cp_tau_0: 407.76308198324756
cp_n: 3.2527703430115804
cp_gamma_0: 3.25e-05
