cp_tau_s: 129.11570825789923
cp_b: 8.777484739832456
cp_tau_0: 405.83887325956084
cp_n: 14.103201724327496
cp_gamma_0: 3.25e-05
