cp_lh_0: 303.8060903611732
cp_lh_1: 140.51270469807196
cp_lh_2: 189.66499132892224
cp_lh_3: 327.2584007558494
cp_lh_4: 184.49929685586895
cp_lh_5: 185.0312241893209
cp_tau_0: 9.712272450104582
cp_n: 2.4279219685361504
cp_gamma_0: 3.333e-05
vp_s0: 93.655
vp_R: 3957.3
vp_d: 0.5651
vp_n: 7.3648
vp_eta: 721.59
