cp_lh_0: 243.30834412858252
cp_lh_1: 165.24254267646506
cp_lh_2: 387.0749030861426
cp_lh_3: 384.30448561680424
cp_lh_4: 54.27630058021753
cp_lh_5: 32.83801968199988
cp_tau_0: 107.42244973071232
cp_n: 10.453719295138935
cp_gamma_0: 3.333e-05
vp_s0: 93.655
vp_R: 3957.3
vp_d: 0.5651
vp_n: 7.3648
vp_eta: 721.59
