cp_tau_s: 527.9772878389109
cp_b: 15.561706914971499
cp_tau_0: 34.0240004357223
cp_n: 6.641095073442965
cp_gamma_0: 3.25e-05
