cp_tau_s: 867.4772641111799
cp_b: 5.021920203141245
cp_tau_0: 133.3469110482346
cp_n: 8.209675856924367
cp_gamma_0: 3.25e-05
