cp_tau_s: 593.4158156416241
cp_b: 2.4362677314370886
cp_tau_0: 46.24819954432035
cp_n: 3.643060897477932
cp_gamma_0: 1.0065728785764241e-07
