cp_tau_s: 1605.2938170719815
cp_b: 16.871105125456054
cp_tau_0: 467.58367737179543
cp_n: 6.25298217377057
cp_gamma_0: 3.25e-05
