cp_tau_s: 409.6380391937286
cp_b: 6.176147871766215
cp_tau_0: 186.7068654672805
cp_n: 8.605944187038567
cp_gamma_0: 8.576558868969918e-05
