cp_lh_0: 61.20733790766278
cp_lh_1: 32.05911047106271
cp_lh_2: 141.42007067305198
cp_lh_3: 41.251470676573724
cp_lh_4: 296.54138755181197
cp_lh_5: 94.38489367896214
cp_tau_0: 83.12172950314721
cp_n: 9.24148123166848
cp_gamma_0: 3.333e-05
vp_s0: 93.655
vp_R: 3957.3
vp_d: 0.5651
vp_n: 7.3648
vp_eta: 721.59
