cp_tau_s: 873.5542733722381
cp_b: 5.361481138140865
cp_tau_0: 0.5987326484238692
cp_n: 9.66977551625832
cp_gamma_0: 6.555381806710325e-06
