cp_lh_0: 210.56587606437262
cp_lh_1: 25.56359801113095
cp_lh_2: 42.12210757465755
cp_lh_3: 355.8525581455229
cp_lh_4: 103.25125046170184
cp_lh_5: 75.43123829459876
cp_tau_0: 38.40392580011877
cp_n: 10.276120760786194
cp_gamma_0: 3.333e-05
vp_s0: 93.655
vp_R: 3957.3
vp_d: 0.5651
vp_n: 7.3648
vp_eta: 721.59
