cp_tau_s: 904.7903635873428
cp_b: 8.370803925358537
cp_tau_0: 47.95663240962555
cp_n: 12.83812851824767
cp_gamma_0: 3.25e-05
