cp_tau_s: 355.4385840610296
cp_b: 10.43840957385247
cp_tau_0: 31.937846607882904
cp_n: 9.318868074147677
cp_gamma_0: 3.25e-05
