cp_lh_0: 209.28772774287177
cp_lh_1: 990.0314053466585
cp_tau_0: 222.2998460414827
cp_n: 17.09275613809404
cp_gamma_0: 3.25e-05
