cp_lh_0: 259.53069390918927
cp_lh_1: 593.2398056833073
cp_tau_0: 461.37097394769194
cp_n: 3.284505430444316
cp_gamma_0: 3.25e-05
