cp_lh_0: 164.19733165946872
cp_lh_1: 37.7167887968647
cp_lh_2: 382.2244313874846
cp_lh_3: 369.73900867201564
cp_lh_4: 232.67644769232757
cp_lh_5: 203.46918959937992
cp_tau_0: 71.64056256395622
cp_n: 5.589359081175989
cp_gamma_0: 3.333e-05
vp_s0: 93.655
vp_R: 3957.3
vp_d: 0.5651
vp_n: 7.3648
vp_eta: 721.59
