cp_lh_0: 386.9129694484092
cp_lh_1: 52.60534274545472
cp_lh_2: 46.67272974300106
cp_lh_3: 111.95838417488034
cp_lh_4: 377.5313670193107
cp_lh_5: 230.2624871112651
cp_tau_0: 124.98030787374145
cp_n: 6.892968707244989
cp_gamma_0: 3.333e-05
vp_s0: 93.655
vp_R: 3957.3
vp_d: 0.5651
vp_n: 7.3648
vp_eta: 721.59
