cp_lh_0: 132.3570900362599
cp_lh_1: 162.35340306845606
cp_lh_2: 316.1861138180581
cp_lh_3: 101.85473660489465
cp_lh_4: 40.546048525735394
cp_lh_5: 326.5267344854377
cp_tau_0: 95.66506895634002
cp_n: 6.6566292191658
cp_gamma_0: 3.333e-05
vp_s0: 93.655
vp_R: 3957.3
vp_d: 0.5651
vp_n: 7.3648
vp_eta: 721.59
