cp_lh_0: 72.90084173870808
cp_lh_1: 230.91554320602583
cp_tau_0: 151.0671218995612
cp_n: 7.928794832507381
cp_gamma_0: 3.333e-05
vp_s0: 93.655
vp_R: 3957.3
vp_d: 0.5651
vp_n: 7.3648
vp_eta: 721.59
