cp_lh_0: 147.13867314904286
cp_lh_1: 166.1075398623952
cp_lh_2: 76.29080399901463
cp_lh_3: 253.79847071437283
cp_lh_4: 116.05342250045095
cp_lh_5: 299.2495553570229
cp_tau_0: 131.00263075622644
cp_n: 12.999627981283874
cp_gamma_0: 3.333e-05
vp_s0: 93.655
vp_R: 3957.3
vp_d: 0.5651
vp_n: 7.3648
vp_eta: 721.59
