cp_tau_s: 19.284055075582312
cp_b: 4.444013309710968
cp_tau_0: 242.51436830507294
cp_n: 5.723553301317682
cp_gamma_0: 3.25e-05
