cp_lh_0: 55.54710567188229
cp_lh_1: 122.87163262098386
cp_tau_0: 113.99181303449404
cp_n: 12.981362240320843
cp_gamma_0: 3.333e-05
vp_s0: 93.655
vp_R: 3957.3
vp_d: 0.5651
vp_n: 7.3648
vp_eta: 721.59
