cp_lh_0: 794.2663332292229
cp_lh_1: 382.5767131488185
cp_tau_0: 376.2800994235498
cp_n: 6.318822347465406
cp_gamma_0: 4.393465257605407e-05
