cp_lh_0: 276.25404476445595
cp_lh_1: 186.40473596673147
cp_tau_0: 116.56200598772297
cp_n: 2.445327168866002
cp_gamma_0: 3.333e-05
vp_s0: 93.655
vp_R: 3957.3
vp_d: 0.5651
vp_n: 7.3648
vp_eta: 721.59
