cp_tau_s: 1553.996290988282
cp_b: 9.290785608827562
cp_tau_0: 219.60770252628512
cp_n: 2.122279776611265
cp_gamma_0: 3.25e-05
