cp_lh_0: 218.60404623824016
cp_lh_1: 461.2928697628559
cp_lh_2: 514.5219064899817
cp_lh_3: 795.1462706227431
cp_lh_4: 329.2295376360348
cp_lh_5: 57.22894901512772
cp_tau_0: 195.3291272772048
cp_n: 15.419148291889524
cp_gamma_0: 3.25e-05
