cp_lh_0: 57.43672203896599
cp_lh_1: 253.04871712362737
cp_lh_2: 299.57462474154624
cp_lh_3: 249.38927805833862
cp_lh_4: 13.884815251536404
cp_lh_5: 540.6680719463162
cp_tau_0: 320.3281464304903
cp_n: 18.000974441573067
cp_gamma_0: 3.25e-05
