cp_lh_0: 17.680442724522234
cp_lh_1: 3.080746877884401
cp_lh_2: 345.2207395534189
cp_lh_3: 61.126457451343384
cp_lh_4: 128.50454706352053
cp_lh_5: 132.5806324732151
cp_tau_0: 158.4781065477491
cp_n: 15.772220421264239
cp_gamma_0: 3.333e-05
vp_s0: 93.655
vp_R: 3957.3
vp_d: 0.5651
vp_n: 7.3648
vp_eta: 721.59
