cp_tau_s: 1388.5271645413382
cp_b: 17.490107887682043
cp_tau_0: 198.3292325433419
cp_n: 12.612370241450733
cp_gamma_0: 3.25e-05
