cp_lh_0: 188.7664716989677
cp_lh_1: 134.55709556356567
cp_tau_0: 20.620679607347803
cp_n: 13.58393033657759
cp_gamma_0: 3.333e-05
vp_s0: 93.655
vp_R: 3957.3
vp_d: 0.5651
vp_n: 7.3648
vp_eta: 721.59
