cp_lh_0: 365.60475234066365
cp_lh_1: 210.6368689339248
cp_lh_2: 308.0302333787126
cp_lh_3: 86.11758900810256
cp_lh_4: 278.93841360953155
cp_lh_5: 391.30211935572373
cp_tau_0: 101.81164524705699
cp_n: 6.212113518270748
cp_gamma_0: 3.333e-05
vp_s0: 93.655
vp_R: 3957.3
vp_d: 0.5651
vp_n: 7.3648
vp_eta: 721.59
