cp_lh_0: 116.53970642180715
cp_lh_1: 100.73681941325829
cp_lh_2: 137.96404844027427
cp_lh_3: 46.67924432025926
cp_lh_4: 392.22829645322776
cp_lh_5: 23.358537321667214
cp_tau_0: 131.71916477679625
cp_n: 4.03496690517973
cp_gamma_0: 3.333e-05
vp_s0: 93.655
vp_R: 3957.3
vp_d: 0.5651
vp_n: 7.3648
vp_eta: 721.59
