cp_lh_0: 120.49053941733163
cp_lh_1: 128.51492335268898
cp_tau_0: 15.192885118143936
cp_n: 7.842344518368503
cp_gamma_0: 3.333e-05
vp_s0: 93.655
vp_R: 3957.3
vp_d: 0.5651
vp_n: 7.3648
vp_eta: 721.59
