cp_lh_0: 42.03578381974981
cp_lh_1: 309.7280131928546
cp_tau_0: 355.60513221594954
cp_n: 4.077761956606186
cp_gamma_0: 2.00776057235707e-05
