cp_lh_0: 388.3771012173775
cp_lh_1: 3.7713391327837575
cp_lh_2: 217.7145792524892
cp_lh_3: 148.56076318197992
cp_lh_4: 329.82877184405004
cp_lh_5: 278.37456343382814
cp_tau_0: 118.24589366955689
cp_n: 15.188817791743956
cp_gamma_0: 3.333e-05
vp_s0: 93.655
vp_R: 3957.3
vp_d: 0.5651
vp_n: 7.3648
vp_eta: 721.59
