cp_tau_s: 668.493701567108
cp_b: 7.683227286468702
cp_tau_0: 372.1257353927924
cp_n: 6.010178347871213
cp_gamma_0: 3.25e-05
