cp_tau_s: 1213.0
cp_b: 0.57158
cp_tau_0: 0.00021989
cp_n: 1.7508
cp_gamma_0: 3.25e-05
