cp_lh_0: 72.43643039343547
cp_lh_1: 286.97361460407393
cp_tau_0: 135.86384491100105
cp_n: 7.61293887504995
cp_gamma_0: 3.333e-05
vp_s0: 93.655
vp_R: 3957.3
vp_d: 0.5651
vp_n: 7.3648
vp_eta: 721.59
