cp_tau_s: 747.9913659224327
cp_b: 19.38163244560735
cp_tau_0: 496.90482537914215
cp_n: 4.550828860683508
cp_gamma_0: 3.25e-05
