cp_tau_s: 221.96186181559912
cp_b: 2.2394726867186936
cp_tau_0: 263.57226750129604
cp_n: 19.6023203840313
cp_gamma_0: 3.25e-05
