cp_tau_s: 3836.1
cp_b: 0.019553
cp_tau_0: 0.98599
cp_n: 19.649
cp_gamma_0: 3.25e-05
