cp_lh_0: 20.07672242197849
cp_lh_1: 55.77404498144873
cp_tau_0: 61.43627775064827
cp_n: 8.752334063871373
cp_gamma_0: 3.333e-05
vp_s0: 93.655
vp_R: 3957.3
vp_d: 0.5651
vp_n: 7.3648
vp_eta: 721.59
