cp_tau_s: 1256.7953458718503
cp_b: 5.410481520540048
cp_tau_0: 215.02460592344974
cp_n: 17.780177945397764
cp_gamma_0: 3.25e-05
