cp_lh_0: 511.95585675916834
cp_lh_1: 875.9205694951235
cp_lh_2: 832.5943683963266
cp_lh_3: 483.5847849514827
cp_lh_4: 485.90587516239196
cp_lh_5: 5.162367152945178
cp_tau_0: 234.74017134564056
cp_n: 18.590289284734094
cp_gamma_0: 3.25e-05
