cp_tau_s: 1540.6931211147555
cp_b: 1.1768621645249069
cp_tau_0: 283.53702692892875
cp_n: 12.965512791723512
cp_gamma_0: 3.25e-05
