cp_lh_0: 580.1316700339181
cp_lh_1: 350.3104611694565
cp_tau_0: 180.84336302050372
cp_n: 3.5000856219518024
cp_gamma_0: 3.25e-05
