cp_tau_s: 1393.9599620442941
cp_b: 15.564009615550333
cp_tau_0: 41.91070923623193
cp_n: 9.72863533420012
cp_gamma_0: 3.25e-05
