cp_lh_0: 329.9771426016399
cp_lh_1: 128.34230081634658
cp_tau_0: 4.231542652520933
cp_n: 13.50812442451554
cp_gamma_0: 3.333e-05
vp_s0: 93.655
vp_R: 3957.3
vp_d: 0.5651
vp_n: 7.3648
vp_eta: 721.59
