cp_tau_s: 948.0298568641758
cp_b: 0.6274959923170352
cp_tau_0: 399.55761134682626
cp_n: 9.048580126297246
cp_gamma_0: 3.333e-05
vp_s0: 93.655
vp_R: 3957.3
vp_d: 0.5651
vp_n: 7.3648
vp_eta: 721.59
