cp_tau_s: 562.9782026204934
cp_b: 9.66385334073216
cp_tau_0: 468.47949599837216
cp_n: 13.50759445378708
cp_gamma_0: 3.25e-05
