cp_lh_0: 162.92061784388247
cp_lh_1: 76.28920326392706
cp_tau_0: 97.9905274616016
cp_n: 6.513493459353813
cp_gamma_0: 3.333e-05
vp_s0: 93.655
vp_R: 3957.3
vp_d: 0.5651
vp_n: 7.3648
vp_eta: 721.59
