cp_tau_s: 1304.1
cp_b: 0.066794
cp_tau_0: 0.85662
cp_n: 8.2
cp_gamma_0: 3.25e-05
