cp_lh_0: 211.62375072189366
cp_lh_1: 58.71991721131662
cp_tau_0: 51.497368564422516
cp_n: 11.41796420435622
cp_gamma_0: 3.333e-05
vp_s0: 93.655
vp_R: 3957.3
vp_d: 0.5651
vp_n: 7.3648
vp_eta: 721.59
