cp_lh_0: 1.1518946072076393
cp_lh_1: 228.79798470842593
cp_tau_0: 167.96257303686383
cp_n: 10.124562193174633
cp_gamma_0: 3.333e-05
vp_s0: 93.655
vp_R: 3957.3
vp_d: 0.5651
vp_n: 7.3648
vp_eta: 721.59
