cp_lh_0: 100.73352593198584
cp_lh_1: 607.597075968652
cp_tau_0: 311.8789165256693
cp_n: 5.217898310634789
cp_gamma_0: 7.786326176487278e-05
