cp_lh_0: 286.5421028227961
cp_lh_1: 126.93655952231097
cp_lh_2: 174.97477646093876
cp_lh_3: 166.28825924006475
cp_lh_4: 492.3726684866615
cp_lh_5: 103.08397394209837
cp_tau_0: 411.1382374461855
cp_n: 17.477957845217908
cp_gamma_0: 3.25e-05
