cp_tau_s: 1664.830311988013
cp_b: 1.093557995600406
cp_tau_0: 188.0287392048762
cp_n: 17.463925938765094
cp_gamma_0: 3.25e-05
