cp_lh_0: 292.35946578952405
cp_lh_1: 266.7643458551607
cp_lh_2: 670.3948128592413
cp_lh_3: 984.4535610724524
cp_lh_4: 144.16577402230297
cp_lh_5: 245.0184828719086
cp_tau_0: 471.4679012475143
cp_n: 8.324884559688098
cp_gamma_0: 3.25e-05
