cp_lh_0: 648.3950642230607
cp_lh_1: 907.8620662619651
cp_tau_0: 54.14191498517738
cp_n: 5.9765043108241835
cp_gamma_0: 3.25e-05
