cp_lh_0: 132.9964331013964
cp_lh_1: 278.02784685001734
cp_lh_2: 124.37771704356939
cp_lh_3: 502.6811203772795
cp_lh_4: 550.2756357829431
cp_lh_5: 192.48026673198052
cp_tau_0: 488.594014892343
cp_n: 12.238586017637589
cp_gamma_0: 3.25e-05
