cp_lh_0: 383.60221527347244
cp_lh_1: 139.58267005298927
cp_tau_0: 68.9153487553701
cp_n: 11.95877017628766
cp_gamma_0: 3.333e-05
vp_s0: 93.655
vp_R: 3957.3
vp_d: 0.5651
vp_n: 7.3648
vp_eta: 721.59
