cp_lh_0: 166.54616977566573
cp_lh_1: 238.60187074379223
cp_lh_2: 150.34533414967436
cp_lh_3: 234.51438210278383
cp_lh_4: 368.11139302405905
cp_lh_5: 126.94272797599338
cp_tau_0: 165.12637299799053
cp_n: 10.724752974539975
cp_gamma_0: 3.333e-05
vp_s0: 93.655
vp_R: 3957.3
vp_d: 0.5651
vp_n: 7.3648
vp_eta: 721.59
