cp_lh_0: 357.581394244699
cp_lh_1: 194.7631392916533
cp_lh_2: 33.22800208403957
cp_lh_3: 17.309645164564536
cp_lh_4: 235.6330057325627
cp_lh_5: 151.92886337445572
cp_tau_0: 55.805170107037284
cp_n: 2.832496824357522
cp_gamma_0: 3.333e-05
vp_s0: 93.655
vp_R: 3957.3
vp_d: 0.5651
vp_n: 7.3648
vp_eta: 721.59
