cp_tau_s: 1280.5874431230845
cp_b: 0.17708386912655805
cp_tau_0: 902.5596649941713
cp_n: 9.169816119229111
cp_gamma_0: 3.25e-05
