cp_lh_0: 340.79338323731133
cp_lh_1: 262.9013297023286
cp_tau_0: 150.0832274777235
cp_n: 3.0467219241702876
cp_gamma_0: 3.333e-05
vp_s0: 93.655
vp_R: 3957.3
vp_d: 0.5651
vp_n: 7.3648
vp_eta: 721.59
