cp_tau_s: 1550.9486068921356
cp_b: 7.116701132370703
cp_tau_0: 331.1231219592809
cp_n: 4.726223378742655
cp_gamma_0: 3.333e-05
vp_s0: 93.655
vp_R: 3957.3
vp_d: 0.5651
vp_n: 7.3648
vp_eta: 721.59
