cp_lh_0: 271.53323714947385
cp_lh_1: 413.42046413959406
cp_tau_0: 254.62248483982418
cp_n: 13.534259186823972
cp_gamma_0: 4.858020936168269e-05
