cp_tau_s: 391.78608781745
cp_b: 3.8737795272669473
cp_tau_0: 2.3800991584584215
cp_n: 10.48464969579587
cp_gamma_0: 3.25e-05
