cp_tau_s: 1826.1389459998122
cp_b: 18.548164939137944
cp_tau_0: 424.10481965996183
cp_n: 14.510082497461175
cp_gamma_0: 3.25e-05
