cp_tau_s: 72.78240648848939
cp_b: 18.0769497331536
cp_tau_0: 188.27082054708828
cp_n: 14.755723827180937
cp_gamma_0: 3.25e-05
