cp_lh_0: 263.72709781788336
cp_lh_1: 296.8924941896535
cp_tau_0: 134.42465040056604
cp_n: 15.568075138290858
cp_gamma_0: 3.333e-05
vp_s0: 93.655
vp_R: 3957.3
vp_d: 0.5651
vp_n: 7.3648
vp_eta: 721.59
