cp_tau_s: 1371.4763807328463
cp_b: 5.54293109041717
cp_tau_0: 298.27646332454293
cp_n: 1.9767883050063573
cp_gamma_0: 3.112040167566036e-05
