cp_lh_0: 969.606662513371
cp_lh_1: 705.9430718140263
cp_lh_2: 414.23629097971553
cp_lh_3: 373.68538960300543
cp_lh_4: 988.3888161920733
cp_lh_5: 359.4161288299879
cp_tau_0: 282.78375227099417
cp_n: 19.259574879860402
cp_gamma_0: 3.25e-05
