cp_tau_s: 174.04046539622584
cp_b: 4.543114118511714
cp_tau_0: 306.75408387026243
cp_n: 14.340566699258757
cp_gamma_0: 9.204831563176791e-05
