cp_tau_s: 138.62053821631676
cp_b: 6.527596097872798
cp_tau_0: 17.58763384455272
cp_n: 7.735937578701026
cp_gamma_0: 8.710585573293577e-05
