cp_tau_s: 3743.0478876113866
cp_b: 5.384955921255776
cp_tau_0: 199.13482531187637
cp_n: 16.319884826054395
cp_gamma_0: 3.25e-05
