cp_tau_s: 340.5456152238801
cp_b: 19.071457263470435
cp_tau_0: 99.41280756360281
cp_n: 3.6188944982416995
cp_gamma_0: 3.25e-05
