cp_lh_0: 792.0421341328183
cp_lh_1: 839.2736693443345
cp_lh_2: 76.57208729679287
cp_lh_3: 90.23922477392581
cp_lh_4: 175.02886189990423
cp_lh_5: 933.1981276824486
cp_tau_0: 381.83822010274713
cp_n: 14.08722158768857
cp_gamma_0: 3.25e-05
