cp_tau_s: 2317.2092200807083
cp_b: 2.4953845304278284
cp_tau_0: 281.4576220306463
cp_n: 18.726666725885053
cp_gamma_0: 3.25e-05
