cp_tau_s: 456.5005329351082
cp_b: 5.337363235493777
cp_tau_0: 251.55691824653985
cp_n: 16.01469958123311
cp_gamma_0: 3.25e-05
