cp_tau_s: 564.9732357182811
cp_b: 0.816024885534129
cp_tau_0: 77.53630131123205
cp_n: 4.847294037458518
cp_gamma_0: 3.333e-05
vp_s0: 93.655
vp_R: 3957.3
vp_d: 0.5651
vp_n: 7.3648
vp_eta: 721.59
