cp_tau_s: 761.1971018405033
cp_b: 11.344906417969709
cp_tau_0: 272.25422764538337
cp_n: 7.443091870618998
cp_gamma_0: 3.25e-05
