cp_lh_0: 371.70906151715155
cp_lh_1: 579.0547751782361
cp_tau_0: 397.2496107320795
cp_n: 14.356874952941498
cp_gamma_0: 8.760173720168664e-05
