cp_tau_s: 3974.1072314406097
cp_b: 0.6487169822517952
cp_tau_0: 51.08655622056316
cp_n: 1.1053529257916934
cp_gamma_0: 3.25e-05
