cp_tau_s: 1510.4854750312893
cp_b: 6.655682128103292
cp_tau_0: 356.5511210399201
cp_n: 9.848936319824801
cp_gamma_0: 3.333e-05
vp_s0: 93.655
vp_R: 3957.3
vp_d: 0.5651
vp_n: 7.3648
vp_eta: 721.59
