cp_tau_s: 867.032306825343
cp_b: 1.9143227357972852
cp_tau_0: 246.07518950645473
cp_n: 11.986885395925581
cp_gamma_0: 3.25e-05
