cp_lh_0: 180.15781746823197
cp_lh_1: 116.57695003574761
cp_tau_0: 71.96703933350459
cp_n: 3.511052276475194
cp_gamma_0: 3.333e-05
vp_s0: 93.655
vp_R: 3957.3
vp_d: 0.5651
vp_n: 7.3648
vp_eta: 721.59
