cp_lh_0: 268.22868962560915
cp_lh_1: 319.17941243929533
cp_lh_2: 62.75363107745516
cp_lh_3: 176.96881769334442
cp_lh_4: 162.5505869247718
cp_lh_5: 111.0079470829311
cp_tau_0: 155.7619292284968
cp_n: 1.6871773518278106
cp_gamma_0: 3.333e-05
vp_s0: 93.655
vp_R: 3957.3
vp_d: 0.5651
vp_n: 7.3648
vp_eta: 721.59
