cp_tau_s: 501.21765690220934
cp_b: 11.535879667426002
cp_tau_0: 462.8685095900133
cp_n: 15.015273856134195
cp_gamma_0: 3.25e-05
