cp_lh_0: 23.73427843223692
cp_lh_1: 106.2359312517105
cp_tau_0: 159.84112039611023
cp_n: 3.8637778329430623
cp_gamma_0: 3.333e-05
vp_s0: 93.655
vp_R: 3957.3
vp_d: 0.5651
vp_n: 7.3648
vp_eta: 721.59
