cp_lh_0: 14.074403777721844
cp_lh_1: 347.1695842374012
cp_tau_0: 90.96090692938789
cp_n: 14.690523545436942
cp_gamma_0: 3.333e-05
vp_s0: 93.655
vp_R: 3957.3
vp_d: 0.5651
vp_n: 7.3648
vp_eta: 721.59
