cp_lh_0: 588.893713339647
cp_lh_1: 346.7046960399148
cp_tau_0: 151.28022325936809
cp_n: 2.999574429022488
cp_gamma_0: 5.732397208182313e-05
