cp_lh_0: 310.32726479956864
cp_lh_1: 207.85673505667063
cp_tau_0: 110.85243266946236
cp_n: 7.3585390735198875
cp_gamma_0: 3.333e-05
vp_s0: 93.655
vp_R: 3957.3
vp_d: 0.5651
vp_n: 7.3648
vp_eta: 721.59
