cp_tau_s: 1074.1441829484907
cp_b: 4.9516511273665005
cp_tau_0: 143.97713210948538
cp_n: 8.830744991723508
cp_gamma_0: 9.777400760219165e-05
