cp_tau_s: 280.32874180301303
cp_b: 7.837318716556325
cp_tau_0: 363.3302587294527
cp_n: 10.12590246533549
cp_gamma_0: 3.250261000620082e-05
