cp_lh_0: 182.8064089578207
cp_lh_1: 178.18389733529452
cp_lh_2: 90.36720603101574
cp_lh_3: 226.87752668797637
cp_lh_4: 99.85671634302308
cp_lh_5: 303.9338189888146
cp_tau_0: 140.09896901589926
cp_n: 9.956829217781682
cp_gamma_0: 3.333e-05
vp_s0: 93.655
vp_R: 3957.3
vp_d: 0.5651
vp_n: 7.3648
vp_eta: 721.59
