cp_tau_s: 468.1462107984918
cp_b: 3.139993664332243
cp_tau_0: 391.98970181413415
cp_n: 3.0863197961611655
cp_gamma_0: 3.25e-05
