cp_tau_s: 1661.784361841327
cp_b: 7.041129564822302
cp_tau_0: 372.3495395439678
cp_n: 1.6494729933782653
cp_gamma_0: 3.25e-05
