cp_tau_s: 1074.0914732395622
cp_b: 19.82735592586605
cp_tau_0: 333.99818464922845
cp_n: 18.490122908187995
cp_gamma_0: 3.25e-05
