cp_lh_0: 136.85960141805737
cp_lh_1: 125.13890298578107
cp_tau_0: 93.11093146345796
cp_n: 2.097706083842455
cp_gamma_0: 3.333e-05
vp_s0: 93.655
vp_R: 3957.3
vp_d: 0.5651
vp_n: 7.3648
vp_eta: 721.59
