cp_tau_s: 695.8390736169921
cp_b: 3.36103303332256
cp_tau_0: 288.2827465430383
cp_n: 1.6986230177068045
cp_gamma_0: 3.333e-05
vp_s0: 93.655
vp_R: 3957.3
vp_d: 0.5651
vp_n: 7.3648
vp_eta: 721.59
