cp_lh_0: 82.38691031036723
cp_lh_1: 62.324739050129416
cp_tau_0: 48.276140700938356
cp_n: 12.702358662606445
cp_gamma_0: 3.333e-05
vp_s0: 93.655
vp_R: 3957.3
vp_d: 0.5651
vp_n: 7.3648
vp_eta: 721.59
