cp_tau_s: 1715.2179470676085
cp_b: 2.0601088643437544
cp_tau_0: 48.5449552872967
cp_n: 10.802112369761323
cp_gamma_0: 3.25e-05
