cp_tau_s: 505.9556402632824
cp_b: 2.288087027774075
cp_tau_0: 79.67492605170101
cp_n: 2.618402404788283
cp_gamma_0: 3.25e-05
