cp_lh_0: 326.3314517561379
cp_lh_1: 359.27826981039766
cp_lh_2: 335.0451846001179
cp_lh_3: 5.974548812543853
cp_lh_4: 33.897151414485606
cp_lh_5: 294.10017192208875
cp_tau_0: 66.5221812052678
cp_n: 8.5815754910272
cp_gamma_0: 3.333e-05
vp_s0: 93.655
vp_R: 3957.3
vp_d: 0.5651
vp_n: 7.3648
vp_eta: 721.59
