cp_lh_0: 334.94020370502267
cp_lh_1: 157.77395670174155
cp_lh_2: 19.052475618678507
cp_lh_3: 144.66345351795815
cp_lh_4: 241.4728777702432
cp_lh_5: 158.55926468859386
cp_tau_0: 173.53942784134466
cp_n: 11.974418668129351
cp_gamma_0: 3.333e-05
vp_s0: 93.655
vp_R: 3957.3
vp_d: 0.5651
vp_n: 7.3648
vp_eta: 721.59
