cp_tau_s: 2691.297805991496
cp_b: 3.333769713460708
cp_tau_0: 768.9923938943105
cp_n: 7.7242650222830544
cp_gamma_0: 3.25e-05
