cp_lh_0: 186.6394627695325
cp_lh_1: 19.16174365239849
cp_lh_2: 129.04815796815336
cp_lh_3: 133.44374531251555
cp_lh_4: 212.8773728175415
cp_lh_5: 118.37198662291422
cp_tau_0: 12.214727145301604
cp_n: 15.154815905223519
cp_gamma_0: 3.333e-05
vp_s0: 93.655
vp_R: 3957.3
vp_d: 0.5651
vp_n: 7.3648
vp_eta: 721.59
