cp_lh_0: 391.98685480073846
cp_lh_1: 135.19737409861617
cp_lh_2: 385.11902231729266
cp_lh_3: 258.0901353049395
cp_lh_4: 966.8556495965787
cp_lh_5: 414.1054141946011
cp_tau_0: 160.00580530051536
cp_n: 19.694144549603124
cp_gamma_0: 3.25e-05
