cp_lh_0: 524.5982190118897
cp_lh_1: 29.230917874837818
cp_tau_0: 96.69909537635507
cp_n: 10.705224348911583
cp_gamma_0: 3.593601465813172e-05
