cp_tau_s: 602.487526357883
cp_b: 10.997531837567262
cp_tau_0: 30.248140824130335
cp_n: 16.1762497175895
cp_gamma_0: 3.25e-05
