cp_lh_0: 360.44927120514905
cp_lh_1: 12.58716751737883
cp_tau_0: 104.36659254752759
cp_n: 4.450059547512579
cp_gamma_0: 3.25e-05
