cp_tau_s: 237.9402871935539
cp_b: 1.761906885729031
cp_tau_0: 326.77875517072476
cp_n: 9.22437485187958
cp_gamma_0: 3.25e-05
