cp_lh_0: 106.7969906791039
cp_lh_1: 125.31866602286823
cp_tau_0: 352.76051530083066
cp_n: 11.708510321299483
cp_gamma_0: 3.25e-05
