cp_tau_s: 637.2461928702007
cp_b: 7.460451988269938
cp_tau_0: 446.4884510205236
cp_n: 5.904723238958738
cp_gamma_0: 3.25e-05
