cp_tau_s: 3904.5
cp_b: 0.013127
cp_tau_0: 0.052955
cp_n: 2.6854
cp_gamma_0: 3.25e-05
