cp_tau_s: 76.43732687493848
cp_b: 1.7739652422443726
cp_tau_0: 391.97579334915855
cp_n: 13.19376666133451
cp_gamma_0: 6.84095301601086e-05
