cp_tau_s: 66.20798949961491
cp_b: 3.447166131629284
cp_tau_0: 186.07906431747983
cp_n: 8.097563580817127
cp_gamma_0: 6.544830464530448e-05
