cp_lh_0: 308.5940573299085
cp_lh_1: 192.42036691903064
cp_lh_2: 53.3168033269513
cp_lh_3: 82.57765140809794
cp_lh_4: 271.1206748826847
cp_lh_5: 249.50882077483513
cp_tau_0: 177.58176544163206
cp_n: 2.6211790421175127
cp_gamma_0: 3.333e-05
vp_s0: 93.655
vp_R: 3957.3
vp_d: 0.5651
vp_n: 7.3648
vp_eta: 721.59
