cp_tau_s: 1018.3938006345647
cp_b: 1.4391902821768081
cp_tau_0: 496.82718974583514
cp_n: 16.490322565950862
cp_gamma_0: 3.25e-05
