cp_lh_0: 315.80939121451024
cp_lh_1: 184.39552739124568
cp_tau_0: 170.06683567812928
cp_n: 11.686888073163978
cp_gamma_0: 3.333e-05
vp_s0: 93.655
vp_R: 3957.3
vp_d: 0.5651
vp_n: 7.3648
vp_eta: 721.59
