cp_lh_0: 92.99949716946176
cp_lh_1: 205.0707555888553
cp_tau_0: 184.20793807208167
cp_n: 15.195394185649976
cp_gamma_0: 3.333e-05
vp_s0: 93.655
vp_R: 3957.3
vp_d: 0.5651
vp_n: 7.3648
vp_eta: 721.59
