cp_tau_s: 1265.3372803193986
cp_b: 18.4707376147524
cp_tau_0: 187.3996869049009
cp_n: 17.204128663684912
cp_gamma_0: 3.25e-05
