cp_lh_0: 22.18924780361615
cp_lh_1: 194.21757434180188
cp_tau_0: 117.67080807983996
cp_n: 9.896678392968532
cp_gamma_0: 3.333e-05
vp_s0: 93.655
vp_R: 3957.3
vp_d: 0.5651
vp_n: 7.3648
vp_eta: 721.59
