cp_tau_s: 493.2835443644003
cp_b: 0.9570092578227413
cp_tau_0: 358.6423413768751
cp_n: 5.021894870208918
cp_gamma_0: 4.631830509323939e-05
