cp_lh_0: 172.65517192738287
cp_lh_1: 290.6901471463041
cp_tau_0: 113.25348551528207
cp_n: 12.557117470446366
cp_gamma_0: 3.333e-05
vp_s0: 93.655
vp_R: 3957.3
vp_d: 0.5651
vp_n: 7.3648
vp_eta: 721.59
