cp_lh_0: 807.3167438366468
cp_lh_1: 195.43580766517724
cp_tau_0: 175.81985940133555
cp_n: 10.42099893792591
cp_gamma_0: 3.25e-05
