cp_lh_0: 860.9916622221327
cp_lh_1: 943.2764929238767
cp_lh_2: 181.8890821168439
cp_lh_3: 740.7586307253799
cp_lh_4: 549.925027386929
cp_lh_5: 110.02418995937927
cp_tau_0: 192.98829874581924
cp_n: 5.551540358981399
cp_gamma_0: 3.25e-05
