cp_lh_0: 318.88123042751977
cp_lh_1: 43.134553237250934
cp_lh_2: 101.08970719785033
cp_lh_3: 311.663208776436
cp_lh_4: 5.072485846293073
cp_lh_5: 246.61790612164384
cp_tau_0: 5.373593229468622
cp_n: 1.7837280447888038
cp_gamma_0: 3.333e-05
vp_s0: 93.655
vp_R: 3957.3
vp_d: 0.5651
vp_n: 7.3648
vp_eta: 721.59
