cp_lh_0: 737.6337757197795
cp_lh_1: 857.5543498389986
cp_tau_0: 64.4608923222501
cp_n: 6.339037707715056
cp_gamma_0: 3.25e-05
