cp_lh_0: 85.099935183204
cp_lh_1: 155.11073517105106
cp_tau_0: 17.325332980029774
cp_n: 13.412718093452916
cp_gamma_0: 3.333e-05
vp_s0: 93.655
vp_R: 3957.3
vp_d: 0.5651
vp_n: 7.3648
vp_eta: 721.59
