cp_lh_0: 299.28428514365515
cp_lh_1: 322.62777470267525
cp_lh_2: 134.42138686539158
cp_lh_3: 199.6716446082664
cp_lh_4: 84.42793900747307
cp_lh_5: 378.25472348655467
cp_tau_0: 135.4204396774506
cp_n: 2.9029318294987747
cp_gamma_0: 3.333e-05
vp_s0: 93.655
vp_R: 3957.3
vp_d: 0.5651
vp_n: 7.3648
vp_eta: 721.59
