cp_lh_0: 158.60722162443867
cp_lh_1: 152.47955614649814
cp_lh_2: 105.83848109537163
cp_lh_3: 309.0846864763083
cp_lh_4: 309.2785427059733
cp_lh_5: 208.46077932674692
cp_tau_0: 168.03143430213683
cp_n: 10.18096328742367
cp_gamma_0: 3.333e-05
vp_s0: 93.655
vp_R: 3957.3
vp_d: 0.5651
vp_n: 7.3648
vp_eta: 721.59
