cp_lh_0: 343.1997513413658
cp_lh_1: 681.2624999334522
cp_tau_0: 267.27838793777215
cp_n: 7.31068859938972
cp_gamma_0: 2.933649737366316e-05
