cp_tau_s: 1014.8662690873613
cp_b: 3.4831477260576635
cp_tau_0: 266.5912590864055
cp_n: 4.657251564149437
cp_gamma_0: 3.25e-05
