cp_tau_s: 979.586818040124
cp_b: 4.343652752077613
cp_tau_0: 362.0706723606576
cp_n: 9.73090789933616
cp_gamma_0: 3.25e-05
