cp_lh_0: 287.2852792851448
cp_lh_1: 385.5409967796294
cp_lh_2: 173.76583672438665
cp_lh_3: 130.22004152413004
cp_lh_4: 17.99527813627303
cp_lh_5: 48.303002519377266
cp_tau_0: 2.009402277713606
cp_n: 14.12308291426146
cp_gamma_0: 3.333e-05
vp_s0: 93.655
vp_R: 3957.3
vp_d: 0.5651
vp_n: 7.3648
vp_eta: 721.59
