cp_lh_0: 169.36834223447966
cp_lh_1: 388.25722026796143
cp_lh_2: 353.2426834675498
cp_lh_3: 253.00486348725974
cp_lh_4: 72.74051581135733
cp_lh_5: 343.3651686233224
cp_tau_0: 127.61334271186551
cp_n: 11.676533133249679
cp_gamma_0: 3.333e-05
vp_s0: 93.655
vp_R: 3957.3
vp_d: 0.5651
vp_n: 7.3648
vp_eta: 721.59
