cp_tau_s: 2637.746906266969
cp_b: 7.380535542308499
cp_tau_0: 177.86388907797775
cp_n: 13.110148383748436
cp_gamma_0: 3.25e-05
