cp_tau_s: 1434.854924646073
cp_b: 9.37835854817597
cp_tau_0: 15.223885368323572
cp_n: 18.402874569548104
cp_gamma_0: 3.25e-05
