cp_lh_0: 36.01552391189827
cp_lh_1: 322.1295646837988
cp_tau_0: 128.62691307631414
cp_n: 10.191387768744258
cp_gamma_0: 3.333e-05
vp_s0: 93.655
vp_R: 3957.3
vp_d: 0.5651
vp_n: 7.3648
vp_eta: 721.59
