cp_lh_0: 773.6552611867854
cp_lh_1: 823.1298233618219
cp_tau_0: 125.97672599743301
cp_n: 19.698702770525557
cp_gamma_0: 3.25e-05
