cp_lh_0: 346.6735592900625
cp_lh_1: 187.57425571905748
cp_tau_0: 160.84219873548264
cp_n: 8.514692813900144
cp_gamma_0: 3.333e-05
vp_s0: 93.655
vp_R: 3957.3
vp_d: 0.5651
vp_n: 7.3648
vp_eta: 721.59
