cp_lh_0: 307.77764867062945
cp_lh_1: 39.16523174961844
cp_tau_0: 2.1449142431302666
cp_n: 9.737139822596864
cp_gamma_0: 3.333e-05
vp_s0: 93.655
vp_R: 3957.3
vp_d: 0.5651
vp_n: 7.3648
vp_eta: 721.59
