cp_tau_s: 1356.2008168160435
cp_b: 12.754736638224571
cp_tau_0: 251.10942162978594
cp_n: 16.03051348501007
cp_gamma_0: 3.25e-05
