cp_tau_s: 710.563901017036
cp_b: 1.5710400988754158
cp_tau_0: 82.21255718384218
cp_n: 14.681415434089423
cp_gamma_0: 4.231340951437963e-05
