cp_tau_s: 166.79832982630543
cp_b: 1.208584765774877
cp_tau_0: 134.35137568377013
cp_n: 10.351002449530622
cp_gamma_0: 5.629461308378583e-05
