cp_tau_s: 1760.4458556508907
cp_b: 9.00573285117198
cp_tau_0: 494.5086677739723
cp_n: 7.78547003553545
cp_gamma_0: 3.25e-05
