cp_tau_s: 727.4924601726382
cp_b: 6.7454848883342855
cp_tau_0: 146.14760771053835
cp_n: 19.73208319558455
cp_gamma_0: 3.25e-05
