cp_tau_s: 32.71238616291564
cp_b: 17.200230714430894
cp_tau_0: 68.01584199099356
cp_n: 2.5171202061433053
cp_gamma_0: 3.25e-05
