cp_lh_0: 683.9101535217775
cp_lh_1: 560.1503540551352
cp_tau_0: 137.93262564038307
cp_n: 12.558996918112245
cp_gamma_0: 2.5188714812088904e-05
