cp_tau_s: 928.3989971078772
cp_b: 4.25680556109365
cp_tau_0: 493.60661541021926
cp_n: 5.310891283297872
cp_gamma_0: 3.25e-05
