cp_tau_s: 3514.3319179804503
cp_b: 3.659198961932588
cp_tau_0: 361.94348161296386
cp_n: 17.4503695542408
cp_gamma_0: 3.25e-05
