cp_tau_s: 427.1312738715014
cp_b: 7.098155041644546
cp_tau_0: 205.55818310256166
cp_n: 15.854233272437313
cp_gamma_0: 1.420726729017623e-05
