cp_tau_s: 966.4197604144551
cp_b: 11.301710569603822
cp_tau_0: 109.60854271041592
cp_n: 16.256709899875883
cp_gamma_0: 3.25e-05
