cp_tau_s: 616.1655456285364
cp_b: 3.8542232138697785
cp_tau_0: 160.05044514509063
cp_n: 1.5563710139692994
cp_gamma_0: 3.3766509487521645e-05
