cp_tau_s: 91.60522784562251
cp_b: 5.280250014401577
cp_tau_0: 322.1917269299737
cp_n: 10.03084898495767
cp_gamma_0: 3.25e-05
