cp_lh_0: 139.3515937974426
cp_lh_1: 10.934782088856624
cp_lh_2: 204.8415598326368
cp_lh_3: 387.7770828591897
cp_lh_4: 47.34278617253551
cp_lh_5: 2.320157569924743
cp_tau_0: 193.4632567100457
cp_n: 5.139590380121591
cp_gamma_0: 3.333e-05
vp_s0: 93.655
vp_R: 3957.3
vp_d: 0.5651
vp_n: 7.3648
vp_eta: 721.59
