cp_tau_s: 134.31595526268083
cp_b: 14.099925032561629
cp_tau_0: 2.544721375801598
cp_n: 18.17407069395433
cp_gamma_0: 3.25e-05
