cp_lh_0: 226.68302904720593
cp_lh_1: 44.060099800308464
cp_tau_0: 14.002737074440974
cp_n: 12.060798097686572
cp_gamma_0: 3.333e-05
vp_s0: 93.655
vp_R: 3957.3
vp_d: 0.5651
vp_n: 7.3648
vp_eta: 721.59
