cp_tau_s: 714.9166481951041
cp_b: 4.506914930186479
cp_tau_0: 60.22023033977669
cp_n: 2.8462571503507235
cp_gamma_0: 3.25e-05
