cp_tau_s: 1802.3143689190451
cp_b: 18.597077248502213
cp_tau_0: 214.69441255140237
cp_n: 1.3090947232559715
cp_gamma_0: 3.25e-05
