cp_lh_0: 720.5179902094673
cp_lh_1: 527.7003344247771
cp_lh_2: 581.4476683168624
cp_lh_3: 789.858984458383
cp_lh_4: 423.64696255485245
cp_lh_5: 67.7703417351188
cp_tau_0: 240.74947291499782
cp_n: 4.837535596095291
cp_gamma_0: 3.25e-05
