cp_lh_0: 705.0821930180873
cp_lh_1: 709.461626959929
cp_tau_0: 194.68942640663843
cp_n: 14.766483179966304
cp_gamma_0: 3.25e-05
