cp_tau_s: 1988.1834169563767
cp_b: 18.270546951574424
cp_tau_0: 432.84102463108576
cp_n: 7.098548377088385
cp_gamma_0: 3.25e-05
