cp_lh_0: 334.96618240832817
cp_lh_1: 261.5864766509977
cp_tau_0: 182.81904433782142
cp_n: 6.899760001870787
cp_gamma_0: 3.333e-05
vp_s0: 93.655
vp_R: 3957.3
vp_d: 0.5651
vp_n: 7.3648
vp_eta: 721.59
