cp_lh_0: 873.392962589271
cp_lh_1: 997.250007737382
cp_tau_0: 171.57419810561126
cp_n: 8.813345374195976
cp_gamma_0: 3.25e-05
