cp_tau_s: 961.8521860932979
cp_b: 19.287868938800802
cp_tau_0: 358.5961051875032
cp_n: 10.81119038574595
cp_gamma_0: 3.25e-05
