cp_lh_0: 152.40074812455572
cp_lh_1: 60.27098671625365
cp_tau_0: 4.813925733167829
cp_n: 1.8115185055042082
cp_gamma_0: 3.333e-05
vp_s0: 93.655
vp_R: 3957.3
vp_d: 0.5651
vp_n: 7.3648
vp_eta: 721.59
