cp_lh_0: 309.6056123399248
cp_lh_1: 246.95581119491706
cp_tau_0: 160.4512128262386
cp_n: 5.384609433664056
cp_gamma_0: 3.333e-05
vp_s0: 93.655
vp_R: 3957.3
vp_d: 0.5651
vp_n: 7.3648
vp_eta: 721.59
