cp_lh_0: 64.38910393059315
cp_lh_1: 399.62305257153815
cp_tau_0: 168.7670121562563
cp_n: 4.77557833839847
cp_gamma_0: 3.333e-05
vp_s0: 93.655
vp_R: 3957.3
vp_d: 0.5651
vp_n: 7.3648
vp_eta: 721.59
