cp_tau_s: 2285.3835093789885
cp_b: 13.391473052870333
cp_tau_0: 933.1705401988966
cp_n: 8.804856339858816
cp_gamma_0: 3.25e-05
