cp_tau_s: 442.10288707492816
cp_b: 1.797248897870686
cp_tau_0: 3.8055581187595777
cp_n: 5.412127027626621
cp_gamma_0: 3.25e-05
