cp_tau_s: 433.59047663155434
cp_b: 19.815456174276665
cp_tau_0: 366.50393749636953
cp_n: 13.623821191895445
cp_gamma_0: 3.25e-05
