cp_tau_s: 1476.5642321296275
cp_b: 1.1855774592200214
cp_tau_0: 366.50574351761105
cp_n: 10.586676977806828
cp_gamma_0: 3.333e-05
vp_s0: 93.655
vp_R: 3957.3
vp_d: 0.5651
vp_n: 7.3648
vp_eta: 721.59
