cp_tau_s: 937.4359864285013
cp_b: 3.9672381559228493
cp_tau_0: 77.79373340324734
cp_n: 5.7084891420774975
cp_gamma_0: 8.258481132105302e-05
