cp_lh_0: 320.7599468560011
cp_lh_1: 309.99262725062636
cp_tau_0: 29.282722576387094
cp_n: 1.314411698598233
cp_gamma_0: 3.333e-05
vp_s0: 93.655
vp_R: 3957.3
vp_d: 0.5651
vp_n: 7.3648
vp_eta: 721.59
