cp_tau_s: 1852.2748867946182
cp_b: 3.8874861132110934
cp_tau_0: 445.6580985950277
cp_n: 15.968286657747736
cp_gamma_0: 3.25e-05
