cp_lh_0: 444.59917785823154
cp_lh_1: 17.295915053977755
cp_tau_0: 35.71105280524302
cp_n: 11.59782448943521
cp_gamma_0: 6.7973611264703e-05
