cp_lh_0: 129.31168755255618
cp_lh_1: 609.9428217694978
cp_lh_2: 146.84003640938957
cp_lh_3: 922.8843500954192
cp_lh_4: 679.1277942630566
cp_lh_5: 946.0449646293504
cp_tau_0: 395.0970732880479
cp_n: 3.170098860419112
cp_gamma_0: 3.25e-05
