cp_tau_s: 1873.4279856916287
cp_b: 5.153822624131326
cp_tau_0: 338.2191294058071
cp_n: 10.999067906320512
cp_gamma_0: 3.25e-05
