cp_tau_s: 635.3035287439992
cp_b: 5.026982123853059
cp_tau_0: 284.0246321114139
cp_n: 9.382353663595485
cp_gamma_0: 9.834680790660594e-05
