cp_tau_s: 1495.562983527555
cp_b: 8.989979165404339
cp_tau_0: 484.51266458930706
cp_n: 7.913870942229594
cp_gamma_0: 3.25e-05
