cp_tau_s: 446.0420078746087
cp_b: 7.847432141479843
cp_tau_0: 404.3239815505983
cp_n: 12.966453831336635
cp_gamma_0: 3.25e-05
