cp_lh_0: 273.52041529287845
cp_lh_1: 377.8573947643856
cp_tau_0: 32.183809551125414
cp_n: 1.4752301602689561
cp_gamma_0: 3.333e-05
vp_s0: 93.655
vp_R: 3957.3
vp_d: 0.5651
vp_n: 7.3648
vp_eta: 721.59
