cp_lh_0: 158.36124744758723
cp_lh_1: 353.9923439009036
cp_lh_2: 381.17803647598396
cp_lh_3: 70.7707886984002
cp_lh_4: 106.5183610940233
cp_lh_5: 939.3860541335438
cp_tau_0: 233.5379327892993
cp_n: 17.466864557298297
cp_gamma_0: 3.25e-05
