cp_tau_s: 1737.6113184138821
cp_b: 5.088953181889164
cp_tau_0: 644.4460474375325
cp_n: 14.411298030693736
cp_gamma_0: 3.25e-05
