cp_tau_s: 3968.2062094756307
cp_b: 14.36615528728539
cp_tau_0: 354.6614269827056
cp_n: 4.38458843458032
cp_gamma_0: 3.25e-05
