cp_lh_0: 243.6409508379204
cp_lh_1: 460.3388683210564
cp_lh_2: 310.0588049859942
cp_lh_3: 299.2657880984076
cp_lh_4: 597.6939137883165
cp_lh_5: 623.7708023997229
cp_tau_0: 356.966652861272
cp_n: 5.787245502883772
cp_gamma_0: 3.25e-05
