cp_lh_0: 885.2137672739459
cp_lh_1: 594.321015572672
cp_lh_2: 941.5413891360563
cp_lh_3: 866.5480446331455
cp_lh_4: 311.54580656293786
cp_lh_5: 440.8607660597137
cp_tau_0: 147.25137498229262
cp_n: 11.708545869974827
cp_gamma_0: 3.25e-05
