cp_lh_0: 928.3506681809431
cp_lh_1: 533.0933638133039
cp_lh_2: 851.1880751722446
cp_lh_3: 380.09743432181165
cp_lh_4: 401.0667638699426
cp_lh_5: 280.9036065123841
cp_tau_0: 347.1311642730904
cp_n: 13.23331532293119
cp_gamma_0: 3.25e-05
