cp_lh_0: 252.61238375885245
cp_lh_1: 248.9258321063305
cp_lh_2: 171.71847737553384
cp_lh_3: 315.09445958615936
cp_lh_4: 340.8047453806896
cp_lh_5: 72.27463600277935
cp_tau_0: 13.000095276194983
cp_n: 4.273703650655278
cp_gamma_0: 3.333e-05
vp_s0: 93.655
vp_R: 3957.3
vp_d: 0.5651
vp_n: 7.3648
vp_eta: 721.59
