cp_tau_s: 1291.5361565240728
cp_b: 8.388097360726402
cp_tau_0: 478.4522970028335
cp_n: 8.09794090356129
cp_gamma_0: 3.25e-05
