cp_lh_0: 76.33180451447164
cp_lh_1: 681.8097721590078
cp_lh_2: 13.159465039636741
cp_lh_3: 684.8958022958757
cp_lh_4: 669.2021185643595
cp_lh_5: 739.9900706359915
cp_tau_0: 59.97842375662415
cp_n: 1.2172183616554486
cp_gamma_0: 3.25e-05
