cp_lh_0: 758.5343649851624
cp_lh_1: 769.9416066864145
cp_lh_2: 776.4284447804558
cp_lh_3: 883.6099145228416
cp_lh_4: 642.2891874131841
cp_lh_5: 105.3991299950285
cp_tau_0: 101.36729538589385
cp_n: 15.442330520357642
cp_gamma_0: 3.25e-05
