cp_tau_s: 3890.0669059873057
cp_b: 11.674757617181776
cp_tau_0: 787.0230227160613
cp_n: 12.277005185728509
cp_gamma_0: 3.25e-05
