cp_lh_0: 337.11180630662136
cp_lh_1: 355.02594096780575
cp_tau_0: 162.86926968623433
cp_n: 14.808370895294306
cp_gamma_0: 3.333e-05
vp_s0: 93.655
vp_R: 3957.3
vp_d: 0.5651
vp_n: 7.3648
vp_eta: 721.59
