cp_tau_s: 961.6924718072455
cp_b: 4.31102596461615
cp_tau_0: 240.6987620574051
cp_n: 16.83877382154469
cp_gamma_0: 3.25e-05
