cp_tau_s: 1917.400291622112
cp_b: 7.382418555653677
cp_tau_0: 68.21852248454671
cp_n: 7.504056916833233
cp_gamma_0: 3.25e-05
