cp_lh_0: 88.57776650921723
cp_lh_1: 713.9798949315003
cp_lh_2: 712.1595179020987
cp_lh_3: 393.35815513055223
cp_lh_4: 742.9512246434695
cp_lh_5: 868.7460147898752
cp_tau_0: 447.5652608286275
cp_n: 17.794588004537044
cp_gamma_0: 3.25e-05
