cp_tau_s: 1363.3205064478684
cp_b: 5.73050049408761
cp_tau_0: 138.1433749638833
cp_n: 4.455411962121489
cp_gamma_0: 3.25e-05
