cp_tau_s: 1354.7453165082818
cp_b: 4.840695647566234
cp_tau_0: 350.20805895329954
cp_n: 1.5818483213349337
cp_gamma_0: 3.25e-05
