cp_lh_0: 157.7426817988664
cp_lh_1: 581.9445082577192
cp_tau_0: 184.22148001840839
cp_n: 19.442123294455552
cp_gamma_0: 3.25e-05
