cp_tau_s: 684.2355966144635
cp_b: 4.466692585262874
cp_tau_0: 18.738394674099307
cp_n: 4.578424043880241
cp_gamma_0: 2.6243438848432812e-05
