cp_lh_0: 131.20455955923896
cp_lh_1: 336.0232452712545
cp_tau_0: 151.50023113808118
cp_n: 12.52421556458478
cp_gamma_0: 3.333e-05
vp_s0: 93.655
vp_R: 3957.3
vp_d: 0.5651
vp_n: 7.3648
vp_eta: 721.59
