cp_lh_0: 179.38897182469265
cp_lh_1: 149.57669075305546
cp_lh_2: 221.66786854858276
cp_lh_3: 113.82838456721684
cp_lh_4: 15.299288907190256
cp_lh_5: 283.50851670001964
cp_tau_0: 27.12814806017798
cp_n: 5.221053579279561
cp_gamma_0: 3.333e-05
vp_s0: 93.655
vp_R: 3957.3
vp_d: 0.5651
vp_n: 7.3648
vp_eta: 721.59
