cp_lh_0: 993.9967672936566
cp_lh_1: 847.9801693058996
cp_lh_2: 701.3923489725693
cp_lh_3: 26.432566995723874
cp_lh_4: 573.2367489702397
cp_lh_5: 973.9540566087137
cp_tau_0: 143.8066172065448
cp_n: 14.142442585654662
cp_gamma_0: 3.25e-05
