cp_tau_s: 770.0927741947833
cp_b: 19.461444396865538
cp_tau_0: 453.24969195424376
cp_n: 10.711432670151567
cp_gamma_0: 3.25e-05
