cp_tau_s: 1977.0009841178132
cp_b: 3.0447805536334465
cp_tau_0: 397.90771283929286
cp_n: 11.937664431512582
cp_gamma_0: 3.25e-05
