cp_tau_s: 1230.2530749185175
cp_b: 7.44792310887606
cp_tau_0: 245.18875253786229
cp_n: 12.152523271328835
cp_gamma_0: 3.25e-05
