cp_tau_s: 110.66630820575074
cp_b: 7.563991856735656
cp_tau_0: 124.51544745625407
cp_n: 5.270341859745818
cp_gamma_0: 7.067981220424179e-05
