cp_lh_0: 435.2006003035072
cp_lh_1: 697.7263139635604
cp_tau_0: 394.2418152454258
cp_n: 17.3158464337451
cp_gamma_0: 3.25e-05
