cp_lh_0: 167.35037459947415
cp_lh_1: 101.58295737236165
cp_tau_0: 166.91988541035516
cp_n: 7.688412245618931
cp_gamma_0: 3.333e-05
vp_s0: 93.655
vp_R: 3957.3
vp_d: 0.5651
vp_n: 7.3648
vp_eta: 721.59
