cp_tau_s: 3367.788153550698
cp_b: 5.282180813726973
cp_tau_0: 212.0897192291276
cp_n: 11.063197831031419
cp_gamma_0: 3.25e-05
