cp_tau_s: 924.8117312697422
cp_b: 16.17321926493913
cp_tau_0: 488.0542193711541
cp_n: 18.795081045086558
cp_gamma_0: 3.25e-05
