cp_lh_0: 93.06118194669655
cp_lh_1: 203.36899343251343
cp_lh_2: 265.715168155575
cp_lh_3: 255.7332490031703
cp_lh_4: 867.942294345967
cp_lh_5: 749.9917888658392
cp_tau_0: 89.31308581092891
cp_n: 5.831837014542729
cp_gamma_0: 3.25e-05
