cp_lh_0: 146.58761000470776
cp_lh_1: 366.74019259592745
cp_tau_0: 108.52292116164625
cp_n: 11.738175733139078
cp_gamma_0: 3.333e-05
vp_s0: 93.655
vp_R: 3957.3
vp_d: 0.5651
vp_n: 7.3648
vp_eta: 721.59
