cp_lh_0: 499.4661802638156
cp_lh_1: 342.63776170426854
cp_lh_2: 292.89776678489744
cp_lh_3: 32.47578966048366
cp_lh_4: 21.49004606597931
cp_lh_5: 177.9694406482304
cp_tau_0: 365.8021217424077
cp_n: 6.607804953179731
cp_gamma_0: 3.25e-05
