cp_lh_0: 260.67460926869956
cp_lh_1: 381.32807129916904
cp_tau_0: 26.256662009374804
cp_n: 15.870772001418224
cp_gamma_0: 3.333e-05
vp_s0: 93.655
vp_R: 3957.3
vp_d: 0.5651
vp_n: 7.3648
vp_eta: 721.59
