cp_tau_s: 1569.7258391480264
cp_b: 8.024391699055315
cp_tau_0: 157.77887768503473
cp_n: 7.815570453250384
cp_gamma_0: 3.25e-05
