cp_tau_s: 142.22505843784393
cp_b: 9.612364149834884
cp_tau_0: 477.51492847054857
cp_n: 7.088917167809643
cp_gamma_0: 3.25e-05
