cp_lh_0: 11.718586252035589
cp_lh_1: 110.38275653733459
cp_lh_2: 145.9663705610111
cp_lh_3: 365.2896660726417
cp_lh_4: 321.26970268385094
cp_lh_5: 170.10529729704749
cp_tau_0: 173.3359240764323
cp_n: 9.4455500814623
cp_gamma_0: 3.333e-05
vp_s0: 93.655
vp_R: 3957.3
vp_d: 0.5651
vp_n: 7.3648
vp_eta: 721.59
