cp_tau_s: 487.3122028106831
cp_b: 7.284065869939376
cp_tau_0: 170.11750592374216
cp_n: 11.862021907829453
cp_gamma_0: 3.25e-05
