cp_lh_0: 69.91780133877164
cp_lh_1: 257.83259512163426
cp_lh_2: 47.40792876740137
cp_lh_3: 373.7015700431033
cp_lh_4: 281.27621280779977
cp_lh_5: 63.64042527149564
cp_tau_0: 28.672926623637952
cp_n: 2.049405220224357
cp_gamma_0: 3.333e-05
vp_s0: 93.655
vp_R: 3957.3
vp_d: 0.5651
vp_n: 7.3648
vp_eta: 721.59
