cp_lh_0: 202.13514728871957
cp_lh_1: 241.12003641424985
cp_lh_2: 116.3680427904029
cp_lh_3: 52.15223244517977
cp_lh_4: 124.55565279027773
cp_lh_5: 7.348375457529818
cp_tau_0: 65.4405693140423
cp_n: 1.3823751738068248
cp_gamma_0: 3.333e-05
vp_s0: 93.655
vp_R: 3957.3
vp_d: 0.5651
vp_n: 7.3648
vp_eta: 721.59
