cp_tau_s: 2973.7688231913257
cp_b: 3.1000932193195805
cp_tau_0: 235.68246215546674
cp_n: 15.614055117979957
cp_gamma_0: 3.25e-05
