cp_lh_0: 88.36985956678238
cp_lh_1: 87.48754708273037
cp_lh_2: 35.370124932209805
cp_lh_3: 76.56521172681067
cp_lh_4: 268.35468514616184
cp_lh_5: 61.80640976388393
cp_tau_0: 90.18919023569336
cp_n: 2.3131806011859624
cp_gamma_0: 3.333e-05
vp_s0: 93.655
vp_R: 3957.3
vp_d: 0.5651
vp_n: 7.3648
vp_eta: 721.59
