cp_lh_0: 755.1069237397091
cp_lh_1: 67.54929667706743
cp_tau_0: 228.95622589400122
cp_n: 10.0235413466236
cp_gamma_0: 1.6163976980134428e-05
