cp_tau_s: 1633.3507355648305
cp_b: 6.849598410009835
cp_tau_0: 59.82519595227775
cp_n: 4.733494853869204
cp_gamma_0: 3.25e-05
