cp_tau_s: 1004.1206205020869
cp_b: 9.150796543115113
cp_tau_0: 213.05619503070002
cp_n: 8.2619219939831
cp_gamma_0: 3.25e-05
