cp_lh_0: 257.5415926556727
cp_lh_1: 237.65279216588965
cp_tau_0: 159.39882760244387
cp_n: 14.677363488436642
cp_gamma_0: 3.333e-05
vp_s0: 93.655
vp_R: 3957.3
vp_d: 0.5651
vp_n: 7.3648
vp_eta: 721.59
