cp_tau_s: 1950.748579934204
cp_b: 7.7861863434291445
cp_tau_0: 432.5547260760826
cp_n: 16.21973083041977
cp_gamma_0: 3.25e-05
