cp_lh_0: 327.19164092626954
cp_lh_1: 163.33215151943534
cp_tau_0: 41.25905425041901
cp_n: 5.4170974539999985
cp_gamma_0: 3.333e-05
vp_s0: 93.655
vp_R: 3957.3
vp_d: 0.5651
vp_n: 7.3648
vp_eta: 721.59
