cp_tau_s: 223.28955382295766
cp_b: 17.634634877749097
cp_tau_0: 409.7256820021231
cp_n: 10.702062371121123
cp_gamma_0: 3.25e-05
