cp_lh_0: 205.30898502462628
cp_lh_1: 344.0937833031159
cp_lh_2: 157.1016216455301
cp_lh_3: 12.83395456864985
cp_lh_4: 173.0529660331207
cp_lh_5: 92.63530597096539
cp_tau_0: 67.22166964643796
cp_n: 15.394696854804316
cp_gamma_0: 3.333e-05
vp_s0: 93.655
vp_R: 3957.3
vp_d: 0.5651
vp_n: 7.3648
vp_eta: 721.59
