cp_lh_0: 7.467732093947449
cp_lh_1: 307.48244318767803
cp_lh_2: 314.74120355470393
cp_lh_3: 184.95509255389615
cp_lh_4: 223.50331137292193
cp_lh_5: 198.12735659220579
cp_tau_0: 72.38578703283277
cp_n: 6.810225026943534
cp_gamma_0: 3.333e-05
vp_s0: 93.655
vp_R: 3957.3
vp_d: 0.5651
vp_n: 7.3648
vp_eta: 721.59
