cp_tau_s: 3386.3337943436127
cp_b: 3.8141953514358375
cp_tau_0: 266.49151677318855
cp_n: 6.00926698639189
cp_gamma_0: 3.25e-05
