cp_tau_s: 1356.0677652088882
cp_b: 12.370642434793265
cp_tau_0: 324.45647481274705
cp_n: 4.529637733586254
cp_gamma_0: 3.25e-05
