cp_tau_s: 792.7726650656348
cp_b: 1.5151004362112364
cp_tau_0: 66.38674692191667
cp_n: 10.689400090094924
cp_gamma_0: 3.25e-05
