cp_tau_s: 3194.7282329789396
cp_b: 3.5035458554400476
cp_tau_0: 299.3660779396325
cp_n: 12.64775805543962
cp_gamma_0: 3.25e-05
