cp_lh_0: 243.16126382490827
cp_lh_1: 140.32455007290105
cp_tau_0: 69.77591359375872
cp_n: 8.971517309155086
cp_gamma_0: 3.333e-05
vp_s0: 93.655
vp_R: 3957.3
vp_d: 0.5651
vp_n: 7.3648
vp_eta: 721.59
