cp_tau_s: 744.4077416861368
cp_b: 7.273436279482964
cp_tau_0: 220.4273251984805
cp_n: 11.507368723013913
cp_gamma_0: 3.25e-05
