cp_lh_0: 711.7556804695024
cp_lh_1: 765.3862710611406
cp_tau_0: 367.17291154163905
cp_n: 9.731177831082128
cp_gamma_0: 9.185529706647482e-05
