cp_lh_0: 144.22525094560885
cp_lh_1: 301.2150170019065
cp_lh_2: 12.755095508210479
cp_lh_3: 33.06321572715864
cp_lh_4: 191.31520969034344
cp_lh_5: 275.4848828120176
cp_tau_0: 112.05052089007643
cp_n: 7.671798908076251
cp_gamma_0: 3.333e-05
vp_s0: 93.655
vp_R: 3957.3
vp_d: 0.5651
vp_n: 7.3648
vp_eta: 721.59
