cp_lh_0: 885.955358953164
cp_lh_1: 245.53540245714106
cp_lh_2: 105.27246015667392
cp_lh_3: 244.39489695617058
cp_lh_4: 42.43188610027042
cp_lh_5: 531.1476790552805
cp_tau_0: 318.4292711435222
cp_n: 7.96141846739245
cp_gamma_0: 3.25e-05
