cp_tau_s: 1425.4947489440144
cp_b: 3.5721619442920614
cp_tau_0: 387.0148202826358
cp_n: 4.522674210800079
cp_gamma_0: 7.223139561840103e-05
