cp_tau_s: 3440.8382219009086
cp_b: 17.257980616179744
cp_tau_0: 196.0467853727043
cp_n: 16.30120789098948
cp_gamma_0: 3.25e-05
