cp_lh_0: 221.42306890337377
cp_lh_1: 39.14515186324587
cp_tau_0: 132.76616168634183
cp_n: 7.84724885658264
cp_gamma_0: 3.333e-05
vp_s0: 93.655
vp_R: 3957.3
vp_d: 0.5651
vp_n: 7.3648
vp_eta: 721.59
