cp_tau_s: 1629.2115438952214
cp_b: 0.7928528646179261
cp_tau_0: 35.558436021938256
cp_n: 4.965094082302314
cp_gamma_0: 3.25e-05
