cp_lh_0: 406.8483380563978
cp_lh_1: 743.8559628051773
cp_lh_2: 655.9535673262716
cp_lh_3: 433.54246999394667
cp_lh_4: 898.6761898297389
cp_lh_5: 689.0127725120783
cp_tau_0: 114.32216392242356
cp_n: 12.323093833768285
cp_gamma_0: 3.25e-05
