cp_tau_s: 887.5164014535663
cp_b: 3.2704849584887272
cp_tau_0: 491.5317613434057
cp_n: 14.715037333052477
cp_gamma_0: 3.25e-05
