cp_lh_0: 7.88288159797885
cp_lh_1: 58.043386102424655
cp_tau_0: 191.00222264030288
cp_n: 6.364499413798262
cp_gamma_0: 3.333e-05
vp_s0: 93.655
vp_R: 3957.3
vp_d: 0.5651
vp_n: 7.3648
vp_eta: 721.59
