cp_tau_s: 2016.230415578995
cp_b: 7.180829889425977
cp_tau_0: 186.65113865686936
cp_n: 5.200900832806842
cp_gamma_0: 3.25e-05
