cp_lh_0: 378.7502680475508
cp_lh_1: 63.37007421592402
cp_lh_2: 12.293542399148127
cp_lh_3: 294.51804762293744
cp_lh_4: 382.77390020561785
cp_lh_5: 70.24589079363336
cp_tau_0: 36.10183132826519
cp_n: 14.187444379649506
cp_gamma_0: 3.333e-05
vp_s0: 93.655
vp_R: 3957.3
vp_d: 0.5651
vp_n: 7.3648
vp_eta: 721.59
