cp_tau_s: 795.9962611531025
cp_b: 6.276549630058074
cp_tau_0: 212.69655330597647
cp_n: 5.193662807198404
cp_gamma_0: 4.2714364490410305e-05
