cp_lh_0: 124.370949346257
cp_lh_1: 185.10601020125097
cp_lh_2: 257.60662127650573
cp_lh_3: 396.0237448069546
cp_lh_4: 82.99408601398223
cp_lh_5: 291.7397890802405
cp_tau_0: 187.07894446419743
cp_n: 5.500554879552336
cp_gamma_0: 3.333e-05
vp_s0: 93.655
vp_R: 3957.3
vp_d: 0.5651
vp_n: 7.3648
vp_eta: 721.59
