cp_tau_s: 1522.7664995634493
cp_b: 1.7111468086176833
cp_tau_0: 44.46432825242337
cp_n: 3.835317536744183
cp_gamma_0: 3.25e-05
