cp_tau_s: 365.2010901373637
cp_b: 4.275509470746314
cp_tau_0: 490.6646752907876
cp_n: 3.560258351822887
cp_gamma_0: 3.25e-05
