cp_tau_s: 488.2199193139466
cp_b: 4.781556363628209
cp_tau_0: 260.6660472907158
cp_n: 8.447804775095083
cp_gamma_0: 3.25e-05
