cp_lh_0: 255.50266330910253
cp_lh_1: 205.254010574787
cp_lh_2: 289.15694471694644
cp_lh_3: 392.6064605966976
cp_lh_4: 362.0432543885677
cp_lh_5: 212.2503344913725
cp_tau_0: 160.0606543250284
cp_n: 7.94413768291239
cp_gamma_0: 3.333e-05
vp_s0: 93.655
vp_R: 3957.3
vp_d: 0.5651
vp_n: 7.3648
vp_eta: 721.59
