cp_tau_s: 3174.8
cp_b: 0.35318
cp_tau_0: 0.59264
cp_n: 16.921
cp_gamma_0: 3.25e-05
