cp_tau_s: 397.377640323587
cp_b: 19.363214438026365
cp_tau_0: 92.60633174868244
cp_n: 5.657859770530069
cp_gamma_0: 3.25e-05
