cp_tau_s: 1937.8653943972056
cp_b: 13.73651907628104
cp_tau_0: 304.463322400113
cp_n: 11.305525902675136
cp_gamma_0: 3.25e-05
