cp_lh_0: 612.5992381804293
cp_lh_1: 246.17153486993732
cp_tau_0: 284.9038494009411
cp_n: 3.6093052837201522
cp_gamma_0: 6.275692204018957e-05
