cp_lh_0: 101.80468795806232
cp_lh_1: 154.7243717709601
cp_lh_2: 236.43597882950553
cp_lh_3: 361.3603975654088
cp_lh_4: 352.9741080056817
cp_lh_5: 101.00045056751571
cp_tau_0: 99.09825349705415
cp_n: 15.921576855003474
cp_gamma_0: 3.333e-05
vp_s0: 93.655
vp_R: 3957.3
vp_d: 0.5651
vp_n: 7.3648
vp_eta: 721.59
