cp_lh_0: 188.1522493009302
cp_lh_1: 221.51179070210446
cp_lh_2: 62.288513513928564
cp_lh_3: 348.3621104573411
cp_lh_4: 331.4023227130089
cp_lh_5: 10.853216523753781
cp_tau_0: 60.7966443850033
cp_n: 15.63504591699312
cp_gamma_0: 3.333e-05
vp_s0: 93.655
vp_R: 3957.3
vp_d: 0.5651
vp_n: 7.3648
vp_eta: 721.59
