cp_lh_0: 520.298823079849
cp_lh_1: 273.80608826248
cp_tau_0: 218.5508083442554
cp_n: 1.04947197113975
cp_gamma_0: 3.25e-05
