cp_tau_s: 1288.712494564053
cp_b: 14.993267350137025
cp_tau_0: 302.6401510892357
cp_n: 5.189562887798958
cp_gamma_0: 3.25e-05
