cp_lh_0: 17.283819576662278
cp_lh_1: 115.87614308160208
cp_tau_0: 191.39416020817578
cp_n: 6.438455518416692
cp_gamma_0: 3.333e-05
vp_s0: 93.655
vp_R: 3957.3
vp_d: 0.5651
vp_n: 7.3648
vp_eta: 721.59
