cp_lh_0: 908.2985868235578
cp_lh_1: 437.73930418003226
cp_tau_0: 395.1422671069346
cp_n: 8.004923689178057
cp_gamma_0: 3.25e-05
