cp_tau_s: 986.0303215933881
cp_b: 15.856700007691577
cp_tau_0: 85.607808035038
cp_n: 19.65731534900447
cp_gamma_0: 3.25e-05
