cp_tau_s: 1277.0389607832465
cp_b: 0.4278139472219542
cp_tau_0: 139.8586013285798
cp_n: 17.003472263390034
cp_gamma_0: 3.25e-05
