cp_lh_0: 47.757025077178604
cp_lh_1: 825.1451180721124
cp_tau_0: 32.88299852739793
cp_n: 10.815531291008543
cp_gamma_0: 3.25e-05
