cp_tau_s: 306.35660195655834
cp_b: 9.764463789502852
cp_tau_0: 210.3908427333989
cp_n: 14.15275674279432
cp_gamma_0: 3.25e-05
