cp_tau_s: 280.577924089023
cp_b: 8.738916933092693
cp_tau_0: 415.5308662802835
cp_n: 16.01797681227079
cp_gamma_0: 3.25e-05
