cp_tau_s: 738.3428592481985
cp_b: 2.8840066807753257
cp_tau_0: 350.8376603414777
cp_n: 12.270761424354285
cp_gamma_0: 6.484510983177698e-05
