cp_tau_s: 3085.659404484947
cp_b: 5.793478888510473
cp_tau_0: 102.98583065060075
cp_n: 12.45924443593807
cp_gamma_0: 3.25e-05
