cp_lh_0: 554.1357061443464
cp_lh_1: 469.42941184356386
cp_lh_2: 280.09360737300125
cp_lh_3: 54.72674581294871
cp_lh_4: 212.22570737419755
cp_lh_5: 936.2000457323069
cp_tau_0: 173.01287948573517
cp_n: 11.198359564481112
cp_gamma_0: 3.25e-05
