cp_tau_s: 77.04952959031495
cp_b: 19.636543990985686
cp_tau_0: 387.4648766543059
cp_n: 12.6621340854566
cp_gamma_0: 3.25e-05
