cp_lh_0: 380.6632070682295
cp_lh_1: 391.489993576972
cp_tau_0: 49.459777076487676
cp_n: 5.278259713493811
cp_gamma_0: 3.333e-05
vp_s0: 93.655
vp_R: 3957.3
vp_d: 0.5651
vp_n: 7.3648
vp_eta: 721.59
