cp_tau_s: 107.02478347968474
cp_b: 13.834465328964047
cp_tau_0: 473.9682752758633
cp_n: 7.164303675788245
cp_gamma_0: 3.25e-05
