cp_tau_s: 692.3037659096717
cp_b: 2.769932530410431
cp_tau_0: 124.24411627911331
cp_n: 12.585744747430667
cp_gamma_0: 9.039641441541742e-05
