cp_tau_s: 549.6438857051262
cp_b: 15.9521352251865
cp_tau_0: 285.70919470608004
cp_n: 3.1952574159197886
cp_gamma_0: 3.25e-05
