cp_tau_s: 75.27731930522819
cp_b: 17.782715179297803
cp_tau_0: 227.6889031202701
cp_n: 19.883024014625562
cp_gamma_0: 3.25e-05
