cp_lh_0: 465.73916924166684
cp_lh_1: 315.057959715831
cp_lh_2: 865.990043898747
cp_lh_3: 983.7050225932428
cp_lh_4: 739.0476900728446
cp_lh_5: 759.2521867049531
cp_tau_0: 341.51688663766157
cp_n: 5.735812811284316
cp_gamma_0: 3.25e-05
