cp_lh_0: 436.7879157389559
cp_lh_1: 129.5633096368477
cp_lh_2: 467.11105895762967
cp_lh_3: 984.8464278537799
cp_lh_4: 892.640371531558
cp_lh_5: 402.5099296709362
cp_tau_0: 459.7109384577069
cp_n: 8.496657414205004
cp_gamma_0: 3.25e-05
