cp_tau_s: 987.410703903991
cp_b: 3.773501035370286
cp_tau_0: 109.1750347510036
cp_n: 19.71534545399608
cp_gamma_0: 3.25e-05
