cp_tau_s: 1230.9007199839914
cp_b: 6.766245846448483
cp_tau_0: 61.874833251300274
cp_n: 7.610060321576127
cp_gamma_0: 2.58032327894617e-05
