cp_lh_0: 278.58048039601834
cp_lh_1: 251.78273492952
cp_tau_0: 161.82211967369363
cp_n: 5.01324936978994
cp_gamma_0: 3.333e-05
vp_s0: 93.655
vp_R: 3957.3
vp_d: 0.5651
vp_n: 7.3648
vp_eta: 721.59
