cp_lh_0: 225.84217326478085
cp_lh_1: 392.29534955557466
cp_lh_2: 193.55772266487398
cp_lh_3: 366.3771716976167
cp_lh_4: 51.328137323252996
cp_lh_5: 67.55723713013258
cp_tau_0: 98.00008402128125
cp_n: 8.967864146470788
cp_gamma_0: 3.333e-05
vp_s0: 93.655
vp_R: 3957.3
vp_d: 0.5651
vp_n: 7.3648
vp_eta: 721.59
