cp_tau_s: 3126.069180856136
cp_b: 9.974886469993997
cp_tau_0: 266.12945692134116
cp_n: 14.062731541410399
cp_gamma_0: 3.25e-05
