cp_tau_s: 675.201548201113
cp_b: 0.5694131076153144
cp_tau_0: 190.12369924262242
cp_n: 2.6555083678058145
cp_gamma_0: 3.333e-05
vp_s0: 93.655
vp_R: 3957.3
vp_d: 0.5651
vp_n: 7.3648
vp_eta: 721.59
