cp_lh_0: 355.56074964213184
cp_lh_1: 82.32001758530897
cp_lh_2: 177.48426519876787
cp_lh_3: 291.25088980687553
cp_lh_4: 336.73658044370274
cp_lh_5: 234.89774401158488
cp_tau_0: 50.545196635916945
cp_n: 3.770969510413526
cp_gamma_0: 3.333e-05
vp_s0: 93.655
vp_R: 3957.3
vp_d: 0.5651
vp_n: 7.3648
vp_eta: 721.59
