cp_tau_s: 986.8795945056515
cp_b: 2.8641243163998586
cp_tau_0: 167.96088627580625
cp_n: 11.138182898372817
cp_gamma_0: 3.25e-05
