cp_tau_s: 1569.3036911275856
cp_b: 13.518692088738813
cp_tau_0: 299.9581114181333
cp_n: 1.4770420799219726
cp_gamma_0: 3.25e-05
