cp_tau_s: 1726.6703063559416
cp_b: 5.547387635921361
cp_tau_0: 207.57143105312952
cp_n: 15.529846932475442
cp_gamma_0: 3.25e-05
