cp_lh_0: 249.2311957210096
cp_lh_1: 224.43359054371626
cp_tau_0: 113.86485796253531
cp_n: 9.2402829435621
cp_gamma_0: 3.333e-05
vp_s0: 93.655
vp_R: 3957.3
vp_d: 0.5651
vp_n: 7.3648
vp_eta: 721.59
