cp_lh_0: 3.8329002274735178
cp_lh_1: 93.49410986609928
cp_tau_0: 66.49147597091782
cp_n: 4.4307530044084835
cp_gamma_0: 3.333e-05
vp_s0: 93.655
vp_R: 3957.3
vp_d: 0.5651
vp_n: 7.3648
vp_eta: 721.59
