cp_lh_0: 56.58744702694625
cp_lh_1: 228.39935694526977
cp_lh_2: 72.73767660336897
cp_lh_3: 68.13051372695598
cp_lh_4: 146.17480545894594
cp_lh_5: 144.13959253367003
cp_tau_0: 92.46794291994334
cp_n: 12.022500653119373
cp_gamma_0: 3.333e-05
vp_s0: 93.655
vp_R: 3957.3
vp_d: 0.5651
vp_n: 7.3648
vp_eta: 721.59
