cp_lh_0: 209.3155451132862
cp_lh_1: 201.12570512335841
cp_tau_0: 35.15859588489026
cp_n: 9.817671733352823
cp_gamma_0: 3.333e-05
vp_s0: 93.655
vp_R: 3957.3
vp_d: 0.5651
vp_n: 7.3648
vp_eta: 721.59
