cp_tau_s: 1601.235395345078
cp_b: 9.887496055192612
cp_tau_0: 455.35398482399665
cp_n: 2.0687184237248344
cp_gamma_0: 3.25e-05
