cp_tau_s: 298.19052761720155
cp_b: 4.139694867681097
cp_tau_0: 378.68611181266124
cp_n: 8.705295723238109
cp_gamma_0: 1.817932669517858e-05
