cp_tau_s: 3952.449331858722
cp_b: 0.012032486205105775
cp_tau_0: 160.87840862521577
cp_n: 6.197495010212205
cp_gamma_0: 3.25e-05
