cp_lh_0: 113.93657600886344
cp_lh_1: 213.58562503376436
cp_tau_0: 192.03465753944505
cp_n: 9.365478271460855
cp_gamma_0: 3.333e-05
vp_s0: 93.655
vp_R: 3957.3
vp_d: 0.5651
vp_n: 7.3648
vp_eta: 721.59
