cp_lh_0: 346.83677342188275
cp_lh_1: 437.91702395054403
cp_tau_0: 3.1920946706763957
cp_n: 11.032702092837607
cp_gamma_0: 3.25e-05
