cp_lh_0: 292.09745473789275
cp_lh_1: 341.7906667900836
cp_tau_0: 131.67427703445216
cp_n: 4.028622563527428
cp_gamma_0: 3.333e-05
vp_s0: 93.655
vp_R: 3957.3
vp_d: 0.5651
vp_n: 7.3648
vp_eta: 721.59
