cp_tau_s: 1585.1349089031883
cp_b: 7.476998783433529
cp_tau_0: 336.20248796287444
cp_n: 11.989901136074215
cp_gamma_0: 4.7736398542461353e-05
