cp_tau_s: 941.0684933048342
cp_b: 1.8022087680378878
cp_tau_0: 250.39696286392916
cp_n: 5.950407892460766
cp_gamma_0: 3.25e-05
