cp_tau_s: 216.57988616699848
cp_b: 2.205601028304462
cp_tau_0: 100.64657362397573
cp_n: 2.8317473497129706
cp_gamma_0: 3.25e-05
