cp_lh_0: 369.65506684273646
cp_lh_1: 371.50622828844826
cp_tau_0: 468.85816626195884
cp_n: 2.4577680050593127
cp_gamma_0: 3.25e-05
