cp_lh_0: 12.57783109924685
cp_lh_1: 382.58582489835607
cp_lh_2: 15.847432192744975
cp_lh_3: 160.98648392066747
cp_lh_4: 285.2286038423686
cp_lh_5: 159.78834175890216
cp_tau_0: 171.36315501491904
cp_n: 6.3000777053477135
cp_gamma_0: 3.333e-05
vp_s0: 93.655
vp_R: 3957.3
vp_d: 0.5651
vp_n: 7.3648
vp_eta: 721.59
