cp_lh_0: 250.62111072996055
cp_lh_1: 361.4594929438982
cp_tau_0: 145.93313077231954
cp_n: 2.768095543540734
cp_gamma_0: 3.333e-05
vp_s0: 93.655
vp_R: 3957.3
vp_d: 0.5651
vp_n: 7.3648
vp_eta: 721.59
