cp_lh_0: 822.436141941578
cp_lh_1: 250.46259816840387
cp_lh_2: 711.3774417470382
cp_lh_3: 233.31392219322194
cp_lh_4: 512.8023093164282
cp_lh_5: 166.97916756577473
cp_tau_0: 317.13746366047354
cp_n: 15.226627386612428
cp_gamma_0: 3.25e-05
