cp_lh_0: 342.6590086828726
cp_lh_1: 370.7138388402197
cp_tau_0: 162.63948130412464
cp_n: 13.847161769478705
cp_gamma_0: 3.333e-05
vp_s0: 93.655
vp_R: 3957.3
vp_d: 0.5651
vp_n: 7.3648
vp_eta: 721.59
