cp_tau_s: 1069.7301251084293
cp_b: 4.773196001416682
cp_tau_0: 121.51801761747993
cp_n: 11.371752150290337
cp_gamma_0: 3.25e-05
