cp_tau_s: 1145.99745611467
cp_b: 15.3389804862309
cp_tau_0: 106.87073208970214
cp_n: 4.134909699236996
cp_gamma_0: 3.25e-05
