cp_tau_s: 3334.999897071576
cp_b: 5.7289481661536
cp_tau_0: 392.77057071123534
cp_n: 8.593701842127647
cp_gamma_0: 3.25e-05
