cp_lh_0: 243.98015803290548
cp_lh_1: 306.6213785566509
cp_tau_0: 82.10466107515404
cp_n: 2.8678156302729017
cp_gamma_0: 3.333e-05
vp_s0: 93.655
vp_R: 3957.3
vp_d: 0.5651
vp_n: 7.3648
vp_eta: 721.59
