cp_tau_s: 416.01266990283136
cp_b: 7.21924219744566
cp_tau_0: 254.32339359481713
cp_n: 3.9521547964424673
cp_gamma_0: 3.333e-05
vp_s0: 93.655
vp_R: 3957.3
vp_d: 0.5651
vp_n: 7.3648
vp_eta: 721.59
