cp_lh_0: 114.14197115215683
cp_lh_1: 868.7168886576552
cp_tau_0: 250.3692338371654
cp_n: 9.337362585916063
cp_gamma_0: 3.25e-05
