cp_tau_s: 158.04263274050604
cp_b: 5.880200535710281
cp_tau_0: 93.80731592521599
cp_n: 11.086082206250078
cp_gamma_0: 2.795479154347423e-05
