cp_tau_s: 1874.8174065073254
cp_b: 7.27676278535491
cp_tau_0: 202.87141962408631
cp_n: 15.836937045328533
cp_gamma_0: 3.25e-05
