cp_lh_0: 160.87196606626642
cp_lh_1: 66.01996234276814
cp_tau_0: 169.5748791629993
cp_n: 9.065782909092809
cp_gamma_0: 3.333e-05
vp_s0: 93.655
vp_R: 3957.3
vp_d: 0.5651
vp_n: 7.3648
vp_eta: 721.59
