cp_lh_0: 4.7279294280055995
cp_lh_1: 17.46584121405953
cp_tau_0: 77.64794433478237
cp_n: 13.070198212262328
cp_gamma_0: 3.333e-05
vp_s0: 93.655
vp_R: 3957.3
vp_d: 0.5651
vp_n: 7.3648
vp_eta: 721.59
