cp_tau_s: 83.29308257485702
cp_b: 0.9893504723824231
cp_tau_0: 351.8965435591005
cp_n: 10.960935656094748
cp_gamma_0: 3.25e-05
