cp_lh_0: 301.40510539542424
cp_lh_1: 290.1695658822288
cp_lh_2: 119.09158362383256
cp_lh_3: 220.64559371297298
cp_lh_4: 247.65882034247312
cp_lh_5: 163.12238460599147
cp_tau_0: 78.56813565258855
cp_n: 13.56073558624402
cp_gamma_0: 3.333e-05
vp_s0: 93.655
vp_R: 3957.3
vp_d: 0.5651
vp_n: 7.3648
vp_eta: 721.59
