cp_tau_s: 2424.4968410583183
cp_b: 5.832935617981249
cp_tau_0: 332.7875367760958
cp_n: 5.3386745125766595
cp_gamma_0: 3.25e-05
