cp_lh_0: 587.7538048634585
cp_lh_1: 889.2006501309223
cp_lh_2: 34.661460643896234
cp_lh_3: 462.6047206819182
cp_lh_4: 309.85187364129985
cp_lh_5: 322.2135406700056
cp_tau_0: 384.6313161275096
cp_n: 7.849964641047709
cp_gamma_0: 3.25e-05
