cp_lh_0: 134.62376051397092
cp_lh_1: 25.571222465688066
cp_tau_0: 26.059694042938315
cp_n: 1.1491485609630372
cp_gamma_0: 3.333e-05
vp_s0: 93.655
vp_R: 3957.3
vp_d: 0.5651
vp_n: 7.3648
vp_eta: 721.59
