cp_lh_0: 663.9870054353505
cp_lh_1: 125.31922825522544
cp_tau_0: 80.11708919173732
cp_n: 1.9758813255386645
cp_gamma_0: 5.004962135512905e-05
