cp_lh_0: 356.0758787759918
cp_lh_1: 198.58993254205905
cp_tau_0: 197.96586175185197
cp_n: 3.0660887095956166
cp_gamma_0: 3.333e-05
vp_s0: 93.655
vp_R: 3957.3
vp_d: 0.5651
vp_n: 7.3648
vp_eta: 721.59
