cp_tau_s: 159.4747161920071
cp_b: 0.9797426694954288
cp_tau_0: 161.32968070052902
cp_n: 2.9456608369809243
cp_gamma_0: 3.25e-05
