cp_lh_0: 25.060056261025785
cp_lh_1: 341.7432515099922
cp_lh_2: 340.90691279962624
cp_lh_3: 91.9225975184565
cp_lh_4: 194.72702796607913
cp_lh_5: 179.27521944173358
cp_tau_0: 181.32165221285956
cp_n: 2.1280045972393733
cp_gamma_0: 3.333e-05
vp_s0: 93.655
vp_R: 3957.3
vp_d: 0.5651
vp_n: 7.3648
vp_eta: 721.59
