cp_tau_s: 1991.8831573803109
cp_b: 10.610094445497701
cp_tau_0: 480.70550674572723
cp_n: 14.073895355853514
cp_gamma_0: 3.25e-05
