cp_tau_s: 1274.3607183776883
cp_b: 8.431713669554055
cp_tau_0: 9.360606595240382
cp_n: 6.569173380827918
cp_gamma_0: 3.25e-05
