cp_lh_0: 47.363540336640845
cp_lh_1: 346.3941010076536
cp_tau_0: 66.53824119970545
cp_n: 6.121488299745079
cp_gamma_0: 3.333e-05
vp_s0: 93.655
vp_R: 3957.3
vp_d: 0.5651
vp_n: 7.3648
vp_eta: 721.59
