cp_tau_s: 1583.1084374942625
cp_b: 14.864795081362807
cp_tau_0: 419.7690212831581
cp_n: 18.606360908295688
cp_gamma_0: 3.25e-05
