cp_tau_s: 442.61010915272993
cp_b: 4.457279155133506
cp_tau_0: 81.7021768085564
cp_n: 19.333097855025756
cp_gamma_0: 3.25e-05
