cp_tau_s: 335.06379847641335
cp_b: 3.609062799877674
cp_tau_0: 297.68322214541405
cp_n: 15.47461998227796
cp_gamma_0: 3.678378379483187e-05
