cp_tau_s: 2031.1010864360935
cp_b: 6.967057211861443
cp_tau_0: 444.6817027655617
cp_n: 7.441672985792682
cp_gamma_0: 3.25e-05
