cp_tau_s: 1588.374475552998
cp_b: 6.79284723310439
cp_tau_0: 95.34271084384585
cp_n: 15.854413914257913
cp_gamma_0: 3.25e-05
