cp_tau_s: 214.2301297970595
cp_b: 4.600072264007681
cp_tau_0: 345.34243884089034
cp_n: 1.1813288469589929
cp_gamma_0: 8.01687260166973e-05
