cp_tau_s: 1113.4586420780677
cp_b: 2.855061965898184
cp_tau_0: 307.97790554890094
cp_n: 14.852056947437532
cp_gamma_0: 3.333e-05
vp_s0: 93.655
vp_R: 3957.3
vp_d: 0.5651
vp_n: 7.3648
vp_eta: 721.59
