cp_lh_0: 916.1935919400411
cp_lh_1: 741.4379314002507
cp_tau_0: 168.61449066328422
cp_n: 12.626695800269054
cp_gamma_0: 3.25e-05
