cp_lh_0: 923.5176935883654
cp_lh_1: 685.5241604095293
cp_tau_0: 88.87866534646567
cp_n: 17.866914222506082
cp_gamma_0: 3.25e-05
