cp_tau_s: 2446.530941486152
cp_b: 2.0223664794239493
cp_tau_0: 191.44026463390477
cp_n: 9.428631914770095
cp_gamma_0: 3.25e-05
