cp_lh_0: 201.70385029222427
cp_lh_1: 0.0025055900927809884
cp_tau_0: 97.52546315171323
cp_n: 15.34944806979787
cp_gamma_0: 3.333e-05
vp_s0: 93.655
vp_R: 3957.3
vp_d: 0.5651
vp_n: 7.3648
vp_eta: 721.59
