cp_tau_s: 780.0522952939871
cp_b: 14.008495713924031
cp_tau_0: 252.40266056702683
cp_n: 19.21941903357334
cp_gamma_0: 3.25e-05
