cp_lh_0: 478.82523221545347
cp_lh_1: 368.25277729175025
cp_lh_2: 497.82427407803493
cp_lh_3: 172.2399627446936
cp_lh_4: 112.28738879167504
cp_lh_5: 233.91719779558971
cp_tau_0: 91.16839011287271
cp_n: 15.45689373824999
cp_gamma_0: 3.25e-05
