cp_tau_s: 1233.956145699574
cp_b: 4.082311498069652
cp_tau_0: 437.6199440784296
cp_n: 8.723499038406707
cp_gamma_0: 3.25e-05
