cp_tau_s: 101.85256781660885
cp_b: 17.490562041319144
cp_tau_0: 473.18667349660825
cp_n: 6.640025589846867
cp_gamma_0: 3.25e-05
