cp_tau_s: 229.65624610146352
cp_b: 7.998156219605193
cp_tau_0: 437.33064232443655
cp_n: 18.068216908603905
cp_gamma_0: 3.25e-05
