cp_tau_s: 90.73600664918496
cp_b: 13.255554699432821
cp_tau_0: 21.354489497545078
cp_n: 13.134493989350204
cp_gamma_0: 3.25e-05
