cp_tau_s: 490.65502021664594
cp_b: 9.837325872366948
cp_tau_0: 229.22325493770995
cp_n: 10.937481201032096
cp_gamma_0: 3.25e-05
