cp_tau_s: 29.018630805963266
cp_b: 13.607491950107434
cp_tau_0: 113.53974964629786
cp_n: 4.6296886944153135
cp_gamma_0: 3.25e-05
