cp_tau_s: 336.19547098024555
cp_b: 15.777628083071493
cp_tau_0: 331.59270696800127
cp_n: 9.574241434894638
cp_gamma_0: 3.25e-05
