cp_tau_s: 636.6829759971553
cp_b: 0.6100409256816598
cp_tau_0: 46.22375812215937
cp_n: 3.1375030747664763
cp_gamma_0: 9.228702196917125e-05
