cp_tau_s: 486.3992857023052
cp_b: 4.583015424463705
cp_tau_0: 146.50618894845397
cp_n: 3.0362217588059495
cp_gamma_0: 3.25e-05
