cp_tau_s: 572.551950545306
cp_b: 16.62527837479661
cp_tau_0: 266.46624526959476
cp_n: 15.170193220375515
cp_gamma_0: 3.25e-05
