cp_lh_0: 192.6020584825456
cp_lh_1: 109.55380901614559
cp_tau_0: 91.92841385152465
cp_n: 1.3474606658996335
cp_gamma_0: 3.333e-05
vp_s0: 93.655
vp_R: 3957.3
vp_d: 0.5651
vp_n: 7.3648
vp_eta: 721.59
