cp_lh_0: 211.0613986205936
cp_lh_1: 160.21661906200305
cp_tau_0: 156.44389052255315
cp_n: 6.78810820315364
cp_gamma_0: 3.333e-05
vp_s0: 93.655
vp_R: 3957.3
vp_d: 0.5651
vp_n: 7.3648
vp_eta: 721.59
