cp_lh_0: 392.9510927652881
cp_lh_1: 312.5168293579344
cp_tau_0: 103.49229517044458
cp_n: 14.192658245651783
cp_gamma_0: 3.333e-05
vp_s0: 93.655
vp_R: 3957.3
vp_d: 0.5651
vp_n: 7.3648
vp_eta: 721.59
