cp_tau_s: 176.1623336073635
cp_b: 2.3808018061065765
cp_tau_0: 384.6534433700736
cp_n: 18.111363293498478
cp_gamma_0: 3.25e-05
