cp_lh_0: 254.4186994404606
cp_lh_1: 5.014287040144456
cp_tau_0: 126.8818707040546
cp_n: 3.4614147081923887
cp_gamma_0: 3.333e-05
vp_s0: 93.655
vp_R: 3957.3
vp_d: 0.5651
vp_n: 7.3648
vp_eta: 721.59
