cp_tau_s: 1428.9521771014756
cp_b: 5.296849913355457
cp_tau_0: 168.82268721649368
cp_n: 6.4629746614925585
cp_gamma_0: 3.25e-05
