cp_tau_s: 1534.9962799717596
cp_b: 15.5705733622707
cp_tau_0: 79.1137169554611
cp_n: 15.468178968864546
cp_gamma_0: 3.25e-05
