cp_lh_0: 171.29168511073613
cp_lh_1: 148.87325787984423
cp_tau_0: 92.74505873069509
cp_n: 3.796056787477013
cp_gamma_0: 3.333e-05
vp_s0: 93.655
vp_R: 3957.3
vp_d: 0.5651
vp_n: 7.3648
vp_eta: 721.59
