cp_tau_s: 499.11514283707675
cp_b: 0.6616365475951704
cp_tau_0: 8.85599242683862
cp_n: 15.591168670851532
cp_gamma_0: 5.349299085917596e-05
