cp_tau_s: 1280.7876536774834
cp_b: 1.80282940715356
cp_tau_0: 374.6316512437254
cp_n: 7.702161173095957
cp_gamma_0: 3.25e-05
