cp_tau_s: 1603.7
cp_b: 0.50764
cp_tau_0: 0.13064
cp_n: 2.884
cp_gamma_0: 3.25e-05
