cp_tau_s: 1638.612247807128
cp_b: 7.7973654080942545
cp_tau_0: 72.244798321204
cp_n: 10.976120381372345
cp_gamma_0: 3.25e-05
