cp_lh_0: 187.11039230804815
cp_lh_1: 91.90803844386824
cp_tau_0: 63.987369995968955
cp_n: 15.549514353123602
cp_gamma_0: 3.333e-05
vp_s0: 93.655
vp_R: 3957.3
vp_d: 0.5651
vp_n: 7.3648
vp_eta: 721.59
