cp_tau_s: 1481.5155813136357
cp_b: 19.24395726150032
cp_tau_0: 37.79763450135982
cp_n: 18.885311536645695
cp_gamma_0: 3.25e-05
