cp_tau_s: 1550.1274236645029
cp_b: 2.3050367741933986
cp_tau_0: 477.68652076267244
cp_n: 12.170102423063945
cp_gamma_0: 3.25e-05
