cp_lh_0: 104.74819817725687
cp_lh_1: 370.48733349541425
cp_lh_2: 372.8241456858753
cp_lh_3: 357.9547888120557
cp_lh_4: 133.11828524491762
cp_lh_5: 50.9225718817258
cp_tau_0: 141.36441084756336
cp_n: 15.029204297162721
cp_gamma_0: 3.333e-05
vp_s0: 93.655
vp_R: 3957.3
vp_d: 0.5651
vp_n: 7.3648
vp_eta: 721.59
