cp_tau_s: 448.0721004989638
cp_b: 5.255727654510597
cp_tau_0: 210.60499955061357
cp_n: 2.315291989819701
cp_gamma_0: 1.0417991567820775e-05
