cp_tau_s: 880.5877216776514
cp_b: 0.8222385007432443
cp_tau_0: 419.44882612224046
cp_n: 7.056298812462932
cp_gamma_0: 3.25e-05
