cp_lh_0: 345.6007181212098
cp_lh_1: 392.37050080517844
cp_tau_0: 123.62552172400952
cp_n: 3.5983348969386246
cp_gamma_0: 3.333e-05
vp_s0: 93.655
vp_R: 3957.3
vp_d: 0.5651
vp_n: 7.3648
vp_eta: 721.59
