cp_tau_s: 1497.918290758875
cp_b: 6.753777669168782
cp_tau_0: 268.31154624726696
cp_n: 17.41713250319394
cp_gamma_0: 3.25e-05
