cp_lh_0: 113.22757490933886
cp_lh_1: 169.64706825609537
cp_lh_2: 58.97978829467972
cp_lh_3: 298.10418952490784
cp_lh_4: 264.4327409892068
cp_lh_5: 254.56844706525678
cp_tau_0: 48.006959115442925
cp_n: 12.531905442136816
cp_gamma_0: 3.333e-05
vp_s0: 93.655
vp_R: 3957.3
vp_d: 0.5651
vp_n: 7.3648
vp_eta: 721.59
