cp_tau_s: 251.77927191070347
cp_b: 7.5013422478235405
cp_tau_0: 339.94502528536015
cp_n: 3.6173572394552287
cp_gamma_0: 6.78274530770281e-05
