cp_tau_s: 1827.2154730455584
cp_b: 8.168718970041162
cp_tau_0: 270.14055509147073
cp_n: 3.5722984878825526
cp_gamma_0: 3.25e-05
