cp_lh_0: 420.38825851208094
cp_lh_1: 541.2702956385356
cp_tau_0: 6.795682578965165
cp_n: 3.791513010515734
cp_gamma_0: 3.25e-05
