cp_tau_s: 1784.0874871341791
cp_b: 19.70428419925607
cp_tau_0: 23.71539492800504
cp_n: 10.243605986437089
cp_gamma_0: 3.25e-05
