cp_tau_s: 231.63725303175644
cp_b: 2.2880798967412286
cp_tau_0: 330.1739945752646
cp_n: 13.91975184467083
cp_gamma_0: 2.417922595833897e-05
