cp_tau_s: 2750.1216024046003
cp_b: 8.009045880301246
cp_tau_0: 348.50587350623186
cp_n: 18.80847918084364
cp_gamma_0: 3.25e-05
