cp_lh_0: 17.466790797316417
cp_lh_1: 554.5645442570499
cp_lh_2: 653.4539414800206
cp_lh_3: 854.8381951713048
cp_lh_4: 215.7059538526771
cp_lh_5: 522.5482710164636
cp_tau_0: 53.81159823601482
cp_n: 13.976717697266478
cp_gamma_0: 3.25e-05
