cp_lh_0: 1.3584645022962325
cp_lh_1: 208.5041488200557
cp_lh_2: 251.29054490109007
cp_lh_3: 320.3610992861228
cp_lh_4: 107.12172325577592
cp_lh_5: 105.84373936178979
cp_tau_0: 120.32243700910854
cp_n: 4.990322669964717
cp_gamma_0: 3.333e-05
vp_s0: 93.655
vp_R: 3957.3
vp_d: 0.5651
vp_n: 7.3648
vp_eta: 721.59
