cp_lh_0: 130.27233131399373
cp_lh_1: 116.11356520846383
cp_tau_0: 103.66170240527252
cp_n: 5.870189297243856
cp_gamma_0: 3.333e-05
vp_s0: 93.655
vp_R: 3957.3
vp_d: 0.5651
vp_n: 7.3648
vp_eta: 721.59
