cp_lh_0: 235.6422158509756
cp_lh_1: 163.42793116532584
cp_tau_0: 102.82988043658862
cp_n: 10.96004394637165
cp_gamma_0: 3.333e-05
vp_s0: 93.655
vp_R: 3957.3
vp_d: 0.5651
vp_n: 7.3648
vp_eta: 721.59
