cp_tau_s: 3789.6733679297067
cp_b: 7.962187581470833
cp_tau_0: 349.57747679441246
cp_n: 2.7984582556024087
cp_gamma_0: 3.25e-05
