cp_tau_s: 1574.1560195905038
cp_b: 19.19638863966147
cp_tau_0: 444.89501476767725
cp_n: 12.291876805403318
cp_gamma_0: 3.25e-05
