cp_tau_s: 529.3915903011284
cp_b: 6.806198127187081
cp_tau_0: 35.72696866123537
cp_n: 12.011127863937812
cp_gamma_0: 7.783824177287396e-05
