cp_lh_0: 39.57667900778308
cp_lh_1: 25.45364540423587
cp_tau_0: 2.370317528909277
cp_n: 10.132476321600938
cp_gamma_0: 3.333e-05
vp_s0: 93.655
vp_R: 3957.3
vp_d: 0.5651
vp_n: 7.3648
vp_eta: 721.59
