cp_tau_s: 1173.6879255380898
cp_b: 2.466993015841164
cp_tau_0: 148.68839552278047
cp_n: 8.850046879772119
cp_gamma_0: 3.25e-05
