cp_tau_s: 51.757430356192316
cp_b: 3.3196520796404423
cp_tau_0: 423.1112683978668
cp_n: 4.1912770783623365
cp_gamma_0: 3.25e-05
