cp_lh_0: 7.429193243097362
cp_lh_1: 795.8465508116817
cp_tau_0: 129.89472431808147
cp_n: 1.7933680910178924
cp_gamma_0: 7.81860982982757e-05
