cp_lh_0: 7.116987528320939
cp_lh_1: 64.32753675022013
cp_tau_0: 165.37172866960756
cp_n: 15.804773532150472
cp_gamma_0: 3.333e-05
vp_s0: 93.655
vp_R: 3957.3
vp_d: 0.5651
vp_n: 7.3648
vp_eta: 721.59
