cp_lh_0: 277.4256345259248
cp_lh_1: 335.7883856543177
cp_tau_0: 176.11500453612092
cp_n: 11.081788299310741
cp_gamma_0: 3.333e-05
vp_s0: 93.655
vp_R: 3957.3
vp_d: 0.5651
vp_n: 7.3648
vp_eta: 721.59
