cp_lh_0: 670.7965973328887
cp_lh_1: 97.08541449201606
cp_lh_2: 896.0561494446765
cp_lh_3: 693.1559845594701
cp_lh_4: 658.6887799301945
cp_lh_5: 414.1345522010987
cp_tau_0: 361.25257631479997
cp_n: 17.686503089407356
cp_gamma_0: 3.25e-05
