cp_tau_s: 1049.0156123178563
cp_b: 14.090131290598295
cp_tau_0: 104.48262214003898
cp_n: 5.947424213328142
cp_gamma_0: 3.25e-05
