cp_tau_s: 90.96836792934197
cp_b: 2.4855689581650164
cp_tau_0: 215.2785392238549
cp_n: 4.3120751641624055
cp_gamma_0: 4.5962555846702526e-05
