cp_lh_0: 290.24292967014554
cp_lh_1: 87.9595511803844
cp_lh_2: 381.07550818405656
cp_lh_3: 70.06536127363586
cp_lh_4: 374.8945865384669
cp_lh_5: 258.79138971657676
cp_tau_0: 175.3803986961888
cp_n: 3.35750306784924
cp_gamma_0: 3.333e-05
vp_s0: 93.655
vp_R: 3957.3
vp_d: 0.5651
vp_n: 7.3648
vp_eta: 721.59
