cp_lh_0: 253.96317839810473
cp_lh_1: 36.71270199621688
cp_tau_0: 115.87148919450507
cp_n: 3.483198782075946
cp_gamma_0: 3.333e-05
vp_s0: 93.655
vp_R: 3957.3
vp_d: 0.5651
vp_n: 7.3648
vp_eta: 721.59
