cp_tau_s: 636.9467322827562
cp_b: 16.700655500749683
cp_tau_0: 387.1589620329238
cp_n: 4.865640063435559
cp_gamma_0: 3.25e-05
