cp_lh_0: 205.89313234500602
cp_lh_1: 287.8841392551847
cp_tau_0: 46.865638917706406
cp_n: 9.796344375909028
cp_gamma_0: 3.333e-05
vp_s0: 93.655
vp_R: 3957.3
vp_d: 0.5651
vp_n: 7.3648
vp_eta: 721.59
