cp_tau_s: 521.9040921713563
cp_b: 7.96813645272535
cp_tau_0: 155.63482078706105
cp_n: 11.292682029862425
cp_gamma_0: 4.2427691327383854e-05
