cp_lh_0: 110.57166329167649
cp_lh_1: 152.71924583786094
cp_tau_0: 79.16878429996736
cp_n: 15.670618295420107
cp_gamma_0: 3.333e-05
vp_s0: 93.655
vp_R: 3957.3
vp_d: 0.5651
vp_n: 7.3648
vp_eta: 721.59
