cp_lh_0: 131.39
cp_lh_1: 0.34424
cp_lh_2: 174.58
cp_lh_3: 223.75
cp_lh_4: 90.76
cp_lh_5: 0.78956
cp_tau_0: 27.132
cp_n: 17.265
cp_gamma_0: 3.25e-05
