cp_lh_0: 4.952695694842262
cp_lh_1: 76.0759597596818
cp_lh_2: 325.92193552480285
cp_lh_3: 173.16535698311014
cp_lh_4: 216.33745121442746
cp_lh_5: 214.73728851052186
cp_tau_0: 179.010665868534
cp_n: 13.24731352108666
cp_gamma_0: 3.333e-05
vp_s0: 93.655
vp_R: 3957.3
vp_d: 0.5651
vp_n: 7.3648
vp_eta: 721.59
