cp_tau_s: 969.9342296994282
cp_b: 3.5656857940070776
cp_tau_0: 321.5978053993963
cp_n: 14.815667466926199
cp_gamma_0: 3.333e-05
vp_s0: 93.655
vp_R: 3957.3
vp_d: 0.5651
vp_n: 7.3648
vp_eta: 721.59
