cp_tau_s: 1158.5015451446234
cp_b: 1.1804842873720618
cp_tau_0: 318.63194712282325
cp_n: 1.8539616510213288
cp_gamma_0: 3.25e-05
