cp_lh_0: 945.4368446874603
cp_lh_1: 160.5327377877104
cp_tau_0: 425.1004402746516
cp_n: 7.563593267771003
cp_gamma_0: 3.25e-05
