cp_tau_s: 1233.2600511447456
cp_b: 13.170969455891264
cp_tau_0: 285.7470977202874
cp_n: 7.6338283298397585
cp_gamma_0: 3.25e-05
