cp_tau_s: 1866.973974499369
cp_b: 0.6362131700009293
cp_tau_0: 159.1267081677203
cp_n: 6.074632763746757
cp_gamma_0: 3.25e-05
