cp_lh_0: 298.84526899853205
cp_lh_1: 318.2561956800073
cp_tau_0: 181.50822870278625
cp_n: 12.692267341520662
cp_gamma_0: 3.333e-05
vp_s0: 93.655
vp_R: 3957.3
vp_d: 0.5651
vp_n: 7.3648
vp_eta: 721.59
