cp_lh_0: 362.2887400736627
cp_lh_1: 260.4796542948846
cp_tau_0: 176.83041907758616
cp_n: 10.34683466604603
cp_gamma_0: 3.333e-05
vp_s0: 93.655
vp_R: 3957.3
vp_d: 0.5651
vp_n: 7.3648
vp_eta: 721.59
