cp_lh_0: 941.1105648806712
cp_lh_1: 875.8281389591843
cp_lh_2: 901.9129062613936
cp_lh_3: 582.9933088255815
cp_lh_4: 997.8901863925739
cp_lh_5: 57.652434395371905
cp_tau_0: 136.62606945431804
cp_n: 19.561908081137638
cp_gamma_0: 3.25e-05
