cp_tau_s: 1127.060721997684
cp_b: 7.386000478454577
cp_tau_0: 175.50475644375257
cp_n: 7.829740785270033
cp_gamma_0: 3.25e-05
