cp_tau_s: 427.28748489520905
cp_b: 2.1943788269232716
cp_tau_0: 284.1388148963854
cp_n: 14.191490013911961
cp_gamma_0: 3.25e-05
