cp_lh_0: 0.73278
cp_lh_1: 707.54
cp_lh_2: 0.00055707
cp_lh_3: 648.66
cp_lh_4: 636.57
cp_lh_5: 775.01
cp_tau_0: 27.578
cp_n: 5.0061
cp_gamma_0: 3.25e-05
