cp_tau_s: 509.09570817588735
cp_b: 4.358234647871425
cp_tau_0: 337.663729249553
cp_n: 14.975307214634991
cp_gamma_0: 3.25e-05
