cp_lh_0: 754.8484859480626
cp_lh_1: 979.783840768433
cp_lh_2: 340.78396780234795
cp_lh_3: 973.1321451574686
cp_lh_4: 169.30469779602834
cp_lh_5: 257.6159066249851
cp_tau_0: 177.56956483719975
cp_n: 10.25988768152399
cp_gamma_0: 3.25e-05
