cp_lh_0: 160.6389014419355
cp_lh_1: 337.2973539365209
cp_lh_2: 92.84755753973289
cp_lh_3: 322.09069864412305
cp_lh_4: 45.15588341871196
cp_lh_5: 136.5844462295479
cp_tau_0: 6.6066551505569215
cp_n: 1.3250975346569995
cp_gamma_0: 3.333e-05
vp_s0: 93.655
vp_R: 3957.3
vp_d: 0.5651
vp_n: 7.3648
vp_eta: 721.59
