cp_tau_s: 0.45542
cp_b: 0.00012353
cp_tau_0: 0.04223
cp_n: 1.7872
cp_gamma_0: 3.25e-05
