cp_tau_s: 1364.8996384018058
cp_b: 5.092063532379455
cp_tau_0: 380.240766408589
cp_n: 15.740285999635256
cp_gamma_0: 3.333e-05
vp_s0: 93.655
vp_R: 3957.3
vp_d: 0.5651
vp_n: 7.3648
vp_eta: 721.59
