cp_tau_s: 125.51108253860667
cp_b: 0.9916353071857167
cp_tau_0: 376.65185644058295
cp_n: 10.671760782688887
cp_gamma_0: 2.1728723374393886e-05
