cp_tau_s: 1720.6479125700669
cp_b: 1.509859020538692
cp_tau_0: 409.8514461195721
cp_n: 2.6635830868116965
cp_gamma_0: 3.25e-05
