cp_lh_0: 358.63464481386563
cp_lh_1: 464.4034349795151
cp_tau_0: 309.1918063430216
cp_n: 5.734521502581789
cp_gamma_0: 3.25e-05
