cp_tau_s: 1541.9340283606748
cp_b: 5.206177697486297
cp_tau_0: 132.58724821295186
cp_n: 18.52221043967125
cp_gamma_0: 3.25e-05
