cp_lh_0: 438.06460603233
cp_lh_1: 16.12580897903361
cp_lh_2: 134.62708617351967
cp_lh_3: 169.203332657384
cp_lh_4: 390.88928428193464
cp_lh_5: 1.6078706366079374
cp_tau_0: 87.60957321612455
cp_n: 9.876664735708738
cp_gamma_0: 3.25e-05
