cp_lh_0: 110.54814253093531
cp_lh_1: 664.027968255618
cp_lh_2: 968.5410635481314
cp_lh_3: 41.800377714354646
cp_lh_4: 607.7017465182589
cp_lh_5: 717.5206225942932
cp_tau_0: 233.24074538046472
cp_n: 2.355948583238244
cp_gamma_0: 3.25e-05
