cp_lh_0: 41.000671095594235
cp_lh_1: 338.64695244307853
cp_tau_0: 103.34400366290957
cp_n: 2.994887963120226
cp_gamma_0: 3.333e-05
vp_s0: 93.655
vp_R: 3957.3
vp_d: 0.5651
vp_n: 7.3648
vp_eta: 721.59
