cp_tau_s: 750.675738909897
cp_b: 13.077833326196302
cp_tau_0: 165.18368077249548
cp_n: 14.736818185451165
cp_gamma_0: 3.25e-05
