cp_tau_s: 2792.229348721185
cp_b: 4.4902939926547125
cp_tau_0: 689.1681277775956
cp_n: 1.08570256802796
cp_gamma_0: 3.25e-05
