cp_tau_s: 1772.1004248951715
cp_b: 3.284824478508855
cp_tau_0: 157.4451408287061
cp_n: 4.167263227939086
cp_gamma_0: 3.25e-05
