cp_tau_s: 1668.479528056618
cp_b: 5.924060427446065
cp_tau_0: 75.59181465000722
cp_n: 10.906573819747605
cp_gamma_0: 3.25e-05
