cp_lh_0: 384.112334176347
cp_lh_1: 325.9501142264028
cp_lh_2: 298.63726086451254
cp_lh_3: 264.3160489146186
cp_lh_4: 239.79119212080295
cp_lh_5: 112.87719338558355
cp_tau_0: 22.579255852684078
cp_n: 7.726085328614285
cp_gamma_0: 3.333e-05
vp_s0: 93.655
vp_R: 3957.3
vp_d: 0.5651
vp_n: 7.3648
vp_eta: 721.59
