cp_tau_s: 910.7981660366103
cp_b: 2.729338042036617
cp_tau_0: 189.0184348029363
cp_n: 1.8858750353970875
cp_gamma_0: 3.25e-05
