cp_tau_s: 318.15273573740393
cp_b: 6.4304854623296475
cp_tau_0: 259.9026410137782
cp_n: 14.729929077710285
cp_gamma_0: 9.820117033557987e-05
