cp_tau_s: 1794.693376078571
cp_b: 14.013395433373665
cp_tau_0: 105.53090764875722
cp_n: 5.47356159336746
cp_gamma_0: 3.25e-05
