cp_lh_0: 754.6327346989729
cp_lh_1: 797.7091373412809
cp_lh_2: 691.5293407075012
cp_lh_3: 962.53872247695
cp_lh_4: 728.1075506819633
cp_lh_5: 632.9589243141227
cp_tau_0: 388.30537564569744
cp_n: 12.564061241497424
cp_gamma_0: 3.25e-05
