cp_tau_s: 1762.821205688026
cp_b: 9.594749617099726
cp_tau_0: 363.7893959505653
cp_n: 19.976430068358273
cp_gamma_0: 3.25e-05
