cp_lh_0: 379.9347180860202
cp_lh_1: 37.39090383322506
cp_tau_0: 64.12183016451762
cp_n: 5.183071208044571
cp_gamma_0: 3.333e-05
vp_s0: 93.655
vp_R: 3957.3
vp_d: 0.5651
vp_n: 7.3648
vp_eta: 721.59
