cp_tau_s: 1549.3635138009827
cp_b: 3.4566351730420397
cp_tau_0: 385.0194689981133
cp_n: 13.403056389010866
cp_gamma_0: 3.25e-05
