cp_tau_s: 794.3747670320529
cp_b: 2.1957072597287928
cp_tau_0: 329.9307494099678
cp_n: 7.8509069996656065
cp_gamma_0: 6.115812448069356e-05
