cp_lh_0: 187.03106924735346
cp_lh_1: 353.95975116499756
cp_tau_0: 167.17994920568722
cp_n: 14.6124853380323
cp_gamma_0: 3.333e-05
vp_s0: 93.655
vp_R: 3957.3
vp_d: 0.5651
vp_n: 7.3648
vp_eta: 721.59
