cp_lh_0: 246.64449995258698
cp_lh_1: 106.4081175888043
cp_tau_0: 173.3450170157375
cp_n: 12.0765506055569
cp_gamma_0: 3.8403095078470824e-05
