cp_tau_s: 3933.3431422937438
cp_b: 5.9221984479764505
cp_tau_0: 53.141372533191806
cp_n: 13.837226461354382
cp_gamma_0: 3.25e-05
