cp_tau_s: 1195.465137414086
cp_b: 5.384367822856731
cp_tau_0: 51.61989291716775
cp_n: 19.36925719212854
cp_gamma_0: 3.25e-05
