cp_lh_0: 162.83640393593643
cp_lh_1: 219.22033878456105
cp_tau_0: 248.265558956598
cp_n: 11.123404240981598
cp_gamma_0: 2.291043915071296e-05
