cp_lh_0: 964.4544597276797
cp_lh_1: 444.73517210296086
cp_lh_2: 337.52214409420213
cp_lh_3: 831.3881660238985
cp_lh_4: 899.3864857224863
cp_lh_5: 607.7051247737114
cp_tau_0: 412.6582841173272
cp_n: 4.145748275945404
cp_gamma_0: 3.25e-05
