cp_tau_s: 1566.5861432347053
cp_b: 5.933228261983701
cp_tau_0: 249.05377836005403
cp_n: 7.559537927264029
cp_gamma_0: 3.333e-05
vp_s0: 93.655
vp_R: 3957.3
vp_d: 0.5651
vp_n: 7.3648
vp_eta: 721.59
