cp_tau_s: 484.637444009086
cp_b: 4.1947933345339425
cp_tau_0: 342.6215434654479
cp_n: 5.2897606842654845
cp_gamma_0: 4.0341061802305216e-05
