cp_lh_0: 790.1548465737777
cp_lh_1: 236.4786669099995
cp_tau_0: 59.23332067430225
cp_n: 10.117344460864768
cp_gamma_0: 3.25e-05
