cp_tau_s: 1089.2094786167747
cp_b: 5.527060581163374
cp_tau_0: 242.47595164394357
cp_n: 19.81704792042829
cp_gamma_0: 3.25e-05
