cp_tau_s: 457.2483899124999
cp_b: 1.6406766739567613
cp_tau_0: 320.50371382466625
cp_n: 8.065660113734747
cp_gamma_0: 8.055265786081537e-05
