cp_tau_s: 1810.4834923441383
cp_b: 10.499254440582908
cp_tau_0: 459.7045604334631
cp_n: 15.843913733916029
cp_gamma_0: 3.25e-05
