cp_tau_s: 569.0856489030383
cp_b: 7.201580023513077
cp_tau_0: 104.63155772792645
cp_n: 10.263861836251566
cp_gamma_0: 6.953157708911672e-05
