cp_tau_s: 3892.258481779133
cp_b: 0.21939407969318425
cp_tau_0: 62.498851841148266
cp_n: 8.420435059041889
cp_gamma_0: 3.25e-05
