cp_lh_0: 237.61997954151585
cp_lh_1: 350.4100453806357
cp_lh_2: 181.80644515292764
cp_lh_3: 281.3642263619458
cp_lh_4: 303.0224756222124
cp_lh_5: 274.7888909920231
cp_tau_0: 126.50351895049468
cp_n: 4.300279027493776
cp_gamma_0: 3.333e-05
vp_s0: 93.655
vp_R: 3957.3
vp_d: 0.5651
vp_n: 7.3648
vp_eta: 721.59
