cp_tau_s: 381.5737439235702
cp_b: 15.493044578461957
cp_tau_0: 152.353404923778
cp_n: 13.79930268976859
cp_gamma_0: 3.25e-05
