cp_lh_0: 372.5957932531039
cp_lh_1: 277.1905465813446
cp_tau_0: 173.9731100816185
cp_n: 6.140640365525855
cp_gamma_0: 3.333e-05
vp_s0: 93.655
vp_R: 3957.3
vp_d: 0.5651
vp_n: 7.3648
vp_eta: 721.59
