cp_tau_s: 3103.1654607436485
cp_b: 4.042685410614767
cp_tau_0: 110.75207634563439
cp_n: 4.826534642582532
cp_gamma_0: 3.25e-05
