cp_lh_0: 578.0673533778032
cp_lh_1: 3.16743920656596
cp_lh_2: 790.4941719007575
cp_lh_3: 508.3226913673059
cp_lh_4: 54.735220532204515
cp_lh_5: 194.35406458941
cp_tau_0: 406.4423786532712
cp_n: 2.083640443969581
cp_gamma_0: 3.25e-05
