cp_lh_0: 311.8328845744725
cp_lh_1: 332.73801822869507
cp_lh_2: 272.9143914640797
cp_lh_3: 58.453102596682335
cp_lh_4: 253.22388815650433
cp_lh_5: 389.33401541553457
cp_tau_0: 84.51682090677517
cp_n: 7.077564125671435
cp_gamma_0: 3.333e-05
vp_s0: 93.655
vp_R: 3957.3
vp_d: 0.5651
vp_n: 7.3648
vp_eta: 721.59
