cp_tau_s: 700.0837963838131
cp_b: 7.521227687407236
cp_tau_0: 302.25933390038074
cp_n: 5.857380460302429
cp_gamma_0: 6.616574828976865e-05
