cp_tau_s: 199.7638851406642
cp_b: 5.535768502571939
cp_tau_0: 146.19858011410184
cp_n: 6.966314527037766
cp_gamma_0: 9.422125555962094e-05
