cp_lh_0: 214.26354585429283
cp_lh_1: 121.4114993617097
cp_tau_0: 50.34666782790486
cp_n: 12.831411626041737
cp_gamma_0: 3.333e-05
vp_s0: 93.655
vp_R: 3957.3
vp_d: 0.5651
vp_n: 7.3648
vp_eta: 721.59
