cp_tau_s: 221.44739871204976
cp_b: 15.640285507363032
cp_tau_0: 484.1710525308157
cp_n: 2.2809162533975638
cp_gamma_0: 3.25e-05
