cp_lh_0: 278.4504377300655
cp_lh_1: 55.054272523678776
cp_lh_2: 45.41879189140603
cp_lh_3: 623.4687469914222
cp_lh_4: 151.20444178802143
cp_lh_5: 373.30871241852117
cp_tau_0: 452.7393221416938
cp_n: 7.004756409041988
cp_gamma_0: 3.25e-05
