cp_tau_s: 51.93620824482356
cp_b: 8.889711772836907
cp_tau_0: 189.41341927218477
cp_n: 7.439287751647997
cp_gamma_0: 3.25e-05
