cp_tau_s: 1063.1209860065157
cp_b: 2.303025094410813
cp_tau_0: 39.10561858754961
cp_n: 17.326850954258017
cp_gamma_0: 3.25e-05
