cp_lh_0: 67.74392140038394
cp_lh_1: 394.1904777385114
cp_lh_2: 284.5354858773195
cp_lh_3: 23.45660903956584
cp_lh_4: 365.00083513347306
cp_lh_5: 364.90001811834213
cp_tau_0: 138.79422262340145
cp_n: 3.197200079934871
cp_gamma_0: 3.333e-05
vp_s0: 93.655
vp_R: 3957.3
vp_d: 0.5651
vp_n: 7.3648
vp_eta: 721.59
