cp_tau_s: 125.25178085843885
cp_b: 3.3049302473114697
cp_tau_0: 391.33812007643854
cp_n: 1.3348252887500638
cp_gamma_0: 3.25e-05
