cp_tau_s: 1120.9788425560482
cp_b: 8.187865213092707
cp_tau_0: 232.93938228664382
cp_n: 18.43011438378773
cp_gamma_0: 3.25e-05
