cp_lh_0: 574.4437423855813
cp_lh_1: 601.2892911937977
cp_lh_2: 39.956600694724244
cp_lh_3: 282.6875460266924
cp_lh_4: 449.83177989223134
cp_lh_5: 474.1747974749374
cp_tau_0: 381.32817027083667
cp_n: 6.875330063891635
cp_gamma_0: 3.25e-05
