cp_tau_s: 952.9031502300043
cp_b: 14.956637333965334
cp_tau_0: 105.88525391777623
cp_n: 12.28264813682576
cp_gamma_0: 3.25e-05
