cp_lh_0: 55.70118847513732
cp_lh_1: 17.239755664345275
cp_lh_2: 328.4383699716146
cp_lh_3: 351.9855885736481
cp_lh_4: 297.2236394986674
cp_lh_5: 175.46703646536196
cp_tau_0: 79.75362783398242
cp_n: 8.159650357545885
cp_gamma_0: 3.333e-05
vp_s0: 93.655
vp_R: 3957.3
vp_d: 0.5651
vp_n: 7.3648
vp_eta: 721.59
