cp_tau_s: 15.336877105616676
cp_b: 3.015150179442122
cp_tau_0: 367.75159943956504
cp_n: 9.361922262828541
cp_gamma_0: 3.4620514826242825e-05
