cp_tau_s: 695.997822428187
cp_b: 3.255051741978041
cp_tau_0: 116.44170283620605
cp_n: 7.187795266454192
cp_gamma_0: 5.5631357201839596e-05
