cp_tau_s: 3485.7941800433327
cp_b: 6.868979359971354
cp_tau_0: 57.27096891952678
cp_n: 18.47099929019876
cp_gamma_0: 3.25e-05
