cp_lh_0: 233.07213141314648
cp_lh_1: 264.88493548902295
cp_lh_2: 358.40510315046805
cp_lh_3: 272.84928994446875
cp_lh_4: 277.8798607410656
cp_lh_5: 41.82967074264179
cp_tau_0: 91.98426611552783
cp_n: 13.7255839417021
cp_gamma_0: 3.333e-05
vp_s0: 93.655
vp_R: 3957.3
vp_d: 0.5651
vp_n: 7.3648
vp_eta: 721.59
