cp_lh_0: 392.52908275504075
cp_lh_1: 225.31445220852314
cp_tau_0: 50.01365850531548
cp_n: 7.095217030843429
cp_gamma_0: 3.333e-05
vp_s0: 93.655
vp_R: 3957.3
vp_d: 0.5651
vp_n: 7.3648
vp_eta: 721.59
