cp_lh_0: 45.830423041942474
cp_lh_1: 46.50626038874517
cp_tau_0: 146.07113289853973
cp_n: 3.6635760826578077
cp_gamma_0: 3.333e-05
vp_s0: 93.655
vp_R: 3957.3
vp_d: 0.5651
vp_n: 7.3648
vp_eta: 721.59
