cp_tau_s: 646.9351037935867
cp_b: 10.740377977835884
cp_tau_0: 459.78414014918036
cp_n: 1.9571003787408423
cp_gamma_0: 3.25e-05
