cp_tau_s: 2850.193196432927
cp_b: 9.99413472382887
cp_tau_0: 437.427919673209
cp_n: 3.5994214607635953
cp_gamma_0: 3.25e-05
