cp_tau_s: 312.2987741092124
cp_b: 2.555650323986396
cp_tau_0: 79.10409529465505
cp_n: 12.864727733917404
cp_gamma_0: 3.25e-05
