cp_lh_0: 126.34967033566893
cp_lh_1: 21.733406354170114
cp_tau_0: 88.84983977051654
cp_n: 12.35754169341596
cp_gamma_0: 3.333e-05
vp_s0: 93.655
vp_R: 3957.3
vp_d: 0.5651
vp_n: 7.3648
vp_eta: 721.59
