cp_lh_0: 712.5586584202988
cp_lh_1: 138.62425137253814
cp_lh_2: 243.68149371650244
cp_lh_3: 565.6383430618702
cp_lh_4: 617.3875209298889
cp_lh_5: 363.22180564586193
cp_tau_0: 134.67359079220873
cp_n: 3.7648231127648013
cp_gamma_0: 3.25e-05
