cp_tau_s: 2832.691486678076
cp_b: 3.500309612674025
cp_tau_0: 317.29188788008713
cp_n: 18.25387400770605
cp_gamma_0: 3.25e-05
