cp_tau_s: 3675.248429252403
cp_b: 0.4122316047339448
cp_tau_0: 21.949656549836696
cp_n: 17.22821936523839
cp_gamma_0: 3.25e-05
