cp_lh_0: 239.0760814388725
cp_lh_1: 64.84161239375752
cp_tau_0: 59.785882097466256
cp_n: 8.00263431394691
cp_gamma_0: 3.333e-05
vp_s0: 93.655
vp_R: 3957.3
vp_d: 0.5651
vp_n: 7.3648
vp_eta: 721.59
