cp_tau_s: 47.60235254776701
cp_b: 7.711398619634474
cp_tau_0: 243.36198209220777
cp_n: 2.7591572388467043
cp_gamma_0: 8.124478428094506e-05
