cp_tau_s: 372.9786922605447
cp_b: 4.37621172105071
cp_tau_0: 17.684715785523668
cp_n: 8.983508943819526
cp_gamma_0: 7.951717978384451e-05
