cp_lh_0: 35.19150734248035
cp_lh_1: 119.99967744822773
cp_lh_2: 149.1015579340032
cp_lh_3: 288.3160524753299
cp_lh_4: 150.00759133774014
cp_lh_5: 12.90352020174989
cp_tau_0: 122.20894636029934
cp_n: 6.60059609889553
cp_gamma_0: 3.333e-05
vp_s0: 93.655
vp_R: 3957.3
vp_d: 0.5651
vp_n: 7.3648
vp_eta: 721.59
