cp_tau_s: 290.7946063193225
cp_b: 12.706567554929823
cp_tau_0: 247.34265032791708
cp_n: 2.7395431063673312
cp_gamma_0: 3.25e-05
