cp_lh_0: 198.28643590003375
cp_lh_1: 74.5928481442238
cp_lh_2: 93.77172649266114
cp_lh_3: 87.95758722936323
cp_lh_4: 209.29540822886298
cp_lh_5: 78.27298140000423
cp_tau_0: 180.6977844012308
cp_n: 9.640032675259079
cp_gamma_0: 3.333e-05
vp_s0: 93.655
vp_R: 3957.3
vp_d: 0.5651
vp_n: 7.3648
vp_eta: 721.59
