cp_lh_0: 16.685205533886588
cp_lh_1: 385.41966976534485
cp_tau_0: 175.29660261813555
cp_n: 6.449821238384911
cp_gamma_0: 3.333e-05
vp_s0: 93.655
vp_R: 3957.3
vp_d: 0.5651
vp_n: 7.3648
vp_eta: 721.59
