cp_lh_0: 186.90813756909805
cp_lh_1: 108.70326125429128
cp_tau_0: 176.75336591630582
cp_n: 7.654699392002474
cp_gamma_0: 3.333e-05
vp_s0: 93.655
vp_R: 3957.3
vp_d: 0.5651
vp_n: 7.3648
vp_eta: 721.59
