cp_lh_0: 236.3355630789854
cp_lh_1: 991.8146154254836
cp_lh_2: 569.5838488260695
cp_lh_3: 725.9833905550988
cp_lh_4: 286.85721498514897
cp_lh_5: 778.4711074505371
cp_tau_0: 137.1950199279134
cp_n: 11.180922551939714
cp_gamma_0: 3.25e-05
