cp_tau_s: 1375.9127973154664
cp_b: 3.5075461289464056
cp_tau_0: 82.82807961624262
cp_n: 17.680932384614042
cp_gamma_0: 3.25e-05
