cp_tau_s: 421.3231073002106
cp_b: 2.1215859266602104
cp_tau_0: 257.8814076089954
cp_n: 4.752074409267253
cp_gamma_0: 5.903884230849051e-05
