cp_tau_s: 1922.5343660503706
cp_b: 6.764836536828223
cp_tau_0: 193.38647540244244
cp_n: 9.659184933261967
cp_gamma_0: 3.25e-05
