cp_tau_s: 27.337399606760908
cp_b: 2.0560289421018263
cp_tau_0: 61.40391129637421
cp_n: 14.411063715327847
cp_gamma_0: 5.4617769302607385e-05
