cp_lh_0: 59.330096683819875
cp_lh_1: 116.71535292817615
cp_tau_0: 10.333531965722434
cp_n: 11.984132840867073
cp_gamma_0: 3.333e-05
vp_s0: 93.655
vp_R: 3957.3
vp_d: 0.5651
vp_n: 7.3648
vp_eta: 721.59
