cp_lh_0: 183.29926470214102
cp_lh_1: 842.4621045080171
cp_lh_2: 67.80562231128751
cp_lh_3: 94.1118806147111
cp_lh_4: 633.2032355520251
cp_lh_5: 450.2754412562348
cp_tau_0: 124.86892659407397
cp_n: 14.780110444043054
cp_gamma_0: 3.25e-05
