cp_tau_s: 143.6476064119543
cp_b: 19.921223232967446
cp_tau_0: 179.16956572422055
cp_n: 13.738396090159773
cp_gamma_0: 3.25e-05
