cp_lh_0: 504.24442746969464
cp_lh_1: 243.28313509578632
cp_tau_0: 196.44641026466795
cp_n: 2.1709002311137877
cp_gamma_0: 3.25e-05
