cp_tau_s: 651.8376644548014
cp_b: 6.614303522594803
cp_tau_0: 212.777093433379
cp_n: 4.9769877920206955
cp_gamma_0: 3.25e-05
