cp_lh_0: 294.4735972593363
cp_lh_1: 245.5411381344736
cp_lh_2: 266.52280610028134
cp_lh_3: 215.06393437844423
cp_lh_4: 58.095650185594835
cp_lh_5: 106.54638431406103
cp_tau_0: 49.45644889707507
cp_n: 11.33572842756729
cp_gamma_0: 3.333e-05
vp_s0: 93.655
vp_R: 3957.3
vp_d: 0.5651
vp_n: 7.3648
vp_eta: 721.59
