cp_lh_0: 389.49314236482246
cp_lh_1: 848.3302489848015
cp_tau_0: 318.6213068864401
cp_n: 19.06054433257661
cp_gamma_0: 3.25e-05
