cp_tau_s: 370.25680550089004
cp_b: 4.536371465730853
cp_tau_0: 256.8411133249143
cp_n: 8.260032147440214
cp_gamma_0: 3.333e-05
vp_s0: 93.655
vp_R: 3957.3
vp_d: 0.5651
vp_n: 7.3648
vp_eta: 721.59
