cp_tau_s: 312.82035447953797
cp_b: 5.491096927434411
cp_tau_0: 91.0867494406622
cp_n: 3.953914204383663
cp_gamma_0: 3.25e-05
