cp_lh_0: 339.63493631168143
cp_lh_1: 55.79054299595222
cp_tau_0: 51.21876596900812
cp_n: 15.32236164072936
cp_gamma_0: 3.333e-05
vp_s0: 93.655
vp_R: 3957.3
vp_d: 0.5651
vp_n: 7.3648
vp_eta: 721.59
