cp_lh_0: 103.51
cp_lh_1: 590.33
cp_lh_2: 0.52756
cp_lh_3: 594.88
cp_lh_4: 0.085123
cp_lh_5: 745.2
cp_tau_0: 104.52
cp_n: 5.5101
cp_gamma_0: 3.25e-05
