cp_lh_0: 144.5890848349503
cp_lh_1: 149.00622797800597
cp_tau_0: 106.84210749121306
cp_n: 4.671226746459912
cp_gamma_0: 3.333e-05
vp_s0: 93.655
vp_R: 3957.3
vp_d: 0.5651
vp_n: 7.3648
vp_eta: 721.59
