cp_tau_s: 862.8296543333028
cp_b: 13.134651195319906
cp_tau_0: 384.9462867390477
cp_n: 2.0550417928448246
cp_gamma_0: 3.25e-05
