cp_tau_s: 927.3029132939506
cp_b: 8.230695457599438
cp_tau_0: 105.24537811605781
cp_n: 12.683853234392434
cp_gamma_0: 3.25e-05
