cp_lh_0: 30.4893927607959
cp_lh_1: 141.3950165456213
cp_lh_2: 311.4297108197784
cp_lh_3: 157.69099262934486
cp_lh_4: 256.65239678398393
cp_lh_5: 149.98579476396523
cp_tau_0: 9.074924457108416
cp_n: 9.066081624809078
cp_gamma_0: 3.333e-05
vp_s0: 93.655
vp_R: 3957.3
vp_d: 0.5651
vp_n: 7.3648
vp_eta: 721.59
