cp_lh_0: 293.072680606897
cp_lh_1: 112.79956743773208
cp_lh_2: 211.89628706518343
cp_lh_3: 154.21522093632169
cp_lh_4: 187.86151858586902
cp_lh_5: 288.2966486064841
cp_tau_0: 191.24486972743208
cp_n: 8.358597280684652
cp_gamma_0: 3.333e-05
vp_s0: 93.655
vp_R: 3957.3
vp_d: 0.5651
vp_n: 7.3648
vp_eta: 721.59
