cp_lh_0: 284.1067202202647
cp_lh_1: 44.482543505815705
cp_lh_2: 185.3381119438109
cp_lh_3: 122.99783378921296
cp_lh_4: 34.601201929422274
cp_lh_5: 82.82627911312996
cp_tau_0: 0.07546096432926916
cp_n: 14.757306116713643
cp_gamma_0: 3.333e-05
vp_s0: 93.655
vp_R: 3957.3
vp_d: 0.5651
vp_n: 7.3648
vp_eta: 721.59
