cp_lh_0: 278.290984258274
cp_lh_1: 35.85752660174879
cp_lh_2: 162.98850881659416
cp_lh_3: 300.2918027392122
cp_lh_4: 155.35137331764756
cp_lh_5: 223.2061321527477
cp_tau_0: 142.93932011024944
cp_n: 9.865425408715538
cp_gamma_0: 3.333e-05
vp_s0: 93.655
vp_R: 3957.3
vp_d: 0.5651
vp_n: 7.3648
vp_eta: 721.59
