cp_lh_0: 328.4751309769146
cp_lh_1: 56.054919414000395
cp_lh_2: 126.56934402394012
cp_lh_3: 93.77404012072213
cp_lh_4: 354.76416443677795
cp_lh_5: 87.62728092696925
cp_tau_0: 87.44694500914635
cp_n: 11.189037126775963
cp_gamma_0: 3.333e-05
vp_s0: 93.655
vp_R: 3957.3
vp_d: 0.5651
vp_n: 7.3648
vp_eta: 721.59
