cp_lh_0: 65.39916758022272
cp_lh_1: 363.4039500957925
cp_lh_2: 198.50635144151514
cp_lh_3: 163.69809060602677
cp_lh_4: 89.13910269784098
cp_lh_5: 265.0474466905828
cp_tau_0: 104.84495380515474
cp_n: 14.678171434742449
cp_gamma_0: 3.333e-05
vp_s0: 93.655
vp_R: 3957.3
vp_d: 0.5651
vp_n: 7.3648
vp_eta: 721.59
