cp_lh_0: 274.7289735654451
cp_lh_1: 105.81235804485729
cp_lh_2: 275.5591071162037
cp_lh_3: 99.70503703892844
cp_lh_4: 148.53773696464415
cp_lh_5: 308.96682048046455
cp_tau_0: 39.56422758663275
cp_n: 13.389944465441973
cp_gamma_0: 3.333e-05
vp_s0: 93.655
vp_R: 3957.3
vp_d: 0.5651
vp_n: 7.3648
vp_eta: 721.59
