cp_tau_s: 298.2235296561315
cp_b: 19.38389948688964
cp_tau_0: 561.5741608912995
cp_n: 11.42897508645856
cp_gamma_0: 3.25e-05
