cp_lh_0: 213.47844337422944
cp_lh_1: 337.8376931850971
cp_lh_2: 390.929521644874
cp_lh_3: 266.4841751804752
cp_lh_4: 101.37756878363979
cp_lh_5: 17.83068987425562
cp_tau_0: 87.94020742968036
cp_n: 14.941575158978782
cp_gamma_0: 3.333e-05
vp_s0: 93.655
vp_R: 3957.3
vp_d: 0.5651
vp_n: 7.3648
vp_eta: 721.59
