cp_lh_0: 323.8515622074568
cp_lh_1: 37.452564511771236
cp_lh_2: 338.1211841872361
cp_lh_3: 585.1457690188611
cp_lh_4: 68.36936649659117
cp_lh_5: 273.75869320426995
cp_tau_0: 465.5233192021666
cp_n: 19.674721228973443
cp_gamma_0: 3.25e-05
