cp_lh_0: 314.77924052631505
cp_lh_1: 389.14176155927356
cp_lh_2: 988.504764729551
cp_lh_3: 650.8841905828788
cp_lh_4: 899.9255723048216
cp_lh_5: 662.9998954823609
cp_tau_0: 213.13885983834692
cp_n: 12.738035525108822
cp_gamma_0: 3.25e-05
