cp_tau_s: 305.27458341341924
cp_b: 1.0925051529611767
cp_tau_0: 48.541876331847575
cp_n: 12.740679044955941
cp_gamma_0: 8.426125731802718e-05
