cp_tau_s: 2052.8524736512622
cp_b: 4.614345415612149
cp_tau_0: 253.4662340065889
cp_n: 10.18205209350378
cp_gamma_0: 3.25e-05
