cp_tau_s: 1728.6215734072916
cp_b: 7.845902754921626
cp_tau_0: 136.6873153165838
cp_n: 1.317439545997515
cp_gamma_0: 3.25e-05
