cp_lh_0: 993.3238284625421
cp_lh_1: 535.4397937699727
cp_tau_0: 259.9492108898196
cp_n: 10.09756656308194
cp_gamma_0: 3.25e-05
