cp_lh_0: 195.60397995429352
cp_lh_1: 378.6652829529785
cp_lh_2: 300.12240439068
cp_lh_3: 233.64877337830427
cp_lh_4: 199.76908998649841
cp_lh_5: 319.78057684295106
cp_tau_0: 190.11309919931307
cp_n: 5.4365455069516155
cp_gamma_0: 3.333e-05
vp_s0: 93.655
vp_R: 3957.3
vp_d: 0.5651
vp_n: 7.3648
vp_eta: 721.59
