cp_lh_0: 119.41119068317245
cp_lh_1: 17.715132095118417
cp_tau_0: 1.3425068716793553
cp_n: 15.923788763264586
cp_gamma_0: 3.333e-05
vp_s0: 93.655
vp_R: 3957.3
vp_d: 0.5651
vp_n: 7.3648
vp_eta: 721.59
