cp_lh_0: 47.978948137957964
cp_lh_1: 346.7288303195956
cp_tau_0: 21.6305091047061
cp_n: 7.87166532719912
cp_gamma_0: 3.333e-05
vp_s0: 93.655
vp_R: 3957.3
vp_d: 0.5651
vp_n: 7.3648
vp_eta: 721.59
