cp_tau_s: 1302.131456730909
cp_b: 10.164284310042792
cp_tau_0: 49.49164409236277
cp_n: 2.6170237229724007
cp_gamma_0: 3.25e-05
