cp_lh_0: 345.8268990237977
cp_lh_1: 48.12438343922212
cp_lh_2: 114.91807806260455
cp_lh_3: 260.60884340237067
cp_lh_4: 7.585320167736725
cp_lh_5: 167.68649691641048
cp_tau_0: 194.15913056367864
cp_n: 4.873530955039222
cp_gamma_0: 3.333e-05
vp_s0: 93.655
vp_R: 3957.3
vp_d: 0.5651
vp_n: 7.3648
vp_eta: 721.59
