cp_lh_0: 351.75080464071783
cp_lh_1: 375.8793921953582
cp_lh_2: 360.27816757407174
cp_lh_3: 152.2278615706037
cp_lh_4: 80.75709323279757
cp_lh_5: 239.71476440065663
cp_tau_0: 170.2974836209601
cp_n: 11.789277182833692
cp_gamma_0: 3.333e-05
vp_s0: 93.655
vp_R: 3957.3
vp_d: 0.5651
vp_n: 7.3648
vp_eta: 721.59
