cp_lh_0: 130.71166702889872
cp_lh_1: 298.37071425679807
cp_lh_2: 350.06382059844964
cp_lh_3: 125.78088262787
cp_lh_4: 293.4428995274563
cp_lh_5: 287.115879245462
cp_tau_0: 149.15178976999917
cp_n: 4.804344988454721
cp_gamma_0: 3.333e-05
vp_s0: 93.655
vp_R: 3957.3
vp_d: 0.5651
vp_n: 7.3648
vp_eta: 721.59
