cp_lh_0: 724.2898949728564
cp_lh_1: 588.4521033108559
cp_lh_2: 454.6011624488741
cp_lh_3: 353.76355322595407
cp_lh_4: 901.8552015868839
cp_lh_5: 136.34279444025958
cp_tau_0: 240.28998462124866
cp_n: 11.158017506707333
cp_gamma_0: 3.25e-05
