cp_tau_s: 2117.3755799444075
cp_b: 4.514935678135111
cp_tau_0: 285.9537418218627
cp_n: 14.47906229049638
cp_gamma_0: 3.25e-05
