cp_lh_0: 234.4493105851019
cp_lh_1: 33.390139432206794
cp_tau_0: 78.5236204379885
cp_n: 12.762750569590489
cp_gamma_0: 3.333e-05
vp_s0: 93.655
vp_R: 3957.3
vp_d: 0.5651
vp_n: 7.3648
vp_eta: 721.59
