cp_lh_0: 393.62452762346874
cp_lh_1: 719.3317858581732
cp_tau_0: 23.936422047440843
cp_n: 15.568344745546762
cp_gamma_0: 1.5174265474210939e-05
