cp_tau_s: 1101.2764356988557
cp_b: 1.1972531126498047
cp_tau_0: 248.5219240732827
cp_n: 8.353204601337838
cp_gamma_0: 4.412138762387391e-05
