cp_tau_s: 1334.148174367814
cp_b: 0.10564803865700648
cp_tau_0: 164.57856528406143
cp_n: 3.3761093278502203
cp_gamma_0: 3.25e-05
