cp_lh_0: 804.6054834793356
cp_lh_1: 66.59505432077557
cp_tau_0: 437.5981814211063
cp_n: 8.241348485690128
cp_gamma_0: 3.25e-05
