cp_lh_0: 192.87389713445722
cp_lh_1: 75.69729010844858
cp_lh_2: 694.0487002461883
cp_lh_3: 807.2643021658472
cp_lh_4: 344.3099228898011
cp_lh_5: 515.9765723080365
cp_tau_0: 411.65337998839294
cp_n: 3.0026661759814415
cp_gamma_0: 3.25e-05
