cp_lh_0: 39.06378494122524
cp_lh_1: 905.5004341105329
cp_lh_2: 452.8565390241636
cp_lh_3: 713.9551442706049
cp_lh_4: 979.2212107419692
cp_lh_5: 573.622711348753
cp_tau_0: 259.2490849735464
cp_n: 1.8331298750263072
cp_gamma_0: 3.25e-05
