cp_tau_s: 1580.4490622680603
cp_b: 1.499047931455351
cp_tau_0: 385.3703554403609
cp_n: 5.815618152857485
cp_gamma_0: 3.25e-05
