cp_tau_s: 1054.546488831466
cp_b: 11.038467921328579
cp_tau_0: 215.28135169199706
cp_n: 13.503241584235003
cp_gamma_0: 3.25e-05
