cp_tau_s: 795.9172972382729
cp_b: 8.445000092983332
cp_tau_0: 310.13013183773336
cp_n: 11.255398038933468
cp_gamma_0: 3.25e-05
