cp_lh_0: 151.56832510428214
cp_lh_1: 254.9205879541571
cp_lh_2: 229.21658913758583
cp_lh_3: 304.13786544451455
cp_lh_4: 93.14083702076059
cp_lh_5: 37.47244013908151
cp_tau_0: 133.6379998356021
cp_n: 13.459038416317537
cp_gamma_0: 3.333e-05
vp_s0: 93.655
vp_R: 3957.3
vp_d: 0.5651
vp_n: 7.3648
vp_eta: 721.59
