cp_lh_0: 301.93445530902954
cp_lh_1: 747.9829267905183
cp_tau_0: 198.02784659020585
cp_n: 5.255646295631768
cp_gamma_0: 7.022080429679442e-05
