cp_lh_0: 160.86449457253516
cp_lh_1: 50.909384033189674
cp_tau_0: 196.0578432636
cp_n: 7.919503824172359
cp_gamma_0: 3.333e-05
vp_s0: 93.655
vp_R: 3957.3
vp_d: 0.5651
vp_n: 7.3648
vp_eta: 721.59
