cp_lh_0: 103.84185539482796
cp_lh_1: 18.877540168661902
cp_tau_0: 164.73079364100153
cp_n: 14.874924987675474
cp_gamma_0: 3.333e-05
vp_s0: 93.655
vp_R: 3957.3
vp_d: 0.5651
vp_n: 7.3648
vp_eta: 721.59
