cp_lh_0: 456.3336563898097
cp_lh_1: 440.78133695276296
cp_tau_0: 9.849635001317335
cp_n: 4.716506279529348
cp_gamma_0: 4.112885419864971e-05
