cp_lh_0: 364.9232859142022
cp_lh_1: 195.89174586582584
cp_tau_0: 148.03408294398378
cp_n: 8.24776186701881
cp_gamma_0: 3.333e-05
vp_s0: 93.655
vp_R: 3957.3
vp_d: 0.5651
vp_n: 7.3648
vp_eta: 721.59
