cp_lh_0: 87.38234221198032
cp_lh_1: 127.82355400525603
cp_tau_0: 192.08880535750941
cp_n: 7.149919847547815
cp_gamma_0: 3.333e-05
vp_s0: 93.655
vp_R: 3957.3
vp_d: 0.5651
vp_n: 7.3648
vp_eta: 721.59
