cp_tau_s: 777.8212000153158
cp_b: 12.408919704970456
cp_tau_0: 238.84629408376486
cp_n: 5.54875862961639
cp_gamma_0: 3.25e-05
