cp_tau_s: 1016.6949001158043
cp_b: 6.369310379959289
cp_tau_0: 137.81546074074583
cp_n: 4.574768954077808
cp_gamma_0: 3.333e-05
vp_s0: 93.655
vp_R: 3957.3
vp_d: 0.5651
vp_n: 7.3648
vp_eta: 721.59
