cp_lh_0: 204.90741294578166
cp_lh_1: 253.40327042398957
cp_tau_0: 22.22847432603138
cp_n: 14.957649244494945
cp_gamma_0: 3.333e-05
vp_s0: 93.655
vp_R: 3957.3
vp_d: 0.5651
vp_n: 7.3648
vp_eta: 721.59
