cp_tau_s: 939.82936032346
cp_b: 0.7902819076303966
cp_tau_0: 350.9697057348501
cp_n: 17.412252961401496
cp_gamma_0: 3.25e-05
