cp_tau_s: 2104.547678202376
cp_b: 9.97063876587031
cp_tau_0: 464.7674292126615
cp_n: 1.385134604013512
cp_gamma_0: 3.25e-05
