cp_tau_s: 1915.6517894772207
cp_b: 13.714379874006442
cp_tau_0: 279.3135850258091
cp_n: 18.29450189547014
cp_gamma_0: 3.25e-05
