cp_tau_s: 508.45609770242805
cp_b: 11.437697950024608
cp_tau_0: 457.3345968577026
cp_n: 16.966384071523215
cp_gamma_0: 3.25e-05
