cp_tau_s: 894.1237077483081
cp_b: 8.152509338206587
cp_tau_0: 3.4492390826209705
cp_n: 10.17552362835105
cp_gamma_0: 3.25e-05
