cp_tau_s: 40.370237884878115
cp_b: 3.4991083946367714
cp_tau_0: 266.9819738958592
cp_n: 6.814544298954096
cp_gamma_0: 7.507927816337365e-05
