cp_lh_0: 52.814314481576154
cp_lh_1: 114.69920258562034
cp_tau_0: 72.188308402821
cp_n: 3.272468850085924
cp_gamma_0: 3.333e-05
vp_s0: 93.655
vp_R: 3957.3
vp_d: 0.5651
vp_n: 7.3648
vp_eta: 721.59
