cp_tau_s: 2501.339859179481
cp_b: 8.212425646606277
cp_tau_0: 349.7831147762125
cp_n: 19.539248244259227
cp_gamma_0: 3.25e-05
