cp_tau_s: 1503.0678044414356
cp_b: 0.3242635808140898
cp_tau_0: 7.091298074861759
cp_n: 3.1025667878728775
cp_gamma_0: 3.25e-05
