cp_tau_s: 767.3798434300177
cp_b: 6.738857916915662
cp_tau_0: 97.63501730524679
cp_n: 6.459074723036142
cp_gamma_0: 1.2284351901904658e-05
