cp_lh_0: 0.010459
cp_lh_1: 0.31101
cp_tau_0: 2.8423
cp_n: 11.757
cp_gamma_0: 1.6015e-08
