cp_lh_0: 381.1187294090978
cp_lh_1: 171.5137731443
cp_tau_0: 110.53431321278708
cp_n: 5.615004352903172
cp_gamma_0: 3.333e-05
vp_s0: 93.655
vp_R: 3957.3
vp_d: 0.5651
vp_n: 7.3648
vp_eta: 721.59
