cp_lh_0: 348.95082341066626
cp_lh_1: 354.5871705986067
cp_lh_2: 348.22771300596014
cp_lh_3: 329.33244895255854
cp_lh_4: 244.4367193883525
cp_lh_5: 382.55603289716566
cp_tau_0: 58.62668290929983
cp_n: 6.402699179602985
cp_gamma_0: 3.333e-05
vp_s0: 93.655
vp_R: 3957.3
vp_d: 0.5651
vp_n: 7.3648
vp_eta: 721.59
