cp_tau_s: 1133.867810946711
cp_b: 1.9391867171820953
cp_tau_0: 215.70163538933548
cp_n: 11.32619472277843
cp_gamma_0: 3.333e-05
vp_s0: 93.655
vp_R: 3957.3
vp_d: 0.5651
vp_n: 7.3648
vp_eta: 721.59
