cp_lh_0: 278.4236697357946
cp_lh_1: 228.69309648898565
cp_tau_0: 130.8586835918518
cp_n: 2.3257695433699417
cp_gamma_0: 3.333e-05
vp_s0: 93.655
vp_R: 3957.3
vp_d: 0.5651
vp_n: 7.3648
vp_eta: 721.59
