cp_lh_0: 45.13234714404825
cp_lh_1: 16.00021303317572
cp_tau_0: 37.760751394993484
cp_n: 6.315451176825055
cp_gamma_0: 3.333e-05
vp_s0: 93.655
vp_R: 3957.3
vp_d: 0.5651
vp_n: 7.3648
vp_eta: 721.59
