average_strain,average_grain_strain,average_grip_strain,average_stress,average_grain_stress,average_grip_stress,average_elastic,average_grain_elastic,average_grip_elastic,g1_stress,g5_stress,g6_stress,g7_stress,g8_stress,g9_stress,g10_stress,g11_stress,g12_stress,g13_stress,g14_stress,g15_stress,g16_stress,g18_stress,g19_stress,g20_stress,g21_stress,g22_stress,g23_stress,g24_stress,g25_stress,g26_stress,g27_stress,g28_stress,g29_stress,g30_stress,g31_stress,g32_stress,g33_stress,g34_stress,g35_stress,g36_stress,g37_stress,g38_stress,g39_stress,g40_stress,g41_stress,g42_stress,g43_stress,g44_stress,g45_stress,g46_stress,g47_stress,g48_stress,g49_stress,g50_stress,g51_stress,g53_stress,g54_stress,g56_stress,g57_stress,g58_stress,g59_stress,g60_stress,g61_stress,g62_stress,g63_stress,g64_stress,g66_stress,g67_stress,g68_stress,g69_stress,g70_stress,g72_stress,g73_stress,g74_stress,g75_stress,g76_stress,g77_stress,g78_stress,g79_stress,g80_stress,g81_stress,g82_stress,g83_stress,g84_stress,g85_stress,g86_stress,g87_stress,g88_stress,g89_stress,g90_stress,g91_stress,g92_stress,g93_stress,g95_stress,g96_stress,g97_stress,g99_stress,g100_stress,g101_stress,g102_stress,g103_stress,g104_stress,g105_stress,g106_stress,g107_stress,g108_stress,g109_stress,g110_stress,g111_stress,g112_stress,g113_stress,g114_stress,g115_stress,g116_stress,g117_stress,g118_stress,g119_stress,g120_stress,g122_stress,g123_stress,g125_stress,g126_stress,g127_stress,g128_stress,g129_stress,g130_stress,g132_stress,g133_stress,g134_stress,g135_stress,g136_stress,g137_stress,g138_stress,g139_stress,g140_stress,g141_stress,g142_stress,g143_stress,g145_stress,g146_stress,g147_stress,g148_stress,g149_stress,g150_stress,g151_stress,g152_stress,g153_stress,g154_stress,g155_stress,g156_stress,g157_stress,g158_stress,g159_stress,g161_stress,g162_stress,g163_stress,g164_stress,g165_stress,g166_stress,g167_stress,g168_stress,g169_stress,g171_stress,g172_stress,g173_stress,g175_stress,g176_stress,g177_stress,g178_stress,g179_stress,g180_stress,g181_stress,g183_stress,g185_stress,g186_stress,g187_stress,g188_stress,g189_stress,g190_stress,g191_stress,g192_stress,g193_stress,g194_stress,g195_stress,g196_stress,g197_stress,g198_stress,g199_stress,g200_stress,g201_stress,g202_stress,g203_stress,g204_stress,g205_stress,g206_stress,g207_stress,g208_stress,g209_stress,g210_stress,g211_stress,g212_stress,g213_stress,g215_stress,g216_stress,g217_stress,g218_stress,g219_stress,g220_stress,g221_stress,g222_stress,g223_stress,g224_stress,g225_stress,g226_stress,g227_stress,g228_stress,g229_stress,g230_stress,g231_stress,g232_stress,g233_stress,g234_stress,g235_stress,g236_stress,g237_stress,g238_stress,g239_stress,g240_stress,g241_stress,g242_stress,g243_stress,g244_stress,g245_stress,g246_stress,g247_stress,g248_stress,g249_stress,g250_stress,g251_stress,g252_stress,g253_stress,g254_stress,g255_stress,g256_stress,g257_stress,g258_stress,g259_stress,g261_stress,g262_stress,g264_stress,g265_stress,g268_stress,g269_stress,g270_stress,g271_stress,g272_stress,g273_stress,g274_stress,g275_stress,g276_stress,g277_stress,g278_stress,g279_stress,g280_stress,g281_stress,g282_stress,g283_stress,g284_stress,g285_stress,g286_stress,g287_stress,g288_stress,g289_stress,g291_stress,g292_stress,g293_stress,g294_stress,g295_stress,g299_stress,g300_stress,g302_stress,g303_stress,g304_stress,g306_stress,g309_stress,g312_stress,g313_stress,g1_elastic,g5_elastic,g6_elastic,g7_elastic,g8_elastic,g9_elastic,g10_elastic,g11_elastic,g12_elastic,g13_elastic,g14_elastic,g15_elastic,g16_elastic,g18_elastic,g19_elastic,g20_elastic,g21_elastic,g22_elastic,g23_elastic,g24_elastic,g25_elastic,g26_elastic,g27_elastic,g28_elastic,g29_elastic,g30_elastic,g31_elastic,g32_elastic,g33_elastic,g34_elastic,g35_elastic,g36_elastic,g37_elastic,g38_elastic,g39_elastic,g40_elastic,g41_elastic,g42_elastic,g43_elastic,g44_elastic,g45_elastic,g46_elastic,g47_elastic,g48_elastic,g49_elastic,g50_elastic,g51_elastic,g53_elastic,g54_elastic,g56_elastic,g57_elastic,g58_elastic,g59_elastic,g60_elastic,g61_elastic,g62_elastic,g63_elastic,g64_elastic,g66_elastic,g67_elastic,g68_elastic,g69_elastic,g70_elastic,g72_elastic,g73_elastic,g74_elastic,g75_elastic,g76_elastic,g77_elastic,g78_elastic,g79_elastic,g80_elastic,g81_elastic,g82_elastic,g83_elastic,g84_elastic,g85_elastic,g86_elastic,g87_elastic,g88_elastic,g89_elastic,g90_elastic,g91_elastic,g92_elastic,g93_elastic,g95_elastic,g96_elastic,g97_elastic,g99_elastic,g100_elastic,g101_elastic,g102_elastic,g103_elastic,g104_elastic,g105_elastic,g106_elastic,g107_elastic,g108_elastic,g109_elastic,g110_elastic,g111_elastic,g112_elastic,g113_elastic,g114_elastic,g115_elastic,g116_elastic,g117_elastic,g118_elastic,g119_elastic,g120_elastic,g122_elastic,g123_elastic,g125_elastic,g126_elastic,g127_elastic,g128_elastic,g129_elastic,g130_elastic,g132_elastic,g133_elastic,g134_elastic,g135_elastic,g136_elastic,g137_elastic,g138_elastic,g139_elastic,g140_elastic,g141_elastic,g142_elastic,g143_elastic,g145_elastic,g146_elastic,g147_elastic,g148_elastic,g149_elastic,g150_elastic,g151_elastic,g152_elastic,g153_elastic,g154_elastic,g155_elastic,g156_elastic,g157_elastic,g158_elastic,g159_elastic,g161_elastic,g162_elastic,g163_elastic,g164_elastic,g165_elastic,g166_elastic,g167_elastic,g168_elastic,g169_elastic,g171_elastic,g172_elastic,g173_elastic,g175_elastic,g176_elastic,g177_elastic,g178_elastic,g179_elastic,g180_elastic,g181_elastic,g183_elastic,g185_elastic,g186_elastic,g187_elastic,g188_elastic,g189_elastic,g190_elastic,g191_elastic,g192_elastic,g193_elastic,g194_elastic,g195_elastic,g196_elastic,g197_elastic,g198_elastic,g199_elastic,g200_elastic,g201_elastic,g202_elastic,g203_elastic,g204_elastic,g205_elastic,g206_elastic,g207_elastic,g208_elastic,g209_elastic,g210_elastic,g211_elastic,g212_elastic,g213_elastic,g215_elastic,g216_elastic,g217_elastic,g218_elastic,g219_elastic,g220_elastic,g221_elastic,g222_elastic,g223_elastic,g224_elastic,g225_elastic,g226_elastic,g227_elastic,g228_elastic,g229_elastic,g230_elastic,g231_elastic,g232_elastic,g233_elastic,g234_elastic,g235_elastic,g236_elastic,g237_elastic,g238_elastic,g239_elastic,g240_elastic,g241_elastic,g242_elastic,g243_elastic,g244_elastic,g245_elastic,g246_elastic,g247_elastic,g248_elastic,g249_elastic,g250_elastic,g251_elastic,g252_elastic,g253_elastic,g254_elastic,g255_elastic,g256_elastic,g257_elastic,g258_elastic,g259_elastic,g261_elastic,g262_elastic,g264_elastic,g265_elastic,g268_elastic,g269_elastic,g270_elastic,g271_elastic,g272_elastic,g273_elastic,g274_elastic,g275_elastic,g276_elastic,g277_elastic,g278_elastic,g279_elastic,g280_elastic,g281_elastic,g282_elastic,g283_elastic,g284_elastic,g285_elastic,g286_elastic,g287_elastic,g288_elastic,g289_elastic,g291_elastic,g292_elastic,g293_elastic,g294_elastic,g295_elastic,g299_elastic,g300_elastic,g302_elastic,g303_elastic,g304_elastic,g306_elastic,g309_elastic,g312_elastic,g313_elastic,g1_volume,g5_volume,g6_volume,g7_volume,g8_volume,g9_volume,g10_volume,g11_volume,g12_volume,g13_volume,g14_volume,g15_volume,g16_volume,g18_volume,g19_volume,g20_volume,g21_volume,g22_volume,g23_volume,g24_volume,g25_volume,g26_volume,g27_volume,g28_volume,g29_volume,g30_volume,g31_volume,g32_volume,g33_volume,g34_volume,g35_volume,g36_volume,g37_volume,g38_volume,g39_volume,g40_volume,g41_volume,g42_volume,g43_volume,g44_volume,g45_volume,g46_volume,g47_volume,g48_volume,g49_volume,g50_volume,g51_volume,g53_volume,g54_volume,g56_volume,g57_volume,g58_volume,g59_volume,g60_volume,g61_volume,g62_volume,g63_volume,g64_volume,g66_volume,g67_volume,g68_volume,g69_volume,g70_volume,g72_volume,g73_volume,g74_volume,g75_volume,g76_volume,g77_volume,g78_volume,g79_volume,g80_volume,g81_volume,g82_volume,g83_volume,g84_volume,g85_volume,g86_volume,g87_volume,g88_volume,g89_volume,g90_volume,g91_volume,g92_volume,g93_volume,g95_volume,g96_volume,g97_volume,g99_volume,g100_volume,g101_volume,g102_volume,g103_volume,g104_volume,g105_volume,g106_volume,g107_volume,g108_volume,g109_volume,g110_volume,g111_volume,g112_volume,g113_volume,g114_volume,g115_volume,g116_volume,g117_volume,g118_volume,g119_volume,g120_volume,g122_volume,g123_volume,g125_volume,g126_volume,g127_volume,g128_volume,g129_volume,g130_volume,g132_volume,g133_volume,g134_volume,g135_volume,g136_volume,g137_volume,g138_volume,g139_volume,g140_volume,g141_volume,g142_volume,g143_volume,g145_volume,g146_volume,g147_volume,g148_volume,g149_volume,g150_volume,g151_volume,g152_volume,g153_volume,g154_volume,g155_volume,g156_volume,g157_volume,g158_volume,g159_volume,g161_volume,g162_volume,g163_volume,g164_volume,g165_volume,g166_volume,g167_volume,g168_volume,g169_volume,g171_volume,g172_volume,g173_volume,g175_volume,g176_volume,g177_volume,g178_volume,g179_volume,g180_volume,g181_volume,g183_volume,g185_volume,g186_volume,g187_volume,g188_volume,g189_volume,g190_volume,g191_volume,g192_volume,g193_volume,g194_volume,g195_volume,g196_volume,g197_volume,g198_volume,g199_volume,g200_volume,g201_volume,g202_volume,g203_volume,g204_volume,g205_volume,g206_volume,g207_volume,g208_volume,g209_volume,g210_volume,g211_volume,g212_volume,g213_volume,g215_volume,g216_volume,g217_volume,g218_volume,g219_volume,g220_volume,g221_volume,g222_volume,g223_volume,g224_volume,g225_volume,g226_volume,g227_volume,g228_volume,g229_volume,g230_volume,g231_volume,g232_volume,g233_volume,g234_volume,g235_volume,g236_volume,g237_volume,g238_volume,g239_volume,g240_volume,g241_volume,g242_volume,g243_volume,g244_volume,g245_volume,g246_volume,g247_volume,g248_volume,g249_volume,g250_volume,g251_volume,g252_volume,g253_volume,g254_volume,g255_volume,g256_volume,g257_volume,g258_volume,g259_volume,g261_volume,g262_volume,g264_volume,g265_volume,g268_volume,g269_volume,g270_volume,g271_volume,g272_volume,g273_volume,g274_volume,g275_volume,g276_volume,g277_volume,g278_volume,g279_volume,g280_volume,g281_volume,g282_volume,g283_volume,g284_volume,g285_volume,g286_volume,g287_volume,g288_volume,g289_volume,g291_volume,g292_volume,g293_volume,g294_volume,g295_volume,g299_volume,g300_volume,g302_volume,g303_volume,g304_volume,g306_volume,g309_volume,g312_volume,g313_volume,g1_phi_1,g1_Phi,g1_phi_2,g5_phi_1,g5_Phi,g5_phi_2,g6_phi_1,g6_Phi,g6_phi_2,g7_phi_1,g7_Phi,g7_phi_2,g8_phi_1,g8_Phi,g8_phi_2,g9_phi_1,g9_Phi,g9_phi_2,g10_phi_1,g10_Phi,g10_phi_2,g11_phi_1,g11_Phi,g11_phi_2,g12_phi_1,g12_Phi,g12_phi_2,g13_phi_1,g13_Phi,g13_phi_2,g14_phi_1,g14_Phi,g14_phi_2,g15_phi_1,g15_Phi,g15_phi_2,g16_phi_1,g16_Phi,g16_phi_2,g18_phi_1,g18_Phi,g18_phi_2,g19_phi_1,g19_Phi,g19_phi_2,g20_phi_1,g20_Phi,g20_phi_2,g21_phi_1,g21_Phi,g21_phi_2,g22_phi_1,g22_Phi,g22_phi_2,g23_phi_1,g23_Phi,g23_phi_2,g24_phi_1,g24_Phi,g24_phi_2,g25_phi_1,g25_Phi,g25_phi_2,g26_phi_1,g26_Phi,g26_phi_2,g27_phi_1,g27_Phi,g27_phi_2,g28_phi_1,g28_Phi,g28_phi_2,g29_phi_1,g29_Phi,g29_phi_2,g30_phi_1,g30_Phi,g30_phi_2,g31_phi_1,g31_Phi,g31_phi_2,g32_phi_1,g32_Phi,g32_phi_2,g33_phi_1,g33_Phi,g33_phi_2,g34_phi_1,g34_Phi,g34_phi_2,g35_phi_1,g35_Phi,g35_phi_2,g36_phi_1,g36_Phi,g36_phi_2,g37_phi_1,g37_Phi,g37_phi_2,g38_phi_1,g38_Phi,g38_phi_2,g39_phi_1,g39_Phi,g39_phi_2,g40_phi_1,g40_Phi,g40_phi_2,g41_phi_1,g41_Phi,g41_phi_2,g42_phi_1,g42_Phi,g42_phi_2,g43_phi_1,g43_Phi,g43_phi_2,g44_phi_1,g44_Phi,g44_phi_2,g45_phi_1,g45_Phi,g45_phi_2,g46_phi_1,g46_Phi,g46_phi_2,g47_phi_1,g47_Phi,g47_phi_2,g48_phi_1,g48_Phi,g48_phi_2,g49_phi_1,g49_Phi,g49_phi_2,g50_phi_1,g50_Phi,g50_phi_2,g51_phi_1,g51_Phi,g51_phi_2,g53_phi_1,g53_Phi,g53_phi_2,g54_phi_1,g54_Phi,g54_phi_2,g56_phi_1,g56_Phi,g56_phi_2,g57_phi_1,g57_Phi,g57_phi_2,g58_phi_1,g58_Phi,g58_phi_2,g59_phi_1,g59_Phi,g59_phi_2,g60_phi_1,g60_Phi,g60_phi_2,g61_phi_1,g61_Phi,g61_phi_2,g62_phi_1,g62_Phi,g62_phi_2,g63_phi_1,g63_Phi,g63_phi_2,g64_phi_1,g64_Phi,g64_phi_2,g66_phi_1,g66_Phi,g66_phi_2,g67_phi_1,g67_Phi,g67_phi_2,g68_phi_1,g68_Phi,g68_phi_2,g69_phi_1,g69_Phi,g69_phi_2,g70_phi_1,g70_Phi,g70_phi_2,g72_phi_1,g72_Phi,g72_phi_2,g73_phi_1,g73_Phi,g73_phi_2,g74_phi_1,g74_Phi,g74_phi_2,g75_phi_1,g75_Phi,g75_phi_2,g76_phi_1,g76_Phi,g76_phi_2,g77_phi_1,g77_Phi,g77_phi_2,g78_phi_1,g78_Phi,g78_phi_2,g79_phi_1,g79_Phi,g79_phi_2,g80_phi_1,g80_Phi,g80_phi_2,g81_phi_1,g81_Phi,g81_phi_2,g82_phi_1,g82_Phi,g82_phi_2,g83_phi_1,g83_Phi,g83_phi_2,g84_phi_1,g84_Phi,g84_phi_2,g85_phi_1,g85_Phi,g85_phi_2,g86_phi_1,g86_Phi,g86_phi_2,g87_phi_1,g87_Phi,g87_phi_2,g88_phi_1,g88_Phi,g88_phi_2,g89_phi_1,g89_Phi,g89_phi_2,g90_phi_1,g90_Phi,g90_phi_2,g91_phi_1,g91_Phi,g91_phi_2,g92_phi_1,g92_Phi,g92_phi_2,g93_phi_1,g93_Phi,g93_phi_2,g95_phi_1,g95_Phi,g95_phi_2,g96_phi_1,g96_Phi,g96_phi_2,g97_phi_1,g97_Phi,g97_phi_2,g99_phi_1,g99_Phi,g99_phi_2,g100_phi_1,g100_Phi,g100_phi_2,g101_phi_1,g101_Phi,g101_phi_2,g102_phi_1,g102_Phi,g102_phi_2,g103_phi_1,g103_Phi,g103_phi_2,g104_phi_1,g104_Phi,g104_phi_2,g105_phi_1,g105_Phi,g105_phi_2,g106_phi_1,g106_Phi,g106_phi_2,g107_phi_1,g107_Phi,g107_phi_2,g108_phi_1,g108_Phi,g108_phi_2,g109_phi_1,g109_Phi,g109_phi_2,g110_phi_1,g110_Phi,g110_phi_2,g111_phi_1,g111_Phi,g111_phi_2,g112_phi_1,g112_Phi,g112_phi_2,g113_phi_1,g113_Phi,g113_phi_2,g114_phi_1,g114_Phi,g114_phi_2,g115_phi_1,g115_Phi,g115_phi_2,g116_phi_1,g116_Phi,g116_phi_2,g117_phi_1,g117_Phi,g117_phi_2,g118_phi_1,g118_Phi,g118_phi_2,g119_phi_1,g119_Phi,g119_phi_2,g120_phi_1,g120_Phi,g120_phi_2,g122_phi_1,g122_Phi,g122_phi_2,g123_phi_1,g123_Phi,g123_phi_2,g125_phi_1,g125_Phi,g125_phi_2,g126_phi_1,g126_Phi,g126_phi_2,g127_phi_1,g127_Phi,g127_phi_2,g128_phi_1,g128_Phi,g128_phi_2,g129_phi_1,g129_Phi,g129_phi_2,g130_phi_1,g130_Phi,g130_phi_2,g132_phi_1,g132_Phi,g132_phi_2,g133_phi_1,g133_Phi,g133_phi_2,g134_phi_1,g134_Phi,g134_phi_2,g135_phi_1,g135_Phi,g135_phi_2,g136_phi_1,g136_Phi,g136_phi_2,g137_phi_1,g137_Phi,g137_phi_2,g138_phi_1,g138_Phi,g138_phi_2,g139_phi_1,g139_Phi,g139_phi_2,g140_phi_1,g140_Phi,g140_phi_2,g141_phi_1,g141_Phi,g141_phi_2,g142_phi_1,g142_Phi,g142_phi_2,g143_phi_1,g143_Phi,g143_phi_2,g145_phi_1,g145_Phi,g145_phi_2,g146_phi_1,g146_Phi,g146_phi_2,g147_phi_1,g147_Phi,g147_phi_2,g148_phi_1,g148_Phi,g148_phi_2,g149_phi_1,g149_Phi,g149_phi_2,g150_phi_1,g150_Phi,g150_phi_2,g151_phi_1,g151_Phi,g151_phi_2,g152_phi_1,g152_Phi,g152_phi_2,g153_phi_1,g153_Phi,g153_phi_2,g154_phi_1,g154_Phi,g154_phi_2,g155_phi_1,g155_Phi,g155_phi_2,g156_phi_1,g156_Phi,g156_phi_2,g157_phi_1,g157_Phi,g157_phi_2,g158_phi_1,g158_Phi,g158_phi_2,g159_phi_1,g159_Phi,g159_phi_2,g161_phi_1,g161_Phi,g161_phi_2,g162_phi_1,g162_Phi,g162_phi_2,g163_phi_1,g163_Phi,g163_phi_2,g164_phi_1,g164_Phi,g164_phi_2,g165_phi_1,g165_Phi,g165_phi_2,g166_phi_1,g166_Phi,g166_phi_2,g167_phi_1,g167_Phi,g167_phi_2,g168_phi_1,g168_Phi,g168_phi_2,g169_phi_1,g169_Phi,g169_phi_2,g171_phi_1,g171_Phi,g171_phi_2,g172_phi_1,g172_Phi,g172_phi_2,g173_phi_1,g173_Phi,g173_phi_2,g175_phi_1,g175_Phi,g175_phi_2,g176_phi_1,g176_Phi,g176_phi_2,g177_phi_1,g177_Phi,g177_phi_2,g178_phi_1,g178_Phi,g178_phi_2,g179_phi_1,g179_Phi,g179_phi_2,g180_phi_1,g180_Phi,g180_phi_2,g181_phi_1,g181_Phi,g181_phi_2,g183_phi_1,g183_Phi,g183_phi_2,g185_phi_1,g185_Phi,g185_phi_2,g186_phi_1,g186_Phi,g186_phi_2,g187_phi_1,g187_Phi,g187_phi_2,g188_phi_1,g188_Phi,g188_phi_2,g189_phi_1,g189_Phi,g189_phi_2,g190_phi_1,g190_Phi,g190_phi_2,g191_phi_1,g191_Phi,g191_phi_2,g192_phi_1,g192_Phi,g192_phi_2,g193_phi_1,g193_Phi,g193_phi_2,g194_phi_1,g194_Phi,g194_phi_2,g195_phi_1,g195_Phi,g195_phi_2,g196_phi_1,g196_Phi,g196_phi_2,g197_phi_1,g197_Phi,g197_phi_2,g198_phi_1,g198_Phi,g198_phi_2,g199_phi_1,g199_Phi,g199_phi_2,g200_phi_1,g200_Phi,g200_phi_2,g201_phi_1,g201_Phi,g201_phi_2,g202_phi_1,g202_Phi,g202_phi_2,g203_phi_1,g203_Phi,g203_phi_2,g204_phi_1,g204_Phi,g204_phi_2,g205_phi_1,g205_Phi,g205_phi_2,g206_phi_1,g206_Phi,g206_phi_2,g207_phi_1,g207_Phi,g207_phi_2,g208_phi_1,g208_Phi,g208_phi_2,g209_phi_1,g209_Phi,g209_phi_2,g210_phi_1,g210_Phi,g210_phi_2,g211_phi_1,g211_Phi,g211_phi_2,g212_phi_1,g212_Phi,g212_phi_2,g213_phi_1,g213_Phi,g213_phi_2,g215_phi_1,g215_Phi,g215_phi_2,g216_phi_1,g216_Phi,g216_phi_2,g217_phi_1,g217_Phi,g217_phi_2,g218_phi_1,g218_Phi,g218_phi_2,g219_phi_1,g219_Phi,g219_phi_2,g220_phi_1,g220_Phi,g220_phi_2,g221_phi_1,g221_Phi,g221_phi_2,g222_phi_1,g222_Phi,g222_phi_2,g223_phi_1,g223_Phi,g223_phi_2,g224_phi_1,g224_Phi,g224_phi_2,g225_phi_1,g225_Phi,g225_phi_2,g226_phi_1,g226_Phi,g226_phi_2,g227_phi_1,g227_Phi,g227_phi_2,g228_phi_1,g228_Phi,g228_phi_2,g229_phi_1,g229_Phi,g229_phi_2,g230_phi_1,g230_Phi,g230_phi_2,g231_phi_1,g231_Phi,g231_phi_2,g232_phi_1,g232_Phi,g232_phi_2,g233_phi_1,g233_Phi,g233_phi_2,g234_phi_1,g234_Phi,g234_phi_2,g235_phi_1,g235_Phi,g235_phi_2,g236_phi_1,g236_Phi,g236_phi_2,g237_phi_1,g237_Phi,g237_phi_2,g238_phi_1,g238_Phi,g238_phi_2,g239_phi_1,g239_Phi,g239_phi_2,g240_phi_1,g240_Phi,g240_phi_2,g241_phi_1,g241_Phi,g241_phi_2,g242_phi_1,g242_Phi,g242_phi_2,g243_phi_1,g243_Phi,g243_phi_2,g244_phi_1,g244_Phi,g244_phi_2,g245_phi_1,g245_Phi,g245_phi_2,g246_phi_1,g246_Phi,g246_phi_2,g247_phi_1,g247_Phi,g247_phi_2,g248_phi_1,g248_Phi,g248_phi_2,g249_phi_1,g249_Phi,g249_phi_2,g250_phi_1,g250_Phi,g250_phi_2,g251_phi_1,g251_Phi,g251_phi_2,g252_phi_1,g252_Phi,g252_phi_2,g253_phi_1,g253_Phi,g253_phi_2,g254_phi_1,g254_Phi,g254_phi_2,g255_phi_1,g255_Phi,g255_phi_2,g256_phi_1,g256_Phi,g256_phi_2,g257_phi_1,g257_Phi,g257_phi_2,g258_phi_1,g258_Phi,g258_phi_2,g259_phi_1,g259_Phi,g259_phi_2,g261_phi_1,g261_Phi,g261_phi_2,g262_phi_1,g262_Phi,g262_phi_2,g264_phi_1,g264_Phi,g264_phi_2,g265_phi_1,g265_Phi,g265_phi_2,g268_phi_1,g268_Phi,g268_phi_2,g269_phi_1,g269_Phi,g269_phi_2,g270_phi_1,g270_Phi,g270_phi_2,g271_phi_1,g271_Phi,g271_phi_2,g272_phi_1,g272_Phi,g272_phi_2,g273_phi_1,g273_Phi,g273_phi_2,g274_phi_1,g274_Phi,g274_phi_2,g275_phi_1,g275_Phi,g275_phi_2,g276_phi_1,g276_Phi,g276_phi_2,g277_phi_1,g277_Phi,g277_phi_2,g278_phi_1,g278_Phi,g278_phi_2,g279_phi_1,g279_Phi,g279_phi_2,g280_phi_1,g280_Phi,g280_phi_2,g281_phi_1,g281_Phi,g281_phi_2,g282_phi_1,g282_Phi,g282_phi_2,g283_phi_1,g283_Phi,g283_phi_2,g284_phi_1,g284_Phi,g284_phi_2,g285_phi_1,g285_Phi,g285_phi_2,g286_phi_1,g286_Phi,g286_phi_2,g287_phi_1,g287_Phi,g287_phi_2,g288_phi_1,g288_Phi,g288_phi_2,g289_phi_1,g289_Phi,g289_phi_2,g291_phi_1,g291_Phi,g291_phi_2,g292_phi_1,g292_Phi,g292_phi_2,g293_phi_1,g293_Phi,g293_phi_2,g294_phi_1,g294_Phi,g294_phi_2,g295_phi_1,g295_Phi,g295_phi_2,g299_phi_1,g299_Phi,g299_phi_2,g300_phi_1,g300_Phi,g300_phi_2,g302_phi_1,g302_Phi,g302_phi_2,g303_phi_1,g303_Phi,g303_phi_2,g304_phi_1,g304_Phi,g304_phi_2,g306_phi_1,g306_Phi,g306_phi_2,g309_phi_1,g309_Phi,g309_phi_2,g312_phi_1,g312_Phi,g312_phi_2,g313_phi_1,g313_Phi,g313_phi_2
3.0157e-05,3.3495e-05,2.4659e-05,5.1523,5.152,5.1528,3.0157e-05,3.3495e-05,2.4659e-05,5.1538,5.2154,5.2655,5.146,5.0494,5.3539,5.1807,5.2837,5.263,5.1221,5.3029,5.3742,4.9911,5.0913,5.2039,5.3031,5.1918,5.1973,5.0616,4.9863,5.3806,5.0859,4.9548,5.2296,4.7759,5.0676,5.1285,5.4411,4.8473,5.0321,5.1419,5.1806,4.7533,5.3388,5.3329,5.431,5.3353,4.7692,5.2257,5.3896,5.2667,4.966,5.2882,4.9909,5.2476,5.3013,5.3411,5.4165,5.3221,5.2559,5.1274,5.2327,5.4745,5.2044,5.3568,5.2125,5.366,5.0187,4.9388,5.5041,5.365,5.2692,5.2987,4.8995,5.1804,5.1617,5.0804,4.9437,5.4975,5.064,5.1658,5.0315,5.312,5.2293,5.0485,5.1802,5.2306,5.2237,5.3748,5.3872,5.0949,5.2971,5.2815,4.9397,5.1885,5.034,5.2612,5.1073,5.192,5.14,5.2593,5.1678,4.9354,5.1162,5.2615,5.0676,5.2507,5.1986,4.8976,5.1746,5.3619,5.4057,5.2412,5.094,5.205,5.1591,5.38,5.0499,4.9233,5.0021,5.4048,5.1702,5.1421,5.2135,4.874,5.3607,5.1999,5.108,5.2419,5.29,4.8468,5.2338,5.1266,4.9701,5.0919,5.0814,5.2824,4.7483,5.3057,5.3394,5.1938,5.2311,5.344,5.095,5.1088,5.4327,5.3275,5.1003,5.1622,5.3147,5.1534,4.9383,5.0624,5.4734,5.0528,5.2101,5.2669,4.8597,5.1427,5.3608,4.9667,5.1389,5.6285,5.0541,4.6582,5.3255,5.2452,5.2393,5.1244,5.316,5.0736,5.0344,4.7396,5.0546,5.0103,5.124,4.8894,5.1121,5.2934,4.8682,5.2491,5.1061,5.239,5.1036,4.9456,5.0236,5.1335,5.0408,5.0554,5.3579,5.0439,5.3461,5.2789,5.0032,5.3178,5.1711,5.2483,5.2429,4.972,5.2951,5.3191,5.2778,5.1792,5.1687,5.0796,5.2784,5.1241,5.167,5.1306,5.1804,4.9852,5.0448,5.0135,5.0858,5.0996,5.32,5.2096,5.1713,5.1086,5.3039,5.1475,4.9811,5.0456,5.1662,5.347,5.1365,5.0942,5.0995,5.0327,5.2124,5.2449,5.1771,5.207,5.2678,5.3195,5.1296,5.2118,4.9433,5.2571,5.1948,5.1739,4.9503,5.2104,5.316,5.014,5.2147,5.1743,5.0389,5.2504,4.8835,5.0849,5.2208,5.0141,5.1928,5.2337,4.9845,5.3266,5.4018,5.383,4.9825,5.3578,5.0841,5.2382,5.1618,4.8486,5.2014,5.3848,5.1159,4.9824,5.1801,5.5345,5.1454,5.2198,5.2608,4.6997,4.732,4.9177,5.265,5.1231,5.0548,5.278,5.1889,5.1432,5.0852,4.8783,5.3007,5.2055,5.251,5.1539,3.2764e-05,3.1241e-05,3.0782e-05,3.2165e-05,3.2769e-05,3.1579e-05,3.0148e-05,3.3344e-05,3.3322e-05,3.362e-05,3.219e-05,3.1831e-05,3.4365e-05,3.3232e-05,3.0868e-05,3.2049e-05,3.323e-05,3.5834e-05,3.4002e-05,3.2727e-05,3.2863e-05,3.5085e-05,3.4316e-05,3.3414e-05,3.3735e-05,3.5821e-05,3.4188e-05,3.3149e-05,3.4846e-05,3.1722e-05,3.4781e-05,3.3738e-05,3.1674e-05,3.2208e-05,3.2679e-05,3.3318e-05,3.4622e-05,3.4236e-05,3.4239e-05,3.3094e-05,3.221e-05,3.2957e-05,3.2811e-05,3.5376e-05,3.4155e-05,3.4086e-05,3.2766e-05,3.4881e-05,3.4093e-05,3.3488e-05,3.3287e-05,3.2651e-05,3.4073e-05,3.4356e-05,3.3948e-05,3.437e-05,3.5758e-05,3.5024e-05,3.5754e-05,3.4042e-05,3.3055e-05,3.297e-05,3.319e-05,3.5009e-05,3.4048e-05,3.4634e-05,3.1584e-05,3.2131e-05,3.5431e-05,3.2547e-05,3.2124e-05,3.3146e-05,3.3237e-05,3.3022e-05,3.6039e-05,3.3019e-05,3.4522e-05,3.3643e-05,3.3713e-05,3.3955e-05,3.5919e-05,3.3338e-05,3.2973e-05,3.3366e-05,3.5698e-05,3.4326e-05,3.5239e-05,3.2585e-05,3.2596e-05,3.4011e-05,3.3116e-05,3.4617e-05,3.5425e-05,3.4309e-05,3.6927e-05,3.5609e-05,3.4687e-05,3.2819e-05,3.1039e-05,3.4137e-05,3.3762e-05,3.2981e-05,3.2192e-05,3.1823e-05,3.2661e-05,3.6825e-05,3.2907e-05,3.3531e-05,3.4371e-05,3.1929e-05,3.3312e-05,3.4888e-05,3.3827e-05,3.3031e-05,3.495e-05,3.2667e-05,3.3455e-05,3.2629e-05,3.3755e-05,3.467e-05,3.2149e-05,3.2797e-05,3.4733e-05,3.3494e-05,3.3967e-05,3.6191e-05,3.2704e-05,3.4302e-05,3.6644e-05,3.3133e-05,3.2453e-05,3.3201e-05,3.4019e-05,3.3339e-05,3.3907e-05,3.4935e-05,3.3493e-05,3.4729e-05,3.1473e-05,3.3136e-05,3.2695e-05,3.1115e-05,3.1693e-05,3.4161e-05,3.159e-05,3.4681e-05,3.3369e-05,3.5e-05,3.6177e-05,3.4131e-05,3.2923e-05,3.3254e-05,3.4906e-05,3.3048e-05,3.3622e-05,3.4793e-05,3.2568e-05,3.2373e-05,3.6947e-05,3.3003e-05,3.1602e-05,3.1959e-05,3.3275e-05,3.5683e-05,3.6076e-05,3.1842e-05,3.4544e-05,3.2853e-05,3.3022e-05,3.1909e-05,3.4443e-05,3.3856e-05,3.25e-05,3.2692e-05,3.4063e-05,3.3411e-05,3.4512e-05,3.3208e-05,3.3431e-05,3.4217e-05,3.5043e-05,3.3644e-05,3.2398e-05,3.4087e-05,3.3781e-05,3.4938e-05,3.3278e-05,3.4259e-05,3.3408e-05,3.3082e-05,3.6069e-05,3.398e-05,3.2908e-05,3.2694e-05,3.3219e-05,3.3023e-05,3.2844e-05,3.6066e-05,3.528e-05,3.3182e-05,3.4875e-05,3.328e-05,3.3525e-05,3.2564e-05,3.4525e-05,3.4371e-05,3.5274e-05,3.305e-05,3.3715e-05,3.3298e-05,3.5214e-05,3.3635e-05,3.3445e-05,3.2574e-05,3.3214e-05,3.3978e-05,3.28e-05,3.231e-05,3.2383e-05,3.376e-05,3.295e-05,3.346e-05,3.2756e-05,3.6323e-05,3.3134e-05,3.397e-05,3.2891e-05,3.4505e-05,3.2882e-05,3.2912e-05,3.281e-05,3.3611e-05,3.2651e-05,3.4032e-05,3.3066e-05,3.2693e-05,3.52e-05,3.4104e-05,3.339e-05,3.3372e-05,3.1343e-05,3.2751e-05,3.4472e-05,3.2652e-05,3.3058e-05,3.3425e-05,3.3424e-05,3.2327e-05,3.341e-05,3.0937e-05,3.2628e-05,3.5317e-05,3.2717e-05,3.5535e-05,3.2902e-05,3.2027e-05,3.3256e-05,3.2298e-05,3.1932e-05,3.4566e-05,3.2829e-05,3.2464e-05,3.2999e-05,3.176e-05,3.2879e-05,3.3097e-05,3.2982e-05,3.168e-05,3.2039e-05,3.2865e-05,3.2158e-05,3.1263e-05,3.1057e-05,3.1908e-05,3.2033e-05,3.1529e-05,3.1487e-05,3.2151e-05,3.2163e-05,1074300.0,1105700.0,792270.0,4276700.0,2284500.0,1150800.0,5856800.0,1513400.0,1879800.0,3242500.0,2966100.0,734830.0,5652900.0,1298400.0,4052200.0,2459600.0,5070500.0,4091400.0,1340500.0,3371900.0,2502600.0,3347400.0,11704000.0,958350.0,6311800.0,749460.0,9101500.0,1591900.0,1841400.0,815570.0,3232100.0,1680500.0,5814300.0,23940000.0,2520900.0,2724900.0,4347000.0,1235900.0,1513400.0,1646200.0,2062700.0,1057700.0,2058300.0,1019200.0,7475600.0,2433400.0,1825600.0,1494000.0,2274900.0,15971000.0,952090.0,7278300.0,3995200.0,706940.0,3910700.0,1079100.0,2657700.0,17679000.0,32102000.0,2373200.0,1720700.0,1532600.0,2840700.0,1036400.0,1926200.0,3409900.0,803840.0,2871900.0,1940600.0,3915400.0,2755300.0,1446400.0,1119200.0,15048000.0,5077600.0,1340600.0,3613400.0,1673300.0,965090.0,2573300.0,3702600.0,1313000.0,893150.0,2116300.0,873820.0,1861100.0,2850800.0,4950200.0,4191200.0,2338500.0,5694300.0,1300700.0,9352900.0,4677300.0,1017700.0,1694700.0,903640.0,1769700.0,3509900.0,9918500.0,1730700.0,16523000.0,1417300.0,9919600.0,1633600.0,3256300.0,1272900.0,1628100.0,12535000.0,5115100.0,2157200.0,3869300.0,2389200.0,1225800.0,656170.0,3373000.0,11659000.0,2413800.0,1291100.0,778800.0,1922000.0,735100.0,1193700.0,2218700.0,8786700.0,4156700.0,2627900.0,3087700.0,2361300.0,1498700.0,773560.0,10411000.0,2404500.0,3548600.0,2073400.0,1371700.0,1031900.0,2014200.0,1052000.0,2853800.0,3921600.0,1159600.0,1477000.0,2103000.0,1521000.0,2210500.0,2422200.0,877170.0,6912100.0,1513500.0,9390500.0,6180200.0,809830.0,10291000.0,814480.0,1274500.0,19279000.0,683650.0,12167000.0,721740.0,5575100.0,3693400.0,3817200.0,2647300.0,5252900.0,4116200.0,4227600.0,964530.0,4135000.0,1638700.0,6369200.0,1506700.0,7610900.0,1080700.0,744550.0,4005200.0,2996600.0,1988300.0,8411500.0,2288700.0,948280.0,1205600.0,3671000.0,3568300.0,1940100.0,1475700.0,747540.0,6807100.0,5275200.0,2336700.0,637470.0,17726000.0,3323000.0,5257900.0,1142200.0,18258000.0,5431600.0,1100100.0,8580600.0,1353300.0,1434500.0,3992400.0,5297000.0,799330.0,1639500.0,973680.0,1778500.0,1568200.0,1456500.0,7851700.0,2342100.0,1425100.0,12280000.0,2793800.0,1238000.0,1263500.0,3260300.0,951930.0,4669600.0,1133200.0,1854600.0,8075300.0,4435100.0,696550.0,1421900.0,10018000.0,5258300.0,5069200.0,15394000.0,3001700.0,1931800.0,2342400.0,2994600.0,3189800.0,1882600.0,1749500.0,2275100.0,1499400.0,7215800.0,652060.0,3656200.0,8296200.0,8910100.0,1863600.0,5378600.0,4029700.0,5011000.0,864140.0,1139900.0,5361500.0,1551600.0,6587500.0,3485200.0,7122400.0,1970700.0,1638700.0,1591200.0,1087700.0,1106100.0,2208100.0,945990.0,5091800.0,3371700.0,4404800.0,3356800.0,2894200.0,2745600.0,15584000.0,14989000.0,6042000.0,4601000.0,2807600.0,6148400.0,3762100.0,1781300.0,2740300.0,1353800.0,4824200.0,3044800.0,1.5241,1.8373,4.1747,2.2258,2.4644,3.6659,1.2783,2.2252,4.2225,1.2316,1.9876,4.2329,2.4996,2.6632,4.3033,0.85832,2.0616,4.2164,1.5204,2.4823,3.8935,3.0045,2.8389,5.8137,1.2298,1.9891,4.2335,1.7482,1.7188,4.2482,1.2772,2.2267,4.2236,0.85853,2.0616,4.2157,2.8892,2.8356,4.5065,5.7147,2.7777,1.4724,1.2339,2.846,3.6181,0.9579,2.1446,3.0241,2.4832,2.0495,4.4433,1.4727,1.6776,3.9048,0.65948,2.5684,3.8861,2.0054,1.7622,3.4724,1.0709,2.4481,3.0528,0.27389,2.2845,3.5661,1.7866,1.6722,3.3868,2.1493,2.8273,4.4552,1.7869,1.6688,3.3896,1.4765,1.6757,3.9055,0.39651,2.1316,3.2063,2.0332,2.3524,4.3838,1.4739,1.6648,3.199,0.83236,1.8708,2.7756,3.0064,2.8415,5.8125,2.0062,1.7595,3.4735,1.0067,2.7156,2.8788,1.8175,2.5893,4.0006,0.63141,1.8667,2.7993,1.0707,2.4463,3.0507,1.8979,1.9141,4.493,1.6791,1.6971,3.8957,0.5098,2.2005,3.7445,1.1931,2.4162,3.7872,1.0064,2.0571,3.2733,2.5437,2.2957,4.2868,2.0672,2.1459,4.6737,1.4784,1.6764,3.9095,1.8968,1.9165,4.4927,1.4901,2.1693,3.2681,0.8238,2.0767,3.1908,2.4174,2.3699,4.3118,1.9472,2.6027,4.894,1.9403,2.595,4.884,2.5439,2.2958,4.2857,1.2875,2.4854,3.9483,1.6861,2.2311,4.2927,2.066,3.0644,4.0107,0.49923,2.4703,2.4723,1.5428,2.0549,4.6057,2.08,3.0674,4.0282,0.39435,2.3728,3.4406,1.6613,1.6323,4.0829,0.71041,2.0199,3.1005,2.2436,2.2392,4.6446,0.62203,2.6207,2.9925,1.0062,2.0603,3.2738,0.13392,2.8899,1.9794,1.9943,1.9839,4.5862,2.5442,2.296,4.2885,2.6794,2.3394,5.2023,2.1539,2.8265,4.4574,1.0793,1.8519,3.9435,4.6166,3.0016,0.50459,0.88831,2.1164,3.0567,1.3057,2.1012,4.2638,1.0556,2.0866,3.4938,2.3207,2.7572,4.5922,1.7006,1.6014,4.159,1.1406,2.559,3.0643,0.74868,2.4247,3.7703,2.053,1.9306,3.7409,1.6004,2.4368,3.4687,1.6627,2.5202,3.6079,1.6602,1.6811,4.2495,2.118,2.8131,4.5948,2.1196,2.8138,4.5935,3.3513,2.7825,6.1124,1.6997,1.6013,4.159,1.7012,2.0062,3.4535,2.1329,2.9381,4.9273,1.1423,2.5588,3.0674,2.6402,2.4471,4.9916,1.0224,2.6024,4.0652,1.6023,2.4359,3.4689,1.1864,1.796,4.103,1.6609,1.6325,4.0848,1.7016,2.0057,3.4525,0.28864,2.9478,3.3347,2.8689,2.2927,4.5602,1.3174,1.9511,4.2043,1.2441,2.6909,3.3163,1.4643,2.459,3.3428,1.8404,1.987,3.7268,1.9513,2.3345,3.9913,1.0977,2.2823,3.1897,2.5404,2.0508,5.1494,1.2413,2.6903,3.3111,1.4636,2.4599,3.3409,0.28857,2.9473,3.3361,0.67746,1.8053,2.9162,1.7016,2.0287,4.4196,1.4675,1.8655,4.1179,5.543,2.9021,1.8545,0.81907,2.1223,2.7795,1.0226,2.6032,4.0663,2.1501,2.5239,3.6205,2.6418,2.4455,4.9935,2.7989,2.7062,4.519,2.1654,2.5312,4.5369,2.349,2.1019,4.1931,0.76611,1.9877,3.3506,0.32204,2.4751,2.8773,0.6044,2.1401,3.7142,2.3861,2.5115,4.4288,0.74472,2.4656,2.8487,1.2554,1.5813,4.2873,1.7013,2.0061,3.451,0.0050383,2.6894,2.0489,3.2064,2.9388,6.1971,0.74021,2.4662,2.8463,1.6603,1.6339,4.0883,1.4936,1.8635,3.1829,0.73978,2.4657,2.8454,2.1686,2.3479,4.9567,1.1413,2.5623,3.0669,1.0014,1.9628,3.5036,0.53344,1.9779,3.2567,1.7001,2.0074,3.4508,2.3861,2.0794,4.1964,2.1411,2.1544,4.9782,1.2897,1.7554,3.799,0.68242,1.9762,2.756,2.1406,2.1535,4.9793,2.318,2.1836,4.4579,1.5669,2.2868,3.9626,4.1926,3.0104,0.12704,1.9554,2.3352,3.9951,0.83921,1.9643,4.1175,1.1725,2.5707,4.2135,3.5119,2.8548,6.0743,1.5317,1.6172,3.2864,0.32503,2.2969,3.4114,5.1374,2.9924,1.0787,0.55379,2.7849,3.2492,1.2637,2.5059,2.9756,2.1407,2.1536,4.9817,1.4733,2.0953,4.3487,1.5252,1.6218,3.2862,1.3778,2.9306,3.3643,0.44717,2.4505,2.7147,0.92458,2.4546,2.9988,0.22209,2.6181,3.3412,1.6114,2.2543,4.124,0.44159,2.4479,2.7092,1.0486,2.1675,3.6612,1.3944,1.8085,4.293,0.32533,2.2983,3.4098,1.5289,1.6174,3.2864,0.44363,2.4509,2.7125,2.975,2.8702,5.8917,2.0092,2.6,4.0362,1.9691,2.1767,4.5864,2.6381,2.7753,5.2773,1.8894,1.9667,3.9049,1.2938,1.8187,3.6872,2.1423,2.1545,4.9813,1.4031,2.6597,4.01,1.1131,3.0857,2.9565,4.6928,2.9877,0.41755,1.255,2.6827,4.3323,1.9034,1.9592,3.8847,1.2442,2.6358,2.8623,0.35232,2.7741,2.9431,0.93872,2.8891,4.1316,0.56881,2.5206,2.5775,0.69916,1.9299,2.9948,0.54675,2.3943,3.4307,1.5673,2.1751,4.2267,1.2535,2.6841,4.3329,0.63666,1.9466,3.1211,1.9784,1.8986,3.8193,1.1932,1.8477,3.6441,2.4708,2.7242,4.9923,1.3773,1.5208,4.1734,1.3909,2.1561,3.1757,0.63826,1.9465,3.1204,0.45923,2.4507,2.5656,1.6131,2.2519,4.1266,2.4673,2.7241,4.9903,0.63716,1.9472,3.119,1.5636,1.714,3.3268,0.51833,3.0392,2.4344,0.57034,2.5209,2.5805,2.9041,2.7439,5.8835,6.172,2.8627,2.5367,4.6808,2.9902,0.4036,2.3484,2.4101,3.7567,0.84923,3.0826,3.6298,1.441,2.2523,3.5657,0.8313,3.0801,3.6116,2.3684,2.2382,3.8115,1.1921,1.8486,3.6431,2.4263,2.3369,4.5577,2.5835,2.6258,4.0286,1.2589,2.6845,4.3353,1.8906,1.9657,3.9066,1.1213,2.7989,3.6467,2.4542,2.4869,5.097,1.6068,2.6228,3.2977,2.1688,2.1867,4.1014,0.78743,1.9022,3.3723,2.3485,2.4105,3.7548,2.3504,2.4122,3.7572,2.1833,1.8849,4.8996,2.6472,2.2912,4.7935,2.3666,2.2392,3.8111,1.3811,1.5863,3.8343,2.4711,2.7216,4.9951,1.8902,1.9657,3.9068,0.78009,2.1421,3.9582,1.6015,1.8361,4.2589,2.4686,2.724,4.9923,1.4449,2.3901,3.26,5.9252,2.8799,2.2032,1.8598,1.8013,3.4743,1.9784,3.0268,4.3032,2.013,1.9497,4.751,1.0977,2.5794,4.2701,1.8806,2.1506,4.8604,1.6134,1.8057,3.9667,1.6043,2.0106,3.3941,1.0072,2.7795,3.5564,0.90647,2.8339,3.8044,1.3759,2.388,3.8423,1.1201,2.8,3.6458,1.8392,1.8007,4.0944,0.91213,2.4614,2.7716,1.9098,2.0683,4.3845,0.066656,2.7972,2.8317,1.087,1.9611,4.2606,0.94509,2.3383,3.0064,1.6323,2.3957,4.5869,0.97932,2.0893,2.8331,0.74441,1.9995,2.7442,1.613,1.8052,3.9686,0.91278,2.4608,2.7722,1.3816,1.5869,3.8361,2.773,2.5905,4.6388,1.0844,2.1371,3.6274,1.1185,2.802,3.6469,1.9759,1.987,4.4762,1.0855,1.9622,4.2599,1.853,1.6503,3.45,1.6623,2.4799,3.9992,2.1105,2.5553,4.9227,2.1559,2.3802,3.7112,1.1824,3.0753,3.4149,1.446,1.4656,4.2333,0.61617,3.0,3.6103,1.6251,1.7535,4.2346,0.74516,1.9979,2.7432,0.68977,2.1943,3.9435,2.69,2.6026,4.5382,1.9907,2.1288,3.4393,1.3818,2.9247,3.5371,1.0814,2.1911,3.6362,2.5308,1.9986,4.4682,1.4915,1.7352,4.4227,1.6109,2.5928,3.5821,2.0628,2.2866,4.0714,2.7131,2.3752,5.0134,0.44238,2.5318,2.9549
7.5391e-05,8.3736e-05,6.1645e-05,12.88,12.88,12.882,7.5391e-05,8.3736e-05,6.1645e-05,12.884,13.038,13.163,12.865,12.623,13.385,12.951,13.209,13.157,12.805,13.257,13.435,12.477,12.728,13.009,13.258,12.979,12.993,12.654,12.465,13.451,12.715,12.387,13.074,11.939,12.669,12.821,13.602,12.118,12.58,12.854,12.951,11.883,13.347,13.332,13.577,13.338,11.923,13.064,13.474,13.166,12.415,13.22,12.477,13.119,13.253,13.353,13.541,13.305,13.139,12.818,13.082,13.686,13.011,13.392,13.031,13.415,12.546,12.347,13.76,13.412,13.173,13.247,12.249,12.951,12.904,12.701,12.359,13.744,12.66,12.914,12.578,13.28,13.073,12.621,12.95,13.076,13.059,13.437,13.468,12.737,13.243,13.204,12.349,12.971,12.585,13.153,12.768,12.98,12.85,13.148,12.919,12.338,12.79,13.154,12.669,13.126,12.996,12.244,12.936,13.404,13.514,13.103,12.735,13.012,12.898,13.45,12.625,12.308,12.505,13.512,12.925,12.855,13.033,12.185,13.402,12.999,12.77,13.105,13.225,12.117,13.084,12.816,12.425,12.729,12.703,13.206,11.87,13.264,13.348,12.984,13.077,13.36,12.737,12.772,13.582,13.318,12.75,12.905,13.286,12.883,12.345,12.656,13.683,12.632,13.025,13.167,12.149,12.856,13.402,12.417,12.847,14.071,12.635,11.645,13.313,13.113,13.098,12.811,13.29,12.684,12.586,11.849,12.636,12.525,12.81,12.223,12.78,13.233,12.17,13.123,12.765,13.097,12.759,12.364,12.559,12.834,12.602,12.638,13.394,12.609,13.365,13.197,12.508,13.294,12.928,13.12,13.107,12.43,13.237,13.297,13.194,12.948,12.922,12.699,13.196,12.81,12.917,12.826,12.951,12.463,12.612,12.534,12.714,12.749,13.3,13.024,12.928,12.771,13.259,12.868,12.452,12.614,12.915,13.367,12.841,12.735,12.748,12.582,13.031,13.112,12.942,13.017,13.169,13.299,12.824,13.029,12.358,13.142,12.987,12.934,12.375,13.026,13.29,12.535,13.036,12.935,12.597,13.126,12.209,12.712,13.052,12.535,12.982,13.084,12.461,13.316,13.504,13.457,12.456,13.394,12.71,13.095,12.904,12.121,13.003,13.462,12.79,12.456,12.95,13.836,12.863,13.049,13.152,11.749,11.83,12.294,13.162,12.807,12.637,13.195,12.972,12.858,12.713,12.195,13.251,13.013,13.127,12.884,8.1908e-05,7.81e-05,7.6953e-05,8.0411e-05,8.192e-05,7.8945e-05,7.5367e-05,8.3358e-05,8.3302e-05,8.4049e-05,8.0474e-05,7.9575e-05,8.5909e-05,8.3078e-05,7.7168e-05,8.0122e-05,8.3073e-05,8.9583e-05,8.5003e-05,8.1814e-05,8.2156e-05,8.7709e-05,8.5788e-05,8.3534e-05,8.4336e-05,8.955e-05,8.5468e-05,8.2871e-05,8.7112e-05,7.9302e-05,8.6949e-05,8.4342e-05,7.9183e-05,8.0517e-05,8.1695e-05,8.3293e-05,8.6554e-05,8.5588e-05,8.5595e-05,8.2734e-05,8.0523e-05,8.2392e-05,8.2025e-05,8.8439e-05,8.5384e-05,8.5212e-05,8.1913e-05,8.7202e-05,8.523e-05,8.3717e-05,8.3216e-05,8.1626e-05,8.518e-05,8.5887e-05,8.4867e-05,8.5924e-05,8.9394e-05,8.7559e-05,8.9382e-05,8.5103e-05,8.2637e-05,8.2423e-05,8.2972e-05,8.752e-05,8.5118e-05,8.6584e-05,7.8957e-05,8.0325e-05,8.8574e-05,8.1366e-05,8.0307e-05,8.2864e-05,8.309e-05,8.2552e-05,9.0096e-05,8.2546e-05,8.6303e-05,8.4104e-05,8.4279e-05,8.4886e-05,8.9796e-05,8.3343e-05,8.243e-05,8.3412e-05,8.9244e-05,8.5812e-05,8.8097e-05,8.146e-05,8.1487e-05,8.5025e-05,8.2787e-05,8.6541e-05,8.856e-05,8.5771e-05,9.2317e-05,8.9021e-05,8.6715e-05,8.2046e-05,7.7595e-05,8.5341e-05,8.4403e-05,8.245e-05,8.0478e-05,7.9557e-05,8.165e-05,9.206e-05,8.2266e-05,8.3826e-05,8.5926e-05,7.9821e-05,8.3279e-05,8.7218e-05,8.4567e-05,8.2575e-05,8.7373e-05,8.1666e-05,8.3635e-05,8.1571e-05,8.4386e-05,8.6674e-05,8.037e-05,8.1991e-05,8.6831e-05,8.3733e-05,8.4914e-05,9.0474e-05,8.1758e-05,8.5752e-05,9.1609e-05,8.283e-05,8.1131e-05,8.3001e-05,8.5044e-05,8.3346e-05,8.4766e-05,8.7335e-05,8.3731e-05,8.6821e-05,7.868e-05,8.2837e-05,8.1736e-05,7.7786e-05,7.9231e-05,8.5401e-05,7.8974e-05,8.67e-05,8.3421e-05,8.7497e-05,9.0441e-05,8.5325e-05,8.2306e-05,8.3134e-05,8.7262e-05,8.2618e-05,8.4055e-05,8.6982e-05,8.1418e-05,8.0932e-05,9.2367e-05,8.2505e-05,7.9003e-05,7.9894e-05,8.3184e-05,8.9205e-05,9.0187e-05,7.9602e-05,8.6359e-05,8.213e-05,8.2552e-05,7.977e-05,8.6106e-05,8.4637e-05,8.1249e-05,8.1728e-05,8.5157e-05,8.3524e-05,8.6279e-05,8.3019e-05,8.3575e-05,8.5541e-05,8.7605e-05,8.4107e-05,8.0993e-05,8.5214e-05,8.445e-05,8.7342e-05,8.3192e-05,8.5646e-05,8.3518e-05,8.2703e-05,9.017e-05,8.4949e-05,8.2267e-05,8.1733e-05,8.3045e-05,8.2556e-05,8.2107e-05,9.0164e-05,8.8199e-05,8.2953e-05,8.7185e-05,8.3198e-05,8.381e-05,8.1409e-05,8.6311e-05,8.5926e-05,8.8182e-05,8.2623e-05,8.4284e-05,8.3243e-05,8.8034e-05,8.4086e-05,8.3611e-05,8.1433e-05,8.3033e-05,8.4944e-05,8.1999e-05,8.0772e-05,8.0957e-05,8.4398e-05,8.2373e-05,8.3649e-05,8.1888e-05,9.0806e-05,8.2834e-05,8.4923e-05,8.2226e-05,8.6261e-05,8.2204e-05,8.2278e-05,8.2023e-05,8.4025e-05,8.1626e-05,8.5078e-05,8.2662e-05,8.1731e-05,8.7999e-05,8.5257e-05,8.3473e-05,8.3428e-05,7.8356e-05,8.1875e-05,8.6177e-05,8.1629e-05,8.2643e-05,8.3561e-05,8.3557e-05,8.0817e-05,8.3523e-05,7.734e-05,8.1569e-05,8.829e-05,8.1791e-05,8.8834e-05,8.2253e-05,8.0065e-05,8.3138e-05,8.0743e-05,7.9829e-05,8.6414e-05,8.207e-05,8.1158e-05,8.2496e-05,7.9398e-05,8.2196e-05,8.274e-05,8.2454e-05,7.9198e-05,8.0096e-05,8.2161e-05,8.0392e-05,7.8155e-05,7.7641e-05,7.9769e-05,8.008e-05,7.882e-05,7.8715e-05,8.0374e-05,8.0404e-05,1074300.0,1105700.0,792270.0,4276700.0,2284500.0,1150800.0,5856800.0,1513400.0,1879800.0,3242500.0,2966100.0,734830.0,5652900.0,1298400.0,4052200.0,2459600.0,5070500.0,4091400.0,1340500.0,3371900.0,2502600.0,3347400.0,11704000.0,958350.0,6311800.0,749460.0,9101500.0,1591900.0,1841400.0,815570.0,3232100.0,1680500.0,5814300.0,23940000.0,2520900.0,2724900.0,4347000.0,1235900.0,1513400.0,1646200.0,2062700.0,1057700.0,2058300.0,1019200.0,7475600.0,2433400.0,1825600.0,1494000.0,2274900.0,15971000.0,952090.0,7278300.0,3995200.0,706940.0,3910700.0,1079100.0,2657700.0,17679000.0,32102000.0,2373200.0,1720700.0,1532600.0,2840700.0,1036400.0,1926200.0,3409900.0,803840.0,2871900.0,1940600.0,3915400.0,2755300.0,1446400.0,1119200.0,15048000.0,5077600.0,1340600.0,3613400.0,1673300.0,965090.0,2573300.0,3702600.0,1313000.0,893150.0,2116300.0,873820.0,1861100.0,2850800.0,4950200.0,4191200.0,2338500.0,5694300.0,1300700.0,9352900.0,4677300.0,1017700.0,1694700.0,903640.0,1769700.0,3509900.0,9918500.0,1730700.0,16523000.0,1417300.0,9919600.0,1633600.0,3256300.0,1272900.0,1628100.0,12535000.0,5115100.0,2157200.0,3869300.0,2389200.0,1225800.0,656170.0,3373000.0,11659000.0,2413800.0,1291100.0,778800.0,1922000.0,735100.0,1193700.0,2218700.0,8786700.0,4156700.0,2627900.0,3087700.0,2361300.0,1498700.0,773560.0,10411000.0,2404500.0,3548600.0,2073400.0,1371700.0,1031900.0,2014200.0,1052000.0,2853800.0,3921600.0,1159600.0,1477000.0,2103000.0,1521000.0,2210500.0,2422200.0,877170.0,6912100.0,1513500.0,9390500.0,6180200.0,809830.0,10291000.0,814480.0,1274500.0,19279000.0,683650.0,12167000.0,721740.0,5575100.0,3693400.0,3817200.0,2647300.0,5252900.0,4116200.0,4227600.0,964530.0,4135000.0,1638700.0,6369200.0,1506700.0,7610900.0,1080700.0,744550.0,4005200.0,2996600.0,1988300.0,8411500.0,2288700.0,948280.0,1205600.0,3671000.0,3568300.0,1940100.0,1475700.0,747540.0,6807100.0,5275200.0,2336700.0,637470.0,17726000.0,3323000.0,5257900.0,1142200.0,18258000.0,5431600.0,1100100.0,8580600.0,1353300.0,1434500.0,3992400.0,5297000.0,799330.0,1639500.0,973680.0,1778500.0,1568200.0,1456500.0,7851700.0,2342100.0,1425100.0,12280000.0,2793800.0,1238000.0,1263500.0,3260300.0,951930.0,4669600.0,1133200.0,1854600.0,8075300.0,4435100.0,696550.0,1421900.0,10018000.0,5258300.0,5069200.0,15394000.0,3001700.0,1931800.0,2342400.0,2994600.0,3189800.0,1882600.0,1749500.0,2275100.0,1499400.0,7215800.0,652060.0,3656200.0,8296200.0,8910100.0,1863600.0,5378600.0,4029700.0,5011000.0,864140.0,1139900.0,5361500.0,1551600.0,6587500.0,3485200.0,7122400.0,1970700.0,1638700.0,1591200.0,1087700.0,1106100.0,2208100.0,945990.0,5091800.0,3371700.0,4404800.0,3356800.0,2894200.0,2745600.0,15584000.0,14989000.0,6042000.0,4601000.0,2807600.0,6148400.0,3762100.0,1781300.0,2740300.0,1353800.0,4824200.0,3044800.0,1.5241,1.8373,4.1747,2.2258,2.4644,3.6659,1.2783,2.2252,4.2225,1.2316,1.9876,4.2329,2.4996,2.6632,4.3033,0.85832,2.0616,4.2164,1.5204,2.4823,3.8935,3.0045,2.8389,5.8137,1.2299,1.9891,4.2335,1.7482,1.7188,4.2482,1.2772,2.2267,4.2236,0.85852,2.0616,4.2157,2.8892,2.8356,4.5065,5.7147,2.7777,1.4724,1.2339,2.846,3.6181,0.9579,2.1446,3.0241,2.4832,2.0495,4.4433,1.4727,1.6776,3.9048,0.65948,2.5684,3.8861,2.0054,1.7622,3.4724,1.0709,2.4481,3.0528,0.2739,2.2845,3.5661,1.7866,1.6722,3.3868,2.1493,2.8273,4.4552,1.7869,1.6688,3.3896,1.4765,1.6757,3.9055,0.39651,2.1316,3.2063,2.0332,2.3524,4.3838,1.4739,1.6648,3.199,0.83236,1.8708,2.7756,3.0064,2.8415,5.8125,2.0062,1.7595,3.4735,1.0067,2.7156,2.8788,1.8175,2.5893,4.0006,0.63141,1.8667,2.7993,1.0707,2.4463,3.0507,1.8979,1.9141,4.493,1.6791,1.6971,3.8957,0.5098,2.2005,3.7445,1.1931,2.4162,3.7872,1.0064,2.0571,3.2733,2.5437,2.2957,4.2868,2.0672,2.1459,4.6737,1.4784,1.6764,3.9095,1.8968,1.9165,4.4927,1.4901,2.1693,3.2681,0.8238,2.0768,3.1908,2.4174,2.3699,4.3118,1.9472,2.6027,4.894,1.9403,2.595,4.884,2.5439,2.2958,4.2857,1.2875,2.4854,3.9484,1.6861,2.2311,4.2927,2.066,3.0644,4.0107,0.49923,2.4703,2.4723,1.5428,2.0549,4.6057,2.0801,3.0674,4.0282,0.39435,2.3728,3.4406,1.6613,1.6323,4.0829,0.71041,2.0199,3.1005,2.2436,2.2392,4.6446,0.62202,2.6207,2.9925,1.0062,2.0603,3.2738,0.13391,2.8899,1.9794,1.9943,1.9839,4.5862,2.5442,2.296,4.2885,2.6794,2.3394,5.2023,2.1539,2.8265,4.4574,1.0793,1.8519,3.9435,4.6166,3.0016,0.50459,0.88831,2.1164,3.0567,1.3057,2.1012,4.2638,1.0556,2.0866,3.4938,2.3207,2.7572,4.5922,1.7006,1.6014,4.159,1.1406,2.559,3.0643,0.74868,2.4247,3.7703,2.053,1.9306,3.7409,1.6004,2.4368,3.4687,1.6627,2.5202,3.6079,1.6602,1.6811,4.2495,2.118,2.8131,4.5948,2.1196,2.8138,4.5935,3.3513,2.7825,6.1124,1.6997,1.6013,4.159,1.7012,2.0062,3.4535,2.1329,2.9381,4.9273,1.1424,2.5588,3.0674,2.6402,2.4471,4.9916,1.0224,2.6024,4.0652,1.6023,2.4359,3.4689,1.1864,1.796,4.103,1.6609,1.6325,4.0848,1.7016,2.0057,3.4525,0.28864,2.9478,3.3347,2.8689,2.2927,4.5602,1.3174,1.9511,4.2043,1.2441,2.6909,3.3163,1.4643,2.459,3.3428,1.8404,1.987,3.7268,1.9513,2.3345,3.9913,1.0977,2.2823,3.1897,2.5404,2.0508,5.1494,1.2413,2.6903,3.3111,1.4635,2.4599,3.3409,0.28857,2.9473,3.3361,0.67746,1.8053,2.9162,1.7016,2.0287,4.4196,1.4675,1.8655,4.1179,5.543,2.9021,1.8545,0.81907,2.1223,2.7795,1.0226,2.6032,4.0663,2.1501,2.5239,3.6205,2.6418,2.4455,4.9935,2.7989,2.7062,4.5191,2.1654,2.5312,4.5369,2.349,2.1019,4.1931,0.76611,1.9877,3.3506,0.32204,2.4751,2.8773,0.6044,2.1401,3.7142,2.3861,2.5115,4.4288,0.74472,2.4656,2.8487,1.2554,1.5813,4.2873,1.7013,2.0061,3.451,0.0050415,2.6894,2.0489,3.2064,2.9388,6.1971,0.74021,2.4662,2.8463,1.6603,1.6339,4.0883,1.4936,1.8635,3.1829,0.73978,2.4657,2.8454,2.1687,2.3479,4.9567,1.1413,2.5623,3.0669,1.0014,1.9628,3.5036,0.53343,1.9779,3.2567,1.7001,2.0074,3.4508,2.3861,2.0794,4.1964,2.1411,2.1544,4.9782,1.2897,1.7554,3.799,0.68243,1.9762,2.756,2.1406,2.1535,4.9793,2.318,2.1836,4.4579,1.5669,2.2869,3.9626,4.1926,3.0104,0.12703,1.9554,2.3352,3.9951,0.83921,1.9643,4.1175,1.1725,2.5707,4.2135,3.5119,2.8548,6.0743,1.5317,1.6172,3.2864,0.32503,2.297,3.4114,5.1374,2.9924,1.0787,0.55379,2.7849,3.2492,1.2637,2.5059,2.9756,2.1407,2.1536,4.9817,1.4733,2.0953,4.3487,1.5252,1.6218,3.2862,1.3778,2.9306,3.3643,0.44717,2.4505,2.7147,0.92458,2.4546,2.9988,0.22209,2.6181,3.3412,1.6114,2.2543,4.124,0.44159,2.4479,2.7092,1.0486,2.1675,3.6612,1.3944,1.8085,4.293,0.32533,2.2983,3.4098,1.5289,1.6174,3.2864,0.44364,2.4509,2.7125,2.975,2.8701,5.8917,2.0092,2.6,4.0362,1.9691,2.1767,4.5864,2.6381,2.7753,5.2773,1.8894,1.9667,3.9049,1.2938,1.8187,3.6872,2.1423,2.1545,4.9813,1.4031,2.6597,4.01,1.1131,3.0857,2.9565,4.6928,2.9877,0.41753,1.255,2.6827,4.3323,1.9034,1.9592,3.8847,1.2442,2.6358,2.8623,0.35232,2.7741,2.9431,0.93872,2.8891,4.1316,0.56881,2.5206,2.5775,0.69916,1.9299,2.9948,0.54675,2.3943,3.4307,1.5673,2.1751,4.2267,1.2535,2.6841,4.3329,0.63666,1.9466,3.1211,1.9784,1.8986,3.8193,1.1932,1.8477,3.6441,2.4708,2.7242,4.9923,1.3772,1.5208,4.1734,1.3909,2.1561,3.1757,0.63826,1.9465,3.1204,0.45923,2.4507,2.5656,1.6131,2.2519,4.1266,2.4673,2.7241,4.9903,0.63716,1.9472,3.119,1.5636,1.714,3.3268,0.51835,3.0392,2.4344,0.57034,2.5209,2.5805,2.9041,2.7439,5.8835,6.172,2.8627,2.5367,4.6808,2.9902,0.40357,2.3484,2.4101,3.7567,0.84927,3.0826,3.6298,1.441,2.2523,3.5657,0.83132,3.0801,3.6116,2.3684,2.2382,3.8115,1.1921,1.8486,3.6431,2.4263,2.3369,4.5577,2.5835,2.6258,4.0286,1.259,2.6845,4.3353,1.8906,1.9657,3.9066,1.1213,2.7989,3.6467,2.4542,2.4869,5.097,1.6068,2.6228,3.2977,2.1688,2.1867,4.1014,0.78742,1.9022,3.3723,2.3485,2.4105,3.7548,2.3504,2.4122,3.7572,2.1833,1.8849,4.8996,2.6472,2.2912,4.7935,2.3666,2.2392,3.8111,1.3811,1.5863,3.8343,2.4711,2.7216,4.9951,1.8901,1.9657,3.9068,0.78009,2.1421,3.9582,1.6015,1.8361,4.2589,2.4686,2.724,4.9923,1.4449,2.3901,3.26,5.9252,2.8799,2.2032,1.8598,1.8013,3.4743,1.9784,3.0268,4.3032,2.013,1.9497,4.751,1.0977,2.5794,4.2701,1.8805,2.1506,4.8605,1.6134,1.8057,3.9667,1.6043,2.0106,3.3941,1.0072,2.7795,3.5564,0.90647,2.8339,3.8044,1.3759,2.388,3.8423,1.1201,2.8,3.6458,1.8392,1.8007,4.0944,0.91213,2.4614,2.7716,1.9098,2.0683,4.3845,0.06666,2.7972,2.8317,1.087,1.9611,4.2606,0.9451,2.3383,3.0064,1.6323,2.3957,4.5869,0.97932,2.0893,2.8331,0.74442,1.9995,2.7442,1.613,1.8051,3.9686,0.91278,2.4608,2.7722,1.3816,1.5869,3.8361,2.773,2.5905,4.6388,1.0844,2.1371,3.6274,1.1185,2.802,3.6469,1.9759,1.987,4.4762,1.0855,1.9622,4.2599,1.853,1.6503,3.45,1.6623,2.4799,3.9992,2.1105,2.5553,4.9227,2.1559,2.3802,3.7112,1.1824,3.0753,3.4149,1.446,1.4656,4.2333,0.61619,3.0,3.6103,1.6251,1.7535,4.2346,0.74516,1.9979,2.7432,0.68976,2.1943,3.9435,2.69,2.6026,4.5382,1.9907,2.1288,3.4393,1.3818,2.9247,3.5371,1.0814,2.1911,3.6362,2.5308,1.9986,4.4682,1.4915,1.7352,4.4227,1.6109,2.5928,3.5821,2.0628,2.2866,4.0714,2.7131,2.3752,5.0133,0.44239,2.5318,2.9549
0.00014324,0.00015909,0.00011712,24.472,24.47,24.474,0.00014324,0.00015909,0.00011712,24.479,24.771,25.009,24.442,23.983,25.429,24.606,25.096,24.998,24.328,25.187,25.526,23.706,24.182,24.717,25.188,24.66,24.686,24.041,23.683,25.557,24.157,23.534,24.839,22.684,24.07,24.359,25.844,23.023,23.901,24.423,24.606,22.577,25.358,25.33,25.796,25.341,22.653,24.82,25.599,25.015,23.587,25.118,23.706,24.925,25.179,25.369,25.727,25.278,24.964,24.354,24.854,26.003,24.719,25.443,24.758,25.487,23.837,23.458,26.143,25.482,25.027,25.168,23.271,24.605,24.516,24.131,23.481,26.112,24.053,24.536,23.898,25.23,24.838,23.979,24.605,24.844,24.811,25.529,25.588,24.199,25.16,25.086,23.462,24.644,23.91,24.989,24.258,24.66,24.413,24.98,24.545,23.442,24.3,24.991,24.07,24.939,24.692,23.262,24.578,25.467,25.675,24.894,24.195,24.722,24.505,25.553,23.986,23.384,23.759,25.671,24.557,24.424,24.763,23.15,25.462,24.698,24.261,24.898,25.126,23.021,24.859,24.35,23.606,24.185,24.135,25.09,22.553,25.2,25.361,24.669,24.846,25.382,24.2,24.265,25.804,25.304,24.225,24.519,25.243,24.477,23.455,24.045,25.997,23.999,24.746,25.016,23.082,24.426,25.462,23.591,24.408,26.734,24.006,22.125,25.295,24.913,24.885,24.34,25.25,24.098,23.912,22.512,24.008,23.797,24.338,23.223,24.281,25.142,23.123,24.932,24.253,24.884,24.24,23.49,23.86,24.383,23.943,24.012,25.449,23.957,25.393,25.074,23.764,25.258,24.562,24.928,24.902,23.616,25.15,25.264,25.068,24.6,24.55,24.127,25.071,24.338,24.542,24.369,24.605,23.678,23.961,23.813,24.156,24.221,25.269,24.744,24.562,24.265,25.192,24.449,23.659,23.965,24.538,25.397,24.397,24.196,24.221,23.904,24.758,24.912,24.59,24.732,25.021,25.266,24.364,24.755,23.479,24.97,24.674,24.574,23.513,24.748,25.249,23.815,24.768,24.576,23.933,24.938,23.195,24.152,24.797,23.815,24.664,24.858,23.675,25.3,25.657,25.568,23.665,25.448,24.148,24.88,24.517,23.029,24.705,25.576,24.299,23.665,24.604,26.287,24.439,24.792,24.987,22.322,22.476,23.357,25.007,24.333,24.009,25.069,24.646,24.429,24.153,23.17,25.177,24.724,24.941,24.479,0.00015562,0.00014838,0.0001462,0.00015277,0.00015564,0.00014999,0.00014319,0.00015837,0.00015827,0.00015969,0.00015289,0.00015119,0.00016322,0.00015784,0.00014661,0.00015223,0.00015783,0.0001702,0.0001615,0.00015544,0.00015609,0.00016664,0.00016299,0.00015871,0.00016023,0.00017014,0.00016238,0.00015745,0.00016551,0.00015067,0.0001652,0.00016024,0.00015044,0.00015298,0.00015521,0.00015825,0.00016445,0.00016261,0.00016262,0.00015719,0.00015299,0.00015654,0.00015584,0.00016803,0.00016222,0.0001619,0.00015563,0.00016568,0.00016193,0.00015906,0.00015811,0.00015508,0.00016184,0.00016318,0.00016124,0.00016325,0.00016984,0.00016636,0.00016982,0.00016169,0.000157,0.0001566,0.00015764,0.00016628,0.00016172,0.0001645,0.00015001,0.00015261,0.00016829,0.00015459,0.00015258,0.00015743,0.00015786,0.00015684,0.00017118,0.00015683,0.00016397,0.00015979,0.00016013,0.00016128,0.00017061,0.00015835,0.00015661,0.00015848,0.00016956,0.00016304,0.00016738,0.00015477,0.00015482,0.00016154,0.00015729,0.00016442,0.00016826,0.00016296,0.0001754,0.00016913,0.00016475,0.00015588,0.00014743,0.00016214,0.00016036,0.00015665,0.0001529,0.00015115,0.00015513,0.00017491,0.0001563,0.00015926,0.00016325,0.00015166,0.00015822,0.00016571,0.00016067,0.00015689,0.000166,0.00015516,0.0001589,0.00015498,0.00016033,0.00016467,0.0001527,0.00015578,0.00016497,0.00015909,0.00016133,0.00017189,0.00015533,0.00016292,0.00017405,0.00015737,0.00015414,0.00015769,0.00016158,0.00015835,0.00016105,0.00016593,0.00015908,0.00016495,0.00014949,0.00015738,0.00015529,0.00014779,0.00015053,0.00016226,0.00015004,0.00016472,0.00015849,0.00016624,0.00017183,0.00016211,0.00015638,0.00015795,0.00016579,0.00015697,0.0001597,0.00016526,0.00015469,0.00015377,0.00017549,0.00015675,0.0001501,0.00015179,0.00015804,0.00016948,0.00017135,0.00015124,0.00016408,0.00015604,0.00015684,0.00015156,0.00016359,0.0001608,0.00015437,0.00015528,0.00016179,0.00015869,0.00016392,0.00015773,0.00015879,0.00016252,0.00016644,0.0001598,0.00015388,0.0001619,0.00016045,0.00016594,0.00015806,0.00016272,0.00015868,0.00015713,0.00017132,0.0001614,0.0001563,0.00015529,0.00015778,0.00015685,0.000156,0.00017131,0.00016757,0.0001576,0.00016565,0.00015807,0.00015923,0.00015467,0.00016399,0.00016325,0.00016754,0.00015698,0.00016013,0.00015816,0.00016726,0.00015976,0.00015886,0.00015472,0.00015776,0.00016139,0.00015579,0.00015346,0.00015381,0.00016035,0.0001565,0.00015893,0.00015558,0.00017253,0.00015738,0.00016135,0.00015622,0.00016389,0.00015618,0.00015632,0.00015584,0.00015964,0.00015508,0.00016164,0.00015705,0.00015528,0.00016719,0.00016198,0.00015859,0.00015851,0.00014887,0.00015556,0.00016373,0.00015509,0.00015702,0.00015876,0.00015875,0.00015355,0.00015869,0.00014694,0.00015497,0.00016774,0.0001554,0.00016878,0.00015627,0.00015212,0.00015796,0.0001534,0.00015167,0.00016418,0.00015593,0.0001542,0.00015674,0.00015085,0.00015617,0.0001572,0.00015666,0.00015047,0.00015218,0.0001561,0.00015274,0.00014849,0.00014751,0.00015155,0.00015214,0.00014975,0.00014955,0.0001527,0.00015276,1074300.0,1105700.0,792270.0,4276700.0,2284500.0,1150800.0,5856800.0,1513400.0,1879800.0,3242500.0,2966100.0,734830.0,5652900.0,1298400.0,4052200.0,2459600.0,5070500.0,4091400.0,1340500.0,3371900.0,2502600.0,3347400.0,11704000.0,958350.0,6311800.0,749460.0,9101500.0,1591900.0,1841400.0,815570.0,3232100.0,1680500.0,5814300.0,23940000.0,2520900.0,2724900.0,4347000.0,1235900.0,1513400.0,1646200.0,2062700.0,1057700.0,2058300.0,1019200.0,7475600.0,2433400.0,1825600.0,1494000.0,2274900.0,15971000.0,952090.0,7278300.0,3995200.0,706940.0,3910700.0,1079100.0,2657700.0,17679000.0,32102000.0,2373200.0,1720700.0,1532600.0,2840700.0,1036400.0,1926200.0,3409900.0,803840.0,2871900.0,1940600.0,3915400.0,2755300.0,1446400.0,1119200.0,15048000.0,5077600.0,1340600.0,3613400.0,1673300.0,965090.0,2573300.0,3702600.0,1313000.0,893150.0,2116300.0,873820.0,1861100.0,2850800.0,4950200.0,4191200.0,2338500.0,5694300.0,1300700.0,9352900.0,4677300.0,1017700.0,1694700.0,903640.0,1769700.0,3509900.0,9918500.0,1730700.0,16523000.0,1417300.0,9919600.0,1633600.0,3256300.0,1272900.0,1628100.0,12535000.0,5115100.0,2157200.0,3869300.0,2389200.0,1225800.0,656170.0,3373000.0,11659000.0,2413800.0,1291100.0,778800.0,1922000.0,735100.0,1193700.0,2218700.0,8786700.0,4156700.0,2627900.0,3087700.0,2361300.0,1498700.0,773560.0,10411000.0,2404500.0,3548600.0,2073400.0,1371700.0,1031900.0,2014200.0,1052000.0,2853800.0,3921600.0,1159600.0,1477000.0,2103000.0,1521000.0,2210500.0,2422200.0,877170.0,6912100.0,1513500.0,9390500.0,6180200.0,809830.0,10291000.0,814480.0,1274500.0,19279000.0,683650.0,12167000.0,721740.0,5575100.0,3693400.0,3817200.0,2647300.0,5252900.0,4116200.0,4227600.0,964530.0,4135000.0,1638700.0,6369200.0,1506700.0,7610900.0,1080700.0,744550.0,4005200.0,2996600.0,1988300.0,8411500.0,2288700.0,948280.0,1205600.0,3671000.0,3568300.0,1940100.0,1475700.0,747540.0,6807100.0,5275200.0,2336700.0,637470.0,17726000.0,3323000.0,5257900.0,1142200.0,18258000.0,5431600.0,1100100.0,8580600.0,1353300.0,1434500.0,3992400.0,5297000.0,799330.0,1639500.0,973680.0,1778500.0,1568200.0,1456500.0,7851700.0,2342100.0,1425100.0,12280000.0,2793800.0,1238000.0,1263500.0,3260300.0,951930.0,4669600.0,1133200.0,1854600.0,8075300.0,4435100.0,696550.0,1421900.0,10018000.0,5258300.0,5069200.0,15394000.0,3001700.0,1931800.0,2342400.0,2994600.0,3189800.0,1882600.0,1749500.0,2275100.0,1499400.0,7215800.0,652060.0,3656200.0,8296200.0,8910100.0,1863600.0,5378600.0,4029700.0,5011000.0,864140.0,1139900.0,5361500.0,1551600.0,6587500.0,3485200.0,7122400.0,1970700.0,1638700.0,1591200.0,1087700.0,1106100.0,2208100.0,945990.0,5091800.0,3371700.0,4404800.0,3356800.0,2894200.0,2745600.0,15584000.0,14989000.0,6042000.0,4601000.0,2807600.0,6148400.0,3762100.0,1781300.0,2740300.0,1353800.0,4824200.0,3044800.0,1.5241,1.8373,4.1747,2.2258,2.4644,3.6659,1.2783,2.2252,4.2225,1.2316,1.9876,4.2329,2.4996,2.6632,4.3033,0.85831,2.0616,4.2164,1.5204,2.4823,3.8935,3.0045,2.8389,5.8137,1.2299,1.9891,4.2335,1.7482,1.7189,4.2482,1.2771,2.2267,4.2236,0.85852,2.0616,4.2157,2.8892,2.8356,4.5065,5.7147,2.7777,1.4724,1.2339,2.846,3.618,0.9579,2.1446,3.0241,2.4832,2.0495,4.4433,1.4727,1.6776,3.9048,0.65948,2.5684,3.8861,2.0054,1.7622,3.4724,1.0709,2.4481,3.0528,0.27391,2.2845,3.5661,1.7866,1.6722,3.3868,2.1493,2.8273,4.4552,1.7869,1.6688,3.3896,1.4765,1.6757,3.9055,0.39651,2.1316,3.2063,2.0332,2.3524,4.3838,1.4739,1.6648,3.199,0.83236,1.8708,2.7756,3.0064,2.8415,5.8125,2.0062,1.7595,3.4735,1.0067,2.7156,2.8788,1.8175,2.5893,4.0006,0.63141,1.8667,2.7993,1.0707,2.4463,3.0507,1.8979,1.9141,4.493,1.6791,1.6971,3.8957,0.5098,2.2005,3.7445,1.1931,2.4162,3.7872,1.0064,2.0571,3.2733,2.5437,2.2957,4.2868,2.0672,2.1459,4.6737,1.4784,1.6764,3.9095,1.8968,1.9165,4.4927,1.4901,2.1693,3.2681,0.82381,2.0768,3.1908,2.4174,2.3699,4.3118,1.9472,2.6027,4.894,1.9403,2.595,4.884,2.5439,2.2958,4.2857,1.2875,2.4854,3.9484,1.6861,2.2311,4.2927,2.0661,3.0644,4.0107,0.49923,2.4703,2.4723,1.5428,2.0549,4.6057,2.0801,3.0674,4.0282,0.39435,2.3728,3.4406,1.6613,1.6323,4.0829,0.71042,2.0199,3.1005,2.2436,2.2392,4.6446,0.622,2.6207,2.9925,1.0062,2.0603,3.2738,0.1339,2.89,1.9794,1.9944,1.9839,4.5862,2.5442,2.296,4.2885,2.6794,2.3394,5.2023,2.1539,2.8265,4.4574,1.0793,1.8519,3.9435,4.6166,3.0016,0.50459,0.88831,2.1164,3.0567,1.3057,2.1012,4.2638,1.0556,2.0866,3.4938,2.3207,2.7572,4.5922,1.7006,1.6014,4.159,1.1406,2.559,3.0643,0.74868,2.4247,3.7703,2.053,1.9306,3.7409,1.6004,2.4368,3.4687,1.6627,2.5202,3.6079,1.6602,1.6811,4.2495,2.118,2.8131,4.5948,2.1196,2.8138,4.5935,3.3513,2.7825,6.1124,1.6997,1.6013,4.159,1.7012,2.0062,3.4535,2.1329,2.9381,4.9274,1.1424,2.5588,3.0674,2.6402,2.4471,4.9916,1.0224,2.6024,4.0652,1.6024,2.4359,3.4689,1.1864,1.796,4.103,1.6609,1.6325,4.0848,1.7016,2.0057,3.4525,0.28864,2.9478,3.3347,2.869,2.2927,4.5602,1.3175,1.9511,4.2043,1.2441,2.6909,3.3163,1.4643,2.459,3.3428,1.8404,1.987,3.7268,1.9513,2.3345,3.9913,1.0977,2.2823,3.1897,2.5404,2.0507,5.1494,1.2413,2.6903,3.3111,1.4635,2.4599,3.3409,0.28857,2.9473,3.3361,0.67747,1.8053,2.9162,1.7016,2.0287,4.4196,1.4675,1.8655,4.1179,5.543,2.9021,1.8545,0.81908,2.1223,2.7795,1.0226,2.6032,4.0663,2.1501,2.5239,3.6205,2.6418,2.4455,4.9935,2.7989,2.7062,4.5191,2.1654,2.5312,4.5369,2.349,2.1019,4.1931,0.76611,1.9877,3.3506,0.32204,2.4751,2.8773,0.60441,2.1401,3.7142,2.3861,2.5115,4.4288,0.74472,2.4656,2.8487,1.2554,1.5813,4.2873,1.7013,2.0061,3.451,0.0050499,2.6894,2.0489,3.2064,2.9388,6.1971,0.74021,2.4662,2.8463,1.6603,1.6339,4.0883,1.4936,1.8635,3.1829,0.73978,2.4657,2.8454,2.1687,2.3479,4.9567,1.1413,2.5623,3.0669,1.0014,1.9629,3.5036,0.53343,1.9779,3.2567,1.7001,2.0074,3.4508,2.3861,2.0794,4.1964,2.1411,2.1544,4.9782,1.2897,1.7554,3.799,0.68244,1.9762,2.756,2.1406,2.1535,4.9793,2.318,2.1836,4.4579,1.5669,2.2869,3.9626,4.1925,3.0104,0.127,1.9554,2.3352,3.9951,0.83921,1.9643,4.1175,1.1725,2.5707,4.2135,3.5119,2.8548,6.0743,1.5317,1.6172,3.2864,0.32503,2.297,3.4114,5.1374,2.9924,1.0787,0.5538,2.785,3.2493,1.2637,2.5059,2.9756,2.1407,2.1536,4.9817,1.4733,2.0953,4.3487,1.5252,1.6218,3.2862,1.3778,2.9306,3.3643,0.44717,2.4505,2.7147,0.92459,2.4546,2.9988,0.22209,2.6181,3.3412,1.6114,2.2543,4.124,0.44159,2.4479,2.7092,1.0486,2.1675,3.6612,1.3944,1.8085,4.293,0.32533,2.2983,3.4098,1.5289,1.6174,3.2864,0.44364,2.4509,2.7125,2.975,2.8701,5.8917,2.0092,2.5999,4.0362,1.9691,2.1767,4.5864,2.6381,2.7753,5.2773,1.8894,1.9667,3.9049,1.2938,1.8187,3.6872,2.1423,2.1545,4.9813,1.4031,2.6597,4.01,1.1131,3.0857,2.9565,4.6927,2.9877,0.4175,1.255,2.6827,4.3323,1.9034,1.9592,3.8847,1.2442,2.6358,2.8623,0.35232,2.7741,2.9431,0.93873,2.8891,4.1317,0.56881,2.5206,2.5775,0.69916,1.9299,2.9948,0.54676,2.3943,3.4307,1.5673,2.1751,4.2267,1.2535,2.6841,4.3329,0.63666,1.9466,3.1211,1.9784,1.8986,3.8193,1.1932,1.8477,3.6441,2.4708,2.7242,4.9923,1.3772,1.5208,4.1734,1.3909,2.1561,3.1757,0.63827,1.9465,3.1204,0.45923,2.4507,2.5656,1.6131,2.2519,4.1266,2.4673,2.7241,4.9903,0.63716,1.9472,3.119,1.5636,1.714,3.3268,0.51837,3.0392,2.4345,0.57035,2.5209,2.5805,2.9041,2.7439,5.8835,6.172,2.8627,2.5367,4.6807,2.9902,0.40353,2.3485,2.4101,3.7567,0.84932,3.0826,3.6299,1.441,2.2523,3.5657,0.83135,3.0801,3.6117,2.3684,2.2382,3.8115,1.1921,1.8486,3.6431,2.4263,2.3369,4.5577,2.5835,2.6258,4.0286,1.259,2.6845,4.3353,1.8906,1.9657,3.9066,1.1213,2.7989,3.6467,2.4542,2.4869,5.097,1.6068,2.6228,3.2977,2.1688,2.1867,4.1014,0.78742,1.9022,3.3723,2.3486,2.4105,3.7548,2.3504,2.4122,3.7572,2.1833,1.8849,4.8996,2.6472,2.2912,4.7935,2.3666,2.2392,3.8111,1.3811,1.5863,3.8343,2.4711,2.7216,4.9951,1.8901,1.9657,3.9068,0.7801,2.1421,3.9582,1.6015,1.8361,4.2589,2.4686,2.724,4.9923,1.4449,2.3901,3.26,5.9252,2.8799,2.2032,1.8598,1.8013,3.4743,1.9784,3.0268,4.3032,2.013,1.9497,4.751,1.0977,2.5794,4.2701,1.8805,2.1506,4.8605,1.6134,1.8057,3.9666,1.6043,2.0106,3.3941,1.0072,2.7795,3.5564,0.90648,2.8339,3.8044,1.3759,2.388,3.8423,1.1201,2.8,3.6459,1.8392,1.8007,4.0944,0.91213,2.4614,2.7716,1.9098,2.0683,4.3845,0.066667,2.7972,2.8317,1.087,1.9611,4.2606,0.94511,2.3382,3.0064,1.6323,2.3957,4.5869,0.97933,2.0893,2.8331,0.74442,1.9995,2.7442,1.613,1.8051,3.9686,0.91278,2.4608,2.7722,1.3816,1.5869,3.8361,2.773,2.5905,4.6388,1.0844,2.1371,3.6274,1.1185,2.802,3.6469,1.9759,1.987,4.4762,1.0855,1.9622,4.2599,1.853,1.6503,3.45,1.6623,2.4799,3.9992,2.1105,2.5553,4.9226,2.1559,2.3802,3.7112,1.1824,3.0752,3.4149,1.446,1.4656,4.2333,0.61621,3.0,3.6103,1.6252,1.7535,4.2346,0.74517,1.9979,2.7432,0.68975,2.1943,3.9435,2.69,2.6026,4.5382,1.9907,2.1288,3.4393,1.3818,2.9247,3.5371,1.0814,2.1911,3.6362,2.5308,1.9986,4.4682,1.4915,1.7352,4.4227,1.6109,2.5928,3.5821,2.0628,2.2866,4.0714,2.7131,2.3752,5.0133,0.44241,2.5318,2.9549
0.00024499,0.00027212,0.00020031,41.855,41.853,41.858,0.00024498,0.0002721,0.00020031,41.867,42.367,42.775,41.804,41.019,43.493,42.086,42.923,42.755,41.61,43.079,43.659,40.546,41.36,42.275,43.082,42.177,42.222,41.119,40.507,43.712,41.317,40.251,42.484,38.798,41.168,41.662,44.203,39.377,40.881,41.771,42.086,38.614,43.371,43.323,44.121,43.343,38.745,42.453,43.784,42.785,40.342,42.961,40.544,42.631,43.066,43.39,44.002,43.236,42.698,41.654,42.509,44.475,42.279,43.518,42.345,43.592,40.771,40.122,44.715,43.585,42.806,43.047,39.802,42.084,41.932,41.273,40.162,44.661,41.139,41.966,40.874,43.153,42.482,41.012,42.083,42.492,42.435,43.663,43.765,41.39,43.033,42.906,40.128,42.15,40.893,42.741,41.49,42.178,41.755,42.725,41.982,40.094,41.562,42.743,41.168,42.655,42.233,39.787,42.037,43.559,43.915,42.58,41.383,42.284,41.912,43.706,41.025,39.996,40.636,43.908,42.001,41.775,42.353,39.594,43.55,42.242,41.496,42.584,42.975,39.375,42.518,41.648,40.375,41.365,41.28,42.914,38.574,43.102,43.376,42.194,42.496,43.414,41.391,41.502,44.135,43.28,41.434,41.937,43.176,41.865,40.117,41.125,44.465,41.047,42.325,42.787,39.479,41.778,43.55,40.348,41.747,45.726,41.059,37.842,43.263,42.611,42.564,41.63,43.187,41.217,40.898,38.503,41.062,40.702,41.627,39.72,41.53,43.003,39.548,42.643,41.481,42.561,41.459,40.177,40.81,41.703,40.951,41.069,43.527,40.975,43.431,42.886,40.645,43.201,42.01,42.636,42.592,40.392,43.016,43.212,42.875,42.075,41.99,41.266,42.88,41.627,41.977,41.679,42.084,40.499,40.983,40.729,41.316,41.427,43.219,42.322,42.01,41.501,43.088,41.818,40.465,40.989,41.969,43.438,41.727,41.384,41.427,40.886,42.345,42.608,42.058,42.301,42.795,43.215,41.671,42.34,40.158,42.708,42.202,42.031,40.215,42.329,43.187,40.731,42.362,42.035,40.934,42.653,39.672,41.309,42.413,40.732,42.185,42.517,40.492,43.272,43.883,43.73,40.476,43.525,41.302,42.554,41.933,39.388,42.255,43.745,41.56,40.475,42.081,44.962,41.8,42.404,42.736,38.178,38.44,39.949,42.772,41.619,41.064,42.877,42.153,41.781,41.31,39.629,43.061,42.287,42.657,41.868,0.00026616,0.00025379,0.00025006,0.0002613,0.0002662,0.00025653,0.00024491,0.00027087,0.00027069,0.00027312,0.0002615,0.00025859,0.00027916,0.00026996,0.00025076,0.00026037,0.00026995,0.0002911,0.00027622,0.00026586,0.00026698,0.00028502,0.00027877,0.00027145,0.00027405,0.000291,0.00027773,0.0002693,0.00028307,0.00025771,0.00028254,0.00027407,0.00025731,0.00026165,0.00026548,0.00027067,0.00028126,0.00027813,0.00027815,0.00026885,0.00026167,0.00026773,0.00026655,0.00028738,0.00027746,0.0002769,0.00026618,0.00028337,0.00027696,0.00027205,0.00027041,0.00026525,0.00027681,0.00027909,0.00027579,0.00027921,0.00029049,0.00028453,0.00029045,0.00027655,0.00026854,0.00026784,0.00026963,0.0002844,0.0002766,0.00028136,0.00025659,0.00026102,0.00028783,0.00026441,0.00026097,0.00026927,0.00027001,0.00026826,0.00029277,0.00026824,0.00028044,0.0002733,0.00027388,0.00027585,0.0002918,0.00027083,0.00026787,0.00027105,0.00029,0.00027884,0.00028628,0.00026471,0.0002648,0.00027629,0.00026902,0.00028122,0.00028778,0.00027871,0.00029999,0.00028928,0.00028178,0.00026662,0.00025215,0.00027732,0.00027428,0.00026793,0.00026153,0.00025853,0.00026533,0.00029916,0.00026734,0.0002724,0.00027922,0.00025939,0.00027063,0.00028342,0.00027481,0.00026833,0.00028392,0.00026539,0.00027178,0.00026507,0.00027422,0.00028165,0.00026117,0.00026644,0.00028217,0.0002721,0.00027593,0.000294,0.00026569,0.00027866,0.00029769,0.00026917,0.00026365,0.00026972,0.00027636,0.00027084,0.00027545,0.0002838,0.00027209,0.00028213,0.00025568,0.00026919,0.00026561,0.00025277,0.00025747,0.00027752,0.00025663,0.00028173,0.00027108,0.00028433,0.00029389,0.00027727,0.00026746,0.00027015,0.00028358,0.00026848,0.00027314,0.00028265,0.00026458,0.000263,0.00030015,0.00026811,0.00025673,0.00025962,0.00027031,0.00028987,0.00029307,0.00025868,0.00028063,0.00026689,0.00026826,0.00025922,0.0002798,0.00027503,0.00026403,0.00026558,0.00027673,0.00027142,0.00028037,0.00026977,0.00027158,0.00027797,0.00028468,0.00027332,0.0002632,0.00027691,0.00027443,0.00028383,0.00027034,0.00027831,0.0002714,0.00026875,0.00029302,0.00027605,0.00026733,0.0002656,0.00026987,0.00026827,0.00026682,0.000293,0.00028661,0.00026956,0.00028332,0.00027036,0.00027235,0.00026455,0.00028047,0.00027923,0.00028655,0.00026849,0.00027389,0.00027051,0.00028608,0.00027324,0.0002717,0.00026462,0.00026983,0.00027603,0.00026646,0.00026248,0.00026308,0.00027426,0.00026768,0.00027183,0.0002661,0.00029508,0.00026918,0.00027596,0.00026721,0.00028031,0.00026713,0.00026737,0.00026654,0.00027304,0.00026525,0.00027647,0.00026861,0.00026559,0.00028596,0.00027705,0.00027125,0.0002711,0.00025463,0.00026606,0.00028003,0.00026526,0.00026856,0.00027153,0.00027153,0.00026263,0.00027141,0.00025132,0.00026507,0.0002869,0.00026579,0.00028867,0.00026728,0.00026017,0.00027016,0.00026238,0.00025941,0.0002808,0.0002667,0.00026373,0.00026807,0.000258,0.00026709,0.00026886,0.00026793,0.00025736,0.00026028,0.00026698,0.00026124,0.00025396,0.00025229,0.00025921,0.00026022,0.00025613,0.00025578,0.00026118,0.00026127,1074300.0,1105700.0,792270.0,4276700.0,2284500.0,1150800.0,5856800.0,1513400.0,1879800.0,3242500.0,2966100.0,734830.0,5652900.0,1298400.0,4052200.0,2459600.0,5070500.0,4091400.0,1340500.0,3371900.0,2502600.0,3347400.0,11704000.0,958350.0,6311800.0,749460.0,9101500.0,1591900.0,1841400.0,815570.0,3232100.0,1680500.0,5814300.0,23940000.0,2520900.0,2724900.0,4347000.0,1235900.0,1513400.0,1646200.0,2062700.0,1057700.0,2058300.0,1019200.0,7475600.0,2433400.0,1825600.0,1494000.0,2274900.0,15971000.0,952090.0,7278300.0,3995200.0,706940.0,3910700.0,1079100.0,2657700.0,17679000.0,32102000.0,2373200.0,1720700.0,1532600.0,2840700.0,1036400.0,1926200.0,3409900.0,803840.0,2871900.0,1940600.0,3915400.0,2755300.0,1446400.0,1119200.0,15048000.0,5077600.0,1340600.0,3613400.0,1673300.0,965090.0,2573300.0,3702600.0,1313000.0,893150.0,2116300.0,873820.0,1861100.0,2850800.0,4950200.0,4191200.0,2338500.0,5694300.0,1300700.0,9352900.0,4677300.0,1017700.0,1694700.0,903640.0,1769700.0,3509900.0,9918500.0,1730700.0,16523000.0,1417300.0,9919600.0,1633600.0,3256300.0,1272900.0,1628100.0,12535000.0,5115100.0,2157200.0,3869300.0,2389200.0,1225800.0,656170.0,3373000.0,11659000.0,2413800.0,1291100.0,778800.0,1922000.0,735100.0,1193700.0,2218700.0,8786700.0,4156700.0,2627900.0,3087700.0,2361300.0,1498700.0,773560.0,10411000.0,2404500.0,3548600.0,2073400.0,1371700.0,1031900.0,2014200.0,1052000.0,2853800.0,3921600.0,1159600.0,1477000.0,2103000.0,1521000.0,2210500.0,2422200.0,877170.0,6912100.0,1513500.0,9390500.0,6180200.0,809830.0,10291000.0,814480.0,1274500.0,19279000.0,683650.0,12167000.0,721740.0,5575100.0,3693400.0,3817200.0,2647300.0,5252900.0,4116200.0,4227600.0,964530.0,4135000.0,1638700.0,6369200.0,1506700.0,7610900.0,1080700.0,744550.0,4005200.0,2996600.0,1988300.0,8411500.0,2288700.0,948280.0,1205600.0,3671000.0,3568300.0,1940100.0,1475700.0,747540.0,6807100.0,5275200.0,2336700.0,637470.0,17726000.0,3323000.0,5257900.0,1142200.0,18258000.0,5431600.0,1100100.0,8580600.0,1353300.0,1434500.0,3992400.0,5297000.0,799330.0,1639500.0,973680.0,1778500.0,1568200.0,1456500.0,7851700.0,2342100.0,1425100.0,12280000.0,2793800.0,1238000.0,1263500.0,3260300.0,951930.0,4669600.0,1133200.0,1854600.0,8075300.0,4435100.0,696550.0,1421900.0,10018000.0,5258300.0,5069200.0,15394000.0,3001700.0,1931800.0,2342400.0,2994600.0,3189800.0,1882600.0,1749500.0,2275100.0,1499400.0,7215800.0,652060.0,3656200.0,8296200.0,8910100.0,1863600.0,5378600.0,4029700.0,5011000.0,864140.0,1139900.0,5361500.0,1551600.0,6587500.0,3485200.0,7122400.0,1970700.0,1638700.0,1591200.0,1087700.0,1106100.0,2208100.0,945990.0,5091800.0,3371700.0,4404800.0,3356800.0,2894200.0,2745600.0,15584000.0,14989000.0,6042000.0,4601000.0,2807600.0,6148400.0,3762100.0,1781300.0,2740300.0,1353800.0,4824200.0,3044800.0,1.5241,1.8373,4.1747,2.2258,2.4644,3.6659,1.2783,2.2252,4.2225,1.2316,1.9876,4.2329,2.4996,2.6632,4.3033,0.8583,2.0616,4.2164,1.5205,2.4823,3.8935,3.0045,2.8389,5.8137,1.2299,1.9892,4.2335,1.7482,1.7189,4.2482,1.2771,2.2267,4.2236,0.85851,2.0616,4.2157,2.8892,2.8356,4.5065,5.7146,2.7777,1.4724,1.2339,2.846,3.618,0.9579,2.1446,3.0241,2.4832,2.0496,4.4433,1.4727,1.6776,3.9048,0.65948,2.5684,3.8861,2.0054,1.7622,3.4724,1.0709,2.4481,3.0528,0.27393,2.2845,3.5661,1.7866,1.6722,3.3868,2.1493,2.8273,4.4552,1.7869,1.6688,3.3896,1.4766,1.6757,3.9055,0.3965,2.1316,3.2063,2.0332,2.3524,4.3838,1.4739,1.6648,3.199,0.83238,1.8708,2.7756,3.0064,2.8415,5.8125,2.0062,1.7595,3.4735,1.0067,2.7156,2.8788,1.8175,2.5893,4.0006,0.63141,1.8667,2.7993,1.0707,2.4463,3.0507,1.8979,1.9141,4.493,1.6791,1.6971,3.8957,0.50981,2.2005,3.7445,1.1931,2.4163,3.7872,1.0064,2.0571,3.2733,2.5437,2.2957,4.2868,2.0672,2.1459,4.6737,1.4784,1.6764,3.9095,1.8968,1.9166,4.4927,1.4901,2.1693,3.2681,0.82381,2.0768,3.1908,2.4174,2.3699,4.3118,1.9472,2.6027,4.894,1.9403,2.595,4.884,2.5439,2.2958,4.2856,1.2875,2.4854,3.9484,1.6861,2.2311,4.2927,2.0661,3.0644,4.0108,0.49924,2.4703,2.4723,1.5428,2.0549,4.6057,2.0801,3.0674,4.0283,0.39435,2.3728,3.4406,1.6613,1.6323,4.0829,0.71042,2.0199,3.1005,2.2436,2.2392,4.6447,0.62199,2.6207,2.9925,1.0062,2.0603,3.2738,0.1339,2.89,1.9793,1.9944,1.9839,4.5862,2.5442,2.296,4.2885,2.6794,2.3394,5.2023,2.1539,2.8265,4.4574,1.0793,1.8519,3.9435,4.6166,3.0016,0.50459,0.88831,2.1164,3.0567,1.3058,2.1012,4.2638,1.0556,2.0866,3.4938,2.3207,2.7572,4.5922,1.7006,1.6014,4.159,1.1406,2.559,3.0643,0.74869,2.4247,3.7703,2.0531,1.9306,3.7409,1.6004,2.4368,3.4687,1.6627,2.5202,3.6079,1.6602,1.6811,4.2495,2.118,2.8131,4.5948,2.1197,2.8138,4.5936,3.3512,2.7825,6.1124,1.6997,1.6013,4.159,1.7012,2.0062,3.4535,2.1329,2.9381,4.9274,1.1424,2.5588,3.0674,2.6402,2.4471,4.9916,1.0224,2.6024,4.0652,1.6023,2.4359,3.4689,1.1864,1.796,4.103,1.6609,1.6325,4.0848,1.7016,2.0057,3.4525,0.28863,2.9478,3.3347,2.869,2.2927,4.5602,1.3175,1.9511,4.2043,1.2441,2.6909,3.3163,1.4643,2.459,3.3428,1.8404,1.987,3.7268,1.9513,2.3345,3.9913,1.0977,2.2824,3.1897,2.5404,2.0507,5.1494,1.2413,2.6903,3.3111,1.4635,2.4599,3.3409,0.28857,2.9473,3.3361,0.67748,1.8053,2.9162,1.7016,2.0287,4.4196,1.4675,1.8655,4.1179,5.543,2.9021,1.8545,0.81908,2.1223,2.7795,1.0226,2.6032,4.0663,2.1501,2.5239,3.6205,2.6418,2.4455,4.9935,2.7989,2.7062,4.5191,2.1654,2.5312,4.5369,2.349,2.1019,4.1931,0.76611,1.9877,3.3506,0.32204,2.4751,2.8773,0.60442,2.1401,3.7142,2.3861,2.5115,4.4288,0.74472,2.4656,2.8487,1.2554,1.5813,4.2873,1.7013,2.0061,3.451,0.0050556,2.6894,2.0489,3.2064,2.9388,6.1971,0.74021,2.4662,2.8463,1.6603,1.6339,4.0883,1.4936,1.8635,3.1829,0.73978,2.4657,2.8454,2.1687,2.3479,4.9567,1.1413,2.5623,3.0669,1.0014,1.9629,3.5036,0.53343,1.9779,3.2567,1.7001,2.0074,3.4508,2.3861,2.0793,4.1964,2.141,2.1544,4.9782,1.2897,1.7554,3.799,0.68245,1.9762,2.756,2.1406,2.1535,4.9793,2.318,2.1836,4.4579,1.5669,2.2869,3.9626,4.1925,3.0104,0.12695,1.9554,2.3352,3.9951,0.8392,1.9643,4.1175,1.1725,2.5707,4.2135,3.5119,2.8547,6.0743,1.5317,1.6172,3.2864,0.32504,2.297,3.4114,5.1374,2.9924,1.0787,0.5538,2.785,3.2493,1.2637,2.5059,2.9756,2.1407,2.1536,4.9817,1.4733,2.0953,4.3487,1.5252,1.6218,3.2862,1.3778,2.9306,3.3643,0.44717,2.4505,2.7147,0.9246,2.4546,2.9988,0.2221,2.6181,3.3412,1.6114,2.2543,4.124,0.44159,2.4479,2.7092,1.0486,2.1675,3.6612,1.3944,1.8085,4.293,0.32532,2.2983,3.4098,1.5289,1.6174,3.2864,0.44365,2.4509,2.7125,2.9749,2.8701,5.8918,2.0092,2.5999,4.0362,1.9691,2.1767,4.5864,2.6381,2.7753,5.2773,1.8894,1.9667,3.9049,1.2938,1.8187,3.6872,2.1423,2.1545,4.9813,1.4031,2.6597,4.01,1.1131,3.0857,2.9565,4.6927,2.9877,0.41747,1.255,2.6827,4.3323,1.9034,1.9592,3.8847,1.2442,2.6358,2.8623,0.35232,2.7742,2.9431,0.93875,2.8891,4.1317,0.5688,2.5206,2.5775,0.69917,1.9299,2.9948,0.54678,2.3943,3.4307,1.5673,2.1751,4.2267,1.2535,2.6841,4.333,0.63667,1.9466,3.1211,1.9784,1.8986,3.8193,1.1932,1.8477,3.6441,2.4708,2.7242,4.9923,1.3772,1.5208,4.1734,1.3909,2.1561,3.1758,0.63827,1.9465,3.1204,0.45924,2.4507,2.5656,1.6131,2.2519,4.1266,2.4673,2.7241,4.9903,0.63716,1.9472,3.119,1.5636,1.714,3.3268,0.51841,3.0392,2.4345,0.57035,2.5209,2.5805,2.9041,2.7439,5.8835,6.172,2.8627,2.5366,4.6807,2.9902,0.40347,2.3485,2.4101,3.7567,0.84941,3.0826,3.63,1.441,2.2523,3.5657,0.83139,3.0801,3.6117,2.3684,2.2382,3.8115,1.1921,1.8486,3.6431,2.4263,2.3369,4.5577,2.5835,2.6258,4.0286,1.259,2.6845,4.3353,1.8906,1.9657,3.9066,1.1213,2.7989,3.6467,2.4542,2.4869,5.097,1.6068,2.6228,3.2977,2.1688,2.1867,4.1014,0.78743,1.9022,3.3723,2.3486,2.4105,3.7548,2.3504,2.4122,3.7572,2.1833,1.8848,4.8997,2.6473,2.2912,4.7935,2.3666,2.2392,3.8111,1.3811,1.5863,3.8343,2.4711,2.7216,4.9951,1.8901,1.9657,3.9068,0.7801,2.1421,3.9582,1.6015,1.8361,4.2589,2.4687,2.724,4.9923,1.4449,2.3901,3.26,5.9252,2.8799,2.2032,1.8598,1.8013,3.4743,1.9785,3.0268,4.3032,2.013,1.9497,4.751,1.0977,2.5794,4.2701,1.8805,2.1506,4.8605,1.6134,1.8057,3.9666,1.6043,2.0106,3.3941,1.0072,2.7795,3.5564,0.9065,2.8339,3.8044,1.3759,2.388,3.8423,1.1201,2.8,3.6459,1.8392,1.8007,4.0944,0.91213,2.4614,2.7716,1.9098,2.0683,4.3845,0.066677,2.7972,2.8317,1.087,1.9611,4.2606,0.94511,2.3382,3.0064,1.6323,2.3957,4.5869,0.97933,2.0893,2.8331,0.74443,1.9995,2.7442,1.613,1.8052,3.9686,0.91278,2.4608,2.7722,1.3816,1.5869,3.8361,2.773,2.5905,4.6388,1.0844,2.1371,3.6274,1.1185,2.802,3.647,1.9759,1.987,4.4762,1.0855,1.9622,4.2599,1.853,1.6503,3.45,1.6623,2.4799,3.9992,2.1105,2.5553,4.9226,2.1559,2.3802,3.7112,1.1824,3.0752,3.415,1.446,1.4656,4.2333,0.61625,3.0,3.6103,1.6252,1.7535,4.2346,0.74517,1.9979,2.7432,0.68974,2.1943,3.9435,2.6899,2.6026,4.5382,1.9907,2.1288,3.4393,1.3818,2.9247,3.5371,1.0814,2.1911,3.6362,2.5308,1.9986,4.4682,1.4915,1.7352,4.4227,1.6109,2.5928,3.5821,2.0629,2.2866,4.0714,2.7131,2.3752,5.0133,0.44242,2.5318,2.9549
0.00039761,0.00044178,0.00032485,67.877,67.875,67.88,0.00039729,0.00044127,0.00032485,67.888,68.707,69.368,67.788,66.511,70.547,68.26,69.599,69.346,67.476,69.855,70.824,65.752,67.062,68.56,69.898,68.387,68.47,66.666,65.689,70.918,67.008,65.267,68.892,62.916,66.768,67.555,71.705,63.839,66.322,67.714,68.246,62.611,70.351,70.271,71.573,70.295,62.839,68.858,71.029,69.391,65.406,69.689,65.721,69.143,69.839,70.366,71.342,70.131,69.245,67.553,68.934,72.152,68.566,70.597,68.656,70.681,66.124,65.059,72.536,70.714,69.411,69.834,64.529,68.235,67.987,66.944,65.126,72.429,66.71,68.064,66.269,69.978,68.896,66.501,68.254,68.896,68.815,70.815,70.984,67.119,69.794,69.588,65.047,68.363,66.285,69.326,67.29,68.405,67.698,69.295,68.093,65.018,67.377,69.304,66.761,69.173,68.518,64.524,68.16,70.651,71.25,69.087,67.127,68.577,67.978,70.911,66.534,64.851,65.901,71.232,68.095,67.749,68.696,64.19,70.647,68.502,67.306,69.053,69.694,63.849,68.952,67.546,65.468,67.066,66.935,69.622,62.549,69.902,70.364,68.448,68.923,70.425,67.122,67.284,71.578,70.201,67.185,68.015,70.03,67.889,65.068,66.684,72.127,66.56,68.612,69.396,64.028,67.754,70.639,65.424,67.695,74.199,66.584,61.352,70.16,69.114,69.053,67.517,70.06,66.839,66.323,62.425,66.575,65.997,67.508,64.398,67.356,69.761,64.13,69.146,67.276,69.038,67.226,65.168,66.18,67.616,66.405,66.597,70.599,66.462,70.447,69.579,65.917,70.08,68.137,69.164,69.059,65.498,69.773,70.093,69.535,68.252,68.103,66.941,69.548,67.518,68.09,67.587,68.256,65.679,66.455,66.054,67.011,67.182,70.097,68.622,68.128,67.296,69.892,67.823,65.609,66.452,68.066,70.464,67.649,67.111,67.19,66.311,68.679,69.108,68.214,68.607,69.405,70.093,67.554,68.685,65.119,69.267,68.442,68.158,65.21,68.661,70.057,66.025,68.698,68.167,66.354,69.183,64.327,67.002,68.791,66.034,68.407,68.955,65.644,70.184,71.177,70.909,65.64,70.594,66.971,69.013,68.006,63.858,68.529,70.958,67.4,65.638,68.234,72.946,67.8,68.765,69.296,61.904,62.323,64.786,69.378,67.499,66.589,69.538,68.362,67.755,66.976,64.258,69.842,68.579,69.185,67.907,0.00043152,0.00041155,0.00040548,0.00042368,0.00043157,0.00041607,0.00039722,0.00043912,0.00043896,0.00044281,0.00042402,0.00041945,0.00045265,0.00043767,0.00040665,0.00042244,0.00043764,0.00047201,0.00044782,0.00043111,0.00043319,0.00046221,0.00045199,0.00044024,0.00044439,0.00047187,0.00045026,0.00043688,0.00045892,0.00041814,0.00045795,0.00044439,0.00041723,0.0004244,0.00043064,0.00043911,0.00045612,0.00045108,0.00045116,0.00043611,0.00042434,0.00043393,0.00043241,0.00046584,0.00044997,0.00044897,0.00043167,0.00045936,0.00044918,0.00044117,0.00043839,0.00043017,0.00044908,0.00045245,0.00044736,0.00045267,0.00047086,0.0004614,0.00047098,0.00044863,0.00043575,0.0004344,0.00043745,0.00046108,0.00044858,0.00045615,0.00041625,0.00042332,0.00046676,0.00042877,0.00042337,0.00043655,0.00043781,0.00043509,0.00047472,0.0004351,0.00045466,0.00044316,0.00044421,0.00044748,0.00047318,0.00043932,0.00043449,0.00043935,0.00047026,0.00045198,0.00046427,0.00042936,0.00042947,0.00044794,0.00043631,0.00045607,0.00046665,0.00045182,0.00048637,0.00046905,0.00045682,0.00043258,0.00040895,0.00044962,0.00044485,0.0004347,0.00042437,0.00041937,0.00043036,0.00048514,0.0004337,0.00044177,0.00045273,0.00042062,0.00043912,0.00045949,0.00044568,0.00043526,0.00046033,0.00043056,0.00044072,0.00042991,0.00044464,0.00045677,0.00042358,0.00043222,0.00045757,0.00044122,0.00044734,0.0004767,0.00043107,0.00045184,0.00048275,0.0004367,0.00042774,0.0004375,0.00044827,0.00043917,0.00044658,0.00046027,0.00044142,0.00045741,0.00041473,0.00043671,0.00043072,0.00041003,0.00041743,0.00045017,0.00041623,0.00045669,0.00043955,0.00046105,0.00047659,0.00044967,0.00043365,0.00043807,0.00046018,0.00043536,0.00044287,0.0004583,0.00042912,0.00042672,0.00048676,0.00043498,0.00041634,0.00042101,0.00043823,0.00046997,0.00047515,0.00041952,0.00045496,0.00043288,0.00043522,0.00042035,0.00045366,0.00044592,0.00042829,0.00043071,0.00044876,0.00044013,0.00045457,0.00043745,0.00044038,0.00045075,0.00046167,0.00044334,0.000427,0.00044907,0.00044517,0.00046033,0.00043851,0.00045123,0.00044006,0.00043589,0.0004752,0.0004477,0.00043362,0.0004308,0.00043791,0.00043511,0.00043277,0.0004752,0.00046473,0.00043721,0.00045947,0.00043836,0.00044167,0.00042912,0.00045474,0.00045303,0.00046458,0.00043543,0.00044409,0.00043876,0.00046397,0.00044302,0.00044048,0.00042914,0.00043776,0.00044756,0.00043215,0.00042568,0.00042669,0.00044484,0.00043416,0.0004409,0.00043158,0.00047847,0.00043659,0.00044736,0.00043347,0.00045451,0.00043323,0.00043362,0.00043214,0.00044273,0.00043018,0.0004485,0.00043542,0.0004307,0.0004636,0.00044915,0.00043996,0.00043956,0.00041302,0.00043153,0.00045397,0.00043017,0.00043554,0.00044012,0.00044038,0.00042607,0.00044016,0.00040759,0.00042997,0.00046512,0.00043107,0.00046809,0.0004333,0.0004219,0.00043819,0.00042547,0.00042068,0.00045521,0.00043271,0.00042777,0.0004347,0.00041827,0.00043306,0.00043588,0.00043444,0.00041749,0.00042212,0.00043287,0.00042367,0.00041181,0.00040913,0.00042018,0.00042189,0.00041539,0.00041479,0.00042358,0.00042372,1074300.0,1105700.0,792270.0,4276700.0,2284500.0,1150800.0,5856800.0,1513400.0,1879800.0,3242500.0,2966100.0,734830.0,5652900.0,1298400.0,4052200.0,2459600.0,5070500.0,4091400.0,1340500.0,3371900.0,2502600.0,3347400.0,11704000.0,958350.0,6311800.0,749460.0,9101500.0,1591900.0,1841400.0,815570.0,3232100.0,1680500.0,5814300.0,23940000.0,2520900.0,2724900.0,4347000.0,1235900.0,1513400.0,1646200.0,2062700.0,1057700.0,2058300.0,1019200.0,7475600.0,2433400.0,1825600.0,1494000.0,2274900.0,15971000.0,952090.0,7278300.0,3995200.0,706940.0,3910700.0,1079100.0,2657700.0,17679000.0,32102000.0,2373200.0,1720700.0,1532600.0,2840700.0,1036400.0,1926200.0,3409900.0,803840.0,2871900.0,1940600.0,3915400.0,2755300.0,1446400.0,1119200.0,15048000.0,5077600.0,1340600.0,3613400.0,1673300.0,965090.0,2573300.0,3702600.0,1313000.0,893150.0,2116300.0,873820.0,1861100.0,2850800.0,4950200.0,4191200.0,2338500.0,5694300.0,1300700.0,9352900.0,4677300.0,1017700.0,1694700.0,903640.0,1769700.0,3509900.0,9918500.0,1730700.0,16523000.0,1417300.0,9919600.0,1633600.0,3256300.0,1272900.0,1628100.0,12535000.0,5115100.0,2157200.0,3869300.0,2389200.0,1225800.0,656170.0,3373000.0,11659000.0,2413800.0,1291100.0,778800.0,1922000.0,735100.0,1193700.0,2218700.0,8786700.0,4156700.0,2627900.0,3087700.0,2361300.0,1498700.0,773560.0,10411000.0,2404500.0,3548600.0,2073400.0,1371700.0,1031900.0,2014200.0,1052000.0,2853800.0,3921600.0,1159600.0,1477000.0,2103000.0,1521000.0,2210500.0,2422200.0,877170.0,6912100.0,1513500.0,9390500.0,6180200.0,809830.0,10291000.0,814480.0,1274500.0,19279000.0,683650.0,12167000.0,721740.0,5575100.0,3693400.0,3817200.0,2647300.0,5252900.0,4116200.0,4227600.0,964530.0,4135000.0,1638700.0,6369200.0,1506700.0,7610900.0,1080700.0,744550.0,4005200.0,2996600.0,1988300.0,8411500.0,2288700.0,948280.0,1205600.0,3671000.0,3568300.0,1940100.0,1475700.0,747540.0,6807100.0,5275200.0,2336700.0,637470.0,17726000.0,3323000.0,5257900.0,1142200.0,18258000.0,5431600.0,1100100.0,8580600.0,1353300.0,1434500.0,3992400.0,5297000.0,799330.0,1639500.0,973680.0,1778500.0,1568200.0,1456500.0,7851700.0,2342100.0,1425100.0,12280000.0,2793800.0,1238000.0,1263500.0,3260300.0,951930.0,4669600.0,1133200.0,1854600.0,8075300.0,4435100.0,696550.0,1421900.0,10018000.0,5258300.0,5069200.0,15394000.0,3001700.0,1931800.0,2342400.0,2994600.0,3189800.0,1882600.0,1749500.0,2275100.0,1499400.0,7215800.0,652060.0,3656200.0,8296200.0,8910100.0,1863600.0,5378600.0,4029700.0,5011000.0,864140.0,1139900.0,5361500.0,1551600.0,6587500.0,3485200.0,7122400.0,1970700.0,1638700.0,1591200.0,1087700.0,1106100.0,2208100.0,945990.0,5091800.0,3371700.0,4404800.0,3356800.0,2894200.0,2745600.0,15584000.0,14989000.0,6042000.0,4601000.0,2807600.0,6148400.0,3762100.0,1781300.0,2740300.0,1353800.0,4824200.0,3044800.0,1.5241,1.8374,4.1747,2.2258,2.4644,3.6659,1.2783,2.2252,4.2225,1.2316,1.9876,4.2329,2.4996,2.6632,4.3033,0.85828,2.0616,4.2164,1.5205,2.4823,3.8935,3.0045,2.8389,5.8137,1.2299,1.9892,4.2335,1.7482,1.7189,4.2482,1.2771,2.2267,4.2236,0.8585,2.0616,4.2157,2.8892,2.8356,4.5066,5.7146,2.7777,1.4724,1.2339,2.846,3.618,0.9579,2.1446,3.0241,2.4832,2.0496,4.4433,1.4726,1.6776,3.9048,0.6595,2.5684,3.8861,2.0053,1.7622,3.4724,1.071,2.4481,3.0528,0.27395,2.2845,3.5661,1.7866,1.6722,3.3869,2.1493,2.8273,4.4552,1.787,1.6688,3.3896,1.4766,1.6757,3.9055,0.3965,2.1316,3.2063,2.0333,2.3524,4.3838,1.4739,1.6648,3.199,0.8324,1.8708,2.7756,3.0064,2.8415,5.8125,2.0061,1.7595,3.4735,1.0067,2.7156,2.8788,1.8175,2.5893,4.0006,0.63142,1.8667,2.7993,1.0707,2.4463,3.0507,1.8979,1.9141,4.493,1.6791,1.6971,3.8957,0.50981,2.2005,3.7445,1.1931,2.4163,3.7872,1.0064,2.0571,3.2733,2.5437,2.2957,4.2868,2.0672,2.1459,4.6737,1.4784,1.6764,3.9095,1.8968,1.9166,4.4927,1.4901,2.1693,3.2681,0.82381,2.0768,3.1908,2.4174,2.3699,4.3117,1.9472,2.6027,4.894,1.9403,2.595,4.884,2.5439,2.2958,4.2856,1.2875,2.4854,3.9484,1.6861,2.2311,4.2927,2.0662,3.0644,4.0109,0.49924,2.4703,2.4723,1.5427,2.0549,4.6057,2.0802,3.0674,4.0283,0.39434,2.3728,3.4406,1.6613,1.6323,4.0829,0.71042,2.0199,3.1005,2.2436,2.2392,4.6447,0.62196,2.6207,2.9925,1.0062,2.0603,3.2738,0.1339,2.89,1.9793,1.9944,1.9839,4.5862,2.5442,2.296,4.2885,2.6794,2.3394,5.2023,2.1539,2.8265,4.4574,1.0793,1.8519,3.9435,4.6166,3.0016,0.50458,0.88831,2.1164,3.0567,1.3058,2.1012,4.2639,1.0556,2.0866,3.4938,2.3207,2.7572,4.5922,1.7006,1.6014,4.159,1.1407,2.559,3.0643,0.74871,2.4247,3.7703,2.0531,1.9306,3.7409,1.6004,2.4369,3.4687,1.6627,2.5203,3.6079,1.6602,1.6811,4.2495,2.118,2.8131,4.5948,2.1197,2.8138,4.5936,3.3512,2.7825,6.1124,1.6997,1.6013,4.159,1.7012,2.0062,3.4535,2.133,2.9381,4.9274,1.1424,2.5588,3.0674,2.6402,2.4471,4.9916,1.0224,2.6024,4.0652,1.6024,2.4359,3.4689,1.1864,1.796,4.103,1.6609,1.6325,4.0848,1.7016,2.0057,3.4525,0.28862,2.9478,3.3347,2.869,2.2927,4.5602,1.3175,1.9511,4.2044,1.2441,2.6909,3.3163,1.4643,2.459,3.3428,1.8404,1.987,3.7268,1.9513,2.3345,3.9913,1.0977,2.2824,3.1897,2.5404,2.0507,5.1495,1.2413,2.6903,3.3111,1.4635,2.4599,3.3409,0.28856,2.9473,3.3361,0.67748,1.8053,2.9162,1.7016,2.0287,4.4196,1.4675,1.8655,4.1179,5.5429,2.9021,1.8545,0.81909,2.1223,2.7796,1.0226,2.6032,4.0664,2.1501,2.5239,3.6205,2.6418,2.4455,4.9935,2.7989,2.7062,4.5191,2.1654,2.5312,4.5369,2.349,2.1019,4.1931,0.7661,1.9877,3.3506,0.32205,2.4751,2.8773,0.60442,2.1401,3.7142,2.3861,2.5115,4.4288,0.74472,2.4656,2.8487,1.2554,1.5813,4.2874,1.7013,2.0061,3.451,0.0050567,2.6894,2.0489,3.2064,2.9388,6.1971,0.7402,2.4662,2.8463,1.6603,1.6339,4.0883,1.4936,1.8635,3.1829,0.73978,2.4657,2.8454,2.1687,2.3479,4.9567,1.1414,2.5623,3.0669,1.0014,1.9629,3.5036,0.53343,1.9779,3.2567,1.7001,2.0074,3.4508,2.3861,2.0793,4.1964,2.141,2.1544,4.9782,1.2897,1.7554,3.799,0.68247,1.9762,2.756,2.1406,2.1535,4.9793,2.318,2.1836,4.4579,1.5669,2.2869,3.9627,4.1924,3.0104,0.12689,1.9554,2.3352,3.9951,0.83919,1.9643,4.1175,1.1725,2.5707,4.2135,3.5119,2.8547,6.0743,1.5318,1.6172,3.2864,0.32505,2.297,3.4114,5.1375,2.9924,1.0787,0.55381,2.785,3.2493,1.2637,2.5059,2.9756,2.1407,2.1536,4.9817,1.4733,2.0953,4.3487,1.5252,1.6218,3.2862,1.3778,2.9306,3.3643,0.44718,2.4505,2.7147,0.92461,2.4546,2.9988,0.2221,2.6181,3.3412,1.6114,2.2543,4.124,0.44159,2.4479,2.7092,1.0486,2.1675,3.6612,1.3944,1.8085,4.293,0.32533,2.2983,3.4098,1.5289,1.6174,3.2864,0.44366,2.4509,2.7125,2.9749,2.8701,5.8918,2.0092,2.5999,4.0362,1.9691,2.1767,4.5864,2.6381,2.7753,5.2773,1.8894,1.9667,3.9049,1.2938,1.8187,3.6872,2.1423,2.1545,4.9813,1.4031,2.6597,4.01,1.1131,3.0857,2.9565,4.6926,2.9877,0.41741,1.255,2.6827,4.3323,1.9034,1.9592,3.8847,1.2442,2.6358,2.8623,0.35233,2.7742,2.9431,0.93877,2.8891,4.1317,0.5688,2.5206,2.5775,0.69918,1.9299,2.9948,0.54681,2.3943,3.4307,1.5673,2.1751,4.2267,1.2535,2.6841,4.333,0.63668,1.9466,3.1211,1.9784,1.8986,3.8193,1.1932,1.8477,3.6441,2.4708,2.7242,4.9923,1.3773,1.5208,4.1735,1.391,2.1562,3.1758,0.63828,1.9465,3.1204,0.45924,2.4507,2.5656,1.6131,2.2519,4.1266,2.4673,2.7241,4.9904,0.63715,1.9472,3.119,1.5636,1.714,3.3268,0.51846,3.0392,2.4345,0.57035,2.5209,2.5805,2.9041,2.7439,5.8835,6.172,2.8627,2.5366,4.6806,2.9902,0.40338,2.3485,2.4101,3.7567,0.84954,3.0826,3.6301,1.441,2.2523,3.5657,0.83146,3.0801,3.6118,2.3684,2.2382,3.8115,1.1921,1.8486,3.6431,2.4263,2.3369,4.5577,2.5835,2.6258,4.0286,1.259,2.6845,4.3354,1.8906,1.9657,3.9066,1.1213,2.7989,3.6467,2.4542,2.4869,5.097,1.6068,2.6228,3.2977,2.1688,2.1867,4.1014,0.78744,1.9022,3.3723,2.3486,2.4105,3.7548,2.3504,2.4122,3.7572,2.1833,1.8848,4.8997,2.6473,2.2912,4.7935,2.3666,2.2392,3.8111,1.3811,1.5863,3.8343,2.4711,2.7216,4.9951,1.8901,1.9657,3.9068,0.78011,2.1421,3.9582,1.6015,1.8361,4.2589,2.4687,2.724,4.9923,1.4449,2.3901,3.26,5.9252,2.8799,2.2032,1.8598,1.8013,3.4743,1.9785,3.0267,4.3032,2.013,1.9497,4.751,1.0977,2.5794,4.2702,1.8805,2.1506,4.8605,1.6134,1.8057,3.9666,1.6043,2.0106,3.3941,1.0072,2.7795,3.5564,0.90654,2.8339,3.8044,1.376,2.3881,3.8423,1.1201,2.8,3.6459,1.8392,1.8007,4.0944,0.91213,2.4614,2.7716,1.9098,2.0683,4.3845,0.066692,2.7972,2.8317,1.087,1.9611,4.2606,0.94512,2.3382,3.0064,1.6323,2.3957,4.5869,0.97934,2.0892,2.8331,0.74444,1.9995,2.7442,1.613,1.8052,3.9686,0.91279,2.4608,2.7722,1.3816,1.5869,3.8361,2.773,2.5905,4.6388,1.0843,2.1371,3.6274,1.1185,2.802,3.647,1.9759,1.987,4.4762,1.0855,1.9622,4.2599,1.853,1.6503,3.45,1.6624,2.4799,3.9992,2.1105,2.5553,4.9226,2.1558,2.3802,3.7112,1.1825,3.0752,3.4151,1.446,1.4656,4.2333,0.6163,3.0,3.6104,1.6252,1.7535,4.2346,0.74518,1.9979,2.7432,0.68972,2.1943,3.9435,2.6899,2.6026,4.5382,1.9906,2.1288,3.4393,1.3818,2.9247,3.5371,1.0814,2.1911,3.6362,2.5308,1.9986,4.4682,1.4915,1.7352,4.4227,1.6109,2.5927,3.5821,2.0629,2.2866,4.0714,2.7132,2.3752,5.0133,0.44245,2.5318,2.9549
0.00062647,0.00069951,0.00050616,105.73,105.74,105.73,0.00061871,0.00068704,0.00050616,105.54,107.01,108.04,105.44,103.36,110.18,106.53,108.22,108.23,105.01,108.66,110.79,102.36,104.17,106.84,109.56,106.26,106.58,103.43,102.27,111.12,104.41,101.43,107.2,97.902,104.08,105.0,112.16,98.971,103.82,104.89,106.17,97.278,109.9,109.71,111.98,109.57,97.954,107.5,111.17,108.19,101.52,108.96,101.67,107.85,108.71,109.6,110.74,109.57,107.86,105.26,107.26,112.95,106.86,110.45,106.58,109.82,103.06,101.14,113.44,110.84,107.92,109.31,100.11,105.99,105.56,104.49,101.29,112.86,103.75,106.14,102.83,108.9,107.36,103.34,106.47,107.01,107.1,110.4,110.76,104.42,108.86,108.52,100.68,106.62,102.5,108.23,104.88,106.62,105.03,108.08,106.28,101.17,104.4,107.64,103.92,107.72,107.33,100.45,105.89,110.26,111.7,108.4,104.86,106.86,106.04,111.15,103.68,100.73,102.62,111.54,105.64,105.52,107.22,99.482,110.51,106.6,105.07,107.41,108.59,99.281,107.39,105.3,101.72,104.09,104.02,109.05,97.233,108.93,110.04,107.11,107.5,110.13,104.45,104.34,111.56,109.63,104.47,106.08,109.31,105.64,101.53,103.65,112.7,103.49,106.29,108.29,99.789,105.54,110.31,101.67,105.29,116.55,103.63,95.143,109.29,107.87,108.13,105.25,109.63,104.0,103.23,96.851,103.33,102.54,105.15,99.89,105.02,109.17,99.736,107.51,104.91,107.91,104.51,101.73,103.02,104.97,103.28,103.59,110.24,103.77,110.02,109.04,102.68,109.59,106.29,108.17,107.28,101.88,108.96,109.5,108.36,106.74,106.19,104.66,108.49,105.39,106.34,105.14,106.45,102.31,103.34,102.94,104.51,104.61,109.34,106.62,106.08,104.66,109.18,105.77,101.86,103.01,106.11,110.18,104.9,104.45,104.81,103.39,107.13,107.84,106.43,107.0,108.19,109.39,104.68,107.4,101.24,108.03,106.66,106.07,101.39,107.3,109.56,102.18,106.97,106.13,102.66,108.03,99.98,104.56,107.34,102.37,106.44,107.5,101.77,109.47,111.09,110.24,102.23,110.13,104.11,107.54,105.96,99.067,106.81,110.87,104.99,102.18,106.03,114.34,105.86,107.05,107.72,96.169,96.684,100.9,108.38,105.21,103.62,108.41,106.52,105.46,103.95,99.873,108.97,106.87,107.91,105.98,0.00066951,0.00064081,0.00063062,0.00065816,0.00066938,0.00064928,0.00062003,0.00068043,0.00068316,0.00068725,0.00065898,0.00065542,0.00070324,0.00067878,0.00063327,0.00066262,0.00067874,0.00073305,0.00069434,0.00067045,0.0006798,0.0007195,0.00070167,0.00068608,0.00069111,0.0007337,0.000698,0.00068386,0.00071149,0.00065604,0.00070774,0.00069028,0.0006487,0.00066291,0.00067318,0.0006875,0.00070998,0.00070281,0.00070434,0.00068148,0.0006607,0.00067037,0.00067677,0.00072068,0.00070069,0.00069739,0.00067231,0.00071142,0.0007003,0.00068677,0.00067953,0.00067028,0.00070348,0.00070132,0.00069922,0.00070208,0.00072848,0.00071765,0.00073205,0.00070161,0.00068445,0.00067737,0.00068545,0.00071523,0.00069908,0.00070749,0.00065124,0.00065948,0.00072664,0.00066711,0.00066281,0.00067724,0.00068043,0.00067858,0.00073761,0.00067973,0.00070496,0.00068904,0.00069317,0.00069967,0.00073588,0.00068662,0.00067869,0.0006797,0.00073121,0.00069903,0.00072304,0.0006701,0.00066997,0.00069469,0.00068024,0.00071061,0.00072532,0.00069984,0.00075462,0.00072867,0.0007083,0.00067823,0.00063726,0.00069777,0.000694,0.00068143,0.0006666,0.00065524,0.00067166,0.00075521,0.00067897,0.00068814,0.00070309,0.00065424,0.00068949,0.00071263,0.00069419,0.00068002,0.00071428,0.00067459,0.00068578,0.00067035,0.0006909,0.0007115,0.00066046,0.00067617,0.00071184,0.00068589,0.00069359,0.00074037,0.00067601,0.00070217,0.00075131,0.00068424,0.00067033,0.0006834,0.00070004,0.00068241,0.00069285,0.00071732,0.000691,0.00070963,0.00064801,0.0006839,0.00067031,0.00064091,0.00064779,0.00070338,0.0006492,0.00070717,0.00068332,0.000717,0.00074163,0.00070071,0.00067314,0.00068166,0.00072349,0.0006771,0.00068756,0.00071208,0.00066934,0.00066912,0.00075793,0.00068153,0.00064818,0.00065519,0.00067961,0.00072915,0.0007373,0.0006537,0.00070527,0.00067554,0.0006818,0.00065397,0.00070418,0.00069213,0.00066977,0.00067131,0.00069845,0.00068462,0.00070555,0.00068011,0.00068469,0.0007013,0.00071892,0.00069249,0.00066854,0.00069921,0.00069591,0.0007177,0.00068491,0.00070033,0.00068388,0.00068007,0.00074014,0.00069788,0.00067717,0.00067224,0.00068799,0.00067856,0.00067552,0.00074045,0.00072222,0.0006823,0.00071572,0.000681,0.00068764,0.00067043,0.00070587,0.00071028,0.00072076,0.0006786,0.00068977,0.00068485,0.00072325,0.00068781,0.00068288,0.00066844,0.0006858,0.00069543,0.00067355,0.00066347,0.00066552,0.00069426,0.00067752,0.00068834,0.00067311,0.00074351,0.00068139,0.00069304,0.000678,0.0007061,0.00067521,0.00067576,0.0006706,0.00068776,0.00067046,0.00070147,0.00067412,0.00067074,0.00071895,0.00069634,0.00068676,0.00068256,0.00064518,0.00067336,0.00070349,0.00066989,0.00067881,0.00068069,0.00068671,0.00066737,0.00068558,0.00063548,0.0006722,0.0007211,0.00067223,0.00072756,0.00067134,0.00065638,0.0006837,0.00066191,0.00065513,0.00070519,0.00067855,0.00066785,0.00067611,0.00064841,0.0006724,0.00067592,0.00067491,0.00065307,0.00065776,0.00067203,0.0006604,0.0006404,0.00063658,0.00065041,0.00065456,0.00064734,0.00064582,0.00066014,0.00066018,1074300.0,1105700.0,792270.0,4276700.0,2284500.0,1150800.0,5856800.0,1513400.0,1879800.0,3242500.0,2966100.0,734830.0,5652900.0,1298400.0,4052200.0,2459600.0,5070500.0,4091400.0,1340500.0,3371900.0,2502600.0,3347400.0,11704000.0,958350.0,6311800.0,749460.0,9101500.0,1591900.0,1841400.0,815570.0,3232100.0,1680500.0,5814300.0,23940000.0,2520900.0,2724900.0,4347000.0,1235900.0,1513400.0,1646200.0,2062700.0,1057700.0,2058300.0,1019200.0,7475600.0,2433400.0,1825600.0,1494000.0,2274900.0,15971000.0,952090.0,7278300.0,3995200.0,706940.0,3910700.0,1079100.0,2657700.0,17679000.0,32102000.0,2373200.0,1720700.0,1532600.0,2840700.0,1036400.0,1926200.0,3409900.0,803840.0,2871900.0,1940600.0,3915400.0,2755300.0,1446400.0,1119200.0,15048000.0,5077600.0,1340600.0,3613400.0,1673300.0,965090.0,2573300.0,3702600.0,1313000.0,893150.0,2116300.0,873820.0,1861100.0,2850800.0,4950200.0,4191200.0,2338500.0,5694300.0,1300700.0,9352900.0,4677300.0,1017700.0,1694700.0,903640.0,1769700.0,3509900.0,9918500.0,1730700.0,16523000.0,1417300.0,9919600.0,1633600.0,3256300.0,1272900.0,1628100.0,12535000.0,5115100.0,2157200.0,3869300.0,2389200.0,1225800.0,656170.0,3373000.0,11659000.0,2413800.0,1291100.0,778800.0,1922000.0,735100.0,1193700.0,2218700.0,8786700.0,4156700.0,2627900.0,3087700.0,2361300.0,1498700.0,773560.0,10411000.0,2404500.0,3548600.0,2073400.0,1371700.0,1031900.0,2014200.0,1052000.0,2853800.0,3921600.0,1159600.0,1477000.0,2103000.0,1521000.0,2210500.0,2422200.0,877170.0,6912100.0,1513500.0,9390500.0,6180200.0,809830.0,10291000.0,814480.0,1274500.0,19279000.0,683650.0,12167000.0,721740.0,5575100.0,3693400.0,3817200.0,2647300.0,5252900.0,4116200.0,4227600.0,964530.0,4135000.0,1638700.0,6369200.0,1506700.0,7610900.0,1080700.0,744550.0,4005200.0,2996600.0,1988300.0,8411500.0,2288700.0,948280.0,1205600.0,3671000.0,3568300.0,1940100.0,1475700.0,747540.0,6807100.0,5275200.0,2336700.0,637470.0,17726000.0,3323000.0,5257900.0,1142200.0,18258000.0,5431600.0,1100100.0,8580600.0,1353300.0,1434500.0,3992400.0,5297000.0,799330.0,1639500.0,973680.0,1778500.0,1568200.0,1456500.0,7851700.0,2342100.0,1425100.0,12280000.0,2793800.0,1238000.0,1263500.0,3260300.0,951930.0,4669600.0,1133200.0,1854600.0,8075300.0,4435100.0,696550.0,1421900.0,10018000.0,5258300.0,5069200.0,15394000.0,3001700.0,1931800.0,2342400.0,2994600.0,3189800.0,1882600.0,1749500.0,2275100.0,1499400.0,7215800.0,652060.0,3656200.0,8296200.0,8910100.0,1863600.0,5378600.0,4029700.0,5011000.0,864140.0,1139900.0,5361500.0,1551600.0,6587500.0,3485200.0,7122400.0,1970700.0,1638700.0,1591200.0,1087700.0,1106100.0,2208100.0,945990.0,5091800.0,3371700.0,4404800.0,3356800.0,2894200.0,2745600.0,15584000.0,14989000.0,6042000.0,4601000.0,2807600.0,6148400.0,3762100.0,1781300.0,2740300.0,1353800.0,4824200.0,3044800.0,1.5241,1.8374,4.1747,2.2258,2.4644,3.6659,1.2783,2.2252,4.2225,1.2316,1.9876,4.2329,2.4996,2.6632,4.3033,0.85825,2.0616,4.2164,1.5205,2.4823,3.8935,3.0046,2.8389,5.8138,1.2299,1.9892,4.2335,1.7481,1.7189,4.2482,1.2771,2.2268,4.2236,0.85848,2.0616,4.2157,2.8892,2.8356,4.5066,5.7145,2.7777,1.4723,1.2339,2.846,3.618,0.9579,2.1446,3.0241,2.4832,2.0496,4.4433,1.4726,1.6777,3.9048,0.6595,2.5684,3.8861,2.0053,1.7622,3.4724,1.071,2.4481,3.0528,0.27399,2.2845,3.5661,1.7866,1.6722,3.3869,2.1494,2.8273,4.4552,1.787,1.6688,3.3896,1.4766,1.6757,3.9055,0.39649,2.1316,3.2063,2.0333,2.3524,4.3839,1.4739,1.6648,3.199,0.83243,1.8709,2.7756,3.0064,2.8415,5.8125,2.0061,1.7595,3.4735,1.0066,2.7156,2.8788,1.8175,2.5893,4.0006,0.63143,1.8667,2.7993,1.0707,2.4463,3.0507,1.8979,1.9141,4.493,1.6791,1.6971,3.8957,0.50982,2.2005,3.7445,1.1931,2.4163,3.7872,1.0064,2.0571,3.2733,2.5437,2.2957,4.2869,2.0672,2.1459,4.6737,1.4784,1.6764,3.9095,1.8968,1.9166,4.4927,1.4901,2.1693,3.2681,0.82382,2.0768,3.1908,2.4175,2.3699,4.3118,1.9473,2.6027,4.894,1.9404,2.595,4.8841,2.5439,2.2958,4.2856,1.2875,2.4854,3.9484,1.6861,2.2311,4.2927,2.0663,3.0643,4.011,0.49926,2.4703,2.4723,1.5427,2.0549,4.6057,2.0802,3.0674,4.0284,0.39432,2.3728,3.4406,1.6614,1.6323,4.0829,0.71043,2.0199,3.1005,2.2436,2.2392,4.6447,0.62193,2.6206,2.9925,1.0061,2.0603,3.2738,0.1339,2.89,1.9793,1.9944,1.984,4.5862,2.5442,2.296,4.2885,2.6794,2.3394,5.2024,2.1539,2.8265,4.4574,1.0793,1.8519,3.9435,4.6165,3.0015,0.50458,0.88831,2.1165,3.0567,1.3058,2.1012,4.2639,1.0556,2.0866,3.4938,2.3207,2.7572,4.5922,1.7005,1.6014,4.159,1.1407,2.559,3.0643,0.74871,2.4247,3.7703,2.0531,1.9306,3.7409,1.6003,2.4369,3.4687,1.6627,2.5203,3.6079,1.6602,1.6811,4.2496,2.118,2.8131,4.5948,2.1197,2.8137,4.5936,3.3512,2.7825,6.1123,1.6997,1.6013,4.1591,1.7013,2.0062,3.4535,2.133,2.9381,4.9275,1.1424,2.5588,3.0674,2.6402,2.4471,4.9917,1.0224,2.6025,4.0652,1.6023,2.4359,3.4689,1.1864,1.796,4.103,1.6609,1.6325,4.0848,1.7016,2.0057,3.4525,0.28859,2.9478,3.3347,2.869,2.2927,4.5602,1.3175,1.9511,4.2044,1.2441,2.6909,3.3163,1.4643,2.459,3.3429,1.8404,1.987,3.7268,1.9513,2.3345,3.9913,1.0977,2.2824,3.1897,2.5404,2.0507,5.1495,1.2412,2.6903,3.3111,1.4635,2.4599,3.3409,0.28855,2.9474,3.3361,0.67749,1.8053,2.9162,1.7016,2.0287,4.4197,1.4675,1.8655,4.1179,5.5428,2.9021,1.8544,0.81911,2.1223,2.7796,1.0226,2.6033,4.0664,2.1502,2.5239,3.6205,2.6419,2.4454,4.9935,2.799,2.7062,4.5191,2.1654,2.5312,4.5369,2.349,2.1019,4.1931,0.7661,1.9877,3.3506,0.32207,2.4751,2.8773,0.60442,2.1401,3.7143,2.3861,2.5115,4.4288,0.74472,2.4655,2.8487,1.2554,1.5813,4.2874,1.7013,2.0061,3.451,0.0050664,2.6894,2.0489,3.2064,2.9388,6.1972,0.7402,2.4662,2.8463,1.6603,1.6339,4.0884,1.4936,1.8635,3.1829,0.73978,2.4657,2.8454,2.1687,2.3479,4.9567,1.1414,2.5623,3.0669,1.0014,1.9629,3.5036,0.53342,1.9779,3.2567,1.7002,2.0074,3.4508,2.3861,2.0793,4.1964,2.141,2.1544,4.9782,1.2897,1.7554,3.799,0.6825,1.9762,2.756,2.1406,2.1535,4.9793,2.3179,2.1837,4.4579,1.5669,2.2869,3.9627,4.1924,3.0104,0.1268,1.9554,2.3352,3.9951,0.83917,1.9643,4.1175,1.1725,2.5707,4.2135,3.5118,2.8547,6.0743,1.5318,1.6172,3.2864,0.32505,2.297,3.4114,5.1375,2.9924,1.0786,0.55383,2.785,3.2493,1.2637,2.5059,2.9756,2.1407,2.1535,4.9817,1.4733,2.0954,4.3487,1.5253,1.6218,3.2863,1.3779,2.9306,3.3643,0.4472,2.4505,2.7147,0.92461,2.4546,2.9988,0.2221,2.6181,3.3412,1.6115,2.2544,4.1241,0.44161,2.4479,2.7092,1.0486,2.1675,3.6612,1.3944,1.8085,4.293,0.32532,2.2983,3.4098,1.5289,1.6174,3.2864,0.44369,2.4509,2.7125,2.9749,2.8701,5.8918,2.0092,2.5999,4.0362,1.9692,2.1767,4.5864,2.638,2.7753,5.2773,1.8894,1.9667,3.9049,1.2938,1.8187,3.6873,2.1423,2.1545,4.9813,1.4031,2.6597,4.01,1.113,3.0857,2.9564,4.6925,2.9877,0.41732,1.255,2.6827,4.3323,1.9034,1.9592,3.8847,1.2442,2.6358,2.8623,0.35234,2.7742,2.9431,0.9388,2.8891,4.1317,0.56879,2.5206,2.5775,0.6992,1.93,2.9948,0.54685,2.3943,3.4308,1.5673,2.1751,4.2267,1.2535,2.6841,4.333,0.63668,1.9466,3.1211,1.9784,1.8986,3.8193,1.1932,1.8477,3.6441,2.4708,2.7242,4.9923,1.3773,1.5208,4.1735,1.391,2.1562,3.1758,0.6383,1.9465,3.1204,0.45927,2.4506,2.5656,1.6131,2.2519,4.1266,2.4673,2.7241,4.9904,0.63715,1.9473,3.119,1.5636,1.714,3.3268,0.51856,3.0392,2.4346,0.57036,2.5209,2.5805,2.9041,2.7439,5.8835,6.172,2.8627,2.5366,4.6804,2.9902,0.40322,2.3485,2.41,3.7568,0.84977,3.0826,3.6304,1.441,2.2523,3.5657,0.83155,3.0801,3.6119,2.3684,2.2382,3.8114,1.1922,1.8486,3.6431,2.4263,2.3369,4.5577,2.5834,2.6257,4.0285,1.259,2.6845,4.3354,1.8906,1.9657,3.9066,1.1213,2.7989,3.6468,2.4542,2.4868,5.097,1.6067,2.6228,3.2977,2.1688,2.1867,4.1014,0.78745,1.9022,3.3724,2.3486,2.4105,3.7549,2.3504,2.4122,3.7572,2.1833,1.8848,4.8997,2.6473,2.2912,4.7935,2.3666,2.2392,3.8111,1.3811,1.5863,3.8344,2.471,2.7216,4.995,1.8901,1.9657,3.9068,0.78013,2.1421,3.9582,1.6015,1.8361,4.2589,2.4687,2.724,4.9923,1.4449,2.3901,3.26,5.9253,2.8799,2.2032,1.8598,1.8013,3.4743,1.9786,3.0267,4.3033,2.013,1.9496,4.751,1.0978,2.5794,4.2702,1.8805,2.1506,4.8605,1.6134,1.8057,3.9666,1.6043,2.0106,3.3941,1.0072,2.7794,3.5565,0.90658,2.8339,3.8045,1.376,2.3881,3.8423,1.1201,2.8,3.6459,1.8392,1.8007,4.0944,0.91211,2.4614,2.7716,1.9098,2.0683,4.3846,0.066724,2.7972,2.8317,1.087,1.9611,4.2606,0.94514,2.3382,3.0065,1.6323,2.3957,4.5869,0.97936,2.0892,2.8331,0.74446,1.9994,2.7442,1.613,1.8052,3.9686,0.91279,2.4608,2.7723,1.3816,1.5869,3.8361,2.7729,2.5905,4.6387,1.0843,2.1371,3.6274,1.1185,2.802,3.647,1.9759,1.987,4.4762,1.0855,1.9622,4.2599,1.8531,1.6503,3.45,1.6624,2.4799,3.9992,2.1105,2.5553,4.9226,2.1558,2.3802,3.7111,1.1826,3.0752,3.4152,1.446,1.4656,4.2333,0.61638,3.0,3.6105,1.6252,1.7535,4.2346,0.7452,1.9978,2.7432,0.68969,2.1943,3.9436,2.6898,2.6026,4.5382,1.9906,2.1288,3.4393,1.3818,2.9247,3.5371,1.0814,2.1911,3.6362,2.5308,1.9986,4.4682,1.4915,1.7352,4.4227,1.6109,2.5927,3.5821,2.0629,2.2866,4.0713,2.7132,2.3752,5.0133,0.44251,2.5318,2.9549
0.00096964,0.0011228,0.00071729,149.49,149.51,149.48,0.00087306,0.00096765,0.00071726,147.57,151.21,152.77,147.28,144.28,157.95,152.46,152.27,154.96,147.89,152.66,160.88,143.91,145.31,151.08,160.32,149.03,149.59,142.3,143.88,162.23,147.34,141.07,150.75,137.03,147.68,147.07,162.65,135.64,150.77,145.04,148.9,134.93,158.02,156.95,163.58,155.3,138.19,153.34,161.87,153.82,140.94,157.7,138.94,153.47,152.71,156.06,154.9,157.99,152.51,149.53,150.4,164.32,153.51,159.59,147.71,154.78,146.01,140.91,164.54,162.05,151.44,158.35,138.77,148.19,146.35,149.0,141.5,161.39,145.64,150.47,143.01,153.37,151.99,143.85,150.71,149.62,150.69,156.77,157.63,146.52,155.5,155.24,138.4,151.68,138.47,155.03,147.95,151.03,145.3,153.81,152.03,141.8,144.07,149.24,145.51,152.38,156.9,140.68,147.49,157.3,163.96,159.96,150.56,150.75,150.9,162.73,146.94,139.83,144.69,162.58,145.87,148.81,153.58,135.73,159.94,149.87,150.71,151.41,153.97,138.04,152.17,149.97,140.83,144.77,145.3,158.83,134.64,154.55,159.01,155.34,152.79,159.31,146.6,144.06,158.9,157.11,146.99,151.92,156.32,148.82,144.12,145.6,161.63,144.17,147.13,156.86,141.47,148.72,159.19,141.33,147.48,172.3,145.6,130.02,157.08,154.27,157.14,148.99,159.26,145.78,144.86,133.6,142.9,143.1,148.49,137.1,148.98,158.32,139.39,150.72,149.82,155.92,146.5,145.48,144.74,145.8,144.78,144.98,159.82,148.37,157.67,159.26,144.84,158.35,150.43,157.1,149.82,143.25,156.37,157.85,153.24,154.68,150.52,149.2,154.62,150.76,151.38,147.66,151.52,143.84,145.69,145.58,148.63,148.1,155.53,149.39,149.55,147.9,157.04,149.91,141.9,141.71,150.86,159.24,144.73,146.73,150.51,146.58,152.49,153.72,151.72,152.36,153.66,157.12,143.73,154.15,141.01,153.71,151.3,150.09,141.22,154.63,157.94,139.34,151.97,149.88,138.91,154.51,138.9,148.94,152.98,141.02,149.25,153.02,140.63,155.52,158.74,153.85,143.99,157.64,145.77,152.6,149.5,136.65,152.29,159.94,148.0,143.36,148.04,168.24,151.36,151.17,151.23,133.3,133.25,142.24,156.27,148.92,145.69,153.54,150.81,147.63,143.87,139.01,155.45,151.73,153.82,151.65,0.00092087,0.000902,0.00088128,0.00091138,0.00092037,0.00092495,0.00088775,0.00093501,0.00095991,0.00094744,0.00091891,0.00094358,0.00097375,0.00093525,0.00088893,0.00097324,0.00093881,0.0010115,0.00095213,0.0009357,0.001002,0.0010075,0.0009682,0.00097374,0.00096345,0.0010212,0.0009592,0.0009927,0.00097422,0.00096659,0.00096395,0.00095907,0.00090415,0.00095124,0.00096789,0.0010081,0.00099524,0.00098818,0.001003,0.000979,0.00092947,0.0009075,0.00098622,0.00098276,0.0009834,0.0009686,0.00095211,0.00098048,0.00099568,0.00096624,0.00093587,0.00094785,0.0010274,0.00097272,0.0010028,0.00096999,0.0010009,0.0010034,0.0010179,0.0010138,0.0010164,0.00096402,0.00099698,0.00099164,0.00099426,0.00097689,0.0009437,0.00093161,0.0010298,0.00093856,0.00096616,0.00094107,0.00095101,0.00096577,0.0010247,0.00097228,0.00097481,0.00096352,0.00099131,0.0010086,0.001027,0.00099108,0.00097707,0.00093088,0.0010184,0.00094878,0.0010196,0.00095523,0.00095381,0.00095884,0.00096542,0.0010048,0.0010086,0.00096403,0.0010382,0.0010087,0.00097749,0.00099467,0.00089854,0.00096649,0.0009874,0.0009999,0.00099187,0.00094186,0.00095792,0.0010579,0.00098363,0.00097276,0.00097529,0.00091408,0.0010244,0.00098405,0.00097968,0.00097856,0.00098468,0.00098729,0.00096355,0.00095314,0.00096781,0.0010062,0.00093565,0.00098392,0.00099879,0.00095413,0.00095844,0.0010295,0.00099156,0.00097003,0.0010545,0.0010009,0.00098239,0.00098165,0.0010009,0.00094857,0.00095756,0.00102,0.0010063,0.00098549,0.00093974,0.00099834,0.00094427,0.00092007,0.0008979,0.0010057,0.00092155,0.00097854,0.00096355,0.0010003,0.0010374,0.00099534,0.00092875,0.00095821,0.0010777,0.0009473,0.00094763,0.0010028,0.00095254,0.00098226,0.0010639,0.00099763,0.00091119,0.00091861,0.00093563,0.0010063,0.0010188,0.00092457,0.00096418,0.00096207,0.00099501,0.00091676,0.00097714,0.00095811,0.0009716,0.0009566,0.00097894,0.0009576,0.00098072,0.00095191,0.00095598,0.00099156,0.0010095,0.00099343,0.00096782,0.00098224,0.001005,0.0010133,0.00098248,0.00097241,0.00095497,0.00096959,0.0010431,0.00098939,0.00097108,0.00095683,0.0010185,0.00096421,0.00096527,0.0010383,0.0010073,0.00097558,0.0010056,0.00095254,0.00096637,0.00096456,0.00098131,0.0010483,0.0010011,0.00096486,0.00096512,0.00097778,0.0010205,0.00095821,0.00094056,0.00094412,0.0010011,0.00097359,0.00095344,0.0009433,0.00094558,0.00099157,0.00096581,0.00098268,0.00095886,0.0010335,0.00097743,0.00095122,0.00097496,0.00097802,0.00095518,0.00095955,0.00093108,0.00095375,0.00094843,0.0010118,0.00092211,0.0009524,0.00098954,0.00095908,0.0009789,0.00094265,0.0009252,0.0009589,0.0009669,0.0009442,0.00096324,0.00092579,0.0009724,0.00097432,0.00096782,0.00090251,0.0009733,0.00099054,0.00095798,0.0010094,0.00091626,0.00092188,0.00097396,0.00092444,0.00092141,0.00096468,0.0010006,0.00095484,0.00094853,0.00089215,0.00092609,0.00092815,0.00093365,0.0009493,0.00092859,0.0009282,0.00093426,0.00089287,0.00088762,0.00088488,0.00089784,0.0009145,0.00090909,0.00093433,0.00093222,1074300.0,1105700.0,792270.0,4276700.0,2284500.0,1150800.0,5856800.0,1513400.0,1879800.0,3242500.0,2966100.0,734830.0,5652900.0,1298400.0,4052200.0,2459600.0,5070500.0,4091400.0,1340500.0,3371900.0,2502600.0,3347400.0,11704000.0,958350.0,6311800.0,749460.0,9101500.0,1591900.0,1841400.0,815570.0,3232100.0,1680500.0,5814300.0,23940000.0,2520900.0,2724900.0,4347000.0,1235900.0,1513400.0,1646200.0,2062700.0,1057700.0,2058300.0,1019200.0,7475600.0,2433400.0,1825600.0,1494000.0,2274900.0,15971000.0,952090.0,7278300.0,3995200.0,706940.0,3910700.0,1079100.0,2657700.0,17679000.0,32102000.0,2373200.0,1720700.0,1532600.0,2840700.0,1036400.0,1926200.0,3409900.0,803840.0,2871900.0,1940600.0,3915400.0,2755300.0,1446400.0,1119200.0,15048000.0,5077600.0,1340600.0,3613400.0,1673300.0,965090.0,2573300.0,3702600.0,1313000.0,893150.0,2116300.0,873820.0,1861100.0,2850800.0,4950200.0,4191200.0,2338500.0,5694300.0,1300700.0,9352900.0,4677300.0,1017700.0,1694700.0,903640.0,1769700.0,3509900.0,9918500.0,1730700.0,16523000.0,1417300.0,9919600.0,1633600.0,3256300.0,1272900.0,1628100.0,12535000.0,5115100.0,2157200.0,3869300.0,2389200.0,1225800.0,656170.0,3373000.0,11659000.0,2413800.0,1291100.0,778800.0,1922000.0,735100.0,1193700.0,2218700.0,8786700.0,4156700.0,2627900.0,3087700.0,2361300.0,1498700.0,773560.0,10411000.0,2404500.0,3548600.0,2073400.0,1371700.0,1031900.0,2014200.0,1052000.0,2853800.0,3921600.0,1159600.0,1477000.0,2103000.0,1521000.0,2210500.0,2422200.0,877170.0,6912100.0,1513500.0,9390500.0,6180200.0,809830.0,10291000.0,814480.0,1274500.0,19279000.0,683650.0,12167000.0,721740.0,5575100.0,3693400.0,3817200.0,2647300.0,5252900.0,4116200.0,4227600.0,964530.0,4135000.0,1638700.0,6369200.0,1506700.0,7610900.0,1080700.0,744550.0,4005200.0,2996600.0,1988300.0,8411500.0,2288700.0,948280.0,1205600.0,3671000.0,3568300.0,1940100.0,1475700.0,747540.0,6807100.0,5275200.0,2336700.0,637470.0,17726000.0,3323000.0,5257900.0,1142200.0,18258000.0,5431600.0,1100100.0,8580600.0,1353300.0,1434500.0,3992400.0,5297000.0,799330.0,1639500.0,973680.0,1778500.0,1568200.0,1456500.0,7851700.0,2342100.0,1425100.0,12280000.0,2793800.0,1238000.0,1263500.0,3260300.0,951930.0,4669600.0,1133200.0,1854600.0,8075300.0,4435100.0,696550.0,1421900.0,10018000.0,5258300.0,5069200.0,15394000.0,3001700.0,1931800.0,2342400.0,2994600.0,3189800.0,1882600.0,1749500.0,2275100.0,1499400.0,7215800.0,652060.0,3656200.0,8296200.0,8910100.0,1863600.0,5378600.0,4029700.0,5011000.0,864140.0,1139900.0,5361500.0,1551600.0,6587500.0,3485200.0,7122400.0,1970700.0,1638700.0,1591200.0,1087700.0,1106100.0,2208100.0,945990.0,5091800.0,3371700.0,4404800.0,3356800.0,2894200.0,2745600.0,15584000.0,14989000.0,6042000.0,4601000.0,2807600.0,6148400.0,3762100.0,1781300.0,2740300.0,1353800.0,4824200.0,3044800.0,1.5242,1.8374,4.1747,2.2259,2.4644,3.6659,1.2783,2.2253,4.2225,1.2316,1.9876,4.2329,2.4996,2.6632,4.3034,0.85815,2.0616,4.2164,1.5207,2.4823,3.8935,3.0047,2.8389,5.8139,1.2299,1.9892,4.2335,1.748,1.7189,4.2482,1.2771,2.2268,4.2236,0.85838,2.0616,4.2157,2.8892,2.8356,4.5067,5.7143,2.7776,1.4721,1.2339,2.846,3.618,0.95786,2.1446,3.0241,2.4833,2.0496,4.4434,1.4726,1.6777,3.9048,0.65946,2.5685,3.8861,2.0052,1.7623,3.4724,1.071,2.4481,3.0529,0.27408,2.2845,3.5661,1.7866,1.6722,3.3869,2.1492,2.8272,4.4549,1.7871,1.6688,3.3896,1.4768,1.6757,3.9056,0.39639,2.1317,3.2062,2.0333,2.3525,4.3839,1.474,1.6648,3.199,0.83252,1.8709,2.7756,3.0065,2.8415,5.8126,2.006,1.7595,3.4736,1.0065,2.7156,2.8788,1.8174,2.5893,4.0006,0.63143,1.8667,2.7992,1.0707,2.4463,3.0507,1.8978,1.9142,4.493,1.6792,1.6971,3.8957,0.50982,2.2005,3.7446,1.1932,2.4164,3.7873,1.0064,2.0572,3.2732,2.5438,2.2957,4.2869,2.0671,2.1459,4.6737,1.4784,1.6764,3.9095,1.8968,1.9167,4.4927,1.4901,2.1693,3.2681,0.82381,2.0769,3.1907,2.4176,2.37,4.3119,1.9475,2.6027,4.8941,1.9405,2.5951,4.8841,2.544,2.2958,4.2857,1.2875,2.4855,3.9483,1.6861,2.2311,4.2928,2.0665,3.0643,4.0111,0.4994,2.4702,2.4724,1.5427,2.0549,4.6057,2.0802,3.0674,4.0282,0.39417,2.3729,3.4405,1.6614,1.6323,4.0829,0.71041,2.02,3.1004,2.2436,2.2392,4.6447,0.62192,2.6205,2.9927,1.0061,2.0605,3.2738,0.13386,2.89,1.9791,1.9944,1.9841,4.5863,2.5443,2.2961,4.2885,2.6791,2.3394,5.2023,2.1537,2.8264,4.4571,1.0793,1.8519,3.9436,4.6165,3.0014,0.50462,0.8883,2.1165,3.0567,1.3059,2.1012,4.2639,1.0557,2.0867,3.4939,2.3205,2.7571,4.592,1.7005,1.6014,4.159,1.1407,2.559,3.0643,0.74867,2.4248,3.7702,2.0532,1.9306,3.7409,1.6002,2.4369,3.4687,1.6626,2.5204,3.6078,1.66,1.6811,4.2496,2.1177,2.8131,4.5946,2.1196,2.8137,4.5936,3.3512,2.7825,6.1124,1.6997,1.6014,4.1591,1.7013,2.0061,3.4535,2.1331,2.9381,4.9276,1.1424,2.5588,3.0674,2.6402,2.447,4.9916,1.0223,2.6025,4.0653,1.6023,2.436,3.469,1.1863,1.7961,4.103,1.6609,1.6325,4.0848,1.7016,2.0056,3.4524,0.28825,2.9478,3.3344,2.8692,2.2927,4.5603,1.3176,1.9511,4.2045,1.2441,2.6908,3.3164,1.4643,2.459,3.3429,1.8403,1.987,3.7268,1.9513,2.3346,3.9913,1.0977,2.2824,3.1897,2.5404,2.0507,5.1495,1.2411,2.6903,3.311,1.4635,2.4599,3.3409,0.28839,2.9474,3.3359,0.67751,1.8054,2.9161,1.7016,2.0287,4.4197,1.4676,1.8655,4.118,5.5426,2.9021,1.8542,0.81917,2.1223,2.7796,1.0225,2.6033,4.0664,2.1504,2.5239,3.6206,2.6419,2.4453,4.9934,2.7992,2.7061,4.5191,2.1653,2.5311,4.5369,2.349,2.1019,4.1931,0.76606,1.9878,3.3506,0.32228,2.475,2.8775,0.6043,2.1401,3.7144,2.3862,2.5115,4.429,0.74478,2.4655,2.8487,1.2555,1.5813,4.2874,1.7012,2.006,3.4511,0.0051428,2.6894,2.0489,3.2066,2.9388,6.1974,0.74031,2.4661,2.8464,1.6602,1.6339,4.0884,1.4936,1.8633,3.183,0.73985,2.4656,2.8454,2.1688,2.3479,4.9568,1.1414,2.5623,3.067,1.0016,1.963,3.5037,0.5333,1.978,3.2566,1.7001,2.0074,3.4508,2.3862,2.0793,4.1963,2.1409,2.1544,4.9782,1.2898,1.7553,3.799,0.68265,1.9763,2.7561,2.1405,2.1535,4.9793,2.3179,2.1837,4.4579,1.5669,2.287,3.9627,4.1925,3.0104,0.12681,1.9553,2.3354,3.9951,0.83905,1.9643,4.1175,1.1725,2.5708,4.2135,3.5119,2.8547,6.0744,1.5319,1.6172,3.2864,0.32496,2.297,3.4114,5.1373,2.9923,1.0783,0.55385,2.785,3.2494,1.2637,2.506,2.9757,2.1408,2.1535,4.9816,1.4734,2.0953,4.3488,1.5254,1.6218,3.2863,1.378,2.9305,3.3642,0.44737,2.4504,2.7148,0.92457,2.4546,2.9988,0.22204,2.6181,3.3412,1.6115,2.2544,4.1241,0.44172,2.4479,2.7093,1.0486,2.1676,3.6612,1.3943,1.8085,4.293,0.3252,2.2984,3.4098,1.529,1.6174,3.2864,0.44389,2.4508,2.7126,2.9749,2.8701,5.8919,2.0091,2.5999,4.0362,1.9692,2.1768,4.5864,2.6378,2.7752,5.2772,1.8893,1.9667,3.9048,1.2939,1.8187,3.6873,2.1425,2.1545,4.9813,1.4031,2.6597,4.01,1.1126,3.0857,2.9558,4.6923,2.9876,0.41705,1.255,2.6828,4.3322,1.9034,1.9591,3.8847,1.2441,2.6358,2.8623,0.35247,2.7742,2.9433,0.93878,2.8892,4.1317,0.56879,2.5206,2.5775,0.69924,1.93,2.9947,0.54686,2.3944,3.4307,1.5675,2.1752,4.2268,1.2534,2.6843,4.333,0.63668,1.9467,3.1209,1.9785,1.8985,3.8192,1.1933,1.8477,3.6441,2.4706,2.7241,4.9921,1.3774,1.5209,4.1735,1.3909,2.1561,3.1758,0.63833,1.9466,3.1203,0.45949,2.4505,2.5656,1.6132,2.2519,4.1266,2.4671,2.724,4.9903,0.63709,1.9474,3.1189,1.5637,1.714,3.3268,0.51899,3.0392,2.4349,0.57045,2.5208,2.5806,2.9043,2.7439,5.8836,6.172,2.8627,2.5366,4.6799,2.9901,0.40263,2.3487,2.41,3.7568,0.85036,3.0825,3.6311,1.4408,2.2524,3.5656,0.83146,3.0801,3.6119,2.3685,2.2381,3.8114,1.1923,1.8486,3.6432,2.4263,2.3369,4.5578,2.5834,2.6257,4.0286,1.259,2.6845,4.3354,1.8905,1.9657,3.9066,1.1215,2.7989,3.647,2.4541,2.4867,5.0969,1.6066,2.6229,3.2976,2.1688,2.1867,4.1013,0.78749,1.9022,3.3724,2.3488,2.4104,3.7549,2.3504,2.4121,3.7572,2.1834,1.8849,4.8997,2.6473,2.2912,4.7935,2.3667,2.2391,3.811,1.3812,1.5863,3.8344,2.4708,2.7215,4.9949,1.89,1.9657,3.9068,0.78015,2.1421,3.9583,1.6015,1.836,4.259,2.4685,2.7239,4.9923,1.4449,2.3901,3.26,5.9252,2.8799,2.2033,1.8599,1.8012,3.4743,1.9785,3.0266,4.3031,2.013,1.9496,4.7511,1.0978,2.5794,4.2703,1.8806,2.1505,4.8605,1.6135,1.8057,3.9666,1.6043,2.0105,3.3941,1.0074,2.7794,3.5567,0.90669,2.8339,3.8045,1.3761,2.3881,3.8424,1.1203,2.7999,3.6461,1.8391,1.8007,4.0944,0.91199,2.4614,2.7717,1.9097,2.0683,4.3846,0.06685,2.7972,2.832,1.087,1.961,4.2607,0.94518,2.3382,3.0065,1.6323,2.3957,4.5868,0.97939,2.0892,2.8332,0.74449,1.9994,2.7441,1.6131,1.8051,3.9686,0.91275,2.4608,2.7723,1.3816,1.5868,3.8361,2.7729,2.5905,4.6387,1.0843,2.1371,3.6275,1.1186,2.8019,3.6472,1.976,1.987,4.4762,1.0854,1.9622,4.2599,1.8531,1.6503,3.4499,1.6624,2.4799,3.9991,2.1107,2.5553,4.9226,2.1558,2.3801,3.7111,1.183,3.0752,3.4156,1.4459,1.4655,4.2333,0.61651,3.0,3.6105,1.6252,1.7535,4.2346,0.74524,1.9978,2.7432,0.68955,2.1943,3.9436,2.6897,2.6026,4.5381,1.9907,2.1287,3.4393,1.3819,2.9246,3.5371,1.0815,2.1911,3.6362,2.5308,1.9986,4.4682,1.4915,1.7352,4.4227,1.6109,2.5927,3.5821,2.0629,2.2866,4.0713,2.7132,2.3751,5.0132,0.4427,2.5317,2.955
0.001484,0.0018589,0.00086658,179.4,179.45,179.33,0.0010432,0.0011511,0.0008654,173.87,181.22,183.07,172.67,170.49,191.51,187.04,183.14,189.31,177.25,183.77,201.72,170.99,172.79,181.04,198.83,178.71,177.24,162.56,170.6,202.18,174.84,163.78,180.76,161.08,179.09,176.48,203.22,153.24,186.67,171.79,176.73,156.12,193.72,190.96,208.12,186.8,162.87,185.36,204.21,187.9,164.18,196.6,159.37,185.91,180.37,192.39,186.2,197.39,184.23,183.58,177.48,204.79,194.53,195.84,172.32,189.89,175.19,164.4,207.61,200.67,182.09,195.01,162.28,176.85,169.82,179.01,166.05,202.6,174.02,178.91,170.19,184.0,183.41,167.8,178.09,180.15,180.84,190.28,189.95,174.39,191.88,192.59,162.72,185.46,153.21,190.38,173.86,182.0,169.34,187.62,186.27,168.15,169.05,173.4,169.11,183.9,198.23,163.6,173.45,191.22,206.22,202.61,183.95,178.93,183.32,208.35,177.25,162.56,173.65,200.89,168.71,177.01,189.53,151.15,198.23,178.81,186.13,184.78,188.88,157.88,184.83,184.73,161.52,171.13,172.33,196.54,153.18,187.09,196.07,191.47,183.76,198.63,173.48,167.83,195.06,190.74,178.1,189.68,190.51,179.88,170.65,177.14,196.05,168.06,174.38,203.75,170.74,176.37,201.43,164.63,173.66,215.42,172.94,143.67,200.53,188.48,194.3,177.7,199.87,172.02,171.26,153.2,165.47,168.53,177.71,155.63,180.16,195.77,163.63,179.62,184.23,192.99,174.41,177.62,171.78,170.29,171.85,170.67,206.51,178.99,194.49,200.59,172.88,195.15,177.32,198.2,176.77,171.95,192.54,196.98,182.77,193.33,180.44,173.7,189.05,183.64,180.31,175.97,184.57,168.8,177.73,174.51,179.85,179.19,182.4,178.03,178.32,182.78,193.89,178.76,168.51,162.53,183.86,196.82,166.59,173.52,190.23,175.0,183.97,186.38,183.41,185.39,187.61,197.0,165.09,186.14,164.55,187.13,182.64,184.64,163.56,190.68,193.13,158.68,188.26,180.58,152.8,188.48,161.77,179.08,185.48,162.45,176.74,187.38,165.37,186.87,192.66,180.92,169.59,193.71,173.69,184.62,177.77,157.08,189.38,199.57,175.21,167.99,175.44,214.18,183.57,182.93,181.49,153.6,152.95,169.32,193.88,177.86,174.15,183.82,181.52,171.93,166.37,161.86,188.62,183.61,187.73,186.03,0.0010388,0.0010644,0.0010293,0.0010486,0.0010474,0.0011056,0.0010837,0.001068,0.0011334,0.0010793,0.0010846,0.0011635,0.0011147,0.0010741,0.0010405,0.0012106,0.0010935,0.0011504,0.0010829,0.0010913,0.0012608,0.0011775,0.0011058,0.0011837,0.0011233,0.0011871,0.0011025,0.0012292,0.0010979,0.0012234,0.0011048,0.0011214,0.0010571,0.001156,0.0011769,0.0012854,0.0011676,0.0011576,0.0012005,0.0011953,0.0011066,0.0010238,0.0012398,0.0011187,0.001153,0.0011315,0.0011515,0.0011471,0.0012087,0.0011533,0.0010873,0.0011349,0.001289,0.0011574,0.0012127,0.0011323,0.001175,0.0011768,0.0011816,0.0012613,0.0013006,0.0011707,0.0012278,0.0011635,0.0012139,0.0011319,0.0011691,0.0011186,0.0012585,0.0011234,0.00121,0.0011216,0.0011275,0.0011759,0.0011871,0.0011765,0.0011473,0.0011451,0.0012216,0.0012432,0.0011976,0.0012383,0.0012127,0.0010814,0.0011866,0.001073,0.0012152,0.0011517,0.0011592,0.0011133,0.0011729,0.0012015,0.0011738,0.0011272,0.001182,0.0011547,0.0011392,0.0012519,0.001061,0.0011267,0.0011906,0.0012593,0.0012723,0.0011504,0.0011646,0.0012421,0.0012297,0.0011698,0.0011332,0.001073,0.0013116,0.0011448,0.0011699,0.0012129,0.0011267,0.0012421,0.0011478,0.001158,0.0011648,0.0012194,0.0011124,0.0012367,0.0011849,0.0011114,0.0011201,0.0012051,0.0012374,0.0010998,0.0012448,0.001256,0.0012324,0.0012036,0.0012157,0.0011025,0.0011103,0.001242,0.0012597,0.0011649,0.0011925,0.0012579,0.0011387,0.0011119,0.001055,0.001208,0.0011044,0.0011727,0.001181,0.0011692,0.0012122,0.0012168,0.0010652,0.0011442,0.0013723,0.0011172,0.0010725,0.0012221,0.0011508,0.0012362,0.0012491,0.0012561,0.0010794,0.0010843,0.0010726,0.0011611,0.0011746,0.0011051,0.001088,0.0011631,0.0012399,0.0010847,0.0011425,0.001112,0.0012136,0.0011688,0.00115,0.0011268,0.0011559,0.0011309,0.0011225,0.0012176,0.0011782,0.0012224,0.0011884,0.0011584,0.0012432,0.0012014,0.0012035,0.0011383,0.001131,0.0011778,0.0012355,0.0011911,0.0011902,0.0011533,0.0012858,0.0011664,0.0011735,0.0012049,0.0011849,0.0011954,0.0011787,0.001139,0.0011438,0.0011883,0.0011523,0.0013219,0.0011758,0.0011799,0.0011604,0.0011825,0.0012003,0.0011389,0.0010856,0.0011337,0.0012474,0.0011621,0.0011412,0.0011543,0.0011332,0.0012061,0.0011678,0.0011822,0.0011683,0.0012027,0.0012171,0.0010952,0.0011807,0.0011253,0.0011449,0.0011708,0.0011024,0.0011039,0.0011302,0.0012365,0.0010601,0.0011732,0.001139,0.0011088,0.0011799,0.0010811,0.0011255,0.0011553,0.0011079,0.0011289,0.0011667,0.0010522,0.0011555,0.0012105,0.0011625,0.0010822,0.0012124,0.0011382,0.0011646,0.0011573,0.001024,0.001103,0.0011776,0.0010722,0.0010841,0.0010981,0.0012711,0.0011589,0.0011329,0.0010241,0.0010448,0.0010542,0.0010641,0.0011886,0.0010996,0.0010626,0.0011142,0.0010372,0.0010212,0.00098969,0.0010064,0.0010818,0.0010777,0.0011197,0.001109,1074300.0,1105700.0,792270.0,4276700.0,2284500.0,1150800.0,5856800.0,1513400.0,1879800.0,3242500.0,2966100.0,734830.0,5652900.0,1298400.0,4052200.0,2459600.0,5070500.0,4091400.0,1340500.0,3371900.0,2502600.0,3347400.0,11704000.0,958350.0,6311800.0,749460.0,9101500.0,1591900.0,1841400.0,815570.0,3232100.0,1680500.0,5814300.0,23940000.0,2520900.0,2724900.0,4347000.0,1235900.0,1513400.0,1646200.0,2062700.0,1057700.0,2058300.0,1019200.0,7475600.0,2433400.0,1825600.0,1494000.0,2274900.0,15971000.0,952090.0,7278300.0,3995200.0,706940.0,3910700.0,1079100.0,2657700.0,17679000.0,32102000.0,2373200.0,1720700.0,1532600.0,2840700.0,1036400.0,1926200.0,3409900.0,803840.0,2871900.0,1940600.0,3915400.0,2755300.0,1446400.0,1119200.0,15048000.0,5077600.0,1340600.0,3613400.0,1673300.0,965090.0,2573300.0,3702600.0,1313000.0,893150.0,2116300.0,873820.0,1861100.0,2850800.0,4950200.0,4191200.0,2338500.0,5694300.0,1300700.0,9352900.0,4677300.0,1017700.0,1694700.0,903640.0,1769700.0,3509900.0,9918500.0,1730700.0,16523000.0,1417300.0,9919600.0,1633600.0,3256300.0,1272900.0,1628100.0,12535000.0,5115100.0,2157200.0,3869300.0,2389200.0,1225800.0,656170.0,3373000.0,11659000.0,2413800.0,1291100.0,778800.0,1922000.0,735100.0,1193700.0,2218700.0,8786700.0,4156700.0,2627900.0,3087700.0,2361300.0,1498700.0,773560.0,10411000.0,2404500.0,3548600.0,2073400.0,1371700.0,1031900.0,2014200.0,1052000.0,2853800.0,3921600.0,1159600.0,1477000.0,2103000.0,1521000.0,2210500.0,2422200.0,877170.0,6912100.0,1513500.0,9390500.0,6180200.0,809830.0,10291000.0,814480.0,1274500.0,19279000.0,683650.0,12167000.0,721740.0,5575100.0,3693400.0,3817200.0,2647300.0,5252900.0,4116200.0,4227600.0,964530.0,4135000.0,1638700.0,6369200.0,1506700.0,7610900.0,1080700.0,744550.0,4005200.0,2996600.0,1988300.0,8411500.0,2288700.0,948280.0,1205600.0,3671000.0,3568300.0,1940100.0,1475700.0,747540.0,6807100.0,5275200.0,2336700.0,637470.0,17726000.0,3323000.0,5257900.0,1142200.0,18258000.0,5431600.0,1100100.0,8580600.0,1353300.0,1434500.0,3992400.0,5297000.0,799330.0,1639500.0,973680.0,1778500.0,1568200.0,1456500.0,7851700.0,2342100.0,1425100.0,12280000.0,2793800.0,1238000.0,1263500.0,3260300.0,951930.0,4669600.0,1133200.0,1854600.0,8075300.0,4435100.0,696550.0,1421900.0,10018000.0,5258300.0,5069200.0,15394000.0,3001700.0,1931800.0,2342400.0,2994600.0,3189800.0,1882600.0,1749500.0,2275100.0,1499400.0,7215800.0,652060.0,3656200.0,8296200.0,8910100.0,1863600.0,5378600.0,4029700.0,5011000.0,864140.0,1139900.0,5361500.0,1551600.0,6587500.0,3485200.0,7122400.0,1970700.0,1638700.0,1591200.0,1087700.0,1106100.0,2208100.0,945990.0,5091800.0,3371700.0,4404800.0,3356800.0,2894200.0,2745600.0,15584000.0,14989000.0,6042000.0,4601000.0,2807600.0,6148400.0,3762100.0,1781300.0,2740300.0,1353800.0,4824200.0,3044800.0,1.5243,1.8373,4.1747,2.2262,2.4645,3.666,1.2783,2.2253,4.2225,1.2316,1.9875,4.2329,2.4996,2.6633,4.3035,0.85786,2.0616,4.2165,1.5211,2.4824,3.8936,3.0051,2.8389,5.8144,1.2299,1.9891,4.2336,1.7478,1.7189,4.2482,1.277,2.2268,4.2237,0.8581,2.0615,4.2157,2.8894,2.8357,4.5072,5.7138,2.7775,1.4717,1.2339,2.8458,3.6181,0.95763,2.1448,3.024,2.4835,2.0498,4.4436,1.4726,1.6777,3.9047,0.65935,2.5688,3.886,2.0049,1.7625,3.4725,1.0713,2.448,3.0532,0.27435,2.2845,3.5659,1.7866,1.6721,3.3869,2.1486,2.8269,4.4541,1.7875,1.6687,3.3896,1.4772,1.6757,3.9057,0.39611,2.1318,3.2059,2.0334,2.3528,4.3842,1.4741,1.665,3.1992,0.83272,1.8712,2.7755,3.0069,2.8415,5.8131,2.0057,1.7596,3.4736,1.0062,2.7157,2.8789,1.8171,2.5894,4.0007,0.63149,1.8669,2.7989,1.0707,2.4463,3.0509,1.8978,1.9143,4.4929,1.6796,1.6969,3.8957,0.50986,2.2006,3.7448,1.1935,2.4168,3.7873,1.0065,2.0576,3.2731,2.544,2.2959,4.2871,2.0669,2.1462,4.6738,1.4785,1.6763,3.9096,1.8967,1.9169,4.4926,1.49,2.1693,3.2681,0.82384,2.0774,3.1903,2.4179,2.3702,4.3122,1.9479,2.6026,4.8942,1.9408,2.5953,4.8841,2.5443,2.296,4.2858,1.2876,2.4857,3.9482,1.6864,2.2312,4.2929,2.0677,3.0641,4.012,0.49989,2.47,2.4728,1.5426,2.0547,4.6057,2.0799,3.0672,4.0276,0.39367,2.3729,3.4402,1.6615,1.6322,4.0829,0.7104,2.0205,3.1002,2.2436,2.2396,4.6449,0.62201,2.6199,2.9932,1.0059,2.0611,3.2736,0.13355,2.8901,1.9783,1.9945,1.9845,4.5864,2.5444,2.2964,4.2885,2.6782,2.3392,5.2022,2.1532,2.8261,4.4563,1.0795,1.8517,3.9439,4.6167,3.001,0.50508,0.88816,2.1168,3.0565,1.3063,2.1011,4.2639,1.056,2.087,3.4939,2.3197,2.7568,4.5911,1.7002,1.6014,4.1589,1.1407,2.5589,3.0641,0.74853,2.4249,3.77,2.0535,1.9302,3.7407,1.5997,2.4372,3.4688,1.662,2.5209,3.6077,1.6595,1.681,4.2498,2.1167,2.8128,4.5939,2.1192,2.8133,4.5935,3.3511,2.7826,6.1124,1.6997,1.6014,4.1592,1.7017,2.0058,3.4533,2.1334,2.9382,4.9282,1.1425,2.5588,3.0673,2.6401,2.4469,4.9914,1.0221,2.6028,4.0654,1.6019,2.4362,3.4691,1.1859,1.7963,4.103,1.661,1.6325,4.0848,1.7018,2.0053,3.4523,0.28649,2.9477,3.3328,2.8697,2.2926,4.5604,1.3179,1.9511,4.2048,1.2441,2.6905,3.3165,1.4641,2.459,3.343,1.8398,1.9867,3.7265,1.9512,2.335,3.9914,1.0977,2.2826,3.1898,2.5402,2.0505,5.1497,1.2407,2.6903,3.311,1.4633,2.46,3.341,0.28769,2.9477,3.3352,0.67755,1.8056,2.9157,1.7016,2.0287,4.4199,1.4679,1.8655,4.1182,5.5417,2.9019,1.8536,0.81922,2.1224,2.7799,1.0219,2.6037,4.0664,2.1513,2.524,3.6209,2.6419,2.4449,4.993,2.8001,2.7059,4.5194,2.1645,2.5307,4.5366,2.349,2.1021,4.193,0.76593,1.9882,3.3505,0.32302,2.4749,2.8782,0.60389,2.1403,3.7148,2.3866,2.5115,4.4294,0.74522,2.4651,2.8491,1.2556,1.5813,4.2875,1.7011,2.0059,3.4511,0.0056512,2.6893,2.0489,3.2073,2.9389,6.1984,0.74095,2.4655,2.847,1.6602,1.634,4.0884,1.4937,1.8628,3.183,0.74026,2.4652,2.8456,2.1689,2.3479,4.9568,1.1415,2.5624,3.0672,1.0024,1.9636,3.5039,0.53294,1.9782,3.2565,1.7,2.0071,3.4507,2.3866,2.0793,4.196,2.1409,2.1543,4.978,1.2901,1.7552,3.7991,0.68312,1.9763,2.756,2.1404,2.1534,4.9792,2.3177,2.184,4.4582,1.5669,2.2872,3.9627,4.193,3.0102,0.12723,1.9551,2.3358,3.9951,0.83864,1.9644,4.1175,1.1723,2.5711,4.2134,3.5121,2.8545,6.0748,1.5322,1.6171,3.2863,0.32459,2.2973,3.4113,5.1366,2.9921,1.0771,0.55369,2.785,3.2495,1.2633,2.5061,2.9757,2.1412,2.1533,4.9814,1.4737,2.0952,4.3489,1.5257,1.6217,3.2864,1.3783,2.9303,3.3639,0.44813,2.4502,2.7153,0.92436,2.4545,2.9988,0.22187,2.6182,3.3411,1.6118,2.2547,4.1242,0.44217,2.4477,2.7096,1.0486,2.1679,3.6611,1.3941,1.8084,4.293,0.32479,2.2986,3.4099,1.5292,1.6173,3.2864,0.44472,2.4505,2.7131,2.9751,2.8701,5.8924,2.0086,2.5999,4.0361,1.9695,2.1769,4.5865,2.6369,2.775,5.2768,1.8887,1.9667,3.9046,1.2943,1.8187,3.6875,2.143,2.1544,4.9812,1.4034,2.6595,4.01,1.1104,3.0855,2.9534,4.6916,2.9873,0.41628,1.2549,2.6832,4.3318,1.9031,1.959,3.8846,1.2438,2.6359,2.8621,0.35264,2.7741,2.9436,0.9388,2.8892,4.1316,0.56868,2.5205,2.5775,0.69934,1.9303,2.9943,0.54675,2.3947,3.4306,1.568,2.1752,4.2269,1.2531,2.6847,4.3328,0.63663,1.947,3.1205,1.9785,1.8982,3.8189,1.1938,1.8476,3.6442,2.4701,2.7237,4.9915,1.3778,1.5211,4.1735,1.3907,2.1559,3.176,0.63843,1.9469,3.1199,0.46044,2.4501,2.566,1.6139,2.2522,4.1268,2.4663,2.7237,4.9899,0.63684,1.9477,3.1184,1.5639,1.7139,3.3268,0.52057,3.039,2.436,0.57065,2.5207,2.5808,2.9052,2.7439,5.8842,6.1719,2.8627,2.5367,4.6782,2.9899,0.40081,2.349,2.4097,3.757,0.8521,3.0825,3.6334,1.4403,2.2529,3.5655,0.83007,3.0802,3.611,2.3688,2.2381,3.8114,1.1929,1.8486,3.6433,2.4264,2.337,4.5581,2.5835,2.6259,4.029,1.2589,2.6847,4.3353,1.89,1.9656,3.9063,1.1218,2.7987,3.6474,2.4538,2.4863,5.0965,1.6059,2.6231,3.2975,2.1688,2.1868,4.1012,0.78771,1.9024,3.3724,2.3492,2.4103,3.7551,2.3505,2.412,3.7571,2.1835,1.8852,4.9,2.6473,2.2912,4.7935,2.367,2.2391,3.811,1.3814,1.5863,3.8346,2.4701,2.7212,4.9943,1.8896,1.9656,3.9066,0.78016,2.1421,3.9588,1.6015,1.8359,4.2592,2.4679,2.7235,4.992,1.4449,2.3901,3.26,5.9251,2.8798,2.2032,1.8599,1.801,3.4744,1.9783,3.0264,4.3027,2.013,1.9497,4.7512,1.0979,2.5795,4.2705,1.8808,2.1504,4.8605,1.6136,1.8055,3.9666,1.6043,2.0103,3.394,1.0079,2.7791,3.5574,0.90693,2.8339,3.8046,1.3766,2.3884,3.8425,1.1206,2.7996,3.6466,1.8387,1.8006,4.0943,0.91145,2.4614,2.7718,1.9094,2.0684,4.3846,0.067128,2.7972,2.8325,1.0869,1.9609,4.261,0.9453,2.338,3.0067,1.6324,2.3957,4.5868,0.97945,2.0891,2.8332,0.74458,1.9994,2.744,1.6133,1.805,3.9685,0.91263,2.4607,2.7726,1.3815,1.5868,3.8362,2.7729,2.5905,4.6385,1.0843,2.1373,3.6276,1.1189,2.8016,3.6476,1.9761,1.9871,4.4762,1.0852,1.9622,4.2599,1.8532,1.6502,3.4499,1.6625,2.4799,3.999,2.1111,2.5552,4.9226,2.1556,2.3801,3.7109,1.1839,3.075,3.4165,1.4459,1.4655,4.2334,0.6167,2.9999,3.6107,1.6253,1.7533,4.2346,0.74536,1.9978,2.7431,0.68908,2.1944,3.9439,2.6895,2.6026,4.5381,1.9908,2.1286,3.4392,1.382,2.9244,3.5372,1.0816,2.1913,3.6361,2.5309,1.9988,4.4682,1.4916,1.7351,4.4227,1.6107,2.5927,3.582,2.0629,2.2867,4.0713,2.7131,2.3749,5.0128,0.44312,2.5316,2.9553
0.0022546,0.0030495,0.00094538,193.05,193.18,192.85,0.0011175,0.0012272,0.00093688,184.58,194.43,195.5,182.92,181.58,204.71,205.0,197.54,205.48,190.46,200.81,224.26,183.56,186.34,194.82,212.76,192.93,189.82,167.49,181.68,221.94,185.78,170.8,195.76,170.9,196.6,192.12,225.2,154.61,203.56,184.0,189.49,163.18,210.54,207.24,233.84,200.64,171.36,200.2,228.8,208.97,170.58,218.51,165.85,201.4,190.73,212.88,203.0,221.45,201.21,205.29,188.24,223.06,220.92,212.33,182.11,210.11,187.89,172.96,233.69,215.86,199.2,212.07,170.92,190.19,177.84,190.9,175.63,229.72,187.66,189.3,185.22,198.51,199.87,176.87,186.17,198.21,195.15,208.82,205.19,188.06,211.32,213.55,175.09,206.12,152.73,209.17,181.6,197.26,180.09,206.35,204.49,180.43,180.13,182.46,175.13,199.24,222.32,169.62,185.11,208.73,225.92,224.52,199.15,190.36,199.81,239.48,191.26,169.96,188.97,215.72,176.39,188.82,208.68,150.92,218.08,192.32,205.76,205.69,210.07,159.8,202.01,207.15,165.95,182.84,185.07,213.2,156.17,202.97,213.14,206.41,197.27,220.1,184.77,177.95,214.96,204.61,194.64,214.02,206.33,197.46,178.68,198.78,211.09,176.83,186.48,239.21,182.94,187.36,228.05,173.43,183.15,233.56,184.77,140.01,228.4,205.99,212.07,189.0,223.35,183.08,182.24,158.15,173.22,178.15,191.08,159.88,197.38,213.51,173.44,193.3,202.23,210.28,186.17,194.22,183.71,179.02,183.84,181.05,239.29,190.11,216.05,224.36,185.7,212.44,185.63,222.71,187.84,185.68,212.55,221.24,194.14,213.05,194.58,176.38,209.0,198.27,191.42,188.93,201.82,177.53,196.78,188.28,194.8,194.43,183.91,190.63,189.01,206.92,212.95,190.15,180.53,167.87,200.6,216.52,171.5,183.39,219.6,186.18,197.04,202.81,196.88,201.53,207.5,220.72,171.96,199.83,173.43,205.69,196.21,207.27,169.08,209.13,209.36,164.41,212.22,194.99,150.9,205.88,170.88,191.73,201.01,168.72,189.61,206.1,177.88,200.47,207.35,192.27,177.35,211.54,187.16,198.26,189.6,163.13,213.81,221.92,185.95,174.99,188.17,237.66,198.15,200.24,196.03,158.3,158.0,181.29,213.46,190.4,188.42,196.87,195.86,178.93,172.62,170.07,205.09,198.69,205.8,204.2,0.0010385,0.0011165,0.0010733,0.0010859,0.0010648,0.0011632,0.0011699,0.0010872,0.0011883,0.0010938,0.0011585,0.0012733,0.0011426,0.0011045,0.0010848,0.0012969,0.0011481,0.0011718,0.0011107,0.0011435,0.001374,0.0012357,0.001132,0.0012929,0.0011818,0.0012469,0.0011478,0.001344,0.0011084,0.0013554,0.0011467,0.0011894,0.0011181,0.0012403,0.0012695,0.0014308,0.0012273,0.0012129,0.0012774,0.0012977,0.001194,0.0010492,0.0013773,0.0011555,0.0012113,0.0011952,0.0012555,0.0012219,0.001313,0.0012414,0.0011534,0.0012186,0.0014085,0.0012507,0.0013029,0.0012056,0.0012572,0.0012401,0.0012365,0.0013979,0.0014406,0.0012733,0.0013319,0.0012335,0.0013238,0.0011864,0.0012818,0.0012136,0.0013815,0.0012089,0.0013317,0.0012244,0.0012068,0.00129,0.0012401,0.001267,0.0012305,0.0012319,0.001359,0.0013659,0.001254,0.0013757,0.0013344,0.0011427,0.0012473,0.0011089,0.0013002,0.001237,0.0012642,0.001176,0.0012905,0.0012843,0.0012321,0.0011978,0.0012108,0.0011846,0.0012031,0.0013883,0.00112,0.0011909,0.0012841,0.0013829,0.0014178,0.0012407,0.0012726,0.0013094,0.0013806,0.0012581,0.001186,0.0011378,0.0014487,0.0012098,0.0012557,0.0013406,0.0011598,0.0013698,0.0012315,0.0012678,0.001275,0.0013359,0.001173,0.0013721,0.0012661,0.0011685,0.0011867,0.0012723,0.0013491,0.0011204,0.0013199,0.0013781,0.0013425,0.0013096,0.0013176,0.0011545,0.0011665,0.001354,0.0013869,0.0012439,0.0013459,0.0013944,0.0012449,0.0011868,0.0011358,0.001291,0.0011864,0.0012834,0.0013151,0.0012236,0.0012712,0.0013384,0.0011044,0.0012333,0.0015097,0.0011875,0.001082,0.0013375,0.0012448,0.0013612,0.0013142,0.001379,0.0011516,0.0011544,0.0011093,0.0012111,0.001217,0.0011829,0.0011138,0.0012632,0.0013573,0.0011587,0.0012091,0.0011634,0.0013352,0.0012724,0.0012127,0.0011942,0.0012334,0.0012128,0.0011881,0.0013527,0.0012224,0.0013384,0.0012935,0.0012273,0.0013532,0.0012792,0.0013132,0.0012031,0.0012114,0.0012837,0.0013095,0.0012827,0.0012971,0.0012472,0.0013966,0.0012706,0.0012725,0.0012519,0.0012574,0.0013021,0.0012337,0.0012335,0.0012183,0.0012922,0.0012197,0.001419,0.0012451,0.0012837,0.0012684,0.001271,0.0012565,0.0012238,0.0011342,0.0012232,0.0013674,0.0012423,0.0012216,0.0012819,0.00121,0.0013061,0.0012637,0.0012619,0.0012683,0.001263,0.001353,0.0011473,0.0012695,0.0011662,0.0012363,0.0012877,0.0011936,0.0011517,0.0012042,0.0013331,0.0011183,0.0013041,0.0011888,0.0011589,0.0012681,0.0011194,0.0012169,0.0012391,0.0011434,0.0012229,0.0012646,0.001091,0.0012212,0.0013015,0.001259,0.0011511,0.0013306,0.0011896,0.0012536,0.0011856,0.0010251,0.0011939,0.0012676,0.0011113,0.0011341,0.0011305,0.0013932,0.0012523,0.0012241,0.0010545,0.0010473,0.0010731,0.0010835,0.0013061,0.0011639,0.0010887,0.0011844,0.0010754,0.0010445,0.00099105,0.001005,0.0011379,0.001143,0.0012032,0.0011791,1074300.0,1105700.0,792270.0,4276700.0,2284500.0,1150800.0,5856800.0,1513400.0,1879800.0,3242500.0,2966100.0,734830.0,5652900.0,1298400.0,4052200.0,2459600.0,5070500.0,4091400.0,1340500.0,3371900.0,2502600.0,3347400.0,11704000.0,958350.0,6311800.0,749460.0,9101500.0,1591900.0,1841400.0,815570.0,3232100.0,1680500.0,5814300.0,23940000.0,2520900.0,2724900.0,4347000.0,1235900.0,1513400.0,1646200.0,2062700.0,1057700.0,2058300.0,1019200.0,7475600.0,2433400.0,1825600.0,1494000.0,2274900.0,15971000.0,952090.0,7278300.0,3995200.0,706940.0,3910700.0,1079100.0,2657700.0,17679000.0,32102000.0,2373200.0,1720700.0,1532600.0,2840700.0,1036400.0,1926200.0,3409900.0,803840.0,2871900.0,1940600.0,3915400.0,2755300.0,1446400.0,1119200.0,15048000.0,5077600.0,1340600.0,3613400.0,1673300.0,965090.0,2573300.0,3702600.0,1313000.0,893150.0,2116300.0,873820.0,1861100.0,2850800.0,4950200.0,4191200.0,2338500.0,5694300.0,1300700.0,9352900.0,4677300.0,1017700.0,1694700.0,903640.0,1769700.0,3509900.0,9918500.0,1730700.0,16523000.0,1417300.0,9919600.0,1633600.0,3256300.0,1272900.0,1628100.0,12535000.0,5115100.0,2157200.0,3869300.0,2389200.0,1225800.0,656170.0,3373000.0,11659000.0,2413800.0,1291100.0,778800.0,1922000.0,735100.0,1193700.0,2218700.0,8786700.0,4156700.0,2627900.0,3087700.0,2361300.0,1498700.0,773560.0,10411000.0,2404500.0,3548600.0,2073400.0,1371700.0,1031900.0,2014200.0,1052000.0,2853800.0,3921600.0,1159600.0,1477000.0,2103000.0,1521000.0,2210500.0,2422200.0,877170.0,6912100.0,1513500.0,9390500.0,6180200.0,809830.0,10291000.0,814480.0,1274500.0,19279000.0,683650.0,12167000.0,721740.0,5575100.0,3693400.0,3817200.0,2647300.0,5252900.0,4116200.0,4227600.0,964530.0,4135000.0,1638700.0,6369200.0,1506700.0,7610900.0,1080700.0,744550.0,4005200.0,2996600.0,1988300.0,8411500.0,2288700.0,948280.0,1205600.0,3671000.0,3568300.0,1940100.0,1475700.0,747540.0,6807100.0,5275200.0,2336700.0,637470.0,17726000.0,3323000.0,5257900.0,1142200.0,18258000.0,5431600.0,1100100.0,8580600.0,1353300.0,1434500.0,3992400.0,5297000.0,799330.0,1639500.0,973680.0,1778500.0,1568200.0,1456500.0,7851700.0,2342100.0,1425100.0,12280000.0,2793800.0,1238000.0,1263500.0,3260300.0,951930.0,4669600.0,1133200.0,1854600.0,8075300.0,4435100.0,696550.0,1421900.0,10018000.0,5258300.0,5069200.0,15394000.0,3001700.0,1931800.0,2342400.0,2994600.0,3189800.0,1882600.0,1749500.0,2275100.0,1499400.0,7215800.0,652060.0,3656200.0,8296200.0,8910100.0,1863600.0,5378600.0,4029700.0,5011000.0,864140.0,1139900.0,5361500.0,1551600.0,6587500.0,3485200.0,7122400.0,1970700.0,1638700.0,1591200.0,1087700.0,1106100.0,2208100.0,945990.0,5091800.0,3371700.0,4404800.0,3356800.0,2894200.0,2745600.0,15584000.0,14989000.0,6042000.0,4601000.0,2807600.0,6148400.0,3762100.0,1781300.0,2740300.0,1353800.0,4824200.0,3044800.0,1.5244,1.8373,4.1746,2.2264,2.4646,3.666,1.2783,2.2253,4.2225,1.2316,1.9875,4.2329,2.4996,2.6633,4.3037,0.85733,2.0616,4.2167,1.5219,2.4827,3.8935,3.0059,2.839,5.8153,1.2298,1.9892,4.2335,1.7474,1.7189,4.2482,1.277,2.2268,4.2239,0.85756,2.0614,4.2157,2.8899,2.8357,4.5082,5.7131,2.7774,1.4711,1.234,2.8456,3.6181,0.95705,2.145,3.0238,2.4839,2.0502,4.444,1.4727,1.6779,3.9046,0.65927,2.5693,3.8858,2.0043,1.7628,3.4728,1.0719,2.4477,3.0541,0.27486,2.2846,3.5657,1.7867,1.672,3.3869,2.1475,2.8262,4.4525,1.7881,1.6686,3.3895,1.478,1.6755,3.906,0.39563,2.1321,3.2055,2.0337,2.3533,4.3848,1.4743,1.6653,3.1994,0.83304,1.8718,2.7753,3.0081,2.8414,5.8142,2.0052,1.7598,3.4738,1.0055,2.7157,2.879,1.8165,2.5894,4.0007,0.6318,1.8672,2.7984,1.071,2.4462,3.0514,1.8978,1.9144,4.4928,1.6804,1.6966,3.8957,0.5101,2.2006,3.7452,1.1942,2.4177,3.7874,1.0067,2.0582,3.2727,2.5444,2.2962,4.2875,2.0667,2.1468,4.6742,1.4788,1.6762,3.9098,1.8965,1.9174,4.4925,1.4898,2.1695,3.268,0.82399,2.0782,3.1896,2.4183,2.3707,4.3127,1.9483,2.6024,4.8941,1.9411,2.5955,4.8841,2.5447,2.2963,4.2861,1.2877,2.4861,3.9479,1.687,2.2316,4.2933,2.071,3.0638,4.0147,0.5007,2.4695,2.4734,1.5422,2.0543,4.6057,2.0793,3.067,4.0266,0.39274,2.3731,3.4397,1.6617,1.6322,4.083,0.71068,2.0215,3.0998,2.2435,2.2405,4.6453,0.62207,2.6186,2.994,1.0053,2.0624,3.2732,0.13268,2.8902,1.9766,1.9946,1.9854,4.5864,2.5446,2.297,4.2884,2.6762,2.339,5.2019,2.1521,2.8254,4.4544,1.08,1.8517,3.9443,4.617,3.0003,0.50621,0.88772,2.1175,3.0561,1.3071,2.101,4.2639,1.0566,2.0877,3.4941,2.3181,2.7563,4.5893,1.6997,1.6013,4.1588,1.1408,2.5587,3.064,0.7484,2.4252,3.7697,2.0542,1.9296,3.7402,1.5988,2.4377,3.4689,1.6608,2.5217,3.6074,1.6585,1.6809,4.2501,2.1151,2.8122,4.5928,2.1188,2.8126,4.5936,3.3508,2.7828,6.1121,1.6996,1.6016,4.1595,1.7023,2.0053,3.4529,2.1344,2.9386,4.9297,1.1427,2.5587,3.0672,2.6399,2.4466,4.9911,1.0215,2.6033,4.0658,1.6012,2.4366,3.4694,1.1851,1.7971,4.1029,1.6613,1.6323,4.0848,1.7022,2.0047,3.452,0.28218,2.9474,3.329,2.8706,2.2925,4.5608,1.3187,1.9512,4.2054,1.244,2.6899,3.3167,1.4639,2.4589,3.3432,1.8389,1.9863,3.726,1.9511,2.3358,3.9916,1.0977,2.283,3.19,2.5395,2.0501,5.1502,1.2397,2.6902,3.3108,1.4631,2.4602,3.3412,0.28607,2.9482,3.3335,0.67765,1.8058,2.915,1.7014,2.0286,4.4203,1.4684,1.8655,4.1185,5.5404,2.9018,1.8525,0.81914,2.1227,2.7807,1.0205,2.6042,4.0664,2.1528,2.5244,3.6213,2.6419,2.4441,4.9924,2.8015,2.7053,4.5198,2.1629,2.5296,4.536,2.3489,2.1024,4.1928,0.76571,1.9889,3.3503,0.32445,2.4746,2.8795,0.60323,2.1405,3.7159,2.3873,2.5114,4.4302,0.74626,2.4643,2.8503,1.256,1.5813,4.2878,1.7009,2.0056,3.4513,0.0070783,2.6892,2.0493,3.2091,2.9391,6.2006,0.74239,2.4643,2.8482,1.66,1.6342,4.0885,1.494,1.8618,3.1832,0.7411,2.4644,2.8462,2.1691,2.3478,4.9567,1.1416,2.5624,3.0676,1.0041,1.9649,3.5045,0.53239,1.9785,3.2565,1.7,2.0067,3.4506,2.3873,2.0794,4.1954,2.141,2.1543,4.9778,1.2906,1.7551,3.7993,0.68393,1.9764,2.7561,2.1403,2.1533,4.979,2.3172,2.1845,4.4586,1.5666,2.2879,3.9627,4.1939,3.0098,0.12795,1.9546,2.3366,3.9951,0.8378,1.9645,4.1175,1.1722,2.5716,4.2134,3.5121,2.8542,6.0753,1.533,1.6169,3.2861,0.32388,2.2978,3.4114,5.1358,2.9918,1.0752,0.55311,2.7851,3.2494,1.2626,2.5064,2.9758,2.1421,2.1531,4.9809,1.4743,2.095,4.3491,1.5264,1.6217,3.2868,1.3788,2.93,3.3631,0.44975,2.4496,2.7163,0.92384,2.4544,2.9987,0.22166,2.6183,3.3411,1.6124,2.2553,4.1246,0.44313,2.4473,2.7102,1.0485,2.1686,3.6608,1.3936,1.8083,4.2931,0.32403,2.299,3.4099,1.5298,1.6171,3.2863,0.44645,2.4499,2.7141,2.9756,2.87,5.8934,2.0078,2.5998,4.0359,1.97,2.1773,4.5866,2.6352,2.7746,5.2761,1.8876,1.9666,3.9041,1.295,1.8186,3.6878,2.1441,2.1543,4.9812,1.4041,2.659,4.0099,1.105,3.0852,2.9475,4.69,2.9869,0.41475,1.2548,2.6839,4.3312,1.9028,1.9587,3.8846,1.2434,2.636,2.8617,0.35252,2.7742,2.944,0.93927,2.8893,4.1319,0.56819,2.5204,2.5775,0.69965,1.9308,2.9934,0.54653,2.3953,3.4302,1.569,2.1753,4.2274,1.2526,2.6855,4.3326,0.63659,1.9475,3.1199,1.9788,1.8977,3.8184,1.1946,1.8475,3.6445,2.469,2.7232,4.9903,1.3784,1.5214,4.1736,1.3901,2.1556,3.1763,0.63871,1.9476,3.1191,0.46247,2.4492,2.5667,1.6154,2.2531,4.1271,2.4647,2.7231,4.9891,0.63641,1.9484,3.1175,1.5645,1.7136,3.3267,0.52408,3.0387,2.4384,0.57078,2.5206,2.5811,2.9071,2.7439,5.8856,6.1721,2.8627,2.5369,4.6749,2.9895,0.39722,2.3493,2.4092,3.7571,0.85601,3.0825,3.6383,1.4392,2.2541,3.5649,0.82647,3.0803,3.6082,2.3691,2.2379,3.8111,1.1941,1.8485,3.6437,2.4264,2.337,4.5585,2.5837,2.6262,4.0298,1.2589,2.6851,4.3353,1.8891,1.9655,3.9059,1.1224,2.7985,3.6482,2.4531,2.4855,5.0956,1.6048,2.6234,3.2975,2.1689,2.1871,4.101,0.7883,1.9028,3.3725,2.3501,2.41,3.7555,2.3507,2.4118,3.7571,2.1839,1.8858,4.9006,2.6474,2.2912,4.7936,2.3673,2.2391,3.811,1.3818,1.5863,3.835,2.4691,2.7206,4.9936,1.8888,1.9655,3.9064,0.78022,2.142,3.9598,1.6017,1.8358,4.2596,2.4666,2.7226,4.9914,1.445,2.3901,3.26,5.9249,2.8797,2.203,1.86,1.8007,3.4747,1.9782,3.0259,4.3021,2.0132,1.9497,4.7515,1.0981,2.5797,4.2709,1.8813,2.1503,4.8609,1.6139,1.8054,3.9664,1.6044,2.01,3.3938,1.0088,2.7787,3.5587,0.90748,2.834,3.8047,1.3776,2.389,3.8429,1.1212,2.799,3.6473,1.8382,1.8005,4.0942,0.91028,2.4614,2.7719,1.9088,2.0687,4.3846,0.06755,2.7972,2.8335,1.0867,1.9608,4.2614,0.94556,2.3377,3.0071,1.6323,2.3958,4.5866,0.9796,2.089,2.8333,0.74472,1.9995,2.7436,1.6136,1.8048,3.9683,0.91253,2.4606,2.7733,1.3813,1.5868,3.8362,2.7729,2.5906,4.6383,1.0843,2.1375,3.6277,1.1194,2.8012,3.6481,1.9762,1.9873,4.4762,1.0848,1.9622,4.2599,1.8535,1.6501,3.4498,1.6626,2.48,3.9989,2.112,2.5552,4.9224,2.1553,2.3801,3.7104,1.185,3.0748,3.4177,1.4458,1.4654,4.2336,0.61707,2.9998,3.611,1.6255,1.7531,4.2346,0.74559,1.9979,2.743,0.68818,2.1946,3.9445,2.6892,2.6026,4.5379,1.9911,2.1283,3.4392,1.3822,2.9241,3.5374,1.0818,2.1916,3.636,2.5311,1.999,4.4682,1.4917,1.7351,4.4227,1.6106,2.5927,3.5819,2.0629,2.2868,4.0712,2.7128,2.3745,5.0123,0.44352,2.5313,2.9555
0.0034084,0.0048727,0.00099649,198.29,198.55,197.87,0.0011442,0.001252,0.00096677,189.42,198.93,198.88,186.79,185.18,206.98,213.1,202.98,211.76,194.28,209.42,233.12,189.8,191.54,199.77,212.47,198.81,195.09,167.74,185.59,230.56,189.38,172.14,202.18,174.53,206.12,198.79,234.18,150.6,209.34,188.25,195.89,165.14,216.86,214.19,246.28,205.07,173.41,206.26,240.11,221.69,168.63,229.87,167.05,207.34,193.32,222.42,211.79,234.02,209.7,216.6,191.76,228.86,232.45,218.64,185.99,219.57,192.42,175.62,247.05,219.38,207.81,218.19,173.05,195.14,180.06,194.63,178.85,244.19,193.6,192.18,193.84,204.4,207.72,180.42,185.38,208.08,199.93,218.27,211.66,194.66,219.14,223.53,180.84,217.9,148.74,217.84,182.55,203.52,185.47,215.2,212.94,185.95,184.21,185.32,175.36,205.76,234.38,169.77,190.34,216.93,232.44,233.87,204.79,194.24,206.94,256.8,196.44,170.99,197.67,219.18,177.81,193.4,215.89,147.77,227.01,198.02,215.26,217.95,220.54,156.28,209.99,221.44,164.64,186.78,190.43,218.38,155.28,209.91,218.44,211.0,202.03,229.44,189.09,182.2,224.44,208.85,201.79,226.61,212.07,206.49,179.68,213.25,217.1,180.02,190.17,257.92,184.32,191.15,240.03,176.79,185.63,239.67,188.99,133.43,241.1,214.02,219.9,192.5,234.74,187.71,186.27,158.7,175.53,180.42,196.41,160.25,207.31,220.51,178.0,198.87,209.62,216.03,189.57,202.1,188.62,181.71,188.29,184.77,255.18,192.2,227.12,235.56,191.39,218.76,187.59,235.68,192.38,190.68,222.33,235.73,197.17,219.63,200.91,173.34,219.75,203.04,195.18,194.15,209.1,180.74,206.17,194.47,201.35,200.26,178.9,196.41,190.23,221.17,220.72,194.27,184.46,167.8,206.49,226.34,171.11,185.66,238.22,189.62,200.51,210.27,201.0,207.22,218.44,231.32,173.21,205.07,176.6,215.37,199.93,220.17,168.88,217.59,216.2,165.38,226.45,200.11,147.04,213.63,173.72,195.94,207.19,169.36,195.86,214.53,184.2,205.03,211.5,196.61,177.8,218.26,192.87,200.91,193.85,164.02,227.99,231.57,189.82,173.79,193.16,246.63,203.41,209.05,201.53,156.37,157.82,186.54,221.7,195.54,195.86,201.09,200.84,179.66,172.05,172.88,212.95,205.13,214.33,212.14,0.00099926,0.0011153,0.0010728,0.0010841,0.0010412,0.0011627,0.0011913,0.0010614,0.0011846,0.0010617,0.0011819,0.0013076,0.0011347,0.0010903,0.0010807,0.0012973,0.00116,0.0011537,0.0011036,0.0011555,0.0014054,0.0012514,0.00112,0.001338,0.0011996,0.0012661,0.0011525,0.0013855,0.0010856,0.0014066,0.0011487,0.0012202,0.0011418,0.001263,0.0013051,0.0014868,0.0012394,0.0012256,0.0012993,0.0013368,0.0012375,0.001041,0.0014401,0.0011595,0.0012262,0.001215,0.0013067,0.0012532,0.001355,0.0012768,0.001178,0.0012489,0.0014444,0.0012836,0.0013359,0.001239,0.0012903,0.0012589,0.0012513,0.0014597,0.0014866,0.0013157,0.0013676,0.0012579,0.0013633,0.0012016,0.001325,0.00126,0.0014363,0.0012424,0.0013752,0.001281,0.0012377,0.0013441,0.0012557,0.0012952,0.001267,0.0012667,0.0014263,0.0014176,0.001267,0.0014343,0.0013844,0.0011623,0.0012676,0.0011169,0.0013331,0.0012668,0.0013082,0.0012019,0.0013499,0.0013123,0.0012484,0.0012231,0.0012042,0.0011806,0.0012232,0.0014483,0.0011378,0.0012151,0.0013212,0.0014257,0.0014776,0.0012691,0.0013214,0.001328,0.0014575,0.0012862,0.0011965,0.0011665,0.0014942,0.0012337,0.0012916,0.0013925,0.0011616,0.0014181,0.0012654,0.0013239,0.0013327,0.001389,0.0011811,0.0014306,0.0013017,0.0011836,0.0012096,0.0012942,0.001387,0.0011161,0.0013474,0.0014165,0.0013772,0.0013484,0.001359,0.0011691,0.0011843,0.0014018,0.0014351,0.0012724,0.001415,0.0014474,0.0012966,0.0012105,0.0011837,0.0013238,0.0012226,0.0013321,0.001381,0.001226,0.0012881,0.0013932,0.0011134,0.0012705,0.0015585,0.0012115,0.0010622,0.0013837,0.0012858,0.0014099,0.0013333,0.0014198,0.0011822,0.0011835,0.0011139,0.0012239,0.0012189,0.0012105,0.0011149,0.0013123,0.0014036,0.0011924,0.0012335,0.0011743,0.0013814,0.0013134,0.0012332,0.0012177,0.0012631,0.0012453,0.0012106,0.0014152,0.0012247,0.0013864,0.0013359,0.0012524,0.0013889,0.0013062,0.0013605,0.0012276,0.0012424,0.0013331,0.0013355,0.0013151,0.0013351,0.0012891,0.0014235,0.0013205,0.0013117,0.001261,0.0012824,0.0013374,0.0012426,0.0012748,0.0012469,0.0013254,0.0012392,0.0014338,0.0012704,0.0013135,0.0013204,0.0013012,0.001269,0.0012525,0.0011473,0.001257,0.001417,0.0012639,0.0012491,0.0013565,0.0012344,0.0013409,0.0013045,0.0012868,0.0012998,0.001281,0.0014097,0.0011641,0.0013027,0.0011726,0.0012781,0.0013397,0.001242,0.0011613,0.0012331,0.0013647,0.0011459,0.0013672,0.0012016,0.0011626,0.0012994,0.0011224,0.0012519,0.0012652,0.001144,0.0012707,0.0013009,0.001099,0.001233,0.0013122,0.0012913,0.0011668,0.0013722,0.0012036,0.0012735,0.0011742,0.0010002,0.0012343,0.001293,0.0011111,0.0011335,0.0011253,0.0014232,0.0012856,0.0012648,0.0010431,0.001011,0.0010548,0.0010662,0.0013455,0.0011847,0.0010735,0.0011974,0.0010675,0.0010295,0.00095779,0.00097062,0.0011445,0.0011623,0.0012348,0.0011988,1074300.0,1105700.0,792270.0,4276700.0,2284500.0,1150800.0,5856800.0,1513400.0,1879800.0,3242500.0,2966100.0,734830.0,5652900.0,1298400.0,4052200.0,2459600.0,5070500.0,4091400.0,1340500.0,3371900.0,2502600.0,3347400.0,11704000.0,958350.0,6311800.0,749460.0,9101500.0,1591900.0,1841400.0,815570.0,3232100.0,1680500.0,5814300.0,23940000.0,2520900.0,2724900.0,4347000.0,1235900.0,1513400.0,1646200.0,2062700.0,1057700.0,2058300.0,1019200.0,7475600.0,2433400.0,1825600.0,1494000.0,2274900.0,15971000.0,952090.0,7278300.0,3995200.0,706940.0,3910700.0,1079100.0,2657700.0,17679000.0,32102000.0,2373200.0,1720700.0,1532600.0,2840700.0,1036400.0,1926200.0,3409900.0,803840.0,2871900.0,1940600.0,3915400.0,2755300.0,1446400.0,1119200.0,15048000.0,5077600.0,1340600.0,3613400.0,1673300.0,965090.0,2573300.0,3702600.0,1313000.0,893150.0,2116300.0,873820.0,1861100.0,2850800.0,4950200.0,4191200.0,2338500.0,5694300.0,1300700.0,9352900.0,4677300.0,1017700.0,1694700.0,903640.0,1769700.0,3509900.0,9918500.0,1730700.0,16523000.0,1417300.0,9919600.0,1633600.0,3256300.0,1272900.0,1628100.0,12535000.0,5115100.0,2157200.0,3869300.0,2389200.0,1225800.0,656170.0,3373000.0,11659000.0,2413800.0,1291100.0,778800.0,1922000.0,735100.0,1193700.0,2218700.0,8786700.0,4156700.0,2627900.0,3087700.0,2361300.0,1498700.0,773560.0,10411000.0,2404500.0,3548600.0,2073400.0,1371700.0,1031900.0,2014200.0,1052000.0,2853800.0,3921600.0,1159600.0,1477000.0,2103000.0,1521000.0,2210500.0,2422200.0,877170.0,6912100.0,1513500.0,9390500.0,6180200.0,809830.0,10291000.0,814480.0,1274500.0,19279000.0,683650.0,12167000.0,721740.0,5575100.0,3693400.0,3817200.0,2647300.0,5252900.0,4116200.0,4227600.0,964530.0,4135000.0,1638700.0,6369200.0,1506700.0,7610900.0,1080700.0,744550.0,4005200.0,2996600.0,1988300.0,8411500.0,2288700.0,948280.0,1205600.0,3671000.0,3568300.0,1940100.0,1475700.0,747540.0,6807100.0,5275200.0,2336700.0,637470.0,17726000.0,3323000.0,5257900.0,1142200.0,18258000.0,5431600.0,1100100.0,8580600.0,1353300.0,1434500.0,3992400.0,5297000.0,799330.0,1639500.0,973680.0,1778500.0,1568200.0,1456500.0,7851700.0,2342100.0,1425100.0,12280000.0,2793800.0,1238000.0,1263500.0,3260300.0,951930.0,4669600.0,1133200.0,1854600.0,8075300.0,4435100.0,696550.0,1421900.0,10018000.0,5258300.0,5069200.0,15394000.0,3001700.0,1931800.0,2342400.0,2994600.0,3189800.0,1882600.0,1749500.0,2275100.0,1499400.0,7215800.0,652060.0,3656200.0,8296200.0,8910100.0,1863600.0,5378600.0,4029700.0,5011000.0,864140.0,1139900.0,5361500.0,1551600.0,6587500.0,3485200.0,7122400.0,1970700.0,1638700.0,1591200.0,1087700.0,1106100.0,2208100.0,945990.0,5091800.0,3371700.0,4404800.0,3356800.0,2894200.0,2745600.0,15584000.0,14989000.0,6042000.0,4601000.0,2807600.0,6148400.0,3762100.0,1781300.0,2740300.0,1353800.0,4824200.0,3044800.0,1.5246,1.8374,4.1745,2.2266,2.4648,3.666,1.2784,2.2254,4.2225,1.2314,1.9874,4.2328,2.4995,2.6634,4.3039,0.85649,2.0616,4.2167,1.5232,2.4832,3.8934,3.0071,2.8392,5.8165,1.2296,1.9895,4.2333,1.7471,1.719,4.2482,1.277,2.227,4.2242,0.85665,2.0612,4.2156,2.8906,2.8359,4.5099,5.7121,2.7772,1.4704,1.2341,2.8453,3.6182,0.95614,2.1452,3.0235,2.4846,2.0509,4.4447,1.4726,1.678,3.9045,0.65926,2.5701,3.8856,2.0033,1.7634,3.4731,1.073,2.4472,3.0557,0.27575,2.2847,3.5653,1.7871,1.6717,3.387,2.146,2.8252,4.45,1.789,1.6684,3.3893,1.4792,1.6753,3.9065,0.39497,2.1326,3.2048,2.034,2.3541,4.3857,1.4745,1.6657,3.1999,0.83356,1.8726,2.775,3.0101,2.8415,5.816,2.0043,1.7602,3.474,1.0043,2.7158,2.8792,1.8155,2.5895,4.0007,0.63247,1.8676,2.7977,1.0715,2.446,3.0522,1.898,1.9147,4.4927,1.6818,1.6961,3.8956,0.51059,2.2006,3.7458,1.1952,2.419,3.7877,1.0067,2.059,3.2722,2.5447,2.2966,4.288,2.0662,2.1476,4.6747,1.4792,1.676,3.91,1.8963,1.918,4.4925,1.4893,2.1697,3.2678,0.82432,2.0796,3.1886,2.4189,2.3714,4.3135,1.9487,2.6019,4.8938,1.9412,2.5958,4.8837,2.545,2.2967,4.2864,1.2876,2.4867,3.9474,1.6881,2.2323,4.294,2.077,3.0632,4.0196,0.50184,2.4689,2.4744,1.5413,2.0539,4.6056,2.0782,3.0667,4.0247,0.39125,2.3733,3.4389,1.6622,1.6321,4.083,0.7114,2.023,3.0992,2.2434,2.2418,4.6458,0.62192,2.6166,2.9952,1.0041,2.0645,3.2727,0.13139,2.8904,1.9739,1.9948,1.9869,4.5865,2.5446,2.2979,4.2881,2.6732,2.3387,5.2015,2.1504,2.8242,4.4515,1.0807,1.8518,3.9448,4.6173,2.9991,0.50785,0.88693,2.1186,3.0555,1.3085,2.1009,4.2639,1.0578,2.0888,3.4944,2.3156,2.7556,4.5866,1.6988,1.6012,4.1586,1.141,2.5584,3.0639,0.74834,2.4254,3.7693,2.0555,1.9288,3.7395,1.5974,2.4384,3.4691,1.6588,2.5231,3.607,1.6569,1.6806,4.2506,2.113,2.8113,4.5913,2.1186,2.8113,4.5942,3.3501,2.7832,6.1114,1.6996,1.6019,4.1599,1.7035,2.0046,3.4522,2.1363,2.9392,4.9325,1.1432,2.5585,3.0674,2.6399,2.4463,4.9909,1.0205,2.6039,4.0664,1.6001,2.4372,3.47,1.1838,1.7987,4.1027,1.6618,1.632,4.0847,1.703,2.0037,3.4515,0.27493,2.9471,3.3224,2.8718,2.2922,4.5613,1.32,1.9514,4.2065,1.2435,2.6889,3.3171,1.4636,2.4587,3.3437,1.8375,1.9856,3.7252,1.9509,2.3369,3.9918,1.0977,2.2837,3.1902,2.5386,2.0494,5.151,1.238,2.6901,3.3104,1.4628,2.4604,3.3415,0.28338,2.9491,3.3308,0.67783,1.8062,2.9139,1.7011,2.0286,4.421,1.4691,1.8654,4.1191,5.5384,2.9016,1.851,0.81891,2.1232,2.7819,1.0184,2.605,4.0664,2.155,2.5249,3.6218,2.6419,2.4428,4.9915,2.8034,2.7042,4.5203,2.1604,2.5279,4.5351,2.3486,2.1029,4.1925,0.76543,1.99,3.3502,0.32669,2.474,2.8814,0.60228,2.141,3.7177,2.3885,2.5112,4.4313,0.74793,2.4628,2.8521,1.2564,1.5811,4.2884,1.7004,2.0053,3.4515,0.0097762,2.689,2.0504,3.2124,2.9396,6.2047,0.74467,2.4624,2.8503,1.6598,1.6344,4.0887,1.4945,1.8602,3.1835,0.74231,2.4632,2.847,2.1693,2.3477,4.9565,1.1418,2.5623,3.0685,1.007,1.9671,3.5053,0.53173,1.9789,3.2566,1.7,2.0061,3.4504,2.3885,2.0795,4.1945,2.1412,2.1542,4.9775,1.2913,1.7547,3.7995,0.68505,1.9765,2.7561,2.1403,2.1532,4.9788,2.3162,2.1852,4.4592,1.5661,2.2889,3.9628,4.1946,3.0093,0.12862,1.9541,2.3379,3.9951,0.83647,1.9647,4.1174,1.1721,2.5723,4.2134,3.5119,2.8539,6.0758,1.5344,1.6163,3.2857,0.32279,2.2986,3.4115,5.1348,2.9914,1.0725,0.55206,2.7853,3.2491,1.2616,2.5068,2.9762,2.1434,2.1526,4.9802,1.4753,2.0948,4.3494,1.5275,1.6216,3.2874,1.3793,2.9296,3.3614,0.45238,2.4487,2.7179,0.92284,2.4543,2.9986,0.22142,2.6185,3.341,1.6134,2.2564,4.1255,0.44462,2.4468,2.7112,1.0483,2.1698,3.6604,1.3926,1.808,4.2932,0.32288,2.2996,3.4101,1.5307,1.6167,3.2861,0.44924,2.4489,2.7156,2.9764,2.87,5.8951,2.0064,2.5995,4.0356,1.9709,2.178,4.5868,2.6323,2.7739,5.2751,1.8859,1.9665,3.9034,1.2961,1.8184,3.6884,2.146,2.154,4.9812,1.4053,2.6583,4.0098,1.0952,3.0845,2.9368,4.6872,2.9863,0.41224,1.2546,2.6848,4.3301,1.9025,1.9584,3.8846,1.243,2.636,2.8613,0.35198,2.7747,2.9442,0.94056,2.8893,4.1327,0.5672,2.5201,2.5776,0.70031,1.9314,2.9922,0.54625,2.3962,3.4297,1.5705,2.1755,4.2283,1.2521,2.6866,4.3324,0.63662,1.9482,3.119,1.9793,1.8969,3.8176,1.1958,1.8474,3.6449,2.4676,2.7223,4.9886,1.3794,1.522,4.1739,1.3892,2.1553,3.1768,0.63928,1.9486,3.1179,0.46575,2.4478,2.5681,1.6178,2.2546,4.1276,2.4623,2.7221,4.9879,0.63588,1.9495,3.1162,1.5655,1.7134,3.3266,0.53002,3.0381,2.4426,0.57071,2.5204,2.5815,2.9104,2.744,5.8879,6.1725,2.8628,2.5372,4.6692,2.9889,0.39128,2.3498,2.4084,3.7572,0.86294,3.0824,3.6467,1.4374,2.2562,3.564,0.82051,3.0806,3.6033,2.3693,2.2376,3.8107,1.1959,1.8485,3.6442,2.4263,2.3368,4.5591,2.584,2.6266,4.031,1.2589,2.6855,4.3353,1.8876,1.9653,3.9053,1.1232,2.7981,3.6493,2.452,2.4843,5.0942,1.6031,2.6237,3.2977,2.169,2.1876,4.1008,0.78939,1.9036,3.3726,2.3515,2.4097,3.7561,2.3509,2.4114,3.7569,2.1845,1.8867,4.9017,2.6476,2.2911,4.7939,2.3675,2.239,3.811,1.3824,1.5864,3.8356,2.4679,2.7196,4.9928,1.8877,1.9652,3.906,0.78045,2.142,3.9615,1.6019,1.8356,4.2603,2.4646,2.7213,4.9904,1.4452,2.39,3.26,5.9246,2.8795,2.2026,1.8601,1.8001,3.4752,1.9784,3.0253,4.3015,2.0137,1.9499,4.7522,1.0985,2.58,4.2716,1.882,2.1502,4.8615,1.6144,1.8051,3.9662,1.6045,2.0098,3.3934,1.0103,2.7782,3.5605,0.90858,2.8341,3.805,1.3794,2.3902,3.8436,1.1221,2.7981,3.6483,1.8375,1.8002,4.0941,0.90838,2.4614,2.7722,1.9078,2.0692,4.3846,0.068174,2.7972,2.8351,1.0864,1.9606,4.2621,0.94595,2.3372,3.0078,1.6321,2.3958,4.5865,0.97988,2.0889,2.8334,0.74496,1.9997,2.743,1.6142,1.8045,3.9681,0.91249,2.4605,2.7743,1.3809,1.5869,3.8363,2.7728,2.5908,4.638,1.084,2.138,3.6279,1.1202,2.8006,3.6488,1.9764,1.9874,4.4761,1.0842,1.9623,4.2597,1.8538,1.6501,3.4496,1.6629,2.4801,3.9986,2.1134,2.5551,4.9222,2.1545,2.38,3.7095,1.1863,3.0746,3.419,1.4455,1.4651,4.2339,0.61781,2.9996,3.6115,1.6256,1.7528,4.2346,0.74598,1.9979,2.7428,0.6868,2.1948,3.9454,2.6885,2.6025,4.5376,1.9914,2.128,3.4393,1.3824,2.9236,3.5376,1.0819,2.1919,3.6359,2.5312,1.9992,4.4682,1.4918,1.735,4.4227,1.6104,2.5926,3.5818,2.0629,2.2868,4.0711,2.7125,2.3739,5.0116,0.44378,2.531,2.9554
0.0051342,0.0076121,0.0010527,200.47,200.93,199.71,0.0011548,0.0012609,0.00097999,193.32,200.51,199.9,188.67,186.3,205.3,216.98,205.13,214.78,194.85,214.22,235.59,193.53,193.07,200.81,208.72,201.4,197.42,167.98,186.83,235.08,190.88,172.54,205.0,176.1,211.34,201.25,237.61,146.96,211.24,189.82,199.96,165.79,219.35,217.62,252.47,206.41,174.11,209.23,244.93,229.01,164.84,235.84,167.32,209.67,194.08,226.57,216.98,240.1,214.34,220.87,193.12,231.27,236.1,221.84,188.57,223.99,194.27,176.86,253.91,220.38,212.37,220.55,173.53,197.27,180.91,196.34,180.26,250.94,196.51,193.39,198.94,206.99,211.58,182.3,183.36,213.37,201.44,223.27,214.58,198.23,222.41,228.49,183.55,224.05,146.1,222.06,182.6,206.18,188.55,219.13,217.12,188.75,185.92,186.7,175.24,208.83,240.45,169.58,193.01,221.25,234.93,238.37,207.45,196.18,210.38,265.36,198.81,170.74,203.04,220.06,177.89,195.94,218.33,146.14,231.37,200.84,220.15,224.97,225.34,153.66,213.9,229.84,162.95,188.14,192.81,220.23,154.96,213.4,220.09,213.05,203.95,233.5,191.24,184.37,229.27,210.53,204.97,231.96,214.75,211.08,179.85,222.14,220.43,181.83,191.49,266.04,182.33,193.0,244.56,178.71,186.36,242.88,190.67,129.75,246.07,218.16,224.24,194.07,240.13,190.08,188.0,158.92,176.43,180.61,198.84,160.49,213.1,223.82,181.11,201.31,212.9,218.18,190.17,206.07,190.97,183.25,189.99,186.39,261.81,192.64,232.71,240.93,194.43,221.2,188.95,242.74,194.98,192.43,227.01,244.29,198.32,221.71,203.96,171.73,225.36,204.92,196.99,196.57,212.14,183.02,210.25,197.54,204.8,202.46,176.7,200.3,189.47,228.14,224.16,196.68,185.74,167.24,208.14,231.94,171.05,186.16,248.35,190.89,201.19,213.91,202.37,209.08,224.65,235.59,173.11,207.51,178.11,220.53,200.5,226.61,168.53,221.83,219.91,165.29,234.53,201.84,145.73,217.25,174.27,197.4,210.07,169.13,199.12,218.07,187.59,206.56,212.64,199.14,177.02,220.64,195.29,200.04,195.86,163.84,235.97,235.07,191.94,170.51,194.86,250.31,205.42,213.55,203.61,153.0,156.97,189.7,225.21,198.06,200.37,202.39,201.84,179.83,169.78,174.61,217.24,208.74,218.41,215.42,0.00095896,0.0010979,0.0010624,0.0010719,0.0010131,0.0011474,0.00119,0.001027,0.0011647,0.0010247,0.0011852,0.0013106,0.0011246,0.00107,0.001062,0.001276,0.0011613,0.0011323,0.0010949,0.0011566,0.0014143,0.0012577,0.0011047,0.0013551,0.0012066,0.0012749,0.0011473,0.0013999,0.0010663,0.0014254,0.0011445,0.0012383,0.001152,0.0012671,0.0013218,0.0015096,0.0012401,0.0012301,0.001307,0.0013525,0.0012605,0.0010268,0.0014689,0.00116,0.001232,0.0012221,0.001333,0.0012679,0.0013728,0.0012923,0.0011838,0.0012596,0.0014569,0.0012923,0.0013512,0.0012562,0.0013051,0.0012674,0.0012581,0.0014887,0.0015022,0.001336,0.0013803,0.0012686,0.0013772,0.0012075,0.0013407,0.0012834,0.0014612,0.0012568,0.0013897,0.0013102,0.0012511,0.0013694,0.0012638,0.0013024,0.0012848,0.0012812,0.0014559,0.0014381,0.0012726,0.0014596,0.0014071,0.0011685,0.0012787,0.0011208,0.0013494,0.0012783,0.0013268,0.0012159,0.0013779,0.0013249,0.0012554,0.0012334,0.0011982,0.0011779,0.0012324,0.0014759,0.0011467,0.0012271,0.001339,0.0014422,0.0015036,0.0012795,0.0013433,0.0013366,0.001494,0.0012959,0.0011987,0.0011842,0.00151,0.0012452,0.0013101,0.0014122,0.0011642,0.0014378,0.0012817,0.0013548,0.0013647,0.0014124,0.0011795,0.0014567,0.0013219,0.0011883,0.0012195,0.0013046,0.0014026,0.0011162,0.0013625,0.0014276,0.0013912,0.001363,0.0013786,0.0011768,0.0011914,0.0014243,0.0014551,0.001285,0.0014414,0.0014686,0.0013208,0.0012213,0.001215,0.0013424,0.001243,0.0013518,0.0014113,0.0012182,0.0012977,0.0014181,0.0011186,0.0012866,0.0015804,0.0012212,0.0010495,0.001402,0.0013071,0.0014309,0.0013437,0.0014343,0.0011982,0.0011991,0.0011147,0.0012291,0.0012159,0.0012217,0.0011164,0.0013389,0.0014245,0.0012117,0.0012452,0.0011776,0.0014001,0.0013301,0.0012442,0.0012279,0.0012766,0.0012603,0.0012196,0.0014423,0.0012248,0.0014082,0.0013559,0.0012655,0.0014024,0.0013176,0.0013846,0.0012409,0.0012548,0.0013572,0.0013501,0.0013281,0.0013493,0.0013093,0.0014319,0.0013455,0.0013295,0.0012657,0.0012938,0.0013481,0.0012452,0.0012931,0.0012606,0.0013361,0.0012451,0.0014381,0.0012843,0.0013208,0.0013431,0.0013138,0.001276,0.001261,0.0011528,0.0012702,0.0014402,0.0012704,0.0012593,0.0013983,0.0012427,0.0013522,0.0013242,0.0012963,0.0013085,0.0012899,0.0014305,0.0011708,0.0013176,0.0011748,0.001299,0.0013591,0.0012676,0.0011636,0.0012494,0.0013777,0.0011567,0.0013968,0.0012059,0.0011581,0.0013121,0.00112,0.0012665,0.0012733,0.0011418,0.0012937,0.0013135,0.0010994,0.0012313,0.0013022,0.0012966,0.0011692,0.0013848,0.0012076,0.001272,0.0011616,0.0009793,0.0012523,0.0012948,0.0011056,0.0011203,0.0011133,0.0014264,0.0012971,0.0012832,0.0010237,0.00097318,0.0010334,0.0010462,0.0013557,0.0011934,0.0010507,0.0011915,0.0010479,0.0010133,0.00092261,0.00093753,0.0011374,0.0011688,0.0012465,0.0012037,1074300.0,1105700.0,792270.0,4276700.0,2284500.0,1150800.0,5856800.0,1513400.0,1879800.0,3242500.0,2966100.0,734830.0,5652900.0,1298400.0,4052200.0,2459600.0,5070500.0,4091400.0,1340500.0,3371900.0,2502600.0,3347400.0,11704000.0,958350.0,6311800.0,749460.0,9101500.0,1591900.0,1841400.0,815570.0,3232100.0,1680500.0,5814300.0,23940000.0,2520900.0,2724900.0,4347000.0,1235900.0,1513400.0,1646200.0,2062700.0,1057700.0,2058300.0,1019200.0,7475600.0,2433400.0,1825600.0,1494000.0,2274900.0,15971000.0,952090.0,7278300.0,3995200.0,706940.0,3910700.0,1079100.0,2657700.0,17679000.0,32102000.0,2373200.0,1720700.0,1532600.0,2840700.0,1036400.0,1926200.0,3409900.0,803840.0,2871900.0,1940600.0,3915400.0,2755300.0,1446400.0,1119200.0,15048000.0,5077600.0,1340600.0,3613400.0,1673300.0,965090.0,2573300.0,3702600.0,1313000.0,893150.0,2116300.0,873820.0,1861100.0,2850800.0,4950200.0,4191200.0,2338500.0,5694300.0,1300700.0,9352900.0,4677300.0,1017700.0,1694700.0,903640.0,1769700.0,3509900.0,9918500.0,1730700.0,16523000.0,1417300.0,9919600.0,1633600.0,3256300.0,1272900.0,1628100.0,12535000.0,5115100.0,2157200.0,3869300.0,2389200.0,1225800.0,656170.0,3373000.0,11659000.0,2413800.0,1291100.0,778800.0,1922000.0,735100.0,1193700.0,2218700.0,8786700.0,4156700.0,2627900.0,3087700.0,2361300.0,1498700.0,773560.0,10411000.0,2404500.0,3548600.0,2073400.0,1371700.0,1031900.0,2014200.0,1052000.0,2853800.0,3921600.0,1159600.0,1477000.0,2103000.0,1521000.0,2210500.0,2422200.0,877170.0,6912100.0,1513500.0,9390500.0,6180200.0,809830.0,10291000.0,814480.0,1274500.0,19279000.0,683650.0,12167000.0,721740.0,5575100.0,3693400.0,3817200.0,2647300.0,5252900.0,4116200.0,4227600.0,964530.0,4135000.0,1638700.0,6369200.0,1506700.0,7610900.0,1080700.0,744550.0,4005200.0,2996600.0,1988300.0,8411500.0,2288700.0,948280.0,1205600.0,3671000.0,3568300.0,1940100.0,1475700.0,747540.0,6807100.0,5275200.0,2336700.0,637470.0,17726000.0,3323000.0,5257900.0,1142200.0,18258000.0,5431600.0,1100100.0,8580600.0,1353300.0,1434500.0,3992400.0,5297000.0,799330.0,1639500.0,973680.0,1778500.0,1568200.0,1456500.0,7851700.0,2342100.0,1425100.0,12280000.0,2793800.0,1238000.0,1263500.0,3260300.0,951930.0,4669600.0,1133200.0,1854600.0,8075300.0,4435100.0,696550.0,1421900.0,10018000.0,5258300.0,5069200.0,15394000.0,3001700.0,1931800.0,2342400.0,2994600.0,3189800.0,1882600.0,1749500.0,2275100.0,1499400.0,7215800.0,652060.0,3656200.0,8296200.0,8910100.0,1863600.0,5378600.0,4029700.0,5011000.0,864140.0,1139900.0,5361500.0,1551600.0,6587500.0,3485200.0,7122400.0,1970700.0,1638700.0,1591200.0,1087700.0,1106100.0,2208100.0,945990.0,5091800.0,3371700.0,4404800.0,3356800.0,2894200.0,2745600.0,15584000.0,14989000.0,6042000.0,4601000.0,2807600.0,6148400.0,3762100.0,1781300.0,2740300.0,1353800.0,4824200.0,3044800.0,1.5248,1.8377,4.1744,2.2268,2.465,3.666,1.2784,2.2255,4.2225,1.2312,1.9875,4.2327,2.4994,2.6635,4.3042,0.85527,2.0616,4.2167,1.5251,2.4839,3.8932,3.0086,2.8394,5.8181,1.2293,1.9901,4.233,1.7467,1.719,4.2482,1.277,2.2273,4.2246,0.85529,2.0609,4.2154,2.8918,2.8361,4.5123,5.7107,2.777,1.4693,1.2342,2.8451,3.6183,0.95487,2.1455,3.0231,2.4855,2.0519,4.4456,1.4726,1.6783,3.9044,0.65931,2.5713,3.8852,2.002,1.7644,3.4737,1.0747,2.4465,3.0581,0.27716,2.2849,3.5647,1.7877,1.6712,3.3871,2.144,2.8238,4.4464,1.7904,1.668,3.389,1.4809,1.675,3.9073,0.39406,2.1332,3.2038,2.0343,2.3553,4.3871,1.4747,1.6664,3.2006,0.8344,1.8738,2.7746,3.0132,2.8415,5.8189,2.0031,1.7608,3.4744,1.0024,2.7159,2.8796,1.814,2.5896,4.0008,0.63361,1.8683,2.7967,1.0722,2.4456,3.0535,1.8984,1.915,4.4927,1.6839,1.6954,3.8955,0.51141,2.2004,3.7468,1.1967,2.4209,3.7881,1.0066,2.0602,3.2713,2.545,2.2972,4.2889,2.0653,2.1489,4.6756,1.48,1.6758,3.9102,1.896,1.919,4.4924,1.4886,2.1701,3.2676,0.82487,2.0817,3.1871,2.4197,2.3725,4.3146,1.9492,2.6011,4.8932,1.9413,2.5962,4.8831,2.5452,2.2972,4.2869,1.2873,2.4874,3.9466,1.6898,2.2334,4.2951,2.0858,3.0624,4.027,0.50352,2.4682,2.4759,1.5396,2.0534,4.6054,2.0763,3.0662,4.0216,0.389,2.3737,3.4377,1.6629,1.6319,4.083,0.71267,2.0254,3.0985,2.2433,2.2437,4.6467,0.62154,2.6137,2.9969,1.0023,2.0675,3.272,0.12974,2.8906,1.9702,1.9951,1.9894,4.5866,2.5445,2.2992,4.2876,2.6687,2.3382,5.2011,2.1478,2.8226,4.447,1.0816,1.8519,3.9456,4.6173,2.9975,0.51,0.88568,2.1202,3.0546,1.3107,2.1009,4.264,1.0597,2.0904,3.495,2.3117,2.7546,4.5825,1.6974,1.6011,4.1583,1.1415,2.5577,3.0639,0.74839,2.4259,3.7688,2.0575,1.9274,3.7384,1.5954,2.4396,3.4693,1.6558,2.525,3.6064,1.6545,1.6803,4.2513,2.1101,2.8097,4.5893,2.1183,2.8095,4.5951,3.3493,2.7839,6.1103,1.6997,1.6024,4.1605,1.7053,2.0036,3.4511,2.1393,2.94,4.9369,1.1443,2.5581,3.0678,2.6399,2.4458,4.9908,1.019,2.6049,4.0674,1.5985,2.4381,3.4709,1.1818,1.801,4.1023,1.6625,1.6316,4.0846,1.7044,2.0021,3.4507,0.26399,2.9466,3.3125,2.8736,2.2918,4.5621,1.322,1.9517,4.2081,1.2428,2.6874,3.3176,1.4634,2.4584,3.3444,1.8353,1.9846,3.7241,1.9507,2.3386,3.9921,1.0977,2.2847,3.1906,2.5372,2.0482,5.1522,1.2354,2.69,3.31,1.4624,2.4606,3.3419,0.27928,2.9505,3.3266,0.67807,1.8067,2.9122,1.7007,2.0285,4.4221,1.4701,1.8654,4.12,5.5355,2.9014,1.8488,0.81853,2.1241,2.7838,1.0152,2.6062,4.0665,2.1584,2.5255,3.6226,2.6419,2.4411,4.9903,2.8059,2.7026,4.5208,2.1566,2.5252,4.5338,2.3483,2.1037,4.1921,0.76507,1.9917,3.35,0.33006,2.4731,2.8843,0.60088,2.1416,3.7205,2.3902,2.5107,4.433,0.75041,2.4606,2.8549,1.2568,1.5808,4.2893,1.6996,2.0049,3.4517,0.014121,2.6886,2.0522,3.2176,2.9403,6.2112,0.74803,2.4594,2.8534,1.6595,1.6348,4.0889,1.4954,1.8579,3.1839,0.74396,2.4613,2.8481,2.1696,2.3475,4.9562,1.1421,2.562,3.0698,1.0115,1.9706,3.5067,0.53084,1.9794,3.2568,1.7003,2.0052,3.45,2.3903,2.0796,4.193,2.1414,2.1542,4.977,1.2922,1.7542,3.7999,0.68662,1.9766,2.7563,2.1403,2.1531,4.9786,2.3147,2.1862,4.46,1.5653,2.2905,3.9629,4.1951,3.0084,0.12911,1.9534,2.3398,3.9951,0.8345,1.9651,4.1173,1.172,2.5734,4.2135,3.5113,2.8534,6.0765,1.5365,1.6154,3.285,0.32114,2.2997,3.4118,5.1336,2.9911,1.0686,0.55049,2.7856,3.2487,1.2602,2.5073,2.9767,2.1453,2.1519,4.979,1.4768,2.0945,4.35,1.5291,1.6215,3.2884,1.3799,2.9289,3.3587,0.45633,2.4473,2.7203,0.92124,2.4542,2.9982,0.22109,2.6189,3.341,1.6151,2.258,4.1268,0.44683,2.446,2.7125,1.048,2.1716,3.6598,1.3911,1.8076,4.2935,0.3212,2.3006,3.4104,1.5322,1.6161,3.2858,0.45343,2.4474,2.7178,2.9777,2.8699,5.8978,2.0042,2.5991,4.0351,1.9723,2.1791,4.5872,2.6281,2.7729,5.2736,1.8833,1.9663,3.9023,1.2977,1.8183,3.6892,2.1489,2.1536,4.9813,1.4073,2.6571,4.0097,1.0802,3.0834,2.9203,4.683,2.9853,0.40843,1.2544,2.6861,4.3286,1.9023,1.958,3.8847,1.2425,2.636,2.8608,0.35093,2.7754,2.9443,0.94283,2.8893,4.1342,0.56566,2.5195,2.5777,0.70137,1.9324,2.9903,0.54592,2.3976,3.429,1.5728,2.1759,4.2298,1.2515,2.6882,4.3323,0.63669,1.9492,3.1178,1.9802,1.8957,3.8164,1.1976,1.8474,3.6456,2.4656,2.7211,4.9862,1.3808,1.5228,4.1744,1.3879,2.1548,3.1774,0.64024,1.9503,3.1162,0.47064,2.4455,2.5701,1.6216,2.257,4.1284,2.4586,2.7206,4.9862,0.63519,1.9512,3.1143,1.567,1.7132,3.3264,0.539,3.0373,2.4489,0.57044,2.5201,2.5821,2.9154,2.7441,5.8912,6.1731,2.8629,2.5377,4.6603,2.9881,0.38207,2.3505,2.4072,3.7572,0.87384,3.0823,3.6599,1.4347,2.2595,3.5626,0.81166,3.081,3.5961,2.3696,2.2371,3.81,1.1987,1.8486,3.6451,2.4261,2.3366,4.5599,2.5844,2.6274,4.0329,1.2592,2.6861,4.3354,1.8855,1.9651,3.9045,1.1244,2.7976,3.651,2.4503,2.4825,5.0921,1.6005,2.6241,3.298,2.1693,2.1883,4.1003,0.79109,1.9049,3.3729,2.3535,2.4091,3.7571,2.3511,2.4108,3.7566,2.1855,1.8881,4.9033,2.6481,2.2911,4.7942,2.3677,2.239,3.8108,1.3832,1.5867,3.8365,2.4662,2.7181,4.9918,1.886,1.9648,3.9054,0.78088,2.1419,3.964,1.6022,1.8355,4.2612,2.4617,2.7192,4.9892,1.4457,2.39,3.26,5.9242,2.879,2.202,1.8602,1.7994,3.4761,1.9791,3.0244,4.3011,2.0145,1.9501,4.7533,1.0993,2.5804,4.2728,1.8831,2.15,4.8626,1.6152,1.8048,3.9659,1.6046,2.0097,3.3929,1.0124,2.7774,3.5631,0.9104,2.8344,3.8056,1.3822,2.392,3.8446,1.1232,2.7968,3.6496,1.8365,1.7999,4.094,0.90556,2.4613,2.7727,1.9065,2.0699,4.3847,0.069062,2.7971,2.8373,1.0861,1.9603,4.263,0.94651,2.3365,3.0089,1.6318,2.396,4.5863,0.98037,2.0888,2.8334,0.74537,1.9999,2.7421,1.615,1.8041,3.9678,0.91246,2.4602,2.776,1.3803,1.5869,3.8364,2.7728,2.591,4.6377,1.0836,2.1387,3.6281,1.1212,2.7998,3.6495,1.9766,1.9876,4.476,1.0835,1.9623,4.2595,1.8543,1.65,3.4494,1.6634,2.4803,3.9983,2.1154,2.555,4.9218,2.1532,2.3797,3.7081,1.1878,3.0742,3.4206,1.4451,1.4647,4.2342,0.61908,2.9993,3.6124,1.6259,1.7524,4.2346,0.74657,1.998,2.7424,0.68477,2.1952,3.9468,2.6875,2.6024,4.5372,1.9918,2.1276,3.4395,1.3826,2.9231,3.5377,1.082,2.1923,3.6357,2.5314,1.9996,4.4683,1.4919,1.735,4.4226,1.6102,2.5924,3.5816,2.063,2.2869,4.071,2.7122,2.373,5.0107,0.44393,2.5306,2.9552
0.007712,0.011705,0.0011347,201.9,202.66,200.63,0.001162,0.0012679,0.00098759,196.9,201.9,201.15,190.28,186.99,202.8,219.3,206.47,217.09,195.26,217.65,236.42,195.98,193.72,200.41,206.34,202.91,198.93,169.01,187.27,238.33,192.2,173.13,206.8,177.21,214.52,202.62,239.64,145.18,212.63,190.9,202.66,166.12,220.86,219.99,256.2,207.49,174.94,211.36,247.8,233.53,162.16,239.26,167.96,211.27,195.0,228.84,220.49,243.63,217.54,222.59,194.23,233.54,237.93,224.55,190.96,226.68,195.68,178.2,258.31,221.87,215.58,222.45,174.09,198.95,181.8,198.04,181.56,254.26,198.54,194.71,202.0,208.76,214.21,183.82,182.86,216.57,202.72,226.63,216.55,200.74,224.57,231.57,185.33,227.62,145.33,224.89,183.25,208.02,190.8,221.43,220.07,190.68,187.21,188.15,175.86,210.86,244.25,170.31,194.92,224.35,236.94,241.74,209.58,198.19,213.01,270.24,201.03,171.09,206.71,221.24,178.45,198.28,220.13,146.11,234.32,202.98,223.54,229.17,228.08,153.16,216.45,234.73,162.56,189.31,194.44,222.14,155.77,215.88,221.71,215.01,205.42,236.17,192.93,186.0,232.61,212.21,207.22,234.59,217.24,213.95,180.72,227.63,223.07,183.49,192.72,270.25,181.06,194.78,246.99,180.36,187.18,246.22,191.99,128.69,248.42,221.21,227.37,195.72,243.43,191.69,189.38,159.51,177.25,180.86,200.73,161.23,216.76,226.27,183.44,202.94,215.34,220.05,190.27,208.74,192.7,184.84,191.1,187.67,265.37,193.59,236.06,244.58,196.63,223.02,190.64,247.2,197.2,193.62,230.1,249.82,199.68,223.39,206.11,172.42,228.74,206.61,198.67,198.32,214.14,185.16,212.51,199.56,207.32,204.11,177.63,203.54,189.53,231.64,226.74,198.86,186.64,167.53,209.25,235.97,172.03,186.92,253.87,191.9,201.91,216.35,203.52,210.39,228.79,237.92,173.31,209.48,179.31,223.82,200.86,229.91,169.0,224.51,222.71,165.38,239.28,202.9,146.41,219.59,174.48,198.36,212.3,169.41,201.17,219.97,189.65,207.62,213.66,201.83,176.84,221.94,196.64,199.29,197.59,163.67,240.81,236.54,193.9,167.81,195.59,252.51,206.79,216.08,204.98,150.19,156.63,192.33,227.21,199.8,203.41,203.41,201.61,180.69,167.61,176.39,219.99,211.48,220.78,217.0,0.00092472,0.001081,0.001053,0.0010603,0.00099183,0.0011316,0.0011856,0.00099637,0.0011464,0.00099683,0.0011856,0.0013088,0.0011187,0.0010571,0.0010417,0.0012614,0.0011627,0.0011186,0.0010932,0.0011557,0.0014224,0.0012649,0.0010954,0.0013646,0.0012128,0.0012842,0.001145,0.0014088,0.0010581,0.0014364,0.0011444,0.00125,0.0011564,0.0012687,0.001334,0.0015245,0.001243,0.0012356,0.0013145,0.0013643,0.0012757,0.0010167,0.001485,0.0011641,0.0012391,0.0012283,0.001349,0.0012777,0.0013858,0.0013034,0.0011857,0.0012662,0.0014682,0.0012996,0.0013643,0.0012692,0.0013164,0.0012766,0.0012665,0.0015089,0.0015157,0.0013513,0.0013903,0.0012779,0.0013879,0.0012135,0.0013504,0.0012978,0.0014775,0.0012664,0.0013987,0.0013266,0.0012606,0.0013853,0.0012733,0.0013075,0.0012973,0.0012915,0.0014732,0.0014501,0.0012814,0.0014761,0.0014224,0.0011737,0.0012894,0.0011259,0.0013631,0.0012864,0.0013383,0.0012274,0.0013936,0.0013371,0.0012641,0.0012417,0.0011998,0.0011819,0.0012415,0.001494,0.001156,0.0012372,0.001353,0.0014541,0.0015214,0.0012885,0.0013579,0.0013484,0.001516,0.0013055,0.0012042,0.0011986,0.0015212,0.001256,0.001325,0.0014252,0.0011724,0.0014521,0.0012941,0.0013758,0.0013861,0.001427,0.0011827,0.0014731,0.0013381,0.0011951,0.0012289,0.0013151,0.0014171,0.0011235,0.0013771,0.0014371,0.0014036,0.001373,0.001394,0.0011854,0.0011984,0.0014406,0.0014696,0.0012962,0.0014553,0.0014834,0.0013348,0.001231,0.0012369,0.0013573,0.001259,0.0013644,0.0014298,0.0012171,0.0013101,0.0014348,0.0011257,0.001297,0.0015995,0.0012298,0.0010469,0.0014139,0.0013232,0.0014446,0.0013563,0.0014451,0.0012092,0.0012113,0.0011178,0.0012355,0.0012179,0.0012305,0.0011219,0.0013563,0.0014387,0.0012255,0.0012553,0.0011831,0.0014132,0.0013394,0.0012557,0.0012363,0.0012879,0.0012709,0.0012264,0.0014586,0.0012303,0.0014224,0.0013711,0.0012772,0.0014143,0.0013285,0.0014026,0.0012522,0.0012638,0.0013731,0.0013646,0.0013387,0.0013608,0.0013234,0.0014436,0.0013617,0.001343,0.0012736,0.0013049,0.0013564,0.0012524,0.0013052,0.0012712,0.0013445,0.0012517,0.0014499,0.0012972,0.0013284,0.0013561,0.0013243,0.0012855,0.0012667,0.0011594,0.0012797,0.0014571,0.0012766,0.001267,0.0014225,0.0012483,0.0013599,0.0013381,0.0013037,0.0013155,0.0013005,0.0014421,0.0011769,0.0013297,0.0011796,0.0013132,0.0013684,0.0012823,0.0011674,0.0012621,0.0013891,0.0011606,0.001414,0.0012105,0.0011599,0.0013218,0.0011208,0.0012754,0.0012801,0.0011441,0.0013054,0.0013207,0.0010999,0.0012312,0.0012938,0.0012993,0.001172,0.0013911,0.0012111,0.0012706,0.0011572,0.00096547,0.0012633,0.0012937,0.0011042,0.0011094,0.0011051,0.0014278,0.0013041,0.0012933,0.0010076,0.00094382,0.0010187,0.001032,0.0013598,0.0012,0.0010317,0.0011844,0.0010292,0.001004,0.00089485,0.00091337,0.0011296,0.0011727,0.0012525,0.0012063,1074300.0,1105700.0,792270.0,4276700.0,2284500.0,1150800.0,5856800.0,1513400.0,1879800.0,3242500.0,2966100.0,734830.0,5652900.0,1298400.0,4052200.0,2459600.0,5070500.0,4091400.0,1340500.0,3371900.0,2502600.0,3347400.0,11704000.0,958350.0,6311800.0,749460.0,9101500.0,1591900.0,1841400.0,815570.0,3232100.0,1680500.0,5814300.0,23940000.0,2520900.0,2724900.0,4347000.0,1235900.0,1513400.0,1646200.0,2062700.0,1057700.0,2058300.0,1019200.0,7475600.0,2433400.0,1825600.0,1494000.0,2274900.0,15971000.0,952090.0,7278300.0,3995200.0,706940.0,3910700.0,1079100.0,2657700.0,17679000.0,32102000.0,2373200.0,1720700.0,1532600.0,2840700.0,1036400.0,1926200.0,3409900.0,803840.0,2871900.0,1940600.0,3915400.0,2755300.0,1446400.0,1119200.0,15048000.0,5077600.0,1340600.0,3613400.0,1673300.0,965090.0,2573300.0,3702600.0,1313000.0,893150.0,2116300.0,873820.0,1861100.0,2850800.0,4950200.0,4191200.0,2338500.0,5694300.0,1300700.0,9352900.0,4677300.0,1017700.0,1694700.0,903640.0,1769700.0,3509900.0,9918500.0,1730700.0,16523000.0,1417300.0,9919600.0,1633600.0,3256300.0,1272900.0,1628100.0,12535000.0,5115100.0,2157200.0,3869300.0,2389200.0,1225800.0,656170.0,3373000.0,11659000.0,2413800.0,1291100.0,778800.0,1922000.0,735100.0,1193700.0,2218700.0,8786700.0,4156700.0,2627900.0,3087700.0,2361300.0,1498700.0,773560.0,10411000.0,2404500.0,3548600.0,2073400.0,1371700.0,1031900.0,2014200.0,1052000.0,2853800.0,3921600.0,1159600.0,1477000.0,2103000.0,1521000.0,2210500.0,2422200.0,877170.0,6912100.0,1513500.0,9390500.0,6180200.0,809830.0,10291000.0,814480.0,1274500.0,19279000.0,683650.0,12167000.0,721740.0,5575100.0,3693400.0,3817200.0,2647300.0,5252900.0,4116200.0,4227600.0,964530.0,4135000.0,1638700.0,6369200.0,1506700.0,7610900.0,1080700.0,744550.0,4005200.0,2996600.0,1988300.0,8411500.0,2288700.0,948280.0,1205600.0,3671000.0,3568300.0,1940100.0,1475700.0,747540.0,6807100.0,5275200.0,2336700.0,637470.0,17726000.0,3323000.0,5257900.0,1142200.0,18258000.0,5431600.0,1100100.0,8580600.0,1353300.0,1434500.0,3992400.0,5297000.0,799330.0,1639500.0,973680.0,1778500.0,1568200.0,1456500.0,7851700.0,2342100.0,1425100.0,12280000.0,2793800.0,1238000.0,1263500.0,3260300.0,951930.0,4669600.0,1133200.0,1854600.0,8075300.0,4435100.0,696550.0,1421900.0,10018000.0,5258300.0,5069200.0,15394000.0,3001700.0,1931800.0,2342400.0,2994600.0,3189800.0,1882600.0,1749500.0,2275100.0,1499400.0,7215800.0,652060.0,3656200.0,8296200.0,8910100.0,1863600.0,5378600.0,4029700.0,5011000.0,864140.0,1139900.0,5361500.0,1551600.0,6587500.0,3485200.0,7122400.0,1970700.0,1638700.0,1591200.0,1087700.0,1106100.0,2208100.0,945990.0,5091800.0,3371700.0,4404800.0,3356800.0,2894200.0,2745600.0,15584000.0,14989000.0,6042000.0,4601000.0,2807600.0,6148400.0,3762100.0,1781300.0,2740300.0,1353800.0,4824200.0,3044800.0,1.5249,1.8381,4.1742,2.2269,2.4653,3.6659,1.2784,2.2258,4.2226,1.2308,1.9876,4.2324,2.4991,2.6635,4.3046,0.85351,2.0617,4.2167,1.5279,2.4849,3.893,3.0106,2.8396,5.82,1.2289,1.991,4.2324,1.7462,1.7191,4.2482,1.277,2.228,4.2253,0.85332,2.0606,4.2151,2.8934,2.8364,4.5159,5.7086,2.7767,1.4678,1.2343,2.8448,3.6183,0.95306,2.1459,3.0226,2.4869,2.0534,4.4471,1.4724,1.6786,3.9042,0.65944,2.5729,3.8848,2.0001,1.7657,3.4746,1.0773,2.4455,3.0616,0.27932,2.285,3.5639,1.7886,1.6706,3.3873,2.1411,2.8217,4.4411,1.7925,1.6674,3.3886,1.4836,1.6744,3.9085,0.39278,2.1343,3.2023,2.0347,2.357,4.3891,1.4748,1.6674,3.2016,0.83572,1.8756,2.774,3.0178,2.8416,5.823,2.0013,1.7618,3.475,0.99965,2.7161,2.8801,1.8118,2.5897,4.0009,0.63539,1.8692,2.7953,1.0734,2.4451,3.0553,1.8992,1.9154,4.4928,1.6872,1.6944,3.8954,0.51269,2.2001,3.7483,1.1989,2.4238,3.7887,1.0063,2.0619,3.2701,2.5454,2.298,4.29,2.0641,2.1507,4.6768,1.4811,1.6756,3.9106,1.8958,1.9203,4.4923,1.4876,2.1708,3.2672,0.82571,2.0847,3.185,2.4208,2.374,4.3161,1.95,2.5998,4.8924,1.9411,2.5967,4.8821,2.5454,2.2979,4.2876,1.2868,2.4883,3.9456,1.6922,2.2351,4.2967,2.0984,3.061,4.0376,0.50605,2.4671,2.4781,1.5369,2.0528,4.605,2.0733,3.0654,4.0169,0.38566,2.3742,3.4361,1.664,1.6317,4.083,0.71464,2.0289,3.0974,2.2433,2.2465,4.648,0.62093,2.6093,2.9994,0.9994,2.072,3.2709,0.12748,2.8909,1.9648,1.9956,1.9932,4.5867,2.5442,2.301,4.2869,2.662,2.3375,5.2004,2.144,2.82,4.4404,1.083,1.8521,3.9469,4.617,2.995,0.51283,0.88382,2.1225,3.0533,1.3139,2.1009,4.2641,1.0625,2.0929,3.4959,2.306,2.7531,4.5764,1.6954,1.6009,4.1579,1.1423,2.5568,3.0641,0.74854,2.4264,3.768,2.0606,1.9255,3.7368,1.5925,2.4414,3.4697,1.6515,2.5279,3.6055,1.6509,1.6798,4.2525,2.106,2.8074,4.5863,2.1178,2.8068,4.5964,3.3482,2.785,6.1087,1.7,1.603,4.1615,1.7079,2.0021,3.4496,2.1441,2.9412,4.9437,1.1459,2.5576,3.0685,2.6401,2.4451,4.9907,1.0167,2.6063,4.0692,1.5962,2.4394,3.4722,1.1787,1.8046,4.1017,1.6637,1.631,4.0845,1.7066,1.9999,3.4496,0.2478,2.9458,3.2979,2.8761,2.2911,4.5634,1.3249,1.9522,4.2106,1.2417,2.6851,3.3185,1.463,2.4578,3.3455,1.8321,1.9832,3.7224,1.9504,2.3411,3.9926,1.0977,2.2862,3.1912,2.5352,2.0465,5.1541,1.2316,2.6898,3.3094,1.4618,2.4609,3.3426,0.27311,2.9525,3.3204,0.67839,1.8076,2.9098,1.7002,2.0284,4.4238,1.4716,1.8654,4.1214,5.5311,2.901,1.8456,0.81796,2.1255,2.7865,1.0105,2.608,4.0667,2.1634,2.5264,3.6238,2.6419,2.4384,4.9886,2.8096,2.7001,4.5217,2.1512,2.5213,4.5322,2.3477,2.1049,4.1915,0.76455,1.9942,3.3499,0.3351,2.4717,2.8884,0.5988,2.1426,3.7247,2.3928,2.5099,4.4355,0.75407,2.4574,2.8589,1.2575,1.5804,4.2909,1.6983,2.0043,3.4521,0.02072,2.688,2.0551,3.2257,2.9414,6.2211,0.75295,2.4551,2.858,1.6591,1.6354,4.0894,1.4968,1.8546,3.1844,0.74625,2.4586,2.8496,2.1702,2.3472,4.9559,1.1427,2.5617,3.0718,1.0183,1.9759,3.5088,0.52954,1.9803,3.2572,1.7008,2.0039,3.4494,2.393,2.0798,4.1907,2.1418,2.1542,4.9764,1.2935,1.7535,3.8005,0.68888,1.9769,2.7567,2.1405,2.1529,4.9784,2.3123,2.1877,4.4611,1.5641,2.2929,3.9631,4.1955,3.0072,0.12959,1.9522,2.3426,3.9951,0.83158,1.9656,4.1173,1.1721,2.575,4.2138,3.5102,2.8527,6.0772,1.5397,1.6141,3.284,0.31869,2.3014,3.4122,5.1316,2.9905,1.0629,0.54822,2.7861,3.2482,1.2582,2.5079,2.9777,2.1481,2.1508,4.9772,1.4791,2.0941,4.3509,1.5315,1.6215,3.2899,1.381,2.9279,3.3549,0.46215,2.4452,2.7239,0.91883,2.4541,2.9977,0.22061,2.6194,3.3409,1.6177,2.2604,4.1289,0.45005,2.4449,2.7144,1.0475,2.1743,3.6589,1.3887,1.807,4.2939,0.31877,2.3019,3.4109,1.5345,1.6153,3.2853,0.45961,2.4452,2.7209,2.9797,2.8698,5.9018,2.0009,2.5983,4.0343,1.9745,2.1807,4.5877,2.6216,2.7712,5.2713,1.8795,1.9662,3.9006,1.3002,1.818,3.6904,2.1532,2.1531,4.9815,1.4103,2.6554,4.0097,1.0584,3.0818,2.896,4.6767,2.9839,0.40284,1.2542,2.6879,4.3264,1.902,1.9574,3.8849,1.2418,2.636,2.86,0.34921,2.7765,2.9443,0.94634,2.8894,4.1365,0.56343,2.5186,2.578,0.70296,1.9339,2.9877,0.54552,2.3996,3.428,1.5763,2.1765,4.232,1.2507,2.6904,4.3322,0.63682,1.9508,3.1159,1.9817,1.8939,3.8147,1.2003,1.8474,3.6466,2.4627,2.7193,4.9827,1.3828,1.5242,4.1752,1.3859,2.1541,3.1784,0.64171,1.9527,3.1136,0.47775,2.4422,2.573,1.6272,2.2604,4.1296,2.4534,2.7183,4.9839,0.6342,1.9537,3.1114,1.5693,1.713,3.3261,0.55197,3.036,2.4579,0.56999,2.5197,2.5829,2.9228,2.7444,5.8963,6.1738,2.863,2.5382,4.647,2.9867,0.36831,2.3516,2.4054,3.7574,0.89032,3.0822,3.6796,1.4306,2.2643,3.5604,0.79849,3.0817,3.5854,2.3699,2.2363,3.8089,1.2026,1.8487,3.6463,2.4258,2.3361,4.5612,2.5851,2.6285,4.0358,1.2597,2.687,4.3355,1.8824,1.9647,3.9031,1.1262,2.7968,3.6535,2.448,2.4799,5.0889,1.5966,2.6247,3.2984,2.1697,2.1895,4.0998,0.79358,1.9067,3.3733,2.3563,2.4083,3.7585,2.3514,2.4098,3.756,2.187,1.8902,4.9057,2.6488,2.291,4.7948,2.3678,2.2388,3.8105,1.3843,1.5871,3.8379,2.4638,2.7159,4.9904,1.8835,1.9641,3.9045,0.78159,2.1417,3.9678,1.6026,1.8354,4.2627,2.4573,2.7162,4.9873,1.4465,2.39,3.26,5.9236,2.8784,2.201,1.8605,1.7982,3.4774,1.9804,3.023,4.3008,2.0158,1.9506,4.7551,1.1005,2.5809,4.2746,1.8846,2.1498,4.8641,1.6163,1.8044,3.9654,1.6049,2.0095,3.3921,1.0156,2.7763,3.5669,0.9132,2.8348,3.8065,1.3863,2.3948,3.8461,1.1248,2.7947,3.6514,1.8352,1.7993,4.0939,0.90144,2.4612,2.7735,1.9044,2.071,4.3849,0.070291,2.797,2.8404,1.0855,1.9599,4.2644,0.94729,2.3356,3.0103,1.6312,2.3961,4.5859,0.98111,2.0887,2.8334,0.74604,2.0002,2.7408,1.6164,1.8035,3.9673,0.91236,2.4598,2.7783,1.3794,1.587,3.8365,2.7728,2.5912,4.6373,1.0829,2.1397,3.6284,1.1227,2.7986,3.6506,1.977,1.9877,4.4759,1.0823,1.9623,4.2592,1.8551,1.6498,3.4491,1.6642,2.4806,3.9979,2.1185,2.5549,4.9212,2.1512,2.3793,3.7059,1.1898,3.0738,3.4228,1.4444,1.4641,4.2346,0.62106,2.9989,3.6138,1.6262,1.7518,4.2347,0.74749,1.9982,2.7419,0.6818,2.1957,3.9488,2.6859,2.6023,4.5365,1.9923,2.1271,3.4397,1.3827,2.9223,3.5378,1.0822,2.1928,3.6355,2.5315,2.0002,4.4684,1.4921,1.735,4.4226,1.61,2.5923,3.5814,2.063,2.2869,4.0708,2.7119,2.3716,5.0096,0.44403,2.5301,2.9547
0.011554,0.017804,0.0012605,203.39,204.62,201.36,0.0011703,0.0012777,0.0009935,199.7,203.89,202.84,192.16,187.85,200.69,221.09,207.93,219.43,196.42,220.63,237.47,197.7,194.6,199.76,206.24,204.21,200.58,170.64,187.67,241.49,193.96,174.09,208.57,178.44,217.13,204.16,241.75,145.05,214.59,192.19,204.51,166.37,222.39,222.2,259.36,209.21,176.3,213.55,250.77,236.98,161.1,241.82,169.13,213.17,196.44,230.9,223.29,246.77,220.36,224.19,195.67,236.53,240.48,227.58,193.46,229.11,197.48,180.11,262.35,224.4,218.83,225.15,175.03,200.97,183.14,200.34,183.38,256.44,200.62,196.62,203.98,210.72,216.89,185.54,183.85,219.13,204.62,229.73,218.76,203.23,226.76,234.24,187.37,230.6,145.75,227.73,184.74,210.14,192.95,223.55,223.31,192.77,188.88,189.98,176.95,212.77,247.76,172.02,196.89,227.64,239.26,245.55,212.04,200.77,216.24,274.29,204.03,172.54,209.94,222.3,179.89,201.15,223.07,147.36,237.1,205.45,226.96,232.47,229.03,154.45,218.83,238.39,163.85,191.13,196.4,225.25,157.57,216.43,224.39,217.67,207.52,239.12,194.73,187.81,234.26,215.06,209.86,237.03,220.58,216.6,182.45,231.55,225.95,185.6,194.69,274.11,181.64,197.1,249.41,182.24,188.68,250.57,193.74,129.11,250.43,224.54,230.23,197.84,246.65,193.21,191.32,160.66,178.11,181.96,203.04,162.56,220.04,228.61,185.3,204.54,217.84,222.5,190.48,211.53,194.82,186.72,192.44,189.26,268.17,195.34,238.69,248.5,198.95,225.41,192.85,250.88,199.67,195.16,233.31,254.59,201.7,225.72,208.62,175.08,231.66,208.8,200.89,200.19,216.35,187.39,214.69,201.59,209.75,206.33,180.73,206.66,190.79,234.24,229.68,201.24,187.83,168.79,211.05,239.83,173.89,188.43,257.49,193.28,203.47,218.74,205.12,212.21,232.38,240.14,174.24,211.99,180.72,226.65,201.79,232.08,170.09,226.86,225.41,165.92,242.56,204.16,148.0,221.82,175.15,199.57,214.76,170.4,203.04,221.72,191.23,209.06,215.12,205.01,177.49,223.32,197.87,199.73,199.54,163.7,244.26,237.93,195.9,166.44,196.32,254.36,208.36,217.96,206.62,148.37,156.89,194.77,228.92,201.49,205.68,204.94,201.32,182.05,166.11,178.36,221.99,213.56,222.68,218.05,0.00089456,0.001069,0.0010466,0.0010533,0.00097895,0.0011186,0.0011836,0.00097388,0.0011354,0.00097963,0.001189,0.0013118,0.0011155,0.0010536,0.0010247,0.0012593,0.0011663,0.0011148,0.0010983,0.0011558,0.0014352,0.0012759,0.0010929,0.0013745,0.0012212,0.0012975,0.0011488,0.0014192,0.0010591,0.0014487,0.0011496,0.0012588,0.0011586,0.0012724,0.0013464,0.00154,0.0012514,0.0012442,0.0013259,0.0013794,0.0012893,0.0010123,0.0014982,0.0011725,0.00125,0.001237,0.0013626,0.0012872,0.0014012,0.0013157,0.0011899,0.001274,0.0014837,0.0013129,0.0013803,0.0012832,0.0013299,0.00129,0.0012794,0.0015309,0.0015343,0.0013682,0.001405,0.0012895,0.0014023,0.0012222,0.0013627,0.001311,0.0014939,0.0012769,0.0014103,0.0013396,0.0012713,0.0014007,0.0012868,0.0013151,0.00131,0.0013036,0.0014892,0.0014629,0.001296,0.0014933,0.0014381,0.0011822,0.0013026,0.0011332,0.0013803,0.0012965,0.0013501,0.0012409,0.0014062,0.0013533,0.001278,0.0012533,0.0012076,0.0011902,0.0012527,0.0015133,0.0011684,0.0012493,0.0013697,0.0014665,0.0015413,0.0013007,0.0013741,0.0013679,0.0015365,0.0013202,0.0012163,0.0012142,0.0015302,0.001271,0.0013422,0.0014422,0.0011881,0.0014698,0.0013085,0.0013953,0.0014063,0.0014389,0.0011927,0.0014889,0.0013563,0.0012085,0.0012425,0.0013295,0.0014375,0.0011367,0.0013646,0.0014529,0.0014204,0.0013867,0.0014142,0.0011967,0.0012093,0.0014542,0.0014889,0.0013112,0.0014699,0.0015008,0.0013471,0.001243,0.001255,0.0013741,0.0012758,0.0013797,0.0014491,0.0012258,0.0013291,0.001452,0.0011365,0.0013085,0.0016233,0.0012418,0.0010512,0.0014285,0.0013411,0.0014594,0.0013725,0.0014596,0.0012197,0.0012252,0.0011254,0.0012443,0.0012274,0.001242,0.0011321,0.001373,0.0014519,0.0012384,0.001268,0.0011923,0.0014278,0.001348,0.0012718,0.0012479,0.0013019,0.0012825,0.0012351,0.0014731,0.0012404,0.0014358,0.001389,0.0012922,0.0014301,0.0013439,0.0014213,0.0012653,0.001275,0.0013889,0.0013833,0.0013523,0.0013751,0.0013394,0.0014633,0.0013777,0.0013582,0.001286,0.0013204,0.0013684,0.0012657,0.0013189,0.0012839,0.0013561,0.0012635,0.0014713,0.0013128,0.0013408,0.0013695,0.0013372,0.0012986,0.0012749,0.0011695,0.0012915,0.0014756,0.0012855,0.0012769,0.0014395,0.0012558,0.0013707,0.0013522,0.0013131,0.0013258,0.0013153,0.0014548,0.0011854,0.001345,0.0011882,0.0013269,0.0013769,0.0012934,0.0011742,0.0012743,0.0014032,0.0011647,0.001428,0.0012173,0.0011689,0.0013337,0.0011261,0.0012842,0.0012906,0.0011517,0.0013138,0.0013291,0.0011029,0.001237,0.0012923,0.0013074,0.0011779,0.0013985,0.001217,0.0012748,0.0011609,0.00095764,0.0012739,0.0012974,0.0011072,0.0011048,0.0011024,0.001432,0.0013123,0.0013019,0.00099707,0.00092341,0.0010109,0.0010242,0.0013652,0.0012076,0.0010186,0.0011818,0.0010152,0.0010004,0.00087607,0.00089726,0.0011247,0.0011752,0.0012584,0.0012093,1074300.0,1105700.0,792270.0,4276700.0,2284500.0,1150800.0,5856800.0,1513400.0,1879800.0,3242500.0,2966100.0,734830.0,5652900.0,1298400.0,4052200.0,2459600.0,5070500.0,4091400.0,1340500.0,3371900.0,2502600.0,3347400.0,11704000.0,958350.0,6311800.0,749460.0,9101500.0,1591900.0,1841400.0,815570.0,3232100.0,1680500.0,5814300.0,23940000.0,2520900.0,2724900.0,4347000.0,1235900.0,1513400.0,1646200.0,2062700.0,1057700.0,2058300.0,1019200.0,7475600.0,2433400.0,1825600.0,1494000.0,2274900.0,15971000.0,952090.0,7278300.0,3995200.0,706940.0,3910700.0,1079100.0,2657700.0,17679000.0,32102000.0,2373200.0,1720700.0,1532600.0,2840700.0,1036400.0,1926200.0,3409900.0,803840.0,2871900.0,1940600.0,3915400.0,2755300.0,1446400.0,1119200.0,15048000.0,5077600.0,1340600.0,3613400.0,1673300.0,965090.0,2573300.0,3702600.0,1313000.0,893150.0,2116300.0,873820.0,1861100.0,2850800.0,4950200.0,4191200.0,2338500.0,5694300.0,1300700.0,9352900.0,4677300.0,1017700.0,1694700.0,903640.0,1769700.0,3509900.0,9918500.0,1730700.0,16523000.0,1417300.0,9919600.0,1633600.0,3256300.0,1272900.0,1628100.0,12535000.0,5115100.0,2157200.0,3869300.0,2389200.0,1225800.0,656170.0,3373000.0,11659000.0,2413800.0,1291100.0,778800.0,1922000.0,735100.0,1193700.0,2218700.0,8786700.0,4156700.0,2627900.0,3087700.0,2361300.0,1498700.0,773560.0,10411000.0,2404500.0,3548600.0,2073400.0,1371700.0,1031900.0,2014200.0,1052000.0,2853800.0,3921600.0,1159600.0,1477000.0,2103000.0,1521000.0,2210500.0,2422200.0,877170.0,6912100.0,1513500.0,9390500.0,6180200.0,809830.0,10291000.0,814480.0,1274500.0,19279000.0,683650.0,12167000.0,721740.0,5575100.0,3693400.0,3817200.0,2647300.0,5252900.0,4116200.0,4227600.0,964530.0,4135000.0,1638700.0,6369200.0,1506700.0,7610900.0,1080700.0,744550.0,4005200.0,2996600.0,1988300.0,8411500.0,2288700.0,948280.0,1205600.0,3671000.0,3568300.0,1940100.0,1475700.0,747540.0,6807100.0,5275200.0,2336700.0,637470.0,17726000.0,3323000.0,5257900.0,1142200.0,18258000.0,5431600.0,1100100.0,8580600.0,1353300.0,1434500.0,3992400.0,5297000.0,799330.0,1639500.0,973680.0,1778500.0,1568200.0,1456500.0,7851700.0,2342100.0,1425100.0,12280000.0,2793800.0,1238000.0,1263500.0,3260300.0,951930.0,4669600.0,1133200.0,1854600.0,8075300.0,4435100.0,696550.0,1421900.0,10018000.0,5258300.0,5069200.0,15394000.0,3001700.0,1931800.0,2342400.0,2994600.0,3189800.0,1882600.0,1749500.0,2275100.0,1499400.0,7215800.0,652060.0,3656200.0,8296200.0,8910100.0,1863600.0,5378600.0,4029700.0,5011000.0,864140.0,1139900.0,5361500.0,1551600.0,6587500.0,3485200.0,7122400.0,1970700.0,1638700.0,1591200.0,1087700.0,1106100.0,2208100.0,945990.0,5091800.0,3371700.0,4404800.0,3356800.0,2894200.0,2745600.0,15584000.0,14989000.0,6042000.0,4601000.0,2807600.0,6148400.0,3762100.0,1781300.0,2740300.0,1353800.0,4824200.0,3044800.0,1.5251,1.8387,4.1739,2.227,2.4657,3.6658,1.2783,2.2261,4.2226,1.2302,1.9878,4.232,2.4986,2.6636,4.305,0.85099,2.0618,4.2166,1.532,2.4863,3.8927,3.0132,2.84,5.8225,1.2282,1.9924,4.2316,1.7455,1.7192,4.2482,1.2769,2.2289,4.2263,0.85047,2.0601,4.2148,2.8956,2.8368,4.5209,5.7056,2.7762,1.4656,1.2344,2.8443,3.6183,0.95043,2.1465,3.0219,2.4889,2.0556,4.4492,1.4722,1.679,3.9039,0.65971,2.5752,3.8842,1.9973,1.7677,3.4759,1.0811,2.4439,3.0668,0.28253,2.2853,3.5628,1.7901,1.6696,3.3877,2.137,2.8185,4.4334,1.7956,1.6666,3.388,1.4875,1.6735,3.9103,0.39094,2.1358,3.2002,2.0354,2.3594,4.392,1.475,1.6687,3.2031,0.83767,1.8781,2.7732,3.0245,2.8417,5.8289,1.9987,1.7633,3.4759,0.99569,2.7162,2.8809,1.8086,2.5898,4.001,0.63806,1.8706,2.7934,1.0751,2.4442,3.0581,1.9004,1.916,4.4929,1.6919,1.6928,3.8951,0.51467,2.1997,3.7506,1.2021,2.428,3.7897,1.0058,2.0644,3.2683,2.5458,2.2992,4.2916,2.0622,2.1532,4.6785,1.4828,1.6753,3.911,1.8953,1.9223,4.4921,1.4861,2.1717,3.2667,0.82692,2.0892,3.1818,2.4224,2.3763,4.3184,1.9511,2.5979,4.8911,1.9408,2.5974,4.8804,2.5456,2.2989,4.2885,1.2861,2.4896,3.9441,1.6959,2.2375,4.2991,2.1163,3.059,4.0524,0.50982,2.4655,2.4816,1.5329,2.0518,4.6044,2.0687,3.0642,4.0096,0.3808,2.3749,3.4338,1.6656,1.6312,4.083,0.7176,2.0343,3.0957,2.2433,2.2506,4.6499,0.62011,2.6029,3.0032,0.99516,2.0784,3.2692,0.12413,2.8913,1.9569,1.9962,1.9988,4.587,2.5438,2.3037,4.2857,2.6522,2.3365,5.1992,2.1384,2.8163,4.4307,1.0851,1.8524,3.9488,4.6161,2.9914,0.51665,0.88118,2.1258,3.0515,1.3186,2.1009,4.2644,1.0667,2.0965,3.4973,2.2974,2.7507,4.5674,1.6925,1.6006,4.1573,1.1434,2.5553,3.0644,0.74876,2.4273,3.767,2.0653,1.9226,3.7343,1.5882,2.444,3.4702,1.6451,2.5321,3.6043,1.6456,1.679,4.2542,2.1001,2.8039,4.582,2.117,2.8029,4.5983,3.3465,2.7866,6.1064,1.7004,1.604,4.1629,1.7119,2.0,3.4474,2.1515,2.9429,4.9541,1.1481,2.5568,3.0695,2.6404,2.4441,4.9906,1.0136,2.6083,4.0718,1.5928,2.4414,3.4742,1.174,1.81,4.1009,1.6655,1.63,4.0843,1.7098,1.9966,3.4478,0.22384,2.9447,3.2763,2.8796,2.29,4.5654,1.3292,1.9529,4.2142,1.2402,2.6817,3.3199,1.4625,2.457,3.3471,1.8274,1.9811,3.7199,1.9499,2.3448,3.9935,1.0979,2.2885,3.1922,2.5324,2.0438,5.157,1.2261,2.6893,3.3087,1.4609,2.4614,3.3436,0.26372,2.9555,3.3111,0.67885,1.809,2.9062,1.6995,2.028,4.4265,1.4738,1.8652,4.1236,5.5244,2.9004,1.8405,0.81727,2.1277,2.7907,1.0036,2.6107,4.067,2.1711,2.5276,3.6257,2.6418,2.4344,4.9861,2.8152,2.6965,4.523,2.1433,2.5155,4.5301,2.3469,2.1068,4.1906,0.7638,1.998,3.3496,0.34259,2.4697,2.8945,0.59571,2.1442,3.7309,2.3967,2.5086,4.4394,0.75932,2.4527,2.8648,1.2585,1.5799,4.2932,1.6965,2.0035,3.4527,0.030502,2.6871,2.0593,3.238,2.9428,6.236,0.76011,2.4487,2.8648,1.6585,1.6363,4.0901,1.4988,1.8503,3.1852,0.74938,2.4548,2.8516,2.1712,2.3466,4.9555,1.1436,2.5612,3.0747,1.0282,1.9841,3.5118,0.52751,1.9816,3.2579,1.7017,2.002,3.4486,2.3971,2.0803,4.1873,2.1424,2.1542,4.9756,1.2957,1.7525,3.8014,0.69219,1.9772,2.7572,2.1407,2.1529,4.9784,2.3088,2.1899,4.4629,1.5625,2.2965,3.9635,4.1961,3.0053,0.13018,1.9504,2.3468,3.995,0.82727,1.9664,4.1173,1.1723,2.5774,4.2144,3.5084,2.8517,6.0783,1.5445,1.6122,3.2826,0.31502,2.3039,3.4126,5.128,2.9897,1.0538,0.54493,2.7869,3.2475,1.2552,2.5089,2.9791,2.1521,2.1493,4.9748,1.4825,2.0936,4.3523,1.5351,1.6215,3.2922,1.383,2.9266,3.3493,0.47067,2.4422,2.729,0.91527,2.4538,2.9968,0.21996,2.6203,3.3408,1.6218,2.2642,4.1322,0.45474,2.4434,2.7171,1.0467,2.1783,3.6574,1.3853,1.806,4.2946,0.3153,2.3039,3.4116,1.5378,1.614,3.2847,0.46869,2.442,2.7255,2.9825,2.8696,5.9076,1.9958,2.5972,4.0331,1.9777,2.1831,4.5885,2.6119,2.7687,5.2677,1.8738,1.9659,3.8982,1.3039,1.8176,3.6922,2.1595,2.1524,4.9818,1.4146,2.6529,4.0096,1.0269,3.0793,2.8608,4.6677,2.9818,0.39492,1.2537,2.6907,4.323,1.9017,1.9566,3.8852,1.2406,2.6361,2.8589,0.34654,2.7781,2.9441,0.95149,2.8897,4.1398,0.56027,2.5172,2.5785,0.70527,1.9361,2.9836,0.54499,2.4026,3.4266,1.5815,2.1774,4.2354,1.2495,2.6938,4.3321,0.63698,1.9533,3.113,1.9839,1.8913,3.8121,1.2042,1.8476,3.648,2.4583,2.7166,4.9772,1.3858,1.5262,4.1764,1.383,2.153,3.1798,0.64393,1.9564,3.1099,0.488,2.4372,2.5771,1.6352,2.2656,4.1314,2.4457,2.715,4.9805,0.63273,1.9574,3.1071,1.5727,1.7128,3.3257,0.57028,3.0342,2.4704,0.56935,2.5191,2.5841,2.9337,2.7448,5.9039,6.1744,2.8633,2.5386,4.6277,2.9848,0.34825,2.3532,2.4027,3.7575,0.91492,3.0819,3.7092,1.4244,2.2716,3.5572,0.77852,3.0827,3.5691,2.3704,2.2352,3.8072,1.2083,1.849,3.6482,2.4253,2.3355,4.563,2.586,2.6302,4.0402,1.2605,2.6882,4.3358,1.8779,1.9642,3.9012,1.1288,2.7957,3.6571,2.4445,2.4759,5.0842,1.5908,2.6256,3.299,2.1703,2.1913,4.0989,0.79715,1.9095,3.3739,2.3604,2.407,3.7606,2.3519,2.4084,3.7553,2.1894,1.8934,4.9095,2.6499,2.291,4.7958,2.3681,2.2386,3.81,1.3861,1.5877,3.84,2.4602,2.7126,4.9884,1.8799,1.9632,3.9033,0.78266,2.1415,3.9733,1.6031,1.8353,4.2649,2.4511,2.7117,4.9846,1.4476,2.39,3.26,5.9227,2.8774,2.1994,1.8608,1.7966,3.4793,1.9823,3.021,4.3003,2.0179,1.9513,4.7578,1.1024,2.5816,4.2772,1.8867,2.1494,4.8663,1.618,1.8038,3.9647,1.6052,2.0094,3.3909,1.0203,2.7747,3.5724,0.91737,2.8353,3.8077,1.3924,2.3988,3.8483,1.127,2.7916,3.6539,1.8333,1.7984,4.0937,0.89546,2.461,2.7745,1.9014,2.0727,4.3851,0.071983,2.7968,2.8451,1.0847,1.9593,4.2665,0.94841,2.3342,3.0124,1.6302,2.3964,4.5854,0.98221,2.0886,2.8334,0.7471,2.0006,2.739,1.6184,1.8026,3.9665,0.91217,2.4593,2.7818,1.378,1.5871,3.8367,2.7727,2.5917,4.6367,1.0819,2.1414,3.6289,1.1247,2.7969,3.6521,1.9776,1.9879,4.4758,1.0807,1.9623,4.2587,1.8564,1.6496,3.4486,1.6654,2.4809,3.9972,2.123,2.5548,4.9203,2.1481,2.3787,3.7027,1.1922,3.0732,3.4255,1.4434,1.4631,4.2352,0.624,2.9983,3.6158,1.6267,1.751,4.2348,0.74887,1.9984,2.7412,0.67749,2.1966,3.9518,2.6834,2.6021,4.5355,1.993,2.1264,3.44,1.3829,2.9213,3.5381,1.0823,2.1935,3.6351,2.5317,2.001,4.4685,1.4924,1.735,4.4224,1.6096,2.5921,3.5811,2.063,2.2869,4.0705,2.7115,2.3697,5.0081,0.44412,2.5294,2.9538
0.01347,0.020843,0.0013249,204.15,205.62,201.74,0.0011747,0.0012832,0.00099618,200.76,204.89,203.67,193.11,188.28,200.41,221.88,208.62,220.56,197.08,221.86,238.16,198.38,195.07,199.63,206.78,204.74,201.44,171.37,187.84,243.11,194.83,174.61,209.48,179.08,218.37,204.87,242.86,145.21,215.54,192.7,204.84,166.64,223.32,223.32,260.87,210.29,176.98,214.78,252.44,238.4,160.87,242.95,169.69,214.24,197.17,231.87,224.49,248.42,221.56,224.99,196.29,238.27,241.86,229.38,194.88,230.19,198.51,181.06,264.39,226.1,220.09,226.93,175.11,202.05,183.72,201.4,184.27,257.02,201.56,197.67,204.29,211.9,218.31,186.29,184.48,220.19,206.06,231.36,220.18,204.26,227.61,235.1,188.33,232.12,145.99,229.23,185.4,211.46,193.9,224.76,225.01,193.72,189.61,190.78,177.3,213.65,249.68,173.07,197.72,229.26,240.6,247.7,213.33,202.08,218.07,276.66,205.52,173.36,211.28,223.0,180.84,202.42,224.78,147.52,238.56,206.77,228.57,233.66,229.21,155.29,220.31,239.72,165.1,191.97,197.39,227.62,158.55,216.3,226.25,219.25,208.7,240.86,195.45,188.61,234.63,216.44,211.12,237.99,222.2,217.86,183.71,232.69,227.74,186.74,195.55,275.57,182.27,198.38,250.15,183.06,189.59,253.47,194.55,129.25,250.39,226.41,231.73,198.96,248.58,193.88,192.56,161.1,178.28,182.53,204.15,163.26,221.66,229.89,185.74,205.23,218.84,224.03,190.54,212.69,195.95,187.53,192.93,190.09,269.13,196.55,239.7,250.7,200.0,226.97,194.23,252.78,201.06,195.85,234.95,256.64,202.9,227.04,210.11,177.58,233.04,209.98,202.38,200.72,217.32,188.52,215.6,202.54,210.8,207.4,183.56,208.27,191.72,235.12,231.23,202.46,188.43,169.55,211.94,241.85,175.12,189.16,258.71,194.08,204.56,220.01,205.92,213.3,233.98,240.96,174.86,213.78,181.46,227.82,202.2,232.81,170.69,227.99,226.79,166.09,243.66,204.7,148.97,222.9,175.7,200.63,216.08,170.98,204.24,222.33,191.65,209.99,216.05,206.4,177.85,224.03,198.34,200.21,200.56,163.76,245.47,238.89,196.73,166.24,196.7,255.16,209.6,218.74,207.32,147.73,157.17,195.7,229.65,202.54,206.58,205.75,201.44,182.74,165.69,179.18,222.76,214.31,223.67,218.73,0.00088329,0.0010655,0.0010451,0.0010523,0.00097529,0.001116,0.0011846,0.00096643,0.0011338,0.00097467,0.0011917,0.0013147,0.0011148,0.0010539,0.001019,0.0012617,0.0011682,0.0011159,0.0011009,0.0011564,0.0014434,0.001281,0.0010935,0.0013798,0.0012257,0.0013047,0.0011515,0.001425,0.0010607,0.0014552,0.0011521,0.001261,0.0011603,0.0012761,0.0013536,0.0015482,0.0012572,0.0012486,0.0013336,0.0013893,0.0012966,0.0010105,0.0015053,0.0011766,0.0012569,0.0012413,0.0013699,0.001291,0.0014105,0.0013216,0.001192,0.0012777,0.0014927,0.0013194,0.0013902,0.0012899,0.0013355,0.001297,0.0012856,0.0015432,0.0015457,0.001376,0.0014161,0.0012921,0.0014106,0.0012257,0.0013708,0.0013171,0.0014998,0.0012831,0.0014175,0.0013433,0.0012779,0.0014086,0.0012928,0.001319,0.0013154,0.0013117,0.0014969,0.0014707,0.0013037,0.0015022,0.0014451,0.0011867,0.0013094,0.0011363,0.001388,0.0013013,0.0013572,0.0012478,0.0014132,0.0013653,0.001285,0.0012586,0.0012111,0.0011935,0.0012574,0.0015251,0.0011752,0.0012547,0.0013784,0.0014736,0.0015532,0.0013075,0.0013821,0.0013791,0.0015486,0.0013274,0.0012225,0.0012213,0.0015355,0.0012777,0.0013499,0.0014515,0.0011943,0.0014822,0.0013159,0.001404,0.0014156,0.0014439,0.0011974,0.0014995,0.0013634,0.0012169,0.0012481,0.001336,0.0014527,0.0011437,0.0013541,0.0014642,0.00143,0.0013948,0.0014263,0.0012013,0.0012146,0.0014596,0.0014982,0.0013173,0.0014767,0.0015084,0.0013541,0.0012508,0.0012616,0.001384,0.0012859,0.0013852,0.001456,0.0012306,0.001339,0.0014578,0.0011417,0.0013143,0.0016382,0.0012469,0.0010531,0.0014309,0.0013518,0.0014669,0.0013805,0.0014695,0.0012248,0.0012329,0.0011288,0.0012484,0.0012326,0.0012482,0.0011377,0.0013819,0.0014599,0.0012424,0.0012742,0.0011968,0.001437,0.0013536,0.0012791,0.001254,0.0013078,0.0012869,0.0012393,0.0014782,0.0012469,0.0014422,0.001401,0.0012992,0.0014395,0.0013515,0.0014318,0.0012725,0.0012793,0.0013969,0.0013908,0.0013596,0.0013832,0.0013497,0.001478,0.0013862,0.0013663,0.0012931,0.0013264,0.0013735,0.0012726,0.001325,0.00129,0.0013626,0.0012684,0.001488,0.0013203,0.0013475,0.0013743,0.0013439,0.0013042,0.0012788,0.0011744,0.0012965,0.0014869,0.0012911,0.0012813,0.0014462,0.0012603,0.001377,0.0013607,0.0013177,0.0013315,0.0013227,0.0014603,0.0011891,0.0013558,0.0011931,0.0013335,0.0013808,0.0012976,0.0011776,0.0012801,0.0014112,0.0011661,0.0014335,0.0012202,0.0011743,0.0013403,0.0011299,0.0012918,0.0012973,0.0011561,0.0013181,0.001333,0.0011034,0.0012416,0.0012945,0.0013123,0.0011809,0.0014028,0.0012196,0.0012784,0.0011648,0.00095577,0.0012784,0.0013022,0.0011098,0.0011052,0.0011027,0.0014347,0.0013188,0.001306,0.00099368,0.00091672,0.0010093,0.0010221,0.0013684,0.0012132,0.0010143,0.0011824,0.0010118,0.0010005,0.00087062,0.00089218,0.0011238,0.0011763,0.0012623,0.0012126,1074300.0,1105700.0,792270.0,4276700.0,2284500.0,1150800.0,5856800.0,1513400.0,1879800.0,3242500.0,2966100.0,734830.0,5652900.0,1298400.0,4052200.0,2459600.0,5070500.0,4091400.0,1340500.0,3371900.0,2502600.0,3347400.0,11704000.0,958350.0,6311800.0,749460.0,9101500.0,1591900.0,1841400.0,815570.0,3232100.0,1680500.0,5814300.0,23940000.0,2520900.0,2724900.0,4347000.0,1235900.0,1513400.0,1646200.0,2062700.0,1057700.0,2058300.0,1019200.0,7475600.0,2433400.0,1825600.0,1494000.0,2274900.0,15971000.0,952090.0,7278300.0,3995200.0,706940.0,3910700.0,1079100.0,2657700.0,17679000.0,32102000.0,2373200.0,1720700.0,1532600.0,2840700.0,1036400.0,1926200.0,3409900.0,803840.0,2871900.0,1940600.0,3915400.0,2755300.0,1446400.0,1119200.0,15048000.0,5077600.0,1340600.0,3613400.0,1673300.0,965090.0,2573300.0,3702600.0,1313000.0,893150.0,2116300.0,873820.0,1861100.0,2850800.0,4950200.0,4191200.0,2338500.0,5694300.0,1300700.0,9352900.0,4677300.0,1017700.0,1694700.0,903640.0,1769700.0,3509900.0,9918500.0,1730700.0,16523000.0,1417300.0,9919600.0,1633600.0,3256300.0,1272900.0,1628100.0,12535000.0,5115100.0,2157200.0,3869300.0,2389200.0,1225800.0,656170.0,3373000.0,11659000.0,2413800.0,1291100.0,778800.0,1922000.0,735100.0,1193700.0,2218700.0,8786700.0,4156700.0,2627900.0,3087700.0,2361300.0,1498700.0,773560.0,10411000.0,2404500.0,3548600.0,2073400.0,1371700.0,1031900.0,2014200.0,1052000.0,2853800.0,3921600.0,1159600.0,1477000.0,2103000.0,1521000.0,2210500.0,2422200.0,877170.0,6912100.0,1513500.0,9390500.0,6180200.0,809830.0,10291000.0,814480.0,1274500.0,19279000.0,683650.0,12167000.0,721740.0,5575100.0,3693400.0,3817200.0,2647300.0,5252900.0,4116200.0,4227600.0,964530.0,4135000.0,1638700.0,6369200.0,1506700.0,7610900.0,1080700.0,744550.0,4005200.0,2996600.0,1988300.0,8411500.0,2288700.0,948280.0,1205600.0,3671000.0,3568300.0,1940100.0,1475700.0,747540.0,6807100.0,5275200.0,2336700.0,637470.0,17726000.0,3323000.0,5257900.0,1142200.0,18258000.0,5431600.0,1100100.0,8580600.0,1353300.0,1434500.0,3992400.0,5297000.0,799330.0,1639500.0,973680.0,1778500.0,1568200.0,1456500.0,7851700.0,2342100.0,1425100.0,12280000.0,2793800.0,1238000.0,1263500.0,3260300.0,951930.0,4669600.0,1133200.0,1854600.0,8075300.0,4435100.0,696550.0,1421900.0,10018000.0,5258300.0,5069200.0,15394000.0,3001700.0,1931800.0,2342400.0,2994600.0,3189800.0,1882600.0,1749500.0,2275100.0,1499400.0,7215800.0,652060.0,3656200.0,8296200.0,8910100.0,1863600.0,5378600.0,4029700.0,5011000.0,864140.0,1139900.0,5361500.0,1551600.0,6587500.0,3485200.0,7122400.0,1970700.0,1638700.0,1591200.0,1087700.0,1106100.0,2208100.0,945990.0,5091800.0,3371700.0,4404800.0,3356800.0,2894200.0,2745600.0,15584000.0,14989000.0,6042000.0,4601000.0,2807600.0,6148400.0,3762100.0,1781300.0,2740300.0,1353800.0,4824200.0,3044800.0,1.5252,1.839,4.1737,2.2271,2.4659,3.6658,1.2782,2.2263,4.2226,1.2299,1.9879,4.2319,2.4983,2.6636,4.3052,0.84975,2.0618,4.2166,1.534,2.487,3.8925,3.0144,2.8401,5.8236,1.2279,1.9931,4.2312,1.7452,1.7192,4.2482,1.2769,2.2294,4.2268,0.84905,2.0598,4.2146,2.8966,2.837,4.5234,5.7041,2.776,1.4646,1.2344,2.8441,3.6183,0.94913,2.1468,3.0216,2.49,2.0567,4.4503,1.472,1.6792,3.9037,0.65986,2.5764,3.8839,1.9959,1.7687,3.4765,1.083,2.4432,3.0695,0.2841,2.2854,3.5622,1.7909,1.6691,3.3878,2.1349,2.8169,4.4296,1.7971,1.6661,3.3877,1.4895,1.673,3.9113,0.39003,2.1365,3.1991,2.0357,2.3606,4.3935,1.475,1.6694,3.2038,0.83863,1.8793,2.7728,3.0278,2.8417,5.8318,1.9974,1.764,3.4763,0.99376,2.7163,2.8813,1.8069,2.5899,4.0011,0.63938,1.8713,2.7924,1.0759,2.4438,3.0594,1.901,1.9163,4.493,1.6942,1.692,3.895,0.51568,2.1995,3.7518,1.2038,2.4301,3.7902,1.0055,2.0656,3.2674,2.546,2.2998,4.2925,2.0613,2.1544,4.6794,1.4836,1.6751,3.9113,1.8951,1.9232,4.492,1.4854,2.1721,3.2665,0.82749,2.0915,3.1801,2.4232,2.3774,4.3195,1.9516,2.597,4.8905,1.9406,2.5978,4.8796,2.5457,2.2994,4.289,1.2857,2.4902,3.9433,1.6977,2.2387,4.3003,2.1248,3.0579,4.0594,0.51172,2.4647,2.4834,1.5309,2.0514,4.6042,2.0664,3.0636,4.0061,0.37839,2.3753,3.4326,1.6664,1.631,4.083,0.71907,2.0369,3.0949,2.2434,2.2526,4.6509,0.61971,2.5997,3.0051,0.99302,2.0815,3.2684,0.12246,2.8915,1.9529,1.9964,2.0016,4.5871,2.5436,2.3051,4.2851,2.6472,2.3359,5.1986,2.1356,2.8144,4.4258,1.0862,1.8525,3.9498,4.6157,2.9896,0.51853,0.8799,2.1274,3.0506,1.3209,2.1009,4.2645,1.0687,2.0983,3.498,2.2931,2.7495,4.5629,1.6911,1.6004,4.157,1.144,2.5547,3.0646,0.74888,2.4278,3.7665,2.0676,1.9212,3.7331,1.586,2.4453,3.4704,1.6418,2.5341,3.6036,1.6429,1.6785,4.255,2.0973,2.8022,4.58,2.1167,2.8009,4.5991,3.3457,2.7874,6.1053,1.7005,1.6045,4.1636,1.714,1.9989,3.4463,2.1554,2.9438,4.9594,1.1491,2.5565,3.0699,2.6405,2.4435,4.9906,1.0121,2.6093,4.0731,1.5911,2.4424,3.4752,1.1716,1.8126,4.1006,1.6663,1.6296,4.0842,1.7114,1.9949,3.447,0.21192,2.9441,3.2656,2.8812,2.2894,4.5664,1.3314,1.9532,4.2161,1.2395,2.68,3.3207,1.4622,2.4567,3.3479,1.8251,1.98,3.7187,1.9498,2.3466,3.994,1.098,2.2896,3.1927,2.5311,2.0425,5.1584,1.2234,2.689,3.3083,1.4604,2.4617,3.3441,0.25905,2.957,3.3064,0.67907,1.8097,2.9044,1.6991,2.0279,4.4279,1.4748,1.8651,4.1247,5.521,2.9001,1.8379,0.81699,2.1288,2.7927,1.0001,2.6121,4.0672,2.175,2.5282,3.6266,2.6418,2.4324,4.9848,2.818,2.6947,4.5237,2.1393,2.5126,4.5291,2.3465,2.1077,4.1903,0.76346,1.9999,3.3495,0.34638,2.4686,2.8975,0.59413,2.145,3.734,2.3986,2.508,4.4413,0.76184,2.4505,2.8676,1.259,1.5797,4.2944,1.6956,2.0031,3.453,0.035394,2.6867,2.0614,3.2441,2.9435,6.2435,0.76358,2.4456,2.8682,1.6582,1.6367,4.0904,1.4998,1.8484,3.1856,0.75085,2.4529,2.8526,2.1717,2.3464,4.9553,1.1441,2.5609,3.0762,1.0332,1.9883,3.5133,0.52647,1.9823,3.2582,1.7021,2.0011,3.4481,2.3991,2.0805,4.1856,2.1427,2.1542,4.9752,1.2967,1.752,3.8019,0.69381,1.9774,2.7574,2.1408,2.1529,4.9784,2.307,2.191,4.4638,1.5617,2.2984,3.9637,4.1965,3.0043,0.13048,1.9494,2.3489,3.995,0.82512,1.9668,4.1173,1.1724,2.5786,4.2147,3.5075,2.8512,6.0789,1.5468,1.6114,3.2819,0.31319,2.3052,3.4128,5.1261,2.9892,1.0491,0.54326,2.7873,3.2472,1.2538,2.5094,2.9798,2.154,2.1485,4.9737,1.4842,2.0933,4.353,1.5368,1.6215,3.2933,1.3842,2.926,3.3466,0.47486,2.4407,2.7315,0.91355,2.4537,2.9964,0.21966,2.6208,3.3407,1.6238,2.2661,4.1339,0.45705,2.4426,2.7184,1.0463,2.1804,3.6567,1.3836,1.8055,4.2949,0.31362,2.3049,3.412,1.5394,1.6134,3.2843,0.47319,2.4404,2.7277,2.9839,2.8696,5.9105,1.9933,2.5966,4.0325,1.9793,2.1842,4.589,2.607,2.7675,5.2658,1.8709,1.9658,3.8969,1.3057,1.8174,3.6931,2.1625,2.1521,4.982,1.4167,2.6516,4.0095,1.0115,3.0781,2.8437,4.6634,2.9808,0.39111,1.2535,2.6921,4.3214,1.9014,1.9563,3.8854,1.24,2.6362,2.8583,0.34513,2.7789,2.944,0.95402,2.8898,4.1415,0.55873,2.5165,2.5787,0.70641,1.9373,2.9816,0.54474,2.4041,3.4259,1.5841,2.1778,4.2371,1.2488,2.6956,4.3321,0.63707,1.9545,3.1115,1.985,1.89,3.8108,1.2061,1.8477,3.6488,2.456,2.7153,4.9745,1.3873,1.5272,4.177,1.3815,2.1525,3.1805,0.64507,1.9583,3.108,0.49298,2.4348,2.579,1.6391,2.2683,4.1323,2.4419,2.7133,4.9788,0.632,1.9593,3.1049,1.5743,1.7127,3.3254,0.57902,3.0333,2.4763,0.56902,2.5188,2.5846,2.9392,2.7449,5.9077,6.1747,2.8634,2.5388,4.6182,2.9837,0.33841,2.3541,2.4013,3.7576,0.92739,3.0818,3.7241,1.4213,2.2753,3.5556,0.76816,3.0831,3.5606,2.3707,2.2346,3.8064,1.2112,1.8491,3.6491,2.425,2.3352,4.5639,2.5865,2.631,4.0424,1.2609,2.6888,4.3359,1.8757,1.9639,3.9002,1.13,2.7951,3.6589,2.4428,2.474,5.0819,1.588,2.626,3.2994,2.1706,2.1922,4.0985,0.79889,1.9108,3.3742,2.3624,2.4063,3.7616,2.3521,2.4077,3.7549,2.1906,1.8949,4.9114,2.6504,2.2909,4.7963,2.3682,2.2385,3.8098,1.387,1.588,3.841,2.4584,2.7109,4.9874,1.8781,1.9627,3.9027,0.78321,2.1414,3.976,1.6033,1.8353,4.266,2.448,2.7095,4.9834,1.4482,2.39,3.26,5.9222,2.877,2.1986,1.861,1.7958,3.4803,1.9832,3.02,4.2999,2.019,1.9517,4.7591,1.1033,2.582,4.2786,1.8878,2.1493,4.8674,1.6188,1.8034,3.9643,1.6054,2.0094,3.3903,1.0226,2.7739,3.5751,0.91943,2.8356,3.8083,1.3954,2.4008,3.8494,1.1281,2.7901,3.6551,1.8323,1.7979,4.0935,0.89257,2.4609,2.775,1.8999,2.0734,4.3852,0.072807,2.7967,2.8473,1.0843,1.959,4.2675,0.94895,2.3336,3.0134,1.6298,2.3965,4.5851,0.98275,2.0885,2.8334,0.74764,2.0009,2.738,1.6194,1.8021,3.9662,0.91205,2.459,2.7835,1.3774,1.5871,3.8368,2.7727,2.5919,4.6364,1.0814,2.1422,3.6291,1.1257,2.7961,3.6528,1.9779,1.988,4.4757,1.08,1.9622,4.2585,1.857,1.6496,3.4484,1.666,2.4811,3.9969,2.1252,2.5547,4.9198,2.1466,2.3784,3.7011,1.1934,3.0729,3.4269,1.4429,1.4626,4.2355,0.62544,2.998,3.6167,1.627,1.7506,4.2349,0.74956,1.9985,2.7409,0.67538,2.197,3.9533,2.6822,2.6021,4.535,1.9933,2.126,3.4401,1.383,2.9208,3.5382,1.0824,2.1938,3.6349,2.5318,2.0014,4.4686,1.4925,1.735,4.4224,1.6095,2.592,3.5809,2.0631,2.2869,4.0704,2.7113,2.3687,5.0073,0.44417,2.529,2.9534
0.015379,0.023872,0.0013898,204.84,206.53,202.05,0.0011788,0.0012883,0.00099837,201.51,205.79,204.39,193.93,188.73,200.12,222.52,209.25,221.51,197.76,222.91,238.86,198.86,195.59,199.56,207.47,205.25,202.2,172.11,188.0,244.48,195.68,175.11,210.3,179.66,219.41,205.59,243.9,145.55,216.54,193.25,205.2,166.8,224.09,224.24,262.19,211.27,177.67,215.81,253.91,239.57,160.92,243.9,170.26,215.17,197.89,232.78,225.49,249.81,222.62,225.83,196.95,239.78,243.26,230.86,196.01,231.19,199.45,182.0,266.15,227.53,221.44,228.43,175.4,203.03,184.32,202.43,185.21,257.62,202.49,198.64,204.69,212.89,219.56,187.04,185.14,221.13,207.21,232.64,221.32,205.27,228.5,236.14,189.34,233.4,146.27,230.57,186.17,212.66,194.86,225.74,226.59,194.65,190.4,191.47,177.53,214.29,251.27,174.07,198.54,230.79,241.72,249.6,214.53,203.25,219.75,278.62,207.01,174.25,212.51,223.14,181.76,203.73,226.49,147.66,239.9,207.96,230.08,234.74,229.12,156.27,221.5,240.99,166.32,192.91,198.3,229.56,159.5,215.46,227.85,220.68,209.89,242.79,196.18,189.4,234.53,217.89,212.33,239.03,223.74,218.98,184.78,233.78,229.29,187.8,196.62,277.22,183.1,199.51,251.1,183.88,190.46,255.77,195.41,129.61,250.92,228.03,232.98,199.95,250.2,194.49,193.7,161.64,178.49,183.23,205.25,163.95,223.16,230.88,186.24,205.88,219.81,225.32,190.68,213.89,197.04,188.32,193.48,190.86,270.09,197.53,240.59,252.69,201.01,228.28,195.37,254.39,202.25,196.61,236.48,258.49,203.98,228.25,211.41,179.51,234.26,211.1,203.59,201.38,218.26,189.43,216.57,203.44,211.78,208.47,185.8,209.63,192.63,236.0,232.63,203.54,189.01,170.32,212.91,243.57,176.18,189.95,259.82,194.81,205.54,221.09,206.74,214.31,235.32,241.84,175.5,215.21,182.14,228.86,202.7,233.48,171.24,229.0,227.96,166.33,244.63,205.26,149.82,223.85,176.2,201.39,217.22,171.56,205.17,223.0,192.09,210.84,216.85,207.61,178.3,224.71,198.83,200.83,201.44,163.88,246.56,239.74,197.46,166.22,197.09,255.88,210.49,219.4,208.07,147.34,157.48,196.49,230.32,203.36,207.3,206.49,201.57,183.33,165.47,179.9,223.39,214.86,224.46,219.13,0.00087414,0.001063,0.0010441,0.0010519,0.00097344,0.0011133,0.0011856,0.0009614,0.0011333,0.00097173,0.0011946,0.0013181,0.0011142,0.0010554,0.0010149,0.001265,0.0011703,0.0011178,0.0011044,0.0011569,0.0014506,0.0012864,0.0010948,0.0013847,0.0012299,0.0013114,0.0011549,0.0014304,0.0010633,0.0014612,0.0011553,0.0012635,0.0011612,0.0012792,0.0013594,0.0015556,0.0012625,0.0012531,0.0013401,0.0013975,0.0013025,0.0010102,0.0015108,0.0011809,0.0012629,0.0012456,0.0013758,0.0012946,0.0014185,0.0013272,0.0011947,0.0012814,0.0015007,0.0013266,0.0013983,0.0012959,0.0013416,0.0013039,0.0012919,0.0015538,0.0015554,0.0013837,0.001425,0.0012965,0.001418,0.0012296,0.0013775,0.0013228,0.0015063,0.0012884,0.0014238,0.0013477,0.0012834,0.0014155,0.0012991,0.0013228,0.0013207,0.0013183,0.0015035,0.001477,0.0013115,0.0015102,0.0014523,0.0011915,0.0013158,0.0011393,0.001396,0.0013062,0.0013635,0.0012545,0.0014187,0.0013747,0.0012922,0.0012645,0.0012151,0.0011964,0.0012621,0.0015348,0.0011814,0.0012602,0.0013866,0.0014795,0.0015633,0.001314,0.0013895,0.0013899,0.0015589,0.0013349,0.0012291,0.0012281,0.0015375,0.0012851,0.0013578,0.0014605,0.0012004,0.0014929,0.0013228,0.0014122,0.0014239,0.001448,0.0012029,0.0015077,0.0013712,0.0012249,0.0012546,0.0013427,0.0014647,0.0011504,0.0013378,0.0014738,0.0014387,0.0014023,0.0014383,0.0012062,0.0012201,0.0014639,0.0015077,0.0013241,0.0014835,0.0015156,0.0013597,0.0012572,0.001268,0.0013926,0.0012942,0.0013921,0.0014641,0.0012366,0.0013484,0.0014645,0.001147,0.0013197,0.0016503,0.0012525,0.001056,0.0014365,0.0013608,0.001474,0.0013878,0.0014778,0.0012293,0.0012398,0.001133,0.0012524,0.0012388,0.0012543,0.0011431,0.0013898,0.0014659,0.0012471,0.0012802,0.0012017,0.0014446,0.0013578,0.001287,0.00126,0.001314,0.0012917,0.0012434,0.0014835,0.0012527,0.0014479,0.0014111,0.0013062,0.0014476,0.001359,0.001441,0.001279,0.0012844,0.0014042,0.0013991,0.0013663,0.0013903,0.0013582,0.0014896,0.0013936,0.0013734,0.0012997,0.0013333,0.0013789,0.0012795,0.0013313,0.001296,0.0013686,0.0012743,0.0015014,0.0013274,0.001354,0.0013798,0.00135,0.0013101,0.0012829,0.0011794,0.0013019,0.0014964,0.0012959,0.0012858,0.0014518,0.0012643,0.0013827,0.0013675,0.0013222,0.0013369,0.0013297,0.0014658,0.0011932,0.0013645,0.0011976,0.0013393,0.0013846,0.0013016,0.001181,0.0012853,0.0014182,0.001168,0.0014386,0.0012236,0.0011798,0.0013462,0.0011335,0.001297,0.0013033,0.0011605,0.0013213,0.0013371,0.0011047,0.0012462,0.0012969,0.001317,0.001184,0.0014068,0.0012226,0.0012821,0.0011687,0.00095491,0.0012829,0.0013067,0.0011124,0.0011061,0.0011035,0.0014374,0.0013236,0.0013096,0.00099184,0.000912,0.0010087,0.0010213,0.0013717,0.0012174,0.0010115,0.0011835,0.0010092,0.0010009,0.00086713,0.00088883,0.0011235,0.001177,0.0012654,0.0012145,1074300.0,1105700.0,792270.0,4276700.0,2284500.0,1150800.0,5856800.0,1513400.0,1879800.0,3242500.0,2966100.0,734830.0,5652900.0,1298400.0,4052200.0,2459600.0,5070500.0,4091400.0,1340500.0,3371900.0,2502600.0,3347400.0,11704000.0,958350.0,6311800.0,749460.0,9101500.0,1591900.0,1841400.0,815570.0,3232100.0,1680500.0,5814300.0,23940000.0,2520900.0,2724900.0,4347000.0,1235900.0,1513400.0,1646200.0,2062700.0,1057700.0,2058300.0,1019200.0,7475600.0,2433400.0,1825600.0,1494000.0,2274900.0,15971000.0,952090.0,7278300.0,3995200.0,706940.0,3910700.0,1079100.0,2657700.0,17679000.0,32102000.0,2373200.0,1720700.0,1532600.0,2840700.0,1036400.0,1926200.0,3409900.0,803840.0,2871900.0,1940600.0,3915400.0,2755300.0,1446400.0,1119200.0,15048000.0,5077600.0,1340600.0,3613400.0,1673300.0,965090.0,2573300.0,3702600.0,1313000.0,893150.0,2116300.0,873820.0,1861100.0,2850800.0,4950200.0,4191200.0,2338500.0,5694300.0,1300700.0,9352900.0,4677300.0,1017700.0,1694700.0,903640.0,1769700.0,3509900.0,9918500.0,1730700.0,16523000.0,1417300.0,9919600.0,1633600.0,3256300.0,1272900.0,1628100.0,12535000.0,5115100.0,2157200.0,3869300.0,2389200.0,1225800.0,656170.0,3373000.0,11659000.0,2413800.0,1291100.0,778800.0,1922000.0,735100.0,1193700.0,2218700.0,8786700.0,4156700.0,2627900.0,3087700.0,2361300.0,1498700.0,773560.0,10411000.0,2404500.0,3548600.0,2073400.0,1371700.0,1031900.0,2014200.0,1052000.0,2853800.0,3921600.0,1159600.0,1477000.0,2103000.0,1521000.0,2210500.0,2422200.0,877170.0,6912100.0,1513500.0,9390500.0,6180200.0,809830.0,10291000.0,814480.0,1274500.0,19279000.0,683650.0,12167000.0,721740.0,5575100.0,3693400.0,3817200.0,2647300.0,5252900.0,4116200.0,4227600.0,964530.0,4135000.0,1638700.0,6369200.0,1506700.0,7610900.0,1080700.0,744550.0,4005200.0,2996600.0,1988300.0,8411500.0,2288700.0,948280.0,1205600.0,3671000.0,3568300.0,1940100.0,1475700.0,747540.0,6807100.0,5275200.0,2336700.0,637470.0,17726000.0,3323000.0,5257900.0,1142200.0,18258000.0,5431600.0,1100100.0,8580600.0,1353300.0,1434500.0,3992400.0,5297000.0,799330.0,1639500.0,973680.0,1778500.0,1568200.0,1456500.0,7851700.0,2342100.0,1425100.0,12280000.0,2793800.0,1238000.0,1263500.0,3260300.0,951930.0,4669600.0,1133200.0,1854600.0,8075300.0,4435100.0,696550.0,1421900.0,10018000.0,5258300.0,5069200.0,15394000.0,3001700.0,1931800.0,2342400.0,2994600.0,3189800.0,1882600.0,1749500.0,2275100.0,1499400.0,7215800.0,652060.0,3656200.0,8296200.0,8910100.0,1863600.0,5378600.0,4029700.0,5011000.0,864140.0,1139900.0,5361500.0,1551600.0,6587500.0,3485200.0,7122400.0,1970700.0,1638700.0,1591200.0,1087700.0,1106100.0,2208100.0,945990.0,5091800.0,3371700.0,4404800.0,3356800.0,2894200.0,2745600.0,15584000.0,14989000.0,6042000.0,4601000.0,2807600.0,6148400.0,3762100.0,1781300.0,2740300.0,1353800.0,4824200.0,3044800.0,1.5253,1.8393,4.1736,2.2272,2.4661,3.6658,1.2782,2.2265,4.2227,1.2296,1.988,4.2317,2.4981,2.6637,4.3054,0.84853,2.0618,4.2166,1.536,2.4877,3.8924,3.0157,2.8403,5.8248,1.2276,1.9938,4.2308,1.7449,1.7192,4.2482,1.2769,2.2298,4.2273,0.84762,2.0596,4.2145,2.8976,2.8372,4.5258,5.7026,2.7758,1.4635,1.2344,2.8439,3.6183,0.94783,2.1471,3.0212,2.491,2.0578,4.4514,1.4719,1.6794,3.9036,0.66003,2.5776,3.8836,1.9946,1.7696,3.4771,1.0849,2.4424,3.0721,0.28564,2.2855,3.5616,1.7916,1.6686,3.388,2.1329,2.8153,4.4258,1.7985,1.6657,3.3874,1.4914,1.6726,3.9122,0.38913,2.1372,3.1981,2.036,2.3618,4.395,1.4751,1.67,3.2046,0.83957,1.8806,2.7724,3.0311,2.8417,5.8347,1.9962,1.7647,3.4767,0.99186,2.7164,2.8817,1.8053,2.5899,4.0012,0.64071,1.872,2.7915,1.0767,2.4433,3.0608,1.9016,1.9166,4.4931,1.6964,1.6912,3.8949,0.5167,2.1992,3.753,1.2055,2.4321,3.7907,1.0052,2.0667,3.2665,2.5462,2.3003,4.2933,2.0604,2.1556,4.6802,1.4845,1.6749,3.9115,1.8949,1.9242,4.492,1.4846,2.1725,3.2662,0.82804,2.0937,3.1785,2.424,2.3786,4.3206,1.9521,2.596,4.8898,1.9405,2.5981,4.8787,2.5458,2.2999,4.2894,1.2854,2.4908,3.9426,1.6995,2.2399,4.3015,2.1331,3.0569,4.0662,0.51363,2.4638,2.4852,1.5289,2.0509,4.6039,2.0641,3.063,4.0025,0.37602,2.3756,3.4315,1.6671,1.6308,4.083,0.72054,2.0395,3.0941,2.2434,2.2545,4.6518,0.61933,2.5965,3.007,0.9909,2.0846,3.2675,0.1208,2.8917,1.9491,1.9967,2.0044,4.5873,2.5433,2.3064,4.2845,2.6422,2.3353,5.1979,2.1327,2.8125,4.4209,1.0873,1.8526,3.9507,4.6152,2.9878,0.52038,0.87865,2.1289,3.0497,1.3233,2.1009,4.2647,1.0708,2.1001,3.4987,2.2889,2.7483,4.5584,1.6897,1.6002,4.1567,1.1446,2.554,3.0649,0.74899,2.4282,3.766,2.07,1.9197,3.7319,1.5839,2.4467,3.4707,1.6386,2.5361,3.603,1.6403,1.678,4.2558,2.0945,2.8004,4.578,2.1162,2.7989,4.6,3.3449,2.7882,6.1043,1.7008,1.605,4.1643,1.716,1.9978,3.4453,2.1593,2.9446,4.9648,1.1501,2.5561,3.0704,2.6406,2.443,4.9906,1.0105,2.6103,4.0744,1.5894,2.4434,3.4762,1.1692,1.8152,4.1002,1.6672,1.6291,4.084,1.713,1.9933,3.4461,0.20007,2.9435,3.255,2.8828,2.2888,4.5675,1.3336,1.9536,4.2179,1.2388,2.6783,3.3214,1.4619,2.4563,3.3488,1.8229,1.9789,3.7175,1.9496,2.3485,3.9945,1.0981,2.2907,3.1932,2.5298,2.0412,5.1599,1.2207,2.6887,3.308,1.46,2.462,3.3446,0.25438,2.9585,3.3018,0.67929,1.8104,2.9026,1.6988,2.0277,4.4293,1.4758,1.8649,4.1257,5.5176,2.8997,1.8353,0.81675,2.1299,2.7947,0.99668,2.6134,4.0674,2.1789,2.5287,3.6276,2.6418,2.4304,4.9835,2.8208,2.693,4.5244,2.1355,2.5098,4.5282,2.3461,2.1086,4.1899,0.76312,2.0019,3.3494,0.35017,2.4675,2.9006,0.59254,2.1458,3.7372,2.4006,2.5073,4.4432,0.7643,2.4483,2.8705,1.2596,1.5794,4.2955,1.6946,2.0026,3.4533,0.040252,2.6862,2.0634,3.2502,2.9442,6.2509,0.767,2.4425,2.8715,1.6579,1.6372,4.0908,1.5007,1.8465,3.186,0.75224,2.4511,2.8535,2.1722,2.3461,4.9551,1.1447,2.5607,3.0777,1.0381,1.9925,3.5148,0.5254,1.983,3.2586,1.7026,2.0001,3.4477,2.4012,2.0808,4.1839,2.1429,2.1541,4.9749,1.2978,1.7515,3.8023,0.69542,1.9776,2.7577,2.1409,2.153,4.9784,2.3053,2.1921,4.4647,1.561,2.3002,3.9639,4.1968,3.0034,0.13078,1.9484,2.351,3.9949,0.82298,1.9672,4.1173,1.1726,2.5798,4.215,3.5066,2.8507,6.0794,1.5491,1.6105,3.2812,0.31134,2.3064,3.4129,5.1239,2.9888,1.0443,0.54161,2.7877,3.2468,1.2524,2.5099,2.9805,2.1558,2.1478,4.9726,1.486,2.0931,4.3538,1.5385,1.6215,3.2945,1.3854,2.9255,3.344,0.47902,2.4392,2.734,0.91186,2.4535,2.9961,0.21938,2.6213,3.3406,1.6259,2.2681,4.1355,0.45933,2.4419,2.7196,1.0459,2.1824,3.6559,1.3819,1.8051,4.2952,0.31197,2.3058,3.4123,1.541,1.6129,3.284,0.47767,2.4388,2.7299,2.9852,2.8695,5.9134,1.9907,2.596,4.0319,1.9809,2.1854,4.5894,2.6021,2.7662,5.264,1.868,1.9657,3.8957,1.3075,1.8172,3.694,2.1655,2.1517,4.9821,1.4186,2.6503,4.0093,0.99648,3.0769,2.8268,4.6592,2.9797,0.3874,1.2533,2.6936,4.3197,1.9012,1.956,3.8856,1.2394,2.6363,2.8577,0.3437,2.7796,2.9437,0.9565,2.89,4.1431,0.55723,2.5157,2.5789,0.70754,1.9385,2.9795,0.54449,2.4056,3.4252,1.5868,2.1783,4.2388,1.248,2.6973,4.332,0.63717,1.9557,3.11,1.9861,1.8887,3.8095,1.2081,1.8479,3.6495,2.4538,2.7139,4.9717,1.3888,1.5282,4.1776,1.3801,2.152,3.1812,0.64621,1.9602,3.1061,0.49788,2.4323,2.5809,1.6429,2.2709,4.1332,2.4382,2.7117,4.9772,0.63128,1.9612,3.1026,1.5759,1.7127,3.3252,0.58745,3.0324,2.4819,0.56869,2.5185,2.5852,2.9446,2.7451,5.9115,6.1748,2.8634,2.539,4.6088,2.9827,0.32873,2.3549,2.3999,3.7576,0.93982,3.0816,3.7391,1.4182,2.279,3.5539,0.75768,3.0836,3.552,2.3709,2.234,3.8056,1.2139,1.8492,3.6501,2.4247,2.335,4.5648,2.587,2.6319,4.0447,1.2613,2.6894,4.3361,1.8734,1.9637,3.8992,1.1313,2.7945,3.6606,2.4411,2.472,5.0795,1.5851,2.6264,3.2998,2.1709,2.1931,4.0981,0.80058,1.9122,3.3745,2.3643,2.4056,3.7626,2.3523,2.407,3.7546,2.1918,1.8965,4.9133,2.6509,2.2909,4.7967,2.3684,2.2384,3.8095,1.3878,1.5884,3.8421,2.4567,2.7093,4.9864,1.8763,1.9623,3.9021,0.78375,2.1413,3.9787,1.6035,1.8352,4.267,2.445,2.7073,4.9821,1.4487,2.39,3.26,5.9217,2.8765,2.1978,1.8612,1.795,3.4813,1.984,3.0189,4.2995,2.02,1.9521,4.7604,1.1042,2.5824,4.2799,1.8889,2.1491,4.8685,1.6196,1.8031,3.964,1.6056,2.0093,3.3897,1.0249,2.7731,3.5778,0.92148,2.8359,3.8089,1.3984,2.4028,3.8505,1.1292,2.7886,3.6562,1.8314,1.7975,4.0934,0.88973,2.4609,2.7756,1.8985,2.0742,4.3854,0.073605,2.7965,2.8496,1.0839,1.9588,4.2685,0.9495,2.3329,3.0144,1.6293,2.3967,4.5849,0.98329,2.0884,2.8334,0.74819,2.0011,2.7371,1.6204,1.8017,3.9658,0.91192,2.4588,2.7852,1.3767,1.5872,3.8369,2.7727,2.5921,4.6361,1.0809,2.143,3.6294,1.1267,2.7953,3.6535,1.9782,1.9881,4.4757,1.0792,1.9622,4.2583,1.8577,1.6495,3.4481,1.6666,2.4813,3.9966,2.1274,2.5546,4.9194,2.1451,2.378,3.6995,1.1945,3.0726,3.4281,1.4424,1.4622,4.2358,0.62685,2.9977,3.6176,1.6272,1.7502,4.2349,0.75024,1.9987,2.7405,0.67329,2.1974,3.9548,2.681,2.602,4.5345,1.9936,2.1257,3.4402,1.3831,2.9203,3.5383,1.0825,2.1942,3.6347,2.5318,2.0018,4.4686,1.4926,1.735,4.4223,1.6093,2.5919,3.5807,2.0631,2.2869,4.0702,2.7111,2.3678,5.0066,0.44421,2.5286,2.953
0.018228,0.028392,0.0014867,205.68,207.72,202.31,0.0011838,0.0012951,0.0010004,202.19,206.88,205.19,194.9,189.29,199.65,223.17,209.95,222.63,198.59,224.14,239.78,199.35,196.23,199.51,208.5,205.84,203.15,173.1,188.26,246.17,196.82,175.76,211.37,180.4,220.67,206.5,245.14,146.12,218.01,193.96,205.71,166.98,225.0,225.35,263.76,212.5,178.81,217.06,255.69,240.88,161.11,245.16,171.01,216.27,198.82,233.88,226.59,251.44,223.86,226.87,197.78,241.64,245.05,232.56,197.27,232.4,200.82,183.37,268.21,229.15,223.4,230.53,175.7,204.23,185.13,204.12,186.74,258.39,203.9,200.08,205.24,214.01,220.99,187.81,185.62,222.32,208.41,233.99,222.81,206.86,229.72,237.79,190.93,234.81,146.14,232.49,187.61,214.44,196.01,226.66,228.96,196.14,191.89,192.29,176.11,214.91,253.45,175.43,199.67,233.59,242.52,252.25,216.26,205.0,222.69,280.99,209.22,175.67,214.12,219.15,183.06,205.59,229.32,146.29,241.77,209.77,232.26,236.46,225.96,157.72,222.64,242.8,168.0,194.55,199.81,232.18,160.7,208.06,230.1,222.5,212.68,247.25,197.11,190.49,229.29,221.06,214.14,240.52,225.48,220.59,185.94,235.27,232.13,189.16,199.4,280.62,185.0,200.73,251.88,185.0,192.01,258.33,196.62,130.4,253.13,230.35,234.54,200.76,252.61,195.28,195.4,162.7,177.82,184.53,206.96,164.91,225.37,231.31,187.24,206.65,220.72,226.64,190.7,215.77,198.77,189.56,194.44,192.02,270.96,198.53,241.46,255.66,202.65,229.74,196.87,256.28,203.71,197.81,238.27,260.88,205.14,229.61,213.36,181.89,235.9,212.47,205.38,202.31,219.4,190.68,218.1,204.89,213.23,209.95,188.49,211.22,193.72,237.37,234.28,204.88,189.9,171.46,214.16,245.71,177.41,191.08,261.32,195.87,206.84,222.31,207.78,215.53,236.9,243.07,176.35,217.16,183.08,230.11,203.4,234.39,172.0,230.21,229.36,166.75,245.8,206.04,150.81,224.97,176.78,202.28,218.59,172.33,206.23,223.92,192.63,211.91,217.77,209.1,178.95,225.55,199.49,201.77,202.47,164.06,247.86,240.77,198.32,166.29,197.58,256.7,211.47,220.16,209.02,146.98,157.85,197.37,231.13,204.29,208.05,207.41,201.69,183.97,165.35,180.74,224.05,215.36,225.35,219.42,0.00086341,0.0010599,0.0010426,0.0010516,0.0009718,0.001109,0.0011865,0.00095609,0.0011335,0.00096886,0.0011982,0.0013225,0.0011132,0.0010576,0.00101,0.0012699,0.0011729,0.0011207,0.0011094,0.0011579,0.0014595,0.0012938,0.0010972,0.0013911,0.0012352,0.0013201,0.0011594,0.0014368,0.0010673,0.0014697,0.0011596,0.0012669,0.001162,0.0012827,0.001366,0.0015644,0.001269,0.0012603,0.0013479,0.001407,0.0013086,0.0010102,0.0015181,0.0011866,0.0012696,0.001251,0.0013824,0.0012991,0.0014276,0.0013338,0.0011979,0.001286,0.0015102,0.0013359,0.0014076,0.0013033,0.0013496,0.0013143,0.0013014,0.0015666,0.0015665,0.0013945,0.0014368,0.0013032,0.0014271,0.0012354,0.0013874,0.0013324,0.0015159,0.0012962,0.0014333,0.0013545,0.0012896,0.0014236,0.0013072,0.0013263,0.0013283,0.0013253,0.0015113,0.0014859,0.0013236,0.0015216,0.0014636,0.0012004,0.0013235,0.0011416,0.001409,0.0013146,0.0013744,0.0012638,0.0014244,0.0013865,0.0013037,0.0012753,0.0012209,0.001194,0.0012675,0.0015483,0.0011896,0.0012687,0.001403,0.0014833,0.0015774,0.0013236,0.0014002,0.0014085,0.0015742,0.0013461,0.0012396,0.0012372,0.0015202,0.0012974,0.0013689,0.0014764,0.0012072,0.0015099,0.0013335,0.0014236,0.0014367,0.0014445,0.001211,0.0015174,0.0013829,0.0012361,0.0012654,0.0013509,0.0014803,0.0011589,0.0012397,0.0014868,0.0014499,0.0014167,0.0014604,0.0012128,0.0012284,0.0014588,0.0015262,0.0013346,0.0014926,0.0015241,0.0013662,0.001264,0.0012758,0.0014071,0.0013038,0.0014064,0.0014798,0.0012472,0.0013618,0.0014715,0.0011543,0.0013287,0.0016649,0.0012608,0.0010613,0.0014529,0.0013731,0.001484,0.0013921,0.0014904,0.0012349,0.0012501,0.001141,0.0012542,0.0012501,0.0012633,0.0011508,0.0014012,0.0014693,0.0012558,0.0012897,0.0012067,0.0014537,0.0013634,0.0012994,0.00127,0.0013248,0.0012997,0.0012501,0.0014898,0.0012594,0.0014543,0.0014259,0.0013177,0.0014569,0.0013705,0.0014523,0.0012875,0.001293,0.0014122,0.0014105,0.001374,0.001398,0.0013704,0.0015049,0.0014042,0.0013818,0.0013097,0.0013437,0.0013854,0.0012896,0.0013415,0.0013056,0.0013774,0.0012829,0.0015175,0.0013369,0.0013616,0.001389,0.0013568,0.0013177,0.0012893,0.0011874,0.0013084,0.0015076,0.0013013,0.0012921,0.0014591,0.0012703,0.0013905,0.0013747,0.0013278,0.0013432,0.0013385,0.0014733,0.0011988,0.0013762,0.0012041,0.0013461,0.0013894,0.0013068,0.0011861,0.0012912,0.0014266,0.0011709,0.0014449,0.0012281,0.0011865,0.0013531,0.0011376,0.0013026,0.0013104,0.0011662,0.0013248,0.0013423,0.0011068,0.0012524,0.0012999,0.001323,0.0011878,0.0014117,0.0012268,0.0012873,0.0011735,0.00095421,0.0012887,0.0013122,0.0011155,0.0011072,0.0011048,0.0014406,0.0013288,0.0013137,0.00099006,0.00090691,0.001008,0.0010205,0.0013756,0.0012221,0.0010082,0.0011849,0.0010061,0.001001,0.00086386,0.0008853,0.0011232,0.0011772,0.0012689,0.0012156,1074300.0,1105700.0,792270.0,4276700.0,2284500.0,1150800.0,5856800.0,1513400.0,1879800.0,3242500.0,2966100.0,734830.0,5652900.0,1298400.0,4052200.0,2459600.0,5070500.0,4091400.0,1340500.0,3371900.0,2502600.0,3347400.0,11704000.0,958350.0,6311800.0,749460.0,9101500.0,1591900.0,1841400.0,815570.0,3232100.0,1680500.0,5814300.0,23940000.0,2520900.0,2724900.0,4347000.0,1235900.0,1513400.0,1646200.0,2062700.0,1057700.0,2058300.0,1019200.0,7475600.0,2433400.0,1825600.0,1494000.0,2274900.0,15971000.0,952090.0,7278300.0,3995200.0,706940.0,3910700.0,1079100.0,2657700.0,17679000.0,32102000.0,2373200.0,1720700.0,1532600.0,2840700.0,1036400.0,1926200.0,3409900.0,803840.0,2871900.0,1940600.0,3915400.0,2755300.0,1446400.0,1119200.0,15048000.0,5077600.0,1340600.0,3613400.0,1673300.0,965090.0,2573300.0,3702600.0,1313000.0,893150.0,2116300.0,873820.0,1861100.0,2850800.0,4950200.0,4191200.0,2338500.0,5694300.0,1300700.0,9352900.0,4677300.0,1017700.0,1694700.0,903640.0,1769700.0,3509900.0,9918500.0,1730700.0,16523000.0,1417300.0,9919600.0,1633600.0,3256300.0,1272900.0,1628100.0,12535000.0,5115100.0,2157200.0,3869300.0,2389200.0,1225800.0,656170.0,3373000.0,11659000.0,2413800.0,1291100.0,778800.0,1922000.0,735100.0,1193700.0,2218700.0,8786700.0,4156700.0,2627900.0,3087700.0,2361300.0,1498700.0,773560.0,10411000.0,2404500.0,3548600.0,2073400.0,1371700.0,1031900.0,2014200.0,1052000.0,2853800.0,3921600.0,1159600.0,1477000.0,2103000.0,1521000.0,2210500.0,2422200.0,877170.0,6912100.0,1513500.0,9390500.0,6180200.0,809830.0,10291000.0,814480.0,1274500.0,19279000.0,683650.0,12167000.0,721740.0,5575100.0,3693400.0,3817200.0,2647300.0,5252900.0,4116200.0,4227600.0,964530.0,4135000.0,1638700.0,6369200.0,1506700.0,7610900.0,1080700.0,744550.0,4005200.0,2996600.0,1988300.0,8411500.0,2288700.0,948280.0,1205600.0,3671000.0,3568300.0,1940100.0,1475700.0,747540.0,6807100.0,5275200.0,2336700.0,637470.0,17726000.0,3323000.0,5257900.0,1142200.0,18258000.0,5431600.0,1100100.0,8580600.0,1353300.0,1434500.0,3992400.0,5297000.0,799330.0,1639500.0,973680.0,1778500.0,1568200.0,1456500.0,7851700.0,2342100.0,1425100.0,12280000.0,2793800.0,1238000.0,1263500.0,3260300.0,951930.0,4669600.0,1133200.0,1854600.0,8075300.0,4435100.0,696550.0,1421900.0,10018000.0,5258300.0,5069200.0,15394000.0,3001700.0,1931800.0,2342400.0,2994600.0,3189800.0,1882600.0,1749500.0,2275100.0,1499400.0,7215800.0,652060.0,3656200.0,8296200.0,8910100.0,1863600.0,5378600.0,4029700.0,5011000.0,864140.0,1139900.0,5361500.0,1551600.0,6587500.0,3485200.0,7122400.0,1970700.0,1638700.0,1591200.0,1087700.0,1106100.0,2208100.0,945990.0,5091800.0,3371700.0,4404800.0,3356800.0,2894200.0,2745600.0,15584000.0,14989000.0,6042000.0,4601000.0,2807600.0,6148400.0,3762100.0,1781300.0,2740300.0,1353800.0,4824200.0,3044800.0,1.5255,1.8398,4.1733,2.2273,2.4663,3.6657,1.2781,2.2267,4.2227,1.2292,1.9882,4.2314,2.4976,2.6637,4.3057,0.84674,2.0619,4.2165,1.539,2.4887,3.8921,3.0174,2.8405,5.8263,1.2271,1.9947,4.2303,1.7444,1.7193,4.2482,1.2769,2.2305,4.2281,0.84551,2.0592,4.2143,2.899,2.8374,4.5293,5.7003,2.7754,1.462,1.2344,2.8436,3.6182,0.94591,2.1475,3.0208,2.4924,2.0594,4.453,1.4717,1.6796,3.9034,0.66031,2.5793,3.8833,1.9925,1.771,3.478,1.0877,2.4412,3.0759,0.2879,2.2857,3.5607,1.7927,1.6678,3.3883,2.1299,2.8129,4.4202,1.8007,1.6651,3.387,1.4943,1.6719,3.9135,0.38781,2.1383,3.1966,2.0365,2.3635,4.3972,1.4751,1.6709,3.2057,0.84096,1.8823,2.7718,3.0358,2.8418,5.8389,1.9943,1.7657,3.4773,0.98909,2.7164,2.8824,1.8029,2.5899,4.0012,0.64265,1.873,2.7901,1.0779,2.4427,3.0628,1.9025,1.917,4.4931,1.6998,1.69,3.8948,0.51822,2.1988,3.7548,1.2079,2.4351,3.7915,1.0048,2.0685,3.2652,2.5465,2.3011,4.2945,2.0591,2.1573,4.6814,1.4857,1.6746,3.9119,1.8947,1.9256,4.4918,1.4836,2.1731,3.2658,0.82881,2.097,3.1761,2.4251,2.3802,4.3222,1.9529,2.5945,4.8888,1.9402,2.5986,4.8775,2.546,2.3007,4.2901,1.285,2.4916,3.9416,1.7021,2.2417,4.3033,2.145,3.0553,4.076,0.51644,2.4626,2.4879,1.526,2.0502,4.6035,2.0606,3.062,3.9971,0.37252,2.3761,3.4298,1.6682,1.6304,4.0831,0.7227,2.0434,3.093,2.2435,2.2574,4.6533,0.61878,2.5919,3.0099,0.98775,2.0891,3.2663,0.11828,2.892,1.9432,1.9971,2.0085,4.5876,2.543,2.3083,4.2836,2.6347,2.3344,5.1968,2.1286,2.8096,4.4137,1.089,1.8528,3.9522,4.6144,2.9851,0.52301,0.87683,2.1311,3.0484,1.3269,2.101,4.2649,1.0738,2.1028,3.4997,2.2826,2.7465,4.5518,1.6877,1.5999,4.1562,1.1454,2.553,3.0652,0.74915,2.4289,3.7653,2.0735,1.9175,3.7302,1.5807,2.4486,3.4711,1.6337,2.5391,3.602,1.6363,1.6773,4.257,2.0905,2.7977,4.5751,2.1156,2.7959,4.6012,3.3437,2.7893,6.1027,1.7011,1.6057,4.1654,1.7192,1.9963,3.4437,2.1653,2.9457,4.973,1.1516,2.5556,3.071,2.6409,2.4422,4.9907,1.0083,2.6118,4.0764,1.5868,2.4448,3.4777,1.1655,1.8191,4.0997,1.6685,1.6285,4.0839,1.7155,1.9909,3.4449,0.18215,2.9426,3.2388,2.8851,2.2878,4.5691,1.3368,1.954,4.2207,1.2377,2.6757,3.3226,1.4615,2.4558,3.35,1.8195,1.9773,3.7158,1.9496,2.3513,3.9952,1.0982,2.2923,3.194,2.5279,2.0392,5.1621,1.2168,2.6881,3.3076,1.4592,2.4624,3.3453,0.24729,2.9607,3.2947,0.67958,1.8114,2.8999,1.6983,2.0273,4.4314,1.4773,1.8647,4.1274,5.5124,2.8992,1.8313,0.8166,2.1316,2.7978,0.99155,2.6155,4.0677,2.1846,2.5294,3.6291,2.6418,2.4273,4.9815,2.8251,2.6902,4.5253,2.1296,2.5055,4.5269,2.3455,2.11,4.1894,0.76262,2.0049,3.3492,0.35581,2.466,2.9051,0.58992,2.147,3.742,2.4035,2.5063,4.4462,0.76776,2.4452,2.8746,1.2605,1.5791,4.2973,1.6933,2.002,3.4538,0.047445,2.6855,2.0664,3.2592,2.9451,6.262,0.77203,2.4378,2.8766,1.6575,1.6379,4.0913,1.5022,1.8439,3.1865,0.7542,2.4485,2.8547,2.173,2.3456,4.9548,1.1457,2.5603,3.08,1.0455,1.9988,3.517,0.52376,1.9841,3.2591,1.7032,1.9987,3.4471,2.4047,2.0814,4.1814,2.1433,2.154,4.9745,1.2995,1.7509,3.803,0.69781,1.978,2.758,2.1409,2.153,4.9787,2.3027,2.1937,4.4661,1.5598,2.3029,3.9642,4.1972,3.0019,0.13111,1.9467,2.3542,3.9949,0.81979,1.9678,4.1173,1.173,2.5817,4.2156,3.5051,2.85,6.0803,1.5527,1.6091,3.2802,0.30843,2.3082,3.4129,5.1201,2.9883,1.0367,0.53919,2.7883,3.2464,1.2503,2.5106,2.9816,2.1584,2.1469,4.9711,1.4885,2.0928,4.3549,1.541,1.6216,3.2962,1.3875,2.9248,3.34,0.48522,2.437,2.7377,0.90934,2.4531,2.9956,0.21913,2.622,3.3405,1.6292,2.2711,4.1381,0.46271,2.4409,2.7215,1.0453,2.1854,3.6548,1.3795,1.8044,4.2958,0.30955,2.3072,3.4129,1.5435,1.612,3.2836,0.48434,2.4364,2.7331,2.9872,2.8693,5.9176,1.9868,2.595,4.0309,1.9833,2.187,4.59,2.5947,2.7643,5.2611,1.8636,1.9656,3.8939,1.3103,1.8168,3.6953,2.1699,2.1513,4.9825,1.4215,2.6485,4.0091,0.9742,3.0752,2.8018,4.653,2.9781,0.38204,1.253,2.6958,4.3171,1.9008,1.9555,3.8858,1.2384,2.6365,2.8567,0.34145,2.7807,2.9433,0.9601,2.8902,4.1454,0.55505,2.5147,2.5792,0.70925,1.9403,2.9764,0.54411,2.4078,3.4242,1.5907,2.179,4.2413,1.2467,2.7,4.3319,0.63731,1.9576,3.1077,1.9878,1.8869,3.8076,1.211,1.8481,3.6506,2.4504,2.7119,4.9675,1.391,1.5297,4.1784,1.3781,2.1513,3.1823,0.64791,1.963,3.1033,0.50511,2.4286,2.5837,1.6484,2.2747,4.1346,2.4327,2.7091,4.9748,0.63019,1.964,3.0993,1.5783,1.7127,3.3248,0.59946,3.0311,2.4898,0.56821,2.5181,2.5859,2.9526,2.7453,5.9173,6.1749,2.8636,2.5391,4.5951,2.9812,0.31452,2.3561,2.3979,3.7576,0.95814,3.0814,3.7611,1.4135,2.2845,3.5515,0.74173,3.0844,3.5389,2.3713,2.2332,3.8044,1.218,1.8494,3.6515,2.4243,2.3345,4.5661,2.5877,2.6332,4.0481,1.2618,2.6902,4.3362,1.8701,1.9633,3.8977,1.1331,2.7936,3.6631,2.4385,2.4691,5.076,1.581,2.627,3.3005,2.1713,2.1945,4.0974,0.80301,1.9142,3.3749,2.3671,2.4046,3.7641,2.3526,2.4059,3.7541,2.1936,1.8989,4.9162,2.6515,2.2909,4.7975,2.3686,2.2383,3.8092,1.3891,1.5889,3.8436,2.4541,2.7068,4.9849,1.8738,1.9616,3.9012,0.78455,2.141,3.9827,1.6038,1.8352,4.2686,2.4407,2.704,4.9803,1.4495,2.39,3.26,5.9209,2.8757,2.1965,1.8614,1.7938,3.4827,1.9851,3.0173,4.2989,2.0217,1.9527,4.7624,1.1056,2.583,4.2819,1.8906,2.1489,4.8702,1.6208,1.8027,3.9634,1.6059,2.0092,3.3888,1.0282,2.7719,3.5817,0.92451,2.8363,3.8098,1.4028,2.4057,3.8521,1.1307,2.7863,3.6579,1.83,1.7968,4.0933,0.88557,2.4607,2.7764,1.8964,2.0754,4.3856,0.074755,2.7964,2.8529,1.0833,1.9584,4.27,0.9503,2.3319,3.0158,1.6286,2.3969,4.5844,0.98407,2.0883,2.8335,0.74901,2.0014,2.7358,1.6219,1.801,3.9653,0.9117,2.4584,2.7877,1.3757,1.5872,3.837,2.7727,2.5924,4.6357,1.0802,2.1442,3.6297,1.1281,2.794,3.6545,1.9786,1.9882,4.4756,1.078,1.9622,4.258,1.8586,1.6493,3.4478,1.6675,2.4816,3.9961,2.1306,2.5544,4.9187,2.1429,2.3775,3.6971,1.196,3.0723,3.4299,1.4416,1.4615,4.2362,0.62893,2.9972,3.619,1.6276,1.7496,4.235,0.75126,1.9988,2.74,0.67024,2.1979,3.9569,2.6793,2.6019,4.5338,1.9941,2.1252,3.4404,1.3832,2.9197,3.5384,1.0826,2.1947,3.6344,2.5319,2.0023,4.4687,1.4929,1.735,4.4223,1.609,2.5917,3.5804,2.0632,2.2869,4.07,2.7109,2.3664,5.0055,0.44425,2.528,2.9525
0.020358,0.03177,0.0015595,206.3,208.6,202.5,0.0011876,0.0013003,0.0010018,202.61,207.62,205.72,195.61,189.69,199.61,223.61,210.39,223.44,199.15,224.95,240.5,199.69,196.68,199.58,209.35,206.21,203.85,173.76,188.45,247.47,197.62,176.25,212.19,180.93,221.63,207.1,246.05,146.53,219.04,194.39,205.88,167.21,225.76,226.18,264.91,213.48,179.69,218.06,257.06,241.75,161.21,246.12,171.52,217.11,199.49,234.65,227.34,252.68,224.69,227.57,198.31,243.08,246.3,233.95,198.28,233.21,201.93,184.37,269.74,230.48,224.71,232.35,175.58,205.09,185.66,205.41,187.93,258.77,204.97,201.25,205.36,214.89,222.07,188.23,185.72,223.11,209.46,235.03,224.15,208.04,230.52,238.87,192.15,235.88,145.73,234.04,188.71,215.94,196.84,227.37,230.86,197.29,193.05,192.78,174.16,215.35,255.27,176.51,200.46,235.85,243.01,254.38,217.63,206.39,225.25,283.11,210.86,176.74,215.22,214.71,184.21,206.91,231.54,143.43,243.4,211.25,233.9,237.68,222.65,158.79,223.63,244.04,169.47,195.78,201.01,234.57,161.56,200.75,232.03,223.95,215.23,250.99,197.69,191.2,223.72,223.61,215.5,241.47,226.85,221.85,186.9,236.12,234.77,190.17,201.78,283.24,186.66,201.55,251.76,185.79,193.38,260.52,197.46,130.92,254.47,232.3,235.82,201.3,254.76,195.82,196.89,163.46,176.95,185.51,208.28,165.63,227.16,231.52,187.88,207.14,221.13,227.61,190.58,217.09,200.2,190.48,195.1,192.93,271.33,199.3,241.93,258.16,203.92,230.92,198.14,257.77,204.88,198.67,239.52,262.57,205.99,230.6,215.03,184.2,237.13,213.48,207.01,202.76,220.11,191.67,219.2,206.01,214.3,211.0,191.11,212.44,194.56,238.3,235.48,205.88,190.59,172.35,214.99,247.37,178.42,191.86,262.3,196.73,207.9,223.22,208.49,216.45,238.01,243.82,177.01,218.95,183.82,230.94,203.83,234.97,172.59,231.08,230.41,166.97,246.51,206.55,151.61,225.76,177.26,203.18,219.63,172.87,207.16,224.46,192.87,212.76,218.51,210.09,179.37,226.16,199.89,202.48,203.24,164.18,248.64,241.63,198.86,166.45,197.94,257.27,212.42,220.68,209.6,146.77,158.13,197.87,231.65,205.09,208.53,208.06,201.9,184.42,165.38,181.25,224.46,215.63,226.07,219.71,0.00085712,0.0010582,0.0010419,0.001052,0.00097105,0.0011071,0.0011876,0.00095304,0.0011349,0.00096741,0.0012009,0.0013259,0.0011127,0.0010593,0.0010075,0.001274,0.0011743,0.0011234,0.0011128,0.0011588,0.0014667,0.0012988,0.0010992,0.0013961,0.0012391,0.0013265,0.0011626,0.0014417,0.0010701,0.0014761,0.0011622,0.0012687,0.0011632,0.0012861,0.0013713,0.001571,0.0012741,0.0012658,0.0013544,0.0014148,0.0013133,0.0010096,0.0015242,0.0011904,0.001275,0.0012547,0.0013876,0.0013017,0.0014348,0.0013383,0.0011997,0.0012891,0.0015175,0.0013421,0.0014152,0.0013084,0.0013546,0.0013223,0.0013082,0.0015764,0.0015751,0.0014024,0.0014477,0.0013063,0.001434,0.0012392,0.0013963,0.0013402,0.001522,0.0013029,0.0014414,0.0013585,0.0012946,0.0014295,0.0013124,0.0013281,0.0013334,0.0013314,0.0015168,0.0014936,0.001333,0.0015307,0.0014722,0.0012075,0.0013292,0.0011421,0.0014187,0.0013213,0.0013841,0.0012712,0.0014291,0.0013975,0.0013126,0.0012838,0.0012241,0.0011886,0.0012711,0.0015601,0.0011961,0.001275,0.001417,0.0014856,0.001589,0.0013312,0.0014085,0.001424,0.0015876,0.0013542,0.0012474,0.0012437,0.0015007,0.0013068,0.0013768,0.0014895,0.0012044,0.0015255,0.001342,0.001432,0.0014466,0.0014382,0.0012164,0.0015261,0.0013907,0.001245,0.0012731,0.001356,0.0014944,0.0011649,0.0011434,0.0014979,0.0014586,0.0014288,0.0014778,0.0012169,0.0012343,0.0014524,0.0015404,0.0013416,0.0014989,0.0015303,0.0013716,0.0012695,0.0012806,0.0014199,0.0013117,0.0014171,0.0014912,0.0012555,0.0013717,0.0014732,0.0011594,0.0013361,0.001677,0.0012664,0.0010648,0.0014638,0.0013837,0.0014916,0.0013943,0.001502,0.001239,0.0012587,0.001147,0.0012542,0.0012591,0.0012706,0.0011565,0.0014107,0.0014718,0.001262,0.0012971,0.0012095,0.0014612,0.0013685,0.0013083,0.0012781,0.0013327,0.0013054,0.0012551,0.001493,0.0012648,0.0014588,0.0014393,0.0013265,0.001464,0.0013791,0.0014614,0.0012944,0.001299,0.0014179,0.0014177,0.0013795,0.0014037,0.0013812,0.0015185,0.0014127,0.001388,0.001318,0.0013504,0.001389,0.0012972,0.0013489,0.001313,0.0013845,0.0012882,0.0015322,0.0013434,0.0013668,0.0013953,0.0013614,0.0013225,0.001294,0.0011933,0.0013123,0.0015169,0.0013057,0.0012964,0.0014644,0.0012752,0.0013965,0.0013805,0.0013317,0.0013476,0.0013445,0.0014782,0.0012024,0.001387,0.001209,0.0013509,0.0013927,0.0013104,0.0011897,0.0012954,0.001433,0.0011725,0.001449,0.001231,0.0011914,0.0013582,0.0011408,0.0013086,0.0013161,0.0011702,0.0013276,0.0013458,0.0011075,0.0012573,0.0013028,0.0013274,0.0011903,0.0014154,0.0012294,0.0012912,0.0011773,0.00095408,0.0012925,0.0013171,0.0011177,0.0011087,0.0011059,0.0014428,0.0013338,0.0013167,0.000989,0.0009041,0.0010079,0.0010201,0.0013784,0.0012263,0.0010062,0.0011864,0.001005,0.0010016,0.00086255,0.00088336,0.0011233,0.0011771,0.0012719,0.0012171,1074300.0,1105700.0,792270.0,4276700.0,2284500.0,1150800.0,5856800.0,1513400.0,1879800.0,3242500.0,2966100.0,734830.0,5652900.0,1298400.0,4052200.0,2459600.0,5070500.0,4091400.0,1340500.0,3371900.0,2502600.0,3347400.0,11704000.0,958350.0,6311800.0,749460.0,9101500.0,1591900.0,1841400.0,815570.0,3232100.0,1680500.0,5814300.0,23940000.0,2520900.0,2724900.0,4347000.0,1235900.0,1513400.0,1646200.0,2062700.0,1057700.0,2058300.0,1019200.0,7475600.0,2433400.0,1825600.0,1494000.0,2274900.0,15971000.0,952090.0,7278300.0,3995200.0,706940.0,3910700.0,1079100.0,2657700.0,17679000.0,32102000.0,2373200.0,1720700.0,1532600.0,2840700.0,1036400.0,1926200.0,3409900.0,803840.0,2871900.0,1940600.0,3915400.0,2755300.0,1446400.0,1119200.0,15048000.0,5077600.0,1340600.0,3613400.0,1673300.0,965090.0,2573300.0,3702600.0,1313000.0,893150.0,2116300.0,873820.0,1861100.0,2850800.0,4950200.0,4191200.0,2338500.0,5694300.0,1300700.0,9352900.0,4677300.0,1017700.0,1694700.0,903640.0,1769700.0,3509900.0,9918500.0,1730700.0,16523000.0,1417300.0,9919600.0,1633600.0,3256300.0,1272900.0,1628100.0,12535000.0,5115100.0,2157200.0,3869300.0,2389200.0,1225800.0,656170.0,3373000.0,11659000.0,2413800.0,1291100.0,778800.0,1922000.0,735100.0,1193700.0,2218700.0,8786700.0,4156700.0,2627900.0,3087700.0,2361300.0,1498700.0,773560.0,10411000.0,2404500.0,3548600.0,2073400.0,1371700.0,1031900.0,2014200.0,1052000.0,2853800.0,3921600.0,1159600.0,1477000.0,2103000.0,1521000.0,2210500.0,2422200.0,877170.0,6912100.0,1513500.0,9390500.0,6180200.0,809830.0,10291000.0,814480.0,1274500.0,19279000.0,683650.0,12167000.0,721740.0,5575100.0,3693400.0,3817200.0,2647300.0,5252900.0,4116200.0,4227600.0,964530.0,4135000.0,1638700.0,6369200.0,1506700.0,7610900.0,1080700.0,744550.0,4005200.0,2996600.0,1988300.0,8411500.0,2288700.0,948280.0,1205600.0,3671000.0,3568300.0,1940100.0,1475700.0,747540.0,6807100.0,5275200.0,2336700.0,637470.0,17726000.0,3323000.0,5257900.0,1142200.0,18258000.0,5431600.0,1100100.0,8580600.0,1353300.0,1434500.0,3992400.0,5297000.0,799330.0,1639500.0,973680.0,1778500.0,1568200.0,1456500.0,7851700.0,2342100.0,1425100.0,12280000.0,2793800.0,1238000.0,1263500.0,3260300.0,951930.0,4669600.0,1133200.0,1854600.0,8075300.0,4435100.0,696550.0,1421900.0,10018000.0,5258300.0,5069200.0,15394000.0,3001700.0,1931800.0,2342400.0,2994600.0,3189800.0,1882600.0,1749500.0,2275100.0,1499400.0,7215800.0,652060.0,3656200.0,8296200.0,8910100.0,1863600.0,5378600.0,4029700.0,5011000.0,864140.0,1139900.0,5361500.0,1551600.0,6587500.0,3485200.0,7122400.0,1970700.0,1638700.0,1591200.0,1087700.0,1106100.0,2208100.0,945990.0,5091800.0,3371700.0,4404800.0,3356800.0,2894200.0,2745600.0,15584000.0,14989000.0,6042000.0,4601000.0,2807600.0,6148400.0,3762100.0,1781300.0,2740300.0,1353800.0,4824200.0,3044800.0,1.5256,1.8401,4.1732,2.2274,2.4665,3.6657,1.2781,2.2269,4.2227,1.2289,1.9883,4.2312,2.4973,2.6637,4.3059,0.84541,2.0619,4.2165,1.5412,2.4895,3.892,3.0187,2.8407,5.8275,1.2267,1.9955,4.2298,1.744,1.7193,4.2482,1.2769,2.231,4.2286,0.84393,2.0589,4.2142,2.9,2.8376,4.5319,5.6987,2.7752,1.4609,1.2345,2.8434,3.6182,0.94447,2.1478,3.0204,2.4935,2.0606,4.4542,1.4715,1.6798,3.9033,0.66053,2.5806,3.883,1.9911,1.772,3.4786,1.0897,2.4403,3.0788,0.28953,2.2858,3.56,1.7935,1.6673,3.3884,2.1277,2.8111,4.416,1.8023,1.6646,3.3867,1.4965,1.6714,3.9145,0.38683,2.1391,3.1955,2.0368,2.3648,4.3988,1.4751,1.6716,3.2066,0.84197,1.8836,2.7714,3.0394,2.8418,5.842,1.993,1.7664,3.4778,0.98705,2.7164,2.8828,1.8012,2.5899,4.0013,0.64408,1.8738,2.7891,1.0787,2.4422,3.0642,1.9032,1.9174,4.4932,1.7022,1.6891,3.8947,0.51937,2.1985,3.7562,1.2098,2.4373,3.7922,1.0045,2.0698,3.2642,2.5467,2.3017,4.2953,2.0582,2.1586,4.6822,1.4866,1.6744,3.9122,1.8944,1.9266,4.4917,1.4829,2.1735,3.2656,0.82934,2.0995,3.1743,2.4259,2.3814,4.3233,1.9535,2.5934,4.888,1.94,2.5989,4.8765,2.5462,2.3013,4.2906,1.2846,2.4923,3.9408,1.7041,2.243,4.3046,2.1536,3.0541,4.083,0.51853,2.4617,2.4899,1.5239,2.0497,4.6032,2.0581,3.0614,3.9932,0.36991,2.3764,3.4285,1.6691,1.6302,4.0831,0.72431,2.0463,3.0921,2.2437,2.2594,4.6544,0.61834,2.5885,3.0119,0.98537,2.0925,3.2653,0.11638,2.8923,1.9389,1.9973,2.0116,4.5878,2.5428,2.3098,4.283,2.629,2.3337,5.1959,2.1255,2.8075,4.4084,1.0902,1.8528,3.9533,4.6138,2.983,0.52497,0.87549,2.1327,3.0474,1.3296,2.101,4.2651,1.076,2.1047,3.5005,2.2781,2.7451,4.547,1.6862,1.5997,4.1559,1.1461,2.5523,3.0655,0.74927,2.4295,3.7647,2.0761,1.9159,3.7289,1.5784,2.4501,3.4713,1.6301,2.5412,3.6013,1.6333,1.6767,4.2579,2.0876,2.7957,4.573,2.115,2.7937,4.6021,3.3428,2.7902,6.1016,1.7013,1.6062,4.1662,1.7216,1.9952,3.4425,2.1699,2.9465,4.9792,1.1527,2.5553,3.0714,2.6411,2.4416,4.9907,1.0066,2.6129,4.078,1.5849,2.4459,3.4788,1.1627,1.8221,4.0993,1.6696,1.628,4.0837,1.7174,1.9891,3.4439,0.16856,2.9419,3.2265,2.8867,2.2871,4.5705,1.3393,1.9544,4.2227,1.2369,2.6739,3.3235,1.4612,2.4554,3.3509,1.8169,1.9762,3.7145,1.9496,2.3535,3.9958,1.0983,2.2935,3.1946,2.5265,2.0376,5.1638,1.2139,2.6876,3.3073,1.4586,2.4628,3.3459,0.24194,2.9624,3.2893,0.67977,1.8122,2.8979,1.6978,2.0271,4.433,1.4784,1.8645,4.1286,5.5084,2.8987,1.8283,0.81663,2.1329,2.8002,0.98764,2.617,4.0679,2.189,2.5299,3.6302,2.6417,2.4249,4.98,2.8285,2.6882,4.526,2.1251,2.5024,4.5261,2.3451,2.1111,4.1891,0.76226,2.0071,3.349,0.36005,2.4648,2.9085,0.5878,2.1479,3.7457,2.4056,2.5056,4.4484,0.77018,2.443,2.8776,1.2611,1.5788,4.2986,1.6923,2.0016,3.4541,0.052803,2.685,2.0686,3.2659,2.9457,6.2703,0.7757,2.4344,2.8803,1.6571,1.6384,4.0918,1.5034,1.8419,3.1869,0.75558,2.4466,2.8556,2.1736,2.3453,4.9546,1.1468,2.56,3.0818,1.0509,2.0036,3.5185,0.5225,1.985,3.2596,1.7037,1.9976,3.4466,2.4075,2.0819,4.1794,2.1436,2.1538,4.9742,1.3007,1.7504,3.8035,0.69956,1.9783,2.7583,2.1408,2.1531,4.9789,2.3008,2.195,4.4672,1.559,2.305,3.9645,4.1974,3.0008,0.13127,1.9453,2.3566,3.9949,0.8174,1.9682,4.1174,1.1734,2.583,4.216,3.5039,2.8493,6.0809,1.5554,1.6081,3.2795,0.30613,2.3096,3.4129,5.1171,2.9879,1.0311,0.53738,2.7888,3.2461,1.2488,2.5111,2.9824,2.1604,2.1463,4.97,1.4905,2.0925,4.3558,1.5429,1.6217,3.2975,1.3892,2.9243,3.337,0.48985,2.4354,2.7405,0.90748,2.4529,2.9952,0.21906,2.6225,3.3405,1.6317,2.2733,4.14,0.46522,2.4402,2.7228,1.0448,2.1877,3.654,1.3776,1.8038,4.2961,0.30778,2.3082,3.4133,1.5455,1.6114,3.2832,0.48935,2.4346,2.7355,2.9886,2.8692,5.9207,1.9838,2.5943,4.0302,1.985,2.1883,4.5905,2.589,2.7628,5.2588,1.8601,1.9655,3.8925,1.3123,1.8165,3.6963,2.1731,2.151,4.9827,1.4236,2.6471,4.0088,0.95781,3.0739,2.7834,4.6484,2.977,0.3781,1.2528,2.6975,4.3152,1.9005,1.9552,3.886,1.2376,2.6367,2.856,0.33968,2.7815,2.9429,0.9627,2.8905,4.147,0.55345,2.5138,2.5795,0.71056,1.9416,2.9741,0.54382,2.4094,3.4234,1.5937,2.1796,4.2431,1.2457,2.702,4.3317,0.63745,1.959,3.106,1.9891,1.8855,3.8061,1.2132,1.8483,3.6514,2.4478,2.7104,4.9643,1.3928,1.5308,4.179,1.3765,2.1508,3.183,0.64919,1.9652,3.1013,0.51045,2.4259,2.5857,1.6524,2.2776,4.1355,2.4287,2.7073,4.9732,0.62938,1.9661,3.0967,1.58,1.7127,3.3246,0.60804,3.0301,2.4953,0.56785,2.5179,2.5865,2.9585,2.7454,5.9216,6.175,2.8636,2.5392,4.585,2.9801,0.30404,2.357,2.3963,3.7576,0.97177,3.0812,3.7775,1.4099,2.2886,3.5496,0.72949,3.0849,3.5288,2.3715,2.2325,3.8034,1.221,1.8495,3.6525,2.4241,2.3342,4.5672,2.5882,2.6342,4.0506,1.2622,2.6908,4.3364,1.8676,1.963,3.8966,1.1344,2.7929,3.665,2.4366,2.467,5.0734,1.5779,2.6275,3.301,2.1716,2.1955,4.097,0.80478,1.9156,3.3752,2.3692,2.4038,3.7652,2.3528,2.4051,3.7537,2.195,1.9007,4.9183,2.652,2.2909,4.798,2.3688,2.2382,3.8089,1.3901,1.5892,3.8448,2.4522,2.705,4.9838,1.8719,1.9612,3.9005,0.78516,2.1409,3.9857,1.604,1.8351,4.2698,2.4376,2.7016,4.9791,1.4501,2.39,3.26,5.9203,2.8751,2.1956,1.8616,1.7929,3.4837,1.9858,3.0162,4.2983,2.0229,1.9531,4.7638,1.1066,2.5834,4.2833,1.8919,2.1488,4.8714,1.6217,1.8023,3.963,1.6062,2.0092,3.3881,1.0307,2.771,3.5846,0.92675,2.8365,3.8104,1.4061,2.4078,3.8533,1.1318,2.7846,3.6591,1.8289,1.7962,4.0931,0.88254,2.4606,2.7769,1.8948,2.0763,4.3858,0.075599,2.7962,2.8553,1.0828,1.9581,4.2711,0.95089,2.3312,3.0169,1.628,2.397,4.5841,0.98464,2.0882,2.8335,0.74963,2.0016,2.7348,1.623,1.8005,3.9649,0.91153,2.4581,2.7895,1.3749,1.5873,3.8371,2.7727,2.5926,4.6354,1.0797,2.1452,3.63,1.1292,2.7931,3.6552,1.979,1.9883,4.4755,1.0771,1.9622,4.2578,1.8593,1.6492,3.4476,1.6682,2.4818,3.9957,2.133,2.5543,4.9182,2.1413,2.3772,3.6954,1.1971,3.072,3.4311,1.441,1.461,4.2365,0.63045,2.9969,3.62,1.6279,1.7491,4.2351,0.75201,1.9989,2.7396,0.66799,2.1984,3.9585,2.6779,2.6018,4.5334,1.9944,2.1248,3.4406,1.3833,2.9191,3.5385,1.0826,2.1951,3.6342,2.532,2.0028,4.4688,1.493,1.735,4.4222,1.6088,2.5916,3.5803,2.0632,2.2869,4.0698,2.7107,2.3653,5.0047,0.44428,2.5276,2.952
0.02142,0.033456,0.0015964,206.68,209.12,202.67,0.0011898,0.0013034,0.0010029,202.89,208.04,206.08,196.03,189.97,199.76,223.92,210.68,223.94,199.5,225.44,240.98,199.92,197.0,199.72,209.94,206.45,204.3,174.16,188.57,248.28,198.07,176.55,212.65,181.25,222.23,207.5,246.65,146.78,219.55,194.64,205.97,167.38,226.25,226.7,265.64,214.1,180.07,218.74,257.96,242.32,161.34,246.67,171.81,217.68,199.9,235.17,227.83,253.52,225.22,228.07,198.66,243.98,247.08,234.91,198.97,233.76,202.54,184.87,270.72,231.44,225.46,233.43,175.48,205.64,186.0,206.05,188.46,258.94,205.51,201.9,205.34,215.54,222.82,188.59,185.96,223.54,210.28,235.8,224.95,208.59,230.94,239.33,192.74,236.64,145.72,234.88,189.14,216.7,197.38,227.98,231.84,197.8,193.51,193.07,173.67,215.71,256.3,177.1,200.88,236.79,243.63,255.57,218.37,207.06,226.39,284.42,211.7,177.28,215.78,213.94,184.8,207.61,232.51,142.5,244.41,211.98,234.74,238.17,222.06,159.4,224.36,244.62,170.32,196.29,201.56,235.99,162.08,199.19,233.08,224.84,216.17,252.6,198.05,191.56,222.5,224.5,216.15,241.92,227.59,222.5,187.6,236.46,235.94,190.77,202.6,284.15,187.32,202.11,251.88,186.2,194.0,262.01,197.91,131.13,254.47,233.33,236.57,201.74,255.88,196.13,197.69,163.76,176.79,185.93,208.92,166.05,228.08,231.93,188.09,207.44,221.43,228.27,190.56,217.68,200.92,190.86,195.34,193.37,271.66,199.84,242.3,259.42,204.53,231.64,198.8,258.65,205.56,199.03,240.33,263.44,206.62,231.25,215.87,185.61,237.82,214.06,207.88,202.92,220.55,192.15,219.64,206.57,214.85,211.57,192.82,213.14,195.12,238.65,236.22,206.45,190.86,172.83,215.48,248.36,179.07,192.21,262.69,197.19,208.54,223.83,208.92,217.04,238.7,244.19,177.42,219.96,184.21,231.44,204.07,235.21,172.88,231.64,231.06,167.07,246.89,206.82,152.12,226.27,177.6,203.74,220.27,173.22,207.72,224.71,192.97,213.3,218.99,210.61,179.66,226.56,200.14,202.88,203.72,164.33,249.02,242.21,199.22,166.62,198.2,257.67,213.07,220.95,209.89,146.72,158.35,198.19,231.99,205.6,208.78,208.43,202.11,184.7,165.48,181.55,224.75,215.84,226.54,219.99,0.00085486,0.001058,0.0010425,0.001053,0.00097146,0.0011072,0.0011889,0.00095225,0.0011366,0.00096753,0.001203,0.0013282,0.0011128,0.0010608,0.0010071,0.0012771,0.0011755,0.0011256,0.0011149,0.0011596,0.0014714,0.0013015,0.0011007,0.001399,0.0012414,0.0013305,0.0011648,0.0014449,0.0010719,0.0014794,0.0011637,0.0012696,0.0011642,0.0012886,0.0013747,0.0015751,0.0012775,0.0012683,0.0013589,0.0014202,0.0013168,0.0010097,0.0015279,0.0011926,0.0012788,0.0012572,0.0013913,0.0013035,0.0014399,0.0013414,0.0012013,0.0012912,0.0015222,0.0013458,0.0014206,0.0013118,0.0013577,0.0013266,0.0013115,0.0015828,0.0015811,0.0014069,0.0014544,0.0013073,0.0014384,0.0012414,0.0014014,0.0013436,0.001525,0.0013066,0.0014458,0.00136,0.0012982,0.0014337,0.0013157,0.0013298,0.001336,0.0013361,0.0015208,0.0014981,0.0013377,0.0015356,0.0014764,0.0012106,0.0013331,0.0011433,0.0014232,0.001324,0.0013885,0.0012752,0.0014328,0.0014042,0.0013165,0.0012872,0.0012253,0.0011879,0.0012737,0.0015669,0.0011995,0.0012781,0.0014224,0.0014889,0.0015955,0.0013352,0.0014124,0.0014308,0.0015946,0.0013584,0.0012512,0.0012471,0.0014976,0.001311,0.0013811,0.001495,0.0012033,0.0015341,0.0013461,0.0014363,0.0014512,0.0014379,0.0012193,0.0015314,0.0013943,0.0012498,0.0012762,0.0013587,0.0015031,0.0011685,0.00112,0.0015042,0.0014637,0.0014337,0.0014864,0.0012193,0.0012372,0.0014535,0.001546,0.0013449,0.0015022,0.0015334,0.001375,0.0012735,0.001283,0.0014258,0.0013167,0.0014208,0.0014952,0.0012588,0.0013767,0.001475,0.0011622,0.0013394,0.0016843,0.0012692,0.0010663,0.0014655,0.0013895,0.0014959,0.0013969,0.0015078,0.0012414,0.0012633,0.0011495,0.0012554,0.0012627,0.0012742,0.0011599,0.0014159,0.0014748,0.0012644,0.0013005,0.0012115,0.0014655,0.001371,0.0013125,0.0012821,0.0013357,0.0013075,0.0012573,0.001495,0.0012678,0.0014618,0.0014463,0.0013307,0.0014681,0.0013829,0.0014666,0.001298,0.0013012,0.0014217,0.0014211,0.0013832,0.0014075,0.0013869,0.0015262,0.0014174,0.0013917,0.001322,0.0013532,0.0013912,0.0013005,0.0013519,0.0013167,0.0013884,0.0012909,0.0015416,0.001347,0.0013701,0.0013976,0.0013646,0.0013251,0.0012958,0.0011963,0.0013147,0.0015228,0.0013086,0.0012982,0.0014667,0.0012779,0.0014,0.0013846,0.0013339,0.0013505,0.0013482,0.0014809,0.0012045,0.0013929,0.0012117,0.001354,0.0013946,0.001312,0.0011914,0.0012981,0.0014371,0.0011733,0.0014512,0.0012325,0.0011946,0.0013616,0.0011431,0.0013126,0.0013198,0.0011728,0.0013293,0.0013477,0.0011077,0.0012604,0.0013051,0.0013301,0.001192,0.001418,0.001231,0.0012935,0.0011799,0.00095463,0.0012944,0.0013206,0.0011195,0.0011102,0.0011069,0.0014445,0.0013372,0.0013184,0.00098873,0.00090325,0.0010083,0.0010205,0.0013804,0.0012291,0.0010054,0.0011876,0.0010052,0.0010025,0.00086256,0.00088296,0.001124,0.0011775,0.0012739,0.0012188,1074300.0,1105700.0,792270.0,4276700.0,2284500.0,1150800.0,5856800.0,1513400.0,1879800.0,3242500.0,2966100.0,734830.0,5652900.0,1298400.0,4052200.0,2459600.0,5070500.0,4091400.0,1340500.0,3371900.0,2502600.0,3347400.0,11704000.0,958350.0,6311800.0,749460.0,9101500.0,1591900.0,1841400.0,815570.0,3232100.0,1680500.0,5814300.0,23940000.0,2520900.0,2724900.0,4347000.0,1235900.0,1513400.0,1646200.0,2062700.0,1057700.0,2058300.0,1019200.0,7475600.0,2433400.0,1825600.0,1494000.0,2274900.0,15971000.0,952090.0,7278300.0,3995200.0,706940.0,3910700.0,1079100.0,2657700.0,17679000.0,32102000.0,2373200.0,1720700.0,1532600.0,2840700.0,1036400.0,1926200.0,3409900.0,803840.0,2871900.0,1940600.0,3915400.0,2755300.0,1446400.0,1119200.0,15048000.0,5077600.0,1340600.0,3613400.0,1673300.0,965090.0,2573300.0,3702600.0,1313000.0,893150.0,2116300.0,873820.0,1861100.0,2850800.0,4950200.0,4191200.0,2338500.0,5694300.0,1300700.0,9352900.0,4677300.0,1017700.0,1694700.0,903640.0,1769700.0,3509900.0,9918500.0,1730700.0,16523000.0,1417300.0,9919600.0,1633600.0,3256300.0,1272900.0,1628100.0,12535000.0,5115100.0,2157200.0,3869300.0,2389200.0,1225800.0,656170.0,3373000.0,11659000.0,2413800.0,1291100.0,778800.0,1922000.0,735100.0,1193700.0,2218700.0,8786700.0,4156700.0,2627900.0,3087700.0,2361300.0,1498700.0,773560.0,10411000.0,2404500.0,3548600.0,2073400.0,1371700.0,1031900.0,2014200.0,1052000.0,2853800.0,3921600.0,1159600.0,1477000.0,2103000.0,1521000.0,2210500.0,2422200.0,877170.0,6912100.0,1513500.0,9390500.0,6180200.0,809830.0,10291000.0,814480.0,1274500.0,19279000.0,683650.0,12167000.0,721740.0,5575100.0,3693400.0,3817200.0,2647300.0,5252900.0,4116200.0,4227600.0,964530.0,4135000.0,1638700.0,6369200.0,1506700.0,7610900.0,1080700.0,744550.0,4005200.0,2996600.0,1988300.0,8411500.0,2288700.0,948280.0,1205600.0,3671000.0,3568300.0,1940100.0,1475700.0,747540.0,6807100.0,5275200.0,2336700.0,637470.0,17726000.0,3323000.0,5257900.0,1142200.0,18258000.0,5431600.0,1100100.0,8580600.0,1353300.0,1434500.0,3992400.0,5297000.0,799330.0,1639500.0,973680.0,1778500.0,1568200.0,1456500.0,7851700.0,2342100.0,1425100.0,12280000.0,2793800.0,1238000.0,1263500.0,3260300.0,951930.0,4669600.0,1133200.0,1854600.0,8075300.0,4435100.0,696550.0,1421900.0,10018000.0,5258300.0,5069200.0,15394000.0,3001700.0,1931800.0,2342400.0,2994600.0,3189800.0,1882600.0,1749500.0,2275100.0,1499400.0,7215800.0,652060.0,3656200.0,8296200.0,8910100.0,1863600.0,5378600.0,4029700.0,5011000.0,864140.0,1139900.0,5361500.0,1551600.0,6587500.0,3485200.0,7122400.0,1970700.0,1638700.0,1591200.0,1087700.0,1106100.0,2208100.0,945990.0,5091800.0,3371700.0,4404800.0,3356800.0,2894200.0,2745600.0,15584000.0,14989000.0,6042000.0,4601000.0,2807600.0,6148400.0,3762100.0,1781300.0,2740300.0,1353800.0,4824200.0,3044800.0,1.5256,1.8403,4.1731,2.2275,2.4666,3.6657,1.2781,2.2269,4.2227,1.2287,1.9883,4.2311,2.4971,2.6637,4.306,0.84475,2.0619,4.2165,1.5422,2.4898,3.8919,3.0193,2.8407,5.8281,1.2265,1.9958,4.2296,1.7438,1.7193,4.2482,1.2769,2.2313,4.2289,0.84313,2.0587,4.2141,2.9005,2.8377,4.5331,5.6978,2.775,1.4603,1.2345,2.8433,3.6182,0.94375,2.148,3.0202,2.4941,2.0612,4.4548,1.4714,1.6799,3.9032,0.66065,2.5812,3.8828,1.9903,1.7725,3.479,1.0907,2.4399,3.0802,0.29033,2.2859,3.5597,1.7939,1.667,3.3885,2.1266,2.8102,4.4139,1.8031,1.6644,3.3865,1.4975,1.6711,3.915,0.38634,2.1395,3.1949,2.037,2.3654,4.3996,1.4752,1.6719,3.207,0.84246,1.8843,2.7712,3.0411,2.8418,5.8436,1.9923,1.7668,3.478,0.98605,2.7164,2.8831,1.8003,2.5899,4.0013,0.6448,1.8741,2.7886,1.0791,2.442,3.065,1.9035,1.9175,4.4932,1.7034,1.6887,3.8946,0.51994,2.1984,3.7569,1.2107,2.4384,3.7925,1.0044,2.0704,3.2637,2.5469,2.302,4.2958,2.0577,2.1592,4.6827,1.487,1.6743,3.9124,1.8943,1.9272,4.4917,1.4825,2.1738,3.2654,0.8296,2.1007,3.1734,2.4263,2.382,4.3239,1.9538,2.5929,4.8876,1.9399,2.5991,4.876,2.5463,2.3016,4.2909,1.2845,2.4926,3.9404,1.7051,2.2436,4.3052,2.1579,3.0536,4.0864,0.51957,2.4612,2.4909,1.5229,2.0494,4.6031,2.0568,3.061,3.9912,0.36861,2.3766,3.4278,1.6695,1.63,4.0831,0.7251,2.0478,3.0916,2.2437,2.2604,4.6549,0.61812,2.5868,3.013,0.98419,2.0942,3.2648,0.11545,2.8924,1.9368,1.9974,2.0132,4.5879,2.5427,2.3105,4.2826,2.6261,2.3333,5.1954,2.1239,2.8064,4.4056,1.0908,1.8529,3.9538,4.6134,2.982,0.52591,0.87484,2.1335,3.0469,1.331,2.1011,4.2652,1.0771,2.1057,3.5008,2.2758,2.7445,4.5445,1.6855,1.5995,4.1558,1.1464,2.552,3.0656,0.74933,2.4297,3.7644,2.0774,1.9151,3.7283,1.5772,2.4508,3.4715,1.6282,2.5423,3.601,1.6318,1.6764,4.2583,2.0862,2.7947,4.572,2.1148,2.7926,4.6026,3.3424,2.7906,6.1011,1.7014,1.6065,4.1665,1.7228,1.9946,3.4419,2.1722,2.9469,4.9824,1.1532,2.5551,3.0716,2.6413,2.4413,4.9907,1.0057,2.6134,4.0787,1.5839,2.4464,3.4794,1.1613,1.8235,4.0991,1.6701,1.6277,4.0837,1.7183,1.9881,3.4434,0.16182,2.9416,3.2204,2.8874,2.2867,4.5711,1.3405,1.9545,4.2238,1.2365,2.6729,3.3239,1.4611,2.4552,3.3514,1.8156,1.9756,3.7139,1.9496,2.3545,3.9961,1.0984,2.2941,3.1949,2.5258,2.0368,5.1646,1.2124,2.6874,3.3072,1.4583,2.463,3.3461,0.23932,2.9633,3.2866,0.67986,1.8125,2.8969,1.6976,2.0269,4.4339,1.4789,1.8644,4.1293,5.5065,2.8985,1.8268,0.81666,2.1336,2.8013,0.98571,2.6178,4.068,2.1911,2.53,3.6307,2.6416,2.4237,4.9792,2.8301,2.6871,4.5263,2.1229,2.5008,4.5257,2.3449,2.1116,4.1889,0.7621,2.0083,3.3489,0.36219,2.4641,2.9102,0.58677,2.1483,3.7476,2.4067,2.5052,4.4494,0.77138,2.4419,2.8792,1.2615,1.5786,4.2992,1.6918,2.0013,3.4543,0.055489,2.6847,2.0697,3.2691,2.946,6.2743,0.77753,2.4327,2.8822,1.657,1.6387,4.092,1.504,1.841,3.1871,0.75626,2.4456,2.8561,2.1739,2.3451,4.9545,1.1473,2.5598,3.0827,1.0536,2.006,3.5193,0.52187,1.9854,3.2598,1.704,1.9971,3.4464,2.4089,2.0821,4.1784,2.1437,2.1537,4.974,1.3014,1.7501,3.8038,0.70043,1.9784,2.7585,2.1408,2.1531,4.9791,2.2999,2.1956,4.4678,1.5586,2.306,3.9646,4.1976,3.0003,0.13138,1.9446,2.3578,3.9949,0.81622,1.9684,4.1174,1.1736,2.5837,4.2163,3.5034,2.849,6.0813,1.5568,1.6076,3.2791,0.30499,2.3102,3.4129,5.1156,2.9877,1.0283,0.53649,2.789,3.246,1.2481,2.5114,2.9829,2.1613,2.146,4.9695,1.4915,2.0924,4.3562,1.5439,1.6217,3.2982,1.3902,2.9241,3.3355,0.49217,2.4346,2.7419,0.90655,2.4527,2.9951,0.21905,2.6227,3.3405,1.633,2.2745,4.141,0.4665,2.4399,2.7235,1.0446,2.1889,3.6535,1.3767,1.8035,4.2963,0.30692,2.3087,3.4135,1.5464,1.6111,3.2831,0.49187,2.4338,2.7367,2.9893,2.8692,5.9222,1.9823,2.5939,4.0299,1.9858,2.1889,4.5907,2.5861,2.762,5.2577,1.8584,1.9654,3.8918,1.3133,1.8163,3.6968,2.1746,2.1509,4.9828,1.4246,2.6464,4.0087,0.9502,3.0732,2.7748,4.6462,2.9764,0.37625,1.2528,2.6984,4.3143,1.9003,1.955,3.8862,1.2373,2.6368,2.8556,0.33878,2.7819,2.9427,0.96401,2.8906,4.1479,0.55266,2.5134,2.5796,0.71122,1.9423,2.9729,0.54366,2.4103,3.423,1.5952,2.1798,4.2441,1.2451,2.7031,4.3317,0.63752,1.9596,3.1051,1.9898,1.8848,3.8054,1.2143,1.8484,3.6518,2.4465,2.7096,4.9628,1.3936,1.5313,4.1793,1.3757,2.1505,3.1834,0.64984,1.9663,3.1003,0.51309,2.4245,2.5866,1.6543,2.279,4.136,2.4267,2.7063,4.9723,0.62899,1.9672,3.0955,1.5809,1.7128,3.3244,0.61222,3.0296,2.498,0.56766,2.5178,2.5867,2.9615,2.7454,5.9237,6.1749,2.8637,2.5391,4.5801,2.9795,0.29892,2.3575,2.3955,3.7576,0.97865,3.0811,3.7857,1.4081,2.2906,3.5487,0.72326,3.0852,3.5237,2.3716,2.2322,3.803,1.2225,1.8496,3.653,2.4239,2.3341,4.5677,2.5885,2.6347,4.0519,1.2624,2.6912,4.3364,1.8663,1.9628,3.896,1.135,2.7926,3.6658,2.4357,2.4659,5.0721,1.5764,2.6277,3.3014,2.1718,2.1961,4.0968,0.80564,1.9164,3.3754,2.3702,2.4034,3.7657,2.3529,2.4047,3.7535,2.1957,1.9016,4.9194,2.6523,2.2908,4.7983,2.3689,2.2382,3.8088,1.3905,1.5894,3.8454,2.4513,2.7041,4.9833,1.871,1.9609,3.9002,0.78547,2.1408,3.9872,1.6041,1.8351,4.2704,2.436,2.7004,4.9784,1.4503,2.39,3.26,5.9199,2.8748,2.1951,1.8616,1.7924,3.4843,1.9862,3.0156,4.2981,2.0235,1.9534,4.7646,1.1071,2.5837,4.284,1.8926,2.1487,4.872,1.6221,1.8022,3.9628,1.6063,2.0092,3.3878,1.0319,2.7705,3.5861,0.92786,2.8367,3.8108,1.4077,2.4089,3.8539,1.1323,2.7838,3.6596,1.8284,1.796,4.0931,0.88104,2.4605,2.7772,1.8941,2.0767,4.3858,0.076001,2.7962,2.8565,1.0826,1.9579,4.2717,0.95118,2.3309,3.0175,1.6278,2.3971,4.584,0.98492,2.0882,2.8335,0.74994,2.0017,2.7343,1.6235,1.8003,3.9647,0.91144,2.458,2.7904,1.3745,1.5873,3.8371,2.7727,2.5927,4.6353,1.0794,2.1457,3.6301,1.1297,2.7927,3.6556,1.9792,1.9883,4.4755,1.0767,1.9622,4.2577,1.8597,1.6492,3.4474,1.6685,2.482,3.9956,2.1342,2.5542,4.918,2.1405,2.377,3.6945,1.1976,3.0718,3.4317,1.4407,1.4607,4.2367,0.63117,2.9967,3.6204,1.628,1.7489,4.2351,0.75239,1.999,2.7394,0.66688,2.1986,3.9593,2.6773,2.6017,4.5331,1.9946,2.1246,3.4406,1.3833,2.9189,3.5386,1.0827,2.1953,3.6341,2.5321,2.003,4.4689,1.4931,1.735,4.4222,1.6088,2.5916,3.5802,2.0632,2.2869,4.0698,2.7106,2.3648,5.0043,0.44429,2.5274,2.9518
0.022481,0.035138,0.0016332,207.01,209.58,202.78,0.0011918,0.0013061,0.0010036,203.08,208.39,206.35,196.38,190.19,199.78,224.12,210.89,224.33,199.8,225.84,241.36,200.05,197.25,199.84,210.4,206.65,204.66,174.5,188.64,248.93,198.47,176.79,213.06,181.51,222.71,207.82,247.13,147.01,220.07,194.88,206.03,167.44,226.62,227.11,266.25,214.61,180.48,219.24,258.66,242.75,161.44,247.09,172.09,218.11,200.24,235.59,228.23,254.14,225.64,228.45,198.93,244.72,247.76,235.6,199.46,234.19,203.05,185.38,271.51,232.14,226.1,234.26,175.5,206.09,186.24,206.58,189.04,259.1,205.97,202.42,205.42,216.02,223.37,188.84,186.14,223.92,210.83,236.32,225.56,209.1,231.33,239.83,193.32,237.18,145.66,235.59,189.63,217.4,197.87,228.39,232.72,198.36,194.04,193.31,173.16,215.89,257.12,177.67,201.25,237.7,244.05,256.58,219.03,207.73,227.52,285.48,212.51,177.8,216.36,212.84,185.37,208.3,233.52,141.53,245.23,212.65,235.53,238.73,221.26,159.96,224.96,245.23,171.11,196.91,202.09,237.15,162.55,197.15,233.99,225.62,217.15,254.27,198.36,191.94,221.12,225.49,216.78,242.45,228.37,223.11,188.11,236.9,237.03,191.29,203.52,285.23,188.04,202.63,252.06,186.59,194.6,263.24,198.36,131.4,254.88,234.26,237.16,202.24,256.9,196.41,198.39,164.06,176.67,186.41,209.58,166.38,228.91,232.26,188.28,207.71,221.78,228.87,190.61,218.36,201.54,191.34,195.66,193.82,272.0,200.31,242.62,260.66,205.06,232.32,199.44,259.5,206.22,199.5,241.05,264.36,207.15,231.85,216.68,186.8,238.4,214.67,208.65,203.23,220.94,192.67,220.22,207.04,215.32,212.14,194.21,213.8,195.6,239.14,236.9,207.01,191.24,173.25,215.96,249.22,179.61,192.66,263.23,197.57,209.07,224.34,209.36,217.55,239.28,244.6,177.76,220.83,184.56,231.88,204.32,235.52,173.19,232.12,231.61,167.19,247.27,207.1,152.52,226.69,177.85,204.18,220.82,173.5,208.21,225.04,193.11,213.76,219.41,211.07,179.87,226.86,200.35,203.3,204.12,164.41,249.48,242.7,199.46,166.74,198.38,257.94,213.53,221.26,210.23,146.68,158.5,198.4,232.26,206.01,209.06,208.75,202.28,184.93,165.55,181.77,224.95,215.95,226.89,220.11,0.00085241,0.0010574,0.0010424,0.0010536,0.0009715,0.0011065,0.0011895,0.00095124,0.0011377,0.00096729,0.0012045,0.0013301,0.0011125,0.001062,0.0010064,0.0012794,0.0011764,0.0011273,0.0011167,0.0011599,0.0014751,0.0013041,0.0011019,0.0014016,0.0012433,0.0013338,0.0011666,0.0014475,0.0010735,0.0014826,0.0011653,0.0012705,0.0011645,0.0012903,0.0013774,0.0015787,0.0012803,0.0012709,0.0013622,0.0014242,0.0013192,0.0010096,0.0015305,0.0011948,0.0012816,0.0012591,0.001394,0.0013049,0.0014435,0.0013437,0.0012024,0.0012928,0.001526,0.0013492,0.0014244,0.0013142,0.0013603,0.0013302,0.001315,0.0015878,0.0015855,0.0014106,0.0014593,0.0013093,0.0014419,0.0012431,0.0014051,0.0013472,0.0015277,0.0013094,0.0014493,0.001362,0.0013008,0.0014367,0.0013184,0.0013311,0.0013385,0.0013393,0.0015235,0.0015014,0.0013421,0.0015396,0.0014803,0.0012138,0.0013361,0.0011441,0.0014277,0.0013271,0.0013926,0.001279,0.0014354,0.0014095,0.0013209,0.0012912,0.001227,0.0011871,0.0012757,0.0015721,0.0012029,0.0012809,0.001428,0.0014911,0.001601,0.001339,0.0014166,0.001438,0.0016006,0.0013624,0.0012549,0.0012506,0.0014931,0.0013155,0.0013852,0.0015009,0.0012023,0.001541,0.00135,0.0014405,0.0014559,0.0014372,0.0012222,0.0015359,0.0013984,0.0012545,0.0012803,0.0013617,0.0015099,0.0011719,0.0010915,0.0015095,0.0014684,0.0014386,0.0014946,0.0012216,0.0012404,0.001454,0.0015519,0.0013485,0.0015056,0.0015368,0.0013778,0.0012764,0.0012857,0.0014315,0.0013207,0.0014256,0.0015003,0.001263,0.0013818,0.0014771,0.0011649,0.0013428,0.0016905,0.0012723,0.0010683,0.0014699,0.0013947,0.0014995,0.0014001,0.0015133,0.0012436,0.0012672,0.001152,0.0012569,0.0012671,0.0012779,0.0011626,0.0014202,0.0014772,0.0012668,0.001304,0.0012139,0.0014695,0.0013735,0.0013171,0.0012857,0.0013397,0.0013104,0.0012598,0.0014973,0.0012711,0.0014643,0.001453,0.0013344,0.0014724,0.0013874,0.0014719,0.0013018,0.0013044,0.0014252,0.0014255,0.0013865,0.0014111,0.0013922,0.0015331,0.0014213,0.0013955,0.0013262,0.0013572,0.0013935,0.0013047,0.0013559,0.0013199,0.0013915,0.0012942,0.0015495,0.0013507,0.0013733,0.0014011,0.0013675,0.0013281,0.0012985,0.001199,0.0013172,0.0015277,0.0013111,0.0013007,0.0014696,0.00128,0.001403,0.0013879,0.0013363,0.001353,0.0013517,0.0014835,0.0012065,0.0013982,0.0012141,0.0013566,0.0013965,0.001314,0.0011934,0.0013004,0.0014406,0.0011743,0.0014535,0.0012343,0.0011973,0.0013643,0.0011448,0.0013155,0.0013229,0.001175,0.0013309,0.0013498,0.0011084,0.0012631,0.001307,0.0013323,0.0011934,0.0014199,0.0012324,0.0012959,0.0011821,0.00095487,0.0012968,0.0013235,0.0011206,0.0011113,0.0011077,0.0014458,0.0013396,0.0013202,0.00098888,0.00090251,0.0010086,0.0010205,0.001382,0.0012314,0.0010052,0.0011887,0.0010052,0.0010031,0.00086245,0.00088245,0.0011244,0.0011778,0.0012755,0.0012195,1074300.0,1105700.0,792270.0,4276700.0,2284500.0,1150800.0,5856800.0,1513400.0,1879800.0,3242500.0,2966100.0,734830.0,5652900.0,1298400.0,4052200.0,2459600.0,5070500.0,4091400.0,1340500.0,3371900.0,2502600.0,3347400.0,11704000.0,958350.0,6311800.0,749460.0,9101500.0,1591900.0,1841400.0,815570.0,3232100.0,1680500.0,5814300.0,23940000.0,2520900.0,2724900.0,4347000.0,1235900.0,1513400.0,1646200.0,2062700.0,1057700.0,2058300.0,1019200.0,7475600.0,2433400.0,1825600.0,1494000.0,2274900.0,15971000.0,952090.0,7278300.0,3995200.0,706940.0,3910700.0,1079100.0,2657700.0,17679000.0,32102000.0,2373200.0,1720700.0,1532600.0,2840700.0,1036400.0,1926200.0,3409900.0,803840.0,2871900.0,1940600.0,3915400.0,2755300.0,1446400.0,1119200.0,15048000.0,5077600.0,1340600.0,3613400.0,1673300.0,965090.0,2573300.0,3702600.0,1313000.0,893150.0,2116300.0,873820.0,1861100.0,2850800.0,4950200.0,4191200.0,2338500.0,5694300.0,1300700.0,9352900.0,4677300.0,1017700.0,1694700.0,903640.0,1769700.0,3509900.0,9918500.0,1730700.0,16523000.0,1417300.0,9919600.0,1633600.0,3256300.0,1272900.0,1628100.0,12535000.0,5115100.0,2157200.0,3869300.0,2389200.0,1225800.0,656170.0,3373000.0,11659000.0,2413800.0,1291100.0,778800.0,1922000.0,735100.0,1193700.0,2218700.0,8786700.0,4156700.0,2627900.0,3087700.0,2361300.0,1498700.0,773560.0,10411000.0,2404500.0,3548600.0,2073400.0,1371700.0,1031900.0,2014200.0,1052000.0,2853800.0,3921600.0,1159600.0,1477000.0,2103000.0,1521000.0,2210500.0,2422200.0,877170.0,6912100.0,1513500.0,9390500.0,6180200.0,809830.0,10291000.0,814480.0,1274500.0,19279000.0,683650.0,12167000.0,721740.0,5575100.0,3693400.0,3817200.0,2647300.0,5252900.0,4116200.0,4227600.0,964530.0,4135000.0,1638700.0,6369200.0,1506700.0,7610900.0,1080700.0,744550.0,4005200.0,2996600.0,1988300.0,8411500.0,2288700.0,948280.0,1205600.0,3671000.0,3568300.0,1940100.0,1475700.0,747540.0,6807100.0,5275200.0,2336700.0,637470.0,17726000.0,3323000.0,5257900.0,1142200.0,18258000.0,5431600.0,1100100.0,8580600.0,1353300.0,1434500.0,3992400.0,5297000.0,799330.0,1639500.0,973680.0,1778500.0,1568200.0,1456500.0,7851700.0,2342100.0,1425100.0,12280000.0,2793800.0,1238000.0,1263500.0,3260300.0,951930.0,4669600.0,1133200.0,1854600.0,8075300.0,4435100.0,696550.0,1421900.0,10018000.0,5258300.0,5069200.0,15394000.0,3001700.0,1931800.0,2342400.0,2994600.0,3189800.0,1882600.0,1749500.0,2275100.0,1499400.0,7215800.0,652060.0,3656200.0,8296200.0,8910100.0,1863600.0,5378600.0,4029700.0,5011000.0,864140.0,1139900.0,5361500.0,1551600.0,6587500.0,3485200.0,7122400.0,1970700.0,1638700.0,1591200.0,1087700.0,1106100.0,2208100.0,945990.0,5091800.0,3371700.0,4404800.0,3356800.0,2894200.0,2745600.0,15584000.0,14989000.0,6042000.0,4601000.0,2807600.0,6148400.0,3762100.0,1781300.0,2740300.0,1353800.0,4824200.0,3044800.0,1.5257,1.8404,4.173,2.2275,2.4667,3.6657,1.278,2.227,4.2227,1.2285,1.9884,4.231,2.497,2.6637,4.3061,0.84409,2.0619,4.2165,1.5433,2.4902,3.8918,3.02,2.8408,5.8286,1.2263,1.9962,4.2294,1.7436,1.7193,4.2482,1.2769,2.2315,4.2292,0.84235,2.0586,4.2141,2.901,2.8378,4.5344,5.697,2.7749,1.4597,1.2345,2.8432,3.6182,0.94303,2.1481,3.0201,2.4947,2.0618,4.4554,1.4713,1.6799,3.9031,0.66078,2.5819,3.8827,1.9896,1.773,3.4793,1.0917,2.4394,3.0816,0.29113,2.2859,3.5593,1.7943,1.6667,3.3886,2.1255,2.8093,4.4119,1.8039,1.6642,3.3864,1.4986,1.6708,3.9155,0.38586,2.1399,3.1944,2.0372,2.366,4.4004,1.4752,1.6722,3.2074,0.84295,1.8849,2.7711,3.0429,2.8418,5.8451,1.9916,1.7671,3.4782,0.98505,2.7164,2.8833,1.7994,2.5899,4.0013,0.64551,1.8745,2.7881,1.0796,2.4417,3.0657,1.9038,1.9177,4.4933,1.7046,1.6883,3.8946,0.52052,2.1982,3.7576,1.2116,2.4395,3.7929,1.0042,2.071,3.2632,2.547,2.3023,4.2962,2.0573,2.1598,4.6831,1.4875,1.6742,3.9125,1.8942,1.9277,4.4916,1.4822,2.174,3.2653,0.82985,2.102,3.1725,2.4267,2.3826,4.3245,1.954,2.5923,4.8872,1.9398,2.5993,4.8756,2.5464,2.3018,4.2911,1.2843,2.4929,3.94,1.7061,2.2442,4.3059,2.162,3.053,4.0898,0.52062,2.4608,2.4919,1.5218,2.0492,4.603,2.0556,3.0607,3.9893,0.36732,2.3768,3.4272,1.6699,1.6299,4.0831,0.7259,2.0492,3.0912,2.2438,2.2614,4.6554,0.6179,2.5851,3.014,0.983,2.0958,3.2643,0.1145,2.8925,1.9346,1.9976,2.0147,4.588,2.5426,2.3112,4.2823,2.6233,2.333,5.1949,2.1224,2.8053,4.403,1.0915,1.8529,3.9544,4.6131,2.981,0.5269,0.87419,2.1343,3.0464,1.3324,2.1011,4.2653,1.0782,2.1067,3.5012,2.2735,2.7438,4.5421,1.6848,1.5994,4.1556,1.1467,2.5516,3.0658,0.74939,2.43,3.7642,2.0787,1.9143,3.7276,1.576,2.4516,3.4716,1.6264,2.5433,3.6006,1.6303,1.6761,4.2587,2.0848,2.7937,4.571,2.1145,2.7915,4.603,3.342,2.791,6.1006,1.7015,1.6067,4.1669,1.724,1.994,3.4413,2.1746,2.9473,4.9856,1.1537,2.5549,3.0718,2.6414,2.441,4.9908,1.0049,2.614,4.0795,1.5829,2.4469,3.4799,1.1599,1.8249,4.0989,1.6706,1.6275,4.0836,1.7193,1.9872,3.4429,0.15506,2.9412,3.2142,2.8882,2.2863,4.5718,1.3417,1.9547,4.2248,1.2361,2.672,3.3244,1.4609,2.455,3.3518,1.8143,1.975,3.7133,1.9497,2.3556,3.9964,1.0985,2.2947,3.1952,2.5251,2.0361,5.1654,1.211,2.6871,3.3071,1.458,2.4632,3.3464,0.23666,2.9641,3.2839,0.67994,1.8129,2.8958,1.6974,2.0268,4.4347,1.4795,1.8643,4.1299,5.5044,2.8983,1.8252,0.81671,2.1343,2.8024,0.98377,2.6186,4.0681,2.1933,2.5303,3.6313,2.6416,2.4225,4.9784,2.8318,2.6861,4.5266,2.1207,2.4993,4.5254,2.3446,2.1121,4.1888,0.76192,2.0094,3.3488,0.36431,2.4636,2.9119,0.58572,2.1487,3.7494,2.4078,2.5048,4.4505,0.77253,2.4409,2.8806,1.2618,1.5785,4.2998,1.6913,2.0011,3.4545,0.058139,2.6845,2.0708,3.2724,2.9463,6.2785,0.77931,2.4311,2.8841,1.6568,1.6389,4.0922,1.5046,1.8401,3.1873,0.75689,2.4447,2.8565,2.1743,2.345,4.9544,1.1479,2.5597,3.0836,1.0563,2.0084,3.5201,0.52122,1.9858,3.26,1.7042,1.9966,3.4462,2.4103,2.0824,4.1774,2.1438,2.1536,4.9739,1.302,1.7499,3.804,0.7013,1.9785,2.7586,2.1407,2.1532,4.9792,2.2989,2.1962,4.4684,1.5582,2.307,3.9647,4.1977,2.9997,0.13142,1.9439,2.3591,3.9949,0.81503,1.9686,4.1174,1.1738,2.5844,4.2165,3.5028,2.8487,6.0816,1.5582,1.6071,3.2788,0.30383,2.3109,3.4129,5.1141,2.9875,1.0255,0.53558,2.7893,3.2458,1.2473,2.5117,2.9833,2.1622,2.1457,4.969,1.4924,2.0923,4.3567,1.5448,1.6218,3.2988,1.3911,2.9239,3.334,0.49445,2.4338,2.7432,0.90566,2.4526,2.9949,0.21903,2.623,3.3404,1.6343,2.2756,4.142,0.46773,2.4395,2.7241,1.0444,2.19,3.6531,1.3758,1.8033,4.2965,0.30606,2.3093,3.4137,1.5474,1.6108,3.2829,0.49436,2.4329,2.7378,2.99,2.8691,5.9238,1.9808,2.5935,4.0295,1.9866,2.1895,4.591,2.5833,2.7613,5.2566,1.8567,1.9654,3.8911,1.3143,1.8162,3.6973,2.1762,2.1508,4.983,1.4256,2.6457,4.0085,0.942,3.0726,2.7656,4.6439,2.9758,0.3743,1.2527,2.6992,4.3133,1.9001,1.9549,3.8863,1.2369,2.6369,2.8552,0.33786,2.7823,2.9424,0.96526,2.8907,4.1487,0.55188,2.513,2.5797,0.71188,1.943,2.9717,0.54353,2.4111,3.4227,1.5967,2.1801,4.245,1.2445,2.7041,4.3316,0.6376,1.9603,3.1042,1.9905,1.8842,3.8047,1.2154,1.8485,3.6522,2.4452,2.7089,4.9612,1.3945,1.5319,4.1796,1.375,2.1503,3.1838,0.65049,1.9674,3.0992,0.51569,2.4231,2.5876,1.6562,2.2805,4.1365,2.4248,2.7054,4.9715,0.62859,1.9682,3.0942,1.5817,1.7128,3.3243,0.61629,3.0291,2.5005,0.56747,2.5176,2.587,2.9645,2.7455,5.9259,6.1749,2.8637,2.5392,4.5751,2.9789,0.29374,2.3579,2.3948,3.7575,0.98541,3.0809,3.7939,1.4063,2.2926,3.5477,0.71698,3.0854,3.5185,2.3717,2.2319,3.8025,1.224,1.8496,3.6535,2.4238,2.3339,4.5682,2.5888,2.6352,4.0532,1.2626,2.6915,4.3365,1.8651,1.9627,3.8955,1.1357,2.7923,3.6668,2.4348,2.4649,5.0708,1.5749,2.6279,3.3016,2.1719,2.1966,4.0965,0.8065,1.9171,3.3755,2.3712,2.403,3.7662,2.353,2.4043,3.7533,2.1964,1.9025,4.9205,2.6525,2.2908,4.7985,2.369,2.2382,3.8087,1.391,1.5896,3.8459,2.4504,2.7032,4.9828,1.87,1.9607,3.8999,0.78577,2.1407,3.9887,1.6042,1.8351,4.2709,2.4345,2.6992,4.9778,1.4506,2.39,3.26,5.9197,2.8746,2.1946,1.8617,1.792,3.4848,1.9865,3.015,4.2977,2.0241,1.9536,4.7653,1.1077,2.5839,4.2847,1.8932,2.1487,4.8726,1.6225,1.802,3.9626,1.6064,2.0091,3.3874,1.0332,2.7701,3.5875,0.92896,2.8368,3.8111,1.4093,2.4099,3.8545,1.1328,2.7829,3.6602,1.8279,1.7957,4.093,0.87958,2.4605,2.7775,1.8934,2.0771,4.3859,0.076421,2.7961,2.8577,1.0824,1.9578,4.2722,0.95148,2.3305,3.018,1.6275,2.3972,4.5838,0.9852,2.0881,2.8335,0.75025,2.0018,2.7339,1.6241,1.8,3.9645,0.91135,2.4578,2.7913,1.3741,1.5873,3.8372,2.7727,2.5929,4.6351,1.0791,2.1461,3.6302,1.1302,2.7922,3.6559,1.9793,1.9884,4.4755,1.0762,1.9621,4.2576,1.86,1.6491,3.4473,1.6689,2.4821,3.9954,2.1353,2.5542,4.9177,2.1397,2.3768,3.6936,1.1981,3.0717,3.4324,1.4404,1.4605,4.2368,0.63194,2.9966,3.6209,1.6282,1.7487,4.2351,0.75276,1.999,2.7392,0.66579,2.1988,3.9601,2.6766,2.6017,4.5329,1.9948,2.1244,3.4407,1.3833,2.9186,3.5386,1.0827,2.1955,3.634,2.5321,2.0032,4.4689,1.4932,1.735,4.4222,1.6087,2.5916,3.5801,2.0633,2.2869,4.0697,2.7105,2.3643,5.0039,0.44432,2.5272,2.9516
0.024067,0.037653,0.0016876,207.4,210.16,202.85,0.0011942,0.0013096,0.0010043,203.26,208.78,206.65,196.78,190.47,199.69,224.32,211.11,224.79,200.14,226.35,241.84,200.22,197.55,199.92,210.98,206.88,205.09,174.97,188.77,249.73,199.0,177.1,213.6,181.83,223.3,208.23,247.72,147.32,220.83,195.18,206.2,167.57,227.08,227.6,266.97,215.23,181.12,219.84,259.51,243.25,161.57,247.76,172.43,218.59,200.7,236.08,228.65,254.87,226.16,228.94,199.31,245.59,248.6,236.39,200.02,234.68,203.85,186.11,272.4,232.87,227.14,235.48,175.42,206.61,186.61,207.54,190.01,259.43,206.8,203.29,205.55,216.45,224.0,189.07,186.02,224.39,211.35,236.8,226.44,210.02,231.98,240.86,194.26,237.79,145.08,236.73,190.54,218.38,198.52,228.72,234.13,199.27,195.04,193.33,170.94,215.99,258.34,178.45,201.88,239.16,244.11,258.07,220.02,208.76,229.53,286.97,213.75,178.62,217.14,207.88,186.36,209.28,235.49,138.08,246.44,213.73,236.73,239.7,217.64,160.77,225.63,246.18,172.13,197.97,202.96,238.68,163.11,188.65,235.28,226.57,219.32,258.27,198.78,192.46,214.76,227.5,217.76,243.22,229.85,224.03,188.63,237.65,239.04,191.96,205.61,287.59,189.4,202.94,251.39,187.18,195.69,264.38,199.0,131.9,256.33,235.63,238.02,202.62,258.42,196.78,199.54,164.71,175.93,187.2,210.6,166.89,230.28,232.14,188.85,207.99,221.96,229.36,190.51,219.42,202.65,192.03,196.2,194.49,272.25,200.67,242.85,262.47,206.05,232.97,200.24,260.47,206.96,200.2,241.86,265.49,207.61,232.43,217.86,188.16,239.17,215.33,209.76,203.6,221.38,193.33,221.09,207.89,216.12,212.88,195.77,214.54,196.12,239.86,237.63,207.66,191.74,173.89,216.55,250.28,180.21,193.22,263.99,198.16,209.76,224.86,209.86,218.14,239.93,245.16,178.21,221.97,185.05,232.4,204.64,235.95,173.59,232.69,232.26,167.36,247.75,207.46,153.0,227.18,178.11,204.66,221.46,173.85,208.73,225.45,193.28,214.31,219.86,211.68,180.17,227.26,200.64,203.83,204.58,164.51,250.03,243.23,199.78,166.85,198.62,258.3,214.02,221.57,210.63,146.61,158.68,198.66,232.6,206.45,209.34,209.13,202.4,185.16,165.64,182.05,225.18,216.07,227.3,220.16,0.00084881,0.0010561,0.0010418,0.0010538,0.00097137,0.0011048,0.0011899,0.00094958,0.0011387,0.00096663,0.0012064,0.0013323,0.001112,0.0010632,0.0010051,0.0012821,0.0011773,0.001129,0.0011193,0.0011606,0.0014794,0.0013076,0.0011033,0.0014048,0.0012457,0.001338,0.0011688,0.0014506,0.0010756,0.0014869,0.0011672,0.001272,0.0011651,0.0012923,0.0013804,0.0015828,0.0012834,0.001275,0.0013659,0.0014286,0.0013217,0.0010096,0.0015344,0.0011973,0.0012845,0.0012617,0.0013968,0.0013064,0.0014476,0.0013465,0.0012037,0.001295,0.0015302,0.0013535,0.0014286,0.0013175,0.0013638,0.0013362,0.00132,0.0015936,0.0015902,0.0014165,0.0014662,0.0013124,0.0014458,0.0012461,0.001411,0.0013534,0.0015328,0.0013141,0.0014552,0.0013653,0.0013033,0.0014402,0.001322,0.0013313,0.0013419,0.0013424,0.0015267,0.0015066,0.0013493,0.0015463,0.0014874,0.0012197,0.0013399,0.0011431,0.0014354,0.0013325,0.0013997,0.0012848,0.001438,0.0014164,0.001328,0.0012986,0.0012285,0.0011794,0.0012779,0.0015799,0.0012075,0.0012861,0.0014381,0.0014911,0.0016089,0.0013445,0.0014227,0.0014505,0.0016104,0.0013687,0.0012609,0.0012552,0.0014713,0.0013237,0.0013911,0.0015124,0.0011929,0.0015525,0.0013562,0.0014467,0.0014634,0.0014293,0.0012264,0.0015416,0.0014047,0.0012608,0.0012868,0.0013655,0.0015186,0.0011759,0.00098673,0.0015167,0.0014741,0.0014476,0.0015093,0.0012246,0.0012448,0.0014441,0.0015621,0.001354,0.0015102,0.0015422,0.001381,0.0012793,0.0012893,0.0014413,0.0013254,0.001435,0.0015108,0.0012701,0.0013883,0.0014757,0.0011687,0.0013486,0.0016974,0.0012766,0.0010714,0.0014812,0.0014018,0.0015052,0.0014024,0.0015216,0.0012463,0.0012738,0.0011573,0.0012555,0.0012745,0.0012834,0.0011668,0.0014272,0.0014771,0.0012722,0.0013095,0.0012155,0.0014739,0.0013766,0.0013243,0.0012922,0.0013462,0.001315,0.0012637,0.0014995,0.0012742,0.0014666,0.0014624,0.0013413,0.0014764,0.0013938,0.0014778,0.0013063,0.0013094,0.0014286,0.0014311,0.0013896,0.0014142,0.0013995,0.0015415,0.0014268,0.0013992,0.0013324,0.0013624,0.0013958,0.0013103,0.0013617,0.0013255,0.0013965,0.0012984,0.0015583,0.0013551,0.0013766,0.0014062,0.0013702,0.0013315,0.001302,0.0012035,0.00132,0.0015333,0.0013135,0.0013038,0.0014733,0.0012834,0.0014069,0.001391,0.0013389,0.0013558,0.0013556,0.001487,0.001209,0.0014051,0.0012175,0.0013595,0.0013987,0.0013165,0.0011961,0.0013031,0.0014445,0.0011755,0.0014563,0.0012364,0.0012005,0.0013673,0.0011466,0.0013185,0.0013263,0.0011777,0.0013323,0.0013523,0.0011091,0.0012664,0.0013088,0.001335,0.0011949,0.0014222,0.0012344,0.0012985,0.0011844,0.00095485,0.0012995,0.0013265,0.0011219,0.0011121,0.0011084,0.0014471,0.0013422,0.001322,0.00098855,0.00090107,0.0010085,0.0010204,0.0013838,0.0012336,0.0010042,0.0011895,0.0010045,0.0010032,0.00086195,0.00088138,0.0011245,0.0011775,0.0012771,0.0012196,1074300.0,1105700.0,792270.0,4276700.0,2284500.0,1150800.0,5856800.0,1513400.0,1879800.0,3242500.0,2966100.0,734830.0,5652900.0,1298400.0,4052200.0,2459600.0,5070500.0,4091400.0,1340500.0,3371900.0,2502600.0,3347400.0,11704000.0,958350.0,6311800.0,749460.0,9101500.0,1591900.0,1841400.0,815570.0,3232100.0,1680500.0,5814300.0,23940000.0,2520900.0,2724900.0,4347000.0,1235900.0,1513400.0,1646200.0,2062700.0,1057700.0,2058300.0,1019200.0,7475600.0,2433400.0,1825600.0,1494000.0,2274900.0,15971000.0,952090.0,7278300.0,3995200.0,706940.0,3910700.0,1079100.0,2657700.0,17679000.0,32102000.0,2373200.0,1720700.0,1532600.0,2840700.0,1036400.0,1926200.0,3409900.0,803840.0,2871900.0,1940600.0,3915400.0,2755300.0,1446400.0,1119200.0,15048000.0,5077600.0,1340600.0,3613400.0,1673300.0,965090.0,2573300.0,3702600.0,1313000.0,893150.0,2116300.0,873820.0,1861100.0,2850800.0,4950200.0,4191200.0,2338500.0,5694300.0,1300700.0,9352900.0,4677300.0,1017700.0,1694700.0,903640.0,1769700.0,3509900.0,9918500.0,1730700.0,16523000.0,1417300.0,9919600.0,1633600.0,3256300.0,1272900.0,1628100.0,12535000.0,5115100.0,2157200.0,3869300.0,2389200.0,1225800.0,656170.0,3373000.0,11659000.0,2413800.0,1291100.0,778800.0,1922000.0,735100.0,1193700.0,2218700.0,8786700.0,4156700.0,2627900.0,3087700.0,2361300.0,1498700.0,773560.0,10411000.0,2404500.0,3548600.0,2073400.0,1371700.0,1031900.0,2014200.0,1052000.0,2853800.0,3921600.0,1159600.0,1477000.0,2103000.0,1521000.0,2210500.0,2422200.0,877170.0,6912100.0,1513500.0,9390500.0,6180200.0,809830.0,10291000.0,814480.0,1274500.0,19279000.0,683650.0,12167000.0,721740.0,5575100.0,3693400.0,3817200.0,2647300.0,5252900.0,4116200.0,4227600.0,964530.0,4135000.0,1638700.0,6369200.0,1506700.0,7610900.0,1080700.0,744550.0,4005200.0,2996600.0,1988300.0,8411500.0,2288700.0,948280.0,1205600.0,3671000.0,3568300.0,1940100.0,1475700.0,747540.0,6807100.0,5275200.0,2336700.0,637470.0,17726000.0,3323000.0,5257900.0,1142200.0,18258000.0,5431600.0,1100100.0,8580600.0,1353300.0,1434500.0,3992400.0,5297000.0,799330.0,1639500.0,973680.0,1778500.0,1568200.0,1456500.0,7851700.0,2342100.0,1425100.0,12280000.0,2793800.0,1238000.0,1263500.0,3260300.0,951930.0,4669600.0,1133200.0,1854600.0,8075300.0,4435100.0,696550.0,1421900.0,10018000.0,5258300.0,5069200.0,15394000.0,3001700.0,1931800.0,2342400.0,2994600.0,3189800.0,1882600.0,1749500.0,2275100.0,1499400.0,7215800.0,652060.0,3656200.0,8296200.0,8910100.0,1863600.0,5378600.0,4029700.0,5011000.0,864140.0,1139900.0,5361500.0,1551600.0,6587500.0,3485200.0,7122400.0,1970700.0,1638700.0,1591200.0,1087700.0,1106100.0,2208100.0,945990.0,5091800.0,3371700.0,4404800.0,3356800.0,2894200.0,2745600.0,15584000.0,14989000.0,6042000.0,4601000.0,2807600.0,6148400.0,3762100.0,1781300.0,2740300.0,1353800.0,4824200.0,3044800.0,1.5258,1.8407,4.1729,2.2276,2.4668,3.6657,1.278,2.2272,4.2228,1.2283,1.9885,4.2309,2.4967,2.6638,4.3063,0.84311,2.0619,4.2165,1.5449,2.4907,3.8917,3.0209,2.8409,5.8294,1.226,1.9967,4.2291,1.7433,1.7193,4.2482,1.2769,2.2319,4.2296,0.84116,2.0584,4.214,2.9017,2.838,4.5363,5.6958,2.7747,1.4589,1.2345,2.843,3.6182,0.94197,2.1483,3.0198,2.4955,2.0628,4.4564,1.4712,1.6801,3.903,0.66096,2.5828,3.8825,1.9885,1.7738,3.4798,1.0932,2.4388,3.0837,0.2923,2.286,3.5588,1.7949,1.6663,3.3888,2.1238,2.8079,4.4088,1.805,1.6638,3.3861,1.5002,1.6705,3.9162,0.38514,2.1405,3.1935,2.0375,2.3669,4.4017,1.4752,1.6727,3.208,0.84368,1.8858,2.7708,3.0454,2.8418,5.8474,1.9907,1.7677,3.4785,0.98358,2.7165,2.8836,1.7981,2.5899,4.0014,0.64655,1.875,2.7874,1.0802,2.4414,3.0668,1.9043,1.9179,4.4933,1.7064,1.6876,3.8945,0.52138,2.198,3.7586,1.213,2.4411,3.7934,1.004,2.072,3.2625,2.5472,2.3028,4.2969,2.0566,2.1607,4.6837,1.4881,1.674,3.9127,1.894,1.9285,4.4916,1.4816,2.1743,3.2651,0.8302,2.1038,3.1711,2.4273,2.3835,4.3253,1.9544,2.5915,4.8867,1.9396,2.5995,4.8748,2.5465,2.3023,4.2915,1.2841,2.4933,3.9394,1.7075,2.2452,4.3069,2.1681,3.0521,4.0948,0.52217,2.4601,2.4935,1.5203,2.0488,4.6028,2.0538,3.0602,3.9864,0.36539,2.377,3.4262,1.6705,1.6297,4.0831,0.72707,2.0513,3.0906,2.244,2.2628,4.6562,0.61756,2.5826,3.0155,0.98122,2.0983,3.2635,0.1131,2.8927,1.9314,1.9978,2.0171,4.5881,2.5424,2.3123,4.2818,2.6189,2.3324,5.1942,2.1201,2.8037,4.399,1.0924,1.853,3.9552,4.6126,2.9794,0.52833,0.87321,2.1354,3.0457,1.3345,2.1011,4.2654,1.0798,2.1081,3.5018,2.2702,2.7428,4.5386,1.6838,1.5992,4.1554,1.1471,2.5512,3.066,0.74949,2.4304,3.7638,2.0807,1.9131,3.7267,1.5743,2.4527,3.4718,1.6236,2.5449,3.6,1.628,1.6756,4.2594,2.0827,2.7921,4.5695,2.114,2.7899,4.6036,3.3414,2.7916,6.0998,1.7017,1.6071,4.1675,1.7259,1.9932,3.4405,2.1781,2.9479,4.9904,1.1545,2.5547,3.0721,2.6416,2.4405,4.9908,1.0035,2.6148,4.0806,1.5814,2.4477,3.4807,1.1578,1.8271,4.0987,1.6714,1.6272,4.0835,1.7207,1.9859,3.4422,0.14486,2.9407,3.2049,2.8893,2.2857,4.5729,1.3435,1.9549,4.2264,1.2354,2.6706,3.325,1.4607,2.4548,3.3525,1.8124,1.9741,3.7123,1.9499,2.3573,3.9969,1.0986,2.2956,3.1956,2.5241,2.0349,5.1667,1.2088,2.6867,3.3069,1.4576,2.4635,3.3468,0.23264,2.9654,3.2798,0.68004,1.8135,2.8943,1.6971,2.0266,4.4359,1.4802,1.8641,4.1308,5.5014,2.8979,1.8228,0.81685,2.1353,2.8041,0.98082,2.6198,4.0683,2.1965,2.5306,3.6322,2.6415,2.4206,4.9771,2.8344,2.6845,4.527,2.1173,2.497,4.5249,2.3443,2.1129,4.1886,0.76166,2.0111,3.3487,0.36749,2.4627,2.9145,0.58403,2.1494,3.7523,2.4094,2.5042,4.4522,0.77417,2.4393,2.8828,1.2624,1.5783,4.3008,1.6906,2.0008,3.4548,0.062093,2.6841,2.0723,3.2773,2.9468,0.0013924,0.78196,2.4286,2.8868,1.6566,1.6393,4.0926,1.5056,1.8389,3.1877,0.75781,2.4433,2.8571,2.1748,2.3447,4.9543,1.1489,2.5594,3.085,1.0603,2.012,3.5212,0.52024,1.9865,3.2604,1.7046,1.9958,3.4458,2.4125,2.0827,4.1758,2.144,2.1534,4.9737,1.303,1.7495,3.8044,0.70259,1.9788,2.7589,2.1405,2.1532,4.9795,2.2975,2.1972,4.4692,1.5576,2.3086,3.965,4.1978,2.9988,0.13144,1.9427,2.3609,3.995,0.81326,1.9689,4.1175,1.1742,2.5854,4.2169,3.5019,2.8482,6.0823,1.5603,1.6064,3.2782,0.30199,2.3119,3.4128,5.1117,2.9873,1.0213,0.53425,2.7896,3.2456,1.2463,2.5121,2.984,2.1635,2.1453,4.9684,1.4939,2.0921,4.3573,1.5462,1.6218,3.2998,1.3926,2.9236,3.3317,0.4979,2.4326,2.7453,0.90429,2.4523,2.9947,0.21909,2.6234,3.3404,1.6364,2.2774,4.1435,0.46959,2.439,2.7251,1.044,2.1918,3.6525,1.3744,1.8029,4.2968,0.30479,2.31,3.4141,1.5489,1.6103,3.2827,0.49811,2.4315,2.7396,2.9909,2.8691,5.926,1.9786,2.5929,4.029,1.9878,2.1904,4.5913,2.579,2.7601,5.2549,1.854,1.9654,3.8901,1.3158,1.8159,3.698,2.1785,2.1506,4.9832,1.427,2.6447,4.0083,0.93003,3.0716,2.7521,4.6405,2.9749,0.37144,1.2526,2.7006,4.3119,1.8998,1.9547,3.8864,1.2362,2.6371,2.8546,0.33648,2.7829,2.942,0.96711,2.8909,4.1498,0.55074,2.5124,2.5799,0.71289,1.9441,2.9699,0.5433,2.4123,3.4221,1.599,2.1806,4.2463,1.2436,2.7056,4.3314,0.63772,1.9613,3.1028,1.9915,1.8832,3.8037,1.217,1.8487,3.6528,2.4433,2.7078,4.9588,1.3958,1.5327,4.1801,1.3739,2.1499,3.1844,0.65145,1.969,3.0977,0.5196,2.4211,2.589,1.6591,2.2826,4.1372,2.4218,2.7039,4.9703,0.628,1.9698,3.0923,1.583,1.7128,3.3241,0.62223,3.0283,2.5042,0.5672,2.5175,2.5873,2.9688,2.7456,5.9291,6.1749,2.8638,2.5392,4.5677,2.978,0.28609,2.3586,2.3936,3.7575,0.99546,3.0808,3.806,1.4037,2.2957,3.5463,0.70754,3.0858,3.5107,2.3719,2.2314,3.8019,1.2261,1.8497,3.6543,2.4235,2.3337,4.5689,2.5892,2.636,4.0552,1.2629,2.6919,4.3366,1.8632,1.9625,3.8947,1.1366,2.7918,3.6681,2.4334,2.4633,5.0689,1.5726,2.6281,3.3021,2.1721,2.1974,4.0962,0.80774,1.9182,3.3757,2.3727,2.4024,3.767,2.3532,2.4037,3.753,2.1974,1.9038,4.9221,2.6528,2.2908,4.7989,2.3692,2.2381,3.8085,1.3917,1.5899,3.8468,2.449,2.7018,4.982,1.8687,1.9604,3.8994,0.78623,2.1405,3.9909,1.6043,1.8351,4.2718,2.4322,2.6975,4.9769,1.451,2.39,3.26,5.9192,2.8741,2.194,1.8618,1.7913,3.4856,1.9869,3.0141,4.2972,2.025,1.9539,4.7664,1.1084,2.5842,4.2858,1.8942,2.1486,4.8735,1.6231,1.8017,3.9623,1.6066,2.0091,3.3869,1.035,2.7694,3.5896,0.93061,2.837,3.8116,1.4116,2.4114,3.8554,1.1336,2.7816,3.661,1.8271,1.7953,4.0929,0.8774,2.4604,2.7779,1.8923,2.0778,4.3861,0.07703,2.796,2.8595,1.082,1.9576,4.273,0.95192,2.33,3.0188,1.6271,2.3973,4.5836,0.98561,2.0881,2.8335,0.75071,2.002,2.7332,1.6249,1.7997,3.9642,0.91121,2.4576,2.7927,1.3736,1.5874,3.8373,2.7727,2.593,4.6349,1.0788,2.1468,3.6304,1.131,2.7915,3.6565,1.9796,1.9884,4.4754,1.0756,1.9621,4.2574,1.8605,1.6491,3.4471,1.6694,2.4822,3.9951,2.137,2.5541,4.9173,2.1386,2.3765,3.6924,1.1989,3.0715,3.4333,1.44,1.4601,4.237,0.63305,2.9963,3.6216,1.6284,1.7484,4.2352,0.75331,1.9991,2.7389,0.66416,2.1991,3.9612,2.6757,2.6016,4.5325,1.995,2.1242,3.4408,1.3834,2.9183,3.5387,1.0828,2.1958,3.6338,2.5322,2.0036,4.469,1.4933,1.735,4.4221,1.6085,2.5915,3.5799,2.0633,2.2869,4.0696,2.7104,2.3635,5.0033,0.44434,2.5269,2.9513
0.025253,0.039535,0.0017287,207.74,210.65,202.95,0.0011963,0.0013125,0.0010049,203.43,209.11,206.93,197.14,190.72,199.73,224.51,211.31,225.2,200.44,226.77,242.26,200.38,197.82,200.06,211.5,207.08,205.48,175.35,188.88,250.44,199.41,177.36,214.03,182.08,223.82,208.57,248.23,147.57,221.36,195.41,206.3,167.69,227.5,228.03,267.6,215.79,181.57,220.41,260.28,243.7,161.68,248.28,172.71,219.05,201.08,236.52,229.02,255.55,226.6,229.35,199.61,246.37,249.3,237.17,200.55,235.12,204.46,186.65,273.22,233.62,227.9,236.51,175.3,207.07,186.9,208.26,190.69,259.61,207.39,203.96,205.56,216.93,224.61,189.29,186.03,224.74,211.97,237.35,227.19,210.67,232.43,241.48,194.9,238.39,144.77,237.61,191.13,219.07,199.04,229.14,235.2,199.94,195.71,193.36,169.67,216.18,259.35,179.09,202.31,240.03,244.45,259.27,220.79,209.56,230.95,288.22,214.67,179.22,217.74,205.53,187.09,210.04,236.94,136.6,247.46,214.54,237.65,240.42,215.66,161.41,226.29,246.86,172.99,198.7,203.6,240.03,163.61,184.06,236.34,227.42,220.62,261.15,199.12,192.85,211.27,228.78,218.49,243.77,230.86,224.74,189.16,238.13,240.46,192.52,206.96,289.01,190.31,203.34,251.05,187.63,196.48,265.55,199.49,132.24,256.9,236.74,238.71,202.98,259.65,197.09,200.42,165.12,175.55,187.75,211.38,167.3,231.3,232.26,189.16,208.24,222.14,229.83,190.44,220.18,203.46,192.52,196.56,194.99,272.52,201.06,243.13,263.89,206.75,233.58,200.9,261.31,207.62,200.68,242.57,266.4,208.13,232.98,218.8,189.44,239.82,215.9,210.69,203.83,221.75,193.87,221.69,208.51,216.7,213.47,197.29,215.18,196.6,240.36,238.3,208.22,192.1,174.38,217.02,251.2,180.76,193.64,264.51,198.62,210.34,225.37,210.27,218.66,240.51,245.58,178.59,222.97,185.44,232.86,204.89,236.24,173.89,233.18,232.84,167.48,248.13,207.74,153.42,227.61,178.38,205.13,222.04,174.16,209.21,225.75,193.4,214.8,220.28,212.16,180.42,227.6,200.86,204.26,204.99,164.61,250.43,243.75,200.05,167.0,198.82,258.6,214.52,221.84,210.93,146.59,158.83,198.87,232.87,206.88,209.57,209.46,202.58,185.39,165.77,182.27,225.38,216.17,227.68,220.29,0.0008467,0.0010557,0.0010419,0.0010545,0.00097165,0.0011041,0.0011906,0.00094875,0.0011402,0.00096663,0.0012081,0.0013343,0.0011118,0.0010645,0.0010047,0.0012848,0.0011782,0.0011309,0.0011213,0.0011612,0.0014834,0.0013101,0.0011046,0.0014075,0.0012475,0.0013415,0.0011708,0.0014534,0.0010774,0.0014901,0.0011686,0.001273,0.0011657,0.0012942,0.0013832,0.0015864,0.0012863,0.0012779,0.0013695,0.001433,0.0013242,0.0010095,0.0015378,0.0011994,0.0012876,0.0012639,0.0013997,0.0013077,0.0014516,0.001349,0.0012048,0.0012967,0.0015341,0.0013569,0.0014329,0.0013203,0.0013665,0.0013407,0.0013236,0.0015989,0.0015949,0.0014208,0.0014723,0.001314,0.0014494,0.0012483,0.001416,0.0013579,0.0015361,0.0013178,0.0014597,0.0013672,0.0013059,0.0014436,0.0013249,0.0013319,0.0013443,0.0013461,0.0015298,0.001511,0.0013546,0.0015513,0.0014923,0.0012236,0.0013433,0.001143,0.0014408,0.0013362,0.0014044,0.0012891,0.0014409,0.0014227,0.0013331,0.0013035,0.0012289,0.0011752,0.00128,0.0015864,0.0012113,0.0012896,0.001444,0.0014927,0.0016155,0.0013488,0.0014273,0.0014592,0.0016178,0.0013733,0.0012652,0.0012589,0.0014609,0.0013292,0.0013956,0.0015207,0.0011889,0.0015614,0.0013609,0.0014514,0.0014691,0.0014258,0.0012296,0.001547,0.0014091,0.001266,0.0012914,0.0013684,0.0015266,0.0011794,0.00092535,0.0015227,0.001479,0.0014536,0.001521,0.001227,0.0012483,0.00144,0.0015691,0.0013579,0.0015137,0.001546,0.0013841,0.0012823,0.0012919,0.0014483,0.0013297,0.0014409,0.0015171,0.0012748,0.0013937,0.0014757,0.0011717,0.0013527,0.0017035,0.0012799,0.0010735,0.0014869,0.0014078,0.0015095,0.0014046,0.0015281,0.0012486,0.0012788,0.0011606,0.0012556,0.0012796,0.0012876,0.0011701,0.0014327,0.0014784,0.0012755,0.0013135,0.0012171,0.0014776,0.0013792,0.0013295,0.0012968,0.0013505,0.0013181,0.0012665,0.0015015,0.001277,0.001469,0.0014701,0.0013461,0.0014801,0.0013985,0.001483,0.0013101,0.0013127,0.0014318,0.001435,0.0013927,0.0014174,0.0014056,0.0015488,0.0014314,0.0014026,0.0013372,0.0013661,0.0013978,0.0013144,0.0013658,0.0013296,0.0014004,0.0013015,0.0015666,0.0013587,0.0013796,0.0014097,0.0013728,0.0013343,0.0013045,0.0012068,0.0013222,0.0015385,0.001316,0.001306,0.001476,0.0012861,0.0014101,0.0013943,0.0013411,0.0013583,0.001359,0.0014897,0.0012111,0.001411,0.0012202,0.0013622,0.0014005,0.0013184,0.001198,0.0013054,0.0014481,0.0011764,0.0014585,0.001238,0.0012032,0.0013702,0.0011484,0.0013217,0.0013295,0.00118,0.0013338,0.0013542,0.0011096,0.0012692,0.0013107,0.0013374,0.0011963,0.0014243,0.0012358,0.0013008,0.0011867,0.00095521,0.0013016,0.0013296,0.0011232,0.0011132,0.0011092,0.0014484,0.0013448,0.0013237,0.00098852,0.00090045,0.0010087,0.0010205,0.0013855,0.0012359,0.0010037,0.0011906,0.0010046,0.0010038,0.00086209,0.00088097,0.0011249,0.0011775,0.0012787,0.0012204,1074300.0,1105700.0,792270.0,4276700.0,2284500.0,1150800.0,5856800.0,1513400.0,1879800.0,3242500.0,2966100.0,734830.0,5652900.0,1298400.0,4052200.0,2459600.0,5070500.0,4091400.0,1340500.0,3371900.0,2502600.0,3347400.0,11704000.0,958350.0,6311800.0,749460.0,9101500.0,1591900.0,1841400.0,815570.0,3232100.0,1680500.0,5814300.0,23940000.0,2520900.0,2724900.0,4347000.0,1235900.0,1513400.0,1646200.0,2062700.0,1057700.0,2058300.0,1019200.0,7475600.0,2433400.0,1825600.0,1494000.0,2274900.0,15971000.0,952090.0,7278300.0,3995200.0,706940.0,3910700.0,1079100.0,2657700.0,17679000.0,32102000.0,2373200.0,1720700.0,1532600.0,2840700.0,1036400.0,1926200.0,3409900.0,803840.0,2871900.0,1940600.0,3915400.0,2755300.0,1446400.0,1119200.0,15048000.0,5077600.0,1340600.0,3613400.0,1673300.0,965090.0,2573300.0,3702600.0,1313000.0,893150.0,2116300.0,873820.0,1861100.0,2850800.0,4950200.0,4191200.0,2338500.0,5694300.0,1300700.0,9352900.0,4677300.0,1017700.0,1694700.0,903640.0,1769700.0,3509900.0,9918500.0,1730700.0,16523000.0,1417300.0,9919600.0,1633600.0,3256300.0,1272900.0,1628100.0,12535000.0,5115100.0,2157200.0,3869300.0,2389200.0,1225800.0,656170.0,3373000.0,11659000.0,2413800.0,1291100.0,778800.0,1922000.0,735100.0,1193700.0,2218700.0,8786700.0,4156700.0,2627900.0,3087700.0,2361300.0,1498700.0,773560.0,10411000.0,2404500.0,3548600.0,2073400.0,1371700.0,1031900.0,2014200.0,1052000.0,2853800.0,3921600.0,1159600.0,1477000.0,2103000.0,1521000.0,2210500.0,2422200.0,877170.0,6912100.0,1513500.0,9390500.0,6180200.0,809830.0,10291000.0,814480.0,1274500.0,19279000.0,683650.0,12167000.0,721740.0,5575100.0,3693400.0,3817200.0,2647300.0,5252900.0,4116200.0,4227600.0,964530.0,4135000.0,1638700.0,6369200.0,1506700.0,7610900.0,1080700.0,744550.0,4005200.0,2996600.0,1988300.0,8411500.0,2288700.0,948280.0,1205600.0,3671000.0,3568300.0,1940100.0,1475700.0,747540.0,6807100.0,5275200.0,2336700.0,637470.0,17726000.0,3323000.0,5257900.0,1142200.0,18258000.0,5431600.0,1100100.0,8580600.0,1353300.0,1434500.0,3992400.0,5297000.0,799330.0,1639500.0,973680.0,1778500.0,1568200.0,1456500.0,7851700.0,2342100.0,1425100.0,12280000.0,2793800.0,1238000.0,1263500.0,3260300.0,951930.0,4669600.0,1133200.0,1854600.0,8075300.0,4435100.0,696550.0,1421900.0,10018000.0,5258300.0,5069200.0,15394000.0,3001700.0,1931800.0,2342400.0,2994600.0,3189800.0,1882600.0,1749500.0,2275100.0,1499400.0,7215800.0,652060.0,3656200.0,8296200.0,8910100.0,1863600.0,5378600.0,4029700.0,5011000.0,864140.0,1139900.0,5361500.0,1551600.0,6587500.0,3485200.0,7122400.0,1970700.0,1638700.0,1591200.0,1087700.0,1106100.0,2208100.0,945990.0,5091800.0,3371700.0,4404800.0,3356800.0,2894200.0,2745600.0,15584000.0,14989000.0,6042000.0,4601000.0,2807600.0,6148400.0,3762100.0,1781300.0,2740300.0,1353800.0,4824200.0,3044800.0,1.5259,1.8409,4.1728,2.2277,2.4669,3.6656,1.278,2.2272,4.2228,1.2281,1.9885,4.2308,2.4965,2.6638,4.3064,0.84239,2.062,4.2165,1.546,2.4911,3.8916,3.0216,2.841,5.83,1.2258,1.9971,4.2289,1.7431,1.7194,4.2482,1.2769,2.2322,4.23,0.84028,2.0582,4.2139,2.9022,2.8381,4.5376,5.6949,2.7746,1.4583,1.2345,2.8429,3.6182,0.94117,2.1485,3.0196,2.4961,2.0634,4.457,1.4711,1.6801,3.9029,0.66111,2.5835,3.8824,1.9877,1.7743,3.4802,1.0943,2.4383,3.0853,0.29316,2.2861,3.5585,1.7953,1.666,3.3889,2.1226,2.8069,4.4065,1.8059,1.6636,3.386,1.5013,1.6702,3.9167,0.38461,2.1409,3.1929,2.0377,2.3676,4.4026,1.4752,1.673,3.2085,0.84421,1.8865,2.7706,3.0473,2.8418,5.8491,1.9899,1.7681,3.4788,0.98248,2.7165,2.8839,1.7971,2.5899,4.0014,0.64733,1.8755,2.7868,1.0806,2.4411,3.0676,1.9046,1.9181,4.4934,1.7077,1.6871,3.8944,0.52203,2.1978,3.7594,1.2141,2.4423,3.7938,1.0038,2.0727,3.262,2.5473,2.3031,4.2974,2.0561,2.1614,4.6842,1.4886,1.6739,3.9129,1.8939,1.929,4.4915,1.4812,2.1745,3.265,0.83046,2.1052,3.1701,2.4277,2.3842,4.3259,1.9547,2.5909,4.8862,1.9395,2.5997,4.8743,2.5466,2.3026,4.2918,1.2839,2.4937,3.939,1.7086,2.2459,4.3076,2.1725,3.0515,4.0984,0.52332,2.4596,2.4946,1.5191,2.0485,4.6026,2.0524,3.0598,3.9843,0.36396,2.3772,3.4255,1.6709,1.6295,4.0831,0.72795,2.0529,3.0901,2.2441,2.2638,4.6568,0.61729,2.5807,3.0167,0.97989,2.1001,3.2629,0.11206,2.8928,1.929,1.9979,2.0188,4.5883,2.5423,2.313,4.2814,2.6157,2.332,5.1936,2.1184,2.8025,4.396,1.0931,1.853,3.9558,4.6122,2.9783,0.5294,0.87249,2.1362,3.0452,1.3361,2.1012,4.2655,1.081,2.1092,3.5022,2.2677,2.742,4.536,1.683,1.5991,4.1552,1.1474,2.5508,3.0661,0.74956,2.4307,3.7635,2.0821,1.9122,3.7261,1.573,2.4535,3.4719,1.6215,2.546,3.5996,1.6263,1.6753,4.2599,2.0811,2.791,4.5685,2.1137,2.7887,4.6041,3.3409,2.7921,6.0992,1.7018,1.6074,4.1679,1.7273,1.9926,3.4398,2.1808,2.9483,4.9941,1.1551,2.5545,3.0724,2.6418,2.4402,4.9909,1.0026,2.6154,4.0814,1.5803,2.4483,3.4814,1.1562,1.8287,4.0985,1.672,1.6269,4.0834,1.7218,1.9849,3.4417,0.13722,2.9403,3.198,2.89,2.2852,4.5737,1.3448,1.9551,4.2275,1.235,2.6695,3.3255,1.4606,2.4546,3.353,1.8109,1.9735,3.7116,1.95,2.3585,3.9972,1.0987,2.2962,3.196,2.5233,2.034,5.1676,1.2072,2.6864,3.3068,1.4572,2.4638,3.3472,0.22964,2.9664,3.2767,0.6801,1.8139,2.8932,1.6969,2.0264,4.4369,1.4807,1.8639,4.1315,5.4991,2.8976,1.821,0.817,2.136,2.8054,0.9786,2.6207,4.0684,2.1989,2.5308,3.6328,2.6415,2.4192,4.9762,2.8363,2.6833,4.5273,2.1148,2.4953,4.5245,2.344,2.1135,4.1884,0.76148,2.0124,3.3486,0.36987,2.462,2.9164,0.58276,2.1498,3.7545,2.4106,2.5038,4.4534,0.77537,2.4382,2.8845,1.2628,1.5782,4.3015,1.6901,2.0005,3.455,0.065047,2.6838,2.0735,3.281,2.9471,0.0059697,0.78392,2.4267,2.8889,1.6564,1.6397,4.0929,1.5063,1.8381,3.188,0.75847,2.4423,2.8575,2.1751,2.3445,4.9542,1.1497,2.5592,3.0862,1.0633,2.0147,3.5221,0.5195,1.987,3.2606,1.7049,1.9952,3.4456,2.4142,2.083,4.1746,2.1441,2.1533,4.9735,1.3037,1.7492,3.8047,0.70355,1.979,2.759,2.1404,2.1533,4.9797,2.2965,2.1979,4.4699,1.5572,2.3097,3.9652,4.1978,2.9982,0.13143,1.9418,2.3623,3.995,0.81194,1.9692,4.1176,1.1745,2.5861,4.2172,3.5013,2.8478,6.0827,1.5619,1.6058,3.2779,0.30058,2.3126,3.4127,5.11,2.9871,1.0183,0.53325,2.7899,3.2455,1.2455,2.5125,2.9845,2.1645,2.145,4.9679,1.495,2.092,4.3578,1.5472,1.6219,3.3005,1.3938,2.9234,3.33,0.50047,2.4317,2.7468,0.90328,2.4522,2.9946,0.21915,2.6237,3.3403,1.6379,2.2787,4.1446,0.47098,2.4386,2.7258,1.0438,2.1931,3.652,1.3733,1.8025,4.2971,0.30386,2.3105,3.4143,1.55,1.6099,3.2825,0.50092,2.4305,2.7409,2.9917,2.869,5.9277,1.9768,2.5925,4.0286,1.9887,2.191,4.5916,2.5758,2.7592,5.2536,1.852,1.9654,3.8894,1.3169,1.8157,3.6985,2.1802,2.1504,4.9833,1.4281,2.6439,4.0081,0.92116,3.0709,2.7421,4.638,2.9743,0.36932,1.2525,2.7016,4.3108,1.8996,1.9545,3.8865,1.2358,2.6372,2.8542,0.33543,2.7833,2.9417,0.96848,2.8911,4.1507,0.54989,2.5119,2.58,0.71366,1.9449,2.9686,0.54313,2.4132,3.4217,1.6006,2.1809,4.2474,1.2429,2.7068,4.3313,0.63782,1.9621,3.1018,1.9923,1.8825,3.8029,1.2183,1.8489,3.6532,2.4418,2.7069,4.957,1.3968,1.5333,4.1804,1.373,2.1496,3.1848,0.65217,1.9702,3.0966,0.5225,2.4195,2.5901,1.6612,2.2842,4.1377,2.4197,2.7029,4.9695,0.62757,1.9709,3.0909,1.584,1.7129,3.3239,0.62656,3.0278,2.5069,0.56699,2.5173,2.5876,2.9721,2.7456,5.9314,6.1749,2.8638,2.5392,4.5622,2.9774,0.28041,2.3591,2.3927,3.7575,1.003,3.0806,3.815,1.4017,2.298,3.5453,0.7004,3.0861,3.5049,2.372,2.2311,3.8013,1.2277,1.8497,3.6548,2.4234,2.3336,4.5694,2.5895,2.6366,4.0566,1.2631,2.6922,4.3366,1.8618,1.9623,3.8941,1.1373,2.7914,3.6691,2.4324,2.4621,5.0674,1.571,2.6283,3.3025,2.1723,2.198,4.0959,0.80866,1.919,3.3759,2.3737,2.402,3.7675,2.3533,2.4033,3.7528,2.1982,1.9048,4.9233,2.6531,2.2908,4.7992,2.3693,2.2381,3.8084,1.3922,1.5901,3.8474,2.448,2.7008,4.9814,1.8676,1.9601,3.8991,0.78657,2.1404,3.9926,1.6044,1.8351,4.2725,2.4306,2.6962,4.9763,1.4513,2.39,3.26,5.9188,2.8738,2.1934,1.8619,1.7908,3.4861,1.9872,3.0134,4.2967,2.0257,1.9542,4.7672,1.109,2.5845,4.2866,1.8949,2.1485,4.8741,1.6236,1.8015,3.9621,1.6067,2.0091,3.3865,1.0363,2.769,3.5911,0.93183,2.8372,3.8119,1.4134,2.4126,3.856,1.1342,2.7807,3.6616,1.8265,1.795,4.0928,0.87579,2.4603,2.7783,1.8915,2.0783,4.3862,0.077484,2.7959,2.8609,1.0818,1.9574,4.2736,0.95224,2.3295,3.0194,1.6268,2.3974,4.5834,0.98591,2.088,2.8335,0.75106,2.0021,2.7326,1.6255,1.7994,3.964,0.91109,2.4575,2.7937,1.3731,1.5874,3.8373,2.7727,2.5932,4.6347,1.0785,2.1474,3.6305,1.1316,2.791,3.6569,1.9798,1.9885,4.4754,1.0751,1.9621,4.2573,1.8609,1.649,3.447,1.6698,2.4823,3.9949,2.1383,2.554,4.917,2.1377,2.3763,3.6914,1.1994,3.0713,3.4339,1.4397,1.4598,4.2372,0.63387,2.9962,3.6221,1.6286,1.7482,4.2352,0.75372,1.9992,2.7387,0.66296,2.1993,3.9621,2.6749,2.6016,4.5323,1.9952,2.124,3.4409,1.3834,2.918,3.5387,1.0828,2.196,3.6337,2.5322,2.0038,4.469,1.4934,1.735,4.4221,1.6084,2.5914,3.5798,2.0633,2.2869,4.0695,2.7103,2.3629,5.0029,0.44436,2.5267,2.951
0.026047,0.040794,0.0017565,208.01,211.02,203.05,0.0011979,0.0013146,0.0010056,203.57,209.36,207.16,197.41,190.93,199.81,224.67,211.47,225.52,200.68,227.08,242.59,200.5,198.05,200.21,211.92,207.24,205.79,175.63,188.96,250.98,199.71,177.55,214.34,182.28,224.23,208.85,248.63,147.77,221.72,195.6,206.38,167.77,227.81,228.37,268.1,216.22,181.84,220.87,260.88,244.06,161.8,248.64,172.92,219.43,201.37,236.88,229.34,256.09,226.96,229.68,199.85,246.98,249.85,237.78,200.98,235.48,204.88,187.01,273.86,234.25,228.44,237.22,175.25,207.45,187.12,208.7,191.1,259.72,207.76,204.4,205.57,217.35,225.1,189.53,186.19,225.0,212.49,237.83,227.71,211.07,232.72,241.84,195.31,238.88,144.73,238.18,191.47,219.53,199.43,229.54,235.9,200.35,196.08,193.47,169.3,216.38,260.04,179.54,202.6,240.53,244.89,260.1,221.32,210.07,231.76,289.1,215.29,179.63,218.17,205.03,187.53,210.58,237.79,136.44,248.17,215.06,238.26,240.85,215.22,161.86,226.81,247.31,173.61,199.15,204.0,241.0,164.0,182.89,237.06,228.06,221.21,262.58,199.38,193.13,210.4,229.44,218.96,244.15,231.44,225.21,189.6,238.44,241.26,192.93,207.64,289.72,190.82,203.74,251.11,187.93,196.95,266.53,199.83,132.45,256.99,237.47,239.19,203.31,260.45,197.31,201.0,165.34,175.5,188.09,211.89,167.59,231.95,232.52,189.31,208.46,222.36,230.24,190.45,220.66,203.96,192.84,196.77,195.32,272.81,201.42,243.4,264.83,207.17,234.08,201.35,261.94,208.12,200.98,243.13,267.06,208.58,233.44,219.42,190.37,240.28,216.35,211.31,204.01,222.05,194.25,222.06,208.89,217.08,213.92,198.44,215.66,196.98,240.67,238.82,208.64,192.33,174.71,217.39,251.89,181.2,193.93,264.85,198.92,210.77,225.78,210.6,219.06,240.96,245.87,178.87,223.65,185.71,233.22,205.08,236.43,174.11,233.56,233.28,167.57,248.41,207.95,153.75,227.96,178.59,205.48,222.48,174.39,209.58,225.97,193.49,215.17,220.62,212.51,180.61,227.85,201.02,204.57,205.32,164.72,250.73,244.15,200.25,167.14,198.99,258.84,214.9,222.05,211.16,146.61,158.96,199.03,233.09,207.21,209.75,209.71,202.75,185.57,165.9,182.43,225.55,216.27,227.97,220.41,0.0008456,0.0010556,0.0010423,0.0010553,0.00097215,0.0011039,0.0011913,0.00094849,0.0011415,0.00096699,0.0012095,0.0013359,0.0011118,0.0010657,0.0010048,0.0012869,0.001179,0.0011325,0.0011229,0.0011617,0.0014865,0.0013119,0.0011057,0.0014095,0.0012489,0.0013443,0.0011724,0.0014555,0.0010788,0.0014923,0.0011699,0.0012738,0.0011661,0.0012958,0.0013853,0.0015893,0.0012887,0.0012796,0.0013725,0.0014365,0.0013264,0.0010097,0.00154,0.001201,0.0012901,0.0012655,0.0014021,0.0013089,0.0014548,0.0013511,0.0012059,0.0012982,0.0015373,0.0013597,0.0014363,0.0013224,0.0013686,0.0013436,0.001326,0.0016031,0.0015987,0.0014239,0.0014765,0.0013151,0.0014522,0.0012498,0.0014193,0.0013606,0.0015381,0.0013201,0.0014627,0.0013684,0.0013082,0.0014463,0.0013271,0.001333,0.001346,0.0013492,0.0015323,0.0015139,0.001358,0.0015545,0.0014953,0.0012259,0.001346,0.0011436,0.0014441,0.0013383,0.0014072,0.0012919,0.0014434,0.0014271,0.0013362,0.0013064,0.0012295,0.0011746,0.0012818,0.0015909,0.0012139,0.0012918,0.001447,0.001495,0.00162,0.0013518,0.0014304,0.0014642,0.0016225,0.0013764,0.001268,0.0012616,0.0014589,0.0013323,0.0013989,0.0015254,0.0011893,0.0015669,0.0013638,0.0014546,0.0014727,0.001426,0.0012318,0.0015508,0.001412,0.0012696,0.0012942,0.0013705,0.0015323,0.0011821,0.00090353,0.001527,0.0014828,0.0014569,0.0015279,0.0012289,0.0012507,0.0014412,0.0015732,0.0013605,0.0015162,0.0015484,0.0013864,0.0012848,0.0012937,0.0014526,0.001333,0.0014442,0.0015204,0.0012776,0.0013975,0.0014772,0.0011737,0.0013552,0.0017083,0.0012822,0.0010749,0.001489,0.001412,0.0015123,0.0014067,0.0015323,0.0012503,0.001282,0.0011624,0.0012567,0.0012827,0.0012905,0.0011724,0.0014361,0.0014803,0.0012773,0.0013161,0.0012186,0.0014804,0.0013809,0.0013329,0.0012997,0.0013531,0.00132,0.0012683,0.0015032,0.0012792,0.0014711,0.0014753,0.001349,0.001483,0.0014015,0.0014868,0.0013129,0.0013148,0.0014346,0.0014379,0.0013954,0.0014201,0.0014096,0.001554,0.0014345,0.0014053,0.0013403,0.0013686,0.0013995,0.0013171,0.0013683,0.0013321,0.001403,0.0013038,0.001573,0.0013613,0.001382,0.0014118,0.001375,0.0013364,0.0013061,0.0012089,0.0013241,0.0015425,0.001318,0.0013076,0.001478,0.0012878,0.0014125,0.001397,0.0013428,0.0013603,0.0013616,0.0014916,0.0012126,0.0014151,0.0012221,0.0013644,0.0014019,0.0013196,0.0011993,0.0013072,0.0014509,0.0011772,0.0014602,0.0012392,0.0012054,0.0013725,0.0011499,0.0013241,0.0013321,0.0011819,0.001335,0.0013557,0.00111,0.0012715,0.0013124,0.0013392,0.0011975,0.0014259,0.0012369,0.0013026,0.0011885,0.00095569,0.0013032,0.001332,0.0011243,0.0011143,0.0011099,0.0014495,0.0013468,0.001325,0.00098874,0.00090031,0.001009,0.0010208,0.0013868,0.0012377,0.0010036,0.0011916,0.0010051,0.0010045,0.00086245,0.00088091,0.0011254,0.0011778,0.00128,0.0012211,1074300.0,1105700.0,792270.0,4276700.0,2284500.0,1150800.0,5856800.0,1513400.0,1879800.0,3242500.0,2966100.0,734830.0,5652900.0,1298400.0,4052200.0,2459600.0,5070500.0,4091400.0,1340500.0,3371900.0,2502600.0,3347400.0,11704000.0,958350.0,6311800.0,749460.0,9101500.0,1591900.0,1841400.0,815570.0,3232100.0,1680500.0,5814300.0,23940000.0,2520900.0,2724900.0,4347000.0,1235900.0,1513400.0,1646200.0,2062700.0,1057700.0,2058300.0,1019200.0,7475600.0,2433400.0,1825600.0,1494000.0,2274900.0,15971000.0,952090.0,7278300.0,3995200.0,706940.0,3910700.0,1079100.0,2657700.0,17679000.0,32102000.0,2373200.0,1720700.0,1532600.0,2840700.0,1036400.0,1926200.0,3409900.0,803840.0,2871900.0,1940600.0,3915400.0,2755300.0,1446400.0,1119200.0,15048000.0,5077600.0,1340600.0,3613400.0,1673300.0,965090.0,2573300.0,3702600.0,1313000.0,893150.0,2116300.0,873820.0,1861100.0,2850800.0,4950200.0,4191200.0,2338500.0,5694300.0,1300700.0,9352900.0,4677300.0,1017700.0,1694700.0,903640.0,1769700.0,3509900.0,9918500.0,1730700.0,16523000.0,1417300.0,9919600.0,1633600.0,3256300.0,1272900.0,1628100.0,12535000.0,5115100.0,2157200.0,3869300.0,2389200.0,1225800.0,656170.0,3373000.0,11659000.0,2413800.0,1291100.0,778800.0,1922000.0,735100.0,1193700.0,2218700.0,8786700.0,4156700.0,2627900.0,3087700.0,2361300.0,1498700.0,773560.0,10411000.0,2404500.0,3548600.0,2073400.0,1371700.0,1031900.0,2014200.0,1052000.0,2853800.0,3921600.0,1159600.0,1477000.0,2103000.0,1521000.0,2210500.0,2422200.0,877170.0,6912100.0,1513500.0,9390500.0,6180200.0,809830.0,10291000.0,814480.0,1274500.0,19279000.0,683650.0,12167000.0,721740.0,5575100.0,3693400.0,3817200.0,2647300.0,5252900.0,4116200.0,4227600.0,964530.0,4135000.0,1638700.0,6369200.0,1506700.0,7610900.0,1080700.0,744550.0,4005200.0,2996600.0,1988300.0,8411500.0,2288700.0,948280.0,1205600.0,3671000.0,3568300.0,1940100.0,1475700.0,747540.0,6807100.0,5275200.0,2336700.0,637470.0,17726000.0,3323000.0,5257900.0,1142200.0,18258000.0,5431600.0,1100100.0,8580600.0,1353300.0,1434500.0,3992400.0,5297000.0,799330.0,1639500.0,973680.0,1778500.0,1568200.0,1456500.0,7851700.0,2342100.0,1425100.0,12280000.0,2793800.0,1238000.0,1263500.0,3260300.0,951930.0,4669600.0,1133200.0,1854600.0,8075300.0,4435100.0,696550.0,1421900.0,10018000.0,5258300.0,5069200.0,15394000.0,3001700.0,1931800.0,2342400.0,2994600.0,3189800.0,1882600.0,1749500.0,2275100.0,1499400.0,7215800.0,652060.0,3656200.0,8296200.0,8910100.0,1863600.0,5378600.0,4029700.0,5011000.0,864140.0,1139900.0,5361500.0,1551600.0,6587500.0,3485200.0,7122400.0,1970700.0,1638700.0,1591200.0,1087700.0,1106100.0,2208100.0,945990.0,5091800.0,3371700.0,4404800.0,3356800.0,2894200.0,2745600.0,15584000.0,14989000.0,6042000.0,4601000.0,2807600.0,6148400.0,3762100.0,1781300.0,2740300.0,1353800.0,4824200.0,3044800.0,1.5259,1.841,4.1727,2.2277,2.467,3.6656,1.278,2.2273,4.2228,1.228,1.9886,4.2307,2.4964,2.6638,4.3064,0.8419,2.062,4.2165,1.5468,2.4914,3.8916,3.022,2.8411,5.8304,1.2257,1.9973,4.2287,1.743,1.7194,4.2482,1.2769,2.2324,4.2302,0.83968,2.0581,4.2138,2.9025,2.8382,4.5385,5.6943,2.7745,1.4579,1.2345,2.8428,3.6182,0.94064,2.1486,3.0195,2.4965,2.0639,4.4575,1.4711,1.6802,3.9029,0.66121,2.584,3.8823,1.9871,1.7747,3.4804,1.095,2.438,3.0863,0.29373,2.2861,3.5582,1.7956,1.6658,3.389,2.1218,2.8062,4.405,1.8065,1.6634,3.3859,1.5021,1.67,3.9171,0.38425,2.1412,3.1925,2.0379,2.3681,4.4032,1.4752,1.6733,3.2088,0.84457,1.887,2.7705,3.0486,2.8418,5.8503,1.9894,1.7683,3.4789,0.98176,2.7164,2.8841,1.7965,2.5899,4.0014,0.64784,1.8757,2.7865,1.0809,2.441,3.0681,1.9049,1.9182,4.4934,1.7086,1.6868,3.8944,0.52247,2.1977,3.76,1.2148,2.4431,3.794,1.0037,2.0732,3.2616,2.5475,2.3033,4.2977,2.0558,2.1618,4.6845,1.4889,1.6738,3.913,1.8938,1.9294,4.4915,1.481,2.1747,3.2649,0.83062,2.1061,3.1694,2.428,2.3846,4.3263,1.955,2.5905,4.8859,1.9394,2.5998,4.8739,2.5467,2.3028,4.292,1.2838,2.4939,3.9387,1.7093,2.2464,4.3081,2.1755,3.0511,4.1008,0.5241,2.4592,2.4954,1.5183,2.0483,4.6026,2.0515,3.0595,3.9829,0.363,2.3773,3.425,1.6712,1.6294,4.0831,0.72853,2.0539,3.0897,2.2441,2.2645,4.6572,0.61711,2.5795,3.0174,0.97899,2.1013,3.2626,0.11136,2.8929,1.9275,1.998,2.0199,4.5884,2.5423,2.3136,4.2811,2.6135,2.3317,5.1932,2.1173,2.8017,4.394,1.0936,1.853,3.9562,4.6119,2.9775,0.53011,0.87201,2.1368,3.0448,1.3371,2.1012,4.2656,1.0818,2.1099,3.5025,2.2661,2.7415,4.5342,1.6825,1.599,4.1551,1.1477,2.5506,3.0662,0.7496,2.4309,3.7633,2.0831,1.9116,3.7256,1.5721,2.454,3.472,1.6201,2.5468,3.5993,1.6251,1.675,4.2602,2.0801,2.7902,4.5678,2.1134,2.7879,4.6044,3.3406,2.7924,6.0988,1.7019,1.6076,4.1682,1.7283,1.9922,3.4394,2.1827,2.9485,4.9965,1.1555,2.5544,3.0725,2.642,2.4399,4.9909,1.0019,2.6158,4.082,1.5795,2.4487,3.4818,1.1551,1.8298,4.0983,1.6724,1.6268,4.0834,1.7226,1.9842,3.4413,0.13213,2.94,3.1933,2.8905,2.2849,4.5743,1.3457,1.9552,4.2283,1.2346,2.6688,3.3259,1.4605,2.4545,3.3534,1.81,1.9731,3.7112,1.9501,2.3594,3.9974,1.0987,2.2967,3.1962,2.5228,2.0334,5.1682,1.2061,2.6861,3.3067,1.457,2.464,3.3474,0.22766,2.967,3.2747,0.68014,1.8142,2.8924,1.6967,2.0263,4.4375,1.4811,1.8638,4.132,5.4975,2.8975,1.8198,0.8171,2.1366,2.8062,0.97712,2.6213,4.0685,2.2005,2.5309,3.6333,2.6414,2.4183,4.9756,2.8375,2.6825,4.5275,2.1131,2.4942,4.5243,2.3439,2.1139,4.1883,0.76135,2.0133,3.3485,0.37147,2.4615,2.9177,0.58192,2.1501,3.7559,2.4114,2.5035,4.4542,0.77616,2.4375,2.8855,1.2631,1.5781,4.302,1.6897,2.0004,3.4552,0.067019,2.6836,2.0743,3.2834,2.9473,0.0090206,0.78522,2.4255,2.8903,1.6563,1.6399,4.093,1.5068,1.8377,3.1882,0.7589,2.4417,2.8578,2.1754,2.3443,4.9541,1.1502,2.5591,3.0869,1.0653,2.0166,3.5226,0.519,1.9873,3.2608,1.705,1.9948,3.4454,2.4153,2.0831,4.1738,2.1442,2.1532,4.9734,1.3042,1.7491,3.8049,0.70419,1.9791,2.7591,2.1403,2.1533,4.9798,2.2958,2.1984,4.4704,1.5569,2.3105,3.9653,4.1979,2.9978,0.13142,1.9412,2.3633,3.9951,0.81105,1.9693,4.1176,1.1747,2.5866,4.2174,3.5009,2.8476,6.0831,1.5629,1.6054,3.2776,0.29963,2.3131,3.4126,5.1089,2.987,1.0163,0.53259,2.7901,3.2454,1.2449,2.5127,2.9848,2.1651,2.1449,4.9675,1.4957,2.0919,4.3582,1.5479,1.622,3.301,1.3946,2.9233,3.3289,0.50219,2.4311,2.7478,0.90262,2.452,2.9945,0.2192,2.6239,3.3403,1.6389,2.2796,4.1453,0.47191,2.4383,2.7262,1.0436,2.1939,3.6517,1.3727,1.8023,4.2972,0.30324,2.3109,3.4145,1.5508,1.6097,3.2824,0.5028,2.4299,2.7417,2.9922,2.8689,5.9289,1.9757,2.5922,4.0283,1.9893,2.1915,4.5918,2.5736,2.7587,5.2527,1.8506,1.9654,3.8889,1.3177,1.8156,3.6989,2.1814,2.1504,4.9834,1.4288,2.6434,4.0079,0.91528,3.0704,2.7354,4.6363,2.9738,0.36792,1.2525,2.7022,4.3101,1.8995,1.9545,3.8866,1.2355,2.6373,2.8538,0.33472,2.7836,2.9415,0.96938,2.8912,4.1512,0.54933,2.5116,2.5801,0.71417,1.9454,2.9677,0.54302,2.4138,3.4215,1.6018,2.1811,4.248,1.2424,2.7076,4.3312,0.6379,1.9626,3.1011,1.9928,1.882,3.8023,1.2191,1.849,3.6535,2.4409,2.7064,4.9558,1.3974,1.5337,4.1806,1.3725,2.1495,3.1851,0.65266,1.971,3.0958,0.52443,2.4185,2.5908,1.6625,2.2852,4.1381,2.4183,2.7022,4.9689,0.62728,1.9717,3.0899,1.5846,1.7129,3.3238,0.6294,3.0274,2.5087,0.56685,2.5173,2.5878,2.9743,2.7456,5.933,6.1748,2.8638,2.5392,4.5586,2.9769,0.27663,2.3594,2.3921,3.7574,1.008,3.0805,3.8211,1.4003,2.2995,3.5446,0.69557,3.0863,3.5009,2.3721,2.2308,3.801,1.2288,1.8498,3.6552,2.4233,2.3335,4.5698,2.5897,2.6369,4.0576,1.2632,2.6924,4.3367,1.8608,1.9622,3.8936,1.1378,2.7912,3.6697,2.4317,2.4613,5.0664,1.5698,2.6285,3.3027,2.1724,2.1984,4.0957,0.80927,1.9195,3.376,2.3745,2.4017,3.7679,2.3534,2.403,3.7526,2.1987,1.9055,4.9241,2.6532,2.2908,4.7994,2.3694,2.2381,3.8083,1.3925,1.5902,3.8479,2.4473,2.7001,4.981,1.867,1.9599,3.8988,0.7868,2.1403,3.9937,1.6045,1.8351,4.2729,2.4295,2.6953,4.9759,1.4515,2.39,3.26,5.9186,2.8736,2.1931,1.8619,1.7905,3.4865,1.9874,3.013,4.2964,2.0262,1.9544,4.7677,1.1094,2.5847,4.2871,1.8954,2.1485,4.8746,1.6238,1.8014,3.9619,1.6068,2.009,3.3862,1.0372,2.7686,3.5922,0.93265,2.8373,3.8121,1.4146,2.4133,3.8565,1.1346,2.78,3.662,1.8261,1.7948,4.0928,0.87473,2.4603,2.7785,1.8909,2.0786,4.3863,0.077783,2.7959,2.8618,1.0816,1.9573,4.2741,0.95247,2.3293,3.0198,1.6266,2.3974,4.5833,0.98611,2.088,2.8335,0.75129,2.0022,2.7323,1.6258,1.7992,3.9639,0.91102,2.4574,2.7944,1.3729,1.5874,3.8373,2.7727,2.5933,4.6346,1.0783,2.1477,3.6306,1.132,2.7907,3.6571,1.9799,1.9885,4.4754,1.0748,1.9621,4.2572,1.8612,1.649,3.4469,1.67,2.4824,3.9948,2.1391,2.5539,4.9168,2.1371,2.3762,3.6908,1.1998,3.0712,3.4343,1.4395,1.4597,4.2373,0.63442,2.996,3.6224,1.6287,1.748,4.2352,0.754,1.9992,2.7386,0.66216,2.1995,3.9627,2.6745,2.6015,4.5321,1.9954,2.1238,3.4409,1.3835,2.9178,3.5387,1.0829,2.1961,3.6336,2.5322,2.004,4.4691,1.4934,1.735,4.4221,1.6083,2.5914,3.5797,2.0634,2.2869,4.0694,2.7102,2.3626,5.0026,0.44437,2.5265,2.9509
0.027234,0.042677,0.0017979,208.36,211.52,203.15,0.0012,0.0013176,0.0010063,203.74,209.68,207.45,197.76,191.22,199.79,224.88,211.68,225.93,201.01,227.53,243.03,200.63,198.37,200.4,212.46,207.48,206.2,176.05,189.07,251.68,200.14,177.83,214.77,182.55,224.76,209.26,249.16,148.06,222.29,195.89,206.56,167.83,228.2,228.79,268.77,216.77,182.25,221.43,261.66,244.55,161.99,249.14,173.23,219.91,201.77,237.38,229.77,256.78,227.45,230.16,200.22,247.76,250.64,238.52,201.48,236.0,205.44,187.56,274.71,235.0,229.29,238.12,175.3,207.95,187.45,209.37,191.74,259.93,208.33,205.0,205.69,217.84,225.74,189.87,186.42,225.38,213.06,238.39,228.34,211.68,233.17,242.45,195.92,239.49,144.65,238.99,192.01,220.1,199.96,229.98,236.91,200.99,196.69,193.56,168.77,216.55,260.95,180.18,203.01,241.23,245.41,261.26,222.07,210.81,232.89,290.15,216.25,180.25,218.82,204.06,188.1,211.39,239.19,136.17,248.97,215.8,239.19,241.57,214.41,162.54,227.41,248.05,174.44,199.89,204.61,242.2,164.54,180.38,238.05,228.91,222.12,264.63,199.79,193.59,208.99,230.56,219.69,244.81,232.28,225.86,190.12,239.01,242.35,193.52,208.81,290.96,191.59,204.27,251.17,188.41,197.63,267.61,200.36,132.83,257.59,238.49,239.82,203.66,261.49,197.63,201.79,165.73,175.33,188.62,212.65,168.01,232.89,232.71,189.62,208.82,222.67,230.75,190.47,221.44,204.7,193.32,197.14,195.8,273.23,201.84,243.77,266.11,207.82,234.69,201.92,262.79,208.77,201.47,243.9,268.01,209.16,234.02,220.26,191.46,240.93,216.96,212.09,204.35,222.48,194.76,222.66,209.46,217.66,214.55,199.76,216.28,197.48,241.18,239.51,209.21,192.67,175.19,217.93,252.78,181.73,194.37,265.41,199.35,211.34,226.3,211.07,219.6,241.57,246.35,179.26,224.49,186.1,233.72,205.38,236.74,174.4,234.07,233.85,167.73,248.83,208.26,154.15,228.41,178.84,205.86,223.04,174.72,210.02,226.34,193.66,215.65,221.04,212.97,180.89,228.2,201.28,205.03,205.74,164.86,251.19,244.66,200.54,167.29,199.21,259.17,215.31,222.35,211.5,146.64,159.12,199.25,233.4,207.6,210.0,210.04,202.94,185.79,166.05,182.65,225.78,216.4,228.32,220.5,0.00084389,0.0010554,0.0010426,0.0010562,0.00097284,0.001103,0.001192,0.00094804,0.0011431,0.00096739,0.0012114,0.0013381,0.0011116,0.0010672,0.0010047,0.0012898,0.0011801,0.0011346,0.0011253,0.0011623,0.0014904,0.0013148,0.0011073,0.0014122,0.0012509,0.001348,0.0011747,0.0014584,0.0010808,0.0014956,0.0011718,0.0012751,0.0011664,0.0012975,0.001388,0.0015931,0.0012917,0.0012823,0.0013761,0.0014407,0.001329,0.0010102,0.0015429,0.0012034,0.0012931,0.0012679,0.001405,0.0013106,0.0014588,0.0013539,0.0012076,0.0013002,0.0015414,0.0013638,0.0014404,0.0013254,0.0013719,0.0013478,0.0013297,0.0016085,0.0016034,0.0014284,0.0014815,0.0013174,0.0014558,0.0012521,0.0014236,0.0013647,0.0015415,0.0013233,0.0014666,0.0013706,0.0013108,0.0014498,0.0013304,0.0013343,0.0013486,0.0013526,0.0015355,0.0015174,0.0013631,0.0015587,0.0014997,0.0012294,0.0013495,0.0011443,0.0014495,0.0013416,0.0014108,0.0012958,0.0014459,0.0014324,0.0013412,0.001311,0.0012305,0.0011732,0.001284,0.0015966,0.0012177,0.0012951,0.0014513,0.0014975,0.0016263,0.001356,0.0014349,0.0014714,0.0016282,0.0013813,0.0012725,0.0012655,0.0014534,0.0013372,0.0014038,0.001533,0.0011897,0.001573,0.0013683,0.0014595,0.001478,0.001425,0.0012355,0.0015555,0.0014171,0.0012747,0.0012991,0.0013736,0.0015394,0.0011859,0.00086882,0.0015327,0.0014879,0.0014619,0.0015373,0.0012318,0.0012544,0.0014403,0.0015799,0.0013649,0.0015201,0.0015523,0.0013893,0.0012878,0.0012968,0.0014584,0.0013372,0.0014499,0.0015264,0.0012821,0.0014027,0.0014793,0.001177,0.001359,0.0017138,0.0012858,0.0010774,0.001495,0.0014174,0.0015165,0.0014086,0.0015378,0.0012526,0.0012865,0.0011656,0.0012577,0.0012875,0.0012946,0.0011757,0.001441,0.0014817,0.0012806,0.00132,0.0012208,0.0014839,0.0013829,0.0013383,0.0013039,0.0013573,0.0013231,0.0012711,0.0015058,0.0012821,0.0014737,0.0014819,0.0013535,0.0014868,0.001406,0.0014919,0.0013165,0.0013182,0.0014381,0.0014426,0.0013989,0.0014235,0.0014148,0.0015604,0.0014389,0.0014089,0.0013445,0.0013727,0.0014021,0.0013213,0.0013724,0.0013359,0.0014067,0.0013076,0.0015805,0.0013651,0.0013853,0.0014154,0.001378,0.0013396,0.0013086,0.0012121,0.0013269,0.0015474,0.0013204,0.0013101,0.0014807,0.0012902,0.0014158,0.0014002,0.0013453,0.0013631,0.0013653,0.0014946,0.001215,0.00142,0.0012248,0.0013673,0.0014039,0.0013215,0.0012012,0.0013098,0.0014545,0.0011784,0.0014627,0.0012411,0.0012083,0.0013755,0.0011517,0.0013265,0.0013353,0.0011844,0.0013364,0.0013579,0.0011109,0.0012744,0.0013145,0.0013416,0.0011991,0.001428,0.0012386,0.0013051,0.0011909,0.00095625,0.0013057,0.001335,0.0011256,0.0011154,0.0011109,0.001451,0.001349,0.0013267,0.0009891,0.00090002,0.0010093,0.0010213,0.0013886,0.0012397,0.0010035,0.0011927,0.0010053,0.0010052,0.00086278,0.00088072,0.001126,0.001178,0.0012816,0.0012215,1074300.0,1105700.0,792270.0,4276700.0,2284500.0,1150800.0,5856800.0,1513400.0,1879800.0,3242500.0,2966100.0,734830.0,5652900.0,1298400.0,4052200.0,2459600.0,5070500.0,4091400.0,1340500.0,3371900.0,2502600.0,3347400.0,11704000.0,958350.0,6311800.0,749460.0,9101500.0,1591900.0,1841400.0,815570.0,3232100.0,1680500.0,5814300.0,23940000.0,2520900.0,2724900.0,4347000.0,1235900.0,1513400.0,1646200.0,2062700.0,1057700.0,2058300.0,1019200.0,7475600.0,2433400.0,1825600.0,1494000.0,2274900.0,15971000.0,952090.0,7278300.0,3995200.0,706940.0,3910700.0,1079100.0,2657700.0,17679000.0,32102000.0,2373200.0,1720700.0,1532600.0,2840700.0,1036400.0,1926200.0,3409900.0,803840.0,2871900.0,1940600.0,3915400.0,2755300.0,1446400.0,1119200.0,15048000.0,5077600.0,1340600.0,3613400.0,1673300.0,965090.0,2573300.0,3702600.0,1313000.0,893150.0,2116300.0,873820.0,1861100.0,2850800.0,4950200.0,4191200.0,2338500.0,5694300.0,1300700.0,9352900.0,4677300.0,1017700.0,1694700.0,903640.0,1769700.0,3509900.0,9918500.0,1730700.0,16523000.0,1417300.0,9919600.0,1633600.0,3256300.0,1272900.0,1628100.0,12535000.0,5115100.0,2157200.0,3869300.0,2389200.0,1225800.0,656170.0,3373000.0,11659000.0,2413800.0,1291100.0,778800.0,1922000.0,735100.0,1193700.0,2218700.0,8786700.0,4156700.0,2627900.0,3087700.0,2361300.0,1498700.0,773560.0,10411000.0,2404500.0,3548600.0,2073400.0,1371700.0,1031900.0,2014200.0,1052000.0,2853800.0,3921600.0,1159600.0,1477000.0,2103000.0,1521000.0,2210500.0,2422200.0,877170.0,6912100.0,1513500.0,9390500.0,6180200.0,809830.0,10291000.0,814480.0,1274500.0,19279000.0,683650.0,12167000.0,721740.0,5575100.0,3693400.0,3817200.0,2647300.0,5252900.0,4116200.0,4227600.0,964530.0,4135000.0,1638700.0,6369200.0,1506700.0,7610900.0,1080700.0,744550.0,4005200.0,2996600.0,1988300.0,8411500.0,2288700.0,948280.0,1205600.0,3671000.0,3568300.0,1940100.0,1475700.0,747540.0,6807100.0,5275200.0,2336700.0,637470.0,17726000.0,3323000.0,5257900.0,1142200.0,18258000.0,5431600.0,1100100.0,8580600.0,1353300.0,1434500.0,3992400.0,5297000.0,799330.0,1639500.0,973680.0,1778500.0,1568200.0,1456500.0,7851700.0,2342100.0,1425100.0,12280000.0,2793800.0,1238000.0,1263500.0,3260300.0,951930.0,4669600.0,1133200.0,1854600.0,8075300.0,4435100.0,696550.0,1421900.0,10018000.0,5258300.0,5069200.0,15394000.0,3001700.0,1931800.0,2342400.0,2994600.0,3189800.0,1882600.0,1749500.0,2275100.0,1499400.0,7215800.0,652060.0,3656200.0,8296200.0,8910100.0,1863600.0,5378600.0,4029700.0,5011000.0,864140.0,1139900.0,5361500.0,1551600.0,6587500.0,3485200.0,7122400.0,1970700.0,1638700.0,1591200.0,1087700.0,1106100.0,2208100.0,945990.0,5091800.0,3371700.0,4404800.0,3356800.0,2894200.0,2745600.0,15584000.0,14989000.0,6042000.0,4601000.0,2807600.0,6148400.0,3762100.0,1781300.0,2740300.0,1353800.0,4824200.0,3044800.0,1.526,1.8412,4.1726,2.2277,2.4671,3.6656,1.2779,2.2274,4.2228,1.2278,1.9886,4.2306,2.4962,2.6638,4.3065,0.84118,2.062,4.2166,1.548,2.4918,3.8915,3.0227,2.8411,5.831,1.2254,1.9977,4.2285,1.7427,1.7194,4.2482,1.2769,2.2327,4.2305,0.83879,2.0579,4.2138,2.9031,2.8383,4.5399,5.6933,2.7743,1.4573,1.2345,2.8427,3.6182,0.93984,2.1487,3.0193,2.4971,2.0646,4.4582,1.471,1.6803,3.9028,0.66137,2.5847,3.8821,1.9863,1.7752,3.4808,1.0961,2.4375,3.0879,0.29458,2.2862,3.5578,1.7961,1.6655,3.3891,2.1205,2.8052,4.4027,1.8073,1.6631,3.3857,1.5033,1.6697,3.9176,0.38372,2.1417,3.1919,2.0381,2.3687,4.4041,1.4752,1.6736,3.2093,0.84509,1.8877,2.7703,3.0505,2.8419,5.8519,1.9887,1.7687,3.4792,0.98068,2.7164,2.8843,1.7955,2.5899,4.0014,0.64861,1.8761,2.7859,1.0813,2.4407,3.0689,1.9052,1.9184,4.4934,1.7099,1.6863,3.8943,0.52312,2.1975,3.7608,1.2158,2.4443,3.7944,1.0035,2.0739,3.2611,2.5476,2.3037,4.2982,2.0553,2.1624,4.6849,1.4894,1.6737,3.9131,1.8937,1.93,4.4914,1.4806,2.1749,3.2647,0.83085,2.1074,3.1684,2.4284,2.3853,4.3269,1.9553,2.5899,4.8855,1.9393,2.6,4.8734,2.5468,2.3031,4.2923,1.2837,2.4942,3.9383,1.7104,2.2471,4.3088,2.1798,3.0504,4.1043,0.52525,2.4587,2.4965,1.5172,2.048,4.6024,2.0501,3.0592,3.9807,0.36158,2.3775,3.4243,1.6716,1.6293,4.0831,0.7294,2.0555,3.0893,2.2443,2.2655,4.6578,0.61685,2.5777,3.0186,0.97766,2.1031,3.262,0.11033,2.893,1.9251,1.9981,2.0217,4.5885,2.5421,2.3144,4.2808,2.6102,2.3313,5.1926,2.1156,2.8004,4.391,1.0943,1.853,3.9569,4.6115,2.9763,0.53117,0.8713,2.1376,3.0443,1.3387,2.1013,4.2657,1.0829,2.111,3.5029,2.2636,2.7407,4.5316,1.6817,1.5988,4.1549,1.148,2.5502,3.0664,0.74967,2.4313,3.763,2.0845,1.9107,3.7249,1.5708,2.4548,3.4722,1.618,2.5479,3.5989,1.6234,1.6747,4.2606,2.0786,2.7891,4.5667,2.1131,2.7867,4.6048,3.3402,2.7929,6.0983,1.7021,1.6079,4.1686,1.7297,1.9916,3.4388,2.1854,2.9489,5.0002,1.156,2.5543,3.0727,2.6422,2.4396,4.991,1.0009,2.6165,4.0829,1.5784,2.4493,3.4824,1.1534,1.8314,4.0981,1.673,1.6265,4.0833,1.7237,1.9832,3.4408,0.12457,2.9396,3.1864,2.8912,2.2844,4.5751,1.347,1.9554,4.2295,1.2341,2.6678,3.3264,1.4603,2.4543,3.3539,1.8085,1.9724,3.7105,1.9503,2.3606,3.9978,1.0988,2.2973,3.1966,2.522,2.0325,5.1692,1.2045,2.6858,3.3065,1.4567,2.4642,3.3477,0.22472,2.968,3.2716,0.68021,1.8146,2.8913,1.6964,2.0261,4.4384,1.4816,1.8637,4.1327,5.4952,2.8972,1.818,0.81726,2.1373,2.8075,0.9749,2.6222,4.0687,2.203,2.5311,3.6339,2.6414,2.4168,4.9746,2.8394,2.6813,4.5279,2.1107,2.4925,4.524,2.3436,2.1145,4.1882,0.76117,2.0146,3.3484,0.37386,2.4609,2.9196,0.5807,2.1506,3.7581,2.4126,2.5031,4.4555,0.77731,2.4364,2.8872,1.2635,1.5779,4.3027,1.6892,2.0001,3.4554,0.069966,2.6833,2.0754,3.2871,2.9476,0.013584,0.78716,2.4236,2.8924,1.6561,1.6402,4.0933,1.5077,1.8372,3.1885,0.75953,2.4407,2.8583,2.1758,2.3441,4.954,1.1511,2.559,3.088,1.0683,2.0194,3.5235,0.51824,1.9879,3.261,1.7053,1.9942,3.4452,2.4171,2.0834,4.1725,2.1443,2.153,4.9733,1.3049,1.7488,3.8052,0.70515,1.9793,2.7593,2.1401,2.1534,4.9801,2.2948,2.1991,4.471,1.5565,2.3117,3.9655,4.1979,2.9971,0.1314,1.9403,2.3647,3.9952,0.80972,1.9696,4.1177,1.1751,2.5874,4.2177,3.5002,2.8472,6.0836,1.5645,1.6048,3.2772,0.2982,2.3138,3.4125,5.1072,2.9868,1.0133,0.53159,2.7903,3.2453,1.2441,2.513,2.9854,2.166,2.1446,4.9671,1.4968,2.0918,4.3587,1.549,1.622,3.3017,1.3959,2.9231,3.3272,0.50477,2.4302,2.7494,0.90161,2.4518,2.9944,0.21928,2.6242,3.3403,1.6405,2.281,4.1465,0.4733,2.438,2.7269,1.0433,2.1953,3.6512,1.3716,1.802,4.2974,0.30231,2.3114,3.4148,1.5519,1.6094,3.2822,0.50562,2.4288,2.743,2.9929,2.8689,5.9306,1.9739,2.5917,4.0279,1.9902,2.1921,4.592,2.5703,2.7578,5.2514,1.8486,1.9654,3.8881,1.3188,1.8154,3.6994,2.183,2.1502,4.9836,1.4299,2.6426,4.0077,0.9065,3.0697,2.7255,4.6338,2.9732,0.36585,1.2525,2.7033,4.309,1.8993,1.9543,3.8867,1.235,2.6375,2.8534,0.33364,2.784,2.9412,0.97072,2.8913,4.1521,0.54849,2.5111,2.5802,0.71495,1.9462,2.9664,0.54285,2.4147,3.4211,1.6034,2.1814,4.2491,1.2417,2.7087,4.331,0.63801,1.9634,3.1001,1.9935,1.8812,3.8015,1.2204,1.8491,3.6539,2.4394,2.7055,4.9541,1.3984,1.5343,4.181,1.3716,2.1492,3.1855,0.65338,1.9723,3.0947,0.5273,2.4169,2.5918,1.6646,2.2868,4.1386,2.4161,2.7011,4.9681,0.62684,1.9729,3.0884,1.5856,1.713,3.3236,0.63358,3.0269,2.5112,0.56664,2.5172,2.588,2.9775,2.7457,5.9354,6.1747,2.8638,2.5392,4.5532,2.9763,0.27102,2.3599,2.3912,3.7574,1.0154,3.0804,3.8301,1.3983,2.3018,3.5435,0.68831,3.0866,3.4949,2.3722,2.2305,3.8005,1.2304,1.8498,3.6558,2.4231,2.3333,4.5704,2.59,2.6375,4.0591,1.2634,2.6928,4.3367,1.8594,1.962,3.893,1.1385,2.7908,3.6707,2.4306,2.4602,5.065,1.5682,2.6287,3.3031,2.1725,2.199,4.0955,0.81015,1.9203,3.3762,2.3755,2.4012,3.7684,2.3535,2.4025,3.7524,2.1995,1.9065,4.9254,2.6534,2.2908,4.7997,2.3695,2.238,3.8081,1.393,1.5905,3.8485,2.4463,2.6991,4.9804,1.866,1.9597,3.8985,0.78714,2.1402,3.9954,1.6046,1.8351,4.2735,2.4279,2.694,4.9752,1.4518,2.3901,3.26,5.9182,2.8733,2.1926,1.862,1.79,3.4871,1.9876,3.0123,4.296,2.0269,1.9546,4.7685,1.11,2.5849,4.2879,1.8962,2.1484,4.8753,1.6243,1.8012,3.9617,1.607,2.009,3.3859,1.0385,2.7681,3.5937,0.93387,2.8374,3.8125,1.4163,2.4145,3.8571,1.1351,2.7791,3.6626,1.8256,1.7945,4.0927,0.87314,2.4602,2.7788,1.8902,2.079,4.3864,0.078226,2.7958,2.8631,1.0814,1.9572,4.2747,0.95279,2.3289,3.0204,1.6263,2.3975,4.5831,0.98641,2.0879,2.8335,0.75164,2.0023,2.7318,1.6264,1.7989,3.9636,0.9109,2.4572,2.7954,1.3724,1.5874,3.8374,2.7726,2.5934,4.6344,1.078,2.1483,3.6308,1.1325,2.7901,3.6575,1.9801,1.9886,4.4753,1.0743,1.9621,4.2571,1.8616,1.6489,3.4468,1.6704,2.4825,3.9946,2.1404,2.5538,4.9165,2.1362,2.376,3.6898,1.2003,3.0711,3.435,1.4392,1.4594,4.2375,0.63523,2.9959,3.6229,1.6288,1.7478,4.2353,0.75441,1.9993,2.7384,0.66097,2.1997,3.9635,2.6738,2.6015,4.5318,1.9955,2.1236,3.441,1.3835,2.9175,3.5388,1.0829,2.1963,3.6335,2.5323,2.0042,4.4691,1.4935,1.735,4.4221,1.6082,2.5914,3.5796,2.0634,2.2869,4.0693,2.7101,2.362,5.0022,0.44439,2.5263,2.9506
0.029008,0.045491,0.0018595,208.8,212.19,203.23,0.0012027,0.0013216,0.0010069,203.91,210.08,207.8,198.19,191.58,199.66,225.1,211.9,226.46,201.4,228.1,243.6,200.78,198.76,200.62,213.17,207.76,206.72,176.61,189.2,252.6,200.73,178.17,215.36,182.89,225.44,209.77,249.84,148.45,223.1,196.26,206.82,167.88,228.69,229.35,269.61,217.48,182.89,222.16,262.66,245.16,162.21,249.83,173.63,220.49,202.32,238.0,230.29,257.65,228.08,230.73,200.68,248.77,251.63,239.45,202.11,236.63,206.26,188.35,275.79,235.9,230.49,239.4,175.26,208.61,187.87,210.49,192.75,260.16,209.19,205.85,205.81,218.42,226.52,190.27,186.56,225.86,213.69,239.09,229.2,212.62,233.68,243.26,196.79,240.23,144.26,240.18,192.9,220.8,200.51,230.45,238.49,202.03,197.71,193.44,167.39,216.65,262.32,181.11,203.51,242.19,245.9,263.03,223.23,212.01,234.69,291.46,217.71,181.21,219.74,201.66,188.81,212.57,241.58,135.05,249.72,216.98,240.61,242.77,212.74,163.51,228.07,249.17,175.64,201.14,205.69,243.99,165.25,175.25,239.64,230.05,223.64,267.11,200.32,194.3,206.74,232.65,220.86,245.78,233.09,226.84,190.73,239.88,244.19,194.33,211.2,293.0,192.92,204.88,250.74,189.11,198.73,268.73,201.11,133.46,258.93,240.04,240.73,203.61,263.12,198.08,202.98,166.38,174.55,189.49,213.83,168.62,234.31,232.48,190.21,209.36,222.86,231.24,190.37,222.67,205.85,194.05,197.73,196.55,273.56,202.29,244.12,268.06,208.86,235.39,202.74,263.87,209.62,202.21,244.82,269.3,209.84,234.67,221.56,192.95,241.88,217.72,213.31,204.8,222.99,195.53,223.6,210.37,218.54,215.42,201.51,217.08,198.09,241.97,240.37,209.93,193.19,175.9,218.61,253.97,182.4,195.0,266.23,199.99,212.12,226.92,211.67,220.26,242.33,247.01,179.78,225.71,186.64,234.35,205.78,237.19,174.81,234.72,234.57,167.94,249.38,208.68,154.66,228.98,179.13,206.35,223.76,175.14,210.57,226.83,193.87,216.26,221.55,213.6,181.25,228.65,201.61,205.64,206.26,165.02,251.79,245.3,200.89,167.46,199.49,259.57,215.81,222.71,211.93,146.67,159.31,199.52,233.78,208.1,210.29,210.45,203.14,186.04,166.25,182.91,226.03,216.51,228.77,220.54,0.00084129,0.0010547,0.0010426,0.001057,0.00097342,0.001101,0.0011926,0.0009471,0.001145,0.00096758,0.0012138,0.0013409,0.0011111,0.0010691,0.0010043,0.0012933,0.0011814,0.001137,0.0011285,0.0011629,0.0014955,0.0013187,0.0011092,0.0014158,0.0012535,0.0013529,0.0011776,0.0014621,0.0010835,0.0015001,0.0011742,0.001277,0.0011665,0.0012996,0.0013913,0.001598,0.0012954,0.0012863,0.0013806,0.001446,0.001332,0.0010105,0.0015469,0.0012065,0.0012966,0.0012709,0.0014086,0.0013127,0.0014637,0.0013574,0.0012094,0.0013026,0.0015465,0.001369,0.0014454,0.0013291,0.0013762,0.001354,0.0013351,0.0016154,0.0016092,0.0014346,0.0014885,0.0013203,0.0014604,0.0012552,0.0014304,0.0013714,0.0015461,0.0013281,0.0014723,0.0013737,0.0013138,0.001454,0.0013346,0.0013353,0.0013521,0.0013566,0.0015396,0.0015226,0.0013709,0.0015646,0.001506,0.001235,0.0013537,0.001144,0.0014579,0.0013471,0.0014164,0.0013006,0.0014487,0.0014398,0.001349,0.0013188,0.0012311,0.0011678,0.0012862,0.0016054,0.0012233,0.0012997,0.0014578,0.0014996,0.0016358,0.0013625,0.001442,0.0014815,0.0016355,0.0013889,0.0012794,0.0012711,0.0014377,0.0013443,0.0014108,0.0015463,0.0011887,0.0015798,0.0013756,0.0014668,0.0014868,0.0014205,0.0012407,0.0015625,0.0014246,0.0012821,0.0013069,0.0013772,0.0015496,0.0011909,0.00080754,0.0015416,0.0014948,0.0014707,0.0015503,0.0012356,0.0012601,0.0014325,0.001592,0.0013716,0.0015257,0.0015568,0.0013934,0.0012913,0.0013012,0.0014677,0.0013426,0.0014604,0.0015357,0.0012889,0.0014083,0.001481,0.0011816,0.001365,0.0017202,0.001291,0.0010812,0.0015068,0.0014256,0.0015226,0.0014058,0.0015466,0.0012557,0.0012934,0.0011707,0.001257,0.0012956,0.0013009,0.0011805,0.0014483,0.0014811,0.0012861,0.0013262,0.0012225,0.001488,0.0013857,0.0013466,0.0013106,0.0013642,0.0013281,0.0012755,0.0015089,0.0012855,0.0014768,0.001492,0.0013608,0.0014911,0.0014129,0.0014984,0.0013215,0.0013236,0.0014421,0.0014489,0.0014032,0.001427,0.0014229,0.0015693,0.0014454,0.0014131,0.0013509,0.0013785,0.001405,0.0013273,0.0013787,0.0013419,0.0014122,0.0013125,0.0015903,0.00137,0.0013893,0.001421,0.0013813,0.0013436,0.0013123,0.0012169,0.0013302,0.0015538,0.0013233,0.0013135,0.0014847,0.0012939,0.0014203,0.0014038,0.0013484,0.0013663,0.00137,0.0014987,0.0012181,0.0014274,0.0012286,0.0013708,0.0014065,0.0013242,0.001204,0.0013128,0.0014589,0.00118,0.0014659,0.0012436,0.001212,0.0013791,0.0011538,0.0013295,0.0013392,0.0011876,0.001338,0.0013607,0.0011119,0.0012782,0.0013168,0.0013448,0.001201,0.0014307,0.0012409,0.0013082,0.0011937,0.0009567,0.0013088,0.0013387,0.0011272,0.0011166,0.0011119,0.0014526,0.0013516,0.0013289,0.00098931,0.00089938,0.0010094,0.0010215,0.0013907,0.0012422,0.001003,0.0011939,0.0010052,0.0010057,0.00086299,0.00088014,0.0011265,0.0011779,0.0012834,0.0012216,1074300.0,1105700.0,792270.0,4276700.0,2284500.0,1150800.0,5856800.0,1513400.0,1879800.0,3242500.0,2966100.0,734830.0,5652900.0,1298400.0,4052200.0,2459600.0,5070500.0,4091400.0,1340500.0,3371900.0,2502600.0,3347400.0,11704000.0,958350.0,6311800.0,749460.0,9101500.0,1591900.0,1841400.0,815570.0,3232100.0,1680500.0,5814300.0,23940000.0,2520900.0,2724900.0,4347000.0,1235900.0,1513400.0,1646200.0,2062700.0,1057700.0,2058300.0,1019200.0,7475600.0,2433400.0,1825600.0,1494000.0,2274900.0,15971000.0,952090.0,7278300.0,3995200.0,706940.0,3910700.0,1079100.0,2657700.0,17679000.0,32102000.0,2373200.0,1720700.0,1532600.0,2840700.0,1036400.0,1926200.0,3409900.0,803840.0,2871900.0,1940600.0,3915400.0,2755300.0,1446400.0,1119200.0,15048000.0,5077600.0,1340600.0,3613400.0,1673300.0,965090.0,2573300.0,3702600.0,1313000.0,893150.0,2116300.0,873820.0,1861100.0,2850800.0,4950200.0,4191200.0,2338500.0,5694300.0,1300700.0,9352900.0,4677300.0,1017700.0,1694700.0,903640.0,1769700.0,3509900.0,9918500.0,1730700.0,16523000.0,1417300.0,9919600.0,1633600.0,3256300.0,1272900.0,1628100.0,12535000.0,5115100.0,2157200.0,3869300.0,2389200.0,1225800.0,656170.0,3373000.0,11659000.0,2413800.0,1291100.0,778800.0,1922000.0,735100.0,1193700.0,2218700.0,8786700.0,4156700.0,2627900.0,3087700.0,2361300.0,1498700.0,773560.0,10411000.0,2404500.0,3548600.0,2073400.0,1371700.0,1031900.0,2014200.0,1052000.0,2853800.0,3921600.0,1159600.0,1477000.0,2103000.0,1521000.0,2210500.0,2422200.0,877170.0,6912100.0,1513500.0,9390500.0,6180200.0,809830.0,10291000.0,814480.0,1274500.0,19279000.0,683650.0,12167000.0,721740.0,5575100.0,3693400.0,3817200.0,2647300.0,5252900.0,4116200.0,4227600.0,964530.0,4135000.0,1638700.0,6369200.0,1506700.0,7610900.0,1080700.0,744550.0,4005200.0,2996600.0,1988300.0,8411500.0,2288700.0,948280.0,1205600.0,3671000.0,3568300.0,1940100.0,1475700.0,747540.0,6807100.0,5275200.0,2336700.0,637470.0,17726000.0,3323000.0,5257900.0,1142200.0,18258000.0,5431600.0,1100100.0,8580600.0,1353300.0,1434500.0,3992400.0,5297000.0,799330.0,1639500.0,973680.0,1778500.0,1568200.0,1456500.0,7851700.0,2342100.0,1425100.0,12280000.0,2793800.0,1238000.0,1263500.0,3260300.0,951930.0,4669600.0,1133200.0,1854600.0,8075300.0,4435100.0,696550.0,1421900.0,10018000.0,5258300.0,5069200.0,15394000.0,3001700.0,1931800.0,2342400.0,2994600.0,3189800.0,1882600.0,1749500.0,2275100.0,1499400.0,7215800.0,652060.0,3656200.0,8296200.0,8910100.0,1863600.0,5378600.0,4029700.0,5011000.0,864140.0,1139900.0,5361500.0,1551600.0,6587500.0,3485200.0,7122400.0,1970700.0,1638700.0,1591200.0,1087700.0,1106100.0,2208100.0,945990.0,5091800.0,3371700.0,4404800.0,3356800.0,2894200.0,2745600.0,15584000.0,14989000.0,6042000.0,4601000.0,2807600.0,6148400.0,3762100.0,1781300.0,2740300.0,1353800.0,4824200.0,3044800.0,1.5261,1.8414,4.1725,2.2278,2.4673,3.6656,1.2779,2.2275,4.2228,1.2275,1.9887,4.2304,2.4959,2.6638,4.3067,0.8401,2.062,4.2166,1.5497,2.4924,3.8913,3.0237,2.8413,5.8319,1.2251,1.9983,4.2281,1.7424,1.7194,4.2482,1.2769,2.2331,4.231,0.83746,2.0577,4.2137,2.9038,2.8384,4.5419,5.692,2.7741,1.4564,1.2345,2.8425,3.6181,0.93864,2.1489,3.019,2.498,2.0656,4.4592,1.4708,1.6804,3.9027,0.66161,2.5858,3.8819,1.9851,1.7761,3.4813,1.0977,2.4367,3.0903,0.29582,2.2863,3.5572,1.7967,1.665,3.3892,2.1187,2.8037,4.3993,1.8085,1.6628,3.3855,1.505,1.6693,3.9184,0.38293,2.1423,3.191,2.0384,2.3697,4.4055,1.4753,1.6741,3.21,0.84587,1.8887,2.77,3.0533,2.8419,5.8544,1.9877,1.7692,3.4795,0.97908,2.7164,2.8847,1.7941,2.5899,4.0015,0.64975,1.8767,2.7852,1.0819,2.4403,3.0701,1.9057,1.9187,4.4935,1.7118,1.6855,3.8942,0.52409,2.1972,3.762,1.2174,2.4461,3.795,1.0033,2.0749,3.2603,2.5478,2.3042,4.2989,2.0546,2.1634,4.6856,1.4901,1.6734,3.9134,1.8935,1.9309,4.4913,1.4801,2.1752,3.2645,0.83119,2.1094,3.1668,2.429,2.3862,4.3278,1.9557,2.5889,4.8848,1.9391,2.6003,4.8726,2.547,2.3036,4.2927,1.2835,2.4947,3.9377,1.712,2.2481,4.3099,2.1861,3.0495,4.1094,0.52697,2.4579,2.4982,1.5155,2.0476,4.6022,2.048,3.0586,3.9775,0.35947,2.3777,3.4232,1.6723,1.6291,4.083,0.73069,2.0578,3.0886,2.2444,2.267,4.6586,0.61646,2.575,3.0203,0.97568,2.1058,3.2611,0.10882,2.8932,1.9217,1.9983,2.0242,4.5887,2.542,2.3155,4.2802,2.6053,2.3307,5.1916,2.1131,2.7986,4.3865,1.0953,1.853,3.9578,4.6109,2.9746,0.53273,0.87026,2.1388,3.0435,1.3411,2.1014,4.2659,1.0847,2.1126,3.5036,2.26,2.7395,4.5277,1.6806,1.5986,4.1546,1.1485,2.5497,3.0667,0.74979,2.4317,3.7626,2.0867,1.9094,3.7239,1.5689,2.456,3.4724,1.6148,2.5496,3.5983,1.6208,1.6741,4.2613,2.0764,2.7874,4.5652,2.1125,2.7849,4.6055,3.3395,2.7936,6.0974,1.7023,1.6083,4.1692,1.7319,1.9907,3.4378,2.1895,2.9495,5.0058,1.1569,2.5541,3.073,2.6425,2.439,4.9911,0.99949,2.6174,4.0841,1.5767,2.4501,3.4833,1.1509,1.8337,4.0979,1.674,1.6261,4.0832,1.7254,1.9817,3.44,0.11335,2.9389,3.1762,2.8922,2.2837,4.5763,1.349,1.9556,4.2312,1.2334,2.6662,3.3272,1.4601,2.454,3.3547,1.8063,1.9714,3.7095,1.9507,2.3624,3.9983,1.099,2.2983,3.1971,2.5208,2.0311,5.1706,1.2021,2.6852,3.3063,1.4561,2.4646,3.3482,0.22044,2.9695,3.2671,0.6803,1.8152,2.8896,1.6961,2.0258,4.4399,1.4824,1.8635,4.1338,5.4917,2.8967,1.8152,0.81755,2.1385,2.8094,0.97157,2.6235,4.0689,2.2066,2.5313,3.6349,2.6413,2.4146,4.9731,2.8421,2.6796,4.5283,2.1071,2.4901,4.5237,2.3432,2.1154,4.188,0.7609,2.0166,3.3482,0.37744,2.4599,2.9226,0.57898,2.1512,3.7612,2.4144,2.5024,4.4574,0.77896,2.4348,2.8895,1.2642,1.5777,4.3037,1.6885,1.9997,3.4558,0.074367,2.6829,2.0771,3.2925,2.948,0.020384,0.79003,2.4209,2.8955,1.6559,1.6407,4.0937,1.5092,1.8364,3.189,0.76043,2.4392,2.8589,2.1764,2.3438,4.9539,1.1525,2.5587,3.0898,1.0726,2.0236,3.5247,0.51708,1.9887,3.2614,1.7057,1.9933,3.4449,2.4199,2.0839,4.1706,2.1443,2.1527,4.9731,1.306,1.7484,3.8057,0.70657,1.9796,2.7596,2.1397,2.1534,4.9805,2.2933,2.2001,4.4721,1.5559,2.3134,3.9658,4.1979,2.9961,0.13133,1.9389,2.3668,3.9954,0.80773,1.9699,4.1178,1.1757,2.5885,4.2183,3.4993,2.8466,6.0844,1.567,1.6039,3.2767,0.29597,2.315,3.4122,5.1047,2.9866,1.0091,0.53011,2.7908,3.2451,1.243,2.5135,2.9862,2.1674,2.1443,4.9664,1.4985,2.0917,4.3595,1.5506,1.6222,3.3028,1.3979,2.9229,3.3247,0.50865,2.4288,2.7517,0.9001,2.4515,2.9942,0.21947,2.6246,3.3402,1.643,2.2831,4.1482,0.47537,2.4374,2.7279,1.0429,2.1972,3.6505,1.3701,1.8015,4.2978,0.30093,2.3121,3.4151,1.5536,1.6089,3.2819,0.50986,2.4273,2.7449,2.9939,2.8688,5.9331,1.9713,2.591,4.0273,1.9915,2.193,4.5924,2.5654,2.7565,5.2494,1.8454,1.9654,3.887,1.3204,1.8151,3.7002,2.1855,2.1501,4.9838,1.4314,2.6415,4.0074,0.89345,3.0687,2.7107,4.6301,2.9722,0.3628,1.2524,2.7048,4.3074,1.899,1.9542,3.8869,1.2342,2.6377,2.8526,0.33198,2.7846,2.9406,0.97267,2.8916,4.1532,0.54725,2.5104,2.5804,0.71613,1.9474,2.9643,0.54258,2.4161,3.4205,1.6059,2.1819,4.2506,1.2405,2.7105,4.3308,0.63817,1.9645,3.0985,1.9947,1.8802,3.8004,1.2223,1.8494,3.6546,2.4373,2.7043,4.9514,1.3999,1.5352,4.1815,1.3704,2.1488,3.1862,0.65446,1.9741,3.093,0.53157,2.4146,2.5933,1.6676,2.2891,4.1394,2.413,2.6995,4.9668,0.62618,1.9747,3.0863,1.587,1.7131,3.3234,0.6396,3.0261,2.5148,0.56633,2.517,2.5884,2.9823,2.7457,5.9391,6.1746,2.8639,2.5391,4.5451,2.9753,0.26272,2.3606,2.3899,3.7573,1.0264,3.0802,3.8434,1.3953,2.3051,3.542,0.67733,3.087,3.4858,2.3724,2.2299,3.7998,1.2327,1.8499,3.6566,2.4229,2.3331,4.5712,2.5904,2.6384,4.0613,1.2637,2.6932,4.3368,1.8573,1.9618,3.8921,1.1395,2.7902,3.6721,2.4291,2.4584,5.0628,1.5657,2.6289,3.3037,2.1728,2.2,4.0951,0.81145,1.9215,3.3764,2.3771,2.4005,3.7692,2.3537,2.4019,3.7521,2.2007,1.908,4.9272,2.6538,2.2908,4.8002,2.3697,2.238,3.8079,1.3938,1.5908,3.8495,2.4449,2.6976,4.9796,1.8645,1.9593,3.898,0.78765,2.14,3.9979,1.6047,1.8351,4.2745,2.4255,2.6921,4.9743,1.4522,2.3901,3.26,5.9177,2.8728,2.1918,1.8621,1.7893,3.4879,1.988,3.0113,4.2953,2.0279,1.955,4.7697,1.1109,2.5853,4.2891,1.8973,2.1484,4.8763,1.6249,1.8009,3.9614,1.6072,2.009,3.3853,1.0405,2.7674,3.596,0.93568,2.8376,3.813,1.4189,2.4161,3.8581,1.136,2.7777,3.6635,1.8247,1.794,4.0926,0.8708,2.4601,2.7793,1.889,2.0797,4.3866,0.078869,2.7957,2.8651,1.081,1.9569,4.2755,0.95328,2.3283,3.0213,1.6258,2.3976,4.5829,0.98684,2.0878,2.8335,0.75216,2.0025,2.731,1.6273,1.7985,3.9633,0.91072,2.457,2.797,1.3718,1.5875,3.8374,2.7726,2.5936,4.6342,1.0776,2.1491,3.631,1.1334,2.7894,3.6581,1.9804,1.9887,4.4753,1.0735,1.9621,4.2569,1.8622,1.6488,3.4466,1.671,2.4827,3.9943,2.1422,2.5537,4.9161,2.135,2.3757,3.6884,1.201,3.0709,3.4359,1.4387,1.459,4.2377,0.63644,2.9956,3.6237,1.6291,1.7474,4.2353,0.75502,1.9994,2.7381,0.6592,2.2001,3.9648,2.6727,2.6014,4.5315,1.9958,2.1233,3.4411,1.3835,2.9171,3.5388,1.083,2.1967,3.6334,2.5324,2.0046,4.4692,1.4937,1.735,4.422,1.6081,2.5913,3.5794,2.0634,2.2869,4.0692,2.71,2.3611,5.0015,0.4444,2.5259,2.9503
0.030335,0.047595,0.0019062,209.22,212.78,203.37,0.0012053,0.0013251,0.0010079,204.12,210.44,208.17,198.58,191.94,199.71,225.36,212.15,226.95,201.77,228.6,244.14,200.98,199.14,200.87,213.84,208.02,207.19,177.09,189.34,253.43,201.22,178.49,215.86,183.19,226.07,210.25,250.45,148.76,223.69,196.56,207.03,167.96,229.16,229.87,270.42,218.14,183.3,222.89,263.66,245.77,162.43,250.4,173.96,221.13,202.78,238.63,230.83,258.55,228.69,231.32,201.09,249.79,252.57,240.46,202.77,237.31,206.86,188.93,276.87,236.9,231.45,240.49,175.23,209.26,188.24,211.23,193.41,260.26,209.75,206.49,205.84,219.09,227.36,190.77,186.9,226.25,214.47,239.95,229.97,213.22,234.09,243.67,197.4,241.04,144.24,241.05,193.41,221.32,201.07,231.07,239.64,202.74,198.29,193.51,167.03,216.86,263.43,181.93,203.88,242.78,246.62,264.43,224.1,212.86,235.78,292.7,218.78,181.89,220.5,201.3,189.28,213.53,242.97,135.15,250.5,217.79,241.66,243.49,213.35,164.3,228.7,249.97,176.67,201.91,206.36,245.56,165.98,174.57,240.87,231.14,224.3,267.95,200.82,194.86,207.45,233.79,221.67,246.5,233.34,227.56,191.42,240.44,245.48,195.04,212.51,293.92,193.72,205.62,250.78,189.64,199.47,270.01,201.72,133.86,258.98,241.26,241.43,203.64,264.37,198.49,203.85,166.77,174.28,190.05,214.72,169.08,235.28,232.7,190.51,209.91,223.23,231.83,190.39,223.53,206.63,194.61,198.14,197.12,274.07,202.9,244.65,269.6,209.54,236.23,203.48,264.97,210.51,202.74,245.85,270.58,210.65,235.47,222.54,194.47,242.73,218.55,214.25,205.24,223.55,196.19,224.22,210.99,219.19,216.33,203.47,217.93,198.79,242.52,241.34,210.73,193.57,176.45,219.29,255.16,183.14,195.51,266.83,200.51,212.83,227.7,212.24,220.95,243.14,247.52,180.27,226.79,187.1,235.0,206.12,237.53,175.18,235.33,235.32,168.11,249.85,209.05,155.15,229.56,179.45,206.91,224.48,175.52,211.17,227.26,194.04,216.82,222.04,214.04,181.48,229.06,201.9,206.18,206.75,165.12,252.31,245.95,201.12,167.67,199.73,259.96,216.42,223.09,212.34,146.75,159.49,199.67,234.11,208.68,210.61,210.84,203.43,186.27,166.43,183.1,226.21,216.64,229.23,220.73,0.00083995,0.0010548,0.0010435,0.0010584,0.00097459,0.0011004,0.0011937,0.00094695,0.0011472,0.00096846,0.0012162,0.0013436,0.0011112,0.001071,0.0010048,0.0012969,0.0011828,0.0011396,0.0011313,0.0011637,0.0015003,0.0013218,0.001111,0.0014191,0.0012557,0.0013574,0.0011804,0.0014654,0.0010858,0.0015037,0.0011762,0.0012784,0.0011668,0.001302,0.0013946,0.0016027,0.0012992,0.0012887,0.0013853,0.0014517,0.0013356,0.001011,0.0015503,0.0012091,0.0013008,0.0012735,0.0014126,0.0013149,0.0014691,0.001361,0.0012116,0.0013049,0.0015519,0.0013737,0.0014511,0.0013328,0.0013802,0.0013583,0.0013389,0.0016224,0.0016153,0.0014397,0.0014947,0.001322,0.0014651,0.0012576,0.0014356,0.0013757,0.001549,0.0013315,0.0014765,0.0013756,0.0013174,0.0014586,0.0013386,0.0013371,0.0013547,0.0013614,0.001544,0.001527,0.0013763,0.001569,0.00151,0.0012384,0.001358,0.001145,0.0014633,0.0013504,0.0014197,0.0013044,0.0014521,0.0014462,0.0013543,0.0013233,0.0012314,0.0011666,0.0012886,0.0016125,0.0012281,0.0013028,0.0014611,0.0015031,0.0016433,0.0013674,0.0014472,0.0014872,0.0016416,0.0013944,0.0012843,0.0012759,0.0014334,0.0013483,0.0014167,0.0015539,0.0011917,0.0015855,0.0013805,0.0014723,0.0014925,0.0014228,0.0012448,0.001568,0.0014298,0.0012882,0.0013118,0.001379,0.0015586,0.001196,0.00079064,0.0015484,0.0015013,0.0014758,0.0015584,0.0012391,0.0012644,0.0014316,0.0015992,0.001376,0.00153,0.0015585,0.0013968,0.0012955,0.0013045,0.0014742,0.001348,0.0014661,0.00154,0.0012931,0.0014128,0.0014841,0.0011852,0.0013691,0.0017261,0.001295,0.0010838,0.0015106,0.0014323,0.001527,0.0014043,0.0015533,0.0012588,0.0012982,0.0011737,0.0012582,0.0013006,0.0013057,0.0011842,0.0014535,0.0014831,0.0012892,0.0013311,0.0012252,0.0014918,0.001388,0.0013525,0.0013149,0.0013687,0.0013316,0.0012787,0.0015121,0.0012893,0.0014808,0.0015004,0.0013655,0.0014961,0.0014182,0.0015052,0.0013265,0.0013273,0.0014472,0.0014548,0.0014081,0.0014318,0.0014292,0.0015779,0.001451,0.0014183,0.0013553,0.0013835,0.0014083,0.0013322,0.001383,0.0013459,0.0014165,0.0013177,0.0016015,0.0013751,0.0013939,0.0014249,0.0013857,0.0013481,0.0013151,0.0012205,0.0013339,0.0015608,0.001327,0.0013166,0.001488,0.0012969,0.0014243,0.0014089,0.0013517,0.0013701,0.001375,0.0015022,0.0012211,0.0014338,0.0012318,0.0013747,0.0014089,0.0013263,0.0012063,0.0013158,0.0014639,0.0011813,0.0014689,0.0012458,0.0012156,0.0013829,0.001156,0.0013333,0.0013435,0.0011907,0.0013402,0.0013633,0.0011128,0.0012817,0.0013193,0.0013473,0.0012025,0.0014333,0.0012427,0.0013113,0.0011966,0.00095714,0.0013116,0.0013426,0.0011284,0.0011183,0.001113,0.0014544,0.0013549,0.0013312,0.00099001,0.00089955,0.00101,0.0010217,0.0013928,0.0012454,0.0010032,0.0011956,0.0010061,0.0010066,0.00086348,0.00087992,0.0011269,0.0011783,0.0012856,0.0012228,1074300.0,1105700.0,792270.0,4276700.0,2284500.0,1150800.0,5856800.0,1513400.0,1879800.0,3242500.0,2966100.0,734830.0,5652900.0,1298400.0,4052200.0,2459600.0,5070500.0,4091400.0,1340500.0,3371900.0,2502600.0,3347400.0,11704000.0,958350.0,6311800.0,749460.0,9101500.0,1591900.0,1841400.0,815570.0,3232100.0,1680500.0,5814300.0,23940000.0,2520900.0,2724900.0,4347000.0,1235900.0,1513400.0,1646200.0,2062700.0,1057700.0,2058300.0,1019200.0,7475600.0,2433400.0,1825600.0,1494000.0,2274900.0,15971000.0,952090.0,7278300.0,3995200.0,706940.0,3910700.0,1079100.0,2657700.0,17679000.0,32102000.0,2373200.0,1720700.0,1532600.0,2840700.0,1036400.0,1926200.0,3409900.0,803840.0,2871900.0,1940600.0,3915400.0,2755300.0,1446400.0,1119200.0,15048000.0,5077600.0,1340600.0,3613400.0,1673300.0,965090.0,2573300.0,3702600.0,1313000.0,893150.0,2116300.0,873820.0,1861100.0,2850800.0,4950200.0,4191200.0,2338500.0,5694300.0,1300700.0,9352900.0,4677300.0,1017700.0,1694700.0,903640.0,1769700.0,3509900.0,9918500.0,1730700.0,16523000.0,1417300.0,9919600.0,1633600.0,3256300.0,1272900.0,1628100.0,12535000.0,5115100.0,2157200.0,3869300.0,2389200.0,1225800.0,656170.0,3373000.0,11659000.0,2413800.0,1291100.0,778800.0,1922000.0,735100.0,1193700.0,2218700.0,8786700.0,4156700.0,2627900.0,3087700.0,2361300.0,1498700.0,773560.0,10411000.0,2404500.0,3548600.0,2073400.0,1371700.0,1031900.0,2014200.0,1052000.0,2853800.0,3921600.0,1159600.0,1477000.0,2103000.0,1521000.0,2210500.0,2422200.0,877170.0,6912100.0,1513500.0,9390500.0,6180200.0,809830.0,10291000.0,814480.0,1274500.0,19279000.0,683650.0,12167000.0,721740.0,5575100.0,3693400.0,3817200.0,2647300.0,5252900.0,4116200.0,4227600.0,964530.0,4135000.0,1638700.0,6369200.0,1506700.0,7610900.0,1080700.0,744550.0,4005200.0,2996600.0,1988300.0,8411500.0,2288700.0,948280.0,1205600.0,3671000.0,3568300.0,1940100.0,1475700.0,747540.0,6807100.0,5275200.0,2336700.0,637470.0,17726000.0,3323000.0,5257900.0,1142200.0,18258000.0,5431600.0,1100100.0,8580600.0,1353300.0,1434500.0,3992400.0,5297000.0,799330.0,1639500.0,973680.0,1778500.0,1568200.0,1456500.0,7851700.0,2342100.0,1425100.0,12280000.0,2793800.0,1238000.0,1263500.0,3260300.0,951930.0,4669600.0,1133200.0,1854600.0,8075300.0,4435100.0,696550.0,1421900.0,10018000.0,5258300.0,5069200.0,15394000.0,3001700.0,1931800.0,2342400.0,2994600.0,3189800.0,1882600.0,1749500.0,2275100.0,1499400.0,7215800.0,652060.0,3656200.0,8296200.0,8910100.0,1863600.0,5378600.0,4029700.0,5011000.0,864140.0,1139900.0,5361500.0,1551600.0,6587500.0,3485200.0,7122400.0,1970700.0,1638700.0,1591200.0,1087700.0,1106100.0,2208100.0,945990.0,5091800.0,3371700.0,4404800.0,3356800.0,2894200.0,2745600.0,15584000.0,14989000.0,6042000.0,4601000.0,2807600.0,6148400.0,3762100.0,1781300.0,2740300.0,1353800.0,4824200.0,3044800.0,1.5261,1.8416,4.1724,2.2279,2.4674,3.6656,1.2779,2.2276,4.2228,1.2273,1.9887,4.2303,2.4957,2.6638,4.3068,0.8393,2.062,4.2166,1.551,2.4928,3.8912,3.0245,2.8414,5.8325,1.2248,1.9987,4.2279,1.7422,1.7194,4.2482,1.2769,2.2334,4.2313,0.83646,2.0575,4.2136,2.9043,2.8385,4.5434,5.6909,2.774,1.4557,1.2345,2.8424,3.6181,0.93774,2.1491,3.0188,2.4987,2.0664,4.46,1.4707,1.6804,3.9026,0.66178,2.5866,3.8818,1.9842,1.7767,3.4817,1.0989,2.4362,3.092,0.29675,2.2864,3.5568,1.7972,1.6647,3.3894,2.1173,2.8025,4.3968,1.8095,1.6625,3.3853,1.5063,1.6689,3.919,0.38234,2.1428,3.1904,2.0387,2.3705,4.4065,1.4753,1.6745,3.2105,0.84644,1.8894,2.7698,3.0553,2.8419,5.8563,1.9869,1.7697,3.4798,0.97789,2.7164,2.885,1.793,2.5899,4.0015,0.6506,1.8772,2.7846,1.0824,2.44,3.0709,1.9061,1.9189,4.4935,1.7132,1.685,3.8942,0.52482,2.197,3.7629,1.2186,2.4474,3.7955,1.0031,2.0757,3.2597,2.548,2.3045,4.2994,2.0541,2.1641,4.6861,1.4906,1.6733,3.9136,1.8934,1.9315,4.4912,1.4797,2.1755,3.2643,0.83142,2.1109,3.1657,2.4294,2.387,4.3285,1.956,2.5883,4.8843,1.939,2.6005,4.872,2.5471,2.3039,4.2931,1.2833,2.4951,3.9372,1.7131,2.2489,4.3107,2.1907,3.0487,4.113,0.52824,2.4573,2.4995,1.5143,2.0472,4.6021,2.0463,3.0582,3.975,0.35788,2.3779,3.4223,1.6728,1.6289,4.083,0.73164,2.0595,3.088,2.2446,2.2681,4.6593,0.61616,2.5729,3.0215,0.9742,2.1078,3.2604,0.10771,2.8933,1.9191,1.9984,2.0261,4.5889,2.5419,2.3164,4.2797,2.6016,2.3302,5.1909,2.1111,2.7972,4.3831,1.0961,1.853,3.9585,4.6105,2.9733,0.53396,0.86949,2.1397,3.0429,1.3429,2.1014,4.2661,1.086,2.1137,3.504,2.2573,2.7387,4.5248,1.6798,1.5984,4.1544,1.1489,2.5493,3.0669,0.74986,2.4321,3.7623,2.0883,1.9084,3.7232,1.5674,2.4569,3.4725,1.6124,2.5508,3.5978,1.6189,1.6737,4.2619,2.0747,2.7861,4.5641,2.1121,2.7835,4.6059,3.339,2.7942,6.0968,1.7024,1.6086,4.1696,1.7335,1.9901,3.4371,2.1926,2.9499,5.01,1.1575,2.5539,3.0732,2.6427,2.4386,4.9911,0.99841,2.618,4.0851,1.5754,2.4508,3.484,1.149,1.8355,4.0977,1.6747,1.6258,4.0831,1.7267,1.9805,3.4394,0.10506,2.9384,3.1687,2.8929,2.2831,4.5772,1.3505,1.9558,4.2325,1.2328,2.6651,3.3278,1.4599,2.4538,3.3552,1.8047,1.9707,3.7087,1.951,2.3638,3.9986,1.0991,2.299,3.1975,2.5199,2.0301,5.1717,1.2002,2.6848,3.3062,1.4557,2.4649,3.3485,0.21735,2.9705,3.2638,0.68036,1.8157,2.8883,1.6958,2.0256,4.441,1.483,1.8633,4.1346,5.4892,2.8964,1.8133,0.81776,2.1393,2.8108,0.96909,2.6245,4.0691,2.2092,2.5315,3.6356,2.6412,2.4129,4.9719,2.8441,2.6783,4.5287,2.1045,2.4883,4.5234,2.3429,2.1161,4.1879,0.76069,2.0181,3.3481,0.38012,2.4591,2.9247,0.57776,2.1517,3.7635,2.4157,2.5019,4.4587,0.78016,2.4337,2.8913,1.2647,1.5775,4.3045,1.6879,1.9994,3.456,0.077666,2.6825,2.0784,3.2964,2.9483,0.025418,0.79213,2.4188,2.8978,1.6557,1.641,4.094,1.5105,1.836,3.1893,0.76107,2.4382,2.8593,2.1768,2.3436,4.9538,1.1535,2.5585,3.091,1.0757,2.0268,3.5256,0.51619,1.9892,3.2617,1.706,1.9926,3.4446,2.422,2.0843,4.1692,2.1444,2.1525,4.973,1.3068,1.7481,3.806,0.70763,1.9798,2.7598,2.1394,2.1535,4.9808,2.2922,2.2009,4.4729,1.5554,2.3147,3.966,4.1981,2.9954,0.1314,1.9378,2.3684,3.9955,0.80625,1.9702,4.1178,1.1761,2.5894,4.2187,3.4986,2.8461,6.085,1.5689,1.6032,3.2763,0.2943,2.3158,3.4119,5.103,2.9864,1.0061,0.52898,2.791,3.245,1.2421,2.5139,2.9867,2.1684,2.144,4.9659,1.4997,2.0915,4.36,1.5517,1.6223,3.3036,1.3994,2.9228,3.3227,0.51153,2.4278,2.7534,0.89896,2.4513,2.994,0.21962,2.6249,3.3402,1.6448,2.2846,4.1495,0.47692,2.437,2.7287,1.0426,2.1987,3.6499,1.369,1.8012,4.298,0.29991,2.3127,3.4154,1.5549,1.6085,3.2817,0.51302,2.4262,2.7464,2.9947,2.8687,5.935,1.9692,2.5905,4.0269,1.9924,2.1937,4.5926,2.5618,2.7555,5.2479,1.8431,1.9654,3.8862,1.3217,1.8148,3.7008,2.1873,2.15,4.984,1.4325,2.6406,4.007,0.88371,3.0678,2.6997,4.6276,2.9715,0.36069,1.2524,2.706,4.3061,1.8987,1.954,3.887,1.2336,2.6379,2.852,0.33069,2.785,2.9401,0.97406,2.8918,4.1541,0.54633,2.5099,2.5805,0.71701,1.9483,2.9628,0.54236,2.4171,3.42,1.6078,2.1823,4.2517,1.2396,2.7118,4.3306,0.6383,1.9654,3.0973,1.9956,1.8794,3.7995,1.2237,1.8495,3.6551,2.4356,2.7034,4.9494,1.401,1.5359,4.1818,1.3695,2.1485,3.1866,0.65526,1.9755,3.0918,0.53472,2.4128,2.5944,1.6698,2.2909,4.14,2.4106,2.6983,4.9659,0.62568,1.976,3.0846,1.5881,1.7131,3.3231,0.64399,3.0255,2.5174,0.56607,2.5169,2.5886,2.9859,2.7457,5.9417,6.1744,2.8639,2.5391,4.5393,2.9745,0.25665,2.3611,2.3889,3.7572,1.0345,3.08,3.8532,1.393,2.3076,3.5408,0.66894,3.0873,3.4788,2.3725,2.2296,3.7992,1.2345,1.8499,3.6572,2.4227,2.3329,4.5718,2.5907,2.6391,4.0629,1.2639,2.6936,4.3369,1.8557,1.9616,3.8914,1.1402,2.7898,3.6731,2.428,2.4571,5.0612,1.5639,2.6291,3.3041,2.1729,2.2007,4.0948,0.81239,1.9223,3.3766,2.3783,2.4,3.7699,2.3538,2.4014,3.7519,2.2016,1.9091,4.9286,2.654,2.2908,4.8005,2.3698,2.238,3.8078,1.3944,1.591,3.8502,2.4438,2.6965,4.9789,1.8633,1.9591,3.8976,0.78804,2.1399,3.9997,1.6048,1.8351,4.2752,2.4237,2.6906,4.9737,1.4525,2.3901,3.26,5.9173,2.8724,2.1912,1.8622,1.7887,3.4886,1.9881,3.0105,4.2947,2.0287,1.9553,4.7705,1.1115,2.5856,4.2899,1.8982,2.1483,4.877,1.6254,1.8007,3.9611,1.6073,2.009,3.3848,1.042,2.7669,3.5977,0.93701,2.8378,3.8134,1.4208,2.4174,3.8588,1.1366,2.7766,3.6641,1.8241,1.7937,4.0925,0.86906,2.4601,2.7796,1.8882,2.0803,4.3867,0.079325,2.7956,2.8665,1.0807,1.9568,4.2762,0.95364,2.3278,3.022,1.6255,2.3977,4.5827,0.98717,2.0878,2.8335,0.75255,2.0026,2.7304,1.628,1.7982,3.9631,0.91057,2.4568,2.7981,1.3713,1.5875,3.8375,2.7726,2.5937,4.634,1.0773,2.1497,3.6311,1.134,2.7888,3.6585,1.9806,1.9887,4.4753,1.073,1.9621,4.2567,1.8626,1.6488,3.4464,1.6714,2.4829,3.9941,2.1436,2.5536,4.9158,2.134,2.3754,3.6874,1.2015,3.0707,3.4365,1.4384,1.4587,4.2379,0.63735,2.9954,3.6243,1.6293,1.7472,4.2354,0.75548,1.9994,2.7379,0.65789,2.2003,3.9658,2.6719,2.6014,4.5312,1.996,2.1231,3.4412,1.3836,2.9168,3.5389,1.083,2.1969,3.6332,2.5324,2.0049,4.4692,1.4938,1.735,4.422,1.608,2.5912,3.5793,2.0635,2.2869,4.0691,2.7099,2.3605,5.001,0.44443,2.5257,2.95
0.031223,0.049002,0.0019376,209.53,213.19,203.49,0.0012071,0.0013276,0.0010086,204.27,210.7,208.42,198.89,192.19,199.82,225.53,212.33,227.32,202.04,228.97,244.52,201.1,199.41,201.1,214.32,208.22,207.58,177.41,189.43,254.06,201.54,178.71,216.21,183.41,226.55,210.57,250.92,149.0,224.11,196.79,207.15,168.04,229.52,230.25,270.98,218.62,183.6,223.41,264.3,246.17,162.58,250.8,174.2,221.54,203.13,239.04,231.19,259.13,229.07,231.67,201.39,250.4,253.14,241.11,203.22,237.69,207.35,189.35,277.57,237.58,232.06,241.28,175.23,209.66,188.5,211.79,193.85,260.34,210.19,206.96,205.87,219.6,227.91,191.07,187.24,226.55,215.07,240.54,230.53,213.64,234.38,243.91,197.8,241.59,144.41,241.68,193.73,221.81,201.57,231.62,240.44,203.2,198.69,193.8,167.26,217.12,264.22,182.41,204.16,243.39,247.26,265.42,224.74,213.44,236.59,293.77,219.5,182.37,220.95,201.87,189.72,214.11,243.87,135.85,251.27,218.4,242.39,244.05,214.53,164.8,229.38,250.51,177.37,202.46,206.92,246.71,166.37,175.85,241.8,231.82,224.72,268.6,201.07,195.23,208.96,234.51,222.25,246.96,233.66,228.16,191.9,240.76,246.33,195.49,213.27,294.4,194.27,206.35,251.15,189.96,199.94,271.06,202.09,134.1,258.82,242.13,241.97,203.98,265.26,198.7,204.44,166.99,174.3,190.47,215.3,169.42,235.99,232.97,190.66,210.32,223.45,232.3,190.44,224.07,207.18,194.95,198.32,197.46,274.33,203.26,244.91,270.58,210.02,236.71,203.89,265.6,211.02,203.02,246.35,271.17,211.16,235.89,223.26,195.45,243.27,218.95,215.01,205.36,223.8,196.58,224.61,211.44,219.64,216.68,204.63,218.32,199.12,242.85,241.79,211.08,193.8,176.82,219.62,255.82,183.58,195.8,267.19,200.88,213.33,228.06,212.58,221.34,243.58,247.87,180.57,227.56,187.43,235.37,206.33,237.7,175.39,235.75,235.74,168.21,250.17,209.27,155.48,229.92,179.7,207.26,224.96,175.78,211.57,227.5,194.15,217.25,222.45,214.44,181.73,229.35,202.08,206.54,207.13,165.29,252.62,246.42,201.39,167.85,199.94,260.22,216.82,223.32,212.57,146.8,159.63,199.88,234.36,209.03,210.8,211.11,203.63,186.48,166.63,183.28,226.46,216.76,229.56,220.86,0.00083939,0.0010551,0.0010441,0.0010595,0.00097531,0.0011003,0.0011947,0.00094705,0.001149,0.00096919,0.0012179,0.0013456,0.0011111,0.0010725,0.0010054,0.0012995,0.0011838,0.0011417,0.0011332,0.0011643,0.001504,0.0013239,0.0011124,0.0014214,0.0012573,0.0013606,0.0011823,0.0014681,0.0010875,0.0015062,0.0011777,0.0012795,0.0011673,0.0013037,0.0013971,0.001606,0.0013019,0.0012907,0.0013887,0.0014555,0.001338,0.0010112,0.0015529,0.0012111,0.0013034,0.0012756,0.0014154,0.0013163,0.0014725,0.0013633,0.0012128,0.0013066,0.001555,0.0013765,0.0014547,0.0013352,0.0013823,0.0013618,0.0013417,0.001627,0.0016195,0.0014429,0.0014993,0.0013229,0.001468,0.0012592,0.0014397,0.0013787,0.0015508,0.0013342,0.0014796,0.0013768,0.0013201,0.0014616,0.001341,0.0013389,0.0013567,0.0013651,0.001547,0.0015301,0.0013802,0.0015721,0.0015128,0.0012407,0.001361,0.0011467,0.0014671,0.0013525,0.0014227,0.0013078,0.0014552,0.0014513,0.0013579,0.0013265,0.0012333,0.0011687,0.0012911,0.0016176,0.001231,0.0013051,0.0014647,0.0015067,0.0016488,0.001371,0.0014507,0.001492,0.0016469,0.0013981,0.0012876,0.0012787,0.0014354,0.0013518,0.0014202,0.0015592,0.0011969,0.0015908,0.0013843,0.0014763,0.001497,0.0014273,0.0012473,0.0015729,0.0014334,0.0012923,0.0013154,0.0013817,0.0015656,0.0011986,0.0007926,0.001554,0.0015053,0.0014796,0.0015652,0.0012409,0.0012674,0.0014357,0.0016044,0.0013795,0.001533,0.0015607,0.0014004,0.0012981,0.0013066,0.0014788,0.0013516,0.0014701,0.0015425,0.0012967,0.0014172,0.0014878,0.0011874,0.0013717,0.0017312,0.0012975,0.0010853,0.0015123,0.0014374,0.0015302,0.0014059,0.0015581,0.0012604,0.0013015,0.0011755,0.0012601,0.0013042,0.001309,0.0011869,0.0014574,0.0014851,0.0012911,0.0013343,0.0012267,0.0014947,0.0013897,0.0013562,0.001318,0.0013714,0.0013332,0.0012805,0.0015138,0.0012915,0.0014828,0.0015059,0.0013689,0.0014989,0.0014209,0.0015089,0.0013291,0.0013292,0.0014495,0.0014571,0.0014112,0.0014343,0.0014338,0.001583,0.0014545,0.0014205,0.0013591,0.0013856,0.0014097,0.0013348,0.0013857,0.0013489,0.0014196,0.0013192,0.0016074,0.001377,0.0013959,0.0014271,0.0013875,0.0013494,0.0013166,0.0012227,0.0013355,0.0015646,0.0013288,0.001318,0.00149,0.001299,0.0014272,0.0014113,0.0013534,0.0013719,0.0013774,0.0015045,0.0012227,0.0014383,0.001234,0.001377,0.0014103,0.0013275,0.0012076,0.0013179,0.0014665,0.0011821,0.0014709,0.001247,0.0012178,0.0013854,0.0011578,0.0013357,0.0013463,0.0011926,0.0013415,0.001365,0.0011134,0.0012843,0.0013215,0.0013496,0.0012039,0.0014352,0.001244,0.0013133,0.0011988,0.00095814,0.0013134,0.0013455,0.0011299,0.0011196,0.001114,0.0014557,0.0013569,0.0013327,0.00099047,0.00089976,0.0010104,0.0010225,0.0013944,0.0012473,0.0010033,0.0011968,0.0010068,0.0010076,0.00086438,0.00088029,0.001128,0.0011786,0.0012871,0.0012235,1074300.0,1105700.0,792270.0,4276700.0,2284500.0,1150800.0,5856800.0,1513400.0,1879800.0,3242500.0,2966100.0,734830.0,5652900.0,1298400.0,4052200.0,2459600.0,5070500.0,4091400.0,1340500.0,3371900.0,2502600.0,3347400.0,11704000.0,958350.0,6311800.0,749460.0,9101500.0,1591900.0,1841400.0,815570.0,3232100.0,1680500.0,5814300.0,23940000.0,2520900.0,2724900.0,4347000.0,1235900.0,1513400.0,1646200.0,2062700.0,1057700.0,2058300.0,1019200.0,7475600.0,2433400.0,1825600.0,1494000.0,2274900.0,15971000.0,952090.0,7278300.0,3995200.0,706940.0,3910700.0,1079100.0,2657700.0,17679000.0,32102000.0,2373200.0,1720700.0,1532600.0,2840700.0,1036400.0,1926200.0,3409900.0,803840.0,2871900.0,1940600.0,3915400.0,2755300.0,1446400.0,1119200.0,15048000.0,5077600.0,1340600.0,3613400.0,1673300.0,965090.0,2573300.0,3702600.0,1313000.0,893150.0,2116300.0,873820.0,1861100.0,2850800.0,4950200.0,4191200.0,2338500.0,5694300.0,1300700.0,9352900.0,4677300.0,1017700.0,1694700.0,903640.0,1769700.0,3509900.0,9918500.0,1730700.0,16523000.0,1417300.0,9919600.0,1633600.0,3256300.0,1272900.0,1628100.0,12535000.0,5115100.0,2157200.0,3869300.0,2389200.0,1225800.0,656170.0,3373000.0,11659000.0,2413800.0,1291100.0,778800.0,1922000.0,735100.0,1193700.0,2218700.0,8786700.0,4156700.0,2627900.0,3087700.0,2361300.0,1498700.0,773560.0,10411000.0,2404500.0,3548600.0,2073400.0,1371700.0,1031900.0,2014200.0,1052000.0,2853800.0,3921600.0,1159600.0,1477000.0,2103000.0,1521000.0,2210500.0,2422200.0,877170.0,6912100.0,1513500.0,9390500.0,6180200.0,809830.0,10291000.0,814480.0,1274500.0,19279000.0,683650.0,12167000.0,721740.0,5575100.0,3693400.0,3817200.0,2647300.0,5252900.0,4116200.0,4227600.0,964530.0,4135000.0,1638700.0,6369200.0,1506700.0,7610900.0,1080700.0,744550.0,4005200.0,2996600.0,1988300.0,8411500.0,2288700.0,948280.0,1205600.0,3671000.0,3568300.0,1940100.0,1475700.0,747540.0,6807100.0,5275200.0,2336700.0,637470.0,17726000.0,3323000.0,5257900.0,1142200.0,18258000.0,5431600.0,1100100.0,8580600.0,1353300.0,1434500.0,3992400.0,5297000.0,799330.0,1639500.0,973680.0,1778500.0,1568200.0,1456500.0,7851700.0,2342100.0,1425100.0,12280000.0,2793800.0,1238000.0,1263500.0,3260300.0,951930.0,4669600.0,1133200.0,1854600.0,8075300.0,4435100.0,696550.0,1421900.0,10018000.0,5258300.0,5069200.0,15394000.0,3001700.0,1931800.0,2342400.0,2994600.0,3189800.0,1882600.0,1749500.0,2275100.0,1499400.0,7215800.0,652060.0,3656200.0,8296200.0,8910100.0,1863600.0,5378600.0,4029700.0,5011000.0,864140.0,1139900.0,5361500.0,1551600.0,6587500.0,3485200.0,7122400.0,1970700.0,1638700.0,1591200.0,1087700.0,1106100.0,2208100.0,945990.0,5091800.0,3371700.0,4404800.0,3356800.0,2894200.0,2745600.0,15584000.0,14989000.0,6042000.0,4601000.0,2807600.0,6148400.0,3762100.0,1781300.0,2740300.0,1353800.0,4824200.0,3044800.0,1.5262,1.8418,4.1723,2.2279,2.4674,3.6656,1.2778,2.2277,4.2228,1.2271,1.9888,4.2302,2.4955,2.6638,4.3069,0.83877,2.062,4.2166,1.5518,2.4931,3.8912,3.025,2.8414,5.833,1.2247,1.9989,4.2277,1.742,1.7194,4.2482,1.2769,2.2336,4.2316,0.83579,2.0573,4.2135,2.9047,2.8386,4.5444,5.6903,2.7738,1.4552,1.2346,2.8423,3.6181,0.93715,2.1492,3.0187,2.4991,2.0669,4.4605,1.4706,1.6805,3.9025,0.66191,2.5871,3.8817,1.9837,1.7771,3.482,1.0997,2.4358,3.0932,0.29735,2.2865,3.5565,1.7975,1.6644,3.3894,2.1164,2.8017,4.3951,1.8101,1.6623,3.3852,1.5071,1.6687,3.9194,0.38195,2.1431,3.1899,2.0389,2.3709,4.4072,1.4753,1.6747,3.2109,0.84682,1.8899,2.7697,3.0567,2.8419,5.8575,1.9863,1.7699,3.4799,0.97711,2.7164,2.8852,1.7923,2.5898,4.0015,0.65116,1.8774,2.7842,1.0827,2.4398,3.0715,1.9063,1.919,4.4935,1.7141,1.6846,3.8941,0.52532,2.1969,3.7636,1.2193,2.4482,3.7958,1.003,2.0762,3.2593,2.5482,2.3048,4.2998,2.0538,2.1645,4.6864,1.4909,1.6732,3.9137,1.8933,1.9319,4.4912,1.4794,2.1757,3.2642,0.83158,2.1119,3.1649,2.4298,2.3875,4.3289,1.9562,2.5878,4.884,1.9389,2.6006,4.8716,2.5472,2.3042,4.2933,1.2832,2.4953,3.9369,1.7139,2.2494,4.3112,2.1938,3.0483,4.1155,0.5291,2.457,2.5004,1.5134,2.047,4.602,2.0453,3.0579,3.9734,0.35685,2.378,3.4218,1.6731,1.6288,4.083,0.73228,2.0607,3.0877,2.2447,2.2688,4.6597,0.61598,2.5716,3.0223,0.97321,2.1091,3.26,0.10696,2.8934,1.9174,1.9985,2.0274,4.589,2.5418,2.317,4.2794,2.5991,2.3298,5.1904,2.1099,2.7963,4.3809,1.0967,1.853,3.9589,4.6102,2.9724,0.53471,0.86899,2.1403,3.0425,1.3441,2.1014,4.2662,1.0869,2.1145,3.5044,2.2555,2.7381,4.5229,1.6793,1.5983,4.1543,1.1491,2.5491,3.067,0.74991,2.4323,3.7621,2.0894,1.9077,3.7227,1.5664,2.4575,3.4726,1.6108,2.5516,3.5975,1.6176,1.6734,4.2622,2.0736,2.7852,4.5633,2.1118,2.7826,4.6063,3.3387,2.7945,6.0964,1.7025,1.6088,4.1699,1.7346,1.9896,3.4366,2.1948,2.9502,5.0128,1.1579,2.5538,3.0733,2.6429,2.4384,4.9912,0.99773,2.6185,4.0857,1.5745,2.4512,3.4844,1.1478,1.8367,4.0976,1.6752,1.6257,4.083,1.7275,1.9797,3.439,0.099518,2.9381,3.1636,2.8933,2.2827,4.5778,1.3515,1.9559,4.2334,1.2324,2.6643,3.3282,1.4598,2.4537,3.3556,1.8036,1.9702,3.7082,1.9512,2.3647,3.9989,1.0991,2.2995,3.1978,2.5193,2.0294,5.1724,1.199,2.6845,3.3061,1.4555,2.4651,3.3488,0.21531,2.9713,3.2616,0.68041,1.816,2.8875,1.6956,2.0255,4.4417,1.4833,1.8631,4.1351,5.4874,2.8961,1.8119,0.81791,2.1399,2.8117,0.96746,2.6252,4.0692,2.211,2.5316,3.6361,2.6412,2.4118,4.9712,2.8454,2.6775,4.529,2.1028,2.4871,4.5233,2.3427,2.1166,4.1878,0.76056,2.0192,3.348,0.38192,2.4586,2.9262,0.57698,2.152,3.765,2.4166,2.5016,4.4597,0.78096,2.4329,2.8925,1.265,1.5774,4.305,1.6875,1.9992,3.4562,0.079865,2.6823,2.0792,3.2991,2.9485,0.028769,0.79354,2.4174,2.8994,1.6556,1.6412,4.0943,1.5113,1.8357,3.1895,0.7615,2.4375,2.8596,2.1772,2.3434,4.9537,1.1543,2.5584,3.0919,1.0778,2.0289,3.5262,0.51559,1.9897,3.2619,1.7062,1.9922,3.4445,2.4234,2.0846,4.1682,2.1444,2.1523,4.9729,1.3073,1.7479,3.8062,0.70834,1.98,2.7599,2.1392,2.1535,4.981,2.2915,2.2015,4.4735,1.5551,2.3156,3.9661,4.1981,2.9949,0.13131,1.9371,2.3695,3.9956,0.80526,1.9704,4.1179,1.1765,2.5899,4.219,3.4981,2.8458,6.0854,1.5701,1.6028,3.276,0.29319,2.3164,3.4117,5.1018,2.9863,1.004,0.52824,2.7913,3.2449,1.2415,2.5142,2.9872,2.169,2.1438,4.9656,1.5006,2.0915,4.3604,1.5525,1.6224,3.3042,1.4006,2.9227,3.3215,0.51346,2.4272,2.7545,0.89822,2.4511,2.994,0.21972,2.6252,3.3402,1.6461,2.2857,4.1504,0.47796,2.4368,2.7292,1.0424,2.1997,3.6495,1.3682,1.801,4.2982,0.29923,2.313,3.4156,1.5558,1.6082,3.2816,0.51514,2.4254,2.7473,2.9952,2.8687,5.9362,1.9679,2.5902,4.0266,1.993,2.1942,4.5928,2.5593,2.7548,5.2469,1.8416,1.9654,3.8856,1.3225,1.8147,3.7012,2.1885,2.1499,4.9841,1.4332,2.6401,4.0068,0.87735,3.0673,2.6924,4.6257,2.971,0.35917,1.2524,2.7068,4.3053,1.8986,1.954,3.8871,1.2333,2.6381,2.8517,0.32983,2.7853,2.9398,0.97502,2.8919,4.1547,0.54572,2.5096,2.5805,0.7176,1.949,2.9618,0.54224,2.4178,3.4197,1.6091,2.1825,4.2524,1.2389,2.7127,4.3304,0.63839,1.9659,3.0965,1.9962,1.8789,3.7989,1.2247,1.8497,3.6554,2.4345,2.7028,4.948,1.4018,1.5364,4.182,1.3688,2.1484,3.1869,0.65581,1.9764,3.0909,0.53681,2.4117,2.5951,1.6712,2.292,4.1404,2.4091,2.6975,4.9653,0.62536,1.9768,3.0835,1.5888,1.7132,3.323,0.64686,3.0251,2.5191,0.56592,2.5168,2.5888,2.9883,2.7458,5.9435,6.1743,2.8639,2.5391,4.5353,2.974,0.25253,2.3615,2.3882,3.7572,1.04,3.0799,3.8599,1.3915,2.3093,3.54,0.66332,3.0876,3.4741,2.3726,2.2293,3.7988,1.2356,1.8499,3.6577,2.4226,2.3328,4.5722,2.591,2.6395,4.064,1.2641,2.6938,4.3369,1.8546,1.9615,3.8909,1.1407,2.7896,3.6738,2.4272,2.4562,5.0601,1.5627,2.6293,3.3044,2.173,2.2012,4.0946,0.81301,1.9229,3.3767,2.379,2.3996,3.7703,2.3539,2.401,3.7518,2.2021,1.9098,4.9295,2.6541,2.2908,4.8007,2.3699,2.2379,3.8077,1.3947,1.5912,3.8507,2.443,2.6958,4.9785,1.8626,1.9589,3.8974,0.78829,2.1398,4.0009,1.6049,1.8351,4.2757,2.4226,2.6897,4.9732,1.4527,2.3901,3.26,5.917,2.8721,2.1908,1.8622,1.7884,3.489,1.9883,3.01,4.2943,2.0292,1.9555,4.7711,1.112,2.5858,4.2905,1.8987,2.1483,4.8775,1.6257,1.8005,3.9609,1.6074,2.009,3.3845,1.0429,2.7665,3.5988,0.93791,2.8379,3.8136,1.4221,2.4182,3.8593,1.137,2.7759,3.6645,1.8236,1.7934,4.0924,0.86792,2.46,2.7799,1.8876,2.0806,4.3868,0.07965,2.7955,2.8675,1.0805,1.9567,4.2766,0.95388,2.3275,3.0224,1.6252,2.3978,4.5825,0.98738,2.0877,2.8335,0.75281,2.0027,2.7301,1.6284,1.798,3.9629,0.91047,2.4567,2.7988,1.371,1.5875,3.8375,2.7726,2.5938,4.6339,1.0771,2.1501,3.6312,1.1344,2.7884,3.6587,1.9808,1.9888,4.4752,1.0726,1.9621,4.2566,1.8629,1.6487,3.4464,1.6717,2.483,3.9939,2.1445,2.5535,4.9155,2.1334,2.3753,3.6867,1.2019,3.0706,3.437,1.4381,1.4585,4.238,0.63794,2.9953,3.6246,1.6294,1.747,4.2354,0.75578,1.9995,2.7377,0.65702,2.2005,3.9664,2.6714,2.6014,4.531,1.9962,2.123,3.4413,1.3836,2.9166,3.5389,1.083,2.1971,3.6331,2.5325,2.0051,4.4693,1.4938,1.735,4.422,1.6079,2.5912,3.5792,2.0635,2.2869,4.0691,2.7098,2.3601,5.0007,0.44443,2.5255,2.9499
0.032551,0.051108,0.0019845,209.92,213.75,203.6,0.0012095,0.001331,0.0010093,204.44,211.01,208.75,199.25,192.53,199.8,225.77,212.53,227.78,202.39,229.46,245.02,201.24,199.78,201.36,214.94,208.48,208.04,177.89,189.54,254.84,202.02,179.02,216.68,183.71,227.13,211.04,251.52,149.33,224.75,197.13,207.37,168.07,229.94,230.72,271.74,219.22,184.03,224.06,265.18,246.72,162.83,251.32,174.53,222.07,203.59,239.62,231.69,259.9,229.62,232.22,201.83,251.27,254.01,241.93,203.78,238.28,207.95,189.95,278.54,238.42,233.04,242.26,175.34,210.25,188.87,212.54,194.52,260.5,210.79,207.57,206.02,220.2,228.63,191.54,187.65,226.98,215.7,241.23,231.17,214.26,234.82,244.38,198.41,242.26,144.53,242.52,194.27,222.35,202.16,232.16,241.58,203.91,199.29,194.05,167.38,217.27,265.23,183.15,204.53,244.2,247.94,266.78,225.61,214.28,237.58,294.91,220.61,183.09,221.68,201.92,190.15,215.05,245.2,136.36,251.9,219.22,243.46,244.83,215.17,165.59,230.03,251.36,178.34,203.31,207.65,248.12,167.0,175.73,243.02,232.8,225.42,269.19,201.54,195.81,210.57,235.8,223.1,247.73,233.87,228.93,192.5,241.38,247.44,196.17,214.65,295.33,195.1,207.25,251.5,190.49,200.63,272.02,202.69,134.55,259.1,243.3,242.64,204.01,266.4,199.07,205.25,167.39,174.11,191.07,216.17,169.9,236.97,233.12,191.0,210.94,223.8,232.83,190.49,224.96,207.95,195.47,198.72,197.99,274.76,203.75,245.34,271.97,210.72,237.37,204.48,266.54,211.77,203.55,247.18,272.24,211.83,236.54,224.19,196.68,244.05,219.64,215.87,205.76,224.26,197.17,225.26,212.07,220.3,217.4,206.15,219.0,199.68,243.41,242.56,211.71,194.17,177.36,220.22,256.81,184.19,196.28,267.8,201.36,213.99,228.64,213.13,221.93,244.25,248.41,181.01,228.47,187.86,235.93,206.69,238.02,175.71,236.33,236.36,168.38,250.63,209.62,155.92,230.43,179.97,207.66,225.58,176.14,212.06,227.92,194.33,217.78,222.92,214.92,182.04,229.73,202.36,207.06,207.59,165.47,253.14,246.99,201.69,168.03,200.18,260.59,217.27,223.66,212.94,146.88,159.81,200.11,234.7,209.47,211.07,211.45,203.87,186.71,166.85,183.49,226.7,216.89,229.96,220.95,0.0008382,0.0010551,0.0010447,0.0010607,0.00097634,0.0010993,0.0011956,0.00094694,0.0011511,0.00096998,0.0012201,0.0013481,0.001111,0.0010743,0.0010059,0.0013027,0.0011852,0.0011442,0.001136,0.001165,0.0015085,0.0013271,0.0011142,0.0014245,0.0012596,0.0013648,0.001185,0.0014714,0.0010899,0.0015098,0.0011799,0.001281,0.0011673,0.0013057,0.0014001,0.0016104,0.0013053,0.0012935,0.0013928,0.0014603,0.0013409,0.0010119,0.0015559,0.0012138,0.0013068,0.0012784,0.0014188,0.0013184,0.001477,0.0013665,0.0012148,0.0013089,0.0015596,0.0013812,0.0014593,0.0013386,0.0013862,0.0013662,0.0013458,0.0016332,0.0016248,0.0014479,0.0015046,0.0013254,0.0014722,0.0012617,0.0014446,0.001383,0.0015539,0.0013375,0.0014835,0.0013792,0.0013233,0.0014655,0.0013447,0.001341,0.0013596,0.001369,0.0015508,0.0015338,0.0013858,0.0015762,0.0015168,0.0012441,0.0013648,0.0011482,0.0014729,0.0013559,0.0014261,0.0013116,0.001458,0.0014569,0.0013632,0.0013313,0.0012354,0.0011699,0.0012935,0.001624,0.0012353,0.0013083,0.0014693,0.0015101,0.0016561,0.0013759,0.0014559,0.0014973,0.0016524,0.0014039,0.0012928,0.0012832,0.001433,0.0013563,0.0014258,0.0015667,0.0012012,0.0015951,0.0013895,0.001482,0.0015029,0.0014274,0.0012516,0.0015783,0.0014393,0.0012982,0.001321,0.0013843,0.0015737,0.0012031,0.00078837,0.0015609,0.0015112,0.0014849,0.0015724,0.0012443,0.0012718,0.001434,0.0016124,0.0013846,0.0015375,0.0015626,0.001404,0.0013016,0.0013102,0.0014846,0.0013563,0.0014768,0.0015473,0.0013017,0.0014222,0.0014922,0.0011911,0.0013756,0.0017359,0.0013017,0.0010882,0.0015181,0.0014438,0.0015346,0.0014045,0.0015642,0.001263,0.0013061,0.0011786,0.0012614,0.0013096,0.0013138,0.0011906,0.0014624,0.0014864,0.0012945,0.0013391,0.0012292,0.0014981,0.0013915,0.0013624,0.0013224,0.0013759,0.0013366,0.0012836,0.0015168,0.0012946,0.001486,0.0015131,0.0013737,0.001503,0.0014257,0.0015146,0.0013331,0.001333,0.0014534,0.0014625,0.0014154,0.0014381,0.0014396,0.0015899,0.0014596,0.0014246,0.0013634,0.0013902,0.0014125,0.0013394,0.0013901,0.001353,0.0014237,0.0013235,0.001616,0.0013812,0.0013996,0.001431,0.0013908,0.0013531,0.0013193,0.0012263,0.0013387,0.00157,0.0013316,0.0013208,0.001493,0.0013018,0.0014309,0.0014149,0.0013562,0.001375,0.0013816,0.0015079,0.0012254,0.0014437,0.0012371,0.0013803,0.0014126,0.0013295,0.0012097,0.0013207,0.0014705,0.0011835,0.0014737,0.0012492,0.0012211,0.0013887,0.0011598,0.0013383,0.0013498,0.0011954,0.0013432,0.0013675,0.0011144,0.0012876,0.0013238,0.0013523,0.0012057,0.0014376,0.0012459,0.001316,0.0012014,0.00095893,0.0013161,0.0013489,0.0011315,0.001121,0.0011151,0.0014573,0.0013593,0.0013347,0.00099114,0.00089987,0.0010109,0.0010231,0.0013965,0.0012496,0.0010035,0.0011981,0.0010074,0.0010084,0.00086505,0.00088034,0.0011289,0.001179,0.0012889,0.001224,1074300.0,1105700.0,792270.0,4276700.0,2284500.0,1150800.0,5856800.0,1513400.0,1879800.0,3242500.0,2966100.0,734830.0,5652900.0,1298400.0,4052200.0,2459600.0,5070500.0,4091400.0,1340500.0,3371900.0,2502600.0,3347400.0,11704000.0,958350.0,6311800.0,749460.0,9101500.0,1591900.0,1841400.0,815570.0,3232100.0,1680500.0,5814300.0,23940000.0,2520900.0,2724900.0,4347000.0,1235900.0,1513400.0,1646200.0,2062700.0,1057700.0,2058300.0,1019200.0,7475600.0,2433400.0,1825600.0,1494000.0,2274900.0,15971000.0,952090.0,7278300.0,3995200.0,706940.0,3910700.0,1079100.0,2657700.0,17679000.0,32102000.0,2373200.0,1720700.0,1532600.0,2840700.0,1036400.0,1926200.0,3409900.0,803840.0,2871900.0,1940600.0,3915400.0,2755300.0,1446400.0,1119200.0,15048000.0,5077600.0,1340600.0,3613400.0,1673300.0,965090.0,2573300.0,3702600.0,1313000.0,893150.0,2116300.0,873820.0,1861100.0,2850800.0,4950200.0,4191200.0,2338500.0,5694300.0,1300700.0,9352900.0,4677300.0,1017700.0,1694700.0,903640.0,1769700.0,3509900.0,9918500.0,1730700.0,16523000.0,1417300.0,9919600.0,1633600.0,3256300.0,1272900.0,1628100.0,12535000.0,5115100.0,2157200.0,3869300.0,2389200.0,1225800.0,656170.0,3373000.0,11659000.0,2413800.0,1291100.0,778800.0,1922000.0,735100.0,1193700.0,2218700.0,8786700.0,4156700.0,2627900.0,3087700.0,2361300.0,1498700.0,773560.0,10411000.0,2404500.0,3548600.0,2073400.0,1371700.0,1031900.0,2014200.0,1052000.0,2853800.0,3921600.0,1159600.0,1477000.0,2103000.0,1521000.0,2210500.0,2422200.0,877170.0,6912100.0,1513500.0,9390500.0,6180200.0,809830.0,10291000.0,814480.0,1274500.0,19279000.0,683650.0,12167000.0,721740.0,5575100.0,3693400.0,3817200.0,2647300.0,5252900.0,4116200.0,4227600.0,964530.0,4135000.0,1638700.0,6369200.0,1506700.0,7610900.0,1080700.0,744550.0,4005200.0,2996600.0,1988300.0,8411500.0,2288700.0,948280.0,1205600.0,3671000.0,3568300.0,1940100.0,1475700.0,747540.0,6807100.0,5275200.0,2336700.0,637470.0,17726000.0,3323000.0,5257900.0,1142200.0,18258000.0,5431600.0,1100100.0,8580600.0,1353300.0,1434500.0,3992400.0,5297000.0,799330.0,1639500.0,973680.0,1778500.0,1568200.0,1456500.0,7851700.0,2342100.0,1425100.0,12280000.0,2793800.0,1238000.0,1263500.0,3260300.0,951930.0,4669600.0,1133200.0,1854600.0,8075300.0,4435100.0,696550.0,1421900.0,10018000.0,5258300.0,5069200.0,15394000.0,3001700.0,1931800.0,2342400.0,2994600.0,3189800.0,1882600.0,1749500.0,2275100.0,1499400.0,7215800.0,652060.0,3656200.0,8296200.0,8910100.0,1863600.0,5378600.0,4029700.0,5011000.0,864140.0,1139900.0,5361500.0,1551600.0,6587500.0,3485200.0,7122400.0,1970700.0,1638700.0,1591200.0,1087700.0,1106100.0,2208100.0,945990.0,5091800.0,3371700.0,4404800.0,3356800.0,2894200.0,2745600.0,15584000.0,14989000.0,6042000.0,4601000.0,2807600.0,6148400.0,3762100.0,1781300.0,2740300.0,1353800.0,4824200.0,3044800.0,1.5263,1.842,4.1722,2.228,2.4675,3.6656,1.2778,2.2278,4.2228,1.2269,1.9888,4.2301,2.4953,2.6638,4.307,0.83797,2.062,4.2166,1.5531,2.4935,3.8911,3.0257,2.8415,5.8336,1.2244,1.9994,4.2274,1.7418,1.7194,4.2482,1.2769,2.234,4.2319,0.83479,2.0571,4.2135,2.9052,2.8387,4.5459,5.6892,2.7737,1.4545,1.2346,2.8421,3.6181,0.93625,2.1493,3.0185,2.4998,2.0677,4.4612,1.4705,1.6806,3.9024,0.66211,2.5879,3.8815,1.9828,1.7777,3.4824,1.1009,2.4352,3.0949,0.29825,2.2865,3.5561,1.798,1.6641,3.3896,2.1151,2.8006,4.3926,1.811,1.662,3.385,1.5084,1.6684,3.92,0.38136,2.1436,3.1892,2.0391,2.3717,4.4082,1.4753,1.6751,3.2114,0.84738,1.8906,2.7695,3.0588,2.8419,5.8594,1.9856,1.7703,3.4802,0.97595,2.7164,2.8855,1.7912,2.5898,4.0015,0.652,1.8779,2.7836,1.0831,2.4395,3.0724,1.9067,1.9192,4.4935,1.7155,1.684,3.8941,0.52605,2.1966,3.7645,1.2205,2.4495,3.7963,1.0028,2.077,3.2587,2.5483,2.3051,4.3003,2.0533,2.1652,4.6869,1.4914,1.673,3.9139,1.8931,1.9326,4.4911,1.479,2.1759,3.2641,0.83179,2.1134,3.1637,2.4302,2.3882,4.3296,1.9566,2.5871,4.8835,1.9388,2.6008,4.8709,2.5474,2.3045,4.2936,1.2831,2.4956,3.9364,1.7151,2.2502,4.312,2.1983,3.0476,4.1191,0.53038,2.4564,2.5017,1.5122,2.0467,4.6019,2.0437,3.0574,3.971,0.3553,2.3782,3.421,1.6735,1.6286,4.083,0.73324,2.0624,3.0872,2.2448,2.2698,4.6603,0.6157,2.5696,3.0236,0.97173,2.111,3.2593,0.10585,2.8935,1.9149,1.9986,2.0293,4.5891,2.5417,2.3178,4.279,2.5954,2.3293,5.1897,2.108,2.7949,4.3775,1.0975,1.853,3.9596,4.6097,2.9711,0.53587,0.86826,2.1411,3.0419,1.3459,2.1015,4.2663,1.0882,2.1157,3.5049,2.2528,2.7372,4.52,1.6785,1.5981,4.1541,1.1495,2.5487,3.0673,0.74999,2.4327,3.7618,2.091,1.9067,3.7219,1.565,2.4584,3.4728,1.6084,2.5528,3.597,1.6157,1.6729,4.2627,2.0721,2.7839,4.5622,2.1114,2.7813,4.6067,3.3382,2.795,6.0957,1.7027,1.6091,4.1704,1.7362,1.989,3.4359,2.198,2.9506,5.0171,1.1585,2.5536,3.0735,2.6431,2.438,4.9913,0.99671,2.6192,4.0867,1.5733,2.4518,3.4851,1.1459,1.8385,4.0974,1.6759,1.6254,4.0829,1.7288,1.9786,3.4384,0.091303,2.9376,3.1561,2.894,2.2822,4.5787,1.353,1.956,4.2347,1.2319,2.6631,3.3288,1.4596,2.4535,3.3562,1.802,1.9695,3.7075,1.9515,2.366,3.9993,1.0993,2.3002,3.1982,2.5185,2.0284,5.1735,1.1972,2.6841,3.306,1.4551,2.4654,3.3492,0.2123,2.9724,3.2584,0.68047,1.8165,2.8862,1.6953,2.0252,4.4428,1.4839,1.8629,4.136,5.4847,2.8958,1.8098,0.81814,2.1408,2.8131,0.96503,2.6262,4.0694,2.2137,2.5317,3.6369,2.6411,2.4101,4.97,2.8474,2.6762,4.5294,2.1003,2.4853,4.5232,2.3424,2.1173,4.1877,0.76036,2.0207,3.3478,0.3846,2.4579,2.9284,0.57586,2.1525,3.7673,2.4179,2.5011,4.4611,0.78213,2.4318,2.8943,1.2655,1.5773,4.3058,1.6869,1.9989,3.4565,0.083148,2.682,2.0805,3.303,2.9487,0.033761,0.79562,2.4154,2.9017,1.6554,1.6416,4.0946,1.5127,1.8352,3.1899,0.76212,2.4364,2.8601,2.1776,2.3432,4.9537,1.1554,2.5582,3.0932,1.0809,2.0321,3.5271,0.51469,1.9903,3.2622,1.7065,1.9915,3.4442,2.4256,2.085,4.1667,2.1444,2.1521,4.9728,1.3081,1.7476,3.8066,0.7094,1.9802,2.7601,2.1389,2.1535,4.9814,2.2904,2.2023,4.4743,1.5547,2.3169,3.9664,4.1981,2.9941,0.13121,1.9361,2.3711,3.9958,0.80378,1.9706,4.118,1.177,2.5908,4.2194,3.4974,2.8453,6.086,1.572,1.6021,3.2756,0.29153,2.3172,3.4115,5.1,2.9861,1.001,0.52713,2.7916,3.2448,1.2407,2.5146,2.9878,2.1699,2.1436,4.9651,1.5019,2.0913,4.361,1.5537,1.6225,3.305,1.4023,2.9227,3.3197,0.51636,2.4262,2.7562,0.89712,2.4509,2.9938,0.21988,2.6255,3.3402,1.648,2.2872,4.1517,0.47951,2.4364,2.7299,1.0421,2.2012,3.649,1.3671,1.8006,4.2984,0.29821,2.3136,3.4158,1.5571,1.6078,3.2814,0.51832,2.4243,2.7487,2.996,2.8686,5.9381,1.9659,2.5897,4.0261,1.994,2.1949,4.5931,2.5557,2.7538,5.2454,1.8392,1.9654,3.8848,1.3237,1.8144,3.7018,2.1903,2.1498,4.9843,1.4342,2.6393,4.0065,0.86785,3.0665,2.6816,4.623,2.9702,0.35699,1.2524,2.708,4.3041,1.8983,1.9538,3.8872,1.2327,2.6383,2.8511,0.32852,2.7858,2.9393,0.97642,2.8921,4.1555,0.54482,2.509,2.5807,0.71849,1.9499,2.9602,0.54204,2.4188,3.4193,1.611,2.1829,4.2535,1.238,2.714,4.3302,0.63853,1.9668,3.0953,1.9971,1.8781,3.798,1.2261,1.8499,3.6559,2.4329,2.7018,4.946,1.4029,1.537,4.1824,1.3679,2.1481,3.1874,0.65662,1.9778,3.0897,0.53992,2.4099,2.5962,1.6733,2.2938,4.1409,2.4068,2.6963,4.9645,0.62487,1.9782,3.0819,1.5898,1.7133,3.3228,0.65107,3.0245,2.5215,0.56568,2.5167,2.5891,2.9919,2.7458,5.9462,6.1741,2.8639,2.539,4.5294,2.9733,0.24646,2.362,2.3872,3.7571,1.0481,3.0797,3.8697,1.3893,2.3118,3.5388,0.65488,3.0879,3.4671,2.3727,2.2289,3.7983,1.2373,1.85,3.6583,2.4224,2.3327,4.5729,2.5913,2.6402,4.0657,1.2643,2.6941,4.337,1.853,1.9613,3.8903,1.1415,2.7891,3.6749,2.4261,2.4549,5.0585,1.5609,2.6295,3.3049,2.1732,2.2019,4.0943,0.81393,1.9237,3.3769,2.3802,2.3991,3.7708,2.354,2.4005,3.7515,2.203,1.9109,4.9309,2.6543,2.2908,4.8011,2.3701,2.2379,3.8075,1.3953,1.5914,3.8514,2.442,2.6947,4.9779,1.8615,1.9587,3.897,0.78867,2.1396,4.0028,1.605,1.8351,4.2764,2.4208,2.6883,4.9726,1.4529,2.3901,3.26,5.9165,2.8718,2.1902,1.8623,1.7878,3.4896,1.9885,3.0092,4.2937,2.03,1.9558,4.772,1.1126,2.5861,4.2914,1.8996,2.1482,4.8783,1.6262,1.8003,3.9607,1.6076,2.0089,3.3841,1.0444,2.766,3.6005,0.93924,2.8381,3.814,1.424,2.4194,3.86,1.1376,2.7749,3.6652,1.823,1.7931,4.0923,0.86622,2.4599,2.7802,1.8868,2.0811,4.387,0.080115,2.7954,2.8689,1.0802,1.9565,4.2773,0.95425,2.3271,3.0231,1.6249,2.3979,4.5823,0.98769,2.0876,2.8335,0.75321,2.0028,2.7295,1.629,1.7977,3.9627,0.91032,2.4565,2.8,1.3705,1.5875,3.8376,2.7726,2.594,4.6337,1.0768,2.1508,3.6314,1.135,2.7878,3.6592,1.981,1.9888,4.4752,1.072,1.962,4.2565,1.8633,1.6487,3.4462,1.6722,2.4831,3.9937,2.1459,2.5534,4.9152,2.1324,2.375,3.6857,1.2024,3.0704,3.4376,1.4378,1.4582,4.2382,0.63883,2.9951,3.6252,1.6296,1.7467,4.2355,0.75624,1.9995,2.7375,0.65572,2.2008,3.9673,2.6706,2.6013,4.5308,1.9964,2.1228,3.4414,1.3836,2.9163,3.5389,1.0831,2.1973,3.633,2.5325,2.0054,4.4693,1.4939,1.735,4.422,1.6078,2.5911,3.5791,2.0635,2.2869,4.069,2.7097,2.3595,5.0002,0.44445,2.5252,2.9496
0.034534,0.054254,0.0020534,210.33,214.42,203.6,0.001212,0.001335,0.0010096,204.54,211.3,209.04,199.63,192.86,199.59,225.92,212.66,228.26,202.69,229.99,245.57,201.33,200.13,201.59,215.64,208.69,208.53,178.46,189.62,255.76,202.59,179.35,217.27,184.03,227.79,211.51,252.17,149.72,225.6,197.45,207.58,168.09,230.4,231.25,272.53,219.91,184.72,224.77,266.12,247.25,163.0,251.99,174.91,222.59,204.13,240.18,232.15,260.69,230.19,232.69,202.25,252.25,254.91,242.78,204.33,238.85,208.83,190.81,279.56,239.21,234.24,243.62,175.2,210.87,189.25,213.92,195.66,260.55,211.78,208.38,206.07,220.79,229.34,191.89,187.69,227.41,216.16,241.92,232.02,215.25,235.13,244.89,199.28,242.89,144.11,243.78,195.26,222.95,202.56,232.48,243.43,205.15,200.47,194.06,166.42,217.08,266.8,184.22,204.83,245.51,248.2,268.88,227.0,215.72,239.2,296.0,222.33,184.22,222.66,199.7,190.5,216.35,247.61,136.27,251.78,220.61,245.13,246.17,213.04,166.67,230.68,252.69,179.76,204.91,209.09,250.26,167.72,171.41,245.09,234.01,227.04,269.0,202.03,196.67,211.89,238.95,224.54,248.81,232.88,230.14,193.1,242.28,249.6,197.06,218.23,297.09,196.84,208.53,250.81,191.25,201.87,272.07,203.49,135.32,260.29,245.2,243.62,202.69,268.41,199.52,206.51,168.12,172.59,192.09,217.59,170.58,238.52,232.24,191.74,211.93,223.68,232.97,190.19,226.39,209.26,196.29,199.42,198.86,274.72,204.04,245.48,274.22,211.93,237.91,205.36,267.58,212.64,204.37,247.91,273.51,212.44,237.02,225.73,198.3,245.17,220.33,217.33,206.14,224.63,198.02,226.31,213.14,221.32,218.26,208.03,219.72,200.21,244.27,243.3,212.41,194.75,178.15,220.79,257.96,184.83,196.9,268.67,202.11,214.81,229.17,213.69,222.51,244.94,249.04,181.52,229.85,188.47,236.47,207.04,238.45,176.14,236.94,237.02,168.57,251.11,210.01,156.41,230.91,180.2,208.16,226.25,176.52,212.62,228.37,194.47,218.37,223.38,215.51,182.36,230.13,202.66,207.66,208.06,165.58,253.69,247.58,201.98,168.14,200.41,260.92,217.75,223.99,213.31,146.9,159.94,200.28,235.02,209.97,211.31,211.79,204.02,186.9,167.04,183.66,226.88,216.91,230.36,220.9,0.0008358,0.0010542,0.0010444,0.0010613,0.00097664,0.0010967,0.0011959,0.00094579,0.0011528,0.00096991,0.0012222,0.0013507,0.00111,0.0010758,0.0010055,0.0013061,0.001186,0.0011463,0.0011391,0.0011653,0.0015134,0.0013309,0.0011161,0.0014282,0.0012619,0.0013695,0.0011876,0.0014747,0.0010925,0.0015146,0.0011819,0.0012826,0.0011672,0.0013075,0.0014033,0.0016149,0.0013087,0.0012977,0.001397,0.0014652,0.0013433,0.0010117,0.0015598,0.0012167,0.00131,0.0012813,0.0014221,0.0013202,0.0014814,0.0013695,0.001216,0.0013109,0.0015644,0.0013859,0.0014638,0.0013418,0.0013902,0.0013728,0.0013515,0.00164,0.0016296,0.001454,0.0015117,0.0013276,0.0014766,0.0012645,0.001453,0.0013908,0.0015577,0.0013429,0.0014894,0.0013823,0.0013262,0.0014693,0.0013484,0.0013416,0.0013631,0.0013723,0.0015546,0.0015393,0.0013946,0.0015814,0.0015225,0.0012502,0.0013684,0.001148,0.0014826,0.0013622,0.0014317,0.0013155,0.0014595,0.0014647,0.0013725,0.0013407,0.001238,0.0011662,0.0012943,0.0016343,0.0012417,0.0013125,0.0014776,0.001511,0.0016676,0.0013838,0.0014643,0.0015034,0.0016586,0.0014129,0.0013009,0.0012894,0.0014163,0.0013624,0.0014335,0.0015818,0.0012035,0.0015968,0.0013987,0.0014904,0.0015131,0.001414,0.0012571,0.0015869,0.0014478,0.0013067,0.0013305,0.0013868,0.0015855,0.0012082,0.00076214,0.0015721,0.0015184,0.0014956,0.0015789,0.001248,0.0012786,0.0014,0.001629,0.0013925,0.0015436,0.00156,0.0014089,0.0013049,0.0013149,0.0014943,0.0013622,0.0014911,0.0015554,0.0013105,0.0014274,0.0014953,0.0011961,0.0013822,0.0017377,0.0013072,0.0010926,0.0015325,0.0014537,0.0015414,0.0013896,0.0015752,0.0012662,0.0013134,0.0011843,0.0012583,0.0013196,0.0013214,0.0011959,0.0014705,0.0014824,0.0013011,0.0013475,0.0012294,0.0015006,0.0013939,0.0013721,0.0013301,0.0013841,0.0013426,0.0012889,0.0015189,0.0012974,0.0014888,0.0015253,0.0013822,0.0015064,0.0014334,0.0015211,0.0013382,0.0013392,0.0014563,0.0014684,0.0014195,0.0014406,0.0014491,0.0015994,0.0014674,0.0014281,0.0013704,0.001396,0.0014143,0.0013459,0.0013973,0.0013601,0.0014301,0.0013282,0.0016261,0.0013857,0.0014028,0.0014372,0.0013932,0.0013567,0.0013233,0.0012319,0.0013412,0.001576,0.0013341,0.0013242,0.0014972,0.0013061,0.0014357,0.0014178,0.001359,0.0013777,0.0013857,0.0015118,0.0012286,0.001452,0.0012413,0.0013835,0.0014149,0.0013322,0.0012126,0.0013234,0.0014744,0.0011848,0.0014765,0.0012514,0.0012243,0.0013917,0.0011615,0.0013414,0.0013534,0.0011983,0.0013447,0.0013701,0.0011151,0.0012911,0.0013257,0.001355,0.0012072,0.00144,0.0012479,0.001319,0.0012038,0.00095904,0.0013191,0.0013523,0.0011326,0.0011218,0.0011157,0.0014586,0.0013618,0.0013366,0.0009912,0.00089922,0.0010106,0.0010228,0.0013982,0.0012522,0.001003,0.0011991,0.001007,0.0010086,0.00086513,0.00087951,0.0011289,0.0011784,0.0012904,0.0012236,1074300.0,1105700.0,792270.0,4276700.0,2284500.0,1150800.0,5856800.0,1513400.0,1879800.0,3242500.0,2966100.0,734830.0,5652900.0,1298400.0,4052200.0,2459600.0,5070500.0,4091400.0,1340500.0,3371900.0,2502600.0,3347400.0,11704000.0,958350.0,6311800.0,749460.0,9101500.0,1591900.0,1841400.0,815570.0,3232100.0,1680500.0,5814300.0,23940000.0,2520900.0,2724900.0,4347000.0,1235900.0,1513400.0,1646200.0,2062700.0,1057700.0,2058300.0,1019200.0,7475600.0,2433400.0,1825600.0,1494000.0,2274900.0,15971000.0,952090.0,7278300.0,3995200.0,706940.0,3910700.0,1079100.0,2657700.0,17679000.0,32102000.0,2373200.0,1720700.0,1532600.0,2840700.0,1036400.0,1926200.0,3409900.0,803840.0,2871900.0,1940600.0,3915400.0,2755300.0,1446400.0,1119200.0,15048000.0,5077600.0,1340600.0,3613400.0,1673300.0,965090.0,2573300.0,3702600.0,1313000.0,893150.0,2116300.0,873820.0,1861100.0,2850800.0,4950200.0,4191200.0,2338500.0,5694300.0,1300700.0,9352900.0,4677300.0,1017700.0,1694700.0,903640.0,1769700.0,3509900.0,9918500.0,1730700.0,16523000.0,1417300.0,9919600.0,1633600.0,3256300.0,1272900.0,1628100.0,12535000.0,5115100.0,2157200.0,3869300.0,2389200.0,1225800.0,656170.0,3373000.0,11659000.0,2413800.0,1291100.0,778800.0,1922000.0,735100.0,1193700.0,2218700.0,8786700.0,4156700.0,2627900.0,3087700.0,2361300.0,1498700.0,773560.0,10411000.0,2404500.0,3548600.0,2073400.0,1371700.0,1031900.0,2014200.0,1052000.0,2853800.0,3921600.0,1159600.0,1477000.0,2103000.0,1521000.0,2210500.0,2422200.0,877170.0,6912100.0,1513500.0,9390500.0,6180200.0,809830.0,10291000.0,814480.0,1274500.0,19279000.0,683650.0,12167000.0,721740.0,5575100.0,3693400.0,3817200.0,2647300.0,5252900.0,4116200.0,4227600.0,964530.0,4135000.0,1638700.0,6369200.0,1506700.0,7610900.0,1080700.0,744550.0,4005200.0,2996600.0,1988300.0,8411500.0,2288700.0,948280.0,1205600.0,3671000.0,3568300.0,1940100.0,1475700.0,747540.0,6807100.0,5275200.0,2336700.0,637470.0,17726000.0,3323000.0,5257900.0,1142200.0,18258000.0,5431600.0,1100100.0,8580600.0,1353300.0,1434500.0,3992400.0,5297000.0,799330.0,1639500.0,973680.0,1778500.0,1568200.0,1456500.0,7851700.0,2342100.0,1425100.0,12280000.0,2793800.0,1238000.0,1263500.0,3260300.0,951930.0,4669600.0,1133200.0,1854600.0,8075300.0,4435100.0,696550.0,1421900.0,10018000.0,5258300.0,5069200.0,15394000.0,3001700.0,1931800.0,2342400.0,2994600.0,3189800.0,1882600.0,1749500.0,2275100.0,1499400.0,7215800.0,652060.0,3656200.0,8296200.0,8910100.0,1863600.0,5378600.0,4029700.0,5011000.0,864140.0,1139900.0,5361500.0,1551600.0,6587500.0,3485200.0,7122400.0,1970700.0,1638700.0,1591200.0,1087700.0,1106100.0,2208100.0,945990.0,5091800.0,3371700.0,4404800.0,3356800.0,2894200.0,2745600.0,15584000.0,14989000.0,6042000.0,4601000.0,2807600.0,6148400.0,3762100.0,1781300.0,2740300.0,1353800.0,4824200.0,3044800.0,1.5264,1.8423,4.1721,2.2281,2.4677,3.6656,1.2778,2.2279,4.2229,1.2266,1.9889,4.2299,2.495,2.6638,4.3071,0.83679,2.062,4.2166,1.555,2.4941,3.8909,3.0268,2.8416,5.8345,1.224,2.0,4.227,1.7414,1.7194,4.2482,1.277,2.2344,4.2325,0.83329,2.0568,4.2133,2.906,2.8389,4.5481,5.6877,2.7734,1.4535,1.2346,2.8419,3.6181,0.93492,2.1496,3.0182,2.5008,2.0688,4.4624,1.4704,1.6807,3.9023,0.66242,2.5891,3.8813,1.9815,1.7786,3.483,1.1027,2.4344,3.0975,0.29957,2.2867,3.5554,1.7987,1.6636,3.3898,2.1131,2.7988,4.3889,1.8123,1.6616,3.3848,1.5103,1.6679,3.9209,0.3805,2.1443,3.1883,2.0396,2.3727,4.4097,1.4753,1.6756,3.2122,0.84821,1.8917,2.7692,3.0618,2.8418,5.8621,1.9844,1.7709,3.4805,0.97424,2.7164,2.8859,1.7896,2.5898,4.0016,0.65323,1.8785,2.7828,1.0837,2.4391,3.0737,1.9072,1.9195,4.4936,1.7175,1.6832,3.894,0.52715,2.1963,3.7659,1.2223,2.4514,3.797,1.0025,2.0781,3.2578,2.5486,2.3057,4.3011,2.0526,2.1662,4.6876,1.4922,1.6727,3.9141,1.8929,1.9335,4.491,1.4785,2.1763,3.2638,0.83209,2.1157,3.162,2.4309,2.3893,4.3305,1.957,2.5861,4.8827,1.9386,2.6011,4.87,2.5476,2.305,4.2941,1.2829,2.4962,3.9358,1.7169,2.2513,4.3132,2.2048,3.0465,4.1244,0.53226,2.4555,2.5036,1.5104,2.0462,4.6017,2.0414,3.0568,3.9675,0.353,2.3784,3.4197,1.6742,1.6283,4.083,0.73466,2.0649,3.0864,2.2451,2.2713,4.6612,0.61528,2.5667,3.0254,0.96954,2.1139,3.2583,0.10421,2.8937,1.9111,1.9988,2.0321,4.5894,2.5415,2.3191,4.2784,2.5898,2.3286,5.1885,2.1052,2.7928,4.3725,1.0987,1.853,3.9607,4.609,2.9691,0.53757,0.86716,2.1423,3.041,1.3487,2.1016,4.2665,1.0901,2.1174,3.5056,2.2488,2.7359,4.5158,1.6773,1.5978,4.1538,1.15,2.5482,3.0676,0.75011,2.4332,3.7613,2.0934,1.9052,3.7209,1.5628,2.4598,3.473,1.6048,2.5546,3.5962,1.6128,1.6722,4.2635,2.0698,2.782,4.5607,2.1108,2.7793,4.6074,3.3374,2.7958,6.0948,1.7029,1.6095,4.1711,1.7386,1.988,3.4349,2.2029,2.9512,5.0237,1.1594,2.5534,3.0738,2.6435,2.4374,4.9914,0.99521,2.6202,4.0882,1.5714,2.4528,3.4861,1.1429,1.8411,4.0971,1.677,1.625,4.0827,1.7308,1.9768,3.4374,0.079027,2.9369,3.145,2.8949,2.2813,4.5801,1.3553,1.9562,4.2367,1.231,2.6614,3.3297,1.4594,2.4533,3.3571,1.7996,1.9685,3.7064,1.9521,2.368,3.9999,1.0994,2.3012,3.1988,2.5171,2.0268,5.1752,1.1945,2.6833,3.3058,1.4545,2.4659,3.3497,0.20798,2.974,3.2537,0.68056,1.8172,2.8844,1.6948,2.0249,4.4445,1.4846,1.8626,4.1372,5.4808,2.8952,1.8066,0.8186,2.1421,2.8152,0.96136,2.6277,4.0697,2.2177,2.5319,3.638,2.6411,2.4075,4.9683,2.8503,2.6743,4.5301,2.0968,2.4828,4.5231,2.3418,2.1184,4.1876,0.76006,2.0231,3.3476,0.3886,2.4568,2.9317,0.57441,2.1532,3.7705,2.4199,2.5003,4.4632,0.78379,2.4302,2.8969,1.2663,1.577,4.307,1.6861,1.9985,3.4569,0.088054,2.6815,2.0823,3.3087,2.9491,0.041207,0.79871,2.4124,2.9052,1.6552,1.6421,4.0951,1.5147,1.8342,3.1904,0.76301,2.4349,2.8607,2.1784,2.3428,4.9535,1.1571,2.5579,3.0952,1.0853,2.0369,3.5285,0.51331,1.9912,3.2627,1.707,1.9905,3.4439,2.4294,2.0857,4.1645,2.1442,2.1516,4.9727,1.3094,1.7472,3.8071,0.71096,1.9806,2.7604,2.1384,2.1536,4.9819,2.2887,2.2034,4.4756,1.554,2.3188,3.9667,4.198,2.993,0.131,1.9345,2.3735,3.9961,0.80155,1.971,4.1181,1.1779,2.592,4.2202,3.4963,2.8446,6.0869,1.5749,1.601,3.275,0.28898,2.3186,3.4109,5.0974,2.9858,0.99675,0.52549,2.792,3.2447,1.2394,2.5152,2.9887,2.1713,2.1433,4.9645,1.5038,2.0912,4.362,1.5555,1.6227,3.3063,1.4051,2.9226,3.3169,0.52075,2.4247,2.7588,0.89545,2.4505,2.9937,0.22019,2.626,3.3402,1.651,2.2897,4.1537,0.48186,2.4358,2.731,1.0417,2.2035,3.6481,1.3654,1.8001,4.2988,0.29668,2.3143,3.4162,1.5591,1.6073,3.2811,0.52313,2.4226,2.7509,2.997,2.8685,5.9408,1.9628,2.5889,4.0254,1.9953,2.1958,4.5935,2.5501,2.7523,5.2432,1.8356,1.9654,3.8835,1.3255,1.814,3.7027,2.1929,2.1496,4.9847,1.4358,2.638,4.006,0.85381,3.0653,2.6656,4.6191,2.9691,0.35379,1.2524,2.7098,4.3022,1.8979,1.9537,3.8874,1.2318,2.6386,2.8502,0.32646,2.7864,2.9385,0.97842,2.8924,4.1567,0.54347,2.5082,2.5808,0.71988,1.9513,2.9579,0.54173,2.4203,3.4187,1.6138,2.1835,4.2552,1.2365,2.716,4.3298,0.63876,1.9681,3.0934,1.9984,1.877,3.7967,1.2283,1.8502,3.6566,2.4305,2.7005,4.9431,1.4046,1.538,4.1829,1.3665,2.1477,3.1881,0.65781,1.9799,3.0878,0.54458,2.4073,2.5977,1.6765,2.2963,4.1418,2.4034,2.6945,4.9632,0.62414,1.9801,3.0794,1.5914,1.7135,3.3225,0.6571,3.0236,2.5249,0.56532,2.5166,2.5894,2.9972,2.7458,5.9503,6.1738,2.8639,2.5389,4.5208,2.9721,0.23748,2.3628,2.3857,3.7569,1.0599,3.0795,3.8842,1.3859,2.3155,3.5371,0.64216,3.0883,3.4565,2.3729,2.2283,3.7974,1.2398,1.85,3.6592,2.4221,2.3325,4.5738,2.5918,2.6412,4.0682,1.2646,2.6946,4.3371,1.8506,1.9611,3.8892,1.1425,2.7885,3.6764,2.4244,2.453,5.0561,1.5582,2.6297,3.3056,2.1734,2.203,4.0939,0.81524,1.925,3.3771,2.3818,2.3983,3.7717,2.3542,2.3998,3.7512,2.2044,1.9126,4.933,2.6546,2.2908,4.8016,2.3704,2.2379,3.8073,1.3961,1.5918,3.8524,2.4404,2.693,4.9769,1.8599,1.9583,3.8964,0.78923,2.1394,4.0055,1.6051,1.8351,4.2774,2.4184,2.6862,4.9716,1.4533,2.3901,3.26,5.9158,2.8712,2.1893,1.8624,1.787,3.4905,1.9887,3.0081,4.2928,2.0312,1.9563,4.7733,1.1136,2.5866,4.2927,1.9009,2.1482,4.8794,1.6268,1.8,3.9603,1.6078,2.0089,3.3834,1.0465,2.7652,3.603,0.94121,2.8383,3.8146,1.4268,2.4212,3.8611,1.1384,2.7733,3.666,1.8221,1.7925,4.0922,0.86371,2.4598,2.7807,1.8855,2.0819,4.3872,0.080792,2.7953,2.8711,1.0798,1.9563,4.2783,0.95479,2.3264,3.0241,1.6244,2.398,4.582,0.98815,2.0875,2.8334,0.75379,2.003,2.7286,1.63,1.7972,3.9623,0.91009,2.4563,2.8016,1.3698,1.5876,3.8377,2.7726,2.5942,4.6334,1.0763,2.1517,3.6316,1.1359,2.787,3.6598,1.9813,1.9889,4.4751,1.0712,1.962,4.2563,1.864,1.6486,3.446,1.6728,2.4833,3.9934,2.1479,2.5532,4.9147,2.1311,2.3747,3.6842,1.2032,3.0702,3.4385,1.4372,1.4578,4.2384,0.64014,2.9948,3.626,1.6298,1.7464,4.2355,0.75691,1.9996,2.7372,0.65381,2.2011,3.9687,2.6695,2.6012,4.5304,1.9967,2.1224,3.4415,1.3836,2.9158,3.539,1.0832,2.1977,3.6328,2.5326,2.0058,4.4694,1.4941,1.735,4.4219,1.6076,2.591,3.5789,2.0636,2.287,4.0688,2.7096,2.3585,4.9995,0.44447,2.5249,2.9492
0.035277,0.055432,0.00208,210.61,214.79,203.72,0.0012137,0.0013372,0.0010103,204.69,211.53,209.3,199.93,193.09,199.75,226.08,212.83,228.62,202.94,230.29,245.91,201.45,200.36,201.84,216.1,208.86,208.88,178.73,189.71,256.35,202.86,179.55,217.6,184.21,228.22,211.77,252.55,149.91,225.93,197.62,207.64,168.17,230.73,231.62,273.02,220.38,184.97,225.29,266.71,247.6,163.1,252.34,175.12,222.98,204.43,240.55,232.49,261.24,230.52,232.99,202.48,252.85,255.38,243.43,204.76,239.21,209.24,191.15,280.23,239.88,234.72,244.38,175.1,211.26,189.46,214.42,196.02,260.51,212.13,208.78,206.03,221.33,229.86,192.16,187.97,227.66,216.8,242.54,232.58,215.55,235.31,244.91,199.6,243.42,144.28,244.32,195.49,223.39,202.98,233.01,244.13,205.54,200.75,194.39,166.74,217.3,267.57,184.68,205.02,246.05,248.77,269.81,227.6,216.24,239.89,296.99,222.92,184.6,223.04,200.4,190.85,216.88,248.26,137.22,252.43,221.15,245.76,246.61,213.89,167.1,231.31,253.11,180.43,205.33,209.53,251.46,168.09,172.91,245.98,234.66,227.34,269.4,202.25,196.98,213.87,239.45,225.04,249.16,232.82,230.66,193.56,242.51,250.41,197.47,218.91,297.28,197.32,209.16,250.97,191.51,202.29,273.09,203.8,135.49,259.62,246.05,244.11,202.92,269.31,199.7,207.04,168.27,172.54,192.46,218.12,170.86,239.1,232.52,191.83,212.32,223.88,233.4,190.26,226.8,209.72,196.62,199.58,199.17,274.92,204.41,245.73,275.19,212.32,238.43,205.8,268.22,213.2,204.58,248.38,274.12,212.95,237.48,226.41,199.37,245.68,220.77,218.08,206.25,224.84,198.42,226.61,213.52,221.71,218.66,209.38,220.13,200.55,244.54,243.76,212.79,194.96,178.47,221.06,258.63,185.28,197.16,268.96,202.46,215.27,229.56,213.99,222.86,245.34,249.28,181.8,230.66,188.75,236.81,207.21,238.61,176.37,237.31,237.43,168.66,251.36,210.2,156.72,231.24,180.45,208.59,226.67,176.74,213.04,228.55,194.52,218.75,223.77,215.85,182.55,230.38,202.79,207.96,208.4,165.71,253.92,248.03,202.18,168.33,200.57,261.15,218.21,224.18,213.48,146.96,160.06,200.41,235.23,210.36,211.47,212.05,204.25,187.11,167.25,183.82,227.05,217.0,230.67,221.08,0.00083561,0.0010547,0.0010454,0.0010627,0.00097751,0.001097,0.0011968,0.00094607,0.0011548,0.00097079,0.0012238,0.0013523,0.0011101,0.001077,0.0010065,0.0013085,0.0011869,0.0011483,0.0011406,0.0011659,0.001517,0.0013325,0.0011173,0.0014304,0.0012632,0.0013723,0.0011892,0.0014769,0.0010938,0.0015168,0.001183,0.0012832,0.0011676,0.0013093,0.0014058,0.0016178,0.0013113,0.0012993,0.0014003,0.0014688,0.0013456,0.0010117,0.0015621,0.0012182,0.0013126,0.0012829,0.0014249,0.0013215,0.0014848,0.0013715,0.0012169,0.0013122,0.0015674,0.001388,0.0014674,0.0013439,0.001392,0.0013755,0.0013538,0.0016446,0.0016334,0.0014565,0.0015162,0.0013276,0.0014795,0.0012657,0.0014573,0.0013933,0.0015586,0.0013453,0.0014921,0.001383,0.0013292,0.0014721,0.0013504,0.0013433,0.0013647,0.0013761,0.0015575,0.0015425,0.0013977,0.0015841,0.0015243,0.001252,0.0013712,0.0011499,0.0014855,0.0013639,0.0014343,0.0013183,0.0014626,0.0014698,0.0013753,0.0013431,0.0012396,0.0011686,0.0012964,0.0016394,0.0012443,0.0013142,0.0014806,0.0015143,0.0016729,0.0013872,0.0014673,0.0015066,0.0016636,0.0014159,0.0013036,0.0012918,0.0014192,0.0013648,0.0014368,0.0015858,0.0012091,0.0016018,0.0014019,0.0014937,0.0015167,0.0014175,0.0012591,0.0015916,0.0014505,0.0013105,0.0013331,0.0013881,0.0015926,0.0012107,0.00076897,0.0015773,0.0015221,0.0014984,0.0015845,0.0012495,0.0012811,0.0014024,0.0016327,0.0013951,0.0015462,0.0015599,0.0014121,0.0013077,0.0013166,0.0014989,0.0013658,0.001494,0.0015565,0.0013132,0.0014309,0.0014982,0.0011979,0.0013846,0.0017428,0.0013092,0.0010936,0.0015312,0.0014587,0.001544,0.00139,0.00158,0.0012676,0.0013163,0.0011855,0.0012602,0.0013225,0.0013244,0.0011982,0.0014739,0.0014849,0.0013024,0.0013504,0.0012311,0.0015035,0.0013958,0.001375,0.0013326,0.0013863,0.001344,0.0012904,0.0015204,0.0012998,0.001491,0.0015311,0.0013849,0.0015095,0.0014359,0.0015252,0.0013413,0.0013407,0.0014588,0.0014706,0.0014227,0.0014436,0.0014537,0.0016049,0.0014709,0.0014309,0.0013737,0.0013979,0.0014153,0.0013483,0.0013994,0.0013625,0.001433,0.0013298,0.0016332,0.0013877,0.0014048,0.001439,0.0013952,0.0013582,0.0013247,0.0012337,0.0013425,0.0015801,0.0013363,0.0013256,0.001499,0.0013081,0.0014382,0.0014206,0.0013606,0.0013793,0.0013878,0.0015137,0.00123,0.0014569,0.0012433,0.0013857,0.0014162,0.0013333,0.0012138,0.0013252,0.0014771,0.0011855,0.0014781,0.0012525,0.0012261,0.0013939,0.0011631,0.0013445,0.0013559,0.0012,0.0013461,0.0013714,0.0011154,0.0012934,0.0013278,0.001357,0.0012084,0.0014417,0.0012488,0.0013208,0.0012058,0.00095985,0.0013204,0.0013552,0.0011338,0.0011232,0.0011166,0.0014596,0.0013642,0.0013379,0.00099156,0.00089962,0.0010111,0.0010234,0.0013996,0.0012543,0.0010031,0.0012003,0.0010081,0.0010096,0.0008661,0.00087995,0.0011298,0.0011788,0.0012919,0.0012247,1074300.0,1105700.0,792270.0,4276700.0,2284500.0,1150800.0,5856800.0,1513400.0,1879800.0,3242500.0,2966100.0,734830.0,5652900.0,1298400.0,4052200.0,2459600.0,5070500.0,4091400.0,1340500.0,3371900.0,2502600.0,3347400.0,11704000.0,958350.0,6311800.0,749460.0,9101500.0,1591900.0,1841400.0,815570.0,3232100.0,1680500.0,5814300.0,23940000.0,2520900.0,2724900.0,4347000.0,1235900.0,1513400.0,1646200.0,2062700.0,1057700.0,2058300.0,1019200.0,7475600.0,2433400.0,1825600.0,1494000.0,2274900.0,15971000.0,952090.0,7278300.0,3995200.0,706940.0,3910700.0,1079100.0,2657700.0,17679000.0,32102000.0,2373200.0,1720700.0,1532600.0,2840700.0,1036400.0,1926200.0,3409900.0,803840.0,2871900.0,1940600.0,3915400.0,2755300.0,1446400.0,1119200.0,15048000.0,5077600.0,1340600.0,3613400.0,1673300.0,965090.0,2573300.0,3702600.0,1313000.0,893150.0,2116300.0,873820.0,1861100.0,2850800.0,4950200.0,4191200.0,2338500.0,5694300.0,1300700.0,9352900.0,4677300.0,1017700.0,1694700.0,903640.0,1769700.0,3509900.0,9918500.0,1730700.0,16523000.0,1417300.0,9919600.0,1633600.0,3256300.0,1272900.0,1628100.0,12535000.0,5115100.0,2157200.0,3869300.0,2389200.0,1225800.0,656170.0,3373000.0,11659000.0,2413800.0,1291100.0,778800.0,1922000.0,735100.0,1193700.0,2218700.0,8786700.0,4156700.0,2627900.0,3087700.0,2361300.0,1498700.0,773560.0,10411000.0,2404500.0,3548600.0,2073400.0,1371700.0,1031900.0,2014200.0,1052000.0,2853800.0,3921600.0,1159600.0,1477000.0,2103000.0,1521000.0,2210500.0,2422200.0,877170.0,6912100.0,1513500.0,9390500.0,6180200.0,809830.0,10291000.0,814480.0,1274500.0,19279000.0,683650.0,12167000.0,721740.0,5575100.0,3693400.0,3817200.0,2647300.0,5252900.0,4116200.0,4227600.0,964530.0,4135000.0,1638700.0,6369200.0,1506700.0,7610900.0,1080700.0,744550.0,4005200.0,2996600.0,1988300.0,8411500.0,2288700.0,948280.0,1205600.0,3671000.0,3568300.0,1940100.0,1475700.0,747540.0,6807100.0,5275200.0,2336700.0,637470.0,17726000.0,3323000.0,5257900.0,1142200.0,18258000.0,5431600.0,1100100.0,8580600.0,1353300.0,1434500.0,3992400.0,5297000.0,799330.0,1639500.0,973680.0,1778500.0,1568200.0,1456500.0,7851700.0,2342100.0,1425100.0,12280000.0,2793800.0,1238000.0,1263500.0,3260300.0,951930.0,4669600.0,1133200.0,1854600.0,8075300.0,4435100.0,696550.0,1421900.0,10018000.0,5258300.0,5069200.0,15394000.0,3001700.0,1931800.0,2342400.0,2994600.0,3189800.0,1882600.0,1749500.0,2275100.0,1499400.0,7215800.0,652060.0,3656200.0,8296200.0,8910100.0,1863600.0,5378600.0,4029700.0,5011000.0,864140.0,1139900.0,5361500.0,1551600.0,6587500.0,3485200.0,7122400.0,1970700.0,1638700.0,1591200.0,1087700.0,1106100.0,2208100.0,945990.0,5091800.0,3371700.0,4404800.0,3356800.0,2894200.0,2745600.0,15584000.0,14989000.0,6042000.0,4601000.0,2807600.0,6148400.0,3762100.0,1781300.0,2740300.0,1353800.0,4824200.0,3044800.0,1.5264,1.8424,4.172,2.2281,2.4678,3.6656,1.2777,2.228,4.2229,1.2265,1.9889,4.2298,2.4948,2.6638,4.3072,0.83634,2.0621,4.2166,1.5557,2.4943,3.8909,3.0272,2.8417,5.8349,1.2239,2.0002,4.2269,1.7413,1.7194,4.2482,1.277,2.2346,4.2327,0.83273,2.0567,4.2133,2.9062,2.8389,4.5489,5.6871,2.7733,1.4531,1.2346,2.8418,3.6181,0.93442,2.1497,3.0181,2.5012,2.0693,4.4628,1.4703,1.6807,3.9022,0.66253,2.5896,3.8812,1.981,1.7789,3.4833,1.1033,2.4341,3.0984,0.30006,2.2867,3.5552,1.7989,1.6634,3.3898,2.1123,2.7982,4.3875,1.8128,1.6614,3.3847,1.511,1.6678,3.9212,0.38018,2.1446,3.1879,2.0397,2.3731,4.4103,1.4753,1.6758,3.2125,0.84851,1.8921,2.7691,3.063,2.8418,5.8631,1.984,1.7712,3.4807,0.9736,2.7164,2.8861,1.789,2.5898,4.0016,0.65369,1.8788,2.7825,1.0839,2.439,3.0742,1.9074,1.9196,4.4936,1.7183,1.6829,3.8939,0.52756,2.1962,3.7665,1.223,2.4521,3.7973,1.0024,2.0785,3.2575,2.5487,2.3059,4.3014,2.0523,2.1666,4.6878,1.4925,1.6726,3.9142,1.8929,1.9339,4.4909,1.4782,2.1764,3.2637,0.8322,2.1165,3.1613,2.4311,2.3897,4.3309,1.9572,2.5857,4.8824,1.9385,2.6012,4.8697,2.5477,2.3052,4.2943,1.2828,2.4964,3.9355,1.7175,2.2517,4.3137,2.2072,3.0461,4.1263,0.53296,2.4552,2.5044,1.5097,2.046,4.6016,2.0405,3.0566,3.9661,0.35214,2.3785,3.4193,1.6745,1.6282,4.083,0.73519,2.0659,3.0861,2.2452,2.2719,4.6615,0.6151,2.5656,3.0261,0.96871,2.115,3.2579,0.10362,2.8937,1.9098,1.9988,2.0331,4.5895,2.5414,2.3196,4.2781,2.5877,2.3283,5.188,2.1041,2.792,4.3706,1.0991,1.853,3.9611,4.6088,2.9683,0.53825,0.86675,2.1428,3.0407,1.3497,2.1016,4.2666,1.0908,2.118,3.5058,2.2474,2.7354,4.5142,1.6769,1.5977,4.1537,1.1502,2.548,3.0677,0.75016,2.4334,3.7611,2.0943,1.9046,3.7205,1.562,2.4603,3.473,1.6034,2.5552,3.5959,1.6117,1.672,4.2638,2.0689,2.7813,4.5601,2.1105,2.7786,4.6077,3.3372,2.7961,6.0945,1.703,1.6097,4.1713,1.7396,1.9877,3.4345,2.2047,2.9514,5.0261,1.1598,2.5533,3.0739,2.6437,2.4371,4.9914,0.99464,2.6205,4.0887,1.5706,2.4531,3.4865,1.1418,1.8421,4.097,1.6774,1.6248,4.0827,1.7316,1.9762,3.4371,0.07446,2.9366,3.1408,2.8953,2.2809,4.5806,1.3561,1.9563,4.2374,1.2306,2.6608,3.33,1.4593,2.4532,3.3574,1.7987,1.9681,3.706,1.9523,2.3687,4.0001,1.0995,2.3016,3.199,2.5166,2.0262,5.1758,1.1934,2.6831,3.3057,1.4542,2.4661,3.3499,0.20641,2.9746,3.2519,0.68059,1.8174,2.8837,1.6946,2.0248,4.4452,1.4849,1.8625,4.1376,5.4793,2.895,1.8055,0.81876,2.1426,2.816,0.96,2.6282,4.0698,2.2192,2.532,3.6384,2.6411,2.4065,4.9676,2.8514,2.6736,4.5304,2.0955,2.4818,4.5231,2.3416,2.1188,4.1875,0.75995,2.024,3.3475,0.3901,2.4563,2.9329,0.57388,2.1534,3.7717,2.4207,2.5,4.464,0.78439,2.4297,2.8979,1.2666,1.577,4.3074,1.6858,1.9983,3.4571,0.0899,2.6813,2.0829,3.3108,2.9492,0.043977,0.79983,2.4112,2.9065,1.6551,1.6423,4.0953,1.5154,1.8339,3.1906,0.76332,2.4343,2.861,2.1786,2.3426,4.9535,1.1577,2.5578,3.0959,1.0869,2.0387,3.5289,0.51278,1.9916,3.2629,1.7071,1.9901,3.4437,2.4308,2.086,4.1637,2.1441,2.1514,4.9726,1.3098,1.747,3.8073,0.71153,1.9807,2.7605,2.1381,2.1536,4.9822,2.2881,2.2039,4.4761,1.5537,2.3195,3.9668,4.198,2.9925,0.13097,1.934,2.3744,3.9962,0.80071,1.9712,4.1182,1.1782,2.5925,4.2205,3.4959,2.8443,6.0873,1.576,1.6006,3.2748,0.28805,2.3191,3.4107,5.0965,2.9857,0.99521,0.52486,2.7922,3.2446,1.2389,2.5154,2.989,2.1718,2.1432,4.9643,1.5045,2.0911,4.3623,1.5561,1.6227,3.3068,1.4062,2.9226,3.3158,0.52238,2.4241,2.7598,0.89483,2.4503,2.9936,0.2203,2.6262,3.3402,1.6521,2.2906,4.1544,0.48274,2.4356,2.7314,1.0415,2.2043,3.6478,1.3648,1.7999,4.299,0.29611,2.3146,3.4164,1.5599,1.6071,3.281,0.52493,2.422,2.7516,2.9974,2.8684,5.9419,1.9617,2.5886,4.0252,1.9958,2.1962,4.5937,2.548,2.7517,5.2423,1.8343,1.9655,3.8831,1.3262,1.8139,3.703,2.1939,2.1496,4.9848,1.4363,2.6376,4.0058,0.84859,3.0649,2.6596,4.6176,2.9687,0.35266,1.2524,2.7105,4.3015,1.8978,1.9537,3.8875,1.2315,2.6387,2.8499,0.32567,2.7866,2.9381,0.97913,2.8925,4.1571,0.54296,2.5079,2.5809,0.72041,1.9518,2.9571,0.5416,2.4208,3.4184,1.6148,2.1837,4.2558,1.2359,2.7167,4.3296,0.63885,1.9685,3.0927,1.9989,1.8766,3.7962,1.2291,1.8503,3.6569,2.4296,2.6999,4.9419,1.4052,1.5384,4.1831,1.366,2.1476,3.1884,0.65826,1.9807,3.0872,0.54629,2.4063,2.5983,1.6776,2.2972,4.1421,2.4021,2.6938,4.9627,0.62388,1.9808,3.0785,1.5919,1.7135,3.3224,0.65929,3.0233,2.5261,0.56517,2.5165,2.5895,2.9992,2.7458,5.9518,6.1737,2.8639,2.5389,4.5176,2.9717,0.23419,2.3631,2.3851,3.7569,1.0643,3.0794,3.8895,1.3847,2.3169,3.5364,0.6373,3.0885,3.4525,2.373,2.2281,3.7971,1.2407,1.85,3.6595,2.422,2.3324,4.5741,2.592,2.6415,4.0692,1.2647,2.6948,4.3371,1.8497,1.961,3.8888,1.1429,2.7883,3.6769,2.4238,2.4523,5.0552,1.5572,2.6298,3.3059,2.1735,2.2034,4.0938,0.81573,1.9255,3.3772,2.3824,2.398,3.772,2.3542,2.3995,3.7511,2.2049,1.9132,4.9338,2.6547,2.2908,4.8017,2.3704,2.2379,3.8072,1.3964,1.5919,3.8528,2.4398,2.6924,4.9766,1.8592,1.9582,3.8962,0.78944,2.1393,4.0065,1.6052,1.8351,4.2778,2.4174,2.6854,4.9713,1.4535,2.3902,3.26,5.9156,2.871,2.189,1.8624,1.7867,3.4908,1.9888,3.0077,4.2924,2.0316,1.9565,4.7738,1.114,2.5868,4.2931,1.9014,2.1482,4.8798,1.6271,1.7998,3.9601,1.6079,2.0089,3.3832,1.0473,2.7649,3.6039,0.94194,2.8384,3.8147,1.4278,2.4219,3.8614,1.1387,2.7727,3.6664,1.8217,1.7923,4.0921,0.86278,2.4598,2.7809,1.8851,2.0822,4.3873,0.081037,2.7952,2.8719,1.0796,1.9562,4.2786,0.95498,2.3261,3.0245,1.6242,2.3981,4.5819,0.98832,2.0875,2.8334,0.754,2.0031,2.7283,1.6304,1.797,3.9622,0.90999,2.4562,2.8023,1.3695,1.5876,3.8377,2.7726,2.5943,4.6333,1.0762,2.1521,3.6317,1.1362,2.7866,3.66,1.9814,1.989,4.4751,1.0709,1.962,4.2562,1.8642,1.6486,3.4459,1.6731,2.4834,3.9933,2.1486,2.5532,4.9145,2.1305,2.3746,3.6836,1.2034,3.0701,3.4388,1.4371,1.4577,4.2385,0.64064,2.9947,3.6263,1.6299,1.7462,4.2356,0.75716,1.9996,2.7371,0.6531,2.2013,3.9692,2.669,2.6012,4.5303,1.9968,2.1223,3.4415,1.3837,2.9157,3.539,1.0832,2.1978,3.6327,2.5326,2.0059,4.4695,1.4941,1.735,4.4219,1.6075,2.591,3.5789,2.0636,2.287,4.0688,2.7095,2.3582,4.9993,0.44448,2.5247,2.9491
0.036019,0.056608,0.0021064,210.86,215.14,203.81,0.0012152,0.0013393,0.0010108,204.81,211.71,209.5,200.15,193.3,199.83,226.24,212.95,228.89,203.14,230.6,246.23,201.55,200.6,202.02,216.52,209.01,209.18,179.02,189.77,256.84,203.15,179.74,217.88,184.41,228.61,212.08,252.95,150.12,226.26,197.83,207.74,168.21,231.02,231.91,273.53,220.77,185.17,225.75,267.32,247.98,163.28,252.63,175.32,223.38,204.73,240.95,232.84,261.8,230.9,233.36,202.76,253.45,255.94,244.05,205.16,239.63,209.58,191.48,280.89,240.5,235.29,244.99,175.16,211.66,189.7,214.78,196.35,260.59,212.43,209.13,206.1,221.81,230.38,192.49,188.28,227.94,217.29,243.06,233.01,215.84,235.56,245.04,199.95,243.9,144.49,244.78,195.73,223.76,203.4,233.42,244.74,205.89,201.03,194.7,167.13,217.4,268.16,185.12,205.22,246.56,249.26,270.59,228.09,216.69,240.4,297.71,223.53,185.0,223.45,200.97,191.1,217.44,248.8,138.06,252.87,221.57,246.35,246.96,214.39,167.58,231.79,253.56,181.06,205.74,209.87,252.35,168.52,173.97,246.66,235.32,227.6,269.68,202.56,197.31,215.57,239.92,225.47,249.56,232.86,231.07,194.05,242.82,250.96,197.91,219.49,297.54,197.69,209.68,251.21,191.83,202.64,273.82,204.15,135.71,259.3,246.71,244.57,203.11,269.98,199.92,207.53,168.45,172.54,192.76,218.6,171.18,239.67,232.78,191.93,212.67,224.16,233.83,190.32,227.25,210.15,196.93,199.76,199.46,275.23,204.78,246.06,275.99,212.68,238.92,206.16,268.87,213.73,204.86,248.97,274.8,213.43,237.97,226.92,200.23,246.15,221.26,218.58,206.49,225.17,198.78,226.93,213.82,222.05,219.16,210.54,220.61,200.99,244.81,244.33,213.27,195.14,178.79,221.48,259.32,185.75,197.43,269.27,202.71,215.68,230.03,214.36,223.3,245.85,249.57,182.1,231.23,189.0,237.2,207.41,238.75,176.56,237.68,237.88,168.74,251.63,210.4,157.06,231.6,180.64,208.89,227.13,176.98,213.38,228.79,194.62,219.11,224.09,216.11,182.71,230.63,202.96,208.28,208.71,165.81,254.22,248.43,202.34,168.47,200.74,261.39,218.56,224.41,213.71,147.03,160.19,200.53,235.43,210.68,211.65,212.27,204.44,187.25,167.39,183.92,227.19,217.09,230.96,221.2,0.00083534,0.001055,0.0010459,0.0010636,0.00097828,0.0010968,0.0011977,0.00094622,0.0011562,0.0009715,0.0012253,0.001354,0.0011101,0.0010784,0.001007,0.0013108,0.0011877,0.00115,0.0011424,0.0011663,0.0015198,0.0013344,0.0011185,0.0014323,0.0012647,0.0013751,0.0011911,0.0014792,0.0010954,0.0015187,0.0011844,0.001284,0.0011678,0.0013108,0.0014077,0.0016208,0.0013136,0.0013006,0.0014034,0.0014725,0.001348,0.0010123,0.001564,0.00122,0.0013153,0.0012848,0.0014276,0.0013231,0.0014882,0.0013739,0.0012184,0.0013138,0.0015708,0.0013911,0.001471,0.0013462,0.0013946,0.0013779,0.001356,0.001649,0.0016371,0.0014595,0.0015197,0.0013291,0.0014825,0.0012672,0.00146,0.0013955,0.0015603,0.0013471,0.0014943,0.0013843,0.0013318,0.001475,0.0013528,0.0013449,0.0013665,0.0013791,0.0015602,0.0015448,0.0014007,0.0015865,0.0015263,0.0012538,0.0013738,0.0011514,0.0014883,0.0013654,0.0014362,0.0013207,0.0014647,0.0014733,0.001378,0.0013453,0.0012413,0.0011709,0.0012979,0.0016432,0.001247,0.0013159,0.0014832,0.0015169,0.001677,0.00139,0.0014701,0.0015091,0.0016669,0.001419,0.0013063,0.0012945,0.001421,0.0013669,0.0014402,0.0015889,0.0012135,0.0016048,0.0014045,0.0014969,0.0015195,0.0014185,0.0012616,0.0015948,0.0014536,0.001314,0.0013358,0.0013893,0.0015978,0.0012137,0.00077464,0.0015811,0.001526,0.0015005,0.0015884,0.0012517,0.0012835,0.0014038,0.0016359,0.0013976,0.0015486,0.0015599,0.0014142,0.0013105,0.0013186,0.0015022,0.0013691,0.0014967,0.0015582,0.0013156,0.0014337,0.0015008,0.0012001,0.0013866,0.001746,0.0013116,0.0010951,0.001532,0.0014625,0.0015468,0.0013903,0.0015835,0.0012693,0.0013191,0.001187,0.0012615,0.001325,0.0013271,0.0012007,0.001477,0.0014866,0.001304,0.0013529,0.001233,0.0015058,0.001397,0.0013783,0.001335,0.0013885,0.0013456,0.001292,0.0015222,0.001302,0.0014933,0.0015356,0.0013873,0.0015124,0.0014385,0.0015291,0.0013441,0.0013426,0.0014617,0.001474,0.0014255,0.0014466,0.001457,0.0016096,0.0014739,0.001434,0.0013759,0.0014007,0.0014173,0.0013509,0.0014017,0.0013646,0.0014353,0.0013328,0.0016397,0.0013906,0.0014076,0.0014409,0.0013978,0.0013609,0.0013261,0.0012356,0.0013448,0.0015843,0.0013386,0.0013273,0.0015008,0.0013095,0.0014405,0.0014238,0.0013626,0.0013818,0.0013911,0.0015156,0.0012318,0.0014602,0.0012451,0.0013881,0.0014176,0.0013343,0.0012149,0.0013271,0.0014801,0.0011861,0.0014799,0.0012537,0.0012287,0.0013964,0.0011645,0.0013465,0.0013587,0.001202,0.0013473,0.0013729,0.0011159,0.0012957,0.0013295,0.0013587,0.0012094,0.0014433,0.0012499,0.0013226,0.0012077,0.00096038,0.0013221,0.0013576,0.0011348,0.0011244,0.0011174,0.0014608,0.001366,0.0013393,0.00099224,0.00090006,0.0010116,0.0010238,0.0014009,0.0012561,0.0010036,0.0012014,0.0010088,0.0010104,0.00086668,0.0008801,0.0011303,0.0011791,0.0012932,0.0012255,1074300.0,1105700.0,792270.0,4276700.0,2284500.0,1150800.0,5856800.0,1513400.0,1879800.0,3242500.0,2966100.0,734830.0,5652900.0,1298400.0,4052200.0,2459600.0,5070500.0,4091400.0,1340500.0,3371900.0,2502600.0,3347400.0,11704000.0,958350.0,6311800.0,749460.0,9101500.0,1591900.0,1841400.0,815570.0,3232100.0,1680500.0,5814300.0,23940000.0,2520900.0,2724900.0,4347000.0,1235900.0,1513400.0,1646200.0,2062700.0,1057700.0,2058300.0,1019200.0,7475600.0,2433400.0,1825600.0,1494000.0,2274900.0,15971000.0,952090.0,7278300.0,3995200.0,706940.0,3910700.0,1079100.0,2657700.0,17679000.0,32102000.0,2373200.0,1720700.0,1532600.0,2840700.0,1036400.0,1926200.0,3409900.0,803840.0,2871900.0,1940600.0,3915400.0,2755300.0,1446400.0,1119200.0,15048000.0,5077600.0,1340600.0,3613400.0,1673300.0,965090.0,2573300.0,3702600.0,1313000.0,893150.0,2116300.0,873820.0,1861100.0,2850800.0,4950200.0,4191200.0,2338500.0,5694300.0,1300700.0,9352900.0,4677300.0,1017700.0,1694700.0,903640.0,1769700.0,3509900.0,9918500.0,1730700.0,16523000.0,1417300.0,9919600.0,1633600.0,3256300.0,1272900.0,1628100.0,12535000.0,5115100.0,2157200.0,3869300.0,2389200.0,1225800.0,656170.0,3373000.0,11659000.0,2413800.0,1291100.0,778800.0,1922000.0,735100.0,1193700.0,2218700.0,8786700.0,4156700.0,2627900.0,3087700.0,2361300.0,1498700.0,773560.0,10411000.0,2404500.0,3548600.0,2073400.0,1371700.0,1031900.0,2014200.0,1052000.0,2853800.0,3921600.0,1159600.0,1477000.0,2103000.0,1521000.0,2210500.0,2422200.0,877170.0,6912100.0,1513500.0,9390500.0,6180200.0,809830.0,10291000.0,814480.0,1274500.0,19279000.0,683650.0,12167000.0,721740.0,5575100.0,3693400.0,3817200.0,2647300.0,5252900.0,4116200.0,4227600.0,964530.0,4135000.0,1638700.0,6369200.0,1506700.0,7610900.0,1080700.0,744550.0,4005200.0,2996600.0,1988300.0,8411500.0,2288700.0,948280.0,1205600.0,3671000.0,3568300.0,1940100.0,1475700.0,747540.0,6807100.0,5275200.0,2336700.0,637470.0,17726000.0,3323000.0,5257900.0,1142200.0,18258000.0,5431600.0,1100100.0,8580600.0,1353300.0,1434500.0,3992400.0,5297000.0,799330.0,1639500.0,973680.0,1778500.0,1568200.0,1456500.0,7851700.0,2342100.0,1425100.0,12280000.0,2793800.0,1238000.0,1263500.0,3260300.0,951930.0,4669600.0,1133200.0,1854600.0,8075300.0,4435100.0,696550.0,1421900.0,10018000.0,5258300.0,5069200.0,15394000.0,3001700.0,1931800.0,2342400.0,2994600.0,3189800.0,1882600.0,1749500.0,2275100.0,1499400.0,7215800.0,652060.0,3656200.0,8296200.0,8910100.0,1863600.0,5378600.0,4029700.0,5011000.0,864140.0,1139900.0,5361500.0,1551600.0,6587500.0,3485200.0,7122400.0,1970700.0,1638700.0,1591200.0,1087700.0,1106100.0,2208100.0,945990.0,5091800.0,3371700.0,4404800.0,3356800.0,2894200.0,2745600.0,15584000.0,14989000.0,6042000.0,4601000.0,2807600.0,6148400.0,3762100.0,1781300.0,2740300.0,1353800.0,4824200.0,3044800.0,1.5265,1.8425,4.172,2.2282,2.4678,3.6656,1.2777,2.2281,4.2229,1.2263,1.9889,4.2298,2.4947,2.6638,4.3073,0.8359,2.0621,4.2166,1.5564,2.4946,3.8908,3.0276,2.8417,5.8352,1.2237,2.0004,4.2267,1.7411,1.7194,4.2481,1.277,2.2348,4.2329,0.83217,2.0566,4.2133,2.9065,2.839,4.5497,5.6865,2.7733,1.4527,1.2346,2.8417,3.6181,0.93391,2.1498,3.018,2.5016,2.0697,4.4633,1.4702,1.6807,3.9022,0.66265,2.59,3.8812,1.9805,1.7792,3.4835,1.104,2.4337,3.0994,0.30054,2.2867,3.5549,1.7992,1.6632,3.3899,2.1116,2.7975,4.3862,1.8133,1.6613,3.3846,1.5117,1.6676,3.9216,0.37986,2.1448,3.1875,2.0399,2.3735,4.4109,1.4753,1.676,3.2128,0.84882,1.8925,2.769,3.0641,2.8418,5.8641,1.9836,1.7714,3.4808,0.97297,2.7164,2.8863,1.7884,2.5897,4.0016,0.65415,1.879,2.7822,1.0842,2.4388,3.0746,1.9076,1.9197,4.4936,1.719,1.6826,3.8939,0.52797,2.1961,3.767,1.2236,2.4528,3.7976,1.0023,2.0789,3.2571,2.5489,2.3061,4.3017,2.0521,2.167,4.6881,1.4927,1.6725,3.9143,1.8928,1.9342,4.4909,1.4781,2.1765,3.2636,0.8323,2.1173,3.1607,2.4313,2.3901,4.3312,1.9574,2.5853,4.8822,1.9384,2.6013,4.8693,2.5478,2.3054,4.2945,1.2828,2.4965,3.9352,1.7182,2.2521,4.3141,2.2096,3.0457,4.1282,0.53367,2.4548,2.5051,1.5091,2.0458,4.6015,2.0397,3.0563,3.9648,0.35129,2.3786,3.4188,1.6747,1.6281,4.083,0.73572,2.0668,3.0858,2.2453,2.2724,4.6619,0.61495,2.5645,3.0268,0.96789,2.116,3.2575,0.103,2.8938,1.9084,1.9989,2.0342,4.5896,2.5414,2.3201,4.2779,2.5856,2.328,5.1876,2.1031,2.7913,4.3687,1.0995,1.853,3.9615,4.6085,2.9676,0.53888,0.86636,2.1433,3.0404,1.3507,2.1017,4.2667,1.0915,2.1187,3.5061,2.2459,2.7349,4.5127,1.6765,1.5976,4.1536,1.1504,2.5478,3.0678,0.75019,2.4336,3.761,2.0951,1.9041,3.7201,1.5612,2.4608,3.4731,1.6021,2.5558,3.5956,1.6106,1.6717,4.264,2.0681,2.7806,4.5595,2.1103,2.7779,4.6079,3.3369,2.7964,6.0942,1.703,1.6099,4.1715,1.7405,1.9873,3.4341,2.2066,2.9516,5.0286,1.1601,2.5532,3.074,2.6438,2.4369,4.9915,0.99409,2.6209,4.0892,1.5699,2.4535,3.4868,1.1407,1.8431,4.0969,1.6779,1.6247,4.0826,1.7323,1.9755,3.4368,0.069915,2.9363,3.1367,2.8956,2.2806,4.5812,1.357,1.9563,4.2381,1.2303,2.6601,3.3303,1.4592,2.4531,3.3577,1.7978,1.9677,3.7057,1.9525,2.3695,4.0003,1.0996,2.302,3.1992,2.5161,2.0256,5.1764,1.1924,2.6828,3.3056,1.454,2.4663,3.3501,0.20486,2.9752,3.2502,0.68062,1.8177,2.8831,1.6945,2.0246,4.4458,1.4852,1.8624,4.1381,5.4778,2.8948,1.8043,0.81894,2.1431,2.8168,0.95866,2.6288,4.07,2.2207,2.532,3.6389,2.6411,2.4055,4.9669,2.8526,2.6729,4.5307,2.0942,2.4809,4.5231,2.3415,2.1192,4.1875,0.75984,2.0249,3.3474,0.3916,2.4559,2.9341,0.57338,2.1537,3.7729,2.4214,2.4997,4.4648,0.785,2.4291,2.8989,1.2669,1.5769,4.3079,1.6855,1.9982,3.4573,0.091724,2.6811,2.0836,3.3129,2.9493,0.04672,0.80097,2.4101,2.9078,1.655,1.6426,4.0955,1.5161,1.8336,3.1909,0.76364,2.4337,2.8612,2.1789,2.3425,4.9534,1.1583,2.5577,3.0967,1.0884,2.0404,3.5294,0.51226,1.992,3.2631,1.7073,1.9897,3.4436,2.4321,2.0863,4.1628,2.144,2.1513,4.9725,1.3103,1.7468,3.8075,0.71211,1.9809,2.7606,2.1379,2.1536,4.9824,2.2875,2.2043,4.4766,1.5535,2.3203,3.967,4.1979,2.9921,0.13084,1.9334,2.3753,3.9963,0.79989,1.9713,4.1182,1.1786,2.5929,4.2208,3.4955,2.8441,6.0876,1.5771,1.6002,3.2746,0.28713,2.3196,3.4106,5.0955,2.9855,0.99359,0.52425,2.7924,3.2445,1.2385,2.5156,2.9894,2.1723,2.1431,4.9641,1.5052,2.091,4.3626,1.5568,1.6228,3.3073,1.4073,2.9226,3.3148,0.52401,2.4236,2.7608,0.89422,2.4502,2.9936,0.22041,2.6264,3.3402,1.6532,2.2915,4.1552,0.48361,2.4354,2.7318,1.0413,2.2051,3.6475,1.3642,1.7997,4.2991,0.29555,2.3149,3.4165,1.5606,1.6069,3.2809,0.52672,2.4213,2.7524,2.9978,2.8684,5.9429,1.9605,2.5882,4.0249,1.9963,2.1966,4.5938,2.546,2.7511,5.2415,1.8329,1.9655,3.8826,1.3269,1.8138,3.7033,2.1948,2.1495,4.9849,1.4369,2.6371,4.0056,0.84348,3.0644,2.6538,4.6162,2.9683,0.35147,1.2524,2.7112,4.3008,1.8976,1.9536,3.8875,1.2312,2.6388,2.8495,0.32489,2.7868,2.9378,0.97988,2.8927,4.1575,0.54247,2.5076,2.581,0.72092,1.9524,2.9562,0.54149,2.4214,3.4182,1.6159,2.1839,4.2564,1.2353,2.7175,4.3295,0.63894,1.969,3.0921,1.9994,1.8761,3.7957,1.2299,1.8504,3.6572,2.4287,2.6994,4.9408,1.4059,1.5388,4.1833,1.3655,2.1474,3.1886,0.65872,1.9814,3.0865,0.548,2.4053,2.5989,1.6788,2.2982,4.1424,2.4008,2.6931,4.9623,0.62361,1.9815,3.0776,1.5925,1.7136,3.3222,0.66148,3.023,2.5274,0.56504,2.5165,2.5896,3.0012,2.7458,5.9533,6.1736,2.8639,2.5388,4.5144,2.9713,0.23086,2.3634,2.3846,3.7568,1.0688,3.0793,3.8949,1.3834,2.3183,3.5357,0.63247,3.0887,3.4485,2.3731,2.2279,3.7968,1.2416,1.85,3.6599,2.4219,2.3323,4.5745,2.5922,2.6419,4.0701,1.2648,2.695,4.3371,1.8488,1.9609,3.8884,1.1433,2.7881,3.6775,2.4232,2.4516,5.0543,1.5562,2.6299,3.3062,2.1736,2.2038,4.0936,0.8162,1.9259,3.3773,2.383,2.3977,3.7724,2.3543,2.3992,3.7509,2.2054,1.9138,4.9345,2.6548,2.2908,4.8019,2.3705,2.2379,3.8072,1.3967,1.592,3.8532,2.4392,2.6918,4.9763,1.8586,1.958,3.896,0.78966,2.1392,4.0076,1.6052,1.8351,4.2782,2.4165,2.6846,4.971,1.4536,2.3902,3.26,5.9153,2.8708,2.1887,1.8624,1.7864,3.4912,1.9888,3.0072,4.2921,2.0321,1.9566,4.7743,1.1143,2.5869,4.2936,1.9019,2.1482,4.8802,1.6273,1.7997,3.96,1.608,2.0089,3.3829,1.0481,2.7646,3.6048,0.94267,2.8385,3.815,1.4289,2.4226,3.8618,1.139,2.7721,3.6667,1.8214,1.7921,4.0921,0.86186,2.4597,2.7811,1.8847,2.0825,4.3873,0.081293,2.7952,2.8727,1.0794,1.9561,4.279,0.95518,2.3259,3.0249,1.624,2.3982,4.5818,0.98849,2.0875,2.8334,0.75422,2.0031,2.728,1.6307,1.7968,3.962,0.9099,2.4561,2.8029,1.3693,1.5876,3.8377,2.7726,2.5944,4.6332,1.076,2.1524,3.6317,1.1366,2.7863,3.6602,1.9815,1.989,4.4751,1.0706,1.962,4.2561,1.8645,1.6485,3.4458,1.6733,2.4834,3.9931,2.1494,2.5531,4.9143,2.13,2.3744,3.683,1.2037,3.07,3.4392,1.4369,1.4575,4.2386,0.64113,2.9946,3.6266,1.6301,1.7461,4.2356,0.75741,1.9997,2.7369,0.6524,2.2014,3.9698,2.6686,2.6012,4.5301,1.997,2.1222,3.4416,1.3837,2.9155,3.539,1.0832,2.198,3.6326,2.5326,2.0061,4.4695,1.4942,1.735,4.4219,1.6074,2.591,3.5788,2.0636,2.287,4.0687,2.7095,2.3578,4.999,0.44449,2.5246,2.949
0.037129,0.058369,0.0021458,211.19,215.61,203.9,0.0012172,0.0013422,0.0010114,204.95,211.94,209.76,200.42,193.58,199.82,226.45,213.12,229.25,203.41,231.0,246.65,201.66,200.91,202.25,217.04,209.22,209.56,179.42,189.84,257.48,203.56,180.0,218.28,184.68,229.09,212.47,253.46,150.39,226.81,198.11,207.92,168.23,231.36,232.3,274.16,221.25,185.54,226.29,268.05,248.44,163.49,253.05,175.58,223.82,205.11,241.44,233.26,262.44,231.36,233.82,203.13,254.17,256.65,244.74,205.6,240.13,210.07,191.99,281.71,241.19,236.09,245.79,175.28,212.14,190.0,215.41,196.89,260.69,212.92,209.61,206.26,222.37,230.98,192.9,188.66,228.31,217.79,243.63,233.54,216.33,235.91,245.32,200.47,244.46,144.72,245.47,196.17,224.28,203.89,233.87,245.7,206.47,201.51,195.11,167.58,217.44,269.01,185.73,205.49,247.44,249.81,271.77,228.84,217.38,241.15,298.55,224.49,185.61,224.05,201.37,191.39,218.25,249.7,139.03,253.22,222.25,247.27,247.59,214.48,168.26,232.42,254.29,181.93,206.49,210.48,253.59,169.05,174.51,247.71,236.16,228.21,269.95,202.95,197.83,217.84,241.03,226.18,250.24,232.72,231.75,194.57,243.37,251.81,198.5,220.72,298.24,198.41,210.49,251.65,192.29,203.19,274.44,204.65,136.09,259.35,247.71,245.18,203.11,270.95,200.22,208.22,168.77,172.39,193.27,219.34,171.61,240.51,232.91,192.18,213.18,224.47,234.31,190.4,227.99,210.8,197.37,200.08,199.89,275.6,205.18,246.43,277.14,213.24,239.48,206.61,269.68,214.39,205.29,249.66,275.69,213.99,238.51,227.69,201.26,246.79,221.85,219.31,206.82,225.55,199.27,227.46,214.33,222.6,219.76,211.84,221.14,201.47,245.26,244.98,213.79,195.44,179.23,221.98,260.13,186.26,197.83,269.78,203.1,216.23,230.52,214.83,223.8,246.41,250.02,182.46,232.0,189.36,237.67,207.71,239.01,176.83,238.17,238.38,168.87,252.02,210.7,157.41,232.02,180.86,209.23,227.65,177.26,213.78,229.14,194.76,219.55,224.49,216.47,182.94,230.96,203.2,208.71,209.09,165.94,254.64,248.92,202.57,168.62,200.95,261.7,218.94,224.68,214.01,147.11,160.34,200.7,235.71,211.04,211.87,212.53,204.64,187.43,167.56,184.06,227.38,217.2,231.3,221.28,0.00083469,0.0010552,0.0010465,0.0010646,0.00097925,0.001096,0.0011986,0.00094631,0.001158,0.00097229,0.0012272,0.0013562,0.00111,0.00108,0.0010076,0.0013136,0.0011889,0.001152,0.0011447,0.0011668,0.0015235,0.0013371,0.0011201,0.001435,0.0012666,0.0013786,0.0011934,0.0014819,0.0010974,0.0015219,0.0011864,0.0012853,0.0011678,0.0013124,0.0014102,0.0016246,0.0013164,0.0013029,0.0014068,0.0014765,0.0013505,0.0010129,0.0015664,0.0012223,0.0013181,0.0012871,0.0014306,0.001325,0.0014919,0.0013765,0.0012201,0.0013157,0.0015747,0.001395,0.0014748,0.0013489,0.0013979,0.0013816,0.0013594,0.0016543,0.0016414,0.0014636,0.001524,0.0013312,0.0014861,0.0012692,0.0014641,0.001399,0.0015627,0.0013498,0.0014974,0.0013864,0.0013348,0.0014782,0.0013558,0.001347,0.001369,0.0013823,0.0015633,0.0015478,0.0014053,0.0015896,0.0015293,0.0012566,0.0013769,0.0011533,0.0014931,0.0013682,0.0014392,0.0013238,0.0014669,0.0014781,0.0013823,0.0013494,0.0012444,0.0011739,0.0012996,0.0016486,0.0012506,0.0013184,0.0014882,0.0015198,0.0016834,0.0013942,0.0014743,0.0015127,0.001671,0.0014241,0.0013107,0.0012982,0.0014214,0.0013703,0.0014451,0.0015945,0.0012188,0.0016074,0.0014089,0.0015019,0.0015242,0.0014173,0.0012653,0.0015998,0.0014586,0.0013192,0.0013406,0.0013917,0.0016049,0.0012174,0.00077963,0.0015872,0.001531,0.0015047,0.0015928,0.0012545,0.0012874,0.0014017,0.0016426,0.0014019,0.0015525,0.0015597,0.0014174,0.0013135,0.0013218,0.0015072,0.0013733,0.0015026,0.0015623,0.0013202,0.001438,0.0015052,0.0012033,0.00139,0.0017491,0.001315,0.0010974,0.0015363,0.0014679,0.0015508,0.0013882,0.0015886,0.0012714,0.001323,0.0011896,0.0012627,0.0013295,0.0013311,0.001204,0.0014813,0.0014876,0.0013067,0.0013569,0.0012351,0.0015087,0.0013984,0.0013834,0.0013387,0.0013923,0.0013483,0.0012945,0.0015246,0.0013046,0.0014959,0.0015416,0.0013913,0.0015159,0.0014423,0.001534,0.0013476,0.0013457,0.001465,0.0014785,0.001429,0.0014498,0.0014618,0.0016152,0.0014781,0.0014374,0.0013795,0.0014044,0.0014197,0.0013547,0.0014054,0.0013679,0.0014387,0.0013364,0.001647,0.0013939,0.0014108,0.0014442,0.0014006,0.0013639,0.0013282,0.0012385,0.0013475,0.0015888,0.0013409,0.0013295,0.0015033,0.0013118,0.0014436,0.0014268,0.0013651,0.0013844,0.0013946,0.0015184,0.001234,0.0014647,0.0012476,0.0013909,0.0014195,0.0013359,0.0012167,0.0013296,0.0014834,0.0011872,0.0014822,0.0012555,0.0012314,0.0013992,0.0011663,0.0013487,0.0013618,0.0012043,0.0013487,0.001375,0.0011168,0.0012984,0.0013315,0.0013608,0.0012108,0.0014454,0.0012516,0.0013249,0.0012099,0.00096101,0.0013245,0.0013606,0.001136,0.0011255,0.0011184,0.0014623,0.001368,0.001341,0.00099296,0.00090036,0.0010121,0.0010243,0.0014026,0.001258,0.0010039,0.0012026,0.0010095,0.0010111,0.00086728,0.00088019,0.001131,0.0011795,0.0012948,0.0012259,1074300.0,1105700.0,792270.0,4276700.0,2284500.0,1150800.0,5856800.0,1513400.0,1879800.0,3242500.0,2966100.0,734830.0,5652900.0,1298400.0,4052200.0,2459600.0,5070500.0,4091400.0,1340500.0,3371900.0,2502600.0,3347400.0,11704000.0,958350.0,6311800.0,749460.0,9101500.0,1591900.0,1841400.0,815570.0,3232100.0,1680500.0,5814300.0,23940000.0,2520900.0,2724900.0,4347000.0,1235900.0,1513400.0,1646200.0,2062700.0,1057700.0,2058300.0,1019200.0,7475600.0,2433400.0,1825600.0,1494000.0,2274900.0,15971000.0,952090.0,7278300.0,3995200.0,706940.0,3910700.0,1079100.0,2657700.0,17679000.0,32102000.0,2373200.0,1720700.0,1532600.0,2840700.0,1036400.0,1926200.0,3409900.0,803840.0,2871900.0,1940600.0,3915400.0,2755300.0,1446400.0,1119200.0,15048000.0,5077600.0,1340600.0,3613400.0,1673300.0,965090.0,2573300.0,3702600.0,1313000.0,893150.0,2116300.0,873820.0,1861100.0,2850800.0,4950200.0,4191200.0,2338500.0,5694300.0,1300700.0,9352900.0,4677300.0,1017700.0,1694700.0,903640.0,1769700.0,3509900.0,9918500.0,1730700.0,16523000.0,1417300.0,9919600.0,1633600.0,3256300.0,1272900.0,1628100.0,12535000.0,5115100.0,2157200.0,3869300.0,2389200.0,1225800.0,656170.0,3373000.0,11659000.0,2413800.0,1291100.0,778800.0,1922000.0,735100.0,1193700.0,2218700.0,8786700.0,4156700.0,2627900.0,3087700.0,2361300.0,1498700.0,773560.0,10411000.0,2404500.0,3548600.0,2073400.0,1371700.0,1031900.0,2014200.0,1052000.0,2853800.0,3921600.0,1159600.0,1477000.0,2103000.0,1521000.0,2210500.0,2422200.0,877170.0,6912100.0,1513500.0,9390500.0,6180200.0,809830.0,10291000.0,814480.0,1274500.0,19279000.0,683650.0,12167000.0,721740.0,5575100.0,3693400.0,3817200.0,2647300.0,5252900.0,4116200.0,4227600.0,964530.0,4135000.0,1638700.0,6369200.0,1506700.0,7610900.0,1080700.0,744550.0,4005200.0,2996600.0,1988300.0,8411500.0,2288700.0,948280.0,1205600.0,3671000.0,3568300.0,1940100.0,1475700.0,747540.0,6807100.0,5275200.0,2336700.0,637470.0,17726000.0,3323000.0,5257900.0,1142200.0,18258000.0,5431600.0,1100100.0,8580600.0,1353300.0,1434500.0,3992400.0,5297000.0,799330.0,1639500.0,973680.0,1778500.0,1568200.0,1456500.0,7851700.0,2342100.0,1425100.0,12280000.0,2793800.0,1238000.0,1263500.0,3260300.0,951930.0,4669600.0,1133200.0,1854600.0,8075300.0,4435100.0,696550.0,1421900.0,10018000.0,5258300.0,5069200.0,15394000.0,3001700.0,1931800.0,2342400.0,2994600.0,3189800.0,1882600.0,1749500.0,2275100.0,1499400.0,7215800.0,652060.0,3656200.0,8296200.0,8910100.0,1863600.0,5378600.0,4029700.0,5011000.0,864140.0,1139900.0,5361500.0,1551600.0,6587500.0,3485200.0,7122400.0,1970700.0,1638700.0,1591200.0,1087700.0,1106100.0,2208100.0,945990.0,5091800.0,3371700.0,4404800.0,3356800.0,2894200.0,2745600.0,15584000.0,14989000.0,6042000.0,4601000.0,2807600.0,6148400.0,3762100.0,1781300.0,2740300.0,1353800.0,4824200.0,3044800.0,1.5266,1.8426,4.1719,2.2282,2.4679,3.6655,1.2777,2.2281,4.2229,1.2261,1.989,4.2297,2.4945,2.6638,4.3074,0.83524,2.0621,4.2167,1.5574,2.4949,3.8907,3.0282,2.8418,5.8357,1.2235,2.0007,4.2265,1.7409,1.7194,4.2481,1.277,2.2351,4.2332,0.83132,2.0565,4.2132,2.9069,2.8391,4.5509,5.6857,2.7731,1.4521,1.2346,2.8416,3.6181,0.93316,2.1499,3.0178,2.5021,2.0704,4.4639,1.4701,1.6808,3.9021,0.66282,2.5907,3.881,1.9798,1.7797,3.4838,1.1049,2.4333,3.1008,0.30126,2.2868,3.5545,1.7996,1.6629,3.39,2.1105,2.7965,4.3841,1.8141,1.661,3.3844,1.5127,1.6673,3.9221,0.37937,2.1452,3.187,2.0401,2.3741,4.4117,1.4754,1.6763,3.2132,0.84927,1.893,2.7688,3.0658,2.8418,5.8656,1.983,1.7717,3.481,0.97204,2.7163,2.8865,1.7876,2.5897,4.0016,0.65483,1.8794,2.7817,1.0845,2.4386,3.0753,1.9079,1.9199,4.4936,1.7201,1.6821,3.8938,0.5286,2.1959,3.7678,1.2246,2.4539,3.798,1.0021,2.0796,3.2566,2.549,2.3064,4.3022,2.0517,2.1675,4.6885,1.4932,1.6724,3.9145,1.8927,1.9348,4.4908,1.4778,2.1767,3.2635,0.83245,2.1186,3.1597,2.4317,2.3907,4.3318,1.9577,2.5847,4.8817,1.9383,2.6014,4.8688,2.5479,2.3057,4.2948,1.2827,2.4968,3.9349,1.7191,2.2528,4.3148,2.2132,3.0451,4.131,0.53472,2.4543,2.5062,1.5081,2.0456,4.6014,2.0384,3.056,3.9629,0.35002,2.3787,3.4181,1.6751,1.628,4.083,0.73651,2.0682,3.0854,2.2454,2.2732,4.6624,0.61472,2.5629,3.0278,0.96667,2.1176,3.257,0.10209,2.8939,1.9063,1.999,2.0357,4.5897,2.5413,2.3208,4.2775,2.5824,2.3275,5.1869,2.1015,2.7901,4.3659,1.1002,1.8529,3.9621,4.6081,2.9665,0.53984,0.86578,2.1439,3.0399,1.3522,2.1017,4.2668,1.0925,2.1196,3.5065,2.2437,2.7341,4.5103,1.6758,1.5974,4.1535,1.1507,2.5475,3.068,0.75025,2.434,3.7607,2.0965,1.9032,3.7195,1.56,2.4615,3.4732,1.6,2.5568,3.5952,1.609,1.6713,4.2644,2.0668,2.7795,4.5587,2.1099,2.7768,4.6083,3.3365,2.7968,6.0937,1.7032,1.6101,4.1719,1.7419,1.9868,3.4335,2.2094,2.9519,5.0323,1.1606,2.5531,3.0742,2.6441,2.4366,4.9916,0.99329,2.6214,4.09,1.5688,2.454,3.4874,1.139,1.8446,4.0968,1.6785,1.6244,4.0825,1.7335,1.9746,3.4362,0.063155,2.9359,3.1305,2.8961,2.2801,4.5819,1.3582,1.9564,4.2392,1.2297,2.6592,3.3308,1.4591,2.453,3.3582,1.7965,1.9671,3.7051,1.9528,2.3706,4.0007,1.0997,2.3026,3.1996,2.5154,2.0247,5.1774,1.1909,2.6824,3.3055,1.4536,2.4666,3.3504,0.20256,2.9761,3.2477,0.68067,1.8181,2.8821,1.6942,2.0244,4.4468,1.4856,1.8622,4.1388,5.4756,2.8944,1.8025,0.81922,2.1439,2.818,0.95666,2.6296,4.0702,2.2229,2.5321,3.6395,2.6412,2.404,4.966,2.8542,2.6718,4.5312,2.0924,2.4795,4.5232,2.3412,2.1198,4.1874,0.75968,2.0262,3.3473,0.39384,2.4553,2.936,0.57266,2.154,3.7746,2.4225,2.4993,4.466,0.78589,2.4282,2.9004,1.2674,1.5767,4.3085,1.6851,1.9979,3.4575,0.094445,2.6808,2.0846,3.3161,2.9494,0.050823,0.80265,2.4085,2.9098,1.6549,1.6429,4.0958,1.5171,1.8332,3.1913,0.7641,2.4329,2.8616,2.1793,2.3422,4.9534,1.1593,2.5576,3.0978,1.0908,2.0431,3.5301,0.51146,1.9925,3.2633,1.7075,1.9891,3.4434,2.4342,2.0867,4.1616,2.1439,2.151,4.9724,1.311,1.7466,3.8078,0.71297,1.9811,2.7608,2.1376,2.1536,4.9827,2.2866,2.205,4.4773,1.5532,2.3213,3.9672,4.1979,2.9914,0.13069,1.9326,2.3766,3.9965,0.79864,1.9716,4.1183,1.1791,2.5936,4.2212,3.4949,2.8437,6.0881,1.5787,1.5996,3.2742,0.28576,2.3203,3.4103,5.094,2.9854,0.99118,0.52333,2.7927,3.2445,1.2378,2.516,2.9899,2.173,2.1429,4.9637,1.5063,2.0909,4.3632,1.5578,1.6229,3.308,1.4091,2.9227,3.3133,0.52645,2.4228,2.7622,0.89332,2.4499,2.9935,0.22057,2.6266,3.3401,1.655,2.2928,4.1563,0.48492,2.4351,2.7324,1.0411,2.2064,3.647,1.3632,1.7994,4.2993,0.29471,2.3153,3.4167,1.5618,1.6065,3.2808,0.52941,2.4204,2.7536,2.9984,2.8683,5.9444,1.9588,2.5878,4.0245,1.9971,2.1971,4.594,2.5429,2.7503,5.2402,1.8309,1.9655,3.8819,1.3279,1.8135,3.7038,2.1962,2.1495,4.985,1.4377,2.6364,4.0053,0.83585,3.0638,2.645,4.614,2.9677,0.34976,1.2525,2.7123,4.2998,1.8974,1.9536,3.8876,1.2307,2.639,2.849,0.32371,2.7872,2.9373,0.98098,2.8928,4.1582,0.54173,2.5072,2.5811,0.7217,1.9532,2.9549,0.54133,2.4222,3.4178,1.6175,2.1843,4.2573,1.2344,2.7186,4.3292,0.63908,1.9697,3.091,2.0002,1.8755,3.7949,1.2311,1.8506,3.6576,2.4273,2.6987,4.9391,1.4068,1.5393,4.1835,1.3647,2.1472,3.189,0.6594,1.9826,3.0855,0.55053,2.4039,2.5997,1.6804,2.2996,4.1428,2.3989,2.6921,4.9616,0.6232,1.9826,3.0762,1.5934,1.7137,3.3221,0.6647,3.0225,2.5291,0.56483,2.5164,2.5898,3.0041,2.7458,5.9556,6.1734,2.8639,2.5387,4.5096,2.9706,0.22594,2.3638,2.3837,3.7567,1.0754,3.0791,3.903,1.3815,2.3203,3.5348,0.62522,3.0889,3.4424,2.3732,2.2275,3.7964,1.243,1.85,3.6604,2.4217,2.3322,4.575,2.5924,2.6425,4.0715,1.265,2.6953,4.3372,1.8475,1.9607,3.8879,1.1439,2.7877,3.6783,2.4222,2.4505,5.053,1.5547,2.63,3.3066,2.1737,2.2044,4.0934,0.8169,1.9266,3.3775,2.3839,2.3972,3.7728,2.3544,2.3988,3.7508,2.2061,1.9148,4.9357,2.655,2.2908,4.8022,2.3707,2.2378,3.807,1.3971,1.5922,3.8538,2.4383,2.6909,4.9757,1.8577,1.9578,3.8957,0.78997,2.1391,4.0091,1.6053,1.8351,4.2788,2.4151,2.6834,4.9705,1.4539,2.3902,3.2599,5.9149,2.8704,2.1881,1.8625,1.786,3.4917,1.9889,3.0066,4.2915,2.0327,1.9569,4.775,1.1149,2.5872,4.2943,1.9027,2.1481,4.8808,1.6277,1.7995,3.9598,1.6082,2.0089,3.3826,1.0493,2.7641,3.6061,0.94377,2.8386,3.8153,1.4304,2.4235,3.8624,1.1395,2.7712,3.6672,1.8208,1.7918,4.092,0.86049,2.4597,2.7814,1.884,2.0829,4.3875,0.081664,2.7951,2.8739,1.0792,1.956,4.2795,0.95548,2.3255,3.0254,1.6237,2.3982,4.5816,0.98874,2.0874,2.8334,0.75455,2.0032,2.7276,1.6312,1.7966,3.9618,0.90977,2.456,2.8038,1.3689,1.5876,3.8377,2.7726,2.5945,4.633,1.0757,2.153,3.6319,1.1371,2.7858,3.6605,1.9817,1.989,4.4751,1.0701,1.962,4.256,1.8648,1.6485,3.4457,1.6737,2.4836,3.993,2.1505,2.553,4.9141,2.1293,2.3743,3.6822,1.2041,3.0699,3.4397,1.4366,1.4573,4.2388,0.64185,2.9944,3.627,1.6302,1.7459,4.2356,0.75778,1.9997,2.7367,0.65135,2.2016,3.9705,2.668,2.6012,4.5299,1.9971,2.122,3.4417,1.3837,2.9152,3.539,1.0833,2.1982,3.6325,2.5327,2.0063,4.4696,1.4943,1.735,4.4219,1.6073,2.5909,3.5787,2.0637,2.287,4.0687,2.7094,2.3573,4.9986,0.4445,2.5244,2.9488
0.038789,0.061,0.0022039,211.54,216.18,203.91,0.0012194,0.0013455,0.0010117,205.04,212.16,210.01,200.73,193.86,199.64,226.61,213.23,229.66,203.66,231.45,247.12,201.71,201.21,202.46,217.65,209.41,209.97,179.9,189.88,258.27,204.06,180.3,218.79,184.97,229.64,212.88,254.01,150.72,227.56,198.39,208.09,168.21,231.73,232.76,274.86,221.82,186.13,226.91,268.86,248.89,163.65,253.58,175.89,224.27,205.57,241.95,233.68,263.11,231.84,234.22,203.5,255.01,257.4,245.45,206.05,240.65,210.77,192.71,282.61,241.86,237.09,246.9,175.25,212.68,190.33,216.54,197.82,260.69,213.71,210.24,206.39,222.99,231.59,193.25,188.8,228.75,218.16,244.24,234.21,217.09,236.12,245.55,201.23,244.98,144.63,246.47,196.98,224.93,204.22,234.14,247.23,207.45,202.45,195.49,167.46,217.15,270.33,186.62,205.65,248.99,250.07,273.62,230.05,218.55,242.31,299.25,225.98,186.57,224.85,200.33,191.4,219.38,251.14,139.99,252.75,223.39,248.74,248.65,213.0,169.19,233.23,255.43,183.17,207.82,211.68,255.49,169.67,173.49,249.5,237.2,229.6,269.2,203.38,198.55,220.45,243.78,227.4,251.16,230.87,232.89,195.13,244.14,253.4,199.28,223.76,299.61,199.87,211.87,251.83,192.94,204.18,273.95,205.32,136.74,259.98,249.34,246.03,201.74,272.62,200.59,209.26,169.35,171.24,194.14,220.55,172.21,241.81,232.25,192.75,214.05,224.43,234.45,190.2,229.18,211.87,198.06,200.64,200.6,275.59,205.44,246.6,279.0,214.23,239.94,207.28,270.59,215.16,205.97,250.29,276.76,214.53,238.94,228.97,202.64,247.74,222.45,220.52,207.15,225.87,199.98,228.32,215.2,223.45,220.49,213.46,221.73,201.93,245.97,245.61,214.39,195.91,179.89,222.48,261.1,186.81,198.34,270.5,203.72,216.93,230.98,215.33,224.3,247.0,250.55,182.9,233.16,189.86,238.14,208.02,239.35,177.2,238.71,238.92,169.01,252.42,211.04,157.81,232.43,181.05,209.65,228.22,177.57,214.25,229.53,194.87,220.05,224.89,216.91,183.19,231.31,203.46,209.22,209.48,166.03,255.11,249.43,202.8,168.72,201.15,262.01,219.36,224.96,214.32,147.15,160.47,200.83,235.99,211.47,212.07,212.8,204.78,187.56,167.74,184.18,227.53,217.24,231.66,221.26,0.00083317,0.0010546,0.0010465,0.0010652,0.00097968,0.0010938,0.0011991,0.00094567,0.0011596,0.00097245,0.0012291,0.0013584,0.001109,0.0010813,0.0010076,0.0013165,0.0011897,0.001154,0.0011474,0.0011669,0.0015278,0.0013405,0.0011219,0.0014384,0.0012688,0.0013826,0.0011956,0.0014848,0.0010996,0.0015261,0.0011882,0.0012866,0.0011675,0.0013139,0.001413,0.0016286,0.0013194,0.0013066,0.0014104,0.0014808,0.0013526,0.0010128,0.0015695,0.0012249,0.0013208,0.0012896,0.0014337,0.0013268,0.0014957,0.0013791,0.0012212,0.0013174,0.0015788,0.001399,0.0014786,0.0013516,0.0014015,0.0013868,0.0013644,0.0016604,0.0016455,0.0014685,0.0015296,0.0013333,0.0014901,0.0012714,0.0014712,0.0014053,0.0015653,0.0013541,0.0015018,0.0013894,0.001338,0.0014814,0.0013589,0.0013483,0.0013723,0.001385,0.0015665,0.001552,0.0014125,0.0015933,0.0015331,0.0012616,0.0013798,0.0011544,0.001501,0.0013734,0.0014441,0.0013264,0.001468,0.0014848,0.0013897,0.0013569,0.0012488,0.0011746,0.0012999,0.0016572,0.0012557,0.0013213,0.0014973,0.0015211,0.0016936,0.0014011,0.0014811,0.0015163,0.0016748,0.0014321,0.0013177,0.0013034,0.0014134,0.0013738,0.0014518,0.0016049,0.0012248,0.001606,0.0014167,0.0015093,0.0015322,0.0014072,0.0012701,0.0016081,0.0014661,0.0013265,0.0013485,0.0013942,0.0016153,0.0012218,0.00077534,0.0015969,0.0015372,0.001513,0.0015933,0.0012577,0.0012931,0.0013855,0.0016568,0.0014086,0.0015577,0.0015519,0.0014221,0.0013166,0.0013259,0.0015154,0.0013785,0.001515,0.0015689,0.001328,0.0014438,0.0015111,0.0012076,0.0013954,0.0017477,0.0013197,0.001101,0.0015471,0.0014764,0.0015566,0.0013732,0.0015979,0.001274,0.0013291,0.0011942,0.0012606,0.0013377,0.0013376,0.0012086,0.0014882,0.0014844,0.0013119,0.0013637,0.0012357,0.0015106,0.0014002,0.0013916,0.001345,0.001399,0.0013532,0.0012989,0.0015264,0.001307,0.0014983,0.0015518,0.0013982,0.0015188,0.0014485,0.0015396,0.0013519,0.0013508,0.0014676,0.0014837,0.0014326,0.0014521,0.0014697,0.0016231,0.0014846,0.0014405,0.0013851,0.0014092,0.0014213,0.0013601,0.0014112,0.0013736,0.0014441,0.0013405,0.0016558,0.0013976,0.0014137,0.0014492,0.0014028,0.001367,0.0013315,0.0012431,0.0013498,0.0015939,0.0013431,0.0013324,0.0015069,0.0013153,0.0014476,0.0014294,0.0013676,0.0013867,0.0013981,0.0015218,0.0012367,0.0014717,0.0012511,0.0013937,0.0014215,0.0013381,0.0012191,0.001332,0.0014867,0.0011883,0.0014846,0.0012574,0.0012341,0.0014018,0.0011678,0.0013514,0.0013649,0.0012067,0.00135,0.0013772,0.0011174,0.0013015,0.0013332,0.001363,0.001212,0.0014475,0.0012533,0.0013274,0.001212,0.00096115,0.001327,0.0013635,0.0011369,0.0011263,0.001119,0.0014635,0.0013702,0.0013427,0.00099323,0.00090009,0.001012,0.0010242,0.0014042,0.0012602,0.0010037,0.0012034,0.0010094,0.0010113,0.00086747,0.00087965,0.0011312,0.0011791,0.0012962,0.0012257,1074300.0,1105700.0,792270.0,4276700.0,2284500.0,1150800.0,5856800.0,1513400.0,1879800.0,3242500.0,2966100.0,734830.0,5652900.0,1298400.0,4052200.0,2459600.0,5070500.0,4091400.0,1340500.0,3371900.0,2502600.0,3347400.0,11704000.0,958350.0,6311800.0,749460.0,9101500.0,1591900.0,1841400.0,815570.0,3232100.0,1680500.0,5814300.0,23940000.0,2520900.0,2724900.0,4347000.0,1235900.0,1513400.0,1646200.0,2062700.0,1057700.0,2058300.0,1019200.0,7475600.0,2433400.0,1825600.0,1494000.0,2274900.0,15971000.0,952090.0,7278300.0,3995200.0,706940.0,3910700.0,1079100.0,2657700.0,17679000.0,32102000.0,2373200.0,1720700.0,1532600.0,2840700.0,1036400.0,1926200.0,3409900.0,803840.0,2871900.0,1940600.0,3915400.0,2755300.0,1446400.0,1119200.0,15048000.0,5077600.0,1340600.0,3613400.0,1673300.0,965090.0,2573300.0,3702600.0,1313000.0,893150.0,2116300.0,873820.0,1861100.0,2850800.0,4950200.0,4191200.0,2338500.0,5694300.0,1300700.0,9352900.0,4677300.0,1017700.0,1694700.0,903640.0,1769700.0,3509900.0,9918500.0,1730700.0,16523000.0,1417300.0,9919600.0,1633600.0,3256300.0,1272900.0,1628100.0,12535000.0,5115100.0,2157200.0,3869300.0,2389200.0,1225800.0,656170.0,3373000.0,11659000.0,2413800.0,1291100.0,778800.0,1922000.0,735100.0,1193700.0,2218700.0,8786700.0,4156700.0,2627900.0,3087700.0,2361300.0,1498700.0,773560.0,10411000.0,2404500.0,3548600.0,2073400.0,1371700.0,1031900.0,2014200.0,1052000.0,2853800.0,3921600.0,1159600.0,1477000.0,2103000.0,1521000.0,2210500.0,2422200.0,877170.0,6912100.0,1513500.0,9390500.0,6180200.0,809830.0,10291000.0,814480.0,1274500.0,19279000.0,683650.0,12167000.0,721740.0,5575100.0,3693400.0,3817200.0,2647300.0,5252900.0,4116200.0,4227600.0,964530.0,4135000.0,1638700.0,6369200.0,1506700.0,7610900.0,1080700.0,744550.0,4005200.0,2996600.0,1988300.0,8411500.0,2288700.0,948280.0,1205600.0,3671000.0,3568300.0,1940100.0,1475700.0,747540.0,6807100.0,5275200.0,2336700.0,637470.0,17726000.0,3323000.0,5257900.0,1142200.0,18258000.0,5431600.0,1100100.0,8580600.0,1353300.0,1434500.0,3992400.0,5297000.0,799330.0,1639500.0,973680.0,1778500.0,1568200.0,1456500.0,7851700.0,2342100.0,1425100.0,12280000.0,2793800.0,1238000.0,1263500.0,3260300.0,951930.0,4669600.0,1133200.0,1854600.0,8075300.0,4435100.0,696550.0,1421900.0,10018000.0,5258300.0,5069200.0,15394000.0,3001700.0,1931800.0,2342400.0,2994600.0,3189800.0,1882600.0,1749500.0,2275100.0,1499400.0,7215800.0,652060.0,3656200.0,8296200.0,8910100.0,1863600.0,5378600.0,4029700.0,5011000.0,864140.0,1139900.0,5361500.0,1551600.0,6587500.0,3485200.0,7122400.0,1970700.0,1638700.0,1591200.0,1087700.0,1106100.0,2208100.0,945990.0,5091800.0,3371700.0,4404800.0,3356800.0,2894200.0,2745600.0,15584000.0,14989000.0,6042000.0,4601000.0,2807600.0,6148400.0,3762100.0,1781300.0,2740300.0,1353800.0,4824200.0,3044800.0,1.5267,1.8429,4.1718,2.2283,2.468,3.6655,1.2777,2.2283,4.2229,1.2259,1.989,4.2295,2.4942,2.6639,4.3075,0.83427,2.0621,4.2167,1.559,2.4954,3.8906,3.0291,2.8419,5.8365,1.2232,2.0012,4.2262,1.7406,1.7194,4.2481,1.277,2.2355,4.2336,0.83006,2.0562,4.2131,2.9075,2.8392,4.5526,5.6844,2.7729,1.4513,1.2347,2.8414,3.6181,0.93205,2.1501,3.0176,2.503,2.0714,4.4649,1.47,1.6808,3.902,0.6631,2.5917,3.8809,1.9787,1.7805,3.4843,1.1063,2.4326,3.1029,0.30231,2.2869,3.554,1.8001,1.6625,3.3902,2.1089,2.7951,4.3811,1.8152,1.6607,3.3842,1.5143,1.6669,3.9228,0.37866,2.1458,3.1861,2.0405,2.375,4.413,1.4754,1.6767,3.2139,0.84994,1.8939,2.7686,3.0683,2.8418,5.8679,1.982,1.7722,3.4813,0.97066,2.7163,2.8869,1.7863,2.5897,4.0017,0.65584,1.8799,2.7811,1.085,2.4382,3.0764,1.9083,1.9201,4.4937,1.7218,1.6814,3.8938,0.52952,2.1956,3.769,1.2261,2.4554,3.7987,1.0019,2.0805,3.2559,2.5493,2.3068,4.3029,2.0511,2.1683,4.689,1.4938,1.6722,3.9147,1.8925,1.9355,4.4907,1.4773,2.177,3.2633,0.83265,2.1204,3.1582,2.4322,2.3916,4.3325,1.9581,2.5839,4.8811,1.9381,2.6016,4.8681,2.5482,2.3061,4.2952,1.2826,2.4972,3.9343,1.7206,2.2537,4.3158,2.2184,3.0443,4.1352,0.53627,2.4536,2.5078,1.5066,2.0452,4.6013,2.0365,3.0554,3.9599,0.34815,2.3789,3.4171,1.6757,1.6278,4.083,0.73769,2.0703,3.0847,2.2456,2.2744,4.6631,0.61437,2.5605,3.0293,0.96484,2.1199,3.2561,0.10074,2.8941,1.9032,1.9991,2.0381,4.5899,2.5412,2.3218,4.277,2.5777,2.3268,5.1858,2.0992,2.7883,4.3617,1.1012,1.8529,3.9629,4.6075,2.9648,0.54125,0.86491,2.1449,3.0392,1.3545,2.1018,4.267,1.0941,2.1211,3.5071,2.2405,2.733,4.5069,1.6749,1.5972,4.1532,1.1512,2.5471,3.0683,0.75034,2.4344,3.7603,2.0984,1.902,3.7186,1.5582,2.4626,3.4734,1.597,2.5582,3.5946,1.6066,1.6707,4.2651,2.0651,2.778,4.5575,2.1094,2.7752,4.6089,3.3359,2.7975,6.093,1.7033,1.6105,4.1724,1.7439,1.986,3.4326,2.2136,2.9524,5.038,1.1613,2.5529,3.0744,2.6445,2.4361,4.9917,0.99211,2.6222,4.0913,1.5673,2.4547,3.4882,1.1365,1.8468,4.0966,1.6795,1.6241,4.0824,1.7352,1.9731,3.4355,0.053031,2.9352,3.1213,2.8969,2.2793,4.5831,1.3601,1.9565,4.2408,1.2289,2.6577,3.3316,1.4589,2.4528,3.359,1.7945,1.9662,3.7042,1.9534,2.3723,4.0012,1.0998,2.3035,3.2001,2.5142,2.0233,5.1788,1.1886,2.6817,3.3054,1.4531,2.467,3.3509,0.19919,2.9775,3.2439,0.68073,1.8187,2.8806,1.6938,2.0241,4.4483,1.4861,1.8619,4.1399,5.4722,2.8939,1.7998,0.81973,2.145,2.8198,0.95368,2.6309,4.0705,2.2262,2.5322,3.6405,2.6413,2.4018,4.9645,2.8569,2.6702,4.5319,2.0897,2.4775,4.5233,2.3407,2.1207,4.1874,0.75942,2.0283,3.3471,0.39715,2.4544,2.9387,0.57169,2.1546,3.7772,2.4242,2.4986,4.4679,0.78716,2.427,2.9026,1.2681,1.5765,4.3095,1.6844,1.9975,3.4579,0.098505,2.6804,2.086,3.3207,2.9496,0.056982,0.80513,2.406,2.9128,1.6547,1.6433,4.0963,1.5185,1.8324,3.192,0.76475,2.4317,2.8621,2.1799,2.3419,4.9533,1.1607,2.5574,3.0994,1.0941,2.047,3.5311,0.51025,1.9933,3.2638,1.7079,1.9883,3.4431,2.4376,2.0872,4.1598,2.1436,2.1505,4.9723,1.312,1.7462,3.8083,0.71425,1.9814,2.7611,2.137,2.1536,4.9833,2.2853,2.206,4.4785,1.5526,2.323,3.9675,4.1977,2.9905,0.13041,1.9313,2.3786,3.9968,0.79677,1.9719,4.1185,1.1801,2.5947,4.222,3.4939,2.8431,6.0889,1.5813,1.5986,3.2738,0.2837,2.3214,3.4098,5.0915,2.9851,0.98753,0.52197,2.7931,3.2444,1.2367,2.5164,2.9907,2.1741,2.1427,4.9633,1.5079,2.0908,4.364,1.5593,1.623,3.309,1.4119,2.9228,3.3112,0.53014,2.4215,2.7644,0.89195,2.4496,2.9934,0.22083,2.627,3.3401,1.6576,2.2949,4.158,0.48691,2.4347,2.7333,1.0407,2.2083,3.6463,1.3619,1.799,4.2996,0.29346,2.3159,3.417,1.5635,1.6061,3.2805,0.53348,2.4189,2.7554,2.9992,2.8682,5.9466,1.9561,2.5871,4.024,1.9981,2.1979,4.5944,2.5382,2.749,5.2383,1.8279,1.9655,3.8808,1.3293,1.8132,3.7045,2.1983,2.1494,4.9853,1.4388,2.6354,4.0048,0.82458,3.0628,2.632,4.6108,2.9668,0.34724,1.2526,2.7138,4.2982,1.8971,1.9535,3.8878,1.2299,2.6393,2.8482,0.32189,2.7877,2.9365,0.98258,2.8931,4.1591,0.54063,2.5065,2.5812,0.72291,1.9544,2.9529,0.54107,2.4235,3.4173,1.6198,2.1848,4.2586,1.233,2.7203,4.3288,0.63931,1.9708,3.0894,2.0013,1.8746,3.7938,1.233,1.8509,3.6582,2.4253,2.6975,4.9367,1.4083,1.5402,4.1839,1.3635,2.1469,3.1896,0.6604,1.9844,3.084,0.55433,2.4017,2.601,1.6829,2.3016,4.1435,2.3961,2.6906,4.9606,0.62261,1.9843,3.0741,1.5946,1.7138,3.3218,0.66937,3.0218,2.5317,0.56453,2.5163,2.5901,3.0085,2.7458,5.9589,6.173,2.864,2.5386,4.5026,2.9697,0.21866,2.3644,2.3824,3.7566,1.085,3.0789,3.9148,1.3787,2.3234,3.5333,0.61436,3.0893,3.4334,2.3733,2.227,3.7957,1.245,1.8501,3.6611,2.4215,2.332,4.5757,2.5929,2.6433,4.0736,1.2652,2.6957,4.3373,1.8455,1.9605,3.887,1.1448,2.7872,3.6795,2.4208,2.4489,5.051,1.5525,2.6302,3.3072,2.1739,2.2053,4.093,0.81793,1.9276,3.3777,2.3853,2.3965,3.7735,2.3545,2.3982,3.7505,2.2072,1.9162,4.9375,2.6552,2.2907,4.8026,2.3709,2.2378,3.8069,1.3978,1.5925,3.8547,2.437,2.6895,4.975,1.8564,1.9575,3.8952,0.79044,2.1389,4.0113,1.6053,1.8351,4.2797,2.4131,2.6817,4.9698,1.4542,2.3902,3.2599,5.9143,2.87,2.1874,1.8625,1.7853,3.4924,1.989,3.0056,4.2907,2.0337,1.9573,4.776,1.1157,2.5876,4.2954,1.9038,2.1481,4.8817,1.6282,1.7992,3.9595,1.6084,2.0088,3.382,1.051,2.7635,3.6081,0.94539,2.8388,3.8157,1.4327,2.425,3.8633,1.1402,2.7699,3.6678,1.82,1.7914,4.0919,0.85846,2.4596,2.7818,1.883,2.0836,4.3877,0.082208,2.795,2.8756,1.0788,1.9558,4.2804,0.95593,2.3249,3.0262,1.6233,2.3984,4.5814,0.98911,2.0873,2.8334,0.75504,2.0034,2.7269,1.632,1.7962,3.9615,0.90955,2.4558,2.8052,1.3683,1.5876,3.8378,2.7726,2.5947,4.6328,1.0754,2.1538,3.632,1.1378,2.7851,3.661,1.982,1.9891,4.475,1.0694,1.962,4.2558,1.8654,1.6484,3.4456,1.6742,2.4837,3.9927,2.1521,2.5529,4.9137,2.1281,2.374,3.681,1.2046,3.0697,3.4404,1.4361,1.457,4.239,0.64293,2.9942,3.6276,1.6304,1.7455,4.2357,0.75834,1.9998,2.7365,0.64979,2.2019,3.9717,2.667,2.6011,4.5296,1.9974,2.1218,3.4418,1.3837,2.9148,3.5391,1.0833,2.1985,3.6323,2.5328,2.0067,4.4696,1.4944,1.735,4.4218,1.6072,2.5909,3.5785,2.0637,2.287,4.0686,2.7093,2.3565,4.998,0.44452,2.524,2.9485
0.04003,0.062969,0.0022474,211.86,216.66,203.95,0.0012213,0.0013484,0.001012,205.17,212.35,210.25,201.0,194.1,199.61,226.76,213.36,230.02,203.87,231.8,247.5,201.78,201.45,202.68,218.17,209.58,210.34,180.27,189.92,258.94,204.46,180.55,219.22,185.22,230.12,213.19,254.44,150.96,228.12,198.61,208.18,168.25,232.07,233.19,275.45,222.34,186.57,227.47,269.55,249.28,163.77,254.02,176.15,224.69,205.95,242.4,234.08,263.72,232.24,234.58,203.79,255.76,258.03,246.17,206.49,241.11,211.34,193.27,283.44,242.57,237.85,247.87,175.17,213.17,190.59,217.4,198.5,260.64,214.3,210.74,206.46,223.64,232.18,193.57,189.01,229.12,218.71,244.92,234.87,217.61,236.32,245.58,201.82,245.53,144.71,247.27,197.52,225.55,204.66,234.61,248.42,208.17,203.09,195.94,167.66,217.12,271.43,187.32,205.81,250.17,250.53,275.12,231.02,219.44,243.28,300.15,227.09,187.29,225.45,200.3,191.53,220.28,252.1,141.06,252.88,224.29,249.85,249.44,212.98,169.92,234.11,256.28,184.19,208.74,212.55,257.17,170.19,174.38,250.94,238.1,230.49,269.04,203.73,199.08,222.97,245.52,228.32,251.8,229.57,233.83,195.68,244.65,254.65,199.9,225.73,300.35,200.89,213.07,252.22,193.4,204.9,274.1,205.85,137.16,259.76,250.68,246.74,201.08,274.01,200.87,210.08,169.71,170.62,194.79,221.47,172.67,242.78,232.09,193.08,214.74,224.52,234.73,190.15,230.0,212.66,198.61,201.03,201.13,275.65,205.76,246.78,280.51,214.93,240.45,207.88,271.41,215.87,206.43,250.82,277.62,215.09,239.41,229.99,203.93,248.48,223.0,221.56,207.36,226.11,200.56,228.92,215.83,224.08,221.07,215.07,222.21,202.33,246.45,246.16,214.89,196.26,180.39,222.83,261.92,187.32,198.7,271.0,204.23,217.52,231.4,215.71,224.71,247.46,250.91,183.26,234.19,190.25,238.53,208.23,239.57,177.49,239.12,239.38,169.11,252.7,211.27,158.15,232.75,181.26,210.08,228.69,177.8,214.7,229.77,194.92,220.47,225.25,217.27,183.35,231.57,203.61,209.6,209.81,166.1,255.43,249.9,202.96,168.82,201.3,262.22,219.8,225.17,214.54,147.17,160.55,200.9,236.18,211.9,212.23,213.04,204.94,187.7,167.91,184.28,227.65,217.25,231.97,221.3,0.00083234,0.0010545,0.0010468,0.0010661,0.00098023,0.0010928,0.0011998,0.00094543,0.0011614,0.00097287,0.0012307,0.0013602,0.0011086,0.0010824,0.0010081,0.001319,0.0011905,0.0011558,0.0011494,0.0011672,0.0015317,0.001343,0.0011234,0.0014414,0.0012706,0.001386,0.0011974,0.0014872,0.0011012,0.0015295,0.0011896,0.0012873,0.0011675,0.0013155,0.0014157,0.0016321,0.0013222,0.0013093,0.001414,0.0014847,0.0013547,0.0010126,0.0015721,0.001227,0.0013235,0.0012916,0.0014369,0.0013285,0.0014993,0.0013814,0.0012222,0.0013188,0.0015827,0.0014022,0.0014826,0.0013539,0.0014044,0.0013908,0.0013681,0.0016661,0.0016496,0.0014724,0.0015348,0.0013345,0.0014939,0.0012731,0.0014773,0.0014099,0.001567,0.0013575,0.0015055,0.0013915,0.0013415,0.0014846,0.0013616,0.00135,0.001375,0.0013886,0.0015699,0.0015561,0.0014178,0.0015966,0.0015358,0.0012653,0.0013829,0.0011562,0.0015066,0.0013769,0.0014483,0.0013294,0.0014704,0.0014913,0.0013951,0.0013622,0.0012525,0.0011766,0.0013014,0.0016646,0.0012599,0.0013238,0.0015041,0.0015237,0.001702,0.0014067,0.0014863,0.0015198,0.0016796,0.001438,0.0013228,0.0013073,0.0014119,0.0013766,0.0014572,0.0016121,0.001231,0.0016078,0.0014227,0.0015151,0.0015383,0.001405,0.0012737,0.0016155,0.0014715,0.0013324,0.0013541,0.0013964,0.0016248,0.0012254,0.00077851,0.0016049,0.0015424,0.0015189,0.0015962,0.0012603,0.0012973,0.0013834,0.0016661,0.0014136,0.0015617,0.0015462,0.0014266,0.0013197,0.0013289,0.0015221,0.0013831,0.0015232,0.0015726,0.0013338,0.0014496,0.0015166,0.0012108,0.0013994,0.0017489,0.0013233,0.0011034,0.0015513,0.0014837,0.001561,0.001365,0.0016055,0.0012761,0.0013337,0.0011971,0.0012606,0.0013436,0.0013428,0.0012122,0.0014936,0.0014841,0.0013153,0.0013689,0.0012369,0.001513,0.0014022,0.0013973,0.0013494,0.0014037,0.0013566,0.0013019,0.001528,0.0013095,0.0015006,0.0015605,0.001403,0.0015219,0.0014531,0.0015448,0.0013559,0.0013543,0.0014701,0.0014875,0.0014362,0.001455,0.0014762,0.00163,0.0014899,0.0014436,0.0013896,0.0014126,0.0014224,0.0013641,0.0014154,0.0013777,0.0014482,0.0013434,0.0016642,0.0014004,0.001416,0.0014527,0.0014048,0.0013694,0.0013339,0.0012464,0.0013514,0.0015986,0.0013452,0.0013345,0.0015096,0.0013182,0.0014509,0.0014322,0.0013695,0.0013886,0.0014008,0.0015242,0.0012387,0.0014778,0.0012538,0.0013961,0.0014229,0.0013395,0.0012208,0.0013339,0.0014896,0.001189,0.0014864,0.0012587,0.0012362,0.001404,0.0011691,0.0013543,0.0013676,0.0012085,0.0013513,0.0013788,0.0011176,0.001304,0.0013348,0.0013648,0.0012128,0.0014491,0.0012543,0.0013295,0.0012138,0.00096139,0.0013288,0.0013664,0.0011377,0.0011271,0.0011196,0.0014643,0.0013724,0.001344,0.00099344,0.00090004,0.001012,0.0010242,0.0014054,0.0012624,0.0010035,0.0012043,0.0010097,0.0010117,0.00086794,0.00087942,0.0011315,0.0011789,0.0012975,0.001226,1074300.0,1105700.0,792270.0,4276700.0,2284500.0,1150800.0,5856800.0,1513400.0,1879800.0,3242500.0,2966100.0,734830.0,5652900.0,1298400.0,4052200.0,2459600.0,5070500.0,4091400.0,1340500.0,3371900.0,2502600.0,3347400.0,11704000.0,958350.0,6311800.0,749460.0,9101500.0,1591900.0,1841400.0,815570.0,3232100.0,1680500.0,5814300.0,23940000.0,2520900.0,2724900.0,4347000.0,1235900.0,1513400.0,1646200.0,2062700.0,1057700.0,2058300.0,1019200.0,7475600.0,2433400.0,1825600.0,1494000.0,2274900.0,15971000.0,952090.0,7278300.0,3995200.0,706940.0,3910700.0,1079100.0,2657700.0,17679000.0,32102000.0,2373200.0,1720700.0,1532600.0,2840700.0,1036400.0,1926200.0,3409900.0,803840.0,2871900.0,1940600.0,3915400.0,2755300.0,1446400.0,1119200.0,15048000.0,5077600.0,1340600.0,3613400.0,1673300.0,965090.0,2573300.0,3702600.0,1313000.0,893150.0,2116300.0,873820.0,1861100.0,2850800.0,4950200.0,4191200.0,2338500.0,5694300.0,1300700.0,9352900.0,4677300.0,1017700.0,1694700.0,903640.0,1769700.0,3509900.0,9918500.0,1730700.0,16523000.0,1417300.0,9919600.0,1633600.0,3256300.0,1272900.0,1628100.0,12535000.0,5115100.0,2157200.0,3869300.0,2389200.0,1225800.0,656170.0,3373000.0,11659000.0,2413800.0,1291100.0,778800.0,1922000.0,735100.0,1193700.0,2218700.0,8786700.0,4156700.0,2627900.0,3087700.0,2361300.0,1498700.0,773560.0,10411000.0,2404500.0,3548600.0,2073400.0,1371700.0,1031900.0,2014200.0,1052000.0,2853800.0,3921600.0,1159600.0,1477000.0,2103000.0,1521000.0,2210500.0,2422200.0,877170.0,6912100.0,1513500.0,9390500.0,6180200.0,809830.0,10291000.0,814480.0,1274500.0,19279000.0,683650.0,12167000.0,721740.0,5575100.0,3693400.0,3817200.0,2647300.0,5252900.0,4116200.0,4227600.0,964530.0,4135000.0,1638700.0,6369200.0,1506700.0,7610900.0,1080700.0,744550.0,4005200.0,2996600.0,1988300.0,8411500.0,2288700.0,948280.0,1205600.0,3671000.0,3568300.0,1940100.0,1475700.0,747540.0,6807100.0,5275200.0,2336700.0,637470.0,17726000.0,3323000.0,5257900.0,1142200.0,18258000.0,5431600.0,1100100.0,8580600.0,1353300.0,1434500.0,3992400.0,5297000.0,799330.0,1639500.0,973680.0,1778500.0,1568200.0,1456500.0,7851700.0,2342100.0,1425100.0,12280000.0,2793800.0,1238000.0,1263500.0,3260300.0,951930.0,4669600.0,1133200.0,1854600.0,8075300.0,4435100.0,696550.0,1421900.0,10018000.0,5258300.0,5069200.0,15394000.0,3001700.0,1931800.0,2342400.0,2994600.0,3189800.0,1882600.0,1749500.0,2275100.0,1499400.0,7215800.0,652060.0,3656200.0,8296200.0,8910100.0,1863600.0,5378600.0,4029700.0,5011000.0,864140.0,1139900.0,5361500.0,1551600.0,6587500.0,3485200.0,7122400.0,1970700.0,1638700.0,1591200.0,1087700.0,1106100.0,2208100.0,945990.0,5091800.0,3371700.0,4404800.0,3356800.0,2894200.0,2745600.0,15584000.0,14989000.0,6042000.0,4601000.0,2807600.0,6148400.0,3762100.0,1781300.0,2740300.0,1353800.0,4824200.0,3044800.0,1.5267,1.8431,4.1717,2.2283,2.4681,3.6655,1.2776,2.2283,4.2229,1.2257,1.9891,4.2294,2.494,2.6639,4.3076,0.83354,2.0621,4.2167,1.5601,2.4958,3.8905,3.0298,2.842,5.8371,1.2229,2.0016,4.2259,1.7404,1.7194,4.2481,1.277,2.2358,4.234,0.82912,2.056,4.213,2.9079,2.8393,4.554,5.6834,2.7727,1.4506,1.2347,2.8412,3.6181,0.93121,2.1502,3.0174,2.5036,2.0721,4.4656,1.4699,1.6809,3.9019,0.6633,2.5924,3.8807,1.9779,1.781,3.4847,1.1074,2.4321,3.1045,0.30309,2.287,3.5535,1.8006,1.6622,3.3903,2.1076,2.794,4.3788,1.816,1.6604,3.3841,1.5154,1.6666,3.9233,0.37813,2.1463,3.1855,2.0408,2.3756,4.414,1.4754,1.677,3.2144,0.85044,1.8945,2.7684,3.0701,2.8418,5.8696,1.9814,1.7726,3.4815,0.96962,2.7163,2.8871,1.7853,2.5896,4.0017,0.65659,1.8803,2.7806,1.0853,2.438,3.0771,1.9086,1.9203,4.4937,1.723,1.6809,3.8937,0.53021,2.1953,3.7699,1.2272,2.4566,3.7991,1.0017,2.0812,3.2553,2.5495,2.3072,4.3034,2.0507,2.1689,4.6895,1.4942,1.672,3.9149,1.8923,1.9361,4.4907,1.477,2.1773,3.2631,0.83279,2.1218,3.1571,2.4326,2.3922,4.3331,1.9584,2.5833,4.8806,1.938,2.6018,4.8675,2.5483,2.3064,4.2956,1.2824,2.4976,3.9339,1.7217,2.2544,4.3165,2.2221,3.0436,4.1382,0.53741,2.4531,2.509,1.5055,2.0449,4.6012,2.035,3.0551,3.9577,0.34673,2.3791,3.4163,1.6761,1.6276,4.0829,0.73857,2.0718,3.0842,2.2458,2.2752,4.6636,0.61409,2.5588,3.0304,0.96347,2.1217,3.2554,0.099756,2.8941,1.901,1.9993,2.0398,4.5901,2.5411,2.3226,4.2766,2.5741,2.3264,5.185,2.0975,2.787,4.3586,1.1019,1.8529,3.9636,4.6071,2.9635,0.54239,0.86426,2.1456,3.0386,1.3562,2.1019,4.2671,1.0953,2.1221,3.5075,2.2381,2.7322,4.5043,1.6742,1.597,4.153,1.1515,2.5468,3.0685,0.75039,2.4348,3.7601,2.0999,1.9011,3.718,1.5569,2.4634,3.4735,1.5947,2.5592,3.594,1.6047,1.6703,4.2655,2.0637,2.7768,4.5566,2.109,2.774,4.6093,3.3355,2.798,6.0925,1.7034,1.6108,4.1728,1.7455,1.9855,3.432,2.2168,2.9528,5.0423,1.1619,2.5528,3.0745,2.6448,2.4357,4.9918,0.99122,2.6228,4.0922,1.5661,2.4553,3.4888,1.1345,1.8484,4.0965,1.6802,1.6239,4.0823,1.7365,1.972,3.4349,0.045474,2.9347,3.1144,2.8974,2.2788,4.584,1.3615,1.9566,4.242,1.2282,2.6567,3.3321,1.4587,2.4526,3.3595,1.793,1.9656,3.7036,1.9538,2.3735,4.0016,1.0999,2.3041,3.2005,2.5134,2.0223,5.1799,1.1868,2.6812,3.3052,1.4527,2.4674,3.3512,0.19673,2.9785,3.241,0.68077,1.8191,2.8795,1.6934,2.0239,4.4494,1.4865,1.8617,4.1406,5.4698,2.8935,1.7978,0.82012,2.1458,2.8211,0.95143,2.6318,4.0708,2.2286,2.5322,3.6412,2.6414,2.4001,4.9634,2.8589,2.669,4.5325,2.0878,2.476,4.5235,2.3403,2.1214,4.1873,0.75922,2.0298,3.3469,0.39962,2.4537,2.9407,0.571,2.155,3.7791,2.4254,2.4982,4.4692,0.78806,2.4261,2.9042,1.2686,1.5764,4.3102,1.6839,1.9972,3.4581,0.10154,2.6801,2.0871,3.3241,2.9498,0.061603,0.80694,2.4041,2.9149,1.6545,1.6437,4.0966,1.5196,1.8319,3.1926,0.7652,2.4308,2.8625,2.1804,2.3416,4.9532,1.1618,2.5573,3.1006,1.0965,2.0499,3.5319,0.50933,1.994,3.2641,1.7081,1.9876,3.4429,2.4401,2.0877,4.1584,2.1433,2.1502,4.9722,1.3128,1.7459,3.8086,0.71518,1.9817,2.7613,2.1364,2.1536,4.9837,2.2843,2.2067,4.4793,1.5522,2.3242,3.9678,4.1977,2.9898,0.13027,1.9303,2.3801,3.997,0.79537,1.9721,4.1186,1.1808,2.5954,4.2225,3.4932,2.8426,6.0895,1.5832,1.5979,3.2734,0.28216,2.3223,3.4095,5.0898,2.9849,0.98489,0.52093,2.7933,3.2444,1.2359,2.5168,2.9913,2.1748,2.1425,4.963,1.5091,2.0907,4.3646,1.5604,1.6232,3.3098,1.4141,2.9229,3.3095,0.53291,2.4206,2.766,0.89091,2.4493,2.9933,0.22101,2.6273,3.3401,1.6596,2.2965,4.1593,0.48839,2.4344,2.734,1.0404,2.2097,3.6457,1.3608,1.7986,4.2998,0.29254,2.3164,3.4173,1.5648,1.6057,3.2804,0.53653,2.4178,2.7567,2.9997,2.8681,5.9482,1.9541,2.5866,4.0235,1.9989,2.1984,4.5946,2.5347,2.748,5.2368,1.8255,1.9655,3.88,1.3304,1.8129,3.705,2.1998,2.1493,4.9855,1.4397,2.6346,4.0043,0.81622,3.062,2.6224,4.6086,2.9661,0.34549,1.2526,2.715,4.297,1.8968,1.9534,3.8879,1.2293,2.6396,2.8476,0.32048,2.788,2.9359,0.98372,2.8933,4.1597,0.5398,2.506,2.5813,0.72383,1.9554,2.9515,0.54085,2.4244,3.4169,1.6216,2.1851,4.2596,1.2319,2.7215,4.3284,0.63949,1.9716,3.0882,2.0022,1.8739,3.793,1.2344,1.8511,3.6587,2.4237,2.6967,4.9348,1.4093,1.5408,4.1842,1.3626,2.1467,3.19,0.66115,1.9856,3.0828,0.55716,2.4,2.6019,1.6847,2.3032,4.144,2.394,2.6895,4.9598,0.62217,1.9854,3.0726,1.5956,1.714,3.3216,0.67278,3.0212,2.5335,0.56429,2.5162,2.5902,3.0117,2.7458,5.9614,6.1729,2.8639,2.5386,4.4974,2.9689,0.21335,2.3649,2.3815,3.7565,1.0921,3.0787,3.9235,1.3766,2.3256,3.5322,0.60622,3.0895,3.4266,2.3734,2.2267,3.7952,1.2465,1.8501,3.6617,2.4213,2.3319,4.5763,2.5932,2.644,4.0752,1.2654,2.6959,4.3373,1.844,1.9604,3.8863,1.1454,2.7869,3.6804,2.4198,2.4477,5.0495,1.5509,2.6303,3.3077,2.174,2.206,4.0928,0.81867,1.9284,3.3778,2.3862,2.396,3.774,2.3546,2.3977,3.7503,2.2081,1.9172,4.9387,2.6553,2.2907,4.8029,2.3711,2.2378,3.8067,1.3983,1.5927,3.8554,2.4361,2.6885,4.9744,1.8553,1.9573,3.8949,0.79081,2.1387,4.013,1.6054,1.8351,4.2803,2.4117,2.6804,4.9692,1.4544,2.3902,3.2599,5.9139,2.8696,2.1869,1.8626,1.7848,3.493,1.989,3.0049,4.29,2.0345,1.9576,4.7768,1.1163,2.5879,4.2962,1.9046,2.1481,4.8824,1.6286,1.799,3.9592,1.6085,2.0088,3.3816,1.0523,2.763,3.6096,0.94659,2.8389,3.816,1.4344,2.4261,3.864,1.1407,2.7689,3.6683,1.8195,1.791,4.0918,0.85696,2.4595,2.7821,1.8823,2.0841,4.3878,0.082597,2.7949,2.8769,1.0786,1.9556,4.2809,0.95626,2.3245,3.0268,1.623,2.3984,4.5812,0.98938,2.0872,2.8334,0.7554,2.0035,2.7264,1.6326,1.7958,3.9613,0.90938,2.4556,2.8062,1.3678,1.5876,3.8378,2.7726,2.5948,4.6326,1.0751,2.1544,3.6322,1.1383,2.7846,3.6614,1.9822,1.9892,4.475,1.0689,1.962,4.2556,1.8658,1.6484,3.4454,1.6746,2.4839,3.9925,2.1533,2.5528,4.9133,2.1273,2.3738,3.68,1.205,3.0695,3.4409,1.4358,1.4567,4.2391,0.64375,2.994,3.6281,1.6306,1.7453,4.2357,0.75875,1.9998,2.7363,0.64863,2.2022,3.9725,2.6663,2.6011,4.5294,1.9976,2.1216,3.4419,1.3837,2.9146,3.5391,1.0834,2.1987,3.6322,2.5328,2.007,4.4697,1.4945,1.735,4.4218,1.6071,2.5908,3.5784,2.0638,2.287,4.0685,2.7092,2.3559,4.9976,0.44454,2.5238,2.9482
0.040861,0.064285,0.0022771,212.14,217.05,204.06,0.001223,0.0013507,0.0010127,205.3,212.56,210.49,201.27,194.35,199.71,226.92,213.5,230.36,204.12,232.14,247.87,201.89,201.73,202.92,218.66,209.75,210.7,180.6,190.0,259.53,204.75,180.75,219.52,185.41,230.56,213.53,254.9,151.2,228.47,198.82,208.3,168.29,232.4,233.52,275.99,222.78,186.8,228.0,270.21,249.69,163.95,254.35,176.36,225.11,206.29,242.81,234.44,264.31,232.64,234.94,204.09,256.38,258.55,246.82,206.92,241.52,211.72,193.62,284.13,243.2,238.43,248.57,175.16,213.56,190.83,217.87,198.87,260.66,214.65,211.11,206.5,224.17,232.71,193.91,189.26,229.38,219.22,245.49,235.33,217.9,236.52,245.57,202.18,246.02,144.9,247.75,197.79,225.96,205.08,235.04,249.1,208.58,203.4,196.29,168.0,217.19,272.14,187.81,205.96,250.83,251.0,276.05,231.62,219.97,243.85,300.88,227.78,187.73,225.88,200.74,191.68,220.88,252.6,141.88,253.23,224.79,250.54,249.87,213.51,170.43,234.74,256.77,184.91,209.25,212.99,258.27,170.63,175.66,251.81,238.81,230.89,269.24,204.01,199.43,224.76,246.27,228.85,252.25,229.02,234.4,196.2,244.98,255.35,200.39,226.64,300.62,201.41,213.84,252.59,193.74,205.34,274.56,206.21,137.41,259.21,251.5,247.27,200.99,274.86,201.09,210.64,169.92,170.49,195.16,222.05,173.03,243.43,232.25,193.22,215.17,224.73,235.07,190.17,230.52,213.17,198.95,201.23,201.46,275.89,206.11,247.1,281.45,215.36,240.94,208.25,272.08,216.43,206.7,251.38,278.32,215.6,239.89,230.63,204.9,249.02,223.49,222.22,207.57,226.42,200.98,229.26,216.22,224.51,221.58,216.37,222.7,202.77,246.75,246.72,215.38,196.46,180.75,223.24,262.66,187.84,199.0,271.34,204.53,217.98,231.88,216.11,225.17,248.0,251.22,183.58,234.89,190.54,238.94,208.47,239.74,177.72,239.56,239.86,169.21,253.01,211.51,158.53,233.16,181.5,210.44,229.2,178.07,215.08,230.04,195.03,220.89,225.65,217.6,183.57,231.87,203.81,209.96,210.19,166.24,255.73,250.37,203.19,169.02,201.5,262.5,220.22,225.41,214.77,147.28,160.71,201.06,236.43,212.25,212.42,213.3,205.18,187.9,168.1,184.43,227.83,217.36,232.3,221.46,0.00083227,0.001055,0.0010476,0.0010674,0.0009812,0.0010927,0.0012007,0.00094577,0.0011632,0.00097383,0.0012324,0.0013621,0.0011085,0.001084,0.001009,0.0013217,0.0011914,0.0011579,0.0011514,0.0011677,0.0015351,0.0013448,0.0011247,0.0014435,0.001272,0.0013891,0.0011995,0.0014898,0.001103,0.0015316,0.001191,0.0012883,0.0011677,0.0013172,0.0014179,0.0016352,0.0013247,0.0013108,0.0014174,0.0014887,0.0013572,0.0010132,0.0015742,0.0012287,0.0013264,0.0012937,0.0014397,0.00133,0.0015029,0.0013838,0.0012235,0.0013205,0.001586,0.0014049,0.0014863,0.0013563,0.0014068,0.0013935,0.0013705,0.0016707,0.0016532,0.0014753,0.0015387,0.0013353,0.0014968,0.0012746,0.0014809,0.0014125,0.0015684,0.0013596,0.0015078,0.0013927,0.0013444,0.0014875,0.0013639,0.0013514,0.0013767,0.0013918,0.0015728,0.0015586,0.001421,0.0015988,0.0015373,0.0012672,0.0013855,0.0011577,0.0015095,0.0013787,0.0014505,0.0013316,0.0014726,0.0014954,0.0013981,0.0013648,0.0012545,0.0011788,0.0013028,0.0016692,0.0012627,0.0013253,0.0015076,0.0015264,0.0017071,0.0014101,0.0014894,0.0015221,0.0016832,0.0014415,0.0013258,0.0013101,0.0014132,0.0013782,0.0014609,0.0016156,0.0012349,0.0016101,0.0014258,0.0015187,0.0015416,0.0014058,0.0012762,0.0016198,0.0014748,0.0013364,0.0013572,0.0013975,0.0016311,0.0012285,0.00078358,0.0016097,0.0015466,0.0015217,0.0015995,0.0012624,0.0013,0.001386,0.0016704,0.0014165,0.0015643,0.0015431,0.0014294,0.0013227,0.001331,0.0015262,0.0013869,0.0015272,0.0015743,0.001337,0.0014534,0.00152,0.0012131,0.0014018,0.001751,0.0013257,0.0011049,0.0015515,0.0014884,0.0015642,0.0013623,0.0016098,0.0012778,0.0013369,0.0011988,0.0012616,0.0013466,0.0013459,0.001215,0.0014972,0.0014853,0.0013171,0.001372,0.0012384,0.0015151,0.0014034,0.001401,0.0013523,0.0014062,0.0013583,0.0013037,0.0015296,0.0013115,0.0015031,0.0015659,0.0014059,0.0015247,0.0014558,0.0015489,0.0013589,0.0013563,0.001473,0.0014906,0.0014393,0.001458,0.0014804,0.001635,0.0014934,0.0014466,0.0013924,0.0014153,0.0014241,0.0013669,0.0014179,0.0013803,0.0014512,0.0013462,0.0016712,0.0014032,0.0014187,0.0014548,0.0014073,0.0013719,0.0013354,0.0012485,0.0013536,0.0016031,0.0013479,0.0013362,0.0015115,0.00132,0.0014536,0.0014354,0.0013717,0.001391,0.0014042,0.0015264,0.0012406,0.001482,0.0012559,0.0013987,0.0014246,0.0013407,0.0012221,0.0013362,0.0014929,0.0011898,0.0014884,0.0012601,0.0012389,0.0014068,0.0011709,0.0013568,0.0013706,0.0012108,0.0013527,0.0013804,0.0011183,0.0013066,0.001337,0.0013669,0.0012142,0.0014511,0.0012557,0.0013315,0.0012161,0.00096223,0.0013307,0.0013693,0.001139,0.0011286,0.0011206,0.0014657,0.0013746,0.0013456,0.00099424,0.00090075,0.0010127,0.0010248,0.001407,0.0012644,0.001004,0.0012057,0.0010108,0.0010128,0.00086884,0.00087985,0.0011323,0.0011794,0.0012991,0.001227,1074300.0,1105700.0,792270.0,4276700.0,2284500.0,1150800.0,5856800.0,1513400.0,1879800.0,3242500.0,2966100.0,734830.0,5652900.0,1298400.0,4052200.0,2459600.0,5070500.0,4091400.0,1340500.0,3371900.0,2502600.0,3347400.0,11704000.0,958350.0,6311800.0,749460.0,9101500.0,1591900.0,1841400.0,815570.0,3232100.0,1680500.0,5814300.0,23940000.0,2520900.0,2724900.0,4347000.0,1235900.0,1513400.0,1646200.0,2062700.0,1057700.0,2058300.0,1019200.0,7475600.0,2433400.0,1825600.0,1494000.0,2274900.0,15971000.0,952090.0,7278300.0,3995200.0,706940.0,3910700.0,1079100.0,2657700.0,17679000.0,32102000.0,2373200.0,1720700.0,1532600.0,2840700.0,1036400.0,1926200.0,3409900.0,803840.0,2871900.0,1940600.0,3915400.0,2755300.0,1446400.0,1119200.0,15048000.0,5077600.0,1340600.0,3613400.0,1673300.0,965090.0,2573300.0,3702600.0,1313000.0,893150.0,2116300.0,873820.0,1861100.0,2850800.0,4950200.0,4191200.0,2338500.0,5694300.0,1300700.0,9352900.0,4677300.0,1017700.0,1694700.0,903640.0,1769700.0,3509900.0,9918500.0,1730700.0,16523000.0,1417300.0,9919600.0,1633600.0,3256300.0,1272900.0,1628100.0,12535000.0,5115100.0,2157200.0,3869300.0,2389200.0,1225800.0,656170.0,3373000.0,11659000.0,2413800.0,1291100.0,778800.0,1922000.0,735100.0,1193700.0,2218700.0,8786700.0,4156700.0,2627900.0,3087700.0,2361300.0,1498700.0,773560.0,10411000.0,2404500.0,3548600.0,2073400.0,1371700.0,1031900.0,2014200.0,1052000.0,2853800.0,3921600.0,1159600.0,1477000.0,2103000.0,1521000.0,2210500.0,2422200.0,877170.0,6912100.0,1513500.0,9390500.0,6180200.0,809830.0,10291000.0,814480.0,1274500.0,19279000.0,683650.0,12167000.0,721740.0,5575100.0,3693400.0,3817200.0,2647300.0,5252900.0,4116200.0,4227600.0,964530.0,4135000.0,1638700.0,6369200.0,1506700.0,7610900.0,1080700.0,744550.0,4005200.0,2996600.0,1988300.0,8411500.0,2288700.0,948280.0,1205600.0,3671000.0,3568300.0,1940100.0,1475700.0,747540.0,6807100.0,5275200.0,2336700.0,637470.0,17726000.0,3323000.0,5257900.0,1142200.0,18258000.0,5431600.0,1100100.0,8580600.0,1353300.0,1434500.0,3992400.0,5297000.0,799330.0,1639500.0,973680.0,1778500.0,1568200.0,1456500.0,7851700.0,2342100.0,1425100.0,12280000.0,2793800.0,1238000.0,1263500.0,3260300.0,951930.0,4669600.0,1133200.0,1854600.0,8075300.0,4435100.0,696550.0,1421900.0,10018000.0,5258300.0,5069200.0,15394000.0,3001700.0,1931800.0,2342400.0,2994600.0,3189800.0,1882600.0,1749500.0,2275100.0,1499400.0,7215800.0,652060.0,3656200.0,8296200.0,8910100.0,1863600.0,5378600.0,4029700.0,5011000.0,864140.0,1139900.0,5361500.0,1551600.0,6587500.0,3485200.0,7122400.0,1970700.0,1638700.0,1591200.0,1087700.0,1106100.0,2208100.0,945990.0,5091800.0,3371700.0,4404800.0,3356800.0,2894200.0,2745600.0,15584000.0,14989000.0,6042000.0,4601000.0,2807600.0,6148400.0,3762100.0,1781300.0,2740300.0,1353800.0,4824200.0,3044800.0,1.5268,1.8432,4.1717,2.2284,2.4682,3.6655,1.2776,2.2284,4.2229,1.2255,1.9891,4.2293,2.4938,2.6639,4.3077,0.83305,2.0621,4.2167,1.5609,2.496,3.8904,3.0303,2.842,5.8374,1.2228,2.0018,4.2258,1.7402,1.7194,4.2481,1.277,2.236,4.2342,0.82849,2.0559,4.213,2.9082,2.8394,4.5548,5.6828,2.7726,1.4502,1.2347,2.8411,3.6181,0.93065,2.1503,3.0173,2.504,2.0726,4.4661,1.4698,1.6809,3.9018,0.66345,2.5929,3.8807,1.9774,1.7814,3.485,1.1081,2.4317,3.1056,0.30361,2.287,3.5533,1.8009,1.662,3.3904,2.1068,2.7932,4.3773,1.8165,1.6602,3.384,1.5162,1.6664,3.9237,0.37778,2.1466,3.1851,2.0409,2.3761,4.4146,1.4754,1.6772,3.2147,0.85076,1.895,2.7683,3.0714,2.8418,5.8707,1.9809,1.7728,3.4817,0.96895,2.7163,2.8873,1.7846,2.5896,4.0017,0.65708,1.8805,2.7802,1.0855,2.4378,3.0777,1.9088,1.9204,4.4937,1.7238,1.6806,3.8937,0.53068,2.1952,3.7705,1.228,2.4573,3.7995,1.0016,2.0817,3.255,2.5497,2.3074,4.3037,2.0504,2.1693,4.6897,1.4945,1.6719,3.915,1.8923,1.9365,4.4906,1.4768,2.1774,3.2631,0.83288,2.1227,3.1564,2.4329,2.3927,4.3335,1.9586,2.5828,4.8803,1.9379,2.6019,4.8671,2.5484,2.3067,4.2958,1.2824,2.4978,3.9336,1.7224,2.2549,4.317,2.2247,3.0432,4.1402,0.53819,2.4527,2.5098,1.5048,2.0447,4.6011,2.0341,3.0548,3.9563,0.34581,2.3792,3.4158,1.6764,1.6275,4.0829,0.73916,2.0729,3.0839,2.2459,2.2758,4.664,0.61392,2.5576,3.0312,0.96256,2.1228,3.255,0.099082,2.8942,1.8994,1.9993,2.041,4.5902,2.5411,2.3231,4.2764,2.5717,2.326,5.1845,2.0963,2.7862,4.3565,1.1024,1.8528,3.964,4.6068,2.9626,0.54307,0.86385,2.1461,3.0383,1.3574,2.102,4.2672,1.0961,2.1228,3.5078,2.2365,2.7316,4.5026,1.6738,1.5969,4.1529,1.1517,2.5466,3.0687,0.75044,2.435,3.7599,2.1009,1.9005,3.7175,1.556,2.464,3.4736,1.5931,2.5599,3.5937,1.6035,1.6699,4.2658,2.0629,2.776,4.556,2.1088,2.7732,4.6096,3.3352,2.7983,6.0922,1.7035,1.6109,4.1731,1.7466,1.9851,3.4315,2.219,2.953,5.0452,1.1622,2.5528,3.0746,2.645,2.4354,4.9919,0.99067,2.6232,4.0928,1.5653,2.4557,3.4892,1.1332,1.8495,4.0964,1.6807,1.6237,4.0822,1.7374,1.9713,3.4345,0.040454,2.9344,3.1098,2.8977,2.2784,4.5847,1.3624,1.9567,4.2428,1.2278,2.656,3.3325,1.4586,2.4525,3.3599,1.7921,1.9651,3.7032,1.9541,2.3744,4.0019,1.1,2.3046,3.2008,2.5128,2.0216,5.1806,1.1857,2.6808,3.3051,1.4524,2.4676,3.3515,0.19513,2.9792,3.2392,0.6808,1.8194,2.8788,1.6932,2.0237,4.4501,1.4868,1.8616,4.1412,5.468,2.8933,1.7965,0.8204,2.1464,2.822,0.94998,2.6324,4.071,2.2303,2.5322,3.6417,2.6415,2.399,4.9627,2.8602,2.6682,4.5328,2.0866,2.4751,4.5236,2.34,2.1219,4.1873,0.7591,2.0309,3.3468,0.40127,2.4532,2.9421,0.57055,2.1554,3.7804,2.4262,2.4978,4.4701,0.78867,2.4255,2.9053,1.269,1.5763,4.3107,1.6836,1.997,3.4584,0.10355,2.6798,2.0878,3.3264,2.9499,0.064644,0.80816,2.4029,2.9164,1.6544,1.6439,4.0968,1.5203,1.8316,3.193,0.7655,2.4302,2.8627,2.1807,2.3414,4.9531,1.1625,2.5572,3.1014,1.098,2.0519,3.5324,0.50871,1.9944,3.2643,1.7083,1.9872,3.4428,2.4417,2.088,4.1575,2.1431,2.15,4.9722,1.3133,1.7457,3.8089,0.71581,1.9819,2.7614,2.1361,2.1536,4.984,2.2837,2.2072,4.4799,1.5519,2.325,3.9679,4.1975,2.9893,0.13006,1.9296,2.3811,3.9972,0.79443,1.9723,4.1187,1.1813,2.5959,4.2229,3.4926,2.8423,6.0899,1.5845,1.5974,3.2732,0.28116,2.3228,3.4093,5.0884,2.9848,0.98299,0.52025,2.7935,3.2443,1.2354,2.517,2.9917,2.1754,2.1424,4.9628,1.5099,2.0906,4.365,1.5611,1.6232,3.3104,1.4157,2.923,3.3085,0.53476,2.42,2.7672,0.89024,2.4491,2.9933,0.22113,2.6275,3.3401,1.661,2.2975,4.1602,0.48939,2.4342,2.7344,1.0402,2.2106,3.6454,1.3601,1.7984,4.3,0.29193,2.3167,3.4174,1.5657,1.6055,3.2803,0.53857,2.4171,2.7576,3.0001,2.8681,5.9493,1.9528,2.5862,4.0232,1.9995,2.1988,4.5948,2.5323,2.7474,5.2359,1.824,1.9655,3.8795,1.3312,1.8128,3.7054,2.2008,2.1493,4.9856,1.4402,2.6341,4.0041,0.81076,3.0615,2.6161,4.607,2.9656,0.34423,1.2527,2.7158,4.2962,1.8966,1.9534,3.888,1.229,2.6397,2.8472,0.31955,2.7882,2.9355,0.98451,2.8935,4.1602,0.53927,2.5057,2.5814,0.72444,1.956,2.9505,0.54073,2.425,3.4167,1.6227,2.1854,4.2603,1.2312,2.7224,4.3282,0.63961,1.9721,3.0875,2.0028,1.8735,3.7925,1.2353,1.8513,3.659,2.4227,2.6961,4.9335,1.4101,1.5412,4.1844,1.362,2.1466,3.1903,0.66166,1.9865,3.0821,0.55902,2.3989,2.6025,1.6859,2.3042,4.1444,2.3927,2.6887,4.9594,0.62188,1.9863,3.0716,1.5962,1.714,3.3214,0.67502,3.0209,2.5347,0.56414,2.5162,2.5904,3.0139,2.7458,5.9631,6.1727,2.8639,2.5385,4.4939,2.9685,0.20973,2.3652,2.3808,3.7564,1.0969,3.0785,3.9294,1.3752,2.3271,3.5315,0.6007,3.0897,3.422,2.3735,2.2264,3.7948,1.2475,1.8501,3.6621,2.4212,2.3318,4.5767,2.5934,2.6444,4.0763,1.2655,2.6961,4.3373,1.8429,1.9602,3.8859,1.1459,2.7866,3.681,2.4191,2.4469,5.0485,1.5498,2.6304,3.3081,2.1741,2.2064,4.0926,0.81916,1.9289,3.3779,2.3869,2.3957,3.7744,2.3547,2.3974,3.7501,2.2086,1.9179,4.9396,2.6554,2.2907,4.8031,2.3712,2.2378,3.8066,1.3986,1.5929,3.8558,2.4354,2.6878,4.974,1.8547,1.9572,3.8947,0.79105,2.1386,4.0142,1.6054,1.8351,4.2808,2.4107,2.6796,4.9689,1.4546,2.3902,3.2599,5.9136,2.8694,2.1865,1.8626,1.7845,3.4934,1.989,3.0044,4.2895,2.035,1.9578,4.7773,1.1167,2.5881,4.2967,1.9052,2.1481,4.8829,1.6289,1.7989,3.959,1.6086,2.0088,3.3813,1.0531,2.7627,3.6106,0.94741,2.839,3.8163,1.4355,2.4268,3.8644,1.141,2.7683,3.6687,1.8191,1.7908,4.0917,0.85597,2.4595,2.7823,1.8818,2.0844,4.3879,0.082871,2.7948,2.8778,1.0784,1.9555,4.2813,0.95648,2.3242,3.0273,1.6228,2.3985,4.5811,0.98956,2.0872,2.8334,0.75565,2.0035,2.7261,1.633,1.7957,3.9612,0.90927,2.4555,2.8069,1.3675,1.5876,3.8379,2.7726,2.5949,4.6325,1.0749,2.1548,3.6322,1.1387,2.7842,3.6616,1.9823,1.9892,4.475,1.0686,1.9619,4.2556,1.866,1.6483,3.4453,1.6749,2.484,3.9924,2.1541,2.5527,4.9131,2.1268,2.3736,3.6794,1.2053,3.0694,3.4413,1.4356,1.4566,4.2392,0.64428,2.9939,3.6284,1.6307,1.7451,4.2358,0.75903,1.9998,2.7362,0.64787,2.2023,3.9731,2.6658,2.601,4.5293,1.9977,2.1214,3.4419,1.3837,2.9144,3.5391,1.0834,2.1989,3.6321,2.5329,2.0071,4.4697,1.4945,1.735,4.4218,1.607,2.5908,3.5783,2.0638,2.287,4.0684,2.7091,2.3556,4.9973,0.44454,2.5236,2.9481
0.042103,0.066255,0.0023209,212.45,217.52,204.1,0.0012249,0.0013535,0.001013,205.4,212.74,210.73,201.53,194.61,199.65,227.07,213.62,230.71,204.35,232.52,248.27,201.96,202.01,203.15,219.19,209.92,211.07,181.0,190.04,260.18,205.14,181.0,219.92,185.66,231.03,213.89,255.39,151.48,229.03,199.08,208.44,168.28,232.73,233.9,276.59,223.26,187.21,228.55,270.92,250.1,164.13,254.75,176.61,225.52,206.68,243.27,234.83,264.91,233.06,235.33,204.44,257.09,259.2,247.47,207.33,241.98,212.24,194.17,284.9,243.83,239.24,249.43,175.18,214.01,191.13,218.64,199.52,260.69,215.21,211.59,206.62,224.74,233.27,194.28,189.49,229.73,219.63,246.06,235.86,218.41,236.78,245.64,202.75,246.51,145.0,248.46,198.32,226.48,205.52,235.41,250.21,209.28,204.01,196.67,168.26,217.09,273.13,188.52,206.11,251.93,251.4,277.47,232.53,220.84,244.61,301.57,228.92,188.45,226.53,200.7,191.67,221.78,253.51,142.81,253.23,225.61,251.65,250.65,213.53,171.18,235.6,257.63,185.92,210.2,213.82,259.77,171.18,176.66,253.16,239.71,231.73,268.69,204.4,199.98,227.13,248.2,229.76,252.98,227.53,235.41,196.73,245.57,256.44,201.02,228.66,301.42,202.44,215.22,253.24,194.22,206.04,274.21,206.75,137.9,259.14,252.75,247.93,200.04,276.1,201.4,211.4,170.31,169.95,195.78,222.96,173.49,244.38,232.03,193.57,215.91,224.83,235.27,190.06,231.4,213.92,199.45,201.63,201.98,276.04,206.4,247.35,282.81,216.04,241.39,208.74,272.86,217.08,207.18,251.97,279.19,216.16,240.33,231.57,206.01,249.76,224.02,223.11,207.84,226.72,201.52,229.86,216.83,225.14,222.18,217.75,223.19,203.2,247.23,247.3,215.89,196.79,181.26,223.68,263.46,188.34,199.39,271.86,205.0,218.55,232.32,216.55,225.62,248.52,251.65,183.94,235.76,190.93,239.36,208.73,239.98,177.99,240.02,240.33,169.33,253.36,211.79,158.87,233.53,181.69,210.78,229.69,178.33,215.48,230.36,195.14,221.32,226.02,217.96,183.78,232.17,204.02,210.38,210.54,166.34,256.13,250.83,203.39,169.14,201.68,262.77,220.58,225.66,215.04,147.34,160.82,201.19,236.67,212.62,212.61,213.53,205.34,188.04,168.27,184.53,227.97,217.42,232.6,221.48,0.0008315,0.0010549,0.0010479,0.0010682,0.00098191,0.0010915,0.0012013,0.00094562,0.0011648,0.00097438,0.0012341,0.0013641,0.001108,0.0010853,0.0010094,0.0013244,0.0011923,0.0011597,0.0011537,0.001168,0.0015387,0.0013475,0.0011262,0.0014462,0.0012738,0.0013925,0.0012016,0.0014924,0.0011049,0.0015348,0.0011927,0.0012894,0.0011674,0.0013186,0.0014203,0.0016388,0.0013274,0.0013133,0.0014207,0.0014925,0.0013594,0.0010135,0.0015766,0.0012309,0.001329,0.0012959,0.0014426,0.0013317,0.0015064,0.0013863,0.0012248,0.0013222,0.0015897,0.0014085,0.0014898,0.0013587,0.0014099,0.0013973,0.0013742,0.0016759,0.001657,0.0014793,0.0015431,0.0013371,0.0015002,0.0012765,0.001486,0.0014168,0.0015704,0.0013626,0.0015109,0.0013949,0.0013474,0.0014904,0.0013667,0.0013529,0.0013792,0.0013945,0.0015758,0.0015618,0.0014261,0.0016016,0.0015397,0.0012706,0.0013883,0.0011591,0.001515,0.0013821,0.0014539,0.0013341,0.0014742,0.0015007,0.0014033,0.0013699,0.001258,0.0011808,0.0013039,0.0016755,0.0012668,0.0013275,0.0015139,0.0015286,0.0017149,0.0014153,0.0014945,0.0015248,0.0016866,0.0014476,0.001331,0.0013142,0.0014119,0.0013803,0.0014663,0.0016225,0.0012399,0.0016101,0.0014314,0.0015245,0.0015473,0.0014026,0.0012801,0.0016265,0.0014806,0.0013422,0.0013631,0.0013998,0.0016394,0.0012323,0.00078748,0.0016172,0.0015519,0.0015273,0.0015998,0.0012652,0.0013044,0.001385,0.0016805,0.0014216,0.0015685,0.001536,0.0014338,0.0013257,0.0013343,0.0015321,0.0013913,0.0015364,0.0015786,0.0013435,0.0014602,0.0015263,0.0012164,0.0014058,0.0017494,0.0013295,0.0011077,0.0015572,0.001495,0.0015685,0.0013519,0.0016167,0.00128,0.0013412,0.0012018,0.0012613,0.0013524,0.0013509,0.0012186,0.0015021,0.0014841,0.0013206,0.0013773,0.0012395,0.0015166,0.0014045,0.0014071,0.0013566,0.0014108,0.0013617,0.0013068,0.0015315,0.0013136,0.0015054,0.0015735,0.0014107,0.0015274,0.0014601,0.0015536,0.0013623,0.0013599,0.0014756,0.0014949,0.0014428,0.0014605,0.0014862,0.001641,0.0014984,0.0014495,0.0013964,0.0014189,0.0014258,0.0013709,0.001422,0.0013843,0.0014552,0.0013496,0.0016787,0.0014063,0.0014215,0.0014583,0.0014096,0.0013746,0.0013377,0.0012519,0.0013558,0.0016074,0.00135,0.0013384,0.0015141,0.0013226,0.0014568,0.0014381,0.0013739,0.0013933,0.0014073,0.0015291,0.0012428,0.0014871,0.0012587,0.0014013,0.0014262,0.0013422,0.0012239,0.0013384,0.0014958,0.0011907,0.0014905,0.0012618,0.0012414,0.0014092,0.0011723,0.0013589,0.0013734,0.0012129,0.0013539,0.0013823,0.0011189,0.0013093,0.0013388,0.0013688,0.0012153,0.0014529,0.0012572,0.0013337,0.001218,0.00096261,0.0013329,0.001372,0.00114,0.0011295,0.0011213,0.0014669,0.0013764,0.0013471,0.00099478,0.00090092,0.0010128,0.0010251,0.0014085,0.0012663,0.0010042,0.0012066,0.0010112,0.0010132,0.00086928,0.00087974,0.0011328,0.0011793,0.0013004,0.001227,1074300.0,1105700.0,792270.0,4276700.0,2284500.0,1150800.0,5856800.0,1513400.0,1879800.0,3242500.0,2966100.0,734830.0,5652900.0,1298400.0,4052200.0,2459600.0,5070500.0,4091400.0,1340500.0,3371900.0,2502600.0,3347400.0,11704000.0,958350.0,6311800.0,749460.0,9101500.0,1591900.0,1841400.0,815570.0,3232100.0,1680500.0,5814300.0,23940000.0,2520900.0,2724900.0,4347000.0,1235900.0,1513400.0,1646200.0,2062700.0,1057700.0,2058300.0,1019200.0,7475600.0,2433400.0,1825600.0,1494000.0,2274900.0,15971000.0,952090.0,7278300.0,3995200.0,706940.0,3910700.0,1079100.0,2657700.0,17679000.0,32102000.0,2373200.0,1720700.0,1532600.0,2840700.0,1036400.0,1926200.0,3409900.0,803840.0,2871900.0,1940600.0,3915400.0,2755300.0,1446400.0,1119200.0,15048000.0,5077600.0,1340600.0,3613400.0,1673300.0,965090.0,2573300.0,3702600.0,1313000.0,893150.0,2116300.0,873820.0,1861100.0,2850800.0,4950200.0,4191200.0,2338500.0,5694300.0,1300700.0,9352900.0,4677300.0,1017700.0,1694700.0,903640.0,1769700.0,3509900.0,9918500.0,1730700.0,16523000.0,1417300.0,9919600.0,1633600.0,3256300.0,1272900.0,1628100.0,12535000.0,5115100.0,2157200.0,3869300.0,2389200.0,1225800.0,656170.0,3373000.0,11659000.0,2413800.0,1291100.0,778800.0,1922000.0,735100.0,1193700.0,2218700.0,8786700.0,4156700.0,2627900.0,3087700.0,2361300.0,1498700.0,773560.0,10411000.0,2404500.0,3548600.0,2073400.0,1371700.0,1031900.0,2014200.0,1052000.0,2853800.0,3921600.0,1159600.0,1477000.0,2103000.0,1521000.0,2210500.0,2422200.0,877170.0,6912100.0,1513500.0,9390500.0,6180200.0,809830.0,10291000.0,814480.0,1274500.0,19279000.0,683650.0,12167000.0,721740.0,5575100.0,3693400.0,3817200.0,2647300.0,5252900.0,4116200.0,4227600.0,964530.0,4135000.0,1638700.0,6369200.0,1506700.0,7610900.0,1080700.0,744550.0,4005200.0,2996600.0,1988300.0,8411500.0,2288700.0,948280.0,1205600.0,3671000.0,3568300.0,1940100.0,1475700.0,747540.0,6807100.0,5275200.0,2336700.0,637470.0,17726000.0,3323000.0,5257900.0,1142200.0,18258000.0,5431600.0,1100100.0,8580600.0,1353300.0,1434500.0,3992400.0,5297000.0,799330.0,1639500.0,973680.0,1778500.0,1568200.0,1456500.0,7851700.0,2342100.0,1425100.0,12280000.0,2793800.0,1238000.0,1263500.0,3260300.0,951930.0,4669600.0,1133200.0,1854600.0,8075300.0,4435100.0,696550.0,1421900.0,10018000.0,5258300.0,5069200.0,15394000.0,3001700.0,1931800.0,2342400.0,2994600.0,3189800.0,1882600.0,1749500.0,2275100.0,1499400.0,7215800.0,652060.0,3656200.0,8296200.0,8910100.0,1863600.0,5378600.0,4029700.0,5011000.0,864140.0,1139900.0,5361500.0,1551600.0,6587500.0,3485200.0,7122400.0,1970700.0,1638700.0,1591200.0,1087700.0,1106100.0,2208100.0,945990.0,5091800.0,3371700.0,4404800.0,3356800.0,2894200.0,2745600.0,15584000.0,14989000.0,6042000.0,4601000.0,2807600.0,6148400.0,3762100.0,1781300.0,2740300.0,1353800.0,4824200.0,3044800.0,1.5269,1.8434,4.1716,2.2284,2.4683,3.6655,1.2776,2.2285,4.2229,1.2253,1.9891,4.2292,2.4936,2.6639,4.3078,0.83233,2.0621,4.2167,1.562,2.4964,3.8903,3.0309,2.8421,5.838,1.2225,2.0022,4.2255,1.74,1.7194,4.2481,1.2771,2.2363,4.2345,0.82754,2.0557,4.2129,2.9086,2.8395,4.5561,5.6818,2.7725,1.4495,1.2347,2.841,3.6181,0.92982,2.1504,3.0171,2.5046,2.0733,4.4668,1.4697,1.681,3.9017,0.66366,2.5937,3.8805,1.9766,1.7819,3.4854,1.1091,2.4312,3.1071,0.30437,2.2871,3.5528,1.8013,1.6617,3.3905,2.1056,2.7921,4.3751,1.8173,1.66,3.3838,1.5173,1.6661,3.9242,0.37725,2.147,3.1845,2.0412,2.3767,4.4156,1.4754,1.6775,3.2152,0.85126,1.8956,2.7682,3.0732,2.8418,5.8723,1.9802,1.7731,3.4819,0.96794,2.7163,2.8876,1.7837,2.5896,4.0017,0.65783,1.8809,2.7797,1.0859,2.4376,3.0784,1.9092,1.9206,4.4937,1.725,1.6801,3.8936,0.53137,2.195,3.7715,1.2291,2.4585,3.8,1.0014,2.0824,3.2544,2.5499,2.3077,4.3042,2.05,2.1699,4.6901,1.495,1.6717,3.9152,1.8921,1.9371,4.4905,1.4765,2.1776,3.2629,0.83301,2.1241,3.1553,2.4333,2.3934,4.3341,1.9589,2.5822,4.8799,1.9378,2.6021,4.8665,2.5486,2.307,4.2961,1.2823,2.4981,3.9332,1.7234,2.2556,4.3177,2.2285,3.0426,4.1432,0.53934,2.4522,2.511,1.5037,2.0444,4.601,2.0327,3.0544,3.9541,0.34444,2.3793,3.415,1.6768,1.6273,4.0829,0.74004,2.0744,3.0835,2.2461,2.2766,4.6645,0.61367,2.5559,3.0323,0.96121,2.1245,3.2543,0.0981,2.8943,1.8972,1.9995,2.0427,4.5904,2.541,2.3239,4.276,2.5682,2.3255,5.1837,2.0946,2.7848,4.3534,1.1031,1.8528,3.9646,4.6063,2.9614,0.54414,0.86324,2.1468,3.0378,1.3591,2.1021,4.2674,1.0972,2.1239,3.5083,2.2342,2.7308,4.5001,1.6731,1.5967,4.1528,1.152,2.5463,3.0689,0.7505,2.4354,3.7596,2.1023,1.8996,3.7169,1.5547,2.4648,3.4737,1.5908,2.5609,3.5932,1.6017,1.6695,4.2663,2.0616,2.7748,4.5551,2.1084,2.772,4.61,3.3348,2.7988,6.0917,1.7036,1.6112,4.1735,1.7482,1.9845,3.4309,2.2223,2.9533,5.0495,1.1628,2.5527,3.0747,2.6453,2.435,4.992,0.98985,2.6238,4.0937,1.5641,2.4562,3.4899,1.1312,1.8512,4.0963,1.6814,1.6235,4.0821,1.7387,1.9702,3.4339,0.032983,2.9339,3.103,2.8983,2.2778,4.5856,1.3639,1.9568,4.244,1.2272,2.6549,3.333,1.4585,2.4524,3.3604,1.7906,1.9645,3.7026,1.9545,2.3756,4.0023,1.1001,2.3052,3.2012,2.5119,2.0205,5.1817,1.1839,2.6803,3.305,1.452,2.468,3.3518,0.19276,2.9803,3.2364,0.68084,1.8198,2.8777,1.6929,2.0235,4.4513,1.4871,1.8614,4.142,5.4655,2.8929,1.7944,0.82084,2.1473,2.8234,0.94783,2.6333,4.0713,2.2327,2.5322,3.6424,2.6417,2.3972,4.9616,2.8623,2.667,4.5334,2.0848,2.4736,4.5238,2.3396,2.1226,4.1873,0.75891,2.0325,3.3467,0.40373,2.4525,2.9441,0.5699,2.1558,3.7822,2.4275,2.4973,4.4715,0.78955,2.4247,2.907,1.2695,1.5761,4.3114,1.6831,1.9967,3.4586,0.10657,2.6795,2.0889,3.3297,2.9499,0.069215,0.80996,2.401,2.9187,1.6543,1.6442,4.0972,1.5213,1.8311,3.1936,0.76593,2.4293,2.8631,2.1811,2.3412,4.953,1.1636,2.557,3.1026,1.1004,2.0548,3.5331,0.50778,1.995,3.2646,1.7086,1.9865,3.4426,2.4442,2.0884,4.1561,2.1427,2.1496,4.9721,1.3141,1.7454,3.8092,0.71674,1.9821,2.7616,2.1356,2.1536,4.9844,2.2827,2.2079,4.4809,1.5515,2.3262,3.9682,4.1973,2.9885,0.12979,1.9287,2.3826,3.9974,0.79304,1.9725,4.1188,1.1821,2.5967,4.2235,3.4919,2.8419,6.0904,1.5865,1.5967,3.2728,0.27964,2.3237,3.4089,5.0864,2.9846,0.98019,0.51924,2.7938,3.2443,1.2347,2.5174,2.9923,2.1761,2.1423,4.9625,1.5112,2.0905,4.3656,1.5622,1.6234,3.3112,1.4181,2.9231,3.307,0.53754,2.419,2.7688,0.88923,2.4487,2.9933,0.22128,2.6278,3.34,1.6631,2.2991,4.1615,0.49089,2.4339,2.7351,1.0398,2.212,3.6448,1.3591,1.7981,4.3002,0.29103,2.3171,3.4177,1.567,1.6051,3.2801,0.54165,2.416,2.7589,3.0006,2.868,5.9509,1.9508,2.5856,4.0228,2.0003,2.1993,4.595,2.5288,2.7464,5.2344,1.8217,1.9655,3.8787,1.3323,1.8125,3.7059,2.2023,2.1492,4.9858,1.4411,2.6334,4.0037,0.80261,3.0608,2.6066,4.6047,2.9649,0.34244,1.2528,2.7171,4.295,1.8964,1.9533,3.8881,1.2284,2.64,2.8466,0.31811,2.7886,2.9348,0.98567,2.8937,4.1609,0.53846,2.5052,2.5815,0.72538,1.9569,2.949,0.54053,2.4259,3.4163,1.6245,2.1858,4.2613,1.2301,2.7236,4.3279,0.6398,1.9729,3.0862,2.0037,1.8728,3.7916,1.2367,1.8515,3.6594,2.4212,2.6952,4.9317,1.4112,1.5418,4.1847,1.3611,2.1464,3.1908,0.66242,1.9878,3.081,0.5618,2.3973,2.6034,1.6877,2.3057,4.1449,2.3906,2.6876,4.9586,0.62144,1.9874,3.07,1.5972,1.7142,3.3212,0.67829,3.0203,2.5364,0.56391,2.5162,2.5905,3.0171,2.7458,5.9657,6.1724,2.8639,2.5384,4.4888,2.9677,0.20442,2.3657,2.3798,3.7563,1.104,3.0783,3.938,1.3731,2.3293,3.5304,0.59247,3.09,3.4151,2.3736,2.226,3.7943,1.2489,1.8501,3.6626,2.421,2.3317,4.5772,2.5937,2.6451,4.0779,1.2657,2.6964,4.3374,1.8414,1.9601,3.8852,1.1465,2.7862,3.6819,2.4181,2.4458,5.047,1.5482,2.6306,3.3086,2.1742,2.2071,4.0924,0.81988,1.9296,3.378,2.3878,2.3952,3.7749,2.3548,2.3969,3.7499,2.2095,1.9189,4.9409,2.6556,2.2907,4.8034,2.3713,2.2378,3.8065,1.3991,1.5931,3.8565,2.4345,2.6868,4.9734,1.8537,1.957,3.8943,0.7914,2.1385,4.0159,1.6055,1.8352,4.2814,2.4093,2.6783,4.9684,1.4548,2.3903,3.2599,5.9131,2.869,2.1859,1.8626,1.784,3.4939,1.9891,3.0036,4.2888,2.0357,1.9581,4.7781,1.1173,2.5884,4.2975,1.906,2.1481,4.8835,1.6293,1.7987,3.9588,1.6088,2.0088,3.3809,1.0544,2.7622,3.6121,0.94861,2.8391,3.8166,1.4372,2.4279,3.865,1.1415,2.7673,3.6692,1.8185,1.7904,4.0916,0.8545,2.4594,2.7826,1.8811,2.0849,4.3881,0.083263,2.7947,2.8791,1.0781,1.9554,4.2819,0.95681,2.3238,3.0279,1.6224,2.3986,4.5809,0.98982,2.0871,2.8334,0.75601,2.0036,2.7256,1.6336,1.7954,3.9609,0.9091,2.4554,2.8079,1.3671,1.5876,3.8379,2.7726,2.5951,4.6323,1.0746,2.1554,3.6324,1.1392,2.7837,3.6619,1.9825,1.9893,4.475,1.068,1.9619,4.2554,1.8664,1.6483,3.4452,1.6753,2.4841,3.9922,2.1553,2.5526,4.9128,2.1259,2.3734,3.6785,1.2057,3.0693,3.4418,1.4353,1.4563,4.2394,0.64507,2.9937,3.6289,1.6309,1.7449,4.2358,0.75944,1.9999,2.736,0.64672,2.2025,3.9739,2.6651,2.601,4.5291,1.9979,2.1213,3.442,1.3837,2.9141,3.5391,1.0835,2.1991,3.632,2.5329,2.0074,4.4698,1.4946,1.735,4.4218,1.6069,2.5907,3.5782,2.0638,2.287,4.0683,2.7091,2.355,4.9969,0.44456,2.5234,2.9479
0.043956,0.069196,0.0023838,212.62,217.92,203.88,0.001226,0.0013558,0.0010121,205.3,212.73,210.76,201.68,194.68,199.23,226.96,213.48,230.91,204.35,232.77,248.51,201.78,202.07,203.19,219.62,209.87,211.29,181.35,189.88,260.77,205.46,181.16,220.3,185.78,231.38,214.05,255.7,151.71,229.69,199.15,208.35,168.13,232.9,234.18,276.94,223.65,187.87,228.94,271.37,250.21,164.08,255.08,176.8,225.67,207.02,243.44,234.94,265.21,233.27,235.33,204.57,257.64,259.48,247.81,207.52,242.13,212.93,194.9,285.41,244.0,239.96,250.46,174.75,214.32,191.24,220.17,200.72,260.33,216.13,211.96,206.54,225.13,233.48,194.31,188.93,229.99,219.4,246.44,236.34,219.07,236.38,245.07,203.56,246.58,144.27,249.38,199.34,226.99,205.25,235.11,252.05,210.6,205.3,196.7,167.13,216.09,274.71,189.59,205.65,253.89,250.9,279.85,234.16,222.47,245.73,301.27,230.85,189.66,227.35,198.07,190.25,223.05,255.2,143.56,250.93,227.07,253.57,252.05,211.42,172.16,237.11,259.12,187.41,212.1,215.61,262.23,171.7,177.5,255.84,240.7,233.7,263.69,204.63,200.64,231.16,253.66,231.55,253.92,220.1,237.69,197.12,246.25,258.72,201.77,234.55,303.0,204.77,218.38,254.13,194.81,207.44,269.44,207.43,138.82,259.78,255.02,248.78,194.43,278.6,201.71,212.51,171.05,166.94,196.9,224.57,174.07,245.85,229.77,194.5,217.52,223.8,234.14,189.09,232.91,215.25,200.19,202.42,202.93,274.85,206.11,246.76,285.21,217.35,241.26,209.52,273.38,217.56,207.93,251.94,279.87,216.43,240.14,233.29,207.34,250.88,224.21,224.72,207.79,226.59,202.26,230.89,217.99,226.19,222.67,219.25,223.5,203.32,247.95,247.42,216.26,197.32,182.03,223.76,264.13,188.63,199.76,272.52,205.79,219.17,232.36,216.78,225.78,248.71,251.95,184.25,237.07,191.45,239.45,208.81,240.21,178.3,240.28,240.58,169.38,253.47,211.93,159.14,233.61,181.68,211.08,229.96,178.45,215.86,230.52,195.03,221.64,226.17,218.29,183.88,232.29,204.08,210.71,210.68,166.25,256.38,251.05,203.42,169.04,201.68,262.8,220.8,225.75,215.11,147.23,160.76,201.11,236.69,212.94,212.61,213.61,205.25,187.99,168.3,184.48,227.86,217.19,232.71,221.17,0.00082895,0.001053,0.0010462,0.0010676,0.00098077,0.0010876,0.0012004,0.00094357,0.0011652,0.00097292,0.0012346,0.0013649,0.0011055,0.0010851,0.0010081,0.0013258,0.0011915,0.0011601,0.0011553,0.0011668,0.0015415,0.0013497,0.0011269,0.0014487,0.0012748,0.001395,0.0012022,0.0014938,0.0011061,0.0015385,0.001193,0.0012892,0.0011661,0.0013188,0.0014219,0.0016407,0.0013288,0.0013173,0.0014225,0.0014945,0.0013591,0.0010119,0.0015787,0.0012323,0.0013296,0.0012972,0.0014438,0.0013319,0.0015077,0.0013869,0.0012233,0.001322,0.0015915,0.0014099,0.001491,0.0013593,0.0014116,0.0014024,0.0013791,0.0016798,0.0016575,0.0014823,0.0015476,0.0013378,0.0015026,0.0012772,0.0014958,0.0014254,0.0015711,0.0013674,0.0015144,0.0013973,0.0013492,0.0014909,0.0013676,0.0013514,0.0013818,0.0013938,0.001577,0.0015656,0.0014342,0.0016026,0.0015408,0.001277,0.0013887,0.0011575,0.0015242,0.001389,0.0014597,0.0013325,0.0014714,0.0015085,0.0014132,0.0013804,0.0012624,0.0011767,0.0013,0.0016863,0.0012731,0.0013281,0.0015259,0.0015259,0.0017286,0.0014248,0.0015034,0.0015253,0.001685,0.001458,0.0013399,0.0013197,0.0013976,0.0013767,0.0014737,0.001637,0.0012466,0.0015965,0.0014423,0.0015338,0.0015579,0.0013865,0.0012846,0.0016408,0.0014895,0.0013508,0.0013739,0.0014021,0.0016522,0.001236,0.00078502,0.0016311,0.0015576,0.0015394,0.0015829,0.0012673,0.0013107,0.0013724,0.0017064,0.0014303,0.0015737,0.0014997,0.0014422,0.0013276,0.0013375,0.0015419,0.0013961,0.0015594,0.0015847,0.0013559,0.0014724,0.0015387,0.0012204,0.0014124,0.0017276,0.0013343,0.0011124,0.0015733,0.0015066,0.0015745,0.0013013,0.0016308,0.0012822,0.0013477,0.0012072,0.001252,0.0013643,0.0013597,0.0012231,0.00151,0.0014709,0.0013281,0.0013878,0.0012347,0.0015125,0.0014047,0.0014174,0.0013646,0.0014197,0.0013685,0.0013129,0.0015297,0.0013132,0.0015057,0.0015876,0.0014197,0.001526,0.0014676,0.0015567,0.0013652,0.0013663,0.0014746,0.0014974,0.0014452,0.0014589,0.0014968,0.0016486,0.0015071,0.0014493,0.001403,0.0014223,0.0014239,0.0013762,0.0014291,0.0013919,0.0014619,0.0013516,0.0016855,0.0014081,0.0014212,0.0014637,0.0014082,0.0013755,0.0013411,0.0012577,0.001355,0.0016103,0.0013503,0.0013402,0.0015172,0.0013273,0.0014604,0.0014377,0.0013744,0.0013931,0.0014082,0.0015312,0.0012448,0.0014951,0.0012624,0.0014021,0.0014268,0.0013437,0.0012259,0.001339,0.0014969,0.0011908,0.0014912,0.0012623,0.0012423,0.0014095,0.0011722,0.0013608,0.0013745,0.0012137,0.0013543,0.0013832,0.0011182,0.0013109,0.0013386,0.0013697,0.001215,0.0014534,0.0012575,0.0013349,0.0012183,0.00096133,0.0013341,0.0013732,0.0011394,0.0011286,0.0011205,0.0014663,0.0013772,0.0013476,0.00099375,0.00089947,0.0010113,0.0010234,0.0014083,0.0012678,0.0010028,0.001206,0.0010095,0.001012,0.00086829,0.00087794,0.0011313,0.0011773,0.0013002,0.0012251,1074300.0,1105700.0,792270.0,4276700.0,2284500.0,1150800.0,5856800.0,1513400.0,1879800.0,3242500.0,2966100.0,734830.0,5652900.0,1298400.0,4052200.0,2459600.0,5070500.0,4091400.0,1340500.0,3371900.0,2502600.0,3347400.0,11704000.0,958350.0,6311800.0,749460.0,9101500.0,1591900.0,1841400.0,815570.0,3232100.0,1680500.0,5814300.0,23940000.0,2520900.0,2724900.0,4347000.0,1235900.0,1513400.0,1646200.0,2062700.0,1057700.0,2058300.0,1019200.0,7475600.0,2433400.0,1825600.0,1494000.0,2274900.0,15971000.0,952090.0,7278300.0,3995200.0,706940.0,3910700.0,1079100.0,2657700.0,17679000.0,32102000.0,2373200.0,1720700.0,1532600.0,2840700.0,1036400.0,1926200.0,3409900.0,803840.0,2871900.0,1940600.0,3915400.0,2755300.0,1446400.0,1119200.0,15048000.0,5077600.0,1340600.0,3613400.0,1673300.0,965090.0,2573300.0,3702600.0,1313000.0,893150.0,2116300.0,873820.0,1861100.0,2850800.0,4950200.0,4191200.0,2338500.0,5694300.0,1300700.0,9352900.0,4677300.0,1017700.0,1694700.0,903640.0,1769700.0,3509900.0,9918500.0,1730700.0,16523000.0,1417300.0,9919600.0,1633600.0,3256300.0,1272900.0,1628100.0,12535000.0,5115100.0,2157200.0,3869300.0,2389200.0,1225800.0,656170.0,3373000.0,11659000.0,2413800.0,1291100.0,778800.0,1922000.0,735100.0,1193700.0,2218700.0,8786700.0,4156700.0,2627900.0,3087700.0,2361300.0,1498700.0,773560.0,10411000.0,2404500.0,3548600.0,2073400.0,1371700.0,1031900.0,2014200.0,1052000.0,2853800.0,3921600.0,1159600.0,1477000.0,2103000.0,1521000.0,2210500.0,2422200.0,877170.0,6912100.0,1513500.0,9390500.0,6180200.0,809830.0,10291000.0,814480.0,1274500.0,19279000.0,683650.0,12167000.0,721740.0,5575100.0,3693400.0,3817200.0,2647300.0,5252900.0,4116200.0,4227600.0,964530.0,4135000.0,1638700.0,6369200.0,1506700.0,7610900.0,1080700.0,744550.0,4005200.0,2996600.0,1988300.0,8411500.0,2288700.0,948280.0,1205600.0,3671000.0,3568300.0,1940100.0,1475700.0,747540.0,6807100.0,5275200.0,2336700.0,637470.0,17726000.0,3323000.0,5257900.0,1142200.0,18258000.0,5431600.0,1100100.0,8580600.0,1353300.0,1434500.0,3992400.0,5297000.0,799330.0,1639500.0,973680.0,1778500.0,1568200.0,1456500.0,7851700.0,2342100.0,1425100.0,12280000.0,2793800.0,1238000.0,1263500.0,3260300.0,951930.0,4669600.0,1133200.0,1854600.0,8075300.0,4435100.0,696550.0,1421900.0,10018000.0,5258300.0,5069200.0,15394000.0,3001700.0,1931800.0,2342400.0,2994600.0,3189800.0,1882600.0,1749500.0,2275100.0,1499400.0,7215800.0,652060.0,3656200.0,8296200.0,8910100.0,1863600.0,5378600.0,4029700.0,5011000.0,864140.0,1139900.0,5361500.0,1551600.0,6587500.0,3485200.0,7122400.0,1970700.0,1638700.0,1591200.0,1087700.0,1106100.0,2208100.0,945990.0,5091800.0,3371700.0,4404800.0,3356800.0,2894200.0,2745600.0,15584000.0,14989000.0,6042000.0,4601000.0,2807600.0,6148400.0,3762100.0,1781300.0,2740300.0,1353800.0,4824200.0,3044800.0,1.527,1.8436,4.1714,2.2285,2.4684,3.6655,1.2776,2.2286,4.223,1.225,1.9892,4.229,2.4933,2.6639,4.3079,0.83127,2.0621,4.2168,1.5637,2.4969,3.8902,3.0319,2.8422,5.8388,1.2221,2.0027,4.2252,1.7397,1.7194,4.2481,1.2771,2.2367,4.235,0.82614,2.0554,4.2128,2.9092,2.8396,4.558,5.6803,2.7722,1.4486,1.2348,2.8408,3.6182,0.92859,2.1506,3.0168,2.5056,2.0744,4.4679,1.4696,1.6811,3.9016,0.664,2.5948,3.8804,1.9754,1.7827,3.4859,1.1106,2.4304,3.1094,0.30547,2.2872,3.5522,1.8019,1.6612,3.3907,2.1038,2.7905,4.3718,1.8185,1.6596,3.3836,1.519,1.6657,3.925,0.37648,2.1477,3.1836,2.0417,2.3776,4.417,1.4754,1.6779,3.2159,0.85197,1.8965,2.7679,3.0759,2.8418,5.8748,1.9793,1.7736,3.4822,0.96648,2.7162,2.888,1.7823,2.5895,4.0017,0.6589,1.8815,2.779,1.0863,2.4372,3.0795,1.9096,1.9209,4.4938,1.7268,1.6793,3.8935,0.53239,2.1946,3.7728,1.2307,2.4601,3.8007,1.0012,2.0835,3.2536,2.5502,2.3082,4.305,2.0495,2.1707,4.6907,1.4956,1.6715,3.9154,1.8919,1.938,4.4904,1.4761,2.1779,3.2627,0.83317,2.1261,3.1536,2.4339,2.3943,4.3349,1.9593,2.5813,4.8792,1.9376,2.6023,4.8657,2.5489,2.3074,4.2966,1.2822,2.4985,3.9326,1.725,2.2566,4.3188,2.2339,3.0416,4.1475,0.54101,2.4514,2.5128,1.5022,2.0439,4.6009,2.0306,3.0538,3.951,0.34241,2.3795,3.4139,1.6774,1.6271,4.0829,0.74135,2.0766,3.0828,2.2464,2.2778,4.6653,0.61329,2.5534,3.0339,0.9592,2.127,3.2533,0.096666,2.8945,1.8938,1.9997,2.0453,4.5907,2.5409,2.325,4.2754,2.5627,2.3247,5.1824,2.0921,2.7829,4.3486,1.1042,1.8527,3.9656,4.6056,2.9594,0.5457,0.86232,2.1478,3.037,1.3617,2.1022,4.2676,1.099,2.1255,3.509,2.2307,2.7296,4.4965,1.6722,1.5965,4.1525,1.1525,2.5459,3.0692,0.75062,2.4359,3.7592,2.1045,1.8982,3.716,1.5527,2.466,3.4739,1.5874,2.5623,3.5925,1.5989,1.6688,4.2669,2.0598,2.7731,4.5539,2.1078,2.7703,4.6107,3.3342,2.7995,6.091,1.7038,1.6116,4.174,1.7506,1.9837,3.4299,2.2273,2.9538,5.0563,1.1636,2.5525,3.0749,2.6458,2.4345,4.9922,0.98869,2.6246,4.0951,1.5624,2.457,3.4908,1.1281,1.8537,4.0961,1.6827,1.6232,4.0819,1.7408,1.9686,3.4331,0.021753,2.933,3.0928,2.899,2.2769,4.587,1.3659,1.9569,4.2458,1.2261,2.6533,3.3338,1.4583,2.4522,3.3612,1.7884,1.9636,3.7017,1.9553,2.3775,4.0028,1.1003,2.3062,3.2018,2.5104,2.0189,5.1834,1.1812,2.6795,3.3048,1.4515,2.4685,3.3523,0.1894,2.9818,3.2324,0.68089,1.8205,2.8762,1.6923,2.0232,4.453,1.4876,1.8611,4.1432,5.4617,2.8923,1.7914,0.82164,2.1485,2.8254,0.94465,2.6346,4.0718,2.2363,2.5322,3.6435,2.642,2.3946,4.9598,2.8655,2.6652,4.5342,2.0824,2.4716,4.5242,2.3389,2.1236,4.1873,0.75858,2.0349,3.3464,0.40738,2.4515,2.9472,0.56903,2.1565,3.785,2.4293,2.4965,4.4736,0.79077,2.4235,2.9096,1.2703,1.5759,4.3126,1.6824,1.9962,3.4591,0.1111,2.679,2.0904,3.3347,2.95,0.076241,0.8126,2.3983,2.922,1.654,1.6448,4.0977,1.523,1.8305,3.1946,0.7665,2.428,2.8638,2.1818,2.3408,4.9529,1.1654,2.5568,3.1044,1.1038,2.0591,3.5341,0.50636,1.996,3.2651,1.7089,1.9855,3.4423,2.4479,2.089,4.154,2.1419,2.149,4.972,1.3152,1.745,3.8098,0.71812,1.9825,2.7619,2.1346,2.1535,4.9851,2.2813,2.2091,4.4824,1.5509,2.328,3.9686,4.197,2.9874,0.12932,1.9272,2.3849,3.9978,0.79092,1.9728,4.119,1.1836,2.5978,4.2246,3.4907,2.8412,6.0913,1.5898,1.5954,3.2724,0.27727,2.3249,3.4083,5.083,2.9843,0.97598,0.51774,2.7943,3.2443,1.2335,2.5179,2.9933,2.177,2.1422,4.9622,1.513,2.0903,4.3665,1.564,1.6236,3.3124,1.4223,2.9234,3.3048,0.54186,2.4176,2.7714,0.88768,2.4483,2.9932,0.22147,2.6282,3.3398,1.6665,2.3015,4.1635,0.49317,2.4335,2.7361,1.0393,2.2142,3.644,1.3575,1.7975,4.3006,0.28968,2.3177,3.418,1.5692,1.6045,3.2798,0.54638,2.4144,2.7609,3.0013,2.8679,5.9533,1.9477,2.5848,4.0221,2.0014,2.2001,4.5954,2.5234,2.7449,5.2322,1.8181,1.9655,3.8775,1.3339,1.8121,3.7067,2.2045,2.1491,4.9861,1.4422,2.6323,4.003,0.79064,3.0597,2.5926,4.6012,2.9639,0.33981,1.2531,2.7189,4.2932,1.896,1.9533,3.8882,1.2276,2.6403,2.8457,0.31579,2.7891,2.9337,0.9873,2.8941,4.1617,0.53722,2.5044,2.5816,0.72689,1.9584,2.9468,0.54018,2.4273,3.4157,1.6271,2.1863,4.2627,1.2284,2.7255,4.3273,0.64011,1.9741,3.0845,2.005,1.8719,3.7904,1.2389,1.8519,3.6601,2.4191,2.694,4.929,1.4128,1.5427,4.1852,1.3598,2.1461,3.1914,0.66352,1.9897,3.0794,0.56604,2.3948,2.6047,1.6903,2.3079,4.1456,2.3875,2.6859,4.9576,0.62082,1.9892,3.0677,1.5987,1.7144,3.3209,0.68291,3.0196,2.5388,0.56354,2.5161,2.5908,3.0219,2.7457,5.9694,6.172,2.8639,2.5382,4.4812,2.9666,0.19656,2.3663,2.3784,3.7561,1.1141,3.0781,3.9506,1.37,2.3326,3.5288,0.58013,3.0904,3.4048,2.3737,2.2255,3.7936,1.251,1.8501,3.6634,2.4208,2.3315,4.5781,2.5942,2.646,4.0802,1.266,2.6968,4.3374,1.8391,1.9598,3.8842,1.1474,2.7857,3.6832,2.4166,2.4441,5.0449,1.5458,2.6307,3.3093,2.1744,2.2082,4.092,0.82092,1.9307,3.3783,2.3892,2.3944,3.7756,2.3549,2.3962,3.7497,2.2107,1.9204,4.9429,2.6557,2.2907,4.8038,2.3716,2.2378,3.8063,1.3998,1.5934,3.8575,2.4331,2.6853,4.9726,1.8521,1.9567,3.8939,0.79194,2.1382,4.0184,1.6055,1.8352,4.2824,2.4072,2.6764,4.9677,1.4551,2.3903,3.2599,5.9124,2.8684,2.185,1.8627,1.7833,3.4947,1.989,3.0025,4.2878,2.0368,1.9585,4.7793,1.1182,2.5889,4.2986,1.9073,2.148,4.8845,1.6298,1.7984,3.9584,1.609,2.0087,3.3803,1.0563,2.7615,3.6142,0.95036,2.8393,3.8171,1.4397,2.4294,3.866,1.1422,2.7659,3.6698,1.8176,1.7899,4.0915,0.85233,2.4593,2.7831,1.8801,2.0856,4.3883,0.083827,2.7946,2.881,1.0777,1.9552,4.2828,0.9573,2.3232,3.0288,1.622,2.3987,4.5806,0.9902,2.087,2.8334,0.75654,2.0038,2.7248,1.6344,1.7949,3.9606,0.90884,2.4552,2.8094,1.3664,1.5876,3.838,2.7726,2.5953,4.6321,1.0743,2.1563,3.6325,1.14,2.7829,3.6624,1.9828,1.9894,4.4749,1.0673,1.9619,4.2552,1.867,1.6482,3.445,1.6759,2.4843,3.9919,2.157,2.5524,4.9123,2.1247,2.3731,3.6772,1.2062,3.0691,3.4425,1.4348,1.456,4.2396,0.64623,2.9934,3.6296,1.6311,1.7445,4.2359,0.76003,1.9999,2.7357,0.64504,2.2029,3.9752,2.6641,2.601,4.5288,1.9982,2.121,3.4421,1.3837,2.9137,3.5391,1.0835,2.1995,3.6318,2.533,2.0078,4.4699,1.4948,1.735,4.4217,1.6067,2.5907,3.5781,2.0639,2.287,4.0682,2.7089,2.3541,4.9963,0.44457,2.5231,2.9475
0.045341,0.071393,0.0024311,212.87,218.35,203.83,0.0012275,0.0013582,0.0010121,205.34,212.84,210.93,201.95,194.85,199.12,226.97,213.49,231.21,204.48,233.07,248.83,201.74,202.24,203.38,220.15,209.93,211.63,181.7,189.82,261.43,205.74,181.35,220.66,185.92,231.83,214.3,256.12,151.98,230.15,199.28,208.32,168.08,233.17,234.52,277.42,224.14,188.31,229.48,271.96,250.48,164.16,255.4,177.03,226.0,207.4,243.75,235.2,265.71,233.59,235.51,204.81,258.29,259.86,248.4,207.89,242.42,213.5,195.45,286.08,244.51,240.62,251.44,174.43,214.71,191.43,221.24,201.52,260.12,216.78,212.33,206.46,225.73,233.92,194.54,188.77,230.24,219.68,247.1,236.89,219.47,236.27,244.5,204.15,246.92,144.04,250.03,199.93,227.48,205.47,235.35,253.34,211.5,206.1,196.96,166.88,215.79,275.98,190.43,205.45,255.2,251.04,281.7,235.4,223.66,246.56,301.7,232.22,190.51,227.98,197.43,189.58,224.08,256.16,144.61,250.28,228.06,254.99,253.03,211.61,172.97,238.37,260.19,188.63,213.34,216.56,264.33,172.22,180.03,257.85,241.64,234.77,261.47,204.91,201.12,234.17,256.14,232.84,254.6,215.85,239.41,197.67,246.7,260.36,202.44,238.1,303.73,206.16,220.57,254.88,195.26,208.44,266.92,207.98,139.41,259.18,256.76,249.58,191.55,280.49,201.98,213.39,171.51,165.34,197.67,225.75,174.58,246.97,228.74,195.03,218.65,223.36,233.78,188.63,233.91,216.21,200.78,202.91,203.59,274.22,206.16,246.56,287.02,218.24,241.52,210.16,274.04,218.16,208.4,252.18,280.55,216.93,240.33,234.56,208.63,251.78,224.58,225.98,207.8,226.63,202.88,231.54,218.8,226.97,223.18,220.92,223.9,203.61,248.42,247.77,216.73,197.68,182.63,223.97,264.88,189.07,200.08,272.96,206.39,219.74,232.65,217.08,226.11,249.07,252.2,184.6,238.2,191.88,239.68,208.94,240.37,178.57,240.64,240.97,169.45,253.65,212.11,159.52,233.86,181.84,211.48,230.37,178.65,216.29,230.68,194.99,222.05,226.5,218.67,184.05,232.5,204.19,211.05,210.96,166.28,256.61,251.44,203.56,169.11,201.79,262.94,221.19,225.89,215.24,147.22,160.8,201.14,236.82,213.34,212.69,213.8,205.35,188.11,168.45,184.55,227.9,217.12,232.95,221.12,0.00082778,0.0010524,0.0010459,0.0010682,0.00098077,0.0010858,0.0012003,0.00094278,0.0011665,0.00097285,0.0012358,0.0013662,0.0011041,0.0010859,0.0010082,0.0013281,0.0011915,0.0011616,0.0011571,0.0011664,0.0015451,0.0013516,0.0011279,0.0014512,0.0012758,0.001398,0.0012036,0.001496,0.0011077,0.0015413,0.0011938,0.0012894,0.0011656,0.00132,0.0014241,0.0016435,0.0013311,0.00132,0.0014257,0.0014979,0.0013604,0.0010113,0.0015809,0.001234,0.0013317,0.0012991,0.0014462,0.0013329,0.0015106,0.0013885,0.0012231,0.0013228,0.0015945,0.0014119,0.0014941,0.0013609,0.0014136,0.0014064,0.0013828,0.0016847,0.00166,0.0014853,0.0015523,0.0013379,0.0015055,0.0012783,0.0015035,0.0014312,0.0015716,0.0013711,0.0015172,0.0013989,0.0013522,0.001493,0.0013694,0.0013515,0.0013839,0.001396,0.0015798,0.0015692,0.0014397,0.0016043,0.0015412,0.0012812,0.0013908,0.0011578,0.0015298,0.0013932,0.0014638,0.0013331,0.0014721,0.0015154,0.0014198,0.001387,0.0012656,0.0011765,0.0013,0.0016949,0.001278,0.0013289,0.0015336,0.0015269,0.0017393,0.001432,0.0015098,0.001526,0.0016873,0.0014654,0.0013461,0.001324,0.0013938,0.001375,0.0014799,0.001646,0.0012533,0.0015926,0.0014496,0.001541,0.0015653,0.0013829,0.0012883,0.0016513,0.001496,0.0013576,0.001381,0.0014025,0.0016637,0.0012396,0.0007919,0.001642,0.0015631,0.0015466,0.0015787,0.0012695,0.0013154,0.0013722,0.0017195,0.0014367,0.0015779,0.0014771,0.0014496,0.0013306,0.0013401,0.0015497,0.001401,0.0015737,0.0015877,0.0013639,0.0014815,0.0015461,0.0012235,0.0014172,0.001718,0.0013381,0.0011155,0.0015783,0.0015158,0.0015794,0.0012724,0.001641,0.0012842,0.0013528,0.0012106,0.0012486,0.0013716,0.0013662,0.001227,0.0015162,0.0014653,0.0013327,0.001395,0.0012332,0.0015119,0.001406,0.0014244,0.0013702,0.0014254,0.0013727,0.0013168,0.0015292,0.0013142,0.0015072,0.0015986,0.0014259,0.0015271,0.0014727,0.0015608,0.0013686,0.0013702,0.0014755,0.0015,0.0014484,0.00146,0.001505,0.0016555,0.0015138,0.0014509,0.0014077,0.0014249,0.0014233,0.0013801,0.0014338,0.0013972,0.0014671,0.0013538,0.0016935,0.0014103,0.0014223,0.0014673,0.0014088,0.0013771,0.0013434,0.0012617,0.0013554,0.0016145,0.0013521,0.0013417,0.0015194,0.0013307,0.0014637,0.0014395,0.0013757,0.0013941,0.0014103,0.0015332,0.0012468,0.0015018,0.0012655,0.0014039,0.0014278,0.0013448,0.0012274,0.0013405,0.0014993,0.0011912,0.0014925,0.0012632,0.0012442,0.0014111,0.0011732,0.0013636,0.0013767,0.0012152,0.0013552,0.0013844,0.001118,0.0013133,0.0013398,0.0013714,0.0012156,0.0014547,0.0012582,0.0013365,0.0012197,0.00096122,0.0013355,0.0013756,0.0011399,0.0011291,0.0011206,0.0014666,0.001379,0.0013486,0.00099355,0.0008992,0.0010109,0.0010229,0.001409,0.0012699,0.0010023,0.0012065,0.0010095,0.0010121,0.0008685,0.00087744,0.0011311,0.0011765,0.001301,0.0012249,1074300.0,1105700.0,792270.0,4276700.0,2284500.0,1150800.0,5856800.0,1513400.0,1879800.0,3242500.0,2966100.0,734830.0,5652900.0,1298400.0,4052200.0,2459600.0,5070500.0,4091400.0,1340500.0,3371900.0,2502600.0,3347400.0,11704000.0,958350.0,6311800.0,749460.0,9101500.0,1591900.0,1841400.0,815570.0,3232100.0,1680500.0,5814300.0,23940000.0,2520900.0,2724900.0,4347000.0,1235900.0,1513400.0,1646200.0,2062700.0,1057700.0,2058300.0,1019200.0,7475600.0,2433400.0,1825600.0,1494000.0,2274900.0,15971000.0,952090.0,7278300.0,3995200.0,706940.0,3910700.0,1079100.0,2657700.0,17679000.0,32102000.0,2373200.0,1720700.0,1532600.0,2840700.0,1036400.0,1926200.0,3409900.0,803840.0,2871900.0,1940600.0,3915400.0,2755300.0,1446400.0,1119200.0,15048000.0,5077600.0,1340600.0,3613400.0,1673300.0,965090.0,2573300.0,3702600.0,1313000.0,893150.0,2116300.0,873820.0,1861100.0,2850800.0,4950200.0,4191200.0,2338500.0,5694300.0,1300700.0,9352900.0,4677300.0,1017700.0,1694700.0,903640.0,1769700.0,3509900.0,9918500.0,1730700.0,16523000.0,1417300.0,9919600.0,1633600.0,3256300.0,1272900.0,1628100.0,12535000.0,5115100.0,2157200.0,3869300.0,2389200.0,1225800.0,656170.0,3373000.0,11659000.0,2413800.0,1291100.0,778800.0,1922000.0,735100.0,1193700.0,2218700.0,8786700.0,4156700.0,2627900.0,3087700.0,2361300.0,1498700.0,773560.0,10411000.0,2404500.0,3548600.0,2073400.0,1371700.0,1031900.0,2014200.0,1052000.0,2853800.0,3921600.0,1159600.0,1477000.0,2103000.0,1521000.0,2210500.0,2422200.0,877170.0,6912100.0,1513500.0,9390500.0,6180200.0,809830.0,10291000.0,814480.0,1274500.0,19279000.0,683650.0,12167000.0,721740.0,5575100.0,3693400.0,3817200.0,2647300.0,5252900.0,4116200.0,4227600.0,964530.0,4135000.0,1638700.0,6369200.0,1506700.0,7610900.0,1080700.0,744550.0,4005200.0,2996600.0,1988300.0,8411500.0,2288700.0,948280.0,1205600.0,3671000.0,3568300.0,1940100.0,1475700.0,747540.0,6807100.0,5275200.0,2336700.0,637470.0,17726000.0,3323000.0,5257900.0,1142200.0,18258000.0,5431600.0,1100100.0,8580600.0,1353300.0,1434500.0,3992400.0,5297000.0,799330.0,1639500.0,973680.0,1778500.0,1568200.0,1456500.0,7851700.0,2342100.0,1425100.0,12280000.0,2793800.0,1238000.0,1263500.0,3260300.0,951930.0,4669600.0,1133200.0,1854600.0,8075300.0,4435100.0,696550.0,1421900.0,10018000.0,5258300.0,5069200.0,15394000.0,3001700.0,1931800.0,2342400.0,2994600.0,3189800.0,1882600.0,1749500.0,2275100.0,1499400.0,7215800.0,652060.0,3656200.0,8296200.0,8910100.0,1863600.0,5378600.0,4029700.0,5011000.0,864140.0,1139900.0,5361500.0,1551600.0,6587500.0,3485200.0,7122400.0,1970700.0,1638700.0,1591200.0,1087700.0,1106100.0,2208100.0,945990.0,5091800.0,3371700.0,4404800.0,3356800.0,2894200.0,2745600.0,15584000.0,14989000.0,6042000.0,4601000.0,2807600.0,6148400.0,3762100.0,1781300.0,2740300.0,1353800.0,4824200.0,3044800.0,1.5271,1.8438,4.1713,2.2286,2.4685,3.6655,1.2775,2.2287,4.223,1.2248,1.9892,4.2289,2.4931,2.6639,4.308,0.83048,2.0621,4.2168,1.5649,2.4973,3.8901,3.0326,2.8423,5.8394,1.2218,2.0031,4.2249,1.7394,1.7194,4.2481,1.2771,2.2371,4.2354,0.8251,2.0552,4.2127,2.9097,2.8397,4.5594,5.6793,2.7721,1.4478,1.2348,2.8406,3.6182,0.92768,2.1508,3.0166,2.5063,2.0752,4.4687,1.4695,1.6811,3.9015,0.66425,2.5956,3.8802,1.9746,1.7833,3.4863,1.1117,2.4298,3.1111,0.30627,2.2873,3.5517,1.8023,1.6609,3.3908,2.1024,2.7893,4.3693,1.8194,1.6593,3.3834,1.5202,1.6654,3.9256,0.37591,2.1481,3.183,2.042,2.3783,4.418,1.4755,1.6783,3.2165,0.85249,1.8972,2.7677,3.078,2.8418,5.8766,1.9785,1.774,3.4825,0.9654,2.7162,2.8883,1.7812,2.5895,4.0018,0.6597,1.8819,2.7784,1.0867,2.4369,3.0803,1.9099,1.9211,4.4938,1.7281,1.6788,3.8934,0.53315,2.1944,3.7738,1.232,2.4614,3.8013,1.001,2.0842,3.253,2.5505,2.3086,4.3056,2.049,2.1713,4.6912,1.4961,1.6713,3.9156,1.8918,1.9386,4.4904,1.4757,2.1782,3.2625,0.83328,2.1276,3.1524,2.4343,2.3951,4.3355,1.9596,2.5806,4.8787,1.9375,2.6025,4.8651,2.5491,2.3078,4.297,1.2821,2.4989,3.9322,1.7262,2.2574,4.3196,2.2378,3.041,4.1506,0.54224,2.4508,2.5141,1.501,2.0436,4.6008,2.0292,3.0534,3.9487,0.34091,2.3796,3.413,1.6778,1.6269,4.0828,0.74233,2.0783,3.0823,2.2466,2.2786,4.6659,0.61299,2.5515,3.0351,0.9577,2.1288,3.2525,0.095599,2.8946,1.8914,1.9998,2.0472,4.5909,2.5408,2.3259,4.275,2.5587,2.324,5.1814,2.0902,2.7814,4.3451,1.1049,1.8527,3.9663,4.605,2.958,0.54688,0.86165,2.1485,3.0364,1.3637,2.1023,4.2677,1.1003,2.1266,3.5095,2.2282,2.7287,4.4938,1.6714,1.5963,4.1524,1.1529,2.5456,3.0694,0.75071,2.4363,3.7589,2.106,1.8973,3.7154,1.5512,2.4669,3.474,1.5848,2.5633,3.5919,1.5968,1.6682,4.2674,2.0586,2.7718,4.5531,2.1074,2.769,4.6112,3.3338,2.8001,6.0905,1.7039,1.6119,4.1744,1.7524,1.9831,3.4292,2.2312,2.9542,5.0614,1.1642,2.5524,3.075,2.6463,2.4341,4.9923,0.98785,2.6252,4.0962,1.5611,2.4576,3.4915,1.1257,1.8556,4.096,1.6836,1.6229,4.0818,1.7424,1.9673,3.4324,0.013363,2.9324,3.0851,2.8995,2.2762,4.5881,1.3674,1.9569,4.2471,1.2252,2.6521,3.3345,1.4582,2.4521,3.3618,1.7868,1.9629,3.7011,1.9558,2.3789,4.0032,1.1004,2.3069,3.2023,2.5093,2.0176,5.1848,1.1792,2.6789,3.3047,1.451,2.4689,3.3527,0.18698,2.983,3.2294,0.68093,1.821,2.8752,1.6918,2.0229,4.4544,1.4879,1.8608,4.1441,5.459,2.8918,1.7891,0.82228,2.1495,2.827,0.94234,2.6356,4.0723,2.239,2.5321,3.6444,2.6424,2.3926,4.9586,2.8679,2.6638,4.5348,2.0807,2.4701,4.5246,2.3383,2.1245,4.1874,0.75832,2.0368,3.3462,0.41011,2.4507,2.9495,0.56842,2.1571,3.787,2.4307,2.496,4.4752,0.79164,2.4226,2.9116,1.271,1.5758,4.3134,1.6818,1.9959,3.4594,0.11449,2.6787,2.0915,3.3383,2.95,0.08156,0.81452,2.3963,2.9246,1.6539,1.6451,4.0981,1.5244,1.8302,3.1953,0.7669,2.4271,2.8643,2.1823,2.3404,4.9529,1.1667,2.5567,3.1058,1.1063,2.0624,3.5348,0.50529,1.9968,3.2654,1.7092,1.9848,3.442,2.4507,2.0894,4.1523,2.1412,2.1485,4.972,1.316,1.7446,3.8103,0.71913,1.9828,2.7622,2.1338,2.1534,4.9857,2.2803,2.2099,4.4836,1.5504,2.3293,3.9689,4.1967,2.9866,0.12897,1.9261,2.3865,3.9981,0.78933,1.9731,4.1192,1.1849,2.5987,4.2255,3.4898,2.8407,6.092,1.5923,1.5945,3.272,0.27549,2.3258,3.4078,5.0805,2.9841,0.97296,0.5166,2.7946,3.2444,1.2327,2.5183,2.994,2.1777,2.1422,4.962,1.5145,2.0902,4.3673,1.5653,1.6237,3.3134,1.4257,2.9237,3.3033,0.54512,2.4166,2.7733,0.88652,2.4479,2.9932,0.22159,2.6285,3.3397,1.6691,2.3034,4.1651,0.4949,2.4332,2.7368,1.039,2.2157,3.6434,1.3563,1.7971,4.3009,0.28869,2.3181,3.4183,1.5708,1.6041,3.2797,0.54996,2.4132,2.7624,3.0017,2.8678,5.955,1.9453,2.5842,4.0215,2.0022,2.2006,4.5956,2.5194,2.7438,5.2305,1.8153,1.9655,3.8766,1.335,1.8118,3.7073,2.206,2.149,4.9864,1.4431,2.6315,4.0025,0.78189,3.0589,2.5823,4.5986,2.9631,0.33792,1.2533,2.7203,4.2919,1.8958,1.9533,3.8884,1.2271,2.6406,2.845,0.31398,2.7895,2.9328,0.98848,2.8944,4.1624,0.5363,2.5038,2.5817,0.72807,1.9595,2.9452,0.5399,2.4284,3.4153,1.629,2.1868,4.2638,1.227,2.727,4.3268,0.64036,1.9749,3.0831,2.006,1.8712,3.7895,1.2406,1.8522,3.6606,2.4175,2.6931,4.927,1.414,1.5433,4.1855,1.3587,2.1459,3.1919,0.66435,1.9911,3.0782,0.5692,2.3929,2.6057,1.6922,2.3095,4.1461,2.3852,2.6846,4.9568,0.62037,1.9905,3.066,1.5998,1.7146,3.3206,0.68625,3.019,2.5404,0.56327,2.516,2.5909,3.0255,2.7457,5.9722,6.1717,2.8639,2.5381,4.4755,2.9658,0.19077,2.3668,2.3773,3.7559,1.1216,3.0778,3.9598,1.3678,2.335,3.5276,0.5709,3.0907,3.397,2.3738,2.2251,3.793,1.2526,1.85,3.6641,2.4206,2.3314,4.5787,2.5945,2.6467,4.082,1.2662,2.6971,4.3375,1.8373,1.9597,3.8835,1.148,2.7853,3.6841,2.4155,2.4428,5.0433,1.5441,2.6308,3.3098,2.1745,2.209,4.0917,0.82167,1.9315,3.3784,2.3902,2.3938,3.7762,2.355,2.3957,3.7494,2.2116,1.9216,4.9443,2.6559,2.2907,4.8042,2.3718,2.2378,3.8062,1.4003,1.5936,3.8582,2.432,2.6841,4.972,1.851,1.9565,3.8935,0.79234,2.138,4.0202,1.6055,1.8352,4.2831,2.4057,2.6751,4.9672,1.4553,2.3903,3.2599,5.9119,2.868,2.1844,1.8627,1.7827,3.4953,1.989,3.0017,4.287,2.0377,1.9588,4.7801,1.1189,2.5892,4.2994,1.9083,2.148,4.8853,1.6302,1.7981,3.9582,1.6092,2.0087,3.3798,1.0576,2.761,3.6158,0.95165,2.8394,3.8174,1.4415,2.4306,3.8667,1.1427,2.7648,3.6703,1.817,1.7895,4.0914,0.85075,2.4592,2.7834,1.8794,2.0861,4.3885,0.084243,2.7944,2.8824,1.0774,1.9551,4.2834,0.95767,2.3227,3.0294,1.6216,2.3988,4.5804,0.99047,2.0869,2.8334,0.75693,2.0039,2.7243,1.635,1.7946,3.9604,0.90864,2.455,2.8106,1.3659,1.5877,3.838,2.7726,2.5954,4.6319,1.074,2.157,3.6327,1.1406,2.7823,3.6628,1.9831,1.9895,4.4749,1.0667,1.9619,4.255,1.8674,1.6481,3.4449,1.6763,2.4844,3.9916,2.1583,2.5522,4.912,2.1238,2.3729,3.6762,1.2066,3.0689,3.443,1.4345,1.4557,4.2398,0.6471,2.9932,3.6301,1.6313,1.7443,4.2359,0.76047,2.0,2.7355,0.6438,2.2031,3.9761,2.6634,2.6009,4.5286,1.9985,2.1208,3.4422,1.3837,2.9134,3.5391,1.0836,2.1997,3.6316,2.533,2.0081,4.47,1.4949,1.735,4.4217,1.6066,2.5906,3.5779,2.0639,2.2871,4.0681,2.7088,2.3535,4.9958,0.44458,2.5228,2.9473
0.046267,0.072861,0.0024633,213.13,218.74,203.89,0.001229,0.0013605,0.0010124,205.43,212.99,211.15,202.2,195.07,199.16,227.07,213.58,231.51,204.68,233.38,249.15,201.8,202.47,203.6,220.64,210.06,211.96,182.01,189.84,262.0,206.01,181.54,220.96,186.09,232.25,214.6,256.53,152.2,230.49,199.46,208.37,168.09,233.46,234.84,277.91,224.57,188.57,230.01,272.57,250.83,164.3,255.68,177.24,226.4,207.73,244.13,235.53,266.27,233.96,235.82,205.08,258.92,260.34,249.04,208.29,242.81,213.88,195.83,286.76,245.12,241.21,252.16,174.33,215.12,191.67,221.82,201.98,260.08,217.15,212.64,206.48,226.31,234.45,194.88,188.95,230.49,220.16,247.74,237.37,219.73,236.45,244.25,204.57,247.39,144.18,250.5,200.24,227.9,205.95,235.8,254.14,212.02,206.52,197.32,167.23,215.88,276.82,191.03,205.54,255.96,251.52,282.89,236.16,224.37,247.1,302.43,233.08,191.05,228.46,197.92,189.59,224.83,256.64,145.57,250.63,228.64,255.87,253.61,212.67,173.56,239.18,260.83,189.49,214.03,216.95,265.72,172.71,182.38,259.02,242.44,235.22,261.49,205.22,201.46,236.13,256.78,233.57,255.08,214.63,240.39,198.22,247.03,261.28,202.97,239.57,304.01,206.86,221.77,255.49,195.59,209.01,266.64,208.39,139.75,258.34,257.83,250.14,191.0,281.61,202.2,213.97,171.75,164.95,198.13,226.48,174.95,247.67,228.71,195.25,219.28,223.45,234.01,188.58,234.51,216.77,201.19,203.2,203.99,274.22,206.45,246.74,288.18,218.74,241.99,210.62,274.73,218.76,208.71,252.65,281.24,217.48,240.78,235.35,209.64,252.38,225.07,226.79,207.96,226.86,203.33,231.94,219.25,227.43,223.71,222.33,224.33,204.01,248.73,248.26,217.22,197.92,183.01,224.3,265.59,189.54,200.36,273.28,206.75,220.2,233.05,217.43,226.49,249.5,252.45,184.9,238.99,192.18,240.0,209.12,240.51,178.79,241.0,241.4,169.53,253.89,212.3,159.86,234.17,182.02,211.82,230.79,178.87,216.66,230.88,195.04,222.42,226.84,218.98,184.21,232.72,204.31,211.37,211.27,166.36,256.86,251.84,203.72,169.26,201.92,263.12,221.54,226.08,215.41,147.29,160.89,201.22,236.98,213.69,212.83,214.02,205.53,188.26,168.61,184.64,228.0,217.14,233.2,221.18,0.00082756,0.0010526,0.0010464,0.0010693,0.00098153,0.0010853,0.0012008,0.00094289,0.0011683,0.00097359,0.0012373,0.0013679,0.0011038,0.0010872,0.001009,0.0013306,0.0011922,0.0011635,0.0011589,0.0011667,0.0015484,0.0013533,0.0011291,0.0014533,0.0012771,0.0014009,0.0012055,0.0014983,0.0011093,0.0015434,0.001195,0.0012899,0.0011654,0.0013214,0.0014263,0.0016464,0.0013336,0.0013215,0.001429,0.0015016,0.0013626,0.0010116,0.0015827,0.0012357,0.0013344,0.001301,0.001449,0.0013343,0.001514,0.0013907,0.0012242,0.0013241,0.0015978,0.0014144,0.0014976,0.001363,0.001416,0.001409,0.0013854,0.0016894,0.0016634,0.0014883,0.001556,0.0013385,0.0015085,0.0012797,0.001508,0.0014345,0.0015727,0.0013732,0.0015193,0.0014001,0.0013553,0.0014959,0.0013717,0.0013528,0.0013857,0.0013991,0.0015829,0.0015719,0.0014431,0.0016064,0.0015421,0.0012836,0.0013934,0.0011593,0.001533,0.0013954,0.0014663,0.0013353,0.0014743,0.0015201,0.0014236,0.0013906,0.001268,0.0011789,0.0013019,0.0017005,0.0012815,0.0013303,0.0015378,0.0015297,0.001746,0.0014364,0.0015138,0.0015273,0.001691,0.00147,0.0013499,0.0013273,0.001396,0.0013758,0.0014845,0.0016503,0.0012583,0.0015946,0.0014536,0.0015456,0.0015696,0.0013852,0.0012912,0.0016571,0.0015001,0.0013623,0.0013851,0.0014025,0.0016715,0.001243,0.00080065,0.0016485,0.0015677,0.0015501,0.0015827,0.0012718,0.0013185,0.0013764,0.0017241,0.0014405,0.0015809,0.0014697,0.0014543,0.0013337,0.0013422,0.0015547,0.0014051,0.0015804,0.0015893,0.0013687,0.0014872,0.0015503,0.0012259,0.0014203,0.0017181,0.0013408,0.0011173,0.0015784,0.0015218,0.0015827,0.0012635,0.0016469,0.0012859,0.001356,0.0012124,0.0012493,0.0013755,0.0013703,0.0012298,0.0015202,0.0014655,0.0013351,0.001399,0.0012344,0.0015136,0.0014074,0.0014288,0.0013734,0.0014285,0.0013751,0.001319,0.0015304,0.0013163,0.0015095,0.0016055,0.0014292,0.0015297,0.001476,0.001565,0.0013719,0.0013726,0.0014779,0.0015031,0.0014517,0.0014628,0.00151,0.0016608,0.001518,0.0014538,0.0014108,0.0014275,0.0014243,0.0013831,0.0014368,0.0014001,0.0014703,0.0013566,0.0017008,0.0014128,0.0014246,0.0014696,0.0014108,0.0013795,0.001345,0.0012641,0.001357,0.0016187,0.0013543,0.0013434,0.0015213,0.0013328,0.0014663,0.0014423,0.0013775,0.001396,0.001413,0.001535,0.0012485,0.0015065,0.0012676,0.0014062,0.001429,0.0013458,0.0012287,0.0013422,0.0015021,0.0011917,0.001494,0.0012642,0.0012463,0.0014133,0.0011746,0.0013659,0.0013792,0.001217,0.0013563,0.0013857,0.0011183,0.0013156,0.0013415,0.0013732,0.0012165,0.0014561,0.0012591,0.0013383,0.0012216,0.00096168,0.001337,0.0013782,0.0011407,0.0011302,0.0011212,0.0014674,0.0013808,0.0013498,0.000994,0.00089964,0.001011,0.001023,0.0014101,0.0012718,0.0010026,0.0012076,0.0010102,0.0010128,0.00086915,0.00087753,0.0011315,0.0011764,0.001302,0.0012253,1074300.0,1105700.0,792270.0,4276700.0,2284500.0,1150800.0,5856800.0,1513400.0,1879800.0,3242500.0,2966100.0,734830.0,5652900.0,1298400.0,4052200.0,2459600.0,5070500.0,4091400.0,1340500.0,3371900.0,2502600.0,3347400.0,11704000.0,958350.0,6311800.0,749460.0,9101500.0,1591900.0,1841400.0,815570.0,3232100.0,1680500.0,5814300.0,23940000.0,2520900.0,2724900.0,4347000.0,1235900.0,1513400.0,1646200.0,2062700.0,1057700.0,2058300.0,1019200.0,7475600.0,2433400.0,1825600.0,1494000.0,2274900.0,15971000.0,952090.0,7278300.0,3995200.0,706940.0,3910700.0,1079100.0,2657700.0,17679000.0,32102000.0,2373200.0,1720700.0,1532600.0,2840700.0,1036400.0,1926200.0,3409900.0,803840.0,2871900.0,1940600.0,3915400.0,2755300.0,1446400.0,1119200.0,15048000.0,5077600.0,1340600.0,3613400.0,1673300.0,965090.0,2573300.0,3702600.0,1313000.0,893150.0,2116300.0,873820.0,1861100.0,2850800.0,4950200.0,4191200.0,2338500.0,5694300.0,1300700.0,9352900.0,4677300.0,1017700.0,1694700.0,903640.0,1769700.0,3509900.0,9918500.0,1730700.0,16523000.0,1417300.0,9919600.0,1633600.0,3256300.0,1272900.0,1628100.0,12535000.0,5115100.0,2157200.0,3869300.0,2389200.0,1225800.0,656170.0,3373000.0,11659000.0,2413800.0,1291100.0,778800.0,1922000.0,735100.0,1193700.0,2218700.0,8786700.0,4156700.0,2627900.0,3087700.0,2361300.0,1498700.0,773560.0,10411000.0,2404500.0,3548600.0,2073400.0,1371700.0,1031900.0,2014200.0,1052000.0,2853800.0,3921600.0,1159600.0,1477000.0,2103000.0,1521000.0,2210500.0,2422200.0,877170.0,6912100.0,1513500.0,9390500.0,6180200.0,809830.0,10291000.0,814480.0,1274500.0,19279000.0,683650.0,12167000.0,721740.0,5575100.0,3693400.0,3817200.0,2647300.0,5252900.0,4116200.0,4227600.0,964530.0,4135000.0,1638700.0,6369200.0,1506700.0,7610900.0,1080700.0,744550.0,4005200.0,2996600.0,1988300.0,8411500.0,2288700.0,948280.0,1205600.0,3671000.0,3568300.0,1940100.0,1475700.0,747540.0,6807100.0,5275200.0,2336700.0,637470.0,17726000.0,3323000.0,5257900.0,1142200.0,18258000.0,5431600.0,1100100.0,8580600.0,1353300.0,1434500.0,3992400.0,5297000.0,799330.0,1639500.0,973680.0,1778500.0,1568200.0,1456500.0,7851700.0,2342100.0,1425100.0,12280000.0,2793800.0,1238000.0,1263500.0,3260300.0,951930.0,4669600.0,1133200.0,1854600.0,8075300.0,4435100.0,696550.0,1421900.0,10018000.0,5258300.0,5069200.0,15394000.0,3001700.0,1931800.0,2342400.0,2994600.0,3189800.0,1882600.0,1749500.0,2275100.0,1499400.0,7215800.0,652060.0,3656200.0,8296200.0,8910100.0,1863600.0,5378600.0,4029700.0,5011000.0,864140.0,1139900.0,5361500.0,1551600.0,6587500.0,3485200.0,7122400.0,1970700.0,1638700.0,1591200.0,1087700.0,1106100.0,2208100.0,945990.0,5091800.0,3371700.0,4404800.0,3356800.0,2894200.0,2745600.0,15584000.0,14989000.0,6042000.0,4601000.0,2807600.0,6148400.0,3762100.0,1781300.0,2740300.0,1353800.0,4824200.0,3044800.0,1.5271,1.8439,4.1713,2.2286,2.4686,3.6655,1.2775,2.2288,4.223,1.2246,1.9892,4.2288,2.4929,2.6639,4.3081,0.82996,2.0621,4.2168,1.5657,2.4976,3.89,3.0331,2.8424,5.8398,1.2216,2.0033,4.2247,1.7393,1.7194,4.2481,1.2772,2.2373,4.2357,0.8244,2.0551,4.2127,2.9099,2.8397,4.5603,5.6785,2.7719,1.4473,1.2348,2.8405,3.6182,0.92707,2.1509,3.0165,2.5067,2.0758,4.4693,1.4694,1.6811,3.9014,0.66442,2.5962,3.8802,1.974,1.7837,3.4866,1.1125,2.4295,3.1123,0.30681,2.2874,3.5514,1.8026,1.6607,3.3909,2.1015,2.7885,4.3677,1.8199,1.6591,3.3833,1.521,1.6652,3.926,0.37553,2.1485,3.1825,2.0422,2.3788,4.4188,1.4755,1.6785,3.2168,0.85284,1.8976,2.7676,3.0793,2.8418,5.8778,1.9781,1.7743,3.4826,0.96469,2.7162,2.8885,1.7805,2.5894,4.0018,0.66023,1.8822,2.7781,1.0869,2.4368,3.0809,1.9102,1.9213,4.4938,1.7289,1.6784,3.8934,0.53365,2.1942,3.7745,1.2328,2.4622,3.8017,1.0008,2.0847,3.2526,2.5506,2.3088,4.306,2.0488,2.1717,4.6915,1.4964,1.6712,3.9157,1.8917,1.9391,4.4903,1.4755,2.1783,3.2624,0.83334,2.1286,3.1515,2.4346,2.3956,4.3359,1.9599,2.5801,4.8783,1.9374,2.6026,4.8647,2.5492,2.308,4.2972,1.282,2.4991,3.9319,1.727,2.2579,4.3201,2.2405,3.0405,4.1527,0.54306,2.4504,2.515,1.5003,2.0434,4.6008,2.0282,3.0532,3.9472,0.33992,2.3797,3.4125,1.6782,1.6268,4.0828,0.74298,2.0794,3.0819,2.2468,2.2792,4.6663,0.6128,2.5503,3.0359,0.9567,2.13,3.252,0.09489,2.8946,1.8897,1.9999,2.0485,4.591,2.5407,2.3264,4.2748,2.556,2.3236,5.1807,2.0889,2.7804,4.3428,1.1054,1.8526,3.9668,4.6047,2.957,0.54768,0.86121,2.149,3.036,1.365,2.1024,4.2678,1.1011,2.1274,3.5098,2.2266,2.728,4.492,1.671,1.5961,4.1523,1.1531,2.5454,3.0695,0.75077,2.4366,3.7587,2.1071,1.8966,3.7149,1.5503,2.4675,3.4741,1.583,2.564,3.5915,1.5954,1.6679,4.2677,2.0577,2.771,4.5525,2.1072,2.7682,4.6116,3.3336,2.8005,6.0901,1.7039,1.6121,4.1747,1.7536,1.9827,3.4287,2.2338,2.9544,5.0648,1.1647,2.5523,3.075,2.6466,2.4338,4.9924,0.98732,2.6255,4.0969,1.5603,2.458,3.4919,1.1241,1.8569,4.0959,1.6842,1.6227,4.0817,1.7435,1.9665,3.4319,0.0078001,2.932,3.08,2.8998,2.2758,4.5888,1.3685,1.9569,4.248,1.2247,2.6513,3.3349,1.4581,2.452,3.3622,1.7857,1.9624,3.7007,1.9562,2.3799,4.0035,1.1005,2.3073,3.2026,2.5086,2.0167,5.1857,1.1779,2.6784,3.3046,1.4507,2.4692,3.353,0.18541,2.9837,3.2274,0.68095,1.8213,2.8744,1.6915,2.0228,4.4553,1.488,1.8607,4.1447,5.4571,2.8915,1.7875,0.8227,2.1501,2.828,0.94084,2.6362,4.0726,2.2408,2.5321,3.645,2.6426,2.3912,4.9577,2.8695,2.6628,4.5352,2.0796,2.4692,4.5249,2.3379,2.125,4.1874,0.75815,2.0381,3.3461,0.41194,2.4502,2.951,0.56802,2.1575,3.7883,2.4316,2.4956,4.4762,0.79221,2.422,2.9129,1.2714,1.5757,4.3139,1.6815,1.9956,3.4597,0.11675,2.6784,2.0923,3.3408,2.95,0.085085,0.8158,2.395,2.9263,1.6538,1.6454,4.0984,1.5253,1.8301,3.1958,0.76715,2.4265,2.8646,2.1827,2.3402,4.9528,1.1676,2.5566,3.1067,1.1079,2.0645,3.5352,0.50456,1.9973,3.2657,1.7093,1.9843,3.4419,2.4525,2.0897,4.1512,2.1407,2.1482,4.9719,1.3166,1.7444,3.8106,0.71981,1.983,2.7623,2.1333,2.1534,4.9861,2.2796,2.2105,4.4844,1.5501,2.3302,3.9691,4.1965,2.9861,0.1287,1.9254,2.3876,3.9983,0.78828,1.9733,4.1193,1.1857,2.5993,4.226,3.4892,2.8403,6.0924,1.594,1.5939,3.2717,0.27433,2.3265,3.4075,5.0788,2.9839,0.97095,0.51585,2.7948,3.2444,1.2321,2.5186,2.9945,2.1782,2.1421,4.9619,1.5154,2.0901,4.3678,1.5662,1.6238,3.314,1.4281,2.9239,3.3024,0.5473,2.4159,2.7746,0.88576,2.4476,2.9932,0.22168,2.6287,3.3397,1.6708,2.3046,4.1661,0.49605,2.433,2.7373,1.0387,2.2168,3.643,1.3555,1.7969,4.301,0.28804,2.3183,3.4185,1.5719,1.6038,3.2795,0.55236,2.4123,2.7634,3.002,2.8677,5.9561,1.9438,2.5838,4.0212,2.0028,2.2009,4.5958,2.5166,2.7431,5.2293,1.8135,1.9655,3.8759,1.3358,1.8116,3.7076,2.2071,2.149,4.9865,1.4437,2.6309,4.0021,0.77612,3.0583,2.5755,4.597,2.9626,0.33665,1.2535,2.7213,4.291,1.8956,1.9532,3.8884,1.2267,2.6408,2.8445,0.31276,2.7897,2.9322,0.98927,2.8946,4.1628,0.53568,2.5034,2.5817,0.72886,1.9602,2.9441,0.53973,2.429,3.415,1.6303,2.1871,4.2645,1.2261,2.7279,4.3264,0.64053,1.9755,3.0822,2.0067,1.8708,3.7889,1.2417,1.8524,3.661,2.4164,2.6925,4.9257,1.4148,1.5438,4.1857,1.358,2.1458,3.1923,0.6649,1.9921,3.0774,0.5713,2.3917,2.6063,1.6935,2.3106,4.1465,2.3836,2.6837,4.9563,0.62007,1.9914,3.0649,1.6005,1.7147,3.3205,0.68843,3.0186,2.5415,0.56309,2.516,2.591,3.0278,2.7456,5.9741,6.1714,2.8639,2.538,4.4718,2.9653,0.18692,2.3671,2.3766,3.7558,1.1266,3.0777,3.966,1.3662,2.3365,3.5268,0.56468,3.0909,3.3918,2.3738,2.2249,3.7927,1.2537,1.85,3.6645,2.4205,2.3313,4.5791,2.5947,2.6472,4.0832,1.2663,2.6973,4.3375,1.8362,1.9595,3.883,1.1485,2.785,3.6848,2.4148,2.4419,5.0422,1.5429,2.6309,3.3102,2.1746,2.2095,4.0915,0.82217,1.9321,3.3785,2.3909,2.3934,3.7765,2.3551,2.3954,3.7493,2.2122,1.9223,4.9453,2.656,2.2907,4.8044,2.3719,2.2378,3.8061,1.4007,1.5938,3.8587,2.4313,2.6834,4.9716,1.8502,1.9564,3.8933,0.79261,2.1379,4.0215,1.6056,1.8353,4.2835,2.4047,2.6741,4.9669,1.4555,2.3903,3.2599,5.9115,2.8678,2.184,1.8627,1.7824,3.4957,1.9889,3.0012,4.2864,2.0382,1.9591,4.7807,1.1194,2.5894,4.3,1.9089,2.148,4.8858,1.6305,1.798,3.958,1.6093,2.0087,3.3795,1.0585,2.7606,3.6168,0.95252,2.8395,3.8177,1.4427,2.4313,3.8672,1.1431,2.7641,3.6707,1.8166,1.7893,4.0913,0.8497,2.4592,2.7837,1.8789,2.0865,4.3886,0.084518,2.7944,2.8834,1.0772,1.955,4.2839,0.9579,2.3224,3.0299,1.6214,2.3989,4.5802,0.99065,2.0869,2.8334,0.7572,2.004,2.7239,1.6355,1.7943,3.9602,0.9085,2.4549,2.8113,1.3656,1.5877,3.838,2.7725,2.5955,4.6318,1.0738,2.1574,3.6328,1.141,2.7819,3.6631,1.9832,1.9895,4.4749,1.0663,1.9619,4.2549,1.8677,1.6481,3.4448,1.6766,2.4845,3.9915,2.1591,2.5521,4.9118,2.1233,2.3727,3.6755,1.2069,3.0688,3.4434,1.4342,1.4556,4.2399,0.64766,2.9931,3.6304,1.6314,1.7441,4.236,0.76077,2.0,2.7353,0.64298,2.2033,3.9767,2.6628,2.6009,4.5284,1.9986,2.1206,3.4423,1.3837,2.9132,3.5391,1.0836,2.1999,3.6315,2.5331,2.0083,4.47,1.4949,1.735,4.4217,1.6065,2.5906,3.5778,2.064,2.2871,4.0681,2.7088,2.3531,4.9955,0.44459,2.5226,2.9472
0.04765,0.075056,0.0025105,213.39,219.19,203.85,0.0012306,0.0013631,0.0010124,205.47,213.09,211.32,202.42,195.27,199.0,227.12,213.6,231.8,204.85,233.7,249.49,201.78,202.69,203.79,221.15,210.16,212.29,182.39,189.8,262.62,206.34,181.74,221.3,186.26,232.69,214.91,256.97,152.46,231.0,199.66,208.42,168.01,233.71,235.17,278.43,225.02,188.97,230.52,273.2,251.16,164.45,256.0,177.48,226.74,208.1,244.5,235.83,266.79,234.33,236.09,205.38,259.58,260.86,249.6,208.63,243.17,214.38,196.39,287.44,245.64,242.0,253.04,174.2,215.53,191.93,222.74,202.74,259.99,217.74,213.03,206.5,226.85,234.91,195.21,188.99,230.76,220.4,248.31,237.81,220.15,236.62,243.95,205.15,247.73,144.12,251.09,200.81,228.28,206.31,236.04,255.32,212.9,207.28,197.52,167.39,215.65,277.94,191.89,205.51,257.14,251.79,284.66,237.29,225.51,247.59,302.87,234.49,191.91,229.17,197.79,189.23,225.91,257.38,146.48,250.24,229.48,257.28,254.6,213.2,174.44,240.1,261.94,190.7,215.3,217.46,267.61,173.3,184.82,260.91,243.42,236.15,260.15,205.61,201.99,239.33,257.91,234.82,255.9,211.66,242.16,198.76,247.63,262.69,203.68,242.71,304.88,208.24,223.69,256.36,196.1,209.93,264.49,209.0,140.38,258.0,259.44,250.87,188.74,283.22,202.51,214.79,172.23,163.86,198.89,227.61,175.46,248.73,227.81,195.76,220.29,223.19,233.85,188.28,235.55,217.66,201.76,203.7,204.61,273.94,206.57,246.78,289.79,219.56,242.28,211.15,275.42,219.38,209.23,253.01,282.0,218.01,241.04,236.47,210.76,253.24,225.5,227.84,208.12,227.02,203.92,232.62,219.99,228.17,224.26,223.76,224.73,204.36,249.22,248.68,217.7,198.26,183.58,224.62,266.32,189.97,200.72,273.78,207.29,220.76,233.37,217.8,226.85,249.9,252.8,185.26,239.93,192.59,240.3,209.31,240.7,179.04,241.38,241.78,169.62,254.14,212.51,160.18,234.44,182.14,212.11,231.21,179.08,217.04,231.13,195.07,222.82,227.15,219.33,184.38,232.94,204.45,211.75,211.55,166.4,257.2,252.22,203.85,169.32,202.04,263.29,221.84,226.26,215.6,147.32,160.94,201.27,237.14,214.04,212.96,214.21,205.63,188.36,168.74,184.69,228.04,217.1,233.42,221.1,0.00082651,0.0010521,0.0010463,0.0010698,0.00098185,0.0010833,0.0012009,0.00094236,0.0011696,0.00097377,0.0012386,0.0013694,0.0011027,0.0010882,0.0010091,0.0013331,0.0011925,0.0011651,0.001161,0.0011664,0.0015518,0.0013555,0.0011303,0.0014558,0.0012784,0.001404,0.0012072,0.0015006,0.001111,0.0015462,0.0011963,0.0012906,0.0011647,0.0013224,0.0014283,0.0016494,0.0013359,0.001324,0.001432,0.0015049,0.0013642,0.0010116,0.0015846,0.0012376,0.0013365,0.001303,0.0014513,0.0013355,0.0015169,0.0013927,0.0012247,0.0013254,0.0016009,0.0014173,0.0015005,0.0013649,0.0014185,0.0014126,0.0013891,0.0016941,0.0016662,0.0014919,0.0015601,0.0013395,0.0015115,0.0012811,0.0015141,0.0014397,0.0015739,0.0013762,0.0015219,0.001402,0.001358,0.0014981,0.0013741,0.0013535,0.0013878,0.0014009,0.0015857,0.0015747,0.0014484,0.0016083,0.001543,0.0012874,0.0013955,0.0011598,0.0015384,0.0013995,0.0014693,0.0013365,0.0014749,0.0015252,0.0014301,0.001397,0.0012714,0.0011805,0.0013024,0.0017078,0.0012866,0.0013316,0.0015448,0.0015312,0.0017561,0.0014428,0.0015203,0.0015264,0.0016931,0.0014779,0.0013562,0.001332,0.0013948,0.0013753,0.0014909,0.0016577,0.0012637,0.0015914,0.0014601,0.001553,0.0015767,0.0013815,0.0012956,0.0016659,0.0015074,0.0013693,0.0013927,0.0014013,0.0016819,0.0012471,0.00080809,0.0016591,0.0015735,0.0015566,0.0015831,0.0012747,0.0013234,0.0013801,0.0017332,0.0014473,0.0015855,0.0014523,0.001462,0.0013367,0.0013454,0.0015615,0.0014099,0.0015946,0.0015936,0.0013776,0.0014958,0.0015569,0.0012295,0.001425,0.0017114,0.0013451,0.0011206,0.001585,0.0015302,0.0015874,0.0012381,0.0016557,0.001288,0.0013607,0.0012159,0.0012473,0.0013825,0.0013765,0.0012338,0.0015258,0.0014603,0.0013395,0.0014056,0.0012336,0.0015133,0.0014082,0.001436,0.0013786,0.001434,0.0013793,0.0013229,0.0015313,0.0013175,0.0015115,0.0016148,0.0014349,0.0015311,0.0014809,0.0015691,0.0013752,0.0013768,0.0014794,0.0015067,0.0014549,0.0014641,0.001517,0.0016669,0.001524,0.0014557,0.0014145,0.0014308,0.0014249,0.0013872,0.0014415,0.0014049,0.001475,0.0013596,0.0017081,0.0014154,0.0014265,0.0014733,0.001412,0.0013818,0.0013473,0.001268,0.0013583,0.0016225,0.0013559,0.0013453,0.0015237,0.0013358,0.0014695,0.0014442,0.0013792,0.0013976,0.0014155,0.0015374,0.0012507,0.0015121,0.0012706,0.0014082,0.0014303,0.0013471,0.0012302,0.0013439,0.0015045,0.0011923,0.0014956,0.0012654,0.0012484,0.0014151,0.0011756,0.0013678,0.0013815,0.0012187,0.0013573,0.0013872,0.0011185,0.0013179,0.0013427,0.0013748,0.0012172,0.0014574,0.00126,0.0013401,0.0012231,0.00096158,0.0013389,0.0013805,0.0011412,0.0011306,0.0011214,0.0014679,0.0013822,0.001351,0.00099417,0.00089954,0.0010106,0.0010227,0.0014109,0.0012736,0.0010024,0.0012081,0.0010101,0.0010129,0.00086926,0.00087701,0.0011313,0.0011757,0.0013027,0.0012248,1074300.0,1105700.0,792270.0,4276700.0,2284500.0,1150800.0,5856800.0,1513400.0,1879800.0,3242500.0,2966100.0,734830.0,5652900.0,1298400.0,4052200.0,2459600.0,5070500.0,4091400.0,1340500.0,3371900.0,2502600.0,3347400.0,11704000.0,958350.0,6311800.0,749460.0,9101500.0,1591900.0,1841400.0,815570.0,3232100.0,1680500.0,5814300.0,23940000.0,2520900.0,2724900.0,4347000.0,1235900.0,1513400.0,1646200.0,2062700.0,1057700.0,2058300.0,1019200.0,7475600.0,2433400.0,1825600.0,1494000.0,2274900.0,15971000.0,952090.0,7278300.0,3995200.0,706940.0,3910700.0,1079100.0,2657700.0,17679000.0,32102000.0,2373200.0,1720700.0,1532600.0,2840700.0,1036400.0,1926200.0,3409900.0,803840.0,2871900.0,1940600.0,3915400.0,2755300.0,1446400.0,1119200.0,15048000.0,5077600.0,1340600.0,3613400.0,1673300.0,965090.0,2573300.0,3702600.0,1313000.0,893150.0,2116300.0,873820.0,1861100.0,2850800.0,4950200.0,4191200.0,2338500.0,5694300.0,1300700.0,9352900.0,4677300.0,1017700.0,1694700.0,903640.0,1769700.0,3509900.0,9918500.0,1730700.0,16523000.0,1417300.0,9919600.0,1633600.0,3256300.0,1272900.0,1628100.0,12535000.0,5115100.0,2157200.0,3869300.0,2389200.0,1225800.0,656170.0,3373000.0,11659000.0,2413800.0,1291100.0,778800.0,1922000.0,735100.0,1193700.0,2218700.0,8786700.0,4156700.0,2627900.0,3087700.0,2361300.0,1498700.0,773560.0,10411000.0,2404500.0,3548600.0,2073400.0,1371700.0,1031900.0,2014200.0,1052000.0,2853800.0,3921600.0,1159600.0,1477000.0,2103000.0,1521000.0,2210500.0,2422200.0,877170.0,6912100.0,1513500.0,9390500.0,6180200.0,809830.0,10291000.0,814480.0,1274500.0,19279000.0,683650.0,12167000.0,721740.0,5575100.0,3693400.0,3817200.0,2647300.0,5252900.0,4116200.0,4227600.0,964530.0,4135000.0,1638700.0,6369200.0,1506700.0,7610900.0,1080700.0,744550.0,4005200.0,2996600.0,1988300.0,8411500.0,2288700.0,948280.0,1205600.0,3671000.0,3568300.0,1940100.0,1475700.0,747540.0,6807100.0,5275200.0,2336700.0,637470.0,17726000.0,3323000.0,5257900.0,1142200.0,18258000.0,5431600.0,1100100.0,8580600.0,1353300.0,1434500.0,3992400.0,5297000.0,799330.0,1639500.0,973680.0,1778500.0,1568200.0,1456500.0,7851700.0,2342100.0,1425100.0,12280000.0,2793800.0,1238000.0,1263500.0,3260300.0,951930.0,4669600.0,1133200.0,1854600.0,8075300.0,4435100.0,696550.0,1421900.0,10018000.0,5258300.0,5069200.0,15394000.0,3001700.0,1931800.0,2342400.0,2994600.0,3189800.0,1882600.0,1749500.0,2275100.0,1499400.0,7215800.0,652060.0,3656200.0,8296200.0,8910100.0,1863600.0,5378600.0,4029700.0,5011000.0,864140.0,1139900.0,5361500.0,1551600.0,6587500.0,3485200.0,7122400.0,1970700.0,1638700.0,1591200.0,1087700.0,1106100.0,2208100.0,945990.0,5091800.0,3371700.0,4404800.0,3356800.0,2894200.0,2745600.0,15584000.0,14989000.0,6042000.0,4601000.0,2807600.0,6148400.0,3762100.0,1781300.0,2740300.0,1353800.0,4824200.0,3044800.0,1.5272,1.8441,4.1712,2.2287,2.4687,3.6655,1.2775,2.2289,4.223,1.2244,1.9893,4.2287,2.4927,2.6639,4.3082,0.82918,2.0621,4.2169,1.5669,2.498,3.8899,3.0338,2.8425,5.8404,1.2213,2.0037,4.2244,1.739,1.7194,4.248,1.2772,2.2376,4.2361,0.82336,2.0549,4.2126,2.9103,2.8398,4.5617,5.6775,2.7718,1.4466,1.2349,2.8403,3.6182,0.92616,2.151,3.0163,2.5074,2.0766,4.4701,1.4693,1.6812,3.9013,0.66468,2.597,3.88,1.9731,1.7843,3.487,1.1136,2.4289,3.1139,0.30759,2.2874,3.5509,1.8031,1.6603,3.391,2.1002,2.7873,4.3653,1.8208,1.6588,3.3832,1.5222,1.6649,3.9265,0.37497,2.1489,3.1819,2.0426,2.3795,4.4198,1.4755,1.6788,3.2174,0.85335,1.8983,2.7675,3.0813,2.8418,5.8797,1.9774,1.7746,3.4829,0.96363,2.7162,2.8888,1.7795,2.5894,4.0018,0.66101,1.8826,2.7776,1.0872,2.4365,3.0817,1.9105,1.9215,4.4938,1.7302,1.6778,3.8933,0.53441,2.1939,3.7756,1.234,2.4634,3.8023,1.0006,2.0855,3.252,2.5509,2.3092,4.3065,2.0484,2.1723,4.6919,1.4969,1.671,3.9159,1.8915,1.9397,4.4902,1.4752,2.1786,3.2623,0.83343,2.1301,3.1503,2.435,2.3963,4.3366,1.9602,2.5794,4.8778,1.9372,2.6028,4.864,2.5495,2.3083,4.2976,1.282,2.4994,3.9315,1.7281,2.2586,4.3209,2.2444,3.0398,4.1558,0.54428,2.4498,2.5163,1.4991,2.0431,4.6007,2.0268,3.0527,3.9449,0.33845,2.3798,3.4116,1.6786,1.6266,4.0828,0.74395,2.081,3.0814,2.247,2.28,4.6668,0.61252,2.5485,3.0371,0.95522,2.1318,3.2513,0.093832,2.8947,1.8873,2.0001,2.0504,4.5912,2.5407,2.3273,4.2744,2.5519,2.323,5.1797,2.0871,2.7789,4.3392,1.1062,1.8526,3.9675,4.6041,2.9555,0.54887,0.86057,2.1497,3.0355,1.367,2.1025,4.268,1.1024,2.1286,3.5103,2.2241,2.7271,4.4894,1.6703,1.5959,4.1521,1.1534,2.5451,3.0697,0.75086,2.4371,3.7584,2.1086,1.8956,3.7143,1.5488,2.4683,3.4742,1.5804,2.565,3.5909,1.5933,1.6673,4.2682,2.0565,2.7697,4.5517,2.1068,2.7669,4.6121,3.3332,2.801,6.0897,1.704,1.6124,4.1751,1.7554,1.9821,3.428,2.2377,2.9548,5.0701,1.1653,2.5522,3.0751,2.647,2.4334,4.9926,0.98655,2.6261,4.098,1.559,2.4585,3.4926,1.1217,1.8588,4.0958,1.6852,1.6225,4.0816,1.7451,1.9653,3.4313,6.2827,2.9313,3.0725,2.9003,2.2751,4.5899,1.37,1.957,4.2493,1.2238,2.6502,3.3355,1.458,2.4519,3.3629,1.7841,1.9617,3.7001,1.9568,2.3813,4.004,1.1006,2.308,3.203,2.5074,2.0154,5.187,1.1758,2.6778,3.3045,1.4503,2.4696,3.3533,0.18314,2.9849,3.2245,0.68099,1.8218,2.8734,1.691,2.0225,4.4566,1.4883,1.8605,4.1456,5.4543,2.891,1.7852,0.82337,2.151,2.8295,0.93865,2.6371,4.0731,2.2435,2.532,3.6459,2.6431,2.3892,4.9565,2.872,2.6615,4.5358,2.078,2.4678,4.5254,2.3373,2.1259,4.1875,0.75787,2.0401,3.3459,0.41465,2.4494,2.9533,0.56745,2.158,3.7903,2.433,2.495,4.4778,0.79302,2.4212,2.9149,1.272,1.5755,4.3148,1.6809,1.9953,3.46,0.12014,2.678,2.0934,3.3444,2.95,0.090439,0.81768,2.393,2.9289,1.6536,1.6458,4.0988,1.5267,1.83,3.1965,0.7675,2.4256,2.8651,2.1832,2.3399,4.9527,1.169,2.5564,3.1081,1.1104,2.0677,3.5359,0.50346,1.9981,3.2661,1.7096,1.9835,3.4417,2.4552,2.0899,4.1494,2.1399,2.1478,4.9719,1.3174,1.744,3.8111,0.72082,1.9833,2.7626,2.1324,2.1533,4.9866,2.2786,2.2113,4.4857,1.5497,2.3315,3.9694,4.1962,2.9852,0.12829,1.9243,2.3893,3.9986,0.78669,1.9735,4.1195,1.1871,2.6002,4.2269,3.4884,2.8398,6.0931,1.5967,1.5929,3.2714,0.27259,2.3274,3.407,5.0764,2.9837,0.96812,0.51473,2.7951,3.2444,1.2313,2.519,2.9952,2.1788,2.142,4.9618,1.5168,2.09,4.3685,1.5675,1.624,3.315,1.4319,2.9243,3.3011,0.55061,2.4149,2.7766,0.88461,2.4472,2.9932,0.22181,2.629,3.3396,1.6735,2.3065,4.1677,0.4978,2.4327,2.738,1.0383,2.2184,3.6424,1.3543,1.7965,4.3013,0.28706,2.3187,3.4187,1.5735,1.6034,3.2794,0.556,2.4111,2.7649,3.0024,2.8676,5.9578,1.9414,2.5832,4.0207,2.0036,2.2014,4.596,2.5126,2.7419,5.2276,1.8107,1.9655,3.875,1.337,1.8113,3.7082,2.2086,2.1489,4.9867,1.4445,2.6301,4.0015,0.76764,3.0575,2.5654,4.5944,2.9619,0.33481,1.2538,2.7227,4.2897,1.8954,1.9532,3.8886,1.2261,2.6411,2.8438,0.31088,2.79,2.9312,0.99044,2.8948,4.1634,0.53477,2.5028,2.5818,0.73007,1.9613,2.9424,0.53945,2.4301,3.4146,1.6322,2.1875,4.2655,1.2248,2.7293,4.3259,0.6408,1.9764,3.0809,2.0078,1.8701,3.788,1.2434,1.8527,3.6615,2.4148,2.6916,4.9237,1.416,1.5444,4.1859,1.357,2.1456,3.1928,0.66573,1.9935,3.0762,0.57444,2.3898,2.6073,1.6954,2.3122,4.147,2.3813,2.6824,4.9556,0.61963,1.9927,3.0632,1.6016,1.7149,3.3202,0.69163,3.0181,2.543,0.56281,2.516,2.5911,3.0314,2.7456,5.9769,6.1711,2.8639,2.5379,4.4662,2.9644,0.18121,2.3676,2.3755,3.7556,1.1339,3.0775,3.975,1.364,2.3389,3.5257,0.55542,3.0911,3.3841,2.3739,2.2245,3.7921,1.2552,1.85,3.6651,2.4203,2.3312,4.5797,2.5951,2.6479,4.0849,1.2665,2.6976,4.3375,1.8344,1.9594,3.8822,1.1491,2.7846,3.6857,2.4137,2.4407,5.0406,1.5412,2.631,3.3108,2.1748,2.2103,4.0912,0.82289,1.9329,3.3787,2.3918,2.3928,3.777,2.3552,2.3949,3.7491,2.2131,1.9234,4.9467,2.6561,2.2907,4.8047,2.3721,2.2378,3.8059,1.4011,1.594,3.8594,2.4303,2.6823,4.971,1.8491,1.9562,3.8929,0.79302,2.1377,4.0233,1.6056,1.8353,4.2842,2.4032,2.6728,4.9664,1.4557,2.3904,3.2599,5.911,2.8674,2.1833,1.8627,1.7818,3.4963,1.9889,3.0003,4.2856,2.039,1.9594,4.7815,1.12,2.5898,4.3008,1.9099,2.148,4.8865,1.6309,1.7978,3.9577,1.6095,2.0087,3.379,1.0599,2.7601,3.6183,0.9538,2.8396,3.818,1.4445,2.4325,3.8679,1.1435,2.7631,3.6712,1.816,1.7889,4.0912,0.84814,2.4591,2.784,1.8781,2.087,4.3888,0.084923,2.7943,2.8848,1.0769,1.9548,4.2845,0.95827,2.322,3.0305,1.621,2.399,4.58,0.99092,2.0868,2.8334,0.75759,2.0041,2.7234,1.6361,1.794,3.96,0.9083,2.4547,2.8124,1.3651,1.5877,3.8381,2.7725,2.5957,4.6316,1.0735,2.1581,3.6329,1.1416,2.7813,3.6634,1.9834,1.9896,4.4748,1.0658,1.9619,4.2548,1.8682,1.6481,3.4447,1.6771,2.4847,3.9913,2.1604,2.552,4.9114,2.1224,2.3725,3.6745,1.2073,3.0687,3.4439,1.4339,1.4553,4.2401,0.64851,2.9929,3.6309,1.6316,1.7438,4.236,0.7612,2.0001,2.7351,0.64175,2.2035,3.9776,2.6621,2.6009,4.5282,1.9988,2.1204,3.4424,1.3837,2.9128,3.5391,1.0837,2.2002,3.6314,2.5331,2.0086,4.4701,1.495,1.735,4.4217,1.6064,2.5905,3.5777,2.064,2.2871,4.068,2.7087,2.3525,4.995,0.4446,2.5224,2.9469
0.048685,0.076697,0.0025463,213.69,219.62,203.92,0.0012324,0.0013656,0.0010129,205.58,213.27,211.56,202.7,195.5,199.01,227.22,213.72,232.13,205.07,234.03,249.84,201.85,202.94,204.05,221.66,210.31,212.67,182.72,189.84,263.24,206.63,181.95,221.62,186.43,233.14,215.23,257.4,152.7,231.4,199.87,208.52,168.02,234.01,235.52,278.97,225.5,189.26,231.06,273.81,251.52,164.61,256.34,177.71,227.13,208.46,244.9,236.18,267.32,234.71,236.41,205.68,260.2,261.37,250.22,209.02,243.55,214.81,196.82,288.14,246.27,242.67,253.85,174.15,215.94,192.21,223.4,203.25,259.97,218.18,213.42,206.55,227.44,235.43,195.56,189.25,231.02,220.89,248.95,238.3,220.45,236.94,243.8,205.58,248.18,144.32,251.57,201.16,228.69,206.9,236.54,256.2,213.5,207.75,197.88,167.98,215.81,278.85,192.56,205.67,257.98,252.36,286.04,238.13,226.32,248.06,303.74,235.48,192.52,229.71,198.59,189.41,226.74,257.83,147.53,250.75,230.1,258.3,255.34,214.64,175.12,240.85,262.71,191.64,216.13,217.73,269.16,173.8,187.41,262.28,244.26,236.65,260.7,205.95,202.41,241.8,257.9,235.68,256.5,210.68,243.36,199.3,248.07,263.68,204.26,244.3,305.31,209.09,224.92,257.22,196.47,210.56,264.07,209.46,140.77,257.17,260.64,251.47,188.34,284.42,202.75,215.41,172.51,163.64,199.44,228.43,175.87,249.51,227.68,196.02,220.94,223.29,234.1,188.28,236.23,218.3,202.21,204.01,205.03,274.02,206.83,247.01,291.0,220.13,242.72,211.58,276.1,220.0,209.56,253.43,282.66,218.59,241.45,237.31,211.78,253.91,225.95,228.7,208.26,227.23,204.39,233.08,220.51,228.71,224.74,225.1,225.09,204.71,249.57,249.13,218.13,198.49,184.01,224.93,267.01,190.43,201.03,274.15,207.71,221.27,233.73,218.17,227.22,250.31,253.12,185.59,240.74,192.93,240.65,209.52,240.85,179.27,241.78,242.19,169.72,254.42,212.72,160.51,234.77,182.35,212.43,231.65,179.32,217.42,231.36,195.15,223.23,227.54,219.7,184.59,233.19,204.61,212.11,211.89,166.53,257.49,252.67,204.06,169.47,202.2,263.51,222.2,226.47,215.8,147.4,161.04,201.39,237.34,214.41,213.12,214.45,205.81,188.54,168.96,184.82,228.2,217.15,233.71,221.16,0.00082622,0.0010523,0.0010469,0.001071,0.00098267,0.0010826,0.0012013,0.00094251,0.0011714,0.00097459,0.0012402,0.0013711,0.0011024,0.0010895,0.00101,0.0013357,0.0011933,0.0011672,0.0011629,0.0011667,0.0015553,0.0013574,0.0011317,0.0014581,0.0012796,0.0014071,0.0012091,0.001503,0.0011127,0.0015486,0.0011977,0.0012914,0.0011646,0.0013238,0.0014306,0.0016526,0.0013386,0.0013257,0.0014353,0.0015085,0.0013663,0.0010119,0.0015866,0.0012395,0.001339,0.0013051,0.0014541,0.001337,0.0015201,0.0013949,0.0012257,0.0013269,0.0016041,0.0014198,0.0015039,0.001367,0.0014208,0.0014156,0.0013919,0.0016989,0.0016696,0.0014952,0.0015642,0.00134,0.0015143,0.0012826,0.0015189,0.0014434,0.0015751,0.0013786,0.0015242,0.0014033,0.001361,0.0015009,0.0013765,0.0013551,0.0013897,0.0014042,0.001589,0.0015775,0.0014522,0.0016108,0.0015441,0.0012899,0.0013982,0.0011616,0.001542,0.001402,0.0014719,0.0013392,0.0014776,0.0015301,0.0014345,0.0014012,0.0012743,0.0011841,0.0013049,0.0017138,0.0012904,0.0013333,0.0015496,0.0015345,0.001764,0.0014476,0.0015248,0.0015268,0.0016976,0.0014834,0.0013605,0.0013356,0.0013986,0.001377,0.001496,0.0016624,0.0012692,0.0015939,0.0014646,0.0015586,0.001582,0.0013846,0.0012991,0.0016722,0.0015125,0.0013747,0.0013978,0.0014004,0.0016909,0.0012505,0.00081866,0.001667,0.0015783,0.0015605,0.0015915,0.0012773,0.0013271,0.0013868,0.0017365,0.0014522,0.0015892,0.0014457,0.001468,0.0013397,0.0013481,0.0015669,0.0014141,0.0016024,0.0015962,0.0013835,0.001502,0.0015619,0.0012322,0.0014285,0.0017126,0.0013483,0.0011228,0.001586,0.0015369,0.0015911,0.0012285,0.0016621,0.0012898,0.0013643,0.001218,0.0012488,0.0013869,0.0013811,0.0012369,0.0015301,0.0014601,0.0013422,0.0014099,0.0012348,0.001515,0.0014097,0.0014409,0.0013821,0.0014376,0.0013817,0.0013252,0.0015328,0.0013195,0.0015139,0.0016219,0.0014387,0.0015337,0.0014841,0.0015733,0.0013785,0.0013793,0.0014815,0.0015098,0.0014584,0.0014667,0.0015224,0.001672,0.0015285,0.0014583,0.0014176,0.0014333,0.0014259,0.0013903,0.0014448,0.0014083,0.0014786,0.001362,0.0017148,0.0014174,0.0014285,0.0014759,0.0014137,0.0013838,0.001349,0.0012707,0.0013598,0.0016264,0.001358,0.001347,0.0015257,0.0013382,0.0014725,0.0014466,0.0013809,0.0013994,0.001418,0.0015396,0.0012526,0.0015169,0.0012729,0.0014105,0.0014316,0.0013482,0.0012315,0.0013459,0.0015071,0.0011931,0.0014975,0.0012667,0.0012505,0.0014172,0.001177,0.00137,0.0013842,0.0012207,0.0013584,0.0013887,0.001119,0.0013205,0.0013447,0.0013769,0.0012183,0.001459,0.0012611,0.001342,0.001225,0.00096227,0.0013407,0.0013832,0.0011424,0.0011317,0.0011222,0.0014688,0.001384,0.0013523,0.00099471,0.00090001,0.0010109,0.0010231,0.0014123,0.0012755,0.0010027,0.0012092,0.0010108,0.0010137,0.00087015,0.00087736,0.001132,0.0011758,0.001304,0.0012252,1074300.0,1105700.0,792270.0,4276700.0,2284500.0,1150800.0,5856800.0,1513400.0,1879800.0,3242500.0,2966100.0,734830.0,5652900.0,1298400.0,4052200.0,2459600.0,5070500.0,4091400.0,1340500.0,3371900.0,2502600.0,3347400.0,11704000.0,958350.0,6311800.0,749460.0,9101500.0,1591900.0,1841400.0,815570.0,3232100.0,1680500.0,5814300.0,23940000.0,2520900.0,2724900.0,4347000.0,1235900.0,1513400.0,1646200.0,2062700.0,1057700.0,2058300.0,1019200.0,7475600.0,2433400.0,1825600.0,1494000.0,2274900.0,15971000.0,952090.0,7278300.0,3995200.0,706940.0,3910700.0,1079100.0,2657700.0,17679000.0,32102000.0,2373200.0,1720700.0,1532600.0,2840700.0,1036400.0,1926200.0,3409900.0,803840.0,2871900.0,1940600.0,3915400.0,2755300.0,1446400.0,1119200.0,15048000.0,5077600.0,1340600.0,3613400.0,1673300.0,965090.0,2573300.0,3702600.0,1313000.0,893150.0,2116300.0,873820.0,1861100.0,2850800.0,4950200.0,4191200.0,2338500.0,5694300.0,1300700.0,9352900.0,4677300.0,1017700.0,1694700.0,903640.0,1769700.0,3509900.0,9918500.0,1730700.0,16523000.0,1417300.0,9919600.0,1633600.0,3256300.0,1272900.0,1628100.0,12535000.0,5115100.0,2157200.0,3869300.0,2389200.0,1225800.0,656170.0,3373000.0,11659000.0,2413800.0,1291100.0,778800.0,1922000.0,735100.0,1193700.0,2218700.0,8786700.0,4156700.0,2627900.0,3087700.0,2361300.0,1498700.0,773560.0,10411000.0,2404500.0,3548600.0,2073400.0,1371700.0,1031900.0,2014200.0,1052000.0,2853800.0,3921600.0,1159600.0,1477000.0,2103000.0,1521000.0,2210500.0,2422200.0,877170.0,6912100.0,1513500.0,9390500.0,6180200.0,809830.0,10291000.0,814480.0,1274500.0,19279000.0,683650.0,12167000.0,721740.0,5575100.0,3693400.0,3817200.0,2647300.0,5252900.0,4116200.0,4227600.0,964530.0,4135000.0,1638700.0,6369200.0,1506700.0,7610900.0,1080700.0,744550.0,4005200.0,2996600.0,1988300.0,8411500.0,2288700.0,948280.0,1205600.0,3671000.0,3568300.0,1940100.0,1475700.0,747540.0,6807100.0,5275200.0,2336700.0,637470.0,17726000.0,3323000.0,5257900.0,1142200.0,18258000.0,5431600.0,1100100.0,8580600.0,1353300.0,1434500.0,3992400.0,5297000.0,799330.0,1639500.0,973680.0,1778500.0,1568200.0,1456500.0,7851700.0,2342100.0,1425100.0,12280000.0,2793800.0,1238000.0,1263500.0,3260300.0,951930.0,4669600.0,1133200.0,1854600.0,8075300.0,4435100.0,696550.0,1421900.0,10018000.0,5258300.0,5069200.0,15394000.0,3001700.0,1931800.0,2342400.0,2994600.0,3189800.0,1882600.0,1749500.0,2275100.0,1499400.0,7215800.0,652060.0,3656200.0,8296200.0,8910100.0,1863600.0,5378600.0,4029700.0,5011000.0,864140.0,1139900.0,5361500.0,1551600.0,6587500.0,3485200.0,7122400.0,1970700.0,1638700.0,1591200.0,1087700.0,1106100.0,2208100.0,945990.0,5091800.0,3371700.0,4404800.0,3356800.0,2894200.0,2745600.0,15584000.0,14989000.0,6042000.0,4601000.0,2807600.0,6148400.0,3762100.0,1781300.0,2740300.0,1353800.0,4824200.0,3044800.0,1.5273,1.8443,4.1711,2.2288,2.4688,3.6655,1.2774,2.229,4.223,1.2242,1.9893,4.2286,2.4925,2.6639,4.3083,0.82859,2.0621,4.2169,1.5678,2.4983,3.8898,3.0344,2.8425,5.8408,1.2211,2.004,4.2242,1.7388,1.7194,4.248,1.2772,2.2379,4.2363,0.82258,2.0547,4.2126,2.9107,2.8399,4.5627,5.6767,2.7716,1.4461,1.2349,2.8402,3.6182,0.92548,2.1511,3.0161,2.5079,2.0772,4.4707,1.4692,1.6812,3.9013,0.66488,2.5976,3.8799,1.9725,1.7847,3.4873,1.1144,2.4285,3.1152,0.30817,2.2875,3.5505,1.8034,1.6601,3.3911,2.0992,2.7864,4.3635,1.8214,1.6586,3.3831,1.5231,1.6647,3.927,0.37455,2.1493,3.1814,2.0428,2.38,4.4206,1.4755,1.679,3.2178,0.85373,1.8988,2.7673,3.0828,2.8417,5.881,1.9768,1.7749,3.483,0.96284,2.7161,2.889,1.7787,2.5893,4.0018,0.66159,1.8829,2.7772,1.0874,2.4363,3.0823,1.9107,1.9216,4.4939,1.7311,1.6774,3.8932,0.53497,2.1937,3.7763,1.2349,2.4643,3.8027,1.0005,2.0861,3.2516,2.5511,2.3094,4.307,2.0481,2.1728,4.6922,1.4972,1.6708,3.916,1.8914,1.9402,4.4902,1.475,2.1788,3.2621,0.83349,2.1312,3.1494,2.4354,2.3969,4.337,1.9604,2.5789,4.8774,1.9371,2.6029,4.8636,2.5496,2.3086,4.2979,1.2819,2.4997,3.9312,1.729,2.2592,4.3215,2.2472,3.0393,4.158,0.54518,2.4494,2.5173,1.4983,2.0429,4.6006,2.0256,3.0524,3.9432,0.33734,2.3799,3.4109,1.6789,1.6265,4.0828,0.74468,2.0822,3.081,2.2472,2.2806,4.6673,0.61231,2.5472,3.0379,0.9541,2.1332,3.2507,0.09306,2.8948,1.8854,2.0002,2.0518,4.5914,2.5406,2.3279,4.2741,2.5489,2.3225,5.179,2.0856,2.7778,4.3366,1.1067,1.8525,3.968,4.6037,2.9544,0.5498,0.86009,2.1502,3.035,1.3685,2.1026,4.2681,1.1033,2.1294,3.5106,2.2223,2.7265,4.4874,1.6698,1.5958,4.152,1.1537,2.5449,3.0699,0.75092,2.4374,3.7581,2.1098,1.8949,3.7139,1.5477,2.469,3.4743,1.5785,2.5658,3.5905,1.5918,1.6669,4.2686,2.0556,2.7688,4.5511,2.1065,2.766,4.6124,3.333,2.8015,6.0893,1.7041,1.6126,4.1755,1.7568,1.9817,3.4275,2.2406,2.9551,5.0739,1.1657,2.5522,3.0752,2.6474,2.433,4.9927,0.98598,2.6265,4.0988,1.558,2.459,3.4932,1.1198,1.8602,4.0958,1.6859,1.6223,4.0815,1.7464,1.9643,3.4308,6.2766,2.9308,3.0669,2.9007,2.2746,4.5907,1.3711,1.957,4.2503,1.2231,2.6493,3.3359,1.458,2.4518,3.3633,1.783,1.9612,3.6996,1.9573,2.3824,4.0043,1.1007,2.3086,3.2034,2.5065,2.0145,5.188,1.1742,2.6773,3.3044,1.45,2.47,3.3536,0.18149,2.9858,3.2224,0.68102,1.8222,2.8726,1.6906,2.0224,4.4576,1.4885,1.8603,4.1463,5.4522,2.8906,1.7835,0.82388,2.1517,2.8307,0.93705,2.6378,4.0735,2.2454,2.5319,3.6465,2.6435,2.3877,4.9555,2.8738,2.6604,4.5363,2.0768,2.4667,4.5257,2.3368,2.1265,4.1875,0.75766,2.0415,3.3457,0.41668,2.4488,2.955,0.56702,2.1585,3.7918,2.434,2.4945,4.479,0.7936,2.4206,2.9164,1.2724,1.5754,4.3154,1.6805,1.995,3.4603,0.12267,2.6777,2.0942,3.3472,2.95,0.094448,0.81907,2.3915,2.9308,1.6535,1.6461,4.0991,1.5277,1.83,3.197,0.76774,2.4249,2.8654,2.1835,2.3396,4.9527,1.17,2.5563,3.1091,1.1121,2.07,3.5364,0.50263,1.9987,3.2663,1.7097,1.9829,3.4415,2.4572,2.09,4.1479,2.1392,2.1474,4.9719,1.318,1.7437,3.8114,0.72156,1.9836,2.7627,2.1317,2.1532,4.987,2.2778,2.212,4.4866,1.5493,2.3325,3.9696,4.196,2.9846,0.12803,1.9235,2.3905,3.9988,0.78549,1.9737,4.1196,1.1881,2.6009,4.2276,3.4877,2.8395,6.0936,1.5986,1.5922,3.2711,0.27131,2.328,3.4066,5.0747,2.9835,0.96613,0.51387,2.7954,3.2445,1.2307,2.5193,2.9957,2.1794,2.142,4.9617,1.5179,2.0899,4.3691,1.5685,1.6241,3.3157,1.4348,2.9246,3.3002,0.55308,2.4141,2.7781,0.88375,2.4469,2.9931,0.22193,2.6293,3.3396,1.6755,2.3079,4.1688,0.49911,2.4325,2.7386,1.038,2.2196,3.6419,1.3534,1.7962,4.3015,0.28633,2.3189,3.419,1.5748,1.603,3.2792,0.55872,2.4101,2.7661,3.0027,2.8676,5.959,1.9396,2.5827,4.0202,2.0042,2.2017,4.5962,2.5095,2.7411,5.2263,1.8086,1.9654,3.8743,1.3378,1.8111,3.7086,2.2097,2.1489,4.9869,1.4451,2.6295,4.0011,0.76137,3.0568,2.558,4.5926,2.9613,0.3335,1.2541,2.7238,4.2887,1.8952,1.9532,3.8886,1.2257,2.6413,2.8433,0.30945,2.7903,2.9305,0.99129,2.8951,4.1639,0.53407,2.5024,2.5819,0.73099,1.9622,2.9412,0.53923,2.4308,3.4142,1.6336,2.1878,4.2663,1.2237,2.7304,4.3255,0.641,1.977,3.0798,2.0085,1.8696,3.7873,1.2446,1.8529,3.6619,2.4136,2.6909,4.9222,1.417,1.5449,4.1862,1.3562,2.1454,3.1931,0.66634,1.9945,3.0754,0.57677,2.3884,2.608,1.6967,2.3133,4.1474,2.3796,2.6814,4.955,0.6193,1.9936,3.0619,1.6024,1.715,3.32,0.69398,3.0177,2.5441,0.5626,2.5159,2.5912,3.034,2.7455,5.9789,6.1709,2.8639,2.5379,4.4621,2.9638,0.17702,2.368,2.3747,3.7555,1.1393,3.0773,3.9817,1.3623,2.3406,3.5248,0.54852,3.0913,3.3783,2.374,2.2242,3.7917,1.2563,1.85,3.6655,2.4202,2.3311,4.5801,2.5953,2.6484,4.0862,1.2666,2.6978,4.3376,1.8331,1.9592,3.8817,1.1496,2.7843,3.6863,2.4129,2.4397,5.0394,1.5399,2.6311,3.3112,2.1749,2.2109,4.091,0.82341,1.9335,3.3788,2.3925,2.3923,3.7774,2.3553,2.3945,3.7489,2.2138,1.9242,4.9478,2.6561,2.2907,4.8049,2.3723,2.2378,3.8058,1.4015,1.5942,3.8599,2.4296,2.6814,4.9706,1.8483,1.956,3.8926,0.79333,2.1375,4.0247,1.6056,1.8353,4.2848,2.4021,2.6718,4.9661,1.4559,2.3904,3.2599,5.9106,2.8671,2.1829,1.8627,1.7814,3.4968,1.9888,2.9997,4.2849,2.0397,1.9596,4.7822,1.1205,2.59,4.3015,1.9106,2.148,4.8871,1.6311,1.7976,3.9575,1.6096,2.0087,3.3787,1.0608,2.7597,3.6195,0.95475,2.8397,3.8183,1.4458,2.4333,3.8684,1.1439,2.7623,3.6715,1.8155,1.7886,4.0911,0.84698,2.459,2.7842,1.8776,2.0874,4.3889,0.085216,2.7942,2.8858,1.0767,1.9547,4.285,0.95853,2.3216,3.031,1.6208,2.3991,4.5798,0.99111,2.0867,2.8334,0.75788,2.0041,2.723,1.6365,1.7938,3.9598,0.90813,2.4546,2.8132,1.3647,1.5877,3.8381,2.7725,2.5958,4.6314,1.0733,2.1586,3.633,1.142,2.7809,3.6637,1.9836,1.9896,4.4748,1.0653,1.9618,4.2547,1.8685,1.648,3.4446,1.6774,2.4848,3.9911,2.1613,2.5519,4.9111,2.1217,2.3724,3.6738,1.2075,3.0686,3.4442,1.4336,1.4552,4.2402,0.64915,2.9928,3.6313,1.6318,1.7436,4.236,0.76153,2.0001,2.735,0.64084,2.2037,3.9783,2.6615,2.6008,4.5281,1.999,2.1203,3.4424,1.3837,2.9126,3.5391,1.0837,2.2004,3.6313,2.5332,2.0088,4.4701,1.4951,1.735,4.4216,1.6063,2.5905,3.5776,2.064,2.2871,4.0679,2.7086,2.352,4.9947,0.44462,2.5222,2.9468
0.049378,0.077795,0.0025707,213.94,219.97,204.01,0.0012339,0.0013677,0.0010134,205.69,213.42,211.77,202.92,195.73,199.1,227.38,213.85,232.41,205.29,234.32,250.16,201.96,203.2,204.26,222.11,210.47,212.98,183.0,189.92,263.74,206.89,182.13,221.87,186.61,233.53,215.56,257.82,152.91,231.7,200.07,208.65,168.05,234.28,235.81,279.45,225.88,189.42,231.56,274.42,251.93,164.81,256.61,177.9,227.54,208.76,245.33,236.54,267.9,235.09,236.78,205.99,260.81,261.9,250.85,209.42,243.99,215.1,197.11,288.81,246.89,243.25,254.45,174.2,216.35,192.49,223.72,203.52,260.06,218.42,213.75,206.63,227.97,235.96,195.96,189.59,231.25,221.41,249.53,238.69,220.64,237.3,243.78,205.88,248.65,144.63,251.9,201.31,228.97,207.43,237.02,256.72,213.82,207.97,198.22,168.6,216.03,279.44,193.01,205.89,258.43,252.93,286.88,238.62,226.77,248.33,304.46,236.08,192.9,230.1,199.51,189.71,227.32,257.99,148.35,251.4,230.43,258.91,255.72,215.93,175.62,241.31,263.15,192.29,216.55,217.8,270.15,174.25,189.33,263.02,244.95,236.79,261.63,206.28,202.71,243.37,257.57,236.14,256.92,210.7,243.99,199.8,248.38,264.19,204.72,244.87,305.4,209.49,225.54,257.82,196.76,210.91,264.42,209.81,140.98,256.35,261.35,251.93,188.78,285.11,202.96,215.84,172.67,163.83,199.74,228.93,176.19,250.02,227.93,196.11,221.32,223.57,234.52,188.39,236.65,218.67,202.53,204.2,205.29,274.37,207.18,247.44,291.77,220.43,243.22,211.9,276.75,220.56,209.78,254.0,283.33,219.14,241.97,237.8,212.59,254.4,226.47,229.2,208.53,227.56,204.75,233.34,220.77,229.04,225.26,226.29,225.54,205.16,249.79,249.71,218.62,198.64,184.29,225.34,267.68,190.9,201.29,274.4,207.94,221.66,234.21,218.53,227.64,250.8,253.39,185.87,241.3,193.17,241.05,209.73,240.98,179.45,242.15,242.62,169.81,254.68,212.93,160.82,235.13,182.54,212.73,232.08,179.55,217.75,231.61,195.24,223.56,227.87,219.94,184.74,233.42,204.76,212.41,212.2,166.62,257.76,253.07,204.2,169.63,202.35,263.73,222.53,226.68,216.0,147.5,161.15,201.49,237.53,214.72,213.29,214.66,206.01,188.69,169.11,184.9,228.31,217.22,233.97,221.28,0.00082639,0.0010529,0.0010476,0.0010722,0.00098373,0.0010826,0.0012022,0.00094302,0.001173,0.00097567,0.0012418,0.0013729,0.0011026,0.001091,0.0010109,0.0013382,0.0011942,0.0011691,0.0011648,0.0011672,0.0015583,0.0013591,0.0011329,0.00146,0.0012809,0.0014099,0.0012112,0.0015054,0.0011143,0.0015503,0.0011991,0.0012923,0.0011648,0.0013253,0.0014325,0.0016555,0.0013409,0.0013267,0.0014385,0.0015122,0.0013688,0.0010127,0.0015883,0.0012411,0.0013418,0.001307,0.001457,0.0013388,0.0015237,0.0013973,0.0012274,0.0013287,0.0016076,0.0014228,0.0015076,0.0013695,0.0014234,0.0014177,0.0013939,0.0017034,0.0016733,0.0014982,0.0015675,0.0013409,0.0015173,0.0012842,0.0015216,0.0014452,0.0015766,0.00138,0.001526,0.0014045,0.0013639,0.001504,0.0013791,0.0013569,0.0013912,0.0014074,0.001592,0.0015797,0.0014545,0.0016131,0.0015452,0.0012913,0.0014009,0.0011635,0.0015439,0.0014031,0.0014731,0.0013417,0.0014801,0.0015332,0.0014368,0.0014031,0.0012762,0.0011875,0.0013071,0.0017176,0.0012931,0.0013349,0.0015519,0.0015377,0.0017686,0.0014504,0.0015274,0.0015272,0.0017012,0.0014867,0.001363,0.0013382,0.001403,0.0013787,0.0014996,0.0016641,0.0012728,0.0015973,0.0014668,0.0015619,0.0015845,0.0013884,0.0013017,0.0016754,0.0015156,0.0013782,0.0014005,0.0013996,0.0016965,0.0012537,0.00082668,0.0016712,0.0015823,0.001562,0.0015993,0.0012796,0.0013295,0.0013926,0.0017369,0.0014547,0.0015917,0.0014445,0.0014712,0.0013427,0.00135,0.0015701,0.0014177,0.0016056,0.0015972,0.0013865,0.0015053,0.0015646,0.0012343,0.0014305,0.0017157,0.0013505,0.001124,0.0015846,0.0015409,0.0015937,0.0012269,0.0016655,0.0012913,0.0013667,0.0012192,0.0012511,0.001389,0.0013839,0.0012394,0.0015329,0.0014619,0.0013435,0.0014123,0.0012368,0.0015172,0.0014109,0.001444,0.0013841,0.0014396,0.0013832,0.0013266,0.001535,0.0013216,0.0015167,0.0016264,0.0014408,0.0015366,0.0014865,0.0015772,0.0013815,0.001381,0.0014845,0.0015131,0.0014615,0.00147,0.0015256,0.0016763,0.0015315,0.0014616,0.0014192,0.001436,0.0014279,0.0013927,0.0014467,0.00141,0.0014809,0.0013651,0.0017215,0.0014203,0.0014315,0.0014775,0.0014166,0.0013866,0.0013501,0.0012724,0.0013622,0.0016307,0.0013605,0.0013486,0.0015273,0.0013395,0.0014747,0.00145,0.001383,0.0014018,0.0014212,0.0015414,0.0012544,0.0015202,0.0012747,0.0014131,0.0014331,0.0013491,0.0012326,0.0013478,0.0015101,0.0011938,0.0014992,0.0012679,0.0012528,0.0014197,0.0011785,0.001372,0.0013868,0.0012226,0.0013597,0.0013902,0.0011196,0.0013226,0.0013465,0.0013785,0.0012194,0.0014605,0.0012622,0.0013438,0.001227,0.00096284,0.0013424,0.0013857,0.0011432,0.001133,0.001123,0.0014699,0.0013858,0.0013537,0.00099554,0.00090076,0.0010113,0.0010235,0.0014135,0.0012773,0.0010034,0.0012104,0.0010117,0.0010146,0.00087083,0.00087764,0.0011325,0.001176,0.0013052,0.001226,1074300.0,1105700.0,792270.0,4276700.0,2284500.0,1150800.0,5856800.0,1513400.0,1879800.0,3242500.0,2966100.0,734830.0,5652900.0,1298400.0,4052200.0,2459600.0,5070500.0,4091400.0,1340500.0,3371900.0,2502600.0,3347400.0,11704000.0,958350.0,6311800.0,749460.0,9101500.0,1591900.0,1841400.0,815570.0,3232100.0,1680500.0,5814300.0,23940000.0,2520900.0,2724900.0,4347000.0,1235900.0,1513400.0,1646200.0,2062700.0,1057700.0,2058300.0,1019200.0,7475600.0,2433400.0,1825600.0,1494000.0,2274900.0,15971000.0,952090.0,7278300.0,3995200.0,706940.0,3910700.0,1079100.0,2657700.0,17679000.0,32102000.0,2373200.0,1720700.0,1532600.0,2840700.0,1036400.0,1926200.0,3409900.0,803840.0,2871900.0,1940600.0,3915400.0,2755300.0,1446400.0,1119200.0,15048000.0,5077600.0,1340600.0,3613400.0,1673300.0,965090.0,2573300.0,3702600.0,1313000.0,893150.0,2116300.0,873820.0,1861100.0,2850800.0,4950200.0,4191200.0,2338500.0,5694300.0,1300700.0,9352900.0,4677300.0,1017700.0,1694700.0,903640.0,1769700.0,3509900.0,9918500.0,1730700.0,16523000.0,1417300.0,9919600.0,1633600.0,3256300.0,1272900.0,1628100.0,12535000.0,5115100.0,2157200.0,3869300.0,2389200.0,1225800.0,656170.0,3373000.0,11659000.0,2413800.0,1291100.0,778800.0,1922000.0,735100.0,1193700.0,2218700.0,8786700.0,4156700.0,2627900.0,3087700.0,2361300.0,1498700.0,773560.0,10411000.0,2404500.0,3548600.0,2073400.0,1371700.0,1031900.0,2014200.0,1052000.0,2853800.0,3921600.0,1159600.0,1477000.0,2103000.0,1521000.0,2210500.0,2422200.0,877170.0,6912100.0,1513500.0,9390500.0,6180200.0,809830.0,10291000.0,814480.0,1274500.0,19279000.0,683650.0,12167000.0,721740.0,5575100.0,3693400.0,3817200.0,2647300.0,5252900.0,4116200.0,4227600.0,964530.0,4135000.0,1638700.0,6369200.0,1506700.0,7610900.0,1080700.0,744550.0,4005200.0,2996600.0,1988300.0,8411500.0,2288700.0,948280.0,1205600.0,3671000.0,3568300.0,1940100.0,1475700.0,747540.0,6807100.0,5275200.0,2336700.0,637470.0,17726000.0,3323000.0,5257900.0,1142200.0,18258000.0,5431600.0,1100100.0,8580600.0,1353300.0,1434500.0,3992400.0,5297000.0,799330.0,1639500.0,973680.0,1778500.0,1568200.0,1456500.0,7851700.0,2342100.0,1425100.0,12280000.0,2793800.0,1238000.0,1263500.0,3260300.0,951930.0,4669600.0,1133200.0,1854600.0,8075300.0,4435100.0,696550.0,1421900.0,10018000.0,5258300.0,5069200.0,15394000.0,3001700.0,1931800.0,2342400.0,2994600.0,3189800.0,1882600.0,1749500.0,2275100.0,1499400.0,7215800.0,652060.0,3656200.0,8296200.0,8910100.0,1863600.0,5378600.0,4029700.0,5011000.0,864140.0,1139900.0,5361500.0,1551600.0,6587500.0,3485200.0,7122400.0,1970700.0,1638700.0,1591200.0,1087700.0,1106100.0,2208100.0,945990.0,5091800.0,3371700.0,4404800.0,3356800.0,2894200.0,2745600.0,15584000.0,14989000.0,6042000.0,4601000.0,2807600.0,6148400.0,3762100.0,1781300.0,2740300.0,1353800.0,4824200.0,3044800.0,1.5273,1.8444,4.1711,2.2288,2.4688,3.6655,1.2774,2.229,4.223,1.2241,1.9893,4.2285,2.4923,2.6639,4.3083,0.82821,2.0621,4.2169,1.5684,2.4985,3.8898,3.0347,2.8426,5.8411,1.221,2.0042,4.2241,1.7387,1.7194,4.248,1.2772,2.2381,4.2365,0.82206,2.0546,4.2125,2.9108,2.8399,4.5634,5.6761,2.7715,1.4457,1.2349,2.8401,3.6182,0.92502,2.1512,3.016,2.5083,2.0776,4.4711,1.4691,1.6812,3.9012,0.66501,2.5981,3.8799,1.9721,1.785,3.4876,1.1149,2.4282,3.116,0.30856,2.2875,3.5503,1.8036,1.6599,3.3912,2.0985,2.7858,4.3623,1.8218,1.6585,3.383,1.5237,1.6645,3.9272,0.37427,2.1495,3.1811,2.043,2.3803,4.4212,1.4755,1.6792,3.2181,0.85398,1.8991,2.7673,3.0838,2.8417,5.8819,1.9765,1.7751,3.4832,0.96232,2.7161,2.8891,1.7782,2.5893,4.0018,0.66197,1.8831,2.7769,1.0875,2.4362,3.0826,1.9109,1.9217,4.4939,1.7318,1.6772,3.8932,0.53535,2.1936,3.7769,1.2356,2.4649,3.803,1.0004,2.0864,3.2513,2.5513,2.3096,4.3072,2.0479,2.1731,4.6924,1.4974,1.6708,3.9161,1.8914,1.9405,4.4901,1.4749,2.1789,3.2621,0.83352,2.1319,3.1487,2.4356,2.3972,4.3373,1.9606,2.5786,4.8772,1.9371,2.603,4.8633,2.5498,2.3088,4.2981,1.2819,2.4998,3.9309,1.7295,2.2596,4.3219,2.2491,3.039,4.1596,0.54579,2.4491,2.518,1.4977,2.0427,4.6006,2.025,3.0522,3.9421,0.33662,2.38,3.4105,1.6792,1.6264,4.0827,0.74516,2.0831,3.0808,2.2473,2.281,4.6675,0.61217,2.5463,3.0385,0.95337,2.134,3.2503,0.092514,2.8948,1.8842,2.0003,2.0527,4.5915,2.5406,2.3283,4.2739,2.5468,2.3222,5.1785,2.0847,2.7771,4.3348,1.1071,1.8525,3.9684,4.6035,2.9537,0.55039,0.85978,2.1506,3.0347,1.3695,2.1027,4.2681,1.104,2.13,3.5109,2.2211,2.726,4.4861,1.6694,1.5957,4.1519,1.1539,2.5447,3.07,0.75096,2.4376,3.758,2.1105,1.8944,3.7136,1.547,2.4694,3.4744,1.5772,2.5662,3.5902,1.5908,1.6667,4.2688,2.055,2.7681,4.5507,2.1063,2.7654,4.6127,3.3328,2.8017,6.0891,1.7041,1.6128,4.1757,1.7577,1.9814,3.4271,2.2426,2.9553,5.0766,1.166,2.5521,3.0752,2.6476,2.4328,4.9928,0.98562,2.6268,4.0993,1.5574,2.4593,3.4935,1.1186,1.8611,4.0957,1.6864,1.6222,4.0814,1.7472,1.9637,3.4304,6.2725,2.9305,3.0631,2.9009,2.2742,4.5912,1.3719,1.9571,4.2509,1.2226,2.6487,3.3362,1.4579,2.4518,3.3636,1.7822,1.9609,3.6994,1.9576,2.3831,4.0045,1.1007,2.3089,3.2036,2.506,2.0138,5.1887,1.1732,2.6769,3.3043,1.4498,2.4702,3.3538,0.18041,2.9863,3.221,0.68103,1.8224,2.8721,1.6904,2.0222,4.4583,1.4886,1.8602,4.1468,5.4508,2.8903,1.7824,0.82421,2.1522,2.8314,0.93602,2.6383,4.0738,2.2468,2.5319,3.647,2.6438,2.3867,4.9549,2.8751,2.6598,4.5366,2.0761,2.466,4.526,2.3364,2.1269,4.1876,0.75752,2.0425,3.3456,0.41804,2.4484,2.9562,0.56675,2.1588,3.7928,2.4347,2.4942,4.4798,0.794,2.4202,2.9173,1.2727,1.5754,4.3158,1.6803,1.9948,3.4604,0.12435,2.6776,2.0947,3.349,2.9499,0.097083,0.81999,2.3905,2.9321,1.6535,1.6463,4.0994,1.5284,1.83,3.1974,0.7679,2.4245,2.8657,2.1838,2.3395,4.9526,1.1706,2.5562,3.1098,1.1133,2.0716,3.5367,0.50206,1.9991,3.2665,1.7098,1.9826,3.4414,2.4584,2.09,4.1469,2.1388,2.1472,4.9718,1.3184,1.7435,3.8117,0.72207,1.9837,2.7629,2.1313,2.1532,4.9873,2.2773,2.2124,4.4873,1.5491,2.3332,3.9698,4.1958,2.9842,0.12778,1.923,2.3914,3.9989,0.7847,1.9738,4.1197,1.1888,2.6014,4.2281,3.4872,2.8392,6.0939,1.5999,1.5918,3.271,0.27047,2.3285,3.4064,5.0735,2.9834,0.96474,0.51331,2.7955,3.2445,1.2303,2.5195,2.9961,2.1797,2.1419,4.9616,1.5186,2.0899,4.3695,1.5691,1.6242,3.3161,1.4369,2.9248,3.2997,0.55473,2.4136,2.7791,0.8832,2.4467,2.9931,0.22202,2.6294,3.3396,1.6769,2.3088,4.1696,0.49999,2.4323,2.739,1.0378,2.2203,3.6416,1.3529,1.796,4.3016,0.28585,2.3191,3.4191,1.5756,1.6028,3.2791,0.56054,2.4095,2.7668,3.0029,2.8675,5.9599,1.9384,2.5824,4.02,2.0046,2.2019,4.5963,2.5075,2.7405,5.2255,1.8072,1.9654,3.8738,1.3384,1.811,3.7089,2.2104,2.1488,4.987,1.4455,2.6291,4.0008,0.75726,3.0564,2.5531,4.5914,2.9609,0.33258,1.2542,2.7246,4.288,1.8951,1.9532,3.8887,1.2254,2.6414,2.8429,0.3085,2.7904,2.93,0.99189,2.8952,4.1642,0.53363,2.5021,2.5819,0.73159,1.9627,2.9404,0.53911,2.4313,3.414,1.6346,2.188,4.2668,1.223,2.7311,4.3252,0.64114,1.9774,3.0792,2.009,1.8693,3.7868,1.2455,1.8531,3.6621,2.4128,2.6904,4.9212,1.4176,1.5452,4.1863,1.3556,2.1453,3.1934,0.66676,1.9952,3.0748,0.57831,2.3875,2.6085,1.6976,2.3141,4.1477,2.3784,2.6808,4.9546,0.61908,1.9943,3.0611,1.603,1.7151,3.3199,0.69554,3.0174,2.5449,0.56246,2.5159,2.5913,3.0357,2.7455,5.9803,6.1707,2.8639,2.5378,4.4594,2.9634,0.17418,2.3682,2.3741,3.7554,1.1429,3.0772,3.9863,1.3612,2.3418,3.5243,0.54386,3.0915,3.3744,2.374,2.224,3.7915,1.2571,1.85,3.6658,2.4201,2.3311,4.5804,2.5955,2.6488,4.0871,1.2667,2.6979,4.3376,1.8322,1.9591,3.8813,1.1499,2.7841,3.6868,2.4123,2.4391,5.0386,1.539,2.6311,3.3115,2.175,2.2112,4.0909,0.82376,1.9338,3.3788,2.393,2.392,3.7777,2.3553,2.3942,3.7488,2.2143,1.9248,4.9485,2.6562,2.2907,4.8051,2.3724,2.2378,3.8058,1.4018,1.5943,3.8603,2.4291,2.6809,4.9703,1.8477,1.9559,3.8925,0.79353,2.1374,4.0256,1.6056,1.8353,4.2851,2.4014,2.6711,4.9659,1.456,2.3904,3.2598,5.9103,2.8668,2.1825,1.8628,1.7812,3.4971,1.9887,2.9993,4.2845,2.0401,1.9598,4.7826,1.1209,2.5902,4.3019,1.911,2.148,4.8874,1.6313,1.7975,3.9574,1.6097,2.0087,3.3784,1.0615,2.7594,3.6203,0.9554,2.8398,3.8185,1.4467,2.4338,3.8687,1.1442,2.7617,3.6717,1.8152,1.7884,4.0911,0.84622,2.459,2.7844,1.8772,2.0876,4.389,0.085421,2.7941,2.8865,1.0765,1.9546,4.2853,0.95871,2.3214,3.0314,1.6206,2.3991,4.5797,0.99124,2.0867,2.8334,0.75808,2.0042,2.7227,1.6368,1.7936,3.9596,0.90803,2.4545,2.8138,1.3645,1.5877,3.8381,2.7725,2.5959,4.6313,1.0731,2.159,3.633,1.1423,2.7806,3.6639,1.9837,1.9897,4.4748,1.065,1.9618,4.2546,1.8687,1.648,3.4445,1.6776,2.4849,3.991,2.1619,2.5518,4.911,2.1213,2.3722,3.6733,1.2077,3.0685,3.4445,1.4334,1.455,4.2403,0.64957,2.9927,3.6316,1.6319,1.7435,4.2361,0.76175,2.0001,2.7348,0.64024,2.2038,3.9787,2.6612,2.6008,4.528,1.9991,2.1202,3.4425,1.3837,2.9125,3.5391,1.0837,2.2005,3.6312,2.5332,2.009,4.4702,1.4951,1.735,4.4216,1.6062,2.5904,3.5776,2.0641,2.2871,4.0679,2.7086,2.3517,4.9945,0.44462,2.5221,2.9466
0.050414,0.079438,0.0026068,214.25,220.42,204.08,0.0012357,0.0013704,0.0010139,205.8,213.59,212.0,203.16,195.98,199.1,227.55,213.98,232.74,205.53,234.66,250.53,202.07,203.49,204.5,222.61,210.65,213.33,183.35,189.99,264.34,207.24,182.36,222.21,186.84,233.97,215.93,258.3,153.14,232.16,200.33,208.82,168.06,234.58,236.15,280.05,226.31,189.71,232.1,275.11,252.37,165.03,256.98,178.12,227.96,209.11,245.81,236.95,268.5,235.52,237.2,206.36,261.48,262.55,251.49,209.81,244.47,215.49,197.55,289.57,247.56,244.03,255.2,174.3,216.79,192.82,224.25,204.0,260.15,218.83,214.19,206.76,228.54,236.53,196.4,190.0,231.54,221.89,250.11,239.12,220.99,237.79,243.86,206.32,249.12,144.95,252.38,201.65,229.32,208.05,237.5,257.54,214.38,208.39,198.56,169.4,216.17,280.24,193.66,206.16,259.19,253.56,288.14,239.34,227.51,248.62,305.25,237.08,193.51,230.69,200.5,189.99,228.15,258.37,149.33,251.98,230.98,259.88,256.39,217.22,176.34,241.84,263.9,193.21,217.36,217.97,271.5,174.81,191.55,264.23,245.82,237.21,262.23,206.69,203.19,245.88,257.45,236.92,257.63,210.4,245.07,200.34,248.92,264.99,205.33,246.26,305.9,210.32,226.59,258.69,197.19,211.47,264.19,210.31,141.38,255.78,262.4,252.49,188.79,286.07,203.25,216.43,172.98,163.96,200.24,229.69,176.61,250.76,227.91,196.33,221.9,223.8,234.93,188.47,237.37,219.23,202.97,204.52,205.69,274.78,207.51,247.93,292.83,220.93,243.7,212.24,277.48,221.2,210.15,254.6,284.11,219.76,242.46,238.51,213.54,255.05,227.0,229.88,208.83,227.9,205.22,233.79,221.23,229.56,225.82,227.53,225.98,205.61,250.16,250.3,219.12,198.87,184.71,225.79,268.39,191.39,201.64,274.82,208.31,222.18,234.67,218.97,228.08,251.31,253.8,186.22,241.98,193.5,241.5,210.01,241.16,179.68,242.59,243.06,169.91,255.02,213.18,161.12,235.5,182.72,213.01,232.57,179.8,218.12,231.95,195.37,223.96,228.24,220.25,184.93,233.7,204.96,212.81,212.54,166.72,258.15,253.52,204.39,169.78,202.52,263.99,222.86,226.94,216.27,147.61,161.27,201.62,237.76,215.08,213.5,214.9,206.2,188.84,169.27,185.0,228.45,217.3,234.26,221.35,0.00082621,0.0010532,0.0010483,0.0010732,0.00098474,0.0010819,0.001203,0.00094335,0.0011748,0.00097665,0.0012435,0.0013749,0.0011025,0.0010925,0.0010117,0.0013409,0.0011953,0.0011711,0.0011669,0.0011677,0.0015618,0.0013614,0.0011344,0.0014624,0.0012826,0.0014131,0.0012135,0.0015081,0.0011162,0.001553,0.0012009,0.0012936,0.0011647,0.0013267,0.0014347,0.001659,0.0013435,0.0013284,0.0014417,0.0015161,0.0013713,0.0010135,0.0015904,0.0012432,0.0013445,0.0013093,0.0014601,0.0013406,0.0015273,0.0013999,0.001229,0.0013307,0.0016112,0.0014263,0.0015112,0.001372,0.0014264,0.0014206,0.0013968,0.0017084,0.0016773,0.0015021,0.0015714,0.0013423,0.0015205,0.0012861,0.0015253,0.0014484,0.0015784,0.0013821,0.0015284,0.0014062,0.0013669,0.0015071,0.001382,0.0013589,0.0013933,0.0014105,0.0015953,0.001582,0.0014582,0.0016158,0.0015469,0.0012936,0.0014037,0.0011654,0.0015475,0.0014054,0.0014749,0.0013445,0.0014825,0.001537,0.0014409,0.0014069,0.0012791,0.001192,0.0013095,0.0017227,0.0012969,0.0013369,0.0015563,0.0015411,0.0017756,0.0014544,0.0015318,0.0015269,0.0017051,0.0014923,0.0013673,0.001342,0.0014076,0.0013808,0.0015046,0.0016679,0.0012773,0.0015998,0.0014707,0.0015673,0.0015892,0.0013902,0.0013055,0.0016805,0.001521,0.0013835,0.0014056,0.0013986,0.0017042,0.0012575,0.00083627,0.0016783,0.0015875,0.0015653,0.0016071,0.0012826,0.0013333,0.0013996,0.0017399,0.0014595,0.0015957,0.0014413,0.0014765,0.0013458,0.0013532,0.0015747,0.0014219,0.0016129,0.0016005,0.0013924,0.0015111,0.0015688,0.0012374,0.0014338,0.001717,0.001354,0.0011263,0.0015871,0.0015466,0.0015973,0.0012201,0.0016707,0.0012933,0.00137,0.0012215,0.0012533,0.0013931,0.0013881,0.0012426,0.0015367,0.0014622,0.0013459,0.0014162,0.0012384,0.0015193,0.001412,0.0014491,0.0013873,0.001443,0.0013856,0.001329,0.0015377,0.0013237,0.0015198,0.0016323,0.0014443,0.0015395,0.0014897,0.0015815,0.0013847,0.0013838,0.0014875,0.0015171,0.0014651,0.001473,0.00153,0.0016812,0.0015356,0.0014646,0.0014216,0.0014392,0.0014301,0.001396,0.0014499,0.0014131,0.0014841,0.0013685,0.0017283,0.0014231,0.0014345,0.0014803,0.0014192,0.0013894,0.0013519,0.001275,0.0013647,0.0016348,0.0013627,0.0013507,0.0015295,0.0013416,0.0014776,0.0014529,0.0013853,0.0014043,0.0014244,0.0015441,0.0012566,0.0015242,0.0012771,0.0014159,0.0014347,0.0013504,0.001234,0.00135,0.0015131,0.0011947,0.0015014,0.0012695,0.0012553,0.0014223,0.0011801,0.0013738,0.0013897,0.0012247,0.0013611,0.0013921,0.0011204,0.0013252,0.0013484,0.0013804,0.0012205,0.0014623,0.0012636,0.001346,0.0012291,0.0009634,0.0013446,0.0013885,0.0011443,0.0011342,0.0011238,0.0014712,0.0013875,0.0013553,0.00099643,0.00090137,0.0010117,0.001024,0.0014149,0.0012792,0.001004,0.0012116,0.0010125,0.0010153,0.00087147,0.00087782,0.0011331,0.0011763,0.0013065,0.0012263,1074300.0,1105700.0,792270.0,4276700.0,2284500.0,1150800.0,5856800.0,1513400.0,1879800.0,3242500.0,2966100.0,734830.0,5652900.0,1298400.0,4052200.0,2459600.0,5070500.0,4091400.0,1340500.0,3371900.0,2502600.0,3347400.0,11704000.0,958350.0,6311800.0,749460.0,9101500.0,1591900.0,1841400.0,815570.0,3232100.0,1680500.0,5814300.0,23940000.0,2520900.0,2724900.0,4347000.0,1235900.0,1513400.0,1646200.0,2062700.0,1057700.0,2058300.0,1019200.0,7475600.0,2433400.0,1825600.0,1494000.0,2274900.0,15971000.0,952090.0,7278300.0,3995200.0,706940.0,3910700.0,1079100.0,2657700.0,17679000.0,32102000.0,2373200.0,1720700.0,1532600.0,2840700.0,1036400.0,1926200.0,3409900.0,803840.0,2871900.0,1940600.0,3915400.0,2755300.0,1446400.0,1119200.0,15048000.0,5077600.0,1340600.0,3613400.0,1673300.0,965090.0,2573300.0,3702600.0,1313000.0,893150.0,2116300.0,873820.0,1861100.0,2850800.0,4950200.0,4191200.0,2338500.0,5694300.0,1300700.0,9352900.0,4677300.0,1017700.0,1694700.0,903640.0,1769700.0,3509900.0,9918500.0,1730700.0,16523000.0,1417300.0,9919600.0,1633600.0,3256300.0,1272900.0,1628100.0,12535000.0,5115100.0,2157200.0,3869300.0,2389200.0,1225800.0,656170.0,3373000.0,11659000.0,2413800.0,1291100.0,778800.0,1922000.0,735100.0,1193700.0,2218700.0,8786700.0,4156700.0,2627900.0,3087700.0,2361300.0,1498700.0,773560.0,10411000.0,2404500.0,3548600.0,2073400.0,1371700.0,1031900.0,2014200.0,1052000.0,2853800.0,3921600.0,1159600.0,1477000.0,2103000.0,1521000.0,2210500.0,2422200.0,877170.0,6912100.0,1513500.0,9390500.0,6180200.0,809830.0,10291000.0,814480.0,1274500.0,19279000.0,683650.0,12167000.0,721740.0,5575100.0,3693400.0,3817200.0,2647300.0,5252900.0,4116200.0,4227600.0,964530.0,4135000.0,1638700.0,6369200.0,1506700.0,7610900.0,1080700.0,744550.0,4005200.0,2996600.0,1988300.0,8411500.0,2288700.0,948280.0,1205600.0,3671000.0,3568300.0,1940100.0,1475700.0,747540.0,6807100.0,5275200.0,2336700.0,637470.0,17726000.0,3323000.0,5257900.0,1142200.0,18258000.0,5431600.0,1100100.0,8580600.0,1353300.0,1434500.0,3992400.0,5297000.0,799330.0,1639500.0,973680.0,1778500.0,1568200.0,1456500.0,7851700.0,2342100.0,1425100.0,12280000.0,2793800.0,1238000.0,1263500.0,3260300.0,951930.0,4669600.0,1133200.0,1854600.0,8075300.0,4435100.0,696550.0,1421900.0,10018000.0,5258300.0,5069200.0,15394000.0,3001700.0,1931800.0,2342400.0,2994600.0,3189800.0,1882600.0,1749500.0,2275100.0,1499400.0,7215800.0,652060.0,3656200.0,8296200.0,8910100.0,1863600.0,5378600.0,4029700.0,5011000.0,864140.0,1139900.0,5361500.0,1551600.0,6587500.0,3485200.0,7122400.0,1970700.0,1638700.0,1591200.0,1087700.0,1106100.0,2208100.0,945990.0,5091800.0,3371700.0,4404800.0,3356800.0,2894200.0,2745600.0,15584000.0,14989000.0,6042000.0,4601000.0,2807600.0,6148400.0,3762100.0,1781300.0,2740300.0,1353800.0,4824200.0,3044800.0,1.5274,1.8445,4.171,2.2288,2.4689,3.6654,1.2774,2.2291,4.223,1.2239,1.9893,4.2284,2.4922,2.6639,4.3084,0.82762,2.0622,4.2169,1.5693,2.4987,3.8897,3.0352,2.8426,5.8416,1.2207,2.0044,4.2239,1.7385,1.7193,4.248,1.2773,2.2383,4.2368,0.82127,2.0545,4.2125,2.9111,2.84,4.5644,5.6753,2.7714,1.4451,1.2349,2.84,3.6182,0.92433,2.1513,3.0159,2.5088,2.0782,4.4717,1.469,1.6813,3.9011,0.66521,2.5987,3.8798,1.9715,1.7854,3.4879,1.1157,2.4278,3.1173,0.30913,2.2876,3.5499,1.804,1.6597,3.3913,2.0976,2.7849,4.3605,1.8225,1.6583,3.3829,1.5246,1.6643,3.9277,0.37385,2.1499,3.1806,2.0433,2.3808,4.422,1.4755,1.6794,3.2185,0.85437,1.8996,2.7671,3.0853,2.8417,5.8833,1.976,1.7753,3.4833,0.96154,2.7161,2.8894,1.7774,2.5893,4.0019,0.66255,1.8834,2.7765,1.0877,2.436,3.0832,1.9111,1.9219,4.4939,1.7327,1.6768,3.8932,0.53593,2.1934,3.7776,1.2365,2.4658,3.8035,1.0003,2.087,3.2508,2.5515,2.3099,4.3077,2.0476,2.1735,4.6927,1.4978,1.6706,3.9162,1.8913,1.941,4.4901,1.4747,2.1791,3.262,0.83356,2.133,3.1478,2.4359,2.3978,4.3378,1.9609,2.5781,4.8768,1.937,2.6031,4.8628,2.5499,2.309,4.2984,1.2818,2.5001,3.9306,1.7304,2.2602,4.3225,2.2519,3.0385,4.1618,0.5467,2.4486,2.519,1.4969,2.0425,4.6005,2.0239,3.0519,3.9404,0.33554,2.3801,3.4099,1.6795,1.6263,4.0827,0.74589,2.0843,3.0804,2.2475,2.2816,4.668,0.61198,2.5449,3.0394,0.95227,2.1353,3.2497,0.091722,2.8949,1.8824,2.0004,2.0542,4.5916,2.5406,2.3289,4.2736,2.5438,2.3218,5.1777,2.0833,2.776,4.3322,1.1077,1.8524,3.9689,4.6031,2.9526,0.5513,0.85933,2.1511,3.0343,1.3709,2.1028,4.2683,1.1049,2.1309,3.5112,2.2193,2.7253,4.4842,1.6689,1.5955,4.1518,1.1541,2.5445,3.0702,0.751,2.4379,3.7577,2.1117,1.8937,3.7131,1.5459,2.4701,3.4745,1.5753,2.5669,3.5897,1.5892,1.6662,4.2692,2.0541,2.7672,4.5501,2.106,2.7645,4.613,3.3326,2.8021,6.0888,1.7042,1.613,4.176,1.7591,1.9809,3.4266,2.2455,2.9556,5.0805,1.1665,2.5521,3.0752,2.648,2.4325,4.9929,0.9851,2.6272,4.1002,1.5565,2.4597,3.494,1.1167,1.8625,4.0956,1.6871,1.622,4.0813,1.7485,1.9628,3.4299,6.2665,2.93,3.0576,2.9013,2.2737,4.5921,1.3731,1.9571,4.2519,1.222,2.6478,3.3366,1.4578,2.4517,3.3641,1.781,1.9603,3.6989,1.958,2.3842,4.0048,1.1008,2.3095,3.204,2.5051,2.0128,5.1898,1.1717,2.6764,3.3042,1.4494,2.4705,3.3541,0.17881,2.9872,3.2189,0.68106,1.8229,2.8713,1.69,2.022,4.4594,1.4887,1.86,4.1475,5.4486,2.8899,1.7806,0.82471,2.1529,2.8326,0.93451,2.639,4.0742,2.2487,2.5318,3.6476,2.6443,2.3852,4.9541,2.8769,2.6587,4.5371,2.0749,2.465,4.5263,2.3359,2.1276,4.1876,0.75731,2.044,3.3454,0.42005,2.4478,2.9579,0.56634,2.1592,3.7943,2.4357,2.4938,4.4811,0.79456,2.4196,2.9188,1.2732,1.5753,4.3165,1.6799,1.9945,3.4607,0.12685,2.6773,2.0955,3.3516,2.9499,0.10103,0.82136,2.389,2.934,1.6534,1.6466,4.0997,1.5294,1.83,3.1979,0.76812,2.4239,2.866,2.1842,2.3392,4.9526,1.1717,2.5561,3.1108,1.115,2.0739,3.5372,0.50121,1.9997,3.2668,1.71,1.982,3.4412,2.4604,2.09,4.1454,2.1382,2.1469,4.9718,1.319,1.7433,3.812,0.72282,1.984,2.763,2.1307,2.1531,4.9878,2.2765,2.2131,4.4882,1.5488,2.3342,3.9701,4.1956,2.9836,0.12744,1.9222,2.3926,3.9992,0.78351,1.974,4.1199,1.1899,2.6021,4.2288,3.4865,2.8388,6.0944,1.6019,1.5911,3.2707,0.26924,2.3291,3.406,5.0719,2.9832,0.96279,0.51247,2.7958,3.2446,1.2297,2.5198,2.9966,2.1802,2.1418,4.9615,1.5197,2.0898,4.37,1.5701,1.6243,3.3169,1.44,2.9251,3.299,0.55719,2.4128,2.7806,0.88236,2.4464,2.9932,0.22217,2.6296,3.3396,1.679,2.3102,4.1708,0.50131,2.4321,2.7395,1.0375,2.2215,3.6412,1.352,1.7957,4.3018,0.28512,2.3193,3.4193,1.5769,1.6025,3.279,0.56326,2.4086,2.768,3.0031,2.8675,5.9611,1.9366,2.5819,4.0196,2.0052,2.2023,4.5965,2.5044,2.7397,5.2242,1.8052,1.9654,3.8731,1.3393,1.8107,3.7093,2.2115,2.1487,4.9872,1.4461,2.6285,4.0004,0.75114,3.0558,2.5458,4.5896,2.9603,0.33126,1.2545,2.7256,4.287,1.8949,1.9532,3.8888,1.225,2.6416,2.8424,0.30707,2.7906,2.9293,0.99277,2.8954,4.1647,0.53296,2.5016,2.582,0.73251,1.9636,2.9392,0.53891,2.4321,3.4137,1.636,2.1883,4.2676,1.222,2.7322,4.3248,0.64136,1.9781,3.0781,2.0098,1.8688,3.7861,1.2467,1.8533,3.6625,2.4116,2.6897,4.9197,1.4185,1.5457,4.1865,1.3548,2.1452,3.1937,0.66738,1.9963,3.0739,0.58059,2.3861,2.6092,1.699,2.3152,4.1481,2.3767,2.6798,4.9541,0.61875,1.9952,3.0598,1.6038,1.7153,3.3197,0.69786,3.017,2.546,0.56226,2.5159,2.5914,3.0383,2.7455,5.9824,6.1705,2.8639,2.5377,4.4553,2.9628,0.17,2.3685,2.3733,3.7552,1.1484,3.077,3.993,1.3595,2.3435,3.5234,0.53693,3.0917,3.3686,2.3741,2.2237,3.7911,1.2582,1.85,3.6662,2.4199,2.331,4.5809,2.5957,2.6493,4.0884,1.2668,2.6982,4.3376,1.8309,1.959,3.8807,1.1504,2.7838,3.6875,2.4115,2.4382,5.0374,1.5378,2.6312,3.3119,2.1751,2.2118,4.0907,0.82426,1.9344,3.3789,2.3937,2.3916,3.7781,2.3554,2.3938,3.7486,2.215,1.9256,4.9496,2.6562,2.2907,4.8053,2.3725,2.2378,3.8057,1.4021,1.5945,3.8608,2.4283,2.68,4.9698,1.8469,1.9558,3.8922,0.79384,2.1373,4.027,1.6056,1.8354,4.2856,2.4003,2.6701,4.9655,1.4561,2.3904,3.2598,5.9099,2.8665,2.1821,1.8628,1.7808,3.4975,1.9886,2.9987,4.2838,2.0407,1.9601,4.7832,1.1214,2.5904,4.3025,1.9118,2.148,4.888,1.6316,1.7973,3.9572,1.6098,2.0087,3.3781,1.0625,2.7591,3.6214,0.95636,2.8399,3.8188,1.448,2.4347,3.8693,1.1445,2.7609,3.6721,1.8147,1.7881,4.091,0.84507,2.4589,2.7847,1.8767,2.088,4.3891,0.08572,2.794,2.8875,1.0763,1.9545,4.2858,0.95898,2.3211,3.0319,1.6203,2.3992,4.5796,0.99144,2.0866,2.8334,0.75837,2.0042,2.7223,1.6373,1.7933,3.9595,0.90787,2.4544,2.8146,1.3641,1.5877,3.8382,2.7725,2.596,4.6312,1.0729,2.1595,3.6331,1.1427,2.7801,3.6641,1.9839,1.9897,4.4748,1.0646,1.9618,4.2545,1.869,1.648,3.4444,1.6779,2.485,3.9908,2.1629,2.5517,4.9107,2.1207,2.3721,3.6726,1.208,3.0684,3.4448,1.4332,1.4549,4.2404,0.6502,2.9925,3.6319,1.632,1.7433,4.2361,0.76207,2.0002,2.7347,0.63933,2.204,3.9794,2.6606,2.6008,4.5278,1.9993,2.12,3.4426,1.3837,2.9122,3.5391,1.0838,2.2007,3.6311,2.5333,2.0092,4.4702,1.4952,1.735,4.4216,1.6061,2.5904,3.5775,2.0641,2.2871,4.0678,2.7085,2.3513,4.9941,0.44463,2.5219,2.9465
0.051961,0.081892,0.0026598,214.54,220.92,204.03,0.0012374,0.0013732,0.0010138,205.82,213.69,212.17,203.37,196.19,198.89,227.62,214.02,233.06,205.7,235.0,250.88,202.08,203.73,204.69,223.14,210.76,213.68,183.73,189.97,265.02,207.61,182.57,222.58,187.02,234.44,216.29,258.78,153.39,232.75,200.55,208.95,167.98,234.84,236.5,280.64,226.78,190.13,232.65,275.8,252.76,165.19,257.38,178.33,228.33,209.51,246.25,237.3,269.05,235.92,237.51,206.71,262.18,263.16,252.07,210.16,244.89,216.02,198.16,290.33,248.1,244.93,256.2,174.21,217.24,193.16,225.23,204.83,260.09,219.48,214.69,206.79,229.06,237.01,196.79,190.15,231.77,222.12,250.71,239.54,221.45,238.16,243.72,206.89,249.43,144.91,252.93,202.27,229.5,208.44,237.77,258.82,215.39,209.24,198.58,169.84,216.02,281.49,194.66,206.22,260.32,253.95,290.19,240.54,228.81,248.67,305.76,238.71,194.48,231.51,200.74,189.88,229.35,258.85,150.32,251.78,231.81,261.5,257.45,218.03,177.35,242.1,265.16,194.59,218.87,218.14,273.63,175.49,194.37,266.48,246.94,238.12,260.58,207.14,203.85,249.89,256.94,238.37,258.58,208.18,246.99,200.94,249.63,266.43,206.17,249.7,306.87,211.95,228.47,259.62,197.77,212.45,261.65,210.98,142.06,255.08,264.17,253.23,186.91,287.77,203.61,217.28,173.5,163.42,201.06,230.95,177.18,251.87,226.67,196.85,222.93,223.45,234.69,188.17,238.57,220.16,203.6,205.1,206.38,274.89,207.56,248.31,294.55,221.8,243.89,212.77,278.18,221.87,210.73,254.97,284.91,220.38,242.68,239.72,214.75,256.03,227.42,231.01,209.04,228.1,205.88,234.55,222.02,230.39,226.4,228.96,226.39,205.96,250.71,250.77,219.59,199.21,185.33,226.15,269.15,191.86,202.05,275.38,208.91,222.84,235.02,219.37,228.46,251.74,254.26,186.6,242.97,193.96,241.9,210.23,241.35,179.95,243.0,243.45,170.0,255.32,213.41,161.41,235.8,182.83,213.3,233.01,180.01,218.55,232.28,195.42,224.36,228.55,220.59,185.08,233.93,205.12,213.24,212.84,166.74,258.55,253.93,204.51,169.83,202.63,264.17,223.15,227.18,216.51,147.64,161.31,201.66,237.92,215.49,213.65,215.08,206.28,188.91,169.39,185.03,228.48,217.23,234.5,221.25,0.00082507,0.0010527,0.001048,0.0010737,0.00098501,0.0010796,0.0012031,0.00094282,0.0011762,0.00097682,0.0012449,0.0013766,0.0011015,0.0010935,0.0010119,0.0013435,0.0011957,0.0011728,0.0011691,0.0011676,0.0015654,0.0013639,0.0011357,0.001465,0.001284,0.0014165,0.0012155,0.0015106,0.001118,0.0015562,0.0012024,0.0012945,0.001164,0.0013278,0.0014369,0.0016623,0.0013459,0.0013309,0.0014448,0.0015197,0.0013731,0.0010135,0.0015927,0.0012452,0.0013467,0.0013116,0.0014628,0.0013421,0.0015303,0.0014021,0.0012297,0.0013321,0.0016145,0.0014294,0.0015142,0.0013741,0.0014293,0.0014244,0.0014009,0.0017136,0.0016804,0.0015064,0.001576,0.001343,0.0015236,0.0012879,0.0015318,0.0014542,0.00158,0.0013852,0.0015314,0.0014082,0.0013694,0.0015095,0.0013847,0.0013597,0.0013953,0.0014125,0.0015984,0.0015847,0.0014638,0.0016183,0.0015482,0.0012976,0.0014057,0.001166,0.001553,0.0014099,0.0014772,0.0013457,0.0014835,0.0015418,0.0014482,0.0014143,0.0012825,0.0011949,0.0013105,0.0017308,0.0013028,0.0013384,0.0015633,0.0015432,0.0017873,0.0014613,0.0015391,0.001521,0.0017077,0.0015015,0.0013743,0.0013473,0.0014077,0.0013812,0.0015118,0.0016749,0.0012826,0.0015966,0.0014775,0.0015759,0.0015969,0.0013853,0.0013108,0.0016883,0.0015294,0.0013915,0.0014146,0.0013927,0.001716,0.0012622,0.00084735,0.001691,0.001594,0.001572,0.0016094,0.001286,0.0013391,0.0014024,0.001743,0.0014675,0.0016011,0.0014271,0.0014853,0.0013491,0.0013569,0.0015817,0.0014274,0.0016276,0.0016054,0.0014023,0.0015194,0.0015745,0.0012415,0.0014388,0.0017104,0.0013587,0.00113,0.001594,0.0015559,0.0016023,0.001193,0.0016802,0.0012957,0.0013749,0.0012252,0.0012535,0.0014006,0.001395,0.001247,0.0015425,0.0014563,0.0013505,0.001423,0.0012372,0.0015185,0.0014125,0.0014573,0.0013927,0.0014492,0.0013903,0.0013333,0.0015404,0.0013246,0.0015232,0.0016423,0.0014504,0.0015405,0.001495,0.0015856,0.0013882,0.0013884,0.0014889,0.0015209,0.001469,0.0014741,0.0015375,0.0016877,0.0015422,0.0014665,0.0014245,0.0014428,0.001431,0.0014006,0.0014551,0.0014182,0.0014892,0.0013716,0.0017357,0.0014256,0.0014366,0.0014845,0.0014205,0.0013917,0.0013543,0.0012792,0.0013663,0.0016387,0.0013644,0.001353,0.0015323,0.001345,0.0014814,0.0014549,0.0013872,0.001406,0.0014272,0.0015471,0.0012592,0.0015302,0.0012804,0.0014185,0.0014361,0.0013518,0.0012357,0.0013519,0.0015155,0.0011955,0.0015033,0.0012708,0.0012573,0.0014242,0.001181,0.0013757,0.0013922,0.0012264,0.0013623,0.001394,0.0011208,0.0013276,0.0013496,0.001382,0.0012212,0.0014637,0.0012647,0.0013481,0.0012306,0.0009632,0.0013468,0.001391,0.0011446,0.0011346,0.0011239,0.0014717,0.0013889,0.0013568,0.00099675,0.00090129,0.0010113,0.0010235,0.0014159,0.0012813,0.001004,0.0012121,0.0010123,0.0010152,0.00087145,0.00087715,0.0011328,0.0011755,0.0013073,0.0012256,1074300.0,1105700.0,792270.0,4276700.0,2284500.0,1150800.0,5856800.0,1513400.0,1879800.0,3242500.0,2966100.0,734830.0,5652900.0,1298400.0,4052200.0,2459600.0,5070500.0,4091400.0,1340500.0,3371900.0,2502600.0,3347400.0,11704000.0,958350.0,6311800.0,749460.0,9101500.0,1591900.0,1841400.0,815570.0,3232100.0,1680500.0,5814300.0,23940000.0,2520900.0,2724900.0,4347000.0,1235900.0,1513400.0,1646200.0,2062700.0,1057700.0,2058300.0,1019200.0,7475600.0,2433400.0,1825600.0,1494000.0,2274900.0,15971000.0,952090.0,7278300.0,3995200.0,706940.0,3910700.0,1079100.0,2657700.0,17679000.0,32102000.0,2373200.0,1720700.0,1532600.0,2840700.0,1036400.0,1926200.0,3409900.0,803840.0,2871900.0,1940600.0,3915400.0,2755300.0,1446400.0,1119200.0,15048000.0,5077600.0,1340600.0,3613400.0,1673300.0,965090.0,2573300.0,3702600.0,1313000.0,893150.0,2116300.0,873820.0,1861100.0,2850800.0,4950200.0,4191200.0,2338500.0,5694300.0,1300700.0,9352900.0,4677300.0,1017700.0,1694700.0,903640.0,1769700.0,3509900.0,9918500.0,1730700.0,16523000.0,1417300.0,9919600.0,1633600.0,3256300.0,1272900.0,1628100.0,12535000.0,5115100.0,2157200.0,3869300.0,2389200.0,1225800.0,656170.0,3373000.0,11659000.0,2413800.0,1291100.0,778800.0,1922000.0,735100.0,1193700.0,2218700.0,8786700.0,4156700.0,2627900.0,3087700.0,2361300.0,1498700.0,773560.0,10411000.0,2404500.0,3548600.0,2073400.0,1371700.0,1031900.0,2014200.0,1052000.0,2853800.0,3921600.0,1159600.0,1477000.0,2103000.0,1521000.0,2210500.0,2422200.0,877170.0,6912100.0,1513500.0,9390500.0,6180200.0,809830.0,10291000.0,814480.0,1274500.0,19279000.0,683650.0,12167000.0,721740.0,5575100.0,3693400.0,3817200.0,2647300.0,5252900.0,4116200.0,4227600.0,964530.0,4135000.0,1638700.0,6369200.0,1506700.0,7610900.0,1080700.0,744550.0,4005200.0,2996600.0,1988300.0,8411500.0,2288700.0,948280.0,1205600.0,3671000.0,3568300.0,1940100.0,1475700.0,747540.0,6807100.0,5275200.0,2336700.0,637470.0,17726000.0,3323000.0,5257900.0,1142200.0,18258000.0,5431600.0,1100100.0,8580600.0,1353300.0,1434500.0,3992400.0,5297000.0,799330.0,1639500.0,973680.0,1778500.0,1568200.0,1456500.0,7851700.0,2342100.0,1425100.0,12280000.0,2793800.0,1238000.0,1263500.0,3260300.0,951930.0,4669600.0,1133200.0,1854600.0,8075300.0,4435100.0,696550.0,1421900.0,10018000.0,5258300.0,5069200.0,15394000.0,3001700.0,1931800.0,2342400.0,2994600.0,3189800.0,1882600.0,1749500.0,2275100.0,1499400.0,7215800.0,652060.0,3656200.0,8296200.0,8910100.0,1863600.0,5378600.0,4029700.0,5011000.0,864140.0,1139900.0,5361500.0,1551600.0,6587500.0,3485200.0,7122400.0,1970700.0,1638700.0,1591200.0,1087700.0,1106100.0,2208100.0,945990.0,5091800.0,3371700.0,4404800.0,3356800.0,2894200.0,2745600.0,15584000.0,14989000.0,6042000.0,4601000.0,2807600.0,6148400.0,3762100.0,1781300.0,2740300.0,1353800.0,4824200.0,3044800.0,1.5275,1.8447,4.1709,2.2289,2.469,3.6654,1.2774,2.2292,4.223,1.2237,1.9894,4.2283,2.4919,2.6639,4.3085,0.82676,2.0622,4.217,1.5706,2.4992,3.8896,3.036,2.8427,5.8422,1.2204,2.0048,4.2236,1.7382,1.7193,4.248,1.2773,2.2387,4.2372,0.8201,2.0542,4.2124,2.9116,2.8401,4.5658,5.6741,2.7712,1.4443,1.235,2.8398,3.6182,0.92331,2.1515,3.0157,2.5095,2.0791,4.4727,1.4689,1.6813,3.901,0.66552,2.5996,3.8797,1.9705,1.786,3.4883,1.1169,2.4271,3.1191,0.30997,2.2877,3.5493,1.8044,1.6593,3.3914,2.0961,2.7835,4.3578,1.8234,1.658,3.3827,1.526,1.664,3.9283,0.37323,2.1504,3.1798,2.0437,2.3815,4.4231,1.4756,1.6798,3.2191,0.85492,1.9003,2.767,3.0874,2.8417,5.8853,1.9752,1.7757,3.4836,0.96038,2.7161,2.8897,1.7763,2.5892,4.0019,0.66341,1.8839,2.7759,1.088,2.4357,3.0841,1.9114,1.9221,4.4939,1.734,1.6762,3.8931,0.53677,2.1931,3.7788,1.2379,2.4671,3.8041,1.0,2.0879,3.2501,2.5518,2.3103,4.3083,2.0471,2.1742,4.6932,1.4983,1.6704,3.9164,1.8911,1.9417,4.49,1.4744,2.1793,3.2618,0.83362,2.1346,3.1464,2.4364,2.3986,4.3385,1.9612,2.5773,4.8763,1.9368,2.6033,4.8621,2.5502,2.3094,4.2988,1.2818,2.5004,3.9301,1.7317,2.261,4.3234,2.2561,3.0377,4.1651,0.54804,2.448,2.5205,1.4957,2.0421,4.6004,2.0224,3.0515,3.938,0.33394,2.3802,3.4089,1.68,1.6261,4.0827,0.74696,2.0861,3.0798,2.2477,2.2824,4.6686,0.61169,2.543,3.0407,0.95064,2.1373,3.2489,0.09054,2.895,1.8797,2.0006,2.0563,4.5919,2.5405,2.3298,4.2732,2.5393,2.3211,5.1765,2.0812,2.7744,4.3283,1.1085,1.8523,3.9697,4.6025,2.9509,0.55262,0.85865,2.1518,3.0337,1.3731,2.103,4.2684,1.1063,2.1322,3.5118,2.2166,2.7243,4.4813,1.6682,1.5953,4.1516,1.1545,2.5442,3.0704,0.75108,2.4384,3.7574,2.1134,1.8927,3.7124,1.5442,2.4711,3.4746,1.5724,2.568,3.5891,1.587,1.6656,4.2697,2.0528,2.7658,4.5492,2.1056,2.7631,4.6136,3.3322,2.8027,6.0884,1.7042,1.6133,4.1764,1.7611,1.9803,3.4258,2.2499,2.956,5.0863,1.1671,2.552,3.0753,2.6485,2.4321,4.9932,0.98436,2.6278,4.1014,1.5551,2.4603,3.4948,1.1139,1.8646,4.0955,1.6882,1.6218,4.0812,1.7504,1.9614,3.4292,6.2576,2.9293,3.0495,2.9017,2.2729,4.5933,1.3748,1.9571,4.2534,1.2209,2.6465,3.3373,1.4577,2.4516,3.3647,1.7794,1.9596,3.6983,1.9587,2.3858,4.0053,1.1009,2.3102,3.2045,2.5038,2.0114,5.1914,1.1693,2.6756,3.3041,1.4489,2.471,3.3545,0.17655,2.9885,3.2158,0.68109,1.8235,2.8702,1.6894,2.0217,4.461,1.4889,1.8597,4.1485,5.4455,2.8893,1.778,0.8255,2.154,2.8343,0.93234,2.64,4.0748,2.2516,2.5316,3.6486,2.6451,2.3829,4.9527,2.8797,2.6572,4.5379,2.0734,2.4635,4.527,2.3351,2.1285,4.1877,0.75698,2.0463,3.3452,0.42304,2.447,2.9604,0.56576,2.16,3.7965,2.4372,2.4931,4.4829,0.79532,2.4188,2.921,1.2739,1.5751,4.3174,1.6793,1.9941,3.4611,0.1306,2.6768,2.0966,3.3557,2.9498,0.10705,0.82338,2.3868,2.9369,1.6532,1.647,4.1002,1.5311,1.8302,3.1986,0.76843,2.4229,2.8666,2.1848,2.3388,4.9525,1.1732,2.556,3.1123,1.1176,2.0774,3.5379,0.49992,2.0007,3.2672,1.7102,1.9811,3.441,2.4633,2.0899,4.1429,2.1371,2.1463,4.9717,1.3199,1.7429,3.8126,0.72393,1.9843,2.7633,2.1296,2.153,4.9884,2.2753,2.2141,4.4898,1.5483,2.3356,3.9704,4.1951,2.9826,0.12692,1.921,2.3944,3.9995,0.78172,1.9742,4.1201,1.1916,2.6032,4.2299,3.4855,2.8383,6.0951,1.6049,1.59,3.2704,0.26738,2.3301,3.4055,5.0698,2.983,0.96031,0.51122,2.7961,3.2447,1.2288,2.5202,2.9975,2.1809,2.1416,4.9613,1.5213,2.0896,4.3709,1.5716,1.6245,3.318,1.4451,2.9256,3.2983,0.56094,2.4116,2.7828,0.8811,2.4459,2.9932,0.22243,2.6299,3.3397,1.6822,2.3123,4.1726,0.50332,2.4319,2.7403,1.037,2.2233,3.6404,1.3507,1.7952,4.3021,0.28401,2.3196,3.4197,1.5788,1.602,3.2788,0.56738,2.4072,2.7697,3.0035,2.8674,5.9629,1.9339,2.5811,4.019,2.0061,2.2027,4.5967,2.4998,2.7384,5.2222,1.802,1.9654,3.872,1.3405,1.8104,3.7099,2.2131,2.1486,4.9874,1.447,2.6276,3.9998,0.74221,3.0549,2.535,4.5869,2.9595,0.32935,1.2549,2.7273,4.2856,1.8946,1.9532,3.8889,1.2243,2.6419,2.8416,0.30488,2.791,2.9282,0.9941,2.8957,4.1654,0.53195,2.5009,2.5821,0.73391,1.9649,2.9373,0.53862,2.4332,3.4133,1.6382,2.1888,4.2688,1.2204,2.7337,4.3242,0.64169,1.979,3.0766,2.011,1.868,3.7851,1.2487,1.8537,3.6631,2.4098,2.6887,4.9175,1.4199,1.5464,4.1868,1.3536,2.145,3.1943,0.6683,1.9978,3.0727,0.58403,2.384,2.6102,1.701,2.3169,4.1487,2.3741,2.6783,4.9532,0.61827,1.9967,3.058,1.605,1.7155,3.3195,0.70126,3.0164,2.5476,0.56196,2.5159,2.5915,3.0422,2.7454,5.9855,6.1701,2.8638,2.5376,4.4493,2.9618,0.16381,2.369,2.3721,3.755,1.1563,3.0767,4.003,1.357,2.3461,3.5221,0.52669,3.092,3.36,2.3742,2.2232,3.7905,1.2599,1.8499,3.6669,2.4197,2.3309,4.5816,2.5961,2.6501,4.0904,1.267,2.6985,4.3377,1.8289,1.9588,3.8799,1.1511,2.7833,3.6885,2.4103,2.4368,5.0357,1.5359,2.6313,3.3126,2.1752,2.2127,4.0904,0.82499,1.9353,3.3791,2.3947,2.3909,3.7786,2.3554,2.3933,3.7484,2.216,1.9269,4.9512,2.6563,2.2907,4.8057,2.3727,2.2378,3.8055,1.4027,1.5947,3.8616,2.4271,2.6788,4.9691,1.8456,1.9556,3.8918,0.79429,2.137,4.0291,1.6056,1.8354,4.2864,2.3987,2.6686,4.965,1.4563,2.3904,3.2598,5.9093,2.8661,2.1813,1.8628,1.7802,3.4981,1.9885,2.9977,4.2828,2.0416,1.9604,4.7841,1.1221,2.5908,4.3034,1.9128,2.148,4.8888,1.632,1.797,3.9569,1.61,2.0086,3.3776,1.064,2.7585,3.6231,0.95777,2.84,3.8191,1.45,2.4359,3.87,1.145,2.7598,3.6726,1.814,1.7876,4.0909,0.84337,2.4588,2.785,1.8759,2.0886,4.3893,0.086156,2.7939,2.8891,1.076,1.9544,4.2865,0.95937,2.3205,3.0326,1.6199,2.3993,4.5793,0.99172,2.0865,2.8334,0.75881,2.0044,2.7218,1.638,1.793,3.9592,0.90762,2.4543,2.8159,1.3636,1.5877,3.8382,2.7725,2.5962,4.631,1.0726,2.1603,3.6333,1.1433,2.7795,3.6645,1.9841,1.9898,4.4748,1.064,1.9618,4.2543,1.8695,1.6479,3.4443,1.6784,2.4851,3.9906,2.1643,2.5515,4.9103,2.1197,2.3718,3.6715,1.2084,3.0682,3.4454,1.4328,1.4546,4.2406,0.65113,2.9923,3.6325,1.6322,1.743,4.2362,0.76256,2.0002,2.7345,0.63799,2.2043,3.9804,2.6598,2.6007,4.5276,1.9995,2.1198,3.4427,1.3837,2.9119,3.5391,1.0838,2.201,3.6309,2.5333,2.0095,4.4703,1.4953,1.735,4.4216,1.606,2.5903,3.5773,2.0642,2.2871,4.0677,2.7084,2.3506,4.9936,0.44465,2.5216,2.9462
0.054254,0.085535,0.0027301,214.08,220.76,203.1,0.0012347,0.0013715,0.0010094,205.1,213.0,211.52,203.02,195.57,197.73,226.61,213.13,232.58,204.97,234.54,250.34,201.24,203.04,204.13,222.93,209.97,213.28,183.57,189.2,264.95,207.23,182.2,222.4,186.46,234.15,215.67,258.34,153.26,232.82,199.91,208.11,167.39,234.32,236.14,279.89,226.56,190.69,232.28,275.11,251.84,164.53,257.02,178.13,227.53,209.43,245.33,236.36,268.17,235.26,236.34,206.21,261.69,261.99,251.16,209.61,243.81,216.44,198.74,289.45,246.76,244.87,257.05,172.51,216.77,192.78,227.48,206.72,258.9,220.56,214.43,205.7,228.31,235.92,196.02,187.68,231.02,220.04,250.44,239.18,221.56,236.68,241.41,207.35,247.75,141.99,252.85,203.64,227.93,206.57,235.96,260.76,217.81,211.7,195.81,166.57,214.05,283.62,196.41,204.42,261.48,251.69,294.07,243.19,232.04,246.51,303.43,241.89,196.27,232.44,195.03,186.79,231.28,258.46,149.04,246.28,232.94,264.88,259.38,213.69,178.8,239.39,267.94,197.12,222.79,217.54,277.92,175.71,196.64,272.65,247.9,240.84,243.86,207.01,204.45,257.09,252.94,242.27,259.47,195.34,251.48,201.13,250.04,270.51,207.21,259.13,308.94,217.33,232.9,255.81,198.43,214.82,252.81,211.82,143.75,251.62,268.36,254.33,173.77,292.28,203.74,218.71,174.63,157.92,202.83,233.59,177.96,253.92,218.92,198.58,225.46,219.08,230.08,185.72,240.9,222.19,204.47,206.43,207.89,271.87,205.47,246.51,298.08,223.85,241.8,213.74,277.31,221.56,211.61,252.88,284.19,219.76,240.39,242.44,215.73,257.21,226.15,233.43,207.9,226.64,206.66,235.95,223.77,231.79,225.98,229.71,225.74,204.99,251.36,249.33,219.13,199.71,186.29,224.98,268.73,191.23,202.01,275.73,209.95,223.07,233.8,218.7,227.57,250.69,253.83,186.51,244.46,194.41,240.86,209.52,241.16,179.97,242.35,242.73,169.68,254.51,212.89,161.18,234.83,182.18,213.18,232.3,179.49,218.51,231.69,194.63,224.04,227.86,220.49,184.64,233.29,204.51,212.95,212.17,166.03,258.05,253.2,203.9,169.09,201.98,263.29,222.71,226.62,215.83,147.01,160.66,200.92,237.12,215.38,213.01,214.53,205.43,188.27,168.87,184.42,227.54,216.21,233.8,220.1,0.00081879,0.0010463,0.0010414,0.0010691,0.00097901,0.0010707,0.001197,0.0009363,0.0011721,0.00097039,0.0012406,0.0013726,0.0010942,0.0010886,0.0010064,0.0013399,0.00119,0.0011683,0.001167,0.0011625,0.0015634,0.0013616,0.0011324,0.0014637,0.0012802,0.0014137,0.0012111,0.0015074,0.0011158,0.0015564,0.0011973,0.00129,0.0011596,0.0013238,0.0014341,0.0016573,0.0013421,0.0013338,0.0014408,0.0015144,0.0013658,0.0010077,0.0015911,0.0012423,0.0013408,0.0013094,0.0014573,0.0013363,0.0015237,0.0013964,0.0012209,0.0013267,0.0016087,0.0014226,0.0015071,0.0013687,0.0014243,0.0014273,0.0014044,0.0017093,0.0016702,0.0015041,0.0015769,0.0013372,0.0015193,0.0012846,0.0015468,0.0014691,0.0015749,0.00139,0.0015309,0.0014063,0.0013641,0.0015017,0.0013798,0.0013486,0.0013927,0.0014025,0.0015944,0.0015845,0.0014714,0.0016129,0.0015416,0.0013062,0.0013981,0.0011539,0.0015599,0.0014212,0.0014776,0.0013323,0.0014718,0.001547,0.001466,0.0014345,0.0012811,0.001179,0.0012998,0.0017462,0.001313,0.0013314,0.0015725,0.001531,0.0018115,0.0014771,0.0015554,0.0014806,0.0016954,0.0015203,0.0013882,0.0013542,0.0013728,0.0013635,0.0015232,0.0016877,0.0012803,0.001559,0.0014912,0.0015928,0.0016139,0.0013447,0.0013167,0.0016939,0.0015451,0.0014052,0.0014354,0.0013596,0.0017388,0.001264,0.00085402,0.0017247,0.0015994,0.00159,0.0015571,0.001286,0.0013483,0.0013492,0.0017285,0.0014862,0.001607,0.0013603,0.0015065,0.0013496,0.0013584,0.0015949,0.0014334,0.0016488,0.0016105,0.0014277,0.0015336,0.0015704,0.0012461,0.0014482,0.0016839,0.0013645,0.0011378,0.001609,0.0015763,0.0016101,0.0010644,0.0017062,0.0012966,0.0013835,0.0012329,0.0012308,0.0014194,0.0014095,0.0012528,0.0015539,0.0014173,0.0013631,0.0014392,0.0012151,0.0014964,0.0014086,0.0014731,0.0014052,0.0014629,0.001402,0.0013435,0.0015329,0.0013151,0.0015191,0.0016654,0.0014645,0.0015257,0.0015053,0.0015805,0.0013872,0.0013975,0.0014761,0.0015144,0.001466,0.0014592,0.001555,0.0016932,0.0015533,0.0014553,0.0014274,0.0014413,0.0014188,0.0014049,0.0014647,0.0014295,0.0014983,0.0013666,0.001735,0.0014209,0.0014271,0.0014902,0.0014088,0.001385,0.0013571,0.0012871,0.0013567,0.0016339,0.0013586,0.0013514,0.0015333,0.0013511,0.0014829,0.0014458,0.0013815,0.0013982,0.00142,0.001545,0.0012586,0.0015397,0.0012838,0.0014136,0.001432,0.0013507,0.0012358,0.0013467,0.0015093,0.0011923,0.0014984,0.0012668,0.0012525,0.0014173,0.0011758,0.0013749,0.0013868,0.0012219,0.0013594,0.0013907,0.001116,0.0013248,0.0013433,0.0013784,0.0012163,0.0014589,0.0012604,0.0013449,0.001225,0.00095744,0.0013438,0.0013863,0.0011393,0.0011286,0.0011183,0.0014654,0.0013853,0.0013535,0.00099152,0.00089587,0.0010051,0.0010168,0.0014102,0.0012802,0.00099869,0.0012069,0.0010057,0.0010096,0.00086648,0.00087122,0.0011263,0.0011682,0.001302,0.0012187,1074300.0,1105700.0,792270.0,4276700.0,2284500.0,1150800.0,5856800.0,1513400.0,1879800.0,3242500.0,2966100.0,734830.0,5652900.0,1298400.0,4052200.0,2459600.0,5070500.0,4091400.0,1340500.0,3371900.0,2502600.0,3347400.0,11704000.0,958350.0,6311800.0,749460.0,9101500.0,1591900.0,1841400.0,815570.0,3232100.0,1680500.0,5814300.0,23940000.0,2520900.0,2724900.0,4347000.0,1235900.0,1513400.0,1646200.0,2062700.0,1057700.0,2058300.0,1019200.0,7475600.0,2433400.0,1825600.0,1494000.0,2274900.0,15971000.0,952090.0,7278300.0,3995200.0,706940.0,3910700.0,1079100.0,2657700.0,17679000.0,32102000.0,2373200.0,1720700.0,1532600.0,2840700.0,1036400.0,1926200.0,3409900.0,803840.0,2871900.0,1940600.0,3915400.0,2755300.0,1446400.0,1119200.0,15048000.0,5077600.0,1340600.0,3613400.0,1673300.0,965090.0,2573300.0,3702600.0,1313000.0,893150.0,2116300.0,873820.0,1861100.0,2850800.0,4950200.0,4191200.0,2338500.0,5694300.0,1300700.0,9352900.0,4677300.0,1017700.0,1694700.0,903640.0,1769700.0,3509900.0,9918500.0,1730700.0,16523000.0,1417300.0,9919600.0,1633600.0,3256300.0,1272900.0,1628100.0,12535000.0,5115100.0,2157200.0,3869300.0,2389200.0,1225800.0,656170.0,3373000.0,11659000.0,2413800.0,1291100.0,778800.0,1922000.0,735100.0,1193700.0,2218700.0,8786700.0,4156700.0,2627900.0,3087700.0,2361300.0,1498700.0,773560.0,10411000.0,2404500.0,3548600.0,2073400.0,1371700.0,1031900.0,2014200.0,1052000.0,2853800.0,3921600.0,1159600.0,1477000.0,2103000.0,1521000.0,2210500.0,2422200.0,877170.0,6912100.0,1513500.0,9390500.0,6180200.0,809830.0,10291000.0,814480.0,1274500.0,19279000.0,683650.0,12167000.0,721740.0,5575100.0,3693400.0,3817200.0,2647300.0,5252900.0,4116200.0,4227600.0,964530.0,4135000.0,1638700.0,6369200.0,1506700.0,7610900.0,1080700.0,744550.0,4005200.0,2996600.0,1988300.0,8411500.0,2288700.0,948280.0,1205600.0,3671000.0,3568300.0,1940100.0,1475700.0,747540.0,6807100.0,5275200.0,2336700.0,637470.0,17726000.0,3323000.0,5257900.0,1142200.0,18258000.0,5431600.0,1100100.0,8580600.0,1353300.0,1434500.0,3992400.0,5297000.0,799330.0,1639500.0,973680.0,1778500.0,1568200.0,1456500.0,7851700.0,2342100.0,1425100.0,12280000.0,2793800.0,1238000.0,1263500.0,3260300.0,951930.0,4669600.0,1133200.0,1854600.0,8075300.0,4435100.0,696550.0,1421900.0,10018000.0,5258300.0,5069200.0,15394000.0,3001700.0,1931800.0,2342400.0,2994600.0,3189800.0,1882600.0,1749500.0,2275100.0,1499400.0,7215800.0,652060.0,3656200.0,8296200.0,8910100.0,1863600.0,5378600.0,4029700.0,5011000.0,864140.0,1139900.0,5361500.0,1551600.0,6587500.0,3485200.0,7122400.0,1970700.0,1638700.0,1591200.0,1087700.0,1106100.0,2208100.0,945990.0,5091800.0,3371700.0,4404800.0,3356800.0,2894200.0,2745600.0,15584000.0,14989000.0,6042000.0,4601000.0,2807600.0,6148400.0,3762100.0,1781300.0,2740300.0,1353800.0,4824200.0,3044800.0,1.5276,1.845,4.1708,2.229,2.4692,3.6654,1.2773,2.2294,4.223,1.2233,1.9894,4.2281,2.4915,2.6639,4.3087,0.82554,2.0622,4.217,1.5725,2.4998,3.8894,3.0372,2.8428,5.8431,1.2199,2.0054,4.2231,1.7378,1.7193,4.248,1.2774,2.2393,4.2379,0.81841,2.0539,4.2123,2.9121,2.8402,4.5679,5.6723,2.7709,1.4431,1.235,2.8395,3.6183,0.92186,2.1517,3.0153,2.5106,2.0805,4.474,1.4687,1.6814,3.9009,0.66598,2.6009,3.8795,1.9692,1.7869,3.489,1.1185,2.4262,3.1218,0.31113,2.2878,3.5485,1.8051,1.6588,3.3916,2.0939,2.7816,4.3539,1.8247,1.6575,3.3824,1.5278,1.6635,3.9292,0.37235,2.1512,3.1788,2.0443,2.3826,4.4249,1.4756,1.6803,3.22,0.8557,1.9013,2.7667,3.0906,2.8417,5.8882,1.9741,1.7763,3.484,0.95876,2.716,2.8902,1.7747,2.5891,4.0019,0.6646,1.8845,2.7751,1.0884,2.4354,3.0853,1.9119,1.9225,4.494,1.736,1.6753,3.8929,0.53796,2.1927,3.7805,1.2398,2.469,3.8051,0.99971,2.0891,3.2492,2.5523,2.3109,4.3093,2.0465,2.1751,4.6938,1.499,1.6701,3.9167,1.8909,1.9428,4.4899,1.4739,2.1797,3.2615,0.83364,2.137,3.1444,2.4371,2.3998,4.3394,1.9618,2.5763,4.8755,1.9366,2.6036,4.8611,2.5506,2.3099,4.2995,1.2817,2.5009,3.9295,1.7335,2.2623,4.3247,2.2621,3.0367,4.1698,0.54988,2.4471,2.5225,1.4939,2.0417,4.6004,2.0203,3.0509,3.9346,0.33162,2.3804,3.4075,1.6807,1.6258,4.0826,0.74854,2.0887,3.079,2.2482,2.2836,4.6695,0.61121,2.5402,3.0425,0.94822,2.1401,3.2476,0.088785,2.8951,1.8756,2.001,2.0593,4.5923,2.5404,2.3311,4.2727,2.5324,2.3199,5.1748,2.0783,2.7719,4.3223,1.1096,1.8522,3.9709,4.6014,2.9484,0.55456,0.85762,2.1529,3.0328,1.3766,2.1032,4.2686,1.1084,2.1341,3.5126,2.2129,2.7228,4.4774,1.6671,1.595,4.1514,1.155,2.5439,3.0706,0.75128,2.4391,3.7568,2.1158,1.8912,3.7115,1.5418,2.4725,3.4749,1.5682,2.5694,3.5881,1.5834,1.6647,4.2704,2.0511,2.7638,4.5481,2.1051,2.7612,4.6145,3.332,2.8037,6.0879,1.7042,1.6138,4.1771,1.7643,1.9795,3.4246,2.2568,2.9566,5.0956,1.1684,2.5519,3.0753,2.6497,2.4314,4.9936,0.98339,2.6287,4.1033,1.553,2.4613,3.496,1.1093,1.8679,4.0954,1.6902,1.6214,4.0809,1.7537,1.9593,3.4279,6.2441,2.9281,3.0371,2.9023,2.2718,4.5953,1.3772,1.9572,4.2555,1.219,2.6446,3.3383,1.4577,2.4515,3.3657,1.7769,1.9585,3.6975,1.9599,2.3882,4.0059,1.1011,2.3114,3.2053,2.5014,2.0089,5.194,1.1656,2.6744,3.3039,1.4483,2.4718,3.3551,0.1737,2.9904,3.2112,0.68115,1.8244,2.8687,1.6883,2.0214,4.4635,1.489,1.8594,4.1502,5.4409,2.8884,1.7741,0.82688,2.1556,2.8368,0.92954,2.6414,4.0761,2.2559,2.5312,3.6503,2.6471,2.3792,4.9506,2.8842,2.655,4.5391,2.0715,2.4616,4.5282,2.3334,2.1301,4.188,0.75629,2.0501,3.3448,0.42737,2.4456,2.9643,0.5649,2.1612,3.7995,2.4395,2.4921,4.4859,0.7961,2.4177,2.9242,1.2749,1.5749,4.3189,1.6785,1.9934,3.4617,0.13631,2.6761,2.0983,3.3618,2.9494,0.11672,0.82624,2.3836,2.9415,1.653,1.6476,4.1009,1.5346,1.8306,3.1993,0.76878,2.4216,2.8676,2.1856,2.3382,4.9524,1.1758,2.5557,3.1145,1.1212,2.0827,3.5389,0.49796,2.0022,3.2679,1.7104,1.9798,3.4406,2.4684,2.0895,4.1374,2.1344,2.1456,4.972,1.3211,1.7422,3.8137,0.72552,1.9848,2.7637,2.1276,2.1528,4.9897,2.2732,2.2158,4.4925,1.5474,2.3378,3.971,4.1945,2.9813,0.12618,1.9191,2.3972,4.0001,0.77893,1.9746,4.1205,1.1945,2.6047,4.2322,3.4841,2.8374,6.0964,1.6104,1.588,3.2701,0.26422,2.3316,3.4044,5.0682,2.9825,0.95882,0.50926,2.7966,3.2448,1.2274,2.5208,2.9987,2.1818,2.1413,4.9608,1.5239,2.0894,4.3724,1.5741,1.6247,3.3197,1.4554,2.9263,3.2983,0.56708,2.4099,2.7866,0.87905,2.4452,2.9932,0.22338,2.6304,3.34,1.6876,2.3156,4.1755,0.50653,2.4316,2.7416,1.0362,2.2259,3.6394,1.3486,1.7945,4.3026,0.28234,2.3199,3.4204,1.5821,1.6011,3.2786,0.57407,2.4051,2.7725,3.0037,2.8672,5.9654,1.9296,2.5801,4.018,2.0072,2.2031,4.597,2.4926,2.7365,5.2191,1.7969,1.9653,3.8703,1.3423,1.8099,3.7108,2.2154,2.1484,4.9879,1.4484,2.6263,3.9988,0.72974,3.0535,2.5195,4.5828,2.9582,0.32662,1.2561,2.7299,4.2835,1.8944,1.9532,3.8891,1.2237,2.6424,2.8404,0.30131,2.7914,2.9264,0.99599,2.8963,4.1664,0.53035,2.4998,2.5823,0.7364,1.9669,2.9346,0.53799,2.4349,3.4126,1.6412,2.1895,4.2704,1.2179,2.7361,4.3231,0.64228,1.9804,3.0745,2.0128,1.867,3.7836,1.2518,1.8543,3.664,2.4074,2.6873,4.9144,1.4219,1.5474,4.1873,1.3517,2.1447,3.195,0.66961,2.0,3.071,0.5895,2.3808,2.6118,1.7039,2.3194,4.1495,2.3701,2.6761,4.952,0.61766,1.9987,3.0553,1.607,1.7158,3.3191,0.70592,3.0155,2.5496,0.56148,2.5158,2.5917,3.0479,2.7452,5.9901,6.1696,2.8638,2.5374,4.4404,2.9604,0.15476,2.3697,2.3702,3.7546,1.1674,3.0763,4.0168,1.3534,2.3496,3.5203,0.51191,3.0924,3.3476,2.3742,2.2226,3.7896,1.2623,1.8499,3.6679,2.4194,2.3307,4.5825,2.5966,2.6513,4.0931,1.2673,2.6989,4.3377,1.8257,1.9585,3.8786,1.152,2.7827,3.6898,2.4086,2.4348,5.0332,1.5332,2.6314,3.3135,2.1755,2.214,4.0899,0.82605,1.9366,3.3793,2.3961,2.3899,3.7794,2.3555,2.3924,3.748,2.2174,1.9286,4.9535,2.6565,2.2907,4.8062,2.373,2.2379,3.8053,1.4034,1.5951,3.8628,2.4255,2.677,4.9682,1.8437,1.9553,3.8912,0.795,2.1367,4.0321,1.6055,1.8355,4.2875,2.3965,2.6665,4.9644,1.4567,2.3905,3.2598,5.9083,2.8654,2.1802,1.8628,1.7794,3.4991,1.9882,2.9964,4.2814,2.0429,1.961,4.7855,1.1232,2.5914,4.3047,1.9144,2.1481,4.8899,1.6326,1.7966,3.9564,1.6103,2.0086,3.3768,1.066,2.7577,3.6255,0.95979,2.8402,3.8197,1.4528,2.4376,3.8712,1.1458,2.7581,3.6733,1.813,1.787,4.0907,0.84094,2.4587,2.7855,1.8748,2.0895,4.3896,0.086768,2.7937,2.8913,1.0755,1.9542,4.2874,0.95995,2.3198,3.0337,1.6194,2.3995,4.579,0.9921,2.0864,2.8334,0.75941,2.0045,2.7209,1.6389,1.7924,3.9588,0.90726,2.454,2.8176,1.3628,1.5877,3.8383,2.7724,2.5964,4.6306,1.0722,2.1614,3.6335,1.1442,2.7785,3.6651,1.9844,1.9899,4.4747,1.0631,1.9618,4.254,1.8702,1.6478,3.444,1.6791,2.4854,3.9903,2.1662,2.5513,4.9098,2.1184,2.3715,3.67,1.2089,3.068,3.4461,1.4322,1.4542,4.2408,0.65245,2.992,3.6332,1.6325,1.7426,4.2362,0.76322,2.0003,2.7341,0.63605,2.2047,3.9818,2.6586,2.6007,4.5273,1.9999,2.1195,3.4428,1.3837,2.9114,3.5391,1.0839,2.2014,3.6307,2.5334,2.01,4.4704,1.4955,1.735,4.4215,1.6057,2.5903,3.5771,2.0642,2.2871,4.0676,2.7083,2.3496,4.9929,0.44465,2.5212,2.9458
0.055782,0.087961,0.0027784,214.22,221.1,202.89,0.0012355,0.0013732,0.0010086,204.97,212.94,211.55,203.22,195.58,197.51,226.33,212.94,232.73,204.96,234.67,250.46,201.08,203.06,204.22,223.41,209.85,213.52,183.8,189.02,265.49,207.28,182.24,222.56,186.38,234.51,215.79,258.65,153.46,233.02,199.87,207.88,167.27,234.44,236.32,280.11,226.96,190.98,232.75,275.49,251.93,164.53,257.16,178.32,227.71,209.77,245.41,236.38,268.47,235.42,236.27,206.37,262.17,262.01,251.54,209.88,243.86,216.89,199.21,289.84,247.04,245.49,258.12,171.76,217.07,192.99,228.62,207.67,258.59,221.2,214.7,205.24,228.68,236.1,196.19,187.12,230.9,219.98,251.17,239.49,221.67,236.71,240.41,207.76,247.56,141.21,253.0,204.15,227.3,206.69,236.06,261.89,219.06,212.9,194.91,166.42,214.19,285.12,197.54,204.12,262.11,251.84,296.4,244.72,233.84,245.06,303.98,243.61,197.26,233.1,194.83,186.62,232.64,257.17,150.21,246.02,233.52,266.73,260.07,215.0,179.91,237.26,269.35,198.91,224.74,216.9,280.72,176.24,200.41,275.93,249.05,241.63,240.21,207.28,204.78,261.53,248.83,244.31,259.95,193.03,252.96,201.91,250.23,272.38,208.23,259.89,309.22,220.44,234.84,253.92,198.92,215.96,253.17,212.45,144.56,248.21,270.7,255.33,171.76,294.78,203.95,219.6,175.11,156.28,203.73,235.06,178.64,255.17,216.56,199.22,226.69,217.7,229.14,185.23,242.04,223.28,205.13,207.06,208.65,271.25,205.07,246.42,300.2,224.85,241.69,214.51,277.67,222.17,212.07,252.61,284.54,220.23,240.19,243.97,216.95,258.12,226.27,234.94,207.64,226.38,207.34,236.67,224.65,232.61,226.36,231.4,225.91,205.12,251.75,249.37,219.53,200.01,186.92,224.92,269.3,191.51,202.25,276.01,210.58,223.56,233.87,218.8,227.69,250.8,253.85,186.8,245.65,194.81,240.86,209.43,241.18,180.17,242.47,242.96,169.67,254.45,212.88,161.52,234.87,182.19,213.48,232.52,179.57,218.86,231.66,194.42,224.34,228.04,220.82,184.72,233.29,204.42,213.15,212.3,165.93,258.09,253.4,203.9,169.07,201.92,263.17,222.94,226.6,215.76,146.93,160.56,200.79,237.02,215.71,212.94,214.6,205.38,188.3,168.93,184.35,227.35,215.93,233.82,219.84,0.00081698,0.0010447,0.00104,0.0010691,0.00097815,0.0010681,0.0011954,0.00093466,0.0011728,0.00096955,0.0012408,0.0013729,0.0010921,0.0010887,0.0010058,0.0013416,0.0011888,0.0011692,0.0011682,0.0011614,0.0015661,0.0013619,0.0011325,0.0014651,0.0012797,0.0014159,0.0012119,0.001509,0.001117,0.0015576,0.001197,0.0012893,0.0011585,0.0013242,0.0014354,0.0016585,0.0013437,0.0013352,0.0014432,0.0015165,0.0013661,0.0010067,0.0015924,0.0012431,0.001342,0.0013109,0.0014586,0.0013359,0.0015253,0.0013971,0.0012194,0.0013269,0.0016103,0.0014227,0.0015087,0.0013695,0.0014248,0.0014303,0.0014073,0.0017128,0.0016707,0.0015067,0.0015813,0.0013346,0.0015209,0.0012853,0.0015555,0.0014767,0.0015747,0.0013932,0.0015326,0.0014059,0.0013657,0.0015025,0.0013812,0.0013463,0.0013929,0.0014037,0.0015975,0.001587,0.0014759,0.0016142,0.00154,0.0013109,0.0013989,0.0011515,0.0015628,0.0014259,0.0014775,0.0013313,0.0014723,0.0015518,0.001475,0.0014443,0.0012823,0.0011792,0.0013023,0.0017564,0.0013196,0.001331,0.0015765,0.0015324,0.0018255,0.001486,0.0015642,0.0014562,0.0016988,0.0015303,0.0013955,0.0013591,0.0013685,0.0013613,0.0015314,0.0016872,0.0012865,0.0015557,0.0014975,0.0016027,0.0016209,0.0013421,0.0013215,0.0016903,0.0015539,0.0014145,0.0014459,0.0013384,0.0017545,0.0012677,0.00087063,0.0017431,0.0016059,0.0015963,0.0015553,0.0012883,0.0013537,0.0013255,0.001708,0.0014966,0.0016111,0.0013512,0.0015163,0.001354,0.0013602,0.001602,0.0014404,0.0016367,0.0016108,0.0014407,0.0015395,0.0015672,0.0012498,0.0014531,0.0016884,0.0013687,0.0011415,0.0016049,0.0015885,0.0016159,0.0010261,0.0017193,0.0012982,0.0013886,0.001236,0.0012275,0.0014267,0.0014178,0.0012579,0.0015611,0.001409,0.0013685,0.0014466,0.0012098,0.0014933,0.0014102,0.0014814,0.0014116,0.0014694,0.0014071,0.001348,0.0015329,0.0013147,0.0015214,0.0016791,0.0014712,0.0015243,0.001511,0.0015833,0.0013911,0.0014018,0.0014746,0.0015151,0.0014688,0.001458,0.0015652,0.0016997,0.0015604,0.001455,0.0014287,0.0014428,0.0014159,0.0014087,0.0014699,0.0014352,0.001504,0.0013678,0.0017421,0.0014219,0.0014266,0.0014935,0.0014074,0.0013856,0.0013589,0.0012913,0.0013552,0.0016369,0.0013594,0.0013524,0.001535,0.0013547,0.0014857,0.0014462,0.0013815,0.0013979,0.0014206,0.0015459,0.0012601,0.0015471,0.0012868,0.0014146,0.0014319,0.0013511,0.0012367,0.0013469,0.0015105,0.0011919,0.0014984,0.0012665,0.0012535,0.0014176,0.0011759,0.0013771,0.0013878,0.0012225,0.0013596,0.0013908,0.0011148,0.0013263,0.0013435,0.0013794,0.0012159,0.0014587,0.0012599,0.0013456,0.0012255,0.00095647,0.0013442,0.0013877,0.0011388,0.0011282,0.0011173,0.0014641,0.0013861,0.0013535,0.00099047,0.00089507,0.0010035,0.0010151,0.0014095,0.0012819,0.00099751,0.0012066,0.0010048,0.001009,0.000866,0.00086988,0.0011248,0.0011658,0.0013013,0.0012173,1074300.0,1105700.0,792270.0,4276700.0,2284500.0,1150800.0,5856800.0,1513400.0,1879800.0,3242500.0,2966100.0,734830.0,5652900.0,1298400.0,4052200.0,2459600.0,5070500.0,4091400.0,1340500.0,3371900.0,2502600.0,3347400.0,11704000.0,958350.0,6311800.0,749460.0,9101500.0,1591900.0,1841400.0,815570.0,3232100.0,1680500.0,5814300.0,23940000.0,2520900.0,2724900.0,4347000.0,1235900.0,1513400.0,1646200.0,2062700.0,1057700.0,2058300.0,1019200.0,7475600.0,2433400.0,1825600.0,1494000.0,2274900.0,15971000.0,952090.0,7278300.0,3995200.0,706940.0,3910700.0,1079100.0,2657700.0,17679000.0,32102000.0,2373200.0,1720700.0,1532600.0,2840700.0,1036400.0,1926200.0,3409900.0,803840.0,2871900.0,1940600.0,3915400.0,2755300.0,1446400.0,1119200.0,15048000.0,5077600.0,1340600.0,3613400.0,1673300.0,965090.0,2573300.0,3702600.0,1313000.0,893150.0,2116300.0,873820.0,1861100.0,2850800.0,4950200.0,4191200.0,2338500.0,5694300.0,1300700.0,9352900.0,4677300.0,1017700.0,1694700.0,903640.0,1769700.0,3509900.0,9918500.0,1730700.0,16523000.0,1417300.0,9919600.0,1633600.0,3256300.0,1272900.0,1628100.0,12535000.0,5115100.0,2157200.0,3869300.0,2389200.0,1225800.0,656170.0,3373000.0,11659000.0,2413800.0,1291100.0,778800.0,1922000.0,735100.0,1193700.0,2218700.0,8786700.0,4156700.0,2627900.0,3087700.0,2361300.0,1498700.0,773560.0,10411000.0,2404500.0,3548600.0,2073400.0,1371700.0,1031900.0,2014200.0,1052000.0,2853800.0,3921600.0,1159600.0,1477000.0,2103000.0,1521000.0,2210500.0,2422200.0,877170.0,6912100.0,1513500.0,9390500.0,6180200.0,809830.0,10291000.0,814480.0,1274500.0,19279000.0,683650.0,12167000.0,721740.0,5575100.0,3693400.0,3817200.0,2647300.0,5252900.0,4116200.0,4227600.0,964530.0,4135000.0,1638700.0,6369200.0,1506700.0,7610900.0,1080700.0,744550.0,4005200.0,2996600.0,1988300.0,8411500.0,2288700.0,948280.0,1205600.0,3671000.0,3568300.0,1940100.0,1475700.0,747540.0,6807100.0,5275200.0,2336700.0,637470.0,17726000.0,3323000.0,5257900.0,1142200.0,18258000.0,5431600.0,1100100.0,8580600.0,1353300.0,1434500.0,3992400.0,5297000.0,799330.0,1639500.0,973680.0,1778500.0,1568200.0,1456500.0,7851700.0,2342100.0,1425100.0,12280000.0,2793800.0,1238000.0,1263500.0,3260300.0,951930.0,4669600.0,1133200.0,1854600.0,8075300.0,4435100.0,696550.0,1421900.0,10018000.0,5258300.0,5069200.0,15394000.0,3001700.0,1931800.0,2342400.0,2994600.0,3189800.0,1882600.0,1749500.0,2275100.0,1499400.0,7215800.0,652060.0,3656200.0,8296200.0,8910100.0,1863600.0,5378600.0,4029700.0,5011000.0,864140.0,1139900.0,5361500.0,1551600.0,6587500.0,3485200.0,7122400.0,1970700.0,1638700.0,1591200.0,1087700.0,1106100.0,2208100.0,945990.0,5091800.0,3371700.0,4404800.0,3356800.0,2894200.0,2745600.0,15584000.0,14989000.0,6042000.0,4601000.0,2807600.0,6148400.0,3762100.0,1781300.0,2740300.0,1353800.0,4824200.0,3044800.0,1.5277,1.8452,4.1707,2.2291,2.4693,3.6654,1.2773,2.2295,4.2231,1.223,1.9894,4.228,2.4912,2.6639,4.3088,0.82473,2.0622,4.2171,1.5737,2.5001,3.8893,3.0379,2.8429,5.8437,1.2196,2.0058,4.2228,1.7375,1.7193,4.248,1.2774,2.2396,4.2383,0.8173,2.0537,4.2122,2.9125,2.8403,4.5693,5.6711,2.7707,1.4423,1.2351,2.8393,3.6183,0.9209,2.1519,3.0151,2.5113,2.0813,4.4749,1.4686,1.6814,3.9008,0.6663,2.6018,3.8793,1.9683,1.7875,3.4895,1.1196,2.4256,3.1235,0.31188,2.2879,3.548,1.8056,1.6585,3.3918,2.0925,2.7803,4.3513,1.8256,1.6572,3.3822,1.529,1.6632,3.9298,0.37177,2.1517,3.1781,2.0447,2.3833,4.426,1.4756,1.6806,3.2206,0.85619,1.902,2.7665,3.0927,2.8416,5.8901,1.9734,1.7767,3.4842,0.95769,2.716,2.8905,1.7736,2.5891,4.002,0.66537,1.885,2.7745,1.0886,2.4351,3.0861,1.9122,1.9228,4.494,1.7373,1.6747,3.8928,0.53875,2.1924,3.7816,1.2411,2.4702,3.8058,0.99949,2.0899,3.2485,2.5526,2.3113,4.3099,2.0462,2.1757,4.6943,1.4995,1.6699,3.9169,1.8907,1.9435,4.4898,1.4737,2.18,3.2614,0.83365,2.1385,3.143,2.4376,2.4006,4.3401,1.9622,2.5756,4.875,1.9365,2.6038,4.8605,2.5508,2.3103,4.3,1.2816,2.5013,3.929,1.7347,2.2631,4.3255,2.266,3.036,4.1729,0.5511,2.4465,2.5238,1.4927,2.0413,4.6003,2.0189,3.0505,3.9323,0.3301,2.3805,3.4066,1.6812,1.6256,4.0825,0.74958,2.0903,3.0785,2.2485,2.2843,4.6701,0.61089,2.5384,3.0437,0.94661,2.1419,3.2467,0.087654,2.8951,1.873,2.0012,2.0613,4.5925,2.5403,2.332,4.2723,2.5278,2.3192,5.1735,2.0763,2.7702,4.3182,1.1103,1.8521,3.9716,4.6008,2.9467,0.55591,0.85695,2.1536,3.0322,1.3788,2.1034,4.2687,1.1097,2.1353,3.5131,2.2105,2.7219,4.4748,1.6664,1.5948,4.1513,1.1553,2.5437,3.0708,0.75143,2.4396,3.7564,2.1173,1.8902,3.711,1.5401,2.4734,3.4751,1.5653,2.5703,3.5874,1.5811,1.6641,4.2709,2.05,2.7625,4.5474,2.1047,2.7599,4.615,3.332,2.8044,6.0876,1.7041,1.6141,4.1776,1.7663,1.979,3.4239,2.2614,2.957,5.1018,1.1692,2.5519,3.0752,2.6506,2.431,4.9939,0.98282,2.6292,4.1046,1.5517,2.4619,3.4968,1.1061,1.8701,4.0954,1.6915,1.6212,4.0807,1.7559,1.9578,3.4271,6.2354,2.9273,3.029,2.9026,2.271,4.5967,1.3789,1.9573,4.2569,1.2177,2.6433,3.339,1.4578,2.4514,3.3664,1.7752,1.9578,3.697,1.9607,2.3899,4.0063,1.1012,2.3122,3.2058,2.4998,2.0073,5.1957,1.1631,2.6736,3.3038,1.4479,2.4724,3.3554,0.17208,2.9918,3.2084,0.68121,1.825,2.8678,1.6875,2.0212,4.4653,1.4889,1.8591,4.1513,5.4378,2.8878,1.7715,0.82782,2.1567,2.8385,0.92791,2.6423,4.077,2.2587,2.5309,3.6514,2.6488,2.3767,4.9492,2.8872,2.6535,4.54,2.0704,2.4603,4.529,2.3322,2.1312,4.1882,0.75579,2.0526,3.3446,0.43021,2.4447,2.9668,0.56435,2.162,3.8015,2.4411,2.4913,4.4878,0.79658,2.417,2.9263,1.2755,1.5748,4.32,1.6779,1.993,3.4621,0.1401,2.6757,2.0993,3.3656,2.9492,0.12293,0.82809,2.3815,2.9446,1.6529,1.6481,4.1015,1.5371,1.8311,3.1997,0.76899,2.4207,2.8682,2.1861,2.3378,4.9523,1.1776,2.5555,3.1159,1.1235,2.0862,3.5396,0.49664,2.0033,3.2683,1.7105,1.9789,3.4404,2.4718,2.0891,4.1336,2.1324,2.1452,4.9722,1.3219,1.7417,3.8144,0.72656,1.9852,2.764,2.1263,2.1526,4.9906,2.2718,2.2169,4.4943,1.5468,2.3392,3.9713,4.194,2.9804,0.12569,1.9178,2.3991,4.0005,0.77705,1.9748,4.1207,1.1963,2.6056,4.2338,3.4831,2.8369,6.0973,1.6142,1.5867,3.27,0.26217,2.3325,3.4037,5.0669,2.9823,0.95777,0.50792,2.797,3.245,1.2265,2.5212,2.9996,2.1823,2.1411,4.9605,1.5256,2.0893,4.3733,1.5758,1.6249,3.3209,1.4627,2.9268,3.2986,0.57121,2.4087,2.7892,0.87768,2.4446,2.9932,0.22433,2.6306,3.3405,1.6914,2.3178,4.1775,0.50869,2.4314,2.7425,1.0356,2.2277,3.6387,1.3471,1.794,4.3028,0.2812,2.3201,3.4209,1.5843,1.6005,3.2785,0.57858,2.4036,2.7743,3.0038,2.8671,5.9671,1.9267,2.5793,4.0173,2.008,2.2033,4.5972,2.4877,2.7352,5.2171,1.7934,1.9652,3.8692,1.3435,1.8096,3.7113,2.2169,2.1483,4.9882,1.4493,2.6254,3.9981,0.72157,3.0526,2.5093,4.5802,2.9574,0.32485,1.257,2.7316,4.2821,1.8943,1.9532,3.8892,1.2233,2.6427,2.8396,0.29883,2.7916,2.9251,0.99721,2.8967,4.167,0.52928,2.4991,2.5824,0.73813,1.9682,2.9328,0.53755,2.436,3.4121,1.6432,2.1899,4.2714,1.2163,2.7377,4.3223,0.64268,1.9814,3.073,2.0141,1.8664,3.7826,1.2539,1.8547,3.6646,2.4059,2.6864,4.9125,1.4232,1.548,4.1876,1.3503,2.1446,3.1956,0.67048,2.0014,3.0698,0.59312,2.3787,2.6128,1.7058,2.3209,4.1501,2.3675,2.6746,4.9512,0.61726,2.0,3.0536,1.6084,1.7161,3.3188,0.70881,3.015,2.5508,0.56115,2.5158,2.5918,3.0517,2.7451,5.9931,6.1692,2.8638,2.5372,4.4345,2.9595,0.14881,2.3701,2.369,3.7544,1.1746,3.0761,4.0259,1.351,2.3519,3.5192,0.50186,3.0926,3.3391,2.3743,2.2222,3.7891,1.2638,1.8498,3.6685,2.4192,2.3306,4.5831,2.597,2.652,4.095,1.2675,2.6992,4.3378,1.8236,1.9583,3.8777,1.1526,2.7823,3.6907,2.4074,2.4335,5.0316,1.5314,2.6314,3.3141,2.1757,2.2149,4.0897,0.82672,1.9374,3.3795,2.3971,2.3892,3.78,2.3556,2.3919,3.7478,2.2183,1.9297,4.955,2.6566,2.2907,4.8065,2.3732,2.2379,3.8051,1.4039,1.5953,3.8635,2.4245,2.6758,4.9676,1.8424,1.9551,3.8909,0.79548,2.1365,4.0341,1.6054,1.8355,4.2883,2.3951,2.6651,4.964,1.4569,2.3905,3.2598,5.9077,2.865,2.1795,1.8628,1.7788,3.4997,1.988,2.9955,4.2804,2.0438,1.9613,4.7864,1.1239,2.5917,4.3056,1.9154,2.1481,4.8907,1.6329,1.7964,3.9562,1.6105,2.0086,3.3763,1.0674,2.7571,3.627,0.9611,2.8403,3.8201,1.4546,2.4388,3.8719,1.1462,2.757,3.6737,1.8123,1.7865,4.0906,0.83935,2.4586,2.7859,1.8741,2.09,4.3898,0.087164,2.7936,2.8927,1.0751,1.954,4.2881,0.96032,2.3193,3.0344,1.619,2.3996,4.5788,0.99234,2.0863,2.8334,0.7598,2.0046,2.7204,1.6395,1.7921,3.9585,0.90701,2.4538,2.8188,1.3623,1.5877,3.8383,2.7724,2.5966,4.6304,1.0719,2.1622,3.6336,1.1448,2.7779,3.6654,1.9847,1.99,4.4747,1.0625,1.9617,4.2539,1.8706,1.6478,3.4439,1.6796,2.4855,3.99,2.1675,2.5511,4.9094,2.1175,2.3713,3.669,1.2092,3.0678,3.4465,1.4319,1.454,4.241,0.6533,2.9918,3.6337,1.6327,1.7423,4.2363,0.76366,2.0003,2.7339,0.63478,2.2049,3.9827,2.6578,2.6007,4.5271,2.0001,2.1193,3.4429,1.3837,2.9111,3.5391,1.0839,2.2017,3.6305,2.5335,2.0103,4.4705,1.4956,1.735,4.4215,1.6056,2.5902,3.577,2.0643,2.2871,4.0675,2.7082,2.3489,4.9924,0.44465,2.5209,2.9456
0.056354,0.088869,0.0027977,214.5,221.45,203.03,0.001237,0.0013753,0.0010093,205.12,213.14,211.79,203.51,195.81,197.68,226.47,213.11,233.05,205.22,234.94,250.74,201.2,203.31,204.51,223.89,210.03,213.88,184.06,189.1,266.02,207.5,182.44,222.81,186.54,234.93,216.1,259.04,153.67,233.24,200.08,207.96,167.33,234.7,236.63,280.57,227.39,191.12,233.29,276.06,252.31,164.73,257.38,178.56,228.15,210.07,245.81,236.74,269.01,235.79,236.57,206.65,262.77,262.45,252.19,210.28,244.28,217.15,199.47,290.5,247.71,245.98,258.73,171.73,217.49,193.26,228.91,207.9,258.69,221.4,215.0,205.27,229.26,236.61,196.55,187.44,231.08,220.59,251.84,239.91,221.74,237.13,240.32,208.02,247.97,141.51,253.23,204.18,227.47,207.37,236.67,262.31,219.35,213.11,195.18,167.12,214.75,285.73,197.94,204.43,262.34,252.56,297.21,245.2,234.28,245.08,305.04,244.1,197.55,233.32,196.06,187.33,233.18,256.81,151.37,247.17,233.8,267.26,260.17,216.86,180.38,237.11,269.69,199.5,225.07,216.93,281.76,176.57,202.77,276.72,249.61,241.58,241.53,207.58,204.85,263.85,247.76,244.77,260.07,194.39,253.12,202.38,250.24,272.72,208.61,259.28,308.87,220.96,235.2,254.14,199.03,216.19,254.93,212.75,144.73,246.9,271.39,255.69,173.59,295.55,204.14,219.84,175.13,156.67,203.99,235.53,178.86,255.48,216.91,199.22,226.98,217.93,229.73,185.51,242.34,223.53,205.46,207.22,208.87,271.65,205.39,246.91,300.95,225.05,242.26,214.88,278.26,222.77,212.2,253.06,285.09,220.84,240.72,244.46,217.7,258.54,226.78,235.5,207.8,226.64,207.67,236.85,224.86,232.9,226.85,232.59,226.28,205.55,251.88,249.87,220.02,200.11,187.15,225.25,269.93,191.95,202.46,276.15,210.83,223.94,234.33,219.09,228.08,251.21,254.07,187.11,246.18,195.05,241.23,209.58,241.24,180.31,242.78,243.39,169.81,254.72,213.03,161.87,235.23,182.41,213.74,232.96,179.82,219.24,231.88,194.54,224.74,228.43,221.16,184.91,233.48,204.51,213.47,212.65,166.07,258.35,253.84,204.07,169.31,202.05,263.32,223.24,226.85,215.96,147.09,160.64,200.89,237.17,216.09,213.16,214.89,205.65,188.55,169.16,184.5,227.49,215.97,234.04,219.95,0.00081752,0.0010456,0.001041,0.0010707,0.00097935,0.0010686,0.0011961,0.00093551,0.0011749,0.00097096,0.0012424,0.0013744,0.0010925,0.0010903,0.0010071,0.0013443,0.0011899,0.0011716,0.0011698,0.001162,0.0015693,0.0013633,0.0011338,0.001467,0.0012808,0.0014187,0.0012139,0.0015114,0.0011186,0.001559,0.0011985,0.00129,0.0011588,0.0013257,0.0014376,0.0016614,0.0013464,0.001336,0.0014467,0.0015201,0.0013687,0.0010077,0.0015939,0.0012449,0.001345,0.0013128,0.0014616,0.0013377,0.0015289,0.0013994,0.0012208,0.0013286,0.0016137,0.0014252,0.0015125,0.0013718,0.0014272,0.0014319,0.001409,0.0017173,0.0016743,0.0015093,0.0015846,0.0013347,0.0015238,0.0012868,0.0015584,0.0014785,0.0015759,0.0013945,0.0015343,0.0014067,0.0013689,0.0015056,0.0013836,0.0013481,0.0013942,0.0014077,0.0016011,0.0015894,0.0014776,0.0016169,0.001541,0.0013123,0.0014018,0.0011537,0.0015636,0.0014264,0.0014784,0.0013348,0.0014762,0.0015551,0.0014769,0.0014459,0.0012841,0.0011834,0.0013067,0.0017602,0.0013218,0.001333,0.0015777,0.0015366,0.00183,0.0014887,0.0015662,0.0014532,0.0017048,0.0015329,0.0013973,0.0013608,0.0013743,0.0013649,0.0015347,0.0016858,0.001292,0.0015626,0.0014993,0.0016058,0.001622,0.0013498,0.0013237,0.0016903,0.0015564,0.0014173,0.0014476,0.0013349,0.0017606,0.0012698,0.00088131,0.0017473,0.001609,0.0015967,0.0015678,0.0012905,0.0013549,0.0013291,0.0017024,0.001499,0.0016124,0.0013596,0.0015186,0.0013567,0.0013608,0.001604,0.0014436,0.0016309,0.0016094,0.0014424,0.0015405,0.001569,0.0012509,0.0014542,0.001697,0.0013707,0.0011424,0.0016001,0.0015925,0.0016175,0.0010297,0.0017229,0.0012997,0.0013897,0.001236,0.0012321,0.0014277,0.0014205,0.0012596,0.001563,0.0014131,0.001369,0.001448,0.0012122,0.0014972,0.0014126,0.0014837,0.0014127,0.001471,0.0014082,0.0013489,0.0015352,0.0013173,0.0015247,0.0016839,0.0014724,0.0015278,0.0015129,0.0015874,0.0013946,0.0014029,0.0014773,0.0015179,0.0014723,0.0014616,0.0015687,0.0017035,0.0015631,0.0014583,0.0014296,0.0014447,0.0014174,0.0014104,0.0014714,0.0014365,0.0015062,0.0013704,0.0017483,0.0014243,0.0014292,0.0014945,0.00141,0.0013882,0.0013596,0.0012925,0.0013571,0.0016411,0.0013619,0.0013536,0.0015359,0.0013561,0.001488,0.0014496,0.0013832,0.0014002,0.0014235,0.0015476,0.0012619,0.0015503,0.0012885,0.0014172,0.0014329,0.0013517,0.0012373,0.0013486,0.0015135,0.0011928,0.0015003,0.0012674,0.0012559,0.0014201,0.0011774,0.0013789,0.0013907,0.0012245,0.0013612,0.0013923,0.0011157,0.0013288,0.0013457,0.0013816,0.0012171,0.0014599,0.0012606,0.0013475,0.0012279,0.0009575,0.001346,0.0013906,0.00114,0.0011299,0.0011181,0.0014648,0.0013877,0.0013551,0.00099155,0.00089632,0.0010039,0.0010158,0.0014105,0.0012842,0.00099858,0.0012082,0.0010063,0.0010104,0.00086731,0.00087074,0.0011256,0.0011661,0.0013024,0.0012181,1074300.0,1105700.0,792270.0,4276700.0,2284500.0,1150800.0,5856800.0,1513400.0,1879800.0,3242500.0,2966100.0,734830.0,5652900.0,1298400.0,4052200.0,2459600.0,5070500.0,4091400.0,1340500.0,3371900.0,2502600.0,3347400.0,11704000.0,958350.0,6311800.0,749460.0,9101500.0,1591900.0,1841400.0,815570.0,3232100.0,1680500.0,5814300.0,23940000.0,2520900.0,2724900.0,4347000.0,1235900.0,1513400.0,1646200.0,2062700.0,1057700.0,2058300.0,1019200.0,7475600.0,2433400.0,1825600.0,1494000.0,2274900.0,15971000.0,952090.0,7278300.0,3995200.0,706940.0,3910700.0,1079100.0,2657700.0,17679000.0,32102000.0,2373200.0,1720700.0,1532600.0,2840700.0,1036400.0,1926200.0,3409900.0,803840.0,2871900.0,1940600.0,3915400.0,2755300.0,1446400.0,1119200.0,15048000.0,5077600.0,1340600.0,3613400.0,1673300.0,965090.0,2573300.0,3702600.0,1313000.0,893150.0,2116300.0,873820.0,1861100.0,2850800.0,4950200.0,4191200.0,2338500.0,5694300.0,1300700.0,9352900.0,4677300.0,1017700.0,1694700.0,903640.0,1769700.0,3509900.0,9918500.0,1730700.0,16523000.0,1417300.0,9919600.0,1633600.0,3256300.0,1272900.0,1628100.0,12535000.0,5115100.0,2157200.0,3869300.0,2389200.0,1225800.0,656170.0,3373000.0,11659000.0,2413800.0,1291100.0,778800.0,1922000.0,735100.0,1193700.0,2218700.0,8786700.0,4156700.0,2627900.0,3087700.0,2361300.0,1498700.0,773560.0,10411000.0,2404500.0,3548600.0,2073400.0,1371700.0,1031900.0,2014200.0,1052000.0,2853800.0,3921600.0,1159600.0,1477000.0,2103000.0,1521000.0,2210500.0,2422200.0,877170.0,6912100.0,1513500.0,9390500.0,6180200.0,809830.0,10291000.0,814480.0,1274500.0,19279000.0,683650.0,12167000.0,721740.0,5575100.0,3693400.0,3817200.0,2647300.0,5252900.0,4116200.0,4227600.0,964530.0,4135000.0,1638700.0,6369200.0,1506700.0,7610900.0,1080700.0,744550.0,4005200.0,2996600.0,1988300.0,8411500.0,2288700.0,948280.0,1205600.0,3671000.0,3568300.0,1940100.0,1475700.0,747540.0,6807100.0,5275200.0,2336700.0,637470.0,17726000.0,3323000.0,5257900.0,1142200.0,18258000.0,5431600.0,1100100.0,8580600.0,1353300.0,1434500.0,3992400.0,5297000.0,799330.0,1639500.0,973680.0,1778500.0,1568200.0,1456500.0,7851700.0,2342100.0,1425100.0,12280000.0,2793800.0,1238000.0,1263500.0,3260300.0,951930.0,4669600.0,1133200.0,1854600.0,8075300.0,4435100.0,696550.0,1421900.0,10018000.0,5258300.0,5069200.0,15394000.0,3001700.0,1931800.0,2342400.0,2994600.0,3189800.0,1882600.0,1749500.0,2275100.0,1499400.0,7215800.0,652060.0,3656200.0,8296200.0,8910100.0,1863600.0,5378600.0,4029700.0,5011000.0,864140.0,1139900.0,5361500.0,1551600.0,6587500.0,3485200.0,7122400.0,1970700.0,1638700.0,1591200.0,1087700.0,1106100.0,2208100.0,945990.0,5091800.0,3371700.0,4404800.0,3356800.0,2894200.0,2745600.0,15584000.0,14989000.0,6042000.0,4601000.0,2807600.0,6148400.0,3762100.0,1781300.0,2740300.0,1353800.0,4824200.0,3044800.0,1.5277,1.8453,4.1706,2.2291,2.4693,3.6654,1.2773,2.2295,4.2231,1.2229,1.9894,4.2279,2.4911,2.6639,4.3089,0.82442,2.0622,4.2171,1.5742,2.5003,3.8892,3.0382,2.8429,5.844,1.2194,2.0059,4.2227,1.7374,1.7193,4.248,1.2774,2.2398,4.2384,0.81687,2.0536,4.2122,2.9127,2.8403,4.5698,5.6707,2.7706,1.442,1.2351,2.8392,3.6183,0.92054,2.1519,3.015,2.5116,2.0817,4.4752,1.4685,1.6814,3.9007,0.66642,2.6022,3.8793,1.968,1.7878,3.4896,1.12,2.4254,3.1241,0.31216,2.2879,3.5478,1.8057,1.6583,3.3918,2.0919,2.7798,4.3504,1.8259,1.6571,3.3822,1.5295,1.6631,3.93,0.37156,2.1519,3.1778,2.0449,2.3836,4.4265,1.4757,1.6807,3.2208,0.85638,1.9022,2.7665,3.0935,2.8416,5.8908,1.9732,1.7768,3.4843,0.95728,2.716,2.8906,1.7732,2.589,4.002,0.66566,1.8851,2.7743,1.0887,2.435,3.0864,1.9123,1.9229,4.494,1.7378,1.6745,3.8928,0.53904,2.1923,3.782,1.2416,2.4707,3.806,0.99941,2.0902,3.2483,2.5527,2.3114,4.3101,2.046,2.176,4.6944,1.4996,1.6699,3.9169,1.8907,1.9437,4.4898,1.4736,2.1801,3.2613,0.83364,2.1391,3.1425,2.4378,2.4009,4.3403,1.9623,2.5753,4.8748,1.9364,2.6039,4.8602,2.5509,2.3104,4.3001,1.2816,2.5014,3.9289,1.7351,2.2634,4.3258,2.2673,3.0358,4.174,0.55157,2.4463,2.5244,1.4922,2.0412,4.6003,2.0184,3.0503,3.9315,0.32953,2.3806,3.4062,1.6814,1.6255,4.0825,0.74998,2.091,3.0783,2.2486,2.2846,4.6703,0.61077,2.5378,3.0442,0.94601,2.1426,3.2464,0.087259,2.8952,1.872,2.0013,2.0621,4.5926,2.5403,2.3323,4.2722,2.5261,2.3189,5.1731,2.0755,2.7696,4.3167,1.1106,1.8521,3.9719,4.6006,2.9461,0.55645,0.85671,2.1538,3.0319,1.3797,2.1035,4.2688,1.1102,2.1357,3.5133,2.2096,2.7215,4.4739,1.6661,1.5947,4.1512,1.1555,2.5436,3.0708,0.75149,2.4398,3.7563,2.1179,1.8898,3.7107,1.5395,2.4738,3.4752,1.5642,2.5707,3.5872,1.5802,1.6638,4.2711,2.0496,2.762,4.5471,2.1045,2.7595,4.6152,3.3319,2.8047,6.0874,1.7041,1.6142,4.1777,1.7671,1.9788,3.4236,2.2631,2.9572,5.104,1.1695,2.5519,3.0752,2.6509,2.4309,4.994,0.9826,2.6294,4.1051,1.5511,2.4621,3.4971,1.1049,1.8709,4.0953,1.692,1.6211,4.0806,1.7568,1.9573,3.4268,6.2322,2.927,3.0261,2.9027,2.2707,4.5972,1.3795,1.9573,4.2574,1.2173,2.6428,3.3392,1.4578,2.4513,3.3667,1.7746,1.9575,3.6968,1.961,2.3905,4.0065,1.1012,2.3125,3.206,2.4992,2.0067,5.1964,1.1621,2.6732,3.3037,1.4478,2.4726,3.3556,0.17152,2.9922,3.2073,0.68123,1.8252,2.8674,1.6872,2.0211,4.4659,1.4889,1.859,4.1517,5.4367,2.8875,1.7705,0.82817,2.157,2.8391,0.92731,2.6426,4.0774,2.2597,2.5308,3.6518,2.6495,2.3758,4.9487,2.8883,2.653,4.5403,2.0699,2.4598,4.5293,2.3317,2.1316,4.1882,0.75561,2.0535,3.3445,0.43126,2.4444,2.9678,0.56414,2.1623,3.8022,2.4416,2.4911,4.4886,0.79675,2.4168,2.927,1.2757,1.5747,4.3203,1.6777,1.9928,3.4623,0.1415,2.6755,2.0997,3.367,2.9492,0.12522,0.82877,2.3807,2.9458,1.6528,1.6482,4.1016,1.5379,1.8312,3.1999,0.76906,2.4204,2.8684,2.1862,2.3377,4.9523,1.1782,2.5554,3.1165,1.1244,2.0874,3.5399,0.49614,2.0036,3.2685,1.7106,1.9786,3.4403,2.473,2.089,4.1322,2.1317,2.1451,4.9722,1.3222,1.7416,3.8146,0.72695,1.9853,2.764,2.1258,2.1525,4.9909,2.2713,2.2174,4.495,1.5465,2.3398,3.9715,4.1939,2.98,0.12555,1.9174,2.3998,4.0007,0.77634,1.9749,4.1208,1.197,2.606,4.2343,3.4828,2.8367,6.0977,1.6156,1.5862,3.2699,0.26144,2.3328,3.4034,5.0664,2.9822,0.95734,0.50739,2.7971,3.245,1.2261,2.5213,2.9999,2.1824,2.1411,4.9604,1.5262,2.0892,4.3737,1.5764,1.625,3.3213,1.4653,2.927,3.2987,0.57271,2.4083,2.7901,0.87717,2.4444,2.9932,0.22468,2.6307,3.3406,1.6928,2.3186,4.1782,0.50948,2.4313,2.7428,1.0354,2.2283,3.6384,1.3466,1.7939,4.3029,0.28076,2.3202,3.421,1.5852,1.6003,3.2784,0.58023,2.4031,2.775,3.0039,2.8671,5.9677,1.9256,2.5791,4.0171,2.0083,2.2035,4.5973,2.486,2.7347,5.2163,1.7921,1.9652,3.8688,1.3439,1.8095,3.7116,2.2175,2.1483,4.9883,1.4496,2.6251,3.9978,0.71838,3.0522,2.5053,4.5792,2.9571,0.32422,1.2572,2.7323,4.2815,1.8942,1.9533,3.8893,1.2231,2.6428,2.8393,0.29787,2.7917,2.9246,0.99762,2.8968,4.1671,0.52887,2.4989,2.5824,0.73876,1.9687,2.9321,0.53739,2.4364,3.4119,1.6439,2.1901,4.2718,1.2156,2.7383,4.322,0.64284,1.9817,3.0724,2.0146,1.8662,3.7822,1.2547,1.8548,3.6648,2.4053,2.686,4.9117,1.4237,1.5483,4.1877,1.3498,2.1445,3.1957,0.67081,2.0019,3.0694,0.59444,2.3779,2.6132,1.7065,2.3215,4.1503,2.3665,2.6741,4.9509,0.61711,2.0005,3.0529,1.6089,1.7162,3.3187,0.70986,3.0148,2.5512,0.56102,2.5158,2.5918,3.0531,2.7451,5.9942,6.1691,2.8638,2.5372,4.4323,2.9591,0.1466,2.3703,2.3685,3.7543,1.1772,3.0759,4.0292,1.3502,2.3528,3.5187,0.49807,3.0927,3.3359,2.3743,2.2221,3.7889,1.2644,1.8498,3.6687,2.4191,2.3305,4.5833,2.5971,2.6523,4.0957,1.2676,2.6993,4.3378,1.8228,1.9582,3.8774,1.1528,2.7821,3.691,2.407,2.433,5.0309,1.5307,2.6315,3.3143,2.1757,2.2152,4.0895,0.82697,1.9377,3.3795,2.3974,2.3889,3.7802,2.3556,2.3917,3.7477,2.2187,1.9302,4.9556,2.6566,2.2906,4.8066,2.3733,2.2379,3.8051,1.404,1.5954,3.8638,2.4241,2.6754,4.9673,1.8419,1.9551,3.8907,0.79566,2.1364,4.0349,1.6054,1.8355,4.2886,2.3946,2.6646,4.9639,1.4569,2.3905,3.2598,5.9075,2.8648,2.1792,1.8628,1.7786,3.4999,1.9879,2.9952,4.28,2.0441,1.9615,4.7867,1.1242,2.5919,4.3059,1.9158,2.1481,4.8909,1.6331,1.7963,3.956,1.6105,2.0086,3.3761,1.0679,2.7569,3.6276,0.96159,2.8403,3.8202,1.4553,2.4392,3.8722,1.1464,2.7566,3.6739,1.8121,1.7864,4.0906,0.83877,2.4586,2.786,1.8738,2.0902,4.3899,0.087315,2.7936,2.8933,1.075,1.954,4.2883,0.96046,2.3191,3.0346,1.6189,2.3996,4.5787,0.99243,2.0863,2.8334,0.75995,2.0047,2.7202,1.6398,1.7919,3.9584,0.90692,2.4538,2.8192,1.3621,1.5876,3.8383,2.7724,2.5967,4.6303,1.0717,2.1624,3.6336,1.145,2.7777,3.6656,1.9847,1.99,4.4747,1.0622,1.9617,4.2538,1.8708,1.6478,3.4439,1.6798,2.4856,3.99,2.1679,2.5511,4.9093,2.1171,2.3712,3.6686,1.2093,3.0678,3.4467,1.4317,1.4539,4.2411,0.65364,2.9918,3.6339,1.6327,1.7422,4.2363,0.76382,2.0003,2.7339,0.6343,2.205,3.9831,2.6576,2.6007,4.5271,2.0002,2.1192,3.4429,1.3837,2.9109,3.5391,1.084,2.2018,3.6305,2.5335,2.0105,4.4705,1.4956,1.735,4.4215,1.6055,2.5902,3.5769,2.0643,2.2871,4.0675,2.7082,2.3487,4.9923,0.44466,2.5208,2.9455
0.056926,0.089777,0.0028169,214.75,221.79,203.14,0.0012385,0.0013773,0.00101,205.22,213.27,212.0,203.71,196.02,197.85,226.58,213.21,233.28,205.43,235.21,251.04,201.36,203.55,204.72,224.29,210.16,214.15,184.31,189.24,266.44,207.69,182.58,223.0,186.67,235.27,216.4,259.43,153.87,233.44,200.26,208.1,167.44,234.97,236.87,280.99,227.72,191.2,233.72,276.57,252.67,164.94,257.68,178.74,228.49,210.35,246.16,237.05,269.5,236.12,236.93,206.96,263.27,262.89,252.73,210.63,244.65,217.44,199.69,291.07,248.31,246.56,259.32,171.8,217.85,193.56,229.12,208.1,258.87,221.63,215.36,205.34,229.74,237.08,196.91,187.86,231.29,221.12,252.37,240.26,221.94,237.66,240.47,208.3,248.34,141.87,253.51,204.26,227.68,208.02,237.19,262.73,219.62,213.35,195.51,167.92,215.19,286.22,198.34,204.78,262.74,253.27,297.88,245.56,234.74,245.1,305.94,244.56,197.84,233.68,197.3,187.97,233.63,256.63,152.38,248.25,234.06,267.7,260.39,218.45,180.8,237.02,269.97,200.16,225.5,216.92,282.53,177.02,204.62,277.36,250.3,241.65,242.98,207.82,205.1,266.21,247.06,245.12,260.44,195.87,253.38,202.92,250.53,273.07,209.13,258.82,308.88,221.58,235.61,254.51,199.32,216.48,256.51,213.0,144.89,246.23,271.9,256.18,175.24,296.03,204.26,220.21,175.3,157.09,204.2,235.89,179.21,255.95,217.34,199.3,227.29,218.25,230.38,185.79,242.59,223.85,205.72,207.33,209.01,272.16,205.74,247.43,301.47,225.3,242.78,215.08,278.84,223.3,212.35,253.55,285.63,221.38,241.25,244.78,218.31,258.96,227.26,235.88,208.03,226.95,207.97,237.04,225.07,233.17,227.28,233.58,226.63,205.96,252.05,250.37,220.45,200.24,187.4,225.61,270.49,192.37,202.71,276.36,211.01,224.28,234.73,219.45,228.45,251.64,254.29,187.36,246.63,195.25,241.57,209.8,241.37,180.5,243.14,243.76,169.87,254.93,213.24,162.15,235.55,182.6,214.01,233.33,180.04,219.48,232.07,194.61,225.03,228.75,221.41,185.1,233.72,204.69,213.71,212.93,166.19,258.56,254.19,204.26,169.47,202.24,263.57,223.56,226.99,216.12,147.19,160.8,201.04,237.38,216.32,213.28,215.08,205.83,188.71,169.32,184.61,227.63,216.11,234.31,220.12,0.00081786,0.0010462,0.0010419,0.0010719,0.0009805,0.0010691,0.0011968,0.00093608,0.0011764,0.00097213,0.0012439,0.0013761,0.0010931,0.0010917,0.0010081,0.0013466,0.0011908,0.0011734,0.0011715,0.001163,0.0015719,0.0013645,0.0011348,0.0014685,0.0012818,0.0014211,0.0012158,0.0015136,0.0011202,0.0015601,0.0011999,0.0012912,0.0011594,0.0013273,0.0014392,0.001664,0.0013486,0.0013365,0.0014495,0.0015233,0.001371,0.0010087,0.0015958,0.0012465,0.0013474,0.0013147,0.001464,0.0013392,0.0015319,0.0014016,0.0012225,0.0013305,0.0016166,0.0014278,0.0015157,0.0013741,0.0014293,0.0014339,0.0014105,0.0017212,0.0016778,0.0015126,0.0015879,0.0013354,0.0015263,0.0012886,0.0015602,0.0014799,0.0015778,0.0013958,0.0015362,0.0014077,0.0013715,0.0015085,0.0013862,0.0013502,0.0013957,0.0014111,0.0016043,0.0015914,0.0014797,0.0016197,0.0015427,0.0013136,0.0014045,0.0011558,0.0015652,0.0014272,0.0014792,0.0013381,0.0014793,0.0015574,0.0014788,0.0014478,0.0012863,0.0011883,0.0013103,0.0017632,0.0013242,0.0013351,0.00158,0.0015406,0.0018335,0.0014908,0.0015687,0.0014515,0.0017097,0.0015354,0.0013993,0.0013633,0.0013802,0.0013683,0.0015374,0.0016852,0.0012964,0.0015689,0.001501,0.0016084,0.0016237,0.0013559,0.0013257,0.0016903,0.001559,0.001421,0.0014504,0.0013325,0.0017651,0.0012729,0.00088919,0.0017511,0.0016131,0.0015978,0.0015786,0.0012923,0.0013572,0.0013351,0.0016996,0.0015013,0.0016149,0.0013677,0.001521,0.0013599,0.001363,0.0016066,0.0014473,0.0016282,0.0016106,0.0014455,0.001543,0.0015713,0.0012531,0.0014561,0.0017044,0.0013724,0.0011432,0.0015988,0.0015954,0.0016203,0.0010337,0.0017251,0.0013006,0.0013919,0.0012371,0.0012357,0.0014288,0.0014225,0.0012623,0.0015656,0.0014169,0.0013701,0.00145,0.0012148,0.0015009,0.0014142,0.0014859,0.0014145,0.0014723,0.0014088,0.0013495,0.0015379,0.0013196,0.0015277,0.0016869,0.001474,0.0015311,0.0015142,0.001591,0.0013975,0.0014039,0.0014802,0.001521,0.0014754,0.001465,0.0015708,0.0017066,0.0015655,0.0014614,0.0014302,0.0014469,0.0014194,0.0014124,0.001473,0.001438,0.0015081,0.0013731,0.0017537,0.0014266,0.0014319,0.0014959,0.0014126,0.0013908,0.0013605,0.0012939,0.0013593,0.0016446,0.0013642,0.0013551,0.0015373,0.0013571,0.0014898,0.0014525,0.0013853,0.0014024,0.0014263,0.0015492,0.0012634,0.0015529,0.0012898,0.0014195,0.0014344,0.0013526,0.0012383,0.0013506,0.0015162,0.0011933,0.0015018,0.0012687,0.001258,0.0014223,0.0011791,0.0013807,0.001393,0.0012263,0.001362,0.0013935,0.0011162,0.0013307,0.0013475,0.0013833,0.0012183,0.0014615,0.0012619,0.0013489,0.0012298,0.00095833,0.0013473,0.0013928,0.0011412,0.0011312,0.0011192,0.0014662,0.0013894,0.0013561,0.00099225,0.00089708,0.0010047,0.0010165,0.0014119,0.0012854,0.00099911,0.0012093,0.0010072,0.0010114,0.00086817,0.00087127,0.0011264,0.0011667,0.0013037,0.0012191,1074300.0,1105700.0,792270.0,4276700.0,2284500.0,1150800.0,5856800.0,1513400.0,1879800.0,3242500.0,2966100.0,734830.0,5652900.0,1298400.0,4052200.0,2459600.0,5070500.0,4091400.0,1340500.0,3371900.0,2502600.0,3347400.0,11704000.0,958350.0,6311800.0,749460.0,9101500.0,1591900.0,1841400.0,815570.0,3232100.0,1680500.0,5814300.0,23940000.0,2520900.0,2724900.0,4347000.0,1235900.0,1513400.0,1646200.0,2062700.0,1057700.0,2058300.0,1019200.0,7475600.0,2433400.0,1825600.0,1494000.0,2274900.0,15971000.0,952090.0,7278300.0,3995200.0,706940.0,3910700.0,1079100.0,2657700.0,17679000.0,32102000.0,2373200.0,1720700.0,1532600.0,2840700.0,1036400.0,1926200.0,3409900.0,803840.0,2871900.0,1940600.0,3915400.0,2755300.0,1446400.0,1119200.0,15048000.0,5077600.0,1340600.0,3613400.0,1673300.0,965090.0,2573300.0,3702600.0,1313000.0,893150.0,2116300.0,873820.0,1861100.0,2850800.0,4950200.0,4191200.0,2338500.0,5694300.0,1300700.0,9352900.0,4677300.0,1017700.0,1694700.0,903640.0,1769700.0,3509900.0,9918500.0,1730700.0,16523000.0,1417300.0,9919600.0,1633600.0,3256300.0,1272900.0,1628100.0,12535000.0,5115100.0,2157200.0,3869300.0,2389200.0,1225800.0,656170.0,3373000.0,11659000.0,2413800.0,1291100.0,778800.0,1922000.0,735100.0,1193700.0,2218700.0,8786700.0,4156700.0,2627900.0,3087700.0,2361300.0,1498700.0,773560.0,10411000.0,2404500.0,3548600.0,2073400.0,1371700.0,1031900.0,2014200.0,1052000.0,2853800.0,3921600.0,1159600.0,1477000.0,2103000.0,1521000.0,2210500.0,2422200.0,877170.0,6912100.0,1513500.0,9390500.0,6180200.0,809830.0,10291000.0,814480.0,1274500.0,19279000.0,683650.0,12167000.0,721740.0,5575100.0,3693400.0,3817200.0,2647300.0,5252900.0,4116200.0,4227600.0,964530.0,4135000.0,1638700.0,6369200.0,1506700.0,7610900.0,1080700.0,744550.0,4005200.0,2996600.0,1988300.0,8411500.0,2288700.0,948280.0,1205600.0,3671000.0,3568300.0,1940100.0,1475700.0,747540.0,6807100.0,5275200.0,2336700.0,637470.0,17726000.0,3323000.0,5257900.0,1142200.0,18258000.0,5431600.0,1100100.0,8580600.0,1353300.0,1434500.0,3992400.0,5297000.0,799330.0,1639500.0,973680.0,1778500.0,1568200.0,1456500.0,7851700.0,2342100.0,1425100.0,12280000.0,2793800.0,1238000.0,1263500.0,3260300.0,951930.0,4669600.0,1133200.0,1854600.0,8075300.0,4435100.0,696550.0,1421900.0,10018000.0,5258300.0,5069200.0,15394000.0,3001700.0,1931800.0,2342400.0,2994600.0,3189800.0,1882600.0,1749500.0,2275100.0,1499400.0,7215800.0,652060.0,3656200.0,8296200.0,8910100.0,1863600.0,5378600.0,4029700.0,5011000.0,864140.0,1139900.0,5361500.0,1551600.0,6587500.0,3485200.0,7122400.0,1970700.0,1638700.0,1591200.0,1087700.0,1106100.0,2208100.0,945990.0,5091800.0,3371700.0,4404800.0,3356800.0,2894200.0,2745600.0,15584000.0,14989000.0,6042000.0,4601000.0,2807600.0,6148400.0,3762100.0,1781300.0,2740300.0,1353800.0,4824200.0,3044800.0,1.5278,1.8454,4.1706,2.2291,2.4694,3.6654,1.2773,2.2295,4.2231,1.2228,1.9895,4.2279,2.491,2.6639,4.3089,0.82412,2.0622,4.2171,1.5746,2.5004,3.8892,3.0385,2.843,5.8442,1.2193,2.0061,4.2226,1.7373,1.7193,4.2479,1.2774,2.2399,4.2386,0.81645,2.0535,4.2122,2.9128,2.8404,4.5704,5.6703,2.7705,1.4417,1.2351,2.8391,3.6183,0.92017,2.152,3.015,2.5119,2.082,4.4756,1.4685,1.6815,3.9007,0.66653,2.6025,3.8793,1.9677,1.788,3.4898,1.1204,2.4252,3.1248,0.31244,2.2879,3.5476,1.8059,1.6582,3.3919,2.0914,2.7793,4.3494,1.8262,1.657,3.3821,1.5299,1.663,3.9302,0.37134,2.1521,3.1776,2.045,2.3838,4.4269,1.4757,1.6808,3.221,0.85658,1.9025,2.7664,3.0943,2.8416,5.8915,1.9729,1.7769,3.4844,0.95688,2.716,2.8907,1.7728,2.589,4.002,0.66595,1.8853,2.7741,1.0888,2.4349,3.0866,1.9125,1.923,4.494,1.7382,1.6742,3.8928,0.53935,2.1922,3.7824,1.2421,2.4712,3.8063,0.99933,2.0905,3.2481,2.5528,2.3116,4.3104,2.0459,2.1762,4.6946,1.4998,1.6698,3.917,1.8906,1.944,4.4898,1.4735,2.1802,3.2613,0.83364,2.1397,3.142,2.438,2.4012,4.3406,1.9624,2.5751,4.8746,1.9364,2.6039,4.86,2.551,2.3106,4.3003,1.2816,2.5015,3.9287,1.7356,2.2637,4.3261,2.2688,3.0355,4.1751,0.55203,2.4461,2.5249,1.4918,2.0411,4.6003,2.0179,3.0502,3.9307,0.32897,2.3806,3.4059,1.6816,1.6255,4.0825,0.75036,2.0916,3.0781,2.2487,2.2849,4.6705,0.61066,2.5371,3.0447,0.94541,2.1432,3.246,0.08683,2.8952,1.8711,2.0014,2.0628,4.5927,2.5402,2.3326,4.272,2.5244,2.3187,5.1726,2.0748,2.769,4.3152,1.1109,1.8521,3.9722,4.6003,2.9455,0.55696,0.85647,2.1541,3.0317,1.3805,2.1036,4.2688,1.1107,2.1362,3.5135,2.2087,2.7211,4.4729,1.6658,1.5946,4.1512,1.1556,2.5435,3.0709,0.75153,2.44,3.7561,2.1185,1.8895,3.7105,1.5389,2.4741,3.4752,1.5632,2.571,3.5869,1.5793,1.6636,4.2713,2.0491,2.7615,4.5468,2.1044,2.759,4.6154,3.3319,2.8049,6.0873,1.7041,1.6144,4.1779,1.7679,1.9786,3.4233,2.2647,2.9573,5.1063,1.1698,2.5518,3.0752,2.6512,2.4307,4.9941,0.9824,2.6296,4.1056,1.5506,2.4623,3.4974,1.1037,1.8717,4.0953,1.6925,1.621,4.0806,1.7576,1.9567,3.4265,6.229,2.9267,3.0231,2.9028,2.2704,4.5977,1.3802,1.9573,4.2579,1.2168,2.6423,3.3394,1.4578,2.4513,3.3669,1.774,1.9573,3.6966,1.9612,2.3911,4.0067,1.1013,2.3128,3.2063,2.4987,2.0061,5.1971,1.1612,2.6729,3.3037,1.4476,2.4728,3.3557,0.17096,2.9927,3.2063,0.68126,1.8255,2.8671,1.6869,2.021,4.4665,1.4889,1.8589,4.1521,5.4355,2.8873,1.7695,0.82851,2.1574,2.8397,0.92673,2.6429,4.0777,2.2608,2.5307,3.6522,2.6501,2.3748,4.9482,2.8894,2.6524,4.5406,2.0695,2.4593,4.5296,2.3313,2.1319,4.1883,0.75544,2.0545,3.3444,0.43232,2.444,2.9687,0.56394,2.1627,3.803,2.4422,2.4908,4.4893,0.79694,2.4165,2.9278,1.2759,1.5747,4.3207,1.6774,1.9926,3.4624,0.14289,2.6753,2.1001,3.3684,2.9491,0.1274,0.82946,2.3799,2.9469,1.6527,1.6484,4.1018,1.5388,1.8314,3.2001,0.76915,2.4201,2.8687,2.1864,2.3375,4.9522,1.1789,2.5554,3.117,1.1252,2.0887,3.5401,0.49565,2.004,3.2686,1.7106,1.9783,3.4402,2.4742,2.0889,4.1309,2.131,2.1449,4.9723,1.3225,1.7414,3.8149,0.72734,1.9854,2.7641,2.1254,2.1524,4.9912,2.2707,2.2178,4.4957,1.5463,2.3403,3.9716,4.1937,2.9797,0.12533,1.9169,2.4004,4.0008,0.77565,1.975,4.1209,1.1976,2.6063,4.2349,3.4824,2.8364,6.098,1.6169,1.5858,3.2698,0.26073,2.3331,3.4032,5.0658,2.9821,0.95679,0.50689,2.7972,3.245,1.2258,2.5215,3.0002,2.1826,2.141,4.9603,1.5269,2.0892,4.3741,1.577,1.625,3.3218,1.468,2.9272,3.2988,0.57423,2.4079,2.791,0.87669,2.4442,2.9932,0.22504,2.6308,3.3408,1.6942,2.3195,4.1789,0.51029,2.4312,2.7431,1.0352,2.229,3.6381,1.3461,1.7937,4.3031,0.28034,2.3203,3.4212,1.586,1.6,3.2784,0.5819,2.4025,2.7756,3.0039,2.8671,5.9683,1.9245,2.5788,4.0168,2.0086,2.2036,4.5974,2.4842,2.7342,5.2156,1.7908,1.9652,3.8684,1.3444,1.8094,3.7118,2.2181,2.1482,4.9884,1.4499,2.6248,3.9975,0.7154,3.0519,2.5016,4.5782,2.9568,0.32355,1.2576,2.7329,4.281,1.8941,1.9533,3.8893,1.223,2.643,2.839,0.29695,2.7918,2.9241,0.99809,2.897,4.1674,0.52848,2.4986,2.5824,0.73939,1.9692,2.9314,0.53725,2.4368,3.4118,1.6447,2.1903,4.2722,1.215,2.7389,4.3217,0.64299,1.9821,3.0719,2.0151,1.866,3.7819,1.2555,1.855,3.6651,2.4047,2.6857,4.911,1.4242,1.5485,4.1878,1.3493,2.1445,3.1959,0.67114,2.0025,3.069,0.59575,2.3772,2.6136,1.7072,2.3221,4.1505,2.3656,2.6736,4.9506,0.61697,2.001,3.0523,1.6094,1.7163,3.3186,0.71093,3.0146,2.5516,0.5609,2.5158,2.5918,3.0545,2.745,5.9954,6.1689,2.8638,2.5371,4.4301,2.9587,0.14439,2.3704,2.3681,3.7542,1.18,3.0758,4.0326,1.3493,2.3537,3.5183,0.49422,3.0928,3.3326,2.3743,2.2219,3.7887,1.265,1.8498,3.6689,2.4191,2.3305,4.5836,2.5973,2.6526,4.0964,1.2677,2.6994,4.3378,1.822,1.9581,3.8771,1.153,2.7819,3.6914,2.4066,2.4325,5.0303,1.5301,2.6315,3.3146,2.1758,2.2155,4.0894,0.82721,1.938,3.3796,2.3977,2.3887,3.7804,2.3557,2.3915,3.7476,2.2191,1.9306,4.9562,2.6566,2.2906,4.8067,2.3734,2.2379,3.805,1.4042,1.5955,3.8641,2.4237,2.6749,4.9671,1.8414,1.955,3.8906,0.79584,2.1363,4.0356,1.6054,1.8356,4.2889,2.394,2.6641,4.9637,1.457,2.3906,3.2598,5.9072,2.8646,2.1789,1.8628,1.7784,3.5002,1.9879,2.9948,4.2797,2.0444,1.9616,4.787,1.1244,2.592,4.3063,1.9162,2.1481,4.8912,1.6332,1.7962,3.9559,1.6106,2.0086,3.3759,1.0684,2.7567,3.6281,0.96208,2.8403,3.8204,1.456,2.4396,3.8725,1.1466,2.7562,3.674,1.8118,1.7862,4.0905,0.83818,2.4585,2.7861,1.8736,2.0904,4.39,0.087463,2.7935,2.8938,1.0749,1.9539,4.2886,0.9606,2.3189,3.0349,1.6187,2.3997,4.5786,0.99252,2.0862,2.8334,0.7601,2.0047,2.72,1.64,1.7918,3.9583,0.90683,2.4537,2.8197,1.3619,1.5876,3.8383,2.7724,2.5967,4.6303,1.0716,2.1627,3.6337,1.1452,2.7774,3.6657,1.9848,1.99,4.4747,1.062,1.9617,4.2537,1.8709,1.6478,3.4438,1.68,2.4857,3.9899,2.1684,2.551,4.9091,2.1168,2.3711,3.6682,1.2094,3.0677,3.4469,1.4316,1.4538,4.2411,0.65395,2.9917,3.6341,1.6328,1.7421,4.2363,0.76399,2.0003,2.7338,0.63383,2.2051,3.9834,2.6573,2.6006,4.527,2.0003,2.1191,3.443,1.3836,2.9108,3.5391,1.084,2.2019,3.6304,2.5335,2.0106,4.4706,1.4957,1.735,4.4215,1.6055,2.5901,3.5769,2.0643,2.2872,4.0675,2.7082,2.3485,4.9921,0.44466,2.5207,2.9454
0.057782,0.091135,0.0028457,215.08,222.25,203.27,0.0012404,0.0013799,0.0010107,205.35,213.44,212.24,203.96,196.29,197.95,226.8,213.37,233.6,205.7,235.54,251.4,201.51,203.86,204.98,224.8,210.38,214.51,184.62,189.36,267.0,208.03,182.82,223.3,186.91,235.71,216.8,259.93,154.09,233.84,200.55,208.31,167.5,235.28,237.2,281.59,228.15,191.4,234.27,277.26,253.14,165.21,258.04,178.97,228.95,210.7,246.67,237.5,270.11,236.56,237.4,207.35,263.93,263.54,253.4,211.04,245.19,217.77,200.06,291.85,249.05,247.34,260.05,171.98,218.33,193.94,229.42,208.43,259.08,221.94,215.85,205.49,230.3,237.67,197.38,188.46,231.54,221.71,252.94,240.66,222.24,238.37,240.75,208.66,248.77,142.32,253.87,204.47,227.81,208.78,237.78,263.36,220.04,213.71,195.78,169.14,215.67,286.88,198.9,205.22,263.3,254.18,298.87,246.07,235.37,244.68,307.01,245.38,198.34,234.19,198.99,188.75,234.38,256.25,153.67,249.57,234.41,268.47,260.69,220.54,181.51,236.5,270.53,201.04,226.21,216.72,283.67,177.58,206.84,278.42,251.17,241.79,244.71,208.28,205.48,269.46,245.72,245.78,260.99,197.81,253.82,203.54,250.99,273.53,209.79,258.16,309.1,222.81,236.25,255.03,199.72,216.85,258.53,213.47,145.22,245.49,272.74,256.72,177.08,296.71,204.55,220.67,175.52,157.6,204.58,236.49,179.64,256.54,217.82,199.4,227.68,218.63,231.13,186.12,243.17,224.27,206.11,207.57,209.3,272.89,206.14,248.15,302.24,225.63,243.38,215.35,279.58,223.99,212.64,254.2,286.36,222.03,241.88,245.27,219.14,259.5,227.85,236.36,208.39,227.36,208.39,237.38,225.38,233.56,227.84,234.73,227.07,206.47,252.32,251.02,220.97,200.39,187.72,226.11,271.19,192.89,203.06,276.7,211.27,224.74,235.25,219.92,228.94,252.18,254.68,187.7,247.14,195.51,242.06,210.1,241.53,180.69,243.6,244.22,169.98,255.28,213.51,162.47,235.97,182.8,214.27,233.83,180.32,219.82,232.41,194.77,225.43,229.15,221.72,185.31,234.02,204.91,214.09,213.3,166.34,258.95,254.66,204.47,169.67,202.44,263.87,223.89,227.24,216.4,147.34,160.96,201.21,237.64,216.66,213.51,215.33,206.06,188.9,169.52,184.74,227.8,216.24,234.62,220.25,0.00081816,0.0010468,0.0010428,0.0010732,0.00098186,0.0010691,0.0011978,0.00093687,0.0011783,0.00097354,0.0012457,0.0013782,0.0010936,0.0010935,0.0010093,0.0013496,0.0011921,0.0011757,0.0011737,0.0011638,0.0015753,0.0013668,0.0011365,0.0014707,0.0012835,0.0014244,0.0012184,0.0015165,0.0011221,0.0015624,0.001202,0.0012926,0.0011597,0.0013289,0.0014415,0.0016676,0.0013513,0.0013377,0.0014529,0.0015273,0.0013739,0.00101,0.0015979,0.0012487,0.0013504,0.0013171,0.0014673,0.0013414,0.0015357,0.0014044,0.0012247,0.0013329,0.0016205,0.0014315,0.0015196,0.0013769,0.0014325,0.0014363,0.001413,0.0017262,0.0016824,0.0015168,0.0015918,0.0013367,0.0015296,0.0012908,0.0015624,0.0014821,0.00158,0.0013974,0.0015387,0.0014091,0.0013744,0.001512,0.0013894,0.0013529,0.0013974,0.0014149,0.0016079,0.0015934,0.0014825,0.001623,0.0015448,0.0013153,0.0014075,0.001158,0.0015676,0.0014287,0.0014796,0.0013417,0.0014828,0.00156,0.0014818,0.0014508,0.001289,0.0011954,0.0013146,0.0017671,0.0013274,0.0013375,0.0015831,0.0015456,0.0018389,0.0014935,0.0015723,0.0014454,0.0017152,0.0015401,0.0014026,0.0013666,0.0013877,0.0013725,0.0015419,0.0016838,0.0013013,0.0015757,0.0015034,0.0016129,0.001626,0.0013624,0.0013297,0.0016889,0.0015637,0.0014259,0.001455,0.001327,0.0017718,0.0012767,0.00089882,0.0017577,0.0016182,0.0015993,0.0015908,0.0012956,0.0013605,0.0013416,0.0016945,0.0015058,0.0016184,0.0013775,0.0015247,0.0013635,0.0013659,0.0016097,0.0014519,0.0016244,0.001613,0.0014518,0.0015471,0.0015742,0.0012561,0.0014586,0.0017139,0.0013756,0.0011452,0.0015986,0.0016001,0.0016235,0.0010367,0.0017285,0.0013026,0.0013945,0.0012387,0.0012392,0.0014312,0.0014259,0.0012655,0.0015687,0.0014208,0.0013716,0.0014526,0.0012175,0.0015049,0.0014158,0.00149,0.0014167,0.0014747,0.0014104,0.0013511,0.0015414,0.0013223,0.0015313,0.0016911,0.0014763,0.0015348,0.0015165,0.0015954,0.001401,0.001406,0.0014836,0.0015252,0.001479,0.0014688,0.0015739,0.0017107,0.0015686,0.0014651,0.0014308,0.0014501,0.0014222,0.0014153,0.0014755,0.00144,0.0015105,0.0013767,0.0017603,0.0014295,0.0014355,0.001498,0.0014159,0.0013941,0.0013618,0.0012958,0.0013623,0.0016488,0.0013668,0.0013573,0.0015391,0.0013585,0.0014925,0.001456,0.0013879,0.0014053,0.0014299,0.0015517,0.0012656,0.0015559,0.0012918,0.0014225,0.0014362,0.0013538,0.0012396,0.0013531,0.0015194,0.0011943,0.0015041,0.0012705,0.0012607,0.0014252,0.0011809,0.0013824,0.0013961,0.0012287,0.0013633,0.0013955,0.0011172,0.0013334,0.0013498,0.0013854,0.0012198,0.0014635,0.0012635,0.0013512,0.0012322,0.00095926,0.0013496,0.0013957,0.0011425,0.0011327,0.0011203,0.0014678,0.0013912,0.0013577,0.00099344,0.00089813,0.0010055,0.0010174,0.0014136,0.0012872,0.0010001,0.0012108,0.0010083,0.0010124,0.00086913,0.00087186,0.0011273,0.0011674,0.0013053,0.0012199,1074300.0,1105700.0,792270.0,4276700.0,2284500.0,1150800.0,5856800.0,1513400.0,1879800.0,3242500.0,2966100.0,734830.0,5652900.0,1298400.0,4052200.0,2459600.0,5070500.0,4091400.0,1340500.0,3371900.0,2502600.0,3347400.0,11704000.0,958350.0,6311800.0,749460.0,9101500.0,1591900.0,1841400.0,815570.0,3232100.0,1680500.0,5814300.0,23940000.0,2520900.0,2724900.0,4347000.0,1235900.0,1513400.0,1646200.0,2062700.0,1057700.0,2058300.0,1019200.0,7475600.0,2433400.0,1825600.0,1494000.0,2274900.0,15971000.0,952090.0,7278300.0,3995200.0,706940.0,3910700.0,1079100.0,2657700.0,17679000.0,32102000.0,2373200.0,1720700.0,1532600.0,2840700.0,1036400.0,1926200.0,3409900.0,803840.0,2871900.0,1940600.0,3915400.0,2755300.0,1446400.0,1119200.0,15048000.0,5077600.0,1340600.0,3613400.0,1673300.0,965090.0,2573300.0,3702600.0,1313000.0,893150.0,2116300.0,873820.0,1861100.0,2850800.0,4950200.0,4191200.0,2338500.0,5694300.0,1300700.0,9352900.0,4677300.0,1017700.0,1694700.0,903640.0,1769700.0,3509900.0,9918500.0,1730700.0,16523000.0,1417300.0,9919600.0,1633600.0,3256300.0,1272900.0,1628100.0,12535000.0,5115100.0,2157200.0,3869300.0,2389200.0,1225800.0,656170.0,3373000.0,11659000.0,2413800.0,1291100.0,778800.0,1922000.0,735100.0,1193700.0,2218700.0,8786700.0,4156700.0,2627900.0,3087700.0,2361300.0,1498700.0,773560.0,10411000.0,2404500.0,3548600.0,2073400.0,1371700.0,1031900.0,2014200.0,1052000.0,2853800.0,3921600.0,1159600.0,1477000.0,2103000.0,1521000.0,2210500.0,2422200.0,877170.0,6912100.0,1513500.0,9390500.0,6180200.0,809830.0,10291000.0,814480.0,1274500.0,19279000.0,683650.0,12167000.0,721740.0,5575100.0,3693400.0,3817200.0,2647300.0,5252900.0,4116200.0,4227600.0,964530.0,4135000.0,1638700.0,6369200.0,1506700.0,7610900.0,1080700.0,744550.0,4005200.0,2996600.0,1988300.0,8411500.0,2288700.0,948280.0,1205600.0,3671000.0,3568300.0,1940100.0,1475700.0,747540.0,6807100.0,5275200.0,2336700.0,637470.0,17726000.0,3323000.0,5257900.0,1142200.0,18258000.0,5431600.0,1100100.0,8580600.0,1353300.0,1434500.0,3992400.0,5297000.0,799330.0,1639500.0,973680.0,1778500.0,1568200.0,1456500.0,7851700.0,2342100.0,1425100.0,12280000.0,2793800.0,1238000.0,1263500.0,3260300.0,951930.0,4669600.0,1133200.0,1854600.0,8075300.0,4435100.0,696550.0,1421900.0,10018000.0,5258300.0,5069200.0,15394000.0,3001700.0,1931800.0,2342400.0,2994600.0,3189800.0,1882600.0,1749500.0,2275100.0,1499400.0,7215800.0,652060.0,3656200.0,8296200.0,8910100.0,1863600.0,5378600.0,4029700.0,5011000.0,864140.0,1139900.0,5361500.0,1551600.0,6587500.0,3485200.0,7122400.0,1970700.0,1638700.0,1591200.0,1087700.0,1106100.0,2208100.0,945990.0,5091800.0,3371700.0,4404800.0,3356800.0,2894200.0,2745600.0,15584000.0,14989000.0,6042000.0,4601000.0,2807600.0,6148400.0,3762100.0,1781300.0,2740300.0,1353800.0,4824200.0,3044800.0,1.5278,1.8455,4.1706,2.2292,2.4694,3.6654,1.2773,2.2296,4.2231,1.2227,1.9895,4.2278,2.4909,2.6639,4.309,0.82366,2.0622,4.2171,1.5753,2.5007,3.8891,3.0389,2.843,5.8445,1.2191,2.0063,4.2225,1.7372,1.7193,4.2479,1.2775,2.2401,4.2388,0.81582,2.0534,4.2121,2.913,2.8404,4.5711,5.6696,2.7704,1.4412,1.2351,2.839,3.6183,0.91963,2.152,3.0148,2.5123,2.0825,4.4761,1.4684,1.6815,3.9006,0.66672,2.603,3.8792,1.9672,1.7883,3.49,1.121,2.4249,3.1258,0.31286,2.288,3.5473,1.8061,1.658,3.392,2.0906,2.7786,4.348,1.8267,1.6568,3.382,1.5306,1.6628,3.9306,0.37101,2.1523,3.1772,2.0453,2.3842,4.4275,1.4757,1.681,3.2213,0.85685,1.9028,2.7663,3.0954,2.8416,5.8926,1.9725,1.7772,3.4845,0.95627,2.7159,2.8909,1.7722,2.589,4.002,0.66638,1.8855,2.7738,1.0889,2.4348,3.0871,1.9126,1.9231,4.494,1.739,1.6739,3.8927,0.5398,2.192,3.7831,1.2429,2.4718,3.8067,0.99921,2.0909,3.2477,2.553,2.3118,4.3107,2.0456,2.1766,4.6948,1.5,1.6697,3.9171,1.8905,1.9444,4.4897,1.4733,2.1803,3.2612,0.83363,2.1406,3.1412,2.4382,2.4017,4.3409,1.9626,2.5747,4.8743,1.9363,2.604,4.8596,2.5512,2.3108,4.3005,1.2815,2.5017,3.9285,1.7362,2.2641,4.3266,2.2709,3.0351,4.1768,0.55273,2.4458,2.5257,1.4911,2.0409,4.6002,2.0171,3.05,3.9294,0.32812,2.3807,3.4054,1.6818,1.6254,4.0824,0.75095,2.0925,3.0778,2.2488,2.2853,4.6708,0.61049,2.5361,3.0454,0.94452,2.1442,3.2455,0.086208,2.8952,1.8696,2.0015,2.064,4.5929,2.5402,2.3331,4.2718,2.5219,2.3183,5.1719,2.0736,2.7681,4.3129,1.1113,1.852,3.9726,4.6,2.9445,0.55774,0.85611,2.1544,3.0314,1.3818,2.1037,4.2689,1.1115,2.1369,3.5137,2.2074,2.7206,4.4715,1.6654,1.5945,4.1511,1.1558,2.5434,3.071,0.75159,2.4403,3.7559,2.1194,1.8889,3.7102,1.538,2.4746,3.4753,1.5616,2.5715,3.5865,1.578,1.6632,4.2716,2.0485,2.7607,4.5464,2.1041,2.7583,4.6157,3.3318,2.8053,6.0872,1.704,1.6145,4.1781,1.769,1.9783,3.4229,2.2672,2.9576,5.1096,1.1703,2.5518,3.0752,2.6517,2.4305,4.9943,0.9821,2.6299,4.1063,1.5498,2.4627,3.4979,1.1019,1.8729,4.0953,1.6933,1.6209,4.0805,1.7589,1.956,3.426,6.2243,2.9263,3.0188,2.903,2.27,4.5984,1.3811,1.9573,4.2587,1.2161,2.6416,3.3398,1.4577,2.4513,3.3673,1.7731,1.9569,3.6963,1.9616,2.392,4.0069,1.1013,2.3132,3.2066,2.4978,2.0052,5.198,1.1598,2.6724,3.3036,1.4474,2.4731,3.3559,0.1701,2.9935,3.2048,0.6813,1.8258,2.8665,1.6864,2.0208,4.4675,1.4889,1.8588,4.1528,5.4338,2.8869,1.768,0.82902,2.158,2.8407,0.92589,2.6434,4.0783,2.2623,2.5305,3.6528,2.6512,2.3735,4.9475,2.891,2.6516,4.5411,2.0689,2.4585,4.5301,2.3306,2.1325,4.1884,0.75518,2.0559,3.3443,0.43388,2.4435,2.9701,0.56364,2.1631,3.8042,2.443,2.4904,4.4904,0.79723,2.4161,2.9289,1.2763,1.5746,4.3213,1.6771,1.9924,3.4626,0.14496,2.675,2.1006,3.3704,2.949,0.13063,0.83049,2.3787,2.9487,1.6527,1.6487,4.1021,1.5401,1.8317,3.2004,0.76927,2.4196,2.869,2.1867,2.3373,4.9522,1.1798,2.5553,3.1178,1.1265,2.0905,3.5406,0.4949,2.0046,3.2689,1.7106,1.9778,3.4401,2.4759,2.0886,4.129,2.1299,2.1447,4.9723,1.323,1.7411,3.8153,0.72792,1.9856,2.7643,2.1247,2.1523,4.9917,2.2699,2.2185,4.4966,1.546,2.3411,3.9718,4.1934,2.9792,0.12503,1.9163,2.4015,4.0011,0.7746,1.9752,4.1211,1.1984,2.6068,4.2357,3.4819,2.8361,6.0985,1.6189,1.5851,3.2698,0.25968,2.3336,3.4028,5.0649,2.9819,0.95594,0.50613,2.7974,3.2451,1.2253,2.5217,3.0007,2.1829,2.141,4.9601,1.5278,2.0891,4.3746,1.5779,1.6251,3.3224,1.472,2.9275,3.2991,0.57647,2.4072,2.7924,0.87597,2.4439,2.9933,0.22554,2.6309,3.3411,1.6963,2.3207,4.18,0.51148,2.4311,2.7436,1.0349,2.2299,3.6377,1.3453,1.7934,4.3032,0.27969,2.3204,3.4214,1.5872,1.5997,3.2783,0.58436,2.4017,2.7766,3.004,2.867,5.9693,1.9229,2.5784,4.0165,2.009,2.2037,4.5975,2.4815,2.7335,5.2144,1.7889,1.9651,3.8677,1.345,1.8092,3.7121,2.2189,2.1482,4.9886,1.4504,2.6243,3.9972,0.71086,3.0514,2.4959,4.5768,2.9563,0.32259,1.258,2.7339,4.2802,1.894,1.9533,3.8894,1.2227,2.6432,2.8386,0.29555,2.792,2.9234,0.99877,2.8972,4.1677,0.5279,2.4982,2.5825,0.74032,1.97,2.9304,0.53704,2.4374,3.4115,1.6458,2.1906,4.2728,1.214,2.7398,4.3212,0.64322,1.9826,3.071,2.0158,1.8656,3.7813,1.2567,1.8552,3.6654,2.4038,2.6851,4.9099,1.425,1.5489,4.1879,1.3486,2.1444,3.1962,0.67163,2.0033,3.0683,0.59768,2.376,2.6141,1.7082,2.323,4.1508,2.3641,2.6727,4.9502,0.61674,2.0018,3.0513,1.6101,1.7165,3.3184,0.7125,3.0143,2.5523,0.56072,2.5158,2.5919,3.0566,2.7449,5.9971,6.1687,2.8637,2.537,4.4269,2.9582,0.1411,2.3707,2.3674,3.754,1.184,3.0757,4.0377,1.348,2.355,3.5176,0.48846,3.093,3.3278,2.3743,2.2217,3.7884,1.2658,1.8497,3.6693,2.419,2.3304,4.5839,2.5975,2.653,4.0975,1.2678,2.6996,4.3378,1.8209,1.958,3.8766,1.1533,2.7817,3.6919,2.406,2.4318,5.0294,1.5291,2.6315,3.3149,2.1759,2.216,4.0893,0.82757,1.9385,3.3797,2.3982,2.3883,3.7806,2.3557,2.3912,3.7475,2.2196,1.9312,4.957,2.6566,2.2906,4.8069,2.3735,2.2379,3.805,1.4045,1.5956,3.8645,2.4231,2.6743,4.9667,1.8407,1.9549,3.8904,0.7961,2.1362,4.0368,1.6053,1.8356,4.2893,2.3932,2.6633,4.9635,1.4571,2.3906,3.2598,5.9068,2.8644,2.1785,1.8628,1.7781,3.5005,1.9877,2.9943,4.2791,2.0449,1.9618,4.7875,1.1248,2.5922,4.3067,1.9168,2.1481,4.8917,1.6334,1.7961,3.9558,1.6107,2.0086,3.3756,1.0691,2.7564,3.629,0.96282,2.8404,3.8205,1.457,2.4403,3.8729,1.1468,2.7555,3.6743,1.8115,1.786,4.0905,0.8373,2.4585,2.7863,1.8732,2.0907,4.3901,0.087682,2.7934,2.8946,1.0747,1.9538,4.289,0.96081,2.3187,3.0353,1.6185,2.3997,4.5785,0.99265,2.0862,2.8333,0.76032,2.0047,2.7197,1.6404,1.7916,3.9582,0.90668,2.4536,2.8203,1.3616,1.5876,3.8384,2.7724,2.5968,4.6302,1.0715,2.1631,3.6337,1.1455,2.7771,3.6659,1.985,1.9901,4.4747,1.0617,1.9617,4.2536,1.8712,1.6477,3.4437,1.6802,2.4858,3.9898,2.1691,2.5509,4.9089,2.1163,2.371,3.6677,1.2096,3.0676,3.4472,1.4314,1.4537,4.2412,0.65442,2.9916,3.6343,1.6329,1.742,4.2364,0.76423,2.0004,2.7337,0.63312,2.2053,3.984,2.6568,2.6006,4.5269,2.0004,2.119,3.443,1.3836,2.9106,3.5391,1.084,2.2021,3.6303,2.5336,2.0108,4.4706,1.4957,1.735,4.4215,1.6054,2.5901,3.5768,2.0644,2.2872,4.0674,2.7081,2.3481,4.9918,0.44467,2.5206,2.9453
0.059062,0.093165,0.0028881,215.43,222.78,203.32,0.0012424,0.0013829,0.0010111,205.44,213.59,212.46,204.18,196.54,197.93,226.98,213.5,233.95,205.96,235.89,251.79,201.63,204.17,205.22,225.36,210.57,214.9,184.97,189.45,267.68,208.43,183.06,223.66,187.15,236.2,217.24,260.48,154.31,234.38,200.85,208.53,167.5,235.58,237.58,282.26,228.6,191.69,234.88,278.02,253.64,165.48,258.49,179.2,229.41,211.1,247.23,237.98,270.76,237.02,237.88,207.8,264.65,264.26,254.08,211.46,245.76,218.2,200.56,292.71,249.79,248.34,261.04,172.1,218.85,194.39,229.98,209.02,259.25,222.42,216.46,205.55,230.82,238.25,197.9,189.05,231.72,222.21,253.59,241.04,222.63,239.23,241.01,209.08,249.09,142.61,254.25,204.89,227.47,209.51,238.34,264.26,220.81,214.44,195.6,170.75,216.2,287.87,199.75,205.63,263.97,255.2,300.46,246.88,236.49,242.98,308.18,246.7,199.12,234.93,201.07,189.57,235.47,255.0,155.4,250.97,234.82,269.75,260.94,223.39,182.55,234.55,271.47,202.44,227.58,215.92,285.48,178.28,209.85,280.45,252.36,242.11,246.1,208.85,206.01,273.16,242.72,247.06,261.75,199.93,254.41,204.38,251.58,274.33,210.79,256.43,309.57,225.34,237.3,255.41,200.33,217.41,260.95,214.14,145.77,244.03,274.16,257.49,178.7,297.87,204.95,221.35,175.91,157.95,205.23,237.47,180.28,257.45,217.84,199.66,228.27,218.68,231.51,186.31,244.12,224.94,206.66,207.99,209.78,273.67,206.4,248.98,303.47,226.2,243.83,215.73,280.37,224.78,213.1,254.8,287.19,222.73,242.37,246.08,220.26,260.26,228.41,237.13,208.78,227.76,208.96,237.94,225.88,234.16,228.46,236.07,227.53,206.97,252.75,251.68,221.51,200.58,188.2,226.62,271.96,193.48,203.5,277.19,211.67,225.34,235.76,220.42,229.43,252.74,255.17,188.09,247.85,195.87,242.61,210.41,241.71,180.94,244.09,244.69,170.08,255.66,213.79,162.77,236.39,182.96,214.55,234.36,180.59,220.21,232.8,194.9,225.85,229.55,222.04,185.51,234.31,205.13,214.53,213.67,166.44,259.39,255.16,204.66,169.81,202.61,264.16,224.22,227.51,216.69,147.45,161.07,201.35,237.89,217.04,213.72,215.57,206.25,189.04,169.67,184.82,227.93,216.3,234.94,220.3,0.00081787,0.001047,0.0010431,0.0010742,0.00098285,0.0010681,0.0011987,0.0009372,0.0011801,0.00097456,0.0012474,0.0013803,0.0010936,0.0010952,0.0010101,0.0013526,0.0011932,0.0011779,0.001176,0.0011644,0.0015791,0.0013695,0.0011381,0.0014735,0.0012853,0.001428,0.0012211,0.0015196,0.0011241,0.0015654,0.0012041,0.0012942,0.0011597,0.0013304,0.0014439,0.0016716,0.0013541,0.0013393,0.0014565,0.0015315,0.0013768,0.0010111,0.0016003,0.001251,0.0013534,0.0013198,0.0014708,0.0013436,0.0015396,0.0014073,0.0012266,0.0013354,0.0016245,0.0014355,0.0015235,0.0013799,0.001436,0.0014394,0.0014163,0.0017319,0.0016869,0.0015219,0.0015967,0.0013376,0.001533,0.0012932,0.0015663,0.0014861,0.0015825,0.0013996,0.0015418,0.0014106,0.001377,0.0015155,0.001393,0.0013551,0.0013991,0.0014187,0.001612,0.0015955,0.0014865,0.0016267,0.001547,0.0013179,0.0014104,0.0011595,0.0015707,0.0014318,0.0014784,0.0013446,0.0014863,0.0015626,0.0014874,0.0014569,0.0012916,0.0012051,0.0013196,0.0017733,0.0013323,0.0013396,0.0015867,0.0015514,0.0018479,0.0014981,0.0015783,0.0014255,0.0017213,0.0015478,0.001408,0.0013713,0.0013958,0.0013768,0.0015485,0.0016788,0.0013069,0.0015815,0.0015071,0.0016202,0.0016291,0.0013685,0.0013354,0.0016825,0.0015711,0.0014338,0.0014632,0.0013109,0.0017823,0.0012815,0.00091205,0.00177,0.0016251,0.0016022,0.001603,0.0012997,0.0013655,0.0013397,0.0016825,0.0015138,0.0016231,0.0013881,0.0015305,0.0013685,0.0013696,0.0016141,0.0014585,0.0016114,0.0016165,0.0014635,0.0015533,0.001576,0.0012607,0.001462,0.0017263,0.0013803,0.0011484,0.0015977,0.0016077,0.0016285,0.001033,0.0017348,0.0013051,0.0013984,0.0012414,0.0012419,0.001436,0.0014313,0.0012703,0.0015734,0.0014229,0.0013743,0.0014568,0.0012184,0.001507,0.0014169,0.0014967,0.0014204,0.001479,0.0014136,0.0013541,0.0015455,0.0013242,0.0015354,0.0016982,0.0014803,0.0015376,0.0015203,0.0016001,0.001405,0.0014094,0.0014865,0.0015297,0.0014832,0.0014717,0.0015791,0.0017163,0.0015731,0.0014683,0.0014306,0.0014538,0.0014248,0.0014193,0.0014793,0.0014433,0.0015142,0.0013805,0.0017678,0.0014324,0.001439,0.0015012,0.0014188,0.0013972,0.0013635,0.0012987,0.0013653,0.0016532,0.0013694,0.00136,0.0015417,0.0013606,0.0014958,0.0014593,0.0013906,0.0014082,0.0014335,0.0015548,0.0012682,0.0015603,0.0012944,0.0014259,0.0014381,0.0013551,0.001241,0.0013556,0.0015226,0.0011953,0.0015065,0.0012722,0.0012634,0.0014281,0.0011825,0.0013842,0.0013993,0.0012311,0.0013648,0.0013976,0.0011182,0.0013362,0.0013519,0.0013874,0.001221,0.0014654,0.001265,0.0013536,0.0012345,0.00095978,0.0013521,0.0013988,0.0011435,0.0011339,0.0011211,0.0014691,0.001393,0.0013595,0.00099444,0.00089884,0.0010058,0.0010178,0.0014152,0.0012892,0.0010008,0.0012119,0.001009,0.0010131,0.00086968,0.00087191,0.0011277,0.0011676,0.0013067,0.0012201,1074300.0,1105700.0,792270.0,4276700.0,2284500.0,1150800.0,5856800.0,1513400.0,1879800.0,3242500.0,2966100.0,734830.0,5652900.0,1298400.0,4052200.0,2459600.0,5070500.0,4091400.0,1340500.0,3371900.0,2502600.0,3347400.0,11704000.0,958350.0,6311800.0,749460.0,9101500.0,1591900.0,1841400.0,815570.0,3232100.0,1680500.0,5814300.0,23940000.0,2520900.0,2724900.0,4347000.0,1235900.0,1513400.0,1646200.0,2062700.0,1057700.0,2058300.0,1019200.0,7475600.0,2433400.0,1825600.0,1494000.0,2274900.0,15971000.0,952090.0,7278300.0,3995200.0,706940.0,3910700.0,1079100.0,2657700.0,17679000.0,32102000.0,2373200.0,1720700.0,1532600.0,2840700.0,1036400.0,1926200.0,3409900.0,803840.0,2871900.0,1940600.0,3915400.0,2755300.0,1446400.0,1119200.0,15048000.0,5077600.0,1340600.0,3613400.0,1673300.0,965090.0,2573300.0,3702600.0,1313000.0,893150.0,2116300.0,873820.0,1861100.0,2850800.0,4950200.0,4191200.0,2338500.0,5694300.0,1300700.0,9352900.0,4677300.0,1017700.0,1694700.0,903640.0,1769700.0,3509900.0,9918500.0,1730700.0,16523000.0,1417300.0,9919600.0,1633600.0,3256300.0,1272900.0,1628100.0,12535000.0,5115100.0,2157200.0,3869300.0,2389200.0,1225800.0,656170.0,3373000.0,11659000.0,2413800.0,1291100.0,778800.0,1922000.0,735100.0,1193700.0,2218700.0,8786700.0,4156700.0,2627900.0,3087700.0,2361300.0,1498700.0,773560.0,10411000.0,2404500.0,3548600.0,2073400.0,1371700.0,1031900.0,2014200.0,1052000.0,2853800.0,3921600.0,1159600.0,1477000.0,2103000.0,1521000.0,2210500.0,2422200.0,877170.0,6912100.0,1513500.0,9390500.0,6180200.0,809830.0,10291000.0,814480.0,1274500.0,19279000.0,683650.0,12167000.0,721740.0,5575100.0,3693400.0,3817200.0,2647300.0,5252900.0,4116200.0,4227600.0,964530.0,4135000.0,1638700.0,6369200.0,1506700.0,7610900.0,1080700.0,744550.0,4005200.0,2996600.0,1988300.0,8411500.0,2288700.0,948280.0,1205600.0,3671000.0,3568300.0,1940100.0,1475700.0,747540.0,6807100.0,5275200.0,2336700.0,637470.0,17726000.0,3323000.0,5257900.0,1142200.0,18258000.0,5431600.0,1100100.0,8580600.0,1353300.0,1434500.0,3992400.0,5297000.0,799330.0,1639500.0,973680.0,1778500.0,1568200.0,1456500.0,7851700.0,2342100.0,1425100.0,12280000.0,2793800.0,1238000.0,1263500.0,3260300.0,951930.0,4669600.0,1133200.0,1854600.0,8075300.0,4435100.0,696550.0,1421900.0,10018000.0,5258300.0,5069200.0,15394000.0,3001700.0,1931800.0,2342400.0,2994600.0,3189800.0,1882600.0,1749500.0,2275100.0,1499400.0,7215800.0,652060.0,3656200.0,8296200.0,8910100.0,1863600.0,5378600.0,4029700.0,5011000.0,864140.0,1139900.0,5361500.0,1551600.0,6587500.0,3485200.0,7122400.0,1970700.0,1638700.0,1591200.0,1087700.0,1106100.0,2208100.0,945990.0,5091800.0,3371700.0,4404800.0,3356800.0,2894200.0,2745600.0,15584000.0,14989000.0,6042000.0,4601000.0,2807600.0,6148400.0,3762100.0,1781300.0,2740300.0,1353800.0,4824200.0,3044800.0,1.5279,1.8456,4.1705,2.2292,2.4695,3.6654,1.2772,2.2297,4.2231,1.2225,1.9895,4.2277,2.4907,2.6639,4.3091,0.82298,2.0622,4.2172,1.5764,2.501,3.889,3.0395,2.8431,5.845,1.2188,2.0066,4.2222,1.7369,1.7193,4.2479,1.2775,2.2404,4.2392,0.81486,2.0532,4.2121,2.9133,2.8405,4.5723,5.6686,2.7702,1.4405,1.2352,2.8389,3.6183,0.91881,2.1522,3.0147,2.5129,2.0833,4.4769,1.4683,1.6815,3.9006,0.66699,2.6038,3.8791,1.9664,1.7888,3.4904,1.1219,2.4244,3.1272,0.31348,2.2881,3.5468,1.8065,1.6577,3.3921,2.0894,2.7775,4.3459,1.8274,1.6566,3.3819,1.5316,1.6625,3.931,0.37053,2.1528,3.1766,2.0456,2.3848,4.4285,1.4757,1.6813,3.2218,0.85727,1.9034,2.7662,3.0971,2.8416,5.8942,1.9719,1.7775,3.4847,0.95537,2.7159,2.8912,1.7713,2.5889,4.002,0.66703,1.8859,2.7733,1.089,2.4346,3.0877,1.9129,1.9233,4.4941,1.74,1.6734,3.8927,0.54047,2.1918,3.784,1.244,2.4729,3.8072,0.99903,2.0916,3.2472,2.5533,2.3121,4.3113,2.0453,2.1771,4.6952,1.5004,1.6695,3.9172,1.8904,1.9449,4.4897,1.4731,2.1805,3.261,0.83361,2.1419,3.1401,2.4386,2.4024,4.3415,1.9629,2.5741,4.8739,1.9362,2.6042,4.8591,2.5514,2.3111,4.3009,1.2815,2.502,3.9281,1.7372,2.2648,4.3273,2.274,3.0346,4.1793,0.55377,2.4453,2.5268,1.4902,2.0406,4.6002,2.016,3.0496,3.9275,0.32688,2.3807,3.4046,1.6822,1.6252,4.0824,0.75183,2.0939,3.0774,2.2491,2.2859,4.6713,0.61025,2.5345,3.0464,0.94318,2.1457,3.2448,0.085287,2.8953,1.8675,2.0017,2.0656,4.5931,2.5401,2.3338,4.2715,2.5182,2.3177,5.1709,2.072,2.7667,4.3096,1.1119,1.8519,3.9733,4.5995,2.9431,0.55889,0.85558,2.155,3.0309,1.3836,2.1039,4.269,1.1126,2.1379,3.5142,2.2053,2.7197,4.4693,1.6648,1.5943,4.151,1.1561,2.5432,3.0712,0.75168,2.4407,3.7556,2.1207,1.8881,3.7097,1.5365,2.4754,3.4755,1.5593,2.5722,3.586,1.5761,1.6626,4.272,2.0475,2.7596,4.5457,2.1038,2.7572,4.616,3.3317,2.8058,6.0869,1.704,1.6148,4.1785,1.7707,1.9779,3.4223,2.2708,2.9579,5.1145,1.1709,2.5518,3.0752,2.6524,2.4301,4.9946,0.9817,2.6304,4.1074,1.5487,2.4632,3.4985,1.0993,1.8747,4.0952,1.6944,1.6207,4.0803,1.7608,1.9548,3.4253,6.2175,2.9257,3.0126,2.9032,2.2693,4.5996,1.3826,1.9573,4.2599,1.2151,2.6405,3.3403,1.4577,2.4512,3.3678,1.7718,1.9562,3.6958,1.9622,2.3933,4.0073,1.1014,2.3139,3.207,2.4965,2.0038,5.1995,1.1577,2.6716,3.3034,1.447,2.4736,3.3562,0.1688,2.9946,3.2024,0.68137,1.8264,2.8657,1.6858,2.0206,4.469,1.4888,1.8585,4.1537,5.4312,2.8864,1.7658,0.82978,2.1589,2.8421,0.92475,2.6442,4.0791,2.2646,2.5302,3.6537,2.653,2.3714,4.9465,2.8935,2.6504,4.5419,2.0679,2.4574,4.5308,2.3295,2.1334,4.1885,0.75478,2.0581,3.344,0.43616,2.4428,2.9722,0.56322,2.1638,3.8059,2.4443,2.4898,4.492,0.79759,2.4155,2.9304,1.2769,1.5744,4.3221,1.6766,1.992,3.463,0.14802,2.6747,2.1014,3.3732,2.9488,0.13533,0.832,2.3769,2.9513,1.6525,1.649,4.1026,1.542,1.8321,3.2007,0.76946,2.4188,2.8695,2.1871,2.337,4.9521,1.1813,2.5552,3.119,1.1284,2.0932,3.5413,0.49376,2.0055,3.2693,1.7107,1.9771,3.4399,2.4785,2.0883,4.126,2.1281,2.1444,4.9724,1.3237,1.7408,3.8159,0.72879,1.9859,2.7645,2.1237,2.1521,4.9924,2.2686,2.2195,4.4981,1.5455,2.3424,3.9722,4.193,2.9784,0.12457,1.9153,2.403,4.0014,0.77301,1.9754,4.1213,1.1995,2.6075,4.2369,3.4811,2.8357,6.0991,1.6219,1.5842,3.2696,0.25816,2.3344,3.4022,5.0636,2.9817,0.95465,0.50499,2.7977,3.2452,1.2246,2.522,3.0014,2.1833,2.1409,4.9599,1.5293,2.089,4.3754,1.5793,1.6253,3.3234,1.478,2.928,3.2997,0.57982,2.4062,2.7945,0.87488,2.4435,2.9933,0.22621,2.6311,3.3414,1.6994,2.3226,4.1816,0.51329,2.431,2.7442,1.0344,2.2314,3.6371,1.3442,1.793,4.3034,0.27871,2.3206,3.4218,1.589,1.5993,3.2782,0.58804,2.4005,2.7781,3.004,2.867,5.9706,1.9205,2.5777,4.0159,2.0096,2.2039,4.5976,2.4776,2.7324,5.2127,1.7861,1.9651,3.8668,1.346,1.8089,3.7126,2.2202,2.1481,4.9888,1.4512,2.6236,3.9966,0.70407,3.0506,2.4874,4.5747,2.9556,0.32121,1.2587,2.7354,4.279,1.8939,1.9534,3.8895,1.2223,2.6435,2.8378,0.29346,2.7922,2.9223,0.99979,2.8975,4.1682,0.52702,2.4976,2.5826,0.7417,1.9712,2.9289,0.53672,2.4383,3.4111,1.6475,2.191,4.2737,1.2125,2.7412,4.3205,0.64357,1.9835,3.0698,2.0168,1.8651,3.7805,1.2584,1.8556,3.6659,2.4025,2.6843,4.9082,1.4261,1.5494,4.1882,1.3475,2.1443,3.1967,0.67237,2.0045,3.0674,0.60055,2.3743,2.6149,1.7097,2.3243,4.1513,2.362,2.6715,4.9496,0.61639,2.0029,3.0498,1.6112,1.7167,3.3182,0.71483,3.0138,2.5532,0.56045,2.5158,2.5919,3.0597,2.7448,5.9997,6.1684,2.8637,2.5368,4.4221,2.9574,0.13625,2.371,2.3663,3.7538,1.1899,3.0755,4.0452,1.346,2.3569,3.5167,0.47987,3.0932,3.3205,2.3744,2.2213,3.7879,1.2671,1.8497,3.6698,2.4188,2.3304,4.5844,2.5978,2.6536,4.0991,1.2679,2.6998,4.3378,1.8191,1.9579,3.8759,1.1538,2.7814,3.6926,2.405,2.4307,5.028,1.5276,2.6316,3.3155,2.176,2.2168,4.0891,0.82808,1.9392,3.3798,2.399,2.3877,3.7811,2.3557,2.3907,3.7473,2.2204,1.9322,4.9583,2.6567,2.2906,4.8072,2.3737,2.2379,3.8048,1.4049,1.5958,3.8652,2.4221,2.6733,4.9662,1.8396,1.9548,3.8901,0.79649,2.136,4.0384,1.6053,1.8356,4.2899,2.3921,2.6622,4.9632,1.4573,2.3906,3.2598,5.9062,2.864,2.1779,1.8628,1.7777,3.501,1.9875,2.9936,4.2783,2.0457,1.9621,4.7882,1.1254,2.5926,4.3075,1.9177,2.1481,4.8923,1.6337,1.7959,3.9555,1.6109,2.0086,3.3752,1.0703,2.756,3.6303,0.96392,2.8405,3.8209,1.4585,2.4412,3.8735,1.1472,2.7546,3.6746,1.8109,1.7856,4.0904,0.83598,2.4584,2.7866,1.8726,2.0912,4.3903,0.088003,2.7933,2.8958,1.0744,1.9537,4.2895,0.96112,2.3183,3.0359,1.6182,2.3998,4.5783,0.99285,2.0861,2.8333,0.76066,2.0048,2.7192,1.6409,1.7913,3.958,0.90646,2.4535,2.8213,1.3611,1.5876,3.8384,2.7724,2.5969,4.63,1.0712,2.1638,3.6338,1.146,2.7765,3.6662,1.9852,1.9901,4.4746,1.0611,1.9617,4.2535,1.8716,1.6477,3.4436,1.6806,2.4859,3.9896,2.1702,2.5508,4.9086,2.1156,2.3708,3.6668,1.2099,3.0675,3.4475,1.4311,1.4535,4.2414,0.65514,2.9914,3.6347,1.6331,1.7417,4.2364,0.76461,2.0004,2.7335,0.63206,2.2055,3.9848,2.6562,2.6006,4.5267,2.0006,2.1188,3.4431,1.3836,2.9103,3.5391,1.084,2.2023,3.6302,2.5336,2.011,4.4707,1.4958,1.735,4.4215,1.6053,2.5901,3.5767,2.0644,2.2872,4.0674,2.7081,2.3476,4.9914,0.44468,2.5203,2.9451
0.060965,0.096188,0.0029475,215.45,223.06,202.92,0.0012425,0.001384,0.0010093,205.12,213.34,212.24,204.1,196.38,197.47,226.6,213.15,233.92,205.76,235.84,251.75,201.44,204.04,205.07,225.56,210.32,214.91,185.04,189.26,268.03,208.47,183.01,223.75,187.0,236.32,217.23,260.67,154.34,234.72,200.74,208.37,167.34,235.56,237.63,282.31,228.72,192.02,235.05,278.17,253.59,165.38,258.74,179.22,229.31,211.34,247.16,237.84,270.7,236.95,237.75,207.98,264.78,264.12,254.01,211.53,245.63,218.65,201.11,292.81,249.65,249.29,262.27,171.36,218.92,194.71,231.2,210.27,259.02,223.2,216.96,204.74,230.48,238.06,198.05,188.48,231.07,221.54,254.01,240.99,222.91,239.8,240.56,209.19,248.27,141.21,254.15,205.77,224.36,209.44,238.18,265.45,222.56,216.52,192.47,172.35,216.69,289.44,201.08,205.42,263.71,255.62,303.12,248.42,238.98,234.56,308.94,248.97,200.39,235.82,202.65,189.99,237.1,248.92,157.5,251.56,235.04,272.06,259.48,226.59,184.09,227.19,273.27,205.25,231.06,212.56,288.72,178.81,214.12,285.27,253.98,242.79,243.67,209.25,206.28,272.9,234.7,250.14,262.19,201.49,254.31,205.74,251.7,275.85,212.67,248.27,310.19,231.73,239.13,252.57,201.26,218.22,262.54,215.04,146.89,240.12,277.07,258.81,178.3,300.44,205.35,222.31,176.52,156.96,206.43,239.29,181.48,258.96,215.13,200.31,229.23,216.57,229.58,185.56,245.86,226.14,207.36,208.84,210.76,273.43,205.54,249.23,305.68,227.26,243.05,216.41,280.39,225.23,213.78,254.21,287.35,222.87,241.61,247.72,221.5,261.18,228.14,238.54,208.58,227.44,209.74,238.93,226.75,235.03,228.62,237.16,227.52,206.89,253.31,251.49,221.62,200.81,188.83,226.47,272.24,193.62,203.79,277.66,212.22,225.8,235.58,220.45,229.36,252.66,255.3,188.3,248.84,196.2,242.63,210.28,241.7,181.08,244.11,244.66,169.93,255.53,213.71,162.81,236.24,182.75,214.64,234.4,180.54,220.39,232.8,194.62,225.93,229.47,222.14,185.4,234.18,204.98,214.65,213.61,166.18,259.44,255.15,204.49,169.56,202.4,263.95,224.23,227.42,216.57,147.22,160.83,201.09,237.68,217.2,213.55,215.43,205.96,188.79,169.5,184.57,227.58,215.87,234.83,219.82,0.0008147,0.0010441,0.0010402,0.0010725,0.00098063,0.001064,0.0011963,0.00093436,0.0011794,0.00097215,0.0012464,0.0013799,0.001091,0.0010939,0.001008,0.0013528,0.0011913,0.0011771,0.0011765,0.0011631,0.0015804,0.0013699,0.0011375,0.0014744,0.0012844,0.0014288,0.001221,0.0015206,0.0011245,0.0015671,0.001203,0.0012938,0.0011584,0.0013299,0.0014439,0.0016716,0.0013539,0.0013409,0.0014566,0.0015316,0.0013757,0.0010096,0.001602,0.0012509,0.0013524,0.001321,0.0014705,0.0013422,0.0015387,0.0014064,0.0012244,0.0013355,0.001624,0.0014347,0.0015224,0.0013802,0.0014358,0.0014425,0.0014197,0.0017331,0.0016855,0.0015264,0.0016016,0.0013339,0.0015325,0.0012944,0.0015746,0.0014962,0.0015827,0.0014029,0.0015442,0.0014084,0.0013744,0.0015146,0.0013947,0.0013507,0.0013965,0.0014182,0.0016151,0.0015958,0.0014917,0.0016283,0.0015462,0.001323,0.0014095,0.0011526,0.0015728,0.0014392,0.0014683,0.001341,0.0014863,0.0015633,0.0015,0.0014729,0.0012903,0.0012166,0.0013248,0.0017839,0.0013399,0.001338,0.0015848,0.0015545,0.0018641,0.0015071,0.0015904,0.0013379,0.0017256,0.0015614,0.0014174,0.0013772,0.0013949,0.0013768,0.0015581,0.0016493,0.0013107,0.0015775,0.001512,0.0016327,0.0016279,0.0013672,0.001343,0.0016533,0.0015837,0.0014485,0.0014813,0.0012537,0.0018004,0.0012854,0.00092898,0.0017975,0.0016343,0.0016076,0.001601,0.001303,0.0013731,0.0012838,0.001649,0.0015308,0.0016283,0.0013945,0.0015379,0.0013766,0.0013718,0.0016186,0.0014704,0.001546,0.0016188,0.001491,0.0015625,0.0015607,0.0012679,0.0014655,0.0017391,0.0013864,0.0011542,0.0015901,0.0016228,0.0016369,0.0010026,0.0017497,0.0013075,0.0014041,0.0012451,0.0012384,0.0014458,0.0014416,0.0012789,0.0015814,0.0014127,0.00138,0.0014637,0.0012085,0.0014977,0.0014155,0.0015085,0.0014272,0.0014871,0.0014206,0.0013605,0.0015465,0.0013208,0.0015377,0.0017122,0.0014877,0.0015323,0.0015271,0.0016004,0.0014074,0.0014154,0.0014826,0.0015293,0.0014844,0.0014667,0.0015901,0.0017222,0.0015795,0.0014651,0.0014267,0.0014555,0.0014219,0.0014239,0.0014859,0.0014489,0.0015195,0.0013804,0.0017718,0.0014318,0.0014373,0.0015058,0.0014156,0.001396,0.0013654,0.0013031,0.0013634,0.0016537,0.0013686,0.0013613,0.001544,0.0013636,0.0014983,0.0014576,0.0013899,0.0014067,0.0014328,0.0015559,0.0012696,0.0015667,0.001297,0.0014266,0.0014374,0.0013553,0.0012418,0.001355,0.0015219,0.0011943,0.001506,0.0012716,0.0012629,0.001427,0.0011812,0.0013848,0.0013992,0.0012305,0.0013643,0.0013975,0.0011165,0.0013365,0.0013504,0.001387,0.0012196,0.0014645,0.0012641,0.0013537,0.0012335,0.00095757,0.0013524,0.0013988,0.0011417,0.001132,0.0011191,0.0014671,0.0013924,0.001359,0.00099273,0.00089677,0.0010032,0.001015,0.0014136,0.0012898,0.00099879,0.0012101,0.0010064,0.0010108,0.00086768,0.00086916,0.0011251,0.0011644,0.0013052,0.0012172,1074300.0,1105700.0,792270.0,4276700.0,2284500.0,1150800.0,5856800.0,1513400.0,1879800.0,3242500.0,2966100.0,734830.0,5652900.0,1298400.0,4052200.0,2459600.0,5070500.0,4091400.0,1340500.0,3371900.0,2502600.0,3347400.0,11704000.0,958350.0,6311800.0,749460.0,9101500.0,1591900.0,1841400.0,815570.0,3232100.0,1680500.0,5814300.0,23940000.0,2520900.0,2724900.0,4347000.0,1235900.0,1513400.0,1646200.0,2062700.0,1057700.0,2058300.0,1019200.0,7475600.0,2433400.0,1825600.0,1494000.0,2274900.0,15971000.0,952090.0,7278300.0,3995200.0,706940.0,3910700.0,1079100.0,2657700.0,17679000.0,32102000.0,2373200.0,1720700.0,1532600.0,2840700.0,1036400.0,1926200.0,3409900.0,803840.0,2871900.0,1940600.0,3915400.0,2755300.0,1446400.0,1119200.0,15048000.0,5077600.0,1340600.0,3613400.0,1673300.0,965090.0,2573300.0,3702600.0,1313000.0,893150.0,2116300.0,873820.0,1861100.0,2850800.0,4950200.0,4191200.0,2338500.0,5694300.0,1300700.0,9352900.0,4677300.0,1017700.0,1694700.0,903640.0,1769700.0,3509900.0,9918500.0,1730700.0,16523000.0,1417300.0,9919600.0,1633600.0,3256300.0,1272900.0,1628100.0,12535000.0,5115100.0,2157200.0,3869300.0,2389200.0,1225800.0,656170.0,3373000.0,11659000.0,2413800.0,1291100.0,778800.0,1922000.0,735100.0,1193700.0,2218700.0,8786700.0,4156700.0,2627900.0,3087700.0,2361300.0,1498700.0,773560.0,10411000.0,2404500.0,3548600.0,2073400.0,1371700.0,1031900.0,2014200.0,1052000.0,2853800.0,3921600.0,1159600.0,1477000.0,2103000.0,1521000.0,2210500.0,2422200.0,877170.0,6912100.0,1513500.0,9390500.0,6180200.0,809830.0,10291000.0,814480.0,1274500.0,19279000.0,683650.0,12167000.0,721740.0,5575100.0,3693400.0,3817200.0,2647300.0,5252900.0,4116200.0,4227600.0,964530.0,4135000.0,1638700.0,6369200.0,1506700.0,7610900.0,1080700.0,744550.0,4005200.0,2996600.0,1988300.0,8411500.0,2288700.0,948280.0,1205600.0,3671000.0,3568300.0,1940100.0,1475700.0,747540.0,6807100.0,5275200.0,2336700.0,637470.0,17726000.0,3323000.0,5257900.0,1142200.0,18258000.0,5431600.0,1100100.0,8580600.0,1353300.0,1434500.0,3992400.0,5297000.0,799330.0,1639500.0,973680.0,1778500.0,1568200.0,1456500.0,7851700.0,2342100.0,1425100.0,12280000.0,2793800.0,1238000.0,1263500.0,3260300.0,951930.0,4669600.0,1133200.0,1854600.0,8075300.0,4435100.0,696550.0,1421900.0,10018000.0,5258300.0,5069200.0,15394000.0,3001700.0,1931800.0,2342400.0,2994600.0,3189800.0,1882600.0,1749500.0,2275100.0,1499400.0,7215800.0,652060.0,3656200.0,8296200.0,8910100.0,1863600.0,5378600.0,4029700.0,5011000.0,864140.0,1139900.0,5361500.0,1551600.0,6587500.0,3485200.0,7122400.0,1970700.0,1638700.0,1591200.0,1087700.0,1106100.0,2208100.0,945990.0,5091800.0,3371700.0,4404800.0,3356800.0,2894200.0,2745600.0,15584000.0,14989000.0,6042000.0,4601000.0,2807600.0,6148400.0,3762100.0,1781300.0,2740300.0,1353800.0,4824200.0,3044800.0,1.528,1.8459,4.1704,2.2293,2.4697,3.6654,1.2772,2.2298,4.2231,1.2221,1.9895,4.2275,2.4903,2.6639,4.3092,0.82197,2.0622,4.2172,1.5779,2.5014,3.8889,3.0404,2.8432,5.8457,1.2184,2.007,4.2218,1.7366,1.7192,4.2479,1.2776,2.2409,4.2397,0.81346,2.0529,4.212,2.9137,2.8406,4.574,5.6671,2.77,1.4395,1.2353,2.8386,3.6184,0.91761,2.1524,3.0144,2.5138,2.0844,4.478,1.4681,1.6815,3.9004,0.66741,2.6049,3.879,1.9654,1.7896,3.491,1.1232,2.4236,3.1293,0.31438,2.2882,3.5461,1.8071,1.6573,3.3923,2.0877,2.7759,4.3428,1.8285,1.6562,3.3817,1.5331,1.6622,3.9318,0.36982,2.1534,3.1758,2.0461,2.3856,4.4299,1.4758,1.6817,3.2226,0.85787,1.9042,2.766,3.0997,2.8416,5.8966,1.971,1.7779,3.485,0.95405,2.7159,2.8915,1.7699,2.5888,4.002,0.66798,1.8864,2.7727,1.0893,2.4343,3.0887,1.9132,1.9236,4.4941,1.7415,1.6727,3.8925,0.54146,2.1914,3.7854,1.2456,2.4744,3.8081,0.99877,2.0926,3.2464,2.5537,2.3126,4.312,2.0448,2.1778,4.6957,1.501,1.6693,3.9175,1.8902,1.9458,4.4896,1.4728,2.1808,3.2608,0.83358,2.1438,3.1384,2.4392,2.4034,4.3423,1.9634,2.5732,4.8733,1.936,2.6044,4.8583,2.5517,2.3115,4.3014,1.2814,2.5024,3.9275,1.7387,2.2658,4.3283,2.2786,3.0337,4.1829,0.55528,2.4446,2.5286,1.4887,2.0402,4.6001,2.0144,3.0491,3.9248,0.32504,2.3809,3.4035,1.6828,1.625,4.0823,0.75314,2.096,3.0768,2.2495,2.2867,4.672,0.60988,2.5323,3.0479,0.94119,2.1479,3.2437,0.083957,2.8953,1.8644,2.002,2.0681,4.5934,2.54,2.3349,4.2711,2.5125,2.3168,5.1693,2.0695,2.7646,4.3045,1.1128,1.8517,3.9742,4.5987,2.941,0.56059,0.85478,2.1557,3.0302,1.3864,2.1042,4.2692,1.1143,2.1394,3.5148,2.2024,2.7185,4.4662,1.6639,1.594,4.1508,1.1566,2.543,3.0715,0.75186,2.4413,3.7552,2.1226,1.8868,3.7089,1.5343,2.4766,3.4757,1.5558,2.5732,3.5851,1.5733,1.6618,4.2725,2.0461,2.7579,4.5447,2.1032,2.7556,4.6165,3.3317,2.8066,6.0866,1.7037,1.6152,4.1791,1.7732,1.9773,3.4214,2.2761,2.9583,5.1217,1.172,2.5518,3.0751,2.6536,2.4296,4.995,0.9812,2.631,4.1091,1.5468,2.464,3.4995,1.0952,1.8773,4.0951,1.6962,1.6204,4.08,1.7639,1.9529,3.4243,6.2079,2.9247,3.0037,2.9032,2.2683,4.6012,1.3848,1.9573,4.2617,1.2134,2.6388,3.3412,1.4578,2.4511,3.3687,1.7699,1.9553,3.6952,1.9626,2.3953,4.0077,1.1015,2.3149,3.2078,2.4945,2.0017,5.2018,1.1545,2.6704,3.3032,1.4465,2.4743,3.3567,0.16673,2.9962,3.1987,0.68152,1.8272,2.8645,1.6847,2.0202,4.4712,1.4887,1.8581,4.1551,5.4273,2.8855,1.7625,0.83093,2.1602,2.8441,0.9235,2.6452,4.0806,2.2679,2.5297,3.6551,2.6567,2.3682,4.945,2.8973,2.6487,4.5431,2.0668,2.4558,4.5319,2.3277,2.1348,4.1886,0.7541,2.0614,3.3437,0.43928,2.4417,2.9752,0.56266,2.165,3.8083,2.4462,2.4888,4.4945,0.79786,2.4148,2.9325,1.2776,1.5742,4.3234,1.6758,1.9913,3.4635,0.15249,2.6741,2.1025,3.3773,2.9486,0.14216,0.83421,2.3742,2.9552,1.6523,1.6496,4.1032,1.5453,1.8328,3.2012,0.76979,2.4176,2.8702,2.1876,2.3364,4.952,1.1835,2.555,3.1208,1.1312,2.0971,3.5425,0.49204,2.0069,3.2699,1.7106,1.9759,3.4396,2.4829,2.0876,4.1211,2.125,2.1439,4.9724,1.3248,1.7402,3.8169,0.73004,1.9863,2.7648,2.1222,2.1518,4.9937,2.2664,2.2211,4.5003,1.5447,2.3442,3.9727,4.1923,2.9772,0.12388,1.9137,2.4052,4.0018,0.77051,1.9756,4.1216,1.2008,2.6084,4.2387,3.4797,2.835,6.1001,1.6268,1.5827,3.2695,0.25596,2.3354,3.4014,5.0619,2.9814,0.95302,0.50317,2.7981,3.2454,1.2234,2.5225,3.0025,2.1838,2.1409,4.9598,1.5315,2.0888,4.3767,1.5814,1.6255,3.3249,1.4881,2.9287,3.3012,0.58498,2.4048,2.7977,0.87321,2.4427,2.9934,0.22707,2.6314,3.3417,1.7044,2.3255,4.1841,0.51607,2.4308,2.7453,1.0337,2.2336,3.6362,1.3425,1.7924,4.3038,0.27714,2.321,3.4223,1.5919,1.5987,3.278,0.59371,2.3987,2.7803,3.0039,2.8668,5.9726,1.9168,2.5768,4.0151,2.0105,2.2043,4.5979,2.4717,2.7308,5.2102,1.7818,1.965,3.8654,1.3475,1.8086,3.7133,2.2221,2.148,4.9893,1.4523,2.6226,3.9957,0.69408,3.0495,2.4747,4.5716,2.9545,0.31924,1.2598,2.7377,4.2772,1.8937,1.9535,3.8896,1.2217,2.6439,2.8368,0.2902,2.7925,2.9206,1.0012,2.898,4.1689,0.52568,2.4967,2.5827,0.74389,1.973,2.9266,0.5362,2.4397,3.4105,1.65,2.1916,4.275,1.2103,2.7432,4.3193,0.64413,1.9847,3.0679,2.0184,1.8644,3.7793,1.2611,1.8562,3.6666,2.4006,2.6832,4.9059,1.4278,1.5503,4.1885,1.3459,2.1441,3.1973,0.67343,2.0063,3.066,0.60488,2.3717,2.6161,1.712,2.3261,4.152,2.3589,2.6697,4.9487,0.61591,2.0046,3.0476,1.6129,1.717,3.3178,0.71804,3.0132,2.5543,0.56003,2.5158,2.592,3.0644,2.7447,6.0035,6.1678,2.8637,2.5366,4.4151,2.9562,0.12915,2.3716,2.3648,3.7535,1.1984,3.0752,4.0559,1.3431,2.3597,3.5153,0.46706,3.0935,3.3096,2.3744,2.2208,3.7872,1.269,1.8497,3.6705,2.4186,2.3303,4.5852,2.5983,2.6546,4.1014,1.2681,2.7002,4.3378,1.8165,1.9576,3.8748,1.1545,2.7808,3.6937,2.4037,2.4291,5.0261,1.5255,2.6316,3.3163,2.1763,2.2179,4.0887,0.82881,1.9402,3.3799,2.4,2.3869,3.7817,2.3558,2.39,3.747,2.2216,1.9336,4.9602,2.6568,2.2906,4.8076,2.374,2.238,3.8047,1.4055,1.5961,3.8661,2.4208,2.6718,4.9654,1.838,1.9546,3.8896,0.79706,2.1357,4.0408,1.6052,1.8357,4.2908,2.3904,2.6605,4.9628,1.4575,2.3907,3.2598,5.9054,2.8634,2.1769,1.8629,1.777,3.5018,1.9873,2.9925,4.277,2.0468,1.9626,4.7893,1.1263,2.593,4.3085,1.919,2.1482,4.8932,1.6341,1.7956,3.9552,1.6111,2.0085,3.3746,1.0719,2.7553,3.6322,0.96551,2.8406,3.8213,1.4607,2.4426,3.8744,1.1477,2.7533,3.6751,1.8101,1.7851,4.0902,0.83406,2.4583,2.787,1.8717,2.0919,4.3906,0.088457,2.7932,2.8976,1.074,1.9535,4.2903,0.96157,2.3177,3.0367,1.6178,2.3999,4.578,0.99313,2.086,2.8333,0.76115,2.0049,2.7185,1.6416,1.7908,3.9576,0.90613,2.4533,2.8227,1.3604,1.5876,3.8385,2.7724,2.5972,4.6297,1.0709,2.1647,3.634,1.1467,2.7758,3.6666,1.9854,1.9902,4.4746,1.0604,1.9617,4.2533,1.8721,1.6476,3.4435,1.6812,2.4861,3.9893,2.1717,2.5505,4.9081,2.1145,2.3705,3.6656,1.2102,3.0673,3.4481,1.4307,1.4532,4.2416,0.65617,2.9912,3.6353,1.6333,1.7414,4.2365,0.76514,2.0004,2.7332,0.63051,2.2058,3.9859,2.6552,2.6006,4.5265,2.0009,2.1185,3.4432,1.3836,2.9099,3.5391,1.0841,2.2027,3.63,2.5337,2.0114,4.4708,1.4959,1.735,4.4214,1.6051,2.59,3.5765,2.0645,2.2872,4.0673,2.708,2.3468,4.9909,0.44469,2.52,2.9448
0.062849,0.099182,0.0030041,215.33,223.2,202.38,0.0012416,0.0013842,0.0010068,204.62,212.9,211.88,203.93,196.05,197.09,225.91,212.58,233.7,205.38,235.62,251.53,201.21,203.72,204.79,225.62,209.84,214.76,184.96,189.06,268.18,208.21,182.77,223.63,186.59,236.29,217.02,260.73,154.29,234.71,200.39,208.03,167.28,235.47,237.49,282.01,228.71,192.19,235.06,278.0,253.28,165.16,258.96,179.16,228.98,211.53,246.75,237.38,270.34,236.62,237.39,208.04,264.59,263.47,253.67,211.53,245.13,219.15,201.52,292.47,249.16,250.21,263.66,170.15,218.8,195.01,232.54,211.62,258.75,224.06,217.47,203.39,229.66,237.56,198.03,187.41,229.9,220.57,254.53,240.92,223.13,240.35,239.88,208.99,247.11,139.02,253.95,206.56,219.39,209.35,237.96,266.62,224.57,219.2,187.51,174.64,217.41,291.16,202.49,205.14,261.85,255.92,305.8,250.01,242.02,221.34,309.66,251.16,201.63,236.64,204.67,190.45,238.59,240.79,160.52,252.36,235.4,274.28,255.96,230.2,185.58,218.82,274.89,208.72,235.27,208.86,292.14,179.21,219.12,290.47,255.86,243.22,239.36,209.46,206.02,270.16,228.16,253.61,262.04,203.83,253.25,207.64,251.17,277.33,215.04,236.35,310.24,236.25,240.5,245.41,202.19,218.81,262.94,215.9,148.05,236.35,280.17,260.46,179.54,303.28,205.73,223.26,177.08,155.28,207.62,241.19,182.95,260.58,211.74,200.92,229.98,213.86,227.44,184.91,247.6,227.4,208.08,209.72,211.78,272.47,204.37,249.07,308.0,228.29,242.04,217.25,280.16,225.68,214.43,253.15,287.19,222.7,240.51,249.48,222.73,261.9,227.65,240.08,208.12,226.79,210.53,239.93,227.54,235.78,228.62,238.32,227.35,206.65,253.77,251.0,221.66,200.99,189.41,226.04,272.36,193.62,203.99,277.97,212.66,226.06,235.2,220.29,229.09,252.34,255.08,188.38,249.88,196.4,242.35,209.95,241.57,181.16,243.93,244.5,169.66,255.13,213.48,162.85,235.91,182.45,214.71,234.24,180.39,220.41,232.5,194.13,225.86,229.26,222.19,185.23,233.91,204.67,214.56,213.4,165.82,259.19,254.94,204.23,169.22,202.07,263.54,224.17,227.09,216.22,146.86,160.5,200.71,237.28,217.21,213.18,215.16,205.53,188.47,169.25,184.23,227.08,215.29,234.58,219.23,0.00081063,0.0010402,0.0010362,0.0010701,0.00097738,0.0010601,0.0011922,0.00093036,0.0011776,0.0009687,0.0012443,0.0013784,0.0010882,0.0010918,0.0010049,0.0013519,0.0011879,0.0011753,0.0011761,0.001162,0.0015804,0.0013683,0.0011356,0.0014739,0.0012817,0.0014281,0.0012199,0.001521,0.0011243,0.0015667,0.0012004,0.0012928,0.0011577,0.0013292,0.0014429,0.0016695,0.0013525,0.0013413,0.0014556,0.0015299,0.0013735,0.0010075,0.0016038,0.0012496,0.0013501,0.0013218,0.0014684,0.0013388,0.0015361,0.0014039,0.0012208,0.0013351,0.0016213,0.0014312,0.0015195,0.0013798,0.0014333,0.0014458,0.0014219,0.001732,0.0016814,0.0015309,0.0016072,0.0013275,0.0015301,0.0012954,0.0015843,0.0015078,0.0015828,0.0014068,0.001547,0.0014035,0.0013692,0.0015126,0.0013959,0.0013433,0.0013913,0.0014172,0.0016192,0.0015967,0.001497,0.0016303,0.0015451,0.0013283,0.0014084,0.0011414,0.0015741,0.0014468,0.0014502,0.0013366,0.0014865,0.0015636,0.0015145,0.001492,0.0012881,0.0012298,0.0013311,0.0017957,0.0013479,0.0013363,0.0015711,0.0015574,0.0018804,0.0015165,0.0016041,0.0012136,0.0017299,0.0015739,0.0014265,0.0013828,0.0013943,0.0013755,0.0015668,0.0015931,0.0013157,0.0015723,0.0015169,0.0016444,0.0016172,0.0013659,0.0013497,0.0016085,0.001595,0.001466,0.0015022,0.0011881,0.0018188,0.0012883,0.00094657,0.0018257,0.0016449,0.0016111,0.0015892,0.0013051,0.0013793,0.0012022,0.0016207,0.0015485,0.0016319,0.0014037,0.0015419,0.001388,0.0013718,0.0016211,0.0014856,0.0014535,0.0016174,0.0015109,0.0015703,0.0015184,0.0012757,0.0014671,0.0017469,0.0013922,0.0011601,0.0015739,0.0016391,0.0016468,0.00098231,0.001766,0.0013099,0.0014097,0.0012482,0.001232,0.0014548,0.0014526,0.0012895,0.0015904,0.0013994,0.0013856,0.0014695,0.0011964,0.0014886,0.0014157,0.0015205,0.0014343,0.0014952,0.0014278,0.001367,0.0015443,0.0013165,0.0015381,0.0017278,0.0014947,0.0015256,0.001534,0.0016,0.0014103,0.0014212,0.001476,0.0015269,0.0014836,0.0014598,0.0016023,0.001728,0.0015849,0.0014602,0.0014203,0.001456,0.0014162,0.0014279,0.0014925,0.001454,0.0015243,0.0013789,0.0017751,0.0014302,0.0014338,0.0015099,0.0014104,0.0013936,0.0013667,0.0013069,0.0013595,0.0016533,0.0013671,0.0013618,0.0015457,0.0013659,0.0014995,0.0014546,0.0013881,0.0014038,0.0014305,0.0015552,0.0012698,0.0015737,0.0012987,0.0014257,0.0014358,0.0013549,0.0012419,0.0013533,0.0015201,0.0011922,0.0015038,0.0012699,0.0012615,0.0014247,0.0011791,0.0013853,0.0013978,0.0012292,0.0013626,0.0013958,0.0011136,0.0013359,0.0013481,0.0013859,0.0012175,0.0014624,0.0012621,0.0013524,0.0012316,0.00095475,0.0013512,0.0013977,0.0011393,0.0011293,0.0011162,0.0014639,0.0013914,0.0013572,0.00098988,0.00089389,0.00099978,0.0010113,0.001411,0.0012894,0.00099564,0.0012075,0.0010031,0.0010079,0.00086522,0.00086581,0.0011215,0.0011602,0.0013029,0.0012137,1074300.0,1105700.0,792270.0,4276700.0,2284500.0,1150800.0,5856800.0,1513400.0,1879800.0,3242500.0,2966100.0,734830.0,5652900.0,1298400.0,4052200.0,2459600.0,5070500.0,4091400.0,1340500.0,3371900.0,2502600.0,3347400.0,11704000.0,958350.0,6311800.0,749460.0,9101500.0,1591900.0,1841400.0,815570.0,3232100.0,1680500.0,5814300.0,23940000.0,2520900.0,2724900.0,4347000.0,1235900.0,1513400.0,1646200.0,2062700.0,1057700.0,2058300.0,1019200.0,7475600.0,2433400.0,1825600.0,1494000.0,2274900.0,15971000.0,952090.0,7278300.0,3995200.0,706940.0,3910700.0,1079100.0,2657700.0,17679000.0,32102000.0,2373200.0,1720700.0,1532600.0,2840700.0,1036400.0,1926200.0,3409900.0,803840.0,2871900.0,1940600.0,3915400.0,2755300.0,1446400.0,1119200.0,15048000.0,5077600.0,1340600.0,3613400.0,1673300.0,965090.0,2573300.0,3702600.0,1313000.0,893150.0,2116300.0,873820.0,1861100.0,2850800.0,4950200.0,4191200.0,2338500.0,5694300.0,1300700.0,9352900.0,4677300.0,1017700.0,1694700.0,903640.0,1769700.0,3509900.0,9918500.0,1730700.0,16523000.0,1417300.0,9919600.0,1633600.0,3256300.0,1272900.0,1628100.0,12535000.0,5115100.0,2157200.0,3869300.0,2389200.0,1225800.0,656170.0,3373000.0,11659000.0,2413800.0,1291100.0,778800.0,1922000.0,735100.0,1193700.0,2218700.0,8786700.0,4156700.0,2627900.0,3087700.0,2361300.0,1498700.0,773560.0,10411000.0,2404500.0,3548600.0,2073400.0,1371700.0,1031900.0,2014200.0,1052000.0,2853800.0,3921600.0,1159600.0,1477000.0,2103000.0,1521000.0,2210500.0,2422200.0,877170.0,6912100.0,1513500.0,9390500.0,6180200.0,809830.0,10291000.0,814480.0,1274500.0,19279000.0,683650.0,12167000.0,721740.0,5575100.0,3693400.0,3817200.0,2647300.0,5252900.0,4116200.0,4227600.0,964530.0,4135000.0,1638700.0,6369200.0,1506700.0,7610900.0,1080700.0,744550.0,4005200.0,2996600.0,1988300.0,8411500.0,2288700.0,948280.0,1205600.0,3671000.0,3568300.0,1940100.0,1475700.0,747540.0,6807100.0,5275200.0,2336700.0,637470.0,17726000.0,3323000.0,5257900.0,1142200.0,18258000.0,5431600.0,1100100.0,8580600.0,1353300.0,1434500.0,3992400.0,5297000.0,799330.0,1639500.0,973680.0,1778500.0,1568200.0,1456500.0,7851700.0,2342100.0,1425100.0,12280000.0,2793800.0,1238000.0,1263500.0,3260300.0,951930.0,4669600.0,1133200.0,1854600.0,8075300.0,4435100.0,696550.0,1421900.0,10018000.0,5258300.0,5069200.0,15394000.0,3001700.0,1931800.0,2342400.0,2994600.0,3189800.0,1882600.0,1749500.0,2275100.0,1499400.0,7215800.0,652060.0,3656200.0,8296200.0,8910100.0,1863600.0,5378600.0,4029700.0,5011000.0,864140.0,1139900.0,5361500.0,1551600.0,6587500.0,3485200.0,7122400.0,1970700.0,1638700.0,1591200.0,1087700.0,1106100.0,2208100.0,945990.0,5091800.0,3371700.0,4404800.0,3356800.0,2894200.0,2745600.0,15584000.0,14989000.0,6042000.0,4601000.0,2807600.0,6148400.0,3762100.0,1781300.0,2740300.0,1353800.0,4824200.0,3044800.0,1.5282,1.8461,4.1703,2.2294,2.4698,3.6654,1.2771,2.2299,4.2231,1.2218,1.9895,4.2273,2.49,2.6639,4.3093,0.821,2.0622,4.2173,1.5793,2.5019,3.8887,3.0413,2.8433,5.8464,1.218,2.0075,4.2215,1.7363,1.7192,4.2479,1.2776,2.2413,4.2402,0.81209,2.0526,4.2119,2.9141,2.8407,4.5756,5.6657,2.7697,1.4385,1.2353,2.8384,3.6184,0.91645,2.1525,3.0141,2.5147,2.0854,4.4791,1.4679,1.6816,3.9003,0.66783,2.606,3.8789,1.9643,1.7903,3.4915,1.1244,2.4229,3.1314,0.31522,2.2883,3.5455,1.8076,1.6569,3.3924,2.086,2.7744,4.3398,1.8294,1.6559,3.3815,1.5345,1.6618,3.9325,0.36914,2.154,3.175,2.0467,2.3864,4.4313,1.4758,1.682,3.2233,0.85844,1.9049,2.7658,3.1021,2.8415,5.8988,1.9702,1.7783,3.4853,0.95275,2.7158,2.8919,1.7686,2.5887,4.0021,0.66887,1.8869,2.772,1.0895,2.434,3.0896,1.9136,1.9239,4.4941,1.743,1.672,3.8924,0.54241,2.191,3.7868,1.2472,2.4758,3.809,0.9985,2.0935,3.2456,2.5541,2.3131,4.3128,2.0443,2.1786,4.6962,1.5015,1.669,3.9177,1.8901,1.9466,4.4895,1.4724,2.1811,3.2606,0.83352,2.1456,3.1368,2.4398,2.4043,4.343,1.9639,2.5724,4.8727,1.9358,2.6046,4.8575,2.552,2.3119,4.302,1.2813,2.5028,3.927,1.7401,2.2668,4.3294,2.283,3.0329,4.1863,0.55673,2.4439,2.5302,1.4873,2.0398,4.6001,2.0129,3.0486,3.9222,0.32324,2.381,3.4024,1.6834,1.6247,4.0822,0.75443,2.098,3.0762,2.2499,2.2875,4.6726,0.60948,2.5301,3.0494,0.93919,2.15,3.2426,0.082693,2.8954,1.8614,2.0024,2.0704,4.5937,2.5399,2.3359,4.2706,2.5069,2.3159,5.1677,2.0672,2.7625,4.2994,1.1136,1.8516,3.9752,4.5979,2.9389,0.56228,0.85395,2.1565,3.0295,1.3891,2.1045,4.2693,1.116,2.1409,3.5155,2.1995,2.7173,4.4632,1.6629,1.5937,4.1507,1.157,2.5427,3.0717,0.75209,2.4419,3.7548,2.1245,1.8856,3.7081,1.532,2.4777,3.476,1.5524,2.5741,3.5843,1.5704,1.6609,4.2731,2.0446,2.7562,4.5437,2.1025,2.7541,4.617,3.3319,2.8075,6.0864,1.7034,1.6155,4.1796,1.7756,1.9767,3.4207,2.2812,2.9588,5.1288,1.1732,2.5517,3.075,2.6551,2.4292,4.9956,0.98083,2.6317,4.111,1.5449,2.4648,3.5005,1.091,1.8799,4.0951,1.6982,1.6201,4.0798,1.7673,1.951,3.4231,6.1991,2.9238,2.9957,2.903,2.2673,4.6029,1.387,1.9573,4.2635,1.2117,2.6372,3.342,1.458,2.4511,3.3695,1.7681,1.9543,3.6947,1.9628,2.3972,4.0081,1.1017,2.3158,3.2085,2.4924,1.9995,5.2041,1.1513,2.6692,3.303,1.446,2.4751,3.3571,0.16409,2.9978,3.1942,0.68171,1.8281,2.8634,1.6835,2.0198,4.4735,1.4884,1.8577,4.1565,5.4234,2.8847,1.7591,0.83207,2.1614,2.8462,0.92273,2.6463,4.0823,2.2711,2.5291,3.6564,2.6616,2.3648,4.9437,2.9011,2.647,4.5443,2.0658,2.4543,4.5331,2.3256,2.1361,4.1888,0.75336,2.0648,3.3434,0.44201,2.4407,2.9782,0.56214,2.1661,3.8106,2.448,2.4879,4.497,0.79765,2.4143,2.9342,1.2784,1.574,4.3248,1.6748,1.9906,3.4641,0.1568,2.6735,2.1034,3.3811,2.9484,0.14884,0.83637,2.3715,2.9593,1.6519,1.6501,4.1039,1.5491,1.8337,3.2015,0.7702,2.4163,2.8709,2.1879,2.3359,4.9519,1.1859,2.5549,3.1225,1.1337,2.1006,3.5437,0.49032,2.0083,3.2705,1.7102,1.9748,3.4393,2.4874,2.0863,4.1157,2.1214,2.1434,4.9723,1.3259,1.7396,3.818,0.7312,1.9868,2.7651,2.1206,2.1514,4.9951,2.264,2.2228,4.5026,1.5437,2.3461,3.9732,4.1915,2.9761,0.1232,1.9122,2.4073,4.0023,0.76785,1.9759,4.122,1.2018,2.6092,4.2405,3.4783,2.8344,6.101,1.6319,1.5814,3.2695,0.25389,2.3364,3.4005,5.0608,2.981,0.95184,0.50115,2.7985,3.2456,1.2222,2.5229,3.0035,2.1844,2.141,4.9598,1.5338,2.0886,4.3781,1.5837,1.6258,3.3265,1.4988,2.9293,3.3032,0.59029,2.4033,2.8009,0.87151,2.442,2.9935,0.22773,2.6319,3.3417,1.7096,2.3285,4.1865,0.51895,2.4307,2.7463,1.0329,2.2357,3.6353,1.3407,1.7919,4.3041,0.27548,2.3214,3.4228,1.5949,1.598,3.2778,0.59951,2.3969,2.7826,3.0037,2.8667,5.9745,1.9131,2.5759,4.0142,2.0113,2.2046,4.5981,2.4658,2.7292,5.2077,1.7775,1.9649,3.864,1.3489,1.8083,3.714,2.224,2.1479,4.9897,1.4535,2.6217,3.9948,0.68432,3.0485,2.4621,4.5686,2.9534,0.31738,1.2611,2.7401,4.2754,1.8936,1.9537,3.8898,1.2213,2.6444,2.8356,0.2868,2.7927,2.9188,1.0026,2.8986,4.1695,0.52431,2.4958,2.5828,0.74622,1.9748,2.9243,0.53564,2.441,3.4099,1.6524,2.1922,4.2762,1.2081,2.7452,4.3181,0.64472,1.9859,3.0661,2.0201,1.8637,3.7781,1.2639,1.8568,3.6674,2.399,2.6821,4.9037,1.4294,1.5511,4.1888,1.3442,2.144,3.198,0.67446,2.008,3.0647,0.60924,2.3691,2.6172,1.7142,2.328,4.1526,2.3558,2.668,4.9478,0.61547,2.0062,3.0455,1.6147,1.7174,3.3175,0.72096,3.0126,2.5552,0.5596,2.5159,2.592,3.069,2.7445,6.0073,6.1673,2.8636,2.5364,4.4082,2.955,0.12226,2.3721,2.3633,3.7532,1.2063,3.0749,4.066,1.3404,2.3625,3.5139,0.45423,3.0938,3.2987,2.3745,2.2204,3.7866,1.2707,1.8496,3.6713,2.4184,2.3302,4.586,2.5988,2.6555,4.1037,1.2683,2.7005,4.3378,1.8139,1.9574,3.8737,1.1552,2.7804,3.6947,2.4024,2.4276,5.0242,1.5234,2.6317,3.317,2.1765,2.219,4.0884,0.82949,1.9412,3.3801,2.401,2.386,3.7823,2.3558,2.3894,3.7467,2.2227,1.935,4.9621,2.6568,2.2906,4.808,2.3742,2.238,3.8045,1.406,1.5964,3.867,2.4196,2.6704,4.9647,1.8364,1.9545,3.8892,0.79765,2.1354,4.0432,1.6051,1.8358,4.2917,2.3888,2.6589,4.9625,1.4577,2.3908,3.2597,5.9044,2.8628,2.1759,1.8629,1.7764,3.5025,1.987,2.9914,4.2758,2.0478,1.9631,4.7904,1.1271,2.5935,4.3095,1.9203,2.1482,4.8941,1.6345,1.7953,3.9548,1.6113,2.0085,3.374,1.0734,2.7547,3.6339,0.96704,2.8408,3.8217,1.4629,2.4439,3.8753,1.1483,2.7519,3.6756,1.8093,1.7845,4.0901,0.8322,2.4582,2.7874,1.8709,2.0926,4.3908,0.08888,2.793,2.8993,1.0736,1.9534,4.2911,0.96201,2.3171,3.0375,1.6173,2.4001,4.5777,0.99339,2.0859,2.8333,0.76162,2.0051,2.7179,1.6424,1.7904,3.9573,0.9058,2.4531,2.8241,1.3598,1.5876,3.8385,2.7723,2.5973,4.6295,1.0705,2.1657,3.6341,1.1473,2.775,3.667,1.9857,1.9903,4.4746,1.0597,1.9616,4.2531,1.8726,1.6476,3.4433,1.6817,2.4863,3.989,2.1732,2.5503,4.9077,2.1135,2.3703,3.6644,1.2105,3.0671,3.4485,1.4302,1.453,4.2418,0.65715,2.991,3.6359,1.6335,1.7411,4.2366,0.76565,2.0005,2.733,0.629,2.2061,3.987,2.6543,2.6005,4.5263,2.0012,2.1183,3.4434,1.3835,2.9096,3.539,1.0842,2.203,3.6298,2.5338,2.0118,4.4709,1.496,1.735,4.4214,1.6049,2.5899,3.5764,2.0646,2.2872,4.0672,2.7079,2.346,4.9903,0.44469,2.5197,2.9445
0.064714,0.10215,0.003059,215.28,223.4,201.9,0.0012411,0.0013847,0.0010046,204.14,212.5,211.6,203.82,195.78,196.81,225.22,212.04,233.52,205.11,235.45,251.36,201.04,203.48,204.59,225.81,209.4,214.69,184.91,188.92,268.4,207.93,182.53,223.46,186.16,236.35,216.92,260.89,154.29,234.62,200.08,207.73,167.27,235.43,237.35,281.78,228.79,192.21,235.18,277.97,253.07,165.05,259.2,179.16,228.78,211.8,246.41,236.99,270.12,236.39,237.16,208.19,264.49,262.9,253.51,211.63,244.73,219.66,201.87,292.21,248.83,251.22,265.18,169.06,218.8,195.38,233.83,212.8,258.6,224.95,218.08,202.06,228.85,237.24,198.08,186.63,228.77,219.89,255.24,240.99,223.43,241.01,239.4,208.75,246.27,137.14,253.87,207.07,214.21,209.57,237.9,267.65,226.51,221.78,182.94,177.69,218.05,292.86,204.04,205.09,258.49,256.42,308.24,251.44,245.18,209.02,310.19,253.19,202.83,237.57,207.1,190.62,240.04,233.68,164.25,253.53,236.15,276.28,253.91,234.24,187.07,212.07,276.16,212.13,239.04,206.28,295.39,179.77,224.3,295.21,258.01,243.41,233.32,209.76,205.87,267.91,225.83,256.92,262.05,206.95,252.17,209.71,250.83,278.95,217.34,226.0,310.36,237.27,241.01,236.03,203.06,219.5,264.05,216.74,149.11,235.51,283.02,262.2,182.55,305.85,206.11,224.34,177.69,152.68,208.85,242.95,184.43,262.3,208.51,201.53,230.54,211.48,226.57,185.02,249.14,228.71,209.05,210.53,212.64,271.17,203.46,248.64,310.28,229.31,241.43,218.12,280.14,226.46,215.12,252.28,287.2,222.43,239.64,251.01,224.08,262.46,227.4,241.4,207.82,226.2,211.41,240.95,228.26,236.44,228.75,239.63,227.28,206.58,254.26,250.67,221.88,201.12,189.96,225.73,272.62,193.71,204.3,278.3,213.02,226.23,234.96,220.24,228.92,252.12,254.8,188.43,250.86,196.52,242.04,209.69,241.48,181.29,243.83,244.46,169.4,254.76,213.3,162.98,235.68,182.21,214.85,234.17,180.33,220.37,232.19,193.67,225.86,229.16,222.31,185.12,233.71,204.42,214.48,213.28,165.52,258.92,254.81,204.03,168.96,201.82,263.22,224.2,226.73,215.88,146.55,160.25,200.39,236.96,217.16,212.79,214.95,205.18,188.22,169.06,183.96,226.64,214.8,234.42,218.75,0.00080683,0.0010365,0.0010327,0.0010682,0.00097473,0.0010568,0.0011882,0.00092674,0.0011763,0.00096596,0.0012426,0.0013774,0.0010859,0.0010903,0.0010024,0.0013518,0.0011848,0.0011743,0.0011761,0.0011612,0.0015809,0.0013665,0.0011338,0.0014731,0.0012788,0.001428,0.0012195,0.0015221,0.0011247,0.0015658,0.0011982,0.0012921,0.0011573,0.001329,0.001442,0.0016679,0.0013518,0.0013407,0.0014553,0.0015291,0.0013719,0.0010062,0.0016059,0.0012487,0.0013487,0.0013232,0.0014667,0.0013358,0.0015344,0.0014022,0.0012181,0.0013353,0.0016193,0.0014284,0.0015177,0.0013802,0.0014312,0.001449,0.0014236,0.0017313,0.0016783,0.0015361,0.0016135,0.0013212,0.0015281,0.0012971,0.0015936,0.0015185,0.0015837,0.001411,0.0015507,0.0013983,0.0013642,0.0015118,0.0013977,0.001337,0.0013862,0.0014174,0.0016241,0.0015986,0.0015025,0.0016334,0.0015455,0.0013329,0.0014085,0.0011309,0.0015751,0.0014529,0.0014304,0.0013341,0.001487,0.0015617,0.0015283,0.0015093,0.001286,0.0012431,0.0013366,0.0018072,0.0013566,0.0013362,0.001551,0.0015613,0.0018955,0.001525,0.0016183,0.0010989,0.0017333,0.0015854,0.0014352,0.0013892,0.0013982,0.0013737,0.0015752,0.0015303,0.0013219,0.0015693,0.0015229,0.0016548,0.0016098,0.001366,0.0013565,0.0015606,0.0016048,0.0014836,0.0015212,0.0011349,0.001836,0.0012923,0.00096248,0.0018506,0.0016567,0.0016127,0.001564,0.001308,0.0013845,0.0011277,0.0016124,0.0015647,0.0016358,0.001417,0.0015448,0.0014002,0.0013725,0.0016239,0.0015006,0.0013766,0.0016166,0.0015116,0.0015737,0.0014558,0.0012831,0.0014696,0.0017604,0.0013981,0.0011654,0.001561,0.0016543,0.0016572,0.00097378,0.0017801,0.0013124,0.001416,0.001252,0.0012217,0.001462,0.0014628,0.0013002,0.0016,0.0013871,0.0013914,0.0014751,0.0011868,0.0014874,0.0014199,0.0015313,0.0014418,0.0015038,0.0014342,0.0013724,0.0015402,0.0013146,0.0015369,0.0017424,0.0015015,0.0015215,0.0015408,0.0016014,0.0014155,0.001427,0.0014703,0.0015262,0.0014819,0.0014542,0.0016135,0.0017345,0.0015897,0.001457,0.0014098,0.0014575,0.0014108,0.0014326,0.0014992,0.0014587,0.0015287,0.0013784,0.0017797,0.0014295,0.0014313,0.0015142,0.001406,0.0013925,0.001368,0.0013106,0.0013562,0.001654,0.0013663,0.0013632,0.0015478,0.0013677,0.0015001,0.0014527,0.0013871,0.0014016,0.0014292,0.001554,0.0012697,0.0015804,0.0012999,0.0014243,0.0014347,0.0013548,0.0012424,0.0013523,0.0015194,0.00119,0.0015019,0.0012687,0.0012609,0.0014231,0.0011778,0.0013864,0.001397,0.0012286,0.0013605,0.0013939,0.001111,0.0013356,0.0013464,0.0013855,0.0012159,0.0014609,0.0012606,0.0013512,0.0012305,0.00095246,0.00135,0.0013971,0.0011374,0.0011272,0.0011139,0.0014614,0.001391,0.0013551,0.00098728,0.00089146,0.00099698,0.0010082,0.0014089,0.0012888,0.00099259,0.0012053,0.0010003,0.0010056,0.00086326,0.00086298,0.0011185,0.0011565,0.0013011,0.0012109,1074300.0,1105700.0,792270.0,4276700.0,2284500.0,1150800.0,5856800.0,1513400.0,1879800.0,3242500.0,2966100.0,734830.0,5652900.0,1298400.0,4052200.0,2459600.0,5070500.0,4091400.0,1340500.0,3371900.0,2502600.0,3347400.0,11704000.0,958350.0,6311800.0,749460.0,9101500.0,1591900.0,1841400.0,815570.0,3232100.0,1680500.0,5814300.0,23940000.0,2520900.0,2724900.0,4347000.0,1235900.0,1513400.0,1646200.0,2062700.0,1057700.0,2058300.0,1019200.0,7475600.0,2433400.0,1825600.0,1494000.0,2274900.0,15971000.0,952090.0,7278300.0,3995200.0,706940.0,3910700.0,1079100.0,2657700.0,17679000.0,32102000.0,2373200.0,1720700.0,1532600.0,2840700.0,1036400.0,1926200.0,3409900.0,803840.0,2871900.0,1940600.0,3915400.0,2755300.0,1446400.0,1119200.0,15048000.0,5077600.0,1340600.0,3613400.0,1673300.0,965090.0,2573300.0,3702600.0,1313000.0,893150.0,2116300.0,873820.0,1861100.0,2850800.0,4950200.0,4191200.0,2338500.0,5694300.0,1300700.0,9352900.0,4677300.0,1017700.0,1694700.0,903640.0,1769700.0,3509900.0,9918500.0,1730700.0,16523000.0,1417300.0,9919600.0,1633600.0,3256300.0,1272900.0,1628100.0,12535000.0,5115100.0,2157200.0,3869300.0,2389200.0,1225800.0,656170.0,3373000.0,11659000.0,2413800.0,1291100.0,778800.0,1922000.0,735100.0,1193700.0,2218700.0,8786700.0,4156700.0,2627900.0,3087700.0,2361300.0,1498700.0,773560.0,10411000.0,2404500.0,3548600.0,2073400.0,1371700.0,1031900.0,2014200.0,1052000.0,2853800.0,3921600.0,1159600.0,1477000.0,2103000.0,1521000.0,2210500.0,2422200.0,877170.0,6912100.0,1513500.0,9390500.0,6180200.0,809830.0,10291000.0,814480.0,1274500.0,19279000.0,683650.0,12167000.0,721740.0,5575100.0,3693400.0,3817200.0,2647300.0,5252900.0,4116200.0,4227600.0,964530.0,4135000.0,1638700.0,6369200.0,1506700.0,7610900.0,1080700.0,744550.0,4005200.0,2996600.0,1988300.0,8411500.0,2288700.0,948280.0,1205600.0,3671000.0,3568300.0,1940100.0,1475700.0,747540.0,6807100.0,5275200.0,2336700.0,637470.0,17726000.0,3323000.0,5257900.0,1142200.0,18258000.0,5431600.0,1100100.0,8580600.0,1353300.0,1434500.0,3992400.0,5297000.0,799330.0,1639500.0,973680.0,1778500.0,1568200.0,1456500.0,7851700.0,2342100.0,1425100.0,12280000.0,2793800.0,1238000.0,1263500.0,3260300.0,951930.0,4669600.0,1133200.0,1854600.0,8075300.0,4435100.0,696550.0,1421900.0,10018000.0,5258300.0,5069200.0,15394000.0,3001700.0,1931800.0,2342400.0,2994600.0,3189800.0,1882600.0,1749500.0,2275100.0,1499400.0,7215800.0,652060.0,3656200.0,8296200.0,8910100.0,1863600.0,5378600.0,4029700.0,5011000.0,864140.0,1139900.0,5361500.0,1551600.0,6587500.0,3485200.0,7122400.0,1970700.0,1638700.0,1591200.0,1087700.0,1106100.0,2208100.0,945990.0,5091800.0,3371700.0,4404800.0,3356800.0,2894200.0,2745600.0,15584000.0,14989000.0,6042000.0,4601000.0,2807600.0,6148400.0,3762100.0,1781300.0,2740300.0,1353800.0,4824200.0,3044800.0,1.5283,1.8464,4.1702,2.2295,2.4699,3.6654,1.2771,2.23,4.2231,1.2215,1.9896,4.2272,2.4897,2.6639,4.3095,0.82004,2.0622,4.2174,1.5807,2.5023,3.8886,3.0421,2.8434,5.8471,1.2176,2.0079,4.2211,1.7359,1.7192,4.2478,1.2777,2.2418,4.2407,0.81074,2.0523,4.2118,2.9145,2.8408,4.5772,5.6643,2.7695,1.4376,1.2354,2.8381,3.6185,0.91532,2.1527,3.0139,2.5155,2.0865,4.4802,1.4678,1.6816,3.9002,0.66825,2.607,3.8788,1.9633,1.791,3.492,1.1256,2.4222,3.1334,0.31601,2.2883,3.5448,1.8081,1.6565,3.3926,2.0843,2.7729,4.3368,1.8304,1.6555,3.3813,1.5358,1.6615,3.9331,0.36848,2.1546,3.1742,2.0472,2.3872,4.4327,1.4759,1.6824,3.224,0.85896,1.9056,2.7656,3.1045,2.8415,5.901,1.9694,1.7787,3.4855,0.95147,2.7158,2.8923,1.7673,2.5886,4.0021,0.66971,1.8874,2.7714,1.0896,2.4338,3.0904,1.9139,1.9242,4.4942,1.7443,1.6713,3.8923,0.54333,2.1907,3.7882,1.2488,2.4772,3.8098,0.99823,2.0944,3.2449,2.5545,2.3135,4.3135,2.0438,2.1793,4.6967,1.502,1.6688,3.9179,1.8899,1.9474,4.4894,1.4721,2.1814,3.2604,0.83344,2.1473,3.1352,2.4404,2.4053,4.3438,1.9643,2.5716,4.8722,1.9357,2.6048,4.8567,2.5523,2.3123,4.3025,1.2812,2.5031,3.9265,1.7415,2.2677,4.3303,2.2872,3.0321,4.1896,0.55814,2.4432,2.5318,1.4858,2.0394,4.6001,2.0115,3.0482,3.9198,0.32146,2.3811,3.4013,1.684,1.6245,4.0821,0.7557,2.0999,3.0757,2.2503,2.2882,4.6733,0.60906,2.528,3.0509,0.93718,2.1521,3.2415,0.081474,2.8954,1.8585,2.0027,2.0727,4.5941,2.5397,2.3369,4.2702,2.5012,2.315,5.1661,2.0648,2.7604,4.2942,1.1143,1.8514,3.9761,4.597,2.9368,0.56397,0.85311,2.1572,3.0288,1.3919,2.1048,4.2695,1.1176,2.1423,3.5161,2.1968,2.7161,4.4604,1.6619,1.5935,4.1506,1.1575,2.5425,3.0719,0.75235,2.4425,3.7544,2.1263,1.8844,3.7073,1.5296,2.4787,3.4763,1.5489,2.5749,3.5834,1.5675,1.66,4.2736,2.0431,2.7546,4.5428,2.1017,2.7525,4.6174,3.3322,2.8084,6.0862,1.7029,1.6159,4.1801,1.7779,1.9762,3.4199,2.2861,2.9591,5.1357,1.1746,2.5517,3.0749,2.6568,2.4288,4.9962,0.98055,2.6323,4.1129,1.5429,2.4655,3.5016,1.0867,1.8824,4.0951,1.7004,1.6198,4.0795,1.7711,1.9491,3.4219,6.1911,2.9229,2.9885,2.9027,2.2662,4.6046,1.3892,1.9573,4.2653,1.2098,2.6355,3.3428,1.4583,2.451,3.3703,1.7662,1.9533,3.6941,1.9631,2.3991,4.0086,1.1018,2.3168,3.2094,2.4901,1.9973,5.2064,1.1479,2.668,3.3029,1.4456,2.4758,3.3575,0.16187,2.9994,3.1902,0.68192,1.829,2.8624,1.6823,2.0194,4.4758,1.488,1.8573,4.1579,5.4196,2.8838,1.7557,0.83318,2.1626,2.8482,0.92235,2.6473,4.0843,2.2741,2.5284,3.6578,2.6676,2.3616,4.9428,2.9048,2.6454,4.5455,2.065,2.4528,4.5343,2.3232,2.1375,4.1889,0.75258,2.0683,3.3431,0.44439,2.4397,2.981,0.5617,2.1673,3.8129,2.4498,2.4869,4.4996,0.79701,2.414,2.9357,1.2791,1.5739,4.3261,1.6737,1.9899,3.4646,0.16097,2.6729,2.1042,3.3848,2.9481,0.15529,0.83848,2.3688,2.9634,1.6515,1.6506,4.1046,1.5534,1.8346,3.2018,0.77064,2.415,2.8715,2.1881,2.3353,4.9517,1.1883,2.5548,3.1241,1.1361,2.1038,3.5449,0.4886,2.0097,3.2711,1.7097,1.9737,3.439,2.4915,2.0844,4.1103,2.1174,2.1428,4.9721,1.327,1.739,3.8191,0.73229,1.9872,2.7654,2.1188,2.1511,4.9966,2.2615,2.2244,4.5048,1.5427,2.348,3.9737,4.1906,2.9751,0.12251,1.9105,2.4093,4.0026,0.76506,1.9762,4.1224,1.2026,2.6102,4.2421,3.4768,2.8338,6.1019,1.6369,1.5802,3.2696,0.25196,2.3373,3.3997,5.0603,2.9804,0.95114,0.49897,2.799,3.2457,1.221,2.5233,3.0046,2.1855,2.1413,4.9602,1.5361,2.0884,4.3794,1.586,1.6261,3.328,1.5094,2.9297,3.3054,0.59563,2.4018,2.8042,0.8698,2.4412,2.9936,0.2282,2.6324,3.3415,1.7149,2.3315,4.189,0.52187,2.4306,2.7473,1.032,2.2379,3.6343,1.3389,1.7913,4.3044,0.27378,2.3218,3.4233,1.5979,1.5974,3.2777,0.60537,2.3951,2.7847,3.0033,2.8666,5.9764,1.9093,2.5749,4.0134,2.0121,2.2049,4.5984,2.4599,2.7277,5.2052,1.7731,1.9648,3.8626,1.3502,1.8081,3.7146,2.2259,2.1479,4.9902,1.4547,2.6207,3.994,0.67465,3.0474,2.4496,4.5657,2.9523,0.31564,1.2625,2.7425,4.2736,1.8936,1.9539,3.89,1.2209,2.6449,2.8345,0.28332,2.793,2.917,1.0039,2.8992,4.1699,0.52294,2.4949,2.5829,0.74863,1.9767,2.922,0.53505,2.4423,3.4093,1.6548,2.1929,4.2774,1.2058,2.7472,4.3168,0.64535,1.9871,3.0643,2.0218,1.8632,3.7769,1.2668,1.8574,3.6681,2.3974,2.6811,4.9017,1.4311,1.5519,4.1891,1.3425,2.1439,3.1987,0.67546,2.0097,3.0635,0.61357,2.3665,2.6182,1.7164,2.3298,4.1533,2.3527,2.6662,4.9471,0.61506,2.0077,3.0435,1.6165,1.7177,3.3171,0.72362,3.012,2.5559,0.55916,2.5159,2.592,3.0736,2.7443,6.0111,6.1668,2.8636,2.5361,4.4016,2.9538,0.11559,2.3726,2.3618,3.7528,1.2139,3.0746,4.0757,1.3376,2.3651,3.5126,0.44136,3.0941,3.2877,2.3745,2.2199,3.786,1.2725,1.8496,3.6719,2.4182,2.3301,4.5867,2.5993,2.6564,4.106,1.2684,2.7009,4.3377,1.8113,1.9572,3.8727,1.1558,2.7799,3.6956,2.4011,2.4262,5.0224,1.5213,2.6318,3.3178,2.1767,2.2201,4.0881,0.83014,1.9422,3.3802,2.402,2.3852,3.783,2.3559,2.3888,3.7464,2.2239,1.9363,4.9639,2.6569,2.2906,4.8085,2.3745,2.2381,3.8044,1.4065,1.5967,3.8679,2.4184,2.669,4.964,1.8349,1.9543,3.8888,0.79823,2.1351,4.0455,1.6049,1.8359,4.2926,2.3873,2.6573,4.9622,1.4579,2.3909,3.2597,5.9035,2.8623,2.1749,1.8629,1.7758,3.5032,1.9866,2.9903,4.2746,2.0489,1.9635,4.7914,1.128,2.594,4.3105,1.9215,2.1482,4.895,1.6349,1.795,3.9545,1.6115,2.0086,3.3734,1.0749,2.7541,3.6357,0.9685,2.8409,3.822,1.4649,2.4452,3.8761,1.1487,2.7507,3.676,1.8085,1.784,4.09,0.83041,2.4581,2.7878,1.8701,2.0933,4.3911,0.089279,2.7929,2.9009,1.0732,1.9532,4.2918,0.96243,2.3165,3.0383,1.6169,2.4002,4.5774,0.99363,2.0858,2.8333,0.76207,2.0052,2.7173,1.6431,1.79,3.957,0.90547,2.4529,2.8255,1.3592,1.5876,3.8386,2.7723,2.5975,4.6293,1.0702,2.1666,3.6342,1.148,2.7743,3.6674,1.986,1.9904,4.4746,1.0589,1.9616,4.2529,1.8731,1.6476,3.4432,1.6823,2.4865,3.9888,2.1747,2.5501,4.9072,2.1125,2.37,3.6633,1.2108,3.0669,3.449,1.4298,1.4527,4.242,0.6581,2.9907,3.6364,1.6338,1.7408,4.2366,0.76615,2.0005,2.7327,0.62755,2.2064,3.9881,2.6535,2.6005,4.5261,2.0015,2.118,3.4435,1.3835,2.9092,3.539,1.0842,2.2034,3.6296,2.5339,2.0122,4.471,1.4962,1.735,4.4214,1.6048,2.5899,3.5762,2.0646,2.2872,4.0671,2.7078,2.3453,4.9898,0.4447,2.5194,2.9443
0.066564,0.10509,0.0031136,215.42,223.81,201.61,0.0012418,0.0013865,0.0010034,203.82,212.28,211.52,203.88,195.73,196.7,224.77,211.71,233.55,205.08,235.47,251.4,201.04,203.5,204.58,226.26,209.16,214.85,185.02,188.93,268.87,207.82,182.42,223.4,185.9,236.65,217.11,261.34,154.43,234.63,199.98,207.64,167.33,235.56,237.37,281.92,229.07,192.19,235.6,278.33,253.21,165.18,259.57,179.27,228.92,212.25,246.43,236.91,270.31,236.47,237.29,208.58,264.76,262.83,253.81,212.0,244.68,220.17,202.23,292.36,248.98,252.51,266.88,168.36,219.05,195.93,234.97,213.75,258.72,225.84,218.9,201.07,228.34,237.42,198.41,186.47,227.97,219.96,256.31,241.29,223.89,242.02,239.38,208.65,246.23,136.01,253.95,207.37,209.95,210.48,238.48,268.45,228.21,223.98,179.22,181.35,218.78,294.48,205.63,205.49,254.36,257.33,310.29,252.59,248.13,201.65,310.97,254.96,203.97,238.64,210.43,190.98,241.51,227.38,168.47,255.48,237.2,277.94,253.35,239.18,188.55,209.5,277.08,215.2,241.7,204.87,298.39,180.57,230.68,298.91,260.44,243.25,229.26,210.32,206.01,269.41,226.03,259.69,262.46,210.64,251.78,211.85,250.92,280.4,219.35,220.29,310.49,236.36,241.16,228.0,203.83,220.26,267.25,217.6,149.97,236.67,285.55,263.84,186.33,308.1,206.46,225.46,178.3,150.34,210.13,244.5,185.79,263.96,206.16,202.07,231.02,210.0,227.06,185.77,250.37,229.94,210.33,211.24,213.29,270.18,203.0,248.4,312.55,230.24,241.43,218.97,280.57,227.63,215.91,252.0,287.62,222.49,239.39,252.21,225.63,263.05,227.6,242.43,207.85,225.94,212.4,242.03,228.93,237.09,229.2,241.23,227.45,206.85,254.84,250.78,222.4,201.22,190.51,225.76,273.23,194.08,204.8,278.74,213.37,226.51,235.09,220.47,229.06,252.26,254.72,188.61,251.79,196.68,242.01,209.65,241.51,181.51,244.02,244.72,169.26,254.66,213.31,163.28,235.76,182.15,215.14,234.4,180.45,220.45,232.09,193.42,226.04,229.31,222.56,185.16,233.72,204.37,214.59,213.4,165.39,258.84,254.95,204.02,168.89,201.76,263.16,224.46,226.56,215.74,146.41,160.17,200.27,236.87,217.23,212.58,214.93,205.04,188.15,169.02,183.82,226.41,214.53,234.51,218.52,0.00080413,0.0010341,0.0010306,0.0010676,0.0009737,0.0010547,0.0011854,0.00092449,0.0011765,0.00096502,0.0012423,0.0013778,0.0010847,0.0010904,0.0010013,0.0013537,0.0011831,0.001175,0.0011774,0.0011613,0.0015831,0.0013659,0.001133,0.0014731,0.0012772,0.0014298,0.001221,0.0015249,0.0011263,0.0015655,0.0011975,0.0012926,0.0011575,0.0013298,0.0014423,0.0016685,0.0013528,0.0013397,0.0014572,0.0015309,0.0013728,0.0010064,0.0016087,0.001249,0.0013496,0.0013259,0.0014672,0.0013345,0.0015355,0.0014027,0.0012176,0.0013372,0.0016198,0.0014281,0.0015187,0.0013824,0.0014311,0.0014521,0.0014254,0.001733,0.0016784,0.0015429,0.0016211,0.0013162,0.0015281,0.0012999,0.0016018,0.0015272,0.0015861,0.0014152,0.0015556,0.0013944,0.0013611,0.001514,0.0014012,0.0013338,0.0013828,0.0014208,0.0016311,0.0016017,0.0015082,0.0016386,0.0015482,0.0013368,0.0014115,0.0011234,0.0015754,0.0014576,0.0014136,0.0013359,0.0014901,0.0015578,0.0015401,0.0015234,0.0012818,0.0012574,0.001342,0.0018179,0.0013657,0.0013388,0.0015277,0.001567,0.0019083,0.0015317,0.0016315,0.0010154,0.0017374,0.0015955,0.001443,0.0013962,0.0014098,0.0013744,0.0015835,0.0014723,0.00133,0.0015735,0.0015295,0.0016638,0.0016104,0.0013718,0.0013637,0.0015314,0.0016131,0.0015,0.0015344,0.0010998,0.0018517,0.0012979,0.00098105,0.0018699,0.0016699,0.0016122,0.0015428,0.0013125,0.0013891,0.0011026,0.001618,0.0015785,0.0016404,0.0014313,0.0015491,0.0014125,0.0013746,0.001627,0.0015143,0.0013306,0.0016166,0.0015013,0.0015745,0.0013937,0.0012899,0.001473,0.0017849,0.001404,0.0011696,0.0015548,0.0016679,0.0016669,0.0009727,0.0017918,0.0013146,0.0014226,0.0012561,0.0012142,0.0014673,0.0014715,0.00131,0.0016093,0.0013794,0.0013969,0.0014801,0.0011822,0.0014937,0.0014272,0.0015403,0.0014487,0.001513,0.0014396,0.0013763,0.0015373,0.0013155,0.0015364,0.001756,0.0015077,0.0015214,0.0015473,0.0016057,0.0014231,0.0014328,0.0014679,0.0015285,0.0014819,0.0014525,0.0016229,0.0017422,0.0015945,0.001457,0.0013946,0.0014608,0.001408,0.0014381,0.0015061,0.001463,0.001533,0.0013803,0.0017869,0.0014306,0.0014316,0.001519,0.0014047,0.0013939,0.0013694,0.0013141,0.0013555,0.0016571,0.0013675,0.001366,0.0015508,0.0013693,0.0015014,0.0014535,0.0013881,0.0014015,0.0014304,0.0015539,0.0012703,0.0015869,0.0013014,0.0014243,0.0014351,0.0013556,0.0012435,0.0013531,0.0015208,0.0011887,0.0015016,0.0012689,0.0012621,0.0014237,0.0011779,0.0013883,0.001398,0.0012296,0.0013594,0.0013932,0.0011095,0.0013367,0.0013466,0.0013863,0.0012156,0.0014608,0.0012604,0.0013513,0.0012311,0.00095138,0.00135,0.0013983,0.0011369,0.0011266,0.0011129,0.0014604,0.001392,0.0013542,0.00098594,0.00089032,0.00099551,0.0010065,0.0014083,0.0012888,0.00099071,0.0012044,0.00099889,0.0010046,0.0008624,0.0008613,0.0011167,0.0011543,0.0013008,0.0012095,1074300.0,1105700.0,792270.0,4276700.0,2284500.0,1150800.0,5856800.0,1513400.0,1879800.0,3242500.0,2966100.0,734830.0,5652900.0,1298400.0,4052200.0,2459600.0,5070500.0,4091400.0,1340500.0,3371900.0,2502600.0,3347400.0,11704000.0,958350.0,6311800.0,749460.0,9101500.0,1591900.0,1841400.0,815570.0,3232100.0,1680500.0,5814300.0,23940000.0,2520900.0,2724900.0,4347000.0,1235900.0,1513400.0,1646200.0,2062700.0,1057700.0,2058300.0,1019200.0,7475600.0,2433400.0,1825600.0,1494000.0,2274900.0,15971000.0,952090.0,7278300.0,3995200.0,706940.0,3910700.0,1079100.0,2657700.0,17679000.0,32102000.0,2373200.0,1720700.0,1532600.0,2840700.0,1036400.0,1926200.0,3409900.0,803840.0,2871900.0,1940600.0,3915400.0,2755300.0,1446400.0,1119200.0,15048000.0,5077600.0,1340600.0,3613400.0,1673300.0,965090.0,2573300.0,3702600.0,1313000.0,893150.0,2116300.0,873820.0,1861100.0,2850800.0,4950200.0,4191200.0,2338500.0,5694300.0,1300700.0,9352900.0,4677300.0,1017700.0,1694700.0,903640.0,1769700.0,3509900.0,9918500.0,1730700.0,16523000.0,1417300.0,9919600.0,1633600.0,3256300.0,1272900.0,1628100.0,12535000.0,5115100.0,2157200.0,3869300.0,2389200.0,1225800.0,656170.0,3373000.0,11659000.0,2413800.0,1291100.0,778800.0,1922000.0,735100.0,1193700.0,2218700.0,8786700.0,4156700.0,2627900.0,3087700.0,2361300.0,1498700.0,773560.0,10411000.0,2404500.0,3548600.0,2073400.0,1371700.0,1031900.0,2014200.0,1052000.0,2853800.0,3921600.0,1159600.0,1477000.0,2103000.0,1521000.0,2210500.0,2422200.0,877170.0,6912100.0,1513500.0,9390500.0,6180200.0,809830.0,10291000.0,814480.0,1274500.0,19279000.0,683650.0,12167000.0,721740.0,5575100.0,3693400.0,3817200.0,2647300.0,5252900.0,4116200.0,4227600.0,964530.0,4135000.0,1638700.0,6369200.0,1506700.0,7610900.0,1080700.0,744550.0,4005200.0,2996600.0,1988300.0,8411500.0,2288700.0,948280.0,1205600.0,3671000.0,3568300.0,1940100.0,1475700.0,747540.0,6807100.0,5275200.0,2336700.0,637470.0,17726000.0,3323000.0,5257900.0,1142200.0,18258000.0,5431600.0,1100100.0,8580600.0,1353300.0,1434500.0,3992400.0,5297000.0,799330.0,1639500.0,973680.0,1778500.0,1568200.0,1456500.0,7851700.0,2342100.0,1425100.0,12280000.0,2793800.0,1238000.0,1263500.0,3260300.0,951930.0,4669600.0,1133200.0,1854600.0,8075300.0,4435100.0,696550.0,1421900.0,10018000.0,5258300.0,5069200.0,15394000.0,3001700.0,1931800.0,2342400.0,2994600.0,3189800.0,1882600.0,1749500.0,2275100.0,1499400.0,7215800.0,652060.0,3656200.0,8296200.0,8910100.0,1863600.0,5378600.0,4029700.0,5011000.0,864140.0,1139900.0,5361500.0,1551600.0,6587500.0,3485200.0,7122400.0,1970700.0,1638700.0,1591200.0,1087700.0,1106100.0,2208100.0,945990.0,5091800.0,3371700.0,4404800.0,3356800.0,2894200.0,2745600.0,15584000.0,14989000.0,6042000.0,4601000.0,2807600.0,6148400.0,3762100.0,1781300.0,2740300.0,1353800.0,4824200.0,3044800.0,1.5284,1.8466,4.1701,2.2296,2.47,3.6653,1.2771,2.2302,4.2231,1.2212,1.9896,4.227,2.4894,2.6639,4.3096,0.8191,2.0622,4.2174,1.582,2.5027,3.8884,3.043,2.8434,5.8478,1.2172,2.0083,4.2208,1.7356,1.7191,4.2478,1.2778,2.2422,4.2412,0.80941,2.0521,4.2118,2.9149,2.8409,4.5788,5.6629,2.7692,1.4366,1.2355,2.8379,3.6185,0.91421,2.1528,3.0137,2.5164,2.0875,4.4812,1.4676,1.6816,3.9001,0.66867,2.6081,3.8787,1.9622,1.7917,3.4925,1.1267,2.4215,3.1353,0.31677,2.2884,3.5441,1.8085,1.6561,3.3927,2.0826,2.7714,4.3339,1.8313,1.6552,3.3811,1.5371,1.6611,3.9338,0.36783,2.1551,3.1734,2.0477,2.388,4.434,1.4759,1.6827,3.2247,0.85947,1.9063,2.7655,3.1068,2.8414,5.9032,1.9685,1.7791,3.4858,0.9502,2.7157,2.8926,1.766,2.5885,4.0021,0.67053,1.8879,2.7708,1.0897,2.4335,3.0913,1.9142,1.9245,4.4942,1.7457,1.6707,3.8922,0.54424,2.1903,3.7895,1.2503,2.4785,3.8107,0.99796,2.0953,3.2441,2.5548,2.314,4.3142,2.0433,2.18,4.6972,1.5024,1.6686,3.9181,1.8897,1.9481,4.4894,1.4718,2.1817,3.2602,0.83333,2.1491,3.1336,2.441,2.4062,4.3445,1.9648,2.5708,4.8717,1.9355,2.605,4.856,2.5525,2.3127,4.303,1.2811,2.5035,3.926,1.7429,2.2686,4.3313,2.2913,3.0314,4.1928,0.55951,2.4426,2.5334,1.4843,2.039,4.6,2.0102,3.0477,3.9175,0.31969,2.3812,3.4002,1.6846,1.6242,4.082,0.75695,2.1017,3.0751,2.2507,2.2889,4.6739,0.6086,2.5259,3.0524,0.93514,2.1541,3.2404,0.08028,2.8954,1.8557,2.003,2.0749,4.5944,2.5394,2.3379,4.2698,2.4956,2.3142,5.1645,2.0625,2.7583,4.289,1.1151,1.8512,3.9771,4.5961,2.9346,0.56568,0.85223,2.1579,3.0281,1.3945,2.1051,4.2696,1.1192,2.1437,3.5167,2.194,2.7149,4.4576,1.6609,1.5932,4.1505,1.158,2.5424,3.0721,0.75262,2.4431,3.754,2.128,1.8832,3.7065,1.5271,2.4798,3.4766,1.5455,2.5758,3.5826,1.5646,1.6591,4.2742,2.0416,2.7529,4.5418,2.1009,2.751,4.6177,3.3327,2.8093,6.0861,1.7024,1.6162,4.1807,1.78,1.9757,3.4193,2.2907,2.9595,5.1424,1.176,2.5516,3.0747,2.6586,2.4285,4.9969,0.98033,2.6329,4.1148,1.5408,2.4663,3.5026,1.0824,1.8849,4.095,1.7027,1.6195,4.0792,1.775,1.9472,3.4206,6.1838,2.922,2.982,2.9023,2.2652,4.6063,1.3914,1.9573,4.2671,1.208,2.6338,3.3436,1.4586,2.4509,3.3712,1.7644,1.9523,3.6936,1.9636,2.401,4.0093,1.1019,2.3178,3.2102,2.4879,1.9951,5.2087,1.1446,2.6667,3.3027,1.4452,2.4766,3.3579,0.16143,3.001,3.1878,0.68211,1.83,2.8615,1.681,2.019,4.478,1.4876,1.8569,4.1593,5.4157,2.883,1.7523,0.83426,2.1638,2.8503,0.92218,2.6483,4.0863,2.2771,2.5277,3.6591,2.6741,2.3586,4.9421,2.9085,2.6438,4.5467,2.0643,2.4513,4.5356,2.3208,2.1389,4.189,0.75178,2.0718,3.3428,0.44656,2.4387,2.9837,0.5613,2.1685,3.8151,2.4516,2.4859,4.5021,0.79615,2.4138,2.9371,1.2798,1.5736,4.3274,1.6725,1.9891,3.4652,0.1649,2.6722,2.1049,3.3883,2.9478,0.16159,0.84052,2.3661,2.9674,1.6511,1.6512,4.1053,1.5578,1.8358,3.202,0.77103,2.4137,2.8719,2.1882,2.3348,4.9516,1.1907,2.5547,3.1256,1.1385,2.1066,3.5461,0.48688,2.0112,3.2717,1.7091,1.9726,3.4387,2.4957,2.0824,4.1058,2.1136,2.1423,4.9718,1.3282,1.7384,3.8201,0.73327,1.9876,2.7656,2.1171,2.1507,4.9981,2.259,2.2261,4.507,1.5416,2.35,3.9742,4.1896,2.974,0.12182,1.9087,2.4112,4.0029,0.76218,1.9765,4.1228,1.2035,2.6114,4.2435,3.4752,2.8333,6.1027,1.6417,1.5793,3.2698,0.25011,2.338,3.399,5.0604,2.9797,0.95059,0.49664,2.7994,3.2458,1.2197,2.5237,3.0055,2.1871,2.1417,4.9608,1.5385,2.0882,4.3808,1.5883,1.6263,3.3296,1.5196,2.9301,3.3073,0.60092,2.4003,2.8074,0.86808,2.4403,2.9937,0.22863,2.6332,3.3415,1.7204,2.3345,4.1915,0.52481,2.4305,2.7483,1.0311,2.24,3.6334,1.3371,1.7907,4.3047,0.27207,2.3223,3.4237,1.601,1.5968,3.2776,0.61121,2.3933,2.7869,3.0028,2.8665,5.9782,1.9055,2.5739,4.0125,2.0128,2.2052,4.5987,2.454,2.7261,5.2027,1.7686,1.9647,3.8613,1.3516,1.8078,3.7153,2.2279,2.1478,4.9906,1.4561,2.6198,3.9931,0.66522,3.0464,2.4372,4.5629,2.9512,0.31398,1.2639,2.7449,4.2718,1.8936,1.9542,3.8901,1.2205,2.6455,2.8333,0.27986,2.7932,2.9151,1.0052,2.8999,4.1704,0.52162,2.4941,2.5829,0.75109,1.9786,2.9197,0.53445,2.4436,3.4087,1.6571,2.1935,4.2786,1.2035,2.7492,4.3154,0.64602,1.9883,3.0624,2.0236,1.8626,3.7757,1.2697,1.8581,3.6688,2.3959,2.6801,4.8997,1.4327,1.5526,4.1894,1.3409,2.1438,3.1993,0.67645,2.0113,3.0622,0.61785,2.3639,2.6192,1.7185,2.3315,4.1539,2.3498,2.6646,4.9463,0.61467,2.0093,3.0415,1.6183,1.718,3.3167,0.72621,3.0114,2.5564,0.55874,2.5159,2.592,3.0781,2.7441,6.0149,6.1663,2.8635,2.536,4.3952,2.9526,0.1091,2.373,2.3603,3.7525,1.2212,3.0743,4.0852,1.335,2.3676,3.5113,0.4286,3.0944,3.2767,2.3746,2.2195,3.7855,1.2742,1.8495,3.6726,2.418,2.33,4.5875,2.5998,2.6573,4.1083,1.2685,2.7013,4.3376,1.8086,1.957,3.8717,1.1564,2.7795,3.6965,2.3998,2.4247,5.0206,1.5193,2.6319,3.3185,2.177,2.2212,4.0877,0.83076,1.9432,3.3803,2.4029,2.3843,3.7835,2.356,2.3881,3.7462,2.225,1.9376,4.9657,2.657,2.2906,4.8089,2.3748,2.2381,3.8043,1.407,1.597,3.8688,2.4172,2.6677,4.9633,1.8334,1.9542,3.8884,0.79883,2.1348,4.0478,1.6048,1.836,4.2935,2.3859,2.6558,4.9619,1.4581,2.391,3.2597,5.9026,2.8617,2.1738,1.8629,1.7752,3.5039,1.9863,2.9893,4.2733,2.0499,1.964,4.7925,1.1288,2.5944,4.3115,1.9228,2.1483,4.8959,1.6353,1.7948,3.9541,1.6117,2.0086,3.3728,1.0764,2.7535,3.6373,0.96993,2.841,3.8224,1.467,2.4465,3.8769,1.1492,2.7494,3.6764,1.8078,1.7835,4.0898,0.82867,2.458,2.7882,1.8694,2.0939,4.3914,0.089672,2.7927,2.9025,1.0728,1.9531,4.2925,0.96284,2.316,3.0391,1.6165,2.4003,4.5772,0.99387,2.0856,2.8333,0.76252,2.0053,2.7166,1.6438,1.7896,3.9567,0.90514,2.4527,2.8268,1.3586,1.5876,3.8386,2.7723,2.5977,4.629,1.0699,2.1675,3.6344,1.1486,2.7735,3.6678,1.9862,1.9905,4.4746,1.0582,1.9616,4.2527,1.8737,1.6475,3.443,1.6828,2.4867,3.9885,2.1761,2.5499,4.9068,2.1115,2.3698,3.6621,1.2111,3.0668,3.4494,1.4294,1.4525,4.2421,0.65904,2.9905,3.6369,1.634,1.7405,4.2367,0.76663,2.0006,2.7325,0.62613,2.2067,3.9892,2.6526,2.6005,4.526,2.0017,2.1178,3.4436,1.3835,2.9088,3.539,1.0843,2.2037,3.6294,2.5339,2.0126,4.4711,1.4963,1.7351,4.4213,1.6046,2.5898,3.5761,2.0647,2.2872,4.067,2.7077,2.3445,4.9893,0.4447,2.5191,2.944
0.067256,0.10618,0.0031361,215.85,224.35,201.84,0.0012442,0.0013897,0.0010046,204.05,212.56,211.84,204.22,196.04,197.07,225.03,211.99,233.96,205.45,235.83,251.85,201.36,203.89,204.95,226.9,209.45,215.3,185.37,189.21,269.53,208.15,182.7,223.72,186.15,237.22,217.6,261.94,154.71,234.92,200.3,207.93,167.57,236.0,237.79,282.62,229.64,192.28,236.34,279.15,253.82,165.54,260.07,179.58,229.58,212.71,247.06,237.47,271.11,237.02,237.89,209.05,265.62,263.53,254.77,212.6,245.4,220.56,202.52,293.34,249.98,253.33,267.82,168.6,219.73,196.41,235.3,213.88,259.04,226.15,219.51,201.28,229.07,238.26,198.99,187.36,228.35,221.07,257.34,241.91,224.13,242.83,239.7,209.13,247.01,136.79,254.39,207.24,210.14,211.55,239.47,268.94,228.46,224.38,179.76,183.13,219.43,295.25,206.18,206.13,253.37,258.47,311.1,253.0,248.64,203.85,312.15,255.34,204.26,238.98,212.68,191.87,242.09,227.25,170.53,257.02,237.8,278.31,254.37,242.03,189.11,211.33,277.13,215.95,241.73,205.78,299.52,181.12,234.46,299.75,261.43,243.2,230.72,210.73,206.35,274.25,227.36,260.15,262.94,212.4,251.95,212.71,251.27,280.93,219.92,221.64,310.25,235.57,241.4,228.12,204.02,220.61,269.91,217.93,150.04,237.45,286.24,264.5,189.18,308.87,206.67,225.9,178.47,150.75,210.62,244.98,186.19,264.49,206.95,202.12,231.29,210.59,228.32,186.69,250.52,230.26,210.98,211.44,213.43,270.72,203.56,249.08,313.44,230.46,242.31,219.48,281.51,228.69,216.16,252.83,288.51,223.33,240.27,252.55,226.68,263.55,228.43,242.92,208.29,226.4,212.88,242.29,229.11,237.4,230.02,242.86,228.08,207.54,255.07,251.64,223.19,201.34,190.82,226.33,274.2,194.8,205.19,278.98,213.65,226.96,235.85,220.98,229.66,252.96,255.01,188.99,252.44,196.93,242.55,209.95,241.67,181.81,244.52,245.39,169.45,255.06,213.61,163.76,236.32,182.5,215.62,235.03,180.83,220.87,232.4,193.63,226.54,229.83,222.92,185.41,234.09,204.62,215.02,213.89,165.58,259.19,255.54,204.27,169.21,202.03,263.53,224.99,226.86,216.06,146.66,160.39,200.47,237.17,217.7,212.85,215.33,205.4,188.44,169.29,184.02,226.64,214.73,234.94,218.84,0.00080514,0.0010356,0.0010324,0.0010697,0.00097578,0.0010565,0.0011868,0.00092605,0.0011793,0.00096737,0.0012447,0.0013803,0.0010865,0.0010929,0.0010033,0.0013576,0.001185,0.0011782,0.00118,0.0011632,0.0015872,0.001368,0.001135,0.0014757,0.0012789,0.0014338,0.0012243,0.0015286,0.0011287,0.0015674,0.0012,0.0012946,0.001159,0.0013326,0.0014451,0.0016728,0.0013567,0.00134,0.0014621,0.0015361,0.001377,0.0010086,0.0016118,0.0012516,0.0013542,0.0013289,0.0014718,0.0013376,0.0015409,0.0014065,0.0012207,0.0013404,0.0016251,0.0014323,0.0015246,0.0013863,0.0014352,0.0014546,0.0014273,0.0017396,0.0016843,0.0015477,0.0016264,0.0013172,0.0015328,0.0013029,0.0016047,0.0015283,0.001589,0.0014171,0.0015591,0.0013964,0.0013655,0.0015195,0.0014054,0.0013384,0.0013858,0.0014274,0.001637,0.0016057,0.0015107,0.0016436,0.0015515,0.0013396,0.0014163,0.001128,0.0015766,0.0014572,0.0014154,0.0013418,0.0014959,0.0015606,0.0015415,0.0015256,0.0012865,0.0012652,0.0013467,0.0018227,0.0013686,0.0013427,0.001523,0.0015735,0.0019127,0.001534,0.0016335,0.0010176,0.0017435,0.0015973,0.0014447,0.0013987,0.0014216,0.0013794,0.001587,0.0014662,0.001338,0.0015821,0.0015324,0.0016661,0.0016149,0.0013829,0.0013663,0.001538,0.0016145,0.0015037,0.0015346,0.0010992,0.0018576,0.0013015,0.00099603,0.0018729,0.0016753,0.0016122,0.0015534,0.0013155,0.001391,0.0011206,0.0016259,0.0015801,0.0016434,0.0014398,0.0015526,0.0014173,0.0013772,0.0016302,0.0015193,0.0013361,0.0016164,0.0014937,0.0015761,0.0013909,0.0012916,0.0014754,0.001799,0.001406,0.0011697,0.0015551,0.0016722,0.0016702,0.00098191,0.0017949,0.0013161,0.001425,0.0012573,0.0012184,0.0014681,0.0014743,0.001313,0.0016126,0.0013855,0.0013979,0.0014822,0.0011869,0.0015018,0.0014326,0.0015421,0.0014503,0.0015158,0.0014407,0.0013766,0.0015402,0.0013198,0.0015403,0.0017614,0.001509,0.001527,0.0015499,0.0016123,0.0014295,0.0014344,0.0014726,0.0015335,0.0014866,0.0014584,0.0016258,0.0017477,0.0015976,0.0014626,0.001392,0.0014646,0.001411,0.001441,0.0015081,0.0014643,0.0015353,0.0013854,0.0017961,0.0014349,0.0014362,0.0015208,0.0014093,0.0013987,0.0013706,0.0013157,0.0013591,0.0016635,0.0013719,0.0013686,0.0015527,0.0013707,0.0015039,0.0014591,0.0013913,0.0014053,0.0014353,0.0015559,0.0012725,0.001591,0.0013031,0.0014278,0.0014372,0.0013568,0.001245,0.0013561,0.0015257,0.00119,0.0015042,0.0012708,0.0012657,0.0014277,0.0011805,0.0013915,0.0014021,0.0012329,0.0013613,0.0013951,0.0011109,0.0013399,0.0013497,0.001389,0.0012174,0.0014632,0.0012622,0.0013539,0.0012343,0.00095291,0.0013524,0.0014022,0.0011386,0.0011289,0.0011147,0.0014625,0.001395,0.0013561,0.00098763,0.00089221,0.000997,0.0010079,0.0014104,0.0012914,0.00099205,0.0012068,0.001001,0.0010064,0.00086409,0.00086258,0.0011182,0.0011557,0.0013032,0.0012116,1074300.0,1105700.0,792270.0,4276700.0,2284500.0,1150800.0,5856800.0,1513400.0,1879800.0,3242500.0,2966100.0,734830.0,5652900.0,1298400.0,4052200.0,2459600.0,5070500.0,4091400.0,1340500.0,3371900.0,2502600.0,3347400.0,11704000.0,958350.0,6311800.0,749460.0,9101500.0,1591900.0,1841400.0,815570.0,3232100.0,1680500.0,5814300.0,23940000.0,2520900.0,2724900.0,4347000.0,1235900.0,1513400.0,1646200.0,2062700.0,1057700.0,2058300.0,1019200.0,7475600.0,2433400.0,1825600.0,1494000.0,2274900.0,15971000.0,952090.0,7278300.0,3995200.0,706940.0,3910700.0,1079100.0,2657700.0,17679000.0,32102000.0,2373200.0,1720700.0,1532600.0,2840700.0,1036400.0,1926200.0,3409900.0,803840.0,2871900.0,1940600.0,3915400.0,2755300.0,1446400.0,1119200.0,15048000.0,5077600.0,1340600.0,3613400.0,1673300.0,965090.0,2573300.0,3702600.0,1313000.0,893150.0,2116300.0,873820.0,1861100.0,2850800.0,4950200.0,4191200.0,2338500.0,5694300.0,1300700.0,9352900.0,4677300.0,1017700.0,1694700.0,903640.0,1769700.0,3509900.0,9918500.0,1730700.0,16523000.0,1417300.0,9919600.0,1633600.0,3256300.0,1272900.0,1628100.0,12535000.0,5115100.0,2157200.0,3869300.0,2389200.0,1225800.0,656170.0,3373000.0,11659000.0,2413800.0,1291100.0,778800.0,1922000.0,735100.0,1193700.0,2218700.0,8786700.0,4156700.0,2627900.0,3087700.0,2361300.0,1498700.0,773560.0,10411000.0,2404500.0,3548600.0,2073400.0,1371700.0,1031900.0,2014200.0,1052000.0,2853800.0,3921600.0,1159600.0,1477000.0,2103000.0,1521000.0,2210500.0,2422200.0,877170.0,6912100.0,1513500.0,9390500.0,6180200.0,809830.0,10291000.0,814480.0,1274500.0,19279000.0,683650.0,12167000.0,721740.0,5575100.0,3693400.0,3817200.0,2647300.0,5252900.0,4116200.0,4227600.0,964530.0,4135000.0,1638700.0,6369200.0,1506700.0,7610900.0,1080700.0,744550.0,4005200.0,2996600.0,1988300.0,8411500.0,2288700.0,948280.0,1205600.0,3671000.0,3568300.0,1940100.0,1475700.0,747540.0,6807100.0,5275200.0,2336700.0,637470.0,17726000.0,3323000.0,5257900.0,1142200.0,18258000.0,5431600.0,1100100.0,8580600.0,1353300.0,1434500.0,3992400.0,5297000.0,799330.0,1639500.0,973680.0,1778500.0,1568200.0,1456500.0,7851700.0,2342100.0,1425100.0,12280000.0,2793800.0,1238000.0,1263500.0,3260300.0,951930.0,4669600.0,1133200.0,1854600.0,8075300.0,4435100.0,696550.0,1421900.0,10018000.0,5258300.0,5069200.0,15394000.0,3001700.0,1931800.0,2342400.0,2994600.0,3189800.0,1882600.0,1749500.0,2275100.0,1499400.0,7215800.0,652060.0,3656200.0,8296200.0,8910100.0,1863600.0,5378600.0,4029700.0,5011000.0,864140.0,1139900.0,5361500.0,1551600.0,6587500.0,3485200.0,7122400.0,1970700.0,1638700.0,1591200.0,1087700.0,1106100.0,2208100.0,945990.0,5091800.0,3371700.0,4404800.0,3356800.0,2894200.0,2745600.0,15584000.0,14989000.0,6042000.0,4601000.0,2807600.0,6148400.0,3762100.0,1781300.0,2740300.0,1353800.0,4824200.0,3044800.0,1.5284,1.8467,4.17,2.2296,2.4701,3.6653,1.2771,2.2302,4.2231,1.2211,1.9896,4.2269,2.4893,2.6639,4.3097,0.81874,2.0622,4.2174,1.5825,2.5029,3.8884,3.0433,2.8435,5.848,1.217,2.0084,4.2207,1.7355,1.7191,4.2478,1.2778,2.2424,4.2413,0.80891,2.052,4.2117,2.9151,2.8409,4.5794,5.6624,2.7691,1.4362,1.2355,2.8378,3.6185,0.91378,2.1529,3.0136,2.5167,2.0879,4.4816,1.4676,1.6816,3.9,0.66881,2.6085,3.8786,1.9619,1.7919,3.4927,1.1272,2.4213,3.136,0.31707,2.2885,3.5439,1.8087,1.656,3.3928,2.082,2.7708,4.3328,1.8317,1.6551,3.381,1.5376,1.661,3.934,0.36757,2.1553,3.1731,2.0479,2.3883,4.4345,1.476,1.6829,3.225,0.85966,1.9066,2.7654,3.1076,2.8414,5.904,1.9682,1.7793,3.4859,0.94968,2.7157,2.8927,1.7655,2.5885,4.0021,0.67084,1.888,2.7706,1.0898,2.4334,3.0916,1.9143,1.9246,4.4942,1.7461,1.6704,3.8921,0.54458,2.1902,3.79,1.2509,2.479,3.811,0.99785,2.0956,3.2438,2.555,2.3142,4.3145,2.0431,2.1803,4.6974,1.5026,1.6685,3.9181,1.8897,1.9484,4.4893,1.4717,2.1818,3.2601,0.83328,2.1497,3.133,2.4412,2.4065,4.3448,1.9649,2.5705,4.8715,1.9354,2.6051,4.8557,2.5526,2.3129,4.3032,1.281,2.5036,3.9258,1.7434,2.2689,4.3317,2.2928,3.0311,4.1939,0.56002,2.4423,2.534,1.4838,2.0388,4.6,2.0095,3.0475,3.9164,0.319,2.3812,3.3998,1.6848,1.6241,4.0819,0.75741,2.1024,3.0749,2.2508,2.2891,4.6741,0.6084,2.5251,3.0529,0.93436,2.1549,3.24,0.079854,2.8954,1.8547,2.0031,2.0758,4.5945,2.5394,2.3383,4.2696,2.4935,2.3139,5.1639,2.0616,2.7575,4.287,1.1154,1.8511,3.9774,4.5959,2.9338,0.56647,0.85189,2.1581,3.0278,1.3955,2.1052,4.2696,1.1198,2.1442,3.517,2.193,2.7145,4.4565,1.6605,1.5931,4.1504,1.1581,2.5423,3.0722,0.7527,2.4433,3.7538,2.1286,1.8827,3.7062,1.5261,2.4802,3.4766,1.5442,2.5761,3.5822,1.5635,1.6588,4.2743,2.0409,2.7523,4.5414,2.1005,2.7504,4.6178,3.3328,2.8097,6.0861,1.7022,1.6164,4.1808,1.7808,1.9755,3.419,2.2924,2.9596,5.1448,1.1765,2.5516,3.0746,2.6593,2.4284,4.9972,0.9802,2.6331,4.1155,1.54,2.4666,3.5029,1.0807,1.8858,4.095,1.7035,1.6194,4.0791,1.7764,1.9465,3.4201,6.1811,2.9217,2.9796,2.9022,2.2648,4.6069,1.3923,1.9573,4.2678,1.2072,2.6332,3.3438,1.4587,2.4509,3.3714,1.7637,1.9519,3.6934,1.9637,2.4017,4.0095,1.1019,2.3181,3.2105,2.4871,1.9943,5.2096,1.1433,2.6662,3.3025,1.445,2.4769,3.358,0.16143,3.0016,3.1871,0.68216,1.8303,2.8611,1.6805,2.0188,4.4788,1.4874,1.8567,4.1598,5.4143,2.8826,1.7511,0.83466,2.1642,2.8511,0.92206,2.6486,4.087,2.2781,2.5274,3.6595,2.6765,2.3576,4.942,2.9098,2.6433,4.5471,2.064,2.4508,4.536,2.3198,2.1394,4.189,0.75148,2.073,3.3427,0.44737,2.4383,2.9847,0.56115,2.1689,3.8159,2.4522,2.4855,4.5029,0.79585,2.4137,2.9375,1.2801,1.5736,4.3279,1.6721,1.9889,3.4653,0.16633,2.672,2.1051,3.3896,2.9477,0.16389,0.84124,2.3651,2.9689,1.6509,1.6513,4.1056,1.5594,1.8362,3.2021,0.77115,2.4132,2.872,2.1882,2.3346,4.9516,1.1915,2.5547,3.1262,1.1395,2.1076,3.5465,0.48623,2.0117,3.2719,1.7089,1.9722,3.4386,2.4973,2.0818,4.1043,2.1121,2.1421,4.9716,1.3286,1.7382,3.8205,0.73363,1.9877,2.7657,2.1165,2.1505,4.9987,2.2581,2.2268,4.5077,1.5412,2.3507,3.9744,4.1894,2.9736,0.12171,1.908,2.412,4.0029,0.76112,1.9766,4.1229,1.2038,2.6118,4.2439,3.4747,2.8331,6.103,1.6433,1.579,3.2699,0.24945,2.3383,3.3987,5.0604,2.9795,0.95045,0.49573,2.7995,3.2457,1.2192,2.5238,3.0059,2.1878,2.1419,4.9611,1.5393,2.0881,4.3812,1.5892,1.6264,3.3301,1.5231,2.9302,3.3079,0.60283,2.3998,2.8086,0.86742,2.44,2.9937,0.22877,2.6334,3.3415,1.7223,2.3356,4.1924,0.52589,2.4304,2.7487,1.0308,2.2408,3.633,1.3364,1.7905,4.3048,0.27145,2.3224,3.4239,1.6022,1.5966,3.2775,0.61334,2.3926,2.7876,3.0027,2.8665,5.9789,1.904,2.5736,4.0121,2.0131,2.2054,4.5987,2.4519,2.7256,5.2017,1.7669,1.9647,3.8607,1.3521,1.8077,3.7155,2.2286,2.1478,4.9907,1.4566,2.6194,3.9927,0.66177,3.0459,2.4327,4.562,2.9508,0.31352,1.2644,2.7458,4.2711,1.8936,1.9543,3.8901,1.2203,2.6456,2.8328,0.27857,2.7933,2.9144,1.0056,2.9001,4.1705,0.52112,2.4937,2.5829,0.75199,1.9793,2.9188,0.53422,2.4441,3.4085,1.658,2.1938,4.279,1.2026,2.75,4.3149,0.64627,1.9887,3.0617,2.0242,1.8624,3.7753,1.2708,1.8583,3.6691,2.3953,2.6797,4.8989,1.4333,1.5529,4.1894,1.3403,2.1438,3.1995,0.67683,2.0119,3.0618,0.61941,2.3629,2.6196,1.7193,2.3321,4.1541,2.3487,2.664,4.946,0.61452,2.0099,3.0407,1.619,1.7181,3.3166,0.72721,3.0112,2.5567,0.55857,2.516,2.592,3.0798,2.744,6.0162,6.1663,2.8635,2.536,4.3929,2.9521,0.1068,2.3732,2.3598,3.7524,1.2238,3.0742,4.0886,1.334,2.3685,3.5108,0.42393,3.0945,3.2727,2.3746,2.2193,3.7852,1.2748,1.8495,3.6729,2.4179,2.33,4.5877,2.6,2.6576,4.1091,1.2686,2.7014,4.3376,1.8077,1.957,3.8713,1.1566,2.7793,3.6968,2.3994,2.4242,5.0199,1.5186,2.6319,3.3188,2.1771,2.2216,4.0876,0.83099,1.9435,3.3804,2.4033,2.384,3.7838,2.356,2.3879,3.7461,2.2254,1.9381,4.9664,2.657,2.2906,4.809,2.3749,2.2382,3.8042,1.4072,1.5971,3.8691,2.4167,2.6672,4.9631,1.8328,1.9542,3.8882,0.79906,2.1347,4.0487,1.6047,1.8361,4.2938,2.3853,2.6552,4.9618,1.4581,2.391,3.2597,5.9023,2.8615,2.1735,1.8629,1.775,3.5041,1.9861,2.9889,4.2728,2.0503,1.9641,4.7928,1.1291,2.5946,4.3118,1.9232,2.1483,4.8962,1.6354,1.7947,3.954,1.6118,2.0086,3.3726,1.0769,2.7533,3.6379,0.97047,2.841,3.8225,1.4678,2.4469,3.8772,1.1494,2.749,3.6765,1.8075,1.7833,4.0898,0.82802,2.4579,2.7883,1.8691,2.0942,4.3915,0.089802,2.7927,2.9031,1.0726,1.9531,4.2928,0.96299,2.3158,3.0394,1.6163,2.4004,4.5771,0.99395,2.0856,2.8332,0.76269,2.0053,2.7164,1.6441,1.7894,3.9566,0.905,2.4526,2.8273,1.3583,1.5876,3.8386,2.7723,2.5978,4.6289,1.0697,2.1679,3.6344,1.1488,2.7733,3.6679,1.9863,1.9905,4.4745,1.058,1.9616,4.2526,1.8738,1.6475,3.4429,1.683,2.4868,3.9884,2.1766,2.5498,4.9066,2.1111,2.3697,3.6617,1.2111,3.0667,3.4496,1.4292,1.4524,4.2422,0.65942,2.9904,3.6371,1.634,1.7403,4.2367,0.76682,2.0006,2.7324,0.62559,2.2068,3.9895,2.6523,2.6005,4.5259,2.0018,2.1177,3.4436,1.3834,2.9087,3.539,1.0843,2.2039,3.6293,2.534,2.0127,4.4711,1.4963,1.7351,4.4213,1.6045,2.5898,3.576,2.0647,2.2873,4.067,2.7077,2.3443,4.9891,0.44472,2.519,2.9439
0.06772,0.10692,0.0031513,216.13,224.71,202.0,0.0012458,0.0013917,0.0010054,204.19,212.74,212.09,204.45,196.27,197.28,225.22,212.14,234.25,205.71,236.09,252.12,201.49,204.14,205.21,227.31,209.64,215.62,185.57,189.34,269.99,208.39,182.88,223.94,186.34,237.58,217.9,262.32,154.86,235.17,200.53,208.08,167.67,236.25,238.06,283.08,229.97,192.37,236.81,279.67,254.18,165.76,260.34,179.77,229.95,212.97,247.46,237.84,271.6,237.34,238.24,209.33,266.1,263.96,255.32,212.92,245.82,220.82,202.74,293.92,250.57,253.8,268.35,168.83,220.11,196.66,235.47,214.0,259.23,226.36,219.89,201.47,229.53,238.74,199.29,187.96,228.62,221.74,257.81,242.26,224.32,243.33,239.96,209.46,247.46,137.37,254.69,207.22,210.49,212.23,240.05,269.26,228.61,224.61,180.33,184.23,219.79,295.69,206.5,206.53,253.25,259.16,311.58,253.26,248.95,205.6,312.95,255.68,204.52,239.22,214.09,192.51,242.48,227.65,171.74,258.01,238.2,278.59,255.18,243.74,189.49,212.65,277.19,216.38,241.8,206.48,300.23,181.46,236.71,300.31,262.02,243.3,232.07,211.02,206.68,277.68,228.16,260.47,263.36,213.65,252.27,213.14,251.62,281.36,220.19,222.72,310.26,235.4,241.76,228.73,204.15,220.87,271.58,218.16,150.11,238.06,286.71,264.84,191.15,309.35,206.76,226.19,178.58,151.22,210.97,245.26,186.39,264.85,207.66,202.12,231.48,211.03,229.13,187.23,250.64,230.5,211.37,211.51,213.49,271.17,203.91,249.56,313.93,230.65,242.85,219.66,282.04,229.25,216.3,253.36,288.98,223.89,240.83,252.8,227.25,263.89,228.87,243.33,208.51,226.72,213.15,242.46,229.31,237.67,230.38,243.68,228.36,207.93,255.22,252.13,223.57,201.41,191.03,226.69,274.7,195.21,205.43,279.15,213.82,227.31,236.26,221.32,230.03,253.36,255.3,189.25,252.86,197.14,242.93,210.18,241.78,181.98,244.88,245.75,169.56,255.34,213.81,164.01,236.67,182.71,215.86,235.43,181.05,221.13,232.66,193.77,226.86,230.21,223.18,185.62,234.34,204.8,215.29,214.22,165.76,259.43,255.95,204.5,169.43,202.23,263.79,225.31,227.07,216.26,146.8,160.54,200.66,237.41,217.96,213.03,215.56,205.63,188.66,169.5,184.18,226.85,214.89,235.22,219.03,0.00080597,0.0010366,0.0010334,0.0010712,0.00097708,0.0010572,0.0011879,0.00092706,0.0011811,0.00096885,0.0012461,0.001382,0.0010869,0.0010945,0.0010047,0.00136,0.0011862,0.0011804,0.0011815,0.0011641,0.0015901,0.0013695,0.0011363,0.0014774,0.0012803,0.0014364,0.0012263,0.0015308,0.0011301,0.0015688,0.0012017,0.0012957,0.0011596,0.001334,0.001447,0.0016756,0.001359,0.0013407,0.0014651,0.0015393,0.0013794,0.0010096,0.0016135,0.0012534,0.0013567,0.0013306,0.0014745,0.0013396,0.001544,0.0014086,0.0012223,0.0013422,0.0016281,0.0014348,0.0015278,0.0013883,0.0014376,0.0014563,0.0014289,0.0017435,0.0016877,0.0015502,0.0016294,0.0013181,0.0015354,0.0013044,0.0016064,0.001529,0.0015906,0.0014184,0.0015611,0.0013977,0.0013681,0.0015224,0.0014074,0.0013413,0.0013876,0.0014311,0.0016398,0.0016078,0.0015124,0.0016463,0.0015536,0.0013409,0.0014188,0.0011309,0.0015778,0.0014572,0.0014172,0.0013455,0.0014993,0.0015626,0.0015424,0.001527,0.0012897,0.0012705,0.0013495,0.0018253,0.0013705,0.0013451,0.0015229,0.0015773,0.0019155,0.0015355,0.001635,0.0010216,0.0017477,0.0015991,0.0014462,0.0014005,0.0014294,0.0013833,0.0015894,0.0014663,0.0013431,0.0015883,0.0015346,0.001668,0.0016187,0.0013901,0.0013684,0.0015434,0.0016162,0.0015061,0.0015357,0.0011008,0.0018616,0.0013038,0.0010048,0.0018756,0.0016784,0.0016132,0.001562,0.0013176,0.0013926,0.0011341,0.0016312,0.001582,0.0016457,0.001446,0.0015557,0.0014195,0.0013793,0.0016331,0.0015218,0.0013421,0.0016177,0.0014921,0.001579,0.0013923,0.0012927,0.0014774,0.0018077,0.0014076,0.0011701,0.0015571,0.0016752,0.0016719,0.00098851,0.0017971,0.0013168,0.0014266,0.0012582,0.0012217,0.0014695,0.0014761,0.0013145,0.0016146,0.0013901,0.0013985,0.0014838,0.0011901,0.0015067,0.0014355,0.0015433,0.0014516,0.0015177,0.001441,0.0013766,0.0015424,0.0013221,0.001543,0.0017643,0.0015103,0.0015304,0.0015508,0.0016158,0.0014326,0.0014352,0.0014757,0.0015361,0.0014898,0.001462,0.0016276,0.0017504,0.0015997,0.0014655,0.001392,0.0014663,0.0014131,0.0014427,0.0015095,0.0014656,0.0015372,0.0013875,0.0018005,0.0014366,0.0014389,0.0015219,0.001412,0.0014009,0.0013712,0.0013168,0.0013614,0.0016667,0.0013741,0.0013701,0.0015539,0.0013718,0.0015059,0.001462,0.0013933,0.0014075,0.0014379,0.0015579,0.001274,0.0015935,0.0013046,0.0014302,0.0014386,0.0013577,0.0012459,0.0013582,0.0015283,0.0011909,0.0015061,0.0012721,0.0012678,0.0014301,0.0011822,0.0013932,0.0014047,0.0012348,0.0013624,0.0013966,0.0011118,0.0013421,0.0013519,0.001391,0.0012188,0.001465,0.0012635,0.0013556,0.0012366,0.00095414,0.0013539,0.0014048,0.0011401,0.0011306,0.0011159,0.001464,0.0013967,0.0013575,0.00098877,0.00089341,0.00099785,0.001009,0.0014119,0.001293,0.0009932,0.0012083,0.0010024,0.0010079,0.00086534,0.00086357,0.0011194,0.0011565,0.0013046,0.0012127,1074300.0,1105700.0,792270.0,4276700.0,2284500.0,1150800.0,5856800.0,1513400.0,1879800.0,3242500.0,2966100.0,734830.0,5652900.0,1298400.0,4052200.0,2459600.0,5070500.0,4091400.0,1340500.0,3371900.0,2502600.0,3347400.0,11704000.0,958350.0,6311800.0,749460.0,9101500.0,1591900.0,1841400.0,815570.0,3232100.0,1680500.0,5814300.0,23940000.0,2520900.0,2724900.0,4347000.0,1235900.0,1513400.0,1646200.0,2062700.0,1057700.0,2058300.0,1019200.0,7475600.0,2433400.0,1825600.0,1494000.0,2274900.0,15971000.0,952090.0,7278300.0,3995200.0,706940.0,3910700.0,1079100.0,2657700.0,17679000.0,32102000.0,2373200.0,1720700.0,1532600.0,2840700.0,1036400.0,1926200.0,3409900.0,803840.0,2871900.0,1940600.0,3915400.0,2755300.0,1446400.0,1119200.0,15048000.0,5077600.0,1340600.0,3613400.0,1673300.0,965090.0,2573300.0,3702600.0,1313000.0,893150.0,2116300.0,873820.0,1861100.0,2850800.0,4950200.0,4191200.0,2338500.0,5694300.0,1300700.0,9352900.0,4677300.0,1017700.0,1694700.0,903640.0,1769700.0,3509900.0,9918500.0,1730700.0,16523000.0,1417300.0,9919600.0,1633600.0,3256300.0,1272900.0,1628100.0,12535000.0,5115100.0,2157200.0,3869300.0,2389200.0,1225800.0,656170.0,3373000.0,11659000.0,2413800.0,1291100.0,778800.0,1922000.0,735100.0,1193700.0,2218700.0,8786700.0,4156700.0,2627900.0,3087700.0,2361300.0,1498700.0,773560.0,10411000.0,2404500.0,3548600.0,2073400.0,1371700.0,1031900.0,2014200.0,1052000.0,2853800.0,3921600.0,1159600.0,1477000.0,2103000.0,1521000.0,2210500.0,2422200.0,877170.0,6912100.0,1513500.0,9390500.0,6180200.0,809830.0,10291000.0,814480.0,1274500.0,19279000.0,683650.0,12167000.0,721740.0,5575100.0,3693400.0,3817200.0,2647300.0,5252900.0,4116200.0,4227600.0,964530.0,4135000.0,1638700.0,6369200.0,1506700.0,7610900.0,1080700.0,744550.0,4005200.0,2996600.0,1988300.0,8411500.0,2288700.0,948280.0,1205600.0,3671000.0,3568300.0,1940100.0,1475700.0,747540.0,6807100.0,5275200.0,2336700.0,637470.0,17726000.0,3323000.0,5257900.0,1142200.0,18258000.0,5431600.0,1100100.0,8580600.0,1353300.0,1434500.0,3992400.0,5297000.0,799330.0,1639500.0,973680.0,1778500.0,1568200.0,1456500.0,7851700.0,2342100.0,1425100.0,12280000.0,2793800.0,1238000.0,1263500.0,3260300.0,951930.0,4669600.0,1133200.0,1854600.0,8075300.0,4435100.0,696550.0,1421900.0,10018000.0,5258300.0,5069200.0,15394000.0,3001700.0,1931800.0,2342400.0,2994600.0,3189800.0,1882600.0,1749500.0,2275100.0,1499400.0,7215800.0,652060.0,3656200.0,8296200.0,8910100.0,1863600.0,5378600.0,4029700.0,5011000.0,864140.0,1139900.0,5361500.0,1551600.0,6587500.0,3485200.0,7122400.0,1970700.0,1638700.0,1591200.0,1087700.0,1106100.0,2208100.0,945990.0,5091800.0,3371700.0,4404800.0,3356800.0,2894200.0,2745600.0,15584000.0,14989000.0,6042000.0,4601000.0,2807600.0,6148400.0,3762100.0,1781300.0,2740300.0,1353800.0,4824200.0,3044800.0,1.5285,1.8467,4.17,2.2296,2.4701,3.6653,1.277,2.2302,4.2231,1.221,1.9896,4.2269,2.4892,2.6639,4.3097,0.81851,2.0622,4.2175,1.5829,2.503,3.8884,3.0435,2.8435,5.8482,1.2169,2.0085,4.2206,1.7354,1.7191,4.2478,1.2778,2.2425,4.2415,0.80857,2.0519,4.2117,2.9152,2.8409,4.5798,5.662,2.7691,1.436,1.2355,2.8377,3.6185,0.9135,2.1529,3.0135,2.5169,2.0882,4.4819,1.4675,1.6816,3.9,0.66893,2.6087,3.8786,1.9616,1.7921,3.4929,1.1274,2.4211,3.1365,0.31726,2.2885,3.5437,1.8088,1.6559,3.3928,2.0816,2.7704,4.3321,1.8319,1.655,3.381,1.5379,1.6609,3.9342,0.36741,2.1555,3.1729,2.0481,2.3885,4.4349,1.476,1.6829,3.2252,0.85979,1.9067,2.7654,3.1082,2.8414,5.9046,1.968,1.7794,3.4859,0.94939,2.7157,2.8928,1.7652,2.5885,4.0021,0.67105,1.8882,2.7704,1.0898,2.4334,3.0918,1.9144,1.9247,4.4943,1.7465,1.6702,3.8921,0.54482,2.1901,3.7904,1.2513,2.4793,3.8112,0.99779,2.0959,3.2437,2.5551,2.3143,4.3147,2.043,2.1805,4.6975,1.5027,1.6684,3.9182,1.8896,1.9486,4.4893,1.4716,2.1818,3.2601,0.83326,2.1502,3.1326,2.4413,2.4068,4.345,1.965,2.5703,4.8713,1.9354,2.6051,4.8555,2.5527,2.313,4.3033,1.281,2.5037,3.9257,1.7437,2.2692,4.3319,2.2938,3.0309,4.1948,0.56038,2.4422,2.5345,1.4834,2.0387,4.6,2.0093,3.0474,3.9159,0.31857,2.3812,3.3995,1.6849,1.6241,4.0819,0.75773,2.1029,3.0748,2.2509,2.2893,4.6743,0.6083,2.5246,3.0533,0.93386,2.1554,3.2397,0.079542,2.8954,1.854,2.0032,2.0763,4.5946,2.5393,2.3385,4.2695,2.4921,2.3137,5.1635,2.061,2.757,4.2858,1.1155,1.8511,3.9776,4.5956,2.9333,0.56684,0.85169,2.1583,3.0277,1.3961,2.1053,4.2696,1.1202,2.1446,3.5171,2.1923,2.7142,4.4558,1.6603,1.593,4.1504,1.1582,2.5422,3.0722,0.75276,2.4434,3.7537,2.1291,1.8824,3.706,1.5255,2.4805,3.4767,1.5433,2.5763,3.582,1.5628,1.6586,4.2745,2.0406,2.7519,4.5411,2.1003,2.75,4.6179,3.3329,2.8099,6.0861,1.702,1.6164,4.181,1.7814,1.9754,3.4188,2.2936,2.9597,5.1465,1.1769,2.5516,3.0746,2.6597,2.4282,4.9973,0.98018,2.6333,4.116,1.5395,2.4668,3.5032,1.0797,1.8864,4.095,1.7041,1.6193,4.0791,1.7774,1.9461,3.4199,6.1793,2.9215,2.978,2.9021,2.2645,4.6074,1.3928,1.9573,4.2682,1.2068,2.6328,3.344,1.4587,2.4509,3.3716,1.7633,1.9517,3.6933,1.9639,2.4021,4.0097,1.1019,2.3184,3.2107,2.4866,1.9937,5.2101,1.1425,2.6659,3.3025,1.445,2.4771,3.3581,0.16147,3.002,3.1866,0.68221,1.8306,2.8608,1.6802,2.0187,4.4794,1.4873,1.8566,4.1602,5.4133,2.8824,1.7502,0.83494,2.1645,2.8516,0.92203,2.6489,4.0876,2.2789,2.5272,3.6599,2.6781,2.357,4.9419,2.9108,2.6429,4.5474,2.0639,2.4504,4.5363,2.3193,2.1397,4.189,0.75131,2.0739,3.3426,0.44793,2.4381,2.9854,0.56106,2.1692,3.8164,2.4527,2.4853,4.5036,0.79569,2.4136,2.9379,1.2803,1.5735,4.3282,1.6718,1.9887,3.4655,0.16727,2.6719,2.1052,3.3905,2.9476,0.16537,0.84175,2.3645,2.9699,1.6508,1.6515,4.1057,1.5604,1.8365,3.2022,0.77125,2.4129,2.8722,2.1883,2.3344,4.9515,1.1921,2.5548,3.1266,1.1401,2.1083,3.5468,0.4858,2.0121,3.2721,1.7088,1.9719,3.4386,2.4983,2.0814,4.1035,2.1112,2.1419,4.9715,1.3289,1.738,3.8208,0.73388,1.9879,2.7658,2.1161,2.1504,4.9991,2.2575,2.2272,4.5082,1.5409,2.3512,3.9745,4.1891,2.9733,0.12145,1.9076,2.4125,4.003,0.76042,1.9767,4.123,1.2042,2.612,4.2443,3.4743,2.8329,6.1032,1.6444,1.5788,3.27,0.24901,2.3384,3.3986,5.0602,2.9794,0.95014,0.49516,2.7996,3.2458,1.2189,2.5239,3.0061,2.1882,2.1421,4.9613,1.5399,2.0881,4.3816,1.5897,1.6265,3.3305,1.5256,2.9303,3.3084,0.6041,2.3994,2.8093,0.86703,2.4398,2.9938,0.22886,2.6336,3.3415,1.7237,2.3363,4.1931,0.52661,2.4304,2.7489,1.0306,2.2413,3.6327,1.336,1.7903,4.3049,0.27104,2.3226,3.424,1.6029,1.5965,3.2775,0.61476,2.3922,2.7882,3.0026,2.8665,5.9794,1.9031,2.5733,4.0119,2.0133,2.2054,4.5988,2.4504,2.7252,5.2011,1.7659,1.9647,3.8604,1.3524,1.8077,3.7157,2.2291,2.1478,4.9909,1.4569,2.6192,3.9926,0.65945,3.0457,2.4297,4.5612,2.9505,0.31304,1.2648,2.7464,4.2707,1.8936,1.9543,3.8902,1.2202,2.6458,2.8325,0.27772,2.7934,2.9139,1.006,2.9003,4.1707,0.52081,2.4935,2.583,0.75259,1.9798,2.9182,0.5341,2.4444,3.4084,1.6586,2.194,4.2793,1.202,2.7505,4.3145,0.64644,1.9891,3.0613,2.0246,1.8622,3.775,1.2715,1.8585,3.6693,2.3949,2.6794,4.8984,1.4337,1.5531,4.1895,1.3399,2.1438,3.1997,0.67708,2.0123,3.0615,0.62043,2.3623,2.6198,1.7198,2.3325,4.1543,2.348,2.6635,4.9459,0.61443,2.0103,3.0402,1.6195,1.7182,3.3165,0.72788,3.011,2.5569,0.55848,2.516,2.592,3.0809,2.744,6.0172,6.1662,2.8635,2.5359,4.3913,2.9518,0.10513,2.3733,2.3594,3.7523,1.2258,3.0741,4.0911,1.3333,2.3692,3.5105,0.42068,3.0946,3.2699,2.3746,2.2192,3.7851,1.2752,1.8495,3.6731,2.4179,2.3299,4.5879,2.6001,2.6578,4.1097,1.2686,2.7015,4.3376,1.807,1.9569,3.871,1.1567,2.7792,3.6971,2.3991,2.4238,5.0194,1.5181,2.6319,3.319,2.1771,2.2218,4.0875,0.83114,1.9437,3.3804,2.4035,2.3838,3.7839,2.356,2.3878,3.746,2.2256,1.9385,4.9668,2.657,2.2906,4.8091,2.3749,2.2382,3.8042,1.4073,1.5972,3.8693,2.4164,2.6668,4.9629,1.8324,1.9541,3.8881,0.79921,2.1346,4.0492,1.6047,1.8361,4.294,2.385,2.6548,4.9617,1.4582,2.391,3.2597,5.902,2.8613,2.1732,1.8629,1.7748,3.5043,1.986,2.9886,4.2725,2.0505,1.9643,4.7931,1.1293,2.5947,4.3121,1.9236,2.1483,4.8964,1.6355,1.7946,3.9539,1.6118,2.0086,3.3724,1.0773,2.7532,3.6384,0.97084,2.8411,3.8226,1.4683,2.4472,3.8775,1.1495,2.7486,3.6766,1.8073,1.7832,4.0897,0.82759,2.4579,2.7884,1.8689,2.0943,4.3915,0.089916,2.7926,2.9035,1.0725,1.953,4.293,0.9631,2.3156,3.0396,1.6162,2.4004,4.577,0.99401,2.0856,2.8332,0.7628,2.0053,2.7162,1.6442,1.7893,3.9565,0.90493,2.4526,2.8276,1.3582,1.5876,3.8386,2.7723,2.5979,4.6289,1.0696,2.1681,3.6344,1.149,2.7731,3.668,1.9864,1.9906,4.4745,1.0578,1.9616,4.2526,1.874,1.6475,3.4429,1.6831,2.4868,3.9883,2.1769,2.5498,4.9065,2.1109,2.3696,3.6614,1.2112,3.0667,3.4497,1.4291,1.4523,4.2423,0.65964,2.9904,3.6372,1.6341,1.7403,4.2368,0.76694,2.0006,2.7323,0.62524,2.2069,3.9898,2.6521,2.6005,4.5259,2.0019,2.1177,3.4437,1.3834,2.9086,3.539,1.0843,2.2039,3.6293,2.534,2.0128,4.4712,1.4963,1.7351,4.4213,1.6045,2.5898,3.576,2.0647,2.2873,4.0669,2.7077,2.3441,4.989,0.44472,2.5189,2.9438
0.068415,0.10802,0.0031741,216.52,225.21,202.21,0.001248,0.0013946,0.0010065,204.39,212.98,212.38,204.73,196.59,197.49,225.54,212.39,234.62,206.06,236.45,252.51,201.69,204.52,205.53,227.86,209.92,216.04,185.88,189.51,270.6,208.78,183.16,224.27,186.66,238.07,218.37,262.88,155.09,235.6,200.89,208.34,167.76,236.59,238.43,283.78,230.42,192.54,237.44,280.45,254.73,166.1,260.72,180.01,230.51,213.33,248.08,238.4,272.33,237.85,238.81,209.77,266.84,264.72,256.12,213.38,246.48,221.11,203.07,294.79,251.44,254.55,269.05,169.26,220.66,197.05,235.64,214.16,259.54,226.62,220.43,201.82,230.15,239.46,199.78,188.86,229.04,222.66,258.41,242.73,224.65,244.09,240.46,209.94,248.15,138.2,255.11,207.34,210.99,213.13,240.84,269.72,228.84,224.9,181.1,185.78,220.21,296.22,207.02,207.11,253.42,260.13,312.26,253.54,249.44,207.2,313.97,256.28,204.93,239.75,216.03,193.32,243.11,228.49,173.31,259.38,238.69,279.07,256.01,245.9,190.13,214.05,277.4,217.01,242.06,207.06,301.13,182.11,239.32,300.95,262.99,243.46,233.86,211.56,207.2,281.68,228.93,260.9,264.06,215.56,252.74,213.77,252.28,281.91,220.66,223.69,310.54,235.35,242.3,229.75,204.45,221.24,273.55,218.6,150.32,238.84,287.3,265.28,193.56,309.82,207.03,226.63,178.8,152.0,211.36,245.7,186.71,265.34,208.77,202.16,231.73,211.8,230.23,187.82,250.99,230.8,211.86,211.66,213.64,271.94,204.47,250.3,314.56,230.86,243.63,219.85,282.88,230.02,216.56,254.23,289.79,224.64,241.68,253.03,228.07,264.35,229.58,243.64,208.96,227.24,213.53,242.72,229.51,237.99,230.99,244.82,228.88,208.54,255.44,252.93,224.17,201.49,191.3,227.29,275.45,195.84,205.79,279.43,214.03,227.75,236.89,221.85,230.59,254.0,255.71,189.58,253.25,197.38,243.5,210.53,241.94,182.18,245.4,246.29,169.7,255.77,214.12,164.36,237.19,182.97,216.13,236.01,181.38,221.48,233.05,194.0,227.3,230.68,223.5,185.87,234.69,205.07,215.71,214.66,165.97,259.85,256.5,204.77,169.69,202.48,264.17,225.68,227.38,216.59,147.01,160.75,200.9,237.73,218.31,213.31,215.86,205.94,188.91,169.74,184.36,227.11,215.1,235.6,219.27,0.00080687,0.0010378,0.0010349,0.001073,0.00097891,0.001058,0.0011897,0.00092846,0.0011835,0.0009709,0.0012483,0.0013843,0.0010878,0.0010968,0.0010064,0.0013634,0.0011881,0.0011833,0.0011838,0.0011652,0.0015939,0.0013722,0.0011383,0.0014799,0.0012826,0.00144,0.0012293,0.001534,0.0011321,0.0015713,0.0012043,0.0012975,0.0011602,0.0013359,0.0014495,0.0016799,0.0013622,0.0013416,0.0014692,0.001544,0.0013829,0.0010115,0.0016157,0.001256,0.0013605,0.0013332,0.0014786,0.0013426,0.0015486,0.001412,0.0012252,0.001345,0.0016327,0.0014392,0.0015326,0.0013915,0.0014415,0.0014584,0.0014312,0.001749,0.0016931,0.0015544,0.0016334,0.0013202,0.0015393,0.0013067,0.0016077,0.0015298,0.0015933,0.0014199,0.0015641,0.0014,0.0013716,0.0015267,0.0014108,0.0013455,0.0013903,0.001436,0.0016435,0.0016102,0.0015148,0.0016501,0.0015566,0.0013425,0.0014226,0.0011346,0.0015797,0.0014578,0.001419,0.0013502,0.0015035,0.0015641,0.0015439,0.0015288,0.0012931,0.0012782,0.001353,0.0018284,0.0013735,0.0013483,0.0015248,0.0015826,0.0019191,0.001537,0.0016378,0.0010244,0.0017527,0.0016025,0.0014487,0.0014038,0.00144,0.0013882,0.0015931,0.0014682,0.0013485,0.0015963,0.001537,0.001671,0.0016229,0.0013979,0.0013722,0.0015477,0.0016194,0.0015101,0.0015383,0.0011021,0.0018667,0.0013082,0.0010146,0.0018792,0.0016838,0.0016144,0.0015713,0.0013214,0.0013954,0.0011517,0.0016365,0.001585,0.0016491,0.0014545,0.001559,0.001423,0.0013828,0.0016372,0.0015254,0.0013484,0.0016207,0.0014918,0.0015835,0.0013941,0.0012952,0.0014802,0.0018177,0.0014106,0.0011714,0.0015596,0.0016789,0.0016745,0.00099725,0.0017992,0.0013186,0.001429,0.0012599,0.0012261,0.001471,0.0014786,0.001317,0.0016172,0.0013964,0.0013995,0.0014859,0.0011947,0.0015127,0.0014379,0.0015461,0.0014532,0.00152,0.0014418,0.0013773,0.0015459,0.0013254,0.0015464,0.0017675,0.0015117,0.0015352,0.0015525,0.0016208,0.0014366,0.0014368,0.0014804,0.0015409,0.0014939,0.0014672,0.0016293,0.0017543,0.0016022,0.0014702,0.0013904,0.0014697,0.0014169,0.0014453,0.0015114,0.001467,0.0015392,0.0013916,0.0018074,0.00144,0.0014434,0.0015236,0.0014163,0.0014048,0.0013722,0.0013183,0.0013652,0.0016715,0.0013775,0.0013726,0.0015557,0.0013729,0.0015083,0.0014664,0.0013964,0.0014111,0.0014422,0.0015605,0.0012761,0.0015958,0.0013064,0.0014335,0.0014407,0.0013588,0.0012471,0.0013612,0.0015322,0.0011921,0.0015088,0.0012742,0.001271,0.0014336,0.0011845,0.001395,0.0014083,0.0012376,0.0013641,0.0013989,0.0011133,0.001345,0.0013548,0.0013934,0.0012207,0.0014673,0.0012654,0.0013581,0.0012395,0.00095558,0.0013564,0.0014083,0.0011419,0.0011327,0.0011176,0.0014661,0.0013988,0.0013595,0.00099045,0.000895,0.00099914,0.0010105,0.0014141,0.0012949,0.00099468,0.0012102,0.0010042,0.0010095,0.00086674,0.00086473,0.0011209,0.0011578,0.0013066,0.0012141,1074300.0,1105700.0,792270.0,4276700.0,2284500.0,1150800.0,5856800.0,1513400.0,1879800.0,3242500.0,2966100.0,734830.0,5652900.0,1298400.0,4052200.0,2459600.0,5070500.0,4091400.0,1340500.0,3371900.0,2502600.0,3347400.0,11704000.0,958350.0,6311800.0,749460.0,9101500.0,1591900.0,1841400.0,815570.0,3232100.0,1680500.0,5814300.0,23940000.0,2520900.0,2724900.0,4347000.0,1235900.0,1513400.0,1646200.0,2062700.0,1057700.0,2058300.0,1019200.0,7475600.0,2433400.0,1825600.0,1494000.0,2274900.0,15971000.0,952090.0,7278300.0,3995200.0,706940.0,3910700.0,1079100.0,2657700.0,17679000.0,32102000.0,2373200.0,1720700.0,1532600.0,2840700.0,1036400.0,1926200.0,3409900.0,803840.0,2871900.0,1940600.0,3915400.0,2755300.0,1446400.0,1119200.0,15048000.0,5077600.0,1340600.0,3613400.0,1673300.0,965090.0,2573300.0,3702600.0,1313000.0,893150.0,2116300.0,873820.0,1861100.0,2850800.0,4950200.0,4191200.0,2338500.0,5694300.0,1300700.0,9352900.0,4677300.0,1017700.0,1694700.0,903640.0,1769700.0,3509900.0,9918500.0,1730700.0,16523000.0,1417300.0,9919600.0,1633600.0,3256300.0,1272900.0,1628100.0,12535000.0,5115100.0,2157200.0,3869300.0,2389200.0,1225800.0,656170.0,3373000.0,11659000.0,2413800.0,1291100.0,778800.0,1922000.0,735100.0,1193700.0,2218700.0,8786700.0,4156700.0,2627900.0,3087700.0,2361300.0,1498700.0,773560.0,10411000.0,2404500.0,3548600.0,2073400.0,1371700.0,1031900.0,2014200.0,1052000.0,2853800.0,3921600.0,1159600.0,1477000.0,2103000.0,1521000.0,2210500.0,2422200.0,877170.0,6912100.0,1513500.0,9390500.0,6180200.0,809830.0,10291000.0,814480.0,1274500.0,19279000.0,683650.0,12167000.0,721740.0,5575100.0,3693400.0,3817200.0,2647300.0,5252900.0,4116200.0,4227600.0,964530.0,4135000.0,1638700.0,6369200.0,1506700.0,7610900.0,1080700.0,744550.0,4005200.0,2996600.0,1988300.0,8411500.0,2288700.0,948280.0,1205600.0,3671000.0,3568300.0,1940100.0,1475700.0,747540.0,6807100.0,5275200.0,2336700.0,637470.0,17726000.0,3323000.0,5257900.0,1142200.0,18258000.0,5431600.0,1100100.0,8580600.0,1353300.0,1434500.0,3992400.0,5297000.0,799330.0,1639500.0,973680.0,1778500.0,1568200.0,1456500.0,7851700.0,2342100.0,1425100.0,12280000.0,2793800.0,1238000.0,1263500.0,3260300.0,951930.0,4669600.0,1133200.0,1854600.0,8075300.0,4435100.0,696550.0,1421900.0,10018000.0,5258300.0,5069200.0,15394000.0,3001700.0,1931800.0,2342400.0,2994600.0,3189800.0,1882600.0,1749500.0,2275100.0,1499400.0,7215800.0,652060.0,3656200.0,8296200.0,8910100.0,1863600.0,5378600.0,4029700.0,5011000.0,864140.0,1139900.0,5361500.0,1551600.0,6587500.0,3485200.0,7122400.0,1970700.0,1638700.0,1591200.0,1087700.0,1106100.0,2208100.0,945990.0,5091800.0,3371700.0,4404800.0,3356800.0,2894200.0,2745600.0,15584000.0,14989000.0,6042000.0,4601000.0,2807600.0,6148400.0,3762100.0,1781300.0,2740300.0,1353800.0,4824200.0,3044800.0,1.5285,1.8468,4.17,2.2296,2.4701,3.6653,1.277,2.2303,4.2232,1.2209,1.9896,4.2268,2.4891,2.6639,4.3097,0.81814,2.0622,4.2175,1.5834,2.5031,3.8883,3.0438,2.8435,5.8484,1.2167,2.0087,4.2204,1.7353,1.7191,4.2478,1.2778,2.2426,4.2417,0.80805,2.0518,4.2117,2.9153,2.841,4.5804,5.6615,2.769,1.4356,1.2355,2.8376,3.6186,0.91307,2.153,3.0134,2.5172,2.0886,4.4823,1.4675,1.6816,3.9,0.66909,2.6091,3.8786,1.9612,1.7923,3.4931,1.1279,2.4209,3.1372,0.31755,2.2885,3.5435,1.809,1.6557,3.3929,2.081,2.7699,4.3311,1.8323,1.6549,3.3809,1.5384,1.6608,3.9344,0.36717,2.1557,3.1727,2.0482,2.3887,4.4354,1.476,1.6831,3.2254,0.85999,1.907,2.7653,3.1091,2.8414,5.9054,1.9677,1.7796,3.486,0.9489,2.7157,2.893,1.7647,2.5885,4.0021,0.67137,1.8884,2.7702,1.0898,2.4333,3.0921,1.9145,1.9248,4.4943,1.747,1.67,3.8921,0.54517,2.1899,3.7909,1.2519,2.4798,3.8115,0.9977,2.0962,3.2434,2.5552,2.3145,4.315,2.0428,2.1807,4.6977,1.5029,1.6683,3.9183,1.8896,1.9489,4.4893,1.4715,2.1819,3.26,0.83321,2.1508,3.132,2.4415,2.4071,4.3452,1.9652,2.57,4.8711,1.9353,2.6052,4.8552,2.5528,2.3131,4.3035,1.281,2.5039,3.9255,1.7442,2.2695,4.3323,2.2954,3.0306,4.196,0.56092,2.4419,2.5351,1.4829,2.0385,4.6,2.0088,3.0472,3.9151,0.31792,2.3812,3.3991,1.6851,1.624,4.0818,0.7582,2.1036,3.0746,2.2511,2.2895,4.6745,0.60814,2.5238,3.0539,0.9331,2.1561,3.2393,0.0791,2.8954,1.853,2.0034,2.0772,4.5947,2.5392,2.3389,4.2694,2.49,2.3134,5.1629,2.0602,2.7562,4.2839,1.1158,1.851,3.978,4.5953,2.9325,0.56749,0.85138,2.1585,3.0274,1.3971,2.1054,4.2697,1.1208,2.1451,3.5174,2.1913,2.7137,4.4547,1.6599,1.5929,4.1503,1.1584,2.5422,3.0723,0.75284,2.4436,3.7536,2.1297,1.8819,3.7057,1.5246,2.4809,3.4768,1.542,2.5766,3.5817,1.5618,1.6582,4.2747,2.04,2.7512,4.5407,2.1,2.7494,4.6179,3.333,2.8102,6.086,1.7018,1.6166,4.1812,1.7822,1.9752,3.4186,2.2953,2.9598,5.1489,1.1773,2.5516,3.0745,2.6603,2.4281,4.9976,0.9801,2.6335,4.1167,1.5387,2.4671,3.5036,1.0781,1.8873,4.095,1.7048,1.6192,4.079,1.7788,1.9454,3.4194,6.1767,2.9211,2.9757,2.902,2.2641,4.608,1.3937,1.9573,4.2689,1.2062,2.6321,3.3443,1.4588,2.4508,3.3719,1.7626,1.9513,3.6931,1.9641,2.4028,4.01,1.102,2.3187,3.211,2.4858,1.9929,5.211,1.1413,2.6654,3.3024,1.4448,2.4774,3.3582,0.1616,3.0025,3.1861,0.68228,1.8309,2.8605,1.6798,2.0185,4.4803,1.4872,1.8564,4.1607,5.4118,2.8821,1.7489,0.83534,2.165,2.8524,0.92196,2.6492,4.0883,2.28,2.5269,3.6603,2.6804,2.356,4.9418,2.9121,2.6423,4.5479,2.0636,2.4499,4.5368,2.3184,2.1402,4.189,0.75104,2.0752,3.3425,0.44878,2.4377,2.9863,0.56093,2.1697,3.8173,2.4533,2.4849,4.5045,0.79546,2.4135,2.9384,1.2806,1.5734,4.3287,1.6713,1.9884,3.4657,0.16866,2.6716,2.1054,3.3917,2.9475,0.16758,0.8425,2.3635,2.9714,1.6506,1.6517,4.106,1.5619,1.8369,3.2024,0.77137,2.4124,2.8723,2.1883,2.3342,4.9515,1.193,2.5548,3.1271,1.1411,2.1093,3.5473,0.48514,2.0126,3.2723,1.7086,1.9715,3.4385,2.4997,2.0808,4.1023,2.1099,2.1417,4.9714,1.3294,1.7378,3.8212,0.73424,1.988,2.7658,2.1155,2.1503,4.9996,2.2566,2.2278,4.509,1.5405,2.3519,3.9747,4.1888,2.9729,0.12117,1.907,2.4132,4.0031,0.75937,1.9768,4.1232,1.2046,2.6124,4.2448,3.4737,2.8327,6.1035,1.646,1.5785,3.2701,0.24836,2.3387,3.3983,5.0601,2.9792,0.94982,0.49429,2.7998,3.2458,1.2184,2.5241,3.0065,2.1888,2.1423,4.9615,1.5408,2.088,4.3821,1.5906,1.6266,3.3311,1.5291,2.9304,3.3091,0.60598,2.3989,2.8105,0.86643,2.4395,2.9939,0.22898,2.6339,3.3416,1.7257,2.3375,4.194,0.52768,2.4304,2.7493,1.0303,2.2421,3.6324,1.3353,1.7901,4.305,0.27043,2.3228,3.4242,1.604,1.5963,3.2775,0.61685,2.3915,2.7889,3.0024,2.8664,5.9801,1.9017,2.5729,4.0116,2.0135,2.2056,4.5989,2.4483,2.7246,5.2002,1.7643,1.9646,3.8599,1.3529,1.8076,3.7159,2.2299,2.1477,4.991,1.4574,2.6188,3.9923,0.65595,3.0453,2.4251,4.5602,2.9501,0.31245,1.2653,2.7473,4.2701,1.8936,1.9545,3.8903,1.22,2.646,2.8321,0.27646,2.7934,2.9133,1.0065,2.9005,4.1709,0.52034,2.4932,2.583,0.75347,1.9805,2.9174,0.53391,2.4449,3.4081,1.6595,2.1942,4.2798,1.2011,2.7512,4.314,0.6467,1.9895,3.0606,2.0253,1.862,3.7745,1.2725,1.8587,3.6695,2.3943,2.679,4.8976,1.4343,1.5534,4.1896,1.3393,2.1437,3.2,0.67747,2.013,3.061,0.62193,2.3614,2.6202,1.7206,2.3332,4.1546,2.3469,2.6629,4.9456,0.61427,2.0109,3.0394,1.6201,1.7183,3.3164,0.7289,3.0108,2.5572,0.55833,2.516,2.592,3.0826,2.7439,6.0186,6.166,2.8635,2.5359,4.3889,2.9514,0.10273,2.3735,2.3588,3.7522,1.2286,3.074,4.0948,1.3323,2.3701,3.51,0.41591,3.0947,3.2658,2.3746,2.219,3.7849,1.2759,1.8495,3.6733,2.4178,2.3299,4.5882,2.6003,2.6581,4.1106,1.2687,2.7016,4.3376,1.8061,1.9568,3.8706,1.157,2.779,3.6975,2.3986,2.4233,5.0187,1.5173,2.6319,3.3193,2.1772,2.2223,4.0874,0.83135,1.9441,3.3805,2.4038,2.3835,3.7841,2.356,2.3875,3.7459,2.2261,1.9389,4.9675,2.657,2.2906,4.8092,2.375,2.2382,3.8041,1.4075,1.5973,3.8697,2.416,2.6663,4.9626,1.8318,1.9541,3.8879,0.79944,2.1345,4.0501,1.6046,1.8361,4.2943,2.3844,2.6543,4.9616,1.4582,2.391,3.2596,5.9017,2.8611,2.1729,1.8629,1.7746,3.5046,1.9859,2.9882,4.272,2.0509,1.9644,4.7935,1.1296,2.5949,4.3125,1.924,2.1483,4.8967,1.6356,1.7945,3.9538,1.6119,2.0085,3.3722,1.0779,2.7529,3.639,0.97139,2.8411,3.8228,1.469,2.4477,3.8778,1.1497,2.7482,3.6768,1.807,1.783,4.0897,0.82694,2.4579,2.7885,1.8686,2.0946,4.3916,0.09007,2.7926,2.9041,1.0724,1.953,4.2933,0.96325,2.3154,3.0399,1.616,2.4005,4.5769,0.9941,2.0855,2.8332,0.76298,2.0054,2.716,1.6445,1.7891,3.9564,0.90479,2.4525,2.8281,1.3579,1.5876,3.8386,2.7722,2.5979,4.6288,1.0695,2.1684,3.6345,1.1492,2.7728,3.6682,1.9865,1.9906,4.4745,1.0575,1.9615,4.2525,1.8742,1.6475,3.4429,1.6834,2.4869,3.9882,2.1775,2.5497,4.9063,2.1105,2.3695,3.661,1.2113,3.0666,3.4499,1.429,1.4522,4.2423,0.66,2.9903,3.6374,1.6342,1.7401,4.2368,0.76714,2.0006,2.7322,0.62471,2.207,3.9902,2.6517,2.6004,4.5258,2.002,2.1176,3.4437,1.3834,2.9084,3.5389,1.0843,2.2041,3.6292,2.534,2.013,4.4712,1.4964,1.7351,4.4213,1.6044,2.5897,3.5759,2.0648,2.2873,4.0669,2.7076,2.3438,4.9888,0.44473,2.5188,2.9437
0.069456,0.10968,0.0032083,217.04,225.89,202.45,0.001251,0.0013986,0.0010079,204.64,213.31,212.76,205.07,197.0,197.68,225.99,212.73,235.14,206.51,236.92,253.04,201.95,205.03,205.93,228.58,210.31,216.59,186.31,189.73,271.44,209.34,183.53,224.71,187.08,238.72,219.02,263.62,155.38,236.24,201.37,208.74,167.84,237.01,238.92,284.76,230.99,192.77,238.27,281.52,255.49,166.56,261.22,180.28,231.25,213.83,248.96,239.17,273.3,238.55,239.59,210.37,267.84,265.83,257.17,213.98,247.39,221.48,203.52,295.97,252.58,255.62,270.02,169.85,221.37,197.59,235.91,214.43,259.96,227.01,221.2,202.29,230.93,240.45,200.47,190.01,229.59,223.87,259.22,243.31,225.15,245.17,241.23,210.59,249.13,139.28,255.63,207.58,211.5,214.36,241.9,270.29,229.23,225.4,181.97,187.95,220.75,297.01,207.78,207.95,253.54,261.44,313.25,253.9,250.23,208.8,315.36,257.17,205.55,240.63,218.87,194.4,244.04,229.73,175.63,261.31,239.36,279.81,256.76,248.99,191.06,215.66,277.78,217.92,242.53,207.62,302.48,183.1,242.98,301.89,264.51,243.67,236.16,212.36,207.9,287.08,229.73,261.59,265.08,218.4,253.38,214.72,253.26,282.65,221.35,224.59,311.03,235.31,243.12,231.14,204.94,221.76,276.2,219.26,150.62,239.91,288.22,265.85,196.8,310.47,207.42,227.26,179.13,153.15,211.94,246.35,187.2,266.04,210.29,202.25,232.04,212.88,231.68,188.45,251.52,231.23,212.54,211.91,213.85,273.06,205.22,251.33,315.5,231.17,244.63,220.12,284.02,231.03,216.98,255.44,290.92,225.64,242.78,253.35,229.22,264.98,230.51,243.97,209.62,227.96,214.08,243.15,229.8,238.43,231.83,246.29,229.58,209.33,255.81,254.01,224.94,201.56,191.67,228.11,276.46,196.72,206.32,279.87,214.3,228.36,237.73,222.58,231.34,254.86,256.33,190.02,253.73,197.68,244.31,211.04,242.15,182.45,246.12,247.0,169.87,256.37,214.54,164.76,237.88,183.29,216.48,236.77,181.82,221.91,233.61,194.32,227.85,231.29,223.87,186.17,235.15,205.44,216.27,215.23,166.23,260.43,257.23,205.1,170.0,202.81,264.68,226.17,227.8,217.06,147.27,161.01,201.21,238.18,218.75,213.67,216.24,206.32,189.2,170.02,184.57,227.45,215.38,236.12,219.57,0.0008079,0.0010394,0.0010367,0.0010752,0.00098129,0.0010586,0.001192,0.00093025,0.0011866,0.00097352,0.0012511,0.0013876,0.0010889,0.0010997,0.0010086,0.0013679,0.0011906,0.0011869,0.001187,0.0011666,0.0015989,0.0013759,0.001141,0.0014834,0.0012856,0.001445,0.0012334,0.0015383,0.0011348,0.0015749,0.0012078,0.0013001,0.0011607,0.0013382,0.0014528,0.0016858,0.0013663,0.001343,0.0014744,0.0015502,0.0013876,0.0010139,0.0016186,0.0012592,0.0013654,0.0013367,0.001484,0.0013467,0.0015547,0.0014166,0.0012291,0.0013487,0.0016389,0.0014451,0.0015389,0.0013958,0.0014468,0.001461,0.0014344,0.0017564,0.0017003,0.0015603,0.0016388,0.0013227,0.0015443,0.00131,0.0016097,0.0015311,0.0015969,0.0014219,0.0015682,0.0014031,0.0013759,0.0015326,0.0014155,0.0013506,0.0013937,0.0014425,0.0016487,0.0016134,0.0015183,0.0016554,0.0015611,0.0013445,0.0014278,0.0011391,0.0015818,0.0014594,0.0014203,0.0013565,0.0015094,0.0015648,0.0015464,0.001532,0.0012962,0.0012898,0.0013579,0.0018329,0.0013778,0.0013528,0.0015271,0.0015896,0.0019247,0.0015389,0.0016423,0.0010243,0.0017593,0.0016079,0.0014526,0.0014091,0.0014551,0.001395,0.0015986,0.001471,0.0013553,0.0016071,0.0015404,0.0016756,0.0016276,0.0014078,0.0013779,0.0015513,0.0016243,0.0015164,0.0015427,0.0011026,0.0018744,0.0013149,0.0010291,0.0018849,0.0016924,0.0016158,0.0015814,0.001327,0.0013993,0.0011784,0.001642,0.0015898,0.0016538,0.0014667,0.0015632,0.0014284,0.0013876,0.0016425,0.0015307,0.0013551,0.0016253,0.0014922,0.0015901,0.0013947,0.001299,0.001484,0.0018309,0.001415,0.0011733,0.0015623,0.0016844,0.0016781,0.0010095,0.0018022,0.001321,0.0014326,0.0012624,0.0012321,0.0014731,0.0014822,0.0013207,0.0016207,0.0014046,0.0014011,0.001489,0.0012007,0.0015201,0.0014405,0.0015501,0.0014554,0.0015237,0.0014432,0.0013784,0.0015508,0.0013296,0.0015509,0.0017721,0.0015139,0.0015414,0.0015551,0.0016273,0.0014418,0.0014393,0.0014867,0.0015474,0.0014994,0.001474,0.0016316,0.0017598,0.0016056,0.0014764,0.0013859,0.0014744,0.0014221,0.0014492,0.0015143,0.0014689,0.0015418,0.0013972,0.0018165,0.0014444,0.0014493,0.0015264,0.0014222,0.0014101,0.0013734,0.0013204,0.0013706,0.0016777,0.001382,0.0013761,0.0015584,0.0013743,0.0015116,0.0014722,0.0014008,0.0014159,0.001448,0.0015642,0.001279,0.0015988,0.0013086,0.001438,0.0014437,0.0013604,0.0012487,0.0013653,0.0015373,0.0011938,0.0015126,0.001277,0.001275,0.0014383,0.0011875,0.0013972,0.0014131,0.0012413,0.0013663,0.0014019,0.0011153,0.0013488,0.0013585,0.0013965,0.0012232,0.0014706,0.0012681,0.0013616,0.0012433,0.00095736,0.0013599,0.0014128,0.0011442,0.0011353,0.0011197,0.001469,0.0014017,0.0013621,0.00099268,0.00089697,0.0010008,0.0010124,0.0014171,0.0012973,0.00099654,0.0012126,0.0010063,0.0010114,0.00086838,0.00086605,0.0011228,0.0011595,0.0013094,0.0012158,1074300.0,1105700.0,792270.0,4276700.0,2284500.0,1150800.0,5856800.0,1513400.0,1879800.0,3242500.0,2966100.0,734830.0,5652900.0,1298400.0,4052200.0,2459600.0,5070500.0,4091400.0,1340500.0,3371900.0,2502600.0,3347400.0,11704000.0,958350.0,6311800.0,749460.0,9101500.0,1591900.0,1841400.0,815570.0,3232100.0,1680500.0,5814300.0,23940000.0,2520900.0,2724900.0,4347000.0,1235900.0,1513400.0,1646200.0,2062700.0,1057700.0,2058300.0,1019200.0,7475600.0,2433400.0,1825600.0,1494000.0,2274900.0,15971000.0,952090.0,7278300.0,3995200.0,706940.0,3910700.0,1079100.0,2657700.0,17679000.0,32102000.0,2373200.0,1720700.0,1532600.0,2840700.0,1036400.0,1926200.0,3409900.0,803840.0,2871900.0,1940600.0,3915400.0,2755300.0,1446400.0,1119200.0,15048000.0,5077600.0,1340600.0,3613400.0,1673300.0,965090.0,2573300.0,3702600.0,1313000.0,893150.0,2116300.0,873820.0,1861100.0,2850800.0,4950200.0,4191200.0,2338500.0,5694300.0,1300700.0,9352900.0,4677300.0,1017700.0,1694700.0,903640.0,1769700.0,3509900.0,9918500.0,1730700.0,16523000.0,1417300.0,9919600.0,1633600.0,3256300.0,1272900.0,1628100.0,12535000.0,5115100.0,2157200.0,3869300.0,2389200.0,1225800.0,656170.0,3373000.0,11659000.0,2413800.0,1291100.0,778800.0,1922000.0,735100.0,1193700.0,2218700.0,8786700.0,4156700.0,2627900.0,3087700.0,2361300.0,1498700.0,773560.0,10411000.0,2404500.0,3548600.0,2073400.0,1371700.0,1031900.0,2014200.0,1052000.0,2853800.0,3921600.0,1159600.0,1477000.0,2103000.0,1521000.0,2210500.0,2422200.0,877170.0,6912100.0,1513500.0,9390500.0,6180200.0,809830.0,10291000.0,814480.0,1274500.0,19279000.0,683650.0,12167000.0,721740.0,5575100.0,3693400.0,3817200.0,2647300.0,5252900.0,4116200.0,4227600.0,964530.0,4135000.0,1638700.0,6369200.0,1506700.0,7610900.0,1080700.0,744550.0,4005200.0,2996600.0,1988300.0,8411500.0,2288700.0,948280.0,1205600.0,3671000.0,3568300.0,1940100.0,1475700.0,747540.0,6807100.0,5275200.0,2336700.0,637470.0,17726000.0,3323000.0,5257900.0,1142200.0,18258000.0,5431600.0,1100100.0,8580600.0,1353300.0,1434500.0,3992400.0,5297000.0,799330.0,1639500.0,973680.0,1778500.0,1568200.0,1456500.0,7851700.0,2342100.0,1425100.0,12280000.0,2793800.0,1238000.0,1263500.0,3260300.0,951930.0,4669600.0,1133200.0,1854600.0,8075300.0,4435100.0,696550.0,1421900.0,10018000.0,5258300.0,5069200.0,15394000.0,3001700.0,1931800.0,2342400.0,2994600.0,3189800.0,1882600.0,1749500.0,2275100.0,1499400.0,7215800.0,652060.0,3656200.0,8296200.0,8910100.0,1863600.0,5378600.0,4029700.0,5011000.0,864140.0,1139900.0,5361500.0,1551600.0,6587500.0,3485200.0,7122400.0,1970700.0,1638700.0,1591200.0,1087700.0,1106100.0,2208100.0,945990.0,5091800.0,3371700.0,4404800.0,3356800.0,2894200.0,2745600.0,15584000.0,14989000.0,6042000.0,4601000.0,2807600.0,6148400.0,3762100.0,1781300.0,2740300.0,1353800.0,4824200.0,3044800.0,1.5286,1.8469,4.1699,2.2297,2.4702,3.6653,1.277,2.2303,4.2232,1.2207,1.9896,4.2267,2.4889,2.6639,4.3098,0.8176,2.0622,4.2175,1.5842,2.5034,3.8882,3.0443,2.8436,5.8488,1.2165,2.0089,4.2202,1.7351,1.7191,4.2478,1.2779,2.2429,4.2419,0.80728,2.0516,4.2117,2.9155,2.841,4.5813,5.6607,2.7688,1.4351,1.2356,2.8375,3.6186,0.91242,2.1531,3.0133,2.5177,2.0892,4.4829,1.4674,1.6817,3.8999,0.66934,2.6098,3.8785,1.9606,1.7927,3.4934,1.1285,2.4205,3.1383,0.318,2.2886,3.5431,1.8093,1.6555,3.393,2.0801,2.769,4.3295,1.8328,1.6547,3.3808,1.5392,1.6606,3.9348,0.36679,2.156,3.1722,2.0486,2.3892,4.4362,1.476,1.6832,3.2259,0.86029,1.9074,2.7652,3.1104,2.8414,5.9066,1.9672,1.7798,3.4862,0.94818,2.7157,2.8932,1.7639,2.5884,4.0021,0.67185,1.8886,2.7699,1.0899,2.4331,3.0926,1.9147,1.9249,4.4943,1.7477,1.6696,3.892,0.54571,2.1897,3.7917,1.2528,2.4806,3.812,0.99755,2.0967,3.243,2.5554,2.3147,4.3154,2.0425,2.1812,4.698,1.5032,1.6682,3.9184,1.8895,1.9493,4.4893,1.4713,2.1821,3.2599,0.83315,2.1518,3.1311,2.4418,2.4076,4.3456,1.9655,2.5695,4.8708,1.9352,2.6053,4.8548,2.5529,2.3134,4.3038,1.2809,2.5041,3.9252,1.745,2.27,4.3328,2.2977,3.0301,4.1978,0.56172,2.4415,2.536,1.4821,2.0383,4.6,2.008,3.047,3.9137,0.31694,2.3813,3.3985,1.6854,1.6238,4.0818,0.75891,2.1046,3.0743,2.2513,2.2899,4.6749,0.6079,2.5226,3.0547,0.93196,2.1572,3.2387,0.078433,2.8954,1.8514,2.0036,2.0784,4.5949,2.5391,2.3395,4.2691,2.487,2.3129,5.162,2.0588,2.7551,4.2811,1.1163,1.8509,3.9785,4.5949,2.9313,0.56845,0.85091,2.1589,3.027,1.3985,2.1056,4.2698,1.1217,2.1459,3.5178,2.1897,2.713,4.4531,1.6593,1.5927,4.1503,1.1587,2.542,3.0725,0.75294,2.444,3.7534,2.1307,1.8812,3.7052,1.5232,2.4815,3.477,1.5402,2.577,3.5812,1.5602,1.6577,4.2749,2.0391,2.7503,4.5401,2.0995,2.7486,4.6181,3.3331,2.8107,6.086,1.7016,1.6167,4.1815,1.7834,1.9749,3.4182,2.2977,2.9599,5.1525,1.178,2.5516,3.0744,2.6612,2.4279,4.9979,0.98,2.6339,4.1178,1.5375,2.4675,3.5041,1.0758,1.8886,4.095,1.706,1.6191,4.0788,1.7809,1.9444,3.4188,6.1729,2.9207,2.9723,2.9019,2.2635,4.6089,1.395,1.9572,4.2699,1.2052,2.6312,3.3447,1.4589,2.4508,3.3724,1.7616,1.9507,3.6928,1.9645,2.4038,4.0106,1.1021,2.3193,3.2115,2.4847,1.9917,5.2122,1.1395,2.6646,3.3023,1.4445,2.4778,3.3584,0.16209,3.0034,3.1857,0.68236,1.8315,2.8599,1.6791,2.0182,4.4815,1.487,1.8561,4.1615,5.4095,2.8815,1.747,0.83594,2.1656,2.8535,0.92183,2.6498,4.0894,2.2816,2.5265,3.661,2.6839,2.3546,4.9417,2.9142,2.6414,4.5485,2.0632,2.449,4.5374,2.3171,2.141,4.1891,0.75064,2.0771,3.3423,0.45004,2.4372,2.9877,0.56075,2.1703,3.8185,2.4543,2.4843,4.5059,0.79515,2.4134,2.9392,1.2811,1.5733,4.3294,1.6706,1.988,3.4661,0.17069,2.6713,2.1057,3.3935,2.9473,0.17083,0.84361,2.362,2.9735,1.6503,1.652,4.1064,1.5641,1.8375,3.2026,0.77154,2.4117,2.8724,2.1884,2.3339,4.9514,1.1942,2.5548,3.128,1.1426,2.1107,3.548,0.48415,2.0134,3.2726,1.7084,1.9709,3.4383,2.5018,2.08,4.1006,2.108,2.1414,4.9712,1.3301,1.7375,3.8217,0.7348,1.9883,2.766,2.1146,2.1501,5.0005,2.2553,2.2287,4.5101,1.54,2.353,3.9751,4.1883,2.9723,0.12075,1.906,2.4143,4.0032,0.75781,1.9769,4.1234,1.2052,2.6129,4.2456,3.4727,2.8324,6.1039,1.6482,1.5782,3.2703,0.24741,2.339,3.3979,5.06,2.9789,0.9494,0.49299,2.8,3.2458,1.2177,2.5243,3.007,2.1898,2.1426,4.9619,1.5421,2.0879,4.3828,1.5918,1.6268,3.3319,1.5342,2.9307,3.31,0.60873,2.3981,2.8122,0.86554,2.439,2.994,0.22911,2.6344,3.3416,1.7286,2.3391,4.1953,0.52927,2.4303,2.7498,1.0298,2.2433,3.6318,1.3344,1.7898,4.3052,0.26954,2.323,3.4245,1.6056,1.5961,3.2774,0.61993,2.3906,2.79,3.0022,2.8664,5.9811,1.8996,2.5724,4.0111,2.0139,2.2057,4.5991,2.4451,2.7238,5.1988,1.7619,1.9646,3.8591,1.3537,1.8074,3.7163,2.231,2.1477,4.9912,1.4582,2.6182,3.9918,0.65077,3.0447,2.4184,4.5587,2.9495,0.31158,1.2661,2.7486,4.2691,1.8935,1.9546,3.8904,1.2196,2.6463,2.8314,0.27461,2.7935,2.9123,1.0073,2.9008,4.1712,0.51965,2.4927,2.5831,0.75474,1.9816,2.9161,0.53365,2.4456,3.4078,1.6608,2.1946,4.2804,1.1998,2.7523,4.3133,0.64708,1.9902,3.0595,2.0263,1.8617,3.7739,1.2741,1.859,3.67,2.3933,2.6784,4.8964,1.4353,1.5538,4.1898,1.3384,2.1437,3.2003,0.67805,2.0139,3.0603,0.62414,2.36,2.6207,1.7217,2.3341,4.1549,2.3454,2.662,4.9452,0.61404,2.0117,3.0383,1.6211,1.7185,3.3162,0.73048,3.0105,2.5576,0.55812,2.516,2.592,3.0851,2.7437,6.0207,6.1658,2.8634,2.5359,4.3854,2.9507,0.099173,2.3738,2.358,3.752,1.2329,3.0738,4.1003,1.3308,2.3716,3.5093,0.40885,3.0949,3.2598,2.3746,2.2188,3.7845,1.2768,1.8494,3.6737,2.4177,2.3299,4.5886,2.6005,2.6587,4.1119,1.2688,2.7018,4.3376,1.8047,1.9567,3.87,1.1573,2.7787,3.698,2.3979,2.4224,5.0177,1.5162,2.6319,3.3197,2.1773,2.2229,4.0872,0.83167,1.9446,3.3805,2.4043,2.383,3.7844,2.356,2.3872,3.7457,2.2267,1.9397,4.9686,2.657,2.2906,4.8095,2.3752,2.2382,3.804,1.4078,1.5974,3.8702,2.4153,2.6655,4.9622,1.831,1.954,3.8877,0.79977,2.1343,4.0514,1.6046,1.8362,4.2948,2.3836,2.6534,4.9614,1.4583,2.3911,3.2596,5.9011,2.8608,2.1723,1.8629,1.7743,3.5049,1.9857,2.9876,4.2713,2.0515,1.9647,4.7941,1.1301,2.5951,4.313,1.9248,2.1484,4.8972,1.6359,1.7943,3.9536,1.6121,2.0085,3.3719,1.0787,2.7526,3.64,0.97223,2.8412,3.823,1.4702,2.4484,3.8782,1.1499,2.7474,3.677,1.8066,1.7827,4.0896,0.82597,2.4578,2.7888,1.8682,2.0949,4.3918,0.090304,2.7925,2.905,1.0722,1.9529,4.2937,0.96349,2.3151,3.0404,1.6158,2.4005,4.5767,0.99424,2.0855,2.8332,0.76325,2.0054,2.7157,1.6449,1.7889,3.9562,0.9046,2.4524,2.8289,1.3576,1.5875,3.8387,2.7722,2.598,4.6287,1.0693,2.1689,3.6345,1.1496,2.7724,3.6684,1.9866,1.9907,4.4745,1.0571,1.9615,4.2524,1.8745,1.6475,3.4428,1.6837,2.487,3.9881,2.1783,2.5496,4.9061,2.11,2.3694,3.6604,1.2115,3.0665,3.4501,1.4287,1.4521,4.2424,0.66055,2.9902,3.6377,1.6343,1.74,4.2368,0.76743,2.0006,2.7321,0.62391,2.2072,3.9908,2.6512,2.6004,4.5257,2.0022,2.1174,3.4438,1.3834,2.9082,3.5389,1.0843,2.2043,3.6291,2.5341,2.0132,4.4713,1.4964,1.7351,4.4213,1.6043,2.5897,3.5758,2.0648,2.2873,4.0668,2.7076,2.3434,4.9885,0.44474,2.5186,2.9436
0.071013,0.11215,0.0032594,217.65,226.75,202.67,0.0012545,0.0014034,0.0010091,204.89,213.67,213.18,205.43,197.47,197.76,226.48,213.1,235.79,207.03,237.47,253.65,202.24,205.63,206.38,229.46,210.73,217.25,186.84,189.95,272.52,209.99,183.95,225.24,187.55,239.51,219.8,264.55,155.73,237.04,201.93,209.23,167.88,237.46,239.48,285.98,231.65,193.06,239.29,282.84,256.43,167.11,261.78,180.53,232.13,214.49,250.04,240.08,274.48,239.4,240.49,211.14,269.06,267.24,258.45,214.71,248.47,221.91,204.11,297.39,253.92,257.05,271.44,170.44,222.19,198.32,236.44,214.86,260.46,227.66,222.25,202.76,231.76,241.67,201.3,191.27,230.15,225.32,260.29,243.96,225.83,246.66,242.29,211.4,250.38,140.38,256.09,208.01,211.52,215.92,243.23,270.77,229.97,226.36,182.39,190.85,221.35,298.17,208.94,209.06,252.87,263.04,314.65,254.41,251.66,209.91,317.14,258.46,206.49,242.03,222.83,195.73,245.4,230.96,179.01,263.9,240.25,280.93,256.95,253.29,192.41,217.61,278.38,219.37,243.29,207.87,304.56,184.49,248.29,303.46,266.88,243.9,238.55,213.44,208.7,294.35,230.28,262.81,266.44,222.38,254.03,216.24,254.52,283.66,222.42,224.6,311.73,235.13,244.29,232.08,205.62,222.48,279.58,220.17,151.08,241.24,289.72,266.67,200.68,311.64,207.88,228.16,179.63,154.47,212.82,247.34,187.95,267.03,211.84,202.44,232.5,213.99,233.21,188.9,252.32,231.85,213.52,212.33,214.17,274.44,205.97,252.62,317.04,231.65,245.63,220.56,285.37,232.28,217.64,256.86,292.31,226.84,243.97,253.8,230.82,265.84,231.56,244.28,210.42,228.78,214.91,243.95,230.23,239.07,232.84,248.13,230.43,210.22,256.38,255.3,225.83,201.55,192.17,229.06,277.7,197.84,207.02,280.48,214.68,229.15,238.72,223.48,232.19,255.88,257.11,190.53,254.32,198.08,245.32,211.64,242.35,182.77,246.99,247.84,170.05,257.08,215.02,165.2,238.68,183.65,216.89,237.69,182.32,222.43,234.29,194.67,228.49,231.99,224.28,186.47,235.68,205.85,216.96,215.9,166.49,261.12,258.09,205.45,170.31,203.14,265.26,226.74,228.3,217.61,147.53,161.26,201.52,238.68,219.29,214.06,216.65,206.72,189.47,170.29,184.76,227.8,215.63,236.73,219.87,0.00080852,0.001041,0.0010386,0.0010774,0.00098379,0.0010582,0.0011945,0.00093193,0.0011901,0.00097632,0.0012542,0.0013912,0.0010899,0.0011031,0.0010109,0.0013733,0.0011934,0.0011911,0.0011909,0.001168,0.0016053,0.0013803,0.001144,0.0014874,0.0012889,0.001451,0.0012383,0.0015438,0.0011382,0.0015794,0.0012118,0.001303,0.0011609,0.0013407,0.0014564,0.0016929,0.0013712,0.0013443,0.0014807,0.0015578,0.0013932,0.0010165,0.0016219,0.0012627,0.0013711,0.0013413,0.0014906,0.0013513,0.0015621,0.0014221,0.0012333,0.0013532,0.0016461,0.0014523,0.0015463,0.001401,0.001453,0.0014638,0.0014385,0.0017652,0.0017087,0.0015681,0.0016462,0.0013245,0.00155,0.0013141,0.0016132,0.0015338,0.0016015,0.001425,0.0015739,0.0014063,0.0013803,0.0015396,0.0014212,0.0013553,0.0013969,0.0014504,0.0016556,0.0016172,0.0015231,0.0016629,0.0015671,0.0013471,0.0014343,0.001143,0.0015825,0.0014625,0.001419,0.0013644,0.001517,0.0015621,0.0015511,0.0015382,0.0012971,0.0013063,0.0013641,0.0018398,0.0013845,0.0013588,0.0015255,0.0015983,0.001933,0.0015417,0.0016501,0.0010153,0.001768,0.0016159,0.0014586,0.001417,0.0014754,0.0014031,0.0016066,0.0014692,0.0013632,0.0016203,0.001545,0.0016826,0.0016313,0.001419,0.0013861,0.0015539,0.0016315,0.0015266,0.001549,0.0010983,0.001886,0.0013243,0.0010496,0.0018943,0.0017056,0.0016169,0.0015892,0.0013345,0.0014045,0.0012189,0.0016458,0.0015978,0.0016598,0.0014825,0.0015683,0.001437,0.0013935,0.0016493,0.0015388,0.0013559,0.0016312,0.0014915,0.0015986,0.0013874,0.0013046,0.001489,0.0018469,0.0014212,0.0011761,0.0015633,0.0016932,0.0016832,0.0010226,0.0018077,0.0013238,0.0014375,0.0012659,0.0012396,0.001476,0.0014877,0.0013264,0.0016257,0.0014134,0.0014035,0.0014932,0.0012068,0.0015281,0.0014431,0.0015559,0.0014588,0.0015299,0.0014461,0.0013803,0.0015569,0.0013339,0.0015565,0.0017801,0.0015173,0.0015477,0.0015595,0.001635,0.0014482,0.0014435,0.0014939,0.001555,0.0015061,0.0014813,0.0016357,0.0017673,0.0016102,0.0014832,0.0013721,0.0014802,0.0014281,0.0014546,0.0015191,0.0014717,0.0015455,0.0014038,0.0018276,0.0014495,0.0014561,0.0015308,0.001429,0.001416,0.0013746,0.0013234,0.0013768,0.0016851,0.0013874,0.0013808,0.0015622,0.0013762,0.0015159,0.0014789,0.0014059,0.0014213,0.0014547,0.0015689,0.0012825,0.0016029,0.0013115,0.0014436,0.0014472,0.0013622,0.0012505,0.0013702,0.0015432,0.0011956,0.001517,0.0012802,0.0012796,0.0014438,0.0011907,0.0013998,0.0014188,0.0012457,0.0013688,0.0014055,0.0011175,0.0013533,0.0013626,0.0013998,0.0012257,0.0014743,0.001271,0.0013656,0.0012475,0.00095911,0.0013641,0.0014182,0.0011465,0.0011381,0.0011218,0.0014721,0.0014049,0.0013652,0.00099511,0.0008989,0.0010022,0.0010142,0.0014204,0.0013001,0.00099839,0.0012151,0.0010084,0.0010131,0.00086991,0.00086709,0.0011247,0.0011611,0.0013125,0.0012175,1074300.0,1105700.0,792270.0,4276700.0,2284500.0,1150800.0,5856800.0,1513400.0,1879800.0,3242500.0,2966100.0,734830.0,5652900.0,1298400.0,4052200.0,2459600.0,5070500.0,4091400.0,1340500.0,3371900.0,2502600.0,3347400.0,11704000.0,958350.0,6311800.0,749460.0,9101500.0,1591900.0,1841400.0,815570.0,3232100.0,1680500.0,5814300.0,23940000.0,2520900.0,2724900.0,4347000.0,1235900.0,1513400.0,1646200.0,2062700.0,1057700.0,2058300.0,1019200.0,7475600.0,2433400.0,1825600.0,1494000.0,2274900.0,15971000.0,952090.0,7278300.0,3995200.0,706940.0,3910700.0,1079100.0,2657700.0,17679000.0,32102000.0,2373200.0,1720700.0,1532600.0,2840700.0,1036400.0,1926200.0,3409900.0,803840.0,2871900.0,1940600.0,3915400.0,2755300.0,1446400.0,1119200.0,15048000.0,5077600.0,1340600.0,3613400.0,1673300.0,965090.0,2573300.0,3702600.0,1313000.0,893150.0,2116300.0,873820.0,1861100.0,2850800.0,4950200.0,4191200.0,2338500.0,5694300.0,1300700.0,9352900.0,4677300.0,1017700.0,1694700.0,903640.0,1769700.0,3509900.0,9918500.0,1730700.0,16523000.0,1417300.0,9919600.0,1633600.0,3256300.0,1272900.0,1628100.0,12535000.0,5115100.0,2157200.0,3869300.0,2389200.0,1225800.0,656170.0,3373000.0,11659000.0,2413800.0,1291100.0,778800.0,1922000.0,735100.0,1193700.0,2218700.0,8786700.0,4156700.0,2627900.0,3087700.0,2361300.0,1498700.0,773560.0,10411000.0,2404500.0,3548600.0,2073400.0,1371700.0,1031900.0,2014200.0,1052000.0,2853800.0,3921600.0,1159600.0,1477000.0,2103000.0,1521000.0,2210500.0,2422200.0,877170.0,6912100.0,1513500.0,9390500.0,6180200.0,809830.0,10291000.0,814480.0,1274500.0,19279000.0,683650.0,12167000.0,721740.0,5575100.0,3693400.0,3817200.0,2647300.0,5252900.0,4116200.0,4227600.0,964530.0,4135000.0,1638700.0,6369200.0,1506700.0,7610900.0,1080700.0,744550.0,4005200.0,2996600.0,1988300.0,8411500.0,2288700.0,948280.0,1205600.0,3671000.0,3568300.0,1940100.0,1475700.0,747540.0,6807100.0,5275200.0,2336700.0,637470.0,17726000.0,3323000.0,5257900.0,1142200.0,18258000.0,5431600.0,1100100.0,8580600.0,1353300.0,1434500.0,3992400.0,5297000.0,799330.0,1639500.0,973680.0,1778500.0,1568200.0,1456500.0,7851700.0,2342100.0,1425100.0,12280000.0,2793800.0,1238000.0,1263500.0,3260300.0,951930.0,4669600.0,1133200.0,1854600.0,8075300.0,4435100.0,696550.0,1421900.0,10018000.0,5258300.0,5069200.0,15394000.0,3001700.0,1931800.0,2342400.0,2994600.0,3189800.0,1882600.0,1749500.0,2275100.0,1499400.0,7215800.0,652060.0,3656200.0,8296200.0,8910100.0,1863600.0,5378600.0,4029700.0,5011000.0,864140.0,1139900.0,5361500.0,1551600.0,6587500.0,3485200.0,7122400.0,1970700.0,1638700.0,1591200.0,1087700.0,1106100.0,2208100.0,945990.0,5091800.0,3371700.0,4404800.0,3356800.0,2894200.0,2745600.0,15584000.0,14989000.0,6042000.0,4601000.0,2807600.0,6148400.0,3762100.0,1781300.0,2740300.0,1353800.0,4824200.0,3044800.0,1.5287,1.8471,4.1698,2.2298,2.4703,3.6653,1.277,2.2304,4.2232,1.2205,1.9896,4.2266,2.4886,2.6639,4.3099,0.81677,2.0622,4.2176,1.5854,2.5037,3.8881,3.045,2.8436,5.8493,1.2161,2.0092,4.2199,1.7348,1.719,4.2477,1.2779,2.2433,4.2424,0.80612,2.0514,4.2116,2.9158,2.8411,4.5826,5.6595,2.7686,1.4343,1.2357,2.8373,3.6186,0.91144,2.1532,3.0131,2.5184,2.0901,4.4839,1.4672,1.6817,3.8998,0.66972,2.6107,3.8785,1.9597,1.7933,3.4938,1.1295,2.4199,3.14,0.31867,2.2886,3.5425,1.8097,1.6552,3.3932,2.0788,2.7677,4.3271,1.8336,1.6544,3.3806,1.5404,1.6603,3.9354,0.36623,2.1565,3.1716,2.049,2.3898,4.4373,1.4761,1.6835,3.2265,0.86074,1.908,2.7651,3.1124,2.8413,5.9084,1.9665,1.7801,3.4864,0.94708,2.7156,2.8935,1.7628,2.5883,4.0021,0.67259,1.889,2.7694,1.0901,2.4329,3.0933,1.9149,1.9251,4.4943,1.7488,1.6691,3.8919,0.54653,2.1894,3.7929,1.2542,2.4817,3.8128,0.99733,2.0975,3.2423,2.5558,2.3151,4.316,2.0421,2.1818,4.6984,1.5036,1.668,3.9185,1.8893,1.95,4.4892,1.4711,2.1823,3.2597,0.83303,2.1533,3.1297,2.4423,2.4084,4.3463,1.9659,2.5688,4.8704,1.9351,2.6055,4.8542,2.5532,2.3137,4.3042,1.2809,2.5044,3.9247,1.7462,2.2708,4.3337,2.3011,3.0294,4.2005,0.56294,2.4409,2.5375,1.4809,2.0379,4.6,2.0068,3.0465,3.9116,0.3155,2.3813,3.3976,1.6858,1.6236,4.0817,0.75997,2.1062,3.0739,2.2516,2.2904,4.6754,0.60755,2.5208,3.0559,0.93027,2.1589,3.2377,0.077442,2.8955,1.8492,2.0038,2.0803,4.5953,2.539,2.3403,4.2688,2.4825,2.3123,5.1607,2.0569,2.7534,4.277,1.117,1.8507,3.9793,4.5942,2.9294,0.56987,0.85022,2.1595,3.0265,1.4005,2.1058,4.2699,1.123,2.1471,3.5183,2.1873,2.712,4.4506,1.6585,1.5924,4.1502,1.1591,2.5418,3.0728,0.75308,2.4445,3.7531,2.1323,1.8802,3.7045,1.521,2.4824,3.4772,1.5373,2.5776,3.5805,1.558,1.657,4.2753,2.0377,2.7489,4.5391,2.0988,2.7472,4.6182,3.3333,2.8114,6.0859,1.7012,1.617,4.1819,1.7852,1.9744,3.4177,2.3014,2.9601,5.1577,1.179,2.5517,3.0743,2.6625,2.4276,4.9984,0.97986,2.6344,4.1194,1.5357,2.4681,3.5049,1.0724,1.8905,4.095,1.7077,1.6189,4.0786,1.784,1.943,3.4178,6.1673,2.92,2.9674,2.9018,2.2626,4.6103,1.3969,1.9572,4.2715,1.2038,2.6298,3.3454,1.459,2.4508,3.373,1.7602,1.9498,3.6923,1.9652,2.4053,4.0114,1.1021,2.3201,3.2122,2.4832,1.9899,5.2141,1.1368,2.6635,3.3021,1.4441,2.4785,3.3587,0.16355,3.0045,3.1857,0.68247,1.8323,2.859,1.6782,2.0177,4.4834,1.4868,1.8557,4.1626,5.4061,2.8807,1.744,0.83678,2.1666,2.8552,0.92167,2.6507,4.091,2.284,2.5258,3.662,2.689,2.3527,4.9417,2.9173,2.6402,4.5495,2.0627,2.4478,4.5384,2.3152,2.1422,4.1891,0.75006,2.08,3.342,0.45191,2.4365,2.9897,0.5605,2.1713,3.8204,2.4558,2.4835,4.508,0.79471,2.4132,2.9402,1.2818,1.5731,4.3304,1.6696,1.9874,3.4666,0.17367,2.6709,2.1061,3.3962,2.947,0.17558,0.84523,2.3598,2.9767,1.6499,1.6525,4.107,1.5674,1.8384,3.203,0.77175,2.4106,2.8726,2.1886,2.3334,4.9513,1.196,2.555,3.1292,1.1449,2.1129,3.5491,0.48262,2.0147,3.2732,1.708,1.97,3.4381,2.5047,2.0791,4.0985,2.1053,2.141,4.9709,1.3312,1.737,3.8226,0.73562,1.9887,2.7662,2.1134,2.1497,5.0017,2.2532,2.2301,4.5117,1.5391,2.3547,3.9755,4.1875,2.9713,0.12008,1.9045,2.4159,4.0033,0.75548,1.9772,4.1238,1.2061,2.6136,4.2466,3.4713,2.832,6.1045,1.6514,1.5778,3.2706,0.24606,2.3395,3.3974,5.0601,2.9784,0.94898,0.49104,2.8004,3.2458,1.2166,2.5246,3.0078,2.1912,2.1431,4.9626,1.544,2.0877,4.384,1.5936,1.627,3.3332,1.5413,2.931,3.3111,0.61275,2.397,2.8146,0.86424,2.4382,2.9941,0.22925,2.6351,3.3416,1.7329,2.3416,4.1974,0.53164,2.4302,2.7506,1.0292,2.245,3.631,1.333,1.7893,4.3054,0.26823,2.3235,3.4249,1.608,1.5957,3.2773,0.62446,2.3891,2.7916,3.0018,2.8663,5.9826,1.8964,2.5715,4.0104,2.0145,2.206,4.5993,2.4405,2.7225,5.1967,1.7584,1.9645,3.858,1.3548,1.8071,3.7169,2.2326,2.1476,4.9916,1.4593,2.6174,3.9912,0.64321,3.0439,2.4086,4.5566,2.9486,0.31034,1.2672,2.7506,4.2676,1.8934,1.9549,3.8905,1.2191,2.6468,2.8303,0.27191,2.7937,2.9108,1.0085,2.9013,4.1718,0.51867,2.492,2.5832,0.75662,1.9832,2.9143,0.53329,2.4466,3.4074,1.6629,2.1951,4.2815,1.1978,2.754,4.3122,0.64765,1.9913,3.058,2.0277,1.8612,3.7729,1.2764,1.8596,3.6706,2.3919,2.6775,4.8945,1.4367,1.5544,4.1901,1.3372,2.1436,3.2009,0.67893,2.0153,3.0593,0.62737,2.358,2.6215,1.7235,2.3355,4.1555,2.3431,2.6606,4.9445,0.61369,2.013,3.0366,1.6225,1.7187,3.3159,0.7329,3.01,2.5584,0.55781,2.516,2.5921,3.0887,2.7435,6.0238,6.1655,2.8634,2.536,4.3802,2.9497,0.093908,2.3742,2.3567,3.7517,1.2393,3.0735,4.1085,1.3286,2.3737,3.5082,0.39852,3.0951,3.2511,2.3747,2.2184,3.784,1.2781,1.8494,3.6743,2.4175,2.3298,4.5892,2.6009,2.6594,4.1138,1.2689,2.702,4.3376,1.8026,1.9565,3.8692,1.1579,2.7783,3.6988,2.3968,2.4212,5.0161,1.5145,2.6319,3.3204,2.1775,2.2238,4.087,0.83211,1.9454,3.3807,2.4051,2.3823,3.7849,2.356,2.3866,3.7455,2.2277,1.9408,4.9701,2.657,2.2906,4.8098,2.3754,2.2382,3.8039,1.4083,1.5976,3.871,2.4142,2.6644,4.9616,1.8297,1.9539,3.8873,0.80027,2.1341,4.0532,1.6044,1.8363,4.2955,2.3823,2.652,4.9611,1.4585,2.3912,3.2596,5.9003,2.8603,2.1715,1.8629,1.7738,3.5055,1.9853,2.9866,4.2702,2.0524,1.965,4.7949,1.1308,2.5955,4.3138,1.9258,2.1484,4.8979,1.6362,1.7941,3.9533,1.6123,2.0085,3.3714,1.08,2.7521,3.6414,0.97349,2.8413,3.8233,1.4719,2.4494,3.879,1.1503,2.7463,3.6774,1.8059,1.7822,4.0895,0.8245,2.4577,2.7891,1.8675,2.0955,4.392,0.090654,2.7923,2.9065,1.0718,1.9527,4.2943,0.96384,2.3146,3.041,1.6154,2.4006,4.5765,0.99446,2.0854,2.8332,0.76366,2.0055,2.7152,1.6455,1.7885,3.956,0.9043,2.4523,2.83,1.357,1.5875,3.8387,2.7722,2.5982,4.6284,1.069,2.1697,3.6346,1.1501,2.7717,3.6687,1.9869,1.9907,4.4745,1.0565,1.9615,4.2522,1.8749,1.6474,3.4426,1.6841,2.4872,3.9879,2.1795,2.5494,4.9057,2.1091,2.3692,3.6594,1.2117,3.0663,3.4505,1.4283,1.4519,4.2426,0.66137,2.99,3.6381,1.6345,1.7397,4.2369,0.76787,2.0007,2.7319,0.62272,2.2074,3.9917,2.6505,2.6004,4.5255,2.0024,2.1172,3.4439,1.3833,2.9079,3.5389,1.0844,2.2046,3.6289,2.5341,2.0135,4.4714,1.4965,1.7351,4.4213,1.6042,2.5896,3.5757,2.0649,2.2873,4.0668,2.7075,2.3428,4.988,0.44475,2.5183,2.9434
0.073335,0.11583,0.0033333,218.13,227.57,202.59,0.0012571,0.0014077,0.001009,204.86,213.83,213.41,205.65,197.76,197.44,226.6,213.22,236.33,207.39,237.82,254.01,202.38,206.11,206.66,230.34,210.88,217.85,187.3,189.99,273.64,210.42,184.15,225.54,187.71,240.24,220.55,265.56,156.07,237.64,202.3,209.55,167.74,237.63,239.84,287.07,232.21,193.15,240.26,284.07,257.29,167.63,262.05,180.6,232.89,215.33,250.97,240.74,275.52,240.15,241.16,212.01,270.19,268.53,259.6,215.44,249.29,222.13,204.69,298.53,255.0,258.83,273.65,170.59,222.91,199.26,237.42,215.51,260.92,228.77,223.51,202.71,232.0,242.81,202.04,192.02,230.18,226.68,261.62,244.31,226.53,248.57,243.47,212.01,251.65,140.63,255.76,208.53,209.43,217.71,244.63,270.23,231.46,228.23,180.87,194.75,221.92,299.81,210.94,210.38,250.02,264.62,316.24,255.03,254.58,209.23,319.14,260.17,207.91,244.12,228.19,197.07,247.4,230.45,183.91,267.16,241.17,282.49,254.75,258.67,194.37,220.52,279.17,222.0,244.33,206.73,307.78,186.28,255.65,306.16,270.54,243.74,240.49,214.71,209.32,303.08,229.65,265.19,267.97,227.63,254.03,218.75,255.74,285.07,224.28,221.06,312.49,233.68,245.71,230.87,206.55,223.53,282.89,221.39,151.92,242.05,292.31,267.87,204.1,314.13,208.19,229.31,180.3,155.28,214.04,248.95,189.18,268.42,212.06,202.81,233.28,214.07,233.65,188.14,253.36,232.76,215.02,213.16,214.6,275.46,205.92,253.87,319.87,232.39,245.81,221.47,286.31,233.47,218.88,257.82,293.45,227.99,244.61,254.29,232.91,267.0,232.22,243.72,210.95,229.33,216.35,245.67,230.88,239.96,233.72,250.11,231.13,210.9,257.24,256.29,226.61,201.06,192.83,229.75,278.83,198.92,207.9,281.11,215.19,230.01,239.43,224.29,232.83,256.64,257.8,191.01,254.55,198.53,246.2,212.04,242.27,182.91,247.7,248.52,170.08,257.6,215.23,165.53,239.28,183.8,217.11,238.45,182.73,222.91,234.86,194.82,228.99,232.49,224.61,186.61,235.89,205.98,217.56,216.42,166.55,261.7,258.78,205.59,170.4,203.17,265.47,227.09,228.68,218.0,147.59,161.21,201.56,238.86,219.8,214.31,216.88,206.86,189.52,170.38,184.7,227.86,215.48,237.07,219.79,0.00080694,0.0010407,0.0010388,0.0010785,0.00098489,0.001055,0.0011948,0.00093171,0.0011926,0.00097783,0.0012559,0.0013937,0.0010894,0.0011056,0.001012,0.0013784,0.0011946,0.0011944,0.0011947,0.0011681,0.0016114,0.0013832,0.0011455,0.00149,0.0012902,0.0014565,0.0012431,0.0015497,0.0011418,0.0015825,0.0012144,0.001305,0.0011599,0.0013416,0.0014586,0.001699,0.0013751,0.0013436,0.0014863,0.0015645,0.0013975,0.0010186,0.001624,0.0012649,0.0013757,0.0013467,0.001496,0.0013541,0.0015682,0.0014266,0.0012357,0.0013574,0.0016519,0.001458,0.0015524,0.0014057,0.0014576,0.0014644,0.0014421,0.0017722,0.0017148,0.0015772,0.0016556,0.0013217,0.0015536,0.0013187,0.0016203,0.0015397,0.0016058,0.0014295,0.0015808,0.0014067,0.001381,0.0015461,0.0014264,0.0013558,0.0013969,0.0014584,0.001664,0.0016206,0.0015289,0.0016728,0.0015744,0.0013499,0.0014406,0.0011417,0.0015753,0.0014683,0.0014081,0.0013727,0.0015251,0.0015477,0.0015602,0.0015502,0.0012925,0.0013283,0.0013711,0.0018504,0.0013963,0.0013657,0.0015055,0.0016071,0.0019447,0.0015454,0.0016648,0.00098255,0.0017782,0.0016278,0.001468,0.0014288,0.0015018,0.0014103,0.0016176,0.0014491,0.0013707,0.0016351,0.0015505,0.0016924,0.0016292,0.0014279,0.0013974,0.0015551,0.0016407,0.0015443,0.0015551,0.0010777,0.0019037,0.0013367,0.0010738,0.0019101,0.0017258,0.0016155,0.0015881,0.0013437,0.0014116,0.0012761,0.0016412,0.0016113,0.0016672,0.0014995,0.0015728,0.0014512,0.0013993,0.0016569,0.0015523,0.0013302,0.0016374,0.0014783,0.0016068,0.0013597,0.0013129,0.0014948,0.0018593,0.0014294,0.00118,0.0015534,0.0017082,0.0016907,0.0010262,0.0018197,0.0013255,0.0014438,0.00127,0.0012476,0.0014776,0.0014967,0.0013355,0.0016328,0.001417,0.0014073,0.0014992,0.0012079,0.0015316,0.0014437,0.0015637,0.0014637,0.0015421,0.0014526,0.0013834,0.0015625,0.0013342,0.0015624,0.0017959,0.0015226,0.0015494,0.0015676,0.0016405,0.0014546,0.0014514,0.0014983,0.0015599,0.0015125,0.0014852,0.0016432,0.0017764,0.0016167,0.0014869,0.001321,0.0014852,0.0014319,0.0014621,0.0015282,0.001476,0.0015506,0.0014086,0.001838,0.0014526,0.0014609,0.0015376,0.0014331,0.0014201,0.0013741,0.0013274,0.0013811,0.0016911,0.0013915,0.0013862,0.0015671,0.0013788,0.0015203,0.0014835,0.00141,0.001425,0.0014599,0.0015731,0.0012859,0.0016067,0.0013149,0.0014486,0.0014498,0.0013629,0.001251,0.0013743,0.0015476,0.0011964,0.0015203,0.0012821,0.001283,0.0014479,0.0011927,0.0014012,0.0014234,0.0012492,0.0013707,0.0014083,0.0011185,0.0013569,0.0013653,0.0014023,0.001227,0.001476,0.0012723,0.0013689,0.0012505,0.00095943,0.0013676,0.0014225,0.0011473,0.0011392,0.0011218,0.0014728,0.0014066,0.0013676,0.00099627,0.00089936,0.0010013,0.0010139,0.0014218,0.0013026,0.0009989,0.0012161,0.0010088,0.0010133,0.00087002,0.00086623,0.0011246,0.00116,0.0013138,0.0012168,1074300.0,1105700.0,792270.0,4276700.0,2284500.0,1150800.0,5856800.0,1513400.0,1879800.0,3242500.0,2966100.0,734830.0,5652900.0,1298400.0,4052200.0,2459600.0,5070500.0,4091400.0,1340500.0,3371900.0,2502600.0,3347400.0,11704000.0,958350.0,6311800.0,749460.0,9101500.0,1591900.0,1841400.0,815570.0,3232100.0,1680500.0,5814300.0,23940000.0,2520900.0,2724900.0,4347000.0,1235900.0,1513400.0,1646200.0,2062700.0,1057700.0,2058300.0,1019200.0,7475600.0,2433400.0,1825600.0,1494000.0,2274900.0,15971000.0,952090.0,7278300.0,3995200.0,706940.0,3910700.0,1079100.0,2657700.0,17679000.0,32102000.0,2373200.0,1720700.0,1532600.0,2840700.0,1036400.0,1926200.0,3409900.0,803840.0,2871900.0,1940600.0,3915400.0,2755300.0,1446400.0,1119200.0,15048000.0,5077600.0,1340600.0,3613400.0,1673300.0,965090.0,2573300.0,3702600.0,1313000.0,893150.0,2116300.0,873820.0,1861100.0,2850800.0,4950200.0,4191200.0,2338500.0,5694300.0,1300700.0,9352900.0,4677300.0,1017700.0,1694700.0,903640.0,1769700.0,3509900.0,9918500.0,1730700.0,16523000.0,1417300.0,9919600.0,1633600.0,3256300.0,1272900.0,1628100.0,12535000.0,5115100.0,2157200.0,3869300.0,2389200.0,1225800.0,656170.0,3373000.0,11659000.0,2413800.0,1291100.0,778800.0,1922000.0,735100.0,1193700.0,2218700.0,8786700.0,4156700.0,2627900.0,3087700.0,2361300.0,1498700.0,773560.0,10411000.0,2404500.0,3548600.0,2073400.0,1371700.0,1031900.0,2014200.0,1052000.0,2853800.0,3921600.0,1159600.0,1477000.0,2103000.0,1521000.0,2210500.0,2422200.0,877170.0,6912100.0,1513500.0,9390500.0,6180200.0,809830.0,10291000.0,814480.0,1274500.0,19279000.0,683650.0,12167000.0,721740.0,5575100.0,3693400.0,3817200.0,2647300.0,5252900.0,4116200.0,4227600.0,964530.0,4135000.0,1638700.0,6369200.0,1506700.0,7610900.0,1080700.0,744550.0,4005200.0,2996600.0,1988300.0,8411500.0,2288700.0,948280.0,1205600.0,3671000.0,3568300.0,1940100.0,1475700.0,747540.0,6807100.0,5275200.0,2336700.0,637470.0,17726000.0,3323000.0,5257900.0,1142200.0,18258000.0,5431600.0,1100100.0,8580600.0,1353300.0,1434500.0,3992400.0,5297000.0,799330.0,1639500.0,973680.0,1778500.0,1568200.0,1456500.0,7851700.0,2342100.0,1425100.0,12280000.0,2793800.0,1238000.0,1263500.0,3260300.0,951930.0,4669600.0,1133200.0,1854600.0,8075300.0,4435100.0,696550.0,1421900.0,10018000.0,5258300.0,5069200.0,15394000.0,3001700.0,1931800.0,2342400.0,2994600.0,3189800.0,1882600.0,1749500.0,2275100.0,1499400.0,7215800.0,652060.0,3656200.0,8296200.0,8910100.0,1863600.0,5378600.0,4029700.0,5011000.0,864140.0,1139900.0,5361500.0,1551600.0,6587500.0,3485200.0,7122400.0,1970700.0,1638700.0,1591200.0,1087700.0,1106100.0,2208100.0,945990.0,5091800.0,3371700.0,4404800.0,3356800.0,2894200.0,2745600.0,15584000.0,14989000.0,6042000.0,4601000.0,2807600.0,6148400.0,3762100.0,1781300.0,2740300.0,1353800.0,4824200.0,3044800.0,1.5288,1.8474,4.1697,2.2299,2.4705,3.6653,1.2769,2.2306,4.2232,1.2201,1.9896,4.2264,2.4882,2.6639,4.3101,0.81555,2.0623,4.2176,1.5871,2.5043,3.8879,3.046,2.8437,5.8501,1.2156,2.0097,4.2195,1.7344,1.719,4.2477,1.278,2.2438,4.243,0.80438,2.051,4.2115,2.9163,2.8412,4.5846,5.6577,2.7683,1.4331,1.2358,2.837,3.6187,0.90997,2.1534,3.0128,2.5195,2.0914,4.4853,1.467,1.6817,3.8996,0.6703,2.6121,3.8784,1.9584,1.7942,3.4945,1.131,2.419,3.1424,0.31966,2.2887,3.5417,1.8104,1.6547,3.3934,2.0769,2.7658,4.3237,1.8348,1.654,3.3804,1.5421,1.6599,3.9362,0.36539,2.1572,3.1706,2.0497,2.3908,4.4391,1.4762,1.684,3.2274,0.86141,1.9088,2.7648,3.1153,2.8413,5.9112,1.9655,1.7807,3.4867,0.94545,2.7156,2.8939,1.7612,2.5883,4.0021,0.67366,1.8896,2.7686,1.0902,2.4326,3.0944,1.9153,1.9255,4.4944,1.7504,1.6683,3.8918,0.54774,2.1889,3.7947,1.2562,2.4834,3.814,0.99699,2.0987,3.2413,2.5563,2.3158,4.3169,2.0414,2.1827,4.6991,1.5042,1.6677,3.9188,1.8891,1.951,4.4891,1.4707,2.1827,3.2594,0.83283,2.1555,3.1276,2.443,2.4097,4.3472,1.9665,2.5678,4.8697,1.9349,2.6057,4.8532,2.5536,2.3143,4.3048,1.2808,2.5048,3.924,1.7479,2.2719,4.3349,2.3062,3.0285,4.2044,0.56472,2.44,2.5396,1.4791,2.0374,4.5999,2.005,3.0459,3.9087,0.3134,2.3814,3.3963,1.6864,1.6234,4.0816,0.76152,2.1086,3.0732,2.2521,2.2912,4.6762,0.60699,2.5181,3.0577,0.9277,2.1614,3.2363,0.075874,2.8955,1.8458,2.0042,2.0831,4.5957,2.5388,2.3417,4.2683,2.4758,2.3114,5.1588,2.0541,2.7509,4.271,1.118,1.8505,3.9804,4.593,2.9266,0.57195,0.84911,2.1603,3.0256,1.4034,2.1062,4.2701,1.1249,2.1489,3.5192,2.1837,2.7104,4.4469,1.6572,1.5921,4.15,1.1596,2.5415,3.0732,0.75326,2.4452,3.7527,2.1345,1.8787,3.7035,1.5178,2.4837,3.4775,1.5331,2.5786,3.5794,1.5546,1.6559,4.2759,2.0356,2.7467,4.5376,2.0976,2.7453,4.6183,3.3338,2.8124,6.086,1.7007,1.6175,4.1825,1.7877,1.9737,3.4169,2.3066,2.9604,5.1651,1.1804,2.5518,3.074,2.6644,2.4272,4.9992,0.97966,2.6353,4.1218,1.533,2.4692,3.5062,1.0673,1.8933,4.0949,1.7103,1.6186,4.0782,1.7887,1.941,3.4163,6.1591,2.9191,2.9603,2.9018,2.2612,4.6124,1.3997,1.9571,4.2737,1.2017,2.6277,3.3463,1.4591,2.4508,3.374,1.7581,1.9485,3.6916,1.9664,2.4075,4.0131,1.1023,2.3213,3.2132,2.481,1.9873,5.2168,1.1328,2.6619,3.3017,1.4434,2.4796,3.3591,0.16697,3.0061,3.1869,0.68253,1.8337,2.8576,1.6768,2.0169,4.4862,1.4864,1.855,4.1643,5.4009,2.8794,1.7394,0.83793,2.1681,2.8578,0.92153,2.652,4.0936,2.2875,2.5248,3.6634,2.6972,2.3501,4.9419,2.9218,2.6384,4.5509,2.0618,2.446,4.5399,2.3122,2.1439,4.1891,0.74914,2.0843,3.3416,0.45452,2.4355,2.9924,0.56017,2.1727,3.823,2.458,2.4822,4.511,0.79395,2.4129,2.9415,1.2829,1.5728,4.3319,1.6679,1.9864,3.4674,0.17794,2.6702,2.1066,3.3998,2.9465,0.18242,0.84753,2.3565,2.9815,1.6493,1.6532,4.108,1.5723,1.8399,3.2037,0.77192,2.409,2.8727,2.1888,2.3327,4.9512,1.1989,2.5552,3.131,1.1483,2.1162,3.5507,0.48028,2.0165,3.2739,1.7075,1.9687,3.4378,2.5092,2.0783,4.096,2.1016,2.1404,4.9704,1.3328,1.7364,3.8238,0.73684,1.9893,2.7665,2.1116,2.1492,5.0036,2.2501,2.2321,4.5138,1.5379,2.3573,3.9762,4.1863,2.9699,0.11898,1.9024,2.4183,4.0035,0.75195,1.9775,4.1243,1.2072,2.6148,4.2477,3.4691,2.8314,6.1052,1.6559,1.5772,3.2711,0.24425,2.3401,3.3968,5.0607,2.9778,0.94872,0.48806,2.8009,3.2459,1.215,2.5251,3.009,2.1936,2.144,4.9638,1.5469,2.0875,4.3856,1.5962,1.6273,3.3351,1.5511,2.9315,3.312,0.61866,2.3952,2.8183,0.86234,2.4371,2.9944,0.22932,2.6363,3.3414,1.7395,2.3453,4.2004,0.53521,2.4301,2.7518,1.0282,2.2476,3.6298,1.331,1.7886,4.3058,0.2662,2.3241,3.4255,1.6115,1.5952,3.2773,0.63119,2.387,2.794,3.0011,2.8662,5.9847,1.8918,2.5702,4.0093,2.0153,2.2064,4.5996,2.4335,2.7206,5.1936,1.7534,1.9644,3.8564,1.3565,1.8066,3.7177,2.235,2.1475,4.992,1.461,2.6161,3.9902,0.63264,3.0426,2.3946,4.5535,2.9474,0.30857,1.269,2.7535,4.2655,1.8933,1.9552,3.8907,1.2184,2.6475,2.8288,0.26796,2.7939,2.9088,1.0104,2.902,4.1726,0.51724,2.4909,2.5834,0.75949,1.9856,2.9115,0.53281,2.4481,3.4068,1.6659,2.1958,4.283,1.1949,2.7563,4.3105,0.64852,1.9928,3.0557,2.0298,1.8604,3.7714,1.2799,1.8603,3.6715,2.3897,2.6761,4.8917,1.4388,1.5553,4.1904,1.3353,2.1434,3.2017,0.68023,2.0174,3.0578,0.63213,2.3549,2.6225,1.726,2.3375,4.1563,2.3396,2.6585,4.9436,0.61318,2.015,3.034,1.6247,1.7189,3.3154,0.73658,3.0092,2.5597,0.55738,2.5161,2.5921,3.0941,2.7433,6.0284,6.1654,2.8634,2.5365,4.3727,2.9483,0.086188,2.3749,2.3548,3.7512,1.2487,3.0731,4.1207,1.3254,2.3768,3.5067,0.38379,3.0955,3.2387,2.3747,2.2177,3.7831,1.2801,1.8492,3.6752,2.4172,2.3296,4.5901,2.6014,2.6606,4.1166,1.2691,2.7024,4.3376,1.7995,1.9562,3.8679,1.1588,2.7776,3.7001,2.3952,2.4193,5.0138,1.512,2.6319,3.3215,2.1777,2.2252,4.0865,0.8327,1.9465,3.3809,2.4061,2.3812,3.7855,2.356,2.3858,3.7451,2.2292,1.9425,4.9725,2.6569,2.2905,4.8103,2.3758,2.2383,3.8037,1.409,1.598,3.8721,2.4126,2.6626,4.9606,1.8279,1.9536,3.8868,0.80102,2.1337,4.056,1.6043,1.8364,4.2966,2.3804,2.6501,4.9607,1.4586,2.3913,3.2596,5.8991,2.8596,2.1702,1.8629,1.773,3.5063,1.9847,2.9852,4.2685,2.0538,1.9656,4.7961,1.1319,2.5961,4.3151,1.9275,2.1485,4.899,1.6366,1.7937,3.9528,1.6126,2.0084,3.3706,1.0819,2.7513,3.6436,0.97537,2.8414,3.8238,1.4745,2.4509,3.88,1.1509,2.7447,3.6779,1.8049,1.7815,4.0893,0.82235,2.4575,2.7896,1.8666,2.0963,4.3923,0.09118,2.7921,2.9086,1.0713,1.9525,4.2953,0.96436,2.3139,3.042,1.6148,2.4008,4.5762,0.99477,2.0852,2.8332,0.76428,2.0056,2.7144,1.6464,1.788,3.9556,0.90383,2.452,2.8317,1.3562,1.5875,3.8388,2.7722,2.5985,4.6281,1.0686,2.1709,3.6348,1.1509,2.7708,3.6692,1.9872,1.9909,4.4745,1.0556,1.9614,4.252,1.8756,1.6473,3.4425,1.6849,2.4874,3.9875,2.1813,2.5491,4.9051,2.1079,2.3688,3.658,1.212,3.0661,3.451,1.4278,1.4516,4.2428,0.66259,2.9897,3.6388,1.6348,1.7393,4.237,0.76853,2.0007,2.7316,0.62097,2.2077,3.9931,2.6494,2.6004,4.5253,2.0028,2.1169,3.444,1.3833,2.9074,3.5388,1.0845,2.205,3.6287,2.5342,2.014,4.4715,1.4967,1.7351,4.4212,1.604,2.5896,3.5755,2.065,2.2873,4.0667,2.7074,2.3418,4.9874,0.44477,2.5179,2.943
0.075641,0.1195,0.0034059,218.55,228.33,202.44,0.0012593,0.0014115,0.0010086,204.74,213.93,213.6,205.89,197.97,197.15,226.56,213.26,236.83,207.71,238.07,254.24,202.49,206.53,206.93,231.27,210.92,218.46,187.71,189.96,274.74,210.68,184.26,225.71,187.73,240.95,221.26,266.6,156.42,238.01,202.56,209.72,167.57,237.68,240.1,288.06,232.78,193.1,241.27,285.24,258.1,168.17,262.07,180.65,233.62,216.23,251.8,241.31,276.52,240.86,241.66,212.89,271.32,269.65,260.76,216.23,250.01,222.17,205.14,299.6,256.02,260.48,276.09,170.63,223.66,200.24,238.29,215.97,261.33,229.93,224.7,202.63,232.24,243.93,202.69,192.61,230.14,228.17,263.12,244.63,226.95,250.4,244.46,212.66,252.97,140.7,255.05,208.82,207.7,219.47,246.04,269.03,232.9,229.91,179.0,198.4,222.4,301.48,213.17,211.65,246.91,266.07,317.51,255.57,257.6,212.11,321.03,261.55,209.24,246.12,233.51,198.38,249.4,229.84,188.55,270.07,242.01,283.8,252.83,263.49,196.29,224.21,279.7,224.65,244.6,205.8,311.18,188.05,262.44,308.78,274.23,243.36,243.29,215.86,209.93,310.87,228.5,267.53,269.57,232.3,253.47,221.27,256.86,286.75,226.07,217.44,312.85,231.3,247.3,229.74,207.33,224.76,285.82,222.51,152.71,241.6,295.0,269.07,207.0,317.23,208.17,230.36,180.9,155.61,215.18,250.56,190.33,269.72,211.95,203.17,234.33,213.78,233.65,186.73,253.84,233.63,216.64,214.12,214.76,276.16,205.5,255.08,323.23,233.11,245.68,222.83,287.03,234.57,220.44,258.53,294.36,229.27,245.12,254.13,235.26,268.3,232.71,241.37,211.29,229.7,218.28,247.96,231.56,240.9,234.49,252.35,231.81,211.53,258.1,257.11,227.4,199.82,193.51,230.27,279.92,200.01,208.93,281.47,215.8,230.94,240.04,225.09,233.39,257.2,258.39,191.51,253.99,199.03,246.98,212.29,241.84,182.8,248.29,249.21,170.1,258.04,215.18,165.89,239.8,183.89,217.13,239.15,183.18,223.47,235.37,194.9,229.49,232.99,225.01,186.73,235.83,205.84,218.15,216.92,166.56,262.22,259.44,205.63,170.52,202.98,265.37,227.28,229.08,218.34,147.64,160.99,201.45,238.82,220.43,214.56,217.13,207.01,189.6,170.46,184.56,227.78,215.09,237.2,219.54,0.00080495,0.0010401,0.0010389,0.0010795,0.00098567,0.0010517,0.0011943,0.00093103,0.0011949,0.00097923,0.0012571,0.0013954,0.0010885,0.0011079,0.0010131,0.0013836,0.0011951,0.0011977,0.0011981,0.0011678,0.0016173,0.0013849,0.0011464,0.0014918,0.0012905,0.0014616,0.0012477,0.0015559,0.0011454,0.0015843,0.0012163,0.0013063,0.0011586,0.0013421,0.0014604,0.0017044,0.001379,0.0013417,0.0014919,0.001571,0.0014015,0.0010205,0.0016252,0.0012666,0.0013803,0.0013525,0.0015013,0.0013564,0.0015743,0.0014308,0.0012371,0.0013611,0.0016575,0.0014627,0.0015584,0.0014101,0.0014615,0.001463,0.0014448,0.0017789,0.00172,0.0015852,0.0016652,0.0013179,0.0015569,0.001323,0.0016276,0.0015454,0.0016093,0.001434,0.0015875,0.0014069,0.0013817,0.0015524,0.0014306,0.0013556,0.0013966,0.0014671,0.0016725,0.0016245,0.0015335,0.001683,0.0015815,0.001353,0.0014464,0.0011408,0.0015633,0.0014733,0.0013995,0.0013812,0.0015331,0.0015322,0.0015681,0.001561,0.0012894,0.0013473,0.001377,0.0018615,0.0014096,0.0013724,0.0014752,0.0016153,0.0019553,0.0015489,0.0016792,0.00097634,0.0017879,0.0016383,0.0014768,0.0014405,0.0015283,0.0014171,0.0016282,0.0014309,0.0013771,0.0016488,0.0015556,0.0017012,0.0016279,0.001435,0.0014081,0.0015607,0.0016482,0.0015619,0.0015549,0.0010586,0.0019221,0.0013487,0.0010983,0.0019248,0.0017458,0.0016134,0.0015929,0.0013523,0.0014188,0.0013285,0.0016326,0.0016236,0.0016753,0.001514,0.0015766,0.0014652,0.0014049,0.0016663,0.0015659,0.0013004,0.0016421,0.0014546,0.0016141,0.0013372,0.0013204,0.0015013,0.0018628,0.0014367,0.0011828,0.0015364,0.0017242,0.0016977,0.0010253,0.0018345,0.0013252,0.0014494,0.0012735,0.0012536,0.0014763,0.0015062,0.0013441,0.0016399,0.0014202,0.0014109,0.001506,0.0012077,0.0015328,0.0014432,0.0015685,0.0014684,0.0015556,0.0014607,0.001385,0.0015675,0.0013328,0.001569,0.0018157,0.0015277,0.0015495,0.0015772,0.0016449,0.0014611,0.0014606,0.0015016,0.0015625,0.0015196,0.0014885,0.0016495,0.0017857,0.0016242,0.0014893,0.0012299,0.0014889,0.0014342,0.0014701,0.001539,0.0014806,0.0015563,0.0014118,0.0018479,0.0014547,0.0014646,0.001545,0.001436,0.0014232,0.0013705,0.0013316,0.0013841,0.0016966,0.0013957,0.001392,0.0015719,0.001382,0.0015251,0.0014876,0.0014135,0.0014279,0.001464,0.0015771,0.0012894,0.0016075,0.0013186,0.0014535,0.001452,0.0013621,0.0012497,0.001378,0.0015518,0.0011968,0.0015232,0.0012828,0.0012859,0.0014514,0.0011944,0.0014014,0.0014277,0.0012525,0.0013727,0.0014109,0.001119,0.0013602,0.0013678,0.0014049,0.0012282,0.001476,0.0012719,0.0013721,0.0012533,0.00095965,0.001371,0.0014268,0.0011476,0.0011404,0.0011206,0.0014718,0.0014073,0.00137,0.00099724,0.00089972,0.00099906,0.0010127,0.001422,0.0013058,0.00099946,0.0012171,0.0010093,0.0010137,0.00087018,0.00086499,0.0011238,0.0011575,0.0013137,0.0012153,1074300.0,1105700.0,792270.0,4276700.0,2284500.0,1150800.0,5856800.0,1513400.0,1879800.0,3242500.0,2966100.0,734830.0,5652900.0,1298400.0,4052200.0,2459600.0,5070500.0,4091400.0,1340500.0,3371900.0,2502600.0,3347400.0,11704000.0,958350.0,6311800.0,749460.0,9101500.0,1591900.0,1841400.0,815570.0,3232100.0,1680500.0,5814300.0,23940000.0,2520900.0,2724900.0,4347000.0,1235900.0,1513400.0,1646200.0,2062700.0,1057700.0,2058300.0,1019200.0,7475600.0,2433400.0,1825600.0,1494000.0,2274900.0,15971000.0,952090.0,7278300.0,3995200.0,706940.0,3910700.0,1079100.0,2657700.0,17679000.0,32102000.0,2373200.0,1720700.0,1532600.0,2840700.0,1036400.0,1926200.0,3409900.0,803840.0,2871900.0,1940600.0,3915400.0,2755300.0,1446400.0,1119200.0,15048000.0,5077600.0,1340600.0,3613400.0,1673300.0,965090.0,2573300.0,3702600.0,1313000.0,893150.0,2116300.0,873820.0,1861100.0,2850800.0,4950200.0,4191200.0,2338500.0,5694300.0,1300700.0,9352900.0,4677300.0,1017700.0,1694700.0,903640.0,1769700.0,3509900.0,9918500.0,1730700.0,16523000.0,1417300.0,9919600.0,1633600.0,3256300.0,1272900.0,1628100.0,12535000.0,5115100.0,2157200.0,3869300.0,2389200.0,1225800.0,656170.0,3373000.0,11659000.0,2413800.0,1291100.0,778800.0,1922000.0,735100.0,1193700.0,2218700.0,8786700.0,4156700.0,2627900.0,3087700.0,2361300.0,1498700.0,773560.0,10411000.0,2404500.0,3548600.0,2073400.0,1371700.0,1031900.0,2014200.0,1052000.0,2853800.0,3921600.0,1159600.0,1477000.0,2103000.0,1521000.0,2210500.0,2422200.0,877170.0,6912100.0,1513500.0,9390500.0,6180200.0,809830.0,10291000.0,814480.0,1274500.0,19279000.0,683650.0,12167000.0,721740.0,5575100.0,3693400.0,3817200.0,2647300.0,5252900.0,4116200.0,4227600.0,964530.0,4135000.0,1638700.0,6369200.0,1506700.0,7610900.0,1080700.0,744550.0,4005200.0,2996600.0,1988300.0,8411500.0,2288700.0,948280.0,1205600.0,3671000.0,3568300.0,1940100.0,1475700.0,747540.0,6807100.0,5275200.0,2336700.0,637470.0,17726000.0,3323000.0,5257900.0,1142200.0,18258000.0,5431600.0,1100100.0,8580600.0,1353300.0,1434500.0,3992400.0,5297000.0,799330.0,1639500.0,973680.0,1778500.0,1568200.0,1456500.0,7851700.0,2342100.0,1425100.0,12280000.0,2793800.0,1238000.0,1263500.0,3260300.0,951930.0,4669600.0,1133200.0,1854600.0,8075300.0,4435100.0,696550.0,1421900.0,10018000.0,5258300.0,5069200.0,15394000.0,3001700.0,1931800.0,2342400.0,2994600.0,3189800.0,1882600.0,1749500.0,2275100.0,1499400.0,7215800.0,652060.0,3656200.0,8296200.0,8910100.0,1863600.0,5378600.0,4029700.0,5011000.0,864140.0,1139900.0,5361500.0,1551600.0,6587500.0,3485200.0,7122400.0,1970700.0,1638700.0,1591200.0,1087700.0,1106100.0,2208100.0,945990.0,5091800.0,3371700.0,4404800.0,3356800.0,2894200.0,2745600.0,15584000.0,14989000.0,6042000.0,4601000.0,2807600.0,6148400.0,3762100.0,1781300.0,2740300.0,1353800.0,4824200.0,3044800.0,1.529,1.8477,4.1696,2.23,2.4706,3.6653,1.2769,2.2307,4.2232,1.2197,1.9896,4.2262,2.4878,2.6639,4.3103,0.81433,2.0623,4.2177,1.5888,2.5048,3.8877,3.0471,2.8438,5.8509,1.2151,2.0102,4.219,1.734,1.7189,4.2477,1.2781,2.2444,4.2436,0.80264,2.0506,4.2115,2.9167,2.8413,4.5866,5.6559,2.768,1.4319,1.2359,2.8366,3.6188,0.90851,2.1536,3.0125,2.5206,2.0928,4.4866,1.4668,1.6817,3.8995,0.67087,2.6134,3.8783,1.9571,1.7951,3.4952,1.1324,2.4182,3.1448,0.32062,2.2888,3.5408,1.811,1.6542,3.3936,2.0751,2.7639,4.3204,1.836,1.6536,3.3801,1.5438,1.6594,3.9371,0.36455,2.1579,3.1696,2.0504,2.3918,4.4408,1.4763,1.6844,3.2283,0.86204,1.9097,2.7646,3.1182,2.8412,5.9139,1.9645,1.7812,3.4871,0.94384,2.7156,2.8943,1.7595,2.5882,4.0021,0.67471,1.8901,2.7679,1.0904,2.4323,3.0954,1.9157,1.9258,4.4944,1.7519,1.6676,3.8917,0.54895,2.1884,3.7965,1.2583,2.4851,3.8152,0.99665,2.0998,3.2403,2.5569,2.3164,4.3179,2.0407,2.1836,4.6997,1.5047,1.6674,3.919,1.8889,1.952,4.489,1.4704,2.183,3.2591,0.83258,2.1577,3.1256,2.4436,2.4109,4.3481,1.9671,2.5668,4.869,1.9347,2.606,4.8522,2.554,2.3148,4.3055,1.2806,2.5053,3.9233,1.7496,2.2731,4.3362,2.3112,3.0275,4.2084,0.56645,2.4392,2.5417,1.4773,2.0369,4.5999,2.0034,3.0453,3.9058,0.31137,2.3815,3.395,1.687,1.6231,4.0814,0.76302,2.111,3.0725,2.2527,2.292,4.677,0.60639,2.5154,3.0595,0.9251,2.1638,3.2348,0.074212,2.8955,1.8424,2.0046,2.0858,4.5962,2.5386,2.343,4.2678,2.4693,2.3106,5.1571,2.0513,2.7485,4.2651,1.1189,1.8502,3.9815,4.5918,2.9238,0.574,0.84793,2.1611,3.0246,1.4062,2.1067,4.2702,1.1268,2.1507,3.52,2.1802,2.7089,4.4433,1.656,1.5917,4.1498,1.1602,2.5413,3.0736,0.75342,2.4459,3.7522,2.1367,1.8772,3.7025,1.5147,2.4851,3.4778,1.529,2.5796,3.5783,1.5512,1.6548,4.2765,2.0335,2.7446,4.5361,2.0963,2.7434,4.6184,3.3344,2.8134,6.0863,1.7002,1.6179,4.1831,1.7901,1.9732,3.4162,2.3116,2.9606,5.1724,1.1817,2.5519,3.0736,2.6664,2.4268,5.0,0.97944,2.6362,4.1241,1.5302,2.4702,3.5074,1.0623,1.896,4.0949,1.713,1.6184,4.0779,1.7936,1.9391,3.4149,6.151,2.9181,2.9533,2.9018,2.2599,4.6145,1.4024,1.9571,4.276,1.1995,2.6257,3.3471,1.4593,2.4508,3.375,1.756,1.9472,3.691,1.9679,2.4097,4.0149,1.1023,2.3226,3.2143,2.4789,1.9846,5.2195,1.1288,2.6603,3.3013,1.4428,2.4808,3.3595,0.17141,3.0077,3.1889,0.6825,1.8351,2.8563,1.6754,2.0161,4.4889,1.4861,1.8543,4.1659,5.3955,2.8781,1.7348,0.83897,2.1695,2.8602,0.92146,2.6534,4.0961,2.2909,2.5237,3.6648,2.7054,2.3476,4.9422,2.9263,2.6367,4.5523,2.061,2.4442,4.5414,2.3091,2.1457,4.1892,0.74816,2.0886,3.3412,0.45707,2.4346,2.9949,0.55988,2.1742,3.8255,2.4602,2.481,4.5141,0.79311,2.4127,2.9426,1.2839,1.5725,4.3334,1.666,1.9855,3.4682,0.18204,2.6694,2.107,3.4032,2.9461,0.18893,0.84966,2.3532,2.986,1.6486,1.654,4.1089,1.5772,1.8414,3.2044,0.77195,2.4074,2.8727,2.1889,2.3319,4.9511,1.2018,2.5555,3.1328,1.1518,2.1194,3.5522,0.47788,2.0183,3.2747,1.7069,1.9673,3.4375,2.514,2.0778,4.0938,2.0982,2.14,4.97,1.3345,1.7358,3.825,0.73802,1.9899,2.7668,2.1099,2.1488,5.0056,2.2468,2.234,4.5158,1.5365,2.3598,3.977,4.185,2.9685,0.11781,1.9004,2.4206,4.0037,0.74841,1.9779,4.1248,1.2081,2.6158,4.2485,3.4667,2.8308,6.1058,1.6601,1.5768,3.2716,0.24273,2.3407,3.3962,5.061,2.9773,0.94814,0.485,2.8014,3.2459,1.2134,2.5255,3.0102,2.196,2.1451,4.9652,1.5498,2.0872,4.3873,1.5989,1.6275,3.3369,1.56,2.9319,3.3121,0.62443,2.3935,2.8219,0.86051,2.4359,2.9946,0.22935,2.6374,3.3412,1.7462,2.349,4.2034,0.53877,2.43,2.753,1.0273,2.2501,3.6286,1.3291,1.7879,4.3061,0.26416,2.3248,3.4261,1.6152,1.5946,3.2772,0.63784,2.3849,2.7964,3.0003,2.866,5.9867,1.8872,2.569,4.0081,2.0159,2.2067,4.5999,2.4267,2.7188,5.1905,1.7485,1.9642,3.8547,1.3581,1.8061,3.7186,2.2374,2.1473,4.9924,1.4627,2.6147,3.9892,0.62301,3.0415,2.3815,4.5506,2.9461,0.30691,1.271,2.7565,4.2635,1.8932,1.9556,3.8909,1.2178,2.6482,2.8272,0.26405,2.794,2.9068,1.0123,2.9027,4.1735,0.51587,2.4897,2.5836,0.76249,1.988,2.9088,0.53238,2.4496,3.4063,1.6689,2.1966,4.2845,1.192,2.7586,4.3088,0.64943,1.9943,3.0534,2.032,1.8596,3.7699,1.2836,1.861,3.6725,2.3875,2.6746,4.8888,1.4409,1.5562,4.1908,1.3334,2.1432,3.2025,0.68151,2.0194,3.0563,0.63676,2.352,2.6235,1.7285,2.3393,4.1571,2.3362,2.6565,4.9426,0.6127,2.0168,3.0316,1.6271,1.7189,3.3151,0.7403,3.0085,2.561,0.55697,2.5161,2.5922,3.0993,2.7429,6.0329,6.1656,2.8634,2.5374,4.3654,2.9469,0.078661,2.3754,2.3529,3.7506,1.2579,3.0726,4.1327,1.3222,2.3797,3.5053,0.36997,3.0958,3.2272,2.3748,2.2171,3.7823,1.2818,1.8491,3.6761,2.4168,2.3295,4.5909,2.6019,2.6617,4.1194,1.2693,2.7028,4.3376,1.7965,1.9559,3.8666,1.1597,2.777,3.7014,2.3936,2.4174,5.0115,1.5095,2.6318,3.3225,2.1778,2.2266,4.0861,0.83317,1.9476,3.3811,2.4071,2.3801,3.7861,2.356,2.3849,3.7447,2.2306,1.9441,4.9747,2.6568,2.2905,4.8107,2.3761,2.2383,3.8034,1.4096,1.5983,3.8732,2.411,2.6609,4.9596,1.826,1.9534,3.8862,0.80181,2.1333,4.0587,1.6041,1.8365,4.2976,2.3786,2.6481,4.9602,1.4587,2.3914,3.2596,5.898,2.8588,2.169,1.8629,1.7723,3.5071,1.9841,2.9838,4.2668,2.0551,1.9661,4.7974,1.1329,2.5967,4.3163,1.9291,2.1485,4.9001,1.6371,1.7934,3.9524,1.6129,2.0084,3.3698,1.0838,2.7505,3.6458,0.97719,2.8415,3.8243,1.477,2.4523,3.8811,1.1515,2.743,3.6784,1.804,1.7808,4.0892,0.82024,2.4574,2.7901,1.8656,2.0971,4.3927,0.091708,2.7919,2.9107,1.0708,1.9523,4.2962,0.96486,2.3132,3.043,1.6143,2.4009,4.5758,0.99507,2.085,2.8332,0.76489,2.0058,2.7137,1.6473,1.7874,3.9552,0.90337,2.4518,2.8334,1.3554,1.5874,3.8388,2.7721,2.5987,4.6278,1.0682,2.1721,3.635,1.1517,2.7698,3.6697,1.9876,1.991,4.4745,1.0547,1.9614,4.2517,1.8762,1.6473,3.4423,1.6856,2.4877,3.9872,2.183,2.5488,4.9046,2.1067,2.3685,3.6566,1.2123,3.0659,3.4516,1.4273,1.4513,4.2431,0.66378,2.9894,3.6394,1.6351,1.7389,4.2371,0.76919,2.0007,2.7313,0.61924,2.2081,3.9944,2.6483,2.6003,4.5251,2.0031,2.1166,3.4442,1.3832,2.9069,3.5387,1.0845,2.2054,3.6284,2.5343,2.0145,4.4716,1.4968,1.7351,4.4212,1.6038,2.5895,3.5753,2.0651,2.2873,4.0665,2.7074,2.3409,4.9867,0.4448,2.5175,2.9427
0.076791,0.12132,0.0034441,219.08,229.04,202.66,0.0012623,0.0014156,0.0010098,204.98,214.28,213.99,206.29,198.35,197.44,226.95,213.6,237.43,208.16,238.51,254.73,202.78,207.03,207.38,232.12,211.26,219.11,188.14,190.16,275.75,211.18,184.63,226.16,188.11,241.7,221.91,267.44,156.74,238.54,203.02,210.01,167.68,238.08,240.64,289.13,233.46,193.28,242.31,286.4,258.91,168.62,262.44,180.93,234.47,216.84,252.76,242.11,277.64,241.62,242.34,213.52,272.52,270.73,262.06,216.98,250.97,222.49,205.58,300.92,257.3,261.43,277.44,171.05,224.49,200.83,238.68,216.17,261.73,230.43,225.53,203.09,233.25,245.1,203.33,193.62,230.69,229.76,264.31,245.38,227.23,251.45,245.11,213.47,254.18,141.77,255.41,208.82,208.49,220.71,247.24,269.21,233.32,230.56,180.05,200.21,222.85,302.56,214.21,212.52,246.48,267.33,318.61,256.07,258.56,216.85,322.56,262.25,209.88,246.98,236.42,199.62,250.49,231.28,190.88,271.64,242.82,284.47,254.07,266.07,197.31,227.11,279.94,225.61,244.66,206.93,313.15,189.03,266.18,310.05,275.94,243.57,245.7,216.66,210.71,316.87,229.03,268.42,270.73,234.52,253.85,222.4,257.79,287.92,226.66,218.37,312.81,230.53,248.45,231.25,207.64,225.54,287.88,223.16,152.96,241.43,296.26,269.74,209.79,318.83,208.34,230.96,181.15,156.44,215.9,251.35,190.78,270.36,213.24,203.23,234.93,214.52,234.64,187.0,254.0,234.02,217.5,214.53,214.89,277.07,206.08,256.2,324.78,233.43,246.47,223.65,288.14,235.75,221.01,259.58,295.46,230.51,246.17,254.27,236.83,269.14,233.59,241.12,211.8,230.25,219.22,248.69,231.92,241.48,235.35,254.41,232.6,212.29,258.42,258.14,228.28,199.41,193.94,230.93,281.03,201.03,209.55,281.61,216.27,231.75,240.87,225.82,234.09,257.96,258.97,192.02,254.36,199.48,247.8,212.65,241.73,183.0,248.93,250.0,170.31,258.62,215.39,166.37,240.46,184.2,217.5,239.96,183.63,224.14,235.94,195.16,230.11,233.61,225.45,186.98,236.09,205.98,218.78,217.54,166.75,262.81,260.23,205.86,170.89,203.11,265.63,227.78,229.62,218.81,147.89,161.1,201.6,239.06,221.15,215.01,217.58,207.45,189.93,170.74,184.68,227.98,215.13,237.58,219.74,0.00080596,0.0010418,0.0010408,0.0010821,0.00098789,0.0010525,0.0011965,0.00093274,0.0011985,0.00098189,0.0012597,0.0013983,0.0010896,0.0011109,0.0010156,0.0013887,0.0011974,0.0012019,0.0012013,0.0011692,0.0016234,0.0013881,0.0011489,0.0014955,0.0012932,0.0014672,0.0012519,0.0015608,0.0011483,0.0015875,0.0012196,0.0013082,0.0011592,0.0013445,0.0014642,0.0017108,0.0013838,0.0013425,0.0014986,0.0015783,0.0014066,0.0010226,0.0016279,0.0012698,0.0013862,0.0013565,0.001508,0.0013606,0.0015816,0.0014356,0.0012403,0.0013647,0.0016646,0.0014682,0.001566,0.0014145,0.0014668,0.0014646,0.0014477,0.0017876,0.0017271,0.0015903,0.0016719,0.001319,0.0015625,0.0013262,0.0016312,0.0015471,0.0016126,0.0014368,0.001592,0.0014101,0.0013874,0.0015591,0.0014346,0.0013603,0.0014002,0.0014755,0.0016788,0.0016295,0.0015365,0.0016898,0.0015869,0.0013562,0.0014517,0.0011469,0.001562,0.0014741,0.0014033,0.0013885,0.0015402,0.0015334,0.00157,0.0015652,0.0012942,0.0013569,0.0013814,0.0018683,0.0014156,0.0013775,0.0014694,0.0016223,0.001962,0.0015519,0.0016836,0.0009948,0.0017959,0.0016429,0.0014807,0.001446,0.0015438,0.001424,0.0016345,0.0014348,0.0013841,0.0016577,0.00156,0.001706,0.001635,0.0014423,0.0014137,0.0015714,0.0016521,0.0015681,0.0015556,0.0010607,0.0019327,0.0013552,0.0011151,0.0019307,0.0017549,0.001615,0.0016062,0.001358,0.0014234,0.0013612,0.0016348,0.0016279,0.001681,0.0015234,0.0015824,0.0014712,0.0014099,0.0016741,0.0015719,0.0013022,0.0016444,0.0014472,0.0016206,0.0013423,0.0013232,0.0015063,0.0018676,0.0014408,0.0011837,0.0015322,0.0017324,0.0017009,0.0010332,0.0018418,0.0013266,0.0014526,0.0012753,0.0012595,0.0014772,0.0015114,0.0013476,0.0016438,0.0014284,0.0014122,0.0015103,0.0012126,0.0015383,0.0014465,0.001571,0.0014703,0.0015609,0.0014635,0.0013854,0.0015722,0.0013362,0.0015752,0.0018257,0.0015297,0.0015548,0.0015817,0.001652,0.0014677,0.0014639,0.0015076,0.0015675,0.0015267,0.0014955,0.0016529,0.0017926,0.0016292,0.0014953,0.0012036,0.0014928,0.0014379,0.0014743,0.001543,0.001483,0.0015603,0.0014165,0.0018585,0.0014588,0.0014697,0.0015478,0.0014414,0.001428,0.0013698,0.0013338,0.0013883,0.0017037,0.0014011,0.0013958,0.0015741,0.0013846,0.0015295,0.0014937,0.0014175,0.0014321,0.0014692,0.001581,0.0012926,0.0016108,0.0013218,0.0014586,0.0014544,0.0013625,0.0012503,0.0013819,0.0015572,0.0011984,0.001527,0.0012844,0.0012897,0.0014559,0.0011971,0.0014038,0.0014328,0.0012562,0.0013759,0.0014143,0.0011206,0.0013643,0.0013715,0.0014081,0.0012302,0.001478,0.0012731,0.0013759,0.0012571,0.00096114,0.0013747,0.001432,0.0011493,0.0011432,0.0011215,0.0014731,0.0014099,0.0013734,0.00099956,0.00090183,0.00099948,0.0010135,0.0014238,0.0013099,0.0010018,0.0012198,0.0010118,0.0010158,0.00087185,0.00086579,0.0011249,0.0011577,0.0013155,0.0012165,1074300.0,1105700.0,792270.0,4276700.0,2284500.0,1150800.0,5856800.0,1513400.0,1879800.0,3242500.0,2966100.0,734830.0,5652900.0,1298400.0,4052200.0,2459600.0,5070500.0,4091400.0,1340500.0,3371900.0,2502600.0,3347400.0,11704000.0,958350.0,6311800.0,749460.0,9101500.0,1591900.0,1841400.0,815570.0,3232100.0,1680500.0,5814300.0,23940000.0,2520900.0,2724900.0,4347000.0,1235900.0,1513400.0,1646200.0,2062700.0,1057700.0,2058300.0,1019200.0,7475600.0,2433400.0,1825600.0,1494000.0,2274900.0,15971000.0,952090.0,7278300.0,3995200.0,706940.0,3910700.0,1079100.0,2657700.0,17679000.0,32102000.0,2373200.0,1720700.0,1532600.0,2840700.0,1036400.0,1926200.0,3409900.0,803840.0,2871900.0,1940600.0,3915400.0,2755300.0,1446400.0,1119200.0,15048000.0,5077600.0,1340600.0,3613400.0,1673300.0,965090.0,2573300.0,3702600.0,1313000.0,893150.0,2116300.0,873820.0,1861100.0,2850800.0,4950200.0,4191200.0,2338500.0,5694300.0,1300700.0,9352900.0,4677300.0,1017700.0,1694700.0,903640.0,1769700.0,3509900.0,9918500.0,1730700.0,16523000.0,1417300.0,9919600.0,1633600.0,3256300.0,1272900.0,1628100.0,12535000.0,5115100.0,2157200.0,3869300.0,2389200.0,1225800.0,656170.0,3373000.0,11659000.0,2413800.0,1291100.0,778800.0,1922000.0,735100.0,1193700.0,2218700.0,8786700.0,4156700.0,2627900.0,3087700.0,2361300.0,1498700.0,773560.0,10411000.0,2404500.0,3548600.0,2073400.0,1371700.0,1031900.0,2014200.0,1052000.0,2853800.0,3921600.0,1159600.0,1477000.0,2103000.0,1521000.0,2210500.0,2422200.0,877170.0,6912100.0,1513500.0,9390500.0,6180200.0,809830.0,10291000.0,814480.0,1274500.0,19279000.0,683650.0,12167000.0,721740.0,5575100.0,3693400.0,3817200.0,2647300.0,5252900.0,4116200.0,4227600.0,964530.0,4135000.0,1638700.0,6369200.0,1506700.0,7610900.0,1080700.0,744550.0,4005200.0,2996600.0,1988300.0,8411500.0,2288700.0,948280.0,1205600.0,3671000.0,3568300.0,1940100.0,1475700.0,747540.0,6807100.0,5275200.0,2336700.0,637470.0,17726000.0,3323000.0,5257900.0,1142200.0,18258000.0,5431600.0,1100100.0,8580600.0,1353300.0,1434500.0,3992400.0,5297000.0,799330.0,1639500.0,973680.0,1778500.0,1568200.0,1456500.0,7851700.0,2342100.0,1425100.0,12280000.0,2793800.0,1238000.0,1263500.0,3260300.0,951930.0,4669600.0,1133200.0,1854600.0,8075300.0,4435100.0,696550.0,1421900.0,10018000.0,5258300.0,5069200.0,15394000.0,3001700.0,1931800.0,2342400.0,2994600.0,3189800.0,1882600.0,1749500.0,2275100.0,1499400.0,7215800.0,652060.0,3656200.0,8296200.0,8910100.0,1863600.0,5378600.0,4029700.0,5011000.0,864140.0,1139900.0,5361500.0,1551600.0,6587500.0,3485200.0,7122400.0,1970700.0,1638700.0,1591200.0,1087700.0,1106100.0,2208100.0,945990.0,5091800.0,3371700.0,4404800.0,3356800.0,2894200.0,2745600.0,15584000.0,14989000.0,6042000.0,4601000.0,2807600.0,6148400.0,3762100.0,1781300.0,2740300.0,1353800.0,4824200.0,3044800.0,1.5291,1.8478,4.1695,2.23,2.4707,3.6653,1.2769,2.2308,4.2232,1.2195,1.9896,4.2261,2.4875,2.6639,4.3103,0.81371,2.0623,4.2178,1.5897,2.505,3.8876,3.0476,2.8439,5.8513,1.2148,2.0105,4.2188,1.7337,1.7189,4.2476,1.2782,2.2447,4.244,0.80178,2.0505,4.2114,2.9169,2.8414,4.5875,5.655,2.7678,1.4312,1.236,2.8365,3.6188,0.90777,2.1537,3.0123,2.5211,2.0935,4.4874,1.4667,1.6817,3.8994,0.67117,2.6141,3.8782,1.9564,1.7956,3.4955,1.1331,2.4177,3.146,0.3211,2.2889,3.5404,1.8113,1.654,3.3937,2.0742,2.763,4.3188,1.8366,1.6534,3.38,1.5447,1.6592,3.9375,0.36414,2.1583,3.1691,2.0508,2.3923,4.4417,1.4763,1.6846,3.2288,0.86236,1.9101,2.7645,3.1196,2.8412,5.9152,1.964,1.7815,3.4873,0.94304,2.7156,2.8946,1.7587,2.5882,4.0021,0.67524,1.8904,2.7675,1.0904,2.4321,3.0959,1.9159,1.926,4.4944,1.7526,1.6673,3.8917,0.54955,2.1881,3.7974,1.2593,2.4859,3.8158,0.99647,2.1004,3.2398,2.5572,2.3167,4.3184,2.0404,2.1841,4.7001,1.505,1.6672,3.9192,1.8888,1.9525,4.4889,1.4703,2.1832,3.2589,0.83244,2.1588,3.1245,2.4439,2.4115,4.3486,1.9674,2.5663,4.8687,1.9346,2.6061,4.8518,2.5542,2.3151,4.3059,1.2806,2.5055,3.9229,1.7505,2.2737,4.3368,2.3137,3.027,4.2104,0.56733,2.4387,2.5427,1.4764,2.0366,4.5999,2.0027,3.0451,3.9044,0.31037,2.3816,3.3944,1.6873,1.623,4.0814,0.76376,2.1122,3.0722,2.2529,2.2924,4.6774,0.6061,2.5141,3.0603,0.92381,2.1651,3.234,0.073356,2.8955,1.8407,2.0049,2.0871,4.5965,2.5385,2.3436,4.2676,2.4661,2.3103,5.1562,2.0499,2.7473,4.2622,1.1194,1.8501,3.9821,4.5913,2.9224,0.57504,0.84735,2.1616,3.0242,1.4076,2.1069,4.2703,1.1277,2.1516,3.5204,2.1785,2.7081,4.4416,1.6554,1.5915,4.1497,1.1604,2.5412,3.0738,0.75348,2.4463,3.7519,2.1378,1.8764,3.7021,1.5131,2.4858,3.4779,1.5269,2.5801,3.5778,1.5495,1.6543,4.2767,2.0324,2.7436,4.5354,2.0957,2.7425,4.6185,3.3347,2.8139,6.0865,1.6999,1.6181,4.1835,1.7913,1.9729,3.4159,2.3141,2.9607,5.1759,1.1824,2.552,3.0734,2.6673,2.4265,5.0004,0.97935,2.6367,4.1252,1.5288,2.4707,3.508,1.0598,1.8973,4.0948,1.7143,1.6183,4.0777,1.796,1.9382,3.4142,6.147,2.9177,2.9499,2.9018,2.2593,4.6156,1.4038,1.9571,4.2771,1.1985,2.6247,3.3475,1.4593,2.4509,3.3755,1.755,1.9465,3.6907,1.9687,2.4107,4.0158,1.1024,2.3232,3.2148,2.4779,1.9833,5.2208,1.1268,2.6595,3.3011,1.4425,2.4814,3.3597,0.17352,3.0085,3.1898,0.68247,1.8359,2.8556,1.6747,2.0156,4.4903,1.4859,1.8539,4.1667,5.3929,2.8774,1.7325,0.83947,2.1703,2.8614,0.92142,2.654,4.0973,2.2926,2.5231,3.6655,2.7094,2.3464,4.9424,2.9284,2.6358,4.553,2.0607,2.4434,4.5421,2.3075,2.1465,4.1892,0.7477,2.0907,3.341,0.45838,2.4342,2.9961,0.55973,2.1749,3.8268,2.4613,2.4804,4.5156,0.79273,2.4126,2.9432,1.2844,1.5724,4.3342,1.6651,1.985,3.4686,0.18403,2.6691,2.1072,3.4048,2.9458,0.19202,0.85069,2.3516,2.9883,1.6482,1.6543,4.1094,1.5795,1.8422,3.2048,0.77197,2.4067,2.8726,2.189,2.3315,4.951,1.2032,2.5557,3.1337,1.1536,2.1211,3.553,0.47667,2.0193,3.2751,1.7067,1.9667,3.4374,2.5163,2.0776,4.0929,2.0965,2.1398,4.9698,1.3353,1.7355,3.8256,0.73862,1.9903,2.7669,2.109,2.1485,5.0066,2.2452,2.235,4.5168,1.5359,2.3611,3.9773,4.1843,2.9678,0.11713,1.8994,2.4218,4.0038,0.74669,1.978,4.1251,1.2086,2.6162,4.2489,3.4655,2.8305,6.106,1.662,1.5766,3.272,0.24204,2.3411,3.3959,5.0607,2.9772,0.94742,0.48351,2.8017,3.246,1.2127,2.5258,3.0108,2.1971,2.1455,4.9658,1.5512,2.087,4.3882,1.6001,1.6276,3.3378,1.5642,2.9321,3.3122,0.62724,2.3927,2.8237,0.85965,2.4353,2.9948,0.22942,2.6379,3.3411,1.7495,2.3508,4.2049,0.54054,2.4299,2.7537,1.0268,2.2514,3.6281,1.3282,1.7876,4.3063,0.26317,2.3251,3.4265,1.6169,1.5944,3.2772,0.6411,2.3839,2.7976,2.9999,2.8659,5.9877,1.8849,2.5683,4.0076,2.0162,2.2068,4.6,2.4234,2.7179,5.1889,1.7461,1.9641,3.8539,1.3589,1.8059,3.7191,2.2386,2.1471,4.9926,1.4636,2.614,3.9887,0.61847,3.0409,2.3753,4.5491,2.9455,0.30605,1.272,2.7579,4.2625,1.8932,1.9558,3.891,1.2175,2.6486,2.8265,0.26214,2.7941,2.9059,1.0134,2.903,4.1741,0.51521,2.4892,2.5838,0.76397,1.9892,2.9075,0.53221,2.4503,3.406,1.6704,2.1969,4.2852,1.1906,2.7598,4.3079,0.64989,1.995,3.0523,2.0331,1.8592,3.7692,1.2854,1.8613,3.673,2.3863,2.6739,4.8874,1.4419,1.5566,4.191,1.3325,2.1431,3.2029,0.68217,2.0204,3.0556,0.63897,2.3505,2.6239,1.7297,2.3402,4.1575,2.3346,2.6555,4.9421,0.61247,2.0177,3.0304,1.6283,1.7189,3.3149,0.7422,3.0081,2.5618,0.55679,2.5161,2.5923,3.1018,2.7428,6.0352,6.1657,2.8635,2.5379,4.3617,2.9462,0.074889,2.3757,2.3519,3.7504,1.2626,3.0724,4.1388,1.3207,2.3812,3.5046,0.36317,3.0959,3.2216,2.3748,2.2167,3.7818,1.2827,1.849,3.6765,2.4166,2.3294,4.5914,2.6021,2.6623,4.1208,1.2694,2.703,4.3376,1.795,1.9557,3.866,1.1602,2.7766,3.7021,2.3929,2.4165,5.0103,1.5083,2.6318,3.3231,2.1779,2.2272,4.0859,0.83339,1.9481,3.3812,2.4076,2.3795,3.7864,2.356,2.3845,3.7445,2.2314,1.9449,4.9759,2.6567,2.2905,4.8109,2.3763,2.2383,3.8033,1.4099,1.5984,3.8738,2.4102,2.6601,4.9591,1.8251,1.9533,3.8859,0.80222,2.1331,4.06,1.604,1.8365,4.2981,2.3776,2.6471,4.96,1.4588,2.3914,3.2595,5.8973,2.8585,2.1684,1.8629,1.7719,3.5075,1.9838,2.9831,4.2659,2.0558,1.9664,4.798,1.1335,2.5969,4.3169,1.9299,2.1486,4.9006,1.6373,1.7932,3.9522,1.613,2.0083,3.3695,1.0847,2.7501,3.6469,0.97811,2.8416,3.8245,1.4783,2.453,3.8816,1.1518,2.7422,3.6786,1.8035,1.7805,4.0891,0.8192,2.4573,2.7903,1.8652,2.0975,4.3928,0.091986,2.7918,2.9117,1.0706,1.9522,4.2967,0.9651,2.3128,3.0435,1.614,2.401,4.5757,0.99521,2.085,2.8332,0.7652,2.0058,2.7133,1.6478,1.7872,3.955,0.90314,2.4516,2.8343,1.355,1.5874,3.8389,2.7721,2.5988,4.6276,1.068,2.1727,3.635,1.152,2.7693,3.6699,1.9877,1.991,4.4744,1.0542,1.9614,4.2516,1.8765,1.6473,3.4422,1.6859,2.4878,3.9871,2.1839,2.5487,4.9043,2.1061,2.3683,3.6559,1.2125,3.0658,3.4519,1.427,1.4511,4.2432,0.66437,2.9893,3.6397,1.6352,1.7387,4.2371,0.76951,2.0008,2.7312,0.61839,2.2082,3.995,2.6477,2.6003,4.525,2.0033,2.1165,3.4442,1.3831,2.9066,3.5387,1.0846,2.2057,3.6283,2.5344,2.0148,4.4717,1.4969,1.7351,4.4212,1.6037,2.5894,3.5752,2.0651,2.2874,4.0665,2.7074,2.3405,4.9864,0.44481,2.5174,2.9425
0.077561,0.12254,0.0034701,219.48,229.57,202.86,0.0012646,0.0014186,0.0010109,205.16,214.52,214.3,206.56,198.66,197.7,227.22,213.85,237.83,208.5,238.87,255.14,203.03,207.41,207.7,232.7,211.49,219.54,188.48,190.36,276.41,211.51,184.87,226.45,188.37,242.18,222.38,268.04,156.99,238.89,203.32,210.3,167.81,238.43,240.96,289.83,233.89,193.41,242.97,287.17,259.49,168.96,262.81,181.07,235.03,217.28,253.39,242.66,278.38,242.15,242.87,213.99,273.3,271.49,262.9,217.5,251.61,222.81,205.85,301.83,258.19,262.09,278.33,171.39,225.01,201.24,238.93,216.28,262.02,230.78,226.14,203.47,233.98,245.88,203.78,194.37,231.12,230.85,265.0,245.93,227.49,252.12,245.59,214.05,254.99,142.61,255.76,208.89,209.3,221.53,248.06,269.48,233.54,230.93,181.14,201.37,223.15,303.21,214.87,213.08,246.74,268.21,319.33,256.41,259.13,220.04,323.61,262.76,210.28,247.57,238.23,200.49,251.13,232.58,192.25,272.66,243.39,284.93,255.35,267.65,197.96,229.06,280.13,226.2,244.87,207.86,314.38,189.74,268.46,310.85,277.07,243.87,247.41,217.13,211.4,321.01,229.63,268.92,271.63,235.99,254.29,223.13,258.57,288.77,227.1,219.4,312.93,230.3,249.34,232.7,207.95,226.09,289.33,223.58,153.13,241.49,297.02,270.3,211.74,319.72,208.49,231.5,181.41,157.19,216.35,251.83,191.16,270.93,214.32,203.38,235.36,215.19,235.44,187.28,254.2,234.39,217.98,214.73,215.0,277.83,206.57,257.03,325.6,233.74,247.1,224.07,288.94,236.53,221.33,260.43,296.25,231.4,246.97,254.38,237.84,269.76,234.25,241.11,212.2,230.74,219.78,249.07,232.22,241.93,235.98,255.81,233.19,212.9,258.61,258.94,228.93,199.22,194.3,231.48,281.88,201.82,209.97,281.75,216.6,232.31,241.53,226.39,234.65,258.58,259.39,192.4,254.65,199.79,248.42,212.99,241.74,183.2,249.48,250.61,170.45,259.05,215.64,166.75,241.01,184.51,217.81,240.58,184.0,224.54,236.32,195.38,230.58,234.14,225.79,187.23,236.43,206.22,219.21,218.02,166.98,263.2,260.84,206.13,171.16,203.35,266.0,228.22,229.94,219.14,148.09,161.29,201.81,239.36,221.59,215.28,217.92,207.78,190.19,170.99,184.84,228.24,215.32,238.0,220.02,0.0008065,0.0010429,0.0010424,0.0010838,0.0009896,0.0010535,0.0011979,0.00093387,0.0012009,0.00098382,0.0012618,0.0014007,0.0010907,0.0011131,0.0010174,0.0013922,0.001199,0.0012046,0.0012036,0.0011705,0.0016273,0.0013902,0.0011506,0.0014978,0.0012949,0.0014706,0.001255,0.0015642,0.0011505,0.0015896,0.0012217,0.00131,0.00116,0.0013466,0.0014664,0.0017149,0.0013869,0.001343,0.0015028,0.0015831,0.0014103,0.0010242,0.0016303,0.0012718,0.0013899,0.0013595,0.0015123,0.0013634,0.0015863,0.001439,0.0012427,0.0013675,0.0016692,0.0014721,0.0015709,0.0014176,0.0014704,0.0014666,0.0014497,0.0017935,0.0017321,0.0015939,0.0016766,0.0013204,0.0015663,0.0013285,0.0016334,0.0015478,0.0016151,0.0014388,0.0015954,0.0014127,0.0013915,0.0015635,0.0014373,0.0013639,0.0014029,0.0014811,0.0016826,0.0016328,0.0015388,0.0016939,0.0015904,0.0013582,0.0014554,0.0011517,0.0015624,0.0014747,0.001407,0.0013934,0.0015449,0.0015354,0.0015712,0.0015676,0.0012984,0.0013634,0.0013845,0.0018723,0.0014194,0.0013809,0.0014693,0.0016271,0.0019661,0.0015539,0.0016865,0.001008,0.0018014,0.0016459,0.0014831,0.0014498,0.0015537,0.001429,0.0016382,0.0014406,0.0013889,0.0016637,0.001563,0.0017092,0.0016415,0.0014474,0.0014173,0.0015794,0.0016551,0.0015721,0.0015576,0.001064,0.0019392,0.0013599,0.0011258,0.0019345,0.0017609,0.0016169,0.0016161,0.0013614,0.0014272,0.0013823,0.0016382,0.0016307,0.0016854,0.0015303,0.0015866,0.0014751,0.001414,0.0016798,0.0015759,0.0013064,0.0016468,0.0014451,0.001626,0.0013489,0.0013256,0.00151,0.0018716,0.0014434,0.0011845,0.0015315,0.0017373,0.0017039,0.0010392,0.0018458,0.0013277,0.0014556,0.0012772,0.0012637,0.0014783,0.0015145,0.0013505,0.0016473,0.0014343,0.0014138,0.0015134,0.0012165,0.0015423,0.0014484,0.0015731,0.0014725,0.0015636,0.0014649,0.0013858,0.0015757,0.0013388,0.0015794,0.0018309,0.0015319,0.0015588,0.001584,0.0016568,0.0014718,0.0014657,0.0015124,0.0015714,0.0015316,0.0015006,0.0016546,0.0017968,0.0016328,0.0014996,0.0011921,0.0014956,0.0014412,0.0014771,0.0015452,0.0014851,0.0015633,0.0014203,0.0018659,0.001462,0.0014738,0.0015495,0.0014456,0.0014317,0.0013696,0.0013359,0.0013919,0.0017089,0.0014052,0.0013984,0.0015757,0.0013864,0.0015325,0.0014984,0.0014207,0.0014356,0.0014734,0.0015837,0.0012951,0.0016129,0.001324,0.0014624,0.0014565,0.001363,0.0012511,0.0013851,0.0015614,0.0011996,0.0015298,0.0012861,0.001293,0.0014597,0.0011996,0.0014059,0.0014367,0.0012592,0.0013778,0.0014165,0.0011219,0.0013674,0.0013747,0.0014108,0.0012322,0.0014804,0.0012749,0.0013786,0.0012603,0.00096281,0.0013772,0.0014358,0.0011513,0.0011454,0.0011232,0.0014752,0.0014124,0.0013754,0.0010012,0.00090343,0.0010008,0.001015,0.0014259,0.0013123,0.0010031,0.0012219,0.0010137,0.0010176,0.00087342,0.00086693,0.0011265,0.001159,0.0013177,0.0012182,1074300.0,1105700.0,792270.0,4276700.0,2284500.0,1150800.0,5856800.0,1513400.0,1879800.0,3242500.0,2966100.0,734830.0,5652900.0,1298400.0,4052200.0,2459600.0,5070500.0,4091400.0,1340500.0,3371900.0,2502600.0,3347400.0,11704000.0,958350.0,6311800.0,749460.0,9101500.0,1591900.0,1841400.0,815570.0,3232100.0,1680500.0,5814300.0,23940000.0,2520900.0,2724900.0,4347000.0,1235900.0,1513400.0,1646200.0,2062700.0,1057700.0,2058300.0,1019200.0,7475600.0,2433400.0,1825600.0,1494000.0,2274900.0,15971000.0,952090.0,7278300.0,3995200.0,706940.0,3910700.0,1079100.0,2657700.0,17679000.0,32102000.0,2373200.0,1720700.0,1532600.0,2840700.0,1036400.0,1926200.0,3409900.0,803840.0,2871900.0,1940600.0,3915400.0,2755300.0,1446400.0,1119200.0,15048000.0,5077600.0,1340600.0,3613400.0,1673300.0,965090.0,2573300.0,3702600.0,1313000.0,893150.0,2116300.0,873820.0,1861100.0,2850800.0,4950200.0,4191200.0,2338500.0,5694300.0,1300700.0,9352900.0,4677300.0,1017700.0,1694700.0,903640.0,1769700.0,3509900.0,9918500.0,1730700.0,16523000.0,1417300.0,9919600.0,1633600.0,3256300.0,1272900.0,1628100.0,12535000.0,5115100.0,2157200.0,3869300.0,2389200.0,1225800.0,656170.0,3373000.0,11659000.0,2413800.0,1291100.0,778800.0,1922000.0,735100.0,1193700.0,2218700.0,8786700.0,4156700.0,2627900.0,3087700.0,2361300.0,1498700.0,773560.0,10411000.0,2404500.0,3548600.0,2073400.0,1371700.0,1031900.0,2014200.0,1052000.0,2853800.0,3921600.0,1159600.0,1477000.0,2103000.0,1521000.0,2210500.0,2422200.0,877170.0,6912100.0,1513500.0,9390500.0,6180200.0,809830.0,10291000.0,814480.0,1274500.0,19279000.0,683650.0,12167000.0,721740.0,5575100.0,3693400.0,3817200.0,2647300.0,5252900.0,4116200.0,4227600.0,964530.0,4135000.0,1638700.0,6369200.0,1506700.0,7610900.0,1080700.0,744550.0,4005200.0,2996600.0,1988300.0,8411500.0,2288700.0,948280.0,1205600.0,3671000.0,3568300.0,1940100.0,1475700.0,747540.0,6807100.0,5275200.0,2336700.0,637470.0,17726000.0,3323000.0,5257900.0,1142200.0,18258000.0,5431600.0,1100100.0,8580600.0,1353300.0,1434500.0,3992400.0,5297000.0,799330.0,1639500.0,973680.0,1778500.0,1568200.0,1456500.0,7851700.0,2342100.0,1425100.0,12280000.0,2793800.0,1238000.0,1263500.0,3260300.0,951930.0,4669600.0,1133200.0,1854600.0,8075300.0,4435100.0,696550.0,1421900.0,10018000.0,5258300.0,5069200.0,15394000.0,3001700.0,1931800.0,2342400.0,2994600.0,3189800.0,1882600.0,1749500.0,2275100.0,1499400.0,7215800.0,652060.0,3656200.0,8296200.0,8910100.0,1863600.0,5378600.0,4029700.0,5011000.0,864140.0,1139900.0,5361500.0,1551600.0,6587500.0,3485200.0,7122400.0,1970700.0,1638700.0,1591200.0,1087700.0,1106100.0,2208100.0,945990.0,5091800.0,3371700.0,4404800.0,3356800.0,2894200.0,2745600.0,15584000.0,14989000.0,6042000.0,4601000.0,2807600.0,6148400.0,3762100.0,1781300.0,2740300.0,1353800.0,4824200.0,3044800.0,1.5291,1.8479,4.1695,2.2301,2.4707,3.6653,1.2769,2.2309,4.2232,1.2193,1.9896,4.226,2.4874,2.6639,4.3104,0.8133,2.0623,4.2178,1.5903,2.5052,3.8876,3.0479,2.8439,5.8515,1.2146,2.0106,4.2187,1.7336,1.7189,4.2476,1.2782,2.2449,4.2442,0.80119,2.0503,4.2114,2.917,2.8414,4.5882,5.6544,2.7677,1.4308,1.236,2.8364,3.6189,0.90727,2.1538,3.0122,2.5215,2.0939,4.4878,1.4667,1.6817,3.8993,0.67137,2.6146,3.8782,1.956,1.7959,3.4958,1.1336,2.4175,3.1468,0.32142,2.2889,3.5401,1.8115,1.6538,3.3938,2.0737,2.7624,4.3177,1.837,1.6532,3.3799,1.5452,1.6591,3.9378,0.36386,2.1585,3.1687,2.051,2.3926,4.4423,1.4764,1.6848,3.2291,0.86258,1.9104,2.7644,3.1206,2.8412,5.9161,1.9636,1.7817,3.4874,0.9425,2.7156,2.8947,1.7581,2.5881,4.0021,0.6756,1.8906,2.7673,1.0905,2.432,3.0963,1.916,1.9261,4.4944,1.7531,1.6671,3.8916,0.54996,2.1879,3.7981,1.26,2.4865,3.8162,0.99636,2.1008,3.2395,2.5574,2.317,4.3187,2.0402,2.1844,4.7003,1.5052,1.6671,3.9192,1.8887,1.9529,4.4889,1.4702,2.1833,3.2588,0.83235,2.1595,3.1238,2.4441,2.4119,4.3489,1.9676,2.5659,4.8684,1.9346,2.6062,4.8514,2.5543,2.3153,4.3061,1.2805,2.5057,3.9227,1.7511,2.2741,4.3372,2.3153,3.0267,4.2117,0.56792,2.4384,2.5434,1.4758,2.0365,4.5999,2.0021,3.0448,3.9034,0.3097,2.3816,3.3939,1.6874,1.6229,4.0813,0.76426,2.1129,3.072,2.2531,2.2926,4.6776,0.60589,2.5132,3.0609,0.92294,2.1659,3.2335,0.072804,2.8955,1.8396,2.005,2.0881,4.5967,2.5385,2.3441,4.2675,2.464,2.31,5.1556,2.049,2.7465,4.2603,1.1197,1.85,3.9825,4.5909,2.9214,0.57576,0.84696,2.1618,3.0238,1.4085,2.1071,4.2704,1.1284,2.1522,3.5206,2.1773,2.7076,4.4403,1.655,1.5914,4.1497,1.1606,2.5411,3.0739,0.75351,2.4466,3.7518,2.1386,1.8759,3.7017,1.512,2.4863,3.478,1.5255,2.5804,3.5774,1.5484,1.654,4.2769,2.0317,2.7429,4.5349,2.0953,2.7418,4.6185,3.3349,2.8142,6.0866,1.6998,1.6183,4.1837,1.7921,1.9726,3.4157,2.3157,2.9608,5.1782,1.1827,2.5521,3.0733,2.6679,2.4264,5.0006,0.97928,2.637,4.126,1.5279,2.4711,3.5084,1.0582,1.8981,4.0948,1.7151,1.6182,4.0776,1.7976,1.9376,3.4137,6.1444,2.9173,2.9477,2.9019,2.2588,4.6162,1.4048,1.957,4.2779,1.1978,2.6241,3.3478,1.4593,2.4509,3.3757,1.7544,1.9461,3.6904,1.9691,2.4114,4.0164,1.1024,2.3236,3.2151,2.4773,1.9825,5.2217,1.1255,2.659,3.3009,1.4422,2.4818,3.3598,0.17485,3.009,3.1903,0.68244,1.8363,2.8551,1.6743,2.0153,4.4912,1.4858,1.8537,4.1673,5.3911,2.8769,1.731,0.8398,2.1708,2.8622,0.92138,2.6545,4.0982,2.2937,2.5227,3.6659,2.7121,2.3456,4.9426,2.9299,2.6353,4.5534,2.0604,2.4428,4.5426,2.3065,2.1471,4.1892,0.74739,2.0922,3.3408,0.45927,2.4339,2.9969,0.55964,2.1754,3.8276,2.462,2.48,4.5166,0.79249,2.4125,2.9435,1.2848,1.5723,4.3347,1.6645,1.9847,3.4689,0.18535,2.6689,2.1073,3.4058,2.9456,0.19405,0.85135,2.3506,2.9897,1.648,1.6546,4.1097,1.5811,1.8427,3.2051,0.77195,2.4062,2.8726,2.1891,2.3313,4.951,1.2042,2.5558,3.1342,1.1547,2.1221,3.5535,0.47585,2.0199,3.2754,1.7065,1.9662,3.4373,2.5178,2.0776,4.0924,2.0955,2.1397,4.9696,1.3359,1.7353,3.826,0.73901,1.9905,2.767,2.1085,2.1484,5.0072,2.2442,2.2356,4.5175,1.5355,2.3619,3.9776,4.1839,2.9674,0.11674,1.8987,2.4226,4.0038,0.74555,1.9781,4.1253,1.2089,2.6165,4.2491,3.4647,2.8303,6.1062,1.6633,1.5765,3.2722,0.24158,2.3412,3.3957,5.0603,2.9771,0.94686,0.4825,2.8018,3.246,1.2122,2.5259,3.0111,2.1978,2.1458,4.9662,1.5522,2.0869,4.3887,1.601,1.6277,3.3384,1.5669,2.9322,3.3122,0.62908,2.3922,2.8248,0.85907,2.4349,2.9949,0.22947,2.6383,3.3411,1.7517,2.3521,4.2059,0.54171,2.4299,2.7541,1.0265,2.2522,3.6277,1.3276,1.7873,4.3064,0.26253,2.3253,3.4267,1.6181,1.5942,3.2772,0.64324,2.3832,2.7983,2.9997,2.8659,5.9883,1.8834,2.5679,4.0072,2.0165,2.2069,4.6001,2.4212,2.7173,5.1879,1.7445,1.964,3.8534,1.3595,1.8057,3.7194,2.2394,2.1471,4.9927,1.4641,2.6135,3.9884,0.61542,3.0405,2.3711,4.5482,2.9451,0.30555,1.2727,2.7589,4.2618,1.8932,1.9559,3.8911,1.2172,2.6488,2.826,0.26085,2.7941,2.9052,1.014,2.9032,4.1744,0.51478,2.4888,2.5839,0.76495,1.99,2.9066,0.53209,2.4507,3.4059,1.6714,2.1971,4.2857,1.1896,2.7605,4.3073,0.6502,1.9955,3.0516,2.0338,1.8589,3.7687,1.2866,1.8615,3.6733,2.3856,2.6734,4.8864,1.4426,1.5568,4.1911,1.3319,2.143,3.2031,0.6826,2.0211,3.0552,0.64041,2.3496,2.6242,1.7305,2.3408,4.1578,2.3335,2.6548,4.9417,0.61231,2.0183,3.0295,1.6291,1.7189,3.3148,0.74346,3.0079,2.5622,0.55665,2.5161,2.5923,3.1035,2.7427,6.0367,6.1658,2.8635,2.5383,4.3593,2.9458,0.072445,2.3759,2.3513,3.7502,1.2657,3.0722,4.1428,1.3196,2.3822,3.5041,0.35866,3.096,3.2178,2.3748,2.2165,3.7816,1.2833,1.849,3.6768,2.4165,2.3294,4.5916,2.6022,2.6626,4.1217,1.2694,2.7031,4.3376,1.794,1.9556,3.8655,1.1605,2.7764,3.7025,2.3923,2.4158,5.0095,1.5075,2.6317,3.3234,2.1779,2.2277,4.0857,0.83352,1.9485,3.3813,2.4079,2.3792,3.7866,2.356,2.3842,3.7444,2.2319,1.9454,4.9766,2.6567,2.2904,4.8111,2.3764,2.2383,3.8032,1.4102,1.5985,3.8742,2.4097,2.6595,4.9588,1.8245,1.9532,3.8857,0.80248,2.133,4.0609,1.6039,1.8366,4.2984,2.377,2.6464,4.9598,1.4588,2.3914,3.2595,5.897,2.8582,2.168,1.863,1.7717,3.5078,1.9836,2.9826,4.2653,2.0562,1.9665,4.7984,1.1338,2.5971,4.3173,1.9304,2.1486,4.9009,1.6374,1.7931,3.9521,1.6131,2.0083,3.3692,1.0854,2.7499,3.6476,0.97873,2.8416,3.8247,1.4791,2.4535,3.8819,1.152,2.7417,3.6788,1.8031,1.7802,4.089,0.81849,2.4572,2.7905,1.8649,2.0977,4.3929,0.092163,2.7917,2.9124,1.0704,1.9522,4.297,0.96526,2.3126,3.0439,1.6138,2.4011,4.5756,0.99531,2.0849,2.8332,0.76541,2.0059,2.7131,1.6481,1.787,3.9549,0.90298,2.4516,2.8349,1.3547,1.5874,3.8389,2.7721,2.5989,4.6275,1.0678,2.1731,3.6351,1.1523,2.769,3.6701,1.9879,1.9911,4.4744,1.0539,1.9613,4.2515,1.8768,1.6472,3.4421,1.6862,2.4879,3.987,2.1845,2.5486,4.9041,2.1057,2.3682,3.6554,1.2126,3.0657,3.452,1.4268,1.4511,4.2433,0.66477,2.9892,3.6399,1.6353,1.7386,4.2372,0.76974,2.0008,2.7311,0.61781,2.2084,3.9955,2.6473,2.6003,4.525,2.0034,2.1164,3.4443,1.3831,2.9065,3.5387,1.0846,2.2058,3.6282,2.5344,2.0149,4.4717,1.497,1.7351,4.4212,1.6036,2.5894,3.5752,2.0652,2.2874,4.0665,2.7073,2.3402,4.9862,0.44482,2.5172,2.9424
0.078714,0.12437,0.0035088,219.96,230.23,203.04,0.0012673,0.0014224,0.0010119,205.38,214.82,214.65,206.86,199.03,197.8,227.61,214.18,238.35,208.91,239.31,255.61,203.24,207.9,208.07,233.44,211.82,220.08,188.92,190.49,277.28,212.03,185.21,226.86,188.75,242.8,223.02,268.81,157.28,239.49,203.77,210.65,167.8,238.77,241.41,290.81,234.42,193.64,243.8,288.24,260.25,169.41,263.15,181.27,235.75,217.82,254.27,243.41,279.34,242.86,243.56,214.6,274.36,272.64,263.97,218.11,252.51,223.07,206.27,303.02,259.34,263.07,279.42,171.92,225.71,201.78,239.17,216.5,262.41,231.26,226.9,204.0,234.87,246.9,204.41,195.33,231.69,232.13,265.81,246.51,227.89,253.07,246.33,214.76,256.08,143.65,256.09,209.19,210.28,222.59,249.04,269.68,233.93,231.4,182.39,202.96,223.48,304.03,215.83,213.85,247.22,269.38,320.28,256.74,260.1,223.67,324.88,263.64,210.96,248.61,240.7,201.56,252.16,234.09,193.99,274.14,244.07,285.7,256.97,269.68,198.97,231.45,280.53,227.04,245.26,208.61,315.98,190.82,271.16,311.88,278.7,244.21,250.04,217.99,212.36,326.02,230.1,269.65,272.9,238.22,254.83,223.98,259.75,289.93,227.72,219.87,313.42,229.99,250.47,234.38,208.47,226.8,291.33,224.29,153.49,241.52,298.08,270.85,214.32,320.8,208.76,232.17,181.78,158.35,216.88,252.54,191.6,271.61,215.86,203.55,235.87,216.16,236.43,187.3,254.56,234.81,218.65,215.1,215.13,278.97,207.19,258.11,326.79,234.08,247.88,224.57,290.01,237.45,221.93,261.59,297.34,232.5,248.0,254.31,239.19,270.5,235.1,240.39,212.81,231.39,220.65,249.88,232.57,242.46,236.79,257.41,233.95,213.65,258.98,259.97,229.71,198.79,194.71,232.22,282.9,202.8,210.58,282.02,216.97,233.01,242.3,227.17,235.35,259.32,260.02,192.85,254.6,200.16,249.23,213.45,241.68,183.31,250.16,251.33,170.62,259.64,215.92,167.15,241.66,184.78,217.98,241.32,184.46,225.04,236.89,195.68,231.13,234.73,226.16,187.49,236.73,206.44,219.8,218.59,167.2,263.8,261.56,206.39,171.44,203.52,266.34,228.58,230.4,219.62,148.32,161.41,202.01,239.67,222.12,215.67,218.3,208.15,190.45,171.23,184.97,228.5,215.42,238.38,220.19,0.0008071,0.0010442,0.001044,0.0010857,0.00099166,0.0010533,0.0011999,0.00093536,0.0012038,0.00098614,0.0012643,0.0014035,0.0010913,0.0011158,0.0010194,0.0013967,0.0012012,0.001208,0.0012067,0.0011713,0.0016324,0.0013936,0.001153,0.001501,0.0012977,0.0014755,0.0012589,0.0015686,0.0011532,0.0015931,0.001225,0.0013121,0.0011599,0.0013484,0.0014693,0.0017207,0.0013909,0.0013441,0.001508,0.0015893,0.0014148,0.0010263,0.0016323,0.0012747,0.0013947,0.0013632,0.0015178,0.0013674,0.0015923,0.0014435,0.001246,0.0013709,0.0016755,0.0014779,0.0015771,0.0014216,0.0014756,0.001468,0.0014527,0.001801,0.001739,0.0015991,0.001682,0.0013226,0.0015711,0.0013315,0.0016353,0.0015491,0.0016184,0.001441,0.0015995,0.001416,0.0013963,0.0015691,0.0014412,0.0013682,0.0014063,0.0014876,0.0016872,0.0016361,0.0015419,0.0016992,0.0015949,0.0013602,0.0014601,0.001157,0.0015619,0.0014767,0.0014106,0.0013995,0.0015504,0.0015356,0.0015731,0.0015706,0.0013027,0.0013722,0.0013883,0.0018772,0.0014249,0.0013854,0.0014685,0.0016334,0.0019717,0.0015558,0.0016919,0.0010227,0.0018076,0.0016516,0.0014875,0.001456,0.0015669,0.0014353,0.0016441,0.0014479,0.0013941,0.0016721,0.0015665,0.0017141,0.0016496,0.0014534,0.0014234,0.0015883,0.0016602,0.0015786,0.001561,0.001066,0.001948,0.0013672,0.0011392,0.0019403,0.0017699,0.0016192,0.001628,0.0013675,0.0014325,0.0014088,0.0016409,0.0016355,0.0016914,0.0015399,0.0015911,0.0014798,0.0014196,0.0016875,0.0015809,0.001308,0.0016519,0.0014427,0.0016329,0.001355,0.0013297,0.0015149,0.0018761,0.0014481,0.0011865,0.0015291,0.001744,0.0017073,0.0010482,0.001851,0.0013294,0.0014593,0.00128,0.0012694,0.0014794,0.0015189,0.0013539,0.0016509,0.0014423,0.0014156,0.0015175,0.0012218,0.0015468,0.0014491,0.0015763,0.0014748,0.001568,0.0014675,0.0013867,0.0015809,0.0013417,0.0015845,0.0018377,0.0015343,0.0015638,0.0015877,0.0016626,0.0014762,0.0014692,0.0015185,0.001577,0.0015377,0.001507,0.0016559,0.0018023,0.0016368,0.001505,0.0011658,0.0014996,0.0014458,0.0014815,0.0015492,0.0014874,0.0015666,0.0014251,0.0018747,0.0014659,0.0014792,0.0015527,0.001451,0.0014365,0.0013687,0.0013382,0.0013966,0.0017149,0.0014099,0.0014023,0.0015781,0.0013884,0.0015363,0.0015038,0.0014249,0.0014399,0.0014787,0.0015876,0.001298,0.0016136,0.0013266,0.0014671,0.0014592,0.0013635,0.0012514,0.0013892,0.0015663,0.0012012,0.0015335,0.0012883,0.0012967,0.0014641,0.0012023,0.001407,0.0014414,0.0012629,0.0013802,0.0014196,0.0011238,0.0013712,0.0013781,0.0014138,0.0012344,0.0014826,0.0012767,0.0013821,0.0012639,0.00096437,0.0013808,0.0014404,0.0011532,0.0011478,0.0011245,0.001477,0.0014144,0.0013783,0.0010034,0.00090522,0.0010014,0.0010162,0.0014281,0.0013152,0.001005,0.0012242,0.0010157,0.0010193,0.00087486,0.00086777,0.0011279,0.0011598,0.0013196,0.0012191,1074300.0,1105700.0,792270.0,4276700.0,2284500.0,1150800.0,5856800.0,1513400.0,1879800.0,3242500.0,2966100.0,734830.0,5652900.0,1298400.0,4052200.0,2459600.0,5070500.0,4091400.0,1340500.0,3371900.0,2502600.0,3347400.0,11704000.0,958350.0,6311800.0,749460.0,9101500.0,1591900.0,1841400.0,815570.0,3232100.0,1680500.0,5814300.0,23940000.0,2520900.0,2724900.0,4347000.0,1235900.0,1513400.0,1646200.0,2062700.0,1057700.0,2058300.0,1019200.0,7475600.0,2433400.0,1825600.0,1494000.0,2274900.0,15971000.0,952090.0,7278300.0,3995200.0,706940.0,3910700.0,1079100.0,2657700.0,17679000.0,32102000.0,2373200.0,1720700.0,1532600.0,2840700.0,1036400.0,1926200.0,3409900.0,803840.0,2871900.0,1940600.0,3915400.0,2755300.0,1446400.0,1119200.0,15048000.0,5077600.0,1340600.0,3613400.0,1673300.0,965090.0,2573300.0,3702600.0,1313000.0,893150.0,2116300.0,873820.0,1861100.0,2850800.0,4950200.0,4191200.0,2338500.0,5694300.0,1300700.0,9352900.0,4677300.0,1017700.0,1694700.0,903640.0,1769700.0,3509900.0,9918500.0,1730700.0,16523000.0,1417300.0,9919600.0,1633600.0,3256300.0,1272900.0,1628100.0,12535000.0,5115100.0,2157200.0,3869300.0,2389200.0,1225800.0,656170.0,3373000.0,11659000.0,2413800.0,1291100.0,778800.0,1922000.0,735100.0,1193700.0,2218700.0,8786700.0,4156700.0,2627900.0,3087700.0,2361300.0,1498700.0,773560.0,10411000.0,2404500.0,3548600.0,2073400.0,1371700.0,1031900.0,2014200.0,1052000.0,2853800.0,3921600.0,1159600.0,1477000.0,2103000.0,1521000.0,2210500.0,2422200.0,877170.0,6912100.0,1513500.0,9390500.0,6180200.0,809830.0,10291000.0,814480.0,1274500.0,19279000.0,683650.0,12167000.0,721740.0,5575100.0,3693400.0,3817200.0,2647300.0,5252900.0,4116200.0,4227600.0,964530.0,4135000.0,1638700.0,6369200.0,1506700.0,7610900.0,1080700.0,744550.0,4005200.0,2996600.0,1988300.0,8411500.0,2288700.0,948280.0,1205600.0,3671000.0,3568300.0,1940100.0,1475700.0,747540.0,6807100.0,5275200.0,2336700.0,637470.0,17726000.0,3323000.0,5257900.0,1142200.0,18258000.0,5431600.0,1100100.0,8580600.0,1353300.0,1434500.0,3992400.0,5297000.0,799330.0,1639500.0,973680.0,1778500.0,1568200.0,1456500.0,7851700.0,2342100.0,1425100.0,12280000.0,2793800.0,1238000.0,1263500.0,3260300.0,951930.0,4669600.0,1133200.0,1854600.0,8075300.0,4435100.0,696550.0,1421900.0,10018000.0,5258300.0,5069200.0,15394000.0,3001700.0,1931800.0,2342400.0,2994600.0,3189800.0,1882600.0,1749500.0,2275100.0,1499400.0,7215800.0,652060.0,3656200.0,8296200.0,8910100.0,1863600.0,5378600.0,4029700.0,5011000.0,864140.0,1139900.0,5361500.0,1551600.0,6587500.0,3485200.0,7122400.0,1970700.0,1638700.0,1591200.0,1087700.0,1106100.0,2208100.0,945990.0,5091800.0,3371700.0,4404800.0,3356800.0,2894200.0,2745600.0,15584000.0,14989000.0,6042000.0,4601000.0,2807600.0,6148400.0,3762100.0,1781300.0,2740300.0,1353800.0,4824200.0,3044800.0,1.5292,1.848,4.1694,2.2301,2.4708,3.6653,1.2768,2.2309,4.2232,1.2191,1.9896,4.2259,2.4872,2.6639,4.3105,0.81268,2.0623,4.2178,1.5911,2.5055,3.8875,3.0484,2.844,5.8519,1.2143,2.0109,4.2184,1.7334,1.7189,4.2476,1.2783,2.2452,4.2445,0.8003,2.0501,4.2114,2.9172,2.8415,4.5892,5.6535,2.7675,1.4302,1.2361,2.8362,3.6189,0.90652,2.1539,3.0121,2.522,2.0946,4.4885,1.4666,1.6817,3.8993,0.67168,2.6153,3.8782,1.9553,1.7963,3.4961,1.1343,2.417,3.148,0.32191,2.2889,3.5397,1.8119,1.6536,3.3939,2.0728,2.7614,4.3161,1.8376,1.653,3.3798,1.5461,1.6589,3.9382,0.36344,2.1589,3.1682,2.0514,2.3931,4.4431,1.4764,1.685,3.2295,0.86292,1.9108,2.7643,3.122,2.8412,5.9174,1.9631,1.782,3.4876,0.94169,2.7156,2.8949,1.7573,2.5881,4.0021,0.67614,1.8909,2.7669,1.0905,2.4318,3.0968,1.9162,1.9263,4.4944,1.7539,1.6667,3.8916,0.55058,2.1877,3.799,1.2611,2.4873,3.8168,0.99618,2.1014,3.239,2.5576,2.3173,4.3192,2.0398,2.1849,4.7006,1.5055,1.6669,3.9194,1.8886,1.9534,4.4888,1.47,2.1835,3.2586,0.83221,2.1606,3.1227,2.4444,2.4125,4.3493,1.9679,2.5654,4.8681,1.9345,2.6063,4.851,2.5546,2.3156,4.3065,1.2805,2.5059,3.9223,1.7519,2.2747,4.3379,2.3178,3.0262,4.2136,0.56881,2.438,2.5445,1.4749,2.0362,4.5999,2.0012,3.0445,3.902,0.30871,2.3816,3.3933,1.6877,1.6228,4.0813,0.76501,2.1141,3.0716,2.2533,2.293,4.678,0.6056,2.5119,3.0617,0.92165,2.1671,3.2328,0.071964,2.8955,1.8379,2.0052,2.0894,4.597,2.5384,2.3447,4.2673,2.4608,2.3097,5.1548,2.0476,2.7453,4.2575,1.1202,1.8499,3.983,4.5904,2.9199,0.57681,0.84638,2.1623,3.0233,1.4098,2.1073,4.2705,1.1293,2.1531,3.521,2.1755,2.7069,4.4385,1.6544,1.5912,4.1496,1.1609,2.541,3.0742,0.75355,2.4469,3.7515,2.1397,1.8752,3.7013,1.5105,2.487,3.4781,1.5234,2.5809,3.5768,1.5467,1.6534,4.2772,2.0306,2.7418,4.5341,2.0946,2.7409,4.6185,3.3352,2.8146,6.0868,1.6996,1.6185,4.184,1.7932,1.9723,3.4153,2.3181,2.9608,5.1817,1.1833,2.5522,3.0731,2.6688,2.4262,5.001,0.97919,2.6375,4.1271,1.5265,2.4716,3.5089,1.0558,1.8994,4.0947,1.7163,1.6182,4.0774,1.7999,1.9368,3.4131,6.1404,2.9169,2.9443,2.902,2.2582,4.6173,1.4061,1.957,4.279,1.1968,2.6231,3.3482,1.4592,2.451,3.3762,1.7534,1.9454,3.6901,1.9698,2.4124,4.0173,1.1024,2.3242,3.2156,2.4764,1.9812,5.223,1.1235,2.6582,3.3007,1.4418,2.4824,3.36,0.1768,3.0099,3.191,0.68239,1.8371,2.8544,1.6736,2.0149,4.4925,1.4857,1.8533,4.1681,5.3885,2.8762,1.7287,0.84028,2.1715,2.8634,0.92131,2.6552,4.0994,2.2953,2.5221,3.6665,2.7159,2.3445,4.9429,2.932,2.6344,4.5541,2.06,2.4419,4.5433,2.305,2.148,4.1892,0.74694,2.0943,3.3406,0.46062,2.4335,2.9981,0.55951,2.1761,3.8288,2.463,2.4793,4.5181,0.79217,2.4124,2.9441,1.2853,1.5722,4.3354,1.6636,1.9842,3.4693,0.1873,2.6685,2.1075,3.4073,2.9454,0.19702,0.85235,2.349,2.9919,1.6477,1.655,4.1102,1.5833,1.8434,3.2056,0.77193,2.4054,2.8725,2.1892,2.3309,4.9509,1.2056,2.556,3.1351,1.1564,2.1237,3.5543,0.47462,2.0208,3.2758,1.7063,1.9655,3.4372,2.5201,2.0775,4.0915,2.094,2.1395,4.9694,1.3367,1.735,3.8266,0.73961,1.9908,2.7672,2.1077,2.1482,5.0082,2.2426,2.2366,4.5184,1.5349,2.3632,3.9779,4.1833,2.9666,0.11608,1.8977,2.4237,4.0039,0.74385,1.9783,4.1256,1.2093,2.6169,4.2494,3.4635,2.83,6.1064,1.6651,1.5764,3.2725,0.24092,2.3415,3.3954,5.0596,2.9769,0.94576,0.48103,2.8021,3.246,1.2114,2.5261,3.0117,2.1989,2.1462,4.9668,1.5536,2.0867,4.3895,1.6022,1.6278,3.3394,1.5709,2.9324,3.3122,0.6318,2.3913,2.8266,0.85822,2.4343,2.9951,0.22954,2.6388,3.3411,1.755,2.3539,4.2074,0.54347,2.4298,2.7547,1.0261,2.2534,3.6271,1.3267,1.787,4.3065,0.26159,2.3256,3.4271,1.6197,1.594,3.2772,0.64642,2.3821,2.7994,2.9993,2.8659,5.9893,1.8811,2.5672,4.0066,2.0168,2.2071,4.6002,2.4179,2.7164,5.1863,1.7422,1.9639,3.8526,1.3603,1.8054,3.7198,2.2405,2.1469,4.9929,1.4649,2.6128,3.9879,0.61099,3.0399,2.3651,4.5468,2.9445,0.30479,1.2737,2.7603,4.2609,1.8931,1.9561,3.8912,1.2169,2.6492,2.8252,0.25896,2.7942,2.9043,1.0151,2.9035,4.1749,0.51414,2.4882,2.584,0.7664,1.9913,2.9053,0.53194,2.4514,3.4056,1.6729,2.1975,4.2864,1.1881,2.7617,4.3065,0.65065,1.9962,3.0504,2.0348,1.8585,3.768,1.2884,1.8619,3.6738,2.3844,2.6727,4.8849,1.4437,1.5572,4.1913,1.331,2.1429,3.2035,0.68326,2.0221,3.0544,0.64252,2.3482,2.6246,1.7317,2.3417,4.1582,2.3318,2.6538,4.9412,0.61207,2.0193,3.0283,1.6302,1.7189,3.3147,0.74539,3.0075,2.563,0.55646,2.5162,2.5924,3.1061,2.7425,6.0389,6.166,2.8635,2.5389,4.3558,2.9451,0.068768,2.3762,2.3503,3.7499,1.2703,3.072,4.1488,1.3181,2.3836,3.5035,0.35204,3.0962,3.2124,2.3748,2.2162,3.7811,1.2841,1.8489,3.6773,2.4163,2.3293,4.5921,2.6024,2.6632,4.1231,1.2695,2.7033,4.3376,1.7925,1.9554,3.8649,1.1609,2.776,3.7032,2.3915,2.4149,5.0084,1.5062,2.6316,3.324,2.1779,2.2284,4.0855,0.8337,1.949,3.3814,2.4084,2.3786,3.7869,2.3559,2.3838,3.7441,2.2326,1.9462,4.9778,2.6566,2.2904,4.8113,2.3766,2.2384,3.8031,1.4105,1.5986,3.8748,2.4088,2.6586,4.9583,1.8235,1.9531,3.8854,0.80288,2.1328,4.0622,1.6038,1.8366,4.299,2.376,2.6454,4.9595,1.4588,2.3915,3.2595,5.8963,2.8578,2.1674,1.863,1.7713,3.5082,1.9832,2.9818,4.2644,2.0569,1.9668,4.799,1.1344,2.5974,4.318,1.9313,2.1486,4.9015,1.6376,1.7929,3.9519,1.6133,2.0082,3.3688,1.0863,2.7495,3.6487,0.97964,2.8417,3.8249,1.4803,2.4542,3.8825,1.1523,2.7408,3.679,1.8026,1.7798,4.0889,0.81744,2.4571,2.7907,1.8644,2.0981,4.3931,0.092433,2.7916,2.9135,1.0701,1.9521,4.2975,0.96551,2.3122,3.0444,1.6135,2.4011,4.5754,0.99545,2.0848,2.8332,0.76573,2.0059,2.7127,1.6486,1.7867,3.9547,0.90273,2.4514,2.8357,1.3543,1.5873,3.8389,2.772,2.599,4.6274,1.0676,2.1737,3.6352,1.1527,2.7685,3.6703,1.988,1.9911,4.4744,1.0534,1.9613,4.2514,1.8771,1.6472,3.442,1.6865,2.488,3.9868,2.1854,2.5484,4.9038,2.105,2.3681,3.6547,1.2127,3.0656,3.4523,1.4265,1.4509,4.2434,0.66537,2.9891,3.6403,1.6355,1.7384,4.2372,0.77007,2.0008,2.731,0.61695,2.2085,3.9961,2.6468,2.6003,4.5249,2.0036,2.1162,3.4444,1.3831,2.9062,3.5386,1.0846,2.206,3.6281,2.5345,2.0152,4.4718,1.497,1.7351,4.4211,1.6035,2.5893,3.5751,2.0652,2.2874,4.0664,2.7073,2.3397,4.9859,0.44484,2.517,2.9423
0.080439,0.12711,0.003566,220.47,231.01,203.12,0.0012702,0.0014267,0.0010125,205.53,215.11,214.99,207.15,199.42,197.63,227.97,214.49,238.95,209.36,239.75,256.06,203.4,208.45,208.44,234.31,212.13,220.73,189.43,190.51,278.36,212.6,185.55,227.28,189.12,243.51,223.8,269.78,157.62,240.18,204.27,211.02,167.63,238.97,241.89,291.97,235.02,193.85,244.8,289.52,261.16,169.97,263.28,181.42,236.59,218.55,255.31,244.28,280.48,243.71,244.28,215.41,275.67,274.06,265.23,218.84,253.57,223.13,206.78,304.45,260.65,264.43,281.02,172.49,226.55,202.53,239.44,216.75,262.85,232.02,227.85,204.62,235.8,248.13,205.14,196.33,232.31,233.62,266.88,247.01,228.32,254.39,247.28,215.64,257.44,144.64,255.97,209.66,211.08,223.95,250.25,269.08,234.6,232.14,183.42,205.18,223.9,305.1,217.33,214.87,247.42,270.84,321.23,256.96,261.79,228.25,326.44,264.68,211.89,250.26,244.4,202.82,253.58,235.48,196.59,276.15,244.82,286.64,258.93,272.49,200.32,234.63,280.97,228.37,245.62,208.92,318.18,192.4,275.07,313.25,281.24,244.48,253.93,219.03,213.52,332.86,229.91,270.71,274.62,241.32,255.1,225.32,261.28,291.67,228.71,218.83,314.15,228.98,251.76,235.82,209.22,227.82,293.53,225.15,153.84,241.01,299.59,271.55,217.84,322.6,208.75,233.08,182.31,159.78,217.55,253.41,192.26,272.52,217.62,203.82,236.59,217.18,237.35,186.55,254.4,235.38,219.72,215.77,214.81,280.46,207.65,259.51,329.12,234.54,248.57,225.77,291.26,238.49,223.43,262.9,298.69,233.89,249.1,252.8,241.51,271.47,236.02,235.19,213.69,232.11,222.66,252.25,233.03,243.18,237.72,259.47,235.02,214.52,259.85,261.16,230.73,196.83,195.23,233.07,284.2,204.11,211.78,282.3,217.45,233.92,243.17,228.37,236.14,260.09,260.83,193.37,252.65,200.62,250.23,214.01,241.11,182.9,251.01,252.32,170.78,260.38,215.96,167.56,242.48,185.02,217.71,242.23,185.16,225.64,237.65,196.06,231.76,235.44,226.71,187.78,236.71,206.36,220.55,219.31,167.45,264.59,262.46,206.62,171.77,203.39,266.35,228.64,231.0,220.25,148.56,161.24,202.08,239.8,222.78,216.16,218.77,208.56,190.73,171.49,184.99,228.68,215.2,238.55,220.07,0.00080694,0.0010452,0.0010453,0.0010875,0.00099359,0.0010512,0.0012017,0.00093645,0.0012068,0.00098849,0.0012667,0.0014064,0.0010912,0.0011188,0.0010214,0.001402,0.0012034,0.0012118,0.0012105,0.0011714,0.0016386,0.0013974,0.0011555,0.0015044,0.0013002,0.0014813,0.0012638,0.0015742,0.0011566,0.001597,0.0012286,0.001314,0.0011587,0.0013494,0.0014724,0.0017276,0.0013954,0.0013446,0.001514,0.0015967,0.0014197,0.0010287,0.0016334,0.0012778,0.0014001,0.0013682,0.0015243,0.0013719,0.0015994,0.0014487,0.0012491,0.0013748,0.0016829,0.0014849,0.0015843,0.0014261,0.0014818,0.0014674,0.0014562,0.0018099,0.0017468,0.0016058,0.0016888,0.0013239,0.0015765,0.0013351,0.0016378,0.0015514,0.0016219,0.0014441,0.0016045,0.0014197,0.001401,0.0015756,0.0014453,0.0013719,0.0014096,0.0014954,0.0016934,0.0016395,0.0015453,0.0017063,0.0016005,0.0013625,0.0014656,0.0011624,0.0015556,0.0014803,0.0014133,0.0014068,0.0015569,0.0015302,0.0015763,0.0015753,0.0013067,0.0013846,0.0013932,0.001884,0.0014338,0.001391,0.0014605,0.0016412,0.0019783,0.0015571,0.001701,0.0010401,0.0018154,0.0016591,0.0014935,0.0014655,0.0015866,0.0014427,0.0016517,0.0014531,0.0014016,0.0016833,0.0015705,0.0017204,0.0016593,0.001461,0.0014316,0.001599,0.001666,0.0015893,0.001564,0.001063,0.0019602,0.0013779,0.0011597,0.0019484,0.0017841,0.0016214,0.0016426,0.0013751,0.0014399,0.0014468,0.0016398,0.0016423,0.0016995,0.001552,0.0015955,0.0014872,0.0014269,0.0016982,0.0015883,0.0012995,0.0016589,0.0014335,0.0016396,0.0013569,0.0013356,0.0015215,0.0018757,0.0014538,0.0011879,0.001519,0.0017539,0.0017119,0.0010609,0.0018601,0.0013292,0.0014644,0.0012836,0.0012763,0.0014787,0.0015251,0.001359,0.0016557,0.0014524,0.0014182,0.0015232,0.001227,0.0015512,0.0014482,0.0015762,0.0014778,0.0015767,0.0014737,0.0013857,0.0015875,0.0013436,0.0015908,0.0018513,0.0015376,0.0015683,0.0015955,0.0016685,0.0014809,0.0014767,0.0015251,0.0015827,0.0015454,0.0015136,0.0016537,0.0018101,0.0016422,0.0015103,0.0010563,0.0015043,0.0014508,0.0014894,0.0015581,0.0014905,0.0015708,0.0014296,0.0018846,0.0014698,0.0014852,0.0015597,0.0014565,0.0014416,0.0013616,0.0013414,0.0014019,0.0017215,0.0014159,0.0014093,0.0015828,0.0013909,0.001541,0.0015094,0.0014308,0.0014448,0.0014845,0.0015925,0.0013016,0.0016057,0.0013299,0.0014726,0.0014631,0.0013624,0.0012484,0.0013949,0.0015724,0.0012029,0.001538,0.0012901,0.0013009,0.0014695,0.0012054,0.0014051,0.001447,0.0012681,0.0013831,0.0014235,0.0011259,0.0013755,0.0013824,0.001418,0.0012372,0.0014832,0.0012769,0.0013865,0.0012682,0.00096629,0.0013855,0.0014459,0.001155,0.0011504,0.0011242,0.0014769,0.0014145,0.0013819,0.0010061,0.00090706,0.001,0.0010167,0.0014295,0.0013187,0.0010073,0.0012268,0.0010179,0.0010213,0.00087641,0.00086806,0.0011288,0.0011586,0.0013201,0.0012183,1074300.0,1105700.0,792270.0,4276700.0,2284500.0,1150800.0,5856800.0,1513400.0,1879800.0,3242500.0,2966100.0,734830.0,5652900.0,1298400.0,4052200.0,2459600.0,5070500.0,4091400.0,1340500.0,3371900.0,2502600.0,3347400.0,11704000.0,958350.0,6311800.0,749460.0,9101500.0,1591900.0,1841400.0,815570.0,3232100.0,1680500.0,5814300.0,23940000.0,2520900.0,2724900.0,4347000.0,1235900.0,1513400.0,1646200.0,2062700.0,1057700.0,2058300.0,1019200.0,7475600.0,2433400.0,1825600.0,1494000.0,2274900.0,15971000.0,952090.0,7278300.0,3995200.0,706940.0,3910700.0,1079100.0,2657700.0,17679000.0,32102000.0,2373200.0,1720700.0,1532600.0,2840700.0,1036400.0,1926200.0,3409900.0,803840.0,2871900.0,1940600.0,3915400.0,2755300.0,1446400.0,1119200.0,15048000.0,5077600.0,1340600.0,3613400.0,1673300.0,965090.0,2573300.0,3702600.0,1313000.0,893150.0,2116300.0,873820.0,1861100.0,2850800.0,4950200.0,4191200.0,2338500.0,5694300.0,1300700.0,9352900.0,4677300.0,1017700.0,1694700.0,903640.0,1769700.0,3509900.0,9918500.0,1730700.0,16523000.0,1417300.0,9919600.0,1633600.0,3256300.0,1272900.0,1628100.0,12535000.0,5115100.0,2157200.0,3869300.0,2389200.0,1225800.0,656170.0,3373000.0,11659000.0,2413800.0,1291100.0,778800.0,1922000.0,735100.0,1193700.0,2218700.0,8786700.0,4156700.0,2627900.0,3087700.0,2361300.0,1498700.0,773560.0,10411000.0,2404500.0,3548600.0,2073400.0,1371700.0,1031900.0,2014200.0,1052000.0,2853800.0,3921600.0,1159600.0,1477000.0,2103000.0,1521000.0,2210500.0,2422200.0,877170.0,6912100.0,1513500.0,9390500.0,6180200.0,809830.0,10291000.0,814480.0,1274500.0,19279000.0,683650.0,12167000.0,721740.0,5575100.0,3693400.0,3817200.0,2647300.0,5252900.0,4116200.0,4227600.0,964530.0,4135000.0,1638700.0,6369200.0,1506700.0,7610900.0,1080700.0,744550.0,4005200.0,2996600.0,1988300.0,8411500.0,2288700.0,948280.0,1205600.0,3671000.0,3568300.0,1940100.0,1475700.0,747540.0,6807100.0,5275200.0,2336700.0,637470.0,17726000.0,3323000.0,5257900.0,1142200.0,18258000.0,5431600.0,1100100.0,8580600.0,1353300.0,1434500.0,3992400.0,5297000.0,799330.0,1639500.0,973680.0,1778500.0,1568200.0,1456500.0,7851700.0,2342100.0,1425100.0,12280000.0,2793800.0,1238000.0,1263500.0,3260300.0,951930.0,4669600.0,1133200.0,1854600.0,8075300.0,4435100.0,696550.0,1421900.0,10018000.0,5258300.0,5069200.0,15394000.0,3001700.0,1931800.0,2342400.0,2994600.0,3189800.0,1882600.0,1749500.0,2275100.0,1499400.0,7215800.0,652060.0,3656200.0,8296200.0,8910100.0,1863600.0,5378600.0,4029700.0,5011000.0,864140.0,1139900.0,5361500.0,1551600.0,6587500.0,3485200.0,7122400.0,1970700.0,1638700.0,1591200.0,1087700.0,1106100.0,2208100.0,945990.0,5091800.0,3371700.0,4404800.0,3356800.0,2894200.0,2745600.0,15584000.0,14989000.0,6042000.0,4601000.0,2807600.0,6148400.0,3762100.0,1781300.0,2740300.0,1353800.0,4824200.0,3044800.0,1.5293,1.8482,4.1693,2.2302,2.4709,3.6653,1.2768,2.2311,4.2232,1.2188,1.9896,4.2257,2.4869,2.6639,4.3106,0.81175,2.0623,4.2179,1.5924,2.5058,3.8873,3.0492,2.844,5.8524,1.2139,2.0112,4.2181,1.733,1.7189,4.2476,1.2784,2.2456,4.245,0.79898,2.0499,4.2113,2.9175,2.8415,4.5906,5.6521,2.7673,1.4293,1.2362,2.8359,3.619,0.90539,2.154,3.0118,2.5228,2.0957,4.4896,1.4664,1.6817,3.8991,0.67215,2.6163,3.8781,1.9543,1.797,3.4966,1.1354,2.4164,3.1498,0.32265,2.289,3.539,1.8124,1.6532,3.3941,2.0715,2.76,4.3137,1.8385,1.6527,3.3796,1.5474,1.6585,3.9388,0.3628,2.1594,3.1675,2.0519,2.3939,4.4445,1.4765,1.6853,3.2302,0.86341,1.9114,2.7641,3.1242,2.8411,5.9194,1.9624,1.7824,3.4878,0.94049,2.7156,2.8953,1.756,2.5881,4.0022,0.67696,1.8912,2.7664,1.0907,2.4316,3.0976,1.9165,1.9265,4.4944,1.755,1.6662,3.8915,0.55152,2.1872,3.8004,1.2627,2.4886,3.8177,0.99592,2.1023,3.2382,2.5581,2.3178,4.3199,2.0393,2.1856,4.7011,1.5059,1.6667,3.9195,1.8885,1.9542,4.4887,1.4699,2.1838,3.2584,0.83198,2.1622,3.1211,2.4449,2.4134,4.35,1.9684,2.5646,4.8675,1.9343,2.6066,4.8502,2.5549,2.3161,4.307,1.2804,2.5062,3.9218,1.7532,2.2755,4.3388,2.3214,3.0255,4.2164,0.57014,2.4373,2.5461,1.4736,2.0359,4.5998,1.9998,3.0441,3.8997,0.30727,2.3817,3.3923,1.688,1.6226,4.0812,0.76611,2.1159,3.0711,2.2537,2.2935,4.6786,0.60517,2.5099,3.063,0.91972,2.1689,3.2316,0.07068,2.8956,1.8354,2.0055,2.0915,4.5974,2.5383,2.3457,4.267,2.4562,2.3092,5.1536,2.0456,2.7436,4.2535,1.1209,1.8497,3.9839,4.5895,2.9177,0.57837,0.84548,2.1629,3.0226,1.4118,2.1076,4.2706,1.1306,2.1544,3.5216,2.1728,2.7057,4.4357,1.6536,1.591,4.1495,1.1612,2.5408,3.0745,0.75357,2.4475,3.7511,2.1414,1.8741,3.7006,1.5082,2.4881,3.4783,1.5204,2.5816,3.576,1.5443,1.6527,4.2775,2.029,2.7403,4.5329,2.0936,2.7395,4.6185,3.3356,2.8153,6.0872,1.6994,1.6188,4.1844,1.795,1.9719,3.4148,2.3215,2.961,5.1866,1.184,2.5524,3.0727,2.6701,2.4258,5.0016,0.97906,2.6383,4.1288,1.5245,2.4724,3.5098,1.0522,1.9012,4.0947,1.7181,1.6181,4.0771,1.8032,1.9356,3.4121,6.1346,2.9162,2.9393,2.9022,2.2573,4.6188,1.4082,1.957,4.2806,1.1953,2.6216,3.3488,1.4591,2.4511,3.3768,1.752,1.9444,3.6896,1.971,2.4139,4.0187,1.1024,2.3251,3.2163,2.4751,1.9793,5.2249,1.1206,2.657,3.3003,1.4413,2.4833,3.3602,0.17973,3.0111,3.1921,0.68228,1.8382,2.8532,1.6727,2.0141,4.4945,1.4855,1.8527,4.1692,5.3845,2.8751,1.7252,0.84095,2.1726,2.8652,0.92123,2.6563,4.1012,2.2978,2.5212,3.6674,2.7216,2.3429,4.9433,2.9351,2.6332,4.555,2.0594,2.4407,4.5444,2.3028,2.1494,4.1893,0.74625,2.0974,3.3403,0.4627,2.4328,2.9998,0.55936,2.1772,3.8305,2.4646,2.4784,4.5203,0.79166,2.4122,2.9448,1.2861,1.5719,4.3364,1.6622,1.9834,3.47,0.1902,2.668,2.1077,3.4095,2.945,0.20129,0.85378,2.3467,2.9951,1.6472,1.6555,4.1109,1.5866,1.8446,3.2063,0.77184,2.4043,2.8723,2.1895,2.3303,4.9508,1.2077,2.5563,3.1364,1.159,2.1261,3.5554,0.47273,2.0222,3.2764,1.706,1.9645,3.437,2.5235,2.0773,4.0903,2.0919,2.1393,4.9692,1.338,1.7346,3.8274,0.74052,1.9913,2.7674,2.1066,2.1478,5.0096,2.2403,2.238,4.5197,1.5341,2.3651,3.9785,4.1823,2.9656,0.11503,1.8963,2.4254,4.004,0.74135,1.9785,4.126,1.21,2.6176,4.2499,3.4616,2.8295,6.1066,1.6676,1.5763,3.273,0.24004,2.342,3.3951,5.058,2.9767,0.94346,0.47888,2.8024,3.2461,1.2103,2.5264,3.0126,2.2003,2.1468,4.9676,1.5557,2.0864,4.3908,1.604,1.6279,3.3407,1.5765,2.9326,3.3119,0.63578,2.3901,2.8291,0.85698,2.4334,2.9953,0.22969,2.6396,3.3411,1.7599,2.3566,4.2096,0.54608,2.4297,2.7556,1.0255,2.2553,3.6262,1.3254,1.7865,4.3068,0.2602,2.326,3.4276,1.6223,1.5937,3.2772,0.65109,2.3806,2.8011,2.9987,2.8658,5.9907,1.8778,2.5662,4.0058,2.0173,2.2073,4.6004,2.413,2.7151,5.184,1.7388,1.9637,3.8514,1.3615,1.8049,3.7205,2.2422,2.1467,4.9932,1.4662,2.6118,3.9872,0.6047,3.0391,2.3564,4.5448,2.9436,0.30368,1.2752,2.7625,4.2594,1.8931,1.9565,3.8913,1.2164,2.6498,2.824,0.25618,2.7942,2.903,1.0166,2.904,4.1757,0.51322,2.4874,2.5843,0.76859,1.9931,2.9033,0.53173,2.4524,3.4053,1.6751,2.198,4.2876,1.1859,2.7633,4.3052,0.65133,1.9973,3.0488,2.0364,1.8579,3.7669,1.2912,1.8623,3.6746,2.3826,2.6715,4.8826,1.4452,1.5578,4.1915,1.3297,2.1427,3.2041,0.68424,2.0236,3.0534,0.64557,2.3461,2.6251,1.7335,2.343,4.1588,2.3294,2.6524,4.9404,0.6117,2.0206,3.0265,1.632,1.7186,3.3145,0.74837,3.0069,2.5642,0.55619,2.5162,2.5925,3.1097,2.7422,6.0423,6.1665,2.8636,2.5402,4.3506,2.9441,0.063326,2.3767,2.3488,3.7495,1.2771,3.0716,4.1578,1.3158,2.3857,3.5024,0.34266,3.0964,3.2048,2.3748,2.2156,3.7804,1.2852,1.8487,3.678,2.416,2.3292,4.5927,2.6027,2.6641,4.1252,1.2696,2.7035,4.3377,1.7904,1.9551,3.864,1.1616,2.7755,3.7042,2.3903,2.4134,5.0066,1.5044,2.6315,3.3249,2.1779,2.2294,4.0852,0.83386,1.9497,3.3816,2.4091,2.3777,3.7873,2.3559,2.3832,3.7438,2.2337,1.9474,4.9795,2.6564,2.2904,4.8116,2.3768,2.2384,3.8028,1.411,1.5988,3.8757,2.4076,2.6573,4.9575,1.8222,1.9529,3.885,0.80349,2.1325,4.0641,1.6036,1.8367,4.2997,2.3746,2.6438,4.9591,1.4588,2.3916,3.2595,5.8954,2.8573,2.1666,1.863,1.7708,3.5087,1.9826,2.9807,4.263,2.0579,1.9672,4.7999,1.1352,2.5978,4.3189,1.9325,2.1486,4.9023,1.638,1.7927,3.9515,1.6135,2.0081,3.3682,1.0878,2.7489,3.6503,0.98102,2.8418,3.8253,1.4822,2.4552,3.8832,1.1527,2.7396,3.6794,1.8019,1.7793,4.0888,0.81586,2.457,2.7911,1.8637,2.0987,4.3934,0.09284,2.7915,2.9151,1.0697,1.9519,4.2982,0.96586,2.3116,3.0451,1.6131,2.4012,4.5751,0.99566,2.0847,2.8332,0.76622,2.006,2.7122,1.6492,1.7863,3.9544,0.90235,2.4512,2.837,1.3537,1.5873,3.839,2.772,2.5992,4.6271,1.0673,2.1746,3.6353,1.1532,2.7678,3.6707,1.9883,1.9912,4.4744,1.0527,1.9613,4.2512,1.8776,1.6471,3.4419,1.6871,2.4882,3.9866,2.1867,2.5482,4.9034,2.1041,2.3678,3.6536,1.2129,3.0654,3.4527,1.4261,1.4507,4.2436,0.66627,2.9889,3.6407,1.6357,1.7381,4.2373,0.77058,2.0008,2.7308,0.61566,2.2088,3.9971,2.6459,2.6003,4.5247,2.0038,2.116,3.4445,1.383,2.9058,3.5386,1.0847,2.2064,3.6279,2.5345,2.0155,4.4719,1.4971,1.7351,4.4211,1.6033,2.5893,3.5749,2.0653,2.2874,4.0663,2.7073,2.339,4.9855,0.44486,2.5168,2.9421
0.081729,0.12916,0.0036096,220.97,231.72,203.26,0.001273,0.0014307,0.0010134,205.74,215.42,215.3,207.42,199.74,197.68,228.36,214.86,239.51,209.76,240.14,256.51,203.63,208.94,208.8,235.1,212.45,221.29,189.88,190.64,279.3,213.13,185.89,227.71,189.5,244.17,224.46,270.6,157.92,240.78,204.73,211.38,167.6,239.27,242.39,293.03,235.6,194.06,245.73,290.67,261.99,170.43,263.56,181.61,237.41,219.18,256.28,245.13,281.54,244.48,244.96,216.08,276.91,275.28,266.47,219.54,254.6,223.33,207.21,305.83,261.93,265.49,282.36,172.99,227.36,203.15,239.68,216.93,263.23,232.59,228.67,205.21,236.81,249.27,205.81,197.26,232.92,235.07,267.96,247.67,228.64,255.41,247.98,216.46,258.7,145.66,256.18,209.91,212.06,225.08,251.38,268.96,235.0,232.72,184.85,206.81,224.31,306.06,218.44,215.7,247.87,272.09,322.19,257.29,262.87,232.49,327.81,265.43,212.56,251.42,247.23,203.93,254.69,236.92,198.58,277.6,245.56,287.35,261.03,274.57,201.35,237.44,281.33,229.29,245.88,209.81,320.06,193.61,278.3,314.36,283.18,244.83,256.81,219.84,214.56,338.65,230.29,271.42,275.97,243.33,255.57,226.38,262.49,293.14,229.37,219.24,314.44,228.46,252.85,237.71,209.74,228.66,295.08,225.79,153.99,240.74,300.73,272.21,220.79,324.09,208.76,233.8,182.71,160.92,218.18,254.04,192.75,273.22,219.23,204.06,237.2,218.18,238.39,186.48,254.15,235.79,220.59,216.25,214.56,281.75,208.28,260.78,330.91,234.89,249.41,226.91,292.56,239.61,224.52,264.15,300.02,235.18,250.21,251.58,243.6,272.34,237.0,230.64,214.54,232.77,224.33,254.02,233.4,243.79,238.69,261.62,236.09,215.35,260.4,262.3,231.76,195.22,195.68,233.82,285.49,205.34,212.77,282.33,217.93,234.74,244.06,229.41,236.89,260.83,261.5,193.89,251.34,201.03,251.14,214.46,240.6,182.69,251.72,253.27,170.98,261.05,215.99,168.0,243.23,185.28,217.66,243.08,185.77,226.25,238.27,196.4,232.35,236.04,227.11,187.98,236.73,206.31,221.21,219.95,167.61,265.28,263.24,206.76,172.09,203.32,266.42,228.86,231.54,220.8,148.79,161.17,202.1,239.9,223.49,216.62,219.23,208.95,190.97,171.68,185.01,228.83,215.08,238.79,220.12,0.00080716,0.0010463,0.0010468,0.0010892,0.00099544,0.0010508,0.0012036,0.00093783,0.0012098,0.00099079,0.001269,0.001409,0.001092,0.0011215,0.0010234,0.0014068,0.0012055,0.0012153,0.0012138,0.0011722,0.001644,0.0014008,0.0011579,0.0015079,0.0013029,0.0014865,0.0012681,0.001579,0.0011594,0.0016005,0.0012318,0.001316,0.0011585,0.0013512,0.0014757,0.0017339,0.0013998,0.0013454,0.0015199,0.0016035,0.0014247,0.0010308,0.0016353,0.0012807,0.0014056,0.0013724,0.0015307,0.0013764,0.0016062,0.0014535,0.0012522,0.0013784,0.0016901,0.001491,0.0015915,0.0014304,0.0014876,0.001468,0.0014592,0.0018187,0.0017541,0.0016111,0.001695,0.0013257,0.0015821,0.0013382,0.0016403,0.001553,0.0016251,0.0014468,0.001609,0.0014235,0.0014065,0.0015819,0.0014491,0.0013761,0.0014132,0.001503,0.0016993,0.0016437,0.0015481,0.0017126,0.0016054,0.001365,0.0014707,0.0011686,0.0015528,0.0014823,0.0014173,0.0014134,0.0015632,0.0015302,0.001578,0.0015789,0.0013116,0.0013939,0.0013974,0.00189,0.0014402,0.001396,0.0014577,0.001648,0.0019843,0.001559,0.0017065,0.0010582,0.0018224,0.0016642,0.0014978,0.0014724,0.0016018,0.0014491,0.0016579,0.0014588,0.0014086,0.0016915,0.0015746,0.0017253,0.0016692,0.0014676,0.0014374,0.00161,0.0016704,0.0015964,0.0015665,0.0010649,0.0019703,0.001386,0.0011772,0.0019541,0.0017948,0.0016238,0.0016557,0.001381,0.0014458,0.0014768,0.0016418,0.0016466,0.001706,0.0015606,0.0016006,0.0014931,0.0014329,0.0017073,0.0015941,0.0012994,0.001663,0.0014282,0.0016455,0.0013649,0.0013398,0.001527,0.0018753,0.0014579,0.0011882,0.0015136,0.0017616,0.0017155,0.001072,0.0018677,0.0013293,0.0014684,0.0012864,0.0012819,0.0014792,0.00153,0.0013629,0.0016599,0.0014613,0.0014203,0.001528,0.0012323,0.0015564,0.0014499,0.0015756,0.00148,0.0015828,0.0014781,0.0013846,0.0015933,0.0013468,0.001597,0.0018625,0.00154,0.0015736,0.001602,0.0016754,0.0014865,0.0014821,0.0015318,0.0015885,0.0015527,0.0015205,0.0016506,0.0018175,0.0016471,0.0015162,0.00097903,0.001509,0.0014552,0.0014957,0.0015646,0.001493,0.0015746,0.0014344,0.0018952,0.0014743,0.0014908,0.0015643,0.0014621,0.0014468,0.0013557,0.001344,0.0014068,0.0017287,0.0014222,0.0014152,0.0015858,0.0013934,0.0015454,0.0015156,0.0014361,0.0014494,0.0014901,0.0015967,0.001305,0.0015999,0.0013329,0.001478,0.0014663,0.0013613,0.0012464,0.0013997,0.0015784,0.0012045,0.0015421,0.0012915,0.0013049,0.0014746,0.0012082,0.0014048,0.0014523,0.0012727,0.0013861,0.0014269,0.0011277,0.0013794,0.0013862,0.0014213,0.0012394,0.0014838,0.0012772,0.0013905,0.0012722,0.00096783,0.0013895,0.0014509,0.0011565,0.0011529,0.0011242,0.0014772,0.0014157,0.0013852,0.0010085,0.00090891,0.00099945,0.0010171,0.0014307,0.0013226,0.0010093,0.0012293,0.00102,0.001023,0.00087776,0.00086832,0.0011297,0.0011582,0.0013211,0.0012185,1074300.0,1105700.0,792270.0,4276700.0,2284500.0,1150800.0,5856800.0,1513400.0,1879800.0,3242500.0,2966100.0,734830.0,5652900.0,1298400.0,4052200.0,2459600.0,5070500.0,4091400.0,1340500.0,3371900.0,2502600.0,3347400.0,11704000.0,958350.0,6311800.0,749460.0,9101500.0,1591900.0,1841400.0,815570.0,3232100.0,1680500.0,5814300.0,23940000.0,2520900.0,2724900.0,4347000.0,1235900.0,1513400.0,1646200.0,2062700.0,1057700.0,2058300.0,1019200.0,7475600.0,2433400.0,1825600.0,1494000.0,2274900.0,15971000.0,952090.0,7278300.0,3995200.0,706940.0,3910700.0,1079100.0,2657700.0,17679000.0,32102000.0,2373200.0,1720700.0,1532600.0,2840700.0,1036400.0,1926200.0,3409900.0,803840.0,2871900.0,1940600.0,3915400.0,2755300.0,1446400.0,1119200.0,15048000.0,5077600.0,1340600.0,3613400.0,1673300.0,965090.0,2573300.0,3702600.0,1313000.0,893150.0,2116300.0,873820.0,1861100.0,2850800.0,4950200.0,4191200.0,2338500.0,5694300.0,1300700.0,9352900.0,4677300.0,1017700.0,1694700.0,903640.0,1769700.0,3509900.0,9918500.0,1730700.0,16523000.0,1417300.0,9919600.0,1633600.0,3256300.0,1272900.0,1628100.0,12535000.0,5115100.0,2157200.0,3869300.0,2389200.0,1225800.0,656170.0,3373000.0,11659000.0,2413800.0,1291100.0,778800.0,1922000.0,735100.0,1193700.0,2218700.0,8786700.0,4156700.0,2627900.0,3087700.0,2361300.0,1498700.0,773560.0,10411000.0,2404500.0,3548600.0,2073400.0,1371700.0,1031900.0,2014200.0,1052000.0,2853800.0,3921600.0,1159600.0,1477000.0,2103000.0,1521000.0,2210500.0,2422200.0,877170.0,6912100.0,1513500.0,9390500.0,6180200.0,809830.0,10291000.0,814480.0,1274500.0,19279000.0,683650.0,12167000.0,721740.0,5575100.0,3693400.0,3817200.0,2647300.0,5252900.0,4116200.0,4227600.0,964530.0,4135000.0,1638700.0,6369200.0,1506700.0,7610900.0,1080700.0,744550.0,4005200.0,2996600.0,1988300.0,8411500.0,2288700.0,948280.0,1205600.0,3671000.0,3568300.0,1940100.0,1475700.0,747540.0,6807100.0,5275200.0,2336700.0,637470.0,17726000.0,3323000.0,5257900.0,1142200.0,18258000.0,5431600.0,1100100.0,8580600.0,1353300.0,1434500.0,3992400.0,5297000.0,799330.0,1639500.0,973680.0,1778500.0,1568200.0,1456500.0,7851700.0,2342100.0,1425100.0,12280000.0,2793800.0,1238000.0,1263500.0,3260300.0,951930.0,4669600.0,1133200.0,1854600.0,8075300.0,4435100.0,696550.0,1421900.0,10018000.0,5258300.0,5069200.0,15394000.0,3001700.0,1931800.0,2342400.0,2994600.0,3189800.0,1882600.0,1749500.0,2275100.0,1499400.0,7215800.0,652060.0,3656200.0,8296200.0,8910100.0,1863600.0,5378600.0,4029700.0,5011000.0,864140.0,1139900.0,5361500.0,1551600.0,6587500.0,3485200.0,7122400.0,1970700.0,1638700.0,1591200.0,1087700.0,1106100.0,2208100.0,945990.0,5091800.0,3371700.0,4404800.0,3356800.0,2894200.0,2745600.0,15584000.0,14989000.0,6042000.0,4601000.0,2807600.0,6148400.0,3762100.0,1781300.0,2740300.0,1353800.0,4824200.0,3044800.0,1.5294,1.8484,4.1693,2.2303,2.471,3.6653,1.2768,2.2311,4.2232,1.2186,1.9896,4.2256,2.4866,2.6639,4.3108,0.81104,2.0623,4.2179,1.5934,2.5061,3.8872,3.0497,2.8441,5.8528,1.2136,2.0115,4.2178,1.7328,1.7188,4.2475,1.2784,2.246,4.2454,0.79798,2.0497,4.2113,2.9177,2.8416,4.5918,5.6511,2.7671,1.4286,1.2362,2.8357,3.619,0.90454,2.1541,3.0117,2.5234,2.0965,4.4904,1.4663,1.6817,3.899,0.67249,2.6171,3.878,1.9536,1.7975,3.497,1.1362,2.4159,3.1511,0.32322,2.289,3.5385,1.8127,1.6529,3.3942,2.0706,2.7589,4.3118,1.8392,1.6525,3.3795,1.5484,1.6583,3.9393,0.36233,2.1598,3.1669,2.0523,2.3944,4.4455,1.4766,1.6856,3.2307,0.8638,1.9118,2.764,3.1257,2.8411,5.9209,1.9618,1.7828,3.488,0.93956,2.7156,2.8955,1.7551,2.588,4.0022,0.67758,1.8915,2.766,1.0907,2.4314,3.0981,1.9167,1.9267,4.4944,1.7558,1.6658,3.8914,0.55223,2.1869,3.8015,1.2639,2.4895,3.8184,0.99571,2.103,3.2376,2.5585,2.3182,4.3205,2.0389,2.1861,4.7015,1.5062,1.6665,3.9196,1.8883,1.9548,4.4886,1.4697,2.184,3.2582,0.8318,2.1634,3.1199,2.4452,2.4141,4.3505,1.9687,2.564,4.8671,1.9342,2.6067,4.8497,2.5552,2.3165,4.3074,1.2803,2.5065,3.9213,1.7542,2.2762,4.3395,2.3239,3.0249,4.2183,0.57114,2.4367,2.5474,1.4726,2.0356,4.5998,1.9985,3.0437,3.8978,0.30618,2.3817,3.3916,1.6883,1.6224,4.0811,0.76694,2.1172,3.0707,2.254,2.2939,4.679,0.60482,2.5085,3.0639,0.91825,2.1702,3.2307,0.069831,2.8955,1.8337,2.0057,2.093,4.5977,2.5382,2.3465,4.2668,2.4528,2.3089,5.1527,2.0439,2.7423,4.2504,1.1215,1.8496,3.9844,4.589,2.9161,0.57967,0.84479,2.1633,3.022,1.4131,2.1079,4.2706,1.1316,2.1554,3.5221,2.1708,2.7048,4.4336,1.6529,1.5908,4.1494,1.1615,2.5406,3.0748,0.75358,2.4479,3.7509,2.1427,1.8733,3.7001,1.5065,2.4888,3.4784,1.518,2.5821,3.5753,1.5425,1.6522,4.2778,2.0277,2.7391,4.5319,2.0929,2.7385,4.6184,3.3359,2.8158,6.0874,1.6992,1.6191,4.1847,1.7962,1.9715,3.4144,2.3239,2.9611,5.1901,1.1845,2.5525,3.0724,2.6709,2.4256,5.0019,0.97891,2.6388,4.13,1.5229,2.4729,3.5104,1.0496,1.9025,4.0946,1.7194,1.618,4.0769,1.8057,1.9348,3.4113,6.1303,2.9157,2.9358,2.9024,2.2566,4.6199,1.4097,1.9569,4.2819,1.1941,2.6205,3.3491,1.459,2.4511,3.3772,1.7509,1.9437,3.6891,1.9718,2.415,4.0197,1.1024,2.3258,3.2168,2.4742,1.978,5.2263,1.1184,2.6561,3.2999,1.4408,2.484,3.3603,0.18176,3.012,3.1928,0.68218,1.839,2.8524,1.672,2.0136,4.496,1.4854,1.8523,4.1701,5.3818,2.8742,1.7229,0.84143,2.1734,2.8665,0.92112,2.6571,4.1025,2.2995,2.5206,3.668,2.7258,2.3417,4.9435,2.9373,2.6324,4.5557,2.059,2.4398,4.5451,2.3011,2.1504,4.1893,0.74574,2.0997,3.34,0.46427,2.4323,3.0011,0.55927,2.178,3.8317,2.4658,2.4778,4.522,0.79125,2.4121,2.9452,1.2867,1.5717,4.3372,1.6612,1.9828,3.4704,0.19236,2.6675,2.1079,3.411,2.9448,0.2044,0.85478,2.3449,2.9974,1.6469,1.6559,4.1114,1.589,1.8454,3.2068,0.77172,2.4034,2.8721,2.1897,2.3299,4.9506,1.2092,2.5565,3.1374,1.1608,2.1278,3.5562,0.47129,2.0232,3.2768,1.7058,1.9637,3.4368,2.526,2.0773,4.0895,2.0903,2.1392,4.9689,1.339,1.7343,3.828,0.7412,1.9916,2.7676,2.1058,2.1476,5.0106,2.2385,2.239,4.5206,1.5334,2.3665,3.9788,4.1818,2.9648,0.11445,1.8952,2.4267,4.004,0.7395,1.9786,4.1263,1.2105,2.618,4.2501,3.4602,2.8292,6.1069,1.6694,1.5762,3.2733,0.23941,2.3423,3.3948,5.0566,2.9767,0.94162,0.47724,2.8027,3.2461,1.2095,2.5266,3.0132,2.2014,2.1473,4.9682,1.5572,2.0862,4.3917,1.6053,1.628,3.3417,1.5803,2.9328,3.3114,0.63865,2.3892,2.831,0.85602,2.4327,2.9954,0.22983,2.6401,3.3412,1.7635,2.3586,4.2112,0.54801,2.4296,2.7563,1.0251,2.2566,3.6255,1.3244,1.7861,4.3069,0.25919,2.3263,3.428,1.6241,1.5934,3.2771,0.6545,2.3795,2.8022,2.9983,2.8657,5.9917,1.8752,2.5655,4.0051,2.0176,2.2075,4.6005,2.4094,2.7142,5.1823,1.7363,1.9636,3.8505,1.3624,1.8046,3.7209,2.2435,2.1466,4.9933,1.467,2.611,3.9865,0.6002,3.0385,2.3501,4.5436,2.9429,0.3031,1.2763,2.764,4.2582,1.893,1.9567,3.8914,1.2159,2.6502,2.8231,0.25407,2.7942,2.9019,1.0177,2.9043,4.1762,0.51251,2.4867,2.5845,0.77022,1.9944,2.9019,0.53154,2.4532,3.405,1.6768,2.1983,4.2883,1.1843,2.7645,4.3041,0.65184,1.9981,3.0475,2.0375,1.8575,3.766,1.2933,1.8626,3.6751,2.3812,2.6707,4.8808,1.4464,1.5582,4.1917,1.3287,2.1426,3.2045,0.68497,2.0247,3.0525,0.64774,2.3446,2.6254,1.7348,2.344,4.1592,2.3276,2.6513,4.9398,0.61142,2.0216,3.0251,1.6334,1.7184,3.3145,0.75055,3.0065,2.5651,0.55594,2.5162,2.5925,3.1124,2.7421,6.0448,6.1671,2.8636,2.5415,4.3469,2.9433,0.059471,2.377,2.3478,3.7492,1.282,3.0713,4.1642,1.3141,2.3873,3.5017,0.33572,3.0966,3.1993,2.3747,2.2153,3.7799,1.2859,1.8486,3.6785,2.4158,2.3291,4.5932,2.6029,2.6647,4.1268,1.2697,2.7037,4.3377,1.7887,1.955,3.8632,1.1621,2.7751,3.7049,2.3894,2.4124,5.0052,1.5029,2.6314,3.3255,2.1778,2.2302,4.0849,0.83393,1.9502,3.3818,2.4096,2.3771,3.7877,2.3558,2.3827,3.7436,2.2345,1.9483,4.9808,2.6562,2.2903,4.8118,2.377,2.2384,3.8027,1.4114,1.599,3.8763,2.4067,2.6564,4.9569,1.8211,1.9528,3.8846,0.80395,2.1323,4.0656,1.6035,1.8368,4.3003,2.3735,2.6427,4.9588,1.4588,2.3916,3.2595,5.8948,2.8569,2.166,1.863,1.7704,3.5091,1.9821,2.9799,4.2619,2.0587,1.9675,4.8006,1.1358,2.5981,4.3196,1.9334,2.1487,4.9029,1.6382,1.7925,3.9513,1.6137,2.0081,3.3678,1.0888,2.7484,3.6515,0.98202,2.8419,3.8255,1.4835,2.4559,3.8838,1.153,2.7386,3.6796,1.8013,1.7789,4.0887,0.81467,2.4569,2.7914,1.8632,2.0992,4.3936,0.093096,2.7913,2.9163,1.0694,1.9518,4.2988,0.96611,2.3112,3.0457,1.6127,2.4013,4.5749,0.99581,2.0846,2.8332,0.76659,2.0061,2.7118,1.6497,1.786,3.9542,0.90204,2.4511,2.838,1.3532,1.5872,3.839,2.7719,2.5993,4.6269,1.067,2.1753,3.6354,1.1536,2.7672,3.6709,1.9885,1.9913,4.4744,1.0521,1.9612,4.2511,1.878,1.6471,3.4418,1.6875,2.4883,3.9864,2.1876,2.548,4.9031,2.1034,2.3676,3.6528,1.213,3.0653,3.4529,1.4258,1.4505,4.2437,0.66696,2.9887,3.6411,1.6358,1.7378,4.2373,0.77097,2.0008,2.7306,0.61469,2.209,3.9979,2.6453,2.6002,4.5246,2.004,2.1158,3.4446,1.3829,2.9055,3.5385,1.0847,2.2066,3.6278,2.5346,2.0158,4.472,1.4972,1.7351,4.4211,1.6032,2.5892,3.5748,2.0654,2.2874,4.0663,2.7072,2.3385,4.9851,0.44489,2.5165,2.9419
0.082591,0.13052,0.0036394,221.36,232.25,203.44,0.0012753,0.0014337,0.0010144,205.93,215.68,215.64,207.72,200.07,197.88,228.64,215.12,239.95,210.1,240.52,256.91,203.86,209.33,209.14,235.69,212.7,221.77,190.23,190.8,280.04,213.5,186.16,228.04,189.78,244.67,224.94,271.21,158.15,241.22,205.06,211.65,167.67,239.59,242.76,293.76,236.03,194.27,246.45,291.49,262.57,170.76,263.86,181.76,237.97,219.61,256.93,245.71,282.32,245.01,245.46,216.55,277.7,276.04,267.32,220.07,255.25,223.58,207.53,306.76,262.81,266.17,283.24,173.33,227.87,203.54,239.83,217.09,263.52,232.95,229.28,205.66,237.61,250.07,206.26,197.94,233.4,236.14,268.65,248.21,228.88,256.07,248.48,217.06,259.55,146.48,256.48,210.09,212.99,225.89,252.18,269.09,235.27,233.17,186.15,207.84,224.63,306.72,219.15,216.25,248.55,272.98,322.93,257.58,263.54,235.64,328.83,265.98,212.99,252.16,249.12,204.78,255.39,238.19,199.87,278.59,246.16,287.85,262.87,276.01,202.02,239.46,281.6,229.85,246.21,210.76,321.36,194.4,280.6,315.2,284.43,245.23,258.79,220.35,215.37,342.79,230.9,271.89,276.93,244.63,256.11,227.07,263.35,294.22,229.75,220.24,314.61,228.42,253.75,239.42,210.08,229.23,296.2,226.21,154.1,240.78,301.51,272.7,222.91,325.12,208.81,234.33,182.95,161.72,218.67,254.48,193.09,273.76,220.4,204.16,237.58,218.89,239.26,186.68,254.11,236.13,221.17,216.5,214.47,282.56,208.8,261.59,331.98,235.16,250.06,227.54,293.47,240.4,225.06,264.97,300.88,236.07,250.96,251.13,244.96,272.89,237.63,228.65,215.06,233.18,225.32,254.98,233.68,244.23,239.25,263.04,236.77,215.93,260.7,263.07,232.43,194.42,195.99,234.34,286.36,206.2,213.38,282.33,218.24,235.34,244.67,230.13,237.43,261.36,261.98,194.23,251.03,201.35,251.77,214.84,240.34,182.73,252.33,253.95,171.12,261.54,216.14,168.34,243.81,185.55,217.81,243.73,186.22,226.7,238.75,196.66,232.83,236.64,227.55,188.27,236.93,206.44,221.7,220.51,167.88,265.75,263.95,207.04,172.44,203.42,266.64,229.2,231.96,221.21,149.01,161.25,202.28,240.13,223.95,216.97,219.62,209.36,191.3,171.97,185.15,229.08,215.14,239.11,220.31,0.00080801,0.0010477,0.0010484,0.0010911,0.00099716,0.0010511,0.0012053,0.00093911,0.0012124,0.00099267,0.0012711,0.0014114,0.0010927,0.0011238,0.0010254,0.0014104,0.0012073,0.0012182,0.0012161,0.0011733,0.0016484,0.0014032,0.0011597,0.0015106,0.0013049,0.0014902,0.0012711,0.0015825,0.0011615,0.0016031,0.0012342,0.0013176,0.0011589,0.0013529,0.0014782,0.0017383,0.0014029,0.0013465,0.0015244,0.0016086,0.0014283,0.0010322,0.0016374,0.0012828,0.0014093,0.0013753,0.0015352,0.0013794,0.0016111,0.0014569,0.0012545,0.0013811,0.0016947,0.0014948,0.0015965,0.0014335,0.0014912,0.0014693,0.0014615,0.0018247,0.001759,0.0016146,0.0016995,0.001327,0.0015858,0.0013404,0.0016419,0.0015541,0.0016275,0.0014488,0.0016123,0.0014263,0.0014109,0.0015863,0.0014516,0.0013794,0.0014161,0.0015086,0.001703,0.0016468,0.0015501,0.0017167,0.0016089,0.001367,0.0014742,0.0011736,0.0015523,0.0014835,0.0014213,0.0014182,0.0015678,0.001532,0.0015793,0.0015818,0.0013162,0.0013999,0.0014005,0.0018941,0.0014444,0.0013993,0.0014591,0.0016529,0.0019885,0.0015607,0.0017101,0.0010723,0.0018278,0.0016677,0.0015005,0.001477,0.0016122,0.0014542,0.0016619,0.0014645,0.0014141,0.0016975,0.0015778,0.0017288,0.0016779,0.0014732,0.0014412,0.0016186,0.0016736,0.0016007,0.0015694,0.0010683,0.0019772,0.0013912,0.0011897,0.0019582,0.0018015,0.0016265,0.001666,0.0013847,0.0014501,0.0014966,0.0016453,0.0016494,0.0017106,0.0015667,0.0016052,0.0014968,0.0014372,0.0017141,0.0015978,0.0013035,0.0016659,0.001427,0.0016508,0.0013737,0.0013424,0.0015309,0.0018765,0.0014606,0.0011886,0.0015126,0.001767,0.0017182,0.00108,0.001873,0.0013297,0.0014713,0.0012883,0.001286,0.0014806,0.0015334,0.0013655,0.0016631,0.0014675,0.0014216,0.0015312,0.0012362,0.0015608,0.0014519,0.0015762,0.0014819,0.0015864,0.0014802,0.0013841,0.0015968,0.0013493,0.0016009,0.0018694,0.0015418,0.0015776,0.0016055,0.0016803,0.0014905,0.0014848,0.0015362,0.0015922,0.0015576,0.0015253,0.0016495,0.0018225,0.0016503,0.0015202,0.00094477,0.0015118,0.001458,0.0014996,0.0015684,0.0014948,0.0015776,0.0014371,0.001902,0.001477,0.0014946,0.0015667,0.0014658,0.0014501,0.001353,0.0013456,0.0014101,0.0017337,0.0014266,0.0014189,0.0015875,0.0013951,0.0015485,0.0015199,0.0014398,0.0014526,0.0014939,0.0015997,0.0013071,0.0015987,0.0013351,0.0014816,0.0014687,0.0013609,0.0012462,0.0014036,0.0015828,0.0012058,0.0015452,0.001293,0.0013078,0.0014784,0.0012108,0.0014058,0.0014562,0.0012761,0.0013884,0.0014296,0.0011293,0.0013826,0.0013898,0.0014246,0.0012418,0.0014855,0.0012785,0.0013936,0.0012757,0.0009698,0.0013925,0.0014553,0.0011585,0.0011556,0.0011252,0.0014785,0.0014175,0.0013878,0.0010106,0.0009107,0.00099989,0.0010183,0.0014325,0.0013251,0.0010112,0.0012318,0.0010225,0.0010252,0.00087963,0.00086941,0.0011312,0.0011586,0.0013227,0.0012196,1074300.0,1105700.0,792270.0,4276700.0,2284500.0,1150800.0,5856800.0,1513400.0,1879800.0,3242500.0,2966100.0,734830.0,5652900.0,1298400.0,4052200.0,2459600.0,5070500.0,4091400.0,1340500.0,3371900.0,2502600.0,3347400.0,11704000.0,958350.0,6311800.0,749460.0,9101500.0,1591900.0,1841400.0,815570.0,3232100.0,1680500.0,5814300.0,23940000.0,2520900.0,2724900.0,4347000.0,1235900.0,1513400.0,1646200.0,2062700.0,1057700.0,2058300.0,1019200.0,7475600.0,2433400.0,1825600.0,1494000.0,2274900.0,15971000.0,952090.0,7278300.0,3995200.0,706940.0,3910700.0,1079100.0,2657700.0,17679000.0,32102000.0,2373200.0,1720700.0,1532600.0,2840700.0,1036400.0,1926200.0,3409900.0,803840.0,2871900.0,1940600.0,3915400.0,2755300.0,1446400.0,1119200.0,15048000.0,5077600.0,1340600.0,3613400.0,1673300.0,965090.0,2573300.0,3702600.0,1313000.0,893150.0,2116300.0,873820.0,1861100.0,2850800.0,4950200.0,4191200.0,2338500.0,5694300.0,1300700.0,9352900.0,4677300.0,1017700.0,1694700.0,903640.0,1769700.0,3509900.0,9918500.0,1730700.0,16523000.0,1417300.0,9919600.0,1633600.0,3256300.0,1272900.0,1628100.0,12535000.0,5115100.0,2157200.0,3869300.0,2389200.0,1225800.0,656170.0,3373000.0,11659000.0,2413800.0,1291100.0,778800.0,1922000.0,735100.0,1193700.0,2218700.0,8786700.0,4156700.0,2627900.0,3087700.0,2361300.0,1498700.0,773560.0,10411000.0,2404500.0,3548600.0,2073400.0,1371700.0,1031900.0,2014200.0,1052000.0,2853800.0,3921600.0,1159600.0,1477000.0,2103000.0,1521000.0,2210500.0,2422200.0,877170.0,6912100.0,1513500.0,9390500.0,6180200.0,809830.0,10291000.0,814480.0,1274500.0,19279000.0,683650.0,12167000.0,721740.0,5575100.0,3693400.0,3817200.0,2647300.0,5252900.0,4116200.0,4227600.0,964530.0,4135000.0,1638700.0,6369200.0,1506700.0,7610900.0,1080700.0,744550.0,4005200.0,2996600.0,1988300.0,8411500.0,2288700.0,948280.0,1205600.0,3671000.0,3568300.0,1940100.0,1475700.0,747540.0,6807100.0,5275200.0,2336700.0,637470.0,17726000.0,3323000.0,5257900.0,1142200.0,18258000.0,5431600.0,1100100.0,8580600.0,1353300.0,1434500.0,3992400.0,5297000.0,799330.0,1639500.0,973680.0,1778500.0,1568200.0,1456500.0,7851700.0,2342100.0,1425100.0,12280000.0,2793800.0,1238000.0,1263500.0,3260300.0,951930.0,4669600.0,1133200.0,1854600.0,8075300.0,4435100.0,696550.0,1421900.0,10018000.0,5258300.0,5069200.0,15394000.0,3001700.0,1931800.0,2342400.0,2994600.0,3189800.0,1882600.0,1749500.0,2275100.0,1499400.0,7215800.0,652060.0,3656200.0,8296200.0,8910100.0,1863600.0,5378600.0,4029700.0,5011000.0,864140.0,1139900.0,5361500.0,1551600.0,6587500.0,3485200.0,7122400.0,1970700.0,1638700.0,1591200.0,1087700.0,1106100.0,2208100.0,945990.0,5091800.0,3371700.0,4404800.0,3356800.0,2894200.0,2745600.0,15584000.0,14989000.0,6042000.0,4601000.0,2807600.0,6148400.0,3762100.0,1781300.0,2740300.0,1353800.0,4824200.0,3044800.0,1.5295,1.8485,4.1692,2.2303,2.4711,3.6652,1.2768,2.2312,4.2232,1.2184,1.9896,4.2255,2.4865,2.6639,4.3108,0.81058,2.0623,4.218,1.5941,2.5063,3.8872,3.0501,2.8441,5.8531,1.2134,2.0117,4.2177,1.7326,1.7188,4.2475,1.2785,2.2462,4.2456,0.7973,2.0495,4.2112,2.9179,2.8416,4.5925,5.6504,2.7669,1.4282,1.2363,2.8356,3.6191,0.90396,2.1542,3.0116,2.5239,2.097,4.4909,1.4662,1.6817,3.899,0.67274,2.6177,3.878,1.9531,1.7978,3.4973,1.1367,2.4156,3.152,0.32358,2.2891,3.5382,1.813,1.6527,3.3943,2.07,2.7582,4.3107,1.8397,1.6523,3.3794,1.5491,1.6581,3.9396,0.36201,2.1601,3.1665,2.0526,2.3948,4.4461,1.4766,1.6857,3.2311,0.86405,1.9122,2.7639,3.1268,2.8411,5.9219,1.9615,1.783,3.4882,0.93898,2.7156,2.8956,1.7544,2.588,4.0022,0.67799,1.8917,2.7657,1.0908,2.4313,3.0985,1.9168,1.9268,4.4944,1.7563,1.6656,3.8914,0.55271,2.1867,3.8023,1.2647,2.4901,3.8189,0.99558,2.1034,3.2372,2.5587,2.3185,4.3209,2.0386,2.1865,4.7018,1.5064,1.6664,3.9197,1.8882,1.9552,4.4886,1.4697,2.1841,3.2581,0.83167,2.1643,3.1191,2.4454,2.4146,4.3508,1.9689,2.5636,4.8668,1.9342,2.6068,4.8493,2.5554,2.3167,4.3077,1.2803,2.5067,3.921,1.7549,2.2766,4.34,2.3257,3.0246,4.2198,0.57181,2.4364,2.5482,1.472,2.0354,4.5998,1.998,3.0435,3.8967,0.30549,2.3817,3.3911,1.6885,1.6224,4.081,0.7675,2.1181,3.0705,2.2542,2.2942,4.6793,0.60461,2.5075,3.0645,0.9173,2.1711,3.2301,0.069143,2.8956,1.8324,2.0059,2.094,4.5979,2.5382,2.347,4.2667,2.4506,2.3087,5.1521,2.0429,2.7415,4.2484,1.1218,1.8495,3.9849,4.5886,2.915,0.5804,0.84436,2.1637,3.0216,1.4141,2.1081,4.2707,1.1323,2.1561,3.5224,2.1695,2.7042,4.4323,1.6525,1.5906,4.1493,1.1617,2.5405,3.075,0.75357,2.4482,3.7507,2.1436,1.8727,3.6997,1.5054,2.4894,3.4785,1.5165,2.5824,3.5749,1.5414,1.6518,4.2779,2.0269,2.7384,4.5313,2.0924,2.7378,4.6184,3.3361,2.8161,6.0877,1.6992,1.6192,4.1849,1.7971,1.9713,3.4142,2.3257,2.9611,5.1926,1.1848,2.5527,3.0722,2.6715,2.4254,5.0022,0.97887,2.6392,4.1308,1.5219,2.4733,3.5108,1.0478,1.9034,4.0945,1.7203,1.618,4.0768,1.8073,1.9343,3.4108,6.1274,2.9154,2.9333,2.9025,2.2561,4.6207,1.4107,1.9569,4.2827,1.1934,2.6198,3.3494,1.4589,2.4512,3.3775,1.7503,1.9432,3.6889,1.9723,2.4157,4.0205,1.1025,2.3263,3.2172,2.4737,1.9771,5.2273,1.117,2.6555,3.2998,1.4405,2.4845,3.3604,0.18288,3.0126,3.193,0.68211,1.8396,2.8518,1.6716,2.0132,4.497,1.4854,1.852,4.1706,5.3798,2.8736,1.7211,0.84175,2.1739,2.8673,0.92109,2.6576,4.1034,2.3007,2.5201,3.6684,2.7285,2.3409,4.9438,2.9389,2.6318,4.5561,2.0587,2.4392,4.5457,2.3,2.1511,4.1893,0.74542,2.1013,3.3399,0.46535,2.432,3.0019,0.55921,2.1785,3.8326,2.4666,2.4773,4.5231,0.79102,2.412,2.9455,1.2871,1.5716,4.3377,1.6605,1.9825,3.4708,0.19377,2.6673,2.1081,3.412,2.9446,0.2064,0.85546,2.3438,2.9989,1.6467,1.6562,4.1118,1.5906,1.846,3.2072,0.77167,2.4029,2.8721,2.1898,2.3295,4.9506,1.2103,2.5566,3.1381,1.1621,2.129,3.5568,0.47033,2.0239,3.2772,1.7058,1.9632,3.4367,2.5277,2.0772,4.089,2.0894,2.1392,4.9688,1.3396,1.7341,3.8284,0.74166,1.9919,2.7678,2.1053,2.1475,5.0114,2.2374,2.2397,4.5213,1.533,2.3674,3.9791,4.1811,2.9642,0.11378,1.8945,2.4275,4.0041,0.7383,1.9788,4.1265,1.2108,2.6183,4.2503,3.4592,2.829,6.1069,1.6706,1.5761,3.2736,0.23902,2.3425,3.3946,5.0554,2.9766,0.94005,0.47622,2.8029,3.2462,1.2089,2.5268,3.0137,2.202,2.1476,4.9686,1.5583,2.0861,4.3923,1.6062,1.628,3.3424,1.583,2.9329,3.3113,0.64056,2.3886,2.8322,0.85546,2.4323,2.9956,0.22998,2.6405,3.3413,1.766,2.3599,4.2123,0.5493,2.4295,2.7568,1.0248,2.2575,3.6251,1.3238,1.7858,4.3071,0.25855,2.3265,3.4283,1.6253,1.5933,3.2772,0.65676,2.3788,2.803,2.998,2.8657,5.9924,1.8736,2.565,4.0047,2.0178,2.2076,4.6006,2.407,2.7136,5.1812,1.7347,1.9635,3.8499,1.363,1.8043,3.7213,2.2443,2.1465,4.9934,1.4676,2.6105,3.9862,0.59731,3.0382,2.3461,4.5425,2.9425,0.30247,1.2771,2.7651,4.2575,1.893,1.9569,3.8914,1.2157,2.6506,2.8226,0.25273,2.7943,2.9013,1.0185,2.9045,4.1767,0.5121,2.4863,2.5846,0.77132,1.9954,2.9009,0.53149,2.4536,3.4049,1.678,2.1986,4.2889,1.1832,2.7653,4.3035,0.65219,1.9987,3.0466,2.0383,1.8572,3.7655,1.2947,1.8628,3.6755,2.3802,2.6701,4.8797,1.4472,1.5585,4.1918,1.328,2.1425,3.2048,0.68547,2.0255,3.052,0.64913,2.3437,2.6255,1.7357,2.3446,4.1595,2.3264,2.6505,4.9395,0.61125,2.0223,3.0242,1.6342,1.7184,3.3144,0.75211,3.0062,2.5659,0.55582,2.5162,2.5926,3.1142,2.7419,6.0465,6.1675,2.8637,2.5424,4.3442,2.9429,0.056705,2.3773,2.347,3.749,1.2855,3.0711,4.1688,1.3131,2.3883,3.5012,0.3313,3.0967,3.1958,2.3747,2.215,3.7795,1.2864,1.8485,3.6789,2.4156,2.329,4.5935,2.603,2.6652,4.1278,1.2698,2.7038,4.3378,1.7877,1.9548,3.8628,1.1625,2.7748,3.7055,2.3887,2.4116,5.0043,1.502,2.6314,3.3259,2.1778,2.2307,4.0847,0.83395,1.9506,3.3819,2.4099,2.3767,3.7878,2.3558,2.3824,3.7434,2.2351,1.9489,4.9817,2.656,2.2903,4.812,2.3772,2.2384,3.8026,1.4116,1.5991,3.8768,2.406,2.6557,4.9565,1.8204,1.9527,3.8844,0.80426,2.1322,4.0665,1.6034,1.8368,4.3007,2.3727,2.6419,4.9586,1.4587,2.3917,3.2594,5.8943,2.8566,2.1656,1.863,1.7701,3.5094,1.9818,2.9793,4.2612,2.0592,1.9677,4.8011,1.1362,2.5983,4.32,1.9341,2.1487,4.9033,1.6383,1.7924,3.9512,1.6138,2.008,3.3675,1.0896,2.7481,3.6524,0.9827,2.8419,3.8257,1.4844,2.4564,3.8842,1.1533,2.738,3.6798,1.8009,1.7786,4.0886,0.81389,2.4569,2.7916,1.8628,2.0995,4.3937,0.093325,2.7913,2.9172,1.0692,1.9517,4.2991,0.96629,2.3109,3.0461,1.6125,2.4014,4.5748,0.99592,2.0845,2.8333,0.76685,2.0061,2.7115,1.6501,1.7858,3.9541,0.90186,2.451,2.8387,1.3529,1.5872,3.839,2.7719,2.5994,4.6268,1.0669,2.1757,3.6354,1.1539,2.7668,3.6711,1.9886,1.9913,4.4744,1.0518,1.9612,4.251,1.8782,1.6471,3.4417,1.6878,2.4884,3.9863,2.1883,2.5479,4.9029,2.103,2.3675,3.6523,1.2132,3.0652,3.4531,1.4255,1.4504,4.2438,0.6674,2.9886,3.6413,1.6359,1.7377,4.2374,0.77123,2.0008,2.7305,0.61405,2.2091,3.9984,2.6448,2.6002,4.5245,2.0041,2.1157,3.4446,1.3828,2.9053,3.5385,1.0847,2.2068,3.6277,2.5346,2.016,4.472,1.4973,1.7351,4.4211,1.6031,2.5892,3.5748,2.0654,2.2874,4.0662,2.7072,2.3382,4.9849,0.4449,2.5164,2.9418
0.083883,0.13257,0.0036836,221.82,232.91,203.56,0.0012779,0.0014374,0.0010152,206.1,215.94,215.95,207.99,200.41,197.87,228.98,215.41,240.46,210.47,240.94,257.34,204.03,209.79,209.48,236.41,212.99,222.31,190.67,190.87,280.92,214.0,186.48,228.44,190.14,245.26,225.57,271.99,158.42,241.83,205.51,211.98,167.59,239.84,243.21,294.73,236.55,194.51,247.3,292.56,263.32,171.21,264.07,181.92,238.67,220.18,257.8,246.47,283.28,245.72,246.09,217.2,278.8,277.19,268.39,220.67,256.16,223.74,207.96,307.99,263.96,267.2,284.41,173.83,228.56,204.11,239.98,217.3,263.9,233.5,230.05,206.24,238.56,251.09,206.88,198.78,234.0,237.38,269.47,248.76,229.23,257.02,249.22,217.8,260.65,147.41,256.63,210.49,214.01,226.93,253.15,268.93,235.69,233.75,187.58,209.29,225.0,307.54,220.19,217.01,249.41,274.14,323.79,257.82,264.67,239.36,330.06,266.81,213.68,253.39,251.64,205.81,256.44,239.72,201.54,279.97,246.82,288.6,265.08,277.75,203.01,242.01,282.0,230.71,246.6,211.56,323.02,195.61,283.33,316.27,286.32,245.68,261.68,221.16,216.45,347.87,231.38,272.53,278.28,246.56,256.62,228.0,264.61,295.69,230.41,220.62,315.17,228.23,254.82,241.22,210.68,230.02,297.74,226.85,154.32,240.64,302.55,273.28,225.69,326.42,208.84,235.08,183.36,162.82,219.21,255.07,193.57,274.48,221.97,204.39,238.11,219.89,240.32,186.49,253.93,236.57,221.96,216.97,214.23,283.77,209.38,262.7,333.58,235.51,250.85,228.43,294.68,241.35,226.11,266.12,302.1,237.2,251.97,249.93,246.94,273.63,238.5,223.23,215.88,233.77,227.04,256.88,234.04,244.8,240.05,264.84,237.77,216.72,261.13,264.12,233.37,192.91,196.4,235.07,287.51,207.32,214.35,282.25,218.63,236.09,245.44,231.17,238.13,262.02,262.64,194.68,249.78,201.73,252.6,215.31,239.81,182.51,253.04,254.85,171.29,262.19,216.18,168.74,244.54,185.74,217.67,244.52,186.82,227.21,239.39,197.01,233.38,237.27,228.03,188.53,236.96,206.42,222.34,221.15,168.11,266.42,264.73,207.25,172.77,203.34,266.73,229.35,232.49,221.75,149.24,161.18,202.37,240.26,224.51,217.41,220.05,209.76,191.58,172.2,185.18,229.27,215.03,239.32,220.32,0.00080826,0.0010487,0.0010497,0.0010928,0.00099887,0.0010502,0.0012071,0.00094026,0.0012151,0.00099466,0.0012734,0.001414,0.001093,0.0011263,0.0010272,0.0014147,0.0012092,0.0012215,0.0012192,0.0011737,0.0016536,0.0014065,0.001162,0.0015138,0.0013074,0.001495,0.0012751,0.0015869,0.0011642,0.0016066,0.0012373,0.0013194,0.0011583,0.0013542,0.0014811,0.0017441,0.0014067,0.0013476,0.0015295,0.0016149,0.0014325,0.0010341,0.0016388,0.0012855,0.0014139,0.0013793,0.0015408,0.0013835,0.0016172,0.0014613,0.0012574,0.0013844,0.0017011,0.0015007,0.0016026,0.0014374,0.0014966,0.0014698,0.0014646,0.0018326,0.0017657,0.0016198,0.0017049,0.001329,0.0015906,0.0013432,0.0016434,0.0015557,0.0016306,0.0014512,0.0016164,0.0014299,0.0014159,0.0015917,0.0014551,0.0013831,0.0014194,0.0015151,0.0017078,0.00165,0.0015529,0.001722,0.0016133,0.0013691,0.0014788,0.0011791,0.0015496,0.0014861,0.0014252,0.0014241,0.0015732,0.0015313,0.0015813,0.0015851,0.0013205,0.0014084,0.0014044,0.0018992,0.0014504,0.0014037,0.0014591,0.0016591,0.0019937,0.0015621,0.0017162,0.0010889,0.001834,0.0016733,0.001505,0.001484,0.0016257,0.0014603,0.0016676,0.0014715,0.0014203,0.0017054,0.0015813,0.0017337,0.0016879,0.0014794,0.0014471,0.0016289,0.0016784,0.001608,0.0015728,0.0010703,0.0019862,0.0013994,0.001205,0.001964,0.001812,0.0016296,0.0016785,0.0013906,0.0014562,0.0015211,0.0016485,0.0016538,0.0017171,0.0015749,0.0016095,0.0015019,0.0014433,0.0017231,0.0016029,0.001304,0.0016714,0.0014241,0.0016567,0.0013818,0.0013469,0.0015362,0.001877,0.0014648,0.0011896,0.0015087,0.001774,0.0017218,0.0010911,0.0018799,0.0013298,0.0014756,0.0012913,0.001291,0.0014814,0.001538,0.0013693,0.0016669,0.0014756,0.0014237,0.0015357,0.0012413,0.0015659,0.0014524,0.0015759,0.0014843,0.0015923,0.0014844,0.0013833,0.001602,0.001352,0.0016059,0.0018791,0.0015443,0.0015826,0.0016112,0.0016863,0.0014948,0.00149,0.0015421,0.0015977,0.0015639,0.0015314,0.0016432,0.0018292,0.0016544,0.0015253,0.00087909,0.0015161,0.0014622,0.0015062,0.0015761,0.0014973,0.001581,0.001441,0.0019108,0.0014809,0.0014999,0.0015704,0.0014707,0.0014549,0.0013471,0.0013481,0.0014147,0.0017398,0.0014321,0.0014247,0.0015897,0.0013972,0.0015524,0.001525,0.001445,0.0014569,0.001499,0.0016037,0.00131,0.0015922,0.0013378,0.0014862,0.0014718,0.0013596,0.0012442,0.0014084,0.0015883,0.0012073,0.0015491,0.0012944,0.0013115,0.0014832,0.0012134,0.0014048,0.0014611,0.0012805,0.0013909,0.0014329,0.0011312,0.0013864,0.0013936,0.0014283,0.0012442,0.0014863,0.001279,0.0013974,0.0012796,0.00097155,0.0013965,0.0014602,0.0011602,0.0011582,0.0011252,0.0014788,0.0014183,0.0013909,0.001013,0.00091249,0.00099929,0.0010189,0.0014338,0.0013281,0.0010133,0.0012342,0.0010247,0.0010272,0.00088107,0.00086984,0.0011322,0.0011582,0.0013236,0.0012196,1074300.0,1105700.0,792270.0,4276700.0,2284500.0,1150800.0,5856800.0,1513400.0,1879800.0,3242500.0,2966100.0,734830.0,5652900.0,1298400.0,4052200.0,2459600.0,5070500.0,4091400.0,1340500.0,3371900.0,2502600.0,3347400.0,11704000.0,958350.0,6311800.0,749460.0,9101500.0,1591900.0,1841400.0,815570.0,3232100.0,1680500.0,5814300.0,23940000.0,2520900.0,2724900.0,4347000.0,1235900.0,1513400.0,1646200.0,2062700.0,1057700.0,2058300.0,1019200.0,7475600.0,2433400.0,1825600.0,1494000.0,2274900.0,15971000.0,952090.0,7278300.0,3995200.0,706940.0,3910700.0,1079100.0,2657700.0,17679000.0,32102000.0,2373200.0,1720700.0,1532600.0,2840700.0,1036400.0,1926200.0,3409900.0,803840.0,2871900.0,1940600.0,3915400.0,2755300.0,1446400.0,1119200.0,15048000.0,5077600.0,1340600.0,3613400.0,1673300.0,965090.0,2573300.0,3702600.0,1313000.0,893150.0,2116300.0,873820.0,1861100.0,2850800.0,4950200.0,4191200.0,2338500.0,5694300.0,1300700.0,9352900.0,4677300.0,1017700.0,1694700.0,903640.0,1769700.0,3509900.0,9918500.0,1730700.0,16523000.0,1417300.0,9919600.0,1633600.0,3256300.0,1272900.0,1628100.0,12535000.0,5115100.0,2157200.0,3869300.0,2389200.0,1225800.0,656170.0,3373000.0,11659000.0,2413800.0,1291100.0,778800.0,1922000.0,735100.0,1193700.0,2218700.0,8786700.0,4156700.0,2627900.0,3087700.0,2361300.0,1498700.0,773560.0,10411000.0,2404500.0,3548600.0,2073400.0,1371700.0,1031900.0,2014200.0,1052000.0,2853800.0,3921600.0,1159600.0,1477000.0,2103000.0,1521000.0,2210500.0,2422200.0,877170.0,6912100.0,1513500.0,9390500.0,6180200.0,809830.0,10291000.0,814480.0,1274500.0,19279000.0,683650.0,12167000.0,721740.0,5575100.0,3693400.0,3817200.0,2647300.0,5252900.0,4116200.0,4227600.0,964530.0,4135000.0,1638700.0,6369200.0,1506700.0,7610900.0,1080700.0,744550.0,4005200.0,2996600.0,1988300.0,8411500.0,2288700.0,948280.0,1205600.0,3671000.0,3568300.0,1940100.0,1475700.0,747540.0,6807100.0,5275200.0,2336700.0,637470.0,17726000.0,3323000.0,5257900.0,1142200.0,18258000.0,5431600.0,1100100.0,8580600.0,1353300.0,1434500.0,3992400.0,5297000.0,799330.0,1639500.0,973680.0,1778500.0,1568200.0,1456500.0,7851700.0,2342100.0,1425100.0,12280000.0,2793800.0,1238000.0,1263500.0,3260300.0,951930.0,4669600.0,1133200.0,1854600.0,8075300.0,4435100.0,696550.0,1421900.0,10018000.0,5258300.0,5069200.0,15394000.0,3001700.0,1931800.0,2342400.0,2994600.0,3189800.0,1882600.0,1749500.0,2275100.0,1499400.0,7215800.0,652060.0,3656200.0,8296200.0,8910100.0,1863600.0,5378600.0,4029700.0,5011000.0,864140.0,1139900.0,5361500.0,1551600.0,6587500.0,3485200.0,7122400.0,1970700.0,1638700.0,1591200.0,1087700.0,1106100.0,2208100.0,945990.0,5091800.0,3371700.0,4404800.0,3356800.0,2894200.0,2745600.0,15584000.0,14989000.0,6042000.0,4601000.0,2807600.0,6148400.0,3762100.0,1781300.0,2740300.0,1353800.0,4824200.0,3044800.0,1.5296,1.8486,4.1692,2.2304,2.4712,3.6652,1.2767,2.2313,4.2233,1.2182,1.9896,4.2254,2.4862,2.6639,4.3109,0.80987,2.0623,4.218,1.5951,2.5066,3.887,3.0507,2.8442,5.8535,1.2131,2.0119,4.2174,1.7323,1.7188,4.2475,1.2785,2.2466,4.246,0.79629,2.0493,4.2112,2.9181,2.8417,4.5936,5.6494,2.7668,1.4275,1.2364,2.8354,3.6191,0.9031,2.1543,3.0114,2.5245,2.0978,4.4918,1.4661,1.6818,3.8989,0.67311,2.6185,3.878,1.9523,1.7983,3.4977,1.1375,2.4151,3.1534,0.32414,2.2891,3.5377,1.8134,1.6524,3.3944,2.0691,2.7571,4.3089,1.8404,1.6521,3.3793,1.5501,1.6578,3.9401,0.36154,2.1605,3.166,2.053,2.3954,4.4471,1.4767,1.686,3.2316,0.86444,1.9126,2.7638,3.1284,2.841,5.9234,1.9609,1.7833,3.4884,0.93809,2.7156,2.8959,1.7535,2.588,4.0022,0.67861,1.892,2.7653,1.0909,2.4311,3.0991,1.917,1.927,4.4945,1.7571,1.6652,3.8913,0.55344,2.1864,3.8034,1.266,2.4911,3.8197,0.99538,2.1041,3.2367,2.5591,2.3189,4.3215,2.0382,2.187,4.7022,1.5068,1.6662,3.9199,1.8881,1.9558,4.4885,1.4696,2.1843,3.2579,0.83148,2.1655,3.1178,2.4457,2.4153,4.3513,1.9693,2.563,4.8664,1.9341,2.607,4.8487,2.5557,2.317,4.3081,1.2803,2.5069,3.9206,1.7558,2.2773,4.3407,2.3284,3.024,4.2219,0.57282,2.4358,2.5494,1.471,2.0351,4.5998,1.9969,3.0431,3.895,0.30446,2.3818,3.3904,1.6887,1.6222,4.081,0.76832,2.1194,3.0701,2.2544,2.2946,4.6797,0.6043,2.506,3.0654,0.91585,2.1724,3.2292,0.068187,2.8956,1.8305,2.0061,2.0955,4.5983,2.5381,2.3478,4.2665,2.4473,2.3083,5.1513,2.0414,2.7402,4.2455,1.1224,1.8493,3.9855,4.588,2.9133,0.58157,0.84368,2.1641,3.0211,1.4155,2.1083,4.2708,1.1332,2.1571,3.5228,2.1675,2.7033,4.4302,1.6519,1.5904,4.1492,1.162,2.5404,3.0753,0.75356,2.4487,3.7504,2.1449,1.8719,3.6993,1.5037,2.4902,3.4786,1.5142,2.583,3.5742,1.5396,1.6513,4.2782,2.0257,2.7372,4.5304,2.0917,2.7367,4.6183,3.3364,2.8165,6.088,1.6991,1.6195,4.1852,1.7983,1.9709,3.4138,2.3281,2.9611,5.196,1.1852,2.5529,3.0719,2.6724,2.4252,5.0026,0.97879,2.6398,4.132,1.5204,2.4739,3.5115,1.0453,1.9046,4.0945,1.7215,1.618,4.0765,1.8097,1.9335,3.4101,6.1231,2.9149,2.9297,2.9028,2.2554,4.6218,1.4123,1.9568,4.2839,1.1924,2.6188,3.3498,1.4587,2.4513,3.378,1.7493,1.9424,3.6885,1.9732,2.4168,4.0216,1.1025,2.327,3.2177,2.4729,1.9757,5.2287,1.1149,2.6546,3.2995,1.44,2.4852,3.3605,0.1845,3.0135,3.1934,0.682,1.8405,2.8509,1.6709,2.0126,4.4985,1.4853,1.8516,4.1715,5.3768,2.8727,1.7185,0.84222,2.1747,2.8686,0.92103,2.6585,4.1047,2.3025,2.5194,3.6691,2.7326,2.3397,4.9441,2.9411,2.6309,4.5568,2.0583,2.4383,4.5465,2.2983,2.1521,4.1893,0.74493,2.1037,3.3397,0.46699,2.4316,3.0031,0.55916,2.1794,3.8338,2.4678,2.4766,4.5247,0.79065,2.4119,2.946,1.2878,1.5715,4.3385,1.6596,1.9819,3.4713,0.19589,2.6669,2.1083,3.4135,2.9443,0.20933,0.85645,2.3421,3.0012,1.6464,1.6566,4.1124,1.5929,1.8468,3.2078,0.77157,2.4021,2.8719,2.1901,2.3291,4.9505,1.2119,2.5569,3.1391,1.164,2.1308,3.5577,0.46887,2.025,3.2776,1.7057,1.9624,3.4366,2.5302,2.0771,4.0883,2.088,2.1391,4.9687,1.3406,1.7338,3.829,0.74236,1.9923,2.768,2.1046,2.1472,5.0124,2.2358,2.2407,4.5222,1.5324,2.3688,3.9795,4.1804,2.9634,0.11287,1.8935,2.4288,4.0042,0.73651,1.9789,4.1268,1.2113,2.6187,4.2505,3.4577,2.8286,6.107,1.6723,1.5761,3.274,0.23846,2.3429,3.3944,5.0534,2.9766,0.93756,0.47471,2.8031,3.2463,1.2082,2.527,3.0144,2.203,2.148,4.9692,1.5598,2.0858,4.3933,1.6074,1.6281,3.3434,1.5868,2.9331,3.311,0.64336,2.3877,2.834,0.8546,2.4316,2.9958,0.23021,2.641,3.3415,1.7697,2.3619,4.2139,0.55122,2.4295,2.7575,1.0244,2.2589,3.6244,1.323,1.7855,4.3072,0.2576,2.3269,3.4287,1.6271,1.5931,3.2772,0.66009,2.3777,2.8042,2.9975,2.8656,5.9934,1.8712,2.5643,4.0041,2.0182,2.2077,4.6007,2.4035,2.7126,5.1795,1.7323,1.9634,3.8491,1.364,1.804,3.7218,2.2456,2.1463,4.9936,1.4685,2.6097,3.9856,0.59312,3.0377,2.3402,4.5411,2.9419,0.30168,1.2782,2.7667,4.2564,1.893,1.9572,3.8915,1.2153,2.6511,2.8217,0.25072,2.7943,2.9003,1.0197,2.9048,4.1773,0.51147,2.4857,2.5849,0.77295,1.9968,2.8995,0.5314,2.4544,3.4047,1.6797,2.199,4.2898,1.1816,2.7665,4.3025,0.6527,1.9995,3.0453,2.0395,1.8567,3.7647,1.2968,1.8631,3.6761,2.3788,2.6692,4.8779,1.4484,1.5589,4.192,1.3271,2.1424,3.2052,0.68621,2.0266,3.0512,0.65112,2.3423,2.6257,1.737,2.3456,4.16,2.3247,2.6494,4.9389,0.61097,2.0233,3.0228,1.6355,1.7182,3.3144,0.75444,3.0058,2.5669,0.55562,2.5162,2.5927,3.1169,2.7417,6.0491,6.1683,2.8638,2.5439,4.3404,2.9421,0.052706,2.3776,2.3459,3.7487,1.2906,3.0708,4.1755,1.3114,2.3899,3.5005,0.32484,3.0969,3.1907,2.3747,2.2146,3.779,1.2871,1.8483,3.6794,2.4154,2.3289,4.5939,2.6032,2.6658,4.1294,1.2698,2.7039,4.3379,1.7861,1.9546,3.8621,1.1631,2.7744,3.7062,2.3878,2.4105,5.003,1.5006,2.6313,3.3266,2.1777,2.2315,4.0844,0.83394,1.9511,3.3821,2.4104,2.376,3.7881,2.3557,2.3818,3.7432,2.2359,1.9498,4.983,2.6558,2.2902,4.8122,2.3773,2.2384,3.8024,1.412,1.5993,3.8774,2.4051,2.6547,4.9559,1.8194,1.9525,3.8841,0.80473,2.132,4.0678,1.6033,1.8369,4.3012,2.3716,2.6407,4.9583,1.4587,2.3917,3.2594,5.8936,2.8562,2.165,1.863,1.7697,3.5098,1.9813,2.9784,4.2602,2.0599,1.968,4.8018,1.1368,2.5987,4.3208,1.935,2.1487,4.9039,1.6386,1.7922,3.9509,1.614,2.008,3.3671,1.0907,2.7477,3.6536,0.98372,2.842,3.826,1.4858,2.4571,3.8848,1.1536,2.737,3.6801,1.8002,1.7781,4.0885,0.81271,2.4568,2.7919,1.8623,2.0999,4.3939,0.093635,2.7911,2.9184,1.0689,1.9516,4.2997,0.96653,2.3105,3.0466,1.6122,2.4014,4.5746,0.99606,2.0844,2.8333,0.76723,2.0062,2.7111,1.6506,1.7855,3.9539,0.90155,2.4508,2.8396,1.3525,1.5872,3.839,2.7718,2.5996,4.6266,1.0666,2.1764,3.6355,1.1543,2.7663,3.6713,1.9888,1.9914,4.4744,1.0512,1.9611,4.2509,1.8786,1.647,3.4416,1.6882,2.4885,3.9861,2.1893,2.5478,4.9026,2.1023,2.3673,3.6514,1.2133,3.0651,3.4534,1.4252,1.4503,4.244,0.66808,2.9885,3.6416,1.6361,1.7375,4.2374,0.77162,2.0008,2.7304,0.61309,2.2093,3.9991,2.6442,2.6002,4.5244,2.0043,2.1155,3.4447,1.3828,2.905,3.5384,1.0848,2.2071,3.6275,2.5347,2.0163,4.4721,1.4974,1.7351,4.4211,1.603,2.5891,3.5747,2.0655,2.2874,4.0662,2.7072,2.3377,4.9845,0.44493,2.5162,2.9416
0.08581,0.13563,0.0037484,222.26,233.64,203.51,0.0012804,0.0014413,0.0010153,206.17,216.18,216.21,208.27,200.71,197.47,229.24,215.66,241.06,210.88,241.26,257.62,204.09,210.31,209.82,237.33,213.22,222.96,191.15,190.75,282.05,214.51,186.76,228.81,190.43,245.96,226.37,273.04,158.79,242.48,205.97,212.21,167.25,239.81,243.63,295.85,237.1,194.68,248.32,293.83,264.24,171.82,263.78,182.04,239.48,221.02,258.8,247.33,284.4,246.57,246.69,218.11,280.14,278.58,269.63,221.45,257.22,223.46,208.43,309.42,265.25,268.69,286.34,174.31,229.43,204.99,240.04,217.48,264.38,234.5,231.07,206.88,239.5,252.29,207.57,199.61,234.57,238.83,270.64,249.21,229.53,258.44,250.18,218.65,262.06,148.22,256.05,211.09,214.72,228.32,254.38,267.47,236.36,234.65,188.77,211.42,225.52,308.6,221.83,218.06,249.95,275.59,324.42,257.74,266.66,244.25,331.61,267.69,214.59,255.3,255.4,207.12,257.9,241.32,204.14,281.85,247.46,289.4,267.7,280.1,204.38,245.41,282.33,232.07,246.77,212.04,325.24,197.36,287.25,317.75,289.29,246.07,265.71,222.12,217.75,355.04,231.31,273.49,280.05,249.22,256.65,229.48,266.21,297.9,231.41,219.64,316.0,226.78,255.71,242.8,211.49,231.18,299.31,227.65,154.59,239.66,304.0,274.04,229.54,328.6,208.51,236.09,183.97,164.03,219.73,255.86,194.27,275.46,223.59,204.78,238.87,220.86,241.32,185.05,253.15,237.19,223.18,217.88,213.53,285.22,209.57,264.06,336.34,236.03,251.38,229.98,295.98,242.38,228.12,267.33,303.47,238.55,252.98,247.27,250.1,274.62,239.37,212.54,216.97,234.36,230.19,259.34,234.56,245.58,240.95,267.12,239.08,217.58,260.89,265.24,234.52,190.41,196.94,235.85,288.96,208.7,215.85,281.19,219.16,237.03,246.24,232.55,238.88,262.62,263.46,195.19,247.84,202.2,253.58,215.69,238.63,181.93,253.75,255.98,171.44,262.94,215.91,169.15,245.37,185.74,217.13,245.44,187.58,227.81,240.16,197.4,233.97,237.93,228.57,188.72,236.64,206.1,223.1,221.9,168.28,267.23,265.63,207.33,173.11,202.94,266.46,229.22,233.11,222.39,149.46,160.82,202.26,240.12,225.18,217.91,220.53,210.15,191.81,172.33,185.03,229.29,214.56,239.31,220.03,0.00080748,0.0010491,0.0010504,0.0010943,0.0010002,0.0010464,0.0012082,0.00094082,0.0012179,0.00099668,0.001275,0.001416,0.001092,0.0011291,0.0010289,0.0014202,0.0012109,0.0012251,0.0012229,0.0011728,0.0016597,0.0014099,0.001164,0.0015168,0.0013095,0.0015007,0.0012801,0.0015931,0.0011679,0.0016101,0.0012405,0.0013206,0.001156,0.0013541,0.0014838,0.0017507,0.001411,0.0013475,0.0015354,0.001622,0.0014371,0.0010367,0.0016381,0.0012883,0.0014191,0.0013849,0.0015471,0.0013878,0.001624,0.0014663,0.0012595,0.0013883,0.0017085,0.0015074,0.0016096,0.0014417,0.0015028,0.0014659,0.0014678,0.0018414,0.0017731,0.0016266,0.001712,0.0013296,0.0015958,0.0013469,0.0016451,0.0015585,0.0016338,0.0014546,0.0016217,0.0014334,0.0014205,0.0015979,0.0014584,0.0013859,0.0014224,0.001523,0.0017146,0.0016534,0.0015556,0.0017298,0.0016191,0.0013713,0.0014837,0.0011843,0.0015376,0.0014907,0.0014278,0.0014315,0.0015797,0.0015238,0.0015839,0.00159,0.0013239,0.0014205,0.0014095,0.0019064,0.0014601,0.0014097,0.0014509,0.001667,0.0019994,0.0015618,0.0017266,0.0011102,0.0018418,0.0016804,0.0015112,0.0014948,0.0016457,0.0014679,0.0016746,0.0014768,0.0014296,0.0017158,0.0015852,0.0017391,0.0016992,0.0014864,0.001455,0.0016415,0.0016825,0.0016198,0.0015742,0.0010673,0.0019981,0.0014112,0.0012279,0.0019718,0.0018285,0.0016328,0.0016938,0.0013981,0.0014643,0.0015576,0.001648,0.0016596,0.0017256,0.0015847,0.0016128,0.0015102,0.0014508,0.0017356,0.0016106,0.0012947,0.0016789,0.0014095,0.0016592,0.0013878,0.0013534,0.0015434,0.0018696,0.0014701,0.00119,0.0014942,0.0017841,0.0017266,0.0011066,0.0018912,0.0013275,0.0014812,0.0012954,0.0012956,0.0014782,0.0015445,0.0013747,0.0016721,0.001485,0.001427,0.0015421,0.0012464,0.0015707,0.0014495,0.0015718,0.0014878,0.0016026,0.0014923,0.0013807,0.0016084,0.0013528,0.001612,0.0018956,0.001548,0.0015865,0.0016207,0.0016919,0.0014994,0.0014989,0.0015481,0.0016025,0.0015714,0.0015373,0.0016242,0.0018388,0.00166,0.0015297,0.00078658,0.0015211,0.0014664,0.0015178,0.0015891,0.0015008,0.0015855,0.0014442,0.0019202,0.0014844,0.0015054,0.0015712,0.0014753,0.0014597,0.0013352,0.0013515,0.0014196,0.0017466,0.0014388,0.0014337,0.0015884,0.0013999,0.0015572,0.0015302,0.0014518,0.0014614,0.0015043,0.0016085,0.0013134,0.0015799,0.0013412,0.0014915,0.0014746,0.0013552,0.0012394,0.0014139,0.0015949,0.0012089,0.0015535,0.0012947,0.0013155,0.0014885,0.0012156,0.0014011,0.0014666,0.0012861,0.0013939,0.0014368,0.0011332,0.0013906,0.0013976,0.0014325,0.0012466,0.0014851,0.0012779,0.0014019,0.001284,0.00097296,0.0014013,0.0014658,0.0011612,0.0011608,0.0011234,0.0014771,0.0014173,0.0013947,0.0010155,0.00091416,0.00099655,0.0010182,0.0014337,0.0013316,0.0010154,0.0012366,0.0010266,0.0010288,0.00088199,0.00086904,0.001132,0.0011556,0.001323,0.0012177,1074300.0,1105700.0,792270.0,4276700.0,2284500.0,1150800.0,5856800.0,1513400.0,1879800.0,3242500.0,2966100.0,734830.0,5652900.0,1298400.0,4052200.0,2459600.0,5070500.0,4091400.0,1340500.0,3371900.0,2502600.0,3347400.0,11704000.0,958350.0,6311800.0,749460.0,9101500.0,1591900.0,1841400.0,815570.0,3232100.0,1680500.0,5814300.0,23940000.0,2520900.0,2724900.0,4347000.0,1235900.0,1513400.0,1646200.0,2062700.0,1057700.0,2058300.0,1019200.0,7475600.0,2433400.0,1825600.0,1494000.0,2274900.0,15971000.0,952090.0,7278300.0,3995200.0,706940.0,3910700.0,1079100.0,2657700.0,17679000.0,32102000.0,2373200.0,1720700.0,1532600.0,2840700.0,1036400.0,1926200.0,3409900.0,803840.0,2871900.0,1940600.0,3915400.0,2755300.0,1446400.0,1119200.0,15048000.0,5077600.0,1340600.0,3613400.0,1673300.0,965090.0,2573300.0,3702600.0,1313000.0,893150.0,2116300.0,873820.0,1861100.0,2850800.0,4950200.0,4191200.0,2338500.0,5694300.0,1300700.0,9352900.0,4677300.0,1017700.0,1694700.0,903640.0,1769700.0,3509900.0,9918500.0,1730700.0,16523000.0,1417300.0,9919600.0,1633600.0,3256300.0,1272900.0,1628100.0,12535000.0,5115100.0,2157200.0,3869300.0,2389200.0,1225800.0,656170.0,3373000.0,11659000.0,2413800.0,1291100.0,778800.0,1922000.0,735100.0,1193700.0,2218700.0,8786700.0,4156700.0,2627900.0,3087700.0,2361300.0,1498700.0,773560.0,10411000.0,2404500.0,3548600.0,2073400.0,1371700.0,1031900.0,2014200.0,1052000.0,2853800.0,3921600.0,1159600.0,1477000.0,2103000.0,1521000.0,2210500.0,2422200.0,877170.0,6912100.0,1513500.0,9390500.0,6180200.0,809830.0,10291000.0,814480.0,1274500.0,19279000.0,683650.0,12167000.0,721740.0,5575100.0,3693400.0,3817200.0,2647300.0,5252900.0,4116200.0,4227600.0,964530.0,4135000.0,1638700.0,6369200.0,1506700.0,7610900.0,1080700.0,744550.0,4005200.0,2996600.0,1988300.0,8411500.0,2288700.0,948280.0,1205600.0,3671000.0,3568300.0,1940100.0,1475700.0,747540.0,6807100.0,5275200.0,2336700.0,637470.0,17726000.0,3323000.0,5257900.0,1142200.0,18258000.0,5431600.0,1100100.0,8580600.0,1353300.0,1434500.0,3992400.0,5297000.0,799330.0,1639500.0,973680.0,1778500.0,1568200.0,1456500.0,7851700.0,2342100.0,1425100.0,12280000.0,2793800.0,1238000.0,1263500.0,3260300.0,951930.0,4669600.0,1133200.0,1854600.0,8075300.0,4435100.0,696550.0,1421900.0,10018000.0,5258300.0,5069200.0,15394000.0,3001700.0,1931800.0,2342400.0,2994600.0,3189800.0,1882600.0,1749500.0,2275100.0,1499400.0,7215800.0,652060.0,3656200.0,8296200.0,8910100.0,1863600.0,5378600.0,4029700.0,5011000.0,864140.0,1139900.0,5361500.0,1551600.0,6587500.0,3485200.0,7122400.0,1970700.0,1638700.0,1591200.0,1087700.0,1106100.0,2208100.0,945990.0,5091800.0,3371700.0,4404800.0,3356800.0,2894200.0,2745600.0,15584000.0,14989000.0,6042000.0,4601000.0,2807600.0,6148400.0,3762100.0,1781300.0,2740300.0,1353800.0,4824200.0,3044800.0,1.5298,1.8488,4.1691,2.2305,2.4713,3.6652,1.2767,2.2314,4.2233,1.2178,1.9896,4.2252,2.4859,2.6639,4.3111,0.80881,2.0623,4.2181,1.5965,2.507,3.8869,3.0516,2.8442,5.8541,1.2126,2.0123,4.217,1.7319,1.7187,4.2475,1.2786,2.2471,4.2466,0.79478,2.049,4.2111,2.9183,2.8417,4.5952,5.6478,2.7665,1.4264,1.2365,2.8351,3.6192,0.9018,2.1544,3.0111,2.5254,2.099,4.493,1.4659,1.6818,3.8988,0.67367,2.6197,3.878,1.9512,1.7991,3.4983,1.1387,2.4144,3.1553,0.32497,2.2892,3.5369,1.8139,1.652,3.3946,2.0678,2.7555,4.3063,1.8414,1.6517,3.3791,1.5516,1.6575,3.9408,0.36083,2.1611,3.1651,2.0537,2.3962,4.4487,1.4768,1.6863,3.2324,0.86502,1.9133,2.7636,3.1308,2.841,5.9255,1.9601,1.7838,3.4887,0.93676,2.7157,2.8963,1.7521,2.588,4.0022,0.67954,1.8924,2.7647,1.091,2.4308,3.1,1.9174,1.9273,4.4945,1.7583,1.6647,3.8913,0.55452,2.1859,3.805,1.2678,2.4925,3.8208,0.99508,2.1051,3.2358,2.5597,2.3195,4.3223,2.0376,2.1877,4.7027,1.5072,1.6659,3.9201,1.8879,1.9567,4.4884,1.4694,2.1847,3.2576,0.83117,2.1673,3.116,2.4461,2.4164,4.3521,1.9698,2.5621,4.8657,1.9339,2.6072,4.8479,2.5562,2.3176,4.3087,1.2802,2.5073,3.9199,1.7573,2.2783,4.3418,2.3323,3.0232,4.2249,0.57432,2.435,2.5513,1.4696,2.0347,4.5997,1.9953,3.0426,3.8924,0.30296,2.3819,3.3893,1.689,1.622,4.0809,0.76955,2.1214,3.0696,2.2549,2.2952,4.6804,0.60384,2.5038,3.0667,0.91369,2.1744,3.2279,0.066749,2.8956,1.8278,2.0064,2.0978,4.5988,2.5381,2.3489,4.2663,2.4424,2.3079,5.15,2.0391,2.7384,4.2413,1.1232,1.8491,3.9864,4.587,2.9108,0.58331,0.84262,2.1648,3.0202,1.4174,2.1087,4.271,1.1347,2.1587,3.5235,2.1645,2.702,4.427,1.651,1.5901,4.1491,1.1624,2.5402,3.0757,0.75353,2.4494,3.75,2.1468,1.8707,3.6986,1.5012,2.4913,3.4787,1.5108,2.5837,3.5733,1.537,1.6505,4.2786,2.0238,2.7355,4.5289,2.0905,2.7352,4.6182,3.3369,2.8172,6.0886,1.6989,1.6199,4.1857,1.8002,1.9704,3.4132,2.3315,2.9612,5.201,1.1858,2.5532,3.0714,2.6736,2.4248,5.0032,0.97869,2.6407,4.1338,1.5181,2.4748,3.5124,1.0414,1.9065,4.0944,1.7233,1.618,4.0762,1.8133,1.9325,3.4091,6.1168,2.9141,2.9244,2.9032,2.2544,4.6235,1.4145,1.9567,4.2858,1.1908,2.6172,3.3504,1.4584,2.4515,3.3786,1.7478,1.9413,3.6879,1.9744,2.4184,4.0232,1.1025,2.328,3.2185,2.4717,1.9736,5.2308,1.1118,2.6533,3.299,1.4393,2.4864,3.3607,0.18701,3.0148,3.194,0.68179,1.8418,2.8496,1.67,2.0117,4.5006,1.4852,1.8509,4.1728,5.3724,2.8714,1.7147,0.84289,2.176,2.8705,0.92097,2.6597,4.1067,2.3051,2.5183,3.6699,2.7385,2.338,4.9445,2.9444,2.6297,4.5578,2.0577,2.4369,4.5476,2.2958,2.1536,4.1893,0.74418,2.1071,3.3394,0.46951,2.4309,3.0049,0.55916,2.1806,3.8355,2.4695,2.4755,4.5272,0.79003,2.4118,2.9465,1.2887,1.5712,4.3397,1.658,1.981,3.4721,0.19905,2.6663,2.1086,3.4155,2.9439,0.21354,0.85785,2.3396,3.0045,1.6459,1.6572,4.1132,1.5962,1.8481,3.2088,0.77139,2.4008,2.8716,2.1906,2.3283,4.9503,1.2142,2.5572,3.1406,1.1668,2.1334,3.5591,0.46665,2.0266,3.2783,1.7056,1.9613,3.4363,2.5339,2.077,4.0872,2.0861,2.139,4.9684,1.3421,1.7334,3.8299,0.74341,1.9928,2.7683,2.1035,2.1469,5.0139,2.2332,2.2422,4.5235,1.5315,2.3709,3.9801,4.1791,2.9621,0.11141,1.892,2.4307,4.0043,0.73387,1.9792,4.1273,1.2121,2.6194,4.2507,3.4555,2.8281,6.1072,1.6746,1.576,3.2745,0.23774,2.3434,3.3941,5.05,2.9767,0.93326,0.4725,2.8035,3.2465,1.207,2.5274,3.0155,2.2044,2.1487,4.97,1.5621,2.0855,4.3947,1.6092,1.6281,3.3449,1.5922,2.9333,3.3103,0.64743,2.3864,2.8367,0.85334,2.4305,2.996,0.23064,2.6418,3.3418,1.7753,2.3649,4.2163,0.55407,2.4294,2.7586,1.0238,2.2609,3.6235,1.3217,1.7849,4.3075,0.25621,2.3274,3.4294,1.6298,1.5928,3.2772,0.66498,2.3761,2.8058,2.9969,2.8655,5.9949,1.8676,2.5632,4.0032,2.0187,2.208,4.6009,2.3983,2.7112,5.177,1.7287,1.9632,3.8478,1.3653,1.8034,3.7225,2.2474,2.1461,4.9938,1.4698,2.6085,3.9847,0.58742,3.037,2.3319,4.539,2.9409,0.30053,1.28,2.7691,4.2548,1.893,1.9576,3.8917,1.2149,2.6518,2.8205,0.24775,2.7943,2.8989,1.0215,2.9052,4.1783,0.51055,2.4847,2.5852,0.77548,1.9989,2.8973,0.53128,2.4554,3.4044,1.6822,2.1995,4.291,1.1793,2.7683,4.301,0.65347,2.0007,3.0434,2.0412,1.8561,3.7635,1.3001,1.8635,3.6769,2.3766,2.6678,4.8752,1.4502,1.5596,4.1922,1.3257,2.1422,3.2058,0.68732,2.0283,3.05,0.65395,2.3403,2.6258,1.739,2.347,4.1607,2.3222,2.6478,4.938,0.61057,2.0247,3.0208,1.6377,1.7177,3.3141,0.75801,3.0051,2.5685,0.55532,2.5163,2.5928,3.1207,2.7414,6.0529,6.1698,2.864,2.5468,4.3348,2.941,0.046804,2.3781,2.3442,3.7482,1.2981,3.0703,4.1855,1.309,2.3921,3.4994,0.31571,3.0971,3.1836,2.3747,2.2139,3.7782,1.2879,1.8481,3.6803,2.415,2.3288,4.5946,2.6034,2.6668,4.1318,1.2699,2.7042,4.338,1.7838,1.9542,3.8611,1.1639,2.7737,3.7074,2.3863,2.4089,5.0009,1.4984,2.6311,3.3277,2.1774,2.2327,4.084,0.8338,1.9518,3.3824,2.4111,2.375,3.7886,2.3556,2.3811,3.7428,2.2371,1.9512,4.985,2.6554,2.2901,4.8125,2.3776,2.2384,3.8021,1.4125,1.5995,3.8784,2.4036,2.6533,4.955,1.8179,1.9523,3.8836,0.80542,2.1317,4.0697,1.6031,1.8369,4.3021,2.3699,2.639,4.9578,1.4585,2.3918,3.2594,5.8925,2.8555,2.1641,1.863,1.7692,3.5104,1.9805,2.9771,4.2586,2.0611,1.9685,4.8029,1.1377,2.5991,4.3218,1.9364,2.1488,4.9048,1.6389,1.7919,3.9506,1.6143,2.0078,3.3665,1.0923,2.747,3.6555,0.98518,2.8421,3.8264,1.4878,2.4581,3.8856,1.154,2.7356,3.6805,1.7993,1.7775,4.0884,0.81095,2.4566,2.7923,1.8615,2.1006,4.3942,0.094088,2.7909,2.9203,1.0684,1.9514,4.3005,0.96689,2.3099,3.0475,1.6117,2.4016,4.5743,0.99627,2.0842,2.8333,0.76781,2.0063,2.7106,1.6514,1.785,3.9536,0.90109,2.4506,2.8411,1.3517,1.5871,3.8391,2.7718,2.5998,4.6263,1.0662,2.1774,3.6356,1.1549,2.7654,3.6717,1.9891,1.9915,4.4743,1.0503,1.9611,4.2507,1.8791,1.647,3.4415,1.6888,2.4887,3.9858,2.1907,2.5475,4.9021,2.1012,2.367,3.6502,1.2135,3.0649,3.4538,1.4247,1.45,4.2442,0.66907,2.9883,3.6421,1.6364,1.7372,4.2375,0.77221,2.0008,2.7301,0.61165,2.2095,4.0002,2.6432,2.6002,4.5243,2.0046,2.1152,3.4448,1.3826,2.9046,3.5383,1.0848,2.2075,3.6273,2.5347,2.0167,4.4722,1.4975,1.7351,4.421,1.6028,2.5891,3.5745,2.0655,2.2875,4.0661,2.7072,2.337,4.9841,0.44496,2.5159,2.9413
0.087729,0.13868,0.0038128,222.71,234.38,203.47,0.0012828,0.0014452,0.0010154,206.25,216.46,216.47,208.61,200.98,197.1,229.48,215.92,241.71,211.29,241.52,257.81,204.15,210.81,210.2,238.38,213.42,223.69,191.61,190.61,283.29,214.98,187.03,229.15,190.71,246.74,227.19,274.21,159.19,243.04,206.39,212.36,166.92,239.69,244.04,296.99,237.68,194.79,249.44,295.14,265.24,172.51,263.28,182.16,240.36,221.99,259.79,248.18,285.55,247.45,247.23,219.12,281.5,279.89,270.96,222.36,258.26,223.02,208.84,310.85,266.57,270.19,288.6,174.74,230.33,206.02,240.09,217.58,264.97,235.71,232.19,207.49,240.45,253.54,208.27,200.4,235.09,240.4,272.03,249.81,229.73,259.94,251.15,219.45,263.56,148.98,255.41,211.58,215.32,229.8,255.74,265.74,236.99,235.62,190.03,213.57,226.18,309.74,223.51,219.18,250.43,277.06,324.99,257.55,268.72,249.32,333.26,268.42,215.45,257.15,259.23,208.53,259.34,242.82,206.88,283.63,248.17,290.1,270.53,282.42,205.78,248.77,282.6,233.42,246.77,212.84,327.61,199.06,291.34,319.39,292.38,246.47,269.42,223.02,219.04,362.3,231.47,274.53,281.73,251.54,256.64,231.1,267.71,300.25,232.35,219.29,316.58,224.79,256.31,244.76,212.23,232.4,300.67,228.48,154.95,238.56,305.48,274.91,233.39,331.01,208.24,237.13,184.57,165.11,220.18,256.72,195.0,276.48,224.93,205.21,239.65,221.66,242.2,183.46,252.67,237.87,224.4,218.71,213.06,286.51,209.57,265.41,338.91,236.6,251.73,231.37,297.13,243.46,229.73,268.42,304.65,239.86,253.93,245.61,253.08,275.64,240.15,206.3,217.89,234.87,232.78,260.74,235.12,246.39,241.81,269.49,240.26,218.41,260.61,266.3,235.61,188.67,197.51,236.53,290.37,210.01,217.09,280.21,219.74,237.98,247.01,233.73,239.58,263.21,264.17,195.71,246.81,202.69,254.5,216.0,237.63,181.63,254.37,257.03,171.6,263.59,215.72,169.59,246.12,185.71,216.86,246.31,188.22,228.42,240.84,197.7,234.56,238.51,229.0,188.85,236.43,205.86,223.81,222.6,168.39,267.93,266.46,207.42,173.44,202.63,266.3,229.29,233.67,222.94,149.65,160.58,202.16,240.01,225.87,218.34,220.97,210.51,191.99,172.4,184.87,229.29,214.19,239.4,219.86,0.00080668,0.0010497,0.0010512,0.0010961,0.0010016,0.0010427,0.0012093,0.00094139,0.001221,0.00099893,0.0012764,0.0014176,0.001091,0.0011319,0.0010309,0.0014263,0.0012124,0.0012291,0.0012267,0.0011718,0.0016663,0.001413,0.0011659,0.0015197,0.0013114,0.0015065,0.0012854,0.0015999,0.0011719,0.0016133,0.0012435,0.0013214,0.0011536,0.0013536,0.0014864,0.0017573,0.0014153,0.001347,0.0015419,0.0016293,0.0014418,0.0010396,0.0016367,0.0012909,0.0014246,0.0013913,0.0015536,0.0013921,0.0016311,0.0014714,0.0012611,0.0013925,0.0017159,0.0015135,0.0016169,0.0014463,0.0015087,0.0014603,0.0014706,0.0018505,0.0017802,0.0016332,0.0017199,0.0013294,0.001601,0.0013508,0.0016472,0.0015613,0.0016373,0.0014584,0.0016277,0.0014368,0.0014252,0.0016044,0.0014615,0.0013884,0.0014251,0.0015316,0.0017222,0.0016581,0.0015583,0.0017385,0.0016255,0.0013737,0.0014887,0.0011898,0.0015237,0.001495,0.0014302,0.0014395,0.001587,0.0015172,0.0015859,0.0015949,0.0013274,0.0014324,0.001415,0.0019145,0.00147,0.0014162,0.0014421,0.001675,0.0020051,0.0015611,0.0017367,0.0011324,0.0018503,0.0016868,0.0015172,0.0015053,0.0016661,0.001476,0.0016813,0.001481,0.0014401,0.0017258,0.0015897,0.0017443,0.0017109,0.0014931,0.0014625,0.0016537,0.0016856,0.0016313,0.0015742,0.0010652,0.0020102,0.0014227,0.0012518,0.0019794,0.0018453,0.0016361,0.0017087,0.0014054,0.0014722,0.0015955,0.0016479,0.0016648,0.0017337,0.0015932,0.0016165,0.0015192,0.0014579,0.0017486,0.0016184,0.0012872,0.001685,0.0013908,0.0016588,0.0013967,0.0013594,0.0015507,0.001859,0.0014755,0.0011907,0.0014787,0.0017943,0.0017318,0.0011216,0.001903,0.0013257,0.001487,0.0012994,0.0012996,0.0014736,0.001551,0.0013804,0.001678,0.0014936,0.0014305,0.0015486,0.0012512,0.0015751,0.0014463,0.0015693,0.0014916,0.0016127,0.0014991,0.0013789,0.0016145,0.0013531,0.0016185,0.0019118,0.0015519,0.0015898,0.0016292,0.0016976,0.0015048,0.0015069,0.0015537,0.0016065,0.0015788,0.0015432,0.0016072,0.0018484,0.0016659,0.0015339,0.00075362,0.0015257,0.0014698,0.0015274,0.0015985,0.0015046,0.0015906,0.0014473,0.00193,0.0014877,0.0015103,0.0015716,0.0014796,0.0014641,0.001327,0.0013549,0.0014238,0.0017537,0.0014452,0.0014412,0.0015869,0.001403,0.0015621,0.0015354,0.0014576,0.0014654,0.0015093,0.0016129,0.0013168,0.0015715,0.0013447,0.0014968,0.0014767,0.0013514,0.0012362,0.0014186,0.001601,0.0012102,0.0015575,0.0012949,0.0013191,0.0014935,0.0012174,0.0013993,0.0014719,0.001291,0.0013967,0.0014403,0.0011348,0.0013946,0.0014011,0.001436,0.0012484,0.0014845,0.0012773,0.001406,0.0012881,0.00097393,0.0014056,0.0014712,0.001162,0.0011631,0.0011221,0.0014759,0.0014174,0.001398,0.0010177,0.00091566,0.00099445,0.0010173,0.0014335,0.0013352,0.0010171,0.0012389,0.0010284,0.0010301,0.00088253,0.00086801,0.0011318,0.0011535,0.001323,0.0012165,1074300.0,1105700.0,792270.0,4276700.0,2284500.0,1150800.0,5856800.0,1513400.0,1879800.0,3242500.0,2966100.0,734830.0,5652900.0,1298400.0,4052200.0,2459600.0,5070500.0,4091400.0,1340500.0,3371900.0,2502600.0,3347400.0,11704000.0,958350.0,6311800.0,749460.0,9101500.0,1591900.0,1841400.0,815570.0,3232100.0,1680500.0,5814300.0,23940000.0,2520900.0,2724900.0,4347000.0,1235900.0,1513400.0,1646200.0,2062700.0,1057700.0,2058300.0,1019200.0,7475600.0,2433400.0,1825600.0,1494000.0,2274900.0,15971000.0,952090.0,7278300.0,3995200.0,706940.0,3910700.0,1079100.0,2657700.0,17679000.0,32102000.0,2373200.0,1720700.0,1532600.0,2840700.0,1036400.0,1926200.0,3409900.0,803840.0,2871900.0,1940600.0,3915400.0,2755300.0,1446400.0,1119200.0,15048000.0,5077600.0,1340600.0,3613400.0,1673300.0,965090.0,2573300.0,3702600.0,1313000.0,893150.0,2116300.0,873820.0,1861100.0,2850800.0,4950200.0,4191200.0,2338500.0,5694300.0,1300700.0,9352900.0,4677300.0,1017700.0,1694700.0,903640.0,1769700.0,3509900.0,9918500.0,1730700.0,16523000.0,1417300.0,9919600.0,1633600.0,3256300.0,1272900.0,1628100.0,12535000.0,5115100.0,2157200.0,3869300.0,2389200.0,1225800.0,656170.0,3373000.0,11659000.0,2413800.0,1291100.0,778800.0,1922000.0,735100.0,1193700.0,2218700.0,8786700.0,4156700.0,2627900.0,3087700.0,2361300.0,1498700.0,773560.0,10411000.0,2404500.0,3548600.0,2073400.0,1371700.0,1031900.0,2014200.0,1052000.0,2853800.0,3921600.0,1159600.0,1477000.0,2103000.0,1521000.0,2210500.0,2422200.0,877170.0,6912100.0,1513500.0,9390500.0,6180200.0,809830.0,10291000.0,814480.0,1274500.0,19279000.0,683650.0,12167000.0,721740.0,5575100.0,3693400.0,3817200.0,2647300.0,5252900.0,4116200.0,4227600.0,964530.0,4135000.0,1638700.0,6369200.0,1506700.0,7610900.0,1080700.0,744550.0,4005200.0,2996600.0,1988300.0,8411500.0,2288700.0,948280.0,1205600.0,3671000.0,3568300.0,1940100.0,1475700.0,747540.0,6807100.0,5275200.0,2336700.0,637470.0,17726000.0,3323000.0,5257900.0,1142200.0,18258000.0,5431600.0,1100100.0,8580600.0,1353300.0,1434500.0,3992400.0,5297000.0,799330.0,1639500.0,973680.0,1778500.0,1568200.0,1456500.0,7851700.0,2342100.0,1425100.0,12280000.0,2793800.0,1238000.0,1263500.0,3260300.0,951930.0,4669600.0,1133200.0,1854600.0,8075300.0,4435100.0,696550.0,1421900.0,10018000.0,5258300.0,5069200.0,15394000.0,3001700.0,1931800.0,2342400.0,2994600.0,3189800.0,1882600.0,1749500.0,2275100.0,1499400.0,7215800.0,652060.0,3656200.0,8296200.0,8910100.0,1863600.0,5378600.0,4029700.0,5011000.0,864140.0,1139900.0,5361500.0,1551600.0,6587500.0,3485200.0,7122400.0,1970700.0,1638700.0,1591200.0,1087700.0,1106100.0,2208100.0,945990.0,5091800.0,3371700.0,4404800.0,3356800.0,2894200.0,2745600.0,15584000.0,14989000.0,6042000.0,4601000.0,2807600.0,6148400.0,3762100.0,1781300.0,2740300.0,1353800.0,4824200.0,3044800.0,1.5299,1.849,4.169,2.2306,2.4714,3.6652,1.2767,2.2315,4.2233,1.2175,1.9896,4.225,2.4855,2.6639,4.3113,0.80776,2.0623,4.2181,1.598,2.5074,3.8867,3.0524,2.8443,5.8547,1.2121,2.0127,4.2166,1.7315,1.7187,4.2474,1.2788,2.2476,4.2471,0.79328,2.0487,4.2111,2.9186,2.8418,4.5968,5.6463,2.7662,1.4254,1.2366,2.8348,3.6193,0.90051,2.1546,3.0109,2.5263,2.1002,4.4942,1.4657,1.6818,3.8986,0.67425,2.6209,3.8779,1.9501,1.7999,3.499,1.1398,2.4137,3.1573,0.32579,2.2892,3.5362,1.8145,1.6516,3.3948,2.0665,2.7539,4.3038,1.8424,1.6514,3.3789,1.5531,1.6571,3.9415,0.36013,2.1617,3.1643,2.0544,2.397,4.4502,1.4769,1.6867,3.2332,0.86559,1.914,2.7634,3.1331,2.8409,5.9277,1.9593,1.7843,3.4891,0.93544,2.7157,2.8966,1.7507,2.588,4.0022,0.68047,1.8928,2.7642,1.0911,2.4305,3.1009,1.9177,1.9275,4.4944,1.7595,1.6642,3.8912,0.5556,2.1853,3.8067,1.2697,2.4939,3.8219,0.99477,2.1061,3.2349,2.5603,2.3201,4.3232,2.037,2.1885,4.7033,1.5077,1.6656,3.9202,1.8878,1.9576,4.4883,1.4693,2.185,3.2573,0.83085,2.1692,3.1141,2.4466,2.4175,4.3528,1.9703,2.5612,4.8651,1.9338,2.6074,4.8471,2.5566,2.3181,4.3094,1.2801,2.5077,3.9193,1.7587,2.2793,4.3428,2.3361,3.0224,4.2278,0.57581,2.4341,2.5532,1.4682,2.0343,4.5997,1.9937,3.0421,3.8898,0.30152,2.3819,3.3883,1.6893,1.6218,4.0808,0.77076,2.1233,3.069,2.2553,2.2957,4.681,0.60337,2.5017,3.068,0.91151,2.1763,3.2265,0.065317,2.8956,1.8252,2.0068,2.1,4.5993,2.538,2.3501,4.2661,2.4375,2.3075,5.1488,2.0369,2.7366,4.2372,1.1239,1.8489,3.9873,4.586,2.9082,0.58507,0.84148,2.1655,3.0193,1.4194,2.1092,4.2711,1.1361,2.1602,3.5242,2.1615,2.7007,4.4239,1.6502,1.5899,4.1489,1.1628,2.54,3.0762,0.75348,2.45,3.7496,2.1487,1.8696,3.6979,1.4988,2.4925,3.4789,1.5074,2.5845,3.5723,1.5343,1.6497,4.2789,2.0218,2.7338,4.5274,2.0893,2.7337,4.618,3.3374,2.8178,6.0892,1.6988,1.6202,4.1861,1.802,1.9698,3.4127,2.3346,2.9612,5.2057,1.1863,2.5536,3.0709,2.6748,2.4244,5.0038,0.97858,2.6416,4.1356,1.5158,2.4756,3.5133,1.0376,1.9082,4.0943,1.7252,1.618,4.0759,1.8169,1.9316,3.4081,6.1106,2.9134,2.9193,2.9036,2.2535,4.6251,1.4167,1.9566,4.2876,1.1892,2.6156,3.351,1.4581,2.4517,3.3793,1.7464,1.9401,3.6873,1.9757,2.4199,4.0249,1.1025,2.3291,3.2193,2.4707,1.9716,5.2328,1.1087,2.6521,3.2985,1.4385,2.4875,3.3609,0.18955,3.0161,3.1947,0.68154,1.8431,2.8483,1.6691,2.0107,4.5028,1.4851,1.8502,4.174,5.368,2.87,1.7109,0.84352,2.1771,2.8723,0.92091,2.6609,4.1087,2.3075,2.5172,3.6707,2.7445,2.3364,4.945,2.9476,2.6285,4.5588,2.0572,2.4356,4.5488,2.2932,2.1551,4.1893,0.74342,2.1105,3.3391,0.47209,2.4302,3.0066,0.55922,2.1818,3.8373,2.4712,2.4745,4.5296,0.7893,2.4117,2.9469,1.2896,1.571,4.3408,1.6565,1.9801,3.4729,0.20217,2.6657,2.109,3.4175,2.9435,0.21754,0.85916,2.3372,3.0077,1.6455,1.6578,4.1141,1.5995,1.8493,3.2098,0.77122,2.3996,2.8713,2.191,2.3276,4.9502,1.2167,2.5576,3.1421,1.1696,2.136,3.5604,0.4644,2.0281,3.279,1.7055,1.96,3.4362,2.5376,2.0768,4.0863,2.0843,2.1389,4.9682,1.3435,1.733,3.8308,0.74445,1.9934,2.7687,2.1025,2.1465,5.0154,2.2307,2.2436,4.5247,1.5307,2.373,3.9808,4.1778,2.9608,0.10982,1.8906,2.4325,4.0045,0.73128,1.9794,4.1279,1.2127,2.62,4.2509,3.4532,2.8276,6.1072,1.6768,1.5759,3.275,0.23713,2.344,3.3937,5.0463,2.9768,0.92853,0.47036,2.8039,3.2467,1.206,2.5277,3.0166,2.2058,2.1495,4.9709,1.5644,2.0851,4.3961,1.611,1.6281,3.3463,1.5974,2.9335,3.3094,0.65138,2.3851,2.8393,0.85213,2.4295,2.9964,0.2312,2.6425,3.3423,1.7809,2.3678,4.2187,0.55693,2.4293,2.7597,1.0233,2.2629,3.6226,1.3204,1.7844,4.3078,0.25485,2.328,3.43,1.6325,1.5925,3.2772,0.66982,2.3746,2.8075,2.9961,2.8653,5.9963,1.864,2.5621,4.0023,2.0192,2.2083,4.601,2.3932,2.7098,5.1745,1.7253,1.963,3.8466,1.3667,1.8028,3.7233,2.2492,2.1458,4.9939,1.4711,2.6073,3.9838,0.58265,3.0363,2.3247,4.537,2.94,0.29941,1.282,2.7714,4.2533,1.8932,1.958,3.8918,1.2145,2.6526,2.8193,0.24481,2.7943,2.8975,1.0233,2.9055,4.1792,0.50967,2.4838,2.5856,0.77807,2.0009,2.8952,0.53118,2.4565,3.4042,1.6848,2.2,4.2922,1.1771,2.77,4.2996,0.65425,2.0018,3.0415,2.043,1.8554,3.7623,1.3035,1.8638,3.6778,2.3745,2.6665,4.8725,1.452,1.5602,4.1925,1.3243,2.142,3.2065,0.68841,2.0299,3.0488,0.65687,2.3384,2.626,1.7409,2.3484,4.1614,2.3197,2.6462,4.9372,0.61018,2.0262,3.0188,1.6402,1.7175,3.3137,0.76157,3.0045,2.5702,0.55502,2.5163,2.593,3.1246,2.7411,6.0569,6.1715,2.8642,2.5501,4.3292,2.94,0.04099,2.3786,2.3426,3.7477,1.3056,3.0698,4.1954,1.3067,2.3943,3.4984,0.30682,3.0974,3.1768,2.3746,2.2133,3.7774,1.2886,1.8479,3.6811,2.4146,2.3286,4.5953,2.6036,2.6678,4.1341,1.2699,2.7044,4.3381,1.7815,1.9539,3.86,1.1647,2.7731,3.7086,2.3849,2.4072,4.9989,1.4963,2.631,3.3287,2.177,2.2339,4.0836,0.83355,1.9524,3.3827,2.4118,2.374,3.789,2.3555,2.3803,3.7424,2.2384,1.9525,4.987,2.6549,2.29,4.8129,2.3779,2.2384,3.8019,1.413,1.5997,3.8795,2.4022,2.6518,4.9541,1.8164,1.952,3.8831,0.80603,2.1314,4.0714,1.6028,1.837,4.3029,2.3683,2.6372,4.9573,1.4582,2.392,3.2593,5.8914,2.8549,2.1631,1.863,1.7686,3.5109,1.9798,2.9758,4.257,2.0622,1.9689,4.8039,1.1387,2.5996,4.3229,1.9378,2.1489,4.9057,1.6392,1.7917,3.9502,1.6146,2.0077,3.3658,1.0939,2.7463,3.6573,0.9866,2.8423,3.8267,1.4897,2.4591,3.8864,1.1545,2.7342,3.6809,1.7983,1.7768,4.0882,0.80921,2.4565,2.7927,1.8607,2.1013,4.3945,0.094523,2.7908,2.9221,1.068,1.9513,4.3014,0.96722,2.3093,3.0483,1.6112,2.4017,4.574,0.99646,2.0841,2.8333,0.76839,2.0064,2.71,1.6522,1.7846,3.9533,0.90062,2.4504,2.8426,1.351,1.587,3.8391,2.7717,2.6,4.626,1.0658,2.1785,3.6358,1.1555,2.7645,3.6721,1.9894,1.9916,4.4743,1.0495,1.961,4.2505,1.8797,1.6469,3.4413,1.6894,2.4889,3.9856,2.1922,2.5473,4.9017,2.1002,2.3666,3.649,1.2137,3.0647,3.4542,1.4242,1.4498,4.2444,0.67003,2.988,3.6426,1.6366,1.7369,4.2376,0.7728,2.0009,2.7299,0.61022,2.2098,4.0014,2.6422,2.6001,4.5241,2.0049,2.115,3.445,1.3825,2.9042,3.5382,1.0848,2.2079,3.6271,2.5348,2.0171,4.4723,1.4976,1.7351,4.421,1.6027,2.589,3.5744,2.0656,2.2875,4.066,2.7072,2.3363,4.9836,0.44499,2.5156,2.9411
0.089639,0.14171,0.0038764,223.1,235.07,203.38,0.001285,0.0014487,0.0010152,206.33,216.75,216.68,208.96,201.19,196.63,229.7,216.18,242.38,211.69,241.67,257.86,204.15,211.28,210.58,239.49,213.57,224.43,192.02,190.38,284.58,215.41,187.28,229.43,190.94,247.53,228.01,275.43,159.61,243.53,206.76,212.39,166.5,239.39,244.38,298.09,238.22,194.85,250.57,296.42,266.27,173.26,262.43,182.26,241.21,223.03,260.73,248.98,286.65,248.33,247.7,220.19,282.81,281.13,272.26,223.34,259.25,222.28,209.2,312.21,267.84,271.71,291.09,175.14,231.21,207.17,239.94,217.6,265.65,237.15,233.4,208.06,241.34,254.74,208.94,201.12,235.56,241.94,273.45,250.47,229.88,261.5,252.17,220.14,265.06,149.67,254.64,212.03,215.88,231.28,257.09,263.7,237.6,236.55,191.36,215.66,226.88,310.83,225.23,220.32,251.02,278.49,325.36,257.04,270.9,254.43,334.9,268.98,216.2,259.03,262.98,209.97,260.64,244.27,209.62,285.33,248.84,290.66,273.38,284.58,207.11,251.91,282.7,234.76,246.63,213.78,329.89,200.77,295.32,321.03,295.57,246.89,272.87,223.79,220.32,368.98,231.77,275.53,283.34,253.59,256.62,232.77,269.16,302.69,233.29,219.23,317.13,222.77,256.65,246.7,212.97,233.65,301.6,229.23,155.27,237.5,306.86,275.82,237.18,333.5,207.89,238.19,185.18,166.18,220.5,257.5,195.75,277.53,226.13,205.67,240.42,222.31,242.95,181.96,252.12,238.57,225.6,219.38,212.52,287.64,209.47,266.66,341.4,237.18,251.96,232.82,298.19,244.55,231.4,269.38,305.73,241.1,254.8,243.79,255.98,276.61,240.87,201.32,218.78,235.29,235.03,262.88,235.67,247.19,242.61,271.83,241.39,219.18,260.99,267.28,236.66,186.8,198.06,237.13,291.71,211.29,218.28,280.06,220.29,238.88,247.69,234.88,240.21,263.73,264.79,196.2,244.54,203.14,255.33,216.38,236.77,181.05,255.0,258.03,171.72,264.16,215.53,170.03,246.81,185.69,216.41,247.11,188.83,228.98,241.44,197.94,235.12,239.06,229.42,189.01,236.12,205.52,224.46,223.26,168.51,268.55,267.23,207.51,173.74,202.23,266.03,229.23,234.15,223.42,149.8,160.24,202.06,239.85,226.5,218.7,221.37,210.83,192.16,172.46,184.7,229.28,213.73,239.4,219.6,0.00080568,0.0010502,0.0010516,0.0010979,0.0010026,0.0010383,0.0012102,0.00094181,0.001224,0.0010012,0.0012772,0.0014184,0.0010896,0.0011346,0.0010328,0.0014325,0.0012136,0.0012331,0.0012303,0.0011702,0.001673,0.0014157,0.0011675,0.0015223,0.0013131,0.0015122,0.0012908,0.0016072,0.0011761,0.0016159,0.0012462,0.0013216,0.0011507,0.0013523,0.0014887,0.0017636,0.0014194,0.001346,0.0015483,0.0016363,0.0014464,0.0010428,0.0016337,0.0012932,0.0014299,0.001398,0.0015597,0.001396,0.0016378,0.0014764,0.0012621,0.0013966,0.001723,0.0015193,0.001624,0.0014506,0.0015142,0.0014519,0.0014729,0.001859,0.0017868,0.0016395,0.0017277,0.0013289,0.0016059,0.0013548,0.0016488,0.0015639,0.0016406,0.0014623,0.001634,0.0014398,0.0014295,0.0016106,0.001464,0.0013906,0.0014275,0.0015401,0.0017298,0.0016633,0.0015609,0.0017475,0.0016322,0.0013757,0.0014934,0.0011952,0.0015085,0.0014992,0.0014325,0.0014477,0.0015942,0.0015103,0.0015875,0.0015991,0.0013302,0.0014439,0.0014207,0.0019225,0.00148,0.0014229,0.0014339,0.0016827,0.0020099,0.0015587,0.001747,0.0011545,0.0018591,0.0016923,0.0015227,0.001516,0.001686,0.0014844,0.0016866,0.0014861,0.0014507,0.0017353,0.0015942,0.0017486,0.0017228,0.001499,0.0014695,0.0016649,0.0016873,0.0016428,0.0015733,0.0010637,0.0020215,0.0014341,0.001275,0.0019866,0.0018625,0.0016394,0.0017232,0.001412,0.0014801,0.0016314,0.0016482,0.0016692,0.0017417,0.0016007,0.00162,0.0015283,0.0014649,0.0017618,0.0016262,0.0012807,0.0016909,0.0013723,0.0016561,0.0014057,0.0013655,0.001558,0.0018456,0.0014804,0.0011912,0.0014631,0.001804,0.0017371,0.001136,0.0019151,0.0013234,0.0014929,0.0013035,0.0013034,0.0014685,0.0015569,0.0013861,0.0016841,0.0015016,0.0014343,0.0015553,0.0012554,0.0015792,0.0014431,0.0015661,0.0014955,0.0016228,0.0015055,0.0013767,0.0016199,0.0013533,0.0016246,0.0019283,0.0015558,0.0015926,0.0016381,0.0017029,0.0015105,0.0015164,0.0015587,0.0016099,0.0015858,0.0015486,0.00159,0.0018572,0.0016718,0.0015376,0.00073559,0.0015299,0.0014725,0.0015352,0.0016086,0.0015083,0.0015955,0.0014498,0.0019392,0.0014904,0.0015147,0.0015758,0.0014833,0.0014681,0.0013196,0.0013584,0.0014274,0.0017601,0.0014513,0.001448,0.0015892,0.0014059,0.0015665,0.00154,0.001463,0.0014689,0.0015138,0.0016168,0.0013199,0.0015544,0.001348,0.0015017,0.0014793,0.0013486,0.0012317,0.0014233,0.0016067,0.0012112,0.001561,0.0012952,0.0013225,0.001498,0.0012193,0.0013963,0.0014767,0.0012955,0.0013991,0.0014433,0.001136,0.0013983,0.0014043,0.0014393,0.0012502,0.0014833,0.0012761,0.0014097,0.0012919,0.00097491,0.0014095,0.0014762,0.0011628,0.0011653,0.0011203,0.0014741,0.0014167,0.0014009,0.0010196,0.00091693,0.00099178,0.0010164,0.0014332,0.0013386,0.0010185,0.0012408,0.0010298,0.0010312,0.00088301,0.00086694,0.0011314,0.0011508,0.0013223,0.0012149,1074300.0,1105700.0,792270.0,4276700.0,2284500.0,1150800.0,5856800.0,1513400.0,1879800.0,3242500.0,2966100.0,734830.0,5652900.0,1298400.0,4052200.0,2459600.0,5070500.0,4091400.0,1340500.0,3371900.0,2502600.0,3347400.0,11704000.0,958350.0,6311800.0,749460.0,9101500.0,1591900.0,1841400.0,815570.0,3232100.0,1680500.0,5814300.0,23940000.0,2520900.0,2724900.0,4347000.0,1235900.0,1513400.0,1646200.0,2062700.0,1057700.0,2058300.0,1019200.0,7475600.0,2433400.0,1825600.0,1494000.0,2274900.0,15971000.0,952090.0,7278300.0,3995200.0,706940.0,3910700.0,1079100.0,2657700.0,17679000.0,32102000.0,2373200.0,1720700.0,1532600.0,2840700.0,1036400.0,1926200.0,3409900.0,803840.0,2871900.0,1940600.0,3915400.0,2755300.0,1446400.0,1119200.0,15048000.0,5077600.0,1340600.0,3613400.0,1673300.0,965090.0,2573300.0,3702600.0,1313000.0,893150.0,2116300.0,873820.0,1861100.0,2850800.0,4950200.0,4191200.0,2338500.0,5694300.0,1300700.0,9352900.0,4677300.0,1017700.0,1694700.0,903640.0,1769700.0,3509900.0,9918500.0,1730700.0,16523000.0,1417300.0,9919600.0,1633600.0,3256300.0,1272900.0,1628100.0,12535000.0,5115100.0,2157200.0,3869300.0,2389200.0,1225800.0,656170.0,3373000.0,11659000.0,2413800.0,1291100.0,778800.0,1922000.0,735100.0,1193700.0,2218700.0,8786700.0,4156700.0,2627900.0,3087700.0,2361300.0,1498700.0,773560.0,10411000.0,2404500.0,3548600.0,2073400.0,1371700.0,1031900.0,2014200.0,1052000.0,2853800.0,3921600.0,1159600.0,1477000.0,2103000.0,1521000.0,2210500.0,2422200.0,877170.0,6912100.0,1513500.0,9390500.0,6180200.0,809830.0,10291000.0,814480.0,1274500.0,19279000.0,683650.0,12167000.0,721740.0,5575100.0,3693400.0,3817200.0,2647300.0,5252900.0,4116200.0,4227600.0,964530.0,4135000.0,1638700.0,6369200.0,1506700.0,7610900.0,1080700.0,744550.0,4005200.0,2996600.0,1988300.0,8411500.0,2288700.0,948280.0,1205600.0,3671000.0,3568300.0,1940100.0,1475700.0,747540.0,6807100.0,5275200.0,2336700.0,637470.0,17726000.0,3323000.0,5257900.0,1142200.0,18258000.0,5431600.0,1100100.0,8580600.0,1353300.0,1434500.0,3992400.0,5297000.0,799330.0,1639500.0,973680.0,1778500.0,1568200.0,1456500.0,7851700.0,2342100.0,1425100.0,12280000.0,2793800.0,1238000.0,1263500.0,3260300.0,951930.0,4669600.0,1133200.0,1854600.0,8075300.0,4435100.0,696550.0,1421900.0,10018000.0,5258300.0,5069200.0,15394000.0,3001700.0,1931800.0,2342400.0,2994600.0,3189800.0,1882600.0,1749500.0,2275100.0,1499400.0,7215800.0,652060.0,3656200.0,8296200.0,8910100.0,1863600.0,5378600.0,4029700.0,5011000.0,864140.0,1139900.0,5361500.0,1551600.0,6587500.0,3485200.0,7122400.0,1970700.0,1638700.0,1591200.0,1087700.0,1106100.0,2208100.0,945990.0,5091800.0,3371700.0,4404800.0,3356800.0,2894200.0,2745600.0,15584000.0,14989000.0,6042000.0,4601000.0,2807600.0,6148400.0,3762100.0,1781300.0,2740300.0,1353800.0,4824200.0,3044800.0,1.5301,1.8492,4.1689,2.2307,2.4716,3.6652,1.2766,2.2317,4.2233,1.2171,1.9896,4.2248,2.4852,2.6639,4.3115,0.80672,2.0624,4.2182,1.5994,2.5078,3.8865,3.0532,2.8444,5.8553,1.2116,2.0131,4.2162,1.7311,1.7186,4.2474,1.2789,2.2481,4.2477,0.79179,2.0484,4.211,2.9188,2.8419,4.5983,5.6447,2.7659,1.4244,1.2368,2.8345,3.6194,0.89922,2.1548,3.0106,2.5272,2.1015,4.4954,1.4656,1.6818,3.8985,0.67485,2.6221,3.8779,1.949,1.8006,3.4996,1.141,2.4129,3.1592,0.3266,2.2893,3.5354,1.8151,1.6511,3.395,2.0653,2.7523,4.3013,1.8434,1.651,3.3787,1.5546,1.6567,3.9422,0.35944,2.1623,3.1634,2.055,2.3979,4.4517,1.4771,1.6871,3.234,0.86617,1.9146,2.7633,3.1354,2.8409,5.9298,1.9585,1.7849,3.4894,0.93413,2.7158,2.897,1.7493,2.588,4.0022,0.68139,1.8932,2.7636,1.0912,2.4301,3.1017,1.918,1.9277,4.4944,1.7606,1.6637,3.8911,0.55669,2.1848,3.8084,1.2715,2.4952,3.823,0.99447,2.1071,3.2339,2.5609,2.3207,4.3241,2.0364,2.1893,4.7039,1.5081,1.6652,3.9204,1.8876,1.9585,4.4882,1.4693,2.1853,3.257,0.83051,2.1709,3.1123,2.447,2.4186,4.3535,1.9708,2.5604,4.8644,1.9336,2.6077,4.8462,2.5571,2.3187,4.3101,1.28,2.5081,3.9186,1.7602,2.2803,4.3439,2.3397,3.0216,4.2307,0.57728,2.4333,2.555,1.4668,2.0339,4.5996,1.992,3.0415,3.8872,0.30012,2.382,3.3873,1.6896,1.6217,4.0806,0.77195,2.1253,3.0685,2.2557,2.2962,4.6816,0.6029,2.4995,3.0693,0.90931,2.1782,3.2251,0.063895,2.8956,1.8226,2.0071,2.1023,4.5999,2.5379,2.3512,4.266,2.4326,2.3071,5.1477,2.0347,2.7348,4.2332,1.1246,1.8487,3.9882,4.585,2.9056,0.58688,0.84024,2.1662,3.0184,1.4212,2.1096,4.2713,1.1374,2.1617,3.5248,2.1585,2.6994,4.4209,1.6493,1.5896,4.1488,1.1633,2.5397,3.0767,0.75343,2.4507,3.7492,2.1506,1.8684,3.6972,1.4964,2.4937,3.479,1.5039,2.5853,3.5713,1.5316,1.649,4.2792,2.0198,2.7321,4.5258,2.088,2.7322,4.6178,3.3379,2.8184,6.0899,1.6988,1.6206,4.1866,1.8037,1.9693,3.4122,2.3376,2.9613,5.2102,1.1868,2.5539,3.0703,2.6759,2.4241,5.0044,0.97847,2.6425,4.1373,1.5136,2.4765,3.5142,1.0338,1.9099,4.0942,1.727,1.6181,4.0756,1.8204,1.9307,3.4071,6.1046,2.9127,2.9144,2.904,2.2525,4.6267,1.4189,1.9565,4.2894,1.1876,2.6141,3.3515,1.4577,2.4519,3.3799,1.745,1.939,3.6867,1.9769,2.4214,4.0266,1.1024,2.3301,3.2201,2.4697,1.9697,5.2348,1.1056,2.6508,3.2981,1.4377,2.4886,3.3611,0.19217,3.0173,3.1954,0.68125,1.8445,2.847,1.6681,2.0098,4.5049,1.485,1.8495,4.1752,5.3636,2.8685,1.7071,0.84412,2.1783,2.8741,0.92085,2.6622,4.1107,2.3099,2.516,3.6715,2.7503,2.3348,4.9455,2.9508,2.6273,4.5598,2.0566,2.4343,4.5499,2.2906,2.1566,4.1893,0.74265,2.1139,3.3388,0.47471,2.4296,3.0083,0.55934,2.1831,3.8389,2.4728,2.4734,4.5319,0.78846,2.4117,2.9471,1.2904,1.5707,4.3419,1.6549,1.9792,3.4737,0.20529,2.6651,2.1094,3.4192,2.9431,0.22135,0.8604,2.3348,3.0108,1.645,1.6584,4.115,1.6027,1.8506,3.2108,0.77108,2.3984,2.871,2.1915,2.3268,4.95,1.2191,2.558,3.1436,1.1723,2.1385,3.5618,0.46214,2.0297,3.2798,1.7056,1.9588,3.436,2.5414,2.0767,4.0854,2.0826,2.1389,4.968,1.345,1.7326,3.8316,0.74548,1.994,2.7691,2.1016,2.1462,5.0169,2.2282,2.245,4.5258,1.5299,2.375,3.9814,4.1763,2.9595,0.10809,1.8892,2.4343,4.0046,0.72875,1.9796,4.1284,1.2134,2.6205,4.251,3.4508,2.827,6.1071,1.6789,1.5759,3.2755,0.23662,2.3445,3.3934,5.0424,2.9771,0.92346,0.4683,2.8043,3.2471,1.2049,2.528,3.0177,2.2071,2.1504,4.9718,1.5666,2.0847,4.3975,1.6127,1.6281,3.3478,1.6026,2.9337,3.3086,0.65522,2.3838,2.8418,0.85095,2.4285,2.9967,0.23187,2.6432,3.3428,1.7866,2.3706,4.2211,0.5598,2.4292,2.7609,1.0228,2.2648,3.6217,1.3192,1.7838,4.3081,0.25353,2.3286,3.4307,1.6351,1.5921,3.2773,0.6746,2.3731,2.8092,2.9954,2.8652,5.9976,1.8605,2.561,4.0014,2.0197,2.2086,4.6012,2.3881,2.7084,5.1721,1.7219,1.9628,3.8455,1.368,1.8022,3.724,2.2511,2.1455,4.9941,1.4724,2.6062,3.9829,0.57875,3.0356,2.3183,4.5349,2.9391,0.29829,1.2841,2.7738,4.2519,1.8934,1.9584,3.892,1.2143,2.6533,2.8183,0.2419,2.7943,2.8962,1.0251,2.9059,4.1802,0.50881,2.4828,2.586,0.78075,2.003,2.8932,0.53111,2.4575,3.4039,1.6873,2.2005,4.2935,1.1751,2.7717,4.2982,0.65505,2.003,3.0397,2.0448,1.8547,3.7611,1.3069,1.8641,3.6788,2.3724,2.6651,4.8698,1.4537,1.5608,4.1927,1.323,2.1419,3.2071,0.68949,2.0316,3.0477,0.65991,2.3366,2.6264,1.7429,2.3498,4.1621,2.3173,2.6446,4.9364,0.60981,2.0276,3.0168,1.6425,1.7177,3.3129,0.76513,3.0039,2.5719,0.55472,2.5164,2.5931,3.1284,2.7408,6.061,6.1734,2.8644,2.5535,4.3238,2.9389,0.035263,2.3791,2.3409,3.7472,1.313,3.0693,4.2051,1.3044,2.3964,3.4975,0.29824,3.0977,3.1703,2.3745,2.2127,3.7766,1.2892,1.8478,3.6819,2.4142,2.3285,4.5961,2.6039,2.6687,4.1365,1.2698,2.7047,4.3381,1.7792,1.9536,3.859,1.1655,2.7724,3.7098,2.3835,2.4056,4.9969,1.4942,2.6308,3.3298,2.1767,2.2352,4.0833,0.8332,1.9531,3.3829,2.4125,2.373,3.7894,2.3554,2.3796,3.7421,2.2396,1.9538,4.989,2.6545,2.29,4.8133,2.3782,2.2384,3.8016,1.4135,1.6,3.8805,2.4008,2.6504,4.9532,1.8149,1.9518,3.8826,0.80657,2.1312,4.073,1.6026,1.8371,4.3038,2.3667,2.6355,4.9569,1.4579,2.3921,3.2592,5.8901,2.8542,2.162,1.863,1.7682,3.5114,1.979,2.9745,4.2555,2.0634,1.9694,4.805,1.1396,2.6001,4.3239,1.9392,2.1489,4.9066,1.6395,1.7915,3.9499,1.6149,2.0076,3.3652,1.0955,2.7456,3.6592,0.98796,2.8424,3.8271,1.4916,2.46,3.8872,1.1549,2.7327,3.6812,1.7973,1.7762,4.088,0.8075,2.4563,2.7932,1.86,2.1019,4.3948,0.094941,2.7906,2.924,1.0675,1.9511,4.3022,0.96754,2.3087,3.0491,1.6106,2.4018,4.5737,0.99663,2.084,2.8334,0.76897,2.0065,2.7095,1.6529,1.7842,3.953,0.90014,2.4502,2.8441,1.3503,1.587,3.8392,2.7716,2.6002,4.6257,1.0655,2.1795,3.6359,1.156,2.7637,3.6724,1.9897,1.9917,4.4743,1.0486,1.961,4.2503,1.8802,1.6468,3.4412,1.69,2.489,3.9853,2.1936,2.5471,4.9012,2.0991,2.3663,3.6478,1.2138,3.0645,3.4546,1.4237,1.4496,4.2446,0.67096,2.9878,3.643,1.6368,1.7365,4.2377,0.77338,2.0009,2.7297,0.60882,2.2101,4.0025,2.6413,2.6001,4.524,2.0052,2.1147,3.4451,1.3823,2.9037,3.5381,1.0849,2.2083,3.6269,2.5349,2.0176,4.4725,1.4977,1.7352,4.421,1.6025,2.5889,3.5742,2.0657,2.2875,4.0659,2.7072,2.3356,4.9831,0.44503,2.5153,2.9408
0.091538,0.14472,0.0039389,223.41,235.67,203.21,0.0012866,0.0014517,0.0010148,206.37,217.04,216.82,209.32,201.31,195.99,229.86,216.42,243.06,212.07,241.67,257.7,204.07,211.7,210.95,240.66,213.67,225.19,192.37,190.01,285.9,215.78,187.47,229.63,191.12,248.34,228.85,276.73,160.05,243.94,207.07,212.3,165.92,238.82,244.65,299.12,238.7,194.84,251.68,297.66,267.36,174.09,261.12,182.33,242.04,224.16,261.59,249.7,287.68,249.21,248.05,221.37,284.05,282.29,273.49,224.39,260.15,221.06,209.5,313.47,269.03,273.25,293.88,175.5,232.05,208.48,239.15,217.56,266.45,239.02,234.73,208.6,242.14,255.86,209.56,201.73,235.95,243.43,274.84,251.18,229.98,263.15,253.24,220.76,266.53,150.25,253.66,212.46,216.31,232.76,258.43,261.29,238.21,237.45,192.67,217.73,227.63,311.83,227.0,221.49,251.76,279.87,325.36,256.01,273.21,259.49,336.52,269.25,216.77,260.97,266.59,211.39,261.69,245.78,212.27,286.98,249.44,290.97,276.19,286.6,208.28,254.9,282.56,236.11,246.4,214.74,331.97,202.52,299.16,322.53,298.87,247.27,276.19,224.32,221.59,374.97,232.12,276.38,284.91,255.42,256.62,234.5,270.58,305.24,234.24,219.32,317.67,220.95,256.69,248.46,213.73,234.91,302.1,229.78,155.43,236.53,308.08,276.75,240.98,336.02,207.3,239.27,185.81,167.19,220.77,258.05,196.51,278.59,227.27,206.16,241.17,222.84,243.63,180.77,251.12,239.27,226.77,219.86,211.67,288.56,209.37,267.76,343.97,237.74,252.17,234.56,299.24,245.64,233.36,270.21,306.77,242.27,255.58,241.01,259.1,277.51,241.53,194.72,219.77,235.6,237.41,266.21,236.18,247.92,243.33,274.2,242.59,219.92,261.87,268.17,237.74,184.2,198.58,237.64,293.01,212.61,219.6,280.63,220.79,239.69,248.31,236.13,240.78,264.14,265.32,196.64,240.43,203.53,256.06,216.84,235.77,179.91,255.69,259.08,171.8,264.67,215.24,170.46,247.47,185.69,215.57,247.87,189.53,229.48,241.98,198.14,235.62,239.6,229.93,189.21,235.52,204.92,225.06,223.9,168.63,269.12,267.96,207.59,174.04,201.6,265.46,228.91,234.59,223.86,149.94,159.7,201.87,239.54,227.08,219.04,221.76,211.13,192.33,172.53,184.5,229.22,213.05,239.18,219.17,0.00080439,0.0010504,0.0010517,0.0010997,0.0010033,0.0010327,0.0012107,0.00094202,0.0012269,0.0010034,0.0012773,0.0014183,0.0010875,0.0011372,0.0010346,0.0014389,0.0012144,0.0012369,0.0012337,0.0011676,0.0016795,0.001418,0.0011688,0.0015244,0.0013144,0.0015175,0.0012962,0.001615,0.0011804,0.001618,0.0012483,0.001321,0.0011468,0.0013497,0.0014904,0.0017694,0.0014231,0.0013446,0.0015543,0.0016427,0.0014507,0.0010466,0.0016285,0.0012952,0.0014349,0.0014053,0.0015653,0.0013995,0.001644,0.0014811,0.0012621,0.0014008,0.0017295,0.0015244,0.0016305,0.0014547,0.0015192,0.0014393,0.0014747,0.0018669,0.0017928,0.0016453,0.0017356,0.0013282,0.0016103,0.0013589,0.0016478,0.0015664,0.0016437,0.0014667,0.0016406,0.0014424,0.0014332,0.0016161,0.0014658,0.0013921,0.0014294,0.0015484,0.0017372,0.0016689,0.0015637,0.0017567,0.0016391,0.0013773,0.0014976,0.0012,0.0014916,0.0015035,0.0014344,0.0014558,0.0016012,0.0015027,0.0015889,0.0016027,0.0013324,0.0014551,0.0014264,0.0019304,0.0014903,0.0014297,0.0014261,0.0016902,0.002013,0.0015534,0.0017578,0.0011758,0.0018679,0.0016964,0.0015273,0.0015271,0.0017053,0.0014929,0.0016901,0.0014929,0.0014612,0.0017447,0.0015986,0.0017514,0.0017346,0.0015047,0.001475,0.0016752,0.001687,0.0016547,0.0015714,0.0010626,0.0020315,0.0014458,0.0012979,0.001993,0.0018804,0.0016428,0.0017378,0.0014172,0.001488,0.0016643,0.001649,0.0016725,0.0017495,0.0016078,0.0016236,0.0015379,0.0014718,0.0017754,0.0016341,0.0012746,0.0016968,0.0013558,0.0016508,0.0014133,0.0013717,0.0015654,0.0018303,0.001484,0.0011904,0.0014477,0.001813,0.0017426,0.0011507,0.0019277,0.0013196,0.001499,0.0013077,0.0013072,0.0014637,0.0015619,0.001392,0.0016903,0.0015094,0.0014381,0.001562,0.001259,0.0015834,0.0014404,0.0015602,0.0014996,0.0016333,0.0015119,0.0013727,0.0016245,0.0013535,0.00163,0.0019463,0.0015595,0.0015951,0.0016486,0.0017079,0.001516,0.0015287,0.0015629,0.0016126,0.0015923,0.0015533,0.0015698,0.0018657,0.0016774,0.0015405,0.00070417,0.0015338,0.0014743,0.0015426,0.0016203,0.0015118,0.0016001,0.0014514,0.0019476,0.0014926,0.0015185,0.0015834,0.0014861,0.0014716,0.0013107,0.0013616,0.0014303,0.0017659,0.0014574,0.0014551,0.0015952,0.0014084,0.0015705,0.0015439,0.0014684,0.0014719,0.0015177,0.0016201,0.0013226,0.0015232,0.0013508,0.0015058,0.0014827,0.0013461,0.0012245,0.0014282,0.0016122,0.0012118,0.0015641,0.0012954,0.0013255,0.0015022,0.0012214,0.0013907,0.0014811,0.0013002,0.0014011,0.0014459,0.0011369,0.0014017,0.0014075,0.0014431,0.0012524,0.0014806,0.0012735,0.0014132,0.0012956,0.00097609,0.0014132,0.001481,0.0011637,0.0011673,0.0011175,0.0014707,0.0014144,0.0014034,0.0010212,0.00091799,0.00098776,0.0010151,0.0014321,0.0013415,0.0010197,0.0012425,0.0010312,0.0010325,0.00088361,0.0008658,0.0011308,0.0011471,0.0013205,0.0012121,1074300.0,1105700.0,792270.0,4276700.0,2284500.0,1150800.0,5856800.0,1513400.0,1879800.0,3242500.0,2966100.0,734830.0,5652900.0,1298400.0,4052200.0,2459600.0,5070500.0,4091400.0,1340500.0,3371900.0,2502600.0,3347400.0,11704000.0,958350.0,6311800.0,749460.0,9101500.0,1591900.0,1841400.0,815570.0,3232100.0,1680500.0,5814300.0,23940000.0,2520900.0,2724900.0,4347000.0,1235900.0,1513400.0,1646200.0,2062700.0,1057700.0,2058300.0,1019200.0,7475600.0,2433400.0,1825600.0,1494000.0,2274900.0,15971000.0,952090.0,7278300.0,3995200.0,706940.0,3910700.0,1079100.0,2657700.0,17679000.0,32102000.0,2373200.0,1720700.0,1532600.0,2840700.0,1036400.0,1926200.0,3409900.0,803840.0,2871900.0,1940600.0,3915400.0,2755300.0,1446400.0,1119200.0,15048000.0,5077600.0,1340600.0,3613400.0,1673300.0,965090.0,2573300.0,3702600.0,1313000.0,893150.0,2116300.0,873820.0,1861100.0,2850800.0,4950200.0,4191200.0,2338500.0,5694300.0,1300700.0,9352900.0,4677300.0,1017700.0,1694700.0,903640.0,1769700.0,3509900.0,9918500.0,1730700.0,16523000.0,1417300.0,9919600.0,1633600.0,3256300.0,1272900.0,1628100.0,12535000.0,5115100.0,2157200.0,3869300.0,2389200.0,1225800.0,656170.0,3373000.0,11659000.0,2413800.0,1291100.0,778800.0,1922000.0,735100.0,1193700.0,2218700.0,8786700.0,4156700.0,2627900.0,3087700.0,2361300.0,1498700.0,773560.0,10411000.0,2404500.0,3548600.0,2073400.0,1371700.0,1031900.0,2014200.0,1052000.0,2853800.0,3921600.0,1159600.0,1477000.0,2103000.0,1521000.0,2210500.0,2422200.0,877170.0,6912100.0,1513500.0,9390500.0,6180200.0,809830.0,10291000.0,814480.0,1274500.0,19279000.0,683650.0,12167000.0,721740.0,5575100.0,3693400.0,3817200.0,2647300.0,5252900.0,4116200.0,4227600.0,964530.0,4135000.0,1638700.0,6369200.0,1506700.0,7610900.0,1080700.0,744550.0,4005200.0,2996600.0,1988300.0,8411500.0,2288700.0,948280.0,1205600.0,3671000.0,3568300.0,1940100.0,1475700.0,747540.0,6807100.0,5275200.0,2336700.0,637470.0,17726000.0,3323000.0,5257900.0,1142200.0,18258000.0,5431600.0,1100100.0,8580600.0,1353300.0,1434500.0,3992400.0,5297000.0,799330.0,1639500.0,973680.0,1778500.0,1568200.0,1456500.0,7851700.0,2342100.0,1425100.0,12280000.0,2793800.0,1238000.0,1263500.0,3260300.0,951930.0,4669600.0,1133200.0,1854600.0,8075300.0,4435100.0,696550.0,1421900.0,10018000.0,5258300.0,5069200.0,15394000.0,3001700.0,1931800.0,2342400.0,2994600.0,3189800.0,1882600.0,1749500.0,2275100.0,1499400.0,7215800.0,652060.0,3656200.0,8296200.0,8910100.0,1863600.0,5378600.0,4029700.0,5011000.0,864140.0,1139900.0,5361500.0,1551600.0,6587500.0,3485200.0,7122400.0,1970700.0,1638700.0,1591200.0,1087700.0,1106100.0,2208100.0,945990.0,5091800.0,3371700.0,4404800.0,3356800.0,2894200.0,2745600.0,15584000.0,14989000.0,6042000.0,4601000.0,2807600.0,6148400.0,3762100.0,1781300.0,2740300.0,1353800.0,4824200.0,3044800.0,1.5302,1.8494,4.1688,2.2309,2.4717,3.6652,1.2766,2.2318,4.2233,1.2168,1.9895,4.2246,2.4848,2.6639,4.3116,0.80569,2.0624,4.2183,1.6009,2.5083,3.8864,3.054,2.8444,5.8558,1.2111,2.0135,4.2158,1.7307,1.7186,4.2473,1.279,2.2487,4.2483,0.79032,2.048,4.211,2.919,2.8419,4.5998,5.6432,2.7656,1.4233,1.2369,2.8342,3.6195,0.89794,2.1549,3.0103,2.5282,2.1027,4.4966,1.4654,1.6818,3.8983,0.67547,2.6233,3.8779,1.9479,1.8014,3.5002,1.1422,2.4122,3.1612,0.32741,2.2894,3.5347,1.8156,1.6507,3.3952,2.0641,2.7507,4.2989,1.8445,1.6507,3.3785,1.5561,1.6563,3.9429,0.35876,2.1629,3.1626,2.0558,2.3987,4.4532,1.4772,1.6875,3.2348,0.86674,1.9153,2.7631,3.1377,2.8408,5.9319,1.9577,1.7854,3.4898,0.93283,2.7158,2.8974,1.7479,2.588,4.0022,0.68231,1.8935,2.763,1.0913,2.4298,3.1025,1.9183,1.928,4.4944,1.7617,1.6632,3.8911,0.55777,2.1843,3.8101,1.2734,2.4966,3.8242,0.99416,2.1081,3.233,2.5615,2.3213,4.325,2.0357,2.19,4.7046,1.5086,1.6649,3.9206,1.8874,1.9594,4.4881,1.4692,2.1856,3.2566,0.83015,2.1727,3.1104,2.4473,2.4197,4.3542,1.9713,2.5595,4.8638,1.9335,2.6079,4.8454,2.5576,2.3193,4.3107,1.2799,2.5084,3.9178,1.7616,2.2812,4.3449,2.3433,3.0208,4.2335,0.57874,2.4325,2.5569,1.4654,2.0336,4.5996,1.9904,3.041,3.8847,0.29879,2.382,3.3863,1.6899,1.6215,4.0805,0.77312,2.1272,3.068,2.2561,2.2968,4.6822,0.60242,2.4974,3.0705,0.90708,2.1801,3.2236,0.062478,2.8956,1.82,2.0074,2.1045,4.6004,2.5378,2.3524,4.2659,2.4277,2.3067,5.1466,2.0325,2.733,4.2293,1.1253,1.8485,3.989,4.584,2.903,0.58877,0.83886,2.1669,3.0174,1.423,2.11,4.2714,1.1388,2.1632,3.5255,2.1556,2.6981,4.4178,1.6484,1.5893,4.1486,1.1637,2.5395,3.0772,0.75337,2.4514,3.7488,2.1525,1.8673,3.6966,1.494,2.4949,3.4791,1.5004,2.5861,3.5702,1.5289,1.6483,4.2795,2.0176,2.7304,4.5242,2.0866,2.7307,4.6176,3.3386,2.819,6.0907,1.6987,1.6209,4.187,1.8054,1.9687,3.4117,2.3404,2.9614,5.2146,1.1872,2.5544,3.0697,2.677,2.4237,5.0049,0.97834,2.6434,4.1391,1.5113,2.4773,3.515,1.03,1.9115,4.0941,1.7288,1.6182,4.0753,1.8239,1.9299,3.4062,6.0989,2.912,2.9097,2.9045,2.2516,4.6283,1.421,1.9564,4.2912,1.1859,2.6126,3.3519,1.4573,2.4521,3.3805,1.7436,1.9379,3.6861,1.9781,2.4229,4.0283,1.1023,2.3311,3.2208,2.4687,1.9677,5.2367,1.1024,2.6496,3.2976,1.437,2.4898,3.3612,0.19491,3.0185,3.1962,0.68091,1.8458,2.8457,1.6672,2.0088,4.507,1.4849,1.8488,4.1764,5.3592,2.8671,1.7032,0.8447,2.1795,2.8759,0.92078,2.6634,4.1126,2.3122,2.5148,3.6721,2.7562,2.3332,4.9459,2.9538,2.6261,4.5607,2.056,2.433,4.551,2.2878,2.158,4.1892,0.74186,2.1171,3.3386,0.4774,2.4289,3.0099,0.55951,2.1843,3.8406,2.4743,2.4724,4.5342,0.78748,2.4118,2.9472,1.2912,1.5704,4.343,1.6532,1.9783,3.4745,0.20839,2.6645,2.1098,3.4209,2.9428,0.22499,0.86156,2.3325,3.0138,1.6445,1.659,4.1159,1.6058,1.8518,3.2119,0.77094,2.3972,2.8707,2.1919,2.326,4.9499,1.2216,2.5584,3.1451,1.1751,2.1411,3.5633,0.45987,2.0313,3.2805,1.7056,1.9576,3.4358,2.5451,2.0765,4.0846,2.081,2.139,4.9677,1.3464,1.7322,3.8324,0.7465,1.9946,2.7695,2.1006,2.1458,5.0183,2.2256,2.2464,4.5269,1.5291,2.377,3.9821,4.1748,2.9583,0.10624,1.8878,2.436,4.0048,0.72625,1.9798,4.129,1.214,2.621,4.2509,3.4484,2.8264,6.1071,1.6809,1.5757,3.2759,0.23621,2.3451,3.3931,5.0383,2.9774,0.91814,0.46629,2.8047,3.2475,1.2039,2.5283,3.0189,2.2084,2.1514,4.9727,1.5688,2.0842,4.3989,1.6144,1.628,3.3492,1.6077,2.9339,3.3077,0.65894,2.3826,2.8443,0.84982,2.4275,2.9971,0.23263,2.6439,3.3434,1.7923,2.3734,4.2235,0.56266,2.4291,2.7621,1.0223,2.2668,3.6208,1.3181,1.7833,4.3084,0.25226,2.3292,3.4314,1.6377,1.5918,3.2774,0.67931,2.3716,2.8108,2.9946,2.8651,5.9988,1.857,2.5599,4.0005,2.0202,2.2089,4.6013,2.3832,2.707,5.1697,1.7186,1.9626,3.8443,1.3694,1.8016,3.7247,2.2529,2.1453,4.9942,1.4737,2.605,3.982,0.57553,3.035,2.3127,4.5329,2.9382,0.29718,1.2863,2.7761,4.2505,1.8936,1.9587,3.8921,1.2141,2.6541,2.8173,0.23902,2.7943,2.8949,1.027,2.9062,4.1812,0.50799,2.4819,2.5864,0.78354,2.0051,2.8912,0.53105,2.4585,3.4038,1.6898,2.201,4.2947,1.1733,2.7734,4.2969,0.65588,2.0041,3.0378,2.0465,1.854,3.7599,1.3106,1.8644,3.6797,2.3702,2.6637,4.8672,1.4555,1.5614,4.193,1.3217,2.1417,3.2078,0.69057,2.0332,3.0465,0.66297,2.3348,2.6267,1.745,2.3512,4.1629,2.3149,2.6431,4.9356,0.60945,2.029,3.0149,1.6454,1.7186,3.312,0.76869,3.0034,2.5735,0.55441,2.5165,2.5933,3.1322,2.7404,6.0651,6.1755,2.8647,2.5573,4.3184,2.9379,0.029635,2.3796,2.3392,3.7468,1.3202,3.0687,4.2147,1.3023,2.3985,3.4965,0.29015,3.0979,3.1643,2.3745,2.212,3.7759,1.2897,1.8476,3.6828,2.4138,2.3284,4.5968,2.6041,2.6697,4.1389,1.2696,2.7051,4.3382,1.777,1.9532,3.8581,1.1664,2.7718,3.711,2.382,2.404,4.995,1.4921,2.6307,3.331,2.1762,2.2365,4.0829,0.8327,1.9538,3.3832,2.4131,2.3721,3.7899,2.3553,2.3788,3.7417,2.2408,1.9552,4.991,2.654,2.2899,4.8138,2.3784,2.2384,3.8014,1.414,1.6003,3.8815,2.3994,2.6489,4.9523,1.8134,1.9515,3.8821,0.80705,2.131,4.0746,1.6024,1.8372,4.3046,2.3651,2.6338,4.9565,1.4576,2.3923,3.2592,5.8886,2.8535,2.1608,1.863,1.7678,3.5119,1.9782,2.9732,4.254,2.0645,1.9699,4.8061,1.1405,2.6006,4.325,1.9406,2.149,4.9075,1.6398,1.7913,3.9496,1.6152,2.0075,3.3646,1.0971,2.7449,3.661,0.98926,2.8426,3.8274,1.4934,2.4609,3.8879,1.1554,2.7313,3.6816,1.7963,1.7755,4.0879,0.8058,2.4562,2.7936,1.8592,2.1026,4.3951,0.095346,2.7904,2.9258,1.067,1.951,4.303,0.96783,2.3081,3.0499,1.6101,2.402,4.5735,0.99678,2.0838,2.8334,0.76956,2.0066,2.7089,1.6537,1.7839,3.9527,0.89965,2.45,2.8456,1.3495,1.5869,3.8392,2.7716,2.6004,4.6255,1.0651,2.1806,3.636,1.1566,2.7628,3.6728,1.99,1.9918,4.4743,1.0478,1.9609,4.2501,1.8808,1.6468,3.4411,1.6907,2.4892,3.985,2.195,2.5469,4.9008,2.0981,2.366,3.6466,1.214,3.0643,3.455,1.4232,1.4493,4.2448,0.67187,2.9876,3.6435,1.6371,1.7363,4.2378,0.77395,2.0009,2.7295,0.60742,2.2103,4.0036,2.6403,2.6001,4.5238,2.0054,2.1145,3.4453,1.3822,2.9033,3.5379,1.0849,2.2087,3.6267,2.5349,2.018,4.4726,1.4978,1.7352,4.421,1.6023,2.5889,3.5741,2.0658,2.2875,4.0658,2.7072,2.3349,4.9827,0.44506,2.515,2.9406
0.093426,0.14772,0.0040003,223.65,236.2,202.98,0.0012878,0.0014541,0.001014,206.42,217.37,216.91,209.74,201.36,195.07,230.01,216.68,243.81,212.46,241.51,257.33,203.85,212.1,211.34,241.96,213.72,226.02,192.68,189.43,287.36,216.1,187.64,229.76,191.26,249.22,229.73,278.18,160.54,244.25,207.3,212.1,165.05,237.91,244.81,300.13,239.12,194.75,252.81,298.91,268.58,175.08,259.18,182.35,242.87,225.47,262.38,250.35,288.67,250.14,248.32,222.74,285.22,283.38,274.67,225.63,260.97,219.15,209.72,314.63,270.14,274.9,297.16,175.82,232.85,210.09,236.88,217.41,267.51,241.66,236.33,209.1,242.85,256.94,210.19,202.26,236.27,244.87,276.26,252.07,230.11,265.01,254.47,221.28,268.01,150.74,252.48,212.86,216.64,234.31,259.8,258.53,238.8,238.28,193.94,219.8,228.48,312.78,228.79,222.75,252.69,281.24,324.97,254.22,275.6,264.43,338.18,269.15,217.12,262.96,270.1,212.8,262.47,247.26,214.79,288.63,249.99,291.01,279.13,288.52,209.26,257.77,282.19,237.48,246.1,215.76,333.84,204.29,302.89,323.83,302.31,247.63,279.41,224.62,222.82,380.43,232.52,277.06,286.43,257.12,256.58,236.32,271.97,307.91,235.23,219.67,318.19,219.17,256.32,249.97,214.51,236.19,302.36,230.15,155.5,235.73,309.13,277.74,244.81,338.49,206.55,240.4,186.45,168.07,220.94,258.42,197.32,279.69,228.3,206.68,241.91,223.21,244.23,179.89,249.94,240.01,227.85,220.05,210.67,289.26,209.22,268.71,346.39,238.31,252.32,236.34,300.22,246.67,235.22,270.91,307.74,243.35,256.25,237.95,262.32,278.34,242.12,189.4,220.8,235.8,239.86,269.71,236.67,248.6,243.95,276.53,243.8,220.6,262.86,268.96,238.81,181.23,199.08,238.07,294.25,213.91,220.97,281.44,221.24,240.4,248.83,237.38,241.27,264.45,265.74,197.03,235.42,203.85,256.67,217.32,234.65,178.52,256.34,260.09,171.85,265.11,214.85,170.86,248.07,185.63,214.53,248.54,190.22,229.89,242.42,198.3,236.05,240.11,230.43,189.41,234.73,204.16,225.58,224.5,168.73,269.59,268.62,207.63,174.32,200.81,264.71,228.43,234.94,224.23,150.02,159.04,201.61,239.11,227.58,219.29,222.12,211.39,192.47,172.56,184.25,229.1,212.25,238.84,218.66,0.00080287,0.0010507,0.0010515,0.0011017,0.0010038,0.0010253,0.001211,0.00094216,0.0012298,0.0010058,0.0012766,0.0014172,0.0010845,0.0011397,0.0010365,0.001446,0.0012149,0.0012408,0.0012373,0.0011635,0.0016863,0.00142,0.0011698,0.001526,0.0013154,0.0015227,0.0013021,0.0016238,0.0011854,0.0016195,0.00125,0.0013197,0.001141,0.0013455,0.0014915,0.0017748,0.0014264,0.0013426,0.0015602,0.0016486,0.0014548,0.0010513,0.0016206,0.0012966,0.0014397,0.0014136,0.0015705,0.0014025,0.0016496,0.0014858,0.0012611,0.0014053,0.0017355,0.0015291,0.0016365,0.0014587,0.0015237,0.0014206,0.001476,0.0018742,0.0017982,0.0016509,0.0017438,0.001327,0.0016141,0.0013633,0.0016392,0.0015686,0.0016471,0.0014727,0.0016482,0.0014446,0.0014363,0.001621,0.0014671,0.001393,0.0014307,0.0015564,0.0017446,0.0016756,0.0015671,0.0017666,0.0016466,0.0013786,0.0015014,0.0012044,0.0014738,0.0015078,0.001436,0.0014643,0.0016082,0.0014943,0.0015898,0.0016055,0.0013338,0.0014656,0.0014324,0.0019383,0.0015007,0.0014371,0.0014185,0.0016976,0.0020141,0.0015436,0.0017689,0.0011956,0.0018772,0.0016986,0.0015309,0.0015383,0.001724,0.0015016,0.0016913,0.0015006,0.0014715,0.0017543,0.001603,0.0017528,0.0017466,0.0015104,0.0014793,0.0016847,0.0016845,0.0016668,0.0015687,0.0010624,0.0020402,0.0014577,0.0013206,0.0019985,0.0018989,0.0016461,0.0017524,0.0014212,0.0014957,0.0016943,0.0016504,0.0016746,0.0017572,0.0016147,0.0016269,0.0015479,0.0014784,0.0017894,0.0016422,0.0012693,0.0017026,0.00134,0.0016422,0.001419,0.001378,0.0015727,0.0018146,0.0014865,0.0011887,0.0014328,0.0018209,0.0017483,0.0011656,0.0019401,0.0013148,0.0015053,0.001312,0.0013105,0.0014588,0.0015658,0.0013981,0.0016967,0.0015169,0.0014423,0.0015689,0.0012618,0.0015878,0.0014381,0.0015535,0.0015038,0.0016437,0.0015171,0.0013679,0.0016282,0.0013537,0.0016346,0.0019643,0.0015633,0.0015972,0.0016594,0.0017125,0.0015213,0.0015416,0.0015663,0.0016148,0.0015982,0.0015572,0.0015508,0.0018738,0.0016826,0.0015428,0.00065866,0.0015373,0.0014752,0.0015499,0.0016313,0.0015151,0.0016044,0.001452,0.0019552,0.0014943,0.0015217,0.0015916,0.0014881,0.0014745,0.0013003,0.0013648,0.0014325,0.001771,0.0014631,0.0014622,0.001602,0.0014106,0.0015738,0.0015472,0.0014734,0.0014743,0.0015209,0.0016227,0.0013247,0.0014857,0.0013532,0.0015093,0.0014861,0.0013431,0.0012158,0.001433,0.0016174,0.0012121,0.0015667,0.0012951,0.0013281,0.0015059,0.0012231,0.0013837,0.0014849,0.0013046,0.0014025,0.001448,0.0011374,0.0014046,0.0014105,0.0014467,0.0012544,0.0014769,0.00127,0.0014161,0.001299,0.00097716,0.0014163,0.0014853,0.0011644,0.001169,0.0011139,0.0014662,0.0014113,0.0014055,0.0010224,0.00091874,0.000983,0.0010135,0.0014304,0.001344,0.0010205,0.001244,0.0010323,0.0010335,0.00088405,0.0008644,0.00113,0.0011426,0.001318,0.0012089,1074300.0,1105700.0,792270.0,4276700.0,2284500.0,1150800.0,5856800.0,1513400.0,1879800.0,3242500.0,2966100.0,734830.0,5652900.0,1298400.0,4052200.0,2459600.0,5070500.0,4091400.0,1340500.0,3371900.0,2502600.0,3347400.0,11704000.0,958350.0,6311800.0,749460.0,9101500.0,1591900.0,1841400.0,815570.0,3232100.0,1680500.0,5814300.0,23940000.0,2520900.0,2724900.0,4347000.0,1235900.0,1513400.0,1646200.0,2062700.0,1057700.0,2058300.0,1019200.0,7475600.0,2433400.0,1825600.0,1494000.0,2274900.0,15971000.0,952090.0,7278300.0,3995200.0,706940.0,3910700.0,1079100.0,2657700.0,17679000.0,32102000.0,2373200.0,1720700.0,1532600.0,2840700.0,1036400.0,1926200.0,3409900.0,803840.0,2871900.0,1940600.0,3915400.0,2755300.0,1446400.0,1119200.0,15048000.0,5077600.0,1340600.0,3613400.0,1673300.0,965090.0,2573300.0,3702600.0,1313000.0,893150.0,2116300.0,873820.0,1861100.0,2850800.0,4950200.0,4191200.0,2338500.0,5694300.0,1300700.0,9352900.0,4677300.0,1017700.0,1694700.0,903640.0,1769700.0,3509900.0,9918500.0,1730700.0,16523000.0,1417300.0,9919600.0,1633600.0,3256300.0,1272900.0,1628100.0,12535000.0,5115100.0,2157200.0,3869300.0,2389200.0,1225800.0,656170.0,3373000.0,11659000.0,2413800.0,1291100.0,778800.0,1922000.0,735100.0,1193700.0,2218700.0,8786700.0,4156700.0,2627900.0,3087700.0,2361300.0,1498700.0,773560.0,10411000.0,2404500.0,3548600.0,2073400.0,1371700.0,1031900.0,2014200.0,1052000.0,2853800.0,3921600.0,1159600.0,1477000.0,2103000.0,1521000.0,2210500.0,2422200.0,877170.0,6912100.0,1513500.0,9390500.0,6180200.0,809830.0,10291000.0,814480.0,1274500.0,19279000.0,683650.0,12167000.0,721740.0,5575100.0,3693400.0,3817200.0,2647300.0,5252900.0,4116200.0,4227600.0,964530.0,4135000.0,1638700.0,6369200.0,1506700.0,7610900.0,1080700.0,744550.0,4005200.0,2996600.0,1988300.0,8411500.0,2288700.0,948280.0,1205600.0,3671000.0,3568300.0,1940100.0,1475700.0,747540.0,6807100.0,5275200.0,2336700.0,637470.0,17726000.0,3323000.0,5257900.0,1142200.0,18258000.0,5431600.0,1100100.0,8580600.0,1353300.0,1434500.0,3992400.0,5297000.0,799330.0,1639500.0,973680.0,1778500.0,1568200.0,1456500.0,7851700.0,2342100.0,1425100.0,12280000.0,2793800.0,1238000.0,1263500.0,3260300.0,951930.0,4669600.0,1133200.0,1854600.0,8075300.0,4435100.0,696550.0,1421900.0,10018000.0,5258300.0,5069200.0,15394000.0,3001700.0,1931800.0,2342400.0,2994600.0,3189800.0,1882600.0,1749500.0,2275100.0,1499400.0,7215800.0,652060.0,3656200.0,8296200.0,8910100.0,1863600.0,5378600.0,4029700.0,5011000.0,864140.0,1139900.0,5361500.0,1551600.0,6587500.0,3485200.0,7122400.0,1970700.0,1638700.0,1591200.0,1087700.0,1106100.0,2208100.0,945990.0,5091800.0,3371700.0,4404800.0,3356800.0,2894200.0,2745600.0,15584000.0,14989000.0,6042000.0,4601000.0,2807600.0,6148400.0,3762100.0,1781300.0,2740300.0,1353800.0,4824200.0,3044800.0,1.5304,1.8497,4.1687,2.231,2.4718,3.6652,1.2766,2.2319,4.2233,1.2164,1.9895,4.2244,2.4845,2.6639,4.3118,0.80467,2.0624,4.2183,1.6023,2.5087,3.8862,3.0548,2.8445,5.8563,1.2106,2.0138,4.2154,1.7303,1.7186,4.2473,1.2792,2.2492,4.2489,0.78888,2.0477,4.2109,2.9192,2.842,4.6013,5.6416,2.7653,1.4223,1.2371,2.8339,3.6196,0.89667,2.1551,3.0101,2.5291,2.1039,4.4978,1.4653,1.6818,3.8982,0.67611,2.6246,3.8779,1.9467,1.8021,3.5008,1.1433,2.4115,3.163,0.32821,2.2894,3.5339,1.8162,1.6503,3.3954,2.063,2.7491,4.2966,1.8455,1.6503,3.3783,1.5576,1.6559,3.9436,0.3581,2.1635,3.1617,2.0565,2.3995,4.4547,1.4775,1.6878,3.2356,0.8673,1.9159,2.7629,3.1399,2.8408,5.934,1.957,1.786,3.4901,0.93154,2.7159,2.8977,1.7465,2.5881,4.0022,0.68321,1.8939,2.7625,1.0914,2.4295,3.1033,1.9186,1.9282,4.4944,1.7628,1.6627,3.891,0.55885,2.1837,3.8118,1.2752,2.4979,3.8253,0.99386,2.1091,3.2321,2.5622,2.322,4.3259,2.0351,2.1907,4.7052,1.509,1.6646,3.9207,1.8872,1.9603,4.4879,1.4693,2.1859,3.2563,0.82976,2.1744,3.1085,2.4477,2.4207,4.3549,1.9717,2.5586,4.8631,1.9333,2.6082,4.8445,2.558,2.3199,4.3114,1.2798,2.5088,3.9171,1.763,2.2822,4.3459,2.3467,3.02,4.2361,0.58017,2.4317,2.5587,1.464,2.0332,4.5995,1.9887,3.0405,3.8821,0.29751,2.3821,3.3853,1.6902,1.6213,4.0804,0.77426,2.1291,3.0674,2.2565,2.2972,4.6828,0.60193,2.4953,3.0717,0.9048,2.182,3.2221,0.061063,2.8957,1.8175,2.0078,2.1066,4.601,2.5376,2.3536,4.2659,2.4226,2.3063,5.1455,2.0304,2.7312,4.2255,1.1258,1.8482,3.9899,4.5829,2.9002,0.59084,0.83728,2.1676,3.0164,1.4247,2.1104,4.2716,1.14,2.1646,3.5261,2.1527,2.6968,4.4148,1.6476,1.589,4.1484,1.1641,2.5394,3.0777,0.75331,2.4521,3.7483,2.1543,1.8662,3.696,1.4916,2.496,3.4792,1.4967,2.5868,3.5691,1.5259,1.6477,4.2797,2.0154,2.7288,4.5225,2.085,2.7293,4.6172,3.3392,2.8196,6.0915,1.6987,1.6212,4.1874,1.807,1.9682,3.4112,2.3429,2.9614,5.2187,1.1876,2.5548,3.0691,2.678,2.4233,5.0055,0.97818,2.6443,4.1408,1.509,2.4781,3.5159,1.0261,1.913,4.0941,1.7306,1.6183,4.075,1.8275,1.9292,3.4053,6.0934,2.9114,2.9053,2.9049,2.2506,4.6299,1.423,1.9563,4.2929,1.1841,2.6111,3.3523,1.4569,2.4523,3.3811,1.7422,1.9367,3.6854,1.9793,2.4243,4.03,1.1022,2.3321,3.2215,2.4678,1.9658,5.2386,1.0992,2.6484,3.2971,1.4362,2.491,3.3614,0.19772,3.0196,3.1971,0.68051,1.8471,2.8444,1.6663,2.0077,4.5091,1.4849,1.8481,4.1775,5.3547,2.8656,1.6994,0.84523,2.1806,2.8777,0.92068,2.6646,4.1146,2.3144,2.5136,3.6726,2.7622,2.3317,4.9464,2.9569,2.625,4.5617,2.0553,2.4318,4.5521,2.285,2.1595,4.189,0.74106,2.1203,3.3385,0.48015,2.4283,3.0114,0.55973,2.1855,3.8422,2.4758,2.4713,4.5363,0.78637,2.4118,2.9472,1.292,1.5701,4.3441,1.6515,1.9774,3.4754,0.2115,2.664,2.1104,3.4224,2.9424,0.22847,0.86265,2.3302,3.0167,1.644,1.6596,4.1168,1.6087,1.853,3.213,0.77081,2.3959,2.8704,2.1924,2.3252,4.9497,1.2241,2.5588,3.1465,1.1778,2.1435,3.5648,0.45762,2.0328,3.2813,1.7057,1.9563,3.4357,2.5487,2.0763,4.0839,2.0795,2.1391,4.9675,1.3479,1.7317,3.8332,0.7475,1.9952,2.7699,2.0997,2.1454,5.0197,2.2231,2.2478,4.5279,1.5283,2.379,3.9827,4.1731,2.957,0.10426,1.8865,2.4377,4.0049,0.7238,1.9801,4.1295,1.2146,2.6215,4.2508,3.4459,2.8258,6.1069,1.6827,1.5756,3.2763,0.23589,2.3457,3.3928,5.0342,2.9778,0.9127,0.46435,2.8051,3.2479,1.203,2.5286,3.0201,2.2098,2.1524,4.9737,1.571,2.0837,4.4003,1.616,1.6279,3.3506,1.6129,2.934,3.3068,0.66255,2.3813,2.8468,0.84872,2.4264,2.9974,0.23348,2.6446,3.3441,1.7981,2.3762,4.2258,0.5655,2.429,2.7633,1.0218,2.2687,3.6199,1.317,1.7827,4.3087,0.25105,2.3298,3.4321,1.6404,1.5915,3.2774,0.68393,2.3702,2.8124,2.9938,2.8649,6.0,1.8535,2.5588,3.9996,2.0207,2.2093,4.6015,2.3783,2.7056,5.1673,1.7153,1.9624,3.8432,1.3707,1.8011,3.7254,2.2547,2.145,4.9943,1.475,2.6039,3.9811,0.57294,3.0345,2.3078,4.5309,2.9373,0.29608,1.2886,2.7784,4.2491,1.894,1.9591,3.8923,1.2142,2.6548,2.8164,0.23615,2.7943,2.8936,1.0288,2.9065,4.1821,0.5072,2.481,2.5868,0.78643,2.0072,2.8892,0.53101,2.4595,3.4036,1.6924,2.2015,4.2959,1.1715,2.775,4.2955,0.65671,2.0052,3.036,2.0483,1.8533,3.7588,1.3145,1.8647,3.6807,2.3682,2.6624,4.8646,1.4572,1.562,4.1932,1.3204,2.1416,3.2084,0.69164,2.0348,3.0454,0.66593,2.3331,2.6271,1.747,2.3525,4.1636,2.3127,2.6415,4.9349,0.60913,2.0303,3.0129,1.6496,1.7199,3.3113,0.77227,3.0028,2.5752,0.55411,2.5166,2.5934,3.1359,2.7401,6.0692,6.178,2.865,2.5615,4.3132,2.9368,0.024106,2.3801,2.3376,3.7463,1.3273,3.0682,4.2241,1.3002,2.4005,3.4957,0.28264,3.0982,3.1589,2.3744,2.2114,3.7751,1.29,1.8475,3.6837,2.4134,2.3282,4.5975,2.6044,2.6706,4.1412,1.2693,2.7054,4.3382,1.7748,1.9529,3.8571,1.1672,2.7711,3.7122,2.3806,2.4024,4.993,1.49,2.6306,3.3321,2.1757,2.2378,4.0825,0.83206,1.9544,3.3835,2.4137,2.3711,3.7903,2.3552,2.3781,3.7414,2.2419,1.9564,4.9929,2.6534,2.2898,4.8142,2.3787,2.2384,3.8012,1.4145,1.6006,3.8824,2.398,2.6475,4.9514,1.8119,1.9513,3.8816,0.8075,2.1307,4.0761,1.6022,1.8373,4.3054,2.3636,2.6321,4.9561,1.4572,2.3925,3.2591,5.8872,2.8528,2.1597,1.863,1.7674,3.5124,1.9774,2.972,4.2525,2.0656,1.9704,4.8073,1.1415,2.601,4.326,1.942,2.1491,4.9084,1.64,1.7911,3.9493,1.6155,2.0074,3.364,1.0986,2.7443,3.6628,0.9905,2.8428,3.8276,1.4952,2.4618,3.8886,1.1558,2.7299,3.6819,1.7953,1.7749,4.0878,0.80414,2.456,2.7941,1.8585,2.1033,4.3955,0.09574,2.7902,2.9276,1.0666,1.9508,4.3039,0.9681,2.3075,3.0507,1.6096,2.4021,4.5732,0.99691,2.0837,2.8334,0.77015,2.0067,2.7084,1.6544,1.7835,3.9525,0.89916,2.4498,2.847,1.3488,1.5869,3.8393,2.7715,2.6006,4.6252,1.0647,2.1816,3.6361,1.1571,2.762,3.6731,1.9902,1.9919,4.4743,1.0469,1.9609,4.2499,1.8813,1.6467,3.4409,1.6913,2.4894,3.9848,2.1963,2.5467,4.9004,2.0971,2.3657,3.6455,1.2141,3.0641,3.4554,1.4226,1.4491,4.245,0.67275,2.9874,3.6439,1.6373,1.736,4.2379,0.77452,2.001,2.7293,0.60606,2.2106,4.0046,2.6393,2.6001,4.5237,2.0057,2.1142,3.4454,1.382,2.9029,3.5378,1.085,2.209,3.6265,2.535,2.0184,4.4727,1.4979,1.7352,4.4209,1.6021,2.5888,3.5739,2.0659,2.2876,4.0657,2.7072,2.3342,4.9822,0.4451,2.5147,2.9404
0.095303,0.1507,0.0040605,223.85,236.69,202.71,0.0012888,0.0014562,0.0010131,206.58,217.89,217.01,210.31,201.39,193.75,230.28,217.08,244.78,212.93,241.2,256.72,203.47,212.54,211.84,243.59,213.8,227.03,193.01,188.56,289.17,216.47,187.85,229.87,191.45,250.34,230.77,279.9,161.19,244.53,207.48,211.75,163.82,236.56,244.92,301.26,239.53,194.59,254.1,300.33,270.12,176.35,256.37,182.35,243.85,227.09,263.2,251.01,289.73,251.25,248.57,224.47,286.35,284.54,275.92,227.25,261.79,216.34,209.87,315.77,271.27,276.83,301.25,176.14,233.63,212.22,231.8,217.12,269.06,245.28,238.45,209.58,243.48,258.08,210.96,202.76,236.54,246.4,277.87,253.35,230.34,267.26,255.99,221.71,269.68,151.2,251.18,213.2,216.87,236.05,261.36,255.49,239.32,239.04,195.27,221.94,229.54,313.83,230.55,224.25,253.85,282.68,324.31,251.5,278.07,269.21,340.02,268.74,217.33,264.95,273.65,214.29,263.02,248.57,217.23,290.39,250.6,290.88,282.21,290.43,210.19,260.64,281.74,238.83,245.69,216.96,335.61,206.03,306.52,325.06,305.8,247.95,282.64,224.86,224.02,384.99,233.0,277.67,287.88,258.78,256.51,238.18,273.32,310.63,236.23,220.52,318.74,217.3,255.43,251.2,215.32,237.47,302.34,230.55,155.76,234.95,310.13,278.83,248.62,340.79,206.06,241.6,187.12,168.65,220.98,258.89,198.2,280.91,229.03,207.29,242.62,223.31,244.6,179.02,249.65,240.87,228.74,220.05,210.23,289.74,208.84,269.5,348.15,238.98,252.23,237.5,300.88,247.51,236.26,271.42,308.4,244.22,256.78,236.86,264.74,279.11,242.56,193.0,221.44,235.91,241.43,271.51,237.21,249.3,244.44,278.51,244.64,221.11,263.48,269.61,239.59,179.27,199.6,238.36,295.25,214.92,221.81,281.89,221.69,241.01,249.21,238.2,241.63,264.73,266.03,197.36,232.75,204.14,257.16,217.6,233.75,177.92,256.76,260.76,171.85,265.34,214.6,171.2,248.45,185.45,214.08,249.03,190.61,230.18,242.68,198.3,236.41,240.41,230.64,189.45,234.26,203.71,225.94,224.9,168.7,269.83,269.06,207.62,174.43,200.29,264.31,228.35,235.08,224.4,150.02,158.68,201.39,238.8,227.9,219.33,222.28,211.47,192.43,172.45,183.97,228.97,211.74,238.81,218.4,0.0008014,0.0010516,0.0010515,0.0011043,0.0010045,0.0010153,0.0012118,0.00094269,0.0012334,0.0010091,0.0012754,0.0014151,0.0010802,0.0011428,0.001039,0.0014547,0.0012155,0.0012454,0.0012414,0.0011575,0.0016942,0.0014222,0.0011709,0.0015274,0.0013168,0.0015285,0.001309,0.0016344,0.0011915,0.0016208,0.0012514,0.0013175,0.001133,0.0013392,0.0014921,0.0017803,0.0014298,0.00134,0.0015666,0.0016545,0.0014595,0.0010577,0.0016084,0.0012978,0.0014449,0.0014236,0.0015754,0.0014053,0.0016553,0.0014911,0.0012594,0.0014108,0.0017413,0.0015338,0.0016426,0.0014634,0.001528,0.0013935,0.0014766,0.0018811,0.0018035,0.0016569,0.0017534,0.0013257,0.0016177,0.0013691,0.0016173,0.0015702,0.0016519,0.0014813,0.0016582,0.0014464,0.0014389,0.001626,0.0014685,0.0013936,0.0014316,0.0015648,0.0017529,0.0016846,0.0015721,0.0017782,0.0016559,0.0013792,0.0015056,0.0012086,0.0014554,0.0015119,0.0014372,0.0014739,0.001616,0.0014866,0.00159,0.001607,0.0013346,0.001476,0.0014392,0.0019472,0.0015109,0.0014459,0.0014119,0.0017052,0.0020143,0.001528,0.0017801,0.0012138,0.0018877,0.0016996,0.001534,0.0015495,0.0017428,0.0015111,0.0016909,0.0015084,0.0014815,0.0017648,0.0016082,0.0017534,0.0017588,0.0015162,0.0014833,0.0016944,0.001681,0.0016789,0.001565,0.0010638,0.002048,0.0014694,0.0013428,0.0020034,0.0019177,0.0016492,0.0017673,0.0014249,0.0015032,0.0017208,0.0016525,0.001676,0.0017644,0.0016221,0.00163,0.0015583,0.0014849,0.0018035,0.0016504,0.0012658,0.0017083,0.0013245,0.0016292,0.0014221,0.0013845,0.0015801,0.0017991,0.0014893,0.0011885,0.0014177,0.0018278,0.0017548,0.0011795,0.0019503,0.0013116,0.0015122,0.0013166,0.0013124,0.001453,0.0015692,0.0014047,0.001704,0.0015231,0.0014471,0.0015757,0.0012638,0.001591,0.0014344,0.0015526,0.0015089,0.0016522,0.0015201,0.0013658,0.0016311,0.0013533,0.0016387,0.0019785,0.0015677,0.0015985,0.0016669,0.0017164,0.0015261,0.0015503,0.001569,0.0016164,0.0016031,0.0015606,0.0015437,0.0018803,0.0016878,0.0015447,0.00064238,0.0015399,0.0014756,0.0015553,0.0016368,0.0015189,0.0016089,0.001453,0.001962,0.0014955,0.0015241,0.0015965,0.0014898,0.0014767,0.0012928,0.0013681,0.0014341,0.0017754,0.0014673,0.0014666,0.0016055,0.0014128,0.0015767,0.0015499,0.0014766,0.0014758,0.0015235,0.0016246,0.0013267,0.0014672,0.0013554,0.0015122,0.0014875,0.0013403,0.0012114,0.0014358,0.001621,0.001212,0.0015682,0.0012946,0.0013301,0.0015083,0.0012237,0.0013806,0.0014878,0.0013074,0.0014031,0.0014491,0.0011373,0.0014069,0.0014119,0.0014484,0.001255,0.0014747,0.0012681,0.0014179,0.0013011,0.00097696,0.0014181,0.0014885,0.0011644,0.0011697,0.0011116,0.0014637,0.0014104,0.0014063,0.0010228,0.00091886,0.00098014,0.0010118,0.0014289,0.0013455,0.0010203,0.0012445,0.0010324,0.0010333,0.0008834,0.00086246,0.0011288,0.0011398,0.0013173,0.0012073,1074300.0,1105700.0,792270.0,4276700.0,2284500.0,1150800.0,5856800.0,1513400.0,1879800.0,3242500.0,2966100.0,734830.0,5652900.0,1298400.0,4052200.0,2459600.0,5070500.0,4091400.0,1340500.0,3371900.0,2502600.0,3347400.0,11704000.0,958350.0,6311800.0,749460.0,9101500.0,1591900.0,1841400.0,815570.0,3232100.0,1680500.0,5814300.0,23940000.0,2520900.0,2724900.0,4347000.0,1235900.0,1513400.0,1646200.0,2062700.0,1057700.0,2058300.0,1019200.0,7475600.0,2433400.0,1825600.0,1494000.0,2274900.0,15971000.0,952090.0,7278300.0,3995200.0,706940.0,3910700.0,1079100.0,2657700.0,17679000.0,32102000.0,2373200.0,1720700.0,1532600.0,2840700.0,1036400.0,1926200.0,3409900.0,803840.0,2871900.0,1940600.0,3915400.0,2755300.0,1446400.0,1119200.0,15048000.0,5077600.0,1340600.0,3613400.0,1673300.0,965090.0,2573300.0,3702600.0,1313000.0,893150.0,2116300.0,873820.0,1861100.0,2850800.0,4950200.0,4191200.0,2338500.0,5694300.0,1300700.0,9352900.0,4677300.0,1017700.0,1694700.0,903640.0,1769700.0,3509900.0,9918500.0,1730700.0,16523000.0,1417300.0,9919600.0,1633600.0,3256300.0,1272900.0,1628100.0,12535000.0,5115100.0,2157200.0,3869300.0,2389200.0,1225800.0,656170.0,3373000.0,11659000.0,2413800.0,1291100.0,778800.0,1922000.0,735100.0,1193700.0,2218700.0,8786700.0,4156700.0,2627900.0,3087700.0,2361300.0,1498700.0,773560.0,10411000.0,2404500.0,3548600.0,2073400.0,1371700.0,1031900.0,2014200.0,1052000.0,2853800.0,3921600.0,1159600.0,1477000.0,2103000.0,1521000.0,2210500.0,2422200.0,877170.0,6912100.0,1513500.0,9390500.0,6180200.0,809830.0,10291000.0,814480.0,1274500.0,19279000.0,683650.0,12167000.0,721740.0,5575100.0,3693400.0,3817200.0,2647300.0,5252900.0,4116200.0,4227600.0,964530.0,4135000.0,1638700.0,6369200.0,1506700.0,7610900.0,1080700.0,744550.0,4005200.0,2996600.0,1988300.0,8411500.0,2288700.0,948280.0,1205600.0,3671000.0,3568300.0,1940100.0,1475700.0,747540.0,6807100.0,5275200.0,2336700.0,637470.0,17726000.0,3323000.0,5257900.0,1142200.0,18258000.0,5431600.0,1100100.0,8580600.0,1353300.0,1434500.0,3992400.0,5297000.0,799330.0,1639500.0,973680.0,1778500.0,1568200.0,1456500.0,7851700.0,2342100.0,1425100.0,12280000.0,2793800.0,1238000.0,1263500.0,3260300.0,951930.0,4669600.0,1133200.0,1854600.0,8075300.0,4435100.0,696550.0,1421900.0,10018000.0,5258300.0,5069200.0,15394000.0,3001700.0,1931800.0,2342400.0,2994600.0,3189800.0,1882600.0,1749500.0,2275100.0,1499400.0,7215800.0,652060.0,3656200.0,8296200.0,8910100.0,1863600.0,5378600.0,4029700.0,5011000.0,864140.0,1139900.0,5361500.0,1551600.0,6587500.0,3485200.0,7122400.0,1970700.0,1638700.0,1591200.0,1087700.0,1106100.0,2208100.0,945990.0,5091800.0,3371700.0,4404800.0,3356800.0,2894200.0,2745600.0,15584000.0,14989000.0,6042000.0,4601000.0,2807600.0,6148400.0,3762100.0,1781300.0,2740300.0,1353800.0,4824200.0,3044800.0,1.5305,1.8499,4.1686,2.2311,2.472,3.6652,1.2766,2.2321,4.2234,1.2161,1.9895,4.2242,2.4842,2.6639,4.3121,0.80368,2.0624,4.2184,1.6038,2.5091,3.886,3.0556,2.8445,5.8569,1.2102,2.0142,4.215,1.7299,1.7185,4.2472,1.2793,2.2497,4.2494,0.78747,2.0474,4.2109,2.9193,2.8421,4.6027,5.6401,2.765,1.4212,1.2373,2.8336,3.6197,0.8954,2.1552,3.0098,2.53,2.1051,4.4991,1.4651,1.6817,3.8981,0.67677,2.6258,3.8779,1.9456,1.8028,3.5014,1.1445,2.4109,3.1649,0.32902,2.2894,3.5332,1.8168,1.6499,3.3956,2.0619,2.7476,4.2943,1.8465,1.65,3.3782,1.559,1.6555,3.9442,0.35745,2.1641,3.1609,2.0573,2.4004,4.4562,1.4777,1.6882,3.2363,0.86787,1.9165,2.7628,3.1421,2.8407,5.936,1.9563,1.7866,3.4905,0.93028,2.716,2.8981,1.7452,2.5881,4.0023,0.68412,1.8942,2.762,1.0915,2.4292,3.1041,1.9189,1.9284,4.4944,1.7639,1.6623,3.8909,0.55994,2.1832,3.8135,1.2771,2.4992,3.8264,0.99356,2.1101,3.2311,2.563,2.3227,4.3268,2.0344,2.1914,4.7059,1.5094,1.6643,3.9209,1.8871,1.9612,4.4878,1.4693,2.1863,3.2559,0.82936,2.1761,3.1067,2.448,2.4218,4.3556,1.9722,2.5578,4.8625,1.9332,2.6084,4.8437,2.5585,2.3205,4.3121,1.2797,2.5092,3.9162,1.7644,2.2831,4.3469,2.35,3.0192,4.2386,0.58157,2.4308,2.5606,1.4625,2.0329,4.5994,1.987,3.0399,3.8795,0.29634,2.3822,3.3843,1.6904,1.6212,4.0803,0.77536,2.1309,3.0669,2.2569,2.2977,4.6834,0.60142,2.4932,3.0729,0.90243,2.1838,3.2204,0.059651,2.8957,1.8151,2.0081,2.1087,4.6016,2.5375,2.3549,4.266,2.4174,2.306,5.1445,2.0283,2.7295,4.2218,1.1263,1.848,3.9907,4.5819,2.8974,0.59318,0.83543,2.1684,3.0152,1.4264,2.1109,4.2718,1.1413,2.166,3.5268,2.1497,2.6955,4.4117,1.6467,1.5888,4.1483,1.1645,2.5392,3.0782,0.75323,2.4528,3.7479,2.1561,1.8651,3.6954,1.4893,2.4972,3.4793,1.4927,2.5876,3.5679,1.5228,1.6471,4.2798,2.0128,2.7272,4.5206,2.0832,2.7279,4.6168,3.34,2.8201,6.0924,1.6986,1.6215,4.1878,1.8086,1.9676,3.4107,2.3453,2.9616,5.2228,1.1881,2.5553,3.0685,2.6789,2.4229,5.0061,0.97795,2.6452,4.1424,1.5067,2.479,3.5167,1.0222,1.9144,4.0941,1.7324,1.6185,4.0746,1.8311,1.9285,3.4044,6.088,2.9107,2.9011,2.9053,2.2498,4.6315,1.4249,1.9561,4.2947,1.1821,2.6096,3.3525,1.4564,2.4526,3.3816,1.7407,1.9356,3.6848,1.9805,2.4257,4.0317,1.102,2.333,3.2222,2.467,1.9639,5.2405,1.0959,2.6473,3.2965,1.4353,2.4923,3.3615,0.20048,3.0207,3.198,0.68005,1.8485,2.843,1.6655,2.0066,4.511,1.4848,1.8474,4.1786,5.3502,2.8641,1.6955,0.84571,2.1817,2.8794,0.9205,2.6658,4.1165,2.3164,2.5124,3.6729,2.7681,2.3303,4.9469,2.9598,2.6239,4.5626,2.0547,2.4305,4.5531,2.2821,2.161,4.1888,0.74025,2.1234,3.3383,0.48299,2.4277,3.0129,0.55997,2.1868,3.8438,2.4771,2.4702,4.5384,0.78514,2.4119,2.947,1.2927,1.5698,4.3452,1.6497,1.9764,3.4763,0.21459,2.6635,2.1109,3.4238,2.9422,0.2318,0.86368,2.328,3.0195,1.6434,1.6601,4.1177,1.6116,1.8542,3.2142,0.77069,2.3947,2.8701,2.1928,2.3244,4.9496,1.2266,2.5592,3.148,1.1805,2.146,3.5663,0.45539,2.0343,3.282,1.7058,1.9551,3.4355,2.5522,2.0761,4.0833,2.078,2.1392,4.9672,1.3493,1.7313,3.834,0.74848,1.9959,2.7704,2.0987,2.1451,5.021,2.2206,2.2491,4.5287,1.5275,2.381,3.9834,4.1713,2.9557,0.10214,1.8852,2.4394,4.0051,0.72135,1.9803,4.1301,1.215,2.6219,4.2507,3.4435,2.8252,6.1067,1.6845,1.5754,3.2766,0.23564,2.3463,3.3925,5.0302,2.9783,0.90731,0.46246,2.8054,3.2484,1.2021,2.5289,3.0214,2.2112,2.1536,4.9747,1.5731,2.0832,4.4016,1.6177,1.6277,3.352,1.618,2.9341,3.306,0.66605,2.3801,2.8492,0.84764,2.4254,2.9978,0.23438,2.6452,3.3448,1.8038,2.3788,4.2281,0.56835,2.4289,2.7645,1.0213,2.2706,3.6191,1.3159,1.7822,4.309,0.24991,2.3304,3.4328,1.643,1.5912,3.2775,0.68849,2.3688,2.814,2.9929,2.8648,6.0012,1.8501,2.5577,3.9988,2.0212,2.2096,4.6016,2.3735,2.7043,5.1649,1.7121,1.9622,3.8422,1.372,1.8005,3.7262,2.2566,2.1447,4.9944,1.4763,2.6028,3.9802,0.57096,3.0339,2.3035,4.5289,2.9364,0.29499,1.2911,2.7806,4.2478,1.8943,1.9594,3.8924,1.2142,2.6555,2.8156,0.23331,2.7943,2.8922,1.0306,2.9068,4.183,0.50643,2.4801,2.5872,0.78938,2.0093,2.8873,0.53098,2.4604,3.4035,1.6949,2.2019,4.297,1.1699,2.7767,4.294,0.65757,2.0062,3.0342,2.0501,1.8527,3.7576,1.3185,1.865,3.6816,2.3662,2.661,4.862,1.459,1.5625,4.1934,1.3192,2.1415,3.2091,0.69271,2.0363,3.0443,0.66879,2.3313,2.6274,1.749,2.3539,4.1643,2.3105,2.64,4.9342,0.60882,2.0317,3.0111,1.6544,1.7214,3.311,0.77581,3.0022,2.5769,0.55381,2.5168,2.5935,3.1396,2.7397,6.0733,6.1807,2.8652,2.5657,4.308,2.9358,0.018679,2.3806,2.3359,3.7458,1.3341,3.0677,4.2332,1.2983,2.4024,3.4948,0.27544,3.0984,3.1537,2.3743,2.2108,3.7744,1.2902,1.8473,3.6845,2.4131,2.3281,4.5982,2.6046,2.6715,4.1436,1.2689,2.7058,4.3382,1.7726,1.9525,3.8562,1.168,2.7705,3.7134,2.3792,2.4008,4.9911,1.4879,2.6305,3.3332,2.1751,2.2391,4.0822,0.83136,1.9551,3.3838,2.4143,2.3701,3.7907,2.355,2.3773,3.741,2.2431,1.9577,4.9949,2.6528,2.2897,4.8147,2.379,2.2384,3.8009,1.4149,1.6009,3.8834,2.3966,2.6461,4.9506,1.8105,1.9511,3.8811,0.80796,2.1305,4.0776,1.6019,1.8374,4.3062,2.3621,2.6304,4.9557,1.4567,2.3928,3.259,5.8856,2.8521,2.1584,1.863,1.767,3.5129,1.9766,2.9707,4.251,2.0668,1.971,4.8084,1.1424,2.6015,4.327,1.9434,2.1492,4.9093,1.6402,1.791,3.949,1.6158,2.0073,3.3635,1.1001,2.7436,3.6645,0.99168,2.843,3.8279,1.4969,2.4626,3.8893,1.1562,2.7286,3.6823,1.7943,1.7743,4.0876,0.80252,2.4559,2.7945,1.8578,2.1039,4.3958,0.096117,2.79,2.9294,1.0661,1.9507,4.3047,0.96836,2.3069,3.0515,1.6091,2.4022,4.5729,0.99704,2.0836,2.8334,0.77075,2.0068,2.7079,1.6552,1.7832,3.9522,0.89867,2.4496,2.8485,1.3481,1.5869,3.8393,2.7714,2.6008,4.625,1.0643,2.1827,3.6363,1.1576,2.7611,3.6734,1.9905,1.992,4.4743,1.046,1.9608,4.2497,1.8818,1.6467,3.4408,1.6919,2.4895,3.9845,2.1977,2.5466,4.8999,2.0961,2.3654,3.6443,1.2142,3.064,3.4557,1.4221,1.4489,4.2453,0.67362,2.9872,3.6442,1.6375,1.7357,4.238,0.77509,2.001,2.729,0.60472,2.2109,4.0057,2.6384,2.6,4.5236,2.006,2.114,3.4456,1.3818,2.9025,3.5377,1.085,2.2094,3.6263,2.5351,2.0188,4.4728,1.498,1.7352,4.4209,1.602,2.5887,3.5738,2.066,2.2876,4.0657,2.7073,2.3336,4.9818,0.44515,2.5144,2.9401
0.097168,0.15366,0.0041196,224.04,237.17,202.43,0.0012897,0.0014582,0.0010121,206.84,218.58,217.09,211.0,201.37,192.21,230.68,217.63,245.98,213.44,240.74,255.89,203.01,212.98,212.4,245.48,213.91,228.2,193.33,187.55,291.33,216.93,188.11,229.99,191.71,251.71,231.92,281.81,161.92,244.83,207.65,211.21,162.45,234.83,244.98,302.52,239.92,194.4,255.54,301.93,271.98,177.83,252.71,182.32,244.96,228.91,264.07,251.71,290.88,252.51,248.84,226.49,287.47,285.79,277.27,229.2,262.65,213.05,209.97,316.88,272.43,279.03,305.94,176.5,234.43,214.76,224.1,216.71,271.03,248.85,240.95,210.06,244.01,259.33,211.87,203.27,236.77,248.03,279.69,254.87,230.55,269.75,257.6,222.09,271.56,151.6,249.74,213.52,216.9,237.95,263.1,252.33,239.77,239.77,196.67,224.19,230.77,314.99,232.29,225.91,255.25,284.2,323.53,248.26,280.63,273.74,342.01,268.15,217.5,266.96,277.3,215.85,263.48,249.62,219.64,292.23,251.32,290.66,285.45,292.32,211.17,263.54,281.28,240.15,245.14,218.38,337.38,207.77,310.04,326.31,309.32,248.25,285.95,225.09,225.19,388.31,233.61,278.27,289.23,260.44,256.49,240.04,274.61,313.4,237.2,221.99,319.28,215.45,253.88,252.21,216.14,238.75,302.04,231.03,156.24,234.44,311.14,279.98,252.54,342.94,205.9,242.88,187.8,168.89,220.97,259.58,199.11,282.22,229.43,207.99,243.28,223.16,244.8,178.04,250.29,241.84,229.51,220.06,210.41,289.97,208.24,270.13,349.36,239.76,251.89,238.05,301.16,248.16,236.5,271.76,308.72,244.86,257.15,237.96,266.23,279.82,242.82,204.32,221.64,235.99,242.03,271.65,237.82,250.03,244.84,280.05,245.05,221.43,263.67,270.13,240.01,178.75,200.12,238.55,295.96,215.66,222.09,281.97,222.11,241.5,249.46,238.54,241.86,265.04,266.16,197.66,233.0,204.38,257.54,217.67,233.27,178.18,256.98,261.02,171.83,265.32,214.57,171.47,248.6,185.2,214.32,249.34,190.65,230.35,242.74,198.11,236.7,240.53,230.51,189.36,234.25,203.68,226.13,225.07,168.53,269.82,269.29,207.61,174.33,200.16,264.39,228.69,235.0,224.34,149.91,158.68,201.28,238.68,228.05,219.14,222.23,211.38,192.2,172.19,183.69,228.87,211.62,239.11,218.4,0.00080002,0.001053,0.0010514,0.0011076,0.0010049,0.0010038,0.0012133,0.00094367,0.0012378,0.001013,0.0012734,0.0014118,0.0010754,0.0011459,0.0010419,0.0014645,0.0012163,0.0012506,0.0012456,0.0011505,0.0017035,0.0014249,0.0011723,0.0015288,0.0013186,0.0015349,0.0013165,0.001646,0.0011981,0.0016222,0.0012527,0.0013139,0.001124,0.001331,0.0014923,0.0017862,0.0014332,0.0013373,0.0015736,0.0016608,0.0014648,0.0010655,0.001592,0.0012986,0.0014507,0.0014348,0.0015804,0.0014081,0.0016613,0.0014971,0.0012572,0.0014172,0.001747,0.0015387,0.0016491,0.001469,0.0015323,0.0013609,0.001477,0.0018877,0.0018089,0.0016637,0.0017649,0.0013244,0.0016211,0.0013764,0.0015816,0.0015713,0.0016582,0.0014903,0.0016696,0.001448,0.001441,0.0016314,0.0014705,0.0013939,0.0014321,0.0015739,0.0017623,0.0016953,0.0015771,0.0017912,0.0016661,0.0013796,0.0015106,0.0012127,0.001435,0.001516,0.0014373,0.0014846,0.0016247,0.0014796,0.0015894,0.0016075,0.0013349,0.0014866,0.0014468,0.0019567,0.0015208,0.0014559,0.0014065,0.0017131,0.002014,0.0015087,0.0017917,0.0012304,0.0018991,0.0017,0.0015369,0.0015608,0.0017618,0.0015212,0.0016894,0.0015156,0.0014914,0.0017757,0.0016141,0.0017535,0.0017716,0.001522,0.0014874,0.0017049,0.0016766,0.0016909,0.0015598,0.001067,0.0020555,0.001481,0.001364,0.0020076,0.0019366,0.0016519,0.0017825,0.0014288,0.0015105,0.0017428,0.0016554,0.001677,0.0017711,0.0016299,0.001633,0.0015686,0.0014909,0.0018177,0.0016584,0.0012646,0.0017138,0.0013097,0.0016102,0.0014232,0.001391,0.0015872,0.001784,0.0014928,0.0011901,0.0014043,0.0018342,0.0017617,0.0011932,0.0019582,0.0013106,0.0015196,0.0013213,0.0013127,0.0014463,0.0015724,0.0014115,0.0017119,0.0015276,0.0014524,0.0015823,0.001265,0.0015933,0.0014291,0.0015576,0.0015147,0.001659,0.0015215,0.0013666,0.001633,0.0013524,0.0016421,0.0019888,0.0015728,0.0015988,0.0016708,0.0017195,0.0015304,0.0015541,0.0015711,0.0016175,0.0016069,0.0015634,0.0015494,0.001885,0.001693,0.0015464,0.00065506,0.0015416,0.0014757,0.0015589,0.0016385,0.001523,0.0016136,0.001455,0.0019681,0.0014963,0.0015258,0.0015985,0.0014915,0.0014782,0.0012904,0.0013717,0.0014351,0.0017791,0.0014699,0.0014685,0.0016059,0.0014149,0.0015789,0.0015519,0.0014781,0.0014767,0.0015258,0.0016257,0.0013284,0.0014702,0.0013573,0.0015148,0.001487,0.0013383,0.0012118,0.0014368,0.0016228,0.0012114,0.0015685,0.0012942,0.0013315,0.0015095,0.0012232,0.001382,0.0014897,0.0013083,0.0014029,0.0014491,0.0011366,0.0014087,0.0014119,0.0014478,0.0012542,0.0014748,0.0012683,0.0014186,0.0013019,0.00097552,0.0014186,0.0014904,0.0011638,0.0011693,0.001111,0.0014639,0.001412,0.0014059,0.001022,0.00091832,0.00097953,0.0010104,0.0014282,0.001346,0.001019,0.0012439,0.0010313,0.0010318,0.00088167,0.00086024,0.0011275,0.0011389,0.0013185,0.0012072,1074300.0,1105700.0,792270.0,4276700.0,2284500.0,1150800.0,5856800.0,1513400.0,1879800.0,3242500.0,2966100.0,734830.0,5652900.0,1298400.0,4052200.0,2459600.0,5070500.0,4091400.0,1340500.0,3371900.0,2502600.0,3347400.0,11704000.0,958350.0,6311800.0,749460.0,9101500.0,1591900.0,1841400.0,815570.0,3232100.0,1680500.0,5814300.0,23940000.0,2520900.0,2724900.0,4347000.0,1235900.0,1513400.0,1646200.0,2062700.0,1057700.0,2058300.0,1019200.0,7475600.0,2433400.0,1825600.0,1494000.0,2274900.0,15971000.0,952090.0,7278300.0,3995200.0,706940.0,3910700.0,1079100.0,2657700.0,17679000.0,32102000.0,2373200.0,1720700.0,1532600.0,2840700.0,1036400.0,1926200.0,3409900.0,803840.0,2871900.0,1940600.0,3915400.0,2755300.0,1446400.0,1119200.0,15048000.0,5077600.0,1340600.0,3613400.0,1673300.0,965090.0,2573300.0,3702600.0,1313000.0,893150.0,2116300.0,873820.0,1861100.0,2850800.0,4950200.0,4191200.0,2338500.0,5694300.0,1300700.0,9352900.0,4677300.0,1017700.0,1694700.0,903640.0,1769700.0,3509900.0,9918500.0,1730700.0,16523000.0,1417300.0,9919600.0,1633600.0,3256300.0,1272900.0,1628100.0,12535000.0,5115100.0,2157200.0,3869300.0,2389200.0,1225800.0,656170.0,3373000.0,11659000.0,2413800.0,1291100.0,778800.0,1922000.0,735100.0,1193700.0,2218700.0,8786700.0,4156700.0,2627900.0,3087700.0,2361300.0,1498700.0,773560.0,10411000.0,2404500.0,3548600.0,2073400.0,1371700.0,1031900.0,2014200.0,1052000.0,2853800.0,3921600.0,1159600.0,1477000.0,2103000.0,1521000.0,2210500.0,2422200.0,877170.0,6912100.0,1513500.0,9390500.0,6180200.0,809830.0,10291000.0,814480.0,1274500.0,19279000.0,683650.0,12167000.0,721740.0,5575100.0,3693400.0,3817200.0,2647300.0,5252900.0,4116200.0,4227600.0,964530.0,4135000.0,1638700.0,6369200.0,1506700.0,7610900.0,1080700.0,744550.0,4005200.0,2996600.0,1988300.0,8411500.0,2288700.0,948280.0,1205600.0,3671000.0,3568300.0,1940100.0,1475700.0,747540.0,6807100.0,5275200.0,2336700.0,637470.0,17726000.0,3323000.0,5257900.0,1142200.0,18258000.0,5431600.0,1100100.0,8580600.0,1353300.0,1434500.0,3992400.0,5297000.0,799330.0,1639500.0,973680.0,1778500.0,1568200.0,1456500.0,7851700.0,2342100.0,1425100.0,12280000.0,2793800.0,1238000.0,1263500.0,3260300.0,951930.0,4669600.0,1133200.0,1854600.0,8075300.0,4435100.0,696550.0,1421900.0,10018000.0,5258300.0,5069200.0,15394000.0,3001700.0,1931800.0,2342400.0,2994600.0,3189800.0,1882600.0,1749500.0,2275100.0,1499400.0,7215800.0,652060.0,3656200.0,8296200.0,8910100.0,1863600.0,5378600.0,4029700.0,5011000.0,864140.0,1139900.0,5361500.0,1551600.0,6587500.0,3485200.0,7122400.0,1970700.0,1638700.0,1591200.0,1087700.0,1106100.0,2208100.0,945990.0,5091800.0,3371700.0,4404800.0,3356800.0,2894200.0,2745600.0,15584000.0,14989000.0,6042000.0,4601000.0,2807600.0,6148400.0,3762100.0,1781300.0,2740300.0,1353800.0,4824200.0,3044800.0,1.5307,1.8501,4.1685,2.2312,2.4721,3.6652,1.2766,2.2322,4.2234,1.2158,1.9895,4.224,2.4839,2.6639,4.3123,0.8027,2.0625,4.2185,1.6052,2.5094,3.8859,3.0564,2.8446,5.8573,1.2097,2.0146,4.2146,1.7296,1.7185,4.2472,1.2795,2.2503,4.25,0.7861,2.0471,4.2108,2.9193,2.8421,4.6041,5.6385,2.7647,1.4202,1.2375,2.8333,3.6198,0.89415,2.1554,3.0095,2.5309,2.1064,4.5003,1.465,1.6817,3.8979,0.67748,2.627,3.8779,1.9445,1.8035,3.5021,1.1457,2.4102,3.1668,0.32982,2.2895,3.5324,1.8174,1.6494,3.3958,2.0609,2.746,4.2921,1.8475,1.6496,3.378,1.5605,1.6551,3.9449,0.35683,2.1647,3.16,2.0582,2.4013,4.4578,1.4781,1.6886,3.2371,0.86843,1.9172,2.7626,3.1444,2.8407,5.938,1.9556,1.7872,3.491,0.92903,2.7162,2.8985,1.7439,2.5882,4.0023,0.68504,1.8945,2.7615,1.0916,2.4289,3.1049,1.9192,1.9285,4.4944,1.7649,1.6619,3.8909,0.56105,2.1826,3.8152,1.2789,2.5005,3.8275,0.99329,2.1111,3.23,2.5638,2.3235,4.3278,2.0336,2.1921,4.7067,1.5098,1.664,3.921,1.8869,1.962,4.4877,1.4694,2.1866,3.2555,0.82894,2.1778,3.1049,2.4483,2.4229,4.3562,1.9726,2.557,4.8618,1.933,2.6087,4.8428,2.5589,2.3211,4.3129,1.2796,2.5096,3.9153,1.7657,2.2841,4.3479,2.3531,3.0184,4.241,0.58296,2.43,2.5624,1.4611,2.0327,4.5993,1.9852,3.0394,3.8769,0.29531,2.3822,3.3833,1.6906,1.621,4.0802,0.77643,2.1327,3.0665,2.2572,2.2981,4.684,0.60089,2.4911,3.074,0.89997,2.1857,3.2185,0.058256,2.8957,1.8127,2.0084,2.1108,4.6022,2.5373,2.3562,4.2662,2.4122,2.3057,5.1437,2.0262,2.7278,4.2183,1.1266,1.8477,3.9915,4.5808,2.8943,0.59571,0.8333,2.1691,3.0139,1.4279,2.1113,4.2719,1.1424,2.1674,3.5274,2.1468,2.6942,4.4087,1.6458,1.5885,4.1481,1.165,2.539,3.0787,0.75315,2.4534,3.7475,2.1578,1.864,3.6948,1.4869,2.4983,3.4794,1.4885,2.5885,3.5666,1.5194,1.6465,4.2799,2.0101,2.7256,4.5186,2.0811,2.7265,4.6162,3.3407,2.8207,6.0934,1.6986,1.6218,4.1881,1.81,1.9671,3.4103,2.3477,2.9618,5.2269,1.1885,2.5558,3.0679,2.6798,2.4225,5.0067,0.97765,2.6461,4.1441,1.5043,2.4798,3.5175,1.0181,1.9157,4.0941,1.7343,1.6186,4.0743,1.8347,1.9279,3.4035,6.0828,2.9101,2.8971,2.9057,2.2489,4.633,1.4268,1.956,4.2964,1.1799,2.6081,3.3526,1.4559,2.4528,3.3821,1.7393,1.9344,3.6841,1.9815,2.427,4.0333,1.1018,2.334,3.2229,2.4662,1.9621,5.2423,1.0924,2.6462,3.2958,1.4345,2.4936,3.3616,0.20311,3.0217,3.1987,0.67949,1.8498,2.8417,1.6646,2.0055,4.513,1.4847,1.8467,4.1796,5.3457,2.8625,1.6916,0.84613,2.1828,2.8811,0.92023,2.667,4.1184,2.3183,2.5111,3.6732,2.7741,2.3288,4.9474,2.9626,2.6228,4.5635,2.054,2.4293,4.5541,2.2789,2.1626,4.1885,0.73943,2.1263,3.3382,0.48588,2.4271,3.0144,0.5602,2.188,3.8453,2.4784,2.4692,4.5404,0.78378,2.412,2.9468,1.2934,1.5695,4.3462,1.6478,1.9754,3.4773,0.21768,2.663,2.1116,3.425,2.9419,0.23501,0.86465,2.3258,3.0222,1.6428,1.6607,4.1186,1.6143,1.8553,3.2154,0.77059,2.3934,2.8698,2.1931,2.3235,4.9494,1.2292,2.5596,3.1495,1.1832,2.1484,3.5678,0.45318,2.0357,3.2828,1.7059,1.9538,3.4354,2.5555,2.0758,4.0827,2.0766,2.1393,4.9669,1.3507,1.7307,3.8346,0.74942,1.9965,2.7709,2.0977,2.1447,5.0223,2.218,2.2504,4.5295,1.5266,2.383,3.9841,4.1694,2.9543,0.099889,1.884,2.4411,4.0054,0.71892,1.9805,4.1307,1.2154,2.6222,4.2504,3.441,2.8246,6.1065,1.6862,1.5752,3.2769,0.23545,2.347,3.3921,5.0265,2.9789,0.9021,0.46061,2.8058,3.249,1.2012,2.5291,3.0226,2.2127,2.1548,4.9758,1.5751,2.0826,4.4029,1.6192,1.6275,3.3533,1.6231,2.9342,3.3052,0.66946,2.3789,2.8515,0.84657,2.4244,2.9982,0.23532,2.6459,3.3455,1.8095,2.3814,4.2302,0.57119,2.4288,2.7657,1.0209,2.2725,3.6183,1.3148,1.7817,4.3094,0.24882,2.331,3.4336,1.6457,1.5909,3.2775,0.693,2.3674,2.8156,2.992,2.8646,6.0023,1.8467,2.5566,3.998,2.0216,2.21,4.6018,2.3687,2.7029,5.1626,1.7088,1.962,3.8411,1.3734,1.7999,3.7268,2.2584,2.1444,4.9944,1.4776,2.6017,3.9792,0.56923,3.0334,2.2995,4.5269,2.9356,0.29392,1.2936,2.7828,4.2465,1.8947,1.9597,3.8926,1.2143,2.6561,2.8148,0.23049,2.7942,2.8909,1.0323,2.907,4.1838,0.50568,2.4793,2.5877,0.79233,2.0113,2.8855,0.53096,2.4614,3.4033,1.6973,2.2024,4.2981,1.1683,2.7782,4.2926,0.65845,2.0073,3.0324,2.0519,1.852,3.7565,1.3224,1.8652,3.6825,2.3642,2.6597,4.8595,1.4607,1.5631,4.1935,1.318,2.1414,3.2097,0.69376,2.0378,3.0432,0.67158,2.3296,2.6278,1.751,2.3551,4.165,2.3084,2.6385,4.9335,0.60854,2.0329,3.0093,1.6594,1.723,3.3107,0.77927,3.0017,2.5785,0.55352,2.5169,2.5936,3.1432,2.7394,6.0774,6.1832,2.8654,2.5696,4.303,2.9348,0.013359,2.3811,2.3343,3.7454,1.3406,3.0672,4.2419,1.2964,2.4042,3.494,0.26838,3.0987,3.1487,2.3742,2.2101,3.7737,1.2905,1.8472,3.6854,2.4127,2.328,4.5989,2.6049,2.6725,4.1458,1.2686,2.7061,4.3381,1.7704,1.9522,3.8552,1.1688,2.7699,3.7145,2.3779,2.3993,4.9893,1.4859,2.6303,3.3343,2.1746,2.2404,4.0819,0.83068,1.9557,3.384,2.4149,2.3691,3.7911,2.3549,2.3766,3.7407,2.2442,1.9589,4.9968,2.6523,2.2896,4.8151,2.3792,2.2384,3.8007,1.4154,1.6011,3.8844,2.3953,2.6448,4.9498,1.8091,1.9508,3.8807,0.80845,2.1303,4.079,1.6017,1.8375,4.3071,2.3606,2.6287,4.9554,1.4563,2.393,3.2589,5.8841,2.8514,2.1572,1.863,1.7667,3.5133,1.9758,2.9695,4.2495,2.0679,1.9715,4.8095,1.1433,2.602,4.328,1.9448,2.1493,4.9101,1.6405,1.7909,3.9487,1.6161,2.0072,3.3629,1.1016,2.743,3.6662,0.99285,2.8431,3.8281,1.4986,2.4634,3.8899,1.1566,2.7273,3.6826,1.7933,1.7736,4.0875,0.80094,2.4558,2.7949,1.8571,2.1045,4.3961,0.096479,2.7898,2.9311,1.0656,1.9506,4.3054,0.96863,2.3063,3.0522,1.6086,2.4024,4.5726,0.99717,2.0834,2.8335,0.77135,2.0069,2.7074,1.6559,1.7828,3.9519,0.89819,2.4494,2.8499,1.3474,1.5868,3.8394,2.7714,2.601,4.6248,1.0639,2.1837,3.6364,1.1581,2.7603,3.6738,1.9908,1.9921,4.4743,1.0452,1.9608,4.2495,1.8824,1.6466,3.4407,1.6925,2.4897,3.9843,2.199,2.5464,4.8995,2.0952,2.3651,3.6432,1.2143,3.0638,3.456,1.4216,1.4487,4.2455,0.67448,2.987,3.6446,1.6378,1.7354,4.2381,0.77567,2.001,2.7288,0.60342,2.2111,4.0068,2.6375,2.6,4.5235,2.0062,2.1138,3.4457,1.3817,2.902,3.5375,1.085,2.2098,3.6261,2.5351,2.0192,4.473,1.4981,1.7352,4.4209,1.6018,2.5887,3.5737,2.0661,2.2876,4.0656,2.7073,2.3329,4.9814,0.44519,2.5141,2.9399
0.09902,0.1566,0.004178,224.25,237.66,202.17,0.0012906,0.0014602,0.0010112,207.09,219.28,217.11,211.64,201.3,190.93,231.09,218.22,247.18,213.89,240.29,255.02,202.68,213.35,212.91,247.31,214.0,229.33,193.63,186.75,293.52,217.38,188.37,230.1,191.97,253.08,233.0,283.56,162.56,245.13,207.8,210.61,161.35,233.14,245.02,303.78,240.25,194.19,256.97,303.55,273.81,179.15,249.13,182.29,246.07,230.57,264.95,252.41,292.05,253.75,249.12,228.45,288.58,287.08,278.65,231.16,263.53,210.55,210.05,317.98,273.61,281.3,310.56,176.89,235.24,217.18,213.07,216.23,273.01,250.49,243.34,210.58,244.43,260.66,212.83,203.76,236.97,249.72,281.7,256.19,230.42,272.02,258.78,222.46,273.59,151.89,248.04,213.9,216.73,239.8,264.89,249.32,240.21,240.46,198.06,226.55,232.05,316.06,234.08,227.53,256.77,285.75,322.87,245.74,283.32,277.99,343.94,267.77,217.86,269.02,281.04,217.43,264.13,250.57,222.01,294.01,252.1,290.59,288.77,294.05,212.36,266.44,280.98,241.39,244.42,220.1,339.3,209.53,313.33,327.71,312.86,248.49,289.23,225.42,226.31,390.82,234.41,278.92,290.49,262.0,256.66,241.85,275.83,316.27,238.09,224.23,319.83,213.94,251.54,252.8,216.93,240.04,301.78,231.63,156.83,234.49,312.27,281.08,256.69,345.11,205.97,244.15,188.46,168.92,221.02,260.49,199.98,283.54,229.67,208.72,243.9,222.87,245.08,177.02,251.4,242.83,230.33,220.25,210.97,290.04,207.58,270.64,350.37,240.56,251.54,238.35,301.24,248.8,236.38,272.04,308.9,245.34,257.44,240.23,267.22,280.46,243.05,219.33,221.65,236.07,242.13,271.03,238.41,250.74,245.27,281.35,245.2,221.68,263.76,270.59,240.26,179.2,200.61,238.7,296.53,216.32,222.14,281.97,222.48,241.9,249.67,238.65,242.04,265.41,266.2,197.91,234.77,204.58,257.86,217.69,233.16,178.86,257.13,261.06,171.79,265.19,214.74,171.72,248.65,184.99,214.88,249.55,190.52,230.44,242.69,197.84,236.96,240.58,230.22,189.22,234.55,203.92,226.23,225.14,168.32,269.69,269.41,207.64,174.12,200.29,264.75,229.23,234.8,224.17,149.77,158.86,201.28,238.74,228.1,218.83,222.06,211.18,191.9,171.9,183.47,228.83,211.71,239.55,218.51,0.00079851,0.0010543,0.0010507,0.0011105,0.0010049,0.00099353,0.0012148,0.00094466,0.0012421,0.0010163,0.0012711,0.0014083,0.0010714,0.0011485,0.0010444,0.0014738,0.001217,0.0012553,0.0012493,0.0011447,0.0017128,0.0014275,0.0011738,0.0015302,0.0013205,0.0015414,0.0013234,0.0016566,0.0012039,0.0016236,0.0012541,0.0013097,0.0011167,0.0013226,0.0014925,0.0017922,0.0014365,0.0013345,0.0015806,0.0016672,0.0014703,0.0010726,0.0015753,0.0012995,0.0014565,0.0014452,0.0015854,0.0014108,0.0016675,0.0015031,0.0012553,0.0014235,0.0017528,0.0015436,0.0016558,0.0014753,0.0015367,0.0013318,0.0014771,0.0018941,0.0018145,0.0016718,0.001778,0.0013233,0.0016245,0.0013842,0.0015299,0.0015721,0.0016654,0.0014966,0.0016806,0.0014495,0.0014425,0.0016375,0.0014733,0.0013941,0.0014324,0.0015835,0.0017729,0.0017053,0.0015793,0.0018044,0.0016753,0.0013798,0.0015163,0.0012164,0.0014117,0.0015204,0.0014361,0.0014951,0.0016339,0.0014713,0.0015884,0.0016074,0.0013349,0.0014975,0.0014544,0.0019652,0.001531,0.0014657,0.0014019,0.0017213,0.0020137,0.0014928,0.0018038,0.0012457,0.0019101,0.0017012,0.0015403,0.0015724,0.0017806,0.001531,0.0016888,0.0015221,0.0015008,0.001786,0.00162,0.0017544,0.0017843,0.0015266,0.0014926,0.0017162,0.0016724,0.0017024,0.0015526,0.0010716,0.0020634,0.0014928,0.0013836,0.0020121,0.0019557,0.0016541,0.0017971,0.0014334,0.0015174,0.0017607,0.0016592,0.0016777,0.0017772,0.0016371,0.0016365,0.0015786,0.0014964,0.0018321,0.0016657,0.0012667,0.001719,0.0012965,0.0015839,0.0014222,0.0013971,0.0015942,0.0017699,0.0014971,0.0011928,0.0013945,0.0018409,0.0017684,0.0012077,0.0019654,0.0013111,0.001527,0.001326,0.0013119,0.0014397,0.0015761,0.0014181,0.0017198,0.0015313,0.0014579,0.0015888,0.0012659,0.0015961,0.0014233,0.0015657,0.0015207,0.0016654,0.0015226,0.0013693,0.0016343,0.0013516,0.0016448,0.0019974,0.0015779,0.0015992,0.0016733,0.0017226,0.0015351,0.0015558,0.0015729,0.0016187,0.0016098,0.0015661,0.0015621,0.0018893,0.0016978,0.0015482,0.00068121,0.0015431,0.0014758,0.0015617,0.0016394,0.001527,0.0016181,0.0014579,0.0019741,0.001497,0.0015273,0.0015999,0.0014934,0.0014798,0.0012917,0.0013752,0.0014358,0.0017825,0.0014719,0.0014694,0.0016055,0.0014167,0.0015807,0.0015539,0.001479,0.0014773,0.0015281,0.0016262,0.0013299,0.0014838,0.0013589,0.0015171,0.001486,0.0013377,0.0012148,0.0014371,0.0016238,0.0012106,0.0015682,0.0012945,0.0013327,0.0015102,0.0012225,0.0013856,0.0014911,0.0013085,0.0014021,0.0014487,0.0011355,0.0014103,0.0014114,0.0014461,0.0012529,0.0014766,0.0012697,0.0014187,0.0013021,0.00097365,0.0014183,0.0014917,0.0011631,0.0011682,0.0011115,0.0014656,0.0014148,0.0014048,0.0010208,0.00091747,0.00098006,0.0010094,0.0014283,0.0013459,0.0010171,0.0012428,0.0010298,0.0010297,0.00087962,0.00085822,0.0011265,0.0011391,0.0013205,0.0012079,1074300.0,1105700.0,792270.0,4276700.0,2284500.0,1150800.0,5856800.0,1513400.0,1879800.0,3242500.0,2966100.0,734830.0,5652900.0,1298400.0,4052200.0,2459600.0,5070500.0,4091400.0,1340500.0,3371900.0,2502600.0,3347400.0,11704000.0,958350.0,6311800.0,749460.0,9101500.0,1591900.0,1841400.0,815570.0,3232100.0,1680500.0,5814300.0,23940000.0,2520900.0,2724900.0,4347000.0,1235900.0,1513400.0,1646200.0,2062700.0,1057700.0,2058300.0,1019200.0,7475600.0,2433400.0,1825600.0,1494000.0,2274900.0,15971000.0,952090.0,7278300.0,3995200.0,706940.0,3910700.0,1079100.0,2657700.0,17679000.0,32102000.0,2373200.0,1720700.0,1532600.0,2840700.0,1036400.0,1926200.0,3409900.0,803840.0,2871900.0,1940600.0,3915400.0,2755300.0,1446400.0,1119200.0,15048000.0,5077600.0,1340600.0,3613400.0,1673300.0,965090.0,2573300.0,3702600.0,1313000.0,893150.0,2116300.0,873820.0,1861100.0,2850800.0,4950200.0,4191200.0,2338500.0,5694300.0,1300700.0,9352900.0,4677300.0,1017700.0,1694700.0,903640.0,1769700.0,3509900.0,9918500.0,1730700.0,16523000.0,1417300.0,9919600.0,1633600.0,3256300.0,1272900.0,1628100.0,12535000.0,5115100.0,2157200.0,3869300.0,2389200.0,1225800.0,656170.0,3373000.0,11659000.0,2413800.0,1291100.0,778800.0,1922000.0,735100.0,1193700.0,2218700.0,8786700.0,4156700.0,2627900.0,3087700.0,2361300.0,1498700.0,773560.0,10411000.0,2404500.0,3548600.0,2073400.0,1371700.0,1031900.0,2014200.0,1052000.0,2853800.0,3921600.0,1159600.0,1477000.0,2103000.0,1521000.0,2210500.0,2422200.0,877170.0,6912100.0,1513500.0,9390500.0,6180200.0,809830.0,10291000.0,814480.0,1274500.0,19279000.0,683650.0,12167000.0,721740.0,5575100.0,3693400.0,3817200.0,2647300.0,5252900.0,4116200.0,4227600.0,964530.0,4135000.0,1638700.0,6369200.0,1506700.0,7610900.0,1080700.0,744550.0,4005200.0,2996600.0,1988300.0,8411500.0,2288700.0,948280.0,1205600.0,3671000.0,3568300.0,1940100.0,1475700.0,747540.0,6807100.0,5275200.0,2336700.0,637470.0,17726000.0,3323000.0,5257900.0,1142200.0,18258000.0,5431600.0,1100100.0,8580600.0,1353300.0,1434500.0,3992400.0,5297000.0,799330.0,1639500.0,973680.0,1778500.0,1568200.0,1456500.0,7851700.0,2342100.0,1425100.0,12280000.0,2793800.0,1238000.0,1263500.0,3260300.0,951930.0,4669600.0,1133200.0,1854600.0,8075300.0,4435100.0,696550.0,1421900.0,10018000.0,5258300.0,5069200.0,15394000.0,3001700.0,1931800.0,2342400.0,2994600.0,3189800.0,1882600.0,1749500.0,2275100.0,1499400.0,7215800.0,652060.0,3656200.0,8296200.0,8910100.0,1863600.0,5378600.0,4029700.0,5011000.0,864140.0,1139900.0,5361500.0,1551600.0,6587500.0,3485200.0,7122400.0,1970700.0,1638700.0,1591200.0,1087700.0,1106100.0,2208100.0,945990.0,5091800.0,3371700.0,4404800.0,3356800.0,2894200.0,2745600.0,15584000.0,14989000.0,6042000.0,4601000.0,2807600.0,6148400.0,3762100.0,1781300.0,2740300.0,1353800.0,4824200.0,3044800.0,1.5309,1.8502,4.1684,2.2314,2.4722,3.6652,1.2766,2.2323,4.2234,1.2154,1.9895,4.2238,2.4836,2.6639,4.3125,0.80174,2.0625,4.2185,1.6067,2.5098,3.8857,3.0572,2.8446,5.8578,1.2092,2.015,4.2142,1.7292,1.7184,4.2471,1.2797,2.2508,4.2506,0.78476,2.0468,4.2108,2.9194,2.8421,4.6054,5.637,2.7644,1.4191,1.2377,2.833,3.6199,0.89292,2.1556,3.0092,2.5318,2.1076,4.5015,1.4649,1.6817,3.8978,0.67821,2.6283,3.8779,1.9434,1.8043,3.5027,1.1469,2.4095,3.1686,0.33063,2.2895,3.5317,1.818,1.649,3.396,2.06,2.7445,4.2899,1.8485,1.6493,3.3778,1.562,1.6547,3.9455,0.35624,2.1653,3.1592,2.0592,2.4022,4.4593,1.4785,1.689,3.2379,0.86899,1.9178,2.7624,3.1465,2.8407,5.9399,1.955,1.7878,3.4914,0.92777,2.7163,2.8989,1.7426,2.5884,4.0023,0.68596,1.8948,2.761,1.0917,2.4286,3.1057,1.9195,1.9286,4.4944,1.7659,1.6615,3.8908,0.56217,2.182,3.8168,1.2808,2.5018,3.8286,0.99303,2.112,3.2289,2.5646,2.3243,4.3287,2.0329,2.1928,4.7075,1.5102,1.6636,3.9212,1.8868,1.9628,4.4876,1.4696,2.1869,3.2551,0.82851,2.1794,3.103,2.4485,2.4239,4.3568,1.973,2.5561,4.8611,1.9328,2.609,4.8419,2.5594,2.3217,4.3137,1.2794,2.51,3.9144,1.767,2.285,4.3489,2.3561,3.0177,4.2433,0.58433,2.4292,2.5642,1.4596,2.0324,4.5992,1.9835,3.0389,3.8743,0.29438,2.3822,3.3825,1.6908,1.6209,4.0801,0.77747,2.1345,3.066,2.2576,2.2985,4.6845,0.60035,2.489,3.0751,0.89739,2.1877,3.2166,0.056887,2.8957,1.8104,2.0087,2.1129,4.6028,2.5371,2.3575,4.2665,2.4071,2.3055,5.1431,2.0242,2.7261,4.2148,1.1269,1.8474,3.9924,4.5795,2.8911,0.59827,0.83099,2.17,3.0124,1.4294,2.1117,4.2721,1.1436,2.1688,3.528,2.1439,2.6929,4.4057,1.6448,1.5882,4.1479,1.1654,2.5388,3.0792,0.75307,2.4541,3.7472,2.1595,1.863,3.6942,1.4844,2.4995,3.4794,1.4841,2.5893,3.5653,1.5159,1.646,4.28,2.0072,2.724,4.5165,2.0789,2.7251,4.6157,3.3415,2.8212,6.0943,1.6985,1.6221,4.1885,1.8114,1.9665,3.4098,2.3501,2.962,5.2311,1.1889,2.5563,3.0672,2.6805,2.4221,5.0072,0.97728,2.647,4.1457,1.5019,2.4806,3.5183,1.0139,1.9169,4.0941,1.7361,1.6188,4.074,1.8383,1.9274,3.4027,6.0777,2.9094,2.8933,2.906,2.2481,4.6344,1.4285,1.9558,4.2981,1.1776,2.6066,3.3526,1.4555,2.4531,3.3826,1.7377,1.9332,3.6833,1.9825,2.4283,4.0349,1.1016,2.3349,3.2236,2.4655,1.9604,5.244,1.0888,2.6452,3.2951,1.4336,2.4949,3.3616,0.20566,3.0227,3.1995,0.67887,1.8512,2.8403,1.6637,2.0043,4.5148,1.4845,1.8459,4.1805,5.3411,2.8609,1.6877,0.8465,2.1838,2.8828,0.91991,2.6682,4.1202,2.3202,2.5099,3.6733,2.7801,2.3275,4.9479,2.9653,2.6218,4.5643,2.0532,2.4281,4.5551,2.2757,2.1641,4.1882,0.73859,2.1291,3.3382,0.48884,2.4266,3.0158,0.56043,2.1892,3.8468,2.4795,2.4682,4.5422,0.78233,2.4121,2.9464,1.294,1.5692,4.3472,1.6458,1.9745,3.4783,0.22077,2.6625,2.1123,3.4262,2.9417,0.23813,0.86557,2.3236,3.0248,1.6422,1.6612,4.1196,1.6169,1.8565,3.2166,0.77051,2.3921,2.8694,2.1934,2.3226,4.9493,1.2317,2.56,3.1509,1.1857,2.1507,3.5693,0.45097,2.0371,3.2836,1.706,1.9525,3.4354,2.5587,2.0756,4.0823,2.0752,2.1395,4.9665,1.3521,1.7302,3.8353,0.75031,1.9971,2.7715,2.0967,2.1443,5.0236,2.2155,2.2517,4.5302,1.5258,2.3849,3.9848,4.1673,2.953,0.097506,1.8828,2.4427,4.0056,0.7165,1.9806,4.1314,1.2157,2.6225,4.2501,3.4384,2.824,6.1063,1.6878,1.575,3.2771,0.2353,2.3477,3.3917,5.023,2.9795,0.89703,0.45882,2.8062,3.2497,1.2003,2.5294,3.024,2.2143,2.1561,4.9768,1.5772,2.0821,4.4042,1.6208,1.6273,3.3546,1.6282,2.9343,3.3045,0.67279,2.3776,2.8538,0.8455,2.4233,2.9987,0.23626,2.6465,3.3463,1.8152,2.3839,4.2323,0.574,2.4287,2.7669,1.0204,2.2744,3.6175,1.3137,1.7811,4.3097,0.24779,2.3316,3.4343,1.6483,1.5905,3.2775,0.69746,2.366,2.8172,2.991,2.8644,6.0033,1.8433,2.5556,3.9971,2.0221,2.2104,4.6019,2.364,2.7016,5.1603,1.7056,1.9618,3.8401,1.3747,1.7994,3.7275,2.2602,2.1442,4.9945,1.4789,2.6007,3.9783,0.56739,3.0328,2.2954,4.5249,2.9347,0.29285,1.296,2.7849,4.2452,1.895,1.96,3.8927,1.2144,2.6567,2.814,0.22768,2.7942,2.8896,1.034,2.9073,4.1846,0.50495,2.4784,2.5881,0.79526,2.0133,2.8838,0.53094,2.4623,3.4032,1.6998,2.2028,4.2992,1.1667,2.7797,4.2912,0.65934,2.0083,3.0307,2.0537,1.8514,3.7553,1.3263,1.8655,3.6835,2.3622,2.6583,4.8571,1.4624,1.5636,4.1937,1.3168,2.1413,3.2103,0.69481,2.0393,3.0422,0.67434,2.3278,2.6282,1.753,2.3564,4.1657,2.3063,2.637,4.9328,0.60828,2.0342,3.0075,1.6643,1.7248,3.3103,0.78264,3.0012,2.58,0.55325,2.517,2.5937,3.1468,2.739,6.0813,6.1855,2.8657,2.5733,4.2981,2.9337,0.0081526,2.3816,2.3327,3.7449,1.3469,3.0667,4.2504,1.2945,2.406,3.4933,0.26138,3.0989,3.1436,2.3742,2.2095,3.773,1.2908,1.8471,3.6862,2.4124,2.3279,4.5996,2.6051,2.6734,4.1481,1.2682,2.7065,4.338,1.7683,1.9518,3.8543,1.1696,2.7693,3.7156,2.3766,2.3978,4.9875,1.484,2.6302,3.3354,2.1741,2.2417,4.0816,0.83004,1.9564,3.3842,2.4154,2.3681,3.7915,2.3548,2.3759,3.7404,2.2453,1.9602,4.9987,2.6518,2.2896,4.8156,2.3795,2.2384,3.8005,1.4158,1.6014,3.8853,2.394,2.6434,4.949,1.8077,1.9506,3.8802,0.80893,2.1301,4.0803,1.6015,1.8376,4.3078,2.3593,2.6271,4.955,1.4559,2.3932,3.2588,5.8826,2.8507,2.1559,1.8631,1.7663,3.5137,1.975,2.9682,4.248,2.069,1.972,4.8105,1.1442,2.6024,4.329,1.9462,2.1494,4.911,1.6408,1.7908,3.9484,1.6164,2.0071,3.3623,1.103,2.7424,3.6678,0.99399,2.8433,3.8282,1.5003,2.4642,3.8905,1.1569,2.726,3.6829,1.7924,1.7731,4.0873,0.79941,2.4556,2.7953,1.8565,2.1052,4.3964,0.096826,2.7896,2.9328,1.0652,1.9505,4.3062,0.96891,2.3058,3.053,1.6081,2.4025,4.5724,0.99732,2.0833,2.8335,0.77196,2.0069,2.7069,1.6567,1.7825,3.9517,0.89771,2.4492,2.8512,1.3467,1.5868,3.8394,2.7714,2.6012,4.6246,1.0636,2.1847,3.6365,1.1586,2.7595,3.6741,1.9911,1.9922,4.4743,1.0444,1.9607,4.2493,1.8829,1.6465,3.4406,1.6931,2.4898,3.984,2.2003,2.5462,4.899,2.0943,2.3648,3.6421,1.2144,3.0636,3.4563,1.4212,1.4485,4.2457,0.67532,2.9868,3.645,1.638,1.7352,4.2382,0.77624,2.001,2.7286,0.60216,2.2114,4.0078,2.6366,2.6,4.5234,2.0065,2.1135,3.4458,1.3815,2.9016,3.5374,1.0851,2.2102,3.6259,2.5352,2.0196,4.4731,1.4982,1.7353,4.4209,1.6017,2.5886,3.5735,2.0662,2.2876,4.0655,2.7073,2.3323,4.981,0.44522,2.5138,2.9397
0.10086,0.15952,0.0042356,224.48,238.17,201.92,0.0012916,0.0014623,0.0010102,207.27,219.89,217.12,212.16,201.23,189.97,231.43,218.75,248.26,214.26,239.92,254.27,202.46,213.68,213.32,248.98,214.05,230.34,193.93,186.17,295.54,217.8,188.59,230.2,192.19,254.34,233.97,285.11,163.14,245.4,207.95,210.03,160.53,231.69,245.04,304.98,240.54,193.97,258.3,305.07,275.46,180.23,245.96,182.25,247.1,232.06,265.81,253.1,293.21,254.88,249.37,230.21,289.68,288.37,280.02,232.97,264.41,209.07,210.1,319.04,274.78,283.55,314.89,177.31,236.06,219.24,202.13,215.67,274.78,249.85,245.4,211.13,244.75,262.02,213.77,204.2,237.15,251.47,283.88,257.13,229.92,274.0,259.4,222.81,275.71,152.1,246.04,214.3,216.38,241.53,266.67,246.71,240.63,241.09,199.38,229.04,233.31,317.0,235.93,229.05,258.34,287.3,322.37,244.14,286.12,282.17,345.74,267.71,218.45,271.09,284.81,219.01,265.04,251.4,224.33,295.64,252.92,290.71,292.01,295.54,213.8,269.38,280.84,242.59,243.56,222.11,341.39,211.31,316.29,329.28,316.4,248.68,292.43,225.87,227.38,392.78,235.45,279.63,291.66,263.42,257.1,243.59,277.0,319.26,238.9,227.18,320.41,212.71,248.32,252.75,217.67,241.36,301.87,232.35,157.49,235.15,313.53,282.14,261.16,347.38,206.21,245.43,189.12,168.82,221.15,261.59,200.82,284.84,229.87,209.47,244.46,222.48,245.54,175.95,252.74,243.82,231.24,220.59,211.78,289.99,206.92,271.04,351.3,241.37,251.23,238.5,301.23,249.48,236.05,272.27,309.01,245.68,257.67,243.16,267.93,281.02,243.26,235.49,221.55,236.15,242.02,270.12,238.99,251.41,245.71,282.5,245.22,221.89,263.76,271.02,240.43,180.26,201.08,238.85,297.01,216.94,222.1,281.95,222.81,242.25,249.85,238.62,242.19,265.79,266.19,198.14,237.45,204.75,258.14,217.68,233.31,179.75,257.26,261.0,171.75,265.0,215.02,171.95,248.66,184.84,215.62,249.72,190.3,230.49,242.6,197.53,237.21,240.62,229.85,189.06,235.03,204.31,226.29,225.16,168.1,269.5,269.48,207.7,173.86,200.6,265.26,229.85,234.56,223.93,149.61,159.13,201.34,238.9,228.11,218.48,221.83,210.95,191.56,171.61,183.29,228.81,211.9,240.04,218.65,0.00079677,0.001055,0.0010496,0.0011127,0.0010046,0.00098514,0.0012161,0.00094535,0.001246,0.0010189,0.001269,0.0014052,0.0010683,0.0011506,0.0010464,0.0014821,0.0012177,0.0012595,0.0012526,0.0011404,0.0017216,0.00143,0.001175,0.0015315,0.0013221,0.0015477,0.0013295,0.0016655,0.0012089,0.0016248,0.0012554,0.0013057,0.0011113,0.0013153,0.0014926,0.001798,0.0014395,0.0013316,0.0015872,0.0016737,0.0014753,0.0010781,0.0015606,0.0013003,0.0014621,0.0014544,0.0015904,0.0014136,0.001674,0.0015085,0.0012537,0.0014292,0.0017586,0.0015486,0.0016626,0.0014817,0.0015412,0.0013086,0.0014771,0.0019002,0.0018201,0.0016808,0.0017922,0.0013223,0.0016278,0.0013916,0.0014793,0.0015727,0.0016729,0.0014977,0.0016905,0.0014511,0.0014435,0.0016443,0.0014768,0.0013938,0.0014325,0.0015935,0.0017843,0.0017138,0.0015786,0.0018174,0.0016829,0.0013798,0.0015223,0.0012198,0.001385,0.001525,0.0014339,0.001505,0.0016431,0.001462,0.0015868,0.0016065,0.0013338,0.0015089,0.0014618,0.0019723,0.0015416,0.0014751,0.0013977,0.0017295,0.0020135,0.0014817,0.0018165,0.0012606,0.0019204,0.0017039,0.0015441,0.0015841,0.0017989,0.0015403,0.001689,0.0015284,0.0015094,0.0017952,0.0016257,0.0017561,0.0017962,0.0015297,0.0014991,0.0017281,0.0016682,0.0017138,0.0015433,0.0010775,0.002072,0.0015046,0.0014014,0.0020173,0.0019747,0.0016558,0.0018107,0.0014389,0.0015239,0.0017756,0.0016643,0.0016784,0.0017827,0.0016436,0.0016411,0.0015882,0.0015015,0.001847,0.0016726,0.0012723,0.0017242,0.0012842,0.0015491,0.0014183,0.001403,0.0016012,0.0017579,0.0015024,0.0011962,0.0013883,0.0018481,0.0017749,0.0012235,0.0019723,0.0013127,0.0015343,0.0013306,0.0013105,0.001433,0.0015805,0.0014243,0.0017277,0.0015347,0.0014635,0.0015952,0.0012669,0.0016,0.0014173,0.0015752,0.0015267,0.0016719,0.0015237,0.0013733,0.0016348,0.0013513,0.001647,0.0020052,0.0015831,0.0015999,0.0016752,0.0017257,0.0015402,0.0015565,0.0015746,0.0016202,0.0016118,0.0015685,0.0015785,0.0018936,0.0017022,0.0015501,0.00071527,0.0015446,0.0014759,0.0015644,0.0016407,0.001531,0.0016224,0.0014615,0.0019801,0.0014978,0.0015288,0.001601,0.0014954,0.0014813,0.0012958,0.0013786,0.0014365,0.0017857,0.0014737,0.0014699,0.0016046,0.0014183,0.0015822,0.0015558,0.0014796,0.0014778,0.0015304,0.0016264,0.0013312,0.0015028,0.0013603,0.0015192,0.0014847,0.0013381,0.0012193,0.0014371,0.0016244,0.0012097,0.0015677,0.0012951,0.0013338,0.0015106,0.0012219,0.0013905,0.0014922,0.0013083,0.001401,0.0014479,0.0011342,0.0014117,0.0014106,0.0014439,0.0012513,0.0014792,0.0012718,0.0014185,0.001302,0.0009716,0.0014178,0.0014927,0.0011625,0.0011669,0.0011127,0.001468,0.0014181,0.0014035,0.0010193,0.00091645,0.0009811,0.0010088,0.001429,0.0013456,0.0010151,0.0012414,0.0010279,0.0010274,0.00087749,0.0008564,0.0011257,0.0011397,0.0013228,0.0012087,1074300.0,1105700.0,792270.0,4276700.0,2284500.0,1150800.0,5856800.0,1513400.0,1879800.0,3242500.0,2966100.0,734830.0,5652900.0,1298400.0,4052200.0,2459600.0,5070500.0,4091400.0,1340500.0,3371900.0,2502600.0,3347400.0,11704000.0,958350.0,6311800.0,749460.0,9101500.0,1591900.0,1841400.0,815570.0,3232100.0,1680500.0,5814300.0,23940000.0,2520900.0,2724900.0,4347000.0,1235900.0,1513400.0,1646200.0,2062700.0,1057700.0,2058300.0,1019200.0,7475600.0,2433400.0,1825600.0,1494000.0,2274900.0,15971000.0,952090.0,7278300.0,3995200.0,706940.0,3910700.0,1079100.0,2657700.0,17679000.0,32102000.0,2373200.0,1720700.0,1532600.0,2840700.0,1036400.0,1926200.0,3409900.0,803840.0,2871900.0,1940600.0,3915400.0,2755300.0,1446400.0,1119200.0,15048000.0,5077600.0,1340600.0,3613400.0,1673300.0,965090.0,2573300.0,3702600.0,1313000.0,893150.0,2116300.0,873820.0,1861100.0,2850800.0,4950200.0,4191200.0,2338500.0,5694300.0,1300700.0,9352900.0,4677300.0,1017700.0,1694700.0,903640.0,1769700.0,3509900.0,9918500.0,1730700.0,16523000.0,1417300.0,9919600.0,1633600.0,3256300.0,1272900.0,1628100.0,12535000.0,5115100.0,2157200.0,3869300.0,2389200.0,1225800.0,656170.0,3373000.0,11659000.0,2413800.0,1291100.0,778800.0,1922000.0,735100.0,1193700.0,2218700.0,8786700.0,4156700.0,2627900.0,3087700.0,2361300.0,1498700.0,773560.0,10411000.0,2404500.0,3548600.0,2073400.0,1371700.0,1031900.0,2014200.0,1052000.0,2853800.0,3921600.0,1159600.0,1477000.0,2103000.0,1521000.0,2210500.0,2422200.0,877170.0,6912100.0,1513500.0,9390500.0,6180200.0,809830.0,10291000.0,814480.0,1274500.0,19279000.0,683650.0,12167000.0,721740.0,5575100.0,3693400.0,3817200.0,2647300.0,5252900.0,4116200.0,4227600.0,964530.0,4135000.0,1638700.0,6369200.0,1506700.0,7610900.0,1080700.0,744550.0,4005200.0,2996600.0,1988300.0,8411500.0,2288700.0,948280.0,1205600.0,3671000.0,3568300.0,1940100.0,1475700.0,747540.0,6807100.0,5275200.0,2336700.0,637470.0,17726000.0,3323000.0,5257900.0,1142200.0,18258000.0,5431600.0,1100100.0,8580600.0,1353300.0,1434500.0,3992400.0,5297000.0,799330.0,1639500.0,973680.0,1778500.0,1568200.0,1456500.0,7851700.0,2342100.0,1425100.0,12280000.0,2793800.0,1238000.0,1263500.0,3260300.0,951930.0,4669600.0,1133200.0,1854600.0,8075300.0,4435100.0,696550.0,1421900.0,10018000.0,5258300.0,5069200.0,15394000.0,3001700.0,1931800.0,2342400.0,2994600.0,3189800.0,1882600.0,1749500.0,2275100.0,1499400.0,7215800.0,652060.0,3656200.0,8296200.0,8910100.0,1863600.0,5378600.0,4029700.0,5011000.0,864140.0,1139900.0,5361500.0,1551600.0,6587500.0,3485200.0,7122400.0,1970700.0,1638700.0,1591200.0,1087700.0,1106100.0,2208100.0,945990.0,5091800.0,3371700.0,4404800.0,3356800.0,2894200.0,2745600.0,15584000.0,14989000.0,6042000.0,4601000.0,2807600.0,6148400.0,3762100.0,1781300.0,2740300.0,1353800.0,4824200.0,3044800.0,1.5311,1.8504,4.1683,2.2315,2.4724,3.6652,1.2766,2.2325,4.2234,1.2151,1.9894,4.2236,2.4834,2.6639,4.3127,0.8008,2.0625,4.2186,1.6081,2.5102,3.8855,3.058,2.8447,5.8582,1.2087,2.0154,4.2137,1.7288,1.7184,4.2471,1.2799,2.2513,4.2512,0.78346,2.0465,4.2108,2.9195,2.8422,4.6067,5.6354,2.7641,1.418,1.2379,2.8327,3.62,0.8917,2.1558,3.0089,2.5327,2.1089,4.5028,1.4648,1.6817,3.8977,0.67896,2.6296,3.878,1.9423,1.805,3.5033,1.1481,2.4088,3.1704,0.33145,2.2895,3.5309,1.8186,1.6486,3.3962,2.0591,2.743,4.2878,1.8496,1.649,3.3776,1.5635,1.6543,3.9462,0.35566,2.1658,3.1583,2.0601,2.4031,4.4608,1.479,1.6895,3.2387,0.86955,1.9183,2.7623,3.1487,2.8406,5.9419,1.9543,1.7884,3.4919,0.92648,2.7165,2.8993,1.7413,2.5885,4.0023,0.68688,1.8951,2.7605,1.0919,2.4283,3.1065,1.9198,1.9287,4.4944,1.7669,1.6611,3.8908,0.56331,2.1814,3.8185,1.2826,2.5031,3.8298,0.99278,2.113,3.2279,2.5655,2.3251,4.3297,2.0321,2.1934,4.7083,1.5106,1.6633,3.9213,1.8867,1.9636,4.4875,1.4698,2.1873,3.2547,0.82807,2.181,3.1012,2.4488,2.425,4.3574,1.9734,2.5554,4.8605,1.9327,2.6093,4.8411,2.5598,2.3223,4.3144,1.2792,2.5104,3.9133,1.7683,2.2859,4.3499,2.359,3.0169,4.2454,0.58571,2.4283,2.566,1.4581,2.0321,4.5991,1.9817,3.0383,3.8717,0.29353,2.3822,3.3816,1.691,1.6207,4.08,0.77848,2.1362,3.0655,2.2579,2.2989,4.6851,0.5998,2.4869,3.0763,0.89468,2.1896,3.2146,0.055538,2.8957,1.8082,2.0089,2.1149,4.6034,2.5368,2.3589,4.2669,2.4022,2.3054,5.1427,2.0222,2.7244,4.2115,1.127,1.8471,3.9932,4.578,2.888,0.60077,0.82857,2.1708,3.011,1.4309,2.1122,4.2723,1.1446,2.1701,3.5286,2.141,2.6916,4.4027,1.6439,1.5879,4.1478,1.1658,2.5386,3.0798,0.753,2.4548,3.7468,2.1612,1.8619,3.6936,1.482,2.5006,3.4795,1.4795,2.5901,3.5638,1.5122,1.6455,4.28,2.0043,2.7224,4.5143,2.0766,2.7237,4.6151,3.3423,2.8216,6.0953,1.6984,1.6224,4.1888,1.8127,1.9659,3.4094,2.3527,2.9623,5.2353,1.1893,2.5568,3.0666,2.6812,2.4217,5.0077,0.9769,2.6479,4.1473,1.4994,2.4813,3.519,1.0097,1.9181,4.0942,1.738,1.619,4.0737,1.8419,1.927,3.4019,6.0729,2.9088,2.8899,2.9062,2.2473,4.6359,1.4302,1.9556,4.2997,1.1752,2.6051,3.3526,1.455,2.4533,3.3831,1.7362,1.932,3.6826,1.9835,2.4295,4.0365,1.1012,2.3358,3.2243,2.4648,1.9587,5.2458,1.0852,2.6442,3.2945,1.4326,2.4962,3.3617,0.20817,3.0236,3.2003,0.67818,1.8525,2.8389,1.6628,2.0032,4.5167,1.4844,1.8452,4.1815,5.3364,2.8592,1.6838,0.84683,2.1848,2.8844,0.91956,2.6694,4.1221,2.322,2.5086,3.6734,2.7862,2.3262,4.9484,2.968,2.6208,4.5652,2.0525,2.427,4.5561,2.2723,2.1657,4.1878,0.73775,2.1319,3.3381,0.49187,2.426,3.0171,0.56068,2.1904,3.8483,2.4807,2.4671,4.5441,0.78083,2.4123,2.946,1.2946,1.5688,4.3482,1.6437,1.9735,3.4792,0.2239,2.6621,2.1132,3.4272,2.9415,0.24112,0.86645,2.3214,3.0273,1.6415,1.6617,4.1205,1.6193,1.8576,3.2178,0.77044,2.3909,2.8691,2.1937,2.3218,4.9491,1.2343,2.5605,3.1524,1.1883,2.153,3.5709,0.44876,2.0385,3.2843,1.7061,1.9512,3.4353,2.5617,2.0753,4.0819,2.0739,2.1397,4.9662,1.3534,1.7296,3.8359,0.75117,1.9977,2.7721,2.0956,2.144,5.0249,2.213,2.253,4.5309,1.5249,2.3868,3.9855,4.1651,2.9517,0.094994,1.8816,2.4443,4.0059,0.7141,1.9808,4.132,1.2159,2.6227,4.2498,3.4359,2.8233,6.1061,1.6894,1.5747,3.2772,0.23519,2.3484,3.3913,5.0195,2.9802,0.89195,0.45709,2.8066,3.2504,1.1994,2.5297,3.0253,2.216,2.1574,4.9779,1.5792,2.0815,4.4054,1.6224,1.6271,3.3558,1.6334,2.9343,3.304,0.67605,2.3764,2.856,0.84443,2.4223,2.9991,0.23717,2.6471,3.347,1.8208,2.3864,4.2343,0.57679,2.4285,2.7681,1.02,2.2763,3.6167,1.3127,1.7806,4.31,0.24684,2.3323,3.4351,1.6508,1.5902,3.2775,0.70187,2.3646,2.8188,2.9899,2.8643,6.0043,1.8398,2.5545,3.9963,2.0226,2.2108,4.6021,2.3593,2.7002,5.158,1.7023,1.9616,3.8392,1.3759,1.7989,3.7282,2.262,2.1439,4.9945,1.4802,2.5996,3.9774,0.56535,3.0322,2.2911,4.5229,2.9339,0.29178,1.2986,2.787,4.244,1.8953,1.9602,3.8928,1.2144,2.6573,2.8131,0.22491,2.7941,2.8883,1.0356,2.9075,4.1853,0.50424,2.4776,2.5885,0.79814,2.0152,2.8821,0.53093,2.4632,3.4031,1.7022,2.2033,4.3003,1.1652,2.7812,4.2898,0.66025,2.0093,3.029,2.0555,1.8508,3.7542,1.33,1.8658,3.6844,2.3604,2.657,4.8547,1.464,1.5641,4.1939,1.3156,2.1413,3.2109,0.69584,2.0407,3.0412,0.6771,2.3259,2.6286,1.7549,2.3575,4.1663,2.3043,2.6355,4.9322,0.60803,2.0354,3.0058,1.6689,1.7265,3.3097,0.78589,3.0006,2.5815,0.55299,2.5172,2.5938,3.1503,2.7386,6.0851,6.1877,2.8659,2.5768,4.2933,2.9327,0.0030535,2.3821,2.3311,3.7445,1.3529,3.0662,4.2585,1.2928,2.4077,3.4926,0.25425,3.0992,3.1384,2.3742,2.209,3.7723,1.2912,1.8471,3.6869,2.4121,2.3278,4.6003,2.6054,2.6743,4.1503,1.2679,2.7069,4.3379,1.7661,1.9515,3.8534,1.1704,2.7688,3.7167,2.3754,2.3964,4.9858,1.4821,2.6301,3.3365,2.1737,2.243,4.0813,0.82946,1.957,3.3845,2.4159,2.3672,3.7919,2.3547,2.3752,3.7401,2.2465,1.9613,5.0005,2.6513,2.2895,4.816,2.3799,2.2384,3.8004,1.4163,1.6017,3.8862,2.3928,2.6421,4.9482,1.8064,1.9504,3.8798,0.80938,2.13,4.0815,1.6013,1.8377,4.3086,2.358,2.6255,4.9548,1.4555,2.3935,3.2587,5.881,2.85,2.1547,1.8631,1.766,3.5142,1.9743,2.967,4.2466,2.0701,1.9724,4.8115,1.145,2.6029,4.3299,1.9475,2.1494,4.9118,1.641,1.7907,3.9481,1.6167,2.0071,3.3617,1.1044,2.7418,3.6693,0.99512,2.8435,3.8284,1.5019,2.4651,3.8912,1.1573,2.7247,3.6831,1.7915,1.7725,4.0872,0.79793,2.4555,2.7957,1.8558,2.1058,4.3967,0.097154,2.7895,2.9344,1.0648,1.9503,4.3069,0.9692,2.3052,3.0537,1.6076,2.4026,4.5721,0.99748,2.0832,2.8335,0.77255,2.007,2.7064,1.6574,1.7822,3.9514,0.89725,2.449,2.8526,1.346,1.5868,3.8395,2.7713,2.6014,4.6243,1.0632,2.1857,3.6366,1.1591,2.7588,3.6744,1.9914,1.9923,4.4743,1.0436,1.9607,4.2491,1.8834,1.6465,3.4404,1.6937,2.49,3.9838,2.2015,2.5461,4.8986,2.0934,2.3646,3.6411,1.2145,3.0634,3.4566,1.4207,1.4484,4.2458,0.67614,2.9866,3.6453,1.6382,1.7349,4.2383,0.77681,2.0011,2.7284,0.60094,2.2116,4.0088,2.6357,2.5999,4.5233,2.0068,2.1133,3.446,1.3814,2.9012,3.5373,1.0851,2.2106,3.6257,2.5353,2.02,4.4732,1.4984,1.7353,4.4208,1.6015,2.5886,3.5734,2.0663,2.2877,4.0654,2.7074,2.3316,4.9806,0.44526,2.5135,2.9395
0.10269,0.16243,0.0042923,224.69,238.67,201.66,0.0012924,0.0014644,0.0010093,207.37,220.44,217.13,212.61,201.15,189.12,231.73,219.22,249.24,214.59,239.6,253.55,202.24,214.0,213.68,250.56,214.07,231.28,194.24,185.65,297.43,218.17,188.78,230.27,192.38,255.49,234.91,286.61,163.7,245.63,208.09,209.38,159.8,230.31,245.05,306.13,240.8,193.7,259.58,306.54,277.0,181.21,242.85,182.18,248.07,233.53,266.65,253.77,294.35,255.95,249.58,231.93,290.77,289.67,281.4,234.73,265.29,208.0,210.09,320.08,275.96,285.79,319.25,177.77,236.89,221.11,193.55,214.97,276.43,247.54,247.25,211.73,245.02,263.41,214.7,204.63,237.32,253.22,286.18,257.84,229.16,275.78,259.64,223.14,277.86,152.32,243.74,214.7,216.14,243.16,268.43,244.81,240.98,241.6,200.69,231.54,234.54,317.83,237.85,230.54,259.94,288.83,322.05,242.91,288.96,286.24,347.44,267.81,219.12,273.14,288.53,220.61,265.97,252.06,226.56,297.12,253.71,290.89,295.32,296.8,215.41,272.41,280.7,243.82,242.8,224.35,343.55,213.07,318.85,330.95,319.91,248.81,295.64,226.28,228.47,394.94,236.7,280.29,292.81,264.68,257.76,245.25,278.13,322.45,239.68,230.72,321.05,211.56,244.24,252.13,218.42,242.73,302.2,233.07,158.14,236.27,314.81,283.17,265.9,349.69,206.48,246.7,189.78,168.59,221.29,262.76,201.64,286.13,230.03,210.25,245.03,222.0,246.06,174.91,254.13,244.83,232.19,221.01,212.68,289.82,206.22,271.34,352.17,242.19,250.92,238.56,301.12,250.16,235.62,272.46,309.04,245.9,257.82,246.34,268.47,281.51,243.42,251.44,221.38,236.21,241.82,269.19,239.57,252.05,246.13,283.5,245.13,222.06,263.71,271.39,240.51,181.62,201.54,238.96,297.4,217.54,222.02,282.0,223.12,242.55,249.99,238.5,242.31,266.15,266.13,198.33,240.44,204.89,258.39,217.63,233.63,180.67,257.35,260.84,171.68,264.78,215.35,172.14,248.61,184.73,216.4,249.84,190.01,230.49,242.46,197.18,237.44,240.63,229.45,188.87,235.57,204.74,226.31,225.12,167.86,269.27,269.5,207.75,173.55,200.95,265.8,230.48,234.28,223.65,149.43,159.39,201.4,239.09,228.07,218.09,221.56,210.66,191.2,171.33,183.14,228.8,212.1,240.51,218.77,0.00079482,0.0010555,0.0010483,0.0011146,0.0010042,0.0009774,0.0012173,0.00094579,0.0012496,0.0010213,0.0012671,0.0014022,0.0010652,0.0011525,0.001048,0.00149,0.0012182,0.0012635,0.0012557,0.0011366,0.0017299,0.0014321,0.001176,0.0015326,0.0013235,0.0015536,0.0013354,0.0016742,0.0012138,0.0016257,0.0012568,0.0013013,0.0011063,0.0013082,0.0014926,0.0018036,0.0014424,0.0013284,0.0015936,0.0016803,0.0014801,0.0010831,0.0015459,0.001301,0.0014675,0.0014635,0.0015953,0.0014163,0.0016806,0.0015138,0.0012519,0.0014347,0.0017645,0.0015535,0.0016695,0.0014881,0.0015456,0.0012876,0.0014767,0.0019063,0.0018256,0.0016903,0.0018075,0.0013216,0.0016311,0.0013988,0.0014372,0.0015727,0.0016804,0.0014945,0.0016994,0.0014527,0.0014443,0.0016514,0.0014804,0.0013936,0.0014325,0.0016036,0.0017963,0.0017215,0.0015756,0.0018307,0.0016896,0.0013794,0.0015284,0.001223,0.0013558,0.0015296,0.0014326,0.0015145,0.0016524,0.0014532,0.0015845,0.0016043,0.001331,0.0015201,0.0014688,0.0019788,0.0015525,0.0014844,0.0013944,0.0017376,0.0020135,0.0014723,0.0018291,0.0012746,0.0019303,0.001707,0.001548,0.0015956,0.0018165,0.0015495,0.0016888,0.0015345,0.0015174,0.0018035,0.0016313,0.001758,0.0018078,0.0015316,0.0015061,0.0017408,0.0016632,0.0017252,0.0015334,0.0010848,0.0020809,0.0015164,0.0014174,0.0020229,0.0019935,0.0016572,0.0018239,0.0014443,0.0015306,0.0017896,0.0016704,0.0016784,0.0017883,0.0016492,0.0016462,0.0015974,0.0015064,0.0018632,0.0016791,0.0012806,0.0017295,0.0012721,0.0015059,0.0014121,0.0014088,0.0016082,0.0017479,0.0015078,0.0011996,0.0013852,0.0018554,0.0017812,0.0012405,0.0019792,0.0013145,0.0015417,0.0013352,0.0013084,0.001426,0.0015853,0.0014304,0.0017356,0.0015379,0.0014692,0.0016015,0.0012676,0.0016044,0.0014113,0.0015851,0.0015329,0.0016784,0.0015246,0.0013777,0.0016348,0.001351,0.0016486,0.0020124,0.0015883,0.0016006,0.0016766,0.0017287,0.0015455,0.0015568,0.0015759,0.0016215,0.0016132,0.0015706,0.001596,0.0018978,0.0017064,0.0015519,0.00075757,0.0015459,0.0014758,0.0015668,0.0016424,0.0015349,0.0016266,0.001465,0.0019856,0.0014985,0.00153,0.001602,0.0014972,0.0014826,0.0013015,0.001382,0.0014369,0.0017886,0.0014751,0.0014702,0.0016038,0.0014197,0.0015833,0.0015575,0.0014798,0.0014781,0.0015323,0.0016264,0.0013322,0.0015229,0.0013615,0.001521,0.0014834,0.0013391,0.001224,0.0014368,0.0016246,0.0012086,0.0015669,0.0012958,0.0013346,0.0015106,0.0012212,0.0013956,0.0014931,0.0013077,0.0013998,0.001447,0.0011328,0.001413,0.0014097,0.0014415,0.0012495,0.0014821,0.0012741,0.0014181,0.0013017,0.00096942,0.0014171,0.0014933,0.0011618,0.0011654,0.0011141,0.0014705,0.0014214,0.0014019,0.0010176,0.00091528,0.00098215,0.0010081,0.0014297,0.0013451,0.0010129,0.0012397,0.0010259,0.0010249,0.00087534,0.00085469,0.0011248,0.0011403,0.001325,0.0012094,1074300.0,1105700.0,792270.0,4276700.0,2284500.0,1150800.0,5856800.0,1513400.0,1879800.0,3242500.0,2966100.0,734830.0,5652900.0,1298400.0,4052200.0,2459600.0,5070500.0,4091400.0,1340500.0,3371900.0,2502600.0,3347400.0,11704000.0,958350.0,6311800.0,749460.0,9101500.0,1591900.0,1841400.0,815570.0,3232100.0,1680500.0,5814300.0,23940000.0,2520900.0,2724900.0,4347000.0,1235900.0,1513400.0,1646200.0,2062700.0,1057700.0,2058300.0,1019200.0,7475600.0,2433400.0,1825600.0,1494000.0,2274900.0,15971000.0,952090.0,7278300.0,3995200.0,706940.0,3910700.0,1079100.0,2657700.0,17679000.0,32102000.0,2373200.0,1720700.0,1532600.0,2840700.0,1036400.0,1926200.0,3409900.0,803840.0,2871900.0,1940600.0,3915400.0,2755300.0,1446400.0,1119200.0,15048000.0,5077600.0,1340600.0,3613400.0,1673300.0,965090.0,2573300.0,3702600.0,1313000.0,893150.0,2116300.0,873820.0,1861100.0,2850800.0,4950200.0,4191200.0,2338500.0,5694300.0,1300700.0,9352900.0,4677300.0,1017700.0,1694700.0,903640.0,1769700.0,3509900.0,9918500.0,1730700.0,16523000.0,1417300.0,9919600.0,1633600.0,3256300.0,1272900.0,1628100.0,12535000.0,5115100.0,2157200.0,3869300.0,2389200.0,1225800.0,656170.0,3373000.0,11659000.0,2413800.0,1291100.0,778800.0,1922000.0,735100.0,1193700.0,2218700.0,8786700.0,4156700.0,2627900.0,3087700.0,2361300.0,1498700.0,773560.0,10411000.0,2404500.0,3548600.0,2073400.0,1371700.0,1031900.0,2014200.0,1052000.0,2853800.0,3921600.0,1159600.0,1477000.0,2103000.0,1521000.0,2210500.0,2422200.0,877170.0,6912100.0,1513500.0,9390500.0,6180200.0,809830.0,10291000.0,814480.0,1274500.0,19279000.0,683650.0,12167000.0,721740.0,5575100.0,3693400.0,3817200.0,2647300.0,5252900.0,4116200.0,4227600.0,964530.0,4135000.0,1638700.0,6369200.0,1506700.0,7610900.0,1080700.0,744550.0,4005200.0,2996600.0,1988300.0,8411500.0,2288700.0,948280.0,1205600.0,3671000.0,3568300.0,1940100.0,1475700.0,747540.0,6807100.0,5275200.0,2336700.0,637470.0,17726000.0,3323000.0,5257900.0,1142200.0,18258000.0,5431600.0,1100100.0,8580600.0,1353300.0,1434500.0,3992400.0,5297000.0,799330.0,1639500.0,973680.0,1778500.0,1568200.0,1456500.0,7851700.0,2342100.0,1425100.0,12280000.0,2793800.0,1238000.0,1263500.0,3260300.0,951930.0,4669600.0,1133200.0,1854600.0,8075300.0,4435100.0,696550.0,1421900.0,10018000.0,5258300.0,5069200.0,15394000.0,3001700.0,1931800.0,2342400.0,2994600.0,3189800.0,1882600.0,1749500.0,2275100.0,1499400.0,7215800.0,652060.0,3656200.0,8296200.0,8910100.0,1863600.0,5378600.0,4029700.0,5011000.0,864140.0,1139900.0,5361500.0,1551600.0,6587500.0,3485200.0,7122400.0,1970700.0,1638700.0,1591200.0,1087700.0,1106100.0,2208100.0,945990.0,5091800.0,3371700.0,4404800.0,3356800.0,2894200.0,2745600.0,15584000.0,14989000.0,6042000.0,4601000.0,2807600.0,6148400.0,3762100.0,1781300.0,2740300.0,1353800.0,4824200.0,3044800.0,1.5312,1.8506,4.1682,2.2317,2.4725,3.6652,1.2766,2.2326,4.2235,1.2148,1.9894,4.2234,2.4831,2.6639,4.3129,0.79986,2.0626,4.2186,1.6096,2.5106,3.8853,3.0587,2.8447,5.8586,1.2083,2.0157,4.2133,1.7284,1.7184,4.247,1.2801,2.2519,4.2517,0.78218,2.0462,4.2108,2.9195,2.8422,4.6081,5.6339,2.7638,1.4169,1.2382,2.8324,3.6202,0.89049,2.1559,3.0086,2.5336,2.1102,4.504,1.4647,1.6816,3.8976,0.67972,2.6308,3.878,1.9413,1.8057,3.5039,1.1493,2.4082,3.1722,0.33226,2.2896,3.5302,1.8193,1.6481,3.3964,2.0582,2.7414,4.2858,1.8506,1.6486,3.3774,1.565,1.6538,3.9468,0.3551,2.1664,3.1574,2.0612,2.404,4.4624,1.4794,1.6899,3.2395,0.87011,1.9189,2.7621,3.1508,2.8406,5.9437,1.9537,1.7891,3.4923,0.92518,2.7167,2.8996,1.74,2.5887,4.0024,0.68781,1.8953,2.76,1.092,2.4279,3.1073,1.9202,1.9288,4.4944,1.7678,1.6607,3.8908,0.56447,2.1808,3.8202,1.2845,2.5044,3.8309,0.99255,2.114,3.2267,2.5664,2.3259,4.3306,2.0313,2.194,4.709,1.511,1.6629,3.9215,1.8866,1.9644,4.4874,1.47,2.1876,3.2542,0.82762,2.1826,3.0994,2.449,2.426,4.358,1.9739,2.5546,4.8598,1.9325,2.6096,4.8402,2.5602,2.3229,4.3152,1.2791,2.5108,3.9123,1.7696,2.2868,4.3509,2.3618,3.0162,4.2475,0.58707,2.4275,2.5678,1.4565,2.0319,4.599,1.9799,3.0378,3.8692,0.29275,2.3821,3.3809,1.6911,1.6205,4.0799,0.77946,2.1379,3.0651,2.2583,2.2992,4.6856,0.59924,2.4847,3.0774,0.89183,2.1915,3.2125,0.054191,2.8957,1.8061,2.0092,2.1168,4.6041,2.5365,2.3603,4.2673,2.3976,2.3052,5.1425,2.0202,2.7227,4.2082,1.1271,1.8468,3.9941,4.5762,2.8848,0.60319,0.82609,2.1716,3.0096,1.4322,2.1126,4.2724,1.1457,2.1715,3.5292,2.1381,2.6903,4.3997,1.6429,1.5877,4.1476,1.1663,2.5384,3.0804,0.75294,2.4555,3.7464,2.1628,1.8609,3.6931,1.4795,2.5018,3.4795,1.4749,2.5909,3.5624,1.5085,1.645,4.28,2.0013,2.7207,4.5122,2.0743,2.7222,4.6144,3.3431,2.822,6.0964,1.6984,1.6227,4.1891,1.8139,1.9653,3.409,2.3555,2.9626,5.2398,1.1898,2.5574,3.0659,2.6817,2.4212,5.0082,0.97648,2.6488,4.1489,1.4969,2.4821,3.5198,1.0056,1.9192,4.0945,1.7399,1.6192,4.0734,1.8455,1.9266,3.4011,6.0683,2.9082,2.8867,2.9065,2.2465,4.6372,1.4318,1.9554,4.3014,1.1728,2.6036,3.3525,1.4545,2.4536,3.3836,1.7346,1.9308,3.6819,1.9844,2.4307,4.038,1.1009,2.3367,3.225,2.4642,1.957,5.2475,1.0816,2.6432,3.2938,1.4316,2.4976,3.3617,0.21061,3.0244,3.201,0.67744,1.8539,2.8375,1.6619,2.0019,4.5185,1.4843,1.8445,4.1824,5.3317,2.8575,1.6798,0.84713,2.1858,2.886,0.91919,2.6706,4.124,2.3238,2.5073,3.6734,2.7925,2.3249,4.949,2.9706,2.6199,4.5661,2.0518,2.4258,4.5571,2.2688,2.1672,4.1874,0.73689,2.1346,3.3381,0.49498,2.4256,3.0184,0.56094,2.1917,3.8497,2.4818,2.4661,4.5459,0.77925,2.4124,2.9455,1.2951,1.5685,4.3491,1.6414,1.9725,3.4803,0.22709,2.6617,2.1141,3.4281,2.9413,0.24398,0.86728,2.3193,3.0297,1.6407,1.6622,4.1215,1.6215,1.8587,3.219,0.7704,2.3896,2.8689,2.1939,2.3208,4.949,1.237,2.561,3.1538,1.1908,2.1553,3.5726,0.44654,2.0399,3.285,1.7062,1.9499,3.4352,2.5644,2.075,4.0816,2.0726,2.1398,4.9658,1.3548,1.729,3.8365,0.75199,1.9984,2.7727,2.0946,2.1436,5.0262,2.2106,2.2543,4.5315,1.524,2.3886,3.9862,4.1627,2.9504,0.092367,1.8805,2.4459,4.0063,0.71172,1.981,4.1327,1.2162,2.6229,4.2496,3.4333,2.8226,6.1059,1.6909,1.5744,3.2774,0.23512,2.3492,3.3908,5.0161,2.981,0.88676,0.45543,2.8069,3.2513,1.1985,2.5299,3.0267,2.2178,2.1587,4.9789,1.5812,2.0809,4.4067,1.624,1.6269,3.357,1.6387,2.9344,3.3036,0.67923,2.3752,2.8582,0.84337,2.4213,2.9995,0.23806,2.6478,3.3477,1.8264,2.3888,4.2363,0.57954,2.4284,2.7692,1.0195,2.2781,3.6159,1.3116,1.7801,4.3104,0.24599,2.3329,3.436,1.6534,1.5899,3.2776,0.70626,2.3632,2.8203,2.9888,2.8641,6.0053,1.8364,2.5534,3.9955,2.023,2.2113,4.6022,2.3547,2.6989,5.1557,1.699,1.9614,3.8382,1.3772,1.7983,3.7288,2.2638,2.1437,4.9946,1.4814,2.5987,3.9765,0.56312,3.0316,2.2866,4.5209,2.933,0.29072,1.3011,2.789,4.2429,1.8956,1.9605,3.8929,1.2143,2.6578,2.8122,0.22217,2.7941,2.8871,1.0372,2.9078,4.1859,0.50356,2.4767,2.5889,0.80099,2.0171,2.8805,0.53092,2.4641,3.4031,1.7046,2.2037,4.3013,1.1636,2.7826,4.2884,0.66117,2.0103,3.0273,2.0573,1.8502,3.7531,1.3337,1.8661,3.6853,2.3585,2.6558,4.8524,1.4657,1.5646,4.1941,1.3145,2.1412,3.2116,0.69687,2.0421,3.0402,0.67985,2.3241,2.629,1.7567,2.3586,4.167,2.3023,2.6341,4.9316,0.60779,2.0365,3.0041,1.6733,1.7283,3.3091,0.789,3.0002,2.5828,0.55274,2.5173,2.5939,3.1537,2.7382,6.0888,6.1896,2.8662,2.5799,4.2886,2.9317,6.2813,2.3826,2.3295,3.7441,1.3586,3.0658,4.2663,1.2911,2.4094,3.4919,0.24698,3.0994,3.1329,2.3742,2.2084,3.7717,1.2916,1.847,3.6877,2.4118,2.3277,4.601,2.6056,2.6752,4.1525,1.2675,2.7073,4.3377,1.764,1.9511,3.8525,1.1712,2.7683,3.7178,2.3742,2.395,4.9841,1.4803,2.6299,3.3376,2.1734,2.2442,4.0811,0.82894,1.9576,3.3846,2.4164,2.3662,3.7922,2.3547,2.3745,3.7398,2.2476,1.9625,5.0023,2.6508,2.2894,4.8165,2.3802,2.2384,3.8002,1.4168,1.6019,3.8872,2.3916,2.6408,4.9475,1.805,1.9502,3.8793,0.8098,2.1299,4.0826,1.601,1.8378,4.3094,2.3567,2.624,4.9545,1.4552,2.3937,3.2586,5.8796,2.8493,2.1534,1.8632,1.7657,3.5146,1.9736,2.9658,4.2452,2.0712,1.9729,4.8124,1.1459,2.6033,4.3309,1.9489,2.1495,4.9126,1.6413,1.7906,3.9478,1.617,2.007,3.3611,1.1057,2.7413,3.6708,0.99623,2.8437,3.8286,1.5035,2.4659,3.8918,1.1577,2.7235,3.6834,1.7907,1.7719,4.0871,0.7965,2.4554,2.7961,1.8552,2.1064,4.3971,0.097472,2.7893,2.936,1.0643,1.9502,4.3077,0.96949,2.3047,3.0544,1.6071,2.4028,4.5719,0.99766,2.0831,2.8335,0.77314,2.0071,2.7059,1.6581,1.7818,3.9511,0.8968,2.4489,2.8539,1.3454,1.5867,3.8395,2.7713,2.6016,4.6241,1.0629,2.1867,3.6367,1.1595,2.758,3.6747,1.9917,1.9924,4.4743,1.0428,1.9606,4.2489,1.8839,1.6464,3.4403,1.6943,2.4901,3.9835,2.2028,2.5459,4.8982,2.0925,2.3643,3.6401,1.2145,3.0633,3.4569,1.4202,1.4482,4.246,0.67695,2.9864,3.6456,1.6385,1.7347,4.2383,0.77737,2.0011,2.7281,0.59975,2.2118,4.0097,2.6349,2.5999,4.5232,2.007,2.1131,3.4461,1.3812,2.9009,3.5372,1.0852,2.211,3.6255,2.5354,2.0204,4.4734,1.4985,1.7353,4.4208,1.6014,2.5885,3.5732,2.0664,2.2877,4.0654,2.7074,2.331,4.9802,0.44529,2.5132,2.9392
0.1045,0.16531,0.0043481,224.9,239.17,201.39,0.0012933,0.0014664,0.0010083,207.47,220.97,217.14,213.05,201.08,188.31,232.03,219.67,250.2,214.93,239.27,252.78,202.02,214.32,214.04,252.14,214.09,232.2,194.55,185.16,299.28,218.54,188.96,230.33,192.59,256.62,235.85,288.13,164.28,245.86,208.25,208.6,159.14,228.9,245.07,307.28,241.05,193.42,260.85,308.01,278.5,182.18,239.54,182.1,249.05,235.05,267.51,254.48,295.53,257.03,249.78,233.68,291.92,291.03,282.82,236.55,266.24,207.12,210.04,321.21,277.19,288.07,323.78,178.32,237.81,222.89,187.39,214.13,278.06,243.9,248.96,212.47,245.43,264.82,215.61,205.15,237.6,254.98,288.52,258.49,228.3,277.36,259.59,223.57,280.03,152.67,241.26,215.17,216.29,244.72,270.16,243.64,241.22,242.25,201.82,234.02,235.72,318.56,239.79,231.97,261.41,290.34,321.93,241.79,291.76,290.14,349.1,267.97,219.78,275.13,292.19,222.2,266.87,252.82,228.68,298.48,254.47,291.08,298.97,297.85,217.14,275.48,280.5,245.04,242.47,226.72,345.72,214.83,321.02,332.7,323.31,248.94,298.9,226.6,229.68,397.7,238.07,280.84,294.04,265.83,258.49,246.76,279.32,325.87,240.47,234.62,321.85,210.5,239.87,251.26,219.21,244.15,302.6,233.77,158.76,237.46,316.07,284.22,270.72,352.01,206.74,247.98,190.43,168.44,221.43,263.94,202.44,287.42,230.23,211.03,245.63,221.48,246.6,173.88,255.43,245.83,233.17,221.47,213.57,289.63,205.52,271.62,353.01,243.0,250.59,238.58,300.96,250.81,235.16,272.64,309.03,246.13,257.95,249.47,268.95,281.98,243.54,266.29,221.17,236.28,241.65,268.31,240.13,252.69,246.53,284.42,245.01,222.21,263.59,271.76,240.57,183.03,201.99,239.08,297.75,218.13,221.94,282.1,223.42,242.83,250.13,238.33,242.43,266.49,266.07,198.52,243.41,205.01,258.64,217.57,233.99,181.5,257.42,260.66,171.62,264.54,215.69,172.33,248.55,184.66,217.14,249.95,189.72,230.49,242.32,196.83,237.66,240.66,229.05,188.68,236.09,205.15,226.32,225.08,167.62,269.04,269.52,207.79,173.24,201.31,266.31,231.05,234.0,223.36,149.25,159.61,201.46,239.28,228.03,217.7,221.28,210.38,190.85,171.06,183.01,228.78,212.26,240.94,218.86,0.00079289,0.0010559,0.0010471,0.0011164,0.0010038,0.00096989,0.0012185,0.00094618,0.0012532,0.0010236,0.0012652,0.001399,0.0010622,0.0011546,0.0010496,0.0014979,0.0012188,0.0012675,0.0012589,0.0011328,0.001738,0.0014343,0.0011771,0.0015336,0.0013249,0.0015595,0.0013413,0.0016829,0.0012188,0.0016266,0.0012582,0.0012962,0.0011018,0.0013007,0.0014926,0.0018094,0.0014453,0.0013251,0.0016001,0.001687,0.0014849,0.0010878,0.0015299,0.0013018,0.001473,0.001473,0.0016003,0.0014193,0.0016874,0.0015192,0.00125,0.0014401,0.0017708,0.0015588,0.0016767,0.0014947,0.0015504,0.0012674,0.0014761,0.0019128,0.0018314,0.0017002,0.0018242,0.0013214,0.0016348,0.001406,0.0014019,0.001572,0.0016882,0.0014876,0.0017072,0.0014549,0.0014458,0.0016584,0.0014838,0.0013938,0.001433,0.0016135,0.0018085,0.001729,0.001571,0.0018436,0.0016954,0.0013793,0.0015342,0.0012263,0.0013257,0.0015343,0.0014331,0.0015238,0.0016617,0.0014456,0.0015808,0.0016028,0.0013256,0.0015315,0.0014757,0.0019847,0.0015635,0.0014936,0.0013919,0.0017455,0.002014,0.0014633,0.0018415,0.0012884,0.0019401,0.0017103,0.0015516,0.001607,0.0018336,0.0015586,0.0016876,0.0015406,0.0015245,0.0018113,0.0016365,0.00176,0.0018202,0.0015325,0.0015134,0.0017538,0.0016572,0.0017363,0.0015251,0.0010933,0.0020899,0.001528,0.0014325,0.0020289,0.0020119,0.0016586,0.0018373,0.0014494,0.0015382,0.0018012,0.0016768,0.0016775,0.0017944,0.0016544,0.0016515,0.0016058,0.0015118,0.0018813,0.0016855,0.0012907,0.0017359,0.0012601,0.0014589,0.0014056,0.0014149,0.0016158,0.0017389,0.0015131,0.0012027,0.0013832,0.0018627,0.0017877,0.001258,0.0019863,0.0013163,0.0015491,0.0013399,0.0013068,0.0014187,0.0015902,0.0014364,0.0017435,0.0015409,0.0014749,0.0016079,0.0012684,0.0016089,0.0014051,0.0015944,0.001539,0.0016846,0.0015254,0.001382,0.0016346,0.0013505,0.00165,0.0020192,0.0015934,0.0016011,0.0016779,0.0017315,0.0015506,0.001557,0.0015772,0.0016226,0.0016144,0.0015725,0.0016127,0.0019018,0.0017104,0.0015534,0.00080206,0.001547,0.0014758,0.0015692,0.0016446,0.0015387,0.0016307,0.0014685,0.0019908,0.0014989,0.0015312,0.0016028,0.0014989,0.0014838,0.0013078,0.0013853,0.0014374,0.0017912,0.0014765,0.0014703,0.001603,0.001421,0.0015845,0.0015591,0.0014799,0.0014784,0.0015343,0.0016263,0.0013333,0.0015419,0.0013626,0.0015228,0.001482,0.0013404,0.0012285,0.0014365,0.0016246,0.0012075,0.0015661,0.0012965,0.0013354,0.0015106,0.0012206,0.0014005,0.001494,0.0013071,0.0013985,0.001446,0.0011313,0.0014142,0.0014089,0.001439,0.0012476,0.0014849,0.0012761,0.0014176,0.0013013,0.00096729,0.0014163,0.0014939,0.0011611,0.0011638,0.0011153,0.0014728,0.0014243,0.0014003,0.0010159,0.00091412,0.00098297,0.0010075,0.0014305,0.0013445,0.0010108,0.0012379,0.0010238,0.0010225,0.0008733,0.0008531,0.001124,0.0011408,0.0013269,0.00121,1074300.0,1105700.0,792270.0,4276700.0,2284500.0,1150800.0,5856800.0,1513400.0,1879800.0,3242500.0,2966100.0,734830.0,5652900.0,1298400.0,4052200.0,2459600.0,5070500.0,4091400.0,1340500.0,3371900.0,2502600.0,3347400.0,11704000.0,958350.0,6311800.0,749460.0,9101500.0,1591900.0,1841400.0,815570.0,3232100.0,1680500.0,5814300.0,23940000.0,2520900.0,2724900.0,4347000.0,1235900.0,1513400.0,1646200.0,2062700.0,1057700.0,2058300.0,1019200.0,7475600.0,2433400.0,1825600.0,1494000.0,2274900.0,15971000.0,952090.0,7278300.0,3995200.0,706940.0,3910700.0,1079100.0,2657700.0,17679000.0,32102000.0,2373200.0,1720700.0,1532600.0,2840700.0,1036400.0,1926200.0,3409900.0,803840.0,2871900.0,1940600.0,3915400.0,2755300.0,1446400.0,1119200.0,15048000.0,5077600.0,1340600.0,3613400.0,1673300.0,965090.0,2573300.0,3702600.0,1313000.0,893150.0,2116300.0,873820.0,1861100.0,2850800.0,4950200.0,4191200.0,2338500.0,5694300.0,1300700.0,9352900.0,4677300.0,1017700.0,1694700.0,903640.0,1769700.0,3509900.0,9918500.0,1730700.0,16523000.0,1417300.0,9919600.0,1633600.0,3256300.0,1272900.0,1628100.0,12535000.0,5115100.0,2157200.0,3869300.0,2389200.0,1225800.0,656170.0,3373000.0,11659000.0,2413800.0,1291100.0,778800.0,1922000.0,735100.0,1193700.0,2218700.0,8786700.0,4156700.0,2627900.0,3087700.0,2361300.0,1498700.0,773560.0,10411000.0,2404500.0,3548600.0,2073400.0,1371700.0,1031900.0,2014200.0,1052000.0,2853800.0,3921600.0,1159600.0,1477000.0,2103000.0,1521000.0,2210500.0,2422200.0,877170.0,6912100.0,1513500.0,9390500.0,6180200.0,809830.0,10291000.0,814480.0,1274500.0,19279000.0,683650.0,12167000.0,721740.0,5575100.0,3693400.0,3817200.0,2647300.0,5252900.0,4116200.0,4227600.0,964530.0,4135000.0,1638700.0,6369200.0,1506700.0,7610900.0,1080700.0,744550.0,4005200.0,2996600.0,1988300.0,8411500.0,2288700.0,948280.0,1205600.0,3671000.0,3568300.0,1940100.0,1475700.0,747540.0,6807100.0,5275200.0,2336700.0,637470.0,17726000.0,3323000.0,5257900.0,1142200.0,18258000.0,5431600.0,1100100.0,8580600.0,1353300.0,1434500.0,3992400.0,5297000.0,799330.0,1639500.0,973680.0,1778500.0,1568200.0,1456500.0,7851700.0,2342100.0,1425100.0,12280000.0,2793800.0,1238000.0,1263500.0,3260300.0,951930.0,4669600.0,1133200.0,1854600.0,8075300.0,4435100.0,696550.0,1421900.0,10018000.0,5258300.0,5069200.0,15394000.0,3001700.0,1931800.0,2342400.0,2994600.0,3189800.0,1882600.0,1749500.0,2275100.0,1499400.0,7215800.0,652060.0,3656200.0,8296200.0,8910100.0,1863600.0,5378600.0,4029700.0,5011000.0,864140.0,1139900.0,5361500.0,1551600.0,6587500.0,3485200.0,7122400.0,1970700.0,1638700.0,1591200.0,1087700.0,1106100.0,2208100.0,945990.0,5091800.0,3371700.0,4404800.0,3356800.0,2894200.0,2745600.0,15584000.0,14989000.0,6042000.0,4601000.0,2807600.0,6148400.0,3762100.0,1781300.0,2740300.0,1353800.0,4824200.0,3044800.0,1.5314,1.8508,4.1682,2.2319,2.4727,3.6652,1.2767,2.2327,4.2235,1.2145,1.9894,4.2232,2.4828,2.6639,4.3132,0.79895,2.0626,4.2186,1.611,2.511,3.8851,3.0595,2.8447,5.859,1.2078,2.0161,4.2129,1.728,1.7183,4.247,1.2803,2.2524,4.2523,0.78094,2.0459,4.2107,2.9196,2.8423,4.6093,5.6324,2.7635,1.4158,1.2384,2.8321,3.6203,0.88929,2.1561,3.0083,2.5345,2.1115,4.5053,1.4646,1.6816,3.8974,0.68052,2.6321,3.8781,1.9402,1.8064,3.5045,1.1506,2.4075,3.174,0.33307,2.2896,3.5295,1.8199,1.6477,3.3966,2.0575,2.7399,4.2839,1.8516,1.6483,3.3773,1.5665,1.6534,3.9475,0.35457,2.1669,3.1566,2.0622,2.4049,4.4639,1.48,1.6903,3.2403,0.87067,1.9195,2.762,3.1529,2.8405,5.9456,1.9531,1.7898,3.4928,0.92386,2.7169,2.8998,1.7388,2.5888,4.0024,0.68874,1.8956,2.7596,1.0922,2.4276,3.1081,1.9205,1.9288,4.4944,1.7688,1.6604,3.8907,0.56563,2.1802,3.8219,1.2864,2.5056,3.832,0.99233,2.1149,3.2256,2.5673,2.3268,4.3316,2.0304,2.1946,4.7098,1.5114,1.6626,3.9216,1.8865,1.9652,4.4872,1.4703,2.1879,3.2538,0.82716,2.1841,3.0976,2.4491,2.427,4.3585,1.9743,2.5538,4.8591,1.9323,2.6099,4.8393,2.5607,2.3236,4.316,1.2789,2.5112,3.9112,1.7709,2.2876,4.3518,2.3644,3.0154,4.2495,0.58844,2.4266,2.5696,1.455,2.0316,4.5989,1.9781,3.0372,3.8666,0.292,2.382,3.3802,1.6913,1.6204,4.0798,0.78041,2.1396,3.0647,2.2586,2.2996,4.6861,0.59868,2.4826,3.0786,0.88883,2.1934,3.2104,0.052847,2.8957,1.804,2.0094,2.1187,4.6047,2.5361,2.3618,4.2678,2.3931,2.3051,5.1424,2.0182,2.7211,4.2051,1.1271,1.8464,3.9951,4.5742,2.8817,0.60555,0.82355,2.1724,3.0082,1.4335,2.113,4.2727,1.1467,2.1728,3.5298,2.1351,2.6889,4.3967,1.6419,1.5874,4.1474,1.1668,2.5383,3.0811,0.75288,2.4561,3.7461,2.1643,1.8598,3.6925,1.477,2.5029,3.4796,1.4703,2.5916,3.561,1.5048,1.6445,4.28,1.9983,2.7191,4.51,2.0718,2.7208,4.6138,3.344,2.8224,6.0974,1.6983,1.6229,4.1895,1.815,1.9647,3.4087,2.3585,2.9629,5.2444,1.1903,2.558,3.0653,2.6821,2.4207,5.0086,0.97605,2.6497,4.1505,1.4944,2.4829,3.5206,1.0016,1.9201,4.0949,1.7418,1.6194,4.0731,1.8491,1.9263,3.4004,6.064,2.9076,2.8839,2.9067,2.2457,4.6386,1.4333,1.9551,4.3031,1.1703,2.6022,3.3524,1.454,2.4539,3.3841,1.733,1.9295,3.6812,1.9852,2.4319,4.0395,1.1005,2.3376,3.2257,2.4636,1.9554,5.2493,1.078,2.6423,3.2932,1.4306,2.499,3.3616,0.21286,3.0252,3.2017,0.67665,1.8552,2.8361,1.6611,2.0007,4.5203,1.4843,1.8437,4.1832,5.327,2.8558,1.6759,0.8474,2.1867,2.8876,0.91882,2.6717,4.1259,2.3256,2.506,3.6733,2.7987,2.3237,4.9496,2.9731,2.6189,4.567,2.0511,2.4247,4.558,2.2653,2.1687,4.1869,0.73604,2.1373,3.3381,0.49822,2.4251,3.0197,0.56121,2.1929,3.8511,2.4829,2.4651,4.5477,0.77762,2.4126,2.945,1.2957,1.5682,4.3501,1.6392,1.9715,3.4813,0.23041,2.6614,2.1153,3.4288,2.9411,0.2467,0.86807,2.3172,3.0321,1.6399,1.6627,4.1225,1.6237,1.8599,3.2202,0.77038,2.3884,2.8687,2.194,2.3199,4.9488,1.2397,2.5615,3.1553,1.1933,2.1574,3.5743,0.44432,2.0413,3.2857,1.7063,1.9485,3.4352,2.567,2.0747,4.0813,2.0713,2.1401,4.9655,1.356,1.7284,3.8371,0.75278,1.999,2.7734,2.0935,2.1432,5.0274,2.2083,2.2555,4.5322,1.5231,2.3905,3.987,4.1603,2.9491,0.089648,1.8794,2.4475,4.0067,0.70935,1.9811,4.1334,1.2164,2.6231,4.2493,3.4308,2.8219,6.1057,1.6924,1.5741,3.2775,0.2351,2.3501,3.3903,5.0125,2.982,0.88141,0.45383,2.8073,3.2522,1.1977,2.5302,3.0282,2.2198,2.1601,4.98,1.5832,2.0804,4.4079,1.6255,1.6267,3.3582,1.6442,2.9345,3.3035,0.68236,2.374,2.8604,0.84231,2.4202,3.0,0.23891,2.6484,3.3484,1.8319,2.3911,4.2382,0.58227,2.4282,2.7703,1.0191,2.28,3.6152,1.3106,1.7795,4.3108,0.24523,2.3336,3.4368,1.6559,1.5897,3.2776,0.71061,2.3618,2.8219,2.9876,2.8639,6.0062,1.833,2.5523,3.9947,2.0235,2.2117,4.6024,2.35,2.6975,5.1535,1.6957,1.9613,3.8373,1.3784,1.7978,3.7295,2.2655,2.1435,4.9946,1.4826,2.5977,3.9756,0.56075,3.031,2.282,4.5189,2.9322,0.28968,1.3036,2.791,4.2417,1.8958,1.9608,3.893,1.2143,2.6584,2.8112,0.21948,2.794,2.8858,1.0387,2.908,4.1865,0.50289,2.4759,2.5893,0.80379,2.019,2.879,0.53092,2.4649,3.403,1.707,2.2042,4.3023,1.162,2.7839,4.287,0.66211,2.0112,3.0257,2.059,1.8497,3.7521,1.3373,1.8665,3.6862,2.3568,2.6545,4.8501,1.4674,1.565,4.1942,1.3134,2.1412,3.2122,0.69788,2.0435,3.0393,0.68259,2.3223,2.6295,1.7585,2.3597,4.1676,2.3005,2.6327,4.9311,0.60757,2.0377,3.0025,1.6774,1.73,3.3084,0.79196,2.9997,2.5841,0.55251,2.5174,2.594,3.1571,2.7378,6.0924,6.1914,2.8664,2.5828,4.284,2.9307,6.2764,2.3831,2.3279,3.7437,1.364,3.0654,4.2737,1.2894,2.411,3.4913,0.2395,3.0997,3.1272,2.3742,2.2078,3.771,1.292,1.847,3.6884,2.4115,2.3276,4.6017,2.6059,2.6761,4.1547,1.2672,2.7076,4.3375,1.7619,1.9508,3.8516,1.172,2.7678,3.7188,2.3732,2.3936,4.9825,1.4785,2.6298,3.3386,2.1731,2.2455,4.0808,0.82846,1.9582,3.3848,2.4169,2.3653,3.7926,2.3546,2.3739,3.7395,2.2488,1.9636,5.004,2.6504,2.2894,4.8169,2.3805,2.2384,3.8,1.4173,1.6022,3.888,2.3904,2.6396,4.9467,1.8037,1.9501,3.8789,0.8102,2.1297,4.0838,1.6008,1.8379,4.3101,2.3555,2.6225,4.9543,1.4549,2.3939,3.2586,5.8782,2.8486,2.1522,1.8632,1.7654,3.515,1.9729,2.9647,4.2438,2.0723,1.9733,4.8134,1.1467,2.6038,4.3318,1.9502,2.1496,4.9134,1.6416,1.7904,3.9475,1.6174,2.0069,3.3606,1.107,2.7408,3.6723,0.99734,2.8439,3.8287,1.5052,2.4667,3.8924,1.158,2.7223,3.6836,1.7899,1.7714,4.087,0.79511,2.4552,2.7965,1.8547,2.107,4.3974,0.097778,2.7891,2.9375,1.0639,1.9502,4.3084,0.9698,2.3042,3.0551,1.6067,2.4029,4.5716,0.99784,2.0831,2.8334,0.77372,2.0072,2.7054,1.6589,1.7815,3.9509,0.89636,2.4487,2.8552,1.3447,1.5867,3.8395,2.7713,2.6018,4.6239,1.0626,2.1876,3.6368,1.16,2.7573,3.675,1.9919,1.9925,4.4743,1.0421,1.9606,4.2487,1.8845,1.6464,3.4402,1.6949,2.4903,3.9833,2.204,2.5457,4.8978,2.0917,2.364,3.6391,1.2146,3.0631,3.4571,1.4198,1.448,4.2462,0.67775,2.9863,3.646,1.6387,1.7344,4.2384,0.77793,2.0011,2.7279,0.5986,2.2121,4.0107,2.6341,2.5999,4.5231,2.0073,2.1129,3.4462,1.3811,2.9005,3.5371,1.0852,2.2114,3.6253,2.5354,2.0208,4.4735,1.4986,1.7353,4.4208,1.6012,2.5885,3.5731,2.0665,2.2877,4.0653,2.7074,2.3304,4.9798,0.44533,2.5129,2.939
0.10631,0.16818,0.0044032,225.13,239.69,201.14,0.0012943,0.0014685,0.0010073,207.58,221.53,217.2,213.51,201.04,187.44,232.39,220.16,251.17,215.31,238.99,252.04,201.75,214.69,214.42,253.75,214.16,233.16,194.91,184.65,301.15,218.98,189.18,230.45,192.86,257.76,236.84,289.69,164.89,246.16,208.46,207.84,158.41,227.46,245.13,308.5,241.32,193.18,262.17,309.54,280.01,183.14,236.09,182.03,250.08,236.62,268.43,255.28,296.8,258.17,249.98,235.5,293.19,292.51,284.34,238.47,267.33,206.3,210.0,322.53,278.56,290.39,328.58,178.97,238.87,224.66,182.12,213.15,279.73,239.3,250.61,213.42,246.11,266.29,216.52,205.83,238.07,256.77,290.89,259.16,227.44,278.81,259.24,224.21,282.2,153.27,238.68,215.78,217.03,246.23,271.85,243.11,241.25,243.13,202.76,236.45,236.84,319.2,241.68,233.38,262.78,291.87,321.98,240.65,294.32,294.0,350.75,268.15,220.41,277.0,295.81,223.79,267.69,253.87,230.67,299.78,255.18,291.27,302.97,298.83,218.96,278.45,280.24,246.3,242.85,229.16,347.85,216.53,323.02,334.51,326.51,249.18,302.16,226.84,231.07,400.73,239.4,281.24,295.4,266.92,259.22,248.1,280.63,329.37,241.32,238.61,322.86,209.54,235.92,251.0,220.1,245.58,303.09,234.43,159.3,238.5,317.27,285.32,275.5,354.32,206.97,249.27,191.07,168.65,221.54,265.08,203.28,288.72,230.61,211.78,246.2,221.06,247.21,172.81,256.59,246.82,234.15,221.95,214.39,289.56,204.87,272.0,353.79,243.77,250.31,238.6,300.79,251.42,234.74,272.89,309.04,246.46,258.13,252.34,269.42,282.49,243.68,279.61,220.99,236.42,241.55,267.51,240.66,253.31,246.93,285.33,244.91,222.4,263.43,272.18,240.65,184.34,202.43,239.25,298.12,218.78,221.89,282.21,223.71,243.14,250.3,238.19,242.58,266.86,266.04,198.75,246.16,205.16,258.95,217.52,234.36,182.23,257.51,260.51,171.58,264.36,216.02,172.53,248.53,184.62,217.8,250.1,189.46,230.52,242.23,196.52,237.92,240.73,228.68,188.5,236.58,205.54,226.37,225.06,167.4,268.85,269.57,207.85,172.94,201.65,266.78,231.57,233.77,223.1,149.11,159.8,201.51,239.46,228.02,217.35,221.02,210.12,190.53,170.83,182.89,228.77,212.38,241.33,218.91,0.00079119,0.0010564,0.0010461,0.0011184,0.0010038,0.00096211,0.0012201,0.00094679,0.0012569,0.0010262,0.0012635,0.0013959,0.0010589,0.0011569,0.0010514,0.0015061,0.0012197,0.0012717,0.0012622,0.0011289,0.0017463,0.0014369,0.0011784,0.001535,0.0013268,0.0015658,0.0013475,0.0016918,0.0012239,0.0016279,0.00126,0.001291,0.0010968,0.0012931,0.001493,0.0018156,0.0014485,0.0013222,0.001607,0.0016942,0.0014898,0.0010924,0.0015131,0.0013028,0.0014788,0.0014828,0.0016059,0.0014229,0.0016949,0.0015249,0.0012481,0.0014459,0.0017778,0.0015648,0.0016845,0.0015017,0.0015561,0.0012467,0.0014757,0.0019204,0.0018378,0.0017104,0.0018433,0.0013224,0.0016394,0.0014135,0.001369,0.0015707,0.0016964,0.0014774,0.0017143,0.0014584,0.0014487,0.0016656,0.001487,0.0013953,0.0014347,0.0016234,0.0018208,0.0017364,0.0015655,0.0018564,0.0017001,0.0013798,0.0015398,0.0012304,0.0012952,0.0015394,0.0014358,0.0015331,0.0016711,0.0014402,0.0015752,0.0016043,0.0013181,0.0015431,0.0014824,0.0019898,0.0015741,0.0015027,0.0013907,0.0017536,0.0020149,0.001454,0.0018526,0.0013032,0.0019501,0.0017134,0.0015549,0.0016178,0.0018508,0.0015676,0.0016853,0.0015472,0.0015313,0.001819,0.0016413,0.0017619,0.0018336,0.0015332,0.0015208,0.0017666,0.0016503,0.0017471,0.00152,0.0011024,0.0020986,0.0015393,0.0014473,0.0020353,0.0020292,0.0016604,0.001851,0.0014542,0.0015467,0.0018121,0.0016828,0.0016756,0.0018014,0.001659,0.0016565,0.0016134,0.0015179,0.001901,0.001692,0.001301,0.0017439,0.0012486,0.0014136,0.001402,0.0014214,0.0016238,0.0017308,0.0015182,0.0012054,0.001381,0.0018699,0.0017944,0.0012753,0.0019935,0.0013178,0.0015568,0.0013445,0.0013069,0.0014108,0.0015952,0.0014427,0.0017515,0.0015444,0.0014803,0.001614,0.0012695,0.0016136,0.0013984,0.001603,0.001545,0.0016905,0.0015261,0.0013859,0.001635,0.00135,0.001652,0.0020257,0.0015981,0.0016017,0.001679,0.0017341,0.0015555,0.0015573,0.001579,0.0016237,0.0016161,0.0015747,0.0016277,0.0019057,0.0017145,0.0015551,0.00084549,0.001548,0.0014762,0.0015717,0.0016469,0.0015424,0.0016348,0.001472,0.0019959,0.0014995,0.0015327,0.0016034,0.001501,0.0014851,0.0013139,0.0013885,0.0014382,0.0017939,0.001478,0.0014706,0.0016023,0.0014223,0.0015857,0.001561,0.0014801,0.0014791,0.0015364,0.0016264,0.0013345,0.0015587,0.0013639,0.001525,0.0014807,0.0013418,0.0012324,0.0014363,0.0016249,0.0012066,0.0015656,0.0012973,0.0013364,0.0015108,0.0012203,0.0014049,0.001495,0.0013066,0.0013975,0.0014453,0.0011302,0.0014157,0.0014084,0.0014368,0.0012459,0.0014875,0.0012781,0.0014173,0.0013011,0.00096539,0.0014157,0.0014947,0.0011607,0.0011625,0.0011165,0.001475,0.001427,0.001399,0.0010144,0.00091317,0.00098356,0.001007,0.0014313,0.0013441,0.0010089,0.0012364,0.001022,0.0010202,0.00087152,0.00085172,0.0011233,0.0011411,0.0013286,0.0012103,1074300.0,1105700.0,792270.0,4276700.0,2284500.0,1150800.0,5856800.0,1513400.0,1879800.0,3242500.0,2966100.0,734830.0,5652900.0,1298400.0,4052200.0,2459600.0,5070500.0,4091400.0,1340500.0,3371900.0,2502600.0,3347400.0,11704000.0,958350.0,6311800.0,749460.0,9101500.0,1591900.0,1841400.0,815570.0,3232100.0,1680500.0,5814300.0,23940000.0,2520900.0,2724900.0,4347000.0,1235900.0,1513400.0,1646200.0,2062700.0,1057700.0,2058300.0,1019200.0,7475600.0,2433400.0,1825600.0,1494000.0,2274900.0,15971000.0,952090.0,7278300.0,3995200.0,706940.0,3910700.0,1079100.0,2657700.0,17679000.0,32102000.0,2373200.0,1720700.0,1532600.0,2840700.0,1036400.0,1926200.0,3409900.0,803840.0,2871900.0,1940600.0,3915400.0,2755300.0,1446400.0,1119200.0,15048000.0,5077600.0,1340600.0,3613400.0,1673300.0,965090.0,2573300.0,3702600.0,1313000.0,893150.0,2116300.0,873820.0,1861100.0,2850800.0,4950200.0,4191200.0,2338500.0,5694300.0,1300700.0,9352900.0,4677300.0,1017700.0,1694700.0,903640.0,1769700.0,3509900.0,9918500.0,1730700.0,16523000.0,1417300.0,9919600.0,1633600.0,3256300.0,1272900.0,1628100.0,12535000.0,5115100.0,2157200.0,3869300.0,2389200.0,1225800.0,656170.0,3373000.0,11659000.0,2413800.0,1291100.0,778800.0,1922000.0,735100.0,1193700.0,2218700.0,8786700.0,4156700.0,2627900.0,3087700.0,2361300.0,1498700.0,773560.0,10411000.0,2404500.0,3548600.0,2073400.0,1371700.0,1031900.0,2014200.0,1052000.0,2853800.0,3921600.0,1159600.0,1477000.0,2103000.0,1521000.0,2210500.0,2422200.0,877170.0,6912100.0,1513500.0,9390500.0,6180200.0,809830.0,10291000.0,814480.0,1274500.0,19279000.0,683650.0,12167000.0,721740.0,5575100.0,3693400.0,3817200.0,2647300.0,5252900.0,4116200.0,4227600.0,964530.0,4135000.0,1638700.0,6369200.0,1506700.0,7610900.0,1080700.0,744550.0,4005200.0,2996600.0,1988300.0,8411500.0,2288700.0,948280.0,1205600.0,3671000.0,3568300.0,1940100.0,1475700.0,747540.0,6807100.0,5275200.0,2336700.0,637470.0,17726000.0,3323000.0,5257900.0,1142200.0,18258000.0,5431600.0,1100100.0,8580600.0,1353300.0,1434500.0,3992400.0,5297000.0,799330.0,1639500.0,973680.0,1778500.0,1568200.0,1456500.0,7851700.0,2342100.0,1425100.0,12280000.0,2793800.0,1238000.0,1263500.0,3260300.0,951930.0,4669600.0,1133200.0,1854600.0,8075300.0,4435100.0,696550.0,1421900.0,10018000.0,5258300.0,5069200.0,15394000.0,3001700.0,1931800.0,2342400.0,2994600.0,3189800.0,1882600.0,1749500.0,2275100.0,1499400.0,7215800.0,652060.0,3656200.0,8296200.0,8910100.0,1863600.0,5378600.0,4029700.0,5011000.0,864140.0,1139900.0,5361500.0,1551600.0,6587500.0,3485200.0,7122400.0,1970700.0,1638700.0,1591200.0,1087700.0,1106100.0,2208100.0,945990.0,5091800.0,3371700.0,4404800.0,3356800.0,2894200.0,2745600.0,15584000.0,14989000.0,6042000.0,4601000.0,2807600.0,6148400.0,3762100.0,1781300.0,2740300.0,1353800.0,4824200.0,3044800.0,1.5316,1.851,4.1681,2.232,2.4729,3.6652,1.2767,2.2329,4.2235,1.2142,1.9894,4.2229,2.4826,2.6639,4.3134,0.79804,2.0627,4.2186,1.6125,2.5114,3.885,3.0602,2.8447,5.8594,1.2073,2.0165,4.2125,1.7277,1.7183,4.2469,1.2805,2.2529,4.2529,0.77972,2.0456,4.2107,2.9196,2.8423,4.6106,5.6309,2.7632,1.4147,1.2387,2.8318,3.6205,0.88811,2.1563,3.008,2.5354,2.1128,4.5065,1.4646,1.6815,3.8973,0.68133,2.6333,3.8782,1.9391,1.8071,3.5052,1.1518,2.4069,3.1758,0.33389,2.2896,3.5287,1.8206,1.6473,3.3968,2.0568,2.7385,4.282,1.8527,1.648,3.3771,1.568,1.6529,3.9481,0.35405,2.1675,3.1557,2.0633,2.4058,4.4654,1.4805,1.6907,3.2411,0.87123,1.9201,2.7618,3.155,2.8405,5.9474,1.9525,1.7905,3.4932,0.92253,2.7171,2.9,1.7375,2.589,4.0024,0.68967,1.8958,2.7591,1.0923,2.4272,3.1089,1.9209,1.9288,4.4944,1.7697,1.66,3.8907,0.56682,2.1795,3.8236,1.2883,2.5069,3.8331,0.99213,2.1159,3.2245,2.5682,2.3276,4.3326,2.0296,2.1951,4.7105,1.5118,1.6622,3.9218,1.8864,1.966,4.4871,1.4706,2.1883,3.2533,0.8267,2.1856,3.0958,2.4492,2.428,4.3591,1.9747,2.553,4.8584,1.9321,2.6102,4.8384,2.5611,2.3242,4.3168,1.2786,2.5116,3.9101,1.7722,2.2885,4.3528,2.3669,3.0147,4.2514,0.5898,2.4258,2.5714,1.4534,2.0313,4.5988,1.9763,3.0366,3.8641,0.2913,2.3818,3.3795,1.6914,1.6203,4.0798,0.78132,2.1413,3.0643,2.2589,2.2998,4.6866,0.5981,2.4804,3.0798,0.88568,2.1953,3.2083,0.051501,2.8957,1.802,2.0097,2.1206,4.6054,2.5357,2.3632,4.2683,2.3889,2.3049,5.1423,2.0163,2.7194,4.2021,1.127,1.8461,3.996,4.5719,2.8787,0.60785,0.821,2.1732,3.0068,1.4347,2.1135,4.2729,1.1476,2.174,3.5304,2.1322,2.6876,4.3937,1.6409,1.5871,4.1473,1.1673,2.5381,3.0817,0.75282,2.4568,3.7458,2.1659,1.8588,3.692,1.4745,2.504,3.4796,1.4656,2.5923,3.5595,1.5009,1.644,4.28,1.9952,2.7174,4.5079,2.0694,2.7193,4.6132,3.3448,2.8228,6.0985,1.6982,1.6232,4.1898,1.816,1.9641,3.4083,2.3617,2.9632,5.2492,1.1907,2.5586,3.0647,2.6825,2.4202,5.009,0.9756,2.6506,4.1522,1.4918,2.4836,3.5213,0.99765,1.921,4.0954,1.7436,1.6196,4.0727,1.8526,1.9262,3.3998,6.06,2.9071,2.8813,2.9068,2.2449,4.6399,1.4347,1.9549,4.3048,1.1677,2.6008,3.3523,1.4534,2.4542,3.3845,1.7314,1.9283,3.6805,1.986,2.433,4.0408,1.1001,2.3384,3.2264,2.4631,1.9537,5.251,1.0744,2.6414,3.2926,1.4295,2.5005,3.3615,0.21481,3.0259,3.2022,0.67581,1.8565,2.8347,1.6602,1.9995,4.5221,1.4842,1.8429,4.1841,5.3224,2.854,1.672,0.84765,2.1877,2.8892,0.91844,2.6729,4.1278,2.3274,2.5045,3.6732,2.8049,2.3224,4.9502,2.9756,2.618,4.5679,2.0505,2.4237,4.559,2.2617,2.1702,4.1864,0.73518,2.1399,3.3381,0.50159,2.4246,3.021,0.56149,2.1941,3.8524,2.4839,2.4641,4.5495,0.77593,2.4129,2.9444,1.2962,1.5679,4.351,1.6368,1.9705,3.4823,0.23389,2.6611,2.1167,3.4294,2.9409,0.24924,0.86883,2.3152,3.0344,1.639,1.6632,4.1234,1.6256,1.8609,3.2215,0.77039,2.3871,2.8685,2.1941,2.319,4.9487,1.2424,2.5621,3.1568,1.1957,2.1596,3.576,0.44208,2.0427,3.2864,1.7064,1.9472,3.4352,2.5694,2.0744,4.0811,2.0701,2.1403,4.9651,1.3573,1.7277,3.8377,0.75355,1.9996,2.7741,2.0924,2.1428,5.0287,2.2061,2.2566,4.5328,1.5222,2.3923,3.9877,4.1577,2.9477,0.086849,1.8783,2.4491,4.0071,0.707,1.9813,4.134,1.2166,2.6233,4.2492,3.4282,2.8212,6.1055,1.6939,1.5738,3.2776,0.23514,2.351,3.3897,5.0086,2.9831,0.87579,0.45231,2.8076,3.2532,1.1969,2.5305,3.0296,2.2218,2.1615,4.9811,1.5852,2.0798,4.4091,1.6271,1.6265,3.3594,1.6499,2.9346,3.3037,0.68543,2.3729,2.8625,0.84124,2.4192,3.0004,0.23971,2.649,3.349,1.8375,2.3934,4.2401,0.58496,2.4281,2.7714,1.0187,2.2818,3.6145,1.3096,1.779,4.3111,0.24455,2.3343,3.4377,1.6583,1.5894,3.2777,0.71493,2.3605,2.8234,2.9864,2.8637,6.007,1.8296,2.5513,3.9939,2.0239,2.2122,4.6026,2.3455,2.6961,5.1513,1.6924,1.9611,3.8365,1.3796,1.7973,3.7301,2.2673,2.1433,4.9947,1.4838,2.5968,3.9748,0.55825,3.0304,2.2772,4.5169,2.9313,0.28865,1.3062,2.7929,4.2407,1.8961,1.9611,3.8932,1.2142,2.6589,2.8103,0.21681,2.794,2.8845,1.0402,2.9083,4.1871,0.50224,2.4752,2.5897,0.80655,2.0209,2.8775,0.53091,2.4658,3.403,1.7093,2.2047,4.3033,1.1604,2.7852,4.2856,0.66305,2.0122,3.0241,2.0608,1.8492,3.751,1.3407,1.8668,3.687,2.355,2.6533,4.8479,1.469,1.5655,4.1944,1.3123,2.1411,3.2128,0.69888,2.0448,3.0383,0.68531,2.3206,2.6299,1.7602,2.3607,4.1682,2.2986,2.6313,4.9306,0.60735,2.0388,3.0008,1.6812,1.7316,3.3077,0.79476,2.9992,2.5852,0.55228,2.5175,2.594,3.1604,2.7374,6.096,6.1929,2.8666,2.5854,4.2795,2.9297,6.2716,2.3836,2.3263,3.7433,1.3691,3.065,4.2809,1.2879,2.4125,3.4907,0.23182,3.0999,3.1213,2.3743,2.2073,3.7704,1.2925,1.847,3.689,2.4112,2.3276,4.6024,2.6062,2.677,4.1569,1.2669,2.708,4.3372,1.7598,1.9505,3.8507,1.1727,2.7673,3.7199,2.3722,2.3923,4.981,1.4768,2.6296,3.3396,2.1729,2.2467,4.0806,0.82804,1.9588,3.385,2.4174,2.3643,3.7929,2.3545,2.3732,3.7392,2.2499,1.9647,5.0058,2.6499,2.2893,4.8173,2.3809,2.2385,3.7999,1.4178,1.6024,3.8889,2.3893,2.6383,4.946,1.8025,1.9499,3.8785,0.81057,2.1296,4.0849,1.6006,1.838,4.3109,2.3544,2.621,4.9541,1.4547,2.3941,3.2585,5.8769,2.848,2.151,1.8633,1.7651,3.5154,1.9723,2.9635,4.2424,2.0733,1.9738,4.8142,1.1476,2.6042,4.3326,1.9515,2.1497,4.9142,1.6419,1.7903,3.9472,1.6177,2.0068,3.36,1.1083,2.7403,3.6737,0.99843,2.844,3.8288,1.5067,2.4675,3.893,1.1584,2.7212,3.6838,1.7891,1.7708,4.0868,0.79375,2.4551,2.7969,1.8541,2.1076,4.3977,0.098073,2.789,2.939,1.0635,1.9501,4.309,0.97012,2.3037,3.0558,1.6062,2.403,4.5714,0.99804,2.083,2.8334,0.77429,2.0073,2.705,1.6596,1.7811,3.9506,0.89593,2.4485,2.8565,1.3441,1.5866,3.8396,2.7713,2.602,4.6237,1.0623,2.1886,3.6369,1.1605,2.7566,3.6753,1.9922,1.9926,4.4743,1.0414,1.9606,4.2485,1.885,1.6463,3.4401,1.6955,2.4905,3.983,2.2053,2.5455,4.8973,2.0909,2.3638,3.6381,1.2146,3.063,3.4573,1.4194,1.4479,4.2464,0.67853,2.9861,3.6463,1.6389,1.7342,4.2385,0.77848,2.0012,2.7277,0.59747,2.2123,4.0116,2.6333,2.5999,4.5231,2.0076,2.1127,3.4463,1.381,2.9001,3.537,1.0853,2.2117,3.6251,2.5355,2.0212,4.4736,1.4987,1.7353,4.4208,1.6011,2.5884,3.573,2.0666,2.2878,4.0652,2.7075,2.3298,4.9794,0.44536,2.5126,2.9388
0.10698,0.16925,0.0044257,225.55,240.24,201.36,0.0012966,0.0014716,0.0010085,207.88,221.92,217.45,213.79,201.25,187.9,232.82,220.61,251.71,215.58,239.29,252.33,202.15,215.02,214.72,254.5,214.46,233.64,195.26,185.03,302.03,219.46,189.55,230.89,193.26,258.39,237.32,290.23,165.07,246.62,208.83,208.17,158.71,227.7,245.57,309.33,241.71,193.44,263.01,310.45,280.76,183.35,236.37,182.26,250.78,236.98,269.18,255.98,297.67,258.79,250.42,235.97,294.14,293.35,285.42,239.13,268.2,207.17,210.27,323.58,279.57,291.07,329.7,179.42,239.58,224.98,182.76,213.16,280.18,238.02,251.19,214.04,246.94,267.22,217.05,206.54,238.65,257.8,292.05,259.87,227.34,279.18,259.1,224.82,283.28,153.98,239.0,215.96,218.06,246.83,272.68,244.31,241.24,244.03,203.6,237.31,237.35,319.69,242.35,233.82,263.66,292.64,322.96,241.31,294.7,295.32,351.48,268.74,220.84,277.38,297.29,224.47,268.58,254.32,231.5,300.31,255.82,291.82,305.06,299.41,219.88,279.5,280.81,246.8,244.03,230.56,349.13,217.08,324.55,335.59,327.44,249.59,303.5,227.44,231.86,402.4,240.24,281.62,296.03,267.29,259.81,248.55,281.19,330.22,241.6,241.2,322.7,210.03,236.75,252.96,220.43,246.11,303.42,234.98,159.47,239.44,317.98,285.83,277.41,355.39,207.44,249.72,191.27,169.33,222.15,265.66,203.56,289.12,231.5,212.05,246.56,221.6,247.97,173.22,257.24,247.05,234.84,222.37,214.91,290.18,205.34,272.82,354.17,243.96,250.98,239.11,301.5,252.35,234.67,273.72,309.84,247.26,258.92,253.59,270.11,283.03,244.42,285.13,221.39,236.96,241.69,267.13,240.86,253.67,247.78,286.67,245.45,223.02,263.51,273.03,241.3,185.05,202.71,239.82,298.98,219.6,222.15,282.37,224.06,243.67,251.01,238.51,243.15,267.55,266.39,199.17,247.49,205.45,259.6,217.77,234.72,182.72,257.92,261.01,171.84,264.75,216.41,172.94,248.99,184.97,218.32,250.67,189.69,230.98,242.58,196.74,238.43,241.15,228.82,188.65,237.06,205.89,226.83,225.44,167.52,269.23,270.06,208.08,173.13,202.01,267.24,232.09,234.12,223.4,149.35,160.05,201.72,239.81,228.58,217.63,221.33,210.38,190.68,170.99,183.05,229.0,212.64,241.74,219.2,0.00079197,0.0010578,0.001047,0.0011199,0.0010049,0.00096393,0.0012224,0.00094853,0.0012599,0.001028,0.0012651,0.0013976,0.0010611,0.0011587,0.001053,0.00151,0.0012218,0.0012745,0.0012643,0.0011313,0.0017511,0.00144,0.0011809,0.0015383,0.0013295,0.0015702,0.0013504,0.0016946,0.0012253,0.0016309,0.0012627,0.0012928,0.0010988,0.0012945,0.0014958,0.0018206,0.0014518,0.0013236,0.0016123,0.0016999,0.0014943,0.0010935,0.0015156,0.0013053,0.0014837,0.0014853,0.0016111,0.0014269,0.0017008,0.0015288,0.0012502,0.0014486,0.0017837,0.0015691,0.0016909,0.0015058,0.0015611,0.0012485,0.0014778,0.0019272,0.0018432,0.0017144,0.0018499,0.001325,0.0016444,0.0014159,0.0013713,0.0015716,0.0016999,0.0014762,0.0017164,0.0014624,0.0014536,0.0016712,0.00149,0.0013995,0.0014386,0.0016291,0.0018264,0.0017409,0.0015651,0.0018607,0.0017023,0.0013829,0.0015437,0.0012352,0.0012932,0.0015402,0.0014405,0.001537,0.001676,0.001445,0.0015737,0.0016087,0.001319,0.0015474,0.0014856,0.0019926,0.0015775,0.0015057,0.0013939,0.0017579,0.0020195,0.0014575,0.0018532,0.0013082,0.0019547,0.0017169,0.0015571,0.0016207,0.0018579,0.0015707,0.0016894,0.0015491,0.0015345,0.0018221,0.0016446,0.0017658,0.0018415,0.0015351,0.0015253,0.0017712,0.0016525,0.0017493,0.0015252,0.0011078,0.0021044,0.0015426,0.0014555,0.0020395,0.0020339,0.0016618,0.0018577,0.001459,0.0015509,0.0018199,0.001686,0.0016766,0.0018049,0.0016599,0.0016607,0.0016158,0.0015212,0.0019068,0.0016947,0.0013112,0.0017448,0.0012505,0.0014141,0.0014134,0.0014236,0.0016272,0.0017292,0.0015217,0.0012069,0.0013861,0.0018742,0.0017968,0.0012828,0.0019975,0.001321,0.0015594,0.0013459,0.0013106,0.0014121,0.0015986,0.0014448,0.0017545,0.0015492,0.0014821,0.0016167,0.0012736,0.0016175,0.0013998,0.0016078,0.0015462,0.0016931,0.0015273,0.0013884,0.0016385,0.0013534,0.0016567,0.0020289,0.0015992,0.0016062,0.0016816,0.0017399,0.0015612,0.0015578,0.0015841,0.0016285,0.0016206,0.0015803,0.0016346,0.0019103,0.0017179,0.0015603,0.00086661,0.0015516,0.0014796,0.001574,0.0016479,0.0015437,0.0016374,0.0014779,0.002004,0.001504,0.001537,0.0016045,0.0015061,0.0014898,0.0013174,0.0013902,0.0014419,0.0017998,0.0014826,0.0014726,0.0016028,0.0014242,0.0015887,0.0015664,0.0014828,0.0014827,0.0015411,0.0016289,0.0013373,0.0015666,0.0013659,0.0015292,0.001482,0.0013436,0.0012352,0.0014384,0.0016289,0.0012081,0.0015682,0.0012991,0.0013396,0.0015141,0.0012222,0.0014084,0.0014988,0.001309,0.0013998,0.0014474,0.0011315,0.0014188,0.0014107,0.0014381,0.0012468,0.0014904,0.0012801,0.00142,0.0013035,0.00096626,0.0014182,0.0014979,0.001162,0.001164,0.0011186,0.0014775,0.0014299,0.0014012,0.0010159,0.00091492,0.00098524,0.0010084,0.0014334,0.0013473,0.0010104,0.0012382,0.0010234,0.0010212,0.00087249,0.00085266,0.0011246,0.0011428,0.0013308,0.0012122,1074300.0,1105700.0,792270.0,4276700.0,2284500.0,1150800.0,5856800.0,1513400.0,1879800.0,3242500.0,2966100.0,734830.0,5652900.0,1298400.0,4052200.0,2459600.0,5070500.0,4091400.0,1340500.0,3371900.0,2502600.0,3347400.0,11704000.0,958350.0,6311800.0,749460.0,9101500.0,1591900.0,1841400.0,815570.0,3232100.0,1680500.0,5814300.0,23940000.0,2520900.0,2724900.0,4347000.0,1235900.0,1513400.0,1646200.0,2062700.0,1057700.0,2058300.0,1019200.0,7475600.0,2433400.0,1825600.0,1494000.0,2274900.0,15971000.0,952090.0,7278300.0,3995200.0,706940.0,3910700.0,1079100.0,2657700.0,17679000.0,32102000.0,2373200.0,1720700.0,1532600.0,2840700.0,1036400.0,1926200.0,3409900.0,803840.0,2871900.0,1940600.0,3915400.0,2755300.0,1446400.0,1119200.0,15048000.0,5077600.0,1340600.0,3613400.0,1673300.0,965090.0,2573300.0,3702600.0,1313000.0,893150.0,2116300.0,873820.0,1861100.0,2850800.0,4950200.0,4191200.0,2338500.0,5694300.0,1300700.0,9352900.0,4677300.0,1017700.0,1694700.0,903640.0,1769700.0,3509900.0,9918500.0,1730700.0,16523000.0,1417300.0,9919600.0,1633600.0,3256300.0,1272900.0,1628100.0,12535000.0,5115100.0,2157200.0,3869300.0,2389200.0,1225800.0,656170.0,3373000.0,11659000.0,2413800.0,1291100.0,778800.0,1922000.0,735100.0,1193700.0,2218700.0,8786700.0,4156700.0,2627900.0,3087700.0,2361300.0,1498700.0,773560.0,10411000.0,2404500.0,3548600.0,2073400.0,1371700.0,1031900.0,2014200.0,1052000.0,2853800.0,3921600.0,1159600.0,1477000.0,2103000.0,1521000.0,2210500.0,2422200.0,877170.0,6912100.0,1513500.0,9390500.0,6180200.0,809830.0,10291000.0,814480.0,1274500.0,19279000.0,683650.0,12167000.0,721740.0,5575100.0,3693400.0,3817200.0,2647300.0,5252900.0,4116200.0,4227600.0,964530.0,4135000.0,1638700.0,6369200.0,1506700.0,7610900.0,1080700.0,744550.0,4005200.0,2996600.0,1988300.0,8411500.0,2288700.0,948280.0,1205600.0,3671000.0,3568300.0,1940100.0,1475700.0,747540.0,6807100.0,5275200.0,2336700.0,637470.0,17726000.0,3323000.0,5257900.0,1142200.0,18258000.0,5431600.0,1100100.0,8580600.0,1353300.0,1434500.0,3992400.0,5297000.0,799330.0,1639500.0,973680.0,1778500.0,1568200.0,1456500.0,7851700.0,2342100.0,1425100.0,12280000.0,2793800.0,1238000.0,1263500.0,3260300.0,951930.0,4669600.0,1133200.0,1854600.0,8075300.0,4435100.0,696550.0,1421900.0,10018000.0,5258300.0,5069200.0,15394000.0,3001700.0,1931800.0,2342400.0,2994600.0,3189800.0,1882600.0,1749500.0,2275100.0,1499400.0,7215800.0,652060.0,3656200.0,8296200.0,8910100.0,1863600.0,5378600.0,4029700.0,5011000.0,864140.0,1139900.0,5361500.0,1551600.0,6587500.0,3485200.0,7122400.0,1970700.0,1638700.0,1591200.0,1087700.0,1106100.0,2208100.0,945990.0,5091800.0,3371700.0,4404800.0,3356800.0,2894200.0,2745600.0,15584000.0,14989000.0,6042000.0,4601000.0,2807600.0,6148400.0,3762100.0,1781300.0,2740300.0,1353800.0,4824200.0,3044800.0,1.5317,1.8511,4.168,2.2321,2.4729,3.6652,1.2767,2.2329,4.2235,1.214,1.9894,4.2229,2.4825,2.6639,4.3135,0.79769,2.0627,4.2186,1.6131,2.5116,3.8849,3.0605,2.8448,5.8595,1.2072,2.0166,4.2123,1.7275,1.7183,4.2469,1.2805,2.2531,4.2531,0.77926,2.0455,4.2107,2.9196,2.8423,4.6111,5.6303,2.763,1.4143,1.2388,2.8316,3.6205,0.88766,2.1563,3.0079,2.5357,2.1133,4.507,1.4645,1.6815,3.8973,0.68162,2.6338,3.8782,1.9387,1.8074,3.5054,1.1523,2.4066,3.1765,0.33421,2.2896,3.5284,1.8208,1.6471,3.3969,2.0564,2.7379,4.2813,1.8531,1.6478,3.377,1.5686,1.6528,3.9484,0.35385,2.1677,3.1554,2.0637,2.4062,4.466,1.4807,1.6908,3.2414,0.87145,1.9203,2.7618,3.1558,2.8405,5.948,1.9523,1.7908,3.4934,0.92201,2.7172,2.9001,1.737,2.5891,4.0024,0.69003,1.8959,2.759,1.0924,2.4271,3.1092,1.921,1.9288,4.4944,1.77,1.6599,3.8907,0.56726,2.1793,3.8243,1.289,2.5073,3.8336,0.99205,2.1162,3.224,2.5686,2.328,4.3329,2.0292,2.1954,4.7108,1.512,1.662,3.9218,1.8864,1.9663,4.4871,1.4707,2.1884,3.2531,0.82653,2.1861,3.0952,2.4492,2.4284,4.3593,1.9748,2.5527,4.8581,1.9321,2.6103,4.838,2.5612,2.3245,4.3171,1.2785,2.5117,3.9097,1.7726,2.2888,4.3531,2.3677,3.0144,4.2519,0.59031,2.4255,2.5721,1.4528,2.0312,4.5987,1.9754,3.0364,3.863,0.29103,2.3817,3.3793,1.6914,1.6202,4.0797,0.78166,2.1419,3.0642,2.259,2.2999,4.6867,0.59787,2.4796,3.0802,0.88451,2.1959,3.2075,0.051108,2.8957,1.8014,2.0097,2.1213,4.6056,2.5356,2.3638,4.2685,2.3874,2.3049,5.1423,2.0155,2.7188,4.2009,1.127,1.8459,3.9964,4.5712,2.8776,0.60883,0.82007,2.1735,3.0062,1.4351,2.1136,4.2729,1.148,2.1745,3.5307,2.1311,2.6871,4.3926,1.6406,1.587,4.1472,1.1674,2.538,3.0819,0.7528,2.457,3.7457,2.1664,1.8584,3.6918,1.4736,2.5044,3.4796,1.4638,2.5926,3.5589,1.4995,1.6438,4.2799,1.9941,2.7167,4.5071,2.0684,2.7188,4.613,3.345,2.823,6.0988,1.6982,1.6233,4.1899,1.8164,1.9639,3.4081,2.3627,2.9634,5.2509,1.1909,2.5588,3.0644,2.6826,2.4201,5.0091,0.97539,2.6509,4.1527,1.4909,2.4839,3.5216,0.99625,1.9213,4.0956,1.7443,1.6197,4.0726,1.8538,1.9261,3.3995,6.0587,2.9068,2.8805,2.9069,2.2447,4.6404,1.4352,1.9547,4.3054,1.1668,2.6003,3.3523,1.4532,2.4543,3.3846,1.7308,1.9278,3.6802,1.9862,2.4334,4.0413,1.0999,2.3387,3.2266,2.4629,1.9531,5.2516,1.073,2.6411,3.2923,1.429,2.501,3.3614,0.21547,3.0262,3.2023,0.6755,1.857,2.8341,1.6599,1.999,4.5227,1.4842,1.8427,4.1844,5.3209,2.8533,1.6708,0.84772,2.188,2.8897,0.91824,2.6733,4.1285,2.328,2.504,3.6731,2.8072,2.322,4.9505,2.9765,2.6177,4.5682,2.0503,2.4233,4.5593,2.2603,2.1708,4.1862,0.73485,2.1409,3.3381,0.50282,2.4244,3.0214,0.56157,2.1945,3.8529,2.4843,2.4637,4.5501,0.77527,2.4129,2.9441,1.2963,1.5678,4.3513,1.6359,1.9701,3.4827,0.2352,2.661,2.1173,3.4296,2.9409,0.25023,0.86908,2.3145,3.0352,1.6387,1.6633,4.1237,1.6263,1.8614,3.2219,0.77037,2.3867,2.8684,2.1942,2.3186,4.9485,1.2433,2.5622,3.1572,1.1965,2.1603,3.5766,0.44124,2.0432,3.2867,1.7064,1.9467,3.4352,2.5703,2.0743,4.081,2.0696,2.1404,4.965,1.3577,1.7274,3.8379,0.75382,1.9999,2.7743,2.092,2.1427,5.0291,2.2052,2.2571,4.533,1.5218,2.3929,3.9878,4.157,2.9472,0.086048,1.8779,2.4497,4.0072,0.70612,1.9813,4.1343,1.2166,2.6233,4.249,3.4273,2.821,6.1055,1.6944,1.5737,3.2776,0.23519,2.3512,3.3896,5.0074,2.9835,0.87396,0.45168,2.8077,3.2535,1.1965,2.5305,3.0301,2.2225,2.162,4.9815,1.586,2.0796,4.4095,1.6276,1.6265,3.3598,1.6518,2.9346,3.3036,0.68654,2.3724,2.8633,0.84079,2.4188,3.0005,0.23999,2.6492,3.3492,1.8394,2.3943,4.2408,0.58595,2.428,2.7718,1.0185,2.2825,3.6141,1.3092,1.7788,4.3112,0.2443,2.3345,3.438,1.6592,1.5893,3.2777,0.71651,2.3599,2.8239,2.986,2.8637,6.0073,1.8282,2.5509,3.9935,2.024,2.2124,4.6027,2.3438,2.6957,5.1504,1.6912,1.9611,3.8361,1.38,1.7972,3.7303,2.2679,2.1432,4.9946,1.4842,2.5965,3.9744,0.55732,3.0301,2.2755,4.5164,2.931,0.28851,1.3071,2.7936,4.2402,1.8961,1.9612,3.8932,1.2141,2.6591,2.8099,0.21576,2.7939,2.884,1.0406,2.9084,4.1872,0.50197,2.4748,2.5898,0.80754,2.0216,2.8769,0.53086,2.4661,3.4029,1.7101,2.2048,4.3036,1.1598,2.7857,4.2851,0.6634,2.0126,3.0235,2.0614,1.849,3.7506,1.3419,1.867,3.6873,2.3544,2.6528,4.847,1.4696,1.5656,4.1944,1.3118,2.1411,3.2129,0.69925,2.0453,3.0379,0.68629,2.3199,2.6301,1.7608,2.3611,4.1684,2.2979,2.6308,4.9304,0.60726,2.0392,3.0002,1.6825,1.7323,3.3074,0.79574,2.9991,2.5855,0.55216,2.5176,2.594,3.1616,2.7373,6.0973,6.1936,2.8666,2.5864,4.278,2.9293,6.27,2.3838,2.3258,3.7431,1.3708,3.0649,4.2833,1.2873,2.4131,3.4904,0.22892,3.1,3.1191,2.3743,2.2071,3.7702,1.2927,1.847,3.6893,2.4111,2.3276,4.6026,2.6063,2.6773,4.1577,1.2668,2.7081,4.3371,1.759,1.9504,3.8504,1.173,2.7671,3.7202,2.3718,2.3918,4.9804,1.4761,2.6295,3.3399,2.1727,2.2472,4.0804,0.82788,1.959,3.3851,2.4176,2.364,3.7931,2.3545,2.373,3.7391,2.2503,1.9651,5.0064,2.6498,2.2893,4.8175,2.381,2.2385,3.7998,1.4179,1.6025,3.8892,2.3888,2.6379,4.9458,1.802,1.9499,3.8784,0.81071,2.1295,4.0853,1.6005,1.8381,4.3111,2.354,2.6205,4.954,1.4546,2.3942,3.2584,5.8764,2.8477,2.1506,1.8633,1.765,3.5155,1.972,2.9631,4.2419,2.0737,1.9739,4.8145,1.1479,2.6044,4.3329,1.9519,2.1498,4.9144,1.642,1.7902,3.9471,1.6178,2.0068,3.3598,1.1088,2.7401,3.6742,0.99882,2.8441,3.8288,1.5073,2.4677,3.8932,1.1584,2.7208,3.6838,1.7888,1.7706,4.0868,0.79322,2.4551,2.797,1.8539,2.1078,4.3978,0.098142,2.7889,2.9396,1.0634,1.95,4.3093,0.97022,2.3035,3.056,1.606,2.4031,4.5713,0.99811,2.0829,2.8334,0.7745,2.0074,2.7048,1.6599,1.781,3.9505,0.89575,2.4484,2.8569,1.3439,1.5866,3.8396,2.7713,2.6021,4.6237,1.0622,2.1889,3.6369,1.1607,2.7563,3.6754,1.9923,1.9927,4.4743,1.0411,1.9605,4.2485,1.8852,1.6463,3.44,1.6957,2.4905,3.983,2.2057,2.5454,4.8972,2.0906,2.3637,3.6378,1.2146,3.0629,3.4574,1.4192,1.4478,4.2464,0.67884,2.986,3.6464,1.639,1.7341,4.2385,0.77869,2.0012,2.7276,0.59704,2.2124,4.0119,2.633,2.5999,4.523,2.0076,2.1126,3.4464,1.381,2.9,3.5369,1.0853,2.2118,3.625,2.5355,2.0214,4.4736,1.4987,1.7354,4.4207,1.601,2.5884,3.5729,2.0666,2.2878,4.0652,2.7075,2.3295,4.9792,0.44538,2.5125,2.9387
0.10766,0.17032,0.0044477,225.88,240.69,201.47,0.0012984,0.0014741,0.0010091,208.0,222.12,217.62,213.96,201.41,188.3,233.01,220.85,252.05,215.73,239.56,252.6,202.41,215.22,214.91,254.93,214.6,233.95,195.53,185.31,302.65,219.77,189.77,231.16,193.49,258.75,237.62,290.6,165.16,247.01,209.06,208.44,158.92,227.95,245.82,309.85,241.94,193.69,263.55,311.05,281.21,183.43,236.73,182.37,251.16,237.2,269.62,256.45,298.23,259.14,250.73,236.31,294.72,293.94,286.1,239.53,268.73,208.03,210.5,324.3,280.31,291.64,330.59,179.73,239.99,225.16,183.72,213.23,280.52,237.39,251.7,214.5,247.6,267.84,217.4,207.07,239.07,258.6,292.75,260.45,227.48,279.52,259.19,225.26,284.05,154.61,239.38,216.29,219.06,247.43,273.36,245.55,241.37,244.86,204.41,238.1,237.78,320.19,242.95,234.26,264.83,293.33,324.0,241.96,295.33,296.89,352.31,269.49,221.34,277.9,298.63,225.25,269.29,255.04,232.27,301.02,256.48,292.45,307.12,300.08,220.66,280.66,281.35,247.42,245.17,231.85,350.33,217.67,326.06,336.7,328.35,250.18,304.96,227.91,232.75,404.38,241.19,282.06,296.81,268.08,260.54,248.88,281.91,331.24,241.98,243.28,323.0,210.55,237.78,254.82,220.88,246.61,304.16,235.45,159.65,240.18,318.68,286.42,279.09,356.26,207.73,250.25,191.47,169.99,222.72,266.16,203.94,289.69,232.28,212.26,246.88,221.94,248.57,173.43,257.67,247.45,235.38,222.63,215.26,290.63,205.62,273.35,354.44,244.27,251.41,239.25,301.89,252.88,234.55,274.19,310.21,247.82,259.38,254.59,270.52,283.43,244.77,289.88,221.52,237.25,241.77,266.95,241.13,254.04,248.12,287.36,245.65,223.35,263.62,273.51,241.57,185.62,202.96,240.13,299.41,220.16,222.31,282.6,224.26,244.03,251.35,238.74,243.46,267.91,266.63,199.41,248.51,205.67,259.98,218.04,235.02,183.07,258.29,261.22,171.92,264.94,216.77,173.16,249.27,185.22,218.68,251.01,189.79,231.18,242.81,196.79,238.75,241.49,228.96,188.81,237.48,206.22,227.04,225.72,167.65,269.39,270.43,208.33,173.26,202.33,267.66,232.48,234.26,223.5,149.42,160.26,201.94,240.13,228.74,217.71,221.47,210.55,190.84,171.16,183.23,229.26,212.86,242.09,219.41,0.00079244,0.0010585,0.0010472,0.0011208,0.0010053,0.00096512,0.0012237,0.00094948,0.0012617,0.0010286,0.0012662,0.0013991,0.0010621,0.0011595,0.0010539,0.0015122,0.0012229,0.0012762,0.0012657,0.0011331,0.0017546,0.0014419,0.0011824,0.0015406,0.0013311,0.0015729,0.001352,0.0016963,0.0012262,0.0016332,0.0012644,0.0012943,0.0011003,0.0012957,0.0014975,0.0018239,0.0014536,0.0013251,0.0016154,0.0017036,0.0014971,0.0010938,0.0015185,0.0013068,0.0014862,0.001487,0.0016142,0.0014293,0.0017045,0.001531,0.0012516,0.0014506,0.0017873,0.0015721,0.0016948,0.0015085,0.001564,0.0012506,0.0014796,0.0019319,0.0018472,0.001718,0.0018556,0.0013265,0.0016473,0.0014177,0.0013746,0.0015726,0.0017029,0.0014773,0.0017187,0.0014652,0.0014574,0.0016748,0.001492,0.0014025,0.0014413,0.0016335,0.0018301,0.0017444,0.0015661,0.0018641,0.0017046,0.0013848,0.0015467,0.0012391,0.0012925,0.0015419,0.0014448,0.0015412,0.0016804,0.0014496,0.0015737,0.0016129,0.0013205,0.0015522,0.0014891,0.0019958,0.0015808,0.0015088,0.0013997,0.0017619,0.0020242,0.0014612,0.0018563,0.0013156,0.0019601,0.0017212,0.0015601,0.0016243,0.0018651,0.0015754,0.0016926,0.0015536,0.0015385,0.0018266,0.0016483,0.0017698,0.0018498,0.0015386,0.0015294,0.0017775,0.0016556,0.0017534,0.0015303,0.0011132,0.0021104,0.0015465,0.0014641,0.0020448,0.0020389,0.0016652,0.0018656,0.0014628,0.0015561,0.0018289,0.001691,0.0016791,0.0018095,0.0016639,0.0016654,0.0016178,0.0015254,0.0019139,0.0016977,0.0013193,0.0017486,0.0012531,0.0014166,0.0014228,0.0014268,0.001631,0.0017314,0.001525,0.0012085,0.00139,0.0018787,0.0018003,0.0012892,0.0020014,0.0013231,0.0015627,0.0013477,0.001314,0.001414,0.0016015,0.0014477,0.0017581,0.0015529,0.0014837,0.0016194,0.0012761,0.0016206,0.0013998,0.0016111,0.0015485,0.0016954,0.0015276,0.0013901,0.0016408,0.0013552,0.0016594,0.0020312,0.0016012,0.0016089,0.0016822,0.001743,0.0015642,0.0015578,0.0015869,0.0016309,0.0016238,0.0015835,0.0016398,0.0019127,0.0017203,0.0015629,0.00088511,0.0015528,0.0014814,0.0015756,0.0016492,0.0015456,0.0016399,0.0014804,0.0020078,0.0015054,0.0015394,0.0016057,0.0015086,0.0014917,0.0013203,0.0013916,0.0014438,0.0018027,0.001485,0.0014738,0.0016035,0.0014254,0.0015906,0.0015689,0.0014845,0.0014845,0.0015433,0.0016305,0.0013387,0.0015725,0.0013674,0.0015315,0.0014832,0.0013451,0.0012372,0.0014402,0.0016308,0.0012087,0.0015697,0.0013009,0.0013413,0.001516,0.0012238,0.0014108,0.001501,0.0013103,0.0014005,0.0014486,0.0011322,0.0014209,0.0014125,0.0014392,0.0012478,0.001493,0.0012822,0.0014213,0.0013054,0.00096707,0.0014193,0.0015004,0.0011635,0.0011653,0.0011203,0.0014798,0.001432,0.001402,0.0010166,0.00091568,0.00098649,0.0010096,0.0014354,0.0013482,0.0010111,0.0012393,0.0010245,0.0010221,0.00087349,0.00085368,0.0011259,0.0011439,0.0013326,0.0012134,1074300.0,1105700.0,792270.0,4276700.0,2284500.0,1150800.0,5856800.0,1513400.0,1879800.0,3242500.0,2966100.0,734830.0,5652900.0,1298400.0,4052200.0,2459600.0,5070500.0,4091400.0,1340500.0,3371900.0,2502600.0,3347400.0,11704000.0,958350.0,6311800.0,749460.0,9101500.0,1591900.0,1841400.0,815570.0,3232100.0,1680500.0,5814300.0,23940000.0,2520900.0,2724900.0,4347000.0,1235900.0,1513400.0,1646200.0,2062700.0,1057700.0,2058300.0,1019200.0,7475600.0,2433400.0,1825600.0,1494000.0,2274900.0,15971000.0,952090.0,7278300.0,3995200.0,706940.0,3910700.0,1079100.0,2657700.0,17679000.0,32102000.0,2373200.0,1720700.0,1532600.0,2840700.0,1036400.0,1926200.0,3409900.0,803840.0,2871900.0,1940600.0,3915400.0,2755300.0,1446400.0,1119200.0,15048000.0,5077600.0,1340600.0,3613400.0,1673300.0,965090.0,2573300.0,3702600.0,1313000.0,893150.0,2116300.0,873820.0,1861100.0,2850800.0,4950200.0,4191200.0,2338500.0,5694300.0,1300700.0,9352900.0,4677300.0,1017700.0,1694700.0,903640.0,1769700.0,3509900.0,9918500.0,1730700.0,16523000.0,1417300.0,9919600.0,1633600.0,3256300.0,1272900.0,1628100.0,12535000.0,5115100.0,2157200.0,3869300.0,2389200.0,1225800.0,656170.0,3373000.0,11659000.0,2413800.0,1291100.0,778800.0,1922000.0,735100.0,1193700.0,2218700.0,8786700.0,4156700.0,2627900.0,3087700.0,2361300.0,1498700.0,773560.0,10411000.0,2404500.0,3548600.0,2073400.0,1371700.0,1031900.0,2014200.0,1052000.0,2853800.0,3921600.0,1159600.0,1477000.0,2103000.0,1521000.0,2210500.0,2422200.0,877170.0,6912100.0,1513500.0,9390500.0,6180200.0,809830.0,10291000.0,814480.0,1274500.0,19279000.0,683650.0,12167000.0,721740.0,5575100.0,3693400.0,3817200.0,2647300.0,5252900.0,4116200.0,4227600.0,964530.0,4135000.0,1638700.0,6369200.0,1506700.0,7610900.0,1080700.0,744550.0,4005200.0,2996600.0,1988300.0,8411500.0,2288700.0,948280.0,1205600.0,3671000.0,3568300.0,1940100.0,1475700.0,747540.0,6807100.0,5275200.0,2336700.0,637470.0,17726000.0,3323000.0,5257900.0,1142200.0,18258000.0,5431600.0,1100100.0,8580600.0,1353300.0,1434500.0,3992400.0,5297000.0,799330.0,1639500.0,973680.0,1778500.0,1568200.0,1456500.0,7851700.0,2342100.0,1425100.0,12280000.0,2793800.0,1238000.0,1263500.0,3260300.0,951930.0,4669600.0,1133200.0,1854600.0,8075300.0,4435100.0,696550.0,1421900.0,10018000.0,5258300.0,5069200.0,15394000.0,3001700.0,1931800.0,2342400.0,2994600.0,3189800.0,1882600.0,1749500.0,2275100.0,1499400.0,7215800.0,652060.0,3656200.0,8296200.0,8910100.0,1863600.0,5378600.0,4029700.0,5011000.0,864140.0,1139900.0,5361500.0,1551600.0,6587500.0,3485200.0,7122400.0,1970700.0,1638700.0,1591200.0,1087700.0,1106100.0,2208100.0,945990.0,5091800.0,3371700.0,4404800.0,3356800.0,2894200.0,2745600.0,15584000.0,14989000.0,6042000.0,4601000.0,2807600.0,6148400.0,3762100.0,1781300.0,2740300.0,1353800.0,4824200.0,3044800.0,1.5318,1.8511,4.168,2.2322,2.473,3.6652,1.2767,2.233,4.2235,1.2139,1.9893,4.2228,2.4824,2.6639,4.3136,0.79735,2.0627,4.2187,1.6136,2.5117,3.8848,3.0608,2.8448,5.8596,1.207,2.0168,4.2121,1.7274,1.7182,4.2469,1.2806,2.2533,4.2533,0.7788,2.0454,4.2107,2.9196,2.8423,4.6116,5.6297,2.7629,1.4139,1.2389,2.8315,3.6206,0.88721,2.1564,3.0078,2.5361,2.1138,4.5074,1.4645,1.6815,3.8972,0.68194,2.6343,3.8782,1.9383,1.8076,3.5056,1.1528,2.4064,3.1771,0.33451,2.2897,3.5281,1.8211,1.6469,3.397,2.0562,2.7373,4.2806,1.8535,1.6477,3.377,1.5692,1.6526,3.9486,0.35366,2.1679,3.1551,2.0641,2.4065,4.4665,1.4809,1.691,3.2417,0.87166,1.9205,2.7617,3.1566,2.8405,5.9487,1.9521,1.791,3.4936,0.92154,2.7173,2.9002,1.7366,2.5892,4.0024,0.69038,1.896,2.7588,1.0925,2.427,3.1095,1.9211,1.9288,4.4944,1.7704,1.6597,3.8907,0.56771,2.179,3.8249,1.2897,2.5078,3.834,0.99197,2.1166,3.2236,2.5689,2.3283,4.3333,2.0289,2.1956,4.7111,1.5121,1.6619,3.9219,1.8863,1.9665,4.487,1.4708,2.1885,3.2529,0.82635,2.1867,3.0945,2.4493,2.4288,4.3595,1.975,2.5524,4.8579,1.932,2.6105,4.8377,2.5614,2.3247,4.3174,1.2785,2.5118,3.9093,1.7731,2.2891,4.3535,2.3688,3.0141,4.2527,0.59084,2.4251,2.5728,1.4522,2.0311,4.5987,1.9749,3.0362,3.8621,0.2908,2.3817,3.3791,1.6915,1.6201,4.0797,0.78202,2.1425,3.064,2.2591,2.3,4.6869,0.59767,2.4788,3.0806,0.88336,2.1966,3.2067,0.05057,2.8958,1.8006,2.0098,2.122,4.6059,2.5354,2.3643,4.2687,2.3859,2.3048,5.1423,2.0148,2.7182,4.1999,1.127,1.8458,3.9967,4.5704,2.8765,0.60967,0.81917,2.1737,3.0057,1.4356,2.1138,4.2731,1.1483,2.175,3.5309,2.13,2.6865,4.3915,1.6402,1.5868,4.1472,1.1676,2.5379,3.0822,0.75278,2.4573,3.7456,2.167,1.858,3.6916,1.4727,2.5049,3.4796,1.4621,2.5928,3.5584,1.4981,1.6436,4.2799,1.993,2.7161,4.5063,2.0676,2.7182,4.6128,3.3454,2.8231,6.0993,1.6981,1.6234,4.19,1.8168,1.9636,3.408,2.3639,2.9635,5.2526,1.191,2.559,3.0642,2.6827,2.4199,5.0092,0.97527,2.6513,4.1533,1.49,2.4841,3.5219,0.99488,1.9216,4.0959,1.745,1.6198,4.0725,1.8551,1.9261,3.3993,6.0573,2.9067,2.8796,2.907,2.2444,4.6409,1.4358,1.9546,4.306,1.1659,2.5997,3.3523,1.453,2.4544,3.3848,1.7302,1.9273,3.6799,1.9866,2.4338,4.0418,1.0998,2.3391,3.2269,2.4628,1.9525,5.2522,1.0718,2.6407,3.2922,1.4286,2.5016,3.3613,0.21603,3.0264,3.2023,0.67519,1.8575,2.8336,1.6596,1.9985,4.5234,1.4842,1.8424,4.1847,5.3192,2.8526,1.6693,0.84783,2.1884,2.8903,0.91815,2.6737,4.1292,2.3287,2.5035,3.6731,2.8094,2.3216,4.9507,2.9775,2.6173,4.5685,2.0501,2.4229,4.5597,2.259,2.1713,4.1861,0.73455,2.1419,3.3381,0.50408,2.4243,3.0219,0.56168,2.195,3.8534,2.4848,2.4633,4.5508,0.77467,2.413,2.9439,1.2965,1.5677,4.3517,1.6351,1.9697,3.4831,0.23653,2.6609,2.1179,3.4298,2.9408,0.25111,0.86936,2.3137,3.036,1.6384,1.6635,4.1241,1.6271,1.8618,3.2224,0.77038,2.3862,2.8683,2.1943,2.3183,4.9485,1.2443,2.5625,3.1578,1.1975,2.1611,3.5773,0.4404,2.0438,3.2869,1.7065,1.9462,3.4352,2.5711,2.0741,4.0811,2.0692,2.1405,4.9649,1.3582,1.7272,3.8381,0.75411,2.0001,2.7746,2.0916,2.1425,5.0296,2.2045,2.2575,4.5332,1.5215,2.3936,3.9881,4.156,2.9467,0.084868,1.8775,2.4503,4.0073,0.70527,1.9814,4.1345,1.2168,2.6233,4.249,3.4262,2.8207,6.1053,1.6949,1.5735,3.2777,0.23526,2.3516,3.3895,5.0058,2.984,0.8717,0.45118,2.8079,3.2539,1.1962,2.5306,3.0307,2.2233,2.1624,4.9819,1.5867,2.0794,4.41,1.6282,1.6264,3.3603,1.6539,2.9347,3.3038,0.68767,2.372,2.8641,0.84043,2.4184,3.0007,0.24029,2.6495,3.3494,1.8415,2.3951,4.2415,0.58695,2.428,2.7722,1.0183,2.2832,3.6139,1.3088,1.7786,4.3114,0.24406,2.3347,3.4384,1.6601,1.5893,3.2777,0.7181,2.3594,2.8245,2.9856,2.8636,6.0077,1.827,2.5505,3.9932,2.0242,2.2126,4.6028,2.3421,2.6952,5.1496,1.69,1.961,3.8358,1.3804,1.797,3.7306,2.2685,2.1431,4.9947,1.4847,2.5961,3.9742,0.55635,3.0299,2.2737,4.5155,2.9307,0.28801,1.308,2.7944,4.2398,1.8962,1.9613,3.8932,1.214,2.6593,2.8095,0.21479,2.7939,2.8835,1.0412,2.9085,4.1874,0.50175,2.4745,2.59,0.80853,2.0223,2.8764,0.53091,2.4664,3.4029,1.711,2.205,4.304,1.1592,2.7862,4.2846,0.66375,2.013,3.0228,2.0621,1.8488,3.7502,1.3432,1.8671,3.6877,2.3537,2.6523,4.8462,1.4703,1.5658,4.1945,1.3115,2.1411,3.2132,0.69963,2.0458,3.0376,0.68726,2.3193,2.6302,1.7614,2.3615,4.1687,2.2973,2.6303,4.9302,0.60718,2.0396,2.9996,1.6838,1.7329,3.3072,0.7968,2.9989,2.586,0.55209,2.5176,2.5941,3.1629,2.7372,6.0986,6.1941,2.8667,2.5873,4.2762,2.9289,6.2682,2.384,2.3252,3.743,1.3728,3.0648,4.2861,1.2867,2.4137,3.4902,0.22594,3.1001,3.1167,2.3743,2.2069,3.77,1.2929,1.847,3.6895,2.411,2.3275,4.6029,2.6064,2.6777,4.1585,1.2667,2.7082,4.337,1.7582,1.9503,3.8501,1.1733,2.7669,3.7206,2.3714,2.3913,4.9798,1.4755,2.6294,3.3403,2.1727,2.2476,4.0804,0.82773,1.9593,3.3851,2.4177,2.3636,3.7932,2.3544,2.3727,3.739,2.2508,1.9655,5.007,2.6496,2.2893,4.8177,2.3812,2.2385,3.7997,1.4181,1.6026,3.8895,2.3884,2.6374,4.9455,1.8015,1.9498,3.8782,0.81084,2.1295,4.0858,1.6004,1.8381,4.3114,2.3535,2.6199,4.9539,1.4545,2.3943,3.2584,5.8759,2.8475,2.1501,1.8633,1.7649,3.5157,1.9718,2.9626,4.2414,2.0741,1.9741,4.8149,1.1482,2.6046,4.3333,1.9524,2.1498,4.9147,1.6421,1.7902,3.947,1.6179,2.0068,3.3595,1.1092,2.74,3.6747,0.99925,2.8442,3.8289,1.5079,2.468,3.8935,1.1586,2.7204,3.6839,1.7885,1.7704,4.0868,0.79273,2.455,2.7972,1.8537,2.108,4.3979,0.098275,2.7888,2.9401,1.0632,1.95,4.3095,0.97034,2.3033,3.0563,1.6059,2.4031,4.5712,0.99819,2.0829,2.8334,0.77472,2.0074,2.7046,1.6601,1.7809,3.9504,0.89559,2.4484,2.8574,1.3437,1.5866,3.8396,2.7714,2.6021,4.6236,1.062,2.1893,3.6369,1.1609,2.756,3.6755,1.9924,1.9927,4.4743,1.0408,1.9605,4.2484,1.8854,1.6463,3.44,1.696,2.4906,3.9829,2.2062,2.5454,4.897,2.0903,2.3636,3.6374,1.2146,3.0629,3.4575,1.4191,1.4478,4.2465,0.67912,2.9859,3.6465,1.6391,1.734,4.2386,0.77889,2.0012,2.7276,0.59663,2.2124,4.0123,2.6327,2.5999,4.523,2.0077,2.1125,3.4464,1.3809,2.8998,3.5369,1.0853,2.212,3.6249,2.5356,2.0215,4.4737,1.4988,1.7354,4.4207,1.601,2.5884,3.5729,2.0667,2.2878,4.0652,2.7075,2.3293,4.9791,0.44539,2.5124,2.9386
0.10867,0.17192,0.0044807,226.3,241.3,201.6,0.0013008,0.0014774,0.0010098,208.18,222.4,217.89,214.17,201.68,188.56,233.36,221.18,252.51,215.99,240.0,253.02,202.55,215.59,215.16,255.61,214.85,234.41,196.01,185.45,303.48,220.26,190.11,231.56,193.88,259.28,238.15,291.24,165.4,247.58,209.46,208.77,158.92,228.21,246.22,310.67,242.3,193.96,264.33,312.01,281.9,183.69,236.9,182.54,251.77,237.67,270.35,257.19,299.11,259.75,251.28,236.91,295.71,294.98,287.13,240.12,269.65,208.86,210.8,325.43,281.43,292.63,331.98,180.24,240.67,225.54,184.66,213.18,281.0,236.51,252.34,215.22,248.57,268.77,218.0,207.84,239.69,259.66,293.68,261.09,227.61,280.1,259.38,225.9,285.13,155.46,239.53,216.85,220.4,248.24,274.21,247.01,241.45,245.9,205.34,239.22,238.27,320.8,243.78,234.91,266.18,294.3,325.26,242.55,296.24,299.17,353.33,270.48,221.97,278.76,300.37,226.22,270.21,255.99,233.18,301.96,257.2,293.3,309.7,300.8,221.87,282.27,281.99,248.17,246.4,233.36,351.85,218.61,327.81,338.09,329.67,250.81,306.81,228.61,233.92,407.12,242.29,282.52,297.84,269.15,261.44,249.24,282.89,332.65,242.54,245.68,323.61,210.94,238.68,257.22,221.51,247.24,305.27,236.15,159.96,240.96,319.57,287.03,281.35,357.36,208.23,250.91,191.77,171.07,223.35,266.88,204.37,290.33,233.43,212.55,247.27,222.59,249.42,173.55,258.42,247.85,236.06,223.02,215.81,291.41,206.08,274.2,354.89,244.59,252.08,239.38,302.52,253.59,234.48,275.01,310.91,248.57,260.14,255.93,271.16,284.0,245.42,295.91,221.85,237.78,241.92,266.74,241.41,254.49,248.78,288.38,246.06,223.91,263.71,274.32,242.07,186.33,203.27,240.7,300.11,220.96,222.52,282.94,224.55,244.56,251.91,239.06,243.98,268.5,267.05,199.78,249.82,205.96,260.62,218.35,235.38,183.49,258.73,261.58,172.07,265.29,217.2,173.45,249.68,185.48,219.1,251.53,189.95,231.52,243.19,196.94,239.19,241.9,229.09,188.94,237.96,206.61,227.44,226.07,167.76,269.76,270.9,208.58,173.37,202.68,268.14,232.9,234.55,223.75,149.58,160.47,202.17,240.5,229.09,217.91,221.65,210.72,190.96,171.31,183.37,229.5,213.08,242.49,219.61,0.00079275,0.0010593,0.0010476,0.0011219,0.0010063,0.00096535,0.0012257,0.0009507,0.0012642,0.0010298,0.0012682,0.0014016,0.0010623,0.0011614,0.0010551,0.0015158,0.0012248,0.0012788,0.0012685,0.0011339,0.0017593,0.0014451,0.0011847,0.0015436,0.0013337,0.0015771,0.0013552,0.0016997,0.0012283,0.0016366,0.0012673,0.0012959,0.0011003,0.0012968,0.0015,0.001829,0.0014567,0.0013266,0.00162,0.0017095,0.0015012,0.0010951,0.0015202,0.0013093,0.0014903,0.0014904,0.001619,0.0014333,0.0017102,0.001535,0.0012539,0.0014539,0.0017934,0.0015774,0.0017009,0.0015126,0.0015694,0.0012508,0.0014819,0.0019391,0.0018536,0.0017237,0.0018641,0.0013295,0.0016521,0.0014207,0.0013755,0.0015731,0.001707,0.0014781,0.0017219,0.0014694,0.0014627,0.00168,0.0014953,0.0014066,0.0014452,0.0016392,0.0018355,0.0017482,0.0015661,0.001869,0.0017075,0.001387,0.0015506,0.0012439,0.0012882,0.0015448,0.00145,0.0015463,0.0016855,0.0014546,0.0015724,0.0016175,0.0013205,0.0015585,0.0014929,0.0019996,0.0015852,0.0015133,0.0014056,0.0017672,0.0020295,0.0014642,0.001861,0.0013267,0.001966,0.0017267,0.0015639,0.0016297,0.0018739,0.0015808,0.001696,0.0015588,0.0015423,0.0018319,0.001652,0.0017749,0.001859,0.0015415,0.0015358,0.0017854,0.0016587,0.0017588,0.0015347,0.0011192,0.0021181,0.0015527,0.0014734,0.0020512,0.0020464,0.0016683,0.001874,0.0014685,0.0015624,0.0018403,0.0016966,0.0016813,0.001815,0.0016684,0.0016704,0.00162,0.0015306,0.0019233,0.0017014,0.0013276,0.0017542,0.0012541,0.0014155,0.0014336,0.001431,0.0016356,0.0017348,0.0015299,0.0012111,0.0013928,0.0018842,0.001804,0.0012978,0.0020062,0.0013263,0.0015667,0.0013501,0.001319,0.0014152,0.0016054,0.001451,0.0017619,0.001558,0.0014858,0.0016227,0.0012804,0.0016246,0.0013983,0.0016166,0.0015508,0.0016983,0.0015284,0.0013929,0.0016448,0.0013578,0.0016635,0.0020342,0.0016032,0.0016132,0.0016835,0.0017477,0.0015682,0.0015586,0.0015916,0.0016357,0.0016282,0.0015886,0.0016466,0.0019166,0.0017236,0.0015675,0.00090837,0.0015556,0.0014851,0.0015785,0.0016512,0.0015476,0.0016429,0.0014853,0.0020145,0.0015087,0.0015436,0.0016071,0.0015132,0.0014957,0.001324,0.0013936,0.0014474,0.0018073,0.0014886,0.0014755,0.0016047,0.0014269,0.0015934,0.0015731,0.001487,0.0014879,0.0015474,0.0016331,0.0013411,0.0015798,0.0013695,0.0015353,0.0014846,0.0013469,0.0012397,0.0014424,0.0016339,0.0012097,0.0015721,0.0013029,0.001344,0.0015189,0.0012256,0.0014135,0.0015043,0.0013124,0.0014021,0.0014507,0.0011333,0.0014238,0.0014146,0.0014404,0.0012487,0.0014959,0.0012845,0.0014236,0.0013076,0.00096766,0.0014216,0.0015034,0.0011648,0.0011665,0.0011221,0.0014823,0.0014344,0.0014038,0.0010178,0.00091683,0.00098774,0.0010108,0.0014376,0.00135,0.0010122,0.0012404,0.0010254,0.0010228,0.00087418,0.00085444,0.0011272,0.0011451,0.0013347,0.0012146,1074300.0,1105700.0,792270.0,4276700.0,2284500.0,1150800.0,5856800.0,1513400.0,1879800.0,3242500.0,2966100.0,734830.0,5652900.0,1298400.0,4052200.0,2459600.0,5070500.0,4091400.0,1340500.0,3371900.0,2502600.0,3347400.0,11704000.0,958350.0,6311800.0,749460.0,9101500.0,1591900.0,1841400.0,815570.0,3232100.0,1680500.0,5814300.0,23940000.0,2520900.0,2724900.0,4347000.0,1235900.0,1513400.0,1646200.0,2062700.0,1057700.0,2058300.0,1019200.0,7475600.0,2433400.0,1825600.0,1494000.0,2274900.0,15971000.0,952090.0,7278300.0,3995200.0,706940.0,3910700.0,1079100.0,2657700.0,17679000.0,32102000.0,2373200.0,1720700.0,1532600.0,2840700.0,1036400.0,1926200.0,3409900.0,803840.0,2871900.0,1940600.0,3915400.0,2755300.0,1446400.0,1119200.0,15048000.0,5077600.0,1340600.0,3613400.0,1673300.0,965090.0,2573300.0,3702600.0,1313000.0,893150.0,2116300.0,873820.0,1861100.0,2850800.0,4950200.0,4191200.0,2338500.0,5694300.0,1300700.0,9352900.0,4677300.0,1017700.0,1694700.0,903640.0,1769700.0,3509900.0,9918500.0,1730700.0,16523000.0,1417300.0,9919600.0,1633600.0,3256300.0,1272900.0,1628100.0,12535000.0,5115100.0,2157200.0,3869300.0,2389200.0,1225800.0,656170.0,3373000.0,11659000.0,2413800.0,1291100.0,778800.0,1922000.0,735100.0,1193700.0,2218700.0,8786700.0,4156700.0,2627900.0,3087700.0,2361300.0,1498700.0,773560.0,10411000.0,2404500.0,3548600.0,2073400.0,1371700.0,1031900.0,2014200.0,1052000.0,2853800.0,3921600.0,1159600.0,1477000.0,2103000.0,1521000.0,2210500.0,2422200.0,877170.0,6912100.0,1513500.0,9390500.0,6180200.0,809830.0,10291000.0,814480.0,1274500.0,19279000.0,683650.0,12167000.0,721740.0,5575100.0,3693400.0,3817200.0,2647300.0,5252900.0,4116200.0,4227600.0,964530.0,4135000.0,1638700.0,6369200.0,1506700.0,7610900.0,1080700.0,744550.0,4005200.0,2996600.0,1988300.0,8411500.0,2288700.0,948280.0,1205600.0,3671000.0,3568300.0,1940100.0,1475700.0,747540.0,6807100.0,5275200.0,2336700.0,637470.0,17726000.0,3323000.0,5257900.0,1142200.0,18258000.0,5431600.0,1100100.0,8580600.0,1353300.0,1434500.0,3992400.0,5297000.0,799330.0,1639500.0,973680.0,1778500.0,1568200.0,1456500.0,7851700.0,2342100.0,1425100.0,12280000.0,2793800.0,1238000.0,1263500.0,3260300.0,951930.0,4669600.0,1133200.0,1854600.0,8075300.0,4435100.0,696550.0,1421900.0,10018000.0,5258300.0,5069200.0,15394000.0,3001700.0,1931800.0,2342400.0,2994600.0,3189800.0,1882600.0,1749500.0,2275100.0,1499400.0,7215800.0,652060.0,3656200.0,8296200.0,8910100.0,1863600.0,5378600.0,4029700.0,5011000.0,864140.0,1139900.0,5361500.0,1551600.0,6587500.0,3485200.0,7122400.0,1970700.0,1638700.0,1591200.0,1087700.0,1106100.0,2208100.0,945990.0,5091800.0,3371700.0,4404800.0,3356800.0,2894200.0,2745600.0,15584000.0,14989000.0,6042000.0,4601000.0,2807600.0,6148400.0,3762100.0,1781300.0,2740300.0,1353800.0,4824200.0,3044800.0,1.5319,1.8512,4.168,2.2323,2.4731,3.6652,1.2767,2.233,4.2236,1.2137,1.9893,4.2227,2.4822,2.6639,4.3137,0.79684,2.0627,4.2187,1.6144,2.5119,3.8847,3.0612,2.8448,5.8598,1.2067,2.017,4.2119,1.7272,1.7182,4.2469,1.2807,2.2536,4.2536,0.7781,2.0452,4.2107,2.9197,2.8423,4.6123,5.6288,2.7627,1.4133,1.2391,2.8313,3.6207,0.88654,2.1565,3.0077,2.5366,2.1145,4.5082,1.4645,1.6814,3.8972,0.68239,2.635,3.8783,1.9377,1.808,3.506,1.1535,2.406,3.1781,0.33497,2.2897,3.5277,1.8215,1.6467,3.3971,2.0558,2.7365,4.2795,1.8541,1.6475,3.3769,1.57,1.6523,3.949,0.35337,2.1682,3.1546,2.0647,2.407,4.4674,1.4812,1.6912,3.2421,0.87199,1.9209,2.7616,3.1577,2.8405,5.9497,1.9518,1.7914,3.4939,0.92082,2.7174,2.9004,1.7359,2.5892,4.0024,0.69092,1.8961,2.7586,1.0926,2.4268,3.1099,1.9213,1.9288,4.4944,1.7709,1.6596,3.8907,0.5684,2.1786,3.8259,1.2908,2.5085,3.8347,0.99186,2.1171,3.223,2.5695,2.3288,4.3339,2.0285,2.1959,4.7115,1.5124,1.6617,3.9219,1.8863,1.967,4.487,1.471,2.1887,3.2526,0.82609,2.1875,3.0935,2.4494,2.4294,4.3598,1.9752,2.5519,4.8575,1.9319,2.6106,4.8371,2.5617,2.3251,4.3179,1.2784,2.512,3.9086,1.7739,2.2896,4.354,2.3702,3.0137,4.2537,0.59162,2.4247,2.5739,1.4514,2.031,4.5987,1.9739,3.0359,3.8607,0.29044,2.3816,3.3789,1.6915,1.6201,4.0797,0.78254,2.1435,3.0638,2.2593,2.3002,4.6872,0.59736,2.4776,3.0813,0.88162,2.1977,3.2056,0.049832,2.8958,1.7995,2.01,2.1231,4.6063,2.5352,2.3651,4.2689,2.3837,2.3047,5.1422,2.0137,2.7173,4.1983,1.127,1.8456,3.9973,4.5692,2.8749,0.61097,0.81785,2.1741,3.005,1.4362,2.114,4.2732,1.1488,2.1757,3.5313,2.1283,2.6858,4.3898,1.6397,1.5867,4.1471,1.1679,2.5378,3.0826,0.75274,2.4577,3.7454,2.1679,1.8574,3.6914,1.4713,2.5055,3.4796,1.4596,2.5932,3.5576,1.4961,1.6434,4.2799,1.9914,2.7151,4.5052,2.0663,2.7174,4.6125,3.3458,2.8232,6.0998,1.6982,1.6235,4.1902,1.8175,1.9633,3.4078,2.3656,2.9636,5.2551,1.1912,2.5594,3.0638,2.6829,2.4196,5.0094,0.97505,2.6518,4.1542,1.4886,2.4845,3.5223,0.99289,1.9221,4.0963,1.7459,1.6199,4.0723,1.8569,1.926,3.399,6.0553,2.9064,2.8784,2.9071,2.244,4.6416,1.4366,1.9545,4.3069,1.1646,2.599,3.3522,1.4527,2.4546,3.3851,1.7294,1.9266,3.6795,1.987,2.4344,4.0426,1.0996,2.3395,3.2273,2.4626,1.9516,5.2532,1.0699,2.6402,3.2919,1.4279,2.5024,3.3612,0.21673,3.0268,3.2023,0.67473,1.8582,2.8328,1.6592,1.9978,4.5244,1.4842,1.8419,4.1852,5.3168,2.8516,1.6673,0.84798,2.1889,2.8912,0.91797,2.6743,4.1303,2.3297,2.5026,3.673,2.8127,2.3209,4.9511,2.9789,2.6168,4.569,2.0498,2.4223,4.5603,2.2571,2.1721,4.1858,0.7341,2.1434,3.3381,0.50595,2.4241,3.0226,0.56183,2.1957,3.8541,2.4854,2.4628,4.5518,0.77375,2.4132,2.9436,1.2968,1.5676,4.3522,1.6339,1.9692,3.4837,0.23851,2.6608,2.1188,3.4301,2.9407,0.25243,0.86977,2.3127,3.0373,1.638,1.6637,4.1246,1.6281,1.8624,3.2231,0.77039,2.3856,2.8682,2.1944,2.3178,4.9484,1.2458,2.5628,3.1587,1.1988,2.1623,3.5783,0.43912,2.0446,3.2873,1.7066,1.9454,3.4352,2.5724,2.0739,4.0811,2.0686,2.1406,4.9647,1.3588,1.7268,3.8384,0.75455,2.0005,2.775,2.091,2.1423,5.0303,2.2033,2.2582,4.5336,1.521,2.3946,3.9885,4.1545,2.9459,0.083275,1.8769,2.4511,4.0076,0.70399,1.9815,4.1349,1.2169,2.6234,4.2489,3.4247,2.8203,6.1052,1.6957,1.5734,3.2777,0.23538,2.352,3.3893,5.0034,2.9846,0.86845,0.4504,2.808,3.2545,1.1958,2.5308,3.0315,2.2243,2.1631,4.9825,1.5878,2.0791,4.4107,1.6291,1.6263,3.361,1.657,2.9348,3.304,0.68933,2.3714,2.8652,0.83985,2.4178,3.001,0.2407,2.6498,3.3498,1.8444,2.3964,4.2425,0.58843,2.4279,2.7728,1.0181,2.2842,3.6135,1.3083,1.7783,4.3116,0.24372,2.3351,3.4389,1.6614,1.5892,3.2778,0.72045,2.3587,2.8253,2.985,2.8635,6.0081,1.8251,2.5499,3.9928,2.0245,2.2129,4.6029,2.3396,2.6945,5.1484,1.6883,1.9609,3.8353,1.3811,1.7967,3.7309,2.2694,2.143,4.9947,1.4853,2.5956,3.9737,0.55484,3.0296,2.271,4.5145,2.9302,0.28746,1.3094,2.7954,4.2392,1.8962,1.9615,3.8933,1.2139,2.6596,2.809,0.21331,2.7938,2.8828,1.042,2.9086,4.1878,0.50141,2.4741,2.5902,0.80995,2.0233,2.8756,0.53093,2.4669,3.4029,1.7123,2.2053,4.3046,1.1582,2.7869,4.2838,0.66428,2.0135,3.0219,2.0631,1.8485,3.7496,1.345,1.8674,3.6881,2.3527,2.6516,4.8449,1.4712,1.5661,4.1946,1.3109,2.1411,3.2135,0.7002,2.0466,3.0371,0.6887,2.3183,2.6305,1.7623,2.3621,4.169,2.2963,2.6295,4.9299,0.60705,2.0402,2.9987,1.6856,1.7339,3.3068,0.79831,2.9987,2.5866,0.55196,2.5177,2.5941,3.1647,2.7369,6.1005,6.1948,2.8668,2.5886,4.2738,2.9283,6.2655,2.3843,2.3243,3.7427,1.3756,3.0646,4.29,1.2858,2.4145,3.4899,0.22144,3.1003,3.1132,2.3743,2.2065,3.7696,1.2932,1.847,3.6899,2.4108,2.3275,4.6033,2.6065,2.6782,4.1597,1.2666,2.7084,4.3369,1.757,1.9501,3.8496,1.1737,2.7666,3.7212,2.3708,2.3906,4.979,1.4745,2.6293,3.3408,2.1725,2.2483,4.0802,0.8275,1.9596,3.3852,2.418,2.3631,3.7934,2.3544,2.3724,3.7388,2.2514,1.9661,5.008,2.6494,2.2893,4.8179,2.3814,2.2385,3.7996,1.4184,1.6028,3.89,2.3878,2.6367,4.9451,1.8008,1.9497,3.878,0.81103,2.1294,4.0864,1.6003,1.8381,4.3118,2.3529,2.6191,4.9538,1.4544,2.3944,3.2584,5.8752,2.8471,2.1495,1.8633,1.7647,3.5159,1.9714,2.962,4.2406,2.0747,1.9743,4.8153,1.1487,2.6048,4.3338,1.9532,2.1499,4.9152,1.6423,1.7901,3.9468,1.6181,2.0067,3.3592,1.1099,2.7397,3.6755,0.99987,2.8443,3.8289,1.5088,2.4685,3.8938,1.1588,2.7197,3.684,1.7881,1.7701,4.0867,0.79197,2.4549,2.7974,1.8534,2.1083,4.3981,0.098438,2.7887,2.941,1.063,1.95,4.3099,0.97052,2.303,3.0567,1.6056,2.4032,4.5711,0.9983,2.0829,2.8334,0.77504,2.0074,2.7043,1.6605,1.7807,3.9503,0.89534,2.4483,2.8581,1.3433,1.5865,3.8396,2.7714,2.6023,4.6235,1.0619,2.1898,3.637,1.1611,2.7556,3.6757,1.9926,1.9928,4.4743,1.0404,1.9605,4.2483,1.8856,1.6463,3.4399,1.6963,2.4907,3.9827,2.2069,2.5453,4.8968,2.0899,2.3635,3.6369,1.2147,3.0628,3.4576,1.4189,1.4477,4.2466,0.67956,2.9858,3.6467,1.6393,1.7338,4.2386,0.7792,2.0012,2.7274,0.596,2.2126,4.0128,2.6323,2.5999,4.523,2.0079,2.1124,3.4465,1.3809,2.8996,3.5368,1.0854,2.2122,3.6248,2.5356,2.0217,4.4738,1.4988,1.7354,4.4207,1.6009,2.5883,3.5728,2.0667,2.2878,4.0651,2.7075,2.3289,4.9789,0.44541,2.5122,2.9385
0.11018,0.17432,0.0045294,226.76,242.02,201.62,0.0013032,0.0014811,0.0010101,208.37,222.8,218.23,214.49,202.02,188.26,233.82,221.6,253.19,216.37,240.42,253.33,202.45,216.11,215.51,256.68,215.16,235.1,196.64,185.24,304.72,220.87,190.48,232.0,194.34,260.05,238.99,292.37,165.84,248.25,209.95,208.87,158.49,228.04,246.66,311.82,242.75,194.16,265.43,313.39,282.94,184.26,235.89,182.66,252.67,238.66,271.35,258.2,300.36,260.68,251.95,238.1,297.1,296.5,288.57,241.26,270.94,209.18,211.05,327.03,282.97,294.34,334.69,180.95,241.7,226.43,184.69,212.69,281.89,234.5,253.23,216.31,249.87,270.11,218.86,208.88,240.55,261.13,295.17,261.8,227.5,281.09,259.55,226.87,286.75,156.53,238.88,217.76,222.18,249.43,275.45,248.5,241.34,247.45,206.17,240.97,239.0,321.54,244.98,236.0,267.64,295.67,326.51,242.56,297.62,302.68,354.84,271.45,222.68,280.08,303.03,227.63,271.13,257.26,234.5,303.34,257.99,294.13,313.23,301.8,223.63,284.5,282.39,249.24,247.97,235.41,353.78,219.98,330.08,339.9,331.69,251.55,309.54,229.25,235.55,411.09,243.52,282.9,299.28,270.66,262.45,249.76,284.28,334.87,243.35,248.71,324.71,210.86,238.93,260.38,222.45,248.21,306.43,236.96,160.32,241.85,320.67,287.91,284.77,358.99,208.72,251.88,192.21,172.61,223.82,267.82,205.02,291.28,234.78,213.02,247.8,223.27,250.39,173.15,259.36,248.47,236.9,223.49,216.46,292.3,206.37,275.2,355.54,245.08,252.66,239.44,303.1,254.3,234.34,275.91,311.59,249.36,260.93,257.7,271.91,284.74,246.05,304.02,222.13,238.35,242.07,266.35,241.83,255.13,249.49,289.47,246.44,224.46,263.64,275.22,242.54,187.23,203.69,241.32,300.88,221.89,222.69,283.25,224.94,245.2,252.48,239.33,244.5,269.14,267.52,200.18,251.67,206.3,261.37,218.62,235.75,184.0,259.15,261.87,172.2,265.62,217.65,173.71,250.07,185.69,219.59,252.06,190.0,231.87,243.59,197.04,239.66,242.26,229.09,188.95,238.49,207.04,227.86,226.38,167.78,270.14,271.36,208.77,173.36,203.04,268.66,233.37,234.8,223.96,149.68,160.66,202.33,240.86,229.43,218.04,221.75,210.81,190.95,171.36,183.44,229.69,213.25,242.93,219.76,0.00079261,0.0010602,0.0010481,0.0011235,0.0010077,0.0009619,0.0012281,0.00095196,0.0012675,0.0010319,0.0012703,0.0014035,0.0010606,0.0011642,0.0010568,0.0015218,0.0012269,0.0012826,0.0012725,0.0011323,0.0017658,0.0014491,0.0011873,0.001547,0.0013368,0.001583,0.0013603,0.001706,0.0012323,0.0016404,0.0012708,0.0012956,0.0010973,0.0012955,0.0015027,0.0018358,0.0014608,0.001327,0.0016264,0.0017174,0.0015064,0.0010976,0.0015157,0.001312,0.0014961,0.001497,0.0016252,0.0014386,0.001718,0.0015405,0.0012559,0.0014593,0.0018018,0.0015849,0.0017091,0.0015186,0.0015768,0.0012434,0.0014839,0.0019489,0.0018621,0.0017327,0.0018789,0.0013331,0.0016586,0.0014263,0.0013675,0.0015728,0.0017133,0.0014754,0.001726,0.0014753,0.0014694,0.0016871,0.0014992,0.0014116,0.00145,0.0016471,0.0018441,0.0017533,0.0015634,0.0018775,0.0017117,0.0013898,0.0015553,0.0012497,0.0012741,0.0015499,0.0014565,0.0015539,0.0016929,0.0014593,0.0015677,0.0016248,0.0013162,0.0015682,0.0014984,0.0020043,0.0015919,0.0015204,0.0014108,0.0017746,0.0020347,0.0014633,0.0018679,0.0013441,0.0019749,0.0017327,0.0015682,0.0016375,0.0018875,0.0015887,0.0016964,0.0015659,0.0015478,0.0018397,0.0016561,0.0017797,0.0018709,0.0015451,0.0015443,0.0017959,0.0016585,0.0017671,0.001539,0.0011277,0.0021275,0.0015618,0.0014869,0.002059,0.002058,0.0016719,0.0018852,0.001475,0.0015715,0.0018568,0.0017023,0.0016814,0.0018225,0.0016741,0.0016759,0.0016234,0.0015378,0.001938,0.0017066,0.0013364,0.0017632,0.0012505,0.0014051,0.0014472,0.0014373,0.0016423,0.0017355,0.0015359,0.0012138,0.001394,0.0018911,0.0018096,0.0013113,0.0020125,0.0013295,0.0015726,0.0013538,0.001326,0.001413,0.0016101,0.0014559,0.0017675,0.0015641,0.0014891,0.0016276,0.001285,0.0016293,0.0013931,0.0016233,0.0015545,0.0017023,0.0015292,0.0013962,0.0016492,0.0013596,0.0016682,0.0020386,0.0016063,0.0016174,0.0016847,0.0017524,0.0015722,0.0015596,0.0015967,0.0016404,0.0016328,0.0015942,0.0016556,0.0019212,0.0017278,0.0015723,0.00093645,0.0015583,0.001489,0.001582,0.0016536,0.0015505,0.0016467,0.0014907,0.0020217,0.0015117,0.0015481,0.001608,0.0015182,0.0014996,0.0013286,0.0013964,0.0014513,0.0018122,0.0014922,0.0014773,0.0016052,0.0014289,0.0015967,0.0015775,0.0014894,0.0014913,0.0015518,0.0016361,0.0013439,0.0015901,0.001372,0.0015397,0.0014854,0.0013486,0.0012427,0.0014444,0.0016368,0.0012107,0.0015745,0.0013049,0.0013468,0.0015218,0.0012269,0.0014167,0.0015078,0.0013141,0.0014035,0.0014528,0.0011344,0.0014269,0.0014164,0.0014409,0.0012488,0.0014991,0.001287,0.0014259,0.0013096,0.00096753,0.001424,0.0015064,0.0011656,0.0011672,0.0011238,0.001485,0.0014369,0.0014054,0.0010187,0.00091762,0.00098871,0.0010115,0.0014397,0.0013518,0.0010128,0.0012411,0.0010257,0.0010227,0.00087417,0.00085454,0.0011278,0.0011461,0.0013368,0.0012154,1074300.0,1105700.0,792270.0,4276700.0,2284500.0,1150800.0,5856800.0,1513400.0,1879800.0,3242500.0,2966100.0,734830.0,5652900.0,1298400.0,4052200.0,2459600.0,5070500.0,4091400.0,1340500.0,3371900.0,2502600.0,3347400.0,11704000.0,958350.0,6311800.0,749460.0,9101500.0,1591900.0,1841400.0,815570.0,3232100.0,1680500.0,5814300.0,23940000.0,2520900.0,2724900.0,4347000.0,1235900.0,1513400.0,1646200.0,2062700.0,1057700.0,2058300.0,1019200.0,7475600.0,2433400.0,1825600.0,1494000.0,2274900.0,15971000.0,952090.0,7278300.0,3995200.0,706940.0,3910700.0,1079100.0,2657700.0,17679000.0,32102000.0,2373200.0,1720700.0,1532600.0,2840700.0,1036400.0,1926200.0,3409900.0,803840.0,2871900.0,1940600.0,3915400.0,2755300.0,1446400.0,1119200.0,15048000.0,5077600.0,1340600.0,3613400.0,1673300.0,965090.0,2573300.0,3702600.0,1313000.0,893150.0,2116300.0,873820.0,1861100.0,2850800.0,4950200.0,4191200.0,2338500.0,5694300.0,1300700.0,9352900.0,4677300.0,1017700.0,1694700.0,903640.0,1769700.0,3509900.0,9918500.0,1730700.0,16523000.0,1417300.0,9919600.0,1633600.0,3256300.0,1272900.0,1628100.0,12535000.0,5115100.0,2157200.0,3869300.0,2389200.0,1225800.0,656170.0,3373000.0,11659000.0,2413800.0,1291100.0,778800.0,1922000.0,735100.0,1193700.0,2218700.0,8786700.0,4156700.0,2627900.0,3087700.0,2361300.0,1498700.0,773560.0,10411000.0,2404500.0,3548600.0,2073400.0,1371700.0,1031900.0,2014200.0,1052000.0,2853800.0,3921600.0,1159600.0,1477000.0,2103000.0,1521000.0,2210500.0,2422200.0,877170.0,6912100.0,1513500.0,9390500.0,6180200.0,809830.0,10291000.0,814480.0,1274500.0,19279000.0,683650.0,12167000.0,721740.0,5575100.0,3693400.0,3817200.0,2647300.0,5252900.0,4116200.0,4227600.0,964530.0,4135000.0,1638700.0,6369200.0,1506700.0,7610900.0,1080700.0,744550.0,4005200.0,2996600.0,1988300.0,8411500.0,2288700.0,948280.0,1205600.0,3671000.0,3568300.0,1940100.0,1475700.0,747540.0,6807100.0,5275200.0,2336700.0,637470.0,17726000.0,3323000.0,5257900.0,1142200.0,18258000.0,5431600.0,1100100.0,8580600.0,1353300.0,1434500.0,3992400.0,5297000.0,799330.0,1639500.0,973680.0,1778500.0,1568200.0,1456500.0,7851700.0,2342100.0,1425100.0,12280000.0,2793800.0,1238000.0,1263500.0,3260300.0,951930.0,4669600.0,1133200.0,1854600.0,8075300.0,4435100.0,696550.0,1421900.0,10018000.0,5258300.0,5069200.0,15394000.0,3001700.0,1931800.0,2342400.0,2994600.0,3189800.0,1882600.0,1749500.0,2275100.0,1499400.0,7215800.0,652060.0,3656200.0,8296200.0,8910100.0,1863600.0,5378600.0,4029700.0,5011000.0,864140.0,1139900.0,5361500.0,1551600.0,6587500.0,3485200.0,7122400.0,1970700.0,1638700.0,1591200.0,1087700.0,1106100.0,2208100.0,945990.0,5091800.0,3371700.0,4404800.0,3356800.0,2894200.0,2745600.0,15584000.0,14989000.0,6042000.0,4601000.0,2807600.0,6148400.0,3762100.0,1781300.0,2740300.0,1353800.0,4824200.0,3044800.0,1.532,1.8514,4.1679,2.2324,2.4732,3.6652,1.2767,2.2332,4.2236,1.2135,1.9893,4.2225,2.482,2.6639,4.3139,0.79607,2.0628,4.2187,1.6157,2.5123,3.8846,3.0618,2.8448,5.8601,1.2063,2.0173,4.2116,1.7269,1.7182,4.2468,1.2809,2.2541,4.2541,0.77706,2.045,4.2107,2.9197,2.8424,4.6134,5.6276,2.7625,1.4123,1.2394,2.8311,3.6208,0.88553,2.1566,3.0074,2.5374,2.1156,4.5092,1.4644,1.6814,3.8971,0.6831,2.636,3.8783,1.9368,1.8086,3.5065,1.1545,2.4055,3.1796,0.33567,2.2897,3.5271,1.822,1.6463,3.3973,2.0553,2.7352,4.278,1.855,1.6473,3.3767,1.5714,1.652,3.9495,0.35294,2.1687,3.1539,2.0656,2.4077,4.4687,1.4817,1.6915,3.2427,0.87249,1.9214,2.7615,3.1595,2.8404,5.9513,1.9513,1.792,3.4943,0.91974,2.7176,2.9006,1.7348,2.5894,4.0024,0.69174,1.8963,2.7582,1.0927,2.4265,3.1106,1.9216,1.9288,4.4944,1.7717,1.6593,3.8907,0.56943,2.1781,3.8274,1.2925,2.5095,3.8357,0.9917,2.1179,3.222,2.5703,2.3296,4.3347,2.0278,2.1963,4.7121,1.5127,1.6614,3.9221,1.8863,1.9676,4.4869,1.4713,2.189,3.2522,0.82571,2.1888,3.092,2.4494,2.4302,4.3602,1.9756,2.5512,4.8569,1.9318,2.6109,4.8364,2.5621,2.3257,4.3186,1.2782,2.5123,3.9077,1.7749,2.2903,4.3549,2.3723,3.0131,4.2553,0.59281,2.4239,2.5755,1.4501,2.0307,4.5986,1.9723,3.0354,3.8586,0.28992,2.3814,3.3785,1.6916,1.6199,4.0796,0.78333,2.1449,3.0635,2.2595,2.3004,4.6876,0.59689,2.4758,3.0823,0.87897,2.1992,3.2038,0.048745,2.8958,1.7979,2.0102,2.1247,4.6069,2.5349,2.3664,4.2694,2.3806,2.3046,5.1423,2.012,2.716,4.1959,1.1269,1.8452,3.9981,4.5674,2.8725,0.61285,0.81589,2.1747,3.0039,1.4372,2.1144,4.2734,1.1496,2.1768,3.5318,2.1259,2.6846,4.3873,1.6389,1.5864,4.147,1.1683,2.5376,3.0833,0.75268,2.4583,3.7452,2.1692,1.8565,3.691,1.4693,2.5064,3.4796,1.4558,2.5937,3.5564,1.4931,1.643,4.2798,1.989,2.7137,4.5035,2.0644,2.7162,4.612,3.3463,2.8235,6.1007,1.6982,1.6237,4.1904,1.8184,1.9627,3.4075,2.3683,2.9638,5.259,1.1915,2.5599,3.0633,2.6831,2.4191,5.0097,0.97474,2.6526,4.1556,1.4865,2.4851,3.5229,0.99001,1.9227,4.097,1.7473,1.6201,4.072,1.8596,1.926,3.3986,6.0524,2.906,2.8767,2.9073,2.2434,4.6426,1.4378,1.9542,4.3084,1.1626,2.5978,3.3521,1.4521,2.4549,3.3854,1.7281,1.9256,3.679,1.9877,2.4353,4.0436,1.0992,2.3403,3.2279,2.4623,1.9503,5.2546,1.067,2.6394,3.2914,1.4269,2.5036,3.361,0.21757,3.0274,3.2022,0.67403,1.8593,2.8316,1.6586,1.9967,4.526,1.4842,1.8413,4.1859,5.3132,2.8501,1.6644,0.84819,2.1897,2.8924,0.9177,2.6753,4.1318,2.3311,2.5013,3.6729,2.8175,2.3199,4.9517,2.9809,2.6161,4.5698,2.0493,2.4215,4.5611,2.2542,2.1734,4.1854,0.73342,2.1456,3.3381,0.50879,2.4238,3.0236,0.56208,2.1967,3.8552,2.4863,2.4619,4.5533,0.77238,2.4134,2.943,1.2973,1.5673,4.353,1.6321,1.9683,3.4845,0.24153,2.6606,2.1203,3.4304,2.9405,0.2543,0.87035,2.3111,3.0391,1.6374,1.664,4.1254,1.6296,1.8633,3.2242,0.77041,2.3846,2.8681,2.1946,2.317,4.9482,1.248,2.5632,3.16,1.2007,2.164,3.5798,0.43717,2.0458,3.2879,1.7067,1.9443,3.4352,2.5742,2.0736,4.0812,2.0677,2.1408,4.9645,1.3598,1.7262,3.8388,0.75519,2.0011,2.7756,2.0902,2.1419,5.0313,2.2016,2.2591,4.5341,1.5203,2.396,3.9891,4.1524,2.9447,0.080867,1.8759,2.4524,4.0078,0.70209,1.9816,4.1355,1.2171,2.6235,4.2488,3.4224,2.8197,6.1049,1.6969,1.5731,3.2778,0.2356,2.3527,3.3891,4.9999,2.9855,0.86355,0.44929,2.8083,3.2554,1.195,2.531,3.0327,2.2259,2.1642,4.9833,1.5895,2.0786,4.4117,1.6303,1.6262,3.3619,1.6617,2.9349,3.3045,0.69177,2.3704,2.8669,0.83897,2.417,3.0014,0.24128,2.6503,3.3503,1.8488,2.3982,4.244,0.59063,2.4277,2.7736,1.0178,2.2858,3.6129,1.3075,1.7779,4.3119,0.24322,2.3357,3.4396,1.6632,1.589,3.2779,0.72392,2.3576,2.8265,2.984,2.8633,6.0088,1.8223,2.549,3.9921,2.0248,2.2133,4.6031,2.336,2.6934,5.1466,1.6857,1.9608,3.8346,1.3821,1.7962,3.7314,2.2707,2.1429,4.9948,1.4862,2.5949,3.973,0.55247,3.0291,2.2668,4.5129,2.9295,0.28667,1.3113,2.7969,4.2384,1.8962,1.9618,3.8934,1.2136,2.66,2.8081,0.21109,2.7938,2.8818,1.0431,2.9088,4.1882,0.50089,2.4734,2.5905,0.81202,2.0249,2.8744,0.53099,2.4676,3.4029,1.7143,2.2057,4.3054,1.1568,2.788,4.2826,0.66505,2.0144,3.0205,2.0645,1.8482,3.7488,1.3476,1.8677,3.6888,2.3512,2.6506,4.843,1.4726,1.5664,4.1947,1.31,2.1411,3.214,0.70104,2.0477,3.0363,0.69081,2.3169,2.6308,1.7636,2.3629,4.1695,2.2949,2.6284,4.9295,0.60685,2.0411,2.9973,1.6882,1.7353,3.3063,0.80049,2.9983,2.5874,0.55177,2.5178,2.5941,3.1674,2.7366,6.1033,6.1959,2.867,2.5904,4.2702,2.9275,6.2616,2.3847,2.323,3.7424,1.3796,3.0643,4.2958,1.2845,2.4158,3.4895,0.21461,3.1005,3.1079,2.3744,2.2061,3.7691,1.2936,1.847,3.6904,2.4106,2.3275,4.6039,2.6067,2.679,4.1615,1.2663,2.7086,4.3366,1.7553,1.9498,3.8489,1.1744,2.7662,3.722,2.37,2.3895,4.9777,1.473,2.6291,3.3416,2.1723,2.2493,4.08,0.82719,1.9601,3.3854,2.4184,2.3623,3.7936,2.3543,2.3718,3.7386,2.2524,1.967,5.0094,2.649,2.2893,4.8182,2.3817,2.2386,3.7995,1.4189,1.603,3.8907,2.3868,2.6357,4.9445,1.7997,1.9496,3.8776,0.81129,2.1293,4.0874,1.6001,1.8382,4.3124,2.3519,2.6178,4.9536,1.4542,2.3946,3.2583,5.8742,2.8465,2.1486,1.8634,1.7644,3.5162,1.9709,2.961,4.2394,2.0756,1.9747,4.816,1.1494,2.6052,4.3345,1.9543,2.15,4.9158,1.6426,1.79,3.9465,1.6184,2.0066,3.3587,1.111,2.7393,3.6766,1.0008,2.8444,3.829,1.5101,2.4691,3.8943,1.159,2.7188,3.6841,1.7875,1.7697,4.0866,0.79084,2.4548,2.7977,1.853,2.1088,4.3984,0.098675,2.7886,2.9422,1.0626,1.9499,4.3105,0.97079,2.3025,3.0572,1.6052,2.4033,4.5709,0.99848,2.0828,2.8334,0.77552,2.0075,2.7039,1.6611,1.7804,3.95,0.89496,2.4481,2.8592,1.3428,1.5865,3.8397,2.7714,2.6024,4.6233,1.0616,2.1906,3.6371,1.1615,2.755,3.6759,1.9929,1.9928,4.4743,1.0398,1.9605,4.2481,1.8861,1.6462,3.4398,1.6968,2.4908,3.9825,2.2079,2.5451,4.8964,2.0892,2.3633,3.6361,1.2147,3.0626,3.4578,1.4185,1.4476,4.2468,0.68023,2.9857,3.647,1.6394,1.7336,4.2387,0.77967,2.0012,2.7273,0.59506,2.2128,4.0136,2.6316,2.5998,4.5229,2.0081,2.1122,3.4466,1.3808,2.8993,3.5368,1.0854,2.2125,3.6247,2.5357,2.0221,4.4739,1.4989,1.7354,4.4207,1.6007,2.5883,3.5727,2.0668,2.2878,4.0651,2.7075,2.3284,4.9785,0.44544,2.512,2.9383
0.11242,0.17788,0.0045986,226.91,242.53,201.18,0.0013035,0.0014827,0.0010084,208.51,223.52,218.53,215.13,202.22,185.86,234.4,222.13,254.41,216.99,240.21,252.45,201.41,216.84,216.08,258.9,215.3,236.4,197.4,183.71,307.03,221.49,190.75,232.16,194.76,261.44,240.48,294.75,167.02,248.68,210.27,207.74,156.5,225.65,246.78,313.44,243.06,193.78,267.14,315.48,284.86,185.76,229.48,182.47,254.09,241.38,272.58,259.43,302.2,262.36,252.4,241.09,299.06,298.79,290.66,244.28,272.75,206.71,210.79,329.29,285.05,297.83,341.23,182.06,243.53,229.11,179.54,210.46,284.12,227.49,254.47,218.26,251.58,272.1,220.15,210.29,241.79,263.23,297.94,262.3,226.09,282.73,258.87,228.4,289.31,157.72,235.3,219.4,224.57,251.14,277.31,248.56,240.26,249.93,205.93,244.01,240.15,321.92,246.83,237.85,268.71,297.67,326.65,239.73,299.65,308.14,357.12,271.28,222.94,282.1,307.42,229.49,270.94,258.68,236.43,305.21,258.19,293.94,317.53,303.15,226.13,287.19,281.43,250.85,249.79,237.98,355.77,221.91,332.71,341.91,334.99,252.08,313.61,228.75,237.72,417.01,244.18,282.4,301.22,272.34,262.83,250.75,286.13,338.25,244.61,252.23,326.54,208.87,236.55,263.61,223.83,249.71,306.28,237.44,160.64,242.5,321.57,289.26,289.73,361.32,208.74,253.35,192.85,174.2,223.16,268.81,206.09,292.76,235.59,213.72,248.43,223.15,250.96,170.97,260.23,249.48,237.68,223.79,217.0,292.49,205.52,275.82,356.24,245.83,252.17,239.22,302.74,254.43,233.92,276.21,311.43,249.68,261.14,259.83,272.41,285.42,246.03,314.65,221.9,238.53,242.08,265.64,242.32,255.83,249.77,290.09,246.27,224.56,263.14,275.66,242.45,188.13,204.14,241.5,301.19,222.59,222.57,283.17,225.23,245.57,252.57,239.11,244.59,269.4,267.55,200.37,253.87,206.44,261.78,218.49,235.84,184.38,259.13,261.56,172.08,265.38,217.83,173.73,249.95,185.5,219.94,252.13,189.63,231.83,243.51,196.67,239.81,242.21,228.53,188.59,238.75,207.25,227.86,226.26,167.42,269.95,271.32,208.65,172.88,203.16,268.9,233.65,234.51,223.67,149.43,160.6,202.21,240.86,229.33,217.6,221.33,210.39,190.43,170.97,183.14,229.51,213.11,243.18,219.62,0.00079051,0.0010611,0.0010484,0.0011265,0.0010091,0.00094507,0.0012305,0.00095247,0.0012723,0.0010363,0.0012696,0.0013999,0.0010518,0.0011689,0.0010596,0.0015335,0.0012281,0.0012887,0.0012787,0.0011211,0.0017761,0.0014529,0.0011889,0.0015485,0.0013397,0.0015911,0.0013696,0.0017197,0.0012414,0.0016422,0.0012734,0.0012861,0.0010834,0.0012824,0.0015031,0.0018443,0.001465,0.0013226,0.0016352,0.0017274,0.001512,0.001104,0.0014823,0.0013131,0.001504,0.0015132,0.0016323,0.0014446,0.0017284,0.0015488,0.0012534,0.001469,0.001813,0.0015949,0.00172,0.0015292,0.0015867,0.0012045,0.0014824,0.0019616,0.0018722,0.0017484,0.0019095,0.001337,0.0016672,0.0014391,0.0013204,0.0015682,0.0017248,0.0014529,0.0017296,0.0014835,0.0014765,0.0016956,0.0015027,0.0014161,0.0014553,0.0016584,0.0018594,0.0017611,0.0015502,0.001894,0.0017167,0.0013926,0.0015593,0.0012553,0.0012316,0.0015597,0.0014647,0.0015653,0.0017042,0.0014573,0.0015495,0.0016382,0.001298,0.0015839,0.0015067,0.0020075,0.0016025,0.0015325,0.0014112,0.0017847,0.0020347,0.001444,0.0018777,0.0013713,0.0019888,0.0017342,0.0015694,0.0016487,0.0019104,0.0016001,0.0016811,0.0015752,0.0015564,0.0018514,0.0016579,0.0017786,0.001882,0.0015484,0.0015529,0.0018072,0.001644,0.0017802,0.0015406,0.0011381,0.0021353,0.0015747,0.0015065,0.0020659,0.0020769,0.0016745,0.0019007,0.0014776,0.0015846,0.0018809,0.0017038,0.0016709,0.0018327,0.0016789,0.0016777,0.0016298,0.001547,0.0019616,0.0017147,0.0013417,0.0017773,0.0012323,0.0013666,0.0014594,0.0014467,0.0016521,0.0017222,0.0015407,0.0012149,0.0013884,0.0018975,0.0018184,0.0013299,0.0020194,0.0013294,0.0015817,0.0013591,0.0013328,0.0013985,0.0016142,0.0014638,0.0017763,0.0015685,0.0014943,0.0016341,0.0012866,0.0016326,0.001377,0.0016301,0.0015606,0.0017068,0.0015286,0.0013986,0.0016508,0.0013561,0.0016709,0.0020441,0.0016108,0.0016169,0.0016846,0.0017528,0.0015738,0.00156,0.0015987,0.0016399,0.0016348,0.0015965,0.001666,0.001924,0.0017324,0.0015732,0.00096957,0.0015578,0.0014899,0.0015845,0.0016558,0.001554,0.0016506,0.0014932,0.0020249,0.0015108,0.0015494,0.0016068,0.0015203,0.0014999,0.0013326,0.0013998,0.0014522,0.001814,0.001493,0.0014772,0.0016032,0.00143,0.0015982,0.0015787,0.0014889,0.0014916,0.0015535,0.0016365,0.0013454,0.0016021,0.0013732,0.0015423,0.0014833,0.0013486,0.0012446,0.0014436,0.0016362,0.0012095,0.0015737,0.0013048,0.0013472,0.0015215,0.0012255,0.001419,0.0015086,0.001313,0.0014022,0.0014519,0.0011331,0.001428,0.001415,0.0014376,0.0012461,0.0015005,0.0012878,0.0014254,0.0013087,0.00096473,0.0014234,0.0015067,0.0011643,0.0011649,0.0011237,0.0014857,0.0014381,0.0014037,0.0010168,0.00091596,0.0009877,0.0010099,0.0014394,0.0013507,0.0010103,0.0012388,0.001023,0.0010194,0.00087141,0.00085208,0.0011261,0.001145,0.0013376,0.0012145,1074300.0,1105700.0,792270.0,4276700.0,2284500.0,1150800.0,5856800.0,1513400.0,1879800.0,3242500.0,2966100.0,734830.0,5652900.0,1298400.0,4052200.0,2459600.0,5070500.0,4091400.0,1340500.0,3371900.0,2502600.0,3347400.0,11704000.0,958350.0,6311800.0,749460.0,9101500.0,1591900.0,1841400.0,815570.0,3232100.0,1680500.0,5814300.0,23940000.0,2520900.0,2724900.0,4347000.0,1235900.0,1513400.0,1646200.0,2062700.0,1057700.0,2058300.0,1019200.0,7475600.0,2433400.0,1825600.0,1494000.0,2274900.0,15971000.0,952090.0,7278300.0,3995200.0,706940.0,3910700.0,1079100.0,2657700.0,17679000.0,32102000.0,2373200.0,1720700.0,1532600.0,2840700.0,1036400.0,1926200.0,3409900.0,803840.0,2871900.0,1940600.0,3915400.0,2755300.0,1446400.0,1119200.0,15048000.0,5077600.0,1340600.0,3613400.0,1673300.0,965090.0,2573300.0,3702600.0,1313000.0,893150.0,2116300.0,873820.0,1861100.0,2850800.0,4950200.0,4191200.0,2338500.0,5694300.0,1300700.0,9352900.0,4677300.0,1017700.0,1694700.0,903640.0,1769700.0,3509900.0,9918500.0,1730700.0,16523000.0,1417300.0,9919600.0,1633600.0,3256300.0,1272900.0,1628100.0,12535000.0,5115100.0,2157200.0,3869300.0,2389200.0,1225800.0,656170.0,3373000.0,11659000.0,2413800.0,1291100.0,778800.0,1922000.0,735100.0,1193700.0,2218700.0,8786700.0,4156700.0,2627900.0,3087700.0,2361300.0,1498700.0,773560.0,10411000.0,2404500.0,3548600.0,2073400.0,1371700.0,1031900.0,2014200.0,1052000.0,2853800.0,3921600.0,1159600.0,1477000.0,2103000.0,1521000.0,2210500.0,2422200.0,877170.0,6912100.0,1513500.0,9390500.0,6180200.0,809830.0,10291000.0,814480.0,1274500.0,19279000.0,683650.0,12167000.0,721740.0,5575100.0,3693400.0,3817200.0,2647300.0,5252900.0,4116200.0,4227600.0,964530.0,4135000.0,1638700.0,6369200.0,1506700.0,7610900.0,1080700.0,744550.0,4005200.0,2996600.0,1988300.0,8411500.0,2288700.0,948280.0,1205600.0,3671000.0,3568300.0,1940100.0,1475700.0,747540.0,6807100.0,5275200.0,2336700.0,637470.0,17726000.0,3323000.0,5257900.0,1142200.0,18258000.0,5431600.0,1100100.0,8580600.0,1353300.0,1434500.0,3992400.0,5297000.0,799330.0,1639500.0,973680.0,1778500.0,1568200.0,1456500.0,7851700.0,2342100.0,1425100.0,12280000.0,2793800.0,1238000.0,1263500.0,3260300.0,951930.0,4669600.0,1133200.0,1854600.0,8075300.0,4435100.0,696550.0,1421900.0,10018000.0,5258300.0,5069200.0,15394000.0,3001700.0,1931800.0,2342400.0,2994600.0,3189800.0,1882600.0,1749500.0,2275100.0,1499400.0,7215800.0,652060.0,3656200.0,8296200.0,8910100.0,1863600.0,5378600.0,4029700.0,5011000.0,864140.0,1139900.0,5361500.0,1551600.0,6587500.0,3485200.0,7122400.0,1970700.0,1638700.0,1591200.0,1087700.0,1106100.0,2208100.0,945990.0,5091800.0,3371700.0,4404800.0,3356800.0,2894200.0,2745600.0,15584000.0,14989000.0,6042000.0,4601000.0,2807600.0,6148400.0,3762100.0,1781300.0,2740300.0,1353800.0,4824200.0,3044800.0,1.5323,1.8516,4.1678,2.2326,2.4734,3.6652,1.2767,2.2333,4.2236,1.2131,1.9893,4.2222,2.4817,2.6639,4.3142,0.79496,2.0628,4.2187,1.6176,2.5128,3.8843,3.0627,2.8448,5.8605,1.2057,2.0178,4.211,1.7264,1.7181,4.2467,1.2812,2.2548,4.2548,0.77557,2.0446,4.2107,2.9197,2.8424,4.6149,5.6256,2.7621,1.4109,1.2398,2.8307,3.621,0.88404,2.1568,3.0071,2.5385,2.1173,4.5109,1.4644,1.6813,3.897,0.68423,2.6376,3.8785,1.9355,1.8095,3.5073,1.1562,2.4047,3.1818,0.33674,2.2897,3.5261,1.8229,1.6458,3.3976,2.0546,2.7333,4.2758,1.8563,1.6469,3.3766,1.5734,1.6513,3.9504,0.35235,2.1693,3.1529,2.0671,2.4089,4.4706,1.4825,1.692,3.2437,0.87327,1.9221,2.7613,3.1621,2.8404,5.9535,1.9507,1.793,3.4949,0.91815,2.7179,2.9009,1.7334,2.5897,4.0023,0.693,1.8965,2.7577,1.093,2.426,3.1116,1.9221,1.9288,4.4944,1.7729,1.6589,3.8907,0.57101,2.1772,3.8297,1.295,2.5111,3.8373,0.99149,2.119,3.2205,2.5717,2.3308,4.3359,2.0268,2.197,4.713,1.5132,1.6609,3.9222,1.8862,1.9686,4.4867,1.4719,2.1894,3.2515,0.82512,2.1907,3.0897,2.4495,2.4315,4.3609,1.9761,2.5502,4.856,1.9316,2.6113,4.8352,2.5626,2.3265,4.3197,1.278,2.5126,3.9062,1.7766,2.2913,4.3561,2.3754,3.0121,4.2576,0.59457,2.4228,2.5779,1.4481,2.0303,4.5985,1.97,3.0346,3.8554,0.28921,2.3812,3.3779,1.6917,1.6198,4.0796,0.78443,2.147,3.0631,2.2599,2.3007,4.6883,0.59615,2.473,3.0839,0.87473,2.2015,3.2012,0.046989,2.8959,1.7956,2.0104,2.1271,4.6079,2.5343,2.3683,4.2702,2.3761,2.3044,5.1425,2.0095,2.714,4.1926,1.1267,1.8447,3.9995,4.5641,2.8692,0.61551,0.81282,2.1757,3.0023,1.4386,2.115,4.2738,1.1506,2.1784,3.5326,2.1222,2.6828,4.3835,1.6376,1.586,4.1468,1.1689,2.5374,3.0843,0.75259,2.4593,3.7448,2.1711,1.8552,3.6904,1.4662,2.5079,3.4797,1.45,2.5945,3.5546,1.4883,1.6424,4.2798,1.9854,2.7115,4.501,2.0615,2.7143,4.6115,3.3473,2.8238,6.1021,1.6982,1.6239,4.1908,1.8197,1.9619,3.4071,2.3729,2.9642,5.2654,1.1918,2.5608,3.0625,2.6835,2.4184,5.0101,0.97419,2.6537,4.1576,1.4833,2.486,3.5239,0.98587,1.9235,4.0982,1.7494,1.6204,4.0716,1.8635,1.926,3.398,6.0486,2.9055,2.8745,2.9076,2.2426,4.6441,1.4395,1.9538,4.3105,1.1596,2.5962,3.352,1.4512,2.4554,3.3859,1.7262,1.924,3.6781,1.9887,2.4366,4.0452,1.0987,2.3413,3.2287,2.462,1.9483,5.2567,1.0627,2.6384,3.2908,1.4253,2.5054,3.3606,0.21855,3.0282,3.2019,0.67288,1.861,2.8297,1.6577,1.9951,4.5282,1.4843,1.8403,4.187,5.308,2.8478,1.6601,0.84847,2.1908,2.8943,0.91725,2.6767,4.1342,2.3332,2.4994,3.6725,2.8243,2.3185,4.9526,2.9839,2.615,4.571,2.0486,2.4202,4.5623,2.2497,2.1751,4.1847,0.73236,2.1488,3.3382,0.51315,2.4234,3.0251,0.56245,2.1983,3.8567,2.4876,2.4606,4.5555,0.77022,2.4138,2.9421,1.2978,1.567,4.3541,1.6293,1.967,3.4858,0.24616,2.6603,2.1227,3.4305,2.9402,0.25683,0.87118,2.3087,3.0416,1.6364,1.6645,4.1266,1.6316,1.8647,3.2258,0.77049,2.3831,2.868,2.1948,2.3157,4.9479,1.2513,2.5639,3.1619,1.2037,2.1665,3.5822,0.43422,2.0477,3.2887,1.7069,1.9425,3.4352,2.5766,2.0729,4.0814,2.0664,2.1411,4.9642,1.3612,1.7253,3.8395,0.75611,2.0019,2.7765,2.0889,2.1414,5.0329,2.1992,2.2604,4.5349,1.5192,2.3982,3.9899,4.1491,2.9429,0.077141,1.8745,2.4543,4.0082,0.69923,1.9817,4.1363,1.2174,2.6236,4.2487,3.4187,2.8187,6.1043,1.6985,1.5726,3.2779,0.23611,2.3539,3.3889,4.9945,2.9868,0.85622,0.44775,2.8087,3.2569,1.1939,2.5314,3.0345,2.2283,2.1658,4.9846,1.592,2.0779,4.4132,1.6321,1.626,3.3634,1.6691,2.9351,3.3058,0.69533,2.3691,2.8694,0.83763,2.4156,3.0019,0.24206,2.6511,3.3509,1.8554,2.4009,4.2462,0.59388,2.4275,2.7748,1.0173,2.2881,3.612,1.3063,1.7773,4.3123,0.24254,2.3365,3.4407,1.6659,1.5889,3.278,0.72907,2.3559,2.8282,2.9824,2.8631,6.0098,1.8181,2.5477,3.9911,2.0254,2.214,4.6034,2.3305,2.6918,5.1439,1.6819,1.9606,3.8336,1.3835,1.7956,3.7322,2.2727,2.1427,4.9948,1.4875,2.5939,3.972,0.54892,3.0284,2.2606,4.5106,2.9285,0.28554,1.3142,2.7992,4.237,1.8963,1.9623,3.8936,1.2133,2.6607,2.8068,0.20778,2.7936,2.8802,1.0447,2.9092,4.1888,0.50013,2.4725,2.591,0.81507,2.0272,2.8727,0.53106,2.4686,3.4029,1.7172,2.2063,4.3066,1.1547,2.7896,4.2808,0.6662,2.0156,3.0185,2.0666,1.8476,3.7475,1.3514,1.8682,3.6899,2.349,2.649,4.8402,1.4746,1.567,4.1949,1.3087,2.1411,3.2147,0.70226,2.0494,3.0351,0.69393,2.3149,2.6313,1.7655,2.3641,4.1703,2.2927,2.6267,4.9289,0.60656,2.0425,2.9953,1.6917,1.7374,3.3055,0.80358,2.9978,2.5885,0.5515,2.518,2.5942,3.1713,2.7362,6.1074,6.1973,2.8671,2.593,4.2649,2.9262,6.256,2.3854,2.321,3.7419,1.3853,3.0639,4.3039,1.2826,2.4176,3.4889,0.20439,3.1008,3.0998,2.3745,2.2054,3.7683,1.2943,1.847,3.6911,2.4103,2.3274,4.6048,2.607,2.6801,4.1642,1.2661,2.709,4.3362,1.7528,1.9494,3.8478,1.1753,2.7657,3.7233,2.3688,2.3879,4.9759,1.4709,2.6288,3.3428,2.172,2.2508,4.0796,0.82677,1.9607,3.3856,2.4189,2.3611,3.7941,2.3542,2.371,3.7382,2.2539,1.9684,5.0115,2.6485,2.2892,4.8187,2.3822,2.2386,3.7993,1.4196,1.6032,3.8918,2.3854,2.6342,4.9436,1.7981,1.9494,3.8771,0.81167,2.129,4.0888,1.5998,1.8384,4.3133,2.3505,2.616,4.9534,1.454,2.3948,3.2582,5.8727,2.8457,2.1473,1.8634,1.764,3.5167,1.97,2.9595,4.2376,2.0769,1.9752,4.817,1.1504,2.6057,4.3356,1.9559,2.1501,4.9167,1.6429,1.7898,3.9461,1.6188,2.0065,3.3579,1.1125,2.7387,3.6783,1.0022,2.8446,3.8291,1.5121,2.4701,3.8951,1.1594,2.7174,3.6843,1.7866,1.769,4.0865,0.7892,2.4547,2.7981,1.8523,2.1096,4.3987,0.099012,2.7884,2.9441,1.0622,1.9498,4.3113,0.9712,2.3019,3.0581,1.6047,2.4034,4.5706,0.99876,2.0827,2.8334,0.77623,2.0076,2.7033,1.662,1.7799,3.9497,0.8944,2.4479,2.8608,1.342,1.5864,3.8397,2.7714,2.6026,4.623,1.0612,2.1917,3.6372,1.1621,2.7542,3.6763,1.9932,1.993,4.4744,1.0389,1.9604,4.2479,1.8867,1.6462,3.4397,1.6975,2.4911,3.9822,2.2094,2.5449,4.8959,2.0883,2.363,3.6349,1.2147,3.0625,3.4581,1.418,1.4474,4.247,0.68121,2.9854,3.6474,1.6397,1.7333,4.2388,0.78037,2.0012,2.727,0.5937,2.213,4.0147,2.6307,2.5998,4.5228,2.0084,2.112,3.4467,1.3807,2.8988,3.5367,1.0855,2.2129,3.6244,2.5358,2.0226,4.474,1.4991,1.7354,4.4207,1.6006,2.5882,3.5725,2.0669,2.2879,4.065,2.7076,2.3276,4.978,0.44548,2.5116,2.9381
0.11464,0.18141,0.004666,227.02,243.0,200.7,0.0013035,0.0014839,0.0010065,208.69,224.38,218.94,215.93,202.5,183.09,235.07,222.76,255.85,217.71,239.98,251.4,200.27,217.69,216.78,261.61,215.37,237.94,198.38,181.96,309.72,222.1,191.01,232.26,195.19,263.04,242.19,297.49,168.54,248.98,210.51,206.46,154.14,222.66,246.8,315.18,243.28,193.25,269.09,317.85,287.17,187.47,220.94,182.17,255.75,244.73,273.87,260.75,304.38,264.37,252.95,244.84,301.36,301.3,293.13,248.35,274.88,203.8,210.28,332.0,287.48,301.69,346.95,183.47,245.9,232.19,174.94,207.19,286.64,218.66,255.3,220.88,253.72,274.45,221.61,212.04,243.48,265.61,301.21,262.8,224.09,284.0,257.49,230.35,292.12,159.15,231.76,221.54,227.86,252.75,279.3,248.99,238.29,253.0,205.52,247.36,241.41,322.13,248.49,239.65,270.06,299.87,326.86,236.26,300.86,313.87,359.55,270.8,222.9,283.8,312.31,231.34,270.1,259.82,238.46,307.08,258.09,293.48,321.33,304.77,228.68,289.4,280.56,252.52,252.19,240.77,357.73,223.63,335.75,343.9,338.23,252.68,317.96,227.68,239.89,423.45,244.56,281.37,303.11,273.78,262.86,251.86,287.84,341.01,245.88,256.33,327.84,207.16,235.54,267.87,225.18,251.09,305.38,237.7,160.76,243.19,322.29,290.79,294.54,363.69,208.65,254.77,193.39,175.92,222.35,269.64,207.21,294.23,236.31,214.33,248.99,222.87,251.48,168.67,260.9,250.42,238.48,224.06,217.42,292.41,204.51,276.36,356.76,246.47,251.52,239.23,302.26,254.56,233.47,276.35,311.12,249.92,261.31,261.69,272.97,286.05,245.92,324.76,221.64,238.62,242.1,264.89,242.68,256.42,250.0,290.86,246.11,224.62,262.6,276.02,242.35,188.9,204.55,241.54,301.48,223.36,222.46,282.94,225.42,245.82,252.61,238.86,244.59,269.62,267.36,200.53,255.82,206.49,262.06,218.34,235.83,184.72,259.07,261.24,171.9,264.98,217.95,173.8,249.77,185.33,220.29,252.12,189.25,231.7,243.23,196.18,239.94,242.17,227.88,188.23,238.97,207.39,227.74,226.1,167.06,269.54,271.2,208.55,172.37,203.25,269.1,233.96,234.07,223.22,149.12,160.54,202.07,240.82,229.15,217.02,220.85,209.92,189.88,170.57,182.82,229.33,212.95,243.45,219.51,0.00078818,0.0010622,0.0010492,0.0011303,0.0010109,0.00092545,0.0012333,0.00095301,0.0012779,0.0010418,0.0012688,0.0013955,0.0010421,0.0011745,0.001063,0.0015475,0.0012291,0.0012956,0.0012859,0.0011082,0.0017877,0.0014565,0.0011903,0.0015498,0.0013426,0.0015998,0.0013798,0.001735,0.001252,0.0016433,0.0012756,0.0012739,0.0010668,0.0012657,0.0015028,0.0018533,0.0014691,0.0013169,0.0016456,0.0017388,0.0015189,0.0011108,0.0014384,0.0013137,0.0015134,0.0015329,0.0016402,0.0014515,0.0017406,0.0015585,0.0012504,0.001482,0.0018262,0.001606,0.0017331,0.0015437,0.0015985,0.001158,0.0014794,0.0019768,0.0018834,0.0017663,0.0019379,0.0013429,0.0016784,0.0014542,0.0012717,0.0015613,0.0017384,0.0014215,0.0017289,0.0014946,0.0014856,0.0017056,0.0015067,0.0014222,0.0014625,0.0016714,0.0018768,0.0017694,0.001533,0.0019108,0.0017206,0.0013966,0.0015631,0.0012625,0.0011884,0.0015714,0.0014765,0.0015772,0.0017167,0.0014579,0.0015214,0.0016569,0.0012781,0.0016006,0.001516,0.0020086,0.001612,0.0015444,0.0014143,0.0017958,0.0020347,0.0014211,0.0018832,0.0014013,0.0020046,0.0017342,0.0015684,0.001658,0.0019365,0.0016114,0.0016592,0.0015851,0.0015671,0.0018641,0.0016582,0.001776,0.0018913,0.0015536,0.0015601,0.001816,0.0016287,0.0017924,0.0015459,0.0011494,0.0021417,0.001586,0.0015293,0.0020725,0.0020951,0.0016772,0.0019183,0.0014777,0.001598,0.0019065,0.0017031,0.0016554,0.0018428,0.001682,0.0016781,0.0016368,0.0015561,0.0019832,0.0017233,0.0013496,0.0017893,0.001217,0.0013376,0.0014782,0.0014559,0.0016615,0.0017047,0.0015442,0.0012147,0.0013848,0.0019033,0.0018277,0.0013474,0.0020257,0.0013289,0.0015905,0.0013637,0.0013406,0.001383,0.0016177,0.0014722,0.0017855,0.0015727,0.0014992,0.0016399,0.0012879,0.0016357,0.0013598,0.0016358,0.0015663,0.0017107,0.0015276,0.0014002,0.0016515,0.0013521,0.0016736,0.0020494,0.0016143,0.001616,0.0016846,0.0017531,0.0015758,0.00156,0.0016001,0.0016382,0.0016365,0.0015988,0.0016749,0.0019267,0.0017367,0.0015735,0.0010029,0.0015567,0.0014898,0.0015862,0.0016572,0.0015568,0.001654,0.0014952,0.0020279,0.0015095,0.00155,0.0016051,0.0015218,0.0014995,0.0013359,0.0014026,0.0014523,0.0018158,0.0014942,0.001477,0.0016007,0.0014306,0.0015989,0.0015797,0.0014882,0.0014914,0.0015548,0.0016358,0.0013465,0.0016124,0.0013738,0.0015446,0.001481,0.0013481,0.0012462,0.0014427,0.0016354,0.0012076,0.0015721,0.0013045,0.0013475,0.0015208,0.0012242,0.0014212,0.0015089,0.0013117,0.0014001,0.00145,0.001131,0.0014287,0.0014138,0.0014339,0.0012434,0.0015016,0.0012883,0.0014241,0.0013075,0.00096199,0.0014216,0.0015067,0.0011631,0.0011625,0.0011236,0.0014862,0.0014395,0.0014011,0.0010142,0.00091404,0.00098666,0.0010085,0.0014389,0.0013493,0.001007,0.0012361,0.0010202,0.001016,0.00086866,0.00084959,0.0011245,0.0011439,0.0013384,0.0012138,1074300.0,1105700.0,792270.0,4276700.0,2284500.0,1150800.0,5856800.0,1513400.0,1879800.0,3242500.0,2966100.0,734830.0,5652900.0,1298400.0,4052200.0,2459600.0,5070500.0,4091400.0,1340500.0,3371900.0,2502600.0,3347400.0,11704000.0,958350.0,6311800.0,749460.0,9101500.0,1591900.0,1841400.0,815570.0,3232100.0,1680500.0,5814300.0,23940000.0,2520900.0,2724900.0,4347000.0,1235900.0,1513400.0,1646200.0,2062700.0,1057700.0,2058300.0,1019200.0,7475600.0,2433400.0,1825600.0,1494000.0,2274900.0,15971000.0,952090.0,7278300.0,3995200.0,706940.0,3910700.0,1079100.0,2657700.0,17679000.0,32102000.0,2373200.0,1720700.0,1532600.0,2840700.0,1036400.0,1926200.0,3409900.0,803840.0,2871900.0,1940600.0,3915400.0,2755300.0,1446400.0,1119200.0,15048000.0,5077600.0,1340600.0,3613400.0,1673300.0,965090.0,2573300.0,3702600.0,1313000.0,893150.0,2116300.0,873820.0,1861100.0,2850800.0,4950200.0,4191200.0,2338500.0,5694300.0,1300700.0,9352900.0,4677300.0,1017700.0,1694700.0,903640.0,1769700.0,3509900.0,9918500.0,1730700.0,16523000.0,1417300.0,9919600.0,1633600.0,3256300.0,1272900.0,1628100.0,12535000.0,5115100.0,2157200.0,3869300.0,2389200.0,1225800.0,656170.0,3373000.0,11659000.0,2413800.0,1291100.0,778800.0,1922000.0,735100.0,1193700.0,2218700.0,8786700.0,4156700.0,2627900.0,3087700.0,2361300.0,1498700.0,773560.0,10411000.0,2404500.0,3548600.0,2073400.0,1371700.0,1031900.0,2014200.0,1052000.0,2853800.0,3921600.0,1159600.0,1477000.0,2103000.0,1521000.0,2210500.0,2422200.0,877170.0,6912100.0,1513500.0,9390500.0,6180200.0,809830.0,10291000.0,814480.0,1274500.0,19279000.0,683650.0,12167000.0,721740.0,5575100.0,3693400.0,3817200.0,2647300.0,5252900.0,4116200.0,4227600.0,964530.0,4135000.0,1638700.0,6369200.0,1506700.0,7610900.0,1080700.0,744550.0,4005200.0,2996600.0,1988300.0,8411500.0,2288700.0,948280.0,1205600.0,3671000.0,3568300.0,1940100.0,1475700.0,747540.0,6807100.0,5275200.0,2336700.0,637470.0,17726000.0,3323000.0,5257900.0,1142200.0,18258000.0,5431600.0,1100100.0,8580600.0,1353300.0,1434500.0,3992400.0,5297000.0,799330.0,1639500.0,973680.0,1778500.0,1568200.0,1456500.0,7851700.0,2342100.0,1425100.0,12280000.0,2793800.0,1238000.0,1263500.0,3260300.0,951930.0,4669600.0,1133200.0,1854600.0,8075300.0,4435100.0,696550.0,1421900.0,10018000.0,5258300.0,5069200.0,15394000.0,3001700.0,1931800.0,2342400.0,2994600.0,3189800.0,1882600.0,1749500.0,2275100.0,1499400.0,7215800.0,652060.0,3656200.0,8296200.0,8910100.0,1863600.0,5378600.0,4029700.0,5011000.0,864140.0,1139900.0,5361500.0,1551600.0,6587500.0,3485200.0,7122400.0,1970700.0,1638700.0,1591200.0,1087700.0,1106100.0,2208100.0,945990.0,5091800.0,3371700.0,4404800.0,3356800.0,2894200.0,2745600.0,15584000.0,14989000.0,6042000.0,4601000.0,2807600.0,6148400.0,3762100.0,1781300.0,2740300.0,1353800.0,4824200.0,3044800.0,1.5326,1.8518,4.1677,2.2329,2.4736,3.6653,1.2768,2.2335,4.2237,1.2127,1.9892,4.2219,2.4814,2.6639,4.3145,0.79388,2.0629,4.2187,1.6195,2.5133,3.8841,3.0636,2.8448,5.8608,1.2052,2.0182,4.2105,1.7259,1.7181,4.2467,1.2815,2.2554,4.2555,0.77417,2.0442,4.2106,2.9196,2.8424,4.6163,5.6237,2.7617,1.4095,1.2402,2.8303,3.6213,0.88259,2.157,3.0067,2.5397,2.1191,4.5125,1.4643,1.6812,3.8968,0.68546,2.6392,3.8787,1.9342,1.8104,3.508,1.1579,2.4039,3.184,0.33784,2.2897,3.5251,1.8239,1.6452,3.3979,2.054,2.7314,4.2737,1.8577,1.6465,3.3764,1.5754,1.6507,3.9512,0.35182,2.17,3.1518,2.0687,2.41,4.4725,1.4834,1.6924,3.2447,0.87406,1.9229,2.7611,3.1647,2.8404,5.9556,1.9501,1.7939,3.4955,0.91662,2.7182,2.9012,1.7319,2.5899,4.0024,0.69428,1.8967,2.7572,1.0934,2.4255,3.1126,1.9226,1.9286,4.4944,1.774,1.6585,3.8908,0.57264,2.1763,3.832,1.2976,2.5126,3.8388,0.9913,2.1202,3.219,2.5731,2.332,4.3372,2.0258,2.1976,4.7139,1.5138,1.6603,3.9224,1.8861,1.9695,4.4866,1.4725,2.1898,3.2507,0.82451,2.1925,3.0874,2.4495,2.4328,4.3615,1.9766,2.5492,4.8551,1.9314,2.6116,4.834,2.5632,2.3274,4.3208,1.2777,2.513,3.9047,1.7782,2.2924,4.3573,2.3785,3.0111,4.2599,0.59631,2.4217,2.5803,1.446,2.03,4.5985,1.9676,3.0339,3.8523,0.28862,2.381,3.3773,1.6918,1.6196,4.0795,0.78542,2.1491,3.0627,2.2602,2.301,4.689,0.59529,2.4703,3.0855,0.87017,2.2039,3.1984,0.045045,2.8959,1.7932,2.0105,2.1295,4.6089,2.5336,2.3702,4.2711,2.3719,2.3042,5.1428,2.007,2.712,4.1894,1.1262,1.8442,4.0009,4.5607,2.866,0.61819,0.80958,2.1766,3.0007,1.4398,2.1156,4.2742,1.1516,2.18,3.5334,2.1185,2.681,4.3797,1.6363,1.5857,4.1467,1.1694,2.5371,3.0853,0.7525,2.4603,3.7445,2.173,1.8539,3.69,1.463,2.5094,3.4797,1.4442,2.5953,3.5528,1.4834,1.642,4.2797,1.982,2.7093,4.4987,2.0587,2.7125,4.6111,3.3484,2.8241,6.1037,1.6983,1.6242,4.1912,1.821,1.9611,3.4068,2.3778,2.9647,5.2721,1.1921,2.5617,3.0616,2.6838,2.4177,5.0106,0.97348,2.6549,4.1596,1.48,2.4869,3.5248,0.98199,1.9241,4.0995,1.7515,1.6206,4.0712,1.8675,1.926,3.3975,6.045,2.905,2.8726,2.908,2.2418,4.6455,1.4411,1.9534,4.3126,1.1564,2.5948,3.3518,1.45,2.4559,3.3862,1.7241,1.9225,3.6773,1.9897,2.4379,4.0466,1.098,2.3424,3.2296,2.4618,1.9464,5.2588,1.0583,2.6375,3.2901,1.4235,2.5073,3.3601,0.21931,3.029,3.2015,0.67165,1.8627,2.8278,1.6568,1.9934,4.5305,1.4843,1.8394,4.188,5.303,2.8455,1.6561,0.84874,2.1919,2.8962,0.9167,2.6781,4.1365,2.3352,2.4974,3.672,2.8308,2.3171,4.9535,2.9869,2.6139,4.5722,2.048,2.419,4.5635,2.2452,2.1768,4.1839,0.73128,2.1519,3.3382,0.5176,2.423,3.0265,0.56281,2.1999,3.8582,2.4888,2.4593,4.5576,0.76798,2.4143,2.9411,1.2983,1.5667,4.3552,1.6265,1.9656,3.4871,0.25084,2.6601,2.1252,3.4304,2.94,0.25905,0.87192,2.3064,3.044,1.6354,1.6649,4.1277,1.6334,1.866,3.2274,0.77064,2.3817,2.868,2.195,2.3145,4.9475,1.2545,2.5646,3.1638,1.2065,2.1689,3.5846,0.43127,2.0495,3.2894,1.7071,1.9408,3.4353,2.5789,2.0722,4.0819,2.0653,2.1414,4.9638,1.3625,1.7242,3.8401,0.75696,2.0028,2.7775,2.0876,2.1409,5.0344,2.1969,2.2617,4.5356,1.518,2.4002,3.9908,4.1456,2.9411,0.073368,1.8729,2.4562,4.0085,0.69638,1.9819,4.1372,1.2177,2.6237,4.2486,3.4147,2.8178,6.1035,1.7,1.572,3.2779,0.2369,2.355,3.3887,4.9891,2.988,0.84903,0.44627,2.8091,3.2586,1.1928,2.5317,3.0364,2.2308,2.1674,4.9859,1.5945,2.0772,4.4147,1.6339,1.6259,3.3648,1.6768,2.9353,3.3075,0.69878,2.3677,2.8719,0.83626,2.4143,3.0025,0.24276,2.6519,3.3514,1.8618,2.4035,4.2483,0.59708,2.4273,2.776,1.0168,2.2904,3.6111,1.3052,1.7767,4.3128,0.24195,2.3374,3.4419,1.6685,1.5887,3.2782,0.73414,2.3543,2.83,2.9807,2.8629,6.0107,1.8139,2.5465,3.9901,2.0259,2.2146,4.6037,2.3252,2.6902,5.1413,1.6782,1.9605,3.8327,1.3849,1.795,3.733,2.2746,2.1425,4.9948,1.4887,2.593,3.9711,0.54555,3.0276,2.2545,4.5084,2.9274,0.28447,1.3171,2.8014,4.2357,1.8964,1.9627,3.8937,1.2129,2.6613,2.8055,0.2045,2.7935,2.8786,1.0462,2.9095,4.1892,0.49939,2.4715,2.5915,0.81807,2.0294,2.871,0.53116,2.4695,3.4029,1.72,2.2069,4.3077,1.1526,2.7911,4.2791,0.66736,2.0167,3.0165,2.0687,1.8471,3.7463,1.3551,1.8688,3.6908,2.3469,2.6475,4.8375,1.4766,1.5675,4.195,1.3075,2.1411,3.2154,0.70347,2.0509,3.034,0.69697,2.3129,2.6318,1.7673,2.3652,4.1709,2.2907,2.6251,4.9283,0.6063,2.0437,2.9934,1.695,1.7395,3.3048,0.80652,2.9973,2.5895,0.55125,2.5181,2.5942,3.175,2.7357,6.1114,6.1987,2.8673,2.5955,4.2598,2.925,6.2505,2.386,2.3191,3.7414,1.3906,3.0636,4.3116,1.2809,2.4193,3.4883,0.19444,3.1011,3.0919,2.3746,2.2047,3.7675,1.295,1.847,3.6918,2.4099,2.3274,4.6057,2.6073,2.6813,4.1668,1.2658,2.7093,4.3359,1.7503,1.949,3.8467,1.1763,2.7651,3.7245,2.3677,2.3863,4.9741,1.4688,2.6284,3.3438,2.1718,2.2523,4.0793,0.82642,1.9614,3.3858,2.4194,2.36,3.7945,2.3541,2.3702,3.7379,2.2553,1.9697,5.0136,2.6479,2.2892,4.8192,2.3827,2.2387,3.7991,1.4202,1.6035,3.8928,2.384,2.6327,4.9427,1.7966,1.9492,3.8766,0.81204,2.1288,4.0902,1.5995,1.8385,4.3142,2.3492,2.6142,4.9532,1.4538,2.395,3.2581,5.8714,2.8449,2.1461,1.8635,1.7635,3.5171,1.9692,2.958,4.2358,2.0782,1.9757,4.8179,1.1514,2.6062,4.3366,1.9575,2.1502,4.9176,1.6433,1.7896,3.9457,1.6192,2.0064,3.3572,1.114,2.7382,3.6799,1.0035,2.8448,3.8293,1.514,2.471,3.8959,1.1598,2.7161,3.6845,1.7858,1.7683,4.0863,0.78762,2.4545,2.7986,1.8517,2.1103,4.3991,0.099344,2.7882,2.9458,1.0617,1.9497,4.3121,0.97163,2.3013,3.0589,1.6041,2.4036,4.5703,0.99906,2.0826,2.8333,0.77695,2.0077,2.7028,1.6629,1.7795,3.9494,0.89387,2.4477,2.8623,1.3413,1.5863,3.8398,2.7714,2.6029,4.6228,1.0609,2.1929,3.6372,1.1627,2.7533,3.6767,1.9936,1.9931,4.4744,1.0381,1.9604,4.2477,1.8874,1.6461,3.4395,1.6983,2.4913,3.9819,2.2109,2.5446,4.8953,2.0873,2.3627,3.6338,1.2147,3.0623,3.4583,1.4175,1.4472,4.2472,0.68219,2.9852,3.6477,1.64,1.733,4.2389,0.78106,2.0013,2.7267,0.59239,2.2133,4.0157,2.6298,2.5998,4.5228,2.0088,2.1117,3.4469,1.3806,2.8984,3.5366,1.0856,2.2134,3.6242,2.5359,2.023,4.4742,1.4992,1.7354,4.4206,1.6004,2.5882,3.5723,2.067,2.2879,4.0649,2.7076,2.3269,4.9776,0.44553,2.5113,2.9378
0.11547,0.18273,0.0046936,227.53,243.68,200.94,0.0013064,0.0014877,0.0010078,209.08,224.88,219.31,216.26,202.83,183.42,235.66,223.31,256.52,218.01,240.43,251.84,200.71,218.12,217.13,262.59,215.74,238.54,198.96,182.32,310.83,222.76,191.51,232.85,195.75,263.79,242.78,298.18,168.84,249.61,210.97,206.97,154.32,222.85,247.37,316.22,243.68,193.62,270.18,319.02,288.1,187.67,220.86,182.4,256.64,245.25,274.77,261.68,305.53,265.19,253.54,245.56,302.6,302.38,294.55,249.38,276.06,204.88,210.58,333.42,288.82,302.46,347.35,184.05,246.9,232.52,177.54,206.93,287.09,217.62,255.75,221.83,254.94,275.65,222.3,212.98,244.28,266.78,302.65,263.58,223.96,284.19,257.18,231.14,293.41,160.05,232.44,222.07,229.47,253.31,280.18,251.11,237.95,254.42,206.17,248.39,241.98,322.7,249.21,240.14,271.14,300.76,328.36,236.99,300.94,315.62,360.38,271.65,223.4,284.14,314.06,232.11,271.18,260.33,239.19,307.65,258.72,294.29,323.21,305.42,230.06,290.25,281.63,253.18,253.92,242.46,359.38,224.24,337.39,345.28,339.2,253.27,319.39,228.45,240.87,425.7,245.31,281.69,303.9,274.27,263.41,252.24,288.46,341.73,246.19,259.32,327.49,208.05,237.69,271.32,225.56,251.7,305.5,238.44,160.88,244.4,323.15,291.36,296.68,364.99,209.22,255.2,193.59,177.08,223.13,270.31,207.49,294.61,237.55,214.62,249.52,223.66,252.48,169.01,261.47,250.63,239.39,224.64,217.95,293.23,205.18,277.46,357.28,246.67,252.44,240.01,303.2,255.67,233.61,277.41,312.2,250.87,262.38,262.63,273.99,286.8,246.9,329.36,222.26,239.36,242.48,264.64,242.92,256.88,251.13,292.61,246.91,225.43,262.63,277.14,243.23,189.44,204.91,242.3,302.62,224.46,222.86,283.08,225.87,246.55,253.56,239.31,245.35,270.47,267.87,201.08,256.89,206.91,262.94,218.64,236.13,185.13,259.53,261.92,172.23,265.55,218.33,174.27,250.37,185.73,220.77,252.87,189.54,232.37,243.76,196.5,240.56,242.62,227.96,188.31,239.41,207.66,228.39,226.55,167.16,270.13,271.79,208.74,172.58,203.55,269.52,234.49,234.65,223.66,149.43,160.74,202.2,241.12,229.96,217.46,221.22,210.22,190.02,170.69,182.9,229.51,213.14,243.86,219.8,0.0007893,0.001064,0.0010505,0.0011321,0.0010124,0.0009261,0.0012366,0.00095511,0.0012816,0.0010438,0.0012711,0.0013978,0.0010443,0.0011768,0.001065,0.0015525,0.0012318,0.0012989,0.0012888,0.0011104,0.0017937,0.0014606,0.0011936,0.0015543,0.0013463,0.0016053,0.0013833,0.0017382,0.0012539,0.0016474,0.0012789,0.0012759,0.0010681,0.0012665,0.0015063,0.0018595,0.0014728,0.001319,0.0016524,0.0017463,0.0015247,0.0011115,0.0014399,0.0013164,0.0015196,0.0015365,0.0016465,0.0014568,0.0017487,0.0015636,0.0012529,0.0014862,0.001834,0.0016115,0.0017415,0.0015496,0.0016052,0.0011587,0.0014819,0.0019859,0.0018903,0.0017711,0.0019428,0.0013465,0.0016852,0.001457,0.0012816,0.0015626,0.0017425,0.0014204,0.0017293,0.0015005,0.0014925,0.0017125,0.0015101,0.0014278,0.0014676,0.0016779,0.0018834,0.0017741,0.0015317,0.0019152,0.0017229,0.0013999,0.0015669,0.0012684,0.0011868,0.0015732,0.001483,0.0015813,0.0017223,0.001467,0.001516,0.0016652,0.0012774,0.0016053,0.0015194,0.0020115,0.0016155,0.0015476,0.0014186,0.0018008,0.0020413,0.0014256,0.0018822,0.0014096,0.0020099,0.0017395,0.0015712,0.0016608,0.0019449,0.0016147,0.001663,0.001589,0.0015702,0.0018675,0.0016614,0.0017816,0.0018976,0.0015559,0.0015665,0.0018199,0.0016328,0.0017947,0.0015532,0.0011557,0.0021491,0.0015896,0.0015379,0.0020785,0.0021001,0.0016789,0.0019252,0.0014846,0.001603,0.0019161,0.001705,0.001655,0.0018468,0.0016824,0.0016819,0.0016389,0.0015601,0.0019893,0.0017262,0.001361,0.0017897,0.0012219,0.001345,0.0014981,0.0014584,0.0016653,0.0017018,0.0015491,0.001216,0.0013915,0.0019089,0.00183,0.0013557,0.0020307,0.0013328,0.0015931,0.0013651,0.001347,0.0013851,0.001622,0.0014742,0.0017887,0.0015789,0.001501,0.0016435,0.0012934,0.0016406,0.0013598,0.0016403,0.0015673,0.0017141,0.0015296,0.0014027,0.0016562,0.0013564,0.00168,0.0020537,0.0016155,0.0016221,0.0016887,0.0017607,0.0015827,0.0015618,0.0016068,0.0016444,0.0016424,0.0016063,0.0016801,0.0019327,0.0017412,0.0015805,0.0010194,0.0015616,0.0014944,0.0015895,0.0016588,0.0015586,0.0016575,0.0015029,0.0020383,0.0015155,0.0015558,0.0016061,0.0015286,0.001506,0.0013388,0.0014048,0.0014573,0.0018236,0.0015006,0.00148,0.0016013,0.001433,0.0016031,0.001587,0.001492,0.0014964,0.0015612,0.0016394,0.0013502,0.0016183,0.0013767,0.0015503,0.0014826,0.0013499,0.0012485,0.0014454,0.0016408,0.0012097,0.0015758,0.0013064,0.0013517,0.0015252,0.0012265,0.0014245,0.0015139,0.0013148,0.0014036,0.0014532,0.001133,0.0014327,0.0014164,0.0014352,0.0012442,0.0015042,0.00129,0.0014278,0.0013105,0.00096286,0.0014254,0.0015105,0.0011644,0.0011643,0.0011254,0.0014885,0.0014425,0.0014047,0.0010166,0.00091633,0.00098807,0.0010096,0.0014408,0.0013539,0.0010095,0.0012383,0.0010219,0.001017,0.00086957,0.00085015,0.0011257,0.0011454,0.0013406,0.0012157,1074300.0,1105700.0,792270.0,4276700.0,2284500.0,1150800.0,5856800.0,1513400.0,1879800.0,3242500.0,2966100.0,734830.0,5652900.0,1298400.0,4052200.0,2459600.0,5070500.0,4091400.0,1340500.0,3371900.0,2502600.0,3347400.0,11704000.0,958350.0,6311800.0,749460.0,9101500.0,1591900.0,1841400.0,815570.0,3232100.0,1680500.0,5814300.0,23940000.0,2520900.0,2724900.0,4347000.0,1235900.0,1513400.0,1646200.0,2062700.0,1057700.0,2058300.0,1019200.0,7475600.0,2433400.0,1825600.0,1494000.0,2274900.0,15971000.0,952090.0,7278300.0,3995200.0,706940.0,3910700.0,1079100.0,2657700.0,17679000.0,32102000.0,2373200.0,1720700.0,1532600.0,2840700.0,1036400.0,1926200.0,3409900.0,803840.0,2871900.0,1940600.0,3915400.0,2755300.0,1446400.0,1119200.0,15048000.0,5077600.0,1340600.0,3613400.0,1673300.0,965090.0,2573300.0,3702600.0,1313000.0,893150.0,2116300.0,873820.0,1861100.0,2850800.0,4950200.0,4191200.0,2338500.0,5694300.0,1300700.0,9352900.0,4677300.0,1017700.0,1694700.0,903640.0,1769700.0,3509900.0,9918500.0,1730700.0,16523000.0,1417300.0,9919600.0,1633600.0,3256300.0,1272900.0,1628100.0,12535000.0,5115100.0,2157200.0,3869300.0,2389200.0,1225800.0,656170.0,3373000.0,11659000.0,2413800.0,1291100.0,778800.0,1922000.0,735100.0,1193700.0,2218700.0,8786700.0,4156700.0,2627900.0,3087700.0,2361300.0,1498700.0,773560.0,10411000.0,2404500.0,3548600.0,2073400.0,1371700.0,1031900.0,2014200.0,1052000.0,2853800.0,3921600.0,1159600.0,1477000.0,2103000.0,1521000.0,2210500.0,2422200.0,877170.0,6912100.0,1513500.0,9390500.0,6180200.0,809830.0,10291000.0,814480.0,1274500.0,19279000.0,683650.0,12167000.0,721740.0,5575100.0,3693400.0,3817200.0,2647300.0,5252900.0,4116200.0,4227600.0,964530.0,4135000.0,1638700.0,6369200.0,1506700.0,7610900.0,1080700.0,744550.0,4005200.0,2996600.0,1988300.0,8411500.0,2288700.0,948280.0,1205600.0,3671000.0,3568300.0,1940100.0,1475700.0,747540.0,6807100.0,5275200.0,2336700.0,637470.0,17726000.0,3323000.0,5257900.0,1142200.0,18258000.0,5431600.0,1100100.0,8580600.0,1353300.0,1434500.0,3992400.0,5297000.0,799330.0,1639500.0,973680.0,1778500.0,1568200.0,1456500.0,7851700.0,2342100.0,1425100.0,12280000.0,2793800.0,1238000.0,1263500.0,3260300.0,951930.0,4669600.0,1133200.0,1854600.0,8075300.0,4435100.0,696550.0,1421900.0,10018000.0,5258300.0,5069200.0,15394000.0,3001700.0,1931800.0,2342400.0,2994600.0,3189800.0,1882600.0,1749500.0,2275100.0,1499400.0,7215800.0,652060.0,3656200.0,8296200.0,8910100.0,1863600.0,5378600.0,4029700.0,5011000.0,864140.0,1139900.0,5361500.0,1551600.0,6587500.0,3485200.0,7122400.0,1970700.0,1638700.0,1591200.0,1087700.0,1106100.0,2208100.0,945990.0,5091800.0,3371700.0,4404800.0,3356800.0,2894200.0,2745600.0,15584000.0,14989000.0,6042000.0,4601000.0,2807600.0,6148400.0,3762100.0,1781300.0,2740300.0,1353800.0,4824200.0,3044800.0,1.5327,1.8519,4.1676,2.233,2.4737,3.6653,1.2768,2.2335,4.2237,1.2126,1.9892,4.2218,2.4813,2.6639,4.3146,0.79348,2.0629,4.2188,1.6202,2.5135,3.884,3.0639,2.8448,5.8609,1.205,2.0184,4.2103,1.7257,1.718,4.2466,1.2816,2.2557,4.2558,0.77363,2.0441,4.2106,2.9196,2.8424,4.6169,5.623,2.7615,1.409,1.2404,2.8301,3.6214,0.88204,2.1571,3.0066,2.5401,2.1197,4.5131,1.4643,1.6811,3.8968,0.68591,2.6398,3.8787,1.9337,1.8107,3.5083,1.1585,2.4036,3.1848,0.33826,2.2898,3.5247,1.8242,1.645,3.398,2.0538,2.7307,4.2729,1.8583,1.6463,3.3763,1.5762,1.6505,3.9515,0.35161,2.1703,3.1515,2.0693,2.4104,4.4732,1.4837,1.6926,3.2451,0.87437,1.9231,2.761,3.1656,2.8403,5.9564,1.9499,1.7943,3.4958,0.91604,2.7183,2.9013,1.7314,2.59,4.0024,0.69477,1.8968,2.757,1.0935,2.4253,3.113,1.9228,1.9286,4.4944,1.7745,1.6584,3.8908,0.57326,2.176,3.8328,1.2985,2.5131,3.8394,0.99123,2.1206,3.2184,2.5736,2.3325,4.3377,2.0254,2.1978,4.7143,1.514,1.6601,3.9225,1.8861,1.9699,4.4865,1.4728,2.19,3.2505,0.82429,2.1931,3.0866,2.4494,2.4333,4.3617,1.9768,2.5488,4.8547,1.9313,2.6118,4.8335,2.5634,2.3277,4.3212,1.2776,2.5131,3.9042,1.7788,2.2928,4.3578,2.3795,3.0107,4.2606,0.59696,2.4212,2.5812,1.4452,2.0299,4.5985,1.9665,3.0336,3.8509,0.2884,2.381,3.3772,1.6918,1.6196,4.0795,0.7858,2.1499,3.0625,2.2603,2.3011,4.6892,0.59495,2.4693,3.086,0.86851,2.2048,3.1974,0.044424,2.8959,1.7924,2.0106,2.1304,4.6093,2.5333,2.371,4.2715,2.3704,2.3041,5.1429,2.006,2.7113,4.1882,1.1261,1.844,4.0015,4.5596,2.8648,0.61933,0.80843,2.1769,3.0001,1.4402,2.1158,4.2743,1.1519,2.1806,3.5337,2.1171,2.6804,4.3783,1.6359,1.5856,4.1467,1.1696,2.537,3.0857,0.75246,2.4606,3.7444,2.1737,1.8535,3.6898,1.4618,2.5099,3.4797,1.442,2.5956,3.5521,1.4816,1.6419,4.2796,1.9807,2.7085,4.4978,2.0577,2.7119,4.6109,3.3487,2.8242,6.1043,1.6983,1.6243,4.1913,1.8214,1.9607,3.4066,2.3795,2.9649,5.2743,1.1922,2.562,3.0612,2.6839,2.4174,5.0107,0.97317,2.6553,4.1602,1.4788,2.4872,3.5251,0.98063,1.9243,4.1,1.7522,1.6207,4.071,1.8689,1.9261,3.3972,6.0439,2.9049,2.8721,2.9081,2.2416,4.6461,1.4418,1.9533,4.3134,1.1552,2.5943,3.3517,1.4495,2.456,3.3863,1.7234,1.9219,3.677,1.9901,2.4384,4.0471,1.0978,2.3428,3.2298,2.4618,1.9457,5.2595,1.0567,2.6372,3.2897,1.4229,2.508,3.3599,0.21959,3.0292,3.2014,0.6712,1.8633,2.827,1.6565,1.9928,4.5312,1.4844,1.839,4.1883,5.3014,2.8446,1.6548,0.84883,2.1923,2.8969,0.91645,2.6786,4.1373,2.3359,2.4966,3.6717,2.8331,2.3166,4.9538,2.9879,2.6135,4.5726,2.0478,2.4186,4.5639,2.2435,2.1775,4.1836,0.73088,2.153,3.3382,0.51922,2.4228,3.027,0.56293,2.2004,3.8587,2.4892,2.4589,4.5584,0.76712,2.4144,2.9407,1.2985,1.5666,4.3556,1.6254,1.9651,3.4875,0.25258,2.6599,2.1262,3.4305,2.9399,0.25992,0.87215,2.3056,3.0449,1.6351,1.6651,4.1281,1.6341,1.8665,3.2279,0.77067,2.3811,2.8679,2.1951,2.3141,4.9473,1.2557,2.5648,3.1644,1.2076,2.1698,3.5854,0.43015,2.0501,3.2897,1.7071,1.9401,3.4352,2.5798,2.072,4.0821,2.0648,2.1415,4.9637,1.363,1.7238,3.8402,0.75727,2.0031,2.7778,2.0871,2.1407,5.0349,2.1961,2.2622,4.5358,1.5176,2.401,3.991,4.1446,2.9405,0.072222,1.8723,2.4568,4.0086,0.69533,1.9819,4.1375,1.2177,2.6237,4.2485,3.4133,2.8175,6.1033,1.7006,1.5718,3.2779,0.23724,2.3554,3.3888,4.9874,2.9885,0.84667,0.44568,2.8092,3.2591,1.1923,2.5318,3.037,2.2316,2.168,4.9864,1.5954,2.0769,4.4151,1.6346,1.6258,3.3652,1.6793,2.9354,3.3079,0.70002,2.3671,2.8727,0.83572,2.4138,3.0026,0.24297,2.6521,3.3516,1.8641,2.4045,4.249,0.59825,2.4272,2.7765,1.0165,2.2912,3.6107,1.3048,1.7765,4.3129,0.24173,2.3376,3.4423,1.6694,1.5886,3.2782,0.73596,2.3536,2.8306,2.9801,2.8628,6.011,1.8122,2.546,3.9896,2.0261,2.2149,4.6038,2.3232,2.6897,5.1403,1.6769,1.9604,3.8323,1.3854,1.7948,3.7332,2.2753,2.1425,4.9948,1.4891,2.5926,3.9707,0.54429,3.0273,2.2523,4.5079,2.927,0.28433,1.318,2.8021,4.2351,1.8964,1.9629,3.8937,1.2127,2.6615,2.8049,0.20323,2.7934,2.878,1.0466,2.9095,4.1892,0.49908,2.4711,2.5916,0.81914,2.0301,2.8704,0.53115,2.4699,3.4029,1.721,2.2071,4.3081,1.1518,2.7916,4.2784,0.66779,2.0171,3.0158,2.0694,1.8469,3.7458,1.3564,1.869,3.6912,2.346,2.6469,4.8364,1.4774,1.5676,4.1951,1.307,2.1411,3.2156,0.70391,2.0515,3.0335,0.69805,2.3122,2.632,1.768,2.3656,4.1712,2.2899,2.6245,4.928,0.60619,2.0441,2.9927,1.6962,1.7403,3.3045,0.80756,2.9971,2.5898,0.55112,2.5181,2.5942,3.1764,2.7356,6.1127,6.1993,2.8673,2.5966,4.2582,2.9245,6.2486,2.3863,2.3184,3.7412,1.3922,3.0634,4.3142,1.2802,2.4199,3.4881,0.19083,3.1011,3.0891,2.3747,2.2045,3.7672,1.2953,1.8469,3.6921,2.4098,2.3274,4.606,2.6074,2.6817,4.1678,1.2657,2.7093,4.3357,1.7494,1.9489,3.8463,1.1766,2.7649,3.7249,2.3673,2.3857,4.9734,1.468,2.6282,3.3442,2.1716,2.2528,4.0791,0.82629,1.9616,3.3859,2.4196,2.3596,3.7946,2.3541,2.37,3.7378,2.2559,1.9701,5.0143,2.6477,2.2892,4.8193,2.3829,2.2387,3.799,1.4205,1.6036,3.8931,2.3835,2.6322,4.9424,1.796,1.9491,3.8764,0.81219,2.1286,4.0908,1.5994,1.8386,4.3145,2.3487,2.6136,4.9531,1.4537,2.395,3.258,5.871,2.8446,2.1457,1.8635,1.7634,3.5173,1.9688,2.9575,4.235,2.0787,1.9759,4.8183,1.1517,2.6065,4.337,1.9581,2.1503,4.918,1.6435,1.7895,3.9456,1.6193,2.0064,3.3569,1.1146,2.738,3.6805,1.004,2.8449,3.8293,1.5147,2.4713,3.8961,1.1599,2.7156,3.6845,1.7855,1.7681,4.0863,0.78701,2.4544,2.7987,1.8515,2.1106,4.3993,0.099421,2.7881,2.9465,1.0615,1.9497,4.3124,0.97178,2.301,3.0592,1.6039,2.4036,4.5702,0.99917,2.0825,2.8333,0.77722,2.0077,2.7026,1.6633,1.7793,3.9492,0.89365,2.4476,2.8628,1.341,1.5862,3.8398,2.7714,2.603,4.6227,1.0607,2.1933,3.6373,1.1629,2.753,3.6768,1.9937,1.9931,4.4744,1.0378,1.9604,4.2476,1.8876,1.6461,3.4395,1.6985,2.4913,3.9818,2.2114,2.5445,4.8951,2.087,2.3626,3.6334,1.2146,3.0622,3.4584,1.4173,1.4472,4.2473,0.68259,2.9851,3.6479,1.6402,1.7329,4.2389,0.78132,2.0012,2.7266,0.59189,2.2134,4.0161,2.6294,2.5998,4.5228,2.0089,2.1116,3.4469,1.3805,2.8982,3.5365,1.0856,2.2135,3.6241,2.5359,2.0232,4.4742,1.4993,1.7354,4.4206,1.6003,2.5881,3.5723,2.0671,2.2879,4.0649,2.7076,2.3266,4.9774,0.44556,2.5111,2.9377
0.11603,0.18362,0.0047121,227.84,244.09,201.07,0.0013081,0.00149,0.0010084,209.15,225.0,219.52,216.38,203.03,183.93,235.73,223.48,256.75,218.12,240.78,252.23,201.14,218.32,217.28,262.93,215.83,238.77,199.28,182.76,311.29,222.97,191.67,233.09,195.88,264.02,243.01,298.45,168.93,249.93,211.15,207.41,154.68,223.21,247.59,316.59,243.82,193.91,270.63,319.47,288.44,187.64,221.35,182.47,256.91,245.42,275.09,262.07,306.02,265.45,253.86,245.84,303.09,302.81,295.15,249.79,276.52,205.95,210.79,334.08,289.52,302.87,347.54,184.29,247.28,232.58,179.75,206.99,287.28,217.64,256.14,222.32,255.64,276.21,222.61,213.48,244.72,267.47,303.28,264.16,224.2,284.38,257.3,231.59,294.05,160.62,233.2,222.5,230.59,253.79,280.78,252.69,238.05,255.42,206.74,249.05,242.39,323.21,249.76,240.51,272.26,301.38,329.46,237.7,301.36,317.1,361.21,272.31,223.82,284.56,315.24,232.83,271.7,260.98,239.75,308.33,259.31,294.82,324.87,306.18,230.65,291.01,282.26,253.83,255.29,243.68,360.43,224.74,338.81,346.27,339.98,253.95,320.68,228.68,241.73,427.43,246.1,281.98,304.66,275.04,264.02,252.56,289.07,342.42,246.6,261.23,327.61,208.83,239.4,273.63,226.0,252.12,305.93,238.74,160.91,245.16,323.72,292.03,298.09,365.78,209.4,255.69,193.74,177.77,223.67,270.68,207.91,295.14,238.24,214.78,249.79,223.94,253.04,169.14,261.66,250.95,239.91,224.88,218.15,293.48,205.45,277.85,357.53,246.9,252.82,240.25,303.54,256.08,233.58,277.71,312.45,251.29,262.71,263.16,274.42,287.11,247.12,332.35,222.38,239.5,242.67,264.58,243.12,257.18,251.29,293.13,247.09,225.66,262.73,277.46,243.4,189.84,205.09,242.46,302.95,224.98,223.07,283.24,226.04,246.82,253.74,239.56,245.52,270.64,268.01,201.24,257.65,207.06,263.2,218.95,236.36,185.45,259.92,262.11,172.27,265.67,218.67,174.43,250.59,186.03,221.12,253.12,189.69,232.46,243.89,196.51,240.82,243.02,228.19,188.54,239.82,208.01,228.51,226.85,167.35,270.18,272.16,209.03,172.75,203.87,269.92,234.89,234.68,223.71,149.48,160.96,202.45,241.47,230.01,217.47,221.38,210.42,190.25,170.95,183.15,229.82,213.36,244.22,220.04,0.00078961,0.0010643,0.0010508,0.0011328,0.0010129,0.00092804,0.0012374,0.00095574,0.0012831,0.0010441,0.0012727,0.0013997,0.0010465,0.0011776,0.0010657,0.0015541,0.0012326,0.0013001,0.0012902,0.0011133,0.0017964,0.0014619,0.0011947,0.0015563,0.0013473,0.0016072,0.0013844,0.0017393,0.0012546,0.0016494,0.0012801,0.0012781,0.0010707,0.0012682,0.0015078,0.001862,0.001474,0.0013208,0.001655,0.0017495,0.0015273,0.001111,0.001444,0.0013177,0.0015215,0.001538,0.001649,0.0014589,0.0017519,0.0015653,0.0012543,0.0014883,0.001837,0.0016137,0.001745,0.0015524,0.0016077,0.0011618,0.0014836,0.0019904,0.0018939,0.0017739,0.001946,0.001348,0.001688,0.0014583,0.0012914,0.001564,0.001745,0.0014227,0.0017311,0.0015036,0.0014966,0.0017158,0.0015117,0.001431,0.0014706,0.0016821,0.0018868,0.0017773,0.0015333,0.0019178,0.0017252,0.0014022,0.0015695,0.0012724,0.0011884,0.0015753,0.0014882,0.0015851,0.0017266,0.0014734,0.0015153,0.0016715,0.0012791,0.0016095,0.001523,0.0020146,0.0016186,0.0015504,0.0014249,0.0018047,0.0020463,0.00143,0.0018845,0.0014178,0.0020157,0.0017433,0.0015738,0.001664,0.001952,0.0016193,0.0016649,0.0015944,0.0015744,0.0018724,0.0016649,0.0017851,0.0019051,0.0015607,0.0015691,0.0018248,0.001636,0.0017986,0.0015601,0.0011611,0.0021543,0.0015929,0.0015464,0.0020837,0.0021045,0.0016829,0.0019331,0.0014868,0.0016082,0.0019247,0.0017089,0.0016563,0.0018514,0.0016864,0.0016857,0.0016409,0.001564,0.0019949,0.0017293,0.0013688,0.0017925,0.0012268,0.0013523,0.0015109,0.0014615,0.0016687,0.001703,0.0015511,0.0012167,0.0013962,0.0019128,0.0018338,0.0013615,0.0020344,0.0013341,0.0015961,0.0013664,0.0013507,0.0013872,0.0016246,0.0014774,0.0017922,0.001582,0.0015023,0.0016455,0.0012952,0.0016432,0.001359,0.0016421,0.0015692,0.0017161,0.0015299,0.0014035,0.0016573,0.0013577,0.0016819,0.0020557,0.0016168,0.0016243,0.0016894,0.001763,0.0015849,0.0015619,0.0016085,0.0016455,0.0016447,0.0016086,0.0016828,0.0019345,0.0017429,0.001582,0.0010301,0.001562,0.0014951,0.001591,0.00166,0.0015599,0.0016595,0.0015036,0.0020404,0.001516,0.001557,0.0016071,0.0015299,0.0015064,0.001341,0.0014057,0.0014581,0.0018254,0.0015028,0.0014813,0.001602,0.0014341,0.0016044,0.0015883,0.0014935,0.0014972,0.0015618,0.0016403,0.001351,0.0016225,0.0013778,0.0015517,0.0014841,0.0013512,0.0012503,0.0014475,0.0016421,0.0012099,0.0015768,0.0013081,0.0013525,0.0015265,0.0012285,0.0014267,0.0015154,0.001316,0.0014037,0.0014539,0.0011333,0.0014342,0.0014186,0.0014367,0.0012456,0.0015069,0.0012923,0.0014286,0.0013123,0.00096411,0.0014258,0.001513,0.0011661,0.0011658,0.0011273,0.0014908,0.0014447,0.0014047,0.001017,0.00091688,0.00098936,0.001011,0.001443,0.0013542,0.0010097,0.0012394,0.0010232,0.0010184,0.00087108,0.00085169,0.0011273,0.0011464,0.0013425,0.0012171,1074300.0,1105700.0,792270.0,4276700.0,2284500.0,1150800.0,5856800.0,1513400.0,1879800.0,3242500.0,2966100.0,734830.0,5652900.0,1298400.0,4052200.0,2459600.0,5070500.0,4091400.0,1340500.0,3371900.0,2502600.0,3347400.0,11704000.0,958350.0,6311800.0,749460.0,9101500.0,1591900.0,1841400.0,815570.0,3232100.0,1680500.0,5814300.0,23940000.0,2520900.0,2724900.0,4347000.0,1235900.0,1513400.0,1646200.0,2062700.0,1057700.0,2058300.0,1019200.0,7475600.0,2433400.0,1825600.0,1494000.0,2274900.0,15971000.0,952090.0,7278300.0,3995200.0,706940.0,3910700.0,1079100.0,2657700.0,17679000.0,32102000.0,2373200.0,1720700.0,1532600.0,2840700.0,1036400.0,1926200.0,3409900.0,803840.0,2871900.0,1940600.0,3915400.0,2755300.0,1446400.0,1119200.0,15048000.0,5077600.0,1340600.0,3613400.0,1673300.0,965090.0,2573300.0,3702600.0,1313000.0,893150.0,2116300.0,873820.0,1861100.0,2850800.0,4950200.0,4191200.0,2338500.0,5694300.0,1300700.0,9352900.0,4677300.0,1017700.0,1694700.0,903640.0,1769700.0,3509900.0,9918500.0,1730700.0,16523000.0,1417300.0,9919600.0,1633600.0,3256300.0,1272900.0,1628100.0,12535000.0,5115100.0,2157200.0,3869300.0,2389200.0,1225800.0,656170.0,3373000.0,11659000.0,2413800.0,1291100.0,778800.0,1922000.0,735100.0,1193700.0,2218700.0,8786700.0,4156700.0,2627900.0,3087700.0,2361300.0,1498700.0,773560.0,10411000.0,2404500.0,3548600.0,2073400.0,1371700.0,1031900.0,2014200.0,1052000.0,2853800.0,3921600.0,1159600.0,1477000.0,2103000.0,1521000.0,2210500.0,2422200.0,877170.0,6912100.0,1513500.0,9390500.0,6180200.0,809830.0,10291000.0,814480.0,1274500.0,19279000.0,683650.0,12167000.0,721740.0,5575100.0,3693400.0,3817200.0,2647300.0,5252900.0,4116200.0,4227600.0,964530.0,4135000.0,1638700.0,6369200.0,1506700.0,7610900.0,1080700.0,744550.0,4005200.0,2996600.0,1988300.0,8411500.0,2288700.0,948280.0,1205600.0,3671000.0,3568300.0,1940100.0,1475700.0,747540.0,6807100.0,5275200.0,2336700.0,637470.0,17726000.0,3323000.0,5257900.0,1142200.0,18258000.0,5431600.0,1100100.0,8580600.0,1353300.0,1434500.0,3992400.0,5297000.0,799330.0,1639500.0,973680.0,1778500.0,1568200.0,1456500.0,7851700.0,2342100.0,1425100.0,12280000.0,2793800.0,1238000.0,1263500.0,3260300.0,951930.0,4669600.0,1133200.0,1854600.0,8075300.0,4435100.0,696550.0,1421900.0,10018000.0,5258300.0,5069200.0,15394000.0,3001700.0,1931800.0,2342400.0,2994600.0,3189800.0,1882600.0,1749500.0,2275100.0,1499400.0,7215800.0,652060.0,3656200.0,8296200.0,8910100.0,1863600.0,5378600.0,4029700.0,5011000.0,864140.0,1139900.0,5361500.0,1551600.0,6587500.0,3485200.0,7122400.0,1970700.0,1638700.0,1591200.0,1087700.0,1106100.0,2208100.0,945990.0,5091800.0,3371700.0,4404800.0,3356800.0,2894200.0,2745600.0,15584000.0,14989000.0,6042000.0,4601000.0,2807600.0,6148400.0,3762100.0,1781300.0,2740300.0,1353800.0,4824200.0,3044800.0,1.5327,1.852,4.1676,2.2331,2.4738,3.6653,1.2768,2.2336,4.2237,1.2125,1.9892,4.2218,2.4812,2.6639,4.3147,0.7932,2.0629,4.2188,1.6207,2.5136,3.8839,3.0642,2.8448,5.861,1.2048,2.0185,4.2101,1.7256,1.718,4.2466,1.2816,2.2559,4.256,0.77327,2.044,4.2106,2.9196,2.8424,4.6172,5.6225,2.7614,1.4086,1.2405,2.83,3.6214,0.88167,2.1572,3.0065,2.5404,2.1202,4.5135,1.4643,1.6811,3.8968,0.68623,2.6402,3.8788,1.9334,1.8109,3.5085,1.159,2.4034,3.1853,0.33853,2.2898,3.5245,1.8245,1.6448,3.3981,2.0537,2.7302,4.2724,1.8586,1.6462,3.3762,1.5767,1.6503,3.9517,0.35148,2.1704,3.1512,2.0697,2.4107,4.4737,1.4839,1.6927,3.2453,0.87456,1.9233,2.761,3.1663,2.8403,5.9569,1.9497,1.7945,3.4959,0.91567,2.7184,2.9014,1.7311,2.5901,4.0024,0.69509,1.8969,2.7569,1.0936,2.4252,3.1132,1.9229,1.9285,4.4944,1.7747,1.6583,3.8908,0.57367,2.1757,3.8334,1.2992,2.5135,3.8399,0.99118,2.1209,3.218,2.574,2.3328,4.338,2.0252,2.1979,4.7145,1.5141,1.66,3.9225,1.8861,1.9701,4.4865,1.4729,2.1901,3.2503,0.82414,2.1936,3.086,2.4494,2.4336,4.3618,1.9769,2.5485,4.8545,1.9312,2.6119,4.8332,2.5636,2.3279,4.3215,1.2775,2.5132,3.9038,1.7792,2.293,4.3581,2.3803,3.0105,4.2613,0.59741,2.421,2.5818,1.4447,2.0298,4.5985,1.966,3.0334,3.8502,0.28828,2.3809,3.3771,1.6918,1.6195,4.0795,0.78606,2.1505,3.0624,2.2604,2.3011,4.6894,0.59474,2.4686,3.0864,0.86742,2.2053,3.1967,0.043912,2.896,1.7918,2.0106,2.131,4.6096,2.5332,2.3715,4.2718,2.3694,2.3041,5.143,2.0054,2.7108,4.1875,1.126,1.8439,4.0018,4.5588,2.864,0.62001,0.80768,2.1771,2.9997,1.4405,2.116,4.2745,1.1522,2.181,3.5339,2.1162,2.6799,4.3774,1.6356,1.5855,4.1467,1.1698,2.5369,3.086,0.75244,2.4609,3.7443,2.1742,1.8532,3.6897,1.4611,2.5103,3.4797,1.4406,2.5958,3.5517,1.4804,1.6418,4.2796,1.9799,2.708,4.4973,2.0571,2.7114,4.6108,3.349,2.8243,6.1047,1.6983,1.6244,4.1914,1.8218,1.9605,3.4065,2.3806,2.965,5.2759,1.1923,2.5622,3.061,2.684,2.4172,5.0108,0.97304,2.6556,4.1607,1.4781,2.4874,3.5253,0.97974,1.9245,4.1003,1.7527,1.6207,4.0709,1.8698,1.9261,3.3972,6.043,2.9048,2.8716,2.9083,2.2414,4.6464,1.4422,1.9532,4.3139,1.1545,2.5939,3.3517,1.4492,2.4562,3.3864,1.7229,1.9215,3.6768,1.9904,2.4387,4.0475,1.0976,2.3431,3.23,2.4618,1.9452,5.26,1.0557,2.6369,3.2896,1.4224,2.5084,3.3597,0.21974,3.0295,3.2013,0.67091,1.8638,2.8266,1.6563,1.9924,4.5318,1.4844,1.8388,4.1886,5.3001,2.844,1.6537,0.84892,2.1926,2.8973,0.91636,2.679,4.1379,2.3364,2.4961,3.6716,2.8347,2.3163,4.954,2.9887,2.6132,4.5729,2.0477,2.4183,4.5643,2.2424,2.1779,4.1835,0.73063,2.1538,3.3382,0.52032,2.4227,3.0273,0.56303,2.2008,3.8591,2.4895,2.4585,4.5589,0.76659,2.4146,2.9405,1.2987,1.5665,4.3559,1.6248,1.9647,3.4879,0.25374,2.6599,2.1269,3.4304,2.9398,0.26041,0.87234,2.3051,3.0455,1.6349,1.6652,4.1284,1.6346,1.8669,3.2284,0.77072,2.3808,2.8679,2.1952,2.3138,4.9473,1.2565,2.565,3.1649,1.2083,2.1704,3.5861,0.42941,2.0506,3.2899,1.7072,1.9397,3.4352,2.5803,2.0718,4.0823,2.0646,2.1416,4.9636,1.3633,1.7236,3.8404,0.75749,2.0033,2.7781,2.0868,2.1405,5.0353,2.1956,2.2625,4.536,1.5173,2.4015,3.9912,4.1437,2.94,0.071151,1.872,2.4573,4.0087,0.69464,1.9819,4.1377,1.2178,2.6237,4.2485,3.4122,2.8172,6.1031,1.701,1.5717,3.2779,0.2375,2.3557,3.3888,4.9859,2.9888,0.84472,0.44536,2.8093,3.2596,1.192,2.5319,3.0375,2.2322,2.1684,4.9867,1.596,2.0767,4.4155,1.635,1.6258,3.3656,1.6813,2.9355,3.3085,0.70087,2.3668,2.8733,0.83542,2.4135,3.0027,0.24314,2.6523,3.3517,1.8656,2.4051,4.2496,0.59905,2.4272,2.7768,1.0164,2.2918,3.6105,1.3045,1.7763,4.313,0.24161,2.3378,3.4426,1.6701,1.5886,3.2782,0.73721,2.3532,2.831,2.9797,2.8628,6.0112,1.8112,2.5457,3.9894,2.0262,2.215,4.6039,2.3219,2.6893,5.1397,1.676,1.9604,3.8321,1.3857,1.7947,3.7334,2.2757,2.1425,4.9948,1.4894,2.5924,3.9705,0.54345,3.0272,2.2508,4.5072,2.9268,0.28395,1.3187,2.8027,4.2348,1.8964,1.963,3.8938,1.2126,2.6617,2.8046,0.20243,2.7934,2.8776,1.047,2.9096,4.1894,0.49892,2.4709,2.5917,0.81986,2.0307,2.87,0.53122,2.4701,3.4029,1.7218,2.2072,4.3084,1.1513,2.792,4.2779,0.66809,2.0175,3.0153,2.0699,1.8468,3.7456,1.3573,1.8691,3.6914,2.3455,2.6465,4.8358,1.4779,1.5678,4.1951,1.3067,2.1411,3.2158,0.70423,2.0519,3.0333,0.69877,2.3117,2.6321,1.7684,2.3659,4.1714,2.2894,2.6241,4.9279,0.60613,2.0444,2.9922,1.697,1.7408,3.3044,0.80831,2.997,2.5901,0.55108,2.5182,2.5942,3.1773,2.7354,6.1137,6.1996,2.8674,2.5971,4.2568,2.9242,6.2472,2.3865,2.3179,3.7411,1.3937,3.0634,4.3163,1.2798,2.4204,3.488,0.18823,3.1012,3.087,2.3747,2.2043,3.7671,1.2955,1.847,3.6922,2.4097,2.3274,4.6062,2.6075,2.682,4.1684,1.2657,2.7094,4.3356,1.7488,1.9488,3.8461,1.1768,2.7647,3.7252,2.367,2.3853,4.973,1.4675,2.6281,3.3445,2.1716,2.2532,4.079,0.8262,1.9617,3.3859,2.4198,2.3593,3.7947,2.354,2.3697,3.7377,2.2562,1.9705,5.0148,2.6476,2.2892,4.8194,2.383,2.2387,3.799,1.4207,1.6036,3.8934,2.3831,2.6318,4.9422,1.7956,1.9491,3.8763,0.81227,2.1286,4.0911,1.5993,1.8386,4.3147,2.3484,2.6131,4.953,1.4537,2.3951,3.258,5.8707,2.8444,2.1454,1.8635,1.7633,3.5174,1.9687,2.9571,4.2346,2.079,1.976,4.8185,1.152,2.6066,4.3372,1.9585,2.1503,4.9182,1.6436,1.7894,3.9455,1.6195,2.0063,3.3567,1.1149,2.7379,3.6809,1.0044,2.8449,3.8293,1.5152,2.4716,3.8963,1.1601,2.7152,3.6845,1.7853,1.7679,4.0862,0.78663,2.4544,2.7988,1.8513,2.1107,4.3994,0.099527,2.788,2.9469,1.0614,1.9496,4.3126,0.97189,2.3009,3.0594,1.6038,2.4037,4.5701,0.99925,2.0825,2.8333,0.77739,2.0077,2.7024,1.6635,1.7792,3.9491,0.89352,2.4475,2.8632,1.3408,1.5862,3.8398,2.7714,2.603,4.6226,1.0607,2.1936,3.6373,1.1631,2.7528,3.6769,1.9938,1.9932,4.4744,1.0376,1.9604,4.2475,1.8878,1.6461,3.4394,1.6987,2.4914,3.9817,2.2118,2.5444,4.895,2.0868,2.3625,3.6331,1.2147,3.0622,3.4585,1.4172,1.4472,4.2473,0.68282,2.9851,3.648,1.6402,1.7328,4.239,0.78149,2.0013,2.7266,0.59157,2.2134,4.0164,2.6292,2.5998,4.5227,2.009,2.1115,3.447,1.3805,2.8981,3.5365,1.0856,2.2136,3.624,2.536,2.0233,4.4743,1.4993,1.7355,4.4206,1.6003,2.5881,3.5722,2.0671,2.2879,4.0648,2.7077,2.3264,4.9773,0.44557,2.5111,2.9377
0.11687,0.18494,0.0047397,228.24,244.65,201.21,0.0013103,0.0014931,0.0010092,209.29,225.2,219.8,216.53,203.33,184.36,235.99,223.73,257.08,218.29,241.3,252.78,201.4,218.65,217.47,263.45,216.04,239.1,199.81,183.04,311.91,223.38,191.97,233.46,196.21,264.39,243.44,298.96,169.12,250.42,211.52,207.88,154.84,223.61,247.98,317.24,244.12,194.2,271.28,320.27,288.97,187.77,221.68,182.63,257.41,245.76,275.68,262.75,306.8,265.94,254.44,246.35,304.0,303.68,296.08,250.31,277.38,207.14,211.04,335.14,290.57,303.6,347.86,184.72,247.95,232.76,182.36,206.89,287.52,217.64,256.5,223.04,256.63,277.03,223.13,214.18,245.36,268.34,303.99,264.76,224.41,284.68,257.53,232.2,294.88,161.34,233.94,223.15,232.02,254.37,281.41,254.56,237.99,256.47,207.37,249.88,242.77,323.82,250.36,241.0,273.5,302.19,330.91,238.48,301.87,318.99,362.08,273.34,224.39,285.15,316.6,233.62,272.49,261.68,240.27,309.12,259.92,295.73,326.56,306.84,231.76,292.11,283.21,254.52,256.7,245.06,361.85,225.46,340.37,347.55,340.95,254.6,322.12,229.3,242.74,429.58,247.01,282.32,305.55,275.96,264.81,252.77,289.84,343.25,247.08,263.31,327.95,209.67,241.22,276.59,226.52,252.6,306.88,239.38,161.12,245.92,324.51,292.56,299.83,366.76,209.86,256.17,193.94,178.88,224.35,271.25,208.24,295.59,239.32,214.99,250.17,224.6,253.88,169.35,262.18,251.21,240.59,225.27,218.54,294.16,205.99,278.6,357.97,247.09,253.54,240.56,304.23,256.75,233.7,278.46,313.16,251.94,263.44,263.84,275.16,287.63,247.76,335.83,222.79,239.98,242.97,264.59,243.31,257.55,251.91,294.14,247.59,226.2,262.83,278.21,243.96,190.25,205.35,242.99,303.66,225.78,223.35,283.51,226.3,247.31,254.28,239.95,246.01,271.14,268.39,201.57,258.37,207.33,263.77,219.27,236.6,185.71,260.36,262.54,172.42,266.03,219.02,174.73,251.01,186.31,221.4,253.62,189.91,232.8,244.27,196.68,241.23,243.44,228.39,188.69,240.18,208.29,228.89,227.21,167.49,270.55,272.63,209.26,172.89,204.12,270.28,235.22,235.0,223.97,149.64,161.1,202.64,241.77,230.37,217.71,221.59,210.63,190.41,171.12,183.29,230.05,213.49,244.54,220.19,0.00078996,0.0010648,0.0010513,0.0011335,0.0010138,0.00092933,0.0012389,0.00095666,0.001285,0.0010448,0.0012751,0.0014025,0.0010477,0.0011792,0.0010665,0.0015569,0.0012342,0.0013021,0.0012929,0.001115,0.0018,0.0014646,0.0011967,0.0015591,0.0013494,0.0016106,0.0013868,0.0017417,0.0012563,0.0016524,0.0012827,0.0012801,0.0010719,0.00127,0.0015103,0.0018663,0.0014766,0.0013225,0.0016589,0.0017548,0.0015312,0.0011115,0.0014474,0.0013199,0.0015251,0.0015408,0.001653,0.0014626,0.0017572,0.0015687,0.0012569,0.0014918,0.0018427,0.0016185,0.0017506,0.0015562,0.0016128,0.0011643,0.0014857,0.0019973,0.0018998,0.0017788,0.0019507,0.001351,0.0016927,0.0014605,0.0013013,0.0015647,0.0017482,0.0014248,0.0017327,0.001508,0.0015021,0.0017205,0.0015145,0.0014351,0.0014746,0.0016869,0.0018908,0.0017803,0.0015334,0.0019209,0.0017277,0.0014045,0.0015723,0.0012767,0.0011885,0.0015783,0.0014938,0.0015891,0.0017306,0.0014807,0.0015126,0.0016773,0.0012788,0.0016141,0.0015261,0.0020181,0.0016218,0.0015538,0.001431,0.0018092,0.0020524,0.0014348,0.0018873,0.0014277,0.0020209,0.001749,0.0015774,0.0016679,0.0019591,0.0016235,0.0016675,0.0015993,0.0015774,0.0018769,0.0016679,0.0017904,0.0019113,0.0015643,0.0015749,0.0018308,0.0016411,0.0018028,0.001566,0.0011666,0.0021616,0.0015977,0.0015542,0.0020901,0.0021101,0.0016859,0.0019399,0.0014921,0.0016136,0.0019337,0.0017131,0.0016576,0.0018561,0.00169,0.00169,0.0016423,0.0015683,0.0020012,0.0017324,0.0013762,0.0017966,0.0012312,0.0013583,0.0015251,0.001465,0.0016722,0.0017067,0.0015555,0.0012188,0.0014,0.0019179,0.0018368,0.0013679,0.002039,0.0013371,0.0015991,0.0013682,0.0013561,0.0013897,0.0016281,0.00148,0.001795,0.0015867,0.0015037,0.0016482,0.0012992,0.0016471,0.0013576,0.001646,0.0015707,0.0017187,0.0015311,0.0014055,0.0016608,0.0013605,0.0016856,0.0020587,0.001618,0.0016287,0.0016913,0.0017677,0.0015886,0.0015633,0.0016128,0.0016501,0.0016487,0.0016134,0.0016863,0.0019383,0.0017458,0.0015864,0.0010432,0.0015648,0.0014982,0.0015938,0.0016618,0.0015613,0.001662,0.001508,0.0020465,0.0015193,0.0015609,0.0016083,0.001534,0.0015103,0.0013432,0.0014072,0.0014614,0.0018298,0.0015066,0.0014834,0.0016031,0.0014354,0.0016069,0.0015922,0.0014962,0.0015003,0.0015657,0.0016427,0.0013532,0.0016261,0.0013796,0.0015552,0.0014857,0.0013526,0.0012518,0.0014498,0.0016454,0.0012109,0.0015791,0.0013099,0.0013551,0.0015294,0.0012303,0.0014286,0.0015185,0.0013183,0.0014054,0.001456,0.0011345,0.0014369,0.0014208,0.0014383,0.0012467,0.0015092,0.001294,0.0014308,0.0013146,0.00096501,0.0014281,0.0015159,0.0011675,0.0011672,0.0011286,0.0014927,0.0014466,0.0014066,0.0010183,0.00091809,0.00099023,0.0010121,0.0014449,0.0013561,0.001011,0.0012407,0.0010244,0.0010194,0.00087208,0.00085255,0.0011285,0.0011473,0.0013441,0.001218,1074300.0,1105700.0,792270.0,4276700.0,2284500.0,1150800.0,5856800.0,1513400.0,1879800.0,3242500.0,2966100.0,734830.0,5652900.0,1298400.0,4052200.0,2459600.0,5070500.0,4091400.0,1340500.0,3371900.0,2502600.0,3347400.0,11704000.0,958350.0,6311800.0,749460.0,9101500.0,1591900.0,1841400.0,815570.0,3232100.0,1680500.0,5814300.0,23940000.0,2520900.0,2724900.0,4347000.0,1235900.0,1513400.0,1646200.0,2062700.0,1057700.0,2058300.0,1019200.0,7475600.0,2433400.0,1825600.0,1494000.0,2274900.0,15971000.0,952090.0,7278300.0,3995200.0,706940.0,3910700.0,1079100.0,2657700.0,17679000.0,32102000.0,2373200.0,1720700.0,1532600.0,2840700.0,1036400.0,1926200.0,3409900.0,803840.0,2871900.0,1940600.0,3915400.0,2755300.0,1446400.0,1119200.0,15048000.0,5077600.0,1340600.0,3613400.0,1673300.0,965090.0,2573300.0,3702600.0,1313000.0,893150.0,2116300.0,873820.0,1861100.0,2850800.0,4950200.0,4191200.0,2338500.0,5694300.0,1300700.0,9352900.0,4677300.0,1017700.0,1694700.0,903640.0,1769700.0,3509900.0,9918500.0,1730700.0,16523000.0,1417300.0,9919600.0,1633600.0,3256300.0,1272900.0,1628100.0,12535000.0,5115100.0,2157200.0,3869300.0,2389200.0,1225800.0,656170.0,3373000.0,11659000.0,2413800.0,1291100.0,778800.0,1922000.0,735100.0,1193700.0,2218700.0,8786700.0,4156700.0,2627900.0,3087700.0,2361300.0,1498700.0,773560.0,10411000.0,2404500.0,3548600.0,2073400.0,1371700.0,1031900.0,2014200.0,1052000.0,2853800.0,3921600.0,1159600.0,1477000.0,2103000.0,1521000.0,2210500.0,2422200.0,877170.0,6912100.0,1513500.0,9390500.0,6180200.0,809830.0,10291000.0,814480.0,1274500.0,19279000.0,683650.0,12167000.0,721740.0,5575100.0,3693400.0,3817200.0,2647300.0,5252900.0,4116200.0,4227600.0,964530.0,4135000.0,1638700.0,6369200.0,1506700.0,7610900.0,1080700.0,744550.0,4005200.0,2996600.0,1988300.0,8411500.0,2288700.0,948280.0,1205600.0,3671000.0,3568300.0,1940100.0,1475700.0,747540.0,6807100.0,5275200.0,2336700.0,637470.0,17726000.0,3323000.0,5257900.0,1142200.0,18258000.0,5431600.0,1100100.0,8580600.0,1353300.0,1434500.0,3992400.0,5297000.0,799330.0,1639500.0,973680.0,1778500.0,1568200.0,1456500.0,7851700.0,2342100.0,1425100.0,12280000.0,2793800.0,1238000.0,1263500.0,3260300.0,951930.0,4669600.0,1133200.0,1854600.0,8075300.0,4435100.0,696550.0,1421900.0,10018000.0,5258300.0,5069200.0,15394000.0,3001700.0,1931800.0,2342400.0,2994600.0,3189800.0,1882600.0,1749500.0,2275100.0,1499400.0,7215800.0,652060.0,3656200.0,8296200.0,8910100.0,1863600.0,5378600.0,4029700.0,5011000.0,864140.0,1139900.0,5361500.0,1551600.0,6587500.0,3485200.0,7122400.0,1970700.0,1638700.0,1591200.0,1087700.0,1106100.0,2208100.0,945990.0,5091800.0,3371700.0,4404800.0,3356800.0,2894200.0,2745600.0,15584000.0,14989000.0,6042000.0,4601000.0,2807600.0,6148400.0,3762100.0,1781300.0,2740300.0,1353800.0,4824200.0,3044800.0,1.5328,1.8521,4.1676,2.2331,2.4738,3.6653,1.2768,2.2336,4.2237,1.2123,1.9892,4.2217,2.4811,2.6639,4.3148,0.7928,2.063,4.2188,1.6214,2.5138,3.8838,3.0645,2.8448,5.8611,1.2046,2.0187,4.2099,1.7254,1.718,4.2466,1.2817,2.2561,4.2563,0.77271,2.0439,4.2106,2.9195,2.8425,4.6178,5.6218,2.7612,1.4081,1.2407,2.8299,3.6215,0.88111,2.1573,3.0063,2.5409,2.1208,4.5141,1.4643,1.6811,3.8967,0.68669,2.6408,3.8789,1.9329,1.8112,3.5088,1.1596,2.4031,3.1861,0.33894,2.2898,3.5241,1.8248,1.6446,3.3982,2.0535,2.7295,4.2716,1.8591,1.646,3.3762,1.5775,1.6501,3.952,0.35127,2.1707,3.1508,2.0702,2.4111,4.4744,1.4842,1.6929,3.2457,0.87487,1.9236,2.7609,3.1673,2.8403,5.9577,1.9495,1.7949,3.4962,0.91511,2.7185,2.9015,1.7305,2.5902,4.0024,0.69558,1.8969,2.7567,1.0938,2.4251,3.1136,1.9231,1.9285,4.4944,1.7752,1.6582,3.8908,0.57429,2.1754,3.8343,1.3002,2.5141,3.8405,0.99111,2.1213,3.2174,2.5745,2.3333,4.3385,2.0248,2.1982,4.7148,1.5143,1.6598,3.9226,1.8861,1.9705,4.4864,1.4732,2.1902,3.25,0.82392,2.1943,3.0851,2.4494,2.4341,4.3621,1.9771,2.5481,4.8542,1.9312,2.612,4.8328,2.5638,2.3283,4.322,1.2774,2.5133,3.9033,1.7798,2.2934,4.3586,2.3815,3.0101,4.2622,0.59808,2.4205,2.5828,1.4439,2.0296,4.5985,1.9651,3.0331,3.849,0.28808,2.3809,3.377,1.6918,1.6195,4.0795,0.78644,2.1513,3.0623,2.2605,2.3012,4.6896,0.59442,2.4676,3.087,0.8658,2.2062,3.1958,0.043212,2.896,1.7909,2.0107,2.1319,4.61,2.533,2.3722,4.2721,2.368,2.304,5.143,2.0045,2.7101,4.1863,1.1258,1.8437,4.0024,4.5577,2.8629,0.62109,0.80658,2.1774,2.9991,1.441,2.1162,4.2746,1.1525,2.1816,3.5342,2.1148,2.6792,4.376,1.6351,1.5854,4.1466,1.17,2.5368,3.0864,0.7524,2.4613,3.7442,2.1749,1.8527,3.6895,1.4599,2.5108,3.4797,1.4385,2.596,3.551,1.4787,1.6416,4.2796,1.9787,2.7071,4.4965,2.0562,2.7107,4.6107,3.3493,2.8244,6.1053,1.6984,1.6245,4.1915,1.8223,1.9602,3.4064,2.3823,2.9651,5.2781,1.1923,2.5626,3.0607,2.6841,2.4169,5.0109,0.9728,2.6561,4.1615,1.4769,2.4877,3.5257,0.97844,1.9247,4.1009,1.7534,1.6208,4.0707,1.8712,1.9261,3.397,6.0418,2.9046,2.871,2.9084,2.2411,4.6469,1.4428,1.953,4.3147,1.1534,2.5933,3.3516,1.4488,2.4564,3.3865,1.7222,1.921,3.6765,1.9908,2.4391,4.048,1.0974,2.3435,3.2303,2.4618,1.9445,5.2608,1.0541,2.6365,3.2893,1.4218,2.5091,3.3595,0.21995,3.0297,3.2012,0.67047,1.8644,2.8258,1.6561,1.9917,4.5326,1.4844,1.8384,4.1889,5.2984,2.8431,1.6523,0.84905,2.193,2.898,0.91619,2.6795,4.1388,2.3371,2.4953,3.6714,2.8369,2.3158,4.9544,2.9898,2.6129,4.5734,2.0475,2.4179,4.5647,2.2408,2.1785,4.1832,0.73025,2.155,3.3382,0.52196,2.4226,3.0278,0.56316,2.2014,3.8596,2.49,2.458,4.5597,0.76579,2.4148,2.9401,1.2989,1.5664,4.3563,1.6238,1.9642,3.4883,0.25546,2.6598,2.1279,3.4303,2.9397,0.26116,0.87259,2.3042,3.0463,1.6346,1.6653,4.1288,1.6352,1.8674,3.229,0.77077,2.3803,2.8679,2.1953,2.3133,4.9472,1.2577,2.5653,3.1657,1.2093,2.1712,3.587,0.42828,2.0512,3.2902,1.7072,1.939,3.4353,2.5812,2.0715,4.0825,2.0642,2.1417,4.9635,1.3637,1.7232,3.8406,0.75782,2.0036,2.7785,2.0863,2.1403,5.0358,2.1948,2.263,4.5363,1.5169,2.4023,3.9915,4.1424,2.9393,0.069734,1.8714,2.4579,4.0088,0.69361,1.982,4.138,1.2179,2.6237,4.2485,3.4107,2.8169,6.1027,1.7015,1.5715,3.278,0.23786,2.3561,3.3889,4.9838,2.9892,0.84203,0.44486,2.8094,3.2602,1.1916,2.5321,3.0381,2.233,2.1689,4.9872,1.597,2.0764,4.4161,1.6357,1.6257,3.3661,1.6841,2.9356,3.3092,0.70212,2.3663,2.8742,0.83494,2.413,3.0029,0.24336,2.6526,3.3519,1.8679,2.406,4.2503,0.60022,2.4271,2.7772,1.0163,2.2926,3.6102,1.3042,1.7761,4.3132,0.24141,2.3381,3.443,1.6709,1.5886,3.2783,0.73904,2.3526,2.8316,2.9792,2.8627,6.0116,1.8097,2.5452,3.989,2.0265,2.2153,4.604,2.32,2.6887,5.1387,1.6747,1.9603,3.8317,1.3862,1.7944,3.7337,2.2764,2.1424,4.9948,1.4898,2.592,3.9701,0.54214,3.0269,2.2485,4.5064,2.9264,0.28356,1.3197,2.8034,4.2343,1.8964,1.9632,3.8939,1.2124,2.6619,2.8041,0.20121,2.7933,2.877,1.0476,2.9097,4.1896,0.49866,2.4705,2.5919,0.82089,2.0315,2.8695,0.53129,2.4705,3.4029,1.7228,2.2075,4.3089,1.1505,2.7925,4.2773,0.66852,2.0179,3.0145,2.0707,1.8466,3.7451,1.3586,1.8693,3.6918,2.3447,2.6459,4.8347,1.4787,1.568,4.1952,1.3063,2.1411,3.2161,0.70469,2.0525,3.0328,0.69982,2.311,2.6322,1.769,2.3663,4.1716,2.2887,2.6235,4.9276,0.60603,2.0449,2.9915,1.6982,1.7417,3.3042,0.80939,2.9968,2.5904,0.55098,2.5182,2.5943,3.1787,2.7353,6.1152,6.2001,2.8674,2.598,4.2549,2.9238,6.2452,2.3867,2.3172,3.7409,1.3956,3.0632,4.3191,1.2792,2.421,3.4878,0.18443,3.1013,3.084,2.3748,2.204,3.7668,1.2957,1.8469,3.6925,2.4096,2.3274,4.6066,2.6076,2.6825,4.1694,1.2656,2.7095,4.3355,1.7479,1.9486,3.8457,1.1772,2.7645,3.7257,2.3666,2.3847,4.9723,1.4667,2.628,3.3449,2.1715,2.2537,4.0789,0.82606,1.9619,3.386,2.4199,2.3589,3.7949,2.354,2.3695,3.7375,2.2568,1.9709,5.0156,2.6473,2.2892,4.8196,2.3832,2.2388,3.7989,1.421,1.6037,3.8938,2.3826,2.6313,4.9419,1.7951,1.949,3.8761,0.8124,2.1285,4.0917,1.5992,1.8386,4.3151,2.3479,2.6124,4.9529,1.4536,2.3951,3.258,5.8702,2.8441,2.145,1.8635,1.7631,3.5176,1.9683,2.9565,4.2339,2.0795,1.9762,4.8188,1.1524,2.6068,4.3376,1.9591,2.1504,4.9185,1.6437,1.7893,3.9453,1.6196,2.0063,3.3564,1.1155,2.7377,3.6815,1.0049,2.845,3.8294,1.5159,2.4719,3.8966,1.1602,2.7147,3.6846,1.785,1.7677,4.0862,0.78603,2.4543,2.799,1.8511,2.111,4.3995,0.099651,2.7879,2.9476,1.0612,1.9496,4.3129,0.97204,2.3006,3.0597,1.6035,2.4037,4.57,0.99936,2.0825,2.8333,0.77766,2.0078,2.7022,1.6638,1.779,3.949,0.89331,2.4474,2.8638,1.3405,1.5862,3.8398,2.7714,2.6031,4.6225,1.0605,2.194,3.6373,1.1633,2.7525,3.677,1.994,1.9932,4.4744,1.0372,1.9604,4.2475,1.888,1.6461,3.4394,1.699,2.4915,3.9816,2.2123,2.5443,4.8948,2.0864,2.3624,3.6327,1.2147,3.0621,3.4586,1.417,1.4471,4.2474,0.68319,2.985,3.6482,1.6403,1.7327,4.239,0.78175,2.0013,2.7265,0.59107,2.2135,4.0168,2.6288,2.5998,4.5227,2.0091,2.1114,3.447,1.3804,2.8979,3.5365,1.0856,2.2138,3.6239,2.536,2.0235,4.4743,1.4994,1.7355,4.4206,1.6002,2.5881,3.5722,2.0672,2.288,4.0648,2.7077,2.3261,4.9771,0.44559,2.5109,2.9376
0.11811,0.18692,0.0047808,228.72,245.36,201.31,0.0013129,0.0014968,0.0010098,209.42,225.44,220.21,216.71,203.77,184.55,236.31,224.01,257.51,218.58,241.99,253.46,201.53,219.17,217.73,264.23,216.31,239.59,200.56,183.13,312.74,223.9,192.31,233.89,196.6,264.88,244.13,299.84,169.5,251.04,211.99,208.3,154.79,223.92,248.46,318.16,244.52,194.46,272.2,321.44,289.75,188.12,221.24,182.76,258.14,246.49,276.52,263.72,307.94,266.7,255.32,247.32,305.36,305.02,297.42,251.24,278.67,208.43,211.26,336.75,292.09,304.86,348.26,185.43,249.02,233.2,185.25,206.3,287.93,217.1,256.74,224.29,258.07,278.24,223.92,215.26,246.39,269.57,305.1,265.44,224.46,285.19,257.77,233.29,296.11,162.35,234.54,224.32,234.15,255.25,282.33,256.8,237.58,258.06,208.05,251.19,243.36,324.55,251.11,241.79,275.09,303.37,332.66,239.14,302.46,321.99,363.37,274.62,225.06,286.02,318.7,234.79,273.2,262.67,241.09,310.33,260.64,296.84,328.74,307.79,233.38,293.76,284.35,255.42,258.6,246.97,363.73,226.46,342.63,349.32,342.35,255.46,324.36,229.88,244.16,432.92,248.17,282.57,306.79,277.32,265.85,253.02,290.95,344.5,247.76,266.04,328.62,210.56,243.37,280.73,227.27,253.28,308.18,240.15,161.32,246.89,325.53,293.25,302.43,368.07,210.38,256.85,194.24,180.59,225.08,271.98,208.73,296.23,240.77,215.32,250.64,225.48,254.97,169.45,262.86,251.58,241.4,225.71,219.01,295.09,206.61,279.6,358.56,247.39,254.39,240.85,305.05,257.52,233.81,279.4,314.02,252.69,264.34,264.75,276.08,288.33,248.53,340.61,223.27,240.55,243.32,264.56,243.6,258.08,252.67,295.31,248.16,226.84,262.92,279.14,244.59,190.76,205.68,243.64,304.53,226.74,223.64,283.84,226.66,247.96,254.91,240.37,246.58,271.72,268.9,201.97,259.36,207.67,264.53,219.63,236.87,186.04,260.85,263.01,172.58,266.48,219.43,175.01,251.49,186.6,221.75,254.21,190.11,233.2,244.76,196.9,241.71,243.88,228.56,188.8,240.6,208.63,229.37,227.61,167.59,271.03,273.16,209.47,173.01,204.39,270.69,235.61,235.38,224.29,149.81,161.24,202.8,242.1,230.79,217.98,221.82,210.83,190.53,171.27,183.39,230.25,213.6,244.91,220.33,0.00079005,0.0010653,0.0010521,0.0011345,0.0010154,0.00092897,0.0012407,0.00095761,0.0012876,0.0010461,0.0012784,0.0014059,0.0010476,0.0011818,0.0010677,0.0015612,0.0012361,0.0013052,0.0012969,0.0011155,0.001805,0.0014681,0.0011991,0.0015624,0.001352,0.0016155,0.0013909,0.0017463,0.0012595,0.001656,0.0012861,0.0012812,0.0010716,0.0012711,0.0015133,0.0018723,0.0014803,0.0013236,0.0016644,0.0017624,0.0015364,0.0011127,0.0014473,0.0013226,0.0015303,0.0015461,0.0016587,0.0014679,0.0017647,0.0015737,0.0012605,0.0014977,0.0018511,0.0016257,0.0017586,0.0015622,0.0016204,0.0011638,0.0014877,0.0020074,0.0019083,0.0017867,0.0019573,0.0013556,0.0016999,0.0014645,0.0013095,0.001564,0.001753,0.0014247,0.0017337,0.001515,0.0015096,0.0017272,0.0015183,0.0014408,0.0014805,0.0016936,0.0018975,0.0017838,0.0015311,0.0019261,0.001731,0.0014081,0.0015756,0.0012824,0.0011845,0.0015839,0.001502,0.001595,0.0017365,0.0014897,0.001505,0.0016861,0.0012758,0.0016212,0.0015307,0.0020221,0.0016258,0.0015589,0.0014389,0.0018156,0.0020594,0.0014387,0.001891,0.0014439,0.0020285,0.0017559,0.0015815,0.0016731,0.0019703,0.0016299,0.0016668,0.0016061,0.0015822,0.0018839,0.0016711,0.0017964,0.001919,0.0015692,0.0015829,0.0018392,0.001646,0.0018088,0.0015736,0.0011746,0.002171,0.0016044,0.0015658,0.0020985,0.0021183,0.0016897,0.0019495,0.001498,0.0016213,0.0019477,0.0017182,0.001657,0.0018626,0.001695,0.0016953,0.001644,0.0015745,0.0020109,0.0017365,0.0013855,0.0018032,0.0012346,0.0013636,0.0015441,0.0014701,0.0016774,0.001711,0.0015611,0.001221,0.0014039,0.0019246,0.001841,0.0013781,0.0020446,0.0013405,0.0016033,0.0013707,0.0013643,0.0013914,0.0016324,0.0014837,0.0017989,0.0015932,0.0015059,0.0016518,0.0013044,0.0016521,0.0013544,0.001651,0.0015728,0.001722,0.0015323,0.0014079,0.0016655,0.0013633,0.0016904,0.0020624,0.0016198,0.001634,0.0016933,0.0017733,0.0015927,0.0015649,0.0016182,0.0016556,0.0016534,0.0016195,0.0016909,0.0019431,0.0017496,0.0015917,0.0010606,0.0015681,0.0015023,0.0015973,0.0016641,0.0015634,0.0016652,0.0015133,0.0020538,0.0015229,0.0015656,0.0016096,0.0015392,0.0015149,0.001346,0.0014094,0.0014655,0.0018352,0.001511,0.0014857,0.0016043,0.0014373,0.0016103,0.0015969,0.0014992,0.0015041,0.0015702,0.0016459,0.0013559,0.0016311,0.0013821,0.0015595,0.0014873,0.001354,0.0012537,0.0014525,0.0016491,0.0012121,0.0015821,0.001312,0.0013581,0.0015328,0.0012322,0.0014307,0.0015224,0.0013207,0.0014074,0.0014585,0.001136,0.0014401,0.0014232,0.0014398,0.0012475,0.0015119,0.0012961,0.0014336,0.0013171,0.00096561,0.001431,0.0015193,0.0011687,0.0011685,0.00113,0.0014948,0.0014487,0.0014089,0.0010197,0.00091933,0.00099098,0.001013,0.001447,0.0013584,0.0010123,0.0012421,0.0010254,0.0010201,0.00087279,0.00085307,0.0011295,0.001148,0.001346,0.0012188,1074300.0,1105700.0,792270.0,4276700.0,2284500.0,1150800.0,5856800.0,1513400.0,1879800.0,3242500.0,2966100.0,734830.0,5652900.0,1298400.0,4052200.0,2459600.0,5070500.0,4091400.0,1340500.0,3371900.0,2502600.0,3347400.0,11704000.0,958350.0,6311800.0,749460.0,9101500.0,1591900.0,1841400.0,815570.0,3232100.0,1680500.0,5814300.0,23940000.0,2520900.0,2724900.0,4347000.0,1235900.0,1513400.0,1646200.0,2062700.0,1057700.0,2058300.0,1019200.0,7475600.0,2433400.0,1825600.0,1494000.0,2274900.0,15971000.0,952090.0,7278300.0,3995200.0,706940.0,3910700.0,1079100.0,2657700.0,17679000.0,32102000.0,2373200.0,1720700.0,1532600.0,2840700.0,1036400.0,1926200.0,3409900.0,803840.0,2871900.0,1940600.0,3915400.0,2755300.0,1446400.0,1119200.0,15048000.0,5077600.0,1340600.0,3613400.0,1673300.0,965090.0,2573300.0,3702600.0,1313000.0,893150.0,2116300.0,873820.0,1861100.0,2850800.0,4950200.0,4191200.0,2338500.0,5694300.0,1300700.0,9352900.0,4677300.0,1017700.0,1694700.0,903640.0,1769700.0,3509900.0,9918500.0,1730700.0,16523000.0,1417300.0,9919600.0,1633600.0,3256300.0,1272900.0,1628100.0,12535000.0,5115100.0,2157200.0,3869300.0,2389200.0,1225800.0,656170.0,3373000.0,11659000.0,2413800.0,1291100.0,778800.0,1922000.0,735100.0,1193700.0,2218700.0,8786700.0,4156700.0,2627900.0,3087700.0,2361300.0,1498700.0,773560.0,10411000.0,2404500.0,3548600.0,2073400.0,1371700.0,1031900.0,2014200.0,1052000.0,2853800.0,3921600.0,1159600.0,1477000.0,2103000.0,1521000.0,2210500.0,2422200.0,877170.0,6912100.0,1513500.0,9390500.0,6180200.0,809830.0,10291000.0,814480.0,1274500.0,19279000.0,683650.0,12167000.0,721740.0,5575100.0,3693400.0,3817200.0,2647300.0,5252900.0,4116200.0,4227600.0,964530.0,4135000.0,1638700.0,6369200.0,1506700.0,7610900.0,1080700.0,744550.0,4005200.0,2996600.0,1988300.0,8411500.0,2288700.0,948280.0,1205600.0,3671000.0,3568300.0,1940100.0,1475700.0,747540.0,6807100.0,5275200.0,2336700.0,637470.0,17726000.0,3323000.0,5257900.0,1142200.0,18258000.0,5431600.0,1100100.0,8580600.0,1353300.0,1434500.0,3992400.0,5297000.0,799330.0,1639500.0,973680.0,1778500.0,1568200.0,1456500.0,7851700.0,2342100.0,1425100.0,12280000.0,2793800.0,1238000.0,1263500.0,3260300.0,951930.0,4669600.0,1133200.0,1854600.0,8075300.0,4435100.0,696550.0,1421900.0,10018000.0,5258300.0,5069200.0,15394000.0,3001700.0,1931800.0,2342400.0,2994600.0,3189800.0,1882600.0,1749500.0,2275100.0,1499400.0,7215800.0,652060.0,3656200.0,8296200.0,8910100.0,1863600.0,5378600.0,4029700.0,5011000.0,864140.0,1139900.0,5361500.0,1551600.0,6587500.0,3485200.0,7122400.0,1970700.0,1638700.0,1591200.0,1087700.0,1106100.0,2208100.0,945990.0,5091800.0,3371700.0,4404800.0,3356800.0,2894200.0,2745600.0,15584000.0,14989000.0,6042000.0,4601000.0,2807600.0,6148400.0,3762100.0,1781300.0,2740300.0,1353800.0,4824200.0,3044800.0,1.533,1.8522,4.1675,2.2333,2.474,3.6653,1.2768,2.2337,4.2237,1.2121,1.9891,4.2215,2.4809,2.6639,4.3149,0.79219,2.063,4.2188,1.6225,2.5141,3.8837,3.065,2.8448,5.8613,1.2043,2.019,4.2096,1.7252,1.7179,4.2466,1.2819,2.2565,4.2567,0.77188,2.0436,4.2106,2.9195,2.8425,4.6186,5.6207,2.761,1.4073,1.2409,2.8296,3.6217,0.88027,2.1574,3.0061,2.5416,2.1218,4.5151,1.4643,1.681,3.8966,0.68739,2.6416,3.879,1.9322,1.8117,3.5093,1.1605,2.4027,3.1873,0.33955,2.2898,3.5235,1.8253,1.6443,3.3984,2.0532,2.7284,4.2705,1.8599,1.6458,3.3761,1.5787,1.6497,3.9525,0.35096,2.1711,3.1503,2.0711,2.4117,4.4755,1.4846,1.6931,3.2462,0.87533,1.924,2.7608,3.1687,2.8403,5.9589,1.9492,1.7954,3.4965,0.91428,2.7187,2.9017,1.7297,2.5903,4.0024,0.69633,1.8971,2.7564,1.094,2.4248,3.1141,1.9233,1.9284,4.4944,1.7758,1.658,3.8908,0.57522,2.1749,3.8356,1.3017,2.5149,3.8414,0.991,2.122,3.2166,2.5753,2.334,4.3393,2.0243,2.1985,4.7153,1.5147,1.6595,3.9227,1.8861,1.971,4.4863,1.4735,2.1904,3.2496,0.82359,2.1953,3.0838,2.4494,2.4349,4.3624,1.9774,2.5475,4.8536,1.931,2.6122,4.8321,2.5642,2.3288,4.3227,1.2773,2.5134,3.9024,1.7807,2.294,4.3593,2.3832,3.0095,4.2635,0.59909,2.4199,2.5842,1.4428,2.0294,4.5985,1.9637,3.0326,3.8472,0.28778,2.3808,3.3768,1.6918,1.6194,4.0794,0.78702,2.1525,3.0621,2.2607,2.3013,4.69,0.59393,2.4661,3.0879,0.86338,2.2075,3.1943,0.042147,2.896,1.7896,2.0107,2.1333,4.6106,2.5326,2.3733,4.2727,2.3659,2.304,5.1431,2.003,2.7089,4.1847,1.1256,1.8434,4.0032,4.5561,2.8612,0.62271,0.80495,2.1779,2.9982,1.4416,2.1166,4.2749,1.153,2.1825,3.5347,2.1127,2.6782,4.3739,1.6344,1.5852,4.1466,1.1703,2.5367,3.0871,0.75233,2.4619,3.744,2.176,1.852,3.6893,1.4582,2.5116,3.4797,1.4355,2.5965,3.55,1.4762,1.6414,4.2795,1.977,2.7059,4.4953,2.0548,2.7097,4.6105,3.3498,2.8245,6.1061,1.6985,1.6246,4.1917,1.8231,1.9597,3.4062,2.3847,2.9654,5.2814,1.1924,2.5631,3.0602,2.6843,2.4165,5.0111,0.97246,2.6567,4.1625,1.4751,2.4882,3.5261,0.97656,1.9251,4.1016,1.7544,1.6209,4.0704,1.8733,1.9262,3.3967,6.0401,2.9045,2.8701,2.9087,2.2407,4.6477,1.4438,1.9528,4.3159,1.1518,2.5925,3.3514,1.448,2.4567,3.3867,1.7212,1.9201,3.676,1.9915,2.4398,4.0487,1.097,2.3441,3.2308,2.4618,1.9435,5.2619,1.0518,2.636,3.2889,1.4208,2.5102,3.3592,0.22022,3.0302,3.2009,0.66982,1.8653,2.8247,1.6557,1.9908,4.5339,1.4845,1.8379,4.1894,5.2958,2.8418,1.6503,0.84925,2.1937,2.899,0.91595,2.6803,4.14,2.3381,2.4941,3.6711,2.8402,2.3151,4.9549,2.9914,2.6123,4.5741,2.0472,2.4173,4.5654,2.2384,2.1794,4.1828,0.72968,2.1567,3.3382,0.52439,2.4225,3.0286,0.56337,2.2023,3.8604,2.4907,2.4573,4.5609,0.76459,2.415,2.9395,1.2992,1.5662,4.3569,1.6224,1.9635,3.489,0.258,2.6597,2.1294,3.4302,2.9396,0.26224,0.87295,2.303,3.0475,1.6341,1.6655,4.1295,1.6362,1.8681,3.2299,0.77086,2.3795,2.8679,2.1955,2.3127,4.947,1.2594,2.5656,3.1668,1.2109,2.1725,3.5883,0.42657,2.0523,3.2906,1.7073,1.9381,3.4353,2.5825,2.071,4.0829,2.0637,2.1418,4.9634,1.3644,1.7226,3.8409,0.7583,2.0041,2.779,2.0857,2.1401,5.0367,2.1936,2.2636,4.5367,1.5164,2.4034,3.992,4.1405,2.9382,0.067632,1.8705,2.4589,4.0089,0.69207,1.9821,4.1385,1.2181,2.6237,4.2484,3.4084,2.8164,6.1022,1.7023,1.5712,3.278,0.23841,2.3566,3.389,4.9808,2.9899,0.83808,0.44413,2.8097,3.2611,1.191,2.5323,3.0391,2.2342,2.1697,4.9878,1.5984,2.076,4.4169,1.6366,1.6256,3.3669,1.6882,2.9357,3.3103,0.70395,2.3656,2.8755,0.83421,2.4123,3.0032,0.24365,2.653,3.3521,1.8713,2.4074,4.2514,0.60198,2.4269,2.7779,1.016,2.2939,3.6097,1.3036,1.7758,4.3134,0.24114,2.3386,3.4437,1.6722,1.5885,3.2784,0.74174,2.3517,2.8325,2.9783,2.8626,6.0121,1.8074,2.5445,3.9885,2.0268,2.2157,4.6042,2.3172,2.6879,5.1373,1.6728,1.9602,3.8312,1.387,1.7941,3.7341,2.2774,2.1423,4.9948,1.4904,2.5915,3.9696,0.54015,3.0265,2.2451,4.5053,2.9258,0.28302,1.3211,2.8046,4.2335,1.8963,1.9635,3.8939,1.2121,2.6623,2.8033,0.19939,2.7932,2.8761,1.0484,2.9099,4.1898,0.49827,2.47,2.5922,0.82239,2.0327,2.8686,0.53139,2.471,3.403,1.7244,2.2078,4.3095,1.1492,2.7933,4.2763,0.66917,2.0186,3.0134,2.0718,1.8464,3.7444,1.3605,1.8696,3.6923,2.3434,2.645,4.8331,1.4798,1.5682,4.1953,1.3056,2.1411,3.2164,0.70538,2.0534,3.0322,0.70136,2.3099,2.6325,1.77,2.3669,4.172,2.2876,2.6226,4.9273,0.60587,2.0456,2.9904,1.6999,1.7429,3.3038,0.81098,2.9965,2.591,0.55084,2.5183,2.5943,3.1807,2.735,6.1173,6.2009,2.8675,2.5994,4.2522,2.9231,6.2421,2.3871,2.3161,3.7407,1.3984,3.063,4.3233,1.2782,2.4219,3.4875,0.17874,3.1015,3.0795,2.3748,2.2036,3.7663,1.2961,1.8469,3.6929,2.4094,2.3274,4.6071,2.6077,2.6831,4.1709,1.2655,2.7097,4.3353,1.7465,1.9484,3.8451,1.1777,2.7642,3.7264,2.366,2.3839,4.9713,1.4655,2.6277,3.3455,2.1713,2.2545,4.0786,0.82587,1.9623,3.3861,2.4202,2.3582,3.7951,2.3539,2.369,3.7373,2.2576,1.9717,5.0167,2.647,2.2892,4.8198,2.3835,2.2388,3.7988,1.4214,1.6039,3.8944,2.3818,2.6305,4.9414,1.7942,1.9489,3.8758,0.81259,2.1283,4.0925,1.5991,1.8387,4.3156,2.3472,2.6114,4.9528,1.4535,2.3952,3.2579,5.8695,2.8436,2.1443,1.8635,1.7629,3.5178,1.9679,2.9557,4.2329,2.0803,1.9765,4.8193,1.1529,2.6071,4.3382,1.96,2.1505,4.919,1.644,1.7892,3.9451,1.6199,2.0062,3.356,1.1163,2.7374,3.6824,1.0056,2.8451,3.8294,1.517,2.4724,3.897,1.1604,2.714,3.6847,1.7845,1.7673,4.0861,0.78514,2.4542,2.7993,1.8508,2.1114,4.3997,0.09983,2.7878,2.9486,1.0609,1.9496,4.3134,0.97228,2.3002,3.0601,1.6032,2.4038,4.5699,0.99953,2.0824,2.8333,0.77806,2.0078,2.7019,1.6643,1.7787,3.9488,0.89299,2.4473,2.8646,1.3401,1.5861,3.8398,2.7714,2.6032,4.6224,1.0603,2.1946,3.6374,1.1636,2.752,3.6772,1.9942,1.9933,4.4744,1.0368,1.9604,4.2473,1.8884,1.646,3.4393,1.6994,2.4916,3.9814,2.2132,2.5442,4.8944,2.0859,2.3622,3.6321,1.2147,3.062,3.4587,1.4167,1.447,4.2475,0.68374,2.9848,3.6484,1.6405,1.7325,4.2391,0.78215,2.0013,2.7264,0.59033,2.2137,4.0174,2.6283,2.5998,4.5227,2.0093,2.1113,3.4471,1.3804,2.8977,3.5364,1.0857,2.2141,3.6238,2.536,2.0238,4.4744,1.4995,1.7355,4.4206,1.6001,2.5881,3.5721,2.0672,2.288,4.0648,2.7077,2.3257,4.9768,0.44563,2.5107,2.9374
0.11998,0.18988,0.0048405,229.13,246.1,201.19,0.0013149,0.0015002,0.0010095,209.39,225.69,220.72,216.94,204.31,183.89,236.63,224.21,258.08,219.03,242.66,253.88,201.27,219.94,218.04,265.6,216.46,240.35,201.61,182.69,313.95,224.4,192.51,234.13,196.94,265.52,245.28,301.49,170.31,251.5,212.43,208.32,154.11,223.4,248.79,319.4,244.84,194.29,273.5,323.19,290.99,188.95,217.86,182.63,259.24,248.26,277.6,265.01,309.71,267.95,256.46,249.51,307.48,307.17,299.48,253.41,280.74,209.14,211.01,339.34,294.37,307.2,348.06,186.73,251.11,234.3,187.21,203.74,288.7,214.48,256.38,226.87,260.26,280.13,225.04,217.01,248.25,271.4,307.11,265.88,223.64,285.79,257.36,235.4,298.03,163.76,234.14,226.84,237.56,256.51,283.68,258.83,235.64,260.85,208.54,253.54,244.33,325.11,251.73,243.0,277.19,305.15,334.29,238.83,302.56,326.84,365.3,275.85,225.66,287.05,322.32,236.49,272.99,263.96,242.43,312.07,261.2,297.83,331.13,309.13,235.94,296.1,285.47,256.49,260.84,249.6,366.07,227.65,345.93,351.76,344.3,256.35,327.85,229.64,245.97,438.27,249.38,282.17,308.29,279.16,266.87,253.33,292.36,346.15,248.62,269.66,329.59,211.12,245.24,286.04,228.27,254.15,309.36,240.83,161.45,248.03,326.67,294.17,306.28,369.82,210.83,257.77,194.58,182.88,225.5,272.82,209.39,297.09,242.3,215.76,251.12,226.2,256.08,168.99,263.7,252.09,242.26,226.14,219.52,295.91,206.87,280.61,359.22,247.76,254.93,241.05,305.64,258.19,233.78,280.21,314.66,253.23,265.12,265.97,277.07,289.09,249.14,347.33,223.6,241.02,243.62,264.39,243.91,258.69,253.37,296.42,248.57,227.34,262.88,280.01,245.07,191.34,206.04,244.18,305.36,227.7,223.82,284.09,227.02,248.6,255.4,240.63,247.02,272.16,269.3,202.31,260.67,207.96,265.25,219.85,237.04,186.38,261.22,263.26,172.63,266.75,219.76,175.17,251.8,186.74,222.07,254.67,190.11,233.47,245.1,196.94,242.09,244.13,228.49,188.69,240.94,208.89,229.73,227.85,167.5,271.35,273.54,209.51,172.9,204.56,271.0,235.96,235.57,224.45,149.81,161.26,202.79,242.29,231.08,218.03,221.84,210.79,190.41,171.22,183.3,230.26,213.54,245.23,220.33,0.00078859,0.0010652,0.0010533,0.0011356,0.0010177,0.00092293,0.0012422,0.00095762,0.0012905,0.0010488,0.0012819,0.0014082,0.0010444,0.0011862,0.0010692,0.001569,0.0012375,0.0013096,0.0013031,0.001112,0.0018115,0.0014713,0.0012006,0.0015645,0.0013542,0.0016218,0.0013978,0.0017553,0.0012657,0.0016584,0.0012896,0.0012782,0.0010667,0.0012672,0.0015152,0.0018801,0.0014846,0.0013211,0.0016721,0.0017733,0.0015431,0.0011154,0.0014326,0.0013246,0.0015378,0.0015572,0.0016659,0.0014753,0.001776,0.0015812,0.0012639,0.0015087,0.0018641,0.0016369,0.0017706,0.0015732,0.0016326,0.001151,0.0014868,0.0020229,0.0019203,0.0018001,0.001963,0.0013633,0.0017118,0.0014722,0.0013063,0.0015578,0.0017607,0.0014149,0.0017306,0.0015277,0.0015199,0.0017369,0.0015224,0.0014484,0.0014895,0.0017035,0.0019092,0.0017872,0.0015207,0.0019348,0.0017338,0.0014135,0.0015777,0.0012898,0.001167,0.0015964,0.0015144,0.0016035,0.0017452,0.0014993,0.001479,0.001702,0.0012648,0.0016331,0.0015375,0.002025,0.0016291,0.0015665,0.0014494,0.0018246,0.0020651,0.0014364,0.0018931,0.0014708,0.0020399,0.0017627,0.0015849,0.0016786,0.0019895,0.0016393,0.0016529,0.0016157,0.0015906,0.0018944,0.0016733,0.0018009,0.0019259,0.0015754,0.0015931,0.0018494,0.0016463,0.0018164,0.0015822,0.0011855,0.0021817,0.0016122,0.0015844,0.0021093,0.0021297,0.0016936,0.001963,0.0015016,0.0016314,0.0019702,0.0017224,0.0016478,0.0018704,0.0017003,0.0017,0.0016463,0.0015821,0.0020246,0.0017416,0.0013959,0.0018127,0.0012332,0.001362,0.0015669,0.0014767,0.0016839,0.0017114,0.001567,0.0012225,0.0014068,0.0019327,0.0018468,0.0013935,0.0020504,0.0013434,0.0016091,0.0013738,0.0013747,0.0013886,0.0016369,0.0014888,0.0018042,0.0016002,0.0015089,0.001656,0.0013094,0.0016573,0.0013477,0.0016572,0.0015758,0.0017256,0.0015328,0.0014104,0.0016699,0.0013642,0.0016951,0.002067,0.0016218,0.0016383,0.0016948,0.0017782,0.0015965,0.0015664,0.0016229,0.0016596,0.0016574,0.0016251,0.0016971,0.0019481,0.0017538,0.0015964,0.0010843,0.0015703,0.0015055,0.0016006,0.0016666,0.0015658,0.0016686,0.0015182,0.0020604,0.0015251,0.0015697,0.0016102,0.0015437,0.0015185,0.001349,0.0014118,0.001469,0.0018402,0.0015147,0.0014876,0.0016048,0.0014389,0.0016134,0.0016008,0.0015013,0.001507,0.001574,0.0016484,0.0013584,0.0016378,0.0013842,0.0015638,0.0014877,0.0013549,0.0012555,0.0014542,0.0016518,0.0012125,0.0015841,0.0013133,0.0013602,0.0015352,0.001233,0.0014328,0.0015255,0.0013221,0.0014084,0.0014601,0.0011366,0.0014427,0.0014242,0.0014397,0.0012469,0.0015139,0.0012976,0.0014356,0.0013185,0.00096484,0.0014331,0.0015219,0.0011688,0.0011685,0.0011306,0.0014962,0.0014504,0.00141,0.0010201,0.00091947,0.00099073,0.0010127,0.0014481,0.0013597,0.0010123,0.0012422,0.001025,0.0010193,0.00087212,0.0008522,0.0011291,0.0011476,0.0013473,0.0012187,1074300.0,1105700.0,792270.0,4276700.0,2284500.0,1150800.0,5856800.0,1513400.0,1879800.0,3242500.0,2966100.0,734830.0,5652900.0,1298400.0,4052200.0,2459600.0,5070500.0,4091400.0,1340500.0,3371900.0,2502600.0,3347400.0,11704000.0,958350.0,6311800.0,749460.0,9101500.0,1591900.0,1841400.0,815570.0,3232100.0,1680500.0,5814300.0,23940000.0,2520900.0,2724900.0,4347000.0,1235900.0,1513400.0,1646200.0,2062700.0,1057700.0,2058300.0,1019200.0,7475600.0,2433400.0,1825600.0,1494000.0,2274900.0,15971000.0,952090.0,7278300.0,3995200.0,706940.0,3910700.0,1079100.0,2657700.0,17679000.0,32102000.0,2373200.0,1720700.0,1532600.0,2840700.0,1036400.0,1926200.0,3409900.0,803840.0,2871900.0,1940600.0,3915400.0,2755300.0,1446400.0,1119200.0,15048000.0,5077600.0,1340600.0,3613400.0,1673300.0,965090.0,2573300.0,3702600.0,1313000.0,893150.0,2116300.0,873820.0,1861100.0,2850800.0,4950200.0,4191200.0,2338500.0,5694300.0,1300700.0,9352900.0,4677300.0,1017700.0,1694700.0,903640.0,1769700.0,3509900.0,9918500.0,1730700.0,16523000.0,1417300.0,9919600.0,1633600.0,3256300.0,1272900.0,1628100.0,12535000.0,5115100.0,2157200.0,3869300.0,2389200.0,1225800.0,656170.0,3373000.0,11659000.0,2413800.0,1291100.0,778800.0,1922000.0,735100.0,1193700.0,2218700.0,8786700.0,4156700.0,2627900.0,3087700.0,2361300.0,1498700.0,773560.0,10411000.0,2404500.0,3548600.0,2073400.0,1371700.0,1031900.0,2014200.0,1052000.0,2853800.0,3921600.0,1159600.0,1477000.0,2103000.0,1521000.0,2210500.0,2422200.0,877170.0,6912100.0,1513500.0,9390500.0,6180200.0,809830.0,10291000.0,814480.0,1274500.0,19279000.0,683650.0,12167000.0,721740.0,5575100.0,3693400.0,3817200.0,2647300.0,5252900.0,4116200.0,4227600.0,964530.0,4135000.0,1638700.0,6369200.0,1506700.0,7610900.0,1080700.0,744550.0,4005200.0,2996600.0,1988300.0,8411500.0,2288700.0,948280.0,1205600.0,3671000.0,3568300.0,1940100.0,1475700.0,747540.0,6807100.0,5275200.0,2336700.0,637470.0,17726000.0,3323000.0,5257900.0,1142200.0,18258000.0,5431600.0,1100100.0,8580600.0,1353300.0,1434500.0,3992400.0,5297000.0,799330.0,1639500.0,973680.0,1778500.0,1568200.0,1456500.0,7851700.0,2342100.0,1425100.0,12280000.0,2793800.0,1238000.0,1263500.0,3260300.0,951930.0,4669600.0,1133200.0,1854600.0,8075300.0,4435100.0,696550.0,1421900.0,10018000.0,5258300.0,5069200.0,15394000.0,3001700.0,1931800.0,2342400.0,2994600.0,3189800.0,1882600.0,1749500.0,2275100.0,1499400.0,7215800.0,652060.0,3656200.0,8296200.0,8910100.0,1863600.0,5378600.0,4029700.0,5011000.0,864140.0,1139900.0,5361500.0,1551600.0,6587500.0,3485200.0,7122400.0,1970700.0,1638700.0,1591200.0,1087700.0,1106100.0,2208100.0,945990.0,5091800.0,3371700.0,4404800.0,3356800.0,2894200.0,2745600.0,15584000.0,14989000.0,6042000.0,4601000.0,2807600.0,6148400.0,3762100.0,1781300.0,2740300.0,1353800.0,4824200.0,3044800.0,1.5332,1.8524,4.1675,2.2335,2.4741,3.6653,1.2768,2.2339,4.2237,1.2118,1.9891,4.2213,2.4806,2.6639,4.3152,0.79128,2.0631,4.2188,1.6241,2.5145,3.8835,3.0657,2.8448,5.8615,1.2038,2.0193,4.2092,1.7247,1.7179,4.2465,1.2822,2.2571,4.2573,0.77066,2.0433,4.2106,2.9193,2.8425,4.6198,5.619,2.7606,1.4061,1.2413,2.8293,3.6219,0.87901,2.1575,3.0059,2.5426,2.1233,4.5165,1.4643,1.6809,3.8965,0.68849,2.643,3.8792,1.9311,1.8124,3.5099,1.162,2.4021,3.1891,0.34048,2.2898,3.5226,1.8261,1.6438,3.3987,2.0528,2.7268,4.2688,1.8611,1.6455,3.3759,1.5805,1.6492,3.9532,0.35052,2.1716,3.1494,2.0724,2.4126,4.4771,1.4853,1.6934,3.2471,0.87605,1.9247,2.7606,3.1709,2.8402,5.9607,1.9487,1.7962,3.4971,0.91305,2.7189,2.902,1.7286,2.5905,4.0024,0.69745,1.8972,2.756,1.0943,2.4244,3.115,1.9237,1.9282,4.4944,1.7768,1.6577,3.8909,0.57663,2.1741,3.8376,1.304,2.5162,3.8429,0.99083,2.123,3.2153,2.5765,2.335,4.3404,2.0235,2.1989,4.716,1.5151,1.6591,3.9229,1.886,1.9719,4.4862,1.4741,2.1908,3.249,0.82309,2.1968,3.0819,2.4493,2.436,4.3629,1.9778,2.5465,4.8528,1.9309,2.6125,4.8311,2.5647,2.3295,4.3237,1.277,2.5137,3.9012,1.7821,2.2949,4.3603,2.3859,3.0087,4.2656,0.60057,2.4189,2.5863,1.441,2.0291,4.5986,1.9615,3.0319,3.8444,0.28729,2.3808,3.3764,1.6919,1.6193,4.0794,0.78782,2.1543,3.0618,2.2609,2.3015,4.6906,0.59314,2.4639,3.0892,0.85966,2.2094,3.192,0.040477,2.8961,1.7877,2.0108,2.1354,4.6115,2.5321,2.375,4.2736,2.3628,2.304,5.1433,2.0009,2.7073,4.1823,1.1252,1.8429,4.0044,4.5538,2.8588,0.62514,0.80251,2.1786,2.9969,1.4425,2.1171,4.2753,1.1537,2.1839,3.5354,2.1097,2.6767,4.3708,1.6334,1.585,4.1465,1.1708,2.5364,3.0881,0.75223,2.4628,3.7437,2.1777,1.851,3.689,1.4557,2.5129,3.4796,1.4309,2.5971,3.5485,1.4724,1.6412,4.2793,1.9745,2.7041,4.4936,2.0529,2.7082,4.6103,3.3506,2.8247,6.1075,1.6987,1.6248,4.192,1.8242,1.959,3.4058,2.3886,2.9657,5.2864,1.1925,2.5639,3.0595,2.6846,2.4158,5.0114,0.97195,2.6577,4.164,1.4726,2.4889,3.5269,0.97389,1.9255,4.1028,1.7559,1.6211,4.07,1.8764,1.9263,3.3964,6.0377,2.9042,2.8689,2.9093,2.2401,4.6488,1.4452,1.9524,4.3177,1.1494,2.5914,3.3512,1.4468,2.4572,3.3869,1.7196,1.9189,3.6754,1.9925,2.4407,4.0498,1.0965,2.345,3.2314,2.462,1.9419,5.2636,1.0483,2.6352,3.2881,1.4193,2.5117,3.3586,0.22061,3.0308,3.2005,0.66885,1.8668,2.823,1.6551,1.9893,4.5357,1.4847,1.8371,4.1902,5.2921,2.8399,1.6473,0.84958,2.1946,2.9005,0.9156,2.6814,4.1419,2.3396,2.4923,3.6705,2.8449,2.314,4.9556,2.9939,2.6114,4.5751,2.0468,2.4163,4.5664,2.2349,2.1808,4.1821,0.72881,2.1593,3.3382,0.52802,2.4222,3.0297,0.5637,2.2036,3.8616,2.4917,2.4563,4.5627,0.76281,2.4155,2.9386,1.2996,1.566,4.3577,1.6203,1.9624,3.4901,0.26178,2.6594,2.1315,3.43,2.9393,0.26371,0.87343,2.3012,3.0492,1.6334,1.6658,4.1304,1.6376,1.8693,3.2312,0.77102,2.3783,2.8678,2.1959,2.3117,4.9467,1.262,2.5662,3.1684,1.2133,2.1744,3.5904,0.42394,2.0538,3.2912,1.7075,1.9366,3.4353,2.5843,2.0703,4.0835,2.0629,2.142,4.9631,1.3654,1.7217,3.8413,0.75898,2.0049,2.7798,2.0848,2.1396,5.0379,2.192,2.2646,4.5373,1.5155,2.4051,3.9926,4.1378,2.9366,0.064485,1.8691,2.4604,4.0089,0.68979,1.9822,4.1392,1.2183,2.6237,4.2484,3.4049,2.8156,6.1014,1.7035,1.5707,3.278,0.23927,2.3575,3.3892,4.9764,2.9907,0.83241,0.4431,2.81,3.2626,1.19,2.5326,3.0406,2.236,2.1709,4.9888,1.6004,2.0754,4.418,1.638,1.6254,3.368,1.6944,2.936,3.3121,0.70663,2.3644,2.8774,0.83311,2.4112,3.0036,0.24401,2.6536,3.3524,1.8762,2.4095,4.253,0.60458,2.4267,2.7789,1.0157,2.2958,3.609,1.3028,1.7753,4.3137,0.24075,2.3392,3.4446,1.6741,1.5884,3.2785,0.74573,2.3504,2.8339,2.977,2.8624,6.0129,1.804,2.5435,3.9876,2.0272,2.2163,4.6044,2.313,2.6867,5.1352,1.67,1.9601,3.8304,1.3882,1.7935,3.7347,2.2788,2.1423,4.9948,1.4913,2.5908,3.9689,0.53718,3.0259,2.24,4.5036,2.9249,0.28225,1.3231,2.8063,4.2323,1.8962,1.9639,3.894,1.2116,2.6628,2.8021,0.19668,2.7931,2.8748,1.0495,2.9101,4.1901,0.49769,2.4692,2.5926,0.82457,2.0345,2.8673,0.53155,2.4717,3.403,1.7268,2.2083,4.3104,1.1474,2.7945,4.2748,0.67013,2.0196,3.0117,2.0735,1.846,3.7435,1.3632,1.8701,3.6931,2.3415,2.6437,4.8307,1.4815,1.5686,4.1954,1.3047,2.1411,3.217,0.70641,2.0547,3.0312,0.7036,2.3084,2.6328,1.7713,2.3678,4.1725,2.286,2.6213,4.9268,0.60564,2.0466,2.9888,1.7023,1.7447,3.3033,0.81329,2.9961,2.5917,0.55061,2.5185,2.5943,3.1836,2.7347,6.1203,6.2019,2.8676,2.6013,4.2482,2.9221,6.2377,2.3877,2.3145,3.7403,1.4025,3.0628,4.3295,1.2768,2.4233,3.4871,0.17024,3.1017,3.0727,2.3749,2.2031,3.7656,1.2968,1.8469,3.6934,2.4091,2.3273,4.6078,2.6079,2.6841,4.1731,1.2653,2.7099,4.335,1.7445,1.9481,3.8442,1.1785,2.7637,3.7274,2.3651,2.3825,4.9698,1.4637,2.6274,3.3463,2.171,2.2557,4.0783,0.8256,1.9627,3.3863,2.4206,2.3572,3.7954,2.3538,2.3683,3.7371,2.2589,1.9727,5.0184,2.6465,2.2892,4.8201,2.384,2.2388,3.7986,1.422,1.6041,3.8952,2.3807,2.6292,4.9406,1.7929,1.9487,3.8753,0.81285,2.1281,4.0936,1.5988,1.8388,4.3163,2.346,2.6099,4.9526,1.4533,2.3954,3.2578,5.8686,2.8429,2.1435,1.8636,1.7625,3.5182,1.9671,2.9544,4.2313,2.0814,1.9769,4.82,1.1538,2.6075,4.3391,1.9613,2.1506,4.9198,1.6443,1.789,3.9447,1.6202,2.0061,3.3553,1.1176,2.7369,3.6837,1.0068,2.8453,3.8295,1.5186,2.4731,3.8977,1.1607,2.7129,3.6848,1.7838,1.7667,4.086,0.78381,2.4541,2.7996,1.8502,2.112,4.4001,0.10009,2.7876,2.9501,1.0605,1.9495,4.314,0.97263,2.2997,3.0608,1.6027,2.4039,4.5696,0.99978,2.0823,2.8333,0.77866,2.0079,2.7014,1.6651,1.7783,3.9485,0.89251,2.4471,2.8659,1.3395,1.586,3.8399,2.7715,2.6034,4.6222,1.06,2.1956,3.6374,1.1641,2.7513,3.6775,1.9945,1.9934,4.4744,1.036,1.9603,4.2471,1.8889,1.646,3.4392,1.7,2.4918,3.9812,2.2144,2.544,4.894,2.0851,2.362,3.6311,1.2147,3.0618,3.4589,1.4163,1.4469,4.2477,0.68457,2.9846,3.6487,1.6408,1.7322,4.2392,0.78273,2.0013,2.7261,0.58923,2.2139,4.0183,2.6275,2.5998,4.5226,2.0095,2.1111,3.4472,1.3803,2.8973,3.5363,1.0857,2.2144,3.6236,2.5361,2.0242,4.4745,1.4996,1.7355,4.4206,1.6,2.588,3.5719,2.0673,2.288,4.0647,2.7078,2.325,4.9764,0.44568,2.5104,2.9372
0.12137,0.19209,0.0048864,229.64,246.87,201.28,0.0013176,0.0015043,0.0010101,209.47,225.91,221.21,217.11,204.82,184.08,236.92,224.45,258.51,219.37,243.37,254.57,201.52,220.56,218.31,266.57,216.66,240.9,202.45,182.86,314.84,224.88,192.8,234.5,197.31,266.02,246.08,302.56,170.77,252.01,212.86,208.86,154.12,223.68,249.25,320.4,245.18,194.43,274.63,324.54,291.89,189.35,217.01,182.64,260.14,249.23,278.51,266.12,311.17,268.86,257.44,250.83,309.14,308.7,301.22,254.88,282.36,210.69,211.02,341.39,296.24,308.6,347.02,187.64,252.63,234.75,189.93,202.37,289.11,213.83,256.47,228.73,262.07,281.67,225.93,218.39,249.7,272.93,308.78,266.65,223.46,286.13,257.22,237.02,299.58,164.93,234.91,228.6,240.24,257.47,284.83,261.22,234.43,263.13,209.35,255.19,245.19,325.81,252.32,243.85,279.23,306.52,336.1,239.44,302.49,330.35,366.82,277.15,226.32,287.74,325.06,237.89,273.46,265.02,243.48,313.39,262.04,298.93,333.26,310.29,237.92,297.88,286.97,257.4,262.89,251.97,368.25,228.56,348.73,353.92,345.78,257.27,330.45,229.9,247.47,442.46,250.68,282.24,309.53,280.59,267.93,253.67,293.42,347.37,249.24,273.29,329.83,212.36,247.72,290.68,228.99,254.91,310.37,241.55,161.51,249.48,327.8,295.02,309.43,371.35,211.36,258.49,194.85,184.62,226.36,273.6,209.92,297.77,243.73,216.14,251.64,226.99,257.21,169.08,264.35,252.47,243.24,226.69,220.03,296.71,207.42,281.67,359.87,248.07,255.75,241.61,306.47,259.14,233.9,281.1,315.52,253.96,266.03,266.98,278.17,289.86,249.92,352.74,224.1,241.55,244.05,264.31,244.2,259.27,254.2,297.83,249.18,227.99,262.96,280.97,245.75,191.91,206.39,244.78,306.35,228.77,224.17,284.35,227.43,249.3,256.07,241.06,247.58,272.74,269.75,202.75,261.86,208.32,266.04,220.2,237.31,186.79,261.73,263.77,172.79,267.17,220.18,175.49,252.27,187.1,222.52,255.29,190.31,233.91,245.55,197.11,242.6,244.58,228.65,188.77,241.38,209.22,230.21,228.28,167.58,271.78,274.09,209.71,173.02,204.85,271.42,236.46,235.93,224.74,149.95,161.39,202.91,242.62,231.57,218.26,222.09,210.99,190.52,171.37,183.38,230.43,213.64,245.65,220.52,0.00078823,0.0010654,0.0010547,0.0011367,0.0010198,0.00092246,0.0012438,0.00095823,0.0012933,0.0010506,0.0012856,0.0014118,0.0010451,0.0011896,0.0010706,0.0015746,0.0012393,0.0013132,0.0013077,0.0011129,0.0018168,0.0014744,0.0012026,0.0015676,0.0013565,0.001627,0.0014026,0.0017607,0.0012692,0.0016613,0.0012928,0.0012798,0.0010669,0.0012681,0.001518,0.0018867,0.0014883,0.0013212,0.0016791,0.0017824,0.0015494,0.0011163,0.0014309,0.0013268,0.0015443,0.0015639,0.0016725,0.0014816,0.0017857,0.001587,0.0012676,0.0015166,0.0018745,0.001645,0.0017809,0.0015816,0.001642,0.0011496,0.0014876,0.0020356,0.00193,0.0018088,0.0019642,0.0013688,0.0017214,0.0014764,0.0013139,0.0015557,0.0017662,0.0014139,0.0017303,0.0015377,0.0015291,0.0017453,0.0015259,0.0014554,0.0014971,0.0017119,0.0019181,0.0017914,0.0015169,0.0019407,0.0017369,0.0014185,0.0015806,0.0012968,0.0011616,0.0016048,0.0015249,0.0016103,0.0017527,0.0015109,0.001462,0.001715,0.0012608,0.0016416,0.0015432,0.0020286,0.001632,0.0015718,0.0014597,0.001832,0.0020725,0.0014401,0.0018936,0.0014903,0.0020494,0.0017699,0.0015888,0.001683,0.0020039,0.0016467,0.0016482,0.0016239,0.0015973,0.0019025,0.0016773,0.001807,0.0019336,0.0015813,0.0016015,0.0018579,0.0016509,0.0018215,0.0015912,0.0011953,0.0021919,0.001618,0.0015991,0.0021193,0.0021381,0.0016975,0.0019744,0.0015065,0.0016394,0.0019892,0.001727,0.0016436,0.0018768,0.0017048,0.0017058,0.0016485,0.0015884,0.0020346,0.0017458,0.0014089,0.0018177,0.0012377,0.0013686,0.00159,0.0014816,0.0016894,0.0017132,0.0015723,0.0012239,0.0014139,0.0019405,0.0018514,0.0014065,0.002056,0.0013469,0.0016136,0.0013761,0.0013832,0.0013904,0.0016418,0.0014928,0.0018088,0.001607,0.0015114,0.00166,0.0013147,0.0016628,0.0013458,0.0016623,0.001578,0.0017294,0.0015342,0.0014128,0.0016742,0.0013671,0.0017005,0.0020717,0.0016235,0.0016437,0.0016978,0.0017847,0.001602,0.0015683,0.0016283,0.0016645,0.0016623,0.0016316,0.0017026,0.0019537,0.0017581,0.001602,0.0011022,0.0015737,0.0015089,0.0016042,0.001669,0.001568,0.0016723,0.0015237,0.0020684,0.0015288,0.0015742,0.0016116,0.0015489,0.0015231,0.001352,0.0014139,0.0014728,0.0018464,0.0015199,0.0014903,0.0016058,0.001441,0.001617,0.001606,0.0015045,0.0015106,0.0015786,0.0016514,0.0013613,0.0016441,0.0013867,0.0015686,0.0014893,0.0013564,0.0012578,0.001457,0.0016558,0.0012136,0.0015869,0.0013153,0.0013632,0.0015386,0.0012351,0.0014357,0.0015296,0.0013246,0.0014104,0.0014625,0.0011379,0.0014461,0.0014266,0.0014411,0.0012475,0.0015168,0.0012996,0.0014384,0.0013211,0.00096535,0.0014359,0.0015257,0.0011699,0.0011698,0.0011321,0.0014983,0.0014532,0.0014121,0.0010215,0.00092066,0.0009915,0.0010133,0.0014501,0.0013624,0.0010134,0.0012436,0.0010261,0.00102,0.00087286,0.00085259,0.0011299,0.0011483,0.0013494,0.0012198,1074300.0,1105700.0,792270.0,4276700.0,2284500.0,1150800.0,5856800.0,1513400.0,1879800.0,3242500.0,2966100.0,734830.0,5652900.0,1298400.0,4052200.0,2459600.0,5070500.0,4091400.0,1340500.0,3371900.0,2502600.0,3347400.0,11704000.0,958350.0,6311800.0,749460.0,9101500.0,1591900.0,1841400.0,815570.0,3232100.0,1680500.0,5814300.0,23940000.0,2520900.0,2724900.0,4347000.0,1235900.0,1513400.0,1646200.0,2062700.0,1057700.0,2058300.0,1019200.0,7475600.0,2433400.0,1825600.0,1494000.0,2274900.0,15971000.0,952090.0,7278300.0,3995200.0,706940.0,3910700.0,1079100.0,2657700.0,17679000.0,32102000.0,2373200.0,1720700.0,1532600.0,2840700.0,1036400.0,1926200.0,3409900.0,803840.0,2871900.0,1940600.0,3915400.0,2755300.0,1446400.0,1119200.0,15048000.0,5077600.0,1340600.0,3613400.0,1673300.0,965090.0,2573300.0,3702600.0,1313000.0,893150.0,2116300.0,873820.0,1861100.0,2850800.0,4950200.0,4191200.0,2338500.0,5694300.0,1300700.0,9352900.0,4677300.0,1017700.0,1694700.0,903640.0,1769700.0,3509900.0,9918500.0,1730700.0,16523000.0,1417300.0,9919600.0,1633600.0,3256300.0,1272900.0,1628100.0,12535000.0,5115100.0,2157200.0,3869300.0,2389200.0,1225800.0,656170.0,3373000.0,11659000.0,2413800.0,1291100.0,778800.0,1922000.0,735100.0,1193700.0,2218700.0,8786700.0,4156700.0,2627900.0,3087700.0,2361300.0,1498700.0,773560.0,10411000.0,2404500.0,3548600.0,2073400.0,1371700.0,1031900.0,2014200.0,1052000.0,2853800.0,3921600.0,1159600.0,1477000.0,2103000.0,1521000.0,2210500.0,2422200.0,877170.0,6912100.0,1513500.0,9390500.0,6180200.0,809830.0,10291000.0,814480.0,1274500.0,19279000.0,683650.0,12167000.0,721740.0,5575100.0,3693400.0,3817200.0,2647300.0,5252900.0,4116200.0,4227600.0,964530.0,4135000.0,1638700.0,6369200.0,1506700.0,7610900.0,1080700.0,744550.0,4005200.0,2996600.0,1988300.0,8411500.0,2288700.0,948280.0,1205600.0,3671000.0,3568300.0,1940100.0,1475700.0,747540.0,6807100.0,5275200.0,2336700.0,637470.0,17726000.0,3323000.0,5257900.0,1142200.0,18258000.0,5431600.0,1100100.0,8580600.0,1353300.0,1434500.0,3992400.0,5297000.0,799330.0,1639500.0,973680.0,1778500.0,1568200.0,1456500.0,7851700.0,2342100.0,1425100.0,12280000.0,2793800.0,1238000.0,1263500.0,3260300.0,951930.0,4669600.0,1133200.0,1854600.0,8075300.0,4435100.0,696550.0,1421900.0,10018000.0,5258300.0,5069200.0,15394000.0,3001700.0,1931800.0,2342400.0,2994600.0,3189800.0,1882600.0,1749500.0,2275100.0,1499400.0,7215800.0,652060.0,3656200.0,8296200.0,8910100.0,1863600.0,5378600.0,4029700.0,5011000.0,864140.0,1139900.0,5361500.0,1551600.0,6587500.0,3485200.0,7122400.0,1970700.0,1638700.0,1591200.0,1087700.0,1106100.0,2208100.0,945990.0,5091800.0,3371700.0,4404800.0,3356800.0,2894200.0,2745600.0,15584000.0,14989000.0,6042000.0,4601000.0,2807600.0,6148400.0,3762100.0,1781300.0,2740300.0,1353800.0,4824200.0,3044800.0,1.5334,1.8525,4.1674,2.2337,2.4743,3.6653,1.2768,2.234,4.2238,1.2115,1.989,4.2211,2.4803,2.6639,4.3154,0.79059,2.0631,4.2189,1.6254,2.5148,3.8833,3.0662,2.8448,5.8616,1.2034,2.0196,4.2088,1.7244,1.7178,4.2464,1.2823,2.2576,4.2578,0.76972,2.0431,4.2106,2.9193,2.8425,4.6207,5.6177,2.7604,1.4052,1.2416,2.829,3.622,0.87807,2.1576,3.0056,2.5433,2.1244,4.5175,1.4643,1.6808,3.8964,0.68932,2.644,3.8794,1.9302,1.813,3.5104,1.163,2.4016,3.1905,0.34118,2.2898,3.522,1.8267,1.6434,3.3989,2.0526,2.7256,4.2675,1.862,1.6452,3.3758,1.5818,1.6487,3.9537,0.35018,2.172,3.1488,2.0733,2.4132,4.4783,1.4858,1.6937,3.2477,0.8766,1.9252,2.7605,3.1725,2.8402,5.962,1.9484,1.7968,3.4976,0.91215,2.7191,2.9022,1.7277,2.5907,4.0024,0.6983,1.8973,2.7558,1.0945,2.4241,3.1156,1.924,1.9281,4.4944,1.7776,1.6575,3.8909,0.57769,2.1735,3.8392,1.3057,2.5171,3.844,0.99069,2.1237,3.2143,2.5775,2.3359,4.3412,2.023,2.1993,4.7165,1.5155,1.6587,3.923,1.886,1.9725,4.4861,1.4746,2.1911,3.2486,0.82271,2.198,3.0804,2.4492,2.4368,4.3632,1.9781,2.5458,4.8522,1.9307,2.6127,4.8303,2.5652,2.3301,4.3245,1.2769,2.5138,3.9003,1.7831,2.2956,4.3611,2.3878,3.008,4.2671,0.60168,2.4181,2.5879,1.4397,2.0289,4.5987,1.9597,3.0314,3.8423,0.2869,2.3807,3.3761,1.6919,1.6192,4.0794,0.78841,2.1557,3.0615,2.2611,2.3017,4.6911,0.59253,2.4622,3.0902,0.8569,2.2108,3.1903,0.039236,2.8961,1.7864,2.0108,2.137,4.6122,2.5317,2.3763,4.2743,2.3606,2.3041,5.1434,1.9992,2.706,4.1805,1.1249,1.8426,4.0054,4.5522,2.8572,0.62701,0.80073,2.1791,2.996,1.4432,2.1176,4.2756,1.1542,2.1849,3.5359,2.1073,2.6756,4.3685,1.6327,1.5848,4.1465,1.1711,2.5362,3.0889,0.75216,2.4635,3.7435,2.1789,1.8502,3.6888,1.4538,2.5138,3.4796,1.4276,2.5975,3.5474,1.4696,1.641,4.2792,1.9727,2.7028,4.4924,2.0515,2.7071,4.6102,3.3511,2.8248,6.1085,1.6989,1.625,4.1921,1.8251,1.9585,3.4056,2.3915,2.9659,5.2899,1.1925,2.5644,3.0589,2.6847,2.4153,5.0116,0.97157,2.6585,4.1652,1.4707,2.4894,3.5274,0.972,1.9258,4.1037,1.757,1.6211,4.0697,1.8787,1.9263,3.3961,6.036,2.904,2.8681,2.9097,2.2397,4.6496,1.4463,1.9521,4.3191,1.1476,2.5905,3.351,1.4458,2.4575,3.387,1.7185,1.918,3.6749,1.9932,2.4414,4.0506,1.0961,2.3457,3.2319,2.4621,1.9408,5.2649,1.0457,2.6346,3.2875,1.4181,2.5129,3.3582,0.22095,3.0313,3.2003,0.66814,1.8678,2.8217,1.6546,1.9883,4.5371,1.4849,1.8365,4.1907,5.2895,2.8384,1.6452,0.84986,2.1953,2.9016,0.91535,2.6823,4.1433,2.3407,2.4909,3.67,2.8482,2.3133,4.9562,2.9957,2.6108,4.5759,2.0466,2.4157,4.5671,2.2324,2.1818,4.1816,0.72815,2.1612,3.3382,0.53071,2.422,3.0304,0.56394,2.2046,3.8624,2.4924,2.4555,4.564,0.7615,2.4158,2.9379,1.2999,1.5658,4.3583,1.6188,1.9615,3.4909,0.26457,2.6593,2.1331,3.4298,2.9391,0.26477,0.87375,2.2999,3.0505,1.6329,1.666,4.1311,1.6386,1.8701,3.2322,0.77114,2.3775,2.8678,2.1962,2.3109,4.9465,1.2639,2.5666,3.1695,1.215,2.1757,3.5919,0.42195,2.0549,3.2916,1.7076,1.9356,3.4353,2.5857,2.0698,4.084,2.0623,2.1422,4.9629,1.3661,1.721,3.8415,0.75949,2.0055,2.7804,2.0841,2.1393,5.0388,2.1908,2.2653,4.5377,1.5149,2.4063,3.9931,4.1357,2.9354,0.062165,1.8681,2.4615,4.009,0.68812,1.9823,4.1397,1.2185,2.6237,4.2483,3.4022,2.815,6.1008,1.7043,1.5704,3.278,0.23995,2.3582,3.3894,4.9733,2.9913,0.82833,0.44235,2.8102,3.2636,1.1892,2.5328,3.0417,2.2373,2.1718,4.9895,1.602,2.0749,4.4189,1.6391,1.6253,3.3688,1.6989,2.9362,3.3135,0.70858,2.3635,2.8788,0.83229,2.4104,3.0039,0.24421,2.654,3.3526,1.8797,2.411,4.2542,0.60649,2.4264,2.7796,1.0154,2.2972,3.6084,1.3022,1.775,4.314,0.24047,2.3397,3.4454,1.6754,1.5884,3.2786,0.74864,2.3493,2.8348,2.976,2.8623,6.0134,1.8015,2.5427,3.987,2.0276,2.2167,4.6046,2.3099,2.6858,5.1336,1.668,1.96,3.8299,1.389,1.7931,3.7352,2.2799,2.1422,4.9948,1.4919,2.5902,3.9683,0.5349,3.0254,2.2362,4.5025,2.9242,0.28171,1.3244,2.8075,4.2313,1.896,1.9643,3.8941,1.2111,2.6632,2.8011,0.19464,2.793,2.8738,1.0503,2.9103,4.1903,0.49725,2.4685,2.5929,0.82613,2.0358,2.8663,0.53168,2.4723,3.4031,1.7286,2.2087,4.3111,1.146,2.7954,4.2736,0.67085,2.0203,3.0104,2.0747,1.8457,3.7427,1.3652,1.8704,3.6937,2.3401,2.6428,4.829,1.4828,1.5689,4.1955,1.304,2.1411,3.2174,0.70717,2.0557,3.0305,0.70521,2.3072,2.6331,1.7723,2.3684,4.1729,2.2848,2.6203,4.9264,0.60546,2.0473,2.9876,1.7041,1.746,3.3029,0.81495,2.9957,2.5922,0.55044,2.5186,2.5943,3.1857,2.7344,6.1226,6.2027,2.8677,2.6028,4.2453,2.9213,6.2345,2.3882,2.3133,3.74,1.4053,3.0626,4.3339,1.2758,2.4242,3.4868,0.16391,3.1019,3.0677,2.375,2.2026,3.7651,1.2972,1.8468,3.6938,2.4088,2.3273,4.6084,2.6081,2.6849,4.1747,1.2652,2.71,4.3347,1.7431,1.9479,3.8436,1.1791,2.7634,3.7282,2.3644,2.3816,4.9687,1.4623,2.6271,3.3469,2.1708,2.2566,4.078,0.82539,1.9631,3.3865,2.4209,2.3565,3.7957,2.3537,2.3679,3.7368,2.2598,1.9735,5.0197,2.6461,2.2892,4.8204,2.3843,2.2389,3.7985,1.4224,1.6042,3.8958,2.3798,2.6283,4.9401,1.792,1.9486,3.875,0.81304,2.1279,4.0945,1.5986,1.8389,4.3168,2.3452,2.6088,4.9525,1.4532,2.3955,3.2578,5.8679,2.8424,2.1428,1.8636,1.7622,3.5184,1.9665,2.9535,4.2301,2.0822,1.9772,4.8206,1.1544,2.6079,4.3397,1.9623,2.1507,4.9203,1.6446,1.7888,3.9445,1.6205,2.006,3.3548,1.1185,2.7366,3.6847,1.0076,2.8454,3.8295,1.5198,2.4736,3.8982,1.1609,2.712,3.6848,1.7833,1.7663,4.0859,0.78282,2.454,2.7999,1.8499,2.1125,4.4003,0.10027,2.7875,2.9512,1.0602,1.9494,4.3145,0.9729,2.2993,3.0613,1.6024,2.404,4.5695,0.99997,2.0822,2.8332,0.77911,2.0079,2.7011,1.6656,1.778,3.9483,0.89215,2.447,2.8669,1.339,1.5859,3.8399,2.7715,2.6036,4.622,1.0598,2.1963,3.6375,1.1644,2.7507,3.6778,1.9947,1.9935,4.4744,1.0355,1.9603,4.247,1.8893,1.6459,3.4391,1.7005,2.4919,3.981,2.2153,2.5438,4.8936,2.0846,2.3618,3.6305,1.2147,3.0617,3.459,1.416,1.4468,4.2478,0.6852,2.9845,3.649,1.6409,1.732,4.2392,0.78317,2.0013,2.726,0.58841,2.214,4.019,2.627,2.5997,4.5226,2.0097,2.1109,3.4473,1.3802,2.897,3.5363,1.0858,2.2147,3.6234,2.5362,2.0245,4.4746,1.4997,1.7355,4.4205,1.5999,2.588,3.5718,2.0674,2.288,4.0646,2.7078,2.3245,4.9761,0.44572,2.5102,2.9371
0.1223,0.19356,0.0049178,230.1,247.5,201.43,0.0013201,0.0015078,0.0010109,209.59,226.07,221.57,217.23,205.19,184.55,237.17,224.67,258.8,219.56,243.98,255.26,201.85,220.97,218.51,267.14,216.89,241.25,203.03,183.18,315.44,225.3,193.1,234.9,197.64,266.37,246.56,303.14,170.95,252.49,213.25,209.47,154.35,224.25,249.7,321.11,245.48,194.71,275.45,325.44,292.44,189.49,217.46,182.75,260.73,249.64,279.17,266.92,312.14,269.42,258.16,251.46,310.22,309.64,302.42,255.64,283.42,212.23,211.21,342.72,297.52,309.34,346.26,188.16,253.51,234.86,192.28,201.99,289.32,214.23,256.79,229.79,263.28,282.7,226.55,219.28,250.58,273.97,309.83,267.42,223.67,286.38,257.38,237.97,300.6,165.72,236.02,229.58,241.96,258.14,285.63,263.28,234.0,264.57,210.1,256.15,245.79,326.47,252.85,244.4,280.79,307.43,337.67,240.31,302.57,332.56,367.85,278.27,226.92,288.21,326.76,238.87,274.22,265.79,244.14,314.27,262.84,299.93,334.83,311.08,239.23,299.12,288.32,258.08,264.39,253.69,369.91,229.23,350.66,355.5,346.76,258.02,332.1,230.43,248.54,445.26,251.8,282.58,310.42,281.62,268.86,253.91,294.17,348.23,249.65,276.02,329.86,213.59,249.89,293.99,229.47,255.46,311.29,242.18,161.58,250.66,328.7,295.63,311.58,372.46,211.82,258.99,195.06,185.81,227.23,274.21,210.27,298.23,244.86,216.41,252.07,227.68,258.13,169.39,264.82,252.74,244.04,227.16,220.43,297.4,208.01,282.54,360.39,248.31,256.56,242.1,307.25,259.97,234.04,281.89,316.31,254.63,266.81,267.65,279.05,290.48,250.61,356.43,224.55,242.03,244.42,264.29,244.46,259.74,254.91,299.03,249.74,228.58,263.07,281.79,246.36,192.31,206.69,245.31,307.18,229.65,224.5,284.56,227.79,249.91,256.67,241.47,248.1,273.24,270.18,203.13,262.71,208.66,266.72,220.52,237.55,187.11,262.2,264.26,172.98,267.6,220.53,175.79,252.72,187.44,222.88,255.85,190.53,234.34,245.99,197.32,243.06,245.0,228.87,188.91,241.77,209.5,230.66,228.69,167.71,272.21,274.61,209.91,173.2,205.11,271.79,236.87,236.32,225.05,150.13,161.54,203.07,242.92,232.06,218.55,222.37,211.24,190.71,171.56,183.51,230.63,213.76,246.0,220.71,0.00078866,0.0010659,0.0010558,0.0011375,0.0010212,0.00092416,0.0012454,0.00095915,0.0012954,0.0010516,0.0012886,0.0014153,0.0010466,0.0011917,0.0010716,0.0015778,0.001241,0.0013155,0.0013107,0.0011151,0.0018205,0.0014771,0.0012047,0.0015708,0.0013587,0.0016307,0.0014055,0.0017636,0.0012709,0.0016644,0.0012955,0.0012827,0.0010686,0.0012708,0.0015208,0.0018915,0.0014911,0.0013227,0.0016841,0.0017888,0.001554,0.0011164,0.0014353,0.0013289,0.0015487,0.0015671,0.0016772,0.0014861,0.0017925,0.0015909,0.0012708,0.0015211,0.0018814,0.0016502,0.001788,0.0015867,0.0016481,0.0011529,0.0014893,0.0020441,0.0019367,0.0018138,0.001965,0.0013722,0.0017276,0.0014785,0.0013237,0.0015563,0.0017698,0.0014173,0.0017319,0.0015439,0.0015357,0.0017512,0.0015287,0.0014603,0.0015022,0.0017178,0.0019236,0.0017951,0.001517,0.0019443,0.0017397,0.0014219,0.0015835,0.0013019,0.0011626,0.0016092,0.001532,0.001615,0.0017579,0.0015206,0.0014544,0.0017233,0.0012605,0.0016466,0.0015472,0.0020322,0.0016346,0.0015754,0.0014675,0.0018371,0.0020793,0.0014455,0.0018944,0.0015024,0.0020559,0.0017762,0.0015925,0.0016864,0.0020127,0.0016518,0.0016494,0.0016297,0.0016015,0.0019078,0.0016813,0.001813,0.0019399,0.0015858,0.0016078,0.0018644,0.001657,0.001825,0.0015979,0.0012025,0.0022001,0.0016223,0.0016085,0.0021271,0.0021437,0.0017008,0.0019823,0.0015117,0.0016451,0.0020024,0.0017316,0.0016434,0.0018816,0.0017085,0.0017111,0.00165,0.0015929,0.0020412,0.0017488,0.0014196,0.0018205,0.0012436,0.0013767,0.0016071,0.0014849,0.0016932,0.0017166,0.0015767,0.0012252,0.0014207,0.0019465,0.0018545,0.0014153,0.0020606,0.0013501,0.0016167,0.0013777,0.0013892,0.0013939,0.0016458,0.0014955,0.0018121,0.0016123,0.0015132,0.001663,0.0013189,0.0016672,0.0013459,0.0016661,0.0015796,0.0017325,0.0015357,0.0014147,0.0016778,0.0013701,0.001705,0.0020753,0.0016249,0.0016485,0.0017005,0.0017903,0.0016068,0.00157,0.001633,0.0016691,0.0016666,0.0016371,0.0017064,0.0019582,0.0017616,0.0016068,0.0011139,0.0015767,0.001512,0.0016071,0.0016709,0.0015699,0.0016754,0.0015284,0.0020751,0.0015323,0.0015783,0.0016128,0.0015534,0.0015271,0.0013543,0.0014157,0.0014763,0.0018516,0.0015245,0.0014928,0.0016068,0.001443,0.0016202,0.0016106,0.0015074,0.0015139,0.0015825,0.0016543,0.0013639,0.0016486,0.001389,0.0015726,0.0014909,0.0013578,0.0012596,0.0014596,0.0016596,0.0012148,0.0015897,0.001317,0.0013658,0.0015417,0.0012372,0.001438,0.0015332,0.0013269,0.0014126,0.0014649,0.0011393,0.0014491,0.0014289,0.0014428,0.0012485,0.0015192,0.0013014,0.0014411,0.0013237,0.00096626,0.0014385,0.0015291,0.0011713,0.0011714,0.0011336,0.0015003,0.0014554,0.0014144,0.001023,0.00092209,0.00099236,0.0010143,0.0014521,0.0013651,0.0010149,0.0012453,0.0010275,0.0010212,0.00087393,0.00085336,0.001131,0.001149,0.0013511,0.001221,1074300.0,1105700.0,792270.0,4276700.0,2284500.0,1150800.0,5856800.0,1513400.0,1879800.0,3242500.0,2966100.0,734830.0,5652900.0,1298400.0,4052200.0,2459600.0,5070500.0,4091400.0,1340500.0,3371900.0,2502600.0,3347400.0,11704000.0,958350.0,6311800.0,749460.0,9101500.0,1591900.0,1841400.0,815570.0,3232100.0,1680500.0,5814300.0,23940000.0,2520900.0,2724900.0,4347000.0,1235900.0,1513400.0,1646200.0,2062700.0,1057700.0,2058300.0,1019200.0,7475600.0,2433400.0,1825600.0,1494000.0,2274900.0,15971000.0,952090.0,7278300.0,3995200.0,706940.0,3910700.0,1079100.0,2657700.0,17679000.0,32102000.0,2373200.0,1720700.0,1532600.0,2840700.0,1036400.0,1926200.0,3409900.0,803840.0,2871900.0,1940600.0,3915400.0,2755300.0,1446400.0,1119200.0,15048000.0,5077600.0,1340600.0,3613400.0,1673300.0,965090.0,2573300.0,3702600.0,1313000.0,893150.0,2116300.0,873820.0,1861100.0,2850800.0,4950200.0,4191200.0,2338500.0,5694300.0,1300700.0,9352900.0,4677300.0,1017700.0,1694700.0,903640.0,1769700.0,3509900.0,9918500.0,1730700.0,16523000.0,1417300.0,9919600.0,1633600.0,3256300.0,1272900.0,1628100.0,12535000.0,5115100.0,2157200.0,3869300.0,2389200.0,1225800.0,656170.0,3373000.0,11659000.0,2413800.0,1291100.0,778800.0,1922000.0,735100.0,1193700.0,2218700.0,8786700.0,4156700.0,2627900.0,3087700.0,2361300.0,1498700.0,773560.0,10411000.0,2404500.0,3548600.0,2073400.0,1371700.0,1031900.0,2014200.0,1052000.0,2853800.0,3921600.0,1159600.0,1477000.0,2103000.0,1521000.0,2210500.0,2422200.0,877170.0,6912100.0,1513500.0,9390500.0,6180200.0,809830.0,10291000.0,814480.0,1274500.0,19279000.0,683650.0,12167000.0,721740.0,5575100.0,3693400.0,3817200.0,2647300.0,5252900.0,4116200.0,4227600.0,964530.0,4135000.0,1638700.0,6369200.0,1506700.0,7610900.0,1080700.0,744550.0,4005200.0,2996600.0,1988300.0,8411500.0,2288700.0,948280.0,1205600.0,3671000.0,3568300.0,1940100.0,1475700.0,747540.0,6807100.0,5275200.0,2336700.0,637470.0,17726000.0,3323000.0,5257900.0,1142200.0,18258000.0,5431600.0,1100100.0,8580600.0,1353300.0,1434500.0,3992400.0,5297000.0,799330.0,1639500.0,973680.0,1778500.0,1568200.0,1456500.0,7851700.0,2342100.0,1425100.0,12280000.0,2793800.0,1238000.0,1263500.0,3260300.0,951930.0,4669600.0,1133200.0,1854600.0,8075300.0,4435100.0,696550.0,1421900.0,10018000.0,5258300.0,5069200.0,15394000.0,3001700.0,1931800.0,2342400.0,2994600.0,3189800.0,1882600.0,1749500.0,2275100.0,1499400.0,7215800.0,652060.0,3656200.0,8296200.0,8910100.0,1863600.0,5378600.0,4029700.0,5011000.0,864140.0,1139900.0,5361500.0,1551600.0,6587500.0,3485200.0,7122400.0,1970700.0,1638700.0,1591200.0,1087700.0,1106100.0,2208100.0,945990.0,5091800.0,3371700.0,4404800.0,3356800.0,2894200.0,2745600.0,15584000.0,14989000.0,6042000.0,4601000.0,2807600.0,6148400.0,3762100.0,1781300.0,2740300.0,1353800.0,4824200.0,3044800.0,1.5335,1.8526,4.1674,2.2338,2.4744,3.6653,1.2769,2.234,4.2238,1.2114,1.989,4.221,2.4802,2.6639,4.3155,0.79013,2.0631,4.2189,1.6262,2.515,3.8832,3.0666,2.8448,5.8618,1.2031,2.0198,4.2086,1.7242,1.7178,4.2464,1.2825,2.2579,4.2581,0.76909,2.0429,4.2106,2.9192,2.8425,4.6213,5.6169,2.7602,1.4046,1.2418,2.8288,3.6221,0.87743,2.1577,3.0055,2.5439,2.1252,4.5182,1.4642,1.6808,3.8964,0.68987,2.6446,3.8796,1.9297,1.8133,3.5108,1.1637,2.4013,3.1913,0.34165,2.2899,3.5215,1.8271,1.6432,3.399,2.0524,2.7248,4.2667,1.8626,1.6451,3.3757,1.5827,1.6485,3.954,0.34996,2.1723,3.1484,2.0739,2.4136,4.4791,1.4861,1.6938,3.2481,0.87696,1.9255,2.7604,3.1736,2.8402,5.9628,1.9482,1.7972,3.4979,0.91155,2.7192,2.9023,1.7271,2.5908,4.0024,0.69887,1.8974,2.7556,1.0947,2.4239,3.1161,1.9243,1.928,4.4944,1.7781,1.6573,3.8909,0.57839,2.1731,3.8402,1.3068,2.5178,3.8448,0.99059,2.1242,3.2137,2.5781,2.3364,4.3418,2.0226,2.1995,4.7169,1.5158,1.6585,3.923,1.886,1.9729,4.486,1.4749,2.1912,3.2483,0.82247,2.1987,3.0795,2.4491,2.4374,4.3634,1.9783,2.5453,4.8518,1.9307,2.6129,4.8298,2.5655,2.3305,4.3251,1.2767,2.514,3.8997,1.7838,2.296,4.3617,2.3892,3.0076,4.2681,0.60243,2.4176,2.589,1.4388,2.0287,4.5987,1.9586,3.0311,3.8409,0.28665,2.3807,3.3759,1.6919,1.6192,4.0794,0.7888,2.1566,3.0614,2.2612,2.3018,4.6914,0.59212,2.4611,3.0908,0.85508,2.2117,3.1892,0.03841,2.8961,1.7855,2.0108,2.138,4.6127,2.5315,2.3772,4.2747,2.3592,2.3042,5.1435,1.9981,2.7051,4.1794,1.1248,1.8424,4.006,4.5512,2.8561,0.62826,0.79959,2.1794,2.9953,1.4436,2.1178,4.2758,1.1545,2.1856,3.5362,2.1058,2.6748,4.3669,1.6322,1.5847,4.1465,1.1713,2.5361,3.0894,0.75211,2.4639,3.7434,2.1797,1.8497,3.6886,1.4525,2.5144,3.4796,1.4255,2.5977,3.5467,1.4678,1.6409,4.2791,1.9715,2.7018,4.4916,2.0507,2.7064,4.6101,3.3515,2.8249,6.1092,1.699,1.625,4.1923,1.8257,1.9581,3.4054,2.3933,2.966,5.2922,1.1925,2.5648,3.0586,2.6848,2.415,5.0118,0.97135,2.659,4.1659,1.4694,2.4897,3.5277,0.9708,1.926,4.1043,1.7577,1.6212,4.0695,1.8802,1.9264,3.396,6.0349,2.9039,2.8676,2.9101,2.2395,4.6502,1.447,1.9519,4.32,1.1465,2.59,3.3509,1.4452,2.4578,3.3871,1.7177,1.9174,3.6746,1.9938,2.4419,4.0512,1.0959,2.3462,3.2322,2.4623,1.9401,5.2657,1.044,2.6341,3.2871,1.4173,2.5137,3.3579,0.22122,3.0316,3.2002,0.66768,1.8685,2.8209,1.6544,1.9876,4.538,1.485,1.8361,4.1911,5.2877,2.8374,1.6437,0.85007,2.1957,2.9023,0.91521,2.6829,4.1442,2.3415,2.4899,3.6697,2.8504,2.3128,4.9565,2.9969,2.6104,4.5764,2.0465,2.4152,4.5676,2.2307,2.1825,4.1813,0.72773,2.1624,3.3381,0.5325,2.4219,3.031,0.56411,2.2052,3.863,2.4928,2.455,4.5648,0.76063,2.4161,2.9374,1.3001,1.5657,4.3587,1.6179,1.961,3.4914,0.26642,2.6592,2.1342,3.4297,2.939,0.26544,0.87395,2.2991,3.0512,1.6326,1.6662,4.1315,1.6393,1.8707,3.2329,0.77122,2.3769,2.8678,2.1964,2.3104,4.9463,1.2651,2.5668,3.1703,1.2162,2.1766,3.5929,0.42061,2.0556,3.2919,1.7077,1.9349,3.4353,2.5866,2.0694,4.0844,2.062,2.1423,4.9628,1.3666,1.7205,3.8417,0.75981,2.0059,2.7808,2.0837,2.139,5.0394,2.19,2.2658,4.538,1.5145,2.4071,3.9934,4.1343,2.9346,0.060585,1.8674,2.4622,4.009,0.68701,1.9824,4.1401,1.2186,2.6237,4.2483,3.4004,2.8146,6.1003,1.7048,1.5702,3.278,0.24043,2.3586,3.3896,4.9712,2.9917,0.82562,0.44188,2.8103,3.2644,1.1887,2.533,3.0424,2.2381,2.1723,4.99,1.603,2.0746,4.4195,1.6397,1.6252,3.3693,1.702,2.9363,3.3145,0.70987,2.363,2.8798,0.83176,2.4098,3.0041,0.24434,2.6543,3.3527,1.882,2.412,4.2549,0.60777,2.4263,2.78,1.0153,2.2981,3.608,1.3018,1.7747,4.3141,0.2403,2.34,3.4458,1.6762,1.5884,3.2787,0.75056,2.3487,2.8355,2.9754,2.8622,6.0138,1.7998,2.5422,3.9866,2.0278,2.217,4.6047,2.3079,2.6852,5.1326,1.6666,1.9599,3.8295,1.3896,1.7928,3.7355,2.2805,2.1422,4.9948,1.4923,2.5899,3.968,0.53345,3.0251,2.2337,4.5017,2.9238,0.28135,1.3253,2.8083,4.2307,1.8959,1.9645,3.8941,1.2108,2.6635,2.8005,0.19329,2.7929,2.8732,1.0508,2.9104,4.1905,0.49697,2.4681,2.5931,0.82714,2.0367,2.8657,0.53178,2.4726,3.4031,1.7298,2.209,4.3116,1.145,2.796,4.2729,0.67133,2.0208,3.0096,2.0755,1.8455,3.7422,1.3665,1.8707,3.694,2.3391,2.6421,4.8277,1.4837,1.5691,4.1955,1.3035,2.1411,3.2176,0.70769,2.0563,3.03,0.70625,2.3064,2.6332,1.7729,2.3688,4.1732,2.284,2.6197,4.9261,0.60535,2.0478,2.9867,1.7052,1.7469,3.3027,0.81608,2.9955,2.5926,0.55033,2.5186,2.5943,3.1871,2.7342,6.1241,6.2032,2.8677,2.6037,4.2433,2.9208,6.2323,2.3885,2.3125,3.7398,1.4073,3.0625,4.3369,1.2751,2.4249,3.4867,0.15961,3.102,3.0643,2.3751,2.2023,3.7648,1.2975,1.8468,3.6941,2.4087,2.3273,4.6087,2.6082,2.6854,4.1758,1.2651,2.7101,4.3346,1.7421,1.9477,3.8431,1.1795,2.7631,3.7287,2.3639,2.3809,4.968,1.4614,2.6269,3.3473,2.1707,2.2572,4.0779,0.82526,1.9633,3.3865,2.4211,2.356,3.7959,2.3537,2.3675,3.7367,2.2604,1.974,5.0205,2.6458,2.2891,4.8205,2.3845,2.2389,3.7984,1.4227,1.6043,3.8962,2.3792,2.6277,4.9397,1.7913,1.9486,3.8748,0.81316,2.1277,4.0951,1.5985,1.839,4.3172,2.3447,2.608,4.9524,1.4531,2.3955,3.2577,5.8674,2.8421,2.1424,1.8636,1.762,3.5186,1.9662,2.9528,4.2293,2.0827,1.9774,4.8209,1.1548,2.6081,4.3402,1.963,2.1508,4.9207,1.6447,1.7887,3.9443,1.6207,2.0059,3.3545,1.1191,2.7364,3.6853,1.0082,2.8455,3.8296,1.5206,2.474,3.8985,1.1611,2.7115,3.6849,1.783,1.766,4.0858,0.78216,2.4539,2.8001,1.8496,2.1128,4.4005,0.10039,2.7874,2.952,1.06,1.9494,4.3149,0.97306,2.299,3.0616,1.6022,2.404,4.5694,1.0001,2.0822,2.8332,0.77941,2.0079,2.7008,1.666,1.7778,3.9482,0.8919,2.4469,2.8675,1.3387,1.5859,3.8399,2.7715,2.6037,4.6219,1.0596,2.1968,3.6375,1.1647,2.7504,3.6779,1.9949,1.9935,4.4744,1.0351,1.9603,4.2469,1.8896,1.6459,3.439,1.7008,2.492,3.9809,2.2159,2.5437,4.8934,2.0842,2.3617,3.63,1.2146,3.0616,3.4591,1.4158,1.4467,4.2479,0.68561,2.9844,3.6491,1.6411,1.7319,4.2393,0.78346,2.0013,2.7259,0.58787,2.2142,4.0194,2.6266,2.5997,4.5226,2.0099,2.1108,3.4473,1.3801,2.8968,3.5362,1.0858,2.2149,3.6233,2.5363,2.0247,4.4747,1.4997,1.7355,4.4205,1.5998,2.5879,3.5717,2.0675,2.2881,4.0646,2.7078,2.3242,4.9759,0.44574,2.5101,2.937
0.12369,0.19577,0.0049639,230.56,248.22,201.48,0.0013225,0.0015115,0.0010113,209.56,226.13,221.99,217.26,205.66,184.75,237.36,224.77,259.05,219.82,244.72,256.06,202.04,221.53,218.66,267.86,217.04,241.64,203.8,183.31,316.07,225.72,193.31,235.19,197.93,266.7,247.27,304.06,171.27,252.96,213.65,210.14,154.33,224.76,250.09,321.98,245.77,194.79,276.38,326.66,293.14,189.85,217.4,182.72,261.47,250.42,279.99,267.98,313.43,270.18,259.14,252.6,311.79,311.16,303.98,256.75,284.98,213.87,211.16,344.66,299.3,310.7,345.2,189.03,254.92,235.18,194.54,200.61,289.61,214.36,256.88,231.57,264.99,284.06,227.39,220.59,252.01,275.31,311.1,268.18,223.66,286.83,257.59,239.64,301.92,166.8,236.92,231.55,244.47,259.11,286.62,265.48,232.77,266.63,210.97,257.67,246.59,327.19,253.18,245.22,282.96,308.73,339.5,240.95,302.39,335.98,369.29,279.74,227.64,288.85,329.25,240.24,274.55,266.84,245.07,315.6,263.68,301.19,336.61,312.09,241.2,301.07,289.89,258.88,266.07,255.88,372.03,230.09,353.3,357.68,348.1,258.9,334.52,230.71,249.91,449.4,253.26,282.75,311.58,283.19,270.1,254.1,295.21,349.38,250.25,279.14,330.37,214.8,252.21,298.17,230.17,256.09,312.79,242.92,161.71,251.88,329.84,296.3,314.44,373.79,212.35,259.64,195.31,187.43,228.13,274.95,210.72,298.79,246.21,216.76,252.53,228.48,259.2,169.59,265.52,253.07,244.9,227.64,220.91,298.27,208.6,283.52,361.03,248.58,257.38,242.47,308.07,260.81,234.2,282.77,317.16,255.28,267.66,268.5,280.07,291.19,251.36,361.09,225.02,242.54,244.84,264.34,244.73,260.29,255.67,300.25,250.3,229.2,263.19,282.7,247.01,192.76,207.01,245.91,308.1,230.59,224.8,284.87,228.18,250.59,257.27,241.88,248.63,273.72,270.67,203.52,263.65,209.01,267.46,220.85,237.76,187.42,262.68,264.71,173.12,268.03,220.89,176.02,253.16,187.72,223.19,256.42,190.7,234.74,246.47,197.51,243.51,245.36,229.03,188.95,242.12,209.77,231.14,229.06,167.76,272.69,275.12,210.05,173.28,205.31,272.12,237.23,236.7,225.36,150.25,161.61,203.14,243.18,232.5,218.8,222.59,211.39,190.8,171.67,183.56,230.73,213.78,246.32,220.78,0.00078803,0.0010655,0.0010568,0.0011379,0.0010231,0.00092406,0.0012464,0.00095935,0.0012973,0.0010528,0.0012924,0.0014194,0.0010469,0.0011947,0.0010724,0.0015822,0.0012424,0.0013184,0.001315,0.0011159,0.0018247,0.0014798,0.0012063,0.0015733,0.0013606,0.0016353,0.0014099,0.0017685,0.0012739,0.001667,0.0012987,0.0012854,0.0010686,0.0012728,0.0015232,0.0018975,0.0014945,0.0013224,0.0016898,0.0017973,0.0015595,0.0011173,0.0014368,0.001331,0.0015543,0.0015726,0.001683,0.001492,0.0018012,0.0015962,0.001275,0.0015284,0.0018913,0.0016585,0.0017974,0.0015938,0.0016573,0.0011531,0.0014897,0.0020562,0.0019462,0.0018224,0.0019661,0.0013777,0.0017367,0.001482,0.0013303,0.0015534,0.0017746,0.0014186,0.0017323,0.0015536,0.0015443,0.0017587,0.0015319,0.0014665,0.0015095,0.0017251,0.0019309,0.0017985,0.0015138,0.0019492,0.0017428,0.0014268,0.0015855,0.0013079,0.0011591,0.0016187,0.0015416,0.0016214,0.0017641,0.0015316,0.0014365,0.0017347,0.0012571,0.0016543,0.0015524,0.0020361,0.0016359,0.0015805,0.0014785,0.0018438,0.0020867,0.0014493,0.0018953,0.0015213,0.0020644,0.001784,0.0015969,0.0016901,0.0020256,0.001659,0.0016439,0.0016373,0.0016077,0.0019155,0.001685,0.0018194,0.0019461,0.0015912,0.0016168,0.0018739,0.0016627,0.00183,0.0016051,0.0012116,0.0022105,0.0016279,0.0016217,0.0021377,0.0021515,0.0017047,0.0019925,0.0015163,0.0016524,0.0020212,0.0017376,0.0016405,0.0018876,0.001714,0.0017174,0.0016513,0.0015989,0.0020504,0.0017524,0.0014305,0.0018266,0.001247,0.0013829,0.001626,0.0014896,0.001698,0.0017224,0.0015823,0.0012271,0.0014266,0.0019542,0.0018585,0.0014268,0.0020658,0.0013536,0.0016207,0.0013799,0.0013969,0.0013966,0.0016504,0.001499,0.0018157,0.0016184,0.0015154,0.0016665,0.001324,0.0016724,0.0013447,0.0016714,0.0015815,0.001736,0.001537,0.0014172,0.0016823,0.0013728,0.0017099,0.0020795,0.0016264,0.0016537,0.0017029,0.0017963,0.0016114,0.001572,0.0016381,0.0016743,0.001671,0.0016429,0.001711,0.0019634,0.0017655,0.0016121,0.0011297,0.0015798,0.0015155,0.0016107,0.0016735,0.0015719,0.0016787,0.0015335,0.0020824,0.0015356,0.0015828,0.0016142,0.0015582,0.0015316,0.0013568,0.0014177,0.0014801,0.0018572,0.0015289,0.0014952,0.001608,0.001445,0.0016237,0.0016151,0.0015103,0.0015174,0.0015867,0.0016573,0.0013665,0.0016533,0.0013914,0.001577,0.0014923,0.0013591,0.0012613,0.0014621,0.0016632,0.0012159,0.0015926,0.0013188,0.0013685,0.0015449,0.0012389,0.00144,0.0015369,0.0013291,0.0014145,0.0014674,0.0011406,0.0014522,0.0014308,0.0014441,0.0012489,0.0015215,0.0013031,0.0014439,0.001326,0.00096653,0.0014415,0.0015324,0.0011721,0.0011724,0.0011345,0.0015019,0.0014573,0.0014166,0.0010244,0.00092307,0.00099262,0.0010146,0.0014537,0.0013674,0.0010161,0.0012465,0.0010283,0.0010216,0.00087435,0.00085343,0.0011314,0.0011491,0.0013526,0.0012213,1074300.0,1105700.0,792270.0,4276700.0,2284500.0,1150800.0,5856800.0,1513400.0,1879800.0,3242500.0,2966100.0,734830.0,5652900.0,1298400.0,4052200.0,2459600.0,5070500.0,4091400.0,1340500.0,3371900.0,2502600.0,3347400.0,11704000.0,958350.0,6311800.0,749460.0,9101500.0,1591900.0,1841400.0,815570.0,3232100.0,1680500.0,5814300.0,23940000.0,2520900.0,2724900.0,4347000.0,1235900.0,1513400.0,1646200.0,2062700.0,1057700.0,2058300.0,1019200.0,7475600.0,2433400.0,1825600.0,1494000.0,2274900.0,15971000.0,952090.0,7278300.0,3995200.0,706940.0,3910700.0,1079100.0,2657700.0,17679000.0,32102000.0,2373200.0,1720700.0,1532600.0,2840700.0,1036400.0,1926200.0,3409900.0,803840.0,2871900.0,1940600.0,3915400.0,2755300.0,1446400.0,1119200.0,15048000.0,5077600.0,1340600.0,3613400.0,1673300.0,965090.0,2573300.0,3702600.0,1313000.0,893150.0,2116300.0,873820.0,1861100.0,2850800.0,4950200.0,4191200.0,2338500.0,5694300.0,1300700.0,9352900.0,4677300.0,1017700.0,1694700.0,903640.0,1769700.0,3509900.0,9918500.0,1730700.0,16523000.0,1417300.0,9919600.0,1633600.0,3256300.0,1272900.0,1628100.0,12535000.0,5115100.0,2157200.0,3869300.0,2389200.0,1225800.0,656170.0,3373000.0,11659000.0,2413800.0,1291100.0,778800.0,1922000.0,735100.0,1193700.0,2218700.0,8786700.0,4156700.0,2627900.0,3087700.0,2361300.0,1498700.0,773560.0,10411000.0,2404500.0,3548600.0,2073400.0,1371700.0,1031900.0,2014200.0,1052000.0,2853800.0,3921600.0,1159600.0,1477000.0,2103000.0,1521000.0,2210500.0,2422200.0,877170.0,6912100.0,1513500.0,9390500.0,6180200.0,809830.0,10291000.0,814480.0,1274500.0,19279000.0,683650.0,12167000.0,721740.0,5575100.0,3693400.0,3817200.0,2647300.0,5252900.0,4116200.0,4227600.0,964530.0,4135000.0,1638700.0,6369200.0,1506700.0,7610900.0,1080700.0,744550.0,4005200.0,2996600.0,1988300.0,8411500.0,2288700.0,948280.0,1205600.0,3671000.0,3568300.0,1940100.0,1475700.0,747540.0,6807100.0,5275200.0,2336700.0,637470.0,17726000.0,3323000.0,5257900.0,1142200.0,18258000.0,5431600.0,1100100.0,8580600.0,1353300.0,1434500.0,3992400.0,5297000.0,799330.0,1639500.0,973680.0,1778500.0,1568200.0,1456500.0,7851700.0,2342100.0,1425100.0,12280000.0,2793800.0,1238000.0,1263500.0,3260300.0,951930.0,4669600.0,1133200.0,1854600.0,8075300.0,4435100.0,696550.0,1421900.0,10018000.0,5258300.0,5069200.0,15394000.0,3001700.0,1931800.0,2342400.0,2994600.0,3189800.0,1882600.0,1749500.0,2275100.0,1499400.0,7215800.0,652060.0,3656200.0,8296200.0,8910100.0,1863600.0,5378600.0,4029700.0,5011000.0,864140.0,1139900.0,5361500.0,1551600.0,6587500.0,3485200.0,7122400.0,1970700.0,1638700.0,1591200.0,1087700.0,1106100.0,2208100.0,945990.0,5091800.0,3371700.0,4404800.0,3356800.0,2894200.0,2745600.0,15584000.0,14989000.0,6042000.0,4601000.0,2807600.0,6148400.0,3762100.0,1781300.0,2740300.0,1353800.0,4824200.0,3044800.0,1.5337,1.8527,4.1673,2.2339,2.4745,3.6653,1.2769,2.2341,4.2238,1.2111,1.989,4.2208,2.48,2.6639,4.3157,0.78944,2.0632,4.2189,1.6274,2.5153,3.8831,3.0671,2.8448,5.8619,1.2028,2.0201,4.2082,1.7239,1.7177,4.2463,1.2827,2.2583,4.2586,0.76813,2.0427,4.2105,2.9191,2.8425,4.6221,5.6156,2.7599,1.4038,1.2421,2.8286,3.6223,0.87647,2.1578,3.0053,2.5446,2.1263,4.5193,1.4642,1.6807,3.8963,0.6907,2.6456,3.8798,1.9289,1.8139,3.5113,1.1648,2.4008,3.1926,0.34235,2.2899,3.5209,1.8278,1.6428,3.3992,2.0522,2.7236,4.2655,1.8635,1.6448,3.3756,1.5841,1.6481,3.9545,0.34961,2.1727,3.1477,2.0749,2.4143,4.4803,1.4865,1.6941,3.2487,0.87752,1.926,2.7603,3.1752,2.8402,5.9641,1.9478,1.7978,3.4983,0.91068,2.7194,2.9026,1.7262,2.591,4.0025,0.69973,1.8975,2.7553,1.095,2.4236,3.1167,1.9245,1.9279,4.4944,1.7788,1.6571,3.891,0.57945,2.1725,3.8417,1.3085,2.5187,3.8459,0.99044,2.1249,3.2128,2.5791,2.3372,4.3427,2.0221,2.1998,4.7174,1.5161,1.6581,3.9232,1.8859,1.9736,4.4859,1.4754,2.1915,3.2478,0.8221,2.1998,3.078,2.449,2.4383,4.3638,1.9786,2.5445,4.8512,1.9305,2.6131,4.829,2.5659,2.3312,4.3259,1.2766,2.5141,3.8988,1.7848,2.2967,4.3625,2.3911,3.0069,4.2696,0.60355,2.4169,2.5907,1.4375,2.0285,4.5988,1.9568,3.0306,3.8387,0.28622,2.3807,3.3756,1.6919,1.6191,4.0794,0.78936,2.158,3.0612,2.2613,2.3019,4.6919,0.59149,2.4595,3.0918,0.85237,2.213,3.1876,0.037148,2.8962,1.7841,2.0108,2.1396,4.6134,2.5311,2.3784,4.2754,2.3571,2.3043,5.1436,1.9965,2.7038,4.1777,1.1245,1.842,4.0069,4.5497,2.8545,0.63015,0.79791,2.1798,2.9944,1.4442,2.1183,4.2761,1.155,2.1867,3.5367,2.1035,2.6737,4.3646,1.6315,1.5846,4.1464,1.1717,2.5359,3.0902,0.75203,2.4647,3.7432,2.181,1.849,3.6884,1.4507,2.5153,3.4795,1.4223,2.5981,3.5456,1.4652,1.6407,4.2789,1.9698,2.7005,4.4904,2.0494,2.7052,4.61,3.352,2.825,6.1102,1.6993,1.6252,4.1924,1.8267,1.9575,3.4052,2.3961,2.9662,5.2956,1.1926,2.5654,3.0581,2.685,2.4145,5.012,0.97104,2.6597,4.167,1.4676,2.4902,3.5283,0.96908,1.9263,4.1052,1.7588,1.6212,4.0691,1.8825,1.9264,3.3957,6.0334,2.9038,2.8669,2.9106,2.2391,4.6509,1.4481,1.9515,4.3213,1.1449,2.5891,3.3507,1.4442,2.4581,3.3872,1.7167,1.9165,3.6741,1.9946,2.4425,4.052,1.0955,2.3469,3.2327,2.4625,1.939,5.267,1.0415,2.6335,3.2865,1.4161,2.5148,3.3574,0.22162,3.0321,3.2001,0.667,1.8695,2.8196,1.654,1.9865,4.5394,1.4852,1.8355,4.1916,5.2851,2.836,1.6417,0.8504,2.1964,2.9034,0.91503,2.6837,4.1455,2.3425,2.4885,3.6692,2.8536,2.3121,4.9571,2.9987,2.6098,4.5772,2.0463,2.4145,4.5683,2.2282,2.1834,4.1808,0.72708,2.1643,3.3381,0.53516,2.4218,3.0317,0.56437,2.2062,3.8638,2.4936,2.4543,4.5661,0.75937,2.4164,2.9367,1.3004,1.5655,4.3593,1.6165,1.9602,3.4922,0.26915,2.659,2.1358,3.4295,2.9388,0.26639,0.87422,2.2978,3.0524,1.6322,1.6664,4.1322,1.6403,1.8715,3.2339,0.77136,2.3761,2.8678,2.1967,2.3097,4.9461,1.267,2.5672,3.1715,1.2179,2.1779,3.5945,0.41857,2.0567,3.2923,1.7079,1.9338,3.4354,2.5879,2.0688,4.0849,2.0615,2.1425,4.9627,1.3673,1.7198,3.842,0.76031,2.0065,2.7815,2.0831,2.1387,5.0403,2.1889,2.2665,4.5385,1.5139,2.4083,3.9939,4.1323,2.9334,0.05824,1.8664,2.4633,4.0089,0.68538,1.9825,4.1406,1.2187,2.6237,4.2483,3.3977,2.814,6.0996,1.7056,1.5698,3.278,0.24114,2.3593,3.39,4.9682,2.9922,0.82168,0.44121,2.8106,3.2655,1.188,2.5332,3.0435,2.2393,2.1731,4.9907,1.6046,2.0741,4.4203,1.6407,1.6251,3.3701,1.7065,2.9365,3.3159,0.71177,2.3621,2.8811,0.83097,2.409,3.0044,0.24449,2.6547,3.3529,1.8854,2.4134,4.256,0.60967,2.426,2.7808,1.015,2.2995,3.6075,1.3013,1.7744,4.3144,0.24005,2.3404,3.4466,1.6775,1.5884,3.2788,0.75341,2.3476,2.8364,2.9744,2.8621,6.0144,1.7973,2.5415,3.986,2.0282,2.2174,4.6049,2.3049,2.6843,5.131,1.6647,1.9598,3.829,1.3905,1.7924,3.7359,2.2815,2.1421,4.9948,1.4929,2.5894,3.9674,0.53123,3.0246,2.23,4.5005,2.9232,0.28083,1.3266,2.8095,4.2298,1.8957,1.9648,3.8941,1.2103,2.6638,2.7995,0.19127,2.7928,2.8722,1.0516,2.9106,4.1907,0.49655,2.4675,2.5934,0.82861,2.0379,2.8648,0.53193,2.4732,3.4031,1.7316,2.2094,4.3123,1.1436,2.7968,4.2717,0.67205,2.0215,3.0083,2.0767,1.8453,3.7415,1.3685,1.871,3.6946,2.3376,2.6411,4.8259,1.4849,1.5694,4.1956,1.3028,2.141,3.218,0.70846,2.0573,3.0293,0.70777,2.3053,2.6335,1.7738,2.3695,4.1735,2.2829,2.6187,4.9257,0.60517,2.0485,2.9855,1.7069,1.7483,3.3023,0.81773,2.9952,2.5931,0.55015,2.5187,2.5943,3.1892,2.734,6.1263,6.204,2.8678,2.6051,4.2404,2.92,6.2291,2.3889,2.3113,3.7395,1.4101,3.0623,4.3414,1.274,2.4259,3.4864,0.15318,3.1022,3.0592,2.3751,2.2019,3.7643,1.298,1.8467,3.6945,2.4084,2.3273,4.6093,2.6083,2.6862,4.1774,1.2649,2.7103,4.3343,1.7406,1.9475,3.8425,1.1801,2.7628,3.7295,2.3633,2.38,4.9669,1.4601,2.6265,3.3479,2.1705,2.2581,4.0776,0.82506,1.9636,3.3867,2.4214,2.3553,3.7961,2.3536,2.367,3.7365,2.2613,1.9748,5.0218,2.6454,2.2891,4.8208,2.3849,2.239,3.7982,1.4232,1.6045,3.8968,2.3783,2.6268,4.9392,1.7903,1.9484,3.8744,0.81334,2.1275,4.096,1.5983,1.8391,4.3177,2.3438,2.6069,4.9522,1.453,2.3956,3.2576,5.8667,2.8416,2.1418,1.8636,1.7617,3.5189,1.9656,2.9519,4.228,2.0835,1.9777,4.8214,1.1554,2.6084,4.3408,1.964,2.1509,4.9213,1.645,1.7885,3.944,1.621,2.0058,3.354,1.12,2.7361,3.6863,1.009,2.8456,3.8296,1.5217,2.4745,3.8989,1.1613,2.7107,3.6849,1.7825,1.7656,4.0857,0.78118,2.4538,2.8004,1.8492,2.1132,4.4007,0.10057,2.7873,2.9531,1.0596,1.9494,4.3154,0.97331,2.2986,3.0621,1.6018,2.4041,4.5692,1.0003,2.0821,2.8332,0.77986,2.008,2.7005,1.6665,1.7775,3.948,0.89153,2.4467,2.8685,1.3382,1.5858,3.8399,2.7715,2.6038,4.6217,1.0594,2.1975,3.6376,1.165,2.7498,3.6781,1.9951,1.9936,4.4744,1.0346,1.9603,4.2468,1.89,1.6459,3.4389,1.7013,2.4922,3.9807,2.2168,2.5435,4.893,2.0836,2.3615,3.6293,1.2146,3.0615,3.4593,1.4155,1.4466,4.248,0.68623,2.9843,3.6494,1.6413,1.7317,4.2393,0.78389,2.0013,2.7257,0.58705,2.2143,4.0201,2.626,2.5997,4.5225,2.0101,2.1107,3.4474,1.38,2.8965,3.5361,1.0859,2.2152,3.6232,2.5363,2.025,4.4748,1.4998,1.7355,4.4205,1.5997,2.5879,3.5716,2.0675,2.2881,4.0645,2.7079,2.3237,4.9756,0.44578,2.5098,2.9368
0.12576,0.19906,0.0050302,230.84,248.86,201.17,0.0013236,0.001514,0.00101,208.88,225.71,222.46,216.84,206.25,184.36,237.11,224.31,258.88,220.11,245.57,256.9,202.17,222.39,218.47,268.89,216.62,241.94,204.84,183.2,316.36,225.64,192.92,234.74,197.79,266.54,248.44,305.67,171.84,252.71,213.66,211.09,153.8,224.9,249.82,322.78,245.49,193.77,277.38,328.42,294.16,190.59,216.16,181.82,262.44,252.08,280.81,269.3,315.51,271.34,260.4,254.83,314.44,313.71,306.49,258.87,287.85,215.31,209.72,348.24,302.14,313.03,342.15,191.07,258.19,235.74,196.1,194.5,289.83,213.3,255.99,236.18,267.99,286.22,228.53,223.22,255.34,277.27,313.29,268.43,222.64,287.25,257.25,243.92,304.01,168.62,237.15,237.07,249.14,260.6,288.03,267.3,227.43,271.18,212.51,260.84,248.04,327.49,251.24,246.37,286.67,310.75,341.4,240.54,298.88,341.86,371.43,281.54,228.29,288.6,333.95,242.41,272.69,268.07,246.94,317.59,264.51,302.5,338.25,313.55,244.82,304.12,291.69,258.95,267.48,259.08,374.92,230.25,357.56,361.15,349.31,259.65,338.59,229.36,251.22,456.17,255.08,282.21,312.33,285.51,271.62,253.87,296.15,350.36,250.59,283.41,330.99,215.63,254.31,303.36,230.76,256.41,314.33,243.46,161.69,253.36,331.24,296.84,318.71,375.43,212.89,260.26,195.37,189.44,228.84,275.8,211.06,299.31,247.43,217.07,252.71,228.93,260.16,169.5,266.53,253.32,245.71,228.12,221.5,298.78,208.73,284.3,361.73,248.75,257.77,242.76,308.5,261.54,234.24,283.24,317.67,255.36,268.19,269.72,281.14,291.76,251.85,367.55,225.27,242.73,245.26,264.34,244.86,260.75,256.26,301.27,250.6,229.56,263.17,283.32,247.45,193.22,207.17,246.22,308.83,231.34,224.95,285.05,228.43,251.12,257.54,242.01,248.85,273.85,270.9,203.7,264.78,209.17,267.98,220.89,237.81,187.65,262.87,264.85,173.03,268.16,221.04,176.01,253.27,187.76,223.35,256.71,190.59,234.89,246.71,197.44,243.69,245.37,228.91,188.69,242.22,209.83,231.37,229.16,167.51,272.9,275.29,209.88,173.06,205.27,272.14,237.36,236.81,225.41,150.11,161.44,202.91,243.13,232.69,218.76,222.51,211.18,190.55,171.48,183.31,230.45,213.44,246.38,220.51,0.00078339,0.001062,0.0010581,0.0011361,0.0010259,0.00092017,0.0012448,0.00095622,0.0012968,0.0010548,0.0012972,0.0014243,0.0010464,0.0011997,0.0010718,0.0015893,0.0012411,0.0013213,0.0013214,0.0011147,0.0018269,0.0014793,0.0012043,0.001571,0.0013594,0.0016392,0.0014173,0.0017772,0.0012791,0.0016644,0.0013004,0.0012879,0.0010654,0.0012725,0.0015216,0.0019038,0.0014968,0.0013137,0.0016967,0.0018103,0.001567,0.0011189,0.0014308,0.0013299,0.0015624,0.0015836,0.0016896,0.0015006,0.0018154,0.0016041,0.0012799,0.0015404,0.0019086,0.001673,0.0018127,0.0016059,0.0016746,0.0011438,0.0014815,0.0020772,0.0019605,0.0018359,0.001961,0.0013896,0.0017551,0.001487,0.0013271,0.0015322,0.0017798,0.0014123,0.001727,0.0015756,0.001557,0.0017692,0.0015333,0.0014755,0.0015231,0.0017348,0.0019426,0.0017998,0.0015007,0.0019562,0.0017448,0.001436,0.0015833,0.001316,0.0011431,0.0016445,0.0015573,0.0016306,0.0017721,0.001544,0.0013723,0.0017594,0.0012469,0.0016684,0.0015599,0.0020378,0.0016233,0.0015869,0.0014972,0.0018523,0.0020929,0.0014467,0.0018838,0.0015557,0.0020765,0.0017929,0.0016006,0.0016865,0.0020494,0.0016699,0.0016123,0.0016484,0.0016208,0.0019275,0.0016875,0.0018239,0.0019501,0.0015977,0.0016305,0.0018871,0.0016631,0.0018317,0.0016115,0.0012245,0.0022232,0.0016284,0.0016453,0.0021534,0.0021581,0.0017084,0.0020081,0.0015138,0.001659,0.0020532,0.0017443,0.0016258,0.0018909,0.0017206,0.0017247,0.0016502,0.0016039,0.0020608,0.0017539,0.001444,0.0018347,0.0012444,0.0013829,0.0016478,0.0014934,0.0017015,0.0017258,0.001588,0.0012281,0.001433,0.0019646,0.0018619,0.0014443,0.0020701,0.0013569,0.0016246,0.0013811,0.0014061,0.0013962,0.0016552,0.0015018,0.001819,0.0016245,0.0015173,0.0016689,0.0013282,0.0016775,0.0013425,0.0016788,0.0015829,0.0017396,0.0015379,0.0014203,0.0016854,0.0013734,0.0017132,0.0020846,0.0016269,0.0016571,0.001705,0.0018011,0.0016156,0.0015742,0.001641,0.0016773,0.001673,0.0016473,0.0017176,0.0019685,0.0017685,0.0016158,0.0011519,0.0015814,0.001517,0.0016139,0.0016765,0.0015733,0.0016811,0.0015373,0.0020878,0.0015367,0.0015854,0.0016149,0.0015611,0.0015346,0.001359,0.0014189,0.0014822,0.0018612,0.0015317,0.0014969,0.0016083,0.0014459,0.0016258,0.0016176,0.0015116,0.001519,0.0015891,0.0016588,0.0013679,0.001659,0.0013927,0.00158,0.0014919,0.0013593,0.0012623,0.001463,0.0016649,0.0012153,0.0015935,0.0013191,0.0013693,0.001546,0.0012388,0.0014411,0.001539,0.0013297,0.0014147,0.0014682,0.0011403,0.0014536,0.0014303,0.0014433,0.0012471,0.001522,0.0013033,0.0014451,0.0013263,0.00096472,0.001443,0.0015339,0.0011707,0.0011712,0.0011337,0.0015015,0.0014577,0.0014171,0.001024,0.00092215,0.00099086,0.0010125,0.0014533,0.0013681,0.0010153,0.0012455,0.0010268,0.0010199,0.00087274,0.00085127,0.0011292,0.0011469,0.0013522,0.0012196,1074300.0,1105700.0,792270.0,4276700.0,2284500.0,1150800.0,5856800.0,1513400.0,1879800.0,3242500.0,2966100.0,734830.0,5652900.0,1298400.0,4052200.0,2459600.0,5070500.0,4091400.0,1340500.0,3371900.0,2502600.0,3347400.0,11704000.0,958350.0,6311800.0,749460.0,9101500.0,1591900.0,1841400.0,815570.0,3232100.0,1680500.0,5814300.0,23940000.0,2520900.0,2724900.0,4347000.0,1235900.0,1513400.0,1646200.0,2062700.0,1057700.0,2058300.0,1019200.0,7475600.0,2433400.0,1825600.0,1494000.0,2274900.0,15971000.0,952090.0,7278300.0,3995200.0,706940.0,3910700.0,1079100.0,2657700.0,17679000.0,32102000.0,2373200.0,1720700.0,1532600.0,2840700.0,1036400.0,1926200.0,3409900.0,803840.0,2871900.0,1940600.0,3915400.0,2755300.0,1446400.0,1119200.0,15048000.0,5077600.0,1340600.0,3613400.0,1673300.0,965090.0,2573300.0,3702600.0,1313000.0,893150.0,2116300.0,873820.0,1861100.0,2850800.0,4950200.0,4191200.0,2338500.0,5694300.0,1300700.0,9352900.0,4677300.0,1017700.0,1694700.0,903640.0,1769700.0,3509900.0,9918500.0,1730700.0,16523000.0,1417300.0,9919600.0,1633600.0,3256300.0,1272900.0,1628100.0,12535000.0,5115100.0,2157200.0,3869300.0,2389200.0,1225800.0,656170.0,3373000.0,11659000.0,2413800.0,1291100.0,778800.0,1922000.0,735100.0,1193700.0,2218700.0,8786700.0,4156700.0,2627900.0,3087700.0,2361300.0,1498700.0,773560.0,10411000.0,2404500.0,3548600.0,2073400.0,1371700.0,1031900.0,2014200.0,1052000.0,2853800.0,3921600.0,1159600.0,1477000.0,2103000.0,1521000.0,2210500.0,2422200.0,877170.0,6912100.0,1513500.0,9390500.0,6180200.0,809830.0,10291000.0,814480.0,1274500.0,19279000.0,683650.0,12167000.0,721740.0,5575100.0,3693400.0,3817200.0,2647300.0,5252900.0,4116200.0,4227600.0,964530.0,4135000.0,1638700.0,6369200.0,1506700.0,7610900.0,1080700.0,744550.0,4005200.0,2996600.0,1988300.0,8411500.0,2288700.0,948280.0,1205600.0,3671000.0,3568300.0,1940100.0,1475700.0,747540.0,6807100.0,5275200.0,2336700.0,637470.0,17726000.0,3323000.0,5257900.0,1142200.0,18258000.0,5431600.0,1100100.0,8580600.0,1353300.0,1434500.0,3992400.0,5297000.0,799330.0,1639500.0,973680.0,1778500.0,1568200.0,1456500.0,7851700.0,2342100.0,1425100.0,12280000.0,2793800.0,1238000.0,1263500.0,3260300.0,951930.0,4669600.0,1133200.0,1854600.0,8075300.0,4435100.0,696550.0,1421900.0,10018000.0,5258300.0,5069200.0,15394000.0,3001700.0,1931800.0,2342400.0,2994600.0,3189800.0,1882600.0,1749500.0,2275100.0,1499400.0,7215800.0,652060.0,3656200.0,8296200.0,8910100.0,1863600.0,5378600.0,4029700.0,5011000.0,864140.0,1139900.0,5361500.0,1551600.0,6587500.0,3485200.0,7122400.0,1970700.0,1638700.0,1591200.0,1087700.0,1106100.0,2208100.0,945990.0,5091800.0,3371700.0,4404800.0,3356800.0,2894200.0,2745600.0,15584000.0,14989000.0,6042000.0,4601000.0,2807600.0,6148400.0,3762100.0,1781300.0,2740300.0,1353800.0,4824200.0,3044800.0,1.534,1.8529,4.1672,2.2341,2.4747,3.6653,1.2769,2.2343,4.2238,1.2108,1.9889,4.2206,2.4796,2.6639,4.3159,0.7884,2.0633,4.2189,1.6292,2.5157,3.8829,3.0679,2.8447,5.8621,1.2022,2.0205,4.2077,1.7234,1.7177,4.2463,1.2829,2.259,4.2593,0.76668,2.0423,4.2105,2.9189,2.8426,4.6234,5.6137,2.7595,1.4024,1.2425,2.8282,3.6225,0.87501,2.158,3.005,2.5458,2.1279,4.5208,1.4642,1.6806,3.8962,0.69196,2.6471,3.8801,1.9276,1.8147,3.5121,1.1663,2.4001,3.1946,0.3434,2.2899,3.5199,1.8287,1.6423,3.3995,2.052,2.7218,4.2638,1.8648,1.6444,3.3755,1.5861,1.6474,3.9553,0.34907,2.1733,3.1468,2.0762,2.4153,4.4821,1.4872,1.6944,3.2497,0.87838,1.9267,2.7601,3.1775,2.8401,5.966,1.9473,1.7988,3.499,0.90938,2.7197,2.903,1.7249,2.5912,4.0025,0.70102,1.8976,2.7548,1.0954,2.4231,3.1176,1.925,1.9277,4.4943,1.78,1.6569,3.891,0.581,2.1716,3.844,1.3111,2.5201,3.8477,0.99016,2.126,3.2113,2.5805,2.3385,4.344,2.0214,2.2004,4.7182,1.5167,1.6576,3.9233,1.8858,1.9746,4.4858,1.4761,2.192,3.2471,0.82152,2.2015,3.0758,2.4487,2.4396,4.3642,1.979,2.5434,4.8502,1.9303,2.6134,4.8279,2.5666,2.3321,4.3272,1.2762,2.5143,3.8974,1.7863,2.2978,4.3637,2.3941,3.0059,4.272,0.60515,2.4157,2.5932,1.4355,2.0282,4.5989,1.9537,3.0298,3.8352,0.28547,2.3807,3.3751,1.6918,1.619,4.0794,0.79006,2.1601,3.0609,2.2615,2.3021,4.6926,0.5905,2.457,3.0933,0.84823,2.2149,3.1851,0.035072,2.8962,1.7822,2.0105,2.1421,4.6145,2.5305,2.3803,4.2764,2.354,2.3046,5.1437,1.9939,2.7018,4.1754,1.124,1.8415,4.0084,4.5476,2.8523,0.63294,0.79544,2.1804,2.9931,1.4449,2.1189,4.2767,1.1556,2.1882,3.5375,2.1,2.672,4.3611,1.6305,1.5843,4.1464,1.1722,2.5356,3.0916,0.75191,2.4658,3.7429,2.1828,1.8479,3.6882,1.448,2.5166,3.4794,1.4177,2.5986,3.544,1.4612,1.6405,4.2786,1.9674,2.6985,4.4887,2.0477,2.7036,4.6098,3.3529,2.825,6.1119,1.6997,1.6253,4.1927,1.8281,1.9567,3.4048,2.4004,2.9664,5.3006,1.1928,2.5662,3.0574,2.6853,2.4136,5.0122,0.97062,2.6608,4.1687,1.465,2.4909,3.529,0.96668,1.9267,4.1065,1.7604,1.6212,4.0686,1.8862,1.9265,3.3954,6.0315,2.9036,2.866,2.9115,2.2385,4.6521,1.4497,1.951,4.3234,1.1425,2.5879,3.3504,1.4426,2.4587,3.3874,1.7151,1.9152,3.6734,1.9961,2.4435,4.0532,1.0949,2.3479,3.2333,2.463,1.9374,5.2688,1.0379,2.6325,3.2856,1.4144,2.5166,3.3565,0.22257,3.0327,3.2,0.66603,1.8711,2.8176,1.6535,1.9849,4.5414,1.4855,1.8346,4.1923,5.2814,2.8338,1.6387,0.85103,2.1974,2.905,0.91481,2.685,4.1476,2.3442,2.4863,3.6684,2.8583,2.3111,4.9578,3.0016,2.6089,4.5784,2.0462,2.4136,4.5694,2.2247,2.1848,4.1801,0.72607,2.1672,3.3379,0.53919,2.4215,3.0327,0.56481,2.2076,3.865,2.4945,2.4532,4.5681,0.75754,2.417,2.9356,1.3008,1.5652,4.3602,1.6144,1.959,3.4933,0.27323,2.6588,2.1381,3.4291,2.9386,0.26761,0.87455,2.296,3.054,1.6316,1.6667,4.1331,1.6417,1.8728,3.2353,0.77164,2.3748,2.8678,2.1972,2.3087,4.9458,1.2697,2.5678,3.1732,1.2205,2.1798,3.5968,0.41543,2.0583,3.2928,1.7081,1.9324,3.4354,2.5899,2.0678,4.0857,2.0609,2.1427,4.9624,1.3683,1.7187,3.8423,0.76096,2.0074,2.7824,2.0823,2.1382,5.0416,2.1874,2.2675,4.5391,1.5131,2.4101,3.9946,4.1292,2.9315,0.054755,1.8649,2.4649,4.0088,0.68296,1.9826,4.1413,1.2189,2.6236,4.2482,3.3936,2.8131,6.0986,1.7067,1.5693,3.278,0.24227,2.3603,3.3904,4.9639,2.9929,0.81601,0.44024,2.8109,3.2671,1.1868,2.5336,3.0451,2.2411,2.1743,4.9918,1.6069,2.0733,4.4216,1.6422,1.6249,3.3713,1.7132,2.9368,3.3183,0.71455,2.3608,2.8831,0.82976,2.4079,3.0048,0.24465,2.6553,3.353,1.8905,2.4156,4.2577,0.61252,2.4257,2.7818,1.0147,2.3016,3.6067,1.3005,1.7739,4.3147,0.23968,2.3411,3.4477,1.6792,1.5884,3.279,0.75762,2.3461,2.8378,2.973,2.8619,6.0152,1.7937,2.5404,3.9851,2.0287,2.2181,4.6052,2.3005,2.6831,5.1288,1.6619,1.9596,3.8282,1.3917,1.7918,3.7366,2.283,2.1421,4.9947,1.4937,2.5886,3.9666,0.52796,3.0239,2.2244,4.4988,2.9222,0.28008,1.3285,2.8112,4.2283,1.8954,1.9653,3.8942,1.2095,2.6644,2.798,0.18825,2.7926,2.8707,1.0527,2.9108,4.1909,0.49592,2.4666,2.5938,0.83076,2.0398,2.8635,0.53216,2.4739,3.4032,1.7343,2.21,4.3133,1.1415,2.798,4.27,0.67312,2.0226,3.0064,2.0784,1.8449,3.7404,1.3712,1.8715,3.6954,2.3355,2.6396,4.8232,1.4869,1.5698,4.1957,1.3018,2.141,3.2186,0.7096,2.0588,3.0282,0.70999,2.3036,2.6338,1.7752,2.3704,4.1741,2.2812,2.6173,4.9252,0.60491,2.0496,2.9838,1.7092,1.7502,3.3018,0.82009,2.9948,2.5938,0.54987,2.5189,2.5943,3.1922,2.7336,6.1295,6.2051,2.8679,2.6072,4.2362,2.9189,6.2244,2.3896,2.3094,3.7391,1.4142,3.062,4.3477,1.2725,2.4272,3.486,0.14354,3.1024,3.0516,2.3752,2.2013,3.7636,1.2986,1.8467,3.695,2.408,2.3273,4.6101,2.6085,2.6873,4.1799,1.2647,2.7105,4.3339,1.7385,1.9471,3.8416,1.181,2.7622,3.7306,2.3623,2.3785,4.9653,1.458,2.6261,3.3488,2.1702,2.2594,4.0772,0.82478,1.9641,3.3869,2.4218,2.3542,3.7965,2.3534,2.3663,3.7362,2.2627,1.976,5.0236,2.6448,2.2891,4.8211,2.3854,2.239,3.798,1.4239,1.6047,3.8978,2.377,2.6255,4.9384,1.7889,1.9483,3.8739,0.81359,2.1272,4.0973,1.598,1.8393,4.3185,2.3426,2.6052,4.952,1.4528,2.3958,3.2575,5.8657,2.8408,2.1409,1.8637,1.7613,3.5193,1.9647,2.9505,4.2262,2.0847,1.9781,4.8222,1.1564,2.6089,4.3417,1.9655,2.151,4.9221,1.6454,1.7883,3.9436,1.6214,2.0057,3.3533,1.1213,2.7356,3.6877,1.0102,2.8458,3.8297,1.5235,2.4753,3.8996,1.1616,2.7094,3.685,1.7817,1.765,4.0856,0.77971,2.4537,2.8008,1.8487,2.1139,4.4011,0.10082,2.7871,2.9547,1.0592,1.9493,4.3161,0.97368,2.298,3.0628,1.6013,2.4042,4.5689,1.0006,2.082,2.8332,0.78051,2.008,2.7,1.6674,1.777,3.9476,0.89097,2.4465,2.8699,1.3375,1.5857,3.84,2.7715,2.604,4.6214,1.059,2.1986,3.6376,1.1655,2.749,3.6785,1.9955,1.9937,4.4744,1.0338,1.9602,4.2466,1.8906,1.6458,3.4388,1.702,2.4924,3.9804,2.2182,2.5432,4.8925,2.0828,2.3613,3.6283,1.2146,3.0614,3.4594,1.415,1.4465,4.2482,0.68713,2.984,3.6497,1.6415,1.7314,4.2394,0.78453,2.0012,2.7255,0.58584,2.2146,4.0211,2.6251,2.5997,4.5225,2.0104,2.1104,3.4475,1.3799,2.8961,3.536,1.0859,2.2156,3.623,2.5364,2.0255,4.4749,1.5,1.7356,4.4205,1.5995,2.5878,3.5715,2.0677,2.2881,4.0645,2.7079,2.323,4.9752,0.44583,2.5095,2.9366
0.12654,0.20029,0.0050566,231.28,249.46,201.35,0.0013261,0.0015174,0.0010109,208.98,225.81,222.78,216.84,206.58,184.91,237.37,224.49,259.06,220.23,246.13,257.63,202.63,222.75,218.56,269.34,216.79,242.16,205.32,183.61,316.73,226.03,193.19,235.12,198.12,266.72,248.82,306.12,171.92,253.12,213.95,211.87,154.14,225.65,250.23,323.34,245.63,194.05,278.12,329.16,294.58,190.63,217.38,181.81,262.97,252.37,281.35,270.03,316.42,271.8,261.02,255.25,315.41,314.46,307.7,259.51,288.88,216.95,209.8,349.49,303.34,313.47,340.95,191.51,259.02,235.68,197.96,194.01,289.92,214.3,256.37,237.19,269.11,287.18,229.09,224.09,256.23,278.15,314.36,269.23,222.92,287.42,257.43,244.91,305.0,169.31,238.54,238.08,250.65,261.15,288.76,269.14,226.87,272.69,213.45,261.67,248.68,328.03,251.56,246.78,288.24,311.48,342.82,241.48,298.2,343.62,372.27,282.58,228.82,288.86,335.48,243.28,273.45,268.59,247.56,318.26,265.36,303.42,339.48,314.21,246.05,305.19,293.14,259.4,268.68,260.73,376.53,230.74,359.27,362.69,350.1,260.28,339.89,229.83,252.11,458.78,256.2,282.66,313.0,286.33,272.49,254.12,296.7,351.0,250.84,286.19,330.65,216.92,256.45,306.03,231.11,256.9,315.05,244.02,161.66,254.73,332.09,297.39,320.77,376.42,213.34,260.68,195.57,190.38,229.79,276.38,211.34,299.67,248.44,217.39,253.13,229.56,260.98,170.03,266.92,253.55,246.5,228.67,221.91,299.4,209.33,285.17,362.26,248.98,258.61,243.46,309.33,262.51,234.46,284.01,318.54,256.01,269.0,270.33,282.09,292.41,252.6,370.65,225.79,243.21,245.7,264.4,245.1,261.19,257.09,302.64,251.24,230.19,263.31,284.15,248.15,193.58,207.47,246.75,309.76,232.23,225.34,285.2,228.85,251.74,258.23,242.43,249.4,274.39,271.31,204.13,265.54,209.52,268.68,221.17,238.04,187.96,263.29,265.42,173.27,268.64,221.34,176.35,253.74,188.13,223.73,257.3,190.84,235.41,247.15,197.7,244.17,245.74,229.11,188.78,242.54,210.03,231.88,229.56,167.6,273.38,275.79,210.02,173.25,205.46,272.42,237.77,237.26,225.77,150.32,161.55,202.98,243.35,233.33,219.11,222.86,211.44,190.73,171.64,183.39,230.55,213.52,246.67,220.7,0.00078367,0.0010621,0.0010593,0.0011364,0.0010272,0.00092278,0.0012463,0.00095697,0.0012984,0.0010555,0.0013002,0.0014281,0.0010488,0.0012016,0.0010725,0.001592,0.0012426,0.001323,0.001324,0.0011176,0.0018295,0.0014818,0.0012062,0.0015741,0.0013616,0.001642,0.0014198,0.0017794,0.0012801,0.0016671,0.0013025,0.0012923,0.0010681,0.0012765,0.001524,0.0019076,0.0014988,0.0013151,0.0017015,0.0018161,0.0015715,0.0011184,0.0014384,0.0013311,0.0015668,0.0015859,0.0016938,0.0015048,0.0018221,0.0016076,0.0012829,0.0015439,0.0019149,0.0016771,0.0018199,0.0016104,0.0016802,0.001149,0.0014826,0.0020852,0.0019664,0.0018391,0.0019593,0.0013922,0.0017612,0.0014879,0.0013366,0.0015329,0.0017825,0.0014188,0.0017288,0.0015817,0.0015632,0.0017747,0.0015352,0.0014802,0.001528,0.0017399,0.0019475,0.0018034,0.0015016,0.0019592,0.0017474,0.0014391,0.0015857,0.0013207,0.0011465,0.0016484,0.0015634,0.0016345,0.0017767,0.0015538,0.001362,0.0017679,0.0012482,0.0016721,0.0015633,0.0020409,0.0016244,0.0015895,0.0015046,0.0018562,0.0020993,0.0014525,0.0018814,0.0015657,0.0020821,0.0017989,0.0016038,0.0016888,0.0020569,0.001674,0.0016135,0.0016533,0.0016248,0.0019316,0.0016918,0.0018298,0.0019554,0.0016014,0.001636,0.0018926,0.0016692,0.0018331,0.0016172,0.0012312,0.0022308,0.0016314,0.0016536,0.0021611,0.0021624,0.001711,0.0020152,0.0015183,0.0016634,0.0020665,0.0017487,0.0016254,0.0018944,0.0017233,0.0017299,0.0016516,0.0016076,0.0020657,0.001756,0.0014555,0.001835,0.0012506,0.0013919,0.0016624,0.0014958,0.0017047,0.0017282,0.0015918,0.0012288,0.0014416,0.0019703,0.0018644,0.001453,0.0020737,0.0013601,0.0016272,0.0013825,0.0014111,0.0014004,0.0016592,0.0015039,0.001822,0.0016296,0.0015194,0.0016718,0.0013325,0.0016818,0.001345,0.0016821,0.0015843,0.0017428,0.00154,0.0014223,0.0016889,0.0013769,0.0017181,0.0020885,0.0016282,0.0016622,0.0017088,0.0018076,0.0016214,0.0015763,0.0016459,0.0016821,0.0016774,0.0016531,0.0017213,0.0019736,0.0017722,0.0016211,0.0011608,0.0015852,0.0015199,0.001617,0.0016786,0.0015751,0.0016842,0.0015427,0.0020954,0.0015409,0.0015896,0.0016163,0.0015658,0.0015392,0.0013611,0.0014207,0.0014857,0.0018672,0.001537,0.0014998,0.0016093,0.0014481,0.0016292,0.0016229,0.0015147,0.0015225,0.0015935,0.0016617,0.0013708,0.0016632,0.0013951,0.0015844,0.0014935,0.0013607,0.0012641,0.0014653,0.0016691,0.0012168,0.0015967,0.0013205,0.0013722,0.0015493,0.0012408,0.0014435,0.0015429,0.0013321,0.0014174,0.0014708,0.0011419,0.0014567,0.0014324,0.0014449,0.0012479,0.0015239,0.0013044,0.0014481,0.0013288,0.00096545,0.001446,0.0015373,0.0011717,0.0011727,0.0011349,0.0015029,0.00146,0.0014198,0.0010258,0.0009238,0.00099164,0.0010131,0.0014548,0.0013717,0.0010171,0.0012475,0.0010283,0.001021,0.0008737,0.00085179,0.0011299,0.0011476,0.0013537,0.0012209,1074300.0,1105700.0,792270.0,4276700.0,2284500.0,1150800.0,5856800.0,1513400.0,1879800.0,3242500.0,2966100.0,734830.0,5652900.0,1298400.0,4052200.0,2459600.0,5070500.0,4091400.0,1340500.0,3371900.0,2502600.0,3347400.0,11704000.0,958350.0,6311800.0,749460.0,9101500.0,1591900.0,1841400.0,815570.0,3232100.0,1680500.0,5814300.0,23940000.0,2520900.0,2724900.0,4347000.0,1235900.0,1513400.0,1646200.0,2062700.0,1057700.0,2058300.0,1019200.0,7475600.0,2433400.0,1825600.0,1494000.0,2274900.0,15971000.0,952090.0,7278300.0,3995200.0,706940.0,3910700.0,1079100.0,2657700.0,17679000.0,32102000.0,2373200.0,1720700.0,1532600.0,2840700.0,1036400.0,1926200.0,3409900.0,803840.0,2871900.0,1940600.0,3915400.0,2755300.0,1446400.0,1119200.0,15048000.0,5077600.0,1340600.0,3613400.0,1673300.0,965090.0,2573300.0,3702600.0,1313000.0,893150.0,2116300.0,873820.0,1861100.0,2850800.0,4950200.0,4191200.0,2338500.0,5694300.0,1300700.0,9352900.0,4677300.0,1017700.0,1694700.0,903640.0,1769700.0,3509900.0,9918500.0,1730700.0,16523000.0,1417300.0,9919600.0,1633600.0,3256300.0,1272900.0,1628100.0,12535000.0,5115100.0,2157200.0,3869300.0,2389200.0,1225800.0,656170.0,3373000.0,11659000.0,2413800.0,1291100.0,778800.0,1922000.0,735100.0,1193700.0,2218700.0,8786700.0,4156700.0,2627900.0,3087700.0,2361300.0,1498700.0,773560.0,10411000.0,2404500.0,3548600.0,2073400.0,1371700.0,1031900.0,2014200.0,1052000.0,2853800.0,3921600.0,1159600.0,1477000.0,2103000.0,1521000.0,2210500.0,2422200.0,877170.0,6912100.0,1513500.0,9390500.0,6180200.0,809830.0,10291000.0,814480.0,1274500.0,19279000.0,683650.0,12167000.0,721740.0,5575100.0,3693400.0,3817200.0,2647300.0,5252900.0,4116200.0,4227600.0,964530.0,4135000.0,1638700.0,6369200.0,1506700.0,7610900.0,1080700.0,744550.0,4005200.0,2996600.0,1988300.0,8411500.0,2288700.0,948280.0,1205600.0,3671000.0,3568300.0,1940100.0,1475700.0,747540.0,6807100.0,5275200.0,2336700.0,637470.0,17726000.0,3323000.0,5257900.0,1142200.0,18258000.0,5431600.0,1100100.0,8580600.0,1353300.0,1434500.0,3992400.0,5297000.0,799330.0,1639500.0,973680.0,1778500.0,1568200.0,1456500.0,7851700.0,2342100.0,1425100.0,12280000.0,2793800.0,1238000.0,1263500.0,3260300.0,951930.0,4669600.0,1133200.0,1854600.0,8075300.0,4435100.0,696550.0,1421900.0,10018000.0,5258300.0,5069200.0,15394000.0,3001700.0,1931800.0,2342400.0,2994600.0,3189800.0,1882600.0,1749500.0,2275100.0,1499400.0,7215800.0,652060.0,3656200.0,8296200.0,8910100.0,1863600.0,5378600.0,4029700.0,5011000.0,864140.0,1139900.0,5361500.0,1551600.0,6587500.0,3485200.0,7122400.0,1970700.0,1638700.0,1591200.0,1087700.0,1106100.0,2208100.0,945990.0,5091800.0,3371700.0,4404800.0,3356800.0,2894200.0,2745600.0,15584000.0,14989000.0,6042000.0,4601000.0,2807600.0,6148400.0,3762100.0,1781300.0,2740300.0,1353800.0,4824200.0,3044800.0,1.5341,1.853,4.1672,2.2342,2.4748,3.6653,1.2769,2.2343,4.2238,1.2106,1.9889,4.2205,2.4795,2.6639,4.316,0.788,2.0633,4.219,1.6298,2.5159,3.8828,3.0682,2.8447,5.8622,1.202,2.0206,4.2076,1.7232,1.7176,4.2462,1.283,2.2593,4.2595,0.76612,2.0422,4.2105,2.9188,2.8426,4.624,5.613,2.7593,1.4019,1.2427,2.828,3.6226,0.87446,2.1581,3.0048,2.5462,2.1285,4.5214,1.4642,1.6805,3.8961,0.69243,2.6477,3.8802,1.9271,1.815,3.5124,1.1669,2.3999,3.1953,0.3438,2.2899,3.5195,1.829,1.6421,3.3996,2.0519,2.7212,4.2632,1.8653,1.6443,3.3754,1.5868,1.6472,3.9556,0.34887,2.1736,3.1464,2.0767,2.4156,4.4828,1.4874,1.6946,3.25,0.8787,1.927,2.76,3.1784,2.8401,5.9666,1.9472,1.7991,3.4993,0.90888,2.7198,2.9031,1.7244,2.5913,4.0025,0.70151,1.8977,2.7547,1.0955,2.4229,3.1179,1.9251,1.9277,4.4943,1.7804,1.6567,3.891,0.58159,2.1712,3.8449,1.312,2.5206,3.8483,0.99005,2.1264,3.2108,2.581,2.3389,4.3445,2.0212,2.2006,4.7185,1.5169,1.6574,3.9234,1.8858,1.975,4.4857,1.4764,2.1921,3.2468,0.82131,2.2021,3.0749,2.4485,2.44,4.3644,1.9791,2.5429,4.8498,1.9302,2.6135,4.8274,2.5669,2.3325,4.3277,1.2761,2.5144,3.8969,1.7869,2.2981,4.3641,2.3951,3.0056,4.2728,0.60575,2.4152,2.5941,1.4347,2.028,4.5989,1.9524,3.0295,3.8337,0.28519,2.3807,3.375,1.6918,1.619,4.0794,0.79032,2.1608,3.0608,2.2615,2.3022,4.6929,0.59011,2.4561,3.0938,0.84672,2.2156,3.1842,0.034373,2.8962,1.7816,2.0104,2.1431,4.6149,2.5303,2.3811,4.2768,2.3529,2.3047,5.1437,1.9929,2.701,4.1745,1.1239,1.8413,4.0089,4.5469,2.8515,0.63407,0.79455,2.1807,2.9926,1.4452,2.1192,4.2769,1.1558,2.1888,3.5377,2.0987,2.6713,4.3598,1.6301,1.5842,4.1464,1.1723,2.5354,3.092,0.75186,2.4662,3.7428,2.1835,1.8475,3.6881,1.447,2.5171,3.4793,1.416,2.5988,3.5433,1.4598,1.6404,4.2785,1.9665,2.6977,4.488,2.0471,2.703,4.6098,3.3532,2.8251,6.1125,1.6999,1.6254,4.1927,1.8286,1.9564,3.4047,2.4019,2.9665,5.3023,1.1929,2.5665,3.0571,2.6853,2.4134,5.0122,0.97043,2.6612,4.1692,1.464,2.4912,3.5292,0.96583,1.9268,4.107,1.761,1.6212,4.0684,1.8875,1.9265,3.3952,6.0308,2.9035,2.8657,2.9119,2.2384,4.6525,1.4503,1.9509,4.3241,1.1416,2.5874,3.3502,1.4419,2.4589,3.3874,1.7146,1.9147,3.6732,1.9966,2.4439,4.0535,1.0947,2.3482,3.2335,2.4631,1.9368,5.2695,1.0365,2.6321,3.2852,1.4137,2.5173,3.3562,0.223,3.0329,3.2001,0.66568,1.8716,2.8169,1.6533,1.9843,4.5421,1.4857,1.8343,4.1926,5.2801,2.833,1.6377,0.85126,2.1977,2.9056,0.9147,2.6854,4.1483,2.3448,2.4855,3.6682,2.86,2.3107,4.9581,3.0026,2.6086,4.5788,2.0461,2.4132,4.5698,2.2234,2.1854,4.1798,0.72568,2.1682,3.3378,0.54066,2.4214,3.033,0.56496,2.2081,3.8655,2.4948,2.4528,4.5688,0.75684,2.4172,2.9352,1.3009,1.5651,4.3605,1.6137,1.9586,3.4937,0.27473,2.6587,2.139,3.429,2.9385,0.2681,0.87463,2.2953,3.0545,1.6313,1.6667,4.1335,1.6423,1.8733,3.2358,0.77172,2.3744,2.8678,2.1974,2.3083,4.9457,1.2707,2.568,3.1738,1.2215,2.1805,3.5976,0.41425,2.0589,3.293,1.7081,1.9318,3.4354,2.5907,2.0675,4.086,2.0606,2.1428,4.9623,1.3686,1.7183,3.8424,0.76119,2.0077,2.7827,2.0819,2.138,5.0421,2.1868,2.2679,4.5394,1.5127,2.4107,3.9948,4.1282,2.9308,0.053606,1.8643,2.4655,4.0087,0.68207,1.9826,4.1416,1.219,2.6236,4.2481,3.3921,2.8128,6.0982,1.7071,1.5692,3.278,0.24271,2.3607,3.3907,4.9626,2.9932,0.81418,0.43985,2.811,3.2677,1.1863,2.5337,3.0456,2.2417,2.1748,4.9921,1.6078,2.073,4.422,1.6427,1.6249,3.3717,1.7156,2.9369,3.3191,0.71554,2.3603,2.8838,0.82928,2.4074,3.0049,0.24468,2.6555,3.353,1.8922,2.4163,4.2582,0.61356,2.4255,2.7822,1.0145,2.3023,3.6063,1.3002,1.7738,4.3148,0.23955,2.3413,3.4481,1.6799,1.5884,3.279,0.75915,2.3455,2.8382,2.9725,2.8619,6.0155,1.7923,2.54,3.9847,2.0289,2.2184,4.6053,2.2988,2.6826,5.128,1.6608,1.9596,3.8278,1.3922,1.7916,3.7368,2.2835,2.1421,4.9947,1.494,2.5883,3.9662,0.52678,3.0236,2.2224,4.4984,2.9218,0.27998,1.3291,2.8119,4.2277,1.8953,1.9655,3.8942,1.2092,2.6646,2.7974,0.18709,2.7925,2.8702,1.0531,2.9109,4.1909,0.49566,2.4663,2.594,0.83153,2.0405,2.863,0.53221,2.4742,3.4032,1.7352,2.2103,4.3137,1.1406,2.7985,4.2693,0.67352,2.023,3.0057,2.0791,1.8447,3.74,1.3723,1.8717,3.6957,2.3346,2.6391,4.8222,1.4876,1.5699,4.1958,1.3014,2.141,3.2188,0.71002,2.0593,3.0278,0.71079,2.303,2.6339,1.7756,2.3707,4.1743,2.2805,2.6168,4.9249,0.60481,2.05,2.9831,1.7101,1.751,3.3016,0.82094,2.9946,2.5941,0.54973,2.5189,2.5943,3.1933,2.7335,6.1306,6.2056,2.8679,2.6081,4.2348,2.9185,6.2228,2.3899,2.3088,3.739,1.4155,3.0619,4.3499,1.272,2.4277,3.4859,0.1401,3.1025,3.0489,2.3753,2.201,3.7633,1.2989,1.8466,3.6952,2.4079,2.3273,4.6104,2.6085,2.6878,4.1808,1.2647,2.7105,4.3338,1.7377,1.947,3.8412,1.1813,2.762,3.731,2.3619,2.378,4.9647,1.4573,2.6259,3.3491,2.1701,2.2599,4.077,0.82468,1.9643,3.387,2.422,2.3538,3.7967,2.3534,2.366,3.7361,2.2632,1.9764,5.0243,2.6446,2.2891,4.8212,2.3856,2.2391,3.7979,1.4241,1.6048,3.8981,2.3765,2.625,4.9381,1.7884,1.9483,3.8737,0.81369,2.127,4.0978,1.5978,1.8393,4.3188,2.3421,2.6046,4.952,1.4528,2.3958,3.2575,5.8654,2.8405,2.1406,1.8637,1.7611,3.5194,1.9643,2.95,4.2255,2.0851,1.9783,4.8225,1.1567,2.6091,4.3421,1.966,2.1511,4.9224,1.6455,1.7882,3.9435,1.6215,2.0056,3.353,1.1218,2.7354,3.6882,1.0107,2.8458,3.8297,1.5241,2.4756,3.8999,1.1617,2.709,3.685,1.7815,1.7648,4.0855,0.77914,2.4536,2.8009,1.8484,2.1142,4.4012,0.10088,2.787,2.9553,1.059,1.9493,4.3164,0.97382,2.2978,3.0631,1.6011,2.4043,4.5688,1.0007,2.082,2.8331,0.78076,2.008,2.6998,1.6677,1.7769,3.9475,0.89074,2.4465,2.8704,1.3372,1.5856,3.84,2.7715,2.6041,4.6213,1.0589,2.199,3.6377,1.1657,2.7487,3.6786,1.9956,1.9938,4.4744,1.0335,1.9602,4.2465,1.8908,1.6458,3.4387,1.7022,2.4924,3.9803,2.2186,2.5431,4.8923,2.0825,2.3612,3.6279,1.2145,3.0613,3.4595,1.4148,1.4465,4.2483,0.68749,2.984,3.6499,1.6416,1.7313,4.2395,0.78477,2.0012,2.7254,0.58537,2.2146,4.0215,2.6248,2.5997,4.5225,2.0105,2.1103,3.4476,1.3798,2.8959,3.536,1.0859,2.2157,3.6229,2.5365,2.0257,4.475,1.5,1.7356,4.4205,1.5994,2.5878,3.5714,2.0677,2.2881,4.0644,2.7079,2.3227,4.975,0.44586,2.5094,2.9365
0.12706,0.20111,0.0050744,231.57,249.85,201.47,0.0013277,0.0015196,0.0010116,209.05,225.86,223.0,216.87,206.81,185.37,237.47,224.6,259.17,220.33,246.53,258.16,202.94,222.98,218.66,269.56,216.92,242.3,205.62,183.92,316.99,226.28,193.39,235.4,198.31,266.84,249.03,306.37,171.93,253.45,214.18,212.39,154.4,226.23,250.54,323.68,245.78,194.36,278.56,329.59,294.78,190.63,218.38,181.88,263.25,252.47,281.67,270.5,316.93,272.04,261.41,255.47,315.94,314.88,308.37,259.8,289.43,218.08,210.0,350.19,304.08,313.78,340.54,191.72,259.41,235.65,199.15,194.07,290.02,215.09,256.75,237.68,269.81,287.73,229.46,224.58,256.72,278.73,314.9,269.82,223.25,287.62,257.73,245.44,305.57,169.76,239.51,238.65,251.59,261.58,289.25,270.41,226.92,273.54,214.12,262.18,249.12,328.46,251.89,247.09,289.35,312.01,343.79,242.13,298.18,344.77,372.91,283.3,229.22,289.19,336.45,243.92,274.0,269.06,247.96,318.83,265.96,304.05,340.43,314.72,246.74,305.95,294.06,259.86,269.59,261.8,377.56,231.19,360.42,363.67,350.74,260.82,340.77,230.2,252.77,460.49,257.04,283.03,313.56,287.03,273.15,254.35,297.15,351.53,251.11,287.86,330.59,217.8,257.9,307.72,231.41,257.24,315.7,244.39,161.67,255.55,332.65,297.81,322.03,377.05,213.6,260.99,195.69,190.95,230.41,276.73,211.59,299.95,249.06,217.53,253.39,229.89,261.48,170.31,267.11,253.72,246.98,228.94,222.12,299.74,209.67,285.66,362.54,249.13,259.07,243.75,309.74,262.99,234.53,284.4,318.93,256.39,269.38,270.66,282.58,292.77,252.92,372.61,226.0,243.44,245.92,264.42,245.28,261.49,257.39,303.27,251.51,230.51,263.38,284.56,248.46,193.8,207.65,247.01,310.2,232.72,225.53,285.3,229.08,252.12,258.53,242.68,249.66,274.61,271.56,204.35,266.03,209.75,269.05,221.4,238.19,188.17,263.62,265.69,173.37,268.88,221.58,176.52,254.0,188.39,223.95,257.62,190.99,235.64,247.41,197.81,244.45,246.06,229.35,188.94,242.82,210.25,232.12,229.85,167.74,273.59,276.15,210.21,173.43,205.67,272.68,238.05,237.47,225.94,150.42,161.68,203.13,243.59,233.57,219.26,223.07,211.64,190.93,171.84,183.55,230.74,213.63,246.91,220.84,0.0007842,0.0010624,0.00106,0.0011368,0.0010281,0.00092491,0.0012471,0.00095763,0.0012995,0.0010559,0.0013022,0.0014308,0.0010505,0.0012028,0.001073,0.0015934,0.0012436,0.0013242,0.0013256,0.0011199,0.0018313,0.0014834,0.0012075,0.0015762,0.0013628,0.0016437,0.0014212,0.0017807,0.0012807,0.0016692,0.0013041,0.0012954,0.0010701,0.0012796,0.001526,0.0019101,0.0015002,0.0013171,0.0017042,0.0018196,0.001574,0.0011181,0.0014445,0.0013323,0.0015691,0.001587,0.0016962,0.0015073,0.0018258,0.0016094,0.0012848,0.001546,0.0019184,0.0016797,0.0018238,0.0016129,0.0016832,0.0011529,0.0014843,0.0020899,0.0019702,0.0018413,0.0019599,0.0013936,0.0017643,0.0014887,0.0013433,0.0015344,0.0017845,0.0014235,0.0017311,0.0015849,0.0015672,0.001778,0.0015368,0.0014832,0.001531,0.0017434,0.0019503,0.001806,0.0015034,0.0019611,0.0017497,0.0014411,0.0015877,0.0013239,0.0011495,0.0016508,0.0015675,0.0016375,0.00178,0.0015601,0.0013588,0.0017728,0.0012501,0.0016749,0.0015662,0.0020435,0.0016261,0.0015916,0.0015102,0.0018594,0.0021037,0.0014566,0.0018822,0.0015722,0.0020865,0.001803,0.0016063,0.0016913,0.002062,0.0016775,0.0016153,0.0016572,0.0016277,0.0019351,0.0016951,0.0018337,0.0019598,0.0016046,0.0016393,0.0018971,0.0016737,0.0018355,0.0016215,0.0012357,0.002236,0.0016343,0.0016593,0.0021663,0.002166,0.0017136,0.0020204,0.0015214,0.0016669,0.002075,0.0017526,0.0016265,0.0018975,0.0017264,0.0017338,0.0016529,0.0016104,0.0020694,0.001758,0.0014624,0.0018363,0.001255,0.001398,0.001671,0.001498,0.001707,0.0017312,0.0015942,0.0012296,0.0014466,0.001974,0.0018665,0.0014579,0.0020764,0.0013619,0.0016291,0.0013834,0.0014141,0.0014033,0.0016617,0.0015058,0.001824,0.0016325,0.0015203,0.0016736,0.0013346,0.0016842,0.001346,0.0016838,0.0015852,0.0017445,0.0015408,0.0014232,0.0016906,0.0013785,0.0017207,0.0020905,0.001629,0.0016648,0.0017102,0.0018106,0.0016241,0.001577,0.0016483,0.0016841,0.0016797,0.0016558,0.0017231,0.0019758,0.0017742,0.0016233,0.0011666,0.0015863,0.0015212,0.0016184,0.0016797,0.0015763,0.0016863,0.0015445,0.0020985,0.0015423,0.0015915,0.001617,0.0015679,0.0015409,0.0013624,0.0014217,0.0014873,0.0018699,0.0015395,0.001501,0.0016098,0.0014495,0.0016312,0.0016251,0.0015163,0.0015241,0.0015951,0.0016633,0.0013721,0.0016658,0.0013966,0.0015865,0.0014946,0.0013616,0.0012652,0.0014671,0.0016711,0.0012175,0.0015982,0.0013218,0.0013735,0.0015511,0.0012425,0.001445,0.0015449,0.0013335,0.0014185,0.0014722,0.0011427,0.0014585,0.0014342,0.0014465,0.0012489,0.0015257,0.0013059,0.0014496,0.0013307,0.00096645,0.0014474,0.0015397,0.0011729,0.0011741,0.001136,0.0015044,0.0014615,0.001421,0.0010268,0.00092468,0.00099235,0.0010139,0.0014563,0.001373,0.001018,0.0012487,0.0010295,0.0010222,0.00087486,0.00085275,0.0011309,0.0011481,0.0013549,0.0012217,1074300.0,1105700.0,792270.0,4276700.0,2284500.0,1150800.0,5856800.0,1513400.0,1879800.0,3242500.0,2966100.0,734830.0,5652900.0,1298400.0,4052200.0,2459600.0,5070500.0,4091400.0,1340500.0,3371900.0,2502600.0,3347400.0,11704000.0,958350.0,6311800.0,749460.0,9101500.0,1591900.0,1841400.0,815570.0,3232100.0,1680500.0,5814300.0,23940000.0,2520900.0,2724900.0,4347000.0,1235900.0,1513400.0,1646200.0,2062700.0,1057700.0,2058300.0,1019200.0,7475600.0,2433400.0,1825600.0,1494000.0,2274900.0,15971000.0,952090.0,7278300.0,3995200.0,706940.0,3910700.0,1079100.0,2657700.0,17679000.0,32102000.0,2373200.0,1720700.0,1532600.0,2840700.0,1036400.0,1926200.0,3409900.0,803840.0,2871900.0,1940600.0,3915400.0,2755300.0,1446400.0,1119200.0,15048000.0,5077600.0,1340600.0,3613400.0,1673300.0,965090.0,2573300.0,3702600.0,1313000.0,893150.0,2116300.0,873820.0,1861100.0,2850800.0,4950200.0,4191200.0,2338500.0,5694300.0,1300700.0,9352900.0,4677300.0,1017700.0,1694700.0,903640.0,1769700.0,3509900.0,9918500.0,1730700.0,16523000.0,1417300.0,9919600.0,1633600.0,3256300.0,1272900.0,1628100.0,12535000.0,5115100.0,2157200.0,3869300.0,2389200.0,1225800.0,656170.0,3373000.0,11659000.0,2413800.0,1291100.0,778800.0,1922000.0,735100.0,1193700.0,2218700.0,8786700.0,4156700.0,2627900.0,3087700.0,2361300.0,1498700.0,773560.0,10411000.0,2404500.0,3548600.0,2073400.0,1371700.0,1031900.0,2014200.0,1052000.0,2853800.0,3921600.0,1159600.0,1477000.0,2103000.0,1521000.0,2210500.0,2422200.0,877170.0,6912100.0,1513500.0,9390500.0,6180200.0,809830.0,10291000.0,814480.0,1274500.0,19279000.0,683650.0,12167000.0,721740.0,5575100.0,3693400.0,3817200.0,2647300.0,5252900.0,4116200.0,4227600.0,964530.0,4135000.0,1638700.0,6369200.0,1506700.0,7610900.0,1080700.0,744550.0,4005200.0,2996600.0,1988300.0,8411500.0,2288700.0,948280.0,1205600.0,3671000.0,3568300.0,1940100.0,1475700.0,747540.0,6807100.0,5275200.0,2336700.0,637470.0,17726000.0,3323000.0,5257900.0,1142200.0,18258000.0,5431600.0,1100100.0,8580600.0,1353300.0,1434500.0,3992400.0,5297000.0,799330.0,1639500.0,973680.0,1778500.0,1568200.0,1456500.0,7851700.0,2342100.0,1425100.0,12280000.0,2793800.0,1238000.0,1263500.0,3260300.0,951930.0,4669600.0,1133200.0,1854600.0,8075300.0,4435100.0,696550.0,1421900.0,10018000.0,5258300.0,5069200.0,15394000.0,3001700.0,1931800.0,2342400.0,2994600.0,3189800.0,1882600.0,1749500.0,2275100.0,1499400.0,7215800.0,652060.0,3656200.0,8296200.0,8910100.0,1863600.0,5378600.0,4029700.0,5011000.0,864140.0,1139900.0,5361500.0,1551600.0,6587500.0,3485200.0,7122400.0,1970700.0,1638700.0,1591200.0,1087700.0,1106100.0,2208100.0,945990.0,5091800.0,3371700.0,4404800.0,3356800.0,2894200.0,2745600.0,15584000.0,14989000.0,6042000.0,4601000.0,2807600.0,6148400.0,3762100.0,1781300.0,2740300.0,1353800.0,4824200.0,3044800.0,1.5341,1.853,4.1672,2.2343,2.4748,3.6653,1.2769,2.2344,4.2238,1.2105,1.9889,4.2204,2.4794,2.6639,4.3161,0.78774,2.0633,4.219,1.6303,2.516,3.8827,3.0684,2.8447,5.8622,1.2019,2.0207,4.2074,1.7231,1.7176,4.2462,1.2831,2.2594,4.2597,0.76575,2.0421,4.2105,2.9188,2.8426,4.6243,5.6125,2.7592,1.4016,1.2428,2.8279,3.6227,0.87409,2.1581,3.0048,2.5465,2.129,4.5218,1.4642,1.6805,3.8961,0.69274,2.6481,3.8803,1.9268,1.8152,3.5125,1.1673,2.3997,3.1957,0.34405,2.2899,3.5193,1.8292,1.642,3.3997,2.0518,2.7207,4.2627,1.8656,1.6442,3.3754,1.5874,1.6471,3.9558,0.34874,2.1737,3.1462,2.0771,2.4159,4.4832,1.4876,1.6947,3.2502,0.87891,1.9271,2.76,3.179,2.8401,5.9671,1.947,1.7994,3.4994,0.90857,2.7199,2.9032,1.7241,2.5914,4.0025,0.70184,1.8977,2.7546,1.0956,2.4228,3.1181,1.9252,1.9276,4.4943,1.7807,1.6567,3.8911,0.58197,2.171,3.8455,1.3127,2.521,3.8488,0.98997,2.1267,3.2104,2.5814,2.3392,4.3448,2.021,2.2007,4.7187,1.517,1.6573,3.9234,1.8857,1.9753,4.4856,1.4765,2.1922,3.2466,0.82118,2.2025,3.0744,2.4485,2.4404,4.3645,1.9792,2.5426,4.8496,1.9302,2.6136,4.8271,2.5671,2.3327,4.328,1.276,2.5144,3.8966,1.7872,2.2984,4.3644,2.3959,3.0053,4.2734,0.60616,2.4149,2.5948,1.4342,2.0279,4.5989,1.9517,3.0293,3.8329,0.28502,2.3807,3.3749,1.6918,1.619,4.0794,0.7905,2.1614,3.0607,2.2615,2.3023,4.6931,0.58987,2.4555,3.0942,0.84572,2.216,3.1836,0.033859,2.8962,1.7811,2.0104,2.1437,4.6152,2.5301,2.3816,4.277,2.3521,2.3047,5.1437,1.9923,2.7005,4.174,1.1238,1.8412,4.0092,4.5464,2.851,0.63477,0.79398,2.1808,2.9923,1.4454,2.1193,4.277,1.1559,2.1892,3.5379,2.0978,2.6709,4.3589,1.6298,1.5842,4.1464,1.1725,2.5353,3.0924,0.75184,2.4665,3.7427,2.184,1.8472,3.688,1.4464,2.5174,3.4793,1.415,2.5989,3.543,1.4589,1.6403,4.2784,1.9659,2.6972,4.4876,2.0467,2.7025,4.6098,3.3535,2.8251,6.1129,1.7001,1.6254,4.1928,1.829,1.9562,3.4046,2.4029,2.9665,5.3035,1.1929,2.5667,3.057,2.6854,2.4131,5.0123,0.97036,2.6615,4.1697,1.4634,2.4914,3.5295,0.96529,1.9269,4.1074,1.7614,1.6212,4.0682,1.8884,1.9265,3.3951,6.0303,2.9035,2.8654,2.9122,2.2382,4.6527,1.4508,1.9507,4.3246,1.1411,2.5871,3.3502,1.4416,2.4591,3.3875,1.7142,1.9144,3.673,1.997,2.4441,4.0539,1.0945,2.3485,3.2337,2.4633,1.9364,5.27,1.0357,2.6319,3.285,1.4133,2.5177,3.356,0.22328,3.0331,3.2001,0.66545,1.872,2.8164,1.6531,1.9839,4.5427,1.4858,1.834,4.1928,5.2792,2.8325,1.637,0.85144,2.198,2.906,0.91469,2.6857,4.1488,2.3452,2.4849,3.668,2.8611,2.3105,4.9583,3.0034,2.6084,4.5791,2.0461,2.413,4.57,2.2225,2.1857,4.1797,0.72544,2.1689,3.3378,0.54165,2.4214,3.0333,0.56507,2.2085,3.8658,2.4951,2.4525,4.5693,0.7564,2.4174,2.9349,1.301,1.5651,4.3607,1.6132,1.9583,3.494,0.27574,2.6587,2.1396,3.4288,2.9384,0.26837,0.87471,2.2949,3.0549,1.6312,1.6668,4.1337,1.6426,1.8736,3.2362,0.77179,2.3741,2.8678,2.1975,2.308,4.9456,1.2714,2.5682,3.1743,1.2221,2.1809,3.5982,0.41347,2.0593,3.2932,1.7082,1.9314,3.4354,2.5912,2.0673,4.0862,2.0605,2.1428,4.9623,1.3689,1.718,3.8425,0.76136,2.008,2.7829,2.0818,2.1379,5.0424,2.1865,2.2681,4.5395,1.5125,2.4111,3.995,4.1274,2.9303,0.052653,1.8639,2.4658,4.0087,0.68149,1.9827,4.1418,1.219,2.6236,4.2481,3.3911,2.8125,6.0979,1.7073,1.569,3.278,0.24301,2.3609,3.3908,4.9614,2.9934,0.8127,0.43964,2.8111,3.2681,1.1861,2.5338,3.046,2.2422,2.175,4.9924,1.6084,2.0729,4.4223,1.6431,1.6248,3.372,1.7173,2.937,3.3197,0.71623,2.36,2.8843,0.82901,2.4071,3.0051,0.24471,2.6557,3.353,1.8935,2.4168,4.2586,0.61426,2.4254,2.7824,1.0144,2.3028,3.6062,1.3,1.7737,4.3149,0.23946,2.3415,3.4483,1.6803,1.5884,3.279,0.76018,2.3452,2.8386,2.9721,2.8618,6.0157,1.7914,2.5397,3.9845,2.029,2.2186,4.6054,2.2978,2.6823,5.1274,1.6601,1.9596,3.8277,1.3925,1.7914,3.737,2.2838,2.1421,4.9947,1.4942,2.5882,3.966,0.52597,3.0234,2.221,4.4979,2.9216,0.2797,1.3296,2.8123,4.2274,1.8952,1.9656,3.8942,1.209,2.6647,2.7971,0.18634,2.7924,2.8698,1.0534,2.911,4.191,0.49552,2.466,2.5941,0.83205,2.041,2.8627,0.53229,2.4744,3.4033,1.7359,2.2104,4.314,1.1401,2.7988,4.2689,0.67379,2.0233,3.0052,2.0795,1.8446,3.7397,1.3729,1.8719,3.6959,2.3341,2.6387,4.8215,1.4881,1.57,4.1958,1.3012,2.141,3.219,0.71031,2.0597,3.0276,0.71131,2.3026,2.634,1.776,2.3709,4.1744,2.2801,2.6165,4.9248,0.60474,2.0503,2.9826,1.7106,1.7515,3.3015,0.82153,2.9945,2.5942,0.54967,2.519,2.5943,3.194,2.7333,6.1314,6.2058,2.868,2.6086,4.2337,2.9182,6.2216,2.39,2.3083,3.7389,1.4166,3.0618,4.3516,1.2716,2.4281,3.4858,0.13758,3.1026,3.0469,2.3753,2.2009,3.7631,1.2991,1.8466,3.6954,2.4078,2.3273,4.6107,2.6086,2.6881,4.1814,1.2646,2.7106,4.3337,1.7372,1.9469,3.841,1.1815,2.7619,3.7313,2.3616,2.3776,4.9643,1.4567,2.6257,3.3493,2.17,2.2603,4.0769,0.82461,1.9644,3.387,2.4221,2.3535,3.7968,2.3533,2.3659,3.736,2.2635,1.9767,5.0248,2.6444,2.2891,4.8213,2.3857,2.2391,3.7979,1.4243,1.6049,3.8983,2.3762,2.6246,4.9379,1.788,1.9482,3.8736,0.81375,2.127,4.0981,1.5978,1.8394,4.319,2.3418,2.6041,4.9519,1.4527,2.3958,3.2575,5.8651,2.8403,2.1403,1.8637,1.761,3.5195,1.9642,2.9496,4.2251,2.0854,1.9784,4.8226,1.1569,2.6093,4.3423,1.9664,2.1511,4.9226,1.6456,1.7881,3.9434,1.6216,2.0056,3.3528,1.1221,2.7353,3.6885,1.011,2.8459,3.8297,1.5246,2.4758,3.9001,1.1618,2.7087,3.685,1.7813,1.7646,4.0855,0.77879,2.4536,2.801,1.8483,2.1143,4.4013,0.10096,2.7869,2.9558,1.0589,1.9493,4.3166,0.97391,2.2977,3.0633,1.6009,2.4043,4.5687,1.0007,2.0819,2.8331,0.78092,2.0081,2.6997,1.6679,1.7767,3.9474,0.89061,2.4464,2.8708,1.3371,1.5856,3.84,2.7715,2.6042,4.6213,1.0588,2.1993,3.6377,1.1658,2.7485,3.6787,1.9957,1.9938,4.4744,1.0333,1.9602,4.2464,1.891,1.6458,3.4387,1.7024,2.4925,3.9802,2.219,2.5431,4.8922,2.0823,2.3611,3.6276,1.2145,3.0613,3.4595,1.4147,1.4464,4.2484,0.6877,2.9839,3.6499,1.6417,1.7312,4.2395,0.78493,2.0012,2.7254,0.58507,2.2147,4.0217,2.6246,2.5997,4.5225,2.0105,2.1103,3.4476,1.3798,2.8958,3.536,1.086,2.2158,3.6228,2.5365,2.0258,4.475,1.5001,1.7356,4.4205,1.5994,2.5878,3.5714,2.0677,2.2881,4.0644,2.7079,2.3225,4.9749,0.44587,2.5093,2.9364
0.12783,0.20235,0.0051009,231.94,250.37,201.59,0.0013297,0.0015224,0.0010122,209.11,225.9,223.26,216.87,207.1,185.77,237.61,224.71,259.3,220.43,247.04,258.84,203.19,223.29,218.74,269.83,217.09,242.46,206.03,184.16,317.29,226.6,193.62,235.72,198.56,266.99,249.35,306.74,171.96,253.87,214.5,213.01,154.58,226.94,250.93,324.17,246.0,194.63,279.09,330.21,295.05,190.71,219.62,181.96,263.62,252.64,282.15,271.15,317.6,272.37,261.99,255.82,316.73,315.62,309.23,260.14,290.24,219.48,210.19,351.17,305.09,314.34,340.24,192.04,259.94,235.65,200.58,194.07,290.14,216.08,257.16,238.32,270.72,288.44,229.95,225.21,257.39,279.46,315.45,270.53,223.63,287.95,258.24,246.24,306.27,170.31,240.63,239.55,252.81,262.14,289.82,272.0,226.94,274.52,214.94,262.81,249.58,329.05,252.13,247.53,290.75,312.71,345.13,242.91,298.25,346.33,373.72,284.37,229.78,289.62,337.63,244.7,274.6,269.68,248.4,319.57,266.68,305.0,341.52,315.27,247.79,307.11,295.28,260.42,270.68,263.11,378.97,231.78,361.88,365.0,351.55,261.46,341.96,230.73,253.62,462.76,258.15,283.5,314.32,287.98,274.09,254.52,297.79,352.25,251.49,289.79,330.79,218.85,259.68,310.04,231.84,257.66,316.89,244.94,161.77,256.49,333.43,298.25,323.66,377.85,213.99,261.38,195.88,191.79,231.2,277.22,211.87,300.28,249.97,217.76,253.75,230.45,262.18,170.74,267.53,253.92,247.58,229.3,222.44,300.35,210.2,286.36,362.98,249.31,259.76,244.06,310.39,263.64,234.7,285.06,319.61,256.93,270.01,271.12,283.29,293.28,253.5,375.11,226.38,243.83,246.26,264.53,245.49,261.88,257.95,304.19,251.98,231.01,263.51,285.24,248.99,194.06,207.89,247.47,310.88,233.39,225.8,285.51,229.38,252.63,259.0,243.04,250.09,274.98,271.95,204.66,266.54,210.03,269.59,221.67,238.36,188.38,264.0,266.1,173.52,269.25,221.85,176.75,254.37,188.64,224.17,258.08,191.19,235.99,247.8,198.01,244.82,246.38,229.58,189.06,243.09,210.45,232.51,230.18,167.85,273.99,276.57,210.36,173.58,205.84,272.94,238.32,237.81,226.23,150.57,161.76,203.23,243.81,233.94,219.52,223.32,211.84,191.09,172.0,183.66,230.87,213.69,247.14,220.93,0.00078446,0.0010624,0.0010606,0.0011369,0.0010292,0.00092673,0.001248,0.00095821,0.0013007,0.0010562,0.0013049,0.0014344,0.0010517,0.0012043,0.0010735,0.0015952,0.0012449,0.0013256,0.0013279,0.0011217,0.0018336,0.0014856,0.0012091,0.0015787,0.0013644,0.0016463,0.0014233,0.0017826,0.0012816,0.0016717,0.0013063,0.001299,0.0010716,0.0012832,0.0015283,0.0019136,0.0015022,0.0013187,0.0017074,0.0018242,0.0015771,0.0011181,0.0014518,0.0013341,0.001572,0.0015888,0.0016995,0.0015108,0.0018306,0.0016121,0.0012877,0.001549,0.0019235,0.001684,0.001829,0.0016161,0.0016879,0.0011573,0.001486,0.0020963,0.0019758,0.0018452,0.0019618,0.0013957,0.0017687,0.0014899,0.0013509,0.0015351,0.001787,0.0014287,0.0017337,0.0015891,0.0015723,0.0017822,0.0015389,0.0014868,0.001535,0.0017476,0.0019536,0.0018089,0.0015047,0.0019634,0.0017524,0.0014439,0.0015896,0.0013275,0.0011525,0.0016548,0.0015724,0.0016413,0.0017835,0.0015677,0.0013537,0.001778,0.0012515,0.0016783,0.0015691,0.0020468,0.0016268,0.0015945,0.001517,0.0018633,0.0021095,0.0014614,0.001884,0.0015805,0.0020913,0.0018088,0.0016099,0.0016943,0.0020679,0.0016816,0.0016162,0.0016616,0.0016307,0.0019393,0.0016985,0.001839,0.0019643,0.0016081,0.0016449,0.0019035,0.0016799,0.0018387,0.0016264,0.0012411,0.0022434,0.0016382,0.0016659,0.0021733,0.0021708,0.0017166,0.0020261,0.0015256,0.0016714,0.0020853,0.0017577,0.001628,0.0019015,0.0017304,0.0017387,0.001654,0.0016142,0.0020745,0.0017604,0.0014698,0.0018394,0.0012594,0.0014049,0.0016815,0.0015009,0.00171,0.0017371,0.001598,0.0012311,0.0014519,0.001979,0.001869,0.0014642,0.00208,0.0013645,0.0016315,0.0013848,0.0014184,0.001407,0.0016649,0.001508,0.0018262,0.0016366,0.0015218,0.0016761,0.001338,0.0016876,0.0013471,0.001687,0.0015864,0.001747,0.0015421,0.0014249,0.0016939,0.0013811,0.0017242,0.0020933,0.0016301,0.0016688,0.0017121,0.0018152,0.0016276,0.0015786,0.0016521,0.0016883,0.0016831,0.0016601,0.0017256,0.0019795,0.001777,0.0016272,0.0011752,0.0015889,0.0015239,0.001621,0.0016815,0.0015778,0.0016888,0.0015483,0.0021039,0.0015451,0.001595,0.0016182,0.0015715,0.0015444,0.0013639,0.0014232,0.0014902,0.001874,0.001543,0.001503,0.0016108,0.0014511,0.0016338,0.0016286,0.0015186,0.0015268,0.0015983,0.0016657,0.0013741,0.0016685,0.0013986,0.0015897,0.001496,0.0013626,0.0012663,0.0014692,0.0016741,0.0012186,0.0016006,0.0013232,0.0013757,0.0015536,0.0012441,0.0014463,0.0015478,0.0013355,0.0014203,0.0014744,0.001144,0.001461,0.001436,0.0014481,0.0012498,0.0015275,0.0013072,0.0014519,0.0013327,0.00096716,0.0014498,0.0015424,0.0011739,0.0011753,0.0011369,0.0015057,0.0014629,0.001423,0.0010281,0.0009258,0.00099281,0.0010145,0.0014577,0.0013751,0.0010193,0.0012501,0.0010306,0.0010232,0.00087568,0.00085331,0.0011316,0.0011485,0.001356,0.0012223,1074300.0,1105700.0,792270.0,4276700.0,2284500.0,1150800.0,5856800.0,1513400.0,1879800.0,3242500.0,2966100.0,734830.0,5652900.0,1298400.0,4052200.0,2459600.0,5070500.0,4091400.0,1340500.0,3371900.0,2502600.0,3347400.0,11704000.0,958350.0,6311800.0,749460.0,9101500.0,1591900.0,1841400.0,815570.0,3232100.0,1680500.0,5814300.0,23940000.0,2520900.0,2724900.0,4347000.0,1235900.0,1513400.0,1646200.0,2062700.0,1057700.0,2058300.0,1019200.0,7475600.0,2433400.0,1825600.0,1494000.0,2274900.0,15971000.0,952090.0,7278300.0,3995200.0,706940.0,3910700.0,1079100.0,2657700.0,17679000.0,32102000.0,2373200.0,1720700.0,1532600.0,2840700.0,1036400.0,1926200.0,3409900.0,803840.0,2871900.0,1940600.0,3915400.0,2755300.0,1446400.0,1119200.0,15048000.0,5077600.0,1340600.0,3613400.0,1673300.0,965090.0,2573300.0,3702600.0,1313000.0,893150.0,2116300.0,873820.0,1861100.0,2850800.0,4950200.0,4191200.0,2338500.0,5694300.0,1300700.0,9352900.0,4677300.0,1017700.0,1694700.0,903640.0,1769700.0,3509900.0,9918500.0,1730700.0,16523000.0,1417300.0,9919600.0,1633600.0,3256300.0,1272900.0,1628100.0,12535000.0,5115100.0,2157200.0,3869300.0,2389200.0,1225800.0,656170.0,3373000.0,11659000.0,2413800.0,1291100.0,778800.0,1922000.0,735100.0,1193700.0,2218700.0,8786700.0,4156700.0,2627900.0,3087700.0,2361300.0,1498700.0,773560.0,10411000.0,2404500.0,3548600.0,2073400.0,1371700.0,1031900.0,2014200.0,1052000.0,2853800.0,3921600.0,1159600.0,1477000.0,2103000.0,1521000.0,2210500.0,2422200.0,877170.0,6912100.0,1513500.0,9390500.0,6180200.0,809830.0,10291000.0,814480.0,1274500.0,19279000.0,683650.0,12167000.0,721740.0,5575100.0,3693400.0,3817200.0,2647300.0,5252900.0,4116200.0,4227600.0,964530.0,4135000.0,1638700.0,6369200.0,1506700.0,7610900.0,1080700.0,744550.0,4005200.0,2996600.0,1988300.0,8411500.0,2288700.0,948280.0,1205600.0,3671000.0,3568300.0,1940100.0,1475700.0,747540.0,6807100.0,5275200.0,2336700.0,637470.0,17726000.0,3323000.0,5257900.0,1142200.0,18258000.0,5431600.0,1100100.0,8580600.0,1353300.0,1434500.0,3992400.0,5297000.0,799330.0,1639500.0,973680.0,1778500.0,1568200.0,1456500.0,7851700.0,2342100.0,1425100.0,12280000.0,2793800.0,1238000.0,1263500.0,3260300.0,951930.0,4669600.0,1133200.0,1854600.0,8075300.0,4435100.0,696550.0,1421900.0,10018000.0,5258300.0,5069200.0,15394000.0,3001700.0,1931800.0,2342400.0,2994600.0,3189800.0,1882600.0,1749500.0,2275100.0,1499400.0,7215800.0,652060.0,3656200.0,8296200.0,8910100.0,1863600.0,5378600.0,4029700.0,5011000.0,864140.0,1139900.0,5361500.0,1551600.0,6587500.0,3485200.0,7122400.0,1970700.0,1638700.0,1591200.0,1087700.0,1106100.0,2208100.0,945990.0,5091800.0,3371700.0,4404800.0,3356800.0,2894200.0,2745600.0,15584000.0,14989000.0,6042000.0,4601000.0,2807600.0,6148400.0,3762100.0,1781300.0,2740300.0,1353800.0,4824200.0,3044800.0,1.5342,1.8531,4.1672,2.2344,2.4749,3.6653,1.2769,2.2344,4.2239,1.2104,1.9888,4.2203,2.4792,2.6639,4.3162,0.78734,2.0633,4.219,1.6309,2.5162,3.8826,3.0686,2.8447,5.8623,1.2017,2.0208,4.2073,1.7229,1.7176,4.2462,1.2832,2.2597,4.26,0.76518,2.0419,4.2105,2.9187,2.8426,4.6248,5.6118,2.7591,1.4011,1.2429,2.8278,3.6228,0.87354,2.1582,3.0047,2.5469,2.1296,4.5224,1.4641,1.6805,3.896,0.69322,2.6486,3.8804,1.9264,1.8155,3.5128,1.1678,2.3995,3.1964,0.34444,2.2899,3.5189,1.8296,1.6418,3.3998,2.0518,2.7201,4.2621,1.8661,1.6441,3.3753,1.5881,1.6468,3.9561,0.34853,2.174,3.1459,2.0775,2.4162,4.4839,1.4878,1.6948,3.2506,0.87924,1.9274,2.7599,3.1798,2.8401,5.9678,1.9468,1.7997,3.4997,0.90809,2.72,2.9034,1.7236,2.5914,4.0026,0.70233,1.8978,2.7544,1.0958,2.4227,3.1185,1.9254,1.9275,4.4943,1.7811,1.6566,3.8911,0.58256,2.1707,3.8464,1.3137,2.5215,3.8495,0.98986,2.1271,3.2099,2.5819,2.3397,4.3453,2.0208,2.2009,4.719,1.5173,1.6571,3.9235,1.8857,1.9757,4.4856,1.4768,2.1924,3.2464,0.82097,2.2031,3.0735,2.4483,2.4409,4.3646,1.9794,2.5422,4.8492,1.9301,2.6137,4.8267,2.5673,2.3331,4.3285,1.2759,2.5145,3.8961,1.7878,2.2988,4.3649,2.397,3.005,4.2743,0.60677,2.4145,2.5957,1.4335,2.0278,4.599,1.9506,3.029,3.8315,0.28475,2.3807,3.3748,1.6917,1.6189,4.0794,0.79078,2.1622,3.0606,2.2616,2.3023,4.6934,0.5895,2.4546,3.0947,0.84425,2.2167,3.1827,0.033136,2.8962,1.7804,2.0103,2.1446,4.6157,2.5299,2.3823,4.2774,2.351,2.3048,5.1437,1.9914,2.6997,4.1732,1.1236,1.841,4.0097,4.5458,2.8503,0.63585,0.79314,2.181,2.9918,1.4457,2.1196,4.2772,1.1561,2.1898,3.5382,2.0965,2.6703,4.3576,1.6295,1.5841,4.1464,1.1726,2.5352,3.0929,0.7518,2.4669,3.7426,2.1847,1.8468,3.6879,1.4455,2.5179,3.4793,1.4133,2.5991,3.5424,1.4575,1.6402,4.2783,1.9651,2.6964,4.487,2.0461,2.7019,4.6097,3.3538,2.8251,6.1136,1.7003,1.6255,4.1929,1.8295,1.9558,3.4045,2.4043,2.9666,5.3051,1.193,2.567,3.0567,2.6855,2.4128,5.0123,0.97025,2.6619,4.1703,1.4625,2.4916,3.5297,0.9645,1.927,4.1079,1.7619,1.6212,4.0681,1.8898,1.9265,3.395,6.0297,2.9034,2.8651,2.9126,2.238,4.6531,1.4514,1.9505,4.3254,1.1402,2.5867,3.3501,1.441,2.4593,3.3876,1.7137,1.9139,3.6728,1.9975,2.4444,4.0543,1.0943,2.3489,3.2339,2.4635,1.9358,5.2706,1.0344,2.6315,3.2847,1.4127,2.5184,3.3557,0.22371,3.0334,3.2002,0.66511,1.8726,2.8156,1.653,1.9833,4.5434,1.4859,1.8337,4.193,5.2778,2.8317,1.6359,0.85169,2.1983,2.9065,0.91465,2.6862,4.1496,2.3458,2.4841,3.6678,2.8627,2.3101,4.9586,3.0044,2.608,4.5796,2.0461,2.4126,4.5704,2.2212,2.1862,4.1794,0.72507,2.17,3.3377,0.54313,2.4213,3.0336,0.56522,2.209,3.8662,2.4954,2.4521,4.57,0.75574,2.4176,2.9345,1.3012,1.565,4.361,1.6125,1.9578,3.4944,0.27722,2.6586,2.1405,3.4287,2.9383,0.2688,0.87481,2.2942,3.0555,1.631,1.6669,4.1341,1.6432,1.874,3.2368,0.7719,2.3736,2.8678,2.1978,2.3076,4.9455,1.2723,2.5684,3.1749,1.2231,2.1816,3.5991,0.41228,2.0599,3.2934,1.7083,1.9309,3.4354,2.592,2.0669,4.0866,2.0603,2.1429,4.9622,1.3692,1.7176,3.8426,0.7616,2.0083,2.7833,2.0815,2.1377,5.0429,2.1859,2.2685,4.5398,1.5123,2.4118,3.9953,4.1263,2.9296,0.05134,1.8634,2.4664,4.0087,0.68061,1.9827,4.142,1.2191,2.6235,4.2481,3.3896,2.8122,6.0975,1.7077,1.5689,3.278,0.24346,2.3613,3.3911,4.9599,2.9937,0.81066,0.43932,2.8112,3.2688,1.1857,2.5339,3.0466,2.2428,2.1754,4.9928,1.6093,2.0726,4.4228,1.6436,1.6247,3.3724,1.7198,2.9371,3.3206,0.71723,2.3596,2.885,0.82859,2.4067,3.0052,0.24473,2.6559,3.353,1.8952,2.4176,4.2592,0.6153,2.4252,2.7828,1.0143,2.3036,3.6059,1.2998,1.7735,4.3151,0.23934,2.3417,3.4487,1.6809,1.5885,3.2791,0.76171,2.3446,2.8391,2.9716,2.8617,6.016,1.7901,2.5393,3.9842,2.0292,2.2188,4.6055,2.2962,2.6819,5.1266,1.6591,1.9595,3.8274,1.393,1.7912,3.7373,2.2843,2.1421,4.9946,1.4944,2.5879,3.9657,0.52475,3.0231,2.219,4.4973,2.9212,0.27943,1.3302,2.8129,4.2268,1.895,1.9658,3.8942,1.2086,2.665,2.7965,0.1852,2.7923,2.8693,1.0538,2.9111,4.1911,0.49529,2.4657,2.5943,0.83279,2.0416,2.8622,0.53239,2.4747,3.4033,1.7369,2.2107,4.3143,1.1393,2.7993,4.2683,0.67419,2.0237,3.0045,2.0802,1.8445,3.7393,1.3739,1.8721,3.6962,2.3333,2.6382,4.8205,1.4888,1.5702,4.1959,1.3008,2.141,3.2192,0.71074,2.0602,3.0272,0.71208,2.302,2.6341,1.7764,2.3713,4.1746,2.2795,2.6159,4.9246,0.60464,2.0506,2.982,1.7115,1.7522,3.3013,0.8224,2.9943,2.5945,0.54956,2.519,2.5943,3.1951,2.7332,6.1326,6.2063,2.868,2.6094,4.2321,2.9178,6.2198,2.3903,2.3076,3.7387,1.418,3.0617,4.354,1.271,2.4286,3.4857,0.13393,3.1027,3.044,2.3753,2.2006,3.7628,1.2993,1.8466,3.6956,2.4076,2.3273,4.611,2.6087,2.6885,4.1823,1.2645,2.7107,4.3335,1.7364,1.9468,3.8406,1.1819,2.7617,3.7317,2.3613,2.3771,4.9637,1.456,2.6255,3.3496,2.1699,2.2608,4.0767,0.8245,1.9646,3.3871,2.4222,2.3531,3.7969,2.3533,2.3656,3.7359,2.264,1.9772,5.0255,2.6442,2.2891,4.8214,2.3859,2.2391,3.7978,1.4245,1.605,3.8987,2.3757,2.6241,4.9376,1.7875,1.9482,3.8734,0.81384,2.1268,4.0986,1.5976,1.8394,4.3193,2.3414,2.6035,4.9519,1.4527,2.3959,3.2574,5.8647,2.84,2.14,1.8637,1.7609,3.5196,1.9638,2.9491,4.2244,2.0859,1.9786,4.8229,1.1573,2.6095,4.3427,1.967,2.1512,4.9229,1.6457,1.788,3.9432,1.6218,2.0055,3.3525,1.1226,2.7352,3.6891,1.0115,2.8459,3.8297,1.5252,2.476,3.9003,1.1619,2.7082,3.685,1.781,1.7644,4.0854,0.77824,2.4535,2.8012,1.8481,2.1146,4.4015,0.10105,2.7869,2.9564,1.0587,1.9492,4.3169,0.97404,2.2974,3.0636,1.6007,2.4043,4.5687,1.0008,2.0819,2.8331,0.78116,2.0081,2.6995,1.6682,1.7766,3.9473,0.89039,2.4463,2.8713,1.3368,1.5856,3.84,2.7715,2.6042,4.6212,1.0587,2.1997,3.6377,1.166,2.7482,3.6788,1.9958,1.9939,4.4744,1.033,1.9602,4.2463,1.8912,1.6458,3.4386,1.7027,2.4926,3.9801,2.2195,2.543,4.892,2.0819,2.361,3.6273,1.2145,3.0612,3.4596,1.4146,1.4464,4.2484,0.68803,2.9838,3.6501,1.6418,1.7311,4.2395,0.78517,2.0012,2.7253,0.58462,2.2148,4.0221,2.6243,2.5997,4.5225,2.0107,2.1102,3.4477,1.3798,2.8957,3.5359,1.086,2.216,3.6227,2.5365,2.0259,4.4751,1.5001,1.7356,4.4205,1.5993,2.5878,3.5713,2.0678,2.2882,4.0644,2.708,2.3223,4.9747,0.44589,2.5092,2.9364
0.129,0.20419,0.0051403,232.39,251.04,201.68,0.0013321,0.0015261,0.0010127,209.09,225.89,223.6,216.82,207.51,186.11,237.74,224.76,259.41,220.59,247.75,259.75,203.44,223.73,218.82,270.21,217.27,242.67,206.6,184.36,317.66,226.98,193.84,236.04,198.83,267.18,249.83,307.28,172.01,254.35,214.89,213.83,154.69,227.84,251.37,324.86,246.29,194.85,279.82,331.11,295.41,190.88,221.16,182.01,264.15,252.94,282.84,272.09,318.58,272.86,262.81,256.39,317.96,316.8,310.49,260.61,291.47,221.28,210.29,352.69,306.57,315.26,339.67,192.58,260.84,235.68,202.3,193.7,290.3,217.3,257.51,239.44,272.11,289.47,230.66,226.21,258.51,280.54,316.27,271.41,223.97,288.48,259.02,247.75,307.25,171.15,242.06,241.18,254.67,263.01,290.63,273.99,226.68,276.02,216.06,263.8,250.29,329.77,251.83,248.19,292.79,313.76,346.92,243.76,298.08,348.81,374.93,285.89,230.52,290.09,339.45,245.87,274.91,270.57,249.11,320.72,267.65,306.33,342.95,316.1,249.47,308.89,296.9,261.05,272.17,265.0,380.95,232.48,364.12,366.96,352.58,262.32,343.91,231.13,254.75,466.2,259.66,284.0,315.29,289.4,275.4,254.64,298.67,353.23,251.98,292.43,331.18,220.14,262.05,313.38,232.41,258.18,318.61,245.64,161.88,257.77,334.49,298.79,326.07,378.9,214.47,261.9,196.11,193.05,232.22,277.86,212.23,300.71,251.19,218.08,254.17,231.22,263.1,171.33,268.13,254.17,248.3,229.73,222.85,301.2,210.87,287.29,363.58,249.55,260.65,244.39,311.23,264.46,234.9,285.92,320.48,257.57,270.82,271.76,284.24,293.96,254.24,378.52,226.86,244.31,246.7,264.7,245.76,262.4,258.68,305.32,252.56,231.63,263.67,286.11,249.64,194.4,208.18,248.06,311.76,234.23,226.11,285.78,229.77,253.29,259.57,243.47,250.62,275.42,272.46,205.04,267.24,210.39,270.3,221.99,238.55,188.64,264.47,266.58,173.69,269.72,222.18,176.99,254.81,188.91,224.42,258.64,191.41,236.41,248.31,198.26,245.26,246.73,229.83,189.16,243.39,210.69,233.0,230.57,167.95,274.51,277.08,210.51,173.72,206.02,273.22,238.61,238.23,226.59,150.72,161.83,203.32,244.06,234.4,219.83,223.59,212.05,191.24,172.16,183.74,230.97,213.71,247.41,221.0,0.00078434,0.0010622,0.0010615,0.0011369,0.0010307,0.00092806,0.0012487,0.00095856,0.0013021,0.0010567,0.0013085,0.0014392,0.0010527,0.0012066,0.0010739,0.0015978,0.0012462,0.0013277,0.0013311,0.0011233,0.0018366,0.0014882,0.0012108,0.0015813,0.0013661,0.0016499,0.0014265,0.0017856,0.001283,0.0016745,0.0013092,0.0013036,0.0010727,0.0012876,0.001531,0.0019185,0.0015052,0.0013197,0.0017119,0.0018309,0.0015813,0.0011183,0.0014609,0.0013362,0.0015763,0.0015915,0.0017043,0.001516,0.0018376,0.001616,0.001292,0.0015536,0.0019314,0.0016907,0.0018365,0.0016208,0.0016952,0.0011621,0.0014871,0.0021062,0.001984,0.0018514,0.0019638,0.0013989,0.0017756,0.0014918,0.0013589,0.001534,0.0017905,0.0014344,0.0017363,0.0015963,0.0015797,0.0017884,0.0015415,0.001492,0.0015411,0.0017535,0.0019588,0.0018123,0.0015043,0.001967,0.0017563,0.0014488,0.001591,0.0013325,0.001155,0.0016623,0.0015796,0.0016467,0.0017885,0.0015781,0.0013428,0.001786,0.001252,0.0016835,0.0015735,0.002051,0.0016241,0.0015987,0.0015271,0.0018688,0.0021171,0.0014666,0.0018857,0.001594,0.0020983,0.0018168,0.0016145,0.0016975,0.0020771,0.0016876,0.001612,0.0016676,0.0016356,0.0019457,0.0017028,0.0018459,0.0019696,0.001613,0.0016534,0.0019126,0.0016869,0.0018425,0.0016329,0.0012491,0.0022536,0.0016428,0.0016764,0.0021834,0.0021769,0.0017206,0.0020346,0.0015295,0.0016773,0.0021009,0.0017644,0.001628,0.0019066,0.0017357,0.0017456,0.0016549,0.0016193,0.0020816,0.0017633,0.0014798,0.0018443,0.0012637,0.0014136,0.0016959,0.0015047,0.0017139,0.0017454,0.0016031,0.0012328,0.0014587,0.001986,0.0018721,0.0014741,0.0020842,0.0013676,0.0016347,0.0013867,0.0014246,0.0014116,0.0016691,0.0015108,0.001829,0.0016422,0.0015237,0.0016792,0.0013427,0.0016921,0.0013486,0.0016915,0.0015879,0.00175,0.0015435,0.0014271,0.0016983,0.0013844,0.0017289,0.0020969,0.0016315,0.0016739,0.0017144,0.001821,0.001632,0.0015805,0.001657,0.0016937,0.0016875,0.0016656,0.0017291,0.0019843,0.0017806,0.0016323,0.0011875,0.0015921,0.0015274,0.0016243,0.001684,0.0015798,0.0016919,0.0015532,0.0021107,0.0015485,0.0015994,0.0016197,0.0015761,0.0015489,0.0013658,0.0014251,0.001494,0.0018793,0.0015471,0.0015055,0.0016121,0.0014533,0.0016373,0.0016329,0.0015215,0.0015303,0.0016022,0.0016688,0.0013768,0.0016721,0.001401,0.0015938,0.0014976,0.0013637,0.0012677,0.0014718,0.0016777,0.0012199,0.0016035,0.0013249,0.0013783,0.0015568,0.0012458,0.0014479,0.0015514,0.0013378,0.0014225,0.0014771,0.0011456,0.001464,0.001438,0.0014499,0.0012505,0.0015294,0.0013087,0.0014548,0.0013351,0.00096771,0.0014529,0.0015457,0.0011748,0.0011766,0.0011378,0.0015071,0.0014645,0.0014254,0.0010298,0.00092702,0.00099307,0.0010149,0.0014593,0.0013776,0.0010208,0.0012516,0.0010316,0.001024,0.00087636,0.00085363,0.001132,0.0011486,0.0013573,0.0012226,1074300.0,1105700.0,792270.0,4276700.0,2284500.0,1150800.0,5856800.0,1513400.0,1879800.0,3242500.0,2966100.0,734830.0,5652900.0,1298400.0,4052200.0,2459600.0,5070500.0,4091400.0,1340500.0,3371900.0,2502600.0,3347400.0,11704000.0,958350.0,6311800.0,749460.0,9101500.0,1591900.0,1841400.0,815570.0,3232100.0,1680500.0,5814300.0,23940000.0,2520900.0,2724900.0,4347000.0,1235900.0,1513400.0,1646200.0,2062700.0,1057700.0,2058300.0,1019200.0,7475600.0,2433400.0,1825600.0,1494000.0,2274900.0,15971000.0,952090.0,7278300.0,3995200.0,706940.0,3910700.0,1079100.0,2657700.0,17679000.0,32102000.0,2373200.0,1720700.0,1532600.0,2840700.0,1036400.0,1926200.0,3409900.0,803840.0,2871900.0,1940600.0,3915400.0,2755300.0,1446400.0,1119200.0,15048000.0,5077600.0,1340600.0,3613400.0,1673300.0,965090.0,2573300.0,3702600.0,1313000.0,893150.0,2116300.0,873820.0,1861100.0,2850800.0,4950200.0,4191200.0,2338500.0,5694300.0,1300700.0,9352900.0,4677300.0,1017700.0,1694700.0,903640.0,1769700.0,3509900.0,9918500.0,1730700.0,16523000.0,1417300.0,9919600.0,1633600.0,3256300.0,1272900.0,1628100.0,12535000.0,5115100.0,2157200.0,3869300.0,2389200.0,1225800.0,656170.0,3373000.0,11659000.0,2413800.0,1291100.0,778800.0,1922000.0,735100.0,1193700.0,2218700.0,8786700.0,4156700.0,2627900.0,3087700.0,2361300.0,1498700.0,773560.0,10411000.0,2404500.0,3548600.0,2073400.0,1371700.0,1031900.0,2014200.0,1052000.0,2853800.0,3921600.0,1159600.0,1477000.0,2103000.0,1521000.0,2210500.0,2422200.0,877170.0,6912100.0,1513500.0,9390500.0,6180200.0,809830.0,10291000.0,814480.0,1274500.0,19279000.0,683650.0,12167000.0,721740.0,5575100.0,3693400.0,3817200.0,2647300.0,5252900.0,4116200.0,4227600.0,964530.0,4135000.0,1638700.0,6369200.0,1506700.0,7610900.0,1080700.0,744550.0,4005200.0,2996600.0,1988300.0,8411500.0,2288700.0,948280.0,1205600.0,3671000.0,3568300.0,1940100.0,1475700.0,747540.0,6807100.0,5275200.0,2336700.0,637470.0,17726000.0,3323000.0,5257900.0,1142200.0,18258000.0,5431600.0,1100100.0,8580600.0,1353300.0,1434500.0,3992400.0,5297000.0,799330.0,1639500.0,973680.0,1778500.0,1568200.0,1456500.0,7851700.0,2342100.0,1425100.0,12280000.0,2793800.0,1238000.0,1263500.0,3260300.0,951930.0,4669600.0,1133200.0,1854600.0,8075300.0,4435100.0,696550.0,1421900.0,10018000.0,5258300.0,5069200.0,15394000.0,3001700.0,1931800.0,2342400.0,2994600.0,3189800.0,1882600.0,1749500.0,2275100.0,1499400.0,7215800.0,652060.0,3656200.0,8296200.0,8910100.0,1863600.0,5378600.0,4029700.0,5011000.0,864140.0,1139900.0,5361500.0,1551600.0,6587500.0,3485200.0,7122400.0,1970700.0,1638700.0,1591200.0,1087700.0,1106100.0,2208100.0,945990.0,5091800.0,3371700.0,4404800.0,3356800.0,2894200.0,2745600.0,15584000.0,14989000.0,6042000.0,4601000.0,2807600.0,6148400.0,3762100.0,1781300.0,2740300.0,1353800.0,4824200.0,3044800.0,1.5344,1.8532,4.1671,2.2345,2.475,3.6653,1.2769,2.2345,4.2239,1.2102,1.9888,4.2202,2.479,2.6639,4.3164,0.78674,2.0634,4.219,1.6319,2.5164,3.8825,3.0691,2.8447,5.8624,1.2014,2.021,4.207,1.7226,1.7176,4.2461,1.2834,2.2601,4.2604,0.76432,2.0417,4.2105,2.9186,2.8426,4.6255,5.6108,2.7588,1.4004,1.2432,2.8276,3.6229,0.8727,2.1583,3.0045,2.5475,2.1305,4.5232,1.4641,1.6804,3.896,0.69393,2.6495,3.8806,1.9256,1.816,3.5133,1.1686,2.3991,3.1975,0.34502,2.2899,3.5183,1.8301,1.6415,3.4,2.0517,2.7191,4.2612,1.8669,1.6439,3.3752,1.5893,1.6465,3.9565,0.34822,2.1743,3.1454,2.0782,2.4168,4.4849,1.4881,1.695,3.2511,0.87974,1.9278,2.7598,3.1811,2.84,5.9689,1.9466,1.8002,3.5001,0.90737,2.7201,2.9036,1.7229,2.5916,4.0026,0.70307,1.8978,2.7541,1.096,2.4224,3.119,1.9256,1.9274,4.4942,1.7817,1.6564,3.8911,0.58343,2.1701,3.8477,1.3151,2.5222,3.8505,0.98968,2.1277,3.2091,2.5827,2.3404,4.3461,2.0204,2.2012,4.7194,1.5176,1.6568,3.9236,1.8856,1.9763,4.4855,1.4772,2.1927,3.246,0.82067,2.2041,3.0723,2.4482,2.4416,4.3649,1.9796,2.5415,4.8487,1.93,2.6139,4.8261,2.5678,2.3337,4.3292,1.2757,2.5146,3.8954,1.7887,2.2994,4.3656,2.3987,3.0044,4.2757,0.60769,2.4138,2.5972,1.4323,2.0276,4.5991,1.9488,3.0285,3.8295,0.28433,2.3807,3.3746,1.6917,1.6189,4.0794,0.79118,2.1633,3.0605,2.2616,2.3024,4.6938,0.58895,2.4533,3.0955,0.84207,2.2177,3.1814,0.032068,2.8962,1.7794,2.0102,2.146,4.6163,2.5296,2.3833,4.2779,2.3494,2.305,5.1438,1.9899,2.6986,4.172,1.1234,1.8406,4.0105,4.5448,2.8491,0.63746,0.79193,2.1813,2.9911,1.4461,2.1199,4.2776,1.1564,2.1907,3.5387,2.0946,2.6693,4.3557,1.629,1.5839,4.1463,1.1729,2.535,3.0937,0.75173,2.4676,3.7425,2.1857,1.8462,3.6878,1.4441,2.5186,3.4792,1.411,2.5993,3.5415,1.4555,1.6401,4.2782,1.9638,2.6953,4.486,2.0453,2.7009,4.6097,3.3542,2.8252,6.1145,1.7006,1.6255,4.193,1.8304,1.9553,3.4043,2.4064,2.9666,5.3075,1.1931,2.5675,3.0564,2.6856,2.4124,5.0124,0.97011,2.6625,4.1712,1.4611,2.492,3.5302,0.96336,1.9272,4.1087,1.7627,1.6212,4.0678,1.8918,1.9265,3.3948,6.0287,2.9033,2.8647,2.9132,2.2377,4.6537,1.4523,1.9502,4.3265,1.1391,2.586,3.35,1.4401,2.4596,3.3877,1.7129,1.9132,3.6724,1.9984,2.4449,4.055,1.094,2.3494,3.2342,2.4639,1.9349,5.2717,1.0325,2.6309,3.2842,1.4117,2.5194,3.3552,0.22438,3.0338,3.2003,0.66462,1.8735,2.8145,1.6527,1.9824,4.5446,1.4862,1.8332,4.1934,5.2759,2.8305,1.6343,0.8521,2.1988,2.9074,0.91461,2.6869,4.1507,2.3467,2.4828,3.6674,2.8651,2.3096,4.959,3.006,2.6076,4.5802,2.0461,2.4121,4.571,2.2194,2.187,4.179,0.72452,2.1716,3.3376,0.54531,2.4211,3.0342,0.56547,2.2098,3.8669,2.496,2.4515,4.5711,0.75477,2.4179,2.9338,1.3014,1.5649,4.3615,1.6115,1.9572,3.495,0.27943,2.6585,2.1417,3.4285,2.9381,0.26941,0.87494,2.2933,3.0563,1.6307,1.6671,4.1346,1.644,1.8747,3.2376,0.77205,2.373,2.8678,2.1981,2.3071,4.9454,1.2738,2.5687,3.1759,1.2245,2.1826,3.6004,0.41048,2.0608,3.2936,1.7084,1.9301,3.4354,2.5931,2.0663,4.0871,2.06,2.143,4.962,1.3698,1.717,3.8428,0.76196,2.0089,2.7838,2.0811,2.1374,5.0436,2.1851,2.269,4.5402,1.5118,2.4127,3.9957,4.1246,2.9285,0.049386,1.8625,2.4673,4.0086,0.67932,1.9828,4.1424,1.2192,2.6235,4.248,3.3873,2.8117,6.0969,1.7083,1.5686,3.2781,0.24412,2.3618,3.3915,4.9576,2.994,0.80768,0.43885,2.8114,3.2697,1.185,2.5342,3.0474,2.2437,2.176,4.9933,1.6106,2.0721,4.4235,1.6444,1.6246,3.373,1.7234,2.9373,3.322,0.7187,2.3589,2.8861,0.82794,2.406,3.0054,0.24476,2.6562,3.353,1.8978,2.4188,4.26,0.61686,2.425,2.7834,1.0142,2.3047,3.6054,1.2994,1.7732,4.3152,0.23915,2.342,3.4493,1.6817,1.5885,3.2791,0.76396,2.3437,2.8398,2.9709,2.8616,6.0165,1.7881,2.5388,3.9837,2.0295,2.2192,4.6056,2.2938,2.6812,5.1254,1.6577,1.9594,3.8269,1.3937,1.7908,3.7376,2.2851,2.142,4.9946,1.4948,2.5875,3.9653,0.52291,3.0227,2.2159,4.4964,2.9207,0.27904,1.3311,2.8139,4.226,1.8948,1.9661,3.8943,1.2081,2.6653,2.7956,0.1835,2.7922,2.8684,1.0544,2.9112,4.1912,0.49494,2.4652,2.5945,0.83387,2.0427,2.8615,0.53255,2.4751,3.4034,1.7384,2.211,4.3149,1.138,2.7999,4.2673,0.67479,2.0243,3.0034,2.0811,1.8443,3.7387,1.3754,1.8724,3.6967,2.332,2.6373,4.8189,1.4898,1.5704,4.1959,1.3003,2.141,3.2195,0.71138,2.061,3.0266,0.7132,2.3011,2.6342,1.7771,2.3718,4.1749,2.2786,2.6152,4.9243,0.60449,2.0512,2.981,1.7127,1.7533,3.301,0.82368,2.994,2.5949,0.54938,2.5191,2.5942,3.1967,2.733,6.1344,6.2069,2.868,2.6105,4.2298,2.9171,6.2173,2.3907,2.3066,3.7385,1.4202,3.0616,4.3575,1.2702,2.4293,3.4856,0.12843,3.1028,3.0396,2.3754,2.2002,3.7624,1.2997,1.8465,3.6959,2.4074,2.3274,4.6115,2.6088,2.6892,4.1837,1.2644,2.7108,4.3333,1.7352,1.9466,3.8401,1.1824,2.7614,3.7324,2.3607,2.3763,4.9628,1.4548,2.6252,3.3501,2.1697,2.2615,4.0765,0.82434,1.9649,3.3872,2.4224,2.3525,3.7971,2.3532,2.3652,3.7357,2.2648,1.9778,5.0265,2.6438,2.2891,4.8216,2.3861,2.2392,3.7977,1.4249,1.6051,3.8992,2.3749,2.6234,4.9371,1.7867,1.9481,3.8731,0.81397,2.1267,4.0993,1.5974,1.8395,4.3198,2.3407,2.6026,4.9517,1.4526,2.3959,3.2574,5.8642,2.8396,2.1395,1.8637,1.7607,3.5198,1.9633,2.9483,4.2233,2.0866,1.9789,4.8233,1.1578,2.6098,4.3432,1.9678,2.1513,4.9234,1.6459,1.7879,3.943,1.622,2.0055,3.3521,1.1233,2.7349,3.6899,1.0121,2.846,3.8298,1.5262,2.4765,3.9007,1.162,2.7075,3.685,1.7806,1.764,4.0854,0.77741,2.4534,2.8014,1.8478,2.115,4.4017,0.10118,2.7867,2.9573,1.0584,1.9492,4.3173,0.97424,2.2971,3.064,1.6004,2.4044,4.5685,1.001,2.0818,2.8331,0.78153,2.0081,2.6992,1.6686,1.7763,3.9471,0.89006,2.4462,2.8721,1.3364,1.5855,3.84,2.7715,2.6044,4.621,1.0585,2.2003,3.6378,1.1663,2.7478,3.679,1.996,1.9939,4.4744,1.0325,1.9602,4.2462,1.8915,1.6457,3.4386,1.7031,2.4927,3.9799,2.2202,2.5428,4.8917,2.0815,2.3608,3.6267,1.2145,3.0611,3.4597,1.4143,1.4463,4.2485,0.68853,2.9837,3.6503,1.642,1.731,4.2396,0.78552,2.0012,2.7252,0.58393,2.2149,4.0226,2.6238,2.5997,4.5224,2.0108,2.1101,3.4478,1.3797,2.8954,3.5359,1.086,2.2162,3.6226,2.5366,2.0262,4.4751,1.5002,1.7356,4.4204,1.5992,2.5877,3.5712,2.0678,2.2882,4.0643,2.708,2.3219,4.9745,0.44593,2.509,2.9362
0.13073,0.20694,0.005198,232.87,251.84,201.63,0.0013346,0.00153,0.0010126,208.83,225.69,224.0,216.59,208.03,186.12,237.76,224.61,259.39,220.77,248.62,260.86,203.62,224.36,218.78,270.74,217.29,242.89,207.36,184.41,317.98,227.31,193.92,236.21,199.04,267.24,250.55,308.13,172.12,254.75,215.26,214.93,154.53,228.79,251.71,325.73,246.5,194.77,280.79,332.39,295.87,191.17,222.72,181.8,264.89,253.6,283.8,273.42,320.08,273.55,263.88,257.4,319.92,318.68,312.41,261.43,293.45,223.33,209.94,355.17,308.83,316.78,338.19,193.51,262.48,235.69,203.98,192.32,290.42,218.44,257.4,241.52,274.29,291.05,231.58,227.94,260.53,282.17,317.64,272.26,223.84,289.21,260.07,250.67,308.73,172.47,243.74,244.41,257.63,264.37,291.81,276.26,225.62,278.49,217.72,265.51,251.43,330.33,249.31,249.15,295.9,315.34,349.24,244.26,296.92,352.77,376.76,288.11,231.41,290.3,342.51,247.63,273.52,271.72,250.32,322.42,268.91,308.06,344.54,317.28,252.58,311.59,298.98,261.56,274.01,267.8,383.88,233.06,367.59,370.05,353.78,263.35,347.13,230.45,256.12,471.61,261.71,284.32,316.34,291.44,277.15,254.6,299.74,354.42,252.51,296.21,331.74,221.52,264.91,317.98,233.1,258.73,320.77,246.25,161.86,259.45,335.9,299.42,329.69,380.2,214.97,262.54,196.33,194.8,233.36,278.61,212.64,301.24,252.66,218.5,254.62,232.03,264.16,171.97,268.94,254.48,249.06,230.2,223.35,302.13,211.48,288.39,364.27,249.84,261.51,244.7,312.05,265.36,235.05,286.81,321.36,258.14,271.7,272.68,285.36,294.79,255.01,383.35,227.31,244.79,247.2,264.87,246.08,263.06,259.47,306.55,253.11,232.25,263.8,287.05,250.33,194.78,208.52,248.66,312.75,235.12,226.38,286.03,230.26,254.09,260.14,243.85,251.13,275.8,273.01,205.44,268.15,210.8,271.12,222.24,238.68,188.89,264.9,267.01,173.83,270.19,222.46,177.14,255.21,189.12,224.63,259.21,191.53,236.85,248.87,198.46,245.7,246.99,230.02,189.13,243.63,210.87,233.52,230.93,167.92,275.07,277.56,210.54,173.76,206.11,273.42,238.85,238.66,226.95,150.81,161.78,203.27,244.2,234.9,220.09,223.82,212.14,191.28,172.2,183.7,230.92,213.56,247.6,220.9,0.00078277,0.0010606,0.0010626,0.0011362,0.0010328,0.00092729,0.0012489,0.00095775,0.0013029,0.0010575,0.0013132,0.0014451,0.0010529,0.0012098,0.0010739,0.0016018,0.001247,0.0013302,0.0013355,0.0011238,0.0018396,0.0014904,0.0012117,0.001583,0.0013673,0.0016544,0.0014312,0.0017903,0.0012851,0.0016766,0.0013125,0.0013093,0.0010721,0.0012922,0.0015331,0.0019252,0.0015087,0.0013179,0.001718,0.0018408,0.0015866,0.0011185,0.0014699,0.0013382,0.0015825,0.0015963,0.0017111,0.0015238,0.0018483,0.0016215,0.0012975,0.0015604,0.0019441,0.0017013,0.0018483,0.0016281,0.0017069,0.0011645,0.0014856,0.0021215,0.001996,0.0018612,0.0019636,0.001403,0.0017869,0.0014943,0.0013639,0.0015271,0.001795,0.0014382,0.0017368,0.0016088,0.0015903,0.0017974,0.0015431,0.0014996,0.0015509,0.001762,0.0019673,0.0018154,0.0014986,0.0019728,0.0017619,0.0014573,0.0015893,0.0013395,0.0011544,0.0016769,0.0015905,0.0016549,0.0017956,0.0015922,0.0013181,0.0017989,0.0012495,0.0016919,0.0015798,0.002055,0.0016071,0.0016046,0.0015425,0.0018766,0.0021261,0.0014696,0.0018854,0.0016159,0.0021086,0.0018279,0.00162,0.0016988,0.0020924,0.0016966,0.001588,0.0016758,0.001644,0.0019553,0.0017078,0.0018534,0.0019742,0.0016191,0.0016671,0.0019251,0.0016914,0.001846,0.0016409,0.0012606,0.0022677,0.0016463,0.0016936,0.0021987,0.0021839,0.0017252,0.002047,0.0015279,0.0016846,0.0021263,0.0017726,0.0016224,0.0019119,0.0017421,0.0017542,0.0016549,0.0016253,0.0020911,0.001766,0.0014934,0.0018513,0.0012653,0.0014222,0.0017151,0.0015093,0.0017185,0.0017548,0.0016087,0.0012339,0.0014673,0.0019957,0.001876,0.0014894,0.0020879,0.0013709,0.0016387,0.0013887,0.0014329,0.0014159,0.0016736,0.001514,0.0018324,0.0016492,0.0015262,0.0016827,0.0013481,0.0016976,0.0013506,0.0016976,0.0015898,0.0017532,0.0015446,0.0014297,0.0017035,0.0013873,0.0017342,0.0021014,0.0016329,0.0016793,0.0017167,0.0018275,0.001637,0.0015827,0.0016621,0.0016989,0.0016919,0.0016718,0.0017339,0.0019899,0.001785,0.0016378,0.0012047,0.001595,0.0015308,0.0016279,0.0016871,0.0015823,0.0016957,0.0015584,0.0021178,0.0015514,0.001604,0.001621,0.001581,0.0015535,0.0013679,0.0014273,0.001498,0.001885,0.0015513,0.0015079,0.0016132,0.0014558,0.0016413,0.0016372,0.001524,0.0015338,0.0016063,0.0016723,0.0013797,0.0016767,0.0014039,0.0015985,0.0014985,0.0013645,0.0012691,0.001474,0.0016813,0.0012209,0.0016065,0.0013261,0.0013806,0.0015597,0.0012471,0.0014493,0.0015552,0.0013398,0.0014246,0.0014799,0.001147,0.001467,0.0014392,0.0014511,0.0012503,0.0015309,0.0013098,0.0014579,0.0013372,0.0009674,0.0014563,0.001549,0.0011748,0.0011771,0.0011379,0.0015078,0.0014656,0.0014279,0.0010311,0.00092774,0.00099235,0.0010143,0.0014601,0.0013801,0.0010218,0.0012526,0.0010319,0.001024,0.00087622,0.00085296,0.0011314,0.0011476,0.0013579,0.001222,1074300.0,1105700.0,792270.0,4276700.0,2284500.0,1150800.0,5856800.0,1513400.0,1879800.0,3242500.0,2966100.0,734830.0,5652900.0,1298400.0,4052200.0,2459600.0,5070500.0,4091400.0,1340500.0,3371900.0,2502600.0,3347400.0,11704000.0,958350.0,6311800.0,749460.0,9101500.0,1591900.0,1841400.0,815570.0,3232100.0,1680500.0,5814300.0,23940000.0,2520900.0,2724900.0,4347000.0,1235900.0,1513400.0,1646200.0,2062700.0,1057700.0,2058300.0,1019200.0,7475600.0,2433400.0,1825600.0,1494000.0,2274900.0,15971000.0,952090.0,7278300.0,3995200.0,706940.0,3910700.0,1079100.0,2657700.0,17679000.0,32102000.0,2373200.0,1720700.0,1532600.0,2840700.0,1036400.0,1926200.0,3409900.0,803840.0,2871900.0,1940600.0,3915400.0,2755300.0,1446400.0,1119200.0,15048000.0,5077600.0,1340600.0,3613400.0,1673300.0,965090.0,2573300.0,3702600.0,1313000.0,893150.0,2116300.0,873820.0,1861100.0,2850800.0,4950200.0,4191200.0,2338500.0,5694300.0,1300700.0,9352900.0,4677300.0,1017700.0,1694700.0,903640.0,1769700.0,3509900.0,9918500.0,1730700.0,16523000.0,1417300.0,9919600.0,1633600.0,3256300.0,1272900.0,1628100.0,12535000.0,5115100.0,2157200.0,3869300.0,2389200.0,1225800.0,656170.0,3373000.0,11659000.0,2413800.0,1291100.0,778800.0,1922000.0,735100.0,1193700.0,2218700.0,8786700.0,4156700.0,2627900.0,3087700.0,2361300.0,1498700.0,773560.0,10411000.0,2404500.0,3548600.0,2073400.0,1371700.0,1031900.0,2014200.0,1052000.0,2853800.0,3921600.0,1159600.0,1477000.0,2103000.0,1521000.0,2210500.0,2422200.0,877170.0,6912100.0,1513500.0,9390500.0,6180200.0,809830.0,10291000.0,814480.0,1274500.0,19279000.0,683650.0,12167000.0,721740.0,5575100.0,3693400.0,3817200.0,2647300.0,5252900.0,4116200.0,4227600.0,964530.0,4135000.0,1638700.0,6369200.0,1506700.0,7610900.0,1080700.0,744550.0,4005200.0,2996600.0,1988300.0,8411500.0,2288700.0,948280.0,1205600.0,3671000.0,3568300.0,1940100.0,1475700.0,747540.0,6807100.0,5275200.0,2336700.0,637470.0,17726000.0,3323000.0,5257900.0,1142200.0,18258000.0,5431600.0,1100100.0,8580600.0,1353300.0,1434500.0,3992400.0,5297000.0,799330.0,1639500.0,973680.0,1778500.0,1568200.0,1456500.0,7851700.0,2342100.0,1425100.0,12280000.0,2793800.0,1238000.0,1263500.0,3260300.0,951930.0,4669600.0,1133200.0,1854600.0,8075300.0,4435100.0,696550.0,1421900.0,10018000.0,5258300.0,5069200.0,15394000.0,3001700.0,1931800.0,2342400.0,2994600.0,3189800.0,1882600.0,1749500.0,2275100.0,1499400.0,7215800.0,652060.0,3656200.0,8296200.0,8910100.0,1863600.0,5378600.0,4029700.0,5011000.0,864140.0,1139900.0,5361500.0,1551600.0,6587500.0,3485200.0,7122400.0,1970700.0,1638700.0,1591200.0,1087700.0,1106100.0,2208100.0,945990.0,5091800.0,3371700.0,4404800.0,3356800.0,2894200.0,2745600.0,15584000.0,14989000.0,6042000.0,4601000.0,2807600.0,6148400.0,3762100.0,1781300.0,2740300.0,1353800.0,4824200.0,3044800.0,1.5346,1.8533,4.1671,2.2347,2.4752,3.6654,1.2769,2.2346,4.2239,1.2099,1.9887,4.22,2.4787,2.6639,4.3166,0.78584,2.0634,4.2191,1.6334,2.5168,3.8823,3.0697,2.8447,5.8626,1.2009,2.0214,4.2066,1.7221,1.7175,4.2461,1.2836,2.2607,4.261,0.76302,2.0414,4.2104,2.9184,2.8426,4.6266,5.6091,2.7585,1.3993,1.2435,2.8272,3.6231,0.87144,2.1584,3.0042,2.5485,2.1319,4.5245,1.4641,1.6803,3.8958,0.69498,2.6507,3.8809,1.9246,1.8167,3.514,1.1699,2.3986,3.199,0.34589,2.29,3.5175,1.8308,1.6411,3.4002,2.0516,2.7176,4.2598,1.868,1.6436,3.3751,1.591,1.646,3.9571,0.34774,2.1748,3.1446,2.0793,2.4175,4.4864,1.4885,1.6953,3.2519,0.8805,1.9285,2.7597,3.1831,2.84,5.9704,1.9462,1.801,3.5007,0.90628,2.7203,2.9039,1.7217,2.5918,4.0027,0.70418,1.8979,2.7538,1.0963,2.4221,3.1197,1.926,1.9273,4.4942,1.7827,1.6562,3.8912,0.58471,2.1694,3.8496,1.3173,2.5234,3.852,0.9894,2.1286,3.2079,2.5839,2.3414,4.3472,2.02,2.2016,4.72,1.5181,1.6563,3.9237,1.8855,1.9772,4.4853,1.4778,2.1931,3.2454,0.82022,2.2054,3.0704,2.4478,2.4427,4.3652,1.98,2.5405,4.8479,1.9299,2.6142,4.8251,2.5684,2.3345,4.3303,1.2754,2.5148,3.8943,1.79,2.3002,4.3666,2.4012,3.0036,4.2777,0.60906,2.4128,2.5993,1.4307,2.0273,4.5992,1.946,3.0278,3.8264,0.28366,2.3808,3.3743,1.6916,1.6188,4.0794,0.79176,2.1651,3.0603,2.2617,2.3026,4.6944,0.58813,2.4513,3.0967,0.83886,2.2191,3.1796,0.030477,2.8963,1.778,2.0099,2.1482,4.6173,2.5292,2.3849,4.2787,2.347,2.3053,5.1438,1.9877,2.6969,4.1703,1.1232,1.8402,4.0117,4.5435,2.8475,0.63982,0.79019,2.1818,2.9901,1.4466,2.1205,4.2781,1.1568,2.192,3.5393,2.0917,2.6679,4.3528,1.6282,1.5838,4.1463,1.1733,2.5347,3.0948,0.75162,2.4686,3.7422,2.1873,1.8453,3.6876,1.442,2.5196,3.4792,1.4075,2.5996,3.5402,1.4525,1.6398,4.2779,1.962,2.6936,4.4846,2.0442,2.6995,4.6096,3.3548,2.8252,6.1159,1.7012,1.6255,4.1931,1.8317,1.9546,3.4039,2.4096,2.9666,5.311,1.1934,2.5681,3.0559,2.6858,2.4117,5.0125,0.96997,2.6634,4.1726,1.4592,2.4925,3.5308,0.9618,1.9275,4.1099,1.764,1.6212,4.0673,1.8948,1.9266,3.3946,6.0274,2.9032,2.864,2.9142,2.2373,4.6546,1.4537,1.9497,4.3283,1.1374,2.5849,3.3498,1.4389,2.46,3.3878,1.7118,1.9121,3.6719,1.9997,2.4456,4.056,1.0936,2.3503,3.2347,2.4645,1.9335,5.2732,1.0298,2.63,3.2835,1.4103,2.5209,3.3544,0.22551,3.0343,3.2006,0.66393,1.8748,2.8129,1.6524,1.9811,4.5464,1.4866,1.8324,4.194,5.273,2.8287,1.6321,0.85276,2.1996,2.9087,0.91461,2.6879,4.1524,2.3482,2.4808,3.667,2.8686,2.3088,4.9596,3.0083,2.6069,4.5812,2.0461,2.4113,4.5719,2.2167,2.1881,4.1785,0.72367,2.174,3.3373,0.54859,2.4209,3.0349,0.56585,2.211,3.8679,2.4967,2.4507,4.5728,0.75335,2.4184,2.9329,1.3017,1.5647,4.3621,1.61,1.9563,3.496,0.28271,2.6584,2.1436,3.4281,2.9379,0.27024,0.87507,2.2919,3.0574,1.6302,1.6673,4.1354,1.6451,1.8758,3.2388,0.77229,2.372,2.8678,2.1987,2.3062,4.9451,1.276,2.5692,3.1773,1.2267,2.184,3.6024,0.40771,2.0622,3.294,1.7086,1.9289,3.4355,2.5948,2.0655,4.0878,2.0595,2.1431,4.9619,1.3706,1.7161,3.843,0.76246,2.0097,2.7846,2.0805,2.1369,5.0446,2.184,2.2698,4.5408,1.5112,2.4141,3.9963,4.122,2.9269,0.046475,1.8612,2.4685,4.0085,0.6774,1.983,4.143,1.2193,2.6235,4.2479,3.384,2.8109,6.096,1.7091,1.5682,3.2781,0.2451,2.3626,3.3921,4.9543,2.9945,0.80333,0.43818,2.8117,3.2711,1.1841,2.5345,3.0487,2.245,2.1769,4.9941,1.6125,2.0715,4.4245,1.6455,1.6245,3.374,1.7288,2.9376,3.3241,0.72085,2.3578,2.8876,0.82697,2.4051,3.0057,0.24474,2.6566,3.353,1.9017,2.4204,4.2613,0.61915,2.4246,2.7842,1.0139,2.3064,3.6048,1.2988,1.7729,4.3155,0.23887,2.3426,3.4503,1.683,1.5886,3.2792,0.76728,2.3425,2.8409,2.9698,2.8615,6.0172,1.7852,2.5379,3.983,2.0299,2.2198,4.6058,2.2903,2.6802,5.1236,1.6555,1.9593,3.8263,1.3948,1.7903,3.7382,2.2862,2.142,4.9945,1.4954,2.5869,3.9645,0.52017,3.0221,2.2114,4.4951,2.9199,0.27848,1.3323,2.8152,4.2247,1.8944,1.9666,3.8943,1.2073,2.6657,2.7943,0.18095,2.792,2.8672,1.0552,2.9115,4.1914,0.49442,2.4644,2.5949,0.83542,2.0442,2.8604,0.53277,2.4757,3.4035,1.7406,2.2116,4.3158,1.1361,2.8009,4.2659,0.67568,2.0252,3.0018,2.0825,1.844,3.7378,1.3775,1.8728,3.6974,2.3301,2.6361,4.8166,1.4915,1.5707,4.196,1.2994,2.1409,3.22,0.71233,2.0622,3.0257,0.71481,2.2997,2.6345,1.7781,2.3725,4.1753,2.2772,2.614,4.9238,0.60425,2.0521,2.9795,1.7144,1.755,3.3005,0.82556,2.9937,2.5954,0.5491,2.5193,2.5942,3.1991,2.7327,6.1369,6.2078,2.8681,2.6123,4.2264,2.9162,6.2134,2.3912,2.3051,3.7382,1.4233,3.0614,4.3626,1.269,2.4304,3.4853,0.12017,3.103,3.0331,2.3754,2.1997,3.7617,1.3002,1.8465,3.6963,2.407,2.3274,4.6122,2.6089,2.6902,4.1858,1.2643,2.7109,4.3329,1.7335,1.9463,3.8393,1.1831,2.761,3.7334,2.3599,2.3751,4.9615,1.453,2.6248,3.3508,2.1693,2.2626,4.0761,0.8241,1.9653,3.3874,2.4228,2.3516,3.7975,2.353,2.3645,3.7354,2.2659,1.9788,5.0281,2.6433,2.2891,4.8219,2.3866,2.2392,3.7975,1.4255,1.6053,3.8999,2.3738,2.6223,4.9364,1.7855,1.9479,3.8727,0.81416,2.1264,4.1003,1.5972,1.8397,4.3205,2.3396,2.6011,4.9516,1.4524,2.396,3.2573,5.8634,2.839,2.1388,1.8637,1.7603,3.5201,1.9626,2.9471,4.2217,2.0875,1.9793,4.824,1.1585,2.6102,4.344,1.9691,2.1514,4.9241,1.6462,1.7876,3.9427,1.6224,2.0053,3.3515,1.1244,2.7345,3.691,1.0132,2.8462,3.8298,1.5276,2.4771,3.9013,1.1622,2.7065,3.6851,1.7799,1.7635,4.0852,0.77616,2.4533,2.8017,1.8473,2.1156,4.402,0.10136,2.7866,2.9587,1.058,1.9492,4.3179,0.97453,2.2966,3.0646,1.6,2.4045,4.5683,1.0012,2.0818,2.8331,0.78207,2.0082,2.6988,1.6693,1.7759,3.9468,0.88955,2.446,2.8733,1.3358,1.5854,3.84,2.7715,2.6045,4.6208,1.0581,2.2012,3.6378,1.1667,2.7471,3.6792,1.9963,1.994,4.4744,1.0319,1.9602,4.2461,1.892,1.6457,3.4384,1.7036,2.4929,3.9797,2.2213,2.5426,4.8912,2.0808,2.3606,3.6258,1.2144,3.061,3.4599,1.4139,1.4462,4.2487,0.68927,2.9835,3.6505,1.6422,1.7307,4.2397,0.78605,2.0012,2.725,0.5829,2.2151,4.0235,2.623,2.5997,4.5224,2.0111,2.1099,3.4479,1.3796,2.8951,3.5358,1.0861,2.2166,3.6224,2.5367,2.0266,4.4753,1.5003,1.7356,4.4204,1.5991,2.5877,3.5711,2.0679,2.2882,4.0643,2.7081,2.3213,4.9741,0.44598,2.5087,2.936
0.13138,0.20797,0.0052207,233.26,252.36,201.79,0.0013367,0.001533,0.0010134,209.0,225.81,224.28,216.64,208.31,186.47,238.01,224.82,259.58,220.88,249.09,261.52,203.88,224.64,218.92,271.07,217.53,243.09,207.72,184.63,318.34,227.71,194.23,236.64,199.38,267.47,250.81,308.42,172.13,255.19,215.58,215.52,154.74,229.5,252.18,326.24,246.76,195.16,281.46,332.95,296.14,191.19,223.96,181.93,265.33,253.75,284.31,274.07,320.77,273.88,264.4,257.63,320.65,319.24,313.38,261.79,294.16,224.68,210.21,356.06,309.79,317.11,337.64,193.72,262.88,235.65,205.19,192.73,290.58,219.51,257.87,241.9,275.11,291.78,232.07,228.51,261.04,282.92,318.44,273.06,224.23,289.52,260.6,251.29,309.51,172.95,245.13,244.93,258.59,264.87,292.43,277.78,226.04,279.35,218.53,265.93,251.95,330.84,249.53,249.53,297.18,315.93,350.47,245.08,296.85,353.99,377.5,289.06,231.9,290.65,343.53,248.33,274.2,272.2,250.74,323.02,269.73,308.92,345.55,317.86,253.54,312.51,300.27,262.05,275.13,269.15,385.27,233.6,368.97,371.33,354.5,263.98,348.25,230.93,256.91,473.73,262.73,284.87,317.0,292.11,277.95,254.85,300.26,355.12,252.79,298.47,331.51,222.68,266.75,320.03,233.45,259.22,321.55,246.7,161.82,260.62,336.61,299.92,331.37,380.95,215.3,262.94,196.55,195.55,234.21,279.07,212.92,301.58,253.53,218.83,255.03,232.58,264.83,172.5,269.19,254.72,249.66,230.61,223.64,302.69,212.0,289.16,364.68,250.09,262.25,245.21,312.74,266.12,235.21,287.48,322.07,258.75,272.38,273.1,286.11,295.39,255.62,385.62,227.72,245.22,247.55,264.95,246.36,263.51,260.12,307.65,253.63,232.78,263.92,287.77,250.89,195.02,208.82,249.12,313.51,235.85,226.69,286.12,230.68,254.66,260.7,244.21,251.59,276.24,273.4,205.83,268.71,211.15,271.74,222.49,238.85,189.14,265.28,267.48,174.05,270.62,222.71,177.43,255.6,189.43,224.92,259.7,191.76,237.29,249.25,198.69,246.13,247.33,230.24,189.24,243.91,211.05,233.95,231.28,168.03,275.47,278.01,210.68,173.94,206.3,273.67,239.19,239.04,227.26,150.99,161.88,203.36,244.42,235.44,220.37,224.14,212.38,191.45,172.37,183.8,231.05,213.64,247.88,221.08,0.00078347,0.0010611,0.0010636,0.0011367,0.0010339,0.00092908,0.0012502,0.00095877,0.0013045,0.001058,0.0013157,0.0014485,0.0010542,0.0012113,0.0010747,0.0016038,0.0012487,0.0013319,0.0013374,0.0011255,0.0018421,0.001493,0.0012137,0.0015864,0.0013695,0.0016571,0.001433,0.0017917,0.0012855,0.0016795,0.0013147,0.001313,0.0010737,0.001296,0.001536,0.0019287,0.0015108,0.0013202,0.0017222,0.0018451,0.0015898,0.0011182,0.0014771,0.0013399,0.001586,0.0015976,0.0017149,0.0015273,0.0018534,0.001624,0.0013002,0.0015629,0.0019488,0.0017043,0.0018539,0.0016312,0.0017107,0.0011698,0.0014877,0.0021274,0.0020008,0.0018637,0.0019639,0.0014039,0.0017908,0.0014954,0.0013708,0.0015307,0.0017977,0.0014442,0.0017396,0.0016124,0.0015952,0.0018021,0.001545,0.0015034,0.0015542,0.0017665,0.0019714,0.0018189,0.0015003,0.0019757,0.0017654,0.0014599,0.0015915,0.0013432,0.0011592,0.0016787,0.0015948,0.0016585,0.0017997,0.0016007,0.0013164,0.001804,0.0012516,0.0016942,0.0015827,0.002058,0.0016075,0.0016072,0.0015486,0.0018802,0.002132,0.0014746,0.0018859,0.0016226,0.0021136,0.0018335,0.0016231,0.0017018,0.0020975,0.0017001,0.0015896,0.0016797,0.0016467,0.0019588,0.0017122,0.0018589,0.0019786,0.0016226,0.0016718,0.0019301,0.0016971,0.0018479,0.001646,0.0012663,0.0022746,0.0016497,0.0016998,0.0022054,0.002188,0.0017278,0.0020529,0.0015316,0.0016886,0.0021368,0.0017768,0.0016234,0.0019154,0.0017445,0.0017588,0.0016563,0.0016288,0.0020957,0.0017682,0.0015029,0.0018518,0.0012706,0.0014302,0.0017259,0.0015116,0.0017216,0.0017586,0.0016118,0.0012343,0.0014744,0.0020005,0.0018783,0.0014965,0.0020905,0.0013732,0.0016411,0.0013902,0.0014369,0.00142,0.0016769,0.0015161,0.0018351,0.0016536,0.0015283,0.0016856,0.0013517,0.0017012,0.0013531,0.0016998,0.0015912,0.0017556,0.0015462,0.0014311,0.0017066,0.0013902,0.0017386,0.0021044,0.0016344,0.0016836,0.0017195,0.0018328,0.0016416,0.0015843,0.0016664,0.0017027,0.0016958,0.0016767,0.0017364,0.0019939,0.0017885,0.001642,0.001211,0.0015978,0.0015334,0.0016302,0.0016888,0.0015843,0.0016988,0.0015626,0.0021237,0.0015547,0.0016074,0.0016221,0.001585,0.0015571,0.0013693,0.0014292,0.001501,0.0018899,0.0015556,0.0015102,0.0016138,0.0014581,0.0016444,0.0016414,0.0015266,0.0015367,0.0016097,0.001675,0.0013823,0.0016799,0.0014062,0.0016025,0.0014999,0.0013656,0.0012704,0.0014761,0.0016847,0.0012224,0.0016093,0.0013274,0.0013829,0.0015624,0.0012488,0.0014511,0.0015585,0.0013419,0.0014269,0.0014821,0.0011485,0.0014698,0.0014411,0.0014527,0.0012511,0.0015327,0.0013109,0.0014605,0.0013394,0.00096819,0.0014587,0.0015519,0.0011758,0.0011785,0.001139,0.0015091,0.0014675,0.0014301,0.0010326,0.00092913,0.00099308,0.0010149,0.0014615,0.0013831,0.0010232,0.0012543,0.0010332,0.0010251,0.00087719,0.00085362,0.0011322,0.0011484,0.0013593,0.0012231,1074300.0,1105700.0,792270.0,4276700.0,2284500.0,1150800.0,5856800.0,1513400.0,1879800.0,3242500.0,2966100.0,734830.0,5652900.0,1298400.0,4052200.0,2459600.0,5070500.0,4091400.0,1340500.0,3371900.0,2502600.0,3347400.0,11704000.0,958350.0,6311800.0,749460.0,9101500.0,1591900.0,1841400.0,815570.0,3232100.0,1680500.0,5814300.0,23940000.0,2520900.0,2724900.0,4347000.0,1235900.0,1513400.0,1646200.0,2062700.0,1057700.0,2058300.0,1019200.0,7475600.0,2433400.0,1825600.0,1494000.0,2274900.0,15971000.0,952090.0,7278300.0,3995200.0,706940.0,3910700.0,1079100.0,2657700.0,17679000.0,32102000.0,2373200.0,1720700.0,1532600.0,2840700.0,1036400.0,1926200.0,3409900.0,803840.0,2871900.0,1940600.0,3915400.0,2755300.0,1446400.0,1119200.0,15048000.0,5077600.0,1340600.0,3613400.0,1673300.0,965090.0,2573300.0,3702600.0,1313000.0,893150.0,2116300.0,873820.0,1861100.0,2850800.0,4950200.0,4191200.0,2338500.0,5694300.0,1300700.0,9352900.0,4677300.0,1017700.0,1694700.0,903640.0,1769700.0,3509900.0,9918500.0,1730700.0,16523000.0,1417300.0,9919600.0,1633600.0,3256300.0,1272900.0,1628100.0,12535000.0,5115100.0,2157200.0,3869300.0,2389200.0,1225800.0,656170.0,3373000.0,11659000.0,2413800.0,1291100.0,778800.0,1922000.0,735100.0,1193700.0,2218700.0,8786700.0,4156700.0,2627900.0,3087700.0,2361300.0,1498700.0,773560.0,10411000.0,2404500.0,3548600.0,2073400.0,1371700.0,1031900.0,2014200.0,1052000.0,2853800.0,3921600.0,1159600.0,1477000.0,2103000.0,1521000.0,2210500.0,2422200.0,877170.0,6912100.0,1513500.0,9390500.0,6180200.0,809830.0,10291000.0,814480.0,1274500.0,19279000.0,683650.0,12167000.0,721740.0,5575100.0,3693400.0,3817200.0,2647300.0,5252900.0,4116200.0,4227600.0,964530.0,4135000.0,1638700.0,6369200.0,1506700.0,7610900.0,1080700.0,744550.0,4005200.0,2996600.0,1988300.0,8411500.0,2288700.0,948280.0,1205600.0,3671000.0,3568300.0,1940100.0,1475700.0,747540.0,6807100.0,5275200.0,2336700.0,637470.0,17726000.0,3323000.0,5257900.0,1142200.0,18258000.0,5431600.0,1100100.0,8580600.0,1353300.0,1434500.0,3992400.0,5297000.0,799330.0,1639500.0,973680.0,1778500.0,1568200.0,1456500.0,7851700.0,2342100.0,1425100.0,12280000.0,2793800.0,1238000.0,1263500.0,3260300.0,951930.0,4669600.0,1133200.0,1854600.0,8075300.0,4435100.0,696550.0,1421900.0,10018000.0,5258300.0,5069200.0,15394000.0,3001700.0,1931800.0,2342400.0,2994600.0,3189800.0,1882600.0,1749500.0,2275100.0,1499400.0,7215800.0,652060.0,3656200.0,8296200.0,8910100.0,1863600.0,5378600.0,4029700.0,5011000.0,864140.0,1139900.0,5361500.0,1551600.0,6587500.0,3485200.0,7122400.0,1970700.0,1638700.0,1591200.0,1087700.0,1106100.0,2208100.0,945990.0,5091800.0,3371700.0,4404800.0,3356800.0,2894200.0,2745600.0,15584000.0,14989000.0,6042000.0,4601000.0,2807600.0,6148400.0,3762100.0,1781300.0,2740300.0,1353800.0,4824200.0,3044800.0,1.5347,1.8534,4.167,2.2347,2.4752,3.6653,1.2769,2.2347,4.2239,1.2097,1.9887,4.2199,2.4785,2.6639,4.3167,0.7855,2.0634,4.2191,1.6339,2.5169,3.8823,3.0699,2.8447,5.8626,1.2008,2.0215,4.2064,1.722,1.7175,4.246,1.2837,2.2609,4.2613,0.76252,2.0413,4.2104,2.9183,2.8426,4.6271,5.6085,2.7583,1.3989,1.2437,2.8271,3.6232,0.87097,2.1585,3.0042,2.5488,2.1324,4.525,1.464,1.6803,3.8958,0.69536,2.6512,3.881,1.9242,1.8169,3.5142,1.1703,2.3984,3.1996,0.34622,2.29,3.5171,1.8311,1.6409,3.4003,2.0515,2.7171,4.2593,1.8684,1.6434,3.375,1.5916,1.6458,3.9573,0.34755,2.175,3.1443,2.0797,2.4178,4.4869,1.4887,1.6954,3.2522,0.88079,1.9287,2.7596,3.1838,2.84,5.9709,1.946,1.8013,3.5009,0.90587,2.7204,2.904,1.7213,2.5918,4.0027,0.7046,1.8979,2.7537,1.0965,2.4219,3.12,1.9261,1.9272,4.4942,1.7831,1.6561,3.8912,0.58519,2.1691,3.8504,1.3182,2.5238,3.8526,0.98929,2.129,3.2074,2.5844,2.3418,4.3476,2.0198,2.2018,4.7203,1.5183,1.6562,3.9238,1.8855,1.9776,4.4852,1.478,2.1932,3.2452,0.82005,2.2059,3.0697,2.4477,2.4431,4.3653,1.9801,2.5401,4.8476,1.9298,2.6143,4.8248,2.5687,2.3349,4.3307,1.2753,2.5148,3.8939,1.7904,2.3006,4.3669,2.4021,3.0032,4.2784,0.60957,2.4124,2.6001,1.4301,2.0272,4.5992,1.9448,3.0276,3.825,0.2834,2.3808,3.3742,1.6916,1.6188,4.0794,0.79197,2.1657,3.0602,2.2617,2.3027,4.6946,0.5878,2.4506,3.0971,0.83767,2.2197,3.1788,0.029955,2.8962,1.7775,2.0099,2.1489,4.6176,2.5291,2.3855,4.279,2.3462,2.3054,5.1438,1.9868,2.6962,4.1697,1.1231,1.84,4.0121,4.543,2.8469,0.64077,0.78955,2.1819,2.9897,1.4468,2.1207,4.2782,1.1569,2.1924,3.5395,2.0906,2.6674,4.3517,1.6279,1.5837,4.1463,1.1735,2.5345,3.0952,0.75157,2.469,3.7421,2.1879,1.8449,3.6875,1.4412,2.5199,3.4791,1.4063,2.5998,3.5398,1.4514,1.6398,4.2778,1.9614,2.693,4.4841,2.0438,2.6989,4.6096,3.355,2.8253,6.1164,1.7014,1.6256,4.1931,1.8322,1.9543,3.4038,2.4107,2.9666,5.3122,1.1934,2.5684,3.0558,2.6858,2.4114,5.0125,0.96988,2.6637,4.1731,1.4585,2.4926,3.531,0.96124,1.9276,4.1103,1.7644,1.6212,4.0672,1.8959,1.9266,3.3944,6.027,2.9031,2.8638,2.9145,2.2372,4.6549,1.4543,1.9495,4.3289,1.1368,2.5846,3.3497,1.4384,2.4601,3.3878,1.7114,1.9117,3.6716,2.0002,2.4459,4.0563,1.0934,2.3505,3.2349,2.4647,1.933,5.2738,1.0288,2.6296,3.2832,1.4098,2.5214,3.3541,0.22594,3.0345,3.2007,0.66367,1.8752,2.8122,1.6523,1.9806,4.547,1.4868,1.8321,4.1942,5.2721,2.828,1.6314,0.853,2.1999,2.9091,0.91457,2.6883,4.153,2.3488,2.4801,3.6668,2.8699,2.3086,4.9598,3.0092,2.6066,4.5816,2.0461,2.411,4.5722,2.2157,2.1886,4.1782,0.72333,2.1749,3.3372,0.54978,2.4208,3.0352,0.56598,2.2114,3.8682,2.4969,2.4504,4.5733,0.75281,2.4186,2.9325,1.3018,1.5646,4.3623,1.6095,1.9559,3.4963,0.28391,2.6583,2.1442,3.428,2.9378,0.2706,0.87508,2.2913,3.0577,1.6301,1.6673,4.1357,1.6456,1.8762,3.2392,0.77235,2.3716,2.8678,2.1989,2.3059,4.945,1.2768,2.5694,3.1777,1.2274,2.1845,3.6031,0.40667,2.0626,3.2942,1.7087,1.9285,3.4355,2.5954,2.0652,4.0881,2.0594,2.1432,4.9618,1.3709,1.7157,3.8431,0.76263,2.0099,2.7849,2.0803,2.1368,5.045,2.1836,2.2702,4.541,1.511,2.4147,3.9965,4.1213,2.9263,0.045542,1.8607,2.469,4.0083,0.67669,1.983,4.1432,1.2193,2.6234,4.2478,3.3827,2.8106,6.0957,1.7093,1.5681,3.2781,0.24548,2.3629,3.3923,4.9533,2.9947,0.80198,0.4379,2.8118,3.2716,1.1837,2.5346,3.0491,2.2454,2.1772,4.9944,1.6133,2.0713,4.4248,1.6459,1.6244,3.3743,1.7307,2.9377,3.3248,0.72162,2.3574,2.8882,0.82658,2.4047,3.0058,0.24472,2.6567,3.353,1.903,2.421,4.2617,0.62,2.4244,2.7845,1.0138,2.3071,3.6045,1.2986,1.7728,4.3156,0.23876,2.3427,3.4506,1.6834,1.5886,3.2792,0.76849,2.342,2.8413,2.9694,2.8615,6.0175,1.7841,2.5376,3.9827,2.0301,2.2201,4.6059,2.289,2.6799,5.1229,1.6547,1.9593,3.826,1.3952,1.7901,3.7384,2.2866,2.142,4.9945,1.4955,2.5867,3.9642,0.51923,3.0218,2.2098,4.4947,2.9196,0.27845,1.3327,2.8157,4.2242,1.8942,1.9667,3.8943,1.2069,2.6659,2.7938,0.17997,2.7919,2.8667,1.0555,2.9115,4.1913,0.4942,2.4641,2.595,0.83598,2.0447,2.8601,0.53282,2.476,3.4034,1.7415,2.2118,4.3161,1.1354,2.8013,4.2653,0.67601,2.0256,3.0012,2.0831,1.8439,3.7374,1.3783,1.8729,3.6976,2.3293,2.6357,4.8157,1.4921,1.5708,4.196,1.2991,2.1409,3.2202,0.71268,2.0627,3.0253,0.71539,2.2992,2.6346,1.7785,2.3727,4.1755,2.2766,2.6136,4.9236,0.60416,2.0524,2.9789,1.715,1.7556,3.3003,0.82624,2.9935,2.5956,0.54897,2.5193,2.5942,3.1999,2.7326,6.1378,6.2082,2.8681,2.613,4.2253,2.9158,6.2122,2.3915,2.3045,3.7381,1.4243,3.0613,4.3644,1.2685,2.4308,3.4852,0.11728,3.1031,3.0308,2.3754,2.1995,3.7615,1.3004,1.8464,3.6965,2.4069,2.3274,4.6124,2.6089,2.6906,4.1866,1.2642,2.711,4.3328,1.7328,1.9462,3.839,1.1833,2.7608,3.7337,2.3595,2.3746,4.9609,1.4524,2.6246,3.351,2.1692,2.263,4.0759,0.82401,1.9654,3.3874,2.4229,2.3512,3.7976,2.3529,2.3643,3.7354,2.2663,1.9792,5.0287,2.643,2.2891,4.822,2.3867,2.2393,3.7975,1.4257,1.6054,3.9002,2.3734,2.6219,4.9362,1.785,1.9479,3.8725,0.81423,2.1262,4.1007,1.597,1.8398,4.3207,2.3392,2.6006,4.9515,1.4524,2.3961,3.2572,5.8631,2.8387,2.1385,1.8637,1.7602,3.5202,1.9622,2.9466,4.2211,2.0879,1.9794,4.8242,1.1588,2.6104,4.3443,1.9696,2.1515,4.9244,1.6463,1.7875,3.9425,1.6225,2.0053,3.3512,1.1248,2.7344,3.6914,1.0135,2.8462,3.8298,1.5281,2.4773,3.9015,1.1623,2.7061,3.685,1.7797,1.7633,4.0852,0.77568,2.4533,2.8019,1.8471,2.1158,4.4022,0.1014,2.7865,2.9592,1.0578,1.9492,4.3181,0.97463,2.2964,3.0648,1.5998,2.4045,4.5682,1.0013,2.0817,2.833,0.78227,2.0082,2.6986,1.6696,1.7758,3.9467,0.88935,2.446,2.8737,1.3355,1.5854,3.84,2.7715,2.6046,4.6207,1.058,2.2016,3.6378,1.1668,2.7469,3.6793,1.9964,1.9941,4.4744,1.0316,1.9602,4.246,1.8922,1.6457,3.4384,1.7039,2.4929,3.9796,2.2217,2.5425,4.8911,2.0805,2.3606,3.6255,1.2143,3.0609,3.4599,1.4137,1.4462,4.2488,0.68957,2.9834,3.6507,1.6423,1.7306,4.2397,0.78625,2.0012,2.7249,0.58251,2.2152,4.0238,2.6228,2.5997,4.5224,2.0112,2.1098,3.4479,1.3795,2.8949,3.5357,1.0861,2.2167,3.6223,2.5367,2.0267,4.4753,1.5003,1.7356,4.4204,1.599,2.5877,3.571,2.068,2.2882,4.0642,2.7081,2.321,4.974,0.446,2.5086,2.936
0.13181,0.20866,0.0052359,233.51,252.7,201.9,0.0013382,0.001535,0.001014,209.09,225.88,224.47,216.72,208.51,186.76,238.11,224.94,259.71,220.97,249.42,261.97,204.05,224.83,219.03,271.26,217.68,243.24,207.96,184.8,318.59,227.94,194.42,236.91,199.55,267.64,250.98,308.63,172.12,255.51,215.8,215.9,154.89,230.01,252.49,326.56,246.96,195.46,281.88,333.29,296.27,191.22,224.82,182.06,265.58,253.83,284.62,274.48,321.18,274.06,264.73,257.78,321.06,319.56,313.92,261.98,294.55,225.56,210.47,356.56,310.38,317.35,337.49,193.84,263.05,235.64,205.92,193.16,290.71,220.21,258.23,242.08,275.62,292.2,232.38,228.82,261.32,283.39,318.82,273.57,224.53,289.73,261.0,251.64,309.94,173.26,245.98,245.24,259.2,265.21,292.83,278.75,226.52,279.87,219.08,266.2,252.29,331.18,249.86,249.79,298.05,316.35,351.22,245.58,297.07,354.8,378.02,289.65,232.23,291.0,344.18,248.81,274.66,272.6,251.02,323.47,270.24,309.44,346.31,318.27,254.04,313.13,301.03,262.5,275.94,270.0,386.11,234.06,369.86,372.1,355.08,264.46,348.98,231.28,257.47,475.09,263.47,285.25,317.52,292.65,278.5,255.07,300.65,355.67,253.05,299.84,331.47,223.46,267.94,321.34,233.73,259.56,322.16,247.0,161.82,261.31,337.07,300.27,332.39,381.44,215.5,263.21,196.68,195.99,234.75,279.35,213.14,301.81,254.07,218.96,255.3,232.89,265.24,172.79,269.36,254.87,250.05,230.85,223.82,303.01,212.32,289.61,364.94,250.22,262.68,245.47,313.13,266.55,235.31,287.86,322.45,259.11,272.74,273.38,286.56,295.73,255.94,387.14,227.95,245.44,247.78,265.02,246.5,263.76,260.43,308.24,253.91,233.08,264.02,288.17,251.19,195.21,208.97,249.37,313.94,236.31,226.89,286.23,230.87,254.99,261.0,244.45,251.84,276.47,273.63,206.04,269.12,211.34,272.08,222.7,238.98,189.33,265.57,267.75,174.16,270.85,222.92,177.59,255.85,189.65,225.12,260.0,191.9,237.53,249.51,198.81,246.39,247.58,230.43,189.37,244.14,211.23,234.19,231.54,168.14,275.7,278.33,210.84,174.09,206.46,273.89,239.44,239.26,227.44,151.09,161.98,203.48,244.61,235.67,220.54,224.33,212.56,191.62,172.53,183.92,231.19,213.73,248.08,221.2,0.00078421,0.0010616,0.0010642,0.0011372,0.0010347,0.00093038,0.001251,0.00095955,0.0013056,0.0010583,0.0013174,0.0014509,0.0010551,0.0012123,0.0010753,0.0016049,0.0012497,0.001333,0.0013388,0.0011269,0.0018439,0.0014945,0.001215,0.0015885,0.0013707,0.0016587,0.0014342,0.0017928,0.001286,0.0016816,0.0013161,0.0013155,0.0010749,0.0012986,0.0015379,0.0019309,0.0015122,0.0013222,0.0017246,0.0018478,0.0015917,0.0011181,0.0014822,0.0013413,0.0015879,0.0015985,0.0017171,0.0015295,0.0018562,0.0016254,0.0013017,0.0015644,0.0019513,0.0017061,0.001857,0.001633,0.0017128,0.0011732,0.0014896,0.0021309,0.0020038,0.0018654,0.0019651,0.0014044,0.0017928,0.001496,0.0013753,0.0015334,0.0017995,0.0014479,0.0017418,0.0016142,0.0015984,0.0018047,0.0015463,0.0015056,0.0015563,0.0017693,0.0019735,0.0018211,0.0015019,0.0019774,0.0017677,0.0014617,0.001593,0.0013456,0.0011622,0.00168,0.0015978,0.0016609,0.0018024,0.0016057,0.001317,0.001807,0.0012535,0.001696,0.0015849,0.0020601,0.0016091,0.0016089,0.001553,0.0018828,0.0021355,0.0014778,0.0018876,0.0016269,0.0021171,0.0018368,0.0016251,0.0017045,0.002101,0.0017027,0.0015912,0.0016826,0.0016487,0.0019616,0.0017149,0.0018623,0.0019821,0.0016254,0.0016744,0.0019337,0.0017009,0.0018502,0.0016497,0.0012699,0.0022789,0.0016527,0.0017039,0.0022096,0.0021914,0.0017301,0.002057,0.0015342,0.0016917,0.0021435,0.0017801,0.0016248,0.0019183,0.001747,0.001762,0.0016576,0.0016313,0.0020991,0.0017701,0.0015085,0.0018529,0.0012742,0.0014353,0.0017322,0.0015136,0.0017238,0.0017617,0.0016137,0.0012349,0.0014787,0.0020034,0.0018802,0.0015006,0.0020925,0.0013746,0.0016428,0.001391,0.0014392,0.0014226,0.0016789,0.0015178,0.0018368,0.001656,0.0015292,0.0016873,0.0013535,0.0017032,0.0013542,0.0017013,0.001592,0.0017571,0.001547,0.0014319,0.0017082,0.0013918,0.0017409,0.0021062,0.0016352,0.001686,0.0017209,0.0018357,0.001644,0.0015851,0.0016686,0.0017048,0.001698,0.0016792,0.001738,0.0019961,0.0017904,0.0016442,0.0012154,0.0015992,0.0015347,0.0016317,0.0016899,0.0015853,0.0017006,0.0015646,0.0021268,0.0015562,0.0016094,0.0016229,0.0015871,0.0015589,0.0013704,0.0014301,0.0015025,0.0018925,0.0015581,0.0015115,0.0016144,0.0014592,0.0016462,0.0016436,0.0015282,0.0015383,0.0016115,0.0016765,0.0013835,0.0016821,0.0014075,0.0016045,0.001501,0.0013664,0.0012714,0.0014776,0.0016866,0.0012231,0.0016108,0.0013284,0.0013843,0.0015641,0.0012502,0.0014524,0.0015604,0.0013432,0.0014281,0.0014835,0.0011493,0.0014715,0.0014426,0.001454,0.001252,0.0015342,0.0013121,0.001462,0.001341,0.00096899,0.0014601,0.0015541,0.0011768,0.0011797,0.0011399,0.0015103,0.0014688,0.0014314,0.0010336,0.00093003,0.00099365,0.0010156,0.0014628,0.0013845,0.0010243,0.0012555,0.0010343,0.0010262,0.00087812,0.00085433,0.001133,0.0011487,0.0013603,0.0012238,1074300.0,1105700.0,792270.0,4276700.0,2284500.0,1150800.0,5856800.0,1513400.0,1879800.0,3242500.0,2966100.0,734830.0,5652900.0,1298400.0,4052200.0,2459600.0,5070500.0,4091400.0,1340500.0,3371900.0,2502600.0,3347400.0,11704000.0,958350.0,6311800.0,749460.0,9101500.0,1591900.0,1841400.0,815570.0,3232100.0,1680500.0,5814300.0,23940000.0,2520900.0,2724900.0,4347000.0,1235900.0,1513400.0,1646200.0,2062700.0,1057700.0,2058300.0,1019200.0,7475600.0,2433400.0,1825600.0,1494000.0,2274900.0,15971000.0,952090.0,7278300.0,3995200.0,706940.0,3910700.0,1079100.0,2657700.0,17679000.0,32102000.0,2373200.0,1720700.0,1532600.0,2840700.0,1036400.0,1926200.0,3409900.0,803840.0,2871900.0,1940600.0,3915400.0,2755300.0,1446400.0,1119200.0,15048000.0,5077600.0,1340600.0,3613400.0,1673300.0,965090.0,2573300.0,3702600.0,1313000.0,893150.0,2116300.0,873820.0,1861100.0,2850800.0,4950200.0,4191200.0,2338500.0,5694300.0,1300700.0,9352900.0,4677300.0,1017700.0,1694700.0,903640.0,1769700.0,3509900.0,9918500.0,1730700.0,16523000.0,1417300.0,9919600.0,1633600.0,3256300.0,1272900.0,1628100.0,12535000.0,5115100.0,2157200.0,3869300.0,2389200.0,1225800.0,656170.0,3373000.0,11659000.0,2413800.0,1291100.0,778800.0,1922000.0,735100.0,1193700.0,2218700.0,8786700.0,4156700.0,2627900.0,3087700.0,2361300.0,1498700.0,773560.0,10411000.0,2404500.0,3548600.0,2073400.0,1371700.0,1031900.0,2014200.0,1052000.0,2853800.0,3921600.0,1159600.0,1477000.0,2103000.0,1521000.0,2210500.0,2422200.0,877170.0,6912100.0,1513500.0,9390500.0,6180200.0,809830.0,10291000.0,814480.0,1274500.0,19279000.0,683650.0,12167000.0,721740.0,5575100.0,3693400.0,3817200.0,2647300.0,5252900.0,4116200.0,4227600.0,964530.0,4135000.0,1638700.0,6369200.0,1506700.0,7610900.0,1080700.0,744550.0,4005200.0,2996600.0,1988300.0,8411500.0,2288700.0,948280.0,1205600.0,3671000.0,3568300.0,1940100.0,1475700.0,747540.0,6807100.0,5275200.0,2336700.0,637470.0,17726000.0,3323000.0,5257900.0,1142200.0,18258000.0,5431600.0,1100100.0,8580600.0,1353300.0,1434500.0,3992400.0,5297000.0,799330.0,1639500.0,973680.0,1778500.0,1568200.0,1456500.0,7851700.0,2342100.0,1425100.0,12280000.0,2793800.0,1238000.0,1263500.0,3260300.0,951930.0,4669600.0,1133200.0,1854600.0,8075300.0,4435100.0,696550.0,1421900.0,10018000.0,5258300.0,5069200.0,15394000.0,3001700.0,1931800.0,2342400.0,2994600.0,3189800.0,1882600.0,1749500.0,2275100.0,1499400.0,7215800.0,652060.0,3656200.0,8296200.0,8910100.0,1863600.0,5378600.0,4029700.0,5011000.0,864140.0,1139900.0,5361500.0,1551600.0,6587500.0,3485200.0,7122400.0,1970700.0,1638700.0,1591200.0,1087700.0,1106100.0,2208100.0,945990.0,5091800.0,3371700.0,4404800.0,3356800.0,2894200.0,2745600.0,15584000.0,14989000.0,6042000.0,4601000.0,2807600.0,6148400.0,3762100.0,1781300.0,2740300.0,1353800.0,4824200.0,3044800.0,1.5347,1.8534,4.167,2.2348,2.4753,3.6654,1.2768,2.2347,4.2239,1.2097,1.9887,4.2198,2.4784,2.6639,4.3167,0.78528,2.0635,4.2191,1.6343,2.517,3.8822,3.0701,2.8447,5.8627,1.2006,2.0215,4.2063,1.7219,1.7175,4.246,1.2838,2.2611,4.2614,0.76219,2.0412,4.2104,2.9183,2.8426,4.6273,5.6081,2.7583,1.3987,1.2437,2.827,3.6232,0.87066,2.1585,3.0041,2.5491,2.1327,4.5253,1.464,1.6803,3.8958,0.69563,2.6515,3.8811,1.9239,1.8171,3.5144,1.1706,2.3982,3.1999,0.34643,2.29,3.5169,1.8313,1.6408,3.4004,2.0515,2.7167,4.259,1.8687,1.6434,3.375,1.5921,1.6457,3.9575,0.34744,2.1751,3.1441,2.0799,2.418,4.4873,1.4888,1.6955,3.2524,0.88098,1.9288,2.7596,3.1843,2.84,5.9713,1.9459,1.8015,3.501,0.90561,2.7205,2.9041,1.721,2.5919,4.0027,0.70488,1.898,2.7536,1.0966,2.4219,3.1202,1.9262,1.9272,4.4941,1.7833,1.6561,3.8912,0.58552,2.1689,3.8509,1.3187,2.5241,3.853,0.98923,2.1292,3.2071,2.5847,2.3421,4.3479,2.0197,2.2019,4.7204,1.5184,1.6561,3.9238,1.8855,1.9778,4.4852,1.4782,2.1933,3.245,0.81995,2.2063,3.0692,2.4476,2.4434,4.3654,1.9802,2.5399,4.8474,1.9298,2.6143,4.8245,2.5689,2.3351,4.331,1.2753,2.5149,3.8937,1.7908,2.3008,4.3672,2.4028,3.003,4.279,0.60992,2.4121,2.6007,1.4297,2.0271,4.5993,1.9442,3.0274,3.8244,0.28325,2.3808,3.3741,1.6916,1.6188,4.0794,0.79213,2.1661,3.0602,2.2617,2.3027,4.6948,0.5876,2.4501,3.0974,0.8369,2.22,3.1784,0.029558,2.8963,1.7772,2.0098,2.1495,4.6179,2.529,2.3859,4.2792,2.3456,2.3054,5.1438,1.9863,2.6958,4.1693,1.1231,1.8399,4.0124,4.5427,2.8466,0.64133,0.78915,2.182,2.9895,1.4469,2.1208,4.2784,1.157,2.1928,3.5397,2.0899,2.667,4.351,1.6278,1.5836,4.1463,1.1736,2.5345,3.0956,0.75155,2.4692,3.7421,2.1883,1.8447,3.6875,1.4408,2.5202,3.4791,1.4054,2.5998,3.5395,1.4507,1.6397,4.2778,1.9609,2.6925,4.4838,2.0435,2.6986,4.6096,3.3552,2.8253,6.1168,1.7016,1.6256,4.1932,1.8325,1.9541,3.4037,2.4115,2.9666,5.313,1.1935,2.5685,3.0557,2.6859,2.4112,5.0126,0.96988,2.664,4.1734,1.458,2.4928,3.5311,0.96089,1.9276,4.1106,1.7647,1.6212,4.0671,1.8966,1.9266,3.3944,6.0266,2.9031,2.8637,2.9148,2.237,4.6551,1.4546,1.9494,4.3293,1.1364,2.5843,3.3497,1.4381,2.4602,3.3879,1.7112,1.9114,3.6715,2.0005,2.4461,4.0566,1.0933,2.3508,3.235,2.4649,1.9327,5.2742,1.0281,2.6294,3.283,1.4094,2.5218,3.3539,0.22625,3.0346,3.2008,0.6635,1.8755,2.8118,1.6522,1.9802,4.5474,1.4869,1.8319,4.1944,5.2713,2.8276,1.6308,0.85318,2.2001,2.9094,0.9146,2.6885,4.1534,2.3492,2.4796,3.6667,2.8707,2.3084,4.96,3.0098,2.6065,4.5818,2.0461,2.4108,4.5724,2.2151,2.1888,4.1781,0.72312,2.1755,3.3372,0.55059,2.4208,3.0354,0.56608,2.2117,3.8685,2.4971,2.4501,4.5738,0.75247,2.4188,2.9322,1.3019,1.5646,4.3625,1.6091,1.9557,3.4965,0.28472,2.6583,2.1447,3.4279,2.9377,0.27079,0.87512,2.291,3.058,1.63,1.6674,4.1359,1.6459,1.8764,3.2396,0.77241,2.3714,2.8678,2.199,2.3057,4.945,1.2773,2.5695,3.1781,1.228,2.1849,3.6036,0.40598,2.063,3.2943,1.7087,1.9282,3.4355,2.5958,2.065,4.0883,2.0593,2.1432,4.9617,1.371,1.7155,3.8431,0.76276,2.0102,2.7851,2.0802,2.1367,5.0453,2.1833,2.2704,4.5411,1.5109,2.415,3.9967,4.1205,2.9259,0.04472,1.8604,2.4693,4.0083,0.67622,1.9831,4.1434,1.2193,2.6234,4.2478,3.3819,2.8104,6.0955,1.7095,1.568,3.2782,0.24574,2.3631,3.3925,4.9524,2.9949,0.8008,0.43777,2.8118,3.272,1.1835,2.5347,3.0495,2.2458,2.1774,4.9946,1.6137,2.0711,4.4251,1.6462,1.6244,3.3745,1.7321,2.9377,3.3254,0.72215,2.3571,2.8886,0.82637,2.4045,3.0059,0.2447,2.6568,3.3529,1.904,2.4214,4.262,0.62056,2.4243,2.7847,1.0138,2.3075,3.6043,1.2985,1.7727,4.3157,0.2387,2.3428,3.4508,1.6837,1.5886,3.2793,0.7693,2.3417,2.8415,2.9691,2.8614,6.0177,1.7834,2.5374,3.9826,2.0302,2.2202,4.6059,2.2881,2.6796,5.1225,1.6542,1.9593,3.8259,1.3954,1.7899,3.7385,2.2868,2.142,4.9945,1.4957,2.5865,3.9641,0.51854,3.0217,2.2086,4.4943,2.9194,0.27821,1.3331,2.816,4.2239,1.8941,1.9668,3.8943,1.2067,2.666,2.7935,0.17933,2.7919,2.8664,1.0557,2.9116,4.1914,0.49408,2.4639,2.5951,0.83635,2.0451,2.8598,0.53291,2.4761,3.4035,1.742,2.2119,4.3163,1.135,2.8016,4.265,0.67623,2.0258,3.0008,2.0834,1.8438,3.7372,1.3788,1.8731,3.6978,2.3289,2.6353,4.8151,1.4925,1.5709,4.196,1.2989,2.1409,3.2203,0.71292,2.063,3.0251,0.71578,2.2989,2.6346,1.7787,2.3729,4.1756,2.2763,2.6133,4.9235,0.6041,2.0526,2.9785,1.7154,1.7561,3.3002,0.82672,2.9934,2.5958,0.54891,2.5194,2.5942,3.2005,2.7325,6.1385,6.2084,2.8681,2.6134,4.2244,2.9156,6.2111,2.3916,2.3041,3.738,1.4252,3.0613,4.3657,1.2682,2.4311,3.4852,0.11513,3.1031,3.0291,2.3754,2.1993,3.7613,1.3005,1.8464,3.6966,2.4068,2.3274,4.6126,2.6089,2.6908,4.1871,1.2641,2.711,4.3327,1.7324,1.9461,3.8389,1.1835,2.7607,3.734,2.3593,2.3743,4.9606,1.4519,2.6245,3.3512,2.1691,2.2633,4.0759,0.82395,1.9655,3.3875,2.423,2.351,3.7977,2.3529,2.3642,3.7353,2.2666,1.9794,5.0291,2.6429,2.2891,4.822,2.3868,2.2393,3.7974,1.4258,1.6054,3.9004,2.3731,2.6216,4.936,1.7847,1.9479,3.8724,0.81428,2.1262,4.101,1.597,1.8398,4.3209,2.3389,2.6002,4.9515,1.4523,2.3961,3.2572,5.8629,2.8386,2.1383,1.8637,1.7601,3.5203,1.962,2.9463,4.2207,2.0882,1.9795,4.8243,1.159,2.6105,4.3445,1.9699,2.1515,4.9245,1.6464,1.7875,3.9424,1.6226,2.0052,3.3511,1.1251,2.7343,3.6917,1.0138,2.8462,3.8298,1.5285,2.4775,3.9016,1.1624,2.7059,3.6851,1.7796,1.7632,4.0852,0.77538,2.4532,2.802,1.847,2.1159,4.4023,0.10146,2.7865,2.9595,1.0577,1.9491,4.3183,0.9747,2.2963,3.0649,1.5997,2.4046,4.5681,1.0013,2.0817,2.833,0.78241,2.0082,2.6985,1.6697,1.7757,3.9467,0.88923,2.4459,2.8741,1.3354,1.5854,3.84,2.7715,2.6047,4.6207,1.0579,2.2018,3.6378,1.1669,2.7467,3.6794,1.9965,1.9941,4.4744,1.0314,1.9602,4.2459,1.8923,1.6457,3.4384,1.704,2.493,3.9796,2.222,2.5424,4.891,2.0803,2.3605,3.6253,1.2144,3.0609,3.46,1.4136,1.4462,4.2488,0.68974,2.9834,3.6507,1.6423,1.7306,4.2397,0.78637,2.0012,2.7249,0.58226,2.2153,4.024,2.6226,2.5997,4.5224,2.0112,2.1097,3.4479,1.3795,2.8948,3.5357,1.0861,2.2168,3.6223,2.5367,2.0268,4.4753,1.5004,1.7356,4.4204,1.599,2.5876,3.571,2.068,2.2882,4.0642,2.7081,2.3209,4.9739,0.44601,2.5085,2.9359
0.13247,0.2097,0.0052586,233.84,253.16,202.01,0.00134,0.0015375,0.0010146,209.2,225.96,224.69,216.78,208.76,186.98,238.27,225.07,259.87,221.07,249.84,262.53,204.18,225.07,219.16,271.48,217.89,243.42,208.27,184.91,318.93,228.26,194.68,237.25,199.81,267.86,251.22,308.9,172.12,255.93,216.12,216.35,154.98,230.62,252.91,327.02,247.25,195.79,282.39,333.79,296.44,191.3,225.89,182.25,265.9,253.94,285.07,275.04,321.7,274.32,265.2,258.02,321.69,320.14,314.62,262.2,295.12,226.68,210.77,357.26,311.18,317.8,337.51,194.0,263.3,235.66,206.86,193.74,290.9,221.11,258.7,242.29,276.29,292.75,232.81,229.21,261.69,284.01,319.23,274.26,224.92,290.09,261.62,252.13,310.48,173.65,247.05,245.7,259.99,265.69,293.3,280.05,227.2,280.41,219.75,266.54,252.66,331.7,250.18,250.16,299.18,316.91,352.33,246.23,297.53,355.9,378.69,290.55,232.72,291.47,344.98,249.43,275.22,273.13,251.33,324.09,270.9,310.27,347.22,318.73,254.85,314.07,302.09,263.1,276.95,271.09,387.31,234.66,371.01,373.18,355.83,265.06,349.95,231.8,258.22,476.87,264.48,285.75,318.23,293.4,279.29,255.28,301.23,356.4,253.42,301.45,331.64,224.45,269.45,323.21,234.13,259.99,323.22,247.46,161.9,262.1,337.71,300.69,333.73,382.08,215.77,263.57,196.87,196.65,235.45,279.75,213.41,302.11,254.84,219.19,255.66,233.39,265.82,173.21,269.66,255.07,250.54,231.14,224.06,303.56,212.79,290.24,365.32,250.41,263.3,245.72,313.71,267.1,235.46,288.45,323.05,259.62,273.3,273.73,287.17,296.2,256.44,389.09,228.28,245.79,248.08,265.13,246.72,264.14,260.91,309.04,254.33,233.52,264.14,288.77,251.65,195.41,209.2,249.78,314.54,236.89,227.12,286.39,231.16,255.45,261.41,244.77,252.22,276.8,273.98,206.32,269.54,211.61,272.57,222.94,239.12,189.51,265.91,268.11,174.31,271.18,223.16,177.79,256.18,189.87,225.32,260.4,192.09,237.85,249.86,198.99,246.72,247.87,230.64,189.49,244.38,211.41,234.54,231.83,168.25,276.05,278.7,210.98,174.23,206.61,274.13,239.68,239.57,227.7,151.23,162.06,203.58,244.81,236.01,220.77,224.55,212.75,191.77,172.67,184.02,231.31,213.79,248.29,221.3,0.00078484,0.001062,0.0010648,0.0011377,0.0010355,0.00093136,0.0012519,0.00096035,0.001307,0.0010586,0.0013196,0.0014538,0.0010556,0.0012135,0.0010759,0.0016063,0.001251,0.0013344,0.0013405,0.0011279,0.0018462,0.0014967,0.0012168,0.001591,0.0013723,0.0016612,0.0014358,0.0017943,0.0012865,0.0016842,0.0013182,0.0013184,0.0010757,0.0013018,0.0015404,0.001934,0.0015143,0.0013243,0.0017275,0.0018514,0.001594,0.0011182,0.0014885,0.0013432,0.0015903,0.0015997,0.0017201,0.0015324,0.0018599,0.0016275,0.0013041,0.0015666,0.0019553,0.0017094,0.0018611,0.0016354,0.0017161,0.0011773,0.0014919,0.0021357,0.0020083,0.0018686,0.0019677,0.0014054,0.0017955,0.0014973,0.0013809,0.0015361,0.0018021,0.0014523,0.0017448,0.0016165,0.0016024,0.0018083,0.0015483,0.0015083,0.001559,0.001773,0.0019763,0.001824,0.0015035,0.0019796,0.0017707,0.0014641,0.0015947,0.0013484,0.0011658,0.0016821,0.0016014,0.0016641,0.0018055,0.0016123,0.0013179,0.00181,0.0012553,0.0016982,0.0015875,0.0020631,0.0016104,0.0016115,0.0015584,0.0018862,0.0021406,0.0014817,0.0018907,0.0016324,0.0021212,0.0018418,0.0016282,0.001708,0.002105,0.001706,0.0015924,0.001686,0.0016508,0.001965,0.0017182,0.001867,0.0019859,0.0016285,0.001679,0.0019389,0.0017064,0.0018535,0.0016541,0.0012746,0.0022852,0.0016567,0.0017087,0.0022155,0.0021959,0.0017329,0.0020617,0.0015377,0.0016957,0.0021519,0.0017847,0.0016271,0.0019222,0.0017503,0.0017662,0.0016589,0.0016348,0.0021037,0.0017725,0.0015147,0.0018554,0.0012781,0.0014413,0.0017404,0.0015163,0.0017266,0.0017675,0.0016167,0.0012361,0.0014832,0.0020075,0.0018825,0.0015059,0.0020953,0.0013765,0.001645,0.0013925,0.0014426,0.0014261,0.0016816,0.0015199,0.0018389,0.0016595,0.0015306,0.0016897,0.0013564,0.0017061,0.0013556,0.0017037,0.0015932,0.0017591,0.0015481,0.0014332,0.0017111,0.0013941,0.0017442,0.0021085,0.0016363,0.0016894,0.0017225,0.0018397,0.001647,0.0015865,0.0016721,0.0017085,0.0017012,0.001683,0.0017399,0.0019992,0.001793,0.0016476,0.0012218,0.0016015,0.0015371,0.0016338,0.0016915,0.0015869,0.001703,0.0015679,0.0021315,0.0015587,0.0016124,0.0016239,0.0015903,0.0015619,0.0013716,0.0014315,0.0015051,0.0018961,0.0015611,0.0015132,0.0016153,0.0014608,0.0016486,0.0016467,0.0015302,0.0015407,0.0016143,0.0016786,0.0013854,0.0016843,0.0014093,0.0016074,0.0015022,0.0013672,0.0012724,0.0014795,0.0016893,0.0012241,0.0016129,0.0013297,0.0013862,0.0015664,0.0012516,0.0014537,0.001563,0.0013449,0.0014298,0.0014855,0.0011504,0.0014737,0.0014442,0.0014555,0.0012528,0.0015357,0.0013133,0.001464,0.0013428,0.00096966,0.0014623,0.0015565,0.0011777,0.0011808,0.0011408,0.0015115,0.0014702,0.0014332,0.0010349,0.00093107,0.00099413,0.0010162,0.001464,0.0013864,0.0010255,0.0012568,0.0010353,0.001027,0.00087886,0.00085487,0.0011336,0.0011492,0.0013614,0.0012244,1074300.0,1105700.0,792270.0,4276700.0,2284500.0,1150800.0,5856800.0,1513400.0,1879800.0,3242500.0,2966100.0,734830.0,5652900.0,1298400.0,4052200.0,2459600.0,5070500.0,4091400.0,1340500.0,3371900.0,2502600.0,3347400.0,11704000.0,958350.0,6311800.0,749460.0,9101500.0,1591900.0,1841400.0,815570.0,3232100.0,1680500.0,5814300.0,23940000.0,2520900.0,2724900.0,4347000.0,1235900.0,1513400.0,1646200.0,2062700.0,1057700.0,2058300.0,1019200.0,7475600.0,2433400.0,1825600.0,1494000.0,2274900.0,15971000.0,952090.0,7278300.0,3995200.0,706940.0,3910700.0,1079100.0,2657700.0,17679000.0,32102000.0,2373200.0,1720700.0,1532600.0,2840700.0,1036400.0,1926200.0,3409900.0,803840.0,2871900.0,1940600.0,3915400.0,2755300.0,1446400.0,1119200.0,15048000.0,5077600.0,1340600.0,3613400.0,1673300.0,965090.0,2573300.0,3702600.0,1313000.0,893150.0,2116300.0,873820.0,1861100.0,2850800.0,4950200.0,4191200.0,2338500.0,5694300.0,1300700.0,9352900.0,4677300.0,1017700.0,1694700.0,903640.0,1769700.0,3509900.0,9918500.0,1730700.0,16523000.0,1417300.0,9919600.0,1633600.0,3256300.0,1272900.0,1628100.0,12535000.0,5115100.0,2157200.0,3869300.0,2389200.0,1225800.0,656170.0,3373000.0,11659000.0,2413800.0,1291100.0,778800.0,1922000.0,735100.0,1193700.0,2218700.0,8786700.0,4156700.0,2627900.0,3087700.0,2361300.0,1498700.0,773560.0,10411000.0,2404500.0,3548600.0,2073400.0,1371700.0,1031900.0,2014200.0,1052000.0,2853800.0,3921600.0,1159600.0,1477000.0,2103000.0,1521000.0,2210500.0,2422200.0,877170.0,6912100.0,1513500.0,9390500.0,6180200.0,809830.0,10291000.0,814480.0,1274500.0,19279000.0,683650.0,12167000.0,721740.0,5575100.0,3693400.0,3817200.0,2647300.0,5252900.0,4116200.0,4227600.0,964530.0,4135000.0,1638700.0,6369200.0,1506700.0,7610900.0,1080700.0,744550.0,4005200.0,2996600.0,1988300.0,8411500.0,2288700.0,948280.0,1205600.0,3671000.0,3568300.0,1940100.0,1475700.0,747540.0,6807100.0,5275200.0,2336700.0,637470.0,17726000.0,3323000.0,5257900.0,1142200.0,18258000.0,5431600.0,1100100.0,8580600.0,1353300.0,1434500.0,3992400.0,5297000.0,799330.0,1639500.0,973680.0,1778500.0,1568200.0,1456500.0,7851700.0,2342100.0,1425100.0,12280000.0,2793800.0,1238000.0,1263500.0,3260300.0,951930.0,4669600.0,1133200.0,1854600.0,8075300.0,4435100.0,696550.0,1421900.0,10018000.0,5258300.0,5069200.0,15394000.0,3001700.0,1931800.0,2342400.0,2994600.0,3189800.0,1882600.0,1749500.0,2275100.0,1499400.0,7215800.0,652060.0,3656200.0,8296200.0,8910100.0,1863600.0,5378600.0,4029700.0,5011000.0,864140.0,1139900.0,5361500.0,1551600.0,6587500.0,3485200.0,7122400.0,1970700.0,1638700.0,1591200.0,1087700.0,1106100.0,2208100.0,945990.0,5091800.0,3371700.0,4404800.0,3356800.0,2894200.0,2745600.0,15584000.0,14989000.0,6042000.0,4601000.0,2807600.0,6148400.0,3762100.0,1781300.0,2740300.0,1353800.0,4824200.0,3044800.0,1.5348,1.8535,4.167,2.2348,2.4753,3.6654,1.2768,2.2348,4.2239,1.2096,1.9887,4.2198,2.4783,2.6639,4.3168,0.78494,2.0635,4.2191,1.6349,2.5171,3.8822,3.0703,2.8447,5.8628,1.2005,2.0216,4.2062,1.7217,1.7174,4.246,1.2838,2.2613,4.2616,0.76168,2.0411,4.2104,2.9182,2.8426,4.6278,5.6075,2.7581,1.3983,1.2439,2.8269,3.6233,0.87019,2.1586,3.004,2.5495,2.1332,4.5258,1.464,1.6803,3.8957,0.69603,2.652,3.8812,1.9235,1.8174,3.5146,1.1711,2.398,3.2005,0.34675,2.29,3.5166,1.8316,1.6406,3.4005,2.0515,2.7162,4.2584,1.8691,1.6433,3.375,1.5927,1.6455,3.9577,0.34726,2.1753,3.1438,2.0803,2.4183,4.4878,1.4889,1.6956,3.2527,0.88127,1.9291,2.7595,3.185,2.8399,5.9719,1.9458,1.8018,3.5013,0.90521,2.7206,2.9043,1.7206,2.5919,4.0027,0.7053,1.898,2.7534,1.0967,2.4217,3.1204,1.9263,1.9272,4.4941,1.7837,1.656,3.8913,0.586,2.1686,3.8516,1.3196,2.5245,3.8536,0.98912,2.1296,3.2067,2.5851,2.3425,4.3484,2.0195,2.2021,4.7206,1.5186,1.6559,3.9239,1.8854,1.9782,4.4851,1.4784,2.1935,3.2448,0.81979,2.2068,3.0685,2.4475,2.4438,4.3655,1.9804,2.5395,4.8471,1.9298,2.6144,4.8242,2.5691,2.3354,4.3314,1.2752,2.5149,3.8933,1.7913,2.3011,4.3676,2.4038,3.0027,4.2798,0.61045,2.4117,2.6015,1.4291,2.027,4.5993,1.9432,3.0271,3.8232,0.28301,2.3808,3.3741,1.6916,1.6187,4.0794,0.79236,2.1668,3.0601,2.2617,2.3028,4.695,0.58729,2.4493,3.0978,0.83574,2.2205,3.1777,0.029006,2.8963,1.7767,2.0098,2.1503,4.6182,2.5289,2.3864,4.2795,2.3448,2.3055,5.1438,1.9855,2.6952,4.1687,1.123,1.8397,4.0128,4.5422,2.846,0.64222,0.78855,2.1822,2.9891,1.4472,2.121,4.2786,1.1572,2.1933,3.5399,2.0889,2.6665,4.3499,1.6275,1.5836,4.1463,1.1737,2.5344,3.096,0.7515,2.4696,3.742,2.1889,1.8444,3.6874,1.44,2.5206,3.4791,1.4042,2.5999,3.539,1.4497,1.6396,4.2777,1.9603,2.6919,4.4833,2.0432,2.698,4.6096,3.3554,2.8253,6.1173,1.7018,1.6256,4.1933,1.833,1.9539,3.4036,2.4126,2.9666,5.3142,1.1936,2.5688,3.0555,2.686,2.411,5.0126,0.96986,2.6643,4.174,1.4573,2.493,3.5314,0.96036,1.9277,4.111,1.7652,1.6212,4.0669,1.8977,1.9266,3.3943,6.0262,2.9031,2.8634,2.9152,2.2369,4.6554,1.4552,1.9492,4.33,1.1358,2.5839,3.3496,1.4376,2.4604,3.388,1.7108,1.911,3.6713,2.0011,2.4463,4.057,1.0932,2.3511,3.2352,2.4651,1.9322,5.2748,1.0272,2.6291,3.2828,1.4089,2.5223,3.3537,0.22668,3.0349,3.2009,0.66326,1.876,2.8112,1.6521,1.9798,4.5481,1.4871,1.8316,4.1946,5.2703,2.8269,1.63,0.85343,2.2004,2.9099,0.91463,2.6889,4.154,2.3498,2.4789,3.6666,2.872,2.3081,4.9602,3.0107,2.6062,4.5822,2.0462,2.4105,4.5727,2.2141,2.1892,4.1779,0.72281,2.1764,3.3371,0.55179,2.4207,3.0357,0.56621,2.2121,3.8688,2.4974,2.4498,4.5744,0.75194,2.419,2.9319,1.302,1.5645,4.3628,1.6086,1.9553,3.4969,0.2859,2.6583,2.1454,3.4278,2.9376,0.2711,0.87515,2.2905,3.0584,1.6298,1.6675,4.1362,1.6463,1.8768,3.24,0.77249,2.371,2.8678,2.1993,2.3054,4.9449,1.2781,2.5697,3.1787,1.2288,2.1854,3.6043,0.40494,2.0635,3.2944,1.7088,1.9277,3.4355,2.5965,2.0646,4.0886,2.0591,2.1433,4.9617,1.3713,1.7152,3.8432,0.76296,2.0105,2.7854,2.08,2.1365,5.0457,2.1829,2.2707,4.5414,1.5107,2.4155,3.9969,4.1196,2.9253,0.04362,1.8599,2.4697,4.0083,0.67552,1.9831,4.1436,1.2194,2.6234,4.2478,3.3806,2.8101,6.0951,1.7098,1.5678,3.2782,0.24612,2.3634,3.3927,4.9512,2.9951,0.79919,0.43755,2.812,3.2725,1.1831,2.5348,3.0499,2.2462,2.1777,4.9949,1.6145,2.0709,4.4254,1.6466,1.6243,3.3749,1.734,2.9378,3.3262,0.72293,2.3567,2.8891,0.82603,2.4041,3.006,0.24468,2.657,3.3529,1.9053,2.422,4.2625,0.62141,2.4242,2.785,1.0137,2.3081,3.6041,1.2983,1.7725,4.3158,0.2386,2.343,3.4512,1.6841,1.5887,3.2793,0.7705,2.3412,2.8419,2.9687,2.8613,6.0179,1.7823,2.5371,3.9823,2.0303,2.2204,4.606,2.2869,2.6792,5.1218,1.6534,1.9592,3.8257,1.3958,1.7897,3.7387,2.2872,2.142,4.9945,1.4959,2.5863,3.9638,0.51753,3.0215,2.207,4.4938,2.9191,0.278,1.3335,2.8165,4.2234,1.8939,1.967,3.8943,1.2064,2.6662,2.793,0.17837,2.7918,2.866,1.056,2.9117,4.1915,0.49389,2.4636,2.5953,0.83689,2.0457,2.8594,0.533,2.4763,3.4035,1.7429,2.2121,4.3166,1.1342,2.8019,4.2645,0.67656,2.0262,3.0001,2.0839,1.8437,3.7369,1.3796,1.8732,3.698,2.3281,2.6349,4.8143,1.4931,1.571,4.1961,1.2986,2.1409,3.2205,0.71328,2.0635,3.0248,0.71634,2.2984,2.6347,1.7791,2.3732,4.1758,2.2758,2.6129,4.9233,0.60401,2.0529,2.978,1.716,1.7567,3.3001,0.82742,2.9933,2.596,0.54881,2.5194,2.5942,3.2014,2.7324,6.1394,6.2088,2.8682,2.6141,4.2231,2.9152,6.2097,2.3918,2.3036,3.7379,1.4263,3.0612,4.3677,1.2678,2.4315,3.4851,0.11203,3.1032,3.0267,2.3755,2.1991,3.7611,1.3007,1.8464,3.6968,2.4066,2.3274,4.6129,2.609,2.6912,4.1879,1.2641,2.7111,4.3326,1.7318,1.946,3.8386,1.1838,2.7605,3.7343,2.359,2.3739,4.9601,1.4513,2.6243,3.3515,2.169,2.2637,4.0757,0.82387,1.9656,3.3875,2.4231,2.3506,3.7978,2.3528,2.3639,3.7352,2.267,1.9798,5.0297,2.6427,2.2891,4.8221,2.387,2.2393,3.7973,1.426,1.6055,3.9007,2.3727,2.6211,4.9358,1.7842,1.9478,3.8723,0.81435,2.1261,4.1014,1.5969,1.8398,4.3211,2.3385,2.5997,4.9514,1.4523,2.3961,3.2572,5.8626,2.8383,2.1381,1.8637,1.76,3.5204,1.9618,2.9458,4.2201,2.0885,1.9797,4.8246,1.1593,2.6106,4.3448,1.9703,2.1516,4.9248,1.6465,1.7874,3.9423,1.6227,2.0052,3.3509,1.1255,2.7342,3.6922,1.0141,2.8463,3.8298,1.529,2.4777,3.9019,1.1624,2.7055,3.6851,1.7793,1.763,4.0851,0.77491,2.4532,2.8021,1.8468,2.1162,4.4024,0.10153,2.7864,2.9601,1.0575,1.9491,4.3185,0.97481,2.2961,3.0652,1.5995,2.4046,4.5681,1.0014,2.0817,2.833,0.78261,2.0082,2.6983,1.67,1.7755,3.9466,0.88904,2.4459,2.8745,1.3352,1.5853,3.8401,2.7715,2.6047,4.6206,1.0578,2.2022,3.6379,1.1671,2.7464,3.6795,1.9966,1.9941,4.4744,1.0312,1.9601,4.2459,1.8925,1.6457,3.4383,1.7042,2.4931,3.9795,2.2224,2.5424,4.8908,2.08,2.3604,3.625,1.2143,3.0608,3.46,1.4135,1.4461,4.2489,0.69002,2.9833,3.6508,1.6424,1.7305,4.2397,0.78657,2.0012,2.7248,0.58187,2.2153,4.0243,2.6223,2.5997,4.5224,2.0113,2.1097,3.448,1.3794,2.8947,3.5357,1.0861,2.2169,3.6222,2.5367,2.027,4.4754,1.5004,1.7356,4.4204,1.5989,2.5876,3.571,2.068,2.2882,4.0642,2.7081,2.3207,4.9738,0.44603,2.5084,2.9359
0.13344,0.21125,0.0052924,234.26,253.77,202.13,0.0013423,0.0015409,0.0010152,209.32,226.06,224.98,216.86,209.1,187.14,238.46,225.23,260.08,221.21,250.41,263.3,204.3,225.42,219.33,271.81,218.17,243.67,208.72,184.98,319.4,228.7,195.01,237.68,200.13,268.19,251.58,309.3,172.12,256.5,216.56,216.96,155.03,231.4,253.45,327.69,247.68,196.2,283.12,334.52,296.69,191.43,227.26,182.49,266.37,254.13,285.73,275.86,322.45,274.7,265.86,258.39,322.65,321.05,315.62,262.5,295.98,228.16,211.15,358.34,312.34,318.55,337.53,194.27,263.73,235.71,208.11,194.45,291.17,222.26,259.21,242.66,277.28,293.55,233.42,229.82,262.28,284.93,319.83,275.18,225.35,290.64,262.58,252.95,311.23,174.22,248.5,246.47,261.18,266.41,293.99,281.77,228.16,281.18,220.65,267.05,253.2,332.38,250.23,250.72,300.79,317.75,353.89,247.01,298.18,357.66,379.71,291.87,233.39,292.09,346.19,250.32,275.63,273.91,251.81,325.03,271.81,311.46,348.46,319.43,256.13,315.52,303.52,263.87,278.39,272.65,389.02,235.47,372.78,374.77,356.84,265.9,351.51,232.32,259.25,479.48,265.9,286.4,319.22,294.51,280.42,255.52,302.06,357.42,253.96,303.65,331.98,225.75,271.53,325.99,234.69,260.57,324.82,248.04,161.99,263.15,338.62,301.24,335.72,382.91,216.13,264.06,197.14,197.63,236.39,280.27,213.79,302.53,255.93,219.53,256.12,234.1,266.62,173.85,270.12,255.33,251.13,231.49,224.37,304.34,213.44,291.11,365.83,250.67,264.13,245.99,314.49,267.82,235.65,289.28,323.85,260.3,274.06,274.23,288.0,296.86,257.11,391.8,228.73,246.26,248.48,265.31,247.01,264.65,261.57,310.07,254.88,234.1,264.31,289.59,252.24,195.68,209.51,250.33,315.36,237.67,227.41,286.62,231.56,256.07,261.95,245.19,252.72,277.22,274.47,206.69,270.12,211.98,273.24,223.27,239.29,189.75,266.36,268.57,174.5,271.63,223.47,178.02,256.6,190.13,225.55,260.93,192.31,238.26,250.34,199.23,247.16,248.22,230.89,189.61,244.68,211.65,235.0,232.21,168.37,276.54,279.19,211.15,174.39,206.8,274.43,239.97,239.97,228.05,151.39,162.15,203.69,245.06,236.44,221.06,224.83,212.97,191.93,172.84,184.12,231.45,213.86,248.57,221.4,0.0007855,0.0010624,0.0010656,0.0011383,0.0010368,0.00093191,0.001253,0.0009613,0.0013088,0.0010591,0.0013226,0.0014578,0.0010558,0.0012152,0.0010767,0.0016085,0.0012527,0.0013365,0.001343,0.0011287,0.0018495,0.0014997,0.0012189,0.0015943,0.0013744,0.0016648,0.0014382,0.0017965,0.0012873,0.0016877,0.0013211,0.0013222,0.0010763,0.0013057,0.0015437,0.0019386,0.0015173,0.0013267,0.0017317,0.0018565,0.001597,0.0011186,0.0014967,0.0013459,0.0015938,0.0016014,0.0017245,0.0015367,0.0018652,0.0016305,0.0013076,0.0015699,0.0019612,0.0017144,0.001867,0.0016389,0.0017211,0.0011822,0.0014946,0.0021429,0.0020148,0.0018738,0.0019711,0.0014066,0.0017998,0.001499,0.0013874,0.0015388,0.0018058,0.0014575,0.0017483,0.0016202,0.0016082,0.0018134,0.0015508,0.0015123,0.001563,0.0017783,0.0019805,0.0018278,0.0015043,0.0019829,0.0017752,0.0014679,0.001596,0.0013524,0.0011702,0.0016858,0.0016067,0.0016688,0.00181,0.0016213,0.0013186,0.0018142,0.0012568,0.0017015,0.0015911,0.002067,0.0016095,0.0016153,0.0015663,0.0018912,0.0021475,0.0014863,0.0018955,0.0016413,0.0021272,0.0018489,0.0016325,0.0017125,0.0021113,0.0017109,0.0015902,0.0016905,0.001654,0.0019702,0.0017226,0.0018735,0.0019907,0.0016331,0.001686,0.0019465,0.0017129,0.0018579,0.0016602,0.0012813,0.0022943,0.001662,0.0017164,0.0022239,0.002202,0.0017367,0.0020685,0.0015414,0.0017013,0.0021642,0.0017909,0.0016294,0.0019275,0.0017548,0.001772,0.0016605,0.0016397,0.0021102,0.0017757,0.0015231,0.0018596,0.0012823,0.0014495,0.0017521,0.0015201,0.0017306,0.0017759,0.0016209,0.0012375,0.001489,0.0020132,0.0018856,0.0015143,0.0020988,0.0013788,0.001648,0.0013944,0.0014476,0.0014307,0.001685,0.0015228,0.0018416,0.0016645,0.0015327,0.0016929,0.0013606,0.0017099,0.0013575,0.0017072,0.0015948,0.0017615,0.0015493,0.0014349,0.0017153,0.0013972,0.0017486,0.0021115,0.0016379,0.0016941,0.0017245,0.001845,0.0016509,0.0015882,0.0016768,0.0017135,0.0017055,0.0016881,0.0017425,0.0020035,0.0017966,0.0016522,0.0012314,0.0016044,0.0015403,0.0016368,0.0016938,0.001589,0.0017061,0.0015724,0.0021377,0.0015619,0.0016166,0.0016253,0.0015947,0.001566,0.0013732,0.0014335,0.0015087,0.001901,0.001565,0.0015155,0.0016165,0.001463,0.0016519,0.0016507,0.0015329,0.001544,0.0016179,0.0016817,0.0013879,0.0016873,0.0014118,0.0016113,0.0015038,0.0013683,0.0012737,0.0014819,0.0016927,0.0012255,0.0016157,0.0013313,0.0013887,0.0015693,0.0012534,0.0014552,0.0015664,0.0013472,0.0014319,0.0014881,0.001152,0.0014766,0.0014461,0.0014573,0.0012537,0.0015377,0.0013148,0.0014668,0.0013451,0.00097038,0.0014652,0.0015596,0.0011788,0.0011821,0.0011418,0.0015131,0.0014718,0.0014355,0.0010365,0.00093234,0.00099458,0.0010168,0.0014656,0.0013888,0.001027,0.0012584,0.0010365,0.001028,0.00087965,0.00085538,0.0011343,0.0011496,0.0013627,0.001225,1074300.0,1105700.0,792270.0,4276700.0,2284500.0,1150800.0,5856800.0,1513400.0,1879800.0,3242500.0,2966100.0,734830.0,5652900.0,1298400.0,4052200.0,2459600.0,5070500.0,4091400.0,1340500.0,3371900.0,2502600.0,3347400.0,11704000.0,958350.0,6311800.0,749460.0,9101500.0,1591900.0,1841400.0,815570.0,3232100.0,1680500.0,5814300.0,23940000.0,2520900.0,2724900.0,4347000.0,1235900.0,1513400.0,1646200.0,2062700.0,1057700.0,2058300.0,1019200.0,7475600.0,2433400.0,1825600.0,1494000.0,2274900.0,15971000.0,952090.0,7278300.0,3995200.0,706940.0,3910700.0,1079100.0,2657700.0,17679000.0,32102000.0,2373200.0,1720700.0,1532600.0,2840700.0,1036400.0,1926200.0,3409900.0,803840.0,2871900.0,1940600.0,3915400.0,2755300.0,1446400.0,1119200.0,15048000.0,5077600.0,1340600.0,3613400.0,1673300.0,965090.0,2573300.0,3702600.0,1313000.0,893150.0,2116300.0,873820.0,1861100.0,2850800.0,4950200.0,4191200.0,2338500.0,5694300.0,1300700.0,9352900.0,4677300.0,1017700.0,1694700.0,903640.0,1769700.0,3509900.0,9918500.0,1730700.0,16523000.0,1417300.0,9919600.0,1633600.0,3256300.0,1272900.0,1628100.0,12535000.0,5115100.0,2157200.0,3869300.0,2389200.0,1225800.0,656170.0,3373000.0,11659000.0,2413800.0,1291100.0,778800.0,1922000.0,735100.0,1193700.0,2218700.0,8786700.0,4156700.0,2627900.0,3087700.0,2361300.0,1498700.0,773560.0,10411000.0,2404500.0,3548600.0,2073400.0,1371700.0,1031900.0,2014200.0,1052000.0,2853800.0,3921600.0,1159600.0,1477000.0,2103000.0,1521000.0,2210500.0,2422200.0,877170.0,6912100.0,1513500.0,9390500.0,6180200.0,809830.0,10291000.0,814480.0,1274500.0,19279000.0,683650.0,12167000.0,721740.0,5575100.0,3693400.0,3817200.0,2647300.0,5252900.0,4116200.0,4227600.0,964530.0,4135000.0,1638700.0,6369200.0,1506700.0,7610900.0,1080700.0,744550.0,4005200.0,2996600.0,1988300.0,8411500.0,2288700.0,948280.0,1205600.0,3671000.0,3568300.0,1940100.0,1475700.0,747540.0,6807100.0,5275200.0,2336700.0,637470.0,17726000.0,3323000.0,5257900.0,1142200.0,18258000.0,5431600.0,1100100.0,8580600.0,1353300.0,1434500.0,3992400.0,5297000.0,799330.0,1639500.0,973680.0,1778500.0,1568200.0,1456500.0,7851700.0,2342100.0,1425100.0,12280000.0,2793800.0,1238000.0,1263500.0,3260300.0,951930.0,4669600.0,1133200.0,1854600.0,8075300.0,4435100.0,696550.0,1421900.0,10018000.0,5258300.0,5069200.0,15394000.0,3001700.0,1931800.0,2342400.0,2994600.0,3189800.0,1882600.0,1749500.0,2275100.0,1499400.0,7215800.0,652060.0,3656200.0,8296200.0,8910100.0,1863600.0,5378600.0,4029700.0,5011000.0,864140.0,1139900.0,5361500.0,1551600.0,6587500.0,3485200.0,7122400.0,1970700.0,1638700.0,1591200.0,1087700.0,1106100.0,2208100.0,945990.0,5091800.0,3371700.0,4404800.0,3356800.0,2894200.0,2745600.0,15584000.0,14989000.0,6042000.0,4601000.0,2807600.0,6148400.0,3762100.0,1781300.0,2740300.0,1353800.0,4824200.0,3044800.0,1.5349,1.8536,4.167,2.2349,2.4754,3.6654,1.2768,2.2348,4.2239,1.2094,1.9886,4.2196,2.4781,2.6639,4.3169,0.78443,2.0635,4.2192,1.6357,2.5173,3.882,3.0707,2.8447,5.8629,1.2002,2.0218,4.2059,1.7214,1.7174,4.246,1.284,2.2616,4.262,0.76092,2.0409,4.2104,2.9181,2.8426,4.6284,5.6066,2.7579,1.3977,1.2441,2.8267,3.6234,0.86948,2.1586,3.0039,2.55,2.134,4.5266,1.464,1.6802,3.8956,0.69662,2.6527,3.8814,1.9229,1.8178,3.515,1.1718,2.3977,3.2013,0.34723,2.29,3.5161,1.832,1.6404,3.4006,2.0514,2.7153,4.2577,1.8697,1.6431,3.3749,1.5937,1.6453,3.9581,0.34699,2.1756,3.1434,2.0808,2.4187,4.4886,1.4891,1.6957,3.2531,0.88172,1.9294,2.7594,3.1861,2.8399,5.9728,1.9455,1.8022,3.5016,0.9046,2.7207,2.9045,1.72,2.592,4.0027,0.70593,1.8981,2.7532,1.0969,2.4215,3.1208,1.9265,1.9271,4.4941,1.7843,1.6559,3.8913,0.58673,2.1682,3.8527,1.3208,2.5251,3.8545,0.98897,2.1301,3.206,2.5858,2.343,4.349,2.0193,2.2023,4.721,1.5189,1.6556,3.924,1.8854,1.9787,4.485,1.4787,2.1937,3.2445,0.81955,2.2075,3.0675,2.4474,2.4445,4.3657,1.9806,2.5389,4.8466,1.9297,2.6146,4.8237,2.5695,2.3359,4.3321,1.275,2.515,3.8927,1.792,2.3016,4.3681,2.4053,3.0022,4.281,0.61124,2.4111,2.6027,1.4282,2.0268,4.5994,1.9417,3.0267,3.8214,0.28264,2.3808,3.3739,1.6916,1.6187,4.0794,0.79272,2.1678,3.06,2.2618,2.3028,4.6954,0.58682,2.4483,3.0985,0.83404,2.2213,3.1768,0.028219,2.8963,1.7759,2.0097,2.1514,4.6188,2.5287,2.3873,4.2799,2.3435,2.3056,5.1438,1.9843,2.6942,4.1678,1.1229,1.8395,4.0135,4.5416,2.8451,0.64354,0.78767,2.1824,2.9886,1.4475,2.1213,4.2788,1.1574,2.194,3.5403,2.0873,2.6657,4.3483,1.6271,1.5835,4.1463,1.1739,2.5342,3.0967,0.75143,2.4702,3.7419,2.1899,1.8439,3.6873,1.439,2.5211,3.479,1.4024,2.6001,3.5383,1.4481,1.6395,4.2775,1.9594,2.691,4.4825,2.0426,2.6972,4.6096,3.3556,2.8253,6.118,1.7022,1.6256,4.1933,1.8338,1.9534,3.4034,2.4142,2.9666,5.3159,1.1937,2.5691,3.0553,2.686,2.4106,5.0127,0.96986,2.6648,4.1748,1.4563,2.4932,3.5317,0.9596,1.9279,4.1117,1.7658,1.6212,4.0667,1.8993,1.9266,3.3942,6.0255,2.903,2.8631,2.9158,2.2367,4.6559,1.456,1.949,4.331,1.135,2.5834,3.3495,1.437,2.4606,3.3881,1.7102,1.9104,3.6711,2.0018,2.4467,4.0576,1.093,2.3515,3.2355,2.4655,1.9314,5.2757,1.0258,2.6285,3.2824,1.4081,2.5231,3.3533,0.22735,3.0352,3.2011,0.66289,1.8768,2.8103,1.6519,1.979,4.5491,1.4873,1.8311,4.1949,5.2687,2.826,1.6288,0.85382,2.2008,2.9106,0.91467,2.6895,4.155,2.3507,2.4778,3.6665,2.8738,2.3077,4.9605,3.012,2.6058,4.5827,2.0462,2.4101,4.5732,2.2127,2.1899,4.1776,0.72233,2.1777,3.3369,0.55357,2.4206,3.0361,0.56641,2.2128,3.8694,2.4978,2.4494,4.5753,0.75117,2.4193,2.9313,1.3021,1.5645,4.3631,1.6079,1.9548,3.4974,0.28767,2.6582,2.1464,3.4277,2.9374,0.27156,0.87518,2.2898,3.059,1.6296,1.6676,4.1366,1.6469,1.8774,3.2407,0.77261,2.3705,2.8678,2.1996,2.3049,4.9448,1.2793,2.5699,3.1795,1.2299,2.1862,3.6054,0.40337,2.0643,3.2946,1.709,1.9271,3.4356,2.5974,2.0641,4.0891,2.0589,2.1434,4.9616,1.3718,1.7146,3.8433,0.76324,2.0109,2.7858,2.0797,2.1363,5.0463,2.1823,2.2711,4.5417,1.5104,2.4163,3.9972,4.1182,2.9243,0.041977,1.8592,2.4704,4.0082,0.67448,1.9832,4.1439,1.2194,2.6234,4.2477,3.3787,2.8097,6.0946,1.7102,1.5676,3.2782,0.24668,2.3638,3.3931,4.9493,2.9953,0.79682,0.43723,2.8121,3.2733,1.1826,2.535,3.0507,2.2469,2.1782,4.9953,1.6156,2.0705,4.426,1.6472,1.6242,3.3754,1.737,2.938,3.3274,0.72407,2.3562,2.8899,0.82551,2.4036,3.0062,0.24464,2.6572,3.3528,1.9073,2.4229,4.2632,0.62265,2.4239,2.7855,1.0136,2.3091,3.6037,1.298,1.7724,4.316,0.23845,2.3433,3.4517,1.6848,1.5887,3.2794,0.77228,2.3405,2.8425,2.9681,2.8613,6.0183,1.7807,2.5366,3.9819,2.0306,2.2208,4.6061,2.2849,2.6787,5.1208,1.6522,1.9592,3.8253,1.3964,1.7894,3.739,2.2878,2.142,4.9944,1.4961,2.586,3.9634,0.51601,3.0211,2.2045,4.4931,2.9186,0.27771,1.3341,2.8173,4.2227,1.8936,1.9673,3.8943,1.2058,2.6665,2.7922,0.17693,2.7917,2.8653,1.0565,2.9118,4.1916,0.4936,2.4632,2.5955,0.83768,2.0465,2.8589,0.53315,2.4767,3.4036,1.7441,2.2125,4.3171,1.1332,2.8025,4.2637,0.67706,2.0267,2.9992,2.0847,1.8436,3.7364,1.3807,1.8735,3.6984,2.327,2.6342,4.8129,1.494,1.5712,4.1961,1.2982,2.1408,3.2207,0.71382,2.0641,3.0243,0.71716,2.2976,2.6348,1.7796,2.3736,4.176,2.275,2.6122,4.923,0.60387,2.0534,2.9772,1.7169,1.7576,3.2998,0.82847,2.9931,2.5963,0.54864,2.5195,2.5941,3.2026,2.7322,6.1408,6.2093,2.8682,2.6151,4.2212,2.9147,6.2076,2.3921,2.3027,3.7377,1.428,3.0611,4.3705,1.2671,2.4321,3.485,0.10739,3.1033,3.023,2.3755,2.1988,3.7607,1.301,1.8463,3.697,2.4064,2.3274,4.6133,2.609,2.6917,4.189,1.264,2.7111,4.3324,1.7308,1.9458,3.8381,1.1842,2.7602,3.7349,2.3585,2.3732,4.9594,1.4502,2.624,3.3518,2.1688,2.2643,4.0755,0.82373,1.9658,3.3876,2.4233,2.3501,3.798,2.3527,2.3636,3.735,2.2676,1.9803,5.0306,2.6423,2.2891,4.8223,2.3872,2.2393,3.7972,1.4263,1.6056,3.9011,2.372,2.6205,4.9354,1.7835,1.9478,3.872,0.81445,2.1259,4.102,1.5967,1.8399,4.3215,2.3379,2.5989,4.9513,1.4522,2.3962,3.2571,5.8621,2.838,2.1377,1.8637,1.7598,3.5206,1.9613,2.9451,4.2192,2.0891,1.9799,4.8249,1.1597,2.6109,4.3452,1.9711,2.1517,4.9252,1.6467,1.7873,3.9421,1.6229,2.0051,3.3505,1.1261,2.7339,3.6928,1.0147,2.8464,3.8298,1.5298,2.478,3.9022,1.1626,2.7049,3.6851,1.779,1.7627,4.0851,0.77421,2.4531,2.8023,1.8466,2.1165,4.4026,0.10163,2.7863,2.9609,1.0573,1.9491,4.3189,0.97496,2.2958,3.0655,1.5992,2.4046,4.5679,1.0015,2.0816,2.833,0.78292,2.0082,2.6981,1.6704,1.7753,3.9464,0.88875,2.4458,2.8752,1.3348,1.5853,3.8401,2.7715,2.6048,4.6205,1.0576,2.2027,3.6379,1.1673,2.7461,3.6796,1.9968,1.9942,4.4744,1.0308,1.9601,4.2458,1.8928,1.6456,3.4383,1.7046,2.4932,3.9793,2.223,2.5422,4.8905,2.0796,2.3603,3.6245,1.2143,3.0607,3.4601,1.4132,1.4461,4.249,0.69043,2.9832,3.651,1.6425,1.7303,4.2398,0.78687,2.0012,2.7247,0.58129,2.2155,4.0248,2.6219,2.5996,4.5224,2.0114,2.1096,3.448,1.3793,2.8945,3.5356,1.0862,2.2171,3.6221,2.5368,2.0272,4.4755,1.5005,1.7356,4.4204,1.5989,2.5876,3.5709,2.0681,2.2883,4.0642,2.7082,2.3203,4.9736,0.44606,2.5083,2.9358
0.1349,0.21356,0.0053425,234.79,254.58,202.19,0.0013452,0.0015453,0.0010156,209.4,226.13,225.34,216.92,209.54,187.08,238.68,225.36,260.33,221.41,251.13,264.24,204.36,225.9,219.51,272.31,218.48,244.01,209.32,184.94,320.02,229.26,195.38,238.19,200.53,268.61,252.11,309.91,172.17,257.21,217.1,217.73,154.92,232.28,254.11,328.63,248.21,196.63,284.13,335.57,297.03,191.64,228.75,182.73,267.05,254.54,286.68,277.04,323.6,275.26,266.73,259.01,324.15,322.49,317.13,262.99,297.34,229.95,211.5,360.05,314.09,319.79,337.26,194.72,264.56,235.76,209.61,195.05,291.5,223.51,259.57,243.4,278.8,294.74,234.21,230.83,263.3,286.35,320.8,276.3,225.58,291.41,263.96,254.43,312.31,175.11,250.42,247.92,263.03,267.5,294.98,283.92,229.36,282.37,221.93,267.9,254.03,333.06,249.19,251.52,303.19,319.03,356.01,247.73,298.84,360.47,381.25,293.86,234.25,292.78,348.15,251.67,275.02,274.96,252.6,326.42,273.08,313.09,349.95,320.43,258.45,317.7,305.39,264.81,280.33,274.97,391.55,236.43,375.53,377.22,358.16,267.02,354.03,232.29,260.62,483.51,267.84,287.15,320.5,296.14,281.95,255.74,303.18,358.77,254.67,306.82,332.51,227.34,274.24,329.97,235.46,261.31,326.97,248.65,162.03,264.55,339.84,301.97,338.8,383.95,216.51,264.73,197.49,199.06,237.58,280.92,214.3,303.11,257.35,219.99,256.72,234.99,267.63,174.76,270.74,255.69,251.78,231.89,224.76,305.35,214.19,292.26,366.45,251.03,265.1,246.27,315.41,268.71,235.83,290.29,324.81,261.1,275.02,274.93,289.06,297.76,257.94,395.63,229.24,246.84,248.98,265.53,247.41,265.37,262.39,311.33,255.51,234.79,264.5,290.64,252.97,196.02,209.92,251.02,316.39,238.62,227.72,286.89,232.1,256.9,262.6,245.67,253.32,277.71,275.09,207.15,270.92,212.44,274.11,223.62,239.47,190.03,266.88,269.08,174.72,272.18,223.82,178.26,257.09,190.4,225.82,261.56,192.53,238.76,250.95,199.51,247.68,248.59,231.15,189.7,245.01,211.91,235.58,232.65,168.46,277.15,279.76,211.29,174.52,206.99,274.74,240.3,240.46,228.47,151.56,162.2,203.77,245.32,236.98,221.39,225.13,213.18,192.07,172.98,184.19,231.55,213.85,248.88,221.45,0.00078584,0.0010626,0.0010665,0.0011389,0.0010384,0.00093095,0.0012542,0.00096211,0.0013109,0.0010598,0.0013264,0.0014627,0.0010554,0.0012176,0.0010776,0.0016118,0.0012547,0.0013394,0.0013464,0.0011288,0.0018539,0.0015034,0.0012215,0.0015983,0.0013769,0.0016698,0.0014417,0.0017998,0.0012887,0.0016921,0.0013249,0.0013268,0.0010759,0.00131,0.0015478,0.0019452,0.0015215,0.0013287,0.0017376,0.001864,0.0016009,0.001119,0.001506,0.0013494,0.0015988,0.0016044,0.0017309,0.0015432,0.0018732,0.0016347,0.0013121,0.0015746,0.0019706,0.0017222,0.0018759,0.0016441,0.0017291,0.0011866,0.0014973,0.002154,0.0020244,0.001882,0.0019744,0.001408,0.0018068,0.0015016,0.0013933,0.00154,0.0018109,0.0014624,0.0017515,0.0016264,0.0016165,0.0018211,0.001553,0.0015183,0.0015693,0.0017862,0.0019875,0.0018325,0.0015021,0.001988,0.0017819,0.0014738,0.0015953,0.001358,0.0011749,0.0016925,0.0016147,0.0016757,0.0018165,0.0016339,0.0013171,0.0018206,0.0012572,0.001707,0.0015965,0.0020715,0.0016013,0.0016207,0.0015783,0.0018985,0.0021567,0.0014906,0.0019019,0.0016558,0.0021362,0.0018593,0.0016379,0.0017177,0.0021214,0.0017181,0.0015755,0.0016966,0.0016593,0.001978,0.0017283,0.0018814,0.0019956,0.0016391,0.001697,0.001957,0.0017185,0.0018633,0.0016684,0.0012913,0.002307,0.0016684,0.0017289,0.0022365,0.00221,0.0017415,0.0020783,0.0015418,0.001709,0.0021836,0.0017987,0.00163,0.0019344,0.0017605,0.0017796,0.0016621,0.0016463,0.0021194,0.0017799,0.0015349,0.0018658,0.0012854,0.0014593,0.0017686,0.0015253,0.001736,0.0017866,0.0016259,0.0012386,0.0014965,0.0020213,0.00189,0.0015281,0.0021019,0.0013813,0.0016522,0.001397,0.0014546,0.0014362,0.0016891,0.0015266,0.0018453,0.0016711,0.0015356,0.001697,0.001366,0.0017151,0.0013607,0.0017119,0.001597,0.0017642,0.0015504,0.001437,0.0017207,0.0014009,0.0017545,0.0021153,0.0016398,0.0016999,0.0017266,0.0018517,0.0016557,0.0015902,0.0016826,0.0017192,0.0017108,0.0016946,0.0017462,0.0020089,0.0018015,0.001658,0.0012455,0.0016077,0.0015444,0.0016402,0.0016966,0.0015919,0.0017104,0.0015779,0.0021451,0.0015654,0.0016216,0.0016268,0.0016003,0.0015709,0.0013752,0.0014362,0.0015131,0.0019071,0.0015696,0.0015181,0.0016178,0.001466,0.0016563,0.0016556,0.0015359,0.0015479,0.0016225,0.0016855,0.0013913,0.0016915,0.001415,0.0016163,0.0015054,0.0013694,0.0012752,0.0014847,0.0016967,0.0012271,0.0016192,0.0013331,0.0013915,0.0015728,0.0012551,0.0014568,0.0015706,0.0013497,0.0014345,0.0014912,0.001154,0.0014801,0.0014481,0.0014591,0.0012544,0.0015398,0.0013165,0.0014703,0.0013478,0.00097082,0.0014688,0.0015634,0.0011796,0.0011833,0.0011426,0.0015146,0.0014735,0.0014383,0.0010384,0.00093366,0.00099464,0.001017,0.0014672,0.0013917,0.0010285,0.00126,0.0010375,0.0010287,0.00088017,0.00085551,0.0011346,0.0011496,0.0013641,0.0012252,1074300.0,1105700.0,792270.0,4276700.0,2284500.0,1150800.0,5856800.0,1513400.0,1879800.0,3242500.0,2966100.0,734830.0,5652900.0,1298400.0,4052200.0,2459600.0,5070500.0,4091400.0,1340500.0,3371900.0,2502600.0,3347400.0,11704000.0,958350.0,6311800.0,749460.0,9101500.0,1591900.0,1841400.0,815570.0,3232100.0,1680500.0,5814300.0,23940000.0,2520900.0,2724900.0,4347000.0,1235900.0,1513400.0,1646200.0,2062700.0,1057700.0,2058300.0,1019200.0,7475600.0,2433400.0,1825600.0,1494000.0,2274900.0,15971000.0,952090.0,7278300.0,3995200.0,706940.0,3910700.0,1079100.0,2657700.0,17679000.0,32102000.0,2373200.0,1720700.0,1532600.0,2840700.0,1036400.0,1926200.0,3409900.0,803840.0,2871900.0,1940600.0,3915400.0,2755300.0,1446400.0,1119200.0,15048000.0,5077600.0,1340600.0,3613400.0,1673300.0,965090.0,2573300.0,3702600.0,1313000.0,893150.0,2116300.0,873820.0,1861100.0,2850800.0,4950200.0,4191200.0,2338500.0,5694300.0,1300700.0,9352900.0,4677300.0,1017700.0,1694700.0,903640.0,1769700.0,3509900.0,9918500.0,1730700.0,16523000.0,1417300.0,9919600.0,1633600.0,3256300.0,1272900.0,1628100.0,12535000.0,5115100.0,2157200.0,3869300.0,2389200.0,1225800.0,656170.0,3373000.0,11659000.0,2413800.0,1291100.0,778800.0,1922000.0,735100.0,1193700.0,2218700.0,8786700.0,4156700.0,2627900.0,3087700.0,2361300.0,1498700.0,773560.0,10411000.0,2404500.0,3548600.0,2073400.0,1371700.0,1031900.0,2014200.0,1052000.0,2853800.0,3921600.0,1159600.0,1477000.0,2103000.0,1521000.0,2210500.0,2422200.0,877170.0,6912100.0,1513500.0,9390500.0,6180200.0,809830.0,10291000.0,814480.0,1274500.0,19279000.0,683650.0,12167000.0,721740.0,5575100.0,3693400.0,3817200.0,2647300.0,5252900.0,4116200.0,4227600.0,964530.0,4135000.0,1638700.0,6369200.0,1506700.0,7610900.0,1080700.0,744550.0,4005200.0,2996600.0,1988300.0,8411500.0,2288700.0,948280.0,1205600.0,3671000.0,3568300.0,1940100.0,1475700.0,747540.0,6807100.0,5275200.0,2336700.0,637470.0,17726000.0,3323000.0,5257900.0,1142200.0,18258000.0,5431600.0,1100100.0,8580600.0,1353300.0,1434500.0,3992400.0,5297000.0,799330.0,1639500.0,973680.0,1778500.0,1568200.0,1456500.0,7851700.0,2342100.0,1425100.0,12280000.0,2793800.0,1238000.0,1263500.0,3260300.0,951930.0,4669600.0,1133200.0,1854600.0,8075300.0,4435100.0,696550.0,1421900.0,10018000.0,5258300.0,5069200.0,15394000.0,3001700.0,1931800.0,2342400.0,2994600.0,3189800.0,1882600.0,1749500.0,2275100.0,1499400.0,7215800.0,652060.0,3656200.0,8296200.0,8910100.0,1863600.0,5378600.0,4029700.0,5011000.0,864140.0,1139900.0,5361500.0,1551600.0,6587500.0,3485200.0,7122400.0,1970700.0,1638700.0,1591200.0,1087700.0,1106100.0,2208100.0,945990.0,5091800.0,3371700.0,4404800.0,3356800.0,2894200.0,2745600.0,15584000.0,14989000.0,6042000.0,4601000.0,2807600.0,6148400.0,3762100.0,1781300.0,2740300.0,1353800.0,4824200.0,3044800.0,1.5351,1.8537,4.1669,2.2351,2.4755,3.6654,1.2768,2.2349,4.2239,1.2091,1.9886,4.2195,2.4778,2.6639,4.3171,0.78367,2.0635,4.2192,1.6369,2.5176,3.8819,3.0712,2.8447,5.863,1.1998,2.0221,4.2056,1.721,1.7173,4.2459,1.2842,2.2621,4.2625,0.75977,2.0406,4.2103,2.9179,2.8426,4.6293,5.6053,2.7576,1.3968,1.2444,2.8264,3.6236,0.86842,2.1587,3.0037,2.5508,2.1352,4.5277,1.464,1.6801,3.8955,0.69752,2.6537,3.8816,1.922,1.8183,3.5156,1.1728,2.3973,3.2026,0.34795,2.29,3.5153,1.8326,1.64,3.4008,2.0514,2.7141,4.2565,1.8706,1.6429,3.3748,1.5951,1.6449,3.9586,0.34659,2.176,3.1428,2.0817,2.4193,4.4899,1.4894,1.696,3.2538,0.88239,1.93,2.7593,3.1878,2.8399,5.9741,1.9452,1.8029,3.5021,0.9037,2.7209,2.9048,1.7191,2.5922,4.0028,0.70688,1.8981,2.7529,1.0972,2.4213,3.1214,1.9268,1.927,4.494,1.7851,1.6557,3.8914,0.58781,2.1675,3.8544,1.3227,2.5261,3.8559,0.98873,2.1309,3.2051,2.5869,2.3439,4.35,2.0189,2.2027,4.7215,1.5194,1.6553,3.9241,1.8853,1.9796,4.4849,1.4792,2.1941,3.244,0.81921,2.2087,3.0659,2.4471,2.4454,4.366,1.981,2.538,4.8459,1.9296,2.6148,4.8229,2.5702,2.3366,4.333,1.2749,2.5151,3.8919,1.7931,2.3024,4.369,2.4076,3.0015,4.2828,0.61242,2.4102,2.6046,1.4269,2.0266,4.5995,1.9394,3.0261,3.8188,0.28207,2.3808,3.3737,1.6916,1.6187,4.0795,0.79327,2.1692,3.0599,2.2618,2.303,4.6959,0.58612,2.4466,3.0995,0.83153,2.2224,3.1754,0.02708,2.8963,1.7748,2.0096,2.1532,4.6196,2.5284,2.3886,4.2806,2.3417,2.3059,5.1438,1.9824,2.6928,4.1664,1.1228,1.8391,4.0144,4.5406,2.8439,0.64548,0.78642,2.1828,2.9878,1.448,2.1217,4.2792,1.1578,2.1952,3.5408,2.0849,2.6645,4.346,1.6266,1.5833,4.1463,1.1742,2.5339,3.0976,0.7513,2.4711,3.7417,2.1912,1.8431,3.6871,1.4374,2.5219,3.479,1.3998,2.6003,3.5374,1.4459,1.6392,4.2773,1.958,2.6895,4.4814,2.0419,2.6959,4.6097,3.356,2.8254,6.1192,1.7028,1.6256,4.1934,1.835,1.9528,3.4031,2.4165,2.9665,5.3184,1.1939,2.5697,3.055,2.6862,2.41,5.0127,0.96989,2.6656,4.176,1.4548,2.4936,3.5322,0.95856,1.9281,4.1128,1.7667,1.6213,4.0663,1.9016,1.9266,3.394,6.0245,2.9029,2.8625,2.9167,2.2363,4.6565,1.4572,1.9485,4.3324,1.1338,2.5825,3.3495,1.4361,2.4609,3.3882,1.7094,1.9094,3.6706,2.003,2.4472,4.0584,1.0926,2.3522,3.2359,2.4661,1.9303,5.277,1.0237,2.6277,3.2819,1.4069,2.5243,3.3526,0.22832,3.0356,3.2014,0.66237,1.8778,2.8089,1.6517,1.9779,4.5506,1.4878,1.8304,4.1954,5.2665,2.8245,1.6271,0.85441,2.2015,2.9117,0.91478,2.6904,4.1564,2.3521,2.4762,3.6664,2.8764,2.3071,4.961,3.0139,2.6052,4.5836,2.0464,2.4094,4.5739,2.2107,2.1908,4.1772,0.7216,2.1798,3.3367,0.55622,2.4205,3.0367,0.56672,2.2138,3.8702,2.4984,2.4487,4.5767,0.75002,2.4197,2.9305,1.3023,1.5643,4.3637,1.6068,1.954,3.4982,0.29029,2.6581,2.1478,3.4274,2.9372,0.2722,0.87518,2.2887,3.0598,1.6293,1.6677,4.1373,1.6479,1.8783,3.2418,0.77277,2.3698,2.8678,2.2002,2.3042,4.9446,1.2811,2.5703,3.1807,1.2316,2.1873,3.607,0.40097,2.0654,3.2949,1.7092,1.9261,3.4356,2.5987,2.0634,4.0898,2.0585,2.1435,4.9615,1.3724,1.7139,3.8435,0.76366,2.0116,2.7865,2.0793,2.1359,5.0472,2.1815,2.2718,4.5422,1.51,2.4175,3.9977,4.1161,2.9229,0.039507,1.8581,2.4714,4.008,0.67294,1.9833,4.1444,1.2194,2.6233,4.2476,3.3759,2.809,6.0938,1.7108,1.5673,3.2783,0.2475,2.3644,3.3937,4.9466,2.9957,0.79329,0.43679,2.8124,3.2746,1.1818,2.5353,3.0517,2.2478,2.1788,4.9959,1.6172,2.07,4.4268,1.648,1.6241,3.3762,1.7413,2.9382,3.3292,0.72574,2.3553,2.8912,0.82474,2.4028,3.0064,0.24456,2.6575,3.3528,1.9102,2.4242,4.2641,0.62449,2.4236,2.7861,1.0134,2.3105,3.6032,1.2977,1.7721,4.3162,0.23823,2.3437,3.4524,1.6857,1.5888,3.2794,0.7749,2.3395,2.8434,2.9672,2.8611,6.0189,1.7784,2.5359,3.9813,2.0309,2.2213,4.6063,2.2821,2.6779,5.1193,1.6505,1.9591,3.8248,1.3973,1.7889,3.7395,2.2886,2.142,4.9943,1.4965,2.5855,3.9627,0.51376,3.0206,2.2008,4.4921,2.9179,0.27728,1.335,2.8183,4.2216,1.8931,1.9676,3.8943,1.205,2.6669,2.7911,0.17477,2.7915,2.8642,1.0572,2.912,4.1917,0.49317,2.4625,2.5958,0.8388,2.0477,2.858,0.53337,2.4772,3.4037,1.746,2.2129,4.3178,1.1316,2.8033,4.2625,0.67779,2.0275,2.9978,2.0858,1.8433,3.7356,1.3824,1.8738,3.6989,2.3253,2.6331,4.8109,1.4953,1.5714,4.1962,1.2975,2.1408,3.2211,0.71462,2.0652,3.0235,0.71835,2.2965,2.635,1.7804,2.3741,4.1764,2.2739,2.6113,4.9226,0.60366,2.0541,2.9759,1.7181,1.759,3.2994,0.83001,2.9927,2.5968,0.54838,2.5197,2.5941,3.2045,2.7319,6.1428,6.21,2.8683,2.6166,4.2185,2.9139,6.2044,2.3926,2.3014,3.7374,1.4305,3.0609,4.3747,1.2661,2.4329,3.4849,0.10044,3.1035,3.0175,2.3755,2.1983,3.7602,1.3015,1.8463,3.6974,2.4061,2.3274,4.6139,2.6091,2.6926,4.1908,1.2638,2.7113,4.3321,1.7294,1.9456,3.8375,1.1848,2.7598,3.7357,2.3578,2.3722,4.9582,1.4487,2.6236,3.3524,2.1685,2.2653,4.0752,0.82353,1.9661,3.3878,2.4235,2.3493,3.7983,2.3526,2.363,3.7348,2.2686,1.9811,5.0319,2.6418,2.2891,4.8225,2.3876,2.2394,3.7971,1.4268,1.6058,3.9017,2.371,2.6196,4.9348,1.7825,1.9477,3.8716,0.81459,2.1256,4.1029,1.5964,1.8401,4.3221,2.337,2.5977,4.9512,1.4521,2.3963,3.257,5.8614,2.8374,2.1371,1.8637,1.7595,3.5208,1.9606,2.9441,4.2179,2.0899,1.9803,4.8254,1.1604,2.6112,4.3459,1.9721,2.1518,4.9258,1.6469,1.7871,3.9418,1.6232,2.005,3.35,1.127,2.7336,3.6938,1.0155,2.8465,3.8298,1.531,2.4785,3.9027,1.1627,2.7041,3.6851,1.7784,1.7623,4.085,0.77315,2.453,2.8026,1.8461,2.117,4.4029,0.10176,2.7861,2.962,1.0569,1.9491,4.3194,0.9752,2.2954,3.066,1.5989,2.4047,4.5677,1.0017,2.0815,2.833,0.78337,2.0082,2.6977,1.6709,1.775,3.9462,0.8883,2.4456,2.8762,1.3343,1.5852,3.8401,2.7715,2.605,4.6203,1.0574,2.2035,3.6379,1.1676,2.7455,3.6799,1.997,1.9943,4.4744,1.0302,1.9601,4.2456,1.8932,1.6456,3.4382,1.705,2.4933,3.9791,2.224,2.542,4.8902,2.079,2.3601,3.6238,1.2142,3.0606,3.4602,1.4129,1.446,4.2491,0.69105,2.9831,3.6512,1.6427,1.7301,4.2399,0.78731,2.0012,2.7246,0.58041,2.2156,4.0255,2.6213,2.5996,4.5224,2.0117,2.1094,3.4481,1.3792,2.8942,3.5355,1.0862,2.2174,3.622,2.5369,2.0275,4.4756,1.5005,1.7357,4.4204,1.5987,2.5875,3.5708,2.0682,2.2883,4.0641,2.7082,2.3198,4.9732,0.44611,2.508,2.9356
0.13636,0.21587,0.0053926,235.34,255.41,202.28,0.0013482,0.0015497,0.0010161,209.53,226.25,225.72,217.02,209.97,187.04,238.94,225.55,260.63,221.6,251.84,265.16,204.44,226.38,219.73,272.87,218.81,244.4,209.93,184.92,320.72,229.85,195.79,238.75,200.97,269.07,252.65,310.54,172.23,257.96,217.66,218.47,154.85,233.14,254.82,329.6,248.77,197.12,285.26,336.62,297.38,191.83,230.14,183.01,267.79,255.0,287.66,278.26,324.8,275.84,267.57,259.63,325.69,323.88,318.76,263.56,298.71,231.74,211.89,361.78,315.91,320.97,336.94,195.14,265.41,235.82,211.12,195.72,291.88,224.69,259.97,244.1,280.35,295.98,235.02,231.84,264.3,287.85,321.93,277.49,225.79,292.14,265.38,255.81,313.45,176.0,252.48,249.27,264.87,268.59,296.03,286.1,230.74,283.6,223.29,268.7,254.92,333.67,248.11,252.32,305.65,320.32,358.14,248.44,299.52,363.24,382.82,295.9,235.09,293.47,350.14,253.04,274.25,275.97,253.42,327.79,274.45,314.7,351.45,321.47,260.82,319.82,307.32,265.78,282.34,277.4,394.18,237.42,378.37,379.73,359.53,268.19,356.52,232.16,262.03,487.53,269.85,288.05,321.8,297.73,283.46,256.04,304.28,360.17,255.38,310.27,332.85,229.04,277.01,333.94,236.23,262.12,328.96,249.22,162.01,266.02,341.06,302.78,342.12,384.97,216.87,265.43,197.85,200.44,238.81,281.56,214.84,303.71,258.75,220.49,257.36,235.84,268.64,175.72,271.29,256.09,252.45,232.33,225.15,306.3,214.94,293.46,367.05,251.42,266.1,246.64,316.33,269.66,236.0,291.31,325.76,261.94,276.0,275.64,290.15,298.71,258.77,399.56,229.76,247.43,249.49,265.72,247.83,266.12,263.23,312.7,256.17,235.51,264.69,291.7,253.71,196.37,210.35,251.7,317.47,239.64,228.05,287.11,232.68,257.76,263.28,246.15,253.93,278.23,275.7,207.66,271.78,212.94,275.02,223.97,239.65,190.35,267.41,269.63,174.97,272.73,224.18,178.55,257.59,190.7,226.14,262.22,192.77,239.31,251.55,199.79,248.25,248.99,231.42,189.8,245.37,212.17,236.18,233.12,168.56,277.75,280.36,211.47,174.67,207.19,275.08,240.68,240.96,228.89,151.74,162.26,203.86,245.59,237.58,221.72,225.46,213.42,192.23,173.14,184.27,231.66,213.85,249.21,221.54,0.00078637,0.0010629,0.0010676,0.0011398,0.00104,0.0009301,0.0012556,0.00096312,0.0013133,0.0010606,0.0013301,0.0014675,0.0010552,0.0012201,0.0010788,0.0016153,0.0012569,0.0013424,0.0013498,0.001129,0.0018585,0.0015074,0.0012242,0.0016027,0.0013798,0.001675,0.0014453,0.0018032,0.00129,0.0016968,0.0013288,0.0013312,0.0010758,0.0013143,0.0015521,0.0019519,0.0015257,0.0013312,0.0017441,0.0018716,0.001605,0.0011192,0.001515,0.001353,0.0016042,0.0016077,0.0017377,0.0015499,0.0018817,0.001639,0.0013164,0.0015793,0.00198,0.0017296,0.0018855,0.0016496,0.001737,0.0011911,0.0015003,0.0021653,0.002034,0.0018899,0.0019775,0.0014089,0.0018139,0.0015043,0.0013989,0.0015422,0.0018164,0.0014674,0.0017548,0.0016326,0.0016252,0.0018292,0.0015549,0.0015245,0.0015756,0.0017947,0.001995,0.0018378,0.0014998,0.0019935,0.0017892,0.0014797,0.0015943,0.0013641,0.0011804,0.0016986,0.0016229,0.0016829,0.0018235,0.0016473,0.001317,0.0018275,0.0012583,0.0017123,0.0016022,0.0020758,0.0015926,0.0016261,0.0015907,0.001906,0.0021661,0.0014948,0.001908,0.0016702,0.0021457,0.00187,0.0016432,0.0017232,0.0021317,0.0017254,0.0015597,0.0017028,0.0016647,0.0019858,0.0017346,0.0018894,0.0020008,0.0016452,0.0017079,0.0019672,0.0017237,0.0018686,0.001677,0.0013016,0.0023199,0.0016747,0.0017419,0.0022492,0.0022183,0.0017465,0.0020884,0.0015411,0.0017169,0.0022038,0.0018065,0.0016309,0.0019414,0.0017659,0.0017871,0.0016641,0.001653,0.0021288,0.0017842,0.0015481,0.001871,0.0012891,0.0014696,0.001786,0.0015305,0.0017416,0.0017963,0.0016306,0.0012393,0.0015049,0.0020294,0.0018945,0.0015433,0.0021045,0.0013837,0.0016566,0.0013996,0.0014614,0.0014419,0.0016933,0.0015307,0.0018494,0.0016779,0.0015387,0.0017015,0.0013713,0.0017203,0.0013644,0.0017163,0.0015994,0.0017669,0.0015515,0.0014389,0.001726,0.0014046,0.0017607,0.0021193,0.001642,0.0017058,0.0017291,0.0018587,0.001661,0.0015922,0.0016887,0.0017246,0.0017164,0.0017014,0.0017501,0.0020145,0.0018067,0.0016638,0.0012591,0.001611,0.0015482,0.0016436,0.0016994,0.0015951,0.001715,0.0015835,0.0021527,0.001569,0.0016267,0.0016284,0.001606,0.0015759,0.0013772,0.001439,0.0015174,0.0019136,0.0015748,0.0015209,0.001619,0.0014691,0.0016609,0.0016607,0.001539,0.0015519,0.0016271,0.0016894,0.0013948,0.001696,0.0014184,0.0016217,0.001507,0.0013705,0.0012769,0.0014876,0.001701,0.0012288,0.0016228,0.0013348,0.0013945,0.0015764,0.0012571,0.0014588,0.0015749,0.0013523,0.0014373,0.0014944,0.0011559,0.0014839,0.0014502,0.001461,0.0012551,0.0015421,0.0013182,0.0014738,0.0013506,0.00097138,0.0014724,0.0015674,0.0011806,0.0011847,0.0011436,0.0015162,0.0014755,0.0014412,0.0010403,0.00093511,0.00099484,0.0010174,0.0014689,0.0013949,0.0010302,0.0012618,0.0010387,0.0010296,0.00088085,0.00085575,0.001135,0.0011497,0.0013656,0.0012257,1074300.0,1105700.0,792270.0,4276700.0,2284500.0,1150800.0,5856800.0,1513400.0,1879800.0,3242500.0,2966100.0,734830.0,5652900.0,1298400.0,4052200.0,2459600.0,5070500.0,4091400.0,1340500.0,3371900.0,2502600.0,3347400.0,11704000.0,958350.0,6311800.0,749460.0,9101500.0,1591900.0,1841400.0,815570.0,3232100.0,1680500.0,5814300.0,23940000.0,2520900.0,2724900.0,4347000.0,1235900.0,1513400.0,1646200.0,2062700.0,1057700.0,2058300.0,1019200.0,7475600.0,2433400.0,1825600.0,1494000.0,2274900.0,15971000.0,952090.0,7278300.0,3995200.0,706940.0,3910700.0,1079100.0,2657700.0,17679000.0,32102000.0,2373200.0,1720700.0,1532600.0,2840700.0,1036400.0,1926200.0,3409900.0,803840.0,2871900.0,1940600.0,3915400.0,2755300.0,1446400.0,1119200.0,15048000.0,5077600.0,1340600.0,3613400.0,1673300.0,965090.0,2573300.0,3702600.0,1313000.0,893150.0,2116300.0,873820.0,1861100.0,2850800.0,4950200.0,4191200.0,2338500.0,5694300.0,1300700.0,9352900.0,4677300.0,1017700.0,1694700.0,903640.0,1769700.0,3509900.0,9918500.0,1730700.0,16523000.0,1417300.0,9919600.0,1633600.0,3256300.0,1272900.0,1628100.0,12535000.0,5115100.0,2157200.0,3869300.0,2389200.0,1225800.0,656170.0,3373000.0,11659000.0,2413800.0,1291100.0,778800.0,1922000.0,735100.0,1193700.0,2218700.0,8786700.0,4156700.0,2627900.0,3087700.0,2361300.0,1498700.0,773560.0,10411000.0,2404500.0,3548600.0,2073400.0,1371700.0,1031900.0,2014200.0,1052000.0,2853800.0,3921600.0,1159600.0,1477000.0,2103000.0,1521000.0,2210500.0,2422200.0,877170.0,6912100.0,1513500.0,9390500.0,6180200.0,809830.0,10291000.0,814480.0,1274500.0,19279000.0,683650.0,12167000.0,721740.0,5575100.0,3693400.0,3817200.0,2647300.0,5252900.0,4116200.0,4227600.0,964530.0,4135000.0,1638700.0,6369200.0,1506700.0,7610900.0,1080700.0,744550.0,4005200.0,2996600.0,1988300.0,8411500.0,2288700.0,948280.0,1205600.0,3671000.0,3568300.0,1940100.0,1475700.0,747540.0,6807100.0,5275200.0,2336700.0,637470.0,17726000.0,3323000.0,5257900.0,1142200.0,18258000.0,5431600.0,1100100.0,8580600.0,1353300.0,1434500.0,3992400.0,5297000.0,799330.0,1639500.0,973680.0,1778500.0,1568200.0,1456500.0,7851700.0,2342100.0,1425100.0,12280000.0,2793800.0,1238000.0,1263500.0,3260300.0,951930.0,4669600.0,1133200.0,1854600.0,8075300.0,4435100.0,696550.0,1421900.0,10018000.0,5258300.0,5069200.0,15394000.0,3001700.0,1931800.0,2342400.0,2994600.0,3189800.0,1882600.0,1749500.0,2275100.0,1499400.0,7215800.0,652060.0,3656200.0,8296200.0,8910100.0,1863600.0,5378600.0,4029700.0,5011000.0,864140.0,1139900.0,5361500.0,1551600.0,6587500.0,3485200.0,7122400.0,1970700.0,1638700.0,1591200.0,1087700.0,1106100.0,2208100.0,945990.0,5091800.0,3371700.0,4404800.0,3356800.0,2894200.0,2745600.0,15584000.0,14989000.0,6042000.0,4601000.0,2807600.0,6148400.0,3762100.0,1781300.0,2740300.0,1353800.0,4824200.0,3044800.0,1.5353,1.8538,4.1669,2.2352,2.4757,3.6654,1.2768,2.235,4.2239,1.2088,1.9885,4.2193,2.4775,2.6639,4.3173,0.78291,2.0636,4.2193,1.6381,2.5179,3.8817,3.0717,2.8447,5.8631,1.1994,2.0223,4.2053,1.7207,1.7173,4.2458,1.2844,2.2627,4.263,0.75861,2.0404,4.2103,2.9178,2.8426,4.6302,5.6039,2.7573,1.3959,1.2446,2.8261,3.6237,0.86736,2.1589,3.0035,2.5516,2.1363,4.5288,1.4639,1.6801,3.8954,0.69842,2.6548,3.8819,1.9211,1.8189,3.5162,1.1738,2.3969,3.2038,0.34866,2.2901,3.5146,1.8333,1.6397,3.401,2.0513,2.7129,4.2554,1.8716,1.6426,3.3747,1.5966,1.6445,3.9591,0.34619,2.1764,3.1422,2.0825,2.4199,4.4911,1.4897,1.6962,3.2544,0.88307,1.9305,2.7591,3.1894,2.8398,5.9754,1.9449,1.8035,3.5025,0.9028,2.7211,2.905,1.7181,2.5923,4.0028,0.70784,1.8982,2.7526,1.0975,2.421,3.122,1.927,1.9269,4.494,1.786,1.6556,3.8915,0.58889,2.1669,3.8561,1.3247,2.527,3.8572,0.9885,2.1316,3.2041,2.5879,2.3447,4.3509,2.0186,2.2031,4.7219,1.5198,1.6549,3.9242,1.8852,1.9804,4.4847,1.4798,2.1944,3.2435,0.81887,2.2098,3.0643,2.4469,2.4464,4.3663,1.9813,2.5372,4.8453,1.9296,2.615,4.8222,2.5708,2.3373,4.334,1.2747,2.5152,3.8911,1.7943,2.3031,4.3698,2.4099,3.0008,4.2846,0.61362,2.4093,2.6064,1.4256,2.0263,4.5996,1.937,3.0256,3.8161,0.28149,2.3807,3.3735,1.6915,1.6186,4.0795,0.79384,2.1706,3.0598,2.2619,2.3031,4.6964,0.58541,2.4451,3.1004,0.82907,2.2235,3.174,0.026,2.8963,1.7738,2.0096,2.1549,4.6204,2.5282,2.3898,4.2812,2.3399,2.3061,5.1438,1.9805,2.6915,4.1651,1.1227,1.8387,4.0154,4.5397,2.8427,0.64739,0.78523,2.1831,2.9871,1.4484,2.1222,4.2796,1.1581,2.1963,3.5413,2.0826,2.6634,4.3436,1.6261,1.5832,4.1463,1.1746,2.5336,3.0986,0.75117,2.472,3.7415,2.1926,1.8423,3.687,1.4359,2.5226,3.4789,1.3973,2.6005,3.5364,1.4437,1.639,4.2772,1.9567,2.6881,4.4804,2.0413,2.6947,4.6098,3.3563,2.8255,6.1203,1.7035,1.6255,4.1935,1.8362,1.9522,3.4028,2.4188,2.9664,5.3207,1.1941,2.5702,3.0548,2.6863,2.4094,5.0128,0.96997,2.6663,4.1771,1.4534,2.494,3.5328,0.95761,1.9283,4.1138,1.7675,1.6213,4.066,1.904,1.9267,3.3938,6.0235,2.9029,2.862,2.9176,2.236,4.6572,1.4584,1.9481,4.3339,1.1327,2.5816,3.3494,1.4352,2.4612,3.3883,1.7087,1.9085,3.6702,2.0041,2.4477,4.0593,1.0923,2.3529,3.2363,2.4668,1.9291,5.2784,1.0218,2.6269,3.2814,1.4057,2.5255,3.352,0.2293,3.0361,3.2016,0.66187,1.8789,2.8076,1.6515,1.9768,4.5522,1.4882,1.8297,4.1959,5.2643,2.823,1.6254,0.85502,2.2021,2.9127,0.91492,2.6912,4.1578,2.3537,2.4745,3.6664,2.8788,2.3065,4.9615,3.0158,2.6046,4.5844,2.0465,2.4088,4.5746,2.2087,2.1916,4.1768,0.72084,2.1818,3.3364,0.55884,2.4203,3.0374,0.56702,2.2148,3.8709,2.4989,2.4481,4.5781,0.74888,2.4202,2.9296,1.3025,1.5642,4.3642,1.6058,1.9532,3.499,0.29286,2.658,2.1493,3.4272,2.9369,0.27282,0.87514,2.2876,3.0605,1.6291,1.6678,4.1379,1.6488,1.8791,3.2428,0.77293,2.369,2.8678,2.2008,2.3035,4.9444,1.2828,2.5706,3.1819,1.2333,2.1884,3.6087,0.39854,2.0665,3.2952,1.7094,1.9251,3.4357,2.6001,2.0626,4.0905,2.0582,2.1436,4.9614,1.373,1.7132,3.8436,0.76406,2.0124,2.7872,2.079,2.1355,5.048,2.1806,2.2724,4.5427,1.5096,2.4186,3.9982,4.114,2.9215,0.037034,1.8571,2.4724,4.0078,0.67142,1.9835,4.1449,1.2194,2.6233,4.2475,3.3731,2.8083,6.0931,1.7113,1.567,3.2784,0.24832,2.365,3.3943,4.9438,2.9961,0.78979,0.43639,2.8126,3.2758,1.1811,2.5356,3.0528,2.2487,2.1794,4.9965,1.6188,2.0694,4.4276,1.6488,1.624,3.3769,1.7455,2.9385,3.331,0.72734,2.3544,2.8923,0.82399,2.402,3.0067,0.24446,2.6578,3.3527,1.9131,2.4255,4.2651,0.6263,2.4232,2.7868,1.0133,2.3119,3.6026,1.2973,1.7718,4.3164,0.23801,2.3441,3.4532,1.6865,1.5889,3.2795,0.77745,2.3384,2.8442,2.9664,2.861,6.0195,1.776,2.5352,3.9808,2.0312,2.2219,4.6065,2.2793,2.6771,5.1179,1.6489,1.959,3.8243,1.3981,1.7884,3.7399,2.2894,2.142,4.9943,1.4968,2.585,3.9621,0.51155,3.0201,2.1972,4.4911,2.9173,0.27686,1.3357,2.8194,4.2206,1.8926,1.968,3.8943,1.2041,2.6672,2.7899,0.17261,2.7913,2.8632,1.0578,2.9121,4.1918,0.49274,2.4619,2.5961,0.83987,2.0489,2.8572,0.5336,2.4777,3.4038,1.7479,2.2134,4.3185,1.1299,2.8041,4.2613,0.67852,2.0283,2.9964,2.0869,1.8431,3.7349,1.384,1.8742,3.6995,2.3236,2.632,4.8089,1.4967,1.5717,4.1963,1.2968,2.1408,3.2215,0.71542,2.0662,3.0228,0.71947,2.2954,2.6351,1.7811,2.3747,4.1767,2.2728,2.6103,4.9222,0.60345,2.0548,2.9747,1.7192,1.7604,3.2991,0.83154,2.9924,2.5972,0.54812,2.5198,2.5941,3.2063,2.7317,6.1448,6.2108,2.8683,2.6181,4.2157,2.9131,6.2013,2.3931,2.3,3.7372,1.4328,3.0608,4.3788,1.2651,2.4338,3.4847,0.09354,3.1036,3.0121,2.3755,2.1978,3.7596,1.3019,1.8462,3.6977,2.4057,2.3274,4.6145,2.6092,2.6935,4.1926,1.2637,2.7114,4.3318,1.728,1.9453,3.8369,1.1855,2.7594,3.7366,2.3571,2.3712,4.9571,1.4472,2.6232,3.3529,2.1682,2.2662,4.0748,0.82334,1.9664,3.3879,2.4238,2.3485,3.7986,2.3524,2.3625,3.7346,2.2695,1.9819,5.0332,2.6413,2.2891,4.8227,2.3879,2.2394,3.7969,1.4273,1.606,3.9024,2.3701,2.6186,4.9343,1.7814,1.9475,3.8713,0.81474,2.1254,4.1037,1.5961,1.8402,4.3227,2.3361,2.5965,4.9511,1.4519,2.3964,3.257,5.8608,2.8369,2.1365,1.8637,1.7592,3.5211,1.96,2.9431,4.2165,2.0907,1.9806,4.8259,1.161,2.6116,4.3466,1.9732,2.152,4.9264,1.6472,1.7869,3.9415,1.6235,2.0049,3.3494,1.1279,2.7333,3.6948,1.0164,2.8466,3.8299,1.5322,2.479,3.9032,1.1629,2.7032,3.6851,1.7779,1.7619,4.0848,0.7721,2.4529,2.8029,1.8457,2.1175,4.4032,0.10189,2.786,2.9632,1.0565,1.949,4.32,0.97543,2.295,3.0665,1.5985,2.4048,4.5676,1.0019,2.0815,2.833,0.78382,2.0083,2.6974,1.6715,1.7746,3.9459,0.88786,2.4455,2.8773,1.3338,1.5851,3.8401,2.7715,2.6051,4.6201,1.0571,2.2043,3.638,1.1679,2.7449,3.6801,1.9973,1.9944,4.4744,1.0296,1.9601,4.2455,1.8936,1.6456,3.4381,1.7055,2.4935,3.9789,2.2249,2.5418,4.8898,2.0785,2.3599,3.6231,1.2142,3.0605,3.4603,1.4125,1.4459,4.2492,0.69166,2.9829,3.6514,1.6429,1.7299,4.2399,0.78775,2.0011,2.7244,0.57955,2.2158,4.0262,2.6206,2.5996,4.5224,2.0119,2.1092,3.4482,1.3791,2.8939,3.5354,1.0862,2.2177,3.6218,2.5369,2.0278,4.4757,1.5006,1.7357,4.4203,1.5986,2.5875,3.5707,2.0683,2.2883,4.0641,2.7083,2.3193,4.973,0.44615,2.5078,2.9355
0.13853,0.21931,0.0054649,235.8,256.26,202.1,0.0013505,0.0015539,0.0010154,209.36,226.14,226.05,216.89,210.39,186.32,239.1,225.48,260.76,221.77,252.55,266.01,204.29,226.97,219.76,273.63,218.9,244.78,210.69,184.55,321.38,230.42,196.02,239.14,201.36,269.38,253.41,311.49,172.4,258.64,218.18,219.24,154.34,233.63,255.38,330.78,249.16,197.28,286.56,338.02,297.72,192.1,230.81,182.97,268.72,255.97,288.95,279.98,326.55,276.62,268.51,260.75,328.17,326.24,321.18,264.47,301.01,233.3,211.74,364.68,318.72,323.03,335.64,195.96,267.24,235.87,212.39,195.17,292.17,225.24,259.5,245.8,282.87,297.75,235.89,233.68,266.37,290.15,323.59,278.56,225.06,293.0,267.37,258.8,314.9,177.43,254.85,252.43,267.87,270.25,297.41,288.52,232.17,285.67,225.43,270.29,256.29,333.58,242.18,253.39,309.3,322.32,361.0,248.11,299.58,367.76,385.13,299.28,236.01,293.75,353.55,255.15,268.89,277.19,254.78,329.76,276.23,316.83,352.83,322.71,265.46,323.13,309.39,266.54,284.68,280.99,398.17,238.14,382.64,383.77,361.0,269.55,360.35,229.46,263.66,493.51,272.69,289.09,323.18,300.12,285.47,256.05,305.59,361.69,256.1,314.96,333.54,230.8,280.18,339.35,237.13,262.93,331.33,249.28,161.75,267.51,342.51,303.64,347.08,385.87,217.02,266.27,198.2,202.24,239.98,282.1,215.42,304.4,260.25,221.12,258.01,236.6,269.66,176.73,271.95,256.55,252.85,232.59,225.48,307.23,215.42,294.72,367.5,251.89,266.84,246.76,316.95,270.46,235.98,292.2,326.44,262.58,276.93,276.52,291.23,299.8,259.47,404.78,230.09,247.95,249.95,265.83,248.31,267.02,263.98,313.92,256.61,236.15,264.74,292.73,254.36,196.67,210.82,252.3,318.51,240.53,228.19,287.19,233.35,258.7,263.8,246.4,254.42,278.55,276.28,208.14,272.66,213.46,275.92,224.09,239.63,190.54,267.73,269.95,175.13,273.15,224.34,178.68,257.9,190.78,226.26,262.76,192.78,239.8,252.11,199.93,248.72,249.16,231.48,189.66,245.48,212.24,236.73,233.42,168.44,278.3,280.79,211.41,174.6,207.16,275.14,240.82,241.38,229.21,151.78,162.09,203.71,245.6,238.11,221.92,225.61,213.41,192.14,173.07,184.12,231.48,213.54,249.31,221.3,0.00078493,0.0010615,0.0010679,0.0011394,0.0010415,0.00092479,0.0012563,0.00096255,0.0013148,0.0010613,0.0013338,0.001472,0.0010529,0.0012232,0.0010789,0.0016201,0.0012581,0.0013456,0.0013542,0.0011268,0.0018632,0.0015113,0.001226,0.0016062,0.0013822,0.0016811,0.0014502,0.0018082,0.0012923,0.0017007,0.0013331,0.0013349,0.0010728,0.0013162,0.0015556,0.0019606,0.0015304,0.0013303,0.001752,0.0018823,0.0016091,0.0011189,0.0015198,0.0013564,0.0016114,0.0016136,0.0017467,0.0015598,0.0018942,0.0016446,0.001321,0.0015861,0.0019955,0.0017423,0.0019,0.0016579,0.0017505,0.0011894,0.0014999,0.0021832,0.0020484,0.001903,0.0019773,0.0014096,0.0018265,0.0015078,0.0013974,0.001535,0.0018229,0.0014675,0.001754,0.0016442,0.0016377,0.0018404,0.0015529,0.0015334,0.0015862,0.0018068,0.0020065,0.0018427,0.0014869,0.0020012,0.0017995,0.0014894,0.001584,0.0013724,0.0011837,0.0017127,0.0016348,0.0016936,0.0018329,0.0016642,0.0013085,0.0018385,0.0012563,0.0017215,0.0016099,0.0020779,0.001552,0.0016334,0.0016095,0.0019167,0.0021778,0.0014928,0.0019157,0.0016942,0.002159,0.0018862,0.0016486,0.0017266,0.0021486,0.001736,0.0015004,0.0017105,0.0016738,0.001997,0.0017417,0.001897,0.0020032,0.0016507,0.0017255,0.0019811,0.0017196,0.0018731,0.0016867,0.0013154,0.0023377,0.001679,0.001763,0.0022682,0.0022271,0.0017519,0.0021016,0.0015226,0.001726,0.0022355,0.0018161,0.0016274,0.0019486,0.0017723,0.0017958,0.0016644,0.0016607,0.0021403,0.0017882,0.0015652,0.0018794,0.0012873,0.0014786,0.0018084,0.0015364,0.0017477,0.0018071,0.0016341,0.0012381,0.0015137,0.0020401,0.0018997,0.001566,0.0021034,0.0013847,0.0016618,0.0014024,0.0014701,0.0014463,0.0016964,0.0015353,0.001854,0.0016856,0.0015427,0.0017063,0.0013769,0.0017262,0.0013681,0.0017217,0.0016023,0.0017686,0.0015512,0.0014405,0.0017319,0.0014072,0.0017673,0.0021228,0.0016439,0.001711,0.0017301,0.001865,0.0016657,0.0015937,0.0016941,0.0017279,0.0017215,0.0017082,0.0017548,0.0020197,0.0018127,0.0016691,0.0012788,0.0016126,0.0015517,0.0016463,0.001702,0.0015988,0.0017201,0.0015884,0.0021589,0.0015705,0.0016312,0.0016289,0.0016112,0.0015803,0.0013785,0.0014422,0.0015212,0.0019195,0.0015786,0.0015226,0.0016193,0.0014726,0.0016656,0.0016649,0.0015408,0.0015553,0.0016309,0.0016931,0.0013983,0.0017005,0.001422,0.0016272,0.0015069,0.0013704,0.0012776,0.001489,0.001704,0.0012299,0.0016256,0.0013352,0.0013966,0.0015788,0.0012575,0.0014595,0.0015786,0.0013536,0.0014395,0.0014973,0.0011572,0.0014871,0.0014507,0.0014614,0.0012541,0.0015428,0.0013185,0.0014769,0.0013522,0.00097031,0.0014758,0.0015705,0.00118,0.0011846,0.0011429,0.001516,0.0014759,0.0014435,0.0010413,0.00093549,0.00099307,0.0010158,0.0014689,0.0013976,0.0010308,0.0012623,0.0010383,0.0010288,0.0008799,0.0008542,0.0011335,0.0011476,0.0013654,0.0012241,1074300.0,1105700.0,792270.0,4276700.0,2284500.0,1150800.0,5856800.0,1513400.0,1879800.0,3242500.0,2966100.0,734830.0,5652900.0,1298400.0,4052200.0,2459600.0,5070500.0,4091400.0,1340500.0,3371900.0,2502600.0,3347400.0,11704000.0,958350.0,6311800.0,749460.0,9101500.0,1591900.0,1841400.0,815570.0,3232100.0,1680500.0,5814300.0,23940000.0,2520900.0,2724900.0,4347000.0,1235900.0,1513400.0,1646200.0,2062700.0,1057700.0,2058300.0,1019200.0,7475600.0,2433400.0,1825600.0,1494000.0,2274900.0,15971000.0,952090.0,7278300.0,3995200.0,706940.0,3910700.0,1079100.0,2657700.0,17679000.0,32102000.0,2373200.0,1720700.0,1532600.0,2840700.0,1036400.0,1926200.0,3409900.0,803840.0,2871900.0,1940600.0,3915400.0,2755300.0,1446400.0,1119200.0,15048000.0,5077600.0,1340600.0,3613400.0,1673300.0,965090.0,2573300.0,3702600.0,1313000.0,893150.0,2116300.0,873820.0,1861100.0,2850800.0,4950200.0,4191200.0,2338500.0,5694300.0,1300700.0,9352900.0,4677300.0,1017700.0,1694700.0,903640.0,1769700.0,3509900.0,9918500.0,1730700.0,16523000.0,1417300.0,9919600.0,1633600.0,3256300.0,1272900.0,1628100.0,12535000.0,5115100.0,2157200.0,3869300.0,2389200.0,1225800.0,656170.0,3373000.0,11659000.0,2413800.0,1291100.0,778800.0,1922000.0,735100.0,1193700.0,2218700.0,8786700.0,4156700.0,2627900.0,3087700.0,2361300.0,1498700.0,773560.0,10411000.0,2404500.0,3548600.0,2073400.0,1371700.0,1031900.0,2014200.0,1052000.0,2853800.0,3921600.0,1159600.0,1477000.0,2103000.0,1521000.0,2210500.0,2422200.0,877170.0,6912100.0,1513500.0,9390500.0,6180200.0,809830.0,10291000.0,814480.0,1274500.0,19279000.0,683650.0,12167000.0,721740.0,5575100.0,3693400.0,3817200.0,2647300.0,5252900.0,4116200.0,4227600.0,964530.0,4135000.0,1638700.0,6369200.0,1506700.0,7610900.0,1080700.0,744550.0,4005200.0,2996600.0,1988300.0,8411500.0,2288700.0,948280.0,1205600.0,3671000.0,3568300.0,1940100.0,1475700.0,747540.0,6807100.0,5275200.0,2336700.0,637470.0,17726000.0,3323000.0,5257900.0,1142200.0,18258000.0,5431600.0,1100100.0,8580600.0,1353300.0,1434500.0,3992400.0,5297000.0,799330.0,1639500.0,973680.0,1778500.0,1568200.0,1456500.0,7851700.0,2342100.0,1425100.0,12280000.0,2793800.0,1238000.0,1263500.0,3260300.0,951930.0,4669600.0,1133200.0,1854600.0,8075300.0,4435100.0,696550.0,1421900.0,10018000.0,5258300.0,5069200.0,15394000.0,3001700.0,1931800.0,2342400.0,2994600.0,3189800.0,1882600.0,1749500.0,2275100.0,1499400.0,7215800.0,652060.0,3656200.0,8296200.0,8910100.0,1863600.0,5378600.0,4029700.0,5011000.0,864140.0,1139900.0,5361500.0,1551600.0,6587500.0,3485200.0,7122400.0,1970700.0,1638700.0,1591200.0,1087700.0,1106100.0,2208100.0,945990.0,5091800.0,3371700.0,4404800.0,3356800.0,2894200.0,2745600.0,15584000.0,14989000.0,6042000.0,4601000.0,2807600.0,6148400.0,3762100.0,1781300.0,2740300.0,1353800.0,4824200.0,3044800.0,1.5356,1.854,4.1668,2.2355,2.4758,3.6654,1.2768,2.2352,4.2239,1.2085,1.9884,4.219,2.4771,2.6639,4.3176,0.78178,2.0637,4.2194,1.6399,2.5184,3.8815,3.0724,2.8447,5.8633,1.1989,2.0226,4.2048,1.7201,1.7172,4.2457,1.2847,2.2634,4.2638,0.75689,2.04,4.2103,2.9175,2.8426,4.6316,5.6019,2.7569,1.3947,1.2451,2.8257,3.624,0.86578,2.159,3.0032,2.5529,2.138,4.5304,1.4639,1.68,3.8953,0.69975,2.6563,3.8823,1.9198,1.8198,3.517,1.1752,2.3963,3.2057,0.34974,2.2901,3.5134,1.8342,1.6391,3.4014,2.0513,2.711,4.2538,1.873,1.6423,3.3745,1.5987,1.6439,3.9599,0.3456,2.1771,3.1412,2.0837,2.4208,4.4929,1.4901,1.6965,3.2553,0.88412,1.9313,2.7589,3.1919,2.8397,5.9773,1.9444,1.8044,3.5033,0.90146,2.7214,2.9055,1.7167,2.5926,4.0029,0.70929,1.8983,2.7521,1.0979,2.4206,3.1229,1.9275,1.9267,4.4939,1.7873,1.6553,3.8916,0.59049,2.1659,3.8585,1.3275,2.5284,3.8593,0.98814,2.1328,3.2026,2.5895,2.346,4.3524,2.0182,2.2037,4.7226,1.5206,1.6543,3.9244,1.8851,1.9817,4.4845,1.4805,2.1949,3.2428,0.81839,2.2115,3.0619,2.4464,2.4478,4.3666,1.9819,2.5359,4.8443,1.9295,2.6153,4.8211,2.5718,2.3385,4.3354,1.2744,2.5154,3.89,1.796,2.3042,4.3711,2.4133,2.9998,4.2874,0.6154,2.4079,2.6092,1.4236,2.0259,4.5998,1.9334,3.0246,3.812,0.28055,2.3807,3.3731,1.6915,1.6185,4.0795,0.79466,2.1728,3.0596,2.262,2.3032,4.6972,0.58432,2.4427,3.1018,0.82543,2.2251,3.1721,0.024439,2.8963,1.7723,2.0095,2.1575,4.6216,2.5278,2.3917,4.2822,2.3372,2.3064,5.1437,1.9775,2.6895,4.1633,1.1226,1.8381,4.0169,4.5383,2.841,0.65012,0.78356,2.1836,2.9861,1.4491,2.1228,4.2802,1.1586,2.198,3.542,2.0791,2.6616,4.3402,1.6254,1.583,4.1463,1.175,2.5331,3.1001,0.75096,2.4733,3.7413,2.1947,1.8412,3.6867,1.4337,2.5238,3.4789,1.3938,2.6007,3.5351,1.4405,1.6387,4.2769,1.9549,2.686,4.4788,2.0406,2.6927,4.61,3.3568,2.8256,6.122,1.7046,1.6254,4.1937,1.838,1.9512,3.4024,2.4223,2.9661,5.324,1.1945,2.5709,3.0545,2.6865,2.4085,5.0129,0.9702,2.6674,4.179,1.4514,2.4945,3.5335,0.95641,1.9286,4.1154,1.7687,1.6213,4.0655,1.9074,1.9267,3.3936,6.0222,2.9027,2.8612,2.9191,2.2355,4.6581,1.4603,1.9474,4.3361,1.1313,2.5804,3.3494,1.4341,2.4617,3.3884,1.7076,1.9071,3.6697,2.0059,2.4485,4.0607,1.0919,2.3539,3.2368,2.468,1.9274,5.2803,1.0191,2.6258,3.2808,1.404,2.5272,3.3511,0.23077,3.0368,3.202,0.66119,1.8805,2.8056,1.6513,1.9752,4.5545,1.489,1.8287,4.1967,5.2611,2.8209,1.6229,0.856,2.203,2.9142,0.91523,2.6925,4.16,2.3565,2.472,3.6668,2.8824,2.3056,4.9621,3.0187,2.6038,4.5856,2.0468,2.4078,4.5757,2.206,2.1929,4.1762,0.7196,2.1849,3.3358,0.56277,2.42,3.0383,0.56751,2.2162,3.8721,2.4992,2.4472,4.5801,0.74719,2.4209,2.9282,1.3027,1.5641,4.3649,1.6044,1.9521,3.5002,0.29667,2.6579,2.1513,3.4268,2.9365,0.27369,0.8749,2.2861,3.0616,1.6287,1.668,4.1389,1.6501,1.8804,3.2444,0.77312,2.368,2.8679,2.2017,2.3024,4.9442,1.2853,2.5712,3.1837,1.2358,2.1899,3.6111,0.39472,2.068,3.2956,1.7097,1.9237,3.4357,2.602,2.0614,4.0915,2.0577,2.1438,4.9612,1.3738,1.7121,3.8438,0.76461,2.0134,2.7882,2.0785,2.1349,5.0493,2.1794,2.2734,4.5435,1.509,2.4203,3.999,4.1108,2.9193,0.033335,1.8555,2.4738,4.0075,0.66915,1.9837,4.1457,1.2194,2.6232,4.2474,3.369,2.8073,6.092,1.712,1.5665,3.2785,0.24955,2.3659,3.3952,4.9398,2.9966,0.78464,0.43582,2.813,3.2777,1.1799,2.536,3.0543,2.25,2.1803,4.9975,1.6211,2.0686,4.4287,1.65,1.6238,3.3779,1.7518,2.9389,3.3339,0.72962,2.3531,2.894,0.82284,2.4008,3.007,0.24427,2.6582,3.3526,1.9172,2.4274,4.2664,0.62892,2.4226,2.7877,1.0131,2.314,3.6018,1.2967,1.7714,4.3168,0.23767,2.3447,3.4543,1.6877,1.5891,3.2795,0.78118,2.3369,2.8454,2.965,2.8608,6.0203,1.7726,2.5342,3.9799,2.0317,2.2227,4.6067,2.2752,2.676,5.1158,1.6464,1.9589,3.8236,1.3994,1.7877,3.7406,2.2905,2.1421,4.9941,1.4972,2.5843,3.9611,0.5084,3.0192,2.192,4.4895,2.9163,0.27625,1.3368,2.8209,4.2189,1.8919,1.9686,3.8943,1.2028,2.6678,2.7882,0.16935,2.7911,2.8617,1.0587,2.9124,4.1919,0.49209,2.4609,2.5966,0.84139,2.0506,2.856,0.53394,2.4784,3.404,1.7506,2.2142,4.3195,1.1275,2.8052,4.2595,0.67959,2.0294,2.9944,2.0885,1.8427,3.7337,1.3862,1.8747,3.7003,2.3211,2.6304,4.8058,1.4986,1.572,4.1964,1.2958,2.1407,3.2221,0.71659,2.0677,3.0217,0.72108,2.2938,2.6354,1.7822,2.3755,4.1772,2.2711,2.6089,4.9216,0.60313,2.0558,2.9728,1.7208,1.7624,3.2985,0.83375,2.9919,2.5979,0.5477,2.52,2.594,3.2089,2.7313,6.1477,6.212,2.8684,2.6203,4.2116,2.9119,6.1966,2.3938,2.2981,3.7368,1.4363,3.0606,4.3848,1.2636,2.435,3.4846,0.083313,3.1039,3.0041,2.3756,2.1971,3.7588,1.3026,1.8461,3.6983,2.4052,2.3275,4.6154,2.6092,2.6948,4.1952,1.2635,2.7115,4.3313,1.7259,1.945,3.8359,1.1864,2.7589,3.7378,2.356,2.3697,4.9555,1.4449,2.6225,3.3537,2.1678,2.2676,4.0743,0.82305,1.9669,3.3881,2.4241,2.3473,3.799,2.3522,2.3617,3.7343,2.2709,1.9831,5.0351,2.6405,2.2892,4.823,2.3884,2.2395,3.7967,1.428,1.6062,3.9033,2.3686,2.6172,4.9334,1.7799,1.9474,3.8707,0.81494,2.125,4.105,1.5957,1.8404,4.3235,2.3348,2.5947,4.9509,1.4517,2.3965,3.2568,5.8598,2.8361,2.1356,1.8637,1.7588,3.5214,1.959,2.9416,4.2145,2.0919,1.9811,4.8266,1.162,2.6122,4.3476,1.9748,2.1522,4.9273,1.6476,1.7866,3.9411,1.6239,2.0047,3.3486,1.1292,2.7329,3.6962,1.0176,2.8467,3.8299,1.5339,2.4797,3.9039,1.1631,2.702,3.6851,1.7771,1.7612,4.0847,0.77052,2.4527,2.8033,1.8451,2.1183,4.4036,0.10207,2.7858,2.965,1.056,1.949,4.3207,0.97576,2.2944,3.0672,1.5979,2.4049,4.5673,1.0021,2.0814,2.8329,0.78449,2.0083,2.6969,1.6723,1.7741,3.9456,0.88718,2.4452,2.8788,1.333,1.585,3.8401,2.7715,2.6054,4.6199,1.0567,2.2055,3.638,1.1684,2.7441,3.6804,1.9976,1.9945,4.4744,1.0287,1.9601,4.2453,1.8943,1.6456,3.4379,1.7063,2.4937,3.9786,2.2262,2.5415,4.8892,2.0776,2.3596,3.622,1.214,3.0603,3.4605,1.412,1.4458,4.2495,0.69255,2.9827,3.6517,1.6432,1.7296,4.24,0.7884,2.0011,2.7242,0.57825,2.2161,4.0272,2.6197,2.5996,4.5224,2.0122,2.109,3.4484,1.3789,2.8934,3.5353,1.0863,2.2182,3.6216,2.537,2.0283,4.4758,1.5008,1.7357,4.4203,1.5984,2.5874,3.5705,2.0684,2.2884,4.064,2.7084,2.3186,4.9725,0.44621,2.5075,2.9352
0.14068,0.22273,0.0055359,236.23,257.09,201.89,0.0013526,0.0015578,0.0010146,209.1,225.95,226.39,216.67,210.81,185.75,239.17,225.34,260.8,221.89,253.24,266.84,204.28,227.59,219.72,274.48,218.86,245.12,211.49,184.29,321.94,230.87,196.16,239.41,201.68,269.53,254.19,312.51,172.63,259.13,218.56,220.07,153.92,234.09,255.83,331.85,249.38,197.31,287.89,339.38,298.08,192.36,231.41,182.73,269.66,257.07,290.16,281.72,328.41,277.41,269.44,261.97,330.76,328.58,323.85,265.61,303.46,234.76,211.31,367.85,321.77,325.06,334.14,196.84,269.32,236.03,213.53,193.64,292.52,225.64,259.05,247.84,285.72,299.59,236.76,235.78,268.81,292.61,325.3,279.72,224.26,293.7,269.46,262.4,316.26,179.02,257.41,256.18,271.07,271.86,298.79,290.69,233.65,288.28,228.09,272.02,257.81,333.29,233.66,254.37,313.28,324.4,363.63,247.65,299.17,372.43,387.48,302.76,236.85,293.63,357.23,257.34,263.29,278.38,256.28,331.72,278.14,318.98,354.24,323.99,269.34,326.44,311.31,267.0,286.97,284.8,402.32,238.51,387.04,388.01,362.3,270.95,364.27,226.75,265.17,499.46,275.7,290.43,324.35,302.51,287.52,256.03,306.71,363.08,256.68,320.17,333.84,232.81,283.44,344.68,237.89,263.66,333.35,249.3,161.41,269.02,343.9,304.49,352.36,386.7,217.14,267.06,198.49,203.86,241.1,282.64,215.95,305.03,261.62,221.72,258.61,237.19,270.62,177.64,272.54,256.97,253.24,232.91,225.82,307.9,215.79,295.9,367.89,252.31,267.51,247.03,317.44,271.28,235.94,292.93,327.0,263.13,277.78,277.39,292.32,300.85,260.1,409.87,230.36,248.38,250.45,265.93,248.73,267.86,264.68,315.22,257.02,236.76,264.74,293.67,254.99,196.94,211.26,252.81,319.52,241.41,228.34,287.17,233.98,259.59,264.27,246.61,254.86,278.81,276.73,208.61,273.56,213.94,276.76,224.15,239.57,190.74,267.99,270.26,175.27,273.49,224.46,178.83,258.14,190.88,226.39,263.25,192.79,240.26,252.58,200.0,249.17,249.3,231.53,189.52,245.55,212.26,237.22,233.7,168.28,278.73,281.17,211.33,174.51,207.1,275.14,240.98,241.74,229.43,151.78,161.89,203.52,245.56,238.64,222.06,225.75,213.38,192.05,172.99,183.95,231.25,213.18,249.37,221.05,0.0007829,0.0010594,0.0010684,0.0011386,0.001043,0.00092013,0.0012565,0.00096151,0.0013158,0.001062,0.0013375,0.0014765,0.0010514,0.0012265,0.0010789,0.0016253,0.0012587,0.0013486,0.0013589,0.0011253,0.0018671,0.0015143,0.0012272,0.0016091,0.0013841,0.0016866,0.0014554,0.0018135,0.0012949,0.0017036,0.0013367,0.0013389,0.0010705,0.0013182,0.0015582,0.0019689,0.0015342,0.0013282,0.0017603,0.0018935,0.0016136,0.0011184,0.0015226,0.0013587,0.0016191,0.0016204,0.0017556,0.0015701,0.0019078,0.0016503,0.0013253,0.0015933,0.0020117,0.0017551,0.0019158,0.0016669,0.0017648,0.0011872,0.0014977,0.0022028,0.0020635,0.0019157,0.0019754,0.0014105,0.0018407,0.0015118,0.0013946,0.0015216,0.0018296,0.0014676,0.0017528,0.0016581,0.0016518,0.0018518,0.0015491,0.0015432,0.0015981,0.0018197,0.0020178,0.0018482,0.0014731,0.0020084,0.0018106,0.0015009,0.00157,0.0013815,0.0011881,0.0017292,0.0016475,0.0017043,0.0018424,0.0016802,0.0012991,0.0018523,0.0012563,0.0017312,0.0016182,0.0020791,0.0014927,0.0016402,0.0016302,0.0019276,0.002189,0.00149,0.0019219,0.0017193,0.002173,0.0019035,0.0016531,0.0017282,0.0021667,0.0017468,0.0014411,0.001719,0.0016839,0.0020084,0.0017497,0.0019052,0.0020065,0.0016561,0.0017382,0.001995,0.0017123,0.0018755,0.0016969,0.0013299,0.0023554,0.0016808,0.001785,0.0022877,0.0022345,0.0017576,0.0021157,0.0015012,0.0017344,0.0022684,0.0018261,0.0016249,0.0019545,0.0017786,0.0018048,0.0016644,0.0016677,0.002151,0.0017915,0.0015852,0.001886,0.0012862,0.0014883,0.0018322,0.0015414,0.0017532,0.0018161,0.001637,0.0012363,0.0015238,0.0020505,0.0019044,0.0015904,0.0021012,0.0013856,0.0016668,0.0014047,0.001478,0.0014504,0.0016997,0.0015394,0.0018586,0.0016929,0.0015466,0.0017109,0.001382,0.001732,0.0013716,0.0017268,0.0016051,0.0017702,0.0015512,0.0014419,0.0017366,0.0014094,0.0017737,0.0021264,0.0016455,0.001716,0.0017316,0.0018713,0.0016707,0.0015951,0.001699,0.0017301,0.0017262,0.0017147,0.0017596,0.0020247,0.0018186,0.001674,0.0012971,0.0016138,0.0015541,0.0016487,0.0017045,0.0016022,0.0017251,0.0015928,0.0021646,0.0015716,0.0016351,0.0016293,0.0016159,0.0015843,0.0013797,0.0014452,0.0015244,0.0019253,0.0015826,0.0015244,0.0016191,0.0014759,0.00167,0.0016689,0.0015424,0.0015581,0.0016343,0.0016962,0.0014016,0.0017052,0.0014252,0.0016324,0.0015066,0.0013702,0.0012783,0.0014903,0.0017068,0.0012305,0.001628,0.0013352,0.0013985,0.0015809,0.0012579,0.0014603,0.0015821,0.0013548,0.0014414,0.0014996,0.001158,0.0014902,0.001451,0.0014615,0.001253,0.0015432,0.0013185,0.0014796,0.0013536,0.00096911,0.0014786,0.0015735,0.0011792,0.0011843,0.0011421,0.0015154,0.0014764,0.0014455,0.001042,0.00093566,0.00099117,0.001014,0.0014686,0.0014003,0.0010311,0.0012626,0.0010378,0.001028,0.0008789,0.00085251,0.0011318,0.0011454,0.0013651,0.0012225,1074300.0,1105700.0,792270.0,4276700.0,2284500.0,1150800.0,5856800.0,1513400.0,1879800.0,3242500.0,2966100.0,734830.0,5652900.0,1298400.0,4052200.0,2459600.0,5070500.0,4091400.0,1340500.0,3371900.0,2502600.0,3347400.0,11704000.0,958350.0,6311800.0,749460.0,9101500.0,1591900.0,1841400.0,815570.0,3232100.0,1680500.0,5814300.0,23940000.0,2520900.0,2724900.0,4347000.0,1235900.0,1513400.0,1646200.0,2062700.0,1057700.0,2058300.0,1019200.0,7475600.0,2433400.0,1825600.0,1494000.0,2274900.0,15971000.0,952090.0,7278300.0,3995200.0,706940.0,3910700.0,1079100.0,2657700.0,17679000.0,32102000.0,2373200.0,1720700.0,1532600.0,2840700.0,1036400.0,1926200.0,3409900.0,803840.0,2871900.0,1940600.0,3915400.0,2755300.0,1446400.0,1119200.0,15048000.0,5077600.0,1340600.0,3613400.0,1673300.0,965090.0,2573300.0,3702600.0,1313000.0,893150.0,2116300.0,873820.0,1861100.0,2850800.0,4950200.0,4191200.0,2338500.0,5694300.0,1300700.0,9352900.0,4677300.0,1017700.0,1694700.0,903640.0,1769700.0,3509900.0,9918500.0,1730700.0,16523000.0,1417300.0,9919600.0,1633600.0,3256300.0,1272900.0,1628100.0,12535000.0,5115100.0,2157200.0,3869300.0,2389200.0,1225800.0,656170.0,3373000.0,11659000.0,2413800.0,1291100.0,778800.0,1922000.0,735100.0,1193700.0,2218700.0,8786700.0,4156700.0,2627900.0,3087700.0,2361300.0,1498700.0,773560.0,10411000.0,2404500.0,3548600.0,2073400.0,1371700.0,1031900.0,2014200.0,1052000.0,2853800.0,3921600.0,1159600.0,1477000.0,2103000.0,1521000.0,2210500.0,2422200.0,877170.0,6912100.0,1513500.0,9390500.0,6180200.0,809830.0,10291000.0,814480.0,1274500.0,19279000.0,683650.0,12167000.0,721740.0,5575100.0,3693400.0,3817200.0,2647300.0,5252900.0,4116200.0,4227600.0,964530.0,4135000.0,1638700.0,6369200.0,1506700.0,7610900.0,1080700.0,744550.0,4005200.0,2996600.0,1988300.0,8411500.0,2288700.0,948280.0,1205600.0,3671000.0,3568300.0,1940100.0,1475700.0,747540.0,6807100.0,5275200.0,2336700.0,637470.0,17726000.0,3323000.0,5257900.0,1142200.0,18258000.0,5431600.0,1100100.0,8580600.0,1353300.0,1434500.0,3992400.0,5297000.0,799330.0,1639500.0,973680.0,1778500.0,1568200.0,1456500.0,7851700.0,2342100.0,1425100.0,12280000.0,2793800.0,1238000.0,1263500.0,3260300.0,951930.0,4669600.0,1133200.0,1854600.0,8075300.0,4435100.0,696550.0,1421900.0,10018000.0,5258300.0,5069200.0,15394000.0,3001700.0,1931800.0,2342400.0,2994600.0,3189800.0,1882600.0,1749500.0,2275100.0,1499400.0,7215800.0,652060.0,3656200.0,8296200.0,8910100.0,1863600.0,5378600.0,4029700.0,5011000.0,864140.0,1139900.0,5361500.0,1551600.0,6587500.0,3485200.0,7122400.0,1970700.0,1638700.0,1591200.0,1087700.0,1106100.0,2208100.0,945990.0,5091800.0,3371700.0,4404800.0,3356800.0,2894200.0,2745600.0,15584000.0,14989000.0,6042000.0,4601000.0,2807600.0,6148400.0,3762100.0,1781300.0,2740300.0,1353800.0,4824200.0,3044800.0,1.5358,1.8541,4.1668,2.2357,2.476,3.6654,1.2768,2.2354,4.224,1.2081,1.9883,4.2188,2.4766,2.664,4.3179,0.78066,2.0637,4.2194,1.6417,2.5188,3.8813,3.0732,2.8446,5.8635,1.1983,2.023,4.2043,1.7195,1.7171,4.2456,1.285,2.2642,4.2646,0.75516,2.0396,4.2102,2.9172,2.8426,4.6329,5.5999,2.7564,1.3934,1.2455,2.8253,3.6242,0.86421,2.1592,3.0029,2.5541,2.1397,4.532,1.4638,1.6799,3.8951,0.70109,2.6578,3.8828,1.9185,1.8206,3.5179,1.1767,2.3956,3.2074,0.35081,2.2902,3.5123,1.8352,1.6386,3.4017,2.0514,2.7092,4.2522,1.8744,1.6419,3.3744,1.6009,1.6433,3.9607,0.34501,2.1777,3.1403,2.0848,2.4217,4.4946,1.4905,1.6969,3.2563,0.8852,1.9322,2.7587,3.1943,2.8397,5.9791,1.944,1.8054,3.504,0.90013,2.7218,2.9059,1.7154,2.5928,4.0029,0.71075,1.8984,2.7517,1.0983,2.4202,3.1237,1.9279,1.9266,4.4938,1.7887,1.6551,3.8917,0.59207,2.165,3.861,1.3304,2.5297,3.8614,0.98777,2.1339,3.2012,2.591,2.3473,4.3538,2.0178,2.2043,4.7232,1.5213,1.6537,3.9245,1.885,1.983,4.4843,1.4813,2.1955,3.242,0.81792,2.2131,3.0595,2.446,2.4493,4.367,1.9825,2.5345,4.8433,1.9295,2.6156,4.82,2.5728,2.3396,4.3369,1.2741,2.5155,3.8889,1.7978,2.3054,4.3723,2.4169,2.9988,4.2902,0.61718,2.4066,2.6119,1.4217,2.0255,4.6001,1.9297,3.0237,3.8078,0.27955,2.3807,3.3727,1.6914,1.6185,4.0795,0.79544,2.1749,3.0595,2.262,2.3034,4.6979,0.58318,2.4404,3.1032,0.82184,2.2266,3.1703,0.022931,2.8964,1.7709,2.0093,2.1601,4.6229,2.5275,2.3935,4.2831,2.3345,2.3066,5.1437,1.9744,2.6875,4.1617,1.1225,1.8375,4.0183,4.5369,2.8394,0.65273,0.78198,2.1841,2.9851,1.4496,2.1234,4.2808,1.159,2.1997,3.5428,2.0757,2.6599,4.3367,1.6247,1.5828,4.1464,1.1755,2.5327,3.1016,0.75074,2.4746,3.741,2.1968,1.8401,3.6865,1.4316,2.5248,3.4789,1.3906,2.6009,3.5338,1.4374,1.6383,4.2766,1.9533,2.684,4.4773,2.04,2.6908,4.6103,3.3574,2.8256,6.1238,1.7057,1.6253,4.1938,1.8398,1.9503,3.4019,2.4257,2.9657,5.3273,1.195,2.5716,3.0544,2.6867,2.4076,5.0129,0.97054,2.6686,4.1808,1.4495,2.495,3.5343,0.95543,1.929,4.1169,1.7698,1.6213,4.0651,1.911,1.9268,3.3934,6.0209,2.9026,2.8604,2.9207,2.235,4.659,1.4622,1.9467,4.3383,1.13,2.5792,3.3493,1.4331,2.4622,3.3886,1.7067,1.9058,3.6691,2.0077,2.4492,4.0621,1.0915,2.3549,3.2374,2.4693,1.9257,5.2823,1.0166,2.6247,3.2802,1.4024,2.529,3.35,0.23231,3.0375,3.2024,0.66059,1.8821,2.8036,1.6512,1.9737,4.5569,1.4899,1.8277,4.1974,5.2579,2.8188,1.6204,0.85707,2.2039,2.9157,0.91564,2.6937,4.1621,2.3599,2.4695,3.6677,2.8859,2.3048,4.9627,3.0217,2.6029,4.5869,2.0472,2.4069,4.5767,2.2034,2.1942,4.1757,0.71826,2.188,3.3351,0.56669,2.4198,3.0391,0.56801,2.2177,3.8732,2.4992,2.4463,4.582,0.74551,2.4217,2.9268,1.3028,1.5639,4.3655,1.603,1.9509,3.5014,0.30043,2.6579,2.1534,3.4265,2.936,0.2745,0.87452,2.2846,3.0624,1.6283,1.6682,4.1399,1.6514,1.8816,3.2459,0.77329,2.367,2.868,2.2027,2.3014,4.944,1.2878,2.5717,3.1854,1.2382,2.1914,3.6136,0.39076,2.0694,3.2959,1.71,1.9224,3.4358,2.6039,2.0602,4.0926,2.0573,2.144,4.961,1.3746,1.7111,3.844,0.76509,2.0145,2.7892,2.0781,2.1343,5.0506,2.1782,2.2744,4.5443,1.5084,2.4219,3.9997,4.1076,2.9171,0.029639,1.8539,2.4753,4.0071,0.66693,1.9839,4.1464,1.2193,2.6232,4.2472,3.365,2.8063,6.0909,1.7126,1.5661,3.2786,0.2508,2.3668,3.3962,4.9358,2.9971,0.77963,0.4353,2.8134,3.2796,1.1787,2.5364,3.0559,2.2513,2.1811,4.9984,1.6235,2.0679,4.4298,1.6512,1.6236,3.3789,1.758,2.9393,3.3369,0.73178,2.3518,2.8956,0.8217,2.3997,3.0074,0.24403,2.6586,3.3524,1.9211,2.4292,4.2677,0.63146,2.422,2.7885,1.0129,2.316,3.601,1.2962,1.771,4.3171,0.23733,2.3453,3.4555,1.6888,1.5893,3.2795,0.7848,2.3353,2.8465,2.9637,2.8606,6.0211,1.7691,2.5332,3.9791,2.0321,2.2235,4.607,2.2711,2.6748,5.1137,1.6441,1.9588,3.8229,1.4007,1.787,3.7413,2.2916,2.1421,4.994,1.4975,2.5837,3.9601,0.50544,3.0184,2.187,4.488,2.9153,0.27565,1.3377,2.8224,4.2173,1.8911,1.9691,3.8943,1.2015,2.6683,2.7864,0.16607,2.7908,2.8601,1.0595,2.9127,4.192,0.49142,2.4599,2.5971,0.84285,2.0523,2.8549,0.53428,2.479,3.4042,1.7534,2.2149,4.3206,1.1252,2.8063,4.2578,0.68066,2.0306,2.9923,2.09,1.8424,3.7326,1.3884,1.8752,3.701,2.3186,2.6289,4.8028,1.5006,1.5723,4.1964,1.2948,2.1406,3.2227,0.71775,2.0691,3.0206,0.7226,2.2923,2.6356,1.7831,2.3763,4.1777,2.2694,2.6075,4.921,0.60281,2.0567,2.971,1.7222,1.7644,3.298,0.83588,2.9914,2.5985,0.54728,2.5203,2.5939,3.2114,2.731,6.1505,6.2132,2.8685,2.6225,4.2077,2.9108,6.1921,2.3945,2.2961,3.7364,1.4394,3.0604,4.3906,1.2622,2.4361,3.4845,0.073327,3.1041,2.9963,2.3756,2.1964,3.758,1.3032,1.846,3.6988,2.4046,2.3275,4.6163,2.6093,2.696,4.1977,1.2633,2.7117,4.3309,1.7238,1.9446,3.835,1.1873,2.7583,3.7391,2.355,2.3683,4.9539,1.4427,2.6218,3.3544,2.1673,2.2689,4.0738,0.82278,1.9673,3.3883,2.4244,2.3461,3.7995,2.3519,2.3609,3.734,2.2722,1.9843,5.037,2.6397,2.2892,4.8233,2.389,2.2396,3.7965,1.4287,1.6065,3.9042,2.3671,2.6158,4.9326,1.7783,1.9473,3.8701,0.81515,2.1246,4.1063,1.5953,1.8406,4.3244,2.3335,2.5929,4.9507,1.4516,2.3966,3.2567,5.8589,2.8353,2.1348,1.8637,1.7583,3.5217,1.958,2.9401,4.2125,2.0931,1.9816,4.8273,1.1629,2.6127,4.3486,1.9763,2.1524,4.9281,1.6479,1.7863,3.9407,1.6243,2.0045,3.3478,1.1304,2.7325,3.6975,1.0188,2.8469,3.8298,1.5356,2.4804,3.9046,1.1633,2.7007,3.6851,1.7763,1.7606,4.0845,0.76897,2.4525,2.8037,1.8445,2.119,4.404,0.10224,2.7855,2.9667,1.0554,1.949,4.3215,0.97608,2.2938,3.0679,1.5973,2.405,4.567,1.0024,2.0812,2.8329,0.78514,2.0083,2.6964,1.6731,1.7736,3.9452,0.8865,2.445,2.8803,1.3322,1.5848,3.8402,2.7715,2.6056,4.6196,1.0563,2.2066,3.6381,1.1689,2.7432,3.6807,1.998,1.9947,4.4744,1.0279,1.96,4.2451,1.8949,1.6455,3.4378,1.707,2.4939,3.9783,2.2276,2.5413,4.8887,2.0767,2.3594,3.621,1.2139,3.0602,3.4606,1.4115,1.4457,4.2497,0.69343,2.9825,3.652,1.6435,1.7293,4.2401,0.78903,2.0011,2.724,0.57697,2.2163,4.0283,2.6188,2.5996,4.5223,2.0125,2.1087,3.4485,1.3788,2.893,3.5351,1.0864,2.2186,3.6213,2.5371,2.0288,4.476,1.5009,1.7357,4.4203,1.5982,2.5874,3.5704,2.0685,2.2884,4.0639,2.7084,2.3179,4.9721,0.44627,2.5071,2.935
0.14282,0.22612,0.0056052,236.6,257.84,201.62,0.0013543,0.0015612,0.0010134,208.66,225.6,226.73,216.31,211.23,185.3,239.06,225.04,260.66,221.98,253.96,267.71,204.39,228.24,219.54,275.34,218.62,245.35,212.36,184.14,322.28,231.12,196.1,239.43,201.81,269.45,255.0,313.62,172.91,259.35,218.75,220.96,153.6,234.56,256.05,332.71,249.37,197.05,289.08,340.69,298.45,192.7,231.95,182.24,270.53,258.32,291.18,283.36,330.31,278.2,270.44,263.35,333.35,330.92,326.59,266.96,305.97,236.15,210.53,371.25,325.02,327.19,332.72,197.68,271.51,236.39,214.51,190.84,292.98,225.94,258.68,250.27,288.97,301.38,237.65,238.18,271.74,295.16,326.77,281.04,223.48,294.24,271.61,267.16,317.26,180.82,259.91,260.67,274.45,273.3,300.01,292.32,234.83,291.51,231.27,273.9,259.35,332.99,222.42,255.19,317.57,326.57,365.64,247.25,298.61,377.28,389.79,305.87,237.52,293.01,361.1,259.52,259.07,279.63,257.88,333.67,279.98,321.06,355.63,325.28,271.95,329.81,312.73,267.11,289.14,288.64,406.37,238.46,391.48,392.2,363.33,272.34,368.27,224.79,266.46,505.35,278.75,292.0,325.22,304.86,289.62,255.88,307.64,364.24,257.1,325.52,334.02,234.99,286.58,349.77,238.51,264.2,335.15,249.47,161.12,270.47,345.2,305.23,357.42,387.54,217.29,267.75,198.69,205.25,242.16,283.24,216.39,305.53,262.81,222.24,259.08,237.63,271.52,178.4,273.15,257.3,253.67,233.27,226.2,308.33,216.06,296.91,368.3,252.64,268.11,247.33,317.85,272.07,235.92,293.51,327.48,263.54,278.51,278.27,293.38,301.75,260.65,414.72,230.6,248.7,250.97,266.07,249.04,268.57,265.31,316.47,257.37,237.3,264.72,294.49,255.58,197.2,211.62,253.21,320.45,242.22,228.48,287.12,234.5,260.34,264.64,246.77,255.2,278.96,277.04,208.99,274.43,214.3,277.45,224.17,239.51,190.91,268.19,270.51,175.32,273.72,224.54,178.93,258.31,190.94,226.5,263.65,192.75,240.61,252.94,199.98,249.53,249.38,231.55,189.34,245.58,212.24,237.62,233.9,168.09,279.03,281.43,211.21,174.37,207.0,275.09,241.11,241.99,229.56,151.71,161.67,203.29,245.46,239.06,222.1,225.81,213.28,191.92,172.86,183.75,230.95,212.79,249.38,220.76,0.0007799,0.0010564,0.0010689,0.0011371,0.0010447,0.00091614,0.0012557,0.00095958,0.0013157,0.0010627,0.0013415,0.0014815,0.0010508,0.0012302,0.0010782,0.0016307,0.0012583,0.001351,0.0013642,0.0011246,0.0018697,0.001516,0.0012271,0.0016103,0.0013847,0.0016909,0.0014609,0.0018194,0.0012979,0.0017047,0.0013392,0.0013431,0.0010689,0.0013203,0.0015595,0.0019759,0.0015371,0.0013242,0.0017679,0.0019046,0.0016184,0.0011184,0.0015241,0.0013596,0.0016266,0.0016281,0.0017634,0.0015798,0.0019218,0.001656,0.0013297,0.0016014,0.0020283,0.0017684,0.0019322,0.0016768,0.0017795,0.0011844,0.0014931,0.0022238,0.0020794,0.0019285,0.0019732,0.0014113,0.0018562,0.0015165,0.0013908,0.0014964,0.0018365,0.0014677,0.0017516,0.0016746,0.0016676,0.0018626,0.0015437,0.0015538,0.0016119,0.0018324,0.0020276,0.0018541,0.0014586,0.0020144,0.0018213,0.0015164,0.0015505,0.0013912,0.0011925,0.0017493,0.0016604,0.0017143,0.0018512,0.0016933,0.0012866,0.0018689,0.0012585,0.0017414,0.0016264,0.0020798,0.0014113,0.0016461,0.0016525,0.0019387,0.0021984,0.0014875,0.0019281,0.0017456,0.0021871,0.0019203,0.0016565,0.0017275,0.0021855,0.0017575,0.0013949,0.0017285,0.0016949,0.0020199,0.001758,0.0019136,0.0020107,0.0016613,0.0017433,0.0020091,0.0017002,0.0018758,0.001707,0.0013447,0.0023723,0.0016798,0.0018077,0.0023065,0.0022402,0.0017636,0.0021305,0.0014798,0.0017414,0.002302,0.0018365,0.0016238,0.0019588,0.0017849,0.0018141,0.0016636,0.0016737,0.0021606,0.0017937,0.0016062,0.0018919,0.0012848,0.0014975,0.0018558,0.0015455,0.0017576,0.0018244,0.0016407,0.0012349,0.0015341,0.0020601,0.0019084,0.0016134,0.0020988,0.0013867,0.0016711,0.0014065,0.0014847,0.001454,0.0017034,0.0015428,0.0018624,0.0016993,0.00155,0.0017146,0.0013865,0.0017375,0.0013748,0.0017321,0.0016073,0.0017719,0.0015514,0.0014436,0.0017402,0.0014113,0.001779,0.0021302,0.0016462,0.0017204,0.0017334,0.0018773,0.0016756,0.0015967,0.001703,0.0017316,0.0017299,0.0017205,0.0017646,0.0020296,0.0018237,0.0016782,0.0013148,0.0016148,0.0015557,0.001651,0.0017072,0.0016049,0.0017293,0.0015967,0.0021698,0.0015723,0.0016384,0.0016296,0.0016199,0.001588,0.0013808,0.0014475,0.0015268,0.0019305,0.0015863,0.0015261,0.0016189,0.0014784,0.0016735,0.0016723,0.0015438,0.0015604,0.0016371,0.0016984,0.0014042,0.0017097,0.0014278,0.0016368,0.001506,0.0013699,0.0012789,0.0014912,0.0017092,0.0012306,0.0016297,0.001335,0.0013998,0.0015825,0.0012581,0.001461,0.0015849,0.0013556,0.0014426,0.0015012,0.0011582,0.0014926,0.0014509,0.0014614,0.0012516,0.0015434,0.0013182,0.0014816,0.0013546,0.00096767,0.0014808,0.0015758,0.0011781,0.0011836,0.001141,0.0015146,0.0014767,0.0014467,0.0010422,0.00093537,0.00098908,0.0010119,0.0014679,0.0014024,0.0010308,0.0012624,0.0010368,0.0010269,0.00087766,0.00085055,0.0011298,0.0011429,0.0013644,0.0012208,1074300.0,1105700.0,792270.0,4276700.0,2284500.0,1150800.0,5856800.0,1513400.0,1879800.0,3242500.0,2966100.0,734830.0,5652900.0,1298400.0,4052200.0,2459600.0,5070500.0,4091400.0,1340500.0,3371900.0,2502600.0,3347400.0,11704000.0,958350.0,6311800.0,749460.0,9101500.0,1591900.0,1841400.0,815570.0,3232100.0,1680500.0,5814300.0,23940000.0,2520900.0,2724900.0,4347000.0,1235900.0,1513400.0,1646200.0,2062700.0,1057700.0,2058300.0,1019200.0,7475600.0,2433400.0,1825600.0,1494000.0,2274900.0,15971000.0,952090.0,7278300.0,3995200.0,706940.0,3910700.0,1079100.0,2657700.0,17679000.0,32102000.0,2373200.0,1720700.0,1532600.0,2840700.0,1036400.0,1926200.0,3409900.0,803840.0,2871900.0,1940600.0,3915400.0,2755300.0,1446400.0,1119200.0,15048000.0,5077600.0,1340600.0,3613400.0,1673300.0,965090.0,2573300.0,3702600.0,1313000.0,893150.0,2116300.0,873820.0,1861100.0,2850800.0,4950200.0,4191200.0,2338500.0,5694300.0,1300700.0,9352900.0,4677300.0,1017700.0,1694700.0,903640.0,1769700.0,3509900.0,9918500.0,1730700.0,16523000.0,1417300.0,9919600.0,1633600.0,3256300.0,1272900.0,1628100.0,12535000.0,5115100.0,2157200.0,3869300.0,2389200.0,1225800.0,656170.0,3373000.0,11659000.0,2413800.0,1291100.0,778800.0,1922000.0,735100.0,1193700.0,2218700.0,8786700.0,4156700.0,2627900.0,3087700.0,2361300.0,1498700.0,773560.0,10411000.0,2404500.0,3548600.0,2073400.0,1371700.0,1031900.0,2014200.0,1052000.0,2853800.0,3921600.0,1159600.0,1477000.0,2103000.0,1521000.0,2210500.0,2422200.0,877170.0,6912100.0,1513500.0,9390500.0,6180200.0,809830.0,10291000.0,814480.0,1274500.0,19279000.0,683650.0,12167000.0,721740.0,5575100.0,3693400.0,3817200.0,2647300.0,5252900.0,4116200.0,4227600.0,964530.0,4135000.0,1638700.0,6369200.0,1506700.0,7610900.0,1080700.0,744550.0,4005200.0,2996600.0,1988300.0,8411500.0,2288700.0,948280.0,1205600.0,3671000.0,3568300.0,1940100.0,1475700.0,747540.0,6807100.0,5275200.0,2336700.0,637470.0,17726000.0,3323000.0,5257900.0,1142200.0,18258000.0,5431600.0,1100100.0,8580600.0,1353300.0,1434500.0,3992400.0,5297000.0,799330.0,1639500.0,973680.0,1778500.0,1568200.0,1456500.0,7851700.0,2342100.0,1425100.0,12280000.0,2793800.0,1238000.0,1263500.0,3260300.0,951930.0,4669600.0,1133200.0,1854600.0,8075300.0,4435100.0,696550.0,1421900.0,10018000.0,5258300.0,5069200.0,15394000.0,3001700.0,1931800.0,2342400.0,2994600.0,3189800.0,1882600.0,1749500.0,2275100.0,1499400.0,7215800.0,652060.0,3656200.0,8296200.0,8910100.0,1863600.0,5378600.0,4029700.0,5011000.0,864140.0,1139900.0,5361500.0,1551600.0,6587500.0,3485200.0,7122400.0,1970700.0,1638700.0,1591200.0,1087700.0,1106100.0,2208100.0,945990.0,5091800.0,3371700.0,4404800.0,3356800.0,2894200.0,2745600.0,15584000.0,14989000.0,6042000.0,4601000.0,2807600.0,6148400.0,3762100.0,1781300.0,2740300.0,1353800.0,4824200.0,3044800.0,1.5361,1.8543,4.1667,2.2359,2.4762,3.6654,1.2768,2.2355,4.224,1.2077,1.9883,4.2186,2.4762,2.664,4.3181,0.77955,2.0638,4.2195,1.6435,2.5192,3.8811,3.0739,2.8446,5.8637,1.1978,2.0233,4.2038,1.7189,1.717,4.2455,1.2853,2.2649,4.2654,0.75343,2.0392,4.2102,2.9169,2.8426,4.6342,5.5979,2.756,1.3922,1.2459,2.8249,3.6244,0.86265,2.1593,3.0027,2.5553,2.1414,4.5336,1.4637,1.6798,3.895,0.70243,2.6594,3.8833,1.9172,1.8215,3.5188,1.1781,2.3951,3.2091,0.35188,2.2902,3.5111,1.8361,1.6381,3.402,2.0516,2.7075,4.2507,1.8757,1.6416,3.3743,1.603,1.6427,3.9614,0.34442,2.1783,3.1395,2.086,2.4226,4.4964,1.4909,1.6972,3.2572,0.8863,1.9329,2.7585,3.1966,2.8396,5.9809,1.9436,1.8063,3.5047,0.89881,2.7221,2.9063,1.714,2.593,4.003,0.7122,1.8985,2.7512,1.0988,2.4198,3.1245,1.9282,1.9264,4.4937,1.79,1.6549,3.8918,0.59361,2.1641,3.8635,1.3332,2.531,3.8635,0.98737,2.135,3.1998,2.5926,2.3485,4.3552,2.0175,2.2049,4.7239,1.522,1.6532,3.9247,1.8849,1.9843,4.484,1.482,2.196,3.2413,0.81746,2.2147,3.0571,2.4454,2.4508,4.3673,1.9831,2.5332,4.8423,1.9294,2.6158,4.8189,2.5739,2.3407,4.3384,1.2738,2.5156,3.8879,1.7995,2.3065,4.3736,2.4205,2.9977,4.2931,0.61892,2.4052,2.6147,1.4198,2.0251,4.6003,1.9257,3.0228,3.8034,0.27849,2.3807,3.3723,1.6914,1.6184,4.0796,0.79613,2.177,3.0594,2.262,2.3035,4.6987,0.58198,2.4382,3.1046,0.81827,2.228,3.1687,0.021404,2.8964,1.7696,2.0091,2.1627,4.6241,2.5271,2.3952,4.284,2.3319,2.3069,5.1436,1.9715,2.6857,4.1602,1.1224,1.837,4.0198,4.5355,2.8379,0.65523,0.78049,2.1845,2.9842,1.45,2.1239,4.2815,1.1593,2.2014,3.5435,2.0724,2.6582,4.3334,1.6241,1.5826,4.1465,1.1759,2.5322,3.1031,0.75048,2.476,3.7408,2.1989,1.839,3.6863,1.4295,2.5258,3.4789,1.3875,2.6011,3.5327,1.4345,1.638,4.2763,1.9517,2.6819,4.4758,2.0397,2.6888,4.6107,3.358,2.8256,6.1258,1.7069,1.6251,4.1939,1.8417,1.9493,3.4015,2.4292,2.9654,5.3304,1.1957,2.5722,3.0544,2.687,2.4068,5.013,0.97099,2.6697,4.1826,1.4478,2.4954,3.5351,0.95466,1.9293,4.1185,1.7708,1.6215,4.0649,1.9146,1.9268,3.3932,6.0198,2.9025,2.8596,2.9223,2.2346,4.66,1.4641,1.9459,4.3406,1.1288,2.578,3.3494,1.4323,2.4627,3.3889,1.7059,1.9044,3.6686,2.0097,2.4499,4.0635,1.0911,2.3559,3.2379,2.4707,1.924,5.2843,1.0143,2.6236,3.2798,1.4011,2.5308,3.3491,0.23399,3.0381,3.2029,0.66007,1.8837,2.8016,1.6511,1.9722,4.5592,1.4909,1.8267,4.1981,5.2547,2.8168,1.6179,0.85825,2.2049,2.9171,0.91617,2.695,4.1643,2.3635,2.4669,3.669,2.8893,2.304,4.9633,3.0247,2.6021,4.5882,2.0478,2.4061,4.5778,2.201,2.1954,4.1753,0.71688,2.1911,3.3344,0.57066,2.4195,3.0399,0.56855,2.2192,3.8743,2.499,2.4455,4.5836,0.74388,2.4225,2.9253,1.3029,1.5637,4.3661,1.6018,1.9499,3.5026,0.3042,2.6579,2.1554,3.4262,2.9355,0.27521,0.87406,2.2833,3.0632,1.628,1.6683,4.1409,1.6526,1.8828,3.2475,0.77346,2.366,2.8681,2.2036,2.3004,4.9438,1.2903,2.5722,3.1871,1.2407,2.1928,3.616,0.38669,2.0707,3.2962,1.7103,1.9212,3.436,2.6058,2.059,4.0937,2.0569,2.1442,4.9609,1.3754,1.7101,3.8441,0.76551,2.0156,2.7903,2.0778,2.1337,5.0518,2.1771,2.2753,4.5451,1.5079,2.4235,4.0005,4.1043,2.9149,0.025931,1.8523,2.4767,4.0067,0.66474,1.9842,4.1471,1.2192,2.6231,4.247,3.361,2.8053,6.0898,1.7131,1.5657,3.2787,0.2521,2.3677,3.3972,4.9319,2.9975,0.77474,0.43484,2.8137,3.2815,1.1776,2.5369,3.0574,2.2525,2.1819,4.9993,1.6258,2.0671,4.4308,1.6523,1.6235,3.3799,1.764,2.9397,3.3399,0.73382,2.3506,2.8972,0.82057,2.3985,3.0078,0.24375,2.659,3.3523,1.925,2.4309,4.2688,0.63394,2.4213,2.7893,1.0127,2.318,3.6003,1.2957,1.7707,4.3174,0.23699,2.3458,3.4566,1.6898,1.5895,3.2796,0.78833,2.3338,2.8476,2.9623,2.8604,6.0219,1.7658,2.5323,3.9783,2.0325,2.2243,4.6072,2.2672,2.6737,5.1116,1.6417,1.9587,3.8222,1.4019,1.7863,3.7419,2.2926,2.1421,4.9938,1.4978,2.583,3.9591,0.50267,3.0176,2.1823,4.4865,2.9143,0.27505,1.3386,2.8238,4.2156,1.8904,1.9697,3.8942,1.2001,2.6687,2.7846,0.16282,2.7905,2.8586,1.0603,2.9129,4.192,0.49076,2.4589,2.5976,0.84426,2.0539,2.8538,0.53464,2.4797,3.4044,1.756,2.2156,4.3215,1.1228,2.8073,4.2561,0.68172,2.0317,2.9903,2.0915,1.8421,3.7315,1.3905,1.8757,3.7018,2.3161,2.6273,4.7999,1.5025,1.5726,4.1965,1.2938,2.1405,3.2233,0.71889,2.0706,3.0196,0.72404,2.2907,2.6358,1.784,2.377,4.1781,2.2678,2.6061,4.9204,0.6025,2.0577,2.9693,1.7235,1.7664,3.2975,0.83795,2.9909,2.5991,0.54684,2.5205,2.5938,3.2137,2.7306,6.1531,6.2145,2.8685,2.6248,4.2038,2.9096,6.1877,2.3952,2.2942,3.7361,1.4425,3.0602,4.3961,1.2609,2.4372,3.4844,0.063559,3.1043,2.9887,2.3756,2.1957,3.7572,1.3038,1.8459,3.6993,2.4041,2.3275,4.6172,2.6093,2.6973,4.2002,1.263,2.7118,4.3304,1.7217,1.9442,3.8341,1.1881,2.7577,3.7403,2.354,2.3669,4.9524,1.4404,2.6212,3.3551,2.1669,2.2702,4.0733,0.82252,1.9677,3.3885,2.4247,2.3449,3.7999,2.3516,2.3602,3.7337,2.2735,1.9854,5.0389,2.639,2.2892,4.8236,2.3895,2.2397,3.7963,1.4294,1.6067,3.9051,2.3657,2.6145,4.9318,1.7767,1.9471,3.8696,0.81536,2.1242,4.1075,1.5948,1.8408,4.3252,2.3321,2.5911,4.9506,1.4514,2.3967,3.2566,5.858,2.8345,2.1341,1.8637,1.7579,3.522,1.957,2.9386,4.2105,2.0942,1.9821,4.8279,1.1638,2.6133,4.3495,1.9778,2.1526,4.929,1.6483,1.786,3.9402,1.6248,2.0043,3.3471,1.1316,2.7321,3.6989,1.0199,2.847,3.8298,1.5372,2.4811,3.9052,1.1635,2.6995,3.685,1.7756,1.76,4.0844,0.76745,2.4524,2.8041,1.844,2.1198,4.4045,0.10239,2.7853,2.9684,1.0548,1.949,4.3223,0.97639,2.2932,3.0686,1.5968,2.4051,4.5667,1.0026,2.0811,2.8328,0.78577,2.0084,2.6959,1.6739,1.7731,3.9449,0.88583,2.4448,2.8818,1.3314,1.5847,3.8402,2.7715,2.6058,4.6193,1.0559,2.2078,3.6381,1.1693,2.7424,3.6811,1.9983,1.9948,4.4744,1.027,1.96,4.2449,1.8954,1.6455,3.4377,1.7077,2.4941,3.978,2.2288,2.541,4.8882,2.0759,2.3591,3.6199,1.2138,3.06,3.4608,1.411,1.4456,4.2499,0.69428,2.9823,3.6523,1.6437,1.729,4.2402,0.78964,2.0011,2.7237,0.57571,2.2166,4.0293,2.6179,2.5996,4.5224,2.0127,2.1085,3.4487,1.3786,2.8925,3.535,1.0864,2.219,3.6211,2.5372,2.0293,4.4761,1.501,1.7357,4.4203,1.5981,2.5873,3.5702,2.0687,2.2885,4.0638,2.7085,2.3172,4.9717,0.44634,2.5068,2.9348
0.14493,0.22948,0.0056732,236.98,258.61,201.36,0.001356,0.0015647,0.0010124,208.36,225.39,227.03,216.05,211.6,184.78,239.05,224.88,260.65,222.04,254.58,268.47,204.41,228.83,219.44,276.21,218.5,245.61,213.2,183.9,322.78,231.48,196.19,239.62,202.05,269.48,255.75,314.7,173.21,259.72,219.03,221.69,153.22,234.89,256.47,333.58,249.43,197.01,290.25,341.89,298.79,193.04,232.24,181.94,271.36,259.65,292.19,284.97,332.07,278.91,271.46,264.77,335.72,333.15,329.25,268.41,308.26,237.43,210.09,374.48,328.26,329.36,331.53,198.09,273.2,236.9,215.35,188.75,293.61,226.19,258.47,252.15,292.29,303.04,238.5,240.59,274.56,297.81,327.99,282.63,222.81,294.73,273.83,271.84,317.74,182.61,262.35,264.23,277.75,274.61,301.08,293.47,235.9,294.84,234.52,275.51,260.81,332.8,214.45,255.87,321.72,328.8,367.12,247.02,299.04,381.87,392.11,308.64,237.99,292.76,364.79,261.6,256.53,280.8,259.32,335.62,281.81,323.24,356.91,326.59,273.73,333.16,313.9,267.56,291.33,292.44,410.37,238.68,395.78,396.25,364.61,273.78,372.14,223.15,267.86,511.04,281.76,293.81,326.33,307.13,291.69,255.92,308.68,365.5,257.65,330.92,334.21,237.4,289.69,354.73,239.24,264.92,336.86,249.72,160.76,271.94,346.41,306.05,362.27,388.32,217.34,268.49,198.99,206.55,243.15,283.77,216.91,306.08,263.98,222.81,259.66,238.09,272.41,179.05,273.66,257.68,254.08,233.56,226.49,308.77,216.32,297.95,368.66,253.01,268.7,247.59,318.22,272.81,235.87,294.13,327.94,264.03,279.25,279.06,294.38,302.71,261.18,419.24,230.81,249.04,251.47,266.18,249.37,269.3,265.91,317.7,257.72,237.87,264.66,295.35,256.17,197.41,212.02,253.64,321.38,243.01,228.6,287.02,235.05,261.11,265.03,246.93,255.56,279.12,277.36,209.41,275.22,214.7,278.17,224.17,239.41,191.07,268.39,270.76,175.4,273.97,224.6,179.06,258.49,191.0,226.59,264.07,192.73,240.97,253.3,199.98,249.92,249.48,231.57,189.18,245.6,212.21,238.03,234.11,167.91,279.34,281.71,211.11,174.25,206.89,275.04,241.22,242.26,229.69,151.68,161.45,203.08,245.36,239.49,222.15,225.89,213.19,191.81,172.74,183.56,230.67,212.4,249.39,220.47,0.00077752,0.001054,0.001069,0.0011359,0.0010459,0.00091164,0.0012555,0.0009583,0.0013163,0.001063,0.0013448,0.0014857,0.0010494,0.0012334,0.0010777,0.0016358,0.0012584,0.0013534,0.0013693,0.0011233,0.0018729,0.0015185,0.001228,0.0016126,0.001386,0.0016953,0.0014659,0.0018251,0.0013009,0.0017069,0.0013421,0.0013462,0.001067,0.0013217,0.0015618,0.0019828,0.0015399,0.0013217,0.0017751,0.0019146,0.0016226,0.0011186,0.0015243,0.001361,0.0016334,0.001636,0.0017705,0.0015888,0.0019349,0.0016611,0.0013338,0.0016097,0.0020434,0.001781,0.0019479,0.0016869,0.0017926,0.0011809,0.0014903,0.0022441,0.0020955,0.0019413,0.0019715,0.0014087,0.0018698,0.0015219,0.0013866,0.0014709,0.0018442,0.0014682,0.001751,0.0016892,0.0016844,0.0018731,0.0015369,0.0015655,0.0016264,0.0018456,0.0020366,0.0018611,0.0014441,0.0020197,0.0018324,0.0015348,0.001526,0.0014014,0.0011974,0.0017656,0.001674,0.001724,0.0018597,0.0017041,0.0012738,0.0018859,0.0012625,0.0017512,0.0016347,0.0020807,0.0013475,0.0016515,0.0016746,0.0019507,0.0022067,0.0014859,0.0019359,0.0017704,0.0022016,0.0019375,0.0016591,0.0017291,0.0022037,0.0017681,0.0013627,0.0017369,0.0017049,0.0020316,0.0017667,0.0019227,0.0020143,0.0016661,0.0017413,0.0020231,0.0016836,0.001878,0.0017164,0.0013594,0.0023887,0.0016807,0.0018293,0.0023245,0.0022473,0.0017693,0.0021445,0.0014564,0.0017493,0.0023347,0.0018463,0.0016234,0.0019645,0.0017907,0.0018231,0.0016638,0.0016803,0.0021705,0.0017969,0.0016275,0.0018979,0.0012831,0.0015061,0.001879,0.0015504,0.0017628,0.0018323,0.0016446,0.0012329,0.0015444,0.0020691,0.0019128,0.0016348,0.0020958,0.0013872,0.0016757,0.0014087,0.0014911,0.0014571,0.0017067,0.0015468,0.0018665,0.0017055,0.0015537,0.0017189,0.001391,0.0017428,0.0013776,0.0017366,0.0016098,0.0017735,0.0015512,0.0014447,0.001744,0.001413,0.0017847,0.0021337,0.0016471,0.0017248,0.0017349,0.001883,0.0016803,0.001598,0.0017073,0.0017328,0.001734,0.0017263,0.0017689,0.0020341,0.0018291,0.0016823,0.0013318,0.0016156,0.0015575,0.001653,0.0017096,0.0016079,0.0017338,0.0016004,0.0021747,0.0015728,0.0016419,0.0016298,0.0016241,0.0015916,0.0013816,0.0014501,0.0015294,0.0019358,0.00159,0.0015276,0.0016184,0.0014812,0.0016772,0.0016757,0.0015451,0.0015627,0.00164,0.0017007,0.001407,0.0017137,0.0014305,0.0016413,0.0015054,0.0013694,0.0012792,0.001492,0.0017117,0.0012308,0.0016315,0.0013348,0.0014013,0.0015841,0.0012583,0.0014615,0.0015878,0.0013564,0.0014439,0.001503,0.0011586,0.0014952,0.0014509,0.0014614,0.0012503,0.0015434,0.0013179,0.0014838,0.0013557,0.00096633,0.0014831,0.0015782,0.0011772,0.0011831,0.00114,0.0015137,0.0014769,0.0014481,0.0010424,0.00093529,0.000987,0.0010099,0.0014672,0.0014045,0.0010307,0.0012624,0.001036,0.0010258,0.00087648,0.0008487,0.0011278,0.0011403,0.0013637,0.0012191,1074300.0,1105700.0,792270.0,4276700.0,2284500.0,1150800.0,5856800.0,1513400.0,1879800.0,3242500.0,2966100.0,734830.0,5652900.0,1298400.0,4052200.0,2459600.0,5070500.0,4091400.0,1340500.0,3371900.0,2502600.0,3347400.0,11704000.0,958350.0,6311800.0,749460.0,9101500.0,1591900.0,1841400.0,815570.0,3232100.0,1680500.0,5814300.0,23940000.0,2520900.0,2724900.0,4347000.0,1235900.0,1513400.0,1646200.0,2062700.0,1057700.0,2058300.0,1019200.0,7475600.0,2433400.0,1825600.0,1494000.0,2274900.0,15971000.0,952090.0,7278300.0,3995200.0,706940.0,3910700.0,1079100.0,2657700.0,17679000.0,32102000.0,2373200.0,1720700.0,1532600.0,2840700.0,1036400.0,1926200.0,3409900.0,803840.0,2871900.0,1940600.0,3915400.0,2755300.0,1446400.0,1119200.0,15048000.0,5077600.0,1340600.0,3613400.0,1673300.0,965090.0,2573300.0,3702600.0,1313000.0,893150.0,2116300.0,873820.0,1861100.0,2850800.0,4950200.0,4191200.0,2338500.0,5694300.0,1300700.0,9352900.0,4677300.0,1017700.0,1694700.0,903640.0,1769700.0,3509900.0,9918500.0,1730700.0,16523000.0,1417300.0,9919600.0,1633600.0,3256300.0,1272900.0,1628100.0,12535000.0,5115100.0,2157200.0,3869300.0,2389200.0,1225800.0,656170.0,3373000.0,11659000.0,2413800.0,1291100.0,778800.0,1922000.0,735100.0,1193700.0,2218700.0,8786700.0,4156700.0,2627900.0,3087700.0,2361300.0,1498700.0,773560.0,10411000.0,2404500.0,3548600.0,2073400.0,1371700.0,1031900.0,2014200.0,1052000.0,2853800.0,3921600.0,1159600.0,1477000.0,2103000.0,1521000.0,2210500.0,2422200.0,877170.0,6912100.0,1513500.0,9390500.0,6180200.0,809830.0,10291000.0,814480.0,1274500.0,19279000.0,683650.0,12167000.0,721740.0,5575100.0,3693400.0,3817200.0,2647300.0,5252900.0,4116200.0,4227600.0,964530.0,4135000.0,1638700.0,6369200.0,1506700.0,7610900.0,1080700.0,744550.0,4005200.0,2996600.0,1988300.0,8411500.0,2288700.0,948280.0,1205600.0,3671000.0,3568300.0,1940100.0,1475700.0,747540.0,6807100.0,5275200.0,2336700.0,637470.0,17726000.0,3323000.0,5257900.0,1142200.0,18258000.0,5431600.0,1100100.0,8580600.0,1353300.0,1434500.0,3992400.0,5297000.0,799330.0,1639500.0,973680.0,1778500.0,1568200.0,1456500.0,7851700.0,2342100.0,1425100.0,12280000.0,2793800.0,1238000.0,1263500.0,3260300.0,951930.0,4669600.0,1133200.0,1854600.0,8075300.0,4435100.0,696550.0,1421900.0,10018000.0,5258300.0,5069200.0,15394000.0,3001700.0,1931800.0,2342400.0,2994600.0,3189800.0,1882600.0,1749500.0,2275100.0,1499400.0,7215800.0,652060.0,3656200.0,8296200.0,8910100.0,1863600.0,5378600.0,4029700.0,5011000.0,864140.0,1139900.0,5361500.0,1551600.0,6587500.0,3485200.0,7122400.0,1970700.0,1638700.0,1591200.0,1087700.0,1106100.0,2208100.0,945990.0,5091800.0,3371700.0,4404800.0,3356800.0,2894200.0,2745600.0,15584000.0,14989000.0,6042000.0,4601000.0,2807600.0,6148400.0,3762100.0,1781300.0,2740300.0,1353800.0,4824200.0,3044800.0,1.5364,1.8545,4.1667,2.2361,2.4764,3.6654,1.2767,2.2357,4.224,1.2073,1.9882,4.2183,2.4757,2.664,4.3184,0.77845,2.0639,4.2196,1.6452,2.5196,3.8809,3.0746,2.8446,5.8638,1.1973,2.0236,4.2033,1.7183,1.7169,4.2455,1.2856,2.2657,4.2661,0.75171,2.0388,4.2102,2.9165,2.8426,4.6355,5.5959,2.7556,1.3909,1.2463,2.8245,3.6247,0.8611,2.1595,3.0024,2.5565,2.143,4.5352,1.4637,1.6798,3.8948,0.70378,2.6609,3.8837,1.9159,1.8223,3.5196,1.1795,2.3945,3.2108,0.35294,2.2902,3.51,1.8371,1.6376,3.4023,2.0517,2.7057,4.2493,1.8771,1.6412,3.3741,1.6052,1.6422,3.9621,0.34384,2.1789,3.1386,2.0871,2.4234,4.4981,1.4912,1.6975,3.2581,0.8874,1.9337,2.7583,3.1989,2.8395,5.9826,1.9432,1.8073,3.5054,0.89749,2.7225,2.9068,1.7127,2.5933,4.0031,0.71366,1.8985,2.7508,1.0992,2.4194,3.1253,1.9286,1.9262,4.4936,1.7914,1.6547,3.8919,0.59512,2.1631,3.8659,1.336,2.5323,3.8656,0.98696,2.1361,3.1984,2.5941,2.3498,4.3567,2.0171,2.2055,4.7244,1.5227,1.6526,3.9249,1.8848,1.9856,4.4838,1.4828,2.1966,3.2405,0.81704,2.2163,3.0548,2.4448,2.4522,4.3675,1.9837,2.5318,4.8413,1.9294,2.6161,4.8179,2.5749,2.3419,4.3399,1.2735,2.5158,3.8869,1.8012,2.3076,4.3748,2.424,2.9967,4.296,0.62066,2.4038,2.6175,1.4179,2.0247,4.6006,1.9216,3.0219,3.7989,0.27738,2.3807,3.3719,1.6913,1.6183,4.0796,0.79679,2.179,3.0593,2.2619,2.3037,4.6995,0.5807,2.436,3.106,0.81472,2.2294,3.1671,0.020046,2.8963,1.7685,2.0089,2.1652,4.6253,2.5266,2.3969,4.2849,2.3293,2.3071,5.1435,1.9684,2.6838,4.1588,1.1223,1.8364,4.0212,4.5342,2.8365,0.65767,0.77907,2.1849,2.9833,1.4503,2.1245,4.2821,1.1595,2.2031,3.5442,2.069,2.6565,4.3301,1.6234,1.5824,4.1466,1.1762,2.5318,3.1046,0.75014,2.4774,3.7405,2.2009,1.8379,3.6861,1.4276,2.5268,3.4789,1.3846,2.6012,3.5316,1.4317,1.6376,4.2761,1.9502,2.6799,4.4743,2.0396,2.6868,4.6112,3.3585,2.8257,6.1278,1.7082,1.6249,4.194,1.8437,1.9484,3.401,2.4325,2.9649,5.3333,1.1965,2.5729,3.0544,2.6872,2.4059,5.013,0.97152,2.6708,4.1844,1.4461,2.4958,3.5358,0.95408,1.9296,4.1201,1.7718,1.6216,4.0647,1.9183,1.9269,3.3931,6.0187,2.9024,2.8587,2.9241,2.2342,4.6609,1.466,1.9452,4.3428,1.1278,2.5769,3.3495,1.4315,2.4633,3.3889,1.7052,1.9031,3.6681,2.0117,2.4506,4.0649,1.0907,2.3569,3.2384,2.4723,1.9222,5.2863,1.0122,2.6225,3.2793,1.4,2.5326,3.3481,0.23554,3.0388,3.2031,0.65963,1.8853,2.7996,1.6512,1.9707,4.5616,1.4918,1.8257,4.1987,5.2515,2.8147,1.6152,0.8595,2.2058,2.9185,0.91681,2.6962,4.1665,2.367,2.4643,3.6702,2.8926,2.3032,4.9639,3.0278,2.6013,4.5896,2.0485,2.4052,4.5788,2.1987,2.1966,4.1748,0.71552,2.1941,3.3336,0.5746,2.4192,3.0406,0.56911,2.2206,3.8753,2.4987,2.4446,4.585,0.74227,2.4234,2.9237,1.303,1.5636,4.3666,1.6006,1.9488,3.5037,0.3079,2.6579,2.1573,3.4259,2.935,0.27584,0.87354,2.282,3.0639,1.6278,1.6684,4.1418,1.6539,1.884,3.249,0.77364,2.3651,2.8682,2.2045,2.2994,4.9436,1.2927,2.5727,3.1888,1.2431,2.1941,3.6185,0.38253,2.0719,3.2962,1.7106,1.9199,3.4361,2.6077,2.0578,4.0949,2.0565,2.1444,4.9607,1.3762,1.7092,3.8442,0.76587,2.0167,2.7914,2.0776,2.1331,5.0531,2.176,2.2763,4.5459,1.5074,2.425,4.0013,4.1011,2.9128,0.022227,1.8508,2.478,4.0063,0.66259,1.9844,4.1478,1.219,2.623,4.2468,3.3571,2.8043,6.0888,1.7135,1.5653,3.2788,0.25342,2.3687,3.3982,4.9281,2.9978,0.76994,0.43441,2.8141,3.2834,1.1764,2.5373,3.0589,2.2536,2.1826,5.0003,1.6281,2.0664,4.4318,1.6533,1.6233,3.3808,1.77,2.9402,3.343,0.73575,2.3493,2.8986,0.81945,2.3974,3.0081,0.24343,2.6594,3.3521,1.9287,2.4326,4.27,0.63633,2.4207,2.7901,1.0125,2.32,3.5996,1.2952,1.7703,4.3178,0.23667,2.3464,3.4578,1.6908,1.5897,3.2795,0.79175,2.3323,2.8487,2.9609,2.8602,6.0226,1.7625,2.5314,3.9776,2.0329,2.2251,4.6074,2.2633,2.6726,5.1096,1.6395,1.9586,3.8215,1.4031,1.7856,3.7426,2.2936,2.1422,4.9937,1.4981,2.5824,3.9581,0.50002,3.0167,2.1777,4.485,2.9134,0.27444,1.3394,2.8251,4.214,1.8896,1.9702,3.8941,1.1988,2.6692,2.7829,0.15956,2.7902,2.8571,1.061,2.9132,4.192,0.4901,2.458,2.5981,0.8456,2.0555,2.8527,0.53501,2.4803,3.4047,1.7587,2.2164,4.3225,1.1205,2.8083,4.2544,0.68278,2.0328,2.9884,2.0929,1.8418,3.7304,1.3925,1.8762,3.7025,2.3136,2.6258,4.797,1.5044,1.5729,4.1966,1.2929,2.1404,3.2239,0.72001,2.072,3.0185,0.7254,2.2892,2.636,1.7849,2.3777,4.1785,2.2662,2.6047,4.9198,0.6022,2.0585,2.9676,1.7247,1.7683,3.2971,0.83994,2.9905,2.5997,0.5464,2.5208,2.5937,3.216,2.7303,6.1557,6.2157,2.8686,2.6271,4.2,2.9085,6.1833,2.3959,2.2922,3.7358,1.4453,3.06,4.4015,1.2596,2.4382,3.4844,0.053964,3.1045,2.9812,2.3756,2.195,3.7565,1.3044,1.8458,3.6997,2.4035,2.3276,4.6181,2.6094,2.6985,4.2027,1.2628,2.712,4.3299,1.7197,1.9439,3.8332,1.189,2.7572,3.7416,2.353,2.3655,4.9508,1.4382,2.6205,3.3557,2.1664,2.2715,4.0728,0.82227,1.9681,3.3886,2.425,2.3437,3.8003,2.3514,2.3594,3.7334,2.2747,1.9865,5.0407,2.6382,2.2892,4.8238,2.39,2.2397,3.7961,1.43,1.607,3.9059,2.3642,2.6131,4.931,1.7752,1.947,3.8691,0.81556,2.1238,4.1087,1.5944,1.841,4.326,2.3309,2.5894,4.9505,1.4512,2.3968,3.2565,5.8571,2.8337,2.1333,1.8636,1.7575,3.5223,1.956,2.9371,4.2085,2.0954,1.9826,4.8285,1.1647,2.6138,4.3505,1.9793,2.1528,4.9298,1.6486,1.7857,3.9398,1.6252,2.0041,3.3463,1.1328,2.7317,3.7002,1.021,2.8472,3.8298,1.5388,2.4817,3.9059,1.1637,2.6984,3.685,1.7748,1.7594,4.0842,0.76595,2.4522,2.8046,1.8434,2.1205,4.4049,0.10253,2.7851,2.97,1.0543,1.9489,4.323,0.97668,2.2926,3.0693,1.5962,2.4053,4.5665,1.0028,2.081,2.8328,0.78639,2.0084,2.6954,1.6747,1.7727,3.9445,0.88515,2.4446,2.8833,1.3307,1.5846,3.8402,2.7715,2.606,4.6191,1.0555,2.2089,3.6382,1.1698,2.7416,3.6814,1.9986,1.9949,4.4744,1.0262,1.96,4.2447,1.896,1.6454,3.4375,1.7084,2.4944,3.9778,2.2301,2.5407,4.8876,2.075,2.3589,3.6189,1.2136,3.0598,3.4609,1.4105,1.4455,4.2501,0.69511,2.9821,3.6526,1.644,1.7287,4.2403,0.79024,2.001,2.7235,0.57447,2.2168,4.0303,2.617,2.5996,4.5224,2.013,2.1083,3.4488,1.3784,2.8921,3.5349,1.0865,2.2195,3.6209,2.5373,2.0297,4.4763,1.5011,1.7358,4.4202,1.5979,2.5873,3.5701,2.0688,2.2885,4.0638,2.7086,2.3165,4.9713,0.4464,2.5065,2.9346
0.14704,0.23282,0.0057404,237.46,259.48,201.19,0.0013584,0.0015688,0.0010117,208.55,225.64,227.26,216.2,211.84,183.97,239.44,225.19,261.14,222.09,255.0,268.92,204.05,229.23,219.62,277.11,218.86,246.11,213.92,183.34,323.88,232.35,196.81,240.46,202.69,270.02,256.33,315.57,173.47,260.74,219.74,221.95,152.64,234.89,257.55,334.74,249.94,197.76,291.62,342.94,299.03,193.24,232.02,182.33,272.21,260.9,293.36,286.64,333.58,279.52,272.43,266.01,337.76,335.17,331.75,269.79,310.12,238.58,210.7,377.14,331.26,331.39,330.57,197.91,274.09,237.47,216.12,188.92,294.41,226.43,258.36,252.72,295.14,304.44,239.2,242.52,276.44,300.59,329.06,284.54,222.26,295.23,276.21,274.66,317.57,184.04,264.8,265.39,280.52,275.78,302.02,294.41,237.61,297.29,237.25,276.42,262.02,332.79,215.61,256.51,325.27,331.0,368.29,246.9,301.44,385.75,394.5,311.43,238.38,293.79,367.89,263.53,254.97,281.79,260.42,337.55,283.67,325.76,358.12,327.89,275.37,336.42,315.16,269.1,293.79,296.19,414.47,239.94,399.72,400.39,366.64,275.38,375.62,221.08,269.65,516.47,284.73,295.85,328.24,309.3,293.74,256.39,310.15,367.25,258.62,336.35,334.61,240.05,292.97,359.73,240.32,266.24,338.6,249.82,160.25,273.44,347.49,307.16,367.01,388.91,217.15,269.49,199.55,207.95,244.04,284.09,217.67,306.86,265.29,223.61,260.6,238.71,273.33,179.65,273.89,258.28,254.4,233.68,226.59,309.44,216.61,299.26,368.87,253.61,269.32,247.7,318.6,273.48,235.72,294.99,328.39,264.86,280.17,279.62,295.3,303.96,261.75,423.34,231.02,249.59,251.91,266.19,249.93,270.28,266.54,318.96,258.1,238.57,264.52,296.4,256.81,197.53,212.63,254.23,322.41,243.88,228.69,286.86,235.81,262.07,265.55,247.11,256.08,279.42,277.87,210.0,275.88,215.28,279.09,224.21,239.26,191.18,268.63,271.08,175.63,274.35,224.68,179.29,258.76,191.06,226.64,264.6,192.77,241.49,253.82,200.08,250.47,249.7,231.63,189.1,245.64,212.2,238.59,234.42,167.8,279.78,282.13,211.1,174.21,206.83,275.04,241.34,242.67,229.94,151.75,161.27,202.96,245.31,240.07,222.32,226.07,213.22,191.77,172.68,183.43,230.5,212.08,249.46,220.24,0.00077774,0.0010539,0.0010681,0.0011365,0.0010459,0.00090522,0.0012574,0.00095945,0.0013194,0.0010629,0.0013466,0.0014878,0.0010456,0.0012353,0.0010782,0.0016402,0.0012609,0.0013563,0.0013731,0.0011199,0.001879,0.0015243,0.001232,0.0016192,0.0013902,0.0017015,0.0014695,0.0018294,0.0013029,0.0017136,0.0013469,0.0013468,0.0010636,0.0013211,0.001568,0.0019909,0.0015442,0.0013248,0.0017827,0.0019227,0.0016252,0.0011181,0.0015221,0.0013652,0.0016396,0.0016429,0.001778,0.0015971,0.0019465,0.001665,0.0013369,0.001617,0.0020561,0.0017919,0.0019621,0.0016964,0.0018026,0.0011763,0.0014942,0.0022612,0.0021107,0.0019542,0.0019701,0.0014016,0.0018792,0.0015278,0.0013827,0.0014604,0.0018532,0.0014694,0.0017512,0.0016974,0.0017001,0.0018834,0.0015289,0.0015773,0.0016385,0.0018603,0.0020459,0.0018699,0.0014302,0.0020257,0.0018446,0.0015507,0.0014968,0.0014117,0.0012032,0.0017714,0.0016876,0.0017337,0.0018688,0.001714,0.001269,0.0018989,0.0012676,0.0017597,0.001643,0.0020826,0.0013392,0.0016572,0.001694,0.0019641,0.0022149,0.0014851,0.0019481,0.0017909,0.0022169,0.0019563,0.0016614,0.0017378,0.0022194,0.0017785,0.0013359,0.0017427,0.0017119,0.0020432,0.0017761,0.001933,0.0020163,0.0016703,0.0017354,0.0020364,0.0016646,0.0018859,0.0017249,0.0013738,0.0024055,0.0016886,0.001848,0.0023426,0.0022594,0.0017747,0.0021564,0.0014296,0.0017601,0.0023653,0.001855,0.0016228,0.0019746,0.0017957,0.0018312,0.0016667,0.0016895,0.0021823,0.001803,0.0016486,0.001905,0.0012814,0.0015148,0.0019019,0.0015577,0.0017711,0.0018403,0.0016475,0.0012296,0.0015546,0.002077,0.0019189,0.0016547,0.0020914,0.0013862,0.0016819,0.0014125,0.0014979,0.0014595,0.0017086,0.0015526,0.0018722,0.0017123,0.001559,0.0017252,0.0013961,0.0017482,0.0013801,0.0017394,0.0016138,0.0017745,0.00155,0.0014446,0.0017491,0.0014146,0.0017921,0.0021361,0.0016494,0.0017294,0.0017353,0.0018887,0.0016846,0.0015985,0.001713,0.001734,0.0017397,0.0017332,0.0017718,0.0020382,0.0018363,0.0016868,0.0013486,0.0016162,0.0015606,0.0016546,0.0017113,0.0016123,0.0017398,0.0016045,0.0021797,0.0015734,0.0016464,0.0016294,0.0016294,0.0015955,0.0013819,0.0014542,0.001533,0.0019417,0.0015939,0.0015289,0.0016176,0.0014853,0.0016821,0.00168,0.0015465,0.0015661,0.0016435,0.0017041,0.001411,0.0017169,0.0014344,0.0016472,0.0015048,0.0013687,0.0012793,0.0014931,0.0017146,0.0012319,0.0016342,0.0013346,0.0014036,0.0015864,0.0012587,0.0014618,0.0015915,0.0013576,0.0014461,0.0015057,0.0011599,0.0014988,0.0014515,0.0014617,0.0012495,0.0015437,0.0013178,0.0014869,0.0013575,0.00096544,0.0014861,0.0015815,0.0011768,0.0011832,0.0011393,0.0015132,0.0014772,0.0014503,0.0010434,0.000936,0.00098519,0.0010084,0.0014668,0.0014075,0.0010314,0.0012631,0.0010359,0.0010253,0.00087571,0.00084734,0.0011265,0.0011383,0.0013634,0.0012177,1074300.0,1105700.0,792270.0,4276700.0,2284500.0,1150800.0,5856800.0,1513400.0,1879800.0,3242500.0,2966100.0,734830.0,5652900.0,1298400.0,4052200.0,2459600.0,5070500.0,4091400.0,1340500.0,3371900.0,2502600.0,3347400.0,11704000.0,958350.0,6311800.0,749460.0,9101500.0,1591900.0,1841400.0,815570.0,3232100.0,1680500.0,5814300.0,23940000.0,2520900.0,2724900.0,4347000.0,1235900.0,1513400.0,1646200.0,2062700.0,1057700.0,2058300.0,1019200.0,7475600.0,2433400.0,1825600.0,1494000.0,2274900.0,15971000.0,952090.0,7278300.0,3995200.0,706940.0,3910700.0,1079100.0,2657700.0,17679000.0,32102000.0,2373200.0,1720700.0,1532600.0,2840700.0,1036400.0,1926200.0,3409900.0,803840.0,2871900.0,1940600.0,3915400.0,2755300.0,1446400.0,1119200.0,15048000.0,5077600.0,1340600.0,3613400.0,1673300.0,965090.0,2573300.0,3702600.0,1313000.0,893150.0,2116300.0,873820.0,1861100.0,2850800.0,4950200.0,4191200.0,2338500.0,5694300.0,1300700.0,9352900.0,4677300.0,1017700.0,1694700.0,903640.0,1769700.0,3509900.0,9918500.0,1730700.0,16523000.0,1417300.0,9919600.0,1633600.0,3256300.0,1272900.0,1628100.0,12535000.0,5115100.0,2157200.0,3869300.0,2389200.0,1225800.0,656170.0,3373000.0,11659000.0,2413800.0,1291100.0,778800.0,1922000.0,735100.0,1193700.0,2218700.0,8786700.0,4156700.0,2627900.0,3087700.0,2361300.0,1498700.0,773560.0,10411000.0,2404500.0,3548600.0,2073400.0,1371700.0,1031900.0,2014200.0,1052000.0,2853800.0,3921600.0,1159600.0,1477000.0,2103000.0,1521000.0,2210500.0,2422200.0,877170.0,6912100.0,1513500.0,9390500.0,6180200.0,809830.0,10291000.0,814480.0,1274500.0,19279000.0,683650.0,12167000.0,721740.0,5575100.0,3693400.0,3817200.0,2647300.0,5252900.0,4116200.0,4227600.0,964530.0,4135000.0,1638700.0,6369200.0,1506700.0,7610900.0,1080700.0,744550.0,4005200.0,2996600.0,1988300.0,8411500.0,2288700.0,948280.0,1205600.0,3671000.0,3568300.0,1940100.0,1475700.0,747540.0,6807100.0,5275200.0,2336700.0,637470.0,17726000.0,3323000.0,5257900.0,1142200.0,18258000.0,5431600.0,1100100.0,8580600.0,1353300.0,1434500.0,3992400.0,5297000.0,799330.0,1639500.0,973680.0,1778500.0,1568200.0,1456500.0,7851700.0,2342100.0,1425100.0,12280000.0,2793800.0,1238000.0,1263500.0,3260300.0,951930.0,4669600.0,1133200.0,1854600.0,8075300.0,4435100.0,696550.0,1421900.0,10018000.0,5258300.0,5069200.0,15394000.0,3001700.0,1931800.0,2342400.0,2994600.0,3189800.0,1882600.0,1749500.0,2275100.0,1499400.0,7215800.0,652060.0,3656200.0,8296200.0,8910100.0,1863600.0,5378600.0,4029700.0,5011000.0,864140.0,1139900.0,5361500.0,1551600.0,6587500.0,3485200.0,7122400.0,1970700.0,1638700.0,1591200.0,1087700.0,1106100.0,2208100.0,945990.0,5091800.0,3371700.0,4404800.0,3356800.0,2894200.0,2745600.0,15584000.0,14989000.0,6042000.0,4601000.0,2807600.0,6148400.0,3762100.0,1781300.0,2740300.0,1353800.0,4824200.0,3044800.0,1.5366,1.8546,4.1667,2.2363,2.4765,3.6654,1.2767,2.2358,4.224,1.207,1.9881,4.2181,2.4753,2.664,4.3187,0.77738,2.064,4.2197,1.6469,2.52,3.8806,3.0753,2.8446,5.8639,1.1967,2.0239,4.2029,1.7178,1.7169,4.2454,1.2859,2.2664,4.2669,0.75001,2.0384,4.2101,2.9161,2.8426,4.6367,5.5939,2.7551,1.3897,1.2468,2.8241,3.6249,0.85958,2.1596,3.0021,2.5577,2.1446,4.5368,1.4636,1.6797,3.8947,0.70515,2.6624,3.8842,1.9146,1.8231,3.5205,1.1808,2.3939,3.2124,0.354,2.2903,3.5089,1.838,1.6371,3.4026,2.0519,2.704,4.2478,1.8785,1.6409,3.374,1.6073,1.6416,3.9628,0.3433,2.1794,3.1378,2.0881,2.4242,4.4997,1.4916,1.6978,3.259,0.88853,1.9345,2.7581,3.2012,2.8395,5.9843,1.9428,1.8082,3.5061,0.89618,2.7228,2.9072,1.7114,2.5935,4.0031,0.71514,1.8986,2.7503,1.0997,2.419,3.1261,1.929,1.9261,4.4935,1.7927,1.6545,3.892,0.59664,2.1622,3.8683,1.3388,2.5336,3.8677,0.98656,2.1371,3.1971,2.5956,2.351,4.3581,2.0168,2.206,4.725,1.5235,1.652,3.925,1.8846,1.9869,4.4836,1.4835,2.1971,3.2398,0.81669,2.2178,3.0525,2.4442,2.4537,4.3677,1.9844,2.5304,4.8404,1.9293,2.6163,4.8169,2.5759,2.343,4.3414,1.2731,2.5159,3.8859,1.8029,2.3087,4.3759,2.4277,2.9957,4.2988,0.62243,2.4023,2.6202,1.4159,2.0243,4.6009,1.9175,3.0209,3.7943,0.27625,2.3806,3.3714,1.6913,1.6182,4.0796,0.7975,2.1809,3.0593,2.2617,2.3037,4.7002,0.57934,2.4338,3.1074,0.81119,2.2307,3.1656,0.018972,2.8963,1.7676,2.0087,2.1677,4.6264,2.5262,2.3986,4.2859,2.3268,2.3074,5.1434,1.9655,2.6818,4.1573,1.1222,1.8358,4.0227,4.5329,2.8351,0.6601,0.77772,2.1853,2.9825,1.4506,2.125,4.2826,1.1596,2.2048,3.5448,2.0657,2.6549,4.3268,1.6228,1.5822,4.1466,1.1765,2.5313,3.1061,0.74975,2.4788,3.7402,2.203,1.8369,3.6859,1.4256,2.5278,3.4788,1.382,2.6013,3.5306,1.4289,1.6373,4.2758,1.9487,2.6779,4.4728,2.0396,2.6849,4.6118,3.3588,2.8258,6.1297,1.7096,1.6246,4.1941,1.8457,1.9475,3.4005,2.4357,2.9645,5.3361,1.1972,2.5735,3.0545,2.6875,2.4051,5.013,0.97213,2.6719,4.1863,1.4446,2.4962,3.5365,0.95367,1.93,4.1217,1.7729,1.6218,4.0644,1.922,1.9271,3.393,6.0176,2.9023,2.8577,2.9259,2.2338,4.6617,1.4679,1.9445,4.345,1.1269,2.5758,3.3495,1.4307,2.4639,3.3886,1.7045,1.9018,3.6676,2.0137,2.4513,4.0663,1.0903,2.3579,3.2388,2.4739,1.9204,5.2883,1.0101,2.6214,3.2789,1.3988,2.5344,3.347,0.23676,3.0394,3.2031,0.65925,1.8869,2.7977,1.6515,1.9693,4.564,1.4928,1.8247,4.1993,5.2485,2.8127,1.6127,0.86077,2.2067,2.9199,0.91752,2.6974,4.1686,2.3698,2.4617,3.671,2.8957,2.3025,4.9644,3.0309,2.6004,4.591,2.0493,2.4044,4.5799,2.1966,2.1977,4.1744,0.71415,2.197,3.3327,0.57846,2.419,3.0412,0.56966,2.2221,3.8763,2.4982,2.4437,4.5862,0.74066,2.4243,2.922,1.303,1.5634,4.3671,1.5994,1.9478,3.5049,0.31141,2.658,2.1591,3.4256,2.9345,0.27642,0.87294,2.2807,3.0645,1.6275,1.6685,4.1428,1.6551,1.8852,3.2506,0.7738,2.3642,2.8684,2.2054,2.2985,4.9435,1.2951,2.5732,3.1905,1.2454,2.1954,3.6209,0.37839,2.0731,3.2961,1.7109,1.9188,3.4362,2.6095,2.0565,4.096,2.0561,2.1446,4.9606,1.3769,1.7083,3.8444,0.7662,2.0179,2.7924,2.0774,2.1326,5.0544,2.175,2.2772,4.5468,1.507,2.4265,4.0021,4.0978,2.9106,0.018557,1.8493,2.4794,4.0058,0.66045,1.9847,4.1485,1.2187,2.6229,4.2465,3.3533,2.8032,6.0879,1.7138,1.565,3.2789,0.25472,2.3696,3.3992,4.9243,2.9981,0.76529,0.434,2.8145,3.2853,1.1753,2.5378,3.0604,2.2547,2.1833,5.0013,1.6303,2.0657,4.4328,1.6543,1.6232,3.3816,1.7757,2.9407,3.346,0.73753,2.3481,2.9,0.81835,2.3963,3.0085,0.24303,2.6598,3.3518,1.9322,2.4341,4.271,0.63859,2.42,2.7908,1.0123,2.3219,3.5989,1.2947,1.7699,4.3181,0.23633,2.3469,3.4589,1.6917,1.5899,3.2795,0.79504,2.3308,2.8497,2.9595,2.8599,6.0233,1.7593,2.5304,3.9768,2.0332,2.2259,4.6076,2.2594,2.6716,5.1076,1.6372,1.9585,3.8208,1.4042,1.7849,3.7432,2.2946,2.1422,4.9935,1.4983,2.5818,3.9571,0.4975,3.0159,2.1733,4.4834,2.9124,0.27385,1.3402,2.8264,4.2124,1.8888,1.9707,3.8941,1.1974,2.6696,2.7811,0.15628,2.7898,2.8556,1.0616,2.9134,4.1919,0.48943,2.457,2.5986,0.84686,2.057,2.8517,0.53538,2.4808,3.405,1.7612,2.2171,4.3234,1.1182,2.8092,4.2528,0.68382,2.0339,2.9864,2.0943,1.8416,3.7293,1.3945,1.8766,3.7032,2.3111,2.6243,4.7941,1.5062,1.5732,4.1966,1.2919,2.1403,3.2245,0.72111,2.0733,3.0175,0.72667,2.2877,2.6362,1.7857,2.3783,4.179,2.2645,2.6034,4.9192,0.6019,2.0594,2.966,1.7258,1.7701,3.2967,0.84188,2.99,2.6003,0.54594,2.521,2.5936,3.2181,2.73,6.1581,6.217,2.8686,2.6293,4.1962,2.9074,6.179,2.3965,2.2903,3.7354,1.448,3.0598,4.4066,1.2584,2.4391,3.4844,0.044586,3.1047,2.9739,2.3756,2.1943,3.7557,1.3051,1.8457,3.7002,2.4029,2.3276,4.6189,2.6094,2.6998,4.2051,1.2626,2.7121,4.3294,1.7177,1.9435,3.8323,1.1898,2.7567,3.7428,2.352,2.3641,4.9494,1.436,2.6198,3.3564,2.1659,2.2728,4.0722,0.82203,1.9685,3.3888,2.4252,2.3426,3.8007,2.3511,2.3586,3.7331,2.2759,1.9875,5.0425,2.6374,2.2893,4.8241,2.3905,2.2398,3.7959,1.4307,1.6072,3.9068,2.3628,2.6118,4.9302,1.7736,1.9468,3.8685,0.81576,2.1234,4.1099,1.5939,1.8413,4.3268,2.3296,2.5877,4.9503,1.451,2.3969,3.2564,5.8562,2.833,2.1325,1.8636,1.7571,3.5226,1.955,2.9357,4.2066,2.0964,1.9831,4.8291,1.1656,2.6143,4.3514,1.9808,2.153,4.9306,1.649,1.7855,3.9394,1.6256,2.0039,3.3455,1.134,2.7313,3.7014,1.0221,2.8473,3.8297,1.5404,2.4823,3.9065,1.1639,2.6972,3.6849,1.7741,1.7589,4.0841,0.76447,2.452,2.805,1.8428,2.1213,4.4053,0.10266,2.7849,2.9717,1.0537,1.9489,4.3238,0.97698,2.292,3.0699,1.5957,2.4054,4.5662,1.0031,2.0809,2.8327,0.78701,2.0084,2.6949,1.6755,1.7722,3.9442,0.88448,2.4444,2.8848,1.3299,1.5845,3.8402,2.7715,2.6062,4.6188,1.0551,2.2101,3.6382,1.1702,2.7408,3.6817,1.999,1.9951,4.4745,1.0254,1.96,4.2445,1.8966,1.6454,3.4374,1.709,2.4946,3.9775,2.2313,2.5404,4.8871,2.0742,2.3586,3.618,1.2135,3.0597,3.461,1.41,1.4455,4.2503,0.69592,2.9819,3.6529,1.6443,1.7284,4.2404,0.79084,2.001,2.7233,0.57325,2.217,4.0312,2.6161,2.5996,4.5224,2.0133,2.108,3.4489,1.3783,2.8916,3.5348,1.0865,2.2199,3.6206,2.5374,2.0302,4.4764,1.5013,1.7358,4.4202,1.5977,2.5872,3.5699,2.0689,2.2885,4.0637,2.7087,2.3158,4.9709,0.44646,2.5062,2.9344
0.14782,0.23407,0.0057668,237.92,260.12,201.36,0.0013609,0.0015724,0.0010126,208.94,226.0,227.51,216.52,212.04,184.16,239.8,225.65,261.61,222.19,255.36,269.4,204.13,229.45,219.93,277.61,219.31,246.5,214.3,183.39,324.65,232.95,197.38,241.17,203.17,270.54,256.56,315.91,173.54,261.43,220.26,222.26,152.75,235.35,258.39,335.39,250.44,198.51,292.56,343.46,299.31,193.29,232.77,182.82,272.75,261.25,293.97,287.4,334.29,279.88,273.0,266.37,338.48,335.66,332.91,270.47,310.68,239.77,211.5,377.94,332.43,331.83,330.87,197.88,274.11,237.81,217.02,190.02,295.01,227.19,259.15,252.52,296.03,305.15,239.82,243.03,276.65,301.64,329.81,285.72,222.83,295.64,277.26,274.68,318.05,184.47,266.27,265.06,281.33,276.23,302.67,295.26,239.25,297.99,238.27,276.5,262.56,333.42,219.5,256.93,326.79,331.81,368.99,247.77,302.88,386.96,395.48,312.43,238.92,294.85,368.85,264.22,257.04,282.32,260.76,338.36,284.66,326.91,359.17,328.71,275.53,337.46,316.6,270.28,295.25,297.71,416.03,241.11,401.32,401.75,368.01,276.33,376.87,222.19,270.74,518.41,285.94,297.01,329.45,310.14,294.62,257.05,310.95,368.45,259.26,339.06,334.39,241.6,294.96,362.01,240.94,267.18,339.41,250.38,160.2,274.46,348.16,307.95,369.23,389.53,217.38,270.1,199.97,208.65,244.87,284.56,218.19,307.35,266.18,224.05,261.26,239.23,274.0,180.22,274.04,258.65,254.94,234.08,226.85,309.89,217.12,300.15,369.26,253.97,270.07,248.21,319.22,274.22,235.87,295.7,329.04,265.65,280.91,279.99,296.07,304.73,262.33,425.18,231.42,250.04,252.33,266.35,250.28,270.82,267.13,320.1,258.6,239.15,264.63,297.2,257.38,197.76,213.04,254.68,323.21,244.69,229.03,286.9,236.29,262.67,266.1,247.48,256.54,279.83,278.22,210.46,276.47,215.67,279.76,224.48,239.41,191.47,269.02,271.53,175.88,274.73,224.95,179.62,259.12,191.39,226.96,265.09,193.01,241.95,254.19,200.26,250.96,250.09,231.89,189.28,245.95,212.42,239.03,234.79,167.94,280.12,282.59,211.31,174.41,207.04,275.33,241.73,243.02,230.21,151.94,161.39,203.1,245.56,240.6,222.55,226.41,213.49,191.99,172.89,183.59,230.69,212.17,249.77,220.43,0.00077959,0.0010554,0.0010686,0.0011381,0.0010463,0.0009056,0.0012594,0.00096165,0.0013224,0.0010632,0.0013484,0.0014902,0.0010456,0.0012364,0.0010797,0.0016425,0.0012635,0.0013586,0.001375,0.0011206,0.0018832,0.0015283,0.0012354,0.0016245,0.0013933,0.001705,0.001471,0.0018309,0.0013035,0.0017184,0.0013498,0.0013489,0.0010644,0.0013236,0.0015729,0.0019949,0.0015469,0.0013295,0.0017879,0.0019264,0.001628,0.0011182,0.0015258,0.0013682,0.0016432,0.0016451,0.0017821,0.0016008,0.0019518,0.0016673,0.001339,0.0016199,0.0020602,0.0017942,0.0019684,0.0017005,0.0018054,0.0011804,0.0014995,0.0022669,0.0021163,0.001957,0.001973,0.0013999,0.0018816,0.001531,0.0013868,0.0014658,0.0018583,0.0014748,0.0017556,0.0016987,0.0017063,0.0018885,0.0015297,0.0015819,0.0016415,0.0018667,0.0020506,0.0018756,0.0014317,0.0020295,0.0018508,0.001554,0.0014943,0.0014162,0.0012083,0.00177,0.0016932,0.001738,0.0018741,0.0017207,0.0012765,0.001904,0.0012721,0.0017623,0.0016472,0.0020866,0.0013574,0.0016606,0.0017024,0.00197,0.00222,0.0014904,0.0019529,0.0017972,0.0022242,0.0019637,0.001665,0.0017456,0.002225,0.0017827,0.0013439,0.0017464,0.0017145,0.0020483,0.0017823,0.0019408,0.0020212,0.0016752,0.001735,0.0020419,0.0016688,0.0018915,0.0017306,0.0013809,0.0024128,0.0016964,0.0018549,0.0023495,0.0022675,0.0017785,0.0021628,0.0014337,0.0017666,0.0023768,0.0018593,0.001626,0.0019813,0.0017989,0.0018359,0.0016707,0.001695,0.0021892,0.0018076,0.0016601,0.0019061,0.0012861,0.0015232,0.0019142,0.0015621,0.0017763,0.0018442,0.0016509,0.00123,0.0015613,0.0020812,0.0019228,0.001665,0.0020922,0.0013881,0.0016855,0.0014151,0.0015017,0.0014632,0.001712,0.0015564,0.001876,0.0017169,0.001562,0.0017295,0.0013995,0.0017518,0.0013829,0.0017412,0.0016161,0.0017767,0.0015516,0.0014457,0.0017521,0.0014174,0.0017973,0.002139,0.0016514,0.0017338,0.0017382,0.0018942,0.0016891,0.0016001,0.0017178,0.0017373,0.0017443,0.0017384,0.0017739,0.0020419,0.0018409,0.0016908,0.0013548,0.0016186,0.0015628,0.0016568,0.0017131,0.0016149,0.0017436,0.0016084,0.002185,0.0015761,0.0016499,0.0016304,0.0016338,0.0015988,0.0013832,0.0014567,0.0015358,0.0019466,0.0015985,0.0015312,0.0016181,0.001488,0.0016853,0.0016841,0.001549,0.0015689,0.0016466,0.0017066,0.0014139,0.0017202,0.001437,0.0016515,0.0015061,0.0013697,0.0012808,0.0014952,0.0017179,0.0012332,0.0016367,0.0013359,0.0014058,0.0015888,0.0012606,0.0014639,0.0015946,0.0013596,0.0014483,0.0015079,0.0011612,0.0015018,0.0014536,0.0014634,0.0012505,0.0015457,0.0013192,0.0014895,0.0013596,0.0009664,0.0014884,0.0015846,0.0011782,0.0011847,0.0011406,0.0015147,0.0014793,0.0014523,0.0010449,0.00093749,0.00098595,0.0010093,0.0014683,0.0014105,0.0010327,0.001265,0.0010374,0.0010266,0.00087691,0.00084828,0.0011276,0.001139,0.001365,0.0012189,1074300.0,1105700.0,792270.0,4276700.0,2284500.0,1150800.0,5856800.0,1513400.0,1879800.0,3242500.0,2966100.0,734830.0,5652900.0,1298400.0,4052200.0,2459600.0,5070500.0,4091400.0,1340500.0,3371900.0,2502600.0,3347400.0,11704000.0,958350.0,6311800.0,749460.0,9101500.0,1591900.0,1841400.0,815570.0,3232100.0,1680500.0,5814300.0,23940000.0,2520900.0,2724900.0,4347000.0,1235900.0,1513400.0,1646200.0,2062700.0,1057700.0,2058300.0,1019200.0,7475600.0,2433400.0,1825600.0,1494000.0,2274900.0,15971000.0,952090.0,7278300.0,3995200.0,706940.0,3910700.0,1079100.0,2657700.0,17679000.0,32102000.0,2373200.0,1720700.0,1532600.0,2840700.0,1036400.0,1926200.0,3409900.0,803840.0,2871900.0,1940600.0,3915400.0,2755300.0,1446400.0,1119200.0,15048000.0,5077600.0,1340600.0,3613400.0,1673300.0,965090.0,2573300.0,3702600.0,1313000.0,893150.0,2116300.0,873820.0,1861100.0,2850800.0,4950200.0,4191200.0,2338500.0,5694300.0,1300700.0,9352900.0,4677300.0,1017700.0,1694700.0,903640.0,1769700.0,3509900.0,9918500.0,1730700.0,16523000.0,1417300.0,9919600.0,1633600.0,3256300.0,1272900.0,1628100.0,12535000.0,5115100.0,2157200.0,3869300.0,2389200.0,1225800.0,656170.0,3373000.0,11659000.0,2413800.0,1291100.0,778800.0,1922000.0,735100.0,1193700.0,2218700.0,8786700.0,4156700.0,2627900.0,3087700.0,2361300.0,1498700.0,773560.0,10411000.0,2404500.0,3548600.0,2073400.0,1371700.0,1031900.0,2014200.0,1052000.0,2853800.0,3921600.0,1159600.0,1477000.0,2103000.0,1521000.0,2210500.0,2422200.0,877170.0,6912100.0,1513500.0,9390500.0,6180200.0,809830.0,10291000.0,814480.0,1274500.0,19279000.0,683650.0,12167000.0,721740.0,5575100.0,3693400.0,3817200.0,2647300.0,5252900.0,4116200.0,4227600.0,964530.0,4135000.0,1638700.0,6369200.0,1506700.0,7610900.0,1080700.0,744550.0,4005200.0,2996600.0,1988300.0,8411500.0,2288700.0,948280.0,1205600.0,3671000.0,3568300.0,1940100.0,1475700.0,747540.0,6807100.0,5275200.0,2336700.0,637470.0,17726000.0,3323000.0,5257900.0,1142200.0,18258000.0,5431600.0,1100100.0,8580600.0,1353300.0,1434500.0,3992400.0,5297000.0,799330.0,1639500.0,973680.0,1778500.0,1568200.0,1456500.0,7851700.0,2342100.0,1425100.0,12280000.0,2793800.0,1238000.0,1263500.0,3260300.0,951930.0,4669600.0,1133200.0,1854600.0,8075300.0,4435100.0,696550.0,1421900.0,10018000.0,5258300.0,5069200.0,15394000.0,3001700.0,1931800.0,2342400.0,2994600.0,3189800.0,1882600.0,1749500.0,2275100.0,1499400.0,7215800.0,652060.0,3656200.0,8296200.0,8910100.0,1863600.0,5378600.0,4029700.0,5011000.0,864140.0,1139900.0,5361500.0,1551600.0,6587500.0,3485200.0,7122400.0,1970700.0,1638700.0,1591200.0,1087700.0,1106100.0,2208100.0,945990.0,5091800.0,3371700.0,4404800.0,3356800.0,2894200.0,2745600.0,15584000.0,14989000.0,6042000.0,4601000.0,2807600.0,6148400.0,3762100.0,1781300.0,2740300.0,1353800.0,4824200.0,3044800.0,1.5367,1.8547,4.1666,2.2364,2.4766,3.6653,1.2767,2.2359,4.224,1.2068,1.988,4.218,2.4751,2.664,4.3188,0.77698,2.064,4.2198,1.6476,2.5202,3.8806,3.0755,2.8446,5.864,1.1965,2.024,4.2027,1.7176,1.7168,4.2453,1.286,2.2667,4.2672,0.74937,2.0383,4.2101,2.916,2.8426,4.6372,5.5932,2.755,1.3893,1.2469,2.8239,3.625,0.85902,2.1596,3.002,2.5582,2.1452,4.5373,1.4636,1.6796,3.8946,0.70566,2.6629,3.8844,1.9141,1.8234,3.5208,1.1813,2.3937,3.213,0.35439,2.2903,3.5085,1.8383,1.6369,3.4027,2.052,2.7033,4.2473,1.879,1.6407,3.3739,1.6081,1.6414,3.9631,0.3431,2.1797,3.1375,2.0886,2.4245,4.5003,1.4917,1.6979,3.2593,0.88896,1.9348,2.758,3.202,2.8394,5.9849,1.9427,1.8085,3.5063,0.8957,2.723,2.9073,1.7109,2.5936,4.0032,0.71569,1.8986,2.7502,1.0998,2.4189,3.1264,1.9291,1.926,4.4934,1.7933,1.6544,3.8921,0.59721,2.1619,3.8692,1.3398,2.534,3.8685,0.98642,2.1375,3.1966,2.5962,2.3515,4.3586,2.0167,2.2062,4.7252,1.5238,1.6518,3.9251,1.8846,1.9874,4.4835,1.4838,2.1973,3.2395,0.81657,2.2184,3.0516,2.444,2.4542,4.3677,1.9846,2.5299,4.84,1.9293,2.6164,4.8165,2.5763,2.3435,4.3419,1.273,2.516,3.8856,1.8036,2.3091,4.3764,2.429,2.9954,4.2999,0.62311,2.4018,2.6213,1.4152,2.0241,4.601,1.9159,3.0205,3.7926,0.27582,2.3806,3.3712,1.6913,1.6182,4.0796,0.79779,2.1817,3.0593,2.2617,2.3038,4.7004,0.57879,2.433,3.1079,0.80988,2.2312,3.165,0.018657,2.8963,1.7672,2.0087,2.1686,4.6269,2.526,2.3993,4.2862,2.3258,2.3075,5.1434,1.9644,2.6811,4.1567,1.1221,1.8356,4.0232,4.5325,2.8346,0.66105,0.77722,2.1854,2.9822,1.4508,2.1251,4.2828,1.1597,2.2054,3.5451,2.0644,2.6543,4.3256,1.6226,1.5822,4.1467,1.1766,2.5311,3.1067,0.7496,2.4793,3.7401,2.2038,1.8365,3.6858,1.4248,2.5281,3.4788,1.381,2.6014,3.5302,1.4279,1.6372,4.2756,1.9482,2.6771,4.4723,2.0396,2.6841,4.612,3.3589,2.8258,6.1303,1.7101,1.6245,4.1941,1.8464,1.9472,3.4003,2.4369,2.9644,5.3371,1.1974,2.5737,3.0544,2.6875,2.4048,5.013,0.97233,2.6723,4.1869,1.444,2.4964,3.5367,0.95353,1.9301,4.1222,1.7733,1.6219,4.0643,1.9232,1.9272,3.3929,6.0172,2.9023,2.8574,2.9266,2.2336,4.6621,1.4687,1.9442,4.3458,1.1266,2.5754,3.3495,1.4304,2.4641,3.3884,1.7043,1.9013,3.6674,2.0143,2.4515,4.0669,1.0901,2.3583,3.239,2.4745,1.9198,5.289,1.0094,2.621,3.2787,1.3983,2.5351,3.3466,0.23717,3.0396,3.2031,0.6591,1.8874,2.797,1.6516,1.9688,4.5649,1.4932,1.8243,4.1995,5.2474,2.8119,1.6118,0.86122,2.207,2.9204,0.91776,2.6979,4.1694,2.3708,2.4607,3.6714,2.8968,2.3023,4.9646,3.0321,2.6002,4.5915,2.0496,2.4042,4.5803,2.1958,2.1982,4.1742,0.71364,2.1981,3.3324,0.57985,2.4189,3.0415,0.56984,2.2226,3.8766,2.4981,2.4434,4.5865,0.74005,2.4246,2.9214,1.303,1.5634,4.3673,1.599,1.9474,3.5053,0.31267,2.658,2.1597,3.4255,2.9343,0.27667,0.87269,2.2802,3.0647,1.6274,1.6686,4.1431,1.6556,1.8856,3.2511,0.77384,2.3639,2.8685,2.2058,2.2981,4.9435,1.2959,2.5734,3.1911,1.2462,2.1958,3.6218,0.37691,2.0735,3.2961,1.711,1.9183,3.4363,2.6101,2.056,4.0965,2.056,2.1447,4.9605,1.3772,1.708,3.8444,0.76632,2.0183,2.7928,2.0773,2.1323,5.0548,2.1746,2.2775,4.5471,1.5068,2.427,4.0024,4.0966,2.9098,0.017252,1.8487,2.4799,4.0056,0.65965,1.9848,4.1487,1.2185,2.6228,4.2463,3.3519,2.8029,6.0875,1.7139,1.5649,3.2789,0.25521,2.3699,3.3996,4.9231,2.9982,0.76372,0.43384,2.8146,3.286,1.1749,2.538,3.0609,2.255,2.1835,5.0016,1.6312,2.0654,4.4331,1.6547,1.6231,3.3819,1.7777,2.9409,3.3471,0.73816,2.3477,2.9005,0.81794,2.3959,3.0086,0.24286,2.6599,3.3517,1.9334,2.4347,4.2714,0.63942,2.4197,2.791,1.0122,2.3226,3.5986,1.2945,1.7698,4.3182,0.23621,2.3471,3.4594,1.6921,1.59,3.2795,0.79623,2.3302,2.85,2.959,2.8599,6.0236,1.7581,2.5301,3.9765,2.0333,2.2262,4.6076,2.258,2.6712,5.1069,1.6364,1.9584,3.8205,1.4047,1.7847,3.7434,2.2949,2.1423,4.9934,1.4983,2.5815,3.9566,0.49661,3.0156,2.1717,4.4829,2.9121,0.27372,1.3404,2.8269,4.2118,1.8885,1.9709,3.894,1.1969,2.6697,2.7804,0.15504,2.7897,2.855,1.0618,2.9135,4.1918,0.48917,2.4566,2.5988,0.84731,2.0575,2.8513,0.53551,2.481,3.4051,1.7622,2.2174,4.3237,1.1174,2.8095,4.2522,0.68421,2.0343,2.9857,2.0948,1.8415,3.7289,1.3952,1.8768,3.7035,2.3102,2.6237,4.793,1.5069,1.5732,4.1967,1.2915,2.1403,3.2247,0.72152,2.0738,3.0172,0.72713,2.2871,2.6362,1.786,2.3786,4.1791,2.2639,2.6029,4.919,0.60179,2.0597,2.9654,1.7262,1.7708,3.2965,0.84259,2.9898,2.6005,0.54576,2.5211,2.5936,3.2189,2.7298,6.159,6.2175,2.8687,2.6302,4.1949,2.907,6.1775,2.3968,2.2896,3.7353,1.4489,3.0597,4.4084,1.2579,2.4394,3.4843,0.041298,3.1048,2.9714,2.3756,2.194,3.7554,1.3053,1.8456,3.7003,2.4027,2.3276,4.6193,2.6093,2.7002,4.206,1.2625,2.7121,4.3293,1.7169,1.9433,3.8319,1.1901,2.7565,3.7432,2.3516,2.3637,4.9488,1.4352,2.6196,3.3566,2.1657,2.2733,4.072,0.82195,1.9686,3.3889,2.4253,2.3421,3.8009,2.351,2.3584,3.733,2.2764,1.9879,5.0432,2.6371,2.2893,4.8242,2.3906,2.2398,3.7958,1.4309,1.6073,3.9071,2.3623,2.6113,4.9299,1.7731,1.9468,3.8683,0.81584,2.1232,4.1103,1.5937,1.8413,4.3271,2.3291,2.587,4.9503,1.4509,2.3969,3.2563,5.856,2.8327,2.1323,1.8636,1.757,3.5227,1.9546,2.9351,4.2058,2.0969,1.9833,4.8294,1.1659,2.6145,4.3518,1.9813,2.1531,4.9309,1.6491,1.7853,3.9392,1.6257,2.0039,3.3452,1.1344,2.7312,3.7019,1.0225,2.8473,3.8297,1.541,2.4826,3.9068,1.164,2.6968,3.6849,1.7738,1.7586,4.084,0.76391,2.452,2.8051,1.8426,2.1215,4.4055,0.1027,2.7848,2.9723,1.0535,1.9489,4.324,0.97708,2.2918,3.0702,1.5955,2.4054,4.5661,1.0031,2.0809,2.8327,0.78724,2.0084,2.6947,1.6758,1.772,3.9441,0.88422,2.4443,2.8853,1.3296,1.5844,3.8402,2.7715,2.6063,4.6187,1.0549,2.2105,3.6382,1.1703,2.7406,3.6818,1.9991,1.9951,4.4745,1.0251,1.96,4.2444,1.8968,1.6454,3.4374,1.7093,2.4947,3.9774,2.2318,2.5403,4.8869,2.0739,2.3585,3.6176,1.2134,3.0596,3.461,1.4098,1.4454,4.2503,0.69624,2.9818,3.653,1.6444,1.7283,4.2405,0.79106,2.001,2.7233,0.57278,2.2171,4.0316,2.6158,2.5996,4.5224,2.0134,2.108,3.449,1.3782,2.8915,3.5347,1.0865,2.22,3.6205,2.5375,2.0304,4.4765,1.5013,1.7358,4.4202,1.5976,2.5872,3.5698,2.069,2.2886,4.0637,2.7088,2.3155,4.9708,0.44649,2.506,2.9343
0.14835,0.23491,0.0057847,238.24,260.54,201.49,0.0013627,0.0015749,0.0010133,209.2,226.26,227.71,216.77,212.23,184.33,240.0,225.95,261.96,222.3,255.64,269.76,204.18,229.63,220.19,277.98,219.63,246.81,214.57,183.43,325.23,233.32,197.74,241.61,203.45,270.96,256.76,316.16,173.58,261.87,220.64,222.46,152.82,235.7,258.95,335.87,250.85,198.99,293.18,343.86,299.51,193.37,233.29,183.2,273.11,261.45,294.37,287.88,334.73,280.13,273.38,266.59,338.94,335.98,333.57,270.85,310.99,240.56,212.06,378.37,333.09,332.12,331.2,197.89,274.07,238.02,217.6,190.86,295.38,227.69,259.71,252.34,296.52,305.57,240.23,243.26,276.67,302.23,330.18,286.46,223.24,295.9,277.92,274.56,318.32,184.69,267.15,264.83,281.75,276.5,303.03,295.86,240.39,298.28,238.82,276.49,262.83,333.89,221.85,257.21,327.67,332.28,369.5,248.37,303.93,387.66,396.04,313.05,239.32,295.5,369.33,264.62,258.47,282.69,260.93,338.85,285.24,327.67,359.86,329.16,275.67,338.1,317.55,271.1,296.18,298.6,417.01,241.87,402.22,402.52,368.9,276.95,377.59,223.04,271.43,519.55,286.72,297.71,330.25,310.69,295.18,257.49,311.49,369.27,259.7,340.6,334.38,242.58,296.18,363.43,241.35,267.78,340.06,250.79,160.21,275.04,348.61,308.46,370.53,389.97,217.54,270.49,200.23,209.09,245.43,284.87,218.53,307.67,266.77,224.31,261.69,239.61,274.45,180.6,274.19,258.89,255.33,234.35,227.02,310.25,217.5,300.75,369.55,254.21,270.6,248.5,319.68,274.7,236.01,296.24,329.53,266.19,281.41,280.26,296.61,305.22,262.74,426.46,231.74,250.39,252.63,266.49,250.53,271.21,267.57,320.89,259.02,239.59,264.75,297.79,257.8,197.93,213.31,255.06,323.83,245.31,229.29,287.0,236.59,263.11,266.52,247.83,256.92,280.18,278.52,210.78,276.86,215.95,280.23,224.74,239.55,191.66,269.39,271.92,176.07,275.05,225.2,179.89,259.47,191.65,227.19,265.5,193.25,242.26,254.5,200.43,251.35,250.43,232.12,189.47,246.23,212.62,239.36,235.13,168.1,280.4,282.98,211.53,174.58,207.24,275.61,242.04,243.3,230.42,152.09,161.53,203.26,245.79,240.92,222.75,226.64,213.7,192.18,173.06,183.72,230.87,212.31,250.05,220.62,0.00078101,0.0010567,0.001069,0.0011394,0.0010469,0.00090605,0.0012607,0.00096328,0.0013246,0.0010637,0.0013498,0.001492,0.0010455,0.0012374,0.0010809,0.0016442,0.0012653,0.0013604,0.0013764,0.0011211,0.0018865,0.0015307,0.0012377,0.0016278,0.0013952,0.0017077,0.0014723,0.0018322,0.001304,0.0017214,0.001352,0.0013503,0.001065,0.0013253,0.0015763,0.0019978,0.0015492,0.0013327,0.0017913,0.001929,0.0016298,0.0011186,0.0015285,0.0013705,0.0016455,0.0016465,0.0017848,0.0016031,0.0019549,0.0016689,0.0013404,0.0016218,0.0020628,0.0017958,0.0019719,0.0017028,0.001807,0.0011832,0.0015032,0.0022701,0.0021195,0.0019589,0.0019756,0.0013994,0.0018827,0.0015328,0.0013898,0.0014701,0.0018615,0.0014782,0.0017586,0.001699,0.0017098,0.0018915,0.001531,0.0015844,0.0016429,0.0018703,0.002053,0.0018791,0.0014333,0.0020315,0.0018543,0.0015555,0.0014937,0.0014186,0.0012111,0.0017691,0.0016962,0.0017404,0.0018769,0.0017247,0.0012811,0.0019062,0.0012745,0.0017636,0.0016495,0.0020893,0.0013687,0.0016627,0.001707,0.0019734,0.0022233,0.001494,0.0019566,0.0018004,0.0022282,0.001968,0.0016675,0.0017504,0.0022278,0.0017852,0.0013491,0.0017485,0.0017157,0.0020513,0.0017857,0.0019456,0.0020243,0.001678,0.0017357,0.0020454,0.0016728,0.0018955,0.001734,0.0013849,0.0024177,0.0017014,0.0018582,0.0023536,0.0022727,0.0017809,0.0021664,0.0014375,0.0017707,0.0023832,0.0018622,0.0016286,0.0019858,0.0018013,0.0018388,0.0016733,0.0016986,0.0021938,0.0018107,0.0016663,0.0019075,0.001289,0.001528,0.0019212,0.0015651,0.0017797,0.0018476,0.0016534,0.0012306,0.0015649,0.0020839,0.0019254,0.0016705,0.0020933,0.0013893,0.0016879,0.0014167,0.001504,0.0014657,0.0017142,0.0015589,0.0018783,0.0017197,0.0015638,0.0017322,0.0014018,0.0017541,0.0013845,0.0017426,0.0016176,0.0017782,0.0015526,0.0014466,0.0017542,0.0014194,0.0018008,0.002141,0.0016528,0.0017367,0.0017399,0.0018978,0.001692,0.0016013,0.0017212,0.00174,0.0017474,0.0017419,0.0017755,0.0020447,0.0018438,0.0016936,0.0013593,0.0016206,0.0015648,0.0016587,0.0017147,0.0016166,0.0017463,0.0016113,0.0021891,0.0015785,0.0016527,0.0016314,0.001637,0.0016014,0.0013843,0.0014584,0.0015381,0.0019504,0.0016021,0.001533,0.0016189,0.0014898,0.0016878,0.0016872,0.0015512,0.0015713,0.0016494,0.0017086,0.0014159,0.0017223,0.0014389,0.0016545,0.0015076,0.0013707,0.0012819,0.0014973,0.0017207,0.0012344,0.0016389,0.0013373,0.001408,0.0015913,0.0012624,0.0014653,0.0015974,0.0013616,0.0014499,0.0015097,0.0011624,0.0015043,0.0014556,0.0014651,0.0012518,0.0015475,0.0013205,0.0014914,0.0013619,0.00096751,0.0014901,0.0015873,0.0011796,0.0011861,0.0011418,0.0015163,0.0014811,0.0014539,0.0010461,0.00093871,0.00098683,0.0010103,0.0014698,0.0014124,0.0010339,0.0012665,0.0010386,0.0010278,0.00087795,0.00084911,0.0011286,0.0011398,0.0013664,0.0012201,1074300.0,1105700.0,792270.0,4276700.0,2284500.0,1150800.0,5856800.0,1513400.0,1879800.0,3242500.0,2966100.0,734830.0,5652900.0,1298400.0,4052200.0,2459600.0,5070500.0,4091400.0,1340500.0,3371900.0,2502600.0,3347400.0,11704000.0,958350.0,6311800.0,749460.0,9101500.0,1591900.0,1841400.0,815570.0,3232100.0,1680500.0,5814300.0,23940000.0,2520900.0,2724900.0,4347000.0,1235900.0,1513400.0,1646200.0,2062700.0,1057700.0,2058300.0,1019200.0,7475600.0,2433400.0,1825600.0,1494000.0,2274900.0,15971000.0,952090.0,7278300.0,3995200.0,706940.0,3910700.0,1079100.0,2657700.0,17679000.0,32102000.0,2373200.0,1720700.0,1532600.0,2840700.0,1036400.0,1926200.0,3409900.0,803840.0,2871900.0,1940600.0,3915400.0,2755300.0,1446400.0,1119200.0,15048000.0,5077600.0,1340600.0,3613400.0,1673300.0,965090.0,2573300.0,3702600.0,1313000.0,893150.0,2116300.0,873820.0,1861100.0,2850800.0,4950200.0,4191200.0,2338500.0,5694300.0,1300700.0,9352900.0,4677300.0,1017700.0,1694700.0,903640.0,1769700.0,3509900.0,9918500.0,1730700.0,16523000.0,1417300.0,9919600.0,1633600.0,3256300.0,1272900.0,1628100.0,12535000.0,5115100.0,2157200.0,3869300.0,2389200.0,1225800.0,656170.0,3373000.0,11659000.0,2413800.0,1291100.0,778800.0,1922000.0,735100.0,1193700.0,2218700.0,8786700.0,4156700.0,2627900.0,3087700.0,2361300.0,1498700.0,773560.0,10411000.0,2404500.0,3548600.0,2073400.0,1371700.0,1031900.0,2014200.0,1052000.0,2853800.0,3921600.0,1159600.0,1477000.0,2103000.0,1521000.0,2210500.0,2422200.0,877170.0,6912100.0,1513500.0,9390500.0,6180200.0,809830.0,10291000.0,814480.0,1274500.0,19279000.0,683650.0,12167000.0,721740.0,5575100.0,3693400.0,3817200.0,2647300.0,5252900.0,4116200.0,4227600.0,964530.0,4135000.0,1638700.0,6369200.0,1506700.0,7610900.0,1080700.0,744550.0,4005200.0,2996600.0,1988300.0,8411500.0,2288700.0,948280.0,1205600.0,3671000.0,3568300.0,1940100.0,1475700.0,747540.0,6807100.0,5275200.0,2336700.0,637470.0,17726000.0,3323000.0,5257900.0,1142200.0,18258000.0,5431600.0,1100100.0,8580600.0,1353300.0,1434500.0,3992400.0,5297000.0,799330.0,1639500.0,973680.0,1778500.0,1568200.0,1456500.0,7851700.0,2342100.0,1425100.0,12280000.0,2793800.0,1238000.0,1263500.0,3260300.0,951930.0,4669600.0,1133200.0,1854600.0,8075300.0,4435100.0,696550.0,1421900.0,10018000.0,5258300.0,5069200.0,15394000.0,3001700.0,1931800.0,2342400.0,2994600.0,3189800.0,1882600.0,1749500.0,2275100.0,1499400.0,7215800.0,652060.0,3656200.0,8296200.0,8910100.0,1863600.0,5378600.0,4029700.0,5011000.0,864140.0,1139900.0,5361500.0,1551600.0,6587500.0,3485200.0,7122400.0,1970700.0,1638700.0,1591200.0,1087700.0,1106100.0,2208100.0,945990.0,5091800.0,3371700.0,4404800.0,3356800.0,2894200.0,2745600.0,15584000.0,14989000.0,6042000.0,4601000.0,2807600.0,6148400.0,3762100.0,1781300.0,2740300.0,1353800.0,4824200.0,3044800.0,1.5368,1.8547,4.1666,2.2364,2.4767,3.6653,1.2767,2.2359,4.224,1.2068,1.988,4.2179,2.475,2.664,4.3188,0.77671,2.064,4.2198,1.648,2.5203,3.8805,3.0757,2.8445,5.864,1.1964,2.024,4.2026,1.7174,1.7168,4.2453,1.2861,2.2669,4.2674,0.74894,2.0382,4.2101,2.9159,2.8426,4.6375,5.5927,2.7548,1.389,1.247,2.8238,3.6251,0.85865,2.1597,3.002,2.5585,2.1456,4.5377,1.4636,1.6796,3.8946,0.70601,2.6633,3.8846,1.9138,1.8236,3.521,1.1817,2.3936,3.2134,0.35465,2.2903,3.5082,1.8386,1.6368,3.4028,2.052,2.7029,4.2469,1.8793,1.6407,3.3739,1.6086,1.6413,3.9633,0.34297,2.1798,3.1373,2.0888,2.4247,4.5008,1.4918,1.698,3.2596,0.88924,1.935,2.758,3.2026,2.8394,5.9853,1.9426,1.8088,3.5065,0.89538,2.723,2.9074,1.7106,2.5936,4.0032,0.71606,1.8986,2.75,1.1,2.4188,3.1265,1.9292,1.926,4.4934,1.7936,1.6543,3.8921,0.59759,2.1617,3.8698,1.3405,2.5343,3.8691,0.98633,2.1378,3.1962,2.5966,2.3518,4.359,2.0166,2.2064,4.7253,1.524,1.6516,3.9251,1.8846,1.9878,4.4834,1.484,2.1975,3.2393,0.81649,2.2188,3.051,2.4439,2.4546,4.3678,1.9848,2.5296,4.8398,1.9293,2.6165,4.8162,2.5766,2.3437,4.3423,1.2729,2.516,3.8854,1.804,2.3093,4.3767,2.43,2.9951,4.3006,0.62357,2.4014,2.622,1.4147,2.024,4.6011,1.915,3.0203,3.7915,0.27556,2.3806,3.3712,1.6913,1.6181,4.0796,0.79799,2.1821,3.0593,2.2617,2.3038,4.7006,0.57844,2.4325,3.1082,0.80903,2.2315,3.1647,0.018422,2.8963,1.767,2.0087,2.1692,4.6272,2.5259,2.3997,4.2865,2.3252,2.3076,5.1434,1.9637,2.6806,4.1563,1.1221,1.8355,4.0236,4.5322,2.8343,0.66164,0.77691,2.1855,2.982,1.4509,2.1252,4.283,1.1598,2.2059,3.5452,2.0636,2.6539,4.3248,1.6225,1.5821,4.1467,1.1767,2.531,3.107,0.7495,2.4797,3.74,2.2043,1.8362,3.6858,1.4244,2.5283,3.4788,1.3803,2.6014,3.5299,1.4273,1.6371,4.2756,1.9479,2.6766,4.4719,2.0396,2.6836,4.6122,3.3589,2.8259,6.1308,1.7104,1.6245,4.1941,1.8469,1.9469,3.4002,2.4377,2.9642,5.3378,1.1976,2.5739,3.0544,2.6876,2.4046,5.013,0.97251,2.6725,4.1874,1.4436,2.4965,3.5369,0.95345,1.9302,4.1226,1.7736,1.622,4.0642,1.9241,1.9272,3.3929,6.0169,2.9022,2.8571,2.927,2.2335,4.6623,1.4692,1.944,4.3464,1.1264,2.5751,3.3496,1.4302,2.4642,3.3884,1.7041,1.901,3.6673,2.0148,2.4516,4.0672,1.09,2.3585,3.2391,2.4749,1.9193,5.2895,1.0089,2.6208,3.2787,1.398,2.5355,3.3463,0.23745,3.0398,3.2031,0.65901,1.8878,2.7965,1.6517,1.9684,4.5655,1.4934,1.824,4.1997,5.2466,2.8114,1.6112,0.86153,2.2073,2.9207,0.91795,2.6982,4.1699,2.3715,2.4601,3.6717,2.8975,2.3021,4.9648,3.0328,2.5999,4.5918,2.0498,2.404,4.5806,2.1953,2.1985,4.1741,0.71331,2.1988,3.3322,0.58078,2.4188,3.0416,0.56997,2.223,3.8768,2.498,2.4432,4.5868,0.73965,2.4248,2.921,1.303,1.5634,4.3674,1.5988,1.9472,3.5056,0.31351,2.658,2.1602,3.4255,2.9342,0.27681,0.87253,2.2799,3.0649,1.6274,1.6686,4.1434,1.6559,1.8859,3.2515,0.77388,2.3637,2.8685,2.2061,2.2979,4.9434,1.2965,2.5735,3.1916,1.2468,2.1961,3.6224,0.37594,2.0738,3.296,1.7111,1.918,3.4363,2.6105,2.0557,4.0968,2.0559,2.1448,4.9605,1.3774,1.7078,3.8444,0.76641,2.0186,2.7931,2.0773,2.1322,5.0551,2.1744,2.2778,4.5473,1.5067,2.4274,4.0026,4.0958,2.9092,0.016286,1.8483,2.4802,4.0055,0.65913,1.9849,4.1489,1.2184,2.6228,4.2463,3.3509,2.8026,6.0873,1.7139,1.5648,3.2789,0.25554,2.3702,3.3999,4.9221,2.9983,0.76253,0.43377,2.8147,3.2865,1.1746,2.5381,3.0613,2.2553,2.1837,5.0018,1.6317,2.0652,4.4334,1.6549,1.6231,3.3821,1.7792,2.941,3.3479,0.73858,2.3474,2.9008,0.81769,2.3956,3.0087,0.24276,2.66,3.3517,1.9343,2.4351,4.2716,0.63997,2.4196,2.7912,1.0122,2.3231,3.5984,1.2944,1.7697,4.3183,0.23613,2.3472,3.4596,1.6923,1.5901,3.2795,0.79703,2.3299,2.8503,2.9586,2.8598,6.0238,1.7573,2.5299,3.9763,2.0334,2.2265,4.6077,2.257,2.6709,5.1064,1.6358,1.9584,3.8204,1.405,1.7845,3.7436,2.2951,2.1423,4.9933,1.4984,2.5814,3.9564,0.496,3.0154,2.1706,4.4825,2.9118,0.27352,1.3406,2.8272,4.2114,1.8882,1.9711,3.894,1.1965,2.6698,2.78,0.15422,2.7896,2.8547,1.062,2.9135,4.1919,0.48902,2.4564,2.599,0.84761,2.0579,2.8511,0.53562,2.4812,3.4052,1.7628,2.2176,4.324,1.1168,2.8098,4.2518,0.68447,2.0345,2.9852,2.0952,1.8414,3.7287,1.3956,1.8769,3.7037,2.3096,2.6234,4.7923,1.5074,1.5733,4.1967,1.2913,2.1403,3.2248,0.7218,2.0742,3.0169,0.72742,2.2867,2.6363,1.7862,2.3787,4.1792,2.2635,2.6025,4.9188,0.60172,2.0599,2.9649,1.7265,1.7713,3.2964,0.84309,2.9897,2.6007,0.54565,2.5211,2.5936,3.2194,2.7298,6.1596,6.2178,2.8687,2.6308,4.1939,2.9067,6.1764,2.3969,2.2891,3.7352,1.4496,3.0597,4.4098,1.2576,2.4396,3.4844,0.038946,3.1048,2.9696,2.3756,2.1938,3.7552,1.3054,1.8456,3.7005,2.4026,2.3276,4.6195,2.6093,2.7005,4.2066,1.2625,2.7121,4.3291,1.7164,1.9432,3.8317,1.1904,2.7563,3.7435,2.3514,2.3633,4.9484,1.4347,2.6194,3.3567,2.1656,2.2736,4.0719,0.82188,1.9687,3.3889,2.4253,2.3418,3.801,2.3509,2.3582,3.7329,2.2767,1.9882,5.0436,2.6369,2.2893,4.8242,2.3908,2.2398,3.7957,1.4311,1.6074,3.9073,2.3619,2.611,4.9297,1.7727,1.9468,3.8682,0.81589,2.1232,4.1106,1.5936,1.8414,4.3273,2.3288,2.5866,4.9503,1.4509,2.3969,3.2563,5.8557,2.8325,2.1321,1.8636,1.7569,3.5228,1.9544,2.9348,4.2053,2.0971,1.9834,4.8295,1.1662,2.6147,4.352,1.9817,2.1531,4.9312,1.6492,1.7853,3.9391,1.6258,2.0038,3.345,1.1347,2.7311,3.7022,1.0227,2.8474,3.8297,1.5414,2.4827,3.9069,1.164,2.6965,3.6849,1.7737,1.7585,4.084,0.76355,2.4519,2.8052,1.8425,2.1217,4.4056,0.10274,2.7847,2.9727,1.0533,1.9489,4.3242,0.97716,2.2917,3.0703,1.5953,2.4054,4.5661,1.0032,2.0809,2.8327,0.78739,2.0084,2.6946,1.676,1.7719,3.944,0.88406,2.4442,2.8857,1.3294,1.5844,3.8402,2.7715,2.6064,4.6187,1.0548,2.2108,3.6382,1.1704,2.7404,3.6819,1.9992,1.9952,4.4745,1.0249,1.9599,4.2443,1.8969,1.6454,3.4373,1.7095,2.4947,3.9773,2.2321,2.5402,4.8868,2.0737,2.3585,3.6173,1.2134,3.0596,3.4611,1.4097,1.4454,4.2504,0.69644,2.9817,3.653,1.6444,1.7283,4.2405,0.7912,2.001,2.7232,0.57248,2.2172,4.0319,2.6156,2.5995,4.5224,2.0135,2.1079,3.449,1.3782,2.8914,3.5347,1.0866,2.2202,3.6205,2.5375,2.0305,4.4765,1.5013,1.7358,4.4202,1.5976,2.5872,3.5698,2.069,2.2886,4.0636,2.7088,2.3154,4.9707,0.44651,2.506,2.9343
0.14914,0.23616,0.0058112,238.62,261.09,201.6,0.0013648,0.0015779,0.0010139,209.48,226.54,227.91,217.06,212.44,184.39,240.24,226.28,262.36,222.42,255.99,270.19,204.16,229.84,220.48,278.39,220.02,247.16,214.93,183.4,325.97,233.8,198.19,242.14,203.8,271.5,257.01,316.48,173.64,262.46,221.12,222.66,152.84,236.09,259.64,336.49,251.39,199.55,293.91,344.41,299.75,193.49,233.94,183.7,273.54,261.71,294.91,288.52,335.27,280.45,273.89,266.92,339.63,336.6,334.38,271.27,311.47,241.6,212.77,379.03,333.99,332.73,331.76,197.92,274.1,238.29,218.36,192.04,295.9,228.37,260.41,252.13,297.19,306.12,240.77,243.57,276.75,303.1,330.61,287.49,223.75,296.33,278.89,274.53,318.59,185.0,268.33,264.64,282.4,276.95,303.53,296.8,242.07,298.65,239.57,276.51,263.17,334.55,224.85,257.61,328.89,332.97,370.38,249.1,305.57,388.77,396.87,314.0,239.86,296.39,370.01,265.21,260.12,283.3,261.18,339.6,286.05,328.83,360.85,329.76,276.12,339.2,318.78,272.22,297.47,299.83,418.48,242.86,403.48,403.69,370.05,277.8,378.66,224.01,272.32,521.32,287.87,298.68,331.36,311.54,296.04,257.98,312.26,370.37,260.34,342.51,334.68,243.94,297.79,365.41,241.94,268.52,341.17,251.33,160.27,275.79,349.29,309.08,372.22,390.57,217.7,270.99,200.58,209.71,246.19,285.27,218.97,308.08,267.58,224.66,262.24,240.16,275.08,181.14,274.44,259.19,255.78,234.63,227.22,310.8,218.02,301.5,369.95,254.5,271.28,248.74,320.29,275.27,236.17,296.95,330.17,266.88,282.06,280.58,297.29,305.84,263.28,428.19,232.11,250.81,253.0,266.68,250.82,271.69,268.11,321.81,259.51,240.11,264.89,298.53,258.31,198.13,213.63,255.54,324.56,246.0,229.55,287.16,236.97,263.62,266.98,248.2,257.36,280.54,278.89,211.12,277.32,216.27,280.78,225.04,239.69,191.88,269.78,272.31,176.25,275.41,225.48,180.13,259.83,191.87,227.43,265.94,193.47,242.6,254.87,200.6,251.76,250.76,232.32,189.63,246.52,212.84,239.75,235.45,168.23,280.76,283.39,211.72,174.72,207.43,275.92,242.35,243.61,230.67,152.23,161.65,203.41,246.03,241.28,222.96,226.87,213.9,192.33,173.21,183.83,231.04,212.41,250.33,220.77,0.0007824,0.0010579,0.0010692,0.0011409,0.0010474,0.00090584,0.001262,0.000965,0.0013272,0.0010641,0.0013514,0.001494,0.0010449,0.0012384,0.0010821,0.0016461,0.0012674,0.0013625,0.0013783,0.0011212,0.0018907,0.0015339,0.0012405,0.0016318,0.0013975,0.0017113,0.0014739,0.0018339,0.0013047,0.0017253,0.0013547,0.0013518,0.001065,0.0013272,0.0015804,0.0020017,0.0015522,0.0013363,0.0017951,0.0019323,0.0016318,0.0011193,0.001532,0.0013737,0.0016481,0.0016481,0.0017881,0.0016061,0.0019586,0.001671,0.0013424,0.0016243,0.0020667,0.001799,0.0019763,0.0017057,0.0018098,0.0011866,0.0015079,0.0022749,0.0021245,0.001963,0.0019796,0.001399,0.0018845,0.0015354,0.0013937,0.0014755,0.0018659,0.0014823,0.0017626,0.0016996,0.0017144,0.0018956,0.0015327,0.0015877,0.0016452,0.0018755,0.0020564,0.001884,0.0014347,0.0020342,0.0018591,0.0015583,0.001492,0.0014216,0.0012154,0.0017689,0.0017004,0.001744,0.0018808,0.0017302,0.0012878,0.0019089,0.0012777,0.0017657,0.0016527,0.0020931,0.0013833,0.0016659,0.0017134,0.0019783,0.0022288,0.0014983,0.0019633,0.0018056,0.0022337,0.0019744,0.001671,0.0017568,0.0022318,0.0017889,0.0013532,0.0017516,0.0017173,0.0020556,0.0017901,0.0019523,0.0020284,0.0016816,0.0017377,0.0020513,0.0016776,0.0019015,0.0017388,0.0013905,0.0024255,0.001708,0.0018629,0.0023599,0.0022797,0.0017845,0.0021712,0.0014411,0.0017763,0.0023927,0.0018666,0.001633,0.001992,0.0018049,0.0018432,0.0016763,0.0017034,0.0022001,0.0018149,0.0016739,0.001911,0.0012924,0.001534,0.0019305,0.0015692,0.0017841,0.0018536,0.0016568,0.0012315,0.0015691,0.0020879,0.0019288,0.0016773,0.0020952,0.0013905,0.0016909,0.0014189,0.0015073,0.0014693,0.0017169,0.0015622,0.0018811,0.0017234,0.0015661,0.0017357,0.001405,0.0017572,0.0013864,0.0017448,0.0016194,0.0017801,0.0015536,0.0014476,0.0017575,0.001422,0.0018049,0.0021434,0.0016544,0.0017405,0.0017415,0.0019022,0.0016952,0.0016027,0.0017254,0.0017439,0.0017515,0.0017462,0.0017772,0.0020483,0.0018473,0.0016973,0.0013663,0.001623,0.0015675,0.001661,0.0017165,0.0016188,0.0017494,0.001615,0.0021941,0.0015811,0.0016563,0.0016325,0.0016409,0.0016047,0.0013855,0.0014605,0.0015411,0.0019547,0.0016057,0.0015349,0.0016198,0.0014918,0.0016905,0.0016906,0.0015535,0.001574,0.0016524,0.001711,0.0014182,0.0017248,0.0014411,0.0016578,0.0015091,0.0013716,0.001283,0.0014994,0.0017236,0.0012355,0.0016411,0.0013388,0.0014101,0.0015937,0.001264,0.0014668,0.0016002,0.0013636,0.0014516,0.0015118,0.0011636,0.0015069,0.0014574,0.0014666,0.0012528,0.0015494,0.001322,0.0014937,0.0013639,0.0009683,0.0014924,0.0015899,0.0011808,0.0011872,0.0011429,0.0015179,0.0014828,0.0014557,0.0010474,0.00093983,0.00098751,0.0010112,0.0014713,0.0014143,0.0010351,0.0012678,0.0010396,0.0010287,0.00087871,0.00084973,0.0011295,0.0011405,0.0013679,0.001221,1074300.0,1105700.0,792270.0,4276700.0,2284500.0,1150800.0,5856800.0,1513400.0,1879800.0,3242500.0,2966100.0,734830.0,5652900.0,1298400.0,4052200.0,2459600.0,5070500.0,4091400.0,1340500.0,3371900.0,2502600.0,3347400.0,11704000.0,958350.0,6311800.0,749460.0,9101500.0,1591900.0,1841400.0,815570.0,3232100.0,1680500.0,5814300.0,23940000.0,2520900.0,2724900.0,4347000.0,1235900.0,1513400.0,1646200.0,2062700.0,1057700.0,2058300.0,1019200.0,7475600.0,2433400.0,1825600.0,1494000.0,2274900.0,15971000.0,952090.0,7278300.0,3995200.0,706940.0,3910700.0,1079100.0,2657700.0,17679000.0,32102000.0,2373200.0,1720700.0,1532600.0,2840700.0,1036400.0,1926200.0,3409900.0,803840.0,2871900.0,1940600.0,3915400.0,2755300.0,1446400.0,1119200.0,15048000.0,5077600.0,1340600.0,3613400.0,1673300.0,965090.0,2573300.0,3702600.0,1313000.0,893150.0,2116300.0,873820.0,1861100.0,2850800.0,4950200.0,4191200.0,2338500.0,5694300.0,1300700.0,9352900.0,4677300.0,1017700.0,1694700.0,903640.0,1769700.0,3509900.0,9918500.0,1730700.0,16523000.0,1417300.0,9919600.0,1633600.0,3256300.0,1272900.0,1628100.0,12535000.0,5115100.0,2157200.0,3869300.0,2389200.0,1225800.0,656170.0,3373000.0,11659000.0,2413800.0,1291100.0,778800.0,1922000.0,735100.0,1193700.0,2218700.0,8786700.0,4156700.0,2627900.0,3087700.0,2361300.0,1498700.0,773560.0,10411000.0,2404500.0,3548600.0,2073400.0,1371700.0,1031900.0,2014200.0,1052000.0,2853800.0,3921600.0,1159600.0,1477000.0,2103000.0,1521000.0,2210500.0,2422200.0,877170.0,6912100.0,1513500.0,9390500.0,6180200.0,809830.0,10291000.0,814480.0,1274500.0,19279000.0,683650.0,12167000.0,721740.0,5575100.0,3693400.0,3817200.0,2647300.0,5252900.0,4116200.0,4227600.0,964530.0,4135000.0,1638700.0,6369200.0,1506700.0,7610900.0,1080700.0,744550.0,4005200.0,2996600.0,1988300.0,8411500.0,2288700.0,948280.0,1205600.0,3671000.0,3568300.0,1940100.0,1475700.0,747540.0,6807100.0,5275200.0,2336700.0,637470.0,17726000.0,3323000.0,5257900.0,1142200.0,18258000.0,5431600.0,1100100.0,8580600.0,1353300.0,1434500.0,3992400.0,5297000.0,799330.0,1639500.0,973680.0,1778500.0,1568200.0,1456500.0,7851700.0,2342100.0,1425100.0,12280000.0,2793800.0,1238000.0,1263500.0,3260300.0,951930.0,4669600.0,1133200.0,1854600.0,8075300.0,4435100.0,696550.0,1421900.0,10018000.0,5258300.0,5069200.0,15394000.0,3001700.0,1931800.0,2342400.0,2994600.0,3189800.0,1882600.0,1749500.0,2275100.0,1499400.0,7215800.0,652060.0,3656200.0,8296200.0,8910100.0,1863600.0,5378600.0,4029700.0,5011000.0,864140.0,1139900.0,5361500.0,1551600.0,6587500.0,3485200.0,7122400.0,1970700.0,1638700.0,1591200.0,1087700.0,1106100.0,2208100.0,945990.0,5091800.0,3371700.0,4404800.0,3356800.0,2894200.0,2745600.0,15584000.0,14989000.0,6042000.0,4601000.0,2807600.0,6148400.0,3762100.0,1781300.0,2740300.0,1353800.0,4824200.0,3044800.0,1.5369,1.8548,4.1666,2.2365,2.4767,3.6653,1.2767,2.2359,4.224,1.2066,1.988,4.2178,2.4748,2.664,4.3189,0.77632,2.064,4.2198,1.6486,2.5204,3.8804,3.076,2.8445,5.8641,1.1962,2.0241,4.2024,1.7172,1.7168,4.2453,1.2862,2.2672,4.2677,0.7483,2.038,4.2101,2.9158,2.8426,4.638,5.592,2.7547,1.3885,1.2472,2.8237,3.6252,0.85809,2.1597,3.0019,2.559,2.1462,4.5384,1.4636,1.6796,3.8945,0.70653,2.6638,3.8848,1.9133,1.8239,3.5213,1.1822,2.3934,3.2141,0.35503,2.2903,3.5077,1.8389,1.6366,3.4029,2.0521,2.7022,4.2463,1.8798,1.6405,3.3739,1.6094,1.6411,3.9636,0.34278,2.18,3.137,2.0892,2.425,4.5014,1.4919,1.6981,3.2599,0.88966,1.9353,2.7579,3.2035,2.8394,5.986,1.9424,1.8091,3.5067,0.89491,2.7232,2.9076,1.7101,2.5937,4.0032,0.71662,1.8986,2.7499,1.1001,2.4187,3.1268,1.9294,1.9259,4.4933,1.7941,1.6542,3.8922,0.59817,2.1613,3.8707,1.3416,2.5348,3.8699,0.98619,2.1382,3.1957,2.5972,2.3523,4.3595,2.0165,2.2066,4.7255,1.5243,1.6514,3.9252,1.8846,1.9883,4.4833,1.4843,2.1977,3.2391,0.81638,2.2193,3.0502,2.4437,2.4551,4.3679,1.9851,2.529,4.8394,1.9294,2.6166,4.8159,2.577,2.3442,4.3429,1.2728,2.5161,3.885,1.8047,2.3097,4.3771,2.4314,2.9947,4.3018,0.62426,2.4009,2.623,1.414,2.0238,4.6012,1.9135,3.0199,3.7899,0.27515,2.3805,3.371,1.6913,1.6181,4.0797,0.79831,2.1829,3.0593,2.2617,2.3038,4.7009,0.57791,2.4317,3.1087,0.80776,2.232,3.1641,0.018121,2.8963,1.7667,2.0087,2.1701,4.6276,2.5258,2.4003,4.2868,2.3243,2.3077,5.1433,1.9627,2.6799,4.1558,1.1221,1.8353,4.0241,4.5318,2.8337,0.66257,0.77644,2.1857,2.9817,1.4511,2.1254,4.2832,1.1599,2.2065,3.5455,2.0624,2.6533,4.3236,1.6223,1.5821,4.1467,1.1768,2.5308,3.1076,0.74934,2.4802,3.7399,2.205,1.8358,3.6857,1.4237,2.5287,3.4788,1.3794,2.6015,3.5296,1.4263,1.637,4.2754,1.9474,2.6759,4.4714,2.0396,2.6829,4.6124,3.3589,2.8259,6.1314,1.711,1.6244,4.1941,1.8477,1.9466,3.4,2.4389,2.9641,5.3388,1.1977,2.5741,3.0544,2.6877,2.4043,5.013,0.97277,2.673,4.1881,1.443,2.4966,3.5372,0.95334,1.9303,4.1232,1.774,1.6221,4.0641,1.9253,1.9273,3.3928,6.0165,2.9022,2.8567,2.9277,2.2334,4.6626,1.4699,1.9437,4.3472,1.1261,2.5747,3.3496,1.4299,2.4644,3.3883,1.7039,1.9005,3.6671,2.0155,2.4519,4.0678,1.0899,2.3589,3.2392,2.4754,1.9186,5.2902,1.0082,2.6204,3.2785,1.3975,2.5361,3.346,0.23783,3.04,3.203,0.65887,1.8884,2.7958,1.6518,1.9679,4.5664,1.4937,1.8237,4.1999,5.2455,2.8106,1.6103,0.86197,2.2076,2.9212,0.91823,2.6986,4.1707,2.3724,2.4591,3.672,2.8985,2.3019,4.965,3.0339,2.5996,4.5923,2.0501,2.4037,4.581,2.1946,2.1989,4.174,0.71282,2.1999,3.3318,0.58216,2.4187,3.0419,0.57015,2.2236,3.8772,2.4979,2.4428,4.5872,0.73905,2.4251,2.9204,1.303,1.5633,4.3676,1.5984,1.9468,3.5061,0.31475,2.658,2.1608,3.4254,2.934,0.27704,0.87229,2.2795,3.0651,1.6273,1.6687,4.1437,1.6563,1.8863,3.2521,0.77392,2.3634,2.8686,2.2064,2.2975,4.9434,1.2974,2.5737,3.1922,1.2476,2.1966,3.6233,0.37448,2.0743,3.296,1.7112,1.9176,3.4364,2.6112,2.0552,4.0972,2.0557,2.1448,4.9604,1.3777,1.7075,3.8445,0.76655,2.019,2.7935,2.0772,2.132,5.0556,2.174,2.2781,4.5476,1.5066,2.428,4.0029,4.0946,2.9083,0.014908,1.8477,2.4807,4.0053,0.65835,1.985,4.1492,1.2182,2.6228,4.2461,3.3495,2.8022,6.087,1.714,1.5647,3.2789,0.25603,2.3705,3.4003,4.9207,2.9984,0.76085,0.43365,2.8149,3.2872,1.1742,2.5382,3.0618,2.2556,2.1839,5.0022,1.6325,2.065,4.4337,1.6552,1.623,3.3824,1.7812,2.9411,3.349,0.7392,2.347,2.9013,0.8173,2.3952,3.0088,0.24259,2.6601,3.3516,1.9355,2.4356,4.272,0.64078,2.4193,2.7915,1.0121,2.3239,3.5982,1.2943,1.7696,4.3185,0.23602,2.3474,3.4601,1.6926,1.5902,3.2795,0.7982,2.3293,2.8507,2.9581,2.8597,6.024,1.7561,2.5295,3.976,2.0336,2.2268,4.6078,2.2556,2.6705,5.1056,1.635,1.9584,3.8201,1.4054,1.7842,3.7438,2.2955,2.1423,4.9933,1.4984,2.5811,3.956,0.4951,3.0151,2.1691,4.4819,2.9115,0.27331,1.3408,2.8276,4.2108,1.8879,1.9713,3.894,1.196,2.6699,2.7794,0.153,2.7895,2.8541,1.0622,2.9136,4.1918,0.48878,2.456,2.5992,0.84804,2.0584,2.8507,0.53578,2.4814,3.4053,1.7638,2.2178,4.3243,1.1159,2.8101,4.2512,0.68486,2.035,2.9845,2.0957,1.8413,3.7282,1.3963,1.8771,3.7039,2.3086,2.6228,4.7912,1.5081,1.5734,4.1967,1.2909,2.1402,3.225,0.72222,2.0747,3.0165,0.72786,2.2862,2.6364,1.7865,2.379,4.1793,2.2629,2.602,4.9186,0.60161,2.0602,2.9643,1.7268,1.772,3.2963,0.84383,2.9895,2.6009,0.54548,2.5212,2.5935,3.2202,2.7296,6.1604,6.2183,2.8687,2.6316,4.1925,2.9063,6.1748,2.3972,2.2884,3.7351,1.4506,3.0596,4.4117,1.2572,2.44,3.4844,0.035525,3.1049,2.967,2.3756,2.1936,3.7549,1.3056,1.8456,3.7006,2.4023,2.3277,4.6198,2.6093,2.701,4.2075,1.2624,2.7122,4.329,1.7157,1.9431,3.8314,1.1907,2.7561,3.744,2.351,2.3628,4.9479,1.4338,2.6191,3.357,2.1654,2.2741,4.0717,0.8218,1.9688,3.389,2.4254,2.3414,3.8011,2.3508,2.3579,3.7328,2.2772,1.9886,5.0443,2.6366,2.2893,4.8243,2.391,2.2399,3.7956,1.4313,1.6075,3.9076,2.3613,2.6105,4.9294,1.7721,1.9467,3.868,0.81597,2.123,4.1111,1.5934,1.8415,4.3276,2.3283,2.5859,4.9502,1.4508,2.3969,3.2562,5.8554,2.8322,2.1318,1.8636,1.7567,3.5229,1.954,2.9342,4.2046,2.0975,1.9836,4.8297,1.1665,2.6149,4.3524,1.9823,2.1532,4.9315,1.6493,1.7852,3.939,1.626,2.0037,3.3447,1.1351,2.7309,3.7027,1.0231,2.8474,3.8297,1.542,2.4829,3.9072,1.1641,2.6961,3.6849,1.7734,1.7583,4.084,0.76299,2.4519,2.8054,1.8423,2.122,4.4058,0.10279,2.7847,2.9733,1.0531,1.9489,4.3245,0.97726,2.2915,3.0706,1.5951,2.4055,4.566,1.0033,2.0808,2.8327,0.78763,2.0084,2.6944,1.6763,1.7717,3.9438,0.8838,2.4441,2.8862,1.3291,1.5843,3.8403,2.7715,2.6064,4.6186,1.0547,2.2112,3.6383,1.1706,2.7401,3.682,1.9993,1.9952,4.4745,1.0246,1.9599,4.2443,1.8972,1.6454,3.4373,1.7097,2.4948,3.9772,2.2326,2.5401,4.8866,2.0734,2.3584,3.617,1.2133,3.0595,3.4611,1.4095,1.4454,4.2504,0.69675,2.9817,3.6531,1.6445,1.7282,4.2405,0.79143,2.001,2.7231,0.57202,2.2173,4.0322,2.6153,2.5995,4.5224,2.0136,2.1078,3.4491,1.3781,2.8912,3.5346,1.0866,2.2203,3.6204,2.5375,2.0306,4.4766,1.5014,1.7358,4.4202,1.5975,2.5871,3.5698,2.069,2.2886,4.0636,2.7088,2.3151,4.9705,0.44653,2.5059,2.9342
0.15032,0.23804,0.0058505,239.11,261.83,201.7,0.0013675,0.0015819,0.0010144,209.85,226.91,228.15,217.45,212.69,184.28,240.56,226.71,262.92,222.57,256.43,270.71,204.01,230.11,220.86,278.95,220.55,247.64,215.39,183.23,326.99,234.48,198.78,242.87,204.29,272.26,257.36,316.9,173.72,263.31,221.8,222.87,152.74,236.5,260.58,337.39,252.16,200.32,294.92,345.2,300.05,193.63,234.68,184.42,274.13,262.11,295.7,289.43,336.05,280.87,274.58,267.39,340.67,337.58,335.54,271.81,312.22,242.93,213.76,380.06,335.3,333.74,332.37,197.87,274.23,238.64,219.33,193.66,296.63,229.22,261.15,251.86,298.19,306.87,241.41,244.08,276.92,304.46,331.2,288.93,224.24,296.92,280.39,274.6,318.73,185.49,270.01,264.39,283.37,277.62,304.19,298.04,244.41,299.15,240.66,276.55,263.65,335.33,228.79,258.17,330.62,334.01,371.59,249.93,307.95,390.5,398.14,315.43,240.49,297.63,371.05,266.09,261.85,284.2,261.56,340.71,287.21,330.51,362.16,330.58,276.95,340.92,320.3,273.74,299.29,301.67,420.68,244.17,405.37,405.51,371.61,278.99,380.33,224.76,273.54,524.03,289.52,300.05,332.88,312.79,297.31,258.58,313.34,371.85,261.25,345.17,335.23,245.83,300.1,368.34,242.78,269.52,342.77,251.93,160.28,276.87,350.2,309.9,374.63,391.28,217.8,271.7,201.06,210.64,247.2,285.72,219.59,308.66,268.7,225.18,262.96,240.95,275.94,181.92,274.75,259.61,256.26,234.89,227.42,311.61,218.69,302.55,370.43,254.91,272.16,248.94,321.09,275.97,236.32,297.92,330.97,267.79,282.94,280.98,298.14,306.7,263.99,430.61,232.56,251.38,253.46,266.9,251.23,272.37,268.81,322.94,260.12,240.76,265.05,299.53,258.96,198.37,214.08,256.18,325.5,246.88,229.84,287.36,237.49,264.33,267.56,248.66,257.91,280.98,279.41,211.58,277.9,216.71,281.55,225.4,239.83,192.14,270.26,272.78,176.49,275.88,225.81,180.4,260.27,192.11,227.68,266.5,193.72,243.03,255.37,200.84,252.28,251.16,232.55,189.79,246.85,213.11,240.26,235.86,168.37,281.26,283.9,211.94,174.85,207.64,276.26,242.68,244.02,231.02,152.41,161.75,203.56,246.31,241.73,223.21,227.14,214.11,192.48,173.35,183.94,231.22,212.49,250.66,220.89,0.00078414,0.0010595,0.0010692,0.0011427,0.0010478,0.00090434,0.0012637,0.00096717,0.0013306,0.0010644,0.0013534,0.0014965,0.0010433,0.0012395,0.0010836,0.0016488,0.0012702,0.0013653,0.0013806,0.0011204,0.0018964,0.0015385,0.0012442,0.0016372,0.0014006,0.0017164,0.001476,0.001836,0.0013056,0.001731,0.0013586,0.0013533,0.0010643,0.001329,0.0015861,0.0020073,0.0015564,0.0013411,0.0018003,0.0019369,0.0016342,0.00112,0.0015359,0.0013784,0.0016517,0.0016504,0.001793,0.0016105,0.001964,0.0016737,0.001345,0.001628,0.0020727,0.0018041,0.0019827,0.00171,0.0018141,0.00119,0.0015144,0.0022822,0.0021318,0.0019697,0.0019842,0.0013975,0.0018875,0.0015389,0.0013978,0.0014825,0.0018723,0.0014871,0.0017672,0.0017007,0.001721,0.0019016,0.0015335,0.0015928,0.0016488,0.0018832,0.0020617,0.001891,0.0014343,0.002038,0.0018663,0.0015629,0.0014856,0.0014261,0.0012218,0.0017686,0.0017067,0.0017494,0.0018862,0.0017374,0.0012971,0.0019123,0.0012821,0.0017689,0.0016572,0.0020978,0.0014025,0.0016703,0.0017224,0.0019856,0.0022361,0.0015031,0.0019734,0.0018139,0.0022417,0.0019839,0.0016751,0.0017654,0.0022378,0.0017943,0.001354,0.0017557,0.0017196,0.0020619,0.0017962,0.0019612,0.0020332,0.0016859,0.0017396,0.0020598,0.0016808,0.0019096,0.0017454,0.0013987,0.0024368,0.0017169,0.0018705,0.0023692,0.0022893,0.0017892,0.0021777,0.0014415,0.0017839,0.0024071,0.0018727,0.0016388,0.0020005,0.0018098,0.0018493,0.00168,0.0017102,0.0022088,0.0018206,0.0016846,0.0019165,0.0012959,0.0015425,0.0019438,0.001575,0.0017902,0.0018622,0.0016609,0.0012321,0.0015751,0.0020934,0.0019335,0.0016872,0.0020967,0.0013913,0.0016953,0.0014221,0.001512,0.0014739,0.0017199,0.0015667,0.0018849,0.0017286,0.0015695,0.0017405,0.0014095,0.0017615,0.0013892,0.0017474,0.001622,0.0017821,0.0015542,0.0014486,0.0017622,0.0014253,0.0018105,0.0021464,0.0016566,0.0017456,0.0017429,0.001908,0.0016991,0.0016041,0.001731,0.0017487,0.0017569,0.001752,0.0017793,0.0020527,0.0018522,0.0017021,0.0013773,0.0016258,0.0015711,0.0016638,0.0017187,0.0016218,0.0017536,0.0016198,0.0022004,0.0015842,0.0016609,0.0016338,0.0016463,0.0016089,0.001387,0.0014634,0.001545,0.0019602,0.00161,0.0015372,0.001621,0.0014947,0.0016943,0.001695,0.0015562,0.0015777,0.0016564,0.0017143,0.0014213,0.0017278,0.0014441,0.0016625,0.0015107,0.0013725,0.0012844,0.001502,0.0017272,0.0012371,0.0016441,0.0013405,0.0014128,0.0015968,0.0012657,0.0014684,0.0016039,0.0013659,0.0014537,0.0015145,0.0011654,0.0015103,0.0014595,0.0014684,0.0012539,0.0015515,0.0013237,0.0014966,0.0013663,0.00096906,0.0014953,0.0015933,0.0011821,0.0011885,0.001144,0.0015196,0.0014846,0.001458,0.001049,0.00094119,0.00098799,0.0010119,0.001473,0.0014167,0.0010364,0.0012694,0.0010407,0.0010295,0.0008794,0.00085022,0.0011303,0.001141,0.0013695,0.0012217,1074300.0,1105700.0,792270.0,4276700.0,2284500.0,1150800.0,5856800.0,1513400.0,1879800.0,3242500.0,2966100.0,734830.0,5652900.0,1298400.0,4052200.0,2459600.0,5070500.0,4091400.0,1340500.0,3371900.0,2502600.0,3347400.0,11704000.0,958350.0,6311800.0,749460.0,9101500.0,1591900.0,1841400.0,815570.0,3232100.0,1680500.0,5814300.0,23940000.0,2520900.0,2724900.0,4347000.0,1235900.0,1513400.0,1646200.0,2062700.0,1057700.0,2058300.0,1019200.0,7475600.0,2433400.0,1825600.0,1494000.0,2274900.0,15971000.0,952090.0,7278300.0,3995200.0,706940.0,3910700.0,1079100.0,2657700.0,17679000.0,32102000.0,2373200.0,1720700.0,1532600.0,2840700.0,1036400.0,1926200.0,3409900.0,803840.0,2871900.0,1940600.0,3915400.0,2755300.0,1446400.0,1119200.0,15048000.0,5077600.0,1340600.0,3613400.0,1673300.0,965090.0,2573300.0,3702600.0,1313000.0,893150.0,2116300.0,873820.0,1861100.0,2850800.0,4950200.0,4191200.0,2338500.0,5694300.0,1300700.0,9352900.0,4677300.0,1017700.0,1694700.0,903640.0,1769700.0,3509900.0,9918500.0,1730700.0,16523000.0,1417300.0,9919600.0,1633600.0,3256300.0,1272900.0,1628100.0,12535000.0,5115100.0,2157200.0,3869300.0,2389200.0,1225800.0,656170.0,3373000.0,11659000.0,2413800.0,1291100.0,778800.0,1922000.0,735100.0,1193700.0,2218700.0,8786700.0,4156700.0,2627900.0,3087700.0,2361300.0,1498700.0,773560.0,10411000.0,2404500.0,3548600.0,2073400.0,1371700.0,1031900.0,2014200.0,1052000.0,2853800.0,3921600.0,1159600.0,1477000.0,2103000.0,1521000.0,2210500.0,2422200.0,877170.0,6912100.0,1513500.0,9390500.0,6180200.0,809830.0,10291000.0,814480.0,1274500.0,19279000.0,683650.0,12167000.0,721740.0,5575100.0,3693400.0,3817200.0,2647300.0,5252900.0,4116200.0,4227600.0,964530.0,4135000.0,1638700.0,6369200.0,1506700.0,7610900.0,1080700.0,744550.0,4005200.0,2996600.0,1988300.0,8411500.0,2288700.0,948280.0,1205600.0,3671000.0,3568300.0,1940100.0,1475700.0,747540.0,6807100.0,5275200.0,2336700.0,637470.0,17726000.0,3323000.0,5257900.0,1142200.0,18258000.0,5431600.0,1100100.0,8580600.0,1353300.0,1434500.0,3992400.0,5297000.0,799330.0,1639500.0,973680.0,1778500.0,1568200.0,1456500.0,7851700.0,2342100.0,1425100.0,12280000.0,2793800.0,1238000.0,1263500.0,3260300.0,951930.0,4669600.0,1133200.0,1854600.0,8075300.0,4435100.0,696550.0,1421900.0,10018000.0,5258300.0,5069200.0,15394000.0,3001700.0,1931800.0,2342400.0,2994600.0,3189800.0,1882600.0,1749500.0,2275100.0,1499400.0,7215800.0,652060.0,3656200.0,8296200.0,8910100.0,1863600.0,5378600.0,4029700.0,5011000.0,864140.0,1139900.0,5361500.0,1551600.0,6587500.0,3485200.0,7122400.0,1970700.0,1638700.0,1591200.0,1087700.0,1106100.0,2208100.0,945990.0,5091800.0,3371700.0,4404800.0,3356800.0,2894200.0,2745600.0,15584000.0,14989000.0,6042000.0,4601000.0,2807600.0,6148400.0,3762100.0,1781300.0,2740300.0,1353800.0,4824200.0,3044800.0,1.5371,1.8549,4.1666,2.2366,2.4768,3.6653,1.2767,2.236,4.224,1.2064,1.9879,4.2177,2.4746,2.664,4.3191,0.77573,2.0641,4.2199,1.6496,2.5206,3.8803,3.0764,2.8445,5.8641,1.1959,2.0243,4.2022,1.7169,1.7167,4.2452,1.2864,2.2676,4.2681,0.74734,2.0378,4.2101,2.9156,2.8426,4.6386,5.5909,2.7544,1.3878,1.2475,2.8234,3.6253,0.85726,2.1598,3.0017,2.5597,2.1471,4.5393,1.4635,1.6795,3.8944,0.70732,2.6647,3.8851,1.9126,1.8243,3.5218,1.1829,2.3931,3.215,0.35559,2.2904,3.507,1.8394,1.6363,3.4031,2.0522,2.7012,4.2455,1.8806,1.6403,3.3738,1.6106,1.6408,3.964,0.3425,2.1803,3.1365,2.0899,2.4254,4.5023,1.4921,1.6983,3.2604,0.89031,1.9357,2.7578,3.2048,2.8393,5.987,1.9422,1.8096,3.5071,0.8942,2.7234,2.9078,1.7094,2.5938,4.0032,0.71745,1.8987,2.7496,1.1003,2.4185,3.1272,1.9296,1.9258,4.4933,1.7949,1.6541,3.8922,0.59902,2.1608,3.8721,1.3432,2.5355,3.8711,0.986,2.1388,3.195,2.5981,2.3529,4.3604,2.0164,2.2068,4.7257,1.5248,1.6511,3.9253,1.8846,1.989,4.4832,1.4847,2.198,3.2387,0.81622,2.2202,3.0489,2.4435,2.4559,4.368,1.9855,2.5283,4.8389,1.9294,2.6167,4.8153,2.5776,2.3448,4.3437,1.2727,2.5162,3.8845,1.8058,2.3103,4.3778,2.4337,2.9942,4.3035,0.6253,2.4001,2.6245,1.4129,2.0236,4.6013,1.9114,3.0194,3.7874,0.27454,2.3805,3.3708,1.6913,1.618,4.0797,0.79881,2.1839,3.0593,2.2616,2.3039,4.7012,0.57708,2.4306,3.1094,0.80587,2.2328,3.1633,0.017704,2.8963,1.7662,2.0088,2.1714,4.6282,2.5256,2.4013,4.2874,2.323,2.3078,5.1433,1.9612,2.6788,4.1549,1.122,1.8349,4.0249,4.5312,2.833,0.66396,0.77576,2.1859,2.9812,1.4513,2.1257,4.2834,1.16,2.2075,3.5458,2.0606,2.6524,4.3219,1.622,1.582,4.1468,1.1769,2.5305,3.1083,0.74908,2.481,3.7398,2.2062,1.8353,3.6856,1.4226,2.5291,3.4788,1.378,2.6015,3.529,1.4248,1.6368,4.2753,1.9466,2.6748,4.4706,2.0397,2.6818,4.6128,3.3588,2.8261,6.1322,1.7118,1.6243,4.1942,1.8488,1.9461,3.3996,2.4406,2.9638,5.3403,1.198,2.5744,3.0544,2.6878,2.4038,5.013,0.97317,2.6736,4.1892,1.4422,2.4968,3.5375,0.9532,1.9306,4.1241,1.7745,1.6223,4.0639,1.9271,1.9274,3.3928,6.0158,2.9021,2.8562,2.9287,2.2332,4.6631,1.471,1.9433,4.3484,1.1258,2.5741,3.3497,1.4295,2.4647,3.3881,1.7036,1.8998,3.6669,2.0165,2.4522,4.0685,1.0897,2.3594,3.2395,2.4763,1.9176,5.2913,1.0072,2.6197,3.2783,1.3966,2.5371,3.3454,0.2383,3.0404,3.2029,0.65867,1.8893,2.7948,1.6521,1.9671,4.5678,1.4943,1.8231,4.2003,5.244,2.8094,1.6091,0.86261,2.2081,2.9219,0.91866,2.6993,4.1719,2.3737,2.4576,3.6724,2.9001,2.3015,4.9653,3.0355,2.5992,4.5931,2.0506,2.4032,4.5816,2.1935,2.1995,4.1737,0.71211,2.2016,3.3314,0.58418,2.4186,3.0423,0.57041,2.2244,3.8777,2.4977,2.4423,4.5877,0.73814,2.4256,2.9194,1.303,1.5633,4.3678,1.5979,1.9462,3.5067,0.31656,2.6581,2.1618,3.4253,2.9337,0.27738,0.87192,2.2788,3.0654,1.6272,1.6687,4.1443,1.657,1.887,3.253,0.77397,2.3629,2.8687,2.2071,2.2969,4.9433,1.2987,2.5739,3.1932,1.2488,2.1973,3.6246,0.37232,2.075,3.2959,1.7114,1.9169,3.4365,2.6121,2.0546,4.0979,2.0555,2.1449,4.9604,1.378,1.7071,3.8446,0.76675,2.0196,2.7941,2.0771,2.1317,5.0563,2.1735,2.2786,4.5481,1.5064,2.4288,4.0034,4.0927,2.9071,0.01285,1.8469,2.4814,4.005,0.65717,1.9851,4.1496,1.218,2.6227,4.2459,3.3474,2.8016,6.0865,1.7141,1.5645,3.2789,0.25674,2.371,3.4009,4.9188,2.9986,0.7584,0.43349,2.8151,3.2883,1.1736,2.5385,3.0627,2.2561,2.1842,5.0027,1.6337,2.0646,4.4343,1.6557,1.6229,3.3829,1.7842,2.9414,3.3506,0.74011,2.3463,2.902,0.81673,2.3946,3.009,0.24233,2.6603,3.3514,1.9373,2.4364,4.2726,0.64197,2.4189,2.7919,1.0121,2.3249,3.5978,1.294,1.7694,4.3187,0.23585,2.3477,3.4607,1.693,1.5903,3.2795,0.79993,2.3285,2.8512,2.9573,2.8596,6.0244,1.7543,2.529,3.9756,2.0337,2.2272,4.6079,2.2535,2.6699,5.1045,1.6338,1.9583,3.8198,1.406,1.7838,3.7442,2.2959,2.1423,4.9931,1.4985,2.5808,3.9554,0.49378,3.0146,2.1668,4.4811,2.911,0.273,1.3411,2.8283,4.2099,1.8874,1.9715,3.8939,1.1951,2.6702,2.7784,0.15117,2.7893,2.8533,1.0626,2.9137,4.1918,0.48843,2.4555,2.5995,0.84865,2.0592,2.8502,0.53603,2.4817,3.4055,1.7652,2.2182,4.3248,1.1147,2.8106,4.2503,0.68544,2.0356,2.9834,2.0964,1.8411,3.7276,1.3973,1.8773,3.7043,2.3072,2.6219,4.7896,1.5091,1.5735,4.1967,1.2904,2.1402,3.2254,0.72285,2.0754,3.016,0.72848,2.2853,2.6365,1.7869,2.3793,4.1796,2.262,2.6012,4.9183,0.60145,2.0606,2.9634,1.7274,1.773,3.2961,0.84495,2.9892,2.6013,0.54522,2.5214,2.5935,3.2213,2.7295,6.1617,6.2191,2.8687,2.6329,4.1904,2.9056,6.1724,2.3975,2.2872,3.7349,1.452,3.0595,4.4145,1.2565,2.4405,3.4844,0.030431,3.105,2.9631,2.3756,2.1932,3.7545,1.306,1.8455,3.7009,2.402,2.3277,4.6203,2.6093,2.7017,4.2089,1.2623,2.7123,4.3287,1.7145,1.9429,3.8309,1.1912,2.7558,3.7447,2.3505,2.3621,4.9471,1.4326,2.6187,3.3573,2.1651,2.2748,4.0714,0.82166,1.969,3.3891,2.4255,2.3407,3.8014,2.3506,2.3574,3.7326,2.2779,1.9892,5.0453,2.6361,2.2893,4.8245,2.3912,2.2399,3.7955,1.4317,1.6076,3.9081,2.3605,2.6098,4.9289,1.7712,1.9466,3.8677,0.81608,2.1228,4.1117,1.5932,1.8416,4.3281,2.3276,2.585,4.9501,1.4507,2.397,3.2562,5.8549,2.8318,2.1314,1.8636,1.7565,3.5231,1.9534,2.9334,4.2034,2.0982,1.9839,4.8301,1.167,2.6152,4.3529,1.9831,2.1533,4.9319,1.6495,1.785,3.9387,1.6262,2.0036,3.3443,1.1358,2.7307,3.7034,1.0238,2.8475,3.8297,1.5428,2.4833,3.9075,1.1642,2.6954,3.6848,1.773,1.7579,4.0839,0.76216,2.4518,2.8056,1.842,2.1224,4.406,0.10286,2.7845,2.9742,1.0528,1.9489,4.3249,0.97743,2.2911,3.0709,1.5948,2.4055,4.5658,1.0034,2.0808,2.8326,0.78798,2.0084,2.6941,1.6767,1.7714,3.9437,0.88341,2.444,2.8871,1.3287,1.5842,3.8403,2.7715,2.6066,4.6184,1.0545,2.2119,3.6383,1.1708,2.7396,3.6822,1.9995,1.9953,4.4745,1.0241,1.9599,4.2441,1.8975,1.6454,3.4372,1.7101,2.4949,3.977,2.2333,2.54,4.8863,2.0729,2.3582,3.6164,1.2132,3.0594,3.4612,1.4092,1.4453,4.2506,0.69721,2.9815,3.6533,1.6447,1.728,4.2406,0.79177,2.0009,2.723,0.57133,2.2174,4.0328,2.6148,2.5995,4.5224,2.0138,2.1077,3.4491,1.378,2.891,3.5346,1.0866,2.2206,3.6203,2.5376,2.0309,4.4767,1.5015,1.7358,4.4202,1.5974,2.5871,3.5697,2.0691,2.2886,4.0636,2.7089,2.3147,4.9703,0.44657,2.5057,2.9341
0.15209,0.24084,0.0059082,239.67,262.73,201.68,0.0013705,0.0015867,0.0010145,210.31,227.39,228.35,217.96,212.9,183.63,241.02,227.24,263.65,222.71,256.84,271.15,203.53,230.37,221.32,279.7,221.24,248.29,215.93,182.68,328.38,235.45,199.59,243.89,204.98,273.27,257.79,317.41,173.86,264.54,222.75,222.9,152.27,236.66,261.88,338.66,253.19,201.36,296.29,346.18,300.29,193.72,235.02,185.42,274.92,262.82,296.84,290.78,337.17,281.36,275.39,268.07,342.29,339.14,337.28,272.58,313.43,244.33,215.08,381.75,337.31,335.31,332.54,197.67,274.63,239.01,220.27,195.74,297.59,229.97,261.55,251.54,299.79,307.85,242.01,245.03,277.33,306.7,332.02,290.9,224.34,297.63,282.64,274.95,318.26,186.35,272.25,264.1,284.93,278.59,304.99,299.33,247.45,299.83,242.35,276.63,264.37,335.83,233.77,258.84,333.08,335.67,372.95,250.42,311.32,393.18,400.13,317.7,241.01,299.28,372.77,267.46,262.34,285.43,262.18,342.35,288.89,333.06,363.68,331.67,278.47,343.63,322.08,275.75,301.8,304.56,424.1,245.82,408.29,408.59,373.69,280.61,382.92,223.73,275.16,528.24,292.01,302.08,334.92,314.62,299.21,259.24,314.81,373.77,262.45,349.12,336.08,248.49,303.33,372.67,243.91,270.89,344.87,252.18,159.98,278.37,351.31,310.97,378.28,391.84,217.55,272.66,201.7,211.96,248.32,286.0,220.39,309.45,270.14,225.97,263.95,241.92,277.01,182.82,274.95,260.18,256.56,234.96,227.44,312.64,219.33,303.94,370.79,255.52,273.07,248.92,321.84,276.65,236.32,299.09,331.69,268.89,284.02,281.4,299.05,307.93,264.75,433.86,232.94,252.09,253.92,267.03,251.83,273.36,269.56,324.15,260.69,241.5,265.13,300.74,259.66,198.55,214.7,256.94,326.61,247.83,230.02,287.45,238.24,265.3,268.19,249.04,258.55,281.42,280.08,212.17,278.52,217.32,282.55,225.67,239.83,192.33,270.69,273.22,176.78,276.42,226.06,180.64,260.71,192.25,227.85,267.13,193.9,243.59,256.01,201.1,252.89,251.52,232.7,189.84,247.08,213.29,240.89,236.27,168.42,281.87,284.45,212.08,174.91,207.74,276.51,242.93,244.52,231.41,152.59,161.72,203.62,246.48,242.31,223.49,227.4,214.27,192.55,173.41,183.95,231.29,212.4,250.92,220.87,0.00078611,0.0010612,0.0010684,0.0011449,0.0010477,0.00089933,0.0012661,0.0009697,0.001335,0.0010645,0.0013551,0.0014982,0.0010391,0.0012405,0.0010851,0.0016521,0.0012738,0.001369,0.0013832,0.001117,0.0019042,0.0015451,0.0012492,0.0016448,0.0014052,0.0017235,0.0014784,0.0018384,0.0013065,0.0017391,0.0013641,0.0013535,0.0010611,0.0013292,0.001594,0.0020154,0.0015622,0.0013469,0.0018073,0.0019431,0.001636,0.00112,0.0015378,0.001385,0.0016565,0.0016539,0.0018003,0.0016172,0.0019719,0.0016768,0.001348,0.0016329,0.0020822,0.0018122,0.0019927,0.0017163,0.001821,0.0011904,0.0015229,0.0022936,0.0021427,0.0019803,0.0019871,0.0013931,0.0018927,0.0015435,0.0013991,0.0014913,0.0018811,0.0014911,0.0017704,0.0017027,0.0017311,0.00191,0.0015297,0.0016012,0.001655,0.0018956,0.0020698,0.0019008,0.0014274,0.0020433,0.0018774,0.0015705,0.0014639,0.0014335,0.0012301,0.0017684,0.0017162,0.0017576,0.0018937,0.0017461,0.0013086,0.0019168,0.0012884,0.001774,0.0016638,0.0021019,0.0014267,0.0016762,0.0017355,0.0019969,0.0022451,0.0015059,0.0019881,0.0018272,0.0022539,0.0019994,0.0016786,0.0017768,0.0022473,0.0018024,0.0013405,0.0017608,0.0017229,0.0020713,0.0018048,0.0019723,0.0020373,0.0016899,0.0017376,0.0020715,0.0016755,0.0019204,0.0017539,0.0014107,0.0024526,0.0017278,0.0018833,0.0023836,0.0023021,0.0017949,0.0021861,0.0014259,0.0017944,0.0024298,0.0018803,0.0016439,0.0020118,0.0018152,0.0018573,0.0016843,0.0017193,0.0022203,0.001828,0.0017005,0.0019246,0.0012981,0.0015535,0.0019632,0.0015828,0.0017987,0.001873,0.0016639,0.0012302,0.0015838,0.0021004,0.0019396,0.0017022,0.002095,0.0013898,0.0017012,0.0014263,0.0015186,0.0014787,0.0017216,0.0015726,0.0018902,0.0017357,0.0015745,0.001747,0.0014155,0.0017672,0.0013925,0.0017494,0.0016257,0.0017831,0.0015532,0.0014485,0.0017686,0.0014284,0.001818,0.0021487,0.0016594,0.0017514,0.0017432,0.0019144,0.0017031,0.0016049,0.0017379,0.0017525,0.0017638,0.0017594,0.0017812,0.0020573,0.0018591,0.0017076,0.0013938,0.0016277,0.0015755,0.0016662,0.0017206,0.0016263,0.0017595,0.0016248,0.0022066,0.0015865,0.0016663,0.0016345,0.0016527,0.0016136,0.0013879,0.0014676,0.0015497,0.0019666,0.0016143,0.0015391,0.0016214,0.0014989,0.0016996,0.0016998,0.0015585,0.0015819,0.0016607,0.0017186,0.0014256,0.0017309,0.0014482,0.0016685,0.0015116,0.0013727,0.0012852,0.0015043,0.0017309,0.0012389,0.0016477,0.0013416,0.0014157,0.0016,0.0012669,0.0014694,0.0016081,0.001368,0.0014565,0.0015179,0.0011674,0.0015143,0.0014612,0.0014696,0.0012543,0.0015531,0.0013249,0.0015003,0.0013687,0.00096917,0.001499,0.001597,0.0011827,0.0011893,0.0011444,0.0015207,0.0014859,0.0014608,0.0010507,0.00094251,0.00098745,0.0010119,0.0014741,0.0014198,0.0010378,0.0012708,0.0010413,0.0010298,0.0008794,0.00084991,0.0011304,0.0011405,0.0013705,0.0012214,1074300.0,1105700.0,792270.0,4276700.0,2284500.0,1150800.0,5856800.0,1513400.0,1879800.0,3242500.0,2966100.0,734830.0,5652900.0,1298400.0,4052200.0,2459600.0,5070500.0,4091400.0,1340500.0,3371900.0,2502600.0,3347400.0,11704000.0,958350.0,6311800.0,749460.0,9101500.0,1591900.0,1841400.0,815570.0,3232100.0,1680500.0,5814300.0,23940000.0,2520900.0,2724900.0,4347000.0,1235900.0,1513400.0,1646200.0,2062700.0,1057700.0,2058300.0,1019200.0,7475600.0,2433400.0,1825600.0,1494000.0,2274900.0,15971000.0,952090.0,7278300.0,3995200.0,706940.0,3910700.0,1079100.0,2657700.0,17679000.0,32102000.0,2373200.0,1720700.0,1532600.0,2840700.0,1036400.0,1926200.0,3409900.0,803840.0,2871900.0,1940600.0,3915400.0,2755300.0,1446400.0,1119200.0,15048000.0,5077600.0,1340600.0,3613400.0,1673300.0,965090.0,2573300.0,3702600.0,1313000.0,893150.0,2116300.0,873820.0,1861100.0,2850800.0,4950200.0,4191200.0,2338500.0,5694300.0,1300700.0,9352900.0,4677300.0,1017700.0,1694700.0,903640.0,1769700.0,3509900.0,9918500.0,1730700.0,16523000.0,1417300.0,9919600.0,1633600.0,3256300.0,1272900.0,1628100.0,12535000.0,5115100.0,2157200.0,3869300.0,2389200.0,1225800.0,656170.0,3373000.0,11659000.0,2413800.0,1291100.0,778800.0,1922000.0,735100.0,1193700.0,2218700.0,8786700.0,4156700.0,2627900.0,3087700.0,2361300.0,1498700.0,773560.0,10411000.0,2404500.0,3548600.0,2073400.0,1371700.0,1031900.0,2014200.0,1052000.0,2853800.0,3921600.0,1159600.0,1477000.0,2103000.0,1521000.0,2210500.0,2422200.0,877170.0,6912100.0,1513500.0,9390500.0,6180200.0,809830.0,10291000.0,814480.0,1274500.0,19279000.0,683650.0,12167000.0,721740.0,5575100.0,3693400.0,3817200.0,2647300.0,5252900.0,4116200.0,4227600.0,964530.0,4135000.0,1638700.0,6369200.0,1506700.0,7610900.0,1080700.0,744550.0,4005200.0,2996600.0,1988300.0,8411500.0,2288700.0,948280.0,1205600.0,3671000.0,3568300.0,1940100.0,1475700.0,747540.0,6807100.0,5275200.0,2336700.0,637470.0,17726000.0,3323000.0,5257900.0,1142200.0,18258000.0,5431600.0,1100100.0,8580600.0,1353300.0,1434500.0,3992400.0,5297000.0,799330.0,1639500.0,973680.0,1778500.0,1568200.0,1456500.0,7851700.0,2342100.0,1425100.0,12280000.0,2793800.0,1238000.0,1263500.0,3260300.0,951930.0,4669600.0,1133200.0,1854600.0,8075300.0,4435100.0,696550.0,1421900.0,10018000.0,5258300.0,5069200.0,15394000.0,3001700.0,1931800.0,2342400.0,2994600.0,3189800.0,1882600.0,1749500.0,2275100.0,1499400.0,7215800.0,652060.0,3656200.0,8296200.0,8910100.0,1863600.0,5378600.0,4029700.0,5011000.0,864140.0,1139900.0,5361500.0,1551600.0,6587500.0,3485200.0,7122400.0,1970700.0,1638700.0,1591200.0,1087700.0,1106100.0,2208100.0,945990.0,5091800.0,3371700.0,4404800.0,3356800.0,2894200.0,2745600.0,15584000.0,14989000.0,6042000.0,4601000.0,2807600.0,6148400.0,3762100.0,1781300.0,2740300.0,1353800.0,4824200.0,3044800.0,1.5373,1.855,4.1666,2.2368,2.477,3.6653,1.2767,2.2361,4.224,1.2061,1.9878,4.2175,2.4742,2.664,4.3193,0.77487,2.0642,4.22,1.6511,2.521,3.8801,3.077,2.8445,5.8643,1.1954,2.0245,4.2018,1.7164,1.7166,4.2451,1.2867,2.2682,4.2687,0.74592,2.0375,4.21,2.9153,2.8426,4.6396,5.5892,2.754,1.3868,1.2478,2.8231,3.6255,0.85603,2.1599,3.0015,2.5607,2.1485,4.5406,1.4635,1.6795,3.8943,0.70849,2.6659,3.8855,1.9116,1.825,3.5225,1.184,2.3926,3.2163,0.35643,2.2904,3.506,1.8402,1.6359,3.4034,2.0523,2.6998,4.2443,1.8817,1.6401,3.3737,1.6123,1.6403,3.9646,0.3421,2.1808,3.1358,2.0908,2.426,4.5036,1.4924,1.6985,3.2611,0.89128,1.9364,2.7576,3.2068,2.8393,5.9885,1.942,1.8103,3.5076,0.89315,2.7237,2.9081,1.7084,2.5939,4.0033,0.71871,1.8987,2.7492,1.1007,2.4182,3.1278,1.9299,1.9257,4.4932,1.7961,1.654,3.8924,0.60032,2.1601,3.8741,1.3456,2.5365,3.8728,0.98575,2.1397,3.1938,2.5995,2.354,4.3616,2.0162,2.2072,4.726,1.5255,1.6506,3.9254,1.8846,1.9901,4.483,1.4853,2.1985,3.2381,0.81603,2.2214,3.0469,2.4431,2.4572,4.3682,1.9863,2.5272,4.8382,1.9295,2.6169,4.8145,2.5786,2.3458,4.345,1.2725,2.5163,3.8838,1.8074,2.3112,4.3787,2.4371,2.9934,4.3061,0.62689,2.3989,2.6267,1.4114,2.0233,4.6016,1.9084,3.0186,3.7839,0.27361,2.3804,3.3704,1.6914,1.618,4.0797,0.79963,2.1855,3.0593,2.2617,2.3039,4.7018,0.5758,2.4289,3.1104,0.80307,2.2338,3.1621,0.017178,2.8964,1.7654,2.0091,2.1733,4.6292,2.5254,2.4028,4.2882,2.321,2.3081,5.1432,1.959,2.6771,4.1537,1.122,1.8345,4.0261,4.5303,2.8318,0.66602,0.77479,2.1862,2.9805,1.4518,2.126,4.2839,1.1602,2.209,3.5463,2.058,2.651,4.3193,1.6216,1.5819,4.1468,1.1771,2.5301,3.1095,0.74868,2.4821,3.7396,2.2079,1.8344,3.6854,1.421,2.5298,3.4788,1.376,2.6016,3.5282,1.4228,1.6366,4.275,1.9455,2.6732,4.4695,2.04,2.6801,4.6134,3.3584,2.8263,6.1332,1.7131,1.624,4.1942,1.8506,1.9453,3.3991,2.4433,2.9634,5.3425,1.1983,2.5748,3.0543,2.6879,2.4031,5.013,0.97383,2.6745,4.1907,1.441,2.4971,3.5381,0.95308,1.9309,4.1253,1.7753,1.6225,4.0638,1.9297,1.9276,3.3927,6.0149,2.902,2.8554,2.9302,2.2328,4.6637,1.4727,1.9426,4.3503,1.1253,2.5732,3.3498,1.4289,2.4649,3.3879,1.7031,1.8987,3.6665,2.018,2.4527,4.0697,1.0894,2.3603,3.2399,2.4777,1.916,5.2929,1.0057,2.6188,3.2779,1.3953,2.5384,3.3444,0.23885,3.0409,3.2027,0.6584,1.8906,2.7932,1.6525,1.9659,4.5698,1.4951,1.8222,4.2008,5.2417,2.8077,1.6073,0.86357,2.2089,2.923,0.91934,2.7003,4.1738,2.3752,2.4554,3.6729,2.9022,2.3009,4.9657,3.0379,2.5985,4.5942,2.0512,2.4026,4.5825,2.192,2.2005,4.1734,0.71106,2.204,3.3306,0.58715,2.4184,3.0428,0.57079,2.2256,3.8785,2.4974,2.4415,4.5885,0.73678,2.4264,2.918,1.303,1.5632,4.3682,1.5971,1.9453,3.5078,0.31921,2.6582,2.1632,3.4251,2.9332,0.27786,0.87132,2.2779,3.0658,1.627,1.6688,4.1451,1.6579,1.888,3.2543,0.77403,2.3623,2.8689,2.208,2.2961,4.9432,1.3005,2.5743,3.1946,1.2506,2.1982,3.6266,0.36913,2.0761,3.2956,1.7116,1.9159,3.4366,2.6134,2.0535,4.0989,2.0551,2.1451,4.9603,1.3785,1.7064,3.8447,0.76706,2.0206,2.795,2.077,2.1312,5.0574,2.1726,2.2794,4.5488,1.5061,2.4301,4.004,4.09,2.9051,0.0097664,1.8455,2.4824,4.0046,0.65541,1.9854,4.1502,1.2176,2.6226,4.2457,3.3444,2.8008,6.0858,1.7142,1.5643,3.279,0.25778,2.3717,3.4018,4.9158,2.9988,0.75485,0.43327,2.8154,3.29,1.1726,2.5388,3.064,2.2568,2.1846,5.0034,1.6355,2.064,4.4351,1.6563,1.6228,3.3835,1.7886,2.9417,3.3531,0.74136,2.3453,2.903,0.81587,2.3936,3.0093,0.2419,2.6606,3.3512,1.9399,2.4376,4.2734,0.64367,2.4184,2.7924,1.012,2.3265,3.5972,1.2937,1.7691,4.319,0.2356,2.3481,3.4617,1.6936,1.5905,3.2794,0.80244,2.3273,2.852,2.9561,2.8594,6.025,1.7516,2.5283,3.975,2.034,2.2279,4.608,2.2503,2.669,5.1028,1.6321,1.9582,3.8192,1.407,1.7832,3.7447,2.2966,2.1424,4.9929,1.4985,2.5802,3.9545,0.49189,3.0139,2.1635,4.4799,2.9102,0.27256,1.3415,2.8293,4.2086,1.8866,1.972,3.8939,1.1939,2.6705,2.777,0.14843,2.7889,2.8521,1.0631,2.9139,4.1919,0.4879,2.4546,2.5999,0.84951,2.0604,2.8494,0.53638,2.4821,3.4058,1.7674,2.2189,4.3256,1.1128,2.8113,4.249,0.6863,2.0365,2.9818,2.0975,1.8409,3.7267,1.3988,1.8777,3.7049,2.3051,2.6206,4.7871,1.5106,1.5737,4.1968,1.2896,2.1401,3.2258,0.72377,2.0765,3.0152,0.72935,2.2841,2.6366,1.7875,2.3798,4.1799,2.2607,2.6001,4.9177,0.60119,2.0613,2.9621,1.7281,1.7744,3.2958,0.84661,2.9888,2.6018,0.54482,2.5216,2.5934,3.223,2.7292,6.1636,6.2202,2.8688,2.6349,4.1873,2.9047,6.1688,2.3981,2.2856,3.7346,1.4541,3.0594,4.4186,1.2555,2.4412,3.4845,0.022908,3.1052,2.9573,2.3756,2.1926,3.7538,1.3065,1.8454,3.7013,2.4015,2.3277,4.621,2.6092,2.7027,4.2109,1.2621,2.7124,4.3283,1.7129,1.9426,3.8301,1.1919,2.7553,3.7458,2.3496,2.3609,4.9458,1.4307,2.6181,3.3578,2.1647,2.2758,4.0709,0.82147,1.9693,3.3892,2.4257,2.3397,3.8017,2.3503,2.3568,3.7324,2.2789,1.99,5.0467,2.6354,2.2893,4.8246,2.3917,2.24,3.7953,1.4322,1.6078,3.9088,2.3593,2.6086,4.9282,1.7699,1.9465,3.8672,0.81625,2.1224,4.1127,1.5927,1.8418,4.3287,2.3265,2.5835,4.95,1.4506,2.3971,3.2561,5.8542,2.8311,2.1308,1.8636,1.7562,3.5233,1.9526,2.9321,4.2018,2.0991,1.9843,4.8305,1.1677,2.6156,4.3537,1.9843,2.1535,4.9326,1.6498,1.7847,3.9384,1.6266,2.0035,3.3436,1.1367,2.7304,3.7045,1.0247,2.8476,3.8296,1.5442,2.4838,3.9081,1.1643,2.6945,3.6848,1.7724,1.7575,4.0837,0.76091,2.4516,2.806,1.8415,2.1231,4.4064,0.10295,2.7843,2.9756,1.0523,1.9489,4.3255,0.97767,2.2907,3.0715,1.5944,2.4056,4.5656,1.0036,2.0807,2.8326,0.7885,2.0084,2.6937,1.6774,1.771,3.9434,0.88283,2.4438,2.8883,1.3281,1.5841,3.8403,2.7715,2.6067,4.6182,1.0541,2.2128,3.6383,1.1712,2.7389,3.6824,1.9998,1.9954,4.4745,1.0234,1.9599,4.244,1.898,1.6453,3.4371,1.7107,2.4951,3.9768,2.2343,2.5397,4.8858,2.0723,2.358,3.6156,1.2131,3.0593,3.4613,1.4088,1.4453,4.2507,0.69788,2.9814,3.6535,1.6449,1.7278,4.2407,0.79227,2.0009,2.7228,0.5703,2.2176,4.0336,2.614,2.5995,4.5224,2.014,2.1075,3.4493,1.3778,2.8906,3.5344,1.0867,2.2209,3.6201,2.5377,2.0313,4.4768,1.5016,1.7358,4.4202,1.5973,2.5871,3.5695,2.0692,2.2886,4.0635,2.709,2.3142,4.97,0.44663,2.5054,2.9339
0.15472,0.24502,0.0059884,239.9,263.43,201.15,0.0013713,0.0015894,0.0010121,210.85,227.93,228.04,218.44,212.56,181.24,241.77,227.82,264.49,222.45,256.59,270.55,201.85,230.16,221.6,280.38,222.03,248.89,216.21,180.79,330.06,236.98,200.72,245.49,206.1,274.25,257.87,317.5,173.9,266.52,224.02,221.9,150.48,235.3,263.73,340.26,254.26,202.96,297.84,346.84,299.76,193.16,233.13,186.77,275.67,263.82,298.45,292.87,338.48,281.52,275.74,268.69,344.8,341.61,339.9,273.34,315.55,244.36,216.84,384.73,340.66,337.44,330.39,197.17,275.75,238.95,219.8,198.32,298.33,229.3,259.94,251.33,302.56,308.57,241.48,247.02,278.46,311.0,332.5,292.94,222.44,297.77,285.69,275.95,315.07,187.93,274.24,264.05,287.68,279.8,305.6,299.12,251.04,300.63,245.24,277.01,265.57,333.95,238.93,259.17,336.53,338.55,372.73,248.51,315.63,397.17,403.72,321.79,239.34,300.96,376.17,270.1,254.97,286.72,263.45,344.94,291.66,338.73,364.68,332.83,280.27,348.32,326.7,277.98,304.84,309.9,430.93,247.26,412.78,415.71,375.81,282.73,387.07,211.52,277.04,534.96,296.66,306.51,337.38,317.3,302.76,259.24,316.6,375.85,263.43,355.82,337.41,252.92,307.65,378.95,245.11,272.73,347.66,249.32,157.88,280.3,352.42,311.91,384.18,390.86,215.12,273.81,202.44,213.83,248.71,284.49,221.08,310.34,271.89,227.23,265.33,242.77,278.01,183.09,273.78,260.99,255.5,233.62,226.17,313.77,218.98,305.64,369.66,256.54,272.96,247.63,321.26,276.2,235.3,299.91,330.92,269.89,285.03,280.95,299.02,309.75,264.83,436.99,232.38,252.79,253.67,266.26,252.87,274.94,269.52,324.29,260.33,241.9,264.28,301.62,259.72,197.98,215.6,257.46,327.11,248.08,229.34,286.54,239.54,266.68,268.31,248.5,258.89,281.27,280.88,212.93,278.23,218.27,283.65,225.06,238.89,191.78,270.24,272.91,177.11,276.75,225.47,180.54,260.57,191.68,227.11,267.43,193.47,244.35,256.72,201.17,253.41,251.31,232.3,189.29,246.38,212.67,241.57,236.28,167.95,282.52,284.62,211.63,174.55,207.04,275.74,242.24,245.08,231.67,152.61,160.94,203.03,245.78,243.1,223.71,227.38,214.02,192.13,172.92,183.4,230.65,211.41,250.29,219.91,0.00078785,0.001062,0.0010633,0.0011461,0.0010437,0.00088287,0.0012699,0.00097189,0.0013396,0.0010618,0.0013522,0.0014937,0.0010263,0.0012385,0.0010849,0.0016539,0.0012781,0.0013717,0.001383,0.0011045,0.0019134,0.0015555,0.0012562,0.0016567,0.0014127,0.0017324,0.001478,0.0018375,0.0013054,0.0017524,0.0013719,0.0013464,0.0010492,0.0013204,0.0016054,0.0020266,0.0015689,0.0013544,0.0018155,0.0019489,0.0016325,0.0011155,0.0015276,0.0013946,0.0016615,0.001657,0.0018109,0.001628,0.0019827,0.0016772,0.0013474,0.0016371,0.0020973,0.0018256,0.0020081,0.0017237,0.0018328,0.0011753,0.0015342,0.0023126,0.0021602,0.0019957,0.0019785,0.0013822,0.0019032,0.0015472,0.0013856,0.0015015,0.0018907,0.0014871,0.0017633,0.0017073,0.0017479,0.0019198,0.0015075,0.0016164,0.0016668,0.0019184,0.0020808,0.0019107,0.0013981,0.0020483,0.0018926,0.0015836,0.001394,0.0014469,0.001236,0.0017688,0.0017324,0.0017707,0.0019042,0.0017515,0.0013203,0.0019217,0.0012979,0.0017832,0.0016746,0.0020955,0.0014504,0.0016824,0.001754,0.0020165,0.0022526,0.0014941,0.0020074,0.0018474,0.0022757,0.0020308,0.0016693,0.0017892,0.0022637,0.0018166,0.0012689,0.001765,0.0017282,0.0020857,0.0018193,0.00199,0.0020348,0.0016883,0.0016963,0.0020871,0.0016422,0.0019316,0.0017621,0.0014274,0.0024744,0.0017368,0.0019028,0.0024108,0.0023152,0.0017998,0.002195,0.0013133,0.0018064,0.0024663,0.0018898,0.0016422,0.0020243,0.0018181,0.0018667,0.0016845,0.00173,0.0022332,0.0018335,0.0017264,0.0019358,0.0012981,0.0015644,0.0019908,0.0015908,0.0018096,0.0018868,0.0016524,0.0012142,0.0015983,0.002109,0.0019454,0.0017255,0.0020806,0.0013742,0.0017082,0.0014312,0.001528,0.0014794,0.0017118,0.0015778,0.0018962,0.0017456,0.0015824,0.0017559,0.0014223,0.0017738,0.0013928,0.001743,0.0016313,0.0017779,0.0015435,0.00144,0.0017771,0.0014265,0.0018278,0.0021438,0.0016634,0.0017541,0.001735,0.0019157,0.001702,0.0015997,0.001744,0.0017471,0.0017713,0.0017674,0.0017775,0.0020554,0.0018696,0.0017102,0.0014121,0.0016225,0.0015796,0.0016626,0.001717,0.0016342,0.0017687,0.001625,0.0022049,0.0015817,0.0016695,0.0016293,0.0016578,0.0016145,0.0013836,0.001474,0.0015529,0.0019692,0.0016134,0.0015357,0.0016163,0.0015062,0.0017071,0.0017016,0.0015553,0.0015845,0.0016618,0.001724,0.0014313,0.0017279,0.0014547,0.0016759,0.0015064,0.0013675,0.0012809,0.0015012,0.0017303,0.0012409,0.0016504,0.0013372,0.0014163,0.0015998,0.0012634,0.0014645,0.0016107,0.001366,0.0014601,0.0015218,0.001169,0.0015177,0.001459,0.0014667,0.0012503,0.0015488,0.0013207,0.0015039,0.0013683,0.00096553,0.001503,0.0015988,0.0011793,0.0011874,0.0011398,0.0015155,0.0014812,0.001464,0.0010514,0.00094253,0.00098131,0.0010072,0.0014695,0.0014242,0.0010385,0.0012702,0.0010393,0.0010268,0.00087587,0.00084561,0.001126,0.0011344,0.0013659,0.0012155,1074300.0,1105700.0,792270.0,4276700.0,2284500.0,1150800.0,5856800.0,1513400.0,1879800.0,3242500.0,2966100.0,734830.0,5652900.0,1298400.0,4052200.0,2459600.0,5070500.0,4091400.0,1340500.0,3371900.0,2502600.0,3347400.0,11704000.0,958350.0,6311800.0,749460.0,9101500.0,1591900.0,1841400.0,815570.0,3232100.0,1680500.0,5814300.0,23940000.0,2520900.0,2724900.0,4347000.0,1235900.0,1513400.0,1646200.0,2062700.0,1057700.0,2058300.0,1019200.0,7475600.0,2433400.0,1825600.0,1494000.0,2274900.0,15971000.0,952090.0,7278300.0,3995200.0,706940.0,3910700.0,1079100.0,2657700.0,17679000.0,32102000.0,2373200.0,1720700.0,1532600.0,2840700.0,1036400.0,1926200.0,3409900.0,803840.0,2871900.0,1940600.0,3915400.0,2755300.0,1446400.0,1119200.0,15048000.0,5077600.0,1340600.0,3613400.0,1673300.0,965090.0,2573300.0,3702600.0,1313000.0,893150.0,2116300.0,873820.0,1861100.0,2850800.0,4950200.0,4191200.0,2338500.0,5694300.0,1300700.0,9352900.0,4677300.0,1017700.0,1694700.0,903640.0,1769700.0,3509900.0,9918500.0,1730700.0,16523000.0,1417300.0,9919600.0,1633600.0,3256300.0,1272900.0,1628100.0,12535000.0,5115100.0,2157200.0,3869300.0,2389200.0,1225800.0,656170.0,3373000.0,11659000.0,2413800.0,1291100.0,778800.0,1922000.0,735100.0,1193700.0,2218700.0,8786700.0,4156700.0,2627900.0,3087700.0,2361300.0,1498700.0,773560.0,10411000.0,2404500.0,3548600.0,2073400.0,1371700.0,1031900.0,2014200.0,1052000.0,2853800.0,3921600.0,1159600.0,1477000.0,2103000.0,1521000.0,2210500.0,2422200.0,877170.0,6912100.0,1513500.0,9390500.0,6180200.0,809830.0,10291000.0,814480.0,1274500.0,19279000.0,683650.0,12167000.0,721740.0,5575100.0,3693400.0,3817200.0,2647300.0,5252900.0,4116200.0,4227600.0,964530.0,4135000.0,1638700.0,6369200.0,1506700.0,7610900.0,1080700.0,744550.0,4005200.0,2996600.0,1988300.0,8411500.0,2288700.0,948280.0,1205600.0,3671000.0,3568300.0,1940100.0,1475700.0,747540.0,6807100.0,5275200.0,2336700.0,637470.0,17726000.0,3323000.0,5257900.0,1142200.0,18258000.0,5431600.0,1100100.0,8580600.0,1353300.0,1434500.0,3992400.0,5297000.0,799330.0,1639500.0,973680.0,1778500.0,1568200.0,1456500.0,7851700.0,2342100.0,1425100.0,12280000.0,2793800.0,1238000.0,1263500.0,3260300.0,951930.0,4669600.0,1133200.0,1854600.0,8075300.0,4435100.0,696550.0,1421900.0,10018000.0,5258300.0,5069200.0,15394000.0,3001700.0,1931800.0,2342400.0,2994600.0,3189800.0,1882600.0,1749500.0,2275100.0,1499400.0,7215800.0,652060.0,3656200.0,8296200.0,8910100.0,1863600.0,5378600.0,4029700.0,5011000.0,864140.0,1139900.0,5361500.0,1551600.0,6587500.0,3485200.0,7122400.0,1970700.0,1638700.0,1591200.0,1087700.0,1106100.0,2208100.0,945990.0,5091800.0,3371700.0,4404800.0,3356800.0,2894200.0,2745600.0,15584000.0,14989000.0,6042000.0,4601000.0,2807600.0,6148400.0,3762100.0,1781300.0,2740300.0,1353800.0,4824200.0,3044800.0,1.5377,1.8552,4.1665,2.2371,2.4772,3.6653,1.2767,2.2363,4.224,1.2057,1.9877,4.2172,2.4737,2.664,4.3196,0.77366,2.0643,4.2201,1.6533,2.5215,3.8798,3.0779,2.8444,5.8644,1.1948,2.0248,4.2012,1.7158,1.7165,4.245,1.2871,2.2691,4.2696,0.74391,2.0371,4.21,2.9148,2.8426,4.641,5.5868,2.7535,1.3852,1.2484,2.8225,3.6259,0.8543,2.1601,3.0012,2.5624,2.1506,4.5427,1.4635,1.6794,3.8941,0.71027,2.6676,3.8862,1.9101,1.8259,3.5234,1.1857,2.392,3.2183,0.3577,2.2905,3.5044,1.8414,1.6353,3.4038,2.0526,2.6975,4.2424,1.8835,1.6397,3.3736,1.615,1.6397,3.9655,0.3416,2.1815,3.1349,2.0923,2.4269,4.5056,1.4929,1.6989,3.2622,0.89282,1.9375,2.7573,3.2099,2.8391,5.9908,1.9417,1.8113,3.5084,0.89162,2.7241,2.9085,1.707,2.5942,4.0034,0.72065,1.8988,2.7486,1.1013,2.4179,3.1287,1.9305,1.9256,4.4931,1.7981,1.6537,3.8926,0.6023,2.159,3.8771,1.3493,2.538,3.8755,0.98547,2.1409,3.1922,2.6016,2.3555,4.3634,2.0159,2.2076,4.7264,1.5266,1.6499,3.9256,1.8847,1.9918,4.4828,1.4863,2.1991,3.2373,0.81588,2.2233,3.0441,2.4428,2.459,4.3685,1.9876,2.5256,4.8372,1.9297,2.6172,4.8134,2.5801,2.3472,4.3469,1.2722,2.5166,3.8828,1.8101,2.3126,4.3802,2.4427,2.9922,4.3102,0.62942,2.3972,2.6301,1.409,2.0228,4.602,1.9042,3.0174,3.7786,0.27219,2.3802,3.3698,1.6916,1.6179,4.0798,0.80108,2.1878,3.0594,2.2618,2.3039,4.7026,0.57375,2.4264,3.1119,0.79895,2.2354,3.1604,0.016615,2.8964,1.7643,2.0097,2.1761,4.6306,2.525,2.4048,4.2894,2.3181,2.3084,5.1431,1.9561,2.6746,4.1519,1.122,1.8338,4.0279,4.5289,2.8302,0.66885,0.77348,2.1866,2.9796,1.4526,2.1266,4.2845,1.1608,2.2113,3.5471,2.0542,2.649,4.3155,1.6211,1.5817,4.147,1.1774,2.5295,3.1112,0.7481,2.4839,3.7394,2.2106,1.8331,3.6852,1.4187,2.5308,3.4788,1.3734,2.6017,3.5272,1.4199,1.6362,4.2746,1.9441,2.6708,4.4678,2.0407,2.6775,4.6145,3.3576,2.8266,6.1345,1.7152,1.6237,4.1943,1.8533,1.9441,3.3983,2.4475,2.9627,5.346,1.1987,2.5754,3.0542,2.688,2.4021,5.0129,0.97509,2.676,4.1931,1.4395,2.4975,3.539,0.95332,1.9315,4.1273,1.7763,1.6229,4.0636,1.9333,1.9279,3.3925,6.0138,2.9018,2.8542,2.9325,2.2324,4.6647,1.4755,1.9416,4.3531,1.1249,2.5719,3.35,1.4282,2.4651,3.3874,1.7027,1.8972,3.666,2.0201,2.4534,4.0715,1.0891,2.3615,3.2404,2.4801,1.9134,5.2954,1.0039,2.6175,3.2776,1.3933,2.5403,3.3431,0.23944,3.0416,3.2022,0.6582,1.8927,2.7909,1.654,1.9642,4.5729,1.4964,1.821,4.2015,5.2387,2.805,1.6049,0.8651,2.21,2.9246,0.92067,2.7019,4.1766,2.3762,2.4518,3.6734,2.9051,2.3002,4.9663,3.0414,2.5974,4.5958,2.0525,2.4017,4.5839,2.1902,2.2019,4.173,0.70979,2.2079,3.3292,0.59153,2.4182,3.0436,0.57138,2.2275,3.8795,2.4966,2.4401,4.5894,0.73478,2.4277,2.9157,1.3029,1.5631,4.3685,1.5962,1.944,3.5093,0.32307,2.6583,2.1652,3.425,2.9324,0.27854,0.87025,2.2765,3.0663,1.6268,1.6689,4.1463,1.6592,1.8893,3.2562,0.77401,2.3614,2.8693,2.2095,2.2949,4.943,1.3033,2.5748,3.1968,1.2531,2.1996,3.6296,0.36452,2.078,3.2947,1.7121,1.9145,3.4367,2.6152,2.0519,4.1004,2.0545,2.1454,4.9602,1.3789,1.7055,3.8449,0.76746,2.022,2.7964,2.0769,2.1304,5.0589,2.1714,2.2805,4.55,1.5056,2.4319,4.0051,4.0859,2.9022,0.0051679,1.8435,2.484,4.0038,0.65276,1.9857,4.151,1.2167,2.6224,4.2453,3.3399,2.7995,6.0849,1.714,1.564,3.2791,0.25919,2.3729,3.4032,4.9115,2.9992,0.74972,0.43296,2.8159,3.2925,1.1712,2.5394,3.0658,2.2576,2.1852,5.0045,1.6376,2.0632,4.4362,1.657,1.6227,3.3844,1.7949,2.9423,3.3568,0.74278,2.3439,2.9045,0.81448,2.3923,3.0097,0.24105,2.661,3.3509,1.9436,2.4393,4.2745,0.64585,2.4175,2.7931,1.0118,2.3289,3.5963,1.2932,1.7686,4.3194,0.23508,2.3486,3.4632,1.6942,1.5908,3.2793,0.8059,2.3255,2.8532,2.9543,2.8591,6.0257,1.7476,2.5272,3.974,2.0341,2.2289,4.6081,2.2455,2.6677,5.1003,1.6293,1.958,3.8184,1.4083,1.7822,3.7455,2.2974,2.1424,4.9926,1.4984,2.5795,3.9532,0.48945,3.0129,2.1591,4.478,2.909,0.27192,1.3419,2.8307,4.2067,1.8854,1.9726,3.8937,1.192,2.6708,2.7749,0.14418,2.7884,2.8503,1.0636,2.9141,4.1918,0.487,2.4534,2.6006,0.85067,2.062,2.8483,0.53686,2.4827,3.4063,1.7704,2.2197,4.3267,1.1101,2.8123,4.2472,0.68751,2.0377,2.9794,2.0989,1.8406,3.7254,1.4007,1.8782,3.7058,2.3018,2.6186,4.7834,1.5128,1.5739,4.1969,1.2882,2.1399,3.2266,0.72507,2.0781,3.014,0.73051,2.2824,2.6369,1.7883,2.3805,4.1803,2.2585,2.5984,4.9169,0.60076,2.0622,2.9602,1.7291,1.7764,3.2953,0.84898,2.9882,2.6027,0.54416,2.5219,2.5932,3.2252,2.7288,6.1662,6.2219,2.8688,2.6378,4.1827,2.9033,6.1636,2.3988,2.2831,3.7342,1.4568,3.0592,4.4244,1.2542,2.4421,3.4847,0.012306,3.1054,2.9493,2.3755,2.1917,3.7529,1.3072,1.8452,3.7018,2.4006,2.3278,4.6221,2.609,2.7043,4.2138,1.2619,2.7125,4.3277,1.7102,1.9421,3.829,1.193,2.7547,3.7474,2.3484,2.3593,4.9441,1.428,2.6172,3.3584,2.164,2.2774,4.0702,0.8212,1.9697,3.3894,2.4258,2.3382,3.8022,2.3498,2.3559,3.732,2.2803,1.9913,5.0489,2.6344,2.2894,4.8249,2.3923,2.2401,3.7951,1.433,1.6081,3.9098,2.3574,2.607,4.9272,1.7678,1.9463,3.8665,0.81647,2.1219,4.1141,1.592,1.842,4.3297,2.3249,2.5813,4.9499,1.4503,2.3972,3.2559,5.8532,2.8302,2.1299,1.8636,1.7557,3.5236,1.9514,2.9303,4.1994,2.1004,1.9849,4.8312,1.1688,2.6163,4.3548,1.9862,2.1537,4.9336,1.6502,1.7844,3.9379,1.627,2.0032,3.3427,1.1381,2.73,3.706,1.0259,2.8478,3.8295,1.546,2.4845,3.9089,1.1645,2.6931,3.6847,1.7715,1.7567,4.0836,0.75904,2.4514,2.8065,1.8408,2.124,4.407,0.10306,2.7841,2.9776,1.0516,1.9489,4.3264,0.97803,2.29,3.0723,1.5937,2.4057,4.5653,1.0039,2.0806,2.8325,0.78926,2.0085,2.6932,1.6783,1.7705,3.943,0.88195,2.4435,2.8902,1.3271,1.584,3.8403,2.7715,2.607,4.6179,1.0536,2.2143,3.6383,1.1717,2.738,3.6828,2.0002,1.9956,4.4745,1.0224,1.9599,4.2437,1.8987,1.6453,3.437,1.7115,2.4954,3.9765,2.2358,2.5394,4.8852,2.0713,2.3577,3.6144,1.2129,3.0591,3.4614,1.4081,1.4452,4.251,0.69887,2.9811,3.6538,1.6452,1.7274,4.2408,0.79299,2.0009,2.7226,0.56875,2.2179,4.0348,2.613,2.5995,4.5224,2.0144,2.1072,3.4494,1.3776,2.89,3.5343,1.0867,2.2214,3.6198,2.5378,2.0319,4.477,1.5017,1.7359,4.4201,1.5971,2.587,3.5694,2.0694,2.2887,4.0634,2.7091,2.3133,4.9695,0.44671,2.505,2.9337
0.15647,0.2478,0.0060429,240.4,264.27,201.08,0.0013739,0.0015937,0.0010119,211.32,228.39,228.19,218.96,212.67,180.58,242.19,228.35,265.17,222.49,256.89,270.83,201.31,230.31,222.03,281.17,222.68,249.54,216.72,180.16,331.39,237.92,201.55,246.58,206.81,275.09,258.15,317.82,174.04,267.67,224.96,221.8,149.92,235.25,265.16,341.44,255.26,204.08,299.35,347.56,299.78,192.97,233.24,187.78,276.48,264.47,299.61,294.31,339.69,281.92,276.36,269.18,346.6,342.85,341.93,274.26,316.81,245.55,218.17,386.64,343.0,338.45,330.11,197.12,276.41,239.21,220.38,200.26,299.28,229.77,260.13,251.3,304.43,309.41,241.85,248.31,278.95,313.68,333.26,294.77,222.35,298.17,287.86,276.13,314.07,189.05,276.1,264.22,289.5,280.52,306.37,299.31,253.86,301.43,247.41,277.19,266.51,333.64,243.0,259.64,339.37,340.42,372.4,248.74,318.52,399.76,406.08,323.81,238.93,302.32,378.35,271.78,255.34,287.94,264.32,346.78,293.68,342.04,366.1,334.01,279.85,351.19,331.65,279.78,307.4,313.52,434.91,248.61,416.02,419.94,377.74,284.54,389.91,208.67,278.61,539.3,299.85,309.76,339.29,319.14,305.25,259.79,317.88,377.73,264.28,360.93,337.71,256.41,311.36,383.44,246.03,274.28,349.65,248.43,157.14,281.89,353.44,312.89,388.5,390.86,214.34,274.74,203.08,215.11,249.52,284.31,221.74,311.02,273.4,228.09,266.49,243.53,278.98,183.71,273.44,261.61,255.47,233.44,225.91,314.54,219.26,307.14,369.55,257.27,273.56,247.58,321.51,276.62,235.09,300.85,331.11,271.04,286.08,281.12,299.74,311.17,265.33,439.78,232.55,253.48,253.99,266.13,253.6,276.08,270.0,325.36,260.69,242.57,264.07,302.68,260.24,197.96,216.3,258.07,328.04,248.96,229.42,286.23,240.49,267.77,268.84,248.66,259.44,281.56,281.49,213.65,278.64,219.0,284.67,225.1,238.66,191.84,270.44,273.23,177.46,277.22,225.49,180.8,260.86,191.77,227.11,267.99,193.57,245.07,257.34,201.33,254.09,251.61,232.4,189.28,246.4,212.63,242.24,236.64,167.91,283.07,285.12,211.68,174.6,206.97,275.72,242.35,245.62,231.99,152.77,160.77,202.95,245.74,243.89,224.0,227.67,214.17,192.19,172.92,183.33,230.59,211.13,250.34,219.74,0.00078976,0.0010634,0.0010618,0.0011481,0.0010429,0.00087726,0.0012722,0.00097427,0.0013439,0.0010613,0.001353,0.0014944,0.0010217,0.001239,0.0010863,0.0016569,0.0012817,0.0013753,0.0013849,0.0011006,0.0019208,0.0015619,0.0012613,0.0016653,0.0014173,0.0017391,0.0014794,0.0018382,0.0013057,0.0017605,0.0013774,0.0013458,0.0010454,0.0013195,0.0016143,0.0020347,0.0015745,0.0013602,0.0018238,0.0019547,0.001634,0.0011139,0.0015281,0.0014013,0.0016669,0.0016599,0.0018194,0.0016357,0.0019918,0.0016797,0.001349,0.0016412,0.0021076,0.0018325,0.0020197,0.0017301,0.0018401,0.001174,0.0015428,0.0023255,0.0021715,0.0020028,0.0019787,0.0013782,0.0019099,0.0015512,0.0013847,0.0015118,0.0018993,0.001491,0.0017648,0.0017109,0.00176,0.0019277,0.0014994,0.0016265,0.0016735,0.001933,0.0020883,0.0019196,0.0013885,0.0020525,0.0019036,0.0015905,0.0013635,0.0014564,0.0012419,0.0017701,0.0017438,0.0017789,0.0019127,0.0017564,0.0013324,0.0019277,0.0013071,0.0017891,0.0016827,0.0020959,0.0014701,0.0016875,0.0017693,0.0020296,0.0022566,0.0014953,0.0020193,0.0018608,0.0022915,0.0020467,0.0016674,0.0017995,0.0022752,0.0018264,0.0012569,0.0017713,0.0017332,0.0020966,0.0018312,0.0020042,0.0020389,0.0016921,0.0016671,0.0020988,0.0016431,0.00194,0.0017712,0.0014414,0.0024881,0.0017454,0.0019169,0.002428,0.0023266,0.0018059,0.0022046,0.001273,0.0018162,0.0024917,0.0018981,0.0016459,0.0020347,0.0018229,0.0018756,0.0016877,0.0017386,0.0022442,0.0018392,0.0017476,0.001941,0.0013044,0.0015778,0.0020128,0.0015973,0.0018183,0.0018974,0.0016495,0.0012089,0.0016105,0.0021156,0.0019503,0.0017441,0.0020748,0.0013695,0.0017137,0.0014351,0.0015349,0.001483,0.0017107,0.0015827,0.0019014,0.0017539,0.0015881,0.0017632,0.0014277,0.0017797,0.0013952,0.0017421,0.0016354,0.0017774,0.0015411,0.0014378,0.0017828,0.0014281,0.0018367,0.0021443,0.0016665,0.0017589,0.0017346,0.001921,0.0017053,0.0015994,0.0017509,0.0017476,0.0017787,0.0017754,0.001778,0.0020583,0.0018779,0.0017146,0.0014253,0.0016229,0.0015831,0.0016634,0.0017174,0.0016396,0.001776,0.0016285,0.0022088,0.0015825,0.0016738,0.0016284,0.0016638,0.0016178,0.0013832,0.0014786,0.0015565,0.0019747,0.0016177,0.0015367,0.0016149,0.0015116,0.0017131,0.0017059,0.0015565,0.001588,0.001665,0.0017283,0.0014362,0.0017297,0.0014596,0.0016827,0.0015058,0.0013665,0.0012807,0.0015022,0.0017331,0.0012427,0.0016537,0.0013368,0.0014186,0.0016021,0.0012639,0.0014645,0.0016147,0.0013672,0.0014635,0.0015253,0.0011706,0.0015219,0.0014602,0.0014674,0.00125,0.001549,0.0013204,0.0015076,0.0013703,0.00096516,0.0015066,0.0016024,0.0011793,0.001188,0.0011392,0.0015149,0.0014814,0.001467,0.0010529,0.00094379,0.00097973,0.0010062,0.0014691,0.0014285,0.00104,0.0012716,0.0010399,0.0010269,0.00087564,0.00084477,0.0011254,0.0011327,0.0013656,0.0012145,1074300.0,1105700.0,792270.0,4276700.0,2284500.0,1150800.0,5856800.0,1513400.0,1879800.0,3242500.0,2966100.0,734830.0,5652900.0,1298400.0,4052200.0,2459600.0,5070500.0,4091400.0,1340500.0,3371900.0,2502600.0,3347400.0,11704000.0,958350.0,6311800.0,749460.0,9101500.0,1591900.0,1841400.0,815570.0,3232100.0,1680500.0,5814300.0,23940000.0,2520900.0,2724900.0,4347000.0,1235900.0,1513400.0,1646200.0,2062700.0,1057700.0,2058300.0,1019200.0,7475600.0,2433400.0,1825600.0,1494000.0,2274900.0,15971000.0,952090.0,7278300.0,3995200.0,706940.0,3910700.0,1079100.0,2657700.0,17679000.0,32102000.0,2373200.0,1720700.0,1532600.0,2840700.0,1036400.0,1926200.0,3409900.0,803840.0,2871900.0,1940600.0,3915400.0,2755300.0,1446400.0,1119200.0,15048000.0,5077600.0,1340600.0,3613400.0,1673300.0,965090.0,2573300.0,3702600.0,1313000.0,893150.0,2116300.0,873820.0,1861100.0,2850800.0,4950200.0,4191200.0,2338500.0,5694300.0,1300700.0,9352900.0,4677300.0,1017700.0,1694700.0,903640.0,1769700.0,3509900.0,9918500.0,1730700.0,16523000.0,1417300.0,9919600.0,1633600.0,3256300.0,1272900.0,1628100.0,12535000.0,5115100.0,2157200.0,3869300.0,2389200.0,1225800.0,656170.0,3373000.0,11659000.0,2413800.0,1291100.0,778800.0,1922000.0,735100.0,1193700.0,2218700.0,8786700.0,4156700.0,2627900.0,3087700.0,2361300.0,1498700.0,773560.0,10411000.0,2404500.0,3548600.0,2073400.0,1371700.0,1031900.0,2014200.0,1052000.0,2853800.0,3921600.0,1159600.0,1477000.0,2103000.0,1521000.0,2210500.0,2422200.0,877170.0,6912100.0,1513500.0,9390500.0,6180200.0,809830.0,10291000.0,814480.0,1274500.0,19279000.0,683650.0,12167000.0,721740.0,5575100.0,3693400.0,3817200.0,2647300.0,5252900.0,4116200.0,4227600.0,964530.0,4135000.0,1638700.0,6369200.0,1506700.0,7610900.0,1080700.0,744550.0,4005200.0,2996600.0,1988300.0,8411500.0,2288700.0,948280.0,1205600.0,3671000.0,3568300.0,1940100.0,1475700.0,747540.0,6807100.0,5275200.0,2336700.0,637470.0,17726000.0,3323000.0,5257900.0,1142200.0,18258000.0,5431600.0,1100100.0,8580600.0,1353300.0,1434500.0,3992400.0,5297000.0,799330.0,1639500.0,973680.0,1778500.0,1568200.0,1456500.0,7851700.0,2342100.0,1425100.0,12280000.0,2793800.0,1238000.0,1263500.0,3260300.0,951930.0,4669600.0,1133200.0,1854600.0,8075300.0,4435100.0,696550.0,1421900.0,10018000.0,5258300.0,5069200.0,15394000.0,3001700.0,1931800.0,2342400.0,2994600.0,3189800.0,1882600.0,1749500.0,2275100.0,1499400.0,7215800.0,652060.0,3656200.0,8296200.0,8910100.0,1863600.0,5378600.0,4029700.0,5011000.0,864140.0,1139900.0,5361500.0,1551600.0,6587500.0,3485200.0,7122400.0,1970700.0,1638700.0,1591200.0,1087700.0,1106100.0,2208100.0,945990.0,5091800.0,3371700.0,4404800.0,3356800.0,2894200.0,2745600.0,15584000.0,14989000.0,6042000.0,4601000.0,2807600.0,6148400.0,3762100.0,1781300.0,2740300.0,1353800.0,4824200.0,3044800.0,1.5379,1.8553,4.1665,2.2372,2.4773,3.6653,1.2767,2.2364,4.224,1.2054,1.9876,4.217,2.4734,2.664,4.3198,0.77287,2.0643,4.2202,1.6547,2.5218,3.8797,3.0785,2.8444,5.8646,1.1943,2.025,4.2008,1.7154,1.7164,4.2449,1.2874,2.2697,4.2702,0.74258,2.0368,4.2099,2.9145,2.8426,4.6419,5.5853,2.7531,1.3842,1.2488,2.8221,3.6261,0.85316,2.1602,3.001,2.5635,2.152,4.5441,1.4635,1.6793,3.894,0.71148,2.6688,3.8867,1.9092,1.8265,3.5241,1.1868,2.3915,3.2197,0.35852,2.2906,3.5033,1.8422,1.6349,3.4041,2.0528,2.696,4.2412,1.8846,1.6394,3.3735,1.6167,1.6393,3.9661,0.34129,2.1819,3.1343,2.0933,2.4275,4.5069,1.4933,1.6991,3.2629,0.89385,1.9383,2.7571,3.2119,2.839,5.9923,1.9415,1.812,3.5089,0.89062,2.7244,2.9088,1.706,2.5943,4.0034,0.72195,1.8989,2.7482,1.1016,2.4176,3.1293,1.9309,1.9255,4.493,1.7994,1.6536,3.8927,0.60362,2.1582,3.8791,1.3518,2.539,3.8773,0.9853,2.1418,3.1911,2.603,2.3564,4.3645,2.0158,2.2079,4.7266,1.5274,1.6494,3.9258,1.8849,1.9929,4.4826,1.487,2.1996,3.2368,0.81583,2.2245,3.0422,2.4426,2.4603,4.3687,1.9885,2.5245,4.8365,1.9299,2.6174,4.8126,2.5811,2.3482,4.3482,1.2721,2.5168,3.8822,1.8119,2.3135,4.3812,2.4466,2.9915,4.3131,0.63115,2.396,2.6323,1.4075,2.0224,4.6023,1.9015,3.0165,3.7752,0.27129,2.38,3.3694,1.6919,1.6178,4.0799,0.80212,2.1894,3.0595,2.262,2.3039,4.7031,0.57232,2.4249,3.1129,0.79627,2.2364,3.1593,0.016335,2.8965,1.7635,2.0102,2.178,4.6316,2.5248,2.4062,4.2901,2.3162,2.3086,5.143,1.9543,2.6729,4.1508,1.122,1.8333,4.0291,4.5279,2.8291,0.67067,0.77267,2.1869,2.979,1.4532,2.1269,4.2849,1.1612,2.2128,3.5477,2.0518,2.6478,4.313,1.6208,1.5816,4.147,1.1776,2.5291,3.1123,0.74771,2.485,3.7392,2.2123,1.8323,3.685,1.4172,2.5314,3.4789,1.3719,2.6018,3.5267,1.418,1.636,4.2744,1.9433,2.6693,4.4668,2.0413,2.6758,4.6152,3.3569,2.8269,6.1352,1.7166,1.6234,4.1944,1.8551,1.9433,3.3977,2.4504,2.9622,5.3483,1.1989,2.5757,3.0541,2.6881,2.4015,5.0129,0.97602,2.677,4.1948,1.4386,2.4977,3.5396,0.95361,1.9319,4.1286,1.777,1.6232,4.0634,1.9356,1.9281,3.3924,6.0131,2.9017,2.8535,2.934,2.232,4.6652,1.4774,1.9409,4.355,1.1247,2.5711,3.3502,1.4277,2.4652,3.3871,1.7024,1.8961,3.6657,2.0216,2.4539,4.0727,1.0889,2.3624,3.2408,2.4818,1.9116,5.297,1.0029,2.6167,3.2775,1.392,2.5414,3.3421,0.23975,3.042,3.2018,0.65813,1.894,2.7894,1.6552,1.9632,4.575,1.4973,1.8202,4.202,5.2368,2.8033,1.6033,0.86613,2.2108,2.9257,0.92165,2.7029,4.1784,2.3767,2.4494,3.6741,2.9069,2.2997,4.9666,3.0438,2.5967,4.597,2.0535,2.4011,4.5849,2.1891,2.2028,4.1728,0.70908,2.2106,3.3282,0.59438,2.4181,3.0441,0.57177,2.2288,3.8802,2.4959,2.4393,4.59,0.73346,2.4285,2.9142,1.3029,1.563,4.3686,1.5956,1.9432,3.5104,0.32557,2.6584,2.1666,3.4251,2.9318,0.27902,0.86949,2.2757,3.0666,1.6267,1.669,4.1471,1.66,1.8903,3.2575,0.77398,2.3608,2.8697,2.2105,2.294,4.9429,1.3051,2.5751,3.1982,1.2547,2.2006,3.6315,0.36205,2.0793,3.2942,1.7123,1.9135,3.4369,2.6163,2.0509,4.1014,2.0541,2.1456,4.9602,1.3791,1.705,3.845,0.76771,2.023,2.7974,2.077,2.13,5.06,2.1706,2.2813,4.5508,1.5053,2.4331,4.0058,4.0832,2.9002,0.0020998,1.8421,2.485,4.0033,0.65101,1.986,4.1516,1.2161,2.6223,4.2449,3.337,2.7987,6.0843,1.7137,1.5638,3.2791,0.26012,2.3736,3.4041,4.9086,2.9994,0.74638,0.43279,2.8163,3.2943,1.1702,2.5397,3.0671,2.258,2.1855,5.0053,1.6389,2.0627,4.4368,1.6575,1.6226,3.3849,1.7988,2.9427,3.3592,0.7436,2.343,2.9054,0.81357,2.3913,3.01,0.24043,2.6613,3.3507,1.9459,2.4404,4.2751,0.6472,2.417,2.7935,1.0116,2.3305,3.5958,1.2928,1.7683,4.3197,0.23471,2.349,3.4642,1.6945,1.591,3.2792,0.80809,2.3244,2.8539,2.953,2.8589,6.0262,1.7449,2.5264,3.9734,2.0342,2.2296,4.6082,2.2422,2.6668,5.0986,1.6275,1.9579,3.8178,1.4091,1.7816,3.746,2.2978,2.1425,4.9923,1.4983,2.579,3.9524,0.48801,3.0122,2.1565,4.4767,2.9083,0.27151,1.3421,2.8315,4.2055,1.8846,1.973,3.8936,1.1907,2.671,2.7735,0.1413,2.7881,2.8491,1.0639,2.9142,4.1917,0.48638,2.4525,2.6011,0.85139,2.063,2.8476,0.53718,2.4831,3.4066,1.7724,2.2203,4.3274,1.1083,2.8129,4.246,0.68831,2.0386,2.9779,2.0998,1.8403,3.7245,1.402,1.8785,3.7063,2.2996,2.6173,4.781,1.5142,1.5741,4.1969,1.2873,2.1398,3.227,0.72592,2.0792,3.0132,0.73122,2.2812,2.637,1.7888,2.3809,4.1806,2.2571,2.5972,4.9164,0.60047,2.0628,2.9589,1.7296,1.7776,3.295,0.85053,2.9877,2.6032,0.54371,2.5221,2.5931,3.2266,2.7286,6.1679,6.223,2.8689,2.6398,4.1796,2.9023,6.16,2.3993,2.2814,3.734,1.4585,3.0591,4.4282,1.2533,2.4427,3.4848,0.0055274,3.1055,2.9443,2.3755,2.1911,3.7522,1.3076,1.8451,3.7021,2.4,2.3278,4.6228,2.6088,2.7053,4.2157,1.2617,2.7126,4.3273,1.7085,1.9417,3.8282,1.1937,2.7543,3.7484,2.3476,2.3583,4.9429,1.4261,2.6166,3.3588,2.1636,2.2784,4.0697,0.82102,1.97,3.3895,2.4259,2.3371,3.8025,2.3495,2.3552,3.7318,2.2813,1.9921,5.0503,2.6337,2.2894,4.8251,2.3927,2.2401,3.7949,1.4336,1.6083,3.9104,2.3561,2.6059,4.9266,1.7664,1.9462,3.866,0.81662,2.1216,4.115,1.5915,1.8422,4.3304,2.3238,2.5799,4.9498,1.4502,2.3972,3.2558,5.8526,2.8296,2.1294,1.8635,1.7554,3.5239,1.9505,2.9291,4.1977,2.1012,1.9853,4.8316,1.1695,2.6167,4.3556,1.9874,2.1539,4.9343,1.6504,1.7842,3.9375,1.6274,2.003,3.342,1.139,2.7298,3.7069,1.0267,2.8479,3.8295,1.5472,2.4849,3.9094,1.1646,2.6922,3.6846,1.7709,1.7563,4.0834,0.7578,2.4512,2.8068,1.8403,2.1246,4.4073,0.10312,2.7839,2.979,1.0511,1.9489,4.3271,0.97825,2.2895,3.0728,1.5932,2.4058,4.5651,1.004,2.0805,2.8325,0.78976,2.0085,2.6928,1.6789,1.7701,3.9427,0.88136,2.4433,2.8914,1.3265,1.5838,3.8403,2.7715,2.6072,4.6177,1.0533,2.2153,3.6383,1.1721,2.7373,3.6831,2.0005,1.9957,4.4745,1.0217,1.9599,4.2436,1.8991,1.6453,3.4369,1.7121,2.4956,3.9763,2.2368,2.5392,4.8848,2.0706,2.3575,3.6136,1.2127,3.0589,3.4615,1.4077,1.4451,4.2511,0.69952,2.981,3.654,1.6454,1.7272,4.2409,0.79347,2.0008,2.7224,0.56772,2.2181,4.0356,2.6122,2.5995,4.5224,2.0146,2.107,3.4495,1.3775,2.8897,3.5342,1.0868,2.2218,3.6196,2.5379,2.0322,4.4772,1.5018,1.7359,4.4201,1.5969,2.5869,3.5692,2.0695,2.2887,4.0634,2.7092,2.3128,4.9692,0.44677,2.5048,2.9335
0.15778,0.24988,0.0060844,240.9,265.04,201.15,0.0013766,0.0015978,0.0010123,211.68,228.76,228.51,219.39,212.96,180.34,242.45,228.81,265.72,222.67,257.37,271.42,201.16,230.62,222.45,281.92,223.19,250.11,217.32,179.91,332.45,238.57,202.14,247.31,207.26,275.82,258.53,318.24,174.23,268.42,225.65,222.04,149.74,235.6,266.21,342.35,256.1,204.84,300.52,348.27,300.04,193.0,233.89,188.53,277.18,265.01,300.48,295.35,340.61,282.39,277.02,269.64,348.01,343.76,343.39,275.06,317.7,246.94,219.15,388.0,344.65,339.19,330.48,197.23,276.89,239.55,221.32,201.74,300.15,230.56,260.76,251.34,305.71,310.14,242.4,249.19,279.23,315.45,333.92,296.31,222.76,298.65,289.48,276.17,313.8,189.82,277.69,264.48,290.82,281.06,307.05,299.88,256.0,302.08,249.05,277.3,267.17,333.99,246.12,260.14,341.61,341.73,372.5,249.59,320.59,401.69,407.77,324.97,239.13,303.36,379.83,272.94,257.61,289.04,264.95,348.17,295.16,344.15,367.43,335.02,279.59,353.26,335.37,281.16,309.39,316.04,437.5,249.68,418.46,422.65,379.26,285.98,392.01,209.16,279.83,542.4,302.14,311.94,340.73,320.55,307.01,260.35,318.82,379.19,265.03,364.55,337.91,258.98,314.18,386.68,246.78,275.41,351.2,248.45,157.0,283.01,354.32,313.78,391.61,391.19,214.25,275.5,203.64,215.99,250.33,284.64,222.34,311.63,274.51,228.79,267.31,244.11,279.73,184.35,273.57,262.13,255.76,233.66,226.05,315.07,219.66,308.25,369.78,257.8,274.2,247.88,321.95,277.19,235.19,301.71,331.6,271.97,286.87,281.46,300.58,312.2,265.91,442.01,232.91,254.11,254.43,266.27,254.1,276.9,270.67,326.53,261.25,243.27,264.12,303.67,260.86,198.09,216.85,258.68,329.05,249.9,229.67,286.2,241.2,268.58,269.46,249.04,260.02,282.0,281.97,214.22,279.07,219.5,285.51,225.36,238.67,192.01,270.84,273.72,177.73,277.74,225.71,181.14,261.31,192.09,227.27,268.58,193.86,245.57,257.81,201.56,254.74,252.06,232.68,189.44,246.66,212.8,242.8,237.09,168.04,283.53,285.7,211.89,174.73,207.11,275.93,242.63,246.03,232.32,152.91,160.79,203.03,245.94,244.52,224.25,228.03,214.41,192.36,173.11,183.44,230.74,211.1,250.61,219.82,0.00079095,0.0010645,0.0010621,0.0011501,0.0010437,0.00087511,0.0012733,0.00097627,0.0013474,0.0010619,0.0013554,0.0014969,0.00102,0.0012405,0.0010879,0.0016602,0.0012845,0.0013786,0.0013878,0.0010993,0.0019268,0.0015663,0.0012648,0.001671,0.0014201,0.0017443,0.0014816,0.0018401,0.0013069,0.0017659,0.0013814,0.0013474,0.0010441,0.0013211,0.0016207,0.0020407,0.0015791,0.0013643,0.0018301,0.0019596,0.0016367,0.0011142,0.0015315,0.0014063,0.0016713,0.0016627,0.0018256,0.0016413,0.0019984,0.0016826,0.0013511,0.0016451,0.0021154,0.0018374,0.0020279,0.001735,0.0018455,0.0011769,0.0015491,0.0023347,0.0021796,0.0020077,0.0019819,0.001377,0.0019146,0.0015549,0.0013883,0.0015201,0.0019062,0.0014964,0.0017685,0.0017135,0.0017683,0.0019336,0.0014968,0.0016334,0.0016778,0.0019427,0.0020936,0.001927,0.0013857,0.0020559,0.0019117,0.001595,0.0013488,0.0014629,0.0012472,0.0017718,0.0017521,0.0017847,0.0019189,0.0017614,0.0013418,0.0019327,0.0013145,0.0017932,0.0016887,0.0020989,0.0014853,0.0016918,0.0017813,0.0020386,0.0022607,0.0015004,0.0020277,0.0018709,0.0023029,0.002056,0.001669,0.0018073,0.0022836,0.0018337,0.001261,0.0017772,0.0017372,0.002105,0.0018402,0.0020147,0.0020442,0.0016968,0.0016514,0.0021087,0.0016518,0.0019468,0.001779,0.0014527,0.0024986,0.0017524,0.0019276,0.0024403,0.0023354,0.0018115,0.002213,0.0012613,0.0018237,0.0025104,0.0019052,0.0016504,0.0020427,0.0018281,0.0018831,0.001691,0.0017451,0.0022527,0.0018441,0.0017629,0.0019448,0.0013104,0.0015888,0.0020288,0.0016025,0.0018246,0.0019059,0.0016505,0.0012082,0.0016188,0.0021209,0.0019549,0.0017577,0.0020731,0.0013692,0.0017183,0.0014383,0.0015395,0.0014867,0.001713,0.0015871,0.0019059,0.0017595,0.0015926,0.0017683,0.0014314,0.0017837,0.0013973,0.0017439,0.0016387,0.0017784,0.0015415,0.0014384,0.0017864,0.0014303,0.0018429,0.0021463,0.0016691,0.0017629,0.0017361,0.0019261,0.0017089,0.0016007,0.0017564,0.00175,0.0017841,0.001781,0.0017798,0.002062,0.0018838,0.0017186,0.0014351,0.0016248,0.0015863,0.0016656,0.0017191,0.0016433,0.0017812,0.0016328,0.0022141,0.0015849,0.0016783,0.0016291,0.0016691,0.0016216,0.0013837,0.0014822,0.0015602,0.0019806,0.0016227,0.0015387,0.001615,0.0015155,0.0017175,0.0017105,0.001559,0.0015917,0.0016689,0.0017317,0.00144,0.0017319,0.001463,0.0016881,0.0015067,0.0013667,0.0012814,0.0015043,0.0017368,0.0012444,0.0016572,0.0013378,0.0014215,0.0016052,0.0012657,0.0014654,0.0016187,0.0013697,0.0014657,0.001528,0.0011724,0.0015259,0.0014626,0.0014693,0.001251,0.0015506,0.0013214,0.0015109,0.001373,0.000966,0.0015094,0.0016062,0.0011807,0.0011892,0.0011402,0.0015161,0.0014829,0.0014692,0.0010543,0.00094497,0.00097992,0.0010069,0.0014703,0.0014318,0.0010409,0.0012735,0.0010411,0.0010278,0.00087665,0.0008454,0.0011263,0.001133,0.001367,0.0012151,1074300.0,1105700.0,792270.0,4276700.0,2284500.0,1150800.0,5856800.0,1513400.0,1879800.0,3242500.0,2966100.0,734830.0,5652900.0,1298400.0,4052200.0,2459600.0,5070500.0,4091400.0,1340500.0,3371900.0,2502600.0,3347400.0,11704000.0,958350.0,6311800.0,749460.0,9101500.0,1591900.0,1841400.0,815570.0,3232100.0,1680500.0,5814300.0,23940000.0,2520900.0,2724900.0,4347000.0,1235900.0,1513400.0,1646200.0,2062700.0,1057700.0,2058300.0,1019200.0,7475600.0,2433400.0,1825600.0,1494000.0,2274900.0,15971000.0,952090.0,7278300.0,3995200.0,706940.0,3910700.0,1079100.0,2657700.0,17679000.0,32102000.0,2373200.0,1720700.0,1532600.0,2840700.0,1036400.0,1926200.0,3409900.0,803840.0,2871900.0,1940600.0,3915400.0,2755300.0,1446400.0,1119200.0,15048000.0,5077600.0,1340600.0,3613400.0,1673300.0,965090.0,2573300.0,3702600.0,1313000.0,893150.0,2116300.0,873820.0,1861100.0,2850800.0,4950200.0,4191200.0,2338500.0,5694300.0,1300700.0,9352900.0,4677300.0,1017700.0,1694700.0,903640.0,1769700.0,3509900.0,9918500.0,1730700.0,16523000.0,1417300.0,9919600.0,1633600.0,3256300.0,1272900.0,1628100.0,12535000.0,5115100.0,2157200.0,3869300.0,2389200.0,1225800.0,656170.0,3373000.0,11659000.0,2413800.0,1291100.0,778800.0,1922000.0,735100.0,1193700.0,2218700.0,8786700.0,4156700.0,2627900.0,3087700.0,2361300.0,1498700.0,773560.0,10411000.0,2404500.0,3548600.0,2073400.0,1371700.0,1031900.0,2014200.0,1052000.0,2853800.0,3921600.0,1159600.0,1477000.0,2103000.0,1521000.0,2210500.0,2422200.0,877170.0,6912100.0,1513500.0,9390500.0,6180200.0,809830.0,10291000.0,814480.0,1274500.0,19279000.0,683650.0,12167000.0,721740.0,5575100.0,3693400.0,3817200.0,2647300.0,5252900.0,4116200.0,4227600.0,964530.0,4135000.0,1638700.0,6369200.0,1506700.0,7610900.0,1080700.0,744550.0,4005200.0,2996600.0,1988300.0,8411500.0,2288700.0,948280.0,1205600.0,3671000.0,3568300.0,1940100.0,1475700.0,747540.0,6807100.0,5275200.0,2336700.0,637470.0,17726000.0,3323000.0,5257900.0,1142200.0,18258000.0,5431600.0,1100100.0,8580600.0,1353300.0,1434500.0,3992400.0,5297000.0,799330.0,1639500.0,973680.0,1778500.0,1568200.0,1456500.0,7851700.0,2342100.0,1425100.0,12280000.0,2793800.0,1238000.0,1263500.0,3260300.0,951930.0,4669600.0,1133200.0,1854600.0,8075300.0,4435100.0,696550.0,1421900.0,10018000.0,5258300.0,5069200.0,15394000.0,3001700.0,1931800.0,2342400.0,2994600.0,3189800.0,1882600.0,1749500.0,2275100.0,1499400.0,7215800.0,652060.0,3656200.0,8296200.0,8910100.0,1863600.0,5378600.0,4029700.0,5011000.0,864140.0,1139900.0,5361500.0,1551600.0,6587500.0,3485200.0,7122400.0,1970700.0,1638700.0,1591200.0,1087700.0,1106100.0,2208100.0,945990.0,5091800.0,3371700.0,4404800.0,3356800.0,2894200.0,2745600.0,15584000.0,14989000.0,6042000.0,4601000.0,2807600.0,6148400.0,3762100.0,1781300.0,2740300.0,1353800.0,4824200.0,3044800.0,1.5381,1.8554,4.1665,2.2374,2.4774,3.6653,1.2767,2.2365,4.224,1.2052,1.9875,4.2169,2.4731,2.664,4.3199,0.77228,2.0644,4.2202,1.6558,2.522,3.8795,3.0789,2.8444,5.8647,1.194,2.0252,4.2005,1.715,1.7164,4.2448,1.2876,2.2702,4.2707,0.74158,2.0365,4.2099,2.9143,2.8426,4.6426,5.5841,2.7528,1.3834,1.2491,2.8219,3.6263,0.85231,2.1603,3.0009,2.5643,2.153,4.5452,1.4635,1.6792,3.8939,0.71234,2.6696,3.887,1.9085,1.8269,3.5246,1.1876,2.3912,3.2206,0.35914,2.2906,3.5025,1.8428,1.6346,3.4042,2.0529,2.6949,4.2402,1.8855,1.6392,3.3734,1.618,1.639,3.9665,0.34105,2.1823,3.1338,2.094,2.4279,4.5078,1.4936,1.6993,3.2634,0.89463,1.9388,2.757,3.2134,2.839,5.9934,1.9413,1.8125,3.5093,0.88982,2.7246,2.909,1.7054,2.5944,4.0035,0.72293,1.8989,2.7479,1.1019,2.4174,3.1297,1.9312,1.9255,4.4929,1.8003,1.6534,3.8928,0.60459,2.1577,3.8806,1.3536,2.5397,3.8786,0.98517,2.1424,3.1903,2.6041,2.3572,4.3654,2.0157,2.2081,4.7268,1.528,1.649,3.9258,1.8849,1.9937,4.4825,1.4875,2.2,3.2364,0.81579,2.2254,3.0407,2.4425,2.4612,4.3688,1.9892,2.5237,4.836,1.93,2.6176,4.812,2.5819,2.3489,4.3491,1.272,2.517,3.8816,1.8132,2.3142,4.3819,2.4494,2.9909,4.3151,0.63241,2.3951,2.6339,1.4063,2.0222,4.6024,1.8992,3.016,3.7724,0.27056,2.3799,3.3691,1.692,1.6177,4.0799,0.80291,2.1905,3.0595,2.2621,2.304,4.7035,0.57114,2.4237,3.1135,0.79424,2.2371,3.1584,0.016231,2.8965,1.7629,2.0107,2.1793,4.6323,2.5247,2.4073,4.2908,2.3148,2.3088,5.143,1.9528,2.6717,4.1498,1.1219,1.833,4.0299,4.5274,2.8283,0.67223,0.77204,2.1871,2.9785,1.4537,2.1271,4.2851,1.1615,2.214,3.548,2.0499,2.6469,4.3112,1.6206,1.5816,4.1471,1.1776,2.5288,3.113,0.74736,2.4859,3.7391,2.2136,1.8317,3.6848,1.4159,2.5319,3.4788,1.3706,2.6019,3.5261,1.4167,1.6359,4.2741,1.9426,2.6682,4.4659,2.0417,2.6746,4.6158,3.3563,2.8272,6.1357,1.7177,1.6233,4.1944,1.8565,1.9427,3.3971,2.4524,2.9619,5.3499,1.199,2.5759,3.0539,2.6882,2.4011,5.0128,0.97659,2.6777,4.1958,1.4378,2.4979,3.5399,0.95381,1.9323,4.1294,1.7775,1.6234,4.0633,1.9373,1.9282,3.3923,6.0127,2.9016,2.853,2.9352,2.2319,4.6656,1.4789,1.9403,4.3564,1.1245,2.5705,3.3502,1.4272,2.4652,3.3867,1.7022,1.8954,3.6654,2.0225,2.4542,4.0735,1.0888,2.3629,3.241,2.483,1.9103,5.2982,1.0019,2.6161,3.2772,1.3908,2.5423,3.3413,0.23981,3.0423,3.2014,0.65807,1.8949,2.7882,1.656,1.9624,4.5765,1.498,1.8197,4.2023,5.2357,2.8019,1.6025,0.86686,2.2113,2.9264,0.92224,2.7036,4.1797,2.3771,2.4478,3.6747,2.9082,2.2994,4.9669,3.0455,2.5963,4.5978,2.0541,2.4008,4.5855,2.1883,2.2035,4.1726,0.70857,2.2125,3.3274,0.59641,2.4179,3.0444,0.57202,2.2296,3.8806,2.4953,2.4388,4.5903,0.73243,2.4291,2.9129,1.3029,1.563,4.3685,1.5951,1.9426,3.511,0.32737,2.6584,2.1676,3.4253,2.9314,0.27951,0.86884,2.275,3.0667,1.6267,1.6691,4.1476,1.6606,1.891,3.2584,0.77391,2.3604,2.8698,2.2111,2.2935,4.9427,1.3063,2.5753,3.1992,1.2558,2.2012,3.6328,0.36044,2.0801,3.294,1.7125,1.9128,3.4368,2.6171,2.0502,4.1021,2.0537,2.1458,4.9601,1.3792,1.7045,3.845,0.76786,2.0237,2.798,2.0769,2.1297,5.0607,2.1699,2.2819,4.5513,1.505,2.434,4.0061,4.0814,2.8988,0.0001397,1.841,2.4857,4.0028,0.64968,1.9861,4.152,1.2154,2.6221,4.2445,3.3349,2.7981,6.0839,1.7135,1.5637,3.279,0.2608,2.374,3.4048,4.9071,2.9995,0.74453,0.43255,2.8164,3.2954,1.1694,2.54,3.0679,2.2582,2.1857,5.0057,1.6398,2.0623,4.4372,1.6578,1.6225,3.3852,1.8013,2.9429,3.3605,0.74413,2.3422,2.906,0.81281,2.3906,3.0101,0.23994,2.6614,3.3505,1.9474,2.4412,4.2754,0.64815,2.4165,2.7938,1.0114,2.3316,3.5952,1.2925,1.7681,4.3198,0.23444,2.3492,3.4649,1.6947,1.5911,3.2791,0.80966,2.3234,2.8544,2.952,2.8589,6.0266,1.7428,2.5259,3.9728,2.0342,2.2301,4.6082,2.2397,2.6662,5.0973,1.6261,1.9578,3.8173,1.4097,1.7811,3.7463,2.2981,2.1426,4.9921,1.4981,2.5785,3.9516,0.48712,3.0116,2.1548,4.4761,2.9077,0.27155,1.342,2.8321,4.2043,1.884,1.9732,3.8934,1.1897,2.671,2.7723,0.13915,2.7877,2.8482,1.064,2.9143,4.1914,0.48588,2.4518,2.6014,0.85188,2.0637,2.847,0.53735,2.4834,3.4068,1.7738,2.2208,4.3278,1.1068,2.8132,4.2451,0.68889,2.0391,2.9767,2.1004,1.8402,3.7237,1.4029,1.8786,3.7067,2.2978,2.6164,4.779,1.5152,1.5741,4.1969,1.2866,2.1397,3.2273,0.72655,2.0799,3.0126,0.73172,2.2802,2.6371,1.7891,2.3812,4.1807,2.2559,2.5964,4.9159,0.60026,2.0631,2.958,1.73,1.7785,3.2947,0.85163,2.9874,2.6036,0.54333,2.5222,2.593,3.2275,2.7285,6.169,6.2241,2.8689,2.6415,4.1775,2.9016,6.1577,2.3996,2.2801,3.7338,1.4593,3.0589,4.4304,1.2526,2.4431,3.4849,0.0014872,3.1056,2.9416,2.3755,2.1907,3.7517,1.3079,1.845,3.7024,2.3995,2.3279,4.6233,2.6086,2.7061,4.217,1.2615,2.7126,4.327,1.7072,1.9415,3.8276,1.1941,2.7539,3.7491,2.347,2.3575,4.942,1.4247,2.6161,3.3591,2.1632,2.2791,4.0693,0.82089,1.9701,3.3897,2.426,2.3364,3.8028,2.3493,2.3548,3.7316,2.282,1.9927,5.0513,2.6331,2.2894,4.8251,2.393,2.2402,3.7947,1.4339,1.6084,3.9109,2.3552,2.6051,4.9261,1.7653,1.9462,3.8656,0.81674,2.1213,4.1157,1.5912,1.8424,4.3309,2.323,2.5788,4.9498,1.45,2.3972,3.2557,5.8522,2.8291,2.1291,1.8635,1.7552,3.524,1.9498,2.9282,4.1964,2.1019,1.9856,4.8319,1.17,2.6171,4.3561,1.9883,2.1541,4.9348,1.6506,1.7839,3.9372,1.6276,2.0029,3.3415,1.1396,2.7296,3.7076,1.0274,2.8479,3.8294,1.5481,2.4852,3.9097,1.1646,2.6915,3.6845,1.7705,1.7559,4.0833,0.75684,2.4511,2.807,1.84,2.1251,4.4076,0.10312,2.7837,2.98,1.0507,1.9489,4.3275,0.97841,2.2892,3.0732,1.5929,2.4059,4.5649,1.0042,2.0804,2.8324,0.79015,2.0085,2.6925,1.6794,1.7697,3.9425,0.88088,2.4432,2.8923,1.326,1.5838,3.8403,2.7715,2.6073,4.6175,1.053,2.216,3.6383,1.1723,2.7369,3.6833,2.0007,1.9958,4.4745,1.0212,1.9599,4.2434,1.8995,1.6453,3.4368,1.7125,2.4957,3.9761,2.2375,2.539,4.8844,2.0701,2.3574,3.613,1.2126,3.0588,3.4615,1.4074,1.4451,4.2512,0.70007,2.9808,3.6542,1.6456,1.727,4.2409,0.79383,2.0008,2.7223,0.56693,2.2182,4.0362,2.6117,2.5995,4.5225,2.0148,2.1069,3.4496,1.3774,2.8894,3.5341,1.0868,2.2221,3.6195,2.5379,2.0325,4.4772,1.5019,1.7359,4.4201,1.5968,2.5869,3.5691,2.0696,2.2888,4.0633,2.7093,2.3124,4.969,0.44683,2.5046,2.9334
0.15866,0.25127,0.0061123,241.3,265.62,201.23,0.0013788,0.0016011,0.0010128,211.85,228.93,228.73,219.66,213.16,180.51,242.53,229.0,266.02,222.78,257.75,271.88,201.21,230.84,222.71,282.39,223.49,250.48,217.69,179.96,333.13,238.92,202.47,247.71,207.51,276.3,258.8,318.56,174.33,268.84,226.1,222.27,149.8,236.04,266.86,342.96,256.66,205.28,301.4,348.85,300.25,193.07,234.63,189.02,277.69,265.32,301.04,296.0,341.39,282.73,277.55,270.0,348.93,344.24,344.41,275.67,318.22,248.11,219.76,388.85,345.76,339.75,331.08,197.36,277.15,239.86,221.99,202.7,300.9,231.27,261.51,251.41,306.59,310.81,243.05,249.74,279.37,316.54,334.52,297.46,223.32,299.14,290.64,276.14,314.05,190.37,278.86,264.69,291.7,281.45,307.58,300.36,257.46,302.63,250.12,277.38,267.64,334.53,248.3,260.57,343.17,342.57,372.69,250.41,322.02,403.0,408.74,325.69,239.57,304.21,380.72,273.6,260.36,289.86,265.34,349.07,296.05,345.35,368.5,335.7,279.85,354.51,337.77,282.24,310.86,317.58,438.92,250.63,420.05,424.16,380.58,287.0,393.39,211.23,280.76,544.25,303.59,313.28,341.85,321.47,308.15,260.96,319.59,380.34,265.67,366.96,338.06,260.73,316.17,388.89,247.38,276.24,352.41,248.89,157.09,283.88,355.01,314.37,393.71,391.72,214.43,275.99,204.0,216.6,251.1,285.06,222.78,311.95,275.44,229.09,267.95,244.69,280.43,184.96,273.74,262.37,256.19,233.98,226.25,315.56,220.2,309.12,370.23,258.07,274.97,248.21,322.59,277.82,235.39,302.42,332.23,272.76,287.6,281.83,301.34,312.9,266.46,443.81,233.34,254.48,254.89,266.51,254.38,277.41,271.16,327.51,261.76,243.74,264.29,304.4,261.35,198.34,217.16,259.07,329.74,250.63,230.02,286.35,241.55,269.11,269.84,249.42,260.37,282.24,282.27,214.57,279.72,219.84,286.07,225.66,238.85,192.32,271.22,274.07,177.9,277.99,226.02,181.33,261.58,192.31,227.6,268.95,194.04,245.94,258.15,201.63,255.09,252.32,232.86,189.58,246.94,213.01,243.15,237.36,168.12,283.84,286.02,212.04,174.84,207.3,276.22,242.99,246.34,232.5,153.02,160.92,203.15,246.15,244.86,224.42,228.2,214.56,192.5,173.21,183.49,230.85,211.19,250.88,219.95,0.0007919,0.0010651,0.001062,0.0011513,0.0010441,0.00087505,0.0012739,0.00097734,0.0013496,0.0010621,0.001357,0.0014992,0.0010196,0.0012416,0.0010889,0.0016623,0.0012861,0.0013809,0.0013897,0.0010999,0.0019307,0.0015686,0.0012669,0.0016745,0.0014218,0.0017478,0.0014832,0.0018415,0.0013077,0.0017689,0.0013839,0.0013493,0.0010446,0.0013231,0.0016246,0.0020446,0.0015823,0.0013668,0.001835,0.0019637,0.0016391,0.0011145,0.0015359,0.0014095,0.0016747,0.0016645,0.0018298,0.0016449,0.0020036,0.0016849,0.0013533,0.0016481,0.0021205,0.0018404,0.0020338,0.001739,0.0018488,0.0011807,0.001553,0.0023409,0.0021851,0.0020114,0.001986,0.0013769,0.0019175,0.0015578,0.001392,0.0015257,0.0019118,0.0015011,0.0017726,0.0017152,0.0017741,0.0019384,0.0014977,0.0016376,0.0016805,0.0019489,0.0020977,0.0019326,0.0013864,0.0020588,0.0019175,0.0015977,0.0013439,0.001467,0.0012511,0.0017733,0.0017577,0.0017883,0.0019232,0.0017646,0.0013481,0.0019368,0.0013195,0.0017958,0.0016925,0.0021022,0.001496,0.001695,0.0017894,0.0020444,0.0022631,0.0015053,0.0020337,0.0018776,0.0023097,0.0020611,0.001672,0.0018135,0.0022889,0.0018379,0.0012709,0.0017816,0.0017399,0.0021104,0.0018453,0.0020215,0.0020488,0.0017005,0.0016465,0.0021152,0.0016613,0.0019522,0.001785,0.0014597,0.0025052,0.0017587,0.0019343,0.0024476,0.0023432,0.0018159,0.0022191,0.0012658,0.0018296,0.0025218,0.0019103,0.0016542,0.0020492,0.0018321,0.0018886,0.0016947,0.0017505,0.0022595,0.0018486,0.0017733,0.0019477,0.0013152,0.0015969,0.00204,0.0016069,0.0018294,0.0019132,0.0016534,0.0012091,0.0016248,0.0021248,0.0019579,0.001767,0.0020736,0.0013706,0.0017213,0.0014405,0.0015433,0.0014905,0.0017157,0.0015904,0.0019084,0.0017644,0.0015948,0.0017726,0.0014352,0.0017876,0.0013998,0.0017456,0.0016402,0.0017804,0.0015427,0.0014393,0.0017899,0.0014332,0.001848,0.0021491,0.0016703,0.0017675,0.0017384,0.0019313,0.0017129,0.0016025,0.0017611,0.0017536,0.0017889,0.0017861,0.0017818,0.0020661,0.001888,0.0017225,0.0014428,0.0016274,0.0015883,0.0016682,0.0017214,0.0016454,0.0017847,0.0016363,0.002219,0.0015875,0.0016812,0.0016306,0.0016732,0.0016247,0.0013854,0.0014842,0.0015624,0.0019849,0.0016268,0.0015412,0.0016162,0.0015175,0.0017202,0.0017136,0.0015613,0.0015939,0.0016712,0.0017337,0.0014423,0.0017354,0.0014652,0.0016917,0.0015084,0.0013679,0.001283,0.0015065,0.0017394,0.0012452,0.0016588,0.0013394,0.001423,0.0016071,0.0012672,0.0014675,0.0016211,0.0013713,0.0014675,0.0015299,0.0011731,0.0015282,0.0014638,0.0014705,0.0012518,0.0015524,0.0013229,0.0015128,0.0013746,0.00096648,0.0015115,0.0016085,0.0011815,0.0011901,0.0011411,0.0015175,0.0014849,0.001471,0.0010554,0.00094591,0.00098032,0.0010071,0.0014716,0.0014339,0.0010421,0.0012745,0.0010419,0.0010285,0.00087707,0.00084545,0.0011267,0.0011331,0.0013681,0.0012159,1074300.0,1105700.0,792270.0,4276700.0,2284500.0,1150800.0,5856800.0,1513400.0,1879800.0,3242500.0,2966100.0,734830.0,5652900.0,1298400.0,4052200.0,2459600.0,5070500.0,4091400.0,1340500.0,3371900.0,2502600.0,3347400.0,11704000.0,958350.0,6311800.0,749460.0,9101500.0,1591900.0,1841400.0,815570.0,3232100.0,1680500.0,5814300.0,23940000.0,2520900.0,2724900.0,4347000.0,1235900.0,1513400.0,1646200.0,2062700.0,1057700.0,2058300.0,1019200.0,7475600.0,2433400.0,1825600.0,1494000.0,2274900.0,15971000.0,952090.0,7278300.0,3995200.0,706940.0,3910700.0,1079100.0,2657700.0,17679000.0,32102000.0,2373200.0,1720700.0,1532600.0,2840700.0,1036400.0,1926200.0,3409900.0,803840.0,2871900.0,1940600.0,3915400.0,2755300.0,1446400.0,1119200.0,15048000.0,5077600.0,1340600.0,3613400.0,1673300.0,965090.0,2573300.0,3702600.0,1313000.0,893150.0,2116300.0,873820.0,1861100.0,2850800.0,4950200.0,4191200.0,2338500.0,5694300.0,1300700.0,9352900.0,4677300.0,1017700.0,1694700.0,903640.0,1769700.0,3509900.0,9918500.0,1730700.0,16523000.0,1417300.0,9919600.0,1633600.0,3256300.0,1272900.0,1628100.0,12535000.0,5115100.0,2157200.0,3869300.0,2389200.0,1225800.0,656170.0,3373000.0,11659000.0,2413800.0,1291100.0,778800.0,1922000.0,735100.0,1193700.0,2218700.0,8786700.0,4156700.0,2627900.0,3087700.0,2361300.0,1498700.0,773560.0,10411000.0,2404500.0,3548600.0,2073400.0,1371700.0,1031900.0,2014200.0,1052000.0,2853800.0,3921600.0,1159600.0,1477000.0,2103000.0,1521000.0,2210500.0,2422200.0,877170.0,6912100.0,1513500.0,9390500.0,6180200.0,809830.0,10291000.0,814480.0,1274500.0,19279000.0,683650.0,12167000.0,721740.0,5575100.0,3693400.0,3817200.0,2647300.0,5252900.0,4116200.0,4227600.0,964530.0,4135000.0,1638700.0,6369200.0,1506700.0,7610900.0,1080700.0,744550.0,4005200.0,2996600.0,1988300.0,8411500.0,2288700.0,948280.0,1205600.0,3671000.0,3568300.0,1940100.0,1475700.0,747540.0,6807100.0,5275200.0,2336700.0,637470.0,17726000.0,3323000.0,5257900.0,1142200.0,18258000.0,5431600.0,1100100.0,8580600.0,1353300.0,1434500.0,3992400.0,5297000.0,799330.0,1639500.0,973680.0,1778500.0,1568200.0,1456500.0,7851700.0,2342100.0,1425100.0,12280000.0,2793800.0,1238000.0,1263500.0,3260300.0,951930.0,4669600.0,1133200.0,1854600.0,8075300.0,4435100.0,696550.0,1421900.0,10018000.0,5258300.0,5069200.0,15394000.0,3001700.0,1931800.0,2342400.0,2994600.0,3189800.0,1882600.0,1749500.0,2275100.0,1499400.0,7215800.0,652060.0,3656200.0,8296200.0,8910100.0,1863600.0,5378600.0,4029700.0,5011000.0,864140.0,1139900.0,5361500.0,1551600.0,6587500.0,3485200.0,7122400.0,1970700.0,1638700.0,1591200.0,1087700.0,1106100.0,2208100.0,945990.0,5091800.0,3371700.0,4404800.0,3356800.0,2894200.0,2745600.0,15584000.0,14989000.0,6042000.0,4601000.0,2807600.0,6148400.0,3762100.0,1781300.0,2740300.0,1353800.0,4824200.0,3044800.0,1.5382,1.8555,4.1665,2.2375,2.4775,3.6653,1.2767,2.2366,4.224,1.205,1.9874,4.2168,2.4729,2.664,4.32,0.77189,2.0644,4.2203,1.6565,2.5222,3.8794,3.0792,2.8444,5.8647,1.1938,2.0253,4.2004,1.7148,1.7163,4.2448,1.2877,2.2705,4.271,0.74092,2.0364,4.2099,2.9141,2.8426,4.643,5.5833,2.7526,1.3829,1.2493,2.8217,3.6264,0.85175,2.1603,3.0008,2.5649,2.1537,4.5459,1.4635,1.6792,3.8939,0.71297,2.6702,3.8873,1.908,1.8272,3.5249,1.1882,2.391,3.2213,0.35953,2.2907,3.502,1.8431,1.6344,3.4044,2.053,2.6942,4.2397,1.8861,1.6391,3.3733,1.6189,1.6388,3.9668,0.3409,2.1825,3.1335,2.0945,2.4282,4.5085,1.4937,1.6994,3.2638,0.89515,1.9392,2.7569,3.2145,2.8389,5.9942,1.9412,1.8128,3.5095,0.88936,2.7247,2.9091,1.7049,2.5945,4.0035,0.72357,1.899,2.7477,1.102,2.4173,3.13,1.9314,1.9255,4.4929,1.801,1.6534,3.8929,0.60525,2.1573,3.8816,1.3548,2.5402,3.8795,0.9851,2.1428,3.1898,2.6048,2.3577,4.366,2.0156,2.2082,4.7269,1.5284,1.6487,3.9259,1.885,1.9943,4.4825,1.4878,2.2002,3.2361,0.81578,2.226,3.0398,2.4424,2.4618,4.3689,1.9897,2.5232,4.8357,1.9302,2.6177,4.8117,2.5824,2.3494,4.3498,1.2719,2.5171,3.8814,1.8142,2.3146,4.3824,2.4515,2.9905,4.3166,0.6333,2.3946,2.635,1.4056,2.022,4.6026,1.8981,3.0156,3.7709,0.27015,2.3798,3.369,1.6922,1.6177,4.0799,0.80347,2.1912,3.0596,2.2622,2.3039,4.7037,0.57041,2.423,3.114,0.79296,2.2376,3.1579,0.016097,2.8965,1.7625,2.011,2.1802,4.6328,2.5246,2.408,4.2912,2.3139,2.3088,5.143,1.952,2.6709,4.1493,1.122,1.8328,4.0306,4.5269,2.8278,0.67306,0.77169,2.1873,2.9782,1.454,2.1273,4.2853,1.1617,2.2148,3.5483,2.0488,2.6462,4.31,1.6204,1.5815,4.1471,1.1778,2.5286,3.1136,0.74718,2.4865,3.739,2.2145,1.8313,3.6848,1.4152,2.5322,3.4788,1.37,2.6019,3.5259,1.4158,1.6357,4.2741,1.9422,2.6674,4.4655,2.042,2.6737,4.6162,3.3559,2.8273,6.136,1.7185,1.6231,4.1944,1.8575,1.9423,3.3969,2.4539,2.9616,5.3511,1.1991,2.5761,3.0539,2.6882,2.4007,5.0127,0.97714,2.6783,4.1967,1.4374,2.498,3.5402,0.954,1.9325,4.1301,1.7778,1.6236,4.0633,1.9384,1.9283,3.3923,6.0123,2.9016,2.8526,2.936,2.2317,4.6659,1.4798,1.94,4.3573,1.1245,2.5701,3.3504,1.427,2.4652,3.3866,1.7021,1.8949,3.6652,2.0232,2.4544,4.0741,1.0887,2.3634,3.2413,2.4838,1.9093,5.299,1.0015,2.6157,3.2772,1.3902,2.5428,3.3409,0.23996,3.0425,3.2012,0.65806,1.8956,2.7875,1.6567,1.9619,4.5776,1.4984,1.8192,4.2026,5.2347,2.8011,1.6017,0.86738,2.2117,2.9269,0.92282,2.7041,4.1807,2.3775,2.4466,3.6752,2.9091,2.2992,4.9671,3.0466,2.5959,4.5983,2.0546,2.4005,4.586,2.1878,2.204,4.1725,0.70832,2.2138,3.327,0.59781,2.4179,3.0447,0.57221,2.2303,3.881,2.4949,2.4384,4.5905,0.73181,2.4296,2.9122,1.3029,1.563,4.3685,1.5949,1.9421,3.5116,0.3286,2.6585,2.1683,3.4253,2.9311,0.27971,0.86848,2.2746,3.0669,1.6266,1.6691,4.148,1.661,1.8914,3.2591,0.77394,2.3601,2.87,2.2117,2.293,4.9427,1.3072,2.5755,3.2,1.2566,2.2016,3.6338,0.35949,2.0807,3.2939,1.7127,1.9123,3.4369,2.6177,2.0496,4.1026,2.0535,2.1458,4.9601,1.3792,1.7043,3.845,0.768,2.0242,2.7985,2.077,2.1294,5.0613,2.1696,2.2822,4.5518,1.5049,2.4346,4.0065,4.0799,2.8978,6.2817,1.8404,2.4862,4.0026,0.64884,1.9863,4.1523,1.2151,2.622,4.2444,3.3335,2.7977,6.0836,1.7133,1.5636,3.2791,0.26128,2.3744,3.4053,4.9054,2.9996,0.74264,0.43254,2.8166,3.2963,1.169,2.5401,3.0686,2.2584,2.1859,5.0061,1.6405,2.062,4.4376,1.658,1.6224,3.3855,1.8034,2.9431,3.3619,0.74453,2.3417,2.9065,0.81242,2.3901,3.0103,0.23963,2.6616,3.3504,1.9486,2.4417,4.2758,0.64881,2.4162,2.794,1.0114,2.3324,3.595,1.2924,1.7679,4.32,0.23427,2.3494,3.4654,1.6948,1.5912,3.2791,0.81072,2.3229,2.8548,2.9514,2.8588,6.0268,1.7415,2.5255,3.9726,2.0343,2.2304,4.6083,2.2382,2.6658,5.0965,1.6253,1.9578,3.8171,1.4101,1.7808,3.7466,2.2984,2.1426,4.992,1.4981,2.5783,3.9512,0.48644,3.0113,2.1535,4.4753,2.9073,0.27119,1.3421,2.8326,4.2038,1.8836,1.9734,3.8934,1.1891,2.6711,2.7717,0.13772,2.7876,2.8476,1.0642,2.9144,4.1915,0.48559,2.4514,2.6017,0.85222,2.0642,2.8467,0.53755,2.4836,3.407,1.7748,2.2211,4.3282,1.106,2.8136,4.2446,0.6893,2.0395,2.976,2.1009,1.8401,3.7233,1.4035,1.8788,3.707,2.2968,2.6157,4.7778,1.5159,1.5742,4.197,1.2862,2.1396,3.2276,0.72698,2.0805,3.0122,0.73204,2.2797,2.6372,1.7893,2.3814,4.1809,2.2552,2.5958,4.9156,0.60012,2.0634,2.9574,1.7303,1.7791,3.2946,0.85244,2.9872,2.604,0.54313,2.5224,2.593,3.2282,2.7283,6.1698,6.2246,2.8689,2.6424,4.1759,2.9012,6.1558,2.3999,2.2793,3.7336,1.4603,3.0589,4.4325,1.2522,2.4434,3.485,6.281,3.1057,2.9387,2.3754,2.1904,3.7514,1.3082,1.845,3.7026,2.3993,2.3279,4.6237,2.6086,2.7066,4.218,1.2615,2.7126,4.3268,1.7063,1.9413,3.8272,1.1945,2.7537,3.7497,2.3466,2.357,4.9414,1.4238,2.6158,3.3593,2.163,2.2796,4.0691,0.8208,1.9703,3.3897,2.426,2.3359,3.803,2.3491,2.3544,3.7314,2.2825,1.9931,5.052,2.6327,2.2895,4.8252,2.3932,2.2402,3.7947,1.4342,1.6085,3.9112,2.3545,2.6045,4.9257,1.7646,1.9461,3.8654,0.81681,2.1211,4.1161,1.5909,1.8425,4.3312,2.3225,2.5781,4.9497,1.4499,2.3973,3.2557,5.8518,2.8288,2.1288,1.8635,1.755,3.5241,1.9494,2.9276,4.1956,2.1023,1.9858,4.8321,1.1704,2.6173,4.3566,1.9889,2.1542,4.9351,1.6507,1.7838,3.9371,1.6278,2.0028,3.3412,1.1401,2.7294,3.7081,1.0278,2.848,3.8294,1.5487,2.4854,3.91,1.1647,2.6911,3.6845,1.7702,1.7557,4.0833,0.75624,2.451,2.8072,1.8397,2.1254,4.4078,0.10317,2.7836,2.9807,1.0504,1.9489,4.3278,0.97853,2.2889,3.0734,1.5927,2.4059,4.5648,1.0042,2.0804,2.8324,0.7904,2.0085,2.6924,1.6797,1.7696,3.9423,0.8806,2.4431,2.8929,1.3257,1.5837,3.8404,2.7715,2.6074,4.6174,1.0529,2.2165,3.6384,1.1725,2.7366,3.6834,2.0008,1.9958,4.4745,1.0209,1.9599,4.2434,1.8997,1.6453,3.4367,1.7128,2.4958,3.976,2.238,2.5389,4.8842,2.0698,2.3573,3.6126,1.2125,3.0587,3.4616,1.4072,1.4451,4.2513,0.70035,2.9808,3.6543,1.6457,1.7269,4.241,0.79407,2.0008,2.7222,0.56643,2.2183,4.0366,2.6114,2.5995,4.5225,2.0149,2.1068,3.4497,1.3773,2.8892,3.5341,1.0868,2.2222,3.6194,2.538,2.0327,4.4773,1.5019,1.7359,4.4201,1.5968,2.5869,3.5691,2.0696,2.2888,4.0633,2.7093,2.3121,4.9688,0.44685,2.5044,2.9333
0.15997,0.25335,0.0061535,241.75,266.35,201.25,0.0013813,0.0016049,0.0010129,212.04,229.14,228.97,219.97,213.42,180.4,242.66,229.24,266.41,222.93,258.21,272.44,201.08,231.13,223.01,282.99,223.87,250.93,218.18,179.78,334.03,239.45,202.92,248.26,207.87,276.94,259.17,318.98,174.47,269.52,226.7,222.47,149.63,236.45,267.69,343.79,257.4,205.9,302.43,349.62,300.46,193.17,235.45,189.64,278.29,265.78,301.79,296.92,342.31,283.17,278.15,270.47,350.28,345.17,345.66,276.28,319.06,249.52,220.59,390.09,347.23,340.76,331.66,197.51,277.64,240.15,222.87,204.08,301.78,232.16,262.19,251.51,307.76,311.61,243.62,250.51,279.64,318.03,335.11,298.98,223.73,299.67,292.27,276.25,314.08,191.07,280.33,264.99,292.99,282.03,308.25,301.08,259.39,303.27,251.6,277.54,268.23,335.09,251.07,261.09,345.27,343.8,373.04,251.27,323.91,404.96,410.25,326.61,239.92,305.26,382.04,274.64,262.58,290.99,265.93,350.39,297.33,347.18,369.82,336.62,279.88,356.61,341.03,283.61,312.74,319.87,441.33,251.74,422.34,426.66,382.18,288.35,395.49,213.3,281.93,546.95,305.75,315.1,343.29,322.88,309.83,261.57,320.6,381.71,266.53,370.1,338.61,263.13,318.71,391.88,248.18,277.22,354.16,249.12,157.13,284.93,355.93,315.16,396.53,392.27,214.38,276.7,204.49,217.39,251.98,285.46,223.37,312.48,276.54,229.64,268.69,245.35,281.24,185.7,273.94,262.79,256.57,234.18,226.37,316.22,220.76,310.16,370.66,258.51,275.75,248.37,323.23,278.43,235.53,303.29,332.87,273.64,288.42,282.18,302.17,313.8,267.09,445.97,233.73,255.0,255.36,266.73,254.8,278.14,271.77,328.57,262.31,244.35,264.42,305.34,261.95,198.52,217.62,259.64,330.63,251.43,230.28,286.47,242.09,269.81,270.33,249.79,260.86,282.56,282.72,215.02,280.26,220.27,286.79,225.94,238.93,192.53,271.61,274.47,178.11,278.38,226.27,181.55,261.94,192.49,227.79,269.44,194.25,246.34,258.6,201.8,255.57,252.64,233.07,189.69,247.18,213.2,243.62,237.71,168.2,284.27,286.44,212.2,174.93,207.42,276.46,243.25,246.71,232.77,153.16,160.96,203.24,246.33,245.28,224.62,228.42,214.72,192.61,173.3,183.54,230.94,211.17,251.11,219.98,0.00079261,0.0010656,0.0010618,0.0011526,0.0010446,0.0008735,0.0012745,0.00097852,0.0013523,0.0010624,0.0013592,0.0015019,0.0010181,0.001243,0.0010899,0.0016652,0.0012881,0.0013837,0.0013923,0.001099,0.0019358,0.0015723,0.0012697,0.0016789,0.001424,0.0017526,0.0014854,0.0018435,0.0013088,0.0017735,0.0013874,0.0013509,0.0010434,0.001325,0.0016297,0.0020501,0.0015864,0.00137,0.0018404,0.0019688,0.0016414,0.0011149,0.0015407,0.0014139,0.0016784,0.001667,0.0018351,0.00165,0.0020096,0.0016878,0.0013556,0.0016519,0.0021279,0.0018459,0.0020409,0.0017435,0.0018541,0.0011839,0.0015584,0.0023495,0.0021929,0.002018,0.0019901,0.0013763,0.0019219,0.0015611,0.0013961,0.0015328,0.0019187,0.0015064,0.0017766,0.0017175,0.0017815,0.0019442,0.0014966,0.0016434,0.0016846,0.0019574,0.0021029,0.0019401,0.001384,0.0020619,0.0019251,0.0016021,0.0013351,0.0014724,0.0012563,0.0017755,0.0017654,0.0017936,0.0019286,0.0017688,0.0013562,0.0019413,0.0013262,0.0017997,0.0016978,0.0021059,0.0015093,0.001699,0.0018002,0.0020527,0.002267,0.0015102,0.0020422,0.0018876,0.0023196,0.0020685,0.0016744,0.0018208,0.0022964,0.0018445,0.001277,0.001787,0.0017437,0.0021183,0.0018525,0.0020304,0.0020538,0.0017046,0.0016329,0.0021253,0.001671,0.0019595,0.0017925,0.0014699,0.0025162,0.0017661,0.0019441,0.0024595,0.0023528,0.0018214,0.0022272,0.0012623,0.001837,0.002538,0.0019176,0.0016591,0.0020572,0.0018377,0.001896,0.0016984,0.0017571,0.0022677,0.001854,0.0017866,0.0019532,0.0013205,0.0016066,0.0020541,0.0016125,0.0018353,0.0019235,0.0016554,0.0012094,0.0016319,0.0021302,0.0019623,0.0017791,0.0020736,0.0013704,0.0017255,0.0014436,0.0015477,0.0014947,0.0017183,0.0015948,0.0019121,0.0017699,0.0015984,0.0017775,0.0014393,0.0017919,0.0014022,0.0017475,0.0016429,0.0017819,0.001543,0.0014399,0.0017943,0.0014359,0.0018536,0.0021518,0.0016724,0.0017722,0.0017397,0.0019368,0.0017165,0.0016039,0.0017663,0.0017572,0.0017943,0.0017917,0.0017836,0.0020704,0.0018932,0.0017268,0.0014526,0.0016297,0.0015914,0.0016708,0.0017236,0.0016486,0.0017891,0.0016404,0.0022243,0.00159,0.0016854,0.0016317,0.0016783,0.0016285,0.0013866,0.0014872,0.0015659,0.0019901,0.0016308,0.0015432,0.001617,0.0015204,0.0017239,0.0017174,0.0015636,0.0015971,0.0016746,0.0017366,0.0014453,0.0017382,0.0014682,0.0016962,0.0015096,0.0013685,0.001284,0.0015086,0.0017426,0.0012464,0.0016614,0.0013406,0.0014253,0.0016097,0.0012686,0.0014687,0.0016244,0.0013733,0.0014695,0.0015324,0.0011745,0.0015313,0.0014654,0.0014719,0.0012525,0.001554,0.0013241,0.0015154,0.0013767,0.00096687,0.0015142,0.0016114,0.0011823,0.001191,0.0011417,0.0015186,0.0014862,0.001473,0.0010566,0.00094695,0.00098028,0.0010074,0.0014727,0.001436,0.0010431,0.0012756,0.0010426,0.0010291,0.00087736,0.00084548,0.001127,0.001133,0.0013691,0.001216,1074300.0,1105700.0,792270.0,4276700.0,2284500.0,1150800.0,5856800.0,1513400.0,1879800.0,3242500.0,2966100.0,734830.0,5652900.0,1298400.0,4052200.0,2459600.0,5070500.0,4091400.0,1340500.0,3371900.0,2502600.0,3347400.0,11704000.0,958350.0,6311800.0,749460.0,9101500.0,1591900.0,1841400.0,815570.0,3232100.0,1680500.0,5814300.0,23940000.0,2520900.0,2724900.0,4347000.0,1235900.0,1513400.0,1646200.0,2062700.0,1057700.0,2058300.0,1019200.0,7475600.0,2433400.0,1825600.0,1494000.0,2274900.0,15971000.0,952090.0,7278300.0,3995200.0,706940.0,3910700.0,1079100.0,2657700.0,17679000.0,32102000.0,2373200.0,1720700.0,1532600.0,2840700.0,1036400.0,1926200.0,3409900.0,803840.0,2871900.0,1940600.0,3915400.0,2755300.0,1446400.0,1119200.0,15048000.0,5077600.0,1340600.0,3613400.0,1673300.0,965090.0,2573300.0,3702600.0,1313000.0,893150.0,2116300.0,873820.0,1861100.0,2850800.0,4950200.0,4191200.0,2338500.0,5694300.0,1300700.0,9352900.0,4677300.0,1017700.0,1694700.0,903640.0,1769700.0,3509900.0,9918500.0,1730700.0,16523000.0,1417300.0,9919600.0,1633600.0,3256300.0,1272900.0,1628100.0,12535000.0,5115100.0,2157200.0,3869300.0,2389200.0,1225800.0,656170.0,3373000.0,11659000.0,2413800.0,1291100.0,778800.0,1922000.0,735100.0,1193700.0,2218700.0,8786700.0,4156700.0,2627900.0,3087700.0,2361300.0,1498700.0,773560.0,10411000.0,2404500.0,3548600.0,2073400.0,1371700.0,1031900.0,2014200.0,1052000.0,2853800.0,3921600.0,1159600.0,1477000.0,2103000.0,1521000.0,2210500.0,2422200.0,877170.0,6912100.0,1513500.0,9390500.0,6180200.0,809830.0,10291000.0,814480.0,1274500.0,19279000.0,683650.0,12167000.0,721740.0,5575100.0,3693400.0,3817200.0,2647300.0,5252900.0,4116200.0,4227600.0,964530.0,4135000.0,1638700.0,6369200.0,1506700.0,7610900.0,1080700.0,744550.0,4005200.0,2996600.0,1988300.0,8411500.0,2288700.0,948280.0,1205600.0,3671000.0,3568300.0,1940100.0,1475700.0,747540.0,6807100.0,5275200.0,2336700.0,637470.0,17726000.0,3323000.0,5257900.0,1142200.0,18258000.0,5431600.0,1100100.0,8580600.0,1353300.0,1434500.0,3992400.0,5297000.0,799330.0,1639500.0,973680.0,1778500.0,1568200.0,1456500.0,7851700.0,2342100.0,1425100.0,12280000.0,2793800.0,1238000.0,1263500.0,3260300.0,951930.0,4669600.0,1133200.0,1854600.0,8075300.0,4435100.0,696550.0,1421900.0,10018000.0,5258300.0,5069200.0,15394000.0,3001700.0,1931800.0,2342400.0,2994600.0,3189800.0,1882600.0,1749500.0,2275100.0,1499400.0,7215800.0,652060.0,3656200.0,8296200.0,8910100.0,1863600.0,5378600.0,4029700.0,5011000.0,864140.0,1139900.0,5361500.0,1551600.0,6587500.0,3485200.0,7122400.0,1970700.0,1638700.0,1591200.0,1087700.0,1106100.0,2208100.0,945990.0,5091800.0,3371700.0,4404800.0,3356800.0,2894200.0,2745600.0,15584000.0,14989000.0,6042000.0,4601000.0,2807600.0,6148400.0,3762100.0,1781300.0,2740300.0,1353800.0,4824200.0,3044800.0,1.5384,1.8556,4.1664,2.2376,2.4776,3.6653,1.2767,2.2367,4.224,1.2048,1.9873,4.2166,2.4727,2.664,4.3202,0.77131,2.0645,4.2203,1.6576,2.5224,3.8793,3.0797,2.8443,5.8648,1.1934,2.0254,4.2001,1.7145,1.7162,4.2447,1.2879,2.2709,4.2714,0.73992,2.0362,4.2099,2.9138,2.8426,4.6436,5.5821,2.7523,1.3821,1.2496,2.8214,3.6266,0.85091,2.1604,3.0006,2.5658,2.1547,4.547,1.4635,1.6791,3.8938,0.71389,2.671,3.8877,1.9073,1.8276,3.5254,1.189,2.3907,3.2223,0.36012,2.2908,3.5011,1.8437,1.6341,3.4046,2.0531,2.6931,4.2387,1.8869,1.6389,3.3733,1.6202,1.6385,3.9672,0.34069,2.1828,3.133,2.0952,2.4286,4.5094,1.494,1.6996,3.2643,0.89593,1.9398,2.7568,3.216,2.8388,5.9954,1.9411,1.8132,3.5099,0.88862,2.7249,2.9093,1.7042,2.5946,4.0036,0.72454,1.899,2.7474,1.1023,2.4172,3.1304,1.9316,1.9254,4.4929,1.802,1.6533,3.893,0.60623,2.1568,3.8831,1.3567,2.5409,3.8808,0.985,2.1434,3.189,2.6059,2.3584,4.3669,2.0155,2.2084,4.7271,1.529,1.6484,3.926,1.8851,1.9951,4.4824,1.4883,2.2005,3.2358,0.81577,2.2269,3.0384,2.4423,2.4628,4.369,1.9905,2.5224,4.8353,1.9303,2.6178,4.8111,2.5832,2.3501,4.3507,1.2719,2.5173,3.8809,1.8156,2.3153,4.3831,2.4546,2.99,4.3189,0.63461,2.3937,2.6366,1.4044,2.0218,4.6028,1.8963,3.015,3.7684,0.26951,2.3796,3.3687,1.6923,1.6177,4.08,0.80432,2.1923,3.0597,2.2624,2.3039,4.7041,0.56926,2.4219,3.1147,0.79104,2.2383,3.1571,0.01597,2.8966,1.7619,2.0115,2.1816,4.6336,2.5245,2.409,4.2918,2.3126,2.309,5.1429,1.9507,2.6697,4.1485,1.122,1.8325,4.0315,4.5263,2.827,0.67441,0.77115,2.1875,2.9778,1.4545,2.1276,4.2856,1.162,2.216,3.5487,2.047,2.6453,4.3083,1.6202,1.5814,4.1472,1.1779,2.5283,3.1144,0.74687,2.4873,3.7389,2.2158,1.8306,3.6847,1.4141,2.5326,3.4789,1.3689,2.6019,3.5255,1.4145,1.6356,4.2739,1.9416,2.6663,4.4648,2.0426,2.6724,4.6168,3.3553,2.8275,6.1364,1.7196,1.6229,4.1944,1.8589,1.9417,3.3964,2.456,2.9612,5.3528,1.1992,2.5763,3.0538,2.6883,2.4002,5.0127,0.9779,2.679,4.1979,1.4368,2.4982,3.5407,0.95427,1.9329,4.131,1.7782,1.6238,4.0632,1.94,1.9285,3.3923,6.0119,2.9015,2.8521,2.9372,2.2314,4.6663,1.4813,1.9394,4.3587,1.1245,2.5695,3.3506,1.4267,2.4653,3.3864,1.702,1.8942,3.665,2.0242,2.4547,4.075,1.0887,2.364,3.2416,2.4849,1.9079,5.3003,1.0008,2.615,3.2771,1.3891,2.5436,3.3402,0.24007,3.0428,3.2009,0.65804,1.8967,2.7864,1.6576,1.9612,4.5791,1.4991,1.8187,4.2029,5.2334,2.7998,1.6006,0.86813,2.2122,2.9277,0.92361,2.7049,4.1821,2.3779,2.4449,3.6759,2.9103,2.2988,4.9673,3.0483,2.5954,4.5991,2.0554,2.4001,4.5868,2.1872,2.2047,4.1723,0.70798,2.2158,3.3264,0.59984,2.4178,3.0451,0.57248,2.2312,3.8814,2.4942,2.4378,4.5909,0.73086,2.4302,2.911,1.303,1.563,4.3685,1.5945,1.9415,3.5124,0.33038,2.6586,2.1693,3.4254,2.9307,0.28008,0.86789,2.274,3.0671,1.6266,1.6692,4.1486,1.6616,1.8921,3.2601,0.77393,2.3598,2.8703,2.2125,2.2924,4.9426,1.3085,2.5757,3.201,1.2577,2.2023,3.6353,0.35818,2.0816,3.2939,1.7129,1.9116,3.437,2.6185,2.0489,4.1034,2.0532,2.146,4.9601,1.3793,1.7039,3.8451,0.7682,2.0249,2.7993,2.077,2.129,5.062,2.169,2.2828,4.5524,1.5048,2.4354,4.0071,4.0779,2.8963,6.2794,1.8394,2.4869,4.0022,0.64756,1.9865,4.1527,1.2146,2.6219,4.2441,3.3314,2.7971,6.0833,1.7131,1.5635,3.2791,0.26196,2.3749,3.406,4.9033,2.9997,0.74022,0.43246,2.8169,3.2976,1.1683,2.5404,3.0696,2.2586,2.1861,5.0066,1.6414,2.0616,4.4381,1.6582,1.6223,3.3859,1.8062,2.9434,3.3637,0.74507,2.341,2.9071,0.81177,2.3895,3.0105,0.23916,2.6618,3.3503,1.9502,2.4424,4.2763,0.64975,2.4158,2.7944,1.0114,2.3335,3.5946,1.2922,1.7677,4.3202,0.23402,2.3496,3.4662,1.695,1.5913,3.279,0.81226,2.322,2.8553,2.9504,2.8586,6.0272,1.7396,2.525,3.9721,2.0343,2.2309,4.6083,2.2358,2.6651,5.0953,1.624,1.9577,3.8167,1.4107,1.7803,3.747,2.2987,2.1426,4.9918,1.498,2.5779,3.9506,0.4855,3.0108,2.1517,4.4743,2.9067,0.27089,1.3422,2.8332,4.2028,1.8829,1.9737,3.8934,1.1881,2.6713,2.7707,0.13558,2.7873,2.8468,1.0644,2.9144,4.1914,0.48515,2.4507,2.6021,0.85268,2.0649,2.8462,0.53781,2.4839,3.4073,1.7763,2.2215,4.3287,1.1047,2.814,4.2437,0.6899,2.0402,2.9748,2.1015,1.8399,3.7227,1.4044,1.879,3.7074,2.2951,2.6147,4.776,1.5169,1.5743,4.197,1.2855,2.1395,3.2279,0.72763,2.0812,3.0117,0.73249,2.2789,2.6373,1.7897,2.3817,4.1811,2.2541,2.5949,4.9152,0.59991,2.0638,2.9564,1.7307,1.78,3.2944,0.8536,2.9869,2.6044,0.54278,2.5225,2.5929,3.2292,2.7282,6.171,6.2255,2.869,2.6439,4.1735,2.9005,6.1532,2.4002,2.278,3.7334,1.4615,3.0588,4.4352,1.2515,2.4438,3.4851,6.2759,3.1058,2.935,2.3754,2.1899,3.751,1.3085,1.8449,3.7028,2.3988,2.3279,4.6242,2.6084,2.7074,4.2194,1.2613,2.7127,4.3265,1.705,1.9411,3.8266,1.195,2.7534,3.7505,2.346,2.3562,4.9406,1.4225,2.6153,3.3596,2.1626,2.2803,4.0687,0.82067,1.9705,3.3898,2.4261,2.3351,3.8032,2.3489,2.354,3.7312,2.2832,1.9937,5.0531,2.6322,2.2895,4.8254,2.3935,2.2403,3.7945,1.4346,1.6087,3.9117,2.3536,2.6037,4.9252,1.7636,1.946,3.865,0.81692,2.1209,4.1168,1.5905,1.8426,4.3317,2.3216,2.577,4.9497,1.4498,2.3973,3.2556,5.8514,2.8284,2.1284,1.8635,1.7548,3.5242,1.9488,2.9267,4.1944,2.1029,1.9861,4.8325,1.1709,2.6177,4.3571,1.9898,2.1543,4.9356,1.6509,1.7837,3.9368,1.628,2.0027,3.3407,1.1407,2.7292,3.7089,1.0284,2.8481,3.8293,1.5497,2.4858,3.9104,1.1648,2.6904,3.6844,1.7697,1.7553,4.0832,0.75532,2.4509,2.8075,1.8394,2.1259,4.4081,0.10322,2.7835,2.9817,1.05,1.9489,4.3282,0.97869,2.2886,3.0738,1.5923,2.406,4.5647,1.0044,2.0803,2.8324,0.79077,2.0085,2.6921,1.6802,1.7693,3.9421,0.88015,2.443,2.8938,1.3252,1.5836,3.8404,2.7714,2.6075,4.6173,1.0526,2.2172,3.6384,1.1727,2.7361,3.6836,2.001,1.9959,4.4745,1.0204,1.9599,4.2432,1.9001,1.6452,3.4367,1.7132,2.4959,3.9758,2.2387,2.5387,4.8839,2.0693,2.3572,3.612,1.2124,3.0586,3.4617,1.4069,1.445,4.2514,0.70083,2.9806,3.6544,1.6459,1.7267,4.241,0.79442,2.0007,2.7221,0.56566,2.2185,4.0372,2.6108,2.5995,4.5225,2.0151,2.1066,3.4498,1.3772,2.889,3.534,1.0868,2.2225,3.6192,2.538,2.033,4.4774,1.502,1.7359,4.4201,1.5967,2.5868,3.569,2.0697,2.2888,4.0633,2.7094,2.3117,4.9686,0.44689,2.5043,2.9332
0.16192,0.25645,0.0062131,242.18,267.15,201.06,0.0013834,0.0016089,0.0010122,212.26,229.37,229.06,220.29,213.53,179.55,242.88,229.51,266.9,222.97,258.51,272.76,200.45,231.31,223.28,283.61,224.34,251.44,218.65,179.03,335.21,240.27,203.55,249.1,208.4,277.71,259.49,319.28,174.57,270.61,227.53,222.36,148.86,236.45,268.86,344.92,258.31,206.82,303.72,350.45,300.42,193.05,235.87,190.51,279.0,266.38,302.86,298.31,343.5,283.58,278.63,270.95,352.26,346.59,347.42,276.92,320.42,250.8,221.78,392.1,349.4,342.26,331.49,197.53,278.56,240.28,223.54,206.01,302.81,232.83,262.21,251.7,309.62,312.58,243.7,251.81,280.23,320.17,335.46,300.94,223.37,299.96,294.6,276.59,313.99,192.18,281.87,265.51,295.06,282.74,309.14,301.08,261.91,304.13,253.87,277.83,269.14,334.89,254.43,261.45,348.26,345.74,371.99,251.62,326.41,407.97,412.84,327.25,239.34,306.55,384.33,276.43,262.37,292.36,266.95,352.49,299.29,349.7,371.23,337.86,277.48,360.16,346.87,285.32,315.22,323.78,445.44,252.97,425.9,431.47,384.1,290.21,398.94,214.73,283.48,551.17,309.33,318.4,345.19,325.02,312.69,262.0,321.98,383.42,267.5,375.07,339.57,266.77,322.3,396.29,249.22,278.55,356.7,248.02,156.68,286.44,356.94,316.05,400.9,392.3,213.43,277.63,205.14,218.57,252.69,285.35,224.05,313.19,278.0,230.53,269.73,246.12,282.2,186.42,273.56,263.38,256.49,233.85,225.96,317.09,221.08,311.54,370.62,259.21,276.36,248.01,323.53,278.75,235.29,304.25,333.1,274.67,289.36,282.21,302.77,315.12,267.61,448.33,233.82,255.63,255.65,266.65,255.48,279.25,272.21,329.4,262.63,244.96,264.23,306.38,262.44,198.42,218.28,260.27,331.5,252.07,230.22,286.23,242.96,270.83,270.73,249.88,261.35,282.71,283.35,215.62,280.47,220.92,287.74,225.92,238.63,192.46,271.74,274.68,178.38,278.81,226.22,181.65,262.17,192.41,227.63,269.91,194.25,246.9,259.21,201.98,256.1,252.79,233.11,189.57,247.07,213.09,244.22,237.98,168.09,284.84,286.81,212.14,174.86,207.24,276.33,243.15,247.18,233.08,153.28,160.68,203.09,246.2,245.86,224.86,228.59,214.73,192.56,173.19,183.37,230.76,210.76,251.01,219.62,0.00079316,0.0010657,0.00106,0.0011536,0.0010438,0.00086729,0.0012755,0.00097964,0.0013554,0.0010616,0.0013601,0.001503,0.001013,0.0012436,0.0010903,0.0016678,0.0012906,0.0013867,0.0013943,0.0010944,0.0019425,0.001578,0.0012736,0.0016855,0.0014274,0.001759,0.0014871,0.0018444,0.001309,0.0017809,0.0013923,0.0013503,0.0010384,0.0013241,0.0016369,0.0020577,0.0015917,0.0013739,0.0018472,0.0019749,0.0016421,0.0011137,0.0015437,0.0014203,0.0016829,0.0016693,0.0018426,0.0016578,0.0020179,0.0016903,0.0013568,0.0016559,0.0021392,0.0018543,0.0020514,0.0017489,0.0018625,0.0011827,0.001566,0.0023628,0.0022041,0.0020281,0.0019907,0.0013727,0.0019293,0.0015643,0.0013966,0.0015423,0.0019272,0.0015101,0.001777,0.0017213,0.001793,0.0019517,0.0014877,0.0016531,0.0016919,0.0019709,0.0021092,0.0019495,0.0013718,0.0020642,0.0019358,0.0016094,0.0013215,0.0014813,0.0012611,0.0017786,0.0017776,0.0018014,0.0019365,0.00177,0.0013668,0.0019469,0.0013357,0.001806,0.0017062,0.002106,0.0015245,0.0017033,0.0018154,0.0020659,0.0022657,0.0015119,0.002054,0.0019031,0.0023363,0.0020773,0.001671,0.0018301,0.0023087,0.0018556,0.0012743,0.001793,0.0017493,0.0021309,0.0018636,0.0020405,0.0020575,0.0017079,0.0015775,0.0021402,0.0016769,0.0019684,0.0018016,0.0014856,0.0025305,0.001774,0.0019598,0.0024794,0.0023643,0.0018279,0.0022381,0.0012336,0.0018467,0.0025632,0.0019279,0.001663,0.0020674,0.0018441,0.0019065,0.001701,0.0017659,0.0022779,0.0018599,0.0018077,0.0019614,0.0013269,0.001619,0.0020747,0.0016196,0.0018434,0.0019382,0.0016506,0.0012048,0.0016431,0.0021366,0.0019674,0.0017979,0.0020685,0.0013645,0.0017312,0.0014478,0.0015541,0.0014977,0.0017173,0.0015998,0.0019168,0.0017778,0.0016042,0.0017842,0.0014446,0.0017975,0.0014042,0.0017459,0.0016469,0.0017811,0.0015398,0.0014371,0.0018006,0.0014374,0.0018613,0.002152,0.0016751,0.0017768,0.0017377,0.0019415,0.0017188,0.001603,0.0017724,0.0017576,0.001801,0.0017985,0.0017832,0.0020729,0.0019008,0.001731,0.0014644,0.0016295,0.0015951,0.0016715,0.0017239,0.0016538,0.0017957,0.0016435,0.0022277,0.0015901,0.0016897,0.0016308,0.0016838,0.0016318,0.0013857,0.0014918,0.0015697,0.001995,0.0016334,0.0015435,0.0016157,0.0015252,0.0017293,0.0017208,0.0015641,0.0016005,0.0016774,0.0017407,0.0014496,0.0017389,0.0014727,0.0017021,0.0015086,0.001367,0.0012831,0.001509,0.0017448,0.001248,0.0016644,0.0013398,0.0014271,0.0016116,0.0012682,0.0014675,0.0016278,0.0013741,0.0014722,0.0015356,0.0011762,0.0015347,0.0014658,0.0014721,0.0012515,0.0015534,0.0013233,0.0015188,0.001378,0.00096583,0.0015177,0.0016141,0.0011816,0.0011908,0.0011403,0.0015173,0.0014853,0.0014756,0.0010578,0.0009477,0.00097785,0.0010057,0.0014718,0.0014392,0.0010441,0.0012763,0.0010423,0.0010284,0.0008763,0.0008439,0.0011255,0.0011305,0.0013679,0.0012138,1074300.0,1105700.0,792270.0,4276700.0,2284500.0,1150800.0,5856800.0,1513400.0,1879800.0,3242500.0,2966100.0,734830.0,5652900.0,1298400.0,4052200.0,2459600.0,5070500.0,4091400.0,1340500.0,3371900.0,2502600.0,3347400.0,11704000.0,958350.0,6311800.0,749460.0,9101500.0,1591900.0,1841400.0,815570.0,3232100.0,1680500.0,5814300.0,23940000.0,2520900.0,2724900.0,4347000.0,1235900.0,1513400.0,1646200.0,2062700.0,1057700.0,2058300.0,1019200.0,7475600.0,2433400.0,1825600.0,1494000.0,2274900.0,15971000.0,952090.0,7278300.0,3995200.0,706940.0,3910700.0,1079100.0,2657700.0,17679000.0,32102000.0,2373200.0,1720700.0,1532600.0,2840700.0,1036400.0,1926200.0,3409900.0,803840.0,2871900.0,1940600.0,3915400.0,2755300.0,1446400.0,1119200.0,15048000.0,5077600.0,1340600.0,3613400.0,1673300.0,965090.0,2573300.0,3702600.0,1313000.0,893150.0,2116300.0,873820.0,1861100.0,2850800.0,4950200.0,4191200.0,2338500.0,5694300.0,1300700.0,9352900.0,4677300.0,1017700.0,1694700.0,903640.0,1769700.0,3509900.0,9918500.0,1730700.0,16523000.0,1417300.0,9919600.0,1633600.0,3256300.0,1272900.0,1628100.0,12535000.0,5115100.0,2157200.0,3869300.0,2389200.0,1225800.0,656170.0,3373000.0,11659000.0,2413800.0,1291100.0,778800.0,1922000.0,735100.0,1193700.0,2218700.0,8786700.0,4156700.0,2627900.0,3087700.0,2361300.0,1498700.0,773560.0,10411000.0,2404500.0,3548600.0,2073400.0,1371700.0,1031900.0,2014200.0,1052000.0,2853800.0,3921600.0,1159600.0,1477000.0,2103000.0,1521000.0,2210500.0,2422200.0,877170.0,6912100.0,1513500.0,9390500.0,6180200.0,809830.0,10291000.0,814480.0,1274500.0,19279000.0,683650.0,12167000.0,721740.0,5575100.0,3693400.0,3817200.0,2647300.0,5252900.0,4116200.0,4227600.0,964530.0,4135000.0,1638700.0,6369200.0,1506700.0,7610900.0,1080700.0,744550.0,4005200.0,2996600.0,1988300.0,8411500.0,2288700.0,948280.0,1205600.0,3671000.0,3568300.0,1940100.0,1475700.0,747540.0,6807100.0,5275200.0,2336700.0,637470.0,17726000.0,3323000.0,5257900.0,1142200.0,18258000.0,5431600.0,1100100.0,8580600.0,1353300.0,1434500.0,3992400.0,5297000.0,799330.0,1639500.0,973680.0,1778500.0,1568200.0,1456500.0,7851700.0,2342100.0,1425100.0,12280000.0,2793800.0,1238000.0,1263500.0,3260300.0,951930.0,4669600.0,1133200.0,1854600.0,8075300.0,4435100.0,696550.0,1421900.0,10018000.0,5258300.0,5069200.0,15394000.0,3001700.0,1931800.0,2342400.0,2994600.0,3189800.0,1882600.0,1749500.0,2275100.0,1499400.0,7215800.0,652060.0,3656200.0,8296200.0,8910100.0,1863600.0,5378600.0,4029700.0,5011000.0,864140.0,1139900.0,5361500.0,1551600.0,6587500.0,3485200.0,7122400.0,1970700.0,1638700.0,1591200.0,1087700.0,1106100.0,2208100.0,945990.0,5091800.0,3371700.0,4404800.0,3356800.0,2894200.0,2745600.0,15584000.0,14989000.0,6042000.0,4601000.0,2807600.0,6148400.0,3762100.0,1781300.0,2740300.0,1353800.0,4824200.0,3044800.0,1.5386,1.8557,4.1664,2.2378,2.4777,3.6653,1.2767,2.2368,4.2241,1.2045,1.9872,4.2164,2.4723,2.664,4.3204,0.77046,2.0645,4.2204,1.6592,2.5228,3.8791,3.0803,2.8443,5.865,1.1929,2.0256,4.1997,1.714,1.7161,4.2446,1.2882,2.2716,4.2721,0.73844,2.0359,4.2099,2.9135,2.8425,4.6445,5.5803,2.7519,1.3809,1.2501,2.821,3.6268,0.84969,2.1605,3.0004,2.567,2.1562,4.5486,1.4635,1.679,3.8937,0.71525,2.6723,3.8883,1.9063,1.8283,3.5261,1.1902,2.3902,3.2237,0.36099,2.2909,3.4999,1.8446,1.6337,3.4049,2.0534,2.6915,4.2374,1.8882,1.6386,3.3732,1.6221,1.638,3.9679,0.34039,2.1833,3.1324,2.0963,2.4292,4.5108,1.4944,1.6998,3.2651,0.89713,1.9406,2.7566,3.2183,2.8387,5.9972,1.941,1.8139,3.5104,0.88754,2.7252,2.9096,1.7033,2.5947,4.0036,0.72599,1.8991,2.7469,1.1026,2.417,3.131,1.9321,1.9254,4.4928,1.8035,1.6531,3.8932,0.60768,2.156,3.8853,1.3594,2.5419,3.8828,0.98487,2.1444,3.1878,2.6075,2.3594,4.3682,2.0154,2.2086,4.7272,1.5299,1.6478,3.9262,1.8853,1.9963,4.4822,1.4891,2.201,3.2353,0.81579,2.2282,3.0363,2.4422,2.4642,4.3692,1.9916,2.5212,4.8346,1.9306,2.618,4.8103,2.5844,2.3512,4.3522,1.2718,2.5176,3.8803,1.8177,2.3163,4.3842,2.4593,2.9892,4.3223,0.63659,2.3925,2.639,1.4028,2.0214,4.6031,1.8936,3.0141,3.7648,0.26855,2.3793,3.3684,1.6927,1.6176,4.08,0.80568,2.194,3.0599,2.2627,2.3039,4.7047,0.56749,2.4203,3.1156,0.78822,2.2394,3.1559,0.015853,2.8967,1.7609,2.0124,2.1835,4.6347,2.5243,2.4105,4.2927,2.3107,2.3091,5.1429,1.9489,2.6678,4.1472,1.122,1.832,4.0328,4.5254,2.8258,0.67639,0.77041,2.1878,2.9772,1.4554,2.128,4.286,1.1626,2.2178,3.5493,2.0445,2.6439,4.3057,1.62,1.5813,4.1473,1.1781,2.5278,3.1155,0.7464,2.4887,3.7388,2.2178,1.8298,3.6845,1.4125,2.5332,3.4789,1.3675,2.602,3.5249,1.4127,1.6353,4.2736,1.9408,2.6647,4.4637,2.0434,2.6704,4.6178,3.3542,2.8279,6.1369,1.7213,1.6225,4.1945,1.8611,1.9408,3.3957,2.4591,2.9606,5.3553,1.1993,2.5767,3.0536,2.6883,2.3995,5.0126,0.97913,2.6802,4.1998,1.436,2.4984,3.5413,0.9548,1.9334,4.1324,1.7787,1.6242,4.0631,1.9423,1.9287,3.3922,6.0113,2.9013,2.8513,2.9389,2.231,4.6669,1.4836,1.9386,4.3609,1.1246,2.5686,3.3509,1.4263,2.4653,3.3862,1.7018,1.8931,3.6647,2.0257,2.4551,4.0764,1.0886,2.3649,3.242,2.4867,1.9058,5.302,0.99998,2.6141,3.277,1.3876,2.5448,3.3392,0.24014,3.0433,3.2003,0.65809,1.8982,2.7848,1.6591,1.9601,4.5815,1.5001,1.8177,4.2035,5.2315,2.7979,1.5992,0.8693,2.213,2.9288,0.9249,2.706,4.1842,2.3784,2.4425,3.6772,2.9121,2.2983,4.9677,3.0508,2.5946,4.6003,2.0566,2.3995,4.5879,2.1863,2.2057,4.1721,0.70781,2.2189,3.3254,0.60282,2.4177,3.0456,0.57289,2.2327,3.8821,2.4922,2.4372,4.5913,0.72948,2.4313,2.9092,1.3032,1.563,4.3682,1.594,1.9406,3.5136,0.33302,2.6588,2.1707,3.4256,2.93,0.28062,0.86699,2.2732,3.0673,1.6265,1.6692,4.1495,1.6625,1.8931,3.2615,0.77394,2.3592,2.8708,2.2137,2.2915,4.9425,1.3104,2.576,3.2027,1.2594,2.2032,3.6374,0.3566,2.0831,3.2939,1.7133,1.9106,3.4372,2.6196,2.0477,4.1045,2.0527,2.1462,4.96,1.3792,1.7034,3.8452,0.76845,2.026,2.8004,2.0771,2.1285,5.0632,2.1681,2.2836,4.5534,1.5045,2.4368,4.0079,4.0748,2.894,6.276,1.8379,2.488,4.0016,0.64563,1.9868,4.1533,1.2137,2.6218,4.2437,3.3284,2.7961,6.0828,1.7126,1.5634,3.2792,0.26291,2.3757,3.4071,4.9002,3.0,0.73671,0.43235,2.8173,3.2996,1.1673,2.5408,3.071,2.2588,2.1863,5.0074,1.6426,2.061,4.4388,1.6585,1.6222,3.3865,1.8103,2.9437,3.3664,0.74572,2.34,2.9081,0.81078,2.3884,3.0108,0.2384,2.662,3.3501,1.9524,2.4435,4.2769,0.65102,2.4152,2.7949,1.0113,2.3352,3.594,1.2918,1.7674,4.3205,0.2336,2.35,3.4673,1.6952,1.5915,3.2789,0.81444,2.3207,2.8561,2.949,2.8584,6.0277,1.7366,2.5242,3.9714,2.0343,2.2317,4.6084,2.2322,2.6642,5.0934,1.622,1.9575,3.8161,1.4116,1.7796,3.7475,2.299,2.1426,4.9914,1.4977,2.5773,3.9496,0.48419,3.0101,2.1493,4.4729,2.9059,0.27046,1.3423,2.8341,4.2015,1.882,1.9741,3.8933,1.1866,2.6714,2.7693,0.13234,2.7868,2.8455,1.0647,2.9146,4.1914,0.48446,2.4497,2.6026,0.85331,2.066,2.8455,0.53818,2.4843,3.4077,1.7784,2.2222,4.3295,1.1028,2.8146,4.2425,0.69077,2.0411,2.9731,2.1024,1.8396,3.7217,1.4056,1.8794,3.708,2.2926,2.6132,4.7732,1.5184,1.5744,4.1971,1.2845,2.1394,3.2285,0.72856,2.0824,3.0108,0.7331,2.2776,2.6375,1.7901,2.3821,4.1814,2.2525,2.5936,4.9146,0.59958,2.0644,2.9551,1.7312,1.7813,3.2941,0.8553,2.9864,2.6051,0.54225,2.5228,2.5927,3.2306,2.7279,6.1727,6.2268,2.869,2.6462,4.1701,2.8994,6.1493,2.4008,2.276,3.7332,1.4632,3.0587,4.4391,1.2506,2.4443,3.4854,6.2686,3.106,2.9296,2.3754,2.1892,3.7503,1.309,1.8448,3.7032,2.3981,2.328,4.625,2.6082,2.7085,4.2215,1.2611,2.7128,4.3261,1.703,1.9407,3.8258,1.1958,2.7529,3.7517,2.3451,2.3551,4.9393,1.4204,2.6146,3.36,2.1621,2.2814,4.0682,0.82047,1.9708,3.3899,2.4261,2.3339,3.8036,2.3485,2.3532,3.731,2.2842,1.9946,5.0546,2.6314,2.2895,4.8255,2.394,2.2403,3.7943,1.4352,1.6089,3.9124,2.3521,2.6025,4.9245,1.762,1.9459,3.8645,0.81707,2.1205,4.1178,1.59,1.8428,4.3325,2.3204,2.5754,4.9496,1.4496,2.3974,3.2555,5.8506,2.8277,2.1278,1.8635,1.7545,3.5245,1.9479,2.9254,4.1926,2.1038,1.9865,4.8329,1.1717,2.6182,4.358,1.9911,2.1545,4.9363,1.6512,1.7834,3.9364,1.6284,2.0025,3.3399,1.1417,2.729,3.7099,1.0293,2.8482,3.8292,1.551,2.4863,3.9109,1.1649,2.6894,3.6843,1.7691,1.7548,4.0831,0.75394,2.4507,2.8078,1.8389,2.1266,4.4085,0.10327,2.7833,2.9832,1.0495,1.949,4.3289,0.97894,2.2881,3.0744,1.5918,2.4061,4.5645,1.0045,2.0802,2.8323,0.79133,2.0085,2.6917,1.6808,1.7688,3.9418,0.87948,2.4427,2.8952,1.3244,1.5835,3.8404,2.7714,2.6077,4.617,1.0522,2.2183,3.6384,1.1731,2.7354,3.684,2.0013,1.996,4.4746,1.0196,1.9599,4.2431,1.9006,1.6452,3.4365,1.7138,2.4961,3.9756,2.2398,2.5384,4.8835,2.0686,2.357,3.6111,1.2122,3.0585,3.4618,1.4064,1.445,4.2516,0.70152,2.9805,3.6546,1.6461,1.7265,4.2411,0.79495,2.0007,2.7219,0.56451,2.2187,4.0381,2.61,2.5995,4.5225,2.0153,2.1064,3.4499,1.3771,2.8886,3.5339,1.0869,2.2229,3.619,2.5381,2.0334,4.4776,1.5021,1.736,4.42,1.5965,2.5868,3.5689,2.0698,2.2888,4.0632,2.7095,2.3111,4.9683,0.44696,2.504,2.933
0.16265,0.25761,0.0062369,242.62,267.75,201.24,0.0013859,0.0016123,0.001013,212.45,229.59,229.42,220.61,213.88,179.89,242.96,229.79,267.28,223.23,259.02,273.41,200.69,231.69,223.65,284.24,224.68,251.93,219.15,179.24,335.95,240.54,203.87,249.47,208.59,278.26,259.88,319.72,174.79,270.9,227.99,222.78,149.09,237.08,269.54,345.57,258.97,207.23,304.68,351.05,300.78,193.23,236.78,190.98,279.62,266.8,303.46,298.94,344.31,284.04,279.17,271.34,353.2,346.93,348.43,277.63,320.87,252.14,222.36,392.88,350.36,342.57,332.17,197.65,278.88,240.66,224.5,206.84,303.59,233.72,263.04,251.85,310.44,313.27,244.4,252.34,280.33,320.95,336.05,302.08,224.1,300.46,295.66,276.52,314.77,192.71,283.11,265.85,295.82,283.04,309.74,301.6,263.07,304.7,254.9,277.89,269.63,335.65,255.97,261.9,349.79,346.46,372.1,252.78,327.5,409.2,413.71,327.59,240.06,307.21,385.11,276.99,265.77,293.16,267.3,353.32,300.14,350.23,372.22,338.6,278.2,361.23,348.71,286.16,316.55,325.16,446.16,253.66,427.48,432.56,385.2,291.18,400.21,218.07,284.29,552.86,310.56,319.46,346.08,325.85,313.66,262.6,322.53,384.47,268.03,377.35,339.43,268.15,324.19,398.24,249.7,279.32,357.49,248.75,157.0,287.22,357.48,316.65,402.91,392.79,213.96,278.11,205.5,219.03,253.36,286.02,224.46,313.53,278.67,230.88,270.24,246.43,282.7,186.98,273.99,263.67,256.94,234.35,226.41,317.25,221.5,312.2,371.1,259.51,276.99,248.55,324.03,279.36,235.6,304.8,333.62,275.34,289.85,282.75,303.54,315.71,268.02,449.81,234.24,255.94,256.12,266.97,255.76,279.72,272.71,330.35,263.18,245.42,264.46,307.03,262.93,198.68,218.59,260.63,332.27,252.86,230.61,286.42,243.32,271.28,271.18,250.33,261.77,283.1,283.6,215.97,281.05,221.18,288.28,226.28,238.86,192.77,272.22,275.2,178.58,279.2,226.56,182.01,262.63,192.81,227.95,270.42,194.6,247.2,259.48,202.16,256.59,253.23,233.48,189.87,247.46,213.37,244.59,238.43,168.33,285.09,287.28,212.45,175.06,207.52,276.7,243.56,247.44,233.31,153.44,160.87,203.33,246.51,246.23,225.04,228.89,214.98,192.8,173.44,183.57,231.04,210.95,251.38,219.88,0.000794,0.0010667,0.0010612,0.0011554,0.0010454,0.00086882,0.0012758,0.00098106,0.0013581,0.001063,0.0013629,0.0015064,0.0010142,0.0012457,0.0010922,0.001671,0.0012926,0.0013899,0.0013971,0.001096,0.0019468,0.0015797,0.0012755,0.0016887,0.0014286,0.0017627,0.0014896,0.0018466,0.0013107,0.0017832,0.0013949,0.0013534,0.00104,0.0013274,0.001641,0.0020618,0.0015954,0.0013762,0.0018527,0.001979,0.0016455,0.0011147,0.0015489,0.0014233,0.0016869,0.001672,0.0018471,0.0016613,0.0020231,0.0016933,0.0013591,0.0016591,0.002144,0.0018561,0.002057,0.0017529,0.0018653,0.0011885,0.0015697,0.0023683,0.0022082,0.0020296,0.0019949,0.0013727,0.0019321,0.0015674,0.0014021,0.0015477,0.0019324,0.0015158,0.0017815,0.0017232,0.0017983,0.0019561,0.0014888,0.0016569,0.0016939,0.0019757,0.0021126,0.001955,0.001374,0.0020673,0.0019415,0.0016112,0.0013225,0.0014852,0.0012657,0.0017805,0.0017825,0.0018044,0.0019405,0.0017734,0.0013722,0.001951,0.0013409,0.0018081,0.0017098,0.0021107,0.0015318,0.0017064,0.0018237,0.0020708,0.0022673,0.0015189,0.0020583,0.00191,0.002343,0.0020804,0.0016757,0.001835,0.0023138,0.0018596,0.0012925,0.001798,0.0017524,0.0021363,0.0018689,0.0020449,0.0020627,0.0017125,0.0015742,0.0021465,0.0016865,0.0019723,0.0018077,0.0014933,0.002534,0.0017785,0.0019678,0.0024853,0.0023706,0.0018324,0.0022446,0.0012477,0.0018518,0.0025746,0.0019331,0.0016663,0.0020726,0.0018483,0.001912,0.0017045,0.0017703,0.0022838,0.0018637,0.0018184,0.0019625,0.0013317,0.0016278,0.0020851,0.001623,0.0018475,0.001943,0.001655,0.0012074,0.0016483,0.0021396,0.0019702,0.0018077,0.0020688,0.0013681,0.001734,0.0014498,0.0015566,0.0015008,0.0017216,0.0016027,0.0019196,0.001781,0.0016066,0.0017875,0.0014463,0.0018,0.0014065,0.0017493,0.0016487,0.0017828,0.0015421,0.0014396,0.0018017,0.0014394,0.001865,0.0021549,0.0016765,0.0017798,0.0017408,0.0019457,0.0017222,0.0016054,0.0017759,0.0017596,0.0018045,0.0018018,0.0017864,0.0020767,0.0019042,0.0017335,0.0014707,0.0016319,0.0015963,0.0016739,0.0017263,0.0016559,0.0017988,0.0016465,0.0022316,0.0015928,0.0016922,0.0016325,0.0016871,0.0016343,0.0013873,0.0014936,0.0015717,0.0019996,0.0016382,0.0015461,0.0016171,0.0015271,0.0017317,0.001724,0.001567,0.0016029,0.0016802,0.0017426,0.0014517,0.0017421,0.0014744,0.0017054,0.0015106,0.0013685,0.0012847,0.0015118,0.0017483,0.0012491,0.0016669,0.0013416,0.0014297,0.0016146,0.0012707,0.0014695,0.0016311,0.0013767,0.0014735,0.0015371,0.0011775,0.0015378,0.0014683,0.0014747,0.0012533,0.0015559,0.0013251,0.001521,0.0013808,0.00096752,0.0015194,0.0016174,0.0011835,0.0011925,0.001142,0.0015193,0.0014875,0.001477,0.0010591,0.00094903,0.00097907,0.0010073,0.0014737,0.0014411,0.001045,0.001278,0.0010437,0.0010298,0.0008778,0.00084519,0.0011271,0.0011318,0.0013699,0.0012154,1074300.0,1105700.0,792270.0,4276700.0,2284500.0,1150800.0,5856800.0,1513400.0,1879800.0,3242500.0,2966100.0,734830.0,5652900.0,1298400.0,4052200.0,2459600.0,5070500.0,4091400.0,1340500.0,3371900.0,2502600.0,3347400.0,11704000.0,958350.0,6311800.0,749460.0,9101500.0,1591900.0,1841400.0,815570.0,3232100.0,1680500.0,5814300.0,23940000.0,2520900.0,2724900.0,4347000.0,1235900.0,1513400.0,1646200.0,2062700.0,1057700.0,2058300.0,1019200.0,7475600.0,2433400.0,1825600.0,1494000.0,2274900.0,15971000.0,952090.0,7278300.0,3995200.0,706940.0,3910700.0,1079100.0,2657700.0,17679000.0,32102000.0,2373200.0,1720700.0,1532600.0,2840700.0,1036400.0,1926200.0,3409900.0,803840.0,2871900.0,1940600.0,3915400.0,2755300.0,1446400.0,1119200.0,15048000.0,5077600.0,1340600.0,3613400.0,1673300.0,965090.0,2573300.0,3702600.0,1313000.0,893150.0,2116300.0,873820.0,1861100.0,2850800.0,4950200.0,4191200.0,2338500.0,5694300.0,1300700.0,9352900.0,4677300.0,1017700.0,1694700.0,903640.0,1769700.0,3509900.0,9918500.0,1730700.0,16523000.0,1417300.0,9919600.0,1633600.0,3256300.0,1272900.0,1628100.0,12535000.0,5115100.0,2157200.0,3869300.0,2389200.0,1225800.0,656170.0,3373000.0,11659000.0,2413800.0,1291100.0,778800.0,1922000.0,735100.0,1193700.0,2218700.0,8786700.0,4156700.0,2627900.0,3087700.0,2361300.0,1498700.0,773560.0,10411000.0,2404500.0,3548600.0,2073400.0,1371700.0,1031900.0,2014200.0,1052000.0,2853800.0,3921600.0,1159600.0,1477000.0,2103000.0,1521000.0,2210500.0,2422200.0,877170.0,6912100.0,1513500.0,9390500.0,6180200.0,809830.0,10291000.0,814480.0,1274500.0,19279000.0,683650.0,12167000.0,721740.0,5575100.0,3693400.0,3817200.0,2647300.0,5252900.0,4116200.0,4227600.0,964530.0,4135000.0,1638700.0,6369200.0,1506700.0,7610900.0,1080700.0,744550.0,4005200.0,2996600.0,1988300.0,8411500.0,2288700.0,948280.0,1205600.0,3671000.0,3568300.0,1940100.0,1475700.0,747540.0,6807100.0,5275200.0,2336700.0,637470.0,17726000.0,3323000.0,5257900.0,1142200.0,18258000.0,5431600.0,1100100.0,8580600.0,1353300.0,1434500.0,3992400.0,5297000.0,799330.0,1639500.0,973680.0,1778500.0,1568200.0,1456500.0,7851700.0,2342100.0,1425100.0,12280000.0,2793800.0,1238000.0,1263500.0,3260300.0,951930.0,4669600.0,1133200.0,1854600.0,8075300.0,4435100.0,696550.0,1421900.0,10018000.0,5258300.0,5069200.0,15394000.0,3001700.0,1931800.0,2342400.0,2994600.0,3189800.0,1882600.0,1749500.0,2275100.0,1499400.0,7215800.0,652060.0,3656200.0,8296200.0,8910100.0,1863600.0,5378600.0,4029700.0,5011000.0,864140.0,1139900.0,5361500.0,1551600.0,6587500.0,3485200.0,7122400.0,1970700.0,1638700.0,1591200.0,1087700.0,1106100.0,2208100.0,945990.0,5091800.0,3371700.0,4404800.0,3356800.0,2894200.0,2745600.0,15584000.0,14989000.0,6042000.0,4601000.0,2807600.0,6148400.0,3762100.0,1781300.0,2740300.0,1353800.0,4824200.0,3044800.0,1.5387,1.8558,4.1664,2.2379,2.4778,3.6653,1.2766,2.2368,4.2241,1.2043,1.9872,4.2164,2.4721,2.664,4.3204,0.77015,2.0646,4.2205,1.6598,2.5229,3.879,3.0806,2.8443,5.865,1.1927,2.0257,4.1995,1.7138,1.7161,4.2446,1.2884,2.2718,4.2723,0.73788,2.0357,4.2098,2.9133,2.8425,4.6449,5.5796,2.7517,1.3805,1.2503,2.8208,3.6269,0.84923,2.1605,3.0003,2.5675,2.1568,4.5492,1.4635,1.6789,3.8936,0.71577,2.6728,3.8885,1.9059,1.8285,3.5263,1.1906,2.39,3.2243,0.36131,2.2909,3.4994,1.8449,1.6335,3.405,2.0534,2.6908,4.2369,1.8887,1.6385,3.3731,1.6228,1.6379,3.9682,0.34027,2.1835,3.1321,2.0967,2.4294,4.5113,1.4945,1.6999,3.2653,0.89757,1.9409,2.7565,3.2192,2.8387,5.9978,1.9409,1.8141,3.5106,0.88713,2.7253,2.9097,1.7029,2.5948,4.0037,0.72652,1.8991,2.7468,1.1027,2.4169,3.1312,1.9322,1.9254,4.4928,1.8041,1.653,3.8933,0.60822,2.1557,3.8861,1.3604,2.5423,3.8835,0.98481,2.1447,3.1873,2.6081,2.3598,4.3687,2.0154,2.2087,4.7273,1.5302,1.6476,3.9262,1.8854,1.9968,4.4821,1.4894,2.2012,3.2351,0.8158,2.2287,3.0355,2.4422,2.4647,4.3693,1.9921,2.5208,4.8343,1.9307,2.6181,4.81,2.5849,2.3516,4.3527,1.2718,2.5177,3.88,1.8185,2.3167,4.3846,2.4611,2.9889,4.3235,0.63733,2.392,2.6399,1.4022,2.0213,4.6032,1.8926,3.0137,3.7634,0.26819,2.3792,3.3683,1.6928,1.6176,4.0801,0.80618,2.1946,3.0599,2.2628,2.3039,4.7049,0.5668,2.4197,3.1159,0.78717,2.2398,3.1555,0.01584,2.8967,1.7606,2.0128,2.1843,4.6351,2.5243,2.4111,4.293,2.31,2.3092,5.1429,1.9482,2.6672,4.1467,1.122,1.8318,4.0333,4.5251,2.8254,0.67718,0.77013,2.1879,2.977,1.4557,2.1281,4.2862,1.1628,2.2185,3.5495,2.0435,2.6434,4.3048,1.6199,1.5813,4.1473,1.1781,2.5276,3.1159,0.74622,2.4891,3.7387,2.2185,1.8294,3.6845,1.4119,2.5334,3.4789,1.3669,2.602,3.5247,1.412,1.6353,4.2735,1.9405,2.6641,4.4633,2.0437,2.6697,4.6181,3.3538,2.828,6.1371,1.722,1.6223,4.1945,1.8619,1.9405,3.3954,2.4602,2.9604,5.3562,1.1993,2.5768,3.0536,2.6883,2.3993,5.0125,0.97955,2.6806,4.2005,1.4357,2.4985,3.5415,0.95499,1.9337,4.1329,1.7789,1.6244,4.0631,1.9431,1.9288,3.3922,6.0111,2.9013,2.8511,2.9396,2.2309,4.6671,1.4845,1.9383,4.3616,1.1246,2.5683,3.3509,1.4261,2.4653,3.3861,1.7017,1.8927,3.6646,2.0262,2.4553,4.0769,1.0886,2.3653,3.2422,2.4873,1.905,5.3027,0.99963,2.6137,3.2769,1.387,2.5452,3.3388,0.24017,3.0435,3.2001,0.6581,1.8988,2.7841,1.6596,1.9597,4.5823,1.5005,1.8174,4.2037,5.2309,2.7971,1.5987,0.86971,2.2133,2.9293,0.92535,2.7065,4.185,2.3786,2.4417,3.6777,2.9127,2.2982,4.9678,3.0517,2.5943,4.6007,2.057,2.3993,4.5883,2.186,2.206,4.172,0.70773,2.22,3.325,0.6039,2.4176,3.0458,0.57303,2.2332,3.8823,2.4914,2.437,4.5914,0.72895,2.4316,2.9085,1.3032,1.563,4.3681,1.5938,1.9402,3.5141,0.33398,2.6588,2.1713,3.4257,2.9297,0.28084,0.86664,2.2729,3.0673,1.6265,1.6692,4.1499,1.6628,1.8935,3.262,0.77394,2.359,2.871,2.2141,2.2911,4.9425,1.3111,2.5761,3.2032,1.26,2.2036,3.6381,0.3562,2.0835,3.294,1.7134,1.9102,3.4372,2.6201,2.0473,4.1049,2.0525,2.1463,4.96,1.3792,1.7032,3.8452,0.76855,2.0264,2.8008,2.0771,2.1283,5.0636,2.1678,2.2839,4.5537,1.5044,2.4372,4.0082,4.0737,2.8931,6.2748,1.8373,2.4884,4.0014,0.64492,1.9869,4.1536,1.2133,2.6217,4.2436,3.3273,2.7958,6.0826,1.7124,1.5633,3.2792,0.26328,2.376,3.4075,4.8992,3.0,0.73551,0.43229,2.8174,3.3003,1.1669,2.5409,3.0715,2.2589,2.1864,5.0077,1.643,2.0608,4.439,1.6585,1.6221,3.3867,1.8118,2.9439,3.3673,0.74597,2.3396,2.9084,0.81041,2.388,3.0109,0.23813,2.6621,3.35,1.9532,2.4439,4.2771,0.6515,2.4149,2.795,1.0112,2.3359,3.5937,1.2917,1.7672,4.3206,0.23346,2.3501,3.4677,1.6953,1.5916,3.2788,0.81525,2.3202,2.8564,2.9485,2.8583,6.0279,1.7355,2.5239,3.9711,2.0343,2.232,4.6084,2.2309,2.6638,5.0927,1.6213,1.9575,3.8159,1.412,1.7793,3.7477,2.2992,2.1427,4.9913,1.4976,2.5771,3.9492,0.48373,3.0098,2.1484,4.4724,2.9056,0.27034,1.3422,2.8344,4.2009,1.8816,1.9742,3.8932,1.1861,2.6715,2.7687,0.13113,2.7866,2.845,1.0648,2.9146,4.1913,0.4842,2.4493,2.6028,0.85354,2.0664,2.8452,0.53831,2.4844,3.4079,1.7792,2.2224,4.3297,1.102,2.8148,4.2421,0.6911,2.0414,2.9725,2.1027,1.8395,3.7213,1.406,1.8795,3.7083,2.2917,2.6127,4.7722,1.519,1.5744,4.1971,1.2841,2.1393,3.2287,0.72891,2.0828,3.0105,0.73331,2.2772,2.6376,1.7903,2.3823,4.1815,2.2519,2.5931,4.9143,0.59946,2.0646,2.9546,1.7314,1.7818,3.294,0.85592,2.9862,2.6053,0.54204,2.5228,2.5927,3.231,2.7278,6.1734,6.2273,2.869,2.647,4.1689,2.899,6.1479,2.401,2.2753,3.733,1.4638,3.0587,4.4405,1.2503,2.4445,3.4855,6.266,3.106,2.9277,2.3753,2.189,3.75,1.3092,1.8447,3.7033,2.3978,2.328,4.6253,2.6081,2.7089,4.2222,1.261,2.7128,4.3259,1.7023,1.9405,3.8255,1.1961,2.7527,3.7521,2.3448,2.3547,4.9388,1.4197,2.6143,3.3602,2.1618,2.2818,4.068,0.8204,1.9709,3.39,2.4261,2.3335,3.8037,2.3483,2.353,3.7309,2.2846,1.9949,5.0552,2.6311,2.2896,4.8256,2.3942,2.2403,3.7943,1.4354,1.6089,3.9127,2.3516,2.602,4.9242,1.7614,1.9459,3.8643,0.81712,2.1203,4.1181,1.5897,1.8429,4.3328,2.32,2.5748,4.9496,1.4496,2.3974,3.2554,5.8504,2.8274,2.1276,1.8634,1.7543,3.5245,1.9475,2.9249,4.192,2.1042,1.9867,4.8331,1.172,2.6183,4.3583,1.9916,2.1546,4.9366,1.6513,1.7833,3.9363,1.6285,2.0024,3.3396,1.142,2.7289,3.7103,1.0296,2.8483,3.8292,1.5515,2.4864,3.9111,1.1649,2.689,3.6842,1.7689,1.7546,4.083,0.75342,2.4506,2.808,1.8387,2.1269,4.4087,0.10328,2.7832,2.9837,1.0492,1.949,4.3292,0.97903,2.2879,3.0746,1.5916,2.4061,4.5644,1.0046,2.0802,2.8323,0.79154,2.0085,2.6915,1.6811,1.7687,3.9417,0.87922,2.4427,2.8957,1.3242,1.5834,3.8404,2.7714,2.6078,4.6169,1.0521,2.2187,3.6384,1.1732,2.7351,3.6841,2.0014,1.9961,4.4746,1.0193,1.9599,4.243,1.9008,1.6452,3.4365,1.7141,2.4962,3.9755,2.2402,2.5383,4.8833,2.0683,2.3569,3.6108,1.2122,3.0584,3.4618,1.4062,1.445,4.2517,0.70179,2.9804,3.6547,1.6462,1.7264,4.2412,0.79514,2.0007,2.7219,0.56408,2.2188,4.0385,2.6097,2.5995,4.5226,2.0154,2.1063,3.4499,1.377,2.8884,3.5339,1.0869,2.223,3.6189,2.5381,2.0336,4.4776,1.5021,1.736,4.42,1.5964,2.5868,3.5688,2.0699,2.2889,4.0632,2.7096,2.3109,4.9682,0.44699,2.5039,2.933
0.16314,0.25839,0.0062526,242.88,268.12,201.31,0.0013874,0.0016144,0.0010134,212.51,229.66,229.6,220.74,214.03,180.08,242.96,229.86,267.39,223.3,259.28,273.77,200.81,231.85,223.78,284.49,224.78,252.1,219.38,179.34,336.26,240.67,204.0,249.59,208.67,278.49,260.05,319.94,174.85,271.0,228.14,222.98,149.23,237.44,269.8,345.84,259.22,207.34,305.15,351.39,300.95,193.31,237.36,191.16,279.91,267.0,303.72,299.24,344.77,284.25,279.53,271.57,353.74,347.15,349.02,278.06,321.13,252.95,222.58,393.35,350.98,342.87,332.69,197.73,279.04,240.9,225.0,207.25,304.1,234.24,263.62,251.94,310.95,313.72,244.92,252.63,280.4,321.42,336.46,302.78,224.57,300.82,296.31,276.54,315.25,193.02,283.83,266.11,296.31,283.24,310.08,301.96,263.79,305.11,255.51,277.92,269.89,336.12,257.03,262.2,350.73,346.89,372.28,253.39,328.25,409.96,414.14,327.88,240.52,307.7,385.54,277.29,267.82,293.64,267.51,353.79,300.6,350.7,372.89,339.02,278.96,361.83,349.9,286.79,317.4,325.89,446.73,254.22,428.44,433.2,386.02,291.78,401.05,220.44,284.85,553.63,311.24,320.07,346.71,326.38,314.19,263.06,322.96,385.14,268.45,378.63,339.44,268.97,325.23,399.42,250.07,279.79,358.19,249.33,157.2,287.71,357.88,317.08,404.06,393.21,214.27,278.44,205.74,219.37,253.86,286.43,224.78,313.76,279.2,231.05,270.6,246.81,283.14,187.4,274.22,263.82,257.33,234.68,226.66,317.54,221.92,312.77,371.5,259.62,277.59,248.91,324.57,279.89,235.83,305.33,334.22,275.85,290.35,283.02,304.15,316.13,268.5,450.92,234.64,256.23,256.53,267.25,255.85,279.98,273.17,331.16,263.62,245.84,264.69,307.61,263.37,198.9,218.77,260.94,332.8,253.39,230.94,286.59,243.5,271.57,271.54,250.65,262.02,283.34,283.76,216.2,281.52,221.36,288.65,226.53,239.05,193.05,272.52,275.49,178.67,279.36,226.81,182.11,262.79,192.99,228.27,270.64,194.75,247.4,259.67,202.19,256.79,253.42,233.59,189.98,247.7,213.58,244.78,238.58,168.38,285.25,287.48,212.58,175.14,207.69,276.96,243.9,247.61,233.4,153.48,161.0,203.42,246.72,246.45,225.12,229.01,215.1,192.92,173.53,183.64,231.14,211.06,251.63,220.06,0.00079424,0.0010669,0.0010616,0.001156,0.0010459,0.00086961,0.0012758,0.00098141,0.001359,0.0010632,0.0013642,0.0015082,0.0010147,0.0012465,0.0010927,0.0016722,0.0012931,0.0013909,0.0013985,0.0010969,0.0019485,0.0015806,0.0012762,0.00169,0.0014291,0.0017642,0.0014907,0.0018478,0.0013114,0.0017841,0.0013957,0.0013549,0.0010409,0.0013293,0.0016426,0.0020635,0.0015967,0.0013766,0.0018552,0.0019814,0.0016473,0.0011152,0.0015522,0.0014245,0.0016888,0.0016733,0.0018492,0.0016631,0.0020262,0.0016948,0.0013607,0.0016611,0.0021469,0.0018576,0.0020603,0.0017555,0.0018671,0.0011918,0.0015711,0.0023719,0.0022112,0.0020314,0.0019981,0.001373,0.0019337,0.0015694,0.0014052,0.0015503,0.001936,0.0015192,0.0017847,0.0017244,0.0018016,0.001959,0.0014905,0.001659,0.0016952,0.0019788,0.002115,0.0019584,0.0013757,0.0020693,0.0019448,0.0016127,0.0013237,0.0014874,0.0012677,0.001782,0.0017855,0.001806,0.0019427,0.0017753,0.0013753,0.0019539,0.0013438,0.0018093,0.0017116,0.0021134,0.0015368,0.0017083,0.0018284,0.0020737,0.0022686,0.0015226,0.0020617,0.001914,0.0023462,0.0020825,0.0016786,0.0018386,0.0023165,0.0018617,0.0013023,0.0018009,0.0017542,0.0021392,0.0018715,0.0020483,0.0020661,0.0017152,0.0015755,0.0021501,0.0016932,0.0019756,0.0018115,0.0014971,0.0025374,0.0017823,0.0019719,0.0024891,0.0023753,0.0018353,0.0022488,0.0012576,0.0018554,0.00258,0.0019357,0.0016685,0.0020764,0.001851,0.0019151,0.0017073,0.0017735,0.0022878,0.0018667,0.001824,0.001964,0.001334,0.0016323,0.0020912,0.0016258,0.0018503,0.0019474,0.0016584,0.0012091,0.0016512,0.0021418,0.0019724,0.0018128,0.0020699,0.0013703,0.0017361,0.0014512,0.0015589,0.0015032,0.0017243,0.0016051,0.0019214,0.0017839,0.0016079,0.00179,0.0014488,0.0018024,0.0014084,0.0017511,0.0016496,0.0017847,0.0015438,0.001441,0.0018038,0.0014419,0.0018684,0.0021574,0.001677,0.0017833,0.0017434,0.00195,0.0017256,0.0016071,0.0017794,0.0017632,0.0018076,0.0018054,0.0017879,0.0020802,0.0019068,0.0017368,0.001475,0.0016346,0.001598,0.0016766,0.0017285,0.0016566,0.0018006,0.0016497,0.0022361,0.0015954,0.001695,0.0016342,0.0016905,0.0016373,0.0013889,0.0014948,0.0015737,0.002003,0.0016413,0.0015484,0.0016183,0.0015282,0.0017332,0.0017267,0.0015691,0.0016045,0.0016824,0.0017436,0.0014532,0.0017449,0.0014756,0.0017079,0.001512,0.0013697,0.0012864,0.0015134,0.0017504,0.0012495,0.0016679,0.0013429,0.0014305,0.0016157,0.0012719,0.0014716,0.0016324,0.0013779,0.0014745,0.0015382,0.0011778,0.001539,0.0014693,0.0014755,0.001254,0.0015575,0.0013265,0.001522,0.0013816,0.00096787,0.0015205,0.0016188,0.0011843,0.0011931,0.001143,0.0015208,0.0014895,0.0014779,0.0010595,0.00094945,0.00097992,0.0010077,0.0014751,0.0014424,0.0010455,0.0012787,0.0010443,0.0010305,0.00087832,0.00084555,0.0011276,0.0011324,0.0013712,0.0012165,1074300.0,1105700.0,792270.0,4276700.0,2284500.0,1150800.0,5856800.0,1513400.0,1879800.0,3242500.0,2966100.0,734830.0,5652900.0,1298400.0,4052200.0,2459600.0,5070500.0,4091400.0,1340500.0,3371900.0,2502600.0,3347400.0,11704000.0,958350.0,6311800.0,749460.0,9101500.0,1591900.0,1841400.0,815570.0,3232100.0,1680500.0,5814300.0,23940000.0,2520900.0,2724900.0,4347000.0,1235900.0,1513400.0,1646200.0,2062700.0,1057700.0,2058300.0,1019200.0,7475600.0,2433400.0,1825600.0,1494000.0,2274900.0,15971000.0,952090.0,7278300.0,3995200.0,706940.0,3910700.0,1079100.0,2657700.0,17679000.0,32102000.0,2373200.0,1720700.0,1532600.0,2840700.0,1036400.0,1926200.0,3409900.0,803840.0,2871900.0,1940600.0,3915400.0,2755300.0,1446400.0,1119200.0,15048000.0,5077600.0,1340600.0,3613400.0,1673300.0,965090.0,2573300.0,3702600.0,1313000.0,893150.0,2116300.0,873820.0,1861100.0,2850800.0,4950200.0,4191200.0,2338500.0,5694300.0,1300700.0,9352900.0,4677300.0,1017700.0,1694700.0,903640.0,1769700.0,3509900.0,9918500.0,1730700.0,16523000.0,1417300.0,9919600.0,1633600.0,3256300.0,1272900.0,1628100.0,12535000.0,5115100.0,2157200.0,3869300.0,2389200.0,1225800.0,656170.0,3373000.0,11659000.0,2413800.0,1291100.0,778800.0,1922000.0,735100.0,1193700.0,2218700.0,8786700.0,4156700.0,2627900.0,3087700.0,2361300.0,1498700.0,773560.0,10411000.0,2404500.0,3548600.0,2073400.0,1371700.0,1031900.0,2014200.0,1052000.0,2853800.0,3921600.0,1159600.0,1477000.0,2103000.0,1521000.0,2210500.0,2422200.0,877170.0,6912100.0,1513500.0,9390500.0,6180200.0,809830.0,10291000.0,814480.0,1274500.0,19279000.0,683650.0,12167000.0,721740.0,5575100.0,3693400.0,3817200.0,2647300.0,5252900.0,4116200.0,4227600.0,964530.0,4135000.0,1638700.0,6369200.0,1506700.0,7610900.0,1080700.0,744550.0,4005200.0,2996600.0,1988300.0,8411500.0,2288700.0,948280.0,1205600.0,3671000.0,3568300.0,1940100.0,1475700.0,747540.0,6807100.0,5275200.0,2336700.0,637470.0,17726000.0,3323000.0,5257900.0,1142200.0,18258000.0,5431600.0,1100100.0,8580600.0,1353300.0,1434500.0,3992400.0,5297000.0,799330.0,1639500.0,973680.0,1778500.0,1568200.0,1456500.0,7851700.0,2342100.0,1425100.0,12280000.0,2793800.0,1238000.0,1263500.0,3260300.0,951930.0,4669600.0,1133200.0,1854600.0,8075300.0,4435100.0,696550.0,1421900.0,10018000.0,5258300.0,5069200.0,15394000.0,3001700.0,1931800.0,2342400.0,2994600.0,3189800.0,1882600.0,1749500.0,2275100.0,1499400.0,7215800.0,652060.0,3656200.0,8296200.0,8910100.0,1863600.0,5378600.0,4029700.0,5011000.0,864140.0,1139900.0,5361500.0,1551600.0,6587500.0,3485200.0,7122400.0,1970700.0,1638700.0,1591200.0,1087700.0,1106100.0,2208100.0,945990.0,5091800.0,3371700.0,4404800.0,3356800.0,2894200.0,2745600.0,15584000.0,14989000.0,6042000.0,4601000.0,2807600.0,6148400.0,3762100.0,1781300.0,2740300.0,1353800.0,4824200.0,3044800.0,1.5388,1.8558,4.1664,2.2379,2.4778,3.6653,1.2766,2.2369,4.2241,1.2042,1.9871,4.2163,2.472,2.664,4.3205,0.76993,2.0646,4.2205,1.6602,2.523,3.879,3.0808,2.8443,5.865,1.1926,2.0257,4.1994,1.7137,1.7161,4.2446,1.2884,2.272,4.2725,0.73751,2.0357,4.2098,2.9132,2.8425,4.6451,5.5792,2.7516,1.3802,1.2504,2.8207,3.627,0.84892,2.1606,3.0003,2.5678,2.1572,4.5496,1.4635,1.6789,3.8936,0.71612,2.6731,3.8886,1.9057,1.8286,3.5265,1.1909,2.3899,3.2246,0.36152,2.2909,3.4991,1.8451,1.6334,3.4051,2.0535,2.6904,4.2366,1.889,1.6384,3.3731,1.6232,1.6377,3.9683,0.3402,2.1836,3.1319,2.097,2.4295,4.5116,1.4946,1.6999,3.2655,0.89786,1.9411,2.7565,3.2198,2.8386,5.9983,1.9409,1.8143,3.5107,0.88686,2.7254,2.9098,1.7027,2.5948,4.0037,0.72688,1.8992,2.7467,1.1028,2.4168,3.1313,1.9323,1.9254,4.4927,1.8045,1.653,3.8933,0.60858,2.1555,3.8867,1.3611,2.5425,3.884,0.98478,2.1449,3.1871,2.6085,2.3601,4.3691,2.0153,2.2088,4.7273,1.5304,1.6474,3.9263,1.8855,1.9971,4.4821,1.4896,2.2013,3.2349,0.8158,2.229,3.035,2.4422,2.465,4.3694,1.9924,2.5205,4.8342,1.9308,2.6181,4.8098,2.5852,2.3519,4.353,1.2717,2.5178,3.8799,1.8191,2.3169,4.3849,2.4623,2.9887,4.3244,0.63782,2.3917,2.6405,1.4017,2.0212,4.6033,1.892,3.0135,3.7625,0.26797,2.3792,3.3682,1.6929,1.6175,4.0801,0.80652,2.195,3.06,2.2628,2.3039,4.7051,0.56634,2.4193,3.1162,0.78648,2.24,3.1552,0.015804,2.8967,1.7603,2.013,2.1847,4.6354,2.5243,2.4115,4.2932,2.3095,2.3093,5.1429,1.9478,2.6667,4.1464,1.122,1.8316,4.0336,4.5249,2.8251,0.67767,0.76995,2.188,2.9768,1.4559,2.1282,4.2863,1.1629,2.2189,3.5496,2.0429,2.6431,4.3041,1.6198,1.5813,4.1473,1.1782,2.5275,3.1162,0.74609,2.4895,3.7387,2.2189,1.8292,3.6844,1.4115,2.5335,3.4789,1.3666,2.602,3.5246,1.4116,1.6352,4.2734,1.9403,2.6637,4.4631,2.0439,2.6692,4.6183,3.3535,2.8281,6.1372,1.7224,1.6222,4.1945,1.8624,1.9403,3.3952,2.461,2.9602,5.3569,1.1993,2.5769,3.0535,2.6883,2.3991,5.0125,0.97987,2.6809,4.2009,1.4355,2.4986,3.5417,0.95512,1.9338,4.1333,1.7791,1.6245,4.0631,1.9436,1.9289,3.3922,6.011,2.9013,2.8509,2.94,2.2308,4.6672,1.4851,1.938,4.3622,1.1247,2.5681,3.351,1.426,2.4654,3.3861,1.7017,1.8924,3.6645,2.0266,2.4554,4.0772,1.0886,2.3655,3.2423,2.4877,1.9044,5.3031,0.99941,2.6135,3.2769,1.3866,2.5455,3.3386,0.2402,3.0436,3.2,0.65811,1.8991,2.7837,1.6599,1.9594,4.5829,1.5007,1.8172,4.2039,5.2304,2.7967,1.5983,0.86999,2.2135,2.9296,0.92568,2.7067,4.1855,2.3787,2.4411,3.678,2.9131,2.298,4.9679,3.0523,2.5941,4.601,2.0573,2.3991,4.5885,2.1858,2.2063,4.172,0.70769,2.2207,3.3248,0.60463,2.4176,3.0459,0.57313,2.2335,3.8825,2.4909,2.4368,4.5914,0.72862,2.4319,2.9081,1.3033,1.563,4.3681,1.5937,1.94,3.5144,0.33462,2.6589,2.1717,3.4257,2.9296,0.28096,0.86642,2.2727,3.0674,1.6265,1.6692,4.1501,1.6631,1.8937,3.2624,0.77396,2.3589,2.8711,2.2144,2.2909,4.9424,1.3115,2.5762,3.2037,1.2604,2.2038,3.6387,0.35597,2.0837,3.2942,1.7135,1.9099,3.4373,2.6203,2.047,4.1052,2.0524,2.1463,4.96,1.3792,1.703,3.8452,0.76862,2.0267,2.801,2.0772,2.1282,5.0639,2.1676,2.2841,4.5539,1.5044,2.4376,4.0084,4.0729,2.8925,6.2739,1.837,2.4886,4.0012,0.64445,1.987,4.1537,1.2131,2.6216,4.2435,3.3265,2.7955,6.0825,1.7123,1.5633,3.2792,0.26353,2.3762,3.4078,4.8983,3.0001,0.73459,0.43229,2.8175,3.3008,1.1667,2.541,3.0719,2.259,2.1864,5.0079,1.6434,2.0606,4.4392,1.6586,1.6221,3.3868,1.8128,2.944,3.368,0.74614,2.3393,2.9086,0.8102,2.3878,3.011,0.23795,2.6622,3.35,1.9537,2.4442,4.2773,0.65183,2.4148,2.7952,1.0112,2.3363,3.5936,1.2916,1.7671,4.3207,0.23337,2.3502,3.468,1.6953,1.5916,3.2788,0.81579,2.3199,2.8566,2.9481,2.8583,6.028,1.7348,2.5237,3.971,2.0343,2.2321,4.6084,2.2301,2.6636,5.0922,1.6208,1.9574,3.8157,1.4122,1.7791,3.7479,2.2993,2.1427,4.9912,1.4976,2.5769,3.949,0.48343,3.0097,2.1478,4.472,2.9054,0.27021,1.3423,2.8346,4.2006,1.8813,1.9743,3.8932,1.1857,2.6715,2.7684,0.13033,2.7865,2.8447,1.0649,2.9146,4.1913,0.48404,2.4491,2.603,0.85369,2.0666,2.845,0.53842,2.4845,3.408,1.7798,2.2226,4.3299,1.1016,2.815,4.2418,0.69132,2.0416,2.9721,2.103,1.8395,3.721,1.4063,1.8796,3.7084,2.291,2.6123,4.7715,1.5193,1.5745,4.1971,1.2839,2.1393,3.2288,0.72916,2.0831,3.0103,0.73346,2.2769,2.6376,1.7904,2.3824,4.1816,2.2515,2.5928,4.9142,0.59939,2.0648,2.9543,1.7315,1.7821,3.2939,0.85636,2.9861,2.6055,0.54192,2.5229,2.5927,3.2314,2.7278,6.1738,6.2276,2.869,2.6476,4.168,2.8988,6.1469,2.4011,2.2748,3.733,1.4642,3.0586,4.4416,1.25,2.4447,3.4855,6.2641,3.1061,2.9263,2.3753,2.1888,3.7498,1.3093,1.8447,3.7034,2.3977,2.328,4.6255,2.608,2.7092,4.2228,1.261,2.7128,4.3258,1.7018,1.9404,3.8253,1.1963,2.7526,3.7525,2.3446,2.3544,4.9385,1.4192,2.6141,3.3603,2.1617,2.2821,4.0678,0.82035,1.9709,3.39,2.4261,2.3332,3.8038,2.3482,2.3528,3.7308,2.2849,1.9951,5.0556,2.6309,2.2896,4.8256,2.3943,2.2404,3.7942,1.4355,1.609,3.9129,2.3512,2.6017,4.924,1.761,1.9459,3.8642,0.81716,2.1202,4.1184,1.5896,1.8429,4.333,2.3197,2.5744,4.9496,1.4495,2.3974,3.2554,5.8502,2.8273,2.1274,1.8634,1.7543,3.5246,1.9473,2.9245,4.1915,2.1044,1.9868,4.8332,1.1722,2.6185,4.3585,1.9919,2.1546,4.9368,1.6514,1.7832,3.9362,1.6286,2.0023,3.3395,1.1423,2.7288,3.7106,1.0298,2.8483,3.8291,1.5518,2.4866,3.9113,1.165,2.6888,3.6842,1.7687,1.7545,4.083,0.75308,2.4506,2.8081,1.8385,2.1271,4.4088,0.1033,2.7832,2.9841,1.0491,1.949,4.3293,0.97909,2.2878,3.0747,1.5915,2.4061,4.5643,1.0047,2.0802,2.8323,0.79167,2.0085,2.6914,1.6813,1.7686,3.9416,0.87905,2.4426,2.8961,1.324,1.5834,3.8404,2.7714,2.6078,4.6169,1.052,2.2189,3.6384,1.1733,2.7349,3.6841,2.0015,1.9961,4.4746,1.0192,1.9599,4.2429,1.9009,1.6452,3.4365,1.7142,2.4962,3.9754,2.2405,2.5383,4.8832,2.0681,2.3568,3.6106,1.2121,3.0584,3.4618,1.4061,1.445,4.2517,0.70196,2.9803,3.6547,1.6462,1.7263,4.2412,0.79527,2.0007,2.7218,0.5638,2.2188,4.0387,2.6095,2.5995,4.5226,2.0155,2.1063,3.45,1.377,2.8883,3.5339,1.0869,2.2231,3.6189,2.5382,2.0337,4.4777,1.5022,1.736,4.42,1.5964,2.5868,3.5688,2.0699,2.2889,4.0632,2.7096,2.3107,4.9681,0.447,2.5038,2.9329
0.16387,0.25956,0.006276,243.22,268.62,201.39,0.0013893,0.0016172,0.0010139,212.59,229.75,229.84,220.91,214.28,180.28,242.97,229.98,267.6,223.45,259.66,274.28,200.93,232.12,223.98,284.91,224.98,252.38,219.75,179.44,336.78,240.9,204.21,249.82,208.81,278.88,260.36,320.31,174.98,271.27,228.45,223.26,149.35,237.93,270.23,346.33,259.66,207.6,305.79,351.94,301.2,193.49,238.19,191.47,280.32,267.3,304.13,299.72,345.38,284.6,280.01,271.93,354.53,347.61,349.76,278.53,321.55,254.08,222.99,394.01,351.77,343.44,333.39,197.89,279.31,241.18,225.74,207.93,304.74,234.99,264.34,252.08,311.59,314.32,245.53,253.04,280.52,322.07,336.93,303.75,225.14,301.3,297.24,276.6,315.81,193.41,284.83,266.41,297.02,283.6,310.57,302.66,264.81,305.6,256.34,278.02,270.25,336.84,258.43,262.62,352.0,347.52,372.8,254.22,329.23,411.1,414.85,328.32,241.16,308.32,386.18,277.78,270.18,294.36,267.82,354.51,301.28,351.49,373.81,339.61,279.69,362.91,351.45,287.61,318.52,327.0,447.77,254.93,429.76,434.22,387.08,292.6,402.23,223.4,285.57,555.0,312.32,320.83,347.56,327.18,315.02,263.6,323.54,386.03,269.02,380.3,339.69,270.19,326.65,401.01,250.58,280.36,359.16,250.08,157.43,288.3,358.49,317.62,405.62,393.83,214.57,278.87,206.05,219.75,254.53,286.96,225.19,314.08,279.83,231.32,271.02,247.22,283.67,187.94,274.56,264.05,257.8,235.05,226.95,317.88,222.4,313.37,372.01,259.83,278.24,249.24,325.16,280.46,236.09,305.92,334.86,276.42,290.86,283.4,304.85,316.6,268.99,452.31,235.04,256.55,256.97,267.55,256.04,280.35,273.68,332.04,264.13,246.28,264.93,308.26,263.84,199.13,219.02,261.32,333.48,254.02,231.25,286.81,243.76,271.95,271.92,251.03,262.36,283.61,283.99,216.45,282.03,221.56,289.08,226.84,239.25,193.31,272.9,275.85,178.79,279.62,227.1,182.31,263.1,193.22,228.55,270.99,194.97,247.61,259.93,202.3,257.1,253.71,233.8,190.14,248.0,213.82,245.06,238.85,168.51,285.49,287.79,212.76,175.24,207.89,277.28,244.23,247.81,233.57,153.58,161.15,203.57,246.97,246.67,225.23,229.18,215.24,193.05,173.67,183.75,231.3,211.18,251.93,220.22,0.00079449,0.0010671,0.0010622,0.0011569,0.0010469,0.00087038,0.0012758,0.00098205,0.0013606,0.0010638,0.0013663,0.0015109,0.0010151,0.001248,0.0010935,0.0016744,0.0012942,0.0013929,0.0014007,0.0010978,0.0019515,0.0015822,0.0012775,0.0016919,0.0014299,0.001767,0.0014927,0.0018497,0.0013126,0.0017859,0.0013975,0.0013571,0.0010416,0.0013318,0.0016451,0.0020665,0.0015992,0.001378,0.0018587,0.0019849,0.0016497,0.0011162,0.0015569,0.0014268,0.0016913,0.0016752,0.0018521,0.0016658,0.0020301,0.0016971,0.0013627,0.0016638,0.0021512,0.0018604,0.0020644,0.0017586,0.00187,0.0011961,0.0015737,0.0023765,0.0022153,0.0020349,0.0020024,0.0013736,0.001936,0.0015718,0.0014097,0.0015541,0.0019405,0.0015236,0.0017887,0.0017258,0.0018057,0.0019627,0.0014924,0.0016619,0.0016971,0.0019828,0.0021181,0.0019633,0.0013774,0.0020718,0.0019493,0.0016149,0.0013258,0.0014901,0.0012711,0.0017839,0.0017897,0.0018088,0.0019458,0.0017787,0.0013795,0.0019573,0.0013476,0.0018112,0.0017145,0.0021174,0.0015434,0.0017111,0.0018348,0.0020778,0.0022717,0.0015275,0.0020662,0.0019199,0.0023511,0.0020858,0.0016827,0.0018429,0.0023206,0.001865,0.0013131,0.0018048,0.0017566,0.0021437,0.0018752,0.0020533,0.0020705,0.0017188,0.0015757,0.0021562,0.0017017,0.0019801,0.0018165,0.0015029,0.0025435,0.001787,0.0019778,0.002495,0.0023816,0.0018392,0.0022541,0.0012681,0.0018599,0.002589,0.0019404,0.0016718,0.0020814,0.0018551,0.0019198,0.0017105,0.0017775,0.002293,0.0018705,0.0018314,0.0019669,0.0013372,0.0016381,0.0020991,0.0016294,0.0018537,0.0019533,0.0016626,0.0012112,0.0016547,0.0021452,0.0019753,0.0018197,0.0020719,0.0013724,0.0017387,0.0014531,0.0015611,0.0015064,0.0017277,0.0016081,0.0019236,0.0017869,0.0016099,0.0017927,0.0014511,0.001805,0.0014103,0.0017537,0.001651,0.0017867,0.0015455,0.0014427,0.0018061,0.0014443,0.0018716,0.0021604,0.001678,0.0017868,0.0017456,0.0019543,0.0017288,0.0016091,0.0017828,0.0017668,0.0018108,0.0018088,0.0017901,0.002084,0.0019096,0.0017399,0.0014809,0.0016371,0.0015998,0.0016792,0.0017309,0.0016581,0.0018029,0.0016531,0.0022408,0.001598,0.0016979,0.0016359,0.0016939,0.0016402,0.0013904,0.0014964,0.001576,0.0020069,0.0016448,0.0015506,0.0016197,0.0015295,0.001735,0.0017296,0.0015714,0.0016067,0.0016849,0.0017451,0.0014548,0.0017478,0.001477,0.0017104,0.0015137,0.0013709,0.0012879,0.0015155,0.001753,0.0012501,0.0016695,0.0013445,0.0014322,0.0016178,0.0012735,0.0014734,0.0016347,0.0013798,0.0014755,0.0015395,0.0011786,0.001541,0.0014708,0.0014769,0.001255,0.0015594,0.001328,0.0015236,0.0013833,0.00096862,0.001522,0.0016208,0.0011854,0.0011939,0.0011442,0.0015224,0.0014914,0.001479,0.0010603,0.00095017,0.00098074,0.0010085,0.0014766,0.0014435,0.001046,0.0012796,0.0010451,0.0010313,0.000879,0.0008461,0.0011284,0.0011332,0.0013727,0.0012175,1074300.0,1105700.0,792270.0,4276700.0,2284500.0,1150800.0,5856800.0,1513400.0,1879800.0,3242500.0,2966100.0,734830.0,5652900.0,1298400.0,4052200.0,2459600.0,5070500.0,4091400.0,1340500.0,3371900.0,2502600.0,3347400.0,11704000.0,958350.0,6311800.0,749460.0,9101500.0,1591900.0,1841400.0,815570.0,3232100.0,1680500.0,5814300.0,23940000.0,2520900.0,2724900.0,4347000.0,1235900.0,1513400.0,1646200.0,2062700.0,1057700.0,2058300.0,1019200.0,7475600.0,2433400.0,1825600.0,1494000.0,2274900.0,15971000.0,952090.0,7278300.0,3995200.0,706940.0,3910700.0,1079100.0,2657700.0,17679000.0,32102000.0,2373200.0,1720700.0,1532600.0,2840700.0,1036400.0,1926200.0,3409900.0,803840.0,2871900.0,1940600.0,3915400.0,2755300.0,1446400.0,1119200.0,15048000.0,5077600.0,1340600.0,3613400.0,1673300.0,965090.0,2573300.0,3702600.0,1313000.0,893150.0,2116300.0,873820.0,1861100.0,2850800.0,4950200.0,4191200.0,2338500.0,5694300.0,1300700.0,9352900.0,4677300.0,1017700.0,1694700.0,903640.0,1769700.0,3509900.0,9918500.0,1730700.0,16523000.0,1417300.0,9919600.0,1633600.0,3256300.0,1272900.0,1628100.0,12535000.0,5115100.0,2157200.0,3869300.0,2389200.0,1225800.0,656170.0,3373000.0,11659000.0,2413800.0,1291100.0,778800.0,1922000.0,735100.0,1193700.0,2218700.0,8786700.0,4156700.0,2627900.0,3087700.0,2361300.0,1498700.0,773560.0,10411000.0,2404500.0,3548600.0,2073400.0,1371700.0,1031900.0,2014200.0,1052000.0,2853800.0,3921600.0,1159600.0,1477000.0,2103000.0,1521000.0,2210500.0,2422200.0,877170.0,6912100.0,1513500.0,9390500.0,6180200.0,809830.0,10291000.0,814480.0,1274500.0,19279000.0,683650.0,12167000.0,721740.0,5575100.0,3693400.0,3817200.0,2647300.0,5252900.0,4116200.0,4227600.0,964530.0,4135000.0,1638700.0,6369200.0,1506700.0,7610900.0,1080700.0,744550.0,4005200.0,2996600.0,1988300.0,8411500.0,2288700.0,948280.0,1205600.0,3671000.0,3568300.0,1940100.0,1475700.0,747540.0,6807100.0,5275200.0,2336700.0,637470.0,17726000.0,3323000.0,5257900.0,1142200.0,18258000.0,5431600.0,1100100.0,8580600.0,1353300.0,1434500.0,3992400.0,5297000.0,799330.0,1639500.0,973680.0,1778500.0,1568200.0,1456500.0,7851700.0,2342100.0,1425100.0,12280000.0,2793800.0,1238000.0,1263500.0,3260300.0,951930.0,4669600.0,1133200.0,1854600.0,8075300.0,4435100.0,696550.0,1421900.0,10018000.0,5258300.0,5069200.0,15394000.0,3001700.0,1931800.0,2342400.0,2994600.0,3189800.0,1882600.0,1749500.0,2275100.0,1499400.0,7215800.0,652060.0,3656200.0,8296200.0,8910100.0,1863600.0,5378600.0,4029700.0,5011000.0,864140.0,1139900.0,5361500.0,1551600.0,6587500.0,3485200.0,7122400.0,1970700.0,1638700.0,1591200.0,1087700.0,1106100.0,2208100.0,945990.0,5091800.0,3371700.0,4404800.0,3356800.0,2894200.0,2745600.0,15584000.0,14989000.0,6042000.0,4601000.0,2807600.0,6148400.0,3762100.0,1781300.0,2740300.0,1353800.0,4824200.0,3044800.0,1.5389,1.8559,4.1664,2.238,2.4779,3.6653,1.2766,2.2369,4.2241,1.2041,1.9871,4.2162,2.4719,2.664,4.3206,0.76961,2.0646,4.2206,1.6608,2.5232,3.8789,3.081,2.8443,5.8651,1.1924,2.0258,4.1992,1.7135,1.716,4.2445,1.2885,2.2722,4.2727,0.73695,2.0355,4.2098,2.9131,2.8425,4.6455,5.5785,2.7515,1.3798,1.2505,2.8206,3.6271,0.84845,2.1606,3.0002,2.5683,2.1578,4.5502,1.4635,1.6789,3.8936,0.71663,2.6735,3.8889,1.9053,1.8289,3.5268,1.1913,2.3898,3.2251,0.36183,2.291,3.4986,1.8454,1.6332,3.4052,2.0536,2.6898,4.2361,1.8895,1.6383,3.3731,1.6239,1.6376,3.9686,0.34009,2.1838,3.1317,2.0974,2.4298,4.5122,1.4947,1.7,3.2658,0.8983,1.9414,2.7564,3.2206,2.8386,5.9989,1.9408,1.8146,3.5109,0.88646,2.7255,2.9099,1.7023,2.5948,4.0037,0.72741,1.8992,2.7465,1.1029,2.4167,3.1315,1.9325,1.9254,4.4927,1.805,1.653,3.8934,0.60912,2.1552,3.8875,1.3622,2.5429,3.8848,0.98472,2.1453,3.1866,2.6091,2.3605,4.3696,2.0153,2.2088,4.7274,1.5308,1.6472,3.9263,1.8855,1.9976,4.4821,1.4898,2.2015,3.2347,0.8158,2.2295,3.0343,2.4421,2.4655,4.3694,1.9928,2.5201,4.8339,1.9309,2.6182,4.8095,2.5856,2.3523,4.3536,1.2717,2.5179,3.8797,1.8199,2.3173,4.3853,2.4641,2.9884,4.3257,0.63855,2.3912,2.6413,1.4011,2.021,4.6034,1.8911,3.0132,3.7612,0.26762,2.3791,3.3681,1.693,1.6175,4.0801,0.80703,2.1956,3.06,2.2629,2.3039,4.7053,0.56564,2.4187,3.1165,0.78545,2.2404,3.1548,0.015769,2.8968,1.7599,2.0134,2.1855,4.6358,2.5242,2.4121,4.2936,2.3088,2.3093,5.1428,1.9471,2.666,4.146,1.122,1.8315,4.0341,4.5246,2.8247,0.67845,0.76969,2.1881,2.9766,1.4562,2.1284,4.2865,1.1632,2.2196,3.5498,2.042,2.6426,4.3032,1.6197,1.5813,4.1473,1.1782,2.5273,3.1166,0.7459,2.49,3.7386,2.2196,1.8289,3.6844,1.4109,2.5337,3.4789,1.3661,2.602,3.5244,1.4109,1.6351,4.2733,1.94,2.6631,4.4627,2.0442,2.6685,4.6187,3.3531,2.8282,6.1374,1.723,1.6221,4.1945,1.8632,1.94,3.3949,2.4621,2.96,5.3578,1.1993,2.577,3.0535,2.6883,2.3988,5.0124,0.98031,2.6814,4.2016,1.4352,2.4986,3.5419,0.95531,1.934,4.1338,1.7793,1.6246,4.063,1.9444,1.9289,3.3922,6.0108,2.9012,2.8506,2.9407,2.2307,4.6675,1.4859,1.9377,4.3629,1.1247,2.5677,3.3511,1.4259,2.4654,3.3861,1.7016,1.892,3.6644,2.0271,2.4556,4.0777,1.0886,2.3658,3.2424,2.4883,1.9036,5.3038,0.99908,2.6131,3.2769,1.386,2.5459,3.3382,0.24021,3.0438,3.1998,0.65811,1.8997,2.7832,1.6604,1.959,4.5837,1.501,1.8168,4.2041,5.2298,2.7959,1.5978,0.8704,2.2138,2.93,0.92615,2.7072,4.1863,2.3789,2.4403,3.6784,2.9137,2.2979,4.968,3.0532,2.5938,4.6015,2.0578,2.3989,4.589,2.1855,2.2066,4.1719,0.70763,2.2218,3.3245,0.60571,2.4176,3.0461,0.57326,2.2341,3.8827,2.4902,2.4365,4.5915,0.72811,2.4322,2.9074,1.3034,1.563,4.368,1.5936,1.9396,3.5148,0.33558,2.6589,2.1722,3.4258,2.9293,0.28115,0.86608,2.2724,3.0674,1.6265,1.6693,4.1504,1.6634,1.8941,3.2629,0.77399,2.3587,2.8713,2.2149,2.2905,4.9424,1.3122,2.5763,3.2043,1.261,2.2042,3.6395,0.35564,2.0841,3.2944,1.7137,1.9095,3.4373,2.6208,2.0466,4.1056,2.0522,2.1464,4.96,1.3792,1.7028,3.8452,0.76872,2.0271,2.8015,2.0772,2.128,5.0644,2.1673,2.2844,4.5543,1.5043,2.4381,4.0087,4.0718,2.8917,6.2726,1.8364,2.489,4.001,0.64375,1.9871,4.154,1.2127,2.6216,4.2433,3.3254,2.7952,6.0823,1.7121,1.5632,3.2792,0.2639,2.3765,3.4082,4.8972,3.0002,0.7333,0.43227,2.8177,3.3015,1.1663,2.5412,3.0724,2.2591,2.1865,5.0082,1.6438,2.0604,4.4395,1.6587,1.622,3.387,1.8144,2.9441,3.369,0.7464,2.3389,2.909,0.80986,2.3874,3.0111,0.2377,2.6623,3.3499,1.9546,2.4445,4.2775,0.65233,2.4145,2.7954,1.0112,2.3369,3.5934,1.2915,1.767,4.3209,0.23324,2.3503,3.4685,1.6954,1.5917,3.2787,0.81659,2.3195,2.8569,2.9476,2.8582,6.0282,1.7337,2.5234,3.9707,2.0343,2.2324,4.6084,2.2288,2.6632,5.0915,1.6201,1.9574,3.8155,1.4125,1.7788,3.7481,2.2994,2.1427,4.9911,1.4975,2.5767,3.9486,0.48296,3.0094,2.1469,4.4715,2.9051,0.27005,1.3423,2.8349,4.2001,1.881,1.9745,3.8931,1.1852,2.6716,2.7678,0.12914,2.7864,2.8442,1.0651,2.9147,4.1913,0.4838,2.4487,2.6032,0.85392,2.067,2.8448,0.53858,2.4846,3.4082,1.7806,2.2228,4.3302,1.1009,2.8152,4.2414,0.69166,2.042,2.9715,2.1033,1.8394,3.7207,1.4068,1.8797,3.7087,2.2901,2.6117,4.7705,1.5199,1.5745,4.1971,1.2835,2.1393,3.229,0.72952,2.0835,3.01,0.73367,2.2764,2.6377,1.7906,2.3826,4.1817,2.2509,2.5923,4.914,0.59928,2.065,2.9538,1.7317,1.7826,3.2938,0.857,2.9859,2.6057,0.54172,2.523,2.5926,3.2319,2.7277,6.1744,6.2281,2.8691,2.6484,4.1667,2.8984,6.1454,2.4013,2.2741,3.7329,1.4648,3.0586,4.443,1.2497,2.4449,3.4856,6.2613,3.1061,2.9243,2.3753,2.1885,3.7496,1.3095,1.8447,3.7035,2.3974,2.328,4.6258,2.6079,2.7096,4.2235,1.2609,2.7129,4.3256,1.7011,1.9403,3.8249,1.1966,2.7524,3.7529,2.3443,2.3539,4.9381,1.4184,2.6138,3.3604,2.1615,2.2825,4.0676,0.82028,1.9711,3.3901,2.4261,2.3327,3.8039,2.3481,2.3525,3.7307,2.2853,1.9954,5.0561,2.6306,2.2896,4.8257,2.3945,2.2404,3.7941,1.4358,1.6091,3.9131,2.3507,2.6013,4.9237,1.7604,1.9458,3.864,0.81722,2.1201,4.1187,1.5894,1.843,4.3332,2.3192,2.5738,4.9496,1.4494,2.3975,3.2554,5.8499,2.827,2.1272,1.8634,1.7542,3.5247,1.947,2.924,4.1908,2.1048,1.987,4.8333,1.1725,2.6187,4.3589,1.9924,2.1547,4.9371,1.6515,1.7831,3.936,1.6287,2.0022,3.3392,1.1427,2.7287,3.711,1.0302,2.8483,3.8291,1.5523,2.4867,3.9115,1.165,2.6884,3.6842,1.7685,1.7543,4.0829,0.75257,2.4505,2.8082,1.8384,2.1273,4.4089,0.10332,2.7831,2.9847,1.0489,1.949,4.3296,0.97918,2.2876,3.0749,1.5913,2.4061,4.5642,1.0047,2.0801,2.8323,0.79189,2.0085,2.6913,1.6815,1.7684,3.9415,0.87879,2.4425,2.8966,1.3237,1.5833,3.8404,2.7714,2.6079,4.6168,1.0518,2.2193,3.6384,1.1735,2.7347,3.6843,2.0016,1.9962,4.4746,1.0189,1.9599,4.2429,1.9011,1.6452,3.4364,1.7145,2.4963,3.9753,2.2409,2.5382,4.883,2.0679,2.3567,3.6103,1.2121,3.0583,3.4618,1.406,1.445,4.2518,0.70222,2.9803,3.6548,1.6463,1.7262,4.2412,0.79547,2.0007,2.7217,0.56337,2.2189,4.039,2.6092,2.5995,4.5226,2.0156,2.1062,3.45,1.3769,2.8882,3.5338,1.0869,2.2233,3.6188,2.5382,2.0338,4.4777,1.5022,1.736,4.42,1.5963,2.5867,3.5687,2.0699,2.2889,4.0631,2.7096,2.3105,4.968,0.44703,2.5037,2.9328
0.16497,0.2613,0.006311,243.67,269.3,201.46,0.0013918,0.001621,0.0010143,212.68,229.86,230.13,221.13,214.6,180.4,243.0,230.13,267.89,223.65,260.16,274.93,201.02,232.48,224.23,285.44,225.25,252.77,220.23,179.49,337.51,241.26,204.5,250.15,209.01,279.44,260.77,320.78,175.12,271.72,228.9,223.6,149.4,238.54,270.83,347.03,260.27,208.0,306.68,352.72,301.5,193.7,239.32,191.91,280.88,267.73,304.74,300.44,346.24,285.05,280.62,272.4,355.7,348.36,350.81,279.12,322.23,255.6,223.6,395.01,352.9,344.36,334.2,198.07,279.74,241.52,226.75,208.94,305.63,236.02,265.17,252.27,312.53,315.19,246.24,253.65,280.74,322.98,337.56,305.15,225.75,301.93,298.62,276.74,316.67,193.97,286.23,266.83,298.07,284.14,311.3,303.55,266.26,306.27,257.55,278.17,270.78,337.74,260.35,263.16,353.83,348.46,373.4,255.28,330.61,412.84,415.99,328.86,241.93,309.22,387.17,278.54,273.01,295.39,268.28,355.61,302.28,352.61,375.08,340.47,280.33,364.63,353.76,288.77,320.1,328.74,449.36,255.89,431.75,435.84,388.56,293.76,404.07,227.44,286.58,557.09,313.91,321.99,348.76,328.39,316.28,264.29,324.39,387.24,269.86,382.71,340.15,271.98,328.71,403.4,251.33,281.14,360.6,250.94,157.67,289.19,359.34,318.35,407.88,394.61,214.82,279.49,206.49,220.35,255.45,287.59,225.76,314.56,280.72,231.74,271.6,247.81,284.43,188.72,274.97,264.38,258.34,235.46,227.26,318.41,223.03,314.23,372.65,260.14,279.12,249.57,325.94,281.19,236.39,306.76,335.69,277.19,291.56,283.88,305.74,317.29,269.67,454.23,235.53,256.99,257.53,267.94,256.31,280.89,274.35,333.16,264.78,246.87,265.22,309.17,264.48,199.41,219.37,261.85,334.38,254.82,231.61,287.09,244.13,272.48,272.41,251.51,262.82,283.96,284.34,216.79,282.67,221.87,289.7,227.22,239.47,193.63,273.39,276.32,178.95,279.99,227.46,182.53,263.49,193.48,228.87,271.46,195.23,247.89,260.29,202.48,257.51,254.05,234.06,190.31,248.35,214.11,245.45,239.21,168.64,285.84,288.19,212.97,175.35,208.12,277.65,244.61,248.09,233.81,153.7,161.28,203.73,247.26,246.97,225.39,229.39,215.4,193.2,173.81,183.86,231.47,211.29,252.27,220.38,0.00079474,0.0010673,0.0010627,0.0011579,0.001048,0.00087068,0.0012758,0.00098283,0.0013627,0.0010645,0.0013689,0.0015144,0.0010152,0.0012499,0.0010945,0.0016773,0.0012957,0.0013955,0.0014036,0.0010985,0.0019557,0.0015846,0.0012794,0.0016947,0.0014311,0.001771,0.0014953,0.0018523,0.001314,0.0017889,0.0014002,0.0013597,0.001042,0.0013349,0.0016487,0.002071,0.0016028,0.0013798,0.0018634,0.0019898,0.0016526,0.0011174,0.0015634,0.00143,0.0016948,0.0016777,0.0018563,0.0016698,0.0020355,0.0017002,0.0013652,0.0016676,0.0021575,0.0018648,0.0020704,0.0017628,0.0018744,0.0012014,0.0015776,0.0023835,0.0022213,0.0020407,0.0020075,0.0013738,0.0019395,0.0015749,0.0014155,0.0015595,0.0019468,0.0015294,0.0017933,0.0017279,0.0018115,0.001968,0.0014936,0.0016662,0.0017003,0.0019889,0.0021225,0.0019704,0.001378,0.0020751,0.0019559,0.0016184,0.0013298,0.0014941,0.0012761,0.0017865,0.0017959,0.001813,0.0019502,0.0017828,0.0013857,0.0019616,0.0013532,0.0018141,0.0017187,0.0021225,0.0015525,0.0017148,0.0018438,0.002084,0.0022751,0.0015337,0.0020729,0.001929,0.0023586,0.0020903,0.0016875,0.001849,0.0023267,0.0018702,0.001326,0.0018102,0.00176,0.0021504,0.0018805,0.0020601,0.0020761,0.0017234,0.0015709,0.0021654,0.0017123,0.0019865,0.0018233,0.0015118,0.0025521,0.0017936,0.001987,0.0025039,0.0023904,0.0018445,0.0022618,0.0012804,0.0018664,0.0026023,0.001947,0.0016769,0.0020883,0.0018608,0.0019267,0.0017146,0.0017833,0.0023002,0.0018758,0.0018423,0.0019715,0.0013415,0.0016466,0.0021106,0.0016347,0.0018585,0.0019619,0.0016675,0.0012134,0.00166,0.0021499,0.0019794,0.0018299,0.002074,0.0013744,0.0017424,0.0014559,0.0015645,0.0015108,0.0017318,0.0016123,0.0019268,0.0017912,0.0016127,0.0017966,0.0014546,0.0018088,0.0014133,0.0017568,0.001653,0.0017891,0.0015472,0.0014446,0.0018095,0.0014476,0.0018761,0.002164,0.0016794,0.0017915,0.001748,0.0019601,0.0017329,0.0016113,0.0017875,0.0017711,0.0018153,0.0018134,0.0017928,0.0020889,0.0019135,0.0017442,0.0014898,0.0016402,0.0016025,0.0016825,0.0017338,0.0016602,0.0018061,0.0016574,0.0022467,0.0016012,0.0017019,0.001638,0.0016985,0.0016441,0.0013923,0.0014987,0.0015793,0.0020123,0.001649,0.0015533,0.0016214,0.0015315,0.0017377,0.0017333,0.0015742,0.0016097,0.0016883,0.0017474,0.0014572,0.0017514,0.0014791,0.0017141,0.0015157,0.0013724,0.0012896,0.0015182,0.0017564,0.0012511,0.0016718,0.0013465,0.0014344,0.0016206,0.0012753,0.0014754,0.0016377,0.0013821,0.0014768,0.0015414,0.0011799,0.0015436,0.0014726,0.0014788,0.0012562,0.0015617,0.0013299,0.0015258,0.0013854,0.00096943,0.0015242,0.0016236,0.0011866,0.0011949,0.0011454,0.0015244,0.0014935,0.0014804,0.0010614,0.0009511,0.00098148,0.0010093,0.0014785,0.0014451,0.0010468,0.0012807,0.0010458,0.001032,0.00087967,0.0008466,0.0011292,0.0011338,0.0013745,0.0012184,1074300.0,1105700.0,792270.0,4276700.0,2284500.0,1150800.0,5856800.0,1513400.0,1879800.0,3242500.0,2966100.0,734830.0,5652900.0,1298400.0,4052200.0,2459600.0,5070500.0,4091400.0,1340500.0,3371900.0,2502600.0,3347400.0,11704000.0,958350.0,6311800.0,749460.0,9101500.0,1591900.0,1841400.0,815570.0,3232100.0,1680500.0,5814300.0,23940000.0,2520900.0,2724900.0,4347000.0,1235900.0,1513400.0,1646200.0,2062700.0,1057700.0,2058300.0,1019200.0,7475600.0,2433400.0,1825600.0,1494000.0,2274900.0,15971000.0,952090.0,7278300.0,3995200.0,706940.0,3910700.0,1079100.0,2657700.0,17679000.0,32102000.0,2373200.0,1720700.0,1532600.0,2840700.0,1036400.0,1926200.0,3409900.0,803840.0,2871900.0,1940600.0,3915400.0,2755300.0,1446400.0,1119200.0,15048000.0,5077600.0,1340600.0,3613400.0,1673300.0,965090.0,2573300.0,3702600.0,1313000.0,893150.0,2116300.0,873820.0,1861100.0,2850800.0,4950200.0,4191200.0,2338500.0,5694300.0,1300700.0,9352900.0,4677300.0,1017700.0,1694700.0,903640.0,1769700.0,3509900.0,9918500.0,1730700.0,16523000.0,1417300.0,9919600.0,1633600.0,3256300.0,1272900.0,1628100.0,12535000.0,5115100.0,2157200.0,3869300.0,2389200.0,1225800.0,656170.0,3373000.0,11659000.0,2413800.0,1291100.0,778800.0,1922000.0,735100.0,1193700.0,2218700.0,8786700.0,4156700.0,2627900.0,3087700.0,2361300.0,1498700.0,773560.0,10411000.0,2404500.0,3548600.0,2073400.0,1371700.0,1031900.0,2014200.0,1052000.0,2853800.0,3921600.0,1159600.0,1477000.0,2103000.0,1521000.0,2210500.0,2422200.0,877170.0,6912100.0,1513500.0,9390500.0,6180200.0,809830.0,10291000.0,814480.0,1274500.0,19279000.0,683650.0,12167000.0,721740.0,5575100.0,3693400.0,3817200.0,2647300.0,5252900.0,4116200.0,4227600.0,964530.0,4135000.0,1638700.0,6369200.0,1506700.0,7610900.0,1080700.0,744550.0,4005200.0,2996600.0,1988300.0,8411500.0,2288700.0,948280.0,1205600.0,3671000.0,3568300.0,1940100.0,1475700.0,747540.0,6807100.0,5275200.0,2336700.0,637470.0,17726000.0,3323000.0,5257900.0,1142200.0,18258000.0,5431600.0,1100100.0,8580600.0,1353300.0,1434500.0,3992400.0,5297000.0,799330.0,1639500.0,973680.0,1778500.0,1568200.0,1456500.0,7851700.0,2342100.0,1425100.0,12280000.0,2793800.0,1238000.0,1263500.0,3260300.0,951930.0,4669600.0,1133200.0,1854600.0,8075300.0,4435100.0,696550.0,1421900.0,10018000.0,5258300.0,5069200.0,15394000.0,3001700.0,1931800.0,2342400.0,2994600.0,3189800.0,1882600.0,1749500.0,2275100.0,1499400.0,7215800.0,652060.0,3656200.0,8296200.0,8910100.0,1863600.0,5378600.0,4029700.0,5011000.0,864140.0,1139900.0,5361500.0,1551600.0,6587500.0,3485200.0,7122400.0,1970700.0,1638700.0,1591200.0,1087700.0,1106100.0,2208100.0,945990.0,5091800.0,3371700.0,4404800.0,3356800.0,2894200.0,2745600.0,15584000.0,14989000.0,6042000.0,4601000.0,2807600.0,6148400.0,3762100.0,1781300.0,2740300.0,1353800.0,4824200.0,3044800.0,1.5391,1.856,4.1664,2.2381,2.4779,3.6653,1.2766,2.237,4.2241,1.2039,1.987,4.2161,2.4717,2.664,4.3207,0.76912,2.0646,4.2206,1.6617,2.5234,3.8788,3.0814,2.8442,5.8652,1.1921,2.0259,4.199,1.7133,1.716,4.2445,1.2887,2.2726,4.2731,0.7361,2.0354,4.2098,2.9129,2.8425,4.646,5.5775,2.7512,1.3791,1.2508,2.8203,3.6273,0.84776,2.1607,3.0001,2.569,2.1586,4.5511,1.4635,1.6788,3.8935,0.71741,2.6742,3.8892,1.9047,1.8292,3.5272,1.1919,2.3895,3.2259,0.3623,2.291,3.4979,1.8458,1.633,3.4054,2.0537,2.6889,4.2353,1.8902,1.6381,3.373,1.6249,1.6374,3.9689,0.33992,2.184,3.1313,2.098,2.4301,4.5129,1.4949,1.7002,3.2663,0.89896,1.9419,2.7563,3.2219,2.8385,5.9999,1.9407,1.8149,3.5112,0.88585,2.7257,2.91,1.7018,2.5949,4.0038,0.7282,1.8993,2.7462,1.1031,2.4166,3.1319,1.9327,1.9253,4.4927,1.8059,1.6529,3.8935,0.60992,2.1548,3.8887,1.3637,2.5434,3.8859,0.98464,2.1458,3.1859,2.61,2.3611,4.3703,2.0152,2.209,4.7275,1.5313,1.6469,3.9264,1.8857,1.9983,4.482,1.4903,2.2018,3.2345,0.81581,2.2302,3.0331,2.4421,2.4663,4.3695,1.9934,2.5194,4.8336,1.9311,2.6183,4.8091,2.5864,2.3529,4.3544,1.2717,2.518,3.8793,1.8211,2.3179,4.3859,2.4668,2.9879,4.3277,0.63965,2.3906,2.6427,1.4002,2.0208,4.6036,1.8896,3.0127,3.7592,0.2671,2.3789,3.3679,1.6932,1.6175,4.0801,0.80779,2.1965,3.0601,2.2631,2.3039,4.7056,0.56458,2.4179,3.117,0.78392,2.241,3.1541,0.015714,2.8968,1.7594,2.0139,2.1865,4.6364,2.5242,2.4129,4.2941,2.3077,2.3094,5.1428,1.9461,2.665,4.1453,1.122,1.8312,4.0348,4.5241,2.824,0.67961,0.7693,2.1882,2.9762,1.4567,2.1286,4.2867,1.1635,2.2206,3.5502,2.0406,2.6419,4.3018,1.6195,1.5812,4.1474,1.1783,2.5271,3.1172,0.7456,2.4907,3.7385,2.2207,1.8285,3.6843,1.41,2.534,3.4789,1.3653,2.602,3.5241,1.4099,1.635,4.2731,1.9396,2.6622,4.4621,2.0447,2.6674,4.6192,3.3524,2.8285,6.1376,1.724,1.6218,4.1945,1.8644,1.9395,3.3945,2.4638,2.9597,5.3591,1.1993,2.5771,3.0534,2.6883,2.3984,5.0123,0.98099,2.682,4.2026,1.4347,2.4987,3.5423,0.95559,1.9343,4.1346,1.7795,1.6249,4.063,1.9456,1.9291,3.3922,6.0105,2.9011,2.8502,2.9417,2.2305,4.6678,1.4872,1.9373,4.3641,1.1248,2.5672,3.3513,1.4257,2.4655,3.386,1.7015,1.8914,3.6642,2.0279,2.4558,4.0784,1.0885,2.3663,3.2427,2.4892,1.9024,5.3047,0.9986,2.6125,3.2768,1.385,2.5465,3.3377,0.24023,3.044,3.1995,0.65812,1.9006,2.7823,1.6611,1.9584,4.585,1.5016,1.8163,4.2044,5.2289,2.7949,1.5971,0.871,2.2143,2.9306,0.92686,2.7078,4.1875,2.3792,2.4391,3.6791,2.9146,2.2976,4.9682,3.0545,2.5934,4.6021,2.0584,2.3986,4.5896,2.185,2.2072,4.1718,0.70756,2.2234,3.3241,0.6073,2.4176,3.0464,0.57346,2.2349,3.8831,2.489,2.4361,4.5916,0.72737,2.4328,2.9064,1.3035,1.5631,4.3678,1.5933,1.9391,3.5155,0.33701,2.659,2.173,3.4259,2.9289,0.28143,0.86557,2.272,3.0675,1.6264,1.6693,4.1509,1.6638,1.8947,3.2637,0.77405,2.3584,2.8716,2.2156,2.29,4.9423,1.3133,2.5764,3.2052,1.2618,2.2047,3.6406,0.35522,2.0847,3.2948,1.7139,1.9089,3.4374,2.6214,2.046,4.1063,2.0519,2.1465,4.96,1.3792,1.7025,3.8453,0.76887,2.0277,2.8021,2.0773,2.1277,5.065,2.1669,2.2848,4.5548,1.5043,2.4388,4.0091,4.0701,2.8904,6.2707,1.8356,2.4895,4.0007,0.6427,1.9873,4.1543,1.2122,2.6214,4.2431,3.3238,2.7947,6.0821,1.7119,1.5632,3.2792,0.26444,2.3769,3.4088,4.8955,3.0003,0.7314,0.43225,2.8179,3.3026,1.1657,2.5414,3.0732,2.2592,2.1866,5.0086,1.6445,2.06,4.4399,1.6588,1.6219,3.3873,1.8166,2.9443,3.3705,0.74679,2.3384,2.9095,0.80936,2.3868,3.0113,0.23732,2.6625,3.3498,1.9557,2.4451,4.2778,0.65305,2.4142,2.7957,1.0112,2.3379,3.593,1.2914,1.7668,4.321,0.23307,2.3505,3.4691,1.6955,1.5918,3.2787,0.81778,2.3188,2.8573,2.9468,2.8581,6.0285,1.7322,2.523,3.9703,2.0343,2.2328,4.6085,2.2268,2.6627,5.0905,1.619,1.9573,3.8152,1.413,1.7784,3.7484,2.2997,2.1427,4.9909,1.4974,2.5764,3.9481,0.48225,3.009,2.1456,4.4707,2.9046,0.26981,1.3423,2.8354,4.1994,1.8804,1.9747,3.8931,1.1843,2.6717,2.767,0.12737,2.7861,2.8435,1.0653,2.9147,4.1913,0.48346,2.4482,2.6035,0.85423,2.0676,2.8444,0.53882,2.4848,3.4084,1.7818,2.2232,4.3306,1.0998,2.8155,4.2407,0.69217,2.0425,2.9705,2.1038,1.8392,3.7201,1.4075,1.8799,3.709,2.2887,2.6109,4.7689,1.5207,1.5746,4.1972,1.283,2.1392,3.2293,0.73007,2.0841,3.0095,0.73397,2.2757,2.6378,1.7909,2.3828,4.1819,2.25,2.5916,4.9136,0.59911,2.0653,2.953,1.732,1.7833,3.2936,0.85797,2.9857,2.6061,0.54142,2.5232,2.5925,3.2327,2.7275,6.1754,6.2288,2.8691,2.6497,4.1648,2.8978,6.1433,2.4016,2.273,3.7327,1.4658,3.0585,4.4452,1.2492,2.4452,3.4858,6.2571,3.1062,2.9212,2.3753,2.1882,3.7492,1.3097,1.8446,3.7038,2.397,2.328,4.6263,2.6078,2.7103,4.2247,1.2608,2.7129,4.3254,1.7,1.94,3.8245,1.197,2.7522,3.7536,2.3438,2.3533,4.9374,1.4172,2.6134,3.3606,2.1612,2.2831,4.0673,0.82018,1.9712,3.3901,2.4261,2.332,3.8041,2.3479,2.3521,3.7305,2.2859,1.9959,5.057,2.6301,2.2896,4.8258,2.3947,2.2404,3.794,1.4361,1.6092,3.9135,2.3499,2.6006,4.9233,1.7595,1.9458,3.8637,0.8173,2.1199,4.1193,1.5891,1.8431,4.3337,2.3186,2.5728,4.9495,1.4493,2.3975,3.2553,5.8494,2.8266,2.1268,1.8634,1.754,3.5248,1.9464,2.9233,4.1898,2.1053,1.9872,4.8336,1.173,2.6189,4.3594,1.9932,2.1548,4.9375,1.6517,1.783,3.9358,1.6289,2.0021,3.3387,1.1432,2.7285,3.7116,1.0306,2.8484,3.829,1.553,2.487,3.9118,1.1651,2.6879,3.6841,1.7681,1.754,4.0829,0.75181,2.4504,2.8084,1.8381,2.1277,4.4092,0.10335,2.783,2.9855,1.0485,1.949,4.33,0.97931,2.2873,3.0752,1.591,2.4062,4.5641,1.0048,2.0801,2.8322,0.7922,2.0085,2.691,1.6819,1.7682,3.9413,0.87841,2.4424,2.8974,1.3233,1.5833,3.8404,2.7714,2.608,4.6167,1.0516,2.22,3.6384,1.1737,2.7343,3.6844,2.0018,1.9962,4.4746,1.0185,1.9599,4.2428,1.9014,1.6452,3.4364,1.7148,2.4964,3.9752,2.2415,2.538,4.8827,2.0674,2.3566,3.6098,1.2119,3.0583,3.4619,1.4057,1.4449,4.2519,0.7026,2.9802,3.6549,1.6465,1.7261,4.2413,0.79577,2.0006,2.7216,0.56274,2.219,4.0395,2.6088,2.5995,4.5226,2.0157,2.1061,3.4501,1.3768,2.8879,3.5338,1.087,2.2235,3.6187,2.5383,2.0341,4.4778,1.5023,1.736,4.42,1.5962,2.5867,3.5687,2.07,2.2889,4.0631,2.7097,2.3102,4.9678,0.44707,2.5035,2.9327
0.16661,0.26391,0.0063625,244.22,270.18,201.45,0.0013947,0.0016256,0.0010143,212.79,230.0,230.43,221.39,214.92,180.24,243.06,230.31,268.28,223.86,260.69,275.64,200.93,232.89,224.52,286.11,225.6,253.26,220.8,179.32,338.53,241.79,204.92,250.65,209.31,280.18,261.26,321.31,175.29,272.41,229.55,223.9,149.23,239.12,271.7,348.04,261.09,208.56,307.9,353.71,301.76,193.87,240.66,192.55,281.64,268.34,305.64,301.55,347.44,285.61,281.29,272.99,357.43,349.53,352.37,279.87,323.3,257.45,224.46,396.6,354.57,345.77,334.81,198.17,280.49,241.88,227.98,210.4,306.84,237.22,265.86,252.52,314.01,316.41,246.85,254.63,281.16,324.31,338.26,307.12,226.12,302.58,300.68,277.02,317.94,194.82,288.04,267.43,299.7,284.86,312.32,304.33,268.26,307.19,259.37,278.38,271.57,338.55,262.78,263.74,356.45,349.93,373.49,256.37,332.54,415.51,417.81,329.31,242.63,310.45,388.77,279.77,275.71,296.77,268.99,357.28,303.77,354.0,376.65,341.68,280.33,367.42,357.45,290.35,322.29,331.58,451.82,257.12,434.83,438.7,390.56,295.39,406.94,232.51,288.0,560.4,316.38,323.97,350.45,330.22,318.28,265.1,325.6,388.86,270.98,386.41,340.88,274.6,331.7,406.97,252.37,282.25,362.61,251.56,157.81,290.5,360.36,319.32,411.27,395.32,214.82,280.36,207.1,221.22,256.51,288.2,226.51,315.22,281.93,232.41,272.41,248.57,285.43,189.72,275.28,264.85,258.79,235.77,227.46,319.12,223.7,315.42,373.26,260.61,280.15,249.78,326.76,281.98,236.6,307.83,336.52,278.18,292.46,284.39,306.74,318.32,270.45,456.78,236.01,257.56,258.17,268.32,256.73,281.71,275.11,334.43,265.5,247.59,265.49,310.33,265.24,199.66,219.89,262.53,335.51,255.72,231.93,287.32,244.71,273.25,273.0,251.97,263.38,284.33,284.83,217.27,283.36,222.31,290.57,227.56,239.61,193.91,273.88,276.82,179.17,280.46,227.78,182.74,263.92,193.69,229.14,272.03,195.46,248.28,260.8,202.69,258.02,254.4,234.3,190.42,248.65,214.36,245.96,239.6,168.74,286.31,288.66,213.14,175.41,208.28,277.95,244.93,248.47,234.1,153.84,161.32,203.83,247.5,247.38,225.58,229.62,215.53,193.29,173.91,183.9,231.58,211.26,252.56,220.41,0.00079485,0.0010674,0.0010628,0.0011591,0.0010489,0.00086909,0.0012759,0.00098368,0.0013654,0.001065,0.0013716,0.001518,0.0010139,0.0012519,0.0010954,0.0016808,0.0012977,0.0013988,0.0014069,0.0010978,0.0019616,0.0015883,0.001282,0.0016989,0.001433,0.0017766,0.0014984,0.001855,0.0013154,0.0017936,0.001404,0.0013621,0.001041,0.0013376,0.0016539,0.0020774,0.0016076,0.0013819,0.0018698,0.0019963,0.0016554,0.001118,0.0015713,0.0014348,0.0016995,0.0016809,0.0018625,0.0016761,0.0020433,0.0017039,0.0013679,0.0016723,0.002167,0.0018716,0.0020794,0.0017684,0.0018812,0.0012064,0.001583,0.0023941,0.00223,0.0020497,0.0020119,0.0013721,0.0019452,0.0015787,0.0014211,0.001567,0.0019555,0.0015359,0.0017973,0.001731,0.0018205,0.0019756,0.0014907,0.0016732,0.0017056,0.0019982,0.0021284,0.0019803,0.0013735,0.0020789,0.001966,0.0016238,0.0013374,0.0015005,0.0012826,0.00179,0.0018053,0.001819,0.0019568,0.001786,0.0013944,0.0019674,0.0013615,0.0018185,0.0017248,0.0021277,0.0015635,0.0017192,0.0018567,0.0020937,0.0022762,0.0015402,0.0020826,0.001943,0.0023707,0.0020958,0.0016916,0.0018573,0.0023361,0.0018784,0.001337,0.0018171,0.0017647,0.0021607,0.0018882,0.0020678,0.0020823,0.0017283,0.0015486,0.0021789,0.0017238,0.0019951,0.0018325,0.0015255,0.0025633,0.0018017,0.0020021,0.0025178,0.0024023,0.0018514,0.0022726,0.0012908,0.0018755,0.0026232,0.0019561,0.0016837,0.0020979,0.001868,0.0019365,0.0017196,0.0017913,0.0023097,0.0018828,0.0018591,0.0019783,0.0013468,0.0016585,0.0021276,0.0016418,0.0018654,0.0019738,0.001671,0.0012145,0.0016684,0.0021557,0.0019849,0.0018454,0.0020739,0.0013746,0.0017478,0.0014598,0.0015694,0.0015156,0.0017357,0.0016178,0.0019312,0.0017972,0.0016173,0.0018022,0.0014594,0.001814,0.0014172,0.0017594,0.0016561,0.0017909,0.0015479,0.0014457,0.0018144,0.0014511,0.0018823,0.0021676,0.0016812,0.0017974,0.0017497,0.0019668,0.0017374,0.0016131,0.0017935,0.0017746,0.0018213,0.0018194,0.0017955,0.0020943,0.0019194,0.0017494,0.001503,0.0016428,0.0016059,0.0016858,0.0017369,0.0016636,0.0018107,0.0016622,0.0022529,0.0016041,0.0017068,0.0016399,0.0017045,0.0016488,0.0013939,0.0015021,0.0015834,0.0020188,0.0016536,0.0015559,0.0016229,0.0015346,0.0017417,0.0017378,0.0015769,0.0016135,0.0016922,0.0017505,0.0014605,0.0017551,0.0014821,0.0017192,0.0015173,0.0013733,0.0012911,0.0015209,0.0017603,0.0012524,0.0016748,0.001348,0.0014369,0.0016236,0.0012769,0.001477,0.0016415,0.0013845,0.0014787,0.0015439,0.0011815,0.001547,0.0014744,0.0014804,0.0012569,0.0015637,0.0013314,0.0015287,0.0013877,0.00096982,0.0015272,0.0016268,0.0011875,0.0011956,0.0011461,0.0015258,0.0014952,0.0014825,0.0010626,0.00095208,0.0009814,0.0010096,0.00148,0.0014472,0.0010476,0.0012819,0.0010462,0.0010324,0.00087991,0.00084652,0.0011295,0.0011337,0.0013757,0.0012185,1074300.0,1105700.0,792270.0,4276700.0,2284500.0,1150800.0,5856800.0,1513400.0,1879800.0,3242500.0,2966100.0,734830.0,5652900.0,1298400.0,4052200.0,2459600.0,5070500.0,4091400.0,1340500.0,3371900.0,2502600.0,3347400.0,11704000.0,958350.0,6311800.0,749460.0,9101500.0,1591900.0,1841400.0,815570.0,3232100.0,1680500.0,5814300.0,23940000.0,2520900.0,2724900.0,4347000.0,1235900.0,1513400.0,1646200.0,2062700.0,1057700.0,2058300.0,1019200.0,7475600.0,2433400.0,1825600.0,1494000.0,2274900.0,15971000.0,952090.0,7278300.0,3995200.0,706940.0,3910700.0,1079100.0,2657700.0,17679000.0,32102000.0,2373200.0,1720700.0,1532600.0,2840700.0,1036400.0,1926200.0,3409900.0,803840.0,2871900.0,1940600.0,3915400.0,2755300.0,1446400.0,1119200.0,15048000.0,5077600.0,1340600.0,3613400.0,1673300.0,965090.0,2573300.0,3702600.0,1313000.0,893150.0,2116300.0,873820.0,1861100.0,2850800.0,4950200.0,4191200.0,2338500.0,5694300.0,1300700.0,9352900.0,4677300.0,1017700.0,1694700.0,903640.0,1769700.0,3509900.0,9918500.0,1730700.0,16523000.0,1417300.0,9919600.0,1633600.0,3256300.0,1272900.0,1628100.0,12535000.0,5115100.0,2157200.0,3869300.0,2389200.0,1225800.0,656170.0,3373000.0,11659000.0,2413800.0,1291100.0,778800.0,1922000.0,735100.0,1193700.0,2218700.0,8786700.0,4156700.0,2627900.0,3087700.0,2361300.0,1498700.0,773560.0,10411000.0,2404500.0,3548600.0,2073400.0,1371700.0,1031900.0,2014200.0,1052000.0,2853800.0,3921600.0,1159600.0,1477000.0,2103000.0,1521000.0,2210500.0,2422200.0,877170.0,6912100.0,1513500.0,9390500.0,6180200.0,809830.0,10291000.0,814480.0,1274500.0,19279000.0,683650.0,12167000.0,721740.0,5575100.0,3693400.0,3817200.0,2647300.0,5252900.0,4116200.0,4227600.0,964530.0,4135000.0,1638700.0,6369200.0,1506700.0,7610900.0,1080700.0,744550.0,4005200.0,2996600.0,1988300.0,8411500.0,2288700.0,948280.0,1205600.0,3671000.0,3568300.0,1940100.0,1475700.0,747540.0,6807100.0,5275200.0,2336700.0,637470.0,17726000.0,3323000.0,5257900.0,1142200.0,18258000.0,5431600.0,1100100.0,8580600.0,1353300.0,1434500.0,3992400.0,5297000.0,799330.0,1639500.0,973680.0,1778500.0,1568200.0,1456500.0,7851700.0,2342100.0,1425100.0,12280000.0,2793800.0,1238000.0,1263500.0,3260300.0,951930.0,4669600.0,1133200.0,1854600.0,8075300.0,4435100.0,696550.0,1421900.0,10018000.0,5258300.0,5069200.0,15394000.0,3001700.0,1931800.0,2342400.0,2994600.0,3189800.0,1882600.0,1749500.0,2275100.0,1499400.0,7215800.0,652060.0,3656200.0,8296200.0,8910100.0,1863600.0,5378600.0,4029700.0,5011000.0,864140.0,1139900.0,5361500.0,1551600.0,6587500.0,3485200.0,7122400.0,1970700.0,1638700.0,1591200.0,1087700.0,1106100.0,2208100.0,945990.0,5091800.0,3371700.0,4404800.0,3356800.0,2894200.0,2745600.0,15584000.0,14989000.0,6042000.0,4601000.0,2807600.0,6148400.0,3762100.0,1781300.0,2740300.0,1353800.0,4824200.0,3044800.0,1.5393,1.8561,4.1664,2.2382,2.4781,3.6653,1.2766,2.2371,4.2241,1.2036,1.9869,4.2159,2.4713,2.6639,4.3209,0.7684,2.0647,4.2207,1.663,2.5237,3.8786,3.0819,2.8442,5.8653,1.1917,2.026,4.1987,1.7129,1.7159,4.2444,1.289,2.2732,4.2736,0.73483,2.0351,4.2098,2.9125,2.8425,4.6468,5.576,2.7508,1.3781,1.2512,2.8199,3.6275,0.84672,2.1608,2.9999,2.5701,2.1599,4.5525,1.4635,1.6787,3.8934,0.71857,2.6753,3.8897,1.9039,1.8297,3.5278,1.1929,2.3891,3.2271,0.36298,2.2911,3.4968,1.8465,1.6327,3.4056,2.0538,2.6876,4.2342,1.8913,1.6379,3.373,1.6265,1.637,3.9695,0.33967,2.1844,3.1308,2.0989,2.4306,4.5141,1.4952,1.7004,3.2669,0.89996,1.9426,2.7562,3.2239,2.8384,6.0014,1.9406,1.8155,3.5116,0.88494,2.7259,2.9102,1.701,2.595,4.0038,0.72939,1.8993,2.7458,1.1033,2.4165,3.1323,1.933,1.9253,4.4926,1.8071,1.6527,3.8937,0.6111,2.1541,3.8906,1.3661,2.5443,3.8876,0.98453,2.1466,3.185,2.6114,2.362,4.3714,2.0151,2.2092,4.7276,1.532,1.6464,3.9265,1.8858,1.9993,4.4819,1.4909,2.2022,3.234,0.81582,2.2313,3.0314,2.4421,2.4675,4.3697,1.9944,2.5185,4.833,1.9313,2.6185,4.8084,2.5874,2.3538,4.3556,1.2717,2.5183,3.8788,1.8229,2.3187,4.3868,2.471,2.9872,4.3308,0.64128,2.3895,2.6446,1.3989,2.0205,4.6038,1.8875,3.012,3.7563,0.26632,2.3786,3.3676,1.6934,1.6174,4.0802,0.80896,2.1978,3.0603,2.2634,2.3038,4.7061,0.56296,2.4166,3.1177,0.78166,2.2419,3.1531,0.015669,2.8969,1.7585,2.0148,2.1881,4.6374,2.5241,2.4143,4.2948,2.3062,2.3096,5.1427,1.9445,2.6636,4.1443,1.1221,1.8307,4.0359,4.5235,2.823,0.68136,0.76874,2.1885,2.9757,1.4574,2.129,4.287,1.1639,2.2222,3.5506,2.0385,2.6408,4.2998,1.6193,1.5812,4.1475,1.1784,2.5267,3.1181,0.74513,2.4918,3.7384,2.2222,1.8278,3.6842,1.4087,2.5344,3.4789,1.3642,2.6021,3.5236,1.4085,1.6348,4.2729,1.9389,2.6609,4.4613,2.0455,2.6658,4.62,3.3513,2.8288,6.1379,1.7255,1.6215,4.1945,1.8662,1.9388,3.3939,2.4662,2.9592,5.3611,1.1992,2.5774,3.0532,2.6883,2.3978,5.0122,0.98201,2.683,4.2042,1.4341,2.4989,3.5428,0.95603,1.9348,4.1357,1.7799,1.6253,4.0629,1.9473,1.9293,3.3922,6.0101,2.901,2.8497,2.9431,2.2301,4.6682,1.4891,1.9365,4.3658,1.125,2.5665,3.3515,1.4255,2.4656,3.3861,1.7014,1.8906,3.6639,2.029,2.4561,4.0795,1.0885,2.3671,3.2431,2.4904,1.9006,5.3061,0.99792,2.6117,3.2767,1.3837,2.5474,3.3368,0.24024,3.0444,3.199,0.65814,1.9018,2.7809,1.662,1.9576,4.5868,1.5024,1.8155,4.2049,5.2275,2.7933,1.596,0.8719,2.215,2.9315,0.92794,2.7087,4.1893,2.3795,2.4376,3.6801,2.9159,2.2972,4.9685,3.0564,2.5927,4.603,2.0594,2.3981,4.5905,2.1844,2.208,4.1717,0.70754,2.2259,3.3235,0.60963,2.4175,3.0469,0.57376,2.236,3.8836,2.4869,2.4356,4.5917,0.72626,2.4336,2.9049,1.3038,1.5632,4.3676,1.593,1.9383,3.5166,0.33911,2.6592,2.1743,3.426,2.9283,0.2818,0.86482,2.2713,3.0676,1.6264,1.6693,4.1517,1.6645,1.8955,3.2649,0.77415,2.358,2.8721,2.2166,2.2892,4.9422,1.3148,2.5767,3.2065,1.2631,2.2054,3.6423,0.35479,2.0854,3.2954,1.7142,1.9081,3.4375,2.6222,2.045,4.1072,2.0515,2.1467,4.96,1.3792,1.7021,3.8454,0.7691,2.0287,2.803,2.0774,2.1272,5.066,2.1662,2.2855,4.5556,1.5041,2.4399,4.0098,4.0676,2.8884,6.2679,1.8344,2.4904,4.0001,0.64113,1.9876,4.1549,1.2114,2.6213,4.2427,3.3215,2.7939,6.0818,1.7115,1.5631,3.2792,0.26524,2.3775,3.4097,4.8931,3.0005,0.72862,0.43223,2.8182,3.3043,1.1649,2.5417,3.0744,2.2593,2.1867,5.0092,1.6456,2.0595,4.4405,1.6589,1.6217,3.3878,1.82,2.9446,3.3727,0.74733,2.3375,2.9103,0.80863,2.3859,3.0116,0.23675,2.6627,3.3497,1.9574,2.4459,4.2783,0.6541,2.4136,2.7961,1.0112,2.3393,3.5925,1.2912,1.7665,4.3213,0.23281,2.3508,3.4701,1.6956,1.5919,3.2786,0.81951,2.3177,2.858,2.9456,2.8579,6.0289,1.7298,2.5223,3.9697,2.0344,2.2334,4.6085,2.224,2.6619,5.089,1.6175,1.9572,3.8147,1.4138,1.7778,3.7489,2.3,2.1428,4.9907,1.4972,2.5759,3.9473,0.48121,3.0084,2.1436,4.4696,2.9039,0.26948,1.3422,2.836,4.1982,1.8795,1.975,3.893,1.1831,2.6718,2.7658,0.12474,2.7857,2.8425,1.0656,2.9148,4.1914,0.48295,2.4473,2.604,0.85466,2.0685,2.8438,0.53919,2.4852,3.4088,1.7837,2.2237,4.3313,1.0982,2.816,4.2398,0.69292,2.0433,2.9691,2.1045,1.839,3.7193,1.4084,1.8801,3.7096,2.2866,2.6096,4.7666,1.522,1.5746,4.1973,1.2822,2.1391,3.2297,0.73088,2.0851,3.0089,0.73438,2.2747,2.6379,1.7913,2.3832,4.1822,2.2487,2.5905,4.9131,0.59887,2.0658,2.9519,1.7324,1.7843,3.2933,0.8594,2.9853,2.6067,0.54097,2.5234,2.5924,3.2338,2.7273,6.1768,6.2299,2.8691,2.6515,4.162,2.8969,6.14,2.402,2.2714,3.7325,1.4671,3.0584,4.4485,1.2485,2.4456,3.4861,6.2508,3.1063,2.9165,2.3753,2.1876,3.7486,1.3101,1.8446,3.7041,2.3964,2.3281,4.627,2.6076,2.7112,4.2264,1.2606,2.713,4.325,1.6985,1.9397,3.8237,1.1977,2.7518,3.7546,2.3431,2.3524,4.9363,1.4155,2.6128,3.3609,2.1607,2.2841,4.0669,0.82002,1.9715,3.3902,2.4261,2.331,3.8044,2.3475,2.3515,3.7303,2.2867,1.9966,5.0583,2.6294,2.2897,4.826,2.3951,2.2405,3.7939,1.4366,1.6094,3.9141,2.3487,2.5996,4.9227,1.7582,1.9457,3.8632,0.81743,2.1196,4.1201,1.5886,1.8433,4.3343,2.3176,2.5715,4.9495,1.4492,2.3976,3.2552,5.8488,2.826,2.1262,1.8634,1.7537,3.525,1.9457,2.9221,4.1883,2.1061,1.9876,4.834,1.1736,2.6194,4.3601,1.9943,2.155,4.9381,1.6519,1.7828,3.9355,1.6293,2.0019,3.3381,1.144,2.7283,3.7125,1.0314,2.8485,3.8289,1.5542,2.4874,3.9122,1.1652,2.687,3.684,1.7676,1.7536,4.0827,0.75066,2.4503,2.8087,1.8377,2.1283,4.4095,0.10338,2.7828,2.9868,1.0481,1.949,4.3305,0.97951,2.2869,3.0757,1.5906,2.4063,4.5639,1.005,2.08,2.8322,0.79267,2.0085,2.6907,1.6825,1.7678,3.9411,0.87784,2.4422,2.8985,1.3227,1.5832,3.8404,2.7714,2.6082,4.6165,1.0513,2.2209,3.6384,1.174,2.7337,3.6847,2.0021,1.9964,4.4746,1.0178,1.9598,4.2426,1.9018,1.6452,3.4363,1.7154,2.4966,3.975,2.2424,2.5378,4.8823,2.0668,2.3565,3.6091,1.2118,3.0581,3.462,1.4053,1.4449,4.252,0.70317,2.98,3.655,1.6467,1.7259,4.2414,0.79622,2.0006,2.7215,0.56179,2.2192,4.0403,2.6081,2.5995,4.5226,2.0159,2.1059,3.4502,1.3767,2.8876,3.5337,1.087,2.2239,3.6185,2.5383,2.0344,4.4779,1.5024,1.736,4.42,1.5961,2.5867,3.5686,2.0701,2.2889,4.0631,2.7098,2.3097,4.9676,0.44712,2.5033,2.9326
0.16906,0.26779,0.0064361,244.66,271.09,201.12,0.0013968,0.0016299,0.0010129,212.84,230.1,230.46,221.6,214.96,179.15,243.17,230.46,268.71,223.87,260.95,275.91,200.21,233.09,224.7,286.74,225.99,253.76,221.27,178.42,339.8,242.6,205.49,251.45,209.76,280.96,261.61,321.62,175.38,273.46,230.45,223.73,148.29,239.07,272.97,349.37,262.08,209.33,309.4,354.65,301.53,193.63,241.51,193.47,282.49,269.15,306.96,303.27,349.03,286.07,281.63,273.46,360.03,351.37,354.72,280.66,325.08,259.09,225.65,399.23,357.13,347.88,334.25,197.92,281.95,242.01,229.04,212.37,308.3,238.06,265.52,252.87,316.49,317.87,246.4,256.29,282.02,326.32,338.55,309.74,225.3,302.72,303.64,277.68,319.21,196.21,289.85,268.41,302.31,285.62,313.55,303.88,270.85,308.44,262.13,278.62,272.65,338.29,265.18,263.98,360.13,352.29,371.05,256.65,335.06,419.58,420.84,328.5,242.39,311.89,391.55,281.93,275.58,298.27,270.18,359.86,306.01,355.49,378.22,343.19,277.71,372.27,363.76,292.33,325.12,336.7,455.87,258.36,439.66,444.62,392.98,297.67,411.54,237.71,289.88,565.94,320.71,327.94,352.72,333.01,321.79,265.65,327.21,390.8,272.17,392.56,341.98,278.47,335.93,412.18,253.68,283.82,365.31,250.85,157.42,292.19,360.93,320.41,416.57,395.14,213.72,281.52,207.89,222.37,257.06,288.21,227.35,316.08,283.36,233.49,273.57,249.24,286.43,190.61,274.87,265.54,258.57,235.38,227.01,319.86,223.91,316.9,373.18,261.37,280.8,249.34,326.89,282.33,236.28,308.86,336.59,279.26,293.38,284.5,307.34,319.84,270.97,459.54,236.01,258.18,258.59,268.31,257.41,282.97,275.54,335.31,265.8,248.29,265.32,311.51,265.83,199.51,220.66,263.18,336.53,256.27,231.8,287.04,245.66,274.33,273.4,251.95,263.86,284.43,285.45,217.9,283.62,222.98,291.6,227.43,239.23,193.82,273.94,277.0,179.42,280.89,227.64,182.79,264.1,193.54,228.93,272.51,195.38,248.79,261.41,202.83,258.53,254.45,234.27,190.19,248.43,214.17,246.54,239.83,168.54,286.85,288.95,212.98,175.23,208.0,277.7,244.76,248.92,234.36,153.9,160.91,203.57,247.26,247.94,225.74,229.73,215.43,193.13,173.71,183.63,231.27,210.7,252.38,219.91,0.00079424,0.0010664,0.0010604,0.0011595,0.0010477,0.00086144,0.0012761,0.00098399,0.0013683,0.0010638,0.0013722,0.0015189,0.001008,0.0012524,0.0010953,0.0016836,0.0013,0.0014021,0.0014089,0.0010923,0.0019688,0.001594,0.0012856,0.0017055,0.0014359,0.001784,0.0015002,0.0018557,0.0013155,0.0018009,0.0014095,0.0013614,0.0010355,0.0013364,0.0016615,0.0020866,0.0016137,0.0013828,0.0018778,0.0020038,0.0016555,0.0011156,0.0015773,0.0014419,0.001705,0.0016837,0.0018716,0.0016858,0.0020544,0.0017066,0.0013683,0.0016768,0.0021816,0.0018823,0.0020931,0.0017752,0.0018918,0.0012055,0.0015902,0.0024106,0.0022421,0.0020633,0.0020105,0.001365,0.0019552,0.0015825,0.0014216,0.001577,0.0019662,0.0015399,0.0017953,0.0017359,0.001835,0.0019852,0.0014718,0.0016849,0.0017149,0.0020132,0.0021349,0.0019933,0.0013537,0.0020817,0.001981,0.0016328,0.0013464,0.0015114,0.0012884,0.001795,0.0018204,0.0018272,0.001966,0.0017829,0.0014055,0.0019746,0.0013736,0.0018249,0.0017336,0.0021288,0.0015728,0.0017228,0.0018745,0.0021096,0.0022647,0.0015417,0.0020957,0.0019644,0.0023908,0.0020977,0.0016895,0.0018677,0.0023509,0.001892,0.0013318,0.0018246,0.0017717,0.0021764,0.0018997,0.0020723,0.0020869,0.0017305,0.0014654,0.0021991,0.0017311,0.0020051,0.0018434,0.0015468,0.0025758,0.0018095,0.0020263,0.0025424,0.0024169,0.0018591,0.0022869,0.0012832,0.0018874,0.0026575,0.0019691,0.0016922,0.0021102,0.0018754,0.0019509,0.001723,0.001802,0.0023212,0.0018901,0.0018871,0.0019881,0.0013527,0.0016737,0.0021521,0.0016506,0.0018751,0.0019896,0.0016672,0.0012105,0.0016815,0.0021592,0.0019913,0.0018694,0.002065,0.0013681,0.0017549,0.001465,0.0015759,0.0015166,0.0017354,0.0016239,0.001937,0.0018051,0.0016246,0.00181,0.0014646,0.0018196,0.0014204,0.0017575,0.0016609,0.0017891,0.001544,0.0014425,0.0018208,0.0014522,0.0018904,0.0021675,0.0016829,0.0018022,0.0017471,0.0019717,0.0017399,0.001612,0.0017998,0.0017709,0.0018284,0.0018262,0.0017955,0.0020969,0.0019282,0.0017535,0.0015192,0.0016415,0.0016094,0.0016862,0.0017375,0.0016691,0.0018176,0.0016646,0.0022553,0.001603,0.0017115,0.001639,0.0017105,0.0016523,0.0013928,0.0015075,0.0015874,0.0020245,0.0016556,0.001556,0.0016215,0.0015397,0.0017473,0.0017412,0.0015769,0.0016169,0.001695,0.0017546,0.001465,0.001756,0.0014866,0.0017255,0.0015156,0.0013713,0.0012899,0.0015209,0.0017624,0.0012538,0.0016777,0.0013465,0.0014385,0.0016253,0.001276,0.0014755,0.001645,0.0013848,0.0014811,0.001547,0.0011831,0.0015504,0.001474,0.0014801,0.0012552,0.0015625,0.00133,0.001532,0.0013886,0.0009681,0.0015306,0.0016294,0.001186,0.0011948,0.001144,0.0015237,0.0014937,0.0014848,0.0010634,0.00095242,0.00097801,0.001007,0.0014783,0.00145,0.001048,0.001282,0.0010452,0.001031,0.00087815,0.00084412,0.0011272,0.0011303,0.0013739,0.0012154,1074300.0,1105700.0,792270.0,4276700.0,2284500.0,1150800.0,5856800.0,1513400.0,1879800.0,3242500.0,2966100.0,734830.0,5652900.0,1298400.0,4052200.0,2459600.0,5070500.0,4091400.0,1340500.0,3371900.0,2502600.0,3347400.0,11704000.0,958350.0,6311800.0,749460.0,9101500.0,1591900.0,1841400.0,815570.0,3232100.0,1680500.0,5814300.0,23940000.0,2520900.0,2724900.0,4347000.0,1235900.0,1513400.0,1646200.0,2062700.0,1057700.0,2058300.0,1019200.0,7475600.0,2433400.0,1825600.0,1494000.0,2274900.0,15971000.0,952090.0,7278300.0,3995200.0,706940.0,3910700.0,1079100.0,2657700.0,17679000.0,32102000.0,2373200.0,1720700.0,1532600.0,2840700.0,1036400.0,1926200.0,3409900.0,803840.0,2871900.0,1940600.0,3915400.0,2755300.0,1446400.0,1119200.0,15048000.0,5077600.0,1340600.0,3613400.0,1673300.0,965090.0,2573300.0,3702600.0,1313000.0,893150.0,2116300.0,873820.0,1861100.0,2850800.0,4950200.0,4191200.0,2338500.0,5694300.0,1300700.0,9352900.0,4677300.0,1017700.0,1694700.0,903640.0,1769700.0,3509900.0,9918500.0,1730700.0,16523000.0,1417300.0,9919600.0,1633600.0,3256300.0,1272900.0,1628100.0,12535000.0,5115100.0,2157200.0,3869300.0,2389200.0,1225800.0,656170.0,3373000.0,11659000.0,2413800.0,1291100.0,778800.0,1922000.0,735100.0,1193700.0,2218700.0,8786700.0,4156700.0,2627900.0,3087700.0,2361300.0,1498700.0,773560.0,10411000.0,2404500.0,3548600.0,2073400.0,1371700.0,1031900.0,2014200.0,1052000.0,2853800.0,3921600.0,1159600.0,1477000.0,2103000.0,1521000.0,2210500.0,2422200.0,877170.0,6912100.0,1513500.0,9390500.0,6180200.0,809830.0,10291000.0,814480.0,1274500.0,19279000.0,683650.0,12167000.0,721740.0,5575100.0,3693400.0,3817200.0,2647300.0,5252900.0,4116200.0,4227600.0,964530.0,4135000.0,1638700.0,6369200.0,1506700.0,7610900.0,1080700.0,744550.0,4005200.0,2996600.0,1988300.0,8411500.0,2288700.0,948280.0,1205600.0,3671000.0,3568300.0,1940100.0,1475700.0,747540.0,6807100.0,5275200.0,2336700.0,637470.0,17726000.0,3323000.0,5257900.0,1142200.0,18258000.0,5431600.0,1100100.0,8580600.0,1353300.0,1434500.0,3992400.0,5297000.0,799330.0,1639500.0,973680.0,1778500.0,1568200.0,1456500.0,7851700.0,2342100.0,1425100.0,12280000.0,2793800.0,1238000.0,1263500.0,3260300.0,951930.0,4669600.0,1133200.0,1854600.0,8075300.0,4435100.0,696550.0,1421900.0,10018000.0,5258300.0,5069200.0,15394000.0,3001700.0,1931800.0,2342400.0,2994600.0,3189800.0,1882600.0,1749500.0,2275100.0,1499400.0,7215800.0,652060.0,3656200.0,8296200.0,8910100.0,1863600.0,5378600.0,4029700.0,5011000.0,864140.0,1139900.0,5361500.0,1551600.0,6587500.0,3485200.0,7122400.0,1970700.0,1638700.0,1591200.0,1087700.0,1106100.0,2208100.0,945990.0,5091800.0,3371700.0,4404800.0,3356800.0,2894200.0,2745600.0,15584000.0,14989000.0,6042000.0,4601000.0,2807600.0,6148400.0,3762100.0,1781300.0,2740300.0,1353800.0,4824200.0,3044800.0,1.5396,1.8563,4.1663,2.2385,2.4782,3.6652,1.2766,2.2373,4.2241,1.2032,1.9867,4.2157,2.4708,2.6639,4.3211,0.76737,2.0648,4.2208,1.665,2.5241,3.8783,3.0828,2.8442,5.8655,1.191,2.0262,4.1982,1.7123,1.7157,4.2442,1.2894,2.274,4.2745,0.73297,2.0347,4.2098,2.912,2.8425,4.6479,5.5738,2.7503,1.3767,1.2517,2.8194,3.6278,0.84521,2.1609,2.9996,2.5717,2.1618,4.5545,1.4635,1.6786,3.8932,0.72032,2.6768,3.8905,1.9026,1.8305,3.5286,1.1942,2.3886,3.2289,0.364,2.2912,3.4952,1.8476,1.6321,3.406,2.0541,2.6856,4.2326,1.8928,1.6376,3.3729,1.6287,1.6365,3.9703,0.33933,2.185,3.13,2.1002,2.4312,4.5157,1.4957,1.7007,3.2678,0.90147,1.9437,2.7559,3.2267,2.8383,6.0036,1.9404,1.8162,3.5122,0.8836,2.7263,2.9105,1.6998,2.5952,4.0039,0.73116,1.8994,2.7453,1.1035,2.4162,3.133,1.9335,1.9253,4.4925,1.8091,1.6526,3.8939,0.61287,2.1531,3.8933,1.3695,2.5455,3.89,0.98438,2.1477,3.1835,2.6135,2.3633,4.3731,2.015,2.2094,4.7277,1.5331,1.6457,3.9267,1.8861,2.0009,4.4817,1.4918,2.2028,3.2334,0.8159,2.2328,3.0288,2.4421,2.4693,4.3699,1.996,2.517,4.8323,1.9317,2.6188,4.8074,2.5891,2.3552,4.3574,1.2716,2.5187,3.8781,1.8257,2.32,4.3881,2.4776,2.9863,4.3355,0.64375,2.388,2.6474,1.3969,2.0201,4.6042,1.8846,3.011,3.7519,0.26518,2.3782,3.3673,1.6939,1.6174,4.0803,0.81079,2.1998,3.0605,2.2638,2.3038,4.7067,0.56043,2.4148,3.1186,0.77834,2.2431,3.1517,0.015647,2.897,1.7572,2.0162,2.1905,4.6388,2.524,2.4162,4.2959,2.304,2.3099,5.1427,1.9424,2.6614,4.1427,1.1222,1.8301,4.0375,4.5227,2.8216,0.68387,0.76799,2.1888,2.9749,1.4586,2.1295,4.2875,1.1647,2.2245,3.5513,2.0356,2.6392,4.2969,1.6191,1.581,4.1475,1.1785,2.5261,3.1194,0.74445,2.4934,3.7382,2.2245,1.8268,3.6841,1.4067,2.5351,3.4788,1.3628,2.6021,3.5231,1.4066,1.6345,4.2725,1.9381,2.6591,4.4601,2.0468,2.6633,4.6212,3.3497,2.8293,6.1383,1.7278,1.6209,4.1945,1.869,1.9377,3.3929,2.4699,2.9584,5.3641,1.1991,2.5777,3.0529,2.6883,2.3969,5.012,0.9836,2.6845,4.2064,1.4333,2.4991,3.5436,0.95683,1.9356,4.1374,1.7804,1.6258,4.0628,1.9497,1.9295,3.3921,6.0098,2.9009,2.849,2.9454,2.2297,4.6688,1.4921,1.9355,4.3684,1.1255,2.5654,3.3519,1.4256,2.4658,3.3864,1.7013,1.8894,3.6635,2.0308,2.4566,4.0812,1.0885,2.3682,3.2436,2.4922,1.8979,5.3082,0.99717,2.6105,3.2766,1.3817,2.5486,3.3356,0.24021,3.0449,3.1984,0.65829,1.9038,2.779,1.6633,1.9564,4.5895,1.5036,1.8143,4.2056,5.2256,2.791,1.5946,0.87331,2.216,2.9329,0.92971,2.7101,4.1919,2.3798,2.4357,3.6822,2.9177,2.2967,4.9688,3.0593,2.5917,4.6044,2.0611,2.3974,4.5919,2.1838,2.2092,4.1714,0.70779,2.2296,3.3226,0.61306,2.4174,3.0475,0.57422,2.2378,3.8843,2.4825,2.4349,4.5914,0.72464,2.4349,2.9026,1.3041,1.5634,4.3668,1.5926,1.9371,3.5181,0.34223,2.6594,2.1761,3.4263,2.9274,0.28228,0.86364,2.2703,3.0677,1.6264,1.6693,4.1528,1.6655,1.8966,3.2667,0.77434,2.3573,2.873,2.2182,2.288,4.9421,1.317,2.577,3.2085,1.265,2.2065,3.6449,0.35489,2.0862,3.2963,1.7147,1.9068,3.4377,2.6235,2.0436,4.1086,2.0508,2.1469,4.9599,1.3792,1.7013,3.8456,0.76937,2.0301,2.8045,2.0776,2.1265,5.0674,2.1652,2.2864,4.5568,1.504,2.4415,4.0109,4.0638,2.8854,6.2637,1.8325,2.4916,3.9992,0.63877,1.988,4.1556,1.2101,2.621,4.2422,3.3181,2.7928,6.0814,1.7108,1.563,3.2792,0.26633,2.3784,3.411,4.8894,3.0007,0.7246,0.43221,2.8187,3.3068,1.1637,2.5422,3.0762,2.2594,2.1869,5.0102,1.647,2.0587,4.4415,1.659,1.6215,3.3884,1.8247,2.9451,3.376,0.74795,2.3362,2.9114,0.80749,2.3846,3.012,0.23581,2.663,3.3495,1.9599,2.4471,4.279,0.65548,2.4128,2.7967,1.0112,2.3413,3.5918,1.2909,1.7661,4.3217,0.23237,2.3512,3.4715,1.6957,1.5921,3.2784,0.82194,2.3162,2.8589,2.9438,2.8576,6.0295,1.7262,2.5213,3.9689,2.0343,2.2343,4.6086,2.2196,2.6607,5.0867,1.6152,1.957,3.814,1.4149,1.7768,3.7496,2.3004,2.1428,4.9902,1.4968,2.5751,3.9461,0.47985,3.0075,2.141,4.4678,2.9029,0.269,1.342,2.837,4.1966,1.8782,1.9755,3.8929,1.1812,2.6719,2.764,0.12077,2.7851,2.841,1.066,2.915,4.1914,0.48217,2.4461,2.6047,0.85524,2.0697,2.843,0.53971,2.4856,3.4094,1.7863,2.2246,4.3322,1.0959,2.8167,4.2384,0.69402,2.0444,2.967,2.1055,1.8387,3.718,1.4098,1.8805,3.7103,2.2835,2.6078,4.7632,1.5238,1.5747,4.1974,1.281,2.1389,3.2304,0.73207,2.0865,3.0078,0.73491,2.2732,2.6381,1.7918,2.3837,4.1825,2.2468,2.5889,4.9123,0.59848,2.0664,2.9503,1.7329,1.7857,3.293,0.86147,2.9847,2.6076,0.54028,2.5237,2.5922,3.2354,2.727,6.1788,6.2316,2.8692,2.6544,4.1579,2.8957,6.1353,2.4027,2.2689,3.7322,1.469,3.0583,4.4531,1.2475,2.4462,3.4865,6.2417,3.1065,2.9099,2.3752,2.1867,3.7477,1.3107,1.8445,3.7045,2.3955,2.3281,4.628,2.6072,2.7126,4.229,1.2604,2.7131,4.3244,1.696,1.9392,3.8227,1.1987,2.7512,3.7562,2.342,2.351,4.9348,1.413,2.6119,3.3614,2.16,2.2854,4.0662,0.81979,1.9718,3.3904,2.4261,2.3295,3.8049,2.347,2.3507,3.7299,2.288,1.9976,5.0602,2.6284,2.2897,4.8262,2.3957,2.2405,3.7936,1.4373,1.6096,3.915,2.3469,2.598,4.9218,1.7562,1.9455,3.8626,0.8176,2.1191,4.1212,1.5878,1.8435,4.3352,2.3161,2.5695,4.9494,1.449,2.3977,3.2551,5.8478,2.8252,2.1254,1.8633,1.7533,3.5253,1.9446,2.9204,4.1861,2.1073,1.9882,4.8345,1.1746,2.62,4.3612,1.9959,2.1552,4.939,1.6523,1.7824,3.935,1.6297,2.0017,3.3372,1.1452,2.728,3.7138,1.0325,2.8487,3.8287,1.5558,2.488,3.9129,1.1653,2.6858,3.6838,1.7668,1.753,4.0826,0.74896,2.45,2.8092,1.837,2.1292,4.4101,0.10341,2.7825,2.9886,1.0473,1.9491,4.3313,0.9798,2.2862,3.0764,1.59,2.4064,4.5636,1.0052,2.0799,2.8321,0.79336,2.0085,2.6902,1.6834,1.7673,3.9407,0.87697,2.4419,2.9003,1.3218,1.583,3.8405,2.7714,2.6084,4.6162,1.0508,2.2222,3.6384,1.1744,2.7328,3.6851,2.0024,1.9965,4.4746,1.0169,1.9598,4.2424,1.9025,1.6452,3.4362,1.7162,2.4969,3.9747,2.2438,2.5375,4.8818,2.066,2.3562,3.608,1.2115,3.0579,3.462,1.4047,1.4449,4.2523,0.70401,2.9798,3.6552,1.647,1.7256,4.2415,0.79687,2.0006,2.7213,0.56037,2.2194,4.0414,2.6071,2.5995,4.5227,2.0163,2.1056,3.4503,1.3765,2.8871,3.5335,1.087,2.2243,3.6182,2.5384,2.035,4.4781,1.5025,1.7361,4.42,1.5959,2.5866,3.5684,2.0703,2.289,4.063,2.71,2.309,4.9672,0.4472,2.5029,2.9324
0.17148,0.27164,0.006508,245.14,272.04,200.84,0.0013992,0.0016345,0.0010117,212.86,230.18,230.56,221.82,215.04,178.33,243.2,230.59,269.1,223.88,261.27,276.27,199.67,233.31,224.9,287.44,226.35,254.29,221.79,177.73,341.04,243.3,206.0,252.2,210.14,281.66,261.97,321.97,175.54,274.3,231.35,223.63,147.61,239.15,274.29,350.71,263.1,209.94,311.02,355.48,301.24,193.33,242.41,194.4,283.4,270.07,308.37,305.05,350.78,286.52,281.95,273.91,362.8,353.11,357.37,281.72,326.85,260.99,226.75,401.99,359.86,349.95,333.9,197.55,283.54,242.34,230.3,214.18,310.04,239.02,265.45,253.29,319.2,319.36,245.85,258.05,282.91,328.31,339.04,312.48,224.8,302.89,306.65,278.36,320.37,197.74,291.8,269.62,304.98,286.25,314.71,303.45,273.34,309.94,265.01,278.71,273.7,338.18,266.95,264.25,363.98,354.67,368.77,257.16,337.57,423.73,423.62,327.9,242.54,313.37,394.26,283.99,275.85,299.71,271.33,362.35,308.19,356.35,379.92,344.65,279.44,377.11,367.96,294.35,328.01,341.92,458.64,259.59,444.66,450.36,395.58,300.06,416.16,243.65,291.85,571.66,325.05,331.88,355.04,335.84,325.23,266.38,328.79,392.82,273.35,399.06,342.66,282.01,340.29,417.29,254.98,285.54,367.65,251.21,157.1,293.84,361.21,321.58,421.89,394.9,213.01,282.72,208.72,223.37,257.56,288.39,228.22,316.91,284.71,234.54,274.76,249.77,287.35,191.48,274.67,266.23,258.46,235.21,226.81,320.33,224.08,318.37,373.15,262.09,281.48,249.18,326.96,282.8,236.09,309.84,336.63,280.4,294.29,284.8,308.1,321.37,271.48,462.35,236.12,258.79,259.19,268.44,258.0,284.17,275.99,336.38,266.19,249.06,265.22,312.72,266.5,199.45,221.44,263.8,337.63,256.95,231.82,286.77,246.56,275.35,273.86,252.01,264.36,284.57,285.94,218.56,284.04,223.6,292.63,227.36,238.94,193.85,274.06,277.27,179.66,281.28,227.58,182.91,264.3,193.5,228.86,273.0,195.37,249.28,261.94,202.91,259.09,254.58,234.31,190.05,248.3,214.04,247.11,240.1,168.39,287.29,289.26,212.9,175.08,207.79,277.53,244.74,249.32,234.56,153.95,160.6,203.35,247.09,248.5,225.86,229.86,215.35,193.03,173.56,183.41,231.01,210.22,252.29,219.53,0.00079346,0.0010653,0.0010582,0.0011599,0.0010466,0.00085521,0.001276,0.00098424,0.0013712,0.0010628,0.0013732,0.0015202,0.0010032,0.0012533,0.0010953,0.0016866,0.0013023,0.0014055,0.0014111,0.0010881,0.001976,0.001599,0.0012889,0.001712,0.0014383,0.0017913,0.0015021,0.0018566,0.001316,0.0018073,0.0014151,0.0013615,0.0010317,0.0013359,0.0016695,0.0020959,0.0016201,0.0013822,0.0018868,0.0020115,0.0016559,0.0011129,0.0015841,0.001449,0.0017113,0.0016872,0.0018815,0.0016957,0.002067,0.0017095,0.0013684,0.0016817,0.0021969,0.0018924,0.0021083,0.0017832,0.0019024,0.0012068,0.0015966,0.0024276,0.0022539,0.0020758,0.0020103,0.0013572,0.0019657,0.0015874,0.0014231,0.0015869,0.0019778,0.0015449,0.0017939,0.0017412,0.0018508,0.0019947,0.001449,0.0016969,0.0017242,0.0020283,0.0021416,0.002007,0.0013354,0.0020853,0.0019973,0.0016418,0.0013551,0.001523,0.001295,0.0018009,0.0018359,0.0018346,0.0019746,0.0017805,0.0014162,0.0019834,0.0013866,0.0018306,0.0017414,0.0021313,0.0015782,0.0017263,0.0018932,0.0021256,0.0022533,0.0015447,0.0021088,0.0019866,0.0024102,0.0021001,0.0016904,0.0018786,0.0023656,0.001905,0.001332,0.001833,0.001779,0.002192,0.0019105,0.0020715,0.0020929,0.0017325,0.0014093,0.0022199,0.0017403,0.0020149,0.0018552,0.0015689,0.002583,0.0018172,0.0020519,0.0025664,0.0024321,0.0018675,0.0023023,0.0012787,0.0018998,0.0026934,0.0019828,0.0017021,0.0021229,0.001883,0.0019661,0.0017274,0.0018131,0.0023332,0.0018977,0.0019173,0.0019963,0.0013574,0.00169,0.0021768,0.0016595,0.0018853,0.0020039,0.0016696,0.0012075,0.0016949,0.00216,0.0019978,0.0018938,0.0020554,0.0013642,0.0017623,0.0014703,0.0015816,0.001517,0.0017363,0.0016303,0.001943,0.0018126,0.001632,0.0018182,0.0014691,0.0018249,0.0014239,0.0017573,0.0016658,0.0017877,0.0015413,0.0014408,0.0018259,0.0014533,0.0018987,0.0021678,0.0016839,0.0018069,0.001746,0.0019768,0.0017431,0.0016118,0.0018063,0.0017661,0.0018356,0.001833,0.0017967,0.0021001,0.0019373,0.0017574,0.0015355,0.0016406,0.0016122,0.0016873,0.0017389,0.0016743,0.0018244,0.0016671,0.0022579,0.0016022,0.0017161,0.0016387,0.0017166,0.001656,0.0013922,0.0015127,0.001591,0.0020307,0.0016588,0.001557,0.0016206,0.0015445,0.0017526,0.0017449,0.0015775,0.0016202,0.0016979,0.001758,0.0014695,0.001758,0.0014908,0.001732,0.0015143,0.00137,0.0012894,0.0015214,0.001765,0.0012548,0.0016804,0.0013454,0.0014403,0.0016272,0.0012757,0.001475,0.0016486,0.0013855,0.0014833,0.0015497,0.0011843,0.001554,0.0014741,0.0014802,0.0012539,0.0015618,0.0013289,0.0015351,0.0013898,0.00096678,0.0015337,0.0016321,0.0011851,0.0011942,0.0011424,0.0015222,0.0014932,0.0014869,0.0010641,0.00095276,0.00097523,0.0010049,0.0014771,0.0014529,0.0010482,0.0012822,0.0010444,0.00103,0.00087681,0.00084206,0.0011252,0.0011273,0.0013727,0.0012131,1074300.0,1105700.0,792270.0,4276700.0,2284500.0,1150800.0,5856800.0,1513400.0,1879800.0,3242500.0,2966100.0,734830.0,5652900.0,1298400.0,4052200.0,2459600.0,5070500.0,4091400.0,1340500.0,3371900.0,2502600.0,3347400.0,11704000.0,958350.0,6311800.0,749460.0,9101500.0,1591900.0,1841400.0,815570.0,3232100.0,1680500.0,5814300.0,23940000.0,2520900.0,2724900.0,4347000.0,1235900.0,1513400.0,1646200.0,2062700.0,1057700.0,2058300.0,1019200.0,7475600.0,2433400.0,1825600.0,1494000.0,2274900.0,15971000.0,952090.0,7278300.0,3995200.0,706940.0,3910700.0,1079100.0,2657700.0,17679000.0,32102000.0,2373200.0,1720700.0,1532600.0,2840700.0,1036400.0,1926200.0,3409900.0,803840.0,2871900.0,1940600.0,3915400.0,2755300.0,1446400.0,1119200.0,15048000.0,5077600.0,1340600.0,3613400.0,1673300.0,965090.0,2573300.0,3702600.0,1313000.0,893150.0,2116300.0,873820.0,1861100.0,2850800.0,4950200.0,4191200.0,2338500.0,5694300.0,1300700.0,9352900.0,4677300.0,1017700.0,1694700.0,903640.0,1769700.0,3509900.0,9918500.0,1730700.0,16523000.0,1417300.0,9919600.0,1633600.0,3256300.0,1272900.0,1628100.0,12535000.0,5115100.0,2157200.0,3869300.0,2389200.0,1225800.0,656170.0,3373000.0,11659000.0,2413800.0,1291100.0,778800.0,1922000.0,735100.0,1193700.0,2218700.0,8786700.0,4156700.0,2627900.0,3087700.0,2361300.0,1498700.0,773560.0,10411000.0,2404500.0,3548600.0,2073400.0,1371700.0,1031900.0,2014200.0,1052000.0,2853800.0,3921600.0,1159600.0,1477000.0,2103000.0,1521000.0,2210500.0,2422200.0,877170.0,6912100.0,1513500.0,9390500.0,6180200.0,809830.0,10291000.0,814480.0,1274500.0,19279000.0,683650.0,12167000.0,721740.0,5575100.0,3693400.0,3817200.0,2647300.0,5252900.0,4116200.0,4227600.0,964530.0,4135000.0,1638700.0,6369200.0,1506700.0,7610900.0,1080700.0,744550.0,4005200.0,2996600.0,1988300.0,8411500.0,2288700.0,948280.0,1205600.0,3671000.0,3568300.0,1940100.0,1475700.0,747540.0,6807100.0,5275200.0,2336700.0,637470.0,17726000.0,3323000.0,5257900.0,1142200.0,18258000.0,5431600.0,1100100.0,8580600.0,1353300.0,1434500.0,3992400.0,5297000.0,799330.0,1639500.0,973680.0,1778500.0,1568200.0,1456500.0,7851700.0,2342100.0,1425100.0,12280000.0,2793800.0,1238000.0,1263500.0,3260300.0,951930.0,4669600.0,1133200.0,1854600.0,8075300.0,4435100.0,696550.0,1421900.0,10018000.0,5258300.0,5069200.0,15394000.0,3001700.0,1931800.0,2342400.0,2994600.0,3189800.0,1882600.0,1749500.0,2275100.0,1499400.0,7215800.0,652060.0,3656200.0,8296200.0,8910100.0,1863600.0,5378600.0,4029700.0,5011000.0,864140.0,1139900.0,5361500.0,1551600.0,6587500.0,3485200.0,7122400.0,1970700.0,1638700.0,1591200.0,1087700.0,1106100.0,2208100.0,945990.0,5091800.0,3371700.0,4404800.0,3356800.0,2894200.0,2745600.0,15584000.0,14989000.0,6042000.0,4601000.0,2807600.0,6148400.0,3762100.0,1781300.0,2740300.0,1353800.0,4824200.0,3044800.0,1.54,1.8564,4.1663,2.2387,2.4784,3.6652,1.2766,2.2374,4.2241,1.2028,1.9865,4.2154,2.4704,2.6639,4.3213,0.76635,2.0649,4.221,1.6669,2.5245,3.8781,3.0836,2.8441,5.8656,1.1904,2.0264,4.1977,1.7117,1.7156,4.2441,1.2897,2.2748,4.2753,0.73114,2.0343,4.2097,2.9115,2.8425,4.649,5.5716,2.7497,1.3752,1.2523,2.8188,3.6282,0.84374,2.161,2.9994,2.5733,2.1636,4.5565,1.4635,1.6785,3.8931,0.72208,2.6783,3.8913,1.9014,1.8312,3.5295,1.1956,2.388,3.2305,0.365,2.2914,3.4936,1.8486,1.6316,3.4064,2.0544,2.6836,4.231,1.8944,1.6372,3.3727,1.6309,1.636,3.9711,0.33902,2.1856,3.1292,2.1015,2.4319,4.5174,1.4962,1.7009,3.2687,0.903,1.9447,2.7557,3.2295,2.8381,6.0057,1.9403,1.817,3.5128,0.88226,2.7267,2.9108,1.6987,2.5953,4.004,0.73292,1.8995,2.7447,1.1038,2.416,3.1336,1.934,1.9253,4.4924,1.811,1.6524,3.8941,0.61461,2.1522,3.8961,1.3729,2.5466,3.8925,0.98426,2.1488,3.1821,2.6156,2.3645,4.3747,2.0149,2.2096,4.7278,1.5342,1.645,3.9269,1.8864,2.0025,4.4815,1.4928,2.2034,3.2328,0.81603,2.2344,3.0263,2.4421,2.4711,4.3701,1.9977,2.5156,4.8315,1.9322,2.619,4.8065,2.5907,2.3565,4.3592,1.2716,2.5191,3.8774,1.8285,2.3213,4.3894,2.4844,2.9854,4.3403,0.64625,2.3866,2.6502,1.3949,2.0196,4.6046,1.8817,3.0099,3.7476,0.26408,2.3778,3.367,1.6945,1.6173,4.0804,0.81267,2.2017,3.0607,2.2643,2.3037,4.7074,0.55774,2.4131,3.1196,0.7751,2.2442,3.1503,0.015671,2.8971,1.7558,2.0178,2.1928,4.6402,2.524,2.418,4.297,2.3018,2.3101,5.1426,1.9403,2.6594,4.1411,1.1223,1.8295,4.0391,4.5218,2.8202,0.68628,0.76731,2.1892,2.9742,1.4597,2.1301,4.2879,1.1656,2.2269,3.552,2.0328,2.6377,4.2941,1.6189,1.5808,4.1475,1.1786,2.5256,3.1206,0.74378,2.4951,3.738,2.2267,1.8259,3.684,1.4049,2.5356,3.4787,1.3617,2.6021,3.5226,1.4048,1.6343,4.2721,1.9373,2.6573,4.4589,2.0483,2.6609,4.6225,3.3481,2.8298,6.1387,1.7303,1.6203,4.1945,1.8717,1.9367,3.3919,2.4735,2.9575,5.367,1.199,2.578,3.0527,2.6882,2.3961,5.0118,0.98524,2.686,4.2086,1.4325,2.4993,3.5443,0.95775,1.9365,4.139,1.7808,1.6264,4.0627,1.9521,1.9298,3.3922,6.0097,2.9007,2.8483,2.9476,2.2292,4.6694,1.4951,1.9344,4.3709,1.1262,2.5644,3.3523,1.4259,2.466,3.3868,1.7013,1.8882,3.6631,2.0325,2.457,4.0829,1.0885,2.3693,3.2442,2.4939,1.8951,5.3102,0.99662,2.6093,3.2765,1.3798,2.5497,3.3345,0.24018,3.0454,3.1978,0.65853,1.9057,2.7771,1.6644,1.9554,4.5922,1.5049,1.8132,4.2062,5.2239,2.7887,1.5932,0.87476,2.217,2.9342,0.93158,2.7115,4.1946,2.3801,2.4343,3.6848,2.9194,2.2962,4.9691,3.0622,2.5907,4.6057,2.0629,2.3967,4.5933,2.1833,2.2104,4.1713,0.70804,2.2334,3.3219,0.61639,2.4173,3.0481,0.57469,2.2396,3.885,2.4784,2.4347,4.5909,0.72305,2.4361,2.9003,1.3043,1.5638,4.366,1.5922,1.9359,3.5197,0.34529,2.6597,2.178,3.4266,2.9265,0.28264,0.86237,2.2695,3.0678,1.6264,1.6693,4.1539,1.6664,1.8978,3.2684,0.77462,2.3567,2.874,2.2197,2.2868,4.9419,1.3191,2.5773,3.2105,1.2669,2.2075,3.6474,0.35559,2.0864,3.2974,1.7153,1.9056,3.4378,2.6246,2.0422,4.11,2.0501,2.1471,4.9599,1.3791,1.7007,3.8459,0.76961,2.0315,2.806,2.0779,2.1258,5.0688,2.1642,2.2874,4.558,1.5038,2.4431,4.0119,4.06,2.8824,6.2596,1.8307,2.4928,3.9983,0.63644,1.9885,4.1564,1.2087,2.6207,4.2417,3.3147,2.7916,6.081,1.71,1.563,3.2792,0.26738,2.3793,3.4123,4.8858,3.0009,0.7207,0.43222,2.8192,3.3093,1.1625,2.5426,3.0779,2.2595,2.187,5.0112,1.6484,2.0579,4.4423,1.6589,1.6213,3.389,1.8293,2.9456,3.3792,0.74844,2.3349,2.9124,0.80635,2.3833,3.0123,0.23484,2.6633,3.3493,1.9621,2.4482,4.2796,0.65674,2.412,2.7973,1.0112,2.3434,3.5911,1.2906,1.7657,4.3221,0.23192,2.3516,3.473,1.6957,1.5923,3.2782,0.82422,2.3146,2.8599,2.942,2.8573,6.03,1.7227,2.5204,3.968,2.0343,2.2351,4.6086,2.2154,2.6596,5.0844,1.6128,1.9568,3.8133,1.4159,1.7759,3.7503,2.3007,2.1429,4.9897,1.4965,2.5744,3.9449,0.47869,3.0067,2.1387,4.4661,2.9018,0.26853,1.3418,2.8379,4.195,1.8769,1.976,3.8927,1.1793,2.672,2.7623,0.11682,2.7844,2.8396,1.0664,2.9151,4.1914,0.48137,2.4448,2.6055,0.85575,2.0709,2.8423,0.54022,2.486,3.4101,1.7889,2.2254,4.3331,1.0936,2.8174,4.2372,0.69509,2.0455,2.965,2.1065,1.8384,3.7168,1.411,1.8809,3.7111,2.2805,2.6059,4.7598,1.5256,1.5748,4.1975,1.2798,2.1387,3.2311,0.73322,2.0878,3.0069,0.73537,2.2718,2.6383,1.7922,2.3841,4.1829,2.2448,2.5873,4.9115,0.5981,2.0671,2.9488,1.7333,1.7871,3.2927,0.86345,2.9841,2.6084,0.53957,2.524,2.592,3.2369,2.7267,6.1807,6.2332,2.8693,2.6572,4.1537,2.8944,6.1306,2.4033,2.2664,3.7318,1.4708,3.0582,4.4576,1.2465,2.4467,3.4869,6.2329,3.1067,2.9035,2.3751,2.1858,3.7469,1.3113,1.8443,3.7049,2.3946,2.3282,4.629,2.6068,2.714,4.2314,1.2601,2.7132,4.3238,1.6936,1.9387,3.8216,1.1997,2.7506,3.7577,2.3409,2.3497,4.9333,1.4104,2.611,3.3618,2.1593,2.2868,4.0655,0.81958,1.9722,3.3905,2.426,2.3281,3.8053,2.3465,2.3498,3.7296,2.2892,1.9986,5.062,2.6273,2.2898,4.8264,2.3963,2.2406,3.7934,1.438,1.6099,3.9158,2.3451,2.5966,4.9209,1.7542,1.9454,3.8619,0.81778,2.1187,4.1224,1.587,1.8438,4.3361,2.3147,2.5675,4.9494,1.4487,2.3978,3.2549,5.8469,2.8243,2.1246,1.8633,1.753,3.5255,1.9435,2.9188,4.1839,2.1084,1.9887,4.835,1.1756,2.6206,4.3622,1.9975,2.1555,4.9399,1.6526,1.7821,3.9345,1.6302,2.0014,3.3362,1.1463,2.7277,3.7151,1.0335,2.8488,3.8286,1.5574,2.4886,3.9136,1.1654,2.6847,3.6837,1.766,1.7523,4.0824,0.74729,2.4498,2.8097,1.8364,2.1301,4.4106,0.10343,2.7823,2.9905,1.0466,1.9491,4.3322,0.98008,2.2856,3.0771,1.5894,2.4065,4.5634,1.0054,2.0798,2.832,0.79404,2.0085,2.6897,1.6842,1.7668,3.9403,0.8761,2.4416,2.902,1.3209,1.5828,3.8405,2.7714,2.6087,4.6159,1.0503,2.2235,3.6384,1.1748,2.732,3.6854,2.0028,1.9967,4.4747,1.016,1.9598,4.2422,1.9031,1.6451,3.436,1.7169,2.4971,3.9744,2.2451,2.5372,4.8812,2.0651,2.356,3.6069,1.2113,3.0578,3.4621,1.4041,1.4448,4.2525,0.70482,2.9796,3.6554,1.6472,1.7253,4.2416,0.7975,2.0005,2.721,0.55897,2.2197,4.0425,2.6061,2.5995,4.5227,2.0166,2.1054,3.4505,1.3763,2.8866,3.5334,1.0871,2.2248,3.618,2.5386,2.0355,4.4783,1.5026,1.7361,4.4199,1.5957,2.5866,3.5682,2.0704,2.289,4.0629,2.7101,2.3082,4.9668,0.44728,2.5026,2.9321
0.1731,0.2742,0.0065573,245.77,273.02,200.9,0.0014026,0.0016398,0.0010121,212.91,230.3,230.96,222.11,215.43,178.55,243.16,230.77,269.45,224.12,261.9,277.1,199.83,233.79,225.24,288.25,226.66,254.86,222.47,177.83,342.04,243.68,206.35,252.63,210.35,282.3,262.5,322.61,175.83,274.68,231.98,224.05,147.76,239.92,275.26,351.74,263.98,210.31,312.45,356.36,301.46,193.45,243.75,195.04,284.3,270.87,309.4,306.21,352.27,287.12,282.65,274.5,364.79,354.06,359.39,282.92,327.91,263.25,227.51,403.78,361.79,351.12,334.75,197.5,284.5,242.95,231.84,215.39,311.62,240.39,266.49,253.68,321.02,320.71,246.54,259.21,283.35,329.57,340.01,314.56,225.61,303.67,308.73,278.69,321.88,198.84,293.84,270.61,306.68,286.8,315.75,304.18,275.17,311.21,267.05,278.76,274.56,339.13,268.44,264.91,366.91,356.2,369.0,258.59,339.43,426.56,425.18,328.76,243.75,314.62,395.85,285.14,279.33,301.01,271.99,363.99,309.66,356.5,381.64,345.84,286.54,379.79,369.82,295.98,330.31,344.88,459.6,260.8,448.07,453.06,397.85,301.88,419.12,249.02,293.41,575.31,327.45,334.25,356.8,337.73,327.1,267.47,329.94,394.6,274.42,403.34,342.75,284.15,343.45,420.72,256.01,286.91,369.16,252.88,157.3,295.17,362.04,322.67,425.42,395.54,213.49,283.65,209.41,224.05,258.61,289.23,229.03,317.53,285.83,235.15,275.67,250.33,288.28,192.46,275.26,266.71,259.04,235.83,227.36,320.64,224.7,319.58,373.83,262.52,282.58,249.79,327.67,283.76,236.48,310.88,337.44,281.51,295.21,285.59,309.32,322.45,272.26,464.98,236.75,259.34,260.09,269.02,258.33,284.95,276.79,337.95,267.04,249.91,265.61,313.96,267.39,199.82,221.99,264.42,338.9,258.04,232.38,287.02,247.12,276.08,274.54,252.59,264.94,285.02,286.28,219.11,284.98,224.0,293.5,227.78,239.22,194.32,274.65,277.92,179.88,281.72,228.0,183.26,264.78,193.9,229.34,273.62,195.72,249.68,262.35,203.04,259.69,255.03,234.64,190.29,248.74,214.38,247.61,240.57,168.54,287.62,289.75,213.18,175.2,208.06,277.97,245.31,249.66,234.78,154.07,160.76,203.53,247.42,248.97,226.01,230.14,215.54,193.23,173.74,183.53,231.19,210.3,252.74,219.75,0.00079331,0.0010651,0.0010587,0.0011613,0.0010479,0.00085562,0.0012755,0.00098502,0.001374,0.0010635,0.0013764,0.0015245,0.0010035,0.0012559,0.0010967,0.0016906,0.0013042,0.0014094,0.0014149,0.0010892,0.0019819,0.0016017,0.0012911,0.0017161,0.0014396,0.0017969,0.0015055,0.0018596,0.0013181,0.0018105,0.001419,0.001365,0.0010331,0.0013398,0.0016753,0.0021027,0.0016253,0.0013823,0.0018949,0.0020186,0.0016596,0.0011134,0.0015928,0.0014536,0.0017173,0.0016914,0.001889,0.0017023,0.0020771,0.0017136,0.0013712,0.0016871,0.0022076,0.001898,0.0021196,0.0017908,0.0019091,0.0012148,0.0016011,0.0024392,0.0022622,0.0020824,0.002016,0.0013544,0.0019724,0.0015928,0.0014298,0.0015944,0.0019877,0.0015529,0.0017989,0.0017452,0.0018618,0.0020027,0.0014425,0.0017045,0.0017293,0.0020375,0.0021478,0.0020176,0.0013326,0.0020907,0.0020089,0.001647,0.0013656,0.0015305,0.0013026,0.0018059,0.0018458,0.0018396,0.001981,0.0017844,0.0014243,0.0019913,0.0013964,0.0018341,0.0017468,0.0021384,0.0015838,0.0017309,0.0019077,0.0021356,0.0022547,0.0015534,0.0021181,0.0020021,0.0024219,0.0021071,0.0016984,0.0018877,0.0023751,0.0019127,0.0013505,0.0018417,0.0017846,0.0022024,0.001918,0.0020718,0.0021012,0.0017376,0.0014232,0.0022334,0.0017522,0.002023,0.0018658,0.0015839,0.0025873,0.001825,0.00207,0.0025786,0.0024452,0.0018754,0.0023149,0.0012899,0.0019097,0.0027168,0.0019921,0.0017117,0.0021331,0.0018903,0.0019766,0.0017338,0.001822,0.0023435,0.0019051,0.0019375,0.0020006,0.001361,0.0017035,0.0021942,0.0016669,0.0018931,0.0020136,0.0016793,0.0012101,0.0017043,0.0021638,0.0020033,0.0019104,0.0020541,0.0013679,0.0017679,0.0014744,0.0015858,0.0015214,0.0017418,0.0016362,0.0019478,0.0018184,0.0016367,0.0018244,0.0014731,0.0018298,0.0014285,0.0017621,0.0016691,0.0017901,0.0015438,0.0014438,0.0018292,0.0014568,0.0019056,0.0021721,0.0016847,0.0018128,0.00175,0.0019842,0.0017489,0.0016152,0.0018128,0.0017677,0.0018419,0.0018394,0.0018012,0.0021065,0.0019437,0.0017625,0.001549,0.0016439,0.0016147,0.0016915,0.0017432,0.0016772,0.0018292,0.001672,0.0022644,0.0016055,0.0017211,0.0016417,0.0017231,0.001661,0.0013947,0.0015161,0.0015947,0.0020383,0.0016651,0.001561,0.0016226,0.0015475,0.0017562,0.00175,0.0015813,0.0016238,0.0017022,0.0017605,0.001473,0.0017634,0.0014935,0.0017375,0.0015166,0.0013718,0.0012919,0.0015247,0.0017697,0.0012558,0.0016832,0.0013475,0.0014431,0.0016305,0.0012782,0.001478,0.0016526,0.0013884,0.001485,0.0015518,0.0011854,0.0015578,0.0014764,0.0014825,0.0012552,0.0015646,0.0013311,0.0015378,0.0013925,0.00096776,0.0015361,0.0016358,0.0011867,0.0011953,0.0011439,0.0015243,0.0014963,0.0014885,0.0010651,0.00095382,0.00097605,0.0010056,0.0014792,0.0014554,0.0010489,0.0012837,0.0010453,0.0010311,0.00087771,0.00084254,0.0011261,0.0011278,0.0013748,0.0012145,1074300.0,1105700.0,792270.0,4276700.0,2284500.0,1150800.0,5856800.0,1513400.0,1879800.0,3242500.0,2966100.0,734830.0,5652900.0,1298400.0,4052200.0,2459600.0,5070500.0,4091400.0,1340500.0,3371900.0,2502600.0,3347400.0,11704000.0,958350.0,6311800.0,749460.0,9101500.0,1591900.0,1841400.0,815570.0,3232100.0,1680500.0,5814300.0,23940000.0,2520900.0,2724900.0,4347000.0,1235900.0,1513400.0,1646200.0,2062700.0,1057700.0,2058300.0,1019200.0,7475600.0,2433400.0,1825600.0,1494000.0,2274900.0,15971000.0,952090.0,7278300.0,3995200.0,706940.0,3910700.0,1079100.0,2657700.0,17679000.0,32102000.0,2373200.0,1720700.0,1532600.0,2840700.0,1036400.0,1926200.0,3409900.0,803840.0,2871900.0,1940600.0,3915400.0,2755300.0,1446400.0,1119200.0,15048000.0,5077600.0,1340600.0,3613400.0,1673300.0,965090.0,2573300.0,3702600.0,1313000.0,893150.0,2116300.0,873820.0,1861100.0,2850800.0,4950200.0,4191200.0,2338500.0,5694300.0,1300700.0,9352900.0,4677300.0,1017700.0,1694700.0,903640.0,1769700.0,3509900.0,9918500.0,1730700.0,16523000.0,1417300.0,9919600.0,1633600.0,3256300.0,1272900.0,1628100.0,12535000.0,5115100.0,2157200.0,3869300.0,2389200.0,1225800.0,656170.0,3373000.0,11659000.0,2413800.0,1291100.0,778800.0,1922000.0,735100.0,1193700.0,2218700.0,8786700.0,4156700.0,2627900.0,3087700.0,2361300.0,1498700.0,773560.0,10411000.0,2404500.0,3548600.0,2073400.0,1371700.0,1031900.0,2014200.0,1052000.0,2853800.0,3921600.0,1159600.0,1477000.0,2103000.0,1521000.0,2210500.0,2422200.0,877170.0,6912100.0,1513500.0,9390500.0,6180200.0,809830.0,10291000.0,814480.0,1274500.0,19279000.0,683650.0,12167000.0,721740.0,5575100.0,3693400.0,3817200.0,2647300.0,5252900.0,4116200.0,4227600.0,964530.0,4135000.0,1638700.0,6369200.0,1506700.0,7610900.0,1080700.0,744550.0,4005200.0,2996600.0,1988300.0,8411500.0,2288700.0,948280.0,1205600.0,3671000.0,3568300.0,1940100.0,1475700.0,747540.0,6807100.0,5275200.0,2336700.0,637470.0,17726000.0,3323000.0,5257900.0,1142200.0,18258000.0,5431600.0,1100100.0,8580600.0,1353300.0,1434500.0,3992400.0,5297000.0,799330.0,1639500.0,973680.0,1778500.0,1568200.0,1456500.0,7851700.0,2342100.0,1425100.0,12280000.0,2793800.0,1238000.0,1263500.0,3260300.0,951930.0,4669600.0,1133200.0,1854600.0,8075300.0,4435100.0,696550.0,1421900.0,10018000.0,5258300.0,5069200.0,15394000.0,3001700.0,1931800.0,2342400.0,2994600.0,3189800.0,1882600.0,1749500.0,2275100.0,1499400.0,7215800.0,652060.0,3656200.0,8296200.0,8910100.0,1863600.0,5378600.0,4029700.0,5011000.0,864140.0,1139900.0,5361500.0,1551600.0,6587500.0,3485200.0,7122400.0,1970700.0,1638700.0,1591200.0,1087700.0,1106100.0,2208100.0,945990.0,5091800.0,3371700.0,4404800.0,3356800.0,2894200.0,2745600.0,15584000.0,14989000.0,6042000.0,4601000.0,2807600.0,6148400.0,3762100.0,1781300.0,2740300.0,1353800.0,4824200.0,3044800.0,1.5402,1.8565,4.1663,2.2388,2.4785,3.6652,1.2766,2.2375,4.2241,1.2025,1.9864,4.2153,2.47,2.6639,4.3215,0.76567,2.0649,4.2211,1.6682,2.5248,3.8779,3.0841,2.8441,5.8657,1.1899,2.0265,4.1973,1.7113,1.7155,4.244,1.29,2.2753,4.2758,0.72991,2.034,4.2097,2.9112,2.8424,4.6497,5.5701,2.7493,1.3743,1.2527,2.8185,3.6284,0.84276,2.1611,2.9992,2.5744,2.1649,4.5578,1.4635,1.6784,3.893,0.72327,2.6793,3.8918,1.9006,1.8317,3.53,1.1964,2.3877,3.2317,0.36565,2.2915,3.4925,1.8492,1.6313,3.4066,2.0546,2.6823,4.23,1.8954,1.637,3.3727,1.6324,1.6357,3.9716,0.33882,2.186,3.1287,2.1024,2.4323,4.5184,1.4965,1.7011,3.2693,0.90401,1.9454,2.7556,3.2313,2.838,6.0071,1.9402,1.8175,3.5132,0.88136,2.727,2.911,1.6979,2.5954,4.0041,0.73408,1.8996,2.7443,1.104,2.4159,3.134,1.9343,1.9254,4.4923,1.8123,1.6523,3.8943,0.61575,2.1515,3.8979,1.3752,2.5473,3.8941,0.98417,2.1495,3.1812,2.6169,2.3654,4.3758,2.0148,2.2097,4.7279,1.535,1.6445,3.927,1.8867,2.0035,4.4814,1.4934,2.2038,3.2325,0.81612,2.2354,3.0247,2.4421,2.4723,4.3703,1.9988,2.5147,4.8311,1.9325,2.6191,4.8059,2.5917,2.3574,4.3604,1.2716,2.5194,3.877,1.8304,2.3221,4.3903,2.489,2.9848,4.3437,0.64792,2.3856,2.6521,1.3935,2.0193,4.6048,1.8799,3.0092,3.7448,0.26337,2.3776,3.3669,1.6948,1.6172,4.0804,0.81391,2.2029,3.0609,2.2646,2.3037,4.7079,0.55588,2.412,3.1201,0.77296,2.245,3.1494,0.0157,2.8972,1.7549,2.0189,2.1943,4.6412,2.524,2.4193,4.2977,2.3004,2.3102,5.1426,1.9389,2.658,4.1401,1.1223,1.829,4.0401,4.5212,2.8193,0.68788,0.76688,2.1894,2.9737,1.4605,2.1304,4.2882,1.1661,2.2285,3.5525,2.031,2.6367,4.2923,1.6188,1.5807,4.1475,1.1786,2.5252,3.1214,0.74331,2.4962,3.7379,2.2282,1.8254,3.6839,1.4037,2.536,3.4787,1.361,2.6021,3.5223,1.4036,1.6341,4.2719,1.9369,2.6561,4.4581,2.0493,2.6592,4.6234,3.3469,2.8302,6.1389,1.732,1.6199,4.1945,1.8736,1.9361,3.3912,2.4759,2.957,5.3688,1.1989,2.5782,3.0525,2.6882,2.3955,5.0116,0.98633,2.687,4.21,1.4321,2.4995,3.5449,0.95836,1.937,4.1401,1.7811,1.6267,4.0626,1.9536,1.93,3.3922,6.0096,2.9006,2.848,2.9491,2.2289,4.6697,1.4972,1.9337,4.3725,1.1267,2.5637,3.3526,1.4261,2.4662,3.3872,1.7014,1.8875,3.6629,2.0336,2.4573,4.084,1.0885,2.3701,3.2446,2.495,1.8932,5.3114,0.99628,2.6085,3.2765,1.3786,2.5504,3.3337,0.2402,3.0457,3.1974,0.65868,1.9069,2.7758,1.665,1.9548,4.5939,1.5058,1.8124,4.2067,5.2228,2.7872,1.5923,0.8757,2.2177,2.9351,0.93284,2.7125,4.1963,2.3804,2.4333,3.6864,2.9205,2.2959,4.9693,3.064,2.5901,4.6066,2.064,2.3963,4.5942,2.183,2.2112,4.1712,0.70809,2.2357,3.3216,0.61854,2.4173,3.0485,0.57498,2.2408,3.8854,2.4762,2.4348,4.5907,0.72202,2.437,2.8987,1.3043,1.5641,4.3655,1.592,1.9352,3.5207,0.3473,2.6599,2.1793,3.4267,2.9259,0.28283,0.86152,2.2689,3.0679,1.6264,1.6693,4.1546,1.667,1.8985,3.2695,0.77488,2.3563,2.8747,2.2208,2.286,4.9418,1.3205,2.5775,3.2118,1.268,2.2082,3.649,0.35619,2.0864,3.2983,1.7156,1.9048,3.438,2.6253,2.0412,4.1109,2.0497,2.1473,4.9599,1.3792,1.7003,3.8462,0.76977,2.0325,2.8069,2.0781,2.1252,5.0697,2.1636,2.288,4.5588,1.5037,2.4441,4.0126,4.0574,2.8804,6.2568,1.8295,2.4935,3.9977,0.63491,1.9888,4.1569,1.2077,2.6205,4.2413,3.3126,2.7909,6.0809,1.7095,1.5631,3.2792,0.26808,2.3799,3.4132,4.8834,3.001,0.71816,0.43225,2.8195,3.311,1.1617,2.5429,3.0791,2.2595,2.187,5.0119,1.6493,2.0573,4.4429,1.6589,1.6211,3.3894,1.8324,2.9459,3.3813,0.74876,2.3341,2.9131,0.80562,2.3825,3.0126,0.23424,2.6635,3.3492,1.9635,2.4489,4.28,0.65759,2.4115,2.7977,1.0112,2.3447,3.5907,1.2905,1.7654,4.3224,0.23166,2.3518,3.4739,1.6957,1.5924,3.278,0.82571,2.3136,2.8605,2.9408,2.8571,6.0304,1.7204,2.5198,3.9675,2.0342,2.2357,4.6086,2.2126,2.6588,5.0829,1.6113,1.9566,3.8128,1.4166,1.7752,3.7508,2.3009,2.1429,4.9894,1.4962,2.5739,3.9441,0.4779,3.0061,2.1372,4.4649,2.9011,0.2682,1.3416,2.8385,4.1939,1.876,1.9763,3.8926,1.178,2.6721,2.7612,0.11419,2.784,2.8386,1.0667,2.9152,4.1914,0.48087,2.444,2.606,0.85607,2.0716,2.8418,0.54059,2.4862,3.4105,1.7906,2.2259,4.3337,1.0921,2.8178,4.2363,0.69581,2.0463,2.9637,2.1071,1.8382,3.716,1.4119,1.8811,3.7116,2.2784,2.6047,4.7576,1.5267,1.5749,4.1975,1.279,2.1386,3.2315,0.734,2.0887,3.0062,0.73565,2.2708,2.6384,1.7925,2.3844,4.1831,2.2435,2.5862,4.911,0.59786,2.0675,2.9478,1.7336,1.788,3.2925,0.86475,2.9837,2.6089,0.5391,2.5243,2.5919,3.2379,2.7265,6.182,6.2343,2.8693,2.659,4.151,2.8935,6.1274,2.4037,2.2648,3.7316,1.4719,3.0581,4.4606,1.2458,2.4471,3.4873,6.2269,3.1068,2.8991,2.3751,2.1853,3.7463,1.3117,1.8443,3.7052,2.3939,2.3282,4.6297,2.6065,2.7149,4.2331,1.2599,2.7133,4.3234,1.6921,1.9384,3.8209,1.2004,2.7502,3.7588,2.3402,2.3488,4.9323,1.4088,2.6104,3.3621,2.1589,2.2877,4.0651,0.81944,1.9724,3.3906,2.426,2.3271,3.8056,2.3461,2.3492,3.7294,2.29,1.9993,5.0632,2.6267,2.2898,4.8266,2.3967,2.2407,3.7933,1.4385,1.6101,3.9164,2.3439,2.5956,4.9203,1.7528,1.9453,3.8615,0.81789,2.1184,4.1231,1.5865,1.844,4.3367,2.3138,2.5662,4.9494,1.4486,2.3979,3.2549,5.8462,2.8237,2.1241,1.8633,1.7527,3.5257,1.9427,2.9177,4.1825,2.1091,1.9891,4.8353,1.1762,2.621,4.3629,1.9986,2.1557,4.9405,1.6528,1.7819,3.9342,1.6305,2.0012,3.3356,1.1471,2.7276,3.7159,1.0342,2.8489,3.8284,1.5584,2.4889,3.914,1.1655,2.6839,3.6835,1.7655,1.7519,4.0823,0.74618,2.4496,2.81,1.836,2.1307,4.411,0.10344,2.7821,2.9917,1.0461,1.9491,4.3327,0.98026,2.2852,3.0775,1.589,2.4065,4.5632,1.0055,2.0797,2.832,0.79449,2.0085,2.6894,1.6847,1.7664,3.9401,0.87553,2.4415,2.9031,1.3203,1.5827,3.8405,2.7714,2.6088,4.6157,1.05,2.2244,3.6384,1.1751,2.7314,3.6857,2.0031,1.9968,4.4747,1.0154,1.9599,4.242,1.9035,1.6451,3.4359,1.7174,2.4973,3.9742,2.246,2.537,4.8808,2.0645,2.3558,3.6063,1.2111,3.0576,3.4622,1.4038,1.4448,4.2526,0.70536,2.9795,3.6556,1.6474,1.7251,4.2417,0.79792,2.0005,2.7209,0.55805,2.2199,4.0432,2.6055,2.5995,4.5228,2.0168,2.1052,3.4506,1.3762,2.8863,3.5333,1.0871,2.2252,3.6178,2.5386,2.0358,4.4785,1.5027,1.7361,4.4199,1.5956,2.5865,3.5681,2.0705,2.2891,4.0629,2.7103,2.3078,4.9666,0.44734,2.5024,2.932
0.17551,0.27803,0.006628,246.32,274.04,200.65,0.0014054,0.0016448,0.001011,212.77,230.23,231.11,222.22,215.6,178.1,243.05,230.76,269.7,224.19,262.34,277.67,199.55,234.12,225.37,288.95,226.89,255.33,223.03,177.45,343.11,244.22,206.69,253.15,210.57,282.89,262.96,323.15,176.02,275.32,232.81,224.14,147.42,240.31,276.43,353.04,264.93,210.61,313.93,357.21,301.14,193.26,245.21,195.84,285.16,271.92,310.81,307.95,354.07,287.57,282.91,275.07,367.62,356.06,362.1,284.09,329.73,265.71,228.42,406.56,364.43,353.96,335.22,197.11,286.16,243.64,233.54,216.89,313.92,241.77,267.15,254.12,323.71,322.22,245.54,260.88,284.3,331.44,340.88,317.55,225.77,304.07,311.77,279.59,322.16,200.29,296.0,271.84,309.29,287.36,316.63,304.65,277.55,312.92,269.74,278.66,275.32,339.95,269.68,265.21,370.64,358.45,368.84,259.81,341.81,430.75,427.4,329.89,244.85,316.28,398.13,286.8,281.39,302.51,272.93,366.21,311.27,357.29,383.67,347.17,294.8,384.29,370.44,298.13,333.15,349.41,460.06,262.21,452.76,457.27,400.78,304.15,423.5,255.65,295.37,580.71,330.95,337.25,359.18,340.52,329.75,268.51,331.51,396.42,275.81,409.03,343.38,287.33,347.41,425.16,257.42,288.48,371.25,254.74,156.98,296.74,362.72,323.88,430.45,395.71,213.39,284.79,210.22,224.82,259.5,289.68,229.98,318.28,287.1,236.03,276.7,250.91,289.29,193.48,275.6,267.23,259.25,236.02,227.54,321.08,225.07,320.92,374.18,263.0,283.48,249.87,328.02,284.45,236.55,311.98,337.76,282.6,296.12,286.23,310.3,323.76,272.95,468.06,237.07,259.91,260.98,269.46,258.63,285.89,277.43,339.26,267.68,250.75,265.79,315.29,268.25,199.98,222.65,265.09,340.18,258.82,232.59,287.09,247.75,276.88,275.07,252.86,265.45,285.24,286.64,219.63,285.72,224.42,294.42,227.92,239.2,194.56,274.98,278.31,180.02,282.07,228.16,183.4,265.07,193.97,229.52,274.13,195.82,249.96,262.77,203.1,260.16,255.21,234.73,190.24,248.84,214.46,248.07,240.86,168.47,287.95,290.03,213.2,175.05,208.04,278.07,245.53,249.93,234.92,154.08,160.64,203.46,247.46,249.3,226.02,230.22,215.44,193.15,173.65,183.39,231.06,210.03,252.88,219.57,0.00079176,0.0010633,0.001057,0.0011613,0.0010475,0.00085185,0.0012746,0.00098464,0.0013761,0.0010628,0.0013782,0.0015271,0.0010006,0.0012573,0.0010964,0.001694,0.0013059,0.0014127,0.0014178,0.0010871,0.0019883,0.0016056,0.0012934,0.001721,0.0014409,0.0018039,0.001508,0.0018616,0.0013192,0.0018154,0.0014244,0.0013666,0.0010315,0.0013413,0.0016823,0.0021119,0.0016315,0.0013793,0.0019031,0.0020266,0.0016598,0.0011114,0.001603,0.0014602,0.0017233,0.0016958,0.0018985,0.0017119,0.00209,0.0017165,0.0013706,0.0016931,0.0022232,0.0019091,0.0021349,0.0017994,0.0019197,0.0012201,0.001606,0.0024556,0.0022734,0.0020989,0.00202,0.001347,0.0019825,0.0015993,0.0014345,0.0016025,0.0020014,0.00156,0.0018006,0.0017501,0.0018768,0.0020116,0.0014137,0.0017156,0.0017384,0.0020516,0.0021552,0.0020331,0.00132,0.0020952,0.0020262,0.0016563,0.0013717,0.001541,0.001311,0.0018122,0.0018607,0.0018454,0.0019871,0.0017857,0.0014341,0.0020009,0.0014093,0.0018385,0.0017522,0.0021456,0.0015863,0.0017338,0.0019251,0.0021506,0.0022529,0.0015607,0.0021316,0.0020248,0.0024377,0.0021151,0.0017054,0.0018992,0.002388,0.0019236,0.0013594,0.0018504,0.0017912,0.0022165,0.0019248,0.0020708,0.0021092,0.001739,0.0014512,0.002254,0.0017497,0.0020341,0.001878,0.0016045,0.0025868,0.0018339,0.002095,0.0025966,0.0024626,0.0018839,0.0023309,0.0012868,0.0019222,0.0027502,0.0020044,0.0017209,0.0021463,0.0018986,0.0019902,0.00174,0.0018331,0.0023548,0.001914,0.0019637,0.0020089,0.0013638,0.0017182,0.0022149,0.0016766,0.0019026,0.002026,0.0016897,0.0012086,0.0017152,0.0021659,0.0020101,0.0019334,0.0020477,0.001368,0.0017749,0.0014796,0.0015899,0.0015237,0.0017445,0.0016431,0.0019532,0.0018247,0.0016432,0.0018315,0.0014776,0.0018351,0.001433,0.0017651,0.0016729,0.0017902,0.001543,0.0014445,0.0018339,0.0014589,0.0019126,0.0021743,0.0016839,0.0018183,0.0017507,0.0019902,0.0017531,0.0016166,0.0018192,0.0017637,0.0018484,0.0018457,0.0018044,0.0021116,0.0019514,0.0017671,0.0015668,0.0016445,0.0016176,0.0016945,0.0017466,0.0016806,0.001834,0.0016753,0.0022687,0.001606,0.0017263,0.0016432,0.0017295,0.0016658,0.0013958,0.0015205,0.0015987,0.0020455,0.0016689,0.0015633,0.0016235,0.0015506,0.00176,0.0017542,0.0015831,0.0016274,0.0017058,0.001763,0.0014765,0.0017673,0.0014964,0.001743,0.0015168,0.0013719,0.0012929,0.0015264,0.0017731,0.0012562,0.0016855,0.0013478,0.0014451,0.001633,0.0012788,0.0014791,0.0016562,0.00139,0.001486,0.0015537,0.0011864,0.0015609,0.0014768,0.0014831,0.0012547,0.0015654,0.0013315,0.0015403,0.0013939,0.00096697,0.0015386,0.0016384,0.0011865,0.0011948,0.0011434,0.0015244,0.0014972,0.0014897,0.0010655,0.00095393,0.00097453,0.0010044,0.0014793,0.0014569,0.0010486,0.0012837,0.0010443,0.0010302,0.00087668,0.00084103,0.0011248,0.001126,0.001375,0.0012133,1074300.0,1105700.0,792270.0,4276700.0,2284500.0,1150800.0,5856800.0,1513400.0,1879800.0,3242500.0,2966100.0,734830.0,5652900.0,1298400.0,4052200.0,2459600.0,5070500.0,4091400.0,1340500.0,3371900.0,2502600.0,3347400.0,11704000.0,958350.0,6311800.0,749460.0,9101500.0,1591900.0,1841400.0,815570.0,3232100.0,1680500.0,5814300.0,23940000.0,2520900.0,2724900.0,4347000.0,1235900.0,1513400.0,1646200.0,2062700.0,1057700.0,2058300.0,1019200.0,7475600.0,2433400.0,1825600.0,1494000.0,2274900.0,15971000.0,952090.0,7278300.0,3995200.0,706940.0,3910700.0,1079100.0,2657700.0,17679000.0,32102000.0,2373200.0,1720700.0,1532600.0,2840700.0,1036400.0,1926200.0,3409900.0,803840.0,2871900.0,1940600.0,3915400.0,2755300.0,1446400.0,1119200.0,15048000.0,5077600.0,1340600.0,3613400.0,1673300.0,965090.0,2573300.0,3702600.0,1313000.0,893150.0,2116300.0,873820.0,1861100.0,2850800.0,4950200.0,4191200.0,2338500.0,5694300.0,1300700.0,9352900.0,4677300.0,1017700.0,1694700.0,903640.0,1769700.0,3509900.0,9918500.0,1730700.0,16523000.0,1417300.0,9919600.0,1633600.0,3256300.0,1272900.0,1628100.0,12535000.0,5115100.0,2157200.0,3869300.0,2389200.0,1225800.0,656170.0,3373000.0,11659000.0,2413800.0,1291100.0,778800.0,1922000.0,735100.0,1193700.0,2218700.0,8786700.0,4156700.0,2627900.0,3087700.0,2361300.0,1498700.0,773560.0,10411000.0,2404500.0,3548600.0,2073400.0,1371700.0,1031900.0,2014200.0,1052000.0,2853800.0,3921600.0,1159600.0,1477000.0,2103000.0,1521000.0,2210500.0,2422200.0,877170.0,6912100.0,1513500.0,9390500.0,6180200.0,809830.0,10291000.0,814480.0,1274500.0,19279000.0,683650.0,12167000.0,721740.0,5575100.0,3693400.0,3817200.0,2647300.0,5252900.0,4116200.0,4227600.0,964530.0,4135000.0,1638700.0,6369200.0,1506700.0,7610900.0,1080700.0,744550.0,4005200.0,2996600.0,1988300.0,8411500.0,2288700.0,948280.0,1205600.0,3671000.0,3568300.0,1940100.0,1475700.0,747540.0,6807100.0,5275200.0,2336700.0,637470.0,17726000.0,3323000.0,5257900.0,1142200.0,18258000.0,5431600.0,1100100.0,8580600.0,1353300.0,1434500.0,3992400.0,5297000.0,799330.0,1639500.0,973680.0,1778500.0,1568200.0,1456500.0,7851700.0,2342100.0,1425100.0,12280000.0,2793800.0,1238000.0,1263500.0,3260300.0,951930.0,4669600.0,1133200.0,1854600.0,8075300.0,4435100.0,696550.0,1421900.0,10018000.0,5258300.0,5069200.0,15394000.0,3001700.0,1931800.0,2342400.0,2994600.0,3189800.0,1882600.0,1749500.0,2275100.0,1499400.0,7215800.0,652060.0,3656200.0,8296200.0,8910100.0,1863600.0,5378600.0,4029700.0,5011000.0,864140.0,1139900.0,5361500.0,1551600.0,6587500.0,3485200.0,7122400.0,1970700.0,1638700.0,1591200.0,1087700.0,1106100.0,2208100.0,945990.0,5091800.0,3371700.0,4404800.0,3356800.0,2894200.0,2745600.0,15584000.0,14989000.0,6042000.0,4601000.0,2807600.0,6148400.0,3762100.0,1781300.0,2740300.0,1353800.0,4824200.0,3044800.0,1.5405,1.8567,4.1663,2.2391,2.4787,3.6652,1.2765,2.2377,4.2241,1.2021,1.9862,4.215,2.4695,2.6639,4.3217,0.76467,2.065,4.2212,1.6701,2.5252,3.8777,3.0849,2.844,5.8659,1.1893,2.0266,4.1969,1.7107,1.7153,4.2439,1.2904,2.2761,4.2766,0.7281,2.0337,4.2097,2.9107,2.8424,4.6507,5.568,2.7488,1.3729,1.2532,2.8179,3.6287,0.84131,2.1612,2.9989,2.576,2.1667,4.5598,1.4634,1.6782,3.8928,0.72505,2.6808,3.8926,1.8994,1.8324,3.5309,1.1977,2.3871,3.2333,0.36661,2.2916,3.4909,1.8502,1.6308,3.407,2.055,2.6804,4.2284,1.897,1.6367,3.3726,1.6345,1.6352,3.9724,0.33854,2.1866,3.128,2.1036,2.4329,4.52,1.4969,1.7014,3.2702,0.90553,1.9464,2.7553,3.234,2.8378,6.0092,1.9401,1.8181,3.5138,0.87999,2.7273,2.9112,1.6968,2.5955,4.0042,0.73581,1.8997,2.7438,1.1042,2.4157,3.1346,1.9347,1.9254,4.4922,1.8143,1.6521,3.8945,0.61744,2.1506,3.9006,1.3785,2.5484,3.8965,0.98405,2.1505,3.1799,2.619,2.3666,4.3774,2.0146,2.2098,4.728,1.5361,1.6437,3.9272,1.887,2.0051,4.4812,1.4943,2.2043,3.2319,0.81628,2.2368,3.0222,2.4422,2.4741,4.3705,2.0005,2.5132,4.8304,1.9329,2.6193,4.805,2.5933,2.3588,4.3621,1.2715,2.5199,3.8765,1.8333,2.3234,4.3916,2.4961,2.9839,4.3488,0.65044,2.3842,2.6548,1.3915,2.0189,4.6052,1.8772,3.0082,3.7407,0.2623,2.3771,3.3668,1.6953,1.6172,4.0805,0.81578,2.2047,3.0612,2.2651,2.3036,4.7085,0.55289,2.4104,3.1209,0.76978,2.2461,3.1481,0.015719,2.8974,1.7534,2.0205,2.1965,4.6426,2.5239,2.4212,4.2988,2.2984,2.3104,5.1425,1.9369,2.6561,4.1386,1.1224,1.8284,4.0416,4.5203,2.8179,0.69023,0.76627,2.1897,2.973,1.4617,2.131,4.2886,1.1669,2.2309,3.5532,2.0284,2.6352,4.2897,1.6186,1.5804,4.1474,1.1786,2.5247,3.1225,0.74258,2.4979,3.7377,2.2302,1.8245,3.6838,1.4018,2.5365,3.4785,1.3601,2.6021,3.5219,1.402,1.6339,4.2715,1.9363,2.6544,4.4569,2.0509,2.6567,4.6246,3.3452,2.8307,6.1393,1.7345,1.6192,4.1945,1.8763,1.9351,3.3902,2.4792,2.9561,5.3714,1.1987,2.5785,3.0522,2.6881,2.3946,5.0113,0.98797,2.6885,4.2122,1.4315,2.4996,3.5456,0.95934,1.9379,4.1417,1.7814,1.6273,4.0624,1.9557,1.9303,3.3923,6.0097,2.9005,2.8475,2.9514,2.2284,4.6702,1.5002,1.9326,4.375,1.1276,2.5627,3.3531,1.4266,2.4665,3.3879,1.7015,1.8864,3.6626,2.0352,2.4577,4.0857,1.0886,2.3711,3.2451,2.4964,1.8905,5.3133,0.99588,2.6073,3.2764,1.3767,2.5514,3.3326,0.24021,3.0462,3.1969,0.65894,1.9088,2.774,1.6657,1.9538,4.5965,1.507,1.8112,4.2073,5.2213,2.785,1.5911,0.87711,2.2187,2.9364,0.93477,2.7138,4.199,2.3808,2.432,3.6891,2.9221,2.2955,4.9696,3.0668,2.5891,4.6079,2.0658,2.3957,4.5956,2.1827,2.2123,4.171,0.70802,2.239,3.3212,0.62171,2.4173,3.049,0.57543,2.2426,3.886,2.4734,2.4354,4.5906,0.72049,2.4382,2.8964,1.3041,1.5648,4.3649,1.5917,1.934,3.5223,0.35028,2.6601,2.1811,3.4267,2.9249,0.28294,0.86027,2.2682,3.068,1.6264,1.6692,4.1557,1.6679,1.8996,3.2712,0.77542,2.3557,2.8759,2.2223,2.2848,4.9417,1.3226,2.5778,3.2137,1.2698,2.2091,3.6515,0.35691,2.0861,3.2995,1.7161,1.9036,3.4381,2.6264,2.0398,4.1122,2.049,2.1475,4.9599,1.3795,1.6997,3.8466,0.76997,2.0339,2.8085,2.0785,2.1245,5.071,2.1627,2.2889,4.56,1.5036,2.4457,4.0137,4.0537,2.8773,6.2528,1.8278,2.4947,3.9968,0.63262,1.9892,4.1577,1.2063,2.6202,4.2408,3.3095,2.7898,6.0807,1.7088,1.5631,3.2791,0.26909,2.3808,3.4146,4.88,3.0012,0.71447,0.4323,2.82,3.3135,1.1605,2.5434,3.0809,2.2595,2.1871,5.0129,1.6508,2.0565,4.4438,1.6588,1.6208,3.39,1.8368,2.9464,3.3846,0.74917,2.3329,2.914,0.80455,2.3812,3.013,0.23335,2.6639,3.3491,1.9656,2.4499,4.2805,0.65882,2.4106,2.7983,1.0113,2.3467,3.59,1.2902,1.7649,4.3229,0.23129,2.3521,3.4754,1.6957,1.5926,3.2778,0.82787,2.3122,2.8613,2.939,2.8569,6.031,1.7169,2.5189,3.9666,2.0341,2.2365,4.6086,2.2084,2.6577,5.0807,1.6091,1.9565,3.8121,1.4177,1.7743,3.7515,2.3012,2.143,4.989,1.4959,2.5732,3.943,0.47677,3.0053,2.1349,4.4632,2.9001,0.26774,1.3413,2.8393,4.1924,1.8747,1.9767,3.8925,1.1761,2.6722,2.7595,0.11032,2.7833,2.8372,1.0671,2.9153,4.1914,0.48014,2.4427,2.6067,0.85651,2.0727,2.8411,0.54115,2.4866,3.4112,1.7931,2.2267,4.3345,1.0899,2.8184,4.2351,0.69689,2.0474,2.9618,2.108,1.8379,3.7148,1.413,1.8815,3.7124,2.2755,2.6028,4.7543,1.5284,1.5749,4.1976,1.2778,2.1384,3.2322,0.73517,2.09,3.0053,0.73602,2.2695,2.6386,1.7929,2.3849,4.1835,2.2416,2.5846,4.9102,0.59751,2.0681,2.9463,1.734,1.7893,3.2922,0.86666,2.9832,2.6097,0.53839,2.5246,2.5917,3.2393,2.7262,6.1838,6.2359,2.8694,2.6618,4.147,2.8923,6.1228,2.4043,2.2623,3.7314,1.4736,3.058,4.465,1.2449,2.4475,3.4878,6.218,3.107,2.8926,2.375,2.1844,3.7455,1.3123,1.8442,3.7056,2.393,2.3283,4.6307,2.606,2.7163,4.2355,1.2596,2.7135,4.3228,1.6897,1.9379,3.8199,1.2014,2.7497,3.7603,2.3392,2.3475,4.9309,1.4063,2.6095,3.3624,2.1582,2.289,4.0644,0.81925,1.9727,3.3907,2.4259,2.3256,3.8061,2.3456,2.3483,3.729,2.2912,2.0002,5.065,2.6256,2.2899,4.8268,2.3973,2.2407,3.793,1.4392,1.6103,3.9172,2.3421,2.5941,4.9194,1.7509,1.9452,3.8608,0.81806,2.1179,4.1242,1.5857,1.8442,4.3376,2.3124,2.5642,4.9494,1.4484,2.398,3.2547,5.8453,2.8229,2.1233,1.8632,1.7524,3.5259,1.9417,2.9161,4.1803,2.1102,1.9896,4.8358,1.1772,2.6216,4.3639,2.0002,2.1559,4.9413,1.6532,1.7816,3.9337,1.6309,2.0009,3.3347,1.1482,2.7273,3.7171,1.0352,2.8491,3.8283,1.56,2.4895,3.9147,1.1656,2.6828,3.6834,1.7648,1.7513,4.0822,0.74455,2.4494,2.8104,1.8354,2.1316,4.4115,0.10344,2.7819,2.9935,1.0454,1.9492,4.3335,0.98053,2.2846,3.0781,1.5884,2.4066,4.5629,1.0057,2.0797,2.8319,0.79516,2.0086,2.6889,1.6856,1.7659,3.9397,0.87466,2.4412,2.9048,1.3194,1.5825,3.8405,2.7714,2.609,4.6154,1.0495,2.2257,3.6384,1.1755,2.7306,3.6861,2.0034,1.997,4.4747,1.0145,1.9599,4.2418,1.9041,1.6451,3.4358,1.7182,2.4976,3.9739,2.2473,2.5367,4.8803,2.0637,2.3556,3.6052,1.2108,3.0575,3.4622,1.4032,1.4448,4.2528,0.70614,2.9793,3.6557,1.6477,1.7248,4.2418,0.79855,2.0004,2.7207,0.55669,2.2201,4.0442,2.6045,2.5995,4.5229,2.0171,2.1049,3.4507,1.376,2.8858,3.5332,1.0872,2.2256,3.6175,2.5387,2.0363,4.4786,1.5028,1.7361,4.4199,1.5954,2.5865,3.568,2.0707,2.2891,4.0628,2.7104,2.3071,4.9662,0.44741,2.502,2.9318
0.1779,0.28184,0.0066972,246.89,275.09,200.43,0.0014083,0.0016501,0.0010101,212.6,230.14,231.25,222.32,215.74,177.84,242.93,230.74,269.9,224.23,262.77,278.25,199.37,234.43,225.5,289.61,227.12,255.79,223.55,177.2,344.1,244.71,207.01,253.68,210.78,283.37,263.36,323.61,176.18,275.87,233.66,224.22,147.26,240.8,277.7,354.39,265.92,210.8,315.46,357.89,300.64,192.93,246.88,196.67,286.05,272.97,312.38,309.79,355.98,287.93,282.94,275.57,370.64,358.1,365.14,285.47,331.61,268.45,229.3,409.51,367.22,357.06,336.07,196.65,287.94,244.59,235.25,218.28,316.8,243.3,268.28,254.63,326.66,323.69,243.71,262.67,285.32,333.5,341.74,320.69,226.37,304.52,314.91,280.53,321.81,201.91,298.17,273.23,311.98,287.68,317.25,305.04,279.91,314.84,272.55,278.42,276.01,341.11,270.54,265.35,374.51,360.77,368.69,261.27,344.24,434.97,429.39,330.96,246.23,317.99,400.32,288.33,284.84,304.05,273.8,368.35,312.73,357.92,385.82,348.44,304.13,388.59,371.36,300.27,336.06,353.88,459.43,263.6,457.5,461.06,403.81,306.48,427.87,262.65,297.37,586.12,334.25,340.67,361.58,343.35,332.28,269.64,333.03,398.21,277.16,414.91,343.65,290.6,351.43,429.56,258.79,290.15,373.22,256.56,156.6,298.53,363.48,325.07,435.73,395.75,213.45,285.9,211.04,225.56,260.46,290.15,230.9,318.94,288.38,236.84,277.76,251.44,290.32,194.52,275.96,267.69,259.47,236.27,227.8,321.39,225.43,322.28,374.52,263.4,284.44,250.05,328.36,285.19,236.64,313.09,338.03,283.74,297.05,286.94,311.31,325.08,273.64,471.11,237.43,260.46,261.95,269.95,258.86,286.78,278.06,340.64,268.35,251.64,266.01,316.67,269.15,200.17,223.31,265.74,341.5,259.66,232.86,287.13,248.37,277.66,275.64,253.14,265.97,285.49,286.94,220.16,286.53,224.82,295.36,228.06,239.21,194.86,275.33,278.76,180.15,282.41,228.32,183.56,265.38,194.1,229.77,274.65,195.94,250.25,263.16,203.14,260.66,255.4,234.83,190.23,248.98,214.57,248.51,241.17,168.42,288.23,290.3,213.25,174.91,208.05,278.21,245.83,250.19,235.04,154.09,160.54,203.41,247.52,249.66,226.03,230.31,215.35,193.1,173.57,183.27,230.95,209.78,253.07,219.44,0.00079015,0.0010614,0.0010553,0.0011613,0.001047,0.00084913,0.0012736,0.00098423,0.0013782,0.0010619,0.0013799,0.0015298,0.00099841,0.0012586,0.0010963,0.0016972,0.0013078,0.001416,0.0014203,0.001086,0.0019946,0.0016094,0.0012957,0.0017261,0.0014421,0.0018109,0.0015103,0.0018632,0.0013201,0.0018199,0.0014301,0.0013686,0.0010312,0.0013435,0.00169,0.0021216,0.0016379,0.0013752,0.001912,0.0020344,0.0016593,0.0011087,0.0016142,0.0014669,0.0017298,0.0017001,0.0019091,0.001722,0.0021042,0.0017188,0.0013685,0.0016991,0.0022398,0.0019199,0.002152,0.0018089,0.0019303,0.0012275,0.0016105,0.0024725,0.0022844,0.0021158,0.0020258,0.0013394,0.0019931,0.0016073,0.0014394,0.0016103,0.0020172,0.0015677,0.0018036,0.0017553,0.0018931,0.0020201,0.0013736,0.0017272,0.0017476,0.0020667,0.002162,0.0020493,0.0013107,0.0021003,0.0020448,0.0016656,0.0013713,0.0015524,0.0013199,0.0018191,0.0018762,0.0018498,0.0019922,0.0017866,0.0014443,0.002012,0.0014234,0.0018425,0.0017567,0.0021548,0.0015862,0.0017358,0.0019436,0.0021659,0.0022511,0.0015696,0.0021455,0.0020482,0.0024526,0.0021221,0.001714,0.0019114,0.0024006,0.0019338,0.0013792,0.0018599,0.0017979,0.0022304,0.0019309,0.0020705,0.0021184,0.0017402,0.0014915,0.0022739,0.0017476,0.0020448,0.001891,0.0016254,0.0025804,0.0018427,0.0021207,0.002612,0.0024804,0.0018927,0.0023475,0.001287,0.0019349,0.0027834,0.0020162,0.0017312,0.0021597,0.001907,0.0020035,0.0017466,0.0018444,0.002366,0.0019229,0.0019906,0.0020156,0.0013681,0.0017335,0.0022358,0.0016862,0.0019123,0.0020376,0.0017007,0.0012068,0.0017273,0.002168,0.0020164,0.0019578,0.0020404,0.0013693,0.0017817,0.0014847,0.0015939,0.0015263,0.0017473,0.0016498,0.0019582,0.0018311,0.0016494,0.0018388,0.0014819,0.0018405,0.0014378,0.0017685,0.0016765,0.0017904,0.0015426,0.0014455,0.001838,0.001461,0.0019199,0.0021763,0.0016821,0.0018239,0.0017521,0.0019965,0.0017577,0.0016183,0.001826,0.0017586,0.001855,0.0018523,0.0018082,0.0021168,0.0019591,0.0017717,0.0015841,0.0016451,0.00162,0.0016976,0.0017502,0.0016835,0.0018388,0.0016786,0.0022729,0.0016064,0.0017316,0.001645,0.0017363,0.0016706,0.001397,0.0015247,0.0016026,0.0020531,0.0016733,0.001566,0.0016243,0.0015537,0.0017637,0.0017586,0.0015852,0.0016308,0.0017094,0.0017653,0.00148,0.0017718,0.0014991,0.0017487,0.0015171,0.0013722,0.0012941,0.0015282,0.0017768,0.0012566,0.0016877,0.0013481,0.0014472,0.0016355,0.0012797,0.0014806,0.0016598,0.0013916,0.0014871,0.0015555,0.0011871,0.0015641,0.0014775,0.0014838,0.0012543,0.0015665,0.001332,0.0015426,0.0013954,0.00096635,0.0015408,0.0016411,0.0011864,0.0011944,0.0011432,0.0015246,0.0014985,0.0014908,0.0010657,0.00095408,0.00097327,0.0010033,0.0014796,0.0014585,0.0010483,0.0012837,0.0010435,0.0010296,0.00087583,0.00083965,0.0011237,0.0011244,0.0013754,0.0012125,1074300.0,1105700.0,792270.0,4276700.0,2284500.0,1150800.0,5856800.0,1513400.0,1879800.0,3242500.0,2966100.0,734830.0,5652900.0,1298400.0,4052200.0,2459600.0,5070500.0,4091400.0,1340500.0,3371900.0,2502600.0,3347400.0,11704000.0,958350.0,6311800.0,749460.0,9101500.0,1591900.0,1841400.0,815570.0,3232100.0,1680500.0,5814300.0,23940000.0,2520900.0,2724900.0,4347000.0,1235900.0,1513400.0,1646200.0,2062700.0,1057700.0,2058300.0,1019200.0,7475600.0,2433400.0,1825600.0,1494000.0,2274900.0,15971000.0,952090.0,7278300.0,3995200.0,706940.0,3910700.0,1079100.0,2657700.0,17679000.0,32102000.0,2373200.0,1720700.0,1532600.0,2840700.0,1036400.0,1926200.0,3409900.0,803840.0,2871900.0,1940600.0,3915400.0,2755300.0,1446400.0,1119200.0,15048000.0,5077600.0,1340600.0,3613400.0,1673300.0,965090.0,2573300.0,3702600.0,1313000.0,893150.0,2116300.0,873820.0,1861100.0,2850800.0,4950200.0,4191200.0,2338500.0,5694300.0,1300700.0,9352900.0,4677300.0,1017700.0,1694700.0,903640.0,1769700.0,3509900.0,9918500.0,1730700.0,16523000.0,1417300.0,9919600.0,1633600.0,3256300.0,1272900.0,1628100.0,12535000.0,5115100.0,2157200.0,3869300.0,2389200.0,1225800.0,656170.0,3373000.0,11659000.0,2413800.0,1291100.0,778800.0,1922000.0,735100.0,1193700.0,2218700.0,8786700.0,4156700.0,2627900.0,3087700.0,2361300.0,1498700.0,773560.0,10411000.0,2404500.0,3548600.0,2073400.0,1371700.0,1031900.0,2014200.0,1052000.0,2853800.0,3921600.0,1159600.0,1477000.0,2103000.0,1521000.0,2210500.0,2422200.0,877170.0,6912100.0,1513500.0,9390500.0,6180200.0,809830.0,10291000.0,814480.0,1274500.0,19279000.0,683650.0,12167000.0,721740.0,5575100.0,3693400.0,3817200.0,2647300.0,5252900.0,4116200.0,4227600.0,964530.0,4135000.0,1638700.0,6369200.0,1506700.0,7610900.0,1080700.0,744550.0,4005200.0,2996600.0,1988300.0,8411500.0,2288700.0,948280.0,1205600.0,3671000.0,3568300.0,1940100.0,1475700.0,747540.0,6807100.0,5275200.0,2336700.0,637470.0,17726000.0,3323000.0,5257900.0,1142200.0,18258000.0,5431600.0,1100100.0,8580600.0,1353300.0,1434500.0,3992400.0,5297000.0,799330.0,1639500.0,973680.0,1778500.0,1568200.0,1456500.0,7851700.0,2342100.0,1425100.0,12280000.0,2793800.0,1238000.0,1263500.0,3260300.0,951930.0,4669600.0,1133200.0,1854600.0,8075300.0,4435100.0,696550.0,1421900.0,10018000.0,5258300.0,5069200.0,15394000.0,3001700.0,1931800.0,2342400.0,2994600.0,3189800.0,1882600.0,1749500.0,2275100.0,1499400.0,7215800.0,652060.0,3656200.0,8296200.0,8910100.0,1863600.0,5378600.0,4029700.0,5011000.0,864140.0,1139900.0,5361500.0,1551600.0,6587500.0,3485200.0,7122400.0,1970700.0,1638700.0,1591200.0,1087700.0,1106100.0,2208100.0,945990.0,5091800.0,3371700.0,4404800.0,3356800.0,2894200.0,2745600.0,15584000.0,14989000.0,6042000.0,4601000.0,2807600.0,6148400.0,3762100.0,1781300.0,2740300.0,1353800.0,4824200.0,3044800.0,1.5409,1.8569,4.1663,2.2393,2.4788,3.6652,1.2765,2.2378,4.2241,1.2017,1.986,4.2148,2.469,2.6639,4.3219,0.76369,2.0651,4.2214,1.6719,2.5256,3.8775,3.0856,2.8439,5.866,1.1887,2.0267,4.1964,1.7101,1.7152,4.2437,1.2908,2.2769,4.2774,0.7263,2.0333,4.2097,2.9101,2.8424,4.6518,5.5658,2.7482,1.3715,1.2538,2.8174,3.629,0.83988,2.1613,2.9987,2.5776,2.1685,4.5618,1.4634,1.6781,3.8927,0.72683,2.6822,3.8935,1.8982,1.8331,3.5317,1.1989,2.3866,3.2349,0.36757,2.2917,3.4894,1.8512,1.6303,3.4074,2.0553,2.6785,4.227,1.8985,1.6363,3.3725,1.6366,1.6347,3.9732,0.33827,2.1871,3.1273,2.1049,2.4335,4.5215,1.4973,1.7016,3.2711,0.90707,1.9475,2.7551,3.2367,2.8376,6.0112,1.9399,1.8188,3.5143,0.8786,2.7278,2.9114,1.6957,2.5956,4.0043,0.73752,1.8998,2.7433,1.1043,2.4155,3.1352,1.9352,1.9255,4.4921,1.8163,1.652,3.8948,0.61908,2.1496,3.9032,1.3818,2.5495,3.8989,0.98393,2.1515,3.1786,2.6209,2.3678,4.3789,2.0144,2.21,4.728,1.5372,1.643,3.9273,1.8873,2.0066,4.4811,1.4951,2.2049,3.2314,0.81649,2.2382,3.0198,2.4423,2.4758,4.3706,2.0022,2.5118,4.8297,1.9334,2.6195,4.8041,2.5949,2.3601,4.3638,1.2715,2.5204,3.876,1.8362,2.3246,4.3928,2.5034,2.983,4.354,0.65298,2.3828,2.6575,1.3895,2.0184,4.6057,1.8746,3.0072,3.7365,0.26123,2.3767,3.3667,1.6959,1.6171,4.0806,0.81762,2.2065,3.0615,2.2656,2.3035,4.7091,0.54966,2.409,3.1216,0.76662,2.2472,3.1468,0.015702,2.8975,1.7519,2.0222,2.1987,4.6441,2.5238,2.423,4.2998,2.2965,2.3106,5.1425,1.935,2.6542,4.1371,1.1224,1.8277,4.0432,4.5195,2.8166,0.69248,0.76572,2.19,2.9723,1.4628,2.1316,4.289,1.1677,2.2332,3.5538,2.0259,2.6339,4.2873,1.6184,1.58,4.1473,1.1786,2.5242,3.1237,0.74182,2.4996,3.7375,2.232,1.8238,3.6837,1.4,2.5371,3.4784,1.3594,2.602,3.5216,1.4005,1.6336,4.2711,1.9358,2.6527,4.4557,2.0528,2.6542,4.6258,3.3435,2.8312,6.1396,1.7371,1.6185,4.1945,1.8789,1.9342,3.3892,2.4824,2.9552,5.3739,1.1984,2.5787,3.0519,2.6879,2.3938,5.0111,0.9896,2.69,4.2143,1.431,2.4998,3.5463,0.96035,1.9387,4.1433,1.7817,1.6279,4.0623,1.9577,1.9305,3.3923,6.0099,2.9003,2.8471,2.9536,2.2279,4.6707,1.5032,1.9316,4.3773,1.1286,2.5617,3.3535,1.4272,2.4668,3.3886,1.7016,1.8854,3.6622,2.0367,2.458,4.0874,1.0886,2.3722,3.2457,2.4978,1.8879,5.3151,0.99559,2.6061,3.2763,1.375,2.5523,3.3315,0.24028,3.0466,3.1965,0.65924,1.9107,2.7723,1.6661,1.953,4.5988,1.5083,1.8101,4.208,5.2198,2.7829,1.59,0.87853,2.2196,2.9377,0.93672,2.7152,4.2016,2.3811,2.4307,3.6916,2.9236,2.2951,4.9698,3.0695,2.5881,4.6091,2.0677,2.3951,4.597,2.1824,2.2133,4.1709,0.70787,2.242,3.321,0.62478,2.4173,3.0495,0.57588,2.2443,3.8866,2.4708,2.4361,4.5905,0.71901,2.4394,2.8941,1.3038,1.5656,4.3644,1.5914,1.9328,3.5239,0.3532,2.6604,2.183,3.4267,2.924,0.2829,0.85905,2.2675,3.0681,1.6263,1.6691,4.1568,1.6687,1.9006,3.2729,0.77616,2.3552,2.8772,2.2238,2.2837,4.9416,1.3246,2.578,3.2156,1.2715,2.21,3.6539,0.35746,2.0855,3.3009,1.7167,1.9025,3.4383,2.6274,2.0383,4.1136,2.0483,2.1477,4.9598,1.38,1.6992,3.8471,0.77016,2.0354,2.81,2.0789,2.1237,5.0724,2.1618,2.2897,4.5612,1.5036,2.4472,4.0148,4.05,2.8742,6.2488,1.826,2.4957,3.9958,0.63036,1.9897,4.1584,1.2048,2.6199,4.2402,3.3066,2.7887,6.0805,1.7081,1.5632,3.2791,0.27009,2.3817,3.4159,4.8766,3.0014,0.71087,0.43238,2.8206,3.316,1.1594,2.5438,3.0826,2.2595,2.187,5.014,1.6524,2.0556,4.4448,1.6587,1.6206,3.3905,1.8412,2.9469,3.3878,0.74951,2.3318,2.9149,0.80352,2.38,3.0133,0.23249,2.6642,3.349,1.9676,2.4508,4.2811,0.66002,2.4099,2.7989,1.0114,2.3487,3.5893,1.2901,1.7645,4.3233,0.23095,2.3525,3.4768,1.6956,1.5928,3.2777,0.82996,2.3108,2.8622,2.9373,2.8566,6.0315,1.7136,2.518,3.9658,2.034,2.2373,4.6087,2.2044,2.6566,5.0786,1.6069,1.9563,3.8115,1.4187,1.7733,3.7522,2.3015,2.143,4.9886,1.4955,2.5725,3.9419,0.47566,3.0045,2.1327,4.4614,2.8991,0.26728,1.3411,2.8401,4.191,1.8734,1.9772,3.8924,1.1743,2.6723,2.7579,0.10652,2.7827,2.8358,1.0676,2.9154,4.1915,0.47944,2.4415,2.6074,0.85692,2.0738,2.8404,0.54174,2.4869,3.412,1.7956,2.2275,4.3354,1.0878,2.819,4.234,0.69796,2.0485,2.9599,2.1089,1.8376,3.7137,1.4142,1.8819,3.7131,2.2726,2.601,4.7511,1.5301,1.575,4.1977,1.2767,2.1382,3.2329,0.73632,2.0913,3.0044,0.73633,2.2681,2.6388,1.7933,2.3854,4.1839,2.2398,2.5831,4.9095,0.59719,2.0687,2.9449,1.7343,1.7905,3.2919,0.86853,2.9826,2.6104,0.53769,2.525,2.5914,3.2407,2.7258,6.1856,6.2375,2.8695,2.6644,4.143,2.8911,6.1182,2.4049,2.2599,3.7311,1.4753,3.0579,4.4693,1.2441,2.448,3.4883,6.2089,3.1072,2.8859,2.3749,2.1835,3.7446,1.3129,1.8441,3.706,2.3921,2.3284,4.6317,2.6056,2.7176,4.2379,1.2594,2.7136,4.3222,1.6874,1.9374,3.8189,1.2024,2.7491,3.7619,2.3382,2.3463,4.9295,1.4038,2.6086,3.3628,2.1575,2.2903,4.0638,0.81907,1.9731,3.3908,2.4258,2.3241,3.8065,2.3451,2.3475,3.7287,2.2924,2.0011,5.0667,2.6247,2.29,4.827,2.3979,2.2408,3.7928,1.4399,1.6106,3.918,2.3404,2.5927,4.9186,1.7489,1.9451,3.8602,0.81823,2.1175,4.1252,1.5849,1.8445,4.3385,2.3111,2.5623,4.9494,1.4482,2.3981,3.2546,5.8443,2.8221,2.1224,1.8632,1.7521,3.5262,1.9406,2.9145,4.1782,2.1113,1.9902,4.8363,1.1781,2.6222,4.365,2.0018,2.1562,4.9422,1.6535,1.7813,3.9333,1.6314,2.0007,3.3338,1.1493,2.727,3.7183,1.0361,2.8492,3.8281,1.5615,2.49,3.9153,1.1657,2.6817,3.6832,1.7641,1.7508,4.082,0.74296,2.4492,2.8109,1.8348,2.1324,4.4121,0.10344,2.7816,2.9952,1.0446,1.9493,4.3343,0.98079,2.2841,3.0788,1.5878,2.4067,4.5627,1.0059,2.0796,2.8318,0.79582,2.0086,2.6884,1.6864,1.7654,3.9393,0.87381,2.4409,2.9064,1.3185,1.5824,3.8406,2.7714,2.6093,4.6152,1.049,2.227,3.6384,1.1759,2.7298,3.6864,2.0038,1.9971,4.4747,1.0136,1.9599,4.2416,1.9048,1.6451,3.4357,1.719,2.4978,3.9736,2.2486,2.5364,4.8798,2.0629,2.3553,3.6043,1.2105,3.0573,3.4623,1.4026,1.4448,4.253,0.70689,2.9791,3.6559,1.648,1.7245,4.2419,0.79916,2.0004,2.7204,0.55536,2.2204,4.0453,2.6036,2.5994,4.5229,2.0174,2.1047,3.4509,1.3758,2.8853,3.5331,1.0872,2.2261,3.6173,2.5389,2.0368,4.4788,1.503,1.7362,4.4199,1.5952,2.5864,3.5678,2.0709,2.2892,4.0627,2.7106,2.3064,4.9659,0.44749,2.5017,2.9316
0.17879,0.28326,0.0067244,247.37,275.79,200.57,0.001411,0.0016541,0.0010108,212.66,230.24,231.62,222.55,216.07,178.31,242.9,230.9,270.14,224.44,263.25,278.93,199.67,234.81,225.78,290.19,227.34,256.21,224.02,177.48,344.72,244.91,207.24,253.94,210.91,283.77,263.74,324.08,176.4,276.0,234.05,224.6,147.63,241.52,278.36,355.06,266.52,211.02,316.48,358.4,300.87,193.05,247.88,197.05,286.7,273.47,313.09,310.47,357.01,288.37,283.46,275.92,371.93,358.47,366.52,286.47,332.16,270.16,229.76,410.56,368.44,357.43,337.06,196.69,288.48,245.12,236.25,218.95,318.03,244.34,269.4,254.99,327.79,324.63,244.53,263.45,285.51,334.29,342.59,321.84,227.48,305.35,316.06,280.62,322.94,202.69,299.64,274.01,312.95,288.02,317.95,305.86,280.98,315.75,273.88,278.47,276.67,342.01,271.33,265.95,376.48,361.66,369.56,262.39,345.38,436.62,430.14,331.89,247.26,318.77,401.17,288.94,288.14,304.97,274.15,369.31,313.69,358.32,387.1,349.23,309.48,389.77,373.14,301.27,337.54,355.46,459.72,264.37,459.58,462.16,405.29,307.66,429.51,266.16,298.39,588.15,335.4,342.74,362.66,344.56,333.23,270.52,333.7,399.4,277.8,417.5,343.37,291.82,353.39,431.6,259.4,291.12,374.09,257.66,156.74,299.61,364.25,325.79,438.19,396.25,214.04,286.48,211.5,226.02,261.4,290.81,231.41,319.3,289.17,237.13,278.35,251.83,290.99,195.23,276.48,267.98,260.01,236.86,228.33,321.49,225.94,323.11,375.08,263.66,285.34,250.68,328.98,285.98,237.02,313.83,338.73,284.56,297.7,287.58,312.25,325.76,274.21,472.75,237.99,260.82,262.64,270.45,259.05,287.25,278.66,341.85,269.04,252.28,266.35,317.55,269.81,200.49,223.66,266.15,342.4,260.54,233.38,287.35,248.72,278.13,276.19,253.65,266.4,285.87,287.13,220.56,287.29,225.07,295.98,228.45,239.52,195.29,275.86,279.32,180.33,282.75,228.71,183.88,265.76,194.52,230.24,275.13,196.26,250.54,263.42,203.24,261.12,255.81,235.14,190.49,249.42,214.9,248.87,241.56,168.6,288.43,290.7,213.53,175.07,208.35,278.64,246.38,250.45,235.19,154.2,160.76,203.62,247.86,250.04,226.16,230.57,215.56,193.32,173.78,183.44,231.18,209.96,253.48,219.74,0.00079032,0.0010616,0.0010564,0.0011625,0.0010484,0.00085146,0.0012733,0.00098504,0.0013802,0.0010628,0.0013825,0.0015334,0.00099998,0.0012609,0.0010977,0.0017001,0.0013092,0.0014188,0.0014232,0.0010882,0.0019983,0.0016107,0.0012971,0.0017287,0.0014429,0.0018143,0.0015129,0.0018655,0.0013218,0.0018213,0.0014325,0.0013719,0.0010338,0.0013474,0.0016939,0.0021259,0.0016415,0.0013755,0.001918,0.002039,0.0016627,0.0011095,0.0016202,0.0014696,0.0017343,0.001703,0.0019144,0.0017259,0.0021115,0.0017219,0.0013709,0.0017026,0.0022466,0.0019221,0.0021596,0.0018146,0.0019339,0.0012354,0.0016132,0.0024795,0.0022892,0.002117,0.0020314,0.001339,0.001997,0.0016113,0.0014445,0.0016149,0.0020239,0.0015739,0.0018091,0.0017583,0.0019003,0.0020255,0.0013711,0.0017318,0.0017501,0.0020722,0.0021663,0.0020552,0.0013141,0.0021053,0.0020517,0.0016679,0.0013766,0.0015573,0.0013258,0.0018229,0.0018819,0.0018528,0.0019964,0.0017913,0.0014493,0.0020179,0.0014301,0.0018445,0.0017602,0.0021609,0.0015889,0.0017397,0.0019536,0.0021717,0.002256,0.0015766,0.002151,0.0020577,0.002459,0.0021277,0.0017208,0.0019171,0.0024062,0.0019381,0.0013989,0.0018666,0.0018018,0.0022365,0.0019364,0.0020739,0.0021253,0.0017452,0.0015113,0.0022808,0.0017605,0.0020495,0.0018985,0.0016343,0.0025823,0.0018477,0.0021321,0.002617,0.0024886,0.0018984,0.0023562,0.0012978,0.0019412,0.0027963,0.0020214,0.0017412,0.0021662,0.0019126,0.0020098,0.0017516,0.0018502,0.0023729,0.0019279,0.0020028,0.0020168,0.0013718,0.0017429,0.0022469,0.0016907,0.0019174,0.0020433,0.0017076,0.0012091,0.0017342,0.002172,0.0020196,0.0019704,0.0020407,0.0013736,0.0017853,0.0014872,0.0015969,0.0015309,0.0017516,0.0016535,0.0019612,0.0018353,0.0016519,0.0018427,0.0014845,0.0018442,0.0014415,0.0017724,0.0016784,0.0017928,0.0015454,0.0014485,0.0018395,0.001464,0.0019248,0.0021799,0.0016828,0.0018285,0.0017561,0.0020024,0.0017624,0.0016212,0.0018309,0.0017609,0.0018594,0.0018569,0.0018119,0.0021217,0.0019633,0.0017754,0.0015917,0.0016482,0.0016215,0.0017011,0.0017538,0.0016852,0.0018419,0.0016824,0.002278,0.0016097,0.0017351,0.0016476,0.001741,0.0016743,0.0013992,0.0015267,0.0016051,0.0020586,0.0016788,0.0015695,0.0016262,0.0015555,0.0017661,0.0017626,0.0015886,0.0016334,0.0017126,0.0017668,0.0014824,0.0017763,0.0015008,0.0017527,0.0015194,0.0013743,0.0012965,0.0015312,0.0017806,0.0012574,0.0016899,0.0013501,0.0014493,0.0016381,0.0012822,0.0014835,0.0016629,0.0013941,0.0014884,0.0015569,0.001188,0.0015669,0.0014797,0.0014859,0.0012559,0.0015693,0.0013341,0.0015446,0.0013977,0.00096764,0.0015424,0.001644,0.0011882,0.0011957,0.001145,0.0015269,0.0015016,0.0014921,0.0010666,0.00095511,0.00097465,0.0010045,0.0014817,0.0014606,0.001049,0.0012852,0.0010447,0.0010309,0.0008771,0.00084066,0.0011251,0.0011256,0.0013776,0.0012145,1074300.0,1105700.0,792270.0,4276700.0,2284500.0,1150800.0,5856800.0,1513400.0,1879800.0,3242500.0,2966100.0,734830.0,5652900.0,1298400.0,4052200.0,2459600.0,5070500.0,4091400.0,1340500.0,3371900.0,2502600.0,3347400.0,11704000.0,958350.0,6311800.0,749460.0,9101500.0,1591900.0,1841400.0,815570.0,3232100.0,1680500.0,5814300.0,23940000.0,2520900.0,2724900.0,4347000.0,1235900.0,1513400.0,1646200.0,2062700.0,1057700.0,2058300.0,1019200.0,7475600.0,2433400.0,1825600.0,1494000.0,2274900.0,15971000.0,952090.0,7278300.0,3995200.0,706940.0,3910700.0,1079100.0,2657700.0,17679000.0,32102000.0,2373200.0,1720700.0,1532600.0,2840700.0,1036400.0,1926200.0,3409900.0,803840.0,2871900.0,1940600.0,3915400.0,2755300.0,1446400.0,1119200.0,15048000.0,5077600.0,1340600.0,3613400.0,1673300.0,965090.0,2573300.0,3702600.0,1313000.0,893150.0,2116300.0,873820.0,1861100.0,2850800.0,4950200.0,4191200.0,2338500.0,5694300.0,1300700.0,9352900.0,4677300.0,1017700.0,1694700.0,903640.0,1769700.0,3509900.0,9918500.0,1730700.0,16523000.0,1417300.0,9919600.0,1633600.0,3256300.0,1272900.0,1628100.0,12535000.0,5115100.0,2157200.0,3869300.0,2389200.0,1225800.0,656170.0,3373000.0,11659000.0,2413800.0,1291100.0,778800.0,1922000.0,735100.0,1193700.0,2218700.0,8786700.0,4156700.0,2627900.0,3087700.0,2361300.0,1498700.0,773560.0,10411000.0,2404500.0,3548600.0,2073400.0,1371700.0,1031900.0,2014200.0,1052000.0,2853800.0,3921600.0,1159600.0,1477000.0,2103000.0,1521000.0,2210500.0,2422200.0,877170.0,6912100.0,1513500.0,9390500.0,6180200.0,809830.0,10291000.0,814480.0,1274500.0,19279000.0,683650.0,12167000.0,721740.0,5575100.0,3693400.0,3817200.0,2647300.0,5252900.0,4116200.0,4227600.0,964530.0,4135000.0,1638700.0,6369200.0,1506700.0,7610900.0,1080700.0,744550.0,4005200.0,2996600.0,1988300.0,8411500.0,2288700.0,948280.0,1205600.0,3671000.0,3568300.0,1940100.0,1475700.0,747540.0,6807100.0,5275200.0,2336700.0,637470.0,17726000.0,3323000.0,5257900.0,1142200.0,18258000.0,5431600.0,1100100.0,8580600.0,1353300.0,1434500.0,3992400.0,5297000.0,799330.0,1639500.0,973680.0,1778500.0,1568200.0,1456500.0,7851700.0,2342100.0,1425100.0,12280000.0,2793800.0,1238000.0,1263500.0,3260300.0,951930.0,4669600.0,1133200.0,1854600.0,8075300.0,4435100.0,696550.0,1421900.0,10018000.0,5258300.0,5069200.0,15394000.0,3001700.0,1931800.0,2342400.0,2994600.0,3189800.0,1882600.0,1749500.0,2275100.0,1499400.0,7215800.0,652060.0,3656200.0,8296200.0,8910100.0,1863600.0,5378600.0,4029700.0,5011000.0,864140.0,1139900.0,5361500.0,1551600.0,6587500.0,3485200.0,7122400.0,1970700.0,1638700.0,1591200.0,1087700.0,1106100.0,2208100.0,945990.0,5091800.0,3371700.0,4404800.0,3356800.0,2894200.0,2745600.0,15584000.0,14989000.0,6042000.0,4601000.0,2807600.0,6148400.0,3762100.0,1781300.0,2740300.0,1353800.0,4824200.0,3044800.0,1.541,1.8569,4.1663,2.2393,2.4789,3.6651,1.2765,2.2379,4.2241,1.2015,1.9859,4.2147,2.4688,2.6639,4.322,0.76331,2.0651,4.2214,1.6726,2.5257,3.8774,3.0859,2.8439,5.866,1.1884,2.0268,4.1962,1.7099,1.7151,4.2437,1.2909,2.2772,4.2776,0.72563,2.0331,4.2097,2.91,2.8424,4.6521,5.565,2.748,1.3709,1.254,2.8172,3.6292,0.83934,2.1613,2.9986,2.5782,2.1691,4.5625,1.4634,1.678,3.8926,0.72751,2.6827,3.8938,1.8978,1.8334,3.532,1.1993,2.3864,3.2355,0.36791,2.2918,3.4888,1.8515,1.6301,3.4075,2.0554,2.6778,4.2264,1.899,1.6362,3.3725,1.6373,1.6345,3.9735,0.33817,2.1873,3.127,2.1053,2.4337,4.5221,1.4975,1.7017,3.2714,0.90763,1.9478,2.7551,3.2376,2.8375,6.012,1.9399,1.8191,3.5145,0.87807,2.7279,2.9115,1.6953,2.5957,4.0043,0.73815,1.8998,2.7431,1.1044,2.4154,3.1354,1.9353,1.9255,4.4921,1.817,1.6519,3.8948,0.61969,2.1493,3.9042,1.383,2.5498,3.8998,0.98388,2.1519,3.1781,2.6217,2.3682,4.3795,2.0143,2.21,4.7281,1.5376,1.6427,3.9274,1.8874,2.0072,4.481,1.4954,2.2051,3.2312,0.81657,2.2388,3.0189,2.4423,2.4765,4.3707,2.0029,2.5113,4.8294,1.9335,2.6196,4.8037,2.5954,2.3606,4.3645,1.2715,2.5205,3.8758,1.8373,2.3251,4.3933,2.5062,2.9827,4.356,0.65393,2.3822,2.6585,1.3887,2.0183,4.6058,1.8736,3.0069,3.735,0.26084,2.3766,3.3668,1.6961,1.6171,4.0806,0.8183,2.2072,3.0616,2.2658,2.3035,4.7094,0.54843,2.4085,3.1219,0.76546,2.2476,3.1463,0.015711,2.8975,1.7513,2.0229,2.1995,4.6446,2.5238,2.4237,4.3002,2.2958,2.3107,5.1425,1.9343,2.6535,4.1366,1.1224,1.8274,4.0437,4.5192,2.8161,0.69332,0.76552,2.1901,2.9721,1.4632,2.1318,4.2892,1.168,2.2341,3.554,2.025,2.6334,4.2864,1.6184,1.5798,4.1472,1.1785,2.524,3.1241,0.74153,2.5002,3.7374,2.2327,1.8235,3.6837,1.3994,2.5372,3.4784,1.3592,2.602,3.5215,1.3999,1.6335,4.271,1.9357,2.6521,4.4553,2.0535,2.6532,4.6263,3.3428,2.8314,6.1398,1.7381,1.6182,4.1945,1.8799,1.9339,3.3888,2.4836,2.9549,5.3747,1.1982,2.5788,3.0518,2.6878,2.3934,5.011,0.99021,2.6906,4.215,1.4308,2.4998,3.5466,0.96073,1.939,4.1439,1.7818,1.6281,4.0622,1.9584,1.9306,3.3924,6.01,2.9003,2.847,2.9544,2.2277,4.6709,1.5043,1.9312,4.3782,1.129,2.5613,3.3536,1.4275,2.4669,3.3889,1.7017,1.885,3.6621,2.0373,2.4582,4.088,1.0886,2.3726,3.2459,2.4983,1.8869,5.3157,0.99547,2.6057,3.2763,1.3743,2.5527,3.3311,0.24035,3.0468,3.1964,0.65933,1.9114,2.7716,1.6662,1.9526,4.5997,1.5088,1.8096,4.2082,5.2193,2.7821,1.5896,0.87903,2.22,2.9382,0.93744,2.7157,4.2025,2.3812,2.4302,3.6924,2.9242,2.295,4.9698,3.0705,2.5878,4.6096,2.0683,2.3948,4.5975,2.1823,2.2137,4.1709,0.70781,2.2431,3.3209,0.62589,2.4173,3.0497,0.57603,2.245,3.8868,2.4699,2.4364,4.5905,0.71848,2.4399,2.8932,1.3037,1.5658,4.3642,1.5913,1.9324,3.5245,0.35428,2.6606,2.1838,3.4267,2.9236,0.28287,0.8586,2.2672,3.0682,1.6263,1.6691,4.1571,1.669,1.901,3.2735,0.77644,2.355,2.8776,2.2244,2.2832,4.9415,1.3253,2.5781,3.2163,1.2721,2.2104,3.6547,0.3577,2.0852,3.3015,1.7168,1.9021,3.4384,2.6277,2.0378,4.1141,2.048,2.1478,4.9598,1.3802,1.699,3.8473,0.77022,2.0359,2.8105,2.0791,2.1234,5.0729,2.1615,2.29,4.5617,1.5035,2.4478,4.0152,4.0486,2.8731,6.2473,1.8254,2.4961,3.9955,0.62954,1.9899,4.1587,1.2042,2.6198,4.24,3.3055,2.7883,6.0805,1.7078,1.5633,3.2791,0.27048,2.382,3.4164,4.8754,3.0015,0.70957,0.43241,2.8208,3.317,1.159,2.544,3.0833,2.2595,2.187,5.0144,1.6531,2.0553,4.4451,1.6586,1.6205,3.3908,1.8428,2.947,3.3889,0.74964,2.3313,2.9153,0.80315,2.3795,3.0135,0.23219,2.6643,3.349,1.9683,2.4512,4.2813,0.66047,2.4096,2.7992,1.0115,2.3494,3.5891,1.29,1.7643,4.3235,0.23083,2.3526,3.4774,1.6956,1.5928,3.2776,0.83072,2.3102,2.8625,2.9366,2.8565,6.0317,1.7124,2.5176,3.9655,2.034,2.2376,4.6087,2.2029,2.6562,5.0778,1.6061,1.9562,3.8113,1.4191,1.7729,3.7524,2.3016,2.143,4.9884,1.4954,2.5722,3.9415,0.47521,3.0042,2.1319,4.4608,2.8987,0.26712,1.341,2.8404,4.1904,1.873,1.9773,3.8924,1.1736,2.6723,2.7573,0.1051,2.7824,2.8353,1.0678,2.9155,4.1916,0.47919,2.4411,2.6077,0.85707,2.0742,2.8402,0.54197,2.487,3.4122,1.7966,2.2278,4.3357,1.0871,2.8192,4.2336,0.69837,2.0489,2.9592,2.1093,1.8375,3.7133,1.4146,1.882,3.7134,2.2715,2.6004,4.7499,1.5307,1.575,4.1978,1.2763,2.1381,3.2331,0.73676,2.0917,3.0041,0.73644,2.2676,2.6389,1.7935,2.3855,4.184,2.2391,2.5825,4.9092,0.59708,2.0689,2.9443,1.7344,1.791,3.2918,0.86921,2.9825,2.6107,0.53743,2.5251,2.5914,3.2412,2.7257,6.1863,6.238,2.8695,2.6655,4.1415,2.8906,6.1166,2.4051,2.259,3.731,1.4759,3.0579,4.4709,1.2437,2.4481,3.4886,6.2055,3.1073,2.8834,2.3749,2.1832,3.7443,1.3131,1.8441,3.7062,2.3918,2.3284,4.632,2.6054,2.7181,4.2387,1.2593,2.7137,4.3219,1.6866,1.9372,3.8185,1.2027,2.7489,3.7624,2.3378,2.3458,4.929,1.4029,2.6082,3.3629,2.1572,2.2908,4.0635,0.819,1.9732,3.3908,2.4258,2.3235,3.8066,2.3449,2.3472,3.7286,2.2929,2.0014,5.0674,2.6243,2.29,4.8271,2.3981,2.2408,3.7927,1.4402,1.6107,3.9183,2.3398,2.5922,4.9183,1.7482,1.945,3.8599,0.8183,2.1173,4.1256,1.5846,1.8446,4.3388,2.3106,2.5616,4.9494,1.4481,2.3981,3.2546,5.8439,2.8217,2.1221,1.8632,1.7519,3.5263,1.9403,2.9138,4.1775,2.1117,1.9904,4.8364,1.1784,2.6225,4.3653,2.0023,2.1563,4.9425,1.6537,1.7812,3.9331,1.6315,2.0006,3.3334,1.1497,2.727,3.7187,1.0365,2.8493,3.828,1.5621,2.4902,3.9155,1.1657,2.6812,3.6831,1.7638,1.7506,4.082,0.74237,2.4491,2.811,1.8346,2.1328,4.4123,0.10344,2.7815,2.9959,1.0444,1.9493,4.3346,0.98089,2.2838,3.079,1.5876,2.4068,4.5626,1.006,2.0795,2.8318,0.79606,2.0086,2.6882,1.6867,1.7652,3.9392,0.87349,2.4408,2.907,1.3182,1.5823,3.8406,2.7714,2.6094,4.6151,1.0489,2.2275,3.6384,1.1761,2.7295,3.6866,2.004,1.9972,4.4748,1.0133,1.9599,4.2415,1.905,1.6451,3.4357,1.7193,2.4979,3.9735,2.249,2.5363,4.8796,2.0626,2.3553,3.6039,1.2104,3.0572,3.4623,1.4024,1.4447,4.2531,0.70717,2.979,3.6559,1.6481,1.7244,4.2419,0.79939,2.0004,2.7204,0.55486,2.2205,4.0457,2.6032,2.5994,4.523,2.0175,2.1046,3.4509,1.3758,2.8851,3.533,1.0872,2.2263,3.6172,2.5389,2.037,4.4789,1.503,1.7362,4.4199,1.5951,2.5864,3.5678,2.0709,2.2892,4.0627,2.7107,2.3061,4.9657,0.44752,2.5016,2.9315
0.17939,0.28422,0.0067426,247.69,276.25,200.66,0.0014129,0.0016567,0.0010113,212.7,230.3,231.85,222.69,216.3,178.62,242.89,230.99,270.29,224.58,263.59,279.4,199.85,235.08,225.96,290.57,227.48,256.46,224.35,177.66,345.13,245.05,207.39,254.09,211.0,284.04,264.02,324.43,176.55,276.12,234.3,224.86,147.85,242.01,278.76,355.47,266.89,211.19,317.1,358.81,301.06,193.2,248.59,197.28,287.1,273.8,313.5,310.89,357.64,288.68,283.86,276.2,372.73,358.77,367.33,287.05,332.52,271.29,230.07,411.19,369.19,357.74,337.76,196.8,288.8,245.44,236.89,219.39,318.78,245.04,270.18,255.23,328.43,325.25,245.2,263.92,285.63,334.79,343.17,322.56,228.24,305.96,316.75,280.71,323.67,203.13,300.59,274.49,313.54,288.3,318.43,306.56,281.68,316.32,274.69,278.54,277.08,342.68,271.95,266.39,377.7,362.21,370.38,263.13,346.12,437.66,430.63,332.59,247.95,319.26,401.7,289.34,290.29,305.6,274.39,369.92,314.29,358.89,387.99,349.74,312.54,390.54,374.32,301.95,338.47,356.4,460.29,264.92,460.86,462.89,406.27,308.4,430.53,268.57,299.04,589.41,336.15,343.94,363.37,345.35,333.82,271.1,334.16,400.18,278.26,419.03,343.33,292.62,354.57,432.88,259.81,291.68,374.76,258.4,156.86,300.25,364.86,326.25,439.71,396.71,214.4,286.87,211.79,226.3,262.05,291.25,231.76,319.53,289.7,237.31,278.72,252.13,291.46,195.69,276.82,268.16,260.42,237.25,228.67,321.63,226.32,323.65,375.52,263.82,285.97,251.07,329.45,286.51,237.29,314.35,339.27,285.08,298.13,287.99,312.89,326.17,274.63,473.83,238.38,261.08,263.11,270.79,259.17,287.56,279.09,342.68,269.54,252.7,266.59,318.14,270.26,200.72,223.87,266.45,343.01,261.13,233.73,287.54,248.93,278.43,276.55,254.02,266.69,286.12,287.28,220.81,287.8,225.24,296.36,228.74,239.75,195.57,276.22,279.69,180.44,282.98,228.99,184.08,266.03,194.78,230.54,275.44,196.48,250.73,263.62,203.32,261.41,256.08,235.35,190.66,249.72,215.13,249.1,241.82,168.73,288.59,290.96,213.72,175.17,208.55,278.95,246.73,250.62,235.31,154.28,160.91,203.77,248.1,250.26,226.26,230.73,215.7,193.47,173.92,183.55,231.34,210.09,253.77,219.93,0.0007904,0.0010617,0.0010571,0.0011632,0.0010494,0.00085302,0.0012732,0.00098554,0.0013815,0.0010635,0.0013844,0.001536,0.0010009,0.0012624,0.0010985,0.0017021,0.0013101,0.0014206,0.0014252,0.0010896,0.0020007,0.0016116,0.001298,0.0017302,0.0014434,0.0018165,0.0015148,0.0018674,0.0013231,0.0018224,0.001434,0.0013741,0.0010352,0.0013501,0.0016962,0.0021286,0.0016437,0.0013761,0.0019215,0.0020422,0.0016651,0.0011104,0.0016243,0.0014713,0.0017371,0.0017049,0.0019174,0.0017284,0.0021157,0.0017241,0.0013728,0.0017051,0.0022508,0.001924,0.0021641,0.001818,0.0019364,0.0012406,0.001615,0.0024838,0.0022926,0.0021186,0.0020354,0.0013396,0.0019993,0.0016138,0.0014481,0.0016178,0.0020282,0.001578,0.001813,0.0017601,0.0019044,0.0020291,0.0013716,0.0017345,0.0017517,0.0020755,0.0021693,0.0020591,0.0013169,0.0021086,0.0020558,0.0016695,0.0013802,0.0015599,0.0013294,0.0018254,0.0018854,0.001855,0.0019992,0.0017952,0.0014524,0.0020215,0.0014341,0.0018459,0.0017625,0.002165,0.0015913,0.0017424,0.0019597,0.0021753,0.0022604,0.001581,0.0021547,0.0020636,0.0024629,0.0021317,0.0017253,0.0019207,0.0024097,0.0019408,0.001411,0.0018707,0.0018042,0.0022403,0.0019397,0.0020778,0.0021299,0.0017486,0.0015226,0.0022856,0.0017688,0.0020529,0.0019031,0.0016397,0.002586,0.0018513,0.0021387,0.0026209,0.0024942,0.0019022,0.0023616,0.0013056,0.0019452,0.002804,0.002025,0.0017474,0.0021704,0.0019166,0.0020138,0.0017549,0.0018539,0.0023774,0.0019311,0.0020099,0.0020182,0.001374,0.0017483,0.0022537,0.0016937,0.0019204,0.0020475,0.0017122,0.0012108,0.0017381,0.0021752,0.0020219,0.0019779,0.0020421,0.0013761,0.0017876,0.0014888,0.0015988,0.0015343,0.0017546,0.001656,0.001963,0.0018379,0.0016534,0.0018452,0.0014864,0.0018466,0.0014439,0.0017751,0.0016795,0.0017947,0.0015474,0.0014504,0.0018409,0.0014662,0.0019279,0.0021825,0.0016834,0.0018317,0.0017588,0.0020064,0.0017655,0.0016233,0.0018342,0.0017633,0.0018623,0.0018599,0.0018143,0.0021252,0.0019658,0.001778,0.0015965,0.0016506,0.0016228,0.0017036,0.0017562,0.0016862,0.0018439,0.0016853,0.0022819,0.0016121,0.0017377,0.0016494,0.0017442,0.0016769,0.0014007,0.001528,0.0016069,0.0020623,0.0016824,0.0015719,0.0016275,0.0015567,0.0017676,0.0017652,0.0015909,0.0016352,0.0017148,0.0017679,0.0014838,0.0017793,0.0015019,0.0017551,0.0015211,0.0013756,0.0012981,0.0015332,0.0017831,0.0012579,0.0016913,0.0013516,0.0014508,0.0016399,0.0012839,0.0014854,0.0016649,0.0013958,0.0014892,0.001558,0.0011886,0.0015687,0.0014811,0.0014874,0.001257,0.0015712,0.0013356,0.0015459,0.0013993,0.00096848,0.0015435,0.0016459,0.0011894,0.0011965,0.0011462,0.0015286,0.0015036,0.001493,0.0010673,0.00095578,0.00097559,0.0010054,0.0014833,0.0014618,0.0010496,0.0012861,0.0010455,0.0010318,0.00087789,0.0008413,0.0011259,0.0011264,0.001379,0.0012156,1074300.0,1105700.0,792270.0,4276700.0,2284500.0,1150800.0,5856800.0,1513400.0,1879800.0,3242500.0,2966100.0,734830.0,5652900.0,1298400.0,4052200.0,2459600.0,5070500.0,4091400.0,1340500.0,3371900.0,2502600.0,3347400.0,11704000.0,958350.0,6311800.0,749460.0,9101500.0,1591900.0,1841400.0,815570.0,3232100.0,1680500.0,5814300.0,23940000.0,2520900.0,2724900.0,4347000.0,1235900.0,1513400.0,1646200.0,2062700.0,1057700.0,2058300.0,1019200.0,7475600.0,2433400.0,1825600.0,1494000.0,2274900.0,15971000.0,952090.0,7278300.0,3995200.0,706940.0,3910700.0,1079100.0,2657700.0,17679000.0,32102000.0,2373200.0,1720700.0,1532600.0,2840700.0,1036400.0,1926200.0,3409900.0,803840.0,2871900.0,1940600.0,3915400.0,2755300.0,1446400.0,1119200.0,15048000.0,5077600.0,1340600.0,3613400.0,1673300.0,965090.0,2573300.0,3702600.0,1313000.0,893150.0,2116300.0,873820.0,1861100.0,2850800.0,4950200.0,4191200.0,2338500.0,5694300.0,1300700.0,9352900.0,4677300.0,1017700.0,1694700.0,903640.0,1769700.0,3509900.0,9918500.0,1730700.0,16523000.0,1417300.0,9919600.0,1633600.0,3256300.0,1272900.0,1628100.0,12535000.0,5115100.0,2157200.0,3869300.0,2389200.0,1225800.0,656170.0,3373000.0,11659000.0,2413800.0,1291100.0,778800.0,1922000.0,735100.0,1193700.0,2218700.0,8786700.0,4156700.0,2627900.0,3087700.0,2361300.0,1498700.0,773560.0,10411000.0,2404500.0,3548600.0,2073400.0,1371700.0,1031900.0,2014200.0,1052000.0,2853800.0,3921600.0,1159600.0,1477000.0,2103000.0,1521000.0,2210500.0,2422200.0,877170.0,6912100.0,1513500.0,9390500.0,6180200.0,809830.0,10291000.0,814480.0,1274500.0,19279000.0,683650.0,12167000.0,721740.0,5575100.0,3693400.0,3817200.0,2647300.0,5252900.0,4116200.0,4227600.0,964530.0,4135000.0,1638700.0,6369200.0,1506700.0,7610900.0,1080700.0,744550.0,4005200.0,2996600.0,1988300.0,8411500.0,2288700.0,948280.0,1205600.0,3671000.0,3568300.0,1940100.0,1475700.0,747540.0,6807100.0,5275200.0,2336700.0,637470.0,17726000.0,3323000.0,5257900.0,1142200.0,18258000.0,5431600.0,1100100.0,8580600.0,1353300.0,1434500.0,3992400.0,5297000.0,799330.0,1639500.0,973680.0,1778500.0,1568200.0,1456500.0,7851700.0,2342100.0,1425100.0,12280000.0,2793800.0,1238000.0,1263500.0,3260300.0,951930.0,4669600.0,1133200.0,1854600.0,8075300.0,4435100.0,696550.0,1421900.0,10018000.0,5258300.0,5069200.0,15394000.0,3001700.0,1931800.0,2342400.0,2994600.0,3189800.0,1882600.0,1749500.0,2275100.0,1499400.0,7215800.0,652060.0,3656200.0,8296200.0,8910100.0,1863600.0,5378600.0,4029700.0,5011000.0,864140.0,1139900.0,5361500.0,1551600.0,6587500.0,3485200.0,7122400.0,1970700.0,1638700.0,1591200.0,1087700.0,1106100.0,2208100.0,945990.0,5091800.0,3371700.0,4404800.0,3356800.0,2894200.0,2745600.0,15584000.0,14989000.0,6042000.0,4601000.0,2807600.0,6148400.0,3762100.0,1781300.0,2740300.0,1353800.0,4824200.0,3044800.0,1.5411,1.857,4.1663,2.2394,2.4789,3.6651,1.2765,2.2379,4.2241,1.2014,1.9859,4.2146,2.4687,2.6638,4.3221,0.76306,2.0651,4.2215,1.673,2.5258,3.8773,3.0861,2.8439,5.8661,1.1883,2.0268,4.1961,1.7098,1.7151,4.2436,1.291,2.2774,4.2778,0.72517,2.033,4.2097,2.9098,2.8424,4.6524,5.5645,2.7479,1.3706,1.2541,2.817,3.6292,0.83899,2.1614,2.9985,2.5786,2.1696,4.563,1.4634,1.678,3.8926,0.72796,2.6831,3.894,1.8975,1.8336,3.5322,1.1996,2.3863,3.2359,0.36814,2.2918,3.4884,1.8518,1.63,3.4076,2.0555,2.6773,4.2261,1.8994,1.6361,3.3724,1.6378,1.6344,3.9737,0.33811,2.1875,3.1268,2.1056,2.4338,4.5224,1.4976,1.7017,3.2717,0.90801,1.9481,2.755,3.2383,2.8375,6.0125,1.9399,1.8192,3.5146,0.87771,2.728,2.9115,1.695,2.5957,4.0043,0.73857,1.8998,2.7429,1.1044,2.4154,3.1356,1.9354,1.9255,4.4921,1.8175,1.6519,3.8949,0.6201,2.1491,3.9049,1.3839,2.5501,3.9004,0.98384,2.1521,3.1777,2.6222,2.3685,4.3799,2.0142,2.21,4.7281,1.5379,1.6425,3.9274,1.8875,2.0076,4.481,1.4957,2.2053,3.2311,0.81662,2.2391,3.0183,2.4423,2.4769,4.3707,2.0033,2.5109,4.8293,1.9336,2.6196,4.8035,2.5958,2.3609,4.3649,1.2715,2.5207,3.8756,1.8381,2.3254,4.3936,2.508,2.9825,4.3573,0.65456,2.3819,2.6592,1.3882,2.0182,4.6059,1.873,3.0066,3.734,0.26059,2.3765,3.3668,1.6962,1.6171,4.0807,0.81875,2.2076,3.0617,2.266,2.3035,4.7095,0.54761,2.4081,3.1221,0.76469,2.2479,3.146,0.015713,2.8976,1.7509,2.0233,2.2001,4.645,2.5238,2.4242,4.3005,2.2953,2.3107,5.1425,1.9338,2.6531,4.1362,1.1224,1.8273,4.0441,4.5189,2.8157,0.69388,0.76539,2.1902,2.9719,1.4635,2.132,4.2893,1.1682,2.2347,3.5542,2.0244,2.633,4.2858,1.6183,1.5797,4.1472,1.1785,2.5239,3.1244,0.74134,2.5006,3.7374,2.2331,1.8233,3.6837,1.3989,2.5374,3.4783,1.3591,2.602,3.5214,1.3996,1.6334,4.2709,1.9355,2.6517,4.455,2.0539,2.6526,4.6266,3.3424,2.8316,6.1398,1.7387,1.618,4.1945,1.8805,1.9337,3.3886,2.4844,2.9546,5.3753,1.1982,2.5789,3.0517,2.6878,2.3932,5.0109,0.99062,2.6909,4.2156,1.4306,2.4998,3.5468,0.96098,1.9392,4.1443,1.7818,1.6283,4.0622,1.9589,1.9307,3.3924,6.01,2.9002,2.8469,2.9549,2.2276,4.671,1.5051,1.931,4.3788,1.1292,2.561,3.3537,1.4276,2.4669,3.3891,1.7017,1.8848,3.662,2.0376,2.4582,4.0884,1.0886,2.3729,3.2461,2.4986,1.8862,5.3161,0.99541,2.6054,3.2763,1.3738,2.5529,3.3309,0.2404,3.0469,3.1964,0.6594,1.9119,2.7712,1.6663,1.9524,4.6003,1.5091,1.8094,4.2084,5.2189,2.7816,1.5894,0.87937,2.2202,2.9385,0.93793,2.716,4.2032,2.3812,2.4298,3.6929,2.9245,2.2949,4.9699,3.0711,2.5875,4.6099,2.0688,2.3947,4.5978,2.1822,2.214,4.1709,0.70777,2.2438,3.3209,0.62663,2.4173,3.0498,0.57613,2.2454,3.8869,2.4694,2.4365,4.5905,0.71813,2.4402,2.8926,1.3036,1.566,4.3642,1.5912,1.9321,3.5249,0.35499,2.6606,2.1842,3.4266,2.9234,0.28283,0.85831,2.2671,3.0682,1.6263,1.669,4.1574,1.6692,1.9013,3.2739,0.77665,2.3548,2.878,2.2248,2.283,4.9415,1.3259,2.5782,3.2168,1.2725,2.2106,3.6553,0.35784,2.0851,3.3019,1.717,1.9018,3.4385,2.628,2.0374,4.1144,2.0479,2.1478,4.9598,1.3803,1.6988,3.8474,0.77027,2.0363,2.8109,2.0792,2.1232,5.0732,2.1614,2.2902,4.562,1.5036,2.4482,4.0154,4.0477,2.8723,6.2463,1.825,2.4964,3.9952,0.629,1.99,4.1589,1.2039,2.6197,4.2399,3.3048,2.788,6.0805,1.7077,1.5633,3.2791,0.27075,2.3822,3.4167,4.8746,3.0015,0.70868,0.43244,2.8209,3.3176,1.1587,2.5441,3.0837,2.2596,2.187,5.0147,1.6535,2.055,4.4454,1.6586,1.6205,3.3909,1.8439,2.9472,3.3897,0.74973,2.3311,2.9155,0.80292,2.3792,3.0136,0.23199,2.6644,3.349,1.9688,2.4514,4.2814,0.66078,2.4094,2.7993,1.0115,2.3499,3.5889,1.29,1.7642,4.3236,0.23076,2.3527,3.4777,1.6956,1.5928,3.2775,0.83124,2.3099,2.8628,2.9362,2.8564,6.0319,1.7116,2.5174,3.9653,2.034,2.2378,4.6087,2.202,2.6559,5.0773,1.6056,1.9562,3.8111,1.4194,1.7727,3.7526,2.3017,2.1431,4.9883,1.4953,2.572,3.9412,0.4749,3.004,2.1313,4.4603,2.8985,0.26699,1.341,2.8406,4.1901,1.8726,1.9775,3.8924,1.1732,2.6724,2.7569,0.10416,2.7822,2.835,1.0679,2.9155,4.1916,0.47903,2.4408,2.6079,0.85716,2.0745,2.84,0.54213,2.4871,3.4124,1.7972,2.228,4.3359,1.0865,2.8194,4.2333,0.69864,2.0491,2.9587,2.1095,1.8374,3.713,1.4149,1.8821,3.7136,2.2708,2.5999,4.7491,1.5311,1.575,4.1978,1.2761,2.1381,3.2333,0.73706,2.0921,3.0038,0.73651,2.2673,2.6389,1.7936,2.3856,4.1841,2.2387,2.5821,4.909,0.597,2.069,2.944,1.7345,1.7913,3.2918,0.86967,2.9823,2.6109,0.53726,2.5252,2.5913,3.2416,2.7256,6.1868,6.2384,2.8695,2.6661,4.1406,2.8903,6.1154,2.4053,2.2584,3.7309,1.4763,3.0579,4.472,1.2435,2.4482,3.4887,6.2031,3.1073,2.8816,2.3749,2.183,3.7441,1.3133,1.8441,3.7063,2.3916,2.3284,4.6323,2.6053,2.7184,4.2393,1.2592,2.7137,4.3218,1.686,1.9371,3.8183,1.203,2.7488,3.7628,2.3376,2.3455,4.9287,1.4023,2.608,3.363,2.1571,2.2912,4.0634,0.81896,1.9733,3.3909,2.4257,2.3232,3.8067,2.3448,2.347,3.7285,2.2932,2.0017,5.0678,2.624,2.2901,4.8272,2.3983,2.2408,3.7927,1.4404,1.6108,3.9185,2.3393,2.5918,4.918,1.7477,1.945,3.8598,0.81834,2.1172,4.1259,1.5845,1.8446,4.3391,2.3103,2.5612,4.9495,1.448,2.3982,3.2545,5.8436,2.8215,2.1218,1.8632,1.7519,3.5263,1.94,2.9134,4.1769,2.112,1.9905,4.8366,1.1787,2.6226,4.3656,2.0027,2.1564,4.9427,1.6538,1.7812,3.933,1.6316,2.0005,3.3332,1.1499,2.7269,3.719,1.0367,2.8493,3.8279,1.5625,2.4904,3.9157,1.1657,2.681,3.683,1.7636,1.7504,4.0819,0.74197,2.449,2.8111,1.8345,2.133,4.4124,0.10344,2.7814,2.9963,1.0442,1.9493,4.3348,0.98095,2.2837,3.0791,1.5874,2.4068,4.5625,1.0061,2.0795,2.8318,0.79623,2.0086,2.6881,1.6869,1.7651,3.9391,0.87328,2.4407,2.9074,1.3179,1.5823,3.8406,2.7714,2.6094,4.615,1.0488,2.2278,3.6384,1.1762,2.7293,3.6867,2.004,1.9972,4.4748,1.0131,1.9599,4.2415,1.9051,1.6451,3.4356,1.7195,2.498,3.9734,2.2494,2.5363,4.8794,2.0624,2.3552,3.6037,1.2104,3.0572,3.4623,1.4023,1.4447,4.2532,0.70735,2.9789,3.6559,1.6482,1.7243,4.242,0.79954,2.0004,2.7203,0.55453,2.2205,4.0459,2.603,2.5994,4.523,2.0176,2.1045,3.4509,1.3757,2.885,3.533,1.0873,2.2264,3.6171,2.5389,2.0372,4.479,1.503,1.7362,4.4199,1.5951,2.5864,3.5677,2.071,2.2892,4.0627,2.7107,2.3059,4.9657,0.44754,2.5015,2.9314
0.18029,0.28564,0.0067697,248.09,276.85,200.73,0.0014151,0.00166,0.0010116,212.7,230.31,232.12,222.82,216.58,178.91,242.84,231.05,270.45,224.75,264.01,280.01,200.04,235.42,226.13,291.03,227.63,256.75,224.75,177.83,345.66,245.25,207.55,254.26,211.1,284.39,264.39,324.9,176.72,276.35,234.62,225.18,148.07,242.63,279.23,356.02,267.34,211.4,317.83,359.39,301.26,193.41,249.63,197.56,287.57,274.23,314.02,311.48,358.41,289.08,284.33,276.59,373.83,359.35,368.34,287.68,333.09,272.82,230.5,412.09,370.18,358.54,338.72,197.0,289.27,245.85,237.78,220.01,319.83,246.03,271.2,255.54,329.25,326.06,245.85,264.53,285.84,335.49,343.93,323.6,229.14,306.72,317.73,280.91,324.39,203.65,301.84,275.09,314.4,288.75,319.05,307.66,282.68,317.08,275.75,278.67,277.57,343.66,272.88,266.93,379.33,362.99,371.65,264.1,347.1,439.15,431.39,333.6,248.88,319.99,402.46,289.93,293.0,306.52,274.76,370.8,315.06,359.98,389.26,350.44,316.24,391.82,375.69,302.91,339.72,357.76,461.31,265.7,462.59,464.01,407.64,309.4,432.05,272.11,299.92,591.2,337.25,345.33,364.36,346.5,334.66,271.85,334.83,401.19,278.96,420.97,343.56,293.87,356.15,434.62,260.44,292.36,375.82,259.43,157.0,301.05,365.73,326.87,441.67,397.4,214.76,287.39,212.17,226.67,262.94,291.82,232.25,319.88,290.41,237.58,279.18,252.57,292.11,196.33,277.28,268.41,260.94,237.72,229.06,321.92,226.84,324.33,376.13,264.03,286.77,251.48,330.09,287.16,237.63,315.05,339.97,285.72,298.69,288.51,313.7,326.7,275.2,475.33,238.86,261.41,263.7,271.25,259.32,287.95,279.67,343.71,270.18,253.23,266.92,318.92,270.84,201.01,224.14,266.86,343.81,261.85,234.12,287.82,249.19,278.8,276.96,254.46,267.06,286.4,287.49,221.07,288.43,225.44,296.84,229.1,240.01,195.91,276.67,280.12,180.55,283.26,229.34,184.29,266.36,195.06,230.89,275.82,196.74,250.9,263.87,203.43,261.73,256.39,235.59,190.85,250.07,215.41,249.39,242.11,168.86,288.8,291.27,213.92,175.26,208.79,279.31,247.13,250.82,235.46,154.36,161.08,203.94,248.39,250.46,226.35,230.9,215.82,193.61,174.06,183.67,231.51,210.23,254.11,220.12,0.00079018,0.0010615,0.0010578,0.0011638,0.0010506,0.00085448,0.0012728,0.00098591,0.0013828,0.0010642,0.0013868,0.0015393,0.0010019,0.0012644,0.0010992,0.0017047,0.001311,0.0014227,0.0014279,0.0010911,0.0020038,0.0016131,0.0012991,0.0017318,0.0014439,0.0018195,0.0015172,0.0018699,0.0013247,0.001824,0.0014361,0.0013768,0.0010366,0.0013534,0.001699,0.0021321,0.0016464,0.0013767,0.0019255,0.0020463,0.0016676,0.0011116,0.0016303,0.0014735,0.0017401,0.0017074,0.001921,0.0017319,0.0021207,0.0017269,0.0013748,0.0017085,0.0022567,0.0019275,0.0021697,0.0018219,0.0019403,0.0012473,0.0016176,0.0024897,0.0022976,0.0021233,0.0020407,0.0013404,0.0020025,0.0016169,0.0014531,0.0016215,0.0020343,0.0015835,0.001818,0.0017623,0.0019094,0.0020337,0.0013706,0.0017381,0.0017542,0.0020802,0.0021734,0.0020649,0.00132,0.0021126,0.0020613,0.0016723,0.0013838,0.0015631,0.0013342,0.0018286,0.0018903,0.0018582,0.0020028,0.0018005,0.0014567,0.0020262,0.0014393,0.0018481,0.0017655,0.0021707,0.001595,0.0017457,0.0019674,0.0021801,0.002267,0.0015869,0.00216,0.0020717,0.0024682,0.0021373,0.0017312,0.0019257,0.0024145,0.0019447,0.0014255,0.001876,0.0018073,0.0022456,0.0019435,0.0020842,0.002136,0.0017527,0.0015387,0.0022934,0.0017779,0.0020583,0.0019091,0.0016472,0.0025924,0.0018566,0.0021474,0.0026269,0.0025021,0.0019072,0.0023689,0.0013167,0.0019507,0.0028148,0.0020303,0.0017552,0.0021762,0.0019223,0.0020193,0.0017593,0.0018587,0.0023835,0.0019358,0.0020189,0.0020214,0.0013773,0.0017551,0.0022623,0.0016982,0.0019243,0.0020539,0.0017183,0.001213,0.0017426,0.0021796,0.0020252,0.0019873,0.0020446,0.0013787,0.0017907,0.0014911,0.0016011,0.0015386,0.0017584,0.0016596,0.0019654,0.0018413,0.0016556,0.0018483,0.0014892,0.0018499,0.0014469,0.0017784,0.001681,0.0017972,0.0015496,0.0014527,0.0018432,0.0014691,0.0019315,0.002186,0.001684,0.0018358,0.0017616,0.0020114,0.0017693,0.0016257,0.0018381,0.0017666,0.0018659,0.0018636,0.0018173,0.0021298,0.0019689,0.0017816,0.0016037,0.0016536,0.0016246,0.0017069,0.0017595,0.0016875,0.0018462,0.001689,0.002287,0.0016152,0.001741,0.0016517,0.0017482,0.0016804,0.0014027,0.0015297,0.0016095,0.002067,0.0016864,0.0015746,0.0016294,0.001558,0.0017694,0.0017683,0.0015936,0.0016376,0.0017175,0.0017693,0.0014855,0.0017829,0.0015032,0.0017579,0.0015232,0.0013773,0.0013,0.0015357,0.0017862,0.0012584,0.001693,0.0013535,0.0014526,0.0016422,0.0012857,0.0014876,0.0016673,0.001398,0.00149,0.0015592,0.0011894,0.0015708,0.0014828,0.0014891,0.0012581,0.0015735,0.0013374,0.0015475,0.001401,0.00096933,0.001545,0.001648,0.0011907,0.0011973,0.0011475,0.0015305,0.0015058,0.0014939,0.001068,0.00095644,0.00097655,0.0010063,0.0014851,0.0014627,0.00105,0.0012869,0.0010461,0.0010325,0.00087861,0.00084189,0.0011268,0.0011272,0.0013808,0.0012168,1074300.0,1105700.0,792270.0,4276700.0,2284500.0,1150800.0,5856800.0,1513400.0,1879800.0,3242500.0,2966100.0,734830.0,5652900.0,1298400.0,4052200.0,2459600.0,5070500.0,4091400.0,1340500.0,3371900.0,2502600.0,3347400.0,11704000.0,958350.0,6311800.0,749460.0,9101500.0,1591900.0,1841400.0,815570.0,3232100.0,1680500.0,5814300.0,23940000.0,2520900.0,2724900.0,4347000.0,1235900.0,1513400.0,1646200.0,2062700.0,1057700.0,2058300.0,1019200.0,7475600.0,2433400.0,1825600.0,1494000.0,2274900.0,15971000.0,952090.0,7278300.0,3995200.0,706940.0,3910700.0,1079100.0,2657700.0,17679000.0,32102000.0,2373200.0,1720700.0,1532600.0,2840700.0,1036400.0,1926200.0,3409900.0,803840.0,2871900.0,1940600.0,3915400.0,2755300.0,1446400.0,1119200.0,15048000.0,5077600.0,1340600.0,3613400.0,1673300.0,965090.0,2573300.0,3702600.0,1313000.0,893150.0,2116300.0,873820.0,1861100.0,2850800.0,4950200.0,4191200.0,2338500.0,5694300.0,1300700.0,9352900.0,4677300.0,1017700.0,1694700.0,903640.0,1769700.0,3509900.0,9918500.0,1730700.0,16523000.0,1417300.0,9919600.0,1633600.0,3256300.0,1272900.0,1628100.0,12535000.0,5115100.0,2157200.0,3869300.0,2389200.0,1225800.0,656170.0,3373000.0,11659000.0,2413800.0,1291100.0,778800.0,1922000.0,735100.0,1193700.0,2218700.0,8786700.0,4156700.0,2627900.0,3087700.0,2361300.0,1498700.0,773560.0,10411000.0,2404500.0,3548600.0,2073400.0,1371700.0,1031900.0,2014200.0,1052000.0,2853800.0,3921600.0,1159600.0,1477000.0,2103000.0,1521000.0,2210500.0,2422200.0,877170.0,6912100.0,1513500.0,9390500.0,6180200.0,809830.0,10291000.0,814480.0,1274500.0,19279000.0,683650.0,12167000.0,721740.0,5575100.0,3693400.0,3817200.0,2647300.0,5252900.0,4116200.0,4227600.0,964530.0,4135000.0,1638700.0,6369200.0,1506700.0,7610900.0,1080700.0,744550.0,4005200.0,2996600.0,1988300.0,8411500.0,2288700.0,948280.0,1205600.0,3671000.0,3568300.0,1940100.0,1475700.0,747540.0,6807100.0,5275200.0,2336700.0,637470.0,17726000.0,3323000.0,5257900.0,1142200.0,18258000.0,5431600.0,1100100.0,8580600.0,1353300.0,1434500.0,3992400.0,5297000.0,799330.0,1639500.0,973680.0,1778500.0,1568200.0,1456500.0,7851700.0,2342100.0,1425100.0,12280000.0,2793800.0,1238000.0,1263500.0,3260300.0,951930.0,4669600.0,1133200.0,1854600.0,8075300.0,4435100.0,696550.0,1421900.0,10018000.0,5258300.0,5069200.0,15394000.0,3001700.0,1931800.0,2342400.0,2994600.0,3189800.0,1882600.0,1749500.0,2275100.0,1499400.0,7215800.0,652060.0,3656200.0,8296200.0,8910100.0,1863600.0,5378600.0,4029700.0,5011000.0,864140.0,1139900.0,5361500.0,1551600.0,6587500.0,3485200.0,7122400.0,1970700.0,1638700.0,1591200.0,1087700.0,1106100.0,2208100.0,945990.0,5091800.0,3371700.0,4404800.0,3356800.0,2894200.0,2745600.0,15584000.0,14989000.0,6042000.0,4601000.0,2807600.0,6148400.0,3762100.0,1781300.0,2740300.0,1353800.0,4824200.0,3044800.0,1.5412,1.857,4.1663,2.2395,2.479,3.6651,1.2765,2.238,4.2241,1.2013,1.9858,4.2145,2.4685,2.6638,4.3222,0.76269,2.0652,4.2215,1.6737,2.5259,3.8772,3.0864,2.8439,5.8661,1.188,2.0268,4.1959,1.7096,1.715,4.2436,1.2911,2.2776,4.2781,0.72448,2.0329,4.2097,2.9096,2.8424,4.6528,5.5637,2.7477,1.3701,1.2543,2.8168,3.6294,0.83845,2.1614,2.9984,2.5792,2.1702,4.5637,1.4634,1.6779,3.8925,0.72864,2.6836,3.8944,1.8971,1.8338,3.5325,1.2,2.3861,3.2364,0.36848,2.2919,3.4878,1.8521,1.6298,3.4077,2.0556,2.6766,4.2255,1.8999,1.636,3.3724,1.6386,1.6342,3.974,0.33801,2.1877,3.1266,2.1061,2.434,4.523,1.4978,1.7018,3.272,0.90858,1.9484,2.7549,3.2393,2.8374,6.0133,1.9398,1.8195,3.5148,0.87718,2.7282,2.9116,1.6946,2.5957,4.0044,0.7392,1.8998,2.7427,1.1045,2.4153,3.1358,1.9355,1.9256,4.492,1.8182,1.6518,3.895,0.6207,2.1487,3.9059,1.3851,2.5505,3.9013,0.98379,2.1525,3.1773,2.6229,2.3689,4.3805,2.0141,2.2101,4.7281,1.5383,1.6422,3.9275,1.8876,2.0082,4.4809,1.496,2.2055,3.2309,0.8167,2.2396,3.0175,2.4423,2.4776,4.3708,2.004,2.5104,4.829,1.9338,2.6197,4.8032,2.5964,2.3615,4.3655,1.2714,2.5209,3.8755,1.8391,2.3259,4.3941,2.5108,2.9822,4.3593,0.6555,2.3814,2.6601,1.3874,2.018,4.6061,1.8721,3.0063,3.7325,0.26021,2.3763,3.3668,1.6964,1.617,4.0807,0.81942,2.2082,3.0618,2.2661,2.3035,4.7098,0.54637,2.4076,3.1223,0.76355,2.2483,3.1455,0.015714,2.8976,1.7504,2.024,2.2009,4.6456,2.5238,2.4249,4.3009,2.2946,2.3108,5.1425,1.9331,2.6524,4.1357,1.1224,1.827,4.0447,4.5186,2.8152,0.69471,0.7652,2.1903,2.9717,1.4639,2.1322,4.2894,1.1684,2.2356,3.5544,2.0235,2.6325,4.285,1.6183,1.5796,4.1471,1.1784,2.5237,3.1248,0.74104,2.5012,3.7373,2.2338,1.823,3.6837,1.3983,2.5375,3.4783,1.3588,2.602,3.5213,1.399,1.6333,4.2708,1.9354,2.651,4.4545,2.0546,2.6516,4.6271,3.3417,2.8318,6.14,1.7397,1.6177,4.1945,1.8815,1.9333,3.3882,2.4855,2.9543,5.3761,1.198,2.579,3.0516,2.6877,2.3929,5.0108,0.99124,2.6915,4.2164,1.4305,2.4999,3.5471,0.96135,1.9396,4.1449,1.7819,1.6285,4.0621,1.9596,1.9308,3.3924,6.0101,2.9002,2.8468,2.9557,2.2274,4.6712,1.5061,1.9306,4.3796,1.1296,2.5607,3.3539,1.4279,2.467,3.3894,1.7018,1.8844,3.6619,2.0382,2.4584,4.0891,1.0886,2.3732,3.2463,2.4991,1.8852,5.3168,0.9953,2.6049,3.2762,1.3732,2.5532,3.3304,0.24047,3.0471,3.1963,0.65948,1.9126,2.7706,1.6664,1.9521,4.6012,1.5096,1.8089,4.2086,5.2184,2.7808,1.589,0.87985,2.2206,2.939,0.93863,2.7165,4.2042,2.3813,2.4293,3.6936,2.925,2.2948,4.9699,3.0721,2.5871,4.6103,2.0694,2.3945,4.5983,2.1821,2.2144,4.1709,0.70771,2.2448,3.3209,0.62772,2.4173,3.05,0.57628,2.2461,3.8871,2.4686,2.4367,4.5906,0.7176,2.4406,2.8918,1.3034,1.5663,4.3641,1.5911,1.9317,3.5255,0.35605,2.6608,2.1849,3.4266,2.923,0.28278,0.85787,2.2668,3.0682,1.6263,1.669,4.1578,1.6695,1.9017,3.2746,0.77696,2.3546,2.8785,2.2254,2.2825,4.9415,1.3266,2.5783,3.2175,1.2732,2.2109,3.6562,0.35801,2.0848,3.3025,1.7172,1.9014,3.4385,2.6283,2.0369,4.1149,2.0476,2.1479,4.9598,1.3806,1.6987,3.8476,0.77034,2.0368,2.8115,2.0793,2.1229,5.0737,2.1611,2.2905,4.5624,1.5036,2.4488,4.0159,4.0464,2.8711,6.2449,1.8244,2.4968,3.9949,0.62818,1.9902,4.1591,1.2033,2.6196,4.2397,3.3038,2.7876,6.0804,1.7075,1.5634,3.279,0.27114,2.3825,3.4172,4.8734,3.0016,0.70737,0.43249,2.8211,3.3185,1.1583,2.5443,3.0844,2.2596,2.187,5.0151,1.6541,2.0547,4.4457,1.6586,1.6204,3.3911,1.8455,2.9473,3.3909,0.74987,2.3307,2.9158,0.80258,2.3787,3.0137,0.2317,2.6645,3.349,1.9695,2.4517,4.2816,0.66124,2.4091,2.7996,1.0116,2.3506,3.5887,1.29,1.7641,4.3237,0.23067,2.3528,3.4783,1.6956,1.5929,3.2775,0.83201,2.3094,2.8631,2.9356,2.8563,6.0321,1.7103,2.5171,3.9651,2.034,2.2381,4.6087,2.2005,2.6555,5.0765,1.6048,1.9561,3.8109,1.4198,1.7723,3.7528,2.3018,2.1431,4.9881,1.4952,2.5717,3.9408,0.47442,3.0037,2.1305,4.4597,2.8981,0.26682,1.3409,2.8409,4.1895,1.8721,1.9776,3.8924,1.1725,2.6724,2.7563,0.10277,2.782,2.8345,1.0681,2.9156,4.1917,0.47881,2.4403,2.6082,0.8573,2.0749,2.8398,0.54238,2.4872,3.4127,1.7981,2.2283,4.3362,1.0857,2.8196,4.2329,0.69906,2.0496,2.958,2.1098,1.8373,3.7126,1.4153,1.8823,3.7139,2.2698,2.5993,4.7479,1.5317,1.575,4.1979,1.2757,2.138,3.2335,0.73751,2.0925,3.0035,0.73661,2.2668,2.639,1.7938,2.3858,4.1843,2.2381,2.5815,4.9088,0.5969,2.0693,2.9435,1.7346,1.7918,3.2917,0.87036,2.9821,2.6112,0.537,2.5254,2.5912,3.2421,2.7255,6.1874,6.239,2.8696,2.6671,4.1391,2.8899,6.1137,2.4055,2.2575,3.7308,1.477,3.0579,4.4736,1.2432,2.4484,3.4889,6.1996,3.1074,2.879,2.3749,2.1827,3.7438,1.3135,1.8441,3.7064,2.3912,2.3284,4.6327,2.6051,2.7189,4.2402,1.2591,2.7138,4.3215,1.6852,1.9369,3.8179,1.2034,2.7486,3.7634,2.3372,2.3451,4.9282,1.4014,2.6077,3.3631,2.1568,2.2917,4.0631,0.81889,1.9735,3.3909,2.4257,2.3226,3.8069,2.3446,2.3467,3.7284,2.2936,2.002,5.0684,2.6237,2.2901,4.8273,2.3985,2.2409,3.7926,1.4407,1.6109,3.9188,2.3387,2.5913,4.9177,1.747,1.9449,3.8595,0.81841,2.1171,4.1263,1.5842,1.8447,4.3394,2.3098,2.5604,4.9495,1.448,2.3982,3.2545,5.8432,2.8212,2.1215,1.8632,1.7518,3.5264,1.9396,2.9128,4.1761,2.1124,1.9907,4.8367,1.179,2.6228,4.366,2.0033,2.1564,4.943,1.6539,1.7811,3.9328,1.6318,2.0004,3.3329,1.1503,2.7268,3.7195,1.0371,2.8494,3.8278,1.563,2.4906,3.9159,1.1658,2.6806,3.683,1.7633,1.7502,4.0819,0.74139,2.4489,2.8113,1.8343,2.1333,4.4126,0.10344,2.7813,2.997,1.0439,1.9493,4.3351,0.98105,2.2835,3.0794,1.5872,2.4068,4.5624,1.0061,2.0795,2.8317,0.79648,2.0086,2.6879,1.6872,1.7649,3.939,0.87296,2.4406,2.908,1.3176,1.5822,3.8406,2.7714,2.6095,4.6149,1.0486,2.2283,3.6384,1.1764,2.729,3.6868,2.0042,1.9973,4.4748,1.0127,1.9599,4.2414,1.9054,1.6451,3.4356,1.7197,2.4981,3.9733,2.2498,2.5361,4.8792,2.0621,2.3551,3.6033,1.2102,3.0571,3.4624,1.4021,1.4447,4.2532,0.70763,2.9789,3.656,1.6483,1.7242,4.242,0.79978,2.0003,2.7202,0.55404,2.2206,4.0463,2.6026,2.5994,4.523,2.0177,2.1044,3.451,1.3756,2.8848,3.533,1.0873,2.2266,3.617,2.539,2.0374,4.479,1.5031,1.7362,4.4199,1.595,2.5864,3.5677,2.071,2.2892,4.0627,2.7108,2.3057,4.9655,0.44757,2.5014,2.9314
0.18164,0.28778,0.00681,248.62,277.67,200.77,0.001418,0.0016645,0.0010119,212.65,230.31,232.43,222.95,216.91,179.17,242.75,231.1,270.65,224.96,264.54,280.77,200.24,235.86,226.32,291.61,227.83,257.11,225.25,178.0,346.38,245.54,207.76,254.49,211.21,284.86,264.86,325.46,176.89,276.72,235.1,225.57,148.29,243.42,279.89,356.82,267.97,211.64,318.81,360.19,301.43,193.62,251.14,197.97,288.2,274.81,314.81,312.39,359.52,289.56,284.79,277.11,375.45,360.35,369.82,288.46,334.02,274.96,231.09,413.49,371.61,360.0,340.01,197.19,290.01,246.44,239.01,220.9,321.49,247.43,272.58,255.95,330.49,327.18,246.19,265.43,286.24,336.57,344.99,325.18,230.3,307.63,319.26,281.28,325.01,204.4,303.56,275.9,315.7,289.31,319.82,309.11,284.11,318.17,277.27,278.81,278.18,345.02,274.09,267.54,381.63,364.17,373.28,265.44,348.51,441.4,432.51,334.93,250.17,321.05,403.6,290.77,296.61,307.81,275.28,372.06,316.07,361.48,391.03,351.4,321.33,393.84,377.35,304.26,341.49,359.86,462.51,266.76,465.11,465.57,409.57,310.81,434.34,277.12,301.16,593.92,338.87,347.36,365.79,348.19,335.89,272.83,335.8,402.5,279.98,423.74,343.96,295.81,358.48,437.12,261.36,293.28,377.31,260.84,157.14,302.26,366.9,327.71,444.43,398.22,215.13,288.1,212.69,227.2,264.15,292.51,232.93,320.36,291.39,238.0,279.79,253.2,293.01,197.27,277.88,268.72,261.51,238.26,229.52,322.38,227.49,325.27,376.89,264.3,287.82,251.91,330.92,288.0,238.02,316.02,340.8,286.56,299.45,289.2,314.74,327.44,275.96,477.47,239.45,261.86,264.5,271.85,259.49,288.49,280.43,345.03,271.0,253.91,267.34,319.99,271.61,201.37,224.51,267.43,344.88,262.72,234.58,288.19,249.53,279.31,277.5,255.01,267.53,286.75,287.78,221.41,289.25,225.69,297.52,229.54,240.33,196.32,277.23,280.66,180.69,283.63,229.77,184.51,266.78,195.36,231.31,276.31,197.03,251.11,264.2,203.58,262.14,256.75,235.87,191.04,250.49,215.76,249.75,242.48,169.02,289.1,291.64,214.16,175.33,209.06,279.74,247.59,251.06,235.65,154.46,161.24,204.12,248.73,250.68,226.45,231.09,215.93,193.75,174.21,183.78,231.7,210.35,254.51,220.3,0.00078968,0.001061,0.0010584,0.0011645,0.0010518,0.00085571,0.0012721,0.00098617,0.0013845,0.0010648,0.0013897,0.0015436,0.0010027,0.0012667,0.0010998,0.0017079,0.0013123,0.0014253,0.0014311,0.0010926,0.0020081,0.0016151,0.0013005,0.0017342,0.0014445,0.0018238,0.0015203,0.0018729,0.0013263,0.0018265,0.0014391,0.0013802,0.0010381,0.0013576,0.0017028,0.0021374,0.0016503,0.0013767,0.0019309,0.002052,0.0016701,0.0011127,0.0016387,0.001477,0.0017442,0.0017106,0.0019264,0.0017372,0.0021281,0.0017301,0.0013765,0.001713,0.0022655,0.0019333,0.0021781,0.0018272,0.0019461,0.0012563,0.0016211,0.0024985,0.0023046,0.002132,0.002048,0.0013404,0.0020074,0.0016214,0.0014597,0.0016266,0.0020436,0.0015909,0.0018245,0.0017653,0.0019168,0.0020401,0.0013634,0.0017436,0.0017584,0.0020875,0.0021792,0.0020738,0.0013233,0.0021176,0.0020701,0.0016767,0.001386,0.001568,0.0013413,0.001833,0.0018978,0.0018624,0.0020073,0.0018069,0.0014628,0.0020327,0.0014469,0.001851,0.0017691,0.0021787,0.0015994,0.0017493,0.0019782,0.0021876,0.0022749,0.0015949,0.0021678,0.002084,0.0024759,0.0021446,0.0017392,0.0019327,0.0024215,0.0019503,0.001445,0.0018831,0.0018114,0.0022533,0.0019483,0.0020925,0.0021441,0.0017573,0.0015634,0.0023048,0.0017884,0.0020658,0.0019175,0.0016586,0.0025997,0.0018638,0.0021606,0.0026352,0.0025135,0.0019139,0.0023792,0.0013315,0.0019585,0.0028308,0.002038,0.0017671,0.0021845,0.0019301,0.0020271,0.001765,0.0018656,0.0023915,0.0019424,0.0020318,0.0020262,0.0013825,0.0017652,0.0022744,0.0017046,0.0019299,0.0020626,0.0017266,0.0012152,0.0017492,0.0021853,0.0020299,0.0020005,0.0020468,0.0013814,0.0017951,0.0014943,0.0016042,0.0015445,0.001763,0.0016645,0.0019687,0.0018458,0.0016587,0.0018525,0.0014931,0.0018545,0.0014514,0.0017828,0.001683,0.0017999,0.0015519,0.0014555,0.0018467,0.0014727,0.0019363,0.0021903,0.0016844,0.0018413,0.0017647,0.0020179,0.0017741,0.0016287,0.0018435,0.0017698,0.0018706,0.0018686,0.0018211,0.0021357,0.0019732,0.0017863,0.0016147,0.001657,0.0016273,0.0017112,0.0017636,0.0016892,0.0018491,0.0016936,0.0022934,0.0016187,0.0017455,0.0016548,0.0017537,0.0016849,0.0014052,0.0015321,0.001613,0.0020732,0.0016913,0.001578,0.0016318,0.0015597,0.0017718,0.0017724,0.0015969,0.0016408,0.0017212,0.0017712,0.0014878,0.0017877,0.001505,0.0017618,0.0015256,0.0013792,0.0013022,0.0015389,0.0017901,0.0012591,0.0016952,0.0013558,0.0014549,0.0016451,0.0012878,0.0014903,0.0016705,0.0014006,0.0014909,0.0015608,0.0011905,0.0015735,0.0014846,0.0014911,0.0012594,0.0015762,0.0013396,0.0015496,0.0014031,0.00097019,0.001547,0.0016507,0.001192,0.001198,0.0011489,0.0015327,0.0015084,0.0014951,0.0010688,0.00095718,0.00097744,0.0010071,0.0014873,0.0014638,0.0010504,0.0012879,0.0010465,0.0010332,0.00087924,0.00084235,0.0011276,0.001128,0.0013828,0.0012178,1074300.0,1105700.0,792270.0,4276700.0,2284500.0,1150800.0,5856800.0,1513400.0,1879800.0,3242500.0,2966100.0,734830.0,5652900.0,1298400.0,4052200.0,2459600.0,5070500.0,4091400.0,1340500.0,3371900.0,2502600.0,3347400.0,11704000.0,958350.0,6311800.0,749460.0,9101500.0,1591900.0,1841400.0,815570.0,3232100.0,1680500.0,5814300.0,23940000.0,2520900.0,2724900.0,4347000.0,1235900.0,1513400.0,1646200.0,2062700.0,1057700.0,2058300.0,1019200.0,7475600.0,2433400.0,1825600.0,1494000.0,2274900.0,15971000.0,952090.0,7278300.0,3995200.0,706940.0,3910700.0,1079100.0,2657700.0,17679000.0,32102000.0,2373200.0,1720700.0,1532600.0,2840700.0,1036400.0,1926200.0,3409900.0,803840.0,2871900.0,1940600.0,3915400.0,2755300.0,1446400.0,1119200.0,15048000.0,5077600.0,1340600.0,3613400.0,1673300.0,965090.0,2573300.0,3702600.0,1313000.0,893150.0,2116300.0,873820.0,1861100.0,2850800.0,4950200.0,4191200.0,2338500.0,5694300.0,1300700.0,9352900.0,4677300.0,1017700.0,1694700.0,903640.0,1769700.0,3509900.0,9918500.0,1730700.0,16523000.0,1417300.0,9919600.0,1633600.0,3256300.0,1272900.0,1628100.0,12535000.0,5115100.0,2157200.0,3869300.0,2389200.0,1225800.0,656170.0,3373000.0,11659000.0,2413800.0,1291100.0,778800.0,1922000.0,735100.0,1193700.0,2218700.0,8786700.0,4156700.0,2627900.0,3087700.0,2361300.0,1498700.0,773560.0,10411000.0,2404500.0,3548600.0,2073400.0,1371700.0,1031900.0,2014200.0,1052000.0,2853800.0,3921600.0,1159600.0,1477000.0,2103000.0,1521000.0,2210500.0,2422200.0,877170.0,6912100.0,1513500.0,9390500.0,6180200.0,809830.0,10291000.0,814480.0,1274500.0,19279000.0,683650.0,12167000.0,721740.0,5575100.0,3693400.0,3817200.0,2647300.0,5252900.0,4116200.0,4227600.0,964530.0,4135000.0,1638700.0,6369200.0,1506700.0,7610900.0,1080700.0,744550.0,4005200.0,2996600.0,1988300.0,8411500.0,2288700.0,948280.0,1205600.0,3671000.0,3568300.0,1940100.0,1475700.0,747540.0,6807100.0,5275200.0,2336700.0,637470.0,17726000.0,3323000.0,5257900.0,1142200.0,18258000.0,5431600.0,1100100.0,8580600.0,1353300.0,1434500.0,3992400.0,5297000.0,799330.0,1639500.0,973680.0,1778500.0,1568200.0,1456500.0,7851700.0,2342100.0,1425100.0,12280000.0,2793800.0,1238000.0,1263500.0,3260300.0,951930.0,4669600.0,1133200.0,1854600.0,8075300.0,4435100.0,696550.0,1421900.0,10018000.0,5258300.0,5069200.0,15394000.0,3001700.0,1931800.0,2342400.0,2994600.0,3189800.0,1882600.0,1749500.0,2275100.0,1499400.0,7215800.0,652060.0,3656200.0,8296200.0,8910100.0,1863600.0,5378600.0,4029700.0,5011000.0,864140.0,1139900.0,5361500.0,1551600.0,6587500.0,3485200.0,7122400.0,1970700.0,1638700.0,1591200.0,1087700.0,1106100.0,2208100.0,945990.0,5091800.0,3371700.0,4404800.0,3356800.0,2894200.0,2745600.0,15584000.0,14989000.0,6042000.0,4601000.0,2807600.0,6148400.0,3762100.0,1781300.0,2740300.0,1353800.0,4824200.0,3044800.0,1.5414,1.8571,4.1663,2.2396,2.4791,3.6651,1.2765,2.238,4.2241,1.201,1.9857,4.2144,2.4682,2.6638,4.3223,0.76212,2.0652,4.2216,1.6747,2.5261,3.8771,3.0868,2.8438,5.8662,1.1876,2.0269,4.1957,1.7092,1.7149,4.2435,1.2913,2.2781,4.2786,0.72344,2.0327,4.2097,2.9094,2.8424,4.6534,5.5624,2.7473,1.3693,1.2546,2.8165,3.6296,0.83763,2.1615,2.9983,2.5801,2.1712,4.5648,1.4633,1.6778,3.8924,0.72966,2.6844,3.8949,1.8964,1.8342,3.5329,1.2006,2.3858,3.2373,0.36899,2.292,3.4869,1.8526,1.6295,3.4079,2.0558,2.6756,4.2247,1.9008,1.6358,3.3724,1.6397,1.634,3.9744,0.33785,2.188,3.1262,2.1067,2.4343,4.5239,1.498,1.702,3.2725,0.90944,1.949,2.7548,3.2407,2.8373,6.0144,1.9398,1.8198,3.5151,0.87638,2.7284,2.9117,1.6939,2.5958,4.0044,0.74013,1.8999,2.7424,1.1045,2.4152,3.1361,1.9358,1.9256,4.492,1.8193,1.6517,3.8951,0.62159,2.1482,3.9074,1.3869,2.551,3.9027,0.9837,2.1531,3.1765,2.6241,2.3696,4.3814,2.014,2.2102,4.7281,1.5388,1.6418,3.9275,1.8878,2.0091,4.4808,1.4964,2.2058,3.2306,0.81681,2.2404,3.0161,2.4424,2.4786,4.3708,2.0049,2.5096,4.8286,1.9341,2.6197,4.8027,2.5973,2.3622,4.3665,1.2714,2.5211,3.8752,1.8408,2.3266,4.3948,2.515,2.9817,4.3623,0.6569,2.3806,2.6616,1.3863,2.0178,4.6063,1.8706,3.0057,3.7302,0.25964,2.3761,3.3669,1.6967,1.617,4.0807,0.82042,2.2092,3.0619,2.2664,2.3034,4.7101,0.54447,2.4068,3.1227,0.76185,2.2489,3.1448,0.015715,2.8977,1.7496,2.0249,2.2021,4.6464,2.5238,2.4259,4.3015,2.2936,2.3109,5.1425,1.932,2.6514,4.1348,1.1224,1.8266,4.0456,4.5182,2.8145,0.69595,0.76491,2.1905,2.9713,1.4645,2.1325,4.2897,1.1688,2.2369,3.5548,2.0222,2.6318,4.2837,1.6182,1.5794,4.147,1.1783,2.5234,3.1254,0.74057,2.5022,3.7372,2.2347,1.8226,3.6836,1.3973,2.5378,3.4782,1.3585,2.6019,3.5211,1.3983,1.6332,4.2706,1.9351,2.6501,4.4539,2.0556,2.6502,4.6277,3.3407,2.8321,6.1401,1.7411,1.6172,4.1945,1.8829,1.9329,3.3876,2.4871,2.9537,5.3773,1.1978,2.5791,3.0514,2.6875,2.3924,5.0106,0.99215,2.6923,4.2175,1.4302,2.4999,3.5475,0.9619,1.94,4.1458,1.782,1.6289,4.0621,1.9606,1.931,3.3925,6.0103,2.9001,2.8466,2.9569,2.2271,4.6714,1.5077,1.93,4.3809,1.1303,2.5601,3.3542,1.4282,2.4672,3.3898,1.7019,1.8839,3.6617,2.039,2.4585,4.09,1.0885,2.3738,3.2466,2.4997,1.8838,5.3177,0.99516,2.6042,3.2762,1.3721,2.5537,3.3298,0.24056,3.0473,3.1962,0.65959,1.9136,2.7696,1.6664,1.9516,4.6024,1.5103,1.8083,4.209,5.2177,2.7796,1.5884,0.88056,2.2212,2.9397,0.93968,2.7172,4.2056,2.3814,2.4285,3.6946,2.9258,2.2946,4.97,3.0735,2.5866,4.6109,2.0704,2.3941,4.5991,2.1819,2.2149,4.1708,0.7076,2.2463,3.3209,0.62933,2.4173,3.0503,0.57649,2.2471,3.8874,2.4676,2.437,4.5907,0.7168,2.4413,2.8905,1.3032,1.5667,4.364,1.5909,1.9311,3.5264,0.35762,2.6609,2.186,3.4265,2.9225,0.2827,0.85721,2.2665,3.0683,1.6263,1.6689,4.1584,1.67,1.9023,3.2755,0.77745,2.3543,2.8792,2.2262,2.2819,4.9414,1.3277,2.5784,3.2185,1.2741,2.2114,3.6575,0.35817,2.0845,3.3033,1.7175,1.9007,3.4386,2.6289,2.0361,4.1156,2.0472,2.148,4.9598,1.3811,1.6984,3.8478,0.77045,2.0376,2.8124,2.0795,2.1224,5.0744,2.1606,2.2909,4.5631,1.5036,2.4496,4.0165,4.0444,2.8693,6.2427,1.8235,2.4973,3.9943,0.62697,1.9905,4.1595,1.2025,2.6194,4.2394,3.3023,2.787,6.0804,1.7072,1.5634,3.279,0.27172,2.383,3.418,4.8716,3.0016,0.70543,0.43255,2.8214,3.3199,1.1577,2.5445,3.0854,2.2596,2.187,5.0157,1.6551,2.0542,4.4463,1.6585,1.6203,3.3915,1.8479,2.9476,3.3927,0.75008,2.33,2.9163,0.80208,2.378,3.0139,0.23129,2.6647,3.349,1.9706,2.4522,4.2819,0.66194,2.4087,2.7999,1.0118,2.3517,3.5884,1.29,1.7638,4.324,0.23055,2.3529,3.4791,1.6956,1.593,3.2774,0.83315,2.3086,2.8636,2.9347,2.8561,6.0324,1.7086,2.5166,3.9646,2.034,2.2385,4.6087,2.1984,2.6549,5.0753,1.6037,1.956,3.8105,1.4204,1.7718,3.7532,2.302,2.1431,4.9879,1.495,2.5713,3.9402,0.4737,3.0033,2.1291,4.4588,2.8975,0.26657,1.3407,2.8413,4.1888,1.8714,1.9779,3.8924,1.1715,2.6725,2.7554,0.10071,2.7816,2.8337,1.0684,2.9156,4.1918,0.47848,2.4396,2.6086,0.8575,2.0755,2.8395,0.54276,2.4873,3.4131,1.7996,2.2288,4.3367,1.0846,2.82,4.2323,0.69968,2.0502,2.9569,2.1104,1.8372,3.712,1.4159,1.8825,3.7144,2.2682,2.5982,4.7461,1.5326,1.5751,4.1979,1.2751,2.1379,3.2339,0.73819,2.0933,3.003,0.73675,2.2661,2.6391,1.794,2.3861,4.1845,2.2371,2.5807,4.9084,0.59675,2.0696,2.9427,1.7348,1.7925,3.2916,0.87139,2.9819,2.6116,0.53661,2.5256,2.5911,3.2429,2.7253,6.1885,6.2399,2.8696,2.6686,4.137,2.8892,6.1112,2.4059,2.2561,3.7307,1.4779,3.0578,4.476,1.2428,2.4486,3.4893,6.1943,3.1075,2.875,2.3749,2.1822,3.7434,1.3138,1.8441,3.7067,2.3907,2.3285,4.6332,2.6049,2.7197,4.2415,1.259,2.7139,4.3212,1.684,1.9366,3.8174,1.204,2.7482,3.7643,2.3367,2.3444,4.9274,1.4,2.6072,3.3633,2.1564,2.2924,4.0628,0.8188,1.9737,3.3909,2.4256,2.3218,3.8071,2.3443,2.3462,3.7282,2.2943,2.0025,5.0694,2.6231,2.2901,4.8274,2.3989,2.2409,3.7925,1.4411,1.611,3.9192,2.3377,2.5905,4.9173,1.746,1.9449,3.8592,0.81851,2.1168,4.1269,1.5837,1.8448,4.3399,2.3091,2.5594,4.9495,1.4478,2.3983,3.2544,5.8426,2.8207,2.121,1.8632,1.7516,3.5266,1.9391,2.9119,4.175,2.113,1.9911,4.837,1.1796,2.6232,4.3665,2.0042,2.1566,4.9435,1.6541,1.7809,3.9325,1.6321,2.0002,3.3324,1.1509,2.7267,3.7201,1.0377,2.8495,3.8277,1.5639,2.4909,3.9163,1.1658,2.6799,3.6828,1.7629,1.7499,4.0818,0.74051,2.4488,2.8116,1.834,2.1338,4.4129,0.10343,2.7812,2.998,1.0435,1.9494,4.3355,0.9812,2.2832,3.0797,1.5869,2.4069,4.5623,1.0063,2.0794,2.8317,0.79685,2.0086,2.6876,1.6877,1.7646,3.9387,0.87247,2.4405,2.909,1.3171,1.5821,3.8406,2.7714,2.6096,4.6148,1.0483,2.229,3.6384,1.1766,2.7285,3.687,2.0044,1.9974,4.4748,1.0122,1.9599,4.2413,1.9057,1.6451,3.4355,1.7202,2.4983,3.9731,2.2506,2.536,4.8789,2.0616,2.355,3.6027,1.2101,3.057,3.4624,1.4018,1.4447,4.2533,0.70804,2.9788,3.6561,1.6485,1.7241,4.2421,0.80012,2.0003,2.7201,0.55331,2.2207,4.0469,2.6021,2.5994,4.523,2.0179,2.1043,3.4511,1.3755,2.8845,3.5329,1.0873,2.2269,3.6169,2.539,2.0376,4.4792,1.5032,1.7362,4.4198,1.5949,2.5863,3.5676,2.0711,2.2893,4.0626,2.7109,2.3053,4.9653,0.44762,2.5012,2.9312
0.18365,0.29097,0.0068689,249.21,278.68,200.67,0.0014212,0.0016698,0.0010115,212.49,230.22,232.67,223.03,217.18,179.22,242.6,231.07,270.84,225.12,265.06,281.55,200.3,236.28,226.46,292.21,228.03,257.5,225.77,178.04,347.25,245.93,208.0,254.83,211.34,285.37,265.34,325.99,177.02,277.23,235.8,225.87,148.41,244.21,280.87,357.98,268.8,211.83,320.1,361.01,301.24,193.6,253.15,198.6,288.99,275.59,316.08,313.89,361.12,289.98,284.84,277.64,377.95,362.09,372.19,289.45,335.59,277.8,231.89,415.82,373.82,362.72,341.64,197.17,291.33,247.37,240.57,222.08,324.39,249.24,274.41,256.48,332.62,328.58,244.92,266.85,287.01,338.32,346.37,327.72,231.67,308.35,321.74,281.95,324.66,205.6,305.74,277.02,317.78,289.8,320.45,310.59,286.08,319.78,279.49,278.79,278.83,346.79,275.3,267.93,384.86,366.02,374.9,267.09,350.52,444.8,434.03,336.47,251.84,322.56,405.26,291.98,301.07,309.5,275.98,373.79,317.29,363.13,393.34,352.54,328.1,397.0,379.21,306.12,343.94,363.21,463.31,268.1,468.87,467.75,412.28,312.74,437.79,283.65,302.88,598.15,341.25,350.39,367.82,350.64,337.68,273.98,337.14,404.08,281.31,427.92,344.47,298.74,361.84,440.64,262.61,294.55,379.16,262.55,157.11,304.02,368.24,328.76,448.45,398.79,215.33,289.04,213.36,227.89,265.62,293.2,233.78,320.96,292.61,238.61,280.59,253.92,294.13,198.48,278.49,269.06,261.97,238.72,229.94,322.92,228.12,326.49,377.61,264.58,289.0,252.23,331.71,288.91,238.34,317.22,341.45,287.57,300.37,290.01,315.86,328.47,276.82,480.35,240.0,262.4,265.51,272.53,259.64,289.21,281.26,346.48,271.87,254.75,267.8,321.34,272.55,201.72,225.02,268.11,346.21,263.62,235.0,288.54,249.98,279.96,278.11,255.51,268.07,287.08,288.12,221.82,290.2,226.0,298.38,229.91,240.58,196.73,277.78,281.21,180.82,284.04,230.14,184.68,267.19,195.61,231.71,276.86,197.26,251.32,264.6,203.71,262.58,257.05,236.1,191.13,250.83,216.06,250.15,242.85,169.1,289.42,291.99,214.32,175.28,209.25,280.1,248.03,251.31,235.83,154.53,161.3,204.21,249.0,250.93,226.5,231.22,215.94,193.78,174.27,183.8,231.76,210.31,254.87,220.36,0.00078841,0.0010597,0.0010579,0.0011646,0.0010524,0.00085549,0.001271,0.00098592,0.0013863,0.0010648,0.0013923,0.0015478,0.0010024,0.0012688,0.0011,0.0017113,0.0013138,0.0014284,0.0014342,0.0010933,0.0020135,0.0016181,0.0013022,0.0017377,0.0014452,0.0018297,0.0015232,0.0018754,0.0013275,0.0018302,0.0014437,0.0013836,0.0010393,0.0013616,0.0017086,0.0021454,0.0016558,0.0013741,0.0019381,0.0020592,0.0016708,0.001112,0.0016503,0.0014825,0.0017496,0.0017143,0.0019349,0.0017457,0.0021392,0.001733,0.0013755,0.0017185,0.0022794,0.0019429,0.0021916,0.0018345,0.0019552,0.0012673,0.0016253,0.0025119,0.0023141,0.0021478,0.0020572,0.0013375,0.0020153,0.0016285,0.0014664,0.0016331,0.0020591,0.0015998,0.0018317,0.0017695,0.0019287,0.0020478,0.0013337,0.0017525,0.0017655,0.0020998,0.002187,0.002088,0.0013247,0.0021228,0.0020849,0.0016838,0.0013802,0.0015762,0.0013509,0.0018388,0.0019097,0.0018667,0.0020118,0.0018124,0.0014717,0.002042,0.0014583,0.0018544,0.0017728,0.0021898,0.0016023,0.0017519,0.0019932,0.0021996,0.002282,0.0016049,0.0021794,0.0021028,0.0024866,0.002153,0.0017493,0.0019429,0.0024313,0.001958,0.0014682,0.001892,0.0018166,0.0022641,0.0019532,0.0021007,0.0021543,0.0017603,0.0015987,0.0023212,0.0017965,0.0020759,0.0019289,0.0016753,0.0026036,0.0018724,0.0021812,0.002646,0.0025295,0.0019223,0.0023933,0.0013472,0.0019694,0.0028555,0.0020482,0.0017832,0.002196,0.0019394,0.002038,0.0017718,0.0018752,0.0024012,0.001951,0.0020513,0.0020328,0.0013896,0.0017791,0.0022908,0.0017133,0.0019376,0.002073,0.0017369,0.0012161,0.001759,0.0021911,0.0020357,0.0020197,0.0020459,0.0013832,0.0018009,0.0014987,0.0016077,0.0015508,0.0017676,0.0016707,0.0019728,0.0018515,0.0016634,0.001858,0.0014979,0.0018601,0.0014574,0.0017874,0.0016855,0.0018018,0.0015533,0.0014579,0.0018511,0.0014763,0.0019424,0.0021942,0.0016834,0.0018478,0.0017671,0.0020253,0.0017793,0.0016314,0.00185,0.0017692,0.0018765,0.0018747,0.0018256,0.0021421,0.001979,0.0017917,0.0016303,0.0016596,0.0016303,0.0017157,0.0017684,0.0016912,0.0018526,0.0016982,0.0022997,0.0016213,0.0017509,0.0016579,0.0017604,0.0016903,0.0014076,0.0015353,0.0016173,0.0020809,0.0016961,0.0015814,0.0016341,0.0015618,0.0017749,0.001777,0.0015999,0.0016445,0.0017253,0.0017734,0.0014906,0.0017931,0.0015071,0.0017667,0.0015275,0.0013807,0.0013045,0.0015419,0.0017943,0.0012597,0.0016977,0.0013576,0.0014572,0.0016482,0.0012896,0.0014928,0.0016741,0.001403,0.0014918,0.0015625,0.0011917,0.0015764,0.001486,0.0014927,0.0012599,0.0015786,0.0013413,0.0015518,0.0014051,0.00097041,0.0015492,0.0016535,0.0011928,0.0011982,0.0011497,0.0015344,0.0015108,0.0014962,0.0010694,0.00095765,0.00097743,0.0010072,0.0014889,0.0014649,0.0010504,0.0012883,0.0010463,0.0010331,0.00087917,0.000842,0.0011276,0.0011278,0.0013844,0.001218,1074300.0,1105700.0,792270.0,4276700.0,2284500.0,1150800.0,5856800.0,1513400.0,1879800.0,3242500.0,2966100.0,734830.0,5652900.0,1298400.0,4052200.0,2459600.0,5070500.0,4091400.0,1340500.0,3371900.0,2502600.0,3347400.0,11704000.0,958350.0,6311800.0,749460.0,9101500.0,1591900.0,1841400.0,815570.0,3232100.0,1680500.0,5814300.0,23940000.0,2520900.0,2724900.0,4347000.0,1235900.0,1513400.0,1646200.0,2062700.0,1057700.0,2058300.0,1019200.0,7475600.0,2433400.0,1825600.0,1494000.0,2274900.0,15971000.0,952090.0,7278300.0,3995200.0,706940.0,3910700.0,1079100.0,2657700.0,17679000.0,32102000.0,2373200.0,1720700.0,1532600.0,2840700.0,1036400.0,1926200.0,3409900.0,803840.0,2871900.0,1940600.0,3915400.0,2755300.0,1446400.0,1119200.0,15048000.0,5077600.0,1340600.0,3613400.0,1673300.0,965090.0,2573300.0,3702600.0,1313000.0,893150.0,2116300.0,873820.0,1861100.0,2850800.0,4950200.0,4191200.0,2338500.0,5694300.0,1300700.0,9352900.0,4677300.0,1017700.0,1694700.0,903640.0,1769700.0,3509900.0,9918500.0,1730700.0,16523000.0,1417300.0,9919600.0,1633600.0,3256300.0,1272900.0,1628100.0,12535000.0,5115100.0,2157200.0,3869300.0,2389200.0,1225800.0,656170.0,3373000.0,11659000.0,2413800.0,1291100.0,778800.0,1922000.0,735100.0,1193700.0,2218700.0,8786700.0,4156700.0,2627900.0,3087700.0,2361300.0,1498700.0,773560.0,10411000.0,2404500.0,3548600.0,2073400.0,1371700.0,1031900.0,2014200.0,1052000.0,2853800.0,3921600.0,1159600.0,1477000.0,2103000.0,1521000.0,2210500.0,2422200.0,877170.0,6912100.0,1513500.0,9390500.0,6180200.0,809830.0,10291000.0,814480.0,1274500.0,19279000.0,683650.0,12167000.0,721740.0,5575100.0,3693400.0,3817200.0,2647300.0,5252900.0,4116200.0,4227600.0,964530.0,4135000.0,1638700.0,6369200.0,1506700.0,7610900.0,1080700.0,744550.0,4005200.0,2996600.0,1988300.0,8411500.0,2288700.0,948280.0,1205600.0,3671000.0,3568300.0,1940100.0,1475700.0,747540.0,6807100.0,5275200.0,2336700.0,637470.0,17726000.0,3323000.0,5257900.0,1142200.0,18258000.0,5431600.0,1100100.0,8580600.0,1353300.0,1434500.0,3992400.0,5297000.0,799330.0,1639500.0,973680.0,1778500.0,1568200.0,1456500.0,7851700.0,2342100.0,1425100.0,12280000.0,2793800.0,1238000.0,1263500.0,3260300.0,951930.0,4669600.0,1133200.0,1854600.0,8075300.0,4435100.0,696550.0,1421900.0,10018000.0,5258300.0,5069200.0,15394000.0,3001700.0,1931800.0,2342400.0,2994600.0,3189800.0,1882600.0,1749500.0,2275100.0,1499400.0,7215800.0,652060.0,3656200.0,8296200.0,8910100.0,1863600.0,5378600.0,4029700.0,5011000.0,864140.0,1139900.0,5361500.0,1551600.0,6587500.0,3485200.0,7122400.0,1970700.0,1638700.0,1591200.0,1087700.0,1106100.0,2208100.0,945990.0,5091800.0,3371700.0,4404800.0,3356800.0,2894200.0,2745600.0,15584000.0,14989000.0,6042000.0,4601000.0,2807600.0,6148400.0,3762100.0,1781300.0,2740300.0,1353800.0,4824200.0,3044800.0,1.5417,1.8572,4.1663,2.2397,2.4792,3.6651,1.2764,2.2382,4.2241,1.2007,1.9855,4.2142,2.4678,2.6638,4.3225,0.76127,2.0653,4.2218,1.6762,2.5264,3.8769,3.0874,2.8438,5.8663,1.1871,2.0269,4.1953,1.7087,1.7148,4.2434,1.2916,2.2787,4.2792,0.72189,2.0324,4.2097,2.9089,2.8423,4.6543,5.5606,2.7469,1.3681,1.2551,2.816,3.6298,0.83643,2.1615,2.9981,2.5814,2.1726,4.5664,1.4633,1.6777,3.8923,0.73119,2.6856,3.8957,1.8954,1.8348,3.5336,1.2016,2.3854,3.2386,0.36974,2.2921,3.4856,1.8534,1.6291,3.4082,2.0561,2.674,4.2236,1.902,1.6355,3.3723,1.6413,1.6336,3.9751,0.33763,2.1884,3.1256,2.1077,2.4348,4.5251,1.4983,1.7022,3.2732,0.91072,1.9498,2.7547,3.2428,2.8372,6.0161,1.9397,1.8204,3.5155,0.87518,2.7287,2.9119,1.693,2.5959,4.0045,0.74151,1.8999,2.742,1.1045,2.4151,3.1365,1.9361,1.9257,4.4919,1.821,1.6516,3.8953,0.6229,2.1474,3.9096,1.3896,2.5518,3.9047,0.98356,2.1539,3.1755,2.6257,2.3705,4.3827,2.0138,2.2103,4.7282,1.5397,1.6412,3.9276,1.8881,2.0104,4.4807,1.4971,2.2062,3.2302,0.81699,2.2415,3.0142,2.4424,2.4801,4.3709,2.0064,2.5084,4.8281,1.9345,2.6199,4.802,2.5986,2.3633,4.3679,1.2714,2.5216,3.8749,1.8432,2.3277,4.3958,2.5214,2.9811,4.3669,0.65901,2.3795,2.6638,1.3846,2.0174,4.6066,1.8685,3.0049,3.7269,0.25875,2.3757,3.3669,1.6972,1.6169,4.0808,0.82189,2.2106,3.0622,2.2668,2.3033,4.7106,0.54147,2.4057,3.1232,0.75931,2.2498,3.1437,0.015676,2.8978,1.7483,2.0264,2.2038,4.6476,2.5238,2.4274,4.3024,2.2921,2.3111,5.1425,1.9304,2.6499,4.1336,1.1224,1.826,4.0469,4.5174,2.8133,0.69774,0.76451,2.1907,2.9708,1.4654,2.133,4.29,1.1694,2.2389,3.5553,2.0202,2.6307,4.2819,1.618,1.579,4.1468,1.1781,2.523,3.1262,0.73984,2.5036,3.7371,2.236,1.822,3.6835,1.3958,2.5381,3.4781,1.3581,2.6018,3.5209,1.3972,1.633,4.2703,1.9348,2.6487,4.4529,2.0572,2.648,4.6287,3.339,2.8325,6.1404,1.7432,1.6165,4.1946,1.885,1.9322,3.3868,2.4895,2.9529,5.379,1.1974,2.5793,3.0512,2.6872,2.3917,5.0103,0.99352,2.6935,4.2193,1.4298,2.4999,3.5481,0.96272,1.9408,4.1471,1.782,1.6294,4.0619,1.962,1.9312,3.3926,6.0106,2.9,2.8465,2.9586,2.2267,4.6717,1.5101,1.9292,4.3827,1.1313,2.5592,3.3545,1.4287,2.4674,3.3905,1.7021,1.8831,3.6614,2.0401,2.4588,4.0914,1.0884,2.3746,3.2471,2.5006,1.8816,5.3191,0.995,2.6032,3.2761,1.3705,2.5543,3.3289,0.24069,3.0476,3.1961,0.65976,1.9152,2.7683,1.6665,1.9509,4.6043,1.5113,1.8073,4.2095,5.2167,2.7779,1.5877,0.8816,2.222,2.9407,0.94124,2.7184,4.2077,2.3815,2.4272,3.6961,2.9269,2.2943,4.9701,3.0755,2.5858,4.6119,2.0718,2.3936,4.6002,2.1817,2.2158,4.1708,0.70743,2.2485,3.321,0.63167,2.4173,3.0506,0.5768,2.2486,3.8878,2.4663,2.4375,4.591,0.71561,2.4423,2.8886,1.3028,1.5673,4.3638,1.5907,1.9301,3.5277,0.35993,2.6612,2.1876,3.4263,2.9217,0.28252,0.85624,2.266,3.0684,1.6263,1.6688,4.1592,1.6707,1.9031,3.2769,0.77826,2.3538,2.8802,2.2275,2.2809,4.9413,1.3293,2.5786,3.2201,1.2754,2.2121,3.6595,0.35825,2.0839,3.3045,1.718,1.8999,3.4388,2.6296,2.0349,4.1166,2.0467,2.1481,4.9597,1.3819,1.698,3.8482,0.7706,2.0389,2.8136,2.0799,2.1217,5.0754,2.1601,2.2915,4.5641,1.5037,2.4509,4.0174,4.0414,2.8667,6.2395,1.8222,2.4982,3.9935,0.62516,1.991,4.1601,1.2013,2.6191,4.2389,3.3001,2.7861,6.0804,1.7068,1.5636,3.279,0.27256,2.3837,3.4191,4.8689,3.0018,0.70257,0.43265,2.8218,3.322,1.1569,2.5449,3.0868,2.2597,2.1869,5.0166,1.6566,2.0535,4.4472,1.6584,1.6201,3.392,1.8515,2.9479,3.3953,0.75037,2.3292,2.9171,0.80137,2.377,3.0142,0.23068,2.665,3.3491,1.9722,2.453,4.2824,0.66296,2.408,2.8004,1.012,2.3533,3.5878,1.29,1.7635,4.3243,0.23039,2.3532,3.4803,1.6956,1.5931,3.2772,0.83483,2.3075,2.8643,2.9334,2.8559,6.0329,1.706,2.5159,3.964,2.034,2.2392,4.6087,2.1953,2.654,5.0736,1.6021,1.9559,3.81,1.4213,1.771,3.7538,2.3023,2.1432,4.9876,1.4947,2.5707,3.9393,0.47262,3.0027,2.1272,4.4575,2.8967,0.2662,1.3405,2.8419,4.1877,1.8703,1.9783,3.8923,1.1699,2.6726,2.7541,0.09771,2.781,2.8326,1.069,2.9158,4.1919,0.47803,2.4386,2.6092,0.85778,2.0764,2.839,0.54334,2.4876,3.4138,1.8017,2.2295,4.3374,1.0829,2.8205,4.2314,0.70063,2.0512,2.9554,2.1111,1.837,3.711,1.4168,1.8828,3.715,2.2659,2.5967,4.7435,1.534,1.5751,4.198,1.2744,2.1378,3.2345,0.73921,2.0943,3.0023,0.73693,2.2651,2.6392,1.7944,2.3865,4.1849,2.2358,2.5794,4.9078,0.59653,2.0701,2.9415,1.7351,1.7935,3.2914,0.87294,2.9814,2.6122,0.53604,2.5259,2.5909,3.2441,2.725,6.19,6.2412,2.8697,2.6708,4.1338,2.8882,6.1075,2.4064,2.2541,3.7305,1.4793,3.0578,4.4796,1.2422,2.4489,3.4899,6.1863,3.1076,2.869,2.3749,2.1815,3.7427,1.3144,1.8441,3.707,2.39,2.3285,4.6341,2.6045,2.7208,4.2435,1.2587,2.7141,4.3206,1.6822,1.9362,3.8165,1.2049,2.7478,3.7656,2.3359,2.3434,4.9263,1.398,2.6064,3.3636,2.1558,2.2935,4.0622,0.81867,1.974,3.391,2.4255,2.3205,3.8075,2.3439,2.3455,3.7279,2.2953,2.0032,5.0708,2.6223,2.2902,4.8276,2.3994,2.241,3.7923,1.4417,1.6113,3.9199,2.3363,2.5893,4.9166,1.7444,1.9448,3.8586,0.81867,2.1165,4.1277,1.5831,1.845,4.3406,2.3081,2.5578,4.9495,1.4477,2.3984,3.2543,5.8418,2.82,2.1202,1.8631,1.7513,3.5268,1.9382,2.9105,4.1732,2.114,1.9915,4.8374,1.1803,2.6237,4.3674,2.0055,2.1568,4.9442,1.6544,1.7807,3.9322,1.6325,2.0,3.3316,1.1519,2.7265,3.7211,1.0385,2.8496,3.8275,1.5652,2.4913,3.9168,1.1659,2.679,3.6827,1.7624,1.7494,4.0817,0.73921,2.4486,2.8119,1.8335,2.1345,4.4134,0.10342,2.781,2.9994,1.0429,1.9494,4.3361,0.98141,2.2827,3.0802,1.5864,2.407,4.5621,1.0064,2.0794,2.8316,0.79741,2.0086,2.6872,1.6884,1.7642,3.9384,0.87175,2.4402,2.9103,1.3164,1.582,3.8406,2.7714,2.6098,4.6145,1.0479,2.2301,3.6384,1.1769,2.7279,3.6873,2.0047,1.9975,4.4748,1.0115,1.9599,4.2411,1.9062,1.6451,3.4354,1.7208,2.4985,3.9729,2.2517,2.5357,4.8785,2.0609,2.3548,3.6019,1.2098,3.0569,3.4624,1.4013,1.4447,4.2535,0.70865,2.9786,3.6561,1.6487,1.7238,4.2422,0.80064,2.0003,2.7199,0.55222,2.2209,4.0477,2.6013,2.5994,4.5231,2.0181,2.1041,3.4512,1.3754,2.8841,3.5328,1.0874,2.2273,3.6167,2.5392,2.0381,4.4793,1.5033,1.7363,4.4198,1.5947,2.5863,3.5674,2.0712,2.2893,4.0626,2.7111,2.3047,4.9651,0.44768,2.5009,2.9311
0.18663,0.29571,0.0069508,249.55,279.59,200.07,0.0014225,0.0016737,0.0010087,211.98,229.75,232.32,222.72,216.85,178.46,242.39,230.7,270.65,224.78,265.02,281.57,199.67,236.14,226.16,292.27,228.07,257.59,225.77,177.38,347.78,246.49,208.18,255.4,211.51,285.37,265.24,325.7,176.73,277.96,236.85,225.31,148.03,244.29,282.46,359.65,269.78,211.53,321.4,360.79,299.12,192.16,255.73,199.6,289.66,276.37,318.44,316.68,363.44,289.53,282.28,277.56,382.19,365.77,376.67,290.56,338.55,281.15,232.77,420.28,377.63,368.79,344.03,196.49,294.07,249.37,242.1,223.32,331.36,251.3,277.32,257.2,336.97,329.63,235.47,269.29,288.86,341.49,347.37,332.62,233.31,306.72,326.35,283.52,319.55,207.76,307.41,278.6,321.52,289.02,319.56,310.6,288.69,322.37,282.63,277.87,278.72,349.1,275.41,266.4,389.02,369.07,374.73,268.75,353.41,449.85,435.5,337.47,253.73,324.64,407.43,293.47,305.42,311.25,276.78,375.71,318.05,364.41,395.8,353.2,336.64,401.96,380.81,308.49,347.07,368.51,461.32,269.5,474.26,470.65,415.85,315.18,442.87,290.29,305.0,604.63,344.79,354.7,370.55,353.99,340.21,274.91,338.72,405.32,282.69,434.38,344.7,303.07,366.23,445.14,264.1,296.19,380.87,264.04,156.3,306.2,369.05,329.73,454.16,397.83,214.6,290.04,214.08,228.47,266.64,293.18,234.58,321.35,293.71,239.38,281.5,254.27,295.05,199.46,278.5,269.21,261.63,238.4,229.76,323.1,228.03,327.68,377.43,264.62,289.58,251.78,331.5,289.24,238.03,318.2,340.65,288.41,301.11,290.52,316.36,329.7,277.26,483.36,239.9,262.77,266.49,272.9,259.45,289.91,281.53,347.31,272.15,255.46,267.83,322.62,273.32,201.65,225.59,268.59,347.33,263.9,234.87,288.32,250.37,280.51,278.4,255.31,268.33,286.97,288.17,222.12,290.76,226.17,299.16,229.62,240.26,196.78,277.72,281.27,180.73,284.11,229.93,184.53,267.15,195.35,231.66,277.09,197.0,251.28,264.75,203.54,262.75,256.81,235.81,190.74,250.54,215.84,250.31,242.82,168.75,289.42,291.82,214.01,174.76,208.89,279.81,247.96,251.29,235.67,154.32,160.88,203.83,248.67,250.93,226.21,230.95,215.42,193.35,173.83,183.35,231.25,209.66,254.7,219.83,0.00078504,0.0010554,0.0010529,0.0011621,0.0010487,0.00084967,0.0012696,0.00098367,0.0013862,0.0010611,0.0013907,0.0015471,0.00099713,0.0012671,0.0010972,0.0017109,0.0013151,0.0014297,0.0014329,0.0010894,0.0020182,0.0016226,0.0013041,0.0017436,0.0014464,0.0018375,0.0015218,0.0018719,0.0013244,0.001836,0.0014517,0.0013832,0.0010386,0.0013614,0.0017186,0.0021587,0.001663,0.0013624,0.0019464,0.0020649,0.0016601,0.0011024,0.0016659,0.0014918,0.0017556,0.0017155,0.00195,0.0017605,0.0021573,0.0017298,0.0013581,0.0017226,0.0023034,0.0019607,0.0022169,0.0018428,0.0019701,0.0012764,0.0016286,0.002534,0.0023269,0.0021829,0.0020715,0.0013264,0.0020296,0.001643,0.0014687,0.0016394,0.0020927,0.001608,0.001839,0.0017753,0.0019509,0.0020525,0.0012094,0.0017685,0.0017797,0.0021245,0.0021921,0.0021148,0.0013217,0.0021189,0.0021134,0.0016968,0.0013465,0.001592,0.0013601,0.0018469,0.0019316,0.0018646,0.0020105,0.0018076,0.0014839,0.0020566,0.0014752,0.0018568,0.0017717,0.0022074,0.0015949,0.0017436,0.0020129,0.0022202,0.0022786,0.0016151,0.0021969,0.0021314,0.0024981,0.0021576,0.0017604,0.0019575,0.0024431,0.0019667,0.0014853,0.0019008,0.0018218,0.0022765,0.0019532,0.0021032,0.0021645,0.0017534,0.0016451,0.0023429,0.00179,0.0020874,0.0019425,0.0016979,0.0025879,0.0018805,0.0022107,0.0026574,0.0025508,0.0019297,0.0024105,0.0013479,0.0019828,0.0028928,0.0020602,0.001801,0.0022106,0.001947,0.0020512,0.0017772,0.0018872,0.0024097,0.0019599,0.00208,0.00204,0.0013981,0.0017945,0.0023104,0.0017236,0.0019475,0.0020817,0.0017457,0.0012109,0.0017717,0.0021919,0.002041,0.0020452,0.0020326,0.0013794,0.0018071,0.0015035,0.0016093,0.0015523,0.0017673,0.0016764,0.0019761,0.0018563,0.0016697,0.0018644,0.0015017,0.0018647,0.0014619,0.0017882,0.0016877,0.0017988,0.001549,0.0014562,0.0018546,0.0014761,0.001948,0.0021928,0.0016765,0.0018518,0.0017644,0.0020292,0.0017816,0.0016307,0.0018554,0.0017531,0.0018814,0.00188,0.0018278,0.0021446,0.001986,0.0017948,0.0016479,0.001656,0.0016319,0.0017171,0.0017709,0.0016922,0.0018551,0.0016979,0.0022994,0.0016173,0.0017552,0.0016583,0.0017662,0.0016939,0.0014072,0.0015389,0.0016202,0.0020871,0.0016967,0.0015818,0.0016335,0.0015632,0.001777,0.0017795,0.0015992,0.0016466,0.0017272,0.001774,0.0014928,0.001796,0.0015082,0.0017711,0.001525,0.0013791,0.0013041,0.0015414,0.0017958,0.0012586,0.0016981,0.0013555,0.0014576,0.0016488,0.001288,0.0014923,0.0016761,0.0014023,0.0014911,0.0015626,0.0011912,0.0015777,0.0014839,0.0014908,0.0012571,0.001577,0.0013395,0.0015525,0.0014041,0.00096766,0.00155,0.0016539,0.0011904,0.0011953,0.0011471,0.001532,0.0015098,0.0014955,0.0010681,0.00095616,0.00097372,0.0010037,0.0014867,0.0014644,0.0010483,0.0012861,0.0010429,0.0010301,0.00087601,0.0008383,0.001124,0.0011237,0.0013825,0.0012148,1074300.0,1105700.0,792270.0,4276700.0,2284500.0,1150800.0,5856800.0,1513400.0,1879800.0,3242500.0,2966100.0,734830.0,5652900.0,1298400.0,4052200.0,2459600.0,5070500.0,4091400.0,1340500.0,3371900.0,2502600.0,3347400.0,11704000.0,958350.0,6311800.0,749460.0,9101500.0,1591900.0,1841400.0,815570.0,3232100.0,1680500.0,5814300.0,23940000.0,2520900.0,2724900.0,4347000.0,1235900.0,1513400.0,1646200.0,2062700.0,1057700.0,2058300.0,1019200.0,7475600.0,2433400.0,1825600.0,1494000.0,2274900.0,15971000.0,952090.0,7278300.0,3995200.0,706940.0,3910700.0,1079100.0,2657700.0,17679000.0,32102000.0,2373200.0,1720700.0,1532600.0,2840700.0,1036400.0,1926200.0,3409900.0,803840.0,2871900.0,1940600.0,3915400.0,2755300.0,1446400.0,1119200.0,15048000.0,5077600.0,1340600.0,3613400.0,1673300.0,965090.0,2573300.0,3702600.0,1313000.0,893150.0,2116300.0,873820.0,1861100.0,2850800.0,4950200.0,4191200.0,2338500.0,5694300.0,1300700.0,9352900.0,4677300.0,1017700.0,1694700.0,903640.0,1769700.0,3509900.0,9918500.0,1730700.0,16523000.0,1417300.0,9919600.0,1633600.0,3256300.0,1272900.0,1628100.0,12535000.0,5115100.0,2157200.0,3869300.0,2389200.0,1225800.0,656170.0,3373000.0,11659000.0,2413800.0,1291100.0,778800.0,1922000.0,735100.0,1193700.0,2218700.0,8786700.0,4156700.0,2627900.0,3087700.0,2361300.0,1498700.0,773560.0,10411000.0,2404500.0,3548600.0,2073400.0,1371700.0,1031900.0,2014200.0,1052000.0,2853800.0,3921600.0,1159600.0,1477000.0,2103000.0,1521000.0,2210500.0,2422200.0,877170.0,6912100.0,1513500.0,9390500.0,6180200.0,809830.0,10291000.0,814480.0,1274500.0,19279000.0,683650.0,12167000.0,721740.0,5575100.0,3693400.0,3817200.0,2647300.0,5252900.0,4116200.0,4227600.0,964530.0,4135000.0,1638700.0,6369200.0,1506700.0,7610900.0,1080700.0,744550.0,4005200.0,2996600.0,1988300.0,8411500.0,2288700.0,948280.0,1205600.0,3671000.0,3568300.0,1940100.0,1475700.0,747540.0,6807100.0,5275200.0,2336700.0,637470.0,17726000.0,3323000.0,5257900.0,1142200.0,18258000.0,5431600.0,1100100.0,8580600.0,1353300.0,1434500.0,3992400.0,5297000.0,799330.0,1639500.0,973680.0,1778500.0,1568200.0,1456500.0,7851700.0,2342100.0,1425100.0,12280000.0,2793800.0,1238000.0,1263500.0,3260300.0,951930.0,4669600.0,1133200.0,1854600.0,8075300.0,4435100.0,696550.0,1421900.0,10018000.0,5258300.0,5069200.0,15394000.0,3001700.0,1931800.0,2342400.0,2994600.0,3189800.0,1882600.0,1749500.0,2275100.0,1499400.0,7215800.0,652060.0,3656200.0,8296200.0,8910100.0,1863600.0,5378600.0,4029700.0,5011000.0,864140.0,1139900.0,5361500.0,1551600.0,6587500.0,3485200.0,7122400.0,1970700.0,1638700.0,1591200.0,1087700.0,1106100.0,2208100.0,945990.0,5091800.0,3371700.0,4404800.0,3356800.0,2894200.0,2745600.0,15584000.0,14989000.0,6042000.0,4601000.0,2807600.0,6148400.0,3762100.0,1781300.0,2740300.0,1353800.0,4824200.0,3044800.0,1.5421,1.8574,4.1663,2.24,2.4794,3.665,1.2764,2.2383,4.2241,1.2002,1.9852,4.2139,2.4671,2.6638,4.3227,0.76005,2.0654,4.222,1.6784,2.5269,3.8766,3.0883,2.8437,5.8664,1.1863,2.027,4.1948,1.708,1.7146,4.2432,1.2921,2.2797,4.2802,0.71964,2.0319,4.2098,2.9083,2.8423,4.6555,5.558,2.7462,1.3665,1.2557,2.8153,3.6302,0.83468,2.1617,2.9978,2.5833,2.1747,4.5688,1.4632,1.6775,3.8921,0.73345,2.6873,3.8968,1.894,1.8356,3.5346,1.2029,2.3848,3.2404,0.37088,2.2923,3.4836,1.8545,1.6285,3.4087,2.0567,2.6717,4.2219,1.9038,1.6351,3.3722,1.6437,1.6331,3.976,0.33733,2.1891,3.1248,2.1091,2.4354,4.5269,1.4988,1.7024,3.2743,0.9127,1.9511,2.7544,3.2459,2.8369,6.0185,1.9395,1.8211,3.5161,0.87339,2.7292,2.9121,1.6916,2.596,4.0046,0.74359,1.9,2.7413,1.1046,2.4149,3.1371,1.9365,1.9259,4.4917,1.8235,1.6514,3.8956,0.62482,2.1463,3.9129,1.3935,2.553,3.9076,0.98339,2.1551,3.174,2.6281,2.3719,4.3846,2.0134,2.2104,4.7283,1.5411,1.6402,3.9278,1.8885,2.0124,4.4805,1.498,2.2069,3.2296,0.81739,2.2432,3.0112,2.4426,2.4824,4.3711,2.0089,2.5066,4.8273,1.9351,2.62,4.801,2.6003,2.365,4.3699,1.2713,2.5223,3.8744,1.8471,2.3293,4.3973,2.5316,2.9801,4.3741,0.66234,2.3777,2.6669,1.3818,2.017,4.6071,1.8656,3.0038,3.7219,0.25721,2.3752,3.3671,1.6979,1.6168,4.0809,0.82406,2.2127,3.0626,2.2674,2.3032,4.7113,0.53624,2.4043,3.1239,0.75534,2.2512,3.1422,0.015473,2.898,1.7462,2.0287,2.2064,4.6494,2.5237,2.4298,4.3038,2.29,2.3113,5.1426,1.9281,2.6478,4.1318,1.1223,1.825,4.0489,4.5163,2.8116,0.70029,0.76403,2.1911,2.97,1.4667,2.1338,4.2904,1.1701,2.2419,3.556,2.0175,2.6293,4.2793,1.6179,1.578,4.1464,1.1777,2.5224,3.1275,0.73869,2.5057,3.7368,2.2376,1.8212,3.6833,1.3937,2.5388,3.4781,1.358,2.6016,3.5206,1.3959,1.6326,4.2698,1.9345,2.6468,4.4511,2.06,2.6446,4.63,3.3365,2.8333,6.1407,1.7462,1.6156,4.1948,1.8879,1.9312,3.3855,2.4928,2.9517,5.3812,1.1966,2.5795,3.0507,2.6866,2.3907,5.0099,0.99559,2.6953,4.2218,1.4294,2.4999,3.5491,0.96404,1.9419,4.1491,1.782,1.6301,4.0617,1.964,1.9315,3.3927,6.0114,2.8998,2.8466,2.9612,2.2261,4.6721,1.5136,1.928,4.3855,1.1332,2.5579,3.3551,1.4297,2.4678,3.3916,1.7027,1.882,3.6611,2.0416,2.4591,4.0934,1.0882,2.3759,3.2478,2.5017,1.8785,5.3211,0.99507,2.6017,3.2759,1.3683,2.5552,3.3276,0.24089,3.0481,3.196,0.66012,1.9175,2.7664,1.6662,1.95,4.607,1.513,1.8059,4.2103,5.2152,2.7753,1.5868,0.88323,2.2232,2.9423,0.94367,2.72,4.2109,2.3816,2.4253,3.6983,2.9284,2.2939,4.9702,3.0786,2.5845,4.6133,2.074,2.3929,4.6019,2.1814,2.217,4.1708,0.70714,2.2515,3.3212,0.63505,2.4173,3.0511,0.5773,2.2508,3.8884,2.4645,2.4381,4.5912,0.71386,2.4437,2.8857,1.3021,1.5682,4.3635,1.5904,1.9287,3.5298,0.36332,2.6616,2.19,3.4259,2.9205,0.28204,0.85475,2.2653,3.0685,1.6261,1.6686,4.1605,1.6716,1.9043,3.2789,0.77972,2.3531,2.8819,2.2294,2.2795,4.9412,1.3316,2.5789,3.2223,1.2774,2.2132,3.6623,0.35806,2.0828,3.3062,1.7187,1.8986,3.439,2.6307,2.0331,4.1182,2.0459,2.1484,4.9597,1.3834,1.6977,3.8488,0.77079,2.0407,2.8156,2.0805,2.1207,5.077,2.1593,2.2923,4.5656,1.5038,2.4528,4.0188,4.0371,2.8626,6.2348,1.8202,2.4994,3.9922,0.62249,1.9917,4.161,1.1995,2.6187,4.2382,3.297,2.7848,6.0806,1.7062,1.5639,3.2789,0.27379,2.3847,3.4207,4.8648,3.0019,0.69821,0.4328,2.8225,3.325,1.1556,2.5454,3.089,2.2598,2.1868,5.018,1.6588,2.0525,4.4485,1.6582,1.6199,3.3928,1.8569,2.9485,3.3994,0.75066,2.3279,2.9181,0.80031,2.3755,3.0147,0.22976,2.6655,3.3491,1.9744,2.4539,4.2831,0.66438,2.4071,2.8011,1.0124,2.3556,3.5871,1.2901,1.763,4.3249,0.23019,2.3536,3.482,1.6955,1.5933,3.277,0.83725,2.3059,2.8653,2.9315,2.8555,6.0337,1.7021,2.5149,3.963,2.0339,2.2401,4.6088,2.1907,2.6527,5.0711,1.5997,1.9556,3.8093,1.4226,1.7697,3.7547,2.3027,2.1432,4.9871,1.4944,2.5699,3.938,0.4711,3.0018,2.1244,4.4554,2.8954,0.26564,1.3403,2.8428,4.1861,1.8687,1.9789,3.8923,1.1677,2.6728,2.7522,0.093334,2.7802,2.8311,1.0698,2.916,4.1923,0.4774,2.4372,2.6101,0.85816,2.0778,2.8383,0.54424,2.4879,3.4148,1.8048,2.2305,4.3385,1.0805,2.8213,4.2302,0.70201,2.0525,2.9531,2.1122,1.8366,3.7097,1.4181,1.8834,3.716,2.2625,2.5945,4.7396,1.536,1.5752,4.1982,1.2732,2.1376,3.2353,0.74073,2.0959,3.0012,0.73714,2.2635,2.6394,1.7949,2.387,4.1854,2.2338,2.5775,4.9069,0.59624,2.0707,2.9398,1.7354,1.7949,3.2912,0.87521,2.9809,2.6131,0.5352,2.5264,2.5905,3.2458,2.7246,6.1922,6.243,2.8698,2.674,4.1291,2.8867,6.102,2.4072,2.2511,3.7302,1.4815,3.0577,4.4849,1.2413,2.4493,3.4908,6.1745,3.1079,2.8601,2.3748,2.1804,3.7417,1.3152,1.8441,3.7075,2.3889,2.3286,4.6353,2.6039,2.7224,4.2463,1.2584,2.7143,4.3198,1.6795,1.9356,3.8153,1.2062,2.7471,3.7676,2.3347,2.3419,4.9246,1.395,2.6053,3.3639,2.155,2.2952,4.0615,0.8185,1.9745,3.3911,2.4254,2.3187,3.808,2.3432,2.3445,3.7276,2.2967,2.0042,5.0729,2.6211,2.2903,4.8279,2.4002,2.241,3.792,1.4426,1.6116,3.9208,2.3342,2.5876,4.9156,1.7421,1.9447,3.8578,0.81891,2.116,4.129,1.5821,1.8453,4.3417,2.3066,2.5555,4.9496,1.4475,2.3986,3.2542,5.8404,2.8189,2.119,1.8631,1.751,3.5271,1.9371,2.9085,4.1707,2.1153,1.9922,4.8379,1.1815,2.6244,4.3686,2.0074,2.1571,4.9452,1.6548,1.7803,3.9316,1.6331,1.9996,3.3305,1.1532,2.7262,3.7226,1.0396,2.8498,3.8272,1.5671,2.492,3.9176,1.166,2.6777,3.6824,1.7615,1.7487,4.0815,0.73732,2.4483,2.8125,1.8328,2.1355,4.414,0.1034,2.7807,3.0016,1.042,1.9495,4.3371,0.98172,2.282,3.081,1.5857,2.4071,4.5617,1.0067,2.0793,2.8316,0.79823,2.0086,2.6866,1.6894,1.7636,3.938,0.87069,2.4399,2.9123,1.3153,1.5817,3.8407,2.7714,2.6101,4.6142,1.0473,2.2316,3.6383,1.1774,2.7269,3.6877,2.0052,1.9978,4.4749,1.0104,1.9599,4.2409,1.907,1.6451,3.4353,1.7218,2.4988,3.9725,2.2533,2.5354,4.8779,2.06,2.3545,3.6008,1.2094,3.0566,3.4625,1.4006,1.4447,4.2538,0.70954,2.9783,3.6563,1.6491,1.7235,4.2423,0.80141,2.0002,2.7196,0.55063,2.2212,4.049,2.6002,2.5994,4.5232,2.0185,2.1038,3.4514,1.3751,2.8835,3.5326,1.0874,2.2279,3.6164,2.5393,2.0387,4.4796,1.5034,1.7363,4.4198,1.5945,2.5862,3.5673,2.0715,2.2894,4.0625,2.7113,2.3039,4.9647,0.44777,2.5005,2.9308
0.18861,0.29887,0.0070065,250.15,280.62,199.98,0.0014257,0.001679,0.0010084,211.83,229.67,232.57,222.85,217.08,178.6,242.24,230.7,270.8,224.89,265.51,282.3,199.66,236.52,226.34,292.92,228.27,258.05,226.28,177.31,348.57,246.83,208.43,255.81,211.66,285.72,265.65,326.16,176.94,278.3,237.58,225.45,148.1,245.04,283.68,360.89,270.73,211.59,322.88,361.21,298.7,191.89,257.77,200.3,290.56,277.2,319.99,318.35,365.32,289.91,281.96,277.82,385.1,367.31,379.63,291.93,340.1,284.07,233.57,422.97,380.25,370.52,345.97,196.38,295.62,250.51,243.55,224.43,335.38,253.1,279.73,257.94,339.56,331.14,233.95,271.06,289.7,343.65,349.21,335.16,235.36,307.09,328.98,284.07,318.54,209.31,309.53,280.05,323.84,289.15,320.01,311.69,290.58,324.2,285.13,277.62,279.4,350.8,276.28,266.62,392.56,371.08,375.98,270.28,355.6,453.31,436.79,338.85,255.34,326.05,409.08,294.72,309.88,312.94,277.47,377.4,319.44,366.11,398.08,354.19,343.38,404.8,383.85,310.31,349.62,372.06,461.86,270.68,478.42,472.52,418.59,317.25,446.39,295.75,306.8,609.14,347.33,359.07,372.61,356.59,342.13,276.08,339.99,406.88,283.77,439.29,344.58,306.0,369.79,448.72,265.23,297.76,382.37,265.32,156.09,308.2,370.29,330.72,458.63,397.83,214.8,291.0,214.78,229.17,268.02,293.75,235.34,321.82,294.91,239.92,282.41,254.8,296.05,200.5,278.96,269.56,261.98,238.82,230.18,323.27,228.47,328.94,377.89,264.91,290.69,252.19,332.02,290.1,238.29,319.29,340.95,289.51,302.01,291.31,317.45,330.84,277.98,485.89,240.41,263.29,267.56,273.55,259.58,290.66,282.21,348.77,272.94,256.38,268.17,323.96,274.27,201.91,226.15,269.16,348.61,264.85,235.33,288.43,250.89,281.2,279.03,255.72,268.85,287.27,288.4,222.65,291.66,226.5,300.05,229.87,240.44,197.19,278.18,281.84,180.89,284.48,230.21,184.79,267.49,195.66,232.06,277.64,197.22,251.57,265.09,203.59,263.27,257.12,236.0,190.84,250.82,216.05,250.75,243.19,168.8,289.63,292.12,214.16,174.72,209.02,280.08,248.42,251.57,235.78,154.36,160.91,203.88,248.85,251.32,226.26,231.1,215.43,193.42,173.88,183.34,231.27,209.56,255.0,219.89,0.00078384,0.0010539,0.0010523,0.0011624,0.0010491,0.00084967,0.0012685,0.00098354,0.0013881,0.0010609,0.001393,0.0015507,0.00099627,0.0012691,0.0010976,0.0017141,0.0013169,0.0014331,0.0014357,0.0010894,0.0020235,0.0016253,0.0013059,0.0017479,0.0014472,0.0018434,0.0015243,0.0018735,0.0013254,0.0018392,0.0014568,0.0013862,0.00104,0.0013653,0.0017258,0.0021675,0.0016692,0.0013577,0.0019552,0.0020714,0.0016605,0.0011004,0.0016777,0.0014975,0.0017623,0.0017189,0.0019608,0.0017698,0.0021708,0.0017326,0.0013559,0.0017271,0.0023191,0.001969,0.0022335,0.0018512,0.0019792,0.0012877,0.0016325,0.002549,0.0023363,0.0021931,0.0020826,0.0013233,0.0020388,0.0016516,0.0014741,0.0016462,0.0021121,0.0016171,0.0018481,0.0017805,0.0019661,0.0020596,0.0011675,0.0017793,0.0017872,0.0021394,0.0022009,0.0021287,0.001327,0.0021226,0.0021291,0.0017033,0.0013372,0.0016022,0.0013695,0.001854,0.0019451,0.0018678,0.002015,0.0018122,0.0014933,0.0020676,0.0014877,0.0018596,0.001775,0.0022195,0.0015946,0.0017452,0.0020303,0.0022334,0.0022854,0.0016246,0.0022086,0.0021513,0.0025086,0.0021652,0.0017701,0.001968,0.0024531,0.0019745,0.0015075,0.001911,0.0018277,0.002287,0.0019595,0.0021112,0.0021759,0.0017561,0.001674,0.0023573,0.0018041,0.002096,0.0019548,0.001715,0.0025878,0.0018878,0.002233,0.0026662,0.0025663,0.0019383,0.0024257,0.0013608,0.001994,0.002919,0.0020705,0.001822,0.0022224,0.0019563,0.0020624,0.0017837,0.0018976,0.0024192,0.0019675,0.0021029,0.0020442,0.0014062,0.00181,0.0023282,0.0017317,0.0019561,0.0020905,0.0017536,0.0012112,0.0017839,0.0021973,0.0020459,0.0020671,0.0020283,0.0013815,0.0018131,0.0015078,0.001613,0.0015582,0.0017711,0.0016819,0.00198,0.0018622,0.0016744,0.0018706,0.0015058,0.0018702,0.0014674,0.0017922,0.0016904,0.0018001,0.00155,0.0014583,0.0018577,0.0014789,0.0019549,0.0021956,0.0016746,0.0018579,0.0017671,0.0020364,0.001787,0.0016334,0.0018624,0.0017489,0.0018876,0.0018865,0.0018322,0.0021502,0.0019927,0.0017995,0.0016603,0.0016578,0.001634,0.0017211,0.0017754,0.0016943,0.0018592,0.0017014,0.0023041,0.0016189,0.0017603,0.0016611,0.0017731,0.001699,0.001409,0.0015423,0.0016238,0.0020947,0.0017023,0.0015854,0.001635,0.0015659,0.0017802,0.0017842,0.0016022,0.00165,0.0017309,0.0017759,0.0014961,0.0018013,0.0015104,0.0017766,0.0015262,0.0013804,0.001306,0.001544,0.0018001,0.0012591,0.0017004,0.0013565,0.0014598,0.0016515,0.0012898,0.0014948,0.0016798,0.0014045,0.0014922,0.0015643,0.001192,0.001581,0.0014852,0.0014922,0.0012575,0.001579,0.0013407,0.0015547,0.001406,0.00096786,0.0015519,0.0016568,0.0011912,0.0011955,0.0011477,0.0015331,0.0015122,0.0014967,0.0010685,0.00095668,0.00097352,0.0010035,0.0014879,0.0014663,0.0010484,0.0012867,0.0010429,0.0010303,0.00087607,0.00083786,0.0011239,0.0011231,0.0013837,0.0012152,1074300.0,1105700.0,792270.0,4276700.0,2284500.0,1150800.0,5856800.0,1513400.0,1879800.0,3242500.0,2966100.0,734830.0,5652900.0,1298400.0,4052200.0,2459600.0,5070500.0,4091400.0,1340500.0,3371900.0,2502600.0,3347400.0,11704000.0,958350.0,6311800.0,749460.0,9101500.0,1591900.0,1841400.0,815570.0,3232100.0,1680500.0,5814300.0,23940000.0,2520900.0,2724900.0,4347000.0,1235900.0,1513400.0,1646200.0,2062700.0,1057700.0,2058300.0,1019200.0,7475600.0,2433400.0,1825600.0,1494000.0,2274900.0,15971000.0,952090.0,7278300.0,3995200.0,706940.0,3910700.0,1079100.0,2657700.0,17679000.0,32102000.0,2373200.0,1720700.0,1532600.0,2840700.0,1036400.0,1926200.0,3409900.0,803840.0,2871900.0,1940600.0,3915400.0,2755300.0,1446400.0,1119200.0,15048000.0,5077600.0,1340600.0,3613400.0,1673300.0,965090.0,2573300.0,3702600.0,1313000.0,893150.0,2116300.0,873820.0,1861100.0,2850800.0,4950200.0,4191200.0,2338500.0,5694300.0,1300700.0,9352900.0,4677300.0,1017700.0,1694700.0,903640.0,1769700.0,3509900.0,9918500.0,1730700.0,16523000.0,1417300.0,9919600.0,1633600.0,3256300.0,1272900.0,1628100.0,12535000.0,5115100.0,2157200.0,3869300.0,2389200.0,1225800.0,656170.0,3373000.0,11659000.0,2413800.0,1291100.0,778800.0,1922000.0,735100.0,1193700.0,2218700.0,8786700.0,4156700.0,2627900.0,3087700.0,2361300.0,1498700.0,773560.0,10411000.0,2404500.0,3548600.0,2073400.0,1371700.0,1031900.0,2014200.0,1052000.0,2853800.0,3921600.0,1159600.0,1477000.0,2103000.0,1521000.0,2210500.0,2422200.0,877170.0,6912100.0,1513500.0,9390500.0,6180200.0,809830.0,10291000.0,814480.0,1274500.0,19279000.0,683650.0,12167000.0,721740.0,5575100.0,3693400.0,3817200.0,2647300.0,5252900.0,4116200.0,4227600.0,964530.0,4135000.0,1638700.0,6369200.0,1506700.0,7610900.0,1080700.0,744550.0,4005200.0,2996600.0,1988300.0,8411500.0,2288700.0,948280.0,1205600.0,3671000.0,3568300.0,1940100.0,1475700.0,747540.0,6807100.0,5275200.0,2336700.0,637470.0,17726000.0,3323000.0,5257900.0,1142200.0,18258000.0,5431600.0,1100100.0,8580600.0,1353300.0,1434500.0,3992400.0,5297000.0,799330.0,1639500.0,973680.0,1778500.0,1568200.0,1456500.0,7851700.0,2342100.0,1425100.0,12280000.0,2793800.0,1238000.0,1263500.0,3260300.0,951930.0,4669600.0,1133200.0,1854600.0,8075300.0,4435100.0,696550.0,1421900.0,10018000.0,5258300.0,5069200.0,15394000.0,3001700.0,1931800.0,2342400.0,2994600.0,3189800.0,1882600.0,1749500.0,2275100.0,1499400.0,7215800.0,652060.0,3656200.0,8296200.0,8910100.0,1863600.0,5378600.0,4029700.0,5011000.0,864140.0,1139900.0,5361500.0,1551600.0,6587500.0,3485200.0,7122400.0,1970700.0,1638700.0,1591200.0,1087700.0,1106100.0,2208100.0,945990.0,5091800.0,3371700.0,4404800.0,3356800.0,2894200.0,2745600.0,15584000.0,14989000.0,6042000.0,4601000.0,2807600.0,6148400.0,3762100.0,1781300.0,2740300.0,1353800.0,4824200.0,3044800.0,1.5423,1.8575,4.1663,2.2401,2.4795,3.665,1.2764,2.2385,4.2241,1.1998,1.985,4.2137,2.4667,2.6638,4.3229,0.75924,2.0654,4.2221,1.6798,2.5271,3.8764,3.0889,2.8437,5.8665,1.1858,2.027,4.1944,1.7075,1.7144,4.2431,1.2924,2.2803,4.2808,0.71814,2.0316,4.2098,2.9078,2.8423,4.6563,5.5562,2.7457,1.3653,1.2562,2.8149,3.6305,0.83352,2.1617,2.9976,2.5846,2.1761,4.5704,1.4631,1.6774,3.892,0.73498,2.6885,3.8976,1.8931,1.8362,3.5353,1.2037,2.3844,3.2416,0.37163,2.2924,3.4823,1.8553,1.6281,3.409,2.0571,2.6702,4.2208,1.9051,1.6349,3.3722,1.6453,1.6327,3.9767,0.33714,2.1896,3.1243,2.1101,2.4358,4.5281,1.4991,1.7026,3.275,0.91403,1.9519,2.7543,3.2479,2.8368,6.02,1.9395,1.8216,3.5164,0.87221,2.7296,2.9122,1.6907,2.596,4.0047,0.74497,1.9,2.7409,1.1047,2.4148,3.1375,1.9368,1.9261,4.4916,1.8253,1.6512,3.8958,0.62607,2.1456,3.9151,1.3961,2.5538,3.9095,0.98327,2.1558,3.173,2.6297,2.3728,4.3858,2.0132,2.2105,4.7283,1.542,1.6396,3.9279,1.8887,2.0138,4.4804,1.4986,2.2073,3.2293,0.81768,2.2442,3.0093,2.4427,2.4839,4.3711,2.0105,2.5053,4.8268,1.9355,2.6201,4.8003,2.6014,2.3661,4.3713,1.2711,2.5229,3.8742,1.8497,2.3304,4.3984,2.5385,2.9795,4.379,0.66458,2.3766,2.6691,1.38,2.0168,4.6075,1.8637,3.003,3.7186,0.25617,2.3749,3.3673,1.6984,1.6168,4.081,0.82547,2.214,3.0628,2.2679,2.3031,4.7117,0.5326,2.4033,3.1243,0.75272,2.2521,3.1411,0.015308,2.8981,1.7447,2.0302,2.2081,4.6507,2.5236,2.4314,4.3047,2.2886,2.3114,5.1426,1.9266,2.6465,4.1306,1.1222,1.8242,4.0503,4.5155,2.8105,0.70196,0.76373,2.1913,2.9695,1.4675,2.1343,4.2907,1.1706,2.2439,3.5565,2.0158,2.6284,4.2778,1.6178,1.5774,4.1461,1.1773,2.522,3.1283,0.7379,2.5071,3.7367,2.2386,1.8206,3.6832,1.3923,2.5392,3.4781,1.358,2.6014,3.5203,1.3951,1.6324,4.2695,1.9343,2.6456,4.4499,2.0619,2.6423,4.6309,3.3348,2.8337,6.141,1.7482,1.6149,4.195,1.8898,1.9306,3.3846,2.495,2.9508,5.3826,1.1961,2.5797,3.0504,2.6862,2.39,5.0096,0.99697,2.6965,4.2234,1.4293,2.4999,3.5497,0.96494,1.9426,4.1504,1.7819,1.6306,4.0616,1.9652,1.9317,3.3928,6.012,2.8998,2.8467,2.9628,2.2256,4.6723,1.5159,1.9271,4.3873,1.1345,2.557,3.3554,1.4303,2.468,3.3923,1.7031,1.8813,3.6608,2.0426,2.4593,4.0948,1.088,2.3767,3.2483,2.5024,1.8765,5.3224,0.99515,2.6007,3.2758,1.3667,2.5558,3.3268,0.24109,3.0484,3.1961,0.66037,1.919,2.7652,1.6659,1.9495,4.6087,1.5141,1.805,4.2108,5.2143,2.7736,1.5862,0.88428,2.224,2.9433,0.94528,2.7211,4.213,2.3816,2.4242,3.6996,2.9294,2.2937,4.9703,3.0805,2.5837,4.6142,2.0755,2.3924,4.603,2.1813,2.2178,4.1708,0.70698,2.2533,3.3214,0.63721,2.4174,3.0515,0.57763,2.2522,3.8888,2.4633,2.4385,4.5912,0.71272,2.4447,2.8838,1.3015,1.5687,4.3633,1.5902,1.9278,3.5311,0.36552,2.6618,2.1916,3.4255,2.9196,0.28165,0.85374,2.2649,3.0685,1.6261,1.6685,4.1614,1.6722,1.9051,3.2803,0.78075,2.3527,2.8831,2.2306,2.2785,4.9412,1.3331,2.5791,3.2238,1.2787,2.2138,3.6642,0.35796,2.0819,3.3074,1.7192,1.8977,3.4392,2.6313,2.0319,4.1192,2.0453,2.1485,4.9597,1.3845,1.6975,3.8492,0.77091,2.0419,2.8169,2.0808,2.12,5.078,2.1588,2.2929,4.5666,1.5039,2.4541,4.0197,4.0342,2.86,6.2318,1.819,2.5001,3.9913,0.62076,1.9922,4.1615,1.1983,2.6185,4.2378,3.2951,2.7839,6.0807,1.7059,1.5641,3.2789,0.2746,2.3854,3.4217,4.8622,3.002,0.69535,0.43292,2.823,3.3271,1.1549,2.5458,3.0904,2.2599,2.1866,5.0189,1.6602,2.0519,4.4494,1.658,1.6197,3.3933,1.8604,2.9489,3.402,0.75083,2.3271,2.9188,0.79966,2.3745,3.015,0.22918,2.6658,3.3492,1.9758,2.4546,4.2835,0.66531,2.4065,2.8016,1.0128,2.3572,3.5867,1.2902,1.7626,4.3253,0.23009,2.3538,3.4832,1.6954,1.5934,3.2769,0.8388,2.3049,2.866,2.9303,2.8553,6.0342,1.6996,2.5142,3.9624,2.0339,2.2407,4.6088,2.1878,2.6519,5.0695,1.5982,1.9555,3.8089,1.4235,1.7689,3.7552,2.3029,2.1433,4.9867,1.4941,2.5693,3.9371,0.4701,3.0013,2.1226,4.4541,2.8946,0.26526,1.3401,2.8434,4.1851,1.8677,1.9793,3.8923,1.1663,2.6729,2.7509,0.090462,2.7796,2.8301,1.0704,2.9161,4.1925,0.47701,2.4362,2.6107,0.85839,2.0786,2.8378,0.54487,2.488,3.4155,1.8069,2.2312,4.3391,1.0789,2.8218,4.2294,0.70293,2.0535,2.9516,2.1129,1.8364,3.7088,1.4189,1.8837,3.7167,2.2604,2.5931,4.7371,1.5374,1.5752,4.1983,1.2725,2.1375,3.2359,0.74174,2.0969,3.0005,0.73725,2.2625,2.6395,1.7953,2.3874,4.1857,2.2325,2.5762,4.9064,0.59606,2.0712,2.9387,1.7355,1.7959,3.2911,0.87669,2.9805,2.6137,0.53464,2.5267,2.5903,3.2469,2.7243,6.1936,6.2443,2.8699,2.6762,4.126,2.8858,6.0983,2.4077,2.2491,3.7301,1.4828,3.0577,4.4884,1.2408,2.4496,3.4914,6.1667,3.108,2.8543,2.3748,2.1796,3.7411,1.3157,1.8441,3.7078,2.3881,2.3287,4.6362,2.6034,2.7235,4.2482,1.2582,2.7145,4.3193,1.6778,1.9352,3.8145,1.2071,2.7466,3.7689,2.3339,2.341,4.9236,1.393,2.6046,3.3641,2.1545,2.2963,4.0609,0.81841,1.9748,3.3911,2.4252,2.3175,3.8083,2.3428,2.3439,3.7273,2.2976,2.0049,5.0743,2.6203,2.2904,4.8281,2.4007,2.2411,3.7919,1.4432,1.6118,3.9214,2.3329,2.5865,4.9149,1.7406,1.9446,3.8573,0.81907,2.1157,4.1298,1.5815,1.8455,4.3424,2.3057,2.554,4.9496,1.4473,2.3987,3.2541,5.8395,2.8182,2.1182,1.8631,1.7507,3.5273,1.9363,2.9072,4.1691,2.1162,1.9927,4.8382,1.1822,2.6249,4.3694,2.0086,2.1573,4.9459,1.6551,1.7801,3.9312,1.6335,1.9994,3.3297,1.1541,2.7261,3.7235,1.0404,2.8499,3.8271,1.5683,2.4925,3.9181,1.1661,2.6769,3.6822,1.761,1.7482,4.0814,0.73608,2.4481,2.8128,1.8324,2.1362,4.4145,0.10338,2.7805,3.003,1.0414,1.9496,4.3377,0.98193,2.2815,3.0815,1.5852,2.4072,4.5615,1.0068,2.0792,2.8315,0.79877,2.0086,2.6862,1.6901,1.7632,3.9377,0.86998,2.4397,2.9137,1.3146,1.5816,3.8407,2.7714,2.6103,4.614,1.0469,2.2326,3.6383,1.1777,2.7263,3.688,2.0055,1.9979,4.4749,1.0097,1.9599,4.2407,1.9075,1.6451,3.4352,1.7224,2.499,3.9723,2.2544,2.5352,4.8774,2.0593,2.3543,3.6,1.2092,3.0565,3.4625,1.4002,1.4447,4.2539,0.71011,2.9782,3.6563,1.6493,1.7232,4.2424,0.80191,2.0002,2.7194,0.54959,2.2214,4.0498,2.5994,2.5994,4.5233,2.0187,2.1036,3.4515,1.375,2.8831,3.5325,1.0875,2.2283,3.6162,2.5394,2.0391,4.4797,1.5035,1.7363,4.4198,1.5943,2.5862,3.5671,2.0716,2.2894,4.0625,2.7115,2.3033,4.9644,0.44784,2.5002,2.9306
0.19156,0.30356,0.0070842,250.5,281.54,199.38,0.0014271,0.0016829,0.0010056,211.16,229.15,232.46,222.61,216.99,177.63,241.75,230.23,270.58,224.74,265.71,282.7,198.99,236.66,226.13,293.34,228.11,258.29,226.6,176.43,349.2,247.0,208.34,255.99,211.49,285.83,265.84,326.35,177.04,278.54,238.39,225.25,147.13,245.28,284.96,362.37,271.71,210.79,324.28,361.32,297.28,191.09,260.47,201.23,291.31,278.43,322.08,320.91,367.64,289.89,280.64,278.03,389.22,370.07,383.56,292.98,342.69,287.06,234.33,427.37,383.97,373.67,347.65,195.73,298.44,251.93,244.96,225.52,341.71,254.88,282.44,258.79,343.57,332.69,230.13,273.59,291.42,347.2,351.18,339.04,237.19,305.29,333.07,285.35,312.74,211.31,311.51,281.74,327.33,288.92,319.77,312.23,292.99,326.6,288.23,276.68,279.52,352.63,275.79,265.93,396.85,374.02,376.38,271.36,358.22,458.35,438.51,339.79,257.03,327.79,411.3,296.44,313.49,314.77,278.38,379.59,320.57,368.46,400.73,354.97,352.08,409.65,386.31,312.52,352.58,377.62,461.56,271.68,484.14,474.72,421.91,319.74,451.79,300.14,308.96,615.75,351.15,364.75,375.3,360.23,344.79,276.76,341.53,407.94,284.99,446.07,344.74,310.69,374.13,453.03,266.63,299.4,384.11,266.44,155.16,310.4,371.39,331.62,464.43,396.65,213.95,291.98,215.49,229.75,269.09,293.64,236.05,322.14,296.04,240.68,283.31,255.1,296.94,201.32,278.91,269.69,261.63,238.46,229.99,323.4,228.29,330.12,377.66,264.93,291.18,251.76,331.68,290.35,237.98,320.2,339.87,290.35,302.72,291.8,317.91,332.13,278.4,488.41,240.24,263.7,268.61,273.98,259.35,291.35,282.43,349.57,273.16,257.14,268.17,325.2,275.08,201.8,226.77,269.63,349.69,265.08,235.18,288.15,251.33,281.78,279.32,255.45,269.11,287.11,288.45,222.99,292.14,226.7,300.81,229.5,240.08,197.2,278.05,281.9,180.82,284.56,229.95,184.66,267.43,195.41,231.95,277.86,196.98,251.58,265.28,203.42,263.47,256.87,235.75,190.45,250.46,215.76,250.96,243.15,168.45,289.66,291.93,213.84,174.2,208.61,279.69,248.28,251.61,235.65,154.17,160.45,203.46,248.46,251.4,226.02,230.87,214.92,193.02,173.45,182.89,230.72,208.86,254.75,219.31,0.0007796,0.0010493,0.0010486,0.0011603,0.001047,0.00084276,0.0012654,0.00098069,0.0013878,0.0010585,0.0013932,0.0015524,0.00099072,0.0012693,0.0010954,0.0017157,0.001317,0.0014352,0.0014368,0.0010841,0.0020282,0.0016272,0.001306,0.0017513,0.001446,0.0018504,0.0015249,0.0018729,0.0013247,0.0018421,0.0014629,0.0013875,0.0010362,0.0013659,0.0017335,0.0021789,0.0016759,0.0013411,0.0019634,0.0020776,0.0016545,0.0010942,0.0016922,0.0015058,0.0017681,0.0017227,0.0019749,0.0017842,0.0021866,0.0017321,0.0013473,0.0017318,0.0023418,0.0019841,0.0022559,0.0018593,0.001993,0.0012939,0.0016343,0.0025707,0.0023473,0.0022121,0.0020931,0.001314,0.0020537,0.0016621,0.0014757,0.0016527,0.0021406,0.0016245,0.0018551,0.0017863,0.0019881,0.0020642,0.0010928,0.0017961,0.0018013,0.0021629,0.0022051,0.0021505,0.0013275,0.0021152,0.0021533,0.0017153,0.0013045,0.0016165,0.0013785,0.0018622,0.0019651,0.0018696,0.0020161,0.0018108,0.0015048,0.0020806,0.001502,0.0018603,0.0017746,0.0022342,0.0015821,0.0017403,0.0020497,0.0022531,0.0022871,0.001631,0.002224,0.0021792,0.0025222,0.0021697,0.0017795,0.0019808,0.0024651,0.0019849,0.001518,0.0019204,0.0018338,0.002301,0.0019619,0.0021194,0.0021881,0.0017506,0.0017158,0.0023788,0.0018016,0.0021061,0.0019675,0.0017392,0.0025788,0.001893,0.0022632,0.002676,0.0025858,0.0019459,0.0024455,0.0013532,0.0020072,0.0029568,0.0020844,0.0018492,0.0022367,0.0019656,0.0020767,0.0017875,0.0019096,0.0024269,0.0019754,0.0021336,0.0020512,0.0014175,0.0018258,0.0023473,0.0017413,0.0019658,0.0020997,0.0017595,0.001206,0.0017972,0.0022,0.0020507,0.0020933,0.0020152,0.0013769,0.0018192,0.0015126,0.0016146,0.0015605,0.0017704,0.0016868,0.001983,0.0018674,0.0016809,0.001877,0.0015096,0.001875,0.0014713,0.0017928,0.0016927,0.0017974,0.0015457,0.0014565,0.0018612,0.0014786,0.0019606,0.0021939,0.0016666,0.0018617,0.0017644,0.0020398,0.001789,0.0016328,0.0018676,0.0017308,0.0018926,0.0018918,0.0018344,0.0021522,0.002,0.0018024,0.0016743,0.0016537,0.0016354,0.0017227,0.0017782,0.0016952,0.0018618,0.0017004,0.0023032,0.0016142,0.0017645,0.0016615,0.0017788,0.0017027,0.0014084,0.0015462,0.0016266,0.0021007,0.0017029,0.0015856,0.0016342,0.0015677,0.0017826,0.0017865,0.0016011,0.0016521,0.0017326,0.0017766,0.0014985,0.0018038,0.0015117,0.0017811,0.0015235,0.0013786,0.0013054,0.001543,0.0018015,0.001258,0.0017009,0.0013539,0.0014602,0.0016519,0.0012882,0.0014939,0.0016818,0.0014038,0.0014917,0.0015646,0.0011916,0.0015825,0.001483,0.0014904,0.0012546,0.0015769,0.0013384,0.0015556,0.0014051,0.00096509,0.0015528,0.0016571,0.0011887,0.0011926,0.0011448,0.0015302,0.0015109,0.0014963,0.0010674,0.00095531,0.00096957,0.00099978,0.0014853,0.0014662,0.0010466,0.0012847,0.0010397,0.0010274,0.00087297,0.00083414,0.0011201,0.0011186,0.0013813,0.0012117,1074300.0,1105700.0,792270.0,4276700.0,2284500.0,1150800.0,5856800.0,1513400.0,1879800.0,3242500.0,2966100.0,734830.0,5652900.0,1298400.0,4052200.0,2459600.0,5070500.0,4091400.0,1340500.0,3371900.0,2502600.0,3347400.0,11704000.0,958350.0,6311800.0,749460.0,9101500.0,1591900.0,1841400.0,815570.0,3232100.0,1680500.0,5814300.0,23940000.0,2520900.0,2724900.0,4347000.0,1235900.0,1513400.0,1646200.0,2062700.0,1057700.0,2058300.0,1019200.0,7475600.0,2433400.0,1825600.0,1494000.0,2274900.0,15971000.0,952090.0,7278300.0,3995200.0,706940.0,3910700.0,1079100.0,2657700.0,17679000.0,32102000.0,2373200.0,1720700.0,1532600.0,2840700.0,1036400.0,1926200.0,3409900.0,803840.0,2871900.0,1940600.0,3915400.0,2755300.0,1446400.0,1119200.0,15048000.0,5077600.0,1340600.0,3613400.0,1673300.0,965090.0,2573300.0,3702600.0,1313000.0,893150.0,2116300.0,873820.0,1861100.0,2850800.0,4950200.0,4191200.0,2338500.0,5694300.0,1300700.0,9352900.0,4677300.0,1017700.0,1694700.0,903640.0,1769700.0,3509900.0,9918500.0,1730700.0,16523000.0,1417300.0,9919600.0,1633600.0,3256300.0,1272900.0,1628100.0,12535000.0,5115100.0,2157200.0,3869300.0,2389200.0,1225800.0,656170.0,3373000.0,11659000.0,2413800.0,1291100.0,778800.0,1922000.0,735100.0,1193700.0,2218700.0,8786700.0,4156700.0,2627900.0,3087700.0,2361300.0,1498700.0,773560.0,10411000.0,2404500.0,3548600.0,2073400.0,1371700.0,1031900.0,2014200.0,1052000.0,2853800.0,3921600.0,1159600.0,1477000.0,2103000.0,1521000.0,2210500.0,2422200.0,877170.0,6912100.0,1513500.0,9390500.0,6180200.0,809830.0,10291000.0,814480.0,1274500.0,19279000.0,683650.0,12167000.0,721740.0,5575100.0,3693400.0,3817200.0,2647300.0,5252900.0,4116200.0,4227600.0,964530.0,4135000.0,1638700.0,6369200.0,1506700.0,7610900.0,1080700.0,744550.0,4005200.0,2996600.0,1988300.0,8411500.0,2288700.0,948280.0,1205600.0,3671000.0,3568300.0,1940100.0,1475700.0,747540.0,6807100.0,5275200.0,2336700.0,637470.0,17726000.0,3323000.0,5257900.0,1142200.0,18258000.0,5431600.0,1100100.0,8580600.0,1353300.0,1434500.0,3992400.0,5297000.0,799330.0,1639500.0,973680.0,1778500.0,1568200.0,1456500.0,7851700.0,2342100.0,1425100.0,12280000.0,2793800.0,1238000.0,1263500.0,3260300.0,951930.0,4669600.0,1133200.0,1854600.0,8075300.0,4435100.0,696550.0,1421900.0,10018000.0,5258300.0,5069200.0,15394000.0,3001700.0,1931800.0,2342400.0,2994600.0,3189800.0,1882600.0,1749500.0,2275100.0,1499400.0,7215800.0,652060.0,3656200.0,8296200.0,8910100.0,1863600.0,5378600.0,4029700.0,5011000.0,864140.0,1139900.0,5361500.0,1551600.0,6587500.0,3485200.0,7122400.0,1970700.0,1638700.0,1591200.0,1087700.0,1106100.0,2208100.0,945990.0,5091800.0,3371700.0,4404800.0,3356800.0,2894200.0,2745600.0,15584000.0,14989000.0,6042000.0,4601000.0,2807600.0,6148400.0,3762100.0,1781300.0,2740300.0,1353800.0,4824200.0,3044800.0,1.5427,1.8577,4.1663,2.2403,2.4796,3.665,1.2763,2.2386,4.2241,1.1993,1.9847,4.2135,2.4661,2.6637,4.3231,0.75806,2.0655,4.2223,1.6819,2.5275,3.8762,3.0897,2.8436,5.8666,1.1851,2.0271,4.1939,1.7068,1.7142,4.2429,1.2928,2.2812,4.2817,0.71595,2.0311,4.2099,2.9072,2.8423,4.6575,5.5537,2.745,1.3637,1.2568,2.8142,3.6309,0.83183,2.1618,2.9973,2.5865,2.1781,4.5727,1.463,1.6772,3.8918,0.73725,2.6901,3.8988,1.8917,1.8369,3.5362,1.2049,2.3839,3.2434,0.37276,2.2925,3.4804,1.8564,1.6275,3.4094,2.0577,2.668,4.2193,1.9069,1.6345,3.3721,1.6475,1.6322,3.9776,0.33687,2.1902,3.1235,2.1115,2.4364,4.5298,1.4996,1.7029,3.276,0.91605,1.9531,2.754,3.2508,2.8365,6.0223,1.9394,1.8222,3.517,0.87049,2.7301,2.9124,1.6893,2.5961,4.0048,0.74701,1.9,2.7403,1.1047,2.4146,3.1381,1.9372,1.9263,4.4914,1.828,1.651,3.8961,0.62788,2.1445,3.9183,1.3998,2.5549,3.9124,0.98307,2.1569,3.1716,2.632,2.3741,4.3877,2.0127,2.2106,4.7284,1.5434,1.6386,3.928,1.8891,2.0158,4.4802,1.4995,2.208,3.2288,0.81817,2.2458,3.0065,2.4429,2.4862,4.3712,2.013,2.5035,4.8261,1.9361,2.6202,4.7993,2.603,2.3677,4.3732,1.2709,2.5237,3.8739,1.8538,2.332,4.3999,2.5493,2.9786,4.3867,0.66801,2.375,2.6722,1.3771,2.0164,4.608,1.8611,3.0018,3.7139,0.25444,2.3744,3.3675,1.6992,1.6167,4.0811,0.82758,2.216,3.0632,2.2686,2.303,4.7123,0.52669,2.402,3.1249,0.7487,2.2534,3.1396,0.014974,2.8983,1.7424,2.0326,2.2105,4.6526,2.5235,2.4337,4.3061,2.2868,2.3117,5.1427,1.9245,2.6446,4.1289,1.1219,1.8231,4.0524,4.5143,2.8088,0.70436,0.76331,2.1917,2.9688,1.4687,2.1351,4.2911,1.1713,2.2469,3.5572,2.0135,2.6271,4.2757,1.618,1.5766,4.1457,1.1766,2.5214,3.1294,0.7367,2.5093,3.7365,2.2398,1.8198,3.6829,1.3907,2.5398,3.4784,1.3583,2.6011,3.5199,1.3941,1.632,4.2689,1.9339,2.6439,4.4479,2.0649,2.6389,4.632,3.3322,2.8345,6.1413,1.7511,1.6139,4.1953,1.8926,1.9298,3.3832,2.498,2.9496,5.3843,1.1952,2.5799,3.0499,2.6855,2.3889,5.0092,0.99903,2.6982,4.2257,1.4291,2.4999,3.5507,0.96635,1.9437,4.1523,1.7817,1.6313,4.0614,1.9668,1.9321,3.393,6.0132,2.8996,2.8472,2.9653,2.225,4.6726,1.5194,1.926,4.3899,1.1367,2.5556,3.3558,1.4313,2.4683,3.3935,1.7038,1.8804,3.6604,2.044,2.4596,4.0969,1.0877,2.3779,3.249,2.5034,1.8736,5.3243,0.99546,2.5991,3.2756,1.3645,2.5566,3.3254,0.24132,3.0488,3.1961,0.66085,1.9213,2.7634,1.6653,1.9487,4.6112,1.5158,1.8037,4.2116,5.2131,2.7712,1.5855,0.88593,2.2252,2.9448,0.94775,2.7227,4.2161,2.3815,2.4227,3.7016,2.9309,2.2935,4.9703,3.0835,2.5825,4.6156,2.0778,2.3917,4.6047,2.1811,2.2189,4.1709,0.70677,2.2559,3.3218,0.64033,2.4174,3.0519,0.57819,2.2544,3.8893,2.462,2.4391,4.5911,0.71103,2.4461,2.8809,1.3005,1.5691,4.363,1.5899,1.9265,3.5331,0.36875,2.6622,2.1941,3.4249,2.9184,0.28092,0.8522,2.2643,3.0685,1.6259,1.6683,4.1626,1.673,1.9062,3.2822,0.78254,2.352,2.8849,2.2325,2.2772,4.9411,1.3353,2.5794,3.226,1.2806,2.2148,3.6669,0.35767,2.0805,3.3091,1.7199,1.8965,3.4394,2.6323,2.0301,4.1207,2.0445,2.1488,4.9596,1.3863,1.6973,3.8497,0.77104,2.0437,2.8189,2.0815,2.1189,5.0794,2.1582,2.2936,4.5682,1.5041,2.4559,4.0211,4.0301,2.8559,6.2274,1.8172,2.5012,3.9899,0.61818,1.9929,4.1623,1.1965,2.6181,4.2371,3.2923,2.7826,6.0809,1.7055,1.5644,3.2788,0.27575,2.3863,3.4232,4.8582,3.0021,0.69115,0.43305,2.8237,3.33,1.1537,2.5463,3.0925,2.2599,2.1864,5.0203,1.6624,2.051,4.4507,1.6577,1.6195,3.3939,1.8656,2.9494,3.406,0.75094,2.326,2.9197,0.79866,2.373,3.0154,0.22827,2.6663,3.3492,1.9777,2.4554,4.284,0.66659,2.4056,2.8022,1.0132,2.3594,3.586,1.2903,1.7621,4.3258,0.22994,2.3541,3.485,1.6952,1.5936,3.2767,0.84102,2.3033,2.8669,2.9285,2.8549,6.0349,1.696,2.5132,3.9614,2.0338,2.2416,4.6088,2.1834,2.6506,5.0671,1.5959,1.9553,3.8082,1.4247,1.7677,3.7561,2.3032,2.1433,4.9862,1.4938,2.5684,3.9359,0.46877,3.0004,2.1201,4.452,2.8933,0.26474,1.3397,2.8442,4.1837,1.8661,1.9798,3.8922,1.1641,2.6731,2.7491,0.086271,2.7788,2.8287,1.0712,2.9163,4.1928,0.47644,2.4348,2.6117,0.85871,2.0799,2.8372,0.54581,2.4883,3.4166,1.8099,2.2322,4.3401,1.0766,2.8225,4.2283,0.70428,2.0548,2.9495,2.1139,1.8361,3.7075,1.4201,1.8842,3.7177,2.2572,2.5909,4.7333,1.5393,1.5752,4.1985,1.2714,2.1372,3.2367,0.74324,2.0984,2.9995,0.73736,2.2611,2.6397,1.7957,2.3879,4.1863,2.2307,2.5744,4.9055,0.59581,2.0718,2.9372,1.7357,1.7972,3.2909,0.87886,2.9799,2.6146,0.53381,2.5272,2.59,3.2484,2.7239,6.1956,6.2462,2.87,2.6795,4.1214,2.8844,6.0929,2.4084,2.2462,3.7298,1.4848,3.0576,4.4934,1.24,2.4498,3.4923,6.1554,3.1082,2.8458,2.3748,2.1786,3.7401,1.3165,1.8441,3.7083,2.387,2.3287,4.6374,2.6027,2.725,4.2508,1.258,2.7147,4.3184,1.6752,1.9346,3.8134,1.2085,2.7459,3.7709,2.3328,2.3396,4.922,1.3901,2.6035,3.3644,2.1536,2.2979,4.0602,0.81828,1.9753,3.3912,2.425,2.3157,3.8088,2.3422,2.3429,3.7269,2.299,2.0058,5.0762,2.6192,2.2905,4.8285,2.4014,2.2411,3.7916,1.4441,1.6121,3.9223,2.3308,2.5849,4.9139,1.7384,1.9444,3.8566,0.81932,2.1152,4.1309,1.5806,1.8458,4.3434,2.3043,2.5518,4.9497,1.4471,2.3989,3.254,5.8382,2.8172,2.117,1.8631,1.7504,3.5275,1.9352,2.9053,4.1666,2.1175,1.9934,4.8387,1.1834,2.6256,4.3706,2.0104,2.1576,4.9468,1.6556,1.7798,3.9307,1.634,1.999,3.3286,1.1553,2.7258,3.7249,1.0415,2.8501,3.8268,1.5702,2.4931,3.9189,1.1662,2.6756,3.6819,1.7601,1.7476,4.0812,0.73426,2.4478,2.8134,1.8317,2.1373,4.4151,0.10335,2.7802,3.0051,1.0405,1.9497,4.3386,0.98222,2.2808,3.0822,1.5846,2.4073,4.5612,1.0071,2.0791,2.8314,0.79956,2.0086,2.6857,1.6911,1.7626,3.9372,0.86893,2.4393,2.9156,1.3135,1.5814,3.8407,2.7714,2.6105,4.6137,1.0463,2.2341,3.6383,1.1781,2.7253,3.6885,2.0059,1.9981,4.475,1.0087,1.9599,4.2405,1.9083,1.6451,3.4351,1.7233,2.4994,3.972,2.256,2.5348,4.8768,2.0584,2.3541,3.5989,1.2088,3.0563,3.4625,1.3995,1.4447,4.2542,0.71095,2.978,3.6564,1.6496,1.7229,4.2426,0.80265,2.0001,2.7192,0.54805,2.2217,4.051,2.5983,2.5994,4.5234,2.0191,2.1033,3.4516,1.3748,2.8826,3.5324,1.0875,2.2288,3.6159,2.5395,2.0397,4.48,1.5037,1.7364,4.4198,1.5941,2.5861,3.567,2.0718,2.2895,4.0624,2.7117,2.3025,4.964,0.44793,2.4998,2.9303
0.19447,0.3082,0.007159,250.91,282.53,198.83,0.0014288,0.0016872,0.0010031,210.41,228.62,232.63,222.45,217.15,176.55,241.04,229.72,270.39,224.76,266.15,283.42,198.43,237.08,226.03,294.07,227.81,258.71,227.2,175.5,350.02,246.82,208.04,255.82,211.04,286.15,266.3,326.88,177.4,278.28,239.03,225.41,145.85,245.7,285.98,363.83,272.77,209.5,325.96,361.82,296.53,190.81,262.97,202.14,292.26,279.85,324.06,323.31,370.08,290.32,280.57,278.53,393.31,371.89,387.07,294.19,344.89,289.74,234.96,431.65,387.48,373.97,348.42,195.09,301.3,252.83,246.09,226.45,346.27,256.17,284.32,259.72,347.22,334.72,232.4,276.29,292.9,350.7,353.47,341.99,238.82,304.66,336.47,286.19,307.92,213.35,314.12,283.51,330.64,289.17,320.3,313.12,295.19,328.81,291.49,275.82,280.03,353.78,274.79,266.16,401.51,376.92,377.0,271.79,360.6,463.5,440.67,340.63,258.49,329.2,413.69,298.46,316.13,316.58,279.37,382.2,322.18,371.53,403.53,356.04,361.84,414.48,389.37,314.57,355.52,383.72,463.07,272.31,490.39,476.68,424.99,322.34,457.61,301.68,311.22,622.64,355.26,371.56,377.96,364.16,347.65,277.26,343.07,409.0,286.05,453.49,344.67,315.75,378.62,457.4,267.95,301.18,385.98,267.09,153.88,312.9,372.91,332.49,470.64,395.21,212.94,293.0,216.24,230.44,270.35,293.29,236.68,322.44,297.3,241.49,284.3,255.4,297.91,202.15,278.79,269.87,261.17,238.05,229.76,323.49,228.04,331.44,377.28,265.01,291.7,251.36,331.18,290.55,237.65,321.11,338.61,291.31,303.5,292.27,318.36,333.6,278.79,490.56,240.04,264.2,269.66,274.42,259.18,292.14,282.6,350.36,273.35,258.01,268.09,326.49,275.93,201.62,227.51,270.12,350.77,265.32,235.05,287.74,251.95,282.52,279.68,255.13,269.44,286.95,288.59,223.48,292.53,227.02,301.7,229.06,239.68,197.17,277.87,282.03,180.84,284.74,229.61,184.58,267.39,195.22,231.78,278.15,196.76,251.76,265.56,203.3,263.78,256.67,235.56,190.07,250.04,215.4,251.29,243.18,168.11,289.78,291.8,213.51,173.75,208.15,279.21,248.09,251.8,235.6,154.02,159.95,203.02,248.02,251.7,225.91,230.74,214.48,192.7,173.06,182.45,230.15,208.1,254.4,218.69,0.00077476,0.0010446,0.0010466,0.0011589,0.0010465,0.00083541,0.001261,0.00097759,0.0013877,0.0010574,0.0013951,0.0015562,0.00098576,0.0012714,0.0010942,0.001719,0.0013162,0.0014385,0.00144,0.0010784,0.0020333,0.0016268,0.0013045,0.0017526,0.001443,0.0018572,0.0015274,0.0018742,0.0013259,0.0018422,0.0014676,0.0013903,0.0010308,0.0013674,0.0017393,0.0021892,0.0016828,0.00132,0.001973,0.0020849,0.0016531,0.0010907,0.0017041,0.0015134,0.0017746,0.0017282,0.001989,0.0017984,0.0022021,0.0017346,0.0013474,0.0017376,0.0023636,0.0019958,0.0022762,0.0018696,0.0020055,0.0012978,0.0016345,0.0025916,0.0023554,0.0022144,0.0020982,0.0013052,0.0020691,0.001669,0.0014751,0.0016594,0.0021594,0.0016299,0.0018583,0.0017927,0.0020099,0.0020689,0.0010697,0.0018138,0.0018149,0.0021843,0.0022116,0.0021667,0.0013278,0.0021149,0.0021747,0.0017254,0.0012799,0.0016306,0.0013896,0.0018706,0.0019839,0.0018752,0.002021,0.0018127,0.0015154,0.0020922,0.0015156,0.0018605,0.0017764,0.002245,0.0015653,0.0017412,0.0020704,0.0022725,0.0022919,0.0016333,0.0022372,0.0022073,0.0025395,0.0021751,0.0017873,0.0019921,0.0024784,0.001998,0.0015222,0.0019305,0.001841,0.0023176,0.0019679,0.0021322,0.0022021,0.0017471,0.0017578,0.0024001,0.0018013,0.0021144,0.0019801,0.0017666,0.0025766,0.0018954,0.0022958,0.002685,0.0026034,0.0019541,0.0024682,0.001329,0.0020206,0.0029966,0.0020998,0.0018825,0.0022509,0.0019766,0.0020918,0.0017901,0.0019223,0.0024345,0.0019825,0.0021676,0.0020574,0.0014318,0.001843,0.0023676,0.0017504,0.0019762,0.0021099,0.0017621,0.0011991,0.0018128,0.002205,0.002055,0.0021225,0.0020014,0.0013712,0.0018257,0.0015177,0.0016171,0.0015646,0.0017684,0.0016912,0.0019861,0.0018736,0.001688,0.0018841,0.0015138,0.0018808,0.0014756,0.0017931,0.0016955,0.0017945,0.0015412,0.0014544,0.0018648,0.0014782,0.0019672,0.0021915,0.001658,0.0018659,0.0017618,0.0020431,0.0017912,0.0016322,0.0018735,0.0017107,0.0018983,0.0018978,0.0018366,0.0021537,0.0020083,0.0018053,0.0016857,0.0016491,0.001637,0.0017239,0.0017808,0.0016966,0.0018653,0.0016989,0.0023016,0.001609,0.001769,0.0016616,0.0017849,0.0017066,0.0014073,0.0015507,0.0016296,0.0021068,0.0017039,0.0015858,0.0016329,0.0015706,0.0017858,0.0017892,0.0016,0.0016546,0.0017343,0.0017779,0.0015018,0.0018058,0.0015138,0.0017866,0.0015203,0.0013766,0.0013044,0.0015419,0.0018033,0.0012575,0.001702,0.0013509,0.0014607,0.0016526,0.0012867,0.0014926,0.0016843,0.0014031,0.0014921,0.0015657,0.0011915,0.0015846,0.0014811,0.001489,0.0012517,0.0015745,0.0013356,0.0015573,0.0014045,0.00096246,0.0015543,0.0016579,0.0011862,0.0011901,0.0011417,0.0015267,0.0015092,0.0014968,0.0010667,0.0009544,0.00096535,0.0009959,0.0014823,0.0014675,0.0010455,0.0012832,0.0010369,0.0010249,0.00087018,0.00083052,0.0011163,0.0011139,0.0013784,0.0012079,1074300.0,1105700.0,792270.0,4276700.0,2284500.0,1150800.0,5856800.0,1513400.0,1879800.0,3242500.0,2966100.0,734830.0,5652900.0,1298400.0,4052200.0,2459600.0,5070500.0,4091400.0,1340500.0,3371900.0,2502600.0,3347400.0,11704000.0,958350.0,6311800.0,749460.0,9101500.0,1591900.0,1841400.0,815570.0,3232100.0,1680500.0,5814300.0,23940000.0,2520900.0,2724900.0,4347000.0,1235900.0,1513400.0,1646200.0,2062700.0,1057700.0,2058300.0,1019200.0,7475600.0,2433400.0,1825600.0,1494000.0,2274900.0,15971000.0,952090.0,7278300.0,3995200.0,706940.0,3910700.0,1079100.0,2657700.0,17679000.0,32102000.0,2373200.0,1720700.0,1532600.0,2840700.0,1036400.0,1926200.0,3409900.0,803840.0,2871900.0,1940600.0,3915400.0,2755300.0,1446400.0,1119200.0,15048000.0,5077600.0,1340600.0,3613400.0,1673300.0,965090.0,2573300.0,3702600.0,1313000.0,893150.0,2116300.0,873820.0,1861100.0,2850800.0,4950200.0,4191200.0,2338500.0,5694300.0,1300700.0,9352900.0,4677300.0,1017700.0,1694700.0,903640.0,1769700.0,3509900.0,9918500.0,1730700.0,16523000.0,1417300.0,9919600.0,1633600.0,3256300.0,1272900.0,1628100.0,12535000.0,5115100.0,2157200.0,3869300.0,2389200.0,1225800.0,656170.0,3373000.0,11659000.0,2413800.0,1291100.0,778800.0,1922000.0,735100.0,1193700.0,2218700.0,8786700.0,4156700.0,2627900.0,3087700.0,2361300.0,1498700.0,773560.0,10411000.0,2404500.0,3548600.0,2073400.0,1371700.0,1031900.0,2014200.0,1052000.0,2853800.0,3921600.0,1159600.0,1477000.0,2103000.0,1521000.0,2210500.0,2422200.0,877170.0,6912100.0,1513500.0,9390500.0,6180200.0,809830.0,10291000.0,814480.0,1274500.0,19279000.0,683650.0,12167000.0,721740.0,5575100.0,3693400.0,3817200.0,2647300.0,5252900.0,4116200.0,4227600.0,964530.0,4135000.0,1638700.0,6369200.0,1506700.0,7610900.0,1080700.0,744550.0,4005200.0,2996600.0,1988300.0,8411500.0,2288700.0,948280.0,1205600.0,3671000.0,3568300.0,1940100.0,1475700.0,747540.0,6807100.0,5275200.0,2336700.0,637470.0,17726000.0,3323000.0,5257900.0,1142200.0,18258000.0,5431600.0,1100100.0,8580600.0,1353300.0,1434500.0,3992400.0,5297000.0,799330.0,1639500.0,973680.0,1778500.0,1568200.0,1456500.0,7851700.0,2342100.0,1425100.0,12280000.0,2793800.0,1238000.0,1263500.0,3260300.0,951930.0,4669600.0,1133200.0,1854600.0,8075300.0,4435100.0,696550.0,1421900.0,10018000.0,5258300.0,5069200.0,15394000.0,3001700.0,1931800.0,2342400.0,2994600.0,3189800.0,1882600.0,1749500.0,2275100.0,1499400.0,7215800.0,652060.0,3656200.0,8296200.0,8910100.0,1863600.0,5378600.0,4029700.0,5011000.0,864140.0,1139900.0,5361500.0,1551600.0,6587500.0,3485200.0,7122400.0,1970700.0,1638700.0,1591200.0,1087700.0,1106100.0,2208100.0,945990.0,5091800.0,3371700.0,4404800.0,3356800.0,2894200.0,2745600.0,15584000.0,14989000.0,6042000.0,4601000.0,2807600.0,6148400.0,3762100.0,1781300.0,2740300.0,1353800.0,4824200.0,3044800.0,1.5431,1.8578,4.1663,2.2406,2.4798,3.6649,1.2763,2.2388,4.2241,1.1988,1.9845,4.2132,2.4654,2.6637,4.3233,0.75692,2.0656,4.2225,1.684,2.5279,3.8759,3.0905,2.8435,5.8667,1.1843,2.0271,4.1934,1.7061,1.714,4.2427,1.2933,2.2822,4.2826,0.71378,2.0307,4.2099,2.9065,2.8422,4.6586,5.5511,2.7443,1.3621,1.2574,2.8135,3.6313,0.83016,2.1619,2.9971,2.5883,2.1801,4.5749,1.4629,1.677,3.8916,0.73951,2.6917,3.9,1.8903,1.8377,3.5372,1.206,2.3833,3.2451,0.37388,2.2927,3.4785,1.8575,1.627,3.4098,2.0584,2.6659,4.2179,1.9086,1.6341,3.372,1.6497,1.6316,3.9785,0.33663,2.1909,3.1227,2.1128,2.4369,4.5315,1.5,1.7031,3.277,0.91804,1.9542,2.7538,3.2535,2.8362,6.0244,1.9393,1.8229,3.5175,0.86883,2.7306,2.9127,1.688,2.5962,4.0049,0.74899,1.9,2.7396,1.1046,2.4144,3.1387,1.9375,1.9266,4.4912,1.8307,1.6508,3.8964,0.62961,2.1435,3.9215,1.4034,2.5559,3.9152,0.98286,2.158,3.1702,2.6343,2.3753,4.3895,2.0124,2.2107,4.7286,1.5447,1.6376,3.9282,1.8895,2.0178,4.48,1.5002,2.2086,3.2283,0.81866,2.2473,3.0037,2.4431,2.4885,4.3712,2.0155,2.5016,4.8254,1.9367,2.6202,4.7984,2.6045,2.3693,4.375,1.2706,2.5245,3.8737,1.8578,2.3336,4.4014,2.5602,2.9777,4.3944,0.67142,2.3734,2.6752,1.3742,2.0161,4.6085,1.8586,3.0007,3.7093,0.25262,2.3739,3.3678,1.7,1.6166,4.0812,0.82967,2.2179,3.0636,2.2693,2.3029,4.7129,0.5206,2.4008,3.1253,0.74472,2.2546,3.1382,0.014667,2.8984,1.74,2.0351,2.213,4.6545,2.5233,2.4361,4.3076,2.285,2.312,5.1428,1.9225,2.6429,4.1271,1.1215,1.822,4.0544,4.5132,2.8071,0.70669,0.76289,2.1921,2.968,1.47,2.1359,4.2914,1.172,2.2499,3.5578,2.0112,2.626,4.2738,1.6186,1.576,4.1454,1.1759,2.5207,3.1304,0.7355,2.5114,3.7363,2.241,1.8192,3.6824,1.3895,2.5403,3.4787,1.3587,2.6009,3.5196,1.3934,1.6317,4.2683,1.9336,2.6423,4.446,2.0681,2.6355,4.6332,3.3295,2.8353,6.1416,1.754,1.6129,4.1957,1.8953,1.929,3.3818,2.5011,2.9483,5.3859,1.1943,2.58,3.0494,2.6848,2.3879,5.0086,1.0011,2.7,4.228,1.4291,2.4998,3.5516,0.96783,1.9449,4.1541,1.7814,1.632,4.0611,1.9684,1.9324,3.3931,6.0149,2.8995,2.848,2.9678,2.2244,4.6727,1.5228,1.9248,4.3923,1.139,2.5544,3.3562,1.4323,2.4686,3.3946,1.7047,1.8796,3.6601,2.0454,2.4599,4.0989,1.0874,2.379,3.2496,2.5042,1.8708,5.3261,0.99585,2.5976,3.2753,1.3624,2.5572,3.3241,0.24155,3.0492,3.1962,0.66146,1.9235,2.7617,1.6646,1.9481,4.6135,1.5176,1.8025,4.2123,5.2121,2.7688,1.585,0.88763,2.2264,2.9462,0.95024,2.7242,4.2191,2.3813,2.4214,3.7035,2.9323,2.2933,4.9704,3.0865,2.5813,4.6169,2.0801,2.3911,4.6062,2.1811,2.2201,4.171,0.70672,2.2583,3.3224,0.64327,2.4175,3.0522,0.57881,2.2565,3.8898,2.4611,2.4396,4.5905,0.70935,2.4475,2.8779,1.2993,1.5692,4.3626,1.5897,1.9252,3.535,0.37188,2.6626,2.1964,3.4243,2.9172,0.28009,0.85076,2.2636,3.0684,1.6258,1.6681,4.1637,1.6738,1.9074,3.2841,0.78456,2.3513,2.8867,2.2342,2.2759,4.9411,1.3374,2.5796,3.228,1.2825,2.2157,3.6695,0.35738,2.0793,3.3109,1.7206,1.8955,3.4396,2.6331,2.0284,4.1221,2.0437,2.149,4.9595,1.3882,1.6971,3.8502,0.77111,2.0455,2.8208,2.0822,2.1178,5.0808,2.1577,2.2944,4.5697,1.5042,2.4577,4.0225,4.0261,2.8519,6.2232,1.8154,2.5023,3.9884,0.61563,1.9937,4.1631,1.1946,2.6177,4.2363,3.2897,2.7814,6.0813,1.7052,1.5647,3.2786,0.27682,2.3873,3.4247,4.8543,3.0022,0.68714,0.43311,2.8244,3.3328,1.1524,2.5468,3.0946,2.2599,2.1861,5.0217,1.6645,2.0502,4.4519,1.6575,1.6194,3.3945,1.8705,2.9499,3.4098,0.75091,2.3249,2.9205,0.79763,2.3716,3.0158,0.22734,2.6667,3.3493,1.9795,2.4561,4.2845,0.66775,2.4047,2.8027,1.0137,2.3616,3.5854,1.2905,1.7615,4.3264,0.22979,2.3544,3.4868,1.6949,1.5938,3.2765,0.84311,2.3018,2.8678,2.9267,2.8546,6.0357,1.6923,2.5123,3.9605,2.0336,2.2425,4.6088,2.1791,2.6494,5.0648,1.5936,1.9551,3.8076,1.426,1.7665,3.7569,2.3034,2.1434,4.9857,1.4933,2.5676,3.9346,0.46765,2.9996,2.1179,4.45,2.8921,0.26429,1.3393,2.845,4.1822,1.8646,1.9803,3.8922,1.162,2.6731,2.7473,0.082161,2.7779,2.8274,1.0719,2.9165,4.1931,0.47587,2.4334,2.6125,0.85898,2.081,2.8366,0.54673,2.4885,3.4177,1.8127,2.2331,4.341,1.0744,2.8231,4.2272,0.70559,2.0561,2.9474,2.1149,1.8359,3.7062,1.4211,1.8847,3.7186,2.2541,2.5889,4.7297,1.5411,1.5752,4.1986,1.2704,2.137,3.2375,0.74471,2.0998,2.9985,0.73741,2.2596,2.6399,1.796,2.3884,4.1867,2.2288,2.5726,4.9047,0.59558,2.0724,2.9357,1.7358,1.7984,3.2908,0.88093,2.9793,2.6155,0.53297,2.5277,2.5897,3.2498,2.7235,6.1975,6.2482,2.8701,2.6828,4.1169,2.8831,6.0876,2.4091,2.2433,3.7296,1.4867,3.0575,4.4982,1.2392,2.45,3.4933,6.1446,3.1084,2.8379,2.3747,2.1775,3.7392,1.3173,1.8441,3.7088,2.3859,2.3288,4.6385,2.6019,2.7265,4.2534,1.2577,2.715,4.3176,1.6727,1.934,3.8122,1.2097,2.7453,3.7728,2.3317,2.3384,4.9205,1.3873,2.6025,3.3647,2.1528,2.2995,4.0594,0.81819,1.9757,3.3912,2.4248,2.3139,3.8093,2.3415,2.3419,3.7266,2.3003,2.0067,5.0781,2.6181,2.2906,4.8287,2.4022,2.2412,3.7914,1.445,1.6124,3.9232,2.3288,2.5833,4.913,1.7362,1.9443,3.8558,0.81958,2.1147,4.1321,1.5796,1.846,4.3444,2.303,2.5496,4.9498,1.4469,2.3991,3.2539,5.837,2.8162,2.1159,1.8631,1.7501,3.5278,1.9341,2.9034,4.1643,2.1187,1.994,4.8391,1.1844,2.6262,4.3718,2.0121,2.158,4.9477,1.656,1.7795,3.9301,1.6346,1.9987,3.3275,1.1565,2.7256,3.7262,1.0426,2.8503,3.8265,1.5719,2.4937,3.9196,1.1663,2.6744,3.6817,1.7594,1.7469,4.0811,0.73248,2.4475,2.8139,1.8311,2.1383,4.4158,0.10329,2.7799,3.0071,1.0396,1.9498,4.3395,0.9825,2.2802,3.0828,1.5839,2.4074,4.561,1.0073,2.079,2.8313,0.80032,2.0086,2.6851,1.692,1.7621,3.9368,0.86789,2.439,2.9175,1.3125,1.5812,3.8408,2.7714,2.6108,4.6133,1.0458,2.2356,3.6382,1.1785,2.7245,3.6889,2.0064,1.9983,4.475,1.0077,1.9599,4.2403,1.909,1.6452,3.4349,1.7243,2.4997,3.9717,2.2575,2.5345,4.8762,2.0575,2.3538,3.5978,1.2084,3.0561,3.4625,1.3988,1.4447,4.2544,0.71177,2.9777,3.6565,1.65,1.7226,4.2427,0.80335,2.0001,2.7189,0.54655,2.2219,4.0521,2.5973,2.5994,4.5235,2.0194,2.103,3.4518,1.3745,2.882,3.5323,1.0876,2.2294,3.6156,2.5397,2.0403,4.4802,1.5038,1.7364,4.4197,1.5939,2.5861,3.5668,2.072,2.2896,4.0623,2.712,2.3017,4.9637,0.44802,2.4994,2.9301
0.19736,0.31279,0.0072304,251.25,283.44,198.22,0.00143,0.0016909,0.0010004,209.47,227.95,232.88,222.19,217.4,175.26,240.12,229.06,270.08,224.84,266.67,284.3,197.87,237.61,225.89,294.83,227.26,259.14,227.88,174.43,350.81,246.32,207.46,255.26,210.33,286.56,266.81,327.44,177.78,277.6,239.5,225.78,144.22,246.18,286.63,365.27,273.85,207.63,327.69,362.51,295.97,190.78,265.34,203.05,293.24,281.17,326.01,325.69,372.46,290.88,280.93,279.22,397.42,373.23,390.13,295.64,346.87,291.98,235.39,435.88,390.67,374.05,348.52,194.77,304.32,253.56,246.9,227.05,349.69,256.94,285.59,260.74,350.59,336.85,237.6,279.13,294.32,353.89,355.57,344.05,240.21,304.57,338.99,286.76,303.85,215.38,316.87,285.15,333.82,289.66,321.29,314.08,297.04,330.75,294.71,275.02,280.67,354.23,273.53,266.7,406.28,379.86,377.49,271.69,362.6,468.54,443.22,341.2,259.45,330.25,416.17,300.75,317.2,318.24,280.42,385.15,324.03,375.54,406.26,357.27,372.2,419.48,393.45,316.37,358.25,390.27,467.24,272.58,496.88,479.08,427.67,324.9,463.74,299.64,313.37,629.49,359.65,378.43,380.43,368.27,350.63,277.4,344.53,409.94,286.9,461.28,344.57,321.1,383.04,461.61,269.13,302.88,388.09,266.47,151.89,315.56,375.15,333.17,477.0,393.49,211.24,293.94,216.94,231.2,271.81,292.34,237.15,322.65,298.65,242.31,285.29,255.7,298.93,202.88,278.34,270.01,260.42,237.31,229.23,323.62,227.66,332.78,376.52,265.09,292.07,250.7,330.36,290.44,237.1,321.92,337.01,292.22,304.22,292.47,318.55,335.15,279.03,491.97,239.63,264.72,270.49,274.68,259.05,293.0,282.57,350.86,273.32,258.82,267.78,327.65,276.64,201.23,228.3,270.58,351.64,265.36,234.75,287.11,252.7,283.37,279.94,254.6,269.74,286.67,288.8,224.01,292.57,227.44,302.6,228.41,239.06,196.91,277.48,282.04,180.88,284.93,229.06,184.43,267.25,194.92,231.34,278.4,196.46,252.06,265.93,203.19,264.08,256.36,235.35,189.59,249.37,214.83,251.69,243.16,167.68,290.0,291.62,213.05,173.28,207.49,278.46,247.61,252.08,235.6,153.89,159.27,202.42,247.36,252.13,225.88,230.65,214.02,192.35,172.61,181.94,229.41,207.14,253.79,217.83,0.00076882,0.0010391,0.0010451,0.0011572,0.0010466,0.00082694,0.0012554,0.00097361,0.0013869,0.0010567,0.0013977,0.001561,0.00098078,0.001274,0.0010929,0.0017227,0.0013143,0.001442,0.0014439,0.0010719,0.0020381,0.0016242,0.0013012,0.0017513,0.0014382,0.0018639,0.0015304,0.0018757,0.0013272,0.0018395,0.0014714,0.001394,0.0010237,0.0013691,0.0017429,0.002199,0.0016895,0.0012944,0.0019826,0.0020923,0.0016531,0.0010883,0.0017137,0.001521,0.0017809,0.001734,0.0020036,0.0018129,0.0022166,0.0017379,0.0013501,0.0017441,0.0023848,0.0020059,0.0022941,0.0018815,0.0020172,0.0012989,0.0016323,0.0026115,0.0023605,0.0022137,0.0020994,0.001298,0.0020851,0.0016742,0.0014726,0.0016655,0.0021725,0.0016329,0.001859,0.0017998,0.0020309,0.0020725,0.0010739,0.0018325,0.0018289,0.0022047,0.0022188,0.0021788,0.0013278,0.0021173,0.0021921,0.0017348,0.0012628,0.0016449,0.0014006,0.0018784,0.0020022,0.0018827,0.0020283,0.001816,0.0015241,0.0021021,0.0015285,0.0018603,0.0017797,0.0022518,0.0015459,0.0017444,0.0020911,0.002292,0.0022977,0.0016323,0.0022477,0.0022345,0.0025599,0.0021797,0.001792,0.0020013,0.0024924,0.0020133,0.0015172,0.0019395,0.0018489,0.0023364,0.0019764,0.0021503,0.0022161,0.0017446,0.0018014,0.0024217,0.0018058,0.002121,0.0019914,0.0017967,0.0025875,0.0018952,0.0023286,0.0026947,0.0026184,0.0019618,0.0024923,0.0012771,0.0020331,0.003036,0.0021157,0.0019132,0.0022641,0.0019888,0.0021061,0.0017905,0.0019343,0.002441,0.001988,0.0022028,0.0020633,0.0014481,0.0018597,0.0023872,0.0017583,0.001986,0.0021216,0.0017558,0.0011875,0.0018298,0.0022132,0.0020583,0.0021524,0.0019877,0.0013609,0.0018317,0.0015226,0.0016197,0.001571,0.001763,0.0016944,0.0019887,0.0018805,0.0016954,0.0018911,0.0015181,0.0018873,0.0014797,0.0017912,0.0016982,0.0017906,0.0015348,0.0014504,0.0018687,0.0014772,0.001974,0.0021872,0.0016485,0.0018696,0.0017574,0.0020449,0.0017919,0.0016302,0.0018789,0.0016887,0.001904,0.0019038,0.0018371,0.0021534,0.0020172,0.0018075,0.0016927,0.0016431,0.0016388,0.0017237,0.0017821,0.0016985,0.0018693,0.0016959,0.0022983,0.0016026,0.0017731,0.0016604,0.0017904,0.0017097,0.0014048,0.0015555,0.0016325,0.0021117,0.0017037,0.0015847,0.0016303,0.0015744,0.0017898,0.0017912,0.0015976,0.0016569,0.0017351,0.0017797,0.0015055,0.0018057,0.0015166,0.0017922,0.0015158,0.0013733,0.0013019,0.0015396,0.0018042,0.0012572,0.0017032,0.0013465,0.0014608,0.0016527,0.0012843,0.0014897,0.0016865,0.0014017,0.0014932,0.0015673,0.0011916,0.0015866,0.0014786,0.0014872,0.001248,0.0015705,0.0013315,0.0015593,0.0014035,0.00095928,0.0015563,0.0016584,0.0011828,0.0011874,0.0011374,0.0015217,0.0015057,0.0014979,0.0010663,0.00095352,0.00095991,0.00099102,0.0014781,0.0014695,0.0010449,0.0012818,0.001034,0.0010222,0.00086696,0.00082631,0.0011117,0.0011078,0.0013739,0.0012029,1074300.0,1105700.0,792270.0,4276700.0,2284500.0,1150800.0,5856800.0,1513400.0,1879800.0,3242500.0,2966100.0,734830.0,5652900.0,1298400.0,4052200.0,2459600.0,5070500.0,4091400.0,1340500.0,3371900.0,2502600.0,3347400.0,11704000.0,958350.0,6311800.0,749460.0,9101500.0,1591900.0,1841400.0,815570.0,3232100.0,1680500.0,5814300.0,23940000.0,2520900.0,2724900.0,4347000.0,1235900.0,1513400.0,1646200.0,2062700.0,1057700.0,2058300.0,1019200.0,7475600.0,2433400.0,1825600.0,1494000.0,2274900.0,15971000.0,952090.0,7278300.0,3995200.0,706940.0,3910700.0,1079100.0,2657700.0,17679000.0,32102000.0,2373200.0,1720700.0,1532600.0,2840700.0,1036400.0,1926200.0,3409900.0,803840.0,2871900.0,1940600.0,3915400.0,2755300.0,1446400.0,1119200.0,15048000.0,5077600.0,1340600.0,3613400.0,1673300.0,965090.0,2573300.0,3702600.0,1313000.0,893150.0,2116300.0,873820.0,1861100.0,2850800.0,4950200.0,4191200.0,2338500.0,5694300.0,1300700.0,9352900.0,4677300.0,1017700.0,1694700.0,903640.0,1769700.0,3509900.0,9918500.0,1730700.0,16523000.0,1417300.0,9919600.0,1633600.0,3256300.0,1272900.0,1628100.0,12535000.0,5115100.0,2157200.0,3869300.0,2389200.0,1225800.0,656170.0,3373000.0,11659000.0,2413800.0,1291100.0,778800.0,1922000.0,735100.0,1193700.0,2218700.0,8786700.0,4156700.0,2627900.0,3087700.0,2361300.0,1498700.0,773560.0,10411000.0,2404500.0,3548600.0,2073400.0,1371700.0,1031900.0,2014200.0,1052000.0,2853800.0,3921600.0,1159600.0,1477000.0,2103000.0,1521000.0,2210500.0,2422200.0,877170.0,6912100.0,1513500.0,9390500.0,6180200.0,809830.0,10291000.0,814480.0,1274500.0,19279000.0,683650.0,12167000.0,721740.0,5575100.0,3693400.0,3817200.0,2647300.0,5252900.0,4116200.0,4227600.0,964530.0,4135000.0,1638700.0,6369200.0,1506700.0,7610900.0,1080700.0,744550.0,4005200.0,2996600.0,1988300.0,8411500.0,2288700.0,948280.0,1205600.0,3671000.0,3568300.0,1940100.0,1475700.0,747540.0,6807100.0,5275200.0,2336700.0,637470.0,17726000.0,3323000.0,5257900.0,1142200.0,18258000.0,5431600.0,1100100.0,8580600.0,1353300.0,1434500.0,3992400.0,5297000.0,799330.0,1639500.0,973680.0,1778500.0,1568200.0,1456500.0,7851700.0,2342100.0,1425100.0,12280000.0,2793800.0,1238000.0,1263500.0,3260300.0,951930.0,4669600.0,1133200.0,1854600.0,8075300.0,4435100.0,696550.0,1421900.0,10018000.0,5258300.0,5069200.0,15394000.0,3001700.0,1931800.0,2342400.0,2994600.0,3189800.0,1882600.0,1749500.0,2275100.0,1499400.0,7215800.0,652060.0,3656200.0,8296200.0,8910100.0,1863600.0,5378600.0,4029700.0,5011000.0,864140.0,1139900.0,5361500.0,1551600.0,6587500.0,3485200.0,7122400.0,1970700.0,1638700.0,1591200.0,1087700.0,1106100.0,2208100.0,945990.0,5091800.0,3371700.0,4404800.0,3356800.0,2894200.0,2745600.0,15584000.0,14989000.0,6042000.0,4601000.0,2807600.0,6148400.0,3762100.0,1781300.0,2740300.0,1353800.0,4824200.0,3044800.0,1.5435,1.858,4.1663,2.2408,2.4799,3.6649,1.2762,2.239,4.224,1.1983,1.9842,4.2129,2.4648,2.6636,4.3235,0.7558,2.0657,4.2227,1.6859,2.5283,3.8756,3.0913,2.8434,5.8668,1.1836,2.0271,4.1929,1.7054,1.7138,4.2425,1.2937,2.2831,4.2835,0.71164,2.0302,4.21,2.9057,2.8422,4.6597,5.5486,2.7437,1.3606,1.258,2.8128,3.6316,0.82851,2.162,2.9968,2.59,2.1819,4.577,1.4627,1.6768,3.8914,0.74176,2.6933,3.9012,1.8889,1.8384,3.5381,1.2071,2.3828,3.2467,0.37498,2.2929,3.4767,1.8586,1.6264,3.4102,2.0591,2.6638,4.2165,1.9104,1.6337,3.372,1.6517,1.6311,3.9794,0.33638,2.1915,3.122,2.1141,2.4374,4.5332,1.5004,1.7034,3.278,0.92003,1.9553,2.7535,3.256,2.836,6.0264,1.9392,1.8235,3.5179,0.86722,2.7312,2.913,1.6867,2.5963,4.005,0.75088,1.9,2.7391,1.1044,2.4143,3.1392,1.9377,1.9269,4.491,1.8335,1.6506,3.8967,0.63123,2.1424,3.9247,1.4069,2.5569,3.9179,0.98261,2.1589,3.1689,2.6365,2.3765,4.3912,2.012,2.2108,4.7287,1.5459,1.6366,3.9283,1.8898,2.0198,4.4798,1.501,2.2092,3.2279,0.8191,2.2487,3.001,2.4434,2.4908,4.3713,2.0178,2.4996,4.8246,1.9372,2.6203,4.7975,2.6058,2.3709,4.3767,1.2702,2.5253,3.8735,1.8618,2.3352,4.4029,2.5713,2.9768,4.4022,0.67478,2.372,2.6782,1.3712,2.0157,4.6091,1.8565,2.9996,3.7049,0.25076,2.3735,3.3681,1.7009,1.6164,4.0813,0.83182,2.2197,3.064,2.2702,2.3028,4.7135,0.51467,2.3996,3.1258,0.74085,2.2558,3.1368,0.014468,2.8986,1.7375,2.0379,2.2153,4.6564,2.5231,2.4383,4.309,2.2835,2.3123,5.1429,1.9208,2.6412,4.1253,1.1211,1.8208,4.0564,4.5121,2.8055,0.70886,0.76248,2.1925,2.9673,1.4714,2.1367,4.2917,1.1729,2.2528,3.5584,2.0092,2.625,4.2719,1.6193,1.5758,4.145,1.1751,2.5201,3.1313,0.73439,2.5135,3.7361,2.2422,1.8186,3.6819,1.3886,2.5406,3.4791,1.3592,2.6006,3.5192,1.3928,1.6315,4.2677,1.9334,2.6409,4.4443,2.0715,2.6322,4.6344,3.3268,2.8361,6.1417,1.7569,1.6118,4.1962,1.8981,1.9283,3.3803,2.504,2.947,5.3873,1.1934,2.5801,3.0488,2.6842,2.387,5.008,1.0033,2.7016,4.2302,1.4292,2.4997,3.5526,0.96942,1.946,4.1559,1.7812,1.6326,4.0608,1.9699,1.9328,3.3932,6.0172,2.8993,2.8492,2.9703,2.2238,4.6728,1.5263,1.9237,4.3947,1.1414,2.5531,3.3565,1.4332,2.4688,3.3956,1.7056,1.8788,3.6598,2.0467,2.4601,4.1008,1.0872,2.3801,3.2502,2.505,1.868,5.3278,0.99637,2.5962,3.275,1.3605,2.5578,3.3227,0.24188,3.0495,3.1963,0.66225,1.9256,2.7601,1.6638,1.9476,4.6157,1.5195,1.8012,4.2131,5.2114,2.7665,1.5846,0.88944,2.2275,2.9476,0.95288,2.7257,4.2221,2.381,2.4202,3.7053,2.9337,2.2932,4.9704,3.0894,2.5802,4.6181,2.0826,2.3904,4.6078,2.1812,2.2212,4.1711,0.70702,2.2604,3.3232,0.64606,2.4177,3.0524,0.57956,2.2586,3.8902,2.4609,2.4399,4.5894,0.70775,2.4489,2.8749,1.298,1.569,4.3624,1.5895,1.924,3.5369,0.37495,2.6629,2.1987,3.4236,2.916,0.27912,0.84962,2.263,3.0683,1.6257,1.6679,4.1648,1.6746,1.9085,3.2859,0.78687,2.3505,2.8886,2.236,2.2747,4.9412,1.3395,2.5799,3.2299,1.2843,2.2167,3.6721,0.35695,2.0783,3.3126,1.7214,1.8944,3.4397,2.6338,2.0268,4.1234,2.0428,2.1493,4.9593,1.3903,1.697,3.8509,0.7711,2.0473,2.8228,2.083,2.1167,5.0821,2.1573,2.295,4.5712,1.5044,2.4595,4.0238,4.0222,2.8479,6.2192,1.8138,2.5033,3.987,0.6131,1.9944,4.1638,1.1926,2.6172,4.2354,3.2872,2.7802,6.0817,1.7049,1.5651,3.2784,0.2778,2.3882,3.4261,4.8505,3.0022,0.68324,0.43309,2.825,3.3355,1.1512,2.5473,3.0965,2.2598,2.1859,5.023,1.6666,2.0497,4.4531,1.6571,1.6193,3.395,1.8751,2.9504,3.4136,0.75069,2.3238,2.9213,0.79655,2.3702,3.0161,0.22634,2.6671,3.3493,1.981,2.4568,4.2848,0.66872,2.4038,2.8032,1.0141,2.3637,3.5847,1.2905,1.761,4.3269,0.22956,2.3547,3.4885,1.6945,1.594,3.2763,0.84504,2.3004,2.8687,2.9249,2.8543,6.0364,1.6887,2.5114,3.9596,2.0332,2.2434,4.6087,2.1748,2.6482,5.0626,1.5913,1.9549,3.807,1.4271,1.7654,3.7576,2.3035,2.1435,4.9852,1.4928,2.5668,3.9334,0.46661,2.9987,2.1158,4.4479,2.8909,0.26388,1.3389,2.8457,4.1808,1.8631,1.9809,3.8921,1.1599,2.6732,2.7455,0.078071,2.7771,2.8261,1.0725,2.9167,4.1933,0.47525,2.432,2.6134,0.85919,2.0821,2.836,0.54761,2.4886,3.4188,1.8154,2.2341,4.3418,1.0722,2.8237,4.2262,0.70683,2.0573,2.9455,2.1157,1.8356,3.705,1.422,1.8851,3.7195,2.2511,2.5868,4.7262,1.5429,1.5752,4.1988,1.2693,2.1368,3.2382,0.74611,2.1011,2.9976,0.73737,2.2582,2.6401,1.7963,2.3889,4.1872,2.2269,2.5709,4.9039,0.59533,2.0729,2.9342,1.7358,1.7996,3.2908,0.88287,2.9788,2.6163,0.53209,2.5282,2.5893,3.2511,2.7231,6.1993,6.2502,2.8702,2.6861,4.1124,2.8817,6.0824,2.4097,2.2404,3.7294,1.4884,3.0574,4.5029,1.2385,2.4501,3.4944,6.1341,3.1086,2.8302,2.3747,2.1764,3.7382,1.3181,1.8441,3.7092,2.3848,2.3289,4.6397,2.601,2.728,4.2558,1.2574,2.7152,4.3168,1.6701,1.9335,3.8111,1.211,2.7446,3.7747,2.3305,2.3371,4.9191,1.3845,2.6014,3.3649,2.152,2.301,4.0586,0.8181,1.9761,3.3912,2.4245,2.3121,3.8098,2.3409,2.341,3.7262,2.3014,2.0076,5.0799,2.617,2.2907,4.829,2.4029,2.2412,3.7911,1.4458,1.6127,3.924,2.3268,2.5817,4.912,1.734,1.9442,3.8551,0.81983,2.1142,4.1331,1.5786,1.8463,4.3454,2.3017,2.5475,4.9499,1.4467,2.3993,3.2538,5.8358,2.8152,2.1148,1.8631,1.7498,3.528,1.933,2.9016,4.162,2.1199,1.9947,4.8395,1.1855,2.6269,4.3729,2.0138,2.1582,4.9487,1.6564,1.7792,3.9296,1.6351,1.9983,3.3264,1.1577,2.7254,3.7274,1.0436,2.8505,3.8262,1.5736,2.4942,3.9203,1.1663,2.6732,3.6814,1.7586,1.7463,4.0809,0.73072,2.4472,2.8144,1.8305,2.1393,4.4164,0.10321,2.7796,3.0091,1.0387,1.9499,4.3404,0.98275,2.2796,3.0835,1.5833,2.4075,4.5607,1.0075,2.0789,2.8312,0.80106,2.0086,2.6846,1.693,1.7615,3.9363,0.86685,2.4387,2.9194,1.3114,1.581,3.8408,2.7713,2.611,4.613,1.0452,2.2371,3.6382,1.1789,2.7236,3.6893,2.0068,1.9985,4.4751,1.0067,1.96,4.24,1.9097,1.6452,3.4348,1.7251,2.5,3.9713,2.2589,2.5342,4.8756,2.0566,2.3536,3.5968,1.2079,3.0559,3.4625,1.3982,1.4447,4.2546,0.71255,2.9775,3.6566,1.6503,1.7223,4.2428,0.80403,2.0,2.7187,0.54507,2.2222,4.0532,2.5962,2.5994,4.5237,2.0197,2.1028,3.452,1.3743,2.8815,3.5321,1.0876,2.2299,3.6153,2.5398,2.0409,4.4805,1.504,1.7364,4.4197,1.5937,2.586,3.5666,2.0722,2.2896,4.0623,2.7122,2.3009,4.9634,0.44811,2.499,2.9298
0.19928,0.31586,0.0072795,251.87,284.49,198.14,0.0014333,0.0016963,0.0010001,209.06,227.73,233.48,222.29,217.98,175.1,239.61,228.88,270.15,225.18,267.45,285.5,198.04,238.39,226.1,295.82,227.12,259.75,228.74,174.26,351.76,246.11,207.27,254.97,210.01,287.2,267.56,328.35,178.3,277.23,239.88,226.49,143.79,247.17,287.21,366.43,274.79,206.86,329.35,363.55,296.35,191.32,267.22,203.64,294.29,282.25,327.31,327.09,374.39,291.79,282.08,280.06,400.26,373.61,392.23,297.3,347.93,294.39,235.95,438.34,392.77,373.68,349.2,194.99,305.99,254.2,248.08,227.72,351.52,258.07,286.88,261.63,352.47,339.04,243.78,281.07,294.91,355.88,357.18,345.23,242.05,306.28,340.48,286.82,304.29,216.84,319.7,286.47,335.73,290.49,322.78,315.86,298.45,332.16,297.14,274.99,281.78,354.94,274.2,268.0,410.03,381.81,379.36,272.51,364.18,471.98,445.05,342.55,260.65,331.21,417.9,302.34,320.27,319.81,281.19,387.41,326.0,378.82,408.7,358.56,379.7,422.25,396.72,318.01,360.58,394.38,471.78,273.33,501.58,480.82,430.08,326.96,467.69,303.05,315.21,634.0,362.56,383.48,382.41,371.21,352.58,278.28,345.83,411.38,287.86,466.48,344.52,324.16,386.49,465.0,270.18,304.43,389.83,266.78,151.31,317.73,377.09,334.08,481.53,393.2,211.24,294.9,217.67,231.99,273.36,292.58,237.82,323.08,299.92,242.84,286.22,256.25,299.96,203.78,278.79,270.38,260.57,237.61,229.6,323.83,228.0,334.06,376.8,265.42,293.05,251.04,330.63,291.08,237.32,322.93,337.03,293.33,305.09,293.2,319.54,336.4,279.69,493.74,240.06,265.31,271.49,275.38,259.19,293.8,283.16,352.16,274.03,259.76,268.03,328.92,277.58,201.4,228.96,271.16,352.79,266.17,235.18,287.14,253.35,284.14,280.54,254.9,270.26,286.89,289.1,224.59,293.25,227.86,303.51,228.54,239.17,197.2,277.82,282.59,181.09,285.35,229.24,184.67,267.57,195.21,231.58,278.93,196.69,252.45,266.35,203.28,264.63,256.62,235.63,189.67,249.52,214.91,252.21,243.53,167.72,290.31,291.9,213.15,173.28,207.52,278.55,247.9,252.46,235.79,153.97,159.22,202.4,247.44,252.64,226.04,230.89,214.05,192.47,172.67,181.93,229.35,206.95,253.92,217.77,0.00076614,0.001037,0.0010465,0.0011578,0.001049,0.00082552,0.0012522,0.00097249,0.0013882,0.0010581,0.0014022,0.0015678,0.00098104,0.0012785,0.0010939,0.0017281,0.0013141,0.0014464,0.0014495,0.0010714,0.0020433,0.0016231,0.0013001,0.001751,0.0014358,0.0018695,0.0015353,0.0018801,0.0013307,0.0018381,0.0014741,0.0013994,0.0010226,0.0013742,0.001746,0.002206,0.0016952,0.0012829,0.0019919,0.0021,0.0016584,0.0010904,0.0017227,0.0015257,0.0017875,0.0017401,0.0020137,0.0018219,0.0022285,0.001744,0.0013575,0.0017506,0.002399,0.0020105,0.0023062,0.0018926,0.0020248,0.0013065,0.0016331,0.0026246,0.0023653,0.0022106,0.0021031,0.0012973,0.0020947,0.0016784,0.0014761,0.0016715,0.0021805,0.0016392,0.0018637,0.0018053,0.0020441,0.0020798,0.0010962,0.001844,0.001836,0.002217,0.0022281,0.002186,0.0013338,0.0021285,0.0022029,0.0017394,0.0012667,0.001654,0.0014119,0.0018848,0.0020134,0.0018903,0.0020373,0.0018259,0.0015309,0.0021102,0.0015389,0.0018624,0.0017855,0.0022582,0.0015422,0.0017527,0.0021082,0.0023045,0.0023099,0.0016371,0.0022556,0.0022536,0.0025742,0.0021882,0.0017991,0.0020091,0.0025032,0.002024,0.0015301,0.0019486,0.0018559,0.0023501,0.0019868,0.0021663,0.0022292,0.0017496,0.0018289,0.0024358,0.0018195,0.0021282,0.0020023,0.0018174,0.0026073,0.0018995,0.0023525,0.0027036,0.0026317,0.0019704,0.0025105,0.0012749,0.002044,0.0030627,0.0021279,0.0019371,0.0022754,0.0020006,0.002117,0.0017953,0.0019449,0.0024498,0.0019949,0.0022278,0.0020677,0.0014586,0.0018756,0.0024045,0.0017656,0.0019945,0.0021322,0.0017569,0.0011857,0.0018431,0.0022223,0.0020627,0.0021755,0.0019836,0.0013614,0.0018377,0.0015271,0.0016239,0.0015789,0.001765,0.0016991,0.0019923,0.0018871,0.0017005,0.0018975,0.0015225,0.0018934,0.0014846,0.0017951,0.0017013,0.0017915,0.0015355,0.0014523,0.0018721,0.0014797,0.0019811,0.002189,0.0016455,0.0018753,0.0017597,0.0020506,0.0017962,0.0016326,0.0018856,0.0016826,0.0019104,0.0019103,0.0018411,0.0021582,0.0020245,0.0018119,0.0017002,0.0016443,0.0016412,0.0017274,0.0017866,0.0017008,0.0018737,0.0016983,0.0023018,0.0016036,0.0017782,0.0016627,0.0017971,0.0017146,0.001406,0.0015595,0.0016361,0.0021185,0.0017086,0.0015877,0.0016313,0.0015778,0.0017936,0.0017954,0.0016,0.0016603,0.0017384,0.0017821,0.0015092,0.0018097,0.0015194,0.001798,0.0015164,0.0013742,0.0013032,0.0015416,0.0018081,0.001258,0.0017058,0.0013469,0.0014629,0.0016552,0.0012858,0.0014911,0.0016902,0.0014037,0.0014949,0.0015695,0.0011926,0.00159,0.0014797,0.0014889,0.0012483,0.0015715,0.0013319,0.001562,0.0014053,0.00095943,0.0015587,0.0016611,0.0011832,0.0011876,0.0011374,0.0015219,0.0015071,0.0014996,0.0010671,0.00095427,0.00095916,0.00099036,0.0014784,0.0014721,0.0010455,0.0012828,0.001034,0.0010225,0.00086703,0.00082575,0.0011111,0.0011066,0.0013741,0.0012026,1074300.0,1105700.0,792270.0,4276700.0,2284500.0,1150800.0,5856800.0,1513400.0,1879800.0,3242500.0,2966100.0,734830.0,5652900.0,1298400.0,4052200.0,2459600.0,5070500.0,4091400.0,1340500.0,3371900.0,2502600.0,3347400.0,11704000.0,958350.0,6311800.0,749460.0,9101500.0,1591900.0,1841400.0,815570.0,3232100.0,1680500.0,5814300.0,23940000.0,2520900.0,2724900.0,4347000.0,1235900.0,1513400.0,1646200.0,2062700.0,1057700.0,2058300.0,1019200.0,7475600.0,2433400.0,1825600.0,1494000.0,2274900.0,15971000.0,952090.0,7278300.0,3995200.0,706940.0,3910700.0,1079100.0,2657700.0,17679000.0,32102000.0,2373200.0,1720700.0,1532600.0,2840700.0,1036400.0,1926200.0,3409900.0,803840.0,2871900.0,1940600.0,3915400.0,2755300.0,1446400.0,1119200.0,15048000.0,5077600.0,1340600.0,3613400.0,1673300.0,965090.0,2573300.0,3702600.0,1313000.0,893150.0,2116300.0,873820.0,1861100.0,2850800.0,4950200.0,4191200.0,2338500.0,5694300.0,1300700.0,9352900.0,4677300.0,1017700.0,1694700.0,903640.0,1769700.0,3509900.0,9918500.0,1730700.0,16523000.0,1417300.0,9919600.0,1633600.0,3256300.0,1272900.0,1628100.0,12535000.0,5115100.0,2157200.0,3869300.0,2389200.0,1225800.0,656170.0,3373000.0,11659000.0,2413800.0,1291100.0,778800.0,1922000.0,735100.0,1193700.0,2218700.0,8786700.0,4156700.0,2627900.0,3087700.0,2361300.0,1498700.0,773560.0,10411000.0,2404500.0,3548600.0,2073400.0,1371700.0,1031900.0,2014200.0,1052000.0,2853800.0,3921600.0,1159600.0,1477000.0,2103000.0,1521000.0,2210500.0,2422200.0,877170.0,6912100.0,1513500.0,9390500.0,6180200.0,809830.0,10291000.0,814480.0,1274500.0,19279000.0,683650.0,12167000.0,721740.0,5575100.0,3693400.0,3817200.0,2647300.0,5252900.0,4116200.0,4227600.0,964530.0,4135000.0,1638700.0,6369200.0,1506700.0,7610900.0,1080700.0,744550.0,4005200.0,2996600.0,1988300.0,8411500.0,2288700.0,948280.0,1205600.0,3671000.0,3568300.0,1940100.0,1475700.0,747540.0,6807100.0,5275200.0,2336700.0,637470.0,17726000.0,3323000.0,5257900.0,1142200.0,18258000.0,5431600.0,1100100.0,8580600.0,1353300.0,1434500.0,3992400.0,5297000.0,799330.0,1639500.0,973680.0,1778500.0,1568200.0,1456500.0,7851700.0,2342100.0,1425100.0,12280000.0,2793800.0,1238000.0,1263500.0,3260300.0,951930.0,4669600.0,1133200.0,1854600.0,8075300.0,4435100.0,696550.0,1421900.0,10018000.0,5258300.0,5069200.0,15394000.0,3001700.0,1931800.0,2342400.0,2994600.0,3189800.0,1882600.0,1749500.0,2275100.0,1499400.0,7215800.0,652060.0,3656200.0,8296200.0,8910100.0,1863600.0,5378600.0,4029700.0,5011000.0,864140.0,1139900.0,5361500.0,1551600.0,6587500.0,3485200.0,7122400.0,1970700.0,1638700.0,1591200.0,1087700.0,1106100.0,2208100.0,945990.0,5091800.0,3371700.0,4404800.0,3356800.0,2894200.0,2745600.0,15584000.0,14989000.0,6042000.0,4601000.0,2807600.0,6148400.0,3762100.0,1781300.0,2740300.0,1353800.0,4824200.0,3044800.0,1.5438,1.8581,4.1663,2.2409,2.48,3.6648,1.2762,2.2391,4.224,1.198,1.984,4.2128,2.4644,2.6636,4.3237,0.75506,2.0658,4.2229,1.6872,2.5285,3.8755,3.0918,2.8434,5.8668,1.1831,2.0271,4.1926,1.7049,1.7137,4.2424,1.294,2.2837,4.2841,0.7102,2.0299,4.21,2.9053,2.8421,4.6604,5.5469,2.7432,1.3595,1.2584,2.8124,3.6319,0.8274,2.1621,2.9966,2.5912,2.1831,4.5784,1.4626,1.6767,3.8912,0.74329,2.6944,3.9021,1.888,1.8389,3.5387,1.2077,2.3824,3.2477,0.37569,2.293,3.4755,1.8592,1.6261,3.4105,2.0595,2.6625,4.2157,1.9115,1.6335,3.3719,1.6529,1.6308,3.98,0.33621,2.1919,3.1215,2.115,2.4378,4.5343,1.5007,1.7035,3.2787,0.92134,1.9561,2.7534,3.2576,2.8358,6.0278,1.9392,1.8239,3.5182,0.86614,2.7316,2.9132,1.6859,2.5964,4.0051,0.75209,1.9,2.7387,1.1041,2.4142,3.1395,1.9378,1.9271,4.4908,1.8354,1.6504,3.8969,0.63228,2.1417,3.9267,1.4091,2.5575,3.9197,0.98241,2.1596,3.168,2.6379,2.3773,4.3924,2.0117,2.2108,4.7288,1.5466,1.636,3.9283,1.89,2.0211,4.4797,1.5014,2.2096,3.2276,0.81936,2.2496,2.9993,2.4435,2.4924,4.3712,2.0193,2.4984,4.8241,1.9376,2.6203,4.7968,2.6066,2.372,4.3779,1.27,2.5258,3.8734,1.8644,2.3363,4.4039,2.5786,2.9762,4.4073,0.67696,2.371,2.6801,1.3693,2.0155,4.6095,1.8553,2.9989,3.7021,0.24953,2.3731,3.3683,1.7014,1.6163,4.0814,0.83324,2.2209,3.0642,2.2709,2.3027,4.7139,0.51084,2.3989,3.1261,0.73835,2.2565,3.1358,0.01437,2.8986,1.7358,2.0397,2.2169,4.6576,2.523,2.4398,4.3099,2.2825,2.3125,5.143,1.9197,2.6402,4.124,1.1209,1.8201,4.0577,4.5114,2.8044,0.71027,0.76222,2.1927,2.9668,1.4724,2.1372,4.2919,1.1734,2.2548,3.5588,2.0078,2.6243,4.2708,1.6197,1.5758,4.1448,1.1747,2.5196,3.1319,0.73368,2.5149,3.736,2.2431,1.8182,3.6816,1.3882,2.5407,3.4794,1.3595,2.6005,3.519,1.3924,1.6313,4.2673,1.9333,2.6399,4.4432,2.0736,2.6301,4.6351,3.325,2.8367,6.1418,1.7589,1.611,4.1965,1.8999,1.9278,3.3794,2.5058,2.9461,5.3881,1.1929,2.5801,3.0484,2.6838,2.3864,5.0076,1.0048,2.7028,4.2317,1.4292,2.4996,3.5532,0.97049,1.9468,4.1571,1.781,1.633,4.0606,1.9709,1.933,3.3933,6.0189,2.8992,2.8501,2.972,2.2234,4.6728,1.5287,1.923,4.3963,1.143,2.5524,3.3567,1.4337,2.4689,3.3962,1.7062,1.8782,3.6596,2.0475,2.4603,4.102,1.0871,2.3807,3.2506,2.5055,1.8661,5.3289,0.9967,2.5953,3.2747,1.3592,2.5582,3.3218,0.24216,3.0496,3.1965,0.66279,1.927,2.7591,1.6633,1.9472,4.6172,1.5207,1.8004,4.2135,5.211,2.765,1.5844,0.89063,2.2282,2.9485,0.95463,2.7267,4.2241,2.3808,2.4194,3.7064,2.9346,2.2932,4.9703,3.0914,2.5794,4.619,2.0842,2.39,4.6088,2.1813,2.2219,4.1711,0.70731,2.2617,3.3238,0.64783,2.4178,3.0526,0.58009,2.26,3.8905,2.4608,2.4401,4.5885,0.7067,2.4498,2.8729,1.2972,1.5686,4.3623,1.5893,1.9233,3.5381,0.37695,2.6632,2.2002,3.4232,2.9153,0.27843,0.84895,2.2626,3.0682,1.6256,1.6678,4.1655,1.6752,1.9092,3.2871,0.78846,2.35,2.8898,2.2371,2.274,4.9412,1.3408,2.5801,3.2312,1.2856,2.2173,3.6737,0.35666,2.0777,3.3139,1.7218,1.8938,3.4398,2.6342,2.0256,4.1243,2.0423,2.1495,4.9592,1.3917,1.6969,3.8513,0.77108,2.0484,2.8241,2.0835,2.116,5.083,2.157,2.2955,4.5722,1.5045,2.4606,4.0247,4.0197,2.8452,6.2167,1.8127,2.504,3.986,0.61145,1.9949,4.1642,1.1913,2.6169,4.2348,3.2856,2.7795,6.082,1.7047,1.5653,3.2783,0.27842,2.3888,3.427,4.848,3.0022,0.68069,0.43307,2.8255,3.3373,1.1503,2.5476,3.0978,2.2597,2.1857,5.024,1.6681,2.0494,4.4539,1.657,1.6192,3.3953,1.8782,2.9508,3.4161,0.75052,2.3232,2.9217,0.79585,2.3693,3.0163,0.22568,2.6674,3.3493,1.982,2.4573,4.2851,0.66933,2.4032,2.8034,1.0144,2.365,3.5843,1.2906,1.7607,4.3273,0.22942,2.3549,3.4897,1.6942,1.5942,3.2761,0.84629,2.2994,2.8692,2.9238,2.8541,6.037,1.6863,2.5109,3.959,2.033,2.244,4.6087,2.172,2.6475,5.0612,1.5898,1.9548,3.8066,1.4278,1.7646,3.7581,2.3036,2.1436,4.9849,1.4925,2.5663,3.9325,0.46588,2.9982,2.1144,4.4466,2.89,0.26362,1.3385,2.8462,4.1799,1.8621,1.9812,3.8921,1.1585,2.6732,2.7443,0.075362,2.7765,2.8252,1.0729,2.9168,4.1935,0.47485,2.4311,2.614,0.85931,2.0828,2.8356,0.54821,2.4887,3.4195,1.8172,2.2347,4.3423,1.0708,2.8241,4.2256,0.70766,2.0581,2.9442,2.1163,1.8355,3.7042,1.4226,1.8854,3.7201,2.2491,2.5855,4.7239,1.544,1.5752,4.1989,1.2685,2.1366,3.2388,0.74704,2.102,2.997,0.73731,2.2573,2.6402,1.7965,2.3892,4.1875,2.2257,2.5697,4.9034,0.59517,2.0733,2.9333,1.7358,1.8004,3.2907,0.88413,2.9784,2.6168,0.53151,2.5286,2.5891,3.252,2.7229,6.2004,6.2515,2.8703,2.6883,4.1094,2.8809,6.0789,2.4101,2.2385,3.7293,1.4895,3.0574,4.5059,1.238,2.4502,3.4951,6.127,3.1088,2.825,2.3746,2.1757,3.7376,1.3186,1.8441,3.7095,2.384,2.329,4.6404,2.6004,2.7289,4.2573,1.2572,2.7153,4.3163,1.6685,1.9331,3.8104,1.2118,2.7442,3.776,2.3298,2.3363,4.9181,1.3827,2.6008,3.365,2.1514,2.302,4.0581,0.81804,1.9764,3.3912,2.4242,2.311,3.8101,2.3404,2.3404,3.726,2.3022,2.0081,5.0811,2.6162,2.2908,4.8292,2.4033,2.2413,3.7909,1.4463,1.613,3.9245,2.3255,2.5807,4.9114,1.7325,1.9441,3.8546,0.81999,2.1139,4.1338,1.5779,1.8465,4.346,2.3008,2.5461,4.95,1.4466,2.3994,3.2537,5.835,2.8145,2.1141,1.8631,1.7496,3.5282,1.9323,2.9003,4.1604,2.1206,1.9951,4.8398,1.1861,2.6273,4.3737,2.0149,2.1584,4.9493,1.6566,1.779,3.9292,1.6355,1.9981,3.3257,1.1584,2.7253,3.7283,1.0443,2.8506,3.826,1.5747,2.4946,3.9208,1.1664,2.6724,3.6812,1.7581,1.7459,4.0808,0.72957,2.447,2.8147,1.8301,2.1399,4.4168,0.10316,2.7794,3.0104,1.0381,1.9499,4.341,0.98291,2.2792,3.0839,1.5829,2.4075,4.5605,1.0076,2.0789,2.8312,0.80154,2.0086,2.6843,1.6936,1.7611,3.9361,0.86616,2.4385,2.9206,1.3107,1.5808,3.8408,2.7713,2.6112,4.6128,1.0448,2.238,3.6382,1.1792,2.723,3.6896,2.0071,1.9986,4.4751,1.0061,1.96,4.2399,1.9101,1.6452,3.4347,1.7257,2.5002,3.9711,2.2599,2.5339,4.8753,2.056,2.3534,3.5961,1.2076,3.0558,3.4625,1.3978,1.4447,4.2548,0.71306,2.9774,3.6567,1.6505,1.7221,4.2429,0.80447,2.0,2.7185,0.54409,2.2224,4.054,2.5955,2.5994,4.5237,2.0199,2.1026,3.4521,1.3741,2.8811,3.532,1.0876,2.2303,3.6151,2.5399,2.0413,4.4806,1.504,1.7365,4.4197,1.5935,2.586,3.5665,2.0723,2.2897,4.0622,2.7124,2.3004,4.9631,0.44817,2.4988,2.9297
0.20072,0.31815,0.0073168,252.46,285.42,198.17,0.0014365,0.0017013,0.0010004,208.84,227.64,234.04,222.43,218.54,175.22,239.28,228.84,270.31,225.54,268.17,286.61,198.35,239.12,226.35,296.72,227.11,260.28,229.54,174.35,352.62,246.03,207.21,254.8,209.84,287.82,268.28,329.24,178.78,277.08,240.21,227.2,143.71,248.14,287.68,367.35,275.53,206.53,330.71,364.6,296.91,191.95,268.8,204.04,295.19,283.13,328.24,328.07,375.88,292.63,283.21,280.86,402.37,373.91,393.78,298.64,348.7,296.58,236.49,440.04,394.31,373.71,350.08,195.38,307.11,254.79,249.27,228.34,352.86,259.22,288.1,262.33,353.69,340.88,248.67,282.43,295.24,357.25,358.38,346.17,243.7,308.07,341.55,286.82,305.63,217.86,322.06,287.47,337.05,291.29,324.15,317.63,299.61,333.24,298.94,275.18,282.78,355.74,275.4,269.2,412.92,383.22,381.39,273.54,365.46,474.54,446.43,343.93,261.76,332.08,419.2,303.51,323.39,321.25,281.81,389.16,327.61,381.42,410.79,359.69,385.11,424.08,399.44,319.41,362.46,397.24,475.54,274.18,505.11,482.14,432.16,328.59,470.48,307.31,316.68,637.18,364.66,387.06,383.98,373.4,353.93,279.31,346.91,412.7,288.83,470.1,344.61,326.17,389.19,467.69,271.11,305.65,391.17,267.48,151.25,319.36,378.62,334.92,484.87,393.4,211.58,295.72,218.28,232.63,274.69,293.12,238.49,323.5,300.95,243.2,286.96,256.81,300.82,204.57,279.42,270.7,260.98,238.14,230.14,324.11,228.49,335.14,377.36,265.71,294.05,251.56,331.21,291.83,237.72,323.93,337.57,294.29,305.88,293.95,320.62,337.33,280.41,495.39,240.67,265.86,272.42,276.11,259.33,294.42,283.91,353.57,274.88,260.61,268.44,330.08,278.46,201.71,229.44,271.73,353.91,267.06,235.75,287.42,253.83,284.75,281.17,255.42,270.77,287.23,289.38,225.05,294.04,228.18,304.29,228.9,239.48,197.61,278.35,283.2,181.28,285.77,229.61,184.92,267.98,195.6,231.98,279.46,197.01,252.76,266.72,203.42,265.12,256.96,235.96,189.86,249.87,215.18,252.64,243.92,167.87,290.6,292.24,213.35,173.35,207.72,278.87,248.35,252.78,235.98,154.07,159.35,202.51,247.7,253.03,226.18,231.13,214.14,192.64,172.8,182.0,229.45,206.99,254.24,217.92,0.00076457,0.0010359,0.0010484,0.0011587,0.0010516,0.00082601,0.0012501,0.00097217,0.0013897,0.0010598,0.0014066,0.0015741,0.00098252,0.0012828,0.0010952,0.0017331,0.0013144,0.0014502,0.0014548,0.0010725,0.0020479,0.0016228,0.0012997,0.0017511,0.0014345,0.0018741,0.0015401,0.0018849,0.0013343,0.0018376,0.0014763,0.0014046,0.001023,0.0013793,0.0017485,0.0022114,0.0016997,0.0012772,0.0019993,0.0021068,0.0016639,0.0010934,0.0017308,0.001529,0.0017929,0.0017456,0.0020209,0.0018285,0.0022376,0.0017497,0.0013643,0.0017563,0.0024096,0.0020142,0.0023152,0.001901,0.0020309,0.001315,0.0016349,0.0026343,0.0023701,0.0022106,0.0021079,0.0012986,0.0021014,0.0016822,0.0014813,0.0016766,0.0021872,0.0016459,0.0018693,0.0018095,0.0020529,0.0020871,0.001116,0.0018517,0.0018406,0.0022255,0.0022359,0.002192,0.0013404,0.0021394,0.0022108,0.0017425,0.0012741,0.0016601,0.0014211,0.0018898,0.0020212,0.0018966,0.0020451,0.0018359,0.0015365,0.0021166,0.0015469,0.0018649,0.0017907,0.002264,0.0015439,0.0017601,0.0021215,0.0023132,0.0023218,0.0016432,0.0022619,0.0022679,0.0025845,0.0021963,0.0018058,0.0020157,0.0025115,0.0020318,0.0015448,0.0019567,0.0018615,0.0023603,0.0019953,0.0021793,0.0022404,0.0017555,0.0018476,0.0024463,0.0018333,0.0021351,0.0020116,0.0018324,0.0026257,0.0019047,0.0023701,0.0027113,0.0026432,0.0019782,0.002524,0.001285,0.0020528,0.003082,0.0021374,0.0019547,0.0022846,0.0020107,0.0021251,0.0018011,0.0019532,0.0024576,0.0020014,0.0022455,0.0020714,0.0014657,0.0018885,0.0024177,0.001772,0.002001,0.0021403,0.0017608,0.001187,0.0018526,0.0022298,0.002067,0.0021926,0.0019832,0.0013639,0.0018426,0.0015309,0.0016274,0.0015857,0.0017688,0.0017038,0.0019955,0.0018922,0.001704,0.0019024,0.0015263,0.0018982,0.0014889,0.0017999,0.0017036,0.0017936,0.001538,0.0014554,0.0018753,0.0014827,0.0019871,0.0021923,0.0016445,0.0018806,0.0017632,0.0020567,0.001801,0.001636,0.0018918,0.0016823,0.0019158,0.001916,0.0018455,0.0021639,0.00203,0.0018166,0.0017074,0.0016474,0.0016438,0.0017317,0.0017913,0.0017025,0.0018772,0.0017024,0.0023075,0.0016067,0.0017832,0.0016659,0.0018034,0.0017197,0.0014083,0.0015625,0.0016397,0.0021252,0.0017141,0.0015914,0.0016335,0.0015803,0.0017967,0.0017999,0.0016033,0.0016637,0.0017421,0.0017842,0.0015121,0.0018144,0.0015215,0.0018027,0.0015185,0.0013761,0.0013054,0.0015446,0.0018124,0.0012589,0.0017084,0.0013488,0.0014651,0.0016582,0.0012882,0.0014935,0.0016937,0.0014064,0.0014964,0.0015715,0.0011938,0.0015932,0.0014814,0.0014911,0.0012494,0.0015738,0.0013336,0.0015645,0.0014075,0.00096026,0.0015609,0.0016639,0.0011844,0.0011883,0.0011386,0.0015235,0.0015096,0.0015012,0.001068,0.00095509,0.00095976,0.00099076,0.0014801,0.0014742,0.0010462,0.0012839,0.0010345,0.0010233,0.00086765,0.00082596,0.0011116,0.0011068,0.0013756,0.0012036,1074300.0,1105700.0,792270.0,4276700.0,2284500.0,1150800.0,5856800.0,1513400.0,1879800.0,3242500.0,2966100.0,734830.0,5652900.0,1298400.0,4052200.0,2459600.0,5070500.0,4091400.0,1340500.0,3371900.0,2502600.0,3347400.0,11704000.0,958350.0,6311800.0,749460.0,9101500.0,1591900.0,1841400.0,815570.0,3232100.0,1680500.0,5814300.0,23940000.0,2520900.0,2724900.0,4347000.0,1235900.0,1513400.0,1646200.0,2062700.0,1057700.0,2058300.0,1019200.0,7475600.0,2433400.0,1825600.0,1494000.0,2274900.0,15971000.0,952090.0,7278300.0,3995200.0,706940.0,3910700.0,1079100.0,2657700.0,17679000.0,32102000.0,2373200.0,1720700.0,1532600.0,2840700.0,1036400.0,1926200.0,3409900.0,803840.0,2871900.0,1940600.0,3915400.0,2755300.0,1446400.0,1119200.0,15048000.0,5077600.0,1340600.0,3613400.0,1673300.0,965090.0,2573300.0,3702600.0,1313000.0,893150.0,2116300.0,873820.0,1861100.0,2850800.0,4950200.0,4191200.0,2338500.0,5694300.0,1300700.0,9352900.0,4677300.0,1017700.0,1694700.0,903640.0,1769700.0,3509900.0,9918500.0,1730700.0,16523000.0,1417300.0,9919600.0,1633600.0,3256300.0,1272900.0,1628100.0,12535000.0,5115100.0,2157200.0,3869300.0,2389200.0,1225800.0,656170.0,3373000.0,11659000.0,2413800.0,1291100.0,778800.0,1922000.0,735100.0,1193700.0,2218700.0,8786700.0,4156700.0,2627900.0,3087700.0,2361300.0,1498700.0,773560.0,10411000.0,2404500.0,3548600.0,2073400.0,1371700.0,1031900.0,2014200.0,1052000.0,2853800.0,3921600.0,1159600.0,1477000.0,2103000.0,1521000.0,2210500.0,2422200.0,877170.0,6912100.0,1513500.0,9390500.0,6180200.0,809830.0,10291000.0,814480.0,1274500.0,19279000.0,683650.0,12167000.0,721740.0,5575100.0,3693400.0,3817200.0,2647300.0,5252900.0,4116200.0,4227600.0,964530.0,4135000.0,1638700.0,6369200.0,1506700.0,7610900.0,1080700.0,744550.0,4005200.0,2996600.0,1988300.0,8411500.0,2288700.0,948280.0,1205600.0,3671000.0,3568300.0,1940100.0,1475700.0,747540.0,6807100.0,5275200.0,2336700.0,637470.0,17726000.0,3323000.0,5257900.0,1142200.0,18258000.0,5431600.0,1100100.0,8580600.0,1353300.0,1434500.0,3992400.0,5297000.0,799330.0,1639500.0,973680.0,1778500.0,1568200.0,1456500.0,7851700.0,2342100.0,1425100.0,12280000.0,2793800.0,1238000.0,1263500.0,3260300.0,951930.0,4669600.0,1133200.0,1854600.0,8075300.0,4435100.0,696550.0,1421900.0,10018000.0,5258300.0,5069200.0,15394000.0,3001700.0,1931800.0,2342400.0,2994600.0,3189800.0,1882600.0,1749500.0,2275100.0,1499400.0,7215800.0,652060.0,3656200.0,8296200.0,8910100.0,1863600.0,5378600.0,4029700.0,5011000.0,864140.0,1139900.0,5361500.0,1551600.0,6587500.0,3485200.0,7122400.0,1970700.0,1638700.0,1591200.0,1087700.0,1106100.0,2208100.0,945990.0,5091800.0,3371700.0,4404800.0,3356800.0,2894200.0,2745600.0,15584000.0,14989000.0,6042000.0,4601000.0,2807600.0,6148400.0,3762100.0,1781300.0,2740300.0,1353800.0,4824200.0,3044800.0,1.544,1.8582,4.1663,2.241,2.4801,3.6648,1.2761,2.2392,4.224,1.1978,1.9838,4.2126,2.4641,2.6636,4.3238,0.75449,2.0658,4.223,1.6881,2.5287,3.8754,3.0921,2.8433,5.8668,1.1827,2.0271,4.1924,1.7046,1.7136,4.2423,1.2942,2.2841,4.2845,0.7091,2.0297,4.2101,2.9049,2.8421,4.6609,5.5457,2.7429,1.3588,1.2587,2.812,3.632,0.82656,2.1622,2.9965,2.592,2.1841,4.5795,1.4625,1.6766,3.8911,0.74443,2.6952,3.9027,1.8873,1.8393,3.5392,1.2082,2.3822,3.2485,0.37621,2.293,3.4747,1.8598,1.6258,3.4106,2.0598,2.6615,4.215,1.9124,1.6333,3.3719,1.6539,1.6305,3.9805,0.33608,2.1922,3.1211,2.1156,2.438,4.5351,1.5008,1.7037,3.2792,0.92231,1.9566,2.7533,3.2588,2.8357,6.0287,1.9392,1.8242,3.5185,0.86533,2.7319,2.9134,1.6852,2.5964,4.0051,0.75297,1.8999,2.7384,1.104,2.4141,3.1397,1.9379,1.9272,4.4907,1.8368,1.6503,3.8971,0.63304,2.1412,3.9283,1.4108,2.5579,3.9211,0.98225,2.1601,3.1674,2.639,2.3779,4.3933,2.0115,2.2109,4.7289,1.5472,1.6355,3.9283,1.8901,2.0221,4.4796,1.5018,2.21,3.2274,0.81953,2.2503,2.998,2.4436,2.4935,4.3712,2.0204,2.4974,4.8238,1.9378,2.6203,4.7964,2.6073,2.3728,4.3787,1.2698,2.5262,3.8733,1.8664,2.3371,4.4046,2.584,2.9757,4.4112,0.67856,2.3703,2.6816,1.3678,2.0153,4.6097,1.8543,2.9983,3.7,0.24863,2.3729,3.3684,1.7018,1.6163,4.0814,0.8343,2.2217,3.0644,2.2713,2.3027,4.7142,0.50806,2.3983,3.1263,0.73652,2.2571,3.1351,0.014326,2.8987,1.7345,2.0411,2.218,4.6585,2.523,2.4409,4.3106,2.2818,2.3127,5.1431,1.9188,2.6394,4.1231,1.1207,1.8196,4.0587,4.5109,2.8036,0.71135,0.762,2.193,2.9664,1.4732,2.1376,4.292,1.1739,2.2562,3.559,2.0068,2.6238,4.2699,1.6201,1.5758,4.1446,1.1743,2.5192,3.1322,0.73315,2.5159,3.7359,2.2437,1.818,3.6813,1.3879,2.5407,3.4796,1.3597,2.6004,3.5188,1.3921,1.6312,4.2669,1.9333,2.6392,4.4425,2.0752,2.6285,4.6357,3.3237,2.8371,6.1418,1.7603,1.6104,4.1967,1.9013,1.9275,3.3786,2.5072,2.9454,5.3887,1.1924,2.5801,3.048,2.6835,2.3859,5.0073,1.0059,2.7036,4.2328,1.4292,2.4995,3.5536,0.97128,1.9474,4.158,1.7809,1.6333,4.0604,1.9716,1.9332,3.3933,6.0202,2.8992,2.8508,2.9732,2.2231,4.6727,1.5304,1.9224,4.3974,1.1442,2.5518,3.3568,1.4341,2.469,3.3967,1.7067,1.8778,3.6594,2.0481,2.4603,4.1029,1.087,2.3812,3.2509,2.5058,1.8647,5.3298,0.99691,2.5947,3.2745,1.3583,2.5584,3.3211,0.24238,3.0497,3.1966,0.66318,1.9281,2.7583,1.6629,1.947,4.6183,1.5215,1.7999,4.2139,5.2108,2.7639,1.5844,0.89148,2.2288,2.9492,0.95589,2.7274,4.2255,2.3806,2.4189,3.7071,2.9352,2.2932,4.9703,3.0928,2.5789,4.6195,2.0854,2.3897,4.6095,2.1814,2.2224,4.1711,0.70755,2.2626,3.3242,0.64909,2.4178,3.0526,0.58048,2.261,3.8908,2.4607,2.4402,4.5878,0.70592,2.4504,2.8715,1.2965,1.5684,4.3623,1.5892,1.9227,3.539,0.37841,2.6633,2.2013,3.4229,2.9147,0.27793,0.84847,2.2623,3.0681,1.6256,1.6677,4.166,1.6756,1.9097,3.288,0.78965,2.3497,2.8907,2.238,2.2734,4.9413,1.3418,2.5802,3.2321,1.2864,2.2177,3.6749,0.35646,2.0772,3.3149,1.7222,1.8933,3.4398,2.6345,2.0248,4.1249,2.0418,2.1497,4.9591,1.3927,1.6969,3.8517,0.77105,2.0493,2.825,2.0838,2.1155,5.0836,2.1568,2.2958,4.573,1.5046,2.4615,4.0253,4.0179,2.8432,6.2148,1.8119,2.5045,3.9853,0.61023,1.9953,4.1646,1.1903,2.6167,4.2344,3.2845,2.7789,6.0823,1.7046,1.5654,3.2782,0.27887,2.3892,3.4277,4.8462,3.0022,0.6789,0.43304,2.8258,3.3386,1.1497,2.5478,3.0987,2.2596,2.1855,5.0246,1.6691,2.0493,4.4545,1.6568,1.6192,3.3956,1.8804,2.951,3.4179,0.75042,2.3227,2.9221,0.79534,2.3686,3.0165,0.22519,2.6676,3.3493,1.9827,2.4576,4.2852,0.66978,2.4028,2.8035,1.0146,2.3661,3.584,1.2907,1.7604,4.3275,0.22934,2.355,3.4905,1.694,1.5943,3.276,0.84721,2.2987,2.8695,2.923,2.854,6.0374,1.6846,2.5105,3.9585,2.0329,2.2444,4.6087,2.17,2.6469,5.0601,1.5887,1.9547,3.8063,1.4284,1.764,3.7585,2.3037,2.1437,4.9846,1.4922,2.5659,3.9319,0.46531,2.9977,2.1134,4.4456,2.8894,0.26345,1.3383,2.8465,4.1792,1.8613,1.9815,3.8921,1.1574,2.6732,2.7433,0.073359,2.7761,2.8246,1.0732,2.9169,4.1936,0.47456,2.4304,2.6144,0.85939,2.0834,2.8353,0.54867,2.4888,3.42,1.8185,2.2352,4.3427,1.0697,2.8244,4.2251,0.70828,2.0588,2.9432,2.1167,1.8354,3.7035,1.4231,1.8856,3.7205,2.2476,2.5845,4.7222,1.5449,1.5752,4.199,1.268,2.1365,3.2391,0.74775,2.1027,2.9965,0.73726,2.2566,2.6403,1.7966,2.3894,4.1877,2.2248,2.5688,4.903,0.59506,2.0735,2.9326,1.7358,1.801,3.2907,0.88505,2.9781,2.6172,0.53106,2.5288,2.5889,3.2526,2.7227,6.2013,6.2525,2.8703,2.6899,4.1073,2.8802,6.0763,2.4105,2.237,3.7293,1.4903,3.0574,4.5082,1.2377,2.4502,3.4956,6.1217,3.1088,2.821,2.3746,2.1752,3.7372,1.319,1.8441,3.7097,2.3835,2.329,4.641,2.5999,2.7297,4.2585,1.2571,2.7154,4.3158,1.6672,1.9328,3.8098,1.2124,2.7439,3.7769,2.3292,2.3358,4.9174,1.3813,2.6003,3.3651,2.151,2.3028,4.0577,0.818,1.9766,3.3912,2.4241,2.3101,3.8103,2.3401,2.34,3.7258,2.3028,2.0085,5.082,2.6157,2.2909,4.8293,2.4037,2.2413,3.7908,1.4467,1.6131,3.9249,2.3245,2.5799,4.911,1.7314,1.9441,3.8542,0.82012,2.1136,4.1343,1.5774,1.8466,4.3465,2.3002,2.5451,4.95,1.4465,2.3995,3.2536,5.8344,2.814,2.1136,1.8631,1.7494,3.5283,1.9317,2.8994,4.1593,2.1212,1.9954,4.84,1.1866,2.6277,4.3742,2.0157,2.1586,4.9497,1.6568,1.7788,3.929,1.6357,1.9979,3.3252,1.159,2.7252,3.7289,1.0448,2.8507,3.8258,1.5755,2.4949,3.9211,1.1664,2.6719,3.681,1.7577,1.7456,4.0808,0.7287,2.4469,2.8149,1.8298,2.1404,4.4172,0.1031,2.7792,3.0113,1.0377,1.95,4.3414,0.98302,2.2788,3.0842,1.5825,2.4076,4.5604,1.0077,2.0788,2.8311,0.80191,2.0086,2.684,1.694,1.7609,3.9358,0.86563,2.4383,2.9216,1.3102,1.5807,3.8408,2.7713,2.6113,4.6127,1.0445,2.2387,3.6382,1.1793,2.7226,3.6898,2.0073,1.9987,4.4751,1.0056,1.96,4.2398,1.9105,1.6452,3.4347,1.7261,2.5004,3.971,2.2606,2.5338,4.875,2.0556,2.3533,3.5956,1.2074,3.0557,3.4625,1.3974,1.4447,4.2549,0.71344,2.9773,3.6567,1.6506,1.7219,4.243,0.8048,1.9999,2.7184,0.54336,2.2225,4.0545,2.595,2.5994,4.5238,2.0201,2.1024,3.4521,1.374,2.8809,3.532,1.0877,2.2306,3.6149,2.54,2.0415,4.4807,1.5041,1.7365,4.4197,1.5934,2.586,3.5664,2.0724,2.2897,4.0622,2.7125,2.3001,4.963,0.44822,2.4986,2.9296
0.20169,0.31968,0.0073422,252.93,286.12,198.26,0.0014391,0.0017052,0.0010009,208.76,227.65,234.47,222.59,218.95,175.42,239.1,228.89,270.49,225.81,268.69,287.39,198.61,239.62,226.58,297.36,227.16,260.67,230.08,174.48,353.28,246.03,207.25,254.74,209.79,288.29,268.76,329.85,179.09,277.05,240.44,227.69,143.79,248.87,288.04,367.97,276.04,206.52,331.67,365.36,297.36,192.4,269.83,204.29,295.81,283.69,328.82,328.66,376.88,293.23,284.03,281.4,403.73,374.03,394.8,299.57,349.16,298.21,236.95,441.06,395.36,373.69,350.82,195.73,307.73,255.19,250.17,228.84,353.71,260.13,289.03,262.84,354.43,342.2,252.23,283.35,295.41,358.18,359.21,346.82,244.99,309.55,342.28,286.81,307.15,218.58,323.83,288.2,337.92,291.92,325.22,319.08,300.44,334.0,300.21,275.47,283.62,356.43,276.59,270.18,414.95,384.17,383.16,274.42,366.42,476.25,447.38,345.14,262.67,332.73,420.12,304.32,326.1,322.32,282.24,390.36,328.87,383.35,412.3,360.54,388.88,425.28,401.56,320.43,363.82,399.12,478.35,274.87,507.5,483.16,433.64,329.76,472.35,311.33,317.77,639.32,366.03,389.6,385.13,374.91,354.89,280.05,347.74,413.81,289.5,472.48,344.78,327.47,391.12,469.61,271.77,306.54,392.3,268.3,151.39,320.62,379.77,335.54,487.14,393.81,211.99,296.33,218.72,233.15,275.75,293.68,238.98,323.89,301.77,243.48,287.52,257.28,301.53,205.22,279.88,271.03,261.41,238.61,230.58,324.33,228.96,335.89,377.93,266.05,294.88,252.02,331.78,292.47,238.06,324.61,338.12,295.03,306.45,294.54,321.46,337.99,280.95,496.73,241.17,266.21,273.08,276.67,259.54,294.91,284.45,354.61,275.54,261.17,268.75,330.88,279.08,201.97,229.81,272.1,354.68,267.76,236.21,287.63,254.19,285.19,281.58,255.85,271.14,287.47,289.6,225.4,294.66,228.43,304.83,229.22,239.76,197.94,278.76,283.66,181.43,286.08,229.93,185.16,268.3,195.92,232.31,279.86,197.28,253.01,267.0,203.53,265.51,257.28,236.27,190.08,250.2,215.43,252.98,244.25,168.02,290.83,292.56,213.57,173.47,207.95,279.2,248.74,253.03,236.15,154.19,159.5,202.69,247.97,253.31,226.31,231.37,214.31,192.85,172.99,182.16,229.62,207.1,254.54,218.09,0.00076397,0.0010356,0.0010499,0.0011596,0.0010535,0.00082702,0.001249,0.00097238,0.0013911,0.0010611,0.0014096,0.0015786,0.00098385,0.0012857,0.0010963,0.0017366,0.0013148,0.0014529,0.0014585,0.0010738,0.0020513,0.0016229,0.0012999,0.0017515,0.001434,0.0018772,0.0015434,0.0018882,0.0013368,0.0018377,0.0014777,0.0014081,0.0010238,0.0013832,0.0017504,0.0022148,0.0017027,0.0012754,0.0020045,0.0021114,0.0016681,0.0010957,0.0017364,0.0015311,0.0017967,0.0017491,0.0020254,0.0018326,0.0022437,0.0017538,0.0013692,0.0017602,0.0024165,0.0020163,0.002321,0.0019066,0.0020349,0.0013219,0.001637,0.0026406,0.002374,0.0022108,0.0021119,0.0013002,0.0021053,0.0016849,0.0014858,0.0016804,0.002192,0.0016512,0.001874,0.0018125,0.0020585,0.0020929,0.0011306,0.0018567,0.0018433,0.002231,0.0022419,0.0021962,0.001346,0.0021481,0.0022162,0.0017445,0.0012815,0.0016642,0.0014281,0.0018935,0.0020263,0.0019014,0.002051,0.0018442,0.0015405,0.0021213,0.0015526,0.0018674,0.001795,0.0022686,0.0015475,0.0017663,0.0021309,0.002319,0.0023318,0.0016485,0.0022667,0.0022775,0.0025914,0.0022033,0.0018115,0.0020204,0.0025174,0.0020372,0.0015586,0.0019628,0.0018657,0.0023672,0.0020022,0.0021892,0.0022484,0.001761,0.0018598,0.0024538,0.0018454,0.0021403,0.0020183,0.0018427,0.0026406,0.0019093,0.0023823,0.0027178,0.0026514,0.0019841,0.0025338,0.0012991,0.0020593,0.0030945,0.0021443,0.0019679,0.0022916,0.0020183,0.0021315,0.0018053,0.0019596,0.0024642,0.0020062,0.0022578,0.0020748,0.0014708,0.0018984,0.0024281,0.0017767,0.0020061,0.0021476,0.0017657,0.0011893,0.0018595,0.0022359,0.0020702,0.0022047,0.0019844,0.0013667,0.0018464,0.0015336,0.0016308,0.0015912,0.0017726,0.0017073,0.0019983,0.0018965,0.0017065,0.0019063,0.0015294,0.0019021,0.0014924,0.0018034,0.0017058,0.0017959,0.0015404,0.001458,0.0018775,0.0014855,0.0019913,0.0021956,0.0016452,0.001885,0.0017663,0.0020616,0.0018049,0.0016386,0.0018961,0.0016838,0.00192,0.0019201,0.0018489,0.0021684,0.0020339,0.0018199,0.0017126,0.0016501,0.0016454,0.0017351,0.001795,0.0017043,0.0018801,0.0017054,0.0023118,0.0016094,0.0017863,0.0016683,0.0018075,0.001723,0.00141,0.0015647,0.0016419,0.0021297,0.0017183,0.0015943,0.0016351,0.0015823,0.0017988,0.0018027,0.001606,0.001666,0.0017445,0.0017858,0.0015143,0.0018181,0.0015232,0.0018061,0.0015204,0.0013778,0.0013072,0.001547,0.0018154,0.0012596,0.0017102,0.0013504,0.0014669,0.0016603,0.0012901,0.0014956,0.0016963,0.0014084,0.0014975,0.0015729,0.0011946,0.0015955,0.0014831,0.0014931,0.0012506,0.0015759,0.0013351,0.0015663,0.0014094,0.00096126,0.0015624,0.0016662,0.0011857,0.0011893,0.0011399,0.0015252,0.0015117,0.0015024,0.001069,0.00095602,0.0009606,0.00099164,0.0014818,0.0014757,0.001047,0.0012852,0.0010354,0.0010245,0.00086866,0.00082679,0.0011125,0.0011075,0.0013771,0.0012047,1074300.0,1105700.0,792270.0,4276700.0,2284500.0,1150800.0,5856800.0,1513400.0,1879800.0,3242500.0,2966100.0,734830.0,5652900.0,1298400.0,4052200.0,2459600.0,5070500.0,4091400.0,1340500.0,3371900.0,2502600.0,3347400.0,11704000.0,958350.0,6311800.0,749460.0,9101500.0,1591900.0,1841400.0,815570.0,3232100.0,1680500.0,5814300.0,23940000.0,2520900.0,2724900.0,4347000.0,1235900.0,1513400.0,1646200.0,2062700.0,1057700.0,2058300.0,1019200.0,7475600.0,2433400.0,1825600.0,1494000.0,2274900.0,15971000.0,952090.0,7278300.0,3995200.0,706940.0,3910700.0,1079100.0,2657700.0,17679000.0,32102000.0,2373200.0,1720700.0,1532600.0,2840700.0,1036400.0,1926200.0,3409900.0,803840.0,2871900.0,1940600.0,3915400.0,2755300.0,1446400.0,1119200.0,15048000.0,5077600.0,1340600.0,3613400.0,1673300.0,965090.0,2573300.0,3702600.0,1313000.0,893150.0,2116300.0,873820.0,1861100.0,2850800.0,4950200.0,4191200.0,2338500.0,5694300.0,1300700.0,9352900.0,4677300.0,1017700.0,1694700.0,903640.0,1769700.0,3509900.0,9918500.0,1730700.0,16523000.0,1417300.0,9919600.0,1633600.0,3256300.0,1272900.0,1628100.0,12535000.0,5115100.0,2157200.0,3869300.0,2389200.0,1225800.0,656170.0,3373000.0,11659000.0,2413800.0,1291100.0,778800.0,1922000.0,735100.0,1193700.0,2218700.0,8786700.0,4156700.0,2627900.0,3087700.0,2361300.0,1498700.0,773560.0,10411000.0,2404500.0,3548600.0,2073400.0,1371700.0,1031900.0,2014200.0,1052000.0,2853800.0,3921600.0,1159600.0,1477000.0,2103000.0,1521000.0,2210500.0,2422200.0,877170.0,6912100.0,1513500.0,9390500.0,6180200.0,809830.0,10291000.0,814480.0,1274500.0,19279000.0,683650.0,12167000.0,721740.0,5575100.0,3693400.0,3817200.0,2647300.0,5252900.0,4116200.0,4227600.0,964530.0,4135000.0,1638700.0,6369200.0,1506700.0,7610900.0,1080700.0,744550.0,4005200.0,2996600.0,1988300.0,8411500.0,2288700.0,948280.0,1205600.0,3671000.0,3568300.0,1940100.0,1475700.0,747540.0,6807100.0,5275200.0,2336700.0,637470.0,17726000.0,3323000.0,5257900.0,1142200.0,18258000.0,5431600.0,1100100.0,8580600.0,1353300.0,1434500.0,3992400.0,5297000.0,799330.0,1639500.0,973680.0,1778500.0,1568200.0,1456500.0,7851700.0,2342100.0,1425100.0,12280000.0,2793800.0,1238000.0,1263500.0,3260300.0,951930.0,4669600.0,1133200.0,1854600.0,8075300.0,4435100.0,696550.0,1421900.0,10018000.0,5258300.0,5069200.0,15394000.0,3001700.0,1931800.0,2342400.0,2994600.0,3189800.0,1882600.0,1749500.0,2275100.0,1499400.0,7215800.0,652060.0,3656200.0,8296200.0,8910100.0,1863600.0,5378600.0,4029700.0,5011000.0,864140.0,1139900.0,5361500.0,1551600.0,6587500.0,3485200.0,7122400.0,1970700.0,1638700.0,1591200.0,1087700.0,1106100.0,2208100.0,945990.0,5091800.0,3371700.0,4404800.0,3356800.0,2894200.0,2745600.0,15584000.0,14989000.0,6042000.0,4601000.0,2807600.0,6148400.0,3762100.0,1781300.0,2740300.0,1353800.0,4824200.0,3044800.0,1.5441,1.8582,4.1663,2.241,2.4801,3.6648,1.2761,2.2392,4.224,1.1976,1.9838,4.2125,2.4638,2.6636,4.3239,0.75411,2.0658,4.2231,1.6888,2.5288,3.8753,3.0924,2.8433,5.8669,1.1825,2.0271,4.1922,1.7043,1.7135,4.2423,1.2943,2.2844,4.2848,0.70837,2.0296,4.2101,2.9046,2.8421,4.6613,5.5448,2.7426,1.3582,1.2588,2.8118,3.6322,0.826,2.1622,2.9964,2.5926,2.1847,4.5802,1.4625,1.6765,3.891,0.74521,2.6957,3.9032,1.8869,1.8396,3.5395,1.2085,2.382,3.249,0.37655,2.2931,3.4741,1.8601,1.6256,3.4108,2.0601,2.6609,4.2146,1.9129,1.6332,3.3719,1.6544,1.6304,3.9808,0.33599,2.1925,3.1209,2.116,2.4382,4.5356,1.5009,1.7037,3.2795,0.92296,1.9569,2.7533,3.2596,2.8356,6.0294,1.9392,1.8244,3.5186,0.86478,2.7321,2.9135,1.6848,2.5964,4.0052,0.75355,1.8999,2.7382,1.1038,2.4141,3.1399,1.9379,1.9273,4.4906,1.8378,1.6502,3.8972,0.63354,2.1409,3.9293,1.4119,2.5582,3.922,0.98213,2.1604,3.167,2.6397,2.3783,4.3939,2.0114,2.2109,4.7289,1.5475,1.6351,3.9284,1.8902,2.0227,4.4795,1.502,2.2102,3.2273,0.81963,2.2507,2.9972,2.4437,2.4943,4.3712,2.0211,2.4968,4.8235,1.938,2.6203,4.7961,2.6077,2.3733,4.3793,1.2697,2.5265,3.8733,1.8676,2.3376,4.4051,2.5877,2.9754,4.4137,0.67961,2.3699,2.6825,1.3668,2.0151,4.6099,1.8538,2.998,3.6987,0.24804,2.3728,3.3686,1.7021,1.6162,4.0814,0.835,2.2223,3.0646,2.2716,2.3027,4.7144,0.50624,2.398,3.1264,0.73532,2.2574,3.1347,0.014288,2.8987,1.7337,2.042,2.2188,4.6592,2.5229,2.4416,4.3111,2.2813,2.3128,5.1431,1.9183,2.6389,4.1224,1.1206,1.8193,4.0593,4.5105,2.803,0.71206,0.76186,2.1931,2.9662,1.4737,2.1379,4.2921,1.1742,2.2572,3.5592,2.0062,2.6235,4.2693,1.6203,1.5759,4.1445,1.174,2.519,3.1325,0.7328,2.5165,3.7358,2.2442,1.8178,3.6812,1.3876,2.5408,3.4798,1.3599,2.6003,3.5186,1.3919,1.6311,4.2667,1.9333,2.6387,4.442,2.0763,2.6275,4.6361,3.3228,2.8374,6.1418,1.7613,1.61,4.1969,1.9022,1.9273,3.3781,2.5081,2.945,5.389,1.1922,2.5801,3.0478,2.6833,2.3856,5.0071,1.0066,2.7042,4.2336,1.4292,2.4994,3.5539,0.97181,1.9478,4.1586,1.7809,1.6335,4.0603,1.9721,1.9333,3.3934,6.0211,2.8991,2.8513,2.974,2.2229,4.6727,1.5315,1.9221,4.3981,1.1449,2.5514,3.3569,1.4344,2.4691,3.397,1.707,1.8776,3.6593,2.0485,2.4604,4.1036,1.087,2.3815,3.2511,2.5061,1.8638,5.3303,0.99705,2.5942,3.2744,1.3576,2.5586,3.3207,0.24254,3.0498,3.1967,0.66343,1.9288,2.7578,1.6627,1.9468,4.619,1.5221,1.7995,4.2141,5.2106,2.7631,1.5843,0.89204,2.2292,2.9497,0.95674,2.7279,4.2265,2.3805,2.4185,3.7075,2.9356,2.2932,4.9703,3.0937,2.5785,4.6199,2.0862,2.3895,4.61,2.1814,2.2228,4.1711,0.70772,2.2631,3.3246,0.64992,2.4179,3.0527,0.58074,2.2617,3.8909,2.4607,2.4403,4.5873,0.7054,2.4508,2.8705,1.2961,1.5682,4.3623,1.5892,1.9223,3.5396,0.37938,2.6634,2.2021,3.4226,2.9144,0.27759,0.84816,2.2621,3.068,1.6255,1.6676,4.1663,1.6758,1.9101,3.2886,0.79044,2.3494,2.8913,2.2386,2.273,4.9413,1.3424,2.5803,3.2327,1.287,2.218,3.6758,0.35634,2.0769,3.3156,1.7225,1.893,3.4399,2.6347,2.0243,4.1254,2.0415,2.1498,4.959,1.3933,1.6969,3.8519,0.77104,2.0499,2.8257,2.0841,2.1152,5.084,2.1567,2.2959,4.5735,1.5047,2.462,4.0258,4.0167,2.8418,6.2136,1.8114,2.5048,3.9848,0.60943,1.9956,4.1648,1.1897,2.6165,4.2341,3.2838,2.7785,6.0825,1.7045,1.5655,3.2782,0.27917,2.3895,3.4281,4.845,3.0022,0.67763,0.43303,2.8261,3.3395,1.1493,2.548,3.0994,2.2596,2.1854,5.0251,1.6699,2.0491,4.4549,1.6567,1.6192,3.3958,1.882,2.9512,3.4191,0.75036,2.3224,2.9223,0.79502,2.3681,3.0166,0.22488,2.6678,3.3493,1.9832,2.4578,4.2853,0.6701,2.4025,2.8036,1.0148,2.3667,3.5838,1.2908,1.7602,4.3277,0.22929,2.3551,3.4911,1.6939,1.5944,3.2759,0.84783,2.2983,2.8698,2.9224,2.8539,6.0376,1.6834,2.5102,3.9582,2.0328,2.2447,4.6087,2.1686,2.6466,5.0594,1.588,1.9547,3.8061,1.4287,1.7636,3.7588,2.3037,2.1437,4.9845,1.4921,2.5656,3.9315,0.4649,2.9975,2.1126,4.4449,2.889,0.26331,1.3381,2.8467,4.1787,1.8608,1.9816,3.892,1.1567,2.6732,2.7427,0.072036,2.7758,2.8242,1.0735,2.917,4.1937,0.47439,2.4299,2.6147,0.85944,2.0837,2.8351,0.54899,2.4888,3.4204,1.8194,2.2355,4.343,1.069,2.8246,4.2247,0.70871,2.0592,2.9426,2.117,1.8353,3.7031,1.4234,1.8858,3.7208,2.2466,2.5839,4.7211,1.5455,1.5752,4.199,1.2677,2.1365,3.2394,0.74822,2.1032,2.9962,0.73722,2.2561,2.6404,1.7967,2.3896,4.1879,2.2242,2.5683,4.9027,0.595,2.0737,2.9322,1.7357,1.8014,3.2907,0.88568,2.978,2.6175,0.53077,2.529,2.5888,3.253,2.7226,6.2019,6.2532,2.8704,2.691,4.1058,2.8798,6.0746,2.4107,2.2361,3.7292,1.4909,3.0573,4.5097,1.2374,2.4503,3.4959,6.118,3.1089,2.8183,2.3745,2.1749,3.7369,1.3192,1.8441,3.7098,2.3831,2.329,4.6414,2.5995,2.7301,4.2592,1.257,2.7155,4.3155,1.6664,1.9326,3.8094,1.2129,2.7437,3.7776,2.3288,2.3354,4.9169,1.3804,2.5999,3.3652,2.1507,2.3033,4.0574,0.81797,1.9767,3.3912,2.424,2.3095,3.8105,2.3399,2.3396,3.7257,2.3032,2.0088,5.0825,2.6153,2.2909,4.8294,2.4039,2.2413,3.7907,1.447,1.6132,3.9252,2.3239,2.5794,4.9107,1.7307,1.9441,3.8539,0.8202,2.1135,4.1347,1.5771,1.8467,4.3468,2.2998,2.5444,4.9501,1.4464,2.3995,3.2536,5.834,2.8137,2.1132,1.8631,1.7493,3.5284,1.9314,2.8988,4.1585,2.1216,1.9957,4.8401,1.187,2.6279,4.3746,2.0163,2.1587,4.95,1.657,1.7787,3.9288,1.6359,1.9978,3.3249,1.1594,2.7252,3.7293,1.0451,2.8507,3.8257,1.5761,2.4951,3.9213,1.1664,2.6715,3.6809,1.7574,1.7454,4.0807,0.72813,2.4468,2.8151,1.8296,2.1407,4.4174,0.10307,2.7791,3.012,1.0374,1.95,4.3417,0.9831,2.2786,3.0844,1.5823,2.4076,4.5603,1.0078,2.0788,2.8311,0.80215,2.0086,2.6838,1.6943,1.7607,3.9357,0.86529,2.4382,2.9222,1.3099,1.5806,3.8408,2.7713,2.6114,4.6126,1.0443,2.2392,3.6381,1.1795,2.7223,3.6899,2.0074,1.9988,4.4752,1.0053,1.96,4.2397,1.9107,1.6452,3.4346,1.7264,2.5005,3.9709,2.2611,2.5337,4.8748,2.0553,2.3532,3.5953,1.2073,3.0556,3.4625,1.3972,1.4448,4.2549,0.71368,2.9772,3.6567,1.6507,1.7218,4.243,0.80502,1.9999,2.7183,0.54288,2.2226,4.0549,2.5946,2.5994,4.5239,2.0202,2.1024,3.4522,1.374,2.8807,3.5319,1.0877,2.2308,3.6148,2.54,2.0417,4.4808,1.5042,1.7365,4.4197,1.5933,2.5859,3.5664,2.0725,2.2897,4.0622,2.7126,2.2998,4.9629,0.44826,2.4985,2.9295
0.20313,0.32197,0.0073796,253.49,287.01,198.27,0.0014421,0.00171,0.001001,208.51,227.54,234.99,222.7,219.49,175.44,238.73,228.8,270.63,226.15,269.38,288.45,198.85,240.32,226.78,298.19,227.12,261.13,230.81,174.53,354.1,245.92,207.14,254.48,209.57,288.92,269.45,330.68,179.5,276.9,240.76,228.4,143.63,249.81,288.4,368.82,276.68,206.18,332.85,366.5,297.92,193.06,271.41,204.65,296.6,284.49,329.63,329.63,378.21,294.03,285.09,282.2,405.69,374.58,396.16,300.61,350.02,300.34,237.5,442.67,396.79,374.46,351.82,196.31,308.79,255.74,251.38,229.42,354.99,261.32,290.32,263.49,355.48,343.95,256.37,284.57,295.79,359.37,360.51,347.8,246.51,311.3,343.24,286.88,308.75,219.41,326.09,289.01,339.16,292.85,326.64,321.09,301.57,334.97,301.8,275.76,284.55,357.4,278.05,271.32,417.58,385.52,385.62,275.56,367.61,478.69,448.82,346.74,263.81,333.6,421.4,305.5,329.22,323.84,282.85,392.05,330.41,386.08,414.4,361.7,393.74,427.24,404.6,321.8,365.58,401.86,482.23,275.74,510.75,484.56,435.66,331.3,475.06,316.01,319.17,642.31,367.99,392.56,386.66,377.02,356.19,280.97,348.81,415.12,290.51,475.64,345.22,329.46,393.75,472.15,272.71,307.56,393.74,269.28,151.45,322.19,381.42,336.32,490.15,394.3,212.21,297.09,219.25,233.74,277.13,294.27,239.62,324.34,302.79,243.87,288.16,257.92,302.44,206.05,280.45,271.34,261.88,239.09,231.02,324.75,229.52,336.86,378.61,266.33,295.88,252.43,332.46,293.2,238.43,325.55,338.69,295.89,307.19,295.25,322.46,338.82,281.67,498.51,241.74,266.7,273.95,277.39,259.68,295.49,285.18,355.91,276.36,261.89,269.16,331.96,279.88,202.28,230.23,272.64,355.71,268.54,236.7,287.95,254.59,285.71,282.1,256.33,271.59,287.75,289.88,225.76,295.43,228.7,305.52,229.58,240.05,198.31,279.25,284.18,181.58,286.46,230.29,185.37,268.66,196.22,232.66,280.32,197.56,253.23,267.34,203.66,265.91,257.58,236.58,190.25,250.53,215.7,253.35,244.6,168.16,291.12,292.87,213.76,173.52,208.15,279.52,249.12,253.29,236.33,154.28,159.61,202.81,248.24,253.56,226.41,231.57,214.39,192.99,173.12,182.25,229.73,207.14,254.84,218.19,0.00076226,0.0010344,0.0010516,0.0011602,0.0010559,0.00082708,0.0012467,0.00097184,0.0013924,0.0010627,0.0014138,0.0015848,0.00098487,0.0012897,0.0010973,0.0017414,0.0013148,0.0014562,0.0014635,0.0010745,0.0020556,0.0016223,0.0012992,0.0017508,0.0014324,0.0018815,0.0015479,0.0018928,0.00134,0.001837,0.0014797,0.0014131,0.0010234,0.001388,0.0017523,0.0022197,0.0017066,0.0012699,0.0020108,0.002118,0.0016728,0.0010987,0.0017443,0.0015343,0.0018012,0.001754,0.0020316,0.0018391,0.0022512,0.0017589,0.0013751,0.0017657,0.0024264,0.0020212,0.0023289,0.0019133,0.0020411,0.0013303,0.0016387,0.0026498,0.0023793,0.0022159,0.0021174,0.0013023,0.0021116,0.0016884,0.0014917,0.001685,0.0021994,0.0016579,0.0018804,0.0018164,0.002066,0.0021002,0.0011484,0.0018638,0.0018481,0.0022386,0.0022499,0.0022026,0.0013528,0.002158,0.0022233,0.001748,0.0012899,0.0016694,0.001437,0.0018979,0.0020336,0.0019081,0.0020587,0.0018547,0.0015454,0.002127,0.0015597,0.0018701,0.0017998,0.0022747,0.001551,0.001773,0.0021426,0.0023273,0.0023451,0.0016551,0.0022728,0.0022907,0.0026013,0.002212,0.0018184,0.0020265,0.0025253,0.0020448,0.0015724,0.0019705,0.0018707,0.0023769,0.0020099,0.0022029,0.0022592,0.0017666,0.0018778,0.0024651,0.0018605,0.0021476,0.0020265,0.001857,0.0026605,0.0019149,0.0023986,0.0027266,0.0026629,0.0019916,0.0025468,0.0013111,0.0020678,0.0031122,0.0021539,0.0019841,0.0023005,0.0020285,0.0021397,0.0018105,0.0019673,0.002472,0.0020127,0.0022736,0.0020798,0.0014784,0.0019108,0.0024403,0.0017832,0.002012,0.0021561,0.0017707,0.0011909,0.0018677,0.0022442,0.0020745,0.0022199,0.0019858,0.0013683,0.001851,0.0015371,0.0016341,0.0015982,0.0017768,0.0017119,0.0020015,0.0019015,0.00171,0.0019108,0.0015334,0.0019069,0.0014968,0.0018076,0.0017078,0.0017984,0.0015425,0.0014607,0.001881,0.0014887,0.0019963,0.0021994,0.0016445,0.0018904,0.0017692,0.0020675,0.0018093,0.0016415,0.0019014,0.0016845,0.001925,0.0019251,0.001853,0.002174,0.0020387,0.0018245,0.0017205,0.0016531,0.001648,0.0017395,0.0017996,0.0017059,0.0018831,0.0017092,0.0023176,0.0016124,0.0017908,0.0016714,0.0018131,0.0017276,0.0014122,0.0015674,0.0016453,0.0021358,0.0017229,0.0015976,0.0016373,0.0015843,0.0018014,0.0018064,0.001609,0.001669,0.0017478,0.0017876,0.0015167,0.0018226,0.001525,0.0018101,0.0015224,0.0013795,0.0013092,0.0015497,0.0018191,0.0012603,0.0017124,0.0013522,0.0014689,0.001663,0.001292,0.0014978,0.0016993,0.0014108,0.0014986,0.0015746,0.0011957,0.0015981,0.0014846,0.0014951,0.0012516,0.001578,0.0013368,0.0015684,0.0014113,0.00096194,0.0015644,0.0016686,0.0011867,0.0011897,0.0011408,0.0015268,0.0015138,0.0015036,0.0010698,0.00095671,0.00096106,0.00099207,0.0014834,0.0014769,0.0010474,0.001286,0.0010356,0.001025,0.00086912,0.00082701,0.0011129,0.0011077,0.0013785,0.0012053,1074300.0,1105700.0,792270.0,4276700.0,2284500.0,1150800.0,5856800.0,1513400.0,1879800.0,3242500.0,2966100.0,734830.0,5652900.0,1298400.0,4052200.0,2459600.0,5070500.0,4091400.0,1340500.0,3371900.0,2502600.0,3347400.0,11704000.0,958350.0,6311800.0,749460.0,9101500.0,1591900.0,1841400.0,815570.0,3232100.0,1680500.0,5814300.0,23940000.0,2520900.0,2724900.0,4347000.0,1235900.0,1513400.0,1646200.0,2062700.0,1057700.0,2058300.0,1019200.0,7475600.0,2433400.0,1825600.0,1494000.0,2274900.0,15971000.0,952090.0,7278300.0,3995200.0,706940.0,3910700.0,1079100.0,2657700.0,17679000.0,32102000.0,2373200.0,1720700.0,1532600.0,2840700.0,1036400.0,1926200.0,3409900.0,803840.0,2871900.0,1940600.0,3915400.0,2755300.0,1446400.0,1119200.0,15048000.0,5077600.0,1340600.0,3613400.0,1673300.0,965090.0,2573300.0,3702600.0,1313000.0,893150.0,2116300.0,873820.0,1861100.0,2850800.0,4950200.0,4191200.0,2338500.0,5694300.0,1300700.0,9352900.0,4677300.0,1017700.0,1694700.0,903640.0,1769700.0,3509900.0,9918500.0,1730700.0,16523000.0,1417300.0,9919600.0,1633600.0,3256300.0,1272900.0,1628100.0,12535000.0,5115100.0,2157200.0,3869300.0,2389200.0,1225800.0,656170.0,3373000.0,11659000.0,2413800.0,1291100.0,778800.0,1922000.0,735100.0,1193700.0,2218700.0,8786700.0,4156700.0,2627900.0,3087700.0,2361300.0,1498700.0,773560.0,10411000.0,2404500.0,3548600.0,2073400.0,1371700.0,1031900.0,2014200.0,1052000.0,2853800.0,3921600.0,1159600.0,1477000.0,2103000.0,1521000.0,2210500.0,2422200.0,877170.0,6912100.0,1513500.0,9390500.0,6180200.0,809830.0,10291000.0,814480.0,1274500.0,19279000.0,683650.0,12167000.0,721740.0,5575100.0,3693400.0,3817200.0,2647300.0,5252900.0,4116200.0,4227600.0,964530.0,4135000.0,1638700.0,6369200.0,1506700.0,7610900.0,1080700.0,744550.0,4005200.0,2996600.0,1988300.0,8411500.0,2288700.0,948280.0,1205600.0,3671000.0,3568300.0,1940100.0,1475700.0,747540.0,6807100.0,5275200.0,2336700.0,637470.0,17726000.0,3323000.0,5257900.0,1142200.0,18258000.0,5431600.0,1100100.0,8580600.0,1353300.0,1434500.0,3992400.0,5297000.0,799330.0,1639500.0,973680.0,1778500.0,1568200.0,1456500.0,7851700.0,2342100.0,1425100.0,12280000.0,2793800.0,1238000.0,1263500.0,3260300.0,951930.0,4669600.0,1133200.0,1854600.0,8075300.0,4435100.0,696550.0,1421900.0,10018000.0,5258300.0,5069200.0,15394000.0,3001700.0,1931800.0,2342400.0,2994600.0,3189800.0,1882600.0,1749500.0,2275100.0,1499400.0,7215800.0,652060.0,3656200.0,8296200.0,8910100.0,1863600.0,5378600.0,4029700.0,5011000.0,864140.0,1139900.0,5361500.0,1551600.0,6587500.0,3485200.0,7122400.0,1970700.0,1638700.0,1591200.0,1087700.0,1106100.0,2208100.0,945990.0,5091800.0,3371700.0,4404800.0,3356800.0,2894200.0,2745600.0,15584000.0,14989000.0,6042000.0,4601000.0,2807600.0,6148400.0,3762100.0,1781300.0,2740300.0,1353800.0,4824200.0,3044800.0,1.5443,1.8583,4.1663,2.2411,2.4802,3.6648,1.2761,2.2393,4.224,1.1973,1.9836,4.2124,2.4635,2.6636,4.324,0.75353,2.0659,4.2232,1.6897,2.529,3.8752,3.0927,2.8432,5.8669,1.1821,2.027,4.192,1.704,1.7134,4.2422,1.2946,2.2849,4.2853,0.70724,2.0293,4.2102,2.9042,2.8421,4.6618,5.5435,2.7423,1.3574,1.2591,2.8114,3.6324,0.82515,2.1622,2.9962,2.5934,2.1856,4.5812,1.4624,1.6764,3.8909,0.74638,2.6965,3.9038,1.8861,1.84,3.54,1.2089,2.3818,3.2497,0.37706,2.2932,3.4732,1.8606,1.6254,3.411,2.0604,2.6599,4.214,1.9137,1.633,3.3719,1.6553,1.6301,3.9812,0.33585,2.1928,3.1205,2.1166,2.4384,4.5364,1.5011,1.7039,3.28,0.92392,1.9575,2.7532,3.2607,2.8355,6.0303,1.9392,1.8247,3.5188,0.86397,2.7324,2.9136,1.6841,2.5965,4.0052,0.7544,1.8999,2.7379,1.1036,2.414,3.1401,1.938,1.9275,4.4905,1.8392,1.6501,3.8973,0.63427,2.1404,3.9309,1.4136,2.5586,3.9233,0.98195,2.1609,3.1663,2.6408,2.3789,4.3948,2.0112,2.2109,4.729,1.548,1.6346,3.9284,1.8903,2.0237,4.4794,1.5023,2.2105,3.2271,0.81976,2.2514,2.9959,2.4438,2.4954,4.3712,2.0222,2.4959,4.8232,1.9382,2.6203,4.7956,2.6083,2.3741,4.3802,1.2696,2.5269,3.8732,1.8695,2.3383,4.4058,2.5931,2.975,4.4176,0.68116,2.3692,2.684,1.3653,2.0149,4.6102,1.853,2.9975,3.6968,0.24716,2.3725,3.3687,1.7025,1.6161,4.0815,0.83605,2.2231,3.0647,2.2721,2.3027,4.7146,0.50358,2.3975,3.1266,0.73356,2.2579,3.134,0.01425,2.8988,1.7324,2.0435,2.2199,4.6601,2.5229,2.4427,4.3118,2.2806,2.3129,5.1432,1.9175,2.6382,4.1215,1.1204,1.8188,4.0603,4.51,2.8022,0.71312,0.76164,2.1933,2.9658,1.4744,2.1382,4.2923,1.1747,2.2586,3.5595,2.0052,2.623,4.2685,1.6206,1.576,4.1444,1.1737,2.5186,3.1328,0.73229,2.5175,3.7357,2.2448,1.8176,3.6809,1.3873,2.5408,3.48,1.36,2.6002,3.5184,1.3917,1.631,4.2664,1.9333,2.6379,4.4413,2.0778,2.626,4.6367,3.3215,2.8378,6.1418,1.7628,1.6094,4.1971,1.9035,1.927,3.3774,2.5093,2.9443,5.3895,1.1918,2.5801,3.0475,2.6831,2.3852,5.0067,1.0077,2.705,4.2347,1.4292,2.4993,3.5543,0.97259,1.9483,4.1595,1.7808,1.6338,4.0601,1.9728,1.9335,3.3935,6.0226,2.899,2.8521,2.9752,2.2225,4.6727,1.5332,1.9216,4.3992,1.1461,2.5509,3.3571,1.4347,2.4691,3.3973,1.7075,1.8772,3.6592,2.049,2.4605,4.1044,1.087,2.382,3.2514,2.5064,1.8625,5.3311,0.99725,2.5935,3.2742,1.3567,2.5588,3.32,0.24275,3.0499,3.1968,0.6638,1.9298,2.7571,1.6623,1.9465,4.62,1.523,1.7989,4.2144,5.2104,2.762,1.5842,0.89287,2.2297,2.9504,0.95799,2.7286,4.2279,2.3802,2.418,3.7081,2.9363,2.2932,4.9703,3.0951,2.5779,4.6205,2.0873,2.3891,4.6107,2.1814,2.2233,4.1712,0.708,2.264,3.3251,0.65113,2.418,3.0528,0.58114,2.2627,3.8912,2.4607,2.4404,4.5865,0.70461,2.4514,2.8691,1.2954,1.5679,4.3624,1.5891,1.9217,3.5405,0.38081,2.6636,2.2032,3.4223,2.9138,0.27707,0.84772,2.2618,3.0679,1.6255,1.6675,4.1668,1.6762,1.9106,3.2895,0.79164,2.349,2.8922,2.2394,2.2724,4.9414,1.3433,2.5804,3.2336,1.2879,2.2184,3.6769,0.35619,2.0765,3.3168,1.7228,1.8926,3.4399,2.635,2.0234,4.126,2.0411,2.1499,4.9589,1.3943,1.6968,3.8522,0.771,2.0508,2.8267,2.0844,2.1147,5.0846,2.1566,2.2962,4.5742,1.5048,2.4629,4.0264,4.0149,2.8398,6.2118,1.8106,2.5052,3.9841,0.60822,1.996,4.1651,1.1887,2.6163,4.2336,3.2827,2.7779,6.0828,1.7044,1.5656,3.2781,0.2796,2.39,3.4287,4.8432,3.0022,0.67578,0.433,2.8264,3.3407,1.1487,2.5482,3.1003,2.2595,2.1853,5.0258,1.6709,2.049,4.4555,1.6566,1.6192,3.396,1.8843,2.9514,3.421,0.75029,2.3219,2.9226,0.79455,2.3674,3.0168,0.22441,2.668,3.3494,1.9839,2.4581,4.2855,0.67054,2.4021,2.8038,1.0151,2.3678,3.5836,1.2909,1.76,4.328,0.22923,2.3552,3.492,1.6936,1.5945,3.2758,0.84874,2.2976,2.8701,2.9217,2.8537,6.0381,1.6817,2.5098,3.9578,2.0326,2.2451,4.6087,2.1666,2.646,5.0583,1.5869,1.9546,3.8058,1.4293,1.763,3.7592,2.3038,2.1438,4.9842,1.4919,2.5652,3.9309,0.46425,2.9971,2.1114,4.4439,2.8884,0.26311,1.3378,2.8471,4.1781,1.86,1.9819,3.892,1.1556,2.6733,2.7418,0.070081,2.7753,2.8236,1.0738,2.9171,4.1939,0.47413,2.4292,2.6151,0.85951,2.0843,2.8348,0.54948,2.4889,3.421,1.8207,2.236,4.3434,1.068,2.8249,4.2243,0.70934,2.0598,2.9416,2.1174,1.8352,3.7025,1.4238,1.886,3.7213,2.2452,2.5829,4.7194,1.5463,1.5753,4.1991,1.2672,2.1364,3.2398,0.74894,2.1038,2.9957,0.73715,2.2554,2.6405,1.7968,2.3898,4.1881,2.2233,2.5674,4.9023,0.5949,2.0739,2.9315,1.7357,1.8019,3.2907,0.8866,2.9777,2.6178,0.53033,2.5292,2.5886,3.2537,2.7224,6.2028,6.2542,2.8704,2.6927,4.1036,2.8792,6.072,2.411,2.2346,3.7292,1.4918,3.0573,4.512,1.2371,2.4503,3.4965,6.1124,3.109,2.8141,2.3745,2.1743,3.7364,1.3196,1.8441,3.71,2.3825,2.3291,4.642,2.5991,2.7308,4.2604,1.2568,2.7156,4.3151,1.6652,1.9323,3.8089,1.2135,2.7433,3.7785,2.3283,2.3348,4.9162,1.379,2.5994,3.3653,2.1503,2.3041,4.057,0.81793,1.977,3.3912,2.4238,2.3086,3.8107,2.3395,2.3392,3.7255,2.3038,2.0091,5.0834,2.6148,2.2909,4.8296,2.4042,2.2413,3.7906,1.4474,1.6134,3.9256,2.3229,2.5787,4.9103,1.7296,1.944,3.8536,0.82032,2.1132,4.1352,1.5766,1.8468,4.3473,2.2992,2.5433,4.9502,1.4463,2.3996,3.2535,5.8334,2.8132,2.1126,1.8631,1.7492,3.5285,1.9308,2.8979,4.1574,2.1222,1.996,4.8403,1.1875,2.6282,4.3752,2.0171,2.1588,4.9504,1.6571,1.7786,3.9285,1.6362,1.9976,3.3243,1.1599,2.7251,3.7299,1.0456,2.8508,3.8256,1.5769,2.4953,3.9217,1.1664,2.6709,3.6807,1.757,1.7451,4.0806,0.72728,2.4466,2.8154,1.8293,2.1412,4.4177,0.10303,2.779,3.013,1.0369,1.9501,4.3421,0.98321,2.2783,3.0847,1.582,2.4077,4.5601,1.0078,2.0788,2.8311,0.80251,2.0086,2.6836,1.6948,1.7604,3.9355,0.86477,2.438,2.9231,1.3093,1.5805,3.8408,2.7713,2.6115,4.6124,1.044,2.2399,3.6381,1.1796,2.7219,3.6901,2.0076,1.9989,4.4752,1.0048,1.96,4.2396,1.911,1.6452,3.4346,1.7269,2.5007,3.9707,2.2618,2.5335,4.8745,2.0549,2.3531,3.5948,1.2071,3.0555,3.4625,1.3969,1.4448,4.2551,0.71406,2.9771,3.6567,1.6509,1.7217,4.2431,0.80535,1.9999,2.7182,0.54216,2.2227,4.0555,2.5941,2.5994,4.5239,2.0203,2.1022,3.4523,1.3738,2.8804,3.5319,1.0877,2.231,3.6147,2.5401,2.042,4.4809,1.5042,1.7365,4.4197,1.5932,2.5859,3.5663,2.0726,2.2897,4.0621,2.7128,2.2994,4.9627,0.4483,2.4983,2.9294
0.20527,0.32539,0.0074341,254.07,288.06,198.07,0.001445,0.0017151,0.0010002,207.78,227.08,235.65,222.62,220.19,175.01,237.92,228.33,270.54,226.61,270.3,289.84,198.99,241.3,226.89,299.23,226.69,261.71,231.76,174.3,355.01,245.32,206.53,253.56,208.88,289.7,270.36,331.67,179.98,276.1,241.11,229.42,142.9,250.95,288.58,370.17,277.64,204.57,334.47,368.0,298.38,193.84,273.76,205.25,297.7,285.58,331.15,331.41,380.25,295.04,286.31,283.25,408.85,375.72,398.19,302.06,351.49,302.89,237.79,445.47,398.89,376.04,352.8,197.24,310.91,256.45,252.68,229.65,356.81,262.63,291.86,264.41,357.34,346.28,261.62,286.53,296.64,361.05,362.06,349.11,248.29,313.38,344.58,286.97,310.37,220.67,329.12,289.77,341.0,294.08,328.51,323.58,302.71,336.07,303.94,275.75,285.57,358.41,279.16,272.65,421.12,387.59,388.66,276.69,368.95,482.18,450.97,348.63,265.19,334.58,423.07,307.22,332.62,325.68,283.59,394.48,332.45,389.84,417.08,363.19,400.69,430.41,408.66,323.43,367.75,406.27,487.72,276.52,515.46,486.42,438.14,333.28,479.13,320.78,321.01,646.8,370.79,396.79,388.64,380.03,358.01,281.75,350.14,416.42,291.66,480.3,345.66,332.8,397.41,475.5,273.87,308.81,395.55,270.0,151.04,324.42,383.81,337.1,494.45,394.34,211.89,297.95,219.86,234.45,279.02,294.57,240.26,324.73,304.05,244.42,288.93,258.61,303.58,207.07,280.92,271.53,262.09,239.31,231.26,325.24,229.94,338.08,379.06,266.48,296.93,252.55,332.88,293.82,238.59,326.66,338.69,296.82,308.02,296.0,323.36,339.95,282.42,500.63,242.1,267.27,274.97,278.16,259.64,296.17,285.85,357.17,277.07,262.73,269.49,333.26,280.82,202.46,230.79,273.25,356.88,269.17,237.03,288.13,255.08,286.38,282.62,256.58,272.06,287.9,290.2,226.17,296.13,229.02,306.39,229.69,240.16,198.55,279.56,284.62,181.68,286.84,230.44,185.44,268.94,196.35,232.83,280.78,197.67,253.45,267.74,203.76,266.29,257.71,236.8,190.21,250.6,215.76,253.75,244.87,168.14,291.45,293.05,213.75,173.39,208.11,279.55,249.28,253.58,236.5,154.31,159.47,202.73,248.27,253.84,226.48,231.68,214.29,192.99,173.08,182.16,229.58,206.87,254.9,217.99,0.0007577,0.001031,0.0010536,0.0011602,0.001059,0.00082455,0.0012418,0.00096912,0.0013925,0.0010647,0.0014193,0.001593,0.00098496,0.001295,0.0010978,0.0017475,0.0013131,0.0014608,0.0014698,0.0010735,0.0020607,0.0016185,0.0012955,0.0017464,0.0014275,0.0018879,0.0015537,0.001898,0.0013435,0.001832,0.0014824,0.0014198,0.0010201,0.0013936,0.0017531,0.002228,0.0017126,0.001252,0.0020195,0.002127,0.0016774,0.0011014,0.0017548,0.00154,0.0018074,0.0017601,0.0020427,0.0018502,0.0022623,0.0017651,0.001382,0.0017727,0.0024419,0.0020289,0.0023403,0.0019228,0.0020501,0.0013382,0.0016358,0.0026633,0.002384,0.0022249,0.0021229,0.0013037,0.0021227,0.001693,0.0014966,0.0016892,0.0022092,0.0016648,0.0018872,0.0018224,0.0020782,0.0021084,0.0011707,0.0018762,0.0018574,0.00225,0.0022596,0.0022114,0.0013603,0.0021698,0.002234,0.0017532,0.0013008,0.0016782,0.0014499,0.0019024,0.0020448,0.0019173,0.0020689,0.0018666,0.0015501,0.0021334,0.0015693,0.0018717,0.0018044,0.0022817,0.0015495,0.0017806,0.002158,0.0023404,0.0023614,0.0016613,0.0022794,0.0023096,0.0026163,0.0022217,0.0018263,0.0020336,0.0025356,0.0020563,0.0015845,0.0019793,0.0018766,0.0023913,0.0020196,0.0022214,0.002273,0.0017707,0.0019052,0.0024811,0.0018787,0.0021555,0.002036,0.0018794,0.0026882,0.0019192,0.0024234,0.0027375,0.0026771,0.0019999,0.0025653,0.0013125,0.0020785,0.0031384,0.0021668,0.002008,0.0023119,0.0020411,0.0021504,0.0018148,0.0019771,0.00248,0.00202,0.0022965,0.0020859,0.0014914,0.001927,0.0024559,0.001791,0.0020195,0.0021662,0.0017727,0.0011892,0.0018793,0.0022553,0.0020788,0.0022412,0.0019838,0.0013664,0.0018564,0.0015413,0.0016371,0.0016077,0.0017793,0.0017164,0.0020044,0.0019076,0.0017149,0.0019161,0.0015383,0.0019131,0.0015023,0.0018111,0.0017096,0.0017994,0.0015427,0.001462,0.0018853,0.0014914,0.0020022,0.0022017,0.0016397,0.0018964,0.0017702,0.0020729,0.0018133,0.0016433,0.0019076,0.0016786,0.0019306,0.0019311,0.0018571,0.0021789,0.0020449,0.0018294,0.0017301,0.0016538,0.0016511,0.0017435,0.0018043,0.001707,0.001886,0.0017116,0.0023218,0.0016131,0.0017959,0.001674,0.0018197,0.0017328,0.0014136,0.0015709,0.0016493,0.0021426,0.0017265,0.0016,0.0016388,0.0015867,0.0018046,0.0018101,0.0016106,0.0016724,0.0017509,0.0017897,0.0015195,0.0018267,0.0015271,0.001815,0.0015229,0.0013802,0.0013102,0.0015515,0.0018226,0.0012608,0.0017146,0.0013525,0.0014706,0.0016654,0.0012928,0.0014988,0.0017025,0.0014123,0.0014996,0.0015764,0.0011967,0.0016006,0.001485,0.0014963,0.0012512,0.0015786,0.0013369,0.0015706,0.0014124,0.00096148,0.0015667,0.0016706,0.0011864,0.0011891,0.0011403,0.0015266,0.0015144,0.0015049,0.0010703,0.00095691,0.00095968,0.00099084,0.0014836,0.0014782,0.0010475,0.0012861,0.0010347,0.0010246,0.00086841,0.00082582,0.0011117,0.001106,0.0013783,0.001204,1074300.0,1105700.0,792270.0,4276700.0,2284500.0,1150800.0,5856800.0,1513400.0,1879800.0,3242500.0,2966100.0,734830.0,5652900.0,1298400.0,4052200.0,2459600.0,5070500.0,4091400.0,1340500.0,3371900.0,2502600.0,3347400.0,11704000.0,958350.0,6311800.0,749460.0,9101500.0,1591900.0,1841400.0,815570.0,3232100.0,1680500.0,5814300.0,23940000.0,2520900.0,2724900.0,4347000.0,1235900.0,1513400.0,1646200.0,2062700.0,1057700.0,2058300.0,1019200.0,7475600.0,2433400.0,1825600.0,1494000.0,2274900.0,15971000.0,952090.0,7278300.0,3995200.0,706940.0,3910700.0,1079100.0,2657700.0,17679000.0,32102000.0,2373200.0,1720700.0,1532600.0,2840700.0,1036400.0,1926200.0,3409900.0,803840.0,2871900.0,1940600.0,3915400.0,2755300.0,1446400.0,1119200.0,15048000.0,5077600.0,1340600.0,3613400.0,1673300.0,965090.0,2573300.0,3702600.0,1313000.0,893150.0,2116300.0,873820.0,1861100.0,2850800.0,4950200.0,4191200.0,2338500.0,5694300.0,1300700.0,9352900.0,4677300.0,1017700.0,1694700.0,903640.0,1769700.0,3509900.0,9918500.0,1730700.0,16523000.0,1417300.0,9919600.0,1633600.0,3256300.0,1272900.0,1628100.0,12535000.0,5115100.0,2157200.0,3869300.0,2389200.0,1225800.0,656170.0,3373000.0,11659000.0,2413800.0,1291100.0,778800.0,1922000.0,735100.0,1193700.0,2218700.0,8786700.0,4156700.0,2627900.0,3087700.0,2361300.0,1498700.0,773560.0,10411000.0,2404500.0,3548600.0,2073400.0,1371700.0,1031900.0,2014200.0,1052000.0,2853800.0,3921600.0,1159600.0,1477000.0,2103000.0,1521000.0,2210500.0,2422200.0,877170.0,6912100.0,1513500.0,9390500.0,6180200.0,809830.0,10291000.0,814480.0,1274500.0,19279000.0,683650.0,12167000.0,721740.0,5575100.0,3693400.0,3817200.0,2647300.0,5252900.0,4116200.0,4227600.0,964530.0,4135000.0,1638700.0,6369200.0,1506700.0,7610900.0,1080700.0,744550.0,4005200.0,2996600.0,1988300.0,8411500.0,2288700.0,948280.0,1205600.0,3671000.0,3568300.0,1940100.0,1475700.0,747540.0,6807100.0,5275200.0,2336700.0,637470.0,17726000.0,3323000.0,5257900.0,1142200.0,18258000.0,5431600.0,1100100.0,8580600.0,1353300.0,1434500.0,3992400.0,5297000.0,799330.0,1639500.0,973680.0,1778500.0,1568200.0,1456500.0,7851700.0,2342100.0,1425100.0,12280000.0,2793800.0,1238000.0,1263500.0,3260300.0,951930.0,4669600.0,1133200.0,1854600.0,8075300.0,4435100.0,696550.0,1421900.0,10018000.0,5258300.0,5069200.0,15394000.0,3001700.0,1931800.0,2342400.0,2994600.0,3189800.0,1882600.0,1749500.0,2275100.0,1499400.0,7215800.0,652060.0,3656200.0,8296200.0,8910100.0,1863600.0,5378600.0,4029700.0,5011000.0,864140.0,1139900.0,5361500.0,1551600.0,6587500.0,3485200.0,7122400.0,1970700.0,1638700.0,1591200.0,1087700.0,1106100.0,2208100.0,945990.0,5091800.0,3371700.0,4404800.0,3356800.0,2894200.0,2745600.0,15584000.0,14989000.0,6042000.0,4601000.0,2807600.0,6148400.0,3762100.0,1781300.0,2740300.0,1353800.0,4824200.0,3044800.0,1.5446,1.8584,4.1663,2.2413,2.4803,3.6647,1.276,2.2394,4.224,1.1969,1.9834,4.2122,2.463,2.6635,4.3241,0.75267,2.0659,4.2234,1.691,2.5292,3.875,3.0933,2.8432,5.8669,1.1816,2.027,4.1917,1.7034,1.7132,4.242,1.2949,2.2856,4.2859,0.70555,2.029,4.2103,2.9036,2.842,4.6626,5.5416,2.7417,1.3563,1.2595,2.8109,3.6326,0.82386,2.1623,2.996,2.5946,2.1869,4.5827,1.4622,1.6763,3.8908,0.74814,2.6977,3.9049,1.8851,1.8405,3.5407,1.2096,2.3814,3.2509,0.37781,2.2933,3.472,1.8613,1.625,3.4112,2.0609,2.6585,4.2132,1.9149,1.6327,3.3718,1.6565,1.6297,3.9819,0.33564,2.1933,3.12,2.1174,2.4388,4.5377,1.5013,1.704,3.2807,0.92535,1.9582,2.7531,3.2623,2.8353,6.0317,1.9392,1.8251,3.5192,0.86275,2.7328,2.9139,1.6831,2.5965,4.0053,0.7556,1.8998,2.7375,1.1032,2.4139,3.1404,1.938,1.9277,4.4904,1.8413,1.6499,3.8975,0.63531,2.1396,3.9332,1.416,2.5592,3.9253,0.98163,2.1616,3.1653,2.6424,2.3797,4.3961,2.0109,2.2109,4.7291,1.5486,1.6339,3.9284,1.8904,2.0251,4.4793,1.5028,2.2109,3.2268,0.81986,2.2523,2.9941,2.4438,2.4971,4.3711,2.0237,2.4944,4.8227,1.9385,2.6203,4.7949,2.6093,2.3753,4.3815,1.2693,2.5274,3.8731,1.8723,2.3395,4.4069,2.6012,2.9743,4.4233,0.68341,2.3683,2.6861,1.3631,2.0145,4.6106,1.852,2.9968,3.6941,0.24585,2.3722,3.369,1.7031,1.616,4.0815,0.83767,2.2243,3.065,2.2729,2.3026,4.715,0.49977,2.3967,3.1269,0.73099,2.2587,3.133,0.014266,2.8989,1.7305,2.0457,2.2215,4.6615,2.5228,2.4443,4.3129,2.2795,2.3132,5.1433,1.9165,2.6371,4.1201,1.1202,1.8181,4.0617,4.5093,2.801,0.71468,0.76132,2.1937,2.9652,1.4757,2.1388,4.2924,1.1755,2.2608,3.5599,2.0038,2.6223,4.2672,1.621,1.5762,4.1442,1.1732,2.518,3.1333,0.73159,2.519,3.7356,2.2459,1.8172,3.6804,1.387,2.5407,3.4802,1.3603,2.6001,3.5181,1.3913,1.6308,4.2659,1.9333,2.6368,4.4404,2.0801,2.6238,4.6375,3.3195,2.8385,6.1417,1.765,1.6085,4.1975,1.9056,1.9266,3.3763,2.5112,2.9432,5.3902,1.1912,2.58,3.047,2.6827,2.3845,5.0062,1.0094,2.7062,4.2364,1.4292,2.4991,3.5549,0.97376,1.9492,4.1608,1.7807,1.6342,4.0598,1.9738,1.9337,3.3935,6.0249,2.8989,2.8534,2.977,2.2221,4.6726,1.5358,1.9208,4.4009,1.1478,2.5501,3.3573,1.4352,2.4692,3.3979,1.7081,1.8766,3.659,2.0498,2.4606,4.1058,1.087,2.3827,3.2518,2.5069,1.8604,5.3323,0.99757,2.5926,3.2739,1.3553,2.5591,3.319,0.24307,3.0501,3.1971,0.66439,1.9314,2.756,1.6618,1.946,4.6216,1.5242,1.798,4.2149,5.2102,2.7604,1.5842,0.89411,2.2305,2.9515,0.95989,2.7297,4.23,2.3799,2.4172,3.7089,2.9372,2.2932,4.9703,3.0971,2.5771,4.6213,2.089,2.3887,4.6118,2.1815,2.2241,4.1712,0.70852,2.2651,3.3259,0.65286,2.4181,3.0529,0.58178,2.2643,3.8915,2.461,2.4405,4.5852,0.70347,2.4523,2.867,1.2946,1.5675,4.3626,1.589,1.9209,3.5419,0.38291,2.6639,2.2049,3.4217,2.913,0.27625,0.84721,2.2613,3.0677,1.6254,1.6673,4.1676,1.6768,1.9115,3.2909,0.79353,2.3484,2.8936,2.2407,2.2716,4.9415,1.3447,2.5807,3.235,1.2892,2.2191,3.6787,0.35604,2.0759,3.3186,1.7234,1.892,3.44,2.6354,2.0222,4.127,2.0405,2.1501,4.9587,1.3958,1.6968,3.8528,0.77093,2.0521,2.8281,2.085,2.1139,5.0855,2.1563,2.2966,4.5753,1.505,2.4642,4.0274,4.0122,2.8367,6.2091,1.8095,2.5059,3.983,0.60641,1.9966,4.1656,1.1873,2.616,4.2329,3.2811,2.7771,6.0833,1.7043,1.5659,3.278,0.28021,2.3906,3.4296,4.8404,3.0022,0.67301,0.43292,2.827,3.3426,1.1479,2.5486,3.1017,2.2594,2.1851,5.0268,1.6725,2.0489,4.4564,1.6564,1.6193,3.3964,1.8877,2.9518,3.4239,0.75016,2.3213,2.9231,0.79385,2.3664,3.017,0.2237,2.6683,3.3494,1.9849,2.4586,4.2857,0.67114,2.4015,2.8039,1.0155,2.3693,3.5831,1.2911,1.7596,4.3284,0.22915,2.3554,3.4933,1.6933,1.5947,3.2757,0.85007,2.2966,2.8706,2.9206,2.8535,6.0387,1.6792,2.5092,3.9571,2.0324,2.2458,4.6087,2.1637,2.6452,5.0568,1.5853,1.9545,3.8054,1.4301,1.7621,3.7597,2.3038,2.1439,4.9839,1.4915,2.5647,3.93,0.46317,2.9964,2.1096,4.4424,2.8874,0.26281,1.3375,2.8476,4.1771,1.8589,1.9823,3.892,1.154,2.6733,2.7404,0.067191,2.7747,2.8227,1.0744,2.9173,4.1941,0.47376,2.4282,2.6158,0.85958,2.0851,2.8343,0.55021,2.489,3.4218,1.8227,2.2368,4.344,1.0664,2.8254,4.2235,0.71028,2.0607,2.9402,2.118,1.8351,3.7017,1.4244,1.8864,3.722,2.2431,2.5814,4.7169,1.5476,1.5753,4.1993,1.2665,2.1362,3.2404,0.75,2.1048,2.9951,0.73701,2.2544,2.6406,1.797,2.3901,4.1885,2.2221,2.5661,4.9018,0.59476,2.0743,2.9305,1.7356,1.8028,3.2907,0.88795,2.9773,2.6184,0.52966,2.5296,2.5883,3.2546,2.7221,6.2041,6.2557,2.8705,2.6951,4.1003,2.8782,6.0682,2.4114,2.2325,3.7291,1.4931,3.0572,4.5154,1.2366,2.4503,3.4973,6.1039,3.1091,2.8077,2.3745,2.1736,3.7358,1.3202,1.8442,3.7103,2.3817,2.3291,4.6428,2.5983,2.7319,4.262,1.2566,2.7158,4.3144,1.6634,1.9319,3.8081,1.2145,2.7428,3.7799,2.3274,2.334,4.9152,1.3769,2.5987,3.3654,2.1497,2.3052,4.0564,0.81788,1.9773,3.3912,2.4235,2.3073,3.811,2.339,2.3385,3.7253,2.3046,2.0097,5.0847,2.6139,2.291,4.8298,2.4048,2.2414,3.7904,1.448,1.6136,3.9262,2.3215,2.5775,4.9096,1.7281,1.9439,3.853,0.8205,2.1129,4.1359,1.5758,1.847,4.348,2.2983,2.5418,4.9503,1.4462,2.3998,3.2535,5.8324,2.8124,2.1118,1.8631,1.7489,3.5287,1.9301,2.8965,4.1557,2.123,1.9965,4.8406,1.1883,2.6287,4.376,2.0183,2.1591,4.9511,1.6574,1.7784,3.9282,1.6366,1.9973,3.3235,1.1607,2.725,3.7308,1.0463,2.8509,3.8253,1.5781,2.4957,3.9222,1.1665,2.6701,3.6805,1.7565,1.7447,4.0805,0.72601,2.4464,2.8157,1.8288,2.142,4.4182,0.10294,2.7788,3.0144,1.0362,1.9502,4.3427,0.98337,2.2779,3.0852,1.5815,2.4077,4.5599,1.008,2.0787,2.831,0.80305,2.0086,2.6832,1.6955,1.76,3.9352,0.86398,2.4378,2.9245,1.3086,1.5804,3.8409,2.7713,2.6117,4.6122,1.0436,2.241,3.6381,1.1799,2.7213,3.6904,2.0079,1.999,4.4752,1.0041,1.96,4.2395,1.9115,1.6452,3.4345,1.7275,2.5009,3.9705,2.2629,2.5333,4.874,2.0543,2.3529,3.594,1.2067,3.0554,3.4625,1.3964,1.4448,4.2552,0.7146,2.9769,3.6568,1.6511,1.7214,4.2432,0.80584,1.9998,2.718,0.54108,2.2229,4.0563,2.5933,2.5994,4.524,2.0206,2.102,3.4524,1.3737,2.88,3.5317,1.0877,2.2314,3.6145,2.5402,2.0424,4.4811,1.5043,1.7365,4.4197,1.5931,2.5859,3.5661,2.0727,2.2898,4.0621,2.713,2.2989,4.9625,0.44838,2.498,2.9292
0.20741,0.32879,0.007488,254.65,289.12,197.89,0.001448,0.0017204,0.00099943,206.88,226.49,236.44,222.49,221.0,174.69,236.98,227.72,270.32,227.16,271.35,291.37,199.27,242.41,226.99,300.35,226.08,262.37,232.83,174.18,355.85,244.48,205.67,252.28,208.05,290.54,271.37,332.73,180.53,274.89,241.41,230.57,142.25,252.2,288.62,371.76,278.74,202.4,336.3,369.54,298.81,194.66,276.22,205.89,299.01,286.72,333.03,333.43,382.6,296.18,287.57,284.32,412.43,376.98,400.46,303.77,353.03,305.48,237.77,448.48,401.14,377.52,353.69,198.49,313.4,257.22,253.91,229.39,358.65,263.94,293.38,265.48,359.43,348.75,267.05,288.72,297.6,362.73,363.4,350.47,250.26,315.59,346.01,286.97,312.59,222.14,332.33,290.33,342.75,295.29,330.48,326.09,303.49,337.01,306.07,275.64,286.65,359.41,280.12,274.12,424.66,389.77,391.8,277.88,370.14,485.56,453.07,350.6,266.67,335.46,424.56,308.91,336.61,327.39,284.2,396.93,334.64,393.51,419.69,364.66,407.56,433.4,412.48,325.01,369.86,410.76,493.17,277.21,520.33,488.22,440.59,335.22,483.05,326.78,322.87,651.34,373.45,401.26,390.57,383.06,359.74,282.54,351.46,417.65,292.7,485.03,345.81,336.06,401.14,478.82,274.96,310.12,397.16,270.81,150.64,326.75,386.12,337.81,498.83,394.24,211.73,298.78,220.46,235.15,280.99,294.94,240.84,325.04,305.27,244.88,289.7,259.24,304.69,208.09,281.42,271.68,262.28,239.6,231.6,325.58,230.33,339.3,379.46,266.56,298.04,252.76,333.22,294.48,238.76,327.74,338.63,297.76,308.82,296.8,324.29,341.09,283.15,502.72,242.49,267.83,275.99,278.95,259.56,296.84,286.51,358.45,277.78,263.63,269.81,334.57,281.79,202.62,231.35,273.84,358.04,269.83,237.42,288.27,255.58,287.06,283.17,256.81,272.53,288.04,290.48,226.6,296.83,229.32,307.27,229.77,240.26,198.79,279.87,285.11,181.79,287.24,230.56,185.53,269.21,196.54,232.99,281.26,197.8,253.72,268.14,203.85,266.69,257.84,237.05,190.19,250.64,215.79,254.16,245.16,168.12,291.76,293.22,213.74,173.27,208.05,279.55,249.45,253.89,236.66,154.33,159.33,202.62,248.28,254.19,226.58,231.81,214.19,193.01,173.06,182.08,229.41,206.57,254.93,217.79,0.00075219,0.001027,0.0010563,0.0011601,0.0010627,0.00082263,0.0012362,0.00096566,0.0013921,0.0010673,0.0014254,0.0016019,0.00098593,0.0013011,0.0010987,0.0017543,0.0013108,0.0014662,0.0014768,0.0010731,0.0020656,0.001613,0.0012902,0.0017397,0.0014216,0.0018951,0.0015601,0.0019034,0.0013476,0.0018243,0.0014853,0.0014272,0.0010174,0.0013999,0.001753,0.0022376,0.0017196,0.0012302,0.0020298,0.0021367,0.0016824,0.0011041,0.0017658,0.0015462,0.0018149,0.0017666,0.0020561,0.0018623,0.0022749,0.001772,0.0013894,0.0017798,0.0024587,0.0020361,0.0023526,0.0019332,0.0020591,0.0013465,0.0016295,0.002677,0.0023876,0.0022327,0.002128,0.0013061,0.0021351,0.0016978,0.0015009,0.0016917,0.0022192,0.001672,0.001894,0.0018296,0.0020918,0.0021168,0.0011934,0.00189,0.0018675,0.0022618,0.0022693,0.0022203,0.0013686,0.0021826,0.0022455,0.0017578,0.0013158,0.0016883,0.0014637,0.0019062,0.0020562,0.0019267,0.0020797,0.001879,0.0015529,0.0021393,0.0015796,0.001873,0.0018093,0.0022891,0.0015471,0.0017892,0.0021741,0.0023543,0.0023779,0.0016679,0.002285,0.0023286,0.0026316,0.0022313,0.0018348,0.0020403,0.0025454,0.0020678,0.0016005,0.0019878,0.0018823,0.0024059,0.0020303,0.0022399,0.0022872,0.0017755,0.0019303,0.0024961,0.0018973,0.0021627,0.0020454,0.0019025,0.0027172,0.0019229,0.0024495,0.0027481,0.0026908,0.0020079,0.0025838,0.0013217,0.0020892,0.0031653,0.0021793,0.0020337,0.0023233,0.0020537,0.002161,0.001819,0.0019873,0.0024874,0.002027,0.00232,0.0020908,0.0015047,0.0019439,0.0024717,0.0017983,0.0020272,0.0021754,0.0017755,0.0011878,0.0018915,0.0022661,0.0020825,0.0022633,0.0019808,0.0013656,0.0018616,0.0015454,0.00164,0.0016174,0.0017823,0.0017204,0.0020069,0.0019135,0.0017195,0.0019215,0.0015429,0.0019191,0.0015078,0.0018151,0.0017113,0.0018004,0.0015432,0.0014638,0.001889,0.001494,0.0020082,0.0022037,0.0016341,0.0019024,0.0017717,0.0020781,0.0018175,0.0016454,0.0019138,0.0016721,0.0019361,0.001937,0.0018614,0.0021837,0.0020513,0.0018341,0.0017393,0.0016545,0.0016537,0.0017474,0.0018092,0.001708,0.001889,0.0017137,0.0023255,0.0016136,0.001801,0.0016765,0.0018263,0.001738,0.0014149,0.0015742,0.001653,0.0021495,0.0017304,0.0016026,0.0016401,0.0015891,0.0018078,0.001814,0.0016123,0.0016757,0.001754,0.0017917,0.0015224,0.0018308,0.0015291,0.0018201,0.0015232,0.0013809,0.0013113,0.0015532,0.0018262,0.0012612,0.0017169,0.0013525,0.0014722,0.0016677,0.0012938,0.0014997,0.0017058,0.0014139,0.0015009,0.0015782,0.0011976,0.0016032,0.0014853,0.0014976,0.0012508,0.0015791,0.0013368,0.0015729,0.0014135,0.00096109,0.0015689,0.0016727,0.0011861,0.0011886,0.0011396,0.0015262,0.001515,0.0015062,0.0010708,0.00095713,0.00095825,0.0009895,0.0014836,0.0014798,0.0010477,0.0012863,0.001034,0.0010243,0.00086787,0.00082466,0.0011105,0.0011042,0.0013779,0.0012028,1074300.0,1105700.0,792270.0,4276700.0,2284500.0,1150800.0,5856800.0,1513400.0,1879800.0,3242500.0,2966100.0,734830.0,5652900.0,1298400.0,4052200.0,2459600.0,5070500.0,4091400.0,1340500.0,3371900.0,2502600.0,3347400.0,11704000.0,958350.0,6311800.0,749460.0,9101500.0,1591900.0,1841400.0,815570.0,3232100.0,1680500.0,5814300.0,23940000.0,2520900.0,2724900.0,4347000.0,1235900.0,1513400.0,1646200.0,2062700.0,1057700.0,2058300.0,1019200.0,7475600.0,2433400.0,1825600.0,1494000.0,2274900.0,15971000.0,952090.0,7278300.0,3995200.0,706940.0,3910700.0,1079100.0,2657700.0,17679000.0,32102000.0,2373200.0,1720700.0,1532600.0,2840700.0,1036400.0,1926200.0,3409900.0,803840.0,2871900.0,1940600.0,3915400.0,2755300.0,1446400.0,1119200.0,15048000.0,5077600.0,1340600.0,3613400.0,1673300.0,965090.0,2573300.0,3702600.0,1313000.0,893150.0,2116300.0,873820.0,1861100.0,2850800.0,4950200.0,4191200.0,2338500.0,5694300.0,1300700.0,9352900.0,4677300.0,1017700.0,1694700.0,903640.0,1769700.0,3509900.0,9918500.0,1730700.0,16523000.0,1417300.0,9919600.0,1633600.0,3256300.0,1272900.0,1628100.0,12535000.0,5115100.0,2157200.0,3869300.0,2389200.0,1225800.0,656170.0,3373000.0,11659000.0,2413800.0,1291100.0,778800.0,1922000.0,735100.0,1193700.0,2218700.0,8786700.0,4156700.0,2627900.0,3087700.0,2361300.0,1498700.0,773560.0,10411000.0,2404500.0,3548600.0,2073400.0,1371700.0,1031900.0,2014200.0,1052000.0,2853800.0,3921600.0,1159600.0,1477000.0,2103000.0,1521000.0,2210500.0,2422200.0,877170.0,6912100.0,1513500.0,9390500.0,6180200.0,809830.0,10291000.0,814480.0,1274500.0,19279000.0,683650.0,12167000.0,721740.0,5575100.0,3693400.0,3817200.0,2647300.0,5252900.0,4116200.0,4227600.0,964530.0,4135000.0,1638700.0,6369200.0,1506700.0,7610900.0,1080700.0,744550.0,4005200.0,2996600.0,1988300.0,8411500.0,2288700.0,948280.0,1205600.0,3671000.0,3568300.0,1940100.0,1475700.0,747540.0,6807100.0,5275200.0,2336700.0,637470.0,17726000.0,3323000.0,5257900.0,1142200.0,18258000.0,5431600.0,1100100.0,8580600.0,1353300.0,1434500.0,3992400.0,5297000.0,799330.0,1639500.0,973680.0,1778500.0,1568200.0,1456500.0,7851700.0,2342100.0,1425100.0,12280000.0,2793800.0,1238000.0,1263500.0,3260300.0,951930.0,4669600.0,1133200.0,1854600.0,8075300.0,4435100.0,696550.0,1421900.0,10018000.0,5258300.0,5069200.0,15394000.0,3001700.0,1931800.0,2342400.0,2994600.0,3189800.0,1882600.0,1749500.0,2275100.0,1499400.0,7215800.0,652060.0,3656200.0,8296200.0,8910100.0,1863600.0,5378600.0,4029700.0,5011000.0,864140.0,1139900.0,5361500.0,1551600.0,6587500.0,3485200.0,7122400.0,1970700.0,1638700.0,1591200.0,1087700.0,1106100.0,2208100.0,945990.0,5091800.0,3371700.0,4404800.0,3356800.0,2894200.0,2745600.0,15584000.0,14989000.0,6042000.0,4601000.0,2807600.0,6148400.0,3762100.0,1781300.0,2740300.0,1353800.0,4824200.0,3044800.0,1.5448,1.8585,4.1663,2.2414,2.4804,3.6647,1.2759,2.2396,4.224,1.1965,1.9832,4.212,2.4624,2.6635,4.3243,0.75179,2.066,4.2236,1.6924,2.5294,3.8748,3.0937,2.8431,5.8669,1.181,2.027,4.1914,1.7028,1.7131,4.2419,1.2952,2.2863,4.2866,0.70384,2.0286,4.2103,2.903,2.842,4.6634,5.5396,2.7412,1.3551,1.26,2.8104,3.6329,0.82256,2.1624,2.9958,2.5958,2.1881,4.5842,1.462,1.6761,3.8906,0.74992,2.6989,3.9059,1.884,1.8411,3.5415,1.2102,2.3811,3.2519,0.37855,2.2934,3.4708,1.862,1.6246,3.4115,2.0615,2.6572,4.2124,1.9161,1.6325,3.3718,1.6577,1.6293,3.9825,0.33541,2.1937,3.1195,2.1182,2.4391,4.5389,1.5014,1.7042,3.2815,0.92675,1.9589,2.753,3.2637,2.8351,6.033,1.9392,1.8255,3.5195,0.86153,2.7333,2.9141,1.682,2.5966,4.0054,0.75672,1.8997,2.7371,1.1027,2.4138,3.1408,1.9379,1.928,4.4902,1.8435,1.6497,3.8977,0.63628,2.1388,3.9355,1.4184,2.5597,3.9272,0.98128,2.1623,3.1644,2.6439,2.3806,4.3974,2.0106,2.2109,4.7291,1.5492,1.6331,3.9285,1.8905,2.0265,4.4792,1.5033,2.2114,3.2266,0.81986,2.2532,2.9924,2.4439,2.4988,4.3711,2.0251,2.493,4.8221,1.9388,2.6203,4.7941,2.6101,2.3765,4.3827,1.2691,2.528,3.873,1.875,2.3407,4.408,2.6091,2.9736,4.4289,0.68559,2.3674,2.6881,1.3609,2.0141,4.611,1.8513,2.996,3.6917,0.24455,2.3719,3.3692,1.7036,1.6158,4.0816,0.83929,2.2255,3.0653,2.2738,2.3026,4.7154,0.49615,2.396,3.1272,0.72852,2.2594,3.132,0.014362,2.8989,1.7285,2.0481,2.2231,4.6629,2.5228,2.4459,4.3139,2.2786,2.3135,5.1435,1.9156,2.6361,4.1186,1.12,1.8174,4.0631,4.5086,2.7998,0.71623,0.76101,2.194,2.9647,1.4771,2.1394,4.2926,1.1764,2.2629,3.5602,2.0025,2.6215,4.266,1.6215,1.5763,4.144,1.1728,2.5174,3.1337,0.73099,2.5205,3.7355,2.247,1.8169,3.68,1.3867,2.5407,3.4805,1.3605,2.6,3.5178,1.391,1.6307,4.2654,1.9335,2.6357,4.4396,2.0824,2.6217,4.6384,3.3177,2.8391,6.1416,1.7673,1.6076,4.1978,1.9078,1.9261,3.3752,2.513,2.9422,5.3908,1.1907,2.58,3.0465,2.6825,2.3838,5.0057,1.0111,2.7075,4.2381,1.4293,2.499,3.5556,0.97497,1.9501,4.1621,1.7807,1.6346,4.0596,1.9748,1.934,3.3936,6.0274,2.8989,2.8547,2.9788,2.2216,4.6725,1.5383,1.9201,4.4024,1.1494,2.5493,3.3575,1.4356,2.4692,3.3983,1.7089,1.876,3.6588,2.0505,2.4606,4.107,1.0871,2.3834,3.2522,2.5074,1.8584,5.3335,0.9979,2.5916,3.2736,1.3539,2.5594,3.3181,0.24338,3.0502,3.1973,0.66502,1.9329,2.755,1.6612,1.9456,4.6232,1.5255,1.7971,4.2154,5.21,2.7589,1.5842,0.89536,2.2313,2.9525,0.96178,2.7308,4.2321,2.3794,2.4164,3.7094,2.9381,2.2933,4.9703,3.099,2.5763,4.6221,2.0907,2.3882,4.6129,2.1816,2.2249,4.1712,0.70912,2.2662,3.3268,0.6545,2.4182,3.053,0.58245,2.2658,3.8919,2.4614,2.4405,4.5838,0.70236,2.4532,2.8649,1.2938,1.567,4.3628,1.5889,1.9201,3.5432,0.38496,2.6641,2.2065,3.4211,2.9123,0.27543,0.84682,2.2608,3.0676,1.6254,1.6672,4.1683,1.6773,1.9123,3.2922,0.79547,2.3478,2.8949,2.242,2.2708,4.9417,1.3461,2.5809,3.2363,1.2904,2.2197,3.6804,0.35603,2.0754,3.3205,1.7239,1.8914,3.4401,2.6358,2.021,4.1279,2.0398,2.1504,4.9585,1.3973,1.6967,3.8534,0.77085,2.0535,2.8296,2.0855,2.1132,5.0863,2.1561,2.297,4.5763,1.5052,2.4655,4.0285,4.0096,2.8336,6.2065,1.8084,2.5066,3.982,0.60464,1.9973,4.166,1.1859,2.6157,4.2323,3.2796,2.7762,6.0838,1.7043,1.5661,3.2779,0.28078,2.3913,3.4305,4.8377,3.0022,0.67024,0.43284,2.8275,3.3444,1.147,2.5489,3.1031,2.2593,2.1848,5.0278,1.674,2.0489,4.4573,1.6562,1.6194,3.3968,1.8911,2.9522,3.4267,0.75004,2.3207,2.9236,0.79317,2.3655,3.0172,0.22299,2.6686,3.3493,1.9858,2.459,4.286,0.67168,2.4009,2.804,1.0159,2.3708,3.5828,1.2914,1.7592,4.3288,0.22907,2.3556,3.4945,1.6929,1.5949,3.2756,0.85134,2.2957,2.8711,2.9195,2.8533,6.0394,1.6767,2.5086,3.9565,2.0322,2.2464,4.6087,2.1609,2.6444,5.0553,1.5838,1.9544,3.805,1.431,1.7613,3.7603,2.3039,2.144,4.9836,1.4911,2.5641,3.9292,0.46205,2.9958,2.1078,4.4409,2.8865,0.26251,1.337,2.8481,4.1762,1.8578,1.9828,3.892,1.1523,2.6734,2.739,0.064359,2.7741,2.8219,1.0749,2.9174,4.1943,0.47341,2.4272,2.6164,0.85964,2.0859,2.8339,0.55096,2.4891,3.4227,1.8247,2.2375,4.3446,1.0648,2.8258,4.2228,0.71119,2.0617,2.9388,2.1186,1.8349,3.7008,1.425,1.8867,3.7226,2.241,2.58,4.7144,1.5489,1.5753,4.1994,1.2658,2.136,3.2409,0.75106,2.1058,2.9944,0.73683,2.2534,2.6407,1.7972,2.3905,4.1888,2.2208,2.5649,4.9012,0.59463,2.0747,2.9295,1.7354,1.8036,3.2907,0.88929,2.9769,2.6189,0.52899,2.53,2.588,3.2555,2.7218,6.2053,6.2571,2.8705,2.6976,4.0971,2.8773,6.0644,2.4119,2.2304,3.729,1.4944,3.0572,4.5188,1.2361,2.4503,3.4982,6.0954,3.1093,2.8014,2.3744,2.1728,3.7351,1.3207,1.8442,3.7106,2.3809,2.3292,4.6437,2.5975,2.7329,4.2637,1.2563,2.716,4.3138,1.6616,1.9315,3.8073,1.2154,2.7423,3.7814,2.3266,2.3331,4.9142,1.3749,2.598,3.3655,2.149,2.3064,4.0558,0.81783,1.9776,3.3912,2.4233,2.306,3.8114,2.3385,2.3379,3.7251,2.3055,2.0103,5.0859,2.6131,2.2911,4.83,2.4053,2.2414,3.7903,1.4486,1.6138,3.9267,2.32,2.5764,4.909,1.7265,1.9439,3.8525,0.82069,2.1125,4.1367,1.5751,1.8472,4.3487,2.2974,2.5403,4.9504,1.446,2.3999,3.2534,5.8315,2.8117,2.1109,1.863,1.7487,3.5288,1.9293,2.8952,4.154,2.1239,1.997,4.8409,1.189,2.6292,4.3768,2.0195,2.1593,4.9517,1.6577,1.7782,3.9278,1.6369,1.9971,3.3228,1.1615,2.7249,3.7317,1.047,2.851,3.8251,1.5793,2.4961,3.9226,1.1665,2.6692,3.6803,1.7559,1.7442,4.0804,0.72476,2.4462,2.8161,1.8284,2.1427,4.4187,0.10286,2.7786,3.0158,1.0356,1.9503,4.3434,0.98352,2.2774,3.0856,1.5811,2.4078,4.5597,1.0081,2.0786,2.8309,0.80357,2.0086,2.6828,1.6961,1.7596,3.9348,0.86319,2.4375,2.9258,1.3078,1.5802,3.8409,2.7712,2.6119,4.612,1.0431,2.242,3.6381,1.1801,2.7206,3.6907,2.0082,1.9992,4.4753,1.0034,1.96,4.2393,1.912,1.6452,3.4344,1.7281,2.5011,3.9702,2.2639,2.533,4.8736,2.0536,2.3528,3.5933,1.2064,3.0552,3.4624,1.3959,1.4448,4.2554,0.71514,2.9768,3.6568,1.6514,1.7212,4.2433,0.80632,1.9998,2.7178,0.54002,2.2231,4.0571,2.5926,2.5994,4.5241,2.0208,2.1018,3.4525,1.3735,2.8796,3.5316,1.0878,2.2318,3.6143,2.5403,2.0429,4.4813,1.5044,1.7366,4.4196,1.5929,2.5858,3.566,2.0729,2.2898,4.0621,2.7132,2.2983,4.9622,0.44845,2.4978,2.929
0.20901,0.33133,0.007529,255.26,290.1,197.87,0.0014513,0.0017256,0.00099947,206.34,226.15,237.15,222.48,221.73,174.83,236.41,227.42,270.3,227.66,272.28,292.75,199.76,243.4,227.19,301.39,225.77,263.0,233.82,174.39,356.68,244.0,205.18,251.49,207.6,291.31,272.29,333.77,181.06,274.16,241.71,231.59,142.19,253.42,288.81,373.06,279.65,201.23,337.91,370.9,299.41,195.47,278.19,206.33,300.17,287.72,334.46,334.9,384.52,297.23,288.81,285.26,415.25,377.86,402.34,305.36,354.17,307.95,237.95,450.68,402.99,378.46,354.67,199.55,315.2,257.95,255.2,229.34,360.14,265.32,294.81,266.38,361.01,350.87,271.54,290.35,298.21,364.08,364.41,351.63,252.18,317.6,347.28,286.94,315.07,223.34,335.03,290.92,344.01,296.29,332.15,328.28,304.25,337.85,307.8,275.76,287.74,360.43,281.45,275.55,427.57,391.42,394.61,279.23,371.24,488.16,454.61,352.44,268.05,336.32,425.69,310.14,340.67,328.94,284.69,398.84,336.55,396.38,421.99,365.9,412.78,435.31,415.32,326.45,371.72,413.99,497.23,278.06,524.21,489.6,442.79,336.86,485.82,333.56,324.44,654.75,375.41,404.69,392.19,385.37,360.99,283.57,352.57,418.94,293.66,488.56,345.84,338.26,404.21,481.59,275.89,311.34,398.34,271.87,150.72,328.57,387.82,338.55,502.24,394.45,212.17,299.56,221.03,235.79,282.57,295.65,241.45,325.41,306.24,245.19,290.39,259.78,305.57,208.97,282.15,271.92,262.71,240.2,232.21,325.8,230.83,340.35,380.08,266.76,299.15,253.28,333.77,295.27,239.15,328.77,339.08,298.67,309.54,297.66,325.37,342.01,283.89,504.57,243.1,268.37,276.94,279.73,259.58,297.4,287.29,359.87,278.63,264.5,270.21,335.79,282.72,202.91,231.82,274.4,359.2,270.69,237.97,288.52,255.99,287.61,283.79,257.29,273.02,288.35,290.71,227.01,297.63,229.57,308.06,230.08,240.55,199.17,280.39,285.72,181.93,287.65,230.9,185.77,269.6,196.92,233.36,281.77,198.09,253.95,268.47,203.95,267.14,258.11,237.37,190.34,250.95,216.03,254.54,245.53,168.22,292.01,293.5,213.88,173.28,208.21,279.81,249.87,254.16,236.81,154.39,159.4,202.69,248.52,254.51,226.66,232.01,214.22,193.13,173.16,182.12,229.45,206.55,255.22,217.91,0.00074885,0.0010246,0.0010592,0.0011606,0.0010662,0.0008235,0.0012327,0.00096395,0.0013927,0.0010699,0.0014311,0.0016099,0.0009885,0.0013068,0.0011002,0.0017606,0.0013098,0.0014711,0.0014835,0.0010749,0.0020704,0.0016099,0.0012873,0.0017358,0.0014182,0.0019011,0.0015662,0.0019091,0.0013519,0.0018197,0.0014878,0.0014338,0.0010177,0.0014063,0.0017539,0.0022452,0.0017255,0.001218,0.002039,0.0021451,0.0016881,0.0011075,0.0017754,0.0015505,0.0018219,0.0017728,0.0020665,0.0018712,0.0022858,0.0017786,0.0013967,0.0017862,0.0024721,0.0020414,0.0023627,0.0019422,0.0020664,0.0013567,0.0016264,0.002688,0.0023919,0.002238,0.0021335,0.0013094,0.0021443,0.0017024,0.0015068,0.0016944,0.0022278,0.0016798,0.0019012,0.0018354,0.0021023,0.002125,0.0012127,0.0018998,0.0018741,0.0022709,0.0022776,0.0022277,0.0013773,0.0021942,0.002255,0.0017609,0.0013307,0.001696,0.0014752,0.0019099,0.0020644,0.0019342,0.0020888,0.0018907,0.0015563,0.0021451,0.0015886,0.0018752,0.0018145,0.0022961,0.0015495,0.0017977,0.002188,0.0023646,0.0023925,0.0016757,0.0022904,0.0023438,0.0026428,0.0022405,0.001843,0.0020467,0.0025533,0.0020762,0.0016197,0.001996,0.0018875,0.0024169,0.0020402,0.0022548,0.0023001,0.001782,0.0019471,0.0025068,0.0019132,0.0021698,0.0020545,0.0019196,0.00274,0.0019281,0.00247,0.0027569,0.0027029,0.0020158,0.0025981,0.0013447,0.0020984,0.0031866,0.0021889,0.0020538,0.0023331,0.0020646,0.0021693,0.0018245,0.0019959,0.002495,0.0020336,0.002338,0.0020943,0.0015147,0.0019589,0.002485,0.0018047,0.0020337,0.0021825,0.0017812,0.0011898,0.0019014,0.0022746,0.0020862,0.0022813,0.0019801,0.0013687,0.0018664,0.0015489,0.0016431,0.0016253,0.0017872,0.0017247,0.0020098,0.001918,0.0017228,0.001926,0.0015464,0.0019236,0.0015124,0.0018205,0.0017131,0.0018024,0.001546,0.0014675,0.0018915,0.0014971,0.0020137,0.0022072,0.0016316,0.0019078,0.0017752,0.0020838,0.0018224,0.0016487,0.00192,0.001671,0.001941,0.0019421,0.0018664,0.0021895,0.0020566,0.0018386,0.0017474,0.0016574,0.0016563,0.0017516,0.0018141,0.001709,0.0018917,0.0017174,0.0023309,0.0016163,0.0018061,0.0016796,0.0018328,0.0017432,0.0014169,0.001577,0.0016567,0.0021564,0.0017357,0.001606,0.0016421,0.0015912,0.0018105,0.0018184,0.0016154,0.0016789,0.0017576,0.0017934,0.0015251,0.0018355,0.0015308,0.0018248,0.001525,0.0013827,0.0013133,0.0015562,0.0018305,0.0012618,0.0017192,0.0013541,0.0014743,0.0016705,0.001296,0.001502,0.0017093,0.0014164,0.0015019,0.0015798,0.0011985,0.0016061,0.0014867,0.0014997,0.0012517,0.0015811,0.0013383,0.0015751,0.0014155,0.00096165,0.0015708,0.0016753,0.0011869,0.0011889,0.0011405,0.0015275,0.0015173,0.0015074,0.0010715,0.00095766,0.00095855,0.00098957,0.0014851,0.0014814,0.0010479,0.0012872,0.0010341,0.0010248,0.00086823,0.00082456,0.0011105,0.0011041,0.0013793,0.0012036,1074300.0,1105700.0,792270.0,4276700.0,2284500.0,1150800.0,5856800.0,1513400.0,1879800.0,3242500.0,2966100.0,734830.0,5652900.0,1298400.0,4052200.0,2459600.0,5070500.0,4091400.0,1340500.0,3371900.0,2502600.0,3347400.0,11704000.0,958350.0,6311800.0,749460.0,9101500.0,1591900.0,1841400.0,815570.0,3232100.0,1680500.0,5814300.0,23940000.0,2520900.0,2724900.0,4347000.0,1235900.0,1513400.0,1646200.0,2062700.0,1057700.0,2058300.0,1019200.0,7475600.0,2433400.0,1825600.0,1494000.0,2274900.0,15971000.0,952090.0,7278300.0,3995200.0,706940.0,3910700.0,1079100.0,2657700.0,17679000.0,32102000.0,2373200.0,1720700.0,1532600.0,2840700.0,1036400.0,1926200.0,3409900.0,803840.0,2871900.0,1940600.0,3915400.0,2755300.0,1446400.0,1119200.0,15048000.0,5077600.0,1340600.0,3613400.0,1673300.0,965090.0,2573300.0,3702600.0,1313000.0,893150.0,2116300.0,873820.0,1861100.0,2850800.0,4950200.0,4191200.0,2338500.0,5694300.0,1300700.0,9352900.0,4677300.0,1017700.0,1694700.0,903640.0,1769700.0,3509900.0,9918500.0,1730700.0,16523000.0,1417300.0,9919600.0,1633600.0,3256300.0,1272900.0,1628100.0,12535000.0,5115100.0,2157200.0,3869300.0,2389200.0,1225800.0,656170.0,3373000.0,11659000.0,2413800.0,1291100.0,778800.0,1922000.0,735100.0,1193700.0,2218700.0,8786700.0,4156700.0,2627900.0,3087700.0,2361300.0,1498700.0,773560.0,10411000.0,2404500.0,3548600.0,2073400.0,1371700.0,1031900.0,2014200.0,1052000.0,2853800.0,3921600.0,1159600.0,1477000.0,2103000.0,1521000.0,2210500.0,2422200.0,877170.0,6912100.0,1513500.0,9390500.0,6180200.0,809830.0,10291000.0,814480.0,1274500.0,19279000.0,683650.0,12167000.0,721740.0,5575100.0,3693400.0,3817200.0,2647300.0,5252900.0,4116200.0,4227600.0,964530.0,4135000.0,1638700.0,6369200.0,1506700.0,7610900.0,1080700.0,744550.0,4005200.0,2996600.0,1988300.0,8411500.0,2288700.0,948280.0,1205600.0,3671000.0,3568300.0,1940100.0,1475700.0,747540.0,6807100.0,5275200.0,2336700.0,637470.0,17726000.0,3323000.0,5257900.0,1142200.0,18258000.0,5431600.0,1100100.0,8580600.0,1353300.0,1434500.0,3992400.0,5297000.0,799330.0,1639500.0,973680.0,1778500.0,1568200.0,1456500.0,7851700.0,2342100.0,1425100.0,12280000.0,2793800.0,1238000.0,1263500.0,3260300.0,951930.0,4669600.0,1133200.0,1854600.0,8075300.0,4435100.0,696550.0,1421900.0,10018000.0,5258300.0,5069200.0,15394000.0,3001700.0,1931800.0,2342400.0,2994600.0,3189800.0,1882600.0,1749500.0,2275100.0,1499400.0,7215800.0,652060.0,3656200.0,8296200.0,8910100.0,1863600.0,5378600.0,4029700.0,5011000.0,864140.0,1139900.0,5361500.0,1551600.0,6587500.0,3485200.0,7122400.0,1970700.0,1638700.0,1591200.0,1087700.0,1106100.0,2208100.0,945990.0,5091800.0,3371700.0,4404800.0,3356800.0,2894200.0,2745600.0,15584000.0,14989000.0,6042000.0,4601000.0,2807600.0,6148400.0,3762100.0,1781300.0,2740300.0,1353800.0,4824200.0,3044800.0,1.545,1.8586,4.1663,2.2415,2.4805,3.6647,1.2759,2.2397,4.224,1.1962,1.983,4.2119,2.462,2.6635,4.3244,0.75113,2.066,4.2237,1.6933,2.5296,3.8747,3.0941,2.8431,5.8669,1.1806,2.027,4.1911,1.7024,1.713,4.2417,1.2954,2.2868,4.2871,0.70253,2.0284,4.2104,2.9025,2.842,4.664,5.5381,2.7408,1.3542,1.2603,2.81,3.6331,0.82156,2.1624,2.9957,2.5966,2.1891,4.5853,1.4618,1.676,3.8905,0.75127,2.6999,3.9067,1.8832,1.8416,3.542,1.2106,2.3808,3.2527,0.3791,2.2935,3.4699,1.8626,1.6243,3.4117,2.0619,2.6562,4.2119,1.917,1.6323,3.3718,1.6585,1.629,3.983,0.33522,2.1941,3.1191,2.1188,2.4394,4.5398,1.5015,1.7043,3.2821,0.9278,1.9595,2.753,3.2647,2.835,6.0339,1.9392,1.8258,3.5198,0.86061,2.7336,2.9143,1.6813,2.5966,4.0055,0.75752,1.8996,2.7369,1.1022,2.4137,3.141,1.9379,1.9282,4.4901,1.8451,1.6496,3.8979,0.63697,2.1382,3.9372,1.4201,2.5601,3.9287,0.98098,2.1629,3.1637,2.6451,2.3812,4.3984,2.0104,2.2108,4.7291,1.5495,1.6325,3.9285,1.8905,2.0276,4.4791,1.5036,2.2117,3.2264,0.81979,2.2539,2.9911,2.4439,2.5001,4.3711,2.0261,2.492,4.8217,1.939,2.6202,4.7936,2.6108,2.3774,4.3837,1.2689,2.5284,3.8729,1.877,2.3415,4.4088,2.615,2.9731,4.433,0.68718,2.3668,2.6897,1.3592,2.0138,4.6113,1.8509,2.9955,3.69,0.24359,2.3717,3.3694,1.704,1.6157,4.0816,0.84049,2.2264,3.0655,2.2744,2.3026,4.7157,0.49353,2.3954,3.1273,0.7267,2.2599,3.1313,0.014462,2.899,1.727,2.0499,2.2243,4.6639,2.5228,2.447,4.3146,2.2778,2.3137,5.1436,1.915,2.6354,4.1175,1.1199,1.8169,4.0641,4.5082,2.799,0.71741,0.76078,2.1942,2.9642,1.4782,2.1398,4.2927,1.1772,2.2644,3.5605,2.0015,2.621,4.2652,1.6218,1.5765,4.1438,1.1726,2.5169,3.134,0.73057,2.5215,3.7354,2.2479,1.8167,3.6796,1.3866,2.5406,3.4807,1.3606,2.5999,3.5176,1.3907,1.6306,4.265,1.9336,2.6349,4.439,2.0841,2.6201,4.639,3.3163,2.8396,6.1415,1.7689,1.607,4.1981,1.9094,1.9258,3.3744,2.5144,2.9414,5.3912,1.1904,2.5799,3.0461,2.6823,2.3834,5.0053,1.0124,2.7084,4.2394,1.4294,2.4989,3.556,0.97586,1.9507,4.1631,1.7806,1.6349,4.0593,1.9755,1.9342,3.3937,6.0294,2.8988,2.8558,2.9802,2.2212,4.6724,1.5401,1.9196,4.4036,1.1507,2.5488,3.3576,1.4358,2.4693,3.3986,1.7094,1.8756,3.6587,2.051,2.4607,4.1079,1.0872,2.3838,3.2525,2.5077,1.8569,5.3344,0.99812,2.5909,3.2734,1.3529,2.5596,3.3173,0.24358,3.0503,3.1975,0.66547,1.934,2.7543,1.6608,1.9452,4.6243,1.5264,1.7965,4.2157,5.21,2.7577,1.5843,0.89625,2.2319,2.9533,0.96313,2.7316,4.2336,2.3791,2.4159,3.7097,2.9388,2.2933,4.9703,3.1004,2.5757,4.6227,2.0919,2.3879,4.6136,2.1816,2.2254,4.1712,0.70956,2.2669,3.3275,0.65565,2.4183,3.053,0.58295,2.2669,3.8922,2.4616,2.4405,4.5827,0.70151,2.4538,2.8634,1.2933,1.5666,4.3631,1.5888,1.9195,3.5442,0.38644,2.6643,2.2077,3.4207,2.9118,0.27487,0.84654,2.2605,3.0674,1.6254,1.667,4.1688,1.6777,1.9129,3.2931,0.7969,2.3474,2.8959,2.2429,2.2702,4.9418,1.347,2.581,3.2373,1.2913,2.2202,3.6817,0.35613,2.0748,3.322,1.7243,1.8909,3.4401,2.636,2.0201,4.1285,2.0393,2.1505,4.9584,1.3983,1.6967,3.8538,0.77077,2.0545,2.8306,2.0859,2.1126,5.087,2.156,2.2972,4.5771,1.5054,2.4664,4.0292,4.0077,2.8313,6.2047,1.8076,2.5071,3.9811,0.60333,1.9977,4.1663,1.1848,2.6154,4.2317,3.2786,2.7756,6.0842,1.7043,1.5662,3.2779,0.2812,2.3918,3.4312,4.8358,3.0021,0.66835,0.43276,2.8279,3.3458,1.1464,2.5492,3.1041,2.2592,2.1847,5.0286,1.6752,2.0489,4.458,1.6561,1.6194,3.397,1.8936,2.9524,3.4287,0.74998,2.3202,2.924,0.79268,2.3647,3.0174,0.22248,2.6688,3.3493,1.9865,2.4593,4.2861,0.67209,2.4004,2.804,1.0163,2.3718,3.5824,1.2916,1.759,4.3291,0.22904,2.3558,3.4955,1.6926,1.5951,3.2755,0.85228,2.295,2.8714,2.9187,2.8531,6.0399,1.6749,2.5082,3.956,2.032,2.2469,4.6087,2.1588,2.6439,5.0542,1.5827,1.9543,3.8047,1.4316,1.7606,3.7607,2.3039,2.144,4.9833,1.4908,2.5637,3.9285,0.46125,2.9954,2.1064,4.4399,2.8858,0.26234,1.3367,2.8485,4.1754,1.8569,1.9831,3.892,1.1511,2.6734,2.738,0.062286,2.7736,2.8212,1.0753,2.9176,4.1945,0.47317,2.4265,2.6169,0.85967,2.0865,2.8336,0.55152,2.4891,3.4233,1.8261,2.2381,4.345,1.0637,2.8261,4.2223,0.71188,2.0623,2.9378,2.1191,1.8349,3.7001,1.4255,1.887,3.7231,2.2394,2.5789,4.7125,1.5498,1.5753,4.1995,1.2653,2.1359,3.2413,0.75185,2.1065,2.9939,0.73669,2.2527,2.6407,1.7973,2.3907,4.1891,2.2199,2.564,4.9008,0.59454,2.0749,2.9288,1.7353,1.8042,3.2908,0.89027,2.9766,2.6193,0.52849,2.5303,2.5878,3.2561,2.7216,6.2062,6.2583,2.8706,2.6995,4.0948,2.8766,6.0616,2.4122,2.2288,3.7289,1.4953,3.0571,4.5213,1.2358,2.4503,3.4988,6.0892,3.1093,2.7967,2.3744,2.1722,3.7346,1.3212,1.8442,3.7108,2.3802,2.3292,4.6443,2.5969,2.7337,4.2648,1.2561,2.7162,4.3133,1.6604,1.9312,3.8067,1.2161,2.742,3.7824,2.326,2.3325,4.9134,1.3733,2.5974,3.3655,2.1485,2.3072,4.0554,0.8178,1.9778,3.3912,2.423,2.3051,3.8116,2.3381,2.3374,3.7249,2.3061,2.0107,5.0869,2.6125,2.2912,4.8302,2.4056,2.2414,3.7901,1.449,1.614,3.9271,2.319,2.5756,4.9085,1.7253,1.9438,3.8521,0.82083,2.1122,4.1372,1.5745,1.8473,4.3492,2.2967,2.5392,4.9504,1.4459,2.4,3.2533,5.8308,2.8111,2.1103,1.863,1.7486,3.529,1.9287,2.8942,4.1527,2.1245,1.9974,4.8411,1.1896,2.6296,4.3774,2.0204,2.1595,4.9522,1.6579,1.778,3.9275,1.6372,1.9969,3.3222,1.1621,2.7248,3.7324,1.0476,2.8511,3.8249,1.5802,2.4964,3.923,1.1665,2.6686,3.6801,1.7555,1.7439,4.0803,0.72382,2.446,2.8164,1.8281,2.1432,4.419,0.10278,2.7784,3.0169,1.0351,1.9504,4.3438,0.98364,2.2771,3.0859,1.5808,2.4078,4.5596,1.0082,2.0786,2.8309,0.80397,2.0086,2.6825,1.6966,1.7593,3.9346,0.8626,2.4373,2.9268,1.3072,1.5801,3.8409,2.7712,2.612,4.6118,1.0428,2.2428,3.638,1.1803,2.7202,3.6909,2.0085,1.9993,4.4753,1.0028,1.96,4.2392,1.9124,1.6453,3.4343,1.7286,2.5013,3.9701,2.2647,2.5328,4.8733,2.0532,2.3526,3.5928,1.2061,3.0551,3.4624,1.3956,1.4448,4.2555,0.71554,2.9767,3.6568,1.6515,1.721,4.2434,0.80668,1.9998,2.7177,0.53923,2.2232,4.0577,2.592,2.5994,4.5242,2.0209,2.1017,3.4526,1.3733,2.8794,3.5316,1.0878,2.2321,3.6141,2.5404,2.0432,4.4814,1.5045,1.7366,4.4196,1.5928,2.5858,3.5659,2.073,2.2899,4.062,2.7133,2.2979,4.9621,0.44851,2.4976,2.9289
0.21007,0.33302,0.007557,255.76,290.86,197.95,0.001454,0.0017297,0.0009999,206.11,226.05,237.68,222.55,222.23,175.04,236.13,227.33,270.35,227.97,272.88,293.63,200.06,244.03,227.38,302.08,225.64,263.4,234.43,174.56,357.28,243.85,205.01,251.15,207.44,291.82,272.85,334.43,181.4,273.88,241.89,232.18,142.29,254.24,289.03,373.87,280.19,200.82,339.02,371.77,299.83,195.99,279.39,206.56,300.92,288.33,335.28,335.75,385.75,297.91,289.66,285.86,417.02,378.33,403.6,306.45,354.85,309.76,238.26,451.98,404.23,378.97,355.41,200.23,316.19,258.45,256.14,229.46,361.14,266.37,295.86,267.02,361.97,352.37,274.76,291.42,298.52,365.01,365.17,352.46,253.66,319.1,348.19,286.93,317.15,224.18,336.97,291.47,344.84,297.02,333.36,329.91,304.9,338.52,309.05,276.04,288.66,361.28,282.74,276.66,429.64,392.52,396.77,280.3,372.14,489.9,455.6,353.94,269.14,336.97,426.53,311.0,344.01,330.12,285.08,400.15,338.01,398.52,423.63,366.79,416.46,436.53,417.53,327.53,373.1,416.11,500.08,278.78,526.85,490.74,444.43,338.07,487.64,339.27,325.63,657.14,376.67,407.12,393.39,386.99,361.91,284.45,353.51,420.06,294.42,490.88,345.99,339.63,406.35,483.52,276.62,312.29,399.36,272.91,150.93,329.93,389.04,339.15,504.58,394.87,212.63,300.2,221.48,236.31,283.78,296.31,241.97,325.74,307.08,245.41,290.96,260.31,306.34,209.69,282.64,272.17,263.19,240.73,232.69,326.05,231.36,341.17,380.71,267.03,300.12,253.78,334.39,295.98,239.53,329.53,339.69,299.43,310.16,298.32,326.31,342.69,284.52,506.23,243.68,268.74,277.69,280.4,259.72,297.89,287.93,361.04,279.36,265.12,270.62,336.67,283.42,203.22,232.17,274.79,360.03,271.42,238.53,288.83,256.34,288.07,284.24,257.77,273.4,288.59,290.94,227.36,298.33,229.82,308.64,230.43,240.89,199.55,280.84,286.22,182.08,287.98,231.25,186.0,269.91,197.25,233.73,282.19,198.36,254.2,268.76,204.07,267.52,258.44,237.71,190.55,251.29,216.29,254.89,245.87,168.4,292.25,293.8,214.11,173.39,208.44,280.14,250.27,254.43,236.99,154.5,159.54,202.85,248.79,254.81,226.81,232.25,214.37,193.35,173.37,182.28,229.62,206.64,255.51,218.06,0.00074736,0.0010237,0.0010613,0.0011613,0.0010685,0.00082459,0.0012309,0.00096344,0.0013935,0.0010715,0.0014346,0.001615,0.00099002,0.0013104,0.0011013,0.0017645,0.0013095,0.001474,0.0014876,0.0010764,0.0020735,0.0016089,0.0012862,0.0017344,0.001417,0.0019047,0.0015699,0.0019127,0.0013546,0.001818,0.0014893,0.0014378,0.0010186,0.0014106,0.001755,0.0022498,0.0017289,0.0012132,0.0020452,0.0021505,0.0016921,0.0011098,0.0017816,0.0015528,0.0018263,0.0017766,0.0020725,0.0018766,0.0022929,0.001783,0.0014017,0.0017902,0.0024807,0.0020447,0.0023695,0.0019482,0.0020713,0.0013647,0.001626,0.0026952,0.0023957,0.0022411,0.0021378,0.001312,0.0021497,0.0017056,0.0015117,0.0016967,0.002234,0.0016858,0.0019069,0.0018391,0.002109,0.0021315,0.0012262,0.0019058,0.0018778,0.002277,0.002284,0.0022329,0.001384,0.0022028,0.0022617,0.0017628,0.0013419,0.001701,0.0014832,0.001913,0.0020698,0.0019394,0.0020952,0.0018998,0.0015593,0.0021495,0.0015949,0.0018775,0.0018188,0.0023016,0.0015536,0.0018043,0.0021978,0.0023713,0.0024036,0.0016821,0.0022948,0.002354,0.0026499,0.0022484,0.0018497,0.0020514,0.002559,0.0020818,0.0016362,0.0020023,0.0018915,0.0024242,0.0020478,0.0022662,0.0023091,0.0017877,0.001958,0.0025145,0.0019262,0.0021753,0.0020611,0.0019311,0.0027563,0.0019328,0.0024839,0.0027644,0.002712,0.0020218,0.002608,0.0013673,0.0021054,0.0032001,0.0021958,0.0020682,0.0023405,0.0020727,0.0021758,0.0018294,0.0020031,0.0025015,0.002039,0.0023504,0.0020976,0.0015211,0.00197,0.0024955,0.0018099,0.002039,0.0021892,0.0017873,0.0011925,0.0019085,0.0022811,0.0020893,0.0022937,0.0019812,0.0013718,0.0018704,0.0015519,0.0016463,0.0016315,0.0017917,0.0017284,0.0020122,0.0019225,0.0017251,0.0019301,0.0015497,0.0019278,0.0015163,0.0018242,0.0017148,0.0018049,0.0015487,0.0014703,0.0018941,0.0015002,0.0020182,0.0022107,0.0016315,0.0019128,0.0017786,0.0020891,0.0018267,0.0016516,0.0019246,0.0016728,0.0019454,0.0019466,0.0018701,0.0021945,0.0020607,0.0018426,0.0017542,0.0016605,0.001658,0.0017555,0.0018184,0.0017104,0.0018944,0.0017208,0.0023359,0.0016193,0.0018095,0.0016826,0.0018374,0.0017472,0.0014191,0.0015791,0.0016591,0.0021613,0.0017402,0.0016096,0.0016443,0.0015931,0.0018127,0.0018214,0.0016184,0.0016814,0.0017602,0.001795,0.0015272,0.0018398,0.0015324,0.0018283,0.0015272,0.0013848,0.0013154,0.0015588,0.0018338,0.0012625,0.0017212,0.0013558,0.0014761,0.0016728,0.001298,0.0015043,0.0017119,0.0014185,0.0015031,0.0015813,0.0011994,0.0016084,0.0014884,0.0015018,0.0012528,0.0015833,0.0013399,0.001577,0.0014173,0.00096273,0.0015724,0.0016776,0.0011883,0.0011898,0.0011417,0.0015291,0.0015196,0.0015087,0.0010724,0.00095855,0.00095931,0.00099039,0.0014868,0.001483,0.0010488,0.0012883,0.0010348,0.0010259,0.00086928,0.0008254,0.0011114,0.0011046,0.0013807,0.0012045,1074300.0,1105700.0,792270.0,4276700.0,2284500.0,1150800.0,5856800.0,1513400.0,1879800.0,3242500.0,2966100.0,734830.0,5652900.0,1298400.0,4052200.0,2459600.0,5070500.0,4091400.0,1340500.0,3371900.0,2502600.0,3347400.0,11704000.0,958350.0,6311800.0,749460.0,9101500.0,1591900.0,1841400.0,815570.0,3232100.0,1680500.0,5814300.0,23940000.0,2520900.0,2724900.0,4347000.0,1235900.0,1513400.0,1646200.0,2062700.0,1057700.0,2058300.0,1019200.0,7475600.0,2433400.0,1825600.0,1494000.0,2274900.0,15971000.0,952090.0,7278300.0,3995200.0,706940.0,3910700.0,1079100.0,2657700.0,17679000.0,32102000.0,2373200.0,1720700.0,1532600.0,2840700.0,1036400.0,1926200.0,3409900.0,803840.0,2871900.0,1940600.0,3915400.0,2755300.0,1446400.0,1119200.0,15048000.0,5077600.0,1340600.0,3613400.0,1673300.0,965090.0,2573300.0,3702600.0,1313000.0,893150.0,2116300.0,873820.0,1861100.0,2850800.0,4950200.0,4191200.0,2338500.0,5694300.0,1300700.0,9352900.0,4677300.0,1017700.0,1694700.0,903640.0,1769700.0,3509900.0,9918500.0,1730700.0,16523000.0,1417300.0,9919600.0,1633600.0,3256300.0,1272900.0,1628100.0,12535000.0,5115100.0,2157200.0,3869300.0,2389200.0,1225800.0,656170.0,3373000.0,11659000.0,2413800.0,1291100.0,778800.0,1922000.0,735100.0,1193700.0,2218700.0,8786700.0,4156700.0,2627900.0,3087700.0,2361300.0,1498700.0,773560.0,10411000.0,2404500.0,3548600.0,2073400.0,1371700.0,1031900.0,2014200.0,1052000.0,2853800.0,3921600.0,1159600.0,1477000.0,2103000.0,1521000.0,2210500.0,2422200.0,877170.0,6912100.0,1513500.0,9390500.0,6180200.0,809830.0,10291000.0,814480.0,1274500.0,19279000.0,683650.0,12167000.0,721740.0,5575100.0,3693400.0,3817200.0,2647300.0,5252900.0,4116200.0,4227600.0,964530.0,4135000.0,1638700.0,6369200.0,1506700.0,7610900.0,1080700.0,744550.0,4005200.0,2996600.0,1988300.0,8411500.0,2288700.0,948280.0,1205600.0,3671000.0,3568300.0,1940100.0,1475700.0,747540.0,6807100.0,5275200.0,2336700.0,637470.0,17726000.0,3323000.0,5257900.0,1142200.0,18258000.0,5431600.0,1100100.0,8580600.0,1353300.0,1434500.0,3992400.0,5297000.0,799330.0,1639500.0,973680.0,1778500.0,1568200.0,1456500.0,7851700.0,2342100.0,1425100.0,12280000.0,2793800.0,1238000.0,1263500.0,3260300.0,951930.0,4669600.0,1133200.0,1854600.0,8075300.0,4435100.0,696550.0,1421900.0,10018000.0,5258300.0,5069200.0,15394000.0,3001700.0,1931800.0,2342400.0,2994600.0,3189800.0,1882600.0,1749500.0,2275100.0,1499400.0,7215800.0,652060.0,3656200.0,8296200.0,8910100.0,1863600.0,5378600.0,4029700.0,5011000.0,864140.0,1139900.0,5361500.0,1551600.0,6587500.0,3485200.0,7122400.0,1970700.0,1638700.0,1591200.0,1087700.0,1106100.0,2208100.0,945990.0,5091800.0,3371700.0,4404800.0,3356800.0,2894200.0,2745600.0,15584000.0,14989000.0,6042000.0,4601000.0,2807600.0,6148400.0,3762100.0,1781300.0,2740300.0,1353800.0,4824200.0,3044800.0,1.5452,1.8586,4.1663,2.2416,2.4805,3.6647,1.2759,2.2397,4.224,1.1961,1.9829,4.2118,2.4617,2.6635,4.3244,0.75069,2.0661,4.2238,1.694,2.5297,3.8746,3.0943,2.843,5.8669,1.1804,2.0269,4.191,1.7021,1.7129,4.2417,1.2956,2.2872,4.2875,0.70165,2.0282,4.2105,2.9022,2.842,4.6644,5.5371,2.7405,1.3536,1.2605,2.8098,3.6332,0.8209,2.1624,2.9956,2.5972,2.1897,4.586,1.4617,1.6759,3.8904,0.75218,2.7005,3.9073,1.8826,1.8419,3.5424,1.2109,2.3806,3.2533,0.37945,2.2935,3.4693,1.8629,1.6241,3.4119,2.0622,2.6556,4.2116,1.9175,1.6322,3.3718,1.659,1.6288,3.9833,0.3351,2.1943,3.1189,2.1192,2.4396,4.5404,1.5016,1.7043,3.2824,0.92849,1.9598,2.7529,3.2654,2.8349,6.0345,1.9392,1.826,3.5199,0.86,2.7338,2.9144,1.6807,2.5966,4.0055,0.75805,1.8996,2.7367,1.1019,2.4137,3.1412,1.9378,1.9283,4.49,1.8461,1.6495,3.898,0.63742,2.1378,3.9383,1.4213,2.5604,3.9297,0.98078,2.1632,3.1632,2.6459,2.3816,4.3991,2.0103,2.2108,4.7292,1.5497,1.6322,3.9285,1.8905,2.0282,4.479,1.5038,2.2119,3.2262,0.81974,2.2543,2.9902,2.4439,2.5009,4.3711,2.0267,2.4913,4.8214,1.9391,2.6202,4.7932,2.6112,2.378,4.3843,1.2688,2.5287,3.8728,1.8783,2.3421,4.4093,2.6189,2.9728,4.4358,0.68822,2.3664,2.6907,1.3581,2.0136,4.6115,1.8506,2.9952,3.689,0.24297,2.3715,3.3695,1.7042,1.6156,4.0816,0.84129,2.2269,3.0656,2.2749,2.3025,4.7159,0.49182,2.3951,3.1275,0.72552,2.2602,3.1309,0.014501,2.899,1.7259,2.0511,2.2251,4.6646,2.5227,2.4478,4.3151,2.2774,2.3138,5.1436,1.9146,2.635,4.1168,1.1198,1.8165,4.0647,4.5078,2.7984,0.71818,0.76063,2.1944,2.9639,1.4789,2.1401,4.2928,1.1777,2.2655,3.5607,2.0008,2.6206,4.2646,1.622,1.5767,4.1437,1.1724,2.5166,3.1342,0.7303,2.5222,3.7354,2.2484,1.8166,3.6793,1.3865,2.5406,3.4809,1.3607,2.5998,3.5174,1.3906,1.6305,4.2647,1.9337,2.6343,4.4387,2.0852,2.6191,4.6395,3.3155,2.8399,6.1415,1.77,1.6066,4.1983,1.9105,1.9256,3.3738,2.5153,2.9409,5.3916,1.1901,2.5799,3.0459,2.6823,2.3831,5.0051,1.0133,2.709,4.2403,1.4294,2.4988,3.5564,0.97645,1.9512,4.1638,1.7806,1.6351,4.0592,1.976,1.9343,3.3937,6.0307,2.8987,2.8565,2.981,2.221,4.6724,1.5414,1.9193,4.4044,1.1515,2.5484,3.3577,1.436,2.4693,3.3988,1.7097,1.8753,3.6586,2.0513,2.4607,4.1086,1.0872,2.3842,3.2527,2.5079,1.856,5.335,0.99828,2.5904,3.2732,1.3522,2.5597,3.3169,0.24369,3.0503,3.1976,0.66577,1.9348,2.7538,1.6606,1.945,4.6251,1.5271,1.796,4.216,5.2099,2.757,1.5843,0.89684,2.2323,2.9539,0.96404,2.7321,4.2346,2.3788,2.4156,3.7099,2.9392,2.2933,4.9703,3.1014,2.5753,4.6231,2.0927,2.3876,4.6142,2.1817,2.2258,4.1712,0.70986,2.2673,3.3279,0.6564,2.4184,3.053,0.5833,2.2676,3.8924,2.4618,2.4405,4.5819,0.70096,2.4542,2.8624,1.2929,1.5664,4.3633,1.5888,1.9191,3.5449,0.38742,2.6644,2.2085,3.4205,2.9114,0.27449,0.84636,2.2603,3.0672,1.6253,1.667,4.1692,1.6779,1.9133,3.2938,0.79785,2.3471,2.8965,2.2435,2.2698,4.9419,1.3477,2.5811,3.238,1.2919,2.2205,3.6825,0.35624,2.0745,3.323,1.7246,1.8907,3.4402,2.6362,2.0195,4.129,2.039,2.1506,4.9583,1.399,1.6967,3.8541,0.77073,2.0552,2.8314,2.0861,2.1123,5.0874,2.1559,2.2974,4.5776,1.5055,2.467,4.0297,4.0065,2.8298,6.2034,1.8071,2.5074,3.9806,0.60248,1.998,4.1666,1.1841,2.6153,4.2314,3.2779,2.7752,6.0845,1.7043,1.5663,3.2778,0.28149,2.3921,3.4316,4.8345,3.0021,0.66698,0.43274,2.8282,3.3467,1.146,2.5494,3.1048,2.2591,2.1846,5.0291,1.676,2.0489,4.4584,1.656,1.6195,3.3972,1.8953,2.9526,3.4302,0.74996,2.3199,2.9242,0.79238,2.3642,3.0175,0.22215,2.669,3.3493,1.9869,2.4595,4.2863,0.67237,2.4001,2.8041,1.0166,2.3726,3.5823,1.2917,1.7588,4.3293,0.22903,2.3559,3.4961,1.6924,1.5952,3.2754,0.85291,2.2945,2.8717,2.9182,2.853,6.0402,1.6737,2.508,3.9557,2.0319,2.2472,4.6087,2.1574,2.6435,5.0535,1.582,1.9542,3.8045,1.432,1.7602,3.761,2.3039,2.1441,4.9832,1.4907,2.5635,3.9281,0.46072,2.9951,2.1055,4.4391,2.8853,0.26217,1.3365,2.8487,4.175,1.8564,1.9833,3.892,1.1503,2.6735,2.7373,0.06093,2.7733,2.8208,1.0756,2.9177,4.1946,0.47303,2.426,2.6172,0.85969,2.0869,2.8334,0.55193,2.4892,3.4238,1.8271,2.2384,4.3453,1.0629,2.8264,4.222,0.71235,2.0628,2.9371,2.1194,1.8348,3.6997,1.4258,1.8872,3.7235,2.2384,2.5782,4.7113,1.5505,1.5752,4.1996,1.265,2.1359,3.2416,0.75239,2.107,2.9936,0.7366,2.2522,2.6408,1.7974,2.3909,4.1893,2.2194,2.5633,4.9005,0.59449,2.0751,2.9283,1.7352,1.8046,3.2908,0.89095,2.9765,2.6196,0.52817,2.5305,2.5877,3.2566,2.7214,6.2069,6.259,2.8706,2.7007,4.0932,2.8761,6.0597,2.4124,2.2277,3.7289,1.4959,3.0571,4.523,1.2355,2.4503,3.4992,6.0849,3.1094,2.7935,2.3743,2.1718,3.7343,1.3215,1.8443,3.711,2.3798,2.3293,4.6447,2.5965,2.7342,4.2656,1.256,2.7163,4.3129,1.6595,1.931,3.8063,1.2166,2.7417,3.7831,2.3256,2.3321,4.9129,1.3723,2.5971,3.3655,2.1482,2.3078,4.0551,0.81777,1.978,3.3912,2.4229,2.3044,3.8118,2.3379,2.3371,3.7248,2.3065,2.0109,5.0875,2.6121,2.2913,4.8303,2.4059,2.2414,3.79,1.4493,1.6141,3.9274,2.3183,2.5751,4.9082,1.7245,1.9438,3.8518,0.82092,2.1121,4.1376,1.5741,1.8474,4.3495,2.2963,2.5384,4.9505,1.4458,2.4001,3.2533,5.8303,2.8107,2.1099,1.863,1.7485,3.529,1.9283,2.8935,4.1519,2.1249,1.9976,4.8412,1.1899,2.6298,4.3778,2.021,2.1596,4.9525,1.6581,1.7779,3.9273,1.6374,1.9967,3.3218,1.1625,2.7247,3.7328,1.0479,2.8512,3.8248,1.5808,2.4966,3.9233,1.1665,2.6682,3.6799,1.7552,1.7437,4.0803,0.72321,2.4459,2.8165,1.8279,2.1436,4.4193,0.10274,2.7783,3.0176,1.0347,1.9504,4.3441,0.98371,2.2769,3.0862,1.5805,2.4079,4.5595,1.0082,2.0785,2.8309,0.80423,2.0086,2.6824,1.697,1.7591,3.9344,0.86221,2.4372,2.9275,1.3068,1.58,3.8409,2.7712,2.6121,4.6117,1.0426,2.2433,3.638,1.1804,2.7199,3.6911,2.0086,1.9994,4.4753,1.0025,1.96,4.2391,1.9127,1.6453,3.4343,1.7289,2.5014,3.97,2.2652,2.5327,4.8731,2.0529,2.3526,3.5924,1.2059,3.0551,3.4624,1.3953,1.4449,4.2556,0.7158,2.9766,3.6568,1.6517,1.7209,4.2434,0.80691,1.9997,2.7176,0.53871,2.2233,4.0581,2.5916,2.5994,4.5243,2.0211,2.1016,3.4526,1.3733,2.8792,3.5315,1.0878,2.2323,3.614,2.5404,2.0434,4.4815,1.5045,1.7366,4.4196,1.5927,2.5858,3.5659,2.0731,2.2899,4.062,2.7134,2.2977,4.9619,0.44854,2.4974,2.9288
0.21167,0.33556,0.0075981,256.3,291.77,197.89,0.0014569,0.0017344,0.00099973,205.49,225.65,238.35,222.48,222.92,175.09,235.46,226.94,270.26,228.44,273.76,294.9,200.43,244.97,227.5,303.04,225.23,263.93,235.35,174.7,357.99,243.26,204.4,250.19,206.87,292.54,273.74,335.41,181.88,273.01,242.14,233.14,142.13,255.35,289.1,375.1,280.98,199.49,340.45,373.18,300.39,196.78,281.26,206.94,301.97,289.27,336.62,337.26,387.53,298.93,290.81,286.78,419.74,379.55,405.37,307.67,356.13,312.1,238.34,454.15,406.0,380.3,356.34,201.46,318.03,259.1,257.38,229.22,362.58,267.73,297.27,267.85,363.41,354.43,278.71,292.93,299.18,366.24,366.53,353.68,255.38,321.02,349.33,286.98,319.62,225.21,339.53,291.83,346.0,298.11,335.04,332.23,305.47,339.22,310.57,276.2,289.62,362.5,284.05,278.0,432.23,394.12,399.88,281.67,373.09,492.27,457.18,355.94,270.57,337.73,427.64,312.24,348.08,331.68,285.58,401.98,339.8,401.44,425.83,367.99,421.47,438.52,420.69,328.87,374.74,419.18,503.92,279.6,530.35,492.31,446.53,339.58,490.31,346.32,327.09,660.38,378.51,409.95,394.93,389.23,363.12,285.38,354.6,421.29,295.4,493.95,346.32,341.72,409.16,486.03,277.54,313.3,400.64,274.19,151.07,331.53,390.77,339.82,507.6,395.33,212.9,300.92,221.96,236.86,285.3,297.04,242.55,326.08,308.02,245.72,291.55,260.89,307.25,210.52,283.24,272.36,263.67,241.26,233.17,326.39,231.9,342.12,381.42,267.2,301.2,254.19,335.0,296.74,239.88,330.48,340.18,300.22,310.83,299.1,327.33,343.49,285.27,508.25,244.23,269.2,278.58,281.16,259.72,298.41,288.69,362.4,280.17,265.85,271.03,337.77,284.27,203.5,232.56,275.29,361.07,272.17,239.03,289.15,256.69,288.57,284.74,258.21,273.82,288.8,291.17,227.67,299.1,230.04,309.32,230.72,241.17,199.89,281.28,286.72,182.17,288.34,231.55,186.15,270.23,197.53,234.04,282.62,198.59,254.38,269.07,204.17,267.87,258.68,238.03,190.66,251.54,216.49,255.23,246.18,168.48,292.5,294.03,214.23,173.38,208.56,280.36,250.59,254.67,237.14,154.55,159.57,202.89,248.98,255.02,226.88,232.4,214.37,193.45,173.46,182.31,229.63,206.58,255.72,218.07,0.00074361,0.001021,0.0010639,0.0011615,0.0010718,0.00082496,0.001227,0.00096126,0.0013935,0.001074,0.0014399,0.0016224,0.00099181,0.0013157,0.0011023,0.0017705,0.001308,0.0014783,0.0014937,0.0010777,0.0020776,0.0016049,0.0012824,0.001729,0.0014128,0.0019103,0.0015756,0.0019181,0.0013585,0.0018122,0.0014916,0.0014439,0.0010181,0.0014163,0.001755,0.0022571,0.0017341,0.0012003,0.0020532,0.0021588,0.0016971,0.0011129,0.0017902,0.001557,0.0018324,0.0017821,0.0020821,0.0018857,0.0023023,0.0017892,0.0014081,0.0017961,0.0024936,0.0020511,0.0023789,0.0019552,0.0020789,0.0013739,0.0016215,0.0027056,0.0024006,0.0022491,0.0021431,0.0013161,0.002159,0.0017097,0.0015178,0.0016981,0.0022428,0.0016933,0.0019142,0.0018445,0.0021182,0.0021398,0.0012435,0.0019151,0.0018847,0.0022853,0.0022935,0.0022407,0.0013919,0.0022134,0.0022702,0.0017661,0.0013567,0.0017078,0.001494,0.0019156,0.0020775,0.0019473,0.0021041,0.0019117,0.0015612,0.0021544,0.0016028,0.0018797,0.0018233,0.002309,0.001556,0.0018119,0.0022098,0.0023812,0.0024193,0.0016899,0.0022994,0.0023676,0.0026607,0.0022584,0.0018583,0.0020568,0.0025664,0.0020899,0.001654,0.0020099,0.0018961,0.0024347,0.0020566,0.0022815,0.0023209,0.0017934,0.0019759,0.002526,0.0019432,0.0021823,0.0020687,0.0019473,0.0027776,0.0019379,0.0025025,0.0027743,0.0027238,0.0020291,0.0026215,0.0013928,0.002114,0.0032193,0.0022056,0.0020864,0.0023496,0.0020835,0.002184,0.0018345,0.0020109,0.0025088,0.0020454,0.0023664,0.0021022,0.0015303,0.0019832,0.0025074,0.0018162,0.0020448,0.0021968,0.0017938,0.0011947,0.0019165,0.0022899,0.002093,0.0023092,0.0019821,0.0013738,0.0018748,0.0015551,0.001649,0.0016388,0.0017967,0.0017324,0.0020146,0.0019269,0.0017283,0.0019341,0.0015534,0.0019324,0.0015207,0.0018287,0.0017162,0.0018073,0.0015511,0.0014732,0.0018972,0.0015034,0.0020229,0.0022145,0.0016292,0.0019182,0.0017814,0.0020945,0.0018312,0.0016545,0.0019298,0.0016728,0.00195,0.0019513,0.0018745,0.0022001,0.0020652,0.0018471,0.001763,0.0016632,0.0016604,0.0017599,0.0018233,0.0017112,0.0018967,0.0017244,0.0023414,0.0016219,0.0018139,0.0016857,0.0018431,0.001752,0.0014211,0.0015815,0.0016624,0.0021674,0.0017447,0.0016127,0.0016464,0.0015947,0.0018151,0.0018249,0.001621,0.0016842,0.0017633,0.0017965,0.0015293,0.0018444,0.0015338,0.0018321,0.0015289,0.0013864,0.0013171,0.0015613,0.0018373,0.0012629,0.0017231,0.0013572,0.0014778,0.0016752,0.0012997,0.0015062,0.0017148,0.0014207,0.0015039,0.0015828,0.0012003,0.0016107,0.0014895,0.0015037,0.0012534,0.001585,0.0013411,0.0015788,0.0014188,0.00096311,0.0015742,0.0016796,0.0011889,0.0011899,0.0011422,0.0015301,0.0015212,0.0015097,0.001073,0.00095894,0.00095922,0.00099026,0.001488,0.001484,0.001049,0.0012889,0.0010347,0.0010262,0.00086946,0.00082521,0.0011113,0.0011043,0.0013815,0.0012045,1074300.0,1105700.0,792270.0,4276700.0,2284500.0,1150800.0,5856800.0,1513400.0,1879800.0,3242500.0,2966100.0,734830.0,5652900.0,1298400.0,4052200.0,2459600.0,5070500.0,4091400.0,1340500.0,3371900.0,2502600.0,3347400.0,11704000.0,958350.0,6311800.0,749460.0,9101500.0,1591900.0,1841400.0,815570.0,3232100.0,1680500.0,5814300.0,23940000.0,2520900.0,2724900.0,4347000.0,1235900.0,1513400.0,1646200.0,2062700.0,1057700.0,2058300.0,1019200.0,7475600.0,2433400.0,1825600.0,1494000.0,2274900.0,15971000.0,952090.0,7278300.0,3995200.0,706940.0,3910700.0,1079100.0,2657700.0,17679000.0,32102000.0,2373200.0,1720700.0,1532600.0,2840700.0,1036400.0,1926200.0,3409900.0,803840.0,2871900.0,1940600.0,3915400.0,2755300.0,1446400.0,1119200.0,15048000.0,5077600.0,1340600.0,3613400.0,1673300.0,965090.0,2573300.0,3702600.0,1313000.0,893150.0,2116300.0,873820.0,1861100.0,2850800.0,4950200.0,4191200.0,2338500.0,5694300.0,1300700.0,9352900.0,4677300.0,1017700.0,1694700.0,903640.0,1769700.0,3509900.0,9918500.0,1730700.0,16523000.0,1417300.0,9919600.0,1633600.0,3256300.0,1272900.0,1628100.0,12535000.0,5115100.0,2157200.0,3869300.0,2389200.0,1225800.0,656170.0,3373000.0,11659000.0,2413800.0,1291100.0,778800.0,1922000.0,735100.0,1193700.0,2218700.0,8786700.0,4156700.0,2627900.0,3087700.0,2361300.0,1498700.0,773560.0,10411000.0,2404500.0,3548600.0,2073400.0,1371700.0,1031900.0,2014200.0,1052000.0,2853800.0,3921600.0,1159600.0,1477000.0,2103000.0,1521000.0,2210500.0,2422200.0,877170.0,6912100.0,1513500.0,9390500.0,6180200.0,809830.0,10291000.0,814480.0,1274500.0,19279000.0,683650.0,12167000.0,721740.0,5575100.0,3693400.0,3817200.0,2647300.0,5252900.0,4116200.0,4227600.0,964530.0,4135000.0,1638700.0,6369200.0,1506700.0,7610900.0,1080700.0,744550.0,4005200.0,2996600.0,1988300.0,8411500.0,2288700.0,948280.0,1205600.0,3671000.0,3568300.0,1940100.0,1475700.0,747540.0,6807100.0,5275200.0,2336700.0,637470.0,17726000.0,3323000.0,5257900.0,1142200.0,18258000.0,5431600.0,1100100.0,8580600.0,1353300.0,1434500.0,3992400.0,5297000.0,799330.0,1639500.0,973680.0,1778500.0,1568200.0,1456500.0,7851700.0,2342100.0,1425100.0,12280000.0,2793800.0,1238000.0,1263500.0,3260300.0,951930.0,4669600.0,1133200.0,1854600.0,8075300.0,4435100.0,696550.0,1421900.0,10018000.0,5258300.0,5069200.0,15394000.0,3001700.0,1931800.0,2342400.0,2994600.0,3189800.0,1882600.0,1749500.0,2275100.0,1499400.0,7215800.0,652060.0,3656200.0,8296200.0,8910100.0,1863600.0,5378600.0,4029700.0,5011000.0,864140.0,1139900.0,5361500.0,1551600.0,6587500.0,3485200.0,7122400.0,1970700.0,1638700.0,1591200.0,1087700.0,1106100.0,2208100.0,945990.0,5091800.0,3371700.0,4404800.0,3356800.0,2894200.0,2745600.0,15584000.0,14989000.0,6042000.0,4601000.0,2807600.0,6148400.0,3762100.0,1781300.0,2740300.0,1353800.0,4824200.0,3044800.0,1.5454,1.8587,4.1663,2.2417,2.4806,3.6646,1.2758,2.2398,4.224,1.1958,1.9827,4.2117,2.4613,2.6634,4.3246,0.75,2.0661,4.224,1.6949,2.5299,3.8745,3.0947,2.843,5.8669,1.18,2.0269,4.1907,1.7016,1.7127,4.2415,1.2958,2.2877,4.288,0.70031,2.0279,4.2105,2.9017,2.8419,4.665,5.5356,2.7401,1.3528,1.2607,2.8094,3.6334,0.81988,2.1625,2.9954,2.598,2.1906,4.5871,1.4616,1.6758,3.8902,0.75355,2.7014,3.9081,1.8817,1.8423,3.5429,1.2113,2.3804,3.254,0.37999,2.2936,3.4685,1.8634,1.6238,3.4121,2.0626,2.6546,4.2111,1.9184,1.632,3.3718,1.6597,1.6286,3.9838,0.33491,2.1947,3.1185,2.1197,2.4398,4.5412,1.5016,1.7045,3.283,0.92953,1.9603,2.7529,3.2663,2.8347,6.0354,1.9392,1.8263,3.5202,0.85909,2.7342,2.9146,1.6799,2.5966,4.0056,0.75879,1.8995,2.7364,1.1014,2.4136,3.1414,1.9377,1.9285,4.4899,1.8477,1.6494,3.8981,0.63805,2.1372,3.9401,1.423,2.5607,3.9311,0.98044,2.1638,3.1625,2.647,2.3823,4.4001,2.0101,2.2107,4.7292,1.5499,1.6316,3.9285,1.8905,2.0293,4.4789,1.5042,2.2123,3.2261,0.81959,2.2549,2.9889,2.4438,2.5022,4.371,2.0277,2.4902,4.8209,1.9392,2.6202,4.7926,2.6118,2.3789,4.3853,1.2686,2.5291,3.8727,1.8802,2.3429,4.4101,2.6248,2.9722,4.44,0.68975,2.3658,2.6922,1.3565,2.0133,4.6118,1.8504,2.9947,3.6875,0.24203,2.3713,3.3696,1.7046,1.6154,4.0816,0.8425,2.2278,3.0659,2.2756,2.3025,4.7163,0.48934,2.3945,3.1277,0.72379,2.2607,3.1302,0.014616,2.899,1.7244,2.053,2.2263,4.6657,2.5227,2.449,4.3159,2.2767,2.314,5.1437,1.9141,2.6343,4.1157,1.1197,1.816,4.0657,4.5074,2.7975,0.71936,0.76041,2.1947,2.9635,1.4801,2.1405,4.2929,1.1785,2.267,3.5609,1.9999,2.6201,4.2638,1.6223,1.5769,4.1436,1.1722,2.5162,3.1345,0.72995,2.5233,3.7353,2.2494,1.8164,3.679,1.3864,2.5405,3.4811,1.3608,2.5998,3.5172,1.3904,1.6304,4.2643,1.934,2.6335,4.4382,2.0869,2.6176,4.6401,3.3142,2.8404,6.1414,1.7717,1.6059,4.1986,1.9121,1.9254,3.373,2.5167,2.9401,5.392,1.1898,2.5798,3.0455,2.6821,2.3826,5.0047,1.0146,2.71,4.2415,1.4295,2.4987,3.5568,0.97735,1.9518,4.1648,1.7807,1.6354,4.059,1.9767,1.9346,3.3938,6.0327,2.8987,2.8576,2.9823,2.2206,4.6723,1.5432,1.9188,4.4055,1.1527,2.5479,3.3579,1.4363,2.4693,3.3991,1.7103,1.8749,3.6585,2.0518,2.4607,4.1095,1.0874,2.3847,3.2531,2.5083,1.8545,5.3359,0.99851,2.5897,3.273,1.3512,2.5599,3.3162,0.24381,3.0504,3.1977,0.66622,1.9359,2.7531,1.6602,1.9447,4.6262,1.528,1.7954,4.2163,5.2098,2.7559,1.5844,0.8977,2.2329,2.9547,0.96537,2.7329,4.2361,2.3784,2.4151,3.7101,2.9398,2.2934,4.9702,3.1027,2.5746,4.6237,2.0938,2.3873,4.6149,2.1817,2.2264,4.1713,0.71032,2.268,3.3286,0.65748,2.4185,3.053,0.58381,2.2687,3.8928,2.4621,2.4405,4.5808,0.70013,2.4548,2.8609,1.2924,1.5661,4.3636,1.5887,1.9185,3.5459,0.38885,2.6646,2.2097,3.4201,2.9109,0.27398,0.84612,2.2599,3.067,1.6253,1.6668,4.1697,1.6783,1.9139,3.2947,0.79927,2.3467,2.8974,2.2444,2.2692,4.942,1.3486,2.5813,3.239,1.2928,2.221,3.6837,0.35645,2.0739,3.3246,1.725,1.8903,3.4402,2.6364,2.0186,4.1296,2.0385,2.1508,4.9581,1.4001,1.6966,3.8546,0.77065,2.0562,2.8325,2.0865,2.1118,5.088,2.1557,2.2976,4.5783,1.5058,2.4679,4.0305,4.0046,2.8274,6.2016,1.8064,2.5079,3.9799,0.6012,1.9985,4.1669,1.1831,2.6151,4.2309,3.2769,2.7746,6.0849,1.7043,1.5665,3.2778,0.2819,2.3926,3.4322,4.8325,3.0021,0.66502,0.43268,2.8286,3.348,1.1454,2.5496,3.1059,2.259,2.1844,5.0298,1.6772,2.0489,4.4591,1.6558,1.6196,3.3975,1.8978,2.9529,3.4323,0.74995,2.3195,2.9246,0.79195,2.3635,3.0177,0.22166,2.6692,3.3493,1.9876,2.4598,4.2864,0.67279,2.3996,2.8041,1.017,2.3736,3.582,1.292,1.7585,4.3296,0.22905,2.356,3.497,1.6921,1.5954,3.2754,0.85385,2.2938,2.872,2.9174,2.8528,6.0407,1.6719,2.5075,3.9552,2.0317,2.2477,4.6087,2.1554,2.643,5.0524,1.581,1.9542,3.8042,1.4326,1.7595,3.7614,2.304,2.1442,4.9829,1.4904,2.563,3.9274,0.45992,2.9946,2.1041,4.4381,2.8847,0.26196,1.3362,2.8491,4.1743,1.8555,1.9836,3.892,1.1491,2.6735,2.7362,0.058942,2.7728,2.8203,1.0761,2.9178,4.1949,0.47283,2.4253,2.6177,0.85971,2.0875,2.8331,0.55253,2.4892,3.4244,1.8285,2.239,4.3457,1.0618,2.8267,4.2215,0.71305,2.0635,2.9361,2.1198,1.8347,3.6991,1.4262,1.8874,3.724,2.2369,2.5771,4.7095,1.5514,1.5752,4.1997,1.2645,2.1357,3.2421,0.7532,2.1077,2.9931,0.73645,2.2515,2.6409,1.7975,2.3911,4.1896,2.2185,2.5624,4.9001,0.59442,2.0753,2.9276,1.7351,1.8052,3.2908,0.89195,2.9762,2.6201,0.52768,2.5308,2.5874,3.2572,2.7212,6.2078,6.2602,2.8707,2.7026,4.0908,2.8755,6.0569,2.4127,2.2262,3.7288,1.4969,3.0571,4.5255,1.2352,2.4502,3.4999,6.0785,3.1095,2.7886,2.3743,2.1712,3.7338,1.3219,1.8443,3.7112,2.3792,2.3293,4.6453,2.5959,2.7349,4.2667,1.2558,2.7164,4.3124,1.6582,1.9307,3.8057,1.2173,2.7413,3.7842,2.325,2.3315,4.9122,1.3708,2.5965,3.3656,2.1477,2.3086,4.0546,0.81774,1.9782,3.3911,2.4227,2.3034,3.812,2.3375,2.3366,3.7246,2.3071,2.0113,5.0884,2.6115,2.2913,4.8304,2.4063,2.2414,3.7899,1.4497,1.6143,3.9278,2.3172,2.5743,4.9077,1.7234,1.9437,3.8514,0.82106,2.1118,4.1381,1.5736,1.8476,4.35,2.2957,2.5373,4.9506,1.4457,2.4002,3.2532,5.8296,2.8102,2.1092,1.863,1.7483,3.5292,1.9277,2.8925,4.1506,2.1255,1.998,4.8414,1.1905,2.6302,4.3785,2.0219,2.1597,4.953,1.6583,1.7778,3.927,1.6377,1.9965,3.3212,1.1631,2.7246,3.7335,1.0484,2.8512,3.8246,1.5817,2.4969,3.9236,1.1665,2.6676,3.6798,1.7548,1.7433,4.0802,0.72229,2.4458,2.8168,1.8275,2.1441,4.4196,0.10268,2.7781,3.0187,1.0342,1.9505,4.3446,0.98382,2.2766,3.0865,1.5802,2.4079,4.5593,1.0083,2.0785,2.8308,0.80461,2.0086,2.6821,1.6975,1.7588,3.9342,0.86163,2.437,2.9285,1.3063,1.5799,3.8409,2.7712,2.6123,4.6115,1.0423,2.2441,3.638,1.1806,2.7194,3.6913,2.0088,1.9995,4.4754,1.0019,1.9601,4.239,1.913,1.6453,3.4342,1.7294,2.5016,3.9698,2.266,2.5325,4.8728,2.0524,2.3524,3.5919,1.2057,3.055,3.4624,1.395,1.4449,4.2557,0.71619,2.9765,3.6568,1.6518,1.7207,4.2435,0.80726,1.9997,2.7175,0.53792,2.2234,4.0587,2.591,2.5994,4.5244,2.0212,2.1015,3.4527,1.3731,2.8789,3.5314,1.0878,2.2326,3.6139,2.5405,2.0437,4.4817,1.5046,1.7366,4.4196,1.5926,2.5858,3.5658,2.0732,2.2899,4.062,2.7136,2.2972,4.9618,0.4486,2.4972,2.9287
0.21286,0.33746,0.0076295,256.83,292.59,197.93,0.0014598,0.0017389,0.001,205.15,225.46,238.92,222.51,223.5,175.39,235.07,226.78,270.3,228.84,274.5,295.99,200.89,245.77,227.69,303.89,225.04,264.42,236.13,175.0,358.65,242.94,204.09,249.64,206.56,293.13,274.48,336.27,182.31,272.52,242.36,233.96,142.29,256.37,289.28,376.05,281.6,198.85,341.67,374.27,300.96,197.46,282.78,207.17,302.86,290.06,337.62,338.32,388.94,299.77,291.82,287.54,421.81,380.3,406.79,308.86,357.04,314.23,238.58,455.72,407.41,381.09,357.23,202.3,319.29,259.68,258.52,229.23,363.73,268.99,298.49,268.53,364.53,356.11,281.99,294.04,299.57,367.26,367.47,354.65,256.96,322.65,350.37,286.99,321.89,226.09,341.64,292.28,346.88,298.94,336.39,334.07,306.12,339.91,311.9,276.47,290.58,363.5,285.46,279.21,434.46,395.34,402.29,282.9,374.04,494.22,458.33,357.54,271.74,338.51,428.52,313.15,351.58,333.07,286.01,403.43,341.35,403.7,427.74,369.0,425.35,439.81,423.18,330.09,376.26,421.5,506.71,280.46,533.26,493.51,448.41,340.91,492.26,352.19,328.39,662.88,379.91,412.28,396.26,390.97,364.04,286.4,355.56,422.51,296.28,496.37,346.49,343.28,411.57,488.2,278.35,314.3,401.68,275.33,151.31,332.91,392.07,340.47,510.06,395.81,213.38,301.59,222.44,237.4,286.57,297.78,243.11,326.45,308.81,245.98,292.1,261.4,308.0,211.25,283.89,272.61,264.17,241.87,233.74,326.63,232.42,342.97,382.12,267.43,302.2,254.72,335.64,297.49,240.31,331.37,340.83,300.98,311.46,299.88,328.35,344.19,285.95,510.18,244.86,269.64,279.41,281.9,259.81,298.87,289.43,363.7,281.01,266.57,271.48,338.79,285.06,203.84,232.91,275.77,362.07,272.99,239.62,289.51,256.99,288.98,285.29,258.77,274.26,289.15,291.37,227.99,299.87,230.22,309.96,231.14,241.55,200.29,281.85,287.31,182.3,288.71,231.97,186.4,270.63,197.93,234.45,283.09,198.91,254.55,269.33,204.29,268.27,259.01,238.36,190.88,251.93,216.81,255.54,246.54,168.65,292.7,294.33,214.43,173.45,208.81,280.73,251.07,254.86,237.28,154.61,159.74,203.03,249.3,255.25,226.95,232.59,214.45,193.6,173.61,182.41,229.77,206.69,256.11,218.31,0.00074148,0.0010196,0.0010664,0.0011621,0.0010748,0.00082681,0.0012246,0.00096033,0.0013942,0.0010761,0.0014444,0.0016288,0.00099435,0.0013203,0.0011036,0.0017756,0.0013075,0.001482,0.0014991,0.00108,0.0020812,0.0016028,0.0012805,0.0017262,0.0014104,0.0019146,0.0015806,0.0019231,0.0013621,0.001809,0.0014934,0.0014492,0.0010194,0.0014218,0.0017558,0.0022626,0.0017383,0.0011937,0.0020601,0.0021653,0.001702,0.001116,0.0017978,0.0015596,0.0018376,0.0017872,0.0020892,0.0018922,0.0023101,0.0017946,0.0014138,0.0018011,0.0025035,0.0020554,0.0023865,0.0019617,0.0020849,0.0013837,0.0016199,0.0027139,0.002405,0.0022539,0.0021484,0.0013194,0.0021656,0.0017134,0.0015239,0.0016999,0.00225,0.0017004,0.001921,0.0018486,0.0021257,0.0021471,0.0012581,0.0019215,0.001889,0.0022919,0.0023005,0.0022468,0.0013994,0.0022225,0.0022774,0.0017682,0.0013695,0.0017131,0.001503,0.0019185,0.0020832,0.0019531,0.0021113,0.0019217,0.0015643,0.0021591,0.0016098,0.001882,0.0018279,0.0023151,0.0015606,0.001819,0.0022207,0.0023886,0.0024314,0.001697,0.0023041,0.0023791,0.0026687,0.0022666,0.0018653,0.0020622,0.0025725,0.0020959,0.0016709,0.0020173,0.0019003,0.0024427,0.0020646,0.0022934,0.0023316,0.0017998,0.0019883,0.0025341,0.0019582,0.0021888,0.0020764,0.0019599,0.0027938,0.0019436,0.0025178,0.002782,0.0027343,0.002036,0.0026322,0.0014174,0.0021217,0.0032351,0.002213,0.002101,0.0023579,0.0020925,0.0021903,0.0018401,0.0020181,0.0025159,0.0020514,0.0023792,0.0021055,0.0015383,0.0019955,0.0025179,0.0018218,0.0020502,0.0022031,0.0018002,0.0011977,0.001924,0.0022968,0.0020963,0.0023225,0.0019835,0.001377,0.0018788,0.001558,0.0016519,0.0016452,0.0018018,0.0017364,0.0020172,0.0019307,0.0017307,0.0019377,0.0015564,0.0019361,0.0015245,0.0018335,0.0017178,0.0018099,0.0015542,0.0014766,0.0018995,0.0015065,0.0020274,0.0022183,0.0016286,0.0019231,0.001785,0.0020999,0.0018357,0.0016577,0.0019349,0.0016748,0.0019541,0.0019556,0.0018791,0.0022058,0.0020692,0.0018513,0.0017714,0.0016667,0.0016626,0.0017642,0.0018281,0.0017122,0.001899,0.0017284,0.0023471,0.0016254,0.0018182,0.0016889,0.0018485,0.0017565,0.0014235,0.0015836,0.0016655,0.0021735,0.0017498,0.0016164,0.0016489,0.0015962,0.001817,0.0018288,0.0016245,0.0016871,0.0017667,0.001798,0.0015314,0.001849,0.0015351,0.0018359,0.0015314,0.0013886,0.0013194,0.0015646,0.0018414,0.0012635,0.0017253,0.0013594,0.0014799,0.001678,0.0013022,0.0015088,0.0017179,0.0014233,0.0015047,0.001584,0.0012013,0.0016132,0.0014913,0.001506,0.0012548,0.0015875,0.0013431,0.0015806,0.0014209,0.00096416,0.0015757,0.001682,0.0011901,0.0011906,0.0011437,0.0015321,0.0015239,0.0015106,0.0010736,0.00095957,0.00096031,0.00099101,0.00149,0.0014851,0.0010492,0.0012898,0.0010351,0.001027,0.00087022,0.00082564,0.001112,0.0011051,0.0013836,0.001206,1074300.0,1105700.0,792270.0,4276700.0,2284500.0,1150800.0,5856800.0,1513400.0,1879800.0,3242500.0,2966100.0,734830.0,5652900.0,1298400.0,4052200.0,2459600.0,5070500.0,4091400.0,1340500.0,3371900.0,2502600.0,3347400.0,11704000.0,958350.0,6311800.0,749460.0,9101500.0,1591900.0,1841400.0,815570.0,3232100.0,1680500.0,5814300.0,23940000.0,2520900.0,2724900.0,4347000.0,1235900.0,1513400.0,1646200.0,2062700.0,1057700.0,2058300.0,1019200.0,7475600.0,2433400.0,1825600.0,1494000.0,2274900.0,15971000.0,952090.0,7278300.0,3995200.0,706940.0,3910700.0,1079100.0,2657700.0,17679000.0,32102000.0,2373200.0,1720700.0,1532600.0,2840700.0,1036400.0,1926200.0,3409900.0,803840.0,2871900.0,1940600.0,3915400.0,2755300.0,1446400.0,1119200.0,15048000.0,5077600.0,1340600.0,3613400.0,1673300.0,965090.0,2573300.0,3702600.0,1313000.0,893150.0,2116300.0,873820.0,1861100.0,2850800.0,4950200.0,4191200.0,2338500.0,5694300.0,1300700.0,9352900.0,4677300.0,1017700.0,1694700.0,903640.0,1769700.0,3509900.0,9918500.0,1730700.0,16523000.0,1417300.0,9919600.0,1633600.0,3256300.0,1272900.0,1628100.0,12535000.0,5115100.0,2157200.0,3869300.0,2389200.0,1225800.0,656170.0,3373000.0,11659000.0,2413800.0,1291100.0,778800.0,1922000.0,735100.0,1193700.0,2218700.0,8786700.0,4156700.0,2627900.0,3087700.0,2361300.0,1498700.0,773560.0,10411000.0,2404500.0,3548600.0,2073400.0,1371700.0,1031900.0,2014200.0,1052000.0,2853800.0,3921600.0,1159600.0,1477000.0,2103000.0,1521000.0,2210500.0,2422200.0,877170.0,6912100.0,1513500.0,9390500.0,6180200.0,809830.0,10291000.0,814480.0,1274500.0,19279000.0,683650.0,12167000.0,721740.0,5575100.0,3693400.0,3817200.0,2647300.0,5252900.0,4116200.0,4227600.0,964530.0,4135000.0,1638700.0,6369200.0,1506700.0,7610900.0,1080700.0,744550.0,4005200.0,2996600.0,1988300.0,8411500.0,2288700.0,948280.0,1205600.0,3671000.0,3568300.0,1940100.0,1475700.0,747540.0,6807100.0,5275200.0,2336700.0,637470.0,17726000.0,3323000.0,5257900.0,1142200.0,18258000.0,5431600.0,1100100.0,8580600.0,1353300.0,1434500.0,3992400.0,5297000.0,799330.0,1639500.0,973680.0,1778500.0,1568200.0,1456500.0,7851700.0,2342100.0,1425100.0,12280000.0,2793800.0,1238000.0,1263500.0,3260300.0,951930.0,4669600.0,1133200.0,1854600.0,8075300.0,4435100.0,696550.0,1421900.0,10018000.0,5258300.0,5069200.0,15394000.0,3001700.0,1931800.0,2342400.0,2994600.0,3189800.0,1882600.0,1749500.0,2275100.0,1499400.0,7215800.0,652060.0,3656200.0,8296200.0,8910100.0,1863600.0,5378600.0,4029700.0,5011000.0,864140.0,1139900.0,5361500.0,1551600.0,6587500.0,3485200.0,7122400.0,1970700.0,1638700.0,1591200.0,1087700.0,1106100.0,2208100.0,945990.0,5091800.0,3371700.0,4404800.0,3356800.0,2894200.0,2745600.0,15584000.0,14989000.0,6042000.0,4601000.0,2807600.0,6148400.0,3762100.0,1781300.0,2740300.0,1353800.0,4824200.0,3044800.0,1.5455,1.8587,4.1663,2.2417,2.4807,3.6646,1.2758,2.2399,4.224,1.1955,1.9826,4.2116,2.461,2.6634,4.3246,0.74949,2.0662,4.2241,1.6956,2.53,3.8744,3.0949,2.8429,5.8669,1.1797,2.0269,4.1906,1.7013,1.7126,4.2415,1.296,2.2881,4.2884,0.69929,2.0277,4.2106,2.9013,2.8419,4.6655,5.5344,2.7398,1.3521,1.261,2.8091,3.6336,0.81911,2.1625,2.9953,2.5986,2.1913,4.5878,1.4614,1.6757,3.8901,0.75459,2.7021,3.9087,1.8811,1.8427,3.5434,1.2115,2.3802,3.2546,0.38038,2.2937,3.4679,1.8638,1.6236,3.4122,2.0629,2.6539,4.2108,1.919,1.6319,3.3718,1.6602,1.6283,3.9842,0.33475,2.1949,3.1182,2.1201,2.44,4.5419,1.5016,1.7045,3.2834,0.93029,1.9607,2.7529,3.267,2.8346,6.0361,1.9392,1.8265,3.5204,0.8584,2.7344,2.9147,1.6793,2.5966,4.0057,0.75932,1.8994,2.7362,1.101,2.4135,3.1416,1.9376,1.9286,4.4898,1.8489,1.6493,3.8982,0.63851,2.1368,3.9413,1.4242,2.561,3.9322,0.98017,2.1642,3.1619,2.6479,2.3827,4.4008,2.0099,2.2107,4.7292,1.5501,1.6311,3.9285,1.8904,2.0301,4.4788,1.5044,2.2125,3.2259,0.81944,2.2554,2.988,2.4437,2.5031,4.371,2.0283,2.4894,4.8206,1.9393,2.6202,4.7922,2.6122,2.3795,4.386,1.2685,2.5294,3.8727,1.8816,2.3436,4.4107,2.6291,2.9719,4.443,0.69086,2.3654,2.6933,1.3552,2.013,4.612,1.8503,2.9944,3.6865,0.24134,2.3711,3.3697,1.7048,1.6153,4.0816,0.84339,2.2284,3.066,2.2761,2.3025,4.7165,0.48751,2.3941,3.1278,0.7225,2.261,3.1296,0.014708,2.899,1.7232,2.0544,2.2272,4.6665,2.5227,2.4498,4.3164,2.2762,2.3142,5.1438,1.9138,2.6338,4.1148,1.1196,1.8157,4.0665,4.5071,2.7969,0.72028,0.76023,2.1948,2.9632,1.481,2.1408,4.293,1.1791,2.2682,3.5611,1.9992,2.6197,4.2632,1.6225,1.577,4.1435,1.172,2.5158,3.1346,0.72968,2.5241,3.7353,2.25,1.8163,3.6787,1.3863,2.5405,3.4812,1.3608,2.5997,3.5169,1.3902,1.6304,4.264,1.9341,2.6329,4.4379,2.0881,2.6165,4.6406,3.3133,2.8408,6.1414,1.7729,1.6054,4.1988,1.9133,1.9252,3.3724,2.5178,2.9395,5.3924,1.1896,2.5798,3.0451,2.6821,2.3822,5.0044,1.0155,2.7107,4.2424,1.4295,2.4986,3.5572,0.978,1.9523,4.1655,1.7807,1.6356,4.0588,1.9772,1.9347,3.3939,6.0342,2.8986,2.8584,2.9833,2.2203,4.6722,1.5445,1.9185,4.4063,1.1535,2.5475,3.358,1.4365,2.4693,3.3993,1.7107,1.8746,3.6584,2.0521,2.4608,4.1102,1.0875,2.385,3.2533,2.5085,1.8534,5.3365,0.99865,2.5892,3.2728,1.3504,2.5601,3.3156,0.24385,3.0505,3.1977,0.66653,1.9368,2.7525,1.6599,1.9444,4.627,1.5287,1.7949,4.2165,5.2098,2.755,1.5845,0.8983,2.2334,2.9553,0.96629,2.7335,4.2371,2.378,2.4148,3.7101,2.9402,2.2934,4.9702,3.1037,2.5742,4.6241,2.0946,2.3871,4.6155,2.1818,2.2268,4.1713,0.71063,2.2684,3.3291,0.65824,2.4186,3.053,0.58418,2.2695,3.893,2.4623,2.4405,4.5799,0.69948,2.4552,2.8598,1.2921,1.5658,4.3639,1.5887,1.9181,3.5466,0.38989,2.6648,2.2105,3.4199,2.9105,0.27365,0.84594,2.2597,3.0668,1.6253,1.6667,4.1701,1.6785,1.9143,3.2954,0.8003,2.3463,2.8981,2.2451,2.2687,4.9421,1.3493,2.5814,3.2396,1.2934,2.2214,3.6846,0.35664,2.0734,3.3257,1.7253,1.89,3.4403,2.6365,2.018,4.1301,2.0381,2.151,4.958,1.4009,1.6966,3.8549,0.77059,2.0569,2.8333,2.0867,2.1114,5.0884,2.1556,2.2978,4.5788,1.5059,2.4686,4.031,4.0033,2.8257,6.2003,1.8058,2.5082,3.9793,0.60026,1.9989,4.1671,1.1823,2.6149,4.2305,3.2762,2.7741,6.0853,1.7043,1.5666,3.2777,0.28221,2.393,3.4327,4.8313,3.002,0.66372,0.43263,2.8289,3.349,1.1449,2.5498,3.1066,2.2589,2.1842,5.0303,1.678,2.0489,4.4596,1.6557,1.6196,3.3977,1.8996,2.9531,3.4337,0.74996,2.3191,2.9248,0.79163,2.363,3.0178,0.2213,2.6694,3.3493,1.988,2.46,4.2865,0.67311,2.3992,2.8042,1.0173,2.3744,3.5818,1.2922,1.7583,4.3298,0.22907,2.3561,3.4977,1.6919,1.5955,3.2753,0.85455,2.2933,2.8722,2.9169,2.8527,6.0411,1.6706,2.5072,3.9549,2.0316,2.248,4.6086,2.154,2.6426,5.0516,1.5802,1.9541,3.804,1.4331,1.759,3.7617,2.304,2.1442,4.9827,1.4902,2.5627,3.9269,0.45939,2.9943,2.1032,4.4374,2.8841,0.26186,1.3359,2.8494,4.1737,1.8549,1.9838,3.8919,1.1482,2.6735,2.7354,0.057491,2.7724,2.8198,1.0764,2.9179,4.195,0.4727,2.4247,2.618,0.85972,2.0879,2.8329,0.55298,2.4892,3.4249,1.8296,2.2394,4.346,1.061,2.8269,4.2211,0.71358,2.064,2.9354,2.1202,1.8346,3.6986,1.4265,1.8876,3.7244,2.2358,2.5764,4.7081,1.5521,1.5752,4.1997,1.2642,2.1356,3.2424,0.75381,2.1082,2.9928,0.73634,2.2509,2.6409,1.7976,2.3913,4.1898,2.2179,2.5617,4.8998,0.59438,2.0755,2.927,1.735,1.8057,3.2908,0.8927,2.9759,2.6204,0.52731,2.531,2.5873,3.2577,2.721,6.2084,6.2611,2.8707,2.704,4.0891,2.875,6.0548,2.413,2.225,3.7288,1.4976,3.057,4.5273,1.235,2.4502,3.5004,6.0739,3.1096,2.7852,2.3742,2.1707,3.7334,1.3222,1.8443,3.7114,2.3787,2.3293,4.6458,2.5954,2.7355,4.2676,1.2557,2.7165,4.3121,1.6573,1.9304,3.8053,1.2179,2.7411,3.785,2.3245,2.3311,4.9116,1.3696,2.5961,3.3656,2.1474,2.3092,4.0543,0.81772,1.9784,3.3911,2.4225,2.3027,3.8122,2.3372,2.3362,3.7244,2.3075,2.0116,5.0891,2.6111,2.2914,4.8306,2.4065,2.2415,3.7898,1.4501,1.6144,3.9281,2.3164,2.5737,4.9074,1.7225,1.9437,3.8511,0.82116,2.1116,4.1385,1.5732,1.8477,4.3504,2.2952,2.5365,4.9506,1.4456,2.4003,3.2532,5.8291,2.8097,2.1088,1.863,1.7482,3.5292,1.9272,2.8917,4.1497,2.126,1.9983,4.8416,1.1909,2.6304,4.3789,2.0225,2.1598,4.9534,1.6584,1.7776,3.9268,1.6379,1.9964,3.3208,1.1636,2.7246,3.734,1.0488,2.8513,3.8245,1.5824,2.4971,3.9239,1.1665,2.6671,3.6796,1.7545,1.7431,4.0801,0.72161,2.4456,2.817,1.8273,2.1445,4.4199,0.10262,2.778,3.0194,1.0339,1.9505,4.3449,0.98389,2.2763,3.0867,1.5799,2.4079,4.5592,1.0084,2.0784,2.8308,0.80491,2.0085,2.6819,1.6978,1.7586,3.934,0.86118,2.4369,2.9293,1.3058,1.5798,3.8409,2.7711,2.6124,4.6113,1.042,2.2447,3.638,1.1807,2.7191,3.6914,2.009,1.9996,4.4754,1.0015,1.9601,4.239,1.9133,1.6453,3.4342,1.7298,2.5017,3.9697,2.2666,2.5324,4.8725,2.0521,2.3523,3.5915,1.2055,3.0549,3.4624,1.3947,1.4449,4.2558,0.71649,2.9764,3.6569,1.652,1.7206,4.2436,0.80753,1.9997,2.7174,0.53734,2.2235,4.0591,2.5906,2.5994,4.5244,2.0213,2.1014,3.4528,1.373,2.8787,3.5314,1.0878,2.2329,3.6137,2.5406,2.0439,4.4818,1.5047,1.7366,4.4196,1.5925,2.5857,3.5657,2.0733,2.29,4.0619,2.7137,2.2969,4.9616,0.44864,2.4971,2.9286
0.21366,0.33873,0.0076508,257.22,293.18,198.0,0.001462,0.0017422,0.0010004,205.04,225.42,239.3,222.58,223.86,175.58,234.93,226.77,270.39,229.06,274.92,296.63,201.1,246.23,227.84,304.41,225.02,264.73,236.58,175.15,359.15,242.93,204.05,249.5,206.53,293.56,274.9,336.77,182.54,272.44,242.53,234.4,142.41,256.99,289.52,376.68,282.0,198.76,342.54,374.98,301.33,197.86,283.65,207.31,303.44,290.51,338.22,339.0,389.87,300.29,292.47,288.01,423.15,380.73,407.78,309.68,357.64,315.63,238.95,456.71,408.39,381.53,357.83,202.82,320.03,260.08,259.23,229.39,364.52,269.83,299.35,269.03,365.25,357.26,284.31,294.79,299.79,368.01,368.14,355.35,258.12,323.77,351.11,286.99,323.61,226.71,343.11,292.73,347.48,299.51,337.33,335.35,306.65,340.41,312.84,276.76,291.32,364.27,286.58,280.09,436.0,396.16,404.03,283.79,374.74,495.49,459.09,358.78,272.63,338.97,429.17,313.8,354.25,334.01,286.33,404.41,342.5,405.39,428.96,369.69,428.15,440.73,425.11,330.88,377.3,423.08,508.72,281.01,535.21,494.5,449.61,341.81,493.56,356.62,329.26,664.69,380.83,414.06,397.12,392.2,364.76,287.07,356.27,423.39,296.84,497.99,346.64,344.32,413.18,489.59,278.88,315.0,402.49,276.28,151.51,333.95,393.01,340.9,511.76,396.24,213.72,302.08,222.77,237.81,287.51,298.3,243.5,326.72,309.45,246.13,292.52,261.82,308.6,211.8,284.26,272.82,264.58,242.3,234.1,326.84,232.85,343.6,382.64,267.67,302.98,255.11,336.17,298.07,240.61,331.97,341.38,301.56,311.92,300.36,329.07,344.69,286.45,511.25,245.32,269.93,279.93,282.35,259.94,299.26,289.94,364.63,281.57,267.03,271.75,339.47,285.58,204.05,233.17,276.07,362.68,273.55,240.03,289.71,257.28,289.36,285.62,259.13,274.54,289.31,291.56,228.27,300.4,230.43,310.41,231.39,241.79,200.56,282.18,287.67,182.43,288.97,232.22,186.56,270.85,198.17,234.72,283.39,199.1,254.76,269.58,204.39,268.56,259.24,238.61,191.02,252.19,216.99,255.81,246.79,168.77,292.9,294.56,214.6,173.54,208.98,280.97,251.35,255.09,237.43,154.71,159.83,203.15,249.51,255.5,227.08,232.78,214.58,193.77,173.77,182.54,229.91,206.75,256.31,218.39,0.00074075,0.0010192,0.0010679,0.0011627,0.0010764,0.00082783,0.0012237,0.00096029,0.0013951,0.0010772,0.001447,0.0016325,0.00099543,0.0013229,0.0011045,0.0017786,0.0013077,0.0014842,0.0015021,0.0010812,0.0020839,0.0016027,0.0012802,0.0017258,0.0014101,0.0019175,0.0015835,0.0019259,0.0013641,0.0018086,0.0014947,0.0014521,0.0010202,0.0014251,0.0017569,0.0022661,0.0017409,0.0011921,0.002065,0.0021696,0.0017052,0.0011178,0.0018024,0.0015613,0.0018412,0.00179,0.0020936,0.0018966,0.0023157,0.001798,0.0014175,0.0018042,0.0025102,0.0020584,0.002392,0.0019662,0.0020894,0.0013902,0.0016205,0.0027198,0.0024086,0.0022569,0.0021519,0.0013219,0.0021698,0.001716,0.0015278,0.0017018,0.0022551,0.0017053,0.0019258,0.0018514,0.0021308,0.0021525,0.0012678,0.0019257,0.0018915,0.0022967,0.0023056,0.0022511,0.0014047,0.0022289,0.0022827,0.0017695,0.0013785,0.0017167,0.001509,0.0019209,0.0020871,0.0019572,0.0021163,0.0019289,0.0015668,0.0021625,0.0016146,0.0018842,0.0018315,0.0023198,0.0015647,0.0018242,0.0022281,0.0023936,0.0024402,0.0017023,0.0023075,0.0023866,0.0026739,0.0022732,0.0018708,0.0020656,0.0025767,0.0021,0.0016842,0.0020222,0.0019035,0.0024481,0.0020707,0.0023025,0.0023383,0.0018046,0.0019968,0.0025402,0.0019697,0.002193,0.0020814,0.0019686,0.0028056,0.0019472,0.002528,0.0027884,0.0027408,0.0020407,0.0026394,0.0014364,0.0021269,0.0032448,0.0022183,0.0021118,0.0023632,0.0020989,0.0021954,0.0018438,0.0020233,0.0025209,0.0020553,0.0023879,0.0021079,0.0015435,0.002004,0.0025256,0.0018255,0.0020541,0.0022084,0.0018057,0.0012001,0.0019293,0.002302,0.0020986,0.0023315,0.001985,0.0013793,0.0018819,0.0015602,0.0016545,0.0016499,0.0018054,0.0017392,0.002019,0.0019341,0.0017324,0.0019407,0.001559,0.0019393,0.0015275,0.0018362,0.0017191,0.001812,0.0015564,0.0014788,0.0019016,0.0015091,0.0020309,0.0022213,0.0016292,0.0019269,0.0017877,0.0021041,0.0018392,0.0016599,0.0019386,0.0016773,0.0019575,0.001959,0.0018818,0.0022097,0.0020723,0.0018544,0.0017758,0.0016693,0.001664,0.001767,0.0018311,0.0017134,0.0019012,0.0017313,0.0023512,0.0016279,0.0018208,0.001691,0.0018521,0.0017595,0.001425,0.0015852,0.0016674,0.0021771,0.0017532,0.0016189,0.0016503,0.0015978,0.0018189,0.001831,0.0016266,0.0016889,0.0017685,0.0017993,0.001533,0.0018522,0.0015365,0.0018385,0.0015329,0.00139,0.0013209,0.0015664,0.0018437,0.0012642,0.0017267,0.0013607,0.0014811,0.0016795,0.0013036,0.0015105,0.0017197,0.0014248,0.0015058,0.0015853,0.001202,0.001615,0.0014924,0.0015075,0.0012555,0.0015892,0.0013442,0.0015821,0.0014222,0.00096485,0.001577,0.0016837,0.0011912,0.0011912,0.0011446,0.0015333,0.0015255,0.0015118,0.0010744,0.00096025,0.00096074,0.0009916,0.0014913,0.0014864,0.00105,0.0012907,0.0010357,0.0010279,0.00087098,0.00082631,0.0011127,0.0011054,0.0013845,0.0012065,1074300.0,1105700.0,792270.0,4276700.0,2284500.0,1150800.0,5856800.0,1513400.0,1879800.0,3242500.0,2966100.0,734830.0,5652900.0,1298400.0,4052200.0,2459600.0,5070500.0,4091400.0,1340500.0,3371900.0,2502600.0,3347400.0,11704000.0,958350.0,6311800.0,749460.0,9101500.0,1591900.0,1841400.0,815570.0,3232100.0,1680500.0,5814300.0,23940000.0,2520900.0,2724900.0,4347000.0,1235900.0,1513400.0,1646200.0,2062700.0,1057700.0,2058300.0,1019200.0,7475600.0,2433400.0,1825600.0,1494000.0,2274900.0,15971000.0,952090.0,7278300.0,3995200.0,706940.0,3910700.0,1079100.0,2657700.0,17679000.0,32102000.0,2373200.0,1720700.0,1532600.0,2840700.0,1036400.0,1926200.0,3409900.0,803840.0,2871900.0,1940600.0,3915400.0,2755300.0,1446400.0,1119200.0,15048000.0,5077600.0,1340600.0,3613400.0,1673300.0,965090.0,2573300.0,3702600.0,1313000.0,893150.0,2116300.0,873820.0,1861100.0,2850800.0,4950200.0,4191200.0,2338500.0,5694300.0,1300700.0,9352900.0,4677300.0,1017700.0,1694700.0,903640.0,1769700.0,3509900.0,9918500.0,1730700.0,16523000.0,1417300.0,9919600.0,1633600.0,3256300.0,1272900.0,1628100.0,12535000.0,5115100.0,2157200.0,3869300.0,2389200.0,1225800.0,656170.0,3373000.0,11659000.0,2413800.0,1291100.0,778800.0,1922000.0,735100.0,1193700.0,2218700.0,8786700.0,4156700.0,2627900.0,3087700.0,2361300.0,1498700.0,773560.0,10411000.0,2404500.0,3548600.0,2073400.0,1371700.0,1031900.0,2014200.0,1052000.0,2853800.0,3921600.0,1159600.0,1477000.0,2103000.0,1521000.0,2210500.0,2422200.0,877170.0,6912100.0,1513500.0,9390500.0,6180200.0,809830.0,10291000.0,814480.0,1274500.0,19279000.0,683650.0,12167000.0,721740.0,5575100.0,3693400.0,3817200.0,2647300.0,5252900.0,4116200.0,4227600.0,964530.0,4135000.0,1638700.0,6369200.0,1506700.0,7610900.0,1080700.0,744550.0,4005200.0,2996600.0,1988300.0,8411500.0,2288700.0,948280.0,1205600.0,3671000.0,3568300.0,1940100.0,1475700.0,747540.0,6807100.0,5275200.0,2336700.0,637470.0,17726000.0,3323000.0,5257900.0,1142200.0,18258000.0,5431600.0,1100100.0,8580600.0,1353300.0,1434500.0,3992400.0,5297000.0,799330.0,1639500.0,973680.0,1778500.0,1568200.0,1456500.0,7851700.0,2342100.0,1425100.0,12280000.0,2793800.0,1238000.0,1263500.0,3260300.0,951930.0,4669600.0,1133200.0,1854600.0,8075300.0,4435100.0,696550.0,1421900.0,10018000.0,5258300.0,5069200.0,15394000.0,3001700.0,1931800.0,2342400.0,2994600.0,3189800.0,1882600.0,1749500.0,2275100.0,1499400.0,7215800.0,652060.0,3656200.0,8296200.0,8910100.0,1863600.0,5378600.0,4029700.0,5011000.0,864140.0,1139900.0,5361500.0,1551600.0,6587500.0,3485200.0,7122400.0,1970700.0,1638700.0,1591200.0,1087700.0,1106100.0,2208100.0,945990.0,5091800.0,3371700.0,4404800.0,3356800.0,2894200.0,2745600.0,15584000.0,14989000.0,6042000.0,4601000.0,2807600.0,6148400.0,3762100.0,1781300.0,2740300.0,1353800.0,4824200.0,3044800.0,1.5456,1.8588,4.1663,2.2418,2.4807,3.6646,1.2757,2.2399,4.2239,1.1954,1.9825,4.2115,2.4608,2.6634,4.3247,0.74914,2.0662,4.2242,1.6961,2.5301,3.8743,3.0951,2.8429,5.8668,1.1795,2.0268,4.1905,1.701,1.7126,4.2414,1.2961,2.2884,4.2886,0.69861,2.0276,4.2107,2.901,2.8419,4.6658,5.5337,2.7396,1.3517,1.2611,2.8089,3.6337,0.81859,2.1625,2.9952,2.599,2.1918,4.5884,1.4613,1.6756,3.8901,0.75529,2.7025,3.9092,1.8807,1.8429,3.5437,1.2117,2.3801,3.255,0.38064,2.2937,3.4674,1.8641,1.6235,3.4123,2.0632,2.6535,4.2106,1.9194,1.6318,3.3718,1.6606,1.6282,3.9844,0.33465,2.1951,3.118,2.1204,2.4401,4.5424,1.5017,1.7046,3.2837,0.9308,1.961,2.7529,3.2674,2.8346,6.0365,1.9392,1.8267,3.5205,0.85795,2.7346,2.9148,1.6789,2.5967,4.0057,0.75968,1.8994,2.7361,1.1007,2.4135,3.1417,1.9375,1.9287,4.4897,1.8497,1.6492,3.8983,0.63882,2.1365,3.9422,1.425,2.5611,3.9329,0.98,2.1644,3.1616,2.6484,2.3831,4.4013,2.0098,2.2106,4.7292,1.5502,1.6308,3.9285,1.8904,2.0306,4.4788,1.5046,2.2127,3.2258,0.81935,2.2557,2.9874,2.4437,2.5038,4.371,2.0288,2.4889,4.8204,1.9394,2.6201,4.7919,2.6126,2.38,4.3865,1.2684,2.5295,3.8726,1.8825,2.344,4.4111,2.632,2.9716,4.4451,0.6916,2.3651,2.694,1.3544,2.0128,4.6121,1.8502,2.9941,3.6858,0.24089,2.371,3.3698,1.705,1.6152,4.0816,0.84399,2.2288,3.0661,2.2764,2.3024,4.7166,0.48633,2.3938,3.1279,0.72167,2.2612,3.1293,0.014761,2.8991,1.7224,2.0553,2.2277,4.667,2.5227,2.4504,4.3168,2.2758,2.3143,5.1438,1.9135,2.6335,4.1143,1.1195,1.8154,4.067,4.5069,2.7964,0.72086,0.76012,2.195,2.963,1.4816,2.141,4.293,1.1795,2.2689,3.5612,1.9988,2.6195,4.2628,1.6226,1.5772,4.1435,1.1719,2.5156,3.1348,0.72952,2.5246,3.7353,2.2505,1.8162,3.6785,1.3863,2.5404,3.4813,1.3608,2.5997,3.5168,1.3901,1.6303,4.2638,1.9343,2.6325,4.4377,2.0889,2.6158,4.641,3.3127,2.8411,6.1413,1.7737,1.6051,4.1989,1.9141,1.925,3.372,2.5184,2.9391,5.3926,1.1894,2.5798,3.0449,2.682,2.382,5.0043,1.0162,2.7112,4.2431,1.4295,2.4985,3.5574,0.97844,1.9527,4.1661,1.7807,1.6357,4.0587,1.9775,1.9348,3.3939,6.0352,2.8986,2.8589,2.9839,2.2201,4.6722,1.5454,1.9183,4.4069,1.1541,2.5473,3.358,1.4366,2.4693,3.3995,1.711,1.8744,3.6584,2.0523,2.4608,4.1106,1.0876,2.3852,3.2535,2.5087,1.8527,5.337,0.99876,2.5889,3.2727,1.3499,2.5602,3.3153,0.24388,3.0505,3.1977,0.66673,1.9374,2.7522,1.6597,1.9442,4.6276,1.5291,1.7946,4.2167,5.2098,2.7545,1.5845,0.89871,2.2337,2.9557,0.96694,2.734,4.2379,2.3778,2.4145,3.7102,2.9405,2.2934,4.9702,3.1043,2.5739,4.6244,2.0952,2.3869,4.6159,2.1818,2.2271,4.1713,0.71086,2.2687,3.3294,0.65875,2.4187,3.053,0.58444,2.2701,3.8932,2.4624,2.4405,4.5793,0.69907,2.4555,2.8591,1.2918,1.5657,4.3641,1.5887,1.9178,3.5471,0.39058,2.6649,2.2111,3.4197,2.9103,0.27341,0.84582,2.2595,3.0667,1.6253,1.6667,4.1703,1.6787,1.9146,3.2959,0.80098,2.3461,2.8985,2.2456,2.2684,4.9422,1.3497,2.5815,3.2401,1.2939,2.2216,3.6852,0.35678,2.0731,3.3265,1.7255,1.8898,3.4403,2.6366,2.0175,4.1304,2.0379,2.151,4.9579,1.4014,1.6966,3.8552,0.77056,2.0574,2.8338,2.0869,2.1112,5.0888,2.1555,2.2979,4.5792,1.5061,2.4691,4.0314,4.0024,2.8245,6.1994,1.8055,2.5085,3.9789,0.59964,1.9991,4.1673,1.1818,2.6147,4.2302,3.2757,2.7738,6.0855,1.7044,1.5667,3.2777,0.28242,2.3932,3.433,4.8303,3.002,0.66273,0.43261,2.8291,3.3497,1.1446,2.55,3.1071,2.2589,2.1841,5.0307,1.6786,2.049,4.4599,1.6557,1.6197,3.3978,1.9009,2.9532,3.4347,0.74997,2.3189,2.925,0.79144,2.3626,3.0179,0.22107,2.6695,3.3493,1.9884,2.4602,4.2866,0.67333,2.399,2.8042,1.0175,2.3749,3.5817,1.2923,1.7581,4.3299,0.2291,2.3561,3.4982,1.6918,1.5956,3.2752,0.85501,2.2929,2.8724,2.9166,2.8526,6.0413,1.6698,2.507,3.9546,2.0316,2.2482,4.6086,2.153,2.6423,5.0511,1.5797,1.9541,3.8039,1.4334,1.7586,3.7619,2.304,2.1442,4.9826,1.4901,2.5625,3.9266,0.459,2.994,2.1025,4.4368,2.8838,0.26173,1.3358,2.8495,4.1734,1.8545,1.984,3.8919,1.1475,2.6736,2.7349,0.056529,2.7722,2.8196,1.0767,2.918,4.1952,0.47263,2.4243,2.6183,0.85973,2.0882,2.8327,0.5533,2.4892,3.4252,1.8303,2.2397,4.3462,1.0604,2.8271,4.2209,0.71394,2.0643,2.9349,2.1204,1.8346,3.6983,1.4267,1.8878,3.7246,2.2351,2.5758,4.7072,1.5526,1.5752,4.1998,1.264,2.1356,3.2426,0.75422,2.1086,2.9925,0.73626,2.2505,2.641,1.7977,2.3914,4.1899,2.2175,2.5613,4.8996,0.59436,2.0756,2.9267,1.7349,1.806,3.2909,0.89322,2.9758,2.6206,0.52707,2.5312,2.5872,3.258,2.7209,6.2089,6.2617,2.8707,2.7049,4.0879,2.8746,6.0534,2.4132,2.2242,3.7287,1.4981,3.057,4.5286,1.2348,2.4502,3.5007,6.0706,3.1096,2.7827,2.3742,2.1704,3.7332,1.3224,1.8443,3.7115,2.3784,2.3293,4.6461,2.5951,2.7359,4.2681,1.2556,2.7166,4.3118,1.6567,1.9303,3.805,1.2183,2.7409,3.7856,2.3242,2.3308,4.9112,1.3689,2.5958,3.3656,2.1471,2.3097,4.0541,0.81771,1.9785,3.3911,2.4224,2.3022,3.8123,2.337,2.336,3.7243,2.3078,2.0118,5.0895,2.6108,2.2914,4.8306,2.4067,2.2415,3.7897,1.4503,1.6145,3.9283,2.3159,2.5733,4.9071,1.7219,1.9437,3.8509,0.82123,2.1115,4.1388,1.5729,1.8477,4.3507,2.2949,2.5359,4.9507,1.4456,2.4004,3.2532,5.8287,2.8094,2.1084,1.863,1.7481,3.5293,1.9269,2.8912,4.149,2.1263,1.9984,4.8417,1.1912,2.6306,4.3792,2.023,2.1599,4.9536,1.6585,1.7776,3.9266,1.6381,1.9963,3.3205,1.1639,2.7245,3.7343,1.0491,2.8513,3.8244,1.5828,2.4972,3.9241,1.1665,2.6668,3.6795,1.7543,1.7429,4.0801,0.72116,2.4456,2.8171,1.8271,2.1448,4.4201,0.10259,2.7779,3.02,1.0336,1.9506,4.3452,0.98395,2.2762,3.0869,1.5798,2.408,4.5591,1.0084,2.0784,2.8308,0.8051,2.0085,2.6817,1.6981,1.7584,3.9339,0.86089,2.4368,2.9298,1.3055,1.5798,3.8409,2.7711,2.6124,4.6112,1.0419,2.245,3.6379,1.1808,2.7189,3.6915,2.0091,1.9996,4.4754,1.0013,1.9601,4.2389,1.9135,1.6453,3.4341,1.73,2.5018,3.9696,2.267,2.5323,4.8724,2.0518,2.3523,3.5912,1.2053,3.0548,3.4624,1.3945,1.4449,4.2559,0.71668,2.9764,3.6569,1.652,1.7205,4.2436,0.80771,1.9996,2.7173,0.53696,2.2236,4.0594,2.5903,2.5994,4.5245,2.0214,2.1013,3.4528,1.3729,2.8785,3.5313,1.0879,2.233,3.6137,2.5406,2.0441,4.4818,1.5047,1.7367,4.4196,1.5924,2.5857,3.5657,2.0733,2.29,4.0619,2.7137,2.2967,4.9616,0.44867,2.497,2.9285
0.21486,0.34063,0.0076822,257.7,293.94,198.01,0.0014645,0.0017462,0.0010005,204.71,225.24,239.8,222.6,224.36,175.73,234.55,226.61,270.43,229.4,275.57,297.59,201.4,246.93,227.99,305.17,224.85,265.13,237.28,175.32,359.79,242.64,203.76,248.99,206.23,294.13,275.58,337.54,182.9,271.99,242.75,235.11,142.45,257.86,289.7,377.57,282.54,198.19,343.63,376.09,301.87,198.48,285.03,207.52,304.23,291.21,339.1,340.05,391.17,301.07,293.37,288.72,425.09,381.62,409.13,310.59,358.64,317.58,239.26,458.23,409.74,382.49,358.67,203.68,321.24,260.6,260.27,229.42,365.65,271.01,300.53,269.67,366.25,358.85,287.26,295.8,300.19,368.97,369.27,356.37,259.55,325.26,352.06,287.05,325.78,227.45,345.06,293.14,348.33,300.35,338.64,337.2,307.27,341.04,314.05,277.07,292.17,365.37,287.97,281.18,438.05,397.32,406.52,284.99,375.61,497.32,460.26,360.43,273.79,339.65,430.09,314.73,357.6,335.38,286.79,405.8,343.95,407.69,430.74,370.65,431.95,442.14,427.85,332.0,378.67,425.32,511.44,281.81,537.86,495.81,451.36,343.05,495.49,362.29,330.44,667.15,382.21,416.16,398.36,393.91,365.7,287.96,357.18,424.54,297.69,500.19,347.01,345.88,415.4,491.53,279.65,315.84,403.59,277.44,151.72,335.23,394.34,341.48,514.0,396.81,214.04,302.7,223.18,238.29,288.71,298.96,244.02,327.07,310.23,246.39,293.01,262.34,309.37,212.48,284.79,273.05,265.06,242.81,234.54,327.16,233.36,344.39,383.33,267.91,303.92,255.53,336.8,298.75,240.97,332.78,341.99,302.23,312.49,301.02,329.99,345.33,287.11,512.92,245.86,270.32,280.67,283.01,260.03,299.71,290.63,365.83,282.32,267.63,272.13,340.38,286.27,204.33,233.49,276.49,363.54,274.24,240.51,290.02,257.58,289.77,286.05,259.59,274.9,289.53,291.78,228.54,301.08,230.63,310.98,231.73,242.09,200.89,282.63,288.12,182.54,289.28,232.56,186.73,271.15,198.45,235.03,283.78,199.34,254.91,269.84,204.5,268.88,259.5,238.92,191.18,252.49,217.23,256.1,247.08,168.9,293.12,294.81,214.77,173.58,209.16,281.24,251.69,255.29,237.57,154.78,159.92,203.25,249.75,255.68,227.15,232.94,214.64,193.9,173.91,182.63,230.01,206.78,256.57,218.49,0.00073876,0.0010179,0.0010699,0.0011632,0.0010788,0.0008288,0.0012214,0.00095939,0.0013957,0.0010791,0.0014509,0.0016382,0.00099695,0.001327,0.0011054,0.0017832,0.0013071,0.0014874,0.0015069,0.0010827,0.0020873,0.0016008,0.0012785,0.0017231,0.0014079,0.0019215,0.0015879,0.0019302,0.0013672,0.0018056,0.0014964,0.0014567,0.0010205,0.0014296,0.0017577,0.0022711,0.0017445,0.0011863,0.002071,0.002176,0.0017095,0.0011205,0.0018091,0.0015639,0.0018458,0.0017943,0.0020999,0.0019032,0.0023227,0.0018029,0.0014224,0.0018087,0.0025197,0.0020634,0.0023993,0.0019713,0.0020956,0.0013986,0.0016192,0.0027279,0.0024136,0.0022632,0.002157,0.0013256,0.0021764,0.0017193,0.0015335,0.0017033,0.0022623,0.0017119,0.0019324,0.0018551,0.0021374,0.0021598,0.0012808,0.0019318,0.0018959,0.0023029,0.0023132,0.0022575,0.0014115,0.0022371,0.0022893,0.0017718,0.0013905,0.0017213,0.0015173,0.0019235,0.0020926,0.0019631,0.0021233,0.0019387,0.0015694,0.0021668,0.0016207,0.0018867,0.0018355,0.0023262,0.0015692,0.0018305,0.0022378,0.0024007,0.0024526,0.0017092,0.0023119,0.0023971,0.0026816,0.0022818,0.0018779,0.0020702,0.0025826,0.002106,0.0016993,0.002029,0.0019075,0.0024559,0.002078,0.0023146,0.002348,0.0018102,0.0020103,0.002549,0.001985,0.0021992,0.002088,0.0019807,0.002821,0.0019524,0.0025419,0.0027967,0.0027507,0.002047,0.0026495,0.0014593,0.0021339,0.0032591,0.0022259,0.0021253,0.0023707,0.0021078,0.0022019,0.0018487,0.0020296,0.0025276,0.0020609,0.0023994,0.0021119,0.001551,0.0020149,0.0025351,0.0018308,0.0020589,0.0022151,0.0018122,0.0012026,0.0019358,0.0023091,0.0021019,0.0023432,0.001987,0.0013814,0.0018856,0.0015629,0.0016571,0.0016558,0.0018099,0.0017429,0.0020213,0.0019379,0.0017348,0.0019441,0.0015622,0.0019431,0.0015311,0.00184,0.0017205,0.0018145,0.0015589,0.0014815,0.0019042,0.001512,0.0020349,0.002225,0.0016289,0.0019316,0.0017906,0.0021091,0.0018433,0.0016627,0.0019431,0.0016796,0.0019614,0.0019629,0.0018855,0.0022148,0.0020759,0.0018584,0.0017831,0.0016724,0.0016661,0.0017709,0.0018353,0.0017144,0.0019034,0.001735,0.0023567,0.0016309,0.0018244,0.0016937,0.0018569,0.0017636,0.001427,0.0015872,0.0016701,0.0021822,0.0017574,0.0016219,0.0016524,0.0015993,0.0018209,0.0018341,0.0016293,0.0016913,0.0017712,0.0018007,0.0015348,0.0018563,0.0015378,0.0018418,0.0015349,0.0013918,0.0013226,0.001569,0.0018469,0.0012647,0.0017285,0.0013624,0.0014827,0.0016817,0.0013054,0.0015124,0.0017222,0.0014268,0.0015065,0.0015866,0.0012028,0.001617,0.0014937,0.0015094,0.0012564,0.0015911,0.0013457,0.0015837,0.0014238,0.00096555,0.0015785,0.0016856,0.0011921,0.0011916,0.0011455,0.0015347,0.0015273,0.0015127,0.001075,0.00096077,0.00096119,0.000992,0.0014928,0.0014872,0.0010503,0.0012914,0.0010359,0.0010285,0.00087151,0.00082658,0.0011131,0.0011057,0.0013857,0.0012071,1074300.0,1105700.0,792270.0,4276700.0,2284500.0,1150800.0,5856800.0,1513400.0,1879800.0,3242500.0,2966100.0,734830.0,5652900.0,1298400.0,4052200.0,2459600.0,5070500.0,4091400.0,1340500.0,3371900.0,2502600.0,3347400.0,11704000.0,958350.0,6311800.0,749460.0,9101500.0,1591900.0,1841400.0,815570.0,3232100.0,1680500.0,5814300.0,23940000.0,2520900.0,2724900.0,4347000.0,1235900.0,1513400.0,1646200.0,2062700.0,1057700.0,2058300.0,1019200.0,7475600.0,2433400.0,1825600.0,1494000.0,2274900.0,15971000.0,952090.0,7278300.0,3995200.0,706940.0,3910700.0,1079100.0,2657700.0,17679000.0,32102000.0,2373200.0,1720700.0,1532600.0,2840700.0,1036400.0,1926200.0,3409900.0,803840.0,2871900.0,1940600.0,3915400.0,2755300.0,1446400.0,1119200.0,15048000.0,5077600.0,1340600.0,3613400.0,1673300.0,965090.0,2573300.0,3702600.0,1313000.0,893150.0,2116300.0,873820.0,1861100.0,2850800.0,4950200.0,4191200.0,2338500.0,5694300.0,1300700.0,9352900.0,4677300.0,1017700.0,1694700.0,903640.0,1769700.0,3509900.0,9918500.0,1730700.0,16523000.0,1417300.0,9919600.0,1633600.0,3256300.0,1272900.0,1628100.0,12535000.0,5115100.0,2157200.0,3869300.0,2389200.0,1225800.0,656170.0,3373000.0,11659000.0,2413800.0,1291100.0,778800.0,1922000.0,735100.0,1193700.0,2218700.0,8786700.0,4156700.0,2627900.0,3087700.0,2361300.0,1498700.0,773560.0,10411000.0,2404500.0,3548600.0,2073400.0,1371700.0,1031900.0,2014200.0,1052000.0,2853800.0,3921600.0,1159600.0,1477000.0,2103000.0,1521000.0,2210500.0,2422200.0,877170.0,6912100.0,1513500.0,9390500.0,6180200.0,809830.0,10291000.0,814480.0,1274500.0,19279000.0,683650.0,12167000.0,721740.0,5575100.0,3693400.0,3817200.0,2647300.0,5252900.0,4116200.0,4227600.0,964530.0,4135000.0,1638700.0,6369200.0,1506700.0,7610900.0,1080700.0,744550.0,4005200.0,2996600.0,1988300.0,8411500.0,2288700.0,948280.0,1205600.0,3671000.0,3568300.0,1940100.0,1475700.0,747540.0,6807100.0,5275200.0,2336700.0,637470.0,17726000.0,3323000.0,5257900.0,1142200.0,18258000.0,5431600.0,1100100.0,8580600.0,1353300.0,1434500.0,3992400.0,5297000.0,799330.0,1639500.0,973680.0,1778500.0,1568200.0,1456500.0,7851700.0,2342100.0,1425100.0,12280000.0,2793800.0,1238000.0,1263500.0,3260300.0,951930.0,4669600.0,1133200.0,1854600.0,8075300.0,4435100.0,696550.0,1421900.0,10018000.0,5258300.0,5069200.0,15394000.0,3001700.0,1931800.0,2342400.0,2994600.0,3189800.0,1882600.0,1749500.0,2275100.0,1499400.0,7215800.0,652060.0,3656200.0,8296200.0,8910100.0,1863600.0,5378600.0,4029700.0,5011000.0,864140.0,1139900.0,5361500.0,1551600.0,6587500.0,3485200.0,7122400.0,1970700.0,1638700.0,1591200.0,1087700.0,1106100.0,2208100.0,945990.0,5091800.0,3371700.0,4404800.0,3356800.0,2894200.0,2745600.0,15584000.0,14989000.0,6042000.0,4601000.0,2807600.0,6148400.0,3762100.0,1781300.0,2740300.0,1353800.0,4824200.0,3044800.0,1.5457,1.8588,4.1663,2.2418,2.4807,3.6646,1.2757,2.24,4.2239,1.1951,1.9824,4.2114,2.4604,2.6634,4.3248,0.74862,2.0662,4.2243,1.6968,2.5302,3.8742,3.0953,2.8429,5.8668,1.1792,2.0268,4.1903,1.7007,1.7125,4.2413,1.2963,2.2888,4.289,0.69757,2.0274,4.2107,2.9006,2.8419,4.6662,5.5325,2.7393,1.351,1.2613,2.8086,3.6338,0.81781,2.1626,2.9951,2.5996,2.1924,4.5891,1.4612,1.6756,3.89,0.75635,2.7032,3.9098,1.88,1.8432,3.5441,1.212,2.3799,3.2556,0.38102,2.2938,3.4668,1.8644,1.6233,3.4125,2.0635,2.6528,4.2103,1.92,1.6316,3.3718,1.6611,1.628,3.9848,0.33449,2.1954,3.1177,2.1207,2.4403,4.543,1.5017,1.7047,3.2842,0.93156,1.9614,2.7528,3.268,2.8345,6.0372,1.9393,1.8269,3.5207,0.85727,2.7349,2.915,1.6783,2.5967,4.0057,0.76018,1.8993,2.7359,1.1002,2.4134,3.1419,1.9374,1.9288,4.4896,1.8508,1.6492,3.8985,0.63926,2.136,3.9435,1.4262,2.5614,3.934,0.97971,2.1648,3.161,2.6493,2.3835,4.4021,2.0096,2.2106,4.7292,1.5503,1.6304,3.9285,1.8903,2.0313,4.4787,1.5048,2.213,3.2257,0.81917,2.2561,2.9865,2.4436,2.5047,4.371,2.0294,2.4881,4.8201,1.9394,2.6201,4.7915,2.613,2.3807,4.3873,1.2683,2.5298,3.8725,1.8839,2.3447,4.4117,2.6363,2.9712,4.4481,0.69268,2.3647,2.6952,1.3532,2.0125,4.6124,1.8502,2.9938,3.6849,0.24021,2.3708,3.3699,1.7052,1.6151,4.0816,0.84489,2.2295,3.0663,2.277,2.3024,4.7169,0.48458,2.3934,3.1281,0.72043,2.2616,3.1288,0.014851,2.8991,1.7211,2.0568,2.2286,4.6679,2.5227,2.4512,4.3173,2.2753,2.3145,5.1439,1.9132,2.6331,4.1135,1.1195,1.815,4.0677,4.5067,2.7958,0.72177,0.75996,2.1951,2.9626,1.4825,2.1414,4.2931,1.1802,2.2701,3.5614,1.9981,2.6191,4.2622,1.6228,1.5774,4.1434,1.1718,2.5152,3.1349,0.7293,2.5254,3.7352,2.2512,1.816,3.6782,1.3863,2.5404,3.4815,1.3608,2.5997,3.5166,1.39,1.6303,4.2634,1.9345,2.6318,4.4375,2.0901,2.6147,4.6415,3.3118,2.8414,6.1413,1.775,1.6047,4.1991,1.9153,1.9248,3.3714,2.5195,2.9385,5.393,1.1892,2.5797,3.0446,2.682,2.3817,5.004,1.0171,2.7119,4.244,1.4296,2.4985,3.5578,0.9791,1.9532,4.1668,1.7807,1.636,4.0585,1.978,1.935,3.394,6.0367,2.8985,2.8597,2.9848,2.2199,4.6721,1.5467,1.9179,4.4077,1.155,2.5469,3.3581,1.4368,2.4694,3.3997,1.7114,1.874,3.6583,2.0526,2.4608,4.1113,1.0877,2.3856,3.2537,2.5089,1.8516,5.3377,0.99892,2.5884,3.2725,1.3491,2.5603,3.3147,0.24389,3.0506,3.1978,0.66703,1.9382,2.7517,1.6595,1.944,4.6284,1.5298,1.7942,4.217,5.2097,2.7537,1.5846,0.89929,2.2342,2.9563,0.96787,2.7346,4.2389,2.3774,2.4142,3.7102,2.9409,2.2935,4.9702,3.1053,2.5734,4.6248,2.096,2.3867,4.6165,2.1818,2.2276,4.1714,0.71119,2.2691,3.3299,0.65947,2.4188,3.053,0.58481,2.2709,3.8934,2.4626,2.4405,4.5785,0.69844,2.4559,2.858,1.2914,1.5655,4.3644,1.5886,1.9174,3.5479,0.39159,2.665,2.212,3.4195,2.9099,0.2731,0.84565,2.2593,3.0665,1.6252,1.6666,4.1707,1.679,1.9151,3.2966,0.80199,2.3458,2.8992,2.2463,2.268,4.9424,1.3504,2.5816,3.2408,1.2945,2.2219,3.6861,0.357,2.0727,3.3277,1.7258,1.8895,3.4403,2.6368,2.0169,4.1309,2.0375,2.1512,4.9578,1.4021,1.6967,3.8555,0.7705,2.0582,2.8346,2.0871,2.1108,5.0892,2.1554,2.298,4.5797,1.5063,2.4698,4.032,4.0011,2.8228,6.1981,1.8049,2.5088,3.9783,0.59872,1.9995,4.1675,1.1811,2.6146,4.2298,3.275,2.7734,6.0858,1.7044,1.5668,3.2777,0.28273,2.3936,3.4335,4.8289,3.002,0.66134,0.43257,2.8294,3.3506,1.1442,2.5502,3.1079,2.2588,2.184,5.0312,1.6795,2.049,4.4604,1.6556,1.6197,3.398,1.9027,2.9534,3.4362,0.75001,2.3186,2.9253,0.79115,2.3621,3.018,0.22073,2.6697,3.3493,1.9888,2.4604,4.2867,0.67366,2.3986,2.8042,1.0179,2.3757,3.5815,1.2926,1.7579,4.3302,0.22915,2.3562,3.4989,1.6916,1.5957,3.2752,0.85571,2.2924,2.8726,2.916,2.8525,6.0417,1.6685,2.5067,3.9543,2.0315,2.2485,4.6086,2.1516,2.6419,5.0503,1.579,1.954,3.8037,1.4339,1.7581,3.7622,2.3041,2.1443,4.9824,1.4899,2.5622,3.9261,0.45844,2.9937,2.1015,4.4361,2.8833,0.26159,1.3356,2.8498,4.1729,1.8538,1.9842,3.8919,1.1466,2.6736,2.7341,0.055118,2.7718,2.8192,1.0771,2.9181,4.1954,0.47252,2.4238,2.6186,0.85974,2.0886,2.8325,0.55378,2.4893,3.4257,1.8314,2.2401,4.3465,1.0596,2.8273,4.2205,0.71447,2.0649,2.9341,2.1208,1.8345,3.6978,1.4271,1.888,3.725,2.2339,2.575,4.7058,1.5533,1.5751,4.1998,1.2636,2.1355,3.2429,0.75484,2.1091,2.9922,0.73614,2.25,2.641,1.7978,2.3916,4.1901,2.2169,2.5606,4.8993,0.59433,2.0758,2.9262,1.7348,1.8064,3.2909,0.89398,2.9756,2.6209,0.52671,2.5314,2.587,3.2585,2.7208,6.2096,6.2626,2.8708,2.7064,4.0862,2.8741,6.0513,2.4134,2.223,3.7287,1.4989,3.057,4.5305,1.2346,2.4501,3.5012,6.0657,3.1097,2.779,2.3742,2.17,3.7328,1.3228,1.8444,3.7116,2.3779,2.3294,4.6465,2.5946,2.7364,4.269,1.2554,2.7167,4.3114,1.6558,1.93,3.8046,1.2188,2.7406,3.7864,2.3237,2.3304,4.9107,1.3677,2.5954,3.3656,2.1468,2.3103,4.0537,0.81769,1.9787,3.3911,2.4223,2.3015,3.8125,2.3367,2.3356,3.7242,2.3083,2.012,5.0902,2.6103,2.2915,4.8308,2.407,2.2415,3.7896,1.4506,1.6147,3.9287,2.3151,2.5726,4.9068,1.7211,1.9436,3.8506,0.82134,2.1113,4.1392,1.5725,1.8478,4.3511,2.2944,2.5351,4.9507,1.4455,2.4005,3.2531,5.8282,2.809,2.108,1.863,1.748,3.5294,1.9265,2.8905,4.1481,2.1267,1.9987,4.8418,1.1916,2.6309,4.3797,2.0236,2.16,4.9539,1.6587,1.7774,3.9264,1.6383,1.9961,3.32,1.1643,2.7245,3.7348,1.0495,2.8514,3.8243,1.5835,2.4974,3.9244,1.1666,2.6664,3.6794,1.754,1.7427,4.08,0.72048,2.4454,2.8173,1.8269,2.1452,4.4203,0.10254,2.7778,3.0208,1.0332,1.9506,4.3455,0.98402,2.2759,3.0871,1.5795,2.408,4.559,1.0085,2.0784,2.8307,0.80539,2.0085,2.6815,1.6984,1.7582,3.9337,0.86045,2.4367,2.9305,1.3051,1.5797,3.8409,2.7711,2.6125,4.6111,1.0416,2.2456,3.6379,1.1809,2.7185,3.6917,2.0093,1.9997,4.4754,1.0009,1.9601,4.2388,1.9138,1.6453,3.4341,1.7304,2.502,3.9694,2.2675,2.5322,4.8721,2.0515,2.3522,3.5909,1.2051,3.0547,3.4623,1.3943,1.4449,4.2559,0.71697,2.9763,3.6569,1.6522,1.7204,4.2437,0.80797,1.9996,2.7172,0.53638,2.2237,4.0598,2.5899,2.5994,4.5246,2.0215,2.1012,3.4529,1.3728,2.8783,3.5313,1.0879,2.2332,3.6135,2.5407,2.0443,4.4819,1.5047,1.7367,4.4196,1.5923,2.5857,3.5656,2.0734,2.29,4.0619,2.7139,2.2964,4.9614,0.44872,2.4968,2.9284
0.21575,0.34206,0.0077061,258.13,294.59,198.07,0.0014669,0.0017499,0.0010009,204.55,225.17,240.2,222.67,224.76,175.96,234.34,226.57,270.53,229.66,276.05,298.34,201.69,247.47,228.15,305.8,224.8,265.48,237.82,175.53,360.34,242.52,203.65,248.72,206.1,294.59,276.09,338.17,183.2,271.76,242.92,235.67,142.61,258.58,289.9,378.22,282.94,197.98,344.54,376.91,302.35,198.98,286.09,207.63,304.85,291.78,339.72,340.77,392.15,301.67,294.1,289.29,426.5,382.13,410.17,311.46,359.32,319.26,239.59,459.29,410.76,383.08,359.43,204.21,322.04,261.06,261.17,229.53,366.56,272.04,301.52,270.15,367.0,360.09,289.66,296.51,300.39,369.75,370.05,357.17,260.8,326.46,352.88,287.04,327.6,228.06,346.63,293.55,348.95,300.97,339.66,338.6,307.85,341.6,315.06,277.38,292.94,366.23,289.22,282.11,439.74,398.18,408.37,286.01,376.41,498.79,461.11,361.7,274.71,340.26,430.8,315.42,360.33,336.52,287.18,406.88,345.16,409.46,432.23,371.44,434.84,443.09,429.96,332.98,379.88,427.03,513.44,282.55,540.02,496.78,452.88,344.1,496.92,366.72,331.49,669.12,383.26,417.89,399.42,395.24,366.44,288.87,358.01,425.59,298.45,501.92,347.26,347.08,417.27,493.16,280.34,316.65,404.48,278.36,151.92,336.33,395.32,342.07,515.82,397.28,214.38,303.32,223.59,238.75,289.68,299.53,244.55,327.46,310.89,246.63,293.48,262.79,309.99,213.05,285.26,273.34,265.47,243.28,234.96,327.42,233.83,345.11,383.91,268.2,304.75,255.95,337.39,299.38,241.33,333.53,342.62,302.88,313.03,301.6,330.86,345.9,287.69,514.38,246.42,270.71,281.34,283.61,260.17,300.12,291.26,366.94,283.04,268.2,272.52,341.22,286.9,204.63,233.78,276.89,364.35,274.94,241.03,290.33,257.83,290.11,286.5,260.08,275.26,289.83,291.96,228.82,301.75,230.8,311.5,232.11,242.43,201.25,283.11,288.59,182.65,289.57,232.93,186.95,271.47,198.77,235.42,284.15,199.61,255.04,270.04,204.58,269.2,259.78,239.18,191.38,252.86,217.53,256.33,247.38,169.05,293.26,295.04,214.97,173.64,209.41,281.62,252.14,255.43,237.67,154.83,160.11,203.4,250.05,255.83,227.19,233.08,214.72,194.03,174.05,182.73,230.15,206.93,256.95,218.74,0.00073769,0.0010173,0.0010715,0.0011638,0.0010807,0.00083017,0.0012201,0.00095912,0.0013965,0.0010804,0.0014539,0.0016426,0.00099848,0.0013301,0.0011064,0.0017869,0.0013071,0.0014899,0.0015106,0.0010843,0.0020902,0.0015999,0.0012777,0.0017218,0.0014068,0.0019245,0.0015914,0.0019339,0.0013698,0.0018042,0.0014976,0.0014604,0.0010216,0.0014335,0.0017586,0.0022747,0.0017472,0.0011837,0.0020761,0.0021807,0.0017133,0.0011229,0.0018146,0.0015654,0.0018495,0.001798,0.0021044,0.0019077,0.0023283,0.0018068,0.0014265,0.0018124,0.0025267,0.0020667,0.0024051,0.001976,0.0021004,0.0014066,0.0016192,0.002734,0.0024173,0.002267,0.0021614,0.0013281,0.0021808,0.0017222,0.0015386,0.0017047,0.0022681,0.0017177,0.001938,0.0018577,0.0021426,0.0021655,0.0012912,0.0019358,0.0018984,0.0023077,0.0023187,0.0022624,0.0014174,0.0022438,0.0022949,0.001773,0.0014002,0.0017247,0.0015238,0.0019258,0.0020966,0.0019674,0.0021287,0.0019464,0.0015721,0.0021705,0.0016259,0.0018888,0.0018391,0.0023312,0.0015739,0.0018358,0.002246,0.0024059,0.0024618,0.0017152,0.0023159,0.0024058,0.0026873,0.0022884,0.0018835,0.0020744,0.0025873,0.0021103,0.0017125,0.0020351,0.001911,0.0024618,0.0020842,0.0023238,0.0023563,0.0018154,0.0020195,0.0025552,0.0019973,0.0022046,0.0020942,0.00199,0.0028326,0.0019574,0.0025532,0.002803,0.0027592,0.0020527,0.0026575,0.0014782,0.0021402,0.0032707,0.0022317,0.002136,0.0023773,0.0021149,0.0022069,0.0018538,0.0020356,0.0025337,0.0020661,0.0024086,0.0021149,0.0015573,0.0020247,0.0025434,0.0018355,0.0020633,0.0022207,0.0018174,0.001205,0.0019418,0.0023144,0.0021051,0.002353,0.0019887,0.0013837,0.0018894,0.0015655,0.0016597,0.0016607,0.0018138,0.0017466,0.0020239,0.0019412,0.001737,0.0019472,0.0015648,0.0019463,0.0015342,0.0018435,0.0017223,0.0018167,0.0015614,0.001484,0.0019065,0.0015147,0.0020389,0.0022282,0.0016296,0.0019357,0.0017935,0.0021136,0.001847,0.0016654,0.0019475,0.0016827,0.001965,0.0019667,0.0018889,0.0022196,0.0020793,0.001862,0.0017898,0.0016756,0.0016681,0.0017746,0.0018393,0.0017156,0.0019056,0.0017387,0.0023618,0.0016343,0.0018279,0.0016965,0.0018615,0.0017673,0.0014291,0.0015891,0.0016727,0.0021871,0.0017617,0.0016251,0.0016544,0.0016007,0.0018226,0.0018373,0.0016322,0.0016937,0.0017741,0.001802,0.0015366,0.0018603,0.001539,0.0018449,0.0015372,0.0013938,0.0013247,0.0015718,0.0018501,0.0012653,0.0017302,0.0013645,0.0014845,0.0016839,0.0013076,0.0015148,0.0017246,0.0014291,0.0015071,0.0015876,0.0012036,0.001619,0.0014952,0.0015112,0.0012577,0.0015936,0.0013477,0.001585,0.0014255,0.00096648,0.0015795,0.0016875,0.0011934,0.0011922,0.0011469,0.0015368,0.0015299,0.0015132,0.0010755,0.00096128,0.00096239,0.00099284,0.0014948,0.001488,0.0010504,0.0012921,0.0010363,0.0010292,0.00087221,0.0008271,0.0011139,0.0011066,0.0013877,0.0012087,1074300.0,1105700.0,792270.0,4276700.0,2284500.0,1150800.0,5856800.0,1513400.0,1879800.0,3242500.0,2966100.0,734830.0,5652900.0,1298400.0,4052200.0,2459600.0,5070500.0,4091400.0,1340500.0,3371900.0,2502600.0,3347400.0,11704000.0,958350.0,6311800.0,749460.0,9101500.0,1591900.0,1841400.0,815570.0,3232100.0,1680500.0,5814300.0,23940000.0,2520900.0,2724900.0,4347000.0,1235900.0,1513400.0,1646200.0,2062700.0,1057700.0,2058300.0,1019200.0,7475600.0,2433400.0,1825600.0,1494000.0,2274900.0,15971000.0,952090.0,7278300.0,3995200.0,706940.0,3910700.0,1079100.0,2657700.0,17679000.0,32102000.0,2373200.0,1720700.0,1532600.0,2840700.0,1036400.0,1926200.0,3409900.0,803840.0,2871900.0,1940600.0,3915400.0,2755300.0,1446400.0,1119200.0,15048000.0,5077600.0,1340600.0,3613400.0,1673300.0,965090.0,2573300.0,3702600.0,1313000.0,893150.0,2116300.0,873820.0,1861100.0,2850800.0,4950200.0,4191200.0,2338500.0,5694300.0,1300700.0,9352900.0,4677300.0,1017700.0,1694700.0,903640.0,1769700.0,3509900.0,9918500.0,1730700.0,16523000.0,1417300.0,9919600.0,1633600.0,3256300.0,1272900.0,1628100.0,12535000.0,5115100.0,2157200.0,3869300.0,2389200.0,1225800.0,656170.0,3373000.0,11659000.0,2413800.0,1291100.0,778800.0,1922000.0,735100.0,1193700.0,2218700.0,8786700.0,4156700.0,2627900.0,3087700.0,2361300.0,1498700.0,773560.0,10411000.0,2404500.0,3548600.0,2073400.0,1371700.0,1031900.0,2014200.0,1052000.0,2853800.0,3921600.0,1159600.0,1477000.0,2103000.0,1521000.0,2210500.0,2422200.0,877170.0,6912100.0,1513500.0,9390500.0,6180200.0,809830.0,10291000.0,814480.0,1274500.0,19279000.0,683650.0,12167000.0,721740.0,5575100.0,3693400.0,3817200.0,2647300.0,5252900.0,4116200.0,4227600.0,964530.0,4135000.0,1638700.0,6369200.0,1506700.0,7610900.0,1080700.0,744550.0,4005200.0,2996600.0,1988300.0,8411500.0,2288700.0,948280.0,1205600.0,3671000.0,3568300.0,1940100.0,1475700.0,747540.0,6807100.0,5275200.0,2336700.0,637470.0,17726000.0,3323000.0,5257900.0,1142200.0,18258000.0,5431600.0,1100100.0,8580600.0,1353300.0,1434500.0,3992400.0,5297000.0,799330.0,1639500.0,973680.0,1778500.0,1568200.0,1456500.0,7851700.0,2342100.0,1425100.0,12280000.0,2793800.0,1238000.0,1263500.0,3260300.0,951930.0,4669600.0,1133200.0,1854600.0,8075300.0,4435100.0,696550.0,1421900.0,10018000.0,5258300.0,5069200.0,15394000.0,3001700.0,1931800.0,2342400.0,2994600.0,3189800.0,1882600.0,1749500.0,2275100.0,1499400.0,7215800.0,652060.0,3656200.0,8296200.0,8910100.0,1863600.0,5378600.0,4029700.0,5011000.0,864140.0,1139900.0,5361500.0,1551600.0,6587500.0,3485200.0,7122400.0,1970700.0,1638700.0,1591200.0,1087700.0,1106100.0,2208100.0,945990.0,5091800.0,3371700.0,4404800.0,3356800.0,2894200.0,2745600.0,15584000.0,14989000.0,6042000.0,4601000.0,2807600.0,6148400.0,3762100.0,1781300.0,2740300.0,1353800.0,4824200.0,3044800.0,1.5459,1.8588,4.1663,2.2419,2.4808,3.6646,1.2757,2.2401,4.2239,1.195,1.9823,4.2113,2.4602,2.6634,4.3248,0.74822,2.0662,4.2244,1.6973,2.5303,3.8742,3.0955,2.8428,5.8668,1.1789,2.0268,4.1902,1.7004,1.7124,4.2412,1.2965,2.2891,4.2893,0.69679,2.0272,4.2108,2.9003,2.8418,4.6666,5.5316,2.739,1.3505,1.2615,2.8084,3.634,0.81722,2.1626,2.9951,2.6,2.1929,4.5897,1.4611,1.6755,3.8899,0.75715,2.7038,3.9103,1.8795,1.8435,3.5444,1.2122,2.3798,3.256,0.38131,2.2938,3.4664,1.8647,1.6232,3.4126,2.0638,2.6523,4.21,1.9205,1.6316,3.3718,1.6614,1.6278,3.9851,0.33437,2.1956,3.1175,2.121,2.4404,4.5435,1.5017,1.7047,3.2845,0.93213,1.9617,2.7528,3.2685,2.8344,6.0377,1.9393,1.8271,3.5209,0.85676,2.735,2.9151,1.6778,2.5967,4.0058,0.76056,1.8993,2.7357,1.0999,2.4134,3.142,1.9372,1.9289,4.4895,1.8517,1.6491,3.8986,0.63958,2.1357,3.9445,1.4272,2.5615,3.9348,0.97949,2.1651,3.1606,2.6499,2.3839,4.4027,2.0095,2.2105,4.7292,1.5504,1.6301,3.9285,1.8903,2.0319,4.4787,1.505,2.2132,3.2256,0.81903,2.2565,2.9858,2.4435,2.5054,4.371,2.0299,2.4875,4.8198,1.9395,2.6201,4.7911,2.6134,2.3812,4.3878,1.2682,2.53,3.8725,1.8849,2.3451,4.4121,2.6395,2.9709,4.4504,0.69348,2.3644,2.696,1.3523,2.0123,4.6125,1.8502,2.9935,3.6842,0.23972,2.3707,3.3699,1.7053,1.615,4.0816,0.84556,2.2299,3.0664,2.2774,2.3024,4.717,0.48329,2.393,3.1282,0.71952,2.2618,3.1284,0.014915,2.8991,1.7202,2.0579,2.2292,4.6685,2.5226,2.4518,4.3177,2.2749,2.3146,5.144,1.913,2.6327,4.1129,1.1195,1.8148,4.0683,4.5065,2.7953,0.72245,0.75984,2.1953,2.9624,1.4832,2.1416,4.2932,1.1807,2.2709,3.5616,1.9976,2.6188,4.2617,1.6229,1.5775,4.1434,1.1717,2.5149,3.1351,0.72912,2.526,3.7352,2.2517,1.8159,3.678,1.3862,2.5403,3.4816,1.3608,2.5997,3.5164,1.3899,1.6302,4.2632,1.9346,2.6314,4.4373,2.091,2.6139,4.6418,3.3111,2.8417,6.1413,1.7759,1.6043,4.1993,1.9162,1.9247,3.371,2.5203,2.9381,5.3933,1.189,2.5797,3.0444,2.6819,2.3814,5.0038,1.0178,2.7124,4.2447,1.4296,2.4984,3.558,0.97958,1.9535,4.1674,1.7807,1.6361,4.0584,1.9783,1.9352,3.394,6.0378,2.8985,2.8603,2.9855,2.2196,4.672,1.5477,1.9177,4.4083,1.1556,2.5466,3.3582,1.4369,2.4694,3.3998,1.7117,1.8738,3.6582,2.0528,2.4608,4.1118,1.0878,2.3859,3.2539,2.5091,1.8508,5.3382,0.99902,2.588,3.2724,1.3485,2.5604,3.3144,0.24386,3.0506,3.1978,0.66724,1.9389,2.7513,1.6593,1.9438,4.629,1.5303,1.7938,4.2171,5.2097,2.7531,1.5846,0.89971,2.2345,2.9567,0.96853,2.735,4.2397,2.3771,2.414,3.7102,2.9412,2.2935,4.9702,3.106,2.5731,4.6252,2.0966,2.3865,4.6169,2.1818,2.2279,4.1714,0.71143,2.2694,3.3303,0.65999,2.4188,3.053,0.58508,2.2715,3.8936,2.4628,2.4405,4.5778,0.69795,2.4561,2.8572,1.2912,1.5653,4.3646,1.5886,1.9171,3.5484,0.39234,2.6651,2.2126,3.4194,2.9097,0.2729,0.84551,2.2592,3.0663,1.6252,1.6665,4.171,1.6792,1.9154,3.2972,0.80272,2.3456,2.8996,2.2468,2.2677,4.9424,1.3509,2.5817,3.2414,1.2949,2.2222,3.6867,0.35719,2.0724,3.3286,1.7261,1.8893,3.4404,2.6369,2.0164,4.1312,2.0372,2.1513,4.9577,1.4026,1.6967,3.8558,0.77045,2.0588,2.8352,2.0873,2.1106,5.0895,2.1553,2.2981,4.5801,1.5064,2.4703,4.0324,4.0001,2.8214,6.1971,1.8045,2.5091,3.9779,0.59804,1.9998,4.1677,1.1805,2.6144,4.2295,3.2745,2.773,6.0861,1.7045,1.5669,3.2776,0.28296,2.3938,3.4338,4.828,3.002,0.66035,0.43255,2.8297,3.3514,1.1439,2.5503,3.1084,2.2588,2.1839,5.0316,1.6801,2.049,4.4607,1.6555,1.6198,3.3982,1.904,2.9535,3.4373,0.75004,2.3184,2.9255,0.79094,2.3617,3.0181,0.22049,2.6698,3.3493,1.9891,2.4605,4.2867,0.67392,2.3983,2.8043,1.0182,2.3763,3.5813,1.2927,1.7577,4.3303,0.2292,2.3563,3.4994,1.6915,1.5958,3.2751,0.85623,2.292,2.8728,2.9157,2.8524,6.042,1.6676,2.5065,3.954,2.0314,2.2488,4.6086,2.1505,2.6416,5.0497,1.5785,1.954,3.8036,1.4343,1.7577,3.7624,2.3041,2.1443,4.9823,1.4897,2.562,3.9257,0.45806,2.9934,2.1008,4.4356,2.8829,0.2615,1.3354,2.85,4.1725,1.8534,1.9844,3.8919,1.1459,2.6736,2.7335,0.054081,2.7715,2.8189,1.0774,2.9182,4.1955,0.47246,2.4234,2.6189,0.85974,2.0889,2.8324,0.55415,2.4893,3.4261,1.8322,2.2404,4.3467,1.059,2.8275,4.2203,0.71488,2.0652,2.9336,2.121,1.8344,3.6974,1.4273,1.8881,3.7253,2.2331,2.5744,4.7048,1.5539,1.5751,4.1999,1.2634,2.1354,3.2431,0.75531,2.1095,2.9919,0.73605,2.2496,2.6411,1.7978,2.3917,4.1903,2.2165,2.5601,4.8991,0.59431,2.0759,2.9258,1.7347,1.8067,3.2909,0.89455,2.9754,2.6212,0.52644,2.5316,2.5869,3.2588,2.7206,6.2101,6.2632,2.8708,2.7074,4.0849,2.8738,6.0497,2.4136,2.2221,3.7287,1.4994,3.0569,4.5319,1.2344,2.4501,3.5016,6.062,3.1097,2.7762,2.3742,2.1696,3.7325,1.323,1.8444,3.7117,2.3776,2.3294,4.6469,2.5942,2.7368,4.2696,1.2553,2.7168,4.3111,1.6551,1.9299,3.8042,1.2193,2.7404,3.787,2.3234,2.33,4.9102,1.3669,2.5951,3.3657,2.1465,2.3108,4.0535,0.81768,1.9788,3.391,2.4221,2.301,3.8126,2.3365,2.3353,3.7241,2.3086,2.0122,5.0907,2.61,2.2915,4.8308,2.4072,2.2415,3.7896,1.4509,1.6148,3.9289,2.3145,2.5722,4.9065,1.7205,1.9436,3.8504,0.82142,2.1111,4.1394,1.5722,1.8479,4.3513,2.2941,2.5345,4.9508,1.4455,2.4005,3.2531,5.8278,2.8087,2.1076,1.863,1.7479,3.5294,1.9262,2.8899,4.1473,2.1271,1.9989,4.8419,1.1919,2.6311,4.38,2.0241,2.1601,4.9542,1.6588,1.7773,3.9262,1.6385,1.996,3.3197,1.1646,2.7244,3.7351,1.0498,2.8514,3.8242,1.584,2.4976,3.9246,1.1666,2.666,3.6793,1.7537,1.7425,4.0799,0.71997,2.4453,2.8175,1.8267,2.1455,4.4205,0.10249,2.7777,3.0213,1.0329,1.9507,4.3458,0.98408,2.2757,3.0873,1.5793,2.408,4.5589,1.0085,2.0784,2.8307,0.80561,2.0085,2.6814,1.6987,1.758,3.9336,0.86012,2.4366,2.9311,1.3048,1.5796,3.841,2.7711,2.6126,4.611,1.0414,2.246,3.6379,1.181,2.7183,3.6918,2.0094,1.9998,4.4755,1.0006,1.9601,4.2388,1.914,1.6453,3.4341,1.7306,2.5021,3.9693,2.268,2.5321,4.8719,2.0513,2.3521,3.5906,1.205,3.0547,3.4623,1.3941,1.4449,4.256,0.71718,2.9762,3.6569,1.6523,1.7203,4.2437,0.80817,1.9996,2.7172,0.53595,2.2238,4.0601,2.5896,2.5994,4.5246,2.0216,2.1011,3.4529,1.3728,2.8781,3.5312,1.0879,2.2334,3.6134,2.5407,2.0445,4.482,1.5048,1.7367,4.4196,1.5923,2.5857,3.5656,2.0735,2.29,4.0619,2.7139,2.2962,4.9613,0.44875,2.4967,2.9283
0.21664,0.34348,0.00773,258.54,295.22,198.12,0.0014692,0.0017533,0.0010012,204.42,225.12,240.58,222.74,225.14,176.17,234.15,226.56,270.65,229.9,276.53,299.06,201.94,247.99,228.3,306.39,224.79,265.81,238.34,175.71,360.89,242.47,203.59,248.54,206.02,295.06,276.58,338.74,183.46,271.65,243.14,236.19,142.74,259.26,290.17,378.91,283.36,197.91,345.43,377.74,302.8,199.43,287.1,207.79,305.47,292.28,340.36,341.55,393.13,302.25,294.78,289.82,427.95,382.74,411.25,312.21,360.09,320.8,240.05,460.42,411.85,383.71,360.12,204.82,322.89,261.47,261.94,229.76,367.43,272.96,302.47,270.7,367.78,361.33,291.96,297.27,300.67,370.55,370.92,357.99,261.98,327.61,353.67,287.11,329.42,228.67,348.16,294.03,349.63,301.6,340.69,340.01,308.49,342.18,316.07,277.73,293.7,367.11,290.53,283.01,441.39,399.08,410.28,286.97,377.19,500.23,462.0,363.03,275.64,340.8,431.55,316.13,363.09,337.64,287.57,407.95,346.37,411.31,433.59,372.21,437.82,444.15,432.22,333.84,381.01,428.75,515.52,283.19,542.1,497.87,454.2,345.09,498.37,371.19,332.4,671.02,384.31,419.64,400.35,396.56,367.23,289.54,358.72,426.54,299.05,503.6,347.5,348.29,419.02,494.66,280.89,317.34,405.38,279.39,152.15,337.42,396.36,342.45,517.58,397.82,214.72,303.78,223.89,239.17,290.66,300.1,244.91,327.7,311.54,246.79,293.88,263.23,310.63,213.61,285.7,273.5,265.9,243.73,235.35,327.66,234.27,345.74,384.5,268.42,305.54,256.34,337.93,299.96,241.64,334.15,343.17,303.43,313.48,302.14,331.6,346.39,288.21,515.67,246.87,271.0,281.88,284.09,260.29,300.51,291.8,367.89,283.64,268.65,272.81,341.91,287.42,204.85,234.02,277.2,364.99,275.51,241.42,290.56,258.11,290.47,286.82,260.46,275.55,289.99,292.16,229.06,302.28,230.99,311.96,232.39,242.67,201.5,283.46,288.95,182.78,289.85,233.2,187.1,271.71,199.0,235.66,284.47,199.81,255.24,270.29,204.7,269.49,260.03,239.46,191.52,253.1,217.71,256.62,247.64,169.18,293.48,295.29,215.13,173.73,209.56,281.83,252.39,255.66,237.83,154.93,160.16,203.51,250.25,256.06,227.32,233.27,214.83,194.18,174.2,182.84,230.28,206.96,257.13,218.79,0.00073686,0.0010168,0.0010731,0.0011644,0.0010825,0.00083138,0.0012189,0.00095907,0.0013975,0.0010818,0.0014568,0.0016468,0.00099979,0.0013331,0.0011074,0.0017904,0.0013073,0.0014923,0.0015142,0.0010857,0.0020931,0.0015995,0.0012773,0.0017211,0.0014061,0.0019277,0.0015947,0.0019372,0.001372,0.0018035,0.0014992,0.0014638,0.0010224,0.0014371,0.00176,0.0022786,0.00175,0.0011821,0.002081,0.0021856,0.0017168,0.001125,0.0018197,0.0015673,0.0018532,0.0018011,0.002109,0.0019128,0.0023339,0.0018105,0.0014304,0.0018158,0.0025341,0.0020706,0.0024111,0.0019802,0.0021057,0.0014137,0.0016201,0.0027407,0.0024218,0.0022712,0.0021656,0.0013312,0.0021857,0.0017249,0.0015429,0.0017068,0.0022738,0.0017229,0.0019435,0.0018608,0.002148,0.0021716,0.0013013,0.0019403,0.0019014,0.0023128,0.0023247,0.0022675,0.001423,0.0022504,0.0023003,0.0017748,0.0014099,0.0017284,0.0015303,0.0019286,0.0021009,0.001972,0.0021342,0.0019542,0.0015753,0.0021743,0.001631,0.0018913,0.0018428,0.0023364,0.0015789,0.0018411,0.0022539,0.0024114,0.0024714,0.0017209,0.0023198,0.0024141,0.0026932,0.0022957,0.0018893,0.0020781,0.0025921,0.0021148,0.0017254,0.0020408,0.0019145,0.0024677,0.0020906,0.0023337,0.0023637,0.0018205,0.0020298,0.0025622,0.0020103,0.0022094,0.0020996,0.0019995,0.0028446,0.0019616,0.002564,0.0028099,0.0027665,0.0020579,0.0026653,0.0014972,0.0021456,0.0032813,0.0022377,0.0021469,0.002383,0.002122,0.0022123,0.0018575,0.0020406,0.0025391,0.0020702,0.0024176,0.0021178,0.0015635,0.0020337,0.0025511,0.0018393,0.0020671,0.0022263,0.0018234,0.0012074,0.0019475,0.0023202,0.0021072,0.0023623,0.0019908,0.0013859,0.0018922,0.0015675,0.0016622,0.0016657,0.0018177,0.0017491,0.0020255,0.0019444,0.0017385,0.00195,0.0015674,0.0019496,0.0015372,0.0018467,0.0017232,0.0018189,0.0015637,0.0014864,0.0019085,0.0015173,0.0020421,0.0022315,0.0016298,0.0019396,0.0017962,0.0021179,0.0018505,0.0016676,0.001951,0.0016853,0.0019682,0.0019699,0.0018919,0.0022237,0.0020822,0.0018651,0.001795,0.0016782,0.0016696,0.0017775,0.0018424,0.0017166,0.0019075,0.0017416,0.0023661,0.0016369,0.0018305,0.0016986,0.0018651,0.0017703,0.0014306,0.0015905,0.0016747,0.0021909,0.0017651,0.0016275,0.001656,0.0016021,0.0018244,0.0018395,0.0016344,0.0016955,0.0017759,0.0018032,0.0015381,0.0018635,0.0015402,0.0018475,0.0015388,0.0013952,0.0013261,0.0015738,0.0018525,0.001266,0.0017317,0.0013658,0.0014857,0.0016856,0.0013089,0.0015163,0.0017265,0.0014306,0.0015081,0.0015888,0.0012044,0.0016208,0.0014964,0.0015128,0.0012585,0.0015951,0.0013488,0.0015866,0.0014269,0.00096718,0.001581,0.0016893,0.0011943,0.0011927,0.0011477,0.0015378,0.0015313,0.0015144,0.0010763,0.00096197,0.00096265,0.00099337,0.001496,0.0014892,0.0010511,0.001293,0.0010368,0.0010299,0.00087292,0.00082765,0.0011146,0.0011068,0.0013885,0.001209,1074300.0,1105700.0,792270.0,4276700.0,2284500.0,1150800.0,5856800.0,1513400.0,1879800.0,3242500.0,2966100.0,734830.0,5652900.0,1298400.0,4052200.0,2459600.0,5070500.0,4091400.0,1340500.0,3371900.0,2502600.0,3347400.0,11704000.0,958350.0,6311800.0,749460.0,9101500.0,1591900.0,1841400.0,815570.0,3232100.0,1680500.0,5814300.0,23940000.0,2520900.0,2724900.0,4347000.0,1235900.0,1513400.0,1646200.0,2062700.0,1057700.0,2058300.0,1019200.0,7475600.0,2433400.0,1825600.0,1494000.0,2274900.0,15971000.0,952090.0,7278300.0,3995200.0,706940.0,3910700.0,1079100.0,2657700.0,17679000.0,32102000.0,2373200.0,1720700.0,1532600.0,2840700.0,1036400.0,1926200.0,3409900.0,803840.0,2871900.0,1940600.0,3915400.0,2755300.0,1446400.0,1119200.0,15048000.0,5077600.0,1340600.0,3613400.0,1673300.0,965090.0,2573300.0,3702600.0,1313000.0,893150.0,2116300.0,873820.0,1861100.0,2850800.0,4950200.0,4191200.0,2338500.0,5694300.0,1300700.0,9352900.0,4677300.0,1017700.0,1694700.0,903640.0,1769700.0,3509900.0,9918500.0,1730700.0,16523000.0,1417300.0,9919600.0,1633600.0,3256300.0,1272900.0,1628100.0,12535000.0,5115100.0,2157200.0,3869300.0,2389200.0,1225800.0,656170.0,3373000.0,11659000.0,2413800.0,1291100.0,778800.0,1922000.0,735100.0,1193700.0,2218700.0,8786700.0,4156700.0,2627900.0,3087700.0,2361300.0,1498700.0,773560.0,10411000.0,2404500.0,3548600.0,2073400.0,1371700.0,1031900.0,2014200.0,1052000.0,2853800.0,3921600.0,1159600.0,1477000.0,2103000.0,1521000.0,2210500.0,2422200.0,877170.0,6912100.0,1513500.0,9390500.0,6180200.0,809830.0,10291000.0,814480.0,1274500.0,19279000.0,683650.0,12167000.0,721740.0,5575100.0,3693400.0,3817200.0,2647300.0,5252900.0,4116200.0,4227600.0,964530.0,4135000.0,1638700.0,6369200.0,1506700.0,7610900.0,1080700.0,744550.0,4005200.0,2996600.0,1988300.0,8411500.0,2288700.0,948280.0,1205600.0,3671000.0,3568300.0,1940100.0,1475700.0,747540.0,6807100.0,5275200.0,2336700.0,637470.0,17726000.0,3323000.0,5257900.0,1142200.0,18258000.0,5431600.0,1100100.0,8580600.0,1353300.0,1434500.0,3992400.0,5297000.0,799330.0,1639500.0,973680.0,1778500.0,1568200.0,1456500.0,7851700.0,2342100.0,1425100.0,12280000.0,2793800.0,1238000.0,1263500.0,3260300.0,951930.0,4669600.0,1133200.0,1854600.0,8075300.0,4435100.0,696550.0,1421900.0,10018000.0,5258300.0,5069200.0,15394000.0,3001700.0,1931800.0,2342400.0,2994600.0,3189800.0,1882600.0,1749500.0,2275100.0,1499400.0,7215800.0,652060.0,3656200.0,8296200.0,8910100.0,1863600.0,5378600.0,4029700.0,5011000.0,864140.0,1139900.0,5361500.0,1551600.0,6587500.0,3485200.0,7122400.0,1970700.0,1638700.0,1591200.0,1087700.0,1106100.0,2208100.0,945990.0,5091800.0,3371700.0,4404800.0,3356800.0,2894200.0,2745600.0,15584000.0,14989000.0,6042000.0,4601000.0,2807600.0,6148400.0,3762100.0,1781300.0,2740300.0,1353800.0,4824200.0,3044800.0,1.546,1.8589,4.1664,2.2419,2.4808,3.6645,1.2756,2.2401,4.2239,1.1948,1.9822,4.2112,2.4599,2.6634,4.3249,0.74783,2.0663,4.2245,1.6978,2.5303,3.8741,3.0957,2.8428,5.8668,1.1787,2.0268,4.19,1.7001,1.7123,4.2412,1.2966,2.2894,4.2896,0.696,2.027,4.2108,2.9,2.8418,4.6669,5.5308,2.7388,1.35,1.2617,2.8081,3.6341,0.81663,2.1626,2.995,2.6004,2.1934,4.5903,1.461,1.6754,3.8898,0.75795,2.7043,3.9108,1.879,1.8437,3.5447,1.2124,2.3797,3.2564,0.38158,2.2939,3.4659,1.865,1.623,3.4127,2.064,2.6518,4.2098,1.9209,1.6315,3.3718,1.6618,1.6276,3.9854,0.33425,2.1958,3.1173,2.1213,2.4406,4.544,1.5017,1.7048,3.2848,0.93269,1.962,2.7528,3.269,2.8343,6.0382,1.9393,1.8272,3.521,0.85626,2.7352,2.9152,1.6773,2.5967,4.0058,0.76092,1.8992,2.7356,1.0996,2.4133,3.1422,1.9371,1.929,4.4895,1.8526,1.649,3.8987,0.63989,2.1354,3.9454,1.4281,2.5617,3.9356,0.97926,2.1654,3.1602,2.6506,2.3842,4.4033,2.0094,2.2105,4.7292,1.5505,1.6297,3.9285,1.8903,2.0325,4.4786,1.5052,2.2134,3.2255,0.81888,2.2568,2.9852,2.4434,2.5062,4.371,2.0304,2.487,4.8196,1.9396,2.6201,4.7908,2.6137,2.3817,4.3884,1.2681,2.5302,3.8724,1.8859,2.3456,4.4126,2.6427,2.9706,4.4527,0.69427,2.3641,2.6968,1.3513,2.0121,4.6127,1.8502,2.9933,3.6836,0.23922,2.3706,3.37,1.7055,1.6149,4.0816,0.84623,2.2304,3.0665,2.2778,2.3024,4.7172,0.48202,2.3927,3.1283,0.71863,2.262,3.128,0.014977,2.8991,1.7193,2.0589,2.2299,4.6691,2.5226,2.4525,4.318,2.2746,2.3147,5.144,1.9128,2.6324,4.1123,1.1194,1.8145,4.0688,4.5063,2.7949,0.72314,0.75972,2.1954,2.9622,1.4839,2.1418,4.2932,1.1812,2.2718,3.5617,1.9972,2.6185,4.2613,1.623,1.5777,4.1434,1.1717,2.5147,3.1352,0.72896,2.5266,3.7352,2.2523,1.8158,3.6778,1.3862,2.5403,3.4817,1.3608,2.5996,3.5163,1.3898,1.6302,4.2629,1.9348,2.6309,4.4371,2.0919,2.6131,4.6422,3.3105,2.842,6.1412,1.7768,1.604,4.1994,1.9171,1.9246,3.3705,2.5211,2.9376,5.3936,1.1889,2.5796,3.0442,2.6819,2.3812,5.0036,1.0186,2.7129,4.2455,1.4297,2.4983,3.5583,0.98007,1.9539,4.1679,1.7807,1.6362,4.0582,1.9787,1.9353,3.394,6.0389,2.8985,2.8609,2.9862,2.2194,4.672,1.5486,1.9175,4.4089,1.1562,2.5463,3.3583,1.437,2.4694,3.4,1.7119,1.8736,3.6582,2.053,2.4608,4.1123,1.088,2.3861,3.2541,2.5092,1.85,5.3387,0.99913,2.5876,3.2722,1.3479,2.5605,3.314,0.24385,3.0506,3.1978,0.66745,1.9395,2.7509,1.6591,1.9436,4.6296,1.5308,1.7935,4.2173,5.2097,2.7525,1.5847,0.90012,2.2348,2.9572,0.9692,2.7355,4.2405,2.3768,2.4137,3.7102,2.9415,2.2935,4.9702,3.1066,2.5728,4.6255,2.0971,2.3863,4.6173,2.1818,2.2282,4.1714,0.71167,2.2697,3.3306,0.6605,2.4189,3.053,0.58535,2.2721,3.8938,2.4629,2.4406,4.5771,0.69747,2.4564,2.8565,1.2909,1.5651,4.3649,1.5886,1.9167,3.549,0.39308,2.6652,2.2133,3.4192,2.9094,0.27269,0.84539,2.259,3.0662,1.6252,1.6664,4.1713,1.6794,1.9158,3.2977,0.80344,2.3454,2.9001,2.2473,2.2673,4.9425,1.3514,2.5818,3.2419,1.2954,2.2225,3.6874,0.35738,2.0721,3.3295,1.7263,1.8891,3.4404,2.637,2.0159,4.1316,2.037,2.1514,4.9576,1.4032,1.6967,3.856,0.77041,2.0594,2.8358,2.0874,2.1103,5.0899,2.1552,2.2983,4.5804,1.5066,2.4708,4.0329,3.9992,2.8201,6.1962,1.8042,2.5093,3.9775,0.59736,2.0,4.1679,1.1799,2.6143,4.2292,3.274,2.7727,6.0863,1.7045,1.5669,3.2776,0.28319,2.3941,3.4342,4.827,3.0019,0.65934,0.43253,2.8299,3.3521,1.1436,2.5504,3.109,2.2588,2.1838,5.032,1.6807,2.0491,4.4611,1.6554,1.6198,3.3984,1.9054,2.9536,3.4384,0.75008,2.3182,2.9257,0.79075,2.3613,3.0182,0.22024,2.6699,3.3493,1.9895,2.4607,4.2868,0.67417,2.398,2.8043,1.0185,2.3769,3.5812,1.2929,1.7576,4.3305,0.22926,2.3563,3.5,1.6913,1.5959,3.2751,0.85674,2.2916,2.873,2.9153,2.8523,6.0423,1.6667,2.5063,3.9537,2.0313,2.249,4.6086,2.1495,2.6413,5.0491,1.5779,1.9539,3.8034,1.4346,1.7573,3.7627,2.3042,2.1444,4.9821,1.4896,2.5618,3.9254,0.45765,2.9932,2.1,4.435,2.8825,0.26139,1.3352,2.8502,4.1721,1.8529,1.9846,3.8919,1.1453,2.6737,2.7329,0.053057,2.7713,2.8186,1.0777,2.9182,4.1957,0.4724,2.423,2.6192,0.85975,2.0893,2.8322,0.55451,2.4893,3.4264,1.833,2.2407,4.347,1.0584,2.8277,4.22,0.71528,2.0656,2.933,2.1213,1.8344,3.6971,1.4275,1.8883,3.7256,2.2323,2.5739,4.7037,1.5544,1.5751,4.1999,1.2632,2.1354,3.2433,0.75578,2.1099,2.9917,0.73596,2.2492,2.6411,1.7979,2.3918,4.1904,2.216,2.5596,4.8988,0.59429,2.0761,2.9254,1.7347,1.8071,3.291,0.89513,2.9753,2.6214,0.52617,2.5318,2.5867,3.2592,2.7205,6.2106,6.2639,2.8708,2.7085,4.0837,2.8734,6.0482,2.4138,2.2213,3.7286,1.5,3.0569,4.5333,1.2342,2.45,3.502,6.0583,3.1098,2.7734,2.3742,2.1693,3.7323,1.3232,1.8444,3.7119,2.3772,2.3294,4.6472,2.5938,2.7372,4.2702,1.2552,2.7169,4.3108,1.6545,1.9297,3.8039,1.2197,2.7401,3.7876,2.3231,2.3297,4.9098,1.366,2.5948,3.3657,2.1462,2.3112,4.0532,0.81767,1.979,3.391,2.422,2.3004,3.8128,2.3363,2.3351,3.724,2.3089,2.0124,5.0912,2.6096,2.2915,4.8309,2.4074,2.2415,3.7895,1.4511,1.6149,3.9291,2.3139,2.5718,4.9063,1.7198,1.9436,3.8501,0.8215,2.1109,4.1397,1.5719,1.848,4.3516,2.2937,2.5339,4.9508,1.4454,2.4006,3.2531,5.8274,2.8084,2.1072,1.863,1.7479,3.5295,1.9258,2.8893,4.1466,2.1274,1.9992,4.842,1.1922,2.6313,4.3803,2.0246,2.1602,4.9545,1.6589,1.7773,3.9261,1.6387,1.9959,3.3194,1.165,2.7244,3.7355,1.0501,2.8515,3.8241,1.5845,2.4977,3.9248,1.1666,2.6657,3.6791,1.7535,1.7423,4.0799,0.71947,2.4452,2.8176,1.8266,2.1458,4.4207,0.10246,2.7776,3.0219,1.0327,1.9507,4.346,0.98413,2.2756,3.0875,1.5791,2.408,4.5588,1.0086,2.0783,2.8307,0.80583,2.0085,2.6812,1.699,1.7578,3.9334,0.85979,2.4365,2.9316,1.3045,1.5795,3.841,2.7711,2.6127,4.6109,1.0412,2.2465,3.6379,1.1811,2.718,3.6919,2.0096,1.9998,4.4755,1.0003,1.9601,4.2387,1.9142,1.6454,3.434,1.7309,2.5022,3.9692,2.2684,2.5319,4.8718,2.051,2.352,3.5903,1.2048,3.0546,3.4623,1.3939,1.445,4.2561,0.7174,2.9761,3.6569,1.6524,1.7202,4.2437,0.80837,1.9996,2.7171,0.53552,2.2238,4.0605,2.5893,2.5994,4.5247,2.0217,2.101,3.453,1.3727,2.878,3.5312,1.0879,2.2336,3.6134,2.5408,2.0447,4.4821,1.5048,1.7367,4.4196,1.5922,2.5857,3.5655,2.0735,2.2901,4.0619,2.714,2.296,4.9612,0.44878,2.4966,2.9283
0.21731,0.34454,0.0077481,258.88,295.73,198.18,0.0014711,0.0017562,0.0010015,204.36,225.11,240.87,222.81,225.42,176.37,234.04,226.59,270.76,230.08,276.88,299.61,202.15,248.37,228.44,306.85,224.81,266.06,238.73,175.88,361.32,242.46,203.58,248.44,205.98,295.39,276.95,339.19,183.67,271.6,243.28,236.58,142.91,259.8,290.39,379.38,283.65,197.97,346.1,378.34,303.16,199.78,287.86,207.86,305.92,292.68,340.78,342.05,393.83,302.69,295.32,290.23,428.97,383.1,412.03,312.82,360.59,322.09,240.43,461.18,412.62,384.12,360.71,205.2,323.42,261.8,262.61,229.99,368.1,273.74,303.23,271.09,368.33,362.26,293.73,297.8,300.82,371.16,371.51,358.6,262.95,328.5,354.3,287.13,330.84,229.13,349.34,294.44,350.13,302.06,341.46,341.08,309.05,342.67,316.88,278.03,294.33,367.79,291.65,283.72,442.7,399.72,411.7,287.76,377.88,501.37,462.63,364.03,276.33,341.31,432.13,316.66,365.24,338.56,287.89,408.76,347.32,412.71,434.74,372.81,440.01,444.9,433.96,334.6,381.97,430.06,517.07,283.78,543.76,498.7,455.36,345.93,499.44,374.55,333.19,672.53,385.15,421.0,401.17,397.55,367.85,290.19,359.35,427.41,299.6,504.95,347.72,349.26,420.5,495.96,281.39,317.97,406.13,280.16,152.34,338.32,397.17,342.86,519.0,398.28,215.01,304.23,224.2,239.55,291.45,300.58,245.28,327.98,312.08,246.98,294.25,263.6,311.14,214.07,286.08,273.73,266.26,244.14,235.7,327.87,234.65,346.29,384.99,268.68,306.2,256.71,338.42,300.47,241.95,334.7,343.7,303.93,313.89,302.61,332.28,346.84,288.66,516.86,247.31,271.29,282.37,284.55,260.47,300.87,292.29,368.73,284.2,269.08,273.09,342.53,287.89,205.06,234.26,277.5,365.58,276.06,241.81,290.8,258.35,290.77,287.16,260.85,275.84,290.2,292.33,229.29,302.76,231.16,312.38,232.68,242.93,201.75,283.83,289.32,182.9,290.1,233.48,187.28,271.96,199.25,235.91,284.76,200.03,255.37,270.48,204.79,269.76,260.27,239.7,191.68,253.36,217.91,256.83,247.88,169.31,293.63,295.51,215.28,173.8,209.73,282.07,252.69,255.81,237.93,155.0,160.28,203.62,250.47,256.22,227.38,233.41,214.92,194.31,174.33,182.93,230.4,207.05,257.37,218.94,0.00073641,0.0010166,0.0010743,0.001165,0.0010838,0.00083259,0.0012182,0.00095916,0.0013983,0.0010827,0.0014589,0.00165,0.0010009,0.0013354,0.0011082,0.001793,0.0013076,0.0014941,0.0015169,0.0010869,0.0020954,0.0015994,0.0012773,0.0017209,0.0014057,0.0019298,0.0015972,0.0019398,0.0013738,0.0018032,0.0015001,0.0014664,0.0010233,0.00144,0.0017611,0.0022811,0.001752,0.0011819,0.0020847,0.002189,0.0017196,0.0011266,0.0018238,0.0015684,0.001856,0.0018037,0.0021121,0.0019161,0.0023381,0.0018134,0.0014334,0.0018185,0.0025393,0.0020731,0.0024155,0.0019835,0.0021094,0.00142,0.0016212,0.0027454,0.002425,0.002274,0.002169,0.0013333,0.0021888,0.0017271,0.0015468,0.0017086,0.0022781,0.0017274,0.0019479,0.0018629,0.0021518,0.0021762,0.0013089,0.0019432,0.0019032,0.0023164,0.002329,0.0022712,0.0014277,0.0022554,0.0023044,0.0017759,0.0014171,0.0017309,0.0015352,0.0019308,0.002104,0.0019752,0.0021383,0.0019602,0.0015781,0.0021775,0.0016351,0.0018933,0.0018458,0.0023403,0.0015836,0.0018452,0.0022603,0.0024152,0.0024785,0.0017255,0.0023232,0.0024208,0.0026973,0.002301,0.0018936,0.0020816,0.0025958,0.0021181,0.0017359,0.0020458,0.0019173,0.002472,0.0020956,0.0023411,0.0023701,0.0018248,0.002037,0.0025671,0.0020204,0.0022137,0.0021045,0.0020068,0.0028536,0.0019657,0.0025724,0.0028151,0.002773,0.0020625,0.0026713,0.0015119,0.0021504,0.0032904,0.0022423,0.0021551,0.0023881,0.0021276,0.0022165,0.0018611,0.0020451,0.0025441,0.0020739,0.0024248,0.0021202,0.001569,0.0020416,0.0025577,0.0018428,0.0020706,0.002231,0.0018279,0.0012095,0.0019526,0.0023247,0.0021094,0.0023703,0.0019928,0.0013879,0.0018949,0.0015694,0.0016646,0.0016699,0.001821,0.0017517,0.0020274,0.0019472,0.0017401,0.0019524,0.0015696,0.0019522,0.0015398,0.0018495,0.0017246,0.0018209,0.0015659,0.0014886,0.0019103,0.0015195,0.0020451,0.0022343,0.0016309,0.0019428,0.0017986,0.0021215,0.0018535,0.0016698,0.0019542,0.0016882,0.001971,0.0019727,0.0018946,0.0022274,0.0020848,0.0018679,0.0018002,0.0016809,0.0016711,0.0017803,0.0018454,0.0017178,0.0019095,0.0017445,0.0023701,0.0016396,0.0018331,0.0017007,0.0018684,0.0017731,0.0014322,0.001592,0.0016766,0.0021945,0.0017684,0.0016299,0.0016576,0.0016034,0.0018259,0.0018418,0.0016367,0.0016974,0.001778,0.0018044,0.0015396,0.0018663,0.0015413,0.0018499,0.0015406,0.0013967,0.0013275,0.0015759,0.001855,0.0012666,0.0017332,0.0013673,0.0014871,0.0016873,0.0013105,0.0015179,0.0017285,0.0014323,0.0015087,0.0015898,0.0012051,0.0016225,0.0014977,0.0015144,0.0012595,0.0015967,0.0013501,0.0015878,0.0014283,0.00096796,0.001582,0.0016909,0.0011953,0.0011934,0.0011486,0.0015391,0.001533,0.0015151,0.0010768,0.00096249,0.00096336,0.00099395,0.0014974,0.00149,0.0010514,0.0012937,0.0010372,0.0010306,0.00087357,0.00082812,0.0011152,0.0011074,0.0013898,0.0012099,1074300.0,1105700.0,792270.0,4276700.0,2284500.0,1150800.0,5856800.0,1513400.0,1879800.0,3242500.0,2966100.0,734830.0,5652900.0,1298400.0,4052200.0,2459600.0,5070500.0,4091400.0,1340500.0,3371900.0,2502600.0,3347400.0,11704000.0,958350.0,6311800.0,749460.0,9101500.0,1591900.0,1841400.0,815570.0,3232100.0,1680500.0,5814300.0,23940000.0,2520900.0,2724900.0,4347000.0,1235900.0,1513400.0,1646200.0,2062700.0,1057700.0,2058300.0,1019200.0,7475600.0,2433400.0,1825600.0,1494000.0,2274900.0,15971000.0,952090.0,7278300.0,3995200.0,706940.0,3910700.0,1079100.0,2657700.0,17679000.0,32102000.0,2373200.0,1720700.0,1532600.0,2840700.0,1036400.0,1926200.0,3409900.0,803840.0,2871900.0,1940600.0,3915400.0,2755300.0,1446400.0,1119200.0,15048000.0,5077600.0,1340600.0,3613400.0,1673300.0,965090.0,2573300.0,3702600.0,1313000.0,893150.0,2116300.0,873820.0,1861100.0,2850800.0,4950200.0,4191200.0,2338500.0,5694300.0,1300700.0,9352900.0,4677300.0,1017700.0,1694700.0,903640.0,1769700.0,3509900.0,9918500.0,1730700.0,16523000.0,1417300.0,9919600.0,1633600.0,3256300.0,1272900.0,1628100.0,12535000.0,5115100.0,2157200.0,3869300.0,2389200.0,1225800.0,656170.0,3373000.0,11659000.0,2413800.0,1291100.0,778800.0,1922000.0,735100.0,1193700.0,2218700.0,8786700.0,4156700.0,2627900.0,3087700.0,2361300.0,1498700.0,773560.0,10411000.0,2404500.0,3548600.0,2073400.0,1371700.0,1031900.0,2014200.0,1052000.0,2853800.0,3921600.0,1159600.0,1477000.0,2103000.0,1521000.0,2210500.0,2422200.0,877170.0,6912100.0,1513500.0,9390500.0,6180200.0,809830.0,10291000.0,814480.0,1274500.0,19279000.0,683650.0,12167000.0,721740.0,5575100.0,3693400.0,3817200.0,2647300.0,5252900.0,4116200.0,4227600.0,964530.0,4135000.0,1638700.0,6369200.0,1506700.0,7610900.0,1080700.0,744550.0,4005200.0,2996600.0,1988300.0,8411500.0,2288700.0,948280.0,1205600.0,3671000.0,3568300.0,1940100.0,1475700.0,747540.0,6807100.0,5275200.0,2336700.0,637470.0,17726000.0,3323000.0,5257900.0,1142200.0,18258000.0,5431600.0,1100100.0,8580600.0,1353300.0,1434500.0,3992400.0,5297000.0,799330.0,1639500.0,973680.0,1778500.0,1568200.0,1456500.0,7851700.0,2342100.0,1425100.0,12280000.0,2793800.0,1238000.0,1263500.0,3260300.0,951930.0,4669600.0,1133200.0,1854600.0,8075300.0,4435100.0,696550.0,1421900.0,10018000.0,5258300.0,5069200.0,15394000.0,3001700.0,1931800.0,2342400.0,2994600.0,3189800.0,1882600.0,1749500.0,2275100.0,1499400.0,7215800.0,652060.0,3656200.0,8296200.0,8910100.0,1863600.0,5378600.0,4029700.0,5011000.0,864140.0,1139900.0,5361500.0,1551600.0,6587500.0,3485200.0,7122400.0,1970700.0,1638700.0,1591200.0,1087700.0,1106100.0,2208100.0,945990.0,5091800.0,3371700.0,4404800.0,3356800.0,2894200.0,2745600.0,15584000.0,14989000.0,6042000.0,4601000.0,2807600.0,6148400.0,3762100.0,1781300.0,2740300.0,1353800.0,4824200.0,3044800.0,1.546,1.8589,4.1664,2.242,2.4809,3.6645,1.2756,2.2402,4.2239,1.1947,1.9821,4.2112,2.4597,2.6634,4.3249,0.74753,2.0663,4.2246,1.6982,2.5304,3.8741,3.0958,2.8428,5.8668,1.1785,2.0268,4.19,1.6999,1.7123,4.2411,1.2967,2.2897,4.2899,0.69541,2.0269,4.2109,2.8998,2.8418,4.6672,5.5301,2.7386,1.3496,1.2618,2.808,3.6342,0.81618,2.1626,2.9949,2.6008,2.1938,4.5907,1.4609,1.6754,3.8898,0.75855,2.7047,3.9112,1.8787,1.8439,3.545,1.2125,2.3796,3.2567,0.38179,2.2939,3.4656,1.8652,1.6229,3.4128,2.0642,2.6514,4.2097,1.9213,1.6314,3.3718,1.662,1.6275,3.9856,0.33416,2.1959,3.1172,2.1215,2.4407,4.5444,1.5017,1.7048,3.2851,0.93311,1.9622,2.7528,3.2693,2.8342,6.0385,1.9393,1.8274,3.5211,0.85587,2.7354,2.9153,1.677,2.5967,4.0058,0.76119,1.8992,2.7355,1.0993,2.4133,3.1423,1.9371,1.9291,4.4894,1.8532,1.649,3.8987,0.64013,2.1351,3.9461,1.4287,2.5618,3.9362,0.97909,2.1657,3.1599,2.651,2.3845,4.4037,2.0093,2.2105,4.7292,1.5505,1.6295,3.9285,1.8902,2.0329,4.4786,1.5053,2.2135,3.2255,0.81877,2.257,2.9847,2.4433,2.5067,4.3709,2.0307,2.4865,4.8194,1.9396,2.6201,4.7905,2.614,2.382,4.3888,1.268,2.5304,3.8724,1.8867,2.346,4.4129,2.645,2.9704,4.4544,0.69485,2.3639,2.6974,1.3507,2.012,4.6128,1.8502,2.9931,3.6831,0.23885,2.3705,3.37,1.7056,1.6149,4.0816,0.84672,2.2307,3.0666,2.2781,2.3023,4.7173,0.48108,2.3924,3.1283,0.71796,2.2622,3.1278,0.015021,2.8991,1.7186,2.0598,2.2303,4.6695,2.5226,2.4529,4.3183,2.2743,2.3148,5.144,1.9126,2.6321,4.1119,1.1194,1.8143,4.0692,4.5062,2.7945,0.72366,0.75962,2.1955,2.962,1.4844,2.142,4.2933,1.1815,2.2724,3.5618,1.9968,2.6183,4.261,1.6231,1.5778,4.1433,1.1716,2.5145,3.1353,0.72884,2.527,3.7352,2.2527,1.8158,3.6776,1.3862,2.5403,3.4818,1.3608,2.5996,3.5161,1.3897,1.6302,4.2627,1.9349,2.6306,4.437,2.0925,2.6125,4.6425,3.31,2.8422,6.1412,1.7775,1.6037,4.1995,1.9178,1.9245,3.3702,2.5216,2.9373,5.3938,1.1887,2.5796,3.044,2.6819,2.381,5.0034,1.0191,2.7133,4.246,1.4297,2.4983,3.5585,0.98043,1.9542,4.1683,1.7807,1.6364,4.0581,1.9789,1.9354,3.3941,6.0398,2.8984,2.8614,2.9867,2.2193,4.672,1.5493,1.9173,4.4093,1.1567,2.5461,3.3583,1.4371,2.4694,3.4001,1.7122,1.8734,3.6581,2.0531,2.4608,4.1126,1.088,2.3863,3.2542,2.5094,1.8494,5.3391,0.9992,2.5873,3.2721,1.3474,2.5605,3.3137,0.24382,3.0507,3.1978,0.6676,1.94,2.7507,1.6589,1.9435,4.6301,1.5312,1.7932,4.2175,5.2097,2.752,1.5848,0.90042,2.2351,2.9575,0.96967,2.7358,4.241,2.3766,2.4136,3.7101,2.9417,2.2936,4.9702,3.1071,2.5725,4.6257,2.0975,2.3862,4.6176,2.1818,2.2285,4.1715,0.71184,2.2699,3.3309,0.66086,2.4189,3.053,0.58555,2.2725,3.8939,2.463,2.4406,4.5766,0.69711,2.4566,2.8559,1.2907,1.565,4.3651,1.5885,1.9165,3.5494,0.39362,2.6653,2.2137,3.4191,2.9093,0.27255,0.84528,2.2589,3.066,1.6252,1.6664,4.1715,1.6795,1.916,3.2981,0.80396,2.3452,2.9004,2.2477,2.2671,4.9426,1.3517,2.5819,3.2423,1.2957,2.2226,3.6878,0.35753,2.0718,3.3302,1.7265,1.889,3.4404,2.637,2.0156,4.1318,2.0367,2.1515,4.9575,1.4036,1.6967,3.8562,0.77038,2.0598,2.8362,2.0875,2.1101,5.0901,2.1552,2.2983,4.5807,1.5067,2.4712,4.0332,3.9985,2.8191,6.1955,1.8039,2.5095,3.9771,0.59686,2.0002,4.168,1.1795,2.6142,4.2289,3.2737,2.7725,6.0866,1.7046,1.567,3.2776,0.28336,2.3943,3.4344,4.8264,3.0019,0.65867,0.4325,2.8301,3.3526,1.1434,2.5505,3.1094,2.2587,2.1837,5.0323,1.6812,2.0491,4.4614,1.6554,1.6198,3.3985,1.9064,2.9537,3.4392,0.75012,2.318,2.9259,0.79061,2.361,3.0182,0.22006,2.67,3.3493,1.9897,2.4608,4.2869,0.67437,2.3978,2.8043,1.0187,2.3773,3.5811,1.2931,1.7574,4.3306,0.22931,2.3564,3.5003,1.6912,1.596,3.2751,0.85713,2.2913,2.8731,2.915,2.8523,6.0425,1.666,2.5061,3.9535,2.0313,2.2492,4.6086,2.1487,2.6411,5.0487,1.5776,1.9539,3.8033,1.4349,1.757,3.7628,2.3042,2.1444,4.982,1.4895,2.5616,3.9251,0.45736,2.993,2.0995,4.4347,2.8823,0.26134,1.3351,2.8503,4.1718,1.8525,1.9847,3.8919,1.1447,2.6737,2.7324,0.052297,2.7711,2.8184,1.078,2.9183,4.1958,0.47235,2.4227,2.6194,0.85975,2.0895,2.8321,0.55479,2.4893,3.4267,1.8336,2.2409,4.3471,1.0579,2.8278,4.2198,0.71559,2.0659,2.9326,2.1215,1.8344,3.6968,1.4277,1.8884,3.7258,2.2317,2.5734,4.703,1.5548,1.5751,4.2,1.2631,2.1353,3.2435,0.75614,2.1102,2.9915,0.7359,2.2489,2.6411,1.798,2.3919,4.1905,2.2157,2.5592,4.8986,0.59428,2.0762,2.9251,1.7346,1.8073,3.291,0.89555,2.9752,2.6216,0.52597,2.5319,2.5866,3.2594,2.7204,6.2109,6.2644,2.8708,2.7093,4.0827,2.8731,6.0471,2.4139,2.2206,3.7286,1.5004,3.0569,4.5343,1.2341,2.45,3.5023,6.0556,3.1098,2.7713,2.3741,2.1691,3.7321,1.3234,1.8444,3.7119,2.3769,2.3294,4.6475,2.5935,2.7375,4.2706,1.2551,2.7169,4.3106,1.654,1.9296,3.8037,1.22,2.74,3.788,2.3228,2.3295,4.9095,1.3654,2.5946,3.3657,2.146,2.3116,4.053,0.81766,1.9791,3.391,2.4219,2.3,3.8129,2.3362,2.3349,3.7239,2.3092,2.0126,5.0916,2.6094,2.2916,4.831,2.4076,2.2415,3.7894,1.4513,1.6149,3.9293,2.3135,2.5714,4.9061,1.7194,1.9436,3.85,0.82156,2.1108,4.14,1.5716,1.848,4.3518,2.2935,2.5334,4.9508,1.4454,2.4007,3.253,5.8271,2.8081,2.1069,1.863,1.7478,3.5296,1.9256,2.8889,4.1461,2.1277,1.9993,4.8421,1.1925,2.6314,4.3806,2.0249,2.1603,4.9547,1.659,1.7772,3.9259,1.6388,1.9958,3.3191,1.1652,2.7244,3.7358,1.0503,2.8515,3.824,1.5849,2.4978,3.9249,1.1666,2.6654,3.6791,1.7533,1.7422,4.0799,0.71909,2.4452,2.8178,1.8264,2.146,4.4209,0.10242,2.7776,3.0224,1.0324,1.9507,4.3462,0.98418,2.2754,3.0876,1.579,2.4081,4.5588,1.0086,2.0783,2.8307,0.80599,2.0085,2.6811,1.6992,1.7577,3.9333,0.85954,2.4364,2.9321,1.3042,1.5795,3.841,2.7711,2.6127,4.6108,1.0411,2.2468,3.6379,1.1811,2.7178,3.692,2.0097,1.9999,4.4755,1.0001,1.9601,4.2387,1.9144,1.6454,3.434,1.7311,2.5022,3.9692,2.2688,2.5319,4.8716,2.0508,2.352,3.5901,1.2047,3.0546,3.4623,1.3937,1.445,4.2561,0.71756,2.9761,3.6569,1.6524,1.7201,4.2438,0.80852,1.9995,2.7171,0.5352,2.2239,4.0607,2.589,2.5994,4.5247,2.0218,2.101,3.453,1.3726,2.8778,3.5311,1.0879,2.2337,3.6133,2.5408,2.0448,4.4821,1.5049,1.7367,4.4196,1.5921,2.5857,3.5655,2.0736,2.2901,4.0618,2.7141,2.2958,4.9612,0.44881,2.4965,2.9282
0.21798,0.34561,0.0077662,259.2,296.22,198.23,0.0014729,0.0017589,0.0010018,204.31,225.12,241.15,222.9,225.7,176.54,233.95,226.63,270.89,230.25,277.21,300.15,202.33,248.75,228.57,307.31,224.86,266.31,239.11,176.02,361.78,242.5,203.62,248.4,205.98,295.75,277.31,339.64,183.87,271.61,243.46,236.96,143.04,260.31,290.64,379.86,283.94,198.08,346.76,378.96,303.54,200.13,288.61,207.96,306.36,293.07,341.19,342.58,394.53,303.11,295.85,290.65,429.98,383.51,412.82,313.4,361.14,323.32,240.85,461.95,413.42,384.59,361.3,205.59,323.94,262.14,263.24,230.23,368.8,274.5,303.99,271.48,368.87,363.18,295.41,298.31,300.98,371.77,372.15,359.24,263.88,329.35,354.92,287.18,332.2,229.57,350.46,294.85,350.63,302.53,342.22,342.12,309.59,343.14,317.65,278.36,294.94,368.49,292.71,284.4,443.98,400.37,413.08,288.53,378.53,502.48,463.29,365.01,277.03,341.74,432.74,317.2,367.27,339.47,288.23,409.58,348.22,414.1,435.81,373.41,442.13,445.65,435.65,335.3,382.87,431.31,518.57,284.33,545.33,499.51,456.44,346.71,500.55,377.75,333.92,673.96,385.93,422.27,401.91,398.56,368.44,290.84,359.94,428.18,300.14,506.15,347.95,350.12,421.82,497.07,281.88,318.53,406.83,280.9,152.48,339.13,397.9,343.24,520.31,398.68,215.24,304.66,224.47,239.88,292.16,300.97,245.64,328.24,312.58,247.12,294.57,263.95,311.63,214.48,286.38,273.91,266.58,244.47,235.97,328.07,235.0,346.8,385.43,268.88,306.82,257.0,338.88,300.92,242.19,335.22,344.18,304.38,314.26,302.99,332.89,347.23,289.08,517.77,247.7,271.54,282.81,284.93,260.56,301.16,292.73,369.52,284.7,269.45,273.33,343.09,288.31,205.26,234.45,277.76,366.11,276.53,242.15,290.99,258.55,291.03,287.43,261.18,276.07,290.37,292.48,229.48,303.23,231.29,312.74,232.94,243.15,201.99,284.14,289.62,182.99,290.31,233.73,187.42,272.17,199.46,236.16,285.02,200.2,255.5,270.66,204.87,270.0,260.48,239.92,191.82,253.61,218.11,257.04,248.09,169.42,293.77,295.7,215.44,173.87,209.9,282.32,252.96,255.96,238.04,155.07,160.38,203.74,250.67,256.36,227.46,233.55,215.01,194.43,174.46,183.04,230.53,207.13,257.59,219.06,0.0007361,0.0010165,0.0010753,0.0011655,0.0010851,0.00083362,0.0012176,0.00095939,0.0013992,0.0010836,0.001461,0.0016531,0.0010018,0.0013376,0.0011089,0.0017956,0.001308,0.0014958,0.0015195,0.0010881,0.0020977,0.0015997,0.0012775,0.0017209,0.0014056,0.0019321,0.0015997,0.0019424,0.0013756,0.0018034,0.0015013,0.001469,0.0010241,0.0014428,0.0017624,0.0022837,0.0017539,0.001182,0.0020884,0.0021926,0.0017224,0.0011284,0.0018278,0.0015696,0.0018587,0.0018063,0.0021151,0.0019196,0.0023423,0.0018162,0.0014363,0.0018212,0.0025446,0.002076,0.00242,0.0019868,0.0021134,0.0014258,0.0016227,0.0027503,0.0024287,0.0022773,0.0021727,0.0013355,0.0021921,0.0017293,0.0015505,0.0017105,0.0022827,0.0017317,0.0019523,0.001865,0.0021556,0.0021809,0.001316,0.0019462,0.0019051,0.0023202,0.0023334,0.0022752,0.0014321,0.0022603,0.0023086,0.0017772,0.001424,0.0017334,0.0015398,0.001933,0.0021072,0.0019785,0.0021424,0.0019659,0.0015807,0.0021806,0.0016389,0.0018954,0.0018488,0.0023443,0.001588,0.0018492,0.0022664,0.0024191,0.0024855,0.0017301,0.0023265,0.0024272,0.0027016,0.0023064,0.0018979,0.0020846,0.0025996,0.0021214,0.0017453,0.0020505,0.0019202,0.0024765,0.0021003,0.0023483,0.002376,0.001829,0.0020439,0.0025722,0.0020298,0.0022177,0.002109,0.0020136,0.0028621,0.0019694,0.0025805,0.0028203,0.0027791,0.0020667,0.0026773,0.0015254,0.0021548,0.003298,0.0022467,0.0021628,0.0023926,0.0021332,0.0022204,0.0018648,0.0020492,0.0025485,0.0020775,0.002431,0.0021225,0.0015732,0.0020485,0.0025635,0.0018461,0.0020737,0.0022354,0.0018322,0.0012112,0.0019567,0.0023288,0.0021115,0.002377,0.0019943,0.0013893,0.0018974,0.0015711,0.0016665,0.0016734,0.0018237,0.0017543,0.002029,0.0019497,0.0017415,0.0019546,0.0015716,0.0019547,0.001542,0.0018518,0.0017256,0.0018226,0.0015676,0.0014902,0.001912,0.0015216,0.0020479,0.0022368,0.0016316,0.0019459,0.0018007,0.002125,0.0018562,0.0016716,0.0019572,0.0016909,0.0019736,0.0019754,0.0018968,0.0022308,0.0020871,0.0018705,0.0018042,0.0016832,0.0016724,0.0017828,0.0018479,0.0017186,0.001911,0.0017472,0.0023739,0.001642,0.0018354,0.0017024,0.0018715,0.0017756,0.0014335,0.0015932,0.0016783,0.0021976,0.0017714,0.001632,0.0016589,0.0016045,0.0018272,0.0018438,0.0016386,0.0016989,0.0017797,0.0018054,0.0015408,0.0018691,0.0015422,0.001852,0.0015421,0.0013979,0.0013288,0.0015777,0.001857,0.0012671,0.0017344,0.0013686,0.0014882,0.0016887,0.0013118,0.0015195,0.00173,0.0014337,0.0015094,0.0015907,0.0012058,0.0016239,0.0014988,0.0015158,0.0012603,0.0015984,0.0013514,0.0015889,0.0014294,0.00096864,0.001583,0.0016922,0.0011962,0.0011938,0.0011496,0.0015404,0.0015345,0.0015158,0.0010773,0.00096302,0.000964,0.00099464,0.0014986,0.0014907,0.0010518,0.0012944,0.0010377,0.0010313,0.0008742,0.00082868,0.0011159,0.001108,0.0013909,0.0012106,1074300.0,1105700.0,792270.0,4276700.0,2284500.0,1150800.0,5856800.0,1513400.0,1879800.0,3242500.0,2966100.0,734830.0,5652900.0,1298400.0,4052200.0,2459600.0,5070500.0,4091400.0,1340500.0,3371900.0,2502600.0,3347400.0,11704000.0,958350.0,6311800.0,749460.0,9101500.0,1591900.0,1841400.0,815570.0,3232100.0,1680500.0,5814300.0,23940000.0,2520900.0,2724900.0,4347000.0,1235900.0,1513400.0,1646200.0,2062700.0,1057700.0,2058300.0,1019200.0,7475600.0,2433400.0,1825600.0,1494000.0,2274900.0,15971000.0,952090.0,7278300.0,3995200.0,706940.0,3910700.0,1079100.0,2657700.0,17679000.0,32102000.0,2373200.0,1720700.0,1532600.0,2840700.0,1036400.0,1926200.0,3409900.0,803840.0,2871900.0,1940600.0,3915400.0,2755300.0,1446400.0,1119200.0,15048000.0,5077600.0,1340600.0,3613400.0,1673300.0,965090.0,2573300.0,3702600.0,1313000.0,893150.0,2116300.0,873820.0,1861100.0,2850800.0,4950200.0,4191200.0,2338500.0,5694300.0,1300700.0,9352900.0,4677300.0,1017700.0,1694700.0,903640.0,1769700.0,3509900.0,9918500.0,1730700.0,16523000.0,1417300.0,9919600.0,1633600.0,3256300.0,1272900.0,1628100.0,12535000.0,5115100.0,2157200.0,3869300.0,2389200.0,1225800.0,656170.0,3373000.0,11659000.0,2413800.0,1291100.0,778800.0,1922000.0,735100.0,1193700.0,2218700.0,8786700.0,4156700.0,2627900.0,3087700.0,2361300.0,1498700.0,773560.0,10411000.0,2404500.0,3548600.0,2073400.0,1371700.0,1031900.0,2014200.0,1052000.0,2853800.0,3921600.0,1159600.0,1477000.0,2103000.0,1521000.0,2210500.0,2422200.0,877170.0,6912100.0,1513500.0,9390500.0,6180200.0,809830.0,10291000.0,814480.0,1274500.0,19279000.0,683650.0,12167000.0,721740.0,5575100.0,3693400.0,3817200.0,2647300.0,5252900.0,4116200.0,4227600.0,964530.0,4135000.0,1638700.0,6369200.0,1506700.0,7610900.0,1080700.0,744550.0,4005200.0,2996600.0,1988300.0,8411500.0,2288700.0,948280.0,1205600.0,3671000.0,3568300.0,1940100.0,1475700.0,747540.0,6807100.0,5275200.0,2336700.0,637470.0,17726000.0,3323000.0,5257900.0,1142200.0,18258000.0,5431600.0,1100100.0,8580600.0,1353300.0,1434500.0,3992400.0,5297000.0,799330.0,1639500.0,973680.0,1778500.0,1568200.0,1456500.0,7851700.0,2342100.0,1425100.0,12280000.0,2793800.0,1238000.0,1263500.0,3260300.0,951930.0,4669600.0,1133200.0,1854600.0,8075300.0,4435100.0,696550.0,1421900.0,10018000.0,5258300.0,5069200.0,15394000.0,3001700.0,1931800.0,2342400.0,2994600.0,3189800.0,1882600.0,1749500.0,2275100.0,1499400.0,7215800.0,652060.0,3656200.0,8296200.0,8910100.0,1863600.0,5378600.0,4029700.0,5011000.0,864140.0,1139900.0,5361500.0,1551600.0,6587500.0,3485200.0,7122400.0,1970700.0,1638700.0,1591200.0,1087700.0,1106100.0,2208100.0,945990.0,5091800.0,3371700.0,4404800.0,3356800.0,2894200.0,2745600.0,15584000.0,14989000.0,6042000.0,4601000.0,2807600.0,6148400.0,3762100.0,1781300.0,2740300.0,1353800.0,4824200.0,3044800.0,1.5461,1.8589,4.1664,2.242,2.4809,3.6645,1.2756,2.2402,4.2239,1.1945,1.982,4.2111,2.4595,2.6633,4.3249,0.74723,2.0663,4.2246,1.6985,2.5305,3.874,3.0959,2.8428,5.8668,1.1784,2.0267,4.1899,1.6997,1.7122,4.2411,1.2968,2.2899,4.2901,0.69482,2.0268,4.2109,2.8996,2.8418,4.6674,5.5294,2.7384,1.3493,1.2619,2.8078,3.6342,0.81574,2.1626,2.9948,2.6011,2.1942,4.5912,1.4608,1.6753,3.8897,0.75916,2.7051,3.9116,1.8783,1.8441,3.5452,1.2127,2.3795,3.257,0.382,2.2939,3.4652,1.8654,1.6228,3.4129,2.0644,2.6511,4.2095,1.9216,1.6313,3.3718,1.6623,1.6274,3.9858,0.33407,2.1961,3.117,2.1217,2.4408,4.5448,1.5017,1.7049,3.2853,0.93353,1.9624,2.7528,3.2697,2.8342,6.0389,1.9393,1.8275,3.5213,0.8555,2.7355,2.9154,1.6766,2.5967,4.0059,0.76146,1.8991,2.7354,1.0991,2.4133,3.1424,1.937,1.9292,4.4894,1.8539,1.649,3.8988,0.64036,2.1349,3.9468,1.4294,2.562,3.9368,0.97891,2.1659,3.1596,2.6515,2.3848,4.4041,2.0092,2.2104,4.7292,1.5506,1.6292,3.9285,1.8902,2.0333,4.4785,1.5055,2.2137,3.2254,0.81866,2.2572,2.9842,2.4433,2.5072,4.3709,2.031,2.4861,4.8192,1.9396,2.62,4.7903,2.6142,2.3824,4.3892,1.2679,2.5305,3.8723,1.8874,2.3463,4.4132,2.6474,2.9702,4.4561,0.69542,2.3637,2.698,1.35,2.0118,4.6129,1.8503,2.9929,3.6827,0.23849,2.3704,3.3701,1.7057,1.6148,4.0816,0.84722,2.231,3.0667,2.2784,2.3023,4.7175,0.48016,2.3922,3.1284,0.7173,2.2623,3.1275,0.015054,2.8991,1.718,2.0606,2.2308,4.67,2.5226,2.4534,4.3186,2.274,2.3149,5.1441,1.9125,2.6319,4.1115,1.1194,1.8141,4.0696,4.506,2.7942,0.72417,0.75954,2.1956,2.9618,1.4849,2.1422,4.2933,1.1819,2.273,3.5619,1.9965,2.6181,4.2607,1.6231,1.5779,4.1433,1.1715,2.5143,3.1354,0.72872,2.5274,3.7351,2.2531,1.8157,3.6775,1.3862,2.5402,3.4818,1.3608,2.5996,3.516,1.3896,1.6302,4.2626,1.935,2.6302,4.4369,2.0932,2.612,4.6428,3.3095,2.8424,6.1411,1.7782,1.6035,4.1996,1.9185,1.9244,3.3699,2.5222,2.9369,5.394,1.1886,2.5796,3.0439,2.6818,2.3808,5.0033,1.0196,2.7137,4.2465,1.4297,2.4983,3.5587,0.98079,1.9545,4.1688,1.7808,1.6365,4.0581,1.9792,1.9355,3.3941,6.0406,2.8984,2.8618,2.9871,2.2191,4.6719,1.55,1.9172,4.4097,1.1571,2.5459,3.3584,1.4372,2.4694,3.4002,1.7124,1.8733,3.6581,2.0533,2.4608,4.113,1.0881,2.3865,3.2544,2.5095,1.8488,5.3394,0.99928,2.587,3.272,1.347,2.5606,3.3134,0.24381,3.0507,3.1978,0.66774,1.9404,2.7504,1.6588,1.9433,4.6305,1.5315,1.793,4.2176,5.2097,2.7516,1.5848,0.90071,2.2353,2.9579,0.97015,2.7362,4.2416,2.3764,2.4134,3.7101,2.9419,2.2936,4.9702,3.1076,2.5723,4.6259,2.098,2.3861,4.618,2.1818,2.2287,4.1715,0.71201,2.2701,3.3312,0.66122,2.419,3.053,0.58575,2.273,3.8941,2.463,2.4406,4.5761,0.69675,2.4568,2.8553,1.2904,1.5649,4.3653,1.5885,1.9163,3.5498,0.39417,2.6654,2.2142,3.419,2.9091,0.27241,0.84519,2.2588,3.0659,1.6251,1.6663,4.1717,1.6796,1.9163,3.2985,0.80448,2.345,2.9007,2.2481,2.2669,4.9427,1.3521,2.582,3.2426,1.296,2.2228,3.6883,0.35769,2.0716,3.3308,1.7266,1.8888,3.4404,2.6371,2.0152,4.1321,2.0365,2.1515,4.9574,1.404,1.6967,3.8564,0.77035,2.0602,2.8367,2.0877,2.1099,5.0904,2.1551,2.2984,4.581,1.5068,2.4716,4.0335,3.9978,2.8182,6.1948,1.8036,2.5097,3.9768,0.59636,2.0004,4.1682,1.1791,2.6141,4.2287,3.2733,2.7722,6.0868,1.7046,1.567,3.2776,0.28353,2.3945,3.4347,4.8256,3.0019,0.65791,0.43249,2.8303,3.3532,1.1432,2.5506,3.1098,2.2587,2.1836,5.0325,1.6817,2.0491,4.4616,1.6553,1.6199,3.3986,1.9074,2.9538,3.44,0.75016,2.3178,2.9261,0.79047,2.3607,3.0183,0.21989,2.6701,3.3493,1.9899,2.4609,4.2869,0.67457,2.3976,2.8044,1.0189,2.3778,3.581,1.2933,1.7573,4.3307,0.22937,2.3564,3.5007,1.6911,1.5961,3.275,0.85752,2.291,2.8733,2.9148,2.8522,6.0427,1.6653,2.506,3.9533,2.0313,2.2494,4.6086,2.148,2.6409,5.0482,1.5772,1.9539,3.8032,1.4352,1.7567,3.763,2.3042,2.1444,4.9819,1.4894,2.5614,3.9248,0.45707,2.9928,2.099,4.4343,2.882,0.26126,1.3349,2.8504,4.1716,1.8522,1.9848,3.8919,1.1442,2.6737,2.732,0.051553,2.7709,2.8182,1.0782,2.9184,4.1959,0.47232,2.4223,2.6196,0.85975,2.0897,2.832,0.55507,2.4893,3.427,1.8342,2.2412,4.3473,1.0575,2.8279,4.2196,0.7159,2.0662,2.9322,2.1217,1.8343,3.6965,1.4279,1.8885,3.726,2.2311,2.573,4.7022,1.5552,1.575,4.2,1.2629,2.1352,3.2437,0.75649,2.1105,2.9913,0.73583,2.2486,2.6412,1.7981,2.392,4.1907,2.2154,2.5588,4.8985,0.59427,2.0763,2.9249,1.7345,1.8075,3.291,0.89599,2.975,2.6218,0.52577,2.532,2.5865,3.2597,2.7203,6.2113,6.2649,2.8708,2.7101,4.0818,2.8729,6.0459,2.4141,2.2199,3.7286,1.5008,3.0568,4.5354,1.234,2.45,3.5026,6.0528,3.1098,2.7692,2.3741,2.1688,3.7319,1.3236,1.8445,3.712,2.3767,2.3294,4.6477,2.5932,2.7379,4.271,1.2551,2.717,4.3104,1.6535,1.9294,3.8034,1.2203,2.7398,3.7885,2.3226,2.3292,4.9092,1.3647,2.5943,3.3657,2.1458,2.3119,4.0528,0.81765,1.9792,3.391,2.4218,2.2996,3.8129,2.336,2.3347,3.7239,2.3094,2.0127,5.0919,2.6091,2.2916,4.8311,2.4078,2.2415,3.7894,1.4515,1.615,3.9294,2.3131,2.5711,4.9059,1.7189,1.9435,3.8498,0.82163,2.1107,4.1402,1.5714,1.8481,4.352,2.2932,2.533,4.9509,1.4453,2.4007,3.253,5.8268,2.8079,2.1067,1.863,1.7477,3.5296,1.9253,2.8885,4.1455,2.128,1.9995,4.8422,1.1927,2.6316,4.3808,2.0253,2.1603,4.9548,1.6591,1.7771,3.9258,1.6389,1.9957,3.3189,1.1655,2.7243,3.7361,1.0505,2.8515,3.8239,1.5853,2.4979,3.9251,1.1666,2.6652,3.679,1.7532,1.7421,4.0798,0.71872,2.4451,2.8179,1.8263,2.1463,4.421,0.1024,2.7775,3.0228,1.0322,1.9508,4.3464,0.98422,2.2753,3.0877,1.5789,2.4081,4.5587,1.0086,2.0783,2.8307,0.80616,2.0085,2.681,1.6994,1.7576,3.9332,0.8593,2.4363,2.9325,1.304,1.5794,3.841,2.7711,2.6128,4.6107,1.041,2.2471,3.6379,1.1812,2.7177,3.6921,2.0098,1.9999,4.4755,0.99985,1.9601,4.2386,1.9145,1.6454,3.434,1.7313,2.5023,3.9691,2.2691,2.5318,4.8715,2.0506,2.3519,3.5899,1.2046,3.0545,3.4623,1.3936,1.445,4.2562,0.71772,2.976,3.6569,1.6525,1.7201,4.2438,0.80867,1.9995,2.717,0.53488,2.2239,4.0609,2.5888,2.5994,4.5247,2.0219,2.1009,3.453,1.3726,2.8777,3.5311,1.0879,2.2338,3.6132,2.5408,2.0449,4.4822,1.5049,1.7367,4.4196,1.5921,2.5856,3.5654,2.0736,2.2901,4.0618,2.7142,2.2956,4.9611,0.44884,2.4964,2.9282
0.21898,0.3472,0.0077931,259.63,296.89,198.25,0.0014752,0.0017625,0.0010019,204.15,225.06,241.52,222.97,226.08,176.7,233.71,226.59,271.0,230.5,277.7,300.91,202.55,249.29,228.72,307.95,224.83,266.64,239.66,176.18,362.36,242.39,203.52,248.14,205.83,296.23,277.84,340.27,184.14,271.43,243.67,237.52,143.14,261.03,290.89,380.54,284.35,197.97,347.64,379.87,304.06,200.63,289.72,208.1,306.97,293.64,341.83,343.41,395.51,303.72,296.59,291.25,431.48,384.22,413.95,314.13,362.01,325.03,241.33,463.14,414.54,385.38,362.13,206.22,324.81,262.59,264.13,230.43,369.78,275.54,305.05,272.02,369.65,364.48,297.72,299.05,301.27,372.57,373.13,360.16,265.13,330.56,355.76,287.24,334.07,230.15,352.07,295.31,351.36,303.22,343.3,343.66,310.26,343.74,318.7,278.74,295.7,369.5,294.12,285.32,445.72,401.3,415.15,289.62,379.37,504.08,464.28,366.42,278.0,342.36,433.58,317.98,370.17,340.75,288.68,410.74,349.46,416.11,437.35,374.25,445.22,446.83,438.11,336.29,384.09,433.17,520.75,285.08,547.54,500.66,457.98,347.81,502.17,382.26,334.94,676.06,387.11,423.99,402.98,400.0,369.29,291.67,360.75,429.25,300.9,507.9,348.35,351.48,423.75,498.71,282.56,319.27,407.84,281.92,152.68,340.28,399.01,343.75,522.17,399.26,215.52,305.22,224.83,240.33,293.18,301.54,246.11,328.59,313.28,247.36,295.01,264.44,312.31,215.05,286.84,274.14,267.01,244.92,236.35,328.38,235.46,347.49,386.06,269.15,307.64,257.38,339.48,301.53,242.53,335.94,344.78,304.98,314.77,303.57,333.72,347.78,289.66,519.27,248.21,271.9,283.44,285.5,260.69,301.58,293.35,370.6,285.39,269.95,273.69,343.89,288.9,205.52,234.72,278.13,366.86,277.17,242.6,291.29,258.81,291.39,287.8,261.63,276.39,290.58,292.68,229.73,303.85,231.48,313.24,233.28,243.43,202.29,284.56,290.02,183.1,290.6,234.05,187.58,272.45,199.72,236.46,285.36,200.43,255.64,270.89,204.98,270.29,260.73,240.19,191.98,253.9,218.34,257.29,248.36,169.56,293.97,295.94,215.6,173.92,210.08,282.6,253.29,256.13,238.17,155.14,160.48,203.86,250.92,256.51,227.52,233.7,215.09,194.56,174.59,183.13,230.66,207.19,257.85,219.17,0.00073504,0.0010159,0.0010768,0.0011661,0.0010869,0.0008346,0.0012161,0.00095914,0.0014,0.001085,0.001464,0.0016576,0.0010029,0.0013407,0.0011097,0.0017994,0.001308,0.0014983,0.0015233,0.0010893,0.0021008,0.0015989,0.0012768,0.0017197,0.0014044,0.0019353,0.0016033,0.001946,0.001378,0.0018022,0.0015028,0.0014727,0.0010247,0.0014465,0.0017636,0.0022876,0.0017567,0.0011801,0.0020932,0.0021978,0.0017262,0.0011307,0.0018335,0.0015715,0.0018623,0.0018097,0.0021196,0.001925,0.0023478,0.0018201,0.0014404,0.001825,0.0025523,0.0020805,0.0024264,0.001991,0.0021191,0.0014337,0.0016233,0.0027572,0.0024334,0.0022827,0.0021776,0.0013386,0.0021971,0.0017322,0.0015555,0.0017124,0.0022892,0.0017375,0.0019584,0.0018679,0.0021609,0.0021873,0.0013264,0.0019506,0.0019082,0.0023252,0.0023399,0.0022809,0.0014383,0.002267,0.0023142,0.001779,0.0014338,0.0017367,0.0015467,0.0019356,0.0021117,0.0019833,0.0021482,0.0019741,0.0015838,0.0021845,0.0016442,0.001898,0.0018523,0.00235,0.0015934,0.0018545,0.0022747,0.0024248,0.0024957,0.0017364,0.0023307,0.0024363,0.0027079,0.002314,0.0019039,0.0020887,0.0026048,0.0021263,0.0017582,0.002057,0.0019239,0.0024828,0.0021066,0.0023589,0.0023844,0.0018341,0.0020555,0.0025797,0.0020434,0.0022233,0.002115,0.0020237,0.0028744,0.0019744,0.002592,0.0028276,0.0027878,0.0020726,0.0026859,0.0015443,0.0021609,0.0033097,0.0022533,0.0021737,0.0023991,0.0021409,0.002226,0.0018693,0.0020548,0.0025547,0.0020825,0.0024403,0.0021261,0.0015799,0.0020582,0.0025716,0.0018508,0.0020779,0.0022416,0.0018379,0.0012134,0.0019627,0.0023348,0.0021145,0.0023868,0.0019966,0.0013911,0.0019008,0.0015735,0.0016691,0.0016785,0.0018276,0.0017576,0.0020312,0.0019532,0.0017436,0.0019576,0.0015745,0.0019581,0.0015451,0.0018551,0.001727,0.0018249,0.0015699,0.0014926,0.0019144,0.0015242,0.0020515,0.0022402,0.0016321,0.00195,0.0018032,0.0021294,0.0018598,0.001674,0.0019612,0.001694,0.0019771,0.0019789,0.0019001,0.0022355,0.0020903,0.001874,0.001811,0.0016862,0.0016744,0.0017864,0.0018517,0.0017197,0.0019131,0.0017507,0.0023789,0.0016451,0.0018385,0.0017049,0.0018758,0.0017791,0.0014354,0.0015949,0.0016807,0.0022021,0.0017752,0.0016348,0.0016607,0.0016058,0.001829,0.0018464,0.0016412,0.001701,0.0017821,0.0018067,0.0015425,0.0018728,0.0015435,0.0018549,0.0015441,0.0013996,0.0013305,0.00158,0.0018597,0.0012677,0.001736,0.0013703,0.0014896,0.0016907,0.0013135,0.0015213,0.0017322,0.0014356,0.00151,0.0015918,0.0012066,0.0016258,0.0015,0.0015175,0.0012612,0.0016003,0.0013528,0.0015904,0.0014309,0.00096936,0.0015843,0.001694,0.0011972,0.0011943,0.0011505,0.0015419,0.0015363,0.0015166,0.0010779,0.00096353,0.00096455,0.00099519,0.0015002,0.0014914,0.0010521,0.0012951,0.001038,0.0010318,0.00087476,0.00082906,0.0011165,0.0011084,0.0013922,0.0012113,1074300.0,1105700.0,792270.0,4276700.0,2284500.0,1150800.0,5856800.0,1513400.0,1879800.0,3242500.0,2966100.0,734830.0,5652900.0,1298400.0,4052200.0,2459600.0,5070500.0,4091400.0,1340500.0,3371900.0,2502600.0,3347400.0,11704000.0,958350.0,6311800.0,749460.0,9101500.0,1591900.0,1841400.0,815570.0,3232100.0,1680500.0,5814300.0,23940000.0,2520900.0,2724900.0,4347000.0,1235900.0,1513400.0,1646200.0,2062700.0,1057700.0,2058300.0,1019200.0,7475600.0,2433400.0,1825600.0,1494000.0,2274900.0,15971000.0,952090.0,7278300.0,3995200.0,706940.0,3910700.0,1079100.0,2657700.0,17679000.0,32102000.0,2373200.0,1720700.0,1532600.0,2840700.0,1036400.0,1926200.0,3409900.0,803840.0,2871900.0,1940600.0,3915400.0,2755300.0,1446400.0,1119200.0,15048000.0,5077600.0,1340600.0,3613400.0,1673300.0,965090.0,2573300.0,3702600.0,1313000.0,893150.0,2116300.0,873820.0,1861100.0,2850800.0,4950200.0,4191200.0,2338500.0,5694300.0,1300700.0,9352900.0,4677300.0,1017700.0,1694700.0,903640.0,1769700.0,3509900.0,9918500.0,1730700.0,16523000.0,1417300.0,9919600.0,1633600.0,3256300.0,1272900.0,1628100.0,12535000.0,5115100.0,2157200.0,3869300.0,2389200.0,1225800.0,656170.0,3373000.0,11659000.0,2413800.0,1291100.0,778800.0,1922000.0,735100.0,1193700.0,2218700.0,8786700.0,4156700.0,2627900.0,3087700.0,2361300.0,1498700.0,773560.0,10411000.0,2404500.0,3548600.0,2073400.0,1371700.0,1031900.0,2014200.0,1052000.0,2853800.0,3921600.0,1159600.0,1477000.0,2103000.0,1521000.0,2210500.0,2422200.0,877170.0,6912100.0,1513500.0,9390500.0,6180200.0,809830.0,10291000.0,814480.0,1274500.0,19279000.0,683650.0,12167000.0,721740.0,5575100.0,3693400.0,3817200.0,2647300.0,5252900.0,4116200.0,4227600.0,964530.0,4135000.0,1638700.0,6369200.0,1506700.0,7610900.0,1080700.0,744550.0,4005200.0,2996600.0,1988300.0,8411500.0,2288700.0,948280.0,1205600.0,3671000.0,3568300.0,1940100.0,1475700.0,747540.0,6807100.0,5275200.0,2336700.0,637470.0,17726000.0,3323000.0,5257900.0,1142200.0,18258000.0,5431600.0,1100100.0,8580600.0,1353300.0,1434500.0,3992400.0,5297000.0,799330.0,1639500.0,973680.0,1778500.0,1568200.0,1456500.0,7851700.0,2342100.0,1425100.0,12280000.0,2793800.0,1238000.0,1263500.0,3260300.0,951930.0,4669600.0,1133200.0,1854600.0,8075300.0,4435100.0,696550.0,1421900.0,10018000.0,5258300.0,5069200.0,15394000.0,3001700.0,1931800.0,2342400.0,2994600.0,3189800.0,1882600.0,1749500.0,2275100.0,1499400.0,7215800.0,652060.0,3656200.0,8296200.0,8910100.0,1863600.0,5378600.0,4029700.0,5011000.0,864140.0,1139900.0,5361500.0,1551600.0,6587500.0,3485200.0,7122400.0,1970700.0,1638700.0,1591200.0,1087700.0,1106100.0,2208100.0,945990.0,5091800.0,3371700.0,4404800.0,3356800.0,2894200.0,2745600.0,15584000.0,14989000.0,6042000.0,4601000.0,2807600.0,6148400.0,3762100.0,1781300.0,2740300.0,1353800.0,4824200.0,3044800.0,1.5462,1.859,4.1664,2.2421,2.4809,3.6645,1.2755,2.2403,4.2239,1.1943,1.9819,4.211,2.4592,2.6633,4.325,0.74677,2.0663,4.2247,1.6991,2.5306,3.8739,3.0961,2.8427,5.8668,1.1781,2.0267,4.1897,1.6994,1.7121,4.241,1.297,2.2902,4.2904,0.69392,2.0266,4.211,2.8992,2.8418,4.6678,5.5284,2.7381,1.3487,1.2621,2.8075,3.6344,0.81507,2.1627,2.9948,2.6015,2.1948,4.5918,1.4606,1.6752,3.8896,0.76006,2.7057,3.9122,1.8777,1.8444,3.5456,1.2129,2.3793,3.2575,0.3823,2.294,3.4647,1.8657,1.6226,3.413,2.0647,2.6505,4.2093,1.9221,1.6312,3.3718,1.6627,1.6272,3.9861,0.33392,2.1963,3.1168,2.122,2.4409,4.5454,1.5017,1.7049,3.2857,0.93415,1.9627,2.7528,3.2702,2.8341,6.0394,1.9393,1.8277,3.5214,0.85494,2.7358,2.9155,1.6761,2.5967,4.0059,0.76185,1.8991,2.7352,1.0987,2.4132,3.1425,1.9368,1.9293,4.4893,1.8548,1.6489,3.8989,0.6407,2.1345,3.9479,1.4304,2.5621,3.9377,0.97865,2.1662,3.1591,2.6522,2.3852,4.4048,2.009,2.2104,4.7292,1.5507,1.6289,3.9285,1.8901,2.034,4.4785,1.5057,2.2139,3.2253,0.81847,2.2576,2.9835,2.4432,2.508,4.3709,2.0315,2.4855,4.8189,1.9397,2.62,4.7899,2.6146,2.383,4.3898,1.2679,2.5308,3.8723,1.8885,2.3469,4.4137,2.651,2.9699,4.4587,0.69627,2.3634,2.6989,1.349,2.0115,4.6131,1.8504,2.9927,3.682,0.23795,2.3703,3.3701,1.7059,1.6147,4.0816,0.84796,2.2315,3.0668,2.2789,2.3023,4.7177,0.47879,2.3918,3.1285,0.71633,2.2626,3.1271,0.015121,2.8991,1.7169,2.0618,2.2315,4.6706,2.5226,2.4541,4.319,2.2736,2.3151,5.1441,1.9123,2.6315,4.1108,1.1194,1.8138,4.0702,4.5059,2.7936,0.72495,0.75941,2.1957,2.9615,1.4856,2.1424,4.2934,1.1825,2.274,3.5621,1.9959,2.6178,4.2602,1.6232,1.5781,4.1433,1.1714,2.514,3.1355,0.72855,2.5281,3.7351,2.2537,1.8156,3.6773,1.3861,2.5402,3.482,1.3607,2.5996,3.5158,1.3895,1.6301,4.2623,1.9352,2.6297,4.4367,2.0941,2.6111,4.6432,3.3088,2.8427,6.1411,1.7792,1.6031,4.1998,1.9195,1.9242,3.3694,2.5231,2.9364,5.3943,1.1885,2.5795,3.0436,2.6818,2.3805,5.0031,1.0204,2.7143,4.2473,1.4297,2.4982,3.559,0.98132,1.9549,4.1694,1.7808,1.6366,4.0579,1.9795,1.9356,3.3941,6.0418,2.8984,2.8625,2.9879,2.2189,4.6719,1.5511,1.9169,4.4104,1.1578,2.5456,3.3585,1.4374,2.4694,3.4003,1.7127,1.873,3.6581,2.0535,2.4608,4.1135,1.0883,2.3868,3.2546,2.5097,1.848,5.34,0.99939,2.5866,3.2719,1.3463,2.5607,3.313,0.24375,3.0507,3.1978,0.66795,1.9411,2.75,1.6586,1.9431,4.6312,1.5321,1.7926,4.2178,5.2097,2.7509,1.5849,0.90113,2.2357,2.9584,0.97085,2.7367,4.2425,2.376,2.4131,3.71,2.9422,2.2936,4.9702,3.1083,2.5719,4.6263,2.0986,2.3859,4.6184,2.1818,2.2291,4.1715,0.71227,2.2704,3.3316,0.66175,2.4191,3.053,0.58603,2.2736,3.8943,2.4631,2.4406,4.5753,0.6962,2.4571,2.8544,1.2901,1.5647,4.3655,1.5885,1.9159,3.5504,0.39497,2.6655,2.2149,3.4188,2.9088,0.27223,0.84504,2.2587,3.0657,1.6251,1.6662,4.172,1.6798,1.9166,3.2991,0.80525,2.3448,2.9011,2.2486,2.2665,4.9428,1.3526,2.5821,3.2432,1.2965,2.2231,3.689,0.35794,2.0713,3.3318,1.7269,1.8886,3.4405,2.6372,2.0147,4.1325,2.0362,2.1517,4.9573,1.4045,1.6967,3.8567,0.7703,2.0609,2.8373,2.0878,2.1096,5.0907,2.155,2.2985,4.5814,1.507,2.4721,4.034,3.9968,2.8167,6.1937,1.8032,2.51,3.9763,0.59562,2.0008,4.1684,1.1785,2.6139,4.2283,3.2728,2.7718,6.0871,1.7047,1.5671,3.2775,0.28378,2.3948,3.4351,4.8246,3.0019,0.65685,0.43246,2.8305,3.354,1.1428,2.5508,3.1104,2.2587,2.1835,5.0329,1.6823,2.0492,4.462,1.6552,1.6199,3.3988,1.9089,2.954,3.4412,0.75023,2.3176,2.9263,0.79028,2.3602,3.0184,0.21963,2.6702,3.3493,1.9903,2.461,4.287,0.67487,2.3973,2.8044,1.0193,2.3784,3.5808,1.2935,1.7571,4.3309,0.22946,2.3565,3.5013,1.691,1.5962,3.275,0.8581,2.2906,2.8735,2.9144,2.8521,6.043,1.6643,2.5057,3.953,2.0312,2.2497,4.6086,2.1469,2.6406,5.0476,1.5766,1.9538,3.8031,1.4356,1.7563,3.7633,2.3043,2.1445,4.9818,1.4892,2.5612,3.9244,0.45665,2.9925,2.0982,4.4337,2.8816,0.26117,1.3347,2.8506,4.1711,1.8516,1.985,3.8919,1.1435,2.6737,2.7313,0.050455,2.7706,2.8179,1.0786,2.9184,4.1962,0.47228,2.4219,2.6199,0.85975,2.0901,2.8318,0.5555,2.4893,3.4274,1.8351,2.2415,4.3475,1.0568,2.8281,4.2194,0.71636,2.0666,2.9316,2.122,1.8343,3.6961,1.4282,1.8887,3.7264,2.2302,2.5723,4.7011,1.5558,1.575,4.2001,1.2627,2.1352,3.244,0.75703,2.1109,2.991,0.73572,2.2481,2.6412,1.7982,2.3922,4.1908,2.215,2.5582,4.8982,0.59427,2.0764,2.9244,1.7344,1.8079,3.291,0.89664,2.9749,2.6221,0.52547,2.5322,2.5864,3.2601,2.7202,6.2119,6.2657,2.8709,2.7114,4.0804,2.8725,6.0442,2.4143,2.219,3.7286,1.5014,3.0568,4.537,1.2338,2.4499,3.503,6.0487,3.1099,2.766,2.3741,2.1684,3.7315,1.3239,1.8445,3.7122,2.3763,2.3295,4.6481,2.5928,2.7383,4.2717,1.2549,2.7171,4.31,1.6528,1.9292,3.8031,1.2208,2.7396,3.7892,2.3222,2.3289,4.9087,1.3638,2.594,3.3657,2.1455,2.3125,4.0525,0.81764,1.9793,3.3909,2.4217,2.299,3.8131,2.3358,2.3344,3.7237,2.3098,2.013,5.0925,2.6087,2.2916,4.8311,2.408,2.2415,3.7893,1.4518,1.6151,3.9297,2.3124,2.5706,4.9056,1.7182,1.9435,3.8495,0.82172,2.1105,4.1405,1.5711,1.8482,4.3523,2.2929,2.5323,4.9509,1.4452,2.4008,3.253,5.8263,2.8075,2.1062,1.863,1.7476,3.5297,1.9249,2.8878,4.1447,2.1284,1.9997,4.8423,1.1931,2.6318,4.3812,2.0258,2.1604,4.9551,1.6593,1.777,3.9256,1.6391,1.9956,3.3185,1.1659,2.7243,3.7365,1.0508,2.8516,3.8238,1.5858,2.4981,3.9253,1.1666,2.6648,3.6789,1.7529,1.7419,4.0798,0.71816,2.445,2.818,1.8261,2.1466,4.4213,0.10235,2.7774,3.0235,1.0319,1.9508,4.3467,0.98428,2.2751,3.0879,1.5787,2.4081,4.5586,1.0087,2.0782,2.8306,0.8064,2.0085,2.6808,1.6997,1.7574,3.933,0.85893,2.4362,2.9331,1.3036,1.5794,3.841,2.771,2.6129,4.6106,1.0407,2.2476,3.6378,1.1813,2.7174,3.6922,2.0099,2.0,4.4755,0.99952,1.9601,4.2386,1.9148,1.6454,3.4339,1.7316,2.5024,3.969,2.2696,2.5317,4.8713,2.0504,2.3519,3.5895,1.2044,3.0545,3.4623,1.3933,1.445,4.2562,0.71796,2.976,3.6569,1.6526,1.7199,4.2439,0.80889,1.9995,2.7169,0.5344,2.224,4.0613,2.5884,2.5994,4.5248,2.022,2.1008,3.4531,1.3725,2.8775,3.531,1.0879,2.234,3.6131,2.5409,2.0451,4.4823,1.5049,1.7367,4.4196,1.592,2.5856,3.5654,2.0737,2.2901,4.0618,2.7143,2.2954,4.961,0.44888,2.4963,2.9281
0.21936,0.3478,0.0078035,259.85,297.21,198.31,0.0014765,0.0017644,0.0010022,204.16,225.09,241.7,223.05,226.24,176.87,233.69,226.66,271.1,230.59,277.9,301.23,202.69,249.51,228.83,308.23,224.89,266.81,239.88,176.31,362.65,242.45,203.58,248.17,205.88,296.44,278.05,340.53,184.27,271.48,243.77,237.75,143.29,261.36,291.06,380.84,284.54,198.14,348.09,380.2,304.3,200.83,290.15,208.15,307.26,293.87,342.09,343.71,395.93,303.97,296.92,291.49,432.07,384.37,414.43,314.58,362.31,325.83,241.62,463.57,415.01,385.55,362.5,206.4,325.08,262.81,264.52,230.62,370.2,276.02,305.52,272.27,370.0,365.04,298.79,299.37,301.33,372.97,373.44,360.53,265.76,331.1,356.18,287.24,334.96,230.46,352.79,295.61,351.65,303.46,343.75,344.25,310.62,344.06,319.22,278.96,296.14,369.91,294.84,285.78,446.54,401.68,415.92,290.1,379.82,504.76,464.63,367.0,278.42,342.66,433.93,318.27,371.5,341.31,288.88,411.22,350.08,416.95,438.01,374.61,446.5,447.23,439.15,336.73,384.7,433.95,521.6,285.44,548.55,501.14,458.65,348.33,502.77,384.16,335.44,676.95,387.57,424.86,403.45,400.59,369.67,292.08,361.16,429.77,301.22,508.68,348.43,352.04,424.63,499.45,282.85,319.69,408.27,282.4,152.8,340.86,399.44,343.98,523.02,399.5,215.73,305.51,225.02,240.59,293.66,301.82,246.34,328.76,313.61,247.46,295.24,264.66,312.62,215.34,287.08,274.28,267.22,245.17,236.57,328.49,235.7,347.84,386.35,269.31,308.06,257.61,339.79,301.85,242.72,336.28,345.11,305.29,315.03,303.85,334.14,348.06,289.94,519.93,248.49,272.08,283.73,285.77,260.8,301.8,293.64,371.11,285.73,270.22,273.86,344.27,289.18,205.66,234.86,278.31,367.21,277.51,242.86,291.42,258.97,291.58,288.02,261.87,276.56,290.72,292.79,229.88,304.16,231.58,313.5,233.47,243.6,202.46,284.8,290.26,183.19,290.76,234.23,187.71,272.6,199.89,236.64,285.55,200.57,255.75,271.01,205.04,270.48,260.9,240.35,192.09,254.08,218.48,257.44,248.52,169.65,294.06,296.09,215.72,173.98,210.21,282.77,253.5,256.23,238.24,155.2,160.57,203.95,251.07,256.64,227.58,233.81,215.17,194.66,174.7,183.21,230.76,207.27,258.02,219.29,0.00073507,0.001016,0.0010775,0.0011666,0.0010876,0.00083557,0.001216,0.00095946,0.0014007,0.0010855,0.0014652,0.0016595,0.0010037,0.0013421,0.0011104,0.0018009,0.0013084,0.0014994,0.0015249,0.0010903,0.0021023,0.0015993,0.0012772,0.0017202,0.0014046,0.0019366,0.0016048,0.0019476,0.0013791,0.0018026,0.0015035,0.0014742,0.0010256,0.0014484,0.0017645,0.0022892,0.0017579,0.001181,0.0020957,0.0021997,0.001728,0.0011317,0.001836,0.0015722,0.0018641,0.0018113,0.0021216,0.001927,0.0023505,0.0018218,0.0014423,0.0018266,0.0025554,0.0020819,0.0024292,0.0019935,0.0021215,0.0014378,0.0016246,0.0027601,0.0024353,0.0022838,0.0021797,0.0013397,0.0021988,0.0017337,0.0015578,0.0017137,0.0022918,0.0017403,0.0019611,0.0018692,0.0021634,0.0021901,0.0013308,0.0019522,0.0019091,0.0023276,0.0023422,0.0022831,0.0014413,0.0022701,0.002317,0.0017795,0.0014382,0.0017384,0.0015497,0.0019372,0.0021135,0.001985,0.0021506,0.0019776,0.0015858,0.0021865,0.0016468,0.0018994,0.0018544,0.0023524,0.0015966,0.0018572,0.0022788,0.002427,0.0024996,0.0017392,0.0023329,0.0024405,0.0027103,0.0023172,0.0019065,0.0020908,0.002607,0.0021281,0.001765,0.0020601,0.0019258,0.0024854,0.00211,0.0023633,0.0023882,0.001837,0.0020592,0.0025824,0.0020498,0.0022258,0.0021182,0.0020282,0.0028795,0.0019768,0.0025973,0.0028306,0.0027914,0.0020754,0.0026894,0.001553,0.0021639,0.0033148,0.0022558,0.0021789,0.0024022,0.0021442,0.0022286,0.0018716,0.0020578,0.0025576,0.0020848,0.0024445,0.0021273,0.0015832,0.0020633,0.0025757,0.0018528,0.0020801,0.0022444,0.0018408,0.0012147,0.0019661,0.0023374,0.0021157,0.0023916,0.0019975,0.0013925,0.0019026,0.0015747,0.0016707,0.0016811,0.0018295,0.0017592,0.0020324,0.0019549,0.0017445,0.0019592,0.0015758,0.0019598,0.0015467,0.0018568,0.0017278,0.0018261,0.0015713,0.0014939,0.0019154,0.0015256,0.0020535,0.0022419,0.0016329,0.0019521,0.0018049,0.0021318,0.0018617,0.0016754,0.0019633,0.0016959,0.0019788,0.0019807,0.0019017,0.0022378,0.002092,0.0018757,0.0018139,0.0016879,0.0016752,0.001788,0.0018534,0.0017205,0.0019143,0.0017524,0.0023813,0.0016468,0.00184,0.0017062,0.0018779,0.0017808,0.0014363,0.0015958,0.0016818,0.0022043,0.0017773,0.0016364,0.0016616,0.0016067,0.00183,0.0018479,0.0016427,0.0017021,0.0017833,0.0018074,0.0015435,0.0018747,0.0015442,0.0018565,0.0015452,0.0014006,0.0013314,0.0015814,0.0018613,0.0012682,0.0017369,0.0013713,0.0014905,0.0016917,0.0013145,0.0015224,0.0017334,0.0014366,0.0015106,0.0015925,0.0012071,0.0016269,0.0015009,0.0015185,0.0012619,0.0016014,0.0013538,0.0015911,0.0014318,0.00096994,0.001585,0.001695,0.001198,0.0011948,0.0011513,0.0015428,0.0015375,0.0015171,0.0010783,0.00096398,0.00096511,0.00099573,0.0015011,0.0014921,0.0010525,0.0012957,0.0010384,0.0010324,0.00087531,0.00082953,0.001117,0.0011089,0.0013931,0.001212,1074300.0,1105700.0,792270.0,4276700.0,2284500.0,1150800.0,5856800.0,1513400.0,1879800.0,3242500.0,2966100.0,734830.0,5652900.0,1298400.0,4052200.0,2459600.0,5070500.0,4091400.0,1340500.0,3371900.0,2502600.0,3347400.0,11704000.0,958350.0,6311800.0,749460.0,9101500.0,1591900.0,1841400.0,815570.0,3232100.0,1680500.0,5814300.0,23940000.0,2520900.0,2724900.0,4347000.0,1235900.0,1513400.0,1646200.0,2062700.0,1057700.0,2058300.0,1019200.0,7475600.0,2433400.0,1825600.0,1494000.0,2274900.0,15971000.0,952090.0,7278300.0,3995200.0,706940.0,3910700.0,1079100.0,2657700.0,17679000.0,32102000.0,2373200.0,1720700.0,1532600.0,2840700.0,1036400.0,1926200.0,3409900.0,803840.0,2871900.0,1940600.0,3915400.0,2755300.0,1446400.0,1119200.0,15048000.0,5077600.0,1340600.0,3613400.0,1673300.0,965090.0,2573300.0,3702600.0,1313000.0,893150.0,2116300.0,873820.0,1861100.0,2850800.0,4950200.0,4191200.0,2338500.0,5694300.0,1300700.0,9352900.0,4677300.0,1017700.0,1694700.0,903640.0,1769700.0,3509900.0,9918500.0,1730700.0,16523000.0,1417300.0,9919600.0,1633600.0,3256300.0,1272900.0,1628100.0,12535000.0,5115100.0,2157200.0,3869300.0,2389200.0,1225800.0,656170.0,3373000.0,11659000.0,2413800.0,1291100.0,778800.0,1922000.0,735100.0,1193700.0,2218700.0,8786700.0,4156700.0,2627900.0,3087700.0,2361300.0,1498700.0,773560.0,10411000.0,2404500.0,3548600.0,2073400.0,1371700.0,1031900.0,2014200.0,1052000.0,2853800.0,3921600.0,1159600.0,1477000.0,2103000.0,1521000.0,2210500.0,2422200.0,877170.0,6912100.0,1513500.0,9390500.0,6180200.0,809830.0,10291000.0,814480.0,1274500.0,19279000.0,683650.0,12167000.0,721740.0,5575100.0,3693400.0,3817200.0,2647300.0,5252900.0,4116200.0,4227600.0,964530.0,4135000.0,1638700.0,6369200.0,1506700.0,7610900.0,1080700.0,744550.0,4005200.0,2996600.0,1988300.0,8411500.0,2288700.0,948280.0,1205600.0,3671000.0,3568300.0,1940100.0,1475700.0,747540.0,6807100.0,5275200.0,2336700.0,637470.0,17726000.0,3323000.0,5257900.0,1142200.0,18258000.0,5431600.0,1100100.0,8580600.0,1353300.0,1434500.0,3992400.0,5297000.0,799330.0,1639500.0,973680.0,1778500.0,1568200.0,1456500.0,7851700.0,2342100.0,1425100.0,12280000.0,2793800.0,1238000.0,1263500.0,3260300.0,951930.0,4669600.0,1133200.0,1854600.0,8075300.0,4435100.0,696550.0,1421900.0,10018000.0,5258300.0,5069200.0,15394000.0,3001700.0,1931800.0,2342400.0,2994600.0,3189800.0,1882600.0,1749500.0,2275100.0,1499400.0,7215800.0,652060.0,3656200.0,8296200.0,8910100.0,1863600.0,5378600.0,4029700.0,5011000.0,864140.0,1139900.0,5361500.0,1551600.0,6587500.0,3485200.0,7122400.0,1970700.0,1638700.0,1591200.0,1087700.0,1106100.0,2208100.0,945990.0,5091800.0,3371700.0,4404800.0,3356800.0,2894200.0,2745600.0,15584000.0,14989000.0,6042000.0,4601000.0,2807600.0,6148400.0,3762100.0,1781300.0,2740300.0,1353800.0,4824200.0,3044800.0,1.5463,1.859,4.1664,2.2421,2.4809,3.6645,1.2755,2.2403,4.2239,1.1943,1.9819,4.211,2.4591,2.6633,4.325,0.7466,2.0663,4.2248,1.6993,2.5306,3.8739,3.0962,2.8427,5.8667,1.178,2.0267,4.1897,1.6993,1.7121,4.2409,1.297,2.2904,4.2905,0.69358,2.0265,4.211,2.8991,2.8418,4.6679,5.5281,2.738,1.3485,1.2621,2.8074,3.6344,0.81481,2.1627,2.9947,2.6017,2.195,4.592,1.4606,1.6752,3.8896,0.76041,2.7059,3.9124,1.8775,1.8445,3.5457,1.213,2.3793,3.2577,0.38241,2.294,3.4645,1.8658,1.6226,3.413,2.0648,2.6503,4.2092,1.9223,1.6312,3.3718,1.6628,1.6271,3.9862,0.33387,2.1964,3.1167,2.1221,2.441,4.5456,1.5017,1.705,3.2858,0.93439,1.9628,2.7528,3.2703,2.8341,6.0396,1.9393,1.8277,3.5215,0.85473,2.7358,2.9156,1.6759,2.5967,4.0059,0.762,1.899,2.7352,1.0985,2.4132,3.1426,1.9368,1.9294,4.4893,1.8552,1.6489,3.899,0.64082,2.1344,3.9483,1.4308,2.5622,3.9381,0.97855,2.1664,3.1589,2.6525,2.3853,4.405,2.009,2.2104,4.7292,1.5507,1.6287,3.9285,1.8901,2.0342,4.4785,1.5058,2.214,3.2252,0.8184,2.2577,2.9832,2.4431,2.5083,4.3709,2.0317,2.4852,4.8188,1.9397,2.62,4.7898,2.6148,2.3832,4.3901,1.2678,2.5309,3.8722,1.8889,2.3471,4.4139,2.6523,2.9697,4.4596,0.69658,2.3633,2.6992,1.3486,2.0115,4.6131,1.8504,2.9926,3.6818,0.23775,2.3702,3.3702,1.706,1.6147,4.0815,0.84824,2.2317,3.0668,2.2791,2.3023,4.7177,0.47829,2.3917,3.1286,0.71597,2.2627,3.1269,0.01514,2.8991,1.7165,2.0622,2.2317,4.6709,2.5226,2.4544,4.3192,2.2734,2.3151,5.1442,1.9122,2.6314,4.1106,1.1194,1.8137,4.0705,4.5058,2.7934,0.72524,0.75936,2.1958,2.9614,1.4859,2.1425,4.2934,1.1827,2.2743,3.5622,1.9958,2.6176,4.2601,1.6233,1.5782,4.1433,1.1714,2.5139,3.1355,0.72848,2.5283,3.7351,2.2539,1.8156,3.6772,1.3861,2.5402,3.482,1.3607,2.5996,3.5157,1.3895,1.6301,4.2622,1.9353,2.6295,4.4366,2.0945,2.6108,4.6434,3.3085,2.8428,6.1411,1.7796,1.6029,4.1998,1.9198,1.9242,3.3692,2.5234,2.9362,5.3945,1.1884,2.5795,3.0435,2.6818,2.3804,5.003,1.0207,2.7146,4.2476,1.4297,2.4982,3.5591,0.98151,1.9551,4.1696,1.7808,1.6367,4.0579,1.9797,1.9357,3.3942,6.0423,2.8984,2.8628,2.9881,2.2188,4.6718,1.5515,1.9169,4.4106,1.158,2.5455,3.3585,1.4374,2.4694,3.4004,1.7128,1.873,3.658,2.0535,2.4608,4.1137,1.0883,2.3869,3.2547,2.5097,1.8476,5.3402,0.99944,2.5864,3.2718,1.346,2.5607,3.3128,0.24373,3.0507,3.1978,0.66803,1.9414,2.7498,1.6585,1.943,4.6315,1.5323,1.7924,4.2179,5.2097,2.7507,1.585,0.90129,2.2358,2.9586,0.97111,2.7369,4.2428,2.3759,2.4131,3.71,2.9423,2.2937,4.9702,3.1086,2.5718,4.6264,2.0988,2.3859,4.6186,2.1818,2.2292,4.1716,0.71236,2.2705,3.3317,0.66194,2.4191,3.0529,0.58614,2.2739,3.8944,2.4632,2.4406,4.575,0.696,2.4572,2.8541,1.29,1.5647,4.3657,1.5885,1.9158,3.5507,0.39526,2.6656,2.2152,3.4188,2.9087,0.27216,0.84498,2.2586,3.0656,1.6251,1.6662,4.1721,1.6799,1.9168,3.2993,0.80553,2.3447,2.9013,2.2489,2.2664,4.9428,1.3528,2.5821,3.2434,1.2967,2.2232,3.6893,0.35803,2.0712,3.3322,1.727,1.8885,3.4405,2.6372,2.0145,4.1326,2.0361,2.1517,4.9573,1.4047,1.6968,3.8568,0.77028,2.0611,2.8376,2.0879,2.1095,5.0908,2.1549,2.2986,4.5815,1.5071,2.4723,4.0342,3.9964,2.8161,6.1934,1.803,2.5101,3.9762,0.59535,2.0009,4.1684,1.1783,2.6139,4.2282,3.2726,2.7717,6.0872,1.7047,1.5671,3.2775,0.28388,2.3949,3.4352,4.8243,3.0019,0.65646,0.43246,2.8306,3.3543,1.1427,2.5508,3.1107,2.2587,2.1835,5.0331,1.6826,2.0492,4.4622,1.6552,1.6199,3.3988,1.9094,2.954,3.4416,0.75026,2.3175,2.9264,0.79022,2.3601,3.0184,0.21954,2.6703,3.3493,1.9904,2.461,4.287,0.67498,2.3971,2.8044,1.0194,2.3786,3.5808,1.2936,1.7571,4.331,0.2295,2.3565,3.5015,1.6909,1.5962,3.275,0.85832,2.2904,2.8735,2.9143,2.8521,6.0431,1.6639,2.5056,3.9529,2.0312,2.2498,4.6086,2.1465,2.6405,5.0473,1.5764,1.9538,3.803,1.4358,1.7561,3.7634,2.3043,2.1445,4.9817,1.4892,2.5611,3.9243,0.45649,2.9924,2.0979,4.4335,2.8814,0.26113,1.3347,2.8507,4.171,1.8514,1.9851,3.8919,1.1432,2.6737,2.7311,0.050045,2.7704,2.8178,1.0788,2.9185,4.1962,0.47227,2.4217,2.62,0.85975,2.0902,2.8318,0.55566,2.4893,3.4275,1.8355,2.2416,4.3476,1.0566,2.8282,4.2193,0.71653,2.0668,2.9314,2.1221,1.8342,3.696,1.4283,1.8887,3.7265,2.2298,2.5721,4.7006,1.556,1.575,4.2001,1.2626,2.1351,3.244,0.75724,2.1111,2.9909,0.73569,2.2479,2.6412,1.7982,2.3922,4.1909,2.2148,2.558,4.8981,0.59426,2.0765,2.9243,1.7344,1.808,3.291,0.89688,2.9748,2.6222,0.52536,2.5323,2.5864,3.2602,2.7201,6.2121,6.266,2.8709,2.7118,4.0799,2.8723,6.0435,2.4144,2.2186,3.7285,1.5017,3.0568,4.5375,1.2337,2.4499,3.5032,6.0471,3.1099,2.7648,2.3741,2.1683,3.7314,1.324,1.8445,3.7122,2.3761,2.3295,4.6482,2.5926,2.7385,4.2719,1.2549,2.7171,4.3099,1.6525,1.9292,3.8029,1.221,2.7395,3.7894,2.322,2.3288,4.9085,1.3634,2.5938,3.3657,2.1453,2.3127,4.0524,0.81763,1.9794,3.3909,2.4216,2.2988,3.8131,2.3357,2.3343,3.7237,2.31,2.013,5.0927,2.6086,2.2917,4.8312,2.4081,2.2415,3.7892,1.4519,1.6152,3.9298,2.3122,2.5704,4.9055,1.7179,1.9435,3.8494,0.82176,2.1105,4.1406,1.571,1.8482,4.3525,2.2927,2.532,4.9509,1.4452,2.4008,3.253,5.8261,2.8074,2.1061,1.863,1.7476,3.5297,1.9248,2.8876,4.1444,2.1285,1.9998,4.8424,1.1932,2.6319,4.3813,2.0261,2.1605,4.9552,1.6593,1.777,3.9255,1.6392,1.9955,3.3184,1.166,2.7243,3.7366,1.051,2.8516,3.8238,1.586,2.4982,3.9254,1.1666,2.6647,3.6788,1.7528,1.7418,4.0797,0.71795,2.445,2.8181,1.8261,2.1467,4.4213,0.10233,2.7774,3.0237,1.0318,1.9508,4.3468,0.9843,2.275,3.088,1.5786,2.4081,4.5586,1.0087,2.0782,2.8306,0.80649,2.0085,2.6807,1.6999,1.7573,3.933,0.85879,2.4362,2.9333,1.3035,1.5793,3.841,2.771,2.6129,4.6106,1.0407,2.2478,3.6378,1.1813,2.7173,3.6923,2.0099,2.0,4.4755,0.9994,1.9601,4.2385,1.9148,1.6454,3.4339,1.7317,2.5025,3.9689,2.2698,2.5316,4.8712,2.0503,2.3518,3.5894,1.2044,3.0545,3.4623,1.3933,1.445,4.2563,0.71805,2.9759,3.6569,1.6527,1.7199,4.2439,0.80898,1.9995,2.7169,0.53423,2.2241,4.0614,2.5883,2.5994,4.5248,2.022,2.1008,3.4531,1.3724,2.8775,3.531,1.0879,2.2341,3.6131,2.5409,2.0452,4.4823,1.505,1.7367,4.4196,1.592,2.5856,3.5654,2.0737,2.2901,4.0618,2.7143,2.2953,4.961,0.44889,2.4962,2.9281
0.21973,0.34839,0.0078138,260.05,297.5,198.35,0.0014776,0.0017661,0.0010024,204.17,225.12,241.85,223.11,226.39,177.0,233.67,226.71,271.2,230.68,278.07,301.53,202.8,249.71,228.91,308.49,224.95,266.95,240.09,176.4,362.91,242.51,203.64,248.2,205.91,296.63,278.24,340.78,184.37,271.55,243.87,237.95,143.41,261.65,291.23,381.1,284.69,198.31,348.47,380.52,304.52,201.01,290.56,208.19,307.5,294.09,342.3,343.97,396.31,304.19,297.22,291.72,432.62,384.56,414.88,314.94,362.6,326.57,241.92,463.97,415.45,385.78,362.85,206.59,325.32,263.02,264.89,230.82,370.6,276.47,305.96,272.51,370.29,365.55,299.72,299.65,301.4,373.32,373.76,360.9,266.33,331.57,356.56,287.27,335.75,230.72,353.43,295.89,351.94,303.71,344.18,344.82,310.98,344.36,319.69,279.17,296.52,370.3,295.54,286.18,447.29,402.04,416.68,290.55,380.25,505.43,464.98,367.56,278.81,342.95,434.29,318.58,372.69,341.87,289.09,411.68,350.63,417.75,438.66,374.96,447.67,447.65,440.17,337.17,385.26,434.68,522.46,285.79,549.5,501.62,459.31,348.81,503.38,385.91,335.89,677.82,388.04,425.63,403.91,401.16,370.03,292.49,361.52,430.27,301.53,509.41,348.57,352.56,425.46,500.15,283.14,320.06,408.69,282.84,152.88,341.39,399.88,344.22,523.81,399.76,215.87,305.78,225.2,240.81,294.1,302.07,246.56,328.93,313.92,247.56,295.45,264.88,312.92,215.6,287.27,274.42,267.43,245.38,236.75,328.61,235.92,348.16,386.62,269.47,308.45,257.81,340.08,302.14,242.88,336.6,345.43,305.58,315.26,304.09,334.53,348.31,290.2,520.54,248.74,272.24,284.0,286.01,260.9,302.0,293.91,371.6,286.05,270.45,274.01,344.62,289.45,205.78,234.99,278.47,367.54,277.82,243.08,291.54,259.11,291.75,288.2,262.1,276.72,290.84,292.89,230.02,304.44,231.68,313.73,233.64,243.74,202.61,285.01,290.46,183.26,290.9,234.39,187.81,272.74,200.03,236.79,285.72,200.69,255.83,271.12,205.1,270.64,261.04,240.49,192.19,254.24,218.61,257.57,248.66,169.73,294.15,296.22,215.82,174.03,210.32,282.92,253.68,256.32,238.31,155.25,160.64,204.02,251.2,256.74,227.62,233.9,215.23,194.74,174.78,183.28,230.85,207.33,258.17,219.38,0.00073507,0.0010161,0.0010781,0.001167,0.0010883,0.00083632,0.0012158,0.00095974,0.0014014,0.001086,0.0014663,0.0016612,0.0010043,0.0013433,0.0011108,0.0018023,0.0013088,0.0015004,0.0015264,0.001091,0.0021037,0.0015997,0.0012775,0.0017206,0.0014048,0.0019378,0.0016061,0.0019491,0.0013801,0.0018031,0.0015041,0.0014756,0.0010262,0.00145,0.0017654,0.0022905,0.0017589,0.0011819,0.0020979,0.0022016,0.0017297,0.0011327,0.0018383,0.0015728,0.0018656,0.0018128,0.0021231,0.0019289,0.0023529,0.0018233,0.0014439,0.0018282,0.0025584,0.0020834,0.0024318,0.0019954,0.0021237,0.0014415,0.001626,0.0027629,0.0024374,0.0022855,0.0021819,0.0013409,0.0022004,0.0017351,0.0015599,0.0017151,0.0022945,0.0017429,0.0019637,0.0018704,0.0021655,0.0021928,0.0013345,0.0019538,0.00191,0.0023298,0.0023446,0.0022854,0.001444,0.0022729,0.0023195,0.0017802,0.001442,0.0017398,0.0015523,0.0019387,0.0021153,0.0019868,0.0021529,0.0019809,0.0015877,0.0021885,0.0016492,0.0019007,0.0018563,0.0023547,0.0015998,0.0018596,0.0022826,0.0024292,0.0025034,0.0017419,0.0023351,0.0024444,0.0027127,0.0023204,0.001909,0.0020928,0.0026092,0.00213,0.0017708,0.0020631,0.0019276,0.0024879,0.0021129,0.0023675,0.0023918,0.0018396,0.0020627,0.0025853,0.0020555,0.0022283,0.002121,0.0020322,0.0028844,0.0019792,0.002602,0.0028337,0.0027951,0.0020781,0.0026928,0.0015605,0.0021666,0.0033195,0.0022584,0.0021833,0.002405,0.0021475,0.0022309,0.0018739,0.0020603,0.0025605,0.0020869,0.0024483,0.0021288,0.001586,0.0020677,0.0025793,0.0018548,0.0020821,0.0022471,0.0018434,0.0012157,0.001969,0.0023398,0.002117,0.0023959,0.0019986,0.0013935,0.0019042,0.0015758,0.001672,0.0016834,0.0018312,0.0017608,0.0020335,0.0019566,0.0017453,0.0019606,0.0015771,0.0019613,0.0015482,0.0018582,0.0017286,0.0018272,0.0015725,0.001495,0.0019164,0.001527,0.0020553,0.0022434,0.0016336,0.001954,0.0018062,0.002134,0.0018635,0.0016766,0.0019652,0.0016979,0.0019805,0.0019824,0.0019031,0.0022399,0.0020935,0.0018773,0.0018167,0.0016894,0.0016761,0.0017896,0.001855,0.0017212,0.0019155,0.0017541,0.0023836,0.0016484,0.0018415,0.0017073,0.0018798,0.0017823,0.0014372,0.0015966,0.0016828,0.0022062,0.0017792,0.0016378,0.0016625,0.0016075,0.0018309,0.0018491,0.001644,0.0017031,0.0017844,0.0018081,0.0015443,0.0018763,0.0015448,0.0018579,0.0015462,0.0014014,0.0013323,0.0015826,0.0018627,0.0012685,0.0017378,0.0013722,0.0014912,0.0016927,0.0013154,0.0015234,0.0017344,0.0014376,0.001511,0.001593,0.0012075,0.0016279,0.0015017,0.0015194,0.0012625,0.0016025,0.0013546,0.0015919,0.0014326,0.00097042,0.0015856,0.001696,0.0011986,0.0011951,0.0011519,0.0015436,0.0015385,0.0015176,0.0010786,0.00096432,0.00096557,0.00099617,0.001502,0.0014926,0.0010527,0.0012962,0.0010387,0.0010328,0.00087575,0.00082988,0.0011175,0.0011093,0.0013939,0.0012126,1074300.0,1105700.0,792270.0,4276700.0,2284500.0,1150800.0,5856800.0,1513400.0,1879800.0,3242500.0,2966100.0,734830.0,5652900.0,1298400.0,4052200.0,2459600.0,5070500.0,4091400.0,1340500.0,3371900.0,2502600.0,3347400.0,11704000.0,958350.0,6311800.0,749460.0,9101500.0,1591900.0,1841400.0,815570.0,3232100.0,1680500.0,5814300.0,23940000.0,2520900.0,2724900.0,4347000.0,1235900.0,1513400.0,1646200.0,2062700.0,1057700.0,2058300.0,1019200.0,7475600.0,2433400.0,1825600.0,1494000.0,2274900.0,15971000.0,952090.0,7278300.0,3995200.0,706940.0,3910700.0,1079100.0,2657700.0,17679000.0,32102000.0,2373200.0,1720700.0,1532600.0,2840700.0,1036400.0,1926200.0,3409900.0,803840.0,2871900.0,1940600.0,3915400.0,2755300.0,1446400.0,1119200.0,15048000.0,5077600.0,1340600.0,3613400.0,1673300.0,965090.0,2573300.0,3702600.0,1313000.0,893150.0,2116300.0,873820.0,1861100.0,2850800.0,4950200.0,4191200.0,2338500.0,5694300.0,1300700.0,9352900.0,4677300.0,1017700.0,1694700.0,903640.0,1769700.0,3509900.0,9918500.0,1730700.0,16523000.0,1417300.0,9919600.0,1633600.0,3256300.0,1272900.0,1628100.0,12535000.0,5115100.0,2157200.0,3869300.0,2389200.0,1225800.0,656170.0,3373000.0,11659000.0,2413800.0,1291100.0,778800.0,1922000.0,735100.0,1193700.0,2218700.0,8786700.0,4156700.0,2627900.0,3087700.0,2361300.0,1498700.0,773560.0,10411000.0,2404500.0,3548600.0,2073400.0,1371700.0,1031900.0,2014200.0,1052000.0,2853800.0,3921600.0,1159600.0,1477000.0,2103000.0,1521000.0,2210500.0,2422200.0,877170.0,6912100.0,1513500.0,9390500.0,6180200.0,809830.0,10291000.0,814480.0,1274500.0,19279000.0,683650.0,12167000.0,721740.0,5575100.0,3693400.0,3817200.0,2647300.0,5252900.0,4116200.0,4227600.0,964530.0,4135000.0,1638700.0,6369200.0,1506700.0,7610900.0,1080700.0,744550.0,4005200.0,2996600.0,1988300.0,8411500.0,2288700.0,948280.0,1205600.0,3671000.0,3568300.0,1940100.0,1475700.0,747540.0,6807100.0,5275200.0,2336700.0,637470.0,17726000.0,3323000.0,5257900.0,1142200.0,18258000.0,5431600.0,1100100.0,8580600.0,1353300.0,1434500.0,3992400.0,5297000.0,799330.0,1639500.0,973680.0,1778500.0,1568200.0,1456500.0,7851700.0,2342100.0,1425100.0,12280000.0,2793800.0,1238000.0,1263500.0,3260300.0,951930.0,4669600.0,1133200.0,1854600.0,8075300.0,4435100.0,696550.0,1421900.0,10018000.0,5258300.0,5069200.0,15394000.0,3001700.0,1931800.0,2342400.0,2994600.0,3189800.0,1882600.0,1749500.0,2275100.0,1499400.0,7215800.0,652060.0,3656200.0,8296200.0,8910100.0,1863600.0,5378600.0,4029700.0,5011000.0,864140.0,1139900.0,5361500.0,1551600.0,6587500.0,3485200.0,7122400.0,1970700.0,1638700.0,1591200.0,1087700.0,1106100.0,2208100.0,945990.0,5091800.0,3371700.0,4404800.0,3356800.0,2894200.0,2745600.0,15584000.0,14989000.0,6042000.0,4601000.0,2807600.0,6148400.0,3762100.0,1781300.0,2740300.0,1353800.0,4824200.0,3044800.0,1.5463,1.859,4.1664,2.2421,2.481,3.6645,1.2755,2.2403,4.2239,1.1942,1.9818,4.211,2.459,2.6633,4.325,0.74643,2.0663,4.2248,1.6995,2.5306,3.8739,3.0963,2.8427,5.8667,1.1779,2.0267,4.1896,1.6992,1.7121,4.2409,1.2971,2.2905,4.2907,0.69324,2.0265,4.211,2.8989,2.8418,4.6681,5.5277,2.7379,1.3483,1.2622,2.8073,3.6345,0.81457,2.1627,2.9947,2.6019,2.1952,4.5923,1.4605,1.6752,3.8895,0.76075,2.7061,3.9126,1.8773,1.8446,3.5459,1.213,2.3792,3.2578,0.38252,2.294,3.4643,1.8659,1.6225,3.4131,2.0649,2.6501,4.2091,1.9225,1.6312,3.3718,1.6629,1.6271,3.9863,0.33382,2.1965,3.1166,2.1222,2.441,4.5458,1.5017,1.705,3.286,0.93462,1.9629,2.7528,3.2705,2.834,6.0398,1.9394,1.8278,3.5216,0.85452,2.7359,2.9156,1.6757,2.5967,4.006,0.76214,1.899,2.7351,1.0984,2.4132,3.1426,1.9367,1.9294,4.4892,1.8556,1.6488,3.899,0.64095,2.1342,3.9487,1.4312,2.5623,3.9384,0.97844,2.1665,3.1588,2.6528,2.3855,4.4052,2.0089,2.2104,4.7292,1.5507,1.6286,3.9285,1.8901,2.0344,4.4784,1.5058,2.2141,3.2252,0.81833,2.2578,2.9829,2.4431,2.5086,4.3709,2.0319,2.485,4.8187,1.9397,2.62,4.7896,2.6149,2.3834,4.3903,1.2678,2.531,3.8722,1.8893,2.3473,4.4141,2.6537,2.9696,4.4606,0.6969,2.3632,2.6996,1.3483,2.0114,4.6132,1.8505,2.9925,3.6816,0.23755,2.3702,3.3702,1.706,1.6147,4.0815,0.84852,2.2319,3.0669,2.2793,2.3023,4.7178,0.47778,2.3915,3.1286,0.71561,2.2628,3.1268,0.015152,2.8991,1.7162,2.0627,2.232,4.6711,2.5226,2.4546,4.3193,2.2733,2.3152,5.1442,1.9121,2.6312,4.1104,1.1194,1.8135,4.0707,4.5057,2.7932,0.72553,0.75931,2.1958,2.9613,1.4862,2.1426,4.2934,1.1829,2.2746,3.5622,1.9956,2.6175,4.2599,1.6233,1.5782,4.1433,1.1714,2.5138,3.1356,0.72841,2.5286,3.7351,2.2541,1.8155,3.6771,1.3861,2.5401,3.4821,1.3607,2.5996,3.5156,1.3895,1.6301,4.2621,1.9354,2.6293,4.4366,2.0948,2.6105,4.6435,3.3083,2.8429,6.141,1.78,1.6028,4.1999,1.9202,1.9241,3.369,2.5238,2.936,5.3946,1.1883,2.5795,3.0434,2.6817,2.3803,5.0029,1.021,2.7148,4.2479,1.4297,2.4982,3.5592,0.98171,1.9552,4.1699,1.7808,1.6367,4.0578,1.9798,1.9357,3.3942,6.0428,2.8984,2.863,2.9884,2.2187,4.6718,1.5518,1.9168,4.4109,1.1583,2.5454,3.3585,1.4375,2.4694,3.4005,1.7129,1.8729,3.658,2.0536,2.4608,4.1139,1.0883,2.387,3.2548,2.5098,1.8473,5.3404,0.99948,2.5863,3.2718,1.3457,2.5608,3.3126,0.2437,3.0508,3.1978,0.6681,1.9417,2.7497,1.6584,1.943,4.6317,1.5325,1.7923,4.2179,5.2097,2.7504,1.585,0.90144,2.236,2.9587,0.97136,2.7371,4.2431,2.3758,2.413,3.7099,2.9425,2.2937,4.9702,3.1089,2.5717,4.6265,2.099,2.3858,4.6188,2.1818,2.2294,4.1716,0.71245,2.2706,3.3318,0.66212,2.4191,3.0529,0.58625,2.2741,3.8945,2.4632,2.4406,4.5747,0.6958,2.4573,2.8538,1.2899,1.5646,4.3658,1.5885,1.9157,3.5509,0.39555,2.6656,2.2155,3.4187,2.9086,0.27209,0.84492,2.2585,3.0655,1.6251,1.6662,4.1722,1.68,1.9169,3.2995,0.80581,2.3446,2.9015,2.2491,2.2662,4.9429,1.3529,2.5822,3.2437,1.2969,2.2233,3.6895,0.35813,2.0711,3.3326,1.7271,1.8885,3.4405,2.6373,2.0143,4.1328,2.036,2.1517,4.9572,1.4049,1.6968,3.857,0.77027,2.0613,2.8378,2.0879,2.1094,5.091,2.1549,2.2986,4.5816,1.5072,2.4726,4.0344,3.996,2.8156,6.193,1.8029,2.5102,3.976,0.59507,2.001,4.1685,1.178,2.6138,4.2281,3.2724,2.7715,6.0873,1.7048,1.5672,3.2775,0.28397,2.395,3.4353,4.8239,3.0019,0.65607,0.43245,2.8307,3.3546,1.1426,2.5509,3.1109,2.2587,2.1834,5.0333,1.6829,2.0492,4.4623,1.6552,1.6199,3.3989,1.91,2.9541,3.4421,0.75029,2.3174,2.9265,0.79014,2.3599,3.0185,0.21945,2.6703,3.3493,1.9905,2.4611,4.287,0.6751,2.397,2.8044,1.0195,2.3789,3.5807,1.2937,1.757,4.3311,0.22953,2.3565,3.5018,1.6909,1.5963,3.275,0.85853,2.2903,2.8736,2.9141,2.8521,6.0432,1.6635,2.5056,3.9528,2.0312,2.2499,4.6086,2.1461,2.6404,5.0471,1.5762,1.9538,3.803,1.4359,1.7559,3.7635,2.3043,2.1445,4.9817,1.4891,2.561,3.9241,0.45634,2.9923,2.0976,4.4333,2.8812,0.26109,1.3346,2.8508,4.1708,1.8512,1.9852,3.8919,1.1429,2.6737,2.7308,0.04964,2.7703,2.8177,1.0789,2.9185,4.1963,0.47226,2.4215,2.6201,0.85975,2.0904,2.8317,0.55583,2.4893,3.4277,1.8358,2.2418,4.3477,1.0563,2.8283,4.2192,0.7167,2.067,2.9312,2.1222,1.8342,3.6958,1.4284,1.8888,3.7266,2.2295,2.5718,4.7002,1.5563,1.575,4.2001,1.2625,2.1351,3.2441,0.75744,2.1112,2.9908,0.73565,2.2478,2.6412,1.7982,2.3923,4.191,2.2146,2.5578,4.898,0.59426,2.0765,2.9241,1.7344,1.8082,3.291,0.89713,2.9747,2.6223,0.52525,2.5323,2.5863,3.2603,2.7201,6.2123,6.2663,2.8709,2.7123,4.0793,2.8722,6.0429,2.4144,2.2182,3.7285,1.5019,3.0568,4.5381,1.2337,2.4499,3.5034,6.0455,3.1099,2.7636,2.3741,2.1681,3.7313,1.3241,1.8445,3.7123,2.376,2.3295,4.6484,2.5925,2.7387,4.2722,1.2548,2.7172,4.3098,1.6523,1.9291,3.8028,1.2212,2.7394,3.7897,2.3219,2.3286,4.9084,1.363,2.5937,3.3657,2.1452,2.3129,4.0523,0.81763,1.9795,3.3909,2.4216,2.2986,3.8132,2.3356,2.3342,3.7236,2.3101,2.0131,5.0929,2.6084,2.2917,4.8312,2.4082,2.2415,3.7892,1.452,1.6152,3.9299,2.312,2.5702,4.9054,1.7177,1.9435,3.8493,0.82179,2.1104,4.1408,1.5708,1.8482,4.3526,2.2926,2.5318,4.9509,1.4452,2.4008,3.253,5.826,2.8072,2.1059,1.863,1.7476,3.5297,1.9247,2.8873,4.1441,2.1287,1.9999,4.8424,1.1933,2.632,4.3815,2.0263,2.1605,4.9553,1.6594,1.7769,3.9255,1.6393,1.9955,3.3182,1.1661,2.7242,3.7368,1.0511,2.8516,3.8237,1.5863,2.4982,3.9255,1.1666,2.6645,3.6788,1.7527,1.7417,4.0797,0.71774,2.4449,2.8182,1.826,2.1468,4.4214,0.10232,2.7773,3.024,1.0317,1.9509,4.3469,0.98432,2.2749,3.0881,1.5785,2.4081,4.5585,1.0087,2.0782,2.8306,0.80659,2.0085,2.6807,1.7,1.7572,3.9329,0.85865,2.4361,2.9336,1.3033,1.5793,3.841,2.771,2.613,4.6105,1.0406,2.2479,3.6378,1.1813,2.7172,3.6923,2.01,2.0,4.4755,0.99927,1.9601,4.2385,1.9149,1.6454,3.4339,1.7318,2.5025,3.9689,2.27,2.5316,4.8711,2.0501,2.3518,3.5893,1.2043,3.0544,3.4622,1.3932,1.445,4.2563,0.71814,2.9759,3.6569,1.6527,1.7199,4.2439,0.80906,1.9995,2.7169,0.53405,2.2241,4.0616,2.5882,2.5994,4.5248,2.022,2.1008,3.4531,1.3724,2.8774,3.531,1.0879,2.2341,3.613,2.5409,2.0453,4.4824,1.505,1.7367,4.4196,1.592,2.5856,3.5653,2.0738,2.2901,4.0618,2.7143,2.2952,4.9609,0.44891,2.4962,2.928
0.22029,0.34929,0.0078291,260.31,297.91,198.39,0.0014791,0.0017684,0.0010027,204.16,225.15,242.05,223.18,226.59,177.13,233.61,226.77,271.32,230.8,278.33,301.94,202.91,249.99,229.02,308.86,225.01,267.14,240.39,176.49,363.29,242.57,203.7,248.2,205.93,296.91,278.52,341.14,184.53,271.6,244.02,238.23,143.51,262.06,291.46,381.45,284.9,198.51,348.97,381.01,304.83,201.28,291.16,208.26,307.82,294.4,342.58,344.36,396.82,304.51,297.64,292.05,433.39,384.89,415.51,315.36,363.04,327.6,242.34,464.56,416.09,386.18,363.38,206.9,325.69,263.29,265.43,231.08,371.18,277.1,306.6,272.83,370.69,366.27,300.99,300.04,301.53,373.8,374.29,361.44,267.09,332.23,357.06,287.33,336.83,231.05,354.32,296.27,352.38,304.08,344.78,345.67,311.49,344.79,320.33,279.48,297.01,370.9,296.52,286.71,448.35,402.55,417.82,291.21,380.84,506.38,465.53,368.37,279.37,343.35,434.83,319.03,374.36,342.67,289.4,412.35,351.36,418.92,439.6,375.47,449.37,448.3,441.63,337.79,386.03,435.72,523.73,286.3,550.8,502.33,460.26,349.5,504.3,388.4,336.51,679.03,388.74,426.65,404.57,402.0,370.56,293.03,362.03,430.98,302.0,510.43,348.82,353.32,426.61,501.14,283.56,320.53,409.31,283.45,153.0,342.09,400.52,344.55,524.92,400.15,216.04,306.14,225.43,241.1,294.7,302.41,246.87,329.17,314.36,247.71,295.74,265.19,313.34,215.94,287.53,274.6,267.71,245.67,236.98,328.81,236.22,348.6,387.01,269.68,308.96,258.06,340.48,302.52,243.1,337.04,345.86,305.97,315.58,304.43,335.06,348.65,290.56,521.42,249.08,272.47,284.37,286.35,261.02,302.28,294.3,372.29,286.5,270.77,274.23,345.11,289.8,205.94,235.16,278.7,368.0,278.25,243.37,291.72,259.29,291.97,288.44,262.4,276.93,290.99,293.02,230.18,304.82,231.8,314.04,233.87,243.93,202.81,285.29,290.72,183.35,291.08,234.62,187.93,272.92,200.21,237.0,285.93,200.84,255.93,271.27,205.16,270.84,261.22,240.67,192.31,254.46,218.77,257.73,248.84,169.82,294.27,296.39,215.95,174.08,210.46,283.13,253.91,256.44,238.39,155.3,160.72,204.11,251.37,256.85,227.67,234.01,215.3,194.83,174.88,183.35,230.95,207.39,258.36,219.49,0.00073493,0.0010161,0.0010788,0.0011674,0.0010892,0.00083709,0.0012154,0.00096,0.0014021,0.0010866,0.0014679,0.0016637,0.0010048,0.001345,0.0011114,0.0018044,0.0013091,0.0015016,0.0015284,0.0010918,0.0021056,0.0016001,0.0012779,0.0017208,0.0014048,0.0019395,0.001608,0.0019511,0.0013815,0.0018036,0.001505,0.0014776,0.0010268,0.0014521,0.0017666,0.0022924,0.0017603,0.0011828,0.0021005,0.0022044,0.0017319,0.001134,0.0018415,0.0015736,0.0018676,0.0018148,0.0021252,0.0019316,0.002356,0.0018254,0.0014462,0.0018304,0.0025626,0.0020859,0.0024355,0.0019978,0.002127,0.0014465,0.0016278,0.0027667,0.0024406,0.0022885,0.002185,0.0013427,0.0022028,0.0017369,0.0015631,0.001717,0.0022984,0.0017465,0.0019675,0.0018721,0.0021683,0.0021966,0.0013398,0.001956,0.0019114,0.0023327,0.0023482,0.0022887,0.0014476,0.0022766,0.0023227,0.0017813,0.0014471,0.0017416,0.0015559,0.0019407,0.002118,0.0019894,0.0021561,0.0019856,0.0015902,0.0021912,0.0016523,0.0019026,0.0018586,0.0023581,0.001604,0.0018627,0.0022876,0.0024323,0.0025092,0.0017458,0.0023381,0.0024498,0.0027161,0.0023248,0.0019125,0.0020955,0.0026125,0.0021327,0.0017783,0.0020673,0.0019301,0.0024915,0.0021167,0.0023736,0.002397,0.0018431,0.0020685,0.0025896,0.0020635,0.002232,0.0021249,0.0020379,0.0028915,0.0019827,0.0026085,0.0028382,0.0028005,0.0020819,0.0026978,0.001571,0.0021704,0.0033262,0.0022622,0.0021894,0.002409,0.0021522,0.0022344,0.001877,0.0020638,0.0025646,0.00209,0.0024537,0.002131,0.0015899,0.0020738,0.0025843,0.0018577,0.0020847,0.002251,0.0018469,0.0012171,0.0019728,0.0023434,0.0021189,0.0024018,0.0020004,0.0013946,0.0019064,0.0015773,0.0016738,0.0016866,0.0018335,0.001763,0.002035,0.0019588,0.0017466,0.0019625,0.0015789,0.0019635,0.00155,0.0018601,0.0017296,0.0018287,0.001574,0.0014964,0.001918,0.0015287,0.0020577,0.0022456,0.0016346,0.0019565,0.0018079,0.0021369,0.0018657,0.0016781,0.0019678,0.0017005,0.0019827,0.0019846,0.001905,0.0022429,0.0020955,0.0018795,0.0018206,0.0016915,0.0016773,0.0017918,0.0018573,0.001722,0.001917,0.0017565,0.002387,0.0016507,0.0018434,0.0017088,0.0018825,0.0017845,0.0014384,0.0015977,0.0016843,0.002209,0.0017818,0.0016395,0.0016636,0.0016084,0.001832,0.0018508,0.0016457,0.0017045,0.0017859,0.0018089,0.0015454,0.0018786,0.0015457,0.0018597,0.0015476,0.0014025,0.0013334,0.0015842,0.0018644,0.001269,0.0017388,0.0013734,0.0014922,0.0016939,0.0013166,0.0015247,0.0017358,0.0014388,0.0015115,0.0015938,0.0012081,0.0016291,0.0015026,0.0015205,0.0012632,0.0016038,0.0013556,0.0015928,0.0014336,0.00097097,0.0015864,0.0016971,0.0011994,0.0011955,0.0011526,0.0015447,0.0015398,0.0015181,0.001079,0.00096472,0.00096609,0.00099667,0.0015031,0.0014932,0.001053,0.0012967,0.001039,0.0010333,0.00087621,0.00083026,0.001118,0.0011098,0.0013949,0.0012132,1074300.0,1105700.0,792270.0,4276700.0,2284500.0,1150800.0,5856800.0,1513400.0,1879800.0,3242500.0,2966100.0,734830.0,5652900.0,1298400.0,4052200.0,2459600.0,5070500.0,4091400.0,1340500.0,3371900.0,2502600.0,3347400.0,11704000.0,958350.0,6311800.0,749460.0,9101500.0,1591900.0,1841400.0,815570.0,3232100.0,1680500.0,5814300.0,23940000.0,2520900.0,2724900.0,4347000.0,1235900.0,1513400.0,1646200.0,2062700.0,1057700.0,2058300.0,1019200.0,7475600.0,2433400.0,1825600.0,1494000.0,2274900.0,15971000.0,952090.0,7278300.0,3995200.0,706940.0,3910700.0,1079100.0,2657700.0,17679000.0,32102000.0,2373200.0,1720700.0,1532600.0,2840700.0,1036400.0,1926200.0,3409900.0,803840.0,2871900.0,1940600.0,3915400.0,2755300.0,1446400.0,1119200.0,15048000.0,5077600.0,1340600.0,3613400.0,1673300.0,965090.0,2573300.0,3702600.0,1313000.0,893150.0,2116300.0,873820.0,1861100.0,2850800.0,4950200.0,4191200.0,2338500.0,5694300.0,1300700.0,9352900.0,4677300.0,1017700.0,1694700.0,903640.0,1769700.0,3509900.0,9918500.0,1730700.0,16523000.0,1417300.0,9919600.0,1633600.0,3256300.0,1272900.0,1628100.0,12535000.0,5115100.0,2157200.0,3869300.0,2389200.0,1225800.0,656170.0,3373000.0,11659000.0,2413800.0,1291100.0,778800.0,1922000.0,735100.0,1193700.0,2218700.0,8786700.0,4156700.0,2627900.0,3087700.0,2361300.0,1498700.0,773560.0,10411000.0,2404500.0,3548600.0,2073400.0,1371700.0,1031900.0,2014200.0,1052000.0,2853800.0,3921600.0,1159600.0,1477000.0,2103000.0,1521000.0,2210500.0,2422200.0,877170.0,6912100.0,1513500.0,9390500.0,6180200.0,809830.0,10291000.0,814480.0,1274500.0,19279000.0,683650.0,12167000.0,721740.0,5575100.0,3693400.0,3817200.0,2647300.0,5252900.0,4116200.0,4227600.0,964530.0,4135000.0,1638700.0,6369200.0,1506700.0,7610900.0,1080700.0,744550.0,4005200.0,2996600.0,1988300.0,8411500.0,2288700.0,948280.0,1205600.0,3671000.0,3568300.0,1940100.0,1475700.0,747540.0,6807100.0,5275200.0,2336700.0,637470.0,17726000.0,3323000.0,5257900.0,1142200.0,18258000.0,5431600.0,1100100.0,8580600.0,1353300.0,1434500.0,3992400.0,5297000.0,799330.0,1639500.0,973680.0,1778500.0,1568200.0,1456500.0,7851700.0,2342100.0,1425100.0,12280000.0,2793800.0,1238000.0,1263500.0,3260300.0,951930.0,4669600.0,1133200.0,1854600.0,8075300.0,4435100.0,696550.0,1421900.0,10018000.0,5258300.0,5069200.0,15394000.0,3001700.0,1931800.0,2342400.0,2994600.0,3189800.0,1882600.0,1749500.0,2275100.0,1499400.0,7215800.0,652060.0,3656200.0,8296200.0,8910100.0,1863600.0,5378600.0,4029700.0,5011000.0,864140.0,1139900.0,5361500.0,1551600.0,6587500.0,3485200.0,7122400.0,1970700.0,1638700.0,1591200.0,1087700.0,1106100.0,2208100.0,945990.0,5091800.0,3371700.0,4404800.0,3356800.0,2894200.0,2745600.0,15584000.0,14989000.0,6042000.0,4601000.0,2807600.0,6148400.0,3762100.0,1781300.0,2740300.0,1353800.0,4824200.0,3044800.0,1.5464,1.859,4.1664,2.2421,2.481,3.6645,1.2755,2.2403,4.2239,1.1941,1.9818,4.2109,2.4588,2.6633,4.3251,0.74618,2.0664,4.2249,1.6998,2.5307,3.8738,3.0964,2.8427,5.8667,1.1778,2.0267,4.1895,1.699,1.712,4.2409,1.2972,2.2907,4.2909,0.69274,2.0264,4.2111,2.8987,2.8418,4.6683,5.5271,2.7378,1.348,1.2623,2.8072,3.6345,0.81419,2.1627,2.9946,2.6022,2.1955,4.5926,1.4605,1.6752,3.8895,0.76127,2.7065,3.913,1.877,1.8448,3.5461,1.2132,2.3792,3.2581,0.38269,2.2941,3.464,1.8661,1.6224,3.4131,2.0651,2.6498,4.209,1.9228,1.6311,3.3718,1.6631,1.627,3.9865,0.33374,2.1966,3.1165,2.1223,2.4411,4.5461,1.5017,1.705,3.2862,0.93497,1.9631,2.7528,3.2708,2.834,6.0401,1.9394,1.8279,3.5217,0.85421,2.736,2.9157,1.6753,2.5967,4.006,0.76236,1.899,2.735,1.0981,2.4132,3.1427,1.9367,1.9295,4.4892,1.8561,1.6488,3.8991,0.64114,2.134,3.9493,1.4317,2.5624,3.9389,0.97829,2.1667,3.1585,2.6532,2.3857,4.4056,2.0089,2.2103,4.7292,1.5507,1.6284,3.9285,1.89,2.0348,4.4784,1.506,2.2142,3.2251,0.81822,2.258,2.9826,2.443,2.509,4.3709,2.0322,2.4846,4.8186,1.9398,2.62,4.7894,2.6151,2.3837,4.3907,1.2677,2.5311,3.8722,1.8899,2.3476,4.4144,2.6557,2.9694,4.462,0.69736,2.363,2.7001,1.3477,2.0112,4.6133,1.8505,2.9923,3.6812,0.23726,2.3701,3.3702,1.7061,1.6146,4.0815,0.84893,2.2322,3.067,2.2795,2.3022,4.7179,0.47703,2.3913,3.1287,0.71508,2.2629,3.1265,0.015175,2.8991,1.7156,2.0634,2.2324,4.6715,2.5226,2.455,4.3196,2.273,2.3152,5.1442,1.912,2.631,4.11,1.1194,1.8134,4.071,4.5056,2.793,0.72597,0.75924,2.1959,2.9612,1.4866,2.1428,4.2935,1.1832,2.2752,3.5623,1.9953,2.6174,4.2596,1.6234,1.5783,4.1433,1.1713,2.5136,3.1357,0.72831,2.5289,3.7351,2.2544,1.8155,3.677,1.3861,2.5401,3.4821,1.3607,2.5996,3.5155,1.3894,1.6301,4.2619,1.9355,2.629,4.4365,2.0954,2.61,4.6438,3.3078,2.8431,6.141,1.7805,1.6026,4.2,1.9207,1.9241,3.3688,2.5243,2.9358,5.3948,1.1882,2.5794,3.0433,2.6817,2.3801,5.0028,1.0215,2.7151,4.2484,1.4298,2.4981,3.5593,0.982,1.9555,4.1702,1.7808,1.6368,4.0577,1.98,1.9358,3.3942,6.0435,2.8983,2.8634,2.9888,2.2185,4.6718,1.5524,1.9167,4.4112,1.1586,2.5453,3.3586,1.4375,2.4694,3.4006,1.7131,1.8727,3.658,2.0537,2.4608,4.1142,1.0884,2.3871,3.2549,2.5099,1.8468,5.3408,0.99953,2.586,3.2717,1.3454,2.5608,3.3124,0.24366,3.0508,3.1978,0.66821,1.9421,2.7495,1.6583,1.9429,4.6321,1.5328,1.7921,4.2181,5.2097,2.7501,1.5851,0.90166,2.2362,2.959,0.97174,2.7374,4.2435,2.3755,2.4128,3.7099,2.9426,2.2937,4.9702,3.1093,2.5715,4.6267,2.0993,2.3857,4.619,2.1818,2.2296,4.1716,0.71259,2.2708,3.3321,0.6624,2.4192,3.0529,0.5864,2.2745,3.8946,2.4633,2.4406,4.5743,0.69548,2.4575,2.8533,1.2897,1.5645,4.3659,1.5885,1.9155,3.5512,0.39599,2.6657,2.2159,3.4186,2.9085,0.272,0.84483,2.2585,3.0654,1.6251,1.6661,4.1724,1.6801,1.9172,3.2998,0.80621,2.3445,2.9017,2.2494,2.266,4.9429,1.3532,2.5822,3.244,1.2971,2.2235,3.6899,0.35829,2.0709,3.3332,1.7273,1.8883,3.4405,2.6373,2.014,4.133,2.0358,2.1518,4.9572,1.4052,1.6968,3.8571,0.77024,2.0617,2.8382,2.088,2.1093,5.0912,2.1548,2.2987,4.5818,1.5073,2.4729,4.0347,3.9955,2.8147,6.1924,1.8027,2.5103,3.9757,0.59467,2.0012,4.1686,1.1777,2.6137,4.2279,3.2721,2.7713,6.0875,1.7048,1.5672,3.2775,0.28411,2.3951,3.4355,4.8234,3.0018,0.6555,0.43244,2.8309,3.355,1.1424,2.551,3.1112,2.2586,2.1834,5.0335,1.6832,2.0492,4.4625,1.6551,1.6199,3.399,1.9108,2.9541,3.4427,0.75034,2.3172,2.9266,0.79005,2.3596,3.0185,0.21931,2.6704,3.3493,1.9907,2.4612,4.2871,0.67527,2.3968,2.8045,1.0197,2.3792,3.5806,1.2939,1.7569,4.3312,0.2296,2.3565,3.5021,1.6908,1.5963,3.2749,0.85886,2.29,2.8737,2.9139,2.852,6.0434,1.663,2.5054,3.9526,2.0311,2.25,4.6086,2.1454,2.6402,5.0467,1.576,1.9537,3.8029,1.4362,1.7557,3.7636,2.3043,2.1445,4.9816,1.489,2.5608,3.9239,0.45611,2.9921,2.0971,4.4331,2.881,0.26105,1.3345,2.8509,4.1706,1.8509,1.9853,3.8919,1.1425,2.6738,2.7304,0.049039,2.7701,2.8175,1.0792,2.9186,4.1964,0.47224,2.4213,2.6203,0.85975,2.0906,2.8316,0.55607,2.4893,3.4279,1.8363,2.2419,4.3479,1.056,2.8284,4.219,0.71697,2.0672,2.9308,2.1224,1.8342,3.6956,1.4286,1.8889,3.7268,2.229,2.5714,4.6995,1.5566,1.575,4.2001,1.2624,2.1351,3.2443,0.75774,2.1115,2.9906,0.73559,2.2475,2.6413,1.7983,2.3923,4.1911,2.2144,2.5575,4.8979,0.59427,2.0766,2.9239,1.7343,1.8084,3.2911,0.8975,2.9746,2.6224,0.52509,2.5324,2.5862,3.2606,2.72,6.2126,6.2668,2.8709,2.713,4.0786,2.8719,6.0419,2.4146,2.2177,3.7285,1.5022,3.0567,4.539,1.2336,2.4499,3.5036,6.0432,3.1099,2.7618,2.3741,2.1679,3.7311,1.3242,1.8445,3.7123,2.3758,2.3295,4.6486,2.5922,2.7389,4.2725,1.2548,2.7172,4.3096,1.6519,1.929,3.8026,1.2214,2.7392,3.7901,2.3217,2.3284,4.9081,1.3625,2.5935,3.3657,2.145,2.3132,4.0521,0.81762,1.9795,3.3909,2.4215,2.2983,3.8133,2.3355,2.334,3.7236,2.3103,2.0132,5.0932,2.6082,2.2917,4.8313,2.4083,2.2415,3.7891,1.4521,1.6153,3.93,2.3116,2.5699,4.9052,1.7173,1.9435,3.8492,0.82184,2.1103,4.1409,1.5706,1.8483,4.3527,2.2924,2.5314,4.9509,1.4452,2.4009,3.2529,5.8257,2.807,2.1057,1.863,1.7475,3.5298,1.9244,2.8869,4.1436,2.1289,2.0,4.8425,1.1935,2.6321,4.3817,2.0266,2.1606,4.9555,1.6594,1.7769,3.9254,1.6394,1.9954,3.318,1.1664,2.7242,3.737,1.0513,2.8516,3.8237,1.5866,2.4983,3.9256,1.1666,2.6643,3.6787,1.7526,1.7416,4.0797,0.71743,2.4449,2.8183,1.8259,2.147,4.4216,0.10229,2.7773,3.0243,1.0315,1.9509,4.3471,0.98436,2.2748,3.0882,1.5784,2.4081,4.5585,1.0087,2.0782,2.8306,0.80672,2.0085,2.6806,1.7002,1.7571,3.9328,0.85844,2.436,2.9339,1.3031,1.5793,3.841,2.771,2.613,4.6105,1.0405,2.2482,3.6378,1.1814,2.717,3.6924,2.0101,2.0001,4.4756,0.99909,1.9601,4.2385,1.9151,1.6454,3.4339,1.732,2.5026,3.9688,2.2702,2.5315,4.871,2.05,2.3518,3.5891,1.2042,3.0544,3.4622,1.3931,1.445,4.2563,0.71828,2.9759,3.6569,1.6528,1.7198,4.2439,0.80919,1.9994,2.7168,0.53378,2.2241,4.0618,2.588,2.5994,4.5249,2.0221,2.1007,3.4532,1.3724,2.8773,3.531,1.0879,2.2343,3.613,2.5409,2.0454,4.4824,1.505,1.7367,4.4195,1.5919,2.5856,3.5653,2.0738,2.2901,4.0618,2.7144,2.295,4.9609,0.44893,2.4961,2.928
0.22072,0.34996,0.0078407,260.53,298.24,198.43,0.0014803,0.0017702,0.0010029,204.18,225.18,242.21,223.25,226.74,177.26,233.58,226.83,271.43,230.89,278.52,302.26,203.02,250.2,229.11,309.14,225.09,267.29,240.62,176.59,363.59,242.64,203.77,248.24,205.97,297.12,278.73,341.41,184.64,271.68,244.14,238.45,143.62,262.38,291.65,381.73,285.07,198.71,349.37,381.38,305.08,201.49,291.6,208.31,308.08,294.64,342.8,344.65,397.22,304.76,297.98,292.31,433.98,385.11,415.99,315.74,363.37,328.42,242.68,465.0,416.57,386.45,363.79,207.11,325.95,263.51,265.84,231.32,371.63,277.6,307.11,273.09,371.01,366.83,302.0,300.35,301.61,374.19,374.67,361.85,267.71,332.75,357.46,287.36,337.68,231.33,355.03,296.6,352.71,304.36,345.25,346.32,311.91,345.13,320.85,279.72,297.43,371.35,297.3,287.15,449.18,402.94,418.66,291.72,381.32,507.12,465.94,369.0,279.81,343.67,435.24,319.37,375.67,343.3,289.65,412.87,351.95,419.82,440.33,375.86,450.67,448.79,442.78,338.27,386.65,436.52,524.67,286.69,551.83,502.88,460.99,350.05,504.99,390.32,337.01,679.98,389.27,427.48,405.08,402.64,370.98,293.47,362.43,431.54,302.36,511.23,349.0,353.92,427.52,501.92,283.88,320.92,409.79,283.93,153.11,342.66,401.0,344.8,525.79,400.45,216.2,306.44,225.62,241.35,295.18,302.68,247.11,329.36,314.71,247.82,295.97,265.44,313.67,216.22,287.74,274.74,267.93,245.9,237.17,328.95,236.47,348.95,387.32,269.86,309.38,258.28,340.8,302.83,243.29,337.39,346.21,306.28,315.84,304.7,335.49,348.92,290.85,522.12,249.36,272.65,284.67,286.62,261.13,302.5,294.61,372.82,286.85,271.02,274.4,345.49,290.08,206.08,235.3,278.88,368.36,278.59,243.62,291.86,259.44,292.16,288.64,262.65,277.1,291.12,293.13,230.33,305.14,231.91,314.3,234.07,244.1,202.97,285.52,290.93,183.42,291.23,234.8,188.04,273.07,200.36,237.17,286.12,200.98,256.02,271.39,205.22,271.01,261.38,240.82,192.42,254.63,218.91,257.87,248.99,169.91,294.36,296.53,216.06,174.13,210.58,283.3,254.1,256.53,238.46,155.35,160.8,204.19,251.52,256.94,227.71,234.1,215.37,194.92,174.97,183.42,231.05,207.46,258.52,219.58,0.00073496,0.0010162,0.0010794,0.0011678,0.0010899,0.00083784,0.0012152,0.00096033,0.0014028,0.0010871,0.001469,0.0016655,0.0010054,0.0013463,0.0011118,0.0018059,0.0013096,0.0015027,0.00153,0.0010925,0.0021071,0.0016005,0.0012783,0.0017213,0.0014049,0.0019408,0.0016095,0.0019527,0.0013825,0.0018042,0.0015057,0.0014791,0.0010274,0.0014539,0.0017677,0.0022939,0.0017615,0.0011839,0.0021028,0.0022065,0.0017337,0.0011351,0.001844,0.0015743,0.0018692,0.0018163,0.0021269,0.0019337,0.0023585,0.0018271,0.0014481,0.0018321,0.0025658,0.0020876,0.0024384,0.0019999,0.0021295,0.0014506,0.0016294,0.0027697,0.002443,0.0022904,0.0021874,0.001344,0.0022045,0.0017384,0.0015656,0.0017186,0.0023013,0.0017493,0.0019704,0.0018734,0.0021706,0.0021996,0.0013439,0.0019576,0.0019124,0.002335,0.0023509,0.0022912,0.0014506,0.0022796,0.0023254,0.0017821,0.0014511,0.0017431,0.0015587,0.0019424,0.00212,0.0019913,0.0021587,0.0019892,0.0015923,0.0021934,0.0016549,0.0019042,0.0018607,0.0023607,0.0016075,0.0018652,0.0022917,0.0024346,0.0025134,0.0017489,0.0023405,0.0024541,0.0027187,0.0023283,0.0019152,0.0020977,0.002615,0.0021348,0.0017845,0.0020707,0.0019321,0.0024943,0.0021199,0.0023783,0.002401,0.001846,0.0020726,0.0025929,0.0020698,0.0022348,0.002128,0.0020424,0.0028968,0.0019854,0.0026136,0.0028416,0.0028046,0.0020849,0.0027016,0.0015793,0.0021734,0.0033314,0.0022651,0.0021942,0.0024122,0.0021559,0.0022371,0.0018794,0.0020666,0.0025678,0.0020925,0.0024579,0.0021326,0.001593,0.0020787,0.0025883,0.0018599,0.0020868,0.002254,0.0018497,0.0012182,0.001976,0.0023462,0.0021203,0.0024066,0.0020017,0.0013956,0.0019082,0.0015785,0.0016753,0.0016891,0.0018354,0.0017647,0.0020362,0.0019606,0.0017475,0.0019641,0.0015803,0.0019652,0.0015516,0.0018618,0.0017305,0.0018299,0.0015753,0.0014977,0.0019192,0.0015301,0.0020596,0.0022474,0.0016354,0.0019586,0.0018094,0.0021392,0.0018676,0.0016794,0.0019699,0.0017026,0.0019846,0.0019865,0.0019066,0.0022452,0.0020971,0.0018813,0.0018238,0.0016932,0.0016783,0.0017935,0.0018591,0.0017228,0.0019182,0.0017584,0.0023896,0.0016525,0.0018449,0.0017101,0.0018846,0.0017862,0.0014393,0.0015986,0.0016855,0.0022112,0.0017839,0.0016411,0.0016646,0.0016092,0.001833,0.0018522,0.0016471,0.0017055,0.0017872,0.0018097,0.0015463,0.0018805,0.0015464,0.0018612,0.0015487,0.0014035,0.0013343,0.0015855,0.0018659,0.0012694,0.0017397,0.0013744,0.001493,0.0016949,0.0013176,0.0015257,0.0017369,0.0014399,0.0015119,0.0015944,0.0012086,0.0016302,0.0015034,0.0015215,0.0012639,0.001605,0.0013565,0.0015936,0.0014345,0.00097149,0.001587,0.0016981,0.0012,0.0011959,0.0011533,0.0015456,0.0015409,0.0015186,0.0010794,0.00096508,0.00096658,0.00099715,0.001504,0.0014937,0.0010532,0.0012972,0.0010393,0.0010338,0.00087666,0.00083064,0.0011185,0.0011102,0.0013957,0.0012138,1074300.0,1105700.0,792270.0,4276700.0,2284500.0,1150800.0,5856800.0,1513400.0,1879800.0,3242500.0,2966100.0,734830.0,5652900.0,1298400.0,4052200.0,2459600.0,5070500.0,4091400.0,1340500.0,3371900.0,2502600.0,3347400.0,11704000.0,958350.0,6311800.0,749460.0,9101500.0,1591900.0,1841400.0,815570.0,3232100.0,1680500.0,5814300.0,23940000.0,2520900.0,2724900.0,4347000.0,1235900.0,1513400.0,1646200.0,2062700.0,1057700.0,2058300.0,1019200.0,7475600.0,2433400.0,1825600.0,1494000.0,2274900.0,15971000.0,952090.0,7278300.0,3995200.0,706940.0,3910700.0,1079100.0,2657700.0,17679000.0,32102000.0,2373200.0,1720700.0,1532600.0,2840700.0,1036400.0,1926200.0,3409900.0,803840.0,2871900.0,1940600.0,3915400.0,2755300.0,1446400.0,1119200.0,15048000.0,5077600.0,1340600.0,3613400.0,1673300.0,965090.0,2573300.0,3702600.0,1313000.0,893150.0,2116300.0,873820.0,1861100.0,2850800.0,4950200.0,4191200.0,2338500.0,5694300.0,1300700.0,9352900.0,4677300.0,1017700.0,1694700.0,903640.0,1769700.0,3509900.0,9918500.0,1730700.0,16523000.0,1417300.0,9919600.0,1633600.0,3256300.0,1272900.0,1628100.0,12535000.0,5115100.0,2157200.0,3869300.0,2389200.0,1225800.0,656170.0,3373000.0,11659000.0,2413800.0,1291100.0,778800.0,1922000.0,735100.0,1193700.0,2218700.0,8786700.0,4156700.0,2627900.0,3087700.0,2361300.0,1498700.0,773560.0,10411000.0,2404500.0,3548600.0,2073400.0,1371700.0,1031900.0,2014200.0,1052000.0,2853800.0,3921600.0,1159600.0,1477000.0,2103000.0,1521000.0,2210500.0,2422200.0,877170.0,6912100.0,1513500.0,9390500.0,6180200.0,809830.0,10291000.0,814480.0,1274500.0,19279000.0,683650.0,12167000.0,721740.0,5575100.0,3693400.0,3817200.0,2647300.0,5252900.0,4116200.0,4227600.0,964530.0,4135000.0,1638700.0,6369200.0,1506700.0,7610900.0,1080700.0,744550.0,4005200.0,2996600.0,1988300.0,8411500.0,2288700.0,948280.0,1205600.0,3671000.0,3568300.0,1940100.0,1475700.0,747540.0,6807100.0,5275200.0,2336700.0,637470.0,17726000.0,3323000.0,5257900.0,1142200.0,18258000.0,5431600.0,1100100.0,8580600.0,1353300.0,1434500.0,3992400.0,5297000.0,799330.0,1639500.0,973680.0,1778500.0,1568200.0,1456500.0,7851700.0,2342100.0,1425100.0,12280000.0,2793800.0,1238000.0,1263500.0,3260300.0,951930.0,4669600.0,1133200.0,1854600.0,8075300.0,4435100.0,696550.0,1421900.0,10018000.0,5258300.0,5069200.0,15394000.0,3001700.0,1931800.0,2342400.0,2994600.0,3189800.0,1882600.0,1749500.0,2275100.0,1499400.0,7215800.0,652060.0,3656200.0,8296200.0,8910100.0,1863600.0,5378600.0,4029700.0,5011000.0,864140.0,1139900.0,5361500.0,1551600.0,6587500.0,3485200.0,7122400.0,1970700.0,1638700.0,1591200.0,1087700.0,1106100.0,2208100.0,945990.0,5091800.0,3371700.0,4404800.0,3356800.0,2894200.0,2745600.0,15584000.0,14989000.0,6042000.0,4601000.0,2807600.0,6148400.0,3762100.0,1781300.0,2740300.0,1353800.0,4824200.0,3044800.0,1.5465,1.859,4.1664,2.2422,2.481,3.6645,1.2755,2.2404,4.2239,1.194,1.9817,4.2109,2.4587,2.6633,4.3251,0.74599,2.0664,4.2249,1.7001,2.5307,3.8738,3.0965,2.8427,5.8667,1.1777,2.0266,4.1895,1.6989,1.712,4.2408,1.2972,2.2909,4.291,0.69235,2.0263,4.2111,2.8986,2.8418,4.6685,5.5267,2.7376,1.3477,1.2624,2.8071,3.6346,0.81391,2.1627,2.9946,2.6024,2.1957,4.5929,1.4604,1.6751,3.8895,0.76165,2.7067,3.9132,1.8768,1.8449,3.5462,1.2132,2.3791,3.2583,0.38281,2.2941,3.4638,1.8662,1.6224,3.4132,2.0652,2.6496,4.2089,1.923,1.6311,3.3718,1.6633,1.6269,3.9866,0.33368,2.1967,3.1164,2.1225,2.4412,4.5463,1.5016,1.7051,3.2863,0.93523,1.9632,2.7528,3.271,2.8339,6.0404,1.9394,1.828,3.5217,0.85398,2.7361,2.9158,1.6751,2.5967,4.006,0.76252,1.8989,2.735,1.098,2.4131,3.1427,1.9366,1.9295,4.4892,1.8565,1.6488,3.8991,0.64127,2.1339,3.9497,1.4322,2.5624,3.9393,0.97817,2.1668,3.1583,2.6535,2.3859,4.4059,2.0088,2.2103,4.7292,1.5508,1.6282,3.9285,1.89,2.035,4.4784,1.506,2.2143,3.2251,0.81815,2.2582,2.9823,2.4429,2.5094,4.3708,2.0324,2.4843,4.8185,1.9398,2.62,4.7893,2.6153,2.384,4.3909,1.2677,2.5312,3.8721,1.8904,2.3478,4.4146,2.6572,2.9693,4.4631,0.69771,2.3629,2.7004,1.3473,2.0111,4.6134,1.8506,2.9922,3.681,0.23703,2.37,3.3702,1.7062,1.6146,4.0815,0.84924,2.2324,3.067,2.2797,2.3022,4.718,0.47648,2.3911,3.1287,0.71468,2.263,3.1264,0.015192,2.8991,1.7152,2.0639,2.2326,4.6718,2.5226,2.4553,4.3197,2.2729,2.3153,5.1442,1.9119,2.6309,4.1098,1.1194,1.8132,4.0713,4.5056,2.7927,0.72631,0.75919,2.196,2.961,1.4869,2.1429,4.2935,1.1835,2.2756,3.5624,1.9951,2.6172,4.2595,1.6234,1.5784,4.1433,1.1713,2.5135,3.1357,0.72823,2.5292,3.7351,2.2547,1.8154,3.6769,1.3861,2.5401,3.4822,1.3606,2.5996,3.5154,1.3894,1.6301,4.2618,1.9356,2.6288,4.4365,2.0958,2.6097,4.6439,3.3075,2.8432,6.141,1.781,1.6024,4.2,1.9211,1.924,3.3686,2.5246,2.9355,5.3949,1.1881,2.5794,3.0432,2.6817,2.38,5.0027,1.0218,2.7154,4.2487,1.4298,2.4981,3.5594,0.98222,1.9557,4.1705,1.7808,1.6369,4.0577,1.9801,1.9359,3.3942,6.044,2.8983,2.8637,2.9891,2.2184,4.6718,1.5528,1.9166,4.4115,1.1589,2.5452,3.3586,1.4376,2.4694,3.4006,1.7133,1.8726,3.658,2.0538,2.4608,4.1145,1.0885,2.3873,3.255,2.51,1.8464,5.341,0.99958,2.5858,3.2716,1.3451,2.5608,3.3122,0.24363,3.0508,3.1978,0.66828,1.9424,2.7493,1.6582,1.9428,4.6324,1.533,1.7919,4.2181,5.2097,2.7498,1.5851,0.90183,2.2364,2.9592,0.97202,2.7376,4.2439,2.3754,2.4127,3.7098,2.9427,2.2937,4.9702,3.1095,2.5713,4.6268,2.0995,2.3856,4.6192,2.1818,2.2297,4.1716,0.71269,2.2709,3.3322,0.66261,2.4192,3.0529,0.58652,2.2747,3.8947,2.4633,2.4406,4.574,0.69525,2.4576,2.853,1.2895,1.5645,4.3661,1.5885,1.9153,3.5515,0.39632,2.6657,2.2162,3.4186,2.9084,0.27194,0.84476,2.2584,3.0653,1.6251,1.6661,4.1725,1.6802,1.9173,3.3001,0.80652,2.3444,2.9019,2.2496,2.2659,4.943,1.3534,2.5823,3.2442,1.2973,2.2236,3.6902,0.3584,2.0708,3.3336,1.7274,1.8883,3.4405,2.6373,2.0138,4.1331,2.0357,2.1519,4.9571,1.4055,1.6968,3.8572,0.77022,2.062,2.8385,2.088,2.1092,5.0913,2.1548,2.2987,4.582,1.5074,2.4731,4.0349,3.9951,2.8141,6.192,1.8025,2.5104,3.9755,0.59437,2.0013,4.1687,1.1774,2.6137,4.2277,3.2719,2.7712,6.0876,1.7049,1.5672,3.2775,0.28422,2.3953,3.4357,4.823,3.0018,0.65508,0.43243,2.831,3.3554,1.1423,2.551,3.1115,2.2586,2.1833,5.0336,1.6835,2.0492,4.4627,1.6551,1.6199,3.3991,1.9114,2.9542,3.4432,0.75037,2.3171,2.9267,0.78998,2.3594,3.0186,0.21921,2.6705,3.3493,1.9909,2.4612,4.2871,0.6754,2.3967,2.8045,1.0199,2.3795,3.5806,1.294,1.7568,4.3312,0.22965,2.3566,3.5023,1.6907,1.5964,3.2749,0.8591,2.2898,2.8738,2.9138,2.852,6.0435,1.6626,2.5053,3.9525,2.0311,2.2501,4.6086,2.145,2.6401,5.0464,1.5757,1.9537,3.8028,1.4363,1.7555,3.7637,2.3044,2.1445,4.9815,1.489,2.5607,3.9237,0.45595,2.992,2.0968,4.4328,2.8808,0.26101,1.3344,2.851,4.1704,1.8507,1.9854,3.8919,1.1421,2.6738,2.7302,0.048593,2.77,2.8174,1.0793,2.9186,4.1965,0.47223,2.4211,2.6204,0.85975,2.0907,2.8315,0.55625,2.4893,3.4281,1.8367,2.2421,4.348,1.0557,2.8285,4.2189,0.71717,2.0674,2.9306,2.1225,1.8341,3.6954,1.4287,1.889,3.727,2.2286,2.5712,4.6991,1.5569,1.5749,4.2002,1.2623,2.135,3.2444,0.75797,2.1116,2.9905,0.73554,2.2473,2.6413,1.7983,2.3924,4.1911,2.2142,2.5572,4.8977,0.59427,2.0767,2.9237,1.7343,1.8085,3.2911,0.89777,2.9746,2.6226,0.52496,2.5325,2.5862,3.2607,2.7199,6.2128,6.2671,2.8709,2.7135,4.078,2.8718,6.0412,2.4147,2.2172,3.7285,1.5025,3.0567,4.5396,1.2335,2.4499,3.5038,6.0414,3.11,2.7605,2.3741,2.1677,3.731,1.3244,1.8445,3.7124,2.3756,2.3295,4.6487,2.592,2.7391,4.2728,1.2547,2.7173,4.3094,1.6516,1.9289,3.8025,1.2216,2.7391,3.7904,2.3215,2.3283,4.9079,1.3621,2.5934,3.3657,2.1449,2.3134,4.052,0.81762,1.9796,3.3909,2.4215,2.298,3.8133,2.3354,2.3339,3.7235,2.3105,2.0133,5.0934,2.6081,2.2917,4.8313,2.4084,2.2415,3.7891,1.4523,1.6153,3.9301,2.3113,2.5697,4.9051,1.717,1.9434,3.8491,0.82188,2.1103,4.1411,1.5705,1.8483,4.3529,2.2922,2.5311,4.951,1.4451,2.4009,3.2529,5.8255,2.8069,2.1055,1.863,1.7475,3.5298,1.9243,2.8867,4.1433,2.129,2.0001,4.8425,1.1937,2.6322,4.3819,2.0268,2.1606,4.9556,1.6595,1.7768,3.9253,1.6395,1.9953,3.3179,1.1665,2.7242,3.7372,1.0514,2.8516,3.8236,1.5868,2.4984,3.9257,1.1666,2.6641,3.6786,1.7525,1.7415,4.0797,0.7172,2.4448,2.8183,1.8258,2.1472,4.4216,0.10227,2.7772,3.0246,1.0314,1.9509,4.3472,0.98438,2.2747,3.0883,1.5783,2.4081,4.5584,1.0088,2.0782,2.8306,0.80683,2.0085,2.6805,1.7003,1.757,3.9328,0.85829,2.436,2.9342,1.303,1.5792,3.841,2.771,2.613,4.6104,1.0404,2.2484,3.6378,1.1814,2.7169,3.6925,2.0101,2.0001,4.4756,0.99895,1.9601,4.2384,1.9152,1.6454,3.4339,1.7321,2.5026,3.9688,2.2705,2.5315,4.8709,2.0499,2.3517,3.589,1.2041,3.0544,3.4622,1.393,1.445,4.2564,0.71838,2.9759,3.6569,1.6528,1.7198,4.2439,0.80928,1.9994,2.7168,0.53358,2.2242,4.0619,2.5878,2.5994,4.5249,2.0221,2.1007,3.4532,1.3723,2.8772,3.5309,1.088,2.2343,3.613,2.541,2.0455,4.4824,1.505,1.7367,4.4195,1.5919,2.5856,3.5653,2.0738,2.2901,4.0618,2.7144,2.2949,4.9608,0.44895,2.496,2.928
0.22114,0.35062,0.0078522,260.75,298.56,198.47,0.0014815,0.001772,0.0010031,204.19,225.22,242.36,223.32,226.89,177.38,233.56,226.9,271.53,230.97,278.71,302.57,203.11,250.41,229.2,309.43,225.16,267.44,240.84,176.67,363.89,242.71,203.85,248.27,206.0,297.33,278.94,341.68,184.76,271.76,244.25,238.66,143.73,262.69,291.84,382.0,285.23,198.92,349.77,381.74,305.33,201.69,292.05,208.36,308.33,294.87,343.01,344.94,397.6,305.0,298.31,292.56,434.55,385.33,416.47,316.1,363.69,329.23,243.03,465.43,417.05,386.73,364.21,207.33,326.19,263.73,266.26,231.56,372.08,278.1,307.6,273.35,371.32,367.39,302.98,300.65,301.7,374.57,375.05,362.26,268.32,333.26,357.86,287.4,338.52,231.59,355.71,296.91,353.05,304.63,345.71,346.95,312.32,345.47,321.36,279.98,297.83,371.81,298.08,287.57,450.01,403.33,419.5,292.23,381.79,507.86,466.35,369.61,280.24,343.99,435.66,319.7,376.96,343.93,289.89,413.38,352.53,420.71,441.05,376.26,451.96,449.28,443.91,338.75,387.26,437.32,525.62,287.09,552.84,503.43,461.72,350.59,505.69,392.19,337.5,680.91,389.8,428.28,405.58,403.28,371.39,293.91,362.83,432.09,302.72,512.02,349.19,354.5,428.42,502.68,284.2,321.31,410.27,284.4,153.2,343.22,401.49,345.06,526.64,400.75,216.35,306.73,225.81,241.59,295.65,302.95,247.35,329.55,315.05,247.94,296.19,265.68,314.0,216.49,287.95,274.89,268.14,246.13,237.36,329.1,236.71,349.29,387.63,270.03,309.78,258.48,341.12,303.14,243.47,337.74,346.56,306.59,316.1,304.97,335.92,349.19,291.13,522.81,249.63,272.84,284.96,286.89,261.24,302.73,294.91,373.36,287.21,271.27,274.57,345.87,290.35,206.21,235.44,279.06,368.71,278.93,243.85,292.0,259.58,292.34,288.83,262.89,277.26,291.25,293.24,230.46,305.44,232.01,314.55,234.26,244.25,203.13,285.74,291.14,183.49,291.38,234.98,188.15,273.22,200.5,237.33,286.29,201.1,256.1,271.5,205.28,271.17,261.53,240.96,192.52,254.81,219.05,258.01,249.14,169.99,294.46,296.66,216.17,174.18,210.69,283.47,254.29,256.62,238.53,155.4,160.87,204.27,251.66,257.04,227.76,234.19,215.43,195.0,175.06,183.49,231.14,207.52,258.68,219.68,0.00073498,0.0010164,0.00108,0.0011682,0.0010905,0.00083852,0.001215,0.00096064,0.0014035,0.0010876,0.0014702,0.0016673,0.0010058,0.0013475,0.0011123,0.0018075,0.00131,0.0015037,0.0015316,0.0010932,0.0021086,0.001601,0.0012787,0.0017217,0.0014051,0.0019421,0.0016109,0.0019543,0.0013836,0.0018048,0.0015064,0.0014806,0.0010279,0.0014555,0.0017687,0.0022954,0.0017626,0.0011851,0.0021049,0.0022085,0.0017354,0.0011361,0.0018465,0.001575,0.0018708,0.0018178,0.0021284,0.0019357,0.0023609,0.0018287,0.0014499,0.0018337,0.0025689,0.0020894,0.0024412,0.0020019,0.0021321,0.0014546,0.0016311,0.0027727,0.0024454,0.0022925,0.0021899,0.0013453,0.0022062,0.0017398,0.0015681,0.0017202,0.0023043,0.0017522,0.0019734,0.0018747,0.0021728,0.0022026,0.0013479,0.0019592,0.0019134,0.0023373,0.0023536,0.0022937,0.0014535,0.0022826,0.002328,0.0017829,0.001455,0.0017445,0.0015615,0.0019441,0.002122,0.0019933,0.0021611,0.0019928,0.0015944,0.0021956,0.0016574,0.0019057,0.0018626,0.0023633,0.001611,0.0018677,0.0022958,0.0024369,0.0025177,0.0017519,0.0023429,0.0024584,0.0027213,0.0023317,0.0019179,0.0020998,0.0026175,0.0021368,0.0017905,0.002074,0.0019341,0.002497,0.002123,0.002383,0.0024049,0.0018488,0.0020768,0.0025962,0.0020761,0.0022376,0.0021311,0.0020468,0.0029022,0.0019881,0.0026185,0.002845,0.0028087,0.0020879,0.0027054,0.0015874,0.0021764,0.0033365,0.0022681,0.0021989,0.0024153,0.0021595,0.0022398,0.0018818,0.0020693,0.002571,0.0020949,0.002462,0.0021343,0.0015961,0.0020836,0.0025923,0.0018622,0.002089,0.0022571,0.0018524,0.0012193,0.0019791,0.0023489,0.0021218,0.0024112,0.002003,0.0013966,0.0019099,0.0015797,0.0016768,0.0016916,0.0018372,0.0017664,0.0020374,0.0019624,0.0017485,0.0019656,0.0015817,0.0019669,0.0015531,0.0018633,0.0017313,0.0018311,0.0015765,0.0014988,0.0019204,0.0015315,0.0020615,0.0022491,0.0016363,0.0019606,0.0018108,0.0021416,0.0018694,0.0016807,0.0019719,0.0017048,0.0019863,0.0019883,0.0019081,0.0022476,0.0020987,0.001883,0.0018269,0.0016949,0.0016792,0.0017953,0.0018608,0.0017236,0.0019194,0.0017603,0.0023922,0.0016543,0.0018465,0.0017113,0.0018867,0.0017878,0.0014403,0.0015995,0.0016866,0.0022133,0.0017859,0.0016425,0.0016655,0.00161,0.0018339,0.0018536,0.0016485,0.0017066,0.0017884,0.0018104,0.0015472,0.0018823,0.001547,0.0018627,0.0015498,0.0014044,0.0013352,0.0015868,0.0018673,0.0012698,0.0017405,0.0013754,0.0014938,0.0016959,0.0013185,0.0015268,0.001738,0.0014409,0.0015123,0.001595,0.001209,0.0016312,0.0015042,0.0015225,0.0012645,0.0016061,0.0013574,0.0015943,0.0014353,0.00097198,0.0015876,0.0016991,0.0012007,0.0011963,0.001154,0.0015465,0.001542,0.001519,0.0010797,0.00096543,0.00096704,0.00099761,0.0015049,0.0014941,0.0010534,0.0012977,0.0010396,0.0010342,0.00087709,0.000831,0.001119,0.0011106,0.0013965,0.0012143,1074300.0,1105700.0,792270.0,4276700.0,2284500.0,1150800.0,5856800.0,1513400.0,1879800.0,3242500.0,2966100.0,734830.0,5652900.0,1298400.0,4052200.0,2459600.0,5070500.0,4091400.0,1340500.0,3371900.0,2502600.0,3347400.0,11704000.0,958350.0,6311800.0,749460.0,9101500.0,1591900.0,1841400.0,815570.0,3232100.0,1680500.0,5814300.0,23940000.0,2520900.0,2724900.0,4347000.0,1235900.0,1513400.0,1646200.0,2062700.0,1057700.0,2058300.0,1019200.0,7475600.0,2433400.0,1825600.0,1494000.0,2274900.0,15971000.0,952090.0,7278300.0,3995200.0,706940.0,3910700.0,1079100.0,2657700.0,17679000.0,32102000.0,2373200.0,1720700.0,1532600.0,2840700.0,1036400.0,1926200.0,3409900.0,803840.0,2871900.0,1940600.0,3915400.0,2755300.0,1446400.0,1119200.0,15048000.0,5077600.0,1340600.0,3613400.0,1673300.0,965090.0,2573300.0,3702600.0,1313000.0,893150.0,2116300.0,873820.0,1861100.0,2850800.0,4950200.0,4191200.0,2338500.0,5694300.0,1300700.0,9352900.0,4677300.0,1017700.0,1694700.0,903640.0,1769700.0,3509900.0,9918500.0,1730700.0,16523000.0,1417300.0,9919600.0,1633600.0,3256300.0,1272900.0,1628100.0,12535000.0,5115100.0,2157200.0,3869300.0,2389200.0,1225800.0,656170.0,3373000.0,11659000.0,2413800.0,1291100.0,778800.0,1922000.0,735100.0,1193700.0,2218700.0,8786700.0,4156700.0,2627900.0,3087700.0,2361300.0,1498700.0,773560.0,10411000.0,2404500.0,3548600.0,2073400.0,1371700.0,1031900.0,2014200.0,1052000.0,2853800.0,3921600.0,1159600.0,1477000.0,2103000.0,1521000.0,2210500.0,2422200.0,877170.0,6912100.0,1513500.0,9390500.0,6180200.0,809830.0,10291000.0,814480.0,1274500.0,19279000.0,683650.0,12167000.0,721740.0,5575100.0,3693400.0,3817200.0,2647300.0,5252900.0,4116200.0,4227600.0,964530.0,4135000.0,1638700.0,6369200.0,1506700.0,7610900.0,1080700.0,744550.0,4005200.0,2996600.0,1988300.0,8411500.0,2288700.0,948280.0,1205600.0,3671000.0,3568300.0,1940100.0,1475700.0,747540.0,6807100.0,5275200.0,2336700.0,637470.0,17726000.0,3323000.0,5257900.0,1142200.0,18258000.0,5431600.0,1100100.0,8580600.0,1353300.0,1434500.0,3992400.0,5297000.0,799330.0,1639500.0,973680.0,1778500.0,1568200.0,1456500.0,7851700.0,2342100.0,1425100.0,12280000.0,2793800.0,1238000.0,1263500.0,3260300.0,951930.0,4669600.0,1133200.0,1854600.0,8075300.0,4435100.0,696550.0,1421900.0,10018000.0,5258300.0,5069200.0,15394000.0,3001700.0,1931800.0,2342400.0,2994600.0,3189800.0,1882600.0,1749500.0,2275100.0,1499400.0,7215800.0,652060.0,3656200.0,8296200.0,8910100.0,1863600.0,5378600.0,4029700.0,5011000.0,864140.0,1139900.0,5361500.0,1551600.0,6587500.0,3485200.0,7122400.0,1970700.0,1638700.0,1591200.0,1087700.0,1106100.0,2208100.0,945990.0,5091800.0,3371700.0,4404800.0,3356800.0,2894200.0,2745600.0,15584000.0,14989000.0,6042000.0,4601000.0,2807600.0,6148400.0,3762100.0,1781300.0,2740300.0,1353800.0,4824200.0,3044800.0,1.5465,1.8591,4.1664,2.2422,2.481,3.6645,1.2754,2.2404,4.2239,1.1939,1.9817,4.2108,2.4586,2.6633,4.3251,0.74579,2.0664,4.225,1.7003,2.5308,3.8738,3.0966,2.8427,5.8667,1.1776,2.0266,4.1894,1.6988,1.712,4.2408,1.2973,2.291,4.2911,0.69198,2.0262,4.2111,2.8984,2.8417,4.6686,5.5263,2.7375,1.3475,1.2625,2.807,3.6347,0.81363,2.1627,2.9946,2.6026,2.1959,4.5932,1.4604,1.6751,3.8894,0.76204,2.707,3.9135,1.8765,1.845,3.5464,1.2133,2.379,3.2585,0.38294,2.2941,3.4636,1.8664,1.6223,3.4132,2.0653,2.6494,4.2088,1.9232,1.631,3.3718,1.6634,1.6268,3.9867,0.33362,2.1968,3.1163,2.1226,2.4412,4.5466,1.5016,1.7051,3.2865,0.93549,1.9633,2.7528,3.2712,2.8339,6.0406,1.9394,1.828,3.5218,0.85374,2.7362,2.9158,1.6749,2.5967,4.006,0.76268,1.8989,2.7349,1.0978,2.4131,3.1428,1.9365,1.9295,4.4891,1.8569,1.6487,3.8992,0.64142,2.1337,3.9502,1.4326,2.5625,3.9397,0.97806,2.167,3.1581,2.6538,2.386,4.4062,2.0088,2.2103,4.7292,1.5508,1.6281,3.9285,1.89,2.0353,4.4784,1.5061,2.2144,3.2251,0.81807,2.2583,2.982,2.4429,2.5097,4.3708,2.0326,2.4841,4.8184,1.9398,2.62,4.7891,2.6155,2.3842,4.3912,1.2677,2.5313,3.8721,1.8909,2.348,4.4148,2.6587,2.9692,4.4642,0.69806,2.3628,2.7008,1.3469,2.011,4.6134,1.8507,2.9921,3.6807,0.23681,2.37,3.3703,1.7062,1.6145,4.0815,0.84955,2.2326,3.0671,2.2799,2.3022,4.7181,0.47592,2.391,3.1288,0.71428,2.2631,3.1262,0.015208,2.8991,1.7147,2.0644,2.2329,4.6721,2.5226,2.4556,4.3199,2.2727,2.3154,5.1443,1.9118,2.6307,4.1095,1.1194,1.8131,4.0715,4.5055,2.7925,0.72664,0.75913,2.196,2.9609,1.4872,2.143,4.2935,1.1837,2.2759,3.5625,1.9949,2.6171,4.2593,1.6234,1.5785,4.1433,1.1713,2.5134,3.1358,0.72816,2.5294,3.7351,2.2549,1.8154,3.6768,1.3861,2.5401,3.4822,1.3606,2.5996,3.5153,1.3893,1.6301,4.2617,1.9357,2.6286,4.4364,2.0962,2.6093,4.6441,3.3072,2.8433,6.141,1.7814,1.6023,4.2001,1.9215,1.9239,3.3684,2.525,2.9353,5.3951,1.1881,2.5794,3.0431,2.6817,2.3799,5.0026,1.0221,2.7156,4.249,1.4298,2.4981,3.5596,0.98244,1.9558,4.1708,1.7808,1.6369,4.0576,1.9803,1.9359,3.3942,6.0445,2.8983,2.8639,2.9893,2.2183,4.6717,1.5532,1.9165,4.4118,1.1591,2.545,3.3586,1.4376,2.4694,3.4007,1.7134,1.8725,3.658,2.0538,2.4608,4.1147,1.0885,2.3874,3.2551,2.51,1.8461,5.3412,0.99962,2.5857,3.2716,1.3448,2.5609,3.3121,0.2436,3.0508,3.1978,0.66836,1.9427,2.7492,1.6582,1.9427,4.6327,1.5332,1.7918,4.2182,5.2097,2.7495,1.5852,0.90199,2.2365,2.9594,0.97229,2.7378,4.2442,2.3752,2.4126,3.7098,2.9429,2.2938,4.9702,3.1098,2.5711,4.627,2.0998,2.3856,4.6194,2.1818,2.2299,4.1717,0.71279,2.2711,3.3324,0.6628,2.4193,3.0529,0.58663,2.275,3.8948,2.4633,2.4407,4.5737,0.69502,2.4577,2.8526,1.2894,1.5644,4.3662,1.5884,1.9152,3.5517,0.39664,2.6658,2.2165,3.4185,2.9083,0.27188,0.84469,2.2583,3.0652,1.625,1.666,4.1726,1.6803,1.9175,3.3003,0.80681,2.3443,2.9021,2.2499,2.2657,4.943,1.3536,2.5823,3.2444,1.2975,2.2237,3.6905,0.35852,2.0707,3.334,1.7275,1.8882,3.4405,2.6374,2.0136,4.1333,2.0355,2.1519,4.957,1.4057,1.6968,3.8574,0.7702,2.0623,2.8388,2.0881,2.1091,5.0915,2.1547,2.2988,4.5822,1.5075,2.4734,4.0351,3.9946,2.8135,6.1916,1.8023,2.5105,3.9753,0.59406,2.0014,4.1688,1.1772,2.6136,4.2275,3.2717,2.771,6.0877,1.7049,1.5673,3.2775,0.28432,2.3954,3.4359,4.8226,3.0018,0.65466,0.43243,2.8311,3.3557,1.1421,2.5511,3.1117,2.2586,2.1833,5.0338,1.6838,2.0492,4.4629,1.6551,1.62,3.3991,1.912,2.9542,3.4436,0.75041,2.317,2.9268,0.78991,2.3593,3.0186,0.21911,2.6705,3.3493,1.991,2.4613,4.2871,0.67554,2.3965,2.8045,1.0201,2.3798,3.5805,1.2941,1.7567,4.3313,0.2297,2.3566,3.5026,1.6907,1.5964,3.2749,0.85935,2.2896,2.8739,2.9136,2.8519,6.0437,1.6621,2.5052,3.9524,2.0311,2.2502,4.6086,2.1446,2.64,5.0462,1.5755,1.9537,3.8028,1.4365,1.7553,3.7638,2.3044,2.1445,4.9814,1.4889,2.5606,3.9235,0.45579,2.9919,2.0965,4.4326,2.8807,0.26097,1.3343,2.851,4.1702,1.8505,1.9854,3.8919,1.1418,2.6738,2.7299,0.048149,2.7699,2.8173,1.0795,2.9186,4.1966,0.47223,2.4209,2.6205,0.85975,2.0908,2.8315,0.55644,2.4893,3.4283,1.8371,2.2422,4.3481,1.0554,2.8286,4.2188,0.71737,2.0676,2.9303,2.1226,1.8341,3.6952,1.4288,1.889,3.7271,2.2283,2.5709,4.6986,1.5571,1.5749,4.2002,1.2623,2.135,3.2445,0.75821,2.1118,2.9904,0.7355,2.2471,2.6413,1.7984,2.3925,4.1912,2.214,2.557,4.8976,0.59427,2.0767,2.9235,1.7342,1.8087,3.2911,0.89805,2.9745,2.6227,0.52484,2.5326,2.5861,3.2609,2.7199,6.213,6.2674,2.8709,2.714,4.0774,2.8716,6.0405,2.4147,2.2168,3.7285,1.5028,3.0567,4.5403,1.2334,2.4498,3.504,6.0396,3.11,2.7591,2.3741,2.1676,3.7309,1.3245,1.8445,3.7124,2.3754,2.3295,4.6489,2.5918,2.7393,4.2731,1.2547,2.7173,4.3093,1.6513,1.9288,3.8023,1.2219,2.739,3.7907,2.3214,2.3281,4.9077,1.3617,2.5932,3.3657,2.1448,2.3136,4.0519,0.81761,1.9797,3.3909,2.4214,2.2978,3.8134,2.3353,2.3337,3.7235,2.3106,2.0134,5.0937,2.6079,2.2917,4.8314,2.4085,2.2415,3.7891,1.4524,1.6153,3.9302,2.3111,2.5695,4.905,1.7167,1.9434,3.849,0.82192,2.1102,4.1412,1.5704,1.8483,4.353,2.2921,2.5308,4.951,1.4451,2.401,3.2529,5.8253,2.8067,2.1053,1.863,1.7474,3.5298,1.9241,2.8864,4.1429,2.1292,2.0002,4.8426,1.1938,2.6323,4.382,2.027,2.1607,4.9557,1.6595,1.7768,3.9252,1.6395,1.9953,3.3177,1.1667,2.7242,3.7373,1.0515,2.8516,3.8236,1.5871,2.4985,3.9258,1.1666,2.664,3.6786,1.7524,1.7414,4.0796,0.71697,2.4448,2.8184,1.8257,2.1473,4.4217,0.10226,2.7772,3.0249,1.0312,1.9509,4.3473,0.98441,2.2746,3.0883,1.5782,2.4081,4.5584,1.0088,2.0782,2.8306,0.80693,2.0085,2.6804,1.7004,1.7569,3.9327,0.85813,2.4359,2.9344,1.3028,1.5792,3.841,2.771,2.6131,4.6104,1.0403,2.2486,3.6378,1.1815,2.7168,3.6925,2.0102,2.0001,4.4756,0.99881,1.9601,4.2384,1.9153,1.6454,3.4338,1.7323,2.5027,3.9688,2.2707,2.5314,4.8709,2.0498,2.3517,3.5889,1.204,3.0543,3.4622,1.3929,1.4451,4.2564,0.71848,2.9758,3.6569,1.6529,1.7197,4.244,0.80938,1.9994,2.7168,0.53338,2.2242,4.0621,2.5877,2.5994,4.5249,2.0222,2.1006,3.4532,1.3723,2.8771,3.5309,1.088,2.2344,3.6129,2.541,2.0455,4.4825,1.505,1.7367,4.4195,1.5919,2.5856,3.5653,2.0739,2.2902,4.0618,2.7145,2.2948,4.9608,0.44896,2.496,2.9279
0.22177,0.35163,0.0078695,261.04,299.01,198.5,0.0014832,0.0017745,0.0010033,204.18,225.25,242.57,223.41,227.11,177.5,233.48,226.96,271.67,231.1,278.98,303.02,203.23,250.72,229.32,309.83,225.24,267.65,241.17,176.77,364.3,242.77,203.91,248.27,206.01,297.63,279.25,342.07,184.92,271.82,244.43,238.98,143.83,263.12,292.09,382.39,285.47,199.15,350.31,382.28,305.69,201.98,292.71,208.44,308.68,295.22,343.32,345.39,398.15,305.35,298.79,292.94,435.39,385.71,417.16,316.56,364.21,330.38,243.51,466.08,417.75,387.2,364.82,207.67,326.58,264.03,266.85,231.86,372.73,278.8,308.33,273.7,371.75,368.18,304.36,301.09,301.85,375.1,375.64,362.85,269.16,334.0,358.4,287.47,339.71,231.94,356.7,297.33,353.54,305.05,346.38,347.9,312.89,345.94,322.07,280.32,298.38,372.49,299.16,288.15,451.17,403.9,420.76,292.95,382.44,508.93,466.97,370.51,280.86,344.43,436.27,320.21,378.81,344.83,290.25,414.13,353.34,422.02,442.09,376.83,453.86,450.03,445.54,339.43,388.11,438.49,527.01,287.64,554.25,504.22,462.77,351.35,506.74,394.88,338.18,682.26,390.6,429.38,406.3,404.2,372.0,294.5,363.39,432.87,303.24,513.13,349.49,355.37,429.71,503.77,284.67,321.82,410.97,285.06,153.34,343.99,402.2,345.42,527.87,401.18,216.53,307.13,226.06,241.91,296.31,303.32,247.69,329.82,315.54,248.11,296.5,266.03,314.47,216.87,288.25,275.08,268.44,246.44,237.61,329.33,237.04,349.77,388.07,270.26,310.34,258.75,341.57,303.56,243.71,338.23,347.02,307.01,316.45,305.34,336.5,349.57,291.53,523.81,250.0,273.09,285.37,287.27,261.38,303.03,295.34,374.11,287.7,271.6,274.82,346.41,290.74,206.4,235.62,279.32,369.21,279.38,244.17,292.21,259.78,292.59,289.08,263.22,277.49,291.41,293.39,230.64,305.87,232.14,314.89,234.52,244.46,203.35,286.05,291.42,183.59,291.58,235.22,188.27,273.42,200.68,237.55,286.53,201.27,256.21,271.66,205.36,271.39,261.73,241.15,192.64,255.03,219.23,258.19,249.33,170.1,294.59,296.84,216.3,174.23,210.84,283.69,254.53,256.74,238.62,155.46,160.96,204.37,251.85,257.15,227.81,234.3,215.5,195.09,175.16,183.57,231.25,207.59,258.89,219.78,0.00073485,0.0010164,0.0010807,0.0011687,0.0010914,0.00083926,0.0012145,0.00096094,0.0014044,0.0010883,0.0014719,0.00167,0.0010064,0.0013493,0.0011129,0.0018098,0.0013104,0.001505,0.0015338,0.0010939,0.0021107,0.0016014,0.0012791,0.001722,0.001405,0.001944,0.001613,0.0019566,0.001385,0.0018052,0.0015075,0.0014827,0.0010285,0.0014579,0.0017701,0.0022975,0.0017641,0.0011861,0.0021078,0.0022116,0.0017379,0.0011377,0.0018501,0.0015761,0.0018729,0.00182,0.0021307,0.0019388,0.0023642,0.001831,0.0014525,0.0018362,0.0025735,0.0020923,0.0024453,0.0020045,0.0021358,0.0014601,0.0016331,0.0027771,0.0024489,0.0022959,0.0021934,0.0013473,0.0022088,0.0017418,0.0015716,0.0017224,0.0023086,0.0017561,0.0019776,0.0018766,0.0021759,0.0022068,0.0013538,0.0019616,0.001915,0.0023404,0.0023576,0.0022974,0.0014577,0.0022867,0.0023316,0.0017842,0.0014606,0.0017465,0.0015656,0.0019464,0.002125,0.0019962,0.0021647,0.0019979,0.0015972,0.0021986,0.0016609,0.0019078,0.0018652,0.002367,0.0016156,0.0018711,0.0023013,0.0024403,0.002524,0.0017562,0.0023462,0.0024644,0.0027251,0.0023367,0.0019218,0.0021028,0.0026211,0.0021399,0.0017987,0.0020786,0.0019368,0.0025011,0.0021272,0.0023898,0.0024106,0.0018526,0.0020834,0.0026011,0.0020849,0.0022416,0.0021354,0.0020531,0.0029099,0.0019918,0.0026257,0.00285,0.0028146,0.0020921,0.002711,0.0015988,0.0021805,0.0033438,0.0022724,0.0022057,0.0024197,0.0021648,0.0022436,0.0018852,0.0020731,0.0025754,0.0020983,0.0024679,0.0021368,0.0016006,0.0020903,0.0025977,0.0018653,0.0020918,0.0022615,0.0018562,0.0012207,0.0019833,0.0023529,0.0021239,0.0024177,0.0020049,0.0013977,0.0019123,0.0015814,0.0016788,0.001695,0.0018397,0.0017688,0.0020391,0.0019648,0.0017499,0.0019677,0.0015837,0.0019693,0.0015552,0.0018654,0.0017324,0.0018328,0.0015781,0.0015004,0.0019221,0.0015334,0.0020641,0.0022516,0.0016373,0.0019635,0.0018127,0.0021447,0.0018719,0.0016824,0.0019747,0.0017077,0.0019888,0.0019907,0.0019102,0.0022509,0.0021009,0.0018855,0.0018316,0.0016972,0.0016806,0.0017978,0.0018633,0.0017245,0.001921,0.0017629,0.0023959,0.0016567,0.0018486,0.001713,0.0018896,0.0017902,0.0014416,0.0016007,0.0016882,0.0022163,0.0017887,0.0016445,0.0016668,0.0016111,0.0018352,0.0018554,0.0016503,0.0017081,0.00179,0.0018113,0.0015484,0.0018849,0.001548,0.0018647,0.0015513,0.0014056,0.0013364,0.0015885,0.0018692,0.0012703,0.0017417,0.0013767,0.0014949,0.0016973,0.0013197,0.0015281,0.0017395,0.0014422,0.0015129,0.0015958,0.0012096,0.0016325,0.0015052,0.0015237,0.0012653,0.0016075,0.0013586,0.0015953,0.0014364,0.00097258,0.0015885,0.0017003,0.0012015,0.0011967,0.0011548,0.0015477,0.0015434,0.0015196,0.0010801,0.00096584,0.00096759,0.00099816,0.0015061,0.0014947,0.0010537,0.0012982,0.0010399,0.0010347,0.00087757,0.0008314,0.0011196,0.0011111,0.0013976,0.001215,1074300.0,1105700.0,792270.0,4276700.0,2284500.0,1150800.0,5856800.0,1513400.0,1879800.0,3242500.0,2966100.0,734830.0,5652900.0,1298400.0,4052200.0,2459600.0,5070500.0,4091400.0,1340500.0,3371900.0,2502600.0,3347400.0,11704000.0,958350.0,6311800.0,749460.0,9101500.0,1591900.0,1841400.0,815570.0,3232100.0,1680500.0,5814300.0,23940000.0,2520900.0,2724900.0,4347000.0,1235900.0,1513400.0,1646200.0,2062700.0,1057700.0,2058300.0,1019200.0,7475600.0,2433400.0,1825600.0,1494000.0,2274900.0,15971000.0,952090.0,7278300.0,3995200.0,706940.0,3910700.0,1079100.0,2657700.0,17679000.0,32102000.0,2373200.0,1720700.0,1532600.0,2840700.0,1036400.0,1926200.0,3409900.0,803840.0,2871900.0,1940600.0,3915400.0,2755300.0,1446400.0,1119200.0,15048000.0,5077600.0,1340600.0,3613400.0,1673300.0,965090.0,2573300.0,3702600.0,1313000.0,893150.0,2116300.0,873820.0,1861100.0,2850800.0,4950200.0,4191200.0,2338500.0,5694300.0,1300700.0,9352900.0,4677300.0,1017700.0,1694700.0,903640.0,1769700.0,3509900.0,9918500.0,1730700.0,16523000.0,1417300.0,9919600.0,1633600.0,3256300.0,1272900.0,1628100.0,12535000.0,5115100.0,2157200.0,3869300.0,2389200.0,1225800.0,656170.0,3373000.0,11659000.0,2413800.0,1291100.0,778800.0,1922000.0,735100.0,1193700.0,2218700.0,8786700.0,4156700.0,2627900.0,3087700.0,2361300.0,1498700.0,773560.0,10411000.0,2404500.0,3548600.0,2073400.0,1371700.0,1031900.0,2014200.0,1052000.0,2853800.0,3921600.0,1159600.0,1477000.0,2103000.0,1521000.0,2210500.0,2422200.0,877170.0,6912100.0,1513500.0,9390500.0,6180200.0,809830.0,10291000.0,814480.0,1274500.0,19279000.0,683650.0,12167000.0,721740.0,5575100.0,3693400.0,3817200.0,2647300.0,5252900.0,4116200.0,4227600.0,964530.0,4135000.0,1638700.0,6369200.0,1506700.0,7610900.0,1080700.0,744550.0,4005200.0,2996600.0,1988300.0,8411500.0,2288700.0,948280.0,1205600.0,3671000.0,3568300.0,1940100.0,1475700.0,747540.0,6807100.0,5275200.0,2336700.0,637470.0,17726000.0,3323000.0,5257900.0,1142200.0,18258000.0,5431600.0,1100100.0,8580600.0,1353300.0,1434500.0,3992400.0,5297000.0,799330.0,1639500.0,973680.0,1778500.0,1568200.0,1456500.0,7851700.0,2342100.0,1425100.0,12280000.0,2793800.0,1238000.0,1263500.0,3260300.0,951930.0,4669600.0,1133200.0,1854600.0,8075300.0,4435100.0,696550.0,1421900.0,10018000.0,5258300.0,5069200.0,15394000.0,3001700.0,1931800.0,2342400.0,2994600.0,3189800.0,1882600.0,1749500.0,2275100.0,1499400.0,7215800.0,652060.0,3656200.0,8296200.0,8910100.0,1863600.0,5378600.0,4029700.0,5011000.0,864140.0,1139900.0,5361500.0,1551600.0,6587500.0,3485200.0,7122400.0,1970700.0,1638700.0,1591200.0,1087700.0,1106100.0,2208100.0,945990.0,5091800.0,3371700.0,4404800.0,3356800.0,2894200.0,2745600.0,15584000.0,14989000.0,6042000.0,4601000.0,2807600.0,6148400.0,3762100.0,1781300.0,2740300.0,1353800.0,4824200.0,3044800.0,1.5466,1.8591,4.1664,2.2422,2.481,3.6644,1.2754,2.2404,4.2239,1.1938,1.9816,4.2108,2.4584,2.6633,4.3252,0.7455,2.0664,4.2251,1.7006,2.5308,3.8737,3.0967,2.8426,5.8667,1.1774,2.0266,4.1893,1.6986,1.7119,4.2408,1.2974,2.2912,4.2914,0.6914,2.0261,4.2112,2.8982,2.8417,4.6689,5.5256,2.7374,1.3471,1.2626,2.8068,3.6347,0.8132,2.1627,2.9945,2.6029,2.1963,4.5936,1.4603,1.675,3.8894,0.76262,2.7074,3.9139,1.8762,1.8452,3.5466,1.2135,2.379,3.2587,0.38312,2.2942,3.4633,1.8665,1.6222,3.4133,2.0655,2.6491,4.2086,1.9235,1.631,3.3718,1.6637,1.6267,3.9869,0.33353,2.1969,3.1161,2.1228,2.4413,4.5469,1.5016,1.7051,3.2867,0.93588,1.9635,2.7528,3.2716,2.8338,6.0409,1.9394,1.8282,3.5219,0.8534,2.7364,2.9159,1.6745,2.5967,4.006,0.76291,1.8989,2.7348,1.0976,2.4131,3.1429,1.9365,1.9296,4.4891,1.8575,1.6487,3.8992,0.64162,2.1335,3.9509,1.4332,2.5626,3.9402,0.97788,2.1672,3.1578,2.6542,2.3863,4.4066,2.0087,2.2103,4.7292,1.5508,1.6278,3.9285,1.8899,2.0357,4.4783,1.5063,2.2145,3.225,0.81795,2.2585,2.9815,2.4428,2.5102,4.3708,2.0329,2.4837,4.8182,1.9398,2.62,4.7889,2.6157,2.3846,4.3916,1.2676,2.5314,3.8721,1.8915,2.3484,4.4151,2.6609,2.969,4.4658,0.69857,2.3626,2.7014,1.3463,2.0109,4.6135,1.8507,2.992,3.6804,0.23648,2.3699,3.3703,1.7063,1.6145,4.0815,0.85,2.2329,3.0672,2.2802,2.3022,4.7182,0.4751,2.3907,3.1289,0.7137,2.2632,3.1259,0.015227,2.8991,1.7141,2.0651,2.2333,4.6725,2.5226,2.456,4.3201,2.2724,2.3155,5.1443,1.9117,2.6305,4.1091,1.1194,1.8129,4.0719,4.5054,2.7922,0.72714,0.75905,2.1961,2.9608,1.4876,2.1431,4.2936,1.1841,2.2765,3.5626,1.9946,2.6169,4.259,1.6235,1.5786,4.1433,1.1712,2.5132,3.1358,0.72804,2.5298,3.7351,2.2553,1.8153,3.6766,1.386,2.54,3.4823,1.3605,2.5996,3.5152,1.3893,1.6301,4.2615,1.9358,2.6283,4.4363,2.0967,2.6088,4.6444,3.3068,2.8435,6.1409,1.782,1.602,4.2002,1.9221,1.9239,3.3681,2.5255,2.935,5.3953,1.188,2.5794,3.0429,2.6816,2.3797,5.0025,1.0226,2.716,4.2495,1.4298,2.4981,3.5597,0.98276,1.9561,4.1712,1.7808,1.637,4.0575,1.9805,1.936,3.3943,6.0453,2.8983,2.8644,2.9898,2.2182,4.6717,1.5538,1.9163,4.4122,1.1595,2.5449,3.3587,1.4377,2.4694,3.4008,1.7136,1.8724,3.6579,2.0539,2.4608,4.115,1.0886,2.3876,3.2552,2.5101,1.8455,5.3416,0.99968,2.5854,3.2715,1.3443,2.5609,3.3118,0.24352,3.0508,3.1978,0.66846,1.9431,2.7489,1.6581,1.9426,4.6331,1.5335,1.7915,4.2183,5.2097,2.7491,1.5852,0.90222,2.2367,2.9597,0.97269,2.7382,4.2447,2.375,2.4125,3.7097,2.943,2.2938,4.9702,3.1102,2.5709,4.6272,2.1001,2.3855,4.6197,2.1818,2.2301,4.1717,0.71293,2.2712,3.3326,0.6631,2.4193,3.0529,0.5868,2.2754,3.895,2.4634,2.4407,4.5732,0.69467,2.4579,2.8521,1.2892,1.5643,4.3664,1.5884,1.915,3.5521,0.39713,2.6659,2.2169,3.4185,2.9081,0.2718,0.84459,2.2583,3.065,1.625,1.666,4.1728,1.6804,1.9177,3.3007,0.80725,2.3441,2.9023,2.2502,2.2655,4.9431,1.3539,2.5824,3.2448,1.2978,2.2239,3.6909,0.3587,2.0705,3.3346,1.7276,1.888,3.4405,2.6374,2.0132,4.1335,2.0353,2.152,4.957,1.406,1.6968,3.8576,0.77018,2.0627,2.8392,2.0882,2.1089,5.0917,2.1547,2.2989,4.5824,1.5077,2.4737,4.0354,3.994,2.8125,6.191,1.8021,2.5107,3.975,0.59361,2.0016,4.1689,1.1768,2.6135,4.2273,3.2714,2.7708,6.088,1.7049,1.5673,3.2775,0.28448,2.3956,3.4361,4.822,3.0018,0.65404,0.43241,2.8313,3.3562,1.1419,2.5512,3.1121,2.2586,2.1832,5.0341,1.6842,2.0492,4.4631,1.655,1.62,3.3992,1.9129,2.9543,3.4443,0.75047,2.3169,2.927,0.7898,2.359,3.0187,0.21896,2.6706,3.3493,1.9912,2.4614,4.2871,0.67574,2.3963,2.8046,1.0203,2.3802,3.5804,1.2943,1.7566,4.3314,0.22978,2.3566,3.5029,1.6906,1.5965,3.2749,0.85972,2.2894,2.874,2.9134,2.8519,6.0439,1.6615,2.5051,3.9522,2.0311,2.2504,4.6086,2.1439,2.6398,5.0457,1.5752,1.9537,3.8027,1.4368,1.755,3.764,2.3044,2.1446,4.9813,1.4888,2.5604,3.9233,0.45554,2.9917,2.096,4.4323,2.8804,0.26093,1.3342,2.8512,4.17,1.8502,1.9856,3.8919,1.1413,2.6738,2.7295,0.04749,2.7697,2.8171,1.0798,2.9187,4.1968,0.47222,2.4206,2.6207,0.85975,2.0911,2.8314,0.55672,2.4893,3.4285,1.8377,2.2424,4.3482,1.055,2.8287,4.2186,0.71766,2.0679,2.9299,2.1228,1.8341,3.695,1.429,1.8891,3.7273,2.2277,2.5705,4.6979,1.5575,1.5749,4.2002,1.2621,2.1349,3.2447,0.75855,2.1121,2.9902,0.73544,2.2468,2.6413,1.7985,2.3925,4.1913,2.2137,2.5567,4.8975,0.59427,2.0768,2.9233,1.7342,1.8089,3.2911,0.89847,2.9744,2.6229,0.52466,2.5327,2.586,3.2611,2.7198,6.2134,6.2679,2.871,2.7148,4.0766,2.8713,6.0394,2.4149,2.2162,3.7285,1.5031,3.0567,4.5413,1.2333,2.4498,3.5043,6.0369,3.11,2.757,2.3741,2.1673,3.7307,1.3247,1.8446,3.7125,2.3752,2.3295,4.6491,2.5915,2.7396,4.2735,1.2546,2.7174,4.3091,1.6508,1.9287,3.8021,1.2222,2.7389,3.7911,2.3211,2.3279,4.9074,1.3611,2.593,3.3657,2.1446,2.3139,4.0517,0.81761,1.9798,3.3908,2.4213,2.2974,3.8135,2.3352,2.3336,3.7234,2.3109,2.0136,5.094,2.6077,2.2918,4.8314,2.4087,2.2415,3.789,1.4526,1.6154,3.9304,2.3107,2.5692,4.9048,1.7163,1.9434,3.8488,0.82198,2.1101,4.1414,1.5702,1.8484,4.3532,2.2919,2.5304,4.951,1.4451,2.401,3.2529,5.825,2.8065,2.105,1.863,1.7474,3.5299,1.9239,2.886,4.1424,2.1295,2.0004,4.8426,1.194,2.6324,4.3822,2.0274,2.1607,4.9559,1.6596,1.7767,3.9251,1.6397,1.9952,3.3175,1.1669,2.7242,3.7376,1.0518,2.8517,3.8235,1.5874,2.4986,3.926,1.1666,2.6637,3.6785,1.7522,1.7413,4.0796,0.71662,2.4447,2.8185,1.8256,2.1475,4.4219,0.10223,2.7771,3.0253,1.031,1.951,4.3475,0.98445,2.2745,3.0885,1.5781,2.4082,4.5583,1.0088,2.0781,2.8306,0.80709,2.0085,2.6803,1.7006,1.7568,3.9326,0.8579,2.4359,2.9348,1.3026,1.5792,3.841,2.771,2.6131,4.6103,1.0402,2.2489,3.6378,1.1815,2.7166,3.6926,2.0103,2.0002,4.4756,0.9986,1.9601,4.2384,1.9154,1.6454,3.4338,1.7325,2.5028,3.9687,2.271,2.5313,4.8707,2.0496,2.3517,3.5887,1.2039,3.0543,3.4622,1.3927,1.4451,4.2564,0.71863,2.9758,3.6569,1.6529,1.7196,4.244,0.80952,1.9994,2.7167,0.53309,2.2242,4.0623,2.5875,2.5994,4.525,2.0222,2.1006,3.4532,1.3722,2.877,3.5309,1.088,2.2345,3.6128,2.541,2.0457,4.4825,1.5051,1.7368,4.4195,1.5918,2.5856,3.5652,2.0739,2.2902,4.0618,2.7145,2.2946,4.9607,0.44899,2.4959,2.9279
0.22224,0.35238,0.0078825,261.29,299.38,198.54,0.0014846,0.0017766,0.0010035,204.2,225.29,242.74,223.5,227.27,177.64,233.45,227.02,271.8,231.2,279.18,303.37,203.34,250.95,229.43,310.15,225.33,267.81,241.41,176.87,364.64,242.84,203.99,248.3,206.05,297.87,279.48,342.37,185.05,271.9,244.56,239.22,143.95,263.47,292.31,382.69,285.65,199.39,350.75,382.68,305.98,202.21,293.2,208.51,308.96,295.48,343.58,345.72,398.58,305.61,299.16,293.22,436.04,385.95,417.7,316.98,364.59,331.3,243.91,466.57,418.29,387.5,365.29,207.91,326.85,264.28,267.31,232.13,373.24,279.36,308.89,273.99,372.11,368.8,305.46,301.43,301.94,375.52,376.05,363.31,269.85,334.57,358.85,287.5,340.67,232.24,357.48,297.69,353.91,305.35,346.89,348.61,313.36,346.33,322.66,280.6,298.84,373.01,300.04,288.63,452.1,404.33,421.69,293.53,382.97,509.77,467.43,371.2,281.34,344.79,436.74,320.58,380.29,345.54,290.53,414.71,354.01,423.03,442.92,377.27,455.33,450.58,446.81,339.97,388.81,439.4,528.06,288.09,555.39,504.83,463.6,351.97,507.52,396.94,338.74,683.32,391.21,430.29,406.88,404.91,372.47,295.0,363.85,433.5,303.65,514.03,349.69,356.06,430.75,504.65,285.03,322.26,411.52,285.59,153.46,344.64,402.75,345.7,528.85,401.52,216.71,307.46,226.27,242.19,296.85,303.63,247.96,330.03,315.93,248.25,296.76,266.31,314.84,217.18,288.5,275.25,268.68,246.71,237.83,329.51,237.31,350.17,388.42,270.46,310.8,258.99,341.93,303.9,243.93,338.63,347.41,307.36,316.75,305.66,336.99,349.88,291.85,524.64,250.32,273.3,285.71,287.58,261.5,303.28,295.69,374.72,288.1,271.88,275.02,346.84,291.05,206.55,235.78,279.52,369.62,279.76,244.44,292.37,259.95,292.79,289.3,263.5,277.67,291.55,293.51,230.8,306.21,232.26,315.18,234.73,244.64,203.53,286.31,291.66,183.67,291.75,235.42,188.39,273.58,200.85,237.74,286.73,201.41,256.3,271.79,205.42,271.57,261.89,241.31,192.75,255.22,219.38,258.34,249.48,170.18,294.7,296.98,216.41,174.28,210.97,283.87,254.75,256.85,238.69,155.51,161.04,204.45,252.0,257.26,227.85,234.4,215.56,195.17,175.25,183.63,231.35,207.65,259.06,219.88,0.00073486,0.0010165,0.0010814,0.0011692,0.0010922,0.00084004,0.0012143,0.00096128,0.0014052,0.0010888,0.0014732,0.0016721,0.0010069,0.0013507,0.0011134,0.0018115,0.0013109,0.0015062,0.0015356,0.0010947,0.0021124,0.0016018,0.0012795,0.0017225,0.0014052,0.0019454,0.0016147,0.0019584,0.0013862,0.0018059,0.0015083,0.0014844,0.0010291,0.0014598,0.0017712,0.0022992,0.0017654,0.0011874,0.0021103,0.0022139,0.0017399,0.0011389,0.0018528,0.0015769,0.0018747,0.0018217,0.0021326,0.0019412,0.0023669,0.0018328,0.0014545,0.0018381,0.002577,0.0020943,0.0024485,0.0020069,0.0021387,0.0014648,0.001635,0.0027804,0.0024515,0.0022981,0.0021961,0.0013487,0.0022106,0.0017434,0.0015743,0.0017242,0.0023119,0.0017593,0.0019809,0.0018781,0.0021784,0.0022101,0.0013585,0.0019635,0.0019161,0.002343,0.0023605,0.0023002,0.0014611,0.00229,0.0023345,0.001785,0.001465,0.0017481,0.0015689,0.0019482,0.0021272,0.0019983,0.0021675,0.0020019,0.0015996,0.002201,0.0016638,0.0019096,0.0018674,0.00237,0.0016196,0.0018738,0.0023059,0.0024429,0.0025287,0.0017596,0.0023489,0.0024693,0.002728,0.0023405,0.0019248,0.0021052,0.0026239,0.0021421,0.0018057,0.0020824,0.001939,0.0025041,0.0021307,0.0023951,0.0024152,0.0018558,0.0020883,0.0026048,0.0020922,0.0022448,0.002139,0.0020582,0.0029158,0.0019949,0.0026314,0.0028537,0.0028192,0.0020955,0.0027153,0.0016078,0.0021839,0.0033498,0.0022758,0.0022111,0.0024232,0.0021689,0.0022466,0.0018879,0.0020763,0.002579,0.002101,0.0024726,0.0021386,0.0016043,0.002096,0.0026022,0.0018678,0.0020943,0.0022649,0.0018593,0.001222,0.001987,0.0023561,0.0021255,0.0024232,0.0020064,0.0013989,0.0019143,0.0015828,0.0016805,0.001698,0.0018419,0.0017707,0.0020404,0.0019669,0.001751,0.0019694,0.0015853,0.0019712,0.001557,0.0018673,0.0017334,0.0018341,0.0015796,0.0015018,0.0019235,0.001535,0.0020663,0.0022536,0.0016383,0.0019658,0.0018143,0.0021474,0.001874,0.0016839,0.001977,0.0017101,0.0019909,0.0019928,0.001912,0.0022536,0.0021028,0.0018875,0.0018354,0.0016992,0.0016817,0.0017998,0.0018654,0.0017254,0.0019224,0.001765,0.0023989,0.0016588,0.0018503,0.0017145,0.001892,0.0017921,0.0014427,0.0016018,0.0016896,0.0022187,0.001791,0.0016462,0.0016679,0.001612,0.0018363,0.0018569,0.001652,0.0017093,0.0017914,0.0018121,0.0015494,0.0018869,0.0015487,0.0018664,0.0015526,0.0014066,0.0013374,0.00159,0.0018708,0.0012707,0.0017426,0.0013778,0.0014957,0.0016984,0.0013208,0.0015293,0.0017408,0.0014433,0.0015133,0.0015965,0.0012101,0.0016336,0.001506,0.0015247,0.0012659,0.0016087,0.0013595,0.0015961,0.0014373,0.00097307,0.0015892,0.0017013,0.0012022,0.001197,0.0011554,0.0015486,0.0015446,0.0015201,0.0010805,0.00096619,0.00096808,0.00099862,0.0015071,0.0014952,0.0010539,0.0012986,0.0010402,0.0010351,0.000878,0.00083173,0.0011201,0.0011115,0.0013985,0.0012156,1074300.0,1105700.0,792270.0,4276700.0,2284500.0,1150800.0,5856800.0,1513400.0,1879800.0,3242500.0,2966100.0,734830.0,5652900.0,1298400.0,4052200.0,2459600.0,5070500.0,4091400.0,1340500.0,3371900.0,2502600.0,3347400.0,11704000.0,958350.0,6311800.0,749460.0,9101500.0,1591900.0,1841400.0,815570.0,3232100.0,1680500.0,5814300.0,23940000.0,2520900.0,2724900.0,4347000.0,1235900.0,1513400.0,1646200.0,2062700.0,1057700.0,2058300.0,1019200.0,7475600.0,2433400.0,1825600.0,1494000.0,2274900.0,15971000.0,952090.0,7278300.0,3995200.0,706940.0,3910700.0,1079100.0,2657700.0,17679000.0,32102000.0,2373200.0,1720700.0,1532600.0,2840700.0,1036400.0,1926200.0,3409900.0,803840.0,2871900.0,1940600.0,3915400.0,2755300.0,1446400.0,1119200.0,15048000.0,5077600.0,1340600.0,3613400.0,1673300.0,965090.0,2573300.0,3702600.0,1313000.0,893150.0,2116300.0,873820.0,1861100.0,2850800.0,4950200.0,4191200.0,2338500.0,5694300.0,1300700.0,9352900.0,4677300.0,1017700.0,1694700.0,903640.0,1769700.0,3509900.0,9918500.0,1730700.0,16523000.0,1417300.0,9919600.0,1633600.0,3256300.0,1272900.0,1628100.0,12535000.0,5115100.0,2157200.0,3869300.0,2389200.0,1225800.0,656170.0,3373000.0,11659000.0,2413800.0,1291100.0,778800.0,1922000.0,735100.0,1193700.0,2218700.0,8786700.0,4156700.0,2627900.0,3087700.0,2361300.0,1498700.0,773560.0,10411000.0,2404500.0,3548600.0,2073400.0,1371700.0,1031900.0,2014200.0,1052000.0,2853800.0,3921600.0,1159600.0,1477000.0,2103000.0,1521000.0,2210500.0,2422200.0,877170.0,6912100.0,1513500.0,9390500.0,6180200.0,809830.0,10291000.0,814480.0,1274500.0,19279000.0,683650.0,12167000.0,721740.0,5575100.0,3693400.0,3817200.0,2647300.0,5252900.0,4116200.0,4227600.0,964530.0,4135000.0,1638700.0,6369200.0,1506700.0,7610900.0,1080700.0,744550.0,4005200.0,2996600.0,1988300.0,8411500.0,2288700.0,948280.0,1205600.0,3671000.0,3568300.0,1940100.0,1475700.0,747540.0,6807100.0,5275200.0,2336700.0,637470.0,17726000.0,3323000.0,5257900.0,1142200.0,18258000.0,5431600.0,1100100.0,8580600.0,1353300.0,1434500.0,3992400.0,5297000.0,799330.0,1639500.0,973680.0,1778500.0,1568200.0,1456500.0,7851700.0,2342100.0,1425100.0,12280000.0,2793800.0,1238000.0,1263500.0,3260300.0,951930.0,4669600.0,1133200.0,1854600.0,8075300.0,4435100.0,696550.0,1421900.0,10018000.0,5258300.0,5069200.0,15394000.0,3001700.0,1931800.0,2342400.0,2994600.0,3189800.0,1882600.0,1749500.0,2275100.0,1499400.0,7215800.0,652060.0,3656200.0,8296200.0,8910100.0,1863600.0,5378600.0,4029700.0,5011000.0,864140.0,1139900.0,5361500.0,1551600.0,6587500.0,3485200.0,7122400.0,1970700.0,1638700.0,1591200.0,1087700.0,1106100.0,2208100.0,945990.0,5091800.0,3371700.0,4404800.0,3356800.0,2894200.0,2745600.0,15584000.0,14989000.0,6042000.0,4601000.0,2807600.0,6148400.0,3762100.0,1781300.0,2740300.0,1353800.0,4824200.0,3044800.0,1.5466,1.8591,4.1664,2.2423,2.4811,3.6644,1.2754,2.2405,4.2238,1.1937,1.9815,4.2107,2.4583,2.6633,4.3252,0.74529,2.0664,4.2251,1.7009,2.5309,3.8737,3.0968,2.8426,5.8667,1.1773,2.0266,4.1893,1.6984,1.7119,4.2407,1.2975,2.2914,4.2915,0.69097,2.026,4.2112,2.898,2.8417,4.669,5.5252,2.7372,1.3469,1.2627,2.8067,3.6348,0.81288,2.1627,2.9945,2.6031,2.1966,4.5939,1.4602,1.675,3.8893,0.76306,2.7077,3.9142,1.8759,1.8453,3.5468,1.2135,2.3789,3.259,0.38325,2.2942,3.4631,1.8667,1.6221,3.4134,2.0656,2.6488,4.2085,1.9237,1.6309,3.3718,1.6638,1.6266,3.9871,0.33346,2.1971,3.116,2.1229,2.4414,4.5472,1.5016,1.7052,3.2869,0.93616,1.9637,2.7528,3.2718,2.8338,6.0412,1.9394,1.8282,3.522,0.85314,2.7365,2.916,1.6743,2.5967,4.0061,0.76309,1.8989,2.7347,1.0974,2.4131,3.1429,1.9364,1.9297,4.489,1.858,1.6487,3.8993,0.64178,2.1333,3.9514,1.4337,2.5627,3.9407,0.97774,2.1674,3.1576,2.6545,2.3865,4.4069,2.0086,2.2103,4.7292,1.5509,1.6276,3.9285,1.8899,2.036,4.4783,1.5064,2.2146,3.225,0.81786,2.2587,2.9812,2.4428,2.5106,4.3708,2.0331,2.4834,4.8181,1.9399,2.62,4.7887,2.6159,2.3849,4.3919,1.2676,2.5315,3.872,1.892,2.3486,4.4153,2.6626,2.9688,4.467,0.69895,2.3624,2.7018,1.3458,2.0107,4.6136,1.8508,2.9919,3.6801,0.23624,2.3698,3.3703,1.7064,1.6144,4.0815,0.85035,2.2331,3.0672,2.2804,2.3022,4.7183,0.47448,2.3905,3.1289,0.71326,2.2633,3.1257,0.015242,2.8991,1.7136,2.0657,2.2336,4.6728,2.5226,2.4563,4.3203,2.2723,2.3155,5.1443,1.9116,2.6303,4.1089,1.1194,1.8128,4.0722,4.5053,2.7919,0.72751,0.75899,2.1962,2.9606,1.488,2.1432,4.2936,1.1843,2.2769,3.5626,1.9943,2.6168,4.2588,1.6235,1.5787,4.1433,1.1711,2.513,3.1359,0.72795,2.5301,3.7351,2.2556,1.8153,3.6765,1.386,2.54,3.4824,1.3605,2.5996,3.5151,1.3892,1.63,4.2613,1.9359,2.6281,4.4363,2.0972,2.6084,4.6446,3.3065,2.8436,6.1409,1.7825,1.6019,4.2002,1.9226,1.9238,3.3679,2.5259,2.9348,5.3954,1.1879,2.5793,3.0428,2.6816,2.3796,5.0024,1.023,2.7163,4.2499,1.4298,2.498,3.5599,0.98299,1.9563,4.1715,1.7808,1.6371,4.0575,1.9806,1.9361,3.3943,6.0458,2.8983,2.8647,2.9901,2.2181,4.6717,1.5543,1.9162,4.4125,1.1598,2.5447,3.3587,1.4378,2.4693,3.4008,1.7137,1.8723,3.6579,2.054,2.4608,4.1153,1.0886,2.3877,3.2553,2.5102,1.8451,5.3419,0.99971,2.5852,3.2714,1.3439,2.561,3.3116,0.24349,3.0508,3.1978,0.66854,1.9434,2.7487,1.658,1.9425,4.6334,1.5338,1.7914,4.2184,5.2097,2.7488,1.5853,0.90239,2.2369,2.96,0.97299,2.7384,4.2451,2.3748,2.4124,3.7096,2.9431,2.2938,4.9702,3.1106,2.5708,4.6273,2.1004,2.3854,4.6199,2.1818,2.2303,4.1717,0.71304,2.2714,3.3328,0.66331,2.4193,3.0529,0.58692,2.2757,3.8951,2.4634,2.4407,4.5728,0.6944,2.458,2.8517,1.289,1.5643,4.3665,1.5884,1.9148,3.5524,0.39749,2.6659,2.2172,3.4184,2.908,0.27174,0.84451,2.2582,3.0649,1.625,1.6659,4.173,1.6805,1.9179,3.3009,0.80757,2.344,2.9025,2.2505,2.2653,4.9432,1.3542,2.5824,3.245,1.298,2.224,3.6912,0.35884,2.0703,3.3351,1.7278,1.888,3.4405,2.6375,2.013,4.1337,2.0352,2.152,4.9569,1.4063,1.6969,3.8577,0.77016,2.063,2.8395,2.0882,2.1088,5.0918,2.1546,2.2989,4.5825,1.5078,2.474,4.0356,3.9936,2.8118,6.1905,1.8019,2.5108,3.9748,0.59328,2.0017,4.169,1.1765,2.6134,4.2271,3.2712,2.7706,6.0881,1.705,1.5673,3.2775,0.2846,2.3957,3.4363,4.8216,3.0018,0.6536,0.4324,2.8314,3.3565,1.1418,2.5513,3.1124,2.2586,2.1831,5.0342,1.6845,2.0492,4.4633,1.655,1.62,3.3993,1.9135,2.9544,3.4448,0.75052,2.3167,2.9271,0.78973,2.3587,3.0187,0.21885,2.6706,3.3493,1.9914,2.4614,4.2872,0.67589,2.3962,2.8046,1.0205,2.3805,3.5803,1.2944,1.7565,4.3315,0.22984,2.3566,3.5032,1.6905,1.5965,3.2748,0.85999,2.2892,2.8741,2.9132,2.8518,6.044,1.6611,2.505,3.952,2.0311,2.2505,4.6086,2.1434,2.6396,5.0454,1.575,1.9536,3.8026,1.437,1.7548,3.7641,2.3044,2.1446,4.9813,1.4887,2.5603,3.9231,0.45536,2.9916,2.0956,4.4321,2.8802,0.2609,1.3341,2.8512,4.1698,1.8499,1.9857,3.8919,1.141,2.6738,2.7291,0.047001,2.7695,2.817,1.08,2.9187,4.1969,0.47222,2.4204,2.6209,0.85975,2.0912,2.8313,0.55693,2.4893,3.4287,1.8381,2.2426,4.3483,1.0547,2.8288,4.2185,0.71789,2.0681,2.9296,2.123,1.8341,3.6948,1.4291,1.8892,3.7275,2.2273,2.5702,4.6973,1.5578,1.5749,4.2002,1.2621,2.1349,3.2448,0.75881,2.1123,2.9901,0.73539,2.2466,2.6414,1.7985,2.3926,4.1914,2.2136,2.5564,4.8973,0.59428,2.0769,2.9231,1.7341,1.8091,3.2911,0.89878,2.9743,2.623,0.52452,2.5328,2.5859,3.2613,2.7197,6.2136,6.2683,2.871,2.7154,4.0759,2.8712,6.0386,2.415,2.2157,3.7284,1.5034,3.0567,4.542,1.2333,2.4498,3.5045,6.035,3.11,2.7555,2.3741,2.1672,3.7305,1.3248,1.8446,3.7126,2.375,2.3295,4.6493,2.5913,2.7398,4.2737,1.2545,2.7174,4.3089,1.6505,1.9286,3.8019,1.2224,2.7388,3.7914,2.321,2.3277,4.9072,1.3606,2.5928,3.3657,2.1444,2.3142,4.0516,0.8176,1.9798,3.3908,2.4213,2.2971,3.8135,2.335,2.3334,3.7234,2.311,2.0137,5.0943,2.6075,2.2918,4.8315,2.4088,2.2415,3.789,1.4527,1.6155,3.9305,2.3104,2.569,4.9047,1.716,1.9434,3.8487,0.82203,2.11,4.1416,1.57,1.8484,4.3533,2.2917,2.5301,4.951,1.445,2.401,3.2529,5.8248,2.8063,2.1048,1.863,1.7473,3.5299,1.9237,2.8857,4.142,2.1297,2.0005,4.8427,1.1942,2.6325,4.3824,2.0276,2.1608,4.9561,1.6597,1.7767,3.925,1.6398,1.9951,3.3173,1.1671,2.7241,3.7378,1.0519,2.8517,3.8234,1.5877,2.4987,3.9261,1.1666,2.6636,3.6784,1.7521,1.7412,4.0796,0.71636,2.4447,2.8186,1.8255,2.1477,4.422,0.1022,2.7771,3.0256,1.0309,1.951,4.3476,0.98448,2.2744,3.0886,1.578,2.4082,4.5583,1.0088,2.0781,2.8305,0.8072,2.0084,2.6802,1.7008,1.7567,3.9325,0.85772,2.4358,2.9351,1.3024,1.5791,3.841,2.771,2.6132,4.6102,1.0401,2.2491,3.6378,1.1816,2.7165,3.6927,2.0104,2.0002,4.4756,0.99845,1.9601,4.2383,1.9155,1.6454,3.4338,1.7326,2.5028,3.9686,2.2712,2.5313,4.8706,2.0495,2.3516,3.5885,1.2038,3.0543,3.4622,1.3926,1.4451,4.2565,0.71875,2.9757,3.6568,1.653,1.7196,4.244,0.80963,1.9994,2.7167,0.53286,2.2243,4.0625,2.5873,2.5994,4.525,2.0223,2.1005,3.4533,1.3722,2.8769,3.5309,1.088,2.2346,3.6128,2.5411,2.0458,4.4826,1.5051,1.7368,4.4195,1.5918,2.5856,3.5652,2.0739,2.2902,4.0617,2.7146,2.2945,4.9607,0.44901,2.4958,2.9278
0.22271,0.35313,0.0078956,261.52,299.73,198.59,0.0014859,0.0017786,0.0010037,204.22,225.34,242.9,223.58,227.44,177.76,233.42,227.1,271.92,231.29,279.39,303.72,203.43,251.18,229.53,310.47,225.42,267.98,241.66,176.96,364.97,242.92,204.08,248.34,206.09,298.1,279.71,342.67,185.18,271.99,244.7,239.45,144.06,263.82,292.52,383.0,285.84,199.63,351.19,383.08,306.26,202.43,293.7,208.58,309.24,295.74,343.81,346.05,399.0,305.87,299.53,293.5,436.67,386.21,418.23,317.37,364.97,332.2,244.3,467.05,418.82,387.82,365.76,208.15,327.12,264.52,267.76,232.39,373.75,279.9,309.45,274.27,372.45,369.41,306.52,301.76,302.05,375.94,376.46,363.76,270.53,335.14,359.3,287.55,341.61,232.54,358.25,298.04,354.29,305.66,347.41,349.31,313.81,346.71,323.23,280.89,299.29,373.52,300.9,289.09,453.01,404.77,422.61,294.09,383.49,510.59,467.89,371.88,281.81,345.13,437.21,320.97,381.72,346.24,290.81,415.28,354.66,424.03,443.71,377.72,456.77,451.14,448.07,340.48,389.48,440.3,529.11,288.51,556.51,505.44,464.39,352.56,508.31,398.94,339.28,684.36,391.8,431.17,407.42,405.62,372.94,295.46,364.29,434.1,304.04,514.89,349.91,356.71,431.74,505.47,285.38,322.68,412.06,286.09,153.56,345.26,403.29,345.98,529.8,401.84,216.86,307.78,226.47,242.45,297.37,303.91,248.23,330.25,316.31,248.38,297.0,266.58,315.2,217.49,288.72,275.41,268.91,246.95,238.03,329.67,237.58,350.55,388.76,270.65,311.25,259.21,342.28,304.24,244.11,339.01,347.78,307.69,317.02,305.94,337.44,350.18,292.16,525.38,250.61,273.5,286.02,287.86,261.62,303.53,296.02,375.3,288.49,272.15,275.2,347.26,291.35,206.69,235.93,279.72,370.01,280.13,244.7,292.52,260.11,293.0,289.51,263.76,277.86,291.68,293.63,230.95,306.56,232.38,315.46,234.94,244.81,203.7,286.55,291.89,183.75,291.91,235.61,188.5,273.75,201.01,237.92,286.92,201.55,256.4,271.93,205.49,271.76,262.07,241.48,192.87,255.41,219.53,258.49,249.65,170.28,294.81,297.15,216.54,174.34,211.1,284.06,254.95,256.95,238.77,155.57,161.12,204.55,252.17,257.36,227.9,234.5,215.64,195.27,175.35,183.71,231.46,207.72,259.23,219.98,0.00073491,0.0010167,0.001082,0.0011697,0.0010929,0.00084076,0.0012141,0.00096165,0.001406,0.0010893,0.0014744,0.0016741,0.0010074,0.0013521,0.001114,0.0018132,0.0013114,0.0015073,0.0015373,0.0010954,0.0021142,0.0016024,0.00128,0.001723,0.0014054,0.0019469,0.0016162,0.0019601,0.0013873,0.0018065,0.0015091,0.001486,0.0010297,0.0014616,0.0017725,0.0023008,0.0017666,0.0011887,0.0021126,0.0022162,0.0017419,0.00114,0.0018556,0.0015777,0.0018764,0.0018234,0.0021344,0.0019436,0.0023695,0.0018346,0.0014565,0.0018399,0.0025806,0.0020964,0.0024517,0.0020092,0.0021415,0.0014692,0.0016369,0.0027837,0.0024542,0.0023004,0.0021989,0.0013501,0.0022125,0.0017451,0.001577,0.001726,0.0023152,0.0017624,0.0019842,0.0018796,0.0021809,0.0022134,0.0013629,0.0019653,0.0019173,0.0023455,0.0023634,0.002303,0.0014644,0.0022932,0.0023374,0.0017859,0.0014694,0.0017497,0.001572,0.0019501,0.0021295,0.0020005,0.0021703,0.0020058,0.0016019,0.0022034,0.0016666,0.0019113,0.0018697,0.0023729,0.0016235,0.0018766,0.0023104,0.0024455,0.0025333,0.0017629,0.0023515,0.0024741,0.0027309,0.0023443,0.0019278,0.0021075,0.0026268,0.0021444,0.0018123,0.0020861,0.0019413,0.0025072,0.0021341,0.0024004,0.0024195,0.0018589,0.002093,0.0026084,0.0020991,0.0022478,0.0021423,0.0020632,0.0029217,0.0019978,0.002637,0.0028575,0.0028237,0.0020988,0.0027196,0.0016163,0.0021872,0.0033551,0.002279,0.0022163,0.0024266,0.0021729,0.0022496,0.0018905,0.0020793,0.0025825,0.0021036,0.0024772,0.0021405,0.0016077,0.0021013,0.0026065,0.0018703,0.0020966,0.0022684,0.0018623,0.0012231,0.0019903,0.0023591,0.0021271,0.0024283,0.0020077,0.0013998,0.0019162,0.0015841,0.0016821,0.0017007,0.0018438,0.0017726,0.0020418,0.0019689,0.0017521,0.001971,0.0015869,0.0019731,0.0015586,0.0018689,0.0017343,0.0018354,0.0015809,0.001503,0.0019248,0.0015365,0.0020684,0.0022554,0.0016393,0.001968,0.0018158,0.0021499,0.001876,0.0016852,0.0019792,0.0017124,0.0019928,0.0019947,0.0019137,0.0022561,0.0021046,0.0018894,0.0018388,0.001701,0.0016827,0.0018016,0.0018672,0.0017262,0.0019237,0.001767,0.0024017,0.0016607,0.0018519,0.0017158,0.0018943,0.0017939,0.0014437,0.0016027,0.0016908,0.0022211,0.0017932,0.0016477,0.0016688,0.0016129,0.0018373,0.0018584,0.0016534,0.0017105,0.0017927,0.0018129,0.0015504,0.001889,0.0015495,0.001868,0.0015538,0.0014076,0.0013383,0.0015914,0.0018723,0.0012712,0.0017436,0.0013788,0.0014966,0.0016995,0.0013218,0.0015304,0.001742,0.0014444,0.0015138,0.0015972,0.0012107,0.0016348,0.0015069,0.0015258,0.0012666,0.00161,0.0013605,0.001597,0.0014382,0.00097366,0.0015899,0.0017024,0.001203,0.0011975,0.0011562,0.0015496,0.0015457,0.0015206,0.0010809,0.00096663,0.00096859,0.00099917,0.0015081,0.0014958,0.0010542,0.0012992,0.0010406,0.0010356,0.00087852,0.00083218,0.0011206,0.001112,0.0013994,0.0012162,1074300.0,1105700.0,792270.0,4276700.0,2284500.0,1150800.0,5856800.0,1513400.0,1879800.0,3242500.0,2966100.0,734830.0,5652900.0,1298400.0,4052200.0,2459600.0,5070500.0,4091400.0,1340500.0,3371900.0,2502600.0,3347400.0,11704000.0,958350.0,6311800.0,749460.0,9101500.0,1591900.0,1841400.0,815570.0,3232100.0,1680500.0,5814300.0,23940000.0,2520900.0,2724900.0,4347000.0,1235900.0,1513400.0,1646200.0,2062700.0,1057700.0,2058300.0,1019200.0,7475600.0,2433400.0,1825600.0,1494000.0,2274900.0,15971000.0,952090.0,7278300.0,3995200.0,706940.0,3910700.0,1079100.0,2657700.0,17679000.0,32102000.0,2373200.0,1720700.0,1532600.0,2840700.0,1036400.0,1926200.0,3409900.0,803840.0,2871900.0,1940600.0,3915400.0,2755300.0,1446400.0,1119200.0,15048000.0,5077600.0,1340600.0,3613400.0,1673300.0,965090.0,2573300.0,3702600.0,1313000.0,893150.0,2116300.0,873820.0,1861100.0,2850800.0,4950200.0,4191200.0,2338500.0,5694300.0,1300700.0,9352900.0,4677300.0,1017700.0,1694700.0,903640.0,1769700.0,3509900.0,9918500.0,1730700.0,16523000.0,1417300.0,9919600.0,1633600.0,3256300.0,1272900.0,1628100.0,12535000.0,5115100.0,2157200.0,3869300.0,2389200.0,1225800.0,656170.0,3373000.0,11659000.0,2413800.0,1291100.0,778800.0,1922000.0,735100.0,1193700.0,2218700.0,8786700.0,4156700.0,2627900.0,3087700.0,2361300.0,1498700.0,773560.0,10411000.0,2404500.0,3548600.0,2073400.0,1371700.0,1031900.0,2014200.0,1052000.0,2853800.0,3921600.0,1159600.0,1477000.0,2103000.0,1521000.0,2210500.0,2422200.0,877170.0,6912100.0,1513500.0,9390500.0,6180200.0,809830.0,10291000.0,814480.0,1274500.0,19279000.0,683650.0,12167000.0,721740.0,5575100.0,3693400.0,3817200.0,2647300.0,5252900.0,4116200.0,4227600.0,964530.0,4135000.0,1638700.0,6369200.0,1506700.0,7610900.0,1080700.0,744550.0,4005200.0,2996600.0,1988300.0,8411500.0,2288700.0,948280.0,1205600.0,3671000.0,3568300.0,1940100.0,1475700.0,747540.0,6807100.0,5275200.0,2336700.0,637470.0,17726000.0,3323000.0,5257900.0,1142200.0,18258000.0,5431600.0,1100100.0,8580600.0,1353300.0,1434500.0,3992400.0,5297000.0,799330.0,1639500.0,973680.0,1778500.0,1568200.0,1456500.0,7851700.0,2342100.0,1425100.0,12280000.0,2793800.0,1238000.0,1263500.0,3260300.0,951930.0,4669600.0,1133200.0,1854600.0,8075300.0,4435100.0,696550.0,1421900.0,10018000.0,5258300.0,5069200.0,15394000.0,3001700.0,1931800.0,2342400.0,2994600.0,3189800.0,1882600.0,1749500.0,2275100.0,1499400.0,7215800.0,652060.0,3656200.0,8296200.0,8910100.0,1863600.0,5378600.0,4029700.0,5011000.0,864140.0,1139900.0,5361500.0,1551600.0,6587500.0,3485200.0,7122400.0,1970700.0,1638700.0,1591200.0,1087700.0,1106100.0,2208100.0,945990.0,5091800.0,3371700.0,4404800.0,3356800.0,2894200.0,2745600.0,15584000.0,14989000.0,6042000.0,4601000.0,2807600.0,6148400.0,3762100.0,1781300.0,2740300.0,1353800.0,4824200.0,3044800.0,1.5467,1.8591,4.1664,2.2423,2.4811,3.6644,1.2754,2.2405,4.2238,1.1936,1.9815,4.2107,2.4581,2.6633,4.3252,0.74507,2.0664,4.2252,1.7012,2.5309,3.8736,3.0969,2.8426,5.8667,1.1771,2.0266,4.1892,1.6983,1.7118,4.2407,1.2976,2.2916,4.2917,0.69054,2.0259,4.2112,2.8979,2.8417,4.6692,5.5247,2.7371,1.3466,1.2628,2.8066,3.6349,0.81256,2.1628,2.9944,2.6033,2.1968,4.5942,1.4601,1.675,3.8893,0.7635,2.7079,3.9144,1.8756,1.8455,3.5469,1.2136,2.3788,3.2592,0.38339,2.2942,3.4628,1.8668,1.622,3.4134,2.0657,2.6486,4.2084,1.9239,1.6309,3.3718,1.664,1.6265,3.9872,0.3334,2.1972,3.1159,2.123,2.4414,4.5474,1.5016,1.7052,3.2871,0.93645,1.9638,2.7528,3.272,2.8338,6.0415,1.9394,1.8283,3.5221,0.85288,2.7366,2.9161,1.674,2.5967,4.0061,0.76327,1.8988,2.7347,1.0972,2.413,3.143,1.9363,1.9297,4.489,1.8584,1.6486,3.8993,0.64193,2.1331,3.9519,1.4342,2.5628,3.9411,0.97761,2.1675,3.1574,2.6549,2.3867,4.4072,2.0086,2.2102,4.7292,1.5509,1.6275,3.9285,1.8899,2.0363,4.4783,1.5065,2.2147,3.2249,0.81778,2.2588,2.9809,2.4427,2.5109,4.3708,2.0334,2.4831,4.818,1.9399,2.6199,4.7885,2.6161,2.3851,4.3922,1.2675,2.5316,3.872,1.8925,2.3489,4.4156,2.6643,2.9686,4.4682,0.69933,2.3623,2.7022,1.3454,2.0106,4.6137,1.8509,2.9918,3.6798,0.23599,2.3698,3.3703,1.7065,1.6144,4.0815,0.85069,2.2333,3.0673,2.2807,2.3022,4.7184,0.47388,2.3903,3.129,0.71283,2.2634,3.1255,0.015256,2.8991,1.7132,2.0662,2.2339,4.6731,2.5226,2.4567,4.3205,2.2721,2.3156,5.1443,1.9115,2.6301,4.1086,1.1194,1.8126,4.0725,4.5053,2.7917,0.72788,0.75894,2.1963,2.9605,1.4883,2.1434,4.2936,1.1846,2.2774,3.5627,1.9941,2.6166,4.2586,1.6235,1.5788,4.1433,1.1711,2.5129,3.136,0.72787,2.5304,3.7351,2.2559,1.8153,3.6764,1.386,2.54,3.4824,1.3604,2.5996,3.515,1.3892,1.63,4.2612,1.936,2.6278,4.4362,2.0976,2.6081,4.6448,3.3061,2.8438,6.1409,1.783,1.6017,4.2003,1.923,1.9237,3.3677,2.5264,2.9345,5.3956,1.1878,2.5793,3.0427,2.6816,2.3795,5.0023,1.0234,2.7166,4.2503,1.4298,2.498,3.56,0.98323,1.9565,4.1718,1.7808,1.6372,4.0574,1.9807,1.9362,3.3943,6.0464,2.8983,2.865,2.9904,2.218,4.6717,1.5547,1.9161,4.4128,1.1601,2.5446,3.3587,1.4378,2.4693,3.4009,1.7139,1.8722,3.6579,2.0541,2.4608,4.1155,1.0887,2.3878,3.2554,2.5103,1.8447,5.3421,0.99976,2.585,3.2713,1.3436,2.561,3.3114,0.24343,3.0509,3.1978,0.66861,1.9437,2.7486,1.6579,1.9424,4.6337,1.534,1.7912,4.2185,5.2097,2.7485,1.5854,0.90256,2.2371,2.9602,0.97328,2.7387,4.2455,2.3747,2.4123,3.7096,2.9433,2.2939,4.9702,3.1109,2.5706,4.6275,2.1006,2.3853,4.6202,2.1818,2.2305,4.1718,0.71315,2.2715,3.3329,0.66352,2.4194,3.0528,0.58704,2.276,3.8952,2.4635,2.4407,4.5725,0.69414,2.4581,2.8513,1.2888,1.5642,4.3666,1.5884,1.9147,3.5527,0.39784,2.666,2.2176,3.4183,2.9079,0.27168,0.84442,2.2581,3.0648,1.625,1.6659,4.1731,1.6806,1.9181,3.3012,0.80789,2.3439,2.9027,2.2508,2.2651,4.9432,1.3544,2.5825,3.2453,1.2982,2.2242,3.6915,0.35898,2.0702,3.3356,1.7279,1.8879,3.4405,2.6375,2.0128,4.1339,2.035,2.1521,4.9568,1.4065,1.6969,3.8578,0.77014,2.0633,2.8398,2.0883,2.1087,5.092,2.1546,2.299,4.5827,1.5079,2.4742,4.0358,3.9931,2.8111,6.1901,1.8017,2.511,3.9746,0.59294,2.0019,4.1691,1.1762,2.6133,4.2269,3.271,2.7705,6.0883,1.705,1.5674,3.2775,0.28471,2.3958,3.4364,4.8211,3.0018,0.65314,0.43239,2.8315,3.3569,1.1416,2.5513,3.1127,2.2586,2.1831,5.0344,1.6848,2.0493,4.4635,1.655,1.62,3.3994,1.9142,2.9544,3.4453,0.75057,2.3166,2.9272,0.78965,2.3585,3.0187,0.21874,2.6707,3.3493,1.9915,2.4615,4.2872,0.67604,2.396,2.8046,1.0207,2.3808,3.5803,1.2946,1.7564,4.3316,0.2299,2.3567,3.5035,1.6905,1.5965,3.2748,0.86026,2.289,2.8742,2.9131,2.8518,6.0442,1.6606,2.5049,3.9519,2.0311,2.2506,4.6085,2.1429,2.6395,5.0451,1.5748,1.9536,3.8025,1.4372,1.7546,3.7642,2.3045,2.1446,4.9812,1.4887,2.5602,3.9229,0.45519,2.9914,2.0953,4.4319,2.88,0.26086,1.334,2.8513,4.1696,1.8497,1.9857,3.8919,1.1406,2.6738,2.7288,0.046519,2.7694,2.8169,1.0802,2.9188,4.197,0.47222,2.4202,2.621,0.85975,2.0914,2.8312,0.55714,2.4893,3.4289,1.8385,2.2428,4.3484,1.0544,2.8289,4.2184,0.71811,2.0683,2.9294,2.1231,1.834,3.6946,1.4292,1.8893,3.7276,2.2269,2.5699,4.6968,1.5581,1.5748,4.2003,1.262,2.1349,3.2449,0.75908,2.1125,2.99,0.73534,2.2464,2.6414,1.7986,2.3927,4.1915,2.2134,2.5561,4.8972,0.59428,2.0769,2.9229,1.7341,1.8092,3.2911,0.89909,2.9742,2.6231,0.52438,2.5329,2.5859,3.2615,2.7196,6.2139,6.2687,2.871,2.7159,4.0753,2.871,6.0378,2.4151,2.2153,3.7284,1.5037,3.0566,4.5427,1.2332,2.4498,3.5047,6.0329,3.1101,2.754,2.3741,2.167,3.7304,1.3249,1.8446,3.7126,2.3748,2.3295,4.6495,2.5911,2.74,4.274,1.2545,2.7175,4.3088,1.6502,1.9285,3.8018,1.2226,2.7386,3.7917,2.3208,2.3276,4.907,1.3602,2.5927,3.3657,2.1443,2.3144,4.0514,0.8176,1.9799,3.3908,2.4212,2.2968,3.8136,2.3349,2.3333,3.7233,2.3112,2.0138,5.0945,2.6073,2.2918,4.8315,2.4089,2.2415,3.7889,1.4528,1.6155,3.9306,2.3101,2.5687,4.9046,1.7157,1.9434,3.8486,0.82207,2.1099,4.1417,1.5698,1.8484,4.3535,2.2915,2.5297,4.951,1.445,2.4011,3.2529,5.8246,2.8061,2.1046,1.863,1.7473,3.5299,1.9235,2.8854,4.1416,2.1298,2.0006,4.8428,1.1944,2.6326,4.3826,2.0279,2.1608,4.9562,1.6598,1.7766,3.9249,1.6399,1.995,3.3172,1.1673,2.7241,3.738,1.0521,2.8517,3.8234,1.588,2.4987,3.9262,1.1666,2.6634,3.6784,1.752,1.7411,4.0796,0.7161,2.4446,2.8187,1.8255,2.1478,4.4221,0.10218,2.777,3.0259,1.0307,1.951,4.3477,0.98451,2.2743,3.0886,1.5779,2.4082,4.5582,1.0089,2.0781,2.8305,0.80732,2.0084,2.6801,1.7009,1.7566,3.9324,0.85754,2.4358,2.9354,1.3023,1.5791,3.841,2.771,2.6132,4.6102,1.04,2.2494,3.6378,1.1816,2.7163,3.6927,2.0104,2.0003,4.4756,0.99829,1.9601,4.2383,1.9156,1.6454,3.4338,1.7328,2.5029,3.9686,2.2715,2.5312,4.8705,2.0493,2.3516,3.5884,1.2038,3.0542,3.4622,1.3925,1.4451,4.2565,0.71886,2.9757,3.6568,1.653,1.7195,4.244,0.80973,1.9994,2.7166,0.53264,2.2243,4.0626,2.5871,2.5994,4.525,2.0223,2.1005,3.4533,1.3721,2.8769,3.5308,1.088,2.2347,3.6127,2.5411,2.0459,4.4826,1.5051,1.7368,4.4195,1.5917,2.5855,3.5652,2.074,2.2902,4.0617,2.7146,2.2944,4.9606,0.44903,2.4958,2.9278
0.22342,0.35425,0.007915,261.84,300.23,198.62,0.0014877,0.0017814,0.0010039,204.2,225.37,243.13,223.68,227.67,177.89,233.33,227.16,272.07,231.43,279.69,304.21,203.55,251.51,229.67,310.93,225.51,268.21,242.01,177.07,365.43,242.98,204.14,248.33,206.09,298.43,280.05,343.1,185.36,272.04,244.89,239.8,144.17,264.29,292.8,383.43,286.1,199.89,351.78,383.68,306.66,202.74,294.44,208.68,309.62,296.12,344.18,346.56,399.61,306.25,300.06,293.92,437.62,386.65,419.0,317.89,365.56,333.47,244.84,467.79,419.6,388.36,366.44,208.54,327.56,264.86,268.4,232.72,374.48,280.68,310.26,274.67,372.96,370.28,308.01,302.25,302.22,376.49,377.09,364.42,271.46,335.96,359.91,287.62,342.94,232.93,359.35,298.5,354.84,306.12,348.14,350.36,314.43,347.23,324.02,281.26,299.89,374.29,302.09,289.73,454.3,405.4,424.0,294.89,384.21,511.79,468.59,372.88,282.5,345.62,437.89,321.53,383.79,347.25,291.21,416.11,355.56,425.49,444.86,378.36,458.9,451.99,449.87,341.23,390.42,441.62,530.65,289.12,558.08,506.32,465.55,353.42,509.48,401.8,340.04,685.87,392.69,432.38,408.22,406.65,373.61,296.11,364.91,434.94,304.62,516.13,350.25,357.69,433.18,506.66,285.89,323.25,412.83,286.81,153.71,346.13,404.08,346.37,531.16,402.3,217.05,308.22,226.75,242.81,298.12,304.31,248.59,330.54,316.85,248.57,297.34,266.96,315.72,217.91,289.04,275.62,269.23,247.29,238.3,329.92,237.93,351.08,389.23,270.9,311.86,259.5,342.76,304.69,244.38,339.55,348.28,308.15,317.41,306.35,338.08,350.59,292.6,526.5,251.01,273.78,286.48,288.28,261.77,303.88,296.49,376.12,289.02,272.51,275.47,347.85,291.77,206.89,236.14,280.0,370.56,280.62,245.04,292.74,260.34,293.27,289.78,264.12,278.1,291.86,293.8,231.15,307.03,232.53,315.84,235.21,245.03,203.93,286.88,292.18,183.85,292.13,235.87,188.64,273.96,201.2,238.15,287.18,201.73,256.51,272.1,205.58,271.99,262.28,241.69,193.0,255.65,219.72,258.69,249.86,170.39,294.95,297.34,216.68,174.39,211.26,284.29,255.21,257.08,238.86,155.64,161.21,204.65,252.37,257.48,227.95,234.62,215.71,195.37,175.47,183.79,231.58,207.79,259.45,220.09,0.00073472,0.0010167,0.0010827,0.0011702,0.0010939,0.00084151,0.0012135,0.00096192,0.001407,0.0010901,0.0014763,0.001677,0.0010079,0.0013541,0.0011146,0.0018158,0.0013119,0.0015088,0.0015398,0.0010962,0.0021165,0.0016027,0.0012804,0.0017232,0.0014052,0.001949,0.0016186,0.0019626,0.0013889,0.001807,0.0015103,0.0014884,0.0010302,0.0014641,0.001774,0.0023032,0.0017684,0.0011898,0.0021158,0.0022195,0.0017446,0.0011416,0.0018595,0.0015789,0.0018787,0.0018258,0.002137,0.0019471,0.0023731,0.0018371,0.0014594,0.0018426,0.0025857,0.0020996,0.0024563,0.0020121,0.0021457,0.0014754,0.0016391,0.0027886,0.002458,0.0023043,0.0022028,0.0013522,0.0022154,0.0017473,0.0015808,0.0017283,0.0023201,0.0017668,0.0019889,0.0018817,0.0021843,0.002218,0.0013694,0.0019681,0.0019191,0.002349,0.0023677,0.0023071,0.0014691,0.0022979,0.0023415,0.0017873,0.0014756,0.0017519,0.0015768,0.0019525,0.0021328,0.0020037,0.0021742,0.0020114,0.0016049,0.0022066,0.0016705,0.0019136,0.0018725,0.0023772,0.0016286,0.0018802,0.0023165,0.0024493,0.0025403,0.0017676,0.0023551,0.0024809,0.0027352,0.0023498,0.0019321,0.0021107,0.0026308,0.0021478,0.0018214,0.0020912,0.0019443,0.0025117,0.0021387,0.0024081,0.0024258,0.0018631,0.0021007,0.0026139,0.002109,0.0022522,0.002147,0.0020704,0.0029302,0.0020019,0.0026451,0.002863,0.0028302,0.0021034,0.0027259,0.0016285,0.0021918,0.0033633,0.0022839,0.0022239,0.0024315,0.0021787,0.0022539,0.0018941,0.0020834,0.0025873,0.0021074,0.0024837,0.0021433,0.0016127,0.0021088,0.0026126,0.0018737,0.0020998,0.0022732,0.0018664,0.0012246,0.001995,0.0023635,0.0021293,0.0024355,0.0020097,0.0014011,0.0019189,0.0015859,0.0016843,0.0017047,0.0018465,0.0017752,0.0020436,0.0019716,0.0017537,0.0019733,0.0015891,0.0019757,0.001561,0.0018712,0.0017355,0.0018372,0.0015826,0.0015047,0.0019267,0.0015386,0.0020712,0.0022581,0.0016403,0.0019711,0.0018178,0.0021534,0.0018787,0.001687,0.0019823,0.0017154,0.0019955,0.0019974,0.001916,0.0022597,0.002107,0.001892,0.001844,0.0017034,0.0016843,0.0018043,0.00187,0.0017273,0.0019255,0.0017698,0.0024057,0.0016633,0.0018542,0.0017176,0.0018975,0.0017964,0.0014451,0.0016041,0.0016926,0.0022244,0.0017962,0.0016498,0.0016702,0.0016141,0.0018388,0.0018603,0.0016554,0.0017121,0.0017945,0.001814,0.0015517,0.0018918,0.0015505,0.0018702,0.0015554,0.0014089,0.0013396,0.0015933,0.0018743,0.0012718,0.0017448,0.0013802,0.0014978,0.0017009,0.0013231,0.0015319,0.0017436,0.0014459,0.0015144,0.0015981,0.0012114,0.0016362,0.001508,0.0015271,0.0012674,0.0016115,0.0013618,0.0015981,0.0014394,0.00097429,0.0015909,0.0017038,0.0012038,0.0011979,0.001157,0.0015509,0.0015472,0.0015212,0.0010813,0.00096706,0.00096912,0.00099972,0.0015093,0.0014963,0.0010545,0.0012998,0.0010409,0.0010361,0.00087902,0.00083258,0.0011212,0.0011125,0.0014005,0.0012168,1074300.0,1105700.0,792270.0,4276700.0,2284500.0,1150800.0,5856800.0,1513400.0,1879800.0,3242500.0,2966100.0,734830.0,5652900.0,1298400.0,4052200.0,2459600.0,5070500.0,4091400.0,1340500.0,3371900.0,2502600.0,3347400.0,11704000.0,958350.0,6311800.0,749460.0,9101500.0,1591900.0,1841400.0,815570.0,3232100.0,1680500.0,5814300.0,23940000.0,2520900.0,2724900.0,4347000.0,1235900.0,1513400.0,1646200.0,2062700.0,1057700.0,2058300.0,1019200.0,7475600.0,2433400.0,1825600.0,1494000.0,2274900.0,15971000.0,952090.0,7278300.0,3995200.0,706940.0,3910700.0,1079100.0,2657700.0,17679000.0,32102000.0,2373200.0,1720700.0,1532600.0,2840700.0,1036400.0,1926200.0,3409900.0,803840.0,2871900.0,1940600.0,3915400.0,2755300.0,1446400.0,1119200.0,15048000.0,5077600.0,1340600.0,3613400.0,1673300.0,965090.0,2573300.0,3702600.0,1313000.0,893150.0,2116300.0,873820.0,1861100.0,2850800.0,4950200.0,4191200.0,2338500.0,5694300.0,1300700.0,9352900.0,4677300.0,1017700.0,1694700.0,903640.0,1769700.0,3509900.0,9918500.0,1730700.0,16523000.0,1417300.0,9919600.0,1633600.0,3256300.0,1272900.0,1628100.0,12535000.0,5115100.0,2157200.0,3869300.0,2389200.0,1225800.0,656170.0,3373000.0,11659000.0,2413800.0,1291100.0,778800.0,1922000.0,735100.0,1193700.0,2218700.0,8786700.0,4156700.0,2627900.0,3087700.0,2361300.0,1498700.0,773560.0,10411000.0,2404500.0,3548600.0,2073400.0,1371700.0,1031900.0,2014200.0,1052000.0,2853800.0,3921600.0,1159600.0,1477000.0,2103000.0,1521000.0,2210500.0,2422200.0,877170.0,6912100.0,1513500.0,9390500.0,6180200.0,809830.0,10291000.0,814480.0,1274500.0,19279000.0,683650.0,12167000.0,721740.0,5575100.0,3693400.0,3817200.0,2647300.0,5252900.0,4116200.0,4227600.0,964530.0,4135000.0,1638700.0,6369200.0,1506700.0,7610900.0,1080700.0,744550.0,4005200.0,2996600.0,1988300.0,8411500.0,2288700.0,948280.0,1205600.0,3671000.0,3568300.0,1940100.0,1475700.0,747540.0,6807100.0,5275200.0,2336700.0,637470.0,17726000.0,3323000.0,5257900.0,1142200.0,18258000.0,5431600.0,1100100.0,8580600.0,1353300.0,1434500.0,3992400.0,5297000.0,799330.0,1639500.0,973680.0,1778500.0,1568200.0,1456500.0,7851700.0,2342100.0,1425100.0,12280000.0,2793800.0,1238000.0,1263500.0,3260300.0,951930.0,4669600.0,1133200.0,1854600.0,8075300.0,4435100.0,696550.0,1421900.0,10018000.0,5258300.0,5069200.0,15394000.0,3001700.0,1931800.0,2342400.0,2994600.0,3189800.0,1882600.0,1749500.0,2275100.0,1499400.0,7215800.0,652060.0,3656200.0,8296200.0,8910100.0,1863600.0,5378600.0,4029700.0,5011000.0,864140.0,1139900.0,5361500.0,1551600.0,6587500.0,3485200.0,7122400.0,1970700.0,1638700.0,1591200.0,1087700.0,1106100.0,2208100.0,945990.0,5091800.0,3371700.0,4404800.0,3356800.0,2894200.0,2745600.0,15584000.0,14989000.0,6042000.0,4601000.0,2807600.0,6148400.0,3762100.0,1781300.0,2740300.0,1353800.0,4824200.0,3044800.0,1.5468,1.8591,4.1664,2.2423,2.4811,3.6644,1.2753,2.2405,4.2238,1.1935,1.9814,4.2106,2.4579,2.6633,4.3252,0.74474,2.0664,4.2253,1.7015,2.531,3.8736,3.097,2.8426,5.8667,1.177,2.0266,4.1891,1.698,1.7118,4.2406,1.2977,2.2918,4.2919,0.68989,2.0258,4.2113,2.8976,2.8417,4.6695,5.524,2.7369,1.3462,1.2629,2.8064,3.6349,0.81209,2.1628,2.9943,2.6036,2.1972,4.5946,1.4601,1.6749,3.8892,0.76416,2.7084,3.9149,1.8752,1.8457,3.5472,1.2138,2.3788,3.2595,0.38358,2.2942,3.4625,1.867,1.6219,3.4135,2.0659,2.6482,4.2083,1.9243,1.6308,3.3718,1.6643,1.6264,3.9874,0.3333,2.1973,3.1158,2.1232,2.4415,4.5478,1.5016,1.7052,3.2873,0.93689,1.964,2.7529,3.2724,2.8337,6.0418,1.9395,1.8285,3.5222,0.8525,2.7367,2.9162,1.6736,2.5967,4.0061,0.76353,1.8988,2.7346,1.0969,2.413,3.1431,1.9362,1.9298,4.489,1.8591,1.6486,3.8994,0.64216,2.1329,3.9526,1.4349,2.5629,3.9417,0.97741,2.1678,3.157,2.6554,2.387,4.4077,2.0085,2.2102,4.7292,1.5509,1.6272,3.9285,1.8898,2.0367,4.4782,1.5066,2.2149,3.2248,0.81764,2.259,2.9804,2.4426,2.5115,4.3707,2.0337,2.4827,4.8178,1.9399,2.6199,4.7883,2.6164,2.3855,4.3926,1.2675,2.5318,3.8719,1.8933,2.3492,4.4159,2.6668,2.9684,4.4701,0.69989,2.3621,2.7028,1.3447,2.0104,4.6138,1.851,2.9916,3.6795,0.23563,2.3697,3.3703,1.7066,1.6143,4.0815,0.85121,2.2337,3.0674,2.281,2.3021,4.7186,0.47298,2.3901,3.1291,0.71218,2.2636,3.1253,0.015272,2.8991,1.7125,2.0671,2.2344,4.6736,2.5226,2.4572,4.3208,2.2718,2.3157,5.1444,1.9113,2.6299,4.1082,1.1194,1.8124,4.0729,4.5052,2.7913,0.72845,0.75885,2.1964,2.9603,1.4888,2.1435,4.2937,1.185,2.278,3.5629,1.9938,2.6164,4.2583,1.6236,1.579,4.1433,1.171,2.5127,3.136,0.72773,2.5309,3.7351,2.2563,1.8152,3.6763,1.386,2.5399,3.4825,1.3604,2.5996,3.5149,1.3891,1.63,4.261,1.9361,2.6275,4.4361,2.0983,2.6075,4.6451,3.3056,2.844,6.1408,1.7837,1.6014,4.2004,1.9236,1.9236,3.3674,2.527,2.9342,5.3959,1.1877,2.5792,3.0426,2.6815,2.3793,5.0021,1.0239,2.717,4.2508,1.4298,2.498,3.5602,0.98358,1.9568,4.1722,1.7808,1.6373,4.0573,1.981,1.9363,3.3943,6.0473,2.8982,2.8655,2.9908,2.2178,4.6716,1.5554,1.916,4.4132,1.1605,2.5444,3.3588,1.4379,2.4693,3.401,1.7141,1.872,3.6579,2.0542,2.4608,4.1159,1.0888,2.388,3.2556,2.5104,1.8441,5.3426,0.99982,2.5847,3.2712,1.3431,2.561,3.3111,0.24334,3.0509,3.1978,0.66872,1.9442,2.7483,1.6577,1.9422,4.6342,1.5344,1.7909,4.2187,5.2097,2.748,1.5854,0.9028,2.2374,2.9606,0.97371,2.739,4.246,2.3744,2.4121,3.7095,2.9435,2.2939,4.9702,3.1113,2.5703,4.6277,2.101,2.3852,4.6205,2.1817,2.2307,4.1718,0.7133,2.2717,3.3332,0.66383,2.4194,3.0528,0.58722,2.2765,3.8953,2.4635,2.4408,4.5719,0.69375,2.4583,2.8507,1.2886,1.5641,4.3668,1.5884,1.9144,3.5531,0.39837,2.6661,2.218,3.4183,2.9077,0.2716,0.8443,2.258,3.0646,1.625,1.6658,4.1733,1.6807,1.9183,3.3016,0.80836,2.3437,2.903,2.2512,2.2649,4.9433,1.3547,2.5825,3.2457,1.2985,2.2243,3.692,0.35919,2.07,3.3363,1.7281,1.8877,3.4405,2.6375,2.0124,4.1341,2.0348,2.1522,4.9567,1.4068,1.6969,3.858,0.77011,2.0638,2.8402,2.0884,2.1085,5.0922,2.1545,2.2991,4.5829,1.508,2.4746,4.0362,3.9925,2.8101,6.1894,1.8014,2.5112,3.9743,0.59245,2.0021,4.1692,1.1758,2.6132,4.2267,3.2707,2.7702,6.0885,1.7051,1.5674,3.2775,0.28488,2.396,3.4367,4.8205,3.0018,0.65248,0.43238,2.8317,3.3575,1.1414,2.5514,3.1131,2.2585,2.183,5.0347,1.6853,2.0493,4.4637,1.6549,1.62,3.3995,1.9152,2.9545,3.4461,0.75065,2.3164,2.9274,0.78955,2.3582,3.0188,0.21858,2.6708,3.3493,1.9918,2.4616,4.2872,0.67628,2.3958,2.8047,1.021,2.3812,3.5802,1.2948,1.7563,4.3317,0.23001,2.3567,3.5039,1.6904,1.5966,3.2748,0.86068,2.2886,2.8743,2.9129,2.8517,6.0444,1.6599,2.5047,3.9516,2.031,2.2508,4.6085,2.1422,2.6393,5.0447,1.5744,1.9536,3.8024,1.4375,1.7542,3.7644,2.3045,2.1446,4.9811,1.4886,2.56,3.9226,0.45493,2.9912,2.0947,4.4316,2.8797,0.26082,1.3339,2.8515,4.1693,1.8493,1.9859,3.8919,1.1401,2.6738,2.7283,0.0458,2.7692,2.8167,1.0805,2.9188,4.1972,0.47222,2.4198,2.6213,0.85975,2.0916,2.8311,0.55746,2.4893,3.4292,1.8392,2.243,4.3486,1.054,2.829,4.2182,0.71846,2.0686,2.9289,2.1233,1.834,3.6943,1.4294,1.8894,3.7279,2.2262,2.5694,4.6959,1.5585,1.5748,4.2003,1.2618,2.1348,3.2451,0.75947,2.1128,2.9898,0.73527,2.2461,2.6414,1.7987,2.3928,4.1916,2.2131,2.5557,4.897,0.59429,2.077,2.9226,1.734,1.8095,3.2912,0.89956,2.9741,2.6233,0.52417,2.533,2.5858,3.2617,2.7195,6.2143,6.2693,2.871,2.7168,4.0743,2.8707,6.0366,2.4153,2.2146,3.7284,1.5041,3.0566,4.5438,1.2331,2.4497,3.505,6.0299,3.1101,2.7516,2.3741,2.1667,3.7302,1.3251,1.8446,3.7127,2.3746,2.3295,4.6497,2.5908,2.7403,4.2745,1.2544,2.7175,4.3085,1.6497,1.9284,3.8015,1.223,2.7385,3.7922,2.3205,2.3273,4.9067,1.3595,2.5924,3.3657,2.144,2.3148,4.0512,0.81759,1.98,3.3908,2.4211,2.2964,3.8137,2.3348,2.3331,3.7232,2.3115,2.0139,5.0949,2.607,2.2918,4.8316,2.4091,2.2415,3.7889,1.453,1.6156,3.9308,2.3096,2.5684,4.9044,1.7152,1.9433,3.8484,0.82214,2.1098,4.142,1.5696,1.8485,4.3537,2.2913,2.5292,4.9511,1.445,2.4011,3.2529,5.8242,2.8058,2.1043,1.863,1.7472,3.53,1.9232,2.8849,4.141,2.1301,2.0008,4.8428,1.1946,2.6328,4.3829,2.0283,2.1609,4.9564,1.6599,1.7766,3.9248,1.64,1.9949,3.3169,1.1675,2.7241,3.7383,1.0523,2.8517,3.8233,1.5884,2.4988,3.9264,1.1667,2.6631,3.6783,1.7518,1.7409,4.0795,0.71571,2.4445,2.8188,1.8253,2.1481,4.4223,0.10215,2.7769,3.0264,1.0305,1.951,4.3479,0.98455,2.2742,3.0888,1.5778,2.4082,4.5582,1.0089,2.0781,2.8305,0.8075,2.0084,2.68,1.7012,1.7565,3.9323,0.85728,2.4357,2.9359,1.302,1.579,3.841,2.771,2.6133,4.6101,1.0398,2.2497,3.6377,1.1817,2.7161,3.6928,2.0105,2.0003,4.4756,0.99806,1.9602,4.2383,1.9158,1.6454,3.4338,1.733,2.503,3.9685,2.2718,2.5311,4.8704,2.0491,2.3515,3.5881,1.2036,3.0542,3.4622,1.3924,1.4451,4.2566,0.71903,2.9757,3.6568,1.6531,1.7195,4.2441,0.80989,1.9993,2.7166,0.53231,2.2244,4.0629,2.5869,2.5994,4.5251,2.0224,2.1004,3.4533,1.3721,2.8767,3.5308,1.088,2.2349,3.6127,2.5411,2.046,4.4827,1.5051,1.7368,4.4195,1.5917,2.5855,3.5651,2.074,2.2902,4.0617,2.7147,2.2942,4.9605,0.44906,2.4957,2.9277
0.22395,0.3551,0.0079297,262.11,300.63,198.66,0.0014892,0.0017837,0.0010042,204.22,225.42,243.31,223.78,227.85,178.03,233.29,227.23,272.21,231.54,279.91,304.6,203.67,251.77,229.79,311.29,225.6,268.4,242.28,177.17,365.8,243.06,204.23,248.36,206.13,298.69,280.3,343.43,185.5,272.13,245.04,240.07,144.29,264.68,293.04,383.78,286.32,200.16,352.27,384.12,306.98,202.98,295.0,208.77,309.93,296.41,344.47,346.95,400.08,306.54,300.47,294.23,438.35,386.94,419.61,318.36,366.01,334.48,245.28,468.35,420.21,388.71,366.97,208.8,327.87,265.15,268.9,233.01,375.06,281.29,310.89,274.99,373.36,370.96,309.2,302.63,302.34,376.95,377.51,364.93,272.24,336.59,360.42,287.65,344.02,233.26,360.22,298.89,355.25,306.45,348.71,351.14,314.94,347.65,324.66,281.57,300.4,374.87,303.07,290.25,455.32,405.89,425.02,295.52,384.81,512.73,469.1,373.64,283.04,346.01,438.41,321.95,385.43,348.03,291.52,416.75,356.3,426.62,445.75,378.85,460.56,452.62,451.27,341.81,391.19,442.65,531.81,289.59,559.34,507.0,466.45,354.09,510.36,403.98,340.66,687.06,393.36,433.39,408.85,407.44,374.14,296.63,365.42,435.62,305.05,517.11,350.47,358.44,434.32,507.61,286.29,323.73,413.43,287.38,153.83,346.85,404.69,346.67,532.25,402.65,217.24,308.58,226.98,243.12,298.73,304.64,248.88,330.78,317.28,248.72,297.62,267.26,316.12,218.25,289.31,275.8,269.49,247.57,238.53,330.11,238.22,351.52,389.61,271.12,312.37,259.75,343.15,305.07,244.6,339.98,348.69,308.53,317.73,306.69,338.61,350.94,292.95,527.39,251.35,274.01,286.84,288.61,261.91,304.16,296.86,376.77,289.46,272.82,275.68,348.32,292.12,207.05,236.31,280.23,370.99,281.03,245.34,292.91,260.52,293.51,290.02,264.41,278.31,292.01,293.94,231.33,307.41,232.66,316.16,235.44,245.22,204.12,287.16,292.44,183.95,292.32,236.09,188.76,274.14,201.37,238.35,287.4,201.89,256.62,272.25,205.65,272.2,262.47,241.87,193.13,255.86,219.88,258.86,250.04,170.49,295.07,297.51,216.81,174.44,211.39,284.48,255.43,257.2,238.95,155.7,161.29,204.75,252.54,257.6,228.01,234.73,215.79,195.46,175.57,183.87,231.69,207.86,259.64,220.19,0.00073474,0.0010169,0.0010834,0.0011707,0.0010947,0.00084233,0.0012132,0.00096229,0.0014078,0.0010907,0.0014777,0.0016793,0.0010085,0.0013557,0.0011152,0.0018177,0.0013124,0.0015101,0.0015417,0.0010971,0.0021184,0.0016032,0.0012809,0.0017237,0.0014054,0.0019506,0.0016203,0.0019645,0.0013901,0.0018076,0.0015113,0.0014902,0.0010309,0.0014662,0.0017753,0.0023051,0.0017698,0.0011912,0.0021186,0.002222,0.0017468,0.0011429,0.0018627,0.0015799,0.0018806,0.0018277,0.0021391,0.0019498,0.0023761,0.001839,0.0014616,0.0018447,0.0025898,0.002102,0.0024599,0.0020148,0.002149,0.0014805,0.0016412,0.0027923,0.0024609,0.0023068,0.0022058,0.0013538,0.0022175,0.0017491,0.0015837,0.0017303,0.0023239,0.0017703,0.0019926,0.0018833,0.0021872,0.0022216,0.0013744,0.0019702,0.0019204,0.0023519,0.0023708,0.0023103,0.0014729,0.0023015,0.0023449,0.0017883,0.0014807,0.0017537,0.0015805,0.0019546,0.0021354,0.002006,0.0021773,0.0020157,0.0016075,0.0022093,0.0016738,0.0019155,0.0018749,0.0023805,0.001633,0.0018833,0.0023215,0.0024522,0.0025454,0.0017713,0.0023581,0.0024863,0.0027385,0.0023541,0.0019355,0.0021134,0.0026339,0.0021504,0.001829,0.0020954,0.0019468,0.0025151,0.0021427,0.0024142,0.0024307,0.0018665,0.0021061,0.002618,0.002117,0.0022556,0.0021509,0.0020762,0.0029368,0.0020051,0.0026515,0.0028672,0.0028353,0.0021071,0.0027307,0.001638,0.0021955,0.0033697,0.0022876,0.0022299,0.0024354,0.0021832,0.0022572,0.0018971,0.002087,0.0025912,0.0021103,0.0024889,0.0021453,0.0016167,0.0021149,0.0026175,0.0018765,0.0021024,0.002277,0.0018697,0.0012259,0.0019989,0.002367,0.002131,0.0024415,0.0020112,0.0014023,0.0019211,0.0015874,0.0016861,0.001708,0.0018487,0.0017772,0.0020451,0.0019738,0.0017549,0.0019752,0.0015908,0.0019778,0.0015629,0.0018732,0.0017365,0.0018386,0.0015842,0.0015062,0.0019282,0.0015403,0.0020736,0.0022602,0.0016414,0.0019736,0.0018195,0.0021563,0.001881,0.0016886,0.0019848,0.001718,0.0019977,0.0019997,0.0019179,0.0022626,0.002109,0.0018942,0.0018482,0.0017055,0.0016855,0.0018065,0.0018722,0.0017283,0.001927,0.0017721,0.0024088,0.0016655,0.0018561,0.0017191,0.0019001,0.0017985,0.0014462,0.0016052,0.001694,0.002227,0.0017987,0.0016517,0.0016713,0.0016151,0.00184,0.001862,0.0016571,0.0017134,0.0017959,0.0018149,0.0015528,0.001894,0.0015514,0.0018721,0.0015567,0.00141,0.0013407,0.0015949,0.0018761,0.0012723,0.0017459,0.0013814,0.0014987,0.0017021,0.0013242,0.0015331,0.0017449,0.0014471,0.001515,0.0015988,0.001212,0.0016375,0.0015089,0.0015283,0.0012682,0.0016129,0.0013628,0.001599,0.0014404,0.00097488,0.0015917,0.001705,0.0012046,0.0011983,0.0011578,0.0015519,0.0015484,0.0015218,0.0010818,0.0009675,0.00096964,0.0010003,0.0015104,0.001497,0.0010548,0.0013004,0.0010412,0.0010366,0.00087955,0.000833,0.0011218,0.0011129,0.0014015,0.0012174,1074300.0,1105700.0,792270.0,4276700.0,2284500.0,1150800.0,5856800.0,1513400.0,1879800.0,3242500.0,2966100.0,734830.0,5652900.0,1298400.0,4052200.0,2459600.0,5070500.0,4091400.0,1340500.0,3371900.0,2502600.0,3347400.0,11704000.0,958350.0,6311800.0,749460.0,9101500.0,1591900.0,1841400.0,815570.0,3232100.0,1680500.0,5814300.0,23940000.0,2520900.0,2724900.0,4347000.0,1235900.0,1513400.0,1646200.0,2062700.0,1057700.0,2058300.0,1019200.0,7475600.0,2433400.0,1825600.0,1494000.0,2274900.0,15971000.0,952090.0,7278300.0,3995200.0,706940.0,3910700.0,1079100.0,2657700.0,17679000.0,32102000.0,2373200.0,1720700.0,1532600.0,2840700.0,1036400.0,1926200.0,3409900.0,803840.0,2871900.0,1940600.0,3915400.0,2755300.0,1446400.0,1119200.0,15048000.0,5077600.0,1340600.0,3613400.0,1673300.0,965090.0,2573300.0,3702600.0,1313000.0,893150.0,2116300.0,873820.0,1861100.0,2850800.0,4950200.0,4191200.0,2338500.0,5694300.0,1300700.0,9352900.0,4677300.0,1017700.0,1694700.0,903640.0,1769700.0,3509900.0,9918500.0,1730700.0,16523000.0,1417300.0,9919600.0,1633600.0,3256300.0,1272900.0,1628100.0,12535000.0,5115100.0,2157200.0,3869300.0,2389200.0,1225800.0,656170.0,3373000.0,11659000.0,2413800.0,1291100.0,778800.0,1922000.0,735100.0,1193700.0,2218700.0,8786700.0,4156700.0,2627900.0,3087700.0,2361300.0,1498700.0,773560.0,10411000.0,2404500.0,3548600.0,2073400.0,1371700.0,1031900.0,2014200.0,1052000.0,2853800.0,3921600.0,1159600.0,1477000.0,2103000.0,1521000.0,2210500.0,2422200.0,877170.0,6912100.0,1513500.0,9390500.0,6180200.0,809830.0,10291000.0,814480.0,1274500.0,19279000.0,683650.0,12167000.0,721740.0,5575100.0,3693400.0,3817200.0,2647300.0,5252900.0,4116200.0,4227600.0,964530.0,4135000.0,1638700.0,6369200.0,1506700.0,7610900.0,1080700.0,744550.0,4005200.0,2996600.0,1988300.0,8411500.0,2288700.0,948280.0,1205600.0,3671000.0,3568300.0,1940100.0,1475700.0,747540.0,6807100.0,5275200.0,2336700.0,637470.0,17726000.0,3323000.0,5257900.0,1142200.0,18258000.0,5431600.0,1100100.0,8580600.0,1353300.0,1434500.0,3992400.0,5297000.0,799330.0,1639500.0,973680.0,1778500.0,1568200.0,1456500.0,7851700.0,2342100.0,1425100.0,12280000.0,2793800.0,1238000.0,1263500.0,3260300.0,951930.0,4669600.0,1133200.0,1854600.0,8075300.0,4435100.0,696550.0,1421900.0,10018000.0,5258300.0,5069200.0,15394000.0,3001700.0,1931800.0,2342400.0,2994600.0,3189800.0,1882600.0,1749500.0,2275100.0,1499400.0,7215800.0,652060.0,3656200.0,8296200.0,8910100.0,1863600.0,5378600.0,4029700.0,5011000.0,864140.0,1139900.0,5361500.0,1551600.0,6587500.0,3485200.0,7122400.0,1970700.0,1638700.0,1591200.0,1087700.0,1106100.0,2208100.0,945990.0,5091800.0,3371700.0,4404800.0,3356800.0,2894200.0,2745600.0,15584000.0,14989000.0,6042000.0,4601000.0,2807600.0,6148400.0,3762100.0,1781300.0,2740300.0,1353800.0,4824200.0,3044800.0,1.5468,1.8592,4.1664,2.2423,2.4811,3.6644,1.2753,2.2406,4.2238,1.1934,1.9813,4.2106,2.4577,2.6632,4.3253,0.74449,2.0664,4.2253,1.7018,2.531,3.8736,3.0971,2.8426,5.8667,1.1768,2.0265,4.1891,1.6979,1.7117,4.2406,1.2977,2.292,4.2921,0.6894,2.0257,4.2113,2.8974,2.8417,4.6697,5.5234,2.7367,1.3459,1.263,2.8063,3.635,0.81173,2.1628,2.9943,2.6039,2.1975,4.595,1.46,1.6749,3.8892,0.76465,2.7087,3.9152,1.8749,1.8458,3.5474,1.2139,2.3787,3.2597,0.38373,2.2943,3.4622,1.8672,1.6218,3.4136,2.066,2.6479,4.2081,1.9245,1.6307,3.3718,1.6644,1.6263,3.9876,0.33322,2.1974,3.1157,2.1234,2.4416,4.5481,1.5016,1.7053,3.2875,0.93722,1.9642,2.7529,3.2726,2.8337,6.0421,1.9395,1.8285,3.5223,0.85221,2.7368,2.9163,1.6733,2.5967,4.0061,0.76372,1.8987,2.7345,1.0967,2.413,3.1432,1.9362,1.9298,4.4889,1.8596,1.6485,3.8995,0.64233,2.1327,3.9532,1.4354,2.563,3.9422,0.97726,2.168,3.1568,2.6558,2.3872,4.408,2.0084,2.2102,4.7292,1.551,1.627,3.9285,1.8898,2.037,4.4782,1.5067,2.215,3.2248,0.81755,2.2592,2.98,2.4425,2.5119,4.3707,2.0339,2.4823,4.8176,1.94,2.6199,4.7881,2.6166,2.3858,4.393,1.2675,2.5319,3.8719,1.8939,2.3495,4.4162,2.6686,2.9682,4.4714,0.70031,2.362,2.7032,1.3442,2.0103,4.6139,1.8511,2.9915,3.6792,0.23536,2.3696,3.3703,1.7066,1.6143,4.0815,0.85159,2.2339,3.0675,2.2813,2.3021,4.7187,0.47232,2.3898,3.1291,0.7117,2.2637,3.125,0.01528,2.8991,1.7119,2.0677,2.2347,4.6739,2.5227,2.4575,4.321,2.2716,2.3158,5.1444,1.9112,2.6297,4.1079,1.1194,1.8123,4.0732,4.5051,2.7911,0.72887,0.75879,2.1964,2.9602,1.4892,2.1437,4.2937,1.1853,2.2785,3.5629,1.9935,2.6162,4.2581,1.6236,1.5791,4.1433,1.171,2.5125,3.1361,0.72763,2.5312,3.7351,2.2566,1.8152,3.6761,1.386,2.5399,3.4826,1.3603,2.5996,3.5147,1.3891,1.63,4.2609,1.9362,2.6272,4.4361,2.0987,2.6071,4.6454,3.3053,2.8441,6.1408,1.7842,1.6013,4.2004,1.9241,1.9236,3.3671,2.5274,2.9339,5.3961,1.1876,2.5792,3.0424,2.6815,2.3791,5.002,1.0243,2.7173,4.2513,1.4298,2.498,3.5604,0.98384,1.957,4.1725,1.7808,1.6373,4.0573,1.9811,1.9364,3.3944,6.0479,2.8982,2.8658,2.9912,2.2177,4.6716,1.5559,1.9159,4.4135,1.1608,2.5443,3.3588,1.438,2.4693,3.4011,1.7142,1.8719,3.6578,2.0542,2.4608,4.1162,1.0888,2.3882,3.2557,2.5105,1.8437,5.3429,0.99986,2.5844,3.2711,1.3427,2.5611,3.3109,0.24327,3.0509,3.1978,0.6688,1.9446,2.7481,1.6577,1.9421,4.6345,1.5347,1.7908,4.2188,5.2097,2.7477,1.5855,0.90298,2.2376,2.9608,0.97403,2.7393,4.2465,2.3742,2.412,3.7094,2.9436,2.2939,4.9702,3.1117,2.5702,4.6279,2.1012,2.3851,4.6207,2.1817,2.2309,4.1718,0.71341,2.2718,3.3334,0.66406,2.4195,3.0528,0.58735,2.2768,3.8955,2.4636,2.4408,4.5715,0.69345,2.4585,2.8502,1.2884,1.564,4.367,1.5884,1.9143,3.5535,0.39876,2.6661,2.2184,3.4182,2.9076,0.27156,0.84421,2.258,3.0645,1.625,1.6658,4.1735,1.6808,1.9186,3.3019,0.80871,2.3436,2.9032,2.2515,2.2647,4.9433,1.355,2.5826,3.246,1.2987,2.2245,3.6923,0.35935,2.0699,3.3368,1.7282,1.8876,3.4406,2.6376,2.0121,4.1343,2.0346,2.1523,4.9567,1.4071,1.697,3.8582,0.77009,2.0641,2.8406,2.0884,2.1084,5.0924,2.1544,2.2991,4.5831,1.5082,2.4749,4.0364,3.992,2.8093,6.1889,1.8012,2.5113,3.974,0.59207,2.0023,4.1693,1.1754,2.6131,4.2265,3.2705,2.77,6.0887,1.7052,1.5674,3.2774,0.28501,2.3961,3.4369,4.8201,3.0018,0.652,0.43236,2.8318,3.3579,1.1413,2.5515,3.1134,2.2585,2.1829,5.0349,1.6856,2.0493,4.4639,1.6549,1.62,3.3996,1.9159,2.9546,3.4466,0.75071,2.3163,2.9275,0.78947,2.358,3.0188,0.21846,2.6708,3.3494,1.9919,2.4616,4.2872,0.67645,2.3956,2.8047,1.0212,2.3815,3.5801,1.295,1.7562,4.3318,0.23009,2.3567,3.5042,1.6903,1.5967,3.2748,0.86098,2.2884,2.8744,2.9127,2.8517,6.0446,1.6594,2.5046,3.9515,2.031,2.2509,4.6085,2.1416,2.6391,5.0443,1.5742,1.9536,3.8023,1.4378,1.754,3.7645,2.3045,2.1446,4.981,1.4885,2.5598,3.9224,0.45474,2.9911,2.0943,4.4313,2.8795,0.26078,1.3338,2.8516,4.1691,1.849,1.986,3.8919,1.1397,2.6739,2.728,0.045268,2.769,2.8166,1.0808,2.9189,4.1973,0.47223,2.4196,2.6214,0.85974,2.0918,2.831,0.5577,2.4893,3.4294,1.8397,2.2432,4.3487,1.0536,2.8291,4.2181,0.71871,2.0688,2.9286,2.1235,1.8339,3.6941,1.4296,1.8895,3.7281,2.2258,2.569,4.6953,1.5589,1.5748,4.2003,1.2618,2.1348,3.2452,0.75977,2.113,2.9896,0.73521,2.2458,2.6414,1.7987,2.3928,4.1917,2.2129,2.5554,4.8969,0.5943,2.0771,2.9224,1.734,1.8096,3.2912,0.89991,2.974,2.6235,0.52402,2.5331,2.5857,3.2619,2.7195,6.2146,6.2697,2.871,2.7175,4.0736,2.8705,6.0357,2.4154,2.2141,3.7284,1.5045,3.0566,4.5446,1.233,2.4497,3.5052,6.0276,3.1101,2.7499,2.374,2.1665,3.73,1.3253,1.8446,3.7128,2.3743,2.3296,4.6499,2.5905,2.7406,4.2748,1.2543,2.7176,4.3083,1.6494,1.9283,3.8013,1.2233,2.7383,3.7926,2.3203,2.3272,4.9064,1.359,2.5922,3.3656,2.1439,2.3151,4.051,0.81759,1.9801,3.3907,2.421,2.2961,3.8138,2.3347,2.3329,3.7232,2.3117,2.014,5.0952,2.6068,2.2919,4.8316,2.4092,2.2415,3.7888,1.4532,1.6157,3.9309,2.3093,2.5681,4.9042,1.7148,1.9433,3.8482,0.82219,2.1097,4.1421,1.5694,1.8485,4.3539,2.2911,2.5289,4.9511,1.4449,2.4012,3.2528,5.824,2.8056,2.1041,1.863,1.7472,3.53,1.923,2.8845,4.1406,2.1303,2.0009,4.8429,1.1948,2.6329,4.3831,2.0285,2.1609,4.9565,1.6599,1.7765,3.9247,1.6401,1.9949,3.3167,1.1677,2.7241,3.7385,1.0525,2.8518,3.8232,1.5887,2.4989,3.9265,1.1667,2.6629,3.6782,1.7517,1.7408,4.0795,0.71542,2.4445,2.8189,1.8252,2.1483,4.4224,0.10213,2.7769,3.0267,1.0304,1.9511,4.3481,0.98458,2.2741,3.0889,1.5776,2.4082,4.5581,1.0089,2.0781,2.8305,0.80763,2.0084,2.6799,1.7013,1.7564,3.9322,0.85709,2.4356,2.9362,1.3018,1.579,3.841,2.7709,2.6133,4.61,1.0397,2.2499,3.6377,1.1817,2.716,3.6929,2.0106,2.0004,4.4756,0.99789,1.9602,4.2382,1.9159,1.6455,3.4337,1.7331,2.503,3.9684,2.2721,2.531,4.8703,2.049,2.3515,3.588,1.2035,3.0542,3.4621,1.3923,1.4451,4.2566,0.71916,2.9756,3.6568,1.6532,1.7194,4.2441,0.81002,1.9993,2.7165,0.53206,2.2244,4.0631,2.5867,2.5994,4.5251,2.0225,2.1004,3.4533,1.372,2.8766,3.5308,1.088,2.235,3.6126,2.5411,2.0461,4.4827,1.5052,1.7368,4.4195,1.5916,2.5855,3.5651,2.0741,2.2902,4.0617,2.7148,2.2941,4.9605,0.44908,2.4956,2.9277
0.2243,0.35566,0.0079396,262.3,300.91,198.7,0.0014903,0.0017853,0.0010043,204.24,225.47,243.44,223.86,227.97,178.15,233.27,227.3,272.31,231.61,280.06,304.86,203.75,251.94,229.87,311.54,225.68,268.54,242.47,177.25,366.07,243.14,204.3,248.42,206.18,298.87,280.47,343.65,185.6,272.22,245.14,240.24,144.4,264.94,293.22,384.01,286.46,200.39,352.62,384.41,307.2,203.14,295.37,208.82,310.15,296.61,344.66,347.2,400.4,306.73,300.75,294.45,438.84,387.11,420.03,318.71,366.29,335.19,245.6,468.71,420.62,388.94,367.33,208.98,328.06,265.35,269.25,233.23,375.46,281.71,311.33,275.22,373.64,371.42,310.01,302.9,302.41,377.28,377.79,365.28,272.79,337.02,360.78,287.68,344.78,233.5,360.82,299.18,355.54,306.66,349.11,351.67,315.3,347.95,325.12,281.8,300.77,375.26,303.75,290.62,456.04,406.22,425.69,295.95,385.23,513.37,469.44,374.15,283.4,346.28,438.77,322.24,386.55,348.57,291.73,417.19,356.82,427.39,446.37,379.19,461.68,453.04,452.24,342.22,391.73,443.36,532.59,289.93,560.23,507.47,467.07,354.57,510.94,405.44,341.1,687.88,393.82,434.11,409.28,407.98,374.51,297.01,365.78,436.1,305.36,517.79,350.62,358.95,435.12,508.26,286.57,324.08,413.84,287.78,153.91,347.35,405.1,346.88,533.0,402.89,217.37,308.84,227.14,243.33,299.15,304.86,249.09,330.95,317.58,248.83,297.81,267.47,316.41,218.5,289.49,275.93,269.67,247.76,238.69,330.23,238.43,351.83,389.86,271.28,312.72,259.94,343.42,305.34,244.76,340.27,348.99,308.8,317.95,306.92,338.98,351.18,293.19,527.99,251.59,274.17,287.08,288.84,262.02,304.36,297.12,377.23,289.77,273.04,275.82,348.65,292.36,207.16,236.43,280.39,371.3,281.33,245.55,293.02,260.66,293.67,290.19,264.63,278.45,292.12,294.03,231.46,307.67,232.75,316.38,235.61,245.35,204.26,287.36,292.63,184.02,292.45,236.24,188.86,274.27,201.51,238.49,287.56,202.0,256.7,272.36,205.71,272.35,262.6,242.0,193.22,256.01,220.0,258.98,250.18,170.57,295.16,297.63,216.91,174.49,211.49,284.63,255.6,257.29,239.01,155.75,161.35,204.82,252.66,257.69,228.05,234.81,215.85,195.54,175.65,183.93,231.77,207.91,259.77,220.28,0.00073483,0.0010171,0.0010839,0.0011711,0.0010952,0.00084299,0.0012131,0.00096262,0.0014085,0.0010911,0.0014786,0.0016808,0.0010089,0.0013567,0.0011157,0.001819,0.0013128,0.001511,0.001543,0.0010977,0.0021198,0.0016037,0.0012813,0.0017242,0.0014057,0.0019517,0.0016215,0.0019659,0.001391,0.0018083,0.0015119,0.0014915,0.0010315,0.0014677,0.0017763,0.0023064,0.0017707,0.0011925,0.0021205,0.0022237,0.0017483,0.0011438,0.0018648,0.0015805,0.001882,0.001829,0.0021405,0.0019517,0.0023782,0.0018404,0.0014632,0.0018461,0.0025925,0.0021035,0.0024625,0.0020167,0.0021513,0.0014841,0.0016428,0.0027949,0.0024629,0.0023084,0.0022079,0.0013548,0.0022189,0.0017505,0.0015858,0.0017318,0.0023264,0.0017728,0.0019952,0.0018845,0.0021892,0.0022241,0.0013776,0.0019716,0.0019212,0.0023539,0.0023729,0.0023124,0.0014756,0.002304,0.0023472,0.0017889,0.0014842,0.001755,0.001583,0.0019561,0.0021371,0.0020076,0.0021794,0.0020187,0.0016094,0.0022112,0.0016761,0.0019169,0.0018768,0.0023828,0.0016362,0.0018855,0.0023251,0.0024542,0.0025489,0.0017739,0.0023602,0.0024901,0.0027407,0.002357,0.0019378,0.0021153,0.0026361,0.0021521,0.0018344,0.0020984,0.0019486,0.0025174,0.0021455,0.0024183,0.0024342,0.001869,0.0021096,0.0026207,0.0021226,0.002258,0.0021537,0.0020802,0.0029413,0.0020074,0.002656,0.0028701,0.0028387,0.0021097,0.002734,0.0016444,0.0021982,0.003374,0.0022901,0.0022341,0.0024381,0.0021863,0.0022596,0.0018992,0.0020895,0.0025939,0.0021124,0.0024925,0.0021466,0.0016195,0.0021193,0.0026209,0.0018784,0.0021043,0.0022796,0.0018721,0.0012268,0.0020018,0.0023693,0.0021322,0.0024456,0.0020122,0.0014031,0.0019227,0.0015884,0.0016875,0.0017103,0.0018503,0.0017787,0.0020461,0.0019754,0.0017557,0.0019766,0.001592,0.0019793,0.0015643,0.0018745,0.0017373,0.0018396,0.0015853,0.0015072,0.0019292,0.0015415,0.0020753,0.0022616,0.0016422,0.0019754,0.0018208,0.0021583,0.0018826,0.0016897,0.0019866,0.0017199,0.0019992,0.0020012,0.0019193,0.0022646,0.0021105,0.0018957,0.0018509,0.0017069,0.0016863,0.0018079,0.0018737,0.001729,0.0019281,0.0017737,0.002411,0.0016671,0.0018574,0.0017202,0.0019019,0.0018,0.001447,0.001606,0.001695,0.0022288,0.0018005,0.001653,0.0016721,0.0016159,0.0018408,0.0018632,0.0016584,0.0017143,0.001797,0.0018156,0.0015537,0.0018956,0.0015521,0.0018734,0.0015577,0.0014107,0.0013415,0.001596,0.0018773,0.0012727,0.0017467,0.0013822,0.0014994,0.001703,0.0013251,0.001534,0.0017459,0.0014479,0.0015154,0.0015994,0.0012124,0.0016384,0.0015097,0.0015291,0.0012687,0.0016138,0.0013636,0.0015997,0.0014412,0.00097532,0.0015922,0.0017058,0.0012052,0.0011987,0.0011583,0.0015526,0.0015494,0.0015222,0.0010821,0.00096783,0.00097004,0.0010007,0.0015112,0.0014975,0.001055,0.0013008,0.0010415,0.001037,0.00087996,0.00083333,0.0011223,0.0011133,0.0014022,0.0012179,1074300.0,1105700.0,792270.0,4276700.0,2284500.0,1150800.0,5856800.0,1513400.0,1879800.0,3242500.0,2966100.0,734830.0,5652900.0,1298400.0,4052200.0,2459600.0,5070500.0,4091400.0,1340500.0,3371900.0,2502600.0,3347400.0,11704000.0,958350.0,6311800.0,749460.0,9101500.0,1591900.0,1841400.0,815570.0,3232100.0,1680500.0,5814300.0,23940000.0,2520900.0,2724900.0,4347000.0,1235900.0,1513400.0,1646200.0,2062700.0,1057700.0,2058300.0,1019200.0,7475600.0,2433400.0,1825600.0,1494000.0,2274900.0,15971000.0,952090.0,7278300.0,3995200.0,706940.0,3910700.0,1079100.0,2657700.0,17679000.0,32102000.0,2373200.0,1720700.0,1532600.0,2840700.0,1036400.0,1926200.0,3409900.0,803840.0,2871900.0,1940600.0,3915400.0,2755300.0,1446400.0,1119200.0,15048000.0,5077600.0,1340600.0,3613400.0,1673300.0,965090.0,2573300.0,3702600.0,1313000.0,893150.0,2116300.0,873820.0,1861100.0,2850800.0,4950200.0,4191200.0,2338500.0,5694300.0,1300700.0,9352900.0,4677300.0,1017700.0,1694700.0,903640.0,1769700.0,3509900.0,9918500.0,1730700.0,16523000.0,1417300.0,9919600.0,1633600.0,3256300.0,1272900.0,1628100.0,12535000.0,5115100.0,2157200.0,3869300.0,2389200.0,1225800.0,656170.0,3373000.0,11659000.0,2413800.0,1291100.0,778800.0,1922000.0,735100.0,1193700.0,2218700.0,8786700.0,4156700.0,2627900.0,3087700.0,2361300.0,1498700.0,773560.0,10411000.0,2404500.0,3548600.0,2073400.0,1371700.0,1031900.0,2014200.0,1052000.0,2853800.0,3921600.0,1159600.0,1477000.0,2103000.0,1521000.0,2210500.0,2422200.0,877170.0,6912100.0,1513500.0,9390500.0,6180200.0,809830.0,10291000.0,814480.0,1274500.0,19279000.0,683650.0,12167000.0,721740.0,5575100.0,3693400.0,3817200.0,2647300.0,5252900.0,4116200.0,4227600.0,964530.0,4135000.0,1638700.0,6369200.0,1506700.0,7610900.0,1080700.0,744550.0,4005200.0,2996600.0,1988300.0,8411500.0,2288700.0,948280.0,1205600.0,3671000.0,3568300.0,1940100.0,1475700.0,747540.0,6807100.0,5275200.0,2336700.0,637470.0,17726000.0,3323000.0,5257900.0,1142200.0,18258000.0,5431600.0,1100100.0,8580600.0,1353300.0,1434500.0,3992400.0,5297000.0,799330.0,1639500.0,973680.0,1778500.0,1568200.0,1456500.0,7851700.0,2342100.0,1425100.0,12280000.0,2793800.0,1238000.0,1263500.0,3260300.0,951930.0,4669600.0,1133200.0,1854600.0,8075300.0,4435100.0,696550.0,1421900.0,10018000.0,5258300.0,5069200.0,15394000.0,3001700.0,1931800.0,2342400.0,2994600.0,3189800.0,1882600.0,1749500.0,2275100.0,1499400.0,7215800.0,652060.0,3656200.0,8296200.0,8910100.0,1863600.0,5378600.0,4029700.0,5011000.0,864140.0,1139900.0,5361500.0,1551600.0,6587500.0,3485200.0,7122400.0,1970700.0,1638700.0,1591200.0,1087700.0,1106100.0,2208100.0,945990.0,5091800.0,3371700.0,4404800.0,3356800.0,2894200.0,2745600.0,15584000.0,14989000.0,6042000.0,4601000.0,2807600.0,6148400.0,3762100.0,1781300.0,2740300.0,1353800.0,4824200.0,3044800.0,1.5469,1.8592,4.1664,2.2424,2.4812,3.6644,1.2753,2.2406,4.2238,1.1933,1.9813,4.2106,2.4576,2.6632,4.3253,0.74433,2.0664,4.2254,1.702,2.5311,3.8735,3.0972,2.8426,5.8667,1.1767,2.0265,4.189,1.6978,1.7117,4.2406,1.2978,2.2921,4.2922,0.68908,2.0256,4.2114,2.8973,2.8417,4.6698,5.523,2.7366,1.3457,1.263,2.8062,3.6351,0.8115,2.1628,2.9943,2.6041,2.1977,4.5952,1.4599,1.6748,3.8892,0.76498,2.7089,3.9154,1.8747,1.8459,3.5475,1.2139,2.3786,3.2599,0.38383,2.2943,3.462,1.8673,1.6218,3.4136,2.0661,2.6477,4.2081,1.9247,1.6307,3.3718,1.6646,1.6262,3.9877,0.33317,2.1975,3.1156,2.1235,2.4417,4.5483,1.5016,1.7053,3.2877,0.93743,1.9643,2.7529,3.2728,2.8336,6.0423,1.9395,1.8286,3.5223,0.85202,2.7369,2.9163,1.6731,2.5967,4.0061,0.76385,1.8987,2.7344,1.0966,2.413,3.1432,1.9361,1.9299,4.4889,1.86,1.6485,3.8995,0.64244,2.1325,3.9535,1.4358,2.563,3.9425,0.97716,2.1681,3.1566,2.656,2.3873,4.4082,2.0084,2.2102,4.7292,1.551,1.6269,3.9285,1.8898,2.0372,4.4782,1.5068,2.2151,3.2248,0.81748,2.2593,2.9798,2.4425,2.5122,4.3707,2.0341,2.4821,4.8176,1.94,2.6199,4.7879,2.6168,2.386,4.3932,1.2674,2.532,3.8719,1.8942,2.3497,4.4163,2.6699,2.9681,4.4723,0.70058,2.3619,2.7035,1.3438,2.0102,4.614,1.8512,2.9914,3.679,0.23518,2.3695,3.3704,1.7067,1.6142,4.0815,0.85185,2.2341,3.0675,2.2814,2.3021,4.7187,0.47187,2.3897,3.1292,0.71139,2.2638,3.1249,0.015285,2.8992,1.7116,2.0681,2.235,4.6742,2.5227,2.4578,4.3211,2.2714,2.3158,5.1444,1.9111,2.6296,4.1077,1.1194,1.8122,4.0734,4.5051,2.7909,0.72916,0.75875,2.1965,2.9601,1.4894,2.1437,4.2937,1.1855,2.2788,3.563,1.9934,2.6161,4.2579,1.6236,1.5792,4.1433,1.171,2.5124,3.1362,0.72756,2.5314,3.7351,2.2568,1.8151,3.6761,1.3859,2.5399,3.4826,1.3603,2.5996,3.5147,1.389,1.63,4.2608,1.9363,2.627,4.4361,2.099,2.6068,4.6455,3.305,2.8442,6.1408,1.7845,1.6011,4.2005,1.9244,1.9235,3.367,2.5277,2.9337,5.3962,1.1875,2.5792,3.0424,2.6815,2.379,5.002,1.0246,2.7175,4.2515,1.4298,2.4979,3.5605,0.98402,1.9572,4.1728,1.7807,1.6374,4.0572,1.9812,1.9364,3.3944,6.0483,2.8982,2.866,2.9914,2.2176,4.6716,1.5562,1.9158,4.4137,1.161,2.5442,3.3589,1.438,2.4693,3.4011,1.7143,1.8718,3.6578,2.0543,2.4608,4.1164,1.0889,2.3883,3.2558,2.5105,1.8434,5.3431,0.9999,2.5843,3.2711,1.3424,2.5611,3.3107,0.24321,3.0509,3.1977,0.66885,1.9448,2.748,1.6576,1.9421,4.6348,1.5348,1.7906,4.2188,5.2098,2.7475,1.5856,0.9031,2.2377,2.961,0.97424,2.7395,4.2467,2.374,2.4119,3.7093,2.9437,2.294,4.9702,3.1119,2.57,4.628,2.1014,2.3851,4.6209,2.1817,2.2311,4.1719,0.71349,2.2719,3.3335,0.6642,2.4195,3.0528,0.58744,2.277,3.8956,2.4636,2.4409,4.5713,0.69325,2.4586,2.85,1.2883,1.564,4.3671,1.5884,1.9141,3.5537,0.39902,2.6662,2.2187,3.4182,2.9075,0.27152,0.84414,2.2579,3.0644,1.6249,1.6658,4.1736,1.6809,1.9187,3.3021,0.80893,2.3435,2.9033,2.2517,2.2646,4.9434,1.3551,2.5826,3.2462,1.2989,2.2246,3.6926,0.35946,2.0698,3.3371,1.7283,1.8876,3.4406,2.6376,2.012,4.1344,2.0345,2.1523,4.9566,1.4073,1.697,3.8583,0.77007,2.0643,2.8408,2.0885,2.1083,5.0925,2.1544,2.2992,4.5832,1.5083,2.4751,4.0366,3.9917,2.8087,6.1886,1.8011,2.5114,3.9738,0.59183,2.0024,4.1694,1.1752,2.6131,4.2263,3.2703,2.7699,6.0888,1.7052,1.5674,3.2774,0.2851,2.3962,3.437,4.8198,3.0017,0.65167,0.43236,2.8319,3.3581,1.1412,2.5516,3.1136,2.2585,2.1829,5.035,1.6858,2.0493,4.4641,1.6548,1.62,3.3997,1.9164,2.9546,3.447,0.75075,2.3162,2.9276,0.78942,2.3578,3.0189,0.21838,2.6709,3.3494,1.9921,2.4617,4.2873,0.67657,2.3955,2.8047,1.0213,2.3818,3.58,1.2951,1.7561,4.3319,0.23015,2.3567,3.5044,1.6903,1.5967,3.2747,0.86119,2.2883,2.8745,2.9126,2.8517,6.0447,1.6591,2.5045,3.9514,2.031,2.251,4.6085,2.1413,2.639,5.0441,1.574,1.9535,3.8023,1.4379,1.7538,3.7646,2.3046,2.1447,4.9809,1.4884,2.5597,3.9222,0.45461,2.991,2.0941,4.4312,2.8794,0.26076,1.3337,2.8516,4.169,1.8488,1.986,3.8919,1.1394,2.6739,2.7278,0.044913,2.7689,2.8165,1.0809,2.9189,4.1974,0.47224,2.4194,2.6215,0.85975,2.0919,2.831,0.55786,2.4893,3.4295,1.84,2.2433,4.3488,1.0534,2.8292,4.218,0.71888,2.0689,2.9284,2.1236,1.8339,3.694,1.4297,1.8896,3.7282,2.2255,2.5688,4.6949,1.5591,1.5748,4.2004,1.2617,2.1347,3.2453,0.75996,2.1132,2.9895,0.73517,2.2457,2.6415,1.7988,2.3929,4.1918,2.2127,2.5552,4.8968,0.59431,2.0771,2.9223,1.7339,1.8098,3.2912,0.90015,2.9739,2.6236,0.52392,2.5332,2.5856,3.2621,2.7194,6.2148,6.27,2.871,2.7179,4.0732,2.8703,6.0352,2.4155,2.2137,3.7284,1.5047,3.0566,4.5451,1.2329,2.4497,3.5054,6.0261,3.1101,2.7487,2.374,2.1664,3.7299,1.3254,1.8447,3.7129,2.3742,2.3296,4.6501,2.5904,2.7407,4.275,1.2542,2.7176,4.3082,1.6491,1.9282,3.8012,1.2234,2.7382,3.7928,2.3202,2.327,4.9062,1.3587,2.5921,3.3656,2.1437,2.3153,4.0509,0.81759,1.9802,3.3907,2.421,2.2959,3.8138,2.3346,2.3328,3.7231,2.3118,2.0141,5.0954,2.6067,2.2919,4.8316,2.4093,2.2415,3.7888,1.4533,1.6157,3.931,2.3091,2.568,4.9041,1.7146,1.9433,3.8482,0.82223,2.1096,4.1423,1.5693,1.8486,4.354,2.291,2.5286,4.9511,1.4449,2.4012,3.2528,5.8238,2.8055,2.1039,1.863,1.7471,3.5301,1.9229,2.8843,4.1403,2.1305,2.001,4.8429,1.1949,2.633,4.3832,2.0287,2.161,4.9566,1.66,1.7765,3.9246,1.6402,1.9948,3.3166,1.1679,2.724,3.7386,1.0526,2.8518,3.8232,1.5889,2.499,3.9266,1.1667,2.6628,3.6782,1.7516,1.7408,4.0795,0.71523,2.4444,2.8189,1.8252,2.1484,4.4225,0.10211,2.7769,3.0269,1.0303,1.9511,4.3482,0.9846,2.274,3.0889,1.5776,2.4082,4.5581,1.0089,2.078,2.8305,0.80772,2.0084,2.6799,1.7014,1.7563,3.9322,0.85696,2.4356,2.9364,1.3017,1.579,3.841,2.7709,2.6133,4.61,1.0396,2.2501,3.6377,1.1818,2.7159,3.6929,2.0107,2.0004,4.4756,0.99777,1.9602,4.2382,1.916,1.6455,3.4337,1.7333,2.5031,3.9684,2.2723,2.531,4.8702,2.0489,2.3515,3.5879,1.2035,3.0541,3.4621,1.3922,1.4451,4.2566,0.71925,2.9756,3.6568,1.6532,1.7194,4.2441,0.8101,1.9993,2.7165,0.5319,2.2244,4.0632,2.5866,2.5994,4.5251,2.0225,2.1004,3.4534,1.372,2.8766,3.5307,1.088,2.235,3.6126,2.5412,2.0462,4.4828,1.5052,1.7368,4.4195,1.5916,2.5855,3.5651,2.0741,2.2902,4.0617,2.7148,2.294,4.9604,0.4491,2.4956,2.9277
0.22483,0.35651,0.0079543,262.55,301.3,198.73,0.0014917,0.0017875,0.0010045,204.26,225.51,243.61,223.94,228.14,178.26,233.23,227.36,272.44,231.7,280.28,305.23,203.83,252.18,229.98,311.88,225.77,268.71,242.73,177.33,366.43,243.22,204.39,248.45,206.21,299.12,280.72,343.98,185.74,272.31,245.3,240.49,144.5,265.3,293.45,384.34,286.66,200.66,353.08,384.85,307.51,203.37,295.92,208.9,310.44,296.9,344.91,347.57,400.84,307.01,301.15,294.75,439.53,387.42,420.62,319.11,366.73,336.17,246.05,469.24,421.21,389.31,367.86,209.25,328.36,265.61,269.74,233.52,376.02,282.31,311.95,275.53,374.01,372.07,311.12,303.26,302.53,377.71,378.23,365.78,273.52,337.62,361.25,287.74,345.81,233.81,361.65,299.56,355.96,307.0,349.66,352.44,315.81,348.37,325.73,282.11,301.25,375.84,304.71,291.11,457.03,406.7,426.71,296.57,385.82,514.29,469.97,374.9,283.93,346.66,439.3,322.67,388.1,349.35,292.05,417.82,357.52,428.5,447.26,379.68,463.28,453.68,453.62,342.8,392.46,444.36,533.76,290.41,561.45,508.16,467.97,355.24,511.83,407.5,341.69,689.03,394.5,435.06,409.9,408.76,375.03,297.52,366.26,436.77,305.8,518.75,350.88,359.68,436.23,509.17,286.96,324.53,414.43,288.31,154.01,348.03,405.7,347.18,534.05,403.24,217.51,309.19,227.36,243.62,299.73,305.16,249.38,331.18,318.0,248.98,298.08,267.77,316.81,218.82,289.72,276.11,269.92,248.02,238.9,330.42,238.71,352.24,390.23,271.5,313.2,260.16,343.8,305.69,244.97,340.69,349.39,309.16,318.25,307.23,339.48,351.51,293.53,528.84,251.9,274.4,287.43,289.15,262.15,304.63,297.48,377.87,290.19,273.33,276.02,349.11,292.68,207.32,236.6,280.6,371.72,281.72,245.82,293.18,260.84,293.89,290.41,264.91,278.65,292.26,294.17,231.62,308.03,232.87,316.68,235.82,245.53,204.44,287.62,292.87,184.11,292.63,236.45,188.98,274.44,201.66,238.67,287.76,202.14,256.8,272.5,205.77,272.54,262.77,242.17,193.33,256.2,220.15,259.13,250.34,170.66,295.27,297.79,217.03,174.54,211.62,284.81,255.81,257.39,239.08,155.8,161.43,204.9,252.82,257.79,228.09,234.91,215.92,195.62,175.75,184.0,231.88,207.96,259.95,220.37,0.00073484,0.0010172,0.0010844,0.0011716,0.0010959,0.00084364,0.0012127,0.00096295,0.0014093,0.0010916,0.0014799,0.0016829,0.0010093,0.0013582,0.0011162,0.0018209,0.0013133,0.0015122,0.0015448,0.0010983,0.0021216,0.0016043,0.0012818,0.0017247,0.0014058,0.0019533,0.0016232,0.0019677,0.0013922,0.001809,0.0015129,0.0014932,0.001032,0.0014696,0.0017776,0.0023081,0.001772,0.001194,0.002123,0.0022262,0.0017504,0.001145,0.0018678,0.0015814,0.0018838,0.0018308,0.0021424,0.0019542,0.002381,0.0018422,0.0014653,0.0018481,0.0025964,0.0021059,0.002466,0.002019,0.0021544,0.0014889,0.0016449,0.0027986,0.002466,0.0023112,0.0022109,0.0013564,0.0022209,0.0017522,0.0015887,0.0017339,0.0023302,0.0017762,0.0019988,0.0018861,0.0021918,0.0022276,0.0013822,0.0019735,0.0019225,0.0023566,0.0023761,0.0023156,0.0014792,0.0023075,0.0023504,0.00179,0.0014889,0.0017567,0.0015865,0.0019581,0.0021396,0.0020099,0.0021824,0.0020229,0.001612,0.0022138,0.0016792,0.0019189,0.0018791,0.002386,0.0016405,0.0018883,0.0023299,0.0024571,0.002554,0.0017776,0.0023631,0.0024953,0.0027439,0.0023611,0.0019411,0.0021178,0.0026392,0.0021547,0.0018413,0.0021024,0.0019511,0.0025208,0.0021492,0.0024242,0.0024391,0.0018724,0.0021149,0.0026249,0.0021301,0.0022615,0.0021574,0.0020857,0.0029478,0.0020107,0.0026621,0.0028743,0.0028438,0.0021134,0.0027387,0.0016531,0.0022017,0.0033802,0.0022938,0.0022398,0.0024419,0.0021908,0.0022629,0.001902,0.0020927,0.0025978,0.0021153,0.0024975,0.0021488,0.0016233,0.0021252,0.0026256,0.0018811,0.0021068,0.0022834,0.0018752,0.0012279,0.0020055,0.0023727,0.002134,0.0024513,0.0020138,0.001404,0.0019248,0.0015899,0.0016892,0.0017134,0.0018523,0.0017807,0.0020476,0.0019776,0.001757,0.0019784,0.0015938,0.0019814,0.0015661,0.0018763,0.0017383,0.001841,0.0015866,0.0015085,0.0019307,0.0015431,0.0020776,0.0022637,0.0016432,0.0019778,0.0018223,0.0021611,0.0018847,0.0016911,0.001989,0.0017224,0.0020014,0.0020034,0.0019211,0.0022674,0.0021124,0.0018978,0.0018549,0.0017089,0.0016875,0.00181,0.0018758,0.0017299,0.0019295,0.001776,0.0024142,0.0016692,0.0018592,0.0017216,0.0019044,0.0018019,0.0014481,0.0016071,0.0016964,0.0022314,0.0018028,0.0016546,0.0016732,0.0016169,0.001842,0.0018647,0.00166,0.0017156,0.0017983,0.0018164,0.0015547,0.0018977,0.0015529,0.0018752,0.0015589,0.0014118,0.0013425,0.0015975,0.0018789,0.0012731,0.0017477,0.0013833,0.0015003,0.0017041,0.0013261,0.0015351,0.0017472,0.0014491,0.0015158,0.0016001,0.0012129,0.0016396,0.0015105,0.0015302,0.0012694,0.0016151,0.0013646,0.0016005,0.0014421,0.00097585,0.001593,0.0017069,0.001206,0.001199,0.001159,0.0015536,0.0015506,0.0015227,0.0010824,0.0009682,0.00097049,0.0010011,0.0015122,0.001498,0.0010552,0.0013013,0.0010418,0.0010375,0.00088039,0.00083368,0.0011228,0.0011137,0.0014031,0.0012185,1074300.0,1105700.0,792270.0,4276700.0,2284500.0,1150800.0,5856800.0,1513400.0,1879800.0,3242500.0,2966100.0,734830.0,5652900.0,1298400.0,4052200.0,2459600.0,5070500.0,4091400.0,1340500.0,3371900.0,2502600.0,3347400.0,11704000.0,958350.0,6311800.0,749460.0,9101500.0,1591900.0,1841400.0,815570.0,3232100.0,1680500.0,5814300.0,23940000.0,2520900.0,2724900.0,4347000.0,1235900.0,1513400.0,1646200.0,2062700.0,1057700.0,2058300.0,1019200.0,7475600.0,2433400.0,1825600.0,1494000.0,2274900.0,15971000.0,952090.0,7278300.0,3995200.0,706940.0,3910700.0,1079100.0,2657700.0,17679000.0,32102000.0,2373200.0,1720700.0,1532600.0,2840700.0,1036400.0,1926200.0,3409900.0,803840.0,2871900.0,1940600.0,3915400.0,2755300.0,1446400.0,1119200.0,15048000.0,5077600.0,1340600.0,3613400.0,1673300.0,965090.0,2573300.0,3702600.0,1313000.0,893150.0,2116300.0,873820.0,1861100.0,2850800.0,4950200.0,4191200.0,2338500.0,5694300.0,1300700.0,9352900.0,4677300.0,1017700.0,1694700.0,903640.0,1769700.0,3509900.0,9918500.0,1730700.0,16523000.0,1417300.0,9919600.0,1633600.0,3256300.0,1272900.0,1628100.0,12535000.0,5115100.0,2157200.0,3869300.0,2389200.0,1225800.0,656170.0,3373000.0,11659000.0,2413800.0,1291100.0,778800.0,1922000.0,735100.0,1193700.0,2218700.0,8786700.0,4156700.0,2627900.0,3087700.0,2361300.0,1498700.0,773560.0,10411000.0,2404500.0,3548600.0,2073400.0,1371700.0,1031900.0,2014200.0,1052000.0,2853800.0,3921600.0,1159600.0,1477000.0,2103000.0,1521000.0,2210500.0,2422200.0,877170.0,6912100.0,1513500.0,9390500.0,6180200.0,809830.0,10291000.0,814480.0,1274500.0,19279000.0,683650.0,12167000.0,721740.0,5575100.0,3693400.0,3817200.0,2647300.0,5252900.0,4116200.0,4227600.0,964530.0,4135000.0,1638700.0,6369200.0,1506700.0,7610900.0,1080700.0,744550.0,4005200.0,2996600.0,1988300.0,8411500.0,2288700.0,948280.0,1205600.0,3671000.0,3568300.0,1940100.0,1475700.0,747540.0,6807100.0,5275200.0,2336700.0,637470.0,17726000.0,3323000.0,5257900.0,1142200.0,18258000.0,5431600.0,1100100.0,8580600.0,1353300.0,1434500.0,3992400.0,5297000.0,799330.0,1639500.0,973680.0,1778500.0,1568200.0,1456500.0,7851700.0,2342100.0,1425100.0,12280000.0,2793800.0,1238000.0,1263500.0,3260300.0,951930.0,4669600.0,1133200.0,1854600.0,8075300.0,4435100.0,696550.0,1421900.0,10018000.0,5258300.0,5069200.0,15394000.0,3001700.0,1931800.0,2342400.0,2994600.0,3189800.0,1882600.0,1749500.0,2275100.0,1499400.0,7215800.0,652060.0,3656200.0,8296200.0,8910100.0,1863600.0,5378600.0,4029700.0,5011000.0,864140.0,1139900.0,5361500.0,1551600.0,6587500.0,3485200.0,7122400.0,1970700.0,1638700.0,1591200.0,1087700.0,1106100.0,2208100.0,945990.0,5091800.0,3371700.0,4404800.0,3356800.0,2894200.0,2745600.0,15584000.0,14989000.0,6042000.0,4601000.0,2807600.0,6148400.0,3762100.0,1781300.0,2740300.0,1353800.0,4824200.0,3044800.0,1.5469,1.8592,4.1664,2.2424,2.4812,3.6644,1.2753,2.2406,4.2238,1.1932,1.9812,4.2105,2.4575,2.6632,4.3253,0.74408,2.0665,4.2254,1.7023,2.5311,3.8735,3.0973,2.8425,5.8667,1.1766,2.0265,4.1889,1.6976,1.7116,4.2405,1.2979,2.2923,4.2924,0.68859,2.0255,4.2114,2.8971,2.8417,4.67,5.5225,2.7365,1.3454,1.2631,2.806,3.6351,0.81114,2.1628,2.9942,2.6043,2.198,4.5955,1.4599,1.6748,3.8891,0.76549,2.7092,3.9158,1.8744,1.8461,3.5477,1.214,2.3786,3.2601,0.38398,2.2943,3.4617,1.8674,1.6217,3.4137,2.0663,2.6474,4.2079,1.9249,1.6307,3.3718,1.6647,1.6261,3.9878,0.33309,2.1976,3.1155,2.1236,2.4417,4.5486,1.5015,1.7053,3.2879,0.93775,1.9645,2.7529,3.2731,2.8336,6.0426,1.9395,1.8287,3.5224,0.85173,2.737,2.9164,1.6728,2.5967,4.0062,0.76404,1.8987,2.7343,1.0964,2.4129,3.1433,1.936,1.9299,4.4889,1.8605,1.6484,3.8996,0.64261,2.1323,3.9541,1.4363,2.5631,3.943,0.977,2.1683,3.1564,2.6564,2.3875,4.4086,2.0083,2.2101,4.7292,1.551,1.6267,3.9285,1.8897,2.0376,4.4781,1.5069,2.2152,3.2247,0.81738,2.2595,2.9795,2.4424,2.5126,4.3706,2.0343,2.4818,4.8174,1.94,2.6199,4.7877,2.617,2.3864,4.3935,1.2674,2.5321,3.8718,1.8948,2.35,4.4166,2.6718,2.9679,4.4737,0.701,2.3617,2.704,1.3433,2.0101,4.6141,1.8513,2.9913,3.6787,0.23491,2.3695,3.3704,1.7068,1.6142,4.0815,0.85223,2.2343,3.0676,2.2817,2.3021,4.7189,0.47121,2.3895,3.1292,0.71091,2.2639,3.1247,0.015294,2.8992,1.7111,2.0687,2.2353,4.6745,2.5227,2.4581,4.3213,2.2712,2.3159,5.1444,1.911,2.6294,4.1074,1.1194,1.812,4.0737,4.505,2.7906,0.72958,0.75868,2.1965,2.9599,1.4898,2.1439,4.2938,1.1858,2.2793,3.5631,1.9931,2.616,4.2577,1.6236,1.5793,4.1434,1.1709,2.5123,3.1362,0.72746,2.5317,3.7351,2.2571,1.8151,3.6759,1.3859,2.5398,3.4827,1.3602,2.5996,3.5145,1.389,1.63,4.2606,1.9364,2.6268,4.436,2.0995,2.6064,4.6457,3.3046,2.8443,6.1407,1.785,1.6009,4.2005,1.9249,1.9235,3.3667,2.5282,2.9335,5.3964,1.1874,2.5792,3.0422,2.6814,2.3789,5.0018,1.025,2.7179,4.252,1.4298,2.4979,3.5606,0.98428,1.9574,4.1731,1.7807,1.6375,4.0572,1.9814,1.9365,3.3944,6.0489,2.8982,2.8664,2.9917,2.2174,4.6715,1.5567,1.9157,4.4141,1.1614,2.544,3.3589,1.4381,2.4693,3.4012,1.7145,1.8717,3.6578,2.0543,2.4608,4.1166,1.0889,2.3884,3.2559,2.5106,1.8429,5.3434,0.99993,2.5841,3.271,1.342,2.5611,3.3105,0.24314,3.0509,3.1977,0.66892,1.9452,2.7478,1.6575,1.942,4.6351,1.5351,1.7904,4.2189,5.2098,2.7471,1.5856,0.90327,2.2379,2.9612,0.97455,2.7398,4.2471,2.3738,2.4118,3.7093,2.9438,2.294,4.9702,3.1122,2.5698,4.6282,2.1017,2.385,4.6212,2.1817,2.2313,4.1719,0.7136,2.2721,3.3337,0.66442,2.4195,3.0527,0.58757,2.2774,3.8957,2.4637,2.4409,4.5709,0.69294,2.4587,2.8495,1.2881,1.5639,4.3672,1.5884,1.914,3.554,0.39941,2.6662,2.219,3.4181,2.9074,0.27148,0.84404,2.2579,3.0643,1.6249,1.6657,4.1737,1.6809,1.9189,3.3024,0.80926,2.3434,2.9035,2.252,2.2644,4.9434,1.3554,2.5827,3.2465,1.2991,2.2247,3.6929,0.35962,2.0696,3.3377,1.7284,1.8875,3.4406,2.6376,2.0117,4.1346,2.0343,2.1524,4.9565,1.4075,1.697,3.8585,0.77005,2.0647,2.8411,2.0885,2.1081,5.0927,2.1543,2.2992,4.5834,1.5084,2.4754,4.0369,3.9912,2.808,6.1881,1.8009,2.5115,3.9736,0.59146,2.0025,4.1695,1.1749,2.613,4.2261,3.2701,2.7697,6.089,1.7053,1.5675,3.2774,0.28522,2.3964,3.4372,4.8194,3.0017,0.65119,0.43235,2.8321,3.3585,1.141,2.5517,3.1139,2.2585,2.1828,5.0352,1.6862,2.0493,4.4643,1.6548,1.62,3.3998,1.9171,2.9547,3.4476,0.75081,2.3161,2.9278,0.78936,2.3576,3.0189,0.21826,2.6709,3.3494,1.9922,2.4618,4.2873,0.67675,2.3953,2.8048,1.0216,2.3821,3.5799,1.2953,1.756,4.332,0.23023,2.3567,3.5047,1.6902,1.5967,3.2747,0.8615,2.288,2.8746,2.9124,2.8516,6.0449,1.6586,2.5044,3.9512,2.031,2.2512,4.6085,2.1407,2.6389,5.0437,1.5738,1.9535,3.8022,1.4382,1.7536,3.7648,2.3046,2.1447,4.9809,1.4884,2.5596,3.922,0.45442,2.9908,2.0937,4.4309,2.8792,0.26073,1.3336,2.8517,4.1687,1.8485,1.9861,3.8919,1.139,2.6739,2.7274,0.044387,2.7687,2.8163,1.0812,2.919,4.1975,0.47225,2.4192,2.6217,0.85974,2.0921,2.8309,0.55811,2.4893,3.4297,1.8405,2.2435,4.349,1.0531,2.8293,4.2179,0.71914,2.0692,2.9281,2.1238,1.8339,3.6938,1.4299,1.8896,3.7284,2.225,2.5685,4.6943,1.5594,1.5747,4.2004,1.2616,2.1347,3.2454,0.76026,2.1134,2.9894,0.73512,2.2454,2.6415,1.7989,2.3929,4.1919,2.2125,2.5549,4.8966,0.59432,2.0772,2.922,1.7339,1.81,3.2912,0.9005,2.9738,2.6237,0.52377,2.5333,2.5856,3.2623,2.7193,6.215,6.2704,2.871,2.7186,4.0725,2.8701,6.0343,2.4156,2.2132,3.7283,1.505,3.0565,4.5459,1.2329,2.4497,3.5056,6.0238,3.1102,2.7469,2.374,2.1661,3.7297,1.3255,1.8447,3.7129,2.374,2.3296,4.6503,2.5901,2.741,4.2753,1.2542,2.7177,4.308,1.6488,1.9281,3.801,1.2237,2.7381,3.7932,2.32,2.3269,4.906,1.3582,2.5919,3.3656,2.1436,2.3155,4.0508,0.81758,1.9803,3.3907,2.4209,2.2955,3.8139,2.3345,2.3327,3.7231,2.312,2.0142,5.0957,2.6065,2.2919,4.8317,2.4094,2.2415,3.7887,1.4535,1.6157,3.9311,2.3087,2.5677,4.904,1.7142,1.9433,3.848,0.82228,2.1095,4.1424,1.5691,1.8486,4.3541,2.2908,2.5283,4.9511,1.4449,2.4013,3.2528,5.8235,2.8053,2.1037,1.863,1.7471,3.5301,1.9227,2.8839,4.1398,2.1307,2.0011,4.843,1.1951,2.6331,4.3834,2.029,2.161,4.9568,1.6601,1.7764,3.9245,1.6403,1.9948,3.3164,1.1681,2.724,3.7388,1.0528,2.8518,3.8231,1.5892,2.4991,3.9267,1.1667,2.6626,3.6781,1.7515,1.7407,4.0794,0.71494,2.4444,2.819,1.8251,2.1486,4.4226,0.10209,2.7768,3.0273,1.0301,1.9511,4.3483,0.98464,2.2739,3.089,1.5775,2.4082,4.558,1.009,2.078,2.8305,0.80785,2.0084,2.6798,1.7016,1.7562,3.9321,0.85676,2.4355,2.9367,1.3015,1.5789,3.841,2.7709,2.6134,4.6099,1.0395,2.2504,3.6377,1.1818,2.7157,3.693,2.0108,2.0004,4.4757,0.99759,1.9602,4.2382,1.9162,1.6455,3.4337,1.7334,2.5031,3.9683,2.2725,2.5309,4.8701,2.0488,2.3514,3.5877,1.2034,3.0541,3.4621,1.3921,1.4451,4.2567,0.71937,2.9756,3.6568,1.6533,1.7193,4.2441,0.81022,1.9993,2.7165,0.53165,2.2245,4.0634,2.5864,2.5994,4.5252,2.0226,2.1003,3.4534,1.3719,2.8765,3.5307,1.088,2.2351,3.6125,2.5412,2.0463,4.4828,1.5052,1.7368,4.4195,1.5916,2.5855,3.565,2.0741,2.2903,4.0617,2.7149,2.2938,4.9604,0.44912,2.4955,2.9276
0.22563,0.35777,0.0079763,262.9,301.84,198.76,0.0014937,0.0017905,0.0010047,204.23,225.54,243.84,224.05,228.38,178.38,233.12,227.42,272.6,231.85,280.6,305.76,203.95,252.54,230.12,312.39,225.87,268.96,243.12,177.43,366.93,243.28,204.45,248.42,206.21,299.47,281.09,344.45,185.93,272.36,245.51,240.88,144.6,265.82,293.76,384.82,286.95,200.95,353.72,385.5,307.96,203.71,296.75,209.02,310.85,297.32,345.32,348.16,401.5,307.42,301.73,295.21,440.6,387.95,421.49,319.69,367.42,337.57,246.64,470.09,422.09,389.92,368.63,209.68,328.85,266.0,270.44,233.88,376.86,283.16,312.86,275.97,374.58,373.01,312.74,303.8,302.74,378.28,378.88,366.52,274.57,338.53,361.93,287.81,347.31,234.23,362.88,300.06,356.57,307.5,350.47,353.59,316.51,348.94,326.6,282.52,301.9,376.7,306.03,291.8,458.44,407.41,428.24,297.46,386.62,515.63,470.75,376.0,284.69,347.19,440.04,323.3,390.42,350.47,292.5,418.74,358.51,430.14,448.54,380.4,465.67,454.65,455.58,343.61,393.5,445.83,535.45,291.07,563.19,509.14,469.26,356.18,513.14,410.55,342.53,690.73,395.5,436.37,410.78,409.9,375.78,298.23,366.95,437.69,306.43,520.12,351.27,360.78,437.82,510.48,287.53,325.15,415.28,289.09,154.17,348.99,406.59,347.61,535.57,403.73,217.71,309.68,227.66,244.01,300.57,305.6,249.78,331.51,318.59,249.2,298.45,268.19,317.37,219.28,290.08,276.33,270.26,248.38,239.19,330.7,239.1,352.83,390.75,271.77,313.87,260.47,344.31,306.18,245.25,341.29,349.92,309.65,318.68,307.69,340.19,351.97,294.01,530.08,252.34,274.72,287.93,289.61,262.31,305.01,297.99,378.77,290.78,273.72,276.31,349.76,293.14,207.53,236.83,280.91,372.32,282.25,246.2,293.42,261.09,294.2,290.7,265.29,278.91,292.44,294.35,231.83,308.55,233.04,317.1,236.12,245.77,204.69,287.97,293.18,184.22,292.86,236.72,189.12,274.66,201.86,238.92,288.04,202.33,256.92,272.69,205.86,272.8,263.0,242.39,193.47,256.45,220.35,259.35,250.56,170.78,295.43,297.99,217.18,174.58,211.78,285.05,256.08,257.53,239.19,155.87,161.51,205.01,253.03,257.92,228.15,235.03,215.99,195.73,175.86,184.08,232.0,208.02,260.18,220.47,0.00073458,0.0010172,0.0010852,0.0011722,0.001097,0.00084435,0.001212,0.00096319,0.0014103,0.0010925,0.0014819,0.0016862,0.0010097,0.0013603,0.0011168,0.0018237,0.0013138,0.0015139,0.0015475,0.0010991,0.0021242,0.0016046,0.0012821,0.0017248,0.0014056,0.0019556,0.0016258,0.0019705,0.0013939,0.0018094,0.0015142,0.0014958,0.0010324,0.0014724,0.0017793,0.0023108,0.001774,0.0011951,0.0021265,0.0022299,0.0017534,0.0011468,0.0018722,0.0015829,0.0018863,0.0018334,0.0021454,0.0019583,0.0023849,0.0018449,0.0014683,0.0018511,0.0026022,0.0021097,0.0024712,0.0020223,0.0021592,0.0014957,0.0016474,0.002804,0.0024702,0.0023156,0.0022153,0.0013587,0.0022242,0.0017547,0.0015928,0.0017365,0.0023357,0.001781,0.0020041,0.0018885,0.0021956,0.0022326,0.0013894,0.0019766,0.0019247,0.0023604,0.0023808,0.0023202,0.0014845,0.0023125,0.002355,0.0017915,0.0014961,0.0017591,0.0015919,0.0019608,0.0021433,0.0020134,0.0021867,0.002029,0.0016154,0.0022173,0.0016836,0.0019214,0.0018821,0.0023908,0.0016462,0.0018924,0.0023366,0.0024613,0.0025616,0.0017828,0.0023671,0.0025029,0.0027487,0.0023672,0.0019458,0.0021213,0.0026436,0.0021585,0.0018515,0.0021081,0.0019545,0.0025258,0.0021543,0.002433,0.0024461,0.0018768,0.0021237,0.002631,0.0021411,0.0022663,0.0021626,0.0020938,0.0029573,0.0020152,0.0026711,0.0028803,0.0028511,0.0021185,0.0027458,0.0016664,0.0022068,0.0033892,0.0022993,0.0022482,0.0024473,0.0021972,0.0022676,0.001906,0.0020973,0.0026031,0.0021194,0.0025048,0.0021518,0.0016289,0.0021334,0.0026322,0.0018849,0.0021103,0.0022887,0.0018796,0.0012295,0.0020106,0.0023777,0.0021365,0.0024594,0.0020158,0.0014053,0.0019277,0.0015919,0.0016915,0.0017179,0.0018553,0.0017836,0.0020496,0.0019806,0.0017587,0.0019809,0.0015962,0.0019843,0.0015686,0.0018788,0.0017396,0.0018429,0.0015885,0.0015103,0.0019328,0.0015453,0.0020807,0.0022666,0.0016443,0.0019812,0.0018244,0.0021648,0.0018876,0.0016931,0.0019924,0.0017257,0.0020043,0.0020063,0.0019237,0.0022714,0.0021151,0.0019007,0.0018608,0.0017115,0.0016892,0.0018129,0.0018788,0.0017311,0.0019315,0.001779,0.0024185,0.001672,0.0018617,0.0017236,0.001908,0.0018047,0.0014496,0.0016086,0.0016984,0.002235,0.001806,0.0016569,0.0016747,0.0016182,0.0018435,0.0018668,0.0016621,0.0017174,0.0018002,0.0018176,0.0015561,0.0019008,0.001554,0.0018776,0.0015606,0.0014131,0.0013438,0.0015995,0.0018811,0.0012738,0.001749,0.0013848,0.0015015,0.0017057,0.0013274,0.0015367,0.0017489,0.0014506,0.0015164,0.001601,0.0012137,0.0016412,0.0015116,0.0015316,0.0012702,0.0016167,0.0013659,0.0016017,0.0014433,0.00097649,0.001594,0.0017083,0.0012068,0.0011994,0.0011599,0.0015549,0.0015521,0.0015234,0.0010829,0.00096865,0.000971,0.0010017,0.0015135,0.0014986,0.0010555,0.0013018,0.0010421,0.0010379,0.0008809,0.00083406,0.0011233,0.0011141,0.0014042,0.0012191,1074300.0,1105700.0,792270.0,4276700.0,2284500.0,1150800.0,5856800.0,1513400.0,1879800.0,3242500.0,2966100.0,734830.0,5652900.0,1298400.0,4052200.0,2459600.0,5070500.0,4091400.0,1340500.0,3371900.0,2502600.0,3347400.0,11704000.0,958350.0,6311800.0,749460.0,9101500.0,1591900.0,1841400.0,815570.0,3232100.0,1680500.0,5814300.0,23940000.0,2520900.0,2724900.0,4347000.0,1235900.0,1513400.0,1646200.0,2062700.0,1057700.0,2058300.0,1019200.0,7475600.0,2433400.0,1825600.0,1494000.0,2274900.0,15971000.0,952090.0,7278300.0,3995200.0,706940.0,3910700.0,1079100.0,2657700.0,17679000.0,32102000.0,2373200.0,1720700.0,1532600.0,2840700.0,1036400.0,1926200.0,3409900.0,803840.0,2871900.0,1940600.0,3915400.0,2755300.0,1446400.0,1119200.0,15048000.0,5077600.0,1340600.0,3613400.0,1673300.0,965090.0,2573300.0,3702600.0,1313000.0,893150.0,2116300.0,873820.0,1861100.0,2850800.0,4950200.0,4191200.0,2338500.0,5694300.0,1300700.0,9352900.0,4677300.0,1017700.0,1694700.0,903640.0,1769700.0,3509900.0,9918500.0,1730700.0,16523000.0,1417300.0,9919600.0,1633600.0,3256300.0,1272900.0,1628100.0,12535000.0,5115100.0,2157200.0,3869300.0,2389200.0,1225800.0,656170.0,3373000.0,11659000.0,2413800.0,1291100.0,778800.0,1922000.0,735100.0,1193700.0,2218700.0,8786700.0,4156700.0,2627900.0,3087700.0,2361300.0,1498700.0,773560.0,10411000.0,2404500.0,3548600.0,2073400.0,1371700.0,1031900.0,2014200.0,1052000.0,2853800.0,3921600.0,1159600.0,1477000.0,2103000.0,1521000.0,2210500.0,2422200.0,877170.0,6912100.0,1513500.0,9390500.0,6180200.0,809830.0,10291000.0,814480.0,1274500.0,19279000.0,683650.0,12167000.0,721740.0,5575100.0,3693400.0,3817200.0,2647300.0,5252900.0,4116200.0,4227600.0,964530.0,4135000.0,1638700.0,6369200.0,1506700.0,7610900.0,1080700.0,744550.0,4005200.0,2996600.0,1988300.0,8411500.0,2288700.0,948280.0,1205600.0,3671000.0,3568300.0,1940100.0,1475700.0,747540.0,6807100.0,5275200.0,2336700.0,637470.0,17726000.0,3323000.0,5257900.0,1142200.0,18258000.0,5431600.0,1100100.0,8580600.0,1353300.0,1434500.0,3992400.0,5297000.0,799330.0,1639500.0,973680.0,1778500.0,1568200.0,1456500.0,7851700.0,2342100.0,1425100.0,12280000.0,2793800.0,1238000.0,1263500.0,3260300.0,951930.0,4669600.0,1133200.0,1854600.0,8075300.0,4435100.0,696550.0,1421900.0,10018000.0,5258300.0,5069200.0,15394000.0,3001700.0,1931800.0,2342400.0,2994600.0,3189800.0,1882600.0,1749500.0,2275100.0,1499400.0,7215800.0,652060.0,3656200.0,8296200.0,8910100.0,1863600.0,5378600.0,4029700.0,5011000.0,864140.0,1139900.0,5361500.0,1551600.0,6587500.0,3485200.0,7122400.0,1970700.0,1638700.0,1591200.0,1087700.0,1106100.0,2208100.0,945990.0,5091800.0,3371700.0,4404800.0,3356800.0,2894200.0,2745600.0,15584000.0,14989000.0,6042000.0,4601000.0,2807600.0,6148400.0,3762100.0,1781300.0,2740300.0,1353800.0,4824200.0,3044800.0,1.547,1.8592,4.1664,2.2424,2.4812,3.6644,1.2752,2.2407,4.2238,1.193,1.9811,4.2104,2.4572,2.6632,4.3253,0.74371,2.0665,4.2255,1.7028,2.5312,3.8734,3.0975,2.8425,5.8667,1.1764,2.0265,4.1888,1.6973,1.7116,4.2404,1.298,2.2926,4.2927,0.68785,2.0254,4.2115,2.8968,2.8417,4.6703,5.5217,2.7362,1.3449,1.2633,2.8058,3.6352,0.8106,2.1628,2.9942,2.6047,2.1984,4.5961,1.4598,1.6747,3.889,0.76624,2.7097,3.9163,1.874,1.8463,3.548,1.2142,2.3785,3.2604,0.38419,2.2944,3.4613,1.8677,1.6216,3.4138,2.0665,2.647,4.2078,1.9253,1.6306,3.3718,1.665,1.626,3.9881,0.33298,2.1978,3.1153,2.1238,2.4418,4.549,1.5015,1.7054,3.2882,0.93824,1.9647,2.7529,3.2735,2.8335,6.043,1.9396,1.8288,3.5225,0.85131,2.7372,2.9165,1.6724,2.5967,4.0062,0.76433,1.8986,2.7342,1.096,2.4129,3.1434,1.9359,1.93,4.4888,1.8612,1.6484,3.8996,0.64286,2.132,3.9549,1.4371,2.5632,3.9437,0.97677,2.1685,3.156,2.657,2.3878,4.4091,2.0082,2.2101,4.7292,1.5511,1.6264,3.9285,1.8897,2.038,4.4781,1.5071,2.2154,3.2246,0.81723,2.2597,2.9789,2.4423,2.5132,4.3706,2.0347,2.4813,4.8172,1.9401,2.6199,4.7875,2.6173,2.3868,4.394,1.2673,2.5323,3.8718,1.8956,2.3504,4.417,2.6746,2.9677,4.4758,0.70162,2.3615,2.7047,1.3426,2.0099,4.6142,1.8514,2.9911,3.6783,0.23451,2.3693,3.3704,1.7069,1.6141,4.0814,0.8528,2.2347,3.0677,2.2821,2.3021,4.719,0.47024,2.3892,3.1293,0.71021,2.2641,3.1244,0.015312,2.8992,1.7103,2.0696,2.2358,4.675,2.5227,2.4587,4.3216,2.2709,2.316,5.1445,1.9109,2.6291,4.1069,1.1194,1.8118,4.0742,4.5049,2.7902,0.73023,0.75859,2.1966,2.9597,1.4903,2.144,4.2938,1.1863,2.28,3.5633,1.9927,2.6157,4.2574,1.6236,1.5794,4.1434,1.1708,2.5121,3.1363,0.72731,2.5322,3.7351,2.2576,1.815,3.6758,1.3859,2.5398,3.4828,1.3601,2.5996,3.5144,1.3889,1.63,4.2604,1.9366,2.6264,4.436,2.1002,2.6057,4.6461,3.3041,2.8446,6.1407,1.7858,1.6007,4.2006,1.9256,1.9234,3.3664,2.5289,2.9331,5.3967,1.1873,2.5791,3.0421,2.6814,2.3787,5.0017,1.0256,2.7184,4.2526,1.4298,2.4979,3.5608,0.98466,1.9578,4.1736,1.7807,1.6376,4.0571,1.9816,1.9366,3.3944,6.0499,2.8982,2.8669,2.9922,2.2172,4.6715,1.5574,1.9156,4.4145,1.1618,2.5438,3.359,1.4381,2.4693,3.4013,1.7147,1.8715,3.6578,2.0544,2.4608,4.117,1.089,2.3886,3.2561,2.5107,1.8422,5.3438,1.0,2.5837,3.2709,1.3414,2.5612,3.3102,0.24302,3.051,3.1977,0.66902,1.9458,2.7475,1.6574,1.9418,4.6356,1.5355,1.7901,4.2191,5.2098,2.7466,1.5858,0.90352,2.2382,2.9616,0.97501,2.7402,4.2478,2.3735,2.4117,3.7091,2.944,2.294,4.9702,3.1127,2.5696,4.6284,2.1021,2.3849,4.6215,2.1817,2.2316,4.172,0.71376,2.2723,3.3339,0.66474,2.4196,3.0527,0.58775,2.2779,3.8959,2.4638,2.441,4.5703,0.69249,2.4589,2.8489,1.2878,1.5638,4.3674,1.5883,1.9137,3.5545,0.39999,2.6663,2.2196,3.418,2.9072,0.27143,0.8439,2.2578,3.064,1.6249,1.6656,4.1739,1.6811,1.9192,3.3029,0.80975,2.3432,2.9038,2.2524,2.2641,4.9435,1.3557,2.5828,3.2469,1.2995,2.2249,3.6934,0.35987,2.0694,3.3384,1.7286,1.8873,3.4406,2.6377,2.0113,4.1349,2.0341,2.1525,4.9564,1.4079,1.6971,3.8587,0.77002,2.0652,2.8417,2.0886,2.108,5.093,2.1542,2.2993,4.5837,1.5086,2.4759,4.0373,3.9905,2.8068,6.1873,1.8006,2.5118,3.9732,0.59091,2.0028,4.1696,1.1744,2.6129,4.2258,3.2698,2.7694,6.0893,1.7054,1.5675,3.2774,0.28541,2.3966,3.4374,4.8187,3.0017,0.65049,0.43233,2.8323,3.3591,1.1408,2.5518,3.1144,2.2585,2.1827,5.0355,1.6867,2.0493,4.4646,1.6548,1.62,3.3999,1.9182,2.9548,3.4484,0.75091,2.3159,2.928,0.78925,2.3572,3.019,0.21809,2.671,3.3494,1.9925,2.4618,4.2873,0.67701,2.395,2.8048,1.0219,2.3826,3.5798,1.2956,1.7558,4.3321,0.23036,2.3568,3.5052,1.6901,1.5968,3.2747,0.86196,2.2877,2.8748,2.9122,2.8516,6.0452,1.6578,2.5042,3.9509,2.031,2.2514,4.6085,2.1399,2.6387,5.0432,1.5734,1.9535,3.8021,1.4386,1.7532,3.765,2.3047,2.1447,4.9807,1.4883,2.5594,3.9217,0.45415,2.9906,2.0931,4.4306,2.8788,0.26069,1.3335,2.8519,4.1684,1.8481,1.9863,3.892,1.1384,2.6739,2.7269,0.043607,2.7685,2.8162,1.0816,2.919,4.1978,0.47227,2.4188,2.6219,0.85974,2.0924,2.8308,0.55848,2.4893,3.4301,1.8412,2.2438,4.3492,1.0526,2.8294,4.2177,0.71953,2.0695,2.9276,2.124,1.8338,3.6934,1.4301,1.8898,3.7286,2.2243,2.5679,4.6934,1.5599,1.5747,4.2004,1.2615,2.1346,3.2456,0.76071,2.1137,2.9892,0.73504,2.2451,2.6415,1.799,2.393,4.192,2.2122,2.5545,4.8964,0.59434,2.0773,2.9217,1.7338,1.8102,3.2912,0.90103,2.9737,2.624,0.52353,2.5335,2.5854,3.2626,2.7192,6.2155,6.2711,2.8711,2.7196,4.0714,2.8698,6.0329,2.4158,2.2124,3.7283,1.5055,3.0565,4.5471,1.2327,2.4496,3.506,6.0203,3.1102,2.7442,2.374,2.1658,3.7295,1.3257,1.8447,3.713,2.3737,2.3296,4.6505,2.5898,2.7413,4.2758,1.2541,2.7178,4.3077,1.6482,1.9279,3.8007,1.2241,2.7379,3.7938,2.3197,2.3266,4.9056,1.3574,2.5916,3.3656,2.1433,2.316,4.0505,0.81758,1.9804,3.3907,2.4208,2.2951,3.814,2.3343,2.3324,3.723,2.3123,2.0144,5.0961,2.6062,2.2919,4.8318,2.4096,2.2415,3.7887,1.4537,1.6158,3.9313,2.3082,2.5673,4.9037,1.7137,1.9433,3.8478,0.82236,2.1094,4.1427,1.5689,1.8487,4.3544,2.2905,2.5277,4.9512,1.4448,2.4013,3.2528,5.8232,2.805,2.1034,1.863,1.747,3.5302,1.9224,2.8834,4.1392,2.131,2.0013,4.8431,1.1954,2.6332,4.3837,2.0295,2.1611,4.957,1.6602,1.7763,3.9243,1.6405,1.9946,3.3161,1.1684,2.724,3.7391,1.053,2.8518,3.823,1.5897,2.4992,3.9269,1.1667,2.6623,3.678,1.7513,1.7405,4.0794,0.71451,2.4443,2.8191,1.8249,2.1488,4.4228,0.10205,2.7767,3.0278,1.0298,1.9511,4.3486,0.98469,2.2737,3.0892,1.5773,2.4082,4.5579,1.009,2.078,2.8305,0.80805,2.0084,2.6796,1.7019,1.756,3.932,0.85646,2.4354,2.9372,1.3012,1.5789,3.841,2.7709,2.6135,4.6098,1.0394,2.2507,3.6377,1.1819,2.7155,3.6931,2.0109,2.0005,4.4757,0.99734,1.9602,4.2381,1.9164,1.6455,3.4337,1.7337,2.5032,3.9682,2.2729,2.5308,4.8699,2.0485,2.3514,3.5875,1.2032,3.054,3.4621,1.3919,1.4452,4.2567,0.71956,2.9755,3.6568,1.6534,1.7192,4.2442,0.8104,1.9993,2.7164,0.53128,2.2245,4.0636,2.5861,2.5994,4.5252,2.0226,2.1002,3.4534,1.3719,2.8763,3.5307,1.088,2.2353,3.6125,2.5412,2.0464,4.4829,1.5052,1.7368,4.4195,1.5915,2.5855,3.565,2.0742,2.2903,4.0617,2.7149,2.2936,4.9603,0.44916,2.4954,2.9276
0.22623,0.35872,0.0079929,263.2,302.29,198.8,0.0014953,0.001793,0.0010049,204.24,225.58,244.04,224.16,228.58,178.54,233.06,227.49,272.74,231.96,280.85,306.19,204.07,252.81,230.24,312.78,225.97,269.17,243.42,177.55,367.33,243.36,204.54,248.45,206.24,299.75,281.37,344.81,186.09,272.44,245.67,241.17,144.74,266.24,294.02,385.19,287.18,201.26,354.26,385.97,308.3,203.97,297.38,209.11,311.19,297.65,345.64,348.6,402.01,307.73,302.18,295.56,441.41,388.29,422.17,320.22,367.93,338.72,247.14,470.72,422.77,390.33,369.22,209.98,329.2,266.32,270.99,234.2,377.51,283.84,313.57,276.33,375.04,373.76,314.06,304.23,302.87,378.78,379.35,367.08,275.44,339.24,362.51,287.86,348.57,234.61,363.88,300.49,357.04,307.87,351.12,354.47,317.07,349.41,327.32,282.86,302.47,377.36,307.12,292.38,459.57,407.96,429.37,298.16,387.3,516.69,471.32,376.85,285.29,347.64,440.62,323.77,392.27,351.34,292.84,419.45,359.35,431.42,449.56,380.96,467.55,455.35,457.14,344.29,394.37,447.01,536.73,291.63,564.64,509.91,470.32,356.95,514.12,412.88,343.25,692.05,396.28,437.49,411.51,410.78,376.38,298.83,367.54,438.47,306.93,521.25,351.52,361.65,439.13,511.57,287.98,325.71,415.98,289.71,154.3,349.81,407.28,347.93,536.81,404.12,217.91,310.08,227.92,244.36,301.27,305.97,250.11,331.77,319.08,249.37,298.77,268.52,317.83,219.67,290.37,276.53,270.54,248.69,239.45,330.91,239.42,353.31,391.17,272.01,314.44,260.75,344.74,306.6,245.51,341.75,350.36,310.07,319.03,308.08,340.79,352.36,294.4,531.12,252.71,274.96,288.34,290.0,262.46,305.33,298.4,379.49,291.26,274.05,276.55,350.27,293.51,207.7,237.02,281.14,372.79,282.69,246.52,293.6,261.29,294.43,290.95,265.61,279.12,292.59,294.48,232.02,308.97,233.17,317.44,236.37,245.97,204.9,288.26,293.46,184.31,293.06,236.95,189.25,274.85,202.05,239.14,288.27,202.49,257.03,272.84,205.93,273.01,263.19,242.58,193.6,256.66,220.52,259.52,250.75,170.88,295.55,298.15,217.31,174.63,211.92,285.26,256.32,257.65,239.27,155.93,161.59,205.09,253.21,258.04,228.2,235.14,216.05,195.82,175.97,184.16,232.11,208.09,260.37,220.58,0.00073455,0.0010174,0.0010859,0.0011727,0.0010978,0.00084523,0.0012116,0.00096353,0.0014112,0.0010931,0.0014834,0.0016886,0.0010103,0.0013619,0.0011174,0.0018258,0.0013143,0.0015152,0.0015496,0.0011,0.0021263,0.0016051,0.0012826,0.0017253,0.0014057,0.0019573,0.0016277,0.0019726,0.0013953,0.0018101,0.0015152,0.0014979,0.0010332,0.0014746,0.0017808,0.0023128,0.0017755,0.0011968,0.0021294,0.0022326,0.0017557,0.0011482,0.0018757,0.0015839,0.0018884,0.0018355,0.0021478,0.0019614,0.0023881,0.001847,0.0014708,0.0018534,0.0026067,0.0021123,0.0024753,0.0020252,0.002163,0.0015015,0.0016496,0.0028082,0.0024734,0.0023185,0.0022187,0.0013604,0.0022265,0.0017568,0.0015961,0.0017388,0.00234,0.0017849,0.0020083,0.0018904,0.0021989,0.0022366,0.001395,0.001979,0.0019262,0.0023636,0.0023843,0.0023238,0.0014889,0.0023166,0.0023589,0.0017926,0.0015021,0.0017612,0.0015963,0.0019631,0.0021462,0.0020161,0.0021902,0.0020338,0.0016183,0.0022203,0.0016873,0.0019235,0.0018848,0.0023946,0.0016512,0.0018958,0.0023422,0.0024647,0.0025673,0.0017869,0.0023705,0.002509,0.0027523,0.002372,0.0019496,0.0021244,0.002647,0.0021614,0.0018601,0.0021128,0.0019572,0.0025295,0.0021587,0.0024398,0.0024518,0.0018806,0.00213,0.0026355,0.0021501,0.0022703,0.002167,0.0021003,0.0029646,0.002019,0.0026784,0.002885,0.0028571,0.0021227,0.0027511,0.0016767,0.0022112,0.0033966,0.0023034,0.002255,0.0024518,0.0022023,0.0022713,0.0019093,0.0021014,0.0026076,0.0021228,0.0025108,0.0021542,0.0016337,0.0021406,0.0026378,0.0018881,0.0021135,0.002293,0.0018833,0.0012309,0.0020153,0.0023816,0.0021383,0.0024663,0.0020175,0.0014065,0.0019301,0.0015936,0.0016937,0.0017218,0.0018578,0.0017858,0.0020512,0.0019832,0.0017601,0.0019831,0.0015982,0.0019867,0.0015708,0.001881,0.0017407,0.0018445,0.0015902,0.0015119,0.0019345,0.0015472,0.0020833,0.002269,0.0016454,0.0019841,0.0018263,0.002168,0.0018902,0.0016949,0.0019951,0.0017284,0.0020068,0.0020088,0.0019259,0.0022747,0.0021174,0.0019031,0.0018657,0.0017138,0.0016904,0.0018154,0.0018814,0.0017322,0.0019331,0.0017814,0.0024219,0.0016744,0.0018637,0.0017254,0.0019108,0.001807,0.0014509,0.0016098,0.0016998,0.0022379,0.0018087,0.0016589,0.0016759,0.0016193,0.0018447,0.0018685,0.0016639,0.0017187,0.0018017,0.0018185,0.0015574,0.0019033,0.0015549,0.0018796,0.0015621,0.0014143,0.001345,0.0016012,0.0018829,0.0012742,0.0017501,0.001386,0.0015025,0.001707,0.0013286,0.001538,0.0017504,0.0014519,0.001517,0.0016018,0.0012142,0.0016425,0.0015126,0.0015328,0.001271,0.001618,0.0013669,0.0016027,0.0014443,0.00097709,0.0015948,0.0017095,0.0012076,0.0011998,0.0011606,0.0015559,0.0015534,0.0015239,0.0010833,0.00096905,0.00097148,0.0010022,0.0015146,0.0014992,0.0010557,0.0013024,0.0010423,0.0010384,0.0008814,0.00083444,0.0011239,0.0011146,0.0014052,0.0012197,1074300.0,1105700.0,792270.0,4276700.0,2284500.0,1150800.0,5856800.0,1513400.0,1879800.0,3242500.0,2966100.0,734830.0,5652900.0,1298400.0,4052200.0,2459600.0,5070500.0,4091400.0,1340500.0,3371900.0,2502600.0,3347400.0,11704000.0,958350.0,6311800.0,749460.0,9101500.0,1591900.0,1841400.0,815570.0,3232100.0,1680500.0,5814300.0,23940000.0,2520900.0,2724900.0,4347000.0,1235900.0,1513400.0,1646200.0,2062700.0,1057700.0,2058300.0,1019200.0,7475600.0,2433400.0,1825600.0,1494000.0,2274900.0,15971000.0,952090.0,7278300.0,3995200.0,706940.0,3910700.0,1079100.0,2657700.0,17679000.0,32102000.0,2373200.0,1720700.0,1532600.0,2840700.0,1036400.0,1926200.0,3409900.0,803840.0,2871900.0,1940600.0,3915400.0,2755300.0,1446400.0,1119200.0,15048000.0,5077600.0,1340600.0,3613400.0,1673300.0,965090.0,2573300.0,3702600.0,1313000.0,893150.0,2116300.0,873820.0,1861100.0,2850800.0,4950200.0,4191200.0,2338500.0,5694300.0,1300700.0,9352900.0,4677300.0,1017700.0,1694700.0,903640.0,1769700.0,3509900.0,9918500.0,1730700.0,16523000.0,1417300.0,9919600.0,1633600.0,3256300.0,1272900.0,1628100.0,12535000.0,5115100.0,2157200.0,3869300.0,2389200.0,1225800.0,656170.0,3373000.0,11659000.0,2413800.0,1291100.0,778800.0,1922000.0,735100.0,1193700.0,2218700.0,8786700.0,4156700.0,2627900.0,3087700.0,2361300.0,1498700.0,773560.0,10411000.0,2404500.0,3548600.0,2073400.0,1371700.0,1031900.0,2014200.0,1052000.0,2853800.0,3921600.0,1159600.0,1477000.0,2103000.0,1521000.0,2210500.0,2422200.0,877170.0,6912100.0,1513500.0,9390500.0,6180200.0,809830.0,10291000.0,814480.0,1274500.0,19279000.0,683650.0,12167000.0,721740.0,5575100.0,3693400.0,3817200.0,2647300.0,5252900.0,4116200.0,4227600.0,964530.0,4135000.0,1638700.0,6369200.0,1506700.0,7610900.0,1080700.0,744550.0,4005200.0,2996600.0,1988300.0,8411500.0,2288700.0,948280.0,1205600.0,3671000.0,3568300.0,1940100.0,1475700.0,747540.0,6807100.0,5275200.0,2336700.0,637470.0,17726000.0,3323000.0,5257900.0,1142200.0,18258000.0,5431600.0,1100100.0,8580600.0,1353300.0,1434500.0,3992400.0,5297000.0,799330.0,1639500.0,973680.0,1778500.0,1568200.0,1456500.0,7851700.0,2342100.0,1425100.0,12280000.0,2793800.0,1238000.0,1263500.0,3260300.0,951930.0,4669600.0,1133200.0,1854600.0,8075300.0,4435100.0,696550.0,1421900.0,10018000.0,5258300.0,5069200.0,15394000.0,3001700.0,1931800.0,2342400.0,2994600.0,3189800.0,1882600.0,1749500.0,2275100.0,1499400.0,7215800.0,652060.0,3656200.0,8296200.0,8910100.0,1863600.0,5378600.0,4029700.0,5011000.0,864140.0,1139900.0,5361500.0,1551600.0,6587500.0,3485200.0,7122400.0,1970700.0,1638700.0,1591200.0,1087700.0,1106100.0,2208100.0,945990.0,5091800.0,3371700.0,4404800.0,3356800.0,2894200.0,2745600.0,15584000.0,14989000.0,6042000.0,4601000.0,2807600.0,6148400.0,3762100.0,1781300.0,2740300.0,1353800.0,4824200.0,3044800.0,1.5471,1.8593,4.1664,2.2425,2.4812,3.6644,1.2752,2.2407,4.2238,1.1929,1.9811,4.2104,2.457,2.6632,4.3254,0.74343,2.0665,4.2256,1.7031,2.5312,3.8734,3.0976,2.8425,5.8666,1.1762,2.0265,4.1888,1.6971,1.7115,4.2404,1.2981,2.2928,4.2929,0.6873,2.0253,4.2115,2.8966,2.8416,4.6706,5.5211,2.7361,1.3446,1.2634,2.8057,3.6353,0.8102,2.1628,2.9941,2.605,2.1987,4.5964,1.4597,1.6747,3.889,0.7668,2.7101,3.9166,1.8736,1.8465,3.5482,1.2143,2.3784,3.2607,0.38435,2.2944,3.461,1.8678,1.6215,3.4139,2.0666,2.6467,4.2076,1.9256,1.6305,3.3718,1.6652,1.6259,3.9882,0.33289,2.1979,3.1152,2.124,2.4419,4.5494,1.5015,1.7054,3.2884,0.9386,1.9649,2.7529,3.2738,2.8335,6.0434,1.9396,1.8289,3.5226,0.85099,2.7373,2.9166,1.672,2.5967,4.0062,0.76454,1.8986,2.7341,1.0958,2.4129,3.1435,1.9358,1.9301,4.4888,1.8618,1.6483,3.8997,0.64305,2.1318,3.9555,1.4377,2.5633,3.9442,0.97659,2.1688,3.1557,2.6574,2.3881,4.4095,2.0082,2.2101,4.7292,1.5511,1.6262,3.9285,1.8896,2.0384,4.4781,1.5072,2.2155,3.2246,0.81712,2.2599,2.9786,2.4422,2.5137,4.3706,2.035,2.4809,4.8171,1.9401,2.6199,4.7872,2.6176,2.3872,4.3944,1.2673,2.5324,3.8717,1.8962,2.3507,4.4173,2.6767,2.9675,4.4773,0.70207,2.3614,2.7052,1.342,2.0097,4.6143,1.8515,2.991,3.678,0.23421,2.3693,3.3704,1.707,1.6141,4.0814,0.85324,2.235,3.0678,2.2823,2.302,4.7191,0.46951,2.3889,3.1294,0.70969,2.2642,3.1241,0.015326,2.8992,1.7097,2.0703,2.2362,4.6754,2.5227,2.4591,4.3219,2.2707,2.3161,5.1445,1.9107,2.6289,4.1066,1.1195,1.8116,4.0746,4.5048,2.7899,0.73072,0.75852,2.1967,2.9595,1.4907,2.1442,4.2939,1.1866,2.2805,3.5634,1.9925,2.6156,4.2571,1.6237,1.5796,4.1434,1.1708,2.5119,3.1364,0.72719,2.5326,3.7352,2.258,1.815,3.6756,1.3859,2.5398,3.4828,1.36,2.5997,3.5142,1.3889,1.63,4.2602,1.9367,2.6261,4.4359,2.1008,2.6053,4.6464,3.3036,2.8447,6.1407,1.7864,1.6004,4.2007,1.9262,1.9233,3.3661,2.5294,2.9328,5.3969,1.1872,2.5791,3.0419,2.6813,2.3785,5.0016,1.0261,2.7187,4.253,1.4298,2.4979,3.561,0.98495,1.958,4.174,1.7807,1.6376,4.057,1.9817,1.9367,3.3945,6.0506,2.8982,2.8673,2.9926,2.2171,4.6715,1.5579,1.9155,4.4149,1.1621,2.5437,3.359,1.4382,2.4692,3.4014,1.7149,1.8714,3.6577,2.0545,2.4607,4.1173,1.0891,2.3888,3.2562,2.5108,1.8418,5.3442,1.0,2.5835,3.2707,1.341,2.5612,3.3099,0.24292,3.051,3.1977,0.66909,1.9462,2.7473,1.6573,1.9417,4.636,1.5358,1.7899,4.2192,5.2098,2.7463,1.5859,0.9037,2.2384,2.9619,0.97533,2.7405,4.2482,2.3733,2.4115,3.709,2.9441,2.2941,4.9702,3.113,2.5694,4.6286,2.1023,2.3848,4.6218,2.1816,2.2318,4.172,0.71387,2.2724,3.3341,0.66497,2.4197,3.0527,0.58789,2.2782,3.896,2.4638,2.441,4.5699,0.69215,2.459,2.8484,1.2875,1.5638,4.3676,1.5883,1.9135,3.5548,0.40041,2.6664,2.22,3.418,2.9071,0.27139,0.84378,2.2577,3.0639,1.6249,1.6656,4.1741,1.6812,1.9194,3.3032,0.81011,2.3431,2.904,2.2527,2.2639,4.9436,1.356,2.5829,3.2472,1.2997,2.2251,3.6938,0.36005,2.0692,3.339,1.7288,1.8872,3.4406,2.6377,2.011,4.1351,2.0339,2.1526,4.9563,1.4082,1.6971,3.8589,0.77,2.0656,2.842,2.0886,2.1078,5.0932,2.1541,2.2994,4.5838,1.5087,2.4762,4.0375,3.99,2.8059,6.1868,1.8003,2.5119,3.9729,0.5905,2.003,4.1697,1.1741,2.6128,4.2255,3.2696,2.7692,6.0895,1.7054,1.5675,3.2774,0.28556,2.3967,3.4376,4.8183,3.0017,0.64999,0.43231,2.8325,3.3596,1.1406,2.5519,3.1147,2.2585,2.1827,5.0357,1.687,2.0493,4.4648,1.6547,1.62,3.4,1.919,2.9549,3.449,0.75098,2.3157,2.9281,0.78917,2.3569,3.019,0.21796,2.6711,3.3494,1.9926,2.4619,4.2873,0.67721,2.3948,2.8049,1.0222,2.383,3.5797,1.2958,1.7557,4.3322,0.23047,2.3568,3.5055,1.69,1.5969,3.2747,0.86231,2.2874,2.8749,2.912,2.8515,6.0454,1.6573,2.5041,3.9507,2.031,2.2515,4.6085,2.1394,2.6385,5.0428,1.5731,1.9534,3.802,1.4388,1.7529,3.7651,2.3047,2.1447,4.9806,1.4882,2.5592,3.9214,0.45395,2.9904,2.0927,4.4304,2.8786,0.26067,1.3334,2.852,4.1682,1.8478,1.9864,3.892,1.138,2.6739,2.7265,0.043028,2.7683,2.816,1.0819,2.9191,4.1979,0.47229,2.4185,2.6221,0.85974,2.0926,2.8307,0.55875,2.4893,3.4303,1.8418,2.244,4.3493,1.0522,2.8295,4.2175,0.71982,2.0698,2.9272,2.1242,1.8338,3.6932,1.4303,1.8899,3.7288,2.2238,2.5676,4.6927,1.5603,1.5747,4.2004,1.2614,2.1346,3.2458,0.76105,2.114,2.989,0.73497,2.2448,2.6416,1.7991,2.3931,4.1922,2.212,2.5542,4.8963,0.59435,2.0774,2.9215,1.7338,1.8104,3.2913,0.90143,2.9736,2.6241,0.52336,2.5336,2.5853,3.2628,2.7191,6.2158,6.2716,2.8711,2.7203,4.0706,2.8696,6.0319,2.4159,2.2118,3.7283,1.5058,3.0565,4.548,1.2327,2.4496,3.5063,6.0178,3.1102,2.7422,2.374,2.1656,3.7293,1.3259,1.8447,3.7131,2.3735,2.3296,4.6508,2.5895,2.7416,4.2761,1.254,2.7178,4.3075,1.6479,1.9278,3.8005,1.2244,2.7378,3.7942,2.3195,2.3264,4.9053,1.3568,2.5914,3.3656,2.1431,2.3163,4.0504,0.81757,1.9805,3.3906,2.4207,2.2947,3.8141,2.3342,2.3323,3.7229,2.3125,2.0145,5.0964,2.606,2.292,4.8318,2.4098,2.2415,3.7886,1.4539,1.6159,3.9315,2.3079,2.567,4.9036,1.7133,1.9433,3.8477,0.82242,2.1093,4.1429,1.5687,1.8487,4.3545,2.2903,2.5273,4.9512,1.4448,2.4014,3.2528,5.8229,2.8048,2.1031,1.8629,1.747,3.5302,1.9221,2.883,4.1387,2.1313,2.0015,4.8432,1.1956,2.6334,4.3839,2.0298,2.1612,4.9572,1.6602,1.7763,3.9242,1.6406,1.9946,3.3158,1.1686,2.7239,3.7394,1.0532,2.8518,3.823,1.59,2.4993,3.927,1.1667,2.6621,3.6779,1.7511,1.7404,4.0793,0.71418,2.4442,2.8192,1.8248,2.149,4.4229,0.10202,2.7767,3.0282,1.0296,1.9512,4.3487,0.98472,2.2736,3.0893,1.5772,2.4083,4.5579,1.009,2.078,2.8304,0.8082,2.0084,2.6795,1.7021,1.7559,3.9319,0.85624,2.4353,2.9376,1.301,1.5788,3.841,2.7709,2.6135,4.6097,1.0392,2.251,3.6377,1.182,2.7154,3.6932,2.011,2.0005,4.4757,0.99714,1.9602,4.2381,1.9165,1.6455,3.4336,1.7339,2.5033,3.9682,2.2733,2.5308,4.8698,2.0484,2.3513,3.5873,1.2031,3.054,3.4621,1.3918,1.4452,4.2568,0.71971,2.9755,3.6568,1.6534,1.7191,4.2442,0.81054,1.9993,2.7164,0.531,2.2246,4.0638,2.5859,2.5994,4.5252,2.0227,2.1002,3.4535,1.3718,2.8762,3.5306,1.088,2.2354,3.6124,2.5413,2.0466,4.4829,1.5053,1.7368,4.4195,1.5915,2.5855,3.565,2.0742,2.2903,4.0617,2.715,2.2935,4.9602,0.44918,2.4953,2.9275
0.22663,0.35936,0.0080041,263.4,302.6,198.84,0.0014965,0.0017948,0.0010051,204.28,225.64,244.18,224.24,228.71,178.66,233.06,227.57,272.86,232.04,281.01,306.48,204.15,253.01,230.35,313.06,226.07,269.33,243.63,177.62,367.63,243.45,204.63,248.52,206.3,299.96,281.56,345.07,186.2,272.54,245.8,241.37,144.85,266.54,294.22,385.46,287.35,201.53,354.65,386.29,308.55,204.15,297.8,209.19,311.43,297.87,345.86,348.89,402.37,307.95,302.49,295.8,441.96,388.49,422.64,320.61,368.26,339.5,247.51,471.13,423.23,390.58,369.62,210.17,329.41,266.55,271.38,234.44,377.96,284.31,314.06,276.59,375.35,374.26,314.95,304.52,302.95,379.13,379.64,367.47,276.05,339.7,362.91,287.88,349.43,234.88,364.54,300.81,357.36,308.11,351.55,355.04,317.47,349.73,327.83,283.11,302.89,377.79,307.88,292.78,460.36,408.32,430.11,298.64,387.77,517.41,471.71,377.42,285.7,347.91,441.03,324.1,393.5,351.94,293.1,419.94,359.93,432.29,450.23,381.35,468.82,455.84,458.21,344.72,394.95,447.8,537.6,291.96,565.62,510.44,470.96,357.48,514.79,414.45,343.72,692.98,396.78,438.28,411.96,411.38,376.79,299.22,367.92,438.97,307.25,521.98,351.67,362.2,439.98,512.24,288.27,326.09,416.41,290.14,154.39,350.35,407.73,348.16,537.64,404.36,218.05,310.38,228.09,244.59,301.74,306.2,250.33,331.96,319.4,249.49,298.98,268.75,318.13,219.94,290.56,276.68,270.73,248.9,239.63,331.04,239.64,353.66,391.44,272.2,314.83,260.95,345.04,306.89,245.67,342.09,350.69,310.36,319.27,308.31,341.19,352.64,294.67,531.74,252.97,275.16,288.59,290.23,262.58,305.55,298.69,380.01,291.6,274.31,276.7,350.65,293.79,207.82,237.16,281.33,373.14,283.02,246.76,293.72,261.46,294.64,291.15,265.85,279.3,292.73,294.61,232.18,309.26,233.29,317.71,236.55,246.12,205.05,288.49,293.68,184.41,293.22,237.12,189.37,275.0,202.2,239.29,288.45,202.62,257.14,272.97,206.0,273.2,263.36,242.73,193.7,256.83,220.65,259.67,250.91,170.97,295.65,298.31,217.42,174.69,212.04,285.42,256.5,257.76,239.34,155.99,161.66,205.18,253.35,258.16,228.25,235.25,216.13,195.91,176.07,184.23,232.21,208.14,260.52,220.66,0.00073469,0.0010176,0.0010864,0.0011732,0.0010984,0.00084591,0.0012115,0.00096393,0.001412,0.0010935,0.0014845,0.0016903,0.0010107,0.0013632,0.001118,0.0018273,0.0013149,0.0015162,0.0015511,0.0011006,0.0021278,0.0016057,0.0012832,0.001726,0.0014061,0.0019586,0.001629,0.0019741,0.0013963,0.0018109,0.001516,0.0014993,0.0010338,0.0014762,0.0017819,0.0023143,0.0017766,0.0011983,0.0021317,0.0022345,0.0017575,0.0011492,0.0018781,0.0015846,0.0018899,0.001837,0.0021494,0.0019635,0.0023905,0.0018485,0.0014725,0.001855,0.0026098,0.0021141,0.0024782,0.0020273,0.0021655,0.0015055,0.0016515,0.002811,0.0024756,0.0023203,0.002221,0.0013615,0.002228,0.0017583,0.0015983,0.0017405,0.0023429,0.0017877,0.0020112,0.0018917,0.0022011,0.0022393,0.0013985,0.0019806,0.001927,0.0023658,0.0023866,0.0023263,0.0014918,0.0023193,0.0023615,0.0017933,0.0015061,0.0017626,0.0015991,0.0019647,0.0021481,0.0020178,0.0021925,0.0020371,0.0016204,0.0022224,0.0016899,0.001925,0.0018869,0.0023972,0.0016548,0.0018982,0.0023461,0.0024668,0.0025711,0.0017898,0.0023728,0.0025133,0.0027548,0.0023752,0.0019521,0.0021263,0.0026495,0.0021634,0.001866,0.0021161,0.0019594,0.0025322,0.0021618,0.0024445,0.0024555,0.0018834,0.0021339,0.0026386,0.0021563,0.0022728,0.00217,0.0021048,0.0029696,0.0020213,0.0026834,0.0028883,0.0028606,0.0021256,0.0027549,0.0016836,0.002214,0.0034013,0.0023062,0.0022597,0.0024546,0.0022058,0.0022739,0.0019115,0.0021041,0.0026104,0.002125,0.0025147,0.0021555,0.0016366,0.0021452,0.0026414,0.00189,0.0021154,0.0022958,0.0018858,0.0012318,0.0020182,0.0023841,0.0021397,0.0024708,0.0020184,0.0014075,0.0019319,0.0015947,0.0016951,0.0017243,0.0018594,0.0017874,0.0020524,0.0019849,0.001761,0.0019845,0.0015995,0.0019883,0.0015723,0.0018824,0.0017416,0.0018455,0.0015913,0.001513,0.0019356,0.0015485,0.0020853,0.0022705,0.0016464,0.001986,0.0018277,0.0021702,0.0018919,0.001696,0.0019972,0.0017305,0.0020085,0.0020106,0.0019273,0.0022768,0.0021191,0.0019048,0.0018686,0.0017154,0.0016914,0.0018169,0.0018829,0.001733,0.0019344,0.0017833,0.0024244,0.0016762,0.0018653,0.0017264,0.0019129,0.0018087,0.0014517,0.0016107,0.001701,0.0022399,0.0018108,0.0016603,0.0016767,0.0016202,0.0018459,0.0018699,0.0016653,0.0017198,0.001803,0.0018193,0.0015584,0.001905,0.0015557,0.0018812,0.0015631,0.0014152,0.0013458,0.0016024,0.0018844,0.0012748,0.0017511,0.0013869,0.0015034,0.001708,0.0013296,0.001539,0.0017515,0.0014528,0.0015175,0.0016025,0.0012148,0.0016436,0.0015134,0.0015338,0.0012716,0.0016192,0.0013678,0.0016035,0.0014452,0.00097762,0.0015955,0.0017106,0.0012083,0.0012002,0.0011613,0.0015568,0.0015545,0.0015245,0.0010837,0.0009695,0.00097193,0.0010027,0.0015155,0.0014998,0.0010561,0.0013029,0.0010428,0.0010389,0.00088191,0.00083485,0.0011244,0.0011149,0.001406,0.0012203,1074300.0,1105700.0,792270.0,4276700.0,2284500.0,1150800.0,5856800.0,1513400.0,1879800.0,3242500.0,2966100.0,734830.0,5652900.0,1298400.0,4052200.0,2459600.0,5070500.0,4091400.0,1340500.0,3371900.0,2502600.0,3347400.0,11704000.0,958350.0,6311800.0,749460.0,9101500.0,1591900.0,1841400.0,815570.0,3232100.0,1680500.0,5814300.0,23940000.0,2520900.0,2724900.0,4347000.0,1235900.0,1513400.0,1646200.0,2062700.0,1057700.0,2058300.0,1019200.0,7475600.0,2433400.0,1825600.0,1494000.0,2274900.0,15971000.0,952090.0,7278300.0,3995200.0,706940.0,3910700.0,1079100.0,2657700.0,17679000.0,32102000.0,2373200.0,1720700.0,1532600.0,2840700.0,1036400.0,1926200.0,3409900.0,803840.0,2871900.0,1940600.0,3915400.0,2755300.0,1446400.0,1119200.0,15048000.0,5077600.0,1340600.0,3613400.0,1673300.0,965090.0,2573300.0,3702600.0,1313000.0,893150.0,2116300.0,873820.0,1861100.0,2850800.0,4950200.0,4191200.0,2338500.0,5694300.0,1300700.0,9352900.0,4677300.0,1017700.0,1694700.0,903640.0,1769700.0,3509900.0,9918500.0,1730700.0,16523000.0,1417300.0,9919600.0,1633600.0,3256300.0,1272900.0,1628100.0,12535000.0,5115100.0,2157200.0,3869300.0,2389200.0,1225800.0,656170.0,3373000.0,11659000.0,2413800.0,1291100.0,778800.0,1922000.0,735100.0,1193700.0,2218700.0,8786700.0,4156700.0,2627900.0,3087700.0,2361300.0,1498700.0,773560.0,10411000.0,2404500.0,3548600.0,2073400.0,1371700.0,1031900.0,2014200.0,1052000.0,2853800.0,3921600.0,1159600.0,1477000.0,2103000.0,1521000.0,2210500.0,2422200.0,877170.0,6912100.0,1513500.0,9390500.0,6180200.0,809830.0,10291000.0,814480.0,1274500.0,19279000.0,683650.0,12167000.0,721740.0,5575100.0,3693400.0,3817200.0,2647300.0,5252900.0,4116200.0,4227600.0,964530.0,4135000.0,1638700.0,6369200.0,1506700.0,7610900.0,1080700.0,744550.0,4005200.0,2996600.0,1988300.0,8411500.0,2288700.0,948280.0,1205600.0,3671000.0,3568300.0,1940100.0,1475700.0,747540.0,6807100.0,5275200.0,2336700.0,637470.0,17726000.0,3323000.0,5257900.0,1142200.0,18258000.0,5431600.0,1100100.0,8580600.0,1353300.0,1434500.0,3992400.0,5297000.0,799330.0,1639500.0,973680.0,1778500.0,1568200.0,1456500.0,7851700.0,2342100.0,1425100.0,12280000.0,2793800.0,1238000.0,1263500.0,3260300.0,951930.0,4669600.0,1133200.0,1854600.0,8075300.0,4435100.0,696550.0,1421900.0,10018000.0,5258300.0,5069200.0,15394000.0,3001700.0,1931800.0,2342400.0,2994600.0,3189800.0,1882600.0,1749500.0,2275100.0,1499400.0,7215800.0,652060.0,3656200.0,8296200.0,8910100.0,1863600.0,5378600.0,4029700.0,5011000.0,864140.0,1139900.0,5361500.0,1551600.0,6587500.0,3485200.0,7122400.0,1970700.0,1638700.0,1591200.0,1087700.0,1106100.0,2208100.0,945990.0,5091800.0,3371700.0,4404800.0,3356800.0,2894200.0,2745600.0,15584000.0,14989000.0,6042000.0,4601000.0,2807600.0,6148400.0,3762100.0,1781300.0,2740300.0,1353800.0,4824200.0,3044800.0,1.5472,1.8593,4.1664,2.2425,2.4812,3.6643,1.2752,2.2407,4.2238,1.1928,1.981,4.2104,2.4569,2.6632,4.3254,0.74324,2.0665,4.2256,1.7033,2.5313,3.8734,3.0977,2.8425,5.8666,1.1761,2.0264,4.1887,1.697,1.7115,4.2404,1.2982,2.2929,4.293,0.68693,2.0252,4.2116,2.8964,2.8416,4.6707,5.5207,2.736,1.3444,1.2635,2.8056,3.6354,0.80993,2.1628,2.9941,2.6052,2.1989,4.5967,1.4596,1.6747,3.889,0.76718,2.7103,3.9169,1.8734,1.8466,3.5484,1.2144,2.3784,3.2609,0.38446,2.2944,3.4608,1.8679,1.6214,3.4139,2.0667,2.6465,4.2075,1.9258,1.6305,3.3718,1.6654,1.6258,3.9884,0.33284,2.198,3.1151,2.1241,2.442,4.5496,1.5015,1.7054,3.2885,0.93884,1.965,2.7529,3.274,2.8334,6.0436,1.9396,1.829,3.5227,0.85078,2.7374,2.9167,1.6718,2.5967,4.0062,0.76468,1.8986,2.7341,1.0956,2.4128,3.1435,1.9358,1.9301,4.4887,1.8622,1.6483,3.8997,0.64317,2.1317,3.9559,1.4381,2.5634,3.9446,0.97648,2.1689,3.1555,2.6577,2.3882,4.4098,2.0081,2.2101,4.7292,1.5511,1.626,3.9285,1.8896,2.0386,4.478,1.5073,2.2156,3.2245,0.81705,2.26,2.9783,2.4422,2.514,4.3705,2.0352,2.4807,4.817,1.9401,2.6199,4.7871,2.6177,2.3874,4.3947,1.2673,2.5325,3.8717,1.8967,2.3509,4.4175,2.6782,2.9674,4.4783,0.70238,2.3612,2.7055,1.3417,2.0096,4.6143,1.8516,2.9909,3.6778,0.23401,2.3692,3.3704,1.707,1.614,4.0814,0.85352,2.2352,3.0679,2.2825,2.302,4.7192,0.46903,2.3888,3.1294,0.70934,2.2643,3.124,0.01532,2.8992,1.7093,2.0707,2.2364,4.6757,2.5227,2.4593,4.322,2.2705,2.3162,5.1445,1.9106,2.6287,4.1064,1.1195,1.8115,4.0748,4.5048,2.7897,0.73104,0.75848,2.1968,2.9594,1.491,2.1443,4.2939,1.1868,2.2808,3.5634,1.9923,2.6155,4.257,1.6237,1.5796,4.1434,1.1707,2.5118,3.1364,0.72711,2.5328,3.7352,2.2582,1.815,3.6755,1.3858,2.5397,3.4829,1.36,2.5997,3.5141,1.3889,1.63,4.2601,1.9368,2.6259,4.4359,2.1011,2.605,4.6465,3.3034,2.8448,6.1406,1.7868,1.6003,4.2008,1.9265,1.9232,3.3659,2.5297,2.9326,5.3971,1.1871,2.579,3.0418,2.6813,2.3784,5.0015,1.0264,2.719,4.2534,1.4298,2.4979,3.5611,0.98514,1.9582,4.1742,1.7807,1.6377,4.0569,1.9819,1.9367,3.3945,6.0511,2.8982,2.8676,2.9928,2.217,4.6715,1.5583,1.9154,4.4151,1.1624,2.5436,3.359,1.4382,2.4692,3.4015,1.715,1.8713,3.6577,2.0545,2.4607,4.1175,1.0892,2.3889,3.2563,2.5108,1.8414,5.3444,1.0001,2.5833,3.2707,1.3407,2.5612,3.3097,0.24286,3.051,3.1977,0.66914,1.9464,2.7471,1.6572,1.9417,4.6363,1.536,1.7898,4.2193,5.2098,2.746,1.5859,0.90382,2.2385,2.9621,0.97556,2.7407,4.2485,2.3731,2.4115,3.7089,2.9442,2.2941,4.9702,3.1133,2.5692,4.6288,2.1025,2.3847,4.622,2.1816,2.232,4.172,0.71395,2.2726,3.3342,0.66513,2.4197,3.0526,0.58799,2.2785,3.8961,2.4639,2.4411,4.5696,0.69192,2.4591,2.8481,1.2874,1.5637,4.3677,1.5883,1.9134,3.5551,0.4007,2.6665,2.2203,3.4179,2.907,0.27137,0.8437,2.2577,3.0637,1.6249,1.6655,4.1742,1.6813,1.9196,3.3034,0.81034,2.343,2.9041,2.253,2.2637,4.9437,1.3562,2.5829,3.2474,1.2999,2.2252,3.694,0.36018,2.0691,3.3394,1.7289,1.8872,3.4406,2.6377,2.0108,4.1352,2.0337,2.1526,4.9563,1.4083,1.6971,3.859,0.76998,2.0659,2.8423,2.0887,2.1077,5.0933,2.1541,2.2994,4.584,1.5088,2.4764,4.0377,3.9896,2.8053,6.1864,1.8002,2.512,3.9727,0.59023,2.0031,4.1698,1.1738,2.6127,4.2254,3.2694,2.769,6.0896,1.7055,1.5676,3.2774,0.28565,2.3968,3.4378,4.8179,3.0017,0.64963,0.43231,2.8326,3.3599,1.1405,2.5519,3.115,2.2585,2.1826,5.0359,1.6873,2.0493,4.4649,1.6547,1.62,3.4001,1.9196,2.9549,3.4494,0.75103,2.3156,2.9282,0.78912,2.3568,3.0191,0.21788,2.6711,3.3494,1.9928,2.462,4.2873,0.67735,2.3946,2.8049,1.0223,2.3832,3.5797,1.2959,1.7556,4.3323,0.23054,2.3568,3.5058,1.69,1.5969,3.2746,0.86254,2.2872,2.875,2.9119,2.8515,6.0455,1.6569,2.504,3.9506,2.031,2.2516,4.6085,2.139,2.6384,5.0426,1.573,1.9534,3.8019,1.439,1.7527,3.7652,2.3047,2.1447,4.9806,1.4881,2.5591,3.9213,0.45381,2.9903,2.0924,4.4302,2.8784,0.26064,1.3333,2.852,4.168,1.8476,1.9865,3.892,1.1377,2.6739,2.7262,0.042644,2.7682,2.8159,1.0821,2.9191,4.198,0.47231,2.4183,2.6223,0.85974,2.0927,2.8306,0.55894,2.4893,3.4304,1.8422,2.2441,4.3494,1.052,2.8296,4.2175,0.72002,2.07,2.927,2.1243,1.8338,3.693,1.4304,1.8899,3.729,2.2234,2.5673,4.6923,1.5605,1.5746,4.2005,1.2613,2.1345,3.2459,0.76128,2.1141,2.9889,0.73493,2.2446,2.6416,1.7991,2.3932,4.1922,2.2118,2.5539,4.8961,0.59436,2.0774,2.9213,1.7337,1.8106,3.2913,0.9017,2.9735,2.6242,0.52325,2.5336,2.5853,3.2629,2.7191,6.216,6.2719,2.8711,2.7208,4.0701,2.8694,6.0313,2.416,2.2114,3.7283,1.5061,3.0564,4.5486,1.2326,2.4495,3.5065,6.016,3.1102,2.7409,2.374,2.1654,3.7292,1.326,1.8447,3.7132,2.3733,2.3296,4.6509,2.5893,2.7418,4.2764,1.2539,2.7179,4.3074,1.6476,1.9277,3.8004,1.2246,2.7377,3.7944,2.3194,2.3262,4.9052,1.3565,2.5913,3.3656,2.143,2.3165,4.0502,0.81757,1.9805,3.3906,2.4207,2.2945,3.8141,2.3341,2.3321,3.7229,2.3127,2.0145,5.0966,2.6058,2.292,4.8318,2.4099,2.2415,3.7886,1.454,1.6159,3.9316,2.3076,2.5668,4.9035,1.713,1.9432,3.8475,0.82246,2.1092,4.143,1.5686,1.8487,4.3547,2.2902,2.5271,4.9512,1.4448,2.4014,3.2528,5.8227,2.8046,2.1029,1.8629,1.7469,3.5302,1.922,2.8827,4.1383,2.1314,2.0016,4.8432,1.1958,2.6335,4.384,2.03,2.1612,4.9573,1.6603,1.7762,3.9241,1.6407,1.9945,3.3157,1.1687,2.7239,3.7395,1.0534,2.8519,3.8229,1.5903,2.4994,3.9271,1.1667,2.6619,3.6778,1.751,1.7403,4.0793,0.71397,2.4442,2.8193,1.8248,2.1492,4.423,0.102,2.7766,3.0284,1.0295,1.9512,4.3489,0.98475,2.2735,3.0894,1.5771,2.4083,4.5578,1.009,2.0779,2.8304,0.8083,2.0084,2.6795,1.7022,1.7558,3.9318,0.8561,2.4353,2.9378,1.3009,1.5788,3.841,2.7709,2.6135,4.6097,1.0392,2.2512,3.6377,1.182,2.7153,3.6932,2.011,2.0006,4.4757,0.99701,1.9602,4.2381,1.9166,1.6455,3.4336,1.734,2.5034,3.9681,2.2735,2.5307,4.8697,2.0483,2.3513,3.5872,1.203,3.054,3.4621,1.3917,1.4452,4.2568,0.7198,2.9754,3.6568,1.6535,1.7191,4.2442,0.81063,1.9992,2.7163,0.53082,2.2246,4.064,2.5858,2.5994,4.5253,2.0227,2.1002,3.4535,1.3718,2.8761,3.5306,1.088,2.2355,3.6124,2.5413,2.0466,4.483,1.5053,1.7368,4.4195,1.5914,2.5855,3.5649,2.0743,2.2903,4.0617,2.715,2.2934,4.9602,0.4492,2.4953,2.9275
0.22723,0.36031,0.0080207,263.68,303.03,198.87,0.0014981,0.0017972,0.0010053,204.29,225.68,244.35,224.34,228.89,178.77,233.0,227.63,273.0,232.14,281.25,306.89,204.23,253.27,230.46,313.45,226.17,269.52,243.92,177.7,368.03,243.54,204.72,248.55,206.34,300.23,281.84,345.43,186.35,272.63,245.96,241.64,144.94,266.93,294.48,385.82,287.57,201.84,355.16,386.78,308.9,204.4,298.4,209.28,311.75,298.19,346.14,349.3,402.87,308.26,302.92,296.14,442.75,388.85,423.3,321.06,368.76,340.58,248.01,471.73,423.89,390.99,370.2,210.48,329.75,266.84,271.92,234.77,378.59,284.96,314.75,276.94,375.76,374.99,316.18,304.93,303.09,379.6,380.13,368.02,276.87,340.36,363.43,287.94,350.61,235.21,365.47,301.23,357.83,308.48,352.17,355.89,318.04,350.2,328.51,283.45,303.42,378.44,308.94,293.32,461.45,408.85,431.23,299.32,388.43,518.44,472.3,378.24,286.27,348.33,441.61,324.58,395.24,352.81,293.45,420.65,360.71,433.54,451.22,381.9,470.61,456.57,459.73,345.36,395.76,448.93,538.89,292.49,566.98,511.22,471.96,358.23,515.79,416.65,344.38,694.28,397.54,439.33,412.64,412.26,377.38,299.79,368.46,439.7,307.73,523.06,351.97,363.01,441.21,513.24,288.71,326.59,417.07,290.73,154.5,351.11,408.4,348.49,538.81,404.74,218.2,310.77,228.34,244.91,302.39,306.54,250.65,332.22,319.86,249.66,299.28,269.07,318.57,220.3,290.82,276.88,271.0,249.18,239.85,331.25,239.94,354.12,391.84,272.44,315.36,261.2,345.44,307.28,245.89,342.55,351.12,310.76,319.6,308.66,341.75,353.01,295.04,532.69,253.31,275.41,288.97,290.58,262.73,305.87,299.09,380.72,292.07,274.63,276.93,351.16,294.15,207.98,237.35,281.57,373.6,283.45,247.05,293.9,261.66,294.89,291.39,266.15,279.51,292.88,294.76,232.36,309.65,233.43,318.04,236.78,246.31,205.24,288.77,293.93,184.5,293.41,237.34,189.49,275.18,202.37,239.48,288.68,202.78,257.24,273.13,206.08,273.41,263.54,242.92,193.82,257.03,220.81,259.85,251.09,171.07,295.78,298.48,217.55,174.74,212.17,285.61,256.72,257.88,239.42,156.05,161.73,205.27,253.51,258.27,228.3,235.35,216.2,196.0,176.17,184.3,232.32,208.19,260.7,220.75,0.00073467,0.0010177,0.0010869,0.0011737,0.0010991,0.00084655,0.0012112,0.00096425,0.0014129,0.0010941,0.0014859,0.0016927,0.001011,0.0013648,0.0011185,0.0018293,0.0013154,0.0015175,0.0015531,0.0011012,0.0021299,0.0016063,0.0012837,0.0017264,0.0014062,0.0019603,0.0016309,0.0019762,0.0013976,0.0018116,0.001517,0.0015012,0.0010342,0.0014783,0.0017834,0.0023163,0.0017781,0.0011999,0.0021344,0.0022373,0.0017598,0.0011505,0.0018815,0.0015857,0.0018919,0.001839,0.0021515,0.0019665,0.0023936,0.0018506,0.0014748,0.0018572,0.0026142,0.0021169,0.0024822,0.0020299,0.0021691,0.0015108,0.0016539,0.0028151,0.002479,0.0023234,0.0022243,0.0013632,0.0022303,0.0017603,0.0016015,0.0017428,0.002347,0.0017914,0.0020152,0.0018935,0.002204,0.0022433,0.0014038,0.0019828,0.0019285,0.0023688,0.0023901,0.0023298,0.0014958,0.002323,0.0023651,0.0017945,0.0015117,0.0017645,0.0016031,0.001967,0.002151,0.0020204,0.0021958,0.0020417,0.0016233,0.0022253,0.0016933,0.0019271,0.0018894,0.0024008,0.0016595,0.0019013,0.0023514,0.00247,0.0025767,0.0017938,0.0023761,0.0025192,0.0027584,0.0023799,0.0019558,0.0021291,0.002653,0.0021663,0.0018737,0.0021206,0.0019621,0.002536,0.0021659,0.0024512,0.002461,0.0018871,0.00214,0.0026433,0.0021648,0.0022766,0.0021741,0.002111,0.0029769,0.0020249,0.0026902,0.002893,0.0028662,0.0021297,0.0027603,0.0016931,0.002218,0.0034082,0.0023104,0.0022661,0.0024589,0.0022108,0.0022776,0.0019146,0.0021078,0.0026146,0.0021281,0.0025203,0.0021579,0.0016409,0.0021517,0.0026465,0.001893,0.0021182,0.0022999,0.0018892,0.001233,0.0020223,0.0023879,0.0021416,0.0024772,0.00202,0.0014084,0.0019343,0.0015963,0.001697,0.0017278,0.0018617,0.0017897,0.002054,0.0019873,0.0017624,0.0019865,0.0016014,0.0019905,0.0015743,0.0018843,0.0017427,0.001847,0.0015928,0.0015144,0.0019372,0.0015503,0.0020878,0.0022727,0.0016475,0.0019887,0.0018294,0.0021732,0.0018943,0.0016976,0.0019998,0.0017332,0.0020108,0.0020129,0.0019293,0.0022799,0.0021212,0.0019071,0.0018731,0.0017175,0.0016928,0.0018191,0.0018852,0.001734,0.001936,0.0017857,0.0024278,0.0016785,0.0018672,0.001728,0.0019157,0.0018108,0.0014528,0.0016119,0.0017025,0.0022428,0.0018134,0.0016621,0.0016779,0.0016213,0.0018471,0.0018716,0.001667,0.0017212,0.0018045,0.0018203,0.0015595,0.0019073,0.0015566,0.0018831,0.0015645,0.0014163,0.0013469,0.001604,0.0018861,0.0012753,0.0017522,0.0013881,0.0015043,0.0017092,0.0013307,0.0015402,0.0017529,0.0014541,0.0015181,0.0016033,0.0012154,0.0016449,0.0015144,0.0015349,0.0012723,0.0016205,0.0013688,0.0016045,0.0014462,0.00097816,0.0015963,0.0017117,0.0012091,0.0012006,0.001162,0.0015578,0.0015557,0.0015251,0.0010841,0.00096989,0.00097237,0.0010031,0.0015166,0.0015004,0.0010563,0.0013035,0.001043,0.0010394,0.00088236,0.00083519,0.0011249,0.0011153,0.0014069,0.0012208,1074300.0,1105700.0,792270.0,4276700.0,2284500.0,1150800.0,5856800.0,1513400.0,1879800.0,3242500.0,2966100.0,734830.0,5652900.0,1298400.0,4052200.0,2459600.0,5070500.0,4091400.0,1340500.0,3371900.0,2502600.0,3347400.0,11704000.0,958350.0,6311800.0,749460.0,9101500.0,1591900.0,1841400.0,815570.0,3232100.0,1680500.0,5814300.0,23940000.0,2520900.0,2724900.0,4347000.0,1235900.0,1513400.0,1646200.0,2062700.0,1057700.0,2058300.0,1019200.0,7475600.0,2433400.0,1825600.0,1494000.0,2274900.0,15971000.0,952090.0,7278300.0,3995200.0,706940.0,3910700.0,1079100.0,2657700.0,17679000.0,32102000.0,2373200.0,1720700.0,1532600.0,2840700.0,1036400.0,1926200.0,3409900.0,803840.0,2871900.0,1940600.0,3915400.0,2755300.0,1446400.0,1119200.0,15048000.0,5077600.0,1340600.0,3613400.0,1673300.0,965090.0,2573300.0,3702600.0,1313000.0,893150.0,2116300.0,873820.0,1861100.0,2850800.0,4950200.0,4191200.0,2338500.0,5694300.0,1300700.0,9352900.0,4677300.0,1017700.0,1694700.0,903640.0,1769700.0,3509900.0,9918500.0,1730700.0,16523000.0,1417300.0,9919600.0,1633600.0,3256300.0,1272900.0,1628100.0,12535000.0,5115100.0,2157200.0,3869300.0,2389200.0,1225800.0,656170.0,3373000.0,11659000.0,2413800.0,1291100.0,778800.0,1922000.0,735100.0,1193700.0,2218700.0,8786700.0,4156700.0,2627900.0,3087700.0,2361300.0,1498700.0,773560.0,10411000.0,2404500.0,3548600.0,2073400.0,1371700.0,1031900.0,2014200.0,1052000.0,2853800.0,3921600.0,1159600.0,1477000.0,2103000.0,1521000.0,2210500.0,2422200.0,877170.0,6912100.0,1513500.0,9390500.0,6180200.0,809830.0,10291000.0,814480.0,1274500.0,19279000.0,683650.0,12167000.0,721740.0,5575100.0,3693400.0,3817200.0,2647300.0,5252900.0,4116200.0,4227600.0,964530.0,4135000.0,1638700.0,6369200.0,1506700.0,7610900.0,1080700.0,744550.0,4005200.0,2996600.0,1988300.0,8411500.0,2288700.0,948280.0,1205600.0,3671000.0,3568300.0,1940100.0,1475700.0,747540.0,6807100.0,5275200.0,2336700.0,637470.0,17726000.0,3323000.0,5257900.0,1142200.0,18258000.0,5431600.0,1100100.0,8580600.0,1353300.0,1434500.0,3992400.0,5297000.0,799330.0,1639500.0,973680.0,1778500.0,1568200.0,1456500.0,7851700.0,2342100.0,1425100.0,12280000.0,2793800.0,1238000.0,1263500.0,3260300.0,951930.0,4669600.0,1133200.0,1854600.0,8075300.0,4435100.0,696550.0,1421900.0,10018000.0,5258300.0,5069200.0,15394000.0,3001700.0,1931800.0,2342400.0,2994600.0,3189800.0,1882600.0,1749500.0,2275100.0,1499400.0,7215800.0,652060.0,3656200.0,8296200.0,8910100.0,1863600.0,5378600.0,4029700.0,5011000.0,864140.0,1139900.0,5361500.0,1551600.0,6587500.0,3485200.0,7122400.0,1970700.0,1638700.0,1591200.0,1087700.0,1106100.0,2208100.0,945990.0,5091800.0,3371700.0,4404800.0,3356800.0,2894200.0,2745600.0,15584000.0,14989000.0,6042000.0,4601000.0,2807600.0,6148400.0,3762100.0,1781300.0,2740300.0,1353800.0,4824200.0,3044800.0,1.5472,1.8593,4.1664,2.2425,2.4813,3.6643,1.2752,2.2408,4.2238,1.1927,1.981,4.2103,2.4567,2.6632,4.3254,0.74296,2.0665,4.2257,1.7036,2.5313,3.8733,3.0978,2.8425,5.8666,1.176,2.0264,4.1886,1.6968,1.7114,4.2403,1.2983,2.2932,4.2932,0.68637,2.0251,4.2116,2.8962,2.8416,4.6709,5.52,2.7358,1.344,1.2636,2.8054,3.6354,0.80953,2.1629,2.994,2.6054,2.1993,4.5971,1.4595,1.6746,3.8889,0.76776,2.7107,3.9173,1.8731,1.8468,3.5486,1.2145,2.3783,3.2611,0.38462,2.2945,3.4605,1.8681,1.6213,3.414,2.0669,2.6462,4.2074,1.9261,1.6304,3.3718,1.6656,1.6257,3.9885,0.33275,2.1981,3.115,2.1242,2.4421,4.5499,1.5015,1.7055,3.2888,0.93921,1.9652,2.7529,3.2742,2.8334,6.0439,1.9396,1.8291,3.5228,0.85046,2.7375,2.9168,1.6715,2.5967,4.0063,0.76489,1.8985,2.734,1.0954,2.4128,3.1436,1.9357,1.9302,4.4887,1.8628,1.6482,3.8998,0.64336,2.1315,3.9566,1.4387,2.5635,3.9451,0.9763,2.1691,3.1552,2.6581,2.3885,4.4102,2.0081,2.21,4.7292,1.5511,1.6258,3.9285,1.8895,2.039,4.478,1.5074,2.2158,3.2245,0.81694,2.2602,2.9779,2.4421,2.5144,4.3705,2.0354,2.4803,4.8168,1.9402,2.6199,4.7869,2.618,2.3877,4.395,1.2673,2.5326,3.8716,1.8973,2.3512,4.4178,2.6803,2.9672,4.4799,0.70283,2.3611,2.706,1.3411,2.0094,4.6144,1.8518,2.9908,3.6776,0.23371,2.3691,3.3704,1.7071,1.614,4.0814,0.85395,2.2354,3.068,2.2828,2.302,4.7194,0.46832,2.3885,3.1295,0.70883,2.2644,3.1238,0.015336,2.8992,1.7088,2.0714,2.2368,4.676,2.5227,2.4597,4.3222,2.2703,2.3163,5.1446,1.9105,2.6285,4.1061,1.1195,1.8113,4.0752,4.5047,2.7894,0.73152,0.75841,2.1968,2.9593,1.4914,2.1444,4.294,1.1872,2.2814,3.5635,1.992,2.6153,4.2567,1.6237,1.5798,4.1434,1.1707,2.5116,3.1365,0.727,2.5332,3.7352,2.2585,1.8149,3.6754,1.3858,2.5397,3.483,1.3599,2.5997,3.514,1.3888,1.63,4.2599,1.9369,2.6256,4.4359,2.1016,2.6045,4.6468,3.3029,2.845,6.1406,1.7873,1.6001,4.2008,1.927,1.9232,3.3657,2.5303,2.9323,5.3973,1.187,2.579,3.0417,2.6812,2.3783,5.0014,1.0269,2.7193,4.2538,1.4298,2.4978,3.5613,0.98542,1.9585,4.1746,1.7807,1.6378,4.0569,1.982,1.9368,3.3945,6.0518,2.8981,2.868,2.9932,2.2168,4.6714,1.5588,1.9153,4.4155,1.1627,2.5434,3.3591,1.4383,2.4692,3.4016,1.7152,1.8712,3.6577,2.0546,2.4607,4.1179,1.0892,2.389,3.2565,2.5109,1.8409,5.3448,1.0001,2.583,3.2706,1.3402,2.5613,3.3095,0.24276,3.051,3.1976,0.66921,1.9468,2.7469,1.6571,1.9416,4.6367,1.5363,1.7896,4.2194,5.2099,2.7456,1.586,0.90399,2.2388,2.9624,0.97588,2.7411,4.249,2.3729,2.4113,3.7088,2.9444,2.2942,4.9702,3.1136,2.569,4.629,2.1028,2.3846,4.6222,2.1816,2.2322,4.1721,0.71406,2.2727,3.3344,0.66535,2.4197,3.0526,0.58812,2.2788,3.8963,2.4639,2.4411,4.5691,0.69158,2.4592,2.8476,1.2872,1.5636,4.3679,1.5883,1.9132,3.5555,0.40112,2.6665,2.2207,3.4179,2.9069,0.27135,0.84359,2.2576,3.0636,1.6248,1.6655,4.1744,1.6814,1.9198,3.3038,0.81069,2.3429,2.9043,2.2533,2.2635,4.9437,1.3564,2.583,3.2477,1.3001,2.2254,3.6944,0.36037,2.0689,3.3399,1.7291,1.8871,3.4406,2.6378,2.0105,4.1355,2.0335,2.1527,4.9562,1.4086,1.6972,3.8591,0.76996,2.0663,2.8427,2.0887,2.1076,5.0935,2.154,2.2995,4.5842,1.509,2.4768,4.038,3.9891,2.8044,6.1859,1.8,2.5122,3.9725,0.58983,2.0033,4.1699,1.1735,2.6126,4.2251,3.2692,2.7688,6.0899,1.7055,1.5676,3.2774,0.28579,2.397,3.438,4.8175,3.0017,0.64913,0.43229,2.8327,3.3603,1.1403,2.552,3.1153,2.2585,2.1826,5.0361,1.6876,2.0493,4.4651,1.6546,1.62,3.4002,1.9204,2.955,3.45,0.75111,2.3155,2.9284,0.78906,2.3565,3.0191,0.21775,2.6712,3.3494,1.993,2.462,4.2874,0.67755,2.3944,2.805,1.0226,2.3836,3.5796,1.2961,1.7555,4.3324,0.23065,2.3568,3.5061,1.6899,1.597,3.2746,0.86289,2.287,2.8751,2.9117,2.8514,6.0457,1.6563,2.5038,3.9504,2.031,2.2518,4.6085,2.1384,2.6383,5.0422,1.5727,1.9534,3.8019,1.4393,1.7524,3.7654,2.3048,2.1448,4.9805,1.488,2.5589,3.921,0.45361,2.9901,2.0919,4.43,2.8782,0.26062,1.3332,2.8521,4.1678,1.8473,1.9866,3.892,1.1372,2.6739,2.7258,0.042074,2.768,2.8158,1.0824,2.9192,4.1982,0.47233,2.418,2.6224,0.85973,2.0929,2.8305,0.55922,2.4893,3.4307,1.8427,2.2443,4.3495,1.0516,2.8297,4.2173,0.72032,2.0702,2.9266,2.1245,1.8337,3.6928,1.4306,1.89,3.7292,2.2229,2.5669,4.6916,1.5609,1.5746,4.2005,1.2613,2.1345,3.246,0.76162,2.1144,2.9887,0.73487,2.2444,2.6416,1.7992,2.3932,4.1923,2.2116,2.5536,4.896,0.59438,2.0775,2.9211,1.7337,1.8108,3.2913,0.9021,2.9734,2.6244,0.52308,2.5338,2.5852,3.2632,2.719,6.2163,6.2724,2.8711,2.7216,4.0693,2.8692,6.0303,2.4161,2.2108,3.7283,1.5064,3.0564,4.5495,1.2325,2.4495,3.5067,6.0134,3.1103,2.7388,2.374,2.1652,3.729,1.3262,1.8448,3.7132,2.3731,2.3296,4.6511,2.589,2.742,4.2767,1.2539,2.7179,4.3072,1.6472,1.9276,3.8002,1.2249,2.7375,3.7949,2.3191,2.326,4.9049,1.3559,2.591,3.3656,2.1428,2.3168,4.0501,0.81757,1.9806,3.3906,2.4206,2.2941,3.8142,2.3339,2.332,3.7228,2.3129,2.0147,5.0969,2.6056,2.292,4.8319,2.41,2.2415,3.7885,1.4542,1.616,3.9317,2.3073,2.5665,4.9033,1.7126,1.9432,3.8474,0.82251,2.1091,4.1432,1.5684,1.8488,4.3548,2.29,2.5267,4.9512,1.4447,2.4015,3.2528,5.8224,2.8044,2.1027,1.8629,1.7469,3.5303,1.9217,2.8823,4.1378,2.1317,2.0017,4.8433,1.196,2.6336,4.3843,2.0303,2.1613,4.9575,1.6604,1.7762,3.924,1.6408,1.9944,3.3155,1.169,2.7239,3.7398,1.0536,2.8519,3.8228,1.5906,2.4995,3.9273,1.1667,2.6617,3.6778,1.7509,1.7402,4.0793,0.71364,2.4441,2.8194,1.8247,2.1494,4.4231,0.10197,2.7766,3.0288,1.0293,1.9512,4.349,0.98479,2.2734,3.0895,1.577,2.4083,4.5578,1.0091,2.0779,2.8304,0.80845,2.0084,2.6793,1.7024,1.7557,3.9317,0.85587,2.4352,2.9382,1.3006,1.5787,3.841,2.7709,2.6136,4.6096,1.039,2.2515,3.6377,1.1821,2.7151,3.6933,2.0111,2.0006,4.4757,0.99681,1.9602,4.238,1.9167,1.6455,3.4336,1.7342,2.5034,3.9681,2.2738,2.5306,4.8696,2.0481,2.3513,3.587,1.2029,3.0539,3.4621,1.3915,1.4452,4.2568,0.71994,2.9754,3.6568,1.6536,1.719,4.2443,0.81077,1.9992,2.7163,0.53054,2.2247,4.0642,2.5856,2.5994,4.5253,2.0228,2.1001,3.4535,1.3717,2.876,3.5306,1.0881,2.2356,3.6123,2.5413,2.0468,4.483,1.5053,1.7368,4.4195,1.5914,2.5855,3.5649,2.0743,2.2903,4.0616,2.7151,2.2932,4.9601,0.44922,2.4952,2.9274
0.22812,0.36174,0.0080455,264.07,303.63,198.89,0.0015002,0.0018006,0.0010055,204.25,225.71,244.61,224.46,229.16,178.89,232.87,227.68,273.18,232.31,281.61,307.49,204.35,253.68,230.61,314.02,226.27,269.8,244.35,177.8,368.59,243.58,204.78,248.5,206.32,300.62,282.26,345.96,186.58,272.66,246.2,242.07,145.03,267.5,294.81,386.36,287.9,202.15,355.88,387.52,309.41,204.77,299.33,209.42,312.22,298.67,346.6,349.97,403.62,308.72,303.55,296.64,443.94,389.44,424.27,321.7,369.55,342.13,248.68,472.68,424.86,391.65,371.03,210.95,330.31,267.26,272.69,235.15,379.51,285.9,315.75,277.42,376.38,376.05,318.03,305.53,303.32,380.24,380.91,368.82,278.03,341.35,364.19,288.01,352.38,235.68,366.86,301.76,358.5,309.04,353.09,357.18,318.8,350.82,329.48,283.89,304.14,379.39,310.39,294.09,463.01,409.64,432.94,300.3,389.32,519.95,473.19,379.46,287.12,348.91,442.44,325.29,397.84,354.05,293.95,421.68,361.82,435.39,452.64,382.72,473.27,457.66,461.91,346.26,396.91,450.59,540.75,293.22,568.93,512.33,473.4,359.28,517.27,419.91,345.32,696.2,398.66,440.78,413.63,413.52,378.21,300.57,369.23,440.71,308.43,524.59,352.4,364.24,442.98,514.67,289.34,327.28,418.01,291.57,154.68,352.18,409.38,348.95,540.5,405.26,218.42,311.3,228.67,245.34,303.34,307.01,251.09,332.58,320.52,249.9,299.68,269.52,319.18,220.81,291.21,277.13,271.37,249.57,240.17,331.56,240.36,354.78,392.41,272.74,316.1,261.52,345.99,307.81,246.21,343.2,351.68,311.3,320.06,309.17,342.53,353.53,295.57,534.07,253.78,275.77,289.52,291.1,262.91,306.29,299.66,381.7,292.72,275.07,277.24,351.88,294.66,208.21,237.6,281.91,374.26,284.02,247.46,294.16,261.94,295.23,291.71,266.56,279.8,293.07,294.96,232.6,310.21,233.62,318.51,237.1,246.57,205.51,289.15,294.28,184.63,293.67,237.64,189.64,275.42,202.58,239.75,288.98,202.98,257.38,273.34,206.18,273.69,263.78,243.17,193.97,257.29,221.02,260.08,251.33,171.19,295.96,298.69,217.71,174.78,212.33,285.86,257.01,258.03,239.54,156.13,161.82,205.37,253.73,258.41,228.36,235.48,216.27,196.11,176.29,184.38,232.45,208.24,260.94,220.85,0.00073432,0.0010177,0.0010878,0.0011743,0.0011003,0.00084721,0.0012103,0.00096446,0.001414,0.001095,0.0014881,0.0016963,0.0010115,0.0013672,0.0011192,0.0018325,0.0013159,0.0015194,0.0015561,0.001102,0.0021327,0.0016066,0.001284,0.0017265,0.0014059,0.0019629,0.0016338,0.0019792,0.0013995,0.0018119,0.0015185,0.0015041,0.0010346,0.0014814,0.0017852,0.0023192,0.0017803,0.001201,0.0021383,0.0022414,0.0017631,0.0011524,0.0018863,0.0015872,0.0018947,0.0018419,0.0021548,0.0019711,0.002398,0.0018536,0.0014781,0.0018605,0.0026207,0.0021211,0.002488,0.0020335,0.0021745,0.0015183,0.0016564,0.0028212,0.0024835,0.0023281,0.002229,0.0013657,0.002234,0.001763,0.001606,0.0017458,0.0023531,0.0017968,0.0020211,0.0018961,0.0022083,0.0022489,0.0014124,0.0019863,0.0019309,0.002373,0.0023955,0.0023349,0.0015018,0.0023286,0.0023702,0.0017961,0.0015204,0.0017671,0.0016094,0.0019698,0.0021551,0.0020244,0.0022007,0.0020485,0.001627,0.0022291,0.0016982,0.0019299,0.0018927,0.0024062,0.0016658,0.0019058,0.0023588,0.0024748,0.0025853,0.0017995,0.0023805,0.0025277,0.0027638,0.0023866,0.001961,0.002133,0.0026579,0.0021706,0.0018851,0.002127,0.0019659,0.0025415,0.0021717,0.0024613,0.0024688,0.001892,0.0021499,0.0026501,0.0021773,0.0022819,0.0021798,0.0021202,0.0029873,0.0020298,0.0027004,0.0028998,0.0028744,0.0021354,0.0027683,0.0017076,0.0022237,0.0034184,0.0023166,0.0022757,0.0024649,0.0022179,0.0022828,0.0019189,0.0021129,0.0026205,0.0021327,0.0025285,0.0021613,0.0016472,0.0021609,0.0026538,0.0018973,0.0021221,0.0023058,0.001894,0.0012347,0.002028,0.0023934,0.0021443,0.0024862,0.0020221,0.0014098,0.0019375,0.0015986,0.0016995,0.0017329,0.0018649,0.0017928,0.0020563,0.0019906,0.0017644,0.0019893,0.001604,0.0019937,0.001577,0.0018872,0.0017442,0.0018491,0.0015948,0.0015165,0.0019396,0.0015527,0.0020913,0.0022758,0.0016486,0.0019924,0.0018316,0.0021773,0.0018975,0.0016998,0.0020035,0.0017366,0.002014,0.0020161,0.0019322,0.0022843,0.0021243,0.0019103,0.0018799,0.0017203,0.0016947,0.0018224,0.0018885,0.0017353,0.0019382,0.001789,0.0024325,0.0016815,0.00187,0.0017302,0.0019196,0.001814,0.0014545,0.0016136,0.0017047,0.0022467,0.0018168,0.0016646,0.0016795,0.0016228,0.0018489,0.0018739,0.0016693,0.0017231,0.0018065,0.0018216,0.0015611,0.0019107,0.0015579,0.0018858,0.0015663,0.0014177,0.0013484,0.0016062,0.0018885,0.001276,0.0017537,0.0013897,0.0015057,0.0017109,0.0013321,0.0015418,0.0017548,0.0014557,0.0015187,0.0016044,0.0012162,0.0016466,0.0015155,0.0015365,0.0012732,0.0016222,0.0013702,0.0016058,0.0014475,0.00097883,0.0015975,0.0017133,0.00121,0.001201,0.0011628,0.0015591,0.0015573,0.0015258,0.0010846,0.00097038,0.00097284,0.0010037,0.001518,0.0015011,0.0010566,0.0013041,0.0010433,0.0010399,0.00088288,0.00083556,0.0011255,0.0011157,0.0014081,0.0012213,1074300.0,1105700.0,792270.0,4276700.0,2284500.0,1150800.0,5856800.0,1513400.0,1879800.0,3242500.0,2966100.0,734830.0,5652900.0,1298400.0,4052200.0,2459600.0,5070500.0,4091400.0,1340500.0,3371900.0,2502600.0,3347400.0,11704000.0,958350.0,6311800.0,749460.0,9101500.0,1591900.0,1841400.0,815570.0,3232100.0,1680500.0,5814300.0,23940000.0,2520900.0,2724900.0,4347000.0,1235900.0,1513400.0,1646200.0,2062700.0,1057700.0,2058300.0,1019200.0,7475600.0,2433400.0,1825600.0,1494000.0,2274900.0,15971000.0,952090.0,7278300.0,3995200.0,706940.0,3910700.0,1079100.0,2657700.0,17679000.0,32102000.0,2373200.0,1720700.0,1532600.0,2840700.0,1036400.0,1926200.0,3409900.0,803840.0,2871900.0,1940600.0,3915400.0,2755300.0,1446400.0,1119200.0,15048000.0,5077600.0,1340600.0,3613400.0,1673300.0,965090.0,2573300.0,3702600.0,1313000.0,893150.0,2116300.0,873820.0,1861100.0,2850800.0,4950200.0,4191200.0,2338500.0,5694300.0,1300700.0,9352900.0,4677300.0,1017700.0,1694700.0,903640.0,1769700.0,3509900.0,9918500.0,1730700.0,16523000.0,1417300.0,9919600.0,1633600.0,3256300.0,1272900.0,1628100.0,12535000.0,5115100.0,2157200.0,3869300.0,2389200.0,1225800.0,656170.0,3373000.0,11659000.0,2413800.0,1291100.0,778800.0,1922000.0,735100.0,1193700.0,2218700.0,8786700.0,4156700.0,2627900.0,3087700.0,2361300.0,1498700.0,773560.0,10411000.0,2404500.0,3548600.0,2073400.0,1371700.0,1031900.0,2014200.0,1052000.0,2853800.0,3921600.0,1159600.0,1477000.0,2103000.0,1521000.0,2210500.0,2422200.0,877170.0,6912100.0,1513500.0,9390500.0,6180200.0,809830.0,10291000.0,814480.0,1274500.0,19279000.0,683650.0,12167000.0,721740.0,5575100.0,3693400.0,3817200.0,2647300.0,5252900.0,4116200.0,4227600.0,964530.0,4135000.0,1638700.0,6369200.0,1506700.0,7610900.0,1080700.0,744550.0,4005200.0,2996600.0,1988300.0,8411500.0,2288700.0,948280.0,1205600.0,3671000.0,3568300.0,1940100.0,1475700.0,747540.0,6807100.0,5275200.0,2336700.0,637470.0,17726000.0,3323000.0,5257900.0,1142200.0,18258000.0,5431600.0,1100100.0,8580600.0,1353300.0,1434500.0,3992400.0,5297000.0,799330.0,1639500.0,973680.0,1778500.0,1568200.0,1456500.0,7851700.0,2342100.0,1425100.0,12280000.0,2793800.0,1238000.0,1263500.0,3260300.0,951930.0,4669600.0,1133200.0,1854600.0,8075300.0,4435100.0,696550.0,1421900.0,10018000.0,5258300.0,5069200.0,15394000.0,3001700.0,1931800.0,2342400.0,2994600.0,3189800.0,1882600.0,1749500.0,2275100.0,1499400.0,7215800.0,652060.0,3656200.0,8296200.0,8910100.0,1863600.0,5378600.0,4029700.0,5011000.0,864140.0,1139900.0,5361500.0,1551600.0,6587500.0,3485200.0,7122400.0,1970700.0,1638700.0,1591200.0,1087700.0,1106100.0,2208100.0,945990.0,5091800.0,3371700.0,4404800.0,3356800.0,2894200.0,2745600.0,15584000.0,14989000.0,6042000.0,4601000.0,2807600.0,6148400.0,3762100.0,1781300.0,2740300.0,1353800.0,4824200.0,3044800.0,1.5473,1.8593,4.1664,2.2426,2.4813,3.6643,1.2751,2.2408,4.2238,1.1925,1.9809,4.2102,2.4564,2.6632,4.3255,0.74254,2.0665,4.2258,1.7041,2.5314,3.8732,3.098,2.8424,5.8666,1.1757,2.0264,4.1885,1.6965,1.7113,4.2402,1.2984,2.2935,4.2935,0.68553,2.0249,4.2117,2.8958,2.8416,4.6713,5.5191,2.7355,1.3435,1.2637,2.8052,3.6355,0.80893,2.1629,2.9939,2.6058,2.1998,4.5976,1.4594,1.6746,3.8888,0.76862,2.7113,3.9179,1.8726,1.847,3.5489,1.2146,2.3782,3.2615,0.38486,2.2945,3.4601,1.8684,1.6212,3.4141,2.0671,2.6458,4.2072,1.9265,1.6303,3.3718,1.6658,1.6255,3.9888,0.33262,2.1983,3.1148,2.1244,2.4422,4.5504,1.5014,1.7055,3.2891,0.93975,1.9654,2.753,3.2747,2.8333,6.0444,1.9397,1.8292,3.523,0.84999,2.7377,2.9169,1.671,2.5967,4.0063,0.7652,1.8985,2.7339,1.095,2.4128,3.1437,1.9356,1.9303,4.4886,1.8636,1.6482,3.8999,0.64364,2.1311,3.9575,1.4396,2.5636,3.9459,0.97603,2.1694,3.1548,2.6587,2.3888,4.4107,2.008,2.21,4.7292,1.5512,1.6255,3.9285,1.8895,2.0395,4.4779,1.5076,2.216,3.2244,0.81677,2.2604,2.9773,2.4419,2.5151,4.3704,2.0358,2.4798,4.8166,1.9402,2.6199,4.7866,2.6183,2.3882,4.3956,1.2672,2.5328,3.8716,1.8982,2.3517,4.4182,2.6835,2.9669,4.4822,0.7035,2.3609,2.7067,1.3403,2.0092,4.6146,1.852,2.9906,3.6772,0.23327,2.369,3.3704,1.7072,1.6139,4.0814,0.8546,2.2359,3.0681,2.2833,2.302,4.7195,0.46727,2.3881,3.1296,0.70807,2.2646,3.1234,0.015348,2.8992,1.7079,2.0724,2.2373,4.6766,2.5227,2.4603,4.3226,2.2699,2.3164,5.1446,1.9103,2.6282,4.1056,1.1195,1.811,4.0757,4.5046,2.7889,0.73225,0.75831,2.197,2.959,1.4919,2.1446,4.294,1.1877,2.2821,3.5637,1.9916,2.615,4.2564,1.6237,1.58,4.1434,1.1706,2.5114,3.1366,0.72682,2.5337,3.7352,2.2591,1.8149,3.6752,1.3858,2.5396,3.4831,1.3598,2.5997,3.5138,1.3887,1.63,4.2597,1.9371,2.6251,4.4358,2.1024,2.6038,4.6472,3.3023,2.8452,6.1405,1.7882,1.5998,4.201,1.9278,1.923,3.3653,2.531,2.9318,5.3976,1.1868,2.5789,3.0415,2.6812,2.378,5.0012,1.0275,2.7199,4.2545,1.4298,2.4978,3.5615,0.98583,1.9588,4.1752,1.7806,1.6379,4.0568,1.9822,1.9369,3.3945,6.0528,2.8981,2.8685,2.9937,2.2166,4.6714,1.5596,1.9151,4.416,1.1632,2.5432,3.3591,1.4384,2.4692,3.4017,1.7154,1.871,3.6577,2.0546,2.4607,4.1183,1.0893,2.3893,3.2567,2.511,1.8402,5.3453,1.0002,2.5827,3.2704,1.3395,2.5613,3.3091,0.24258,3.051,3.1976,0.6693,1.9475,2.7466,1.657,1.9414,4.6373,1.5367,1.7893,4.2196,5.2099,2.7451,1.5862,0.90424,2.2391,2.9628,0.97637,2.7415,4.2496,2.3726,2.4112,3.7087,2.9446,2.2942,4.9702,3.1142,2.5687,4.6292,2.1032,2.3845,4.6227,2.1815,2.2325,4.1721,0.71423,2.2729,3.3347,0.66567,2.4198,3.0525,0.58832,2.2794,3.8965,2.464,2.4412,4.5685,0.69107,2.4594,2.8469,1.2868,1.5636,4.3681,1.5883,1.9129,3.556,0.40175,2.6666,2.2213,3.4178,2.9067,0.27132,0.84341,2.2575,3.0633,1.6248,1.6654,4.1746,1.6815,1.9201,3.3043,0.8112,2.3427,2.9046,2.2538,2.2632,4.9438,1.3568,2.5831,3.2482,1.3004,2.2256,3.695,0.36066,2.0687,3.3408,1.7293,1.8869,3.4406,2.6378,2.0101,4.1358,2.0332,2.1528,4.9561,1.409,1.6972,3.8594,0.76992,2.0669,2.8432,2.0888,2.1074,5.0938,2.1539,2.2996,4.5844,1.5092,2.4773,4.0385,3.9883,2.803,6.1851,1.7996,2.5124,3.9721,0.58922,2.0035,4.1701,1.1729,2.6125,4.2248,3.2688,2.7685,6.0902,1.7056,1.5676,3.2774,0.28599,2.3972,3.4383,4.8168,3.0016,0.64838,0.43227,2.833,3.361,1.14,2.5521,3.1158,2.2584,2.1825,5.0364,1.6882,2.0493,4.4655,1.6546,1.6201,3.4004,1.9216,2.9551,3.4509,0.75123,2.3152,2.9286,0.78896,2.3561,3.0192,0.21756,2.6713,3.3494,1.9932,2.4621,4.2874,0.67786,2.3941,2.805,1.023,2.3841,3.5795,1.2965,1.7553,4.3325,0.23082,2.3569,3.5066,1.6898,1.597,3.2746,0.86341,2.2866,2.8753,2.9115,2.8514,6.046,1.6555,2.5036,3.9501,2.031,2.252,4.6084,2.1375,2.638,5.0416,1.5723,1.9533,3.8017,1.4397,1.752,3.7656,2.3048,2.1448,4.9803,1.4879,2.5587,3.9206,0.45332,2.9899,2.0913,4.4296,2.8778,0.26059,1.333,2.8523,4.1674,1.8468,1.9868,3.892,1.1365,2.674,2.7252,0.041232,2.7677,2.8156,1.0828,2.9193,4.1985,0.47238,2.4176,2.6227,0.85972,2.0932,2.8304,0.55964,2.4893,3.431,1.8436,2.2446,4.3497,1.0511,2.8299,4.2171,0.72076,2.0706,2.9261,2.1248,1.8337,3.6924,1.4308,1.8902,3.7295,2.2221,2.5663,4.6905,1.5614,1.5745,4.2005,1.2611,2.1344,3.2462,0.76214,2.1148,2.9885,0.73477,2.244,2.6417,1.7993,2.3933,4.1925,2.2113,2.5531,4.8957,0.59441,2.0776,2.9207,1.7336,1.8111,3.2913,0.9027,2.9732,2.6247,0.52282,2.5339,2.5851,3.2635,2.7188,6.2168,6.2731,2.8712,2.7227,4.0682,2.8688,6.0288,2.4163,2.21,3.7282,1.5069,3.0564,4.5508,1.2324,2.4495,3.5072,6.0094,3.1103,2.7357,2.374,2.1649,3.7287,1.3264,1.8448,3.7133,2.3727,2.3296,4.6515,2.5886,2.7424,4.2772,1.2537,2.718,4.3069,1.6466,1.9274,3.7999,1.2254,2.7373,3.7955,2.3188,2.3257,4.9045,1.355,2.5907,3.3655,2.1425,2.3173,4.0498,0.81756,1.9808,3.3905,2.4205,2.2936,3.8143,2.3338,2.3317,3.7227,2.3132,2.0148,5.0974,2.6052,2.292,4.832,2.4103,2.2415,3.7884,1.4544,1.6161,3.9319,2.3067,2.5661,4.9031,1.712,1.9432,3.8472,0.8226,2.109,4.1435,1.5681,1.8488,4.3551,2.2897,2.5261,4.9512,1.4447,2.4015,3.2527,5.8219,2.804,2.1022,1.8629,1.7468,3.5303,1.9214,2.8817,4.1371,2.1321,2.002,4.8434,1.1963,2.6338,4.3846,2.0308,2.1613,4.9577,1.6605,1.7761,3.9239,1.641,1.9943,3.3151,1.1693,2.7239,3.7401,1.0539,2.8519,3.8227,1.5911,2.4996,3.9275,1.1667,2.6614,3.6776,1.7507,1.74,4.0792,0.71316,2.444,2.8195,1.8245,2.1497,4.4233,0.10193,2.7765,3.0294,1.0291,1.9513,4.3493,0.98484,2.2732,3.0897,1.5768,2.4083,4.5577,1.0091,2.0779,2.8304,0.80867,2.0084,2.6792,1.7027,1.7555,3.9316,0.85554,2.4351,2.9388,1.3003,1.5787,3.8411,2.7709,2.6137,4.6095,1.0388,2.2519,3.6376,1.1821,2.7149,3.6934,2.0113,2.0007,4.4757,0.99652,1.9602,4.238,1.917,1.6455,3.4336,1.7344,2.5036,3.968,2.2742,2.5305,4.8694,2.0479,2.3512,3.5867,1.2028,3.0539,3.462,1.3913,1.4452,4.2569,0.72016,2.9753,3.6568,1.6537,1.7189,4.2443,0.81098,1.9992,2.7162,0.53013,2.2247,4.0645,2.5852,2.5994,4.5254,2.0229,2.1,3.4536,1.3717,2.8759,3.5305,1.0881,2.2358,3.6122,2.5414,2.0469,4.4831,1.5054,1.7368,4.4195,1.5913,2.5854,3.5649,2.0744,2.2903,4.0616,2.7152,2.293,4.96,0.44926,2.4951,2.9274
0.22879,0.3628,0.0080642,264.39,304.13,198.92,0.001502,0.0018034,0.0010056,204.28,225.77,244.82,224.58,229.36,179.02,232.82,227.77,273.35,232.42,281.87,307.94,204.45,253.97,230.76,314.46,226.4,270.04,244.67,177.89,369.06,243.71,204.9,248.57,206.39,300.94,282.56,346.35,186.74,272.8,246.39,242.38,145.16,267.93,295.13,386.8,288.18,202.56,356.5,388.06,309.8,205.04,300.01,209.54,312.61,299.02,346.99,350.5,404.22,309.08,304.04,297.02,444.88,389.84,425.06,322.29,370.16,343.37,249.27,473.42,425.65,392.1,371.66,211.3,330.73,267.61,273.29,235.54,380.23,286.64,316.54,277.84,376.91,376.92,319.55,306.04,303.48,380.83,381.5,369.46,279.02,342.13,364.82,288.05,353.88,236.11,368.04,302.25,359.04,309.48,353.85,358.2,319.44,351.34,330.3,284.27,304.79,380.16,311.61,294.76,464.28,410.28,434.26,301.09,390.08,521.14,473.87,380.45,287.82,349.37,443.09,325.84,399.99,355.02,294.34,422.48,362.8,436.91,453.77,383.37,475.44,458.5,463.74,346.97,397.85,451.96,542.24,293.78,570.59,513.25,474.52,360.14,518.4,422.51,346.09,697.67,399.55,442.08,414.4,414.52,378.9,301.18,369.86,441.55,308.95,525.88,352.66,365.25,444.44,515.86,289.81,327.87,418.79,292.31,154.84,353.1,410.2,349.24,541.9,405.7,218.65,311.72,228.93,245.73,304.17,307.44,251.41,332.82,321.06,250.08,300.02,269.89,319.69,221.25,291.52,277.32,271.68,249.9,240.46,331.78,240.7,355.29,392.87,272.99,316.72,261.83,346.44,308.26,246.47,343.68,352.14,311.74,320.43,309.59,343.17,353.96,295.98,535.07,254.16,276.02,289.93,291.49,263.08,306.64,300.07,382.45,293.2,275.4,277.46,352.41,295.04,208.36,237.8,282.14,374.73,284.45,247.78,294.31,262.2,295.52,291.94,266.86,280.01,293.18,295.12,232.81,310.64,233.78,318.88,237.32,246.75,205.7,289.42,294.54,184.74,293.89,237.83,189.76,275.59,202.75,239.91,289.21,203.13,257.52,273.52,206.26,273.91,263.97,243.37,194.08,257.45,221.14,260.29,251.51,171.28,296.11,298.86,217.82,174.82,212.42,285.99,257.18,258.18,239.64,156.2,161.84,205.42,253.87,258.58,228.44,235.61,216.34,196.2,176.39,184.44,232.52,208.24,261.06,220.87,0.00073438,0.0010179,0.0010884,0.001175,0.0011011,0.00084794,0.00121,0.00096492,0.0014151,0.0010957,0.0014897,0.0016989,0.0010119,0.0013689,0.00112,0.0018348,0.0013166,0.001521,0.0015583,0.0011027,0.0021352,0.0016074,0.0012847,0.0017273,0.0014062,0.001965,0.0016358,0.0019814,0.0014009,0.001813,0.0015197,0.0015062,0.0010352,0.0014837,0.001787,0.0023216,0.0017821,0.0012031,0.0021418,0.0022445,0.0017658,0.0011538,0.00189,0.0015885,0.0018971,0.0018441,0.0021576,0.0019748,0.0024018,0.001856,0.0014808,0.001863,0.0026259,0.0021243,0.0024927,0.0020367,0.002179,0.0015245,0.0016592,0.0028261,0.0024872,0.0023313,0.0022326,0.0013677,0.0022368,0.0017653,0.0016095,0.0017485,0.0023579,0.0018011,0.0020257,0.0018984,0.002212,0.0022536,0.0014195,0.0019891,0.0019327,0.0023768,0.0023999,0.0023391,0.0015068,0.0023331,0.0023746,0.0017973,0.0015279,0.0017696,0.0016148,0.0019724,0.0021584,0.0020276,0.0022049,0.0020542,0.0016304,0.0022324,0.0017026,0.0019323,0.001896,0.0024106,0.0016714,0.0019098,0.002365,0.0024787,0.002592,0.0018042,0.0023842,0.0025347,0.0027682,0.0023923,0.0019655,0.0021363,0.0026619,0.002174,0.0018953,0.0021323,0.0019691,0.0025458,0.0021769,0.0024696,0.0024751,0.0018963,0.0021576,0.0026554,0.0021881,0.0022861,0.0021848,0.0021279,0.0029959,0.0020336,0.0027089,0.0029054,0.0028806,0.0021401,0.0027746,0.0017196,0.0022283,0.0034269,0.0023213,0.0022839,0.0024697,0.0022238,0.002287,0.0019223,0.0021173,0.0026253,0.0021362,0.0025354,0.0021638,0.0016529,0.0021687,0.0026598,0.0019005,0.0021254,0.0023107,0.0018984,0.0012363,0.0020334,0.002398,0.002146,0.0024941,0.002024,0.0014113,0.00194,0.0016003,0.001702,0.0017376,0.0018678,0.0017949,0.0020578,0.0019935,0.0017658,0.0019916,0.0016063,0.0019965,0.0015795,0.0018894,0.0017453,0.0018509,0.0015966,0.0015182,0.0019414,0.0015548,0.0020941,0.0022785,0.0016496,0.0019955,0.0018336,0.0021807,0.0019002,0.0017016,0.0020063,0.0017395,0.0020167,0.0020187,0.0019346,0.0022877,0.0021268,0.0019128,0.0018848,0.0017225,0.0016959,0.0018247,0.0018911,0.0017365,0.00194,0.0017913,0.0024359,0.0016838,0.0018719,0.0017318,0.0019225,0.0018162,0.0014556,0.0016149,0.0017061,0.0022495,0.0018195,0.0016665,0.0016806,0.0016242,0.0018503,0.0018754,0.001671,0.0017245,0.0018078,0.0018226,0.0015624,0.0019132,0.001559,0.001888,0.0015676,0.0014188,0.0013493,0.0016077,0.0018902,0.0012766,0.0017549,0.0013907,0.0015065,0.001712,0.0013331,0.0015428,0.0017563,0.0014568,0.0015194,0.0016053,0.0012168,0.001648,0.0015164,0.0015376,0.0012737,0.0016231,0.0013708,0.0016069,0.0014485,0.00097927,0.0015984,0.0017144,0.0012106,0.0012013,0.0011632,0.0015597,0.0015582,0.0015265,0.001085,0.00097078,0.00097286,0.0010039,0.0015188,0.0015019,0.0010569,0.0013046,0.0010435,0.0010403,0.0008833,0.00083579,0.0011259,0.0011157,0.0014086,0.0012215,1074300.0,1105700.0,792270.0,4276700.0,2284500.0,1150800.0,5856800.0,1513400.0,1879800.0,3242500.0,2966100.0,734830.0,5652900.0,1298400.0,4052200.0,2459600.0,5070500.0,4091400.0,1340500.0,3371900.0,2502600.0,3347400.0,11704000.0,958350.0,6311800.0,749460.0,9101500.0,1591900.0,1841400.0,815570.0,3232100.0,1680500.0,5814300.0,23940000.0,2520900.0,2724900.0,4347000.0,1235900.0,1513400.0,1646200.0,2062700.0,1057700.0,2058300.0,1019200.0,7475600.0,2433400.0,1825600.0,1494000.0,2274900.0,15971000.0,952090.0,7278300.0,3995200.0,706940.0,3910700.0,1079100.0,2657700.0,17679000.0,32102000.0,2373200.0,1720700.0,1532600.0,2840700.0,1036400.0,1926200.0,3409900.0,803840.0,2871900.0,1940600.0,3915400.0,2755300.0,1446400.0,1119200.0,15048000.0,5077600.0,1340600.0,3613400.0,1673300.0,965090.0,2573300.0,3702600.0,1313000.0,893150.0,2116300.0,873820.0,1861100.0,2850800.0,4950200.0,4191200.0,2338500.0,5694300.0,1300700.0,9352900.0,4677300.0,1017700.0,1694700.0,903640.0,1769700.0,3509900.0,9918500.0,1730700.0,16523000.0,1417300.0,9919600.0,1633600.0,3256300.0,1272900.0,1628100.0,12535000.0,5115100.0,2157200.0,3869300.0,2389200.0,1225800.0,656170.0,3373000.0,11659000.0,2413800.0,1291100.0,778800.0,1922000.0,735100.0,1193700.0,2218700.0,8786700.0,4156700.0,2627900.0,3087700.0,2361300.0,1498700.0,773560.0,10411000.0,2404500.0,3548600.0,2073400.0,1371700.0,1031900.0,2014200.0,1052000.0,2853800.0,3921600.0,1159600.0,1477000.0,2103000.0,1521000.0,2210500.0,2422200.0,877170.0,6912100.0,1513500.0,9390500.0,6180200.0,809830.0,10291000.0,814480.0,1274500.0,19279000.0,683650.0,12167000.0,721740.0,5575100.0,3693400.0,3817200.0,2647300.0,5252900.0,4116200.0,4227600.0,964530.0,4135000.0,1638700.0,6369200.0,1506700.0,7610900.0,1080700.0,744550.0,4005200.0,2996600.0,1988300.0,8411500.0,2288700.0,948280.0,1205600.0,3671000.0,3568300.0,1940100.0,1475700.0,747540.0,6807100.0,5275200.0,2336700.0,637470.0,17726000.0,3323000.0,5257900.0,1142200.0,18258000.0,5431600.0,1100100.0,8580600.0,1353300.0,1434500.0,3992400.0,5297000.0,799330.0,1639500.0,973680.0,1778500.0,1568200.0,1456500.0,7851700.0,2342100.0,1425100.0,12280000.0,2793800.0,1238000.0,1263500.0,3260300.0,951930.0,4669600.0,1133200.0,1854600.0,8075300.0,4435100.0,696550.0,1421900.0,10018000.0,5258300.0,5069200.0,15394000.0,3001700.0,1931800.0,2342400.0,2994600.0,3189800.0,1882600.0,1749500.0,2275100.0,1499400.0,7215800.0,652060.0,3656200.0,8296200.0,8910100.0,1863600.0,5378600.0,4029700.0,5011000.0,864140.0,1139900.0,5361500.0,1551600.0,6587500.0,3485200.0,7122400.0,1970700.0,1638700.0,1591200.0,1087700.0,1106100.0,2208100.0,945990.0,5091800.0,3371700.0,4404800.0,3356800.0,2894200.0,2745600.0,15584000.0,14989000.0,6042000.0,4601000.0,2807600.0,6148400.0,3762100.0,1781300.0,2740300.0,1353800.0,4824200.0,3044800.0,1.5474,1.8594,4.1664,2.2426,2.4813,3.6643,1.2751,2.2409,4.2237,1.1924,1.9808,4.2102,2.4562,2.6632,4.3255,0.74222,2.0665,4.2259,1.7045,2.5315,3.8732,3.0981,2.8424,5.8666,1.1756,2.0263,4.1884,1.6963,1.7113,4.2402,1.2985,2.2937,4.2937,0.6849,2.0248,4.2118,2.8956,2.8416,4.6715,5.5184,2.7353,1.3431,1.2639,2.805,3.6356,0.80847,2.1629,2.9939,2.6062,2.2001,4.5981,1.4593,1.6745,3.8888,0.76926,2.7117,3.9183,1.8722,1.8472,3.5491,1.2147,2.3781,3.2618,0.38503,2.2945,3.4598,1.8686,1.6211,3.4142,2.0673,2.6454,4.207,1.9268,1.6303,3.3718,1.6661,1.6254,3.989,0.33253,2.1985,3.1146,2.1246,2.4423,4.5508,1.5014,1.7055,3.2894,0.94016,1.9656,2.753,3.275,2.8332,6.0448,1.9397,1.8293,3.5231,0.84963,2.7379,2.917,1.6706,2.5967,4.0063,0.76544,1.8984,2.7338,1.0948,2.4127,3.1438,1.9355,1.9303,4.4886,1.8643,1.6481,3.9,0.64385,2.1309,3.9582,1.4402,2.5637,3.9465,0.97583,2.1697,3.1545,2.6592,2.3891,4.4112,2.0079,2.21,4.7292,1.5512,1.6252,3.9285,1.8894,2.0399,4.4779,1.5077,2.2161,3.2243,0.81665,2.2606,2.9769,2.4418,2.5156,4.3704,2.0361,2.4794,4.8165,1.9403,2.6198,4.7863,2.6186,2.3886,4.396,1.2672,2.533,3.8715,1.8989,2.352,4.4185,2.6858,2.9666,4.4839,0.704,2.3607,2.7073,1.3397,2.009,4.6147,1.8521,2.9905,3.6768,0.23294,2.3689,3.3704,1.7073,1.6138,4.0814,0.85508,2.2362,3.0683,2.2836,2.3019,4.7197,0.46649,2.3879,3.1297,0.7075,2.2647,3.1232,0.015364,2.8992,1.7073,2.0732,2.2377,4.677,2.5228,2.4608,4.3228,2.2697,2.3165,5.1447,1.9102,2.6279,4.1052,1.1196,1.8108,4.0761,4.5046,2.7886,0.73281,0.75824,2.197,2.9588,1.4924,2.1448,4.2941,1.1881,2.2827,3.5638,1.9913,2.6148,4.2561,1.6237,1.5801,4.1434,1.1705,2.5112,3.1367,0.72669,2.5341,3.7352,2.2595,1.8148,3.6751,1.3857,2.5396,3.4832,1.3597,2.5997,3.5136,1.3887,1.63,4.2595,1.9373,2.6248,4.4358,2.103,2.6033,4.6475,3.3019,2.8454,6.1405,1.7888,1.5996,4.201,1.9284,1.923,3.365,2.5316,2.9315,5.3979,1.1867,2.5789,3.0414,2.6811,2.3778,5.001,1.028,2.7203,4.2551,1.4298,2.4978,3.5617,0.98614,1.9591,4.1756,1.7806,1.6379,4.0567,1.9824,1.937,3.3945,6.0536,2.8981,2.869,2.9941,2.2165,4.6713,1.5601,1.915,4.4164,1.1635,2.543,3.3592,1.4384,2.4691,3.4017,1.7156,1.8708,3.6576,2.0547,2.4607,4.1186,1.0894,2.3895,3.2568,2.5111,1.8396,5.3457,1.0002,2.5824,3.2703,1.339,2.5614,3.3088,0.24246,3.051,3.1975,0.66937,1.9479,2.7464,1.6568,1.9413,4.6377,1.537,1.789,4.2197,5.21,2.7446,1.5863,0.90442,2.2393,2.9631,0.97672,2.7419,4.2501,2.3723,2.411,3.7085,2.9447,2.2943,4.9702,3.1145,2.5685,4.6294,2.1035,2.3844,4.6229,2.1815,2.2328,4.1722,0.71434,2.2731,3.3349,0.6659,2.4199,3.0525,0.58847,2.2798,3.8967,2.4641,2.4413,4.568,0.69067,2.4596,2.8463,1.2866,1.5635,4.3683,1.5883,1.9127,3.5564,0.40221,2.6667,2.2217,3.4178,2.9066,0.2713,0.84327,2.2575,3.0631,1.6248,1.6653,4.1748,1.6816,1.9204,3.3046,0.81156,2.3425,2.9048,2.2542,2.263,4.9439,1.3571,2.5831,3.2485,1.3007,2.2258,3.6954,0.36087,2.0685,3.3414,1.7295,1.8868,3.4406,2.6378,2.0097,4.136,2.033,2.1529,4.956,1.4093,1.6973,3.8596,0.76989,2.0673,2.8436,2.0888,2.1072,5.094,2.1538,2.2997,4.5846,1.5094,2.4777,4.0388,3.9878,2.802,6.1846,1.7994,2.5126,3.9717,0.58877,2.0037,4.1702,1.1725,2.6124,4.2245,3.2686,2.7683,6.0905,1.7057,1.5676,3.2774,0.28615,2.3974,3.4385,4.8164,3.0016,0.64787,0.43224,2.8331,3.3615,1.1398,2.5522,3.1162,2.2584,2.1824,5.0366,1.6886,2.0493,4.4657,1.6545,1.6201,3.4005,1.9224,2.9552,3.4515,0.75132,2.3151,2.9288,0.78888,2.3558,3.0192,0.21742,2.6713,3.3494,1.9934,2.4622,4.2874,0.67809,2.3939,2.8051,1.0233,2.3845,3.5793,1.2967,1.7552,4.3327,0.23095,2.3569,3.507,1.6897,1.5971,3.2745,0.86379,2.2863,2.8754,2.9113,2.8513,6.0462,1.6549,2.5035,3.9499,2.031,2.2522,4.6084,2.1369,2.6378,5.0412,1.5721,1.9533,3.8016,1.44,1.7517,3.7657,2.3049,2.1448,4.9802,1.4878,2.5585,3.9204,0.45311,2.9897,2.0908,4.4294,2.8776,0.26059,1.3329,2.8524,4.1671,1.8465,1.9869,3.892,1.136,2.674,2.7247,0.040602,2.7675,2.8154,1.0832,2.9193,4.1986,0.47241,2.4173,2.6229,0.85971,2.0935,2.8303,0.55995,2.4892,3.4313,1.8442,2.2448,4.3499,1.0507,2.83,4.217,0.72109,2.0709,2.9257,2.125,1.8336,3.6921,1.431,1.8903,3.7297,2.2216,2.5659,4.6898,1.5619,1.5745,4.2006,1.261,2.1343,3.2464,0.76252,2.115,2.9883,0.7347,2.2437,2.6417,1.7994,2.3934,4.1926,2.211,2.5527,4.8955,0.59443,2.0777,2.9205,1.7335,1.8113,3.2913,0.90314,2.9731,2.6249,0.52262,2.5341,2.5849,3.2637,2.7187,6.2171,6.2737,2.8712,2.7236,4.0673,2.8685,6.0277,2.4165,2.2093,3.7282,1.5073,3.0563,4.5518,1.2323,2.4494,3.5075,6.0065,3.1103,2.7335,2.374,2.1646,3.7285,1.3266,1.8448,3.7134,2.3725,2.3296,4.6517,2.5882,2.7427,4.2776,1.2536,2.7181,4.3066,1.6462,1.9273,3.7996,1.2257,2.7371,3.7959,2.3186,2.3255,4.9041,1.3544,2.5905,3.3655,2.1423,2.3176,4.0496,0.81755,1.9809,3.3905,2.4204,2.2932,3.8144,2.3336,2.3315,3.7226,2.3135,2.015,5.0978,2.605,2.2921,4.832,2.4104,2.2415,3.7884,1.4546,1.6162,3.9321,2.3063,2.5658,4.9029,1.7116,1.9432,3.847,0.82267,2.1089,4.1437,1.5679,1.8489,4.3553,2.2894,2.5256,4.9513,1.4446,2.4016,3.2527,5.8216,2.8038,2.1019,1.8629,1.7467,3.5304,1.9211,2.8813,4.1365,2.1323,2.0021,4.8435,1.1966,2.6339,4.3848,2.0312,2.1614,4.9579,1.6606,1.776,3.9237,1.6411,1.9942,3.3149,1.1696,2.7238,3.7404,1.0541,2.8519,3.8227,1.5915,2.4997,3.9277,1.1667,2.6611,3.6775,1.7505,1.7398,4.0792,0.7128,2.444,2.8196,1.8244,2.1499,4.4235,0.10189,2.7764,3.0298,1.0288,1.9513,4.3495,0.98488,2.2731,3.0898,1.5767,2.4083,4.5576,1.0091,2.0779,2.8304,0.80884,2.0084,2.6791,1.7029,1.7554,3.9314,0.85529,2.435,2.9392,1.3001,1.5786,3.8411,2.7709,2.6137,4.6094,1.0387,2.2522,3.6376,1.1822,2.7147,3.6935,2.0114,2.0007,4.4757,0.9963,1.9602,4.2379,1.9171,1.6455,3.4335,1.7347,2.5036,3.9679,2.2746,2.5304,4.8693,2.0477,2.3512,3.5865,1.2026,3.0538,3.462,1.3912,1.4452,4.2569,0.72032,2.9753,3.6568,1.6537,1.7188,4.2443,0.81113,1.9992,2.7162,0.52981,2.2248,4.0647,2.585,2.5994,4.5254,2.023,2.1,3.4536,1.3716,2.8757,3.5305,1.0881,2.2359,3.6121,2.5414,2.0471,4.4832,1.5054,1.7368,4.4195,1.5913,2.5854,3.5648,2.0744,2.2904,4.0616,2.7153,2.2928,4.96,0.44929,2.495,2.9273
0.22924,0.36352,0.0080769,264.62,304.48,198.97,0.0015034,0.0018054,0.0010059,204.3,225.82,244.98,224.67,229.52,179.17,232.79,227.84,273.46,232.51,282.07,308.29,204.56,254.2,230.87,314.79,226.48,270.21,244.93,178.0,369.37,243.76,204.97,248.59,206.41,301.16,282.78,346.66,186.88,272.84,246.51,242.63,145.29,268.28,295.31,387.08,288.35,202.79,356.93,388.41,310.08,205.24,300.5,209.59,312.88,299.3,347.21,350.79,404.62,309.33,304.37,297.3,445.47,390.04,425.56,322.73,370.5,344.25,249.64,473.84,426.13,392.37,372.1,211.48,330.94,267.87,273.72,235.77,380.72,287.17,317.08,278.11,377.22,377.48,320.53,306.34,303.55,381.19,381.81,369.85,279.68,342.62,365.25,288.07,354.85,236.4,368.76,302.59,359.38,309.72,354.31,358.78,319.87,351.71,330.86,284.54,305.24,380.59,312.44,295.2,465.14,410.66,435.02,301.59,390.63,521.95,474.28,381.03,288.23,349.71,443.53,326.19,401.28,355.69,294.62,423.02,363.42,437.83,454.53,383.8,476.77,459.01,464.86,347.49,398.52,452.81,543.12,294.21,571.68,513.81,475.31,360.74,519.14,424.07,346.66,698.75,400.1,442.9,414.94,415.17,379.34,301.67,370.33,442.12,309.34,526.7,352.86,365.84,445.39,516.61,290.18,328.33,419.28,292.72,154.9,353.7,410.65,349.55,542.82,405.93,218.78,312.1,229.15,245.99,304.67,307.67,251.7,333.08,321.42,250.24,300.27,270.13,320.01,221.54,291.73,277.52,271.88,250.13,240.65,331.93,240.95,355.7,393.16,273.23,317.17,262.05,346.77,308.59,246.66,344.08,352.52,312.08,320.72,309.86,343.64,354.28,296.3,535.88,254.48,276.27,290.25,291.78,263.22,306.9,300.43,383.07,293.62,275.72,277.67,352.87,295.38,208.52,237.98,282.38,375.16,284.85,248.08,294.48,262.37,295.73,292.21,267.17,280.23,293.38,295.26,232.99,310.98,233.9,319.2,237.56,246.94,205.9,289.7,294.82,184.84,294.07,238.06,189.92,275.79,202.94,240.14,289.44,203.3,257.62,273.66,206.33,274.14,264.17,243.56,194.22,257.69,221.33,260.45,251.71,171.4,296.21,299.04,217.98,174.91,212.6,286.23,257.46,258.28,239.71,156.26,161.97,205.55,254.06,258.68,228.48,235.73,216.44,196.32,176.51,184.54,232.67,208.35,261.3,221.05,0.00073439,0.001018,0.001089,0.0011755,0.0011018,0.00084881,0.0012097,0.00096522,0.0014158,0.0010962,0.001491,0.0017009,0.0010124,0.0013704,0.0011205,0.0018365,0.0013171,0.0015221,0.0015601,0.0011036,0.0021368,0.0016077,0.0012851,0.0017276,0.0014063,0.0019663,0.0016375,0.0019833,0.0014021,0.0018133,0.0015204,0.0015079,0.0010359,0.0014856,0.001788,0.0023231,0.0017833,0.0012044,0.0021442,0.0022466,0.0017677,0.001155,0.0018928,0.0015892,0.0018988,0.0018459,0.0021592,0.0019769,0.0024044,0.0018577,0.0014826,0.0018648,0.0026292,0.0021261,0.0024958,0.0020391,0.0021816,0.0015291,0.001661,0.002829,0.0024894,0.0023332,0.0022351,0.0013688,0.0022383,0.0017669,0.001612,0.0017502,0.002361,0.0018041,0.0020288,0.0018997,0.0022142,0.0022566,0.0014235,0.0019906,0.0019335,0.0023791,0.0024023,0.0023416,0.0015099,0.0023358,0.0023774,0.001798,0.0015324,0.001771,0.0016177,0.0019742,0.0021604,0.0020293,0.0022073,0.0020575,0.0016326,0.0022347,0.0017053,0.0019339,0.0018981,0.0024131,0.0016754,0.0019123,0.0023693,0.0024809,0.0025958,0.0018072,0.0023869,0.0025394,0.0027708,0.0023955,0.001968,0.0021386,0.0026645,0.0021761,0.0019013,0.0021359,0.0019714,0.0025487,0.0021802,0.0024746,0.0024794,0.0018993,0.0021614,0.0026586,0.0021946,0.0022891,0.0021882,0.0021327,0.003001,0.0020365,0.0027144,0.0029088,0.002885,0.0021433,0.0027787,0.0017263,0.0022318,0.003432,0.0023244,0.0022889,0.0024732,0.0022275,0.0022898,0.001925,0.0021206,0.0026286,0.0021388,0.0025396,0.0021655,0.0016559,0.002174,0.002664,0.001903,0.0021278,0.0023138,0.0019008,0.0012371,0.0020365,0.0024005,0.0021478,0.0024991,0.0020248,0.0014121,0.0019423,0.0016017,0.0017035,0.0017402,0.0018694,0.0017971,0.0020594,0.0019954,0.0017671,0.0019933,0.0016077,0.0019982,0.0015811,0.0018911,0.0017466,0.001852,0.0015979,0.0015194,0.0019426,0.0015562,0.0020964,0.0022801,0.0016509,0.0019977,0.0018352,0.0021832,0.0019022,0.001703,0.0020088,0.0017419,0.0020186,0.0020208,0.0019362,0.0022903,0.0021287,0.0019148,0.0018886,0.0017245,0.0016972,0.0018266,0.001893,0.0017375,0.0019415,0.0017937,0.0024389,0.001686,0.0018739,0.0017333,0.0019251,0.0018183,0.0014567,0.001616,0.0017077,0.0022522,0.001822,0.0016684,0.0016818,0.0016251,0.0018515,0.0018773,0.0016728,0.0017259,0.0018096,0.0018235,0.0015637,0.0019152,0.0015598,0.0018899,0.0015689,0.00142,0.0013505,0.0016094,0.0018921,0.0012772,0.001756,0.0013919,0.0015077,0.0017133,0.0013345,0.0015442,0.0017577,0.0014582,0.00152,0.001606,0.0012175,0.0016494,0.0015175,0.0015389,0.0012746,0.0016247,0.0013722,0.0016078,0.0014496,0.00098006,0.0015991,0.0017158,0.0012116,0.0012019,0.0011643,0.001561,0.0015598,0.001527,0.0010855,0.00097132,0.00097376,0.0010047,0.00152,0.0015025,0.0010572,0.0013053,0.001044,0.001041,0.00088398,0.00083637,0.0011266,0.0011165,0.00141,0.0012226,1074300.0,1105700.0,792270.0,4276700.0,2284500.0,1150800.0,5856800.0,1513400.0,1879800.0,3242500.0,2966100.0,734830.0,5652900.0,1298400.0,4052200.0,2459600.0,5070500.0,4091400.0,1340500.0,3371900.0,2502600.0,3347400.0,11704000.0,958350.0,6311800.0,749460.0,9101500.0,1591900.0,1841400.0,815570.0,3232100.0,1680500.0,5814300.0,23940000.0,2520900.0,2724900.0,4347000.0,1235900.0,1513400.0,1646200.0,2062700.0,1057700.0,2058300.0,1019200.0,7475600.0,2433400.0,1825600.0,1494000.0,2274900.0,15971000.0,952090.0,7278300.0,3995200.0,706940.0,3910700.0,1079100.0,2657700.0,17679000.0,32102000.0,2373200.0,1720700.0,1532600.0,2840700.0,1036400.0,1926200.0,3409900.0,803840.0,2871900.0,1940600.0,3915400.0,2755300.0,1446400.0,1119200.0,15048000.0,5077600.0,1340600.0,3613400.0,1673300.0,965090.0,2573300.0,3702600.0,1313000.0,893150.0,2116300.0,873820.0,1861100.0,2850800.0,4950200.0,4191200.0,2338500.0,5694300.0,1300700.0,9352900.0,4677300.0,1017700.0,1694700.0,903640.0,1769700.0,3509900.0,9918500.0,1730700.0,16523000.0,1417300.0,9919600.0,1633600.0,3256300.0,1272900.0,1628100.0,12535000.0,5115100.0,2157200.0,3869300.0,2389200.0,1225800.0,656170.0,3373000.0,11659000.0,2413800.0,1291100.0,778800.0,1922000.0,735100.0,1193700.0,2218700.0,8786700.0,4156700.0,2627900.0,3087700.0,2361300.0,1498700.0,773560.0,10411000.0,2404500.0,3548600.0,2073400.0,1371700.0,1031900.0,2014200.0,1052000.0,2853800.0,3921600.0,1159600.0,1477000.0,2103000.0,1521000.0,2210500.0,2422200.0,877170.0,6912100.0,1513500.0,9390500.0,6180200.0,809830.0,10291000.0,814480.0,1274500.0,19279000.0,683650.0,12167000.0,721740.0,5575100.0,3693400.0,3817200.0,2647300.0,5252900.0,4116200.0,4227600.0,964530.0,4135000.0,1638700.0,6369200.0,1506700.0,7610900.0,1080700.0,744550.0,4005200.0,2996600.0,1988300.0,8411500.0,2288700.0,948280.0,1205600.0,3671000.0,3568300.0,1940100.0,1475700.0,747540.0,6807100.0,5275200.0,2336700.0,637470.0,17726000.0,3323000.0,5257900.0,1142200.0,18258000.0,5431600.0,1100100.0,8580600.0,1353300.0,1434500.0,3992400.0,5297000.0,799330.0,1639500.0,973680.0,1778500.0,1568200.0,1456500.0,7851700.0,2342100.0,1425100.0,12280000.0,2793800.0,1238000.0,1263500.0,3260300.0,951930.0,4669600.0,1133200.0,1854600.0,8075300.0,4435100.0,696550.0,1421900.0,10018000.0,5258300.0,5069200.0,15394000.0,3001700.0,1931800.0,2342400.0,2994600.0,3189800.0,1882600.0,1749500.0,2275100.0,1499400.0,7215800.0,652060.0,3656200.0,8296200.0,8910100.0,1863600.0,5378600.0,4029700.0,5011000.0,864140.0,1139900.0,5361500.0,1551600.0,6587500.0,3485200.0,7122400.0,1970700.0,1638700.0,1591200.0,1087700.0,1106100.0,2208100.0,945990.0,5091800.0,3371700.0,4404800.0,3356800.0,2894200.0,2745600.0,15584000.0,14989000.0,6042000.0,4601000.0,2807600.0,6148400.0,3762100.0,1781300.0,2740300.0,1353800.0,4824200.0,3044800.0,1.5475,1.8594,4.1664,2.2426,2.4814,3.6643,1.2751,2.2409,4.2237,1.1923,1.9807,4.2101,2.4561,2.6631,4.3255,0.74201,2.0665,4.226,1.7047,2.5315,3.8732,3.0982,2.8424,5.8666,1.1754,2.0263,4.1884,1.6962,1.7112,4.2401,1.2986,2.2939,4.2939,0.68448,2.0247,4.2118,2.8954,2.8416,4.6717,5.5179,2.7352,1.3429,1.2639,2.8049,3.6357,0.80817,2.1629,2.9938,2.6064,2.2004,4.5984,1.4593,1.6745,3.8887,0.76969,2.7119,3.9186,1.8719,1.8473,3.5493,1.2148,2.3781,3.262,0.38515,2.2946,3.4595,1.8687,1.621,3.4142,2.0674,2.6452,4.2069,1.927,1.6302,3.3718,1.6662,1.6253,3.9891,0.33247,2.1986,3.1145,2.1247,2.4423,4.551,1.5014,1.7056,3.2895,0.94043,1.9657,2.753,3.2752,2.8332,6.045,1.9397,1.8294,3.5231,0.8494,2.738,2.9171,1.6703,2.5967,4.0063,0.76559,1.8984,2.7337,1.0946,2.4127,3.1439,1.9354,1.9304,4.4885,1.8647,1.648,3.9,0.64398,2.1307,3.9586,1.4407,2.5637,3.9469,0.9757,2.1698,3.1543,2.6596,2.3893,4.4115,2.0079,2.21,4.7292,1.5512,1.625,3.9285,1.8894,2.0402,4.4779,1.5078,2.2162,3.2243,0.81657,2.2607,2.9766,2.4418,2.516,4.3703,2.0363,2.4791,4.8164,1.9403,2.6198,4.7861,2.6188,2.3889,4.3963,1.2672,2.5331,3.8715,1.8993,2.3523,4.4187,2.6874,2.9665,4.4851,0.70433,2.3606,2.7076,1.3392,2.0089,4.6148,1.8522,2.9904,3.6767,0.23272,2.3689,3.3704,1.7074,1.6138,4.0814,0.8554,2.2364,3.0683,2.2838,2.3019,4.7198,0.46597,2.3877,3.1298,0.70713,2.2648,3.123,0.015365,2.8992,1.7069,2.0737,2.238,4.6773,2.5228,2.4611,4.323,2.2695,2.3166,5.1447,1.9101,2.6278,4.105,1.1196,1.8107,4.0764,4.5046,2.7884,0.73317,0.75819,2.1971,2.9587,1.4927,2.1449,4.2941,1.1883,2.2831,3.5639,1.9911,2.6147,4.256,1.6237,1.5802,4.1434,1.1705,2.511,3.1367,0.7266,2.5343,3.7352,2.2597,1.8148,3.675,1.3857,2.5396,3.4832,1.3596,2.5997,3.5135,1.3887,1.63,4.2593,1.9374,2.6246,4.4358,2.1034,2.603,4.6477,3.3016,2.8455,6.1405,1.7893,1.5994,4.2011,1.9287,1.9229,3.3648,2.532,2.9312,5.3981,1.1866,2.5788,3.0413,2.6811,2.3777,5.0009,1.0284,2.7206,4.2554,1.4298,2.4978,3.5618,0.98635,1.9593,4.1759,1.7806,1.638,4.0566,1.9825,1.9371,3.3946,6.0541,2.8981,2.8693,2.9943,2.2163,4.6713,1.5605,1.9149,4.4167,1.1638,2.5429,3.3592,1.4385,2.4691,3.4018,1.7157,1.8707,3.6576,2.0547,2.4607,4.1189,1.0894,2.3896,3.2569,2.5112,1.8392,5.3459,1.0002,2.5822,3.2702,1.3387,2.5614,3.3087,0.24236,3.051,3.1975,0.66941,1.9482,2.7462,1.6568,1.9412,4.638,1.5372,1.7889,4.2198,5.21,2.7444,1.5864,0.90454,2.2395,2.9634,0.97695,2.7421,4.2505,2.3721,2.4109,3.7085,2.9448,2.2943,4.9702,3.1148,2.5684,4.6296,2.1037,2.3844,4.6232,2.1815,2.233,4.1722,0.71442,2.2732,3.335,0.66605,2.4199,3.0525,0.58857,2.2801,3.8968,2.4641,2.4413,4.5676,0.69041,2.4597,2.846,1.2864,1.5634,4.3684,1.5883,1.9126,3.5567,0.40252,2.6668,2.222,3.4177,2.9065,0.2713,0.84318,2.2574,3.063,1.6248,1.6653,4.1749,1.6817,1.9206,3.3049,0.81181,2.3425,2.9049,2.2544,2.2628,4.944,1.3573,2.5832,3.2488,1.3009,2.2259,3.6957,0.36102,2.0684,3.3418,1.7296,1.8868,3.4406,2.6378,2.0095,4.1362,2.0329,2.153,4.9559,1.4095,1.6973,3.8597,0.76987,2.0676,2.8439,2.0888,2.1071,5.0942,2.1537,2.2997,4.5848,1.5095,2.4779,4.039,3.9874,2.8013,6.1842,1.7992,2.5127,3.9715,0.58848,2.0039,4.1702,1.1722,2.6123,4.2243,3.2684,2.7681,6.0906,1.7058,1.5677,3.2774,0.28625,2.3975,3.4387,4.816,3.0016,0.64749,0.43224,2.8333,3.3618,1.1397,2.5523,3.1165,2.2584,2.1823,5.0368,1.6888,2.0493,4.4659,1.6545,1.6201,3.4006,1.923,2.9552,3.4519,0.75138,2.315,2.9289,0.78884,2.3556,3.0193,0.21733,2.6714,3.3494,1.9935,2.4622,4.2874,0.67824,2.3937,2.8051,1.0235,2.3848,3.5793,1.2969,1.7551,4.3327,0.23104,2.3569,3.5073,1.6897,1.5971,3.2745,0.86405,2.2861,2.8755,2.9112,2.8513,6.0464,1.6545,2.5034,3.9497,2.031,2.2523,4.6084,2.1365,2.6377,5.0409,1.5719,1.9533,3.8016,1.4402,1.7515,3.7659,2.3049,2.1448,4.9801,1.4878,2.5584,3.9202,0.45297,2.9896,2.0905,4.4292,2.8774,0.26057,1.3328,2.8525,4.167,1.8462,1.987,3.892,1.1357,2.674,2.7244,0.04019,2.7673,2.8153,1.0834,2.9194,4.1988,0.47244,2.4171,2.6231,0.85971,2.0936,2.8303,0.56016,2.4892,3.4315,1.8446,2.245,4.35,1.0504,2.8301,4.2169,0.72132,2.0711,2.9254,2.1252,1.8336,3.692,1.4312,1.8904,3.7299,2.2212,2.5656,4.6892,1.5621,1.5745,4.2006,1.261,2.1343,3.2465,0.76278,2.1152,2.9882,0.73466,2.2435,2.6417,1.7995,2.3935,4.1927,2.2109,2.5525,4.8954,0.59445,2.0778,2.9203,1.7335,1.8115,3.2914,0.90344,2.973,2.625,0.52249,2.5341,2.5849,3.2639,2.7187,6.2174,6.2741,2.8712,2.7241,4.0668,2.8684,6.027,2.4166,2.2089,3.7282,1.5076,3.0563,4.5525,1.2322,2.4494,3.5077,6.0045,3.1103,2.7319,2.374,2.1644,3.7284,1.3267,1.8448,3.7135,2.3723,2.3296,4.6519,2.588,2.7429,4.2779,1.2536,2.7182,4.3064,1.6459,1.9272,3.7995,1.2259,2.737,3.7963,2.3184,2.3254,4.9039,1.354,2.5903,3.3655,2.1421,2.3178,4.0494,0.81755,1.981,3.3905,2.4203,2.2929,3.8144,2.3335,2.3314,3.7226,2.3137,2.0151,5.098,2.6048,2.2921,4.8321,2.4105,2.2415,3.7883,1.4548,1.6162,3.9322,2.306,2.5656,4.9028,1.7113,1.9432,3.8469,0.82271,2.1088,4.1439,1.5677,1.8489,4.3554,2.2893,2.5253,4.9513,1.4446,2.4016,3.2527,5.8214,2.8036,2.1017,1.8629,1.7467,3.5304,1.9209,2.881,4.1361,2.1325,2.0022,4.8435,1.1967,2.634,4.385,2.0314,2.1615,4.958,1.6607,1.7759,3.9236,1.6412,1.9941,3.3147,1.1697,2.7238,3.7406,1.0542,2.8519,3.8226,1.5918,2.4998,3.9278,1.1667,2.661,3.6775,1.7504,1.7397,4.0792,0.71255,2.4439,2.8197,1.8243,2.15,4.4236,0.10187,2.7763,3.0301,1.0287,1.9513,4.3496,0.98491,2.273,3.0899,1.5766,2.4083,4.5576,1.0092,2.0778,2.8304,0.80895,2.0083,2.679,1.7031,1.7553,3.9314,0.85512,2.435,2.9394,1.2999,1.5786,3.8411,2.7708,2.6138,4.6093,1.0386,2.2524,3.6376,1.1822,2.7145,3.6936,2.0114,2.0008,4.4757,0.99616,1.9602,4.2379,1.9172,1.6455,3.4335,1.7348,2.5037,3.9678,2.2748,2.5304,4.8692,2.0476,2.3511,3.5864,1.2026,3.0538,3.462,1.3911,1.4453,4.257,0.72043,2.9752,3.6568,1.6538,1.7188,4.2444,0.81123,1.9992,2.7161,0.52961,2.2248,4.0649,2.5849,2.5994,4.5254,2.023,2.0999,3.4536,1.3716,2.8756,3.5305,1.0881,2.236,3.6121,2.5414,2.0472,4.4832,1.5054,1.7368,4.4195,1.5912,2.5854,3.5648,2.0745,2.2904,4.0616,2.7153,2.2927,4.9599,0.44932,2.4949,2.9273
0.22992,0.36459,0.0080957,264.93,304.95,199.0,0.0015051,0.0018081,0.0010061,204.31,225.87,245.18,224.78,229.72,179.28,232.72,227.91,273.62,232.62,282.33,308.73,204.64,254.49,230.99,315.22,226.59,270.43,245.25,178.07,369.83,243.85,205.07,248.61,206.44,301.47,283.09,347.07,187.05,272.92,246.69,242.93,145.38,268.71,295.6,387.48,288.59,203.13,357.49,388.96,310.47,205.52,301.18,209.7,313.24,299.66,347.53,351.26,405.19,309.69,304.83,297.67,446.35,390.44,426.3,323.24,371.07,345.44,250.21,474.52,426.86,392.83,372.72,211.82,331.31,268.19,274.31,236.13,381.41,287.88,317.84,278.49,377.68,378.31,321.92,306.8,303.7,381.72,382.41,370.44,280.58,343.34,365.83,288.13,356.22,236.77,369.81,303.05,359.9,310.14,355.01,359.73,320.48,352.22,331.62,284.91,305.83,381.3,313.61,295.8,466.35,411.25,436.27,302.33,391.37,523.11,474.95,381.95,288.88,350.16,444.18,326.74,403.23,356.66,295.01,423.81,364.29,439.25,455.63,384.44,478.74,459.84,466.59,348.2,399.42,454.07,544.54,294.78,573.22,514.69,476.43,361.58,520.25,426.43,347.4,700.24,400.96,444.06,415.71,416.15,380.0,302.29,370.93,442.93,309.87,527.89,353.19,366.76,446.75,517.71,290.67,328.88,420.0,293.36,155.03,354.54,411.41,349.91,544.14,406.33,218.94,312.53,229.42,246.34,305.41,308.04,252.05,333.37,321.93,250.42,300.6,270.49,320.49,221.94,292.03,277.73,272.18,250.44,240.9,332.17,241.27,356.21,393.59,273.49,317.75,262.32,347.2,309.02,246.91,344.59,352.99,312.51,321.08,310.25,344.27,354.7,296.71,536.94,254.86,276.55,290.67,292.18,263.38,307.24,300.86,383.86,294.14,276.08,277.91,353.44,295.78,208.69,238.19,282.65,375.68,285.32,248.41,294.67,262.6,296.01,292.47,267.5,280.46,293.54,295.42,233.19,311.42,234.05,319.56,237.81,247.15,206.12,290.01,295.1,184.95,294.28,238.3,190.05,275.98,203.13,240.35,289.68,203.47,257.74,273.83,206.41,274.37,264.38,243.76,194.35,257.91,221.51,260.64,251.9,171.5,296.35,299.22,218.11,174.95,212.74,286.44,257.7,258.41,239.8,156.33,162.04,205.64,254.25,258.8,228.53,235.84,216.5,196.41,176.62,184.61,232.78,208.4,261.5,221.14,0.00073433,0.0010182,0.0010896,0.001176,0.0011026,0.00084942,0.0012092,0.00096556,0.0014168,0.0010969,0.0014926,0.0017035,0.0010127,0.0013722,0.0011211,0.0018389,0.0013176,0.0015236,0.0015623,0.0011042,0.0021391,0.0016083,0.0012856,0.0017281,0.0014064,0.0019683,0.0016396,0.0019856,0.0014035,0.001814,0.0015216,0.00151,0.0010363,0.0014879,0.0017896,0.0023253,0.0017849,0.0012061,0.0021473,0.0022498,0.0017703,0.0011564,0.0018965,0.0015903,0.0019011,0.0018481,0.0021615,0.0019803,0.0024079,0.0018601,0.001485,0.0018672,0.0026341,0.0021292,0.0025002,0.0020419,0.0021857,0.0015349,0.0016636,0.0028336,0.002493,0.0023366,0.0022387,0.0013707,0.0022409,0.0017691,0.0016155,0.0017528,0.0023656,0.0018083,0.0020333,0.0019017,0.0022174,0.002261,0.00143,0.0019931,0.0019352,0.0023824,0.0024064,0.0023454,0.0015143,0.0023398,0.0023814,0.0017992,0.0015389,0.001773,0.0016223,0.0019766,0.0021636,0.0020323,0.0022111,0.0020626,0.0016358,0.0022378,0.0017092,0.0019363,0.0019009,0.0024171,0.0016806,0.0019158,0.0023751,0.0024845,0.0026021,0.0018115,0.0023906,0.002546,0.0027749,0.0024007,0.001972,0.0021417,0.0026684,0.0021794,0.0019099,0.002141,0.0019745,0.002553,0.0021848,0.0024823,0.0024855,0.0019034,0.0021683,0.0026639,0.0022043,0.0022933,0.0021928,0.0021398,0.003009,0.0020405,0.0027221,0.0029142,0.0028913,0.0021478,0.0027848,0.0017367,0.0022362,0.0034398,0.0023291,0.0022963,0.0024778,0.0022331,0.0022939,0.0019285,0.0021247,0.0026332,0.0021423,0.0025459,0.0021682,0.0016607,0.0021811,0.0026697,0.0019063,0.0021309,0.0023184,0.0019045,0.0012383,0.0020411,0.0024048,0.0021499,0.0025062,0.0020265,0.0014131,0.0019449,0.0016035,0.0017056,0.0017442,0.0018719,0.0017995,0.0020612,0.001998,0.0017686,0.0019955,0.0016098,0.0020007,0.0015832,0.0018932,0.0017478,0.0018536,0.0015995,0.001521,0.0019445,0.0015582,0.0020992,0.0022825,0.0016521,0.0020006,0.001837,0.0021864,0.0019048,0.0017047,0.0020118,0.0017448,0.0020212,0.0020233,0.0019384,0.0022938,0.0021312,0.0019173,0.0018937,0.0017268,0.0016987,0.0018291,0.0018956,0.0017387,0.0019433,0.0017963,0.0024426,0.0016886,0.0018761,0.001735,0.0019282,0.0018208,0.0014579,0.0016174,0.0017093,0.0022553,0.0018249,0.0016704,0.001683,0.0016264,0.0018529,0.0018791,0.0016747,0.0017274,0.0018112,0.0018246,0.001565,0.0019179,0.0015609,0.0018921,0.0015704,0.0014211,0.0013517,0.0016111,0.001894,0.0012777,0.0017572,0.0013932,0.0015087,0.0017147,0.0013356,0.0015456,0.0017592,0.0014595,0.0015205,0.0016069,0.0012181,0.0016508,0.0015185,0.0015402,0.0012754,0.0016262,0.0013733,0.0016088,0.0014507,0.00098062,0.0016,0.001717,0.0012124,0.0012022,0.001165,0.0015621,0.0015612,0.0015277,0.0010859,0.00097172,0.00097419,0.0010052,0.0015212,0.0015031,0.0010575,0.0013058,0.0010443,0.0010415,0.00088444,0.00083671,0.0011272,0.0011169,0.001411,0.0012231,1074300.0,1105700.0,792270.0,4276700.0,2284500.0,1150800.0,5856800.0,1513400.0,1879800.0,3242500.0,2966100.0,734830.0,5652900.0,1298400.0,4052200.0,2459600.0,5070500.0,4091400.0,1340500.0,3371900.0,2502600.0,3347400.0,11704000.0,958350.0,6311800.0,749460.0,9101500.0,1591900.0,1841400.0,815570.0,3232100.0,1680500.0,5814300.0,23940000.0,2520900.0,2724900.0,4347000.0,1235900.0,1513400.0,1646200.0,2062700.0,1057700.0,2058300.0,1019200.0,7475600.0,2433400.0,1825600.0,1494000.0,2274900.0,15971000.0,952090.0,7278300.0,3995200.0,706940.0,3910700.0,1079100.0,2657700.0,17679000.0,32102000.0,2373200.0,1720700.0,1532600.0,2840700.0,1036400.0,1926200.0,3409900.0,803840.0,2871900.0,1940600.0,3915400.0,2755300.0,1446400.0,1119200.0,15048000.0,5077600.0,1340600.0,3613400.0,1673300.0,965090.0,2573300.0,3702600.0,1313000.0,893150.0,2116300.0,873820.0,1861100.0,2850800.0,4950200.0,4191200.0,2338500.0,5694300.0,1300700.0,9352900.0,4677300.0,1017700.0,1694700.0,903640.0,1769700.0,3509900.0,9918500.0,1730700.0,16523000.0,1417300.0,9919600.0,1633600.0,3256300.0,1272900.0,1628100.0,12535000.0,5115100.0,2157200.0,3869300.0,2389200.0,1225800.0,656170.0,3373000.0,11659000.0,2413800.0,1291100.0,778800.0,1922000.0,735100.0,1193700.0,2218700.0,8786700.0,4156700.0,2627900.0,3087700.0,2361300.0,1498700.0,773560.0,10411000.0,2404500.0,3548600.0,2073400.0,1371700.0,1031900.0,2014200.0,1052000.0,2853800.0,3921600.0,1159600.0,1477000.0,2103000.0,1521000.0,2210500.0,2422200.0,877170.0,6912100.0,1513500.0,9390500.0,6180200.0,809830.0,10291000.0,814480.0,1274500.0,19279000.0,683650.0,12167000.0,721740.0,5575100.0,3693400.0,3817200.0,2647300.0,5252900.0,4116200.0,4227600.0,964530.0,4135000.0,1638700.0,6369200.0,1506700.0,7610900.0,1080700.0,744550.0,4005200.0,2996600.0,1988300.0,8411500.0,2288700.0,948280.0,1205600.0,3671000.0,3568300.0,1940100.0,1475700.0,747540.0,6807100.0,5275200.0,2336700.0,637470.0,17726000.0,3323000.0,5257900.0,1142200.0,18258000.0,5431600.0,1100100.0,8580600.0,1353300.0,1434500.0,3992400.0,5297000.0,799330.0,1639500.0,973680.0,1778500.0,1568200.0,1456500.0,7851700.0,2342100.0,1425100.0,12280000.0,2793800.0,1238000.0,1263500.0,3260300.0,951930.0,4669600.0,1133200.0,1854600.0,8075300.0,4435100.0,696550.0,1421900.0,10018000.0,5258300.0,5069200.0,15394000.0,3001700.0,1931800.0,2342400.0,2994600.0,3189800.0,1882600.0,1749500.0,2275100.0,1499400.0,7215800.0,652060.0,3656200.0,8296200.0,8910100.0,1863600.0,5378600.0,4029700.0,5011000.0,864140.0,1139900.0,5361500.0,1551600.0,6587500.0,3485200.0,7122400.0,1970700.0,1638700.0,1591200.0,1087700.0,1106100.0,2208100.0,945990.0,5091800.0,3371700.0,4404800.0,3356800.0,2894200.0,2745600.0,15584000.0,14989000.0,6042000.0,4601000.0,2807600.0,6148400.0,3762100.0,1781300.0,2740300.0,1353800.0,4824200.0,3044800.0,1.5475,1.8594,4.1664,2.2427,2.4814,3.6643,1.2751,2.2409,4.2237,1.1922,1.9806,4.2101,2.4559,2.6631,4.3255,0.74169,2.0666,4.2261,1.7051,2.5316,3.8731,3.0983,2.8424,5.8666,1.1753,2.0263,4.1883,1.696,1.7112,4.2401,1.2987,2.2941,4.2941,0.68385,2.0246,4.2119,2.8951,2.8416,4.6719,5.5172,2.735,1.3425,1.2641,2.8047,3.6358,0.80772,2.1629,2.9938,2.6067,2.2007,4.5988,1.4592,1.6744,3.8887,0.77034,2.7123,3.9191,1.8715,1.8475,3.5495,1.2149,2.378,3.2622,0.38532,2.2946,3.4592,1.8689,1.6209,3.4143,2.0675,2.6449,4.2068,1.9273,1.6302,3.3718,1.6664,1.6252,3.9893,0.33237,2.1987,3.1144,2.1249,2.4424,4.5514,1.5013,1.7056,3.2898,0.94084,1.9659,2.753,3.2755,2.8331,6.0454,1.9397,1.8295,3.5233,0.84905,2.7381,2.9172,1.67,2.5967,4.0064,0.76582,1.8984,2.7336,1.0943,2.4127,3.144,1.9353,1.9304,4.4885,1.8654,1.648,3.9001,0.64419,2.1305,3.9593,1.4413,2.5638,3.9475,0.97549,2.1701,3.1539,2.66,2.3896,4.4119,2.0078,2.2099,4.7291,1.5513,1.6248,3.9285,1.8893,2.0406,4.4778,1.508,2.2164,3.2242,0.81644,2.2609,2.9762,2.4417,2.5165,4.3703,2.0366,2.4787,4.8162,1.9403,2.6198,4.7859,2.6191,2.3893,4.3967,1.2671,2.5332,3.8714,1.9,2.3526,4.419,2.6898,2.9663,4.4868,0.70482,2.3604,2.7082,1.3386,2.0087,4.6149,1.8524,2.9903,3.6764,0.23239,2.3688,3.3704,1.7074,1.6137,4.0813,0.85588,2.2367,3.0684,2.2841,2.3019,4.7199,0.4652,2.3874,3.1299,0.70658,2.2649,3.1227,0.015368,2.8992,1.7062,2.0744,2.2384,4.6777,2.5228,2.4615,4.3232,2.2693,2.3167,5.1447,1.9099,2.6275,4.1046,1.1196,1.8105,4.0768,4.5045,2.788,0.73372,0.75813,2.1972,2.9585,1.4931,2.145,4.2942,1.1887,2.2837,3.564,1.9909,2.6145,4.2557,1.6237,1.5803,4.1434,1.1704,2.5109,3.1368,0.72647,2.5347,3.7352,2.2601,1.8148,3.6748,1.3857,2.5395,3.4833,1.3595,2.5998,3.5134,1.3886,1.63,4.2591,1.9375,2.6242,4.4358,2.1039,2.6025,4.648,3.3011,2.8457,6.1404,1.7899,1.5992,4.2012,1.9293,1.9228,3.3645,2.5326,2.9309,5.3983,1.1865,2.5788,3.0412,2.681,2.3775,5.0008,1.0289,2.721,4.2559,1.4297,2.4977,3.562,0.98665,1.9596,4.1763,1.7806,1.6381,4.0565,1.9827,1.9372,3.3946,6.0549,2.8981,2.8697,2.9947,2.2162,4.6713,1.5611,1.9148,4.4171,1.1641,2.5427,3.3592,1.4385,2.4691,3.4019,1.7159,1.8706,3.6576,2.0548,2.4607,4.1192,1.0895,2.3897,3.2571,2.5112,1.8387,5.3463,1.0003,2.5819,3.2701,1.3381,2.5614,3.3084,0.24222,3.0511,3.1975,0.66948,1.9487,2.746,1.6567,1.9411,4.6384,1.5375,1.7886,4.2199,5.21,2.744,1.5865,0.90471,2.2397,2.9637,0.9773,2.7425,4.2509,2.3719,2.4108,3.7083,2.9449,2.2944,4.9702,3.1152,2.5681,4.6298,2.1039,2.3843,4.6235,2.1814,2.2332,4.1723,0.71454,2.2734,3.3352,0.66628,2.42,3.0524,0.58871,2.2805,3.8969,2.4642,2.4414,4.5671,0.69002,2.4598,2.8454,1.2861,1.5634,4.3686,1.5882,1.9124,3.5571,0.40297,2.6669,2.2225,3.4177,2.9064,0.2713,0.84304,2.2574,3.0628,1.6247,1.6652,4.1751,1.6818,1.9208,3.3053,0.81216,2.3423,2.9051,2.2548,2.2626,4.9441,1.3575,2.5833,3.2491,1.3011,2.2261,3.6961,0.36124,2.0682,3.3424,1.7298,1.8867,3.4406,2.6379,2.0092,4.1364,2.0326,2.1531,4.9558,1.4097,1.6974,3.8599,0.76984,2.0681,2.8444,2.0889,2.107,5.0944,2.1536,2.2998,4.5849,1.5097,2.4783,4.0393,3.9868,2.8003,6.1836,1.799,2.5129,3.9712,0.58803,2.0041,4.1704,1.1718,2.6122,4.224,3.2682,2.7679,6.0909,1.7059,1.5677,3.2773,0.2864,2.3977,3.4389,4.8155,3.0016,0.64695,0.43222,2.8334,3.3623,1.1395,2.5524,3.1169,2.2584,2.1822,5.037,1.6892,2.0493,4.4661,1.6544,1.6201,3.4007,1.9239,2.9553,3.4526,0.75147,2.3148,2.929,0.78877,2.3553,3.0193,0.2172,2.6715,3.3494,1.9937,2.4623,4.2874,0.67848,2.3935,2.8052,1.0239,2.3852,3.5792,1.2971,1.755,4.3328,0.23118,2.3569,3.5077,1.6896,1.5972,3.2745,0.86444,2.2858,2.8756,2.911,2.8513,6.0466,1.6539,2.5033,3.9495,2.031,2.2524,4.6084,2.1359,2.6376,5.0405,1.5716,1.9533,3.8015,1.4406,1.7511,3.766,2.305,2.1448,4.98,1.4877,2.5582,3.9199,0.45276,2.9894,2.09,4.429,2.8771,0.26055,1.3327,2.8526,4.1667,1.8459,1.9871,3.892,1.1352,2.674,2.724,0.039575,2.7671,2.8152,1.0838,2.9194,4.199,0.47248,2.4168,2.6233,0.8597,2.0938,2.8302,0.56049,2.4892,3.4317,1.8452,2.2452,4.3502,1.0501,2.8303,4.2167,0.72165,2.0714,2.925,2.1254,1.8335,3.6917,1.4314,1.8905,3.7301,2.2206,2.5651,4.6885,1.5626,1.5744,4.2006,1.2609,2.1342,3.2467,0.76317,2.1155,2.988,0.73458,2.2432,2.6417,1.7996,2.3936,4.1928,2.2106,2.5521,4.8952,0.59448,2.0779,2.92,1.7334,1.8117,3.2914,0.90389,2.9729,2.6252,0.5223,2.5343,2.5848,3.2641,2.7186,6.2177,6.2747,2.8712,2.725,4.0659,2.8681,6.0258,2.4168,2.2082,3.7282,1.508,3.0563,4.5535,1.2322,2.4493,3.508,6.0015,3.1104,2.7295,2.374,2.1642,3.7282,1.3269,1.8449,3.7136,2.372,2.3297,4.6521,2.5877,2.7432,4.2782,1.2535,2.7182,4.3062,1.6455,1.9271,3.7992,1.2263,2.7368,3.7967,2.3182,2.3252,4.9036,1.3533,2.5901,3.3655,2.1419,2.3182,4.0492,0.81755,1.9811,3.3904,2.4202,2.2925,3.8145,2.3334,2.3312,3.7225,2.3139,2.0152,5.0983,2.6045,2.2921,4.8321,2.4107,2.2415,3.7883,1.455,1.6163,3.9324,2.3056,2.5652,4.9026,1.7109,1.9431,3.8467,0.82278,2.1087,4.1441,1.5675,1.849,4.3556,2.2891,2.5249,4.9513,1.4445,2.4017,3.2527,5.821,2.8033,2.1014,1.8629,1.7466,3.5305,1.9207,2.8805,4.1355,2.1328,2.0024,4.8436,1.197,2.6342,4.3853,2.0318,2.1615,4.9582,1.6607,1.7759,3.9235,1.6414,1.994,3.3145,1.17,2.7238,3.7408,1.0545,2.852,3.8225,1.5922,2.4999,3.9279,1.1667,2.6607,3.6774,1.7503,1.7396,4.0791,0.71219,2.4438,2.8198,1.8242,2.1503,4.4237,0.10184,2.7763,3.0305,1.0285,1.9514,4.3498,0.98495,2.2728,3.09,1.5764,2.4083,4.5575,1.0092,2.0778,2.8304,0.80912,2.0083,2.6789,1.7033,1.7552,3.9313,0.85487,2.4349,2.9399,1.2997,1.5785,3.8411,2.7708,2.6138,4.6092,1.0385,2.2527,3.6376,1.1823,2.7144,3.6936,2.0115,2.0008,4.4758,0.99594,1.9602,4.2378,1.9174,1.6455,3.4335,1.735,2.5038,3.9678,2.2752,2.5303,4.869,2.0474,2.3511,3.5862,1.2024,3.0538,3.462,1.3909,1.4453,4.257,0.72059,2.9752,3.6568,1.6539,1.7187,4.2444,0.81139,1.9991,2.7161,0.5293,2.2249,4.0651,2.5846,2.5994,4.5255,2.0231,2.0999,3.4536,1.3715,2.8755,3.5304,1.0881,2.2361,3.612,2.5415,2.0473,4.4833,1.5054,1.7368,4.4195,1.5912,2.5854,3.5648,2.0745,2.2904,4.0616,2.7154,2.2925,4.9598,0.44935,2.4948,2.9272
0.23093,0.3662,0.0081237,265.35,305.62,199.02,0.0015075,0.0018118,0.0010062,204.25,225.89,245.46,224.91,230.02,179.39,232.56,227.95,273.81,232.81,282.73,309.41,204.75,254.95,231.16,315.87,226.69,270.75,245.74,178.17,370.45,243.88,205.11,248.54,206.41,301.92,283.57,347.67,187.31,272.91,246.94,243.43,145.44,269.33,295.94,388.09,288.96,203.45,358.3,389.81,311.05,205.94,302.21,209.85,313.77,300.19,348.03,352.01,406.06,310.23,305.5,298.23,447.67,391.09,427.39,323.94,371.96,347.14,250.94,475.58,427.91,393.53,373.61,212.33,331.95,268.65,275.16,236.52,382.4,288.9,318.93,279.02,378.36,379.54,324.04,307.45,303.95,382.44,383.36,371.29,281.85,344.44,366.65,288.18,358.28,237.29,371.41,303.62,360.64,310.79,356.06,361.17,321.31,352.9,332.7,285.39,306.63,382.35,315.19,296.67,468.07,412.12,438.19,303.4,392.37,524.79,475.95,383.29,289.82,350.8,445.09,327.54,406.16,358.03,295.56,424.96,365.54,441.37,457.22,385.37,481.66,461.08,469.11,349.2,400.69,455.94,546.57,295.57,575.42,515.95,478.04,362.76,521.92,429.93,348.45,702.42,402.2,445.66,416.8,417.56,380.93,303.15,371.79,444.03,310.64,529.61,353.67,368.15,448.71,519.29,291.37,329.65,421.05,294.29,155.22,355.75,412.5,350.41,546.02,406.87,219.18,313.12,229.78,246.83,306.49,308.57,252.52,333.77,322.65,250.7,301.05,270.97,321.16,222.51,292.46,278.01,272.58,250.86,241.25,332.51,241.72,356.94,394.22,273.82,318.56,262.68,347.79,309.6,247.25,345.31,353.59,313.11,321.59,310.82,345.15,355.28,297.29,538.47,255.37,276.95,291.28,292.75,263.58,307.72,301.49,384.95,294.85,276.57,278.26,354.24,296.35,208.94,238.47,283.02,376.41,285.93,248.87,294.95,262.91,296.39,292.82,267.95,280.78,293.75,295.65,233.46,312.04,234.26,320.08,238.15,247.43,206.41,290.42,295.47,185.08,294.56,238.62,190.21,276.24,203.35,240.63,290.01,203.68,257.88,274.07,206.52,274.68,264.64,244.04,194.51,258.19,221.73,260.9,252.16,171.64,296.54,299.45,218.28,174.99,212.91,286.7,258.01,258.59,239.92,156.41,162.12,205.75,254.48,258.95,228.59,235.98,216.58,196.52,176.75,184.69,232.91,208.44,261.75,221.23,0.00073387,0.0010181,0.0010905,0.0011767,0.0011039,0.00084999,0.0012082,0.00096571,0.001418,0.0010979,0.001495,0.0017075,0.0010131,0.0013748,0.0011219,0.0018424,0.0013182,0.0015257,0.0015658,0.0011049,0.0021423,0.0016084,0.0012858,0.0017279,0.0014059,0.0019712,0.0016428,0.001989,0.0014057,0.0018141,0.0015231,0.0015133,0.0010366,0.0014912,0.0017915,0.0023286,0.0017873,0.0012071,0.0021517,0.0022545,0.001774,0.0011586,0.0019018,0.001592,0.0019043,0.0018513,0.0021652,0.0019854,0.002413,0.0018636,0.0014886,0.0018708,0.0026414,0.0021339,0.0025067,0.0020459,0.0021918,0.0015431,0.0016663,0.0028402,0.0024978,0.0023419,0.0022438,0.0013733,0.002245,0.001772,0.0016203,0.001756,0.0023722,0.0018142,0.0020397,0.0019045,0.0022222,0.0022675,0.0014407,0.0019969,0.0019378,0.0023872,0.0024128,0.002351,0.0015209,0.0023458,0.002387,0.0018009,0.0015493,0.001776,0.0016296,0.0019797,0.002168,0.0020369,0.0022167,0.0020703,0.0016399,0.002242,0.0017148,0.0019392,0.0019045,0.002423,0.0016875,0.0019208,0.0023833,0.0024898,0.0026117,0.0018178,0.0023954,0.0025556,0.0027811,0.0024083,0.0019778,0.0021459,0.0026738,0.0021843,0.0019228,0.0021481,0.0019787,0.0025592,0.0021913,0.0024939,0.0024943,0.0019088,0.0021796,0.0026714,0.0022188,0.0022992,0.0021991,0.00215,0.0030206,0.0020458,0.0027339,0.0029218,0.0029004,0.0021542,0.0027938,0.0017526,0.0022426,0.0034514,0.0023361,0.0023073,0.0024846,0.0022411,0.0022996,0.0019332,0.0021304,0.0026396,0.0021474,0.0025551,0.0021719,0.0016679,0.0021912,0.0026777,0.0019111,0.0021353,0.0023248,0.0019099,0.0012402,0.0020475,0.0024108,0.0021529,0.0025164,0.0020285,0.0014146,0.0019485,0.001606,0.0017083,0.00175,0.0018755,0.0018029,0.0020636,0.0020017,0.0017708,0.0019986,0.0016127,0.0020042,0.0015862,0.0018964,0.0017494,0.0018558,0.0016017,0.0015232,0.0019471,0.0015608,0.002103,0.0022859,0.0016531,0.0020047,0.0018395,0.0021908,0.0019084,0.0017071,0.0020158,0.0017484,0.0020247,0.0020269,0.0019417,0.0022986,0.0021345,0.0019208,0.0019013,0.0017298,0.0017008,0.0018327,0.0018994,0.0017401,0.0019456,0.0017998,0.0024477,0.0016918,0.0018792,0.0017374,0.0019326,0.0018242,0.0014597,0.0016192,0.0017117,0.0022597,0.0018286,0.0016731,0.0016848,0.001628,0.0018549,0.0018816,0.0016772,0.0017295,0.0018134,0.001826,0.0015667,0.0019215,0.0015622,0.0018951,0.0015724,0.0014227,0.0013533,0.0016135,0.0018965,0.0012785,0.0017588,0.0013949,0.0015102,0.0017165,0.0013371,0.0015473,0.0017613,0.0014613,0.0015213,0.001608,0.001219,0.0016527,0.0015197,0.0015419,0.0012763,0.001628,0.0013747,0.0016103,0.0014521,0.00098131,0.0016013,0.0017187,0.0012134,0.0012026,0.0011659,0.0015635,0.0015629,0.0015285,0.0010864,0.00097225,0.00097463,0.0010057,0.0015227,0.0015038,0.0010577,0.0013065,0.0010445,0.001042,0.00088497,0.00083705,0.0011278,0.0011172,0.0014122,0.0012236,1074300.0,1105700.0,792270.0,4276700.0,2284500.0,1150800.0,5856800.0,1513400.0,1879800.0,3242500.0,2966100.0,734830.0,5652900.0,1298400.0,4052200.0,2459600.0,5070500.0,4091400.0,1340500.0,3371900.0,2502600.0,3347400.0,11704000.0,958350.0,6311800.0,749460.0,9101500.0,1591900.0,1841400.0,815570.0,3232100.0,1680500.0,5814300.0,23940000.0,2520900.0,2724900.0,4347000.0,1235900.0,1513400.0,1646200.0,2062700.0,1057700.0,2058300.0,1019200.0,7475600.0,2433400.0,1825600.0,1494000.0,2274900.0,15971000.0,952090.0,7278300.0,3995200.0,706940.0,3910700.0,1079100.0,2657700.0,17679000.0,32102000.0,2373200.0,1720700.0,1532600.0,2840700.0,1036400.0,1926200.0,3409900.0,803840.0,2871900.0,1940600.0,3915400.0,2755300.0,1446400.0,1119200.0,15048000.0,5077600.0,1340600.0,3613400.0,1673300.0,965090.0,2573300.0,3702600.0,1313000.0,893150.0,2116300.0,873820.0,1861100.0,2850800.0,4950200.0,4191200.0,2338500.0,5694300.0,1300700.0,9352900.0,4677300.0,1017700.0,1694700.0,903640.0,1769700.0,3509900.0,9918500.0,1730700.0,16523000.0,1417300.0,9919600.0,1633600.0,3256300.0,1272900.0,1628100.0,12535000.0,5115100.0,2157200.0,3869300.0,2389200.0,1225800.0,656170.0,3373000.0,11659000.0,2413800.0,1291100.0,778800.0,1922000.0,735100.0,1193700.0,2218700.0,8786700.0,4156700.0,2627900.0,3087700.0,2361300.0,1498700.0,773560.0,10411000.0,2404500.0,3548600.0,2073400.0,1371700.0,1031900.0,2014200.0,1052000.0,2853800.0,3921600.0,1159600.0,1477000.0,2103000.0,1521000.0,2210500.0,2422200.0,877170.0,6912100.0,1513500.0,9390500.0,6180200.0,809830.0,10291000.0,814480.0,1274500.0,19279000.0,683650.0,12167000.0,721740.0,5575100.0,3693400.0,3817200.0,2647300.0,5252900.0,4116200.0,4227600.0,964530.0,4135000.0,1638700.0,6369200.0,1506700.0,7610900.0,1080700.0,744550.0,4005200.0,2996600.0,1988300.0,8411500.0,2288700.0,948280.0,1205600.0,3671000.0,3568300.0,1940100.0,1475700.0,747540.0,6807100.0,5275200.0,2336700.0,637470.0,17726000.0,3323000.0,5257900.0,1142200.0,18258000.0,5431600.0,1100100.0,8580600.0,1353300.0,1434500.0,3992400.0,5297000.0,799330.0,1639500.0,973680.0,1778500.0,1568200.0,1456500.0,7851700.0,2342100.0,1425100.0,12280000.0,2793800.0,1238000.0,1263500.0,3260300.0,951930.0,4669600.0,1133200.0,1854600.0,8075300.0,4435100.0,696550.0,1421900.0,10018000.0,5258300.0,5069200.0,15394000.0,3001700.0,1931800.0,2342400.0,2994600.0,3189800.0,1882600.0,1749500.0,2275100.0,1499400.0,7215800.0,652060.0,3656200.0,8296200.0,8910100.0,1863600.0,5378600.0,4029700.0,5011000.0,864140.0,1139900.0,5361500.0,1551600.0,6587500.0,3485200.0,7122400.0,1970700.0,1638700.0,1591200.0,1087700.0,1106100.0,2208100.0,945990.0,5091800.0,3371700.0,4404800.0,3356800.0,2894200.0,2745600.0,15584000.0,14989000.0,6042000.0,4601000.0,2807600.0,6148400.0,3762100.0,1781300.0,2740300.0,1353800.0,4824200.0,3044800.0,1.5477,1.8594,4.1664,2.2427,2.4814,3.6643,1.275,2.241,4.2237,1.192,1.9805,4.21,2.4555,2.6631,4.3256,0.74121,2.0666,4.2262,1.7056,2.5316,3.873,3.0985,2.8423,5.8666,1.175,2.0262,4.1881,1.6956,1.7111,4.24,1.2988,2.2945,4.2945,0.6829,2.0244,4.212,2.8947,2.8416,4.6723,5.5162,2.7347,1.3419,1.2642,2.8045,3.6359,0.80704,2.1629,2.9937,2.6071,2.2013,4.5994,1.459,1.6743,3.8886,0.77132,2.713,3.9197,1.871,1.8478,3.5499,1.2151,2.3779,3.2627,0.38557,2.2947,3.4587,1.8691,1.6208,3.4144,2.0678,2.6443,4.2066,1.9278,1.6301,3.3718,1.6667,1.625,3.9896,0.33223,2.1989,3.1142,2.1251,2.4425,4.5519,1.5013,1.7057,3.2902,0.94145,1.9662,2.7531,3.276,2.8331,6.0459,1.9398,1.8297,3.5234,0.84853,2.7383,2.9174,1.6694,2.5967,4.0064,0.76616,1.8983,2.7334,1.0939,2.4126,3.1441,1.9352,1.9305,4.4884,1.8664,1.6479,3.9002,0.64449,2.1301,3.9604,1.4423,2.564,3.9484,0.97518,2.1704,3.1535,2.6608,2.39,4.4126,2.0077,2.2099,4.7291,1.5513,1.6244,3.9285,1.8893,2.0412,4.4778,1.5082,2.2166,3.2242,0.81625,2.2612,2.9756,2.4415,2.5173,4.3702,2.0371,2.4781,4.816,1.9404,2.6198,4.7855,2.6195,2.3898,4.3974,1.2671,2.5335,3.8713,1.901,2.3531,4.4195,2.6934,2.9659,4.4894,0.70555,2.3602,2.709,1.3377,2.0085,4.615,1.8527,2.9901,3.676,0.23191,2.3686,3.3704,1.7076,1.6136,4.0813,0.85661,2.2371,3.0686,2.2846,2.3018,4.7201,0.46407,2.387,3.13,0.70575,2.2651,3.1223,0.015388,2.8992,1.7053,2.0755,2.2389,4.6784,2.5228,2.4622,4.3236,2.2689,2.3169,5.1448,1.9097,2.6272,4.1041,1.1197,1.8102,4.0774,4.5044,2.7875,0.73455,0.75802,2.1973,2.9583,1.4937,2.1452,4.2943,1.1893,2.2845,3.5642,1.9904,2.6142,4.2553,1.6237,1.5805,4.1435,1.1703,2.5106,3.1369,0.72627,2.5353,3.7353,2.2607,1.8147,3.6746,1.3856,2.5394,3.4834,1.3593,2.5998,3.5131,1.3886,1.63,4.2588,1.9378,2.6238,4.4358,2.1048,2.6018,4.6485,3.3004,2.846,6.1404,1.7908,1.5988,4.2013,1.9301,1.9227,3.3641,2.5334,2.9304,5.3988,1.1863,2.5787,3.041,2.6809,2.3773,5.0006,1.0297,2.7216,4.2567,1.4297,2.4977,3.5622,0.9871,1.96,4.1769,1.7805,1.6382,4.0564,1.9829,1.9373,3.3946,6.056,2.898,2.8704,2.9953,2.2159,4.6712,1.5619,1.9147,4.4177,1.1646,2.5425,3.3593,1.4386,2.4691,3.402,1.7162,1.8704,3.6576,2.0548,2.4606,4.1197,1.0896,2.39,3.2573,2.5113,1.8379,5.3469,1.0003,2.5815,3.27,1.3373,2.5614,3.308,0.24198,3.0511,3.1974,0.66956,1.9493,2.7456,1.6565,1.9409,4.6391,1.538,1.7883,4.2201,5.2101,2.7433,1.5867,0.90496,2.2401,2.9642,0.9778,2.743,4.2517,2.3715,2.4106,3.7081,2.9451,2.2945,4.9702,3.1157,2.5678,4.6301,2.1044,2.3841,4.6239,2.1814,2.2336,4.1724,0.7147,2.2737,3.3355,0.6666,2.42,3.0524,0.58892,2.2811,3.8972,2.4643,2.4415,4.5664,0.68943,2.46,2.8446,1.2857,1.5633,4.3689,1.5882,1.912,3.5577,0.40365,2.667,2.2232,3.4176,2.9062,0.2713,0.84283,2.2573,3.0625,1.6247,1.6651,4.1754,1.682,1.9212,3.3058,0.81268,2.3421,2.9054,2.2554,2.2622,4.9442,1.3579,2.5834,3.2496,1.3015,2.2263,3.6967,0.36156,2.0679,3.3434,1.73,1.8865,3.4406,2.6379,2.0087,4.1367,2.0323,2.1532,4.9557,1.4101,1.6975,3.8602,0.76981,2.0687,2.845,2.0889,2.1068,5.0947,2.1535,2.2999,4.5852,1.51,2.4788,4.0398,3.986,2.7988,6.1828,1.7986,2.5132,3.9707,0.58737,2.0044,4.1705,1.1712,2.612,4.2236,3.2679,2.7675,6.0913,1.706,1.5677,3.2773,0.28662,2.3979,3.4392,4.8149,3.0016,0.64617,0.43219,2.8337,3.363,1.1392,2.5525,3.1174,2.2584,2.1821,5.0374,1.6898,2.0493,4.4664,1.6544,1.6201,3.4009,1.9252,2.9554,3.4536,0.75162,2.3145,2.9293,0.78867,2.3548,3.0194,0.217,2.6716,3.3494,1.994,2.4624,4.2875,0.67883,2.3931,2.8053,1.0243,2.3858,3.579,1.2975,1.7548,4.333,0.2314,2.3569,3.5083,1.6895,1.5973,3.2745,0.86502,2.2854,2.8758,2.9108,2.8512,6.0469,1.653,2.503,3.9492,2.031,2.2527,4.6084,2.1349,2.6373,5.0398,1.5712,1.9532,3.8013,1.441,1.7506,3.7663,2.3051,2.1449,4.9799,1.4875,2.5579,3.9195,0.45246,2.9891,2.0893,4.4286,2.8767,0.26054,1.3325,2.8528,4.1663,1.8454,1.9873,3.892,1.1344,2.674,2.7233,0.03867,2.7668,2.815,1.0843,2.9195,4.1993,0.47255,2.4163,2.6236,0.85969,2.0942,2.83,0.56097,2.4892,3.4321,1.8462,2.2455,4.3504,1.0495,2.8305,4.2165,0.72216,2.0718,2.9245,2.1257,1.8335,3.6913,1.4317,1.8906,3.7305,2.2198,2.5645,4.6873,1.5632,1.5743,4.2007,1.2608,2.1341,3.2469,0.76375,2.1159,2.9878,0.73448,2.2427,2.6418,1.7997,2.3937,4.193,2.2103,2.5516,4.895,0.59452,2.078,2.9196,1.7333,1.8121,3.2914,0.90456,2.9727,2.6255,0.52201,2.5345,2.5846,3.2645,2.7184,6.2182,6.2755,2.8712,2.7262,4.0646,2.8677,6.0242,2.417,2.2072,3.7281,1.5086,3.0562,4.5549,1.232,2.4493,3.5085,5.997,3.1104,2.726,2.374,2.1638,3.7278,1.3272,1.8449,3.7137,2.3716,2.3297,4.6525,2.5872,2.7436,4.2788,1.2533,2.7183,4.3058,1.6449,1.9269,3.7989,1.2268,2.7366,3.7974,2.3178,2.3248,4.9032,1.3524,2.5897,3.3654,2.1416,2.3187,4.0489,0.81754,1.9812,3.3904,2.4201,2.2919,3.8146,2.3332,2.3309,3.7224,2.3143,2.0154,5.0989,2.6042,2.2922,4.8322,2.411,2.2415,3.7882,1.4553,1.6164,3.9326,2.305,2.5647,4.9023,1.7102,1.9431,3.8464,0.82288,2.1085,4.1444,1.5672,1.849,4.3559,2.2888,2.5242,4.9513,1.4445,2.4018,3.2527,5.8205,2.803,2.101,1.8629,1.7465,3.5305,1.9203,2.8798,4.1346,2.1332,2.0027,4.8437,1.1973,2.6344,4.3856,2.0323,2.1616,4.9585,1.6609,1.7758,3.9233,1.6416,1.9939,3.3141,1.1704,2.7237,3.7412,1.0548,2.852,3.8224,1.5928,2.5001,3.9282,1.1668,2.6603,3.6772,1.75,1.7394,4.079,0.71165,2.4437,2.82,1.8241,2.1506,4.424,0.10179,2.7762,3.0312,1.0282,1.9514,4.35,0.985,2.2726,3.0902,1.5762,2.4084,4.5574,1.0092,2.0778,2.8303,0.80937,2.0083,2.6787,1.7036,1.7549,3.9311,0.8545,2.4348,2.9405,1.2993,1.5784,3.8411,2.7708,2.6139,4.6091,1.0383,2.2532,3.6376,1.1824,2.7141,3.6938,2.0117,2.0009,4.4758,0.99561,1.9602,4.2378,1.9176,1.6456,3.4335,1.7353,2.5039,3.9676,2.2757,2.5302,4.8688,2.0471,2.351,3.5859,1.2022,3.0537,3.4619,1.3907,1.4453,4.2571,0.72083,2.9751,3.6568,1.654,1.7186,4.2444,0.81162,1.9991,2.716,0.52884,2.225,4.0655,2.5843,2.5994,4.5256,2.0232,2.0998,3.4537,1.3714,2.8753,3.5304,1.0881,2.2363,3.6119,2.5415,2.0475,4.4834,1.5055,1.7369,4.4195,1.5911,2.5854,3.5647,2.0746,2.2904,4.0616,2.7155,2.2922,4.9597,0.44939,2.4947,2.9272
0.23244,0.3686,0.0081653,265.92,306.55,198.99,0.0015106,0.0018169,0.0010061,204.01,225.81,245.9,225.03,230.5,179.45,232.19,227.86,273.97,233.11,283.37,310.44,204.93,255.67,231.35,316.83,226.68,271.22,246.5,178.28,371.29,243.7,204.96,248.15,206.17,302.57,284.33,348.57,187.71,272.57,247.24,244.23,145.43,270.25,296.27,389.05,289.53,203.5,359.52,391.09,311.88,206.58,303.84,210.08,314.61,301.01,348.92,353.3,407.46,311.09,306.46,299.08,449.79,392.19,429.06,324.99,373.43,349.52,251.76,477.34,429.47,394.64,374.8,213.1,333.18,269.29,276.34,236.74,383.83,290.31,320.48,279.73,379.44,381.39,327.3,308.42,304.35,383.43,384.8,372.5,283.65,346.1,367.85,288.16,361.43,238.05,373.92,304.21,361.65,311.76,357.63,363.36,322.31,353.73,334.2,285.9,307.66,383.84,317.25,297.96,470.46,413.43,441.14,304.91,393.65,527.21,477.42,385.25,291.2,351.63,446.25,328.68,410.66,359.87,296.26,426.6,367.35,444.54,459.43,386.68,486.01,462.89,472.69,350.55,402.41,458.72,549.42,296.58,578.69,517.68,480.3,364.39,524.36,435.12,349.95,705.7,403.95,447.93,418.35,419.58,382.15,304.24,372.99,445.45,311.69,532.1,354.28,370.25,451.5,521.48,292.34,330.7,422.48,295.64,155.51,357.46,414.05,351.05,548.74,407.5,219.52,313.92,230.27,247.46,308.1,309.32,253.14,334.26,323.62,251.08,301.66,271.61,322.06,223.33,293.1,278.31,273.1,251.42,241.74,332.96,242.28,357.94,395.04,274.18,319.69,263.12,348.49,310.38,247.69,346.32,354.27,313.89,322.28,311.65,346.36,356.1,298.09,540.64,256.01,277.51,292.13,293.59,263.76,308.34,302.32,386.41,295.78,277.26,278.75,355.38,297.17,209.26,238.87,283.55,377.44,286.69,249.47,295.33,263.32,296.9,293.31,268.49,281.21,294.0,295.95,233.81,312.9,234.52,320.81,238.55,247.78,206.8,290.94,295.96,185.25,294.95,239.0,190.39,276.57,203.63,240.99,290.44,203.93,258.07,274.39,206.66,275.08,264.93,244.39,194.67,258.49,221.99,261.24,252.49,171.79,296.81,299.71,218.47,175.0,213.09,286.99,258.38,258.81,240.07,156.51,162.18,205.85,254.74,259.15,228.66,236.14,216.62,196.64,176.89,184.76,233.04,208.43,262.04,221.3,0.00073228,0.0010173,0.0010919,0.0011774,0.001106,0.00085031,0.0012059,0.00096512,0.0014192,0.0010997,0.0014989,0.0017137,0.0010137,0.0013791,0.0011229,0.0018478,0.0013182,0.0015291,0.001571,0.0011058,0.0021467,0.0016071,0.0012848,0.0017259,0.001404,0.0019757,0.0016478,0.0019941,0.0014089,0.001812,0.0015251,0.0015184,0.0010364,0.001496,0.0017932,0.0023337,0.0017912,0.001205,0.0021584,0.0022619,0.0017795,0.0011616,0.0019096,0.0015946,0.0019092,0.001856,0.0021714,0.0019938,0.0024208,0.0018691,0.0014939,0.001876,0.0026526,0.002141,0.0025163,0.0020518,0.002201,0.0015541,0.0016673,0.0028502,0.0025034,0.0023497,0.0022506,0.0013771,0.0022523,0.0017762,0.0016266,0.0017591,0.0023816,0.0018223,0.0020486,0.0019084,0.0022296,0.0022769,0.0014579,0.002003,0.0019422,0.0023942,0.0024223,0.0023592,0.0015305,0.0023546,0.0023956,0.0018028,0.0015665,0.0017804,0.001642,0.0019829,0.0021742,0.002044,0.0022251,0.0020815,0.0016447,0.002247,0.0017226,0.0019424,0.0019087,0.0024315,0.0016959,0.0019281,0.0023943,0.0024978,0.0026261,0.0018265,0.0024015,0.0025691,0.0027902,0.002419,0.0019862,0.0021516,0.0026808,0.0021914,0.0019424,0.0021577,0.001984,0.002568,0.0022004,0.0025117,0.0025069,0.0019156,0.0021982,0.002682,0.0022407,0.002307,0.0022077,0.0021654,0.0030369,0.0020524,0.0027529,0.0029323,0.0029133,0.0021625,0.002807,0.0017773,0.0022514,0.0034689,0.0023461,0.0023243,0.0024941,0.002252,0.0023074,0.001939,0.0021385,0.0026479,0.0021543,0.0025687,0.002177,0.0016786,0.0022051,0.0026887,0.0019175,0.0021413,0.0023334,0.0019174,0.0012427,0.0020563,0.0024193,0.0021567,0.002531,0.0020301,0.0014167,0.0019533,0.0016095,0.0017117,0.0017584,0.0018805,0.0018071,0.0020667,0.0020066,0.001774,0.0020028,0.0016166,0.0020089,0.0015903,0.001901,0.0017513,0.0018586,0.0016043,0.0015263,0.0019506,0.0015642,0.002108,0.0022903,0.0016531,0.0020104,0.0018426,0.0021964,0.0019131,0.0017103,0.0020214,0.0017518,0.0020295,0.0020317,0.0019465,0.0023052,0.0021392,0.0019257,0.0019123,0.0017332,0.0017037,0.0018373,0.0019047,0.0017417,0.0019485,0.0018041,0.0024541,0.0016953,0.0018834,0.0017408,0.0019386,0.0018291,0.0014621,0.0016218,0.001715,0.0022659,0.0018333,0.0016767,0.0016872,0.0016302,0.0018575,0.0018849,0.0016802,0.0017324,0.0018164,0.0018279,0.0015691,0.0019266,0.001564,0.0018992,0.0015746,0.0014248,0.0013553,0.0016164,0.0019,0.0012794,0.0017609,0.0013968,0.001512,0.0017188,0.001339,0.0015495,0.0017641,0.0014635,0.0015222,0.0016096,0.0012202,0.0016551,0.0015211,0.001544,0.0012772,0.00163,0.0013763,0.0016121,0.0014536,0.000982,0.001603,0.0017208,0.0012144,0.0012028,0.0011667,0.0015648,0.0015649,0.0015295,0.001087,0.00097282,0.00097483,0.0010061,0.0015243,0.0015047,0.001058,0.0013071,0.0010445,0.0010424,0.00088543,0.0008372,0.0011282,0.0011172,0.0014135,0.001224,1074300.0,1105700.0,792270.0,4276700.0,2284500.0,1150800.0,5856800.0,1513400.0,1879800.0,3242500.0,2966100.0,734830.0,5652900.0,1298400.0,4052200.0,2459600.0,5070500.0,4091400.0,1340500.0,3371900.0,2502600.0,3347400.0,11704000.0,958350.0,6311800.0,749460.0,9101500.0,1591900.0,1841400.0,815570.0,3232100.0,1680500.0,5814300.0,23940000.0,2520900.0,2724900.0,4347000.0,1235900.0,1513400.0,1646200.0,2062700.0,1057700.0,2058300.0,1019200.0,7475600.0,2433400.0,1825600.0,1494000.0,2274900.0,15971000.0,952090.0,7278300.0,3995200.0,706940.0,3910700.0,1079100.0,2657700.0,17679000.0,32102000.0,2373200.0,1720700.0,1532600.0,2840700.0,1036400.0,1926200.0,3409900.0,803840.0,2871900.0,1940600.0,3915400.0,2755300.0,1446400.0,1119200.0,15048000.0,5077600.0,1340600.0,3613400.0,1673300.0,965090.0,2573300.0,3702600.0,1313000.0,893150.0,2116300.0,873820.0,1861100.0,2850800.0,4950200.0,4191200.0,2338500.0,5694300.0,1300700.0,9352900.0,4677300.0,1017700.0,1694700.0,903640.0,1769700.0,3509900.0,9918500.0,1730700.0,16523000.0,1417300.0,9919600.0,1633600.0,3256300.0,1272900.0,1628100.0,12535000.0,5115100.0,2157200.0,3869300.0,2389200.0,1225800.0,656170.0,3373000.0,11659000.0,2413800.0,1291100.0,778800.0,1922000.0,735100.0,1193700.0,2218700.0,8786700.0,4156700.0,2627900.0,3087700.0,2361300.0,1498700.0,773560.0,10411000.0,2404500.0,3548600.0,2073400.0,1371700.0,1031900.0,2014200.0,1052000.0,2853800.0,3921600.0,1159600.0,1477000.0,2103000.0,1521000.0,2210500.0,2422200.0,877170.0,6912100.0,1513500.0,9390500.0,6180200.0,809830.0,10291000.0,814480.0,1274500.0,19279000.0,683650.0,12167000.0,721740.0,5575100.0,3693400.0,3817200.0,2647300.0,5252900.0,4116200.0,4227600.0,964530.0,4135000.0,1638700.0,6369200.0,1506700.0,7610900.0,1080700.0,744550.0,4005200.0,2996600.0,1988300.0,8411500.0,2288700.0,948280.0,1205600.0,3671000.0,3568300.0,1940100.0,1475700.0,747540.0,6807100.0,5275200.0,2336700.0,637470.0,17726000.0,3323000.0,5257900.0,1142200.0,18258000.0,5431600.0,1100100.0,8580600.0,1353300.0,1434500.0,3992400.0,5297000.0,799330.0,1639500.0,973680.0,1778500.0,1568200.0,1456500.0,7851700.0,2342100.0,1425100.0,12280000.0,2793800.0,1238000.0,1263500.0,3260300.0,951930.0,4669600.0,1133200.0,1854600.0,8075300.0,4435100.0,696550.0,1421900.0,10018000.0,5258300.0,5069200.0,15394000.0,3001700.0,1931800.0,2342400.0,2994600.0,3189800.0,1882600.0,1749500.0,2275100.0,1499400.0,7215800.0,652060.0,3656200.0,8296200.0,8910100.0,1863600.0,5378600.0,4029700.0,5011000.0,864140.0,1139900.0,5361500.0,1551600.0,6587500.0,3485200.0,7122400.0,1970700.0,1638700.0,1591200.0,1087700.0,1106100.0,2208100.0,945990.0,5091800.0,3371700.0,4404800.0,3356800.0,2894200.0,2745600.0,15584000.0,14989000.0,6042000.0,4601000.0,2807600.0,6148400.0,3762100.0,1781300.0,2740300.0,1353800.0,4824200.0,3044800.0,1.5478,1.8595,4.1665,2.2428,2.4815,3.6642,1.2749,2.2411,4.2237,1.1917,1.9803,4.2099,2.455,2.6631,4.3256,0.74049,2.0666,4.2264,1.7064,2.5318,3.8729,3.0988,2.8423,5.8666,1.1746,2.0262,4.188,1.6951,1.7109,4.2399,1.2991,2.295,4.295,0.68146,2.0241,4.2121,2.8941,2.8415,4.6728,5.5146,2.7342,1.341,1.2645,2.8041,3.6361,0.80602,2.163,2.9936,2.6078,2.2021,4.6004,1.4588,1.6742,3.8885,0.7728,2.7139,3.9208,1.8701,1.8482,3.5504,1.2153,2.3777,3.2633,0.38595,2.2947,3.458,1.8696,1.6205,3.4146,2.0681,2.6436,4.2063,1.9285,1.6299,3.3719,1.6672,1.6247,3.9901,0.33201,2.1993,3.1139,2.1255,2.4427,4.5527,1.5012,1.7057,3.2908,0.94234,1.9666,2.7531,3.2767,2.8329,6.0467,1.9399,1.8299,3.5237,0.84776,2.7386,2.9176,1.6685,2.5967,4.0065,0.76664,1.8982,2.7332,1.0933,2.4125,3.1443,1.9349,1.9307,4.4883,1.8678,1.6477,3.9003,0.64493,2.1296,3.9619,1.4438,2.5641,3.9497,0.97471,2.171,3.1527,2.6618,2.3906,4.4136,2.0075,2.2098,4.7291,1.5513,1.6238,3.9285,1.8891,2.042,4.4777,1.5085,2.217,3.224,0.81594,2.2616,2.9747,2.4413,2.5184,4.3701,2.0377,2.4772,4.8156,1.9405,2.6198,4.785,2.6202,2.3907,4.3983,1.2671,2.5338,3.8712,1.9025,2.3539,4.4202,2.6987,2.9654,4.4934,0.70661,2.3598,2.7102,1.3364,2.008,4.6153,1.8531,2.9899,3.6754,0.23119,2.3684,3.3703,1.7077,1.6135,4.0813,0.85771,2.2378,3.0689,2.2854,2.3018,4.7205,0.46244,2.3863,3.1302,0.70455,2.2654,3.1218,0.015446,2.8992,1.7039,2.0772,2.2398,4.6793,2.5229,2.4632,4.3241,2.2683,2.3171,5.1448,1.9094,2.6267,4.1034,1.1198,1.8098,4.0782,4.5043,2.7868,0.73578,0.75789,2.1975,2.9579,1.4947,2.1455,4.2944,1.1902,2.2858,3.5645,1.9898,2.6138,4.2548,1.6237,1.5809,4.1435,1.1702,2.5101,3.1371,0.726,2.5362,3.7353,2.2616,1.8147,3.6743,1.3856,2.5393,3.4836,1.359,2.5998,3.5128,1.3885,1.63,4.2584,1.9381,2.623,4.4358,2.106,2.6007,4.6491,3.2994,2.8463,6.1403,1.7923,1.5983,4.2015,1.9314,1.9225,3.3635,2.5347,2.9296,5.3994,1.1861,2.5786,3.0406,2.6808,2.3769,5.0003,1.0308,2.7226,4.2579,1.4297,2.4977,3.5626,0.98777,1.9607,4.1779,1.7805,1.6384,4.0563,1.9832,1.9375,3.3947,6.0577,2.898,2.8713,2.9961,2.2155,4.6712,1.5631,1.9145,4.4185,1.1654,2.5421,3.3594,1.4387,2.469,3.4022,1.7166,1.87,3.6575,2.0549,2.4606,4.1204,1.0898,2.3904,3.2577,2.5115,1.8366,5.3478,1.0004,2.5808,3.2697,1.3361,2.5615,3.3073,0.2416,3.0511,3.1972,0.66968,1.9504,2.7451,1.6563,1.9407,4.64,1.5387,1.7878,4.2204,5.2102,2.7424,1.587,0.90531,2.2406,2.9649,0.97852,2.7438,4.2527,2.371,2.4103,3.7078,2.9454,2.2946,4.9702,3.1165,2.5673,4.6306,2.1049,2.3839,4.6246,2.1812,2.2342,4.1725,0.71493,2.274,3.3359,0.66705,2.4201,3.0523,0.58923,2.282,3.8976,2.4645,2.4417,4.5653,0.68855,2.4603,2.8435,1.2851,1.5632,4.3692,1.5882,1.9116,3.5586,0.40463,2.6671,2.2241,3.4175,2.9059,0.27136,0.84251,2.2572,3.062,1.6246,1.665,4.1758,1.6822,1.9218,3.3066,0.81343,2.3418,2.9058,2.2562,2.2617,4.9444,1.3585,2.5836,3.2504,1.3021,2.2267,3.6976,0.36204,2.0675,3.3447,1.7304,1.8863,3.4406,2.6379,2.008,4.1372,2.0318,2.1534,4.9554,1.4107,1.6976,3.8605,0.76974,2.0697,2.8459,2.089,2.1064,5.0952,2.1533,2.3001,4.5856,1.5104,2.4797,4.0405,3.9848,2.7965,6.1815,1.7981,2.5136,3.97,0.58638,2.0048,4.1708,1.1703,2.6118,4.2229,3.2674,2.767,6.0919,1.7062,1.5678,3.2773,0.28695,2.3983,3.4397,4.8139,3.0015,0.64503,0.43214,2.8341,3.3641,1.1388,2.5527,3.1182,2.2584,2.182,5.0379,1.6906,2.0493,4.467,1.6543,1.62,3.4012,1.9272,2.9556,3.455,0.75184,2.3142,2.9297,0.78854,2.3541,3.0195,0.2167,2.6717,3.3494,1.9944,2.4626,4.2875,0.67935,2.3925,2.8054,1.0251,2.3867,3.5788,1.2982,1.7545,4.3333,0.23173,2.357,3.5092,1.6894,1.5974,3.2744,0.86588,2.2847,2.8761,2.9104,2.8511,6.0475,1.6516,2.5027,3.9487,2.0311,2.253,4.6083,2.1336,2.6369,5.0388,1.5707,1.9531,3.8011,1.4418,1.7499,3.7666,2.3052,2.1449,4.9796,1.4873,2.5575,3.9188,0.45202,2.9886,2.0882,4.4282,2.8761,0.26053,1.3322,2.853,4.1657,1.8446,1.9876,3.892,1.1333,2.6741,2.7223,0.037342,2.7663,2.8147,1.0851,2.9197,4.1997,0.47268,2.4156,2.6241,0.85967,2.0947,2.8298,0.56169,2.4892,3.4327,1.8476,2.2461,4.3507,1.0486,2.8307,4.2162,0.72292,2.0725,2.9236,2.1262,1.8334,3.6907,1.4321,1.8909,3.731,2.2185,2.5635,4.6856,1.5641,1.5742,4.2007,1.2606,2.134,3.2473,0.76463,2.1165,2.9874,0.73431,2.242,2.6419,1.8,2.3938,4.1933,2.2098,2.5507,4.8945,0.59459,2.0781,2.919,1.7332,1.8126,3.2915,0.90557,2.9725,2.6259,0.52158,2.5348,2.5844,3.2651,2.7182,6.219,6.2768,2.8713,2.7282,4.0627,2.8671,6.0217,2.4173,2.2057,3.7281,1.5094,3.0562,4.5571,1.2318,2.4492,3.5092,5.9901,3.1104,2.7207,2.374,2.1632,3.7274,1.3276,1.845,3.7139,2.3711,2.3297,4.653,2.5864,2.7443,4.2796,1.2531,2.7185,4.3053,1.644,1.9266,3.7984,1.2276,2.7362,3.7985,2.3173,2.3243,4.9025,1.3509,2.5892,3.3654,2.141,2.3195,4.0485,0.81753,1.9815,3.3903,2.4199,2.291,3.8148,2.3328,2.3305,3.7222,2.3149,2.0157,5.0996,2.6036,2.2922,4.8324,2.4114,2.2415,3.7881,1.4557,1.6166,3.933,2.3041,2.564,4.9019,1.7092,1.9431,3.846,0.82303,2.1082,4.1449,1.5667,1.8491,4.3564,2.2883,2.5232,4.9514,1.4444,2.4019,3.2526,5.8198,2.8024,2.1003,1.8629,1.7464,3.5306,1.9197,2.8788,4.1334,2.1338,2.003,4.8439,1.1979,2.6347,4.3862,2.0331,2.1618,4.9589,1.6611,1.7756,3.923,1.6419,1.9937,3.3135,1.1709,2.7237,3.7418,1.0553,2.852,3.8222,1.5937,2.5003,3.9285,1.1668,2.6598,3.677,1.7497,1.7391,4.079,0.71085,2.4436,2.8202,1.8238,2.1511,4.4243,0.10171,2.776,3.0321,1.0277,1.9515,4.3505,0.9851,2.2723,3.0905,1.5759,2.4084,4.5573,1.0093,2.0777,2.8303,0.80975,2.0083,2.6784,1.7041,1.7546,3.9308,0.85394,2.4346,2.9414,1.2988,1.5783,3.8411,2.7708,2.614,4.6089,1.0379,2.2539,3.6375,1.1825,2.7137,3.694,2.0119,2.001,4.4758,0.99512,1.9603,4.2377,1.918,1.6456,3.4334,1.7358,2.5041,3.9675,2.2765,2.53,4.8685,2.0467,2.3509,3.5854,1.2019,3.0536,3.4619,1.3904,1.4454,4.2572,0.72119,2.975,3.6567,1.6542,1.7184,4.2445,0.81197,1.999,2.7159,0.52815,2.2251,4.066,2.5838,2.5994,4.5257,2.0233,2.0997,3.4538,1.3713,2.8751,3.5303,1.0881,2.2366,3.6118,2.5416,2.0478,4.4835,1.5056,1.7369,4.4195,1.591,2.5853,3.5646,2.0747,2.2905,4.0615,2.7157,2.2918,4.9596,0.44946,2.4945,2.927
0.23394,0.37099,0.0082069,266.51,307.51,198.98,0.0015139,0.0018221,0.0010062,203.78,225.73,246.38,225.15,230.99,179.58,231.83,227.79,274.13,233.4,284.03,311.51,205.14,256.41,231.56,317.82,226.65,271.72,247.29,178.42,372.15,243.53,204.82,247.77,205.95,303.24,285.08,349.49,188.13,272.21,247.52,245.05,145.48,271.21,296.61,390.05,290.11,203.6,360.83,392.36,312.7,207.23,305.49,210.31,315.51,301.85,349.86,354.64,408.93,311.98,307.4,299.93,452.01,393.24,430.81,326.19,374.93,351.97,252.57,479.16,431.06,395.69,375.93,213.83,334.48,269.99,277.52,236.89,385.28,291.72,322.03,280.5,380.59,383.32,330.66,309.42,304.72,384.5,386.22,373.72,285.52,347.77,369.13,288.1,364.72,238.9,376.59,304.82,362.64,312.71,359.23,365.52,323.3,354.56,335.75,286.38,308.77,385.28,319.35,299.32,472.9,414.74,444.03,306.42,395.02,529.65,478.84,387.22,292.6,352.46,447.38,329.83,415.28,361.7,296.94,428.23,369.27,447.78,461.64,387.98,490.4,464.65,476.35,351.94,404.19,461.59,552.22,297.59,582.2,519.43,482.59,366.07,526.77,440.24,351.52,709.09,405.66,450.37,419.92,421.61,383.37,305.36,374.24,446.88,312.7,534.69,354.79,372.37,454.34,523.7,293.31,331.85,423.88,297.02,155.77,359.25,415.59,351.65,551.55,408.07,219.89,314.76,230.78,248.13,309.79,310.08,253.74,334.73,324.6,251.44,302.29,272.23,322.97,224.17,293.73,278.63,273.64,251.99,242.27,333.37,242.84,358.97,395.83,274.56,320.88,263.61,349.18,311.2,248.13,347.33,354.95,314.71,322.98,312.51,347.62,356.98,298.9,542.8,256.67,278.08,292.97,294.43,263.96,308.98,303.16,387.9,296.72,278.02,279.22,356.55,298.05,209.57,239.3,284.07,378.48,287.48,250.13,295.69,263.77,297.46,293.83,269.04,281.66,294.26,296.25,234.21,313.76,234.8,321.58,238.93,248.14,207.19,291.46,296.49,185.44,295.36,239.38,190.61,276.91,203.95,241.36,290.91,204.2,258.29,274.73,206.8,275.52,265.26,244.77,194.86,258.8,222.25,261.61,252.84,171.95,297.07,299.98,218.67,175.02,213.27,287.27,258.78,259.06,240.23,156.61,162.25,205.95,255.01,259.4,228.75,236.33,216.68,196.78,177.05,184.85,233.16,208.41,262.33,221.38,0.00073071,0.0010165,0.0010935,0.0011782,0.0011081,0.00085102,0.0012037,0.0009646,0.0014204,0.0011014,0.0015029,0.00172,0.0010144,0.0013834,0.0011241,0.0018533,0.0013182,0.0015326,0.0015763,0.001107,0.0021512,0.0016059,0.0012838,0.001724,0.0014023,0.0019802,0.0016529,0.0019992,0.0014122,0.0018098,0.0015271,0.0015237,0.0010366,0.0015011,0.0017949,0.0023391,0.0017952,0.0012032,0.0021657,0.0022692,0.001785,0.0011646,0.0019177,0.0015971,0.0019146,0.001861,0.002178,0.0020025,0.0024293,0.0018747,0.001499,0.0018814,0.0026643,0.002148,0.0025264,0.0020584,0.0022105,0.0015655,0.0016683,0.0028603,0.0025085,0.0023571,0.0022571,0.0013809,0.0022599,0.0017807,0.0016327,0.001762,0.0023912,0.0018306,0.0020573,0.0019125,0.0022375,0.0022865,0.0014752,0.0020092,0.0019465,0.0024018,0.0024318,0.0023675,0.0015403,0.0023637,0.0024048,0.0018046,0.0015849,0.0017852,0.0016549,0.0019863,0.0021804,0.0020511,0.0022337,0.002093,0.0016496,0.0022521,0.0017309,0.0019456,0.0019134,0.0024399,0.0017048,0.0019359,0.0024057,0.002506,0.0026403,0.0018352,0.0024078,0.002583,0.0027993,0.00243,0.0019946,0.0021575,0.0026877,0.0021986,0.0019632,0.0021675,0.0019895,0.0025768,0.0022103,0.00253,0.0025197,0.0019226,0.0022164,0.0026923,0.0022634,0.0023147,0.0022167,0.0021813,0.0030533,0.002059,0.0027732,0.0029431,0.002926,0.002171,0.0028204,0.001802,0.0022608,0.0034872,0.0023558,0.0023423,0.0025039,0.0022631,0.0023153,0.0019449,0.0021473,0.0026563,0.0021611,0.0025827,0.0021818,0.0016896,0.0022194,0.0027001,0.001924,0.0021477,0.0023419,0.0019251,0.0012451,0.0020658,0.0024278,0.0021602,0.0025463,0.0020313,0.0014191,0.0019585,0.0016131,0.0017153,0.0017673,0.0018857,0.0018113,0.0020697,0.0020116,0.0017771,0.0020072,0.0016206,0.0020137,0.0015946,0.0019056,0.0017533,0.0018615,0.0016071,0.0015295,0.001954,0.0015677,0.0021134,0.0022945,0.0016532,0.0020162,0.0018459,0.0022022,0.0019181,0.0017136,0.0020272,0.0017552,0.0020343,0.0020367,0.0019515,0.0023119,0.0021443,0.0019306,0.0019232,0.0017368,0.0017065,0.0018418,0.00191,0.0017435,0.0019516,0.0018083,0.0024603,0.0016987,0.0018879,0.0017442,0.0019449,0.0018342,0.0014643,0.0016245,0.0017184,0.0022722,0.0018383,0.0016805,0.0016897,0.0016326,0.0018603,0.0018884,0.0016834,0.0017354,0.0018194,0.0018298,0.0015716,0.0019318,0.0015658,0.0019036,0.0015769,0.0014269,0.0013575,0.0016195,0.0019037,0.0012804,0.0017633,0.0013985,0.0015139,0.0017213,0.0013409,0.0015518,0.0017672,0.0014657,0.0015233,0.0016112,0.0012214,0.0016579,0.0015225,0.0015462,0.0012782,0.0016321,0.0013778,0.0016142,0.0014554,0.00098277,0.0016048,0.001723,0.0012156,0.0012031,0.0011676,0.0015662,0.0015671,0.0015307,0.0010877,0.0009735,0.00097506,0.0010064,0.001526,0.0015059,0.0010583,0.0013079,0.0010446,0.001043,0.00088603,0.00083742,0.0011287,0.0011172,0.0014148,0.0012244,1074300.0,1105700.0,792270.0,4276700.0,2284500.0,1150800.0,5856800.0,1513400.0,1879800.0,3242500.0,2966100.0,734830.0,5652900.0,1298400.0,4052200.0,2459600.0,5070500.0,4091400.0,1340500.0,3371900.0,2502600.0,3347400.0,11704000.0,958350.0,6311800.0,749460.0,9101500.0,1591900.0,1841400.0,815570.0,3232100.0,1680500.0,5814300.0,23940000.0,2520900.0,2724900.0,4347000.0,1235900.0,1513400.0,1646200.0,2062700.0,1057700.0,2058300.0,1019200.0,7475600.0,2433400.0,1825600.0,1494000.0,2274900.0,15971000.0,952090.0,7278300.0,3995200.0,706940.0,3910700.0,1079100.0,2657700.0,17679000.0,32102000.0,2373200.0,1720700.0,1532600.0,2840700.0,1036400.0,1926200.0,3409900.0,803840.0,2871900.0,1940600.0,3915400.0,2755300.0,1446400.0,1119200.0,15048000.0,5077600.0,1340600.0,3613400.0,1673300.0,965090.0,2573300.0,3702600.0,1313000.0,893150.0,2116300.0,873820.0,1861100.0,2850800.0,4950200.0,4191200.0,2338500.0,5694300.0,1300700.0,9352900.0,4677300.0,1017700.0,1694700.0,903640.0,1769700.0,3509900.0,9918500.0,1730700.0,16523000.0,1417300.0,9919600.0,1633600.0,3256300.0,1272900.0,1628100.0,12535000.0,5115100.0,2157200.0,3869300.0,2389200.0,1225800.0,656170.0,3373000.0,11659000.0,2413800.0,1291100.0,778800.0,1922000.0,735100.0,1193700.0,2218700.0,8786700.0,4156700.0,2627900.0,3087700.0,2361300.0,1498700.0,773560.0,10411000.0,2404500.0,3548600.0,2073400.0,1371700.0,1031900.0,2014200.0,1052000.0,2853800.0,3921600.0,1159600.0,1477000.0,2103000.0,1521000.0,2210500.0,2422200.0,877170.0,6912100.0,1513500.0,9390500.0,6180200.0,809830.0,10291000.0,814480.0,1274500.0,19279000.0,683650.0,12167000.0,721740.0,5575100.0,3693400.0,3817200.0,2647300.0,5252900.0,4116200.0,4227600.0,964530.0,4135000.0,1638700.0,6369200.0,1506700.0,7610900.0,1080700.0,744550.0,4005200.0,2996600.0,1988300.0,8411500.0,2288700.0,948280.0,1205600.0,3671000.0,3568300.0,1940100.0,1475700.0,747540.0,6807100.0,5275200.0,2336700.0,637470.0,17726000.0,3323000.0,5257900.0,1142200.0,18258000.0,5431600.0,1100100.0,8580600.0,1353300.0,1434500.0,3992400.0,5297000.0,799330.0,1639500.0,973680.0,1778500.0,1568200.0,1456500.0,7851700.0,2342100.0,1425100.0,12280000.0,2793800.0,1238000.0,1263500.0,3260300.0,951930.0,4669600.0,1133200.0,1854600.0,8075300.0,4435100.0,696550.0,1421900.0,10018000.0,5258300.0,5069200.0,15394000.0,3001700.0,1931800.0,2342400.0,2994600.0,3189800.0,1882600.0,1749500.0,2275100.0,1499400.0,7215800.0,652060.0,3656200.0,8296200.0,8910100.0,1863600.0,5378600.0,4029700.0,5011000.0,864140.0,1139900.0,5361500.0,1551600.0,6587500.0,3485200.0,7122400.0,1970700.0,1638700.0,1591200.0,1087700.0,1106100.0,2208100.0,945990.0,5091800.0,3371700.0,4404800.0,3356800.0,2894200.0,2745600.0,15584000.0,14989000.0,6042000.0,4601000.0,2807600.0,6148400.0,3762100.0,1781300.0,2740300.0,1353800.0,4824200.0,3044800.0,1.548,1.8596,4.1665,2.2429,2.4815,3.6642,1.2749,2.2412,4.2237,1.1913,1.9802,4.2097,2.4545,2.663,4.3257,0.73977,2.0666,4.2266,1.7072,2.5319,3.8728,3.0991,2.8422,5.8666,1.1742,2.0261,4.1878,1.6946,1.7108,4.2397,1.2993,2.2955,4.2955,0.68003,2.0238,4.2123,2.8935,2.8415,4.6734,5.513,2.7338,1.3402,1.2648,2.8037,3.6363,0.805,2.163,2.9934,2.6085,2.2029,4.6013,1.4586,1.6741,3.8884,0.7743,2.7148,3.9218,1.8692,1.8486,3.551,1.2156,2.3775,3.2639,0.38632,2.2948,3.4572,1.87,1.6203,3.4147,2.0685,2.6429,4.206,1.9291,1.6298,3.3719,1.6676,1.6245,3.9905,0.33179,2.1996,3.1136,2.1258,2.4429,4.5535,1.5011,1.7058,3.2913,0.94323,1.967,2.7532,3.2774,2.8328,6.0475,1.94,1.8301,3.5239,0.84699,2.739,2.9179,1.6676,2.5966,4.0065,0.76711,1.8981,2.733,1.0927,2.4125,3.1445,1.9347,1.9308,4.4882,1.8693,1.6475,3.9005,0.64536,2.129,3.9634,1.4453,2.5643,3.9511,0.97423,2.1715,3.152,2.6629,2.3912,4.4146,2.0074,2.2097,4.7291,1.5513,1.6233,3.9285,1.889,2.0429,4.4776,1.5088,2.2173,3.2239,0.81561,2.2619,2.9738,2.441,2.5195,4.3699,2.0383,2.4763,4.8153,1.9406,2.6198,4.7845,2.6208,2.3916,4.3993,1.267,2.5341,3.8711,1.904,2.3547,4.4209,2.704,2.9649,4.4972,0.70763,2.3595,2.7114,1.335,2.0076,4.6155,1.8536,2.9896,3.6749,0.23048,2.3682,3.3703,1.7079,1.6134,4.0812,0.85881,2.2384,3.0692,2.2862,2.3017,4.7208,0.46086,2.3857,3.1304,0.70338,2.2656,3.1213,0.015539,2.8992,1.7026,2.0788,2.2406,4.6802,2.5229,2.4642,4.3246,2.2678,2.3173,5.1449,1.9092,2.6262,4.1026,1.12,1.8094,4.0791,4.5042,2.786,0.737,0.75776,2.1977,2.9575,1.4957,2.1458,4.2945,1.1912,2.287,3.5649,1.9892,2.6134,4.2542,1.6237,1.5812,4.1436,1.17,2.5097,3.1372,0.72575,2.537,3.7354,2.2624,1.8146,3.6739,1.3855,2.5392,3.4838,1.3588,2.5999,3.5124,1.3884,1.63,4.2579,1.9385,2.6223,4.4358,2.1073,2.5996,4.6498,3.2984,2.8467,6.1402,1.7937,1.5979,4.2016,1.9326,1.9224,3.3629,2.536,2.9288,5.4,1.1859,2.5784,3.0403,2.6807,2.3765,5.0,1.0319,2.7235,4.2591,1.4296,2.4976,3.563,0.98843,1.9614,4.1789,1.7804,1.6385,4.0561,1.9835,1.9377,3.3947,6.0594,2.898,2.8723,2.9969,2.2152,4.6711,1.5643,1.9143,4.4194,1.1662,2.5418,3.3595,1.4388,2.4689,3.4024,1.717,1.8697,3.6575,2.0549,2.4606,4.1212,1.09,2.3908,3.258,2.5117,1.8354,5.3487,1.0005,2.5802,3.2695,1.335,2.5615,3.3067,0.2412,3.0511,3.1971,0.6698,1.9513,2.7447,1.6561,1.9405,4.641,1.5394,1.7873,4.2207,5.2103,2.7415,1.5874,0.90564,2.2412,2.9656,0.97922,2.7446,4.2538,2.3705,2.4101,3.7075,2.9457,2.2947,4.9701,3.1173,2.5668,4.631,2.1055,2.3838,4.6253,2.1811,2.2347,4.1726,0.71514,2.2744,3.3363,0.66747,2.4203,3.0521,0.58953,2.2828,3.898,2.4647,2.4419,4.5642,0.68766,2.4606,2.8423,1.2845,1.563,4.3696,1.5881,1.9111,3.5595,0.40559,2.6673,2.2251,3.4175,2.9056,0.27143,0.84219,2.2571,3.0615,1.6245,1.6648,4.1762,1.6824,1.9223,3.3075,0.81415,2.3415,2.9061,2.257,2.2612,4.9446,1.359,2.5837,3.2511,1.3026,2.2271,3.6985,0.36253,2.0671,3.3461,1.7308,1.8861,3.4406,2.638,2.0073,4.1377,2.0313,2.1536,4.9552,1.4113,1.6978,3.8609,0.76968,2.0708,2.8468,2.089,2.1061,5.0956,2.153,2.3003,4.586,1.5108,2.4805,4.0413,3.9837,2.7942,6.1803,1.7975,2.514,3.9693,0.58542,2.0053,4.171,1.1695,2.6116,4.2223,3.267,2.7665,6.0925,1.7064,1.5678,3.2773,0.28727,2.3987,3.4401,4.8129,3.0014,0.64393,0.43209,2.8345,3.3652,1.1384,2.5529,3.1191,2.2583,2.1818,5.0383,1.6915,2.0492,4.4675,1.6542,1.62,3.4015,1.9291,2.9558,3.4564,0.75207,2.3138,2.9301,0.78842,2.3535,3.0196,0.21642,2.6718,3.3494,1.9948,2.4627,4.2875,0.67988,2.392,2.8056,1.0258,2.3876,3.5786,1.2988,1.7542,4.3335,0.23209,2.357,3.51,1.6892,1.5975,3.2743,0.86673,2.284,2.8764,2.9101,2.851,6.048,1.6503,2.5024,3.9482,2.0311,2.2534,4.6083,2.1322,2.6366,5.0379,1.5701,1.9531,3.8009,1.4425,1.7492,3.767,2.3053,2.145,4.9794,1.4871,2.5571,3.9182,0.4516,2.9882,2.0872,4.4277,2.8755,0.26054,1.3319,2.8532,4.1651,1.8438,1.9879,3.892,1.1322,2.6741,2.7213,0.036049,2.7658,2.8144,1.086,2.9198,4.2002,0.47281,2.4149,2.6245,0.85965,2.0951,2.8296,0.56241,2.4891,3.4333,1.849,2.2466,4.3511,1.0478,2.831,4.2159,0.72367,2.0731,2.9227,2.1267,1.8333,3.69,1.4326,1.8911,3.7316,2.2172,2.5625,4.6839,1.5651,1.5741,4.2008,1.2605,2.1339,3.2476,0.76552,2.1171,2.987,0.73414,2.2414,2.642,1.8002,2.394,4.1936,2.2093,2.5499,4.8941,0.59467,2.0783,2.9185,1.7331,1.8131,3.2916,0.90656,2.9722,2.6263,0.52114,2.535,2.5841,3.2656,2.718,6.2198,6.2781,2.8713,2.7301,4.0609,2.8665,6.0193,2.4177,2.2042,3.728,1.5103,3.0561,4.5593,1.2316,2.449,3.5099,5.9833,3.1105,2.7152,2.374,2.1626,3.7269,1.3281,1.845,3.7141,2.3705,2.3297,4.6536,2.5857,2.745,4.2804,1.2529,2.7187,4.3047,1.6431,1.9263,3.7978,1.2284,2.7358,3.7995,2.3167,2.3239,4.9018,1.3495,2.5886,3.3653,2.1405,2.3203,4.048,0.81753,1.9817,3.3902,2.4197,2.2901,3.815,2.3325,2.3301,3.722,2.3154,2.016,5.1004,2.603,2.2923,4.8325,2.4117,2.2415,3.7879,1.4562,1.6167,3.9333,2.3032,2.5633,4.9015,1.7083,1.943,3.8456,0.82318,2.108,4.1454,1.5663,1.8492,4.3568,2.2878,2.5222,4.9514,1.4443,2.402,3.2526,5.819,2.8018,2.0996,1.8629,1.7463,3.5308,1.9191,2.8778,4.1321,2.1344,2.0034,4.844,1.1984,2.6351,4.3867,2.034,2.1619,4.9593,1.6613,1.7754,3.9227,1.6422,1.9935,3.313,1.1715,2.7236,3.7424,1.0558,2.8521,3.822,1.5946,2.5005,3.9289,1.1668,2.6593,3.6768,1.7493,1.7388,4.0789,0.71005,2.4434,2.8205,1.8236,2.1516,4.4246,0.10162,2.7759,3.0331,1.0272,1.9516,4.3509,0.98518,2.272,3.0908,1.5756,2.4084,4.5571,1.0094,2.0776,2.8303,0.81012,2.0083,2.6782,1.7046,1.7543,3.9306,0.85337,2.4344,2.9423,1.2982,1.5782,3.8411,2.7707,2.6142,4.6087,1.0376,2.2546,3.6375,1.1826,2.7133,3.6942,2.0122,2.0011,4.4758,0.99464,1.9603,4.2376,1.9184,1.6456,3.4333,1.7363,2.5043,3.9673,2.2772,2.5298,4.8682,2.0464,2.3508,3.585,1.2016,3.0535,3.4618,1.3901,1.4454,4.2573,0.72154,2.9749,3.6567,1.6543,1.7182,4.2446,0.81232,1.999,2.7158,0.52746,2.2252,4.0665,2.5832,2.5994,4.5258,2.0235,2.0995,3.4538,1.3711,2.8748,3.5302,1.0882,2.2369,3.6116,2.5417,2.0481,4.4836,1.5056,1.7369,4.4195,1.5908,2.5853,3.5645,2.0748,2.2905,4.0615,2.7158,2.2914,4.9594,0.44953,2.4943,2.9269
0.23444,0.37179,0.0082212,266.8,307.93,199.04,0.0015155,0.0018246,0.0010065,203.79,225.78,246.6,225.25,231.21,179.86,231.78,227.86,274.26,233.5,284.27,311.97,205.34,256.7,231.69,318.23,226.73,271.95,247.61,178.6,372.51,243.59,204.9,247.81,206.0,303.49,285.34,349.88,188.32,272.25,247.64,245.38,145.72,271.68,296.84,390.44,290.34,203.91,361.43,392.74,313.03,207.47,306.12,210.39,315.87,302.23,350.21,355.05,409.46,312.3,307.78,300.29,452.8,393.45,431.48,326.89,375.39,353.13,253.02,479.74,431.69,395.99,376.42,214.02,334.82,270.36,278.04,237.16,385.87,292.38,322.7,280.9,381.08,384.08,331.97,309.85,304.82,385.06,386.61,374.19,286.42,348.42,369.74,288.12,366.07,239.35,377.64,305.27,363.06,313.0,359.87,366.22,323.84,355.04,336.5,286.68,309.42,385.78,320.41,299.94,473.98,415.26,444.88,307.01,395.79,530.69,479.33,387.91,293.11,352.94,447.88,330.24,416.89,362.52,297.27,428.88,370.14,448.95,462.61,388.53,492.04,465.2,477.73,352.63,405.09,462.7,553.15,298.14,583.78,520.06,483.64,366.85,527.61,441.96,352.3,710.41,406.29,451.46,420.63,422.4,383.85,306.03,374.89,447.6,313.18,535.75,354.89,373.12,455.54,524.63,293.76,332.51,424.41,297.53,155.83,360.02,416.12,351.91,552.7,408.28,220.08,315.2,231.05,248.48,310.48,310.41,254.06,334.95,325.02,251.58,302.6,272.49,323.34,224.54,293.98,278.81,273.88,252.27,242.53,333.46,243.1,359.41,396.14,274.76,321.42,263.9,349.52,311.6,248.36,347.74,355.34,315.1,323.29,312.88,348.21,357.37,299.24,543.81,257.04,278.29,293.34,294.8,264.06,309.22,303.5,388.55,297.17,278.36,279.46,357.04,298.42,209.74,239.47,284.27,378.92,287.9,250.5,295.84,263.93,297.64,294.1,269.37,281.86,294.42,296.31,234.39,314.19,234.87,321.9,239.17,248.37,207.44,291.77,296.79,185.52,295.53,239.61,190.77,277.08,204.19,241.62,291.14,204.37,258.36,274.81,206.84,275.73,265.45,244.96,195.01,259.05,222.43,261.74,253.03,172.06,297.11,300.11,218.82,175.07,213.44,287.5,259.08,259.13,240.27,156.65,162.36,206.06,255.2,259.5,228.77,236.44,216.75,196.89,177.16,184.93,233.29,208.51,262.56,221.55,0.00073069,0.0010166,0.0010945,0.0011788,0.0011091,0.00085255,0.0012034,0.00096495,0.0014212,0.0011021,0.0015044,0.0017226,0.0010155,0.0013853,0.0011249,0.0018554,0.0013188,0.0015341,0.0015785,0.0011083,0.002153,0.0016063,0.0012842,0.0017246,0.0014025,0.0019818,0.0016547,0.0020015,0.0014137,0.0018102,0.001528,0.0015259,0.001038,0.0015037,0.0017961,0.0023411,0.0017967,0.0012048,0.0021693,0.0022716,0.0017875,0.0011659,0.0019214,0.0015979,0.001917,0.0018634,0.0021805,0.0020054,0.0024329,0.0018769,0.0015012,0.0018837,0.0026685,0.0021503,0.0025304,0.002062,0.0022141,0.0015719,0.0016703,0.0028643,0.0025109,0.0023592,0.0022601,0.0013823,0.0022621,0.0017831,0.0016356,0.0017642,0.0023951,0.0018346,0.0020613,0.0019145,0.0022411,0.0022904,0.0014816,0.0020115,0.0019477,0.0024055,0.002435,0.0023708,0.0015447,0.0023674,0.0024088,0.0018054,0.0015922,0.0017876,0.0016597,0.0019886,0.0021831,0.0020533,0.0022372,0.0020973,0.0016527,0.0022552,0.0017351,0.0019477,0.0019166,0.0024431,0.0017102,0.0019397,0.0024116,0.0025092,0.0026446,0.0018388,0.0024115,0.0025895,0.0028028,0.002434,0.0019977,0.0021609,0.002691,0.0022013,0.0019717,0.0021724,0.0019926,0.0025804,0.0022152,0.0025366,0.0025255,0.0019267,0.0022211,0.0026957,0.002272,0.0023186,0.0022218,0.0021879,0.003059,0.0020628,0.0027817,0.0029469,0.0029318,0.0021754,0.0028256,0.0018102,0.0022656,0.0034946,0.0023591,0.0023491,0.0025086,0.0022678,0.0023182,0.0019486,0.002152,0.0026604,0.0021646,0.0025883,0.0021834,0.0016941,0.0022263,0.0027051,0.0019271,0.0021511,0.0023453,0.0019281,0.0012461,0.0020704,0.0024307,0.0021617,0.0025529,0.0020319,0.0014204,0.0019612,0.0016147,0.0017174,0.0017712,0.0018879,0.0018136,0.0020711,0.0020138,0.0017783,0.0020092,0.0016221,0.0020157,0.0015965,0.0019075,0.0017545,0.0018628,0.0016086,0.001531,0.0019551,0.0015694,0.002116,0.0022963,0.0016541,0.0020186,0.0018479,0.002205,0.0019206,0.0017153,0.0020299,0.0017575,0.0020365,0.0020391,0.0019537,0.0023149,0.0021466,0.0019327,0.0019282,0.0017388,0.0017074,0.0018438,0.0019124,0.0017442,0.0019529,0.0018104,0.002463,0.0017009,0.0018897,0.0017459,0.0019477,0.0018363,0.0014655,0.0016255,0.0017196,0.0022749,0.0018411,0.0016827,0.0016909,0.0016334,0.0018612,0.0018902,0.0016854,0.0017366,0.0018209,0.0018304,0.0015728,0.0019343,0.0015663,0.0019056,0.0015784,0.0014283,0.0013588,0.0016213,0.0019056,0.0012808,0.0017643,0.0013997,0.0015149,0.0017225,0.0013424,0.0015534,0.0017686,0.001467,0.0015235,0.0016116,0.0012218,0.0016592,0.0015235,0.0015475,0.001279,0.0016337,0.001379,0.0016148,0.0014564,0.00098347,0.0016052,0.0017241,0.0012165,0.0012035,0.0011686,0.0015674,0.0015688,0.0015309,0.0010879,0.00097377,0.00097584,0.001007,0.0015272,0.0015064,0.0010584,0.0013084,0.001045,0.0010436,0.00088665,0.0008379,0.0011294,0.0011179,0.001416,0.0012256,1074300.0,1105700.0,792270.0,4276700.0,2284500.0,1150800.0,5856800.0,1513400.0,1879800.0,3242500.0,2966100.0,734830.0,5652900.0,1298400.0,4052200.0,2459600.0,5070500.0,4091400.0,1340500.0,3371900.0,2502600.0,3347400.0,11704000.0,958350.0,6311800.0,749460.0,9101500.0,1591900.0,1841400.0,815570.0,3232100.0,1680500.0,5814300.0,23940000.0,2520900.0,2724900.0,4347000.0,1235900.0,1513400.0,1646200.0,2062700.0,1057700.0,2058300.0,1019200.0,7475600.0,2433400.0,1825600.0,1494000.0,2274900.0,15971000.0,952090.0,7278300.0,3995200.0,706940.0,3910700.0,1079100.0,2657700.0,17679000.0,32102000.0,2373200.0,1720700.0,1532600.0,2840700.0,1036400.0,1926200.0,3409900.0,803840.0,2871900.0,1940600.0,3915400.0,2755300.0,1446400.0,1119200.0,15048000.0,5077600.0,1340600.0,3613400.0,1673300.0,965090.0,2573300.0,3702600.0,1313000.0,893150.0,2116300.0,873820.0,1861100.0,2850800.0,4950200.0,4191200.0,2338500.0,5694300.0,1300700.0,9352900.0,4677300.0,1017700.0,1694700.0,903640.0,1769700.0,3509900.0,9918500.0,1730700.0,16523000.0,1417300.0,9919600.0,1633600.0,3256300.0,1272900.0,1628100.0,12535000.0,5115100.0,2157200.0,3869300.0,2389200.0,1225800.0,656170.0,3373000.0,11659000.0,2413800.0,1291100.0,778800.0,1922000.0,735100.0,1193700.0,2218700.0,8786700.0,4156700.0,2627900.0,3087700.0,2361300.0,1498700.0,773560.0,10411000.0,2404500.0,3548600.0,2073400.0,1371700.0,1031900.0,2014200.0,1052000.0,2853800.0,3921600.0,1159600.0,1477000.0,2103000.0,1521000.0,2210500.0,2422200.0,877170.0,6912100.0,1513500.0,9390500.0,6180200.0,809830.0,10291000.0,814480.0,1274500.0,19279000.0,683650.0,12167000.0,721740.0,5575100.0,3693400.0,3817200.0,2647300.0,5252900.0,4116200.0,4227600.0,964530.0,4135000.0,1638700.0,6369200.0,1506700.0,7610900.0,1080700.0,744550.0,4005200.0,2996600.0,1988300.0,8411500.0,2288700.0,948280.0,1205600.0,3671000.0,3568300.0,1940100.0,1475700.0,747540.0,6807100.0,5275200.0,2336700.0,637470.0,17726000.0,3323000.0,5257900.0,1142200.0,18258000.0,5431600.0,1100100.0,8580600.0,1353300.0,1434500.0,3992400.0,5297000.0,799330.0,1639500.0,973680.0,1778500.0,1568200.0,1456500.0,7851700.0,2342100.0,1425100.0,12280000.0,2793800.0,1238000.0,1263500.0,3260300.0,951930.0,4669600.0,1133200.0,1854600.0,8075300.0,4435100.0,696550.0,1421900.0,10018000.0,5258300.0,5069200.0,15394000.0,3001700.0,1931800.0,2342400.0,2994600.0,3189800.0,1882600.0,1749500.0,2275100.0,1499400.0,7215800.0,652060.0,3656200.0,8296200.0,8910100.0,1863600.0,5378600.0,4029700.0,5011000.0,864140.0,1139900.0,5361500.0,1551600.0,6587500.0,3485200.0,7122400.0,1970700.0,1638700.0,1591200.0,1087700.0,1106100.0,2208100.0,945990.0,5091800.0,3371700.0,4404800.0,3356800.0,2894200.0,2745600.0,15584000.0,14989000.0,6042000.0,4601000.0,2807600.0,6148400.0,3762100.0,1781300.0,2740300.0,1353800.0,4824200.0,3044800.0,1.5481,1.8596,4.1665,2.2429,2.4816,3.6642,1.2748,2.2412,4.2236,1.1912,1.9801,4.2097,2.4544,2.663,4.3257,0.73953,2.0666,4.2267,1.7074,2.5319,3.8728,3.0992,2.8422,5.8665,1.1741,2.0261,4.1877,1.6945,1.7107,4.2397,1.2994,2.2957,4.2957,0.67954,2.0237,4.2123,2.8933,2.8415,4.6736,5.5125,2.7336,1.3399,1.2649,2.8035,3.6364,0.80466,2.163,2.9934,2.6087,2.2031,4.6016,1.4585,1.6741,3.8883,0.77479,2.7151,3.9222,1.8689,1.8487,3.5512,1.2157,2.3775,3.2641,0.38644,2.2949,3.457,1.8701,1.6202,3.4148,2.0686,2.6426,4.2059,1.9294,1.6297,3.3719,1.6678,1.6244,3.9906,0.33172,2.1997,3.1135,2.1259,2.4429,4.5538,1.5011,1.7058,3.2915,0.94353,1.9672,2.7532,3.2776,2.8328,6.0477,1.94,1.8302,3.524,0.84674,2.7391,2.918,1.6673,2.5966,4.0066,0.76727,1.898,2.733,1.0925,2.4124,3.1446,1.9346,1.9308,4.4882,1.8698,1.6475,3.9005,0.6455,2.1288,3.964,1.4458,2.5644,3.9515,0.97406,2.1717,3.1518,2.6633,2.3914,4.4149,2.0073,2.2097,4.7291,1.5513,1.6231,3.9285,1.8889,2.0432,4.4775,1.509,2.2174,3.2239,0.81551,2.262,2.9735,2.4409,2.5199,4.3699,2.0385,2.4761,4.8152,1.9406,2.6198,4.7843,2.621,2.3919,4.3996,1.267,2.5342,3.8711,1.9044,2.3549,4.4211,2.7057,2.9648,4.4985,0.70797,2.3594,2.7117,1.3346,2.0075,4.6156,1.8538,2.9895,3.6747,0.23024,2.3681,3.3703,1.708,1.6133,4.0812,0.85918,2.2386,3.0692,2.2864,2.3017,4.7209,0.46033,2.3855,3.1304,0.70298,2.2657,3.1211,0.015562,2.8992,1.7021,2.0794,2.2409,4.6805,2.523,2.4645,4.3248,2.2676,2.3174,5.1449,1.9091,2.626,4.1023,1.12,1.8092,4.0794,4.5042,2.7858,0.73741,0.75772,2.1977,2.9574,1.496,2.1459,4.2945,1.1915,2.2874,3.5649,1.989,2.6132,4.254,1.6236,1.5813,4.1436,1.17,2.5096,3.1373,0.72566,2.5373,3.7354,2.2627,1.8146,3.6738,1.3855,2.5392,3.4839,1.3587,2.5999,3.5123,1.3884,1.63,4.2578,1.9387,2.622,4.4359,2.1077,2.5992,4.6501,3.2981,2.8468,6.1401,1.7941,1.5977,4.2017,1.933,1.9223,3.3627,2.5364,2.9286,5.4002,1.1858,2.5784,3.0402,2.6807,2.3764,4.9999,1.0323,2.7238,4.2594,1.4296,2.4976,3.5631,0.98865,1.9616,4.1792,1.7804,1.6386,4.056,1.9836,1.9378,3.3947,6.06,2.898,2.8726,2.9971,2.215,4.6711,1.5647,1.9142,4.4197,1.1664,2.5417,3.3596,1.4388,2.4689,3.4024,1.7172,1.8696,3.6575,2.0549,2.4605,4.1214,1.0901,2.3909,3.2582,2.5117,1.835,5.349,1.0005,2.58,3.2694,1.3345,2.5616,3.3065,0.24106,3.0511,3.197,0.66983,1.9517,2.7445,1.656,1.9404,4.6413,1.5396,1.7871,4.2208,5.2104,2.7412,1.5875,0.90575,2.2413,2.9658,0.97944,2.7449,4.2541,2.3703,2.41,3.7074,2.9457,2.2948,4.9701,3.1175,2.5667,4.6312,2.1057,2.3837,4.6255,2.1811,2.2349,4.1727,0.7152,2.2745,3.3364,0.6676,2.4203,3.0521,0.58963,2.2831,3.8981,2.4648,2.442,4.5638,0.68737,2.4607,2.8419,1.2843,1.563,4.3697,1.5881,1.911,3.5598,0.4059,2.6674,2.2255,3.4175,2.9056,0.27146,0.84207,2.257,3.0613,1.6245,1.6648,4.1763,1.6824,1.9225,3.3077,0.81437,2.3414,2.9063,2.2573,2.261,4.9446,1.3592,2.5838,3.2513,1.3027,2.2272,3.6988,0.3627,2.067,3.3465,1.7309,1.886,3.4406,2.638,2.0071,4.1379,2.0311,2.1537,4.9551,1.4115,1.6978,3.8611,0.76966,2.0711,2.8471,2.089,2.106,5.0958,2.153,2.3003,4.5861,1.511,2.4808,4.0415,3.9833,2.7935,6.18,1.7974,2.5142,3.9691,0.58511,2.0054,4.1711,1.1692,2.6115,4.2221,3.2669,2.7663,6.0927,1.7064,1.5678,3.2772,0.28737,2.3988,3.4403,4.8126,3.0014,0.6436,0.43208,2.8347,3.3655,1.1383,2.553,3.1193,2.2583,2.1817,5.0385,1.6917,2.0492,4.4676,1.6541,1.62,3.4016,1.9297,2.9558,3.4568,0.75215,2.3136,2.9302,0.78838,2.3532,3.0196,0.21633,2.6719,3.3494,1.995,2.4627,4.2875,0.68006,2.3918,2.8056,1.0261,2.3879,3.5785,1.299,1.754,4.3336,0.23221,2.357,3.5103,1.6892,1.5975,3.2743,0.86702,2.2838,2.8765,2.91,2.851,6.0481,1.6498,2.5023,3.948,2.0311,2.2535,4.6083,2.1318,2.6365,5.0376,1.5699,1.953,3.8008,1.4428,1.7489,3.7671,2.3054,2.145,4.9793,1.4871,2.557,3.918,0.45148,2.9881,2.0869,4.4276,2.8753,0.26056,1.3318,2.8533,4.1649,1.8435,1.988,3.892,1.1318,2.6741,2.7209,0.035623,2.7657,2.8143,1.0863,2.9199,4.2004,0.47286,2.4146,2.6247,0.85964,2.0953,2.8296,0.56266,2.4891,3.4335,1.8494,2.2467,4.3512,1.0475,2.8311,4.2158,0.72393,2.0733,2.9224,2.1269,1.8333,3.6898,1.4327,1.8912,3.7318,2.2168,2.5622,4.6833,1.5654,1.5741,4.2008,1.2604,2.1338,3.2477,0.76581,2.1173,2.9869,0.73409,2.2411,2.642,1.8003,2.3941,4.1937,2.2091,2.5497,4.894,0.5947,2.0784,2.9183,1.733,1.8133,3.2916,0.90688,2.9721,2.6265,0.521,2.5351,2.5841,3.2658,2.7179,6.22,6.2786,2.8714,2.7307,4.0603,2.8663,6.0185,2.4178,2.2038,3.728,1.5105,3.056,4.56,1.2316,2.449,3.5101,5.981,3.1105,2.7134,2.374,2.1624,3.7268,1.3282,1.845,3.7141,2.3703,2.3297,4.6537,2.5854,2.7452,4.2806,1.2528,2.7187,4.3046,1.6428,1.9262,3.7977,1.2286,2.7357,3.7999,2.3166,2.3237,4.9015,1.349,2.5885,3.3653,2.1404,2.3206,4.0478,0.81753,1.9818,3.3902,2.4196,2.2898,3.8151,2.3324,2.3299,3.722,2.3156,2.016,5.1007,2.6028,2.2923,4.8325,2.4119,2.2415,3.7879,1.4563,1.6168,3.9334,2.3029,2.5631,4.9014,1.7079,1.943,3.8455,0.82323,2.1079,4.1455,1.5661,1.8493,4.357,2.2876,2.5218,4.9515,1.4443,2.4021,3.2526,5.8187,2.8016,2.0994,1.8629,1.7462,3.5308,1.9189,2.8774,4.1316,2.1346,2.0035,4.8441,1.1986,2.6352,4.3869,2.0342,2.162,4.9594,1.6614,1.7754,3.9226,1.6423,1.9934,3.3128,1.1717,2.7236,3.7426,1.0559,2.8521,3.822,1.5949,2.5006,3.929,1.1668,2.6591,3.6767,1.7492,1.7387,4.0788,0.70978,2.4434,2.8205,1.8235,2.1518,4.4248,0.10159,2.7758,3.0334,1.0271,1.9516,4.351,0.98521,2.2719,3.0908,1.5755,2.4084,4.5571,1.0094,2.0776,2.8303,0.81025,2.0083,2.6781,1.7047,1.7542,3.9305,0.85319,2.4344,2.9426,1.298,1.5781,3.8411,2.7707,2.6142,4.6086,1.0375,2.2548,3.6375,1.1827,2.7132,3.6942,2.0122,2.0012,4.4759,0.99447,1.9603,4.2375,1.9185,1.6456,3.4333,1.7364,2.5043,3.9672,2.2775,2.5297,4.8681,2.0462,2.3508,3.5848,1.2015,3.0535,3.4618,1.39,1.4454,4.2573,0.72166,2.9749,3.6567,1.6544,1.7182,4.2446,0.81243,1.999,2.7157,0.52723,2.2252,4.0666,2.5831,2.5994,4.5258,2.0235,2.0995,3.4539,1.3711,2.8747,3.5302,1.0882,2.237,3.6115,2.5418,2.0482,4.4837,1.5057,1.7369,4.4195,1.5908,2.5853,3.5645,2.0749,2.2905,4.0615,2.7159,2.2913,4.9594,0.44956,2.4942,2.9269
0.23495,0.37259,0.0082353,267.04,308.3,199.07,0.0015169,0.0018267,0.0010067,203.84,225.84,246.75,225.35,231.33,179.94,231.8,227.96,274.4,233.56,284.43,312.27,205.36,256.9,231.8,318.54,226.85,272.13,247.83,178.6,372.89,243.74,205.02,247.91,206.1,303.75,285.54,350.15,188.42,272.38,247.79,245.55,145.77,271.96,297.09,390.78,290.54,204.27,361.93,393.12,313.29,207.65,306.55,210.47,316.17,302.47,350.46,355.41,409.92,312.56,308.07,300.54,453.5,393.71,432.08,327.35,375.82,353.96,253.5,480.24,432.25,396.23,376.76,214.24,335.12,270.61,278.45,237.41,386.38,292.86,323.23,281.22,381.42,384.73,332.99,310.21,304.9,385.48,387.0,374.62,287.11,348.94,370.2,288.12,367.16,239.67,378.52,305.62,363.41,313.28,360.39,366.91,324.28,355.38,337.09,286.95,309.91,386.27,321.29,300.41,474.86,415.68,445.8,307.56,396.35,531.52,479.78,388.66,293.62,353.18,448.33,330.66,418.48,363.18,297.53,429.44,370.87,450.13,463.38,388.98,493.63,465.85,479.21,353.1,405.73,463.71,554.27,298.46,585.09,520.83,484.35,367.46,528.4,443.73,352.83,711.61,406.94,452.52,421.15,423.13,384.4,306.39,375.33,448.2,313.46,536.74,355.08,373.84,456.57,525.48,294.06,332.96,424.98,298.09,155.93,360.74,416.73,352.13,553.78,408.57,220.25,315.55,231.25,248.78,311.13,310.71,254.28,335.17,325.43,251.73,302.87,272.76,323.73,224.87,294.18,279.02,274.14,252.52,242.74,333.63,243.36,359.85,396.46,275.04,321.94,264.13,349.85,311.96,248.54,348.14,355.73,315.46,323.57,313.17,348.71,357.74,299.58,544.44,257.34,278.56,293.63,295.05,264.28,309.58,303.84,389.17,297.57,278.7,279.59,357.5,298.76,209.83,239.68,284.5,379.31,288.27,250.75,295.93,264.22,297.96,294.33,269.61,282.08,294.56,296.51,234.63,314.47,235.09,322.25,239.33,248.5,207.57,291.98,297.03,185.67,295.75,239.76,190.91,277.24,204.33,241.74,291.37,204.5,258.56,275.03,206.94,275.99,265.64,245.14,195.11,259.18,222.52,261.99,253.22,172.15,297.29,300.3,218.93,175.15,213.52,287.62,259.23,259.34,240.39,156.74,162.39,206.12,255.31,259.73,228.89,236.59,216.85,197.0,177.27,185.0,233.37,208.51,262.66,221.58,0.00073087,0.0010168,0.0010948,0.0011793,0.0011095,0.00085294,0.0012034,0.00096544,0.0014222,0.0011024,0.0015054,0.0017243,0.0010154,0.0013865,0.0011254,0.001857,0.0013194,0.0015352,0.0015799,0.0011085,0.0021549,0.0016072,0.001285,0.0017254,0.0014031,0.0019834,0.0016561,0.002003,0.0014146,0.0018112,0.001529,0.0015271,0.0010382,0.0015052,0.0017976,0.0023429,0.001798,0.0012068,0.0021721,0.0022739,0.0017894,0.0011667,0.0019238,0.0015987,0.0019189,0.001865,0.0021823,0.0020081,0.0024359,0.0018786,0.0015028,0.0018854,0.0026724,0.0021525,0.002534,0.0020643,0.0022174,0.001576,0.0016726,0.0028676,0.0025133,0.0023611,0.0022621,0.0013837,0.0022639,0.0017847,0.0016379,0.0017661,0.0023984,0.0018375,0.0020643,0.001916,0.0022436,0.0022938,0.0014861,0.0020133,0.0019487,0.0024081,0.0024378,0.0023737,0.0015478,0.0023703,0.002412,0.0018061,0.0015975,0.0017892,0.0016633,0.0019904,0.0021852,0.0020554,0.0022399,0.0021013,0.001655,0.0022573,0.0017381,0.0019494,0.0019189,0.002446,0.0017143,0.0019425,0.0024158,0.0025117,0.0026493,0.0018421,0.0024141,0.0025943,0.0028057,0.0024384,0.002001,0.0021628,0.0026936,0.0022038,0.0019793,0.0021761,0.0019951,0.0025834,0.0022192,0.0025432,0.0025299,0.0019298,0.0022263,0.0026998,0.0022804,0.0023212,0.002225,0.0021937,0.0030656,0.0020649,0.0027881,0.0029516,0.0029356,0.0021786,0.00283,0.0018183,0.0022687,0.0035007,0.0023627,0.0023558,0.0025119,0.0022721,0.0023217,0.0019504,0.0021552,0.0026637,0.0021665,0.0025936,0.0021852,0.001698,0.0022319,0.0027099,0.0019292,0.0021535,0.0023489,0.0019315,0.0012471,0.0020743,0.0024342,0.002163,0.0025589,0.002033,0.0014215,0.0019633,0.001616,0.0017193,0.0017748,0.0018899,0.0018151,0.0020725,0.0020161,0.0017795,0.0020112,0.0016238,0.0020179,0.0015984,0.0019091,0.0017558,0.0018643,0.00161,0.0015323,0.0019566,0.0015711,0.0021185,0.0022982,0.0016555,0.0020211,0.0018495,0.0022077,0.0019229,0.0017166,0.0020324,0.0017599,0.0020387,0.0020412,0.0019553,0.0023175,0.0021489,0.0019348,0.0019312,0.0017407,0.0017087,0.0018454,0.0019141,0.0017457,0.0019549,0.0018126,0.0024658,0.0017029,0.0018916,0.0017469,0.0019502,0.0018384,0.0014662,0.0016269,0.0017211,0.0022773,0.0018434,0.0016842,0.0016916,0.0016351,0.0018629,0.0018917,0.0016868,0.001738,0.0018222,0.0018317,0.0015743,0.001936,0.0015678,0.0019077,0.0015793,0.0014291,0.0013594,0.0016225,0.0019072,0.0012816,0.0017656,0.0014004,0.0015158,0.0017236,0.0013433,0.0015541,0.00177,0.001468,0.0015247,0.0016129,0.0012226,0.0016607,0.0015245,0.0015486,0.0012796,0.0016346,0.0013796,0.0016162,0.0014574,0.00098395,0.0016064,0.0017254,0.0012172,0.0012041,0.001169,0.001568,0.0015696,0.001532,0.0010887,0.00097447,0.00097595,0.0010074,0.0015279,0.0015077,0.0010591,0.0013093,0.0010455,0.0010442,0.00088717,0.00083825,0.0011298,0.0011179,0.0014165,0.0012258,1074300.0,1105700.0,792270.0,4276700.0,2284500.0,1150800.0,5856800.0,1513400.0,1879800.0,3242500.0,2966100.0,734830.0,5652900.0,1298400.0,4052200.0,2459600.0,5070500.0,4091400.0,1340500.0,3371900.0,2502600.0,3347400.0,11704000.0,958350.0,6311800.0,749460.0,9101500.0,1591900.0,1841400.0,815570.0,3232100.0,1680500.0,5814300.0,23940000.0,2520900.0,2724900.0,4347000.0,1235900.0,1513400.0,1646200.0,2062700.0,1057700.0,2058300.0,1019200.0,7475600.0,2433400.0,1825600.0,1494000.0,2274900.0,15971000.0,952090.0,7278300.0,3995200.0,706940.0,3910700.0,1079100.0,2657700.0,17679000.0,32102000.0,2373200.0,1720700.0,1532600.0,2840700.0,1036400.0,1926200.0,3409900.0,803840.0,2871900.0,1940600.0,3915400.0,2755300.0,1446400.0,1119200.0,15048000.0,5077600.0,1340600.0,3613400.0,1673300.0,965090.0,2573300.0,3702600.0,1313000.0,893150.0,2116300.0,873820.0,1861100.0,2850800.0,4950200.0,4191200.0,2338500.0,5694300.0,1300700.0,9352900.0,4677300.0,1017700.0,1694700.0,903640.0,1769700.0,3509900.0,9918500.0,1730700.0,16523000.0,1417300.0,9919600.0,1633600.0,3256300.0,1272900.0,1628100.0,12535000.0,5115100.0,2157200.0,3869300.0,2389200.0,1225800.0,656170.0,3373000.0,11659000.0,2413800.0,1291100.0,778800.0,1922000.0,735100.0,1193700.0,2218700.0,8786700.0,4156700.0,2627900.0,3087700.0,2361300.0,1498700.0,773560.0,10411000.0,2404500.0,3548600.0,2073400.0,1371700.0,1031900.0,2014200.0,1052000.0,2853800.0,3921600.0,1159600.0,1477000.0,2103000.0,1521000.0,2210500.0,2422200.0,877170.0,6912100.0,1513500.0,9390500.0,6180200.0,809830.0,10291000.0,814480.0,1274500.0,19279000.0,683650.0,12167000.0,721740.0,5575100.0,3693400.0,3817200.0,2647300.0,5252900.0,4116200.0,4227600.0,964530.0,4135000.0,1638700.0,6369200.0,1506700.0,7610900.0,1080700.0,744550.0,4005200.0,2996600.0,1988300.0,8411500.0,2288700.0,948280.0,1205600.0,3671000.0,3568300.0,1940100.0,1475700.0,747540.0,6807100.0,5275200.0,2336700.0,637470.0,17726000.0,3323000.0,5257900.0,1142200.0,18258000.0,5431600.0,1100100.0,8580600.0,1353300.0,1434500.0,3992400.0,5297000.0,799330.0,1639500.0,973680.0,1778500.0,1568200.0,1456500.0,7851700.0,2342100.0,1425100.0,12280000.0,2793800.0,1238000.0,1263500.0,3260300.0,951930.0,4669600.0,1133200.0,1854600.0,8075300.0,4435100.0,696550.0,1421900.0,10018000.0,5258300.0,5069200.0,15394000.0,3001700.0,1931800.0,2342400.0,2994600.0,3189800.0,1882600.0,1749500.0,2275100.0,1499400.0,7215800.0,652060.0,3656200.0,8296200.0,8910100.0,1863600.0,5378600.0,4029700.0,5011000.0,864140.0,1139900.0,5361500.0,1551600.0,6587500.0,3485200.0,7122400.0,1970700.0,1638700.0,1591200.0,1087700.0,1106100.0,2208100.0,945990.0,5091800.0,3371700.0,4404800.0,3356800.0,2894200.0,2745600.0,15584000.0,14989000.0,6042000.0,4601000.0,2807600.0,6148400.0,3762100.0,1781300.0,2740300.0,1353800.0,4824200.0,3044800.0,1.5481,1.8596,4.1665,2.2429,2.4816,3.6642,1.2748,2.2412,4.2236,1.1911,1.98,4.2096,2.4542,2.663,4.3257,0.73928,2.0666,4.2267,1.7077,2.532,3.8727,3.0993,2.8422,5.8665,1.1739,2.0261,4.1876,1.6943,1.7107,4.2397,1.2995,2.2959,4.2958,0.67906,2.0236,4.2124,2.8931,2.8415,4.6737,5.5119,2.7335,1.3396,1.265,2.8034,3.6364,0.80433,2.163,2.9934,2.609,2.2034,4.6019,1.4584,1.674,3.8883,0.77529,2.7155,3.9225,1.8686,1.8489,3.5513,1.2157,2.3774,3.2643,0.38656,2.2949,3.4568,1.8702,1.6202,3.4149,2.0687,2.6424,4.2058,1.9296,1.6297,3.3719,1.6679,1.6243,3.9908,0.33165,2.1998,3.1134,2.126,2.443,4.554,1.5011,1.7059,3.2917,0.94382,1.9673,2.7532,3.2778,2.8327,6.048,1.94,1.8303,3.5241,0.84648,2.7392,2.9181,1.6671,2.5966,4.0066,0.76742,1.898,2.7329,1.0923,2.4124,3.1446,1.9345,1.9309,4.4881,1.8703,1.6474,3.9006,0.64564,2.1287,3.9645,1.4463,2.5644,3.9519,0.9739,2.1719,3.1515,2.6636,2.3916,4.4153,2.0073,2.2097,4.7291,1.5513,1.6229,3.9285,1.8889,2.0434,4.4775,1.5091,2.2175,3.2238,0.8154,2.2622,2.9733,2.4408,2.5203,4.3698,2.0388,2.4758,4.8151,1.9406,2.6198,4.7841,2.6212,2.3922,4.3999,1.267,2.5344,3.871,1.9049,2.3552,4.4214,2.7075,2.9646,4.4998,0.70831,2.3592,2.7121,1.3342,2.0073,4.6157,1.854,2.9895,3.6745,0.23001,2.3681,3.3703,1.708,1.6133,4.0812,0.85954,2.2388,3.0693,2.2867,2.3017,4.721,0.45982,2.3853,3.1305,0.7026,2.2658,3.1209,0.015587,2.8992,1.7017,2.0799,2.2412,4.6808,2.523,2.4648,4.325,2.2674,2.3175,5.145,1.909,2.6259,4.1021,1.1201,1.8091,4.0797,4.5042,2.7855,0.73782,0.75768,2.1978,2.9572,1.4963,2.146,4.2946,1.1918,2.2878,3.5651,1.9888,2.6131,4.2539,1.6236,1.5814,4.1436,1.17,2.5094,3.1373,0.72557,2.5376,3.7354,2.263,1.8146,3.6737,1.3855,2.5392,3.4839,1.3586,2.6,3.5122,1.3884,1.6301,4.2576,1.9388,2.6218,4.4359,2.1081,2.5989,4.6503,3.2978,2.847,6.1401,1.7946,1.5975,4.2018,1.9334,1.9223,3.3625,2.5369,2.9283,5.4004,1.1857,2.5783,3.0401,2.6807,2.3762,4.9998,1.0326,2.7241,4.2598,1.4296,2.4976,3.5632,0.98887,1.9618,4.1795,1.7804,1.6386,4.056,1.9837,1.9379,3.3947,6.0606,2.8979,2.8729,2.9974,2.2149,4.671,1.5651,1.9141,4.4199,1.1666,2.5416,3.3596,1.4389,2.4688,3.4025,1.7173,1.8695,3.6575,2.055,2.4605,4.1216,1.0901,2.391,3.2583,2.5118,1.8346,5.3493,1.0006,2.5798,3.2693,1.3341,2.5616,3.3063,0.24092,3.0511,3.197,0.66987,1.952,2.7444,1.656,1.9403,4.6416,1.5398,1.7869,4.2209,5.2104,2.7409,1.5876,0.90585,2.2415,2.966,0.97967,2.7452,4.2545,2.3701,2.4099,3.7073,2.9458,2.2948,4.9701,3.1177,2.5665,4.6313,2.1059,2.3836,4.6257,2.181,2.2351,4.1727,0.71527,2.2746,3.3366,0.66773,2.4203,3.0521,0.58974,2.2834,3.8983,2.4648,2.442,4.5634,0.68707,2.4608,2.8415,1.2841,1.563,4.3699,1.5881,1.9108,3.5601,0.40621,2.6674,2.2258,3.4174,2.9055,0.27149,0.84196,2.257,3.0611,1.6245,1.6647,4.1765,1.6825,1.9227,3.308,0.8146,2.3413,2.9064,2.2575,2.2608,4.9447,1.3594,2.5838,3.2516,1.3029,2.2273,3.6991,0.36287,2.0668,3.347,1.7311,1.886,3.4406,2.638,2.0069,4.1381,2.0309,2.1538,4.955,1.4117,1.6979,3.8612,0.76964,2.0714,2.8474,2.089,2.1059,5.0959,2.1529,2.3004,4.5863,1.5111,2.481,4.0417,3.983,2.7927,6.1796,1.7972,2.5143,3.9689,0.58479,2.0056,4.1712,1.1689,2.6114,4.2219,3.2667,2.7661,6.093,1.7065,1.5678,3.2772,0.28748,2.3989,3.4404,4.8123,3.0014,0.64322,0.43207,2.8348,3.3659,1.1381,2.5531,3.1196,2.2583,2.1817,5.0386,1.692,2.0492,4.4678,1.6541,1.62,3.4017,1.9304,2.9559,3.4573,0.75222,2.3135,2.9303,0.78835,2.353,3.0196,0.21624,2.6719,3.3494,1.9951,2.4628,4.2875,0.68023,2.3916,2.8057,1.0263,2.3882,3.5784,1.2992,1.7539,4.3337,0.23233,2.357,3.5106,1.6891,1.5976,3.2743,0.8673,2.2836,2.8766,2.9099,2.851,6.0483,1.6494,2.5022,3.9478,2.0311,2.2536,4.6083,2.1314,2.6363,5.0372,1.5698,1.953,3.8008,1.443,1.7487,3.7673,2.3054,2.145,4.9792,1.487,2.5568,3.9178,0.45133,2.9879,2.0865,4.4274,2.8751,0.26056,1.3317,2.8534,4.1647,1.8433,1.9881,3.892,1.1314,2.6741,2.7206,0.035197,2.7655,2.8142,1.0866,2.9199,4.2005,0.47291,2.4144,2.6249,0.85963,2.0955,2.8295,0.5629,2.4891,3.4337,1.8499,2.2469,4.3513,1.0472,2.8312,4.2157,0.72418,2.0735,2.9221,2.127,1.8332,3.6896,1.4329,1.8913,3.7319,2.2164,2.5619,4.6827,1.5657,1.574,4.2008,1.2604,2.1338,3.2479,0.76611,2.1175,2.9867,0.73403,2.2409,2.642,1.8004,2.3941,4.1938,2.209,2.5494,4.8938,0.59472,2.0784,2.9181,1.733,1.8135,3.2916,0.90721,2.972,2.6266,0.52085,2.5352,2.584,3.266,2.7178,6.2203,6.279,2.8714,2.7314,4.0597,2.8661,6.0177,2.4179,2.2033,3.728,1.5108,3.056,4.5607,1.2315,2.449,3.5104,5.9787,3.1105,2.7116,2.374,2.1622,3.7266,1.3283,1.8451,3.7142,2.3701,2.3298,4.6539,2.5852,2.7454,4.2809,1.2528,2.7188,4.3044,1.6425,1.9261,3.7975,1.2289,2.7355,3.8002,2.3164,2.3236,4.9013,1.3485,2.5883,3.3652,2.1402,2.3208,4.0477,0.81752,1.9819,3.3901,2.4195,2.2895,3.8151,2.3323,2.3298,3.7219,2.3158,2.0161,5.1009,2.6026,2.2923,4.8326,2.412,2.2415,3.7878,1.4565,1.6168,3.9335,2.3026,2.5628,4.9012,1.7076,1.943,3.8454,0.82328,2.1078,4.1457,1.5659,1.8493,4.3571,2.2875,2.5215,4.9515,1.4442,2.4021,3.2526,5.8185,2.8014,2.0991,1.8629,1.7462,3.5308,1.9187,2.8771,4.1312,2.1349,2.0037,4.8441,1.1988,2.6353,4.3871,2.0345,2.162,4.9596,1.6614,1.7753,3.9225,1.6424,1.9933,3.3126,1.1719,2.7236,3.7428,1.0561,2.8521,3.8219,1.5952,2.5007,3.9292,1.1668,2.6589,3.6766,1.7491,1.7386,4.0788,0.70952,2.4433,2.8206,1.8234,2.152,4.4249,0.10157,2.7758,3.0337,1.0269,1.9516,4.3512,0.98524,2.2718,3.0909,1.5754,2.4084,4.557,1.0094,2.0776,2.8302,0.81038,2.0082,2.678,1.7049,1.7541,3.9304,0.853,2.4343,2.9429,1.2979,1.5781,3.8411,2.7707,2.6143,4.6086,1.0374,2.2551,3.6374,1.1827,2.713,3.6943,2.0123,2.0012,4.4759,0.99431,1.9603,4.2375,1.9186,1.6456,3.4333,1.7366,2.5044,3.9672,2.2778,2.5296,4.868,2.0461,2.3507,3.5847,1.2014,3.0535,3.4618,1.3899,1.4454,4.2574,0.72178,2.9748,3.6567,1.6545,1.7181,4.2446,0.81255,1.999,2.7157,0.52701,2.2253,4.0668,2.5829,2.5994,4.5258,2.0236,2.0994,3.4539,1.371,2.8746,3.5302,1.0882,2.2371,3.6115,2.5418,2.0483,4.4837,1.5057,1.7369,4.4195,1.5908,2.5853,3.5645,2.0749,2.2905,4.0615,2.716,2.2911,4.9593,0.44958,2.4941,2.9269
0.23532,0.37319,0.0082459,267.22,308.59,199.1,0.001518,0.0018283,0.0010068,203.87,225.88,246.86,225.41,231.44,180.03,231.79,228.02,274.5,233.61,284.56,312.52,205.42,257.06,231.88,318.79,226.92,272.26,248.01,178.65,373.16,243.82,205.11,247.97,206.16,303.93,285.7,350.38,188.52,272.46,247.89,245.71,145.85,272.21,297.28,391.02,290.68,204.54,362.28,393.4,313.5,207.79,306.91,210.53,316.39,302.68,350.64,355.67,410.25,312.76,308.3,300.75,454.01,393.91,432.54,327.71,376.14,354.67,253.86,480.62,432.69,396.45,377.08,214.41,335.32,270.83,278.79,237.63,386.79,293.27,323.67,281.48,381.69,385.22,333.76,310.49,304.97,385.81,387.29,374.95,287.65,349.36,370.56,288.15,367.96,239.92,379.17,305.93,363.7,313.49,360.79,367.41,324.66,355.7,337.57,287.18,310.3,386.64,322.0,300.78,475.57,416.02,446.45,307.97,396.84,532.2,480.14,389.17,293.98,353.46,448.72,330.97,419.57,363.75,297.75,429.89,371.42,450.96,464.03,389.35,494.72,466.32,480.27,353.54,406.28,464.46,555.06,298.82,586.1,521.37,485.02,367.97,529.02,444.94,353.3,712.51,407.43,453.27,421.6,423.69,384.79,306.78,375.71,448.69,313.76,537.48,355.24,374.37,457.36,526.12,294.35,333.33,425.39,298.44,155.98,361.25,417.15,352.33,554.57,408.79,220.35,315.83,231.41,249.0,311.59,310.91,254.49,335.34,325.73,251.84,303.08,272.96,324.0,225.1,294.33,279.17,274.32,252.7,242.89,333.74,243.55,360.16,396.7,275.22,322.31,264.3,350.1,312.22,248.69,348.43,356.01,315.72,323.78,313.39,349.1,358.01,299.82,545.02,257.57,278.74,293.86,295.28,264.39,309.79,304.1,389.64,297.87,278.93,279.71,357.83,299.0,209.92,239.81,284.65,379.6,288.55,250.96,296.02,264.37,298.14,294.49,269.82,282.22,294.65,296.61,234.77,314.71,235.19,322.48,239.47,248.62,207.69,292.15,297.21,185.74,295.88,239.9,191.01,277.36,204.46,241.86,291.52,204.61,258.65,275.14,206.98,276.14,265.77,245.27,195.19,259.31,222.61,262.12,253.34,172.21,297.37,300.4,219.01,175.18,213.6,287.73,259.38,259.42,240.44,156.78,162.43,206.17,255.41,259.82,228.93,236.66,216.9,197.07,177.33,185.04,233.44,208.53,262.77,221.65,0.00073094,0.0010169,0.0010952,0.0011797,0.0011099,0.00085346,0.0012033,0.00096574,0.0014228,0.0011027,0.0015062,0.0017257,0.0010156,0.0013876,0.0011258,0.0018583,0.0013199,0.0015361,0.0015812,0.0011088,0.0021563,0.0016078,0.0012855,0.001726,0.0014034,0.0019846,0.0016573,0.0020043,0.0014154,0.0018119,0.0015296,0.0015283,0.0010385,0.0015065,0.0017986,0.0023441,0.001799,0.0012084,0.0021741,0.0022756,0.0017908,0.0011675,0.0019259,0.0015993,0.0019203,0.0018664,0.0021836,0.00201,0.0024381,0.0018799,0.001504,0.0018868,0.0026753,0.0021542,0.0025367,0.0020662,0.0022198,0.0015796,0.0016744,0.0028702,0.0025154,0.0023629,0.002264,0.0013848,0.0022653,0.0017861,0.0016398,0.0017678,0.0024011,0.0018399,0.0020668,0.0019173,0.0022455,0.0022964,0.0014896,0.0020147,0.0019495,0.0024102,0.00244,0.0023759,0.0015503,0.0023726,0.0024145,0.0018069,0.0016014,0.0017905,0.0016659,0.0019921,0.002187,0.002057,0.0022421,0.0021044,0.001657,0.0022594,0.0017405,0.0019509,0.0019208,0.0024483,0.0017178,0.0019447,0.0024193,0.0025137,0.0026527,0.0018445,0.0024165,0.0025983,0.002808,0.0024414,0.0020032,0.0021647,0.0026959,0.0022057,0.0019845,0.0021792,0.0019971,0.0025858,0.0022222,0.0025479,0.0025336,0.0019324,0.0022295,0.0027027,0.0022862,0.0023238,0.0022279,0.0021979,0.0030701,0.0020673,0.002793,0.0029548,0.0029394,0.0021814,0.0028336,0.0018236,0.0022716,0.0035055,0.0023653,0.0023604,0.0025148,0.0022755,0.0023241,0.0019526,0.0021579,0.0026665,0.0021686,0.0025975,0.0021867,0.0017008,0.0022363,0.0027133,0.0019312,0.0021554,0.0023516,0.0019337,0.0012477,0.0020773,0.0024366,0.0021642,0.0025633,0.0020339,0.0014221,0.0019651,0.0016171,0.0017207,0.0017773,0.0018913,0.0018166,0.0020736,0.0020177,0.0017805,0.0020126,0.001625,0.0020194,0.0015996,0.0019102,0.0017567,0.0018653,0.001611,0.0015332,0.0019576,0.0015722,0.0021202,0.0022996,0.0016564,0.0020229,0.0018507,0.0022096,0.0019245,0.0017177,0.0020342,0.0017618,0.0020402,0.0020427,0.0019566,0.0023195,0.0021505,0.0019363,0.001934,0.0017421,0.0017095,0.0018468,0.0019156,0.0017465,0.0019561,0.0018141,0.002468,0.0017044,0.0018929,0.0017479,0.0019521,0.0018399,0.0014668,0.0016277,0.0017221,0.0022791,0.0018452,0.0016855,0.0016923,0.0016359,0.0018639,0.0018928,0.001688,0.0017389,0.0018231,0.0018323,0.0015752,0.0019374,0.0015684,0.0019091,0.0015801,0.0014298,0.0013601,0.0016235,0.0019084,0.001282,0.0017663,0.0014011,0.0015165,0.0017244,0.0013441,0.0015549,0.001771,0.0014687,0.001525,0.0016135,0.0012229,0.0016616,0.0015251,0.0015493,0.00128,0.0016354,0.0013802,0.0016169,0.0014581,0.0009843,0.0016069,0.0017261,0.0012177,0.0012044,0.0011694,0.0015686,0.0015704,0.0015324,0.0010889,0.00097473,0.0009762,0.0010076,0.0015285,0.0015082,0.0010593,0.0013097,0.0010457,0.0010446,0.00088748,0.00083846,0.0011301,0.0011181,0.001417,0.0012261,1074300.0,1105700.0,792270.0,4276700.0,2284500.0,1150800.0,5856800.0,1513400.0,1879800.0,3242500.0,2966100.0,734830.0,5652900.0,1298400.0,4052200.0,2459600.0,5070500.0,4091400.0,1340500.0,3371900.0,2502600.0,3347400.0,11704000.0,958350.0,6311800.0,749460.0,9101500.0,1591900.0,1841400.0,815570.0,3232100.0,1680500.0,5814300.0,23940000.0,2520900.0,2724900.0,4347000.0,1235900.0,1513400.0,1646200.0,2062700.0,1057700.0,2058300.0,1019200.0,7475600.0,2433400.0,1825600.0,1494000.0,2274900.0,15971000.0,952090.0,7278300.0,3995200.0,706940.0,3910700.0,1079100.0,2657700.0,17679000.0,32102000.0,2373200.0,1720700.0,1532600.0,2840700.0,1036400.0,1926200.0,3409900.0,803840.0,2871900.0,1940600.0,3915400.0,2755300.0,1446400.0,1119200.0,15048000.0,5077600.0,1340600.0,3613400.0,1673300.0,965090.0,2573300.0,3702600.0,1313000.0,893150.0,2116300.0,873820.0,1861100.0,2850800.0,4950200.0,4191200.0,2338500.0,5694300.0,1300700.0,9352900.0,4677300.0,1017700.0,1694700.0,903640.0,1769700.0,3509900.0,9918500.0,1730700.0,16523000.0,1417300.0,9919600.0,1633600.0,3256300.0,1272900.0,1628100.0,12535000.0,5115100.0,2157200.0,3869300.0,2389200.0,1225800.0,656170.0,3373000.0,11659000.0,2413800.0,1291100.0,778800.0,1922000.0,735100.0,1193700.0,2218700.0,8786700.0,4156700.0,2627900.0,3087700.0,2361300.0,1498700.0,773560.0,10411000.0,2404500.0,3548600.0,2073400.0,1371700.0,1031900.0,2014200.0,1052000.0,2853800.0,3921600.0,1159600.0,1477000.0,2103000.0,1521000.0,2210500.0,2422200.0,877170.0,6912100.0,1513500.0,9390500.0,6180200.0,809830.0,10291000.0,814480.0,1274500.0,19279000.0,683650.0,12167000.0,721740.0,5575100.0,3693400.0,3817200.0,2647300.0,5252900.0,4116200.0,4227600.0,964530.0,4135000.0,1638700.0,6369200.0,1506700.0,7610900.0,1080700.0,744550.0,4005200.0,2996600.0,1988300.0,8411500.0,2288700.0,948280.0,1205600.0,3671000.0,3568300.0,1940100.0,1475700.0,747540.0,6807100.0,5275200.0,2336700.0,637470.0,17726000.0,3323000.0,5257900.0,1142200.0,18258000.0,5431600.0,1100100.0,8580600.0,1353300.0,1434500.0,3992400.0,5297000.0,799330.0,1639500.0,973680.0,1778500.0,1568200.0,1456500.0,7851700.0,2342100.0,1425100.0,12280000.0,2793800.0,1238000.0,1263500.0,3260300.0,951930.0,4669600.0,1133200.0,1854600.0,8075300.0,4435100.0,696550.0,1421900.0,10018000.0,5258300.0,5069200.0,15394000.0,3001700.0,1931800.0,2342400.0,2994600.0,3189800.0,1882600.0,1749500.0,2275100.0,1499400.0,7215800.0,652060.0,3656200.0,8296200.0,8910100.0,1863600.0,5378600.0,4029700.0,5011000.0,864140.0,1139900.0,5361500.0,1551600.0,6587500.0,3485200.0,7122400.0,1970700.0,1638700.0,1591200.0,1087700.0,1106100.0,2208100.0,945990.0,5091800.0,3371700.0,4404800.0,3356800.0,2894200.0,2745600.0,15584000.0,14989000.0,6042000.0,4601000.0,2807600.0,6148400.0,3762100.0,1781300.0,2740300.0,1353800.0,4824200.0,3044800.0,1.5482,1.8596,4.1665,2.2429,2.4816,3.6642,1.2748,2.2413,4.2236,1.1911,1.98,4.2096,2.4541,2.663,4.3257,0.7391,2.0666,4.2268,1.7079,2.532,3.8727,3.0994,2.8422,5.8665,1.1739,2.026,4.1876,1.6942,1.7107,4.2396,1.2995,2.296,4.296,0.6787,2.0235,4.2124,2.8929,2.8415,4.6739,5.5115,2.7333,1.3393,1.265,2.8033,3.6365,0.80407,2.163,2.9933,2.6091,2.2036,4.6022,1.4584,1.674,3.8882,0.77567,2.7157,3.9228,1.8684,1.849,3.5515,1.2158,2.3774,3.2644,0.38665,2.2949,3.4566,1.8703,1.6201,3.4149,2.0688,2.6422,4.2057,1.9298,1.6296,3.3719,1.668,1.6242,3.9909,0.3316,2.1999,3.1133,2.1261,2.443,4.5542,1.5011,1.7059,3.2919,0.94405,1.9674,2.7533,3.278,2.8327,6.0482,1.9401,1.8303,3.5241,0.84629,2.7393,2.9181,1.6668,2.5966,4.0066,0.76754,1.8979,2.7329,1.0921,2.4124,3.1447,1.9345,1.9309,4.4881,1.8707,1.6474,3.9006,0.64575,2.1285,3.9648,1.4466,2.5645,3.9523,0.97378,2.172,3.1513,2.6639,2.3917,4.4155,2.0073,2.2097,4.729,1.5514,1.6227,3.9285,1.8889,2.0436,4.4775,1.5091,2.2176,3.2238,0.81532,2.2622,2.973,2.4407,2.5206,4.3698,2.0389,2.4755,4.815,1.9407,2.6197,4.784,2.6214,2.3924,4.4002,1.267,2.5344,3.871,1.9053,2.3553,4.4215,2.7088,2.9645,4.5008,0.70856,2.3592,2.7124,1.3338,2.0072,4.6157,1.8541,2.9894,3.6744,0.22984,2.368,3.3703,1.7081,1.6132,4.0811,0.85981,2.239,3.0694,2.2869,2.3016,4.7211,0.45943,2.3851,3.1306,0.70231,2.2658,3.1208,0.015609,2.8993,1.7014,2.0803,2.2414,4.6811,2.523,2.465,4.3251,2.2673,2.3176,5.145,1.9089,2.6257,4.1019,1.1201,1.809,4.08,4.5042,2.7853,0.73813,0.75765,2.1978,2.9571,1.4965,2.1461,4.2946,1.192,2.2881,3.5651,1.9887,2.613,4.2537,1.6236,1.5814,4.1436,1.1699,2.5093,3.1374,0.72551,2.5378,3.7355,2.2632,1.8146,3.6736,1.3855,2.5391,3.484,1.3585,2.6,3.5121,1.3884,1.6301,4.2575,1.9389,2.6216,4.4359,2.1084,2.5986,4.6505,3.2976,2.8471,6.1401,1.795,1.5974,4.2018,1.9337,1.9222,3.3623,2.5372,2.9281,5.4006,1.1856,2.5783,3.0401,2.6806,2.3761,4.9998,1.0329,2.7243,4.2601,1.4296,2.4976,3.5633,0.98903,1.962,4.1797,1.7804,1.6387,4.0559,1.9838,1.9379,3.3948,6.061,2.8979,2.8732,2.9976,2.2148,4.671,1.5654,1.9141,4.4201,1.1668,2.5415,3.3596,1.4389,2.4688,3.4025,1.7174,1.8695,3.6574,2.055,2.4605,4.1218,1.0902,2.3911,3.2584,2.5118,1.8343,5.3495,1.0006,2.5796,3.2692,1.3338,2.5616,3.3062,0.2408,3.0512,3.1969,0.66989,1.9523,2.7442,1.6559,1.9403,4.6419,1.54,1.7868,4.2209,5.2104,2.7407,1.5877,0.90593,2.2416,2.9662,0.97984,2.7454,4.2547,2.37,2.4099,3.7073,2.9459,2.2949,4.9701,3.1179,2.5664,4.6314,2.106,2.3836,4.6259,2.181,2.2353,4.1728,0.71533,2.2747,3.3366,0.66783,2.4204,3.052,0.58981,2.2836,3.8984,2.4649,2.4421,4.5631,0.68685,2.4608,2.8412,1.284,1.5629,4.37,1.5881,1.9107,3.5603,0.40644,2.6675,2.226,3.4174,2.9054,0.27151,0.84188,2.257,3.061,1.6245,1.6647,4.1766,1.6825,1.9229,3.3082,0.81477,2.3412,2.9065,2.2578,2.2607,4.9448,1.3595,2.5839,3.2518,1.303,2.2274,3.6993,0.36299,2.0667,3.3473,1.7312,1.8859,3.4406,2.638,2.0067,4.1382,2.0308,2.1539,4.955,1.4118,1.6979,3.8613,0.76962,2.0717,2.8477,2.089,2.1059,5.096,2.1528,2.3004,4.5863,1.5112,2.4813,4.0419,3.9827,2.7922,6.1793,1.7971,2.5144,3.9687,0.58456,2.0057,4.1712,1.1687,2.6113,4.2217,3.2666,2.766,6.0931,1.7066,1.5678,3.2772,0.28755,2.399,3.4405,4.8121,3.0014,0.64296,0.43206,2.8349,3.3661,1.138,2.5531,3.1198,2.2583,2.1816,5.0388,1.6922,2.0492,4.4679,1.6541,1.62,3.4017,1.9308,2.9559,3.4577,0.75228,2.3134,2.9304,0.78832,2.3528,3.0197,0.21616,2.672,3.3494,1.9952,2.4628,4.2875,0.68037,2.3915,2.8057,1.0265,2.3884,3.5784,1.2994,1.7539,4.3337,0.23242,2.357,3.5108,1.6891,1.5976,3.2743,0.86751,2.2834,2.8767,2.9098,2.8509,6.0484,1.6491,2.5022,3.9477,2.0311,2.2537,4.6083,2.1311,2.6363,5.037,1.5696,1.953,3.8007,1.4432,1.7485,3.7673,2.3055,2.145,4.9791,1.4869,2.5567,3.9176,0.45123,2.9878,2.0863,4.4273,2.875,0.26056,1.3316,2.8534,4.1646,1.8431,1.9882,3.892,1.1312,2.6741,2.7204,0.034884,2.7654,2.8142,1.0868,2.9199,4.2007,0.47295,2.4142,2.625,0.85963,2.0956,2.8295,0.56309,2.4891,3.4338,1.8503,2.247,4.3514,1.047,2.8313,4.2156,0.72437,2.0737,2.9219,2.1272,1.8332,3.6895,1.433,1.8914,3.7321,2.2161,2.5617,4.6823,1.566,1.574,4.2008,1.2604,2.1337,3.2479,0.76633,2.1177,2.9866,0.73399,2.2408,2.642,1.8004,2.3942,4.1939,2.2089,2.5492,4.8937,0.59474,2.0785,2.918,1.7329,1.8136,3.2916,0.90746,2.972,2.6267,0.52075,2.5353,2.5839,3.2661,2.7177,6.2205,6.2793,2.8714,2.7318,4.0592,2.866,6.0171,2.418,2.2029,3.728,1.511,3.056,4.5612,1.2315,2.4489,3.5106,5.9769,3.1105,2.7102,2.374,2.162,3.7265,1.3284,1.8451,3.7142,2.37,2.3298,4.6541,2.585,2.7456,4.2811,1.2527,2.7189,4.3042,1.6423,1.926,3.7974,1.2291,2.7354,3.8005,2.3163,2.3234,4.9011,1.3482,2.5881,3.3652,2.1401,2.321,4.0476,0.81752,1.982,3.3901,2.4195,2.2893,3.8152,2.3322,2.3297,3.7219,2.3159,2.0162,5.1011,2.6025,2.2923,4.8326,2.4121,2.2415,3.7878,1.4566,1.6169,3.9336,2.3024,2.5627,4.9011,1.7074,1.943,3.8453,0.82332,2.1077,4.1458,1.5658,1.8493,4.3572,2.2874,2.5213,4.9515,1.4442,2.4022,3.2526,5.8183,2.8012,2.0989,1.8629,1.7462,3.5308,1.9185,2.8768,4.1309,2.135,2.0038,4.8442,1.1989,2.6354,4.3872,2.0347,2.162,4.9597,1.6615,1.7753,3.9224,1.6425,1.9933,3.3124,1.172,2.7236,3.7429,1.0562,2.8521,3.8219,1.5954,2.5007,3.9293,1.1668,2.6588,3.6766,1.749,1.7385,4.0788,0.70932,2.4433,2.8207,1.8233,2.1521,4.425,0.10155,2.7757,3.034,1.0268,1.9517,4.3513,0.98526,2.2717,3.091,1.5754,2.4084,4.557,1.0094,2.0776,2.8302,0.81047,2.0082,2.6779,1.705,1.754,3.9303,0.85286,2.4343,2.9431,1.2977,1.5781,3.8411,2.7707,2.6143,4.6085,1.0373,2.2552,3.6374,1.1828,2.7129,3.6943,2.0124,2.0012,4.4759,0.99419,1.9603,4.2375,1.9187,1.6456,3.4333,1.7367,2.5045,3.9671,2.2779,2.5296,4.8679,2.046,2.3507,3.5846,1.2014,3.0534,3.4618,1.3898,1.4454,4.2574,0.72187,2.9748,3.6567,1.6545,1.7181,4.2447,0.81264,1.9989,2.7157,0.52684,2.2253,4.0669,2.5828,2.5994,4.5259,2.0236,2.0994,3.4539,1.371,2.8745,3.5301,1.0882,2.2372,3.6115,2.5418,2.0484,4.4838,1.5057,1.7369,4.4194,1.5907,2.5853,3.5645,2.0749,2.2905,4.0615,2.716,2.291,4.9593,0.4496,2.4941,2.9268
0.23558,0.37359,0.008253,267.35,308.78,199.12,0.0015187,0.0018294,0.0010069,203.9,225.92,246.93,225.46,231.51,180.1,231.8,228.08,274.57,233.65,284.65,312.69,205.45,257.17,231.93,318.96,226.98,272.35,248.14,178.68,373.35,243.89,205.18,248.03,206.21,304.06,285.8,350.54,188.58,272.54,247.97,245.81,145.91,272.38,297.41,391.18,290.77,204.74,362.53,393.59,313.64,207.88,307.15,210.57,316.54,302.83,350.76,355.84,410.48,312.89,308.46,300.9,454.35,394.05,432.85,327.96,376.35,355.14,254.12,480.87,432.98,396.59,377.3,214.52,335.45,270.97,279.01,237.79,387.06,293.56,323.96,281.66,381.88,385.54,334.27,310.68,305.02,386.03,387.48,375.18,288.02,349.64,370.81,288.17,368.5,240.09,379.6,306.15,363.9,313.63,361.05,367.74,324.93,355.92,337.89,287.34,310.57,386.89,322.49,301.03,476.05,416.25,446.88,308.25,397.18,532.65,480.38,389.52,294.22,353.64,448.98,331.18,420.3,364.13,297.91,430.2,371.79,451.52,464.46,389.6,495.46,466.63,480.99,353.83,406.65,464.96,555.59,299.05,586.77,521.74,485.47,368.32,529.45,445.76,353.61,713.11,407.76,453.77,421.9,424.07,385.06,307.05,375.97,449.02,313.96,537.97,355.34,374.72,457.89,526.56,294.54,333.59,425.68,298.69,156.01,361.6,417.43,352.46,555.1,408.94,220.42,316.02,231.53,249.16,311.9,311.05,254.63,335.46,325.93,251.92,303.22,273.09,324.19,225.25,294.43,279.27,274.44,252.82,242.99,333.82,243.68,360.38,396.86,275.35,322.56,264.42,350.27,312.4,248.79,348.62,356.21,315.9,323.92,313.54,349.36,358.19,299.98,545.39,257.73,278.86,294.02,295.43,264.48,309.95,304.27,389.95,298.09,279.09,279.8,358.05,299.16,209.98,239.9,284.75,379.8,288.75,251.11,296.08,264.49,298.26,294.61,269.96,282.32,294.72,296.68,234.87,314.88,235.26,322.64,239.58,248.7,207.78,292.28,297.33,185.8,295.98,240.0,191.08,277.44,204.54,241.95,291.63,204.68,258.71,275.21,207.02,276.26,265.87,245.36,195.25,259.41,222.68,262.21,253.43,172.26,297.43,300.49,219.08,175.22,213.66,287.82,259.48,259.49,240.49,156.81,162.46,206.21,255.48,259.89,228.96,236.73,216.94,197.13,177.39,185.08,233.49,208.56,262.85,221.69,0.00073105,0.001017,0.0010954,0.0011799,0.0011102,0.00085383,0.0012033,0.000966,0.0014233,0.0011029,0.0015068,0.0017267,0.0010157,0.0013883,0.0011261,0.0018591,0.0013202,0.0015366,0.001582,0.0011091,0.0021573,0.0016083,0.0012859,0.0017265,0.0014037,0.0019853,0.001658,0.0020052,0.001416,0.0018125,0.0015301,0.001529,0.0010388,0.0015074,0.0017993,0.002345,0.0017996,0.0012096,0.0021755,0.0022767,0.0017918,0.001168,0.0019273,0.0015997,0.0019212,0.0018673,0.0021845,0.0020112,0.0024396,0.0018808,0.0015049,0.0018878,0.0026773,0.0021554,0.0025386,0.0020675,0.0022215,0.0015821,0.0016757,0.002872,0.0025168,0.002364,0.0022653,0.0013856,0.0022662,0.001787,0.0016411,0.001769,0.0024029,0.0018416,0.0020685,0.0019181,0.0022468,0.0022982,0.0014917,0.0020156,0.00195,0.0024117,0.0024414,0.0023774,0.001552,0.0023742,0.0024161,0.0018074,0.001604,0.0017914,0.0016677,0.0019932,0.0021883,0.002058,0.0022436,0.0021064,0.0016585,0.0022607,0.0017422,0.0019519,0.0019222,0.0024498,0.0017202,0.0019462,0.0024218,0.0025151,0.002655,0.0018462,0.0024182,0.002601,0.0028096,0.0024434,0.0020048,0.002166,0.0026975,0.002207,0.001988,0.0021814,0.0019985,0.0025874,0.0022242,0.002551,0.002536,0.0019342,0.0022317,0.0027047,0.0022902,0.0023255,0.0022298,0.0022008,0.0030732,0.0020689,0.0027962,0.0029569,0.0029418,0.0021833,0.0028359,0.0018272,0.0022735,0.0035085,0.0023671,0.0023635,0.0025167,0.0022778,0.0023257,0.001954,0.0021597,0.0026684,0.0021699,0.0026,0.0021877,0.0017028,0.0022392,0.0027157,0.0019325,0.0021568,0.0023534,0.0019351,0.0012482,0.0020792,0.0024382,0.0021649,0.0025662,0.0020346,0.0014225,0.0019662,0.0016178,0.0017217,0.001779,0.0018923,0.0018175,0.0020743,0.0020188,0.0017811,0.0020136,0.0016258,0.0020204,0.0016005,0.001911,0.0017573,0.001866,0.0016117,0.0015338,0.0019583,0.001573,0.0021215,0.0023006,0.0016571,0.0020241,0.0018515,0.002211,0.0019257,0.0017184,0.0020354,0.0017631,0.0020412,0.0020438,0.0019574,0.0023209,0.0021516,0.0019373,0.0019358,0.0017431,0.0017101,0.0018477,0.0019165,0.0017471,0.001957,0.0018152,0.0024694,0.0017055,0.0018938,0.0017485,0.0019534,0.0018408,0.0014673,0.0016283,0.0017227,0.0022803,0.0018464,0.0016863,0.0016927,0.0016366,0.0018645,0.0018936,0.0016888,0.0017395,0.0018237,0.0018328,0.0015758,0.0019384,0.0015689,0.00191,0.0015807,0.0014303,0.0013605,0.0016242,0.0019092,0.0012822,0.0017669,0.0014016,0.001517,0.0017249,0.0013446,0.0015554,0.0017717,0.0014693,0.0015254,0.0016139,0.0012233,0.0016623,0.0015256,0.0015499,0.0012804,0.001636,0.0013806,0.0016174,0.0014586,0.0009846,0.0016073,0.0017267,0.0012181,0.0012046,0.0011698,0.001569,0.001571,0.0015327,0.0010892,0.00097498,0.0009764,0.0010079,0.0015289,0.0015085,0.0010595,0.00131,0.0010459,0.0010449,0.00088776,0.00083867,0.0011304,0.0011183,0.0014174,0.0012264,1074300.0,1105700.0,792270.0,4276700.0,2284500.0,1150800.0,5856800.0,1513400.0,1879800.0,3242500.0,2966100.0,734830.0,5652900.0,1298400.0,4052200.0,2459600.0,5070500.0,4091400.0,1340500.0,3371900.0,2502600.0,3347400.0,11704000.0,958350.0,6311800.0,749460.0,9101500.0,1591900.0,1841400.0,815570.0,3232100.0,1680500.0,5814300.0,23940000.0,2520900.0,2724900.0,4347000.0,1235900.0,1513400.0,1646200.0,2062700.0,1057700.0,2058300.0,1019200.0,7475600.0,2433400.0,1825600.0,1494000.0,2274900.0,15971000.0,952090.0,7278300.0,3995200.0,706940.0,3910700.0,1079100.0,2657700.0,17679000.0,32102000.0,2373200.0,1720700.0,1532600.0,2840700.0,1036400.0,1926200.0,3409900.0,803840.0,2871900.0,1940600.0,3915400.0,2755300.0,1446400.0,1119200.0,15048000.0,5077600.0,1340600.0,3613400.0,1673300.0,965090.0,2573300.0,3702600.0,1313000.0,893150.0,2116300.0,873820.0,1861100.0,2850800.0,4950200.0,4191200.0,2338500.0,5694300.0,1300700.0,9352900.0,4677300.0,1017700.0,1694700.0,903640.0,1769700.0,3509900.0,9918500.0,1730700.0,16523000.0,1417300.0,9919600.0,1633600.0,3256300.0,1272900.0,1628100.0,12535000.0,5115100.0,2157200.0,3869300.0,2389200.0,1225800.0,656170.0,3373000.0,11659000.0,2413800.0,1291100.0,778800.0,1922000.0,735100.0,1193700.0,2218700.0,8786700.0,4156700.0,2627900.0,3087700.0,2361300.0,1498700.0,773560.0,10411000.0,2404500.0,3548600.0,2073400.0,1371700.0,1031900.0,2014200.0,1052000.0,2853800.0,3921600.0,1159600.0,1477000.0,2103000.0,1521000.0,2210500.0,2422200.0,877170.0,6912100.0,1513500.0,9390500.0,6180200.0,809830.0,10291000.0,814480.0,1274500.0,19279000.0,683650.0,12167000.0,721740.0,5575100.0,3693400.0,3817200.0,2647300.0,5252900.0,4116200.0,4227600.0,964530.0,4135000.0,1638700.0,6369200.0,1506700.0,7610900.0,1080700.0,744550.0,4005200.0,2996600.0,1988300.0,8411500.0,2288700.0,948280.0,1205600.0,3671000.0,3568300.0,1940100.0,1475700.0,747540.0,6807100.0,5275200.0,2336700.0,637470.0,17726000.0,3323000.0,5257900.0,1142200.0,18258000.0,5431600.0,1100100.0,8580600.0,1353300.0,1434500.0,3992400.0,5297000.0,799330.0,1639500.0,973680.0,1778500.0,1568200.0,1456500.0,7851700.0,2342100.0,1425100.0,12280000.0,2793800.0,1238000.0,1263500.0,3260300.0,951930.0,4669600.0,1133200.0,1854600.0,8075300.0,4435100.0,696550.0,1421900.0,10018000.0,5258300.0,5069200.0,15394000.0,3001700.0,1931800.0,2342400.0,2994600.0,3189800.0,1882600.0,1749500.0,2275100.0,1499400.0,7215800.0,652060.0,3656200.0,8296200.0,8910100.0,1863600.0,5378600.0,4029700.0,5011000.0,864140.0,1139900.0,5361500.0,1551600.0,6587500.0,3485200.0,7122400.0,1970700.0,1638700.0,1591200.0,1087700.0,1106100.0,2208100.0,945990.0,5091800.0,3371700.0,4404800.0,3356800.0,2894200.0,2745600.0,15584000.0,14989000.0,6042000.0,4601000.0,2807600.0,6148400.0,3762100.0,1781300.0,2740300.0,1353800.0,4824200.0,3044800.0,1.5482,1.8596,4.1665,2.2429,2.4816,3.6642,1.2748,2.2413,4.2236,1.191,1.98,4.2096,2.454,2.663,4.3257,0.73898,2.0666,4.2268,1.708,2.532,3.8727,3.0994,2.8422,5.8665,1.1738,2.026,4.1876,1.6941,1.7106,4.2396,1.2996,2.2961,4.296,0.67846,2.0235,4.2124,2.8928,2.8415,4.674,5.5112,2.7333,1.3392,1.2651,2.8032,3.6365,0.8039,2.163,2.9933,2.6092,2.2037,4.6023,1.4583,1.674,3.8882,0.77592,2.7158,3.923,1.8683,1.8491,3.5516,1.2158,2.3774,3.2645,0.38671,2.2949,3.4565,1.8704,1.6201,3.4149,2.0689,2.6421,4.2056,1.9299,1.6296,3.3719,1.6681,1.6242,3.9909,0.33156,2.1999,3.1133,2.1262,2.4431,4.5544,1.501,1.7059,3.292,0.9442,1.9675,2.7533,3.2781,2.8327,6.0483,1.9401,1.8303,3.5242,0.84616,2.7393,2.9182,1.6667,2.5966,4.0066,0.76762,1.8979,2.7328,1.092,2.4124,3.1447,1.9344,1.9309,4.4881,1.8709,1.6474,3.9006,0.64582,2.1284,3.9651,1.4469,2.5645,3.9525,0.9737,2.1721,3.1512,2.6641,2.3918,4.4157,2.0072,2.2096,4.729,1.5514,1.6226,3.9285,1.8888,2.0438,4.4775,1.5092,2.2177,3.2238,0.81527,2.2623,2.9729,2.4407,2.5208,4.3697,2.039,2.4754,4.8149,1.9407,2.6197,4.7839,2.6215,2.3925,4.4003,1.267,2.5345,3.871,1.9055,2.3555,4.4217,2.7097,2.9644,4.5015,0.70873,2.3591,2.7126,1.3336,2.0072,4.6158,1.8542,2.9894,3.6743,0.22972,2.368,3.3703,1.7081,1.6132,4.0811,0.85999,2.2391,3.0694,2.287,2.3016,4.7211,0.45917,2.385,3.1306,0.70212,2.2659,3.1207,0.015617,2.8993,1.7012,2.0806,2.2415,4.6812,2.523,2.4652,4.3252,2.2672,2.3176,5.145,1.9089,2.6256,4.1018,1.1202,1.8089,4.0801,4.5042,2.7852,0.73834,0.75763,2.1979,2.9571,1.4967,2.1462,4.2946,1.1921,2.2883,3.5652,1.9886,2.6129,4.2537,1.6236,1.5815,4.1436,1.1699,2.5093,3.1374,0.72546,2.5379,3.7355,2.2634,1.8146,3.6736,1.3855,2.5391,3.484,1.3585,2.6,3.512,1.3883,1.6301,4.2575,1.939,2.6215,4.4359,2.1086,2.5984,4.6506,3.2974,2.8471,6.1401,1.7952,1.5973,4.2018,1.9339,1.9222,3.3622,2.5374,2.928,5.4007,1.1856,2.5783,3.04,2.6806,2.3761,4.9997,1.0331,2.7245,4.2603,1.4296,2.4976,3.5634,0.98914,1.9621,4.1799,1.7804,1.6387,4.0559,1.9838,1.938,3.3948,6.0613,2.8979,2.8733,2.9977,2.2148,4.671,1.5656,1.9141,4.4203,1.1669,2.5414,3.3596,1.4389,2.4688,3.4025,1.7175,1.8694,3.6574,2.055,2.4605,4.122,1.0902,2.3912,3.2584,2.5118,1.8341,5.3497,1.0006,2.5795,3.2692,1.3336,2.5616,3.3061,0.24074,3.0512,3.1969,0.66991,1.9524,2.7442,1.6559,1.9402,4.642,1.5401,1.7867,4.221,5.2104,2.7405,1.5877,0.90598,2.2417,2.9663,0.97996,2.7455,4.2549,2.3699,2.4098,3.7072,2.9459,2.2949,4.9701,3.1181,2.5663,4.6315,2.1061,2.3836,4.626,2.181,2.2354,4.1728,0.71536,2.2748,3.3367,0.66789,2.4204,3.052,0.58986,2.2838,3.8985,2.4649,2.4421,4.5629,0.6867,2.4609,2.8411,1.2839,1.5629,4.37,1.5881,1.9107,3.5604,0.40659,2.6675,2.2262,3.4174,2.9054,0.27153,0.84182,2.2569,3.0609,1.6245,1.6647,4.1766,1.6826,1.923,3.3083,0.81488,2.3412,2.9065,2.2579,2.2606,4.9448,1.3596,2.5839,3.2519,1.3031,2.2275,3.6995,0.36308,2.0667,3.3475,1.7312,1.8859,3.4406,2.638,2.0066,4.1383,2.0307,2.1539,4.9549,1.4119,1.698,3.8613,0.76961,2.0718,2.8478,2.089,2.1058,5.0961,2.1528,2.3004,4.5864,1.5113,2.4814,4.042,3.9825,2.7918,6.1791,1.797,2.5145,3.9686,0.5844,2.0058,4.1713,1.1685,2.6113,4.2216,3.2666,2.7659,6.0932,1.7066,1.5678,3.2772,0.2876,2.3991,3.4406,4.8119,3.0014,0.64279,0.43205,2.835,3.3663,1.138,2.5532,3.1199,2.2583,2.1816,5.0388,1.6924,2.0492,4.468,1.654,1.62,3.4018,1.9311,2.956,3.4579,0.75232,2.3134,2.9305,0.7883,2.3527,3.0197,0.21612,2.672,3.3494,1.9952,2.4628,4.2875,0.68045,2.3914,2.8057,1.0266,2.3886,3.5784,1.2995,1.7538,4.3338,0.23249,2.357,3.511,1.689,1.5976,3.2743,0.86765,2.2833,2.8767,2.9098,2.8509,6.0485,1.6488,2.5021,3.9476,2.0311,2.2538,4.6083,2.1308,2.6362,5.0368,1.5696,1.953,3.8007,1.4433,1.7484,3.7674,2.3055,2.145,4.9791,1.4869,2.5567,3.9175,0.45116,2.9878,2.0861,4.4273,2.8749,0.26057,1.3316,2.8535,4.1645,1.8429,1.9882,3.892,1.131,2.6741,2.7202,0.03467,2.7653,2.8141,1.0869,2.92,4.2007,0.47297,2.4141,2.625,0.85962,2.0957,2.8294,0.56321,2.4891,3.4339,1.8505,2.2471,4.3514,1.0469,2.8313,4.2156,0.7245,2.0738,2.9218,2.1272,1.8332,3.6894,1.433,1.8914,3.7322,2.2159,2.5615,4.682,1.5661,1.574,4.2008,1.2603,2.1337,3.248,0.76648,2.1178,2.9866,0.73396,2.2406,2.642,1.8005,2.3942,4.1939,2.2088,2.549,4.8936,0.59476,2.0785,2.9179,1.7329,1.8137,3.2916,0.90762,2.9719,2.6268,0.52067,2.5354,2.5839,3.2662,2.7177,6.2206,6.2795,2.8714,2.7322,4.0589,2.8659,6.0167,2.4181,2.2026,3.728,1.5112,3.056,4.5616,1.2314,2.4489,3.5107,5.9758,3.1105,2.7093,2.374,2.1619,3.7264,1.3285,1.8451,3.7143,2.3699,2.3298,4.6541,2.5848,2.7457,4.2812,1.2527,2.7189,4.3041,1.6421,1.926,3.7973,1.2292,2.7354,3.8006,2.3162,2.3234,4.901,1.3479,2.5881,3.3652,2.14,2.3211,4.0475,0.81752,1.982,3.3901,2.4195,2.2891,3.8152,2.3322,2.3296,3.7218,2.316,2.0162,5.1012,2.6024,2.2923,4.8326,2.4122,2.2415,3.7878,1.4567,1.6169,3.9337,2.3022,2.5625,4.9011,1.7072,1.943,3.8452,0.82335,2.1077,4.1459,1.5657,1.8494,4.3573,2.2873,2.5211,4.9515,1.4442,2.4022,3.2526,5.8182,2.8011,2.0988,1.8629,1.7461,3.5309,1.9184,2.8766,4.1306,2.1351,2.0038,4.8442,1.199,2.6354,4.3873,2.0348,2.1621,4.9597,1.6615,1.7753,3.9224,1.6426,1.9933,3.3123,1.1721,2.7236,3.743,1.0563,2.8521,3.8218,1.5955,2.5008,3.9293,1.1668,2.6587,3.6765,1.7489,1.7384,4.0788,0.70919,2.4432,2.8207,1.8233,2.1522,4.425,0.10153,2.7757,3.0341,1.0267,1.9517,4.3513,0.98528,2.2717,3.091,1.5753,2.4084,4.5569,1.0094,2.0776,2.8302,0.81053,2.0082,2.6779,1.7051,1.754,3.9303,0.85277,2.4342,2.9433,1.2976,1.578,3.8411,2.7707,2.6143,4.6085,1.0373,2.2554,3.6374,1.1828,2.7129,3.6944,2.0124,2.0012,4.4759,0.99411,1.9603,4.2375,1.9188,1.6457,3.4333,1.7368,2.5045,3.9671,2.2781,2.5295,4.8679,2.0459,2.3507,3.5845,1.2013,3.0534,3.4618,1.3897,1.4455,4.2574,0.72193,2.9748,3.6567,1.6545,1.718,4.2447,0.81269,1.9989,2.7156,0.52672,2.2253,4.067,2.5827,2.5994,4.5259,2.0236,2.0994,3.4539,1.371,2.8745,3.5301,1.0882,2.2372,3.6114,2.5418,2.0485,4.4838,1.5057,1.7369,4.4194,1.5907,2.5853,3.5644,2.075,2.2905,4.0615,2.716,2.291,4.9593,0.44961,2.4941,2.9268
0.23596,0.37419,0.0082636,267.53,309.05,199.13,0.0015197,0.001831,0.001007,203.92,225.96,247.03,225.52,231.6,180.17,231.79,228.14,274.67,233.7,284.78,312.93,205.49,257.32,232.0,319.2,227.06,272.47,248.31,178.71,373.62,243.98,205.26,248.09,206.26,304.23,285.96,350.76,188.67,272.64,248.08,245.96,145.97,272.6,297.61,391.4,290.9,205.01,362.85,393.87,313.84,208.02,307.5,210.63,316.73,303.03,350.92,356.08,410.79,313.07,308.69,301.1,454.84,394.27,433.29,328.27,376.66,355.82,254.49,481.23,433.4,396.83,377.63,214.7,335.63,271.17,279.35,238.03,387.46,293.96,324.4,281.9,382.12,386.0,334.99,310.95,305.1,386.34,387.77,375.51,288.52,350.05,371.15,288.22,369.23,240.32,380.2,306.45,364.2,313.84,361.44,368.24,325.31,356.23,338.34,287.57,310.93,387.27,323.18,301.36,476.73,416.58,447.53,308.67,397.65,533.31,480.75,390.02,294.57,353.91,449.37,331.5,421.35,364.7,298.14,430.64,372.29,452.33,465.11,389.97,496.48,467.11,482.04,354.25,407.17,465.66,556.38,299.4,587.7,522.29,486.13,368.81,530.09,446.94,354.04,713.95,408.25,454.46,422.35,424.62,385.45,307.43,376.33,449.49,314.26,538.67,355.53,375.23,458.65,527.18,294.82,333.93,426.09,299.02,156.06,362.07,417.85,352.66,555.86,409.17,220.5,316.28,231.68,249.37,312.32,311.25,254.84,335.63,326.22,252.03,303.41,273.29,324.46,225.46,294.57,279.41,274.61,252.99,243.12,333.94,243.86,360.67,397.1,275.53,322.89,264.57,350.51,312.64,248.93,348.9,356.49,316.15,324.12,313.74,349.73,358.43,300.21,545.93,257.95,279.03,294.25,295.64,264.59,310.15,304.52,390.41,298.39,279.29,279.92,358.37,299.39,210.07,240.02,284.9,380.08,289.02,251.3,296.17,264.63,298.43,294.75,270.15,282.45,294.8,296.77,234.99,315.11,235.36,322.85,239.72,248.81,207.89,292.45,297.49,185.86,296.1,240.13,191.16,277.54,204.65,242.06,291.77,204.78,258.78,275.31,207.06,276.4,265.98,245.48,195.33,259.53,222.77,262.33,253.55,172.32,297.51,300.59,219.16,175.25,213.73,287.93,259.61,259.56,240.54,156.85,162.5,206.26,255.58,259.97,228.99,236.8,216.99,197.18,177.45,185.12,233.55,208.58,262.96,221.74,0.00073113,0.0010171,0.0010956,0.0011802,0.0011106,0.00085418,0.0012032,0.0009663,0.0014239,0.0011032,0.0015076,0.001728,0.0010158,0.0013892,0.0011264,0.0018604,0.0013206,0.0015374,0.0015832,0.0011094,0.0021586,0.0016088,0.0012864,0.001727,0.001404,0.0019864,0.0016591,0.0020065,0.0014168,0.0018132,0.0015308,0.0015301,0.0010391,0.0015086,0.0018004,0.0023461,0.0018005,0.0012111,0.0021773,0.0022784,0.0017931,0.0011687,0.0019292,0.0016003,0.0019224,0.0018685,0.0021856,0.002013,0.0024416,0.001882,0.001506,0.0018891,0.00268,0.0021572,0.0025412,0.0020691,0.0022239,0.0015854,0.0016776,0.0028746,0.002519,0.0023659,0.0022673,0.0013867,0.0022675,0.0017883,0.0016431,0.0017707,0.0024056,0.0018439,0.002071,0.0019193,0.0022486,0.0023007,0.0014948,0.002017,0.0019509,0.0024136,0.0024435,0.0023796,0.0015543,0.0023764,0.0024184,0.0018082,0.0016074,0.0017926,0.0016702,0.0019948,0.0021901,0.0020596,0.0022456,0.0021093,0.0016605,0.0022627,0.0017444,0.0019534,0.0019239,0.002452,0.0017235,0.0019481,0.0024251,0.002517,0.0026584,0.0018487,0.0024205,0.0026048,0.0028119,0.0024464,0.002007,0.0021679,0.0026998,0.0022089,0.0019927,0.0021844,0.0020004,0.0025899,0.0022269,0.0025554,0.0025396,0.0019367,0.0022349,0.0027077,0.0022957,0.0023281,0.0022325,0.0022047,0.0030777,0.0020713,0.0028005,0.0029601,0.0029455,0.002186,0.0028395,0.0018322,0.0022761,0.0035129,0.0023697,0.0023678,0.0025194,0.0022812,0.0023281,0.0019561,0.0021621,0.0026711,0.0021719,0.0026037,0.0021892,0.0017054,0.0022433,0.0027189,0.0019344,0.0021586,0.0023561,0.0019372,0.0012488,0.0020819,0.0024406,0.0021661,0.0025703,0.0020356,0.001423,0.0019678,0.0016189,0.001723,0.0017814,0.0018936,0.001819,0.0020754,0.0020204,0.0017819,0.0020149,0.001627,0.0020218,0.0016016,0.0019121,0.0017581,0.001867,0.0016126,0.0015347,0.0019594,0.0015741,0.0021231,0.0023019,0.001658,0.0020258,0.0018526,0.0022128,0.0019271,0.0017193,0.002037,0.001765,0.0020427,0.0020452,0.0019586,0.0023228,0.002153,0.0019387,0.0019385,0.0017444,0.0017109,0.0018491,0.001918,0.0017479,0.0019582,0.0018168,0.0024715,0.001707,0.0018951,0.0017494,0.0019551,0.0018422,0.0014679,0.0016291,0.0017236,0.002282,0.0018481,0.0016875,0.0016934,0.0016374,0.0018654,0.0018946,0.0016899,0.0017404,0.0018246,0.0018334,0.0015766,0.0019398,0.0015696,0.0019113,0.0015816,0.0014309,0.0013611,0.0016252,0.0019102,0.0012826,0.0017675,0.0014023,0.0015175,0.0017256,0.0013453,0.0015561,0.0017725,0.0014701,0.0015257,0.0016144,0.0012236,0.0016631,0.0015261,0.0015507,0.0012808,0.0016368,0.0013812,0.001618,0.0014593,0.00098493,0.0016078,0.0017274,0.0012186,0.0012048,0.0011702,0.0015696,0.0015717,0.0015331,0.0010894,0.00097522,0.00097663,0.0010081,0.0015295,0.0015089,0.0010597,0.0013103,0.0010461,0.0010452,0.00088804,0.00083887,0.0011307,0.0011184,0.001418,0.0012267,1074300.0,1105700.0,792270.0,4276700.0,2284500.0,1150800.0,5856800.0,1513400.0,1879800.0,3242500.0,2966100.0,734830.0,5652900.0,1298400.0,4052200.0,2459600.0,5070500.0,4091400.0,1340500.0,3371900.0,2502600.0,3347400.0,11704000.0,958350.0,6311800.0,749460.0,9101500.0,1591900.0,1841400.0,815570.0,3232100.0,1680500.0,5814300.0,23940000.0,2520900.0,2724900.0,4347000.0,1235900.0,1513400.0,1646200.0,2062700.0,1057700.0,2058300.0,1019200.0,7475600.0,2433400.0,1825600.0,1494000.0,2274900.0,15971000.0,952090.0,7278300.0,3995200.0,706940.0,3910700.0,1079100.0,2657700.0,17679000.0,32102000.0,2373200.0,1720700.0,1532600.0,2840700.0,1036400.0,1926200.0,3409900.0,803840.0,2871900.0,1940600.0,3915400.0,2755300.0,1446400.0,1119200.0,15048000.0,5077600.0,1340600.0,3613400.0,1673300.0,965090.0,2573300.0,3702600.0,1313000.0,893150.0,2116300.0,873820.0,1861100.0,2850800.0,4950200.0,4191200.0,2338500.0,5694300.0,1300700.0,9352900.0,4677300.0,1017700.0,1694700.0,903640.0,1769700.0,3509900.0,9918500.0,1730700.0,16523000.0,1417300.0,9919600.0,1633600.0,3256300.0,1272900.0,1628100.0,12535000.0,5115100.0,2157200.0,3869300.0,2389200.0,1225800.0,656170.0,3373000.0,11659000.0,2413800.0,1291100.0,778800.0,1922000.0,735100.0,1193700.0,2218700.0,8786700.0,4156700.0,2627900.0,3087700.0,2361300.0,1498700.0,773560.0,10411000.0,2404500.0,3548600.0,2073400.0,1371700.0,1031900.0,2014200.0,1052000.0,2853800.0,3921600.0,1159600.0,1477000.0,2103000.0,1521000.0,2210500.0,2422200.0,877170.0,6912100.0,1513500.0,9390500.0,6180200.0,809830.0,10291000.0,814480.0,1274500.0,19279000.0,683650.0,12167000.0,721740.0,5575100.0,3693400.0,3817200.0,2647300.0,5252900.0,4116200.0,4227600.0,964530.0,4135000.0,1638700.0,6369200.0,1506700.0,7610900.0,1080700.0,744550.0,4005200.0,2996600.0,1988300.0,8411500.0,2288700.0,948280.0,1205600.0,3671000.0,3568300.0,1940100.0,1475700.0,747540.0,6807100.0,5275200.0,2336700.0,637470.0,17726000.0,3323000.0,5257900.0,1142200.0,18258000.0,5431600.0,1100100.0,8580600.0,1353300.0,1434500.0,3992400.0,5297000.0,799330.0,1639500.0,973680.0,1778500.0,1568200.0,1456500.0,7851700.0,2342100.0,1425100.0,12280000.0,2793800.0,1238000.0,1263500.0,3260300.0,951930.0,4669600.0,1133200.0,1854600.0,8075300.0,4435100.0,696550.0,1421900.0,10018000.0,5258300.0,5069200.0,15394000.0,3001700.0,1931800.0,2342400.0,2994600.0,3189800.0,1882600.0,1749500.0,2275100.0,1499400.0,7215800.0,652060.0,3656200.0,8296200.0,8910100.0,1863600.0,5378600.0,4029700.0,5011000.0,864140.0,1139900.0,5361500.0,1551600.0,6587500.0,3485200.0,7122400.0,1970700.0,1638700.0,1591200.0,1087700.0,1106100.0,2208100.0,945990.0,5091800.0,3371700.0,4404800.0,3356800.0,2894200.0,2745600.0,15584000.0,14989000.0,6042000.0,4601000.0,2807600.0,6148400.0,3762100.0,1781300.0,2740300.0,1353800.0,4824200.0,3044800.0,1.5483,1.8596,4.1665,2.243,2.4816,3.6642,1.2748,2.2413,4.2236,1.1909,1.9799,4.2096,2.4539,2.663,4.3257,0.7388,2.0666,4.2269,1.7082,2.5321,3.8727,3.0995,2.8421,5.8665,1.1737,2.026,4.1875,1.694,1.7106,4.2396,1.2996,2.2963,4.2962,0.67809,2.0234,4.2125,2.8926,2.8414,4.6741,5.5108,2.7331,1.339,1.2651,2.8031,3.6366,0.80365,2.163,2.9933,2.6094,2.2039,4.6026,1.4583,1.6739,3.8882,0.7763,2.7161,3.9232,1.868,1.8492,3.5517,1.2159,2.3773,3.2647,0.3868,2.2949,3.4563,1.8705,1.62,3.415,2.0689,2.6419,4.2056,1.93,1.6296,3.3719,1.6682,1.6241,3.9911,0.33151,2.2,3.1132,2.1263,2.4431,4.5546,1.501,1.7059,3.2921,0.94442,1.9676,2.7533,3.2783,2.8326,6.0485,1.9401,1.8304,3.5242,0.84598,2.7394,2.9182,1.6665,2.5966,4.0066,0.76773,1.8979,2.7328,1.0918,2.4124,3.1448,1.9344,1.9309,4.4881,1.8713,1.6473,3.9007,0.64593,2.1283,3.9655,1.4473,2.5645,3.9528,0.97358,2.1722,3.151,2.6643,2.392,4.416,2.0072,2.2096,4.729,1.5514,1.6225,3.9285,1.8888,2.044,4.4774,1.5093,2.2178,3.2238,0.8152,2.2624,2.9727,2.4406,2.5211,4.3697,2.0392,2.4752,4.8148,1.9407,2.6197,4.7837,2.6216,2.3927,4.4006,1.267,2.5346,3.8709,1.9059,2.3557,4.4218,2.711,2.9643,4.5024,0.70898,2.359,2.7129,1.3333,2.0071,4.6158,1.8543,2.9893,3.6742,0.22955,2.3679,3.3702,1.7081,1.6132,4.0811,0.86027,2.2393,3.0695,2.2872,2.3016,4.7212,0.45879,2.3849,3.1306,0.70183,2.2659,3.1205,0.015641,2.8993,1.7008,2.081,2.2417,4.6814,2.523,2.4654,4.3253,2.2671,2.3177,5.145,1.9088,2.6255,4.1016,1.1202,1.8088,4.0803,4.5042,2.785,0.73865,0.75761,2.1979,2.957,1.4969,2.1462,4.2946,1.1924,2.2886,3.5653,1.9884,2.6128,4.2535,1.6236,1.5816,4.1437,1.1699,2.5092,3.1374,0.72539,2.5382,3.7355,2.2636,1.8146,3.6735,1.3855,2.5391,3.4841,1.3584,2.6,3.5119,1.3883,1.6301,4.2573,1.9391,2.6213,4.4359,2.1089,2.5982,4.6508,3.2972,2.8472,6.1401,1.7955,1.5972,4.2019,1.9342,1.9222,3.3621,2.5377,2.9278,5.4008,1.1855,2.5783,3.0399,2.6806,2.376,4.9996,1.0334,2.7247,4.2606,1.4296,2.4976,3.5635,0.9893,1.9622,4.1801,1.7804,1.6387,4.0558,1.9839,1.938,3.3948,6.0617,2.8979,2.8736,2.9979,2.2147,4.671,1.5659,1.914,4.4205,1.1671,2.5413,3.3597,1.4389,2.4688,3.4026,1.7176,1.8693,3.6574,2.055,2.4605,4.1221,1.0903,2.3913,3.2585,2.5119,1.8338,5.3499,1.0006,2.5794,3.2691,1.3333,2.5616,3.3059,0.24062,3.0512,3.1969,0.66993,1.9527,2.744,1.6558,1.9402,4.6423,1.5403,1.7866,4.221,5.2105,2.7403,1.5878,0.90605,2.2419,2.9665,0.98012,2.7457,4.2552,2.3698,2.4097,3.7071,2.946,2.2949,4.9701,3.1182,2.5662,4.6316,2.1062,2.3835,4.6261,2.181,2.2355,4.1728,0.71541,2.2749,3.3368,0.66799,2.4204,3.052,0.58994,2.284,3.8986,2.4649,2.4422,4.5626,0.68647,2.461,2.8408,1.2837,1.5629,4.3701,1.5881,1.9106,3.5606,0.40683,2.6675,2.2264,3.4174,2.9053,0.27155,0.84174,2.2569,3.0608,1.6245,1.6646,4.1767,1.6826,1.9231,3.3085,0.81504,2.3411,2.9066,2.2581,2.2605,4.9448,1.3598,2.584,3.2521,1.3033,2.2276,3.6997,0.36321,2.0666,3.3478,1.7313,1.8859,3.4406,2.638,2.0064,4.1384,2.0306,2.154,4.9549,1.412,1.698,3.8614,0.7696,2.0721,2.8481,2.089,2.1057,5.0962,2.1527,2.3005,4.5865,1.5114,2.4816,4.0422,3.9822,2.7912,6.1788,1.7968,2.5146,3.9684,0.58417,2.0059,4.1713,1.1683,2.6112,4.2214,3.2665,2.7658,6.0934,1.7066,1.5678,3.2772,0.28768,2.3992,3.4407,4.8117,3.0014,0.64253,0.43204,2.8351,3.3666,1.1379,2.5532,3.1202,2.2583,2.1816,5.039,1.6926,2.0492,4.4681,1.654,1.62,3.4019,1.9316,2.956,3.4582,0.75238,2.3133,2.9306,0.78827,2.3526,3.0197,0.21605,2.672,3.3494,1.9953,2.4629,4.2875,0.68059,2.3913,2.8058,1.0268,2.3888,3.5783,1.2997,1.7537,4.3338,0.23258,2.357,3.5112,1.689,1.5976,3.2742,0.86786,2.2832,2.8768,2.9097,2.8509,6.0487,1.6485,2.502,3.9475,2.0311,2.2539,4.6082,2.1305,2.6361,5.0366,1.5694,1.953,3.8006,1.4435,1.7482,3.7675,2.3055,2.145,4.979,1.4868,2.5566,3.9174,0.45106,2.9877,2.0858,4.4272,2.8747,0.26057,1.3315,2.8535,4.1643,1.8427,1.9883,3.892,1.1307,2.6741,2.7199,0.034358,2.7652,2.814,1.0872,2.92,4.2009,0.47301,2.4139,2.6252,0.85961,2.0958,2.8294,0.5634,2.4891,3.434,1.8508,2.2472,4.3515,1.0467,2.8314,4.2155,0.72469,2.074,2.9215,2.1274,1.8332,3.6892,1.4332,1.8915,3.7323,2.2156,2.5613,4.6816,1.5664,1.5739,4.2009,1.2603,2.1337,3.2481,0.7667,2.1179,2.9865,0.73392,2.2405,2.6421,1.8005,2.3942,4.194,2.2087,2.5488,4.8935,0.59478,2.0785,2.9177,1.7329,1.8139,3.2917,0.90787,2.9719,2.6269,0.52056,2.5354,2.5838,3.2663,2.7176,6.2208,6.2799,2.8714,2.7327,4.0584,2.8658,6.0161,2.4182,2.2023,3.728,1.5114,3.056,4.5621,1.2314,2.4489,3.5109,5.974,3.1105,2.7079,2.374,2.1618,3.7263,1.3286,1.8451,3.7143,2.3697,2.3298,4.6543,2.5846,2.7458,4.2814,1.2526,2.7189,4.304,1.6419,1.9259,3.7971,1.2294,2.7353,3.8009,2.316,2.3232,4.9008,1.3476,2.5879,3.3652,2.1399,2.3213,4.0474,0.81752,1.9821,3.3901,2.4194,2.2889,3.8153,2.3321,2.3295,3.7218,2.3161,2.0163,5.1014,2.6022,2.2924,4.8327,2.4123,2.2415,3.7878,1.4568,1.6169,3.9338,2.302,2.5624,4.901,1.707,1.9429,3.8451,0.82338,2.1076,4.146,1.5656,1.8494,4.3574,2.2872,2.5208,4.9515,1.4442,2.4022,3.2525,5.818,2.801,2.0986,1.8628,1.7461,3.5309,1.9183,2.8764,4.1303,2.1353,2.0039,4.8442,1.1991,2.6355,4.3874,2.035,2.1621,4.9598,1.6616,1.7752,3.9223,1.6426,1.9932,3.3122,1.1722,2.7236,3.7432,1.0564,2.8521,3.8218,1.5958,2.5008,3.9294,1.1668,2.6585,3.6765,1.7489,1.7384,4.0787,0.70899,2.4432,2.8208,1.8232,2.1523,4.4251,0.10151,2.7757,3.0344,1.0266,1.9517,4.3514,0.9853,2.2716,3.0911,1.5753,2.4084,4.5569,1.0094,2.0776,2.8302,0.81063,2.0082,2.6778,1.7052,1.7539,3.9302,0.85263,2.4342,2.9435,1.2975,1.578,3.8411,2.7707,2.6144,4.6084,1.0372,2.2555,3.6374,1.1828,2.7128,3.6944,2.0125,2.0013,4.4759,0.99399,1.9603,4.2374,1.9189,1.6457,3.4333,1.7369,2.5045,3.9671,2.2783,2.5295,4.8678,2.0458,2.3507,3.5844,1.2012,3.0534,3.4617,1.3896,1.4455,4.2575,0.72201,2.9748,3.6567,1.6546,1.718,4.2447,0.81278,1.9989,2.7156,0.52655,2.2254,4.0671,2.5826,2.5994,4.5259,2.0237,2.0994,3.4539,1.371,2.8744,3.5301,1.0882,2.2373,3.6114,2.5418,2.0485,4.4838,1.5057,1.7369,4.4194,1.5907,2.5853,3.5644,2.075,2.2905,4.0615,2.7161,2.2909,4.9592,0.44963,2.494,2.9268
0.23652,0.37509,0.0082795,267.77,309.44,199.15,0.0015211,0.0018332,0.0010071,203.94,226.01,247.17,225.61,231.74,180.24,231.76,228.21,274.81,233.77,284.98,313.27,205.53,257.54,232.1,319.55,227.17,272.64,248.57,178.75,374.0,244.08,205.36,248.15,206.31,304.48,286.2,351.09,188.81,272.75,248.24,246.19,146.04,272.93,297.87,391.72,291.09,205.38,363.3,394.31,314.14,208.23,308.02,210.72,317.01,303.33,351.15,356.45,411.24,313.35,309.04,301.4,455.56,394.64,433.93,328.69,377.14,356.79,255.02,481.78,434.01,397.19,378.14,214.98,335.92,271.45,279.84,238.35,388.04,294.55,325.04,282.23,382.48,386.66,336.06,311.32,305.22,386.75,388.24,376.0,289.23,350.65,371.64,288.29,370.29,240.62,381.09,306.86,364.64,314.18,362.0,368.99,325.86,356.68,338.98,287.9,311.41,387.85,324.16,301.85,477.73,417.06,448.53,309.28,398.3,534.27,481.32,390.77,295.09,354.29,449.94,331.97,422.9,365.53,298.49,431.3,373.01,453.51,466.06,390.52,497.98,467.84,483.56,354.85,407.92,466.69,557.53,299.89,588.99,523.08,487.08,369.53,531.06,448.68,354.65,715.18,408.99,455.42,422.99,425.44,386.03,307.97,376.84,450.17,314.71,539.68,355.83,375.99,459.77,528.08,295.23,334.39,426.72,299.53,156.15,362.75,418.46,352.95,556.95,409.51,220.61,316.65,231.9,249.67,312.92,311.53,255.13,335.89,326.64,252.19,303.68,273.57,324.85,225.76,294.79,279.6,274.86,253.23,243.31,334.12,244.12,361.1,397.46,275.77,323.36,264.79,350.87,312.98,249.13,349.31,356.87,316.5,324.4,314.05,350.27,358.77,300.55,546.73,258.26,279.27,294.59,295.97,264.74,310.45,304.88,391.06,298.82,279.58,280.1,358.83,299.7,210.21,240.2,285.11,380.49,289.4,251.57,296.31,264.83,298.66,294.96,270.42,282.64,294.92,296.9,235.16,315.45,235.49,323.15,239.93,248.97,208.05,292.69,297.7,185.95,296.27,240.32,191.27,277.69,204.78,242.22,291.96,204.92,258.88,275.45,207.12,276.59,266.14,245.65,195.43,259.69,222.9,262.49,253.7,172.39,297.62,300.73,219.26,175.28,213.83,288.08,259.79,259.67,240.61,156.9,162.55,206.32,255.71,260.06,229.03,236.89,217.04,197.26,177.53,185.17,233.64,208.61,263.11,221.8,0.00073115,0.0010172,0.0010959,0.0011806,0.0011111,0.00085453,0.0012029,0.00096664,0.0014247,0.0011036,0.0015087,0.00173,0.0010159,0.0013905,0.0011268,0.0018622,0.0013212,0.0015385,0.001585,0.0011098,0.0021605,0.0016095,0.001287,0.0017276,0.0014042,0.0019879,0.0016608,0.0020083,0.0014179,0.001814,0.0015318,0.0015316,0.0010393,0.0015104,0.0018019,0.0023478,0.0018017,0.0012131,0.0021797,0.0022809,0.0017951,0.0011698,0.0019321,0.0016011,0.0019241,0.0018702,0.0021873,0.0020158,0.0024444,0.0018838,0.0015078,0.0018911,0.0026841,0.00216,0.002545,0.0020714,0.0022274,0.0015903,0.0016802,0.0028784,0.0025221,0.0023688,0.0022702,0.0013883,0.0022695,0.0017901,0.001646,0.0017732,0.0024095,0.0018473,0.0020747,0.001921,0.0022512,0.0023044,0.0014996,0.002019,0.0019522,0.0024162,0.0024467,0.0023829,0.0015578,0.0023797,0.0024217,0.0018093,0.0016124,0.0017942,0.0016739,0.001997,0.0021927,0.002062,0.0022487,0.0021136,0.0016633,0.0022654,0.0017477,0.0019555,0.0019263,0.0024553,0.001728,0.001951,0.00243,0.00252,0.0026635,0.0018523,0.0024237,0.0026104,0.0028154,0.0024507,0.0020102,0.0021705,0.0027032,0.0022117,0.0019996,0.0021888,0.0020031,0.0025934,0.0022308,0.0025619,0.0025449,0.0019402,0.0022402,0.0027122,0.0023038,0.0023317,0.0022363,0.0022104,0.0030841,0.0020747,0.0028067,0.0029647,0.0029509,0.00219,0.0028447,0.0018398,0.0022798,0.0035193,0.0023737,0.002374,0.0025234,0.002286,0.0023315,0.0019591,0.0021655,0.0026751,0.0021748,0.002609,0.0021915,0.0017094,0.0022492,0.0027236,0.0019371,0.0021612,0.00236,0.0019401,0.0012496,0.0020857,0.0024441,0.002168,0.0025762,0.002037,0.0014237,0.00197,0.0016204,0.0017248,0.0017846,0.0018955,0.0018211,0.0020769,0.0020226,0.0017832,0.0020167,0.0016287,0.0020239,0.0016031,0.0019137,0.0017592,0.0018684,0.0016139,0.0015359,0.0019609,0.0015757,0.0021254,0.002304,0.0016592,0.0020282,0.001854,0.0022154,0.0019292,0.0017208,0.0020394,0.0017676,0.0020448,0.0020473,0.0019604,0.0023257,0.002155,0.0019407,0.0019425,0.0017463,0.0017122,0.0018512,0.0019201,0.0017489,0.0019597,0.001819,0.0024746,0.0017092,0.0018968,0.0017507,0.0019577,0.0018441,0.0014688,0.0016303,0.001725,0.0022844,0.0018504,0.0016891,0.0016943,0.0016385,0.0018666,0.001896,0.0016914,0.0017416,0.0018258,0.0018343,0.0015776,0.0019418,0.0015705,0.0019131,0.0015827,0.0014318,0.001362,0.0016265,0.0019117,0.0012831,0.0017685,0.0014034,0.0015184,0.0017267,0.0013462,0.0015571,0.0017737,0.0014711,0.0015262,0.0016151,0.0012241,0.0016643,0.0015269,0.0015517,0.0012814,0.0016378,0.0013821,0.0016189,0.0014601,0.00098535,0.0016085,0.0017284,0.0012192,0.0012051,0.0011707,0.0015703,0.0015727,0.0015336,0.0010897,0.00097554,0.0009769,0.0010085,0.0015304,0.0015094,0.0010599,0.0013107,0.0010463,0.0010455,0.00088838,0.0008391,0.0011311,0.0011186,0.0014187,0.0012271,1074300.0,1105700.0,792270.0,4276700.0,2284500.0,1150800.0,5856800.0,1513400.0,1879800.0,3242500.0,2966100.0,734830.0,5652900.0,1298400.0,4052200.0,2459600.0,5070500.0,4091400.0,1340500.0,3371900.0,2502600.0,3347400.0,11704000.0,958350.0,6311800.0,749460.0,9101500.0,1591900.0,1841400.0,815570.0,3232100.0,1680500.0,5814300.0,23940000.0,2520900.0,2724900.0,4347000.0,1235900.0,1513400.0,1646200.0,2062700.0,1057700.0,2058300.0,1019200.0,7475600.0,2433400.0,1825600.0,1494000.0,2274900.0,15971000.0,952090.0,7278300.0,3995200.0,706940.0,3910700.0,1079100.0,2657700.0,17679000.0,32102000.0,2373200.0,1720700.0,1532600.0,2840700.0,1036400.0,1926200.0,3409900.0,803840.0,2871900.0,1940600.0,3915400.0,2755300.0,1446400.0,1119200.0,15048000.0,5077600.0,1340600.0,3613400.0,1673300.0,965090.0,2573300.0,3702600.0,1313000.0,893150.0,2116300.0,873820.0,1861100.0,2850800.0,4950200.0,4191200.0,2338500.0,5694300.0,1300700.0,9352900.0,4677300.0,1017700.0,1694700.0,903640.0,1769700.0,3509900.0,9918500.0,1730700.0,16523000.0,1417300.0,9919600.0,1633600.0,3256300.0,1272900.0,1628100.0,12535000.0,5115100.0,2157200.0,3869300.0,2389200.0,1225800.0,656170.0,3373000.0,11659000.0,2413800.0,1291100.0,778800.0,1922000.0,735100.0,1193700.0,2218700.0,8786700.0,4156700.0,2627900.0,3087700.0,2361300.0,1498700.0,773560.0,10411000.0,2404500.0,3548600.0,2073400.0,1371700.0,1031900.0,2014200.0,1052000.0,2853800.0,3921600.0,1159600.0,1477000.0,2103000.0,1521000.0,2210500.0,2422200.0,877170.0,6912100.0,1513500.0,9390500.0,6180200.0,809830.0,10291000.0,814480.0,1274500.0,19279000.0,683650.0,12167000.0,721740.0,5575100.0,3693400.0,3817200.0,2647300.0,5252900.0,4116200.0,4227600.0,964530.0,4135000.0,1638700.0,6369200.0,1506700.0,7610900.0,1080700.0,744550.0,4005200.0,2996600.0,1988300.0,8411500.0,2288700.0,948280.0,1205600.0,3671000.0,3568300.0,1940100.0,1475700.0,747540.0,6807100.0,5275200.0,2336700.0,637470.0,17726000.0,3323000.0,5257900.0,1142200.0,18258000.0,5431600.0,1100100.0,8580600.0,1353300.0,1434500.0,3992400.0,5297000.0,799330.0,1639500.0,973680.0,1778500.0,1568200.0,1456500.0,7851700.0,2342100.0,1425100.0,12280000.0,2793800.0,1238000.0,1263500.0,3260300.0,951930.0,4669600.0,1133200.0,1854600.0,8075300.0,4435100.0,696550.0,1421900.0,10018000.0,5258300.0,5069200.0,15394000.0,3001700.0,1931800.0,2342400.0,2994600.0,3189800.0,1882600.0,1749500.0,2275100.0,1499400.0,7215800.0,652060.0,3656200.0,8296200.0,8910100.0,1863600.0,5378600.0,4029700.0,5011000.0,864140.0,1139900.0,5361500.0,1551600.0,6587500.0,3485200.0,7122400.0,1970700.0,1638700.0,1591200.0,1087700.0,1106100.0,2208100.0,945990.0,5091800.0,3371700.0,4404800.0,3356800.0,2894200.0,2745600.0,15584000.0,14989000.0,6042000.0,4601000.0,2807600.0,6148400.0,3762100.0,1781300.0,2740300.0,1353800.0,4824200.0,3044800.0,1.5483,1.8597,4.1665,2.243,2.4816,3.6642,1.2747,2.2413,4.2236,1.1908,1.9798,4.2095,2.4537,2.663,4.3257,0.73852,2.0667,4.2269,1.7085,2.5321,3.8726,3.0996,2.8421,5.8665,1.1735,2.026,4.1875,1.6938,1.7105,4.2395,1.2997,2.2965,4.2964,0.67755,2.0233,4.2125,2.8924,2.8414,4.6743,5.5102,2.733,1.3386,1.2652,2.803,3.6366,0.80326,2.1631,2.9932,2.6097,2.2042,4.6029,1.4582,1.6739,3.8881,0.77687,2.7164,3.9236,1.8677,1.8493,3.5519,1.216,2.3773,3.2649,0.38693,2.295,3.456,1.8706,1.6199,3.415,2.0691,2.6416,4.2055,1.9303,1.6295,3.3719,1.6684,1.624,3.9912,0.33143,2.2001,3.1131,2.1264,2.4432,4.5549,1.501,1.7059,3.2923,0.94476,1.9678,2.7533,3.2785,2.8326,6.0488,1.9401,1.8305,3.5243,0.84569,2.7395,2.9183,1.6661,2.5966,4.0066,0.76791,1.8979,2.7327,1.0916,2.4123,3.1448,1.9343,1.931,4.488,1.8718,1.6472,3.9007,0.64609,2.1281,3.966,1.4478,2.5646,3.9533,0.97339,2.1724,3.1508,2.6647,2.3922,4.4163,2.0071,2.2096,4.729,1.5514,1.6223,3.9284,1.8888,2.0443,4.4774,1.5094,2.2179,3.2237,0.81509,2.2625,2.9724,2.4405,2.5215,4.3696,2.0394,2.4749,4.8147,1.9407,2.6197,4.7835,2.6219,2.3931,4.4009,1.2669,2.5347,3.8709,1.9064,2.3559,4.4221,2.713,2.9641,4.5039,0.70935,2.3589,2.7133,1.3328,2.0069,4.6159,1.8545,2.9892,3.674,0.22929,2.3679,3.3702,1.7082,1.6131,4.0811,0.86067,2.2395,3.0696,2.2875,2.3016,4.7213,0.45822,2.3847,3.1307,0.70141,2.266,3.1203,0.015665,2.8993,1.7004,2.0816,2.242,4.6818,2.5231,2.4658,4.3255,2.2669,2.3178,5.145,1.9087,2.6253,4.1013,1.1203,1.8087,4.0807,4.5041,2.7847,0.73911,0.75756,2.198,2.9568,1.4973,2.1463,4.2947,1.1927,2.2891,3.5654,1.9882,2.6127,4.2533,1.6235,1.5817,4.1437,1.1698,2.509,3.1375,0.72529,2.5385,3.7355,2.2639,1.8145,3.6734,1.3854,2.539,3.4841,1.3583,2.6,3.5118,1.3883,1.6301,4.2572,1.9392,2.621,4.436,2.1094,2.5978,4.651,3.2968,2.8473,6.14,1.7961,1.597,4.2019,1.9347,1.9221,3.3619,2.5382,2.9275,5.4011,1.1854,2.5782,3.0398,2.6805,2.3758,4.9995,1.0338,2.7251,4.261,1.4295,2.4976,3.5636,0.98954,1.9625,4.1805,1.7803,1.6388,4.0558,1.984,1.9381,3.3948,6.0623,2.8979,2.8739,2.9982,2.2145,4.671,1.5663,1.914,4.4208,1.1674,2.5412,3.3597,1.439,2.4688,3.4027,1.7177,1.8692,3.6574,2.055,2.4605,4.1224,1.0903,2.3914,3.2587,2.5119,1.8333,5.3502,1.0006,2.5791,3.269,1.3329,2.5616,3.3057,0.24044,3.0512,3.1968,0.66996,1.953,2.7439,1.6558,1.9401,4.6426,1.5405,1.7864,4.2212,5.2105,2.74,1.5879,0.90616,2.2421,2.9668,0.98037,2.746,4.2556,2.3696,2.4097,3.707,2.9461,2.295,4.9701,3.1185,2.566,4.6318,2.1064,2.3835,4.6264,2.1809,2.2357,4.1729,0.71548,2.275,3.3369,0.66812,2.4205,3.052,0.59004,2.2843,3.8987,2.465,2.4423,4.5622,0.68614,2.4611,2.8403,1.2835,1.5628,4.3702,1.5881,1.9104,3.561,0.40717,2.6676,2.2268,3.4174,2.9052,0.2716,0.84161,2.2569,3.0606,1.6244,1.6646,4.1769,1.6827,1.9233,3.3088,0.81528,2.341,2.9067,2.2584,2.2603,4.9449,1.36,2.584,3.2523,1.3034,2.2277,3.7,0.3634,2.0664,3.3483,1.7315,1.8858,3.4406,2.638,2.0061,4.1386,2.0304,2.154,4.9548,1.4122,1.6981,3.8616,0.76957,2.0725,2.8484,2.0891,2.1056,5.0964,2.1527,2.3006,4.5866,1.5116,2.4819,4.0425,3.9818,2.7904,6.1784,1.7966,2.5147,3.9682,0.58382,2.006,4.1714,1.168,2.6112,4.2212,3.2663,2.7656,6.0936,1.7067,1.5679,3.2772,0.2878,2.3993,3.4409,4.8114,3.0014,0.64214,0.43202,2.8352,3.3669,1.1377,2.5533,3.1205,2.2583,2.1815,5.0391,1.6929,2.0492,4.4683,1.654,1.62,3.402,1.9323,2.9561,3.4587,0.75247,2.3131,2.9307,0.78824,2.3523,3.0197,0.21595,2.6721,3.3494,1.9955,2.4629,4.2875,0.68079,2.3911,2.8058,1.0271,2.3891,3.5782,1.2999,1.7536,4.3339,0.23273,2.357,3.5115,1.6889,1.5977,3.2742,0.86818,2.2829,2.8769,2.9096,2.8509,6.0489,1.648,2.5019,3.9473,2.0311,2.254,4.6082,2.13,2.636,5.0362,1.5692,1.9529,3.8005,1.4438,1.7479,3.7676,2.3056,2.145,4.9789,1.4868,2.5564,3.9171,0.45091,2.9875,2.0855,4.427,2.8745,0.26059,1.3314,2.8536,4.1641,1.8424,1.9884,3.892,1.1303,2.6742,2.7196,0.03389,2.765,2.814,1.0875,2.9201,4.2011,0.47307,2.4136,2.6253,0.8596,2.096,2.8293,0.56367,2.489,3.4342,1.8514,2.2474,4.3516,1.0463,2.8315,4.2154,0.72498,2.0742,2.9212,2.1275,1.8331,3.689,1.4333,1.8916,3.7325,2.2151,2.5609,4.6809,1.5667,1.5739,4.2009,1.2603,2.1336,3.2482,0.76703,2.1181,2.9863,0.73385,2.2402,2.6421,1.8006,2.3943,4.1941,2.2085,2.5485,4.8934,0.59481,2.0786,2.9175,1.7328,1.8141,3.2917,0.90823,2.9718,2.627,0.5204,2.5355,2.5837,3.2665,2.7176,6.2211,6.2804,2.8714,2.7334,4.0578,2.8655,6.0152,2.4183,2.2017,3.728,1.5117,3.0559,4.5629,1.2313,2.4488,3.5111,5.9714,3.1105,2.7059,2.374,2.1616,3.7261,1.3288,1.8451,3.7144,2.3695,2.3298,4.6545,2.5843,2.7461,4.2817,1.2525,2.719,4.3038,1.6416,1.9258,3.7969,1.2297,2.7351,3.8013,2.3158,2.3231,4.9006,1.347,2.5877,3.3652,2.1397,2.3216,4.0472,0.81752,1.9821,3.39,2.4193,2.2886,3.8153,2.332,2.3294,3.7217,2.3163,2.0164,5.1017,2.602,2.2924,4.8327,2.4124,2.2415,3.7877,1.4569,1.617,3.9339,2.3017,2.5621,4.9008,1.7066,1.9429,3.845,0.82344,2.1075,4.1462,1.5655,1.8494,4.3576,2.287,2.5205,4.9515,1.4441,2.4023,3.2525,5.8177,2.8008,2.0984,1.8628,1.746,3.5309,1.918,2.876,4.1298,2.1355,2.0041,4.8443,1.1993,2.6356,4.3876,2.0353,2.1622,4.96,1.6617,1.7752,3.9222,1.6428,1.9931,3.312,1.1725,2.7235,3.7434,1.0566,2.8521,3.8217,1.5961,2.5009,3.9295,1.1668,2.6583,3.6764,1.7487,1.7382,4.0787,0.70869,2.4431,2.8209,1.8232,2.1525,4.4252,0.10148,2.7756,3.0347,1.0264,1.9517,4.3516,0.98533,2.2715,3.0912,1.5751,2.4085,4.5568,1.0095,2.0775,2.8302,0.81077,2.0082,2.6777,1.7054,1.7538,3.9301,0.85241,2.4341,2.9439,1.2973,1.578,3.8411,2.7707,2.6144,4.6083,1.0371,2.2558,3.6374,1.1829,2.7126,3.6945,2.0126,2.0013,4.4759,0.99381,1.9603,4.2374,1.919,1.6457,3.4332,1.7371,2.5046,3.967,2.2786,2.5294,4.8677,2.0457,2.3506,3.5842,1.2011,3.0534,3.4617,1.3895,1.4455,4.2575,0.72214,2.9747,3.6566,1.6546,1.7179,4.2447,0.81291,1.9989,2.7156,0.5263,2.2254,4.0673,2.5824,2.5994,4.5259,2.0237,2.0993,3.454,1.3709,2.8743,3.5301,1.0882,2.2374,3.6113,2.5419,2.0486,4.4839,1.5058,1.7369,4.4194,1.5906,2.5852,3.5644,2.075,2.2906,4.0614,2.7161,2.2907,4.9592,0.44966,2.4939,2.9267
0.23695,0.37577,0.0082914,267.97,309.75,199.17,0.0015223,0.001835,0.0010072,203.98,226.06,247.28,225.69,231.86,180.32,231.75,228.28,274.93,233.83,285.12,313.54,205.58,257.72,232.18,319.82,227.26,272.78,248.77,178.8,374.3,244.17,205.46,248.23,206.37,304.67,286.38,351.34,188.92,272.86,248.37,246.37,146.12,273.19,298.09,391.98,291.25,205.7,363.67,394.62,314.38,208.39,308.42,210.79,317.23,303.56,351.35,356.74,411.59,313.56,309.32,301.64,456.1,394.89,434.43,329.07,377.51,357.58,255.44,482.21,434.49,397.45,378.53,215.17,336.12,271.68,280.21,238.63,388.5,295.02,325.54,282.51,382.78,387.18,336.91,311.62,305.32,387.09,388.57,376.38,289.83,351.14,372.04,288.34,371.14,240.88,381.79,307.2,364.98,314.42,362.44,369.57,326.3,357.04,339.5,288.17,311.84,388.29,324.93,302.25,478.52,417.44,449.26,309.75,398.82,535.02,481.75,391.35,295.5,354.6,450.39,332.32,424.12,366.18,298.76,431.8,373.61,454.43,466.8,390.95,499.2,468.38,484.75,355.32,408.53,467.51,558.4,300.28,590.03,523.7,487.82,370.1,531.79,450.01,355.16,716.14,409.55,456.2,423.5,426.08,386.48,308.39,377.26,450.72,315.05,540.48,356.03,376.58,460.65,528.8,295.55,334.79,427.2,299.93,156.22,363.3,418.92,353.17,557.8,409.76,220.72,316.96,232.08,249.92,313.39,311.76,255.36,336.09,326.97,252.32,303.9,273.8,325.15,226.01,294.97,279.76,275.05,253.43,243.48,334.26,244.33,361.44,397.74,275.97,323.74,264.97,351.15,313.25,249.3,349.63,357.18,316.78,324.63,314.29,350.69,359.06,300.81,547.37,258.52,279.45,294.84,296.22,264.87,310.68,305.16,391.57,299.16,279.81,280.25,359.19,299.95,210.31,240.34,285.27,380.81,289.7,251.79,296.42,265.0,298.84,295.12,270.65,282.79,295.02,297.01,235.3,315.72,235.59,323.4,240.1,249.1,208.19,292.89,297.88,186.03,296.4,240.48,191.36,277.82,204.91,242.35,292.12,205.03,258.96,275.56,207.17,276.75,266.28,245.79,195.52,259.83,223.01,262.62,253.83,172.47,297.7,300.85,219.36,175.32,213.92,288.21,259.95,259.75,240.66,156.94,162.6,206.38,255.83,260.14,229.06,236.97,217.09,197.33,177.61,185.22,233.71,208.64,263.23,221.86,0.00073127,0.0010174,0.0010962,0.001181,0.0011115,0.00085498,0.0012028,0.00096699,0.0014254,0.0011039,0.0015096,0.0017316,0.001016,0.0013916,0.0011272,0.0018636,0.0013217,0.0015394,0.0015864,0.0011102,0.0021621,0.0016101,0.0012876,0.0017282,0.0014046,0.0019891,0.001662,0.0020098,0.0014188,0.0018148,0.0015326,0.0015329,0.0010397,0.0015118,0.0018031,0.0023492,0.0018027,0.001215,0.0021818,0.0022827,0.0017966,0.0011706,0.0019343,0.0016018,0.0019255,0.0018717,0.0021888,0.0020179,0.0024467,0.0018852,0.0015092,0.0018927,0.0026872,0.0021621,0.002548,0.0020735,0.0022302,0.0015943,0.0016824,0.0028813,0.0025245,0.0023709,0.0022725,0.0013895,0.0022709,0.0017916,0.0016482,0.0017751,0.0024125,0.0018501,0.0020777,0.0019225,0.0022533,0.0023072,0.0015033,0.0020206,0.0019532,0.0024184,0.0024491,0.0023854,0.0015606,0.0023823,0.0024243,0.0018102,0.0016165,0.0017955,0.001677,0.0019988,0.0021948,0.0020638,0.0022511,0.0021169,0.0016656,0.0022676,0.0017504,0.0019572,0.0019283,0.0024579,0.0017318,0.0019533,0.0024339,0.0025222,0.0026673,0.0018551,0.0024263,0.0026148,0.002818,0.0024541,0.0020128,0.0021726,0.0027058,0.0022138,0.0020053,0.0021923,0.0020054,0.0025962,0.002234,0.0025671,0.002549,0.0019431,0.0022443,0.0027155,0.0023103,0.0023345,0.0022395,0.002215,0.003089,0.0020774,0.0028117,0.0029683,0.002955,0.0021931,0.0028488,0.0018458,0.002283,0.0035243,0.0023767,0.002379,0.0025265,0.0022898,0.0023342,0.0019615,0.0021684,0.0026782,0.0021771,0.0026132,0.0021932,0.0017126,0.002254,0.0027274,0.0019393,0.0021634,0.0023631,0.0019425,0.0012504,0.0020889,0.0024467,0.0021693,0.0025809,0.0020381,0.0014244,0.0019718,0.0016216,0.0017263,0.0017873,0.0018971,0.0018227,0.0020782,0.0020244,0.0017842,0.0020182,0.0016301,0.0020255,0.0016044,0.0019151,0.0017602,0.0018695,0.001615,0.0015369,0.0019621,0.0015769,0.0021273,0.0023055,0.0016602,0.00203,0.0018553,0.0022175,0.0019309,0.0017219,0.0020413,0.0017696,0.0020465,0.0020489,0.0019617,0.0023279,0.0021567,0.0019423,0.0019457,0.0017479,0.0017131,0.0018527,0.0019217,0.0017498,0.001961,0.0018207,0.002477,0.0017109,0.0018982,0.0017518,0.0019597,0.0018457,0.0014696,0.0016312,0.001726,0.0022864,0.0018523,0.0016904,0.0016951,0.0016394,0.0018675,0.0018971,0.0016927,0.0017425,0.0018269,0.001835,0.0015786,0.0019434,0.0015712,0.0019145,0.0015837,0.0014326,0.0013627,0.0016277,0.0019129,0.0012835,0.0017693,0.0014042,0.001519,0.0017275,0.001347,0.0015579,0.0017747,0.001472,0.0015266,0.0016157,0.0012246,0.0016653,0.0015276,0.0015526,0.0012819,0.0016387,0.0013828,0.0016196,0.0014609,0.00098576,0.0016091,0.0017292,0.0012197,0.0012053,0.0011712,0.001571,0.0015735,0.001534,0.00109,0.00097584,0.00097719,0.0010088,0.0015311,0.0015098,0.00106,0.0013111,0.0010465,0.0010459,0.00088873,0.00083935,0.0011315,0.0011189,0.0014193,0.0012275,1074300.0,1105700.0,792270.0,4276700.0,2284500.0,1150800.0,5856800.0,1513400.0,1879800.0,3242500.0,2966100.0,734830.0,5652900.0,1298400.0,4052200.0,2459600.0,5070500.0,4091400.0,1340500.0,3371900.0,2502600.0,3347400.0,11704000.0,958350.0,6311800.0,749460.0,9101500.0,1591900.0,1841400.0,815570.0,3232100.0,1680500.0,5814300.0,23940000.0,2520900.0,2724900.0,4347000.0,1235900.0,1513400.0,1646200.0,2062700.0,1057700.0,2058300.0,1019200.0,7475600.0,2433400.0,1825600.0,1494000.0,2274900.0,15971000.0,952090.0,7278300.0,3995200.0,706940.0,3910700.0,1079100.0,2657700.0,17679000.0,32102000.0,2373200.0,1720700.0,1532600.0,2840700.0,1036400.0,1926200.0,3409900.0,803840.0,2871900.0,1940600.0,3915400.0,2755300.0,1446400.0,1119200.0,15048000.0,5077600.0,1340600.0,3613400.0,1673300.0,965090.0,2573300.0,3702600.0,1313000.0,893150.0,2116300.0,873820.0,1861100.0,2850800.0,4950200.0,4191200.0,2338500.0,5694300.0,1300700.0,9352900.0,4677300.0,1017700.0,1694700.0,903640.0,1769700.0,3509900.0,9918500.0,1730700.0,16523000.0,1417300.0,9919600.0,1633600.0,3256300.0,1272900.0,1628100.0,12535000.0,5115100.0,2157200.0,3869300.0,2389200.0,1225800.0,656170.0,3373000.0,11659000.0,2413800.0,1291100.0,778800.0,1922000.0,735100.0,1193700.0,2218700.0,8786700.0,4156700.0,2627900.0,3087700.0,2361300.0,1498700.0,773560.0,10411000.0,2404500.0,3548600.0,2073400.0,1371700.0,1031900.0,2014200.0,1052000.0,2853800.0,3921600.0,1159600.0,1477000.0,2103000.0,1521000.0,2210500.0,2422200.0,877170.0,6912100.0,1513500.0,9390500.0,6180200.0,809830.0,10291000.0,814480.0,1274500.0,19279000.0,683650.0,12167000.0,721740.0,5575100.0,3693400.0,3817200.0,2647300.0,5252900.0,4116200.0,4227600.0,964530.0,4135000.0,1638700.0,6369200.0,1506700.0,7610900.0,1080700.0,744550.0,4005200.0,2996600.0,1988300.0,8411500.0,2288700.0,948280.0,1205600.0,3671000.0,3568300.0,1940100.0,1475700.0,747540.0,6807100.0,5275200.0,2336700.0,637470.0,17726000.0,3323000.0,5257900.0,1142200.0,18258000.0,5431600.0,1100100.0,8580600.0,1353300.0,1434500.0,3992400.0,5297000.0,799330.0,1639500.0,973680.0,1778500.0,1568200.0,1456500.0,7851700.0,2342100.0,1425100.0,12280000.0,2793800.0,1238000.0,1263500.0,3260300.0,951930.0,4669600.0,1133200.0,1854600.0,8075300.0,4435100.0,696550.0,1421900.0,10018000.0,5258300.0,5069200.0,15394000.0,3001700.0,1931800.0,2342400.0,2994600.0,3189800.0,1882600.0,1749500.0,2275100.0,1499400.0,7215800.0,652060.0,3656200.0,8296200.0,8910100.0,1863600.0,5378600.0,4029700.0,5011000.0,864140.0,1139900.0,5361500.0,1551600.0,6587500.0,3485200.0,7122400.0,1970700.0,1638700.0,1591200.0,1087700.0,1106100.0,2208100.0,945990.0,5091800.0,3371700.0,4404800.0,3356800.0,2894200.0,2745600.0,15584000.0,14989000.0,6042000.0,4601000.0,2807600.0,6148400.0,3762100.0,1781300.0,2740300.0,1353800.0,4824200.0,3044800.0,1.5484,1.8597,4.1665,2.243,2.4817,3.6642,1.2747,2.2414,4.2236,1.1907,1.9798,4.2095,2.4535,2.663,4.3258,0.73832,2.0667,4.227,1.7087,2.5322,3.8726,3.0997,2.8421,5.8665,1.1734,2.026,4.1874,1.6936,1.7105,4.2395,1.2998,2.2966,4.2965,0.67714,2.0232,4.2126,2.8922,2.8414,4.6745,5.5098,2.7328,1.3384,1.2653,2.8029,3.6367,0.80298,2.1631,2.9932,2.6099,2.2044,4.6032,1.4582,1.6739,3.8881,0.7773,2.7167,3.9239,1.8675,1.8494,3.5521,1.216,2.3772,3.2651,0.38703,2.295,3.4558,1.8708,1.6199,3.4151,2.0692,2.6414,4.2054,1.9305,1.6295,3.3719,1.6685,1.6239,3.9913,0.33137,2.2002,3.113,2.1265,2.4432,4.5551,1.501,1.7059,3.2925,0.94501,1.9679,2.7534,3.2787,2.8326,6.0491,1.9402,1.8305,3.5244,0.84548,2.7396,2.9184,1.6659,2.5966,4.0067,0.76804,1.8978,2.7326,1.0914,2.4123,3.1449,1.9342,1.931,4.488,1.8723,1.6472,3.9008,0.64621,2.1279,3.9665,1.4482,2.5646,3.9537,0.97325,2.1726,3.1506,2.665,2.3924,4.4166,2.0071,2.2096,4.729,1.5514,1.6221,3.9284,1.8887,2.0445,4.4774,1.5095,2.218,3.2237,0.815,2.2626,2.9721,2.4404,2.5218,4.3696,2.0396,2.4746,4.8146,1.9408,2.6197,4.7834,2.6221,2.3933,4.4012,1.2669,2.5348,3.8709,1.9068,2.3562,4.4223,2.7145,2.9639,4.505,0.70963,2.3588,2.7136,1.3324,2.0068,4.616,1.8547,2.9892,3.6739,0.2291,2.3678,3.3702,1.7082,1.6131,4.0811,0.86097,2.2397,3.0697,2.2877,2.3016,4.7214,0.45779,2.3845,3.1308,0.70109,2.2661,3.1202,0.015689,2.8993,1.7,2.0821,2.2422,4.682,2.5231,2.4661,4.3256,2.2667,2.3178,5.1451,1.9086,2.6252,4.1011,1.1203,1.8086,4.0809,4.5041,2.7845,0.73946,0.75753,2.198,2.9567,1.4975,2.1464,4.2947,1.193,2.2894,3.5655,1.9881,2.6126,4.2532,1.6235,1.5818,4.1437,1.1698,2.5089,3.1375,0.72521,2.5387,3.7356,2.2642,1.8145,3.6733,1.3854,2.539,3.4842,1.3582,2.6001,3.5117,1.3883,1.6301,4.257,1.9394,2.6208,4.436,2.1097,2.5975,4.6512,3.2966,2.8475,6.14,1.7964,1.5969,4.202,1.935,1.9221,3.3617,2.5386,2.9273,5.4013,1.1854,2.5782,3.0397,2.6805,2.3757,4.9995,1.0341,2.7254,4.2614,1.4295,2.4975,3.5637,0.98972,1.9627,4.1808,1.7803,1.6388,4.0557,1.9841,1.9382,3.3948,6.0628,2.8979,2.8742,2.9984,2.2144,4.6709,1.5666,1.9139,4.421,1.1676,2.5411,3.3597,1.439,2.4687,3.4027,1.7178,1.8691,3.6574,2.055,2.4605,4.1226,1.0904,2.3915,3.2588,2.5119,1.833,5.3505,1.0007,2.5789,3.2689,1.3325,2.5616,3.3055,0.24031,3.0512,3.1967,0.66998,1.9533,2.7437,1.6557,1.9401,4.6429,1.5407,1.7863,4.2212,5.2106,2.7397,1.588,0.90624,2.2422,2.967,0.98055,2.7462,4.2558,2.3694,2.4096,3.707,2.9461,2.295,4.9701,3.1187,2.5659,4.6319,2.1066,2.3834,4.6266,2.1809,2.2359,4.1729,0.71554,2.2751,3.337,0.66823,2.4205,3.0519,0.59013,2.2846,3.8988,2.465,2.4424,4.5619,0.68589,2.4611,2.84,1.2833,1.5628,4.3703,1.5881,1.9103,3.5612,0.40742,2.6677,2.2271,3.4174,2.9051,0.27164,0.84151,2.2569,3.0605,1.6244,1.6645,4.177,1.6827,1.9235,3.3091,0.81546,2.3409,2.9068,2.2586,2.2601,4.945,1.3601,2.5841,3.2525,1.3036,2.2278,3.7003,0.36355,2.0663,3.3487,1.7316,1.8858,3.4406,2.638,2.0059,4.1387,2.0303,2.1541,4.9547,1.4123,1.6981,3.8617,0.76956,2.0728,2.8486,2.0891,2.1055,5.0965,2.1526,2.3006,4.5867,1.5117,2.4821,4.0427,3.9815,2.7897,6.1781,1.7965,2.5148,3.968,0.58356,2.0062,4.1715,1.1677,2.6111,4.221,3.2662,2.7655,6.0938,1.7068,1.5679,3.2772,0.28788,2.3994,3.441,4.8112,3.0013,0.64186,0.43201,2.8353,3.3672,1.1376,2.5533,3.1207,2.2583,2.1814,5.0393,1.6931,2.0492,4.4685,1.6539,1.62,3.402,1.9328,2.9561,3.4591,0.75253,2.313,2.9308,0.78821,2.3521,3.0198,0.21587,2.6721,3.3494,1.9956,2.463,4.2875,0.68093,2.3909,2.8059,1.0273,2.3894,3.5782,1.3001,1.7535,4.334,0.23284,2.357,3.5118,1.6889,1.5977,3.2742,0.86842,2.2827,2.877,2.9095,2.8509,6.049,1.6477,2.5018,3.9471,2.0312,2.2541,4.6082,2.1297,2.6359,5.036,1.5691,1.9529,3.8005,1.444,1.7477,3.7677,2.3056,2.1451,4.9789,1.4867,2.5563,3.9169,0.45081,2.9874,2.0852,4.4269,2.8743,0.2606,1.3313,2.8537,4.1639,1.8422,1.9885,3.8921,1.13,2.6742,2.7193,0.033545,2.7649,2.8139,1.0877,2.9201,4.2012,0.47312,2.4134,2.6255,0.8596,2.0961,2.8293,0.56388,2.489,3.4344,1.8518,2.2476,4.3517,1.0461,2.8316,4.2153,0.72519,2.0744,2.921,2.1277,1.8331,3.6888,1.4335,1.8916,3.7327,2.2148,2.5606,4.6804,1.567,1.5739,4.2009,1.2602,2.1336,3.2483,0.76728,2.1183,2.9862,0.7338,2.24,2.6421,1.8007,2.3943,4.1942,2.2084,2.5483,4.8933,0.59484,2.0786,2.9173,1.7328,1.8142,3.2917,0.90851,2.9717,2.6271,0.52028,2.5356,2.5836,3.2667,2.7175,6.2213,6.2808,2.8714,2.7339,4.0572,2.8654,6.0145,2.4184,2.2013,3.728,1.5119,3.0559,4.5635,1.2313,2.4488,3.5113,5.9694,3.1106,2.7043,2.374,2.1614,3.726,1.3289,1.8452,3.7144,2.3693,2.3298,4.6546,2.5841,2.7462,4.2819,1.2525,2.719,4.3036,1.6413,1.9257,3.7968,1.2299,2.735,3.8016,2.3157,2.3229,4.9004,1.3466,2.5876,3.3651,2.1395,2.3218,4.0471,0.81751,1.9822,3.39,2.4193,2.2883,3.8154,2.3319,2.3292,3.7217,2.3165,2.0165,5.1019,2.6019,2.2924,4.8327,2.4125,2.2415,3.7877,1.4571,1.6171,3.934,2.3014,2.5619,4.9007,1.7064,1.9429,3.8448,0.82348,2.1074,4.1463,1.5653,1.8495,4.3577,2.2869,2.5202,4.9515,1.4441,2.4023,3.2525,5.8174,2.8006,2.0982,1.8628,1.746,3.531,1.9179,2.8757,4.1294,2.1357,2.0042,4.8443,1.1995,2.6357,4.3878,2.0356,2.1622,4.9601,1.6617,1.7751,3.9221,1.6429,1.9931,3.3118,1.1726,2.7235,3.7436,1.0568,2.8522,3.8217,1.5964,2.501,3.9296,1.1668,2.6582,3.6763,1.7486,1.7382,4.0787,0.70847,2.4431,2.8209,1.8231,2.1526,4.4253,0.10146,2.7756,3.035,1.0263,1.9518,4.3517,0.98535,2.2714,3.0913,1.5751,2.4085,4.5568,1.0095,2.0775,2.8302,0.81087,2.0082,2.6776,1.7056,1.7537,3.9301,0.85226,2.4341,2.9441,1.2971,1.5779,3.8411,2.7707,2.6144,4.6083,1.037,2.256,3.6374,1.1829,2.7125,3.6945,2.0126,2.0014,4.4759,0.99367,1.9603,4.2374,1.9191,1.6457,3.4332,1.7372,2.5047,3.967,2.2788,2.5294,4.8676,2.0456,2.3506,3.5841,1.201,3.0533,3.4617,1.3894,1.4455,4.2575,0.72224,2.9747,3.6566,1.6547,1.7179,4.2448,0.81301,1.9989,2.7155,0.52611,2.2254,4.0675,2.5822,2.5994,4.526,2.0238,2.0993,3.454,1.3709,2.8742,3.53,1.0882,2.2375,3.6113,2.5419,2.0487,4.4839,1.5058,1.7369,4.4194,1.5906,2.5852,3.5644,2.0751,2.2906,4.0614,2.7162,2.2906,4.9591,0.44968,2.4939,2.9267
0.23723,0.37622,0.0082994,268.12,309.96,199.19,0.0015231,0.0018362,0.0010073,204.01,226.11,247.36,225.75,231.93,180.39,231.75,228.34,275.01,233.87,285.22,313.73,205.61,257.83,232.25,320.01,227.34,272.89,248.9,178.84,374.51,244.25,205.54,248.29,206.42,304.81,286.5,351.51,188.99,272.95,248.46,246.49,146.19,273.38,298.25,392.16,291.35,205.93,363.93,394.83,314.54,208.49,308.68,210.84,317.39,303.72,351.49,356.93,411.83,313.7,309.51,301.8,456.48,395.05,434.77,329.34,377.75,358.11,255.74,482.48,434.81,397.62,378.79,215.3,336.25,271.84,280.47,238.82,388.8,295.34,325.88,282.71,382.98,387.53,337.48,311.83,305.37,387.33,388.78,376.64,290.24,351.46,372.32,288.36,371.72,241.06,382.27,307.45,365.21,314.58,362.74,369.94,326.6,357.28,339.86,288.36,312.13,388.59,325.48,302.53,479.06,417.69,449.74,310.07,399.19,535.53,482.03,391.74,295.77,354.8,450.69,332.55,424.93,366.62,298.94,432.14,374.03,455.05,467.31,391.24,500.04,468.75,485.57,355.64,408.95,468.07,558.97,300.54,590.76,524.11,488.31,370.48,532.28,450.92,355.5,716.79,409.93,456.75,423.83,426.5,386.79,308.68,377.55,451.09,315.27,541.04,356.16,376.99,461.26,529.28,295.76,335.07,427.54,300.21,156.27,363.69,419.24,353.32,558.4,409.93,220.81,317.17,232.21,250.1,313.73,311.92,255.52,336.22,327.2,252.4,304.06,273.95,325.36,226.19,295.1,279.87,275.19,253.57,243.6,334.35,244.48,361.68,397.93,276.11,324.02,265.11,351.35,313.45,249.42,349.86,357.41,316.99,324.8,314.46,351.0,359.26,300.99,547.81,258.71,279.59,295.03,296.39,264.97,310.85,305.36,391.94,299.41,279.99,280.35,359.44,300.14,210.38,240.44,285.39,381.04,289.92,251.96,296.49,265.12,298.97,295.25,270.81,282.9,295.1,297.09,235.41,315.91,235.67,323.58,240.22,249.2,208.29,293.03,298.02,186.09,296.51,240.59,191.44,277.91,205.0,242.45,292.24,205.12,259.02,275.65,207.21,276.87,266.39,245.89,195.59,259.94,223.09,262.73,253.93,172.52,297.77,300.94,219.43,175.35,213.99,288.31,260.06,259.82,240.71,156.98,162.64,206.43,255.91,260.22,229.1,237.03,217.14,197.39,177.66,185.26,233.77,208.66,263.32,221.91,0.00073139,0.0010176,0.0010965,0.0011813,0.0011118,0.00085534,0.0012028,0.00096728,0.001426,0.0011041,0.0015102,0.0017327,0.0010162,0.0013924,0.0011276,0.0018646,0.0013221,0.00154,0.0015873,0.0011105,0.0021631,0.0016106,0.001288,0.0017288,0.0014049,0.00199,0.0016628,0.0020107,0.0014194,0.0018154,0.0015331,0.0015338,0.00104,0.0015128,0.001804,0.0023501,0.0018034,0.0012164,0.0021833,0.0022839,0.0017977,0.0011712,0.0019359,0.0016023,0.0019265,0.0018727,0.0021897,0.0020193,0.0024483,0.0018862,0.0015102,0.0018937,0.0026894,0.0021634,0.0025501,0.0020749,0.0022321,0.0015971,0.0016839,0.0028833,0.0025261,0.0023723,0.002274,0.0013903,0.0022719,0.0017927,0.0016498,0.0017765,0.0024146,0.001852,0.0020796,0.0019234,0.0022548,0.0023092,0.0015058,0.0020216,0.0019537,0.0024199,0.0024506,0.0023871,0.0015626,0.002384,0.0024262,0.0018107,0.0016192,0.0017965,0.001679,0.002,0.0021962,0.0020649,0.0022527,0.0021192,0.0016672,0.0022691,0.0017522,0.0019584,0.0019298,0.0024596,0.0017345,0.0019549,0.0024366,0.0025237,0.0026698,0.001857,0.0024281,0.0026178,0.0028198,0.0024564,0.0020145,0.002174,0.0027076,0.0022153,0.0020091,0.0021948,0.0020069,0.002598,0.0022363,0.0025706,0.0025518,0.0019451,0.0022471,0.0027178,0.0023148,0.0023364,0.0022417,0.0022182,0.0030923,0.0020791,0.0028151,0.0029707,0.0029577,0.0021952,0.0028515,0.0018498,0.0022851,0.0035277,0.0023787,0.0023825,0.0025287,0.0022924,0.0023361,0.001963,0.0021704,0.0026803,0.0021786,0.0026161,0.0021943,0.0017149,0.0022574,0.00273,0.0019408,0.0021648,0.0023652,0.0019442,0.0012509,0.0020911,0.0024486,0.0021701,0.0025842,0.0020389,0.0014249,0.0019731,0.0016224,0.0017274,0.0017892,0.0018982,0.0018238,0.002079,0.0020257,0.0017849,0.0020193,0.001631,0.0020267,0.0016054,0.001916,0.0017608,0.0018703,0.0016158,0.0015376,0.0019629,0.0015778,0.0021287,0.0023066,0.001661,0.0020314,0.0018562,0.0022191,0.0019321,0.0017227,0.0020427,0.0017712,0.0020477,0.0020501,0.0019628,0.0023295,0.0021579,0.0019435,0.0019479,0.001749,0.0017138,0.0018538,0.0019229,0.0017504,0.0019619,0.001822,0.0024787,0.0017122,0.0018992,0.0017526,0.0019611,0.0018468,0.0014701,0.0016318,0.0017268,0.0022877,0.0018537,0.0016914,0.0016956,0.0016401,0.0018682,0.001898,0.0016936,0.0017432,0.0018276,0.0018355,0.0015793,0.0019445,0.0015717,0.0019156,0.0015844,0.0014331,0.0013632,0.0016285,0.0019138,0.0012838,0.0017699,0.0014048,0.0015196,0.0017281,0.0013476,0.0015585,0.0017755,0.0014726,0.0015269,0.0016162,0.0012249,0.001666,0.0015281,0.0015532,0.0012823,0.0016394,0.0013833,0.0016201,0.0014614,0.00098607,0.0016095,0.0017299,0.0012202,0.0012056,0.0011715,0.0015715,0.0015742,0.0015343,0.0010902,0.00097609,0.00097741,0.001009,0.0015316,0.0015102,0.0010602,0.0013115,0.0010468,0.0010462,0.00088901,0.00083956,0.0011317,0.0011191,0.0014197,0.0012277,1074300.0,1105700.0,792270.0,4276700.0,2284500.0,1150800.0,5856800.0,1513400.0,1879800.0,3242500.0,2966100.0,734830.0,5652900.0,1298400.0,4052200.0,2459600.0,5070500.0,4091400.0,1340500.0,3371900.0,2502600.0,3347400.0,11704000.0,958350.0,6311800.0,749460.0,9101500.0,1591900.0,1841400.0,815570.0,3232100.0,1680500.0,5814300.0,23940000.0,2520900.0,2724900.0,4347000.0,1235900.0,1513400.0,1646200.0,2062700.0,1057700.0,2058300.0,1019200.0,7475600.0,2433400.0,1825600.0,1494000.0,2274900.0,15971000.0,952090.0,7278300.0,3995200.0,706940.0,3910700.0,1079100.0,2657700.0,17679000.0,32102000.0,2373200.0,1720700.0,1532600.0,2840700.0,1036400.0,1926200.0,3409900.0,803840.0,2871900.0,1940600.0,3915400.0,2755300.0,1446400.0,1119200.0,15048000.0,5077600.0,1340600.0,3613400.0,1673300.0,965090.0,2573300.0,3702600.0,1313000.0,893150.0,2116300.0,873820.0,1861100.0,2850800.0,4950200.0,4191200.0,2338500.0,5694300.0,1300700.0,9352900.0,4677300.0,1017700.0,1694700.0,903640.0,1769700.0,3509900.0,9918500.0,1730700.0,16523000.0,1417300.0,9919600.0,1633600.0,3256300.0,1272900.0,1628100.0,12535000.0,5115100.0,2157200.0,3869300.0,2389200.0,1225800.0,656170.0,3373000.0,11659000.0,2413800.0,1291100.0,778800.0,1922000.0,735100.0,1193700.0,2218700.0,8786700.0,4156700.0,2627900.0,3087700.0,2361300.0,1498700.0,773560.0,10411000.0,2404500.0,3548600.0,2073400.0,1371700.0,1031900.0,2014200.0,1052000.0,2853800.0,3921600.0,1159600.0,1477000.0,2103000.0,1521000.0,2210500.0,2422200.0,877170.0,6912100.0,1513500.0,9390500.0,6180200.0,809830.0,10291000.0,814480.0,1274500.0,19279000.0,683650.0,12167000.0,721740.0,5575100.0,3693400.0,3817200.0,2647300.0,5252900.0,4116200.0,4227600.0,964530.0,4135000.0,1638700.0,6369200.0,1506700.0,7610900.0,1080700.0,744550.0,4005200.0,2996600.0,1988300.0,8411500.0,2288700.0,948280.0,1205600.0,3671000.0,3568300.0,1940100.0,1475700.0,747540.0,6807100.0,5275200.0,2336700.0,637470.0,17726000.0,3323000.0,5257900.0,1142200.0,18258000.0,5431600.0,1100100.0,8580600.0,1353300.0,1434500.0,3992400.0,5297000.0,799330.0,1639500.0,973680.0,1778500.0,1568200.0,1456500.0,7851700.0,2342100.0,1425100.0,12280000.0,2793800.0,1238000.0,1263500.0,3260300.0,951930.0,4669600.0,1133200.0,1854600.0,8075300.0,4435100.0,696550.0,1421900.0,10018000.0,5258300.0,5069200.0,15394000.0,3001700.0,1931800.0,2342400.0,2994600.0,3189800.0,1882600.0,1749500.0,2275100.0,1499400.0,7215800.0,652060.0,3656200.0,8296200.0,8910100.0,1863600.0,5378600.0,4029700.0,5011000.0,864140.0,1139900.0,5361500.0,1551600.0,6587500.0,3485200.0,7122400.0,1970700.0,1638700.0,1591200.0,1087700.0,1106100.0,2208100.0,945990.0,5091800.0,3371700.0,4404800.0,3356800.0,2894200.0,2745600.0,15584000.0,14989000.0,6042000.0,4601000.0,2807600.0,6148400.0,3762100.0,1781300.0,2740300.0,1353800.0,4824200.0,3044800.0,1.5484,1.8597,4.1665,2.243,2.4817,3.6641,1.2747,2.2414,4.2236,1.1907,1.9798,4.2095,2.4534,2.663,4.3258,0.73818,2.0667,4.227,1.7089,2.5322,3.8726,3.0997,2.8421,5.8665,1.1734,2.0259,4.1874,1.6935,1.7105,4.2395,1.2998,2.2967,4.2966,0.67687,2.0232,4.2126,2.8921,2.8414,4.6746,5.5095,2.7327,1.3382,1.2654,2.8028,3.6367,0.80279,2.1631,2.9932,2.61,2.2046,4.6034,1.4581,1.6738,3.8881,0.77759,2.7169,3.9241,1.8673,1.8495,3.5522,1.2161,2.3772,3.2652,0.3871,2.295,3.4557,1.8708,1.6198,3.4151,2.0692,2.6413,4.2053,1.9306,1.6295,3.3719,1.6686,1.6239,3.9914,0.33133,2.2003,3.113,2.1265,2.4433,4.5552,1.5009,1.706,3.2926,0.94518,1.9679,2.7534,3.2788,2.8325,6.0492,1.9402,1.8306,3.5244,0.84534,2.7396,2.9185,1.6657,2.5966,4.0067,0.76813,1.8978,2.7326,1.0913,2.4123,3.1449,1.9342,1.931,4.488,1.8725,1.6472,3.9008,0.64629,2.1278,3.9668,1.4485,2.5647,3.954,0.97316,2.1727,3.1504,2.6652,2.3925,4.4168,2.0071,2.2096,4.729,1.5514,1.622,3.9284,1.8887,2.0447,4.4774,1.5096,2.2181,3.2237,0.81495,2.2627,2.972,2.4404,2.522,4.3695,2.0397,2.4745,4.8145,1.9408,2.6197,4.7833,2.6222,2.3935,4.4014,1.2669,2.5348,3.8708,1.9071,2.3563,4.4224,2.7155,2.9638,4.5057,0.70982,2.3588,2.7139,1.3322,2.0067,4.616,1.8548,2.9891,3.6738,0.22897,2.3678,3.3702,1.7083,1.613,4.0811,0.86118,2.2398,3.0698,2.2878,2.3016,4.7215,0.45751,2.3844,3.1308,0.70088,2.2661,3.1201,0.015701,2.8993,1.6998,2.0824,2.2424,4.6822,2.5231,2.4663,4.3257,2.2666,2.3179,5.1451,1.9085,2.6251,4.1009,1.1204,1.8085,4.0811,4.5041,2.7844,0.73969,0.75751,2.1981,2.9566,1.4977,2.1465,4.2947,1.1931,2.2897,3.5655,1.988,2.6125,4.2531,1.6235,1.5818,4.1437,1.1698,2.5088,3.1376,0.72516,2.5389,3.7356,2.2643,1.8145,3.6732,1.3854,2.539,3.4842,1.3582,2.6001,3.5116,1.3883,1.6301,4.257,1.9394,2.6207,4.436,2.11,2.5973,4.6513,3.2964,2.8475,6.14,1.7967,1.5968,4.202,1.9352,1.922,3.3616,2.5388,2.9272,5.4014,1.1853,2.5781,3.0397,2.6805,2.3757,4.9994,1.0343,2.7255,4.2616,1.4295,2.4975,3.5638,0.98984,1.9628,4.181,1.7803,1.6389,4.0557,1.9841,1.9382,3.3948,6.0631,2.8979,2.8744,2.9985,2.2143,4.6709,1.5668,1.9139,4.4212,1.1677,2.541,3.3597,1.439,2.4687,3.4027,1.7179,1.8691,3.6574,2.055,2.4604,4.1227,1.0904,2.3916,3.2588,2.512,1.8327,5.3507,1.0007,2.5788,3.2689,1.3323,2.5616,3.3054,0.24021,3.0512,3.1967,0.67,1.9535,2.7437,1.6557,1.94,4.643,1.5408,1.7862,4.2213,5.2106,2.7396,1.5881,0.90629,2.2423,2.9671,0.98067,2.7464,4.256,2.3693,2.4095,3.7069,2.9462,2.2951,4.9701,3.1188,2.5658,4.632,2.1067,2.3834,4.6267,2.1808,2.236,4.1729,0.71557,2.2752,3.3371,0.66829,2.4205,3.0519,0.59018,2.2847,3.8989,2.4651,2.4424,4.5616,0.68572,2.4612,2.8398,1.2832,1.5628,4.3704,1.5881,1.9102,3.5614,0.40759,2.6677,2.2272,3.4173,2.9051,0.27166,0.84144,2.2568,3.0604,1.6244,1.6645,4.177,1.6828,1.9236,3.3092,0.81558,2.3409,2.9069,2.2588,2.26,4.945,1.3602,2.5841,3.2527,1.3037,2.2279,3.7004,0.36365,2.0662,3.349,1.7317,1.8857,3.4406,2.638,2.0058,4.1388,2.0302,2.1542,4.9546,1.4124,1.6982,3.8617,0.76955,2.073,2.8488,2.0891,2.1055,5.0966,2.1526,2.3006,4.5868,1.5118,2.4823,4.0428,3.9813,2.7893,6.1779,1.7964,2.5149,3.9678,0.58339,2.0062,4.1716,1.1675,2.611,4.2209,3.2662,2.7654,6.0939,1.7068,1.5679,3.2772,0.28794,2.3995,3.4411,4.811,3.0013,0.64168,0.432,2.8354,3.3674,1.1375,2.5534,3.1208,2.2583,2.1814,5.0393,1.6932,2.0492,4.4685,1.6539,1.62,3.4021,1.9332,2.9562,3.4593,0.75258,2.313,2.9309,0.78819,2.352,3.0198,0.21582,2.6721,3.3494,1.9956,2.463,4.2875,0.68103,2.3908,2.8059,1.0275,2.3896,3.5781,1.3002,1.7535,4.334,0.23291,2.357,3.5119,1.6889,1.5977,3.2742,0.86858,2.2826,2.8771,2.9094,2.8508,6.0491,1.6474,2.5018,3.947,2.0312,2.2542,4.6082,2.1295,2.6358,5.0358,1.569,1.9529,3.8004,1.4441,1.7475,3.7678,2.3056,2.1451,4.9788,1.4867,2.5562,3.9168,0.45074,2.9873,2.085,4.4269,2.8742,0.26061,1.3312,2.8537,4.1638,1.8421,1.9885,3.8921,1.1297,2.6742,2.7191,0.033313,2.7648,2.8138,1.0879,2.9201,4.2013,0.47315,2.4133,2.6256,0.85959,2.0962,2.8292,0.56402,2.489,3.4345,1.852,2.2477,4.3518,1.046,2.8316,4.2153,0.72533,2.0745,2.9208,2.1278,1.8331,3.6887,1.4335,1.8917,3.7328,2.2145,2.5605,4.6801,1.5672,1.5738,4.2009,1.2602,2.1336,3.2484,0.76745,2.1184,2.9862,0.73377,2.2399,2.6421,1.8007,2.3944,4.1942,2.2083,2.5482,4.8932,0.59486,2.0787,2.9172,1.7327,1.8143,3.2917,0.90869,2.9716,2.6272,0.5202,2.5357,2.5836,3.2668,2.7174,6.2214,6.281,2.8714,2.7343,4.0569,2.8653,6.014,2.4185,2.201,3.7279,1.5121,3.0559,4.5639,1.2313,2.4488,3.5115,5.9681,3.1106,2.7032,2.374,2.1613,3.7259,1.329,1.8452,3.7145,2.3692,2.3298,4.6547,2.584,2.7464,4.282,1.2524,2.7191,4.3035,1.6412,1.9257,3.7967,1.2301,2.7349,3.8018,2.3156,2.3229,4.9003,1.3464,2.5875,3.3651,2.1394,2.322,4.047,0.81751,1.9823,3.39,2.4192,2.2881,3.8154,2.3318,2.3292,3.7216,2.3166,2.0165,5.1021,2.6018,2.2924,4.8328,2.4126,2.2416,3.7876,1.4572,1.6171,3.9341,2.3012,2.5618,4.9006,1.7062,1.9429,3.8448,0.82351,2.1074,4.1464,1.5652,1.8495,4.3578,2.2868,2.52,4.9516,1.4441,2.4023,3.2525,5.8173,2.8005,2.098,1.8628,1.746,3.531,1.9178,2.8755,4.1292,2.1358,2.0042,4.8444,1.1996,2.6358,4.3879,2.0357,2.1622,4.9602,1.6618,1.7751,3.9221,1.6429,1.993,3.3117,1.1727,2.7235,3.7437,1.0568,2.8522,3.8216,1.5965,2.501,3.9297,1.1668,2.6581,3.6763,1.7486,1.7381,4.0786,0.70832,2.4431,2.821,1.823,2.1527,4.4254,0.10144,2.7755,3.0352,1.0262,1.9518,4.3518,0.98536,2.2714,3.0913,1.575,2.4085,4.5568,1.0095,2.0775,2.8302,0.81094,2.0082,2.6776,1.7057,1.7536,3.93,0.85215,2.434,2.9443,1.297,1.5779,3.8411,2.7707,2.6145,4.6082,1.0369,2.2561,3.6374,1.1829,2.7124,3.6946,2.0127,2.0014,4.4759,0.99358,1.9603,4.2374,1.9192,1.6457,3.4332,1.7373,2.5047,3.9669,2.2789,2.5293,4.8675,2.0455,2.3506,3.584,1.201,3.0533,3.4617,1.3894,1.4455,4.2575,0.72231,2.9747,3.6566,1.6547,1.7178,4.2448,0.81308,1.9989,2.7155,0.52598,2.2254,4.0676,2.5821,2.5994,4.526,2.0238,2.0993,3.454,1.3708,2.8742,3.53,1.0882,2.2375,3.6113,2.5419,2.0488,4.484,1.5058,1.7369,4.4194,1.5906,2.5852,3.5644,2.0751,2.2906,4.0614,2.7162,2.2905,4.9591,0.44969,2.4938,2.9267
0.23766,0.3769,0.0083114,268.31,310.27,199.2,0.0015242,0.0018379,0.0010074,204.04,226.16,247.46,225.82,232.04,180.45,231.73,228.41,275.13,233.92,285.36,313.99,205.65,258.0,232.33,320.28,227.43,273.02,249.1,178.88,374.8,244.34,205.63,248.36,206.47,305.0,286.67,351.76,189.1,273.05,248.59,246.67,146.25,273.63,298.46,392.4,291.5,206.24,364.28,395.14,314.77,208.64,309.07,210.92,317.6,303.95,351.67,357.21,412.17,313.9,309.78,302.03,457.01,395.32,435.26,329.68,378.11,358.87,256.16,482.89,435.28,397.9,379.19,215.51,336.44,272.06,280.84,239.1,389.24,295.79,326.37,282.97,383.26,388.04,338.29,312.12,305.47,387.65,389.12,377.02,290.8,351.93,372.7,288.42,372.52,241.3,382.95,307.78,365.55,314.82,363.17,370.51,327.03,357.63,340.36,288.63,312.53,389.03,326.24,302.9,479.83,418.05,450.48,310.53,399.7,536.27,482.45,392.3,296.16,355.1,451.14,332.91,426.11,367.26,299.21,432.64,374.59,455.94,468.04,391.67,501.21,469.3,486.74,356.11,409.54,468.87,559.84,300.93,591.76,524.73,489.04,371.04,533.01,452.21,355.98,717.72,410.49,457.5,424.33,427.13,387.24,309.1,377.95,451.62,315.61,541.81,356.38,377.57,462.12,529.99,296.07,335.44,428.02,300.6,156.34,364.23,419.71,353.54,559.24,410.2,220.9,317.46,232.38,250.34,314.18,312.14,255.75,336.42,327.53,252.53,304.27,274.17,325.66,226.43,295.26,280.02,275.38,253.76,243.75,334.5,244.68,362.01,398.21,276.31,324.39,265.28,351.63,313.72,249.58,350.17,357.72,317.26,325.02,314.7,351.42,359.53,301.25,548.43,258.96,279.78,295.29,296.64,265.09,311.08,305.64,392.45,299.75,280.21,280.49,359.8,300.38,210.49,240.57,285.56,381.35,290.22,252.18,296.6,265.28,299.16,295.41,271.03,283.05,295.19,297.19,235.55,316.18,235.78,323.82,240.38,249.32,208.42,293.22,298.2,186.16,296.64,240.74,191.53,278.03,205.12,242.57,292.39,205.22,259.1,275.76,207.26,277.02,266.52,246.03,195.68,260.07,223.19,262.85,254.06,172.59,297.85,301.05,219.52,175.38,214.07,288.43,260.21,259.9,240.76,157.02,162.68,206.48,256.02,260.3,229.13,237.11,217.19,197.45,177.73,185.3,233.84,208.69,263.44,221.96,0.00073149,0.0010177,0.0010967,0.0011816,0.0011122,0.00085568,0.0012027,0.00096761,0.0014267,0.0011045,0.0015111,0.0017342,0.0010162,0.0013934,0.0011279,0.0018659,0.0013226,0.0015408,0.0015886,0.0011108,0.0021646,0.0016112,0.0012886,0.0017294,0.0014051,0.0019911,0.0016641,0.0020122,0.0014202,0.0018162,0.0015339,0.0015349,0.0010403,0.0015141,0.0018052,0.0023514,0.0018044,0.0012182,0.0021852,0.0022858,0.0017993,0.0011721,0.0019381,0.001603,0.0019278,0.0018741,0.002191,0.0020214,0.0024505,0.0018875,0.0015116,0.0018953,0.0026925,0.0021655,0.002553,0.0020768,0.0022348,0.0016009,0.0016861,0.0028862,0.0025286,0.0023745,0.0022763,0.0013915,0.0022733,0.0017941,0.001652,0.0017785,0.0024175,0.0018547,0.0020825,0.0019248,0.0022567,0.002312,0.0015093,0.0020231,0.0019547,0.0024219,0.002453,0.0023895,0.0015653,0.0023865,0.0024287,0.0018116,0.001623,0.0017978,0.0016819,0.0020018,0.0021982,0.0020667,0.002255,0.0021224,0.0016695,0.0022713,0.0017548,0.0019601,0.0019318,0.0024622,0.0017381,0.0019571,0.0024404,0.0025259,0.0026736,0.0018598,0.0024306,0.0026221,0.0028224,0.0024598,0.002017,0.0021761,0.0027102,0.0022174,0.0020144,0.0021982,0.0020091,0.0026007,0.0022393,0.0025755,0.0025559,0.0019479,0.0022511,0.0027213,0.002321,0.0023392,0.0022447,0.0022226,0.0030971,0.0020818,0.0028199,0.0029743,0.0029618,0.0021983,0.0028555,0.0018554,0.002288,0.0035325,0.0023818,0.0023873,0.0025317,0.0022962,0.0023388,0.0019654,0.0021731,0.0026834,0.0021808,0.0026201,0.002196,0.001718,0.002262,0.0027337,0.0019429,0.0021669,0.0023682,0.0019465,0.0012516,0.0020942,0.0024512,0.0021715,0.0025888,0.00204,0.0014255,0.0019749,0.0016236,0.0017289,0.0017917,0.0018997,0.0018254,0.0020802,0.0020274,0.0017859,0.0020207,0.0016324,0.0020283,0.0016067,0.0019173,0.0017617,0.0018713,0.0016168,0.0015386,0.001964,0.001579,0.0021305,0.0023082,0.001662,0.0020332,0.0018574,0.0022211,0.0019338,0.0017239,0.0020446,0.0017733,0.0020494,0.0020517,0.0019641,0.0023318,0.0021595,0.001945,0.0019511,0.0017505,0.0017147,0.0018554,0.0019245,0.0017513,0.0019632,0.0018238,0.0024811,0.001714,0.0019006,0.0017536,0.0019631,0.0018483,0.0014708,0.0016327,0.0017278,0.0022896,0.0018555,0.0016926,0.0016963,0.001641,0.0018692,0.0018991,0.0016948,0.0017442,0.0018286,0.0018362,0.0015801,0.0019461,0.0015724,0.001917,0.0015853,0.0014339,0.0013639,0.0016296,0.001915,0.0012842,0.0017707,0.0014056,0.0015202,0.0017289,0.0013484,0.0015593,0.0017764,0.0014734,0.0015273,0.0016167,0.0012254,0.0016669,0.0015287,0.001554,0.0012828,0.0016403,0.001384,0.0016208,0.0014621,0.00098643,0.0016101,0.0017307,0.0012207,0.0012058,0.001172,0.0015721,0.001575,0.0015347,0.0010905,0.00097637,0.00097765,0.0010093,0.0015323,0.0015106,0.0010604,0.0013118,0.0010469,0.0010465,0.00088931,0.00083977,0.0011321,0.0011193,0.0014203,0.0012281,1074300.0,1105700.0,792270.0,4276700.0,2284500.0,1150800.0,5856800.0,1513400.0,1879800.0,3242500.0,2966100.0,734830.0,5652900.0,1298400.0,4052200.0,2459600.0,5070500.0,4091400.0,1340500.0,3371900.0,2502600.0,3347400.0,11704000.0,958350.0,6311800.0,749460.0,9101500.0,1591900.0,1841400.0,815570.0,3232100.0,1680500.0,5814300.0,23940000.0,2520900.0,2724900.0,4347000.0,1235900.0,1513400.0,1646200.0,2062700.0,1057700.0,2058300.0,1019200.0,7475600.0,2433400.0,1825600.0,1494000.0,2274900.0,15971000.0,952090.0,7278300.0,3995200.0,706940.0,3910700.0,1079100.0,2657700.0,17679000.0,32102000.0,2373200.0,1720700.0,1532600.0,2840700.0,1036400.0,1926200.0,3409900.0,803840.0,2871900.0,1940600.0,3915400.0,2755300.0,1446400.0,1119200.0,15048000.0,5077600.0,1340600.0,3613400.0,1673300.0,965090.0,2573300.0,3702600.0,1313000.0,893150.0,2116300.0,873820.0,1861100.0,2850800.0,4950200.0,4191200.0,2338500.0,5694300.0,1300700.0,9352900.0,4677300.0,1017700.0,1694700.0,903640.0,1769700.0,3509900.0,9918500.0,1730700.0,16523000.0,1417300.0,9919600.0,1633600.0,3256300.0,1272900.0,1628100.0,12535000.0,5115100.0,2157200.0,3869300.0,2389200.0,1225800.0,656170.0,3373000.0,11659000.0,2413800.0,1291100.0,778800.0,1922000.0,735100.0,1193700.0,2218700.0,8786700.0,4156700.0,2627900.0,3087700.0,2361300.0,1498700.0,773560.0,10411000.0,2404500.0,3548600.0,2073400.0,1371700.0,1031900.0,2014200.0,1052000.0,2853800.0,3921600.0,1159600.0,1477000.0,2103000.0,1521000.0,2210500.0,2422200.0,877170.0,6912100.0,1513500.0,9390500.0,6180200.0,809830.0,10291000.0,814480.0,1274500.0,19279000.0,683650.0,12167000.0,721740.0,5575100.0,3693400.0,3817200.0,2647300.0,5252900.0,4116200.0,4227600.0,964530.0,4135000.0,1638700.0,6369200.0,1506700.0,7610900.0,1080700.0,744550.0,4005200.0,2996600.0,1988300.0,8411500.0,2288700.0,948280.0,1205600.0,3671000.0,3568300.0,1940100.0,1475700.0,747540.0,6807100.0,5275200.0,2336700.0,637470.0,17726000.0,3323000.0,5257900.0,1142200.0,18258000.0,5431600.0,1100100.0,8580600.0,1353300.0,1434500.0,3992400.0,5297000.0,799330.0,1639500.0,973680.0,1778500.0,1568200.0,1456500.0,7851700.0,2342100.0,1425100.0,12280000.0,2793800.0,1238000.0,1263500.0,3260300.0,951930.0,4669600.0,1133200.0,1854600.0,8075300.0,4435100.0,696550.0,1421900.0,10018000.0,5258300.0,5069200.0,15394000.0,3001700.0,1931800.0,2342400.0,2994600.0,3189800.0,1882600.0,1749500.0,2275100.0,1499400.0,7215800.0,652060.0,3656200.0,8296200.0,8910100.0,1863600.0,5378600.0,4029700.0,5011000.0,864140.0,1139900.0,5361500.0,1551600.0,6587500.0,3485200.0,7122400.0,1970700.0,1638700.0,1591200.0,1087700.0,1106100.0,2208100.0,945990.0,5091800.0,3371700.0,4404800.0,3356800.0,2894200.0,2745600.0,15584000.0,14989000.0,6042000.0,4601000.0,2807600.0,6148400.0,3762100.0,1781300.0,2740300.0,1353800.0,4824200.0,3044800.0,1.5485,1.8597,4.1665,2.243,2.4817,3.6641,1.2747,2.2414,4.2236,1.1906,1.9797,4.2094,2.4533,2.663,4.3258,0.73797,2.0667,4.2271,1.7091,2.5322,3.8726,3.0998,2.8421,5.8665,1.1732,2.0259,4.1873,1.6934,1.7104,4.2394,1.2999,2.2969,4.2967,0.67646,2.0231,4.2127,2.8919,2.8414,4.6747,5.509,2.7326,1.338,1.2654,2.8027,3.6368,0.80251,2.1631,2.9932,2.6102,2.2048,4.6036,1.4581,1.6738,3.888,0.77802,2.7171,3.9244,1.8671,1.8496,3.5523,1.2161,2.3772,3.2653,0.3872,2.295,3.4554,1.8709,1.6198,3.4152,2.0693,2.6411,4.2052,1.9308,1.6294,3.3719,1.6687,1.6238,3.9915,0.33127,2.2004,3.1129,2.1266,2.4433,4.5555,1.5009,1.706,3.2928,0.94543,1.9681,2.7534,3.279,2.8325,6.0494,1.9402,1.8306,3.5245,0.84513,2.7397,2.9185,1.6655,2.5966,4.0067,0.76826,1.8978,2.7325,1.0911,2.4123,3.145,1.9341,1.9311,4.488,1.873,1.6471,3.9009,0.64641,2.1277,3.9672,1.4489,2.5647,3.9543,0.97302,2.1728,3.1502,2.6655,2.3926,4.4171,2.007,2.2095,4.729,1.5514,1.6219,3.9284,1.8887,2.0449,4.4773,1.5096,2.2181,3.2236,0.81487,2.2628,2.9718,2.4403,2.5223,4.3695,2.0399,2.4742,4.8145,1.9408,2.6197,4.7831,2.6224,2.3937,4.4016,1.2669,2.5349,3.8708,1.9075,2.3565,4.4226,2.7169,2.9637,4.5068,0.7101,2.3587,2.7142,1.3318,2.0066,4.6161,1.8549,2.9891,3.6737,0.22878,2.3677,3.3702,1.7083,1.613,4.081,0.86148,2.24,3.0698,2.2881,2.3015,4.7216,0.45708,2.3842,3.1308,0.70056,2.2662,3.1199,0.015715,2.8993,1.6994,2.0828,2.2426,4.6824,2.5231,2.4665,4.3259,2.2665,2.3179,5.1451,1.9084,2.625,4.1007,1.1204,1.8084,4.0813,4.5041,2.7842,0.74005,0.75748,2.1981,2.9565,1.4979,2.1465,4.2948,1.1934,2.29,3.5656,1.9878,2.6124,4.253,1.6235,1.5819,4.1437,1.1697,2.5087,3.1376,0.72508,2.5391,3.7356,2.2646,1.8145,3.6731,1.3854,2.539,3.4843,1.3581,2.6001,3.5115,1.3883,1.6301,4.2568,1.9395,2.6205,4.436,2.1103,2.597,4.6515,3.2961,2.8476,6.14,1.7971,1.5967,4.202,1.9355,1.922,3.3614,2.5392,2.927,5.4016,1.1852,2.5781,3.0396,2.6804,2.3756,4.9993,1.0346,2.7258,4.2619,1.4295,2.4975,3.5639,0.99002,1.963,4.1812,1.7803,1.6389,4.0557,1.9842,1.9383,3.3948,6.0636,2.8979,2.8746,2.9987,2.2142,4.6709,1.5671,1.9138,4.4214,1.1679,2.5409,3.3598,1.439,2.4687,3.4028,1.718,1.869,3.6574,2.055,2.4604,4.1229,1.0905,2.3917,3.2589,2.512,1.8324,5.3509,1.0007,2.5787,3.2688,1.332,2.5616,3.3052,0.24007,3.0512,3.1966,0.67002,1.9538,2.7435,1.6556,1.94,4.6433,1.541,1.786,4.2214,5.2106,2.7393,1.5882,0.90637,2.2425,2.9673,0.98085,2.7466,4.2563,2.3692,2.4095,3.7068,2.9462,2.2951,4.9701,3.119,2.5656,4.6321,2.1068,2.3833,4.6269,2.1808,2.2361,4.173,0.71563,2.2753,3.3372,0.66839,2.4205,3.0519,0.59026,2.285,3.899,2.4651,2.4425,4.5613,0.68546,2.4612,2.8395,1.283,1.5628,4.3705,1.5881,1.9101,3.5616,0.40784,2.6677,2.2275,3.4173,2.905,0.27169,0.84134,2.2568,3.0602,1.6244,1.6645,4.1771,1.6828,1.9238,3.3094,0.81575,2.3408,2.907,2.259,2.2599,4.9451,1.3603,2.5842,3.2529,1.3038,2.228,3.7007,0.3638,2.0661,3.3493,1.7318,1.8857,3.4406,2.638,2.0056,4.1389,2.03,2.1542,4.9546,1.4126,1.6982,3.8618,0.76953,2.0732,2.8491,2.0891,2.1054,5.0967,2.1525,2.3007,4.5869,1.5119,2.4825,4.043,3.981,2.7886,6.1776,1.7963,2.515,3.9676,0.58313,2.0064,4.1716,1.1673,2.611,4.2207,3.2661,2.7652,6.0941,1.7069,1.5679,3.2771,0.28802,2.3996,3.4412,4.8108,3.0013,0.6414,0.43199,2.8355,3.3677,1.1374,2.5534,3.1211,2.2583,2.1814,5.0395,1.6934,2.0492,4.4687,1.6539,1.62,3.4022,1.9337,2.9562,3.4597,0.75265,2.3129,2.931,0.78817,2.3518,3.0198,0.21574,2.6722,3.3494,1.9957,2.463,4.2875,0.68119,2.3906,2.8059,1.0277,2.3898,3.5781,1.3004,1.7534,4.3341,0.23302,2.357,3.5122,1.6888,1.5977,3.2742,0.86881,2.2824,2.8771,2.9094,2.8508,6.0493,1.647,2.5017,3.9469,2.0312,2.2543,4.6082,2.1291,2.6357,5.0355,1.5689,1.9529,3.8004,1.4443,1.7473,3.7679,2.3057,2.1451,4.9788,1.4866,2.5561,3.9166,0.45063,2.9872,2.0847,4.4268,2.874,0.26062,1.3311,2.8538,4.1637,1.8419,1.9886,3.8921,1.1294,2.6742,2.7188,0.032968,2.7646,2.8138,1.0882,2.9202,4.2014,0.4732,2.4131,2.6257,0.85958,2.0963,2.8292,0.56423,2.489,3.4347,1.8524,2.2478,4.3519,1.0457,2.8317,4.2152,0.72555,2.0747,2.9206,2.1279,1.833,3.6885,1.4337,1.8918,3.7329,2.2142,2.5602,4.6796,1.5674,1.5738,4.2009,1.2602,2.1335,3.2485,0.7677,2.1186,2.9861,0.73372,2.2397,2.6422,1.8008,2.3944,4.1943,2.2082,2.5479,4.8931,0.59489,2.0787,2.9171,1.7327,1.8145,3.2917,0.90896,2.9716,2.6273,0.52007,2.5357,2.5835,3.2669,2.7174,6.2217,6.2814,2.8715,2.7348,4.0564,2.8651,6.0134,2.4186,2.2006,3.7279,1.5123,3.0559,4.5645,1.2312,2.4487,3.5117,5.9661,3.1106,2.7017,2.3741,2.1611,3.7258,1.3291,1.8452,3.7145,2.3691,2.3298,4.6549,2.5837,2.7465,4.2822,1.2523,2.7191,4.3034,1.6409,1.9256,3.7965,1.2303,2.7348,3.8021,2.3154,2.3227,4.9001,1.346,2.5873,3.3651,2.1393,2.3222,4.0469,0.81751,1.9823,3.3899,2.4192,2.2879,3.8155,2.3317,2.329,3.7216,2.3168,2.0166,5.1023,2.6016,2.2924,4.8328,2.4127,2.2415,3.7876,1.4573,1.6171,3.9342,2.301,2.5616,4.9005,1.7059,1.9429,3.8447,0.82355,2.1073,4.1465,1.5651,1.8495,4.3579,2.2867,2.5197,4.9516,1.4441,2.4024,3.2525,5.8171,2.8003,2.0978,1.8628,1.746,3.531,1.9176,2.8752,4.1288,2.136,2.0044,4.8444,1.1998,2.6359,4.388,2.0359,2.1623,4.9603,1.6618,1.775,3.922,1.643,1.993,3.3116,1.1729,2.7235,3.7438,1.057,2.8522,3.8216,1.5968,2.5011,3.9298,1.1668,2.6579,3.6762,1.7485,1.738,4.0786,0.7081,2.443,2.821,1.823,2.1529,4.4255,0.10142,2.7755,3.0354,1.0261,1.9518,4.3519,0.98539,2.2713,3.0914,1.5749,2.4085,4.5567,1.0095,2.0775,2.8302,0.81105,2.0082,2.6775,1.7058,1.7535,3.9299,0.85199,2.434,2.9446,1.2969,1.5779,3.8411,2.7707,2.6145,4.6082,1.0368,2.2563,3.6374,1.183,2.7123,3.6946,2.0127,2.0014,4.4759,0.99344,1.9603,4.2373,1.9193,1.6457,3.4332,1.7375,2.5048,3.9669,2.2792,2.5293,4.8674,2.0454,2.3506,3.5839,1.2009,3.0533,3.4617,1.3893,1.4455,4.2576,0.72241,2.9746,3.6566,1.6548,1.7178,4.2448,0.81317,1.9988,2.7155,0.52579,2.2255,4.0677,2.582,2.5994,4.526,2.0239,2.0992,3.454,1.3708,2.8741,3.53,1.0882,2.2376,3.6112,2.542,2.0489,4.484,1.5058,1.7369,4.4194,1.5906,2.5852,3.5643,2.0751,2.2906,4.0614,2.7163,2.2904,4.9591,0.44971,2.4938,2.9267
0.23798,0.37741,0.0083204,268.46,310.5,199.22,0.0015251,0.0018393,0.0010075,204.07,226.2,247.54,225.89,232.12,180.52,231.73,228.47,275.22,233.96,285.47,314.19,205.68,258.12,232.4,320.48,227.51,273.13,249.24,178.91,375.03,244.42,205.71,248.42,206.52,305.14,286.81,351.95,189.18,273.15,248.69,246.8,146.32,273.82,298.64,392.59,291.62,206.5,364.56,395.38,314.95,208.75,309.35,210.97,317.76,304.12,351.81,357.42,412.43,314.06,309.99,302.2,457.42,395.51,435.63,329.96,378.39,359.47,256.49,483.2,435.65,398.09,379.48,215.66,336.58,272.23,281.12,239.32,389.58,296.15,326.75,283.19,383.48,388.43,338.93,312.36,305.54,387.91,389.37,377.31,291.25,352.29,373.01,288.45,373.16,241.5,383.48,308.05,365.81,315.0,363.51,370.95,327.37,357.91,340.76,288.85,312.85,389.37,326.83,303.21,480.43,418.33,451.03,310.89,400.1,536.84,482.78,392.74,296.47,355.33,451.49,333.18,427.02,367.75,299.42,433.03,375.04,456.64,468.61,392.0,502.14,469.72,487.66,356.46,410.0,469.49,560.49,301.22,592.54,525.2,489.59,371.47,533.57,453.22,356.36,718.46,410.92,458.1,424.71,427.61,387.59,309.42,378.27,452.04,315.87,542.42,356.54,378.03,462.8,530.53,296.31,335.74,428.39,300.91,156.39,364.65,420.07,353.71,559.89,410.4,220.99,317.69,232.52,250.53,314.55,312.32,255.92,336.57,327.78,252.63,304.44,274.34,325.89,226.62,295.4,280.15,275.53,253.92,243.87,334.6,244.84,362.27,398.42,276.47,324.68,265.43,351.85,313.93,249.7,350.41,357.96,317.48,325.19,314.88,351.74,359.74,301.45,548.9,259.15,279.92,295.48,296.83,265.2,311.27,305.86,392.83,300.01,280.39,280.6,360.07,300.57,210.56,240.68,285.68,381.59,290.45,252.35,296.68,265.41,299.3,295.54,271.2,283.16,295.27,297.28,235.66,316.38,235.86,324.0,240.51,249.42,208.52,293.37,298.34,186.22,296.75,240.85,191.6,278.12,205.21,242.67,292.52,205.31,259.17,275.85,207.3,277.15,266.63,246.13,195.74,260.17,223.27,262.96,254.16,172.64,297.92,301.14,219.58,175.41,214.14,288.52,260.32,259.97,240.81,157.06,162.71,206.53,256.1,260.37,229.16,237.17,217.23,197.5,177.78,185.34,233.89,208.71,263.53,222.0,0.0007316,0.0010179,0.0010969,0.0011819,0.0011125,0.00085602,0.0012026,0.00096791,0.0014272,0.0011047,0.0015118,0.0017354,0.0010163,0.0013942,0.0011282,0.001867,0.001323,0.0015415,0.0015896,0.0011111,0.0021658,0.0016118,0.0012891,0.0017299,0.0014054,0.001992,0.001665,0.0020132,0.0014209,0.0018169,0.0015345,0.0015358,0.0010406,0.0015152,0.0018062,0.0023524,0.0018051,0.0012197,0.0021867,0.0022872,0.0018005,0.0011727,0.0019398,0.0016035,0.0019289,0.0018751,0.0021921,0.002023,0.0024522,0.0018886,0.0015127,0.0018964,0.0026948,0.0021671,0.0025553,0.0020783,0.0022369,0.001604,0.0016879,0.0028884,0.0025304,0.002376,0.002278,0.0013925,0.0022743,0.0017952,0.0016537,0.0017801,0.0024198,0.0018567,0.0020847,0.0019259,0.0022583,0.0023142,0.001512,0.0020243,0.0019554,0.0024236,0.0024548,0.0023914,0.0015675,0.0023885,0.0024307,0.0018123,0.001626,0.0017988,0.0016842,0.0020032,0.0021998,0.0020681,0.0022568,0.002125,0.0016712,0.002273,0.0017568,0.0019615,0.0019334,0.0024641,0.001741,0.0019589,0.0024434,0.0025276,0.0026765,0.0018619,0.0024326,0.0026254,0.0028244,0.0024624,0.0020189,0.0021776,0.0027123,0.002219,0.0020187,0.0022009,0.0020108,0.0026028,0.0022418,0.0025794,0.002559,0.0019502,0.0022543,0.0027239,0.0023259,0.0023414,0.0022471,0.0022261,0.0031008,0.0020838,0.0028236,0.002977,0.0029649,0.0022007,0.0028586,0.0018599,0.0022903,0.0035363,0.0023841,0.0023911,0.0025341,0.0022991,0.0023409,0.0019671,0.0021753,0.0026857,0.0021825,0.0026234,0.0021973,0.0017206,0.0022657,0.0027365,0.0019446,0.0021685,0.0023706,0.0019483,0.0012521,0.0020966,0.0024533,0.0021725,0.0025924,0.0020409,0.001426,0.0019763,0.0016245,0.0017301,0.0017938,0.0019009,0.0018266,0.0020812,0.0020288,0.0017866,0.0020219,0.0016334,0.0020295,0.0016077,0.0019183,0.0017625,0.0018722,0.0016177,0.0015394,0.0019649,0.00158,0.002132,0.0023094,0.0016629,0.0020346,0.0018584,0.0022228,0.0019351,0.0017247,0.002046,0.0017749,0.0020507,0.002053,0.0019651,0.0023335,0.0021608,0.0019463,0.0019535,0.0017518,0.0017154,0.0018566,0.0019258,0.001752,0.0019642,0.0018251,0.002483,0.0017153,0.0019016,0.0017544,0.0019646,0.0018495,0.0014714,0.0016334,0.0017286,0.0022911,0.0018569,0.0016936,0.0016969,0.0016417,0.0018699,0.0019,0.0016958,0.0017449,0.0018293,0.0018367,0.0015809,0.0019473,0.001573,0.0019181,0.001586,0.0014344,0.0013644,0.0016304,0.0019159,0.0012845,0.0017713,0.0014062,0.0015208,0.0017295,0.001349,0.0015599,0.0017772,0.0014741,0.0015276,0.0016172,0.0012257,0.0016677,0.0015292,0.0015547,0.0012832,0.0016409,0.0013845,0.0016214,0.0014627,0.00098672,0.0016106,0.0017313,0.0012211,0.001206,0.0011723,0.0015726,0.0015756,0.001535,0.0010907,0.00097659,0.00097785,0.0010096,0.0015328,0.001511,0.0010606,0.0013121,0.0010471,0.0010467,0.00088956,0.00083995,0.0011323,0.0011194,0.0014208,0.0012283,1074300.0,1105700.0,792270.0,4276700.0,2284500.0,1150800.0,5856800.0,1513400.0,1879800.0,3242500.0,2966100.0,734830.0,5652900.0,1298400.0,4052200.0,2459600.0,5070500.0,4091400.0,1340500.0,3371900.0,2502600.0,3347400.0,11704000.0,958350.0,6311800.0,749460.0,9101500.0,1591900.0,1841400.0,815570.0,3232100.0,1680500.0,5814300.0,23940000.0,2520900.0,2724900.0,4347000.0,1235900.0,1513400.0,1646200.0,2062700.0,1057700.0,2058300.0,1019200.0,7475600.0,2433400.0,1825600.0,1494000.0,2274900.0,15971000.0,952090.0,7278300.0,3995200.0,706940.0,3910700.0,1079100.0,2657700.0,17679000.0,32102000.0,2373200.0,1720700.0,1532600.0,2840700.0,1036400.0,1926200.0,3409900.0,803840.0,2871900.0,1940600.0,3915400.0,2755300.0,1446400.0,1119200.0,15048000.0,5077600.0,1340600.0,3613400.0,1673300.0,965090.0,2573300.0,3702600.0,1313000.0,893150.0,2116300.0,873820.0,1861100.0,2850800.0,4950200.0,4191200.0,2338500.0,5694300.0,1300700.0,9352900.0,4677300.0,1017700.0,1694700.0,903640.0,1769700.0,3509900.0,9918500.0,1730700.0,16523000.0,1417300.0,9919600.0,1633600.0,3256300.0,1272900.0,1628100.0,12535000.0,5115100.0,2157200.0,3869300.0,2389200.0,1225800.0,656170.0,3373000.0,11659000.0,2413800.0,1291100.0,778800.0,1922000.0,735100.0,1193700.0,2218700.0,8786700.0,4156700.0,2627900.0,3087700.0,2361300.0,1498700.0,773560.0,10411000.0,2404500.0,3548600.0,2073400.0,1371700.0,1031900.0,2014200.0,1052000.0,2853800.0,3921600.0,1159600.0,1477000.0,2103000.0,1521000.0,2210500.0,2422200.0,877170.0,6912100.0,1513500.0,9390500.0,6180200.0,809830.0,10291000.0,814480.0,1274500.0,19279000.0,683650.0,12167000.0,721740.0,5575100.0,3693400.0,3817200.0,2647300.0,5252900.0,4116200.0,4227600.0,964530.0,4135000.0,1638700.0,6369200.0,1506700.0,7610900.0,1080700.0,744550.0,4005200.0,2996600.0,1988300.0,8411500.0,2288700.0,948280.0,1205600.0,3671000.0,3568300.0,1940100.0,1475700.0,747540.0,6807100.0,5275200.0,2336700.0,637470.0,17726000.0,3323000.0,5257900.0,1142200.0,18258000.0,5431600.0,1100100.0,8580600.0,1353300.0,1434500.0,3992400.0,5297000.0,799330.0,1639500.0,973680.0,1778500.0,1568200.0,1456500.0,7851700.0,2342100.0,1425100.0,12280000.0,2793800.0,1238000.0,1263500.0,3260300.0,951930.0,4669600.0,1133200.0,1854600.0,8075300.0,4435100.0,696550.0,1421900.0,10018000.0,5258300.0,5069200.0,15394000.0,3001700.0,1931800.0,2342400.0,2994600.0,3189800.0,1882600.0,1749500.0,2275100.0,1499400.0,7215800.0,652060.0,3656200.0,8296200.0,8910100.0,1863600.0,5378600.0,4029700.0,5011000.0,864140.0,1139900.0,5361500.0,1551600.0,6587500.0,3485200.0,7122400.0,1970700.0,1638700.0,1591200.0,1087700.0,1106100.0,2208100.0,945990.0,5091800.0,3371700.0,4404800.0,3356800.0,2894200.0,2745600.0,15584000.0,14989000.0,6042000.0,4601000.0,2807600.0,6148400.0,3762100.0,1781300.0,2740300.0,1353800.0,4824200.0,3044800.0,1.5485,1.8597,4.1665,2.2431,2.4817,3.6641,1.2747,2.2414,4.2236,1.1905,1.9797,4.2094,2.4532,2.663,4.3258,0.73782,2.0667,4.2271,1.7093,2.5322,3.8725,3.0999,2.8421,5.8665,1.1732,2.0259,4.1873,1.6933,1.7104,4.2394,1.3,2.297,4.2969,0.67615,2.023,4.2127,2.8918,2.8414,4.6748,5.5087,2.7325,1.3378,1.2655,2.8026,3.6368,0.80229,2.1631,2.9931,2.6103,2.205,4.6038,1.458,1.6738,3.888,0.77834,2.7173,3.9247,1.8669,1.8497,3.5524,1.2162,2.3771,3.2655,0.38727,2.2951,3.4553,1.871,1.6197,3.4152,2.0694,2.6409,4.2052,1.9309,1.6294,3.3719,1.6688,1.6237,3.9916,0.33123,2.2004,3.1128,2.1267,2.4433,4.5556,1.5009,1.706,3.2929,0.94562,1.9681,2.7534,3.2792,2.8325,6.0496,1.9402,1.8307,3.5246,0.84497,2.7398,2.9186,1.6653,2.5966,4.0067,0.76835,1.8977,2.7325,1.091,2.4122,3.145,1.934,1.9311,4.4879,1.8733,1.6471,3.9009,0.6465,2.1276,3.9675,1.4492,2.5647,3.9546,0.97292,2.1729,3.1501,2.6658,2.3928,4.4173,2.007,2.2095,4.729,1.5514,1.6217,3.9284,1.8886,2.0451,4.4773,1.5097,2.2182,3.2236,0.81481,2.2628,2.9716,2.4402,2.5226,4.3694,2.04,2.474,4.8144,1.9408,2.6197,4.783,2.6225,2.3939,4.4018,1.2669,2.535,3.8708,1.9078,2.3567,4.4227,2.718,2.9636,4.5076,0.71031,2.3586,2.7144,1.3316,2.0065,4.6161,1.855,2.989,3.6736,0.22863,2.3677,3.3702,1.7084,1.613,4.081,0.86171,2.2401,3.0699,2.2882,2.3015,4.7216,0.45677,2.3841,3.1309,0.70033,2.2662,3.1198,0.01573,2.8993,1.6991,2.0831,2.2428,4.6826,2.5231,2.4667,4.326,2.2664,2.318,5.1451,1.9084,2.6249,4.1006,1.1204,1.8083,4.0815,4.5041,2.784,0.74031,0.75746,2.1981,2.9564,1.4981,2.1466,4.2948,1.1936,2.2903,3.5657,1.9877,2.6123,4.2528,1.6234,1.582,4.1437,1.1697,2.5086,3.1376,0.72502,2.5393,3.7356,2.2647,1.8145,3.6731,1.3854,2.5389,3.4843,1.358,2.6001,3.5114,1.3882,1.6301,4.2567,1.9396,2.6204,4.4361,2.1106,2.5968,4.6517,3.2959,2.8477,6.14,1.7974,1.5966,4.2021,1.9358,1.9219,3.3613,2.5395,2.9268,5.4017,1.1852,2.5781,3.0395,2.6804,2.3755,4.9993,1.0349,2.726,4.2621,1.4295,2.4975,3.564,0.99015,1.9631,4.1814,1.7802,1.6389,4.0556,1.9843,1.9383,3.3948,6.0639,2.8979,2.8748,2.9989,2.2142,4.6709,1.5674,1.9138,4.4216,1.168,2.5409,3.3598,1.4391,2.4687,3.4028,1.7181,1.8689,3.6574,2.055,2.4604,4.1231,1.0905,2.3918,3.259,2.512,1.8321,5.3511,1.0007,2.5785,3.2687,1.3317,2.5616,3.3051,0.23996,3.0512,3.1966,0.67003,1.954,2.7434,1.6556,1.9399,4.6435,1.5412,1.7859,4.2214,5.2107,2.7391,1.5883,0.90642,2.2426,2.9674,0.98099,2.7467,4.2565,2.369,2.4094,3.7067,2.9463,2.2951,4.9701,3.1192,2.5655,4.6322,2.1069,2.3833,4.627,2.1808,2.2363,4.173,0.71567,2.2753,3.3373,0.66846,2.4206,3.0519,0.59032,2.2851,3.8991,2.4652,2.4425,4.5611,0.68528,2.4613,2.8393,1.2829,1.5628,4.3705,1.5881,1.91,3.5618,0.40803,2.6678,2.2277,3.4173,2.905,0.27172,0.84127,2.2568,3.0601,1.6244,1.6644,4.1772,1.6829,1.9239,3.3096,0.81588,2.3407,2.907,2.2592,2.2598,4.9451,1.3604,2.5842,3.253,1.3039,2.2281,3.7008,0.36391,2.066,3.3496,1.7319,1.8856,3.4406,2.638,2.0055,4.139,2.0299,2.1543,4.9545,1.4127,1.6983,3.8619,0.76952,2.0735,2.8493,2.0891,2.1053,5.0968,2.1524,2.3007,4.587,1.512,2.4827,4.0432,3.9808,2.7882,6.1773,1.7962,2.5151,3.9675,0.58293,2.0065,4.1717,1.1671,2.6109,4.2205,3.266,2.7651,6.0943,1.7069,1.5679,3.2771,0.28808,2.3997,3.4413,4.8106,3.0013,0.6412,0.43198,2.8356,3.3679,1.1373,2.5535,3.1212,2.2583,2.1813,5.0396,1.6936,2.0491,4.4688,1.6539,1.62,3.4022,1.9341,2.9562,3.46,0.7527,2.3128,2.9311,0.78815,2.3516,3.0198,0.21568,2.6722,3.3494,1.9958,2.463,4.2875,0.6813,2.3905,2.806,1.0279,2.39,3.578,1.3006,1.7533,4.3341,0.23311,2.357,3.5124,1.6888,1.5978,3.2741,0.86899,2.2823,2.8772,2.9093,2.8508,6.0494,1.6468,2.5017,3.9467,2.0312,2.2543,4.6082,2.1288,2.6357,5.0353,1.5688,1.9529,3.8003,1.4445,1.7472,3.768,2.3057,2.1451,4.9787,1.4866,2.556,3.9165,0.45055,2.9871,2.0845,4.4267,2.8739,0.26064,1.3311,2.8538,4.1635,1.8417,1.9887,3.8921,1.1292,2.6742,2.7186,0.032709,2.7645,2.8137,1.0884,2.9202,4.2016,0.47324,2.4129,2.6258,0.85957,2.0964,2.8291,0.56438,2.489,3.4348,1.8527,2.2479,4.3519,1.0456,2.8318,4.2151,0.72572,2.0748,2.9204,2.128,1.833,3.6884,1.4338,1.8918,3.733,2.2139,2.56,4.6793,1.5676,1.5738,4.2009,1.2601,2.1335,3.2486,0.76789,2.1187,2.986,0.73368,2.2396,2.6422,1.8009,2.3945,4.1944,2.2081,2.5478,4.893,0.59491,2.0788,2.917,1.7327,1.8146,3.2918,0.90917,2.9715,2.6274,0.51998,2.5358,2.5835,3.267,2.7173,6.2218,6.2817,2.8715,2.7353,4.056,2.865,6.0128,2.4187,2.2003,3.7279,1.5125,3.0558,4.5649,1.2312,2.4487,3.5118,5.9646,3.1106,2.7005,2.3741,2.161,3.7257,1.3292,1.8452,3.7146,2.3689,2.3298,4.655,2.5836,2.7467,4.2824,1.2523,2.7192,4.3032,1.6407,1.9255,3.7964,1.2305,2.7347,3.8023,2.3153,2.3226,4.8999,1.3457,2.5872,3.3651,2.1392,2.3224,4.0468,0.81751,1.9824,3.3899,2.4191,2.2877,3.8155,2.3317,2.329,3.7216,2.3169,2.0167,5.1024,2.6015,2.2924,4.8328,2.4128,2.2416,3.7876,1.4574,1.6172,3.9342,2.3008,2.5614,4.9004,1.7057,1.9429,3.8446,0.82359,2.1073,4.1466,1.565,1.8495,4.358,2.2866,2.5195,4.9516,1.444,2.4024,3.2525,5.8169,2.8002,2.0977,1.8628,1.7459,3.531,1.9175,2.875,4.1285,2.1361,2.0044,4.8444,1.1999,2.636,4.3882,2.0361,2.1623,4.9604,1.6619,1.775,3.9219,1.6431,1.9929,3.3114,1.173,2.7235,3.7439,1.0571,2.8522,3.8215,1.597,2.5012,3.9299,1.1668,2.6578,3.6762,1.7484,1.7379,4.0786,0.70794,2.443,2.8211,1.8229,2.153,4.4256,0.1014,2.7755,3.0356,1.026,1.9518,4.352,0.98541,2.2712,3.0915,1.5749,2.4085,4.5567,1.0095,2.0775,2.8302,0.81113,2.0082,2.6774,1.7059,1.7535,3.9299,0.85187,2.4339,2.9448,1.2968,1.5778,3.8411,2.7707,2.6145,4.6081,1.0368,2.2565,3.6374,1.183,2.7122,3.6947,2.0128,2.0014,4.4759,0.99334,1.9603,4.2373,1.9194,1.6457,3.4332,1.7376,2.5048,3.9668,2.2793,2.5292,4.8674,2.0453,2.3505,3.5838,1.2008,3.0533,3.4617,1.3892,1.4455,4.2576,0.72249,2.9746,3.6566,1.6548,1.7178,4.2448,0.81325,1.9988,2.7155,0.52564,2.2255,4.0678,2.5819,2.5994,4.526,2.0239,2.0992,3.454,1.3708,2.874,3.53,1.0882,2.2377,3.6112,2.542,2.0489,4.484,1.5058,1.7369,4.4194,1.5905,2.5852,3.5643,2.0752,2.2906,4.0614,2.7163,2.2903,4.959,0.44973,2.4937,2.9266
0.23819,0.37775,0.0083265,268.57,310.67,199.24,0.0015257,0.0018402,0.0010076,204.09,226.23,247.61,225.93,232.18,180.57,231.73,228.51,275.29,233.99,285.54,314.34,205.71,258.21,232.45,320.63,227.57,273.21,249.35,178.95,375.19,244.48,205.77,248.48,206.56,305.24,286.9,352.08,189.24,273.22,248.76,246.89,146.37,273.96,298.75,392.72,291.7,206.68,364.76,395.53,315.08,208.83,309.55,211.01,317.88,304.24,351.91,357.57,412.61,314.16,310.14,302.33,457.7,395.63,435.88,330.17,378.57,359.88,256.72,483.4,435.89,398.22,379.69,215.76,336.67,272.36,281.31,239.48,389.81,296.39,327.01,283.34,383.63,388.69,339.36,312.51,305.59,388.09,389.53,377.5,291.56,352.53,373.22,288.48,373.6,241.63,383.84,308.24,365.98,315.12,363.73,371.23,327.6,358.1,341.04,288.99,313.08,389.59,327.24,303.41,480.84,418.52,451.39,311.13,400.38,537.23,482.99,393.03,296.67,355.49,451.72,333.36,427.62,368.09,299.57,433.28,375.35,457.1,468.99,392.22,502.77,470.0,488.26,356.71,410.32,469.91,560.91,301.42,593.09,525.51,489.97,371.76,533.94,453.88,356.63,718.93,411.2,458.5,424.96,427.93,387.82,309.65,378.49,452.32,316.04,542.84,356.64,378.33,463.25,530.9,296.48,335.95,428.65,301.11,156.42,364.94,420.3,353.82,560.33,410.53,221.05,317.85,232.61,250.66,314.79,312.44,256.04,336.68,327.96,252.7,304.56,274.46,326.05,226.75,295.49,280.24,275.63,254.02,243.96,334.67,244.96,362.45,398.56,276.58,324.88,265.53,352.0,314.08,249.79,350.58,358.13,317.63,325.32,315.01,351.97,359.89,301.59,549.23,259.29,280.02,295.62,296.96,265.27,311.39,306.01,393.11,300.2,280.51,280.67,360.26,300.71,210.62,240.76,285.77,381.76,290.62,252.47,296.74,265.5,299.4,295.63,271.33,283.25,295.33,297.34,235.74,316.53,235.92,324.14,240.6,249.49,208.59,293.48,298.44,186.27,296.83,240.94,191.66,278.19,205.28,242.74,292.61,205.37,259.22,275.91,207.33,277.24,266.71,246.21,195.8,260.25,223.33,263.03,254.24,172.68,297.97,301.21,219.64,175.44,214.19,288.6,260.41,260.02,240.84,157.09,162.75,206.56,256.17,260.42,229.18,237.22,217.26,197.55,177.83,185.37,233.94,208.73,263.6,222.04,0.00073171,0.001018,0.0010971,0.0011821,0.0011127,0.00085631,0.0012026,0.00096813,0.0014277,0.0011048,0.0015122,0.0017362,0.0010164,0.0013947,0.0011285,0.0018677,0.0013233,0.001542,0.0015903,0.0011114,0.0021666,0.0016121,0.0012894,0.0017303,0.0014057,0.0019926,0.0016656,0.002014,0.0014214,0.0018174,0.001535,0.0015365,0.0010408,0.0015159,0.0018069,0.0023531,0.0018057,0.0012209,0.0021878,0.0022881,0.0018013,0.0011731,0.0019409,0.0016039,0.0019296,0.0018759,0.0021928,0.0020241,0.0024534,0.0018893,0.0015134,0.0018973,0.0026964,0.0021681,0.0025569,0.0020794,0.0022383,0.0016062,0.0016891,0.0028899,0.0025317,0.0023771,0.0022792,0.0013931,0.002275,0.001796,0.0016548,0.0017811,0.0024213,0.0018582,0.0020862,0.0019266,0.0022594,0.0023157,0.0015139,0.0020251,0.0019559,0.0024247,0.0024559,0.0023927,0.0015689,0.0023898,0.0024321,0.0018127,0.001628,0.0017995,0.0016857,0.0020042,0.0022008,0.0020689,0.002258,0.0021266,0.0016725,0.0022741,0.0017583,0.0019624,0.0019345,0.0024654,0.001743,0.0019601,0.0024454,0.0025287,0.0026783,0.0018634,0.002434,0.0026277,0.0028257,0.0024641,0.0020202,0.0021788,0.0027136,0.0022201,0.0020215,0.0022028,0.002012,0.0026042,0.0022435,0.002582,0.0025612,0.0019517,0.0022563,0.0027256,0.0023292,0.0023428,0.0022488,0.0022285,0.0031032,0.0020852,0.0028261,0.0029788,0.002967,0.0022024,0.0028607,0.0018628,0.0022919,0.0035388,0.0023857,0.0023937,0.0025357,0.002301,0.0023423,0.0019684,0.0021768,0.0026874,0.0021837,0.0026255,0.0021981,0.0017223,0.0022682,0.0027385,0.0019457,0.0021697,0.0023722,0.0019496,0.0012525,0.0020983,0.0024547,0.0021732,0.0025949,0.0020415,0.0014264,0.0019772,0.0016251,0.0017309,0.0017952,0.0019017,0.0018275,0.0020818,0.0020297,0.0017871,0.0020227,0.0016341,0.0020304,0.0016084,0.001919,0.001763,0.0018728,0.0016183,0.0015399,0.0019655,0.0015807,0.002133,0.0023103,0.0016635,0.0020357,0.0018591,0.0022239,0.001936,0.0017254,0.0020471,0.0017761,0.0020516,0.0020539,0.0019659,0.0023347,0.0021617,0.0019471,0.0019552,0.0017526,0.0017159,0.0018574,0.0019266,0.0017525,0.0019649,0.0018261,0.0024843,0.0017163,0.0019023,0.0017549,0.0019657,0.0018503,0.0014718,0.0016339,0.0017292,0.0022921,0.001858,0.0016944,0.0016973,0.0016422,0.0018705,0.0019006,0.0016965,0.0017454,0.0018299,0.0018371,0.0015814,0.0019482,0.0015734,0.0019189,0.0015866,0.0014349,0.0013648,0.0016311,0.0019166,0.0012848,0.0017718,0.0014066,0.0015211,0.00173,0.0013495,0.0015603,0.0017777,0.0014746,0.0015279,0.0016175,0.001226,0.0016682,0.0015296,0.0015552,0.0012835,0.0016414,0.0013849,0.0016218,0.0014631,0.00098697,0.0016109,0.0017318,0.0012214,0.0012062,0.0011726,0.001573,0.0015761,0.0015353,0.0010909,0.00097679,0.00097804,0.0010098,0.0015333,0.0015113,0.0010607,0.0013124,0.0010473,0.001047,0.00088979,0.00084012,0.0011326,0.0011196,0.0014211,0.0012286,1074300.0,1105700.0,792270.0,4276700.0,2284500.0,1150800.0,5856800.0,1513400.0,1879800.0,3242500.0,2966100.0,734830.0,5652900.0,1298400.0,4052200.0,2459600.0,5070500.0,4091400.0,1340500.0,3371900.0,2502600.0,3347400.0,11704000.0,958350.0,6311800.0,749460.0,9101500.0,1591900.0,1841400.0,815570.0,3232100.0,1680500.0,5814300.0,23940000.0,2520900.0,2724900.0,4347000.0,1235900.0,1513400.0,1646200.0,2062700.0,1057700.0,2058300.0,1019200.0,7475600.0,2433400.0,1825600.0,1494000.0,2274900.0,15971000.0,952090.0,7278300.0,3995200.0,706940.0,3910700.0,1079100.0,2657700.0,17679000.0,32102000.0,2373200.0,1720700.0,1532600.0,2840700.0,1036400.0,1926200.0,3409900.0,803840.0,2871900.0,1940600.0,3915400.0,2755300.0,1446400.0,1119200.0,15048000.0,5077600.0,1340600.0,3613400.0,1673300.0,965090.0,2573300.0,3702600.0,1313000.0,893150.0,2116300.0,873820.0,1861100.0,2850800.0,4950200.0,4191200.0,2338500.0,5694300.0,1300700.0,9352900.0,4677300.0,1017700.0,1694700.0,903640.0,1769700.0,3509900.0,9918500.0,1730700.0,16523000.0,1417300.0,9919600.0,1633600.0,3256300.0,1272900.0,1628100.0,12535000.0,5115100.0,2157200.0,3869300.0,2389200.0,1225800.0,656170.0,3373000.0,11659000.0,2413800.0,1291100.0,778800.0,1922000.0,735100.0,1193700.0,2218700.0,8786700.0,4156700.0,2627900.0,3087700.0,2361300.0,1498700.0,773560.0,10411000.0,2404500.0,3548600.0,2073400.0,1371700.0,1031900.0,2014200.0,1052000.0,2853800.0,3921600.0,1159600.0,1477000.0,2103000.0,1521000.0,2210500.0,2422200.0,877170.0,6912100.0,1513500.0,9390500.0,6180200.0,809830.0,10291000.0,814480.0,1274500.0,19279000.0,683650.0,12167000.0,721740.0,5575100.0,3693400.0,3817200.0,2647300.0,5252900.0,4116200.0,4227600.0,964530.0,4135000.0,1638700.0,6369200.0,1506700.0,7610900.0,1080700.0,744550.0,4005200.0,2996600.0,1988300.0,8411500.0,2288700.0,948280.0,1205600.0,3671000.0,3568300.0,1940100.0,1475700.0,747540.0,6807100.0,5275200.0,2336700.0,637470.0,17726000.0,3323000.0,5257900.0,1142200.0,18258000.0,5431600.0,1100100.0,8580600.0,1353300.0,1434500.0,3992400.0,5297000.0,799330.0,1639500.0,973680.0,1778500.0,1568200.0,1456500.0,7851700.0,2342100.0,1425100.0,12280000.0,2793800.0,1238000.0,1263500.0,3260300.0,951930.0,4669600.0,1133200.0,1854600.0,8075300.0,4435100.0,696550.0,1421900.0,10018000.0,5258300.0,5069200.0,15394000.0,3001700.0,1931800.0,2342400.0,2994600.0,3189800.0,1882600.0,1749500.0,2275100.0,1499400.0,7215800.0,652060.0,3656200.0,8296200.0,8910100.0,1863600.0,5378600.0,4029700.0,5011000.0,864140.0,1139900.0,5361500.0,1551600.0,6587500.0,3485200.0,7122400.0,1970700.0,1638700.0,1591200.0,1087700.0,1106100.0,2208100.0,945990.0,5091800.0,3371700.0,4404800.0,3356800.0,2894200.0,2745600.0,15584000.0,14989000.0,6042000.0,4601000.0,2807600.0,6148400.0,3762100.0,1781300.0,2740300.0,1353800.0,4824200.0,3044800.0,1.5485,1.8597,4.1665,2.2431,2.4817,3.6641,1.2747,2.2414,4.2236,1.1905,1.9796,4.2094,2.4531,2.6629,4.3258,0.73771,2.0667,4.2272,1.7094,2.5323,3.8725,3.0999,2.8421,5.8665,1.1731,2.0259,4.1872,1.6932,1.7104,4.2394,1.3,2.2971,4.2969,0.67595,2.023,4.2127,2.8917,2.8414,4.6749,5.5085,2.7324,1.3377,1.2655,2.8025,3.6369,0.80215,2.1631,2.9931,2.6104,2.2051,4.604,1.458,1.6738,3.888,0.77856,2.7175,3.9248,1.8668,1.8497,3.5525,1.2162,2.3771,3.2656,0.38732,2.2951,3.4552,1.8711,1.6197,3.4152,2.0695,2.6408,4.2051,1.931,1.6294,3.3719,1.6688,1.6237,3.9917,0.3312,2.2005,3.1128,2.1268,2.4434,4.5557,1.5009,1.706,3.293,0.94575,1.9682,2.7534,3.2793,2.8324,6.0497,1.9402,1.8307,3.5246,0.84487,2.7398,2.9186,1.6652,2.5966,4.0067,0.76842,1.8977,2.7325,1.0909,2.4122,3.145,1.934,1.9311,4.4879,1.8735,1.647,3.9009,0.64656,2.1275,3.9677,1.4494,2.5648,3.9548,0.97285,2.173,3.15,2.6659,2.3928,4.4174,2.007,2.2095,4.729,1.5514,1.6217,3.9284,1.8886,2.0452,4.4773,1.5098,2.2183,3.2236,0.81477,2.2629,2.9715,2.4402,2.5227,4.3694,2.0401,2.4739,4.8143,1.9409,2.6197,4.7829,2.6226,2.394,4.402,1.2669,2.5351,3.8708,1.908,2.3568,4.4228,2.7188,2.9635,4.5082,0.71045,2.3586,2.7146,1.3314,2.0064,4.6161,1.8551,2.989,3.6736,0.22854,2.3676,3.3702,1.7084,1.613,4.081,0.86186,2.2402,3.07,2.2883,2.3015,4.7217,0.45656,2.384,3.1309,0.70017,2.2663,3.1197,0.015738,2.8993,1.699,2.0834,2.2429,4.6828,2.5231,2.4669,4.3261,2.2663,2.318,5.1451,1.9083,2.6248,4.1005,1.1205,1.8082,4.0817,4.5041,2.7839,0.74049,0.75744,2.1982,2.9564,1.4982,2.1466,4.2948,1.1937,2.2904,3.5657,1.9876,2.6123,4.2528,1.6234,1.5821,4.1437,1.1697,2.5086,3.1376,0.72498,2.5394,3.7356,2.2649,1.8145,3.673,1.3854,2.5389,3.4843,1.358,2.6001,3.5114,1.3882,1.6301,4.2567,1.9397,2.6203,4.4361,2.1107,2.5966,4.6518,3.2958,2.8477,6.14,1.7976,1.5965,4.2021,1.936,1.9219,3.3612,2.5397,2.9267,5.4018,1.1851,2.578,3.0395,2.6804,2.3754,4.9992,1.035,2.7261,4.2623,1.4295,2.4975,3.564,0.99024,1.9632,4.1816,1.7802,1.6389,4.0556,1.9843,1.9383,3.3948,6.0641,2.8979,2.875,2.9989,2.2141,4.6709,1.5675,1.9138,4.4217,1.1681,2.5408,3.3598,1.4391,2.4687,3.4028,1.7181,1.8689,3.6574,2.055,2.4604,4.1232,1.0905,2.3918,3.2591,2.512,1.832,5.3512,1.0007,2.5784,3.2687,1.3315,2.5616,3.305,0.23989,3.0512,3.1965,0.67004,1.9541,2.7434,1.6555,1.9399,4.6436,1.5412,1.7859,4.2215,5.2107,2.739,1.5883,0.90646,2.2426,2.9675,0.98107,2.7469,4.2567,2.369,2.4094,3.7067,2.9463,2.2952,4.9701,3.1193,2.5655,4.6322,2.107,2.3833,4.6271,2.1808,2.2363,4.173,0.71569,2.2754,3.3373,0.66851,2.4206,3.0518,0.59036,2.2853,3.8992,2.4652,2.4426,4.5609,0.68515,2.4613,2.8391,1.2828,1.5627,4.3706,1.5881,1.9099,3.5619,0.40816,2.6678,2.2278,3.4173,2.905,0.27175,0.84122,2.2568,3.06,1.6243,1.6644,4.1773,1.6829,1.924,3.3097,0.81596,2.3407,2.9071,2.2593,2.2597,4.9451,1.3605,2.5842,3.2531,1.304,2.2281,3.701,0.36399,2.066,3.3498,1.7319,1.8856,3.4406,2.638,2.0054,4.1391,2.0298,2.1543,4.9545,1.4127,1.6983,3.8619,0.76951,2.0736,2.8494,2.0891,2.1053,5.0969,2.1524,2.3007,4.587,1.5121,2.4828,4.0433,3.9807,2.7878,6.1772,1.7961,2.5151,3.9674,0.5828,2.0065,4.1717,1.167,2.6109,4.2204,3.2659,2.765,6.0944,1.7069,1.5679,3.2771,0.28813,2.3997,3.4413,4.8105,3.0013,0.64106,0.43197,2.8357,3.3681,1.1373,2.5535,3.1213,2.2583,2.1813,5.0396,1.6937,2.0491,4.4689,1.6538,1.62,3.4023,1.9343,2.9563,3.4602,0.75273,2.3127,2.9311,0.78813,2.3515,3.0198,0.21565,2.6722,3.3494,1.9959,2.4631,4.2875,0.68137,2.3904,2.806,1.028,2.3901,3.578,1.3007,1.7533,4.3342,0.23317,2.357,3.5125,1.6888,1.5978,3.2741,0.86911,2.2822,2.8772,2.9093,2.8508,6.0494,1.6466,2.5016,3.9467,2.0312,2.2544,4.6082,2.1287,2.6356,5.0352,1.5687,1.9528,3.8003,1.4446,1.7471,3.768,2.3057,2.1451,4.9787,1.4865,2.556,3.9164,0.4505,2.987,2.0844,4.4266,2.8738,0.26064,1.331,2.8539,4.1634,1.8416,1.9887,3.8921,1.129,2.6742,2.7184,0.032538,2.7645,2.8137,1.0885,2.9202,4.2016,0.47326,2.4128,2.6259,0.85957,2.0965,2.8291,0.56449,2.489,3.4349,1.8529,2.248,4.352,1.0454,2.8318,4.2151,0.72582,2.0749,2.9203,2.1281,1.833,3.6883,1.4338,1.8918,3.7331,2.2138,2.5599,4.679,1.5678,1.5737,4.2009,1.2601,2.1335,3.2486,0.76802,2.1188,2.9859,0.73366,2.2395,2.6422,1.8009,2.3945,4.1944,2.208,2.5476,4.8929,0.59492,2.0788,2.9169,1.7327,1.8146,3.2918,0.90931,2.9715,2.6275,0.51992,2.5358,2.5834,3.2671,2.7173,6.2219,6.2818,2.8715,2.7355,4.0558,2.8649,6.0125,2.4187,2.2001,3.7279,1.5126,3.0558,4.5652,1.2312,2.4487,3.5119,5.9636,3.1106,2.6997,2.3741,2.1609,3.7256,1.3292,1.8452,3.7146,2.3689,2.3298,4.6551,2.5835,2.7468,4.2825,1.2523,2.7192,4.3032,1.6406,1.9255,3.7964,1.2306,2.7347,3.8024,2.3153,2.3226,4.8998,1.3455,2.5871,3.3651,2.1391,2.3225,4.0467,0.81751,1.9824,3.3899,2.4191,2.2876,3.8155,2.3316,2.3289,3.7215,2.317,2.0167,5.1026,2.6014,2.2924,4.8328,2.4128,2.2416,3.7876,1.4574,1.6172,3.9343,2.3007,2.5613,4.9004,1.7056,1.9429,3.8445,0.82361,2.1072,4.1467,1.5649,1.8495,4.358,2.2865,2.5194,4.9516,1.444,2.4024,3.2525,5.8168,2.8001,2.0976,1.8628,1.7459,3.531,1.9174,2.8748,4.1284,2.1362,2.0045,4.8445,1.2,2.636,4.3882,2.0362,2.1623,4.9604,1.6619,1.775,3.9219,1.6431,1.9929,3.3114,1.1731,2.7235,3.744,1.0572,2.8522,3.8215,1.5971,2.5012,3.93,1.1668,2.6577,3.6761,1.7483,1.7379,4.0786,0.70782,2.443,2.8211,1.8229,2.153,4.4256,0.10139,2.7754,3.0358,1.0259,1.9518,4.352,0.98542,2.2712,3.0915,1.5748,2.4085,4.5567,1.0095,2.0775,2.8302,0.81118,2.0082,2.6774,1.706,1.7534,3.9299,0.85179,2.4339,2.9449,1.2967,1.5778,3.8411,2.7707,2.6146,4.6081,1.0367,2.2566,3.6373,1.183,2.7122,3.6947,2.0128,2.0015,4.4759,0.99327,1.9603,4.2373,1.9194,1.6457,3.4332,1.7376,2.5048,3.9668,2.2794,2.5292,4.8673,2.0453,2.3505,3.5838,1.2008,3.0532,3.4617,1.3892,1.4455,4.2576,0.72254,2.9746,3.6566,1.6548,1.7177,4.2448,0.8133,1.9988,2.7154,0.52555,2.2255,4.0679,2.5818,2.5994,4.5261,2.0239,2.0992,3.454,1.3708,2.874,3.53,1.0882,2.2377,3.6112,2.542,2.049,4.484,1.5058,1.7369,4.4194,1.5905,2.5852,3.5643,2.0752,2.2906,4.0614,2.7163,2.2903,4.959,0.44974,2.4937,2.9266
0.23852,0.37826,0.0083355,268.72,310.9,199.25,0.0015265,0.0018415,0.0010077,204.12,226.28,247.68,225.99,232.25,180.62,231.73,228.57,275.38,234.03,285.65,314.53,205.74,258.33,232.51,320.83,227.65,273.31,249.49,178.97,375.42,244.56,205.85,248.53,206.61,305.38,287.03,352.27,189.32,273.31,248.86,247.02,146.43,274.15,298.92,392.9,291.81,206.93,365.02,395.77,315.26,208.94,309.83,211.07,318.04,304.41,352.05,357.77,412.86,314.31,310.34,302.5,458.1,395.83,436.25,330.42,378.84,360.46,257.05,483.71,436.25,398.42,379.99,215.91,336.81,272.52,281.59,239.7,390.14,296.74,327.39,283.55,383.84,389.07,339.97,312.73,305.66,388.33,389.78,377.79,291.98,352.88,373.51,288.52,374.21,241.81,384.34,308.5,366.24,315.31,364.06,371.66,327.93,358.36,341.43,289.21,313.38,389.93,327.82,303.7,481.42,418.8,451.94,311.48,400.77,537.79,483.32,393.46,296.97,355.71,452.07,333.63,428.5,368.59,299.78,433.66,375.78,457.77,469.55,392.55,503.66,470.42,489.16,357.06,410.77,470.51,561.57,301.71,593.85,525.98,490.52,372.19,534.5,454.85,356.99,719.64,411.64,459.07,425.34,428.41,388.17,309.97,378.8,452.73,316.3,543.43,356.81,378.77,463.91,531.43,296.72,336.24,429.02,301.41,156.47,365.35,420.66,353.99,560.97,410.73,221.12,318.07,232.74,250.85,315.14,312.61,256.22,336.83,328.21,252.79,304.72,274.63,326.28,226.93,295.62,280.36,275.77,254.17,244.08,334.78,245.11,362.7,398.78,276.73,325.17,265.66,352.22,314.29,249.92,350.82,358.37,317.84,325.49,315.18,352.29,360.1,301.79,549.71,259.49,280.17,295.81,297.15,265.37,311.57,306.22,393.5,300.46,280.68,280.78,360.53,300.9,210.7,240.86,285.9,382.0,290.85,252.64,296.82,265.62,299.54,295.75,271.5,283.36,295.4,297.42,235.84,316.73,236.0,324.32,240.73,249.59,208.69,293.62,298.58,186.33,296.93,241.06,191.73,278.28,205.37,242.84,292.72,205.46,259.28,275.99,207.37,277.36,266.81,246.32,195.86,260.36,223.41,263.13,254.33,172.73,298.03,301.3,219.71,175.47,214.26,288.7,260.52,260.08,240.88,157.12,162.78,206.61,256.25,260.48,229.2,237.28,217.3,197.6,177.88,185.41,234.0,208.75,263.7,222.08,0.00073181,0.0010181,0.0010972,0.0011824,0.001113,0.00085659,0.0012025,0.0009684,0.0014282,0.0011051,0.0015129,0.0017373,0.0010165,0.0013955,0.0011287,0.0018687,0.0013237,0.0015426,0.0015913,0.0011116,0.0021678,0.0016127,0.0012899,0.0017309,0.0014059,0.0019935,0.0016665,0.0020151,0.001422,0.001818,0.0015356,0.0015374,0.0010411,0.0015169,0.0018078,0.0023541,0.0018064,0.0012223,0.0021893,0.0022895,0.0018024,0.0011738,0.0019426,0.0016044,0.0019306,0.0018769,0.0021938,0.0020256,0.002455,0.0018903,0.0015144,0.0018984,0.0026987,0.0021697,0.0025591,0.0020808,0.0022404,0.0016091,0.0016908,0.0028921,0.0025336,0.0023787,0.002281,0.001394,0.002276,0.0017971,0.0016566,0.0017827,0.0024236,0.0018602,0.0020884,0.0019277,0.0022608,0.0023179,0.0015165,0.0020262,0.0019566,0.0024262,0.0024577,0.0023946,0.001571,0.0023917,0.002434,0.0018134,0.0016308,0.0018004,0.0016878,0.0020056,0.0022024,0.0020703,0.0022598,0.0021291,0.0016742,0.0022758,0.0017602,0.0019637,0.001936,0.0024674,0.0017458,0.0019618,0.0024484,0.0025304,0.0026812,0.0018655,0.002436,0.002631,0.0028277,0.0024666,0.0020221,0.0021803,0.0027157,0.0022217,0.0020255,0.0022054,0.0020136,0.0026063,0.0022458,0.0025857,0.0025643,0.0019539,0.0022594,0.0027282,0.0023339,0.002345,0.0022511,0.0022319,0.0031069,0.0020872,0.0028296,0.0029815,0.0029701,0.0022047,0.0028637,0.001867,0.0022942,0.0035424,0.002388,0.0023973,0.002538,0.0023039,0.0023444,0.0019702,0.0021789,0.0026897,0.0021854,0.0026286,0.0021995,0.0017247,0.0022718,0.0027413,0.0019473,0.0021712,0.0023745,0.0019513,0.001253,0.0021007,0.0024567,0.0021742,0.0025983,0.0020424,0.0014268,0.0019786,0.001626,0.001732,0.0017971,0.0019028,0.0018287,0.0020827,0.0020311,0.0017879,0.0020238,0.0016351,0.0020316,0.0016094,0.00192,0.0017637,0.0018736,0.0016191,0.0015407,0.0019664,0.0015816,0.0021344,0.0023115,0.0016644,0.0020371,0.00186,0.0022255,0.0019373,0.0017262,0.0020485,0.0017777,0.0020528,0.0020551,0.0019669,0.0023364,0.0021629,0.0019483,0.0019576,0.0017538,0.0017166,0.0018586,0.0019279,0.0017532,0.0019659,0.0018275,0.0024861,0.0017177,0.0019034,0.0017557,0.0019672,0.0018514,0.0014723,0.0016346,0.00173,0.0022935,0.0018594,0.0016954,0.0016978,0.0016429,0.0018712,0.0019014,0.0016974,0.0017461,0.0018306,0.0018376,0.001582,0.0019493,0.001574,0.00192,0.0015873,0.0014354,0.0013653,0.0016319,0.0019175,0.0012851,0.0017724,0.0014073,0.0015216,0.0017306,0.0013501,0.0015609,0.0017785,0.0014752,0.0015282,0.001618,0.0012263,0.001669,0.0015301,0.0015558,0.0012839,0.0016421,0.0013854,0.0016223,0.0014637,0.00098726,0.0016113,0.0017324,0.0012218,0.0012064,0.001173,0.0015735,0.0015767,0.0015356,0.0010911,0.00097701,0.00097824,0.00101,0.0015338,0.0015116,0.0010608,0.0013127,0.0010474,0.0010472,0.00089003,0.0008403,0.0011328,0.0011197,0.0014216,0.0012288,1074300.0,1105700.0,792270.0,4276700.0,2284500.0,1150800.0,5856800.0,1513400.0,1879800.0,3242500.0,2966100.0,734830.0,5652900.0,1298400.0,4052200.0,2459600.0,5070500.0,4091400.0,1340500.0,3371900.0,2502600.0,3347400.0,11704000.0,958350.0,6311800.0,749460.0,9101500.0,1591900.0,1841400.0,815570.0,3232100.0,1680500.0,5814300.0,23940000.0,2520900.0,2724900.0,4347000.0,1235900.0,1513400.0,1646200.0,2062700.0,1057700.0,2058300.0,1019200.0,7475600.0,2433400.0,1825600.0,1494000.0,2274900.0,15971000.0,952090.0,7278300.0,3995200.0,706940.0,3910700.0,1079100.0,2657700.0,17679000.0,32102000.0,2373200.0,1720700.0,1532600.0,2840700.0,1036400.0,1926200.0,3409900.0,803840.0,2871900.0,1940600.0,3915400.0,2755300.0,1446400.0,1119200.0,15048000.0,5077600.0,1340600.0,3613400.0,1673300.0,965090.0,2573300.0,3702600.0,1313000.0,893150.0,2116300.0,873820.0,1861100.0,2850800.0,4950200.0,4191200.0,2338500.0,5694300.0,1300700.0,9352900.0,4677300.0,1017700.0,1694700.0,903640.0,1769700.0,3509900.0,9918500.0,1730700.0,16523000.0,1417300.0,9919600.0,1633600.0,3256300.0,1272900.0,1628100.0,12535000.0,5115100.0,2157200.0,3869300.0,2389200.0,1225800.0,656170.0,3373000.0,11659000.0,2413800.0,1291100.0,778800.0,1922000.0,735100.0,1193700.0,2218700.0,8786700.0,4156700.0,2627900.0,3087700.0,2361300.0,1498700.0,773560.0,10411000.0,2404500.0,3548600.0,2073400.0,1371700.0,1031900.0,2014200.0,1052000.0,2853800.0,3921600.0,1159600.0,1477000.0,2103000.0,1521000.0,2210500.0,2422200.0,877170.0,6912100.0,1513500.0,9390500.0,6180200.0,809830.0,10291000.0,814480.0,1274500.0,19279000.0,683650.0,12167000.0,721740.0,5575100.0,3693400.0,3817200.0,2647300.0,5252900.0,4116200.0,4227600.0,964530.0,4135000.0,1638700.0,6369200.0,1506700.0,7610900.0,1080700.0,744550.0,4005200.0,2996600.0,1988300.0,8411500.0,2288700.0,948280.0,1205600.0,3671000.0,3568300.0,1940100.0,1475700.0,747540.0,6807100.0,5275200.0,2336700.0,637470.0,17726000.0,3323000.0,5257900.0,1142200.0,18258000.0,5431600.0,1100100.0,8580600.0,1353300.0,1434500.0,3992400.0,5297000.0,799330.0,1639500.0,973680.0,1778500.0,1568200.0,1456500.0,7851700.0,2342100.0,1425100.0,12280000.0,2793800.0,1238000.0,1263500.0,3260300.0,951930.0,4669600.0,1133200.0,1854600.0,8075300.0,4435100.0,696550.0,1421900.0,10018000.0,5258300.0,5069200.0,15394000.0,3001700.0,1931800.0,2342400.0,2994600.0,3189800.0,1882600.0,1749500.0,2275100.0,1499400.0,7215800.0,652060.0,3656200.0,8296200.0,8910100.0,1863600.0,5378600.0,4029700.0,5011000.0,864140.0,1139900.0,5361500.0,1551600.0,6587500.0,3485200.0,7122400.0,1970700.0,1638700.0,1591200.0,1087700.0,1106100.0,2208100.0,945990.0,5091800.0,3371700.0,4404800.0,3356800.0,2894200.0,2745600.0,15584000.0,14989000.0,6042000.0,4601000.0,2807600.0,6148400.0,3762100.0,1781300.0,2740300.0,1353800.0,4824200.0,3044800.0,1.5486,1.8597,4.1665,2.2431,2.4817,3.6641,1.2747,2.2415,4.2236,1.1904,1.9796,4.2094,2.453,2.6629,4.3258,0.73756,2.0667,4.2272,1.7095,2.5323,3.8725,3.1,2.842,5.8665,1.173,2.0259,4.1872,1.6931,1.7104,4.2393,1.3001,2.2972,4.297,0.67564,2.0229,4.2128,2.8915,2.8414,4.675,5.5081,2.7323,1.3375,1.2656,2.8025,3.6369,0.80194,2.1631,2.9931,2.6106,2.2052,4.6042,1.4579,1.6737,3.888,0.77889,2.7177,3.9251,1.8666,1.8498,3.5526,1.2163,2.3771,3.2657,0.38739,2.2951,3.455,1.8712,1.6196,3.4153,2.0695,2.6407,4.2051,1.9312,1.6293,3.3719,1.6689,1.6236,3.9918,0.33116,2.2006,3.1127,2.1268,2.4434,4.5559,1.5009,1.706,3.2931,0.94594,1.9683,2.7535,3.2794,2.8324,6.0499,1.9403,1.8307,3.5246,0.84471,2.7399,2.9187,1.665,2.5965,4.0067,0.76852,1.8977,2.7324,1.0908,2.4122,3.1451,1.934,1.9311,4.4879,1.8738,1.647,3.901,0.64665,2.1274,3.968,1.4498,2.5648,3.9551,0.97275,2.1731,3.1498,2.6661,2.393,4.4177,2.007,2.2095,4.729,1.5514,1.6215,3.9284,1.8886,2.0454,4.4773,1.5098,2.2183,3.2236,0.81471,2.2629,2.9713,2.4401,2.5229,4.3694,2.0402,2.4737,4.8143,1.9409,2.6197,4.7828,2.6227,2.3942,4.4022,1.2669,2.5351,3.8707,1.9083,2.3569,4.423,2.7199,2.9634,4.509,0.71066,2.3585,2.7148,1.3311,2.0064,4.6162,1.8552,2.989,3.6735,0.2284,2.3676,3.3702,1.7084,1.6129,4.081,0.86208,2.2403,3.07,2.2885,2.3015,4.7217,0.45625,2.3838,3.131,0.69994,2.2663,3.1196,0.015754,2.8993,1.6987,2.0837,2.243,4.6829,2.5231,2.4671,4.3262,2.2662,2.3181,5.1451,1.9082,2.6247,4.1003,1.1205,1.8081,4.0818,4.5041,2.7838,0.74075,0.75742,2.1982,2.9563,1.4984,2.1467,4.2948,1.1939,2.2907,3.5658,1.9875,2.6122,4.2527,1.6234,1.5821,4.1437,1.1697,2.5085,3.1377,0.72491,2.5396,3.7356,2.265,1.8145,3.6729,1.3853,2.5389,3.4844,1.3579,2.6002,3.5113,1.3882,1.6302,4.2566,1.9398,2.6201,4.4361,2.111,2.5964,4.6519,3.2956,2.8478,6.1399,1.7978,1.5964,4.2021,1.9362,1.9219,3.3611,2.5399,2.9265,5.402,1.1851,2.578,3.0394,2.6804,2.3753,4.9992,1.0353,2.7263,4.2625,1.4294,2.4975,3.5641,0.99037,1.9633,4.1818,1.7802,1.639,4.0556,1.9844,1.9384,3.3948,6.0645,2.8979,2.8752,2.9991,2.214,4.6708,1.5678,1.9137,4.4219,1.1683,2.5408,3.3598,1.4391,2.4686,3.4029,1.7182,1.8688,3.6574,2.055,2.4604,4.1233,1.0906,2.3919,3.2591,2.5121,1.8317,5.3514,1.0007,2.5783,3.2686,1.3313,2.5616,3.3049,0.23978,3.0512,3.1965,0.67005,1.9543,2.7433,1.6555,1.9399,4.6438,1.5414,1.7857,4.2215,5.2107,2.7388,1.5884,0.90651,2.2427,2.9677,0.98121,2.747,4.2569,2.3689,2.4093,3.7066,2.9463,2.2952,4.9701,3.1194,2.5654,4.6323,2.1071,2.3832,4.6273,2.1807,2.2365,4.1731,0.71573,2.2754,3.3374,0.66858,2.4206,3.0518,0.59042,2.2854,3.8993,2.4652,2.4426,4.5606,0.68496,2.4614,2.8389,1.2826,1.5627,4.3707,1.5881,1.9098,3.5621,0.40834,2.6678,2.228,3.4173,2.9049,0.27178,0.84114,2.2568,3.0599,1.6243,1.6644,4.1774,1.6829,1.9241,3.3099,0.81609,2.3406,2.9071,2.2595,2.2596,4.9452,1.3606,2.5843,3.2532,1.3041,2.2282,3.7011,0.3641,2.0659,3.3501,1.732,1.8856,3.4406,2.638,2.0052,4.1392,2.0297,2.1544,4.9544,1.4128,1.6984,3.862,0.7695,2.0738,2.8496,2.0891,2.1052,5.097,2.1524,2.3008,4.5871,1.5122,2.483,4.0434,3.9805,2.7874,6.177,1.796,2.5152,3.9672,0.58261,2.0066,4.1718,1.1668,2.6109,4.2203,3.2659,2.7649,6.0945,1.707,1.5679,3.2771,0.28819,2.3998,3.4414,4.8103,3.0013,0.64085,0.43196,2.8358,3.3683,1.1372,2.5535,3.1215,2.2583,2.1813,5.0397,1.6939,2.0491,4.469,1.6538,1.62,3.4023,1.9347,2.9563,3.4604,0.75278,2.3126,2.9312,0.78811,2.3514,3.0198,0.21559,2.6722,3.3494,1.9959,2.4631,4.2875,0.68149,2.3903,2.806,1.0282,2.3903,3.5779,1.3008,1.7532,4.3342,0.23325,2.357,3.5127,1.6887,1.5978,3.2741,0.86929,2.2821,2.8773,2.9092,2.8508,6.0496,1.6463,2.5016,3.9466,2.0312,2.2544,4.6082,2.1284,2.6355,5.035,1.5686,1.9528,3.8003,1.4448,1.7469,3.7681,2.3058,2.1451,4.9786,1.4865,2.5559,3.9163,0.45041,2.9869,2.0841,4.4266,2.8737,0.26066,1.331,2.8539,4.1633,1.8414,1.9888,3.8921,1.1288,2.6742,2.7182,0.032282,2.7644,2.8136,1.0887,2.9202,4.2017,0.4733,2.4127,2.626,0.85956,2.0966,2.8291,0.56464,2.489,3.435,1.8532,2.2481,4.3521,1.0453,2.8319,4.215,0.72599,2.0751,2.9201,2.1282,1.833,3.6882,1.4339,1.8919,3.7332,2.2135,2.5597,4.6787,1.568,1.5737,4.2009,1.2601,2.1334,3.2487,0.76821,2.1189,2.9859,0.73362,2.2394,2.6422,1.801,2.3945,4.1945,2.2079,2.5475,4.8928,0.59494,2.0788,2.9168,1.7326,1.8148,3.2918,0.90951,2.9714,2.6276,0.51983,2.5359,2.5834,3.2672,2.7172,6.2221,6.2821,2.8715,2.7359,4.0554,2.8648,6.012,2.4188,2.1998,3.7279,1.5127,3.0558,4.5656,1.2311,2.4487,3.5121,5.9621,3.1106,2.6985,2.3741,2.1608,3.7255,1.3293,1.8452,3.7146,2.3687,2.3298,4.6552,2.5833,2.7469,4.2826,1.2522,2.7192,4.303,1.6404,1.9254,3.7963,1.2308,2.7346,3.8027,2.3151,2.3225,4.8997,1.3452,2.587,3.365,2.139,2.3226,4.0466,0.81751,1.9825,3.3899,2.4191,2.2874,3.8156,2.3316,2.3288,3.7215,2.3171,2.0168,5.1027,2.6013,2.2925,4.8329,2.4129,2.2416,3.7875,1.4575,1.6172,3.9344,2.3005,2.5612,4.9003,1.7054,1.9429,3.8444,0.82364,2.1072,4.1468,1.5648,1.8496,4.3581,2.2864,2.5192,4.9516,1.444,2.4025,3.2525,5.8166,2.8,2.0974,1.8628,1.7459,3.5311,1.9172,2.8746,4.1281,2.1363,2.0046,4.8445,1.2001,2.6361,4.3883,2.0364,2.1624,4.9605,1.6619,1.7749,3.9218,1.6432,1.9928,3.3112,1.1732,2.7235,3.7441,1.0573,2.8522,3.8215,1.5973,2.5012,3.93,1.1668,2.6576,3.6761,1.7483,1.7378,4.0786,0.70766,2.4429,2.8212,1.8229,2.1532,4.4257,0.10137,2.7754,3.036,1.0258,1.9518,4.3521,0.98544,2.2711,3.0916,1.5748,2.4085,4.5566,1.0095,2.0775,2.8302,0.81126,2.0082,2.6774,1.7061,1.7534,3.9298,0.85168,2.4339,2.9451,1.2966,1.5778,3.8411,2.7706,2.6146,4.6081,1.0367,2.2567,3.6373,1.183,2.7121,3.6947,2.0129,2.0015,4.476,0.99317,1.9603,4.2373,1.9195,1.6457,3.4332,1.7377,2.5049,3.9668,2.2796,2.5292,4.8672,2.0452,2.3505,3.5837,1.2007,3.0532,3.4616,1.3891,1.4456,4.2576,0.72261,2.9746,3.6566,1.6549,1.7177,4.2448,0.81337,1.9988,2.7154,0.5254,2.2255,4.068,2.5817,2.5994,4.5261,2.0239,2.0991,3.4541,1.3707,2.8739,3.53,1.0882,2.2378,3.6111,2.542,2.0491,4.4841,1.5059,1.7369,4.4194,1.5905,2.5852,3.5643,2.0752,2.2906,4.0614,2.7164,2.2902,4.959,0.44976,2.4937,2.9266
0.239,0.37903,0.008349,268.93,311.23,199.26,0.0015277,0.0018434,0.0010078,204.15,226.33,247.79,226.08,232.37,180.68,231.7,228.63,275.5,234.09,285.81,314.82,205.77,258.51,232.6,321.13,227.75,273.46,249.7,179.01,375.75,244.66,205.94,248.6,206.66,305.59,287.23,352.55,189.43,273.42,249.01,247.21,146.49,274.42,299.16,393.17,291.97,207.27,365.4,396.14,315.53,209.11,310.26,211.15,318.27,304.67,352.24,358.08,413.24,314.54,310.64,302.75,458.69,396.14,436.79,330.78,379.25,361.3,257.52,484.16,436.77,398.73,380.44,216.15,337.02,272.75,282.0,240.01,390.63,297.25,327.94,283.84,384.14,389.63,340.89,313.05,305.77,388.68,390.18,378.21,292.6,353.4,373.92,288.58,375.09,242.06,385.09,308.86,366.62,315.59,364.54,372.31,328.41,358.75,341.98,289.51,313.81,390.43,328.65,304.12,482.28,419.21,452.78,312.0,401.32,538.61,483.81,394.09,297.42,356.04,452.58,334.03,429.82,369.31,300.09,434.23,376.41,458.75,470.38,393.04,504.96,471.05,490.47,357.57,411.42,471.39,562.52,302.14,594.92,526.67,491.33,372.8,535.34,456.29,357.51,720.67,412.27,459.87,425.89,429.11,388.67,310.44,379.23,453.31,316.68,544.29,357.08,379.42,464.87,532.2,297.07,336.64,429.56,301.85,156.55,365.94,421.18,354.24,561.89,411.03,221.22,318.39,232.93,251.11,315.64,312.85,256.47,337.05,328.56,252.94,304.95,274.88,326.61,227.19,295.81,280.52,275.98,254.38,244.25,334.95,245.34,363.06,399.09,276.94,325.56,265.85,352.53,314.58,250.1,351.17,358.71,318.14,325.73,315.44,352.76,360.39,302.07,550.4,259.76,280.37,296.1,297.43,265.51,311.83,306.54,394.07,300.84,280.92,280.93,360.92,301.16,210.81,241.01,286.08,382.35,291.17,252.87,296.94,265.8,299.74,295.92,271.74,283.51,295.51,297.54,235.99,317.02,236.12,324.58,240.91,249.73,208.83,293.83,298.76,186.41,297.08,241.22,191.82,278.41,205.49,242.98,292.89,205.58,259.36,276.11,207.42,277.52,266.95,246.47,195.95,260.5,223.53,263.26,254.47,172.8,298.13,301.43,219.8,175.5,214.35,288.83,260.67,260.17,240.94,157.17,162.82,206.67,256.37,260.56,229.24,237.36,217.35,197.66,177.95,185.46,234.07,208.78,263.82,222.13,0.00073189,0.0010183,0.0010975,0.0011828,0.0011134,0.00085688,0.0012023,0.00096873,0.001429,0.0011054,0.0015138,0.001739,0.0010165,0.0013966,0.0011291,0.0018703,0.0013242,0.0015435,0.0015928,0.0011119,0.0021695,0.0016133,0.0012905,0.0017314,0.0014061,0.0019948,0.0016679,0.0020166,0.001423,0.0018188,0.0015365,0.0015387,0.0010413,0.0015184,0.0018092,0.0023555,0.0018075,0.0012243,0.0021913,0.0022916,0.0018041,0.0011747,0.001945,0.0016051,0.001932,0.0018784,0.0021952,0.0020279,0.0024574,0.0018918,0.001516,0.0019001,0.0027021,0.0021721,0.0025623,0.0020827,0.0022434,0.0016134,0.0016932,0.0028953,0.0025364,0.0023812,0.0022836,0.0013954,0.0022776,0.0017986,0.001659,0.0017849,0.0024268,0.0018632,0.0020916,0.0019292,0.002263,0.0023211,0.0015206,0.0020279,0.0019577,0.0024284,0.0024604,0.0023973,0.001574,0.0023944,0.0024367,0.0018145,0.001635,0.0018018,0.0016911,0.0020075,0.0022047,0.0020723,0.0022624,0.0021328,0.0016767,0.0022782,0.001763,0.0019656,0.0019381,0.0024702,0.0017497,0.0019642,0.0024525,0.0025328,0.0026856,0.0018686,0.0024387,0.0026357,0.0028307,0.0024704,0.0020249,0.0021825,0.0027186,0.0022241,0.0020313,0.0022093,0.002016,0.0026094,0.0022491,0.0025912,0.0025688,0.0019571,0.0022643,0.0027321,0.0023408,0.0023481,0.0022544,0.0022368,0.0031122,0.0020901,0.0028348,0.0029854,0.0029747,0.0022081,0.0028683,0.0018733,0.0022974,0.0035478,0.0023915,0.0024026,0.0025414,0.0023081,0.0023474,0.0019727,0.0021818,0.0026931,0.0021878,0.0026331,0.0022014,0.0017282,0.002277,0.0027454,0.0019497,0.0021734,0.0023779,0.0019538,0.0012538,0.002104,0.0024597,0.0021757,0.0026034,0.0020437,0.0014274,0.0019805,0.0016273,0.0017336,0.0017999,0.0019045,0.0018305,0.0020841,0.002033,0.001789,0.0020254,0.0016366,0.0020334,0.0016108,0.0019214,0.0017647,0.0018748,0.0016202,0.0015417,0.0019677,0.001583,0.0021364,0.0023133,0.0016655,0.0020391,0.0018613,0.0022278,0.001939,0.0017274,0.0020505,0.00178,0.0020547,0.0020569,0.0019684,0.0023389,0.0021646,0.0019501,0.0019613,0.0017555,0.0017177,0.0018604,0.0019297,0.0017541,0.0019673,0.0018294,0.0024888,0.0017196,0.0019048,0.0017568,0.0019694,0.0018531,0.0014731,0.0016356,0.0017311,0.0022956,0.0018614,0.0016968,0.0016986,0.0016438,0.0018722,0.0019026,0.0016988,0.0017472,0.0018317,0.0018384,0.001583,0.0019511,0.0015747,0.0019215,0.0015884,0.0014362,0.0013661,0.0016331,0.0019187,0.0012855,0.0017732,0.0014081,0.0015224,0.0017315,0.0013508,0.0015617,0.0017795,0.0014761,0.0015286,0.0016186,0.0012268,0.00167,0.0015308,0.0015567,0.0012844,0.001643,0.0013862,0.0016231,0.0014644,0.00098764,0.0016119,0.0017332,0.0012224,0.0012066,0.0011734,0.0015742,0.0015776,0.001536,0.0010914,0.00097729,0.00097847,0.0010103,0.0015345,0.001512,0.001061,0.001313,0.0010476,0.0010475,0.00089034,0.0008405,0.0011332,0.0011199,0.0014222,0.0012291,1074300.0,1105700.0,792270.0,4276700.0,2284500.0,1150800.0,5856800.0,1513400.0,1879800.0,3242500.0,2966100.0,734830.0,5652900.0,1298400.0,4052200.0,2459600.0,5070500.0,4091400.0,1340500.0,3371900.0,2502600.0,3347400.0,11704000.0,958350.0,6311800.0,749460.0,9101500.0,1591900.0,1841400.0,815570.0,3232100.0,1680500.0,5814300.0,23940000.0,2520900.0,2724900.0,4347000.0,1235900.0,1513400.0,1646200.0,2062700.0,1057700.0,2058300.0,1019200.0,7475600.0,2433400.0,1825600.0,1494000.0,2274900.0,15971000.0,952090.0,7278300.0,3995200.0,706940.0,3910700.0,1079100.0,2657700.0,17679000.0,32102000.0,2373200.0,1720700.0,1532600.0,2840700.0,1036400.0,1926200.0,3409900.0,803840.0,2871900.0,1940600.0,3915400.0,2755300.0,1446400.0,1119200.0,15048000.0,5077600.0,1340600.0,3613400.0,1673300.0,965090.0,2573300.0,3702600.0,1313000.0,893150.0,2116300.0,873820.0,1861100.0,2850800.0,4950200.0,4191200.0,2338500.0,5694300.0,1300700.0,9352900.0,4677300.0,1017700.0,1694700.0,903640.0,1769700.0,3509900.0,9918500.0,1730700.0,16523000.0,1417300.0,9919600.0,1633600.0,3256300.0,1272900.0,1628100.0,12535000.0,5115100.0,2157200.0,3869300.0,2389200.0,1225800.0,656170.0,3373000.0,11659000.0,2413800.0,1291100.0,778800.0,1922000.0,735100.0,1193700.0,2218700.0,8786700.0,4156700.0,2627900.0,3087700.0,2361300.0,1498700.0,773560.0,10411000.0,2404500.0,3548600.0,2073400.0,1371700.0,1031900.0,2014200.0,1052000.0,2853800.0,3921600.0,1159600.0,1477000.0,2103000.0,1521000.0,2210500.0,2422200.0,877170.0,6912100.0,1513500.0,9390500.0,6180200.0,809830.0,10291000.0,814480.0,1274500.0,19279000.0,683650.0,12167000.0,721740.0,5575100.0,3693400.0,3817200.0,2647300.0,5252900.0,4116200.0,4227600.0,964530.0,4135000.0,1638700.0,6369200.0,1506700.0,7610900.0,1080700.0,744550.0,4005200.0,2996600.0,1988300.0,8411500.0,2288700.0,948280.0,1205600.0,3671000.0,3568300.0,1940100.0,1475700.0,747540.0,6807100.0,5275200.0,2336700.0,637470.0,17726000.0,3323000.0,5257900.0,1142200.0,18258000.0,5431600.0,1100100.0,8580600.0,1353300.0,1434500.0,3992400.0,5297000.0,799330.0,1639500.0,973680.0,1778500.0,1568200.0,1456500.0,7851700.0,2342100.0,1425100.0,12280000.0,2793800.0,1238000.0,1263500.0,3260300.0,951930.0,4669600.0,1133200.0,1854600.0,8075300.0,4435100.0,696550.0,1421900.0,10018000.0,5258300.0,5069200.0,15394000.0,3001700.0,1931800.0,2342400.0,2994600.0,3189800.0,1882600.0,1749500.0,2275100.0,1499400.0,7215800.0,652060.0,3656200.0,8296200.0,8910100.0,1863600.0,5378600.0,4029700.0,5011000.0,864140.0,1139900.0,5361500.0,1551600.0,6587500.0,3485200.0,7122400.0,1970700.0,1638700.0,1591200.0,1087700.0,1106100.0,2208100.0,945990.0,5091800.0,3371700.0,4404800.0,3356800.0,2894200.0,2745600.0,15584000.0,14989000.0,6042000.0,4601000.0,2807600.0,6148400.0,3762100.0,1781300.0,2740300.0,1353800.0,4824200.0,3044800.0,1.5486,1.8598,4.1665,2.2431,2.4817,3.6641,1.2746,2.2415,4.2236,1.1903,1.9795,4.2093,2.4528,2.6629,4.3258,0.73733,2.0667,4.2273,1.7098,2.5323,3.8725,3.1001,2.842,5.8665,1.1729,2.0258,4.1871,1.693,1.7103,4.2393,1.3001,2.2973,4.2972,0.67518,2.0228,4.2128,2.8913,2.8414,4.6752,5.5076,2.7322,1.3372,1.2657,2.8023,3.637,0.80161,2.1631,2.993,2.6108,2.2055,4.6045,1.4579,1.6737,3.8879,0.77937,2.718,3.9254,1.8663,1.85,3.5528,1.2163,2.377,3.2659,0.3875,2.2951,3.4548,1.8713,1.6196,3.4153,2.0696,2.6404,4.205,1.9314,1.6293,3.3719,1.6691,1.6235,3.9919,0.33109,2.2007,3.1126,2.1269,2.4434,4.5561,1.5008,1.706,3.2933,0.94622,1.9684,2.7535,3.2796,2.8324,6.0501,1.9403,1.8308,3.5247,0.84447,2.74,2.9188,1.6647,2.5965,4.0067,0.76866,1.8977,2.7324,1.0906,2.4122,3.1451,1.9339,1.9312,4.4879,1.8743,1.6469,3.901,0.64679,2.1272,3.9685,1.4502,2.5648,3.9555,0.97259,2.1733,3.1496,2.6665,2.3932,4.418,2.0069,2.2095,4.729,1.5514,1.6214,3.9284,1.8886,2.0457,4.4772,1.5099,2.2185,3.2235,0.81462,2.263,2.971,2.4401,2.5233,4.3693,2.0404,2.4735,4.8142,1.9409,2.6197,4.7827,2.6229,2.3945,4.4025,1.2669,2.5352,3.8707,1.9088,2.3572,4.4232,2.7216,2.9632,4.5102,0.71096,2.3584,2.7152,1.3307,2.0062,4.6163,1.8554,2.9889,3.6733,0.22818,2.3675,3.3701,1.7085,1.6129,4.081,0.86242,2.2405,3.0701,2.2887,2.3015,4.7218,0.45578,2.3836,3.131,0.69959,2.2664,3.1195,0.015782,2.8993,1.6983,2.0842,2.2433,4.6832,2.5232,2.4674,4.3263,2.266,2.3182,5.1452,1.9081,2.6245,4.1001,1.1206,1.808,4.0821,4.5041,2.7835,0.74115,0.75739,2.1983,2.9562,1.4987,2.1468,4.2949,1.1942,2.291,3.5659,1.9873,2.612,4.2525,1.6234,1.5822,4.1438,1.1696,2.5083,3.1377,0.72482,2.5398,3.7357,2.2653,1.8145,3.6728,1.3853,2.5389,3.4844,1.3578,2.6002,3.5112,1.3882,1.6302,4.2564,1.9399,2.6199,4.4361,2.1114,2.5961,4.6521,3.2953,2.8479,6.1399,1.7983,1.5962,4.2022,1.9366,1.9219,3.3609,2.5403,2.9263,5.4022,1.185,2.578,3.0393,2.6803,2.3752,4.9991,1.0356,2.7266,4.2629,1.4294,2.4975,3.5642,0.99056,1.9635,4.1821,1.7802,1.639,4.0555,1.9844,1.9384,3.3948,6.065,2.8978,2.8755,2.9993,2.2139,4.6708,1.5681,1.9137,4.4221,1.1685,2.5407,3.3598,1.4391,2.4686,3.4029,1.7183,1.8688,3.6574,2.055,2.4604,4.1236,1.0906,2.392,3.2593,2.5121,1.8313,5.3517,1.0007,2.5781,3.2686,1.3309,2.5616,3.3047,0.23961,3.0512,3.1964,0.67007,1.9546,2.7431,1.6554,1.9398,4.6441,1.5416,1.7856,4.2216,5.2108,2.7385,1.5885,0.90659,2.2429,2.9679,0.9814,2.7473,4.2572,2.3687,2.4093,3.7065,2.9464,2.2952,4.9701,3.1196,2.5652,4.6325,2.1073,2.3832,4.6275,2.1807,2.2366,4.1731,0.71579,2.2755,3.3375,0.66869,2.4206,3.0518,0.59051,2.2857,3.8994,2.4653,2.4427,4.5603,0.68467,2.4615,2.8385,1.2824,1.5627,4.3708,1.588,1.9097,3.5624,0.40862,2.6679,2.2283,3.4173,2.9048,0.27183,0.84103,2.2568,3.0597,1.6243,1.6643,4.1775,1.683,1.9243,3.3101,0.81627,2.3405,2.9072,2.2597,2.2595,4.9452,1.3608,2.5843,3.2535,1.3042,2.2283,3.7014,0.36427,2.0658,3.3505,1.7321,1.8855,3.4406,2.638,2.005,4.1394,2.0296,2.1544,4.9544,1.413,1.6984,3.8621,0.76947,2.0741,2.8499,2.0891,2.1051,5.0971,2.1523,2.3008,4.5872,1.5123,2.4832,4.0436,3.9801,2.7866,6.1766,1.7958,2.5154,3.967,0.58232,2.0068,4.1718,1.1665,2.6108,4.2201,3.2658,2.7648,6.0947,1.707,1.5679,3.2771,0.28828,2.3999,3.4416,4.8101,3.0013,0.64056,0.43195,2.8359,3.3686,1.1371,2.5536,3.1217,2.2582,2.1812,5.0399,1.6941,2.0491,4.4691,1.6538,1.62,3.4024,1.9353,2.9564,3.4608,0.75286,2.3125,2.9313,0.78809,2.3512,3.0199,0.21551,2.6723,3.3494,1.9961,2.4631,4.2875,0.68166,2.3901,2.8061,1.0284,2.3906,3.5779,1.301,1.7531,4.3343,0.23338,2.357,3.513,1.6887,1.5978,3.2741,0.86955,2.2819,2.8774,2.9091,2.8508,6.0497,1.6459,2.5015,3.9464,2.0312,2.2546,4.6081,2.128,2.6354,5.0347,1.5685,1.9528,3.8002,1.445,1.7467,3.7682,2.3058,2.1451,4.9785,1.4864,2.5558,3.9161,0.4503,2.9868,2.0838,4.4265,2.8735,0.26068,1.3309,2.854,4.1631,1.8412,1.9889,3.8921,1.1284,2.6742,2.7179,0.0319,2.7642,2.8135,1.089,2.9203,4.2019,0.47336,2.4125,2.6261,0.85955,2.0967,2.829,0.56488,2.489,3.4352,1.8536,2.2482,4.3522,1.045,2.8319,4.2149,0.72623,2.0753,2.9198,2.1284,1.833,3.688,1.4341,1.892,3.7334,2.2131,2.5594,4.6781,1.5683,1.5737,4.201,1.2601,2.1334,3.2488,0.76849,2.1191,2.9857,0.73357,2.2391,2.6422,1.801,2.3946,4.1946,2.2078,2.5472,4.8927,0.59497,2.0789,2.9166,1.7326,1.8149,3.2918,0.90982,2.9713,2.6277,0.51969,2.536,2.5833,3.2674,2.7172,6.2223,6.2826,2.8715,2.7366,4.0548,2.8646,6.0112,2.4189,2.1993,3.7279,1.513,3.0558,4.5663,1.2311,2.4486,3.5123,5.9599,3.1106,2.6967,2.3741,2.1606,3.7254,1.3295,1.8453,3.7147,2.3685,2.3298,4.6554,2.583,2.7471,4.2829,1.2521,2.7193,4.3029,1.6402,1.9253,3.7961,1.231,2.7345,3.803,2.315,2.3223,4.8995,1.3447,2.5868,3.365,2.1388,2.3229,4.0464,0.8175,1.9826,3.3898,2.419,2.2871,3.8156,2.3315,2.3287,3.7214,2.3172,2.0168,5.103,2.6011,2.2925,4.8329,2.413,2.2416,3.7875,1.4577,1.6173,3.9345,2.3002,2.5609,4.9002,1.7051,1.9429,3.8443,0.82369,2.1071,4.1469,1.5647,1.8496,4.3583,2.2863,2.5188,4.9516,1.444,2.4025,3.2525,5.8164,2.7998,2.0972,1.8628,1.7458,3.5311,1.917,2.8743,4.1277,2.1365,2.0047,4.8445,1.2002,2.6362,4.3885,2.0367,2.1624,4.9606,1.662,1.7749,3.9217,1.6433,1.9928,3.3111,1.1734,2.7234,3.7443,1.0574,2.8522,3.8214,1.5976,2.5013,3.9302,1.1668,2.6574,3.676,1.7482,1.7377,4.0785,0.70741,2.4429,2.8213,1.8228,2.1533,4.4258,0.10134,2.7753,3.0363,1.0256,1.9519,4.3522,0.98547,2.271,3.0917,1.5747,2.4085,4.5566,1.0096,2.0774,2.8302,0.81138,2.0082,2.6773,1.7062,1.7533,3.9297,0.8515,2.4338,2.9454,1.2964,1.5778,3.8411,2.7706,2.6146,4.608,1.0366,2.2569,3.6373,1.1831,2.712,3.6948,2.0129,2.0015,4.476,0.99302,1.9603,4.2372,1.9196,1.6457,3.4331,1.7379,2.5049,3.9667,2.2799,2.5291,4.8671,2.0451,2.3505,3.5835,1.2006,3.0532,3.4616,1.389,1.4456,4.2577,0.72272,2.9745,3.6566,1.6549,1.7176,4.2449,0.81348,1.9988,2.7154,0.52519,2.2256,4.0681,2.5815,2.5995,4.5261,2.024,2.0991,3.4541,1.3707,2.8739,3.5299,1.0882,2.2379,3.6111,2.542,2.0492,4.4841,1.5059,1.7369,4.4194,1.5904,2.5852,3.5643,2.0752,2.2906,4.0614,2.7164,2.2901,4.9589,0.44978,2.4936,2.9266
0.23972,0.38017,0.0083691,269.24,311.72,199.27,0.0015295,0.0018462,0.0010079,204.16,226.39,247.96,226.19,232.54,180.74,231.64,228.71,275.67,234.2,286.06,315.26,205.81,258.79,232.72,321.58,227.88,273.67,250.03,179.07,376.22,244.76,206.05,248.65,206.69,305.9,287.54,352.96,189.61,273.53,249.22,247.52,146.56,274.83,299.48,393.57,292.22,207.71,365.95,396.69,315.93,209.36,310.91,211.27,318.61,305.04,352.55,358.57,413.82,314.89,311.1,303.13,459.59,396.62,437.59,331.29,379.89,362.53,258.17,484.87,437.54,399.21,381.1,216.5,337.37,273.09,282.6,240.42,391.33,297.99,328.75,284.26,384.59,390.45,342.3,313.52,305.94,389.16,390.82,378.82,293.5,354.18,374.54,288.66,376.44,242.42,386.23,309.36,367.17,316.02,365.27,373.3,329.08,359.3,342.79,289.94,314.42,391.19,329.82,304.74,483.53,419.81,454.06,312.77,402.1,539.82,484.54,395.03,298.08,356.51,453.31,334.62,431.85,370.36,300.54,435.05,377.32,460.22,471.6,393.76,506.91,471.98,492.39,358.3,412.36,472.7,563.91,302.75,596.47,527.65,492.52,373.69,536.6,458.45,358.27,722.19,413.2,461.01,426.69,430.15,389.39,311.09,379.88,454.15,317.24,545.56,357.47,380.42,466.29,533.33,297.58,337.21,430.36,302.51,156.67,366.81,421.94,354.6,563.24,411.45,221.38,318.84,233.2,251.48,316.38,313.21,256.83,337.37,329.08,253.15,305.28,275.23,327.08,227.59,296.11,280.76,276.28,254.69,244.49,335.2,245.67,363.59,399.55,277.24,326.14,266.12,352.97,314.99,250.36,351.68,359.18,318.57,326.09,315.84,353.44,360.82,302.49,551.45,260.15,280.68,296.52,297.84,265.7,312.2,307.0,394.88,301.39,281.27,281.17,361.5,301.56,210.98,241.22,286.35,382.86,291.62,253.21,297.12,266.05,300.02,296.17,272.08,283.74,295.65,297.7,236.19,317.45,236.28,324.96,241.17,249.92,209.04,294.13,299.02,186.52,297.29,241.46,191.94,278.6,205.65,243.17,293.12,205.74,259.47,276.28,207.5,277.75,267.14,246.67,196.07,260.7,223.69,263.46,254.66,172.9,298.27,301.59,219.93,175.54,214.47,289.01,260.89,260.29,241.02,157.23,162.88,206.75,256.54,260.67,229.28,237.47,217.41,197.75,178.05,185.52,234.17,208.8,264.0,222.19,0.00073184,0.0010184,0.0010978,0.0011833,0.001114,0.00085718,0.0012019,0.00096907,0.00143,0.001106,0.0015153,0.0017416,0.0010166,0.0013983,0.0011296,0.0018726,0.0013249,0.0015449,0.0015951,0.0011124,0.0021719,0.0016139,0.0012911,0.001732,0.0014063,0.0019967,0.00167,0.002019,0.0014244,0.0018197,0.0015377,0.0015408,0.0010415,0.0015205,0.001811,0.0023576,0.0018091,0.0012266,0.0021943,0.0022948,0.0018067,0.0011761,0.0019485,0.0016063,0.0019342,0.0018806,0.0021974,0.0020314,0.0024609,0.0018941,0.0015183,0.0019026,0.0027072,0.0021757,0.0025671,0.0020856,0.002248,0.0016195,0.0016963,0.0029001,0.0025403,0.0023851,0.0022874,0.0013974,0.0022801,0.0018009,0.0016626,0.0017879,0.0024316,0.0018675,0.0020962,0.0019314,0.0022661,0.0023258,0.0015272,0.0020304,0.0019594,0.0024315,0.0024646,0.0024013,0.0015787,0.0023985,0.0024408,0.0018159,0.0016415,0.0018037,0.0016963,0.0020102,0.002208,0.0020755,0.0022663,0.0021382,0.0016801,0.0022815,0.0017671,0.0019682,0.001941,0.0024744,0.0017552,0.0019677,0.0024586,0.0025364,0.0026921,0.0018731,0.0024426,0.0026426,0.0028351,0.0024759,0.002029,0.0021857,0.0027228,0.0022277,0.0020403,0.0022149,0.0020193,0.0026139,0.0022539,0.0025994,0.0025755,0.0019615,0.0022724,0.0027378,0.0023513,0.0023526,0.0022591,0.002244,0.00312,0.0020943,0.0028427,0.0029912,0.0029814,0.002213,0.0028751,0.0018833,0.0023021,0.0035557,0.0023966,0.0024106,0.0025463,0.0023142,0.0023517,0.0019763,0.002186,0.0026979,0.0021915,0.0026398,0.0022043,0.0017336,0.0022844,0.0027512,0.0019531,0.0021766,0.0023828,0.0019576,0.0012549,0.0021088,0.002464,0.0021779,0.0026107,0.0020455,0.0014283,0.0019832,0.0016291,0.0017358,0.001804,0.001907,0.001833,0.002086,0.0020357,0.0017906,0.0020277,0.0016388,0.002036,0.0016128,0.0019236,0.001766,0.0018765,0.0016218,0.0015433,0.0019697,0.0015849,0.0021392,0.0023158,0.0016668,0.002042,0.0018631,0.002231,0.0019416,0.0017292,0.0020535,0.0017832,0.0020573,0.0020594,0.0019706,0.0023425,0.0021671,0.0019526,0.0019668,0.0017579,0.0017193,0.001863,0.0019324,0.0017554,0.0019692,0.0018321,0.0024927,0.0017223,0.001907,0.0017585,0.0019725,0.0018555,0.0014743,0.001637,0.0017328,0.0022987,0.0018642,0.0016987,0.0016998,0.0016452,0.0018737,0.0019043,0.0017006,0.0017486,0.0018333,0.0018395,0.0015843,0.0019536,0.0015758,0.0019237,0.0015898,0.0014373,0.0013672,0.0016348,0.0019205,0.0012861,0.0017744,0.0014094,0.0015234,0.0017328,0.0013519,0.0015629,0.0017809,0.0014774,0.0015291,0.0016194,0.0012275,0.0016714,0.0015317,0.001558,0.001285,0.0016443,0.0013872,0.0016241,0.0014654,0.00098816,0.0016128,0.0017344,0.0012231,0.0012069,0.0011741,0.0015752,0.0015787,0.0015365,0.0010918,0.00097768,0.00097877,0.0010107,0.0015355,0.0015125,0.0010612,0.0013135,0.0010478,0.0010479,0.00089073,0.00084075,0.0011336,0.0011202,0.0014231,0.0012295,1074300.0,1105700.0,792270.0,4276700.0,2284500.0,1150800.0,5856800.0,1513400.0,1879800.0,3242500.0,2966100.0,734830.0,5652900.0,1298400.0,4052200.0,2459600.0,5070500.0,4091400.0,1340500.0,3371900.0,2502600.0,3347400.0,11704000.0,958350.0,6311800.0,749460.0,9101500.0,1591900.0,1841400.0,815570.0,3232100.0,1680500.0,5814300.0,23940000.0,2520900.0,2724900.0,4347000.0,1235900.0,1513400.0,1646200.0,2062700.0,1057700.0,2058300.0,1019200.0,7475600.0,2433400.0,1825600.0,1494000.0,2274900.0,15971000.0,952090.0,7278300.0,3995200.0,706940.0,3910700.0,1079100.0,2657700.0,17679000.0,32102000.0,2373200.0,1720700.0,1532600.0,2840700.0,1036400.0,1926200.0,3409900.0,803840.0,2871900.0,1940600.0,3915400.0,2755300.0,1446400.0,1119200.0,15048000.0,5077600.0,1340600.0,3613400.0,1673300.0,965090.0,2573300.0,3702600.0,1313000.0,893150.0,2116300.0,873820.0,1861100.0,2850800.0,4950200.0,4191200.0,2338500.0,5694300.0,1300700.0,9352900.0,4677300.0,1017700.0,1694700.0,903640.0,1769700.0,3509900.0,9918500.0,1730700.0,16523000.0,1417300.0,9919600.0,1633600.0,3256300.0,1272900.0,1628100.0,12535000.0,5115100.0,2157200.0,3869300.0,2389200.0,1225800.0,656170.0,3373000.0,11659000.0,2413800.0,1291100.0,778800.0,1922000.0,735100.0,1193700.0,2218700.0,8786700.0,4156700.0,2627900.0,3087700.0,2361300.0,1498700.0,773560.0,10411000.0,2404500.0,3548600.0,2073400.0,1371700.0,1031900.0,2014200.0,1052000.0,2853800.0,3921600.0,1159600.0,1477000.0,2103000.0,1521000.0,2210500.0,2422200.0,877170.0,6912100.0,1513500.0,9390500.0,6180200.0,809830.0,10291000.0,814480.0,1274500.0,19279000.0,683650.0,12167000.0,721740.0,5575100.0,3693400.0,3817200.0,2647300.0,5252900.0,4116200.0,4227600.0,964530.0,4135000.0,1638700.0,6369200.0,1506700.0,7610900.0,1080700.0,744550.0,4005200.0,2996600.0,1988300.0,8411500.0,2288700.0,948280.0,1205600.0,3671000.0,3568300.0,1940100.0,1475700.0,747540.0,6807100.0,5275200.0,2336700.0,637470.0,17726000.0,3323000.0,5257900.0,1142200.0,18258000.0,5431600.0,1100100.0,8580600.0,1353300.0,1434500.0,3992400.0,5297000.0,799330.0,1639500.0,973680.0,1778500.0,1568200.0,1456500.0,7851700.0,2342100.0,1425100.0,12280000.0,2793800.0,1238000.0,1263500.0,3260300.0,951930.0,4669600.0,1133200.0,1854600.0,8075300.0,4435100.0,696550.0,1421900.0,10018000.0,5258300.0,5069200.0,15394000.0,3001700.0,1931800.0,2342400.0,2994600.0,3189800.0,1882600.0,1749500.0,2275100.0,1499400.0,7215800.0,652060.0,3656200.0,8296200.0,8910100.0,1863600.0,5378600.0,4029700.0,5011000.0,864140.0,1139900.0,5361500.0,1551600.0,6587500.0,3485200.0,7122400.0,1970700.0,1638700.0,1591200.0,1087700.0,1106100.0,2208100.0,945990.0,5091800.0,3371700.0,4404800.0,3356800.0,2894200.0,2745600.0,15584000.0,14989000.0,6042000.0,4601000.0,2807600.0,6148400.0,3762100.0,1781300.0,2740300.0,1353800.0,4824200.0,3044800.0,1.5487,1.8598,4.1665,2.2431,2.4818,3.6641,1.2746,2.2415,4.2235,1.1902,1.9794,4.2093,2.4526,2.6629,4.3258,0.73698,2.0667,4.2274,1.7102,2.5324,3.8724,3.1002,2.842,5.8665,1.1727,2.0258,4.1871,1.6927,1.7102,4.2392,1.3002,2.2976,4.2974,0.67448,2.0227,4.2129,2.891,2.8414,4.6754,5.5068,2.732,1.3368,1.2658,2.8021,3.637,0.80114,2.1631,2.993,2.6111,2.2059,4.6049,1.4578,1.6736,3.8879,0.78011,2.7184,3.9259,1.8659,1.8501,3.553,1.2164,2.377,3.2661,0.38766,2.2952,3.4544,1.8715,1.6195,3.4154,2.0698,2.6401,4.2048,1.9317,1.6292,3.3719,1.6693,1.6234,3.9921,0.331,2.2008,3.1125,2.1271,2.4435,4.5565,1.5008,1.7061,3.2936,0.94665,1.9686,2.7535,3.2799,2.8323,6.0505,1.9404,1.8309,3.5248,0.84412,2.7402,2.9189,1.6643,2.5965,4.0068,0.76888,1.8976,2.7323,1.0903,2.4122,3.1452,1.9338,1.9312,4.4878,1.875,1.6469,3.9011,0.64699,2.127,3.9692,1.4509,2.5649,3.9561,0.97236,2.1736,3.1492,2.667,2.3934,4.4185,2.0069,2.2095,4.729,1.5514,1.6211,3.9284,1.8885,2.046,4.4772,1.5101,2.2186,3.2235,0.8145,2.2632,2.9707,2.4399,2.5238,4.3692,2.0407,2.4731,4.814,1.941,2.6197,4.7824,2.6232,2.3949,4.4029,1.2669,2.5354,3.8706,1.9095,2.3575,4.4235,2.7241,2.963,4.5121,0.71143,2.3582,2.7157,1.3301,2.006,4.6164,1.8557,2.9888,3.6731,0.22786,2.3674,3.3701,1.7085,1.6128,4.081,0.86293,2.2408,3.0703,2.2891,2.3014,4.722,0.45509,2.3833,3.1311,0.69907,2.2665,3.1192,0.015819,2.8993,1.6978,2.0849,2.2436,4.6836,2.5232,2.4678,4.3265,2.2658,2.3183,5.1452,1.908,2.6243,4.0997,1.1207,1.8078,4.0826,4.5041,2.7832,0.74175,0.75734,2.1983,2.956,1.4991,2.1469,4.2949,1.1946,2.2916,3.566,1.987,2.6119,4.2523,1.6233,1.5824,4.1438,1.1696,2.5081,3.1378,0.72468,2.5402,3.7357,2.2657,1.8145,3.6727,1.3853,2.5388,3.4845,1.3576,2.6002,3.511,1.3882,1.6302,4.2562,1.9401,2.6195,4.4362,2.1119,2.5956,4.6525,3.2949,2.8481,6.1399,1.7989,1.596,4.2023,1.9371,1.9218,3.3606,2.541,2.9259,5.4025,1.1849,2.5779,3.0392,2.6803,2.375,4.9989,1.0361,2.7271,4.2634,1.4294,2.4975,3.5644,0.99085,1.9638,4.1825,1.7801,1.6391,4.0554,1.9845,1.9385,3.3949,6.0658,2.8978,2.8759,2.9996,2.2137,4.6708,1.5686,1.9136,4.4225,1.1688,2.5405,3.3599,1.4391,2.4686,3.403,1.7185,1.8686,3.6573,2.055,2.4604,4.1239,1.0907,2.3922,3.2594,2.5121,1.8308,5.3521,1.0007,2.5778,3.2684,1.3303,2.5616,3.3044,0.23935,3.0512,3.1963,0.67009,1.9551,2.7429,1.6554,1.9397,4.6446,1.5419,1.7854,4.2217,5.2109,2.7381,1.5887,0.9067,2.2432,2.9682,0.98169,2.7477,4.2577,2.3684,2.4091,3.7064,2.9465,2.2953,4.9701,3.12,2.565,4.6327,2.1075,2.3831,4.6278,2.1806,2.2369,4.1732,0.71588,2.2757,3.3376,0.66884,2.4207,3.0517,0.59064,2.2861,3.8996,2.4653,2.4428,4.5597,0.68424,2.4616,2.838,1.2821,1.5627,4.3709,1.588,1.9095,3.5628,0.40904,2.668,2.2288,3.4173,2.9047,0.27191,0.84085,2.2567,3.0595,1.6243,1.6643,4.1776,1.6831,1.9245,3.3105,0.81654,2.3404,2.9074,2.2601,2.2592,4.9453,1.361,2.5844,3.2538,1.3045,2.2285,3.7018,0.36451,2.0656,3.3511,1.7323,1.8855,3.4405,2.638,2.0047,4.1396,2.0293,2.1545,4.9542,1.4132,1.6985,3.8623,0.76945,2.0746,2.8503,2.0891,2.105,5.0973,2.1522,2.3009,4.5874,1.5126,2.4836,4.044,3.9797,2.7855,6.1761,1.7956,2.5156,3.9667,0.58189,2.007,4.1719,1.1661,2.6107,4.2198,3.2656,2.7645,6.0951,1.7071,1.5679,3.2771,0.28842,2.4001,3.4418,4.8097,3.0012,0.64011,0.43192,2.8361,3.3691,1.1369,2.5537,3.1221,2.2582,2.1811,5.0401,1.6945,2.0491,4.4693,1.6537,1.6199,3.4026,1.9361,2.9564,3.4614,0.75298,2.3123,2.9315,0.78805,2.3509,3.0199,0.21538,2.6723,3.3494,1.9962,2.4632,4.2874,0.68191,2.3899,2.8061,1.0288,2.391,3.5778,1.3014,1.7529,4.3344,0.23358,2.357,3.5134,1.6886,1.5979,3.2741,0.86995,2.2815,2.8775,2.909,2.8507,6.05,1.6453,2.5013,3.9461,2.0312,2.2547,4.6081,2.1274,2.6353,5.0342,1.5682,1.9528,3.8001,1.4454,1.7463,3.7684,2.3059,2.1451,4.9784,1.4863,2.5556,3.9158,0.45013,2.9866,2.0834,4.4263,2.8732,0.26071,1.3307,2.8541,4.1629,1.8408,1.989,3.8921,1.1279,2.6742,2.7174,0.031337,2.764,2.8134,1.0894,2.9203,4.2022,0.47345,2.4121,2.6263,0.85954,2.097,2.8289,0.56523,2.4889,3.4354,1.8543,2.2485,4.3523,1.0446,2.8321,4.2148,0.7266,2.0756,2.9194,2.1286,1.8329,3.6877,1.4343,1.8921,3.7337,2.2125,2.5589,4.6773,1.5687,1.5736,4.201,1.26,2.1333,3.249,0.76892,2.1194,2.9856,0.73349,2.2388,2.6423,1.8012,2.3946,4.1947,2.2076,2.5468,4.8925,0.59502,2.0789,2.9163,1.7325,1.8152,3.2919,0.91028,2.9712,2.6279,0.51948,2.5361,2.5832,3.2676,2.7171,6.2227,1.8885e-05,2.8715,2.7375,4.054,2.8643,6.0101,2.4191,2.1986,3.7279,1.5134,3.0557,4.5673,1.231,2.4486,3.5127,5.9565,3.1106,2.694,2.3741,2.1603,3.7251,1.3297,1.8453,3.7148,2.3683,2.3298,4.6556,2.5826,2.7474,4.2832,1.252,2.7194,4.3026,1.6398,1.9252,3.7958,1.2314,2.7343,3.8035,2.3147,2.3221,4.8991,1.344,2.5866,3.3649,2.1386,2.3233,4.0462,0.8175,1.9827,3.3898,2.4189,2.2867,3.8157,2.3313,2.3285,3.7214,2.3175,2.017,5.1033,2.6008,2.2925,4.833,2.4132,2.2416,3.7874,1.4579,1.6174,3.9346,2.2998,2.5606,4.9,1.7046,1.9428,3.8441,0.82376,2.107,4.1472,1.5645,1.8496,4.3585,2.286,2.5184,4.9516,1.4439,2.4026,3.2525,5.816,2.7995,2.0969,1.8628,1.7458,3.5312,1.9167,2.8738,4.127,2.1368,2.0049,4.8446,1.2005,2.6363,4.3888,2.037,2.1625,4.9608,1.6621,1.7748,3.9216,1.6435,1.9927,3.3108,1.1736,2.7234,3.7446,1.0576,2.8522,3.8213,1.598,2.5014,3.9303,1.1669,2.6572,3.6759,1.748,1.7376,4.0785,0.70703,2.4428,2.8214,1.8227,2.1536,4.4259,0.1013,2.7753,3.0367,1.0254,1.9519,4.3524,0.98551,2.2709,3.0918,1.5745,2.4085,4.5565,1.0096,2.0774,2.8301,0.81156,2.0081,2.6771,1.7065,1.7531,3.9296,0.85123,2.4337,2.9458,1.2961,1.5777,3.8411,2.7706,2.6147,4.6079,1.0364,2.2573,3.6373,1.1831,2.7118,3.6949,2.0131,2.0016,4.476,0.99279,1.9604,4.2372,1.9198,1.6457,3.4331,1.7381,2.505,3.9666,2.2802,2.529,4.867,2.0449,2.3504,3.5833,1.2005,3.0532,3.4616,1.3888,1.4456,4.2577,0.72289,2.9745,3.6566,1.655,1.7175,4.2449,0.81365,1.9988,2.7153,0.52487,2.2256,4.0684,2.5813,2.5995,4.5262,2.0241,2.099,3.4541,1.3706,2.8737,3.5299,1.0883,2.238,3.611,2.5421,2.0493,4.4842,1.5059,1.7369,4.4194,1.5904,2.5852,3.5642,2.0753,2.2906,4.0614,2.7165,2.2899,4.9589,0.44982,2.4935,2.9265
0.23999,0.3806,0.0083768,269.39,311.93,199.3,0.0015303,0.0018474,0.001008,204.2,226.44,248.05,226.26,232.62,180.82,231.64,228.77,275.76,234.24,286.16,315.46,205.86,258.91,232.79,321.77,227.96,273.79,250.17,179.12,376.42,244.83,206.13,248.72,206.75,306.03,287.66,353.13,189.7,273.61,249.3,247.66,146.64,275.02,299.63,393.75,292.33,207.95,366.22,396.88,316.1,209.46,311.16,211.33,318.77,305.21,352.71,358.76,414.06,315.03,311.29,303.29,459.95,396.77,437.92,331.59,380.13,363.08,258.46,485.14,437.85,399.37,381.36,216.62,337.49,273.26,282.85,240.62,391.62,298.32,329.09,284.46,384.8,390.81,342.92,313.73,306.0,389.4,391.04,379.06,293.93,354.51,374.82,288.67,377.05,242.61,386.73,309.6,367.39,316.17,365.57,373.68,329.37,359.54,343.16,290.13,314.73,391.48,330.35,305.04,484.06,420.05,454.52,313.08,402.47,540.33,484.81,395.42,298.35,356.72,453.61,334.84,432.67,370.8,300.73,435.38,377.75,460.84,472.09,394.05,507.81,472.33,493.18,358.61,412.79,473.27,564.43,303.0,597.21,528.05,492.99,374.08,537.07,459.35,358.64,722.84,413.56,461.56,427.02,430.56,389.7,311.38,380.19,454.52,317.45,546.11,357.57,380.83,466.91,533.82,297.79,337.51,430.69,302.8,156.73,367.21,422.25,354.73,563.83,411.61,221.48,319.06,233.32,251.67,316.73,313.39,256.98,337.5,329.31,253.24,305.44,275.38,327.28,227.78,296.25,280.87,276.41,254.84,244.63,335.28,245.81,363.83,399.74,277.39,326.42,266.27,353.17,315.2,250.48,351.89,359.4,318.77,326.25,316.02,353.74,361.03,302.67,551.92,260.33,280.81,296.7,298.02,265.8,312.37,307.19,395.23,301.63,281.44,281.27,361.75,301.74,211.04,241.32,286.47,383.08,291.84,253.38,297.19,266.17,300.16,296.3,272.24,283.85,295.74,297.78,236.31,317.64,236.35,325.14,241.29,250.02,209.13,294.28,299.17,186.58,297.4,241.57,192.02,278.7,205.76,243.27,293.25,205.83,259.54,276.37,207.55,277.88,267.26,246.79,196.15,260.8,223.77,263.56,254.77,172.96,298.33,301.69,220.01,175.58,214.54,289.11,261.01,260.36,241.07,157.27,162.92,206.8,256.63,260.75,229.31,237.54,217.46,197.82,178.12,185.56,234.24,208.84,264.09,222.25,0.000732,0.0010186,0.0010981,0.0011837,0.0011144,0.00085765,0.0012019,0.00096939,0.0014306,0.0011062,0.0015159,0.0017427,0.0010168,0.0013991,0.00113,0.0018736,0.0013253,0.0015456,0.001596,0.0011128,0.0021729,0.0016144,0.0012916,0.0017325,0.0014066,0.0019976,0.0016709,0.00202,0.001425,0.0018203,0.0015383,0.0015417,0.001042,0.0015216,0.0018118,0.0023586,0.0018098,0.001228,0.0021959,0.0022959,0.0018078,0.0011767,0.00195,0.0016067,0.0019352,0.0018816,0.0021984,0.0020329,0.0024626,0.0018951,0.0015193,0.0019036,0.0027093,0.002177,0.0025691,0.0020872,0.0022499,0.0016225,0.0016979,0.0029021,0.0025418,0.0023862,0.0022888,0.0013981,0.0022809,0.001802,0.0016641,0.0017893,0.0024336,0.0018694,0.0020982,0.0019325,0.0022676,0.0023277,0.0015299,0.0020315,0.00196,0.002433,0.0024661,0.0024029,0.0015808,0.0024003,0.0024426,0.0018164,0.0016446,0.0018047,0.0016986,0.0020114,0.0022093,0.0020765,0.002268,0.0021405,0.0016817,0.002283,0.0017691,0.0019694,0.0019426,0.0024761,0.0017579,0.0019695,0.0024614,0.0025379,0.0026945,0.001875,0.0024444,0.0026457,0.0028368,0.0024781,0.0020307,0.0021872,0.0027246,0.0022291,0.0020444,0.0022174,0.0020209,0.0026157,0.0022564,0.0026029,0.0025784,0.0019635,0.0022756,0.00274,0.0023559,0.0023544,0.0022615,0.0022474,0.003123,0.002096,0.0028463,0.0029935,0.0029841,0.0022152,0.0028778,0.0018875,0.0023043,0.0035592,0.0023986,0.0024142,0.0025484,0.0023168,0.0023536,0.0019779,0.0021882,0.0027,0.002193,0.0026428,0.0022053,0.0017361,0.0022879,0.0027539,0.0019546,0.0021782,0.0023849,0.0019594,0.0012555,0.0021112,0.0024658,0.0021787,0.0026141,0.0020462,0.001429,0.0019845,0.0016299,0.001737,0.0018059,0.0019081,0.0018341,0.0020869,0.002037,0.0017913,0.0020287,0.0016396,0.0020371,0.0016138,0.0019246,0.0017667,0.0018773,0.0016227,0.0015442,0.0019704,0.0015858,0.0021406,0.0023169,0.0016677,0.0020433,0.0018642,0.0022325,0.0019428,0.0017301,0.0020548,0.0017846,0.0020584,0.0020606,0.0019717,0.0023441,0.0021684,0.0019537,0.0019694,0.001759,0.0017199,0.001864,0.0019335,0.0017561,0.0019701,0.0018334,0.0024942,0.0017236,0.0019079,0.0017592,0.001974,0.0018566,0.0014748,0.0016377,0.0017335,0.0023,0.0018656,0.0016997,0.0017004,0.0016459,0.0018744,0.0019052,0.0017016,0.0017493,0.001834,0.00184,0.001585,0.0019547,0.0015763,0.0019249,0.0015905,0.001438,0.0013677,0.0016357,0.0019215,0.0012865,0.001775,0.00141,0.0015239,0.0017334,0.0013526,0.0015635,0.0017817,0.001478,0.0015295,0.0016199,0.0012278,0.0016721,0.0015323,0.0015587,0.0012855,0.001645,0.0013877,0.0016246,0.001466,0.00098854,0.0016132,0.0017351,0.0012236,0.0012072,0.0011745,0.0015757,0.0015794,0.0015369,0.001092,0.00097798,0.00097903,0.001011,0.0015361,0.0015129,0.0010614,0.0013139,0.0010481,0.0010483,0.00089108,0.00084103,0.001134,0.0011204,0.0014235,0.0012298,1074300.0,1105700.0,792270.0,4276700.0,2284500.0,1150800.0,5856800.0,1513400.0,1879800.0,3242500.0,2966100.0,734830.0,5652900.0,1298400.0,4052200.0,2459600.0,5070500.0,4091400.0,1340500.0,3371900.0,2502600.0,3347400.0,11704000.0,958350.0,6311800.0,749460.0,9101500.0,1591900.0,1841400.0,815570.0,3232100.0,1680500.0,5814300.0,23940000.0,2520900.0,2724900.0,4347000.0,1235900.0,1513400.0,1646200.0,2062700.0,1057700.0,2058300.0,1019200.0,7475600.0,2433400.0,1825600.0,1494000.0,2274900.0,15971000.0,952090.0,7278300.0,3995200.0,706940.0,3910700.0,1079100.0,2657700.0,17679000.0,32102000.0,2373200.0,1720700.0,1532600.0,2840700.0,1036400.0,1926200.0,3409900.0,803840.0,2871900.0,1940600.0,3915400.0,2755300.0,1446400.0,1119200.0,15048000.0,5077600.0,1340600.0,3613400.0,1673300.0,965090.0,2573300.0,3702600.0,1313000.0,893150.0,2116300.0,873820.0,1861100.0,2850800.0,4950200.0,4191200.0,2338500.0,5694300.0,1300700.0,9352900.0,4677300.0,1017700.0,1694700.0,903640.0,1769700.0,3509900.0,9918500.0,1730700.0,16523000.0,1417300.0,9919600.0,1633600.0,3256300.0,1272900.0,1628100.0,12535000.0,5115100.0,2157200.0,3869300.0,2389200.0,1225800.0,656170.0,3373000.0,11659000.0,2413800.0,1291100.0,778800.0,1922000.0,735100.0,1193700.0,2218700.0,8786700.0,4156700.0,2627900.0,3087700.0,2361300.0,1498700.0,773560.0,10411000.0,2404500.0,3548600.0,2073400.0,1371700.0,1031900.0,2014200.0,1052000.0,2853800.0,3921600.0,1159600.0,1477000.0,2103000.0,1521000.0,2210500.0,2422200.0,877170.0,6912100.0,1513500.0,9390500.0,6180200.0,809830.0,10291000.0,814480.0,1274500.0,19279000.0,683650.0,12167000.0,721740.0,5575100.0,3693400.0,3817200.0,2647300.0,5252900.0,4116200.0,4227600.0,964530.0,4135000.0,1638700.0,6369200.0,1506700.0,7610900.0,1080700.0,744550.0,4005200.0,2996600.0,1988300.0,8411500.0,2288700.0,948280.0,1205600.0,3671000.0,3568300.0,1940100.0,1475700.0,747540.0,6807100.0,5275200.0,2336700.0,637470.0,17726000.0,3323000.0,5257900.0,1142200.0,18258000.0,5431600.0,1100100.0,8580600.0,1353300.0,1434500.0,3992400.0,5297000.0,799330.0,1639500.0,973680.0,1778500.0,1568200.0,1456500.0,7851700.0,2342100.0,1425100.0,12280000.0,2793800.0,1238000.0,1263500.0,3260300.0,951930.0,4669600.0,1133200.0,1854600.0,8075300.0,4435100.0,696550.0,1421900.0,10018000.0,5258300.0,5069200.0,15394000.0,3001700.0,1931800.0,2342400.0,2994600.0,3189800.0,1882600.0,1749500.0,2275100.0,1499400.0,7215800.0,652060.0,3656200.0,8296200.0,8910100.0,1863600.0,5378600.0,4029700.0,5011000.0,864140.0,1139900.0,5361500.0,1551600.0,6587500.0,3485200.0,7122400.0,1970700.0,1638700.0,1591200.0,1087700.0,1106100.0,2208100.0,945990.0,5091800.0,3371700.0,4404800.0,3356800.0,2894200.0,2745600.0,15584000.0,14989000.0,6042000.0,4601000.0,2807600.0,6148400.0,3762100.0,1781300.0,2740300.0,1353800.0,4824200.0,3044800.0,1.5487,1.8598,4.1665,2.2432,2.4818,3.6641,1.2746,2.2415,4.2235,1.1901,1.9794,4.2092,2.4525,2.6629,4.3258,0.73684,2.0667,4.2274,1.7103,2.5324,3.8724,3.1003,2.842,5.8665,1.1726,2.0258,4.187,1.6926,1.7102,4.2392,1.3003,2.2977,4.2975,0.67422,2.0226,4.2129,2.8909,2.8414,4.6755,5.5065,2.7319,1.3366,1.2659,2.8021,3.6371,0.80096,2.1631,2.993,2.6112,2.206,4.6051,1.4577,1.6736,3.8879,0.78039,2.7186,3.9261,1.8657,1.8502,3.5531,1.2165,2.377,3.2662,0.38772,2.2952,3.4543,1.8715,1.6194,3.4154,2.0699,2.64,4.2048,1.9318,1.6292,3.3719,1.6693,1.6233,3.9922,0.33096,2.2009,3.1125,2.1271,2.4435,4.5566,1.5008,1.7061,3.2937,0.94681,1.9687,2.7536,3.2801,2.8323,6.0507,1.9404,1.8309,3.5249,0.84399,2.7402,2.919,1.6641,2.5965,4.0068,0.76896,1.8976,2.7322,1.0902,2.4121,3.1453,1.9337,1.9313,4.4878,1.8753,1.6468,3.9011,0.64707,2.1269,3.9695,1.4512,2.5649,3.9564,0.97227,2.1737,3.1491,2.6672,2.3936,4.4186,2.0069,2.2094,4.7289,1.5515,1.621,3.9284,1.8885,2.0462,4.4772,1.5102,2.2187,3.2235,0.81445,2.2632,2.9705,2.4399,2.524,4.3692,2.0408,2.4729,4.814,1.941,2.6197,4.7823,2.6234,2.395,4.4031,1.2669,2.5354,3.8706,1.9097,2.3576,4.4236,2.725,2.9629,4.5128,0.7116,2.3582,2.7159,1.3299,2.0059,4.6164,1.8558,2.9888,3.6731,0.22775,2.3674,3.3701,1.7086,1.6128,4.081,0.86312,2.2409,3.0703,2.2892,2.3014,4.7221,0.45483,2.3832,3.1311,0.69888,2.2665,3.1191,0.015824,2.8993,1.6975,2.0852,2.2438,4.6838,2.5232,2.468,4.3266,2.2657,2.3183,5.1452,1.9079,2.6242,4.0996,1.1207,1.8077,4.0827,4.5041,2.7831,0.74197,0.75732,2.1984,2.9559,1.4993,2.147,4.295,1.1948,2.2918,3.5661,1.9869,2.6118,4.2522,1.6233,1.5824,4.1438,1.1695,2.5081,3.1378,0.72462,2.5403,3.7357,2.2659,1.8145,3.6726,1.3853,2.5388,3.4846,1.3576,2.6002,3.5109,1.3882,1.6302,4.2561,1.9402,2.6194,4.4362,2.1121,2.5954,4.6526,3.2947,2.8482,6.1399,1.7991,1.5959,4.2023,1.9373,1.9218,3.3605,2.5412,2.9258,5.4027,1.1848,2.5779,3.0391,2.6802,2.375,4.9989,1.0363,2.7272,4.2636,1.4294,2.4975,3.5644,0.99096,1.9639,4.1827,1.7801,1.6391,4.0554,1.9846,1.9386,3.3949,6.0661,2.8978,2.8761,2.9998,2.2137,4.6708,1.5688,1.9136,4.4227,1.1689,2.5405,3.3599,1.4392,2.4685,3.4031,1.7186,1.8686,3.6573,2.055,2.4603,4.124,1.0907,2.3923,3.2595,2.5122,1.8306,5.3523,1.0007,2.5777,3.2684,1.3301,2.5616,3.3043,0.23925,3.0512,3.1962,0.6701,1.9553,2.7429,1.6553,1.9397,4.6447,1.542,1.7853,4.2218,5.2109,2.738,1.5888,0.90674,2.2433,2.9683,0.98179,2.7478,4.2578,2.3683,2.4091,3.7063,2.9465,2.2954,4.9701,3.1201,2.5649,4.6328,2.1076,2.3831,4.6279,2.1806,2.237,4.1732,0.7159,2.2758,3.3377,0.66889,2.4207,3.0517,0.59069,2.2862,3.8997,2.4654,2.4429,4.5595,0.68408,2.4616,2.8378,1.282,1.5626,4.371,1.588,1.9094,3.563,0.40919,2.668,2.229,3.4173,2.9047,0.27195,0.84078,2.2567,3.0594,1.6242,1.6642,4.1777,1.6831,1.9247,3.3107,0.81664,2.3404,2.9074,2.2602,2.2591,4.9454,1.3611,2.5844,3.2539,1.3045,2.2286,3.702,0.36461,2.0655,3.3513,1.7324,1.8855,3.4405,2.638,2.0046,4.1397,2.0292,2.1546,4.9542,1.4133,1.6986,3.8623,0.76944,2.0748,2.8504,2.0891,2.1049,5.0974,2.1521,2.301,4.5874,1.5127,2.4837,4.0441,3.9795,2.7851,6.1759,1.7955,2.5156,3.9666,0.58173,2.007,4.172,1.1659,2.6106,4.2196,3.2656,2.7644,6.0952,1.7072,1.568,3.2771,0.28847,2.4001,3.4418,4.8096,3.0012,0.63994,0.43191,2.8361,3.3693,1.1368,2.5537,3.1223,2.2582,2.1811,5.0401,1.6946,2.0491,4.4694,1.6537,1.6199,3.4026,1.9365,2.9565,3.4616,0.75302,2.3123,2.9315,0.78803,2.3507,3.0199,0.21534,2.6724,3.3494,1.9963,2.4632,4.2874,0.68201,2.3898,2.8062,1.0289,2.3911,3.5777,1.3015,1.7529,4.3344,0.23366,2.357,3.5136,1.6886,1.5979,3.2741,0.8701,2.2814,2.8776,2.909,2.8507,6.0501,1.6451,2.5013,3.946,2.0313,2.2548,4.6081,2.1272,2.6352,5.034,1.5682,1.9528,3.8001,1.4455,1.7462,3.7685,2.3059,2.1451,4.9784,1.4863,2.5555,3.9157,0.45007,2.9865,2.0832,4.4263,2.8731,0.26072,1.3307,2.8541,4.1628,1.8407,1.9891,3.8921,1.1277,2.6742,2.7172,0.031128,2.7639,2.8134,1.0896,2.9204,4.2023,0.47349,2.412,2.6264,0.85953,2.097,2.8289,0.56537,2.4889,3.4355,1.8546,2.2486,4.3524,1.0445,2.8321,4.2148,0.72674,2.0757,2.9193,2.1287,1.8329,3.6876,1.4344,1.8921,3.7338,2.2123,2.5587,4.677,1.5689,1.5736,4.201,1.26,2.1333,3.249,0.76908,2.1195,2.9855,0.73346,2.2387,2.6423,1.8012,2.3947,4.1948,2.2075,2.5467,4.8924,0.59504,2.079,2.9162,1.7325,1.8153,3.2919,0.91045,2.9712,2.6279,0.5194,2.5362,2.5831,3.2677,2.717,6.2228,0.00026346,2.8715,2.7378,4.0536,2.8642,6.0097,2.4192,2.1983,3.7279,1.5135,3.0557,4.5676,1.231,2.4486,3.5128,5.9553,3.1106,2.693,2.3741,2.1602,3.7251,1.3297,1.8453,3.7148,2.3682,2.3298,4.6557,2.5825,2.7475,4.2833,1.252,2.7194,4.3025,1.6396,1.9252,3.7957,1.2315,2.7342,3.8037,2.3146,2.322,4.899,1.3438,2.5865,3.3649,2.1385,2.3234,4.0461,0.8175,1.9827,3.3897,2.4189,2.2865,3.8157,2.3313,2.3284,3.7213,2.3176,2.017,5.1034,2.6007,2.2925,4.833,2.4133,2.2416,3.7874,1.458,1.6174,3.9347,2.2996,2.5605,4.8999,1.7044,1.9428,3.844,0.82378,2.1069,4.1473,1.5644,1.8497,4.3586,2.286,2.5182,4.9516,1.4439,2.4026,3.2525,5.8158,2.7994,2.0967,1.8628,1.7458,3.5312,1.9166,2.8736,4.1268,2.1369,2.0049,4.8446,1.2006,2.6364,4.3889,2.0372,2.1625,4.9609,1.6621,1.7748,3.9215,1.6435,1.9926,3.3107,1.1737,2.7234,3.7447,1.0577,2.8522,3.8213,1.5982,2.5015,3.9304,1.1669,2.6571,3.6759,1.7479,1.7375,4.0785,0.70689,2.4428,2.8214,1.8226,2.1536,4.426,0.10129,2.7752,3.0369,1.0253,1.9519,4.3525,0.98552,2.2708,3.0918,1.5745,2.4085,4.5565,1.0096,2.0774,2.8301,0.81163,2.0081,2.6771,1.7066,1.7531,3.9295,0.85113,2.4337,2.946,1.296,1.5777,3.8411,2.7706,2.6147,4.6079,1.0364,2.2574,3.6373,1.1832,2.7117,3.6949,2.0131,2.0016,4.476,0.9927,1.9604,4.2372,1.9199,1.6457,3.4331,1.7382,2.5051,3.9666,2.2804,2.529,4.8669,2.0448,2.3504,3.5833,1.2004,3.0531,3.4616,1.3888,1.4456,4.2577,0.72295,2.9745,3.6566,1.6551,1.7175,4.2449,0.81371,1.9988,2.7153,0.52475,2.2257,4.0685,2.5812,2.5995,4.5262,2.0241,2.099,3.4541,1.3706,2.8737,3.5299,1.0883,2.2381,3.611,2.5421,2.0494,4.4842,1.5059,1.7369,4.4194,1.5904,2.5852,3.5642,2.0753,2.2907,4.0614,2.7165,2.2898,4.9588,0.44983,2.4935,2.9265
0.24026,0.38103,0.0083844,269.52,312.14,199.32,0.0015311,0.0018486,0.0010081,204.22,226.48,248.12,226.32,232.69,180.89,231.64,228.82,275.84,234.27,286.25,315.63,205.9,259.02,232.85,321.95,228.03,273.88,250.29,179.15,376.62,244.9,206.2,248.77,206.79,306.16,287.77,353.3,189.77,273.69,249.39,247.78,146.71,275.19,299.78,393.92,292.44,208.18,366.47,397.08,316.26,209.55,311.41,211.38,318.92,305.36,352.84,358.95,414.29,315.17,311.47,303.44,460.3,396.92,438.24,331.85,380.36,363.6,258.74,485.4,438.17,399.54,381.61,216.75,337.61,273.41,283.09,240.81,391.9,298.62,329.41,284.66,384.99,391.15,343.47,313.93,306.05,389.62,391.25,379.31,294.32,354.82,375.09,288.7,377.62,242.78,387.2,309.83,367.6,316.32,365.86,374.05,329.65,359.77,343.51,290.31,315.02,391.77,330.85,305.3,484.57,420.29,454.98,313.38,402.81,540.82,485.08,395.79,298.62,356.91,453.9,335.07,433.46,371.22,300.92,435.7,378.15,461.42,472.58,394.34,508.63,472.69,493.94,358.92,413.18,473.81,564.95,303.25,597.9,528.45,493.46,374.45,537.55,460.19,358.97,723.45,413.92,462.07,427.34,430.97,389.99,311.66,380.46,454.87,317.67,546.63,357.7,381.23,467.48,534.27,298.0,337.77,431.01,303.07,156.77,367.59,422.55,354.87,564.39,411.77,221.56,319.27,233.44,251.84,317.05,313.54,257.13,337.63,329.53,253.32,305.58,275.53,327.48,227.95,296.36,280.98,276.54,254.97,244.73,335.37,245.95,364.06,399.92,277.53,326.68,266.4,353.36,315.39,250.59,352.1,359.62,318.96,326.41,316.18,354.03,361.22,302.84,552.31,260.51,280.94,296.87,298.18,265.89,312.53,307.38,395.57,301.87,281.6,281.36,361.99,301.91,211.11,241.42,286.57,383.29,292.04,253.54,297.26,266.28,300.28,296.41,272.39,283.95,295.81,297.86,236.41,317.83,236.43,325.31,241.4,250.11,209.23,294.41,299.3,186.64,297.49,241.67,192.09,278.78,205.84,243.36,293.36,205.9,259.6,276.44,207.58,277.99,267.35,246.88,196.21,260.9,223.84,263.65,254.85,173.01,298.39,301.77,220.07,175.6,214.6,289.2,261.11,260.42,241.11,157.3,162.95,206.84,256.7,260.82,229.34,237.6,217.5,197.86,178.17,185.6,234.29,208.86,264.17,222.29,0.00073211,0.0010188,0.0010983,0.0011839,0.0011146,0.00085799,0.0012019,0.00096964,0.0014311,0.0011064,0.0015165,0.0017437,0.0010169,0.0013997,0.0011303,0.0018745,0.0013257,0.0015462,0.0015968,0.001113,0.002174,0.0016149,0.001292,0.001733,0.0014068,0.0019984,0.0016716,0.0020209,0.0014256,0.0018208,0.0015388,0.0015425,0.0010422,0.0015225,0.0018127,0.0023595,0.0018105,0.0012294,0.0021973,0.0022971,0.0018089,0.0011772,0.0019515,0.0016072,0.0019361,0.0018826,0.0021993,0.0020343,0.0024641,0.001896,0.0015203,0.0019046,0.0027113,0.0021784,0.0025711,0.0020886,0.0022517,0.0016252,0.0016994,0.002904,0.0025434,0.0023876,0.0022903,0.0013989,0.0022818,0.001803,0.0016656,0.0017906,0.0024355,0.0018712,0.0021001,0.0019334,0.002269,0.0023297,0.0015324,0.0020325,0.0019606,0.0024344,0.0024676,0.0024045,0.0015827,0.0024019,0.0024444,0.0018169,0.0016472,0.0018056,0.0017006,0.0020126,0.0022106,0.0020777,0.0022696,0.0021426,0.0016832,0.0022844,0.0017709,0.0019706,0.0019441,0.0024778,0.0017604,0.0019711,0.0024639,0.0025393,0.0026969,0.0018768,0.0024461,0.0026486,0.0028385,0.0024804,0.0020324,0.0021885,0.0027263,0.0022304,0.0020481,0.0022198,0.0020224,0.0026175,0.0022585,0.0026062,0.0025811,0.0019655,0.0022784,0.0027423,0.00236,0.0023562,0.0022635,0.0022504,0.0031261,0.0020977,0.0028497,0.0029958,0.0029867,0.0022173,0.0028804,0.0018914,0.0023063,0.0035624,0.0024006,0.0024175,0.0025505,0.0023193,0.0023553,0.0019794,0.0021901,0.002702,0.0021944,0.0026455,0.0022064,0.0017384,0.0022911,0.0027564,0.001956,0.0021796,0.002387,0.001961,0.0012559,0.0021133,0.0024675,0.0021796,0.0026172,0.0020469,0.0014295,0.0019858,0.0016307,0.0017381,0.0018077,0.0019091,0.0018351,0.0020876,0.0020382,0.0017919,0.0020297,0.0016405,0.0020382,0.0016148,0.0019255,0.0017673,0.001878,0.0016234,0.0015448,0.0019712,0.0015866,0.0021419,0.0023179,0.0016684,0.0020446,0.001865,0.002234,0.001944,0.0017308,0.0020561,0.0017861,0.0020595,0.0020617,0.0019726,0.0023457,0.0021695,0.0019548,0.0019715,0.0017601,0.0017205,0.0018651,0.0019346,0.0017567,0.001971,0.0018346,0.0024959,0.0017248,0.0019089,0.0017599,0.0019753,0.0018577,0.0014753,0.0016383,0.0017342,0.0023013,0.0018668,0.0017007,0.0017009,0.0016465,0.0018751,0.001906,0.0017024,0.00175,0.0018347,0.0018405,0.0015857,0.0019558,0.0015768,0.0019259,0.0015912,0.0014385,0.0013682,0.0016364,0.0019223,0.0012868,0.0017756,0.0014105,0.0015244,0.001734,0.0013531,0.0015641,0.0017824,0.0014786,0.0015298,0.0016203,0.0012281,0.0016728,0.0015327,0.0015592,0.0012858,0.0016456,0.0013882,0.0016251,0.0014665,0.00098879,0.0016136,0.0017357,0.0012239,0.0012074,0.0011748,0.0015761,0.00158,0.0015372,0.0010922,0.00097818,0.00097921,0.0010112,0.0015366,0.0015133,0.0010616,0.0013142,0.0010482,0.0010485,0.0008913,0.00084118,0.0011342,0.0011205,0.0014239,0.0012301,1074300.0,1105700.0,792270.0,4276700.0,2284500.0,1150800.0,5856800.0,1513400.0,1879800.0,3242500.0,2966100.0,734830.0,5652900.0,1298400.0,4052200.0,2459600.0,5070500.0,4091400.0,1340500.0,3371900.0,2502600.0,3347400.0,11704000.0,958350.0,6311800.0,749460.0,9101500.0,1591900.0,1841400.0,815570.0,3232100.0,1680500.0,5814300.0,23940000.0,2520900.0,2724900.0,4347000.0,1235900.0,1513400.0,1646200.0,2062700.0,1057700.0,2058300.0,1019200.0,7475600.0,2433400.0,1825600.0,1494000.0,2274900.0,15971000.0,952090.0,7278300.0,3995200.0,706940.0,3910700.0,1079100.0,2657700.0,17679000.0,32102000.0,2373200.0,1720700.0,1532600.0,2840700.0,1036400.0,1926200.0,3409900.0,803840.0,2871900.0,1940600.0,3915400.0,2755300.0,1446400.0,1119200.0,15048000.0,5077600.0,1340600.0,3613400.0,1673300.0,965090.0,2573300.0,3702600.0,1313000.0,893150.0,2116300.0,873820.0,1861100.0,2850800.0,4950200.0,4191200.0,2338500.0,5694300.0,1300700.0,9352900.0,4677300.0,1017700.0,1694700.0,903640.0,1769700.0,3509900.0,9918500.0,1730700.0,16523000.0,1417300.0,9919600.0,1633600.0,3256300.0,1272900.0,1628100.0,12535000.0,5115100.0,2157200.0,3869300.0,2389200.0,1225800.0,656170.0,3373000.0,11659000.0,2413800.0,1291100.0,778800.0,1922000.0,735100.0,1193700.0,2218700.0,8786700.0,4156700.0,2627900.0,3087700.0,2361300.0,1498700.0,773560.0,10411000.0,2404500.0,3548600.0,2073400.0,1371700.0,1031900.0,2014200.0,1052000.0,2853800.0,3921600.0,1159600.0,1477000.0,2103000.0,1521000.0,2210500.0,2422200.0,877170.0,6912100.0,1513500.0,9390500.0,6180200.0,809830.0,10291000.0,814480.0,1274500.0,19279000.0,683650.0,12167000.0,721740.0,5575100.0,3693400.0,3817200.0,2647300.0,5252900.0,4116200.0,4227600.0,964530.0,4135000.0,1638700.0,6369200.0,1506700.0,7610900.0,1080700.0,744550.0,4005200.0,2996600.0,1988300.0,8411500.0,2288700.0,948280.0,1205600.0,3671000.0,3568300.0,1940100.0,1475700.0,747540.0,6807100.0,5275200.0,2336700.0,637470.0,17726000.0,3323000.0,5257900.0,1142200.0,18258000.0,5431600.0,1100100.0,8580600.0,1353300.0,1434500.0,3992400.0,5297000.0,799330.0,1639500.0,973680.0,1778500.0,1568200.0,1456500.0,7851700.0,2342100.0,1425100.0,12280000.0,2793800.0,1238000.0,1263500.0,3260300.0,951930.0,4669600.0,1133200.0,1854600.0,8075300.0,4435100.0,696550.0,1421900.0,10018000.0,5258300.0,5069200.0,15394000.0,3001700.0,1931800.0,2342400.0,2994600.0,3189800.0,1882600.0,1749500.0,2275100.0,1499400.0,7215800.0,652060.0,3656200.0,8296200.0,8910100.0,1863600.0,5378600.0,4029700.0,5011000.0,864140.0,1139900.0,5361500.0,1551600.0,6587500.0,3485200.0,7122400.0,1970700.0,1638700.0,1591200.0,1087700.0,1106100.0,2208100.0,945990.0,5091800.0,3371700.0,4404800.0,3356800.0,2894200.0,2745600.0,15584000.0,14989000.0,6042000.0,4601000.0,2807600.0,6148400.0,3762100.0,1781300.0,2740300.0,1353800.0,4824200.0,3044800.0,1.5488,1.8598,4.1665,2.2432,2.4818,3.6641,1.2746,2.2416,4.2235,1.1901,1.9794,4.2092,2.4524,2.6629,4.3258,0.73671,2.0667,4.2275,1.7104,2.5324,3.8724,3.1003,2.842,5.8665,1.1726,2.0258,4.187,1.6925,1.7102,4.2392,1.3003,2.2978,4.2976,0.67396,2.0226,4.213,2.8908,2.8414,4.6756,5.5062,2.7318,1.3365,1.2659,2.802,3.6371,0.80078,2.1631,2.9929,2.6114,2.2061,4.6053,1.4577,1.6736,3.8878,0.78066,2.7187,3.9263,1.8656,1.8503,3.5532,1.2165,2.3769,3.2663,0.38778,2.2952,3.4542,1.8716,1.6194,3.4155,2.0699,2.6398,4.2047,1.9319,1.6292,3.3719,1.6694,1.6233,3.9923,0.33092,2.2009,3.1124,2.1272,2.4436,4.5568,1.5007,1.7061,3.2938,0.94697,1.9688,2.7536,3.2802,2.8323,6.0508,1.9404,1.831,3.5249,0.84386,2.7403,2.919,1.664,2.5965,4.0068,0.76904,1.8976,2.7322,1.0901,2.4121,3.1453,1.9337,1.9313,4.4878,1.8755,1.6468,3.9011,0.64714,2.1268,3.9698,1.4515,2.565,3.9566,0.97218,2.1738,3.149,2.6674,2.3937,4.4188,2.0068,2.2094,4.7289,1.5515,1.6209,3.9284,1.8885,2.0463,4.4772,1.5102,2.2187,3.2235,0.8144,2.2633,2.9704,2.4398,2.5242,4.3691,2.041,2.4728,4.8139,1.941,2.6197,4.7822,2.6235,2.3952,4.4032,1.2669,2.5355,3.8706,1.91,2.3578,4.4238,2.7259,2.9628,4.5135,0.71177,2.3581,2.7161,1.3296,2.0059,4.6164,1.8559,2.9887,3.673,0.22763,2.3673,3.3701,1.7086,1.6128,4.0809,0.86331,2.241,3.0704,2.2894,2.3014,4.7221,0.45458,2.3831,3.1312,0.69869,2.2666,3.119,0.015842,2.8993,1.6973,2.0854,2.2439,4.6839,2.5232,2.4682,4.3267,2.2656,2.3184,5.1452,1.9078,2.6241,4.0995,1.1207,1.8077,4.0829,4.5041,2.7829,0.7422,0.7573,2.1984,2.9558,1.4994,2.147,4.295,1.1949,2.292,3.5662,1.9868,2.6117,4.2521,1.6232,1.5825,4.1438,1.1695,2.508,3.1378,0.72457,2.5405,3.7357,2.266,1.8145,3.6726,1.3853,2.5388,3.4846,1.3575,2.6003,3.5108,1.3882,1.6302,4.2561,1.9403,2.6193,4.4362,2.1123,2.5952,4.6527,3.2945,2.8482,6.1399,1.7994,1.5959,4.2023,1.9375,1.9217,3.3604,2.5414,2.9257,5.4028,1.1848,2.5778,3.0391,2.6802,2.3749,4.9988,1.0365,2.7274,4.2639,1.4293,2.4975,3.5645,0.99106,1.9641,4.1829,1.7801,1.6391,4.0554,1.9846,1.9386,3.3949,6.0664,2.8978,2.8762,2.9999,2.2136,4.6708,1.569,1.9136,4.4228,1.169,2.5404,3.3599,1.4392,2.4685,3.4031,1.7186,1.8685,3.6573,2.055,2.4603,4.1242,1.0907,2.3923,3.2596,2.5122,1.8303,5.3524,1.0007,2.5776,3.2683,1.3298,2.5616,3.3042,0.23916,3.0512,3.1962,0.67011,1.9554,2.7428,1.6553,1.9396,4.6449,1.5421,1.7852,4.2218,5.2109,2.7378,1.5889,0.90678,2.2433,2.9685,0.9819,2.7479,4.258,2.3682,2.4091,3.7063,2.9466,2.2954,4.9701,3.1202,2.5648,4.6328,2.1077,2.3831,4.628,2.1805,2.2371,4.1732,0.71593,2.2758,3.3377,0.66895,2.4207,3.0517,0.59073,2.2864,3.8998,2.4654,2.4429,4.5593,0.68391,2.4616,2.8376,1.2819,1.5626,4.371,1.588,1.9093,3.5631,0.40934,2.668,2.2291,3.4173,2.9047,0.27197,0.84072,2.2567,3.0593,1.6242,1.6642,4.1778,1.6831,1.9248,3.3108,0.81674,2.3403,2.9075,2.2604,2.259,4.9454,1.3612,2.5845,3.254,1.3046,2.2286,3.7021,0.3647,2.0655,3.3515,1.7324,1.8854,3.4405,2.638,2.0045,4.1398,2.0291,2.1546,4.9542,1.4133,1.6986,3.8624,0.76943,2.075,2.8506,2.0891,2.1049,5.0974,2.1521,2.301,4.5875,1.5127,2.4839,4.0442,3.9793,2.7847,6.1757,1.7954,2.5157,3.9664,0.58157,2.0071,4.172,1.1658,2.6106,4.2195,3.2655,2.7644,6.0953,1.7072,1.568,3.2771,0.28852,2.4002,3.4419,4.8094,3.0012,0.63978,0.4319,2.8362,3.3695,1.1367,2.5538,3.1224,2.2582,2.1811,5.0402,1.6947,2.0491,4.4695,1.6537,1.6199,3.4027,1.9368,2.9565,3.4619,0.75307,2.3122,2.9316,0.78802,2.3506,3.0199,0.21529,2.6724,3.3494,1.9963,2.4632,4.2874,0.6821,2.3897,2.8062,1.0291,2.3913,3.5777,1.3016,1.7528,4.3345,0.23374,2.357,3.5137,1.6886,1.5979,3.274,0.87025,2.2813,2.8776,2.9089,2.8507,6.0502,1.6448,2.5012,3.9459,2.0313,2.2548,4.6081,2.127,2.6352,5.0339,1.5681,1.9527,3.8,1.4456,1.746,3.7685,2.3059,2.1452,4.9783,1.4863,2.5554,3.9155,0.45,2.9865,2.083,4.4262,2.873,0.26074,1.3306,2.8541,4.1626,1.8405,1.9891,3.8921,1.1275,2.6742,2.7171,0.030916,2.7638,2.8134,1.0898,2.9204,4.2023,0.47352,2.4118,2.6265,0.85953,2.0971,2.8289,0.5655,2.4889,3.4356,1.8548,2.2487,4.3524,1.0444,2.8322,4.2147,0.72688,2.0758,2.9191,2.1288,1.8329,3.6875,1.4345,1.8922,3.7339,2.2121,2.5586,4.6767,1.5691,1.5736,4.201,1.26,2.1333,3.2491,0.76924,2.1196,2.9854,0.73343,2.2386,2.6423,1.8013,2.3947,4.1948,2.2074,2.5465,4.8923,0.59506,2.079,2.9161,1.7325,1.8154,3.2919,0.91062,2.9711,2.628,0.51932,2.5362,2.5831,3.2678,2.717,6.2229,0.00050457,2.8715,2.7382,4.0533,2.8641,6.0092,2.4192,2.1981,3.7279,1.5136,3.0557,4.568,1.2309,2.4485,3.5129,5.9539,3.1106,2.692,2.3741,2.1601,3.725,1.3298,1.8453,3.7148,2.3681,2.3298,4.6558,2.5823,2.7476,4.2834,1.2519,2.7194,4.3024,1.6395,1.9251,3.7957,1.2317,2.7341,3.8039,2.3145,2.322,4.8989,1.3435,2.5864,3.3649,2.1384,2.3235,4.046,0.81749,1.9828,3.3897,2.4188,2.2863,3.8158,2.3312,2.3283,3.7213,2.3177,2.0171,5.1036,2.6006,2.2925,4.833,2.4134,2.2416,3.7874,1.4581,1.6174,3.9348,2.2995,2.5603,4.8999,1.7043,1.9428,3.844,0.82381,2.1069,4.1473,1.5643,1.8497,4.3586,2.2859,2.518,4.9517,1.4439,2.4026,3.2525,5.8157,2.7993,2.0966,1.8628,1.7457,3.5312,1.9165,2.8734,4.1265,2.137,2.005,4.8447,1.2007,2.6364,4.389,2.0373,2.1625,4.9609,1.6622,1.7748,3.9215,1.6436,1.9926,3.3106,1.1738,2.7234,3.7448,1.0578,2.8522,3.8212,1.5983,2.5015,3.9305,1.1669,2.657,3.6758,1.7479,1.7375,4.0784,0.70675,2.4427,2.8214,1.8226,2.1537,4.4261,0.10127,2.7752,3.0371,1.0252,1.9519,4.3526,0.98554,2.2707,3.0919,1.5744,2.4085,4.5565,1.0096,2.0774,2.8301,0.8117,2.0081,2.677,1.7067,1.753,3.9295,0.85102,2.4337,2.9461,1.2959,1.5776,3.8411,2.7706,2.6147,4.6078,1.0363,2.2575,3.6373,1.1832,2.7117,3.695,2.0131,2.0016,4.476,0.99262,1.9604,4.2372,1.9199,1.6457,3.4331,1.7383,2.5051,3.9666,2.2805,2.5289,4.8669,2.0448,2.3504,3.5832,1.2004,3.0531,3.4616,1.3887,1.4456,4.2577,0.72302,2.9744,3.6566,1.6551,1.7175,4.2449,0.81378,1.9987,2.7153,0.52463,2.2257,4.0686,2.5811,2.5995,4.5262,2.0241,2.099,3.4541,1.3706,2.8736,3.5299,1.0883,2.2381,3.6109,2.5421,2.0494,4.4842,1.5059,1.7369,4.4194,1.5903,2.5852,3.5642,2.0753,2.2907,4.0614,2.7166,2.2897,4.9588,0.44985,2.4934,2.9265
0.24066,0.38168,0.0083958,269.7,312.42,199.33,0.0015321,0.0018502,0.0010082,204.25,226.52,248.21,226.39,232.79,180.95,231.62,228.88,275.95,234.32,286.38,315.88,205.93,259.18,232.93,322.21,228.12,274.01,250.47,179.19,376.9,244.99,206.28,248.83,206.84,306.33,287.94,353.54,189.87,273.79,249.51,247.94,146.77,275.43,299.99,394.15,292.58,208.48,366.8,397.38,316.48,209.69,311.76,211.46,319.12,305.58,353.01,359.21,414.61,315.36,311.72,303.66,460.81,397.18,438.71,332.17,380.71,364.32,259.14,485.78,438.62,399.8,381.99,216.94,337.79,273.61,283.43,241.08,392.31,299.05,329.88,284.92,385.24,391.63,344.26,314.21,306.15,389.92,391.58,379.66,294.85,355.25,375.45,288.75,378.39,243.0,387.85,310.15,367.92,316.56,366.28,374.59,330.05,360.1,343.99,290.58,315.4,392.19,331.56,305.67,485.3,420.64,455.69,313.82,403.29,541.52,485.49,396.33,298.99,357.19,454.33,335.41,434.58,371.84,301.18,436.18,378.69,462.25,473.28,394.75,509.76,473.22,495.05,359.36,413.74,474.56,565.75,303.61,598.85,529.02,494.15,374.98,538.25,461.41,359.42,724.34,414.46,462.76,427.81,431.57,390.42,312.06,380.84,455.37,317.99,547.38,357.92,381.79,468.3,534.92,298.3,338.12,431.47,303.45,156.83,368.1,422.99,355.07,565.18,412.02,221.65,319.54,233.6,252.07,317.49,313.75,257.35,337.82,329.83,253.44,305.78,275.74,327.76,228.18,296.51,281.13,276.72,255.15,244.88,335.5,246.15,364.37,400.18,277.71,327.03,266.56,353.62,315.64,250.74,352.4,359.92,319.21,326.61,316.4,354.43,361.48,303.09,552.92,260.75,281.12,297.11,298.41,266.01,312.75,307.65,396.06,302.19,281.81,281.49,362.32,302.14,211.21,241.54,286.73,383.58,292.32,253.74,297.35,266.44,300.45,296.57,272.6,284.09,295.9,297.96,236.54,318.08,236.53,325.53,241.55,250.23,209.35,294.58,299.46,186.71,297.62,241.81,192.17,278.89,205.95,243.48,293.5,206.0,259.67,276.55,207.63,278.14,267.48,247.01,196.29,261.02,223.93,263.77,254.97,173.07,298.47,301.88,220.15,175.64,214.68,289.31,261.25,260.5,241.16,157.34,162.99,206.89,256.8,260.89,229.37,237.67,217.54,197.92,178.23,185.64,234.35,208.88,264.28,222.34,0.00073219,0.0010189,0.0010985,0.0011843,0.001115,0.0008583,0.0012017,0.00096994,0.0014317,0.0011067,0.0015173,0.0017451,0.0010169,0.0014007,0.0011306,0.0018758,0.0013262,0.001547,0.0015981,0.0011133,0.0021754,0.0016154,0.0012925,0.0017335,0.0014071,0.0019995,0.0016728,0.0020223,0.0014264,0.0018215,0.0015396,0.0015436,0.0010425,0.0015238,0.0018138,0.0023607,0.0018114,0.0012311,0.0021991,0.0022989,0.0018103,0.001178,0.0019536,0.0016079,0.0019374,0.0018839,0.0022005,0.0020363,0.0024662,0.0018972,0.0015215,0.0019061,0.0027143,0.0021804,0.0025739,0.0020903,0.0022543,0.0016289,0.0017015,0.0029067,0.0025458,0.0023897,0.0022925,0.0014001,0.0022831,0.0018043,0.0016676,0.0017925,0.0024382,0.0018737,0.0021028,0.0019348,0.0022708,0.0023324,0.0015359,0.0020339,0.0019615,0.0024363,0.0024699,0.0024068,0.0015853,0.0024042,0.0024468,0.0018178,0.0016509,0.0018068,0.0017034,0.0020143,0.0022126,0.0020794,0.0022718,0.0021458,0.0016853,0.0022864,0.0017733,0.0019722,0.0019459,0.0024802,0.0017638,0.0019732,0.0024675,0.0025414,0.0027006,0.0018794,0.0024485,0.0026527,0.0028411,0.0024835,0.0020348,0.0021904,0.0027288,0.0022325,0.0020532,0.0022231,0.0020244,0.0026201,0.0022614,0.0026108,0.002585,0.0019682,0.0022826,0.0027456,0.002366,0.0023589,0.0022664,0.0022547,0.0031306,0.0021002,0.0028542,0.0029991,0.0029906,0.0022202,0.0028843,0.0018968,0.0023091,0.003567,0.0024035,0.0024221,0.0025534,0.0023229,0.0023579,0.0019816,0.0021926,0.0027049,0.0021965,0.0026494,0.0022081,0.0017415,0.0022956,0.0027599,0.001958,0.0021815,0.0023898,0.0019632,0.0012565,0.0021163,0.00247,0.0021808,0.0026215,0.0020479,0.00143,0.0019875,0.0016318,0.0017395,0.0018102,0.0019106,0.0018367,0.0020888,0.0020398,0.0017929,0.0020311,0.0016418,0.0020397,0.001616,0.0019267,0.0017682,0.0018791,0.0016244,0.0015457,0.0019723,0.0015878,0.0021437,0.0023194,0.0016694,0.0020463,0.0018662,0.002236,0.0019456,0.0017319,0.0020578,0.0017881,0.0020611,0.0020632,0.0019738,0.0023478,0.002171,0.0019563,0.0019747,0.0017615,0.0017214,0.0018665,0.0019361,0.0017576,0.0019722,0.0018362,0.0024982,0.0017265,0.0019101,0.0017609,0.0019772,0.0018591,0.001476,0.0016391,0.0017352,0.0023031,0.0018686,0.0017019,0.0017015,0.0016474,0.001876,0.001907,0.0017036,0.0017509,0.0018356,0.0018411,0.0015865,0.0019573,0.0015775,0.0019272,0.001592,0.0014391,0.0013688,0.0016375,0.0019234,0.0012872,0.0017763,0.0014112,0.001525,0.0017347,0.0013538,0.0015648,0.0017833,0.0014794,0.0015302,0.0016208,0.0012285,0.0016737,0.0015333,0.00156,0.0012863,0.0016464,0.0013888,0.0016258,0.0014672,0.00098912,0.0016142,0.0017364,0.0012244,0.0012076,0.0011752,0.0015767,0.0015808,0.0015376,0.0010925,0.00097843,0.00097942,0.0010115,0.0015372,0.0015137,0.0010617,0.0013145,0.0010484,0.0010488,0.00089158,0.00084137,0.0011345,0.0011207,0.0014245,0.0012304,1074300.0,1105700.0,792270.0,4276700.0,2284500.0,1150800.0,5856800.0,1513400.0,1879800.0,3242500.0,2966100.0,734830.0,5652900.0,1298400.0,4052200.0,2459600.0,5070500.0,4091400.0,1340500.0,3371900.0,2502600.0,3347400.0,11704000.0,958350.0,6311800.0,749460.0,9101500.0,1591900.0,1841400.0,815570.0,3232100.0,1680500.0,5814300.0,23940000.0,2520900.0,2724900.0,4347000.0,1235900.0,1513400.0,1646200.0,2062700.0,1057700.0,2058300.0,1019200.0,7475600.0,2433400.0,1825600.0,1494000.0,2274900.0,15971000.0,952090.0,7278300.0,3995200.0,706940.0,3910700.0,1079100.0,2657700.0,17679000.0,32102000.0,2373200.0,1720700.0,1532600.0,2840700.0,1036400.0,1926200.0,3409900.0,803840.0,2871900.0,1940600.0,3915400.0,2755300.0,1446400.0,1119200.0,15048000.0,5077600.0,1340600.0,3613400.0,1673300.0,965090.0,2573300.0,3702600.0,1313000.0,893150.0,2116300.0,873820.0,1861100.0,2850800.0,4950200.0,4191200.0,2338500.0,5694300.0,1300700.0,9352900.0,4677300.0,1017700.0,1694700.0,903640.0,1769700.0,3509900.0,9918500.0,1730700.0,16523000.0,1417300.0,9919600.0,1633600.0,3256300.0,1272900.0,1628100.0,12535000.0,5115100.0,2157200.0,3869300.0,2389200.0,1225800.0,656170.0,3373000.0,11659000.0,2413800.0,1291100.0,778800.0,1922000.0,735100.0,1193700.0,2218700.0,8786700.0,4156700.0,2627900.0,3087700.0,2361300.0,1498700.0,773560.0,10411000.0,2404500.0,3548600.0,2073400.0,1371700.0,1031900.0,2014200.0,1052000.0,2853800.0,3921600.0,1159600.0,1477000.0,2103000.0,1521000.0,2210500.0,2422200.0,877170.0,6912100.0,1513500.0,9390500.0,6180200.0,809830.0,10291000.0,814480.0,1274500.0,19279000.0,683650.0,12167000.0,721740.0,5575100.0,3693400.0,3817200.0,2647300.0,5252900.0,4116200.0,4227600.0,964530.0,4135000.0,1638700.0,6369200.0,1506700.0,7610900.0,1080700.0,744550.0,4005200.0,2996600.0,1988300.0,8411500.0,2288700.0,948280.0,1205600.0,3671000.0,3568300.0,1940100.0,1475700.0,747540.0,6807100.0,5275200.0,2336700.0,637470.0,17726000.0,3323000.0,5257900.0,1142200.0,18258000.0,5431600.0,1100100.0,8580600.0,1353300.0,1434500.0,3992400.0,5297000.0,799330.0,1639500.0,973680.0,1778500.0,1568200.0,1456500.0,7851700.0,2342100.0,1425100.0,12280000.0,2793800.0,1238000.0,1263500.0,3260300.0,951930.0,4669600.0,1133200.0,1854600.0,8075300.0,4435100.0,696550.0,1421900.0,10018000.0,5258300.0,5069200.0,15394000.0,3001700.0,1931800.0,2342400.0,2994600.0,3189800.0,1882600.0,1749500.0,2275100.0,1499400.0,7215800.0,652060.0,3656200.0,8296200.0,8910100.0,1863600.0,5378600.0,4029700.0,5011000.0,864140.0,1139900.0,5361500.0,1551600.0,6587500.0,3485200.0,7122400.0,1970700.0,1638700.0,1591200.0,1087700.0,1106100.0,2208100.0,945990.0,5091800.0,3371700.0,4404800.0,3356800.0,2894200.0,2745600.0,15584000.0,14989000.0,6042000.0,4601000.0,2807600.0,6148400.0,3762100.0,1781300.0,2740300.0,1353800.0,4824200.0,3044800.0,1.5488,1.8598,4.1665,2.2432,2.4818,3.6641,1.2745,2.2416,4.2235,1.19,1.9793,4.2092,2.4523,2.6629,4.3258,0.73652,2.0667,4.2275,1.7107,2.5325,3.8723,3.1004,2.842,5.8665,1.1725,2.0257,4.187,1.6924,1.7101,4.2392,1.3004,2.2979,4.2978,0.67357,2.0225,4.213,2.8906,2.8414,4.6758,5.5058,2.7317,1.3362,1.266,2.8019,3.6372,0.80051,2.1631,2.9929,2.6115,2.2063,4.6055,1.4576,1.6736,3.8878,0.78108,2.719,3.9266,1.8653,1.8504,3.5533,1.2166,2.3769,3.2665,0.38787,2.2952,3.454,1.8717,1.6193,3.4155,2.07,2.6396,4.2046,1.9321,1.6291,3.3719,1.6695,1.6232,3.9924,0.33087,2.201,3.1123,2.1273,2.4436,4.557,1.5007,1.7061,3.2939,0.94721,1.9689,2.7536,3.2804,2.8322,6.051,1.9404,1.831,3.525,0.84367,2.7403,2.9191,1.6637,2.5965,4.0068,0.76916,1.8975,2.7322,1.09,2.4121,3.1453,1.9336,1.9313,4.4878,1.8759,1.6467,3.9012,0.64726,2.1266,3.9702,1.4519,2.565,3.957,0.97205,2.1739,3.1488,2.6677,2.3938,4.4191,2.0068,2.2094,4.7289,1.5515,1.6207,3.9284,1.8884,2.0465,4.4771,1.5103,2.2188,3.2234,0.81433,2.2634,2.9702,2.4397,2.5245,4.3691,2.0411,2.4725,4.8138,1.941,2.6197,4.7821,2.6236,2.3954,4.4035,1.2669,2.5356,3.8705,1.9103,2.358,4.4239,2.7273,2.9627,4.5145,0.71202,2.3581,2.7164,1.3293,2.0058,4.6165,1.856,2.9887,3.6729,0.22745,2.3673,3.3701,1.7086,1.6127,4.0809,0.86359,2.2412,3.0705,2.2896,2.3014,4.7222,0.4542,2.3829,3.1312,0.6984,2.2666,3.1189,0.015859,2.8993,1.697,2.0858,2.2441,4.6842,2.5233,2.4684,4.3268,2.2654,2.3184,5.1452,1.9077,2.624,4.0993,1.1208,1.8076,4.0831,4.5041,2.7827,0.74253,0.75728,2.1984,2.9557,1.4996,2.1471,4.295,1.1952,2.2923,3.5662,1.9867,2.6116,4.252,1.6232,1.5826,4.1438,1.1695,2.5079,3.1379,0.72449,2.5407,3.7358,2.2662,1.8145,3.6725,1.3852,2.5387,3.4846,1.3574,2.6003,3.5107,1.3881,1.6302,4.2559,1.9404,2.6191,4.4363,2.1126,2.595,4.6529,3.2943,2.8483,6.1398,1.7997,1.5957,4.2023,1.9378,1.9217,3.3603,2.5418,2.9255,5.403,1.1847,2.5778,3.039,2.6802,2.3748,4.9988,1.0368,2.7277,4.2642,1.4293,2.4975,3.5646,0.99122,1.9642,4.1831,1.7801,1.6392,4.0553,1.9847,1.9387,3.3949,6.0668,2.8978,2.8765,3.0001,2.2135,4.6707,1.5693,1.9135,4.423,1.1692,2.5403,3.3599,1.4392,2.4685,3.4031,1.7187,1.8684,3.6573,2.0549,2.4603,4.1243,1.0908,2.3924,3.2597,2.5122,1.83,5.3527,1.0008,2.5774,3.2682,1.3295,2.5616,3.3041,0.23901,3.0512,3.1961,0.67012,1.9557,2.7427,1.6553,1.9396,4.6451,1.5423,1.785,4.2219,5.211,2.7376,1.589,0.90684,2.2435,2.9686,0.98205,2.7481,4.2583,2.3681,2.409,3.7062,2.9466,2.2954,4.9701,3.1204,2.5647,4.6329,2.1078,2.383,4.6282,2.1805,2.2373,4.1733,0.71598,2.2759,3.3378,0.66902,2.4208,3.0517,0.59081,2.2866,3.8999,2.4654,2.443,4.559,0.68367,2.4617,2.8373,1.2817,1.5626,4.3711,1.588,1.9092,3.5634,0.40957,2.6681,2.2294,3.4173,2.9046,0.27203,0.84062,2.2567,3.0591,1.6242,1.6642,4.1779,1.6832,1.9249,3.311,0.81689,2.3402,2.9075,2.2606,2.2589,4.9455,1.3613,2.5845,3.2542,1.3047,2.2287,3.7024,0.36484,2.0654,3.3519,1.7326,1.8854,3.4405,2.638,2.0043,4.1399,2.029,2.1547,4.9541,1.4135,1.6987,3.8625,0.76941,2.0753,2.8508,2.089,2.1048,5.0976,2.152,2.301,4.5876,1.5129,2.4841,4.0444,3.979,2.7841,6.1755,1.7953,2.5158,3.9663,0.58133,2.0072,4.1721,1.1656,2.6105,4.2193,3.2654,2.7642,6.0955,1.7073,1.568,3.277,0.2886,2.4003,3.442,4.8092,3.0012,0.63954,0.43189,2.8363,3.3697,1.1366,2.5538,3.1226,2.2582,2.181,5.0403,1.6949,2.0491,4.4696,1.6537,1.6199,3.4027,1.9372,2.9565,3.4622,0.75313,2.3121,2.9317,0.788,2.3504,3.0199,0.21522,2.6724,3.3494,1.9964,2.4633,4.2874,0.68225,2.3895,2.8062,1.0293,2.3915,3.5776,1.3018,1.7527,4.3345,0.23385,2.357,3.5139,1.6885,1.5979,3.274,0.87047,2.2811,2.8777,2.9089,2.8507,6.0503,1.6445,2.5012,3.9458,2.0313,2.2549,4.6081,2.1267,2.6351,5.0336,1.568,1.9527,3.8,1.4458,1.7458,3.7686,2.306,2.1452,4.9783,1.4862,2.5553,3.9154,0.44991,2.9864,2.0828,4.4261,2.8729,0.26076,1.3306,2.8542,4.1625,1.8403,1.9892,3.8921,1.1272,2.6742,2.7168,0.030602,2.7637,2.8133,1.09,2.9204,4.2025,0.47358,2.4117,2.6266,0.85952,2.0972,2.8288,0.5657,2.4889,3.4358,1.8552,2.2488,4.3525,1.0442,2.8323,4.2146,0.72709,2.076,2.9189,2.1289,1.8329,3.6873,1.4346,1.8923,3.734,2.2118,2.5583,4.6762,1.5693,1.5735,4.201,1.26,2.1332,3.2492,0.76948,2.1198,2.9853,0.73338,2.2384,2.6423,1.8013,2.3947,4.1949,2.2073,2.5463,4.8922,0.59509,2.079,2.916,1.7324,1.8155,3.2919,0.91087,2.971,2.6281,0.5192,2.5363,2.583,3.2679,2.7169,6.2231,0.00086635,2.8716,2.7387,4.0529,2.8639,6.0086,2.4193,2.1977,3.7279,1.5138,3.0557,4.5686,1.2309,2.4485,3.5131,5.952,3.1106,2.6905,2.3741,2.1599,3.7249,1.3299,1.8453,3.7149,2.3679,2.3299,4.6559,2.5821,2.7478,4.2836,1.2519,2.7195,4.3022,1.6392,1.925,3.7955,1.2319,2.734,3.8041,2.3144,2.3218,4.8987,1.3431,2.5862,3.3649,2.1383,2.3237,4.0459,0.81749,1.9828,3.3897,2.4188,2.2861,3.8158,2.3311,2.3282,3.7212,2.3179,2.0171,5.1038,2.6005,2.2925,4.833,2.4135,2.2416,3.7873,1.4582,1.6174,3.9348,2.2992,2.5601,4.8998,1.704,1.9428,3.8439,0.82385,2.1068,4.1475,1.5642,1.8497,4.3588,2.2858,2.5178,4.9517,1.4439,2.4027,3.2525,5.8155,2.7991,2.0964,1.8628,1.7457,3.5312,1.9164,2.8731,4.1262,2.1372,2.0051,4.8447,1.2008,2.6365,4.3891,2.0375,2.1626,4.9611,1.6622,1.7747,3.9214,1.6437,1.9925,3.3104,1.174,2.7234,3.745,1.0579,2.8522,3.8212,1.5986,2.5016,3.9306,1.1669,2.6569,3.6757,1.7478,1.7374,4.0784,0.70655,2.4427,2.8215,1.8225,2.1539,4.4262,0.10124,2.7752,3.0373,1.0251,1.952,4.3527,0.98556,2.2707,3.092,1.5743,2.4085,4.5564,1.0096,2.0774,2.8301,0.8118,2.0081,2.677,1.7068,1.7529,3.9294,0.85088,2.4336,2.9464,1.2958,1.5776,3.8411,2.7706,2.6148,4.6078,1.0362,2.2577,3.6373,1.1832,2.7115,3.695,2.0132,2.0017,4.476,0.99249,1.9604,4.2371,1.92,1.6458,3.4331,1.7384,2.5051,3.9665,2.2807,2.5289,4.8668,2.0447,2.3504,3.5831,1.2003,3.0531,3.4616,1.3886,1.4456,4.2578,0.72311,2.9744,3.6565,1.6551,1.7174,4.2449,0.81387,1.9987,2.7153,0.52445,2.2257,4.0687,2.581,2.5995,4.5262,2.0242,2.099,3.4542,1.3705,2.8735,3.5298,1.0883,2.2382,3.6109,2.5421,2.0495,4.4843,1.506,1.7369,4.4194,1.5903,2.5852,3.5642,2.0754,2.2907,4.0614,2.7166,2.2896,4.9588,0.44987,2.4934,2.9264
0.24127,0.38264,0.0084128,269.96,312.84,199.34,0.0015336,0.0018526,0.0010083,204.27,226.58,248.35,226.49,232.94,181.01,231.58,228.95,276.1,234.4,286.58,316.24,205.96,259.41,233.03,322.58,228.24,274.2,250.75,179.23,377.31,245.09,206.39,248.89,206.88,306.59,288.2,353.89,190.02,273.9,249.69,248.2,146.84,275.77,300.27,394.49,292.79,208.88,367.27,397.85,316.82,209.9,312.3,211.56,319.41,305.9,353.26,359.61,415.1,315.66,312.1,303.97,461.56,397.58,439.38,332.6,381.24,365.37,259.71,486.36,439.27,400.18,382.55,217.24,338.07,273.89,283.94,241.45,392.89,299.67,330.56,285.28,385.62,392.33,345.47,314.61,306.29,390.35,392.13,380.17,295.61,355.89,375.96,288.82,379.54,243.31,388.81,310.58,368.38,316.92,366.89,375.43,330.63,360.57,344.68,290.95,315.93,392.82,332.56,306.2,486.36,421.15,456.76,314.46,403.97,542.55,486.12,397.12,299.55,357.59,454.96,335.91,436.28,372.74,301.57,436.88,379.47,463.47,474.32,395.37,511.42,474.01,496.68,359.99,414.54,475.68,566.92,304.14,600.19,529.87,495.16,375.74,539.32,463.21,360.07,725.64,415.25,463.73,428.49,432.45,391.04,312.63,381.39,456.09,318.46,548.45,358.25,382.62,469.51,535.88,298.73,338.61,432.14,304.01,156.93,368.85,423.64,355.38,566.33,412.38,221.78,319.93,233.83,252.39,318.12,314.05,257.66,338.1,330.27,253.62,306.07,276.04,328.16,228.51,296.76,281.33,276.98,255.42,245.09,335.71,246.43,364.82,400.57,277.98,327.53,266.79,354.0,316.0,250.97,352.83,360.33,319.58,326.92,316.73,355.02,361.84,303.44,553.8,261.08,281.38,297.46,298.76,266.18,313.07,308.04,396.76,302.66,282.11,281.69,362.81,302.48,211.35,241.73,286.95,384.02,292.71,254.03,297.5,266.66,300.7,296.77,272.89,284.29,296.02,298.1,236.71,318.44,236.67,325.86,241.77,250.39,209.52,294.83,299.69,186.81,297.8,242.01,192.28,279.04,206.09,243.64,293.7,206.14,259.77,276.69,207.69,278.34,267.64,247.19,196.39,261.19,224.07,263.94,255.14,173.16,298.59,302.02,220.27,175.67,214.78,289.47,261.43,260.6,241.23,157.4,163.04,206.96,256.94,260.99,229.41,237.76,217.59,198.0,178.31,185.69,234.44,208.9,264.43,222.39,0.0007322,0.001019,0.0010988,0.0011847,0.0011155,0.00085861,0.0012014,0.00097026,0.0014326,0.0011072,0.0015185,0.0017472,0.001017,0.0014021,0.0011311,0.0018778,0.0013268,0.0015482,0.0016,0.0011137,0.0021775,0.0016161,0.0012931,0.0017341,0.0014073,0.0020011,0.0016746,0.0020243,0.0014277,0.0018223,0.0015406,0.0015453,0.0010427,0.0015256,0.0018154,0.0023625,0.0018128,0.0012333,0.0022017,0.0023015,0.0018125,0.0011791,0.0019565,0.0016088,0.0019392,0.0018858,0.0022023,0.0020392,0.0024692,0.0018992,0.0015234,0.0019081,0.0027185,0.0021834,0.0025779,0.0020927,0.0022581,0.0016342,0.0017043,0.0029107,0.0025492,0.0023928,0.0022957,0.0014018,0.0022852,0.0018062,0.0016707,0.0017952,0.0024422,0.0018774,0.0021068,0.0019367,0.0022734,0.0023364,0.0015415,0.002036,0.0019629,0.0024389,0.0024734,0.0024102,0.0015892,0.0024076,0.0024502,0.001819,0.0016564,0.0018084,0.0017077,0.0020166,0.0022153,0.002082,0.0022751,0.0021504,0.0016883,0.0022893,0.0017768,0.0019745,0.0019485,0.0024838,0.0017685,0.0019762,0.0024727,0.0025444,0.0027061,0.0018832,0.0024519,0.0026586,0.0028448,0.0024882,0.0020383,0.0021931,0.0027325,0.0022355,0.0020607,0.0022279,0.0020273,0.0026239,0.0022656,0.0026177,0.0025907,0.0019721,0.0022893,0.0027505,0.0023748,0.0023627,0.0022705,0.0022609,0.0031371,0.0021038,0.002861,0.003004,0.0029963,0.0022244,0.0028901,0.0019051,0.0023131,0.0035738,0.0024079,0.0024288,0.0025575,0.0023281,0.0023616,0.0019847,0.0021962,0.0027091,0.0021996,0.0026551,0.0022105,0.0017462,0.002302,0.0027649,0.0019609,0.0021843,0.002394,0.0019664,0.0012575,0.0021204,0.0024737,0.0021827,0.0026278,0.0020495,0.0014308,0.0019898,0.0016334,0.0017414,0.0018137,0.0019126,0.0018388,0.0020905,0.0020422,0.0017942,0.002033,0.0016436,0.0020419,0.0016178,0.0019285,0.0017694,0.0018805,0.0016258,0.0015471,0.0019739,0.0015894,0.0021461,0.0023216,0.0016707,0.0020488,0.0018677,0.0022387,0.0019478,0.0017334,0.0020603,0.0017909,0.0020633,0.0020654,0.0019757,0.0023509,0.0021732,0.0019585,0.0019796,0.0017636,0.0017228,0.0018687,0.0019384,0.0017587,0.0019739,0.0018386,0.0025015,0.0017288,0.0019119,0.0017622,0.0019799,0.0018612,0.001477,0.0016403,0.0017366,0.0023057,0.001871,0.0017036,0.0017025,0.0016486,0.0018773,0.0019084,0.0017052,0.0017521,0.0018369,0.001842,0.0015877,0.0019594,0.0015785,0.0019291,0.0015933,0.0014401,0.0013698,0.0016389,0.0019249,0.0012877,0.0017773,0.0014123,0.0015258,0.0017358,0.0013548,0.0015658,0.0017845,0.0014805,0.0015306,0.0016216,0.0012291,0.0016749,0.0015341,0.0015611,0.0012869,0.0016475,0.0013897,0.0016267,0.0014681,0.00098956,0.0016149,0.0017374,0.001225,0.0012079,0.0011757,0.0015775,0.0015818,0.0015381,0.0010928,0.00097877,0.00097967,0.0010118,0.0015381,0.0015141,0.0010619,0.0013149,0.0010486,0.0010491,0.00089192,0.00084159,0.0011349,0.0011209,0.0014252,0.0012307,1074300.0,1105700.0,792270.0,4276700.0,2284500.0,1150800.0,5856800.0,1513400.0,1879800.0,3242500.0,2966100.0,734830.0,5652900.0,1298400.0,4052200.0,2459600.0,5070500.0,4091400.0,1340500.0,3371900.0,2502600.0,3347400.0,11704000.0,958350.0,6311800.0,749460.0,9101500.0,1591900.0,1841400.0,815570.0,3232100.0,1680500.0,5814300.0,23940000.0,2520900.0,2724900.0,4347000.0,1235900.0,1513400.0,1646200.0,2062700.0,1057700.0,2058300.0,1019200.0,7475600.0,2433400.0,1825600.0,1494000.0,2274900.0,15971000.0,952090.0,7278300.0,3995200.0,706940.0,3910700.0,1079100.0,2657700.0,17679000.0,32102000.0,2373200.0,1720700.0,1532600.0,2840700.0,1036400.0,1926200.0,3409900.0,803840.0,2871900.0,1940600.0,3915400.0,2755300.0,1446400.0,1119200.0,15048000.0,5077600.0,1340600.0,3613400.0,1673300.0,965090.0,2573300.0,3702600.0,1313000.0,893150.0,2116300.0,873820.0,1861100.0,2850800.0,4950200.0,4191200.0,2338500.0,5694300.0,1300700.0,9352900.0,4677300.0,1017700.0,1694700.0,903640.0,1769700.0,3509900.0,9918500.0,1730700.0,16523000.0,1417300.0,9919600.0,1633600.0,3256300.0,1272900.0,1628100.0,12535000.0,5115100.0,2157200.0,3869300.0,2389200.0,1225800.0,656170.0,3373000.0,11659000.0,2413800.0,1291100.0,778800.0,1922000.0,735100.0,1193700.0,2218700.0,8786700.0,4156700.0,2627900.0,3087700.0,2361300.0,1498700.0,773560.0,10411000.0,2404500.0,3548600.0,2073400.0,1371700.0,1031900.0,2014200.0,1052000.0,2853800.0,3921600.0,1159600.0,1477000.0,2103000.0,1521000.0,2210500.0,2422200.0,877170.0,6912100.0,1513500.0,9390500.0,6180200.0,809830.0,10291000.0,814480.0,1274500.0,19279000.0,683650.0,12167000.0,721740.0,5575100.0,3693400.0,3817200.0,2647300.0,5252900.0,4116200.0,4227600.0,964530.0,4135000.0,1638700.0,6369200.0,1506700.0,7610900.0,1080700.0,744550.0,4005200.0,2996600.0,1988300.0,8411500.0,2288700.0,948280.0,1205600.0,3671000.0,3568300.0,1940100.0,1475700.0,747540.0,6807100.0,5275200.0,2336700.0,637470.0,17726000.0,3323000.0,5257900.0,1142200.0,18258000.0,5431600.0,1100100.0,8580600.0,1353300.0,1434500.0,3992400.0,5297000.0,799330.0,1639500.0,973680.0,1778500.0,1568200.0,1456500.0,7851700.0,2342100.0,1425100.0,12280000.0,2793800.0,1238000.0,1263500.0,3260300.0,951930.0,4669600.0,1133200.0,1854600.0,8075300.0,4435100.0,696550.0,1421900.0,10018000.0,5258300.0,5069200.0,15394000.0,3001700.0,1931800.0,2342400.0,2994600.0,3189800.0,1882600.0,1749500.0,2275100.0,1499400.0,7215800.0,652060.0,3656200.0,8296200.0,8910100.0,1863600.0,5378600.0,4029700.0,5011000.0,864140.0,1139900.0,5361500.0,1551600.0,6587500.0,3485200.0,7122400.0,1970700.0,1638700.0,1591200.0,1087700.0,1106100.0,2208100.0,945990.0,5091800.0,3371700.0,4404800.0,3356800.0,2894200.0,2745600.0,15584000.0,14989000.0,6042000.0,4601000.0,2807600.0,6148400.0,3762100.0,1781300.0,2740300.0,1353800.0,4824200.0,3044800.0,1.5489,1.8599,4.1665,2.2432,2.4818,3.6641,1.2745,2.2416,4.2235,1.1899,1.9793,4.2091,2.4521,2.6629,4.3259,0.73622,2.0667,4.2276,1.711,2.5325,3.8723,3.1005,2.8419,5.8665,1.1723,2.0257,4.1869,1.6922,1.7101,4.2391,1.3005,2.2981,4.298,0.67299,2.0224,4.2131,2.8904,2.8413,4.676,5.5051,2.7315,1.3359,1.2661,2.8017,3.6372,0.80011,2.1631,2.9929,2.6118,2.2067,4.6059,1.4575,1.6735,3.8878,0.7817,2.7194,3.9271,1.865,1.8505,3.5536,1.2166,2.3768,3.2667,0.388,2.2953,3.4537,1.8719,1.6192,3.4156,2.0701,2.6394,4.2045,1.9323,1.6291,3.3719,1.6697,1.6231,3.9925,0.33079,2.2011,3.1122,2.1274,2.4437,4.5573,1.5007,1.7061,3.2942,0.94757,1.969,2.7537,3.2806,2.8322,6.0513,1.9405,1.8311,3.5251,0.84337,2.7405,2.9192,1.6634,2.5965,4.0068,0.76934,1.8975,2.7321,1.0897,2.4121,3.1454,1.9335,1.9313,4.4877,1.8765,1.6467,3.9013,0.64743,2.1264,3.9708,1.4525,2.5651,3.9575,0.97186,2.1741,3.1485,2.6681,2.3941,4.4195,2.0068,2.2094,4.7289,1.5515,1.6205,3.9284,1.8884,2.0469,4.4771,1.5104,2.219,3.2234,0.81423,2.2635,2.9699,2.4396,2.5249,4.369,2.0414,2.4722,4.8137,1.9411,2.6197,4.7819,2.6239,2.3958,4.4039,1.2669,2.5357,3.8705,1.9109,2.3582,4.4242,2.7294,2.9625,4.516,0.7124,2.3579,2.7168,1.3288,2.0056,4.6166,1.8563,2.9886,3.6727,0.22719,2.3672,3.37,1.7087,1.6127,4.0809,0.86401,2.2414,3.0706,2.2899,2.3013,4.7223,0.45363,2.3827,3.1313,0.69798,2.2667,3.1187,0.015892,2.8993,1.6965,2.0864,2.2444,4.6845,2.5233,2.4688,4.327,2.2652,2.3185,5.1453,1.9076,2.6238,4.099,1.1209,1.8074,4.0835,4.5041,2.7824,0.74303,0.75724,2.1985,2.9556,1.5,2.1472,4.2951,1.1955,2.2928,3.5664,1.9865,2.6115,4.2518,1.6231,1.5827,4.1439,1.1694,2.5077,3.1379,0.72437,2.541,3.7358,2.2666,1.8145,3.6724,1.3852,2.5387,3.4847,1.3573,2.6003,3.5106,1.3881,1.6303,4.2558,1.9405,2.6188,4.4363,2.1131,2.5946,4.6531,3.2939,2.8485,6.1398,1.8002,1.5955,4.2024,1.9382,1.9216,3.36,2.5423,2.9252,5.4033,1.1846,2.5777,3.0389,2.6801,2.3747,4.9987,1.0372,2.728,4.2646,1.4293,2.4975,3.5647,0.99146,1.9645,4.1835,1.78,1.6392,4.0553,1.9848,1.9387,3.3949,6.0674,2.8978,2.8769,3.0003,2.2133,4.6707,1.5697,1.9135,4.4233,1.1694,2.5402,3.36,1.4392,2.4684,3.4032,1.7189,1.8683,3.6573,2.0549,2.4603,4.1246,1.0909,2.3926,3.2598,2.5122,1.8295,5.353,1.0008,2.5772,3.2681,1.329,2.5616,3.3038,0.23879,3.0512,3.196,0.67013,1.9561,2.7425,1.6552,1.9395,4.6455,1.5425,1.7849,4.222,5.211,2.7372,1.5891,0.90693,2.2437,2.9689,0.98228,2.7485,4.2587,2.3679,2.4089,3.7061,2.9467,2.2955,4.9701,3.1206,2.5645,4.6331,2.108,2.383,4.6285,2.1804,2.2375,4.1733,0.71604,2.276,3.3379,0.66914,2.4208,3.0516,0.59091,2.2869,3.9001,2.4655,2.4431,4.5585,0.68331,2.4618,2.8368,1.2815,1.5626,4.3712,1.588,1.9091,3.5637,0.40991,2.6681,2.2297,3.4173,2.9045,0.2721,0.84047,2.2567,3.0589,1.6242,1.6641,4.178,1.6832,1.9251,3.3113,0.8171,2.3401,2.9076,2.2609,2.2587,4.9455,1.3615,2.5846,3.2545,1.3049,2.2289,3.7027,0.36505,2.0652,3.3524,1.7327,1.8853,3.4405,2.638,2.004,4.1401,2.0288,2.1548,4.954,1.4136,1.6988,3.8626,0.76939,2.0757,2.8512,2.089,2.1047,5.0977,2.1519,2.3011,4.5877,1.5131,2.4844,4.0447,3.9787,2.7832,6.1751,1.795,2.516,3.966,0.58097,2.0074,4.1722,1.1652,2.6104,4.2191,3.2653,2.764,6.0958,1.7073,1.568,3.277,0.28871,2.4004,3.4422,4.809,3.0012,0.63919,0.43187,2.8365,3.3701,1.1365,2.5539,3.1229,2.2582,2.181,5.0405,1.6952,2.049,4.4698,1.6536,1.6199,3.4028,1.9379,2.9566,3.4627,0.75324,2.312,2.9319,0.78797,2.3502,3.02,0.21512,2.6725,3.3494,1.9966,2.4633,4.2874,0.68246,2.3893,2.8063,1.0296,2.3919,3.5775,1.3021,1.7526,4.3346,0.23403,2.357,3.5143,1.6885,1.598,3.274,0.8708,2.2809,2.8778,2.9088,2.8507,6.0505,1.644,2.5011,3.9456,2.0313,2.2551,4.6081,2.1262,2.635,5.0332,1.5678,1.9527,3.7999,1.4462,1.7455,3.7688,2.306,2.1452,4.9782,1.4861,2.5551,3.9151,0.44978,2.9862,2.0824,4.426,2.8726,0.2608,1.3304,2.8543,4.1623,1.84,1.9893,3.8921,1.1268,2.6742,2.7164,0.030139,2.7635,2.8132,1.0904,2.9205,4.2027,0.47366,2.4114,2.6268,0.8595,2.0974,2.8288,0.566,2.4889,3.436,1.8557,2.249,4.3526,1.0438,2.8324,4.2145,0.7274,2.0762,2.9185,2.1291,1.8328,3.6871,1.4348,1.8924,3.7343,2.2113,2.5579,4.6756,1.5697,1.5735,4.201,1.2599,2.1332,3.2493,0.76984,2.12,2.9852,0.73331,2.2382,2.6423,1.8014,2.3948,4.195,2.2071,2.546,4.892,0.59513,2.0791,2.9157,1.7324,1.8157,3.2919,0.91125,2.9709,2.6283,0.51903,2.5364,2.5829,3.2681,2.7168,6.2234,0.0014133,2.8716,2.7395,4.0522,2.8637,6.0077,2.4195,2.1971,3.7278,1.5142,3.0556,4.5694,1.2308,2.4484,3.5134,5.9492,3.1106,2.6882,2.3741,2.1597,3.7247,1.3301,1.8454,3.7149,2.3677,2.3299,4.6561,2.5818,2.7481,4.2839,1.2518,2.7196,4.302,1.6389,1.9249,3.7953,1.2322,2.7339,3.8045,2.3142,2.3217,4.8984,1.3426,2.586,3.3648,2.138,2.324,4.0457,0.81748,1.9829,3.3896,2.4187,2.2858,3.8159,2.331,2.3281,3.7212,2.3181,2.0172,5.1041,2.6002,2.2926,4.8331,2.4136,2.2416,3.7873,1.4584,1.6175,3.935,2.2989,2.5599,4.8996,1.7036,1.9428,3.8437,0.82391,2.1067,4.1476,1.564,1.8497,4.3589,2.2856,2.5174,4.9517,1.4438,2.4027,3.2524,5.8152,2.7988,2.0961,1.8628,1.7456,3.5313,1.9161,2.8727,4.1257,2.1375,2.0053,4.8448,1.2011,2.6367,4.3893,2.0379,2.1626,4.9612,1.6623,1.7747,3.9212,1.6438,1.9924,3.3102,1.1742,2.7234,3.7452,1.0581,2.8523,3.8211,1.5989,2.5016,3.9307,1.1669,2.6566,3.6756,1.7476,1.7373,4.0784,0.70623,2.4426,2.8216,1.8224,2.1541,4.4263,0.10121,2.7751,3.0377,1.0249,1.952,4.3529,0.98559,2.2705,3.0921,1.5742,2.4085,4.5564,1.0096,2.0773,2.8301,0.81195,2.0081,2.6769,1.707,1.7528,3.9293,0.85065,2.4336,2.9467,1.2956,1.5776,3.8412,2.7706,2.6148,4.6077,1.0361,2.258,3.6373,1.1833,2.7114,3.6951,2.0133,2.0017,4.476,0.9923,1.9604,4.2371,1.9202,1.6458,3.4331,1.7386,2.5052,3.9665,2.281,2.5288,4.8667,2.0445,2.3503,3.5829,1.2002,3.0531,3.4615,1.3885,1.4457,4.2578,0.72325,2.9744,3.6565,1.6552,1.7174,4.245,0.81401,1.9987,2.7152,0.52418,2.2258,4.0689,2.5808,2.5995,4.5263,2.0242,2.0989,3.4542,1.3705,2.8734,3.5298,1.0883,2.2383,3.6108,2.5422,2.0496,4.4843,1.506,1.737,4.4194,1.5903,2.5851,3.5641,2.0754,2.2907,4.0614,2.7167,2.2895,4.9587,0.4499,2.4933,2.9264
0.24218,0.38409,0.0084381,270.34,313.44,199.35,0.0015358,0.001856,0.0010083,204.26,226.64,248.56,226.62,233.16,181.07,231.47,229.02,276.3,234.53,286.91,316.8,206.02,259.77,233.18,323.15,228.37,274.47,251.16,179.3,377.88,245.17,206.48,248.91,206.9,306.98,288.6,354.42,190.26,273.97,249.94,248.61,146.91,276.27,300.64,394.99,293.1,209.37,367.96,398.56,317.34,210.22,313.13,211.72,319.85,306.39,353.66,360.24,415.85,316.12,312.67,304.45,462.7,398.2,440.39,333.23,382.06,366.9,260.48,487.27,440.23,400.78,383.37,217.68,338.55,274.3,284.67,241.93,393.73,300.58,331.56,285.8,386.17,393.38,347.35,315.18,306.5,390.93,393.02,380.91,296.73,356.86,376.72,288.88,381.3,243.74,390.29,311.16,369.05,317.48,367.82,376.71,331.43,361.21,345.69,291.45,316.67,393.77,333.98,306.99,487.91,421.9,458.4,315.41,404.9,544.06,487.04,398.29,300.39,358.16,455.85,336.65,438.92,374.03,302.13,437.91,380.61,465.29,475.83,396.29,513.89,475.18,499.03,360.88,415.69,477.33,568.6,304.87,602.14,531.07,496.63,376.84,540.91,465.91,361.02,727.58,416.4,465.12,429.48,433.73,391.91,313.42,382.19,457.09,319.15,550.03,358.72,383.89,471.28,537.26,299.36,339.32,433.12,304.86,157.09,369.94,424.59,355.81,568.0,412.88,221.98,320.48,234.16,252.85,319.07,314.51,258.09,338.48,330.91,253.88,306.47,276.47,328.74,229.01,297.14,281.61,277.34,255.79,245.4,336.02,246.82,365.47,401.13,278.32,328.25,267.12,354.52,316.51,251.28,353.46,360.89,320.1,327.36,317.23,355.86,362.37,303.95,555.11,261.55,281.75,297.98,299.28,266.4,313.52,308.6,397.76,303.33,282.53,281.98,363.52,302.98,211.55,241.99,287.29,384.65,293.25,254.45,297.73,266.96,301.04,297.08,273.3,284.56,296.2,298.31,236.96,318.98,236.86,326.33,242.07,250.63,209.77,295.19,300.01,186.94,298.05,242.29,192.43,279.27,206.29,243.87,293.99,206.34,259.9,276.91,207.79,278.62,267.88,247.45,196.54,261.42,224.26,264.17,255.36,173.28,298.76,302.22,220.42,175.71,214.92,289.68,261.68,260.75,241.33,157.48,163.1,207.05,257.14,261.12,229.45,237.89,217.66,198.1,178.43,185.76,234.55,208.92,264.64,222.46,0.00073201,0.0010191,0.0010992,0.0011853,0.0011163,0.00085889,0.0012007,0.00097054,0.0014338,0.001108,0.0015205,0.0017505,0.001017,0.0014043,0.0011317,0.0018808,0.0013275,0.00155,0.0016028,0.0011142,0.0021804,0.0016166,0.0012936,0.0017345,0.0014072,0.0020036,0.0016773,0.0020273,0.0014295,0.0018229,0.0015421,0.001548,0.0010429,0.0015282,0.0018175,0.0023651,0.0018148,0.0012356,0.0022055,0.0023056,0.0018157,0.0011808,0.001961,0.0016102,0.0019419,0.0018886,0.0022051,0.0020437,0.0024738,0.0019021,0.0015263,0.0019112,0.002725,0.0021879,0.0025839,0.0020962,0.0022639,0.0016418,0.0017078,0.0029167,0.0025538,0.0023976,0.0023004,0.0014042,0.0022885,0.0018089,0.001675,0.0017988,0.002448,0.0018828,0.0021125,0.0019394,0.0022774,0.0023424,0.0015508,0.0020392,0.0019651,0.0024427,0.002479,0.0024151,0.0015952,0.0024125,0.0024553,0.0018206,0.0016654,0.0018108,0.0017148,0.0020197,0.0022193,0.0020861,0.0022801,0.0021574,0.0016924,0.0022931,0.0017819,0.0019776,0.0019519,0.002489,0.001775,0.0019807,0.0024801,0.0025489,0.0027145,0.0018888,0.0024566,0.0026672,0.0028504,0.002495,0.0020434,0.002197,0.0027376,0.00224,0.0020724,0.0022349,0.0020313,0.0026296,0.0022716,0.002628,0.0025992,0.0019775,0.0023005,0.0027575,0.0023883,0.0023682,0.0022764,0.00227,0.0031466,0.0021088,0.0028716,0.0030111,0.0030046,0.0022304,0.0028987,0.0019181,0.0023189,0.003584,0.0024144,0.002439,0.0025636,0.0023356,0.0023669,0.0019891,0.0022015,0.0027149,0.002204,0.0026636,0.002214,0.0017532,0.0023112,0.0027721,0.0019652,0.0021883,0.0024,0.0019711,0.0012589,0.0021264,0.0024791,0.0021854,0.0026369,0.0020515,0.001432,0.0019931,0.0016357,0.001744,0.0018188,0.0019157,0.0018419,0.0020928,0.0020456,0.0017962,0.0020358,0.0016462,0.002045,0.0016203,0.0019313,0.001771,0.0018826,0.0016278,0.0015491,0.0019762,0.0015918,0.0021496,0.0023247,0.0016722,0.0020524,0.0018699,0.0022426,0.0019509,0.0017356,0.002064,0.0017946,0.0020665,0.0020684,0.0019786,0.0023554,0.0021763,0.0019616,0.0019869,0.0017664,0.0017247,0.0018718,0.0019418,0.0017603,0.0019762,0.0018419,0.0025062,0.0017319,0.0019146,0.0017643,0.0019838,0.0018642,0.0014785,0.001642,0.0017387,0.0023095,0.0018744,0.001706,0.001704,0.0016502,0.0018791,0.0019105,0.0017074,0.0017539,0.0018388,0.0018434,0.0015893,0.0019626,0.0015798,0.0019318,0.001595,0.0014415,0.0013711,0.001641,0.0019271,0.0012885,0.0017788,0.0014138,0.0015271,0.0017373,0.0013561,0.0015672,0.0017863,0.001482,0.0015313,0.0016226,0.0012299,0.0016766,0.0015352,0.0015626,0.0012876,0.001649,0.0013909,0.001628,0.0014693,0.00099017,0.001616,0.0017388,0.0012259,0.0012081,0.0011764,0.0015786,0.0015832,0.0015388,0.0010933,0.00097923,0.00097995,0.0010122,0.0015393,0.0015148,0.0010621,0.0013155,0.0010487,0.0010496,0.00089237,0.00084185,0.0011354,0.0011211,0.0014262,0.001231,1074300.0,1105700.0,792270.0,4276700.0,2284500.0,1150800.0,5856800.0,1513400.0,1879800.0,3242500.0,2966100.0,734830.0,5652900.0,1298400.0,4052200.0,2459600.0,5070500.0,4091400.0,1340500.0,3371900.0,2502600.0,3347400.0,11704000.0,958350.0,6311800.0,749460.0,9101500.0,1591900.0,1841400.0,815570.0,3232100.0,1680500.0,5814300.0,23940000.0,2520900.0,2724900.0,4347000.0,1235900.0,1513400.0,1646200.0,2062700.0,1057700.0,2058300.0,1019200.0,7475600.0,2433400.0,1825600.0,1494000.0,2274900.0,15971000.0,952090.0,7278300.0,3995200.0,706940.0,3910700.0,1079100.0,2657700.0,17679000.0,32102000.0,2373200.0,1720700.0,1532600.0,2840700.0,1036400.0,1926200.0,3409900.0,803840.0,2871900.0,1940600.0,3915400.0,2755300.0,1446400.0,1119200.0,15048000.0,5077600.0,1340600.0,3613400.0,1673300.0,965090.0,2573300.0,3702600.0,1313000.0,893150.0,2116300.0,873820.0,1861100.0,2850800.0,4950200.0,4191200.0,2338500.0,5694300.0,1300700.0,9352900.0,4677300.0,1017700.0,1694700.0,903640.0,1769700.0,3509900.0,9918500.0,1730700.0,16523000.0,1417300.0,9919600.0,1633600.0,3256300.0,1272900.0,1628100.0,12535000.0,5115100.0,2157200.0,3869300.0,2389200.0,1225800.0,656170.0,3373000.0,11659000.0,2413800.0,1291100.0,778800.0,1922000.0,735100.0,1193700.0,2218700.0,8786700.0,4156700.0,2627900.0,3087700.0,2361300.0,1498700.0,773560.0,10411000.0,2404500.0,3548600.0,2073400.0,1371700.0,1031900.0,2014200.0,1052000.0,2853800.0,3921600.0,1159600.0,1477000.0,2103000.0,1521000.0,2210500.0,2422200.0,877170.0,6912100.0,1513500.0,9390500.0,6180200.0,809830.0,10291000.0,814480.0,1274500.0,19279000.0,683650.0,12167000.0,721740.0,5575100.0,3693400.0,3817200.0,2647300.0,5252900.0,4116200.0,4227600.0,964530.0,4135000.0,1638700.0,6369200.0,1506700.0,7610900.0,1080700.0,744550.0,4005200.0,2996600.0,1988300.0,8411500.0,2288700.0,948280.0,1205600.0,3671000.0,3568300.0,1940100.0,1475700.0,747540.0,6807100.0,5275200.0,2336700.0,637470.0,17726000.0,3323000.0,5257900.0,1142200.0,18258000.0,5431600.0,1100100.0,8580600.0,1353300.0,1434500.0,3992400.0,5297000.0,799330.0,1639500.0,973680.0,1778500.0,1568200.0,1456500.0,7851700.0,2342100.0,1425100.0,12280000.0,2793800.0,1238000.0,1263500.0,3260300.0,951930.0,4669600.0,1133200.0,1854600.0,8075300.0,4435100.0,696550.0,1421900.0,10018000.0,5258300.0,5069200.0,15394000.0,3001700.0,1931800.0,2342400.0,2994600.0,3189800.0,1882600.0,1749500.0,2275100.0,1499400.0,7215800.0,652060.0,3656200.0,8296200.0,8910100.0,1863600.0,5378600.0,4029700.0,5011000.0,864140.0,1139900.0,5361500.0,1551600.0,6587500.0,3485200.0,7122400.0,1970700.0,1638700.0,1591200.0,1087700.0,1106100.0,2208100.0,945990.0,5091800.0,3371700.0,4404800.0,3356800.0,2894200.0,2745600.0,15584000.0,14989000.0,6042000.0,4601000.0,2807600.0,6148400.0,3762100.0,1781300.0,2740300.0,1353800.0,4824200.0,3044800.0,1.549,1.8599,4.1665,2.2433,2.4819,3.6641,1.2745,2.2417,4.2235,1.1897,1.9791,4.2091,2.4517,2.6629,4.3259,0.73578,2.0667,4.2277,1.7114,2.5326,3.8722,3.1007,2.8419,5.8665,1.1721,2.0257,4.1868,1.6919,1.71,4.239,1.3006,2.2985,4.2983,0.67211,2.0222,4.2132,2.89,2.8413,4.6763,5.5042,2.7312,1.3353,1.2662,2.8015,3.6374,0.79951,2.1632,2.9928,2.6122,2.2071,4.6065,1.4574,1.6734,3.8877,0.78264,2.7199,3.9278,1.8645,1.8508,3.5539,1.2168,2.3768,3.2671,0.38819,2.2953,3.4532,1.8721,1.6191,3.4157,2.0703,2.6389,4.2044,1.9327,1.629,3.3719,1.6699,1.6229,3.9928,0.33067,2.2013,3.1121,2.1276,2.4438,4.5578,1.5006,1.7062,3.2945,0.9481,1.9693,2.7537,3.281,2.8321,6.0518,1.9406,1.8312,3.5252,0.84294,2.7406,2.9193,1.6628,2.5964,4.0069,0.76961,1.8974,2.732,1.0894,2.412,3.1455,1.9334,1.9314,4.4877,1.8775,1.6465,3.9014,0.64769,2.1261,3.9717,1.4534,2.5651,3.9583,0.97156,2.1745,3.148,2.6688,2.3944,4.4201,2.0067,2.2094,4.7289,1.5515,1.6202,3.9284,1.8883,2.0473,4.477,1.5106,2.2192,3.2233,0.81408,2.2637,2.9694,2.4395,2.5256,4.3689,2.0417,2.4717,4.8135,1.9412,2.6197,4.7816,2.6243,2.3963,4.4044,1.2669,2.5359,3.8704,1.9117,2.3587,4.4246,2.7325,2.9622,4.5184,0.71296,2.3578,2.7175,1.3281,2.0053,4.6167,1.8566,2.9885,3.6725,0.2268,2.3671,3.37,1.7088,1.6126,4.0809,0.86464,2.2418,3.0708,2.2903,2.3013,4.7225,0.4528,2.3823,3.1314,0.69735,2.2668,3.1184,0.015947,2.8993,1.6959,2.0873,2.2448,4.685,2.5233,2.4694,4.3273,2.2649,2.3187,5.1453,1.9074,2.6235,4.0985,1.121,1.8072,4.084,4.5041,2.782,0.74379,0.75719,2.1986,2.9554,1.5005,2.1474,4.2951,1.196,2.2935,3.5666,1.9862,2.6112,4.2515,1.623,1.5829,4.1439,1.1693,2.5075,3.138,0.72418,2.5415,3.7359,2.2671,1.8145,3.6722,1.3851,2.5386,3.4848,1.3571,2.6004,3.5103,1.3881,1.6303,4.2555,1.9408,2.6184,4.4364,2.1138,2.594,4.6536,3.2934,2.8487,6.1398,1.801,1.5953,4.2025,1.9389,1.9215,3.3597,2.5431,2.9247,5.4037,1.1844,2.5776,3.0387,2.68,2.3744,4.9985,1.0379,2.7286,4.2653,1.4292,2.4975,3.5649,0.9918,1.9649,4.1841,1.78,1.6393,4.0552,1.9849,1.9389,3.3949,6.0684,2.8978,2.8774,3.0007,2.2131,4.6707,1.5703,1.9134,4.4238,1.1698,2.54,3.36,1.4392,2.4684,3.4033,1.7191,1.8682,3.6573,2.0549,2.4602,4.125,1.0909,2.3928,3.26,2.5123,1.8288,5.3535,1.0008,2.5768,3.2679,1.3283,2.5616,3.3035,0.23843,3.0512,3.1959,0.67015,1.9566,2.7423,1.6551,1.9394,4.6461,1.5429,1.7846,4.2222,5.2112,2.7367,1.5894,0.90705,2.244,2.9693,0.98262,2.7489,4.2593,2.3676,2.4088,3.7059,2.9468,2.2956,4.9701,3.121,2.5643,4.6334,2.1082,2.3829,4.6288,2.1803,2.2378,4.1734,0.71613,2.2762,3.3381,0.66931,2.4209,3.0515,0.59107,2.2874,3.9004,2.4656,2.4432,4.5579,0.68277,2.4619,2.8362,1.2811,1.5626,4.3714,1.588,1.9088,3.5642,0.41041,2.6682,2.2303,3.4172,2.9044,0.27223,0.84024,2.2566,3.0586,1.6241,1.664,4.1782,1.6833,1.9255,3.3118,0.81742,2.34,2.9078,2.2614,2.2584,4.9457,1.3618,2.5847,3.2549,1.3052,2.2291,3.7032,0.36536,2.065,3.3531,1.7329,1.8853,3.4405,2.6379,2.0036,4.1404,2.0285,2.1549,4.9538,1.4139,1.6989,3.8628,0.76935,2.0763,2.8517,2.089,2.1045,5.098,2.1518,2.3012,4.5879,1.5133,2.4849,4.0451,3.9781,2.7818,6.1745,1.7947,2.5162,3.9656,0.58044,2.0077,4.1723,1.1647,2.6103,4.2187,3.2652,2.7637,6.0962,1.7075,1.568,3.277,0.28888,2.4006,3.4424,4.8085,3.0011,0.63866,0.43183,2.8367,3.3707,1.1362,2.554,3.1234,2.2582,2.1809,5.0408,1.6956,2.049,4.4701,1.6535,1.6199,3.403,1.939,2.9567,3.4634,0.75339,2.3117,2.9321,0.78793,2.3498,3.02,0.21497,2.6725,3.3495,1.9968,2.4634,4.2874,0.68278,2.3889,2.8064,1.0301,2.3924,3.5774,1.3026,1.7524,4.3348,0.23429,2.357,3.5148,1.6884,1.598,3.274,0.8713,2.2805,2.878,2.9087,2.8506,6.0509,1.6432,2.5009,3.9452,2.0313,2.2553,4.608,2.1255,2.6348,5.0327,1.5675,1.9526,3.7998,1.4466,1.7451,3.769,2.3061,2.1452,4.978,1.486,2.5549,3.9147,0.44957,2.9859,2.0818,4.4259,2.8723,0.26086,1.3303,2.8544,4.1619,1.8395,1.9895,3.8921,1.1261,2.6743,2.7158,0.029451,2.7632,2.8131,1.091,2.9206,4.203,0.47379,2.4109,2.6271,0.85948,2.0977,2.8287,0.56645,2.4888,3.4363,1.8566,2.2493,4.3528,1.0434,2.8325,4.2144,0.72787,2.0766,2.918,2.1294,1.8328,3.6867,1.4351,1.8925,3.7346,2.2106,2.5574,4.6745,1.5703,1.5734,4.2011,1.2599,2.1331,3.2495,0.77039,2.1203,2.985,0.73321,2.2378,2.6424,1.8016,2.3949,4.1952,2.2069,2.5455,4.8918,0.5952,2.0792,2.9154,1.7323,1.816,3.292,0.91182,2.9708,2.6285,0.51876,2.5366,2.5827,3.2684,2.7167,6.2239,0.0022297,2.8716,2.7407,4.0511,2.8633,6.0062,2.4197,2.1962,3.7278,1.5146,3.0556,4.5706,1.2308,2.4484,3.5139,5.9448,3.1107,2.6847,2.3741,2.1593,3.7244,1.3303,1.8454,3.7151,2.3673,2.3299,4.6565,2.5813,2.7484,4.2843,1.2516,2.7197,4.3017,1.6384,1.9247,3.795,1.2327,2.7336,3.8052,2.3139,2.3214,4.898,1.3417,2.5857,3.3647,2.1377,2.3245,4.0454,0.81748,1.9831,3.3896,2.4186,2.2852,3.816,2.3308,2.3278,3.7211,2.3184,2.0174,5.1045,2.5999,2.2926,4.8332,2.4139,2.2416,3.7872,1.4586,1.6176,3.9352,2.2984,2.5594,4.8994,1.7031,1.9428,3.8435,0.824,2.1066,4.1479,1.5637,1.8498,4.3592,2.2853,2.5168,4.9517,1.4438,2.4028,3.2524,5.8147,2.7985,2.0957,1.8628,1.7456,3.5313,1.9157,2.8721,4.1249,2.1378,2.0055,4.8449,1.2014,2.6369,4.3896,2.0384,2.1627,4.9614,1.6624,1.7746,3.9211,1.644,1.9923,3.3099,1.1746,2.7233,3.7455,1.0584,2.8523,3.821,1.5995,2.5018,3.9309,1.1669,2.6563,3.6755,1.7474,1.7371,4.0783,0.70576,2.4425,2.8217,1.8223,2.1544,4.4265,0.10116,2.775,3.0382,1.0246,1.9521,4.3531,0.98565,2.2704,3.0922,1.5741,2.4085,4.5563,1.0097,2.0773,2.8301,0.81218,2.0081,2.6767,1.7073,1.7526,3.9292,0.85031,2.4334,2.9473,1.2952,1.5775,3.8412,2.7706,2.6149,4.6075,1.0359,2.2584,3.6372,1.1833,2.7112,3.6952,2.0134,2.0018,4.476,0.99201,1.9604,4.237,1.9204,1.6458,3.433,1.7389,2.5053,3.9663,2.2815,2.5287,4.8665,2.0443,2.3503,3.5826,1.2,3.053,3.4615,1.3883,1.4457,4.2579,0.72346,2.9743,3.6565,1.6553,1.7172,4.245,0.81422,1.9987,2.7151,0.52377,2.2258,4.0692,2.5805,2.5995,4.5263,2.0243,2.0988,3.4542,1.3704,2.8733,3.5298,1.0883,2.2385,3.6107,2.5422,2.0498,4.4844,1.506,1.737,4.4194,1.5902,2.5851,3.5641,2.0755,2.2907,4.0613,2.7168,2.2892,4.9586,0.44995,2.4932,2.9263
0.24231,0.3843,0.0084419,270.43,313.56,199.37,0.0015363,0.0018567,0.0010084,204.29,226.67,248.62,226.67,233.21,181.14,231.49,229.06,276.35,234.55,286.96,316.91,206.07,259.84,233.23,323.26,228.42,274.55,251.24,179.34,378.0,245.22,206.53,248.96,206.94,307.05,288.66,354.52,190.31,274.02,249.99,248.69,146.98,276.39,300.72,395.1,293.17,209.52,368.13,398.65,317.43,210.28,313.25,211.75,319.95,306.48,353.76,360.35,415.99,316.2,312.77,304.54,462.89,398.26,440.56,333.44,382.19,367.21,260.63,487.41,440.39,400.85,383.49,217.73,338.6,274.4,284.8,242.04,393.88,300.76,331.74,285.92,386.29,393.59,347.72,315.3,306.51,391.08,393.13,381.04,296.98,357.04,376.88,288.87,381.68,243.86,390.59,311.3,369.16,317.54,368.0,376.9,331.59,361.34,345.9,291.55,316.87,393.92,334.26,307.17,488.2,422.02,458.62,315.57,405.11,544.33,487.17,398.5,300.54,358.27,456.0,336.75,439.38,374.26,302.24,438.08,380.88,465.63,476.08,396.44,514.44,475.35,499.44,361.05,415.94,477.66,568.83,304.99,602.56,531.28,496.86,377.05,541.14,466.4,361.24,727.93,416.58,465.43,429.66,433.94,392.07,313.57,382.39,457.29,319.25,550.33,358.75,384.13,471.62,537.53,299.48,339.51,433.3,305.04,157.11,370.17,424.75,355.87,568.32,412.95,222.06,320.62,234.24,252.96,319.28,314.61,258.17,338.55,331.04,253.93,306.56,276.55,328.85,229.13,297.22,281.67,277.41,255.88,245.49,336.05,246.9,365.61,401.23,278.41,328.41,267.22,354.63,316.64,251.36,353.58,361.01,320.22,327.45,317.33,356.04,362.5,304.06,555.37,261.66,281.83,298.08,299.38,266.46,313.62,308.71,397.94,303.47,282.64,282.04,363.67,303.08,211.59,242.05,287.35,384.77,293.37,254.56,297.77,267.04,301.12,297.16,273.4,284.63,296.25,298.36,237.04,319.09,236.91,326.44,242.14,250.69,209.83,295.28,300.11,186.99,298.12,242.35,192.48,279.32,206.36,243.93,294.06,206.39,259.95,276.95,207.82,278.7,267.94,247.51,196.59,261.48,224.3,264.23,255.43,173.31,298.79,302.28,220.47,175.74,214.97,289.74,261.76,260.8,241.36,157.51,163.12,207.09,257.19,261.18,229.48,237.94,217.69,198.14,178.47,185.79,234.59,208.94,264.69,222.5,0.00073214,0.0010192,0.0010994,0.0011856,0.0011166,0.00085927,0.0012008,0.00097076,0.0014342,0.0011081,0.0015208,0.0017511,0.0010172,0.0014048,0.0011319,0.0018813,0.0013277,0.0015505,0.0016033,0.0011145,0.002181,0.0016169,0.0012939,0.0017348,0.0014075,0.002004,0.0016777,0.0020279,0.0014299,0.0018233,0.0015425,0.0015485,0.0010433,0.0015289,0.001818,0.0023657,0.0018153,0.0012365,0.0022065,0.0023062,0.0018164,0.0011812,0.0019618,0.0016105,0.0019425,0.0018892,0.0022058,0.0020445,0.0024748,0.0019027,0.0015269,0.0019118,0.002726,0.0021886,0.002585,0.0020973,0.0022649,0.0016436,0.0017086,0.0029177,0.0025544,0.002398,0.0023011,0.0014046,0.0022889,0.0018095,0.0016758,0.0017996,0.002449,0.0018838,0.0021136,0.00194,0.0022783,0.0023435,0.0015526,0.0020398,0.0019653,0.0024436,0.0024798,0.002416,0.0015965,0.0024135,0.0024563,0.0018208,0.0016673,0.0018114,0.0017162,0.0020204,0.00222,0.0020865,0.0022811,0.0021586,0.0016933,0.0022939,0.0017831,0.0019783,0.0019529,0.0024899,0.0017765,0.0019818,0.0024817,0.0025497,0.0027156,0.0018898,0.0024576,0.0026689,0.0028513,0.0024963,0.0020443,0.0021978,0.0027385,0.0022407,0.002075,0.0022363,0.0020323,0.0026305,0.0022731,0.00263,0.0026007,0.0019788,0.0023024,0.0027587,0.0023909,0.0023691,0.0022778,0.002272,0.003148,0.0021096,0.0028738,0.0030123,0.0030059,0.0022316,0.0029001,0.0019207,0.0023203,0.003586,0.0024154,0.0024411,0.0025648,0.0023369,0.0023679,0.0019898,0.002203,0.002716,0.0022048,0.0026653,0.0022144,0.0017548,0.0023132,0.0027737,0.0019659,0.0021892,0.0024011,0.0019722,0.0012593,0.0021278,0.00248,0.0021857,0.0026388,0.0020517,0.0014325,0.001994,0.0016362,0.0017448,0.00182,0.0019164,0.0018424,0.0020932,0.0020463,0.0017966,0.0020364,0.0016467,0.0020456,0.0016209,0.0019319,0.0017714,0.001883,0.0016283,0.0015496,0.0019766,0.0015923,0.0021504,0.0023253,0.0016727,0.0020532,0.0018706,0.0022435,0.0019517,0.0017361,0.0020648,0.0017954,0.0020672,0.0020692,0.0019792,0.0023563,0.002177,0.0019622,0.0019884,0.0017671,0.001725,0.0018724,0.0019424,0.0017607,0.0019767,0.0018426,0.002507,0.0017326,0.0019152,0.0017648,0.0019846,0.0018648,0.0014787,0.0016424,0.0017391,0.0023103,0.0018752,0.0017066,0.0017043,0.0016507,0.0018795,0.001911,0.001708,0.0017544,0.0018393,0.0018437,0.0015898,0.0019632,0.0015801,0.0019325,0.0015954,0.0014419,0.0013714,0.0016415,0.0019277,0.0012887,0.0017791,0.0014141,0.0015274,0.0017377,0.0013565,0.0015676,0.0017868,0.0014824,0.0015316,0.0016229,0.0012302,0.0016771,0.0015356,0.001563,0.0012879,0.0016494,0.0013912,0.0016283,0.0014697,0.00099041,0.0016162,0.0017392,0.0012262,0.0012083,0.0011767,0.0015789,0.0015836,0.001539,0.0010934,0.00097944,0.00098014,0.0010124,0.0015396,0.0015151,0.0010623,0.0013158,0.0010489,0.0010498,0.00089261,0.00084204,0.0011356,0.0011212,0.0014265,0.0012313,1074300.0,1105700.0,792270.0,4276700.0,2284500.0,1150800.0,5856800.0,1513400.0,1879800.0,3242500.0,2966100.0,734830.0,5652900.0,1298400.0,4052200.0,2459600.0,5070500.0,4091400.0,1340500.0,3371900.0,2502600.0,3347400.0,11704000.0,958350.0,6311800.0,749460.0,9101500.0,1591900.0,1841400.0,815570.0,3232100.0,1680500.0,5814300.0,23940000.0,2520900.0,2724900.0,4347000.0,1235900.0,1513400.0,1646200.0,2062700.0,1057700.0,2058300.0,1019200.0,7475600.0,2433400.0,1825600.0,1494000.0,2274900.0,15971000.0,952090.0,7278300.0,3995200.0,706940.0,3910700.0,1079100.0,2657700.0,17679000.0,32102000.0,2373200.0,1720700.0,1532600.0,2840700.0,1036400.0,1926200.0,3409900.0,803840.0,2871900.0,1940600.0,3915400.0,2755300.0,1446400.0,1119200.0,15048000.0,5077600.0,1340600.0,3613400.0,1673300.0,965090.0,2573300.0,3702600.0,1313000.0,893150.0,2116300.0,873820.0,1861100.0,2850800.0,4950200.0,4191200.0,2338500.0,5694300.0,1300700.0,9352900.0,4677300.0,1017700.0,1694700.0,903640.0,1769700.0,3509900.0,9918500.0,1730700.0,16523000.0,1417300.0,9919600.0,1633600.0,3256300.0,1272900.0,1628100.0,12535000.0,5115100.0,2157200.0,3869300.0,2389200.0,1225800.0,656170.0,3373000.0,11659000.0,2413800.0,1291100.0,778800.0,1922000.0,735100.0,1193700.0,2218700.0,8786700.0,4156700.0,2627900.0,3087700.0,2361300.0,1498700.0,773560.0,10411000.0,2404500.0,3548600.0,2073400.0,1371700.0,1031900.0,2014200.0,1052000.0,2853800.0,3921600.0,1159600.0,1477000.0,2103000.0,1521000.0,2210500.0,2422200.0,877170.0,6912100.0,1513500.0,9390500.0,6180200.0,809830.0,10291000.0,814480.0,1274500.0,19279000.0,683650.0,12167000.0,721740.0,5575100.0,3693400.0,3817200.0,2647300.0,5252900.0,4116200.0,4227600.0,964530.0,4135000.0,1638700.0,6369200.0,1506700.0,7610900.0,1080700.0,744550.0,4005200.0,2996600.0,1988300.0,8411500.0,2288700.0,948280.0,1205600.0,3671000.0,3568300.0,1940100.0,1475700.0,747540.0,6807100.0,5275200.0,2336700.0,637470.0,17726000.0,3323000.0,5257900.0,1142200.0,18258000.0,5431600.0,1100100.0,8580600.0,1353300.0,1434500.0,3992400.0,5297000.0,799330.0,1639500.0,973680.0,1778500.0,1568200.0,1456500.0,7851700.0,2342100.0,1425100.0,12280000.0,2793800.0,1238000.0,1263500.0,3260300.0,951930.0,4669600.0,1133200.0,1854600.0,8075300.0,4435100.0,696550.0,1421900.0,10018000.0,5258300.0,5069200.0,15394000.0,3001700.0,1931800.0,2342400.0,2994600.0,3189800.0,1882600.0,1749500.0,2275100.0,1499400.0,7215800.0,652060.0,3656200.0,8296200.0,8910100.0,1863600.0,5378600.0,4029700.0,5011000.0,864140.0,1139900.0,5361500.0,1551600.0,6587500.0,3485200.0,7122400.0,1970700.0,1638700.0,1591200.0,1087700.0,1106100.0,2208100.0,945990.0,5091800.0,3371700.0,4404800.0,3356800.0,2894200.0,2745600.0,15584000.0,14989000.0,6042000.0,4601000.0,2807600.0,6148400.0,3762100.0,1781300.0,2740300.0,1353800.0,4824200.0,3044800.0,1.549,1.8599,4.1665,2.2433,2.4819,3.664,1.2745,2.2417,4.2235,1.1897,1.9791,4.209,2.4517,2.6628,4.3259,0.73572,2.0667,4.2278,1.7115,2.5326,3.8722,3.1007,2.8419,5.8665,1.172,2.0256,4.1868,1.6919,1.71,4.239,1.3007,2.2985,4.2983,0.67198,2.0222,4.2132,2.8899,2.8413,4.6763,5.504,2.7311,1.3353,1.2663,2.8014,3.6374,0.79942,2.1632,2.9928,2.6123,2.2072,4.6065,1.4574,1.6734,3.8877,0.78278,2.72,3.9279,1.8644,1.8508,3.5539,1.2168,2.3767,3.2671,0.38822,2.2953,3.4532,1.8721,1.6191,3.4157,2.0704,2.6389,4.2043,1.9328,1.629,3.3719,1.67,1.6229,3.9928,0.33065,2.2013,3.1121,2.1276,2.4438,4.5578,1.5006,1.7062,3.2946,0.94818,1.9693,2.7537,3.2811,2.8321,6.0519,1.9406,1.8312,3.5252,0.84288,2.7407,2.9194,1.6628,2.5964,4.0069,0.76965,1.8974,2.732,1.0893,2.412,3.1455,1.9334,1.9314,4.4877,1.8776,1.6465,3.9014,0.64772,2.126,3.9718,1.4535,2.5651,3.9584,0.97152,2.1745,3.148,2.6688,2.3945,4.4202,2.0067,2.2094,4.7289,1.5515,1.6201,3.9284,1.8883,2.0474,4.477,1.5107,2.2192,3.2233,0.81405,2.2637,2.9693,2.4394,2.5257,4.3688,2.0418,2.4716,4.8135,1.9412,2.6197,4.7815,2.6244,2.3964,4.4045,1.2669,2.5359,3.8704,1.9119,2.3587,4.4247,2.733,2.9621,4.5187,0.71304,2.3577,2.7176,1.328,2.0053,4.6167,1.8567,2.9885,3.6725,0.22675,2.3671,3.37,1.7088,1.6126,4.0809,0.86474,2.2418,3.0708,2.2904,2.3013,4.7226,0.45268,2.3823,3.1314,0.69726,2.2668,3.1183,0.015951,2.8993,1.6958,2.0874,2.2449,4.6851,2.5233,2.4695,4.3273,2.2649,2.3187,5.1453,1.9073,2.6235,4.0985,1.121,1.8071,4.0841,4.5041,2.7819,0.7439,0.75718,2.1986,2.9553,1.5005,2.1474,4.2951,1.1961,2.2936,3.5666,1.9861,2.6112,4.2515,1.623,1.5829,4.1439,1.1693,2.5074,3.138,0.72415,2.5416,3.7359,2.2671,1.8145,3.6721,1.3851,2.5386,3.4849,1.357,2.6004,3.5103,1.3881,1.6303,4.2555,1.9408,2.6184,4.4364,2.1139,2.5939,4.6536,3.2933,2.8487,6.1398,1.8012,1.5952,4.2025,1.939,1.9215,3.3596,2.5432,2.9246,5.4038,1.1844,2.5776,3.0387,2.68,2.3744,4.9985,1.0379,2.7287,4.2654,1.4292,2.4975,3.565,0.99185,1.9649,4.1842,1.78,1.6393,4.0551,1.9849,1.9389,3.3949,6.0685,2.8978,2.8775,3.0008,2.2131,4.6707,1.5704,1.9134,4.4239,1.1699,2.54,3.36,1.4392,2.4684,3.4033,1.7191,1.8682,3.6573,2.0549,2.4602,4.1251,1.091,2.3928,3.2601,2.5123,1.8287,5.3536,1.0008,2.5767,3.2679,1.3281,2.5616,3.3034,0.23838,3.0512,3.1958,0.67015,1.9567,2.7422,1.6551,1.9394,4.6461,1.5429,1.7845,4.2222,5.2112,2.7366,1.5894,0.90707,2.244,2.9694,0.98267,2.749,4.2593,2.3675,2.4087,3.7059,2.9468,2.2956,4.9701,3.1211,2.5642,4.6334,2.1083,2.3829,4.6289,2.1803,2.2379,4.1734,0.71615,2.2763,3.3382,0.66933,2.4209,3.0515,0.59109,2.2875,3.9004,2.4656,2.4433,4.5578,0.68269,2.4619,2.8361,1.281,1.5626,4.3714,1.588,1.9088,3.5643,0.41048,2.6682,2.2304,3.4172,2.9044,0.27225,0.84021,2.2566,3.0585,1.6241,1.664,4.1783,1.6834,1.9255,3.3119,0.81746,2.34,2.9078,2.2614,2.2584,4.9457,1.3618,2.5847,3.2549,1.3052,2.2291,3.7033,0.3654,2.065,3.3532,1.733,1.8852,3.4405,2.6379,2.0036,4.1404,2.0284,2.155,4.9538,1.4139,1.6989,3.8628,0.76935,2.0764,2.8518,2.089,2.1045,5.098,2.1517,2.3012,4.5879,1.5134,2.485,4.0452,3.978,2.7816,6.1744,1.7947,2.5162,3.9655,0.58037,2.0077,4.1723,1.1646,2.6103,4.2186,3.2652,2.7637,6.0963,1.7075,1.568,3.277,0.2889,2.4007,3.4425,4.8085,3.0011,0.63858,0.43183,2.8368,3.3708,1.1362,2.554,3.1234,2.2582,2.1808,5.0408,1.6957,2.049,4.4701,1.6535,1.6199,3.403,1.9391,2.9567,3.4635,0.75341,2.3117,2.9321,0.78792,2.3497,3.02,0.21495,2.6725,3.3495,1.9968,2.4634,4.2874,0.68283,2.3889,2.8064,1.0302,2.3925,3.5774,1.3026,1.7524,4.3348,0.23433,2.357,3.5149,1.6884,1.598,3.274,0.87137,2.2804,2.878,2.9087,2.8506,6.0509,1.6431,2.5009,3.9452,2.0313,2.2553,4.608,2.1254,2.6348,5.0326,1.5675,1.9526,3.7998,1.4467,1.745,3.769,2.3061,2.1452,4.978,1.486,2.5549,3.9147,0.44954,2.9859,2.0817,4.4259,2.8722,0.26087,1.3302,2.8544,4.1619,1.8395,1.9895,3.8921,1.126,2.6743,2.7157,0.029352,2.7631,2.8131,1.0911,2.9206,4.2031,0.47381,2.4109,2.6271,0.85948,2.0977,2.8286,0.56651,2.4888,3.4363,1.8567,2.2493,4.3528,1.0433,2.8325,4.2144,0.72793,2.0767,2.918,2.1295,1.8328,3.6866,1.4351,1.8925,3.7346,2.2105,2.5573,4.6744,1.5704,1.5734,4.2011,1.2599,2.1331,3.2495,0.77047,2.1204,2.9849,0.73319,2.2377,2.6424,1.8016,2.3949,4.1952,2.2069,2.5455,4.8917,0.59521,2.0792,2.9154,1.7323,1.8161,3.292,0.91191,2.9708,2.6285,0.51872,2.5366,2.5827,3.2685,2.7167,6.2239,0.0023487,2.8716,2.7408,4.051,2.8633,6.006,2.4197,2.1961,3.7278,1.5147,3.0556,4.5708,1.2307,2.4484,3.5139,5.9442,3.1107,2.6842,2.3741,2.1593,3.7244,1.3304,1.8454,3.7151,2.3673,2.3299,4.6565,2.5812,2.7485,4.2843,1.2516,2.7197,4.3016,1.6383,1.9247,3.7949,1.2328,2.7336,3.8053,2.3138,2.3214,4.898,1.3416,2.5856,3.3647,2.1377,2.3246,4.0454,0.81747,1.9831,3.3895,2.4185,2.2851,3.816,2.3308,2.3278,3.7211,2.3184,2.0174,5.1046,2.5998,2.2926,4.8332,2.4139,2.2416,3.7872,1.4587,1.6176,3.9352,2.2983,2.5594,4.8993,1.703,1.9428,3.8434,0.82401,2.1065,4.148,1.5637,1.8498,4.3592,2.2853,2.5167,4.9517,1.4438,2.4028,3.2524,5.8146,2.7984,2.0956,1.8628,1.7456,3.5313,1.9157,2.872,4.1247,2.1379,2.0055,4.8449,1.2014,2.6369,4.3897,2.0384,2.1627,4.9615,1.6624,1.7745,3.921,1.644,1.9923,3.3098,1.1746,2.7233,3.7456,1.0585,2.8523,3.821,1.5996,2.5018,3.931,1.1669,2.6563,3.6755,1.7474,1.7371,4.0783,0.7057,2.4425,2.8218,1.8223,2.1544,4.4265,0.10115,2.775,3.0383,1.0246,1.9521,4.3531,0.98565,2.2703,3.0922,1.574,2.4086,4.5562,1.0097,2.0773,2.8301,0.81221,2.0081,2.6767,1.7073,1.7526,3.9291,0.85027,2.4334,2.9474,1.2952,1.5775,3.8412,2.7706,2.6149,4.6075,1.0359,2.2584,3.6372,1.1834,2.7111,3.6952,2.0135,2.0018,4.476,0.99197,1.9604,4.237,1.9204,1.6458,3.433,1.739,2.5054,3.9663,2.2816,2.5286,4.8665,2.0443,2.3503,3.5826,1.2,3.053,3.4615,1.3883,1.4457,4.2579,0.72349,2.9743,3.6565,1.6553,1.7172,4.245,0.81425,1.9987,2.7151,0.52372,2.2258,4.0692,2.5804,2.5995,4.5264,2.0243,2.0988,3.4542,1.3704,2.8732,3.5297,1.0883,2.2385,3.6107,2.5422,2.0498,4.4844,1.506,1.737,4.4194,1.5902,2.5851,3.5641,2.0755,2.2907,4.0613,2.7168,2.2892,4.9586,0.44995,2.4931,2.9263
