cp_lh_0: 35.695874307160565
cp_lh_1: 367.14520027366694
cp_tau_0: 99.67897726466481
cp_n: 4.171994659342344
cp_gamma_0: 3.333e-05
vp_s0: 93.655
vp_R: 3957.3
vp_d: 0.5651
vp_n: 7.3648
vp_eta: 721.59
