cp_lh_0: 731.3108203545826
cp_lh_1: 668.2932611446104
cp_tau_0: 122.92468666308474
cp_n: 5.747950968458199
cp_gamma_0: 9.500320266178189e-05
