cp_tau_s: 745.3689362942799
cp_b: 0.879710326827241
cp_tau_0: 421.57365596083315
cp_n: 13.867266443755643
cp_gamma_0: 3.25e-05
