cp_lh_0: 150.53018229066345
cp_lh_1: 273.8991415008445
cp_tau_0: 111.07196754621948
cp_n: 14.039980735067617
cp_gamma_0: 3.333e-05
vp_s0: 93.655
vp_R: 3957.3
vp_d: 0.5651
vp_n: 7.3648
vp_eta: 721.59
