cp_lh_0: 200.8458242717588
cp_lh_1: 23.97056169610462
cp_tau_0: 279.38267195710574
cp_n: 12.096846861517193
cp_gamma_0: 3.25e-05
