cp_lh_0: 220.98240454703716
cp_lh_1: 134.84391252338102
cp_lh_2: 8.25672713859369
cp_lh_3: 6.92674361046319
cp_lh_4: 30.67160009347216
cp_lh_5: 26.079382219733127
cp_tau_0: 75.16222445113401
cp_n: 12.310493033449546
cp_gamma_0: 3.333e-05
vp_s0: 93.655
vp_R: 3957.3
vp_d: 0.5651
vp_n: 7.3648
vp_eta: 721.59
