cp_lh_0: 47.09330543084976
cp_lh_1: 319.40887040254444
cp_tau_0: 34.89838526727007
cp_n: 6.302693014073283
cp_gamma_0: 3.333e-05
vp_s0: 93.655
vp_R: 3957.3
vp_d: 0.5651
vp_n: 7.3648
vp_eta: 721.59
