cp_tau_s: 929.0077070747245
cp_b: 7.540540432046438
cp_tau_0: 209.22342180737962
cp_n: 11.81793928636058
cp_gamma_0: 3.333e-05
vp_s0: 93.655
vp_R: 3957.3
vp_d: 0.5651
vp_n: 7.3648
vp_eta: 721.59
