cp_tau_s: 918.0425861350498
cp_b: 3.600682208885914
cp_tau_0: 490.9493437416761
cp_n: 1.027389750374506
cp_gamma_0: 3.25e-05
