cp_tau_s: 869.0791582259395
cp_b: 9.503535785228006
cp_tau_0: 480.2617288519899
cp_n: 16.936219617572505
cp_gamma_0: 3.25e-05
