cp_lh_0: 628.2814875985358
cp_lh_1: 284.6638965571835
cp_tau_0: 195.165433079947
cp_n: 13.137753087451538
cp_gamma_0: 3.25e-05
