cp_tau_s: 1699.0842872080877
cp_b: 9.734268131596384
cp_tau_0: 338.446432187801
cp_n: 2.83935046545354
cp_gamma_0: 3.25e-05
