cp_lh_0: 364.1468366994024
cp_lh_1: 892.2630642159467
cp_tau_0: 431.99510818077533
cp_n: 4.529330256689139
cp_gamma_0: 3.25e-05
