cp_tau_s: 2642.434098072271
cp_b: 3.53287001025035
cp_tau_0: 468.58685225135014
cp_n: 18.082894558495227
cp_gamma_0: 3.25e-05
