cp_lh_0: 369.5149523241063
cp_lh_1: 322.72450686745077
cp_tau_0: 178.84928593275325
cp_n: 1.4703339030010896
cp_gamma_0: 3.333e-05
vp_s0: 93.655
vp_R: 3957.3
vp_d: 0.5651
vp_n: 7.3648
vp_eta: 721.59
