cp_lh_0: 230.3874863221548
cp_lh_1: 993.1290485814914
cp_lh_2: 550.6667209410568
cp_lh_3: 369.68033079550247
cp_lh_4: 298.8017932033799
cp_lh_5: 131.40888779012073
cp_tau_0: 370.87454391229926
cp_n: 12.924244842695515
cp_gamma_0: 3.25e-05
