cp_tau_s: 191.43077201275113
cp_b: 15.339281592612888
cp_tau_0: 36.16234325449178
cp_n: 12.807107209847747
cp_gamma_0: 3.25e-05
