cp_lh_0: 179.39695806734483
cp_lh_1: 103.57508158535494
cp_tau_0: 127.88983293149758
cp_n: 15.868349977759259
cp_gamma_0: 3.333e-05
vp_s0: 93.655
vp_R: 3957.3
vp_d: 0.5651
vp_n: 7.3648
vp_eta: 721.59
