cp_lh_0: 175.98988797164134
cp_lh_1: 51.714879370176284
cp_tau_0: 21.18970965899047
cp_n: 1.3740739314340962
cp_gamma_0: 3.333e-05
vp_s0: 93.655
vp_R: 3957.3
vp_d: 0.5651
vp_n: 7.3648
vp_eta: 721.59
