cp_tau_s: 1344.2539266881627
cp_b: 10.184628184105938
cp_tau_0: 120.36936371560786
cp_n: 11.310246305351434
cp_gamma_0: 3.25e-05
