cp_lh_0: 51.539218546926
cp_lh_1: 81.2494603428238
cp_lh_2: 340.1284992451373
cp_lh_3: 26.336731868227254
cp_lh_4: 113.66028289837718
cp_lh_5: 120.9885612055101
cp_tau_0: 32.81680728418757
cp_n: 8.403759701173872
cp_gamma_0: 3.333e-05
vp_s0: 93.655
vp_R: 3957.3
vp_d: 0.5651
vp_n: 7.3648
vp_eta: 721.59
