cp_lh_0: 405.09719886670126
cp_lh_1: 74.92858424010132
cp_tau_0: 474.7715830881047
cp_n: 3.99820874983784
cp_gamma_0: 3.25e-05
