cp_lh_0: 397.59279519037125
cp_lh_1: 204.82815724429963
cp_tau_0: 10.402411647373674
cp_n: 14.96782139382594
cp_gamma_0: 3.333e-05
vp_s0: 93.655
vp_R: 3957.3
vp_d: 0.5651
vp_n: 7.3648
vp_eta: 721.59
