cp_tau_s: 678.9231656748348
cp_b: 10.445720030939036
cp_tau_0: 319.44507732622935
cp_n: 16.144080453372872
cp_gamma_0: 3.25e-05
