cp_tau_s: 284.0598518299555
cp_b: 14.983297151050126
cp_tau_0: 161.00276830052144
cp_n: 18.357891716965938
cp_gamma_0: 3.25e-05
