cp_tau_s: 1811.7645541445597
cp_b: 2.8934651548611323
cp_tau_0: 179.6530439567593
cp_n: 3.618554771518731
cp_gamma_0: 3.25e-05
