cp_tau_s: 494.7749949066294
cp_b: 9.506676160325913
cp_tau_0: 65.99871058718762
cp_n: 4.608678821934081
cp_gamma_0: 3.25e-05
