cp_tau_s: 597.4746531885327
cp_b: 3.175872787554686
cp_tau_0: 145.62280753344592
cp_n: 13.122136063194741
cp_gamma_0: 5.921075008449421e-05
