cp_lh_0: 153.43894316147106
cp_lh_1: 247.59676571880317
cp_tau_0: 184.0562664312236
cp_n: 4.319463657961029
cp_gamma_0: 3.333e-05
vp_s0: 93.655
vp_R: 3957.3
vp_d: 0.5651
vp_n: 7.3648
vp_eta: 721.59
