cp_tau_s: 1895.3831078526687
cp_b: 15.761686252726932
cp_tau_0: 54.96842168370533
cp_n: 14.635361926119355
cp_gamma_0: 3.25e-05
