cp_lh_0: 36.9059950574853
cp_lh_1: 305.9465753483292
cp_tau_0: 19.151678720110077
cp_n: 6.80838522985157
cp_gamma_0: 3.333e-05
vp_s0: 93.655
vp_R: 3957.3
vp_d: 0.5651
vp_n: 7.3648
vp_eta: 721.59
