cp_lh_0: 112.34547436800656
cp_lh_1: 61.45045002141064
cp_lh_2: 26.86574187627389
cp_lh_3: 209.67344412635086
cp_lh_4: 175.9550314939149
cp_lh_5: 314.3422190362877
cp_tau_0: 119.00261540594768
cp_n: 5.758967165122206
cp_gamma_0: 3.333e-05
vp_s0: 93.655
vp_R: 3957.3
vp_d: 0.5651
vp_n: 7.3648
vp_eta: 721.59
