cp_tau_s: 551.289691313938
cp_b: 5.11182632612017
cp_tau_0: 235.1341799247105
cp_n: 7.290708034461321
cp_gamma_0: 4.8565542925992806e-05
