cp_tau_s: 1112.2174335729308
cp_b: 5.192038555892418
cp_tau_0: 81.80863061656287
cp_n: 1.2293181856375184
cp_gamma_0: 3.25e-05
