cp_lh_0: 912.9229357208991
cp_lh_1: 492.0386283748307
cp_tau_0: 356.4889160682159
cp_n: 18.33485132756047
cp_gamma_0: 3.25e-05
