cp_lh_0: 861.9355585122403
cp_lh_1: 721.8845894321196
cp_lh_2: 930.3357193921771
cp_lh_3: 367.5026179652379
cp_lh_4: 225.67572747031554
cp_lh_5: 144.35295957748
cp_tau_0: 486.6673975127231
cp_n: 9.19223262534994
cp_gamma_0: 3.25e-05
