cp_lh_0: 69.46104930232997
cp_lh_1: 168.6463708904506
cp_tau_0: 38.89198821918459
cp_n: 9.418699393394453
cp_gamma_0: 3.333e-05
vp_s0: 93.655
vp_R: 3957.3
vp_d: 0.5651
vp_n: 7.3648
vp_eta: 721.59
