cp_lh_0: 244.37087505795958
cp_lh_1: 138.570376100197
cp_tau_0: 71.9776466195799
cp_n: 13.783228232315988
cp_gamma_0: 3.333e-05
vp_s0: 93.655
vp_R: 3957.3
vp_d: 0.5651
vp_n: 7.3648
vp_eta: 721.59
