cp_lh_0: 290.71016357685113
cp_lh_1: 119.68726435120458
cp_tau_0: 132.93253944377113
cp_n: 15.440585229693626
cp_gamma_0: 3.333e-05
vp_s0: 93.655
vp_R: 3957.3
vp_d: 0.5651
vp_n: 7.3648
vp_eta: 721.59
