cp_tau_s: 606.2893340157354
cp_b: 13.41466148054712
cp_tau_0: 84.35375511012035
cp_n: 16.25107930073251
cp_gamma_0: 3.25e-05
