cp_tau_s: 850.9924782903782
cp_b: 2.6738176140879504
cp_tau_0: 245.94655452857037
cp_n: 4.822422992748001
cp_gamma_0: 3.25e-05
