cp_tau_s: 1923.1398251134756
cp_b: 15.423161828984831
cp_tau_0: 237.00688024650992
cp_n: 4.139307811647058
cp_gamma_0: 3.25e-05
