cp_lh_0: 127.8956212059787
cp_lh_1: 371.9168882252774
cp_lh_2: 123.94835474416959
cp_lh_3: 387.485188953489
cp_lh_4: 393.761718321348
cp_lh_5: 349.1797393957475
cp_tau_0: 21.702075277889172
cp_n: 1.9322210592975408
cp_gamma_0: 3.333e-05
vp_s0: 93.655
vp_R: 3957.3
vp_d: 0.5651
vp_n: 7.3648
vp_eta: 721.59
