cp_lh_0: 892.3452159870509
cp_lh_1: 364.35725334905317
cp_lh_2: 96.99861510887136
cp_lh_3: 43.32324411680649
cp_lh_4: 104.50196401725165
cp_lh_5: 832.1205406459192
cp_tau_0: 290.38022298554114
cp_n: 7.739189052644333
cp_gamma_0: 3.25e-05
