cp_tau_s: 1071.2185501019787
cp_b: 6.514194308719982
cp_tau_0: 319.5276883007485
cp_n: 12.546695140840942
cp_gamma_0: 3.25e-05
