cp_lh_0: 575.4188841438605
cp_lh_1: 390.45256329581537
cp_lh_2: 593.0833119629712
cp_lh_3: 878.1349777193165
cp_lh_4: 706.9797391802217
cp_lh_5: 964.6727325979883
cp_tau_0: 265.8431901771847
cp_n: 9.687918446586833
cp_gamma_0: 3.25e-05
