cp_lh_0: 120.54565899621701
cp_lh_1: 281.77163500719973
cp_lh_2: 80.37944312829127
cp_lh_3: 190.72722725154654
cp_lh_4: 118.86785029619551
cp_lh_5: 202.92978551012908
cp_tau_0: 117.11148364621002
cp_n: 6.008186885790031
cp_gamma_0: 3.333e-05
vp_s0: 93.655
vp_R: 3957.3
vp_d: 0.5651
vp_n: 7.3648
vp_eta: 721.59
