cp_lh_0: 124.73447431491999
cp_lh_1: 192.75327265812575
cp_tau_0: 114.83175174374311
cp_n: 13.046254052260526
cp_gamma_0: 3.333e-05
vp_s0: 93.655
vp_R: 3957.3
vp_d: 0.5651
vp_n: 7.3648
vp_eta: 721.59
