cp_tau_s: 1018.4123208496477
cp_b: 7.028031274840036
cp_tau_0: 103.163966363068
cp_n: 15.66251988837177
cp_gamma_0: 7.07912629293134e-05
