cp_tau_s: 549.8253464657964
cp_b: 5.9536789840033
cp_tau_0: 265.3657829965308
cp_n: 3.3977116377357977
cp_gamma_0: 1.7734045190597924e-05
