cp_tau_s: 331.4497504810537
cp_b: 2.3092804890396317
cp_tau_0: 263.71023400777017
cp_n: 15.630542564252139
cp_gamma_0: 3.25e-05
