cp_lh_0: 373.4750218822962
cp_lh_1: 251.82982482553098
cp_lh_2: 292.91718332515006
cp_lh_3: 62.62543301993988
cp_lh_4: 379.05547095197255
cp_lh_5: 268.68952147148184
cp_tau_0: 148.06923106004632
cp_n: 1.1037546453151075
cp_gamma_0: 3.333e-05
vp_s0: 93.655
vp_R: 3957.3
vp_d: 0.5651
vp_n: 7.3648
vp_eta: 721.59
