cp_tau_s: 103.8968373304054
cp_b: 4.471711348729754
cp_tau_0: 299.08591872002444
cp_n: 11.648329486202595
cp_gamma_0: 4.811448396217122e-05
