cp_tau_s: 748.8013458813824
cp_b: 9.884372958262288
cp_tau_0: 475.39514484017906
cp_n: 5.849654652030415
cp_gamma_0: 3.25e-05
