cp_lh_0: 374.0327676319337
cp_lh_1: 160.88656648363832
cp_tau_0: 99.07407808617282
cp_n: 2.18657556696504
cp_gamma_0: 3.333e-05
vp_s0: 93.655
vp_R: 3957.3
vp_d: 0.5651
vp_n: 7.3648
vp_eta: 721.59
