cp_tau_s: 850.4719253119596
cp_b: 3.9826036953174793
cp_tau_0: 242.10762775039282
cp_n: 15.292953972413855
cp_gamma_0: 3.333e-05
vp_s0: 93.655
vp_R: 3957.3
vp_d: 0.5651
vp_n: 7.3648
vp_eta: 721.59
