cp_tau_s: 716.0891378670651
cp_b: 19.478052334286545
cp_tau_0: 398.32595292681157
cp_n: 1.92722663110197
cp_gamma_0: 3.25e-05
