cp_tau_s: 743.9598788388931
cp_b: 7.315208573911427
cp_tau_0: 148.06682517179075
cp_n: 6.069231382093156
cp_gamma_0: 3.25e-05
