cp_lh_0: 380.81813528383947
cp_lh_1: 25.098129888178512
cp_tau_0: 11.566315994008368
cp_n: 4.918834738766632
cp_gamma_0: 3.333e-05
vp_s0: 93.655
vp_R: 3957.3
vp_d: 0.5651
vp_n: 7.3648
vp_eta: 721.59
