cp_lh_0: 344.60970425837587
cp_lh_1: 49.82230160649287
cp_lh_2: 367.70219389743573
cp_lh_3: 551.6963421586839
cp_lh_4: 397.82803752486586
cp_lh_5: 578.5405569517014
cp_tau_0: 110.75962173759538
cp_n: 11.184639350408098
cp_gamma_0: 3.25e-05
