cp_tau_s: 658.6521308390477
cp_b: 5.803443809102757
cp_tau_0: 212.70050005441718
cp_n: 1.5357477861590414
cp_gamma_0: 4.0089741284687844e-05
