cp_lh_0: 0.043047
cp_lh_1: 704.56
cp_lh_2: 0.00055091
cp_lh_3: 660.08
cp_lh_4: 652.0
cp_lh_5: 791.27
cp_tau_0: 161.59
cp_n: 5.3538
cp_gamma_0: 3.25e-05
