cp_tau_s: 1908.1563035903794
cp_b: 6.438098618796698
cp_tau_0: 169.1660567461041
cp_n: 12.664020397125048
cp_gamma_0: 3.25e-05
