cp_tau_s: 365.94688107526616
cp_b: 1.3995373637175685
cp_tau_0: 198.9021230145739
cp_n: 4.124294705296485
cp_gamma_0: 3.5193475061020666e-05
