cp_lh_0: 583.7541360793136
cp_lh_1: 195.63724128071405
cp_lh_2: 145.86901855379887
cp_lh_3: 518.6908131140394
cp_lh_4: 543.8153600806564
cp_lh_5: 839.409625823056
cp_tau_0: 48.18012354079286
cp_n: 5.318671222470624
cp_gamma_0: 3.25e-05
