cp_tau_s: 1654.1622945165725
cp_b: 17.417602123601778
cp_tau_0: 382.428644339107
cp_n: 5.672939471380861
cp_gamma_0: 3.25e-05
