cp_lh_0: 322.22771006684997
cp_lh_1: 382.4646836621703
cp_tau_0: 132.670212642034
cp_n: 15.925745467636705
cp_gamma_0: 3.333e-05
vp_s0: 93.655
vp_R: 3957.3
vp_d: 0.5651
vp_n: 7.3648
vp_eta: 721.59
