cp_lh_0: 303.4589336355867
cp_lh_1: 684.0184949327116
cp_lh_2: 441.7683639145299
cp_lh_3: 695.730821916978
cp_lh_4: 843.4497633309579
cp_lh_5: 523.6874601392939
cp_tau_0: 214.95993088220857
cp_n: 16.484875468966237
cp_gamma_0: 3.25e-05
