cp_tau_s: 1395.5000738769138
cp_b: 7.404543021030758
cp_tau_0: 341.78678997228997
cp_n: 14.517386780706188
cp_gamma_0: 3.25e-05
