cp_lh_0: 93.83790126307613
cp_lh_1: 214.103744604907
cp_tau_0: 72.04479721588076
cp_n: 6.9160825455638
cp_gamma_0: 3.333e-05
vp_s0: 93.655
vp_R: 3957.3
vp_d: 0.5651
vp_n: 7.3648
vp_eta: 721.59
