cp_lh_0: 223.64716203336354
cp_lh_1: 274.9713532783999
cp_lh_2: 294.37966597180235
cp_lh_3: 137.2526692892971
cp_lh_4: 371.27062820290433
cp_lh_5: 372.7979095859513
cp_tau_0: 82.0360127416092
cp_n: 4.745684816705452
cp_gamma_0: 3.333e-05
vp_s0: 93.655
vp_R: 3957.3
vp_d: 0.5651
vp_n: 7.3648
vp_eta: 721.59
