cp_tau_s: 839.0304160031305
cp_b: 0.8611142626830619
cp_tau_0: 251.84753672576275
cp_n: 10.756446433936755
cp_gamma_0: 5.7195022585737e-05
