cp_tau_s: 1170.7995356389338
cp_b: 8.433921050806806
cp_tau_0: 310.66631060810863
cp_n: 9.66065697369501
cp_gamma_0: 3.25e-05
