cp_lh_0: 98.0594622438656
cp_lh_1: 213.70741793437955
cp_lh_2: 305.1776800981099
cp_lh_3: 333.43951473076004
cp_lh_4: 142.6426247713497
cp_lh_5: 20.4071367760301
cp_tau_0: 31.635030893118177
cp_n: 13.781168285395166
cp_gamma_0: 3.333e-05
vp_s0: 93.655
vp_R: 3957.3
vp_d: 0.5651
vp_n: 7.3648
vp_eta: 721.59
