cp_lh_0: 284.3495916599826
cp_lh_1: 310.7039020822773
cp_tau_0: 140.96300557087184
cp_n: 3.1843195381404867
cp_gamma_0: 3.333e-05
vp_s0: 93.655
vp_R: 3957.3
vp_d: 0.5651
vp_n: 7.3648
vp_eta: 721.59
