cp_tau_s: 1.6265
cp_b: 0.00010983
cp_tau_0: 0.37987
cp_n: 19.947
cp_gamma_0: 3.25e-05
