cp_tau_s: 0.86361
cp_b: 0.37712
cp_tau_0: 431.59
cp_n: 4.3352
cp_gamma_0: 3.25e-05
