cp_lh_0: 0.5133808048234637
cp_lh_1: 171.25776322500772
cp_tau_0: 44.77300929872652
cp_n: 3.963012335333779
cp_gamma_0: 3.333e-05
vp_s0: 93.655
vp_R: 3957.3
vp_d: 0.5651
vp_n: 7.3648
vp_eta: 721.59
