cp_tau_s: 782.784197097639
cp_b: 3.6020901095259465
cp_tau_0: 235.875382855866
cp_n: 3.2948652562422795
cp_gamma_0: 1.9911849010082727e-05
