cp_tau_s: 1248.4822619384322
cp_b: 3.3066043070717708
cp_tau_0: 136.22720989669875
cp_n: 10.196710793339218
cp_gamma_0: 3.333e-05
vp_s0: 93.655
vp_R: 3957.3
vp_d: 0.5651
vp_n: 7.3648
vp_eta: 721.59
