cp_tau_s: 2116.592402997063
cp_b: 5.8924941471497485
cp_tau_0: 244.85624550664687
cp_n: 13.474058587729312
cp_gamma_0: 3.25e-05
