cp_lh_0: 100.0831964065556
cp_lh_1: 224.3195955566083
cp_tau_0: 185.73437778375592
cp_n: 7.917568255139666
cp_gamma_0: 3.333e-05
vp_s0: 93.655
vp_R: 3957.3
vp_d: 0.5651
vp_n: 7.3648
vp_eta: 721.59
