cp_tau_s: 349.7583343852448
cp_b: 16.32512587909774
cp_tau_0: 320.6425542574403
cp_n: 2.460165315407523
cp_gamma_0: 3.25e-05
