cp_lh_0: 538.3778167986175
cp_lh_1: 974.1847433749612
cp_lh_2: 231.44525688347352
cp_lh_3: 69.51550993920854
cp_lh_4: 952.7033284270376
cp_lh_5: 629.9198634027375
cp_tau_0: 21.421465610906615
cp_n: 9.286056900699156
cp_gamma_0: 3.25e-05
