cp_tau_s: 380.8514628784038
cp_b: 18.60207740321471
cp_tau_0: 258.71652936451216
cp_n: 8.173085308466604
cp_gamma_0: 3.25e-05
