cp_lh_0: 434.4036810613725
cp_lh_1: 28.75100818531562
cp_tau_0: 43.233758920177145
cp_n: 16.92896962726614
cp_gamma_0: 3.25e-05
