cp_tau_s: 600.6512460776372
cp_b: 8.427467447439916
cp_tau_0: 463.66169737505436
cp_n: 5.278117597158857
cp_gamma_0: 3.25e-05
