cp_tau_s: 194.12567210594676
cp_b: 2.4856360946831995
cp_tau_0: 188.9632336286314
cp_n: 12.580399502995874
cp_gamma_0: 3.194604717686325e-05
