cp_lh_0: 376.84044437083907
cp_lh_1: 188.29449510463985
cp_tau_0: 142.23413158602816
cp_n: 7.648562746833324
cp_gamma_0: 3.333e-05
vp_s0: 93.655
vp_R: 3957.3
vp_d: 0.5651
vp_n: 7.3648
vp_eta: 721.59
