cp_tau_s: 3916.177296793075
cp_b: 4.474578413372965
cp_tau_0: 255.35038449700502
cp_n: 16.086259260308733
cp_gamma_0: 3.25e-05
