cp_lh_0: 203.75738953853372
cp_lh_1: 62.70591913735024
cp_tau_0: 103.86602724297663
cp_n: 9.627003078148991
cp_gamma_0: 3.333e-05
vp_s0: 93.655
vp_R: 3957.3
vp_d: 0.5651
vp_n: 7.3648
vp_eta: 721.59
