cp_tau_s: 24.00118395839843
cp_b: 4.626015592006163
cp_tau_0: 370.23577271052295
cp_n: 5.289338294401717
cp_gamma_0: 5.186816237208898e-05
