cp_tau_s: 1460.235173788167
cp_b: 11.41334546595058
cp_tau_0: 493.8638288220229
cp_n: 9.579790490507468
cp_gamma_0: 3.25e-05
