cp_lh_0: 66.3076491685437
cp_lh_1: 30.647840287170908
cp_tau_0: 176.53301569184535
cp_n: 1.6020179327870547
cp_gamma_0: 3.333e-05
vp_s0: 93.655
vp_R: 3957.3
vp_d: 0.5651
vp_n: 7.3648
vp_eta: 721.59
