cp_lh_0: 71.03433041718966
cp_lh_1: 360.7331474405308
cp_tau_0: 345.3202998845436
cp_n: 14.820986890653554
cp_gamma_0: 8.583108525806839e-05
