cp_tau_s: 1440.4628839391341
cp_b: 7.541727227742777
cp_tau_0: 332.9197790502255
cp_n: 11.183133789599669
cp_gamma_0: 3.333e-05
vp_s0: 93.655
vp_R: 3957.3
vp_d: 0.5651
vp_n: 7.3648
vp_eta: 721.59
