cp_lh_0: 276.65802467224137
cp_lh_1: 114.54964117040542
cp_tau_0: 65.58993114753923
cp_n: 9.794591265029913
cp_gamma_0: 3.333e-05
vp_s0: 93.655
vp_R: 3957.3
vp_d: 0.5651
vp_n: 7.3648
vp_eta: 721.59
