cp_tau_s: 1305.1476185186334
cp_b: 5.257335698837214
cp_tau_0: 362.5995805363125
cp_n: 7.532682115122986
cp_gamma_0: 3.333e-05
vp_s0: 93.655
vp_R: 3957.3
vp_d: 0.5651
vp_n: 7.3648
vp_eta: 721.59
