cp_lh_0: 468.3813501781311
cp_lh_1: 827.966655390508
cp_lh_2: 377.44962218924223
cp_lh_3: 626.8035904760841
cp_lh_4: 267.2010608833834
cp_lh_5: 326.09425378606693
cp_tau_0: 464.41066372340055
cp_n: 13.552911538358801
cp_gamma_0: 3.25e-05
