cp_lh_0: 248.3499611817766
cp_lh_1: 304.50376229753994
cp_lh_2: 254.81154536067544
cp_lh_3: 116.68118486687938
cp_lh_4: 211.45076468067714
cp_lh_5: 38.79930450893696
cp_tau_0: 61.675892406979024
cp_n: 4.12802584303145
cp_gamma_0: 3.333e-05
vp_s0: 93.655
vp_R: 3957.3
vp_d: 0.5651
vp_n: 7.3648
vp_eta: 721.59
