cp_tau_s: 140.23481051199883
cp_b: 9.389051491035321
cp_tau_0: 412.7939145188558
cp_n: 10.053900217671437
cp_gamma_0: 3.25e-05
