cp_tau_s: 1141.2970053003323
cp_b: 6.0241066689397895
cp_tau_0: 479.6492924593893
cp_n: 7.799380247060446
cp_gamma_0: 3.25e-05
