cp_lh_0: 129.2381331744902
cp_lh_1: 287.618814779982
cp_tau_0: 142.8957366012644
cp_n: 7.503999220832609
cp_gamma_0: 3.333e-05
vp_s0: 93.655
vp_R: 3957.3
vp_d: 0.5651
vp_n: 7.3648
vp_eta: 721.59
