cp_tau_s: 1944.0042285480665
cp_b: 0.22270671653762092
cp_tau_0: 161.81779461463606
cp_n: 5.365648628370686
cp_gamma_0: 3.25e-05
