cp_tau_s: 3862.378593884364
cp_b: 3.6610902137336288
cp_tau_0: 439.3617573134775
cp_n: 2.0320277479566693
cp_gamma_0: 3.25e-05
