cp_tau_s: 713.7558009974858
cp_b: 9.483357840495596
cp_tau_0: 445.12594229296155
cp_n: 5.6995199821688
cp_gamma_0: 3.25e-05
