cp_lh_0: 24.810951968532493
cp_lh_1: 270.668555227595
cp_tau_0: 55.635037705475554
cp_n: 8.179699500559138
cp_gamma_0: 3.333e-05
vp_s0: 93.655
vp_R: 3957.3
vp_d: 0.5651
vp_n: 7.3648
vp_eta: 721.59
