cp_lh_0: 360.84600443000284
cp_lh_1: 174.32000601378292
cp_lh_2: 153.74741411685156
cp_lh_3: 105.33258293769498
cp_lh_4: 128.0531824572494
cp_lh_5: 189.63827221641526
cp_tau_0: 19.652156872239846
cp_n: 11.62547118997798
cp_gamma_0: 3.333e-05
vp_s0: 93.655
vp_R: 3957.3
vp_d: 0.5651
vp_n: 7.3648
vp_eta: 721.59
