cp_lh_0: 21.62286174714771
cp_lh_1: 329.0312665955302
cp_lh_2: 366.34428697626635
cp_lh_3: 20.69224699833592
cp_lh_4: 111.20515726522837
cp_lh_5: 143.5961276049186
cp_tau_0: 187.76728614863111
cp_n: 4.554112430314138
cp_gamma_0: 3.333e-05
vp_s0: 93.655
vp_R: 3957.3
vp_d: 0.5651
vp_n: 7.3648
vp_eta: 721.59
