cp_tau_s: 1051.2520734562936
cp_b: 12.7724903355407
cp_tau_0: 390.99385536247763
cp_n: 16.975298856760098
cp_gamma_0: 3.25e-05
