cp_tau_s: 435.08709095455976
cp_b: 2.7874521441340345
cp_tau_0: 28.684823731915905
cp_n: 3.8933842698262087
cp_gamma_0: 2.17769101204099e-05
