cp_lh_0: 355.9202598781983
cp_lh_1: 320.5706686813219
cp_tau_0: 198.2529125820306
cp_n: 15.08331712241352
cp_gamma_0: 3.333e-05
vp_s0: 93.655
vp_R: 3957.3
vp_d: 0.5651
vp_n: 7.3648
vp_eta: 721.59
