cp_lh_0: 397.50344827382094
cp_lh_1: 867.2800687724675
cp_lh_2: 594.8821064757205
cp_lh_3: 523.6784751657218
cp_lh_4: 796.6410942798514
cp_lh_5: 256.14924310840405
cp_tau_0: 46.01330300378142
cp_n: 4.97071033601372
cp_gamma_0: 3.25e-05
