cp_tau_s: 359.5147360288375
cp_b: 1.058814296833464
cp_tau_0: 70.16997106531082
cp_n: 7.423203569812609
cp_gamma_0: 3.25e-05
