cp_lh_0: 319.1077996657384
cp_lh_1: 321.69319923384097
cp_tau_0: 118.59918101642826
cp_n: 13.502069614541401
cp_gamma_0: 3.333e-05
vp_s0: 93.655
vp_R: 3957.3
vp_d: 0.5651
vp_n: 7.3648
vp_eta: 721.59
