cp_lh_0: 72.37596505656329
cp_lh_1: 399.26624561764237
cp_lh_2: 161.5949216602957
cp_lh_3: 315.6376199164211
cp_lh_4: 67.79566665179921
cp_lh_5: 55.59235348692661
cp_tau_0: 73.92536643945023
cp_n: 10.959863717376473
cp_gamma_0: 3.333e-05
vp_s0: 93.655
vp_R: 3957.3
vp_d: 0.5651
vp_n: 7.3648
vp_eta: 721.59
