cp_lh_0: 509.5128727433077
cp_lh_1: 966.133695176435
cp_tau_0: 332.29178214121157
cp_n: 1.7026255930205112
cp_gamma_0: 3.25e-05
