cp_tau_s: 205.4819139894408
cp_b: 1.624596853653876
cp_tau_0: 128.2746589223569
cp_n: 14.020734824048182
cp_gamma_0: 6.146977442865622e-05
