cp_lh_0: 206.62266100883406
cp_lh_1: 313.47227930169674
cp_lh_2: 206.39906366882622
cp_lh_3: 248.56212449050915
cp_lh_4: 274.1212728755191
cp_lh_5: 262.33710531308594
cp_tau_0: 162.97249190030257
cp_n: 3.0093688436256856
cp_gamma_0: 3.333e-05
vp_s0: 93.655
vp_R: 3957.3
vp_d: 0.5651
vp_n: 7.3648
vp_eta: 721.59
