cp_lh_0: 350.3701982603766
cp_lh_1: 92.56939719693888
cp_tau_0: 87.37418941063457
cp_n: 10.326920677393208
cp_gamma_0: 3.333e-05
vp_s0: 93.655
vp_R: 3957.3
vp_d: 0.5651
vp_n: 7.3648
vp_eta: 721.59
