cp_tau_s: 1158.7509299233338
cp_b: 9.89491485344439
cp_tau_0: 371.8683119520764
cp_n: 3.4735324269239087
cp_gamma_0: 3.25e-05
