cp_tau_s: 1473.2954411713545
cp_b: 18.56607777141705
cp_tau_0: 40.76831953571659
cp_n: 12.653221809287688
cp_gamma_0: 3.25e-05
