cp_tau_s: 1122.8720452244813
cp_b: 9.09095932080043
cp_tau_0: 285.00484311727683
cp_n: 13.15291946869364
cp_gamma_0: 3.25e-05
