cp_tau_s,cp_b,cp_tau_0,cp_n,average_strain,average_stress,g1_phi_1,g1_Phi,g1_phi_2,g6_phi_1,g6_Phi,g6_phi_2,g7_phi_1,g7_Phi,g7_phi_2,g8_phi_1,g8_Phi,g8_phi_2,g9_phi_1,g9_Phi,g9_phi_2,g10_phi_1,g10_Phi,g10_phi_2,g11_phi_1,g11_Phi,g11_phi_2,g12_phi_1,g12_Phi,g12_phi_2,g13_phi_1,g13_Phi,g13_phi_2,g14_phi_1,g14_Phi,g14_phi_2,g15_phi_1,g15_Phi,g15_phi_2,g16_phi_1,g16_Phi,g16_phi_2,g18_phi_1,g18_Phi,g18_phi_2,g19_phi_1,g19_Phi,g19_phi_2,g20_phi_1,g20_Phi,g20_phi_2,g21_phi_1,g21_Phi,g21_phi_2,g22_phi_1,g22_Phi,g22_phi_2,g23_phi_1,g23_Phi,g23_phi_2,g24_phi_1,g24_Phi,g24_phi_2,g25_phi_1,g25_Phi,g25_phi_2,g26_phi_1,g26_Phi,g26_phi_2,g27_phi_1,g27_Phi,g27_phi_2,g28_phi_1,g28_Phi,g28_phi_2,g29_phi_1,g29_Phi,g29_phi_2,g30_phi_1,g30_Phi,g30_phi_2,g31_phi_1,g31_Phi,g31_phi_2,g32_phi_1,g32_Phi,g32_phi_2,g33_phi_1,g33_Phi,g33_phi_2,g34_phi_1,g34_Phi,g34_phi_2,g35_phi_1,g35_Phi,g35_phi_2,g36_phi_1,g36_Phi,g36_phi_2,g37_phi_1,g37_Phi,g37_phi_2,g38_phi_1,g38_Phi,g38_phi_2,g39_phi_1,g39_Phi,g39_phi_2,g40_phi_1,g40_Phi,g40_phi_2,g41_phi_1,g41_Phi,g41_phi_2,g42_phi_1,g42_Phi,g42_phi_2,g43_phi_1,g43_Phi,g43_phi_2,g44_phi_1,g44_Phi,g44_phi_2,g45_phi_1,g45_Phi,g45_phi_2,g46_phi_1,g46_Phi,g46_phi_2,g47_phi_1,g47_Phi,g47_phi_2,g48_phi_1,g48_Phi,g48_phi_2,g49_phi_1,g49_Phi,g49_phi_2,g50_phi_1,g50_Phi,g50_phi_2,g51_phi_1,g51_Phi,g51_phi_2,g53_phi_1,g53_Phi,g53_phi_2,g54_phi_1,g54_Phi,g54_phi_2,g56_phi_1,g56_Phi,g56_phi_2,g57_phi_1,g57_Phi,g57_phi_2,g58_phi_1,g58_Phi,g58_phi_2,g59_phi_1,g59_Phi,g59_phi_2,g60_phi_1,g60_Phi,g60_phi_2,g61_phi_1,g61_Phi,g61_phi_2,g62_phi_1,g62_Phi,g62_phi_2,g63_phi_1,g63_Phi,g63_phi_2,g64_phi_1,g64_Phi,g64_phi_2,g66_phi_1,g66_Phi,g66_phi_2,g67_phi_1,g67_Phi,g67_phi_2,g68_phi_1,g68_Phi,g68_phi_2,g69_phi_1,g69_Phi,g69_phi_2,g70_phi_1,g70_Phi,g70_phi_2,g72_phi_1,g72_Phi,g72_phi_2,g73_phi_1,g73_Phi,g73_phi_2,g74_phi_1,g74_Phi,g74_phi_2,g75_phi_1,g75_Phi,g75_phi_2,g76_phi_1,g76_Phi,g76_phi_2,g77_phi_1,g77_Phi,g77_phi_2,g78_phi_1,g78_Phi,g78_phi_2,g79_phi_1,g79_Phi,g79_phi_2,g80_phi_1,g80_Phi,g80_phi_2,g81_phi_1,g81_Phi,g81_phi_2,g82_phi_1,g82_Phi,g82_phi_2,g83_phi_1,g83_Phi,g83_phi_2,g84_phi_1,g84_Phi,g84_phi_2,g85_phi_1,g85_Phi,g85_phi_2,g86_phi_1,g86_Phi,g86_phi_2,g87_phi_1,g87_Phi,g87_phi_2,g88_phi_1,g88_Phi,g88_phi_2,g89_phi_1,g89_Phi,g89_phi_2,g90_phi_1,g90_Phi,g90_phi_2,g91_phi_1,g91_Phi,g91_phi_2,g92_phi_1,g92_Phi,g92_phi_2,g93_phi_1,g93_Phi,g93_phi_2,g95_phi_1,g95_Phi,g95_phi_2,g96_phi_1,g96_Phi,g96_phi_2,g97_phi_1,g97_Phi,g97_phi_2,g99_phi_1,g99_Phi,g99_phi_2,g100_phi_1,g100_Phi,g100_phi_2,g101_phi_1,g101_Phi,g101_phi_2,g102_phi_1,g102_Phi,g102_phi_2,g103_phi_1,g103_Phi,g103_phi_2,g104_phi_1,g104_Phi,g104_phi_2,g105_phi_1,g105_Phi,g105_phi_2,g106_phi_1,g106_Phi,g106_phi_2,g107_phi_1,g107_Phi,g107_phi_2,g108_phi_1,g108_Phi,g108_phi_2,g109_phi_1,g109_Phi,g109_phi_2,g110_phi_1,g110_Phi,g110_phi_2,g111_phi_1,g111_Phi,g111_phi_2,g112_phi_1,g112_Phi,g112_phi_2,g113_phi_1,g113_Phi,g113_phi_2,g114_phi_1,g114_Phi,g114_phi_2,g115_phi_1,g115_Phi,g115_phi_2,g116_phi_1,g116_Phi,g116_phi_2,g117_phi_1,g117_Phi,g117_phi_2,g118_phi_1,g118_Phi,g118_phi_2,g119_phi_1,g119_Phi,g119_phi_2,g120_phi_1,g120_Phi,g120_phi_2,g122_phi_1,g122_Phi,g122_phi_2,g123_phi_1,g123_Phi,g123_phi_2,g125_phi_1,g125_Phi,g125_phi_2,g126_phi_1,g126_Phi,g126_phi_2,g127_phi_1,g127_Phi,g127_phi_2,g128_phi_1,g128_Phi,g128_phi_2,g129_phi_1,g129_Phi,g129_phi_2,g130_phi_1,g130_Phi,g130_phi_2,g132_phi_1,g132_Phi,g132_phi_2,g133_phi_1,g133_Phi,g133_phi_2,g134_phi_1,g134_Phi,g134_phi_2,g135_phi_1,g135_Phi,g135_phi_2,g136_phi_1,g136_Phi,g136_phi_2,g137_phi_1,g137_Phi,g137_phi_2,g138_phi_1,g138_Phi,g138_phi_2,g139_phi_1,g139_Phi,g139_phi_2,g140_phi_1,g140_Phi,g140_phi_2,g141_phi_1,g141_Phi,g141_phi_2,g142_phi_1,g142_Phi,g142_phi_2,g143_phi_1,g143_Phi,g143_phi_2,g145_phi_1,g145_Phi,g145_phi_2,g146_phi_1,g146_Phi,g146_phi_2,g147_phi_1,g147_Phi,g147_phi_2,g148_phi_1,g148_Phi,g148_phi_2,g149_phi_1,g149_Phi,g149_phi_2,g150_phi_1,g150_Phi,g150_phi_2,g151_phi_1,g151_Phi,g151_phi_2,g152_phi_1,g152_Phi,g152_phi_2,g153_phi_1,g153_Phi,g153_phi_2,g154_phi_1,g154_Phi,g154_phi_2,g155_phi_1,g155_Phi,g155_phi_2,g156_phi_1,g156_Phi,g156_phi_2,g157_phi_1,g157_Phi,g157_phi_2,g158_phi_1,g158_Phi,g158_phi_2,g159_phi_1,g159_Phi,g159_phi_2,g161_phi_1,g161_Phi,g161_phi_2,g162_phi_1,g162_Phi,g162_phi_2,g163_phi_1,g163_Phi,g163_phi_2,g164_phi_1,g164_Phi,g164_phi_2,g165_phi_1,g165_Phi,g165_phi_2,g166_phi_1,g166_Phi,g166_phi_2,g167_phi_1,g167_Phi,g167_phi_2,g168_phi_1,g168_Phi,g168_phi_2,g169_phi_1,g169_Phi,g169_phi_2,g171_phi_1,g171_Phi,g171_phi_2,g172_phi_1,g172_Phi,g172_phi_2,g173_phi_1,g173_Phi,g173_phi_2,g175_phi_1,g175_Phi,g175_phi_2,g176_phi_1,g176_Phi,g176_phi_2,g177_phi_1,g177_Phi,g177_phi_2,g178_phi_1,g178_Phi,g178_phi_2,g179_phi_1,g179_Phi,g179_phi_2,g180_phi_1,g180_Phi,g180_phi_2,g181_phi_1,g181_Phi,g181_phi_2,g183_phi_1,g183_Phi,g183_phi_2,g185_phi_1,g185_Phi,g185_phi_2,g186_phi_1,g186_Phi,g186_phi_2,g187_phi_1,g187_Phi,g187_phi_2,g188_phi_1,g188_Phi,g188_phi_2,g189_phi_1,g189_Phi,g189_phi_2,g190_phi_1,g190_Phi,g190_phi_2,g191_phi_1,g191_Phi,g191_phi_2,g192_phi_1,g192_Phi,g192_phi_2,g193_phi_1,g193_Phi,g193_phi_2,g194_phi_1,g194_Phi,g194_phi_2,g195_phi_1,g195_Phi,g195_phi_2,g196_phi_1,g196_Phi,g196_phi_2,g197_phi_1,g197_Phi,g197_phi_2,g198_phi_1,g198_Phi,g198_phi_2,g199_phi_1,g199_Phi,g199_phi_2,g200_phi_1,g200_Phi,g200_phi_2,g201_phi_1,g201_Phi,g201_phi_2,g202_phi_1,g202_Phi,g202_phi_2,g203_phi_1,g203_Phi,g203_phi_2,g204_phi_1,g204_Phi,g204_phi_2,g205_phi_1,g205_Phi,g205_phi_2,g206_phi_1,g206_Phi,g206_phi_2,g207_phi_1,g207_Phi,g207_phi_2,g208_phi_1,g208_Phi,g208_phi_2,g209_phi_1,g209_Phi,g209_phi_2,g210_phi_1,g210_Phi,g210_phi_2,g211_phi_1,g211_Phi,g211_phi_2,g212_phi_1,g212_Phi,g212_phi_2,g213_phi_1,g213_Phi,g213_phi_2,g215_phi_1,g215_Phi,g215_phi_2,g216_phi_1,g216_Phi,g216_phi_2,g217_phi_1,g217_Phi,g217_phi_2,g218_phi_1,g218_Phi,g218_phi_2,g219_phi_1,g219_Phi,g219_phi_2,g220_phi_1,g220_Phi,g220_phi_2,g221_phi_1,g221_Phi,g221_phi_2,g222_phi_1,g222_Phi,g222_phi_2,g223_phi_1,g223_Phi,g223_phi_2,g224_phi_1,g224_Phi,g224_phi_2,g225_phi_1,g225_Phi,g225_phi_2,g226_phi_1,g226_Phi,g226_phi_2,g227_phi_1,g227_Phi,g227_phi_2,g228_phi_1,g228_Phi,g228_phi_2,g229_phi_1,g229_Phi,g229_phi_2,g230_phi_1,g230_Phi,g230_phi_2,g231_phi_1,g231_Phi,g231_phi_2,g232_phi_1,g232_Phi,g232_phi_2,g233_phi_1,g233_Phi,g233_phi_2,g234_phi_1,g234_Phi,g234_phi_2,g235_phi_1,g235_Phi,g235_phi_2,g236_phi_1,g236_Phi,g236_phi_2,g237_phi_1,g237_Phi,g237_phi_2,g238_phi_1,g238_Phi,g238_phi_2,g239_phi_1,g239_Phi,g239_phi_2,g240_phi_1,g240_Phi,g240_phi_2,g241_phi_1,g241_Phi,g241_phi_2,g242_phi_1,g242_Phi,g242_phi_2,g243_phi_1,g243_Phi,g243_phi_2,g244_phi_1,g244_Phi,g244_phi_2,g245_phi_1,g245_Phi,g245_phi_2,g246_phi_1,g246_Phi,g246_phi_2,g247_phi_1,g247_Phi,g247_phi_2,g248_phi_1,g248_Phi,g248_phi_2,g249_phi_1,g249_Phi,g249_phi_2,g250_phi_1,g250_Phi,g250_phi_2,g251_phi_1,g251_Phi,g251_phi_2,g252_phi_1,g252_Phi,g252_phi_2,g253_phi_1,g253_Phi,g253_phi_2,g254_phi_1,g254_Phi,g254_phi_2,g255_phi_1,g255_Phi,g255_phi_2,g256_phi_1,g256_Phi,g256_phi_2,g257_phi_1,g257_Phi,g257_phi_2,g258_phi_1,g258_Phi,g258_phi_2,g259_phi_1,g259_Phi,g259_phi_2,g261_phi_1,g261_Phi,g261_phi_2,g262_phi_1,g262_Phi,g262_phi_2,g264_phi_1,g264_Phi,g264_phi_2,g265_phi_1,g265_Phi,g265_phi_2,g268_phi_1,g268_Phi,g268_phi_2,g269_phi_1,g269_Phi,g269_phi_2,g270_phi_1,g270_Phi,g270_phi_2,g271_phi_1,g271_Phi,g271_phi_2,g272_phi_1,g272_Phi,g272_phi_2,g273_phi_1,g273_Phi,g273_phi_2,g274_phi_1,g274_Phi,g274_phi_2,g275_phi_1,g275_Phi,g275_phi_2,g276_phi_1,g276_Phi,g276_phi_2,g277_phi_1,g277_Phi,g277_phi_2,g278_phi_1,g278_Phi,g278_phi_2,g279_phi_1,g279_Phi,g279_phi_2,g280_phi_1,g280_Phi,g280_phi_2,g281_phi_1,g281_Phi,g281_phi_2,g282_phi_1,g282_Phi,g282_phi_2,g283_phi_1,g283_Phi,g283_phi_2,g284_phi_1,g284_Phi,g284_phi_2,g285_phi_1,g285_Phi,g285_phi_2,g286_phi_1,g286_Phi,g286_phi_2,g287_phi_1,g287_Phi,g287_phi_2,g288_phi_1,g288_Phi,g288_phi_2,g289_phi_1,g289_Phi,g289_phi_2,g291_phi_1,g291_Phi,g291_phi_2,g292_phi_1,g292_Phi,g292_phi_2,g293_phi_1,g293_Phi,g293_phi_2,g294_phi_1,g294_Phi,g294_phi_2,g295_phi_1,g295_Phi,g295_phi_2,g299_phi_1,g299_Phi,g299_phi_2,g300_phi_1,g300_Phi,g300_phi_2,g302_phi_1,g302_Phi,g302_phi_2,g303_phi_1,g303_Phi,g303_phi_2,g304_phi_1,g304_Phi,g304_phi_2,g306_phi_1,g306_Phi,g306_phi_2,g309_phi_1,g309_Phi,g309_phi_2,g312_phi_1,g312_Phi,g312_phi_2,g313_phi_1,g313_Phi,g313_phi_2
101.85,17.491,473.19,6.64,0.0084291,1164.2,1.5229,1.8365,4.1734,1.2784,2.2252,4.2224,1.2308,1.9868,4.233,2.4989,2.6624,4.3028,0.85766,2.0615,4.2173,1.5203,2.483,3.8934,3.0083,2.8387,5.8186,1.2289,1.9883,4.234,1.7477,1.7172,4.2476,1.2772,2.2266,4.2244,0.85805,2.0618,4.2156,2.8921,2.8353,4.5074,5.7093,2.7765,1.4665,1.2379,2.8443,3.623,0.95776,2.145,3.0232,2.4838,2.0507,4.4451,1.4722,1.6764,3.9049,0.65972,2.5695,3.8853,2.0056,1.7625,3.4731,1.0727,2.4473,3.0554,0.27178,2.2852,3.5629,1.7858,1.673,3.3872,2.1434,2.8258,4.4493,1.7867,1.6699,3.3902,1.4767,1.6744,3.9063,0.39596,2.1326,3.2045,2.0347,2.3536,4.3853,1.4744,1.6655,3.1995,0.83214,1.8728,2.7742,3.0089,2.8412,5.816,2.006,1.7607,3.4744,1.0061,2.7159,2.8793,1.8177,2.5891,4.0012,0.6309,1.8681,2.7981,1.0715,2.4461,3.0525,1.8973,1.9139,4.4928,1.6794,1.6956,3.8956,0.50999,2.201,3.7448,1.1939,2.4182,3.7869,1.0057,2.0584,3.2719,2.545,2.297,4.2888,2.0676,2.1472,4.6754,1.4783,1.6755,3.9105,1.8965,1.9167,4.4928,1.4905,2.1698,3.2679,0.82288,2.0789,3.1888,2.4183,2.3708,4.3138,1.9476,2.6024,4.8935,1.9397,2.5953,4.8829,2.5452,2.2971,4.2883,1.2875,2.4862,3.9473,1.6864,2.2311,4.2934,2.0647,3.0633,4.0086,0.50074,2.47,2.4735,1.5425,2.0554,4.606,2.0799,3.0664,4.0267,0.39249,2.3738,3.4386,1.6613,1.631,4.0826,0.70971,2.0212,3.099,2.2436,2.2399,4.6457,0.62514,2.6194,2.9965,1.0053,2.062,3.2722,0.13234,2.8901,1.9768,1.9948,1.9847,4.5874,2.5452,2.2977,4.2909,2.6787,2.3384,5.2016,2.1476,2.8235,4.4508,1.0792,1.8504,3.9449,4.6158,2.9997,0.50254,0.88765,2.1173,3.0556,1.3058,2.1003,4.2645,1.0558,2.087,3.4937,2.3162,2.7559,4.5869,1.7011,1.6004,4.1585,1.1422,2.5582,3.0656,0.74948,2.4255,3.7696,2.0539,1.9293,3.7399,1.6003,2.4371,3.4689,1.6625,2.5211,3.6083,1.6593,1.6797,4.2497,2.1131,2.8113,4.5897,2.117,2.8119,4.5909,3.3539,2.7821,6.1153,1.7004,1.6002,4.1585,1.7022,2.0057,3.4533,2.1321,2.9378,4.9273,1.1441,2.5581,3.069,2.6388,2.4468,4.9898,1.0227,2.6031,4.0648,1.602,2.4362,3.4689,1.1851,1.7965,4.1031,1.6611,1.6308,4.0842,1.7021,2.0054,3.4521,0.28836,2.9473,3.3348,2.8709,2.2927,4.5622,1.3176,1.951,4.2049,1.2463,2.6896,3.319,1.4639,2.4584,3.3428,1.841,1.9858,3.7261,1.9513,2.3357,3.9924,1.0973,2.2826,3.1892,2.54,2.0502,5.1497,1.2416,2.6898,3.3117,1.463,2.4599,3.3408,0.28993,2.9473,3.3375,0.67726,1.8065,2.9139,1.7009,2.028,4.4205,1.4678,1.8644,4.119,5.54,2.9016,1.8522,0.81925,2.1224,2.7796,1.0225,2.6041,4.0656,2.1532,2.5242,3.6216,2.6398,2.4446,4.9908,2.8008,2.7057,4.5203,2.164,2.5307,4.5357,2.349,2.1023,4.194,0.76612,1.9891,3.3496,0.32579,2.4745,2.8811,0.60417,2.1406,3.7135,2.3851,2.5105,4.4299,0.74751,2.4652,2.8506,1.2556,1.5824,4.2874,1.7013,2.0059,3.4512,0.76591,2.6893,2.045,3.2122,2.9384,6.2031,0.74237,2.4651,2.8497,1.6602,1.6337,4.0878,1.494,1.8641,3.1827,0.74119,2.4653,2.8471,2.1687,2.3479,4.956,1.1426,2.5623,3.0678,1.002,1.9636,3.5035,0.53128,1.9787,3.2566,1.7005,2.0071,3.4508,2.3862,2.0799,4.1966,2.1415,2.1546,4.979,1.2895,1.7537,3.8001,0.6829,1.9769,2.7559,2.1411,2.1542,4.9801,2.3188,2.1848,4.46,1.567,2.2883,3.9626,4.1951,3.0091,0.12854,1.9551,2.3364,3.9953,0.83811,1.9644,4.1172,1.1734,2.5718,4.2136,3.5161,2.8542,6.0789,1.5323,1.6173,3.2868,0.32375,2.2974,3.4089,5.1376,2.991,1.0776,0.55711,2.7843,3.2534,1.2644,2.5063,2.9761,2.1411,2.1527,4.9812,1.4743,2.0946,4.3498,1.5252,1.6221,3.2873,1.379,2.9297,3.3642,0.44968,2.4504,2.7177,0.92547,2.4543,2.9998,0.22154,2.618,3.3404,1.6115,2.255,4.1248,0.44527,2.4477,2.7112,1.0485,2.1687,3.6604,1.3945,1.8083,4.2929,0.32491,2.2989,3.4087,1.5287,1.6173,3.2868,0.44562,2.4509,2.7149,2.9799,2.8699,5.8976,2.0082,2.5993,4.0359,1.9699,2.177,4.587,2.6358,2.7748,5.2752,1.8898,1.9658,3.9041,1.2941,1.8174,3.6879,2.1428,2.1543,4.9812,1.4025,2.6585,4.0096,1.1091,3.0858,2.9517,4.6907,2.9863,0.41442,1.255,2.6835,4.332,1.904,1.9582,3.8854,1.2446,2.6362,2.863,0.35706,2.7737,2.949,0.93761,2.8895,4.1306,0.57061,2.521,2.5784,0.69799,1.9318,2.9927,0.5477,2.3953,3.4304,1.5672,2.1753,4.2271,1.2551,2.6853,4.3344,0.63458,1.9483,3.118,1.9789,1.8975,3.8187,1.1935,1.8469,3.6452,2.4668,2.7237,4.9874,1.3768,1.5231,4.1725,1.3907,2.1561,3.1755,0.63717,1.9477,3.1177,0.46009,2.4505,2.5663,1.6131,2.2526,4.1271,2.4639,2.7231,4.9866,0.63578,1.9489,3.1161,1.5648,1.7139,3.3273,0.51884,3.0395,2.4337,0.57153,2.5208,2.5812,2.907,2.7436,5.8869,6.1744,2.8635,2.5398,4.6787,2.9895,0.40041,2.3481,2.4087,3.7553,0.8637,3.0817,3.6459,1.4399,2.2535,3.5645,0.83937,3.0796,3.6215,2.3688,2.2381,3.8111,1.1922,1.8471,3.6443,2.4263,2.3375,4.5589,2.583,2.6264,4.0298,1.2607,2.6842,4.337,1.891,1.9638,3.9053,1.1235,2.7972,3.6491,2.4518,2.4859,5.0939,1.6055,2.6221,3.298,2.1686,2.1868,4.1018,0.78735,1.9025,3.3724,2.3482,2.4099,3.7538,2.3496,2.412,3.7559,2.184,1.8869,4.9009,2.6461,2.2907,4.7931,2.3668,2.2395,3.8112,1.3809,1.586,3.8349,2.4665,2.721,4.9899,1.8905,1.9641,3.9056,0.77944,2.1421,3.9602,1.6014,1.8345,4.2584,2.4657,2.7231,4.989,1.4456,2.3896,3.2606,5.9264,2.8804,2.2052,1.8593,1.8007,3.4752,1.9763,3.0248,4.3003,2.0131,1.9501,4.7522,1.0985,2.5793,4.2704,1.8813,2.1508,4.8606,1.6134,1.8039,3.9667,1.6047,2.0104,3.3936,1.0101,2.7776,3.5599,0.90932,2.8326,3.8075,1.3775,2.3892,3.8436,1.1213,2.7985,3.647,1.8385,1.7982,4.0937,0.91224,2.4613,2.7717,1.91,2.0686,4.3848,0.070387,2.7966,2.8357,1.0866,1.9608,4.2607,0.94648,2.3377,3.0076,1.6325,2.3957,4.5868,0.97945,2.0887,2.8338,0.74413,1.9995,2.7436,1.6128,1.8035,3.9686,0.91314,2.4605,2.7727,1.3809,1.5865,3.8365,2.7717,2.59,4.6372,1.0848,2.1376,3.6269,1.12,2.8003,3.6488,1.9762,1.9874,4.4768,1.0845,1.9622,4.2596,1.8532,1.6511,3.4503,1.6623,2.4802,3.9991,2.1123,2.555,4.9237,2.1557,2.3807,3.7107,1.1838,3.0744,3.416,1.4462,1.4664,4.2327,0.61807,2.9999,3.613,1.6249,1.7524,4.2341,0.745,1.998,2.743,0.68984,2.1943,3.9436,2.6887,2.6027,4.5374,1.9914,2.1284,3.4394,1.382,2.9229,3.5365,1.0818,2.1921,3.6354,2.5312,1.9995,4.4693,1.4911,1.7353,4.4226,1.6101,2.5924,3.5822,2.0629,2.2873,4.0722,2.7114,2.3741,5.0116,0.44396,2.5316,2.9569
101.85,17.491,473.19,6.64,0.016858,1397.3,1.5191,1.8341,4.1696,1.2782,2.2259,4.2243,1.2272,1.9844,4.2336,2.497,2.6606,4.302,0.85694,2.0594,4.2216,1.5197,2.4874,3.893,3.0201,2.8392,5.8345,1.2241,1.9864,4.235,1.7464,1.7117,4.2462,1.2773,2.2265,4.2277,0.85573,2.0619,4.2147,2.8986,2.835,4.5106,5.695,2.7725,1.4499,1.2457,2.8351,3.6306,0.95405,2.1459,3.02,2.4859,2.0548,4.4515,1.4714,1.6732,3.9058,0.65848,2.5738,3.8804,2.0067,1.7634,3.4753,1.0782,2.4432,3.0671,0.26428,2.2874,3.5519,1.784,1.6744,3.3885,2.1243,2.8205,4.4299,1.7861,1.6736,3.3918,1.4755,1.6706,3.9091,0.39448,2.1356,3.1991,2.0392,2.3581,4.3912,1.4746,1.668,3.2005,0.83006,1.88,2.7685,3.017,2.8409,5.827,2.0067,1.7648,3.4773,1.0056,2.717,2.8803,1.8182,2.5879,4.0038,0.63108,1.873,2.7951,1.0731,2.4439,3.0588,1.8973,1.9139,4.4942,1.6808,1.6909,3.895,0.51019,2.2016,3.7452,1.1944,2.4277,3.7839,1.002,2.0642,3.2655,2.5514,2.3015,4.2975,2.0712,2.1534,4.6821,1.4784,1.673,3.9134,1.8954,1.9173,4.494,1.4905,2.1734,3.2665,0.8198,2.0855,3.1814,2.4201,2.3741,4.3199,1.9443,2.6008,4.8863,1.9343,2.5962,4.875,2.5502,2.3014,4.2974,1.2872,2.4893,3.9433,1.6889,2.2326,4.2974,2.057,3.0598,3.9982,0.50699,2.4697,2.4788,1.5415,2.0568,4.6085,2.0751,3.0634,4.0191,0.38707,2.3762,3.4318,1.6614,1.627,4.082,0.70803,2.0255,3.0943,2.2438,2.2422,4.6492,0.63789,2.6147,3.0106,1.0016,2.0681,3.2654,0.12447,2.8907,1.9665,1.9961,1.9871,4.5921,2.5491,2.3031,4.2991,2.6705,2.3355,5.1953,2.1281,2.8136,4.4303,1.079,1.845,3.9489,4.6209,2.9936,0.50582,0.88508,2.1203,3.0504,1.3052,2.0981,4.2686,1.0557,2.0884,3.492,2.3007,2.7512,4.5692,1.7025,1.5969,4.1567,1.1483,2.5559,3.0716,0.75194,2.4285,3.7667,2.057,1.9245,3.7359,1.5986,2.4382,3.4691,1.6594,2.5249,3.609,1.6563,1.6738,4.2502,2.0961,2.8051,4.5721,2.1056,2.805,4.5792,3.3631,2.7812,6.1249,1.7023,1.5962,4.1569,1.7061,2.0042,3.4524,2.1255,2.9368,4.9227,1.1506,2.5562,3.0773,2.6342,2.4461,4.9845,1.0261,2.6053,4.065,1.6003,2.4372,3.469,1.1814,1.8,4.1011,1.6619,1.625,4.0826,1.7045,2.004,3.4506,0.28491,2.9457,3.3328,2.8762,2.2925,4.5693,1.3172,1.9501,4.2062,1.2546,2.6847,3.3306,1.4624,2.4573,3.3437,1.8434,1.9807,3.7228,1.9505,2.3418,3.9953,1.0948,2.2835,3.187,2.5391,2.0475,5.1494,1.2419,2.6865,3.3139,1.4594,2.4607,3.3395,0.29499,2.9466,3.3426,0.67587,1.8103,2.9061,1.6983,2.0246,4.4251,1.4676,1.8595,4.1214,5.5302,2.9005,1.8435,0.81884,2.1215,2.7813,1.024,2.6069,4.0641,2.161,2.5258,3.623,2.6328,2.4426,4.9822,2.8064,2.7039,4.5246,2.159,2.528,4.531,2.3491,2.1035,4.1971,0.76626,1.9933,3.3459,0.33612,2.4725,2.8914,0.60336,2.1415,3.712,2.385,2.5064,4.433,0.75802,2.464,2.8591,1.2549,1.5848,4.2874,1.7016,2.0061,3.4508,0.22053,2.6889,2.0328,3.2274,2.9377,6.2239,0.75216,2.4606,2.8632,1.6605,1.6338,4.0862,1.4953,1.8659,3.182,0.74691,2.4631,2.8549,2.1677,2.3473,4.9515,1.1478,2.5623,3.0734,1.0037,1.9641,3.5033,0.52617,1.9797,3.2568,1.7017,2.0068,3.4492,2.3869,2.0821,4.1983,2.1456,2.1546,4.9821,1.2886,1.7479,3.8032,0.68372,1.9784,2.7555,2.1452,2.1556,4.9842,2.321,2.188,4.4662,1.5675,2.2962,3.9629,4.2115,3.004,0.14243,1.9546,2.3407,3.9971,0.83585,1.964,4.1171,1.179,2.5754,4.2159,3.5308,2.8522,6.094,1.5336,1.6178,3.2875,0.319,2.2984,3.4014,5.1363,2.9864,1.0752,0.56645,2.7823,3.2645,1.2692,2.5075,2.9798,2.1423,2.1493,4.978,1.476,2.0916,4.3527,1.5256,1.6232,3.2889,1.3822,2.9283,3.3647,0.45793,2.4495,2.7279,0.92628,2.4531,3.0039,0.22119,2.6175,3.3389,1.6126,2.2587,4.1273,0.45524,2.4458,2.7192,1.0476,2.173,3.6568,1.3946,1.8064,4.2923,0.32337,2.3007,3.4049,1.5284,1.6167,3.2877,0.45297,2.4501,2.7244,2.9978,2.8696,5.9175,2.004,2.5956,4.0349,1.9736,2.1791,4.5912,2.6254,2.7738,5.2649,1.8917,1.962,3.9017,1.2951,1.8122,3.69,2.1457,2.1532,4.9821,1.4008,2.6542,4.0068,1.1004,3.0851,2.9416,4.6921,2.9821,0.41301,1.2574,2.6861,4.3329,1.9047,1.9552,3.8863,1.2475,2.6373,2.8661,0.37434,2.7723,2.9694,0.93713,2.8911,4.1295,0.57879,2.5225,2.5834,0.69489,1.9382,2.9853,0.54874,2.3975,3.4276,1.5669,2.1758,4.2308,1.2648,2.6889,4.3416,0.6284,1.953,3.1089,1.9807,1.8936,3.8172,1.1941,1.8439,3.6483,2.4506,2.7209,4.9681,1.3759,1.531,4.1697,1.3879,2.1561,3.173,0.63437,1.9518,3.109,0.46463,2.4494,2.5707,1.6145,2.2578,4.1299,2.4503,2.7194,4.9716,0.63193,1.9544,3.1063,1.566,1.7129,3.3284,0.51759,3.0406,2.429,0.57666,2.5218,2.5848,2.9171,2.7434,5.8992,6.184,2.8658,2.5522,4.6751,2.9865,0.39368,2.3427,2.4049,3.7474,0.90239,3.0796,3.6889,1.4338,2.2607,3.5581,0.86053,3.078,3.6475,2.368,2.2374,3.8077,1.1923,1.8421,3.6473,2.426,2.339,4.5621,2.582,2.6302,4.0347,1.2651,2.6831,4.3406,1.8927,1.9565,3.9009,1.1314,2.7906,3.6571,2.442,2.4832,5.0815,1.6046,2.6184,3.3041,2.1681,2.1884,4.1038,0.78685,1.9035,3.3708,2.3445,2.4091,3.7491,2.345,2.4113,3.7494,2.1871,1.894,4.9066,2.6418,2.2891,4.792,2.3654,2.2397,3.8086,1.3801,1.5858,3.8373,2.4514,2.7189,4.9729,1.8923,1.9576,3.9016,0.77774,2.1412,3.9668,1.6009,1.8295,4.2574,2.4526,2.7195,4.975,1.4467,2.388,3.2621,5.9299,2.8818,2.2104,1.8573,1.7989,3.4778,1.971,3.0189,4.2931,2.016,1.9512,4.7575,1.1028,2.5795,4.2738,1.8861,2.151,4.8626,1.613,1.7974,3.9662,1.6051,2.0097,3.3897,1.0198,2.7707,3.5702,0.91723,2.8286,3.8157,1.3831,2.3942,3.8462,1.1256,2.7921,3.6507,1.8368,1.7896,4.0917,0.91369,2.4606,2.7749,1.9112,2.0702,4.3866,0.082244,2.7948,2.8485,1.0843,1.9592,4.2609,0.95089,2.335,3.0138,1.635,2.3958,4.5872,0.97876,2.0858,2.8357,0.74267,1.9993,2.7411,1.6121,1.7968,3.9681,0.91611,2.4594,2.7778,1.3788,1.5858,3.8371,2.767,2.5888,4.6325,1.0856,2.1389,3.6253,1.1244,2.7949,3.6528,1.9763,1.9873,4.4782,1.0808,1.9621,4.2579,1.8534,1.6532,3.451,1.6622,2.4834,3.9994,2.115,2.5539,4.923,2.1534,2.3818,3.7083,1.1893,3.0719,3.4206,1.447,1.4685,4.2309,0.62119,2.9991,3.6176,1.6236,1.7477,4.2321,0.74401,1.9986,2.7417,0.6909,2.1942,3.9446,2.6867,2.6028,4.5368,1.995,2.1267,3.4392,1.3841,2.9168,3.5364,1.0822,2.196,3.6323,2.5329,2.0017,4.4726,1.4903,1.7345,4.4222,1.6072,2.5902,3.5829,2.0623,2.2908,4.0749,2.705,2.3712,5.005,0.44848,2.5306,2.9626
101.85,17.491,473.19,6.64,0.025287,1483.8,1.5153,1.8326,4.1656,1.278,2.2273,4.2263,1.2229,1.9825,4.2341,2.494,2.6586,4.3006,0.85698,2.0566,4.2268,1.5191,2.4926,3.8929,3.0316,2.8395,5.8498,1.219,1.9848,4.2356,1.7451,1.706,4.2447,1.2789,2.2269,4.2328,0.85364,2.0621,4.2142,2.9056,2.8346,4.5144,5.6807,2.768,1.4336,1.2536,2.8254,3.6383,0.95007,2.146,3.018,2.4881,2.0594,4.4585,1.4707,1.6701,3.907,0.65714,2.5783,3.8751,2.0082,1.7641,3.478,1.0833,2.4385,3.0799,0.25682,2.2892,3.5412,1.7824,1.6754,3.3899,2.1048,2.8149,4.4095,1.7857,1.6771,3.3936,1.4737,1.6662,3.9124,0.39329,2.1388,3.1936,2.0445,2.3633,4.3978,1.4745,1.6712,3.2012,0.82798,1.8864,2.7634,3.0246,2.8408,5.837,2.0084,1.7686,3.4804,1.006,2.7183,2.8824,1.8191,2.5869,4.007,0.6324,1.8776,2.7934,1.0735,2.4416,3.0648,1.898,1.9142,4.4965,1.6823,1.6862,3.8945,0.51058,2.2014,3.7465,1.1938,2.4387,3.7802,0.99681,2.0707,3.2583,2.5589,2.3065,4.3077,2.0759,2.1601,4.6892,1.4789,1.6709,3.9163,1.8945,1.9179,4.4958,1.491,2.1779,3.2653,0.81637,2.0921,3.174,2.4214,2.3773,4.3254,1.9411,2.599,4.8786,1.9277,2.5974,4.8652,2.5553,2.3064,4.3068,1.287,2.4928,3.9392,1.6921,2.2345,4.302,2.0468,3.0558,3.9856,0.51421,2.4694,2.4852,1.5398,2.0587,4.6114,2.0683,3.0599,4.0102,0.38146,2.3789,3.4244,1.6613,1.6229,4.0814,0.70675,2.0299,3.0898,2.2446,2.2445,4.6523,0.65023,2.6095,3.0246,0.99695,2.0747,3.2585,0.1174,2.891,1.9573,1.9977,1.9894,4.5971,2.5535,2.3088,4.3077,2.662,2.3319,5.1879,2.1092,2.8031,4.4106,1.079,1.8392,3.9534,4.6252,2.9869,0.50865,0.88252,2.1226,3.0462,1.3053,2.0966,4.2737,1.0552,2.09,3.4902,2.2854,2.7463,4.5516,1.7039,1.5935,4.1549,1.1547,2.5536,3.0775,0.75494,2.4316,3.7646,2.0595,1.9198,3.7311,1.5954,2.44,3.4676,1.6545,2.5292,3.6082,1.6531,1.6673,4.2506,2.0794,2.7982,4.5544,2.0937,2.7976,4.5666,3.3722,2.78,6.134,1.7042,1.5923,4.1551,1.7102,2.0032,3.4518,2.1167,2.9356,4.9152,1.1574,2.5543,3.0864,2.6307,2.4457,4.9804,1.0307,2.6069,4.0657,1.5975,2.4379,3.468,1.1775,1.8044,4.0983,1.6626,1.619,4.081,1.7073,2.0029,3.4488,0.28024,2.944,3.3296,2.8815,2.2927,4.577,1.3167,1.9495,4.2074,1.2625,2.6799,3.343,1.4598,2.4564,3.3439,1.8456,1.9759,3.7186,1.9492,2.3498,3.9974,1.0914,2.2842,3.1847,2.5388,2.0441,5.1488,1.2428,2.6829,3.3178,1.4542,2.462,3.337,0.2995,2.9456,3.3471,0.6741,1.8139,2.8983,1.6958,2.0211,4.4308,1.4673,1.8543,4.124,5.5196,2.8992,1.8338,0.81858,2.1199,2.7841,1.0265,2.6096,4.0636,2.1677,2.5267,3.6235,2.626,2.4406,4.9736,2.8119,2.702,4.5292,2.1546,2.5253,4.5262,2.3493,2.1046,4.2,0.76666,1.9978,3.3424,0.34644,2.4703,2.9014,0.60293,2.1421,3.7113,2.385,2.5007,4.4363,0.7681,2.4623,2.8679,1.2542,1.5863,4.2875,1.7012,2.0073,3.4496,6.1692,2.6885,2.0196,3.2417,2.9368,6.2143,0.76206,2.4554,2.8773,1.6607,1.6342,4.0847,1.4965,1.8681,3.1815,0.75165,2.4607,2.8623,2.1671,2.3467,4.9463,1.153,2.5624,3.0795,1.0053,1.9642,3.5034,0.52134,1.9804,3.2578,1.703,2.0073,3.4468,2.3875,2.0844,4.2002,2.1501,2.1544,4.9848,1.2875,1.742,3.8063,0.68462,1.9792,2.7561,2.15,2.1571,4.9886,2.3235,2.1912,4.4723,1.5681,2.3058,3.9634,4.2305,2.9981,0.15928,1.9541,2.3456,3.9985,0.83435,1.9634,4.1178,1.186,2.579,4.2195,3.5467,2.8496,6.1099,1.5347,1.6188,3.2884,0.31394,2.2992,3.3938,5.1365,2.9816,1.0747,0.5752,2.7802,3.2749,1.2751,2.5088,2.9845,2.1431,2.1455,4.9737,1.4777,2.089,4.3561,1.5258,1.6245,3.2905,1.3853,2.9275,3.3658,0.46586,2.4481,2.7382,0.92403,2.4525,3.0058,0.22175,2.617,3.3381,1.6145,2.2631,4.1302,0.46536,2.444,2.7277,1.0462,2.178,3.6534,1.3946,1.8044,4.2919,0.32206,2.3024,3.4014,1.5281,1.6163,3.2883,0.46036,2.4486,2.7344,3.0166,2.8692,5.9382,1.9991,2.5919,4.0332,1.9777,2.1812,4.5954,2.6136,2.7732,5.2527,1.8935,1.9584,3.8987,1.296,1.8065,3.6919,2.1489,2.1517,4.9824,1.3991,2.65,4.0033,1.0948,3.0841,2.9346,4.6959,2.978,0.41458,1.2613,2.6885,4.3356,1.9054,1.9526,3.8869,1.2516,2.6382,2.8708,0.39283,2.7705,2.991,0.93978,2.8927,4.1317,0.5879,2.5236,2.5901,0.6923,1.9449,2.9781,0.54967,2.3994,3.4248,1.567,2.1764,4.2353,1.2773,2.6923,4.3512,0.6221,1.9574,3.1001,1.9825,1.8898,3.8158,1.1943,1.8408,3.6513,2.434,2.7175,4.9471,1.3753,1.5388,4.1665,1.3853,2.1562,3.1707,0.63203,1.9563,3.1007,0.46902,2.448,2.5756,1.6163,2.2636,4.1334,2.4363,2.7154,4.9562,0.62816,1.9598,3.0963,1.5674,1.7121,3.3296,0.5168,3.0419,2.4251,0.58224,2.5233,2.5888,2.9268,2.7437,5.9108,6.1944,2.868,2.5653,4.6738,2.9833,0.38978,2.3365,2.4008,3.738,0.93696,3.0775,3.7273,1.4264,2.2692,3.551,0.87872,3.0764,3.6696,2.3661,2.2369,3.8031,1.1921,1.837,3.6499,2.4256,2.3403,4.5645,2.5792,2.6346,4.0382,1.27,2.6821,4.3441,1.8938,1.9493,3.8961,1.1386,2.7839,3.6643,2.4321,2.4804,5.0681,1.6038,2.6145,3.3112,2.1674,2.1908,4.1051,0.78639,1.905,3.3687,2.3396,2.4086,3.7433,2.3393,2.41,3.7412,2.1911,1.9012,4.9129,2.6379,2.2877,4.7912,2.3634,2.2398,3.8052,1.3798,1.5868,3.8394,2.4363,2.7163,4.9555,1.8936,1.9513,3.8972,0.77662,2.14,3.9739,1.6004,1.8245,4.2565,2.4396,2.7161,4.9605,1.4472,2.3867,3.2631,5.9337,2.8834,2.216,1.8554,1.7974,3.4813,1.9655,3.0127,4.2855,2.02,1.9523,4.7641,1.1084,2.5798,4.2792,1.8916,2.1511,4.8647,1.6125,1.7906,3.9657,1.6054,2.0099,3.3849,1.0284,2.7635,3.5782,0.92471,2.8246,3.8225,1.3891,2.4001,3.8492,1.1291,2.7857,3.6531,1.8349,1.7808,4.0901,0.91548,2.46,2.7788,1.9131,2.0722,4.3894,0.094508,2.7929,2.8613,1.082,1.9576,4.2614,0.95497,2.3317,3.021,1.6379,2.3958,4.5878,0.97807,2.0823,2.8387,0.74118,1.9983,2.7394,1.6113,1.7896,3.9678,0.91918,2.4581,2.7838,1.3768,1.5855,3.8376,2.7626,2.5876,4.6281,1.086,2.1407,3.6238,1.1279,2.7897,3.6556,1.9762,1.9868,4.4796,1.0772,1.9617,4.2567,1.8539,1.6548,3.4517,1.6625,2.487,3.9997,2.117,2.5523,4.921,2.1502,2.3829,3.7049,1.1958,3.0695,3.426,1.4479,1.4702,4.229,0.62411,2.9983,3.622,1.6222,1.7428,4.2301,0.74307,1.9987,2.7407,0.69247,2.1942,3.946,2.6849,2.6025,4.5363,1.9981,2.1248,3.4378,1.3869,2.9103,3.5372,1.0822,2.2002,3.6292,2.5347,2.004,4.4761,1.4892,1.7336,4.4219,1.6035,2.5882,3.5833,2.0617,2.2954,4.077,2.6988,2.3681,4.9984,0.45285,2.5299,2.9679
101.85,17.491,473.19,6.64,0.033716,1533.5,1.5115,1.8313,4.1616,1.2778,2.2286,4.2281,1.2187,1.9807,4.2347,2.4908,2.6563,4.2991,0.85712,2.0538,4.2321,1.5186,2.4979,3.8928,3.043,2.8398,5.8649,1.2138,1.9833,4.2364,1.7439,1.7002,4.2432,1.2808,2.2273,4.2382,0.85171,2.0623,4.2139,2.9126,2.8343,4.5182,5.6669,2.7631,1.4181,1.261,2.8158,3.6456,0.94622,2.1459,3.0166,2.4905,2.0643,4.4656,1.4699,1.6673,3.9083,0.65589,2.5828,3.8697,2.0099,1.7647,3.4808,1.088,2.4337,3.0925,0.2493,2.2908,3.5305,1.7809,1.6763,3.3913,2.086,2.8093,4.3894,1.7855,1.6805,3.3954,1.4716,1.6618,3.9159,0.39232,2.1419,3.1883,2.05,2.3686,4.4046,1.4743,1.6743,3.202,0.82608,1.8924,2.7586,3.0319,2.8407,5.8466,2.0103,1.7722,3.4835,1.0069,2.7196,2.8849,1.8201,2.5863,4.0104,0.63405,1.8819,2.7921,1.0731,2.4392,3.0702,1.8991,1.9146,4.4992,1.6838,1.6815,3.8941,0.51102,2.2011,3.7481,1.1925,2.4502,3.7762,0.99108,2.0772,3.251,2.5668,2.3116,4.3183,2.0809,2.1668,4.6966,1.4796,1.6693,3.9192,1.8938,1.9184,4.4977,1.492,2.1823,3.2643,0.81253,2.0985,3.1664,2.4227,2.3807,4.3308,1.9383,2.5974,4.8711,1.921,2.5986,4.855,2.5605,2.3116,4.3163,1.2868,2.4966,3.935,1.6953,2.2362,4.3069,2.0351,3.0515,3.9719,0.52174,2.4692,2.4919,1.538,2.0608,4.6142,2.0614,3.056,4.0014,0.37582,2.3816,3.4167,1.6611,1.6188,4.0807,0.70552,2.0341,3.0855,2.2456,2.2467,4.655,0.66167,2.6043,3.0381,0.99201,2.0813,3.2515,0.11101,2.8913,1.9489,1.9995,1.9918,4.6023,2.558,2.3145,4.3165,2.6534,2.3281,5.18,2.0914,2.7923,4.3921,1.0792,1.8331,3.9579,4.6285,2.9799,0.51049,0.87997,2.1242,3.0426,1.3057,2.0953,4.279,1.0543,2.0915,3.4884,2.2705,2.7413,4.5346,1.7053,1.5903,4.1531,1.161,2.5511,3.0829,0.75801,2.4346,3.7628,2.0616,1.9151,3.7261,1.5917,2.4418,3.4653,1.6493,2.5333,3.607,1.65,1.6608,4.2508,2.0638,2.7912,4.5376,2.0823,2.7899,4.5544,3.3807,2.7786,6.1421,1.7062,1.5883,4.1531,1.7142,2.0023,3.4514,2.1077,2.9343,4.9072,1.1638,2.5523,3.095,2.6275,2.4454,4.9766,1.0355,2.6082,4.0665,1.5942,2.4387,3.4665,1.1734,1.8085,4.0954,1.6634,1.6131,4.0795,1.7101,2.0018,3.4468,0.27597,2.9424,3.3268,2.8866,2.293,4.5847,1.3161,1.949,4.2084,1.2696,2.6752,3.3548,1.4568,2.4556,3.3438,1.8477,1.9711,3.7141,1.948,2.358,3.9995,1.0878,2.285,3.1824,2.5388,2.0404,5.1482,1.2441,2.6792,3.3223,1.4488,2.4632,3.3342,0.30355,2.9445,3.351,0.6722,1.8174,2.8906,1.6934,2.0175,4.4366,1.467,1.8491,4.1264,5.5092,2.8979,1.8241,0.81844,2.1183,2.7871,1.0294,2.6122,4.0634,2.1743,2.5273,3.6237,2.6194,2.4384,4.9652,2.8174,2.6999,4.5337,2.1507,2.5227,4.5216,2.3494,2.1059,4.2028,0.76713,2.0022,3.3388,0.35651,2.4678,2.9114,0.60249,2.1426,3.7108,2.385,2.4946,4.4394,0.7776,2.4606,2.8766,1.2534,1.5874,4.2875,1.7002,2.0087,3.4483,0.19971,2.688,2.0062,3.2555,2.9359,0.34574,0.77169,2.4502,2.8915,1.6608,1.6345,4.0832,1.4976,1.8705,3.1807,0.75584,2.4583,2.8691,2.1665,2.346,4.9411,1.1577,2.5625,3.0853,1.0068,1.9643,3.5035,0.51652,1.9808,3.2592,1.7043,2.0079,3.4442,2.3883,2.0869,4.2023,2.1543,2.1543,4.9871,1.2863,1.736,3.8093,0.68564,1.9799,2.7571,2.1548,2.1586,4.9927,2.3263,2.1945,4.4783,1.5688,2.3156,3.9639,4.2491,2.992,0.17599,1.9537,2.3506,3.9998,0.83301,1.9625,4.1187,1.1934,2.5827,4.2235,3.5626,2.8469,6.1257,1.5357,1.62,3.2893,0.30873,2.2996,3.3863,5.1368,2.9767,1.0748,0.58308,2.7779,3.2843,1.2811,2.5101,2.9893,2.1439,2.1416,4.9693,1.4794,2.0864,4.3597,1.5259,1.6256,3.2921,1.3881,2.9267,3.367,0.47368,2.4465,2.7486,0.92046,2.4522,3.0063,0.22259,2.6165,3.3377,1.6167,2.2673,4.1332,0.47537,2.4422,2.7363,1.0447,2.1834,3.6498,1.3944,1.8024,4.2915,0.32089,2.3041,3.398,1.5278,1.6159,3.2891,0.46762,2.4469,2.7446,3.036,2.8688,5.9594,1.9943,2.5886,4.0312,1.9818,2.1832,4.5993,2.6014,2.7726,5.2397,1.8949,1.9547,3.8956,1.2968,1.8008,3.6936,2.1519,2.15,4.9824,1.3976,2.6462,3.9996,1.0895,3.0832,2.928,4.7005,2.9739,0.41735,1.2658,2.6907,4.3388,1.9063,1.9502,3.8876,1.2559,2.6392,2.8757,0.41129,2.7684,3.0125,0.94393,2.894,4.1353,0.59759,2.5247,2.5974,0.69003,1.9514,2.9714,0.55048,2.4009,3.422,1.567,2.1771,4.2399,1.2904,2.6956,4.3615,0.61583,1.9614,3.0914,1.9841,1.886,3.8144,1.1943,1.8378,3.6542,2.4176,2.7137,4.926,1.3748,1.5462,4.163,1.3829,2.1563,3.1689,0.62984,1.961,3.0928,0.47316,2.4467,2.5805,1.6185,2.2697,4.137,2.4229,2.7112,4.9411,0.62434,1.9651,3.0863,1.5688,1.7113,3.3309,0.51578,3.0432,2.4211,0.58798,2.5248,2.5931,2.936,2.7441,5.922,6.2026,2.8702,2.5783,4.6736,2.9803,0.38724,2.3302,2.3965,3.728,0.96838,3.0752,3.7622,1.4185,2.278,3.5436,0.89474,3.0748,3.6891,2.364,2.2364,3.7982,1.1918,1.8319,3.6524,2.4254,2.3416,4.5666,2.5755,2.6389,4.041,1.2749,2.6811,4.3476,1.8947,1.9422,3.8912,1.1453,2.7772,3.6706,2.4224,2.4776,5.0549,1.6027,2.6106,3.3186,2.1666,2.1933,4.1062,0.78588,1.9066,3.3664,2.3344,2.4081,3.7372,2.3332,2.4086,3.7325,2.1951,1.9081,4.9191,2.6343,2.2864,4.7905,2.3612,2.24,3.8016,1.3796,1.5882,3.8416,2.4216,2.7133,4.9382,1.8947,1.9451,3.893,0.7758,2.1387,3.981,1.6,1.8196,4.2556,2.4271,2.7126,4.9464,1.4475,2.3855,3.2639,5.9381,2.8851,2.2223,1.8537,1.796,3.4849,1.959,3.0065,4.2769,2.0243,1.9535,4.7708,1.1144,2.5801,4.2849,1.8969,2.1512,4.8665,1.6122,1.7837,3.9653,1.6055,2.0105,3.3802,1.0358,2.7565,3.5848,0.93165,2.8207,3.8284,1.3949,2.406,3.8521,1.1323,2.7795,3.6546,1.8329,1.772,4.0886,0.91719,2.4595,2.7825,1.9153,2.0746,4.3923,0.10666,2.7908,2.8736,1.0798,1.956,4.2621,0.95875,2.3284,3.0283,1.6406,2.3959,4.5885,0.97741,2.0787,2.8419,0.73976,1.9969,2.7383,1.6103,1.7821,3.9675,0.92203,2.4569,2.7894,1.3748,1.5852,3.8381,2.7586,2.5863,4.6241,1.0862,2.143,3.6222,1.1311,2.7848,3.6578,1.9761,1.986,4.481,1.0739,1.9611,4.2561,1.8544,1.6562,3.4525,1.6629,2.4907,4.0001,2.119,2.5507,4.9188,2.147,2.384,3.7012,1.2023,3.0671,3.4315,1.4488,1.4715,4.227,0.62702,2.9973,3.6262,1.6211,1.7378,4.228,0.74223,1.9985,2.7399,0.69415,2.1943,3.9474,2.6831,2.602,4.5358,2.0009,2.1228,3.4359,1.3899,2.9039,3.5386,1.082,2.2046,3.6261,2.5364,2.0065,4.4798,1.488,1.7327,4.4217,1.5995,2.5865,3.5835,2.0612,2.3002,4.0789,2.6932,2.3652,4.9923,0.45717,2.5293,2.9731
101.85,17.491,473.19,6.64,0.042145,1564.6,1.5076,1.8301,4.1575,1.2775,2.23,4.2298,1.2144,1.9787,4.2355,2.4873,2.6539,4.2974,0.85724,2.0509,4.2372,1.5179,2.5034,3.8928,3.0545,2.84,5.88,1.2085,1.9819,4.2371,1.7427,1.6944,4.2416,1.2829,2.2277,4.2439,0.84985,2.0625,4.2136,2.9198,2.834,4.5222,5.6538,2.7581,1.4033,1.2681,2.8062,3.6524,0.94241,2.1456,3.0156,2.4931,2.0693,4.4729,1.4691,1.6647,3.9097,0.65472,2.5872,3.8642,2.0116,1.7652,3.4837,1.0923,2.429,3.1046,0.24159,2.2925,3.5196,1.7793,1.6771,3.3928,2.068,2.8035,4.3698,1.7853,1.6838,3.3971,1.4694,1.6573,3.9194,0.39146,2.1452,3.1831,2.0557,2.3739,4.4116,1.474,1.6775,3.2027,0.82429,1.8982,2.754,3.0391,2.8405,5.8561,2.0126,1.7756,3.4866,1.0077,2.721,2.8874,1.8212,2.586,4.0139,0.63583,1.8862,2.7911,1.0723,2.437,3.0754,1.9005,1.915,4.502,1.6852,1.6767,3.8939,0.51153,2.2006,3.75,1.1909,2.4617,3.7722,0.98504,2.0837,3.2438,2.5751,2.3166,4.3294,2.0861,2.1735,4.7041,1.4806,1.668,3.9221,1.8933,1.9191,4.4998,1.4934,2.1866,3.2634,0.80829,2.1049,3.1585,2.4243,2.3842,4.3364,1.9356,2.5959,4.8635,1.9143,2.5997,4.8445,2.5661,2.317,4.3262,1.2866,2.5006,3.9307,1.6987,2.2379,4.3119,2.0227,3.047,3.9576,0.52938,2.4691,2.4987,1.5361,2.063,4.617,2.0546,3.052,3.993,0.37012,2.3842,3.4088,1.6609,1.6148,4.08,0.70422,2.0382,3.0814,2.2466,2.2487,4.6575,0.67254,2.599,3.0513,0.98688,2.0878,3.2444,0.10503,2.8915,1.9411,2.0016,1.9944,4.6075,2.5629,2.3202,4.3257,2.6446,2.3243,5.1719,2.0745,2.7813,4.3748,1.0796,1.8269,3.9626,4.6312,2.9725,0.51167,0.87741,2.1257,3.0392,1.3063,2.0939,4.2843,1.0532,2.0929,3.4867,2.2561,2.7363,4.5178,1.7068,1.5869,4.1512,1.1673,2.5485,3.0881,0.76108,2.4377,3.7611,2.0635,1.9104,3.7209,1.5878,2.4437,3.4625,1.6441,2.5372,3.6057,1.6469,1.6543,4.2509,2.0488,2.7838,4.5214,2.0714,2.782,4.5428,3.3885,2.7772,6.1493,1.7083,1.584,4.1508,1.7181,2.0014,3.4511,2.0988,2.9329,4.8991,1.1699,2.5503,3.103,2.6245,2.445,4.973,1.0403,2.6094,4.0672,1.5907,2.4395,3.4648,1.1693,1.8122,4.0925,1.6641,1.6073,4.078,1.7129,2.0008,3.4448,0.27229,2.9407,3.3245,2.8917,2.2935,4.5924,1.3152,1.9486,4.2094,1.276,2.6706,3.3662,1.4536,2.4548,3.3434,1.8496,1.9663,3.7094,1.9468,2.3664,4.0016,1.0842,2.2857,3.1803,2.5388,2.0368,5.1473,1.2457,2.6756,3.3273,1.4433,2.4644,3.3313,0.30719,2.9435,3.3545,0.6702,1.8207,2.8831,1.6911,2.0139,4.4426,1.4667,1.8438,4.1288,5.4993,2.8967,1.8149,0.81833,2.1166,2.7902,1.0323,2.6148,4.0632,2.1809,2.5278,3.6239,2.6129,2.4363,4.957,2.823,2.6977,4.5384,2.147,2.5203,4.5172,2.3496,2.1073,4.2057,0.76765,2.0068,3.3353,0.36631,2.4652,2.9212,0.60197,2.143,3.7101,2.3848,2.4886,4.4426,0.78677,2.4589,2.8852,1.2526,1.5884,4.2875,1.6991,2.0101,3.4469,6.1371,2.6873,1.9928,3.2688,2.9349,5.3585,0.78105,2.4449,2.9056,1.6608,1.6347,4.0817,1.4986,1.8729,3.18,0.7597,2.4559,2.8757,2.1658,2.3454,4.9358,1.1621,2.5627,3.0907,1.0083,1.9645,3.5035,0.51162,1.9811,3.2608,1.7057,2.0086,3.4415,2.389,2.0893,4.2044,2.1583,2.1542,4.9891,1.2851,1.7302,3.8124,0.68675,1.9804,2.7583,2.1595,2.16,4.9968,2.3294,2.1979,4.4843,1.5694,2.3255,3.9644,4.2667,2.9858,0.19189,1.9534,2.3557,4.0012,0.83166,1.9617,4.1195,1.201,2.5865,4.2278,3.5781,2.844,6.1411,1.5366,1.6212,3.2902,0.3034,2.3001,3.3789,5.137,2.9717,1.0748,0.59019,2.7757,3.2929,1.287,2.5115,2.9941,2.1446,2.1378,4.965,1.4811,2.0837,4.3634,1.5261,1.6266,3.2937,1.3909,2.926,3.3684,0.48148,2.4446,2.7591,0.91619,2.452,3.0059,0.2235,2.6158,3.3374,1.6188,2.2714,4.1363,0.48521,2.4403,2.7449,1.0431,2.1891,3.6462,1.3942,1.8005,4.291,0.31978,2.3058,3.3948,1.5275,1.6154,3.2899,0.47478,2.445,2.7548,3.0557,2.8682,5.9811,1.9897,2.5858,4.0292,1.9859,2.1849,4.6032,2.5886,2.7721,5.2262,1.8961,1.9511,3.8925,1.2973,1.7951,3.6955,2.155,2.1483,4.9823,1.3961,2.6428,3.996,1.0834,3.0824,2.9206,4.7057,2.9698,0.42074,1.2705,2.6928,4.3423,1.907,1.9478,3.8882,1.2603,2.6401,2.8805,0.42959,2.7661,3.0336,0.94898,2.895,4.1398,0.60768,2.5259,2.6052,0.68792,1.9577,2.965,0.55112,2.4022,3.4191,1.567,2.1776,4.2445,1.3038,2.6988,4.3721,0.60958,1.9651,3.0828,1.9856,1.8822,3.813,1.1943,1.8347,3.657,2.4014,2.7096,4.9049,1.3742,1.5534,4.1595,1.3807,2.1563,3.1673,0.62769,1.9656,3.085,0.47708,2.4454,2.5853,1.6208,2.2759,4.1408,2.4099,2.7069,4.9262,0.6204,1.9704,3.0763,1.5703,1.7106,3.3321,0.51413,3.0444,2.4166,0.59378,2.5264,2.5975,2.9452,2.7446,5.9332,6.2198,2.8724,2.5913,4.6738,2.9773,0.3854,2.3239,2.392,3.718,0.99729,3.0729,3.7945,1.4104,2.2869,3.536,0.90909,3.0733,3.7067,2.3619,2.2359,3.7933,1.1914,1.8269,3.6548,2.4254,2.3428,4.5686,2.5715,2.6433,4.0436,1.2797,2.6802,4.3508,1.8955,1.9348,3.8863,1.1516,2.7705,3.6765,2.4132,2.4747,5.0419,1.6017,2.6068,3.326,2.1659,2.1959,4.1072,0.78532,1.9082,3.3642,2.3292,2.4076,3.7312,2.327,2.4071,3.7239,2.1991,1.9149,4.9253,2.631,2.2852,4.79,2.359,2.2402,3.798,1.3793,1.5896,3.8438,2.4073,2.71,4.9213,1.8956,1.9391,3.8887,0.77515,2.1373,3.988,1.5996,1.8149,4.2547,2.415,2.7091,4.9327,1.4477,2.3845,3.2644,5.943,2.8868,2.2289,1.8521,1.7946,3.4885,1.9519,3.0003,4.2676,2.0288,1.9547,4.7776,1.1202,2.5803,4.2907,1.902,2.1512,4.868,1.6119,1.7768,3.9648,1.6056,2.0112,3.3758,1.0424,2.7495,3.5905,0.93821,2.8169,3.8336,1.4005,2.4116,3.8552,1.1352,2.7735,3.6558,1.831,1.7633,4.0871,0.9188,2.459,2.786,1.9177,2.0772,4.3953,0.11856,2.7886,2.8854,1.0779,1.9544,4.263,0.96232,2.3252,3.0354,1.6432,2.3959,4.5891,0.97676,2.0751,2.8452,0.73838,1.9952,2.7376,1.6093,1.7746,3.9672,0.9247,2.4557,2.7947,1.3728,1.5848,3.8386,2.7549,2.5849,4.6205,1.0864,2.1454,3.6205,1.134,2.78,3.6597,1.9761,1.9851,4.4824,1.071,1.9604,4.2558,1.8551,1.6574,3.4533,1.6633,2.4943,4.0004,2.1212,2.5491,4.9168,2.1439,2.385,3.6976,1.2086,3.0647,3.4368,1.4496,1.4726,4.225,0.62984,2.9964,3.6303,1.6201,1.7329,4.2261,0.74147,1.9981,2.7394,0.69581,2.1945,3.9489,2.6811,2.6013,4.5351,2.0034,2.1208,3.4338,1.393,2.8977,3.5402,1.0816,2.2091,3.6229,2.538,2.0089,4.4835,1.4868,1.7318,4.4217,1.5956,2.5849,3.5835,2.0607,2.305,4.0808,2.6881,2.3625,4.9866,0.46144,2.5288,2.9782
101.85,17.491,473.19,6.64,0.050574,1584.5,1.5038,1.8287,4.1535,1.2772,2.2313,4.2314,1.2103,1.9766,4.2364,2.4837,2.6514,4.2957,0.85732,2.0482,4.2422,1.5173,2.5087,3.8927,3.0662,2.84,5.8952,1.2031,1.9804,4.2377,1.7416,1.6886,4.2399,1.2851,2.228,4.2495,0.84807,2.0625,4.2136,2.9271,2.8336,4.5264,5.6411,2.7531,1.389,1.2749,2.7967,3.659,0.93861,2.1452,3.0147,2.4958,2.0746,4.4805,1.4682,1.6621,3.9112,0.65355,2.5916,3.8586,2.0135,1.7657,3.4866,1.0961,2.4244,3.1164,0.23362,2.294,3.5084,1.7777,1.6778,3.3943,2.0508,2.7977,4.3507,1.7852,1.687,3.3989,1.467,1.6529,3.9229,0.39069,2.1484,3.1779,2.0613,2.379,4.4187,1.4736,1.6808,3.2034,0.82257,1.904,2.7497,3.0465,2.8404,5.8656,2.015,1.7789,3.4898,1.0085,2.7225,2.8898,1.8224,2.5859,4.0174,0.63768,1.8904,2.7901,1.0713,2.4348,3.0804,1.9018,1.9153,4.505,1.6866,1.6721,3.8938,0.51213,2.2,3.752,1.1892,2.4731,3.7683,0.9788,2.09,3.2365,2.5838,2.3217,4.3409,2.0914,2.1802,4.7117,1.4816,1.6671,3.925,1.8929,1.9198,4.5019,1.4951,2.1909,3.2626,0.80365,2.1115,3.1503,2.426,2.3879,4.3421,1.9328,2.5945,4.8556,1.9077,2.6008,4.8339,2.5721,2.3225,4.3368,1.2865,2.5047,3.9263,1.7023,2.2396,4.3171,2.0105,3.0421,3.9434,0.53707,2.4691,2.5056,1.534,2.0653,4.6196,2.0481,3.0478,3.9848,0.36435,2.3868,3.4009,1.6607,1.6108,4.0794,0.70283,2.0422,3.0773,2.2474,2.2506,4.6595,0.683,2.5936,3.0642,0.98159,2.0942,3.2372,0.099316,2.8915,1.9336,2.0039,1.9969,4.6128,2.5681,2.3262,4.3352,2.6355,2.3202,5.1635,2.0586,2.7699,4.3584,1.08,1.8204,3.9673,4.6335,2.9648,0.51246,0.87486,2.127,3.0361,1.307,2.0924,4.2896,1.0521,2.0943,3.4849,2.2419,2.731,4.5013,1.7084,1.5835,4.1491,1.1736,2.5459,3.0933,0.76412,2.4406,3.7596,2.0654,1.9057,3.7157,1.5837,2.4456,3.4595,1.6389,2.541,3.6046,1.6437,1.6479,4.251,2.0342,2.7759,4.5054,2.0609,2.7739,4.5315,3.3959,2.7757,6.1559,1.7106,1.5797,4.1485,1.7219,2.0005,3.4508,2.09,2.9315,4.8911,1.1756,2.5483,3.1108,2.6216,2.4446,4.9694,1.0451,2.6103,4.0677,1.5872,2.4402,3.463,1.1651,1.8156,4.0898,1.6649,1.6017,4.0765,1.7156,1.9997,3.4428,0.26913,2.939,3.3225,2.8967,2.2939,4.6,1.3143,1.9482,4.2103,1.282,2.6662,3.3771,1.4504,2.454,3.343,1.8516,1.9613,3.7047,1.9458,2.3748,4.0037,1.0808,2.2862,3.1783,2.5389,2.0332,5.1464,1.2474,2.672,3.3325,1.4379,2.4654,3.3283,0.31048,2.9424,3.3576,0.66811,1.8239,2.8756,1.6887,2.0102,4.4485,1.4664,1.8385,4.131,5.4897,2.8955,1.806,0.81821,2.1151,2.7932,1.0351,2.6175,4.0629,2.1874,2.5282,3.6239,2.6066,2.4341,4.9491,2.8288,2.6956,4.5431,2.1436,2.5181,4.5129,2.3498,2.1089,4.2086,0.76815,2.0115,3.3318,0.37589,2.4627,2.9309,0.60135,2.1433,3.7095,2.3844,2.4828,4.4458,0.79576,2.4572,2.8936,1.2518,1.5892,4.2874,1.6978,2.0116,3.4455,6.1373,2.6866,1.9794,3.2818,2.9338,2.0613,0.79009,2.4395,2.9195,1.6609,1.6348,4.0802,1.4996,1.8753,3.1793,0.76329,2.4535,2.8821,2.1652,2.3449,4.9306,1.1663,2.5628,3.0959,1.0097,1.9647,3.5034,0.50658,1.9814,3.2626,1.7069,2.0094,3.4387,2.3899,2.0918,4.2068,2.1622,2.1541,4.991,1.2838,1.7244,3.8154,0.68792,1.9809,2.7595,2.1642,2.1614,5.0006,2.3326,2.2014,4.4904,1.5701,2.3355,3.965,4.2832,2.9795,0.20688,1.9531,2.3608,4.0026,0.83027,1.9609,4.1201,1.2086,2.5902,4.2321,3.5932,2.8412,6.1561,1.5374,1.6224,3.2911,0.29798,2.3004,3.3713,5.1368,2.9666,1.0746,0.59665,2.7734,3.3006,1.2928,2.5129,2.9987,2.1456,2.134,4.9609,1.4828,2.0808,4.3671,1.5262,1.6274,3.2952,1.3938,2.9253,3.3698,0.48927,2.4428,2.7696,0.9116,2.452,3.0052,0.22438,2.6152,3.337,1.621,2.2753,4.1392,0.49486,2.4385,2.7534,1.0413,2.195,3.6423,1.394,1.7988,4.2904,0.3187,2.3075,3.3916,1.5272,1.6147,3.2907,0.48186,2.4432,2.765,3.0756,2.8675,6.003,1.9852,2.5833,4.0272,1.9899,2.1864,4.6069,2.5755,2.7715,5.2121,1.8972,1.9473,3.8893,1.2977,1.7895,3.6974,2.1579,2.1465,4.9822,1.3948,2.6396,3.9926,1.0764,3.0817,2.9125,4.7111,2.9655,0.42446,1.2754,2.6947,4.346,1.9078,1.9455,3.8889,1.2646,2.641,2.8854,0.44761,2.7637,3.0544,0.95459,2.8957,4.145,0.61804,2.5271,2.6131,0.68592,1.9638,2.9588,0.55161,2.4034,3.4162,1.5669,2.1778,4.2491,1.3172,2.702,4.3828,0.60336,1.9686,3.0743,1.987,1.8784,3.8117,1.1942,1.8318,3.6597,2.3856,2.7053,4.8842,1.3735,1.5603,4.1559,1.3785,2.1562,3.1658,0.62555,1.9702,3.0774,0.48083,2.4441,2.5899,1.6232,2.2821,4.1447,2.3971,2.7024,4.9115,0.61634,1.9756,3.0664,1.5718,1.71,3.3334,0.51172,3.0456,2.4114,0.59957,2.528,2.6018,2.9545,2.7451,5.9444,6.2393,2.8744,2.6041,4.6744,2.9744,0.384,2.3178,2.3874,3.7079,1.024,3.0705,3.8245,1.402,2.296,3.5284,0.92214,3.0718,3.7229,2.3597,2.2353,3.7884,1.191,1.8218,3.6573,2.4256,2.344,4.5704,2.5674,2.6476,4.0461,1.2845,2.6795,4.354,1.8962,1.9273,3.8814,1.1575,2.7638,3.6819,2.4043,2.4717,5.029,1.6007,2.6029,3.3336,2.1654,2.1985,4.1083,0.7847,1.9099,3.3619,2.3239,2.407,3.7251,2.3208,2.4056,3.7153,2.2031,1.9215,4.9315,2.6279,2.2841,4.7895,2.3568,2.2405,3.7945,1.3791,1.5909,3.846,2.3935,2.7066,4.9047,1.8963,1.9331,3.8845,0.77462,2.1358,3.9951,1.5992,1.8103,4.2539,2.4034,2.7056,4.9192,1.4479,2.3835,3.2649,5.9485,2.8886,2.2361,1.8506,1.7933,3.492,1.9444,2.9939,4.258,2.0335,1.9559,4.7844,1.1258,2.5806,4.2963,1.9069,2.1511,4.8691,1.6117,1.77,3.9643,1.6057,2.0121,3.3716,1.0486,2.7428,3.5957,0.94448,2.8133,3.8383,1.4061,2.4171,3.8583,1.1378,2.7676,3.6567,1.8291,1.7547,4.0857,0.92031,2.4586,2.7892,1.9202,2.0798,4.3983,0.13019,2.7863,2.8968,1.0761,1.9528,4.264,0.96568,2.322,3.0422,1.6457,2.3958,4.5898,0.97611,2.0715,2.8484,0.73702,1.9934,2.737,1.6083,1.7672,3.9668,0.92724,2.4547,2.7998,1.3708,1.5844,3.8391,2.7514,2.5836,4.6172,1.0865,2.1478,3.6187,1.1368,2.7755,3.6616,1.9761,1.9843,4.4836,1.0682,1.9595,4.2559,1.8558,1.6584,3.4542,1.6636,2.4976,4.0008,2.1235,2.5475,4.9148,2.1409,2.3861,3.6941,1.2146,3.0625,3.4418,1.4505,1.4735,4.223,0.63244,2.9955,3.6342,1.6193,1.728,4.2242,0.74078,1.9976,2.739,0.69743,2.1946,3.9503,2.6791,2.6006,4.5344,2.0058,2.1189,3.4316,1.3961,2.8917,3.542,1.0811,2.2135,3.6196,2.5395,2.0112,4.4872,1.4857,1.7309,4.4216,1.5917,2.5835,3.5837,2.0602,2.3095,4.0828,2.6835,2.3598,4.9812,0.46564,2.5282,2.9832
101.85,17.491,473.19,6.64,0.059003,1598.4,1.4999,1.8272,4.1495,1.277,2.2327,4.2329,1.2062,1.9745,4.2372,2.4801,2.649,4.2941,0.85736,2.0456,4.2471,1.5166,2.5138,3.8926,3.0782,2.8399,5.9106,1.1978,1.9788,4.2382,1.7406,1.6829,4.2381,1.2872,2.2284,4.2553,0.84636,2.0625,4.2137,2.9345,2.8331,4.5307,5.6287,2.7479,1.3751,1.2813,2.7873,3.6651,0.93481,2.1448,3.0138,2.4987,2.08,4.4885,1.4673,1.6597,3.9127,0.65229,2.5959,3.8528,2.0153,1.7662,3.4895,1.0992,2.42,3.1274,0.22531,2.2955,3.4967,1.7761,1.6784,3.3958,2.0343,2.7919,4.3323,1.7851,1.6901,3.4008,1.4647,1.6485,3.9264,0.39003,2.1517,3.1729,2.0668,2.384,4.4256,1.4731,1.6841,3.2041,0.82095,1.9095,2.7457,3.0539,2.8402,5.8753,2.0177,1.7821,3.4931,1.009,2.7241,2.8921,1.8238,2.5859,4.0212,0.63958,1.8945,2.7893,1.07,2.4327,3.0851,1.9032,1.9157,4.508,1.688,1.6677,3.8938,0.51283,2.1994,3.7542,1.1876,2.4841,3.7647,0.97248,2.0962,3.2292,2.5929,2.3267,4.3527,2.0967,2.1867,4.7193,1.4827,1.6664,3.9279,1.8927,1.9207,4.5042,1.497,2.1952,3.2619,0.79871,2.118,3.142,2.4279,2.3916,4.348,1.93,2.5932,4.8475,1.9012,2.6018,4.8232,2.5787,2.328,4.3479,1.2863,2.5087,3.9219,1.7061,2.2412,4.3223,1.9984,3.0372,3.9295,0.54487,2.4691,2.5125,1.5317,2.0678,4.6221,2.0418,3.0434,3.9769,0.35854,2.3892,3.3931,1.6605,1.6069,4.0787,0.7014,2.0459,3.0734,2.2481,2.2523,4.6612,0.69301,2.5881,3.077,0.97621,2.1004,3.23,0.093883,2.8915,1.9265,2.0066,1.9995,4.6183,2.5737,2.3323,4.3454,2.6261,2.3161,5.1549,2.0437,2.7583,4.3431,1.0804,1.8138,3.9721,4.6355,2.957,0.5131,0.87233,2.1281,3.0331,1.3078,2.0909,4.2949,1.0509,2.0958,3.4831,2.2281,2.7257,4.4853,1.7102,1.58,4.1471,1.1798,2.5434,3.0983,0.76714,2.4434,3.7581,2.0673,1.9009,3.7106,1.5795,2.4475,3.4564,1.6339,2.5445,3.6039,1.6406,1.6415,4.251,2.0202,2.7678,4.4899,2.0506,2.7656,4.5206,3.4029,2.7742,6.162,1.7129,1.5753,4.146,1.7258,1.9995,3.4507,2.0814,2.93,4.8833,1.1811,2.5464,3.1182,2.619,2.4442,4.9658,1.0498,2.6112,4.0681,1.5836,2.441,3.4611,1.161,1.8186,4.0873,1.6657,1.5962,4.075,1.7184,1.9987,3.4409,0.26627,2.9373,3.3206,2.9016,2.2943,4.6074,1.3133,1.9478,4.2112,1.2875,2.6618,3.3876,1.4473,2.4533,3.3426,1.8536,1.9563,3.6998,1.9448,2.3831,4.006,1.0774,2.2867,3.1763,2.5392,2.0298,5.1457,1.2492,2.6685,3.3379,1.4325,2.4664,3.3254,0.3135,2.9413,3.3605,0.66593,1.827,2.8682,1.6862,2.0065,4.4544,1.466,1.8331,4.1333,5.4804,2.8942,1.7973,0.81804,2.1137,2.7959,1.0378,2.6201,4.0625,2.1937,2.5286,3.6237,2.6004,2.4319,4.9413,2.8347,2.6935,4.548,2.1405,2.5161,4.5089,2.3502,2.1106,4.2118,0.76857,2.0163,3.3281,0.38532,2.4601,2.9404,0.60067,2.1437,3.7088,2.3839,2.4771,4.4491,0.80463,2.4555,2.902,1.251,1.59,4.2872,1.6964,2.0131,3.4439,6.2255,2.6857,1.9659,3.2945,2.9327,6.0603,0.79869,2.4341,2.9331,1.6609,1.6349,4.0787,1.5006,1.8778,3.1786,0.76661,2.4512,2.8881,2.1646,2.3445,4.9255,1.1703,2.5631,3.1009,1.0111,1.9648,3.5033,0.50136,1.9816,3.2646,1.7081,2.0102,3.4359,2.3907,2.0945,4.2093,2.1661,2.154,4.9929,1.2824,1.7188,3.8183,0.68911,1.9813,2.7606,2.1687,2.1628,5.0043,2.3357,2.2047,4.4964,1.5708,2.3453,3.9655,4.2988,2.9731,0.22102,1.953,2.3658,4.004,0.82882,1.9602,4.1206,1.2163,2.5939,4.2365,3.6077,2.8384,6.1707,1.5383,1.6237,3.292,0.29254,2.3008,3.3638,5.1361,2.9614,1.0741,0.60259,2.7711,3.3078,1.2983,2.5143,3.0033,2.1466,2.1304,4.9569,1.4843,2.0776,4.3707,1.5263,1.6281,3.2967,1.3967,2.9246,3.3712,0.49707,2.4409,2.7803,0.90704,2.4519,3.0046,0.22522,2.6144,3.3366,1.6232,2.2792,4.1422,0.50434,2.4366,2.7618,1.0393,2.2012,3.6382,1.3937,1.7972,4.2897,0.31768,2.3091,3.3886,1.527,1.6141,3.2914,0.48889,2.4413,2.7751,3.0956,2.8667,6.0249,1.9808,2.5809,4.0253,1.9939,2.1879,4.6105,2.5619,2.7708,5.1974,1.8982,1.9434,3.8862,1.2981,1.7839,3.6993,2.1608,2.1446,4.982,1.3937,2.6366,3.9892,1.0687,3.0812,2.9038,4.7165,2.9612,0.42837,1.2803,2.6966,4.3498,1.9086,1.9432,3.8896,1.2689,2.6419,2.8902,0.46522,2.7613,3.0748,0.9606,2.8963,4.1506,0.62859,2.5285,2.6213,0.68404,1.9697,2.953,0.55204,2.4045,3.4134,1.5668,2.1778,4.2537,1.3306,2.7049,4.3935,0.59717,1.972,3.0658,1.9884,1.8748,3.8105,1.1941,1.8288,3.6624,2.3702,2.7009,4.8639,1.3727,1.567,4.1521,1.3764,2.1561,3.1644,0.62343,1.9747,3.0699,0.48445,2.4428,2.5945,1.6259,2.2885,4.1487,2.3847,2.6979,4.8971,0.61214,1.9807,3.0564,1.5732,1.7095,3.3347,0.50869,3.0467,2.4056,0.60528,2.5298,2.606,2.964,2.7455,5.9558,6.2265,2.8763,2.6169,4.6753,2.9715,0.38298,2.3118,2.3826,3.6978,1.049,3.0679,3.8526,1.3934,2.305,3.5206,0.93453,3.0704,3.7384,2.3574,2.2348,3.7835,1.1906,1.8167,3.6598,2.4258,2.3452,4.5721,2.5632,2.6518,4.0485,1.2894,2.6788,4.357,1.8968,1.9197,3.8765,1.163,2.7573,3.687,2.3957,2.4687,5.0162,1.5998,2.5991,3.3412,2.1649,2.2011,4.1096,0.784,1.9117,3.3596,2.3185,2.4065,3.7189,2.3146,2.4041,3.7067,2.2071,1.9279,4.9375,2.625,2.283,4.789,2.3548,2.2409,3.791,1.3789,1.5921,3.8481,2.38,2.7032,4.8884,1.8972,1.9271,3.8804,0.77419,2.1343,4.002,1.5988,1.8057,4.253,2.392,2.7022,4.9059,1.448,2.3826,3.2652,5.9543,2.8905,2.2437,1.8491,1.792,3.4955,1.9368,2.9875,4.2483,2.0384,1.957,4.7911,1.1312,2.5807,4.3018,1.9115,2.1511,4.8701,1.6116,1.7632,3.9638,1.6058,2.0129,3.3676,1.0542,2.7363,3.6003,0.95044,2.8098,3.8426,1.4115,2.4222,3.8615,1.1403,2.762,3.6574,1.8272,1.7462,4.0843,0.92176,2.4582,2.7922,1.9228,2.0824,4.4014,0.14169,2.7839,2.908,1.0742,1.9513,4.2649,0.96875,2.319,3.0487,1.6482,2.3957,4.5906,0.9754,2.068,2.8514,0.7357,1.9915,2.7365,1.6073,1.76,3.9666,0.92965,2.4537,2.8047,1.3688,1.584,3.8396,2.7482,2.5823,4.6142,1.0865,2.1503,3.6169,1.1394,2.7711,3.6633,1.9761,1.9834,4.4849,1.0656,1.9585,4.256,1.8566,1.6594,3.455,1.6639,2.5007,4.0011,2.1256,2.5459,4.9129,2.1379,2.3871,3.6906,1.2205,3.0604,3.4467,1.4513,1.4743,4.221,0.63471,2.9946,3.6377,1.6187,1.7232,4.2224,0.74014,1.9971,2.7386,0.69901,2.1948,3.9517,2.6771,2.5998,4.5337,2.0081,2.1169,3.4295,1.3991,2.8858,3.5439,1.0805,2.2179,3.6163,2.5411,2.0136,4.4908,1.4846,1.7299,4.4216,1.5881,2.5821,3.5838,2.0597,2.314,4.0847,2.6793,2.3573,4.9761,0.46978,2.5277,2.988
101.85,17.491,473.19,6.64,0.067433,1609.2,1.4961,1.8255,4.1456,1.2768,2.2339,4.2346,1.202,1.9723,4.2378,2.4765,2.6466,4.2925,0.85736,2.0431,4.2517,1.5159,2.5188,3.8925,3.0904,2.8396,5.9262,1.1925,1.977,4.2387,1.7396,1.6773,4.2363,1.2894,2.2286,4.2611,0.84472,2.0625,4.214,2.942,2.8326,4.5351,5.6165,2.7427,1.3615,1.2874,2.7782,3.6709,0.93102,2.1445,3.0129,2.5019,2.0857,4.4967,1.4665,1.6575,3.9143,0.65087,2.6001,3.847,2.0171,1.7667,3.4924,1.1014,2.4158,3.1374,0.21662,2.2969,3.4845,1.7743,1.6789,3.3974,2.0186,2.7862,4.3146,1.785,1.6931,3.4026,1.4625,1.6444,3.9298,0.38949,2.1548,3.1681,2.0723,2.3886,4.4323,1.4726,1.6873,3.2048,0.81947,1.9145,2.7422,3.0615,2.8399,5.8851,2.0205,1.7853,3.4963,1.0094,2.7257,2.8943,1.8251,2.5862,4.025,0.64153,1.8986,2.7886,1.0685,2.4305,3.0896,1.9046,1.9159,4.5111,1.6893,1.6636,3.8939,0.51363,2.1986,3.7565,1.1863,2.4943,3.7617,0.96617,2.1023,3.2222,2.6024,2.3317,4.3649,2.102,2.1931,4.7269,1.4841,1.6659,3.9309,1.8926,1.9216,4.5065,1.499,2.1994,3.2612,0.79352,2.1245,3.1335,2.4298,2.3952,4.3538,1.9273,2.592,4.8392,1.8948,2.6028,4.8124,2.5857,2.3336,4.3597,1.286,2.5127,3.9175,1.7101,2.2428,4.3275,1.9866,3.0321,3.9159,0.55284,2.4692,2.5196,1.5293,2.0705,4.6243,2.0358,3.0388,3.9693,0.35273,2.3914,3.3853,1.6602,1.6032,4.0779,0.69997,2.0495,3.0697,2.2487,2.2538,4.6627,0.70252,2.5825,3.0895,0.97085,2.1064,3.223,0.088726,2.8914,1.9196,2.0094,2.0023,4.624,2.5798,2.3385,4.3563,2.6166,2.3119,5.1462,2.0297,2.7465,4.3287,1.0808,1.8071,3.9769,4.6374,2.9489,0.51375,0.86983,2.1292,3.0304,1.3085,2.0894,4.3001,1.0496,2.0973,3.4814,2.2148,2.7204,4.4698,1.712,1.5765,4.145,1.1858,2.5409,3.1032,0.77013,2.446,3.7565,2.0692,1.8963,3.7056,1.5752,2.4494,3.4532,1.6291,2.5478,3.6036,1.6373,1.6354,4.2509,2.0066,2.7595,4.4747,2.0407,2.7571,4.51,3.4098,2.7726,6.168,1.7152,1.571,4.1434,1.7297,1.9986,3.4507,2.0732,2.9285,4.8759,1.1862,2.5446,3.1252,2.6165,2.4439,4.9622,1.0543,2.6118,4.0684,1.5799,2.4417,3.4593,1.1568,1.8213,4.0849,1.6665,1.591,4.0735,1.7212,1.9977,3.4391,0.26359,2.9355,3.3189,2.9063,2.2945,4.6146,1.3123,1.9474,4.2121,1.2925,2.6577,3.3977,1.4442,2.4526,3.3423,1.8558,1.9511,3.695,1.944,2.3912,4.0084,1.074,2.2873,3.1743,2.5395,2.0265,5.1451,1.2512,2.6649,3.3437,1.4272,2.4674,3.3226,0.31628,2.9401,3.3632,0.66369,1.83,2.8609,1.6834,2.0029,4.4602,1.4657,1.8278,4.1354,5.4712,2.8929,1.7886,0.81781,2.1124,2.7985,1.0404,2.6228,4.0621,2.1998,2.5288,3.6233,2.5944,2.4297,4.9335,2.8407,2.6913,4.5531,2.1376,2.5142,4.5052,2.3505,2.1124,4.2151,0.76886,2.0213,3.3243,0.39465,2.4575,2.9499,0.59993,2.1439,3.708,2.3833,2.4715,4.4523,0.81342,2.4537,2.9103,1.2502,1.5907,4.2869,1.6948,2.0147,3.4422,6.2071,2.6847,1.9523,3.3069,2.9315,6.1912,0.80677,2.4288,2.9463,1.661,1.6349,4.0773,1.5016,1.8803,3.1778,0.76966,2.449,2.8938,2.1641,2.3441,4.9204,1.1742,2.5633,3.1059,1.0124,1.9649,3.5031,0.49596,1.9819,3.2668,1.7093,2.0109,3.4331,2.3915,2.0973,4.2119,2.1699,2.1538,4.9947,1.2809,1.7132,3.8212,0.69032,1.9817,2.7618,2.1732,2.164,5.0079,2.339,2.2079,4.5024,1.5715,2.3548,3.9659,4.3134,2.9666,0.23441,1.9528,2.371,4.0055,0.82734,1.9595,4.1209,1.2239,2.5976,4.2409,3.6218,2.8357,6.185,1.5392,1.625,3.2929,0.28713,2.301,3.3564,5.1352,2.9563,1.0734,0.6081,2.7689,3.3145,1.3038,2.5156,3.0079,2.1479,2.1269,4.9532,1.4857,2.0743,4.3744,1.5265,1.6288,3.2983,1.3995,2.9239,3.3725,0.50488,2.439,2.791,0.90271,2.4518,3.0042,0.226,2.6137,3.3362,1.6254,2.2831,4.1453,0.51366,2.4348,2.7702,1.0372,2.2076,3.6338,1.3935,1.7956,4.2889,0.31671,2.3108,3.3857,1.5267,1.6133,3.2922,0.4959,2.4395,2.7852,3.1153,2.8659,6.0466,1.9765,2.5787,4.0235,1.9979,2.1893,4.6141,2.5477,2.77,5.1821,1.8991,1.9393,3.883,1.2983,1.7783,3.7011,2.1636,2.1428,4.9818,1.3926,2.6338,3.986,1.0605,3.0808,2.8947,4.722,2.9569,0.43238,1.2854,2.6983,4.3537,1.9094,1.941,3.8904,1.2731,2.6428,2.895,0.48232,2.7588,3.0947,0.96688,2.8966,4.1564,0.63927,2.5299,2.6295,0.68227,1.9754,2.9476,0.55249,2.4055,3.4108,1.5667,2.1775,4.2583,1.3438,2.7075,4.4041,0.59106,1.9753,3.0571,1.9897,1.8712,3.8094,1.1939,1.8258,3.6651,2.3554,2.6965,4.8443,1.3718,1.5735,4.1484,1.3742,2.1559,3.163,0.6213,1.9793,3.0625,0.488,2.4416,2.5991,1.6288,2.295,4.1527,2.3726,2.6932,4.8829,0.60783,1.9858,3.0463,1.5745,1.7089,3.3359,0.5051,3.0479,2.3992,0.61088,2.5315,2.6101,2.9736,2.7457,5.9674,6.2228,2.878,2.6301,4.6765,2.9686,0.3823,2.3059,2.3777,3.6877,1.0724,3.0651,3.8792,1.3848,2.314,3.5129,0.94661,3.069,3.7536,2.3553,2.2342,3.7786,1.1902,1.8115,3.6624,2.426,2.3464,4.5737,2.559,2.6559,4.0509,1.2942,2.6781,4.36,1.8974,1.912,3.8717,1.1682,2.7509,3.6916,2.3875,2.4656,5.0036,1.5989,2.5954,3.3488,2.1644,2.2039,4.1109,0.78321,1.9134,3.3572,2.3131,2.4059,3.7127,2.3085,2.4025,3.698,2.2112,1.9339,4.9433,2.6222,2.2819,4.7886,2.3527,2.2413,3.7876,1.3787,1.5932,3.8503,2.3667,2.6997,4.8724,1.8981,1.9211,3.8763,0.77384,2.1326,4.009,1.5984,1.801,4.2521,2.3809,2.6986,4.8929,1.4482,2.3818,3.2654,5.9605,2.8923,2.2517,1.8477,1.7908,3.4989,1.9292,2.9811,4.2386,2.0434,1.9582,4.7976,1.1366,2.5808,4.3072,1.9161,2.1511,4.8709,1.6114,1.7566,3.9634,1.606,2.0137,3.3638,1.0593,2.7301,3.6043,0.95609,2.8064,3.8466,1.4167,2.4271,3.8647,1.1425,2.7565,3.6579,1.8254,1.7377,4.0829,0.92316,2.4579,2.7951,1.9254,2.0851,4.4045,0.15315,2.7814,2.919,1.0724,1.9498,4.2658,0.97149,2.3162,3.0547,1.6508,2.3956,4.5914,0.97458,2.0648,2.854,0.73442,1.9897,2.7362,1.6063,1.753,3.9664,0.93195,2.4527,2.8095,1.3668,1.5835,3.8401,2.7452,2.581,4.6115,1.0864,2.1528,3.6151,1.142,2.767,3.6649,1.9761,1.9825,4.4861,1.063,1.9575,4.2562,1.8573,1.6603,3.4557,1.6641,2.5037,4.0014,2.1278,2.5444,4.9111,2.135,2.3882,3.6871,1.2262,3.0582,3.4514,1.4521,1.475,4.2189,0.63659,2.9937,3.6408,1.6182,1.7184,4.2207,0.73954,1.9966,2.7384,0.70056,2.1951,3.953,2.6752,2.599,4.533,2.0104,2.1149,3.4275,1.4021,2.88,3.5457,1.0798,2.2224,3.6129,2.5427,2.016,4.4945,1.4834,1.729,4.4216,1.5845,2.5807,3.5841,2.0592,2.3184,4.0867,2.6754,2.3551,4.9714,0.47383,2.5272,2.9926
101.85,17.491,473.19,6.64,0.075862,1616.6,1.4923,1.8238,4.1418,1.2769,2.2351,4.2363,1.1978,1.97,4.2384,2.473,2.6442,4.291,0.85733,2.0409,4.2562,1.5152,2.5235,3.8924,3.1029,2.8392,5.942,1.1872,1.9751,4.2391,1.7387,1.6716,4.2344,1.2914,2.2289,4.2669,0.84312,2.0624,4.2144,2.9494,2.8321,4.5397,5.6046,2.7372,1.3483,1.2931,2.7691,3.6765,0.92721,2.1441,3.0119,2.5052,2.0915,4.5052,1.4657,1.6553,3.9159,0.64937,2.6042,3.8408,2.019,1.7671,3.4951,1.1028,2.4119,3.1466,0.20764,2.2984,3.472,1.7727,1.6792,3.399,2.0037,2.7804,4.2975,1.785,1.6961,3.4045,1.4602,1.6404,3.9331,0.38906,2.1578,3.1634,2.0777,2.393,4.4389,1.4721,1.6905,3.2055,0.81809,1.9193,2.7391,3.0693,2.8398,5.8949,2.0234,1.7884,3.4997,1.0097,2.7273,2.8963,1.8266,2.5866,4.0288,0.64354,1.9025,2.7882,1.0669,2.4284,3.0939,1.9062,1.9163,4.5143,1.6906,1.6596,3.8943,0.51455,2.1977,3.759,1.1852,2.504,3.7592,0.95985,2.1081,3.2152,2.6121,2.3366,4.3773,2.1074,2.1993,4.7344,1.4854,1.6656,3.934,1.8926,1.9227,4.5089,1.5013,2.2036,3.2605,0.78806,2.131,3.1249,2.4317,2.3986,4.3596,1.9246,2.5908,4.8305,1.8887,2.6037,4.8015,2.5933,2.3392,4.372,1.2857,2.5166,3.913,1.7141,2.2444,4.3328,1.9752,3.0269,3.9029,0.56089,2.4693,2.5268,1.5267,2.0732,4.6263,2.03,3.034,3.962,0.34693,2.3936,3.3776,1.6601,1.5996,4.0771,0.69853,2.0529,3.066,2.2491,2.255,4.6639,0.71159,2.5768,3.1018,0.96552,2.1121,3.2161,0.08382,2.8913,1.9131,2.0125,2.0051,4.6298,2.5864,2.3447,4.3677,2.6073,2.3077,5.1372,2.0166,2.7346,4.3154,1.0813,1.8004,3.9816,4.6393,2.9406,0.5145,0.86733,2.1301,3.0277,1.3093,2.0878,4.3052,1.0483,2.0989,3.4795,2.2019,2.7151,4.4547,1.7138,1.573,4.1429,1.1918,2.5383,3.1078,0.7731,2.4486,3.755,2.0712,1.8918,3.7007,1.5708,2.4513,3.45,1.6246,2.5508,3.6037,1.634,1.6294,4.2508,1.9933,2.7509,4.4599,2.0311,2.7485,4.4997,3.4164,2.771,6.1737,1.7176,1.5668,4.1408,1.7336,1.9977,3.4507,2.0654,2.927,4.8686,1.191,2.5428,3.1319,2.6139,2.4435,4.9588,1.0587,2.6124,4.0684,1.5762,2.4424,3.4575,1.1526,1.8236,4.0827,1.6673,1.5861,4.072,1.724,1.9967,3.4375,0.26114,2.9338,3.3174,2.9109,2.2946,4.6216,1.3113,1.947,4.2129,1.2973,2.6537,3.4073,1.4411,2.4521,3.3419,1.8579,1.9458,3.6901,1.9432,2.3992,4.011,1.0706,2.2877,3.1724,2.5398,2.0232,5.1447,1.2533,2.6613,3.3496,1.4221,2.4685,3.3198,0.31876,2.9389,3.3655,0.66139,1.833,2.8536,1.6806,1.9992,4.4659,1.4654,1.8226,4.1375,5.4621,2.8916,1.7802,0.81754,2.1113,2.8011,1.043,2.6255,4.0616,2.2056,2.5289,3.6226,2.5884,2.4274,4.9258,2.8469,2.689,4.5582,2.135,2.5124,4.5017,2.3509,2.1144,4.2186,0.76903,2.0265,3.3201,0.40384,2.4549,2.9594,0.59913,2.1442,3.7072,2.3826,2.4661,4.4554,0.82214,2.452,2.9186,1.2493,1.5914,4.2865,1.6931,2.0163,3.4406,6.1866,2.6835,1.9387,3.3191,2.9303,0.079101,0.81431,2.4235,2.9591,1.6611,1.6349,4.0759,1.5025,1.8827,3.177,0.77248,2.4468,2.8992,2.1636,2.3437,4.9154,1.1779,2.5636,3.1108,1.0137,1.9652,3.503,0.49039,1.982,3.2692,1.7105,2.0116,3.4304,2.3924,2.1001,4.2146,2.1736,2.1536,4.9963,1.2793,1.7078,3.8239,0.69153,1.9821,2.7631,2.1776,2.1652,5.0113,2.3423,2.2111,4.5084,1.5722,2.3642,3.9664,4.3272,2.9601,0.2471,1.9527,2.3761,4.0071,0.82582,1.9589,4.121,1.2316,2.6012,4.2452,3.6355,2.833,6.1988,1.5401,1.6263,3.2938,0.28175,2.3011,3.349,5.134,2.951,1.0725,0.61319,2.7667,3.3208,1.3093,2.517,3.0122,2.1492,2.1235,4.9498,1.4871,2.0708,4.378,1.5266,1.6293,3.2999,1.4023,2.9232,3.3739,0.51269,2.4371,2.8017,0.89853,2.4515,3.0039,0.22671,2.613,3.3357,1.6276,2.287,4.1483,0.52281,2.4332,2.7784,1.0349,2.2143,3.6292,1.3933,1.7941,4.288,0.3158,2.3124,3.3828,1.5263,1.6124,3.293,0.50283,2.4377,2.7952,3.1348,2.8648,6.0681,1.9723,2.5765,4.0217,2.0018,2.1905,4.6176,2.5331,2.7692,5.1661,1.8999,1.9352,3.8799,1.2986,1.7728,3.703,2.1666,2.1409,4.9816,1.3916,2.6312,3.9829,1.0517,3.0804,2.8849,4.7275,2.9523,0.43652,1.2905,2.6999,4.3575,1.9101,1.9388,3.8913,1.2773,2.6437,2.8998,0.49887,2.7563,3.1138,0.97343,2.8968,4.1626,0.65007,2.5314,2.6377,0.68062,1.9808,2.9423,0.55292,2.4063,3.4082,1.5666,2.177,4.2628,1.3569,2.7101,4.4148,0.58505,1.9784,3.0485,1.9909,1.8678,3.8085,1.1937,1.8227,3.6678,2.3413,2.6922,4.8253,1.3709,1.5796,4.1446,1.372,2.1557,3.1618,0.61919,1.9839,3.0553,0.49147,2.4404,2.6036,1.632,2.3015,4.1566,2.3608,2.6885,4.8688,0.60342,1.9908,3.0363,1.5758,1.7084,3.3371,0.50092,3.049,2.3923,0.61635,2.5333,2.6142,2.9834,2.7458,5.9791,0.047143,2.8798,2.6433,4.6779,2.9657,0.38194,2.3003,2.3727,3.6776,1.0942,3.0622,3.9041,1.3761,2.3228,3.5053,0.9582,3.0675,3.7682,2.3531,2.2337,3.7737,1.1897,1.8062,3.6651,2.4263,2.3475,4.5751,2.5546,2.6597,4.0532,1.2988,2.6773,4.3629,1.898,1.9041,3.867,1.1731,2.7445,3.696,2.3796,2.4625,4.9912,1.5981,2.5916,3.3565,2.164,2.2067,4.1124,0.78237,1.9152,3.3548,2.3077,2.4052,3.7065,2.3024,2.4009,3.6894,2.2152,1.9396,4.9489,2.6196,2.2808,4.7882,2.3506,2.2418,3.7842,1.3785,1.5943,3.8526,2.3538,2.6961,4.8567,1.8989,1.915,3.8722,0.77355,2.131,4.016,1.598,1.7964,4.2512,2.3702,2.6951,4.88,1.4483,2.3811,3.2655,5.967,2.8942,2.2599,1.8464,1.7896,3.5022,1.9218,2.9746,4.229,2.0485,1.9593,4.804,1.1416,2.5809,4.3124,1.9204,2.151,4.8717,1.6113,1.7501,3.963,1.6063,2.0146,3.3601,1.0639,2.7241,3.608,0.96144,2.8033,3.85,1.4219,2.4317,3.8679,1.1448,2.7512,3.6583,1.8236,1.7293,4.0817,0.92451,2.4576,2.7977,1.9281,2.0878,4.4076,0.16446,2.7787,2.9297,1.0708,1.9484,4.2667,0.97395,2.3135,3.0603,1.6533,2.3956,4.5922,0.97372,2.0617,2.8565,0.73317,1.9881,2.7358,1.6053,1.7461,3.9661,0.93415,2.4518,2.8141,1.3648,1.5831,3.8406,2.7426,2.5798,4.6092,1.0863,2.1554,3.6132,1.1444,2.7629,3.6665,1.976,1.9817,4.4873,1.0606,1.9564,4.2565,1.858,1.661,3.4565,1.6644,2.5065,4.0017,2.1299,2.5428,4.9092,2.1322,2.3892,3.6837,1.2319,3.0559,3.456,1.4528,1.4756,4.217,0.63807,2.9929,3.6434,1.6177,1.7138,4.2191,0.73897,1.9959,2.7381,0.70209,2.1954,3.9543,2.6733,2.5982,4.5323,2.0127,2.113,3.4256,1.405,2.8743,3.5476,1.079,2.227,3.6095,2.5443,2.0184,4.4983,1.4823,1.7282,4.4217,1.5811,2.5794,3.5845,2.0587,2.3227,4.0888,2.6717,2.3528,4.967,0.4778,2.5268,2.9972
101.85,17.491,473.19,6.64,0.084291,1620.5,1.4885,1.8219,4.1381,1.2769,2.2363,4.2381,1.1936,1.9677,4.2389,2.4693,2.6416,4.2896,0.85725,2.0388,4.2605,1.5145,2.5282,3.8923,3.1154,2.8388,5.958,1.1818,1.9732,4.2395,1.7378,1.6659,4.2324,1.2935,2.229,4.2727,0.84155,2.0624,4.2148,2.9569,2.8315,4.5443,5.5929,2.7316,1.3354,1.2985,2.7602,3.6817,0.92335,2.1438,3.0108,2.5087,2.0975,4.5141,1.4649,1.6534,3.9174,0.64779,2.6082,3.8347,2.021,1.7677,3.498,1.1037,2.4081,3.1553,0.19838,2.2998,3.4591,1.7709,1.6795,3.4005,1.9895,2.7746,4.281,1.785,1.699,3.4063,1.4579,1.6365,3.9363,0.38869,2.1609,3.1589,2.0829,2.3971,4.4453,1.4715,1.6937,3.2063,0.81678,1.9241,2.7362,3.0773,2.8395,5.9051,2.0267,1.7915,3.5033,1.0099,2.729,2.8981,1.8284,2.587,4.0328,0.64558,1.9065,2.7877,1.065,2.4263,3.0981,1.9077,1.9166,4.5175,1.6919,1.6558,3.8947,0.51559,2.1968,3.7617,1.1844,2.5132,3.7571,0.95346,2.1138,3.2083,2.6221,2.3413,4.39,2.1127,2.2056,4.742,1.4869,1.6657,3.9369,1.8929,1.924,4.5114,1.5037,2.2076,3.2598,0.78233,2.1376,3.1159,2.4337,2.4021,4.3655,1.9219,2.5896,4.8217,1.8827,2.6046,4.7905,2.6014,2.3449,4.385,1.2854,2.5206,3.9086,1.7184,2.2459,4.3383,1.9644,3.0215,3.8904,0.56896,2.4695,2.534,1.5238,2.0761,4.6281,2.0245,3.029,3.9551,0.34112,2.3957,3.3699,1.6598,1.5962,4.0764,0.69704,2.0562,3.0624,2.2494,2.2562,4.6647,0.72032,2.571,3.1139,0.96022,2.1176,3.2092,0.079153,2.891,1.9068,2.0158,2.008,4.6358,2.5934,2.3511,4.3798,2.5979,2.3035,5.1279,2.0042,2.7224,4.3028,1.0818,1.7937,3.9863,4.6414,2.9322,0.51563,0.86483,2.131,3.0251,1.3102,2.0863,4.3102,1.0469,2.1004,3.4777,2.1893,2.7096,4.4398,1.7158,1.5695,4.1408,1.1978,2.5357,3.1125,0.77606,2.4511,3.7535,2.0731,1.8872,3.6958,1.5662,2.4531,3.4467,1.6204,2.5536,3.6042,1.6307,1.6235,4.2507,1.9805,2.7421,4.4453,2.0219,2.7397,4.4897,3.423,2.7695,6.1791,1.7201,1.5626,4.1381,1.7374,1.9968,3.4508,2.0577,2.9255,4.8617,1.1956,2.541,3.1383,2.6116,2.4432,4.9554,1.063,2.6129,4.0684,1.5725,2.4433,3.4557,1.1483,1.8258,4.0806,1.6682,1.5813,4.0706,1.7268,1.9956,3.4358,0.25903,2.932,3.3161,2.9155,2.2946,4.6284,1.3102,1.9467,4.2137,1.3019,2.6497,3.4169,1.4382,2.4515,3.3416,1.8601,1.9404,3.6854,1.9426,2.407,4.0137,1.0673,2.288,3.1706,2.5401,2.0201,5.1442,1.2555,2.6578,3.3557,1.4169,2.4694,3.3172,0.32098,2.9377,3.3676,0.65906,1.8359,2.8464,1.6776,1.9955,4.4716,1.465,1.8175,4.1395,5.4533,2.8904,1.7719,0.81724,2.1101,2.8034,1.0453,2.6282,4.061,2.2112,2.5289,3.6217,2.5824,2.4252,4.918,2.8531,2.6868,4.5634,2.1325,2.5107,4.4983,2.3513,2.1165,4.2221,0.76907,2.0318,3.3158,0.41286,2.4523,2.9687,0.59827,2.1444,3.7064,2.3817,2.4609,4.4586,0.83081,2.4502,2.9269,1.2484,1.5922,4.2859,1.6914,2.0178,3.439,6.1768,2.6823,1.9252,3.3308,2.9291,0.03921,0.82131,2.4183,2.9713,1.6611,1.6349,4.0745,1.5034,1.8851,3.1762,0.7751,2.4446,2.9043,2.1631,2.3432,4.9105,1.1816,2.5639,3.1157,1.0149,1.9654,3.5029,0.48469,1.9821,3.2716,1.7116,2.0122,3.4275,2.3932,2.103,4.2174,2.1773,2.1534,4.9979,1.2778,1.7025,3.8267,0.69275,1.9825,2.7643,2.1818,2.1663,5.0145,2.3455,2.2143,4.5144,1.5729,2.3733,3.9667,4.3402,2.9536,0.2591,1.9527,2.3813,4.0087,0.82425,1.9584,4.121,1.2394,2.6047,4.2496,3.6487,2.8303,6.2122,1.541,1.6275,3.2946,0.27642,2.3012,3.3417,5.1325,2.9455,1.0715,0.61789,2.7644,3.3265,1.3145,2.5184,3.0165,2.1507,2.1201,4.9466,1.4884,2.0672,4.3815,1.5267,1.6296,3.3014,1.4051,2.9225,3.3753,0.52045,2.4352,2.8124,0.89446,2.4512,3.0037,0.22733,2.6122,3.3351,1.6299,2.2907,4.1515,0.53174,2.4315,2.7865,1.0325,2.2211,3.6245,1.393,1.7927,4.287,0.31494,2.314,3.3801,1.526,1.6116,3.2938,0.50962,2.436,2.805,3.1539,2.8636,6.0891,1.968,2.5744,4.0199,2.0057,2.1916,4.621,2.5182,2.7683,5.1498,1.9007,1.9309,3.8768,1.2987,1.7673,3.7048,2.1694,2.139,4.9814,1.3907,2.6288,3.9798,1.0422,3.0802,2.8747,4.7329,2.9477,0.44074,1.2955,2.7016,4.3616,1.9109,1.9366,3.8922,1.2814,2.6446,2.9045,0.51479,2.7537,3.1322,0.98022,2.8967,4.1691,0.66088,2.5331,2.646,0.67909,1.9862,2.9375,0.55332,2.4071,3.4056,1.5665,2.1763,4.2672,1.3699,2.7125,4.4253,0.57916,1.9813,3.0401,1.992,1.8644,3.8076,1.1934,1.8198,3.6706,2.3277,2.6879,4.8071,1.3698,1.5856,4.1408,1.3698,2.1554,3.1604,0.61713,1.9885,3.0483,0.49481,2.4392,2.608,1.6353,2.3082,4.1606,2.3493,2.6838,4.8551,0.59897,1.9957,3.0263,1.5771,1.7078,3.3385,0.49604,3.0501,2.3848,0.62163,2.5353,2.6179,2.9933,2.7458,5.9908,5.9973,2.8815,2.6564,4.6795,2.9628,0.38189,2.295,2.3675,3.6677,1.1142,3.0592,3.9271,1.3674,2.3313,3.4978,0.96901,3.0662,3.7821,2.351,2.2332,3.7688,1.1892,1.8008,3.6678,2.4266,2.3486,4.5765,2.5502,2.6634,4.0554,1.3034,2.6767,4.3656,1.8986,1.8962,3.8624,1.1777,2.7383,3.7,2.3721,2.4596,4.9792,1.5973,2.5879,3.3643,2.1637,2.2096,4.114,0.78146,1.9172,3.3524,2.3024,2.4046,3.7002,2.2964,2.3993,3.681,2.2192,1.9451,4.9544,2.617,2.2797,4.7878,2.3486,2.2424,3.781,1.3783,1.5952,3.8549,2.3414,2.6924,4.8415,1.8997,1.9091,3.8682,0.77331,2.1292,4.0229,1.5977,1.7918,4.2503,2.3596,2.6916,4.8675,1.4485,2.3805,3.2657,5.9737,2.896,2.2683,1.8452,1.7884,3.5053,1.9146,2.9682,4.2196,2.0537,1.9604,4.8103,1.1465,2.5809,4.3173,1.9247,2.1509,4.8723,1.6112,1.7438,3.9625,1.6066,2.0155,3.3567,1.0684,2.7183,3.6114,0.96652,2.8002,3.8531,1.427,2.4361,3.8712,1.1468,2.746,3.6585,1.8218,1.7212,4.0805,0.92579,2.4574,2.8003,1.9308,2.0906,4.4108,0.17553,2.776,2.9402,1.0691,1.9469,4.2676,0.97621,2.3109,3.0657,1.6558,2.3956,4.593,0.97284,2.0588,2.8588,0.73198,1.9864,2.7356,1.6044,1.7395,3.9659,0.93624,2.4509,2.8185,1.3628,1.5825,3.8411,2.7401,2.5787,4.607,1.0862,2.1579,3.6112,1.1467,2.7591,3.668,1.976,1.9808,4.4885,1.0583,1.9554,4.2569,1.8588,1.6618,3.4573,1.6646,2.5091,4.0019,2.132,2.5413,4.9074,2.1295,2.3903,3.6805,1.2373,3.0539,3.4606,1.4536,1.4761,4.215,0.63919,2.9921,3.6456,1.6175,1.7092,4.2174,0.73844,1.9953,2.7379,0.70355,2.1957,3.9555,2.6715,2.5974,4.5315,2.0149,2.1111,3.4237,1.4077,2.8686,3.5495,1.0782,2.2315,3.6061,2.5458,2.0207,4.5021,1.4812,1.7274,4.4217,1.5778,2.5782,3.5849,2.0584,2.3267,4.0908,2.6683,2.3508,4.9629,0.48164,2.5265,3.0016
101.85,17.491,473.19,6.64,0.09272,1622.6,1.4847,1.8198,4.1344,1.2771,2.2375,4.24,1.1893,1.9653,4.2393,2.4658,2.6392,4.2882,0.85713,2.0369,4.2646,1.5138,2.5327,3.892,3.1283,2.8381,5.974,1.1764,1.9713,4.2399,1.7371,1.6604,4.2303,1.2956,2.2291,4.2787,0.84004,2.0624,4.2153,2.9644,2.831,4.549,5.5816,2.7261,1.3228,1.3036,2.7517,3.6866,0.91947,2.1434,3.0096,2.5125,2.1036,4.5232,1.464,1.6516,3.919,0.64615,2.6121,3.8284,2.023,1.7681,3.5008,1.1039,2.4046,3.1633,0.18882,2.301,3.4458,1.7692,1.6796,3.4021,1.976,2.7688,4.2653,1.785,1.7016,3.4082,1.4558,1.6328,3.9394,0.3884,2.1639,3.1545,2.0881,2.4011,4.4515,1.471,1.6969,3.207,0.81556,1.9287,2.7336,3.0856,2.8393,5.9155,2.03,1.7945,3.5069,1.0099,2.7307,2.8997,1.8301,2.5875,4.0371,0.64764,1.9104,2.7875,1.063,2.4242,3.1023,1.9092,1.9168,4.5208,1.6931,1.6522,3.8952,0.51678,2.1958,3.7646,1.184,2.5219,3.7556,0.94709,2.1193,3.2015,2.6322,2.346,4.4028,2.1179,2.2117,4.7496,1.4885,1.6659,3.94,1.8933,1.9252,4.514,1.5064,2.2116,3.2591,0.77641,2.1441,3.107,2.4357,2.4055,4.3715,1.9192,2.5886,4.8126,1.8769,2.6055,4.7794,2.6099,2.3505,4.3985,1.2852,2.5246,3.9043,1.7229,2.2475,4.3437,1.9541,3.016,3.8785,0.57701,2.4697,2.5411,1.5206,2.0791,4.6296,2.0192,3.0238,3.9483,0.33532,2.3975,3.3624,1.6595,1.5928,4.0756,0.69556,2.0592,3.0589,2.2496,2.2571,4.6653,0.72861,2.5652,3.1259,0.95499,2.123,3.2024,0.074689,2.8907,1.9009,2.0194,2.0111,4.6418,2.6009,2.3575,4.3923,2.5888,2.2993,5.1186,1.9928,2.7103,4.2912,1.0823,1.7868,3.991,4.6437,2.9237,0.51704,0.86236,2.1318,3.0228,1.3111,2.0846,4.3152,1.0455,2.1019,3.4758,2.1771,2.7042,4.4254,1.7179,1.5659,4.1386,1.2036,2.5331,3.1169,0.779,2.4535,3.7521,2.0751,1.8827,3.6911,1.5616,2.4549,3.4433,1.6164,2.5561,3.6051,1.6273,1.6179,4.2506,1.9681,2.733,4.4312,2.0131,2.7308,4.4801,3.4293,2.7679,6.1845,1.7227,1.5583,4.1352,1.7412,1.9958,3.451,2.0503,2.924,4.8549,1.2001,2.5393,3.1444,2.6092,2.4429,4.952,1.0673,2.6133,4.0683,1.5687,2.444,3.4541,1.1442,1.8276,4.0787,1.6691,1.5767,4.0691,1.7296,1.9945,3.4342,0.2571,2.9304,3.3149,2.9198,2.2945,4.6349,1.309,1.9463,4.2146,1.3062,2.6458,3.426,1.4354,2.451,3.3414,1.8623,1.9349,3.6806,1.942,2.4146,4.0163,1.064,2.2884,3.1689,2.5404,2.0171,5.1439,1.2579,2.6543,3.3621,1.4119,2.4702,3.3146,0.3229,2.9365,3.3693,0.65671,1.8387,2.8393,1.6744,1.9918,4.477,1.4648,1.8123,4.1415,5.4447,2.889,1.7638,0.8169,2.1092,2.8057,1.0476,2.6308,4.0605,2.2166,2.5288,3.6207,2.5765,2.4228,4.9105,2.8593,2.6844,4.5687,2.1302,2.5092,4.4952,2.3518,2.1189,4.2259,0.76893,2.0371,3.3112,0.42169,2.4497,2.9779,0.59737,2.1446,3.7056,2.3807,2.4559,4.4617,0.83939,2.4485,2.935,1.2474,1.5929,4.2853,1.6895,2.0194,3.4374,6.1636,2.6809,1.9117,3.3423,2.9277,0.065856,0.82769,2.4132,2.9829,1.6611,1.6348,4.0732,1.5043,1.8876,3.1755,0.77749,2.4425,2.9092,2.1627,2.3429,4.9056,1.185,2.5641,3.1204,1.0161,1.9656,3.5027,0.47884,1.9822,3.2741,1.7128,2.0129,3.4247,2.3941,2.106,4.2203,2.181,2.1532,4.9995,1.2761,1.6973,3.8293,0.69397,1.9827,2.7655,2.1861,2.1674,5.0176,2.3488,2.2173,4.5203,1.5736,2.382,3.967,4.3525,2.947,0.2705,1.9527,2.3865,4.0104,0.82265,1.9581,4.1208,1.2472,2.6083,4.2539,3.6614,2.8277,6.2252,1.5419,1.6289,3.2956,0.27115,2.3011,3.3346,5.1308,2.94,1.0705,0.62219,2.7623,3.3319,1.3196,2.5198,3.0207,2.1522,2.1169,4.9435,1.4896,2.0634,4.3849,1.5268,1.63,3.3029,1.4078,2.9218,3.3765,0.52814,2.4333,2.8231,0.89052,2.4509,3.0036,0.22785,2.6115,3.3344,1.6321,2.2944,4.1545,0.54047,2.4298,2.7945,1.0299,2.228,3.6194,1.3928,1.7914,4.2859,0.31411,2.3156,3.3775,1.5258,1.6106,3.2946,0.51629,2.4344,2.8148,3.1726,2.8623,6.1099,1.9637,2.5725,4.0182,2.0095,2.1928,4.6244,2.5028,2.7671,5.133,1.9014,1.9265,3.8738,1.2988,1.7621,3.7067,2.1722,2.1371,4.9811,1.39,2.6264,3.977,1.0323,3.08,2.8639,4.7384,2.9431,0.44503,1.3007,2.703,4.3656,1.9116,1.9345,3.8932,1.2853,2.6456,2.9091,0.53005,2.7511,3.1499,0.9872,2.8964,4.1757,0.67173,2.5348,2.6541,0.67767,1.9914,2.9328,0.55373,2.4078,3.4032,1.5664,2.1755,4.2715,1.3827,2.7148,4.4358,0.57339,1.984,3.0317,1.9931,1.8613,3.8069,1.1932,1.8169,3.6734,2.3149,2.6836,4.7897,1.3686,1.5913,4.1369,1.3676,2.1551,3.1593,0.6151,1.993,3.0414,0.49806,2.4381,2.6123,1.6387,2.3148,4.1646,2.3383,2.6791,4.8418,0.5945,2.0004,3.0166,1.5783,1.7072,3.3397,0.49044,3.0513,2.3766,0.62674,2.5374,2.6214,3.0033,2.7457,6.0026,0.62078,2.8829,2.6695,4.6813,2.9599,0.38212,2.2899,2.3623,3.6579,1.1326,3.056,3.9485,1.3589,2.3395,3.4905,0.97927,3.0647,3.7953,2.3489,2.2327,3.764,1.1886,1.7956,3.6704,2.4268,2.3497,4.5777,2.5457,2.6669,4.0575,1.3079,2.6761,4.3682,1.8992,1.8883,3.8579,1.182,2.7322,3.7037,2.365,2.4566,4.9674,1.5965,2.5842,3.3721,2.1634,2.2125,4.1157,0.78049,1.9191,3.3498,2.2972,2.4039,3.6939,2.2905,2.3976,3.6725,2.2231,1.9502,4.9596,2.6144,2.2786,4.7874,2.3466,2.2429,3.7778,1.3781,1.5959,3.8571,2.3293,2.6887,4.8266,1.9006,1.9031,3.8643,0.77312,2.1275,4.0296,1.5972,1.7873,4.2493,2.3495,2.6881,4.8552,1.4486,2.3799,3.2658,5.9807,2.8977,2.277,1.8442,1.7872,3.5084,1.9076,2.9618,4.2106,2.0589,1.9616,4.8165,1.1512,2.5809,4.3222,1.9286,2.1509,4.8729,1.6112,1.7376,3.9621,1.607,2.0164,3.3534,1.0724,2.7127,3.6145,0.97141,2.7972,3.856,1.432,2.4401,3.8746,1.1489,2.7409,3.6588,1.8201,1.7133,4.0793,0.92704,2.4572,2.8027,1.9335,2.0934,4.4138,0.18641,2.7733,2.9506,1.0675,1.9455,4.2683,0.97825,2.3085,3.0707,1.6584,2.3957,4.5939,0.97195,2.056,2.8609,0.73083,1.9848,2.7354,1.6035,1.7331,3.9656,0.93824,2.45,2.8228,1.3608,1.5818,3.8416,2.7378,2.5775,4.6052,1.0861,2.1605,3.6093,1.1491,2.7553,3.6696,1.976,1.9801,4.4896,1.0561,1.9543,4.2571,1.8595,1.6625,3.458,1.6648,2.5116,4.0021,2.1341,2.5399,4.9058,2.1269,2.3914,3.6772,1.2426,3.0518,3.4649,1.4543,1.4768,4.213,0.63997,2.9914,3.6474,1.6172,1.7049,4.2157,0.73793,1.9946,2.7377,0.70497,2.196,3.9567,2.6696,2.5965,4.5308,2.0171,2.1092,3.4219,1.4103,2.8632,3.5515,1.0772,2.2359,3.6026,2.5474,2.0231,4.5057,1.4801,1.7265,4.4218,1.5748,2.577,3.5854,2.058,2.3306,4.0929,2.6651,2.3488,4.9589,0.48538,2.5261,3.0059
101.85,17.491,473.19,6.64,0.10115,1622.9,1.4809,1.8175,4.1309,1.2774,2.2386,4.2419,1.1851,1.9628,4.2397,2.4622,2.6367,4.2869,0.85696,2.0351,4.2685,1.513,2.5371,3.8919,3.1411,2.8372,5.99,1.171,1.9691,4.2403,1.7363,1.6549,4.2282,1.2976,2.2291,4.2846,0.83858,2.0625,4.2159,2.9719,2.8304,4.5538,5.5705,2.7203,1.3106,1.3083,2.7433,3.6912,0.91555,2.143,3.0083,2.5165,2.1099,4.5326,1.4631,1.6499,3.9207,0.64442,2.6158,3.8221,2.0249,1.7686,3.5037,1.1035,2.4013,3.1705,0.17895,2.3023,3.4321,1.7674,1.6797,3.4037,1.9632,2.763,4.2501,1.7851,1.7043,3.41,1.4537,1.6293,3.9425,0.38816,2.1669,3.1502,2.0931,2.4048,4.4576,1.4704,1.7001,3.2077,0.81439,1.9329,2.7312,3.0942,2.8389,5.9262,2.0336,1.7976,3.5107,1.0098,2.7325,2.9013,1.8321,2.5882,4.0413,0.64974,1.9141,2.7874,1.0609,2.4221,3.1062,1.9109,1.9171,4.5242,1.6944,1.6487,3.8958,0.51813,2.1947,3.7678,1.1837,2.5301,3.7545,0.94072,2.1247,3.1947,2.6426,2.3505,4.4156,2.1232,2.2178,4.7573,1.4902,1.6663,3.9431,1.894,1.9267,4.5168,1.5092,2.2155,3.2585,0.77033,2.1505,3.0979,2.4377,2.4088,4.3774,1.9165,2.5875,4.8031,1.8712,2.6064,4.7683,2.6192,2.3561,4.4128,1.2848,2.5284,3.9,1.7276,2.2492,4.3492,1.9443,3.0105,3.8671,0.58506,2.47,2.5483,1.5174,2.0823,4.6309,2.0143,3.0184,3.942,0.32951,2.3993,3.3548,1.6594,1.5896,4.0748,0.69406,2.0622,3.0557,2.2495,2.258,4.6657,0.7365,2.5593,3.1377,0.94987,2.128,3.1959,0.070475,2.8903,1.8952,2.0232,2.0143,4.648,2.6088,2.3638,4.4054,2.5797,2.2953,5.1093,1.9821,2.698,4.2803,1.0827,1.78,3.9957,4.6461,2.915,0.51874,0.85992,2.1326,3.0205,1.3121,2.0831,4.3201,1.044,2.1036,3.4739,2.1653,2.6987,4.4115,1.7201,1.5623,4.1363,1.2093,2.5306,3.1213,0.78195,2.4558,3.7507,2.0771,1.8783,3.6865,1.5569,2.4567,3.44,1.6127,2.5583,3.6063,1.6239,1.6125,4.2505,1.9561,2.7236,4.4173,2.0046,2.7216,4.4708,3.4355,2.7663,6.1895,1.7254,1.5542,4.1324,1.7449,1.9949,3.4513,2.0431,2.9225,4.8483,1.2042,2.5376,3.1502,2.6069,2.4426,4.9488,1.0713,2.6136,4.0681,1.5651,2.4448,3.4523,1.1401,1.8293,4.0769,1.6701,1.5724,4.0677,1.7324,1.9934,3.4328,0.25544,2.9286,3.3139,2.924,2.2944,4.6412,1.3078,1.9459,4.2154,1.3103,2.6422,3.435,1.4326,2.4505,3.3412,1.8647,1.9294,3.676,1.9415,2.4219,4.0192,1.0608,2.2887,3.1671,2.5407,2.014,5.1435,1.2604,2.6508,3.3685,1.407,2.4711,3.312,0.3246,2.9352,3.371,0.65436,1.8414,2.8324,1.6712,1.9882,4.4822,1.4644,1.8074,4.1434,5.4363,2.8877,1.7561,0.81655,2.1083,2.8079,1.0497,2.6335,4.0597,2.2216,2.5287,3.6197,2.5707,2.4205,4.9029,2.8657,2.6821,4.574,2.128,2.5077,4.4921,2.3523,2.1213,4.2297,0.76864,2.0426,3.3065,0.43036,2.4473,2.9869,0.59645,2.1448,3.7048,2.3796,2.4511,4.4649,0.84792,2.4466,2.9432,1.2465,1.5937,4.2846,1.6876,2.0209,3.4356,6.1512,2.6794,1.8983,3.3533,2.9263,0.076421,0.8335,2.4082,2.9939,1.6611,1.6347,4.0718,1.5052,1.89,3.1747,0.7797,2.4403,2.9137,2.1623,2.3424,4.9009,1.1885,2.5645,3.125,1.0173,1.9657,3.5026,0.47289,1.9822,3.2768,1.7138,2.0134,3.4218,2.3949,2.1091,4.2234,2.1845,2.1528,5.0009,1.2743,1.6924,3.8318,0.69519,1.9831,2.7667,2.1901,2.1683,5.0207,2.352,2.2204,4.5261,1.5743,2.3904,3.9673,4.364,2.9405,0.2813,1.9527,2.3916,4.0121,0.82104,1.9577,4.1204,1.255,2.6117,4.2583,3.6737,2.825,6.2379,1.5429,1.6302,3.2965,0.26598,2.3011,3.3276,5.129,2.9345,1.0696,0.62614,2.76,3.3367,1.3245,2.5211,3.0247,2.1539,2.1137,4.9407,1.4906,2.0594,4.3883,1.5269,1.6302,3.3044,1.4106,2.9212,3.3778,0.53576,2.4314,2.8335,0.88679,2.4505,3.0037,0.22826,2.6106,3.3336,1.6344,2.2979,4.1577,0.54895,2.4283,2.8023,1.0272,2.2351,3.6143,1.3925,1.7901,4.2847,0.31335,2.3172,3.375,1.5255,1.6097,3.2954,0.52281,2.4327,2.8243,3.1907,2.8609,6.1299,1.9595,2.5705,4.0164,2.0134,2.1938,4.6276,2.4872,2.766,5.1158,1.9021,1.922,3.8707,1.2988,1.7569,3.7085,2.175,2.1352,4.981,1.3892,2.6242,3.9742,1.0219,3.0798,2.8526,4.7437,2.9383,0.44934,1.3059,2.7044,4.3697,1.9124,1.9324,3.8941,1.2892,2.6465,2.9136,0.54457,2.7486,3.1667,0.99436,2.8959,4.1826,0.68249,2.5366,2.6622,0.67636,1.9963,2.9285,0.55416,2.4084,3.4009,1.5664,2.1744,4.2756,1.3953,2.7169,4.4461,0.56779,1.9867,3.0236,1.9941,1.8581,3.8062,1.1929,1.8139,3.6761,2.303,2.6795,4.7733,1.3672,1.5968,4.133,1.3654,2.1547,3.158,0.61313,1.9974,3.0347,0.50121,2.437,2.6165,1.6423,2.3215,4.1686,2.3277,2.6743,4.8289,0.59006,2.0049,3.0068,1.5796,1.7067,3.341,0.48426,3.0524,2.3677,0.63164,2.5395,2.6247,3.0134,2.7455,6.0144,0.099116,2.8843,2.6826,4.6833,2.957,0.38264,2.2851,2.357,3.6484,1.1492,3.0529,3.9681,1.3505,2.3473,3.4834,0.98884,3.0634,3.8079,2.3469,2.2322,3.7594,1.1881,1.7903,3.6732,2.4271,2.3508,4.5789,2.5413,2.6702,4.0596,1.3123,2.6756,4.3707,1.8997,1.8804,3.8536,1.186,2.7261,3.7071,2.3583,2.4536,4.956,1.5957,2.5807,3.3798,2.1633,2.2156,4.1175,0.77948,1.9211,3.3471,2.292,2.4032,3.6877,2.2847,2.3959,3.6643,2.227,1.955,4.9645,2.612,2.2776,4.7869,2.3446,2.2435,3.7747,1.378,1.5965,3.8594,2.3178,2.6851,4.8124,1.9015,1.8973,3.8604,0.77297,2.1257,4.0363,1.5968,1.7829,4.2484,2.3397,2.6846,4.8433,1.4487,2.3794,3.2658,5.9878,2.8995,2.2858,1.8432,1.7861,3.5114,1.901,2.9555,4.2019,2.0641,1.9626,4.8224,1.1557,2.5809,4.3267,1.9325,2.1509,4.8733,1.6112,1.7317,3.9617,1.6075,2.0173,3.3503,1.0761,2.7073,3.6173,0.97598,2.7944,3.8585,1.4368,2.4438,3.8778,1.1507,2.736,3.6588,1.8184,1.7056,4.0782,0.92824,2.4569,2.805,1.9363,2.0962,4.417,0.19704,2.7705,2.9605,1.0659,1.9441,4.2692,0.98009,2.3063,3.0754,1.661,2.3957,4.5949,0.97103,2.0532,2.8629,0.72974,1.9832,2.7352,1.6026,1.7269,3.9655,0.94015,2.4492,2.8268,1.3589,1.5811,3.8421,2.7357,2.5765,4.6035,1.086,2.1631,3.6074,1.1513,2.7517,3.6711,1.976,1.9793,4.4907,1.054,1.9533,4.2575,1.8602,1.6631,3.4589,1.6651,2.5139,4.0024,2.1361,2.5385,4.9041,2.1243,2.3924,3.674,1.2477,3.0497,3.4691,1.4551,1.4772,4.2111,0.64039,2.9906,3.649,1.6172,1.7007,4.2142,0.73745,1.9939,2.7376,0.70635,2.1964,3.9577,2.6678,2.5957,4.5302,2.0192,2.1074,3.4201,1.4129,2.8579,3.5533,1.0762,2.2403,3.5991,2.5489,2.0254,4.5093,1.479,1.7257,4.4219,1.5718,2.5759,3.5859,2.0577,2.3345,4.0951,2.6621,2.347,4.9554,0.48899,2.5258,3.01
101.85,17.491,473.19,6.64,0.10958,1620.6,1.477,1.815,4.1274,1.2778,2.2396,4.2439,1.1808,1.9604,4.2399,2.4587,2.6342,4.2856,0.85673,2.0336,4.2723,1.5123,2.5415,3.8916,3.1542,2.8362,6.0063,1.1655,1.9669,4.2406,1.7357,1.6493,4.226,1.2996,2.2291,4.2906,0.83718,2.0626,4.2166,2.9792,2.8298,4.5587,5.5596,2.7144,1.2986,1.3129,2.7353,3.6955,0.91154,2.1426,3.0069,2.5208,2.1163,4.5422,1.4623,1.6485,3.9223,0.64267,2.6197,3.8155,2.0268,1.7692,3.5065,1.1026,2.3981,3.1772,0.16876,2.3034,3.418,1.7657,1.6795,3.4054,1.9509,2.7571,4.2356,1.7852,1.7069,3.4119,1.4519,1.6258,3.9454,0.38793,2.1698,3.1458,2.0982,2.4085,4.4637,1.4698,1.7034,3.2085,0.81323,1.9372,2.7289,3.1034,2.8386,5.9375,2.0376,1.8007,3.515,1.0092,2.7344,2.9024,1.8343,2.589,4.0459,0.65186,1.9181,2.7873,1.0587,2.42,3.1102,1.9126,1.9173,4.5277,1.6956,1.6451,3.8965,0.51965,2.1934,3.7712,1.1837,2.5381,3.7537,0.93419,2.1301,3.1878,2.6532,2.355,4.4287,2.1286,2.2242,4.7653,1.492,1.667,3.9461,1.8948,1.9282,4.5195,1.5123,2.2195,3.2578,0.76398,2.157,3.0887,2.4398,2.4123,4.3835,1.9139,2.5866,4.7935,1.8656,2.6072,4.757,2.6291,2.3617,4.428,1.2845,2.5325,3.8955,1.7326,2.2509,4.3549,1.9351,3.0049,3.8562,0.59301,2.4703,2.5553,1.5137,2.0857,4.6319,2.0096,3.0128,3.9359,0.3234,2.4011,3.3471,1.6592,1.5863,4.074,0.69253,2.0649,3.0524,2.2494,2.2588,4.6657,0.74417,2.5531,3.1496,0.94455,2.1332,3.1892,0.066446,2.8899,1.8897,2.0273,2.0175,4.6544,2.6172,2.3702,4.4191,2.5702,2.291,5.0996,1.9719,2.6856,4.27,1.0831,1.7729,4.0006,4.649,2.9063,0.5218,0.8575,2.1334,3.0185,1.3131,2.0814,4.325,1.0425,2.1052,3.4721,2.1534,2.693,4.3975,1.7223,1.5583,4.134,1.215,2.528,3.1257,0.78495,2.4578,3.7494,2.079,1.8738,3.6819,1.552,2.4585,3.4364,1.6091,2.5602,3.608,1.62,1.607,4.2504,1.9441,2.7138,4.4034,1.9963,2.712,4.4617,3.4417,2.7647,6.1946,1.7281,1.5498,4.1294,1.7488,1.9938,3.4515,2.036,2.9208,4.8418,1.2083,2.5359,3.1559,2.6047,2.4423,4.9454,1.0754,2.6139,4.0679,1.5612,2.4455,3.4507,1.1359,1.8306,4.0754,1.671,1.568,4.0663,1.7352,1.9922,3.4314,0.25412,2.9269,3.3132,2.9281,2.2942,4.6474,1.3066,1.9456,4.2162,1.3146,2.6383,3.4441,1.4299,2.45,3.3411,1.867,1.9237,3.6713,1.9412,2.4292,4.022,1.0576,2.289,3.1655,2.541,2.0111,5.1431,1.2631,2.6472,3.3755,1.4021,2.4719,3.3096,0.32604,2.934,3.3724,0.65199,1.8439,2.8257,1.6676,1.9846,4.4873,1.4641,1.8024,4.1452,5.4284,2.8864,1.7487,0.81617,2.1074,2.8099,1.0517,2.6361,4.0591,2.226,2.5284,3.6184,2.5649,2.4181,4.8954,2.872,2.6798,4.5794,2.126,2.5063,4.4893,2.3527,2.1238,4.2336,0.76811,2.0481,3.3016,0.43881,2.4449,2.9957,0.59548,2.1449,3.7041,2.3784,2.4464,4.468,0.8564,2.4448,2.9513,1.2454,1.5946,4.2837,1.6857,2.0223,3.4339,6.1389,2.6778,1.8851,3.3638,2.925,0.088151,0.83881,2.4033,3.0044,1.6612,1.6346,4.0706,1.506,1.8923,3.174,0.78175,2.4383,2.9182,2.162,2.342,4.8962,1.1919,2.5648,3.1296,1.0184,1.9658,3.5025,0.46689,1.9823,3.2794,1.7148,2.0139,3.419,2.3957,2.1122,4.2265,2.1881,2.1525,5.0022,1.2725,1.6876,3.8341,0.6964,1.9834,2.7679,2.1941,2.1692,5.0235,2.3552,2.2233,4.5319,1.5749,2.3985,3.9675,4.3749,2.9339,0.29155,1.9527,2.3967,4.0138,0.81939,1.9574,4.1199,1.2628,2.6151,4.2629,3.6855,2.8225,6.2494,1.5438,1.6315,3.2974,0.26086,2.301,3.3207,5.1272,2.9289,1.0687,0.62976,2.7579,3.3413,1.3293,2.5223,3.0287,2.1557,2.1107,4.9382,1.4915,2.0553,4.3917,1.527,1.6304,3.3058,1.4133,2.9206,3.3791,0.54326,2.4296,2.844,0.88316,2.4502,3.0039,0.22853,2.6098,3.3327,1.6366,2.3014,4.1608,0.55709,2.4268,2.8098,1.0244,2.2422,3.609,1.3922,1.7889,4.2835,0.31259,2.3186,3.3726,1.5252,1.6087,3.2962,0.52908,2.4313,2.8335,3.2082,2.8596,6.1493,1.9553,2.5687,4.0146,2.0172,2.1946,4.6308,2.4714,2.7647,5.0983,1.9027,1.9175,3.8678,1.2987,1.7518,3.7103,2.1776,2.1334,4.9808,1.3886,2.6221,3.9717,1.0109,3.0798,2.841,4.7491,2.9335,0.45368,1.3111,2.7057,4.374,1.9132,1.9305,3.8952,1.2931,2.6474,2.918,0.55832,2.7461,3.1828,1.0017,2.8953,4.1896,0.69308,2.5384,2.6699,0.67515,2.0011,2.9244,0.55458,2.4089,3.3988,1.5662,2.1731,4.2797,1.4076,2.7188,4.4564,0.56233,1.9891,3.0157,1.9949,1.8551,3.8056,1.1927,1.811,3.6787,2.2917,2.6754,4.7579,1.3659,1.6021,4.129,1.3632,2.1544,3.1569,0.61121,2.0019,3.0282,0.50423,2.436,2.6206,1.6461,2.3281,4.1725,2.3175,2.6696,4.8164,0.58568,2.0093,2.9975,1.5807,1.7062,3.3423,0.47742,3.0535,2.3584,0.63628,2.5416,2.6276,3.0235,2.7452,6.0262,5.9808,2.8857,2.6953,4.6854,2.9542,0.3834,2.2805,2.3517,3.6391,1.1641,3.0495,3.986,1.3422,2.3547,3.4766,0.99757,3.0621,3.8196,2.3449,2.2318,3.7549,1.1875,1.7851,3.6758,2.4273,2.3518,4.5801,2.5367,2.6732,4.0615,1.3166,2.6751,4.373,1.9002,1.8725,3.8493,1.19,2.7202,3.7104,2.3519,2.4507,4.945,1.595,2.5771,3.3873,2.1632,2.2186,4.1194,0.77843,1.9231,3.3445,2.287,2.4025,3.6817,2.2791,2.3944,3.6563,2.2309,1.9596,4.9692,2.6096,2.2765,4.7865,2.3427,2.2442,3.7718,1.3779,1.5971,3.8616,2.3068,2.6814,4.7987,1.9024,1.8916,3.8565,0.77284,2.1239,4.0427,1.5965,1.7786,4.2475,2.3303,2.6811,4.8318,1.4488,2.379,3.2659,5.9948,2.9012,2.2945,1.8424,1.7851,3.5143,1.8948,2.9493,4.1937,2.0691,1.9635,4.8281,1.1599,2.5808,4.331,1.9361,2.1508,4.8736,1.6113,1.726,3.9613,1.6081,2.0182,3.3475,1.0798,2.7022,3.6199,0.98033,2.7917,3.8608,1.4415,2.4473,3.8813,1.1526,2.7313,3.6589,1.8168,1.6983,4.0772,0.9294,2.4568,2.807,1.939,2.0988,4.4199,0.20727,2.7678,2.9702,1.0645,1.9428,4.27,0.98181,2.3042,3.0799,1.6635,2.3957,4.5958,0.97014,2.0507,2.8647,0.72873,1.9818,2.7351,1.6018,1.7211,3.9653,0.94197,2.4485,2.8308,1.3572,1.5803,3.8427,2.7339,2.5755,4.6022,1.0857,2.1656,3.6055,1.1535,2.7481,3.6727,1.9759,1.9786,4.4917,1.0521,1.9523,4.2579,1.8609,1.6637,3.4596,1.6653,2.5161,4.0026,2.1381,2.5371,4.9026,2.1219,2.3934,3.6711,1.2528,3.0478,3.4732,1.4558,1.4776,4.2093,0.64049,2.9899,3.65,1.6172,1.6966,4.2127,0.73699,1.9932,2.7375,0.70767,2.1968,3.9587,2.6661,2.5949,4.5295,2.0212,2.1056,3.4185,1.4152,2.8528,3.5551,1.0752,2.2447,3.5956,2.5504,2.0277,4.5129,1.478,1.725,4.4221,1.5691,2.5748,3.5865,2.0574,2.3382,4.0971,2.6594,2.3453,4.9519,0.49244,2.5255,3.014
101.85,17.491,473.19,6.64,0.11801,1618.2,1.4732,1.8123,4.1241,1.2783,2.2407,4.2461,1.1766,1.9579,4.24,2.4552,2.6317,4.2846,0.85647,2.0322,4.2758,1.5115,2.5456,3.8913,3.1674,2.8351,6.0226,1.1602,1.9646,4.241,1.7351,1.644,4.2237,1.3017,2.2291,4.2968,0.83584,2.0628,4.2173,2.9864,2.8292,4.5635,5.5488,2.7084,1.2871,1.3169,2.7278,3.6994,0.90751,2.1423,3.0054,2.5254,2.1227,4.5522,1.4614,1.6472,3.9239,0.64082,2.6234,3.8088,2.0289,1.7698,3.5093,1.1011,2.3952,3.183,0.15819,2.3044,3.4035,1.7638,1.6794,3.4071,1.9394,2.7515,4.2218,1.7852,1.7094,3.4138,1.4501,1.6226,3.9483,0.38776,2.1728,3.1416,2.103,2.4121,4.4696,1.4693,1.7067,3.2092,0.81211,1.9412,2.727,3.1129,2.8382,5.9492,2.0419,1.804,3.5196,1.0085,2.7364,2.9033,1.8367,2.5899,4.0507,0.65402,1.9218,2.7874,1.0561,2.418,3.1139,1.9143,1.9175,4.5313,1.6968,1.6419,3.8974,0.52139,2.1922,3.7749,1.1839,2.5456,3.7534,0.92771,2.1352,3.1811,2.6641,2.3595,4.4419,2.134,2.2307,4.7735,1.4939,1.6676,3.9491,1.8958,1.9298,4.5225,1.5156,2.2236,3.2572,0.75761,2.1633,3.0797,2.4419,2.4155,4.3896,1.9113,2.5856,4.7836,1.8602,2.6081,4.7456,2.6397,2.3673,4.4439,1.2841,2.5364,3.891,1.7378,2.2525,4.3606,1.9264,2.9991,3.8458,0.60088,2.4707,2.5624,1.5097,2.0893,4.6324,2.0053,3.007,3.9302,0.3172,2.4027,3.3394,1.6589,1.5832,4.0731,0.69104,2.0675,3.0493,2.249,2.2593,4.6655,0.75126,2.5469,3.1613,0.93936,2.1381,3.1827,0.062641,2.8894,1.8845,2.0316,2.0208,4.6609,2.6258,2.3765,4.4333,2.5609,2.2867,5.0904,1.9625,2.6733,4.2605,1.0835,1.7659,4.0054,4.6518,2.8979,0.52516,0.85518,2.134,3.0166,1.3142,2.0799,4.3297,1.0409,2.1068,3.47,2.1421,2.6873,4.384,1.7248,1.5543,4.1315,1.2206,2.5253,3.1298,0.78795,2.4599,3.748,2.081,1.8695,3.6774,1.5469,2.4601,3.4328,1.6059,2.5618,3.6103,1.616,1.6018,4.2503,1.9328,2.7037,4.3901,1.9882,2.7024,4.4529,3.4476,2.7632,6.1993,1.7308,1.5456,4.1263,1.7525,1.9928,3.4519,2.029,2.9192,4.8355,1.2121,2.5344,3.1612,2.6025,2.442,4.942,1.0795,2.614,4.0677,1.5575,2.4462,3.4492,1.1317,1.8316,4.074,1.672,1.564,4.0649,1.738,1.9911,3.4301,0.25293,2.9252,3.3126,2.932,2.294,4.6531,1.3054,1.9451,4.2171,1.3187,2.6344,3.4531,1.4273,2.4495,3.341,1.8694,1.9179,3.6667,1.9408,2.436,4.0248,1.0545,2.2891,3.1639,2.5412,2.0083,5.143,1.2662,2.6437,3.3828,1.3974,2.4725,3.3071,0.32732,2.9328,3.3735,0.64968,1.8463,2.8191,1.6639,1.9811,4.4919,1.4636,1.7976,4.1472,5.4206,2.8852,1.7414,0.81579,2.1068,2.8118,1.0536,2.6387,4.0584,2.23,2.528,3.6171,2.5593,2.4158,4.8881,2.8784,2.6774,4.5847,2.1241,2.5052,4.4866,2.3532,2.1264,4.2377,0.76739,2.0534,3.2966,0.44707,2.4425,3.0043,0.59448,2.1449,3.7033,2.3773,2.442,4.4711,0.86474,2.443,2.9592,1.2444,1.5955,4.2827,1.6837,2.0238,3.4323,6.1268,2.6761,1.872,3.3738,2.9236,0.099083,0.84346,2.3987,3.014,1.6612,1.6345,4.0694,1.5068,1.8946,3.1732,0.78359,2.4363,2.9222,2.1617,2.3416,4.8917,1.1951,2.5652,3.1342,1.0195,1.9659,3.5025,0.4608,1.9823,3.2822,1.7157,2.0144,3.4162,2.3966,2.1154,4.2297,2.1914,2.1521,5.0035,1.2705,1.683,3.8365,0.69759,1.9836,2.7691,2.198,2.17,5.0262,2.3583,2.2262,4.5374,1.5755,2.4062,3.9677,4.3852,2.9274,0.30133,1.9528,2.4018,4.0156,0.81777,1.9573,4.1194,1.2706,2.6186,4.2672,3.6969,2.8199,6.2614,1.5447,1.6328,3.2983,0.25586,2.3008,3.314,5.1254,2.9233,1.0679,0.63305,2.7558,3.3454,1.3338,2.5236,3.0326,2.1575,2.1077,4.9357,1.4923,2.0512,4.395,1.527,1.6305,3.3072,1.416,2.92,3.3802,0.55064,2.4278,2.8544,0.87977,2.4497,3.0043,0.22869,2.6092,3.3318,1.6388,2.3047,4.1639,0.56493,2.4253,2.8171,1.0215,2.2494,3.6036,1.3921,1.7877,4.2823,0.31188,2.32,3.3704,1.525,1.6076,3.2971,0.53519,2.4299,2.8424,3.225,2.8581,6.1681,1.9511,2.5668,4.0129,2.0209,2.1954,4.6339,2.4556,2.7634,5.0806,1.9033,1.9128,3.8649,1.2987,1.747,3.7119,2.1803,2.1314,4.9806,1.3882,2.6201,3.9692,0.99979,3.0798,2.8291,4.7542,2.9287,0.458,1.3163,2.7068,4.3783,1.9138,1.9285,3.8962,1.2967,2.6484,2.9223,0.57127,2.7436,3.1979,1.0091,2.8946,4.1968,0.7035,2.5404,2.6776,0.67406,2.0056,2.9207,0.55505,2.4093,3.3966,1.5661,2.1718,4.2835,1.4196,2.7206,4.4664,0.55703,1.9914,3.0079,1.9958,1.8523,3.8052,1.1923,1.8082,3.6814,2.2815,2.6714,4.7436,1.3644,1.6071,4.1251,1.3609,2.1539,3.1558,0.60934,2.0061,3.0219,0.50714,2.435,2.6246,1.6499,2.3347,4.1765,2.3078,2.665,4.8044,0.58143,2.0134,2.9886,1.5818,1.7058,3.3434,0.4701,3.0545,2.3486,0.64069,2.5439,2.6303,3.0336,2.7448,6.0379,0.022005,2.8868,2.7079,4.6877,2.9514,0.38442,2.2764,2.3465,3.6303,1.1775,3.0463,4.0021,1.3344,2.3616,3.4701,1.0057,3.0608,3.8305,2.3431,2.2314,3.7505,1.187,1.7799,3.6786,2.4276,2.3528,4.5811,2.5322,2.6762,4.0633,1.3207,2.6746,4.3752,1.9008,1.8647,3.8453,1.1936,2.7146,3.7135,2.346,2.448,4.9344,1.5942,2.5739,3.3946,2.1631,2.2217,4.1214,0.77733,1.9252,3.3419,2.2822,2.4017,3.6756,2.2736,2.3928,3.6484,2.2345,1.9636,4.9734,2.6073,2.2755,4.786,2.3409,2.245,3.769,1.3778,1.5975,3.8638,2.2962,2.6777,4.7856,1.9033,1.8859,3.8529,0.77276,2.1222,4.0491,1.5962,1.7744,4.2465,2.3212,2.6777,4.8206,1.449,2.3785,3.266,6.0019,2.9027,2.3031,1.8417,1.7841,3.517,1.889,2.9433,4.186,2.0742,1.9643,4.8335,1.164,2.5808,4.3352,1.9396,2.1508,4.874,1.6113,1.7205,3.9609,1.6087,2.0191,3.3448,1.083,2.6972,3.6223,0.98441,2.7891,3.8628,1.446,2.4507,3.8846,1.1542,2.7267,3.6589,1.8152,1.6912,4.0763,0.9305,2.4566,2.8091,1.9417,2.1015,4.423,0.21725,2.765,2.9794,1.0631,1.9416,4.2706,0.98333,2.3022,3.084,1.666,2.3958,4.5967,0.96924,2.0482,2.8664,0.72776,1.9804,2.735,1.6009,1.7154,3.9651,0.94371,2.4477,2.8346,1.3553,1.5795,3.8432,2.7323,2.5746,4.6009,1.0856,2.1681,3.6036,1.1557,2.7446,3.6741,1.9758,1.9779,4.4927,1.0501,1.9513,4.2583,1.8616,1.6643,3.4603,1.6655,2.5182,4.0028,2.14,2.5359,4.9011,2.1194,2.3944,3.6681,1.2575,3.0458,3.4773,1.4564,1.478,4.2075,0.64031,2.9893,3.6508,1.6172,1.6926,4.2113,0.73657,1.9925,2.7374,0.70893,2.1972,3.9596,2.6646,2.5941,4.5289,2.0233,2.104,3.4171,1.4176,2.8478,3.5568,1.0741,2.2489,3.5923,2.5519,2.0299,4.5165,1.4771,1.7242,4.4222,1.5665,2.5738,3.5871,2.0572,2.3417,4.0992,2.6568,2.3437,4.9487,0.49576,2.5252,3.0177
101.85,17.491,473.19,6.64,0.12644,1616.0,1.4694,1.8096,4.1209,1.279,2.2417,4.2482,1.1723,1.9554,4.2399,2.4519,2.6293,4.2836,0.85619,2.031,4.2791,1.5107,2.5496,3.8909,3.1806,2.8337,6.039,1.1548,1.9623,4.2413,1.7345,1.6387,4.2215,1.3036,2.2291,4.3028,0.83455,2.0631,4.2181,2.9936,2.8285,4.5683,5.5384,2.7023,1.2758,1.3206,2.7207,3.7029,0.90346,2.1419,3.0038,2.5301,2.1292,4.5624,1.4606,1.646,3.9256,0.63887,2.6271,3.8019,2.0308,1.7704,3.5121,1.0989,2.3926,3.188,0.14729,2.3054,3.3885,1.7619,1.6791,3.4089,1.9287,2.746,4.209,1.7853,1.7117,3.4157,1.4484,1.6195,3.9509,0.38766,2.1756,3.1375,2.1078,2.4154,4.4753,1.4687,1.71,3.21,0.81106,1.945,2.7252,3.1228,2.8378,5.9613,2.0463,1.8071,3.5242,1.0077,2.7384,2.9042,1.8391,2.5909,4.0557,0.6562,1.9254,2.7876,1.0535,2.416,3.1174,1.9161,1.9177,4.535,1.6979,1.6388,3.8983,0.52335,2.1906,3.7789,1.1845,2.5525,3.7537,0.92132,2.1402,3.1745,2.6749,2.3637,4.4548,2.1394,2.2369,4.7817,1.4958,1.6683,3.952,1.8972,1.9315,4.5254,1.519,2.2275,3.2566,0.7513,2.1694,3.0709,2.4438,2.4185,4.3956,1.9088,2.5845,4.7737,1.8551,2.6089,4.7343,2.6507,2.3727,4.4604,1.2837,2.5401,3.8866,1.7431,2.2543,4.3663,1.918,2.9933,3.8359,0.60868,2.4709,2.5694,1.5056,2.0931,4.6326,2.0012,3.0009,3.9248,0.31112,2.4043,3.332,1.6587,1.5802,4.0723,0.68959,2.0699,3.0464,2.2486,2.2598,4.6651,0.75773,2.5407,3.1725,0.93448,2.1426,3.1767,0.059081,2.8888,1.8795,2.0363,2.0241,4.6675,2.6348,2.3825,4.4476,2.5524,2.2824,5.0814,1.9538,2.6613,4.2517,1.0839,1.7588,4.0101,4.6543,2.8896,0.52837,0.85292,2.1347,3.0148,1.3153,2.0782,4.3344,1.0392,2.1085,3.468,2.1311,2.6816,4.3711,1.7271,1.5502,4.1291,1.226,2.5228,3.1338,0.79093,2.4617,3.7467,2.0829,1.8652,3.6731,1.5418,2.4618,3.4293,1.603,2.5631,3.6128,1.612,1.5971,4.2502,1.9219,2.6937,4.3769,1.9806,2.6928,4.4444,3.4535,2.7615,6.204,1.7336,1.5415,4.1233,1.7562,1.9917,3.4522,2.0223,2.9174,4.8293,1.2158,2.5328,3.1664,2.6004,2.4417,4.9388,1.0834,2.614,4.0674,1.5537,2.447,3.4477,1.1276,1.8325,4.0727,1.673,1.5601,4.0635,1.7407,1.99,3.4288,0.25183,2.9235,3.312,2.9358,2.2936,4.6586,1.3041,1.9447,4.2179,1.3225,2.6307,3.4618,1.4248,2.449,3.3409,1.8718,1.9121,3.6623,1.9405,2.4427,4.0276,1.0515,2.2893,3.1624,2.5415,2.0056,5.1428,1.2693,2.6404,3.3902,1.3928,2.4732,3.3049,0.32844,2.9315,3.3746,0.64742,1.8486,2.8126,1.6601,1.9777,4.4963,1.4632,1.7929,4.149,5.4129,2.8839,1.7342,0.81537,2.1061,2.8136,1.0554,2.6412,4.0577,2.2339,2.5275,3.6159,2.5537,2.4135,4.8808,2.8848,2.6751,4.5901,2.1224,2.504,4.4841,2.3537,2.129,4.2418,0.76647,2.0588,3.2913,0.45516,2.4402,3.0129,0.59347,2.1449,3.7026,2.3761,2.4379,4.4742,0.87297,2.4412,2.9672,1.2432,1.5965,4.2816,1.6817,2.0252,3.4306,6.1147,2.6743,1.8592,3.3833,2.9221,0.10962,0.84747,2.3943,3.0229,1.6612,1.6344,4.0682,1.5076,1.8968,3.1724,0.78521,2.4344,2.926,2.1614,2.3412,4.8873,1.1982,2.5655,3.1387,1.0205,1.9659,3.5024,0.45464,1.9824,3.2849,1.7167,2.0147,3.4134,2.3975,2.1186,4.2329,2.1946,2.1517,5.0047,1.2686,1.6786,3.8386,0.69879,1.9839,2.7703,2.2017,2.1708,5.0287,2.3613,2.2289,4.5429,1.576,2.4136,3.9678,4.3949,2.9209,0.31075,1.9528,2.4068,4.0174,0.81617,1.9571,4.1188,1.2784,2.6218,4.2716,3.7079,2.8175,6.2805,1.5457,1.6342,3.2992,0.25099,2.3006,3.3075,5.1236,2.9177,1.0672,0.63606,2.7537,3.3491,1.3382,2.5248,3.0363,2.1595,2.1048,4.9336,1.493,2.0469,4.3981,1.5271,1.6305,3.3087,1.4186,2.9194,3.3814,0.55791,2.4259,2.8646,0.8766,2.4492,3.005,0.22877,2.6084,3.3307,1.641,2.308,4.167,0.57259,2.4239,2.8243,1.0185,2.2566,3.598,1.3918,1.7866,4.2809,0.3112,2.3214,3.3683,1.5247,1.6065,3.2979,0.54118,2.4285,2.8513,3.241,2.8565,6.186,1.9469,2.565,4.0111,2.0245,2.1961,4.6369,2.4396,2.7618,5.0626,1.9038,1.9081,3.8622,1.2985,1.7422,3.7137,2.1828,2.1296,4.9805,1.3877,2.6183,3.967,0.98826,3.0798,2.8169,4.7592,2.9238,0.46233,1.3215,2.708,4.3826,1.9146,1.9266,3.8973,1.3003,2.6493,2.9266,0.58348,2.7413,3.2122,1.0165,2.8937,4.2041,0.7138,2.5423,2.6852,0.67309,2.01,2.9173,0.55555,2.4097,3.3947,1.5659,2.1702,4.2873,1.4314,2.7223,4.4762,0.55188,1.9936,3.0003,1.9966,1.8495,3.8048,1.192,1.8054,3.6839,2.272,2.6676,4.7303,1.3628,1.6118,4.1211,1.3587,2.1534,3.1547,0.60749,2.0103,3.0157,0.50998,2.4339,2.6285,1.6538,2.3413,4.1802,2.2986,2.6604,4.7929,0.57729,2.0172,2.9798,1.5829,1.7053,3.3447,0.46229,3.0556,2.3384,0.64487,2.5461,2.6327,3.0436,2.7442,6.0495,0.036707,2.8879,2.7206,4.6901,2.9487,0.3857,2.2726,2.3412,3.6216,1.1897,3.043,4.0169,1.3267,2.368,3.464,1.0134,3.0595,3.841,2.3413,2.231,3.7462,1.1863,1.7747,3.6812,2.4278,2.3537,4.5821,2.5276,2.6787,4.065,1.3247,2.6741,4.3772,1.9013,1.8569,3.8415,1.1969,2.7091,3.7162,2.3406,2.4454,4.9243,1.5933,2.5707,3.4018,2.1631,2.2247,4.1234,0.77618,1.9272,3.3392,2.2774,2.4009,3.6697,2.2682,2.3911,3.6406,2.238,1.9673,4.9773,2.6051,2.2745,4.7856,2.3391,2.2457,3.7662,1.3777,1.598,3.8658,2.286,2.6741,4.7729,1.9042,1.8804,3.8493,0.77272,2.1204,4.0552,1.5958,1.7703,4.2456,2.3124,2.6744,4.8098,1.4491,2.3782,3.266,6.0093,2.9043,2.3121,1.8411,1.7831,3.5196,1.8836,2.9373,4.1785,2.0791,1.9651,4.8388,1.1679,2.5807,4.3391,1.9429,2.1509,4.8742,1.6115,1.7152,3.9605,1.6094,2.02,3.3423,1.086,2.6926,3.6244,0.9883,2.7866,3.8645,1.4504,2.4536,3.8879,1.1558,2.7224,3.6588,1.8136,1.6843,4.0754,0.93157,2.4565,2.811,1.9443,2.1041,4.4259,0.22704,2.7622,2.9886,1.0616,1.9403,4.2714,0.98467,2.3003,3.0878,1.6684,2.3959,4.5977,0.9683,2.046,2.8679,0.72683,1.9791,2.7349,1.6001,1.7102,3.9649,0.94534,2.447,2.8382,1.3535,1.5787,3.8437,2.7307,2.5737,4.5998,1.0853,2.1706,3.6017,1.1577,2.7414,3.6756,1.9758,1.9773,4.4937,1.0483,1.9502,4.2587,1.8623,1.6648,3.4611,1.6657,2.5201,4.003,2.1419,2.5346,4.8996,2.1172,2.3954,3.6653,1.2623,3.0439,3.4812,1.4571,1.4784,4.2057,0.63985,2.9887,3.6513,1.6174,1.6889,4.2098,0.73615,1.9919,2.7373,0.71017,2.1976,3.9605,2.6629,2.5933,4.5284,2.0252,2.1023,3.4156,1.4197,2.843,3.5586,1.073,2.253,3.5889,2.5535,2.0321,4.52,1.4761,1.7235,4.4223,1.5641,2.5728,3.5879,2.057,2.3451,4.1012,2.6545,2.3422,4.9458,0.49898,2.525,3.0213
101.85,17.491,473.19,6.64,0.13487,1611.2,1.4655,1.8066,4.1177,1.2797,2.2427,4.2506,1.1679,1.9529,4.2398,2.4485,2.6268,4.2827,0.85583,2.0299,4.2823,1.5098,2.5537,3.8905,3.194,2.8322,6.0556,1.1492,1.9598,4.2416,1.734,1.6334,4.219,1.3057,2.2291,4.3089,0.83331,2.0635,4.219,3.0005,2.8279,4.5731,5.5281,2.696,1.2647,1.3241,2.714,3.7063,0.89933,2.1416,3.002,2.5351,2.1357,4.5728,1.4597,1.6451,3.9273,0.637,2.6307,3.7949,2.0328,1.771,3.5149,1.0961,2.3903,3.1926,0.13608,2.3063,3.373,1.76,1.6786,3.4107,1.9184,2.7404,4.1966,1.7854,1.714,3.4176,1.4469,1.6164,3.9537,0.38753,2.1784,3.1333,2.1128,2.4189,4.481,1.4681,1.7135,3.2108,0.80997,1.9487,2.7235,3.1335,2.8373,5.9743,2.0511,1.8104,3.5295,1.0067,2.7405,2.9048,1.842,2.5921,4.061,0.6584,1.9292,2.7879,1.0507,2.414,3.121,1.918,1.9179,4.5388,1.6991,1.6357,3.8994,0.52555,2.189,3.7833,1.1853,2.5594,3.7541,0.91471,2.1452,3.1678,2.686,2.3681,4.4679,2.1451,2.2433,4.7902,1.4979,1.6691,3.955,1.8988,1.9334,4.5286,1.523,2.2316,3.256,0.74482,2.1754,3.0621,2.4458,2.4216,4.4016,1.9063,2.5835,4.7633,1.8499,2.6097,4.7228,2.6625,2.3783,4.4778,1.2833,2.544,3.8818,1.7489,2.2561,4.3721,1.91,2.9874,3.8264,0.61635,2.4713,2.5763,1.501,2.0971,4.6323,1.9972,2.9947,3.9196,0.30484,2.4059,3.3247,1.6585,1.5771,4.0713,0.68809,2.0721,3.0436,2.2479,2.2602,4.6644,0.76399,2.5342,3.1838,0.92953,2.1471,3.1707,0.055791,2.8882,1.8748,2.0412,2.0275,4.6743,2.6439,2.3884,4.4623,2.5441,2.2775,5.0725,1.9457,2.6491,4.2433,1.0842,1.7514,4.0151,4.6569,2.8816,0.53216,0.85083,2.1353,3.0135,1.3165,2.0765,4.339,1.0375,2.1102,3.466,2.1202,2.6757,4.3582,1.7297,1.5457,4.1264,1.2313,2.5201,3.1377,0.79397,2.4635,3.7454,2.0849,1.861,3.6687,1.5364,2.4634,3.4256,1.6004,2.5641,3.616,1.6076,1.5922,4.2501,1.9111,2.6831,4.3639,1.9733,2.6827,4.4362,3.4593,2.7599,6.2088,1.7365,1.5373,4.12,1.7599,1.9906,3.4525,2.0157,2.9155,4.8234,1.2194,2.5312,3.1714,2.5982,2.4414,4.9355,1.0873,2.614,4.0672,1.55,2.4476,3.4462,1.1234,1.8331,4.0717,1.6741,1.5562,4.0621,1.7435,1.9887,3.4276,0.25109,2.9218,3.3116,2.9394,2.2931,4.6639,1.3027,1.9443,4.2188,1.3266,2.6269,3.4705,1.4223,2.4485,3.3409,1.8743,1.9062,3.6578,1.9403,2.4491,4.0306,1.0484,2.2893,3.1609,2.5418,2.0029,5.1427,1.2728,2.637,3.3977,1.3882,2.4738,3.3026,0.32936,2.9302,3.3755,0.64519,1.8508,2.8065,1.656,1.9745,4.5006,1.4627,1.7883,4.1509,5.4057,2.8826,1.7275,0.81497,2.1055,2.8155,1.0571,2.6437,4.057,2.2376,2.527,3.6147,2.5483,2.4112,4.8736,2.8911,2.6726,4.5954,2.1207,2.503,4.4817,2.3543,2.1318,4.246,0.76534,2.0643,3.286,0.46307,2.438,3.0212,0.59244,2.1448,3.7019,2.375,2.4339,4.4773,0.88116,2.4393,2.9751,1.2421,1.5975,4.2805,1.6796,2.0266,3.4289,6.1028,2.6723,1.8466,3.3921,2.9207,0.11954,0.85106,2.3901,3.0311,1.6612,1.6342,4.067,1.5084,1.899,3.1717,0.78671,2.4326,2.9296,2.1612,2.3407,4.8829,1.2013,2.5659,3.1431,1.0216,1.9659,3.5024,0.44849,1.9825,3.2877,1.7176,2.015,3.4106,2.3984,2.1219,4.2363,2.1979,2.1512,5.0058,1.2666,1.6743,3.8406,0.69997,1.9841,2.7714,2.2054,2.1714,5.0312,2.3644,2.2315,4.5483,1.5766,2.4206,3.9678,4.4042,2.9146,0.31976,1.953,2.4119,4.0192,0.81456,1.957,4.118,1.2861,2.625,4.2761,3.7185,2.815,4.0878,1.5466,1.6355,3.3002,0.24622,2.3004,3.3013,5.1217,2.9119,1.0667,0.63879,2.7517,3.3526,1.3425,2.526,3.0399,2.1616,2.102,4.9316,1.4936,2.0427,4.4013,1.5273,1.6304,3.3101,1.4213,2.9188,3.3825,0.56501,2.4242,2.8745,0.87355,2.4486,3.0057,0.2287,2.6076,3.3294,1.6432,2.3111,4.1701,0.5799,2.4225,2.8311,1.0153,2.2638,3.5924,1.3916,1.7855,4.2795,0.31055,2.3228,3.3663,1.5245,1.6054,3.2988,0.54689,2.4273,2.8597,3.2565,2.8549,6.2031,1.9427,2.5632,4.0093,2.0282,2.1967,4.6399,2.4236,2.7602,5.0446,1.9043,1.9032,3.8594,1.2983,1.7375,3.7154,2.1854,2.1277,4.9803,1.3873,2.6164,3.9647,0.97649,3.0799,2.8045,4.7642,2.9188,0.46668,1.3268,2.709,4.387,1.9152,1.9248,3.8984,1.3038,2.6502,2.9308,0.59494,2.7388,3.2256,1.024,2.8927,4.2113,0.72377,2.5443,2.6924,0.67221,2.0142,2.9142,0.55605,2.4101,3.3929,1.5657,2.1685,4.291,1.4429,2.7238,4.4859,0.54687,1.9956,2.993,1.9973,1.8468,3.8044,1.1916,1.8026,3.6865,2.2634,2.6639,4.7178,1.3611,1.6164,4.1171,1.3565,2.1529,3.1536,0.6057,2.0144,3.0099,0.5127,2.433,2.6322,1.6577,2.3476,4.1839,2.2899,2.6557,4.7817,0.57327,2.0209,2.9715,1.5839,1.7049,3.346,0.45395,3.0567,2.3277,0.64877,2.5484,2.635,3.0536,2.7436,6.061,0.046558,2.889,2.7329,4.6926,2.9459,0.38719,2.2689,2.3359,3.6133,1.2005,3.0396,4.0304,1.3194,2.374,3.4582,1.0203,3.0583,3.8507,2.3396,2.2307,3.742,1.1857,1.7696,3.684,2.428,2.3547,4.583,2.523,2.6812,4.0665,1.3287,2.6736,4.3792,1.9018,1.8494,3.8378,1.2003,2.7037,3.7189,2.3354,2.4428,4.9147,1.5925,2.5676,3.4087,2.1631,2.2278,4.1256,0.77503,1.9293,3.3364,2.2728,2.4001,3.6639,2.2629,2.3895,3.6331,2.2414,1.9708,4.9808,2.6028,2.2736,4.785,2.3373,2.2466,3.7636,1.3776,1.5983,3.8678,2.2764,2.6704,4.7608,1.9051,1.875,3.8457,0.77268,2.1186,4.0612,1.5955,1.7662,4.2447,2.304,2.6711,4.7995,1.4493,2.3779,3.266,6.0165,2.9058,2.3208,1.8405,1.7822,3.5222,1.8784,2.9315,4.1716,2.084,1.9659,4.8438,1.1716,2.5806,4.343,1.9461,2.1509,4.8744,1.6116,1.7101,3.9602,1.6102,2.0208,3.34,1.0888,2.688,3.6264,0.99194,2.7843,3.8661,1.4547,2.4565,3.8913,1.1573,2.7181,3.6587,1.8121,1.6779,4.0745,0.93259,2.4564,2.8127,1.9469,2.1066,4.4288,0.23639,2.7594,2.9973,1.0603,1.939,4.272,0.98593,2.2986,3.0914,1.6709,2.3959,4.5986,0.96741,2.0438,2.8694,0.72598,1.9778,2.7348,1.5995,1.7051,3.9648,0.94691,2.4463,2.8417,1.3518,1.5777,3.8442,2.7293,2.5728,4.5989,1.085,2.1731,3.5997,1.1596,2.7382,3.677,1.9756,1.9767,4.4946,1.0466,1.9492,4.259,1.8629,1.6654,3.4618,1.6658,2.522,4.0031,2.1438,2.5335,4.8982,2.1149,2.3963,3.6625,1.2669,3.042,3.4851,1.4577,1.4788,4.204,0.63914,2.9881,3.6515,1.6176,1.6852,4.2084,0.73577,1.9911,2.7371,0.71134,2.1981,3.9614,2.6614,2.5925,4.5278,2.0271,2.1006,3.4142,1.4218,2.8384,3.5603,1.0718,2.257,3.5856,2.555,2.0343,4.5235,1.4751,1.7228,4.4225,1.5617,2.5718,3.5885,2.0569,2.3485,4.1032,2.6522,2.3407,4.9429,0.50204,2.5248,3.0248
101.85,17.491,473.19,6.64,0.14329,1605.9,1.4616,1.8034,4.1146,1.2806,2.2437,4.2529,1.1637,1.9503,4.2396,2.4453,2.6244,4.282,0.85546,2.0291,4.2853,1.5089,2.5576,3.89,3.2075,2.8305,6.0723,1.1438,1.9573,4.2419,1.7336,1.6282,4.2167,1.3077,2.2292,4.3151,0.83214,2.0641,4.2199,3.0072,2.8271,4.5779,5.5181,2.6897,1.254,1.3272,2.7077,3.7092,0.89515,2.1413,3.0001,2.5403,2.1423,4.5836,1.4588,1.6443,3.929,0.63509,2.6345,3.7878,2.0348,1.7718,3.5177,1.0927,2.3881,3.1963,0.12445,2.3071,3.3571,1.758,1.678,3.4126,1.9088,2.7351,4.1849,1.7856,1.7164,3.4196,1.4456,1.6136,3.9562,0.3874,2.1812,3.129,2.1176,2.4224,4.4868,1.4677,1.7172,3.2117,0.80885,1.9523,2.722,3.1451,2.8368,5.9882,2.0563,1.8138,3.5354,1.0053,2.7427,2.9051,1.845,2.5935,4.0667,0.6606,1.9329,2.7882,1.0476,2.412,3.1243,1.92,1.9181,4.5427,1.7002,1.6329,3.9005,0.52803,2.1873,3.788,1.1863,2.5659,3.7549,0.90802,2.1502,3.161,2.6974,2.3723,4.4812,2.1509,2.2501,4.7993,1.5001,1.6699,3.9578,1.9006,1.9354,4.5318,1.5271,2.2358,3.2554,0.73837,2.1814,3.0536,2.4478,2.4247,4.4077,1.9037,2.5825,4.7528,1.8449,2.6106,4.7111,2.6752,2.3837,4.4963,1.2826,2.548,3.8769,1.755,2.2579,4.3781,1.9024,2.9813,3.817,0.62382,2.4716,2.583,1.496,2.1014,4.6315,1.9935,2.988,3.9146,0.29865,2.4073,3.3176,1.6583,1.574,4.0704,0.68663,2.0742,3.0408,2.247,2.2604,4.6633,0.76977,2.5273,3.195,0.92459,2.1514,3.1648,0.05276,2.8874,1.8705,2.0463,2.031,4.6811,2.653,2.394,4.4772,2.5362,2.2723,5.0643,1.9381,2.6372,4.2356,1.0844,1.7437,4.0203,4.6588,2.8744,0.53598,0.84903,2.1357,3.0126,1.3179,2.0748,4.3436,1.0356,2.1121,3.4638,2.1094,2.6698,4.3453,1.7323,1.541,4.1236,1.2367,2.5174,3.1415,0.79704,2.4651,3.7443,2.0869,1.8567,3.6644,1.5311,2.4649,3.4219,1.598,2.5647,3.6197,1.603,1.5878,4.2502,1.9007,2.6723,4.3511,1.9662,2.6725,4.4281,3.4649,2.7583,6.2132,1.7393,1.533,4.1168,1.7636,1.9893,3.4529,2.0092,2.9136,4.8175,1.2228,2.5296,3.1763,2.5961,2.4411,4.9322,1.0912,2.6139,4.0671,1.5461,2.4483,3.4448,1.1194,1.8334,4.0709,1.6751,1.5525,4.0607,1.7462,1.9875,3.4265,0.25055,2.9201,3.3115,2.9429,2.2927,4.6689,1.3013,1.9438,4.2196,1.3306,2.623,3.4794,1.4198,2.4481,3.3409,1.8768,1.9001,3.6533,1.9401,2.4553,4.0334,1.0454,2.2893,3.1595,2.542,2.0003,5.1426,1.2763,2.6339,3.4057,1.3837,2.4744,3.3004,0.33016,2.9289,3.3763,0.64304,1.8528,2.8005,1.6519,1.9713,4.5043,1.4621,1.7839,4.1528,5.3987,2.8814,1.7211,0.81456,2.1049,2.8172,1.0586,2.6462,4.0563,2.2409,2.5263,3.6136,2.5429,2.4088,4.8666,2.8973,2.6702,4.6007,2.1192,2.502,4.4793,2.3547,2.1345,4.2501,0.76402,2.0696,3.2805,0.47073,2.4357,3.0292,0.5914,2.1446,3.7012,2.3739,2.4302,4.4804,0.88916,2.4374,2.9827,1.2408,1.5986,4.2792,1.6776,2.0278,3.4272,6.0913,2.6704,1.8343,3.4004,2.9192,0.12872,0.85411,2.3861,3.0388,1.6612,1.634,4.0659,1.5091,1.9012,3.171,0.78804,2.4307,2.9329,2.161,2.3403,4.8787,1.2042,2.5663,3.1475,1.0225,1.9658,3.5025,0.44239,1.9826,3.2904,1.7184,2.0153,3.4078,2.3993,2.1251,4.2396,2.2009,2.1506,5.0067,1.2644,1.6702,3.8426,0.70112,1.9843,2.7725,2.2089,2.1721,5.0336,2.3673,2.2342,4.5536,1.5771,2.4274,3.9679,4.4129,2.9083,0.32836,1.953,2.4168,4.0211,0.81299,1.9569,4.1174,1.2937,2.6282,4.2806,3.7287,2.8126,5.9979,1.5475,1.6368,3.301,0.24157,2.3002,3.2952,5.1201,2.9062,1.0664,0.64123,2.7497,3.3558,1.3465,2.527,3.0434,2.1636,2.0993,4.9297,1.4941,2.0384,4.4043,1.5273,1.6303,3.3115,1.4238,2.9182,3.3837,0.5719,2.4224,2.8843,0.87071,2.4481,3.0066,0.22847,2.6069,3.3282,1.6453,2.3141,4.1732,0.58683,2.4213,2.8377,1.0121,2.2709,3.5867,1.3914,1.7844,4.278,0.30992,2.324,3.3645,1.5242,1.6043,3.2996,0.55235,2.4262,2.8679,3.2711,2.8534,6.2196,1.9385,2.5615,4.0074,2.0317,2.1973,4.6427,2.4078,2.7584,5.0268,1.9046,1.8983,3.8568,1.2981,1.733,3.717,2.1878,2.1258,4.9801,1.387,2.6148,3.9627,0.96458,3.0801,2.792,4.769,2.9138,0.47098,1.332,2.71,4.3915,1.9159,1.923,3.8994,1.3071,2.6512,2.9348,0.60559,2.7366,3.2382,1.0315,2.8917,4.2187,0.73339,2.5463,2.6992,0.67142,2.0182,2.9112,0.55657,2.4104,3.3911,1.5655,2.1666,4.2946,1.454,2.7252,4.4952,0.54206,1.9976,2.9858,1.9979,1.8443,3.8042,1.1913,1.7999,3.689,2.2555,2.6604,4.7065,1.3593,1.6207,4.1132,1.3542,2.1523,3.1525,0.60398,2.0184,3.0043,0.51529,2.432,2.6359,1.6617,2.3538,4.1876,2.2816,2.6514,4.7712,0.56943,2.0244,2.9636,1.5849,1.7044,3.3471,0.44522,3.0577,2.3167,0.65241,2.5507,2.6368,3.0633,2.7429,6.0722,0.056784,2.8899,2.7449,4.6953,2.9433,0.38889,2.2657,2.3307,3.6053,1.2101,3.0364,4.0424,1.3123,2.3795,3.4529,1.0265,3.0572,3.8596,2.3379,2.2304,3.738,1.1852,1.7646,3.6866,2.4282,2.3555,4.5839,2.5185,2.6834,4.068,1.3324,2.6733,4.3809,1.9023,1.8419,3.8343,1.2033,2.6984,3.7214,2.3306,2.4403,4.9056,1.5916,2.5647,3.4154,2.1632,2.2308,4.1277,0.77386,1.9313,3.3337,2.2683,2.3993,3.6583,2.2579,2.388,3.6258,2.2446,1.9738,4.9841,2.6007,2.2726,4.7845,2.3355,2.2474,3.7611,1.3776,1.5986,3.8697,2.2674,2.6668,4.7494,1.906,1.8697,3.8424,0.77265,2.1169,4.0669,1.5952,1.7624,4.2437,2.296,2.6678,4.7895,1.4495,2.3776,3.2661,6.0236,2.9073,2.3294,1.8402,1.7812,3.5247,1.8737,2.926,4.1651,2.0886,1.9664,4.8485,1.175,2.5804,4.3465,1.949,2.151,4.8745,1.6118,1.7052,3.9598,1.6109,2.0217,3.3377,1.0914,2.6838,3.6282,0.99538,2.782,3.8675,1.4588,2.459,3.8945,1.1588,2.7141,3.6585,1.8106,1.6717,4.0738,0.93356,2.4563,2.8144,1.9496,2.1091,4.4316,0.24536,2.7566,3.0055,1.059,1.9379,4.2727,0.98708,2.2969,3.0949,1.6733,2.3961,4.5996,0.96654,2.0418,2.8707,0.72519,1.9766,2.7348,1.5987,1.7004,3.9646,0.94837,2.4456,2.845,1.3502,1.5768,3.8447,2.7281,2.5721,4.5982,1.0848,2.1755,3.5979,1.1616,2.7352,3.6784,1.9756,1.976,4.4954,1.045,1.9482,4.2595,1.8636,1.6658,3.4625,1.666,2.5238,4.0033,2.1456,2.5323,4.8969,2.1129,2.3973,3.6599,1.2713,3.0403,3.4888,1.4584,1.4791,4.2023,0.63823,2.9875,3.6514,1.6178,1.6818,4.2072,0.7354,1.9904,2.7371,0.71246,2.1986,3.9621,2.6599,2.5918,4.5273,2.0289,2.0991,3.413,1.4238,2.8339,3.5619,1.0707,2.2609,3.5824,2.5565,2.0363,4.5268,1.4743,1.7221,4.4227,1.5596,2.5709,3.5893,2.0567,2.3516,4.1052,2.6502,2.3394,4.9404,0.50493,2.5246,3.0281
101.85,17.491,473.19,6.64,0.15172,1599.3,1.4577,1.8001,4.1116,1.2815,2.2446,4.2555,1.1594,1.9477,4.2394,2.4421,2.6219,4.2815,0.85504,2.0284,4.2879,1.508,2.5615,3.8894,3.221,2.8286,6.0891,1.1385,1.9548,4.2422,1.7332,1.6231,4.2142,1.3098,2.2292,4.3214,0.831,2.0647,4.2208,3.0136,2.8263,4.5826,5.5082,2.6832,1.2434,1.3301,2.7019,3.7118,0.8909,2.141,2.9981,2.5458,2.1488,4.5946,1.4579,1.6437,3.9308,0.63321,2.6383,3.7805,2.0369,1.7727,3.5205,1.0886,2.3863,3.1994,0.11239,2.3078,3.3406,1.7559,1.6774,3.4145,1.8998,2.73,4.174,1.7857,1.7185,3.4216,1.4445,1.6108,3.9587,0.38723,2.1841,3.1246,2.1228,2.426,4.4926,1.4673,1.7209,3.2127,0.8077,1.9556,2.7205,3.1577,2.8361,6.0032,2.062,1.8173,3.5419,1.0038,2.7453,2.905,1.8486,2.595,4.0727,0.66282,1.9366,2.7885,1.0442,2.4101,3.1275,1.9221,1.9183,4.5469,1.7013,1.6302,3.9018,0.53083,2.1853,3.7932,1.1876,2.5724,3.7559,0.90113,2.1552,3.1541,2.7091,2.3766,4.4947,2.157,2.257,4.8086,1.5023,1.6706,3.9606,1.9027,1.9374,4.5351,1.5317,2.2404,3.2548,0.73195,2.1871,3.0454,2.4498,2.4277,4.4138,1.9012,2.5814,4.7419,1.8401,2.6115,4.6992,2.6886,2.3892,4.5157,1.2817,2.5519,3.8715,1.7613,2.2598,4.3841,1.8948,2.9752,3.808,0.63111,2.4719,2.5897,1.4905,2.1059,4.6302,1.99,2.9811,3.9098,0.29253,2.4084,3.3108,1.658,1.5709,4.0694,0.68518,2.0761,3.0382,2.2459,2.2605,4.6619,0.77519,2.5201,3.2062,0.91981,2.155,3.1595,0.050029,2.8866,1.8665,2.0517,2.0344,4.6881,2.6617,2.3993,4.4919,2.5295,2.2667,5.0565,1.931,2.6255,4.2283,1.0845,1.7353,4.0258,4.6594,2.8681,0.53866,0.84775,2.136,3.0128,1.3193,2.073,4.3481,1.0337,2.1139,3.4617,2.0986,2.6636,4.3324,1.7349,1.5358,4.1205,1.2418,2.5147,3.1453,0.80016,2.4666,3.7431,2.0889,1.8524,3.6601,1.5255,2.4662,3.4184,1.5961,2.5647,3.624,1.598,1.5836,4.2504,1.8907,2.6613,4.3386,1.9595,2.6619,4.4203,3.4704,2.7567,6.2175,1.7423,1.5286,4.1134,1.7672,1.988,3.4532,2.0032,2.9115,4.8122,1.2261,2.5281,3.181,2.594,2.4409,4.9288,1.0951,2.6138,4.0671,1.5424,2.4488,3.4435,1.1153,1.8336,4.0703,1.6762,1.5488,4.0593,1.7489,1.9861,3.4254,0.25022,2.9184,3.3116,2.9462,2.2922,4.6736,1.3,1.9432,4.2204,1.3347,2.6192,3.488,1.4175,2.4477,3.341,1.8792,1.894,3.649,1.9399,2.4613,4.0363,1.0425,2.2892,3.1582,2.5422,1.9978,5.1427,1.2798,2.6309,3.4135,1.3795,2.4749,3.2983,0.33085,2.9275,3.377,0.64096,1.8548,2.7948,1.6476,1.9684,4.5077,1.4616,1.7798,4.1547,5.3921,2.8803,1.7149,0.81418,2.1045,2.8188,1.0601,2.6485,4.0558,2.244,2.5255,3.6127,2.5378,2.4066,4.8598,2.9035,2.6677,4.6058,2.1178,2.5011,4.4772,2.355,2.1372,4.2543,0.76249,2.0747,3.275,0.47815,2.4336,3.037,0.59033,2.1444,3.7006,2.3726,2.4267,4.4835,0.89698,2.4356,2.9904,1.2395,1.5999,4.2779,1.6755,2.0291,3.4255,6.0801,2.6684,1.8224,3.4079,2.9178,0.13718,0.85667,2.3823,3.0458,1.6612,1.6338,4.0648,1.5097,1.9032,3.1703,0.78922,2.429,2.936,2.161,2.3399,4.8747,1.2072,2.5666,3.1518,1.0234,1.9657,3.5026,0.43637,1.9826,3.2932,1.7192,2.0155,3.405,2.4002,2.1283,4.243,2.2038,2.1501,5.0075,1.2623,1.6663,3.8445,0.70226,1.9846,2.7736,2.2122,2.1725,5.0357,2.3701,2.2367,4.5587,1.5775,2.4338,3.9679,4.4212,2.9021,0.33662,1.9531,2.4217,4.0229,0.81146,1.9569,4.1166,1.3014,2.6313,4.285,3.7384,2.8103,0.081174,1.5484,1.6381,3.3019,0.23705,2.2999,3.2894,5.1185,2.9006,1.0662,0.6434,2.7477,3.3586,1.3503,2.5281,3.0467,2.1658,2.0967,4.9281,1.4944,2.0342,4.4073,1.5274,1.6301,3.3128,1.4264,2.9176,3.3849,0.57856,2.4208,2.8938,0.86803,2.4474,3.0076,0.2281,2.6063,3.3268,1.6474,2.317,4.1762,0.59341,2.4201,2.8439,1.0087,2.2779,3.5808,1.3911,1.7834,4.2766,0.30929,2.3252,3.3628,1.5239,1.603,3.3005,0.55756,2.4251,2.8756,3.285,2.8517,6.235,1.9344,2.5598,4.0056,2.0352,2.1977,4.6455,2.3924,2.7566,5.0091,1.9049,1.8935,3.8543,1.2979,1.7287,3.7186,2.1902,2.124,4.98,1.3869,2.6132,3.9608,0.95262,3.0802,2.7795,4.7737,2.9088,0.47526,1.3372,2.7108,4.3961,1.9166,1.9214,3.9005,1.3104,2.6521,2.9386,0.61545,2.7345,3.2499,1.0389,2.8905,4.226,0.74262,2.5483,2.7057,0.67072,2.0221,2.9086,0.55709,2.4107,3.3894,1.5653,2.1647,4.2979,1.4647,2.7265,4.5042,0.53742,1.9995,2.979,1.9986,1.8417,3.804,1.191,1.7974,3.6914,2.2484,2.6572,4.6961,1.3575,1.6248,4.1094,1.3518,2.1518,3.1514,0.60231,2.0222,2.9988,0.51776,2.4311,2.6394,1.6655,2.3598,4.191,2.2737,2.6471,4.7612,0.56576,2.0276,2.9561,1.5858,1.7041,3.3483,0.43617,3.0586,2.3054,0.65577,2.5531,2.6384,3.0729,2.742,6.0831,0.066421,2.8908,2.7565,4.698,2.9408,0.39077,2.2627,2.3257,3.5977,1.2186,3.0334,4.0533,1.3055,2.3846,3.4479,1.0321,3.056,3.8677,2.3363,2.2301,3.7341,1.1845,1.7597,3.6892,2.4284,2.3564,4.5847,2.514,2.6854,4.0694,1.3358,2.6729,4.3825,1.9027,1.8345,3.831,1.2062,2.6934,3.7237,2.3263,2.438,4.8971,1.5908,2.5619,3.4217,2.1634,2.2338,4.1299,0.77268,1.9334,3.3311,2.2641,2.3984,3.6528,2.253,2.3864,3.6187,2.2475,1.9765,4.9869,2.5987,2.2717,4.784,2.3339,2.2482,3.7587,1.3776,1.5988,3.8715,2.2588,2.6634,4.7386,1.9068,1.8647,3.8391,0.77265,2.1153,4.0724,1.5948,1.7587,4.2429,2.2884,2.6647,4.7799,1.4497,2.3773,3.2661,6.0307,2.9087,2.3378,1.8398,1.7803,3.5269,1.8694,2.9206,4.1591,2.0931,1.9669,4.8528,1.1783,2.5803,4.3498,1.9518,2.151,4.8746,1.612,1.7006,3.9595,1.6118,2.0225,3.3356,1.0939,2.6798,3.6299,0.9986,2.7799,3.8687,1.4626,2.4612,3.8977,1.1602,2.7103,3.6583,1.8092,1.6658,4.0731,0.93448,2.4562,2.816,1.9521,2.1114,4.4342,0.25391,2.7539,3.0134,1.0578,1.9367,4.2733,0.98813,2.2954,3.098,1.6756,2.3961,4.6005,0.9657,2.0397,2.8719,0.72445,1.9756,2.7348,1.598,1.6959,3.9645,0.94975,2.4451,2.8482,1.3486,1.5759,3.8452,2.7271,2.5713,4.5975,1.0845,2.1777,3.5962,1.1634,2.7323,3.6798,1.9755,1.9755,4.4962,1.0435,1.9473,4.2598,1.8642,1.6663,3.4632,1.6662,2.5254,4.0034,2.1473,2.5313,4.8956,2.1108,2.3982,3.6574,1.2756,3.0387,3.4923,1.459,1.4794,4.2008,0.63715,2.987,3.6512,1.6181,1.6785,4.2059,0.73507,1.9898,2.7371,0.71351,2.199,3.9628,2.6585,2.5912,4.5269,2.0306,2.0976,3.4118,1.4256,2.8297,3.5635,1.0695,2.2646,3.5793,2.5579,2.0383,4.53,1.4734,1.7215,4.4229,1.5575,2.57,3.5901,2.0567,2.3545,4.1072,2.6483,2.3382,4.9379,0.50768,2.5245,3.0312
101.85,17.491,473.19,6.64,0.16015,1592.4,1.4537,1.7966,4.1087,1.2826,2.2456,4.2581,1.1553,1.9451,4.239,2.4392,2.6195,4.281,0.85459,2.0279,4.2905,1.507,2.5653,3.8887,3.2349,2.8265,6.1061,1.133,1.9522,4.2425,1.7328,1.6181,4.2117,1.3119,2.2293,4.3277,0.82992,2.0655,4.2218,3.0198,2.8255,4.5871,5.4986,2.6767,1.2333,1.3327,2.6966,3.7143,0.88661,2.1406,2.9959,2.5516,2.1554,4.6059,1.4571,1.6433,3.9325,0.63129,2.6422,3.773,2.0388,1.7735,3.5233,1.0838,2.3848,3.2014,0.099883,2.3083,3.3235,1.7538,1.6767,3.4166,1.8915,2.725,4.1637,1.7859,1.7207,3.4237,1.4435,1.6082,3.961,0.38705,2.187,3.1202,2.128,2.4296,4.4988,1.467,1.725,3.2139,0.80654,1.9588,2.7192,3.1715,2.8355,6.0195,2.0682,1.8208,3.5489,1.002,2.7479,2.9047,1.8524,2.5968,4.0793,0.66504,1.9401,2.789,1.0406,2.4082,3.1305,1.9244,1.9186,4.5512,1.7024,1.6276,3.9031,0.534,2.1832,3.7989,1.189,2.5784,3.7571,0.89414,2.1601,3.1472,2.7211,2.381,4.5083,2.1634,2.264,4.8183,1.5047,1.6712,3.9633,1.9052,1.9397,4.5386,1.5369,2.2451,3.2543,0.72574,2.1925,3.0378,2.4515,2.4304,4.4199,1.8989,2.5802,4.731,1.8352,2.6125,4.6873,2.7025,2.3946,4.5359,1.2806,2.5556,3.8655,1.7679,2.2615,4.3903,1.8874,2.9688,3.799,0.63817,2.472,2.5961,1.4844,2.1106,4.6281,1.9866,2.9737,3.9053,0.2865,2.4091,3.3042,1.6578,1.5678,4.0683,0.68378,2.0778,3.0358,2.2446,2.2604,4.6601,0.78008,2.5125,3.2173,0.91543,2.158,3.155,0.047594,2.8857,1.8628,2.0575,2.0379,4.6951,2.6699,2.4041,4.5063,2.5236,2.261,5.0492,1.9244,2.614,4.2216,1.0844,1.7265,4.0316,4.658,2.863,0.53973,0.84709,2.1364,3.0139,1.3207,2.0712,4.3525,1.0318,2.1158,3.4595,2.0879,2.6573,4.3197,1.7376,1.5305,4.1175,1.2469,2.5119,3.1488,0.80332,2.4681,3.742,2.091,1.8482,3.656,1.52,2.4674,3.4149,1.5947,2.5644,3.629,1.5928,1.5799,4.2509,1.8813,2.6501,4.3265,1.9531,2.6516,4.4129,3.4757,2.7551,6.2216,1.7453,1.5242,4.1099,1.7708,1.9865,3.4535,1.9977,2.9093,4.8073,1.2293,2.5265,3.1856,2.5919,2.4406,4.9254,1.099,2.6135,4.0673,1.5385,2.4494,3.4423,1.1113,1.8337,4.0698,1.6773,1.5453,4.0579,1.7515,1.9848,3.4244,0.25008,2.9168,3.3118,2.9492,2.2917,4.678,1.2984,1.9427,4.2214,1.3386,2.6156,3.4963,1.4152,2.4472,3.341,1.8817,1.8876,3.6447,1.9398,2.4669,4.0391,1.0396,2.289,3.157,2.5425,1.9954,5.1428,1.2831,2.6282,3.421,1.3752,2.4753,3.2962,0.33149,2.9262,3.3776,0.63899,1.8565,2.7893,1.6435,1.9657,4.5108,1.4611,1.776,4.1566,5.3856,2.8792,1.709,0.81381,2.104,2.8205,1.0615,2.6509,4.0552,2.2469,2.5249,3.6121,2.5328,2.4044,4.8531,2.9096,2.6653,4.6108,2.1167,2.5003,4.4752,2.3553,2.1399,4.2584,0.76082,2.0796,3.2695,0.48536,2.4315,3.0447,0.58925,2.1442,3.7,2.3715,2.4235,4.4864,0.90457,2.4337,2.9977,1.2382,1.6011,4.2765,1.6734,2.0302,3.4239,6.069,2.6662,1.8107,3.4148,2.9164,0.14496,0.85875,2.3788,3.052,1.6612,1.6337,4.0638,1.5103,1.9053,3.1696,0.79024,2.4274,2.9387,2.1609,2.3394,4.8707,1.2099,2.5671,3.156,1.0242,1.9656,3.5027,0.43046,1.9827,3.2958,1.7198,2.0155,3.4022,2.401,2.1315,4.2465,2.2065,2.1495,5.0085,1.2602,1.6628,3.8461,0.70338,1.9847,2.7747,2.2154,2.173,5.0378,2.3729,2.2391,4.5635,1.578,2.4399,3.9679,4.429,2.8959,0.34454,1.9532,2.4263,4.0248,0.80997,1.9569,4.1157,1.3088,2.6342,4.2895,3.7478,2.8081,0.042618,1.5494,1.6393,3.3028,0.23269,2.2995,3.2838,5.117,2.895,1.0663,0.64533,2.7459,3.3612,1.3538,2.5292,3.0499,2.168,2.0941,4.9265,1.4947,2.03,4.4102,1.5275,1.63,3.3141,1.429,2.9171,3.386,0.58499,2.4192,2.9029,0.86553,2.4468,3.0087,0.22761,2.6056,3.3254,1.6495,2.3197,4.1792,0.59968,2.419,2.85,1.0053,2.2848,3.575,1.3909,1.7823,4.2751,0.30867,2.3263,3.3612,1.5237,1.6019,3.3013,0.56255,2.4241,2.883,3.2979,2.8501,6.2491,1.9303,2.5582,4.0037,2.0386,2.1981,4.6482,2.3774,2.7547,4.9917,1.9052,1.8886,3.8519,1.2976,1.7246,3.7202,2.1925,2.1223,4.9799,1.3866,2.6117,3.9591,0.94062,3.0803,2.7669,4.7781,2.9038,0.47949,1.3423,2.7116,4.4006,1.9171,1.9197,3.9016,1.3134,2.6529,2.9424,0.6246,2.7324,3.2608,1.0462,2.8893,4.2332,0.75148,2.5503,2.7119,0.67012,2.0256,2.9063,0.55764,2.411,3.3878,1.565,2.1628,4.3012,1.4749,2.7276,4.513,0.53298,2.0012,2.9724,1.9991,1.8393,3.8039,1.1906,1.7948,3.6937,2.242,2.654,4.6866,1.3558,1.6286,4.1057,1.3495,2.1512,3.1504,0.60068,2.0258,2.9937,0.52013,2.4303,2.6427,1.6693,2.3655,4.1944,2.2665,2.6429,4.7516,0.5623,2.0306,2.9492,1.5867,1.7037,3.3495,0.42687,3.0596,2.294,0.65888,2.5553,2.6399,3.0822,2.7412,6.0937,0.075891,2.8915,2.7679,4.7009,2.9382,0.3928,2.26,2.3207,3.5905,1.2261,3.0302,4.063,1.2993,2.3892,3.4432,1.0372,3.055,3.8754,2.3347,2.2299,3.7304,1.1839,1.7549,3.6917,2.4285,2.357,4.5854,2.5096,2.6873,4.0706,1.3393,2.6725,4.384,1.9032,1.8274,3.828,1.2089,2.6886,3.7259,2.3225,2.4359,4.8889,1.5898,2.5593,3.4277,2.1635,2.2368,4.1321,0.77148,1.9355,3.3285,2.26,2.3976,3.6476,2.2484,2.3849,3.6119,2.2503,1.9791,4.9895,2.5966,2.2707,4.7835,2.3322,2.2492,3.7565,1.3776,1.5989,3.8731,2.2506,2.66,4.7283,1.9078,1.8597,3.8359,0.77265,2.1137,4.0775,1.5946,1.755,4.2419,2.2811,2.6616,4.7708,1.4498,2.3772,3.2661,6.0377,2.9099,2.3462,1.8397,1.7795,3.5291,1.8655,2.9155,4.1534,2.0974,1.9674,4.8569,1.1814,2.5802,4.353,1.9545,2.1511,4.8746,1.6121,1.6963,3.959,1.6126,2.0233,3.3337,1.0961,2.676,3.6314,1.0016,2.7778,3.8698,1.4663,2.4633,3.9009,1.1614,2.7066,3.6582,1.8079,1.6603,4.0725,0.93536,2.4562,2.8175,1.9545,2.1138,4.4369,0.26211,2.7512,3.0209,1.0566,1.9357,4.2738,0.98906,2.2939,3.101,1.6778,2.3962,4.6014,0.96487,2.038,2.873,0.72375,1.9745,2.7348,1.5974,1.6918,3.9644,0.95104,2.4445,2.8512,1.347,1.575,3.8457,2.726,2.5707,4.597,1.0841,2.1799,3.5945,1.1651,2.7296,3.681,1.9755,1.975,4.497,1.042,1.9465,4.2603,1.8648,1.6667,3.4638,1.6663,2.527,4.0035,2.149,2.5302,4.8945,2.1089,2.399,3.655,1.2796,3.037,3.4958,1.4595,1.4796,4.1992,0.63593,2.9865,3.6507,1.6184,1.6755,4.2048,0.73474,1.9892,2.737,0.71452,2.1995,3.9634,2.6573,2.5905,4.5264,2.0323,2.0961,3.4107,1.4272,2.8257,3.565,1.0684,2.2681,3.5764,2.5593,2.0402,4.5332,1.4726,1.7209,4.423,1.5556,2.5692,3.5908,2.0566,2.3574,4.109,2.6466,2.337,4.9357,0.51028,2.5245,3.0342
101.85,17.491,473.19,6.64,0.16858,1580.9,1.4497,1.7929,4.106,1.2839,2.2465,4.2609,1.1511,1.9425,4.2387,2.4364,2.617,4.2809,0.85406,2.0277,4.2925,1.5059,2.5692,3.8878,3.2489,2.824,6.1237,1.1274,1.9495,4.2427,1.7325,1.6133,4.2092,1.3142,2.2295,4.334,0.82887,2.0666,4.2227,3.0254,2.8247,4.5913,5.489,2.6699,1.2232,1.335,2.6917,3.7165,0.88219,2.1404,2.9935,2.5575,2.1622,4.6175,1.4562,1.6432,3.9345,0.62946,2.6465,3.7649,2.0406,1.7744,3.5261,1.0782,2.3837,3.2027,0.08679,2.3087,3.3057,1.7515,1.6758,3.4187,1.8834,2.7202,4.154,1.786,1.7229,3.4259,1.4428,1.6057,3.9632,0.38671,2.19,3.1152,2.1337,2.4338,4.5053,1.4667,1.7296,3.2153,0.80527,1.9619,2.718,3.187,2.8345,6.0376,2.0752,1.8248,3.5576,0.99983,2.7508,2.9036,1.8572,2.5989,4.0866,0.66725,1.9439,2.7894,1.0365,2.4065,3.1333,1.9268,1.9189,4.5557,1.7035,1.6252,3.9046,0.53758,2.1807,3.8052,1.1905,2.5846,3.7584,0.88658,2.1654,3.1397,2.7338,2.3858,4.5226,2.1708,2.2718,4.829,1.5071,1.6715,3.9658,1.908,1.942,4.5423,1.5428,2.2508,3.2536,0.71955,2.1979,3.0304,2.4532,2.4333,4.4261,1.8967,2.579,4.7197,1.8304,2.6137,4.6746,2.7173,2.4001,4.5574,1.2787,2.5594,3.8583,1.7752,2.2634,4.3967,1.8799,2.9622,3.79,0.64504,2.4722,2.6025,1.477,2.1157,4.6247,1.9833,2.9658,3.9008,0.27911,2.4093,3.2962,1.6576,1.5645,4.0672,0.68237,2.0794,3.0336,2.2429,2.2601,4.6578,0.78468,2.5038,3.229,0.91117,2.1595,3.1522,0.045497,2.8848,1.8594,2.0633,2.0412,4.7022,2.6763,2.4085,4.5193,2.5178,2.2545,5.0419,1.9183,2.6027,4.2151,1.0839,1.7163,4.0383,4.6528,2.8605,0.53754,0.84772,2.1366,3.0171,1.3221,2.0693,4.357,1.0297,2.1176,3.4571,2.0767,2.6506,4.3065,1.7403,1.5243,4.1139,1.2518,2.509,3.1524,0.80654,2.4693,3.741,2.093,1.8437,3.6518,1.5143,2.4683,3.4118,1.5939,2.5629,3.635,1.587,1.5765,4.2518,1.8721,2.6386,4.3147,1.9468,2.6407,4.4055,3.4808,2.7534,6.2255,1.7482,1.5198,4.1063,1.7742,1.985,3.4536,1.993,2.9069,4.8034,1.2324,2.5248,3.19,2.5896,2.4401,4.9221,1.103,2.6134,4.0678,1.5348,2.4498,3.4412,1.1075,1.8336,4.0697,1.6784,1.5418,4.0566,1.7542,1.9834,3.4234,0.25017,2.915,3.3122,2.952,2.291,4.6821,1.2968,1.942,4.2223,1.3423,2.6122,3.5043,1.413,2.4468,3.3412,1.8838,1.8812,3.6406,1.9396,2.4723,4.0419,1.0367,2.2887,3.1559,2.5428,1.9932,5.1432,1.2861,2.6258,3.428,1.3711,2.4756,3.2942,0.33204,2.9249,3.3783,0.63709,1.8582,2.7842,1.6392,1.9635,4.5135,1.4603,1.7728,4.1583,5.3796,2.8781,1.7034,0.81347,2.1037,2.822,1.0626,2.6531,4.0548,2.2496,2.5241,3.6119,2.528,2.4022,4.8467,2.9152,2.6628,4.6155,2.1155,2.4996,4.4733,2.3556,2.1424,4.2623,0.75895,2.0843,3.2643,0.49227,2.4296,3.0521,0.58808,2.1439,3.6996,2.3701,2.4205,4.4892,0.91186,2.432,3.005,1.2369,1.6025,4.2752,1.6713,2.0313,3.4223,6.0584,2.6641,1.7996,3.4207,2.9151,0.15166,0.86036,2.3757,3.0575,1.6612,1.6335,4.0627,1.5107,1.9073,3.1689,0.79114,2.4259,2.9414,2.1609,2.339,4.867,1.2127,2.5674,3.1602,1.0249,1.9654,3.5029,0.4249,1.9829,3.2984,1.7204,2.0156,3.3994,2.4017,2.1347,4.2497,2.209,2.1488,5.0091,1.2579,1.6594,3.8478,0.70449,1.9848,2.7758,2.2186,2.1734,5.0398,2.3755,2.2413,4.5683,1.5783,2.4455,3.9678,4.4365,2.89,0.3521,1.9532,2.431,4.0265,0.80855,1.957,4.115,1.3161,2.6369,4.2939,3.7566,2.8059,0.040809,1.5501,1.6405,3.3036,0.22845,2.2993,3.2785,5.1155,2.8895,1.0665,0.64702,2.7441,3.3634,1.3571,2.5301,3.053,2.1702,2.0917,4.9252,1.4949,2.0261,4.4128,1.5275,1.6298,3.3152,1.4315,2.9166,3.3874,0.59102,2.4177,2.9115,0.8632,2.446,3.0099,0.22691,2.605,3.3238,1.6514,2.3223,4.1819,0.60541,2.4179,2.8555,1.0019,2.2915,3.5693,1.3907,1.7813,4.2736,0.30803,2.3274,3.3598,1.5234,1.6007,3.3021,0.56714,2.4232,2.8899,3.3101,2.8486,6.2673,1.9264,2.5565,4.0019,2.0417,2.1983,4.6507,2.3629,2.7527,4.9748,1.9053,1.8838,3.8497,1.2973,1.7208,3.7216,2.1947,2.1205,4.9798,1.3864,2.6103,3.9575,0.92891,3.0805,2.7548,4.7824,2.899,0.48365,1.3473,2.7122,4.4051,1.9177,1.9182,3.9026,1.3163,2.6537,2.9459,0.63291,2.7305,3.2706,1.0534,2.888,4.2403,0.75979,2.5522,2.7177,0.66958,2.029,2.9042,0.55817,2.4111,3.3863,1.5647,2.1608,4.3042,1.4846,2.7286,4.5213,0.52876,2.0029,2.9662,1.9995,1.8371,3.8038,1.1902,1.7924,3.6959,2.2364,2.6511,4.6782,1.354,1.6321,4.1021,1.3471,2.1506,3.1494,0.59912,2.0292,2.9889,0.52232,2.4296,2.6459,1.673,2.3709,4.1974,2.2597,2.6389,4.7427,0.55905,2.0333,2.9427,1.5875,1.7034,3.3505,0.41751,3.0605,2.2827,0.66167,2.5576,2.641,3.0911,2.7403,6.1038,0.084794,2.8921,2.7786,4.7035,2.936,0.39493,2.2576,2.316,3.5838,1.2326,3.0274,4.0716,1.2934,2.3934,3.439,1.0415,3.0539,3.882,2.3333,2.2297,3.7269,1.1832,1.7504,3.6941,2.4287,2.3577,4.5861,2.5054,2.6889,4.0718,1.3423,2.6722,4.3854,1.9035,1.8205,3.8252,1.2114,2.684,3.728,2.319,2.4338,4.8816,1.5889,2.557,3.4333,2.1637,2.2396,4.1343,0.77033,1.9374,3.3258,2.2562,2.3968,3.6425,2.244,2.3834,3.6055,2.253,1.9812,4.9917,2.5949,2.2699,4.783,2.3306,2.25,3.7544,1.3776,1.5991,3.8747,2.2432,2.6567,4.7189,1.9085,1.8551,3.8329,0.77267,2.1122,4.0824,1.5944,1.7516,4.2412,2.2744,2.6587,4.7623,1.4501,2.3771,3.2661,6.0443,2.9111,2.3542,1.8395,1.7788,3.5311,1.862,2.9106,4.1484,2.1015,1.9676,4.8605,1.1843,2.58,4.3559,1.9569,2.1512,4.8746,1.6124,1.6922,3.9587,1.6134,2.0242,3.3319,1.0982,2.6725,3.6328,1.0044,2.7759,3.8707,1.4698,2.4652,3.9038,1.1626,2.7032,3.658,1.8066,1.6551,4.072,0.93618,2.4561,2.8189,1.9568,2.1158,4.4393,0.26974,2.7487,3.0278,1.0556,1.9347,4.2743,0.98991,2.2926,3.1036,1.68,2.3962,4.6022,0.9641,2.0363,2.874,0.72312,1.9736,2.7348,1.5968,1.688,3.9642,0.95222,2.4441,2.854,1.3456,1.5741,3.8462,2.7252,2.57,4.5965,1.0838,2.1821,3.5927,1.1667,2.7269,3.6822,1.9753,1.9745,4.4977,1.0407,1.9455,4.2606,1.8653,1.6671,3.4645,1.6665,2.5284,4.0037,2.1506,2.5293,4.8934,2.1071,2.3999,3.6528,1.2835,3.0355,3.499,1.46,1.4799,4.1978,0.63464,2.9861,3.6502,1.6189,1.6726,4.2037,0.73445,1.9885,2.737,0.71545,2.2,3.964,2.656,2.5899,4.526,2.0339,2.0948,3.4096,1.4288,2.822,3.5664,1.0672,2.2714,3.5736,2.5607,2.042,4.5361,1.4719,1.7204,4.4233,1.5539,2.5685,3.5915,2.0566,2.36,4.1108,2.645,2.336,4.9337,0.51268,2.5243,3.0368
101.85,17.491,473.19,6.64,0.17701,1572.3,1.4456,1.7892,4.1031,1.2852,2.2475,4.2639,1.1469,1.9399,4.2383,2.4338,2.6147,4.281,0.85351,2.0277,4.2945,1.5048,2.5728,3.8869,3.2634,2.8213,6.1413,1.122,1.9469,4.243,1.7324,1.6086,4.2068,1.3165,2.2298,4.3404,0.82782,2.0679,4.2236,3.0307,2.8238,4.5954,5.4796,2.6632,1.2134,1.3372,2.6875,3.7184,0.87775,2.1403,2.9911,2.5637,2.1688,4.6292,1.4556,1.6432,3.9363,0.62761,2.6506,3.7569,2.0424,1.7755,3.5287,1.0718,2.383,3.203,0.073268,2.309,3.2874,1.7492,1.6749,3.421,1.8761,2.7155,4.145,1.7861,1.7249,3.4282,1.4421,1.6034,3.9653,0.3864,2.193,3.1102,2.1395,2.4379,4.5119,1.4666,1.7346,3.2168,0.80401,1.9646,2.7169,3.2039,2.8335,6.0571,2.0825,1.8285,3.5665,0.99796,2.7539,2.9025,1.8623,2.6011,4.0941,0.66944,1.9476,2.7898,1.0321,2.4048,3.1357,1.9296,1.9193,4.5606,1.7047,1.6231,3.9061,0.54164,2.1779,3.8122,1.1923,2.5903,3.7601,0.87905,2.1704,3.1324,2.7466,2.3905,4.5367,2.1783,2.2791,4.8397,1.5095,1.6717,3.9682,1.9112,1.9446,4.546,1.5494,2.2567,3.2534,0.71386,2.2025,3.0243,2.4546,2.4358,4.432,1.8946,2.5778,4.7083,1.8256,2.6148,4.6618,2.7321,2.4052,4.579,1.2766,2.5629,3.8506,1.7825,2.265,4.4031,1.8724,2.9554,3.781,0.65159,2.4722,2.6087,1.4689,2.121,4.6205,1.98,2.9573,3.8966,0.27201,2.4096,3.2887,1.6573,1.5612,4.066,0.68105,2.0806,3.0315,2.2411,2.2597,4.6553,0.78831,2.4951,3.24,0.90787,2.1603,3.1504,0.043719,2.8836,1.8565,2.0695,2.0444,4.7093,2.6818,2.4121,4.5314,2.512,2.2478,5.0345,1.9128,2.5919,4.2094,1.0833,1.7061,4.045,4.6467,2.8589,0.53426,0.84912,2.1369,3.021,1.3236,2.0672,4.3612,1.0275,2.1196,3.4548,2.0658,2.6438,4.2937,1.7429,1.518,4.1104,1.2567,2.506,3.1559,0.80981,2.4704,3.7401,2.095,1.8395,3.6477,1.5087,2.4691,3.4088,1.5935,2.5611,3.6414,1.5812,1.5735,4.253,1.8638,2.6274,4.3036,1.9411,2.6302,4.3985,3.4857,2.7519,6.2292,1.7512,1.5155,4.1027,1.7775,1.9833,3.4538,1.9886,2.9045,4.7999,1.2355,2.5232,3.1943,2.5875,2.4398,4.9186,1.107,2.6131,4.0686,1.531,2.4501,3.4401,1.1037,1.8335,4.0698,1.6795,1.5383,4.0552,1.7567,1.9819,3.4225,0.25038,2.9135,3.3127,2.9544,2.2904,4.6857,1.2953,1.9414,4.2232,1.3459,2.609,3.5118,1.4108,2.4463,3.3413,1.886,1.8746,3.6366,1.9395,2.4773,4.0445,1.0339,2.2884,3.1548,2.5432,1.9912,5.1437,1.2887,2.6235,3.4348,1.3671,2.4759,3.2924,0.3326,2.9236,3.3788,0.63533,1.8597,2.7794,1.6351,1.9614,4.5158,1.4597,1.7697,4.1601,5.3738,2.8772,1.6981,0.81317,2.1034,2.8236,1.0638,2.6553,4.0545,2.2523,2.5234,3.612,2.5235,2.4001,4.8405,2.9208,2.6604,4.6201,2.1144,2.499,4.4715,2.3557,2.1448,4.2662,0.75702,2.0887,3.259,0.49895,2.4276,3.0592,0.58693,2.1435,3.6991,2.3691,2.4177,4.4918,0.91884,2.4303,3.0118,1.2356,1.6038,4.2738,1.6692,2.0323,3.4206,6.0481,2.6619,1.7887,3.426,2.9136,0.15769,0.86155,2.3728,3.0624,1.6612,1.6332,4.0617,1.5111,1.9091,3.1683,0.79191,2.4244,2.9436,2.161,2.3385,4.8634,1.2154,2.5677,3.1644,1.0255,1.9651,3.5032,0.41949,1.983,3.3007,1.721,2.0155,3.3968,2.4026,2.1378,4.2532,2.2113,2.1483,5.0097,1.2558,1.6563,3.8493,0.70558,1.985,2.7768,2.2214,2.1736,5.0416,2.3781,2.2434,4.5727,1.5787,2.4509,3.9678,4.4435,2.8843,0.35938,1.9533,2.4354,4.0283,0.8072,1.957,4.1143,1.3232,2.6397,4.2984,3.765,2.8038,0.051437,1.5509,1.6416,3.3044,0.22441,2.299,3.2735,5.1143,2.8842,1.067,0.64848,2.7423,3.3654,1.3602,2.5309,3.056,2.1724,2.0894,4.924,1.4949,2.0222,4.4154,1.5276,1.6295,3.3164,1.434,2.9161,3.3887,0.59677,2.4163,2.9199,0.86101,2.4453,3.0112,0.22612,2.6045,3.3222,1.6534,2.3246,4.1848,0.6109,2.417,2.8608,0.99834,2.2981,3.5634,1.3904,1.7804,4.2721,0.30742,2.3284,3.3584,1.5232,1.5994,3.303,0.57157,2.4226,2.8967,3.3215,2.8469,0.099191,1.9225,2.555,4.0001,2.0449,2.1985,4.6532,2.3489,2.7508,4.9585,1.9055,1.8789,3.8477,1.297,1.717,3.7231,2.1968,2.1188,4.9797,1.3864,2.609,3.956,0.91727,3.0808,2.7426,4.7864,2.8942,0.48777,1.3522,2.7128,4.4096,1.9183,1.9167,3.9037,1.319,2.6545,2.9494,0.6406,2.7287,3.2799,1.0604,2.8867,4.2473,0.76776,2.554,2.7232,0.66916,2.0321,2.9024,0.5587,2.4113,3.3849,1.5644,2.1588,4.3073,1.4939,2.7295,4.5292,0.52475,2.0044,2.9603,1.9999,1.835,3.8039,1.1899,1.7901,3.698,2.2314,2.6485,4.6705,1.3522,1.6355,4.0986,1.3449,2.15,3.1483,0.59762,2.0324,2.9844,0.52443,2.4288,2.649,1.6765,2.3762,4.2004,2.2534,2.6351,4.7343,0.55605,2.0356,2.9367,1.5883,1.7031,3.3517,0.40804,3.0614,2.2714,0.66423,2.5599,2.6419,3.0997,2.7393,6.1135,0.093524,2.8927,2.789,4.7064,2.9338,0.39719,2.2555,2.3113,3.5775,1.2384,3.0245,4.0794,1.2879,2.3971,3.4352,1.0455,3.053,3.8883,2.3319,2.2295,3.7234,1.1826,1.746,3.6964,2.4287,2.3584,4.5866,2.5013,2.6904,4.073,1.3453,2.6719,4.3867,1.9038,1.8138,3.8226,1.2137,2.6796,3.7298,2.3158,2.432,4.8747,1.5879,2.5547,3.4386,2.164,2.2423,4.1364,0.76917,1.9394,3.3234,2.2526,2.3959,3.6376,2.2399,2.3819,3.5993,2.2553,1.9831,4.9936,2.593,2.269,4.7825,2.3291,2.2508,3.7523,1.3776,1.5991,3.8761,2.2362,2.6536,4.7098,1.9093,1.8505,3.83,0.7727,2.1107,4.0871,1.5941,1.7483,4.2403,2.268,2.6558,4.7542,1.4502,2.3769,3.2662,6.0511,2.9123,2.362,1.8394,1.7781,3.5331,1.8586,2.9059,4.1435,2.1053,1.9679,4.864,1.1869,2.5799,4.3588,1.9592,2.1513,4.8746,1.6126,1.6883,3.9585,1.6143,2.0248,3.3302,1.1,2.6692,3.6341,1.0069,2.7742,3.8714,1.4731,2.4669,3.9068,1.1638,2.6999,3.6578,1.8053,1.6503,4.0715,0.93695,2.4561,2.8201,1.9591,2.1179,4.4417,0.27709,2.7462,3.0346,1.0544,1.9336,4.2748,0.99065,2.2913,3.1061,1.682,2.3963,4.603,0.96333,2.0346,2.8749,0.72253,1.9727,2.7349,1.5963,1.6844,3.9642,0.95334,2.4436,2.8566,1.3442,1.5732,3.8466,2.7244,2.5694,4.5961,1.0835,2.1841,3.5912,1.1682,2.7246,3.6834,1.9753,1.974,4.4984,1.0394,1.9447,4.261,1.8659,1.6675,3.465,1.6665,2.5297,4.0038,2.1522,2.5284,4.8924,2.1054,2.4005,3.6506,1.2871,3.034,3.5021,1.4605,1.4801,4.1964,0.63327,2.9857,3.6495,1.6192,1.6699,4.2025,0.73415,1.9879,2.737,0.71635,2.2004,3.9645,2.6548,2.5893,4.5257,2.0354,2.0935,3.4087,1.4303,2.8185,3.5678,1.0661,2.2746,3.5708,2.5619,2.0438,4.5391,1.4712,1.7199,4.4234,1.5522,2.5679,3.5922,2.0566,2.3624,4.1124,2.6435,2.3349,4.9317,0.51498,2.5243,3.0393
101.85,17.491,473.19,6.64,0.18544,1561.2,1.4413,1.7854,4.1003,1.2866,2.2483,4.2669,1.1428,1.9373,4.2379,2.4313,2.6122,4.2813,0.85291,2.0277,4.2962,1.5036,2.5765,3.8859,3.278,2.8185,6.1593,1.1165,1.9441,4.2432,1.7323,1.6041,4.2042,1.3188,2.2302,4.347,0.82677,2.0693,4.2243,3.0355,2.823,4.5991,5.4703,2.6562,1.2038,1.3391,2.6836,3.7203,0.87322,2.1402,2.9883,2.57,2.1754,4.6411,1.4548,1.6435,3.9382,0.62603,2.655,3.7487,2.0442,1.7765,3.5314,1.0645,2.3826,3.2023,0.059395,2.3092,3.2686,1.7468,1.6738,3.4234,1.8692,2.711,4.1367,1.7863,1.7271,3.4305,1.4416,1.6012,3.9673,0.38596,2.196,3.1048,2.1457,2.4425,4.5189,1.4666,1.7397,3.2186,0.80263,1.9672,2.7159,3.2229,2.8323,6.079,2.0901,1.8323,3.5762,0.99618,2.7569,2.9014,1.8678,2.6035,4.1023,0.67157,1.9513,2.7902,1.0273,2.4031,3.138,1.9325,1.9199,4.5657,1.7057,1.6211,3.9079,0.54623,2.1749,3.8199,1.1943,2.596,3.7619,0.87113,2.1756,3.1247,2.7597,2.3952,4.5507,2.1867,2.2865,4.8508,1.5121,1.6715,3.9704,1.9148,1.9472,4.55,1.557,2.2632,3.2534,0.70834,2.2072,3.0186,2.4557,2.4383,4.438,1.8926,2.5766,4.6965,1.8209,2.6161,4.6485,2.7472,2.4104,4.6011,1.2739,2.5664,3.8418,1.7904,2.2666,4.4098,1.8647,2.9483,3.7719,0.65786,2.4722,2.6147,1.4597,2.1268,4.6151,1.977,2.9483,3.8924,0.26502,2.4104,3.2807,1.657,1.5579,4.0647,0.67976,2.0817,3.0296,2.2389,2.259,4.6523,0.79144,2.4856,3.2512,0.90511,2.1603,3.1501,0.042441,2.8825,1.8541,2.0757,2.0475,4.7164,2.6858,2.4152,4.5419,2.5062,2.241,5.0267,1.9077,2.5814,4.2037,1.0824,1.6948,4.0524,4.6396,2.8585,0.52999,0.85132,2.1373,3.026,1.3252,2.0652,4.3654,1.0252,2.1215,3.4524,2.0547,2.6367,4.2805,1.7457,1.5111,4.1065,1.2614,2.503,3.1592,0.81316,2.4713,3.7393,2.097,1.8351,3.6436,1.5031,2.4696,3.4063,1.5933,2.5586,3.6482,1.5751,1.5707,4.2543,1.8557,2.6161,4.2927,1.9356,2.6196,4.3916,3.4903,2.7504,6.2326,1.7541,1.5109,4.0989,1.7807,1.9815,3.454,1.9846,2.902,4.7967,1.2384,2.5216,3.1986,2.5854,2.4394,4.9152,1.111,2.6128,4.0696,1.5272,2.4504,3.4393,1.1,1.8332,4.07,1.6807,1.5349,4.0538,1.7593,1.9804,3.4217,0.25086,2.9119,3.3134,2.9566,2.2897,4.6891,1.2936,1.9406,4.2241,1.3495,2.606,3.5192,1.4088,2.4458,3.3415,1.8881,1.868,3.6328,1.9393,2.4821,4.0471,1.0313,2.2879,3.1539,2.5436,1.9893,5.1443,1.2912,2.6213,3.4412,1.3632,2.4762,3.2906,0.33317,2.9222,3.3795,0.63367,1.861,2.7749,1.631,1.9595,4.5179,1.459,1.767,4.1618,5.3683,2.8762,1.6932,0.81293,2.103,2.8251,1.0649,2.6574,4.0542,2.255,2.5227,3.6124,2.5191,2.398,4.8345,2.9261,2.6579,4.6246,2.1135,2.4983,4.4699,2.3558,2.1471,4.2699,0.75504,2.0928,3.254,0.50534,2.4257,3.0661,0.58573,2.1431,3.6986,2.3681,2.4151,4.4945,0.92553,2.4287,3.0184,1.2343,1.6053,4.2724,1.667,2.0333,3.419,6.0383,2.6598,1.7784,3.4305,2.9123,0.16297,0.86242,2.3703,3.0666,1.6612,1.633,4.0609,1.5115,1.911,3.1677,0.79257,2.4231,2.9457,2.1611,2.3381,4.86,1.218,2.5681,3.1686,1.0261,1.9648,3.5036,0.41434,1.9832,3.3031,1.7215,2.0154,3.3941,2.4033,2.1407,4.2564,2.2135,2.1476,5.0102,1.2537,1.6534,3.8506,0.70662,1.9852,2.7777,2.2241,2.1739,5.0434,2.3805,2.2455,4.577,1.5791,2.456,3.9676,4.45,2.8787,0.36632,1.9534,2.4398,4.03,0.80589,1.9571,4.1136,1.3301,2.6423,4.3027,3.7729,2.8018,0.060171,1.5518,1.6427,3.3052,0.22055,2.2986,3.2688,5.1132,2.879,1.0675,0.64976,2.7407,3.3672,1.3631,2.5318,3.0588,2.1747,2.0871,4.923,1.4949,2.0185,4.4178,1.5277,1.6292,3.3175,1.4365,2.9156,3.3898,0.60221,2.4149,2.9277,0.85896,2.4446,3.0125,0.22523,2.6039,3.3206,1.6553,2.3269,4.1875,0.61603,2.4161,2.8658,0.99487,2.3043,3.5577,1.3901,1.7794,4.2707,0.30681,2.3292,3.3572,1.5229,1.5983,3.3037,0.5757,2.4219,2.9029,3.3321,2.8454,5.9921,1.9187,2.5535,3.9983,2.0479,2.1987,4.6556,2.3357,2.7488,4.9429,1.9056,1.8742,3.8457,1.2966,1.7135,3.7244,2.1989,2.1172,4.9796,1.3863,2.6079,3.9547,0.90585,3.081,2.7308,4.7903,2.8895,0.49181,1.3568,2.7134,4.4139,1.9189,1.9154,3.9047,1.3217,2.6552,2.9526,0.64764,2.727,3.2883,1.0671,2.8853,4.2541,0.77524,2.5558,2.7283,0.66879,2.0351,2.9008,0.55922,2.4116,3.3837,1.564,2.1568,4.31,1.5028,2.7303,4.5368,0.52096,2.0058,2.9547,2.0003,1.8329,3.8039,1.1895,1.7879,3.7001,2.227,2.6459,4.6636,1.3505,1.6386,4.0954,1.3427,2.1494,3.1473,0.59619,2.0354,2.98,0.52642,2.4281,2.6518,1.6799,2.3811,4.2031,2.2475,2.6313,4.7265,0.55323,2.0379,2.931,1.589,1.7028,3.3527,0.39857,3.0622,2.2601,0.66652,2.5621,2.6426,3.1079,2.7383,6.1227,0.10181,2.8932,2.7988,4.7092,2.9317,0.3995,2.2536,2.3068,3.5716,1.2435,3.0218,4.0863,1.2828,2.4005,3.4317,1.049,3.052,3.8941,2.3306,2.2293,3.7202,1.182,1.7418,3.6986,2.4288,2.359,4.5872,2.4973,2.6917,4.0739,1.3481,2.6716,4.3878,1.9042,1.8075,3.8202,1.2159,2.6755,3.7315,2.3131,2.4302,4.8683,1.587,2.5527,3.4436,2.1643,2.245,4.1386,0.76804,1.9413,3.321,2.2492,2.3951,3.6329,2.2359,2.3805,3.5934,2.2575,1.9848,4.9953,2.5913,2.2683,4.782,2.3276,2.2517,3.7504,1.3777,1.5991,3.8774,2.2297,2.6506,4.7015,1.9101,1.8461,3.8274,0.77273,2.1093,4.0915,1.5938,1.7452,4.2395,2.2619,2.6531,4.7464,1.4504,2.3768,3.2662,6.0575,2.9133,2.3697,1.8394,1.7774,3.5349,1.8557,2.9015,4.1392,2.1089,1.9681,4.8671,1.1894,2.5798,4.3614,1.9614,2.1514,4.8746,1.6129,1.6847,3.9581,1.6152,2.0255,3.3287,1.1017,2.6662,3.6352,1.0094,2.7725,3.8721,1.4762,2.4684,3.9095,1.1648,2.697,3.6575,1.8041,1.6458,4.071,0.93767,2.4561,2.8213,1.9613,2.1198,4.4439,0.28396,2.7438,3.0408,1.0535,1.9327,4.2753,0.99133,2.2902,3.1084,1.6841,2.3964,4.6039,0.96261,2.0332,2.8757,0.72198,1.9719,2.7349,1.5958,1.6811,3.964,0.95436,2.4431,2.8591,1.3429,1.5723,3.8471,2.7237,2.5689,4.5958,1.0831,2.1861,3.5897,1.1696,2.7223,3.6844,1.9752,1.9735,4.499,1.0382,1.9439,4.2614,1.8664,1.6679,3.4656,1.6667,2.531,4.0039,2.1536,2.5275,4.8915,2.1039,2.4013,3.6485,1.2906,3.0327,3.505,1.461,1.4804,4.1952,0.63185,2.9853,3.6487,1.6196,1.6674,4.2016,0.73389,1.9873,2.7369,0.71718,2.2009,3.965,2.6538,2.5888,4.5253,2.0368,2.0923,3.4078,1.4317,2.8152,3.569,1.065,2.2775,3.5683,2.5632,2.0454,4.5418,1.4706,1.7195,4.4236,1.5507,2.5673,3.5929,2.0566,2.3647,4.114,2.6421,2.3341,4.93,0.51712,2.5242,3.0418
101.85,17.491,473.19,6.64,0.19387,1548.7,1.437,1.7815,4.0976,1.2881,2.2492,4.2702,1.1388,1.9348,4.2374,2.4289,2.6098,4.2817,0.85227,2.0279,4.2977,1.5024,2.5802,3.8845,3.293,2.8152,6.1778,1.1109,1.9415,4.2434,1.7323,1.5997,4.2018,1.3213,2.2307,4.3535,0.8257,2.071,4.2249,3.0399,2.8222,4.6024,5.4612,2.6491,1.1944,1.3408,2.6802,3.7218,0.86855,2.1402,2.9854,2.5767,2.182,4.6534,1.4541,1.644,3.9403,0.62463,2.6597,3.7404,2.0459,1.7775,3.534,1.056,2.3827,3.2004,0.045793,2.3091,3.2492,1.7442,1.6726,3.426,1.8628,2.7066,4.129,1.7864,1.7291,3.433,1.4413,1.5994,3.9693,0.38536,2.1992,3.099,2.1524,2.4474,4.5264,1.4667,1.7453,3.2207,0.80115,1.9697,2.7151,3.2443,2.8307,6.1036,2.0983,1.8359,3.5866,0.99452,2.7601,2.9,1.874,2.606,4.1111,0.67364,1.9552,2.7904,1.022,2.4015,3.1402,1.9357,1.9207,4.5713,1.7068,1.6195,3.9097,0.55147,2.1715,3.8286,1.1966,2.6016,3.7639,0.86285,2.1808,3.1168,2.7731,2.4002,4.5648,2.1959,2.2939,4.8624,1.5147,1.6711,3.9726,1.9189,1.9498,4.5542,1.5658,2.2703,3.2536,0.70312,2.2116,3.0137,2.4566,2.4407,4.444,1.8908,2.5755,4.6845,1.816,2.6173,4.6347,2.7623,2.4154,4.6234,1.2707,2.5699,3.832,1.799,2.2682,4.4167,1.857,2.9408,3.7628,0.66382,2.4721,2.6203,1.4492,2.1329,4.6085,1.974,2.9387,3.8884,0.25874,2.412,3.2731,1.6567,1.5544,4.0634,0.67853,2.0824,3.0279,2.2363,2.258,4.6487,0.79381,2.4754,3.2622,0.90289,2.1594,3.1515,0.0417,2.8813,1.8523,2.0821,2.0504,4.7233,2.6882,2.4176,4.5511,2.5006,2.2346,5.0187,1.9029,2.5712,4.1985,1.0812,1.6825,4.0604,4.6321,2.8589,0.52529,0.85428,2.1376,3.032,1.3268,2.0628,4.3696,1.0228,2.1235,3.45,2.0434,2.6292,4.267,1.7483,1.5035,4.1023,1.266,2.4998,3.1626,0.8166,2.472,3.7386,2.099,1.8307,3.6395,1.4979,2.4698,3.4042,1.5936,2.5555,3.6554,1.5691,1.5681,4.2555,1.8482,2.6048,4.2823,1.9305,2.6089,4.3849,3.4948,2.7488,6.2359,1.7571,1.5063,4.095,1.7839,1.9795,3.454,1.981,2.8995,4.7939,1.2413,2.5199,3.2028,2.5831,2.439,4.9117,1.1152,2.6126,4.0709,1.5236,2.4505,3.4386,1.0966,1.8329,4.0703,1.6818,1.5315,4.0524,1.7617,1.9788,3.4209,0.25159,2.9103,3.3144,2.9586,2.289,4.6922,1.292,1.9399,4.225,1.3529,2.6029,3.5261,1.4066,2.4452,3.3417,1.8899,1.8613,3.6292,1.9391,2.4866,4.0496,1.0288,2.2874,3.1531,2.5441,1.9875,5.1449,1.2934,2.6191,3.4472,1.3595,2.4763,3.2889,0.33377,2.9209,3.3802,0.63213,1.8623,2.7708,1.6271,1.9579,4.5197,1.4584,1.7644,4.1634,5.3632,2.8753,1.6886,0.81272,2.1028,2.8267,1.0658,2.6594,4.0541,2.2575,2.5221,3.6128,2.5149,2.3961,4.8289,2.9311,2.6555,4.6287,2.1127,2.4978,4.4683,2.3557,2.1492,4.2734,0.75305,2.0967,3.2492,0.51144,2.424,3.0727,0.58454,2.1426,3.6982,2.3671,2.4127,4.4971,0.93189,2.4271,3.0247,1.233,1.6067,4.271,1.665,2.0342,3.4175,6.0288,2.6575,1.7687,3.4344,2.9111,0.1675,0.86299,2.368,3.0704,1.6611,1.6328,4.06,1.5116,1.9126,3.1671,0.79314,2.4219,2.9475,2.1612,2.3376,4.8567,1.2204,2.5683,3.1726,1.0266,1.9644,3.504,0.40946,1.9834,3.3051,1.722,2.0152,3.3916,2.404,2.1435,4.2597,2.2155,2.147,5.0107,1.2515,1.6507,3.8518,0.70764,1.9853,2.7785,2.2267,2.1741,5.045,2.3828,2.2473,4.5811,1.5793,2.4607,3.9675,4.4562,2.8734,0.3729,1.9535,2.4439,4.0316,0.80466,1.9571,4.1129,1.3367,2.6449,4.307,3.7803,2.8,0.068431,1.5525,1.6438,3.3059,0.21688,2.2983,3.2644,5.1123,2.8741,1.0682,0.65084,2.7391,3.3688,1.3657,2.5326,3.0614,2.1769,2.0849,4.9221,1.4948,2.0149,4.4201,1.5277,1.6289,3.3185,1.4389,2.9151,3.3912,0.60729,2.4137,2.9351,0.85704,2.4438,3.0138,0.22422,2.6034,3.3189,1.657,2.3291,4.1901,0.6208,2.4153,2.8704,0.99142,2.3104,3.5522,1.3899,1.7785,4.2693,0.3062,2.3301,3.3561,1.5226,1.5971,3.3045,0.57957,2.4212,2.9087,3.3418,2.8439,6.278,1.9151,2.552,3.9965,2.0508,2.1988,4.6578,2.3233,2.7467,4.9282,1.9056,1.8696,3.8439,1.2963,1.7102,3.7257,2.2008,2.1156,4.9795,1.3863,2.6069,3.9534,0.89474,3.0812,2.7193,4.7939,2.885,0.49575,1.3613,2.7139,4.4182,1.9194,1.914,3.9056,1.3242,2.6559,2.9557,0.65404,2.7255,3.2961,1.0737,2.884,4.2605,0.78221,2.5575,2.733,0.66849,2.0378,2.8993,0.55971,2.4117,3.3824,1.5637,2.1547,4.3126,1.511,2.731,4.5439,0.51739,2.0072,2.9495,2.0006,1.831,3.804,1.1892,1.7858,3.702,2.2232,2.6436,4.6573,1.3488,1.6415,4.0922,1.3404,2.1488,3.1464,0.59483,2.0382,2.976,0.52827,2.4275,2.6545,1.6832,2.3857,4.2057,2.242,2.6279,4.7191,0.55062,2.04,2.9259,1.5896,1.7025,3.3536,0.38922,3.063,2.249,0.66856,2.5643,2.6432,3.1157,2.7374,6.1315,0.10968,2.8937,2.8082,4.7118,2.9297,0.40184,2.252,2.3026,3.566,1.2481,3.0192,4.0926,1.278,2.4035,3.4286,1.0521,3.0512,3.8992,2.3293,2.2292,3.7172,1.1814,1.7378,3.7008,2.4289,2.3596,4.5877,2.4935,2.6927,4.0749,1.3507,2.6714,4.3888,1.9045,1.8014,3.818,1.2179,2.6716,3.733,2.3106,2.4287,4.8625,1.5861,2.5507,3.4482,2.1645,2.2475,4.1406,0.76694,1.9431,3.3186,2.246,2.3943,3.6284,2.2322,2.3792,3.5878,2.2596,1.9864,4.9969,2.5897,2.2675,4.7815,2.3262,2.2526,3.7486,1.3777,1.599,3.8787,2.2236,2.6478,4.6937,1.9108,1.842,3.8248,0.77277,2.108,4.0956,1.5936,1.7422,4.2388,2.2563,2.6506,4.7392,1.4506,2.3767,3.2662,6.0638,2.9142,2.377,1.8395,1.7768,3.5366,1.853,2.8974,4.1352,2.1123,1.9683,4.87,1.1918,2.5796,4.3638,1.9634,2.1516,4.8745,1.6132,1.6814,3.9578,1.616,2.0261,3.3272,1.1033,2.6634,3.6362,1.0116,2.7709,3.8727,1.4791,2.4698,3.9121,1.1657,2.6941,3.6573,1.803,1.6416,4.0706,0.93834,2.456,2.8223,1.9633,2.1216,4.446,0.29036,2.7414,3.0465,1.0526,1.9318,4.2758,0.99195,2.2892,3.1106,1.6859,2.3964,4.6046,0.96193,2.0318,2.8764,0.72149,1.9712,2.735,1.5953,1.678,3.9639,0.95532,2.4427,2.8614,1.3417,1.5715,3.8475,2.7231,2.5683,4.5955,1.0828,2.1879,3.5882,1.171,2.7201,3.6854,1.9752,1.9731,4.4996,1.0372,1.9432,4.2618,1.8669,1.6682,3.4662,1.6668,2.5321,4.004,2.155,2.5268,4.8907,2.1023,2.402,3.6467,1.2939,3.0314,3.5078,1.4615,1.4806,4.194,0.63043,2.9849,3.6479,1.6201,1.6651,4.2007,0.73365,1.9868,2.7369,0.71796,2.2014,3.9655,2.6528,2.5882,4.525,2.0381,2.0912,3.407,1.433,2.8121,3.5703,1.064,2.2803,3.5659,2.5643,2.047,4.5444,1.4699,1.719,4.4238,1.5492,2.5667,3.5935,2.0566,2.367,4.1156,2.6409,2.3333,4.9284,0.51911,2.5242,3.044
101.85,17.491,473.19,6.64,0.2023,1533.8,1.4327,1.7775,4.0948,1.2898,2.25,4.2735,1.1349,1.9323,4.2369,2.4268,2.6075,4.2824,0.85159,2.0283,4.2989,1.501,2.5839,3.8831,3.3084,2.8115,6.1966,1.1053,1.9387,4.2435,1.7323,1.5956,4.1993,1.3238,2.2313,4.3602,0.82461,2.073,4.2255,3.0438,2.8213,4.6054,5.4521,2.6418,1.1851,1.3424,2.6774,3.7233,0.86374,2.1402,2.9822,2.5836,2.1887,4.666,1.4534,1.6449,3.9424,0.62334,2.6647,3.7316,2.0476,1.7785,3.5367,1.0466,2.3833,3.1971,0.041379,2.3089,3.2294,1.7415,1.6715,3.4287,1.8566,2.7025,4.1218,1.7865,1.7313,3.4357,1.4413,1.5979,3.9712,0.38454,2.2024,3.0926,2.1597,2.4529,4.5344,1.4669,1.7513,3.223,0.79958,1.9719,2.7143,3.2688,2.8288,6.1315,2.1071,1.8396,3.5979,0.99292,2.7634,2.8984,1.8808,2.6089,4.1204,0.6756,1.9592,2.7904,1.016,2.3999,3.1421,1.9395,1.9217,4.5773,1.7079,1.6184,3.9118,0.55748,2.1677,3.8384,1.1989,2.6074,3.7657,0.85405,2.1863,3.1086,2.7868,2.4053,4.5788,2.2064,2.3016,4.8755,1.5175,1.6702,3.9746,1.9235,1.9526,4.5588,1.5759,2.2778,3.2541,0.69824,2.2156,3.0099,2.4573,2.4429,4.45,1.8896,2.5744,4.6722,1.8111,2.6188,4.6201,2.7769,2.4203,4.6451,1.2669,2.5735,3.8211,1.8082,2.2696,4.4239,1.849,2.9329,3.7535,0.66949,2.4719,2.6257,1.4371,2.1391,4.6008,1.971,2.9282,3.8846,0.25371,2.4143,3.2665,1.6564,1.5506,4.0618,0.67742,2.0829,3.0266,2.2332,2.2567,4.6446,0.79541,2.4646,3.2735,0.90095,2.1582,3.1542,0.041663,2.8799,1.8512,2.0887,2.053,4.7301,2.6891,2.4193,4.5588,2.4954,2.2283,5.0106,1.8984,2.5613,4.1934,1.0798,1.6694,4.069,4.6239,2.8595,0.51993,0.85787,2.1378,3.0389,1.3286,2.0605,4.3736,1.0203,2.1254,3.4475,2.0318,2.6211,4.2531,1.7511,1.495,4.0978,1.2705,2.4965,3.1659,0.82015,2.4726,3.738,2.1009,1.8262,3.6354,1.4927,2.4696,3.4027,1.594,2.5518,3.6629,1.5631,1.5658,4.2569,1.8412,2.5935,4.2725,1.9257,2.5983,4.3784,3.4988,2.7474,6.2387,1.7599,1.5016,4.0911,1.7868,1.9774,3.4539,1.9776,2.8968,4.7914,1.2441,2.5181,3.2068,2.5808,2.4386,4.908,1.1194,2.6123,4.0726,1.52,2.4505,3.438,1.0933,1.8325,4.0708,1.6829,1.5281,4.0511,1.7641,1.9772,3.4201,0.25256,2.9088,3.3156,2.9603,2.2883,4.6949,1.2902,1.9391,4.226,1.3562,2.6,3.5328,1.4047,2.4447,3.3418,1.8916,1.8544,3.6256,1.939,2.4907,4.0519,1.0263,2.2867,3.1524,2.5445,1.9858,5.1455,1.2952,2.6167,3.4528,1.3559,2.4763,3.2872,0.33444,2.9196,3.3811,0.63073,1.8634,2.7669,1.6233,1.9564,4.5214,1.4578,1.7621,4.165,5.3586,2.8745,1.6844,0.8126,2.1027,2.8282,1.0668,2.6613,4.0542,2.2602,2.5214,3.6135,2.511,2.3943,4.8234,2.9357,2.6531,4.6325,2.1119,2.4973,4.467,2.3556,2.1511,4.2767,0.75107,2.1003,3.2446,0.51717,2.4223,3.079,0.58331,2.142,3.6979,2.3663,2.4105,4.4995,0.9378,2.4257,3.0306,1.2318,1.6083,4.2697,1.663,2.035,3.416,6.02,2.6554,1.7595,3.4375,2.9099,0.17125,0.86331,2.3661,3.0735,1.6611,1.6326,4.0591,1.5117,1.9143,3.1665,0.79361,2.4207,2.9492,2.1613,2.3372,4.8537,1.2229,2.5686,3.1765,1.027,1.9641,3.5045,0.40494,1.9835,3.307,1.7224,2.0151,3.3891,2.4047,2.1463,4.2627,2.2173,2.1463,5.0112,1.2495,1.6484,3.853,0.70861,1.9854,2.7793,2.229,2.1742,5.0465,2.385,2.2491,4.5848,1.5796,2.4652,3.9674,4.4619,2.8682,0.37908,1.9536,2.4479,4.0332,0.80351,1.9572,4.1122,1.343,2.6471,4.311,3.7873,2.7982,0.076123,1.5532,1.6448,3.3067,0.2134,2.2981,3.2604,5.1113,2.8694,1.0691,0.65175,2.7375,3.37,1.3681,2.5334,3.064,2.1791,2.0829,4.9212,1.4947,2.0117,4.4222,1.5278,1.6287,3.3195,1.4412,2.9146,3.3924,0.61196,2.4126,2.9419,0.85526,2.4431,3.015,0.22311,2.603,3.3172,1.6587,2.331,4.1925,0.62515,2.4146,2.8748,0.98808,2.3161,3.5467,1.3896,1.7775,4.2679,0.30559,2.3309,3.3551,1.5224,1.596,3.3052,0.5831,2.4207,2.9141,3.3508,2.8424,0.023453,1.9116,2.5507,3.9947,2.0536,2.1988,4.6598,2.3117,2.7448,4.9144,1.9056,1.8651,3.8422,1.296,1.7073,3.7269,2.2025,2.1141,4.9794,1.3864,2.6059,3.9523,0.88414,3.0813,2.7083,4.7974,2.8806,0.49954,1.3656,2.7142,4.4222,1.9199,1.9129,3.9066,1.3264,2.6565,2.9586,0.65977,2.7241,3.303,1.0798,2.8827,4.2668,0.78861,2.5592,2.7373,0.66824,2.0404,2.898,0.56017,2.4119,3.3812,1.5633,2.1527,4.3151,1.5187,2.7316,4.5506,0.51409,2.0084,2.9447,2.0008,1.8293,3.8041,1.1889,1.7839,3.7038,2.2198,2.6415,4.6518,1.3472,1.6442,4.0893,1.3382,2.1481,3.1454,0.59357,2.0408,2.9724,0.52997,2.4268,2.657,1.6862,2.39,4.208,2.2372,2.6246,4.7123,0.54823,2.0418,2.9213,1.5903,1.7022,3.3546,0.38013,3.0638,2.2384,0.67036,2.5663,2.6435,3.123,2.7364,6.1397,0.11698,2.8941,2.8168,4.7145,2.9279,0.40417,2.2505,2.2987,3.561,1.2521,3.0169,4.098,1.2736,2.4063,3.4257,1.0548,3.0504,3.9037,2.3282,2.2291,3.7144,1.1808,1.7341,3.7027,2.429,2.3601,4.5881,2.4899,2.6937,4.0757,1.3531,2.6712,4.3896,1.9047,1.7957,3.8159,1.2197,2.668,3.7345,2.3084,2.4272,4.8571,1.5852,2.549,3.4524,2.1648,2.2498,4.1425,0.7659,1.9449,3.3165,2.2431,2.3935,3.6243,2.2287,2.378,3.5827,2.2615,1.9876,4.998,2.5882,2.2668,4.781,2.325,2.2534,3.747,1.3777,1.5989,3.8798,2.2181,2.645,4.6866,1.9115,1.8383,3.8225,0.77281,2.1069,4.0994,1.5935,1.7394,4.2381,2.251,2.6482,4.7325,1.4508,2.3766,3.2662,6.0697,2.9152,2.3838,1.8395,1.7762,3.5382,1.8505,2.8936,4.1315,2.1153,1.9683,4.8726,1.1938,2.5795,4.366,1.9651,2.1517,4.8745,1.6134,1.6784,3.9576,1.6168,2.0268,3.326,1.1047,2.6608,3.6372,1.0136,2.7696,3.8732,1.4819,2.471,3.9145,1.1667,2.6915,3.6571,1.802,1.6378,4.0703,0.93895,2.456,2.8233,1.9651,2.1232,4.4479,0.29621,2.7393,3.0518,1.0518,1.931,4.2762,0.99251,2.2882,3.1125,1.6876,2.3964,4.6053,0.9613,2.0305,2.8771,0.72104,1.9705,2.735,1.5948,1.6752,3.9639,0.95617,2.4424,2.8634,1.3406,1.5707,3.8479,2.7225,2.5679,4.5954,1.0825,2.1897,3.5869,1.1722,2.7182,3.6862,1.9751,1.9727,4.5001,1.0362,1.9425,4.2621,1.8674,1.6684,3.4667,1.6669,2.5332,4.004,2.1563,2.526,4.8899,2.101,2.4026,3.6449,1.2969,3.0303,3.5105,1.4619,1.4807,4.1929,0.62903,2.9847,3.647,1.6205,1.663,4.1999,0.73343,1.9862,2.7369,0.71867,2.2018,3.9659,2.6518,2.5877,4.5247,2.0393,2.0902,3.4062,1.4341,2.8093,3.5714,1.0631,2.2829,3.5637,2.5654,2.0484,4.5467,1.4694,1.7187,4.4239,1.548,2.5661,3.5941,2.0566,2.3689,4.1169,2.6398,2.3325,4.9269,0.52092,2.5241,3.046
101.85,17.491,473.19,6.64,0.21073,1520.2,1.4283,1.7736,4.0921,1.2915,2.2509,4.2769,1.1312,1.9299,4.2363,2.4248,2.6052,4.2834,0.8509,2.0286,4.3001,1.4995,2.5876,3.8815,3.324,2.8076,6.2156,1.0997,1.9361,4.2436,1.7325,1.5916,4.1967,1.3265,2.2321,4.3668,0.82348,2.0752,4.2259,3.0475,2.8205,4.6083,5.4433,2.6344,1.1761,1.3437,2.6751,3.7246,0.85888,2.1404,2.9788,2.5906,2.1951,4.6786,1.4528,1.646,3.9445,0.62209,2.6697,3.7229,2.0492,1.7796,3.5391,1.036,2.3844,3.1928,0.19512,2.3085,3.2096,1.7386,1.6702,3.4316,1.8509,2.6986,4.1153,1.7866,1.7334,3.4384,1.4415,1.5967,3.9729,0.3836,2.2057,3.0861,2.1672,2.4585,4.5425,1.4673,1.7576,3.2255,0.79802,1.974,2.7137,3.296,2.8264,6.1623,2.1156,1.8433,3.6094,0.99144,2.7666,2.897,1.888,2.6119,4.1302,0.67743,1.9633,2.7903,1.0095,2.3984,3.1437,1.9438,1.9229,4.5838,1.709,1.6179,3.9139,0.56425,2.1632,3.8494,1.2013,2.6132,3.7678,0.84525,2.1917,3.1004,2.8,2.4101,4.5917,2.2172,2.309,4.8891,1.5204,1.669,3.9765,1.9288,1.9554,4.5635,1.5869,2.2853,3.2551,0.69394,2.2191,3.0076,2.4575,2.4448,4.4559,1.8891,2.5736,4.66,1.8064,2.6202,4.6053,2.79,2.4246,4.6649,1.2628,2.577,3.81,1.818,2.2709,4.4313,1.841,2.9246,3.7443,0.67478,2.4714,2.6308,1.4243,2.1455,4.5923,1.9683,2.9169,3.8811,0.2504,2.417,3.2628,1.656,1.5468,4.0602,0.67645,2.0831,3.0256,2.2299,2.2552,4.64,0.79586,2.4538,3.2841,0.89887,2.1572,3.1573,0.04231,2.8784,1.8509,2.0953,2.0553,4.7366,2.6889,2.4205,4.5652,2.4902,2.2225,5.0023,1.8944,2.5519,4.1887,1.0784,1.6562,4.0775,4.6155,2.8602,0.51438,0.86183,2.138,3.0462,1.3303,2.0579,4.3776,1.0178,2.1273,3.445,2.0205,2.613,4.2396,1.754,1.4862,4.0931,1.2749,2.4931,3.169,0.82375,2.473,3.7375,2.1029,1.8217,3.6313,1.488,2.469,3.4016,1.5945,2.5477,3.6703,1.5573,1.5635,4.2582,1.835,2.5826,4.2633,1.9213,2.5881,4.372,3.5026,2.746,6.2413,1.7629,1.4967,4.0869,1.7896,1.9752,3.4537,1.9742,2.8941,4.7887,1.2468,2.5164,3.2107,2.5786,2.4381,4.9045,1.1235,2.6119,4.0745,1.5165,2.4504,3.4374,1.0903,1.8321,4.0713,1.6841,1.5247,4.0497,1.7665,1.9756,3.4194,0.25376,2.9073,3.3171,2.9618,2.2876,4.6972,1.2885,1.9382,4.227,1.3593,2.597,3.539,1.4028,2.4441,3.3422,1.8932,1.8477,3.6223,1.9388,2.4945,4.0541,1.0239,2.2858,3.1519,2.5449,1.9843,5.1462,1.297,2.6143,3.4584,1.3524,2.4764,3.2856,0.33522,2.9183,3.382,0.62946,1.8644,2.7635,1.6198,1.9551,4.5227,1.4571,1.7598,4.1665,5.3542,2.8739,1.6805,0.81252,2.1024,2.8296,1.0676,2.6631,4.0544,2.2627,2.5209,3.6143,2.5074,2.3925,4.8184,2.94,2.6507,4.6359,2.1113,2.4968,4.4657,2.3554,2.1529,4.2797,0.74916,2.1036,3.2403,0.52257,2.4206,3.0849,0.58212,2.1414,3.6976,2.3654,2.4086,4.5018,0.94333,2.4244,3.0361,1.2305,1.6097,4.2684,1.661,2.0358,3.4146,6.0118,2.6533,1.7508,3.4402,2.9088,0.1745,0.86342,2.3643,3.0763,1.6611,1.6323,4.0584,1.5117,1.9158,3.1659,0.79401,2.4197,2.9506,2.1616,2.3368,4.8508,1.2252,2.5688,3.1802,1.0274,1.9637,3.505,0.40067,1.9838,3.3089,1.7227,2.0148,3.3867,2.4054,2.1488,4.2657,2.2189,2.1458,5.0115,1.2475,1.6462,3.854,0.70954,1.9856,2.7802,2.2312,2.1743,5.0479,2.3871,2.2508,4.5884,1.5798,2.4692,3.9672,4.4673,2.8634,0.38488,1.9537,2.4516,4.0348,0.80243,1.9573,4.1115,1.3491,2.6493,4.315,3.7937,2.7965,0.083342,1.5539,1.6457,3.3074,0.21015,2.2978,3.2567,5.1106,2.8649,1.0699,0.65248,2.7361,3.3712,1.3703,2.5341,3.0663,2.1811,2.0809,4.9206,1.4946,2.0087,4.4242,1.5278,1.6284,3.3204,1.4434,2.9143,3.3937,0.61632,2.4115,2.9483,0.8536,2.4423,3.0163,0.22198,2.6026,3.3155,1.6604,2.3328,4.1949,0.6292,2.4138,2.8788,0.9848,2.3215,3.5416,1.3893,1.7767,4.2665,0.305,2.3316,3.3543,1.5222,1.5949,3.3058,0.58642,2.4202,2.9191,3.359,2.8411,0.035769,1.9083,2.5494,3.993,2.0561,2.1988,4.6618,2.3009,2.7428,4.9014,1.9055,1.8608,3.8407,1.2956,1.7044,3.7281,2.2043,2.1127,4.9793,1.3864,2.6051,3.9513,0.87391,3.0816,2.6977,4.8006,2.8765,0.50321,1.3696,2.7146,4.426,1.9204,1.9117,3.9074,1.3286,2.6572,2.9613,0.66497,2.7227,3.3093,1.0855,2.8814,4.2727,0.79457,2.5607,2.7413,0.66805,2.0427,2.8969,0.5606,2.4121,3.3801,1.5629,2.1507,4.3174,1.526,2.7322,4.5569,0.51102,2.0096,2.9402,2.001,1.8276,3.8043,1.1885,1.782,3.7055,2.2168,2.6396,4.647,1.3457,1.6466,4.0866,1.3362,2.1476,3.1446,0.59238,2.0432,2.9689,0.53156,2.4262,2.6594,1.6891,2.394,4.2102,2.2327,2.6216,4.7061,0.54606,2.0435,2.9171,1.5909,1.7022,3.3554,0.3713,3.0644,2.2281,0.67195,2.5683,2.6438,3.1299,2.7354,6.1473,0.12391,2.8944,2.8251,4.717,2.9263,0.40647,2.2493,2.2949,3.5564,1.2555,3.0147,4.1029,1.2696,2.4087,3.4231,1.0571,3.0496,3.9078,2.3271,2.229,3.7117,1.1803,1.7306,3.7046,2.4291,2.3605,4.5884,2.4865,2.6945,4.0766,1.3554,2.6709,4.3905,1.905,1.7904,3.8142,1.2214,2.6645,3.7358,2.3065,2.4258,4.8523,1.5843,2.5474,3.4564,2.165,2.2521,4.1444,0.7649,1.9465,3.3144,2.2404,2.3928,3.6204,2.2255,2.3767,3.5778,2.2632,1.9888,4.9991,2.5868,2.2661,4.7805,2.3237,2.2542,3.7454,1.3778,1.5988,3.8808,2.2132,2.6426,4.6801,1.912,1.8347,3.8203,0.77284,2.1057,4.1029,1.5932,1.7368,4.2374,2.2462,2.6459,4.7263,1.451,2.3765,3.2662,6.0753,2.916,2.3904,1.8397,1.7756,3.5396,1.8483,2.89,4.1282,2.1182,1.9684,4.8749,1.1958,2.5793,4.3681,1.9668,2.1518,4.8744,1.6136,1.6755,3.9573,1.6177,2.0273,3.3247,1.106,2.6584,3.638,1.0155,2.7682,3.8736,1.4843,2.472,3.9169,1.1674,2.6891,3.6568,1.801,1.6343,4.0699,0.93951,2.456,2.8241,1.9669,2.1248,4.4497,0.30164,2.7373,3.0567,1.0509,1.9302,4.2765,0.99301,2.2873,3.1144,1.6893,2.3964,4.606,0.9607,2.0293,2.8777,0.72063,1.9698,2.7351,1.5945,1.6727,3.9638,0.95695,2.4421,2.8654,1.3396,1.5698,3.8482,2.722,2.5675,4.5952,1.0822,2.1913,3.5856,1.1733,2.7164,3.6871,1.9751,1.9724,4.5006,1.0354,1.9418,4.2625,1.8678,1.6687,3.4671,1.667,2.5341,4.0041,2.1575,2.5253,4.8891,2.0997,2.4032,3.6433,1.2997,3.0291,3.5129,1.4622,1.4809,4.1919,0.62767,2.9843,3.6462,1.6209,1.6611,4.199,0.73322,1.9857,2.7369,0.71932,2.2022,3.9662,2.651,2.5873,4.5245,2.0405,2.0892,3.4055,1.4352,2.8067,3.5725,1.0622,2.2852,3.5617,2.5665,2.0497,4.5489,1.4688,1.7184,4.424,1.5467,2.5657,3.5947,2.0567,2.3708,4.1183,2.6388,2.3318,4.9256,0.52261,2.5241,3.0479
101.85,17.491,473.19,6.64,0.21916,1504.9,1.4239,1.7698,4.0894,1.2932,2.2518,4.2803,1.1276,1.9276,4.2358,2.423,2.6031,4.2847,0.85022,2.029,4.3011,1.498,2.5912,3.8797,3.3398,2.8034,6.2346,1.0942,1.9335,4.2436,1.7327,1.5879,4.1943,1.329,2.233,4.3734,0.82232,2.0776,4.2261,3.051,2.8196,4.611,5.4347,2.6268,1.1674,1.3449,2.6732,3.7257,0.85399,2.1406,2.9752,2.5978,2.2016,4.6913,1.4524,1.6475,3.9467,0.62094,2.6749,3.7142,2.0506,1.7807,3.5417,1.0244,2.3861,3.187,4.6765,2.308,3.1901,1.7357,1.669,3.4347,1.8457,2.6951,4.1095,1.7866,1.7356,3.4413,1.442,1.596,3.9745,0.38249,2.2089,3.0791,2.1752,2.4644,4.551,1.4679,1.7642,3.2283,0.79644,1.9758,2.7133,3.3261,2.8234,6.1962,2.1244,1.8468,3.6211,0.98991,2.7699,2.8954,1.8955,2.6152,4.1403,0.67906,1.9675,2.7899,1.0024,2.3971,3.145,1.9485,1.9243,4.5908,1.7101,1.618,3.9161,0.57186,2.1584,3.8615,1.2039,2.619,3.7698,0.83634,2.1971,3.0924,2.8126,2.4146,4.6033,2.2284,2.316,4.9034,1.5232,1.6672,3.9782,1.9345,1.9581,4.5685,1.5989,2.2928,3.2565,0.6902,2.2222,3.0066,2.4574,2.4464,4.4616,1.8893,2.5729,4.6478,1.8017,2.6219,4.5902,2.8013,2.4286,4.6821,1.2584,2.5807,3.7985,1.8284,2.2718,4.4389,1.8329,2.9158,3.7353,0.67977,2.4709,2.6356,1.4106,2.152,4.5835,1.9657,2.905,3.8778,0.24804,2.4201,3.2613,1.6555,1.5427,4.0584,0.67566,2.0829,3.025,2.2262,2.2534,4.635,0.79532,2.443,3.2944,0.89637,2.1567,3.1602,0.043839,2.8769,1.8516,2.1017,2.0572,4.7426,2.6881,2.4213,4.5705,2.4853,2.2168,4.9937,1.8907,2.543,4.1842,1.0767,1.6428,4.0862,4.6064,2.8611,0.50799,0.86613,2.1379,3.054,1.3322,2.0552,4.3814,1.0153,2.1291,3.4427,2.0094,2.6047,4.2261,1.7573,1.4765,4.0881,1.2791,2.4896,3.172,0.82741,2.4731,3.7372,2.1047,1.8173,3.6272,1.4836,2.4681,3.401,1.595,2.5434,3.6775,1.5515,1.5613,4.2594,1.8291,2.5721,4.2547,1.917,2.578,4.3658,3.5061,2.7447,6.2436,1.7658,1.4918,4.0827,1.7923,1.9729,3.4536,1.9707,2.8913,4.7859,1.2494,2.5145,3.2144,2.5764,2.4377,4.901,1.1276,2.6116,4.0766,1.513,2.4501,3.4369,1.0874,1.8314,4.0718,1.6852,1.5214,4.0484,1.7687,1.9739,3.4188,0.2552,2.906,3.3187,2.963,2.2869,4.6994,1.2868,1.9372,4.2279,1.3624,2.594,3.5451,1.401,2.4436,3.3424,1.8946,1.8409,3.6192,1.9384,2.498,4.0561,1.0218,2.2849,3.1515,2.5453,1.9829,5.1467,1.2986,2.6117,3.4636,1.3492,2.4763,3.2841,0.33612,2.917,3.3829,0.62831,1.8652,2.7604,1.6163,1.9539,4.5239,1.4566,1.7576,4.1679,5.3503,2.8733,1.677,0.8125,2.1023,2.831,1.0684,2.6648,4.0545,2.2652,2.5202,3.6151,2.504,2.3909,4.8137,2.944,2.6485,4.6391,2.1108,2.4964,4.4645,2.3553,2.1546,4.2825,0.74731,2.1066,3.2363,0.52757,2.4192,3.0903,0.58097,2.1409,3.6973,2.3647,2.4069,4.504,0.94844,2.4231,3.0413,1.2294,1.6111,4.2671,1.6592,2.0364,3.4133,6.004,2.6514,1.7429,3.4423,2.9077,0.17724,0.86338,2.3627,3.0786,1.6611,1.6321,4.0577,1.5116,1.9172,3.1654,0.79435,2.4188,2.9518,2.1618,2.3365,4.8481,1.2273,2.5691,3.1837,1.0277,1.9633,3.5056,0.39672,1.984,3.3106,1.723,2.0146,3.3846,2.406,2.1512,4.2685,2.2203,2.1452,5.0118,1.2457,1.6442,3.8549,0.71041,1.9857,2.7809,2.2332,2.1744,5.0492,2.389,2.2522,4.5917,1.5801,2.473,3.9671,4.4721,2.8588,0.39027,1.9537,2.4552,4.0362,0.80144,1.9573,4.111,1.3548,2.6513,4.3188,3.7997,2.7949,0.09003,1.5544,1.6466,3.308,0.20713,2.2976,3.2532,5.11,2.8606,1.0708,0.65306,2.7348,3.3722,1.3723,2.5347,3.0684,2.1831,2.0791,4.92,1.4943,2.0058,4.4261,1.5279,1.6282,3.3213,1.4455,2.9139,3.3948,0.62033,2.4106,2.9541,0.85205,2.4417,3.0175,0.22085,2.6022,3.3139,1.6618,2.3345,4.197,0.63293,2.4133,2.8825,0.98168,2.3266,3.5366,1.3891,1.7758,4.2653,0.30442,2.3322,3.3535,1.5219,1.5939,3.3065,0.58947,2.4197,2.9237,3.3664,2.8398,0.044495,1.9052,2.5481,3.9914,2.0585,2.1988,4.6636,2.2911,2.741,4.8894,1.9054,1.8566,3.8393,1.2953,1.7018,3.7291,2.2059,2.1114,4.9793,1.3865,2.6043,3.9504,0.86419,3.0818,2.6877,4.8035,2.8726,0.5067,1.3734,2.7148,4.4296,1.9208,1.9107,3.9082,1.3305,2.6578,2.9638,0.66962,2.7215,3.3149,1.091,2.8802,4.2781,0.80002,2.5621,2.7449,0.6679,2.0448,2.8959,0.56099,2.4122,3.3791,1.5625,2.1489,4.3194,1.5326,2.7326,4.5626,0.50819,2.0106,2.936,2.0012,1.8261,3.8044,1.1883,1.7803,3.707,2.2143,2.6378,4.6426,1.3443,1.6488,4.084,1.3342,2.147,3.1438,0.59127,2.0454,2.9658,0.53303,2.4257,2.6615,1.6918,2.3976,4.2121,2.2286,2.6187,4.7004,0.54408,2.0449,2.9133,1.5914,1.7019,3.3562,0.36287,3.065,2.2183,0.67333,2.5701,2.6438,3.1363,2.7345,6.1544,0.13034,2.8947,2.8327,4.7194,2.9248,0.40871,2.2482,2.2914,3.5521,1.2584,3.0125,4.1072,1.266,2.4108,3.4208,1.0591,3.0489,3.9115,2.3261,2.2289,3.7092,1.1798,1.7273,3.7064,2.4292,2.3609,4.5888,2.4835,2.6953,4.0774,1.3574,2.6707,4.3912,1.9052,1.7854,3.8126,1.2229,2.6614,3.737,2.3048,2.4246,4.8478,1.5835,2.546,3.4599,2.1654,2.2541,4.1462,0.76395,1.948,3.3125,2.2378,2.3921,3.6168,2.2226,2.3756,3.5734,2.2647,1.9898,5.0,2.5855,2.2655,4.7801,2.3225,2.2549,3.744,1.3779,1.5985,3.8817,2.2086,2.6403,4.6741,1.9127,1.8313,3.8183,0.77288,2.1047,4.1062,1.593,1.7344,4.2369,2.2417,2.6438,4.7206,1.4512,2.3765,3.2662,6.0806,2.9167,2.3965,1.8398,1.7751,3.5409,1.8463,2.8867,4.1253,2.1208,1.9684,4.8771,1.1976,2.5792,4.3699,1.9683,2.152,4.8743,1.6139,1.6729,3.9571,1.6184,2.0278,3.3236,1.1072,2.6563,3.6387,1.0172,2.767,3.8739,1.4866,2.473,3.919,1.1681,2.687,3.6566,1.8001,1.631,4.0697,0.94003,2.456,2.8248,1.9685,2.1261,4.4513,0.30661,2.7354,3.0612,1.0503,1.9295,4.2769,0.99347,2.2865,3.116,1.6907,2.3964,4.6065,0.96016,2.0283,2.8782,0.72027,1.9693,2.7352,1.5941,1.6704,3.9637,0.95766,2.4418,2.8672,1.3386,1.5691,3.8485,2.7217,2.567,4.595,1.0819,2.1927,3.5844,1.1743,2.7148,3.6879,1.975,1.9721,4.5011,1.0346,1.9412,4.2628,1.8681,1.669,3.4676,1.6671,2.535,4.0042,2.1587,2.5247,4.8886,2.0986,2.4037,3.6418,1.3023,3.0281,3.515,1.4626,1.481,4.191,0.62636,2.9841,3.6454,1.6212,1.6593,4.1983,0.73303,1.9853,2.7369,0.71992,2.2027,3.9665,2.6503,2.5869,4.5242,2.0415,2.0884,3.4049,1.4361,2.8044,3.5734,1.0613,2.2873,3.5598,2.5674,2.051,4.5509,1.4684,1.718,4.4242,1.5456,2.5653,3.5951,2.0567,2.3725,4.1195,2.6379,2.3312,4.9243,0.52414,2.5241,3.0496
101.85,17.491,473.19,6.64,0.22758,1487.0,1.4194,1.7662,4.0868,1.295,2.2526,4.2838,1.1243,1.9255,4.2352,2.4214,2.6011,4.2861,0.84955,2.0296,4.302,1.4964,2.5949,3.8778,3.3555,2.7989,6.2536,1.0888,1.9311,4.2434,1.7329,1.5847,4.192,1.3317,2.234,4.3798,0.82114,2.0802,4.2262,3.0545,2.8188,4.6137,5.4264,2.6192,1.1592,1.3458,2.6719,3.7266,0.8491,2.1409,2.9713,2.605,2.2077,4.7039,1.452,1.6494,3.9489,0.61977,2.6801,3.7052,2.0521,1.7817,3.5441,1.0117,2.3882,3.18,6.2624,2.3074,3.1711,1.7326,1.6679,3.4379,1.8408,2.6921,4.1043,1.7867,1.7379,3.4443,1.4427,1.5957,3.9758,0.38117,2.2122,3.0719,2.1837,2.4705,4.5597,1.4686,1.7712,3.2312,0.79487,1.9775,2.7132,3.3592,2.8198,6.2336,2.133,1.8505,3.6329,0.98825,2.7735,2.8937,1.9033,2.6186,4.1508,0.68042,1.9719,2.789,0.99452,2.3957,3.1458,1.9539,1.9261,4.5982,1.7111,1.619,3.9185,0.58032,2.1531,3.8747,1.2064,2.6251,3.7719,0.82732,2.2025,3.0845,2.8246,2.4189,4.6136,2.24,2.3225,4.918,1.5262,1.665,3.9798,1.9409,1.9608,4.5738,1.6119,2.2999,3.2582,0.68707,2.225,3.0073,2.4566,2.4476,4.467,1.8903,2.5724,4.6354,1.7971,2.6235,4.5748,2.8102,2.4323,4.6961,1.2536,2.5848,3.7868,1.8395,2.2725,4.4466,1.8248,2.9065,3.7263,0.68445,2.4701,2.64,1.3961,2.1586,4.5742,1.9633,2.8923,3.8747,0.24663,2.4237,3.2613,1.6552,1.5385,4.0564,0.67507,2.0824,3.025,2.2221,2.2511,4.6296,0.79374,2.4322,3.3044,0.89341,2.1569,3.163,0.046343,2.8752,1.8533,2.1079,2.0586,4.7479,2.6865,2.4215,4.5748,2.4803,2.2113,4.9848,1.8873,2.5347,4.1799,1.075,1.6292,4.0949,4.5969,2.8626,0.50118,0.87074,2.1375,3.0625,1.3341,2.0524,4.3851,1.0128,2.1308,3.4404,1.9986,2.5962,4.2129,1.7608,1.4661,4.0827,1.2831,2.4859,3.1749,0.8311,2.473,3.737,2.1064,1.8128,3.6232,1.4797,2.4669,3.4012,1.5956,2.5388,3.6845,1.5459,1.559,4.2607,1.8239,2.5618,4.2466,1.913,2.5681,4.3597,3.5092,2.7435,6.2456,1.7687,1.4868,4.0785,1.7948,1.9705,3.4534,1.9671,2.8885,4.7829,1.2519,2.5127,3.218,2.5742,2.4372,4.8975,1.1317,2.6111,4.0789,1.5098,2.4497,3.4366,1.0847,1.8307,4.0725,1.6863,1.5181,4.047,1.7708,1.9723,3.4181,0.25687,2.9046,3.3205,2.9641,2.2862,4.7012,1.2851,1.9363,4.2288,1.3654,2.591,3.5508,1.3993,2.443,3.3426,1.8959,1.8343,3.6162,1.9382,2.5012,4.0579,1.0197,2.284,3.1512,2.5455,1.9815,5.1472,1.2999,2.6088,3.4686,1.3462,2.4762,3.2827,0.33711,2.9157,3.3841,0.62728,1.866,2.7576,1.6132,1.9529,4.5249,1.4561,1.7554,4.1693,5.3467,2.8727,1.6739,0.81252,2.1022,2.8324,1.0691,2.6663,4.0548,2.2677,2.5196,3.616,2.5008,2.3894,4.8092,2.9477,2.6464,4.6421,2.1103,2.496,4.4635,2.3551,2.1561,4.2851,0.74557,2.1094,3.2326,0.53217,2.4178,3.0953,0.57986,2.1402,3.6972,2.364,2.4053,4.506,0.9531,2.422,3.046,1.2284,1.6124,4.2659,1.6574,2.037,3.412,5.997,2.6494,1.7356,3.4442,2.9068,0.17951,0.86319,2.3613,3.0806,1.661,1.6319,4.057,1.5115,1.9186,3.1649,0.7946,2.4179,2.9529,2.162,2.3361,4.8457,1.2293,2.5693,3.1871,1.028,1.9629,3.5062,0.39311,1.9842,3.3121,1.7233,2.0143,3.3824,2.4066,2.1534,4.2712,2.2216,2.1446,5.0121,1.2439,1.6424,3.8557,0.71121,1.9858,2.7816,2.2351,2.1744,5.0504,2.3908,2.2536,4.5948,1.5802,2.4765,3.9669,4.4766,2.8545,0.39523,1.9538,2.4584,4.0375,0.80054,1.9574,4.1105,1.36,2.6533,4.3224,3.805,2.7935,0.096147,1.555,1.6474,3.3086,0.20435,2.2974,3.2501,5.1094,2.8567,1.0717,0.65352,2.7336,3.3729,1.3741,2.5353,3.0705,2.185,2.0774,4.9194,1.4942,2.0032,4.4278,1.5279,1.6279,3.3221,1.4476,2.9136,3.396,0.62396,2.4097,2.9594,0.85063,2.441,3.0187,0.21973,2.6019,3.3124,1.6632,2.336,4.1991,0.6363,2.4127,2.8859,0.97871,2.3312,3.532,1.3888,1.775,4.264,0.30387,2.3329,3.3528,1.5218,1.593,3.3072,0.59224,2.4193,2.928,3.373,2.8386,0.05219,1.9023,2.547,3.9898,2.0608,2.1988,4.6653,2.2821,2.7393,4.8784,1.9053,1.8528,3.8381,1.295,1.6994,3.7301,2.2073,2.1101,4.9792,1.3865,2.6036,3.9496,0.85509,3.0819,2.6783,4.8062,2.8689,0.50999,1.3769,2.715,4.4331,1.9213,1.9098,3.9089,1.3324,2.6583,2.9661,0.67374,2.7205,3.3199,1.0959,2.8789,4.2832,0.80496,2.5635,2.7481,0.66778,2.0468,2.8951,0.56134,2.4123,3.3782,1.5622,2.1471,4.3214,1.5386,2.7331,4.5679,0.50562,2.0115,2.9322,2.0014,1.8246,3.8046,1.188,1.7787,3.7085,2.2121,2.6363,4.6388,1.3429,1.6509,4.0817,1.3324,2.1464,3.143,0.59025,2.0474,2.9629,0.53436,2.4252,2.6636,1.6942,2.4011,4.214,2.2249,2.6161,4.6953,0.5423,2.0463,2.9098,1.5919,1.7018,3.357,0.35494,3.0656,2.2092,0.67454,2.5718,2.6438,3.1421,2.7336,6.1609,0.13624,2.8949,2.8396,4.7216,2.9234,0.41084,2.2473,2.2882,3.5483,1.261,3.0106,4.1109,1.2626,2.4128,3.4187,1.0608,3.0483,3.9147,2.3252,2.2289,3.7069,1.1793,1.7243,3.708,2.4292,2.3612,4.5891,2.4806,2.6959,4.0782,1.3593,2.6706,4.3919,1.9053,1.7807,3.8111,1.2243,2.6585,3.7381,2.3033,2.4235,4.8438,1.5828,2.5446,3.4632,2.1656,2.2561,4.1479,0.76307,1.9495,3.3107,2.2356,2.3914,3.6134,2.2199,2.3745,3.5693,2.2661,1.9907,5.0007,2.5843,2.2649,4.7797,2.3215,2.2556,3.7427,1.378,1.5983,3.8826,2.2045,2.6381,4.6688,1.9132,1.8283,3.8164,0.77293,2.1037,4.1092,1.5929,1.7322,4.2363,2.2377,2.6418,4.7154,1.4514,2.3764,3.2661,6.0856,2.9174,2.4022,1.8399,1.7746,3.5421,1.8446,2.8837,4.1226,2.1231,1.9683,4.8789,1.1991,2.5791,4.3716,1.9696,2.1521,4.8742,1.6142,1.6706,3.9568,1.6191,2.0283,3.3227,1.1082,2.6543,3.6394,1.0187,2.7659,3.8742,1.4887,2.4738,3.921,1.1688,2.685,3.6564,1.7993,1.628,4.0695,0.94048,2.456,2.8255,1.97,2.1274,4.4528,0.3111,2.7337,3.0652,1.0496,1.9289,4.2772,0.99386,2.2858,3.1175,1.6921,2.3964,4.6071,0.95966,2.0273,2.8787,0.71994,1.9687,2.7353,1.5938,1.6683,3.9636,0.95829,2.4415,2.8688,1.3378,1.5685,3.8489,2.7213,2.5667,4.5949,1.0816,2.1941,3.5834,1.1752,2.7133,3.6886,1.975,1.9718,4.5014,1.0339,1.9406,4.2631,1.8685,1.6692,3.468,1.6671,2.5358,4.0043,2.1597,2.5242,4.8879,2.0975,2.4042,3.6404,1.3047,3.0272,3.5171,1.4629,1.4811,4.1901,0.62514,2.9838,3.6446,1.6216,1.6577,4.1976,0.73286,1.9848,2.7369,0.72045,2.203,3.9668,2.6495,2.5865,4.524,2.0424,2.0876,3.4043,1.4369,2.8023,3.5743,1.0605,2.2893,3.5581,2.5683,2.0521,4.5529,1.4679,1.7178,4.4243,1.5446,2.5649,3.5956,2.0568,2.374,4.1206,2.637,2.3306,4.9232,0.52553,2.5241,3.0512
101.85,17.491,473.19,6.64,0.23601,1467.3,1.4152,1.763,4.0844,1.2967,2.2533,4.2871,1.1213,1.9236,4.2346,2.42,2.5993,4.2877,0.8489,2.0301,4.3028,1.4948,2.5984,3.8758,3.3712,2.7941,0.0027294,1.0834,1.9289,4.243,1.7332,1.5817,4.1898,1.3343,2.2352,4.3861,0.81995,2.0829,4.2261,3.0577,2.818,4.6162,5.4184,2.6116,1.1514,1.3465,2.671,3.7273,0.84428,2.1413,2.9674,2.6123,2.2138,4.7162,1.4517,1.6515,3.9511,0.61851,2.6855,3.6961,2.0535,1.7828,3.5465,0.99812,2.3907,3.1716,6.254,2.3067,3.1528,1.7294,1.6669,3.4412,1.8363,2.6899,4.0996,1.7867,1.7402,3.4475,1.4437,1.5961,3.9769,0.37964,2.2154,3.0643,2.1927,2.477,4.5687,1.4695,1.7786,3.2342,0.79331,1.979,2.7134,3.3949,2.8154,6.2241,2.1415,1.854,3.6447,0.98648,2.7772,2.8917,1.9115,2.6223,4.1614,0.6815,1.9766,2.7878,0.98589,2.3944,3.1463,1.96,1.928,4.6063,1.7121,1.6209,3.9207,0.58957,2.1473,3.8891,1.2088,2.6313,3.7739,0.81835,2.2079,3.0768,2.8358,2.4226,4.6226,2.2519,2.3287,4.9329,1.5291,1.6623,3.9812,1.9478,1.9631,4.5794,1.6255,2.3068,3.26,0.68453,2.2271,3.0097,2.4552,2.4482,4.4723,1.8918,2.5721,4.6231,1.7928,2.6252,4.5593,2.8162,2.4355,4.7059,1.2482,2.589,3.7751,1.8511,2.2727,4.4543,1.8163,2.8968,3.7172,0.68883,2.4691,2.644,1.3807,2.1651,4.5647,1.9612,2.8789,3.872,0.24532,2.4267,3.2621,1.6546,1.5341,4.0543,0.67468,2.0814,3.0254,2.2179,2.2487,4.6238,0.79106,2.4216,3.3139,0.89016,2.1574,3.1658,0.049827,2.8735,1.8562,2.1139,2.0595,4.7527,2.684,2.4211,4.5776,2.4753,2.2058,4.9753,1.8843,2.5269,4.176,1.0734,1.6155,4.1034,4.5875,2.8642,0.49417,0.87557,2.1366,3.0717,1.3359,2.0496,4.3885,1.0104,2.1323,3.4384,1.9883,2.5878,4.2002,1.7646,1.4551,4.0769,1.2868,2.4824,3.1775,0.8348,2.4727,3.7369,2.1081,1.8086,3.6194,1.4762,2.4654,3.4018,1.5961,2.5339,3.6911,1.5404,1.5568,4.2619,1.8191,2.5522,4.2393,1.9093,2.5588,4.3537,3.512,2.7423,6.2474,1.7715,1.4816,4.0742,1.7971,1.9681,3.4531,1.9635,2.8858,4.7799,1.2542,2.511,3.2214,2.5722,2.4368,4.8941,1.1356,2.6106,4.0813,1.5067,2.4493,3.4363,1.0822,1.83,4.0731,1.6873,1.515,4.0458,1.7727,1.9708,3.4175,0.25875,2.9033,3.3225,2.9649,2.2855,4.7027,1.2836,1.9354,4.2296,1.3682,2.588,3.5562,1.3977,2.4424,3.3428,1.897,1.8277,3.6134,1.9379,2.504,4.0595,1.0179,2.283,3.151,2.5458,1.9803,5.1476,1.3011,2.606,3.4734,1.3434,2.4761,3.2815,0.33819,2.9145,3.3853,0.62636,1.8666,2.7551,1.6103,1.9519,4.5258,1.4556,1.7533,4.1705,5.3436,2.8722,1.6712,0.81258,2.1021,2.8337,1.0698,2.6677,4.0552,2.2702,2.519,3.617,2.4981,2.388,4.8053,2.9509,2.6444,4.6446,2.1099,2.4957,4.4625,2.3548,2.1573,4.2874,0.74394,2.1118,3.2292,0.53636,2.4165,3.1,0.57881,2.1396,3.697,2.3634,2.404,4.5079,0.9573,2.421,3.0503,1.2274,1.6137,4.2648,1.6558,2.0375,3.4108,5.9906,2.6477,1.729,3.4456,2.9059,0.18136,0.86291,2.3601,3.0822,1.661,1.6317,4.0564,1.5113,1.9198,3.1645,0.79479,2.4172,2.9539,2.1622,2.3357,4.8436,1.2311,2.5694,3.1902,1.0282,1.9625,3.5068,0.38983,1.9845,3.3135,1.7235,2.014,3.3806,2.4071,2.1554,4.2736,2.2227,2.1441,5.0124,1.2424,1.6409,3.8564,0.71196,1.9858,2.7822,2.2367,2.1745,5.0514,2.3924,2.2548,4.5976,1.5804,2.4795,3.9668,4.4805,2.8507,0.39973,1.9538,2.4614,4.0387,0.79972,1.9575,4.11,1.3649,2.655,4.3257,3.8099,2.7922,0.10169,1.5555,1.6482,3.3091,0.20182,2.2973,3.2474,5.1089,2.8532,1.0725,0.65384,2.7325,3.3736,1.3756,2.5358,3.0722,2.1867,2.0759,4.919,1.494,2.0009,4.4292,1.5279,1.6276,3.3228,1.4493,2.9132,3.3971,0.62722,2.4089,2.9642,0.84932,2.4404,3.0197,0.21863,2.6016,3.3109,1.6645,2.3373,4.2009,0.63934,2.4121,2.889,0.97594,2.3356,3.5278,1.3886,1.7742,4.2629,0.30333,2.3334,3.3521,1.5216,1.592,3.3078,0.59475,2.4189,2.9318,3.379,2.8374,0.059072,1.8996,2.546,3.9884,2.0628,2.1987,4.6668,2.2741,2.7377,4.8685,1.9052,1.8492,3.837,1.2947,1.6974,3.731,2.2087,2.109,4.9791,1.3866,2.603,3.9489,0.84664,3.0821,2.6696,4.8087,2.8656,0.51306,1.3801,2.7152,4.4362,1.9217,1.9089,3.9096,1.334,2.6587,2.9682,0.67736,2.7195,3.3245,1.1005,2.8778,4.2879,0.80941,2.5647,2.7509,0.6677,2.0485,2.8944,0.56163,2.4125,3.3773,1.5618,2.1456,4.3231,1.5442,2.7334,4.5727,0.50328,2.0124,2.9288,2.0015,1.8234,3.8047,1.1877,1.7773,3.7097,2.2103,2.6349,4.6355,1.3417,1.6526,4.0797,1.3307,2.1459,3.1423,0.58932,2.0491,2.9603,0.53556,2.4248,2.6653,1.6964,2.4041,4.2155,2.2216,2.6138,4.6906,0.54071,2.0474,2.9068,1.5923,1.7016,3.3577,0.34755,3.0662,2.2007,0.67557,2.5733,2.6438,3.1475,2.7327,6.1669,0.14159,2.8951,2.8459,4.7236,2.9223,0.41285,2.2465,2.2853,3.5449,1.2632,3.009,4.1142,1.2596,2.4145,3.417,1.0622,3.0477,3.9175,2.3243,2.2288,3.7049,1.1788,1.7216,3.7094,2.4293,2.3616,4.5893,2.478,2.6964,4.0789,1.361,2.6704,4.3925,1.9054,1.7765,3.8099,1.2255,2.6559,3.739,2.3021,2.4226,4.8403,1.5821,2.5435,3.4661,2.1659,2.2578,4.1493,0.76224,1.9508,3.3091,2.2336,2.3907,3.6104,2.2175,2.3736,3.5656,2.2672,1.9914,5.0013,2.5832,2.2644,4.7793,2.3205,2.2563,3.7415,1.3781,1.5981,3.8833,2.2009,2.6362,4.664,1.9137,1.8255,3.8146,0.77298,2.1028,4.1119,1.5927,1.7303,4.2357,2.2341,2.64,4.7106,1.4515,2.3764,3.2661,6.0903,2.918,2.4076,1.8401,1.7741,3.5432,1.8431,2.881,4.1203,2.1252,1.9683,4.8806,1.2005,2.579,4.3731,1.9708,2.1522,4.874,1.6144,1.6685,3.9566,1.6198,2.0287,3.3218,1.1091,2.6526,3.64,1.0201,2.7649,3.8745,1.4906,2.4745,3.9228,1.1694,2.6833,3.6562,1.7985,1.6254,4.0692,0.94091,2.456,2.8261,1.9713,2.1285,4.4541,0.31514,2.7322,3.0688,1.049,1.9283,4.2775,0.9942,2.2851,3.1188,1.6934,2.3964,4.6076,0.9592,2.0264,2.8792,0.71965,1.9682,2.7353,1.5935,1.6665,3.9636,0.95885,2.4413,2.8702,1.337,1.5678,3.8491,2.721,2.5664,4.5948,1.0814,2.1953,3.5824,1.1761,2.712,3.6892,1.9749,1.9715,4.5017,1.0332,1.9401,4.2634,1.8688,1.6694,3.4684,1.6672,2.5366,4.0043,2.1606,2.5236,4.8874,2.0966,2.4047,3.6392,1.3068,3.0264,3.5189,1.4632,1.4812,4.1893,0.624,2.9836,3.6438,1.622,1.6563,4.197,0.73271,1.9844,2.7369,0.72094,2.2033,3.9671,2.6489,2.5862,4.5239,2.0432,2.0868,3.4037,1.4377,2.8004,3.5751,1.0598,2.2911,3.5566,2.5691,2.0531,4.5545,1.4675,1.7176,4.4244,1.5437,2.5645,3.596,2.0568,2.3753,4.1216,2.6363,2.3301,4.9223,0.52679,2.5241,3.0526
101.85,17.491,473.19,6.64,0.24444,1444.4,1.4109,1.7601,4.082,1.2984,2.254,4.2904,1.1185,1.9218,4.234,2.4189,2.5975,4.2895,0.8483,2.0306,4.3034,1.4931,2.6018,3.8736,3.3869,2.7891,6.2825,1.0782,1.927,4.2425,1.7336,1.5791,4.1876,1.3368,2.2365,4.3921,0.81875,2.0857,4.226,3.0607,2.8172,4.6185,5.4108,2.6041,1.144,1.347,2.6706,3.7279,0.83954,2.1417,2.9633,2.6195,2.2195,4.7284,1.4517,1.6541,3.9533,0.61719,2.6909,3.6872,2.0549,1.7839,3.5488,0.98334,2.3939,3.1618,6.24,2.306,3.1354,1.7261,1.6662,3.4447,1.832,2.6883,4.0955,1.7867,1.7427,3.4507,1.4448,1.597,3.9775,0.37786,2.2186,3.0564,2.2023,2.4837,4.578,1.4706,1.7864,3.2374,0.79172,1.9806,2.7136,3.4329,2.81,0.035807,2.1497,1.8574,3.6561,0.98466,2.7809,2.8897,1.9199,2.626,4.1722,0.68217,1.9817,2.7858,0.9764,2.3931,3.1464,1.967,1.9303,4.6148,1.713,1.6239,3.9231,0.59967,2.1412,3.9047,1.2113,2.6375,3.7761,0.80934,2.2135,3.0693,2.8466,2.4258,4.6306,2.2639,2.3344,4.948,1.532,1.6592,3.9826,1.9555,1.9653,4.5851,1.6397,2.3137,3.2621,0.68248,2.2289,3.0139,2.4532,2.448,4.4773,1.8939,2.5721,4.6105,1.7888,2.6269,4.5437,2.8192,2.4385,4.7113,1.2425,2.5936,3.7633,1.8632,2.2725,4.4621,1.8077,2.8867,3.7082,0.69298,2.4678,2.6479,1.3645,2.1713,4.555,1.9591,2.8649,3.8694,0.24204,2.4289,3.2611,1.6541,1.5296,4.0519,0.67456,2.08,3.0264,2.2133,2.2458,4.6176,0.78757,2.411,3.3237,0.88658,2.1583,3.1688,0.054428,2.8717,1.8602,2.1194,2.0598,4.7566,2.6808,2.4202,4.5793,2.4701,2.2003,4.9652,1.8816,2.5196,4.1722,1.0715,1.6015,4.112,4.5791,2.8658,0.48781,0.88058,2.1354,3.0812,1.3379,2.0468,4.3916,1.008,2.1336,3.4364,1.9782,2.5793,4.1878,1.7688,1.4433,4.0708,1.2903,2.4787,3.1799,0.83848,2.4722,3.737,2.1096,1.8044,3.6156,1.4733,2.4634,3.4031,1.5964,2.5288,3.6974,1.5352,1.5544,4.2631,1.8149,2.5429,4.2326,1.9058,2.5496,4.3479,3.5145,2.7413,6.2487,1.7742,1.4764,4.07,1.7993,1.9657,3.4528,1.9599,2.8831,4.7767,1.2564,2.5092,3.2244,2.5701,2.4363,4.8908,1.1393,2.6101,4.0837,1.5039,2.4487,3.4361,1.0799,1.8292,4.0737,1.6883,1.512,4.0445,1.7746,1.9693,3.417,0.26082,2.9021,3.3247,2.9656,2.2848,4.704,1.282,1.9345,4.2304,1.3709,2.5851,3.5613,1.3962,2.4419,3.343,1.898,1.8214,3.6109,1.9376,2.5065,4.061,1.0161,2.2819,3.1509,2.5461,1.9792,5.148,1.302,2.603,3.478,1.3408,2.476,3.2803,0.33933,2.9134,3.3866,0.62556,1.8671,2.753,1.6077,1.9512,4.5265,1.4551,1.7513,4.1718,5.3408,2.8718,1.6688,0.81268,2.102,2.8349,1.0704,2.669,4.0556,2.2726,2.5185,3.618,2.4955,2.3868,4.8016,2.9538,2.6425,4.6469,2.1096,2.4954,4.4617,2.3546,2.1585,4.2894,0.74243,2.114,3.2262,0.54011,2.4153,3.1042,0.57782,2.139,3.6969,2.3629,2.4027,4.5095,0.96104,2.4202,3.0542,1.2266,1.6148,4.2639,1.6542,2.038,3.4098,5.9849,2.646,1.7231,3.4466,2.9051,0.18283,0.86256,2.3591,3.0836,1.661,1.6316,4.0558,1.5111,1.9209,3.1641,0.79494,2.4165,2.9547,2.1624,2.3355,4.8415,1.2327,2.5696,3.193,1.0284,1.9621,3.5074,0.38692,1.9847,3.3147,1.7237,2.0138,3.3788,2.4075,2.1573,4.2759,2.2237,2.1436,5.0126,1.2409,1.6395,3.8569,0.71263,1.9859,2.7827,2.2381,2.1745,5.0524,2.3939,2.2559,4.6001,1.5805,2.4823,3.9666,4.4841,2.8472,0.40379,1.9539,2.4641,4.0399,0.799,1.9575,4.1096,1.3693,2.6566,4.3287,3.8142,2.791,0.10665,1.556,1.6488,3.3096,0.19954,2.2971,3.245,5.1086,2.85,1.0734,0.65407,2.7315,3.374,1.3769,2.5363,3.0739,2.1883,2.0745,4.9186,1.4938,1.9987,4.4306,1.5279,1.6274,3.3235,1.4511,2.913,3.3981,0.63011,2.4082,2.9685,0.84812,2.4399,3.0207,0.21759,2.6013,3.3096,1.6657,2.3385,4.2027,0.64204,2.4117,2.8917,0.97338,2.3393,3.5238,1.3883,1.7735,4.2619,0.30283,2.3339,3.3516,1.5214,1.5912,3.3083,0.59698,2.4186,2.9352,3.3843,2.8364,0.06514,1.8972,2.5451,3.9871,2.0647,2.1986,4.6682,2.267,2.7361,4.8596,1.905,1.846,3.8361,1.2945,1.6954,3.7318,2.2099,2.1079,4.9791,1.3867,2.6025,3.9483,0.83893,3.0822,2.6617,4.8109,2.8625,0.51588,1.383,2.7154,4.439,1.922,1.9082,3.9102,1.3355,2.6591,2.9701,0.68049,2.7187,3.3283,1.1047,2.8767,4.2921,0.81334,2.5658,2.7534,0.66766,2.0501,2.8938,0.56188,2.4126,3.3766,1.5615,2.144,4.3247,1.5492,2.7337,4.5771,0.50121,2.0131,2.9258,2.0016,1.8222,3.8049,1.1875,1.7761,3.7109,2.2087,2.6337,4.6327,1.3406,1.6542,4.0777,1.3291,2.1454,3.1417,0.58848,2.0508,2.958,0.53662,2.4244,2.667,1.6984,2.4067,4.217,2.2188,2.6117,4.6865,0.53929,2.0484,2.9041,1.5927,1.7015,3.3583,0.34081,3.0666,2.193,0.67645,2.5747,2.6437,3.1522,2.732,6.1721,0.14634,2.8953,2.8516,4.7255,2.9212,0.41472,2.2459,2.2827,3.5419,1.2651,3.0074,4.1169,1.257,2.4158,3.4154,1.0635,3.0472,3.92,2.3236,2.2288,3.703,1.1785,1.7191,3.7107,2.4293,2.3618,4.5895,2.4757,2.6968,4.0795,1.3626,2.6703,4.393,1.9055,1.7728,3.8088,1.2265,2.6536,3.7398,2.301,2.4217,4.8372,1.5815,2.5425,3.4687,2.1662,2.2594,4.1507,0.76149,1.952,3.3076,2.2317,2.3902,3.6077,2.2153,2.3727,3.5623,2.2682,1.992,5.0017,2.5823,2.2639,4.7789,2.3197,2.2568,3.7405,1.3782,1.5979,3.8839,2.1977,2.6344,4.6598,1.9141,1.823,3.8132,0.77302,2.1021,4.1143,1.5926,1.7285,4.2353,2.2309,2.6384,4.7064,1.4517,2.3764,3.2661,6.0944,2.9185,2.4123,1.8402,1.7738,3.5442,1.8418,2.8786,4.1182,2.1271,1.9682,4.8819,1.2018,2.5788,4.3744,1.9718,2.1523,4.8739,1.6146,1.6666,3.9564,1.6204,2.0291,3.321,1.1099,2.651,3.6405,1.0213,2.7641,3.8747,1.4923,2.4751,3.9244,1.1699,2.6817,3.656,1.7979,1.6231,4.0691,0.94126,2.4561,2.8266,1.9725,2.1295,4.4553,0.3187,2.7307,3.0719,1.0485,1.9278,4.2777,0.9945,2.2846,3.1199,1.6945,2.3964,4.608,0.9588,2.0257,2.8795,0.7194,1.9677,2.7354,1.5933,1.6649,3.9635,0.95935,2.4411,2.8714,1.3364,1.5673,3.8494,2.7207,2.5662,4.5948,1.0811,2.1964,3.5816,1.1768,2.7108,3.6897,1.9749,1.9713,4.502,1.0327,1.9396,4.2637,1.8691,1.6695,3.4687,1.6673,2.5372,4.0044,2.1614,2.5232,4.887,2.0958,2.4051,3.6382,1.3087,3.0257,3.5206,1.4634,1.4812,4.1887,0.62298,2.9834,3.6431,1.6223,1.655,4.1965,0.73258,1.984,2.7369,0.72137,2.2036,3.9673,2.6484,2.5859,4.5237,2.0439,2.0862,3.4033,1.4383,2.7987,3.5758,1.0592,2.2926,3.5552,2.5698,2.054,4.5561,1.4672,1.7174,4.4246,1.5429,2.5643,3.5964,2.0569,2.3766,4.1225,2.6357,2.3297,4.9214,0.52789,2.5241,3.0538
101.85,17.491,473.19,6.64,0.25287,1419.2,1.407,1.7577,4.0798,1.3001,2.2546,4.2935,1.116,1.9204,4.2333,2.418,2.596,4.2913,0.84773,2.031,4.304,1.4914,2.6051,3.8714,3.4021,2.784,0.025931,1.0733,1.9253,4.2418,1.734,1.5769,4.1857,1.3392,2.238,4.3976,0.81759,2.0885,4.2258,3.0635,2.8165,4.6206,5.4038,2.597,1.1372,1.3474,2.6706,3.7283,0.83501,2.1423,2.9592,2.6267,2.225,4.7403,1.4517,1.6571,3.9554,0.61562,2.6963,3.6781,2.0562,1.785,3.551,0.96757,2.3975,3.1507,6.2265,2.3053,3.1189,1.7228,1.6657,3.4483,1.8281,2.6876,4.0919,1.7868,1.7453,3.4541,1.4462,1.5986,3.9778,0.3758,2.2219,3.0482,2.2127,2.4906,4.5879,1.4718,1.7946,3.2408,0.79007,1.9822,2.7138,3.4728,2.8036,0.07836,2.1574,1.8606,3.6672,0.9828,2.7844,2.8875,1.9283,2.6299,4.1829,0.68237,1.9871,2.7832,0.96582,2.3917,3.1458,1.9747,1.9329,4.624,1.7138,1.6283,3.9252,0.61047,2.1348,3.9211,1.2137,2.6438,3.7782,0.80038,2.2193,3.0621,2.857,2.4284,4.6377,2.2761,2.3395,4.963,1.5349,1.6557,3.984,1.9637,1.9672,4.5911,1.6539,2.3201,3.2639,0.68088,2.2301,3.0202,2.4503,2.4468,4.482,1.8961,2.5722,4.5975,1.7849,2.6286,4.5281,2.8186,2.4411,4.7112,1.2362,2.5987,3.7516,1.8759,2.2718,4.4697,1.7987,2.8762,3.6989,0.69692,2.4662,2.6515,1.3477,2.177,4.5456,1.9572,2.8505,3.867,0.23875,2.4313,3.2601,1.6535,1.5249,4.0494,0.67474,2.0782,3.028,2.2086,2.2426,4.6112,0.78337,2.4009,3.3336,0.88278,2.1598,3.1726,0.060168,2.8698,1.8655,2.1244,2.0595,4.7595,2.6771,2.4187,4.5796,2.4654,2.1951,4.9548,1.8792,2.5129,4.1687,1.0698,1.5874,4.1204,4.572,2.867,0.4823,0.88567,2.1337,3.0912,1.3398,2.0439,4.3946,1.0059,2.1347,3.4347,1.9687,2.5709,4.1758,1.7734,1.4308,4.0644,1.2936,2.4751,3.182,0.84208,2.4715,3.7373,2.111,1.8004,3.612,1.471,2.4611,3.4049,1.5966,2.5236,3.703,1.5303,1.5521,4.2642,1.8113,2.5344,4.2267,1.9025,2.5411,4.3424,3.5165,2.7404,6.2498,1.7768,1.4712,4.0657,1.8013,1.9633,3.4524,1.9563,2.8805,4.7734,1.2583,2.5076,3.2273,2.5683,2.436,4.8877,1.1428,2.6096,4.0861,1.5012,2.4481,3.436,1.0779,1.8284,4.0742,1.6892,1.5092,4.0434,1.7763,1.9679,3.4166,0.26303,2.901,3.327,2.9661,2.2843,4.705,1.2806,1.9337,4.2311,1.3733,2.5822,3.5659,1.3949,2.4414,3.3432,1.8988,1.8155,3.6087,1.9374,2.5086,4.0623,1.0146,2.2807,3.151,2.5462,1.9783,5.1482,1.3028,2.5999,3.4823,1.3386,2.4758,3.2792,0.34049,2.9123,3.3879,0.62488,1.8675,2.7511,1.6054,1.9506,4.527,1.4547,1.7493,4.1729,5.3385,2.8715,1.6668,0.81282,2.102,2.8361,1.0709,2.6701,4.056,2.2749,2.5181,3.619,2.4933,2.3857,4.7984,2.9563,2.6408,4.6487,2.1093,2.4952,4.4611,2.3543,2.1594,4.2911,0.7411,2.1158,3.2236,0.5434,2.4143,3.1078,0.57693,2.1385,3.6968,2.3625,2.4017,4.5109,0.96429,2.4194,3.0575,1.2259,1.6159,4.263,1.6529,2.0384,3.4088,5.9799,2.6445,1.718,3.4474,2.9044,0.18396,0.86219,2.3583,3.0846,1.6609,1.6315,4.0554,1.5108,1.9218,3.1637,0.79505,2.416,2.9553,2.1626,2.3352,4.8398,1.2342,2.5697,3.1956,1.0285,1.9618,3.5079,0.38439,1.9849,3.3158,1.7238,2.0136,3.3772,2.4079,2.1589,4.2779,2.2244,2.1432,5.0128,1.2396,1.6383,3.8574,0.71322,1.9859,2.7831,2.2394,2.1745,5.0532,2.3953,2.2569,4.6022,1.5806,2.4847,3.9665,4.4872,2.8441,0.40735,1.9539,2.4665,4.0408,0.79837,1.9576,4.1092,1.3732,2.6579,4.3315,3.8179,2.79,0.11095,1.5563,1.6494,3.31,0.19754,2.297,3.243,5.1083,2.8473,1.0741,0.6542,2.7306,3.3743,1.3781,2.5367,3.0753,2.1898,2.0732,4.9183,1.4937,1.9969,4.4318,1.5279,1.6272,3.324,1.4526,2.9127,3.399,0.63262,2.4077,2.9722,0.84706,2.4394,3.0215,0.21662,2.6011,3.3084,1.6667,2.3395,4.2042,0.64437,2.4113,2.894,0.9711,2.3427,3.5203,1.3881,1.7729,4.261,0.30239,2.3343,3.3512,1.5213,1.5905,3.3087,0.59891,2.4184,2.9382,3.3888,2.8355,0.070372,1.8951,2.5443,3.9859,2.0663,2.1985,4.6694,2.2608,2.7348,4.8519,1.9049,1.8431,3.8353,1.2942,1.6938,3.7324,2.2109,2.107,4.979,1.3868,2.6021,3.9478,0.83208,3.0824,2.6547,4.8128,2.8598,0.51842,1.3855,2.7155,4.4415,1.9223,1.9075,3.9107,1.3369,2.6595,2.9718,0.68314,2.718,3.3315,1.1083,2.8758,4.2958,0.81676,2.5668,2.7555,0.66764,2.0515,2.8934,0.56207,2.4126,3.3759,1.5612,2.1427,4.3261,1.5535,2.7339,4.5808,0.49942,2.0138,2.9231,2.0016,1.8213,3.805,1.1873,1.775,3.7119,2.2074,2.6326,4.6304,1.3397,1.6557,4.0761,1.3277,2.1451,3.1412,0.58775,2.0522,2.9561,0.53753,2.4241,2.6684,1.7001,2.409,4.2183,2.2163,2.6098,4.6829,0.53808,2.0493,2.9019,1.593,1.7014,3.3588,0.33482,3.067,2.1861,0.67718,2.576,2.6435,3.1564,2.7314,6.1767,0.15047,2.8954,2.8564,4.7272,2.9203,0.41639,2.2454,2.2805,3.5393,1.2667,3.006,4.1192,1.2547,2.4171,3.414,1.0645,3.0467,3.922,2.3229,2.2288,3.7014,1.1781,1.717,3.7119,2.4294,2.362,4.5897,2.4737,2.6972,4.08,1.3639,2.6702,4.3934,1.9056,1.7695,3.8079,1.2274,2.6515,3.7405,2.3002,2.4211,4.8345,1.581,2.5416,3.4709,2.1664,2.2608,4.152,0.76083,1.953,3.3063,2.2301,2.3897,3.6053,2.2135,2.372,3.5594,2.2691,1.9925,5.002,2.5815,2.2635,4.7786,2.3189,2.2573,3.7396,1.3783,1.5977,3.8844,2.1949,2.6329,4.6562,1.9145,1.8209,3.8119,0.77306,2.1015,4.1163,1.5925,1.727,4.2349,2.2282,2.637,4.7028,1.4518,2.3764,3.2661,6.0981,2.9189,2.4165,1.8404,1.7734,3.545,1.8406,2.8765,4.1164,2.1287,1.9682,4.8831,1.2029,2.5787,4.3756,1.9727,2.1524,4.8738,1.6148,1.665,3.9563,1.6209,2.0293,3.3204,1.1106,2.6496,3.6409,1.0224,2.7634,3.8748,1.4938,2.4756,3.9259,1.1703,2.6803,3.6559,1.7973,1.6211,4.0689,0.94158,2.4561,2.827,1.9736,2.1304,4.4564,0.32178,2.7294,3.0747,1.0481,1.9274,4.278,0.99476,2.2841,3.1209,1.6955,2.3964,4.6084,0.95845,2.025,2.8798,0.71919,1.9674,2.7355,1.5931,1.6635,3.9635,0.95977,2.441,2.8725,1.3359,1.5669,3.8496,2.7205,2.5659,4.5947,1.0809,2.1974,3.5808,1.1774,2.7098,3.6901,1.9749,1.9711,4.5022,1.0323,1.9393,4.2639,1.8694,1.6696,3.469,1.6673,2.5377,4.0044,2.1621,2.5228,4.8866,2.0951,2.4054,3.6372,1.3103,3.0251,3.522,1.4636,1.4813,4.1881,0.62209,2.9832,3.6426,1.6226,1.654,4.196,0.73246,1.9837,2.7369,0.72174,2.2039,3.9675,2.648,2.5856,4.5236,2.0445,2.0857,3.4029,1.4389,2.7973,3.5763,1.0586,2.2939,3.554,2.5703,2.0549,4.5574,1.4669,1.7172,4.4246,1.5422,2.564,3.5966,2.0569,2.3776,4.1232,2.6352,2.3293,4.9207,0.52885,2.5241,3.0549
101.85,17.491,473.19,6.64,0.2613,1390.0,1.4032,1.7555,4.0778,1.3016,2.2553,4.2964,1.1139,1.9192,4.2326,2.4173,2.5947,4.2933,0.84721,2.0315,4.3045,1.4897,2.6083,3.8693,3.4167,2.779,0.042352,1.0686,1.924,4.2408,1.7344,1.5751,4.1839,1.3414,2.2395,4.4028,0.81646,2.0912,4.2254,3.0659,2.8158,4.6226,5.3972,2.5901,1.131,1.3477,2.6709,3.7285,0.83071,2.143,2.9551,2.6339,2.2304,4.7521,1.4518,1.6605,3.9575,0.61376,2.7016,3.6693,2.0573,1.786,3.553,0.95082,2.4017,3.1382,6.2136,2.3046,3.1035,1.7195,1.6655,3.452,1.8244,2.6878,4.0886,1.7867,1.7478,3.4575,1.4477,1.6008,3.9775,0.37349,2.2251,3.0398,2.2238,2.4977,4.5982,1.4731,1.8032,3.2442,0.78828,1.9838,2.7138,3.5136,2.796,0.12474,2.1647,1.8638,3.6775,0.98094,2.7879,2.8854,1.9366,2.6337,4.1933,0.68202,1.993,2.7797,0.95399,2.3903,3.1446,1.9833,1.9357,4.6336,1.7144,1.6341,3.9273,0.6218,2.1284,3.9381,1.216,2.6501,3.7804,0.79153,2.2252,3.0553,2.8672,2.4303,4.6444,2.2878,2.3442,4.9778,1.5376,1.6519,3.9855,1.9728,1.9688,4.5973,1.6677,2.3263,3.2655,0.67948,2.231,3.0285,2.4464,2.4444,4.4861,1.8987,2.5726,4.584,1.7814,2.6304,4.5128,2.8142,2.4435,4.7055,1.2295,2.6044,3.7399,1.8889,2.2705,4.477,1.7893,2.8654,3.6893,0.70076,2.4643,2.6552,1.3303,2.1819,4.5367,1.9553,2.8356,3.8646,0.23532,2.4334,3.2595,1.6527,1.52,4.0466,0.6752,2.0758,3.0303,2.2036,2.2391,4.6046,0.77857,2.3912,3.344,0.87879,2.1619,3.1772,0.066975,2.8678,1.872,2.1287,2.0586,4.7616,2.6727,2.4167,4.5787,2.4604,2.1902,4.9437,1.877,2.5068,4.1654,1.0682,1.5731,4.1285,4.5663,2.8681,0.47786,0.89085,2.1315,3.1016,1.3416,2.041,4.3972,1.0039,2.1354,3.4332,1.9598,2.5627,4.1644,1.7784,1.4178,4.0577,1.2965,2.4715,3.1839,0.8456,2.4706,3.7377,2.1122,1.7966,3.6085,1.4692,2.4586,3.4073,1.5968,2.5183,3.7081,1.5258,1.5496,4.2652,1.8081,2.5265,4.2215,1.8995,2.5333,4.337,3.5182,2.7396,6.2506,1.7793,1.466,4.0616,1.8031,1.9608,3.4521,1.9526,2.8779,4.7701,1.2602,2.506,3.2297,2.5665,2.4356,4.8848,1.1461,2.609,4.0885,1.4988,2.4474,3.4358,1.0762,1.8276,4.0748,1.6901,1.5066,4.0424,1.7777,1.9667,3.4162,0.26534,2.9,3.3295,2.9666,2.2837,4.7058,1.2793,1.9328,4.2318,1.3755,2.5795,3.57,1.3937,2.4409,3.3434,1.8996,1.8098,3.6066,1.937,2.5105,4.0634,1.0133,2.2795,3.1511,2.5464,1.9774,5.1484,1.3034,2.5967,3.4862,1.3365,2.4757,3.2782,0.34166,2.9114,3.3891,0.62428,1.8679,2.7496,1.6033,1.95,4.5275,1.4544,1.7475,4.1739,5.3364,2.8712,1.665,0.81297,2.1019,2.8371,1.0715,2.671,4.0565,2.277,2.5176,3.6201,2.4913,2.3847,4.7955,2.9584,2.6393,4.6504,2.1091,2.495,4.4604,2.3541,2.1602,4.2926,0.73992,2.1174,3.2213,0.54623,2.4134,3.111,0.57613,2.1379,3.6968,2.3621,2.4008,4.5122,0.96706,2.4188,3.0604,1.2252,1.6167,4.2622,1.6517,2.0388,3.408,5.9756,2.6432,1.7136,3.448,2.9038,0.18485,0.86181,2.3576,3.0855,1.6609,1.6313,4.0549,1.5105,1.9227,3.1634,0.79512,2.4155,2.9559,2.1629,2.335,4.8383,1.2355,2.5698,3.1977,1.0286,1.9614,3.5085,0.38221,1.9851,3.3168,1.724,2.0133,3.3758,2.4083,2.1603,4.2797,2.2251,2.1429,5.013,1.2384,1.6373,3.8579,0.71374,1.986,2.7836,2.2405,2.1745,5.054,2.3965,2.2577,4.6042,1.5807,2.4868,3.9664,4.4899,2.8414,0.41045,1.954,2.4686,4.0417,0.79784,1.9577,4.1089,1.3767,2.6591,4.3339,3.8212,2.7891,0.11465,1.5567,1.65,3.3104,0.1958,2.2969,3.2412,5.108,2.8448,1.0749,0.65426,2.7298,3.3746,1.3791,2.5371,3.0765,2.191,2.0721,4.9179,1.4935,1.9953,4.4328,1.5279,1.627,3.3245,1.4539,2.9125,3.3998,0.63477,2.4071,2.9755,0.84611,2.4389,3.0222,0.21576,2.6009,3.3073,1.6677,2.3404,4.2055,0.64639,2.411,2.8961,0.96907,2.3456,3.5172,1.3879,1.7723,4.2601,0.30197,2.3347,3.3508,1.5211,1.5898,3.3091,0.60057,2.4182,2.9407,3.3927,2.8347,0.074847,1.8932,2.5436,3.9849,2.0677,2.1984,4.6704,2.2555,2.7336,4.8453,1.9047,1.8405,3.8346,1.294,1.6924,3.7331,2.2118,2.1062,4.9789,1.3869,2.6017,3.9473,0.82605,3.0825,2.6485,4.8144,2.8575,0.52068,1.3878,2.7156,4.4438,1.9226,1.9069,3.9112,1.338,2.6598,2.9733,0.68536,2.7174,3.3343,1.1115,2.8749,4.2991,0.81969,2.5676,2.7574,0.66763,2.0527,2.893,0.56222,2.4127,3.3753,1.5609,2.1415,4.3272,1.5573,2.7341,4.5842,0.49786,2.0144,2.9209,2.0017,1.8204,3.8052,1.1871,1.774,3.7128,2.2064,2.6318,4.6283,1.3388,1.6568,4.0747,1.3265,2.1447,3.1407,0.58709,2.0533,2.9544,0.53831,2.4238,2.6696,1.7017,2.4111,4.2193,2.2143,2.6082,4.6798,0.53703,2.05,2.8999,1.5933,1.7014,3.3593,0.32955,3.0674,2.1801,0.67779,2.5771,2.6434,3.16,2.7307,6.1807,0.15401,2.8955,2.8606,4.7287,2.9196,0.41789,2.245,2.2784,3.537,1.268,3.0048,4.1212,1.2527,2.4181,3.4129,1.0654,3.0463,3.9238,2.3223,2.2287,3.6999,1.1778,1.7152,3.7128,2.4295,2.3622,4.5899,2.472,2.6975,4.0805,1.365,2.6701,4.3938,1.9056,1.7667,3.8071,1.2282,2.6497,3.7411,2.2994,2.4204,4.8323,1.5805,2.5408,3.4729,2.1666,2.262,4.153,0.76024,1.9539,3.3052,2.2288,2.3892,3.6033,2.2118,2.3713,3.5569,2.2698,1.9929,5.0023,2.5808,2.2631,4.7783,2.3182,2.2578,3.7387,1.3783,1.5975,3.885,2.1926,2.6316,4.6531,1.9148,1.819,3.8107,0.77311,2.1008,4.1182,1.5924,1.7256,4.2346,2.2257,2.6358,4.6996,1.4519,2.3763,3.2661,6.1014,2.9193,2.4202,1.8405,1.7731,3.5457,1.8397,2.8747,4.1149,2.1301,1.9681,4.8841,1.2038,2.5786,4.3766,1.9734,2.1524,4.8736,1.615,1.6636,3.9561,1.6213,2.0296,3.3198,1.1113,2.6485,3.6413,1.0233,2.7627,3.8749,1.495,2.4761,3.9271,1.1707,2.6792,3.6557,1.7968,1.6193,4.0688,0.94184,2.4561,2.8274,1.9745,2.1311,4.4572,0.32441,2.7284,3.0769,1.0477,1.9269,4.2782,0.99498,2.2837,3.1218,1.6964,2.3963,4.6088,0.95815,2.0244,2.8801,0.71901,1.967,2.7356,1.5929,1.6623,3.9634,0.96013,2.4408,2.8734,1.3354,1.5664,3.8498,2.7203,2.5657,4.5947,1.0807,2.1982,3.5802,1.1779,2.7089,3.6906,1.9749,1.9709,4.5024,1.0319,1.9389,4.2642,1.8696,1.6698,3.4692,1.6674,2.5382,4.0045,2.1628,2.5225,4.8863,2.0945,2.4057,3.6364,1.3117,3.0246,3.5232,1.4638,1.4813,4.1876,0.62131,2.9831,3.642,1.6229,1.6531,4.1956,0.73236,1.9834,2.7369,0.72207,2.2041,3.9676,2.6475,2.5854,4.5235,2.045,2.0852,3.4025,1.4394,2.7961,3.5769,1.0581,2.295,3.553,2.5709,2.0555,4.5585,1.4667,1.717,4.4247,1.5416,2.5638,3.5969,2.057,2.3785,4.1239,2.6348,2.329,4.9201,0.52966,2.5241,3.0558
101.85,17.491,473.19,6.64,0.26973,1355.3,1.3999,1.7539,4.076,1.303,2.2558,4.2991,1.112,1.9183,4.2318,2.4169,2.5936,4.2951,0.84676,2.0319,4.3049,1.4881,2.6112,3.8673,3.4305,2.7741,0.058107,1.0643,1.923,4.2398,1.7348,1.5736,4.1824,1.3435,2.241,4.4073,0.81541,2.0938,4.225,3.068,2.8153,4.6243,5.3914,2.5838,1.1255,1.3478,2.6715,3.7286,0.82673,2.1438,2.9513,2.641,2.2353,4.7636,1.452,1.6642,3.9594,0.6116,2.7068,3.6605,2.0583,1.7868,3.5548,0.93311,2.4064,3.1244,6.2015,2.3039,3.0892,1.7163,1.6657,3.4556,1.8211,2.689,4.0857,1.7867,1.7505,3.4609,1.4492,1.6036,3.9765,0.37091,2.2282,3.0313,2.2358,2.5047,4.6091,1.4745,1.8121,3.2477,0.78632,1.9857,2.7135,3.5544,2.7875,0.17128,2.1713,1.8667,3.6872,0.97911,2.7911,2.8834,1.9448,2.6374,4.2034,0.68105,1.9994,2.7753,0.94068,2.3888,3.1425,1.993,1.9387,4.6441,1.7147,1.6416,3.929,0.63352,2.1221,3.9554,1.2183,2.6561,3.7829,0.7828,2.2315,3.0487,2.8776,2.4313,4.6509,2.2993,2.3489,4.9922,1.54,1.6484,3.9874,1.9826,1.97,4.6038,1.681,2.3324,3.2664,0.67807,2.2317,3.0388,2.4414,2.4404,4.4897,1.9014,2.5736,4.5701,1.7783,2.6321,4.4979,2.8064,2.4452,4.6941,1.2222,2.6107,3.7281,1.9021,2.2688,4.4837,1.7793,2.8541,3.6792,0.70462,2.462,2.6588,1.3125,2.1858,4.5283,1.9534,2.8204,3.8621,0.22891,2.4357,3.2563,1.6518,1.515,4.0436,0.67595,2.073,3.0331,2.1986,2.2353,4.5978,0.77327,2.382,3.3551,0.87488,2.1644,3.1828,0.074737,2.8659,1.8795,2.1324,2.0572,4.7626,2.668,2.4142,4.5766,2.455,2.1866,4.9317,1.875,2.5013,4.1624,1.0666,1.5587,4.1364,4.5606,2.8696,0.47277,0.89621,2.129,3.1127,1.3434,2.0382,4.3995,1.0021,2.1359,3.4321,1.9512,2.5546,4.1534,1.7836,1.4041,4.0509,1.2991,2.4681,3.1855,0.84895,2.4696,3.7382,2.1132,1.793,3.6053,1.468,2.4557,3.4101,1.5967,2.513,3.7125,1.5217,1.5472,4.2662,1.8055,2.5193,4.2171,1.8967,2.5259,4.3321,3.5196,2.7389,6.2511,1.7816,1.461,4.0577,1.8047,1.9585,3.4517,1.9493,2.8756,4.767,1.2617,2.5045,3.2319,2.565,2.4352,4.8822,1.1491,2.6085,4.0908,1.4966,2.4466,3.4357,1.0746,1.8269,4.0753,1.6909,1.5043,4.0414,1.779,1.9655,3.4159,0.26772,2.8991,3.3319,2.9669,2.2833,4.7065,1.2782,1.932,4.2324,1.3774,2.577,3.5737,1.3927,2.4404,3.3436,1.9001,1.8046,3.6048,1.9368,2.5121,4.0643,1.0122,2.2783,3.1514,2.5465,1.9767,5.1486,1.3036,2.5937,3.4895,1.3347,2.4755,3.2774,0.34277,2.9105,3.3903,0.62379,1.8682,2.7484,1.6016,1.9495,4.5279,1.4541,1.7458,4.1747,5.3348,2.871,1.6636,0.81314,2.1018,2.838,1.072,2.6718,4.057,2.279,2.5172,3.621,2.4897,2.3839,4.7931,2.9601,2.638,4.6516,2.109,2.4948,4.4599,2.3538,2.1608,4.2938,0.73889,2.1187,3.2194,0.54863,2.4126,3.1137,0.57541,2.1374,3.6968,2.3617,2.4001,4.5132,0.9694,2.4182,3.0629,1.2246,1.6175,4.2615,1.6506,2.0391,3.4073,5.972,2.6421,1.7099,3.4484,2.9032,0.1855,0.86145,2.3571,3.0862,1.6609,1.6312,4.0546,1.5102,1.9234,3.1631,0.79516,2.4151,2.9563,2.1631,2.3348,4.837,1.2365,2.5699,3.1996,1.0287,1.9612,3.509,0.38042,1.9853,3.3176,1.7241,2.0132,3.3746,2.4085,2.1615,4.2812,2.2256,2.1426,5.0131,1.2375,1.6365,3.8582,0.71418,1.986,2.7839,2.2414,2.1745,5.0546,2.3975,2.2584,4.6058,1.5808,2.4886,3.9663,4.4921,2.8391,0.41308,1.954,2.4704,4.0424,0.7974,1.9577,4.1086,1.3797,2.6602,4.336,3.8238,2.7883,0.11773,1.5569,1.6504,3.3107,0.19432,2.2968,3.2397,5.1078,2.8428,1.0755,0.65426,2.7292,3.3747,1.3799,2.5374,3.0775,2.1921,2.0712,4.9177,1.4934,1.994,4.4337,1.5279,1.6268,3.3249,1.455,2.9123,3.4006,0.63656,2.4067,2.9781,0.84526,2.4386,3.0228,0.21498,2.6007,3.3064,1.6684,2.3411,4.2066,0.64806,2.4107,2.8978,0.96732,2.3481,3.5146,1.3877,1.7718,4.2594,0.30162,2.3349,3.3505,1.521,1.5893,3.3095,0.60197,2.418,2.9429,3.3959,2.834,0.078596,1.8916,2.543,3.984,2.0689,2.1983,4.6713,2.2512,2.7326,4.8398,1.9046,1.8384,3.8341,1.2938,1.6913,3.7336,2.2126,2.1055,4.9789,1.387,2.6014,3.947,0.82087,3.0826,2.6432,4.8158,2.8556,0.52264,1.3897,2.7156,4.4457,1.9229,1.9065,3.9116,1.339,2.66,2.9745,0.68715,2.7169,3.3365,1.1142,2.8742,4.3019,0.82216,2.5684,2.7589,0.66764,2.0536,2.8927,0.56232,2.4128,3.3748,1.5606,2.1405,4.3282,1.5605,2.7343,4.587,0.49654,2.0148,2.9191,2.0017,1.8197,3.8053,1.1869,1.7733,3.7135,2.2055,2.631,4.6267,1.3381,1.6578,4.0734,1.3255,2.1444,3.1403,0.58653,2.0543,2.9529,0.53895,2.4235,2.6706,1.7029,2.4128,4.2202,2.2126,2.6069,4.6773,0.53614,2.0506,2.8983,1.5936,1.7013,3.3597,0.32505,3.0676,2.1751,0.6783,2.578,2.6433,3.163,2.7302,6.184,0.15694,2.8956,2.864,4.7299,2.919,0.4192,2.2447,2.2768,3.5352,1.269,3.0039,4.1228,1.251,2.419,3.4119,1.0661,3.046,3.9252,2.3217,2.2287,3.6987,1.1775,1.7136,3.7136,2.4295,2.3624,4.59,2.4705,2.6977,4.0809,1.366,2.67,4.3941,1.9057,1.7642,3.8065,1.2288,2.6482,3.7416,2.2988,2.4199,4.8304,1.5801,2.5402,3.4745,2.1668,2.263,4.1539,0.75974,1.9546,3.3043,2.2276,2.3888,3.6015,2.2104,2.3707,3.5548,2.2704,1.9932,5.0024,2.5802,2.2628,4.7781,2.3176,2.2582,3.738,1.3784,1.5973,3.8853,2.1907,2.6305,4.6506,1.915,1.8174,3.8098,0.77315,2.1003,4.1197,1.5923,1.7245,4.2343,2.2237,2.6348,4.697,1.452,2.3763,3.266,6.1041,2.9196,2.4233,1.8407,1.7729,3.5463,1.8389,2.8732,4.1137,2.1312,1.968,4.8849,1.2046,2.5785,4.3775,1.974,2.1525,4.8735,1.6152,1.6625,3.956,1.6217,2.0298,3.3193,1.1117,2.6475,3.6417,1.024,2.7622,3.875,1.4961,2.4765,3.9281,1.171,2.6782,3.6556,1.7964,1.6178,4.0687,0.94207,2.4561,2.8277,1.9752,2.1317,4.458,0.32662,2.7275,3.0788,1.0474,1.9266,4.2784,0.99515,2.2833,3.1225,1.6971,2.3963,4.609,0.95789,2.0239,2.8804,0.71887,1.9667,2.7357,1.5927,1.6613,3.9634,0.96043,2.4407,2.8742,1.335,1.5661,3.8499,2.7202,2.5656,4.5947,1.0806,2.1989,3.5796,1.1784,2.7082,3.6909,1.9748,1.9707,4.5026,1.0316,1.9386,4.2644,1.8698,1.6698,3.4695,1.6674,2.5386,4.0045,2.1633,2.5222,4.886,2.094,2.406,3.6357,1.3129,3.0241,3.5243,1.464,1.4813,4.1872,0.62068,2.9829,3.6416,1.6231,1.6523,4.1953,0.73227,1.9831,2.7369,0.72234,2.2043,3.9678,2.6472,2.5852,4.5234,2.0454,2.0848,3.4021,1.4398,2.7951,3.5773,1.0576,2.296,3.5521,2.5713,2.056,4.5594,1.4664,1.7169,4.4248,1.541,2.5637,3.5971,2.057,2.3793,4.1244,2.6344,2.3288,4.9196,0.53035,2.5241,3.0565
1051.3,12.772,390.99,16.975,0.0078388,1112.5,1.5232,1.8361,4.1734,1.2782,2.2251,4.2224,1.2307,1.9865,4.2332,2.4985,2.6623,4.3021,0.8577,2.0615,4.2172,1.5204,2.483,3.8935,3.0102,2.8389,5.8204,1.2289,1.988,4.2342,1.7481,1.7168,4.2474,1.277,2.2264,4.2242,0.85812,2.0616,4.2157,2.8911,2.8353,4.5068,5.709,2.7766,1.4661,1.2382,2.8445,3.6235,0.95769,2.1448,3.0231,2.4837,2.0508,4.4453,1.4722,1.6758,3.9052,0.65982,2.5694,3.8855,2.0056,1.7627,3.4731,1.0728,2.4474,3.0553,0.27198,2.2852,3.5632,1.7859,1.6738,3.3874,2.1435,2.826,4.4489,1.7868,1.6707,3.3903,1.4763,1.6741,3.9065,0.39575,2.1327,3.204,2.0348,2.3535,4.3855,1.4744,1.6656,3.1994,0.83265,1.8731,2.7747,3.0108,2.8413,5.8178,2.0059,1.7611,3.4743,1.0061,2.7158,2.8794,1.8177,2.5893,4.0011,0.63091,1.8681,2.7983,1.0716,2.4462,3.0526,1.8974,1.9139,4.4927,1.6798,1.6948,3.895,0.51037,2.2013,3.7446,1.1937,2.4181,3.7868,1.0057,2.0581,3.2718,2.5447,2.2969,4.2886,2.0676,2.1469,4.6754,1.4781,1.675,3.9107,1.8965,1.9166,4.4925,1.4904,2.1698,3.268,0.82256,2.0786,3.1886,2.4183,2.3711,4.3142,1.9477,2.6025,4.8935,1.9399,2.5952,4.8829,2.545,2.2973,4.2882,1.2874,2.4863,3.9473,1.6863,2.2311,4.2933,2.0625,3.0634,4.0065,0.50036,2.47,2.4734,1.5424,2.0553,4.6061,2.0801,3.0665,4.0271,0.39269,2.3739,3.4386,1.6617,1.6305,4.0824,0.70933,2.0209,3.0987,2.2439,2.2398,4.6461,0.62531,2.6198,2.9968,1.0051,2.0616,3.2719,0.12873,2.8902,1.9732,1.9949,1.9847,4.5875,2.5448,2.2978,4.2908,2.6786,2.3386,5.2016,2.1485,2.8243,4.4512,1.0791,1.8503,3.9449,4.6146,2.9994,0.50112,0.8874,2.1172,3.0552,1.3054,2.1004,4.2643,1.0554,2.087,3.4933,2.3161,2.7561,4.5867,1.7012,1.5996,4.1582,1.142,2.5585,3.0654,0.74948,2.4257,3.7693,2.054,1.9292,3.7399,1.6004,2.4371,3.469,1.6624,2.5213,3.6083,1.6595,1.6793,4.2497,2.1134,2.8115,4.59,2.1176,2.812,4.5916,3.3557,2.7821,6.1172,1.7005,1.5996,4.1583,1.7025,2.0056,3.4533,2.1326,2.9377,4.9279,1.1438,2.5584,3.0687,2.6385,2.4467,4.9895,1.0231,2.6032,4.0649,1.6021,2.4362,3.4689,1.1853,1.7962,4.1033,1.6614,1.6306,4.0839,1.7022,2.0054,3.4521,0.29161,2.947,3.3381,2.8706,2.2931,4.5625,1.3173,1.9508,4.205,1.2463,2.6898,3.319,1.4641,2.4588,3.3427,1.8412,1.9857,3.726,1.9513,2.3357,3.9924,1.0973,2.2826,3.1891,2.5399,2.0503,5.1494,1.2416,2.6897,3.3112,1.463,2.4602,3.3406,0.29366,2.9469,3.3414,0.67711,1.8062,2.9138,1.7007,2.0282,4.4204,1.4675,1.8645,4.119,5.5399,2.9014,1.8519,0.81925,2.1223,2.7798,1.023,2.6042,4.0658,2.1539,2.5242,3.6215,2.6396,2.4447,4.9907,2.7998,2.7055,4.5193,2.1636,2.5306,4.5351,2.349,2.1027,4.1945,0.76573,1.989,3.3491,0.32578,2.4745,2.8811,0.60433,2.1407,3.7135,2.3852,2.511,4.4301,0.74746,2.4654,2.8505,1.2555,1.5835,4.287,1.7016,2.0058,3.4511,0.090075,2.6893,2.0439,3.2151,2.9383,6.2063,0.74218,2.4655,2.8494,1.6606,1.6333,4.0874,1.494,1.864,3.1828,0.74113,2.4655,2.8471,2.1685,2.3481,4.956,1.1426,2.5624,3.0677,1.0017,1.9632,3.5036,0.53139,1.9786,3.2563,1.7007,2.0071,3.4507,2.3859,2.0802,4.197,2.1414,2.1546,4.9787,1.2893,1.7535,3.8002,0.68299,1.9768,2.756,2.1409,2.1539,4.9798,2.3189,2.1848,4.46,1.567,2.2883,3.9625,4.1946,3.0087,0.1279,1.9551,2.3363,3.9954,0.83816,1.9642,4.1172,1.1736,2.5717,4.2135,3.5171,2.8543,6.08,1.5323,1.6173,3.2867,0.32401,2.2979,3.4088,5.1333,2.9909,1.0733,0.5581,2.7842,3.2544,1.2643,2.5062,2.9758,2.141,2.1529,4.9813,1.4739,2.0944,4.3497,1.5254,1.6221,3.2871,1.3782,2.9291,3.3633,0.44979,2.4504,2.7179,0.92603,2.4542,3.0004,0.22119,2.6178,3.3402,1.6113,2.2547,4.1246,0.44516,2.4477,2.7115,1.0484,2.169,3.66,1.3946,1.808,4.293,0.32502,2.2993,3.4083,1.5289,1.617,3.2868,0.44589,2.4509,2.7153,2.9828,2.8701,5.9002,2.0085,2.5996,4.036,1.9698,2.177,4.5871,2.6363,2.7749,5.2755,1.8901,1.9656,3.9041,1.2937,1.8172,3.6881,2.1426,2.1544,4.9813,1.4026,2.6587,4.0098,1.1127,3.0853,2.9555,4.6894,2.9859,0.41299,1.2556,2.6836,4.3322,1.9041,1.958,3.8852,1.2447,2.636,2.863,0.35798,2.7737,2.9498,0.9367,2.8896,4.1296,0.57107,2.5209,2.579,0.69776,1.9314,2.9927,0.54733,2.396,3.4295,1.5668,2.1753,4.2271,1.2556,2.6852,4.3346,0.63435,1.9483,3.1176,1.979,1.8973,3.8186,1.1933,1.8465,3.6454,2.4666,2.7237,4.987,1.3765,1.5239,4.1723,1.3906,2.156,3.1756,0.63689,1.9474,3.1176,0.46034,2.4505,2.5666,1.613,2.2526,4.1269,2.4637,2.7231,4.9861,0.63554,1.9487,3.1159,1.5646,1.7137,3.3273,0.51578,3.0396,2.4307,0.57169,2.5208,2.5816,2.9085,2.7436,5.8883,6.1767,2.8636,2.542,4.6772,2.9891,0.39869,2.348,2.4088,3.7551,0.86759,3.0816,3.6498,1.4401,2.2534,3.5645,0.84332,3.0794,3.6254,2.3686,2.2379,3.8111,1.1921,1.8467,3.6447,2.4268,2.3378,4.5596,2.5835,2.6265,4.0303,1.2611,2.6842,4.3371,1.8913,1.9636,3.9051,1.1242,2.7972,3.65,2.4515,2.4859,5.0938,1.6056,2.6223,3.2982,2.1686,2.187,4.102,0.78702,1.9025,3.372,2.3481,2.4099,3.7538,2.3496,2.412,3.7559,2.1835,1.887,4.9006,2.6461,2.2906,4.7929,2.3668,2.2393,3.8112,1.3806,1.5853,3.8352,2.4664,2.7211,4.9897,1.8908,1.9638,3.9056,0.77939,2.1422,3.9603,1.6016,1.8344,4.2583,2.4652,2.7231,4.9883,1.4457,2.3897,3.2605,5.9273,2.8804,2.206,1.8595,1.8009,3.4751,1.9758,3.0246,4.3,2.013,1.9502,4.7521,1.0986,2.5792,4.2703,1.8812,2.1505,4.8603,1.6135,1.8039,3.9666,1.6049,2.0103,3.3935,1.0106,2.7777,3.5609,0.91039,2.8321,3.8088,1.3773,2.3889,3.8434,1.1219,2.7985,3.6479,1.839,1.7982,4.0934,0.91218,2.4612,2.7716,1.9101,2.0686,4.3847,0.07201,2.7965,2.8372,1.0866,1.9604,4.2609,0.94629,2.3379,3.0076,1.6324,2.3958,4.5868,0.97947,2.0886,2.8338,0.74413,1.9995,2.7436,1.613,1.8035,3.9685,0.91319,2.4604,2.7726,1.3807,1.5861,3.8366,2.7709,2.5898,4.6363,1.0846,2.1376,3.6268,1.1205,2.8004,3.6494,1.9763,1.9873,4.4767,1.0846,1.962,4.2598,1.8531,1.652,3.4505,1.6622,2.4805,3.9992,2.1126,2.5553,4.9238,2.1557,2.3806,3.7108,1.1831,3.0742,3.4151,1.446,1.4669,4.2326,0.62027,2.9997,3.6152,1.625,1.7521,4.2339,0.74503,1.998,2.743,0.68987,2.1942,3.9436,2.6881,2.6025,4.5366,1.9914,2.1283,3.4393,1.3813,2.9227,3.5358,1.0816,2.1922,3.6351,2.5312,1.9995,4.4696,1.4913,1.7353,4.4224,1.6101,2.5929,3.5822,2.0628,2.2873,4.0722,2.7112,2.3742,5.0113,0.4444,2.5316,2.9573
1051.3,12.772,390.99,16.975,0.015678,1599.4,1.5205,1.8326,4.1701,1.2769,2.2251,4.2234,1.2279,1.9837,4.2344,2.4956,2.6608,4.2999,0.85674,2.0596,4.2206,1.5205,2.4875,3.8934,3.0233,2.8393,5.8365,1.2252,1.9854,4.2359,1.7476,1.7117,4.2458,1.2757,2.2257,4.226,0.85622,2.061,4.2153,2.8946,2.835,4.5081,5.6959,2.7734,1.4513,1.2441,2.8378,3.6294,0.95409,2.1454,3.0191,2.4853,2.054,4.4507,1.4716,1.672,3.906,0.6578,2.5725,3.8812,2.0064,1.7646,3.4747,1.0774,2.4447,3.0645,0.26656,2.2874,3.555,1.7845,1.6763,3.389,2.1277,2.8223,4.4321,1.7867,1.6758,3.3918,1.4744,1.6701,3.9097,0.39385,2.1354,3.1986,2.0386,2.3573,4.3907,1.4749,1.6684,3.2,0.83219,1.879,2.7715,3.0217,2.8411,5.8309,2.0058,1.7657,3.4762,1.0065,2.7158,2.8813,1.818,2.588,4.003,0.63115,1.8728,2.7961,1.0746,2.4445,3.059,1.8971,1.9144,4.4931,1.6822,1.6889,3.893,0.51115,2.2027,3.7441,1.1943,2.4245,3.7842,1.0029,2.0619,3.267,2.5484,2.3003,4.2945,2.0709,2.1509,4.6808,1.4777,1.6716,3.9136,1.8952,1.9166,4.4923,1.4891,2.1718,3.2659,0.81959,2.0834,3.1826,2.4204,2.3746,4.3199,1.9454,2.6017,4.8873,1.9356,2.5959,4.876,2.5483,2.3011,4.2954,1.2867,2.4887,3.9435,1.6882,2.2326,4.2961,2.0526,3.0611,3.9942,0.50424,2.4697,2.4768,1.5414,2.0562,4.6094,2.083,3.0653,4.0273,0.38848,2.3762,3.4329,1.6624,1.6263,4.0814,0.70687,2.0241,3.0939,2.2446,2.2417,4.6503,0.63525,2.6171,3.0082,1.002,2.0655,3.2664,0.11209,2.8908,1.9541,1.9961,1.9875,4.5915,2.5468,2.3024,4.2971,2.6716,2.3366,5.1966,2.1354,2.8189,4.4364,1.0784,1.8461,3.9483,4.6181,2.9941,0.50242,0.88411,2.1197,3.0493,1.3035,2.0991,4.2671,1.0544,2.0888,3.4909,2.3036,2.7526,4.572,1.7026,1.5955,4.1564,1.1463,2.5576,3.0707,0.75092,2.4294,3.7656,2.0571,1.9251,3.7369,1.6004,2.4379,3.4714,1.6611,2.5243,3.6103,1.6568,1.6741,4.2502,2.101,2.807,4.5771,2.1102,2.807,4.5847,3.3688,2.781,6.1313,1.7023,1.5951,4.1566,1.7064,2.004,3.4516,2.1304,2.9368,4.9284,1.1483,2.5576,3.0755,2.6337,2.4457,4.9834,1.0269,2.6064,4.0651,1.6012,2.4376,3.4705,1.1826,1.8001,4.1021,1.6628,1.6257,4.0819,1.7045,2.0042,3.4501,0.29138,2.9453,3.3389,2.8739,2.2937,4.5687,1.3161,1.9496,4.2072,1.2532,2.6862,3.3284,1.4633,2.4591,3.3444,1.8436,1.982,3.7235,1.9508,2.3402,3.9953,1.0949,2.2837,3.1867,2.5386,2.0482,5.1489,1.2411,2.6868,3.3113,1.4607,2.4617,3.3406,0.30579,2.9454,3.354,0.67558,1.8091,2.9066,1.6978,2.026,4.4238,1.4667,1.8608,4.1215,5.5278,2.8997,1.8403,0.81926,2.1208,2.7823,1.0251,2.6073,4.0644,2.1617,2.526,3.6233,2.6337,2.4431,4.9832,2.8018,2.703,4.5203,2.1577,2.5279,4.5289,2.3493,2.1046,4.1979,0.76464,1.9927,3.3449,0.33457,2.4731,2.89,0.60364,2.1422,3.7115,2.3844,2.5086,4.4327,0.7564,2.4648,2.8574,1.2548,1.5877,4.2862,1.7027,2.0057,3.4496,0.80163,2.6891,2.0306,3.2333,2.9372,6.2334,0.74942,2.4629,2.8594,1.662,1.632,4.085,1.4953,1.8652,3.1827,0.74632,2.4642,2.8539,2.167,2.3474,4.9512,1.1472,2.5625,3.0737,1.0028,1.9627,3.5037,0.52673,1.9797,3.2554,1.7025,2.0065,3.4491,2.3857,2.0827,4.1988,2.1451,2.1544,4.9819,1.288,1.7484,3.8032,0.68407,1.978,2.7561,2.1442,2.1541,4.9833,2.3214,2.1879,4.4655,1.5675,2.2946,3.9628,4.2081,3.0038,0.13902,1.9549,2.3399,3.9973,0.83643,1.9627,4.1179,1.1788,2.5749,4.215,3.5316,2.8531,6.0951,1.5334,1.6183,3.2876,0.31994,2.2997,3.4017,5.1252,2.9869,1.0638,0.57003,2.782,3.2682,1.2698,2.5074,2.9796,2.1421,2.15,4.9793,1.4737,2.0916,4.3519,1.5258,1.6233,3.2885,1.3786,2.9262,3.3606,0.45708,2.4498,2.7267,0.92956,2.4526,3.0066,0.2204,2.617,3.3382,1.6117,2.2575,4.1262,0.45356,2.4464,2.7187,1.0476,2.1723,3.6567,1.3947,1.8049,4.2929,0.3235,2.3018,3.4038,1.5289,1.6163,3.2878,0.45299,2.4503,2.7242,3.0035,2.8703,5.922,2.0047,2.5963,4.0341,1.9731,2.1788,4.5911,2.6294,2.7746,5.2685,1.8922,1.9622,3.9014,1.2937,1.8123,3.6903,2.1456,2.1531,4.9828,1.4011,2.6541,4.0071,1.1153,3.0833,2.957,4.6871,2.9824,0.40796,1.2604,2.6865,4.3351,1.9049,1.954,3.8849,1.2481,2.6368,2.8667,0.37376,2.7725,2.9682,0.93326,2.8914,4.1252,0.57893,2.5218,2.5842,0.69462,1.9358,2.9866,0.54721,2.3993,3.4257,1.5653,2.1749,4.2304,1.2647,2.6881,4.3413,0.62921,1.9521,3.1097,1.9809,1.8935,3.8165,1.1937,1.8428,3.6486,2.4536,2.7217,4.9716,1.3749,1.5314,4.1698,1.3874,2.1557,3.1727,0.63393,1.9499,3.1105,0.46564,2.4492,2.5717,1.6137,2.2561,4.1287,2.4521,2.7203,4.9732,0.63207,1.9525,3.1081,1.5655,1.7116,3.3282,0.50797,3.0405,2.42,0.57606,2.5213,2.585,2.9206,2.7434,5.9019,6.1871,2.8655,2.5577,4.6694,2.9854,0.38783,2.3441,2.4066,3.7492,0.90792,3.0794,3.6936,1.436,2.2581,3.5603,0.86675,3.0778,3.6532,2.3674,2.2374,3.8089,1.1916,1.8418,3.648,2.4275,2.3395,4.5633,2.5848,2.63,4.0369,1.2647,2.6837,4.3396,1.8934,1.9581,3.9014,1.132,2.792,3.6588,2.4438,2.4837,5.0839,1.6063,2.6203,3.3047,2.1683,2.189,4.1043,0.78571,1.9033,3.3697,2.3442,2.4096,3.7497,2.3456,2.4119,3.751,2.1845,1.8937,4.9049,2.643,2.2894,4.7923,2.3656,2.2391,3.8093,1.3788,1.5836,3.8377,2.4538,2.7199,4.9751,1.8929,1.9584,3.9021,0.77737,2.1415,3.9656,1.6015,1.8293,4.2572,2.4537,2.72,4.9758,1.4467,2.389,3.262,5.9305,2.8817,2.2108,1.8578,1.8001,3.4769,1.9723,3.0194,4.2951,2.0158,1.9514,4.7562,1.1038,2.5799,4.2741,1.886,2.15,4.8627,1.6133,1.7985,3.966,1.6059,2.0095,3.3891,1.0201,2.7727,3.572,0.92068,2.8278,3.82,1.3821,2.3932,3.8457,1.1267,2.7932,3.6531,1.8385,1.7914,4.0913,0.9132,2.4606,2.7748,1.9109,2.0704,4.3865,0.085681,2.7953,2.8519,1.0845,1.9584,4.2613,0.95044,2.3359,3.0127,1.635,2.3969,4.5869,0.97816,2.0861,2.8348,0.74245,1.9992,2.7406,1.6128,1.7976,3.9681,0.91594,2.4593,2.7777,1.3785,1.5852,3.8371,2.7653,2.5885,4.6308,1.0851,2.1388,3.625,1.1249,2.7953,3.6543,1.9764,1.9878,4.4778,1.081,1.9616,4.258,1.8532,1.6564,3.4517,1.6619,2.4842,3.9993,2.1158,2.5551,4.9239,2.1533,2.3821,3.7094,1.1892,3.0713,3.4199,1.4461,1.4703,4.2308,0.62568,2.9984,3.6221,1.6235,1.7469,4.2315,0.74369,1.9986,2.7412,0.69111,2.194,3.9445,2.6849,2.6025,4.5345,1.9952,2.1267,3.4406,1.382,2.9169,3.5344,1.0816,2.1957,3.6319,2.5328,2.0019,4.4734,1.4902,1.7346,4.4217,1.6076,2.5922,3.5835,2.062,2.2902,4.075,2.7049,2.3718,5.0046,0.45027,2.5305,2.9646
1051.3,12.772,390.99,16.975,0.023516,2005.4,1.5176,1.8295,4.1667,1.276,2.2258,4.2249,1.2247,1.9813,4.2354,2.4928,2.6593,4.2981,0.85663,2.0573,4.2246,1.5204,2.4922,3.8934,3.0359,2.8394,5.8525,1.2214,1.9834,4.2372,1.747,1.7061,4.2443,1.2755,2.2255,4.2287,0.85438,2.0608,4.2143,2.8984,2.8349,4.5098,5.6828,2.7699,1.4363,1.2503,2.8303,3.6356,0.95056,2.1454,3.0157,2.4871,2.0576,4.4563,1.4708,1.6681,3.907,0.65562,2.5757,3.8766,2.0074,1.766,3.4765,1.082,2.4413,3.0742,0.26097,2.2896,3.5466,1.7834,1.678,3.3904,2.1116,2.818,4.4148,1.7866,1.6804,3.3931,1.4723,1.6663,3.913,0.39229,2.1378,3.1935,2.0427,2.361,4.3959,1.4754,1.6714,3.2006,0.83125,1.8846,2.7682,3.033,2.841,5.8442,2.0061,1.7701,3.4778,1.008,2.7159,2.8842,1.8187,2.5867,4.0057,0.63234,1.8771,2.7953,1.0768,2.4426,3.0651,1.8972,1.9151,4.4941,1.6848,1.6834,3.8911,0.5117,2.2035,3.7441,1.1943,2.4317,3.7815,0.99961,2.0658,3.2618,2.5532,2.3038,4.3012,2.0746,2.1552,4.6864,1.4778,1.6686,3.916,1.8942,1.9165,4.4924,1.4881,2.1744,3.2636,0.81671,2.0885,3.1764,2.4222,2.378,4.3254,1.943,2.601,4.8811,1.9306,2.5967,4.8684,2.5521,2.3051,4.3029,1.2858,2.4908,3.9394,1.6902,2.2342,4.299,2.0425,3.0587,3.9817,0.50885,2.4696,2.4806,1.54,2.0572,4.613,2.085,3.0638,4.0269,0.38409,2.3785,3.427,1.6631,1.6222,4.0805,0.7047,2.0278,3.089,2.246,2.2438,4.6543,0.6454,2.614,3.0198,0.99871,2.0698,3.2608,0.093112,2.8913,1.9357,1.9974,1.9903,4.5954,2.5491,2.3071,4.3038,2.6648,2.3341,5.191,2.1225,2.8127,4.422,1.0777,1.8418,3.9518,4.6225,2.9889,0.50504,0.88103,2.1217,3.0441,1.3018,2.0983,4.2708,1.0535,2.0906,3.4886,2.2911,2.7489,4.5575,1.704,1.592,4.1548,1.1513,2.5567,3.0767,0.75274,2.4332,3.7625,2.0598,1.9213,3.7336,1.5997,2.4387,3.4732,1.6588,2.5277,3.6111,1.654,1.6686,4.2507,2.0885,2.8022,4.5644,2.1023,2.8018,4.5768,3.3825,2.78,6.1459,1.704,1.5908,4.1552,1.7103,2.0029,3.4501,2.1268,2.9362,4.927,1.1533,2.5571,3.083,2.6291,2.4448,4.9779,1.0312,2.6092,4.0659,1.6,2.4386,3.4716,1.1798,1.805,4.1001,1.6641,1.6206,4.0801,1.7068,2.0035,3.4477,0.28895,2.9439,3.3376,2.8771,2.2942,4.5748,1.3153,1.9483,4.209,1.2598,2.683,3.3384,1.4625,2.4592,3.3462,1.8459,1.9784,3.7205,1.9503,2.3457,3.9976,1.092,2.2846,3.1841,2.5379,2.0455,5.1486,1.241,2.6837,3.3125,1.4573,2.4636,3.3396,0.31692,2.9439,3.3655,0.67365,1.8123,2.8991,1.695,2.0237,4.4281,1.4659,1.8569,4.1239,5.5143,2.8978,1.8271,0.81948,2.1188,2.7851,1.0279,2.6102,4.064,2.1694,2.5275,3.6249,2.6277,2.4413,4.9751,2.8043,2.7006,4.5218,2.1523,2.5252,4.5228,2.3497,2.1064,4.2012,0.76374,1.9966,3.3406,0.344,2.4716,2.8992,0.60303,2.1434,3.7099,2.3844,2.505,4.4359,0.76548,2.4638,2.8646,1.2541,1.5914,4.2857,1.703,2.0061,3.4478,5.8853,2.6889,2.0163,3.249,2.936,6.1915,0.75666,2.4599,2.8699,1.6633,1.6309,4.0828,1.4963,1.8666,3.1824,0.75099,2.4627,2.8607,2.1654,2.3465,4.946,1.1524,2.5626,3.0802,1.0039,1.962,3.5041,0.52203,1.9803,3.2552,1.7042,2.0066,3.4466,2.3853,2.0852,4.2006,2.1487,2.1541,4.9849,1.2867,1.7431,3.806,0.68476,1.9787,2.7567,2.1479,2.1544,4.9868,2.3238,2.1909,4.4711,1.5681,2.3015,3.9632,4.2234,2.9985,0.15236,1.9545,2.3438,3.9988,0.8354,1.9612,4.1189,1.1849,2.578,4.2174,3.5462,2.8511,6.1099,1.5342,1.6194,3.2885,0.31541,2.301,3.3945,5.1201,2.9827,1.0579,0.5824,2.7797,3.2824,1.276,2.5085,2.9838,2.1427,2.1467,4.9764,1.4736,2.0891,4.3546,1.5262,1.6245,3.2897,1.3795,2.9238,3.359,0.46439,2.449,2.7359,0.93183,2.4513,3.012,0.22054,2.6165,3.337,1.6125,2.2607,4.1282,0.46207,2.4451,2.7264,1.0466,2.1757,3.6534,1.3948,1.8016,4.2926,0.32208,2.304,3.3993,1.5288,1.6157,3.2887,0.46023,2.4494,2.7336,3.0249,2.8703,5.9445,2.0006,2.5925,4.0323,1.9768,2.1806,4.5952,2.6219,2.7743,5.2604,1.8944,1.9588,3.8988,1.2938,1.8069,3.6923,2.1487,2.1517,4.9842,1.3989,2.6499,4.0032,1.1198,3.0808,2.9603,4.6872,2.9788,0.40548,1.2659,2.6889,4.3391,1.9054,1.9504,3.8842,1.2524,2.6373,2.8716,0.39027,2.7711,2.9874,0.93069,2.8936,4.1217,0.58667,2.5225,2.5896,0.69167,1.9405,2.9803,0.54701,2.402,3.4222,1.5642,2.1752,4.234,1.2754,2.6907,4.3496,0.62383,1.9558,3.1018,1.9827,1.8897,3.8147,1.1937,1.8388,3.6518,2.4404,2.7194,4.9556,1.3734,1.539,4.1671,1.3843,2.1556,3.1698,0.63115,1.9527,3.1034,0.47078,2.4479,2.5773,1.6143,2.2599,4.1306,2.4402,2.7171,4.96,0.62882,1.9568,3.1001,1.5664,1.7094,3.3292,0.5003,3.0415,2.4093,0.58059,2.5223,2.5885,2.932,2.7435,5.9151,6.2251,2.8673,2.5742,4.6636,2.9816,0.37925,2.3402,2.4042,3.7427,0.94588,3.0773,3.7353,1.4309,2.2636,3.5555,0.88609,3.0763,3.6767,2.3658,2.2373,3.8063,1.1911,1.8368,3.6512,2.4275,2.3408,4.5662,2.585,2.6341,4.0428,1.2684,2.6832,4.342,1.8953,1.9523,3.8975,1.1393,2.7864,3.6667,2.4361,2.4817,5.074,1.6073,2.6182,3.3122,2.1678,2.191,4.1064,0.78457,1.9042,3.3674,2.3401,2.4093,3.7451,2.3417,2.4115,3.7456,2.1863,1.9004,4.9097,2.6401,2.2883,4.7921,2.3642,2.239,3.8071,1.3773,1.5829,3.8401,2.441,2.7185,4.9603,1.8948,1.953,3.8985,0.77574,2.1407,3.9713,1.6012,1.8243,4.2562,2.4421,2.7167,4.9632,1.4474,2.3885,3.2631,5.9338,2.883,2.2156,1.856,1.7992,3.4792,1.9698,3.0142,4.2912,2.0193,1.9523,4.761,1.1096,2.5806,4.2792,1.8912,2.1498,4.8657,1.6129,1.7929,3.9655,1.6065,2.0096,3.3843,1.0289,2.7675,3.582,0.92952,2.8237,3.8292,1.3874,2.398,3.8482,1.1312,2.7875,3.6573,1.8377,1.7842,4.0895,0.91465,2.46,2.7788,1.9122,2.0723,4.3886,0.099284,2.794,2.8664,1.0818,1.9566,4.2613,0.95398,2.3334,3.0184,1.6379,2.3978,4.5874,0.97691,2.0832,2.8361,0.74117,1.9981,2.7389,1.6123,1.7913,3.9677,0.91879,2.4582,2.7833,1.3762,1.5848,3.8376,2.7604,2.5873,4.6261,1.0855,2.1403,3.6235,1.1293,2.7898,3.6587,1.9763,1.9881,4.4789,1.0768,1.9612,4.2554,1.8534,1.6603,3.4526,1.6616,2.488,3.999,2.118,2.5546,4.9226,2.1505,2.3832,3.7069,1.1962,3.0685,3.4256,1.4464,1.4739,4.2292,0.62812,2.9975,3.6258,1.622,1.7417,4.2295,0.74256,1.9989,2.7399,0.69283,2.1939,3.9457,2.6822,2.6022,4.533,1.9988,2.1251,3.4412,1.3831,2.9104,3.5332,1.0816,2.1993,3.6286,2.5347,2.0044,4.4774,1.4891,1.7338,4.4212,1.6057,2.5908,3.5855,2.0615,2.2938,4.0775,2.6985,2.3694,4.9976,0.45595,2.5295,2.9714
1051.3,12.772,390.99,16.975,0.031355,2356.4,1.5146,1.8267,4.1631,1.2751,2.2267,4.2265,1.2213,1.979,4.2365,2.4902,2.6577,4.2965,0.85669,2.0548,4.2287,1.5203,2.497,3.8934,3.0486,2.8394,5.8686,1.2173,1.9812,4.2384,1.7463,1.7004,4.243,1.2756,2.2253,4.2318,0.85254,2.0605,4.2133,2.9024,2.8347,4.5118,5.6699,2.7663,1.4214,1.2566,2.8224,3.6419,0.94709,2.1453,3.0128,2.4891,2.0613,4.4622,1.4701,1.6643,3.908,0.65352,2.579,3.872,2.0087,1.7672,3.4783,1.0867,2.4376,3.0844,0.25512,2.2915,3.5378,1.7821,1.6793,3.3917,2.0951,2.8134,4.3972,1.7866,1.6849,3.3944,1.47,1.6624,3.9165,0.39095,2.1401,3.1885,2.047,2.3646,4.4012,1.4758,1.6743,3.2011,0.83014,1.8901,2.7647,3.0445,2.8409,5.8576,2.0068,1.7741,3.4794,1.0098,2.716,2.8873,1.8195,2.5857,4.0086,0.63393,1.8813,2.7948,1.0787,2.4406,3.071,1.8976,1.9158,4.4954,1.6875,1.6782,3.8894,0.51213,2.2041,3.7442,1.1941,2.4396,3.7786,0.99587,2.07,3.2563,2.5582,2.3074,4.3082,2.0787,2.1597,4.6921,1.4781,1.6658,3.9185,1.8933,1.9164,4.4928,1.4875,2.177,3.2615,0.81366,2.0937,3.17,2.4239,2.3813,4.3306,1.9406,2.6004,4.8745,1.9252,2.5976,4.8602,2.5561,2.3094,4.3107,1.2849,2.4934,3.9352,1.6925,2.236,4.3022,2.031,3.056,3.9678,0.51393,2.4694,2.4849,1.5384,2.0585,4.6165,2.086,3.0621,4.0257,0.37958,2.3808,3.4209,1.6637,1.6182,4.0798,0.70265,2.0314,3.0841,2.2475,2.2457,4.6581,0.65576,2.6105,3.0316,0.99508,2.0743,3.255,0.094002,2.8916,1.9185,1.9988,1.993,4.5995,2.5517,2.312,4.3108,2.658,2.3312,5.185,2.1096,2.8061,4.4077,1.0772,1.8372,3.9555,4.627,2.9834,0.50781,0.87804,2.1234,3.0393,1.3003,2.0976,4.2746,1.0525,2.0922,3.4864,2.2785,2.745,4.5428,1.7054,1.5887,4.1534,1.1569,2.5557,3.0829,0.75485,2.437,3.7597,2.0623,1.9175,3.7302,1.5983,2.4398,3.4743,1.656,2.5314,3.6114,1.6512,1.6631,4.2511,2.076,2.797,4.5514,2.0942,2.7962,4.5686,3.3958,2.779,6.1599,1.7057,1.5865,4.1537,1.7144,2.002,3.4489,2.1224,2.9355,4.9245,1.1587,2.5565,3.0909,2.6249,2.444,4.9728,1.0357,2.6117,4.0668,1.5983,2.4396,3.4722,1.1768,1.8102,4.0977,1.6654,1.6154,4.0784,1.7092,2.0028,3.4451,0.28624,2.9425,3.3361,2.8804,2.2948,4.5811,1.3146,1.9471,4.2106,1.2665,2.68,3.3489,1.4612,2.4594,3.3477,1.8482,1.9749,3.7172,1.9497,2.352,3.9999,1.089,2.2856,3.1818,2.5376,2.0427,5.1484,1.2408,2.6807,3.3143,1.4534,2.4656,3.3381,0.32725,2.9424,3.376,0.67163,1.8155,2.8916,1.6921,2.0213,4.4329,1.4652,1.8527,4.1264,5.5005,2.8958,1.8136,0.81964,2.1168,2.788,1.0309,2.6131,4.0637,2.1771,2.5289,3.6261,2.6216,2.4396,4.9669,2.8072,2.6983,4.5238,2.1472,2.5227,4.517,2.35,2.1081,4.2045,0.76296,2.0007,3.3363,0.35354,2.4699,2.9084,0.60247,2.1444,3.7086,2.3847,2.5009,4.4395,0.77439,2.4627,2.8721,1.2532,1.5949,4.2853,1.703,2.0068,3.4458,0.25507,2.6885,2.0014,3.2641,2.9349,0.27845,0.76396,2.4566,2.8808,1.6645,1.6299,4.0807,1.4973,1.8683,3.1821,0.75528,2.4611,2.8674,2.164,2.3455,4.9405,1.1577,2.5628,3.0868,1.005,1.9612,3.5045,0.51723,1.9808,3.2556,1.7059,2.0069,3.4439,2.385,2.0879,4.2023,2.1523,2.1535,4.9875,1.2854,1.7378,3.8089,0.68537,1.979,2.7577,2.1516,2.1546,4.9904,2.3263,2.1939,4.4769,1.5687,2.3089,3.9635,4.2395,2.9928,0.16677,1.9541,2.3481,4.0003,0.83442,1.9598,4.12,1.1912,2.581,4.2201,3.5611,2.8487,6.1237,1.5351,1.6207,3.2894,0.31068,2.3021,3.3871,5.1157,2.9784,1.0529,0.59451,2.7774,3.2964,1.2824,2.5097,2.988,2.1433,2.1433,4.9732,1.4734,2.0865,4.3575,1.5265,1.6255,3.2909,1.3808,2.9219,3.3582,0.4717,2.4479,2.7452,0.93324,2.4502,3.0167,0.22111,2.616,3.3361,1.6136,2.264,4.1303,0.47067,2.4438,2.7343,1.0455,2.1797,3.6501,1.395,1.7984,4.2925,0.32082,2.3062,3.395,1.5287,1.615,3.2896,0.46744,2.4481,2.7431,3.0469,2.8702,5.9681,1.9964,2.5887,4.0305,1.9808,2.1824,4.5994,2.6139,2.774,5.2517,1.8966,1.9553,3.896,1.2941,1.8013,3.6942,2.1517,2.1502,4.9854,1.3965,2.6458,3.9987,1.1243,3.0783,2.9635,4.6886,2.9752,0.40456,1.2719,2.6912,4.3435,1.906,1.9469,3.8835,1.2567,2.6379,2.8768,0.40724,2.7695,3.0071,0.92893,2.8956,4.1189,0.59466,2.5231,2.5955,0.68888,1.9454,2.9739,0.54673,2.4045,3.4187,1.5633,2.1755,4.2377,1.287,2.6933,4.3586,0.6182,1.9596,3.0937,1.9845,1.8859,3.8129,1.1937,1.8348,3.655,2.4268,2.717,4.9388,1.372,1.5468,4.1642,1.3812,2.1553,3.1669,0.62848,1.9558,3.0961,0.47576,2.4465,2.583,1.6151,2.2642,4.1329,2.4281,2.7138,4.9465,0.62548,1.9614,3.0916,1.5673,1.7074,3.3302,0.49184,3.0426,2.3979,0.58545,2.5234,2.5922,2.9433,2.7436,5.9283,6.0978,2.8691,2.5916,4.6594,2.9777,0.37243,2.3359,2.4016,3.7354,0.98184,3.075,3.7749,1.4251,2.2699,3.5501,0.90287,3.0747,3.6975,2.3641,2.2371,3.8034,1.1905,1.8316,3.6542,2.4274,2.342,4.5688,2.5844,2.6384,4.0482,1.272,2.6826,4.3444,1.8972,1.9464,3.8933,1.1464,2.7806,3.6743,2.428,2.4795,5.0634,1.6084,2.6158,3.3208,2.1672,2.1932,4.1083,0.7835,1.9052,3.3651,2.3355,2.409,3.7402,2.3375,2.4108,3.7396,2.1887,1.9071,4.9148,2.6371,2.2872,4.7918,2.3627,2.2389,3.8045,1.3757,1.5824,3.8427,2.4282,2.7168,4.9455,1.8966,1.9474,3.8946,0.77438,2.1398,3.9773,1.6009,1.8192,4.2552,2.4305,2.7134,4.9504,1.4478,2.3881,3.264,5.9375,2.8844,2.2207,1.8543,1.7982,3.4818,1.9671,3.009,4.2868,2.0234,1.953,4.7661,1.1157,2.5814,4.2845,1.8964,2.1495,4.8685,1.6125,1.7871,3.9651,1.6071,2.0097,3.3791,1.0369,2.762,3.5909,0.93761,2.8198,3.8376,1.3927,2.403,3.8508,1.1354,2.7817,3.661,1.8367,1.7767,4.0877,0.91623,2.4593,2.783,1.9138,2.0742,4.3909,0.11283,2.7926,2.8808,1.0792,1.9549,4.2613,0.95747,2.3308,3.0244,1.6409,2.3988,4.5879,0.97569,2.0802,2.8377,0.73999,1.9967,2.7375,1.6117,1.7847,3.9674,0.92173,2.457,2.7891,1.3739,1.5847,3.838,2.7557,2.586,4.6217,1.0858,2.142,3.6219,1.1334,2.7844,3.6625,1.9761,1.9882,4.48,1.0726,1.9607,4.253,1.8538,1.6638,3.4535,1.6613,2.4918,3.9987,2.1199,2.5541,4.9208,2.1476,2.3841,3.7042,1.2034,3.0656,3.4317,1.4468,1.4772,4.2275,0.62969,2.9966,3.6286,1.6204,1.7363,4.2276,0.74152,1.9989,2.7388,0.69468,2.1938,3.9471,2.6796,2.6019,4.5317,2.0023,2.1234,3.4413,1.3846,2.9038,3.5324,1.0815,2.2032,3.6254,2.5366,2.007,4.4816,1.488,1.7331,4.4208,1.6037,2.5894,3.5877,2.061,2.2978,4.0797,2.6923,2.3669,4.9908,0.46141,2.5285,2.9781
1051.3,12.772,390.99,16.975,0.039194,2654.5,1.5114,1.8242,4.1594,1.2743,2.2277,4.2282,1.2176,1.9767,4.2378,2.4877,2.6561,4.2951,0.85682,2.0523,4.2329,1.5201,2.502,3.8934,3.0616,2.8394,5.8853,1.213,1.9792,4.2396,1.7455,1.6945,4.2417,1.276,2.2251,4.2354,0.85071,2.0603,4.2124,2.9068,2.8346,4.5141,5.6572,2.7625,1.4068,1.263,2.8141,3.6483,0.94361,2.1449,3.01,2.4913,2.0653,4.4686,1.4695,1.6604,3.9092,0.65149,2.5826,3.8674,2.01,1.7682,3.4801,1.0914,2.4335,3.0952,0.2489,2.2933,3.5287,1.7808,1.6804,3.3931,2.0783,2.8085,4.3791,1.7867,1.6893,3.3957,1.4675,1.6584,3.9202,0.38974,2.1424,3.1835,2.0514,2.3683,4.4067,1.4761,1.6771,3.2016,0.82892,1.8958,2.761,3.0564,2.8407,5.8712,2.0078,1.7779,3.4811,1.0116,2.7163,2.8906,1.8205,2.585,4.0117,0.63577,1.8856,2.7947,1.0802,2.4387,3.0769,1.8983,1.9166,4.4968,1.6905,1.673,3.8878,0.51256,2.2047,3.7443,1.1935,2.4481,3.7754,0.99161,2.0742,3.2504,2.5637,2.3111,4.3158,2.0831,2.1642,4.6981,1.4786,1.6633,3.9209,1.8926,1.9162,4.4934,1.4873,2.1799,3.2596,0.81037,2.0989,3.1634,2.4255,2.3845,4.3358,1.9378,2.5999,4.8675,1.9196,2.5987,4.8515,2.5604,2.314,4.3189,1.2838,2.4961,3.9309,1.6949,2.2379,4.3055,2.0178,3.0529,3.9523,0.51943,2.4693,2.4894,1.5368,2.0599,4.6202,2.086,3.06,4.0236,0.37489,2.3831,3.4144,1.6641,1.6142,4.0792,0.70064,2.0351,3.0793,2.2492,2.2476,4.6616,0.66636,2.6066,3.0437,0.99103,2.079,3.2489,0.061203,2.8918,1.9023,2.0004,1.9956,4.6038,2.5545,2.3173,4.3181,2.651,2.328,5.1785,2.0966,2.799,4.3932,1.0767,1.8324,3.9595,4.6312,2.9776,0.5103,0.87509,2.1248,3.0348,1.299,2.097,4.2788,1.0514,2.0938,3.4842,2.2659,2.7408,4.5279,1.7068,1.5854,4.1518,1.1628,2.5546,3.089,0.75712,2.4408,3.757,2.0647,1.9136,3.7267,1.5966,2.4411,3.4747,1.6528,2.5353,3.6115,1.6485,1.6576,4.2515,2.0634,2.7916,4.5383,2.0859,2.7903,4.5602,3.4084,2.7779,6.1731,1.7074,1.5822,4.1521,1.7187,2.0011,3.4479,2.1175,2.9348,4.9215,1.1645,2.5558,3.099,2.6209,2.4432,4.968,1.0403,2.6137,4.0675,1.5964,2.4406,3.4724,1.1736,1.8154,4.095,1.6667,1.6101,4.0767,1.7117,2.0022,3.4424,0.28365,2.9411,3.3347,2.8837,2.2954,4.5877,1.314,1.946,4.212,1.2733,2.6769,3.3598,1.4597,2.4596,3.3491,1.8506,1.9712,3.7137,1.9491,2.3587,4.0022,1.0859,2.2866,3.1794,2.5374,2.0395,5.1483,1.2408,2.6777,3.3165,1.449,2.4676,3.3364,0.33685,2.9409,3.3857,0.66949,1.8186,2.8839,1.6892,2.0188,4.4381,1.4644,1.8485,4.1288,5.4867,2.8938,1.8,0.81973,2.1148,2.7908,1.0341,2.6159,4.0636,2.1848,2.5305,3.6271,2.6156,2.4378,4.9586,2.8106,2.6959,4.5263,2.1425,2.5204,4.5114,2.3503,2.11,4.2079,0.7623,2.005,3.3318,0.36308,2.4682,2.9177,0.60196,2.1453,3.7073,2.385,2.4965,4.4434,0.78319,2.4614,2.8797,1.2523,1.5982,4.285,1.7027,2.0077,3.4437,6.2085,2.688,1.9859,3.2789,2.9337,6.1696,0.77141,2.4529,2.8921,1.6657,1.629,4.0787,1.4985,1.8701,3.1817,0.75931,2.4594,2.8741,2.1627,2.3444,4.9348,1.163,2.5631,3.0935,1.0062,1.9603,3.505,0.51228,1.9811,3.2564,1.7076,2.0072,3.441,2.3847,2.0908,4.2041,2.1559,2.1527,4.9899,1.2839,1.7324,3.8117,0.686,1.979,2.7589,2.1556,2.1547,4.9942,2.3289,2.197,4.4827,1.5693,2.3168,3.9639,4.2561,2.9868,0.18162,1.9536,2.3525,4.0017,0.83345,1.9584,4.1211,1.198,2.584,4.2231,3.5761,2.846,6.1388,1.536,1.6222,3.2902,0.30578,2.303,3.3797,5.1115,2.9738,1.0483,0.60628,2.7749,3.31,1.2889,2.511,2.9921,2.1439,2.1395,4.9699,1.4733,2.0837,4.3606,1.5267,1.6264,3.2922,1.3823,2.9202,3.3578,0.47908,2.4467,2.7549,0.93386,2.4493,3.0209,0.22196,2.6155,3.3354,1.6149,2.2674,4.1326,0.47937,2.4425,2.7426,1.0441,2.1842,3.6465,1.3952,1.7953,4.2923,0.31972,2.3085,3.3909,1.5285,1.6142,3.2905,0.47463,2.4466,2.7529,3.07,2.87,5.9921,1.9921,2.5851,4.0287,1.9849,2.1841,4.6036,2.6053,2.7737,5.2421,1.8988,1.952,3.8931,1.2945,1.7956,3.696,2.1549,2.1486,4.9865,1.394,2.6419,3.9937,1.1284,3.0758,2.9665,4.6911,2.9714,0.40469,1.2784,2.6936,4.3485,1.9065,1.9435,3.8827,1.2612,2.6384,2.8822,0.42456,2.7677,3.0271,0.92801,2.8975,4.1171,0.60306,2.5237,2.602,0.6862,1.9506,2.9675,0.54637,2.4067,3.4153,1.5623,2.1759,4.2416,1.2994,2.6959,4.3681,0.61231,1.9633,3.0853,1.9862,1.8822,3.8113,1.1937,1.8305,3.6582,2.413,2.7142,4.9213,1.3706,1.5548,4.161,1.3782,2.1551,3.1642,0.62589,1.9594,3.0887,0.48064,2.4451,2.5888,1.6164,2.2687,4.1354,2.4158,2.7102,4.9326,0.62195,1.9661,3.0827,1.5682,1.7052,3.3314,0.48217,3.044,2.3853,0.59064,2.5246,2.5962,2.9547,2.7438,5.9417,6.2778,2.8708,2.6098,4.6563,2.9737,0.36695,2.3314,2.3988,3.7275,1.0158,3.0726,3.8127,1.4184,2.277,3.5442,0.91805,3.0732,3.7166,2.3623,2.2369,3.8003,1.19,1.8262,3.6573,2.4273,2.3433,4.5714,2.5832,2.643,4.0533,1.2757,2.682,4.3468,1.8989,1.9403,3.889,1.1534,2.7747,3.6817,2.4194,2.4771,5.0521,1.6096,2.6131,3.33,2.1668,2.1957,4.1102,0.78245,1.9064,3.3627,2.3304,2.4088,3.7349,2.3331,2.4099,3.7332,2.1916,1.9139,4.9202,2.6339,2.2861,4.7914,2.3611,2.2388,3.8019,1.3742,1.582,3.8453,2.4154,2.7147,4.9305,1.8983,1.9417,3.8906,0.7732,2.1387,3.9836,1.6007,1.8139,4.2543,2.4188,2.7101,4.9373,1.4481,2.3877,3.2646,5.9416,2.8859,2.2264,1.8527,1.7972,3.4846,1.964,3.0036,4.2818,2.0279,1.9536,4.7716,1.1218,2.5822,4.2901,1.9016,2.1492,4.871,1.6121,1.7811,3.9647,1.6076,2.01,3.3737,1.0444,2.7564,3.5989,0.9453,2.8159,3.8452,1.398,2.4082,3.8534,1.1394,2.7759,3.6643,1.8355,1.7688,4.0861,0.91785,2.4587,2.7872,1.9156,2.0763,4.3933,0.12631,2.791,2.895,1.0766,1.9532,4.2614,0.96087,2.328,3.0305,1.6439,2.3997,4.5884,0.97451,2.0771,2.8395,0.73884,1.9951,2.7364,1.6109,1.7778,3.9672,0.92467,2.4559,2.7948,1.3716,1.5845,3.8384,2.7512,2.5848,4.6174,1.086,2.1439,3.6204,1.1371,2.779,3.6657,1.9761,1.9881,4.4812,1.0686,1.96,4.251,1.8543,1.6671,3.4545,1.6611,2.4957,3.9983,2.1216,2.5535,4.9189,2.1446,2.3851,3.7013,1.2107,3.0628,3.4377,1.4472,1.4802,4.2259,0.63079,2.9957,3.6308,1.6189,1.7307,4.2257,0.74054,1.9987,2.7378,0.69661,2.1938,3.9485,2.677,2.6016,4.5305,2.0055,2.1215,3.441,1.3866,2.8971,3.5321,1.0813,2.2072,3.6222,2.5385,2.0095,4.4858,1.4868,1.7322,4.4205,1.6017,2.5879,3.5899,2.0606,2.3021,4.082,2.6863,2.3643,4.9842,0.46672,2.5275,2.9846
1051.3,12.772,390.99,16.975,0.047033,2903.6,1.508,1.8219,4.1556,1.2737,2.2287,4.2299,1.2138,1.9743,4.2391,2.4853,2.6545,4.2939,0.85699,2.0498,4.2372,1.5198,2.507,3.8934,3.0751,2.8393,5.9024,1.2084,1.977,4.2407,1.7448,1.6884,4.2403,1.2767,2.225,4.2392,0.84888,2.06,4.2115,2.9114,2.8345,4.5167,5.6448,2.7586,1.3924,1.2695,2.8054,3.6547,0.94009,2.1443,3.0076,2.4936,2.0695,4.4752,1.4689,1.6568,3.9105,0.64949,2.5862,3.8626,2.0115,1.769,3.482,1.0961,2.4291,3.1065,0.24231,2.2951,3.5193,1.7795,1.6814,3.3945,2.0614,2.8033,4.3607,1.7868,1.6937,3.397,1.4649,1.6544,3.924,0.38861,2.1446,3.1786,2.0562,2.372,4.4126,1.4763,1.6799,3.2022,0.82762,1.9018,2.7572,3.0684,2.8404,5.885,2.009,1.7814,3.4831,1.0134,2.7168,2.8939,1.8216,2.5844,4.015,0.63783,1.8899,2.7948,1.0813,2.4367,3.0828,1.8992,1.9173,4.4985,1.6937,1.668,3.8862,0.51308,2.2053,3.7446,1.1927,2.4574,3.7719,0.98692,2.0787,3.2441,2.5697,2.3149,4.3238,2.0878,2.169,4.7045,1.4793,1.6611,3.9234,1.892,1.916,4.4942,1.4874,2.1831,3.2578,0.80677,2.1042,3.1565,2.4271,2.3878,4.341,1.9347,2.5993,4.8598,1.9138,2.5997,4.8422,2.5652,2.3189,4.3277,1.2827,2.4991,3.9263,1.6976,2.24,4.3092,2.003,3.0493,3.9353,0.52529,2.4692,2.4943,1.535,2.0615,4.624,2.0848,3.0577,4.0206,0.37003,2.3854,3.4077,1.6646,1.6101,4.0785,0.69865,2.0387,3.0744,2.251,2.2493,4.6651,0.67716,2.6025,3.0562,0.98653,2.084,3.2424,6.2381,2.8919,1.887,2.0022,1.9982,4.6083,2.5576,2.3228,4.3259,2.6435,2.3245,5.1715,2.0836,2.7913,4.3787,1.0762,1.8273,3.9637,4.635,2.9715,0.51232,0.87215,2.1259,3.0306,1.298,2.0963,4.2832,1.0502,2.0953,3.4821,2.2531,2.7364,4.5128,1.7084,1.5819,4.1502,1.169,2.5534,3.0951,0.75948,2.4444,3.7544,2.0668,1.9097,3.723,1.5943,2.4425,3.4746,1.6491,2.5391,3.6115,1.6457,1.6519,4.2519,2.0508,2.7858,4.5249,2.0775,2.784,4.5516,3.4203,2.7768,6.1854,1.7093,1.5778,4.1504,1.7232,2.0003,3.4472,2.1122,2.9341,4.9178,1.1706,2.555,3.1073,2.6171,2.4425,4.9634,1.045,2.6155,4.0681,1.5941,2.4416,3.4724,1.1703,1.8206,4.0922,1.6681,1.6047,4.0749,1.7143,2.0015,3.4398,0.28127,2.9397,3.3335,2.8873,2.2962,4.5946,1.3133,1.945,4.2133,1.28,2.6737,3.371,1.458,2.4598,3.3502,1.8529,1.9674,3.71,1.9485,2.3658,4.0046,1.0827,2.2874,3.1771,2.5375,2.0362,5.1483,1.241,2.6746,3.3191,1.4443,2.4697,3.3342,0.3456,2.9394,3.3945,0.66725,1.8218,2.8761,1.6862,2.0162,4.4437,1.4637,1.8441,4.1311,5.4733,2.8916,1.7867,0.81976,2.1126,2.7936,1.0375,2.6188,4.0636,2.1925,2.532,3.6278,2.6096,2.4359,4.9504,2.8143,2.6935,4.5291,2.1379,2.5182,4.5058,2.3507,2.1121,4.2114,0.76176,2.0096,3.3273,0.37252,2.4662,2.9268,0.60147,2.1461,3.7061,2.3855,2.4918,4.4474,0.79193,2.4601,2.8875,1.2514,1.6013,4.2847,1.7021,2.0086,3.4415,6.0899,2.6873,1.9701,3.2935,2.9325,3.5716,0.77899,2.4491,2.904,1.6669,1.6282,4.0767,1.4997,1.8721,3.1813,0.76309,2.4576,2.8805,2.1614,2.3433,4.9289,1.1683,2.5635,3.1002,1.0074,1.9594,3.5056,0.50715,1.9811,3.2576,1.7094,2.0077,3.4378,2.3844,2.0939,4.206,2.1595,2.152,4.992,1.2824,1.727,3.8145,0.68665,1.9789,2.7603,2.1598,2.1549,4.9981,2.3315,2.2002,4.4886,1.57,2.3253,3.9644,4.2725,2.9803,0.19657,1.953,2.3572,4.0031,0.83245,1.9571,4.122,1.205,2.5871,4.2264,3.591,2.8433,6.1572,1.5368,1.6237,3.291,0.30072,2.3037,3.3721,5.1072,2.969,1.0436,0.61756,2.7724,3.323,1.2953,2.5124,2.9962,2.1446,2.1357,4.9663,1.4733,2.0807,4.3638,1.527,1.6272,3.2934,1.3839,2.9187,3.3578,0.48655,2.4452,2.7649,0.93366,2.4487,3.0244,0.22303,2.6149,3.3348,1.6163,2.2709,4.1349,0.48818,2.4411,2.7511,1.0426,2.1892,3.6428,1.3954,1.7922,4.2921,0.31876,2.3106,3.387,1.5283,1.6134,3.2913,0.48181,2.4449,2.7629,3.094,2.8696,6.0155,1.9876,2.5817,4.0268,1.9891,2.1859,4.6078,2.5957,2.7733,5.2315,1.9009,1.9486,3.8901,1.2949,1.7898,3.6978,2.1581,2.1469,4.9875,1.3914,2.6382,3.9884,1.132,3.0735,2.969,4.6943,2.9675,0.40569,1.2854,2.6959,4.354,1.9071,1.9401,3.882,1.2658,2.6391,2.8877,0.4421,2.7657,3.0474,0.92807,2.8994,4.1163,0.61194,2.5243,2.609,0.68364,1.9558,2.9612,0.54595,2.4087,3.4118,1.5615,2.1762,4.2457,1.3125,2.6985,4.3781,0.60622,1.9669,3.0766,1.9879,1.8786,3.8098,1.1935,1.8262,3.6615,2.3989,2.7112,4.9032,1.3691,1.563,4.1575,1.3752,2.1548,3.1616,0.6234,1.9631,3.0812,0.4854,2.4436,2.5947,1.6179,2.2738,4.1381,2.4034,2.7064,4.9185,0.61821,1.971,3.0734,1.569,1.7031,3.3325,0.47112,3.0455,2.3712,0.59611,2.5259,2.6005,2.9662,2.744,5.955,0.83347,2.8724,2.6286,4.6542,2.9698,0.36258,2.3265,2.3957,3.719,1.0477,3.0702,3.8482,1.411,2.2848,3.5376,0.93203,3.0716,3.7344,2.3604,2.2367,3.7968,1.1893,1.8206,3.6604,2.4272,2.3446,4.5738,2.5812,2.6478,4.0581,1.2794,2.6812,4.3491,1.9006,1.9338,3.8844,1.1603,2.7685,3.6889,2.4104,2.4746,5.0402,1.6109,2.6101,3.3398,2.1663,2.1984,4.112,0.78139,1.9075,3.3602,2.3251,2.4086,3.7294,2.3285,2.4089,3.7264,2.195,1.9207,4.9259,2.6306,2.2849,4.7907,2.3592,2.2387,3.7991,1.3727,1.5816,3.848,2.4028,2.7125,4.9155,1.9,1.9358,3.8864,0.77216,2.1375,3.9901,1.6005,1.8086,4.2534,2.407,2.7066,4.9239,1.4484,2.3873,3.2652,5.9464,2.8875,2.2328,1.851,1.7961,3.4875,1.9601,2.9982,4.276,2.0328,1.9542,4.7775,1.1281,2.5829,4.2959,1.9067,2.1487,4.8732,1.6116,1.775,3.9643,1.6081,2.0105,3.3682,1.0514,2.7506,3.6063,0.95266,2.812,3.8523,1.4033,2.4135,3.856,1.1431,2.77,3.6672,1.8342,1.7607,4.0845,0.91946,2.458,2.7913,1.9176,2.0785,4.3958,0.13965,2.7892,2.9089,1.0741,1.9514,4.2617,0.96419,2.3252,3.0369,1.6469,2.4004,4.5889,0.97333,2.0738,2.8415,0.7377,1.9932,2.7356,1.6102,1.7707,3.967,0.92756,2.4548,2.8005,1.3693,1.5842,3.8389,2.7468,2.5836,4.6132,1.0861,2.146,3.6187,1.1404,2.7739,3.6685,1.976,1.9878,4.4823,1.0647,1.9593,4.2494,1.8549,1.6703,3.4553,1.6609,2.4995,3.9978,2.1235,2.5528,4.9167,2.1416,2.386,3.6984,1.2176,3.0599,3.4434,1.4477,1.4831,4.2242,0.63153,2.995,3.6327,1.6175,1.7251,4.2237,0.7396,1.9984,2.737,0.69857,2.1938,3.9499,2.6745,2.6011,4.5293,2.0087,2.1195,3.4402,1.3888,2.8904,3.5323,1.0809,2.2114,3.6189,2.5405,2.012,4.49,1.4857,1.7314,4.4202,1.5996,2.5864,3.592,2.0602,2.3066,4.0841,2.6805,2.3618,4.9778,0.47191,2.5266,2.9909
1051.3,12.772,390.99,16.975,0.054871,3115.3,1.5046,1.8198,4.1516,1.2731,2.2297,4.2316,1.2098,1.9718,4.2404,2.4829,2.6529,4.293,0.85719,2.0472,4.2414,1.5195,2.512,3.8934,3.089,2.839,5.92,1.2037,1.9749,4.2417,1.7441,1.6822,4.2389,1.2775,2.2248,4.2433,0.8471,2.0597,4.2107,2.9163,2.8343,4.5196,5.6327,2.7545,1.3783,1.276,2.7965,3.6611,0.93657,2.1436,3.0054,2.4961,2.0739,4.4821,1.4684,1.6534,3.9119,0.64746,2.5898,3.8576,2.0131,1.7697,3.484,1.1004,2.4245,3.1178,0.23537,2.2968,3.5094,1.7781,1.6823,3.3959,2.0446,2.7979,4.3422,1.787,1.6981,3.3984,1.4621,1.6504,3.9279,0.3876,2.1467,3.1738,2.0611,2.3756,4.4186,1.4764,1.6827,3.2027,0.82632,1.9077,2.7536,3.0807,2.8401,5.8989,2.0105,1.7848,3.4852,1.015,2.7173,2.897,1.8229,2.5841,4.0183,0.64004,1.894,2.7951,1.082,2.4346,3.0885,1.9004,1.9182,4.5005,1.6971,1.6633,3.8849,0.51371,2.2058,3.745,1.1916,2.4669,3.7683,0.98189,2.0832,3.2377,2.5761,2.3188,4.3323,2.0927,2.1739,4.711,1.4802,1.659,3.9258,1.8915,1.9158,4.4949,1.4879,2.1864,3.2561,0.80292,2.1094,3.1493,2.4286,2.3909,4.3461,1.9314,2.5987,4.8514,1.9081,2.6008,4.8325,2.5705,2.3239,4.337,1.2816,2.5023,3.9215,1.7005,2.2421,4.3131,1.987,3.0453,3.9173,0.53144,2.4692,2.4994,1.5331,2.0633,4.6278,2.0825,3.0551,4.0165,0.36505,2.3878,3.4008,1.6651,1.606,4.0779,0.6967,2.0423,3.0696,2.2527,2.2509,4.6682,0.68794,2.5982,3.069,0.98163,2.089,3.2357,6.2525,2.892,1.8726,2.0041,2.0008,4.6129,2.5611,2.3284,4.3341,2.6357,2.3208,5.164,2.0709,2.7833,4.3644,1.0758,1.822,3.9679,4.6384,2.9652,0.51379,0.86927,2.1268,3.0266,1.2971,2.0955,4.2877,1.0488,2.0967,3.4799,2.2405,2.7319,4.4977,1.7102,1.5785,4.1485,1.1751,2.5522,3.101,0.76187,2.4481,3.7519,2.0689,1.9058,3.7192,1.5916,2.4441,3.474,1.6454,2.5429,3.6116,1.643,1.6461,4.2522,2.0384,2.7796,4.5114,2.0691,2.7775,4.5431,3.4316,2.7757,6.1968,1.7112,1.5734,4.1486,1.7278,1.9995,3.4467,2.1068,2.9333,4.9139,1.1766,2.5541,3.1157,2.6135,2.4417,4.959,1.0495,2.6171,4.0684,1.5917,2.4426,3.4722,1.167,1.8256,4.0893,1.6695,1.5993,4.0732,1.717,2.001,3.4372,0.27906,2.9382,3.3323,2.891,2.297,4.6017,1.3126,1.9441,4.2144,1.2865,2.6706,3.3822,1.4562,2.4599,3.3511,1.8553,1.9634,3.706,1.9479,2.3732,4.0071,1.0794,2.2882,3.1748,2.5378,2.0328,5.1484,1.2413,2.6716,3.3222,1.4394,2.4719,3.3318,0.35355,2.938,3.4024,0.66491,1.8249,2.8684,1.6832,2.0135,4.4495,1.463,1.8396,4.1333,5.4599,2.8894,1.7735,0.81966,2.1105,2.7963,1.0408,2.6217,4.0635,2.2004,2.5335,3.6282,2.6038,2.4341,4.9422,2.8184,2.6911,4.5322,2.1337,2.516,4.5005,2.3511,2.1144,4.2149,0.76129,2.0145,3.3226,0.38186,2.4641,2.936,0.60097,2.1469,3.7049,2.386,2.4869,4.4516,0.80055,2.4586,2.8954,1.2505,1.6042,4.2844,1.7012,2.0097,3.4392,6.172,2.6865,1.954,3.3078,2.9312,0.62231,0.78661,2.445,2.9162,1.668,1.6275,4.0747,1.5009,1.8741,3.181,0.76656,2.4558,2.8867,2.1603,2.3422,4.9231,1.1736,2.5639,3.1069,1.0085,1.9585,3.5061,0.50176,1.981,3.2593,1.7112,2.0084,3.4345,2.3841,2.0971,4.208,2.1631,2.1512,4.994,1.2808,1.7216,3.8172,0.68733,1.9788,2.7619,2.1641,2.1551,5.0022,2.3342,2.2034,4.4944,1.5708,2.3342,3.9649,4.2887,2.9734,0.21148,1.9525,2.3621,4.0044,0.83139,1.9558,4.1227,1.2123,2.5902,4.2299,3.6059,2.8405,6.1706,1.5376,1.6252,3.2918,0.29553,2.3043,3.3645,5.1027,2.964,1.0389,0.62821,2.77,3.3354,1.3017,2.5139,3.0003,2.1453,2.1318,4.9627,1.4733,2.0775,4.3671,1.5272,1.6279,3.2946,1.3856,2.9173,3.3579,0.49411,2.4435,2.7751,0.93283,2.4483,3.0273,0.22424,2.6144,3.3343,1.6179,2.2745,4.1372,0.49703,2.4396,2.7599,1.0409,2.1946,3.6388,1.3955,1.7891,4.2918,0.31793,2.3127,3.3832,1.5281,1.6124,3.2922,0.48899,2.4432,2.773,3.1188,2.869,6.0421,1.9831,2.5784,4.025,1.9934,2.1876,4.6121,2.5851,2.773,5.2197,1.903,1.9451,3.8871,1.2951,1.7838,3.6995,2.1614,2.1451,4.9885,1.3888,2.6346,3.9829,1.1352,3.0712,2.9709,4.6981,2.9635,0.40733,1.2927,2.6983,4.3601,1.9076,1.9367,3.8812,1.2705,2.6399,2.8934,0.45965,2.7637,3.0676,0.92902,2.9012,4.1163,0.62123,2.5248,2.6164,0.68121,1.961,2.955,0.54555,2.4105,3.4083,1.5607,2.1764,4.2499,1.3259,2.7012,4.3885,0.59998,1.9705,3.0676,1.9896,1.8749,3.8084,1.1933,1.8218,3.6648,2.3847,2.7079,4.8844,1.3677,1.5714,4.1539,1.3721,2.1544,3.1592,0.62098,1.967,3.0736,0.49005,2.4422,2.6007,1.6198,2.2793,4.1411,2.391,2.7023,4.9042,0.61426,1.9759,3.0638,1.5699,1.701,3.3337,0.45859,3.047,2.3557,0.60178,2.5274,2.605,2.9779,2.7442,5.9686,0.61213,2.874,2.6481,4.6529,2.9658,0.35919,2.3214,2.3922,3.7099,1.0776,3.0676,3.8816,1.403,2.2932,3.5305,0.94559,3.0699,3.7518,2.3584,2.2366,3.7931,1.1886,1.8148,3.6636,2.427,2.3458,4.576,2.5788,2.6526,4.0628,1.2832,2.6805,4.3513,1.9022,1.9271,3.8796,1.1671,2.7623,3.6959,2.4011,2.4717,5.0277,1.6123,2.6069,3.3501,2.1658,2.2013,4.1138,0.78027,1.9086,3.3577,2.3194,2.4084,3.7237,2.3238,2.4077,3.7193,2.1988,1.9274,4.9318,2.6272,2.2836,4.79,2.3573,2.2387,3.7961,1.3712,1.5813,3.8507,2.3904,2.71,4.9003,1.9016,1.9298,3.8821,0.77125,2.1362,3.9968,1.6003,1.803,4.2524,2.3952,2.703,4.9103,1.4485,2.3871,3.2657,5.9518,2.8891,2.2398,1.8494,1.7948,3.4906,1.9554,2.9926,4.2692,2.038,1.9547,4.7835,1.1345,2.5836,4.3018,1.9117,2.1482,4.8751,1.6112,1.7688,3.964,1.6086,2.0112,3.3626,1.0579,2.7449,3.6128,0.95965,2.8082,3.8587,1.4085,2.4188,3.8587,1.1466,2.7641,3.6698,1.8328,1.7524,4.083,0.92106,2.4574,2.7954,1.9198,2.0808,4.3985,0.15292,2.7872,2.9225,1.0717,1.9497,4.2621,0.96733,2.3223,3.0432,1.6498,2.4009,4.5894,0.9721,2.0704,2.8435,0.73654,1.9912,2.7348,1.6095,1.7634,3.9668,0.93039,2.4537,2.8062,1.367,1.5838,3.8394,2.7427,2.5823,4.6093,1.0861,2.1481,3.617,1.1434,2.7691,3.6707,1.9759,1.9874,4.4834,1.0609,1.9584,4.2481,1.8554,1.6732,3.4562,1.6606,2.5032,3.9974,2.1253,2.5521,4.9145,2.1387,2.3869,3.6954,1.2242,3.057,3.4488,1.4481,1.4857,4.2225,0.63196,2.9943,3.6343,1.6162,1.7194,4.2218,0.73871,1.998,2.7362,0.70055,2.1939,3.9513,2.6721,2.6006,4.5281,2.0117,2.1174,3.4391,1.3914,2.8838,3.5331,1.0805,2.2156,3.6155,2.5424,2.0146,4.4943,1.4845,1.7306,4.42,1.5976,2.585,3.5942,2.0597,2.3113,4.0863,2.6751,2.3593,4.9716,0.47697,2.5257,2.9971
1051.3,12.772,390.99,16.975,0.06271,3301.6,1.5011,1.8176,4.1477,1.2727,2.2307,4.2335,1.2056,1.9692,4.2417,2.4807,2.6513,4.2922,0.85739,2.0447,4.2455,1.5192,2.5168,3.8934,3.1033,2.8386,5.9379,1.1988,1.9727,4.2427,1.7434,1.676,4.2374,1.2782,2.2247,4.2475,0.84544,2.0591,4.2102,2.9213,2.8342,4.5226,5.6209,2.7503,1.3645,1.2824,2.7876,3.6674,0.93309,2.1428,3.0033,2.4988,2.0785,4.4893,1.4678,1.6503,3.9135,0.64532,2.5936,3.8524,2.0147,1.7703,3.4859,1.1041,2.42,3.1285,0.22809,2.2984,3.4992,1.7768,1.6829,3.3973,2.0281,2.7924,4.324,1.7871,1.7023,3.3997,1.4592,1.6465,3.9317,0.38676,2.1488,3.1691,2.066,2.379,4.4246,1.4764,1.6853,3.2033,0.82507,1.9132,2.7505,3.093,2.8397,5.913,2.0122,1.7879,3.4874,1.0166,2.7179,2.9002,1.8243,2.5839,4.0218,0.64238,1.8981,2.7958,1.0824,2.4326,3.0939,1.9017,1.9189,4.5025,1.7006,1.6591,3.884,0.51447,2.2061,3.7456,1.1906,2.4761,3.7652,0.97665,2.0876,3.2312,2.5829,2.3227,4.3412,2.0978,2.1787,4.7175,1.4812,1.6571,3.9283,1.8912,1.9155,4.4958,1.4886,2.1897,3.2546,0.79884,2.1145,3.142,2.4299,2.394,4.3509,1.9278,2.5981,4.8425,1.9024,2.6019,4.8225,2.5764,2.3291,4.3471,1.2806,2.5055,3.9166,1.7037,2.2443,4.317,1.9704,3.041,3.8986,0.53785,2.4692,2.5048,1.5312,2.0653,4.6315,2.0793,3.0522,4.0116,0.36002,2.3901,3.3938,1.6656,1.6021,4.0773,0.69483,2.0457,3.0649,2.2543,2.2522,4.671,0.69848,2.5938,3.0818,0.9764,2.094,3.2289,0.26151,2.892,1.8594,2.0063,2.0033,4.6176,2.5651,2.3342,4.3429,2.6279,2.317,5.1562,2.0586,2.775,4.3505,1.0754,1.8166,3.9723,4.6411,2.9587,0.51468,0.86647,2.1274,3.0231,1.2964,2.0948,4.2922,1.0473,2.0981,3.4777,2.2281,2.7274,4.483,1.7121,1.5752,4.1469,1.1811,2.551,3.1066,0.76422,2.4516,3.7494,2.071,1.902,3.7154,1.5886,2.4458,3.4732,1.6419,2.5466,3.6121,1.6403,1.6405,4.2524,2.0262,2.7733,4.4982,2.0608,2.7708,4.5345,3.4421,2.7746,6.2072,1.7132,1.5692,4.1467,1.7324,1.9988,3.4465,2.1017,2.9326,4.9101,1.1826,2.5531,3.1239,2.6101,2.4411,4.9549,1.0539,2.6184,4.0684,1.5891,2.4436,3.4718,1.1635,1.8299,4.0867,1.6709,1.5941,4.0714,1.7197,2.0004,3.4347,0.27699,2.9368,3.3313,2.8946,2.2977,4.6087,1.3119,1.9434,4.2156,1.2928,2.6676,3.3931,1.4543,2.4601,3.352,1.8578,1.9592,3.7019,1.9475,2.3808,4.0098,1.0762,2.2889,3.1726,2.5383,2.0293,5.1489,1.2417,2.6685,3.3256,1.4345,2.4739,3.3295,0.36075,2.9365,3.4096,0.6625,1.8279,2.8607,1.6801,2.0107,4.4555,1.4623,1.8351,4.1355,5.4467,2.8871,1.7603,0.81937,2.1086,2.7987,1.044,2.6246,4.0634,2.2082,2.5348,3.6283,2.5981,2.4322,4.9341,2.8228,2.6888,4.5357,2.1298,2.5141,4.4955,2.3516,2.117,4.2187,0.7608,2.0197,3.3177,0.39111,2.4619,2.9451,0.60043,2.1478,3.7037,2.3864,2.4821,4.4558,0.80899,2.4572,2.9032,1.2495,1.607,4.2841,1.7001,2.011,3.4368,6.2089,2.6855,1.9378,3.3219,2.9299,5.8753,0.79415,2.4408,2.9285,1.6692,1.6268,4.0727,1.5021,1.8763,3.1807,0.76967,2.4542,2.8924,2.1592,2.3411,4.9174,1.1787,2.5643,3.1136,1.0097,1.9575,3.5067,0.49606,1.9807,3.2614,1.713,2.0091,3.431,2.3838,2.1006,4.2102,2.1667,2.1502,4.9959,1.2791,1.7164,3.8198,0.68803,1.9786,2.7636,2.1685,2.1551,5.0061,2.337,2.2066,4.5002,1.5715,2.3433,3.9653,4.3046,2.9663,0.2263,1.9521,2.367,4.0059,0.83023,1.9548,4.1232,1.2197,2.5932,4.2335,3.6207,2.8376,6.1722,1.5384,1.6268,3.2927,0.29022,2.3049,3.3568,5.0981,2.9588,1.0341,0.63811,2.7675,3.3469,1.3081,2.5155,3.0044,2.1463,2.128,4.9594,1.4733,2.0739,4.3704,1.5275,1.6285,3.2959,1.3873,2.916,3.3582,0.50178,2.4418,2.7855,0.93156,2.448,3.03,0.22549,2.6138,3.3339,1.6195,2.2782,4.1397,0.50587,2.4382,2.7687,1.0389,2.2006,3.6344,1.3955,1.7862,4.2914,0.31718,2.3147,3.3795,1.5278,1.6114,3.2931,0.49622,2.4413,2.7833,3.1441,2.8682,6.075,1.9786,2.5754,4.0232,1.9977,2.1892,4.6164,2.5735,2.7724,5.2067,1.905,1.9415,3.8839,1.2953,1.7777,3.7011,2.1647,2.1432,4.9895,1.3862,2.6312,3.9772,1.1376,3.069,2.9722,4.7023,2.9593,0.40942,1.3002,2.7006,4.3663,1.908,1.9334,3.8806,1.2752,2.6406,2.8992,0.47702,2.7615,3.0877,0.93072,2.9027,4.1171,0.63085,2.5254,2.6242,0.67893,1.9661,2.949,0.54527,2.4121,3.4051,1.5598,2.1764,4.2542,1.3394,2.7038,4.3988,0.59365,1.974,3.0582,1.9912,1.8714,3.8071,1.193,1.8173,3.6681,2.3704,2.7044,4.8653,1.3662,1.5796,4.1503,1.3691,2.154,3.1568,0.61861,1.9712,3.0661,0.49462,2.4409,2.6068,1.622,2.2853,4.1441,2.3788,2.698,4.8898,0.61011,1.9809,3.0539,1.5706,1.6988,3.3349,0.44452,3.0485,2.3387,0.60756,2.529,2.6096,2.9898,2.7442,5.9823,3.8463,2.8753,2.6683,4.6522,2.9617,0.35665,2.3162,2.3885,3.7003,1.1057,3.0647,3.9134,1.3945,2.302,3.523,0.95947,3.0682,3.7694,2.3564,2.2363,3.7892,1.1879,1.8088,3.6669,2.4269,2.347,4.5781,2.5761,2.6573,4.0674,1.287,2.6796,4.3535,1.9038,1.92,3.8747,1.1735,2.756,3.7025,2.3917,2.4686,5.0147,1.6137,2.6036,3.3607,2.1654,2.2043,4.1157,0.77904,1.9098,3.3551,2.3135,2.4081,3.7176,2.3189,2.4063,3.7119,2.2029,1.9337,4.9376,2.6239,2.2823,4.7893,2.3553,2.2387,3.7931,1.3698,1.5809,3.8535,2.378,2.7074,4.8852,1.9031,1.9236,3.8778,0.77049,2.1348,4.0036,1.6,1.7974,4.2514,2.3834,2.6994,4.8965,1.4485,2.3869,3.266,5.9579,2.8908,2.2477,1.8478,1.7934,3.4936,1.9498,2.9868,4.2614,2.0435,1.955,4.7896,1.1409,2.5842,4.3077,1.9166,2.1476,4.8769,1.6109,1.7624,3.9637,1.609,2.0119,3.3571,1.0638,2.7392,3.6186,0.96619,2.8045,3.8645,1.4136,2.4239,3.8613,1.1498,2.7584,3.672,1.8314,1.7438,4.0815,0.92262,2.4568,2.7993,1.9221,2.0833,4.4013,0.1662,2.7851,2.936,1.0694,1.9479,4.2625,0.97017,2.3194,3.0493,1.6527,2.4015,4.59,0.97073,2.067,2.8453,0.73536,1.9892,2.7341,1.6088,1.756,3.9667,0.93311,2.4525,2.8119,1.3647,1.5835,3.8398,2.7387,2.581,4.6056,1.0861,2.1504,3.6152,1.1459,2.7645,3.6724,1.9758,1.9869,4.4846,1.0574,1.9574,4.2471,1.8561,1.6758,3.4569,1.6603,2.5066,3.9968,2.1269,2.5514,4.912,2.1358,2.3879,3.6924,1.2305,3.0541,3.4538,1.4487,1.4882,4.2207,0.63205,2.9936,3.6355,1.615,1.7139,4.2199,0.73789,1.9974,2.7355,0.70251,2.194,3.9526,2.6698,2.6,4.5269,2.0149,2.1152,3.4381,1.3943,2.8774,3.5343,1.0799,2.22,3.6122,2.5443,2.0171,4.4985,1.4834,1.7298,4.4197,1.5957,2.5835,3.5965,2.0593,2.3161,4.0885,2.67,2.357,4.9657,0.48191,2.5248,3.0031
1051.3,12.772,390.99,16.975,0.070549,3462.8,1.4976,1.8155,4.1437,1.2724,2.2316,4.2354,1.2012,1.9664,4.2429,2.4786,2.6497,4.2916,0.85759,2.0423,4.2494,1.5187,2.5216,3.8934,3.118,2.8381,5.9564,1.1939,1.9705,4.2435,1.7427,1.6698,4.2359,1.279,2.2244,4.2519,0.84387,2.0584,4.2098,2.9264,2.834,4.5258,5.6093,2.746,1.351,1.2887,2.7786,3.6736,0.92963,2.142,3.0013,2.5017,2.0834,4.4969,1.4673,1.6474,3.9151,0.64308,2.5974,3.8469,2.0163,1.7709,3.4879,1.1071,2.4156,3.1386,0.22044,2.2999,3.4885,1.7754,1.6835,3.3987,2.012,2.7867,4.3058,1.7874,1.7063,3.401,1.4562,1.6426,3.9354,0.38604,2.1509,3.1646,2.0709,2.3823,4.4308,1.4763,1.6879,3.2038,0.82393,1.9183,2.7478,3.1058,2.8392,5.9272,2.0141,1.791,3.4897,1.0179,2.7184,2.9032,1.8258,2.584,4.0253,0.64481,1.902,2.7965,1.0825,2.4305,3.099,1.9033,1.9196,4.5047,1.7043,1.6554,3.8833,0.5154,2.2065,3.7463,1.1896,2.4852,3.7623,0.97113,2.0921,3.2246,2.5902,2.3266,4.3505,2.103,2.1836,4.7242,1.4824,1.6553,3.9306,1.8911,1.9153,4.4968,1.4896,2.1931,3.2532,0.79445,2.1195,3.1345,2.4312,2.397,4.3557,1.9241,2.5976,4.833,1.8969,2.603,4.8122,2.583,2.3344,4.3579,1.2795,2.5089,3.9116,1.707,2.2465,4.3212,1.9533,3.0362,3.8795,0.54451,2.4693,2.5104,1.5293,2.0675,4.6352,2.075,3.0489,4.0058,0.35489,2.3923,3.3866,1.6661,1.5984,4.0768,0.69299,2.049,3.0603,2.2558,2.2532,4.6733,0.70896,2.5893,3.0948,0.97083,2.0989,3.2217,0.082733,2.892,1.8471,2.0087,2.0058,4.6224,2.5696,2.3402,4.3523,2.62,2.3131,5.1479,2.0468,2.7663,4.3371,1.0751,1.811,3.9768,4.6433,2.9518,0.51501,0.86369,2.1278,3.0197,1.2959,2.094,4.2969,1.0457,2.0994,3.4756,2.216,2.7228,4.4684,1.7141,1.5718,4.1451,1.187,2.5497,3.1118,0.76657,2.4551,3.747,2.0731,1.8982,3.7115,1.5854,2.4476,3.4722,1.6385,2.5502,3.6131,1.6376,1.6349,4.2525,2.0142,2.7667,4.485,2.0527,2.7638,4.526,3.4518,2.7735,6.2167,1.7152,1.5649,4.1447,1.7372,1.9981,3.4466,2.0968,2.932,4.9064,1.1884,2.5522,3.132,2.607,2.4405,4.951,1.0582,2.6194,4.0682,1.5862,2.4447,3.4713,1.1599,1.8338,4.0842,1.6724,1.5891,4.0696,1.7225,1.9998,3.4324,0.27521,2.9354,3.3306,2.8981,2.2984,4.6157,1.3111,1.9427,4.2166,1.2987,2.6647,3.4037,1.4524,2.4603,3.3528,1.8603,1.9549,3.6976,1.9471,2.3885,4.0126,1.0729,2.2897,3.1705,2.5389,2.0259,5.1495,1.2422,2.6654,3.3293,1.4296,2.476,3.3271,0.36724,2.935,3.416,0.66,1.8308,2.853,1.6769,2.0078,4.4617,1.4617,1.8306,4.1376,5.4336,2.8847,1.7472,0.81894,2.1068,2.8009,1.047,2.6274,4.0632,2.2159,2.536,3.6281,2.5925,2.4303,4.9262,2.8275,2.6864,4.5395,2.1262,2.5124,4.4908,2.3522,2.1199,4.2228,0.76032,2.0251,3.3126,0.40026,2.4597,2.9542,0.59983,2.1486,3.7025,2.3868,2.4772,4.46,0.81729,2.4557,2.9111,1.2486,1.6096,4.2838,1.6988,2.0123,3.4344,6.1731,2.6844,1.9216,3.3356,2.9285,0.024719,0.8016,2.4364,2.9409,1.6703,1.6261,4.0708,1.5033,1.8784,3.1803,0.77245,2.4526,2.8978,2.1582,2.3401,4.9118,1.1837,2.5648,3.1201,1.0108,1.9564,3.5073,0.49006,1.9802,3.2639,1.7148,2.0098,3.4276,2.3835,2.1043,4.2126,2.1703,2.1492,4.9976,1.2773,1.7114,3.8223,0.68875,1.9783,2.7653,2.1729,2.1551,5.01,2.3398,2.2099,4.5061,1.5722,2.3526,3.9658,4.32,2.9589,0.24085,1.9517,2.3721,4.0075,0.82898,1.954,4.1234,1.2273,2.5962,4.2371,3.6354,2.8347,6.1938,1.5392,1.6285,3.2935,0.28482,2.3053,3.3491,5.0934,2.9534,1.0294,0.64727,2.7652,3.3575,1.3144,2.5172,3.0084,2.1475,2.1242,4.9563,1.4732,2.07,4.3739,1.5277,1.629,3.2972,1.389,2.9147,3.3585,0.50953,2.4399,2.7961,0.92984,2.4478,3.0324,0.22673,2.6132,3.3334,1.6212,2.2819,4.1422,0.51468,2.4368,2.7776,1.0367,2.2071,3.6297,1.3956,1.7833,4.2908,0.31652,2.3168,3.3759,1.5275,1.6104,3.294,0.50343,2.4394,2.7938,3.1698,2.8672,6.0988,1.9742,2.5727,4.0215,2.0021,2.1907,4.6206,2.5609,2.7718,5.1925,1.9069,1.9379,3.8807,1.2955,1.7715,3.7028,2.1682,2.1412,4.9905,1.3837,2.6281,3.9715,1.1395,3.067,2.973,4.7069,2.9549,0.41196,1.3079,2.7028,4.3728,1.9083,1.9302,3.88,1.2799,2.6413,2.9051,0.49411,2.7593,3.1074,0.93328,2.904,4.1188,0.64081,2.526,2.6324,0.67684,1.9712,2.9433,0.54509,2.4134,3.4019,1.5591,2.1761,4.2586,1.353,2.7063,4.4092,0.58731,1.9775,3.0488,1.9928,1.8679,3.806,1.1927,1.8128,3.6715,2.3561,2.7008,4.8459,1.3646,1.5876,4.1465,1.366,2.1535,3.1545,0.61632,1.9755,3.0586,0.49907,2.4395,2.6129,1.6245,2.2917,4.1473,2.3667,2.6936,4.8754,0.60578,1.9859,3.0437,1.5713,1.6967,3.3362,0.42892,3.0501,2.3202,0.61338,2.5306,2.6143,3.0017,2.7441,5.9961,0.18593,2.8766,2.6888,4.6523,2.9577,0.35489,2.3108,2.3845,3.6902,1.1317,3.0617,3.943,1.3856,2.311,3.5151,0.97332,3.0663,3.787,2.3543,2.2361,3.7851,1.1872,1.8027,3.6702,2.4267,2.3482,4.58,2.5732,2.6618,4.0719,1.2908,2.6788,4.3556,1.9052,1.9127,3.8698,1.1796,2.7498,3.7086,2.3822,2.4652,5.0014,1.6151,2.6001,3.3716,2.165,2.2076,4.1177,0.7777,1.911,3.3525,2.3073,2.4077,3.7113,2.314,2.4047,3.7043,2.2072,1.9396,4.9435,2.6206,2.2811,4.7887,2.3533,2.2387,3.7899,1.3685,1.5805,3.8563,2.3659,2.7047,4.8702,1.9046,1.9174,3.8734,0.76986,2.1332,4.0106,1.5998,1.7917,4.2503,2.3717,2.6958,4.8826,1.4484,2.3868,3.2663,5.9646,2.8925,2.2562,1.8462,1.792,3.4965,1.9435,2.981,4.2528,2.0493,1.9553,4.7957,1.1471,2.5849,4.3136,1.9214,2.1469,4.8784,1.6105,1.7561,3.9635,1.6093,2.0126,3.3518,1.0691,2.7337,3.6236,0.97227,2.8011,3.8695,1.4186,2.4289,3.8639,1.1528,2.7527,3.6738,1.8299,1.735,4.08,0.92412,2.4562,2.8031,1.9246,2.0858,4.4042,0.17936,2.7829,2.9492,1.0673,1.9461,4.2631,0.97275,2.3166,3.0551,1.6555,2.4021,4.5906,0.96929,2.0637,2.8469,0.73417,1.9871,2.7335,1.608,1.7486,3.9667,0.93572,2.4514,2.8173,1.3624,1.583,3.8403,2.735,2.5798,4.6021,1.086,2.1527,3.6133,1.1482,2.7602,3.6737,1.9758,1.9863,4.4857,1.0539,1.9564,4.2463,1.8568,1.6781,3.4576,1.6599,2.5098,3.9961,2.1284,2.5506,4.9094,2.133,2.3888,3.6894,1.2365,3.0511,3.4585,1.4492,1.4904,4.2188,0.63185,2.9929,3.6363,1.6141,1.7085,4.218,0.73712,1.9968,2.7349,0.70445,2.1941,3.9539,2.6675,2.5995,4.5258,2.018,2.1131,3.437,1.3973,2.871,3.5358,1.0792,2.2245,3.6088,2.5463,2.0196,4.5028,1.4824,1.729,4.4195,1.5939,2.5821,3.5987,2.0588,2.3208,4.0906,2.6653,2.3549,4.9603,0.4867,2.5241,3.0089
1051.3,12.772,390.99,16.975,0.078387,3594.5,1.4939,1.8133,4.1397,1.2722,2.2326,4.2374,1.1968,1.9636,4.2441,2.4765,2.6481,4.2912,0.85775,2.04,4.2532,1.5182,2.5262,3.8933,3.1331,2.8375,5.9752,1.1887,1.9682,4.2443,1.7422,1.6635,4.2344,1.2799,2.2242,4.2563,0.84233,2.0579,4.2095,2.9317,2.8338,4.5292,5.598,2.7417,1.3377,1.295,2.7693,3.6797,0.92613,2.141,2.9995,2.5049,2.0885,4.5049,1.4669,1.6449,3.9168,0.64078,2.6013,3.8413,2.0181,1.7715,3.4898,1.1095,2.4112,3.1483,0.21235,2.3013,3.4773,1.7739,1.6839,3.4001,1.9959,2.7808,4.2876,1.7877,1.7104,3.4024,1.453,1.6387,3.9393,0.38535,2.1531,3.1601,2.076,2.3855,4.4371,1.4762,1.6906,3.2043,0.82293,1.9236,2.7452,3.1192,2.8387,5.9421,2.0164,1.794,3.4923,1.019,2.7193,2.906,1.8274,2.5843,4.0291,0.64736,1.906,2.7974,1.0823,2.4283,3.1042,1.905,1.9204,4.5071,1.7082,1.6519,3.8829,0.51656,2.2068,3.7473,1.1887,2.4944,3.7597,0.96526,2.0967,3.2176,2.5979,2.3306,4.3605,2.1084,2.1884,4.7311,1.4837,1.6538,3.933,1.8912,1.9151,4.4979,1.491,2.1965,3.2519,0.78965,2.1247,3.1264,2.4325,2.4001,4.3605,1.9201,2.5971,4.8228,1.8915,2.6042,4.8014,2.5904,2.34,4.3696,1.2783,2.5126,3.9064,1.7108,2.2489,4.3256,1.9358,3.0309,3.86,0.55141,2.4695,2.5161,1.5274,2.0701,4.639,2.0695,3.0454,3.9989,0.34958,2.3945,3.3792,1.6665,1.5946,4.0763,0.69114,2.0521,3.0558,2.2571,2.2541,4.6754,0.7197,2.5847,3.1085,0.96489,2.1039,3.2142,5.2768,2.8919,1.8356,2.0113,2.0083,4.6275,2.5746,2.3464,4.3625,2.6116,2.309,5.139,2.035,2.7572,4.3238,1.0749,1.8052,3.9814,4.645,2.9445,0.51481,0.86082,2.128,3.0165,1.2956,2.093,4.3017,1.0442,2.1007,3.4735,2.2038,2.718,4.4535,1.7163,1.568,4.1432,1.1928,2.5482,3.1169,0.76898,2.4583,3.7447,2.0752,1.8942,3.7075,1.5817,2.4493,3.4707,1.6352,2.5535,3.6144,1.6348,1.6292,4.2526,2.002,2.7594,4.4715,2.0445,2.7565,4.5174,3.4609,2.7723,6.2252,1.7175,1.5606,4.1425,1.7419,1.9972,3.4469,2.0917,2.9312,4.9026,1.1941,2.5511,3.1401,2.604,2.4399,4.9472,1.0625,2.6202,4.0678,1.5831,2.4457,3.4707,1.1563,1.8375,4.0817,1.6739,1.584,4.0679,1.7253,1.9993,3.4301,0.2739,2.9339,3.3303,2.9018,2.299,4.6228,1.3102,1.9421,4.2176,1.3044,2.6618,3.4143,1.4506,2.4605,3.3536,1.8629,1.9504,3.6931,1.9468,2.3963,4.0155,1.0697,2.2903,3.1683,2.5397,2.0223,5.1499,1.2428,2.6623,3.3334,1.4246,2.478,3.3246,0.37302,2.9336,3.4216,0.65738,1.8337,2.8452,1.6737,2.0048,4.4679,1.4612,1.826,4.1396,5.4211,2.8823,1.7347,0.81843,2.1051,2.803,1.05,2.6302,4.063,2.2238,2.5372,3.6277,2.587,2.4285,4.9184,2.8324,2.684,4.5435,2.1227,2.5108,4.4863,2.3529,2.1229,4.2271,0.75988,2.0308,3.3073,0.40928,2.4574,2.9633,0.59919,2.1494,3.7014,2.3871,2.4725,4.4642,0.82553,2.4542,2.919,1.2475,1.6121,4.2835,1.6974,2.0136,3.4319,6.1518,2.6832,1.9055,3.349,2.9271,0.17032,0.809,2.4318,2.9536,1.6714,1.6256,4.0691,1.5046,1.8807,3.18,0.77497,2.451,2.903,2.1573,2.339,4.9062,1.1884,2.5653,3.1266,1.0119,1.9553,3.5078,0.48381,1.9797,3.2668,1.7166,2.0104,3.424,2.3833,2.1082,4.2152,2.174,2.1481,4.9992,1.2755,1.7063,3.8248,0.6895,1.978,2.767,2.1773,2.1551,5.0139,2.3426,2.2131,4.512,1.573,2.362,3.9662,4.3348,2.9515,0.25497,1.9514,2.3773,4.0091,0.82765,1.9532,4.1233,1.2351,2.5992,4.241,3.6499,2.8319,6.2542,1.5401,1.6301,3.2944,0.27935,2.3055,3.3414,5.0888,2.9479,1.0249,0.65572,2.7628,3.3673,1.3208,2.5189,3.0125,2.1487,2.1205,4.9534,1.4732,2.0657,4.3773,1.528,1.6293,3.2985,1.3908,2.9135,3.359,0.51736,2.4381,2.8069,0.92755,2.4478,3.0341,0.22793,2.6127,3.333,1.6228,2.2856,4.1448,0.52348,2.4353,2.7867,1.0342,2.2141,3.6246,1.3957,1.7806,4.2902,0.31596,2.3188,3.3726,1.5272,1.6093,3.295,0.51056,2.4375,2.8041,3.1956,2.866,6.104,1.9697,2.5701,4.0198,2.0064,2.1921,4.6247,2.5472,2.771,5.1771,1.9086,1.9341,3.8776,1.2956,1.7655,3.7044,2.1715,2.1393,4.9915,1.3813,2.6252,3.9659,1.1409,3.0652,2.9733,4.7118,2.9505,0.41501,1.316,2.7049,4.3797,1.9086,1.9271,3.8796,1.2845,2.6422,2.9109,0.51086,2.7571,3.1266,0.93692,2.905,4.1217,0.65112,2.5265,2.6409,0.67496,1.9762,2.9379,0.54497,2.4146,3.3989,1.5583,2.1756,4.2631,1.3667,2.7087,4.4198,0.58102,1.9807,3.0394,1.9943,1.8647,3.805,1.1923,1.8084,3.6747,2.342,2.6971,4.8266,1.363,1.5954,4.1426,1.363,2.153,3.1523,0.61414,1.9799,3.0513,0.50332,2.4381,2.6188,1.6274,2.2984,4.1505,2.3547,2.6891,4.8612,0.60127,1.9909,3.0335,1.5719,1.6946,3.3375,0.41184,3.0517,2.3002,0.61915,2.5323,2.6189,3.0137,2.7439,6.0099,5.7779,2.8778,2.7092,4.6529,2.9538,0.35386,2.3053,2.3802,3.6799,1.1553,3.0585,3.9699,1.3762,2.3203,3.507,0.98633,3.0644,3.8036,2.3523,2.2359,3.7809,1.1864,1.7967,3.6735,2.4266,2.3494,4.5817,2.57,2.6662,4.0761,1.2945,2.6779,4.3575,1.9065,1.9052,3.8647,1.1854,2.7435,3.7143,2.3728,2.4618,4.9878,1.6165,2.5964,3.3826,2.1647,2.211,4.1197,0.77631,1.9122,3.3497,2.3011,2.4074,3.705,2.3091,2.4031,3.6965,2.2116,1.9452,4.9493,2.6174,2.2798,4.7879,2.3511,2.2388,3.7868,1.3672,1.5801,3.8591,2.3541,2.7019,4.8555,1.906,1.911,3.869,0.76933,2.1316,4.0176,1.5997,1.7861,4.2492,2.3603,2.6921,4.8689,1.4483,2.3868,3.2665,5.9716,2.8942,2.265,1.8448,1.7906,3.4994,1.9367,2.9752,4.2438,2.0551,1.9554,4.8017,1.153,2.5854,4.3194,1.926,2.1461,4.8797,1.6102,1.7498,3.9633,1.6096,2.0135,3.3466,1.0741,2.7282,3.628,0.9779,2.7978,3.8738,1.4234,2.4337,3.8666,1.1556,2.7471,3.6752,1.8285,1.7263,4.0786,0.92555,2.4558,2.8067,1.9271,2.0884,4.4071,0.19212,2.7805,2.9618,1.0652,1.9444,4.2637,0.97514,2.3139,3.0607,1.6582,2.4025,4.5911,0.96788,2.0605,2.8485,0.73302,1.9851,2.733,1.6071,1.7414,3.9666,0.93819,2.4503,2.8225,1.3601,1.5824,3.8407,2.7315,2.5786,4.5989,1.0858,2.1551,3.6115,1.1504,2.7562,3.6749,1.9758,1.9857,4.4868,1.0507,1.9553,4.2455,1.8574,1.6803,3.4584,1.6596,2.5128,3.9955,2.1299,2.5498,4.9068,2.1302,2.3898,3.6865,1.242,3.0482,3.4628,1.4496,1.4925,4.217,0.63138,2.9923,3.6369,1.6132,1.7033,4.2162,0.7364,1.996,2.7345,0.70634,2.1943,3.955,2.6653,2.599,4.5247,2.021,2.1109,3.4358,1.4004,2.8649,3.5376,1.0784,2.2289,3.6054,2.5482,2.0221,4.507,1.4814,1.7281,4.4194,1.5922,2.5807,3.601,2.0584,2.3254,4.0928,2.661,2.3528,4.9552,0.49128,2.5233,3.0145
1051.3,12.772,390.99,16.975,0.086226,3703.3,1.4903,1.811,4.1356,1.2722,2.2335,4.2395,1.1922,1.9607,4.2451,2.4744,2.6465,4.2909,0.8579,2.0378,4.2569,1.5176,2.5308,3.8932,3.1486,2.8366,5.9944,1.1835,1.9658,4.245,1.7416,1.6572,4.2328,1.2809,2.2238,4.2609,0.84084,2.0573,4.2094,2.9371,2.8335,4.5328,5.5869,2.7372,1.3247,1.3012,2.7601,3.6857,0.92258,2.1401,2.9978,2.5083,2.0939,4.5134,1.4666,1.6427,3.9187,0.63836,2.6052,3.8354,2.0198,1.772,3.4918,1.1111,2.407,3.1572,0.20382,2.3027,3.4656,1.7724,1.6841,3.4016,1.9804,2.7748,4.2697,1.7881,1.7144,3.4038,1.4498,1.6348,3.9432,0.38474,2.1553,3.1556,2.0812,2.3886,4.4435,1.4761,1.6932,3.2048,0.82213,1.9289,2.743,3.1331,2.8382,5.9575,2.0189,1.7971,3.4951,1.0197,2.7202,2.9086,1.8291,2.5847,4.033,0.65001,1.91,2.7983,1.0817,2.4262,3.1093,1.907,1.9211,4.5096,1.7123,1.6488,3.8828,0.51796,2.2072,3.7485,1.1881,2.5033,3.7577,0.95915,2.1013,3.2105,2.6061,2.3347,4.371,2.1137,2.1932,4.738,1.4851,1.6526,3.9355,1.8916,1.915,4.4991,1.4927,2.2001,3.2507,0.78449,2.1298,3.1181,2.4337,2.4032,4.3653,1.9159,2.5966,4.812,1.8862,2.6053,4.7903,2.5987,2.3457,4.3823,1.2772,2.5164,3.9012,1.7149,2.2513,4.3302,1.9184,3.0252,3.8407,0.5585,2.4697,2.5218,1.5255,2.073,4.6428,2.0632,3.0415,3.9913,0.34419,2.3966,3.3716,1.667,1.5909,4.0758,0.68931,2.0549,3.0514,2.2583,2.2547,4.6771,0.73042,2.58,3.1224,0.9587,2.1088,3.2065,0.80316,2.8918,1.8251,2.0142,2.0107,4.6326,2.5803,2.3527,4.3734,2.6029,2.3047,5.1297,2.0236,2.7477,4.3108,1.0748,1.7991,3.9861,4.6464,2.9369,0.51416,0.8579,2.128,3.0135,1.2955,2.092,4.3066,1.0426,2.1019,3.4714,2.1917,2.7131,4.4388,1.7187,1.5641,4.1412,1.1986,2.5467,3.1217,0.77139,2.4613,3.7425,2.0772,1.8901,3.7035,1.5777,2.451,3.4689,1.6321,2.5566,3.6161,1.6321,1.6235,4.2527,1.9899,2.7518,4.458,2.0363,2.7489,4.5089,3.4693,2.7709,6.2329,1.7197,1.5563,4.1401,1.7467,1.9965,3.4474,2.0869,2.9303,4.8988,1.1996,2.55,3.1479,2.6012,2.4394,4.9436,1.0667,2.6207,4.0673,1.5799,2.4467,3.4701,1.1527,1.8407,4.0792,1.6755,1.5789,4.0662,1.7281,1.9987,3.428,0.27287,2.9324,3.3302,2.9054,2.2996,4.6297,1.3092,1.9416,4.2185,1.3097,2.6591,3.4247,1.4487,2.4606,3.3543,1.8655,1.9455,3.6885,1.9466,2.4038,4.0186,1.0665,2.2908,3.1663,2.5405,2.0187,5.1504,1.2437,2.6591,3.3379,1.4197,2.48,3.322,0.37812,2.9322,3.4266,0.6547,1.8365,2.8374,1.6705,2.0018,4.4743,1.4607,1.8214,4.1414,5.409,2.8798,1.7226,0.81781,2.1035,2.805,1.0528,2.6329,4.0627,2.2316,2.5382,3.627,2.5817,2.4267,4.9109,2.8375,2.6815,4.5476,2.1194,2.5093,4.482,2.3537,2.1263,4.2315,0.7594,2.0367,3.3019,0.41811,2.4552,2.9723,0.59846,2.1501,3.7003,2.3875,2.4679,4.4684,0.83359,2.4526,2.9269,1.2465,1.6143,4.2831,1.6958,2.015,3.4294,6.143,2.6818,1.8898,3.3618,2.9256,0.070908,0.81612,2.4272,2.9661,1.6725,1.625,4.0674,1.5058,1.8829,3.1796,0.77717,2.4494,2.9078,2.1566,2.338,4.9008,1.1929,2.5658,3.1329,1.0129,1.9542,3.5084,0.47725,1.9791,3.2702,1.7183,2.0111,3.4203,2.3831,2.1122,4.218,2.1776,2.1471,5.0007,1.2736,1.7014,3.8272,0.69028,1.9777,2.7687,2.1816,2.155,5.0177,2.3454,2.2163,4.5178,1.5736,2.3712,3.9667,4.3491,2.9439,0.26878,1.9512,2.3826,4.0107,0.82623,1.9527,4.1229,1.243,2.6023,4.245,3.664,2.8292,6.1919,1.541,1.6318,3.2953,0.27382,2.3056,3.3337,5.0841,2.9422,1.0206,0.66335,2.7606,3.3762,1.327,2.5207,3.0165,2.1501,2.1168,4.9506,1.4732,2.0612,4.3808,1.5282,1.6294,3.2997,1.3925,2.9124,3.3596,0.52526,2.4361,2.8178,0.92483,2.4478,3.0356,0.22903,2.6121,3.3324,1.6245,2.2892,4.1475,0.53223,2.4339,2.7957,1.0316,2.2215,3.6192,1.3958,1.778,4.2894,0.31546,2.3208,3.3695,1.5269,1.6081,3.296,0.51764,2.4355,2.8144,3.2215,2.8646,6.1679,1.9651,2.5677,4.018,2.0106,2.1933,4.6288,2.5325,2.7701,5.1604,1.9103,1.9302,3.8744,1.2955,1.7596,3.7059,2.1748,2.1372,4.9924,1.379,2.6225,3.9603,1.1417,3.0635,2.9731,4.717,2.9459,0.41852,1.3242,2.7069,4.3869,1.9089,1.9241,3.8793,1.289,2.6431,2.9166,0.52716,2.7549,3.1454,0.94144,2.9057,4.1256,0.66177,2.5271,2.6498,0.67329,1.9811,2.9329,0.54496,2.4156,3.3961,1.5575,2.1747,4.2677,1.3803,2.711,4.4303,0.57482,1.9837,3.0301,1.9957,1.8615,3.8043,1.1919,1.8041,3.6778,2.3281,2.6935,4.8074,1.3613,1.6029,4.1386,1.3599,2.1525,3.1503,0.61204,1.9845,3.0441,0.50742,2.4369,2.6246,1.6305,2.3054,4.1539,2.3429,2.6845,4.847,0.59659,1.9957,3.0231,1.5724,1.6926,3.3389,0.39316,3.0532,2.2787,0.62484,2.5341,2.6234,3.0257,2.7436,6.0237,0.12835,2.8788,2.7296,4.6541,2.9499,0.35352,2.2999,2.3757,3.6692,1.1766,3.0551,3.9944,1.3668,2.3296,3.4988,0.99881,3.0625,3.8196,2.3503,2.2358,3.7766,1.1857,1.7905,3.6769,2.4265,2.3506,4.5833,2.5665,2.6703,4.0802,1.2982,2.677,4.3592,1.9077,1.8975,3.8597,1.1908,2.7372,3.7197,2.3635,2.4581,4.9741,1.618,2.5927,3.3937,2.1643,2.2146,4.1218,0.77484,1.9134,3.3468,2.2948,2.407,3.6987,2.3041,2.4014,3.6887,2.2162,1.9504,4.9549,2.6143,2.2786,4.787,2.3489,2.239,3.7836,1.3659,1.5797,3.8619,2.3427,2.699,4.841,1.9073,1.9047,3.8647,0.76891,2.1299,4.0247,1.5996,1.7805,4.2482,2.349,2.6884,4.8551,1.4482,2.3868,3.2666,5.9792,2.896,2.2742,1.8435,1.7892,3.5021,1.9295,2.9694,4.2343,2.061,1.9555,4.8078,1.1588,2.5859,4.325,1.9304,2.1453,4.8808,1.6098,1.7436,3.9632,1.6099,2.0145,3.3416,1.0786,2.7229,3.632,0.98315,2.7947,3.8775,1.4281,2.4382,3.8693,1.1582,2.7417,3.6764,1.827,1.7176,4.0774,0.92691,2.4553,2.8101,1.9297,2.091,4.41,0.20457,2.7779,2.974,1.0632,1.9428,4.2643,0.97728,2.3113,3.066,1.6608,2.4029,4.5916,0.96646,2.0574,2.85,0.73187,1.983,2.7326,1.6063,1.7343,3.9666,0.94053,2.4492,2.8276,1.3579,1.5817,3.8412,2.7282,2.5775,4.5959,1.0856,2.1576,3.6096,1.1522,2.7524,3.6757,1.9757,1.9851,4.4878,1.0476,1.9542,4.245,1.858,1.6821,3.4591,1.6592,2.5156,3.9949,2.1314,2.5489,4.9043,2.1275,2.3907,3.6838,1.2472,3.0454,3.4667,1.4501,1.4942,4.2151,0.63065,2.9918,3.6372,1.6125,1.6982,4.2143,0.73573,1.9953,2.7341,0.70818,2.1946,3.9561,2.6632,2.5985,4.5237,2.0238,2.1088,3.4346,1.4035,2.8591,3.5396,1.0775,2.2332,3.6021,2.5501,2.0244,4.5112,1.4804,1.7274,4.4193,1.5906,2.5795,3.6032,2.0579,2.3299,4.0949,2.657,2.3508,4.9505,0.49564,2.5227,3.0198
1051.3,12.772,390.99,16.975,0.094065,3795.2,1.4866,1.8086,4.1317,1.2723,2.2343,4.2418,1.1875,1.9578,4.246,2.4724,2.6449,4.2907,0.85801,2.0358,4.2604,1.517,2.5352,3.8931,3.1644,2.8356,6.014,1.1782,1.9632,4.2456,1.741,1.651,4.2312,1.2818,2.2234,4.2656,0.83944,2.0567,4.2094,2.9426,2.8332,4.5366,5.576,2.7326,1.312,1.3071,2.7512,3.6916,0.91901,2.1393,2.9961,2.5119,2.0995,4.5223,1.4664,1.6409,3.9205,0.63576,2.6091,3.8293,2.0215,1.7725,3.4938,1.1118,2.4031,3.1652,0.19483,2.304,3.4533,1.7708,1.6842,3.4032,1.9655,2.7688,4.2523,1.7884,1.7182,3.4051,1.4464,1.6309,3.947,0.38423,2.1575,3.1512,2.0864,2.3915,4.45,1.4758,1.6959,3.2053,0.82155,1.9339,2.7415,3.1476,2.8376,5.9735,2.0215,1.8,3.498,1.0204,2.7211,2.911,1.831,2.5851,4.0369,0.65275,1.9138,2.7995,1.0807,2.4241,3.1141,1.9091,1.9218,4.5122,1.7164,1.6461,3.883,0.51963,2.2074,3.75,1.1881,2.5115,3.7567,0.95292,2.1058,3.2035,2.6149,2.3386,4.3819,2.119,2.198,4.745,1.4867,1.6517,3.9379,1.8922,1.9149,4.5004,1.4947,2.2037,3.2496,0.77902,2.1346,3.1095,2.4348,2.4061,4.3699,1.9115,2.5961,4.8004,1.8811,2.6065,4.779,2.6078,2.3515,4.3961,1.2761,2.5203,3.8959,1.7193,2.2537,4.3349,1.9015,3.019,3.8221,0.56571,2.4701,2.5277,1.5237,2.0761,4.6465,2.0561,3.0373,3.9829,0.33874,2.3986,3.364,1.6675,1.5873,4.0753,0.68754,2.0576,3.0472,2.2594,2.2552,4.6784,0.74094,2.5752,3.1365,0.95239,2.1136,3.1988,5.9613,2.8915,1.8156,2.0172,2.013,4.6378,2.5867,2.3593,4.3851,2.5944,2.3002,5.1199,2.0128,2.738,4.2984,1.0746,1.7931,3.9908,4.6474,2.929,0.51313,0.85496,2.1279,3.0107,1.2955,2.0909,4.3115,1.041,2.1032,3.4693,2.1799,2.7082,4.4243,1.7212,1.5601,4.1392,1.2041,2.5452,3.1261,0.77379,2.4641,3.7405,2.0791,1.8862,3.6995,1.5735,2.4528,3.4668,1.6293,2.5593,3.6185,1.6294,1.6181,4.2526,1.9781,2.744,4.4446,2.0283,2.7411,4.5005,3.4769,2.7696,6.2398,1.722,1.552,4.1377,1.7516,1.9958,3.448,2.0823,2.9296,4.8951,1.2049,2.5487,3.1553,2.5986,2.439,4.9403,1.0707,2.6209,4.0665,1.5765,2.4476,3.4693,1.1492,1.8434,4.077,1.6771,1.5741,4.0644,1.7309,1.998,3.4261,0.27201,2.931,3.3301,2.9089,2.3002,4.6365,1.3082,1.9411,4.2193,1.3147,2.6564,3.4346,1.4469,2.4608,3.355,1.8682,1.9405,3.6838,1.9465,2.4112,4.0219,1.0633,2.2913,3.1644,2.5413,2.015,5.151,1.2447,2.656,3.3426,1.4148,2.4817,3.3194,0.38258,2.9308,3.4309,0.652,1.8392,2.8298,1.6671,1.9988,4.4807,1.4602,1.8168,4.1431,5.3974,2.8773,1.7108,0.81705,2.102,2.8067,1.0556,2.6356,4.0623,2.2393,2.5389,3.6261,2.5765,2.4249,4.9035,2.8429,2.6791,4.5521,2.1165,2.508,4.478,2.3546,2.1299,4.2361,0.75882,2.0427,3.2963,0.42673,2.453,2.9812,0.59764,2.1508,3.6992,2.3878,2.4635,4.4726,0.84141,2.451,2.9348,1.2455,1.6165,4.2827,1.6941,2.0164,3.4269,6.1281,2.6803,1.8742,3.3743,2.924,0.095515,0.82281,2.4226,2.9782,1.6736,1.6244,4.0657,1.5071,1.8852,3.1792,0.77901,2.4478,2.9121,2.156,2.3371,4.8956,1.1971,2.5664,3.139,1.0138,1.953,3.509,0.47036,1.9785,3.274,1.7201,2.0118,3.4166,2.3829,2.1164,4.221,2.1813,2.146,5.0022,1.2717,1.6966,3.8294,0.69108,1.9775,2.7703,2.186,2.1548,5.0216,2.3482,2.2196,4.5236,1.5742,2.3801,3.9671,4.3629,2.9363,0.28233,1.951,2.388,4.0125,0.82474,1.9524,4.1222,1.251,2.6053,4.2491,3.6779,2.8264,6.1986,1.5418,1.6335,3.2961,0.26824,2.3057,3.326,5.0795,2.9364,1.0165,0.67011,2.7583,3.3841,1.3331,2.5225,3.0204,2.1517,2.1132,4.948,1.4731,2.0564,4.3842,1.5285,1.6295,3.3011,1.3943,2.9112,3.3604,0.53323,2.4341,2.8289,0.92182,2.4479,3.0368,0.23001,2.6115,3.3316,1.6263,2.2929,4.1502,0.54089,2.4326,2.8047,1.0287,2.2293,3.6135,1.3958,1.7756,4.2885,0.31501,2.3226,3.3665,1.5266,1.6068,3.2969,0.52469,2.4337,2.8248,3.2472,2.8631,6.1987,1.9604,2.5655,4.0162,2.0149,2.1945,4.6328,2.5166,2.7691,5.1423,1.9119,1.9263,3.8712,1.2952,1.7538,3.7074,2.1782,2.135,4.9933,1.3768,2.6199,3.9549,1.1419,3.0619,2.9725,4.7227,2.9411,0.42245,1.3325,2.7087,4.3944,1.9091,1.9213,3.8791,1.2934,2.6439,2.9224,0.54293,2.7527,3.1635,0.94667,2.9062,4.1302,0.67273,2.5278,2.659,0.67183,1.986,2.9282,0.54507,2.4163,3.3933,1.5567,2.1737,4.2724,1.3938,2.7133,4.4407,0.56873,1.9865,3.0207,1.997,1.8585,3.8036,1.1914,1.7997,3.681,2.3146,2.6899,4.7886,1.3596,1.6101,4.1348,1.3568,2.1519,3.1484,0.60998,1.9891,3.0371,0.5114,2.4357,2.6304,1.6341,2.3128,4.1573,2.3315,2.6797,4.8328,0.59175,2.0005,3.0128,1.5729,1.6906,3.3402,0.3729,3.0546,2.2557,0.6304,2.536,2.6277,3.0378,2.7432,6.0374,0.087871,2.8796,2.7501,4.6556,2.9461,0.35381,2.2945,2.3709,3.6584,1.1959,3.0514,4.0169,1.3574,2.3385,3.4907,1.0109,3.0606,3.8352,2.3483,2.2355,3.7722,1.1849,1.7842,3.6804,2.4263,2.3518,4.5847,2.5627,2.6741,4.084,1.3019,2.6761,4.3609,1.909,1.8895,3.8548,1.1959,2.7311,3.7247,2.3543,2.4542,4.9603,1.6195,2.5889,3.4049,2.1641,2.2183,4.1242,0.77327,1.9147,3.344,2.2884,2.4065,3.6923,2.2992,2.3996,3.6808,2.2207,1.9551,4.9601,2.6112,2.2773,4.7862,2.3466,2.2392,3.7804,1.3646,1.5792,3.8647,2.3315,2.6961,4.8268,1.9086,1.8982,3.8603,0.76863,2.128,4.0317,1.5995,1.7749,4.2471,2.338,2.6846,4.8415,1.448,2.3869,3.2667,5.9874,2.8978,2.2842,1.8422,1.7877,3.5048,1.9218,2.9635,4.2243,2.0669,1.9555,4.8137,1.1643,2.5863,4.3304,1.9346,2.1445,4.8817,1.6096,1.7374,3.963,1.6102,2.0154,3.3368,1.0827,2.7176,3.6356,0.98804,2.7918,3.8806,1.4327,2.4423,3.872,1.1606,2.7364,3.6774,1.8255,1.7089,4.0762,0.92819,2.4548,2.8133,1.9323,2.0937,4.4129,0.21672,2.7752,2.9858,1.0614,1.9412,4.2649,0.97911,2.3089,3.0709,1.6633,2.4032,4.5922,0.96502,2.0545,2.8514,0.73072,1.9811,2.7322,1.6056,1.7274,3.9666,0.94274,2.4482,2.8324,1.3557,1.5809,3.8417,2.7252,2.5764,4.5932,1.0853,2.16,3.6078,1.1539,2.7489,3.6763,1.9755,1.9844,4.4888,1.0449,1.9531,4.2446,1.8587,1.6838,3.4597,1.6588,2.5182,3.9943,2.1328,2.5481,4.9017,2.1249,2.3916,3.6811,1.2519,3.0426,3.4704,1.4507,1.4958,4.2133,0.62967,2.9912,3.6372,1.6118,1.6933,4.2126,0.73512,1.9945,2.7337,0.70996,2.1949,3.9571,2.6611,2.5979,4.5227,2.0265,2.1067,3.4333,1.4066,2.8536,3.5419,1.0766,2.2375,3.5988,2.5518,2.0267,4.5152,1.4795,1.7267,4.4193,1.589,2.5782,3.6055,2.0574,2.3342,4.0971,2.6533,2.349,4.9461,0.49978,2.5221,3.0248
1051.3,12.772,390.99,16.975,0.1019,3868.2,1.483,1.8062,4.1278,1.2726,2.2352,4.2441,1.1828,1.9547,4.2469,2.4704,2.6434,4.2906,0.85809,2.0339,4.2637,1.5163,2.5396,3.893,3.1805,2.8344,6.0338,1.1728,1.9606,4.2462,1.7406,1.6448,4.2295,1.2828,2.2231,4.2703,0.83808,2.0561,4.2096,2.9481,2.833,4.5405,5.5653,2.7279,1.2994,1.313,2.7425,3.6973,0.91536,2.1384,2.9943,2.516,2.1053,4.5315,1.4662,1.6394,3.9225,0.63306,2.6131,3.8229,2.0234,1.7731,3.4958,1.1117,2.3993,3.1726,0.18536,2.3052,3.4404,1.7692,1.6842,3.4048,1.9509,2.7627,4.2351,1.7887,1.7221,3.4065,1.443,1.6273,3.9509,0.38374,2.1599,3.1467,2.0918,2.3945,4.4567,1.4755,1.6985,3.2059,0.82111,1.9391,2.7401,3.163,2.8368,5.9903,2.0245,1.803,3.5012,1.0207,2.7223,2.9131,1.8331,2.5859,4.041,0.65557,1.9178,2.8007,1.0795,2.4219,3.1189,1.9114,1.9225,4.5151,1.7208,1.6434,3.8833,0.5216,2.2076,3.7516,1.1885,2.5198,3.7562,0.94643,2.1103,3.1962,2.6241,2.3427,4.3933,2.1244,2.2029,4.752,1.4884,1.651,3.9404,1.8931,1.9149,4.5018,1.4971,2.2073,3.2486,0.77308,2.1397,3.1004,2.4358,2.4091,4.3744,1.9068,2.5957,4.788,1.876,2.6077,4.7672,2.618,2.3574,4.4109,1.2751,2.5245,3.8906,1.724,2.2562,4.3398,1.8851,3.0124,3.8039,0.57308,2.4706,2.5336,1.5219,2.0797,4.6501,2.0481,3.0327,3.9738,0.33314,2.4005,3.3563,1.6679,1.5837,4.0748,0.68573,2.06,3.0431,2.2603,2.2554,4.6792,0.75166,2.5701,3.1511,0.9459,2.1183,3.1909,0.38065,2.8913,1.8072,2.0205,2.0152,4.6431,2.5939,2.366,4.3978,2.5855,2.2957,5.1095,2.0023,2.728,4.2864,1.0746,1.7868,3.9956,4.6482,2.9209,0.51182,0.85192,2.1277,3.0082,1.2956,2.0897,4.3165,1.0393,2.1043,3.4673,2.168,2.7031,4.4098,1.724,1.5557,4.1371,1.2095,2.5436,3.1303,0.77625,2.4669,3.7386,2.0812,1.8821,3.6954,1.569,2.4546,3.4643,1.6267,2.5619,3.6213,1.6266,1.6126,4.2526,1.9663,2.7354,4.431,2.0204,2.7327,4.492,3.4839,2.7684,6.2458,1.7244,1.5477,4.1352,1.7563,1.995,3.4488,2.0777,2.9288,4.8914,1.21,2.5475,3.1625,2.5961,2.4387,4.9371,1.0747,2.6208,4.0656,1.573,2.4485,3.4684,1.1458,1.8457,4.0749,1.6788,1.5694,4.0626,1.7337,1.9973,3.4242,0.27151,2.9295,3.3304,2.9123,2.3006,4.6431,1.3071,1.9407,4.2201,1.3194,2.6539,3.4443,1.4451,2.461,3.3556,1.8711,1.9352,3.679,1.9466,2.4184,4.0252,1.0601,2.2916,3.1625,2.5421,2.0114,5.1516,1.2459,2.6528,3.3477,1.4099,2.4835,3.3169,0.3864,2.9294,3.4346,0.64925,1.8417,2.8223,1.6636,1.9956,4.487,1.4598,1.8121,4.1449,5.3863,2.8749,1.6996,0.81623,2.1007,2.8082,1.058,2.6382,4.062,2.2469,2.5394,3.6249,2.5714,2.4231,4.8963,2.8485,2.6768,4.5568,2.1138,2.5069,4.4741,2.3557,2.1338,4.2409,0.75816,2.049,3.2906,0.43511,2.4509,2.99,0.59673,2.1514,3.6982,2.3882,2.4593,4.4768,0.8491,2.4495,2.9426,1.2444,1.6187,4.282,1.6923,2.0178,3.4244,6.114,2.6787,1.8591,3.3863,2.9225,0.11458,0.82907,2.418,2.99,1.6746,1.624,4.064,1.5083,1.8874,3.1788,0.78061,2.4463,2.9161,2.1555,2.3363,4.8906,1.201,2.5671,3.1451,1.0147,1.9519,3.5096,0.46325,1.9779,3.2783,1.7219,2.0125,3.413,2.3828,2.1208,4.2242,2.1849,2.1448,5.0036,1.2697,1.692,3.8315,0.69188,1.9773,2.772,2.1903,2.1547,5.0252,2.3511,2.2228,4.5292,1.5748,2.3887,3.9674,4.3758,2.9287,0.29538,1.9509,2.3933,4.0143,0.8232,1.9523,4.1213,1.2591,2.6083,4.2533,3.6914,2.8239,0.34668,1.5427,1.6353,3.2969,0.26266,2.3057,3.3185,5.0751,2.9303,1.0128,0.6761,2.7562,3.3911,1.3391,2.5244,3.0244,2.1532,2.1098,4.9457,1.473,2.0512,4.3876,1.5288,1.6294,3.3024,1.3962,2.9101,3.3612,0.54125,2.4321,2.84,0.91851,2.4481,3.0376,0.23082,2.6109,3.3308,1.6281,2.2964,4.153,0.5494,2.4313,2.8136,1.0254,2.2376,3.6074,1.3959,1.7734,4.2874,0.31463,2.3245,3.3636,1.5264,1.6056,3.2979,0.53161,2.4319,2.835,3.2724,2.8613,6.0261,1.9557,2.5634,4.0143,2.0191,2.1955,4.6368,2.4998,2.768,5.1232,1.9132,1.9222,3.868,1.2949,1.7483,3.7087,2.1815,2.1327,4.9942,1.3747,2.6177,3.9497,1.1417,3.0606,2.9714,4.7286,2.9362,0.42683,1.341,2.7104,4.402,1.9092,1.9185,3.879,1.2977,2.6448,2.9281,0.55817,2.7506,3.181,0.95269,2.9064,4.1356,0.68396,2.5286,2.6684,0.67057,1.9906,2.924,0.54524,2.4169,3.3907,1.5559,2.1724,4.277,1.4069,2.7154,4.451,0.56284,1.989,3.0116,1.9983,1.8555,3.8031,1.1909,1.7954,3.6841,2.3017,2.6865,4.7705,1.3578,1.617,4.1308,1.3537,2.1512,3.1466,0.60801,1.9937,3.0302,0.51518,2.4346,2.636,1.6378,2.3203,4.1607,2.3202,2.6749,4.8189,0.58683,2.005,3.0025,1.5733,1.6887,3.3415,0.35141,3.056,2.2316,0.63572,2.538,2.6317,3.0497,2.7427,6.051,0.073836,2.8804,2.77,4.6576,2.9423,0.35467,2.2893,2.3658,3.6476,1.2131,3.0477,4.0371,1.3481,2.3471,3.483,1.0218,3.0586,3.8497,2.3462,2.2353,3.7678,1.1841,1.778,3.6837,2.4262,2.353,4.5859,2.5586,2.6776,4.0874,1.3053,2.6752,4.3622,1.91,1.8814,3.8499,1.2008,2.725,3.7292,2.3455,2.4503,4.9466,1.6209,2.5849,3.416,2.164,2.222,4.1265,0.77166,1.916,3.341,2.2821,2.4061,3.686,2.2943,2.3978,3.673,2.225,1.9593,4.9651,2.6082,2.2761,4.7853,2.3443,2.2394,3.7772,1.3634,1.5786,3.8674,2.3208,2.693,4.8131,1.9098,1.8918,3.8561,0.76843,2.126,4.0385,1.5994,1.7694,4.246,2.3273,2.681,4.8281,1.4478,2.387,3.2668,5.9959,2.8996,2.2943,1.8411,1.7862,3.5073,1.9141,2.9576,4.2144,2.0728,1.9554,4.8193,1.1695,2.5865,4.3356,1.9386,2.1436,4.8823,1.6094,1.7313,3.9629,1.6105,2.0164,3.3324,1.0866,2.7125,3.6387,0.99256,2.7889,3.8832,1.437,2.4461,3.8748,1.1627,2.7312,3.6782,1.824,1.7004,4.0751,0.92937,2.4544,2.8163,1.935,2.0963,4.4157,0.22831,2.7726,2.997,1.0597,1.9397,4.2657,0.98077,2.3066,3.0755,1.6657,2.4034,4.5926,0.96365,2.0516,2.8526,0.72964,1.9792,2.7319,1.6048,1.7209,3.9667,0.9448,2.4472,2.8369,1.3536,1.58,3.8423,2.7224,2.5754,4.5908,1.085,2.1623,3.606,1.1554,2.7456,3.677,1.9754,1.9837,4.4897,1.0422,1.952,4.2444,1.8593,1.6854,3.4604,1.6585,2.5206,3.9936,2.1342,2.5473,4.8993,2.1225,2.3926,3.6784,1.2563,3.0399,3.4737,1.4511,1.497,4.2114,0.62852,2.9908,3.637,1.6114,1.6888,4.2108,0.73454,1.9936,2.7335,0.71164,2.1953,3.9579,2.6592,2.5973,4.5217,2.0292,2.1046,3.4321,1.4096,2.8484,3.5442,1.0756,2.2417,3.5956,2.5536,2.0288,4.5191,1.4785,1.726,4.4193,1.5877,2.577,3.6076,2.057,2.3384,4.0992,2.65,2.3473,4.9421,0.50365,2.5215,3.0295
1051.3,12.772,390.99,16.975,0.10974,3922.2,1.4792,1.8036,4.124,1.2729,2.236,4.2466,1.178,1.9516,4.2477,2.4683,2.6417,4.2904,0.8581,2.0323,4.2669,1.5155,2.5441,3.8927,3.197,2.833,6.054,1.1673,1.9579,4.2468,1.7403,1.6386,4.2278,1.2839,2.2227,4.2751,0.83676,2.0558,4.2099,2.9538,2.8327,4.5446,5.5547,2.7231,1.2869,1.3187,2.7337,3.703,0.91159,2.1375,2.9926,2.5205,2.1114,4.5413,1.4662,1.6384,3.9246,0.63043,2.6171,3.8163,2.0253,1.7737,3.4979,1.1111,2.3956,3.1799,0.17538,2.3062,3.4271,1.7675,1.6842,3.4065,1.9365,2.7563,4.2179,1.7892,1.726,3.4081,1.4395,1.6238,3.9549,0.38315,2.1625,3.1419,2.0976,2.3978,4.4639,1.4752,1.7012,3.2065,0.82076,1.9448,2.7387,3.1798,2.836,6.0086,2.0278,1.8061,3.5049,1.0205,2.7238,2.9147,1.8354,2.5868,4.0454,0.65847,1.922,2.802,1.078,2.4197,3.1239,1.9139,1.9232,4.5182,1.7253,1.6407,3.8839,0.52391,2.2079,3.7535,1.1891,2.5286,3.756,0.93948,2.115,3.1886,2.6339,2.3469,4.4054,2.1299,2.2081,4.7595,1.4904,1.6508,3.9429,1.8943,1.915,4.5033,1.5,2.2109,3.2477,0.76641,2.1451,3.0905,2.437,2.4123,4.3792,1.9014,2.5954,4.7744,1.871,2.6089,4.7547,2.6295,2.3636,4.4273,1.274,2.5291,3.8852,1.7294,2.2588,4.3451,1.8687,3.0053,3.7858,0.5806,2.4715,2.5394,1.5202,2.0837,4.6538,2.0392,3.0277,3.9637,0.32714,2.4022,3.3481,1.6682,1.5798,4.0742,0.68383,2.0623,3.039,2.2608,2.2555,4.6795,0.76306,2.5647,3.1668,0.93904,2.1231,3.1825,5.9736,2.891,1.7996,2.0239,2.0173,4.6486,2.6019,2.373,4.4116,2.5758,2.2907,5.0982,1.9919,2.7175,4.2746,1.0746,1.78,4.0009,4.6488,2.9123,0.5104,0.84885,2.1271,3.0059,1.296,2.0883,4.3217,1.0376,2.1053,3.4654,2.1557,2.6975,4.3945,1.727,1.5507,4.1346,1.2148,2.5418,3.1344,0.77883,2.4693,3.7369,2.0831,1.8777,3.691,1.564,2.4562,3.4614,1.6243,2.5641,3.6248,1.6237,1.6067,4.2526,1.9542,2.726,4.417,2.0122,2.7236,4.4834,3.4902,2.7671,6.2509,1.7269,1.543,4.1324,1.7609,1.9941,3.4496,2.0729,2.9279,4.8875,1.2149,2.5461,3.1695,2.5937,2.4382,4.9339,1.0787,2.6204,4.0646,1.5694,2.4492,3.4675,1.1425,1.8475,4.0729,1.6804,1.5647,4.0607,1.7364,1.9965,3.4225,0.27162,2.9281,3.3314,2.9156,2.3011,4.6496,1.306,1.9402,4.2209,1.3241,2.6512,3.4542,1.4433,2.461,3.3561,1.8739,1.9295,3.6739,1.9467,2.4254,4.0285,1.0571,2.2918,3.1607,2.5428,2.0076,5.1518,1.2474,2.6495,3.3532,1.4051,2.4851,3.3143,0.38965,2.928,3.4377,0.64644,1.8441,2.815,1.66,1.9924,4.4931,1.4595,1.8074,4.1466,5.3762,2.8725,1.6894,0.81541,2.0995,2.8096,1.0604,2.6408,4.0617,2.2545,2.5398,3.6237,2.5665,2.4213,4.8895,2.854,2.6745,4.5614,2.1112,2.5058,4.4705,2.3568,2.1377,4.2458,0.75742,2.0553,3.2848,0.44315,2.4488,2.9984,0.59574,2.1518,3.6972,2.3887,2.4554,4.4809,0.85661,2.4479,2.9503,1.2433,1.6209,4.2813,1.6905,2.0192,3.422,6.101,2.677,1.8448,3.3976,2.921,0.12155,0.83497,2.4134,3.0014,1.6756,1.6237,4.0626,1.5094,1.8896,3.1784,0.78195,2.4449,2.9198,2.1551,2.3356,4.8858,1.2047,2.5677,3.1508,1.0155,1.9507,3.5102,0.45612,1.9774,3.2828,1.7235,2.0133,3.4094,2.3826,2.1252,4.2275,2.1885,2.1437,5.0049,1.2677,1.6875,3.8334,0.69269,1.9773,2.7736,2.1946,2.1545,5.0288,2.3539,2.2259,4.5349,1.5753,2.397,3.9677,4.3881,2.921,0.30771,1.9508,2.3987,4.0161,0.82155,1.9524,4.12,1.2673,2.6113,4.2577,3.7044,2.8214,4.3364,1.5435,1.637,3.2977,0.25702,2.3055,3.3111,5.071,2.9242,1.0094,0.68129,2.7541,3.3971,1.3448,2.5264,3.0283,2.1548,2.1064,4.9433,1.473,2.0458,4.391,1.5291,1.6292,3.3037,1.3981,2.9091,3.3623,0.54921,2.43,2.8511,0.91472,2.4484,3.038,0.2313,2.6103,3.3296,1.6299,2.2998,4.1558,0.55771,2.4299,2.8224,1.022,2.2459,3.6011,1.396,1.7714,4.2862,0.31424,2.3264,3.3609,1.5262,1.6042,3.2988,0.53828,2.4302,2.8449,3.2972,2.8594,0.75479,1.9509,2.5615,4.0121,2.0232,2.1963,4.6406,2.4821,2.7666,5.1032,1.9144,1.918,3.865,1.2943,1.7432,3.71,2.1847,2.1304,4.995,1.3729,2.6156,3.9449,1.141,3.0594,2.9699,4.7348,2.9312,0.43167,1.3498,2.712,4.41,1.9092,1.9159,3.879,1.3018,2.6458,2.9335,0.57297,2.7485,3.1981,0.9594,2.9064,4.1419,0.69539,2.5295,2.6779,0.66947,1.9952,2.92,0.54545,2.4173,3.3883,1.555,2.1707,4.2817,1.42,2.7174,4.4612,0.55714,1.9913,3.0029,1.9994,1.8527,3.8026,1.1903,1.7913,3.6871,2.2893,2.6832,4.753,1.3561,1.6238,4.1269,1.3506,2.1505,3.1449,0.60614,1.9984,3.0235,0.51875,2.4335,2.6414,1.6417,2.3277,4.1643,2.3093,2.67,4.8053,0.58183,2.0094,2.9922,1.5738,1.687,3.3428,0.32865,3.0574,2.2063,0.64078,2.54,2.6354,3.0614,2.742,6.0643,0.12101,2.881,2.7891,4.6599,2.9387,0.35598,2.2842,2.3606,3.6369,1.2285,3.0438,4.0554,1.339,2.3552,3.4756,1.0314,3.0567,3.8627,2.3442,2.2353,3.7635,1.1833,1.7721,3.6869,2.4262,2.3542,4.5872,2.5542,2.681,4.0905,1.3086,2.6744,4.3634,1.911,1.8732,3.845,1.2054,2.7189,3.7335,2.337,2.4464,4.9333,1.6225,2.581,3.4269,2.164,2.2256,4.1288,0.77008,1.9173,3.3381,2.2759,2.4057,3.6799,2.2896,2.396,3.6654,2.2292,1.9633,4.9696,2.6054,2.2749,4.7843,2.3421,2.2397,3.7742,1.3623,1.578,3.8702,2.3106,2.69,4.8,1.9111,1.8855,3.8519,0.76827,2.1241,4.0451,1.5993,1.7642,4.2449,2.3168,2.6772,4.8151,1.4478,2.387,3.2668,6.0043,2.9013,2.3043,1.8401,1.7848,3.5097,1.9065,2.9519,4.2046,2.0785,1.9553,4.8247,1.1743,2.5867,4.3404,1.9421,2.1425,4.8827,1.6092,1.7256,3.9627,1.6108,2.0173,3.3283,1.0903,2.7074,3.6418,0.99675,2.7862,3.8855,1.4411,2.4495,3.8775,1.1648,2.7261,3.6788,1.8226,1.6923,4.0741,0.93044,2.4541,2.8189,1.9376,2.0987,4.4184,0.23903,2.7699,3.0073,1.0582,1.9381,4.2665,0.98233,2.3044,3.0799,1.6679,2.4035,4.593,0.96243,2.0487,2.854,0.72866,1.9775,2.7317,1.6041,1.7147,3.9667,0.94668,2.4463,2.841,1.3517,1.5789,3.8428,2.7199,2.5744,4.5884,1.0847,2.1645,3.6044,1.157,2.7426,3.6776,1.9753,1.983,4.4905,1.0399,1.9509,4.2443,1.8599,1.6867,3.461,1.6582,2.5228,3.993,2.1356,2.5465,4.8972,2.1202,2.3934,3.676,1.2602,3.0375,3.4766,1.4516,1.498,4.2098,0.62732,2.9903,3.6367,1.6111,1.6846,4.2091,0.73404,1.9927,2.7333,0.7132,2.1957,3.9586,2.6574,2.5968,4.5207,2.0315,2.1027,3.4307,1.4123,2.8436,3.5464,1.0747,2.2455,3.5926,2.5552,2.0308,4.5226,1.4776,1.7253,4.4193,1.5864,2.5759,3.6095,2.0567,2.3423,4.1011,2.647,2.3459,4.9385,0.5072,2.521,3.0338
1051.3,12.772,390.99,16.975,0.11758,3962.4,1.4752,1.8006,4.1204,1.2734,2.2368,4.2491,1.1731,1.9485,4.2484,2.4662,2.64,4.2903,0.85805,2.0308,4.2698,1.5147,2.5487,3.8924,3.2138,2.8314,6.0745,1.1616,1.955,4.2473,1.74,1.6326,4.2259,1.285,2.2223,4.2799,0.83552,2.0555,4.2103,2.9595,2.8323,4.549,5.5443,2.7182,1.2746,1.3241,2.7251,3.7085,0.90768,2.1368,2.9907,2.5254,2.1178,4.5519,1.4662,1.6378,3.9268,0.62773,2.6212,3.8093,2.0272,1.7744,3.5002,1.1098,2.3923,3.1864,0.16482,2.3071,3.4131,1.7656,1.684,3.4083,1.9226,2.75,4.2011,1.7896,1.7298,3.4096,1.4361,1.6206,3.9591,0.3825,2.1653,3.1368,2.1037,2.401,4.4714,1.475,1.704,3.2071,0.8205,1.9507,2.7375,3.1981,2.835,6.0284,2.0313,1.8094,3.509,1.0198,2.7255,2.9159,1.8381,2.5879,4.0501,0.66148,1.9264,2.8033,1.0763,2.4175,3.1289,1.9166,1.924,4.5214,1.7301,1.6382,3.8848,0.5266,2.2082,3.7558,1.1902,2.5374,3.7566,0.93222,2.1198,3.1808,2.6444,2.351,4.4183,2.1356,2.2136,4.7674,1.4926,1.6509,3.9456,1.8959,1.9151,4.5051,1.5032,2.2147,3.2467,0.75913,2.1506,3.0798,2.4382,2.4156,4.3843,1.8956,2.5952,4.7596,1.8659,2.6103,4.7417,2.6424,2.37,4.4454,1.2729,2.5341,3.8796,1.7353,2.2615,4.3507,1.8528,2.9978,3.7682,0.58829,2.4725,2.5452,1.5186,2.0883,4.6574,2.0298,3.0222,3.9531,0.32077,2.4038,3.3395,1.6687,1.5758,4.0735,0.68189,2.0643,3.035,2.2612,2.2554,4.6792,0.77473,2.559,3.1833,0.93197,2.1277,3.1738,6.194,2.8907,1.7929,2.0277,2.0193,4.6541,2.611,2.3802,4.4266,2.5656,2.2853,5.0864,1.9818,2.7067,4.2631,1.0747,1.7728,4.0064,4.6494,2.9033,0.50899,0.84577,2.1265,3.0039,1.2966,2.0868,4.3268,1.0359,2.1063,3.4635,2.1432,2.6917,4.379,1.7303,1.5451,4.1319,1.2201,2.5399,3.1385,0.78152,2.4715,3.7354,2.085,1.8733,3.6866,1.5586,2.4577,3.4581,1.6223,2.5658,3.629,1.6205,1.6008,4.2527,1.9421,2.7159,4.4029,2.004,2.7139,4.4748,3.4957,2.7657,6.2552,1.7294,1.5381,4.1294,1.7655,1.9931,3.4504,2.068,2.9269,4.8835,1.2197,2.5447,3.1761,2.5914,2.4378,4.9307,1.0827,2.6197,4.0635,1.5657,2.4498,3.4664,1.1393,1.8488,4.0711,1.6821,1.5601,4.0589,1.739,1.9956,3.4209,0.27217,2.9266,3.3326,2.9189,2.3014,4.6558,1.3048,1.9399,4.2215,1.3289,2.6485,3.4641,1.4415,2.461,3.3565,1.8768,1.9234,3.6686,1.9469,2.4321,4.0317,1.0541,2.2919,3.1591,2.5433,2.004,5.1516,1.2493,2.6462,3.3591,1.4005,2.4867,3.3117,0.39242,2.9267,3.4404,0.64364,1.8464,2.808,1.6564,1.9892,4.499,1.4592,1.8026,4.1482,5.3669,2.8702,1.68,0.81457,2.0984,2.811,1.0626,2.6433,4.0615,2.2617,2.5401,3.6223,2.5617,2.4195,4.8828,2.8596,2.6722,4.5661,2.1088,2.5048,4.4672,2.3581,2.1416,4.2506,0.75651,2.0616,3.2788,0.45082,2.4469,3.0064,0.59468,2.152,3.6963,2.3891,2.4517,4.485,0.86386,2.4463,2.9577,1.2422,1.623,4.2805,1.6886,2.0206,3.4196,6.0884,2.6753,1.8312,3.4082,2.9195,0.13528,0.84034,2.4088,3.0123,1.6766,1.6233,4.0613,1.5104,1.8918,3.178,0.78301,2.4434,2.9232,2.1548,2.3349,4.8812,1.208,2.5684,3.1561,1.0161,1.9495,3.5108,0.44895,1.977,3.2875,1.725,2.014,3.4059,2.3825,2.1296,4.2309,2.192,2.1426,5.006,1.2655,1.6833,3.8352,0.6935,1.9773,2.7751,2.1988,2.1543,5.0322,2.3567,2.2291,4.5403,1.5758,2.4049,3.9679,4.3996,2.9135,0.31942,1.9508,2.404,4.018,0.81985,1.9527,4.1185,1.2755,2.6143,4.2624,3.717,2.819,0.54856,1.5444,1.6386,3.2985,0.25136,2.3052,3.3038,5.0672,2.9179,1.0067,0.68565,2.7522,3.4022,1.3503,2.5283,3.0321,2.1565,2.1031,4.9412,1.473,2.0403,4.3944,1.5293,1.6289,3.305,1.4002,2.908,3.3637,0.55709,2.4279,2.8622,0.91068,2.4487,3.0381,0.23149,2.6097,3.3282,1.6316,2.303,4.1585,0.56574,2.4285,2.8309,1.0185,2.2543,3.5948,1.396,1.7697,4.2848,0.31385,2.3281,3.3585,1.5259,1.6028,3.2998,0.54474,2.4286,2.8545,3.3212,2.8575,0.71808,1.9461,2.5599,4.0099,2.0273,2.197,4.6443,2.4638,2.7651,5.0823,1.9155,1.9137,3.862,1.2936,1.7386,3.7113,2.1878,2.1281,4.9957,1.3713,2.6137,3.9404,1.1398,3.0583,2.968,4.7413,2.9261,0.43686,1.3585,2.7135,4.4183,1.9093,1.9135,3.8791,1.3057,2.6468,2.9387,0.58719,2.7465,3.2144,0.96656,2.9061,4.1487,0.70692,2.5305,2.6875,0.66854,1.9995,2.9165,0.5457,2.4175,3.386,1.554,2.1689,4.2863,1.4328,2.7193,4.4714,0.55165,1.9934,2.9945,2.0004,1.85,3.8023,1.1898,1.7874,3.6899,2.2775,2.6799,4.7364,1.3544,1.6303,4.1231,1.3475,2.1498,3.1433,0.60435,2.003,3.0173,0.52212,2.4325,2.6464,1.6457,2.3352,4.1679,2.2988,2.6651,4.792,0.57688,2.0136,2.9823,1.5741,1.6854,3.3441,0.30498,3.0586,2.1802,0.64552,2.5422,2.6388,3.0727,2.7412,6.0772,0.12706,2.8814,2.8075,4.6624,2.9352,0.35772,2.2793,2.3553,3.6265,1.2422,3.0398,4.0718,1.3303,2.3627,3.4685,1.0399,3.0549,3.8744,2.3423,2.2352,3.7593,1.1827,1.7663,3.69,2.4263,2.3554,4.5883,2.5495,2.684,4.0931,1.3119,2.6736,4.3645,1.912,1.8649,3.8403,1.2098,2.7128,3.7376,2.3289,2.4427,4.9204,1.624,2.5772,3.4375,2.164,2.2292,4.1312,0.76851,1.9186,3.3352,2.27,2.4051,3.674,2.285,2.3941,3.6581,2.2331,1.9668,4.9737,2.6026,2.2738,4.7832,2.3399,2.2401,3.7712,1.3613,1.5772,3.8729,2.301,2.687,4.7877,1.9122,1.8793,3.8478,0.76817,2.1222,4.0515,1.5993,1.7592,4.2439,2.3067,2.6736,4.8024,1.4477,2.3871,3.267,6.0127,2.903,2.3143,1.8393,1.7833,3.512,1.8993,2.9465,4.1951,2.084,1.955,4.8297,1.1786,2.5868,4.3448,1.9453,2.1415,4.8829,1.6092,1.72,3.9625,1.6111,2.0182,3.3246,1.0938,2.7024,3.6447,1.0006,2.7837,3.8874,1.445,2.4525,3.8803,1.1669,2.7212,3.6793,1.8213,1.6844,4.0731,0.93142,2.4538,2.8213,1.94,2.1009,4.4209,0.24894,2.7673,3.0166,1.0568,1.9366,4.2672,0.98372,2.3023,3.0839,1.6699,2.4035,4.5933,0.96133,2.046,2.8554,0.72776,1.9759,2.7315,1.6034,1.7089,3.9667,0.94839,2.4455,2.8447,1.3499,1.5778,3.8434,2.7176,2.5734,4.5863,1.0845,2.1665,3.6029,1.1584,2.7397,3.6782,1.9751,1.9823,4.4912,1.038,1.9498,4.2444,1.8605,1.6878,3.4615,1.6579,2.5248,3.9925,2.1371,2.5458,4.8952,2.1182,2.3942,3.6739,1.2637,3.0352,3.4791,1.452,1.4987,4.2082,0.6261,2.9899,3.6363,1.6108,1.6807,4.2075,0.7336,1.9918,2.7332,0.71464,2.1961,3.9593,2.6559,2.5962,4.5199,2.0335,2.1009,3.4294,1.4149,2.8393,3.5486,1.0737,2.249,3.5898,2.5567,2.0327,4.5259,1.4769,1.7247,4.4193,1.5853,2.5749,3.6113,2.0564,2.3459,4.1031,2.6444,2.3445,4.9352,0.51041,2.5206,3.0377
1051.3,12.772,390.99,16.975,0.12542,3995.9,1.4713,1.7975,4.1168,1.274,2.2375,4.2516,1.1682,1.9453,4.2489,2.4643,2.6383,4.2905,0.85797,2.0296,4.2726,1.5138,2.5529,3.892,3.2307,2.8295,6.0952,1.156,1.9519,4.2477,1.7397,1.6267,4.2241,1.2862,2.2219,4.2848,0.83434,2.0554,4.2108,2.9652,2.8318,4.5533,5.5338,2.7131,1.2624,1.3292,2.7176,3.7135,0.90366,2.1362,2.9886,2.5308,2.1245,4.563,1.4663,1.6375,3.929,0.62464,2.6254,3.8018,2.0291,1.7753,3.5025,1.1072,2.3896,3.1913,0.15355,2.3079,3.398,1.7638,1.6836,3.4103,1.9098,2.7443,4.1853,1.7901,1.7335,3.4112,1.4327,1.6177,3.9631,0.38191,2.1683,3.1317,2.1097,2.4042,4.479,1.4747,1.707,3.2078,0.82036,1.9562,2.7369,3.2176,2.8337,6.0497,2.0351,1.8128,3.5133,1.0189,2.7274,2.9169,1.8408,2.5892,4.055,0.66458,1.9307,2.8047,1.0742,2.4154,3.1337,1.9196,1.9247,4.5248,1.7351,1.6361,3.8858,0.52974,2.2083,3.7585,1.1922,2.5453,3.7588,0.92498,2.1243,3.1733,2.6556,2.3551,4.4319,2.1412,2.2191,4.7753,1.4949,1.6512,3.9482,1.898,1.9154,4.5069,1.507,2.2185,3.246,0.75157,2.1559,3.069,2.4391,2.4185,4.3888,1.8896,2.5948,4.7439,1.8608,2.6116,4.7282,2.6564,2.3762,4.4648,1.272,2.5386,3.874,1.7414,2.2641,4.3563,1.8379,2.9898,3.7516,0.59615,2.4737,2.5511,1.5169,2.0932,4.6605,2.02,3.0162,3.9422,0.31425,2.4051,3.3308,1.6692,1.572,4.0728,0.68009,2.0659,3.0315,2.2612,2.255,4.6785,0.78579,2.5533,3.1996,0.92506,2.1319,3.1655,6.2812,2.8904,1.7873,2.0317,2.0213,4.6599,2.6211,2.3873,4.4428,2.5558,2.2798,5.0747,1.9724,2.6958,4.2522,1.0748,1.7658,4.0117,4.6497,2.8941,0.50759,0.84265,2.1258,3.002,1.2972,2.0851,4.3319,1.0342,2.1072,3.4615,2.1312,2.6858,4.3641,1.7338,1.5392,4.129,1.2251,2.5379,3.1422,0.78426,2.4734,3.7341,2.087,1.8688,3.6821,1.5531,2.4592,3.4547,1.6208,2.5672,3.6339,1.6173,1.5953,4.2527,1.9304,2.7056,4.389,1.9958,2.7039,4.4662,3.5007,2.7645,6.2589,1.7319,1.5332,4.1263,1.77,1.992,3.4513,2.0633,2.926,4.8794,1.2241,2.5432,3.1823,2.5893,2.4374,4.9277,1.0864,2.6189,4.0622,1.5619,2.4503,3.4655,1.1361,1.8498,4.0696,1.6838,1.5555,4.0571,1.7416,1.9947,3.4193,0.27275,2.9252,3.3337,2.9218,2.3017,4.6615,1.3035,1.9396,4.2222,1.3334,2.646,3.4737,1.4399,2.461,3.3569,1.8799,1.9171,3.6635,1.947,2.4383,4.035,1.0512,2.2918,3.1575,2.5438,2.0003,5.1515,1.2515,2.6428,3.3654,1.396,2.488,3.3092,0.39485,2.9253,3.4428,0.64095,1.8484,2.8013,1.6527,1.9859,4.5048,1.4588,1.7978,4.1498,5.358,2.868,1.671,0.81365,2.0976,2.8121,1.0646,2.6458,4.0611,2.2682,2.54,3.6204,2.5571,2.4179,4.8765,2.8654,2.67,4.571,2.1067,2.5041,4.4641,2.3595,2.1458,4.2557,0.75532,2.0677,3.2728,0.45823,2.445,3.0142,0.59353,2.1523,3.6954,2.3896,2.4483,4.4891,0.87078,2.4447,2.965,1.241,1.6251,4.2795,1.6868,2.022,3.4172,6.0763,2.6735,1.8182,3.4182,2.9179,0.14717,0.84488,2.4046,3.0221,1.6775,1.623,4.06,1.5115,1.8939,3.1776,0.78374,2.4422,2.926,2.1546,2.3344,4.8771,1.2111,2.5691,3.1614,1.0168,1.9483,3.5113,0.44164,1.9767,3.2925,1.7265,2.0145,3.4024,2.3825,2.1342,4.2347,2.1954,2.1414,5.0071,1.2634,1.6793,3.8367,0.6943,1.9774,2.7764,2.2028,2.154,5.0354,2.3593,2.2323,4.5456,1.5762,2.4123,3.9679,4.4105,2.9062,0.33087,1.9508,2.4091,4.0199,0.81822,1.953,4.117,1.2838,2.6173,4.267,3.729,2.8168,6.0199,1.5453,1.6403,3.2993,0.24581,2.3049,3.2968,5.0637,2.9116,1.0046,0.68922,2.7505,3.4064,1.3556,2.5302,3.0358,2.1584,2.0999,4.9394,1.4728,2.0346,4.3978,1.5296,1.6284,3.3063,1.4024,2.907,3.365,0.56492,2.4258,2.8732,0.90686,2.449,3.0383,0.23154,2.6092,3.3268,1.6333,2.306,4.1613,0.57347,2.4273,2.8391,1.0146,2.2627,3.5881,1.396,1.7681,4.2833,0.3135,2.3298,3.3561,1.5255,1.6014,3.3007,0.55109,2.4272,2.864,3.3441,2.8554,2.102,1.9412,2.5584,4.0078,2.0313,2.1976,4.6479,2.4449,2.7634,5.0605,1.9164,1.9094,3.8591,1.2927,1.7342,3.7125,2.1908,2.1259,4.9964,1.3698,2.612,3.9362,1.1384,3.0574,2.9659,4.7477,2.921,0.44229,1.3671,2.7148,4.4265,1.9094,1.9112,3.8793,1.3094,2.6477,2.9438,0.60055,2.7446,3.2298,0.97388,2.9056,4.1557,0.71848,2.5315,2.6972,0.66785,2.0035,2.9135,0.54601,2.4176,3.3839,1.5531,2.1668,4.2908,1.4448,2.721,4.481,0.54645,1.9954,2.9865,2.0013,1.8475,3.802,1.1893,1.7837,3.6926,2.2669,2.677,4.7211,1.3527,1.6364,4.1194,1.3445,2.149,3.1417,0.6026,2.0075,3.0113,0.52533,2.4317,2.6513,1.6498,2.3426,4.1713,2.2889,2.6605,4.7792,0.57221,2.0173,2.9731,1.5744,1.6839,3.3454,0.28108,3.0598,2.154,0.64988,2.5444,2.6419,3.0838,2.7403,6.0898,0.13856,2.8818,2.8253,4.6654,2.9319,0.35993,2.2749,2.3499,3.6166,1.2537,3.0357,4.0859,1.3223,2.3694,3.4622,1.0476,3.0529,3.8851,2.3403,2.2351,3.7552,1.1819,1.7607,3.6932,2.4262,2.3563,4.589,2.5448,2.6865,4.0954,1.3149,2.6728,4.3653,1.9128,1.8566,3.8358,1.2137,2.7072,3.7412,2.3217,2.4391,4.9082,1.6252,2.5736,3.4477,2.1641,2.2328,4.1337,0.76689,1.9199,3.3323,2.2642,2.4046,3.6682,2.2805,2.3923,3.651,2.2366,1.9697,4.9772,2.6,2.2727,4.7822,2.3377,2.2405,3.7683,1.3604,1.5764,3.8753,2.2919,2.6841,4.7761,1.9131,1.8732,3.8438,0.76821,2.1202,4.0577,1.5993,1.7543,4.2428,2.2972,2.67,4.7904,1.4476,2.3872,3.2671,6.0215,2.9046,2.3246,1.8386,1.7819,3.514,1.8923,2.9412,4.186,2.0893,1.9547,4.8345,1.1827,2.5868,4.3489,1.9483,2.1406,4.883,1.6091,1.7147,3.9624,1.6116,2.019,3.3211,1.0969,2.6979,3.647,1.0042,2.7814,3.8889,1.4486,2.4549,3.883,1.1686,2.7167,3.6797,1.8199,1.6769,4.0723,0.93233,2.4535,2.8234,1.9424,2.103,4.4233,0.25832,2.7648,3.0253,1.0556,1.9352,4.268,0.98483,2.3004,3.0875,1.6717,2.4035,4.5936,0.96022,2.0435,2.8566,0.72688,1.9744,2.7313,1.6028,1.7036,3.9668,0.94996,2.4448,2.8482,1.3483,1.5766,3.8439,2.7155,2.5726,4.5845,1.0842,2.1684,3.6015,1.1596,2.7372,3.6787,1.9751,1.9815,4.4919,1.0361,1.9488,4.2444,1.861,1.6888,3.462,1.6575,2.5265,3.992,2.1383,2.545,4.8932,2.1163,2.395,3.6718,1.2669,3.0331,3.4814,1.4525,1.4994,4.2068,0.6248,2.9895,3.6358,1.6107,1.677,4.206,0.73319,1.9909,2.7331,0.71599,2.1966,3.9599,2.6544,2.5957,4.5191,2.0355,2.0992,3.4283,1.4173,2.8352,3.5507,1.0728,2.2523,3.5872,2.558,2.0344,4.5291,1.4762,1.724,4.4194,1.5842,2.574,3.613,2.0561,2.3492,4.1049,2.642,2.3432,4.9324,0.51337,2.5202,3.0413
1051.3,12.772,390.99,16.975,0.13326,4022.4,1.4674,1.7942,4.1134,1.2748,2.2381,4.2543,1.1632,1.9422,4.2491,2.4624,2.6366,4.2908,0.85787,2.0286,4.2751,1.5129,2.5571,3.8916,3.2478,2.8274,6.116,1.1504,1.9488,4.2481,1.7395,1.6211,4.2222,1.2873,2.2217,4.2897,0.8332,2.0555,4.2114,2.9709,2.8314,4.5578,5.5232,2.7078,1.2501,1.3338,2.7108,3.7183,0.89951,2.1358,2.9863,2.5366,2.1313,4.5747,1.4663,1.6376,3.9312,0.62114,2.6299,3.7935,2.031,1.7762,3.5048,1.1035,2.3871,3.1951,0.14159,2.3088,3.3821,1.7619,1.6832,3.4124,1.8979,2.7391,4.1704,1.7906,1.7372,3.4128,1.4293,1.6149,3.9669,0.38131,2.1713,3.1266,2.1161,2.4073,4.487,1.4745,1.7102,3.2085,0.82028,1.9616,2.7365,3.2387,2.8322,6.0722,2.0393,1.8163,3.518,1.0177,2.7296,2.9176,1.8438,2.5907,4.0603,0.66775,1.9349,2.8063,1.0718,2.4131,3.1383,1.9228,1.9253,4.5284,1.7403,1.634,3.8871,0.53335,2.2084,3.7616,1.195,2.5527,3.7619,0.91763,2.1287,3.1657,2.6673,2.3592,4.4459,2.1469,2.2247,4.7834,1.4973,1.6515,3.9509,1.9004,1.9156,4.509,1.5113,2.2224,3.2455,0.74379,2.1609,3.0582,2.4398,2.4214,4.3932,1.8833,2.5943,4.7273,1.8557,2.6129,4.7142,2.6718,2.3822,4.4855,1.271,2.543,3.8683,1.7479,2.2667,4.3619,1.8239,2.9815,3.7361,0.6042,2.475,2.5572,1.5152,2.0985,4.663,2.0102,3.0098,3.9313,0.30752,2.4063,3.322,1.6697,1.568,4.0721,0.67838,2.0672,3.0282,2.2609,2.2544,4.6773,0.7965,2.5474,3.2158,0.91832,2.1358,3.1576,6.2404,2.89,1.7826,2.0359,2.0233,4.6658,2.6322,2.3943,4.46,2.5462,2.2742,5.0629,1.9635,2.6848,4.2419,1.075,1.7586,4.0171,4.65,2.8849,0.50643,0.83954,2.1252,3.0004,1.2979,2.0834,4.337,1.0325,2.1082,3.4595,2.1192,2.6799,4.3492,1.7375,1.5328,4.126,1.23,2.5358,3.1455,0.78706,2.4752,3.7329,2.0889,1.8642,3.6776,1.5472,2.4606,3.4511,1.6197,2.5681,3.6397,1.6141,1.5902,4.2528,1.9189,2.695,4.3752,1.9879,2.6937,4.4576,3.5052,2.7633,6.2619,1.7346,1.5284,4.1232,1.7745,1.9909,3.4522,2.0584,2.925,4.8751,1.2282,2.5417,3.1882,2.5873,2.4371,4.9248,1.0901,2.6178,4.0609,1.5581,2.4508,3.4645,1.1332,1.8504,4.0682,1.6854,1.5511,4.0554,1.7442,1.9937,3.4179,0.27348,2.9238,3.335,2.9245,2.3017,4.6669,1.3022,1.9392,4.2229,1.3378,2.6435,3.4832,1.4382,2.461,3.3572,1.8831,1.9106,3.6583,1.9473,2.4441,4.0382,1.0484,2.2918,3.1561,2.5444,1.9967,5.1514,1.2541,2.6394,3.3722,1.3918,2.4892,3.3069,0.39696,2.924,3.4448,0.63833,1.8503,2.7949,1.649,1.9827,4.5102,1.4586,1.793,4.1513,5.3497,2.8659,1.6624,0.81269,2.0968,2.813,1.0664,2.6481,4.0606,2.2743,2.5395,3.6181,2.5526,2.4162,4.8704,2.8713,2.6679,4.576,2.1049,2.5035,4.4613,2.361,2.15,4.2609,0.75381,2.0737,3.2666,0.46537,2.4432,3.0218,0.59233,2.1525,3.6946,2.3903,2.445,4.4931,0.87746,2.4431,2.9723,1.2399,1.6272,4.2785,1.6849,2.0233,3.415,6.0648,2.6716,1.8057,3.4275,2.9163,0.1573,0.84871,2.4005,3.0311,1.6785,1.6228,4.0588,1.5125,1.896,3.1772,0.78423,2.441,2.9284,2.1546,2.334,4.8733,1.214,2.5699,3.1665,1.0174,1.9472,3.5119,0.43428,1.9763,3.2978,1.7279,2.0151,3.399,2.3826,2.139,4.2385,2.1988,2.1403,5.0082,1.2613,1.6756,3.838,0.69507,1.9776,2.7776,2.2066,2.1536,5.0384,2.362,2.2352,4.5506,1.5765,2.419,3.9679,4.4209,2.8992,0.34207,1.951,2.4143,4.0218,0.81665,1.9534,4.1155,1.2919,2.6202,4.2715,3.7404,2.8147,0.076524,1.5462,1.642,3.3001,0.2404,2.3045,3.29,5.0609,2.9054,1.0033,0.69211,2.7488,3.4097,1.3606,2.5321,3.0395,2.1603,2.097,4.9378,1.4725,2.0288,4.4009,1.5299,1.6278,3.3075,1.4045,2.906,3.3664,0.57264,2.4239,2.884,0.90317,2.4492,3.0385,0.23141,2.6086,3.3253,1.6351,2.3091,4.164,0.58093,2.4262,2.847,1.0106,2.2712,3.5812,1.3961,1.7665,4.2818,0.31319,2.3315,3.3539,1.5253,1.5999,3.3017,0.55727,2.4258,2.8731,3.3656,2.8533,5.9612,1.9364,2.5572,4.0055,2.0352,2.1981,4.6514,2.4256,2.7614,5.0383,1.9172,1.9048,3.8564,1.2918,1.7301,3.7136,2.1939,2.1236,4.9972,1.3684,2.6105,3.9323,1.1367,3.0566,2.9637,4.7542,2.9159,0.44796,1.3756,2.7158,4.4346,1.9094,1.909,3.8795,1.313,2.6486,2.9487,0.61321,2.7428,3.2443,0.98129,2.905,4.1629,0.73001,2.5326,2.7068,0.66736,2.0074,2.9109,0.54637,2.4176,3.3819,1.5521,2.1645,4.2954,1.4562,2.7224,4.4901,0.54148,1.9972,2.9789,2.0021,1.845,3.802,1.1888,1.78,3.6953,2.2572,2.6743,4.7072,1.351,1.642,4.1159,1.3415,2.1481,3.1402,0.6009,2.0117,3.0056,0.52836,2.4308,2.656,1.654,2.3498,4.1746,2.2794,2.6559,4.767,0.56779,2.0206,2.9645,1.5748,1.6824,3.3467,0.25729,3.0608,2.128,0.65387,2.5465,2.6445,3.0945,2.7394,6.1018,0.15514,2.882,2.8424,4.6684,2.9286,0.36251,2.2709,2.3445,3.6073,1.2633,3.0316,4.0981,1.3149,2.3751,3.4567,1.0546,3.051,3.8951,2.3383,2.235,3.7511,1.1813,1.7553,3.6963,2.426,2.3572,4.5896,2.54,2.6887,4.0972,1.3176,2.672,4.3659,1.9135,1.8484,3.8316,1.2172,2.7018,3.7443,2.3152,2.4357,4.897,1.6264,2.5701,3.4574,2.1642,2.2363,4.1362,0.76526,1.9212,3.3295,2.2586,2.404,3.6626,2.2762,2.3904,3.6442,2.2398,1.9721,4.98,2.5975,2.2717,4.7812,2.3354,2.2409,3.7655,1.3594,1.5758,3.8774,2.2834,2.6812,4.7651,1.9141,1.8673,3.8401,0.76833,2.1183,4.0635,1.5992,1.7497,4.2418,2.2881,2.6666,4.7789,1.4476,2.3872,3.2672,6.0305,2.9062,2.3351,1.8381,1.7806,3.5158,1.8857,2.9361,4.1774,2.0944,1.9543,4.8388,1.1863,2.5866,4.3528,1.951,2.1397,4.883,1.6091,1.7096,3.9623,1.6121,2.0196,3.318,1.0995,2.6937,3.649,1.0075,2.7793,3.8903,1.4521,2.4571,3.8855,1.1701,2.7126,3.6799,1.8187,1.6698,4.0716,0.93317,2.4533,2.8254,1.9446,2.105,4.4256,0.26709,2.7623,3.0335,1.0544,1.9339,4.2686,0.98573,2.2987,3.0906,1.6734,2.4035,4.594,0.95914,2.0413,2.8574,0.72605,1.9732,2.7311,1.6021,1.6987,3.9668,0.95139,2.444,2.8515,1.3467,1.5754,3.8443,2.7137,2.5719,4.5829,1.0838,2.1702,3.6003,1.1608,2.7348,3.6791,1.9749,1.9808,4.4925,1.0343,1.9479,4.2444,1.8615,1.6896,3.4624,1.6572,2.5281,3.9914,2.1395,2.5443,4.8914,2.1145,2.3957,3.6699,1.2697,3.0311,3.4835,1.4529,1.4999,4.2053,0.62345,2.9891,3.6352,1.6106,1.6737,4.2045,0.7328,1.99,2.7331,0.71725,2.197,3.9603,2.653,2.5952,4.5184,2.0373,2.0976,3.4272,1.4195,2.8316,3.5528,1.0718,2.2556,3.5847,2.5594,2.0361,4.5321,1.4756,1.7235,4.4195,1.5832,2.5732,3.6147,2.0559,2.3523,4.1067,2.6399,2.3422,4.9298,0.51608,2.52,3.0445
1051.3,12.772,390.99,16.975,0.1411,4040.3,1.4634,1.7907,4.1102,1.2756,2.2388,4.257,1.1582,1.939,4.2491,2.4605,2.635,4.2911,0.85771,2.0277,4.2773,1.5121,2.5613,3.891,3.2651,2.825,6.1369,1.1446,1.9456,4.2483,1.7394,1.6156,4.2203,1.2883,2.2214,4.2945,0.83209,2.0558,4.212,2.9767,2.8309,4.5624,5.5126,2.7022,1.2375,1.3382,2.7045,3.7228,0.89521,2.1354,2.9838,2.5429,2.1385,4.587,1.4663,1.6382,3.9335,0.61731,2.6345,3.7848,2.033,1.7772,3.5072,1.0991,2.385,3.1983,0.12893,2.3095,3.3652,1.7599,1.6827,3.4146,1.8867,2.7339,4.1561,1.7911,1.7409,3.4145,1.4261,1.6123,3.9708,0.38061,2.1745,3.121,2.1227,2.4105,4.4954,1.4742,1.7135,3.2093,0.82017,1.9672,2.7362,3.2617,2.8304,6.0975,2.0438,1.8199,3.5231,1.0162,2.732,2.9178,1.8471,2.5924,4.0659,0.67097,1.9395,2.808,1.0691,2.4109,3.1431,1.9263,1.926,4.5322,1.7456,1.632,3.8885,0.53748,2.2085,3.765,1.1984,2.5604,3.7657,0.90992,2.1332,3.1579,2.6796,2.3632,4.4605,2.1529,2.2306,4.7919,1.4999,1.6518,3.9536,1.9034,1.9159,4.5113,1.5161,2.2265,3.245,0.73572,2.166,3.0471,2.4403,2.4242,4.3975,1.8766,2.5938,4.7094,1.8506,2.6143,4.6996,2.6888,2.3881,4.5081,1.2701,2.5476,3.8627,1.7548,2.2692,4.3677,1.8105,2.9727,3.7212,0.61252,2.4765,2.5633,1.5133,2.1043,4.6651,2.0002,3.0028,3.9203,0.30046,2.4072,3.3131,1.6702,1.5639,4.0713,0.67669,2.0681,3.0252,2.2603,2.2536,4.6756,0.80735,2.541,3.2329,0.9117,2.1395,3.1498,6.2451,2.8895,1.7789,2.0405,2.0252,4.6718,2.6442,2.4011,4.4781,2.5366,2.2682,5.0508,1.9549,2.6736,4.232,1.0751,1.751,4.0228,4.6503,2.8756,0.50545,0.83649,2.1245,2.9991,1.2988,2.0814,4.3422,1.0308,2.1091,3.4576,2.107,2.6735,4.3341,1.7414,1.5258,4.1228,1.2347,2.5337,3.1488,0.78997,2.4768,3.7319,2.0908,1.8596,3.6731,1.5411,2.4618,3.4472,1.6189,2.5687,3.6462,1.6107,1.5852,4.2528,1.9074,2.6835,4.3611,1.98,2.6828,4.4489,3.5092,2.7621,6.2645,1.7373,1.5234,4.1199,1.7789,1.9898,3.4532,2.0531,2.9237,4.8704,1.2321,2.5401,3.1938,2.5853,2.4368,4.922,1.0937,2.6165,4.0594,1.5542,2.4512,3.4635,1.1303,1.8506,4.067,1.6871,1.5468,4.0536,1.7467,1.9926,3.4167,0.27465,2.9223,3.3366,2.927,2.3017,4.6719,1.3008,1.9388,4.2234,1.3423,2.641,3.4928,1.4367,2.4609,3.3575,1.8865,1.9038,3.6531,1.9476,2.4496,4.0414,1.0456,2.2915,3.1547,2.5446,1.9931,5.151,1.2571,2.6361,3.3795,1.3878,2.4904,3.3046,0.39878,2.9226,3.4466,0.6358,1.852,2.7889,1.6452,1.9794,4.5151,1.4583,1.788,4.1528,5.3419,2.8638,1.6546,0.81175,2.0961,2.8139,1.068,2.6503,4.0602,2.2802,2.5389,3.6157,2.5482,2.4147,4.8645,2.877,2.6657,4.5809,2.1032,2.503,4.4588,2.3625,2.1542,4.2661,0.75203,2.0795,3.2603,0.4722,2.4416,3.0291,0.59107,2.1526,3.6937,2.3911,2.4419,4.4971,0.88395,2.4416,2.9793,1.2388,1.6294,4.2772,1.6831,2.0245,3.4128,6.0538,2.6697,1.7939,3.4361,2.9148,0.16702,0.85195,2.3966,3.0392,1.6793,1.6226,4.0577,1.5133,1.8981,3.1767,0.7845,2.4398,2.9306,2.1548,2.3337,4.8699,1.2167,2.5707,3.1713,1.0179,1.946,3.5125,0.42704,1.9761,3.303,1.7293,2.0157,3.3957,2.3827,2.1438,4.2425,2.202,2.1391,5.0091,1.2591,1.672,3.8391,0.69583,1.9778,2.7788,2.2104,2.1532,5.0413,2.3645,2.2381,4.5555,1.5767,2.4253,3.9678,4.4307,2.8923,0.35282,1.9511,2.4193,4.0237,0.81512,1.9537,4.114,1.2999,2.623,4.2761,3.7513,2.8126,0.022202,1.547,1.6437,3.3008,0.23515,2.304,3.2835,5.0585,2.8991,1.0026,0.69443,2.7473,3.4125,1.3653,2.5339,3.043,2.1623,2.0941,4.9364,1.4722,2.023,4.404,1.5301,1.6271,3.3087,1.4066,2.9051,3.3679,0.58016,2.4219,2.8946,0.89948,2.4494,3.0387,0.23107,2.608,3.3236,1.6368,2.3118,4.1668,0.58804,2.4251,2.8546,1.0065,2.2796,3.5743,1.396,1.7653,4.2802,0.31292,2.333,3.352,1.525,1.5984,3.3026,0.56314,2.4245,2.8818,3.3858,2.8512,0.12218,1.9316,2.556,4.0031,2.0391,2.1984,4.6548,2.4065,2.7594,5.016,1.9178,1.9002,3.8538,1.2908,1.7263,3.7146,2.1968,2.1212,4.9978,1.3672,2.6091,3.9287,1.1348,3.0559,2.9612,4.7606,2.9108,0.45379,1.384,2.7167,4.4426,1.9094,1.907,3.8798,1.3164,2.6494,2.9533,0.62523,2.741,3.2581,0.9887,2.9043,4.1702,0.74141,2.5337,2.7163,0.66701,2.011,2.9087,0.5467,2.4176,3.38,1.5511,2.1622,4.2998,1.4672,2.7238,4.4989,0.53672,1.9989,2.9715,2.0028,1.8428,3.802,1.1883,1.7766,3.6978,2.2483,2.6717,4.6943,1.3492,1.6475,4.1125,1.3384,2.1473,3.1387,0.59926,2.0158,3.0002,0.5312,2.4301,2.6604,1.6581,2.3567,4.1778,2.2705,2.6514,4.7552,0.56362,2.0235,2.9565,1.5751,1.6812,3.3479,0.23376,3.0618,2.1024,0.65747,2.5487,2.6469,3.1046,2.7383,6.1131,0.16881,2.8822,2.8584,4.6716,2.9256,0.36536,2.2673,2.3392,3.5985,1.2717,3.0277,4.1086,1.3081,2.3802,3.4517,1.061,3.0492,3.9043,2.3364,2.2349,3.7472,1.1806,1.7501,3.6991,2.4258,2.358,4.5901,2.5351,2.6906,4.0988,1.3202,2.6713,4.3664,1.9141,1.8404,3.8277,1.2204,2.6966,3.7472,2.3092,2.4326,4.8865,1.6276,2.5668,3.4665,2.1643,2.2396,4.1386,0.76368,1.9224,3.3268,2.2534,2.4032,3.6574,2.2722,2.3886,3.6376,2.2427,1.9741,4.9823,2.5952,2.2707,4.7802,2.3334,2.2413,3.7628,1.3586,1.5751,3.8794,2.2756,2.6784,4.7549,1.915,1.8617,3.8366,0.76846,2.1164,4.0689,1.5992,1.7453,4.2408,2.2795,2.6634,4.7679,1.4476,2.3872,3.2673,6.0393,2.9076,2.3453,1.8377,1.7794,3.5175,1.8795,2.9312,4.1693,2.0991,1.9538,4.8427,1.1897,2.5865,4.3563,1.9535,2.1388,4.8829,1.6091,1.7048,3.9621,1.6126,2.0202,3.3153,1.102,2.6898,3.6509,1.0105,2.7774,3.8914,1.4553,2.4589,3.888,1.1716,2.7087,3.6801,1.8175,1.6632,4.0709,0.93393,2.453,2.8272,1.9468,2.1069,4.4276,0.27508,2.7601,3.0409,1.0535,1.9327,4.2693,0.98651,2.2972,3.0935,1.675,2.4034,4.5943,0.95818,2.0391,2.8584,0.7253,1.972,2.7309,1.6016,1.6943,3.9668,0.95269,2.4434,2.8544,1.3452,1.5743,3.8448,2.7121,2.5712,4.5815,1.0836,2.1719,3.5991,1.1619,2.7327,3.6795,1.9747,1.9803,4.493,1.0328,1.9471,4.2446,1.862,1.6903,3.4628,1.6569,2.5294,3.9909,2.1407,2.5438,4.8897,2.1129,2.3964,3.6682,1.2724,3.0293,3.4854,1.4533,1.5003,4.2041,0.62211,2.9888,3.6345,1.6107,1.6708,4.2033,0.73247,1.9892,2.7331,0.71839,2.1975,3.9608,2.6518,2.5947,4.5177,2.0389,2.0961,3.4262,1.4215,2.8282,3.5548,1.0709,2.2585,3.5824,2.5606,2.0375,4.5347,1.4749,1.723,4.4196,1.5824,2.5724,3.6162,2.0557,2.3551,4.1083,2.6382,2.3413,4.9275,0.51851,2.5198,3.0475
1051.3,12.772,390.99,16.975,0.14894,4047.3,1.4593,1.7867,4.1071,1.2766,2.2394,4.2598,1.1532,1.9361,4.249,2.4585,2.6333,4.2915,0.85744,2.027,4.2795,1.5111,2.5657,3.8903,3.2826,2.8224,6.1582,1.1388,1.9425,4.2485,1.7394,1.6101,4.2184,1.2896,2.2211,4.2995,0.831,2.0563,4.2127,2.9822,2.8304,4.5669,5.5017,2.6963,1.2248,1.3426,2.6985,3.7274,0.89057,2.1351,2.9809,2.55,2.1461,4.6006,1.4666,1.6394,3.936,0.6133,2.6394,3.7752,2.035,1.7784,3.5098,1.0935,2.3833,3.2007,0.11514,2.31,3.347,1.7577,1.6822,3.4171,1.8759,2.7291,4.1423,1.7917,1.7448,3.4165,1.423,1.61,3.9751,0.37953,2.1782,3.1145,2.1302,2.4143,4.5047,1.474,1.7172,3.2101,0.81995,1.9736,2.7355,3.2883,2.8282,6.123,2.049,1.824,3.5294,1.014,2.7349,2.9175,1.8509,2.5946,4.0722,0.67429,1.9447,2.8093,1.066,2.4087,3.1481,1.9301,1.9268,4.5364,1.7515,1.6298,3.8902,0.54224,2.2086,3.769,1.2021,2.5692,3.7699,0.90119,2.1383,3.149,2.6932,2.3675,4.4766,2.1596,2.2377,4.8019,1.5029,1.6525,3.9566,1.9068,1.9165,4.514,1.5216,2.2309,3.2446,0.72686,2.1714,3.035,2.441,2.4272,4.4023,1.8688,2.5932,4.6892,1.8452,2.616,4.6838,2.7086,2.3942,4.5341,1.269,2.5532,3.8565,1.7627,2.272,4.3738,1.7972,2.9631,3.7062,0.62136,2.4783,2.5696,1.5108,2.111,4.6667,1.9897,2.995,3.9087,0.29221,2.4079,3.3029,1.6708,1.5593,4.0702,0.67502,2.0686,3.0224,2.259,2.2522,4.6727,0.81913,2.5333,3.2519,0.90449,2.1435,3.1412,6.2412,2.8889,1.7762,2.0455,2.027,4.6781,2.6574,2.4082,4.4981,2.5259,2.2613,5.0371,1.9461,2.6617,4.2219,1.0751,1.7417,4.0297,4.6518,2.8656,0.50646,0.83382,2.1233,2.9989,1.2999,2.0791,4.3475,1.029,2.11,3.4557,2.0936,2.6661,4.3176,1.7457,1.5171,4.1187,1.2395,2.5312,3.1521,0.79314,2.4779,3.7313,2.0927,1.8546,3.6682,1.5347,2.4626,3.4432,1.6188,2.5683,3.6539,1.6065,1.5796,4.2528,1.8952,2.6706,4.3462,1.9714,2.6704,4.4396,3.5124,2.7609,6.2663,1.7401,1.5179,4.1164,1.7831,1.9884,3.454,2.0472,2.9222,4.8653,1.2359,2.5383,3.1993,2.5833,2.4365,4.919,1.0972,2.6148,4.058,1.5505,2.4514,3.4625,1.1275,1.8501,4.0662,1.6889,1.5424,4.0518,1.749,1.9913,3.4154,0.27655,2.921,3.3391,2.9292,2.3017,4.6763,1.2995,1.9384,4.2241,1.3474,2.6378,3.5032,1.4352,2.4608,3.3578,1.8897,1.8965,3.6475,1.9479,2.4547,4.0444,1.043,2.291,3.1535,2.5445,1.9895,5.1501,1.261,2.6319,3.3878,1.384,2.4913,3.3024,0.40047,2.9213,3.4482,0.63339,1.8535,2.7834,1.6415,1.9762,4.5196,1.4579,1.783,4.1545,5.3352,2.8619,1.6477,0.81092,2.0955,2.8147,1.0695,2.6524,4.0599,2.2856,2.5382,3.6136,2.5441,2.4132,4.859,2.8822,2.6637,4.5855,2.1017,2.5026,4.4564,2.3639,2.1581,4.271,0.7501,2.0849,3.2543,0.47852,2.44,3.0359,0.58981,2.1525,3.693,2.3919,2.4392,4.5011,0.89004,2.4401,2.986,1.2376,1.6314,4.2759,1.6813,2.0257,3.4107,6.044,2.6678,1.7833,3.4436,2.9135,0.17537,0.85461,2.3932,3.0466,1.6801,1.6225,4.0568,1.514,1.9,3.1764,0.78458,2.4387,2.9324,2.1549,2.3334,4.8668,1.2189,2.5714,3.1758,1.0183,1.9448,3.5131,0.42034,1.9761,3.3079,1.7304,2.0163,3.3926,2.3828,2.1482,4.2463,2.2049,2.1379,5.0099,1.2569,1.6689,3.8401,0.69653,1.9781,2.7797,2.2139,2.1529,5.0441,2.3669,2.2408,4.56,1.5769,2.4312,3.9678,4.4396,2.8857,0.36275,1.9512,2.424,4.0255,0.81363,1.9542,4.1124,1.3075,2.6256,4.2806,3.7614,2.8107,0.05245,1.5478,1.6452,3.3015,0.23014,2.3036,3.2775,5.0565,2.8931,1.0026,0.6962,2.7459,3.4145,1.3694,2.5356,3.0462,2.1641,2.0913,4.9351,1.472,2.0176,4.4068,1.5304,1.6265,3.3097,1.4088,2.9042,3.3696,0.5871,2.4201,2.9044,0.89587,2.4497,3.0386,0.23039,2.6075,3.3217,1.6384,2.3143,4.1694,0.59449,2.424,2.8616,1.0024,2.2874,3.5677,1.396,1.7642,4.2786,0.31266,2.3344,3.3502,1.5247,1.597,3.3035,0.56843,2.4234,2.8898,3.4042,2.8492,0.020404,1.9269,2.5549,4.0008,2.0426,2.1987,4.6579,2.3882,2.7574,4.9945,1.9183,1.8958,3.8515,1.2898,1.723,3.7156,2.1994,2.119,4.9984,1.3661,2.6079,3.9254,1.1329,3.0553,2.9589,4.7669,2.9058,0.45954,1.3919,2.7175,4.4504,1.9094,1.9052,3.8801,1.3193,2.6501,2.9576,0.63626,2.7394,3.2709,0.99585,2.9034,4.1773,0.75214,2.5349,2.7252,0.66678,2.0144,2.9068,0.54697,2.4175,3.3784,1.5501,2.1599,4.3039,1.4772,2.725,4.507,0.53233,2.0004,2.9648,2.0034,1.8406,3.802,1.1878,1.7735,3.7002,2.2406,2.6692,4.6829,1.3475,1.6526,4.1093,1.3355,2.1465,3.1374,0.59775,2.0196,2.9952,0.53375,2.4294,2.6644,1.6619,2.3631,4.1809,2.2624,2.6472,4.7443,0.55982,2.0262,2.9492,1.5754,1.6801,3.349,0.21151,3.0626,2.0783,0.66063,2.5507,2.6488,3.1136,2.7373,6.1233,0.18144,2.8823,2.8726,4.6748,2.9228,0.36832,2.264,2.3342,3.5904,1.2788,3.024,4.1177,1.3018,2.3848,3.4472,1.0664,3.0474,3.9123,2.3346,2.2349,3.7437,1.18,1.7454,3.7016,2.4257,2.3586,4.5904,2.5304,2.6921,4.1,1.3226,2.6707,4.3667,1.9147,1.8328,3.8242,1.2234,2.6918,3.7499,2.304,2.4298,4.8772,1.6286,2.5637,3.4748,2.1645,2.2427,4.1408,0.76225,1.9236,3.3243,2.2485,2.4025,3.6527,2.2685,2.3869,3.6317,2.2451,1.9759,4.9841,2.593,2.2698,4.7791,2.3315,2.2417,3.7604,1.3579,1.5745,3.8812,2.2686,2.6758,4.7458,1.9157,1.8565,3.8333,0.76859,2.1146,4.0738,1.5992,1.7413,4.2399,2.2717,2.6603,4.7579,1.4476,2.3872,3.2674,6.0474,2.9089,2.3545,1.8374,1.7782,3.519,1.874,2.9268,4.1622,2.1033,1.9534,4.8462,1.1925,2.5864,4.3593,1.9556,2.1379,4.8828,1.6091,1.7004,3.9619,1.6132,2.0207,3.3129,1.1044,2.6861,3.6526,1.0132,2.7756,3.8923,1.4581,2.4604,3.8904,1.1729,2.705,3.6801,1.8165,1.6573,4.0703,0.93458,2.4528,2.8287,1.9487,2.1084,4.4294,0.28195,2.758,3.0472,1.0526,1.9315,4.2699,0.98721,2.2958,3.096,1.6765,2.4033,4.5945,0.95739,2.0372,2.8593,0.72467,1.9711,2.7308,1.6012,1.6903,3.9668,0.95378,2.4428,2.8568,1.344,1.5733,3.8452,2.7107,2.5706,4.5803,1.0833,2.1733,3.598,1.1629,2.7308,3.6799,1.9746,1.9797,4.4934,1.0316,1.9463,4.2448,1.8624,1.6909,3.4632,1.6566,2.5306,3.9905,2.1417,2.5432,4.8883,2.1115,2.3969,3.6667,1.2746,3.0278,3.487,1.4536,1.5005,4.203,0.62092,2.9885,3.6339,1.6107,1.6682,4.2021,0.7322,1.9883,2.7332,0.71937,2.1979,3.9611,2.6507,2.5943,4.5171,2.0403,2.0948,3.4253,1.4232,2.8255,3.5564,1.0701,2.261,3.5805,2.5616,2.0387,4.5371,1.4744,1.7225,4.4197,1.5817,2.5718,3.6174,2.0556,2.3575,4.1098,2.6367,2.3404,4.9256,0.5206,2.5195,3.0499
1051.3,12.772,390.99,16.975,0.15677,4046.8,1.455,1.7824,4.1042,1.2777,2.2401,4.2628,1.1482,1.9332,4.2486,2.4567,2.6315,4.2921,0.8571,2.0266,4.2813,1.5102,2.5701,3.8895,3.3005,2.8194,6.1807,1.1328,1.9395,4.2486,1.7395,1.6048,4.2164,1.2908,2.2211,4.3045,0.82994,2.0573,4.2133,2.9876,2.8298,4.5715,5.4905,2.6901,1.2117,1.3465,2.6934,3.7316,0.88567,2.1351,2.9776,2.5579,2.1541,4.6153,1.4667,1.6412,3.9386,0.60867,2.6449,3.7645,2.037,1.7798,3.5124,1.0866,2.3821,3.2016,0.10029,2.3105,3.327,1.7554,1.6817,3.4198,1.866,2.7249,4.1293,1.7923,1.7487,3.4185,1.4199,1.6081,3.9792,0.37822,2.1821,3.1074,2.1384,2.4184,4.5151,1.474,1.7213,3.2111,0.81967,1.9801,2.735,3.3185,2.8252,6.1631,2.0549,1.8285,3.5367,1.0112,2.7383,2.9167,1.8553,2.5971,4.0791,0.67768,1.9502,2.8106,1.0622,2.4065,3.153,1.9343,1.9276,4.541,1.7578,1.6277,3.8922,0.54777,2.2086,3.7736,1.2067,2.5778,3.7753,0.8918,2.1435,3.1396,2.7083,2.3721,4.4941,2.1669,2.2456,4.8131,1.5062,1.653,3.9596,1.9109,1.9171,4.5171,1.528,2.2359,3.2445,0.71807,2.1766,3.0234,2.4413,2.43,4.407,1.8603,2.5924,4.6669,1.8394,2.6177,4.6667,2.7304,2.4001,4.5625,1.2677,2.5591,3.8495,1.7713,2.2747,4.38,1.7844,2.9529,3.6919,0.63063,2.4801,2.5762,1.5077,2.1183,4.6673,1.9794,2.9863,3.8972,0.28298,2.4083,3.2918,1.6715,1.5544,4.069,0.67344,2.0688,3.0202,2.2571,2.2506,4.669,0.83069,2.5246,3.2714,0.89744,2.1473,3.1331,6.2416,2.8883,1.7749,2.0508,2.0287,4.6846,2.6713,2.4149,4.5193,2.5155,2.2537,5.0234,1.9378,2.6498,4.2121,1.075,1.7314,4.0374,4.6538,2.8558,0.50875,0.83143,2.122,2.9995,1.3012,2.0766,4.3527,1.0272,2.1108,3.4537,2.0798,2.6582,4.3004,1.7504,1.507,4.1142,1.2441,2.5284,3.1554,0.7965,2.4787,3.731,2.0944,1.8494,3.6633,1.528,2.463,3.4393,1.6193,2.567,3.6628,1.6018,1.5741,4.253,1.8831,2.6571,4.3311,1.9629,2.6572,4.4298,3.515,2.76,6.2673,1.7428,1.5121,4.1127,1.7871,1.9867,3.4548,2.0408,2.9203,4.8597,1.2396,2.5364,3.2045,2.5812,2.436,4.9159,1.1006,2.6128,4.0568,1.5466,2.4512,3.4616,1.1248,1.8491,4.0658,1.6905,1.538,4.05,1.7512,1.9901,3.4142,0.27895,2.9196,3.342,2.931,2.3016,4.6802,1.298,1.938,4.2247,1.3528,2.6343,3.5138,1.4338,2.4606,3.358,1.8928,1.8888,3.6419,1.9481,2.4592,4.0471,1.0407,2.2902,3.1528,2.5444,1.986,5.149,1.2659,2.6275,3.3971,1.3804,2.492,3.3003,0.40205,2.9201,3.4497,0.63117,1.8547,2.7786,1.638,1.9733,4.5235,1.4574,1.7779,4.1563,5.3293,2.8602,1.6417,0.81017,2.0949,2.8156,1.0708,2.6542,4.0597,2.2905,2.5374,3.6116,2.5403,2.4117,4.8538,2.8871,2.6617,4.5896,2.1004,2.5022,4.4543,2.3652,2.1617,4.2755,0.74807,2.0897,3.2485,0.48431,2.4386,3.0421,0.58855,2.1525,3.6924,2.3927,2.4366,4.5047,0.89558,2.4387,2.9922,1.2365,1.6332,4.2747,1.6797,2.0268,3.4089,6.035,2.666,1.7737,3.4497,2.9122,0.18245,0.85658,2.39,3.0528,1.6808,1.6223,4.0559,1.5146,1.9017,3.1759,0.78453,2.4378,2.9338,2.1551,2.3333,4.864,1.221,2.572,3.18,1.0186,1.9437,3.5137,0.41419,1.9761,3.3124,1.7315,2.0168,3.3897,2.383,2.1525,4.2499,2.2076,2.1368,5.0106,1.2549,1.666,3.8408,0.69718,1.9784,2.7806,2.2169,2.1524,5.0465,2.3692,2.2434,4.5641,1.5772,2.4365,3.9676,4.4478,2.8798,0.37191,1.9513,2.4284,4.0273,0.81228,1.9547,4.1109,1.3148,2.628,4.285,3.7706,2.809,0.054765,1.5486,1.6467,3.3021,0.22545,2.3031,3.272,5.0552,2.8875,1.0032,0.69742,2.7447,3.4159,1.3732,2.5371,3.0492,2.1659,2.0888,4.9339,1.4718,2.0125,4.4093,1.5305,1.6259,3.3107,1.4109,2.9034,3.3713,0.59345,2.4184,2.9134,0.89252,2.4499,3.0386,0.22951,2.6071,3.3197,1.6399,2.3165,4.1718,0.6003,2.4231,2.8678,0.99852,2.2947,3.5613,1.396,1.7632,4.2771,0.3124,2.3358,3.3489,1.5245,1.5956,3.3044,0.57322,2.4224,2.8969,3.4208,2.8474,0.088507,1.9225,2.554,3.9985,2.0459,2.1989,4.6608,2.371,2.7553,4.9742,1.9187,1.8915,3.8494,1.2888,1.72,3.7165,2.2018,2.1169,4.9989,1.3653,2.6068,3.9227,1.131,3.0548,2.9567,4.7727,2.9011,0.4651,1.3993,2.7181,4.4576,1.9094,1.9036,3.8804,1.3222,2.6508,2.9614,0.6461,2.7379,3.2822,1.0026,2.9025,4.184,0.76213,2.5361,2.7334,0.66668,2.0174,2.9053,0.54721,2.4174,3.3769,1.549,2.1576,4.3077,1.4863,2.7259,4.5144,0.52835,2.0018,2.9587,2.0039,1.8386,3.8021,1.1873,1.7708,3.7022,2.2341,2.6671,4.6731,1.3459,1.6571,4.1064,1.3328,2.1457,3.1362,0.59635,2.0229,2.9908,0.53603,2.4288,2.668,1.6654,2.3687,4.1836,2.255,2.6433,4.7345,0.55648,2.0286,2.9428,1.5756,1.6791,3.3501,0.19097,3.0633,2.0561,0.66337,2.5526,2.6504,3.1217,2.7363,6.1324,0.19261,2.8823,2.8853,4.6779,2.9203,0.37132,2.2612,2.3295,3.5833,1.2846,3.0206,4.1254,1.2963,2.3885,3.4434,1.0711,3.0458,3.9192,2.3329,2.2349,3.7405,1.1795,1.7413,3.7039,2.4254,2.3592,4.5906,2.526,2.6933,4.1009,1.3246,2.6701,4.367,1.9151,1.8258,3.8209,1.2261,2.6874,3.7522,2.2995,2.4273,4.8691,1.6296,2.561,3.4823,2.1646,2.2454,4.1429,0.76095,1.9248,3.322,2.2443,2.4019,3.6483,2.2652,2.3854,3.6264,2.2471,1.9773,4.9855,2.5911,2.2689,4.7781,2.3296,2.242,3.7581,1.3573,1.5739,3.8828,2.2626,2.6735,4.738,1.9164,1.8517,3.8304,0.76874,2.113,4.0782,1.5992,1.7378,4.2392,2.2647,2.6575,4.749,1.4476,2.3872,3.2674,6.0547,2.9101,2.3629,1.8372,1.7772,3.5203,1.8692,2.9229,4.156,2.1071,1.9528,4.8492,1.1949,2.5861,4.3619,1.9573,2.1371,4.8825,1.6092,1.6966,3.9617,1.6138,2.0211,3.3108,1.1064,2.6828,3.6541,1.0155,2.7741,3.8932,1.4607,2.4616,3.8925,1.1741,2.7018,3.6802,1.8155,1.6521,4.0698,0.93514,2.4526,2.8301,1.9502,2.1097,4.431,0.28786,2.7561,3.0526,1.0518,1.9306,4.2705,0.98779,2.2946,3.0981,1.6777,2.4033,4.5947,0.95671,2.0354,2.8601,0.72413,1.9702,2.7307,1.6007,1.687,3.9668,0.95471,2.4423,2.8589,1.3429,1.5722,3.8455,2.7095,2.5701,4.5793,1.083,2.1745,3.5972,1.1636,2.7292,3.6802,1.9745,1.9792,4.4937,1.0306,1.9456,4.245,1.8627,1.6914,3.4635,1.6563,2.5316,3.9901,2.1426,2.5426,4.8871,2.1103,2.3974,3.6655,1.2764,3.0266,3.4884,1.4539,1.5006,4.202,0.61988,2.9883,3.6333,1.6107,1.666,4.2011,0.73197,1.9876,2.7332,0.72023,2.1982,3.9614,2.6498,2.594,4.5166,2.0413,2.0936,3.4245,1.4247,2.8231,3.5579,1.0694,2.2631,3.5788,2.5625,2.0399,4.539,1.474,1.7222,4.4197,1.581,2.5712,3.6185,2.0555,2.3596,4.111,2.6354,2.3397,4.9239,0.52237,2.5193,3.052
1051.3,12.772,390.99,16.975,0.16461,4041.0,1.4506,1.7781,4.1013,1.2788,2.2406,4.2657,1.1432,1.9305,4.248,2.455,2.6297,4.2929,0.85673,2.0264,4.2828,1.5091,2.5744,3.8886,3.3187,2.816,6.2016,1.1269,1.9366,4.2484,1.7396,1.6001,4.2144,1.2921,2.2213,4.3095,0.8289,2.0584,4.214,2.9929,2.8291,4.5761,5.479,2.6835,1.1984,1.35,2.6895,3.7354,0.88061,2.1352,2.9742,2.5666,2.1624,4.631,1.4669,1.6433,3.9413,0.60308,2.6507,3.7525,2.0389,1.7813,3.5151,1.0778,2.3817,3.2006,0.083748,2.3108,3.3052,1.753,1.6811,3.4227,1.8571,2.7216,4.1176,1.7931,1.7527,3.4207,1.4169,1.6067,3.983,0.37682,2.186,3.1001,2.1472,2.4226,4.5261,1.4739,1.7261,3.2122,0.81929,1.9863,2.7349,3.3522,2.8214,6.1801,2.0614,1.8332,3.5447,1.0084,2.7421,2.9157,1.8601,2.6,4.0867,0.68109,1.9559,2.812,1.0576,2.4045,3.1576,1.9393,1.9284,4.5461,1.7646,1.626,3.8944,0.55416,2.2085,3.7791,1.2125,2.5857,3.7823,0.88202,2.1488,3.1299,2.7245,2.3768,4.513,2.1749,2.254,4.8251,1.5096,1.6529,3.9625,1.9157,1.9176,4.5205,1.5355,2.2413,3.2448,0.71006,2.1808,3.0135,2.441,2.4323,4.4112,1.8511,2.5914,4.643,1.8336,2.6195,4.6488,2.7536,2.4049,4.5925,1.2663,2.5646,3.8419,1.7804,2.2769,4.3862,1.7724,2.9423,3.6784,0.64027,2.4816,2.583,1.504,2.1259,4.6667,1.9694,2.9767,3.886,0.27316,2.4084,3.2804,1.6722,1.5493,4.0677,0.67199,2.0686,3.0182,2.255,2.2488,4.6648,0.84134,2.5152,3.2909,0.89138,2.1505,3.1264,6.2422,2.8876,1.7749,2.0566,2.0302,4.6912,2.6852,2.4206,4.5403,2.5067,2.2457,5.0111,1.93,2.6378,4.2029,1.0747,1.7204,4.0454,4.6548,2.8469,0.51066,0.82938,2.1208,3.0006,1.3025,2.0739,4.358,1.0253,2.1115,3.4519,2.066,2.6498,4.2835,1.7554,1.4958,4.1092,1.2486,2.5256,3.1585,0.79999,2.4791,3.731,2.0962,1.844,3.6583,1.5213,2.4631,3.4354,1.6202,2.5652,3.6724,1.5968,1.5691,4.2532,1.8713,2.6433,4.3162,1.9544,2.644,4.42,3.517,2.7591,6.2677,1.7456,1.5061,4.1088,1.791,1.9849,3.4555,2.034,2.9181,4.8535,1.2429,2.5345,3.2093,2.5792,2.4356,4.9129,1.104,2.6106,4.0557,1.5429,2.451,3.4608,1.1223,1.8477,4.0657,1.6922,1.5336,4.0482,1.7532,1.9888,3.4132,0.28167,2.9182,3.345,2.9324,2.3014,4.6835,1.2966,1.9374,4.2253,1.358,2.6305,3.5241,1.4325,2.4602,3.3582,1.8962,1.8809,3.6364,1.9483,2.4632,4.0496,1.0384,2.2893,3.152,2.5442,1.9827,5.148,1.2712,2.6232,3.4068,1.3771,2.4927,3.2983,0.4035,2.9188,3.4511,0.62916,1.8556,2.7743,1.6345,1.9704,4.5269,1.4568,1.7729,4.158,5.3239,2.8588,1.6363,0.80949,2.0945,2.8162,1.0721,2.6558,4.0597,2.2947,2.5363,3.6096,2.5367,2.4104,4.8491,2.8916,2.6599,4.5935,2.0994,2.502,4.4525,2.3664,2.1652,4.2796,0.74599,2.0939,3.2432,0.48959,2.4373,3.0478,0.58731,2.1523,3.6919,2.3935,2.4343,4.5082,0.90057,2.4374,2.9979,1.2355,1.6348,4.2735,1.6783,2.0277,3.407,6.0269,2.6643,1.765,3.4549,2.9109,0.18841,0.85789,2.3873,3.0578,1.6815,1.6223,4.0552,1.5151,1.9034,3.1756,0.78436,2.4369,2.9349,2.1554,2.3331,4.8615,1.223,2.5727,3.1839,1.0189,1.9427,3.5143,0.40852,1.9763,3.3166,1.7323,2.0172,3.3869,2.3832,2.1566,4.2534,2.21,2.1358,5.0113,1.2531,1.6635,3.8413,0.6978,1.9786,2.7813,2.2198,2.1521,5.0487,2.3712,2.2456,4.5678,1.5773,2.4412,3.9674,4.4553,2.8743,0.38045,1.9515,2.4325,4.0289,0.81108,1.9551,4.1096,1.3216,2.6304,4.2891,3.7789,2.8074,0.065238,1.5493,1.6481,3.3028,0.22113,2.3027,3.2671,5.0543,2.8822,1.0042,0.69821,2.7436,3.4169,1.3764,2.5385,3.0521,2.1677,2.0864,4.9332,1.4715,2.0078,4.4117,1.5308,1.6251,3.3116,1.4129,2.9027,3.3729,0.59925,2.417,2.9216,0.88952,2.4501,3.0388,0.22857,2.6067,3.3179,1.6413,2.3185,4.1741,0.60556,2.4224,2.8736,0.99466,2.3015,3.5551,1.3959,1.7623,4.2756,0.31214,2.3369,3.3476,1.5243,1.5943,3.3052,0.5776,2.4215,2.9034,3.4355,2.8456,0.096824,1.9185,2.5532,3.9964,2.0489,2.1989,4.6634,2.355,2.7532,4.9551,1.9189,1.8874,3.8475,1.2879,1.7172,3.7174,2.204,2.115,4.9993,1.3645,2.606,3.9204,1.1291,3.0544,2.9545,4.7781,2.8968,0.4704,1.4061,2.7185,4.4644,1.9094,1.9022,3.8807,1.3247,2.6515,2.965,0.65481,2.7365,3.2922,1.0089,2.9016,4.1904,0.77143,2.5372,2.7411,0.6667,2.02,2.9042,0.54739,2.4172,3.3755,1.5481,2.1554,4.3112,1.4944,2.7268,4.5211,0.52479,2.0029,2.9533,2.0042,1.8369,3.8023,1.1869,1.7683,3.704,2.2286,2.6652,4.6649,1.3444,1.6612,4.1039,1.3302,2.1449,3.1349,0.59503,2.0259,2.9868,0.53808,2.4283,2.6713,1.6686,2.3739,4.1861,2.2485,2.6397,4.7256,0.55361,2.0305,2.9374,1.5758,1.6782,3.351,0.1723,3.064,2.036,0.66572,2.5544,2.6518,3.1291,2.7354,6.1406,0.20271,2.8823,2.8968,4.6809,2.9182,0.37432,2.2589,2.3252,3.5771,1.2893,3.0175,4.1314,1.2916,2.3915,3.4402,1.0751,3.0443,3.9252,2.3314,2.2349,3.7374,1.179,1.7375,3.706,2.4252,2.3596,4.5906,2.5219,2.6942,4.1016,1.3264,2.6696,4.367,1.9154,1.8192,3.8181,1.2283,2.6835,3.754,2.2959,2.4252,4.862,1.6304,2.5586,3.4889,2.1648,2.2479,4.1447,0.75975,1.9257,3.32,2.2403,2.4011,3.6444,2.2622,2.384,3.6217,2.2486,1.9783,4.9865,2.5893,2.2681,4.7773,2.328,2.2422,3.7561,1.3568,1.5733,3.8842,2.2572,2.6713,4.731,1.9171,1.8474,3.8278,0.76891,2.1115,4.0821,1.5992,1.7345,4.2384,2.2585,2.655,4.7409,1.4477,2.3872,3.2674,6.0618,2.9111,2.371,1.8372,1.7761,3.5214,1.865,2.9193,4.1504,2.1104,1.9523,4.8518,1.197,2.5858,4.3642,1.9587,2.1365,4.8823,1.6094,1.6932,3.9615,1.6143,2.0214,3.309,1.108,2.68,3.6553,1.0175,2.7727,3.8938,1.4629,2.4624,3.8945,1.175,2.6991,3.6803,1.8146,1.6476,4.0695,0.93564,2.4524,2.8312,1.9516,2.111,4.4324,0.29308,2.7545,3.0573,1.0513,1.9297,4.2709,0.98822,2.2935,3.1,1.6787,2.4031,4.5949,0.95608,2.034,2.8608,0.72365,1.9694,2.7306,1.6003,1.6841,3.9669,0.95552,2.4419,2.8608,1.342,1.5713,3.8458,2.7085,2.5697,4.5784,1.0828,2.1756,3.5964,1.1644,2.7278,3.6804,1.9743,1.9787,4.494,1.0297,1.9449,4.2452,1.863,1.6918,3.4637,1.6561,2.5325,3.9898,2.1434,2.5422,4.8859,2.1092,2.3977,3.6643,1.278,3.0254,3.4895,1.4541,1.5007,4.2012,0.61895,2.9881,3.6328,1.6108,1.664,4.2003,0.73176,1.9868,2.7333,0.72098,2.1985,3.9616,2.6491,2.5937,4.5163,2.0424,2.0927,3.4237,1.426,2.821,3.5593,1.0687,2.265,3.5773,2.5633,2.0408,4.5408,1.4735,1.7219,4.4198,1.5804,2.5707,3.6193,2.0553,2.3614,4.1121,2.6343,2.3391,4.9225,0.52392,2.5193,3.0539
1051.3,12.772,390.99,16.975,0.17245,4026.0,1.4461,1.7737,4.0985,1.28,2.2412,4.2687,1.1384,1.9281,4.2473,2.4534,2.6279,4.294,0.8563,2.0263,4.2842,1.5081,2.5786,3.8875,3.3373,2.8123,6.2108,1.1209,1.9341,4.2481,1.74,1.5956,4.2125,1.2933,2.2215,4.3146,0.82784,2.06,4.2145,2.998,2.8284,4.5806,5.4672,2.6765,1.1848,1.3533,2.6863,3.739,0.87534,2.1356,2.9705,2.5761,2.1711,4.6479,1.4671,1.646,3.9441,0.5966,2.6571,3.739,2.041,1.7829,3.518,1.0671,2.3819,3.1976,0.063216,2.3111,3.2817,1.7504,1.6807,3.426,1.8491,2.719,4.1069,1.7938,1.7568,3.423,1.4137,1.6058,3.9865,0.37513,2.1902,3.0919,2.1569,2.4271,4.5383,1.4738,1.7315,3.2135,0.81862,1.9929,2.7344,3.3902,2.8167,6.0422,2.0685,1.8383,3.5539,1.0055,2.7462,2.9145,1.8656,2.6032,4.095,0.6844,1.962,2.813,1.0521,2.4025,3.1621,1.9447,1.9294,4.5519,1.7716,1.6242,3.897,0.56144,2.2085,3.7853,1.2191,2.5938,3.7902,0.87132,2.1546,3.1193,2.7422,2.3816,4.5332,2.1838,2.2631,4.8384,1.5134,1.6521,3.9651,1.9212,1.9182,4.5242,1.5439,2.2473,3.2455,0.7025,2.1848,3.005,2.4402,2.4342,4.415,1.8409,2.59,4.6166,1.8275,2.6216,4.6296,2.7788,2.4094,4.6251,1.2646,2.5705,3.8334,1.7902,2.2788,4.3925,1.7607,2.9309,3.6652,0.65042,2.4827,2.5903,1.4994,2.1345,4.6647,1.9597,2.9658,3.8752,0.26254,2.4083,3.2683,1.673,1.5438,4.0661,0.67065,2.068,3.0167,2.2523,2.2466,4.6597,0.85188,2.5042,3.3112,0.88623,2.1536,3.1209,6.2443,2.8869,1.7764,2.0626,2.0315,4.6978,2.6985,2.4253,4.5611,2.4987,2.237,4.9995,1.9224,2.6259,4.1941,1.0741,1.7078,4.0548,4.6542,2.8391,0.51159,0.82816,2.1195,3.0031,1.3041,2.0707,4.3631,1.0234,2.1121,3.4501,2.0516,2.6407,4.2659,1.7607,1.4829,4.1035,1.2527,2.5224,3.1614,0.80366,2.4792,3.7312,2.0977,1.8386,3.6531,1.5146,2.4625,3.4318,1.6217,2.5624,3.6832,1.5914,1.5641,4.2537,1.8598,2.6289,4.3011,1.9459,2.6299,4.4097,3.5183,2.7583,6.2674,1.7484,1.4998,4.1049,1.7946,1.9829,3.456,2.0266,2.9154,4.8469,1.2461,2.5324,3.2138,2.5771,2.4351,4.9099,1.1072,2.6083,4.0549,1.5393,2.4504,3.4598,1.12,1.846,4.0659,1.6938,1.5294,4.0464,1.7552,1.9873,3.4123,0.28488,2.9168,3.3487,2.9335,2.3012,4.6863,1.2951,1.9369,4.2258,1.3633,2.6267,3.5344,1.4313,2.4599,3.3584,1.8993,1.8728,3.6308,1.9484,2.4667,4.0519,1.0364,2.2881,3.1516,2.5438,1.9795,5.1468,1.277,2.6192,3.4167,1.3741,2.4932,3.2965,0.40494,2.9177,3.4526,0.62735,1.8564,2.7707,1.6313,1.9677,4.5296,1.4562,1.768,4.1597,5.3195,2.8574,1.6317,0.80891,2.0941,2.817,1.0732,2.6571,4.0598,2.2985,2.5352,3.6078,2.5334,2.4092,4.8448,2.8955,2.6582,4.5968,2.0984,2.5017,4.4509,2.3675,2.1681,4.2834,0.74398,2.0974,3.2384,0.4943,2.4362,3.0528,0.58612,2.152,3.6915,2.3941,2.4322,4.5111,0.90498,2.4363,3.0029,1.2346,1.6363,4.2724,1.6768,2.0286,3.4055,6.0197,2.6627,1.7574,3.459,2.9098,0.19321,0.85877,2.385,3.062,1.6821,1.6222,4.0546,1.5153,1.9049,3.1752,0.78412,2.4362,2.9357,2.1557,2.3331,4.8594,1.2246,2.5732,3.1875,1.019,1.9418,3.5149,0.40355,1.9763,3.3203,1.7331,2.0176,3.3844,2.3834,2.1602,4.2568,2.2121,2.1349,5.0119,1.2513,1.6612,3.8417,0.69835,1.979,2.7819,2.2222,2.1517,5.0506,2.373,2.2476,4.5711,1.5774,2.4453,3.9674,4.4619,2.8694,0.38818,1.9515,2.4361,4.0303,0.81003,1.9555,4.1084,1.3277,2.6324,4.293,3.7863,2.806,0.073419,1.55,1.6493,3.3033,0.21727,2.3023,3.2627,5.0536,2.8775,1.0056,0.69869,2.7427,3.4174,1.3793,2.5399,3.0546,2.1693,2.0844,4.9324,1.4711,2.0037,4.4137,1.5308,1.6245,3.3124,1.4147,2.9021,3.3745,0.60431,2.4157,2.9288,0.88681,2.4502,3.0388,0.22754,2.6064,3.316,1.6427,2.3202,4.1762,0.61016,2.4218,2.8786,0.99106,2.3075,3.5495,1.3957,1.7617,4.2742,0.31191,2.338,3.3465,1.5241,1.5931,3.3058,0.58141,2.4209,2.9092,3.4481,2.8441,0.11111,1.9148,2.5526,3.9944,2.0518,2.1989,4.6658,2.3405,2.7513,4.9376,1.9191,1.8836,3.846,1.287,1.7149,3.718,2.206,2.1131,4.9997,1.3639,2.6052,3.9182,1.1275,3.054,2.9526,4.7829,2.893,0.47534,1.4121,2.7189,4.4704,1.9094,1.9009,3.881,1.3269,2.652,2.9681,0.66236,2.7353,3.3009,1.0147,2.9006,4.1963,0.77978,2.5381,2.748,0.66677,2.0223,2.9033,0.54752,2.4172,3.3743,1.5471,2.1533,4.3145,1.5015,2.7274,4.5269,0.52165,2.004,2.9485,2.0046,1.8353,3.8025,1.1865,1.7661,3.7056,2.2239,2.6637,4.6578,1.343,1.6646,4.1016,1.3278,2.1443,3.1338,0.59385,2.0286,2.9834,0.53985,2.4278,2.6741,1.6715,2.3783,4.1882,2.2429,2.6366,4.7178,0.55112,2.0321,2.9327,1.576,1.6776,3.3518,0.15592,3.0646,2.0183,0.6677,2.5559,2.6528,3.1353,2.7345,6.1476,0.2114,2.8822,2.9067,4.6836,2.9162,0.37717,2.2569,2.3213,3.5717,1.293,3.0148,4.1366,1.2875,2.394,3.4376,1.0786,3.0429,3.9304,2.33,2.2349,3.7349,1.1786,1.7342,3.7079,2.4251,2.36,4.5906,2.5183,2.6948,4.1021,1.3279,2.6691,4.3671,1.9157,1.8133,3.8157,1.2301,2.6801,3.7556,2.2929,2.4234,4.8561,1.631,2.5565,3.4945,2.165,2.25,4.1464,0.7587,1.9266,3.3182,2.2369,2.4005,3.6409,2.2596,2.3826,3.6174,2.25,1.9792,4.9872,2.5879,2.2675,4.7764,2.3265,2.2425,3.7543,1.3564,1.5728,3.8852,2.2526,2.6695,4.7249,1.9176,1.8436,3.8255,0.76908,2.1102,4.0855,1.5992,1.7318,4.2379,2.2531,2.6527,4.734,1.4477,2.3871,3.2675,6.068,2.912,2.3781,1.8371,1.7753,3.5224,1.8614,2.9164,4.1457,2.1133,1.9518,4.8538,1.1988,2.5856,4.3662,1.96,2.1359,4.8821,1.6095,1.6903,3.9614,1.6149,2.0217,3.3076,1.1095,2.6776,3.6564,1.0193,2.7716,3.8944,1.4649,2.4633,3.8961,1.1758,2.6967,3.6803,1.8139,1.6436,4.0691,0.93607,2.4524,2.8321,1.9529,2.112,4.4336,0.29748,2.753,3.0612,1.0507,1.9289,4.2714,0.98857,2.2926,3.1015,1.6797,2.4029,4.5951,0.95556,2.0326,2.8614,0.72324,1.9688,2.7305,1.6001,1.6817,3.9669,0.95619,2.4415,2.8623,1.3412,1.5705,3.8462,2.7076,2.5693,4.5777,1.0826,2.1765,3.5959,1.1649,2.7267,3.6807,1.9743,1.9783,4.4943,1.029,1.9444,4.2454,1.8633,1.692,3.464,1.6559,2.5331,3.9895,2.1439,2.5418,4.885,2.1084,2.3981,3.6633,1.2794,3.0244,3.4905,1.4544,1.5007,4.2003,0.61817,2.9878,3.6324,1.6109,1.6625,4.1995,0.73159,1.9863,2.7334,0.72163,2.1988,3.9619,2.6485,2.5934,4.5159,2.0432,2.0918,3.4232,1.4271,2.8193,3.5605,1.0682,2.2665,3.576,2.5639,2.0416,4.5422,1.4732,1.7216,4.4198,1.5799,2.5703,3.6201,2.0552,2.3629,4.1131,2.6334,2.3386,4.9213,0.52521,2.5192,3.0554
1051.3,12.772,390.99,16.975,0.18029,3993.2,1.4415,1.7691,4.0957,1.2812,2.2417,4.2718,1.1338,1.926,4.2464,2.4519,2.6261,4.2952,0.8558,2.0265,4.2853,1.5069,2.5831,3.8861,3.3565,2.8081,6.192,1.115,1.9322,4.2475,1.7403,1.5917,4.2105,1.2945,2.222,4.3196,0.82678,2.062,4.215,3.0024,2.8277,4.5845,5.4552,2.6691,1.171,1.3565,2.6838,3.7425,0.86971,2.1362,2.9662,2.5867,2.1803,4.6665,1.4673,1.6499,3.947,0.58952,2.6641,3.7243,2.0428,1.7845,3.5208,1.0536,2.3833,3.1919,0.034544,2.3111,3.2558,1.7476,1.6805,3.4297,1.8421,2.7173,4.0976,1.7946,1.7613,3.4257,1.4107,1.6057,3.9899,0.37275,2.1949,3.0824,2.1682,2.4324,4.5525,1.474,1.7376,3.2151,0.81744,1.9999,2.7335,3.4347,2.8102,5.5093,2.0767,1.8436,3.5648,1.0023,2.7506,2.913,1.8718,2.6071,4.1042,0.68742,1.9691,2.8132,1.0453,2.4006,3.1665,1.951,1.9307,4.5589,1.7798,1.6229,3.8999,0.56993,2.2085,3.7925,1.2268,2.6024,3.7992,0.85891,2.1613,3.107,2.7622,2.3868,4.5558,2.1946,2.2741,4.8545,1.5176,1.6508,3.9678,1.9277,1.919,4.5288,1.5542,2.2548,3.2467,0.69513,2.1884,2.9978,2.4385,2.4359,4.4186,1.829,2.5884,4.5865,1.821,2.6243,4.6085,2.8075,2.4138,4.6616,1.2616,2.5776,3.8224,1.8015,2.2808,4.3993,1.7482,2.9183,3.6512,0.66114,2.4837,2.5976,1.4933,2.1448,4.6612,1.9496,2.9533,3.8639,0.2502,2.4084,3.2542,1.6738,1.5373,4.0641,0.66951,2.0666,3.0159,2.2484,2.2435,4.6528,0.86265,2.4905,3.3337,0.88195,2.157,3.1167,6.2486,2.8861,1.7802,2.069,2.0325,4.7046,2.7101,2.4294,4.5814,2.4901,2.2263,4.9873,1.9149,2.6135,4.1851,1.0731,1.6916,4.0664,4.6511,2.8332,0.51105,0.82881,2.1171,3.0088,1.3057,2.0673,4.3684,1.0215,2.1124,3.4484,2.0355,2.6299,4.2463,1.7665,1.4669,4.0965,1.2569,2.5188,3.1645,0.80761,2.4787,3.732,2.0991,1.8328,3.6478,1.508,2.4611,3.4287,1.6241,2.5577,3.6954,1.5847,1.5584,4.2544,1.8478,2.6131,4.2852,1.9366,2.6143,4.3984,3.5186,2.7578,6.2662,1.7511,1.4929,4.1008,1.7979,1.9806,3.4563,2.019,2.9123,4.8402,1.2491,2.5302,3.2181,2.575,2.4346,4.9067,1.1104,2.6057,4.0546,1.5359,2.4495,3.4591,1.1179,1.8439,4.0667,1.6953,1.5252,4.0446,1.7568,1.9859,3.4113,0.28868,2.9156,3.3529,2.934,2.3011,4.6883,1.2938,1.9362,4.2264,1.369,2.622,3.545,1.4303,2.4595,3.3584,1.902,1.8644,3.6253,1.9484,2.4696,4.0536,1.0347,2.2865,3.1516,2.5434,1.9765,5.1455,1.2833,2.6152,3.4269,1.3716,2.4935,3.2949,0.4064,2.9166,3.454,0.62576,1.8569,2.7678,1.6286,1.9653,4.5319,1.4553,1.7634,4.1616,5.3159,2.8563,1.628,0.80849,2.0938,2.8178,1.0742,2.6581,4.0603,2.3015,2.5342,3.6065,2.5306,2.4082,4.841,2.8984,2.6567,4.5994,2.0977,2.5015,4.4496,2.368,2.1704,4.2861,0.74222,2.1002,3.2346,0.49817,2.4352,3.057,0.58501,2.1518,3.6912,2.3948,2.4307,4.5137,0.9085,2.4353,3.0072,1.2337,1.6374,4.2715,1.6757,2.0293,3.4042,6.014,2.6613,1.7513,3.4616,2.909,0.19636,0.85927,2.3832,3.0651,1.6825,1.6222,4.0541,1.5154,1.9061,3.175,0.7838,2.4356,2.9363,2.156,2.3331,4.8577,1.2259,2.5736,3.1906,1.019,1.941,3.5155,0.39976,1.9766,3.3232,1.7337,2.0179,3.3823,2.3835,2.1631,4.2595,2.2137,2.134,5.0122,1.2499,1.6596,3.842,0.69881,1.9792,2.7823,2.2243,2.1514,5.0522,2.3744,2.2493,4.5738,1.5775,2.4486,3.9672,4.4672,2.8654,0.39465,1.9517,2.4392,4.0316,0.80916,1.9558,4.1074,1.3328,2.634,4.2964,3.7921,2.8049,0.080131,1.5503,1.6502,3.3037,0.21401,2.302,3.2592,5.0533,2.8735,1.007,0.69889,2.7419,3.4177,1.3816,2.5409,3.0567,2.1707,2.0827,4.9317,1.4709,2.0005,4.4152,1.531,1.624,3.3129,1.4163,2.9016,3.376,0.60825,2.4147,2.9346,0.88451,2.4502,3.0388,0.22643,2.6061,3.3143,1.6438,2.3216,4.1778,0.61373,2.4212,2.8825,0.98799,2.3126,3.5448,1.3956,1.761,4.273,0.31167,2.3388,3.3457,1.5239,1.5921,3.3064,0.58436,2.4204,2.9135,3.4583,2.8428,0.12214,1.9119,2.5521,3.9928,2.054,2.1988,4.6678,2.3286,2.7496,4.9232,1.9191,1.8803,3.8448,1.2861,1.713,3.7186,2.2075,2.1117,5.0,1.3635,2.6046,3.9167,1.1261,3.0538,2.9511,4.787,2.8896,0.4796,1.4171,2.7191,4.4754,1.9094,1.9,3.8812,1.3286,2.6524,2.9706,0.66832,2.7343,3.3079,1.0194,2.8999,4.2011,0.78661,2.539,2.7537,0.66688,2.0241,2.9028,0.54758,2.417,3.3733,1.5464,2.1517,4.317,1.5072,2.7279,4.5316,0.51914,2.0048,2.9448,2.0047,1.834,3.8026,1.1862,1.7644,3.7069,2.2205,2.6624,4.6525,1.3419,1.6674,4.0999,1.3257,2.1437,3.1329,0.59287,2.0307,2.9807,0.54123,2.4275,2.6763,1.6737,2.3819,4.1898,2.2382,2.6339,4.7115,0.54914,2.0334,2.9291,1.576,1.677,3.3524,0.14303,3.0649,2.0045,0.66927,2.5572,2.6537,3.1402,2.7339,6.153,0.21806,2.8822,2.9143,4.6859,2.9148,0.37965,2.2555,2.3182,3.5675,1.2961,3.0125,4.1405,1.2843,2.3958,3.4356,1.0812,3.0418,3.9343,2.3288,2.2349,3.7327,1.1783,1.7316,3.7092,2.4248,2.3603,4.5905,2.5153,2.6952,4.1024,1.3291,2.6688,4.3671,1.9158,1.8085,3.8138,1.2316,2.6774,3.7569,2.2906,2.422,4.8515,1.6315,2.5549,3.4991,2.1651,2.2516,4.1477,0.75787,1.9274,3.3168,2.2341,2.4,3.6382,2.2575,2.3815,3.614,2.2509,1.9799,4.9876,2.5867,2.267,4.7757,2.3253,2.2427,3.7529,1.3562,1.5724,3.8861,2.249,2.6679,4.7203,1.9179,1.8406,3.8237,0.76922,2.1091,4.0881,1.5992,1.7295,4.2374,2.2487,2.6508,4.7283,1.4477,2.3871,3.2675,6.073,2.9126,2.3836,1.8371,1.7747,3.5232,1.8586,2.9139,4.142,2.1155,1.9514,4.8554,1.2002,2.5854,4.3677,1.961,2.1354,4.8819,1.6095,1.688,3.9613,1.6152,2.0218,3.3064,1.1106,2.6756,3.6572,1.0206,2.7707,3.8947,1.4663,2.4637,3.8974,1.1765,2.6947,3.6803,1.8133,1.6406,4.0689,0.9364,2.4522,2.8329,1.9539,2.1127,4.4345,0.30084,2.7519,3.0642,1.0504,1.9284,4.2717,0.98881,2.2919,3.1027,1.6804,2.4029,4.5952,0.95516,2.0316,2.8618,0.72295,1.9683,2.7305,1.5998,1.6798,3.9669,0.9567,2.4413,2.8635,1.3407,1.5699,3.8464,2.7071,2.569,4.5772,1.0825,2.1772,3.5954,1.1654,2.7258,3.6809,1.9741,1.978,4.4944,1.0285,1.944,4.2456,1.8635,1.6922,3.4641,1.6558,2.5337,3.9892,2.1444,2.5415,4.8841,2.1076,2.3983,3.6626,1.2805,3.0238,3.4913,1.4545,1.5007,4.1999,0.61762,2.9877,3.6321,1.611,1.6612,4.1989,0.73145,1.9858,2.7334,0.72213,2.199,3.962,2.648,2.5932,4.5156,2.0437,2.0912,3.4226,1.428,2.818,3.5614,1.0677,2.2678,3.5751,2.5644,2.0421,4.5433,1.4729,1.7214,4.4199,1.5796,2.57,3.6208,2.0552,2.3641,4.1138,2.6327,2.3383,4.9205,0.52618,2.5192,3.0565
1051.3,12.772,390.99,16.975,0.18813,3940.9,1.4368,1.7646,4.093,1.2826,2.2422,4.2748,1.1295,1.9245,4.2453,2.4507,2.6244,4.2969,0.85531,2.0268,4.2859,1.5057,2.5877,3.8846,3.3764,2.8035,5.7633,1.1092,1.9311,4.2468,1.7408,1.5884,4.2088,1.296,2.2227,4.3244,0.82575,2.0644,4.2153,3.0059,2.8271,4.5879,5.4433,2.6616,1.1573,1.3592,2.6826,3.7458,0.86391,2.1371,2.9616,2.5986,2.1898,4.6868,1.4676,1.6549,3.9501,0.58164,2.6717,3.7082,2.0443,1.7861,3.5235,1.0368,2.3861,3.1828,6.1988,2.3107,3.2272,1.7446,1.6808,3.4338,1.8359,2.7168,4.0897,1.7955,1.7664,3.4286,1.4076,1.6064,3.9922,0.36976,2.2,3.0716,2.1814,2.4388,4.5689,1.4743,1.7448,3.217,0.81558,2.0072,2.7321,3.486,2.8016,0.14282,2.0856,1.8492,3.5769,0.99938,2.755,2.9116,1.8787,2.6115,4.1143,0.68995,1.9769,2.8124,1.0365,2.3991,3.1701,1.9586,1.9325,4.5671,1.7886,1.6224,3.9032,0.57989,2.2086,3.8011,1.2359,2.6108,3.8096,0.84513,2.1687,3.0933,2.7847,2.3922,4.5809,2.2066,2.2862,4.8726,1.5222,1.6483,3.9703,1.9354,1.9195,4.5339,1.5668,2.2641,3.2491,0.68885,2.1908,2.9938,2.4352,2.4365,4.4212,1.8152,2.5862,4.5531,1.814,2.6273,4.5853,2.8361,2.4177,4.6983,1.2569,2.5855,3.808,1.814,2.2822,4.4063,1.7355,2.9045,3.6369,0.6722,2.484,2.6049,1.4853,2.1569,4.6554,1.9395,2.9387,3.8526,0.23796,2.4091,3.2403,1.6748,1.53,4.0616,0.66864,2.0645,3.0158,2.2435,2.2395,4.6443,0.87175,2.4747,3.3562,0.87953,2.1599,3.1156,6.255,2.8852,1.7864,2.0756,2.0328,4.711,2.7179,2.4323,4.5983,2.4835,2.2138,4.9771,1.9077,2.6012,4.1764,1.0711,1.6725,4.0799,4.6422,2.8309,0.50589,0.83192,2.1142,3.0182,1.3074,2.0633,4.3734,1.0196,2.1125,3.447,2.0185,2.6178,4.2252,1.7729,1.4477,4.088,1.2607,2.5149,3.1675,0.81176,2.4776,3.7333,2.1003,1.8267,3.6423,1.5019,2.4586,3.4264,1.6269,2.5509,3.7087,1.5771,1.5523,4.2558,1.8361,2.5969,4.2698,1.9268,2.598,4.386,3.5179,2.7574,6.264,1.7537,1.4858,4.0966,1.8006,1.978,3.4563,2.0113,2.9084,4.8335,1.2518,2.5277,3.222,2.5728,2.4341,4.9036,1.1136,2.6031,4.0549,1.5328,2.4483,3.4585,1.1161,1.8414,4.0678,1.6967,1.5211,4.043,1.7582,1.9844,3.4105,0.29287,2.9144,3.3575,2.9341,2.3009,4.6895,1.2924,1.9355,4.227,1.3744,2.6171,3.5548,1.4294,2.459,3.3585,1.9043,1.8556,3.6196,1.9483,2.4718,4.055,1.0333,2.2848,3.1519,2.5429,1.9739,5.1443,1.2895,2.6119,3.4366,1.3695,2.4936,3.2935,0.40785,2.9156,3.4556,0.62445,1.8571,2.7658,1.6264,1.9636,4.5333,1.4541,1.7596,4.1634,5.3134,2.8556,1.6255,0.8082,2.0935,2.8186,1.0752,2.6586,4.061,2.3038,2.5335,3.606,2.5283,2.4073,4.838,2.9005,2.6554,4.6011,2.0972,2.5013,4.4485,2.3682,2.1717,4.288,0.74081,2.1021,3.2321,0.50115,2.4344,3.0604,0.58396,2.1514,3.6912,2.3951,2.4294,4.5155,0.91105,2.4347,3.0104,1.2329,1.6382,4.2709,1.6748,2.0298,3.4031,6.0095,2.6602,1.7466,3.4627,2.9085,0.19801,0.85941,2.3818,3.0673,1.6829,1.6222,4.0537,1.5152,1.9071,3.1747,0.78347,2.4352,2.9366,2.1562,2.3331,4.8563,1.2271,2.5739,3.1931,1.0189,1.9404,3.5159,0.39713,1.9768,3.3252,1.7341,2.0181,3.3805,2.3835,2.1654,4.2616,2.215,2.1335,5.0125,1.2486,1.6584,3.8422,0.69918,1.9794,2.7828,2.2257,2.151,5.0535,2.3756,2.2505,4.5757,1.5775,2.4512,3.967,4.4716,2.8622,0.39981,1.9517,2.4415,4.0325,0.80852,1.9561,4.1066,1.3368,2.6354,4.2993,3.7964,2.8041,0.085208,1.5506,1.6509,3.3041,0.21138,2.3017,3.2567,5.053,2.8704,1.0084,0.69886,2.7414,3.4176,1.3833,2.5416,3.0584,2.1717,2.0812,4.9314,1.4706,1.9982,4.4164,1.531,1.6235,3.3134,1.4177,2.9012,3.3774,0.61103,2.4141,2.9386,0.88263,2.4503,3.0388,0.22531,2.606,3.3129,1.6446,2.3226,4.1792,0.61628,2.4209,2.8854,0.98552,2.3165,3.5411,1.3955,1.7607,4.2721,0.31142,2.3394,3.3453,1.5238,1.5914,3.3068,0.58651,2.42,2.9169,3.4659,2.8418,0.13043,1.9095,2.5518,3.9914,2.0556,2.1988,4.6692,2.3193,2.7482,4.912,1.919,1.8778,3.8439,1.2855,1.7116,3.7191,2.2087,2.1104,5.0002,1.3632,2.6043,3.9155,1.125,3.0536,2.9499,4.7903,2.8872,0.48307,1.4209,2.7192,4.4794,1.9094,1.8994,3.8814,1.33,2.6527,2.9724,0.67267,2.7336,3.3129,1.0231,2.8993,4.205,0.79188,2.5395,2.7582,0.66701,2.0255,2.9024,0.54757,2.4168,3.3726,1.5458,2.1502,4.319,1.5114,2.7283,4.5352,0.51725,2.0053,2.942,2.0048,1.833,3.8028,1.1859,1.7632,3.7077,2.2181,2.6614,4.6487,1.341,1.6695,4.0984,1.3241,2.1432,3.1323,0.59207,2.0323,2.9786,0.54221,2.4272,2.6779,1.6754,2.3844,4.1911,2.2348,2.6319,4.7067,0.54767,2.0343,2.9265,1.5761,1.6766,3.3529,0.13372,3.0653,1.9946,0.67043,2.5581,2.6543,3.1436,2.7334,6.1568,0.2228,2.8821,2.9196,4.6878,2.9137,0.38171,2.2543,2.3158,3.5642,1.2982,3.0109,4.1434,1.282,2.3972,3.4342,1.0831,3.0411,3.9372,2.3278,2.2348,3.7311,1.1781,1.7297,3.7103,2.4247,2.3605,4.5904,2.513,2.6954,4.1026,1.3299,2.6685,4.367,1.9159,1.8048,3.8123,1.2327,2.6753,3.7578,2.289,2.4209,4.8482,1.6319,2.5536,3.5023,2.1652,2.2529,4.1486,0.75729,1.9278,3.3158,2.232,2.3995,3.636,2.2559,2.3806,3.6116,2.2515,1.9802,4.9878,2.5859,2.2666,4.7752,2.3243,2.2428,3.7517,1.3559,1.572,3.8866,2.2465,2.6667,4.7169,1.9181,1.8383,3.8222,0.76934,2.1084,4.0901,1.5992,1.7278,4.2371,2.2455,2.6495,4.7242,1.4477,2.3871,3.2675,6.0766,2.9131,2.3877,1.8372,1.7742,3.5236,1.8565,2.9122,4.1395,2.1171,1.9511,4.8566,1.2013,2.5852,4.369,1.9615,2.135,4.8817,1.6096,1.6863,3.9612,1.6155,2.0219,3.3056,1.1115,2.6742,3.6577,1.0216,2.7701,3.895,1.4674,2.4641,3.8984,1.1769,2.6934,3.6803,1.8128,1.6384,4.0688,0.93664,2.4521,2.8333,1.9546,2.1132,4.4351,0.30329,2.751,3.0663,1.0501,1.9279,4.272,0.98896,2.2914,3.1035,1.6809,2.4028,4.5953,0.95487,2.0309,2.8622,0.72273,1.9679,2.7305,1.5996,1.6784,3.9669,0.95706,2.441,2.8644,1.3402,1.5694,3.8465,2.7066,2.5688,4.5768,1.0824,2.1776,3.5951,1.1657,2.7252,3.681,1.974,1.9777,4.4946,1.0281,1.9437,4.2457,1.8637,1.6923,3.4642,1.6557,2.5341,3.9891,2.1447,2.5412,4.8836,2.1072,2.3985,3.6621,1.2812,3.0233,3.4918,1.4546,1.5007,4.1995,0.6173,2.9876,3.6319,1.611,1.6604,4.1985,0.73135,1.9854,2.7335,0.72251,2.1992,3.9622,2.6477,2.593,4.5155,2.0442,2.0907,3.4222,1.4285,2.8171,3.5621,1.0674,2.2687,3.5745,2.5647,2.0426,4.544,1.4727,1.7212,4.4199,1.5793,2.5698,3.6211,2.0552,2.3648,4.1142,2.6324,2.3381,4.9199,0.52687,2.5191,3.0572
1051.3,12.772,390.99,16.975,0.19597,3859.2,1.4323,1.7606,4.0904,1.2837,2.2427,4.2775,1.1259,1.9238,4.2443,2.4501,2.6228,4.2988,0.85488,2.0273,4.2864,1.5045,2.5924,3.8827,3.3966,2.7984,0.027815,1.1038,1.9313,4.2456,1.7415,1.5861,4.2074,1.2974,2.2237,4.3288,0.82477,2.0669,4.2154,3.0086,2.8266,4.5904,5.4319,2.6543,1.1443,1.3616,2.6825,3.7486,0.85809,2.1385,2.9565,2.6119,2.1998,4.7091,1.4682,1.6614,3.9533,0.57347,2.6798,3.6915,2.0455,1.7874,3.5255,1.0161,2.3907,3.1695,5.0256,2.3097,3.196,1.7414,1.6819,3.4384,1.8308,2.7179,4.084,1.7963,1.7721,3.432,1.4042,1.6086,3.9935,0.36578,2.2054,3.0592,2.197,2.4461,4.5885,1.475,1.7529,3.2196,0.81267,2.0151,2.7294,3.5451,2.7901,0.12077,2.0947,1.8546,3.5898,0.997,2.7589,2.9105,1.8861,2.6164,4.1247,0.6915,1.9858,2.81,1.0251,2.3976,3.1731,1.9676,1.935,4.5771,1.7986,1.6236,3.9071,0.59146,2.209,3.8111,1.2461,2.6197,3.8213,0.82936,2.1775,3.0775,2.8106,2.3977,4.6094,2.2194,2.2987,4.8921,1.5274,1.6438,3.9724,1.9447,1.9196,4.5398,1.5824,2.2763,3.2532,0.68376,2.1922,2.9941,2.4301,2.436,4.4227,1.7996,2.5832,4.5158,1.8069,2.6312,4.5603,2.8617,2.4214,4.7306,1.2494,2.5951,3.7885,1.828,2.2829,4.4131,1.722,2.8894,3.6222,0.68332,2.4836,2.6118,1.4738,2.1711,4.6465,1.9292,2.9218,3.841,0.2265,2.41,3.2277,1.6757,1.5215,4.0586,0.66822,2.0614,3.0169,2.2373,2.2343,4.6336,0.87889,2.4555,3.3793,0.87946,2.1612,3.1191,6.2645,2.8843,1.7957,2.0823,2.0324,4.717,2.7183,2.4333,4.6079,2.4785,2.201,4.9688,1.9007,2.5891,4.168,1.0683,1.649,4.0963,4.6255,2.8338,0.49263,0.83877,2.1099,3.0334,1.3092,2.0589,4.3782,1.0178,2.1121,3.4458,1.9996,2.6037,4.2019,1.7798,1.4243,4.0778,1.2641,2.5105,3.1704,0.81605,2.4759,3.7351,2.1012,1.8206,3.637,1.4966,2.455,3.4254,1.6304,2.5415,3.7225,1.5688,1.5455,4.2583,1.8251,2.5803,4.255,1.9169,2.5811,4.3732,3.516,2.7573,6.2609,1.7559,1.4783,4.0924,1.8028,1.9753,3.4561,2.0045,2.9044,4.8276,1.2542,2.5253,3.2257,2.5707,2.4334,4.9005,1.1166,2.6005,4.056,1.53,2.4467,3.4578,1.1146,1.839,4.0692,1.6979,1.5172,4.0414,1.7592,1.983,3.4098,0.29729,2.9134,3.3624,2.9337,2.3006,4.69,1.2913,1.9347,4.2275,1.3791,2.6126,3.563,1.4286,2.4584,3.3584,1.9058,1.847,3.6144,1.9479,2.4734,4.0557,1.0323,2.2826,3.1527,2.5425,1.9719,5.1435,1.2946,2.6092,3.4443,1.3678,2.4936,3.2924,0.40924,2.9149,3.457,0.62336,1.857,2.7646,1.6247,1.9624,4.5342,1.4529,1.7566,4.1651,5.3117,2.8551,1.6238,0.80805,2.0932,2.8193,1.0761,2.6589,4.0619,2.3051,2.533,3.6058,2.5264,2.4066,4.8357,2.9015,2.6545,4.6021,2.0968,2.5011,4.4477,2.3679,2.1723,4.2889,0.7398,2.1032,3.2306,0.50316,2.4338,3.0628,0.58303,2.1511,3.6913,2.3954,2.4287,4.5166,0.91261,2.4342,3.0127,1.2323,1.6388,4.2704,1.674,2.0302,3.4023,6.0066,2.6593,1.7434,3.4626,2.908,0.19836,0.85929,2.3811,3.0686,1.6832,1.6222,4.0535,1.5148,1.9077,3.1745,0.78312,2.435,2.9368,2.1565,2.3331,4.8554,1.2278,2.574,3.195,1.0186,1.94,3.5164,0.39568,1.9769,3.3262,1.7343,2.0184,3.3792,2.3833,2.1668,4.263,2.2156,2.133,5.0126,1.2477,1.6577,3.8422,0.69947,1.9795,2.7832,2.2266,2.1508,5.0543,2.3764,2.2514,4.577,1.5776,2.453,3.9669,4.4746,2.86,0.40356,1.9516,2.4431,4.0331,0.80812,1.9563,4.1061,1.3396,2.6363,4.3015,3.7993,2.8035,0.088535,1.5507,1.6513,3.3043,0.20946,2.3015,3.255,5.0529,2.8683,1.0094,0.69869,2.741,3.4174,1.3845,2.5422,3.0597,2.1723,2.0803,4.931,1.4703,1.997,4.4171,1.531,1.6233,3.3136,1.4187,2.901,3.3786,0.61263,2.4137,2.9412,0.88121,2.4503,3.0387,0.22429,2.606,3.3118,1.6452,2.3231,4.1801,0.61778,2.4206,2.887,0.98375,2.3193,3.5384,1.3952,1.7604,4.2714,0.3112,2.3399,3.345,1.5236,1.5909,3.3071,0.5878,2.4197,2.9188,3.4711,2.8412,0.13597,1.9079,2.5516,3.9904,2.0567,2.1987,4.6702,2.3129,2.7472,4.9041,1.9189,1.876,3.8432,1.2849,1.7108,3.7194,2.2094,2.1096,5.0003,1.3631,2.6041,3.9149,1.1244,3.0534,2.9493,4.7926,2.8855,0.48565,1.4235,2.7192,4.4822,1.9094,1.899,3.8815,1.3309,2.6529,2.9737,0.67539,2.7331,3.3162,1.0257,2.8988,4.2078,0.79548,2.5399,2.7612,0.66711,2.0263,2.9022,0.54749,2.4167,3.372,1.5452,2.1493,4.3204,1.5143,2.7285,4.5377,0.51601,2.0057,2.9404,2.0048,1.8324,3.803,1.1857,1.7625,3.7083,2.2166,2.6608,4.6464,1.3403,1.6708,4.0976,1.3229,2.1429,3.1318,0.59149,2.0334,2.9773,0.54281,2.427,2.6789,1.6766,2.3861,4.1919,2.2325,2.6305,4.7036,0.54669,2.0349,2.9248,1.5761,1.6764,3.3532,0.12811,3.0655,1.9886,0.67121,2.5587,2.6548,3.1456,2.733,6.1591,0.22555,2.8821,2.9227,4.6892,2.913,0.38326,2.2536,2.3141,3.5621,1.2995,3.0099,4.145,1.2805,2.3981,3.4333,1.0843,3.0405,3.9389,2.3271,2.2348,3.73,1.178,1.7286,3.7108,2.4246,2.3606,4.5902,2.5115,2.6955,4.1027,1.3305,2.6682,4.367,1.9158,1.8022,3.8113,1.2334,2.6739,3.7584,2.288,2.4203,4.8462,1.6322,2.5527,3.5044,2.1652,2.2536,4.1492,0.75692,1.9281,3.3152,2.2305,2.3991,3.6345,2.2548,2.38,3.6098,2.2518,1.9804,4.9879,2.5853,2.2663,4.7748,2.3236,2.2429,3.7509,1.3557,1.5718,3.8871,2.2448,2.6659,4.7146,1.9182,1.8368,3.8213,0.76943,2.1078,4.0913,1.5991,1.7266,4.2368,2.2434,2.6486,4.7214,1.4477,2.3871,3.2675,6.0789,2.9135,2.3903,1.8372,1.7739,3.524,1.8552,2.9111,4.1378,2.1181,1.9508,4.8573,1.202,2.585,4.3698,1.962,2.1346,4.8815,1.6097,1.6852,3.9611,1.6156,2.022,3.305,1.112,2.6733,3.6581,1.0223,2.7697,3.8952,1.4681,2.4644,3.899,1.1773,2.6924,3.6802,1.8125,1.6369,4.0688,0.93681,2.452,2.8338,1.9551,2.1136,4.4356,0.30485,2.7505,3.0677,1.0499,1.9276,4.2723,0.98903,2.291,3.1042,1.6813,2.4027,4.5954,0.95469,2.0303,2.8625,0.7226,1.9677,2.7306,1.5995,1.6776,3.9669,0.9573,2.4409,2.865,1.34,1.569,3.8467,2.7063,2.5687,4.5766,1.0823,2.178,3.5949,1.166,2.7248,3.6811,1.9739,1.9775,4.4946,1.0279,1.9435,4.2459,1.8638,1.6924,3.4643,1.6556,2.5343,3.989,2.1449,2.541,4.8831,2.1068,2.3986,3.6616,1.2818,3.023,3.4923,1.4547,1.5006,4.1992,0.6172,2.9875,3.6319,1.6111,1.6599,4.1982,0.73128,1.9851,2.7335,0.72279,2.1993,3.9623,2.6475,2.5929,4.5153,2.0444,2.0903,3.4218,1.429,2.8165,3.5627,1.0671,2.2693,3.574,2.565,2.0429,4.5446,1.4725,1.7211,4.42,1.579,2.5696,3.6214,2.0552,2.3654,4.1146,2.6321,2.3379,4.9195,0.52728,2.5191,3.0578
1051.3,12.772,390.99,16.975,0.20381,3763.7,1.4282,1.7575,4.0882,1.2847,2.2431,4.2798,1.1231,1.9239,4.2432,2.4499,2.6216,4.3008,0.85452,2.0277,4.2865,1.5032,2.5967,3.8809,3.4164,2.7933,0.037507,1.099,1.9329,4.2438,1.742,1.5846,4.2063,1.2987,2.225,4.3325,0.82382,2.0696,4.2151,3.0105,2.8262,4.5923,5.4217,2.6475,1.1326,1.3635,2.6834,3.7511,0.85263,2.1403,2.9513,2.6259,2.2097,4.7324,1.4687,1.6692,3.9564,0.56498,2.6878,3.675,2.0464,1.7886,3.5272,0.9918,2.3976,3.1517,6.2096,2.3082,3.1645,1.7381,1.684,3.4431,1.8271,2.7209,4.0805,1.7972,1.7783,3.4356,1.4004,1.612,3.9927,0.36118,2.2108,3.0463,2.2142,2.4539,4.6101,1.4756,1.7614,3.2224,0.80854,2.0237,2.7254,3.608,2.7754,0.18885,2.1029,1.8595,3.6016,0.99555,2.7621,2.9099,1.893,2.621,4.1346,0.69161,1.9956,2.8053,1.0114,2.396,3.1749,1.9783,1.9383,4.5889,1.809,1.6275,3.9114,0.6037,2.2098,3.822,1.2575,2.6292,3.8342,0.81255,2.187,3.0605,2.838,2.4025,4.6389,2.2318,2.3101,4.9108,1.5332,1.6372,3.9744,1.9556,1.9193,4.5467,1.5997,2.2902,3.2592,0.68015,2.1922,2.9988,2.4227,2.434,4.4227,1.7831,2.5786,4.4773,1.8002,2.6354,4.5352,2.8763,2.4245,4.7473,1.24,2.6061,3.7665,1.8427,2.2825,4.4196,1.7082,2.8733,3.6074,0.69383,2.4822,2.6179,1.4592,2.1858,4.6343,1.9195,2.9026,3.8301,0.21757,2.4112,3.2179,1.6767,1.5125,4.0551,0.66829,2.0573,3.0193,2.2303,2.228,4.6214,0.88325,2.4348,3.4013,0.88233,2.1621,3.1271,6.0829,2.8833,1.808,2.0888,2.0313,4.722,2.7114,2.4321,4.6086,2.4747,2.1893,4.9611,1.8945,2.578,4.1604,1.065,1.623,4.1144,4.6046,2.8386,0.4726,0.84779,2.1052,3.0514,1.311,2.0545,4.3825,1.0162,2.1113,3.4453,1.981,2.5888,4.1786,1.7876,1.3986,4.0665,1.2671,2.5062,3.173,0.82027,2.4738,3.7373,2.1018,1.8149,3.6319,1.4925,2.4506,3.4254,1.6339,2.5312,3.7352,1.5617,1.5391,4.2609,1.8159,2.5651,4.2423,1.9079,2.5654,4.3609,3.5137,2.7574,6.2573,1.758,1.471,4.0884,1.8044,1.9725,3.4557,1.9986,2.9008,4.8223,1.2562,2.523,3.2286,2.5689,2.4328,4.898,1.1193,2.5982,4.0574,1.5277,2.445,3.4573,1.1138,1.8371,4.0704,1.6989,1.5138,4.0401,1.7599,1.9818,3.4093,0.30167,2.9126,3.3673,2.9332,2.3005,4.6901,1.2902,1.934,4.2279,1.3829,2.6089,3.5692,1.4281,2.4579,3.3584,1.9068,1.8392,3.6098,1.9475,2.4745,4.0561,1.0316,2.2804,3.1536,2.5423,1.9705,5.1428,1.2987,2.6068,3.4504,1.3666,2.4936,3.2916,0.4105,2.9143,3.4584,0.62256,1.8568,2.764,1.6238,1.9618,4.5347,1.4522,1.7543,4.1664,5.3107,2.8548,1.6227,0.80799,2.093,2.8199,1.0768,2.6589,4.0629,2.306,2.5327,3.6058,2.5251,2.4062,4.8341,2.902,2.6538,4.6025,2.0966,2.5009,4.4472,2.3676,2.1726,4.2892,0.73921,2.1038,3.2298,0.50444,2.4334,3.0644,0.58232,2.1507,3.6915,2.3955,2.4283,4.5172,0.9135,2.4339,3.0142,1.232,1.6391,4.2702,1.6735,2.0305,3.4017,6.0045,2.6588,1.7414,3.4622,2.9078,0.19829,0.85916,2.3807,3.0693,1.6834,1.6223,4.0533,1.5144,1.9082,3.1743,0.78284,2.435,2.9367,2.1567,2.3331,4.8548,1.2283,2.5741,3.1965,1.0184,1.9397,3.5168,0.39488,1.977,3.3269,1.7344,2.0186,3.3783,2.3831,2.1677,4.2639,2.216,2.1328,5.0126,1.2471,1.6574,3.8422,0.69965,1.9796,2.7834,2.2271,2.1506,5.0549,2.3769,2.2519,4.5777,1.5776,2.4542,3.9669,4.4766,2.8586,0.40615,1.9516,2.4442,4.0335,0.80789,1.9564,4.1058,1.3415,2.6369,4.303,3.8011,2.8032,0.090625,1.5506,1.6516,3.3044,0.20813,2.3014,3.2539,5.0527,2.8669,1.0102,0.69847,2.7408,3.4171,1.3852,2.5426,3.0607,2.1727,2.0796,4.9308,1.4701,1.9962,4.4174,1.531,1.6231,3.3137,1.4193,2.9008,3.3795,0.61358,2.4135,2.9426,0.88014,2.4504,3.0386,0.22352,2.606,3.311,1.6456,2.3235,4.1807,0.61871,2.4204,2.8881,0.98253,2.3212,3.5368,1.3951,1.7602,4.271,0.31103,2.3402,3.3449,1.5235,1.5906,3.3073,0.58862,2.4196,2.92,3.4744,2.8408,0.13956,1.9068,2.5515,3.9897,2.0574,2.1986,4.6708,2.3086,2.7465,4.8987,1.9187,1.8748,3.8429,1.2845,1.7103,3.7195,2.2099,2.1091,5.0004,1.363,2.604,3.9146,1.124,3.0533,2.9489,4.7942,2.8844,0.48753,1.4253,2.7192,4.484,1.9094,1.8988,3.8815,1.3315,2.653,2.9745,0.67702,2.7328,3.3181,1.0275,2.8985,4.2097,0.79788,2.5401,2.7634,0.66723,2.0268,2.9022,0.54739,2.4166,3.3717,1.5448,2.1487,4.3213,1.5162,2.7286,4.5392,0.51523,2.006,2.9394,2.0047,1.8321,3.8031,1.1856,1.762,3.7087,2.2157,2.6605,4.645,1.3398,1.6716,4.097,1.3221,2.1427,3.1315,0.59108,2.0341,2.9765,0.54318,2.4269,2.6795,1.6773,2.3871,4.1924,2.231,2.6296,4.7015,0.54607,2.0353,2.9238,1.5761,1.6762,3.3534,0.1248,3.0656,1.9852,0.67174,2.5591,2.6552,3.1468,2.7328,6.1604,0.22717,2.882,2.9247,4.6902,2.9126,0.38438,2.2532,2.3129,3.5607,1.3004,3.0093,4.1461,1.2796,2.3986,3.4328,1.085,3.0402,3.9399,2.3266,2.2348,3.7292,1.1779,1.7279,3.7112,2.4246,2.3606,4.5901,2.5106,2.6955,4.1027,1.3307,2.6681,4.3669,1.9158,1.8005,3.8107,1.2338,2.673,3.7587,2.2875,2.42,4.8449,1.6325,2.5522,3.5058,2.1653,2.2541,4.1496,0.7567,1.9283,3.3149,2.2295,2.3989,3.6335,2.2541,2.3796,3.6086,2.252,1.9805,4.9879,2.5851,2.2662,4.7746,2.3231,2.243,3.7503,1.3556,1.5716,3.8874,2.2438,2.6654,4.7132,1.9182,1.8358,3.8207,0.7695,2.1075,4.092,1.5991,1.726,4.2367,2.242,2.6481,4.7196,1.4476,2.3871,3.2675,6.0803,2.9137,2.3918,1.8372,1.7737,3.5242,1.8543,2.9105,4.1368,2.1188,1.9506,4.8576,1.2025,2.5849,4.3704,1.9622,2.1344,4.8813,1.6097,1.6846,3.9611,1.6157,2.022,3.3046,1.1123,2.6727,3.6584,1.0228,2.7694,3.8954,1.4685,2.4645,3.8994,1.1775,2.6919,3.6802,1.8123,1.6361,4.0688,0.93692,2.452,2.834,1.9555,2.1139,4.4358,0.30584,2.7501,3.0685,1.0498,1.9274,4.2724,0.98904,2.2908,3.1046,1.6815,2.4026,4.5954,0.95457,2.03,2.8627,0.72253,1.9675,2.7306,1.5994,1.6771,3.9669,0.95745,2.4408,2.8654,1.3398,1.5688,3.8467,2.7061,2.5686,4.5765,1.0822,2.1782,3.5948,1.1661,2.7247,3.6812,1.9739,1.9774,4.4946,1.0278,1.9433,4.2461,1.8638,1.6924,3.4644,1.6556,2.5345,3.9889,2.1449,2.5409,4.8827,2.1065,2.3987,3.6613,1.2822,3.0228,3.4926,1.4547,1.5006,4.1991,0.61721,2.9875,3.632,1.6111,1.6596,4.198,0.73123,1.985,2.7335,0.72297,2.1993,3.9624,2.6474,2.5928,4.5153,2.0445,2.0901,3.4216,1.4293,2.8162,3.563,1.0669,2.2697,3.5738,2.5651,2.043,4.5448,1.4725,1.721,4.42,1.5789,2.5696,3.6215,2.0552,2.3658,4.1147,2.632,2.3378,4.9193,0.52753,2.5191,3.058
1051.3,12.772,390.99,16.975,0.21165,3635.1,1.4249,1.7557,4.0864,1.2854,2.2436,4.2813,1.1212,1.925,4.2421,2.45,2.6209,4.3026,0.85429,2.0279,4.2866,1.502,2.6007,3.8791,3.4344,2.7887,0.0585,1.0953,1.9361,4.2417,1.7425,1.5842,4.2057,1.2997,2.2261,4.3351,0.82306,2.0719,4.2147,3.0116,2.826,4.5936,5.4137,2.6422,1.1235,1.3646,2.6853,3.7525,0.84797,2.1424,2.9466,2.6409,2.2196,4.757,1.4693,1.6786,3.9593,0.55728,2.695,3.6607,2.047,1.7893,3.5284,0.96388,2.4069,3.1291,6.2369,2.3061,3.1334,1.7348,1.6879,3.4477,1.8251,2.7272,4.0797,1.7979,1.7853,3.4394,1.3961,1.6187,3.9894,0.3558,2.2161,3.033,2.2326,2.4622,4.6334,1.4763,1.7695,3.2251,0.80262,2.0335,2.7185,3.6755,2.7567,0.26322,2.1093,1.8635,3.6112,0.99448,2.7647,2.9094,1.8989,2.6255,4.143,0.6896,2.0071,2.7973,0.99411,2.3947,3.1746,1.991,1.9426,4.6026,1.8198,1.6363,3.916,0.61602,2.211,3.8331,1.271,2.6411,3.8495,0.79406,2.1985,3.0412,2.869,2.4062,4.6718,2.2425,2.3204,4.9274,1.5397,1.6289,3.9768,1.9686,1.9188,4.5551,1.6181,2.3061,3.2673,0.67872,2.1908,3.01,2.4126,2.4293,4.4212,1.7655,2.5725,4.4373,1.7944,2.64,4.511,2.8796,2.4283,4.7467,1.2272,2.6207,3.7406,1.8585,2.2808,4.425,1.6934,2.8554,3.5916,0.70371,2.4795,2.6233,1.4412,2.2003,4.618,1.91,2.8815,3.8192,0.2095,2.4126,3.2096,1.6777,1.5023,4.0507,0.6692,2.052,3.0234,2.2219,2.2202,4.6076,0.88572,2.4108,3.4247,0.88801,2.1617,3.1404,0.015762,2.8823,1.8234,2.0943,2.029,4.7253,2.6973,2.4271,4.6008,2.4717,2.1793,4.9527,1.8891,2.5683,4.1537,1.0616,1.5924,4.1351,4.5779,2.8457,0.44473,0.85911,2.0999,3.0726,1.3127,2.0501,4.3862,1.0152,2.1099,3.4453,1.9619,2.5721,4.1537,1.7961,1.3692,4.0537,1.2696,2.5021,3.1752,0.82421,2.4713,3.7398,2.1019,1.8098,3.6274,1.4899,2.4456,3.4267,1.637,2.5202,3.7459,1.556,1.5328,4.2636,1.8087,2.552,4.2324,1.9003,2.5518,4.3502,3.511,2.7576,6.2538,1.7597,1.4643,4.0849,1.8055,1.9701,3.4554,1.9942,2.8979,4.8181,1.2576,2.5209,3.2309,2.5675,2.4324,4.896,1.1215,2.5963,4.0588,1.526,2.4435,3.4569,1.1133,1.8358,4.0712,1.6996,1.5111,4.0391,1.7604,1.9809,3.4089,0.30561,2.912,3.3715,2.9326,2.3004,4.6899,1.2895,1.9335,4.2281,1.3855,2.6062,3.5733,1.4278,2.4575,3.3583,1.9072,1.8327,3.606,1.9472,2.475,4.0562,1.0314,2.2781,3.1547,2.5421,1.9698,5.1423,1.3015,2.6044,3.4547,1.3658,2.4936,3.291,0.41153,2.9139,3.4595,0.622,1.8566,2.7639,1.6233,1.9614,4.5348,1.4517,1.7526,4.1673,5.3102,2.8546,1.6222,0.80796,2.0929,2.8203,1.0774,2.6587,4.0637,2.3064,2.5325,3.6058,2.5243,2.4059,4.8333,2.902,2.6534,4.6026,2.0966,2.5008,4.4469,2.3672,2.1725,4.2892,0.73889,2.1039,3.2295,0.50502,2.4332,3.0651,0.58181,2.1506,3.6916,2.3956,2.4281,4.5174,0.91378,2.4338,3.0149,1.2318,1.6392,4.2701,1.6732,2.0307,3.4014,6.0036,2.6585,1.7405,3.4617,2.9077,0.1979,0.85902,2.3806,3.0695,1.6835,1.6223,4.0533,1.5141,1.9084,3.1742,0.78262,2.435,2.9367,2.1568,2.3331,4.8545,1.2285,2.574,3.1973,1.0181,1.9396,3.517,0.39464,1.977,3.327,1.7344,2.0187,3.3777,2.3829,2.1681,4.2643,2.2161,2.1326,5.0126,1.2468,1.6573,3.8422,0.69975,1.9796,2.7836,2.2274,2.1505,5.0552,2.3771,2.2521,4.5781,1.5776,2.4549,3.9668,4.4777,2.8578,0.40763,1.9515,2.4448,4.0336,0.80782,1.9564,4.1056,1.3425,2.6371,4.3041,3.8018,2.8031,0.091592,1.5505,1.6517,3.3045,0.20736,2.3013,3.2533,5.0526,2.8663,1.0107,0.69824,2.7407,3.4169,1.3857,2.5428,3.0613,2.1728,2.0793,4.9307,1.47,1.996,4.4176,1.531,1.623,3.3137,1.4196,2.9007,3.38,0.61395,2.4135,2.9433,0.87943,2.4504,3.0384,0.22305,2.606,3.3106,1.6458,2.3236,4.181,0.61909,2.4204,2.8886,0.98185,2.3221,3.5358,1.395,1.7602,4.2708,0.31091,2.3403,3.3449,1.5234,1.5905,3.3073,0.58898,2.4196,2.9206,3.4761,2.8406,0.1414,1.9063,2.5516,3.9893,2.0578,2.1986,4.6711,2.3063,2.7462,4.8959,1.9185,1.8742,3.8427,1.2843,1.7102,3.7196,2.2101,2.1088,5.0005,1.363,2.6041,3.9144,1.1239,3.0533,2.9488,4.7953,2.8838,0.48868,1.4262,2.7191,4.4851,1.9094,1.8987,3.8815,1.3318,2.653,2.975,0.67771,2.7327,3.3189,1.0284,2.8984,4.2107,0.79913,2.5401,2.7646,0.6673,2.027,2.9022,0.54726,2.4165,3.3716,1.5446,2.1485,4.3218,1.5172,2.7286,4.5402,0.51484,2.0061,2.9389,2.0047,1.8319,3.8032,1.1856,1.7619,3.7088,2.2153,2.6603,4.6444,1.3396,1.6721,4.0968,1.3215,2.1426,3.1313,0.59081,2.0345,2.976,0.54336,2.4268,2.6798,1.6777,2.3877,4.1926,2.2303,2.6291,4.7005,0.54573,2.0354,2.9233,1.576,1.6762,3.3534,0.12345,3.0657,1.9839,0.67201,2.5592,2.6554,3.1472,2.7328,6.1609,0.22781,2.882,2.9254,4.6908,2.9124,0.38508,2.253,2.3123,3.56,1.3009,3.009,4.1466,1.2791,2.3988,3.4326,1.0854,3.0401,3.9404,2.3262,2.2348,3.7287,1.1779,1.7276,3.7113,2.4247,2.3607,4.59,2.5101,2.6955,4.1027,1.3309,2.668,4.3668,1.9157,1.7996,3.8104,1.2339,2.6725,3.7589,2.2872,2.4198,4.8442,1.6326,2.5519,3.5065,2.1652,2.2543,4.1496,0.75659,1.9283,3.3148,2.2288,2.3987,3.6328,2.2537,2.3794,3.6079,2.2519,1.9805,4.9878,2.585,2.2661,4.7744,2.3229,2.243,3.75,1.3556,1.5716,3.8875,2.2434,2.6651,4.7126,1.9182,1.8353,3.8204,0.76955,2.1073,4.0924,1.5991,1.7256,4.2366,2.2412,2.6478,4.7188,1.4475,2.3871,3.2674,6.0809,2.9137,2.3925,1.8373,1.7737,3.5243,1.8539,2.9102,4.1363,2.119,1.9505,4.8577,1.2027,2.5849,4.3707,1.9622,2.1343,4.8812,1.6097,1.6843,3.9611,1.6156,2.022,3.3044,1.1125,2.6725,3.6585,1.023,2.7693,3.8955,1.4687,2.4646,3.8995,1.1776,2.6916,3.6803,1.8122,1.6356,4.0688,0.93699,2.4519,2.8341,1.9556,2.1139,4.4359,0.30634,2.75,3.069,1.0497,1.9273,4.2725,0.989,2.2907,3.1048,1.6816,2.4025,4.5955,0.9545,2.0299,2.8628,0.7225,1.9674,2.7307,1.5994,1.6768,3.9669,0.95753,2.4408,2.8656,1.3398,1.5687,3.8468,2.7061,2.5686,4.5764,1.0822,2.1783,3.5948,1.1662,2.7246,3.6812,1.9738,1.9773,4.4946,1.0278,1.9433,4.2462,1.8638,1.6924,3.4644,1.6556,2.5346,3.9889,2.1448,2.5408,4.8825,2.1064,2.3987,3.6612,1.2825,3.0227,3.4928,1.4547,1.5006,4.199,0.61732,2.9875,3.6321,1.611,1.6594,4.198,0.73121,1.9849,2.7335,0.72308,2.1994,3.9625,2.6474,2.5928,4.5153,2.0445,2.09,3.4214,1.4294,2.8161,3.5632,1.0668,2.2698,3.5737,2.5651,2.043,4.5449,1.4724,1.7209,4.42,1.5788,2.5695,3.6215,2.0552,2.3659,4.1148,2.6319,2.3378,4.9192,0.52765,2.5191,3.0581
1051.3,12.772,390.99,16.975,0.21949,3474.1,1.4226,1.755,4.0852,1.2858,2.2439,4.2822,1.1201,1.9266,4.2411,2.4504,2.6205,4.3039,0.85416,2.0281,4.2865,1.501,2.6037,3.8776,3.4489,2.7851,0.07509,1.0927,1.9403,4.2393,1.743,1.5845,4.2055,1.3004,2.227,4.3366,0.82253,2.0736,4.2142,3.0123,2.8259,4.5943,5.4083,2.6384,1.1174,1.3649,2.6875,3.7531,0.84455,2.1446,2.9427,2.656,2.229,4.7812,1.4696,1.6886,3.9617,0.55077,2.7005,3.6495,2.0473,1.7899,3.5291,0.93354,2.4186,3.1024,6.215,2.3035,3.1056,1.7319,1.6934,3.4518,1.8243,2.7375,4.0803,1.7985,1.7927,3.4431,1.3921,1.6302,3.9831,0.3504,2.2208,3.021,2.2505,2.4699,4.6561,1.4768,1.7766,3.2275,0.79481,2.0447,2.7083,3.7451,2.7339,0.34047,2.1135,1.8667,3.6177,0.99356,2.7665,2.9089,1.9032,2.6292,4.1491,0.68469,2.0207,2.7848,0.97202,2.3941,3.1705,2.0061,1.9484,4.6191,1.8299,1.6518,3.9205,0.62613,2.2131,3.842,1.2868,2.6565,3.8678,0.77457,2.2122,3.0198,2.9019,2.4083,4.7066,2.2514,2.3293,4.9413,1.5463,1.6201,3.9798,1.9842,1.9192,4.5662,1.6358,2.3223,3.2767,0.68076,2.1867,3.0306,2.3992,2.4196,4.4175,1.7479,2.5644,4.3976,1.7902,2.6451,4.4892,2.8724,2.432,4.7307,1.211,2.6391,3.7127,1.8738,2.2761,4.4281,1.6773,2.8359,3.574,0.71366,2.4744,2.6287,1.4198,2.2139,4.5988,1.9006,2.8588,3.808,0.20001,2.4155,3.2002,1.6784,1.4912,4.0456,0.67082,2.0457,3.029,2.2132,2.2115,4.593,0.8874,2.3848,3.4507,0.89507,2.161,3.1573,0.02347,2.8813,1.8409,2.0986,2.0258,4.7269,2.6794,2.4184,4.587,2.4692,2.1702,4.9424,1.8849,2.5608,4.1485,1.0585,1.5582,4.157,4.5503,2.8538,0.41518,0.87147,2.0936,3.0951,1.3142,2.0464,4.3889,1.0146,2.1081,3.4459,1.9429,2.5543,4.1286,1.8054,1.3378,4.0401,1.2714,2.4985,3.1768,0.82754,2.4689,3.7422,2.1018,1.8058,3.6237,1.4885,2.4405,3.4287,1.6393,2.5097,3.7536,1.5517,1.5268,4.266,1.804,2.5419,4.2257,1.8944,2.5411,4.3415,3.5086,2.7579,6.2507,1.7609,1.4588,4.0821,1.8061,1.9682,3.4551,1.9909,2.8959,4.8148,1.2587,2.5193,3.2323,2.5666,2.432,4.8946,1.123,2.5949,4.0601,1.5249,2.4421,3.4565,1.1132,1.8349,4.0716,1.7,1.5091,4.0384,1.7606,1.9803,3.4087,0.30879,2.9116,3.375,2.9321,2.3003,4.6896,1.2891,1.933,4.2283,1.387,2.6042,3.5758,1.4275,2.4572,3.3582,1.9072,1.8277,3.6033,1.9469,2.4753,4.0561,1.0315,2.2761,3.1558,2.5421,1.9694,5.142,1.3035,2.6019,3.4578,1.3654,2.4936,3.2906,0.41229,2.9136,3.4603,0.62164,1.8564,2.7639,1.6231,1.9613,4.5349,1.4515,1.7514,4.1678,5.31,2.8546,1.622,0.80793,2.0928,2.8206,1.0779,2.6585,4.0643,2.3065,2.5324,3.6058,2.5238,2.4058,4.8329,2.9017,2.6532,4.6025,2.0966,2.5008,4.4468,2.3669,2.1724,4.2889,0.73875,2.104,3.2294,0.50518,2.4331,3.0655,0.58148,2.1504,3.6918,2.3957,2.428,4.5175,0.91374,2.4338,3.0152,1.2317,1.6393,4.2701,1.6731,2.0309,3.4012,6.0032,2.6583,1.7401,3.4611,2.9077,0.19748,0.85894,2.3805,3.0695,1.6835,1.6224,4.0533,1.5138,1.9085,3.1742,0.7825,2.435,2.9366,2.1568,2.3331,4.8543,1.2286,2.574,3.1978,1.0179,1.9396,3.5171,0.39466,1.977,3.3271,1.7344,2.0188,3.3774,2.3827,2.1683,4.2644,2.2161,2.1325,5.0125,1.2467,1.6573,3.8421,0.69978,1.9795,2.7837,2.2275,2.1505,5.0553,2.3773,2.2523,4.5782,1.5776,2.4552,3.9668,4.4782,2.8574,0.40837,1.9515,2.4451,4.0337,0.80786,1.9565,4.1056,1.343,2.6372,4.3046,3.8021,2.803,0.09195,1.5503,1.6517,3.3045,0.20697,2.3013,3.2531,5.0524,2.866,1.0109,0.69807,2.7407,3.4166,1.3859,2.5429,3.0616,2.1728,2.0791,4.9306,1.4699,1.9959,4.4176,1.531,1.623,3.3137,1.4196,2.9007,3.3803,0.61405,2.4134,2.9435,0.87896,2.4505,3.0382,0.22282,2.606,3.3104,1.6459,2.3236,4.1812,0.61918,2.4203,2.8888,0.98153,2.3227,3.5354,1.3949,1.7602,4.2707,0.31085,2.3404,3.3449,1.5234,1.5905,3.3073,0.58911,2.4195,2.9208,3.4769,2.8405,0.14224,1.9061,2.5517,3.9891,2.0579,2.1986,4.6713,2.3052,2.7461,4.8946,1.9184,1.8739,3.8427,1.2841,1.7102,3.7196,2.2102,2.1087,5.0005,1.363,2.6041,3.9144,1.1239,3.0532,2.9489,4.7959,2.8836,0.48933,1.4266,2.7191,4.4857,1.9094,1.8987,3.8814,1.332,2.6529,2.9752,0.6779,2.7327,3.3192,1.0288,2.8983,4.2112,0.7997,2.5401,2.7652,0.66735,2.027,2.9022,0.54712,2.4164,3.3716,1.5445,2.1484,4.322,1.5178,2.7286,4.5407,0.51468,2.0061,2.9387,2.0047,1.8319,3.8032,1.1855,1.7618,3.7088,2.2151,2.6604,4.6443,1.3395,1.6723,4.0966,1.3213,2.1426,3.1313,0.59064,2.0347,2.9759,0.54343,2.4268,2.6799,1.6779,2.3879,4.1927,2.23,2.6289,4.7001,0.54558,2.0355,2.923,1.5759,1.6761,3.3534,0.12303,3.0657,1.9835,0.67216,2.5592,2.6556,3.1473,2.7328,6.161,0.228,2.882,2.9256,4.6911,2.9124,0.38546,2.2529,2.312,3.5597,1.3011,3.0089,4.1468,1.2789,2.3989,3.4325,1.0856,3.04,3.9407,2.3259,2.2348,3.7284,1.1779,1.7275,3.7113,2.4247,2.3607,4.5899,2.5098,2.6954,4.1027,1.3309,2.668,4.3667,1.9157,1.7992,3.8102,1.234,2.6723,3.7589,2.287,2.4198,4.8439,1.6328,2.5517,3.5068,2.1652,2.2544,4.1496,0.75654,1.9283,3.3147,2.2285,2.3985,3.6325,2.2534,2.3793,3.6076,2.2518,1.9804,4.9877,2.5849,2.2661,4.7743,2.3226,2.243,3.7498,1.3555,1.5715,3.8875,2.2433,2.665,4.7123,1.9181,1.835,3.8202,0.76957,2.1072,4.0925,1.5991,1.7254,4.2366,2.2409,2.6477,4.7184,1.4475,2.3871,3.2674,6.0811,2.9138,2.3927,1.8373,1.7737,3.5242,1.8536,2.9101,4.1361,2.1192,1.9504,4.8577,1.2028,2.5848,4.371,1.9622,2.1341,4.8811,1.6097,1.6842,3.9611,1.6156,2.022,3.3043,1.1126,2.6723,3.6586,1.0231,2.7693,3.8955,1.4687,2.4646,3.8995,1.1776,2.6915,3.6803,1.8122,1.6354,4.0688,0.93703,2.4519,2.8342,1.9557,2.114,4.436,0.30659,2.7499,3.0692,1.0496,1.9273,4.2726,0.98895,2.2906,3.1049,1.6817,2.4025,4.5955,0.95445,2.0298,2.8629,0.72249,1.9674,2.7307,1.5994,1.6767,3.9668,0.95757,2.4407,2.8657,1.3398,1.5687,3.8468,2.706,2.5685,4.5764,1.0821,2.1784,3.5948,1.1662,2.7246,3.6812,1.9737,1.9773,4.4946,1.0278,1.9432,4.2463,1.8638,1.6924,3.4644,1.6556,2.5346,3.9889,2.1447,2.5408,4.8823,2.1063,2.3987,3.6611,1.2826,3.0227,3.493,1.4547,1.5005,4.199,0.61745,2.9874,3.6322,1.611,1.6594,4.1979,0.73118,1.9848,2.7335,0.72314,2.1994,3.9626,2.6474,2.5927,4.5153,2.0445,2.09,3.4213,1.4295,2.8161,3.5634,1.0667,2.2699,3.5737,2.5651,2.043,4.545,1.4724,1.7209,4.42,1.5788,2.5695,3.6215,2.0552,2.366,4.1148,2.6319,2.3379,4.9191,0.52772,2.5191,3.0581
1051.3,12.772,390.99,16.975,0.22732,3271.1,1.4215,1.7551,4.0846,1.2859,2.2441,4.2825,1.1195,1.9281,4.2403,2.4508,2.6205,4.3048,0.85412,2.0281,4.2863,1.5003,2.6057,3.8765,3.4584,2.7829,0.085636,1.0912,1.9441,4.2372,1.7432,1.585,4.2055,1.3009,2.2277,4.3373,0.82221,2.0747,4.2138,3.0126,2.8259,4.5949,5.4055,2.6365,1.1141,1.3647,2.6895,3.753,0.84254,2.1463,2.9403,2.6693,2.2368,4.8022,1.4694,1.6975,3.9632,0.54603,2.7039,3.6422,2.0474,1.7903,3.5294,0.90316,2.4316,3.0735,6.1972,2.3009,3.0829,1.7297,1.6995,3.4548,1.825,2.7512,4.0822,1.7989,1.7993,3.4463,1.3902,1.6481,3.9739,0.34587,2.2243,3.0118,2.2651,2.4761,4.6747,1.477,1.7823,3.2291,0.78526,2.0567,2.6945,3.8145,2.7069,0.41846,2.1156,1.869,3.6215,0.99255,2.7677,2.9081,1.9059,2.6323,4.1529,0.67578,2.0372,2.7662,0.94164,2.3952,3.1589,2.0235,1.956,4.6385,1.8378,1.6751,3.9244,0.63193,2.2156,3.8462,1.3039,2.677,3.8877,0.75478,2.2284,2.9967,2.9355,2.4082,4.7424,2.2581,2.3366,4.9523,1.5518,1.6122,3.9834,2.0025,1.9215,4.5801,1.6496,2.3377,3.2853,0.68581,2.1785,3.0628,2.3813,2.4023,4.4102,1.7312,2.5538,4.3586,1.7888,2.6503,4.4722,2.8591,2.4351,4.707,1.1899,2.6619,3.6824,1.8866,2.2665,4.4263,1.6596,2.8151,3.5541,0.72469,2.466,2.6353,1.3959,2.2247,4.5796,1.8915,2.8359,3.7966,0.18806,2.4215,3.1887,1.6789,1.4798,4.0399,0.6729,2.0391,3.0354,2.205,2.2026,4.579,0.88936,2.3584,3.481,0.90344,2.1614,3.1781,0.041303,2.8803,1.8575,2.1013,2.0221,4.7264,2.6612,2.407,4.5696,2.4675,2.1622,4.93,1.8822,2.5558,4.1451,1.0563,1.5206,4.1783,4.5234,2.8621,0.38588,0.8839,2.0864,3.1174,1.3154,2.0436,4.3907,1.0146,2.1063,3.447,1.9245,2.5357,4.1037,1.8151,1.3059,4.0264,1.2726,2.4958,3.1778,0.82996,2.4668,3.7443,2.1015,1.8027,3.621,1.4882,2.4358,3.4308,1.6404,2.5007,3.7581,1.5486,1.5213,4.2678,1.8012,2.5351,4.2217,1.8904,2.5339,4.3351,3.5068,2.7581,6.2485,1.7618,1.4545,4.08,1.8063,1.967,3.455,1.9887,2.8947,4.8125,1.2591,2.5182,3.2332,2.566,2.4319,4.8939,1.124,2.5939,4.0611,1.5242,2.441,3.4562,1.1133,1.8344,4.0718,1.7002,1.5079,4.038,1.7607,1.98,3.4086,0.31106,2.9115,3.3775,2.9316,2.3003,4.6893,1.2889,1.9327,4.2283,1.388,2.6029,3.577,1.4275,2.457,3.3581,1.907,1.8242,3.6014,1.9468,2.4754,4.0559,1.0317,2.2745,3.1566,2.5421,1.9692,5.1418,1.3046,2.5992,3.46,1.3652,2.4936,3.2904,0.41279,2.9134,3.4608,0.62145,1.8563,2.7641,1.6231,1.9612,4.5349,1.4514,1.7506,4.1681,5.31,2.8546,1.6219,0.80793,2.0927,2.8208,1.0782,2.6584,4.0647,2.3065,2.5324,3.6058,2.5237,2.4058,4.8327,2.9015,2.6531,4.6024,2.0967,2.5008,4.4467,2.3668,2.1724,4.2887,0.7387,2.104,3.2294,0.50516,2.4331,3.0655,0.5813,2.1503,3.6919,2.3957,2.4281,4.5175,0.9136,2.4338,3.0153,1.2317,1.6393,4.27,1.6731,2.031,3.4011,6.0031,2.6583,1.74,3.4606,2.9077,0.19711,0.85898,2.3805,3.0695,1.6836,1.6224,4.0533,1.5137,1.9085,3.1742,0.78247,2.435,2.9366,2.1568,2.3331,4.8543,1.2285,2.5739,3.1979,1.0177,1.9396,3.5171,0.39481,1.977,3.327,1.7343,2.0189,3.3773,2.3826,2.1683,4.2644,2.2162,2.1325,5.0125,1.2467,1.6573,3.842,0.69977,1.9795,2.7838,2.2276,2.1505,5.0554,2.3774,2.2523,4.5782,1.5776,2.4553,3.9668,4.4784,2.8573,0.40868,1.9515,2.4452,4.0337,0.80796,1.9565,4.1056,1.3432,2.6372,4.3049,3.8022,2.803,0.092071,1.5502,1.6517,3.3045,0.20681,2.3013,3.2531,5.0522,2.8659,1.0109,0.69798,2.7407,3.4165,1.386,2.5429,3.0618,2.1728,2.079,4.9305,1.4699,1.9959,4.4176,1.531,1.6229,3.3136,1.4195,2.9007,3.3803,0.61408,2.4134,2.9435,0.8787,2.4506,3.0381,0.22277,2.606,3.3104,1.646,2.3236,4.1812,0.61915,2.4202,2.8888,0.98142,2.3229,3.5353,1.3948,1.7602,4.2706,0.31084,2.3404,3.3449,1.5234,1.5905,3.3073,0.58919,2.4195,2.9208,3.4773,2.8406,0.1426,1.9061,2.5518,3.9891,2.0579,2.1986,4.6713,2.305,2.7461,4.8941,1.9184,1.8739,3.8427,1.284,1.7102,3.7195,2.2102,2.1086,5.0005,1.3631,2.6042,3.9143,1.1241,3.0532,2.9491,4.7962,2.8835,0.48965,1.4268,2.7191,4.4859,1.9094,1.8987,3.8813,1.332,2.6529,2.9752,0.67793,2.7327,3.3192,1.0289,2.8983,4.2113,0.79991,2.5401,2.7655,0.66737,2.027,2.9022,0.54698,2.4164,3.3715,1.5445,2.1484,4.3221,1.518,2.7286,4.5408,0.51464,2.0062,2.9386,2.0047,1.8319,3.8033,1.1855,1.7618,3.7087,2.2151,2.6604,4.6444,1.3394,1.6724,4.0966,1.3212,2.1426,3.1313,0.59052,2.0348,2.9758,0.54348,2.4267,2.6799,1.6779,2.388,4.1928,2.2299,2.6289,4.7,0.54553,2.0355,2.9229,1.5758,1.6761,3.3534,0.1229,3.0657,1.9834,0.67225,2.5592,2.6557,3.1472,2.7328,6.1609,0.22802,2.8819,2.9256,4.6912,2.9124,0.38563,2.2528,2.3119,3.5596,1.3013,3.0089,4.1468,1.2789,2.399,3.4325,1.0858,3.04,3.9408,2.3258,2.2348,3.7283,1.1779,1.7274,3.7113,2.4248,2.3607,4.5899,2.5098,2.6954,4.1026,1.3309,2.6679,4.3666,1.9157,1.7991,3.8101,1.234,2.6721,3.759,2.2869,2.4197,4.8438,1.6329,2.5515,3.5069,2.1652,2.2544,4.1496,0.75653,1.9282,3.3147,2.2282,2.3985,3.6323,2.2533,2.3793,3.6074,2.2517,1.9804,4.9877,2.5849,2.2661,4.7743,2.3225,2.2429,3.7497,1.3554,1.5715,3.8876,2.2433,2.6649,4.7123,1.9181,1.835,3.8201,0.76959,2.1071,4.0925,1.5991,1.7253,4.2366,2.2407,2.6477,4.7182,1.4474,2.3871,3.2674,6.0812,2.9137,2.3928,1.8373,1.7737,3.5242,1.8534,2.9101,4.136,2.1192,1.9503,4.8577,1.2029,2.5848,4.371,1.9622,2.134,4.8811,1.6097,1.6841,3.9611,1.6155,2.0219,3.3042,1.1127,2.6723,3.6586,1.0232,2.7692,3.8956,1.4687,2.4646,3.8993,1.1777,2.6914,3.6804,1.8123,1.6353,4.0688,0.93706,2.4519,2.8343,1.9557,2.114,4.436,0.30672,2.7499,3.0693,1.0496,1.9272,4.2726,0.98891,2.2906,3.1049,1.6817,2.4025,4.5955,0.95443,2.0298,2.8629,0.7225,1.9673,2.7307,1.5994,1.6767,3.9668,0.95759,2.4407,2.8658,1.3398,1.5686,3.8468,2.7059,2.5685,4.5763,1.0821,2.1784,3.5948,1.1663,2.7246,3.6813,1.9736,1.9773,4.4946,1.0278,1.9432,4.2464,1.8638,1.6924,3.4644,1.6556,2.5347,3.9889,2.1446,2.5408,4.8822,2.1063,2.3987,3.6611,1.2828,3.0227,3.4931,1.4547,1.5005,4.199,0.61758,2.9874,3.6322,1.611,1.6594,4.1979,0.73116,1.9848,2.7335,0.72318,2.1994,3.9626,2.6475,2.5927,4.5153,2.0444,2.09,3.4212,1.4296,2.8161,3.5634,1.0667,2.2699,3.5737,2.5651,2.043,4.545,1.4724,1.7209,4.42,1.5788,2.5695,3.6215,2.0552,2.366,4.1148,2.6318,2.3379,4.919,0.52775,2.519,3.0581
1051.3,12.772,390.99,16.975,0.23516,3017.3,1.4212,1.7553,4.0844,1.2859,2.2442,4.2825,1.1192,1.9291,4.2397,2.451,2.6205,4.3051,0.85413,2.0281,4.2862,1.5,2.6067,3.8761,3.4629,2.782,0.09044,1.0906,1.9464,4.236,1.7434,1.5855,4.2056,1.3011,2.2281,4.3376,0.82203,2.0752,4.2135,3.0127,2.826,4.5952,5.4043,2.6357,1.1129,1.3642,2.6907,3.7525,0.84165,2.1474,2.9391,2.6785,2.2421,4.8166,1.4686,1.704,3.9636,0.54311,2.7054,3.6385,2.0473,1.7907,3.5295,0.87564,2.4441,3.0456,6.1857,2.299,3.0679,1.7284,1.7047,3.4567,1.8271,2.7659,4.0856,1.799,1.8043,3.4484,1.3919,1.6744,3.962,0.34293,2.2264,3.0063,2.2742,2.4801,4.6866,1.477,1.786,3.2298,0.77464,2.0676,2.6779,3.8779,2.6773,0.49206,2.1163,1.8705,3.6231,0.99139,2.7686,2.9072,1.9071,2.6345,4.1547,0.6619,2.057,2.7396,0.89694,2.3996,3.1362,2.043,1.9652,4.6603,1.8396,1.708,3.9271,0.63422,2.2192,3.846,1.3213,2.7038,3.9082,0.73543,2.2469,2.9726,2.9651,2.4063,4.7752,2.2628,2.3434,4.9609,1.5545,1.6062,3.9871,2.0237,1.9262,4.5972,1.6575,2.3505,3.2909,0.69438,2.1652,3.1094,2.359,2.3738,4.3979,1.7149,2.5407,4.3197,1.7914,2.6556,4.462,2.853,2.4371,4.6952,1.1619,2.6893,3.6478,1.894,2.2509,4.417,1.6428,2.7946,3.5332,0.73769,2.4539,2.6432,1.3706,2.2327,4.5647,1.8834,2.815,3.7855,0.17372,2.4282,3.1758,1.6787,1.4692,4.0335,0.67495,2.033,3.0414,2.198,2.1949,4.5668,0.89248,2.3334,3.5165,0.91196,2.1641,3.2018,0.053485,2.8795,1.8701,2.1024,2.0189,4.725,2.6435,2.3938,4.5491,2.4671,2.1551,4.9174,1.8809,2.5533,4.1433,1.0546,1.4823,4.1974,4.4966,2.871,0.35612,0.89549,2.0777,3.1387,1.316,2.0421,4.3917,1.0149,2.1046,3.448,1.9076,2.5165,4.08,1.825,1.2748,4.0135,1.2732,2.4943,3.1783,0.83139,2.4655,3.7457,2.1012,1.8008,3.6193,1.4882,2.4321,3.4323,1.6408,2.4941,3.76,1.5468,1.5165,4.2691,1.8,2.5313,4.2197,1.8883,2.5299,4.3313,3.5057,2.7583,6.2473,1.7622,1.4518,4.0787,1.8064,1.9663,3.4549,1.9872,2.8941,4.8106,1.2593,2.5177,3.2335,2.5658,2.4318,4.8934,1.1247,2.5933,4.0617,1.5239,2.4403,3.456,1.1136,1.834,4.0719,1.7002,1.5074,4.0379,1.7607,1.9799,3.4086,0.31249,2.9114,3.379,2.9314,2.3003,4.6891,1.2888,1.9325,4.2283,1.3885,2.6019,3.5776,1.4274,2.457,3.3581,1.907,1.822,3.6003,1.9468,2.4754,4.0558,1.032,2.2733,3.1573,2.5423,1.9692,5.1416,1.3052,2.5967,3.4615,1.3651,2.4936,3.2903,0.41311,2.9134,3.4611,0.62142,1.8562,2.7643,1.6231,1.9612,4.5349,1.4514,1.7498,4.1683,5.3099,2.8545,1.6218,0.80795,2.0927,2.8208,1.0784,2.6583,4.0649,2.3064,2.5324,3.6058,2.5236,2.4057,4.8326,2.9013,2.6531,4.6023,2.0968,2.5009,4.4467,2.3668,2.1723,4.2885,0.73875,2.1039,3.2294,0.50514,2.4331,3.0655,0.58124,2.1503,3.6919,2.3958,2.4281,4.5174,0.91351,2.4338,3.0152,1.2318,1.6393,4.27,1.6731,2.031,3.401,6.003,2.6583,1.7399,3.4605,2.9078,0.19687,0.85915,2.3805,3.0695,1.6836,1.6225,4.0533,1.5136,1.9086,3.1742,0.78257,2.435,2.9366,2.1568,2.3332,4.8543,1.2285,2.5739,3.198,1.0177,1.9396,3.5171,0.395,1.977,3.327,1.7343,2.019,3.3772,2.3826,2.1684,4.2644,2.2163,2.1325,5.0125,1.2468,1.6573,3.842,0.69973,1.9795,2.7838,2.2277,2.1505,5.0555,2.3776,2.2524,4.5782,1.5776,2.4554,3.9668,4.4785,2.8572,0.40884,1.9515,2.4452,4.0337,0.80807,1.9565,4.1056,1.3433,2.6372,4.3049,3.8023,2.8031,0.092186,1.5502,1.6517,3.3044,0.20679,2.3013,3.2531,5.0521,2.866,1.0109,0.69795,2.7408,3.4163,1.386,2.5429,3.0618,2.1728,2.079,4.9305,1.4699,1.996,4.4175,1.531,1.6229,3.3134,1.4195,2.9007,3.3803,0.61417,2.4134,2.9435,0.87858,2.4506,3.0381,0.22283,2.606,3.3105,1.6461,2.3236,4.1812,0.61907,2.4201,2.8888,0.98141,2.3229,3.5353,1.3947,1.7603,4.2706,0.31087,2.3404,3.3449,1.5235,1.5905,3.3073,0.58927,2.4194,2.9208,3.4775,2.8406,0.14282,1.9062,2.552,3.9891,2.0579,2.1986,4.6713,2.305,2.7461,4.8941,1.9184,1.8739,3.8427,1.284,1.7103,3.7195,2.2102,2.1087,5.0005,1.3632,2.6043,3.9143,1.1243,3.0531,2.9494,4.7963,2.8835,0.48981,1.4269,2.7192,4.486,1.9094,1.8988,3.8812,1.3321,2.6528,2.9752,0.67794,2.7327,3.3191,1.0288,2.8984,4.2112,0.80001,2.5401,2.7656,0.66744,2.027,2.9021,0.54684,2.4164,3.3715,1.5445,2.1485,4.3221,1.5181,2.7286,4.5408,0.51467,2.0062,2.9385,2.0048,1.832,3.8033,1.1856,1.7618,3.7087,2.2151,2.6605,4.6445,1.3394,1.6725,4.0965,1.3211,2.1427,3.1313,0.59045,2.0348,2.9757,0.54354,2.4267,2.6799,1.6779,2.388,4.1927,2.2299,2.6289,4.7,0.54554,2.0356,2.9228,1.5756,1.676,3.3533,0.12282,3.0657,1.9834,0.67234,2.5592,2.6558,3.1471,2.7329,6.1608,0.22802,2.8819,2.9256,4.6913,2.9124,0.38569,2.2527,2.3119,3.5596,1.3014,3.0089,4.1468,1.279,2.399,3.4325,1.0859,3.04,3.9409,2.3256,2.2347,3.7282,1.1779,1.7274,3.7113,2.4248,2.3607,4.5898,2.5098,2.6954,4.1025,1.3308,2.6679,4.3664,1.9157,1.7991,3.8101,1.234,2.6721,3.759,2.2868,2.4197,4.8437,1.6331,2.5515,3.507,2.1652,2.2544,4.1495,0.75652,1.9282,3.3147,2.2281,2.3984,3.6322,2.2533,2.3793,3.6074,2.2515,1.9803,4.9876,2.5849,2.266,4.7742,2.3224,2.2429,3.7496,1.3553,1.5714,3.8876,2.2433,2.6649,4.7123,1.918,1.835,3.8201,0.76959,2.1071,4.0925,1.5991,1.7252,4.2366,2.2406,2.6477,4.7181,1.4473,2.3871,3.2673,6.0813,2.9137,2.3928,1.8373,1.7737,3.524,1.8532,2.9101,4.1359,2.1192,1.9503,4.8576,1.2029,2.5848,4.3711,1.9621,2.1339,4.881,1.6097,1.6841,3.961,1.6154,2.0218,3.3042,1.1128,2.6722,3.6587,1.0232,2.7692,3.8956,1.4687,2.4646,3.8992,1.1777,2.6913,3.6804,1.8124,1.6352,4.0688,0.93709,2.4519,2.8344,1.9557,2.114,4.436,0.30681,2.7499,3.0694,1.0496,1.9272,4.2727,0.98886,2.2906,3.1049,1.6818,2.4024,4.5955,0.95441,2.0298,2.8629,0.72252,1.9673,2.7307,1.5994,1.6767,3.9668,0.95764,2.4407,2.8658,1.3399,1.5686,3.8468,2.7058,2.5685,4.5763,1.0821,2.1783,3.5948,1.1663,2.7246,3.6813,1.9736,1.9772,4.4946,1.0279,1.9432,4.2464,1.8638,1.6924,3.4644,1.6556,2.5347,3.9889,2.1444,2.5408,4.882,2.1063,2.3986,3.6611,1.2829,3.0227,3.4932,1.4547,1.5005,4.199,0.61769,2.9874,3.6323,1.6109,1.6594,4.1979,0.73115,1.9848,2.7335,0.7232,2.1993,3.9626,2.6475,2.5927,4.5153,2.0444,2.09,3.4212,1.4296,2.8161,3.5635,1.0667,2.2699,3.5737,2.5651,2.043,4.545,1.4724,1.7209,4.42,1.5788,2.5696,3.6215,2.0552,2.366,4.1147,2.6317,2.338,4.9189,0.52778,2.519,3.0581
1051.3,12.772,390.99,16.975,0.243,2723.8,1.4212,1.7554,4.0844,1.2859,2.2443,4.2825,1.1191,1.9296,4.2394,2.4511,2.6206,4.3052,0.85415,2.028,4.2861,1.5,2.6072,3.876,3.4644,2.7817,0.092046,1.0904,1.9475,4.2356,1.7435,1.5858,4.2056,1.3012,2.2282,4.3376,0.82185,2.0753,4.2134,3.0127,2.8261,4.5955,5.404,2.6354,1.1124,1.3638,2.6913,3.7522,0.84131,2.1479,2.9386,2.6831,2.2448,4.8237,1.4679,1.7076,3.9635,0.54128,2.7061,3.6367,2.0472,1.791,3.5295,0.85524,2.4535,3.0238,6.18,2.298,3.0603,1.728,1.7079,3.4575,1.8297,2.7771,4.089,1.7991,1.8071,3.4496,1.3983,1.7028,3.9506,0.34126,2.2276,3.0034,2.2786,2.4821,4.6924,1.4768,1.7883,3.2298,0.76608,2.0753,2.6636,3.9239,2.6509,0.5487,2.1164,1.8715,3.6236,0.99004,2.7694,2.9061,1.9073,2.636,4.1554,0.64537,2.0765,2.7106,0.83966,2.4059,3.1055,2.0623,1.9739,4.681,1.8297,1.7409,3.9272,0.63461,2.222,3.8437,1.3402,2.7311,3.9285,0.71814,2.2655,2.9507,2.9885,2.404,4.8023,2.2653,2.3497,4.9671,1.5549,1.6054,3.9874,2.0451,1.9329,4.6148,1.6602,2.3599,3.2933,0.70259,2.1513,3.1634,2.3356,2.3388,4.3808,1.701,2.5268,4.2827,1.7977,2.6608,4.4581,2.8578,2.4383,4.6995,1.1302,2.716,3.612,1.8973,2.2317,4.4034,1.63,2.7767,3.5157,0.75149,2.4394,2.6514,1.3492,2.2395,4.5646,1.877,2.7985,3.776,0.15767,2.4348,3.1638,1.678,1.4607,4.0277,0.67647,2.0286,3.0459,2.1931,2.1892,4.5578,0.89491,2.3127,3.5515,0.91602,2.1699,3.2228,0.060878,2.8791,1.8778,2.1026,2.0167,4.7235,2.6305,2.3824,4.5299,2.467,2.1487,4.9048,1.8804,2.5522,4.1427,1.0542,1.4508,4.2109,4.4718,2.8806,0.32832,0.90551,2.0683,3.1575,1.3162,2.0412,4.3921,1.0154,2.1033,3.4489,1.8935,2.4985,4.0594,1.8348,1.2477,4.0023,1.2735,2.4933,3.1785,0.83212,2.4649,3.7467,2.101,1.7996,3.6181,1.4884,2.4296,3.4333,1.6405,2.4898,3.76,1.5456,1.5124,4.2698,1.7997,2.5294,4.2186,1.8874,2.5278,4.3293,3.5052,2.7585,6.2468,1.7625,1.4501,4.078,1.8066,1.966,3.455,1.9863,2.8937,4.8092,1.2593,2.5175,3.2336,2.5657,2.4317,4.8932,1.1253,2.593,4.0621,1.5239,2.4398,3.4559,1.1139,1.8337,4.0719,1.7002,1.507,4.0379,1.7607,1.9799,3.4086,0.31334,2.9114,3.3796,2.9314,2.3003,4.689,1.2889,1.9323,4.2283,1.3888,2.6012,3.5777,1.4275,2.4569,3.3581,1.9071,1.8207,3.5997,1.9469,2.4754,4.0558,1.0323,2.2725,3.1577,2.5426,1.9692,5.1415,1.3055,2.5944,3.4626,1.3651,2.4937,3.2903,0.41329,2.9133,3.4612,0.62153,1.8561,2.7644,1.6233,1.9612,4.5348,1.4515,1.7494,4.1683,5.3099,2.8545,1.6217,0.80803,2.0926,2.8209,1.0787,2.6582,4.0649,2.3064,2.5324,3.6057,2.5235,2.4057,4.8326,2.9012,2.6531,4.6022,2.097,2.5009,4.4468,2.367,2.1724,4.2883,0.73887,2.1039,3.2294,0.50515,2.433,3.0655,0.58129,2.1503,3.6918,2.396,2.4282,4.5174,0.91351,2.4338,3.0151,1.2319,1.6392,4.27,1.6733,2.0311,3.401,6.003,2.6583,1.7398,3.4605,2.9078,0.19672,0.85941,2.3804,3.0694,1.6836,1.6226,4.0534,1.5137,1.9086,3.1742,0.78277,2.435,2.9366,2.1568,2.3332,4.8544,1.2285,2.5739,3.198,1.0177,1.9396,3.517,0.39522,1.9769,3.3269,1.7344,2.019,3.3772,2.3827,2.1684,4.2645,2.2166,2.1326,5.0125,1.247,1.6573,3.8419,0.69971,1.9795,2.7838,2.228,2.1505,5.0555,2.3778,2.2525,4.5781,1.5776,2.4554,3.9668,4.4787,2.8572,0.40898,1.9516,2.4453,4.0338,0.80819,1.9565,4.1056,1.3434,2.6371,4.3049,3.8026,2.8031,0.092351,1.5502,1.6517,3.3044,0.20684,2.3012,3.2531,5.0519,2.866,1.0108,0.69794,2.7408,3.4162,1.386,2.543,3.0619,2.1728,2.0789,4.9305,1.4699,1.996,4.4174,1.5311,1.6228,3.3133,1.4194,2.9006,3.3803,0.61431,2.4133,2.9434,0.87856,2.4507,3.0381,0.22299,2.606,3.3105,1.6462,2.3235,4.1811,0.619,2.42,2.8888,0.98145,2.323,3.5352,1.3947,1.7604,4.2706,0.31096,2.3404,3.3449,1.5237,1.5905,3.3072,0.58939,2.4193,2.9208,3.4778,2.8406,0.14303,1.9062,2.5521,3.9892,2.058,2.1986,4.6714,2.305,2.7462,4.8941,1.9185,1.874,3.8428,1.284,1.7104,3.7194,2.2103,2.1087,5.0006,1.3633,2.6044,3.9142,1.1245,3.0531,2.9497,4.7965,2.8835,0.48993,1.427,2.7192,4.486,1.9094,1.8988,3.8811,1.332,2.6528,2.9751,0.67799,2.7328,3.319,1.0287,2.8985,4.211,0.80012,2.5401,2.7657,0.66753,2.0269,2.9021,0.54668,2.4165,3.3715,1.5445,2.1486,4.3221,1.5181,2.7286,4.5408,0.51475,2.0063,2.9384,2.0049,1.8321,3.8033,1.1856,1.7618,3.7086,2.2152,2.6606,4.6446,1.3394,1.6727,4.0965,1.3211,2.1427,3.1313,0.59042,2.0349,2.9756,0.54361,2.4267,2.6799,1.678,2.388,4.1927,2.2299,2.6289,4.6999,0.5456,2.0356,2.9227,1.5754,1.676,3.3532,0.12274,3.0656,1.9833,0.67248,2.5591,2.656,3.147,2.7329,6.1606,0.22803,2.8818,2.9256,4.6913,2.9125,0.38572,2.2526,2.3119,3.5596,1.3015,3.0089,4.1467,1.2791,2.399,3.4325,1.086,3.0399,3.9408,2.3255,2.2347,3.7281,1.1779,1.7273,3.7112,2.4249,2.3607,4.5898,2.5099,2.6954,4.1025,1.3307,2.6678,4.3663,1.9157,1.7991,3.8101,1.2341,2.672,3.7591,2.2867,2.4197,4.8436,1.6334,2.5514,3.507,2.1651,2.2544,4.1495,0.75652,1.9281,3.3147,2.2279,2.3983,3.632,2.2532,2.3793,3.6073,2.2514,1.9803,4.9875,2.5849,2.266,4.7741,2.3224,2.2428,3.7495,1.3553,1.5713,3.8876,2.2434,2.6649,4.7123,1.9181,1.835,3.82,0.76959,2.107,4.0924,1.5991,1.7251,4.2366,2.2404,2.6477,4.718,1.4472,2.3871,3.2673,6.0814,2.9137,2.3929,1.8374,1.7737,3.5239,1.853,2.9101,4.1358,2.1192,1.9502,4.8576,1.2029,2.5847,4.3711,1.9621,2.1339,4.881,1.6097,1.6841,3.961,1.6153,2.0217,3.3041,1.1129,2.6722,3.6588,1.0232,2.7692,3.8956,1.4686,2.4646,3.899,1.1778,2.6913,3.6805,1.8125,1.6352,4.0688,0.93713,2.4518,2.8345,1.9557,2.1139,4.436,0.30689,2.7499,3.0695,1.0495,1.9271,4.2727,0.98883,2.2906,3.1049,1.6818,2.4024,4.5955,0.95439,2.0298,2.8629,0.72254,1.9673,2.7307,1.5995,1.6767,3.9667,0.95769,2.4407,2.8659,1.34,1.5686,3.8468,2.7057,2.5685,4.5762,1.082,2.1783,3.5948,1.1663,2.7246,3.6813,1.9735,1.9772,4.4946,1.0279,1.9431,4.2465,1.8638,1.6925,3.4644,1.6556,2.5347,3.9889,2.1442,2.5408,4.8819,2.1063,2.3986,3.6611,1.2831,3.0227,3.4933,1.4546,1.5006,4.199,0.61778,2.9873,3.6323,1.6108,1.6595,4.1979,0.73113,1.9848,2.7335,0.72321,2.1993,3.9627,2.6476,2.5927,4.5153,2.0444,2.09,3.4212,1.4297,2.8161,3.5636,1.0666,2.2699,3.5737,2.5651,2.0429,4.545,1.4724,1.7208,4.42,1.5788,2.5696,3.6214,2.0552,2.3661,4.1147,2.6316,2.338,4.9188,0.52782,2.5189,3.0581
1051.3,12.772,390.99,16.975,0.25084,2414.9,1.4212,1.7554,4.0845,1.2858,2.2443,4.2825,1.119,1.9298,4.2393,2.4511,2.6207,4.3053,0.85418,2.028,4.286,1.5,2.6074,3.8761,3.4649,2.7817,0.092658,1.0903,1.9478,4.2354,1.7436,1.586,4.2057,1.3011,2.2283,4.3375,0.8217,2.0753,4.2132,3.0127,2.8262,4.5957,5.4039,2.6353,1.1123,1.3636,2.6916,3.752,0.84111,2.1483,2.9383,2.6849,2.2459,4.8264,1.4674,1.7094,3.9632,0.54002,2.7063,3.6357,2.047,1.7913,3.5294,0.84216,2.4594,3.0094,6.1781,2.2977,3.0576,1.728,1.7095,3.4577,1.8316,2.7827,4.091,1.7992,1.8084,3.45,1.4114,1.7327,3.9401,0.34032,2.228,3.0021,2.2801,2.4832,4.6949,1.4765,1.7896,3.2296,0.76197,2.0794,2.656,3.9505,2.6319,0.5854,2.1163,1.8723,3.624,0.98858,2.77,2.9049,1.9073,2.6372,4.1557,0.62893,2.0912,2.6846,0.78028,2.4096,3.073,2.0797,1.9825,4.6991,1.8052,1.7726,3.9249,0.63395,2.2246,3.8402,1.3647,2.7556,3.9528,0.70408,2.2823,2.9328,3.0041,2.4022,4.8219,2.2667,2.3558,4.972,1.555,1.6117,3.9843,2.065,1.941,4.6298,1.6601,2.3664,3.2934,0.70967,2.1399,3.2139,2.313,2.3016,4.358,1.6941,2.5164,4.2547,1.8065,2.6662,4.4588,2.8654,2.4373,4.7091,1.0926,2.7405,3.572,1.8986,2.2125,4.3885,1.6224,2.7635,3.5035,0.76417,2.4239,2.6582,1.3406,2.2452,4.5816,1.8726,2.7879,3.7691,0.14285,2.4412,3.1549,1.6767,1.4549,4.0232,0.67734,2.026,3.0484,2.19,2.1858,4.5522,0.89597,2.2961,3.5816,0.9118,2.1765,3.2379,0.064758,2.879,1.8818,2.1026,2.0156,4.7224,2.6207,2.3732,4.5128,2.4676,2.1433,4.894,1.8801,2.5516,4.1424,1.0546,1.4273,4.2212,4.4472,2.89,0.30114,0.91385,2.0589,3.1737,1.3163,2.0408,4.3922,1.0158,2.1025,3.4494,1.8832,2.4824,4.043,1.8434,1.2252,3.9935,1.2738,2.4929,3.1787,0.83249,2.4647,3.7472,2.1009,1.7987,3.6173,1.4886,2.4279,3.4336,1.6402,2.4872,3.7596,1.5451,1.5091,4.2701,1.7998,2.5282,4.2181,1.887,2.5268,4.3282,3.505,2.7585,6.2466,1.7627,1.449,4.0776,1.8067,1.9658,3.455,1.9857,2.8935,4.808,1.2593,2.5174,3.2337,2.5657,2.4317,4.8931,1.1257,2.5927,4.0623,1.524,2.4395,3.4559,1.1143,1.8335,4.0719,1.7002,1.5069,4.0379,1.7607,1.9799,3.4086,0.31384,2.9114,3.38,2.9314,2.3003,4.689,1.289,1.9322,4.2283,1.3889,2.6007,3.5777,1.4275,2.4569,3.3581,1.9074,1.8199,3.5993,1.9471,2.4754,4.0557,1.0326,2.2721,3.1579,2.5428,1.9693,5.1414,1.3053,2.5925,3.4632,1.3651,2.4938,3.2902,0.41341,2.9133,3.4611,0.62171,1.8561,2.7645,1.6235,1.9612,4.5348,1.4515,1.7489,4.1683,5.3098,2.8544,1.6215,0.80816,2.0926,2.8209,1.079,2.6582,4.0649,2.3063,2.5324,3.6057,2.5235,2.4057,4.8325,2.9012,2.6531,4.6021,2.0973,2.501,4.4468,2.3672,2.1724,4.2882,0.73901,2.1039,3.2293,0.5052,2.433,3.0655,0.58137,2.1503,3.6918,2.3961,2.4283,4.5173,0.91356,2.4338,3.0151,1.2321,1.6392,4.27,1.6734,2.0312,3.401,6.0029,2.6583,1.7397,3.4606,2.9079,0.19665,0.85973,2.3804,3.0694,1.6837,1.6226,4.0534,1.5138,1.9086,3.1742,0.78301,2.435,2.9366,2.1569,2.3333,4.8544,1.2285,2.5738,3.198,1.0178,1.9397,3.5169,0.39545,1.9769,3.3269,1.7344,2.019,3.3772,2.3828,2.1685,4.2645,2.2169,2.1326,5.0125,1.2472,1.6573,3.8418,0.69969,1.9795,2.7837,2.2283,2.1506,5.0555,2.378,2.2525,4.5781,1.5776,2.4554,3.9668,4.4788,2.8571,0.40914,1.9518,2.4453,4.0339,0.80831,1.9565,4.1055,1.3435,2.6371,4.3048,3.803,2.8031,0.092551,1.5503,1.6517,3.3044,0.20692,2.3012,3.2531,5.0518,2.866,1.0107,0.69794,2.7409,3.4161,1.3861,2.543,3.0619,2.1728,2.0789,4.9304,1.4699,1.996,4.4174,1.5311,1.6227,3.3132,1.4194,2.9006,3.3802,0.61449,2.4133,2.9434,0.87858,2.4507,3.0381,0.22319,2.606,3.3105,1.6463,2.3235,4.181,0.61893,2.4199,2.8888,0.98149,2.323,3.5352,1.3947,1.7605,4.2707,0.31108,2.3404,3.3448,1.5239,1.5905,3.3072,0.58953,2.4193,2.9208,3.4781,2.8406,0.14325,1.9063,2.5522,3.9893,2.0581,2.1986,4.6714,2.3051,2.7463,4.8941,1.9186,1.8741,3.8428,1.284,1.7104,3.7194,2.2104,2.1087,5.0006,1.3634,2.6045,3.9142,1.1248,3.053,2.95,4.7967,2.8835,0.49006,1.427,2.7193,4.486,1.9094,1.8988,3.881,1.332,2.6527,2.9751,0.67808,2.7328,3.319,1.0286,2.8986,4.2107,0.80025,2.54,2.7658,0.66763,2.0269,2.9021,0.54653,2.4165,3.3715,1.5446,2.1487,4.3221,1.5182,2.7287,4.5407,0.51485,2.0063,2.9383,2.005,1.8321,3.8033,1.1857,1.7617,3.7085,2.2152,2.6607,4.6446,1.3395,1.6728,4.0965,1.3212,2.1428,3.1312,0.59042,2.0349,2.9755,0.54369,2.4266,2.6798,1.678,2.388,4.1926,2.2299,2.6289,4.6999,0.54569,2.0356,2.9227,1.5752,1.6759,3.3532,0.12266,3.0656,1.9832,0.67263,2.5591,2.6561,3.1468,2.733,6.1605,0.22804,2.8818,2.9256,4.6913,2.9126,0.38573,2.2525,2.312,3.5595,1.3015,3.0089,4.1466,1.2792,2.3991,3.4325,1.0861,3.0399,3.9408,2.3254,2.2347,3.728,1.178,1.7273,3.7112,2.4249,2.3607,4.5898,2.51,2.6955,4.1024,1.3306,2.6678,4.3661,1.9158,1.7992,3.81,1.2341,2.6719,3.7591,2.2865,2.4196,4.8435,1.6336,2.5513,3.507,2.1651,2.2544,4.1495,0.75653,1.928,3.3147,2.2277,2.3983,3.6319,2.2532,2.3793,3.6073,2.2514,1.9802,4.9875,2.5849,2.266,4.774,2.3224,2.2428,3.7494,1.3552,1.5712,3.8876,2.2434,2.6649,4.7123,1.9181,1.8349,3.82,0.76959,2.1069,4.0924,1.5991,1.7251,4.2367,2.2403,2.6477,4.7178,1.4471,2.3871,3.2673,6.0815,2.9137,2.3929,1.8374,1.7737,3.5238,1.8528,2.9101,4.1357,2.1193,1.9502,4.8575,1.2029,2.5847,4.3711,1.9621,2.1338,4.8809,1.6097,1.6841,3.961,1.6152,2.0216,3.3041,1.113,2.6721,3.6588,1.0232,2.7692,3.8956,1.4685,2.4646,3.8988,1.1778,2.6912,3.6806,1.8126,1.6352,4.0688,0.93717,2.4518,2.8345,1.9557,2.1139,4.436,0.30697,2.7499,3.0696,1.0495,1.9271,4.2727,0.98879,2.2906,3.1049,1.6819,2.4023,4.5955,0.95438,2.0298,2.8629,0.72256,1.9674,2.7306,1.5995,1.6767,3.9667,0.95774,2.4407,2.8659,1.34,1.5685,3.8468,2.7056,2.5685,4.5761,1.082,2.1783,3.5948,1.1663,2.7246,3.6812,1.9734,1.9772,4.4946,1.0279,1.9431,4.2465,1.8637,1.6925,3.4644,1.6555,2.5347,3.9889,2.144,2.5409,4.8817,2.1063,2.3986,3.6612,1.2832,3.0227,3.4934,1.4546,1.5006,4.199,0.61786,2.9873,3.6323,1.6108,1.6595,4.1979,0.73113,1.9848,2.7334,0.72323,2.1993,3.9627,2.6477,2.5927,4.5154,2.0444,2.09,3.4211,1.4298,2.8162,3.5636,1.0666,2.2699,3.5736,2.5651,2.0429,4.545,1.4725,1.7208,4.4199,1.5788,2.5696,3.6214,2.0552,2.3661,4.1147,2.6315,2.3381,4.9187,0.52784,2.5189,3.0581
1535.0,15.571,79.114,15.468,0.0079119,760.6,1.5223,1.8349,4.1724,1.2775,2.2253,4.2231,1.2296,1.9857,4.2335,2.4974,2.662,4.3015,0.85764,2.0604,4.219,1.5205,2.4852,3.8935,3.0136,2.8389,5.825,1.2275,1.9873,4.2347,1.7478,1.7151,4.247,1.2766,2.2263,4.225,0.85718,2.0613,4.2152,2.8917,2.8353,4.5071,5.7044,2.7752,1.4609,1.2398,2.8422,3.625,0.95575,2.145,3.0213,2.4843,2.0519,4.4471,1.4721,1.6747,3.9053,0.6584,2.5706,3.8833,2.006,1.7635,3.4738,1.0743,2.4462,3.0589,0.27032,2.2859,3.5606,1.7857,1.674,3.3879,2.1379,2.8245,4.4431,1.7868,1.6721,3.3906,1.4754,1.6729,3.9077,0.39513,2.1335,3.2023,2.0361,2.355,4.3875,1.4744,1.6666,3.1995,0.83218,1.8745,2.7736,3.0142,2.8413,5.8219,2.006,1.7628,3.4748,1.0073,2.7156,2.8807,1.8177,2.5884,4.002,0.63149,1.8698,2.7979,1.0727,2.4454,3.0553,1.8975,1.9143,4.4932,1.6805,1.6931,3.8945,0.51023,2.2015,3.7443,1.1936,2.4205,3.7856,1.0044,2.0597,3.2698,2.5462,2.2982,4.2909,2.0694,2.1486,4.6775,1.4782,1.6739,3.9114,1.896,1.9166,4.4926,1.4893,2.1706,3.2668,0.82173,2.0803,3.1865,2.4189,2.3724,4.3159,1.9462,2.6023,4.8906,1.9373,2.5954,4.8795,2.5461,2.2986,4.2906,1.2871,2.487,3.9457,1.6872,2.232,4.2945,2.0607,3.0629,4.0037,0.50187,2.4701,2.4747,1.5419,2.0555,4.6077,2.0814,3.0664,4.0276,0.39137,2.3745,3.4367,1.6618,1.6294,4.0822,0.70858,2.0224,3.0969,2.2443,2.2407,4.6478,0.62895,2.6187,3.0007,1.0041,2.0631,3.27,0.12237,2.8904,1.9663,1.9952,1.986,4.589,2.5456,2.2993,4.2929,2.6753,2.3379,5.1992,2.1445,2.8226,4.4468,1.0788,1.8489,3.9459,4.6181,2.9978,0.50433,0.88612,2.1182,3.0528,1.3045,2.1003,4.2657,1.055,2.0879,3.4921,2.3119,2.7547,4.582,1.7015,1.5987,4.1578,1.1438,2.5583,3.068,0.74974,2.4273,3.7677,2.0553,1.9277,3.7387,1.6003,2.4375,3.4702,1.6617,2.5224,3.609,1.6584,1.6775,4.2498,2.1092,2.8099,4.5859,2.1146,2.8102,4.5888,3.3611,2.7817,6.123,1.7009,1.5982,4.158,1.7039,2.0051,3.4523,2.1315,2.9376,4.9277,1.1457,2.5583,3.072,2.6366,2.4464,4.9872,1.025,2.6047,4.0653,1.6017,2.4368,3.4698,1.1844,1.7982,4.1025,1.6617,1.6291,4.0835,1.7031,2.005,3.4511,0.28869,2.9466,3.3355,2.8713,2.2932,4.5644,1.3167,1.9503,4.2058,1.2489,2.6883,3.3228,1.4637,2.4592,3.3439,1.842,1.9844,3.7251,1.9509,2.3376,3.9932,1.0959,2.2831,3.1878,2.5396,2.0494,5.1492,1.2413,2.6883,3.3114,1.4618,2.4609,3.3409,0.29709,2.9464,3.3449,0.67637,1.8076,2.9109,1.6996,2.0274,4.4219,1.467,1.8629,4.1198,5.534,2.9009,1.846,0.8192,2.1213,2.7812,1.0241,2.6054,4.0655,2.1554,2.5248,3.6218,2.6372,2.4442,4.9877,2.7998,2.7045,4.5193,2.161,2.5293,4.5323,2.3492,2.1031,4.1956,0.76529,1.9902,3.3476,0.32888,2.474,2.8843,0.60395,2.1411,3.7129,2.3853,2.5098,4.4307,0.75138,2.465,2.8537,1.2551,1.5845,4.2868,1.7019,2.0059,3.4502,6.1207,2.6893,2.0392,3.2198,2.938,6.2115,0.74517,2.4645,2.8533,1.6611,1.6328,4.0867,1.4943,1.8643,3.1827,0.7434,2.4649,2.8501,2.1677,2.3474,4.9535,1.1448,2.5623,3.071,1.0021,1.9628,3.5036,0.53001,1.9789,3.2559,1.7014,2.0069,3.4497,2.3858,2.0809,4.1976,2.1434,2.1543,4.9803,1.2889,1.7517,3.8012,0.68323,1.9771,2.7561,2.1427,2.1537,4.9814,2.3198,2.186,4.462,1.5672,2.2908,3.9627,4.2015,3.0071,0.13416,1.9551,2.3379,3.9963,0.8379,1.9633,4.1179,1.176,2.573,4.2144,3.5227,2.8537,6.0856,1.5326,1.6178,3.287,0.32221,2.2982,3.4064,5.1324,2.9895,1.0725,0.56291,2.7833,3.2598,1.2673,2.5066,2.9782,2.1414,2.1516,4.9804,1.4733,2.0936,4.3505,1.5255,1.6226,3.2874,1.3783,2.9283,3.3626,0.45256,2.4501,2.7212,0.92713,2.4535,3.0029,0.22127,2.6176,3.3397,1.6117,2.2562,4.1253,0.44797,2.4472,2.7143,1.0481,2.1698,3.6589,1.3945,1.8065,4.2929,0.32418,2.3,3.4065,1.5289,1.6169,3.2871,0.44896,2.4505,2.7189,2.9888,2.8702,5.9065,2.0066,2.5977,4.0348,1.9715,2.1779,4.5891,2.6337,2.775,5.2728,1.8909,1.9642,3.9031,1.2937,1.8151,3.6889,2.1442,2.1537,4.9821,1.402,2.6565,4.0083,1.1154,3.0843,2.9578,4.6898,2.9851,0.41254,1.2579,2.6843,4.3338,1.9042,1.9563,3.8846,1.2467,2.6363,2.8651,0.36369,2.7733,2.9565,0.93645,2.8903,4.1288,0.57403,2.5211,2.581,0.6969,1.933,2.9905,0.54698,2.3968,3.4283,1.5665,2.1751,4.2287,1.2594,2.6859,4.3373,0.63307,1.9494,3.1156,1.9797,1.8958,3.8179,1.1934,1.845,3.6465,2.4618,2.7229,4.9816,1.3762,1.5258,4.1718,1.3888,2.156,3.1739,0.6361,1.9483,3.1155,0.46291,2.4498,2.5691,1.6133,2.254,4.1276,2.4594,2.7221,4.9815,0.6348,1.95,3.1138,1.5646,1.7128,3.3275,0.51471,3.0397,2.4287,0.57331,2.5211,2.5829,2.9121,2.7437,5.8926,6.1814,2.8641,2.5476,4.6755,2.9876,0.3961,2.3461,2.4086,3.753,0.87915,3.0811,3.6622,1.4385,2.2552,3.563,0.84811,3.0791,3.6315,2.3678,2.2378,3.8101,1.1919,1.8451,3.6456,2.4267,2.3381,4.5604,2.5842,2.6279,4.0327,1.262,2.6842,4.3376,1.892,1.9618,3.9039,1.1267,2.7952,3.653,2.449,2.4854,5.0903,1.6065,2.6218,3.3012,2.1685,2.1878,4.1028,0.78656,1.9029,3.3709,2.3462,2.4102,3.7521,2.3478,2.4122,3.7539,2.184,1.8894,4.9025,2.6453,2.2905,4.7933,2.366,2.2391,3.8101,1.38,1.5853,3.8359,2.4618,2.7207,4.9844,1.8915,1.962,3.9044,0.77867,2.1417,3.962,1.6013,1.8326,4.2581,2.4609,2.7219,4.984,1.4455,2.3897,3.2609,5.9273,2.8808,2.2065,1.8587,1.8008,3.4757,1.9754,3.023,4.2993,2.0145,1.9506,4.7538,1.1013,2.5799,4.2728,1.8838,2.1504,4.862,1.6133,1.8018,3.9663,1.605,2.0102,3.3914,1.0139,2.7759,3.5643,0.91343,2.8308,3.8121,1.3794,2.3911,3.8441,1.1236,2.7963,3.6497,1.8388,1.7961,4.0929,0.91298,2.4609,2.7741,1.9105,2.0695,4.3858,0.076889,2.7963,2.8426,1.0855,1.9598,4.2608,0.94791,2.3369,3.01,1.634,2.3964,4.587,0.97849,2.0876,2.8338,0.74345,1.9993,2.7425,1.6128,1.8011,3.9683,0.91469,2.4601,2.7757,1.38,1.5863,3.8365,2.7689,2.5895,4.6347,1.0848,2.1382,3.6261,1.1221,2.7983,3.6509,1.976,1.9875,4.4772,1.0829,1.962,4.2586,1.8531,1.6534,3.4508,1.6621,2.4823,3.9992,2.1129,2.5551,4.9229,2.1541,2.3812,3.7099,1.1875,3.0733,3.4191,1.4461,1.4683,4.2321,0.62064,2.9993,3.6159,1.6241,1.7501,4.2331,0.74437,1.9982,2.7422,0.69065,2.1942,3.9442,2.6873,2.6025,4.5363,1.9933,2.1278,3.4401,1.382,2.9204,3.5357,1.0816,2.1936,3.6337,2.532,2.0005,4.4712,1.4907,1.7349,4.4222,1.6093,2.5923,3.5832,2.0624,2.2887,4.0733,2.7084,2.3734,5.0084,0.44682,2.5311,2.9602
1535.0,15.571,79.114,15.468,0.015824,1358.7,1.5201,1.8324,4.1696,1.2767,2.2258,4.2241,1.227,1.9836,4.2343,2.4952,2.6606,4.3,0.8573,2.0586,4.2221,1.5206,2.4889,3.8935,3.024,2.8391,5.8379,1.2245,1.9854,4.236,1.7472,1.7104,4.2457,1.2762,2.2261,4.2271,0.85556,2.0611,4.2144,2.8945,2.8351,4.5082,5.6927,2.7723,1.4475,1.2449,2.8361,3.6302,0.95301,2.1452,3.0185,2.4858,2.0547,4.4517,1.4714,1.6715,3.906,0.657,2.5733,3.8799,2.0069,1.7649,3.4754,1.0781,2.4439,3.0664,0.26598,2.2878,3.5539,1.7845,1.6757,3.3892,2.1243,2.8211,4.4285,1.7867,1.6758,3.3918,1.4738,1.6696,3.9104,0.39372,2.1356,3.1978,2.0394,2.3581,4.3918,1.4749,1.6689,3.2001,0.83164,1.8788,2.7712,3.0235,2.8412,5.833,2.0062,1.7662,3.4761,1.0086,2.7157,2.8832,1.818,2.5875,4.0041,0.63217,1.8734,2.7968,1.0747,2.444,3.0602,1.8973,1.9147,4.4937,1.6824,1.6885,3.8931,0.51058,2.2023,3.7442,1.194,2.426,3.7836,1.0019,2.063,3.2656,2.5497,2.301,4.2961,2.0722,2.1518,4.6821,1.4782,1.6715,3.9135,1.8951,1.9165,4.4927,1.4885,2.1724,3.265,0.81934,2.0846,3.1813,2.4206,2.3752,4.3206,1.9446,2.6018,4.8863,1.9333,2.5961,4.8736,2.5488,2.3018,4.2967,1.2864,2.4888,3.9426,1.6888,2.2333,4.2969,2.0541,3.061,3.9952,0.50541,2.4698,2.4777,1.5408,2.0563,4.6102,2.0833,3.0651,4.0274,0.38779,2.3765,3.432,1.6624,1.6261,4.0814,0.70665,2.0255,3.0926,2.2453,2.2427,4.6513,0.63736,2.6162,3.0103,1.0016,2.0667,3.2655,0.10913,2.8908,1.951,1.9962,1.9883,4.5922,2.5474,2.3032,4.2985,2.6702,2.3359,5.195,2.1335,2.8177,4.4347,1.0782,1.8454,3.9488,4.6211,2.9935,0.50566,0.8836,2.1201,3.0484,1.303,2.0995,4.2683,1.0542,2.0896,3.4901,2.3014,2.7517,4.5699,1.7025,1.5959,4.1566,1.1478,2.5575,3.0728,0.75117,2.4304,3.7649,2.0576,1.9243,3.736,1.6,2.4382,3.4717,1.6601,2.5251,3.6098,1.6562,1.6733,4.2501,2.0988,2.8061,4.5752,2.1082,2.806,4.5826,3.3728,2.7808,6.1356,1.7024,1.5947,4.1568,1.707,2.0041,3.4508,2.1293,2.9371,4.9276,1.1499,2.5578,3.0781,2.6325,2.4456,4.9823,1.0284,2.6073,4.0658,1.6007,2.4378,3.4708,1.182,1.8014,4.1013,1.6627,1.6249,4.082,1.7049,2.0044,3.4491,0.2873,2.9453,3.335,2.8739,2.2937,4.5693,1.316,1.9492,4.2074,1.2545,2.6855,3.3309,1.4627,2.4594,3.3452,1.8439,1.9815,3.7228,1.9505,2.3418,3.9953,1.0936,2.284,3.1857,2.5389,2.0475,5.1491,1.2414,2.686,3.3124,1.4594,2.4623,3.3404,0.30665,2.9451,3.3548,0.67487,1.8103,2.9044,1.6974,2.0257,4.425,1.4663,1.8598,4.1219,5.5226,2.8993,1.835,0.81938,2.1199,2.7834,1.0263,2.6079,4.0648,2.1617,2.5259,3.6233,2.6318,2.4426,4.9808,2.8016,2.7025,4.5202,2.1562,2.5269,4.5271,2.3496,2.1045,4.1984,0.76439,1.9933,3.3441,0.33713,2.4727,2.8925,0.6034,2.142,3.7115,2.3849,2.5073,4.4333,0.75919,2.4642,2.86,1.2545,1.5879,4.2863,1.7024,2.006,3.4491,0.1559,2.6891,2.0274,3.2341,2.937,6.2343,0.75113,2.4622,2.8619,1.6621,1.6316,4.0847,1.4952,1.8654,3.1825,0.74745,2.4636,2.8559,2.1664,2.3467,4.9493,1.149,2.5623,3.0762,1.0029,1.9624,3.5038,0.52608,1.9797,3.2554,1.7029,2.0066,3.4481,2.3856,2.0829,4.199,2.1461,2.1541,4.9825,1.2878,1.7473,3.8037,0.68395,1.9779,2.7563,2.1454,2.154,4.9839,2.3221,2.1887,4.4671,1.5677,2.2959,3.9629,4.2134,3.0031,0.14433,1.9547,2.3411,3.9977,0.83668,1.962,4.1186,1.1808,2.5755,4.2161,3.5356,2.852,6.0986,1.5334,1.6188,3.2878,0.31853,2.2996,3.4002,5.1282,2.986,1.0674,0.5737,2.7813,3.2722,1.272,2.5074,2.9813,2.1422,2.1491,4.9784,1.4731,2.0916,4.3526,1.5258,1.6235,3.2887,1.3792,2.9262,3.3612,0.45889,2.4495,2.7289,0.92957,2.4522,3.0075,0.22078,2.6171,3.3382,1.6124,2.2586,4.127,0.45537,2.4461,2.7207,1.0474,2.1725,3.6563,1.3946,1.804,4.2927,0.32279,2.3019,3.4026,1.5289,1.6163,3.2879,0.45525,2.4498,2.7269,3.0056,2.8703,5.9243,2.0033,2.5949,4.033,1.9746,2.1794,4.5925,2.6281,2.7748,5.2668,1.8928,1.9613,3.9008,1.2939,1.8106,3.6907,2.1465,2.1526,4.9831,1.4004,2.6529,4.0056,1.1191,3.0821,2.9604,4.689,2.982,0.40964,1.2617,2.6863,4.3361,1.905,1.9531,3.8841,1.25,2.6367,2.8688,0.37751,2.7721,2.9725,0.93423,2.892,4.1259,0.58023,2.5218,2.5853,0.69439,1.9368,2.9853,0.54696,2.3992,3.4253,1.5657,2.1754,4.2314,1.2672,2.6879,4.3434,0.62874,1.9525,3.1091,1.9813,1.8925,3.8162,1.1936,1.8417,3.6492,2.4508,2.721,4.9686,1.3749,1.5319,4.1696,1.3863,2.1558,3.1717,0.63367,1.9505,3.1095,0.46725,2.4486,2.5737,1.6135,2.2566,4.1291,2.4496,2.7197,4.9708,0.63217,1.9534,3.1073,1.5656,1.7111,3.3283,0.51013,3.0404,2.4217,0.57692,2.5217,2.5857,2.9213,2.7438,5.9033,6.19,2.8658,2.5611,4.6703,2.9845,0.3886,2.3432,2.4067,3.7481,0.91237,3.0792,3.6985,1.4349,2.2591,3.5594,0.86497,3.0778,3.6518,2.3667,2.2375,3.8081,1.1915,1.841,3.6483,2.427,2.3394,4.5631,2.5847,2.6307,4.0373,1.2653,2.6839,4.3398,1.8936,1.9572,3.9008,1.1331,2.7906,3.6598,2.4428,2.4837,5.0824,1.6064,2.6202,3.3063,2.1681,2.1894,4.1046,0.78559,1.9038,3.369,2.3431,2.41,3.7486,2.3445,2.412,3.7497,2.1853,1.8947,4.9062,2.6429,2.2897,4.7932,2.365,2.239,3.8084,1.3787,1.5846,3.838,2.4507,2.7195,4.9718,1.8931,1.9576,3.9014,0.77724,2.1412,3.9666,1.6009,1.8284,4.2573,2.4515,2.7194,4.9738,1.4462,2.3892,3.2619,5.9296,2.8819,2.2101,1.8574,1.8002,3.4777,1.9727,3.0187,4.2954,2.0169,1.9516,4.7575,1.106,2.5805,4.2767,1.888,2.1503,4.8643,1.613,1.797,3.9659,1.6058,2.01,3.3878,1.0212,2.7716,3.5729,0.92065,2.8276,3.8198,1.3837,2.395,3.8461,1.1276,2.7917,3.6536,1.8381,1.7903,4.0912,0.91423,2.4603,2.7774,1.9116,2.071,4.3875,0.088778,2.7951,2.8554,1.0833,1.9583,4.261,0.95102,2.3349,3.0145,1.6362,2.3972,4.5872,0.97749,2.0854,2.8349,0.74243,1.9986,2.7409,1.6125,1.796,3.9681,0.9171,2.4591,2.7802,1.3781,1.5859,3.8369,2.7646,2.5884,4.6305,1.0852,2.1395,3.6247,1.126,2.7937,3.6549,1.976,1.9879,4.4783,1.0797,1.9618,4.2566,1.8533,1.6567,3.4517,1.6619,2.4852,3.9991,2.115,2.5547,4.9222,2.1517,2.3822,3.7078,1.1937,3.071,3.4243,1.4465,1.4713,4.2307,0.62365,2.9984,3.6201,1.6228,1.7458,4.2314,0.74351,1.9985,2.7412,0.69203,2.1939,3.9454,2.6847,2.6023,4.5348,1.9962,2.1264,3.4408,1.3825,2.915,3.5343,1.0817,2.1967,3.631,2.5335,2.0027,4.4747,1.4897,1.7343,4.4217,1.6074,2.5913,3.5846,2.0619,2.2915,4.0755,2.7029,2.3711,5.0024,0.45181,2.5302,2.9662
1535.0,15.571,79.114,15.468,0.023736,1891.0,1.5176,1.8297,4.1667,1.2759,2.2263,4.2252,1.2243,1.9814,4.2352,2.4929,2.6593,4.2986,0.85705,2.0566,4.2255,1.5206,2.4928,3.8936,3.0349,2.8392,5.8517,1.2213,1.9834,4.2372,1.7466,1.7055,4.2445,1.2759,2.2258,4.2295,0.85388,2.061,4.2135,2.8977,2.8349,4.5094,5.6808,2.7691,1.4339,1.2502,2.8294,3.6356,0.95011,2.1453,3.0155,2.4874,2.0577,4.4568,1.4707,1.668,3.9068,0.65556,2.5761,3.8763,2.008,1.7662,3.477,1.0822,2.4411,3.0746,0.2612,2.2897,3.5466,1.7834,1.6772,3.3904,2.11,2.8172,4.4133,1.7867,1.6796,3.3929,1.4721,1.6663,3.9132,0.39239,2.1377,3.1933,2.043,2.3613,4.3962,1.4754,1.6712,3.2006,0.83092,1.8833,2.7685,3.0334,2.8411,5.8446,2.0065,1.7697,3.4775,1.0102,2.7158,2.8859,1.8185,2.5866,4.0063,0.63309,1.8771,2.7959,1.0767,2.4425,3.0653,1.8974,1.9152,4.4946,1.6844,1.6837,3.8916,0.51089,2.2031,3.744,1.1942,2.4321,3.7813,0.99891,2.0663,3.261,2.5535,2.3041,4.3018,2.0755,2.1554,4.687,1.4783,1.669,3.9157,1.8942,1.9164,4.4929,1.4877,2.1744,3.2633,0.81675,2.0891,3.1758,2.4222,2.3781,4.3254,1.9428,2.6014,4.8814,1.929,2.5968,4.8672,2.5519,2.3054,4.3032,1.2857,2.4909,3.9391,1.6906,2.2348,4.2995,2.0463,3.0589,3.9853,0.5094,2.4697,2.481,1.5394,2.0572,4.6129,2.0851,3.0637,4.0269,0.38395,2.3785,3.4268,1.6629,1.6228,4.0805,0.70467,2.0288,3.0882,2.2465,2.2446,4.6549,0.64624,2.6134,3.0206,0.99875,2.0705,3.2605,0.094554,2.8911,1.9355,1.9973,1.9909,4.5958,2.5495,2.3075,4.3044,2.6648,2.3337,5.1904,2.1221,2.8122,4.4221,1.0776,1.8416,3.9519,4.6243,2.9888,0.50727,0.881,2.1218,3.0439,1.3015,2.0986,4.2712,1.0534,2.0912,3.4881,2.2904,2.7484,4.5572,1.7036,1.5929,4.1552,1.1523,2.5566,3.0779,0.75281,2.4338,3.7621,2.0601,1.9208,3.7331,1.5993,2.4391,3.4731,1.6581,2.5281,3.6105,1.6538,1.6688,4.2504,2.0879,2.8018,4.5641,2.1014,2.8013,4.5759,3.3847,2.7799,6.1484,1.7039,1.591,4.1557,1.7103,2.0031,3.4494,2.1267,2.9366,4.9268,1.1544,2.5573,3.0846,2.6285,2.4448,4.9774,1.0321,2.6097,4.0664,1.5996,2.4387,3.4716,1.1794,1.8051,4.0997,1.6638,1.6206,4.0804,1.7069,2.0038,3.447,0.28564,2.944,3.3343,2.8766,2.2942,4.5746,1.3153,1.9482,4.2089,1.2603,2.6827,3.3397,1.4616,2.4596,3.3465,1.8459,1.9784,3.7202,1.95,2.3466,3.9974,1.0911,2.2849,3.1836,2.5383,2.0454,5.1491,1.2414,2.6835,3.3136,1.4566,2.4638,3.3397,0.31632,2.9439,3.3648,0.67326,1.8132,2.8976,1.6948,2.0238,4.4286,1.4657,1.8563,4.1241,5.5106,2.8977,1.8233,0.81952,2.1184,2.7857,1.0287,2.6105,4.0642,2.1683,2.5272,3.6247,2.6262,2.441,4.9735,2.8039,2.7004,4.5215,2.1515,2.5247,4.5219,2.3498,2.106,4.2014,0.7635,1.9968,3.3403,0.34577,2.4713,2.901,0.60286,2.143,3.7102,2.3847,2.5042,4.4361,0.76724,2.4632,2.8665,1.2538,1.5914,4.2859,1.7027,2.0062,3.4477,6.1792,2.6889,2.0147,3.2486,2.936,6.193,0.7574,2.4596,2.871,1.6631,1.6305,4.0829,1.4961,1.8666,3.1822,0.75147,2.4624,2.8617,2.1652,2.3458,4.9448,1.1535,2.5624,3.0818,1.0039,1.9619,3.5041,0.52192,1.9804,3.2552,1.7044,2.0064,3.4462,2.3852,2.0851,4.2005,2.1491,2.1537,4.9848,1.2868,1.7426,3.8063,0.68463,1.9785,2.7568,2.1483,2.1541,4.9869,2.3244,2.1915,4.4723,1.5682,2.3015,3.9632,4.2263,2.9985,0.15538,1.9543,2.3447,3.999,0.8355,1.9608,4.1192,1.1859,2.5782,4.218,3.549,2.8501,6.1121,1.5343,1.6198,3.2886,0.31455,2.3008,3.3938,5.1241,2.9823,1.0624,0.58472,2.7791,3.2849,1.2771,2.5083,2.9847,2.143,2.1464,4.9762,1.473,2.0894,4.355,1.526,1.6245,3.2899,1.3803,2.9242,3.3602,0.46547,2.4488,2.7371,0.93173,2.451,3.0122,0.22054,2.6166,3.3368,1.6131,2.2613,4.1288,0.46304,2.4451,2.7275,1.0467,2.1756,3.6535,1.3948,1.8013,4.2926,0.32147,2.3039,3.3987,1.5288,1.6156,3.2888,0.46171,2.4488,2.7353,3.0238,2.8702,5.9435,1.9998,2.5918,4.0315,1.9779,2.181,4.5961,2.6217,2.7745,5.2602,1.8946,1.9583,3.8983,1.294,1.8059,3.6926,2.149,2.1513,4.9841,1.3985,2.6492,4.0024,1.1227,3.08,2.9628,4.689,2.9788,0.40747,1.266,2.6882,4.3389,1.9058,1.9499,3.8836,1.2536,2.6372,2.8729,0.39218,2.7709,2.9897,0.93216,2.8936,4.123,0.58689,2.5224,2.59,0.69183,1.941,2.9799,0.54692,2.4016,3.4223,1.5648,2.1755,4.2342,1.2761,2.69,4.3501,0.62402,1.9558,3.1021,1.9829,1.8892,3.8146,1.1937,1.8381,3.6521,2.4392,2.7191,4.9547,1.3737,1.5384,4.1673,1.3837,2.1557,3.1692,0.63117,1.9531,3.1031,0.4717,2.4475,2.5785,1.614,2.2597,4.1308,2.4394,2.717,4.9593,0.62932,1.9572,3.1003,1.5667,1.7095,3.3292,0.50458,3.0413,2.4135,0.5808,2.5224,2.5888,2.931,2.7438,5.9146,6.2255,2.8674,2.5758,4.6658,2.981,0.38161,2.3399,2.4046,3.7426,0.94566,3.0773,3.735,1.4308,2.2636,3.5554,0.88127,3.0765,3.6717,2.3655,2.2372,3.8059,1.191,1.8366,3.6511,2.427,2.3405,4.5657,2.5849,2.634,4.0423,1.2686,2.6834,4.3422,1.8952,1.9521,3.8973,1.1395,2.7858,3.6669,2.4361,2.4818,5.0737,1.6068,2.6184,3.3124,2.1676,2.1912,4.1064,0.7846,1.9047,3.3671,2.3395,2.4098,3.7447,2.3411,2.4116,3.745,2.187,1.9004,4.9103,2.6403,2.2888,4.7931,2.3639,2.239,3.8066,1.3774,1.584,3.8402,2.4393,2.718,4.9587,1.8947,1.9529,3.8982,0.77588,2.1405,3.9715,1.6006,1.8241,4.2564,2.4416,2.7165,4.9629,1.4468,2.3887,3.2628,5.9322,2.8831,2.2141,1.856,1.7995,3.4798,1.9698,3.0141,4.2911,2.0197,1.9525,4.7616,1.1111,2.5812,4.2809,1.8923,2.1502,4.8667,1.6126,1.792,3.9654,1.6064,2.0099,3.3839,1.0287,2.767,3.5811,0.92778,2.8241,3.8274,1.3881,2.3991,3.8483,1.1315,2.7869,3.6574,1.8374,1.784,4.0896,0.91558,2.4597,2.781,1.9127,2.0726,4.3894,0.10106,2.7939,2.8685,1.0811,1.9567,4.261,0.95419,2.3329,3.0193,1.6386,2.3981,4.5876,0.97646,2.0831,2.8361,0.74139,1.9977,2.7394,1.612,1.7905,3.9677,0.91963,2.4581,2.7849,1.3761,1.5857,3.8374,2.7602,2.5874,4.6263,1.0855,2.141,3.6232,1.1298,2.789,3.6587,1.976,1.9882,4.4795,1.0761,1.9614,4.2546,1.8536,1.66,3.4526,1.6616,2.4883,3.999,2.117,2.5543,4.9212,2.1492,2.3832,3.7056,1.2004,3.0685,3.4299,1.4468,1.4744,4.2293,0.6261,2.9975,3.6237,1.6216,1.7411,4.2298,0.74264,1.9986,2.7403,0.69352,2.1937,3.9466,2.6821,2.602,4.5334,1.9993,2.1249,3.4412,1.3835,2.9093,3.5332,1.0816,2.2,3.6281,2.5352,2.005,4.4784,1.4887,1.7337,4.4213,1.6055,2.5902,3.5862,2.0614,2.2947,4.0776,2.6972,2.3689,4.9962,0.45684,2.5293,2.9722
1535.0,15.571,79.114,15.468,0.031648,2357.3,1.515,1.8271,4.1635,1.2752,2.227,4.2266,1.2213,1.9792,4.236,2.4907,2.6579,4.2973,0.8569,2.0546,4.2291,1.5206,2.4969,3.8936,3.0465,2.8393,5.8663,1.2177,1.9815,4.2383,1.7459,1.7001,4.2432,1.2759,2.2256,4.2322,0.85217,2.0607,4.2126,2.9012,2.8347,4.511,5.6687,2.7657,1.42,1.2559,2.8223,3.6412,0.94707,2.1453,3.0127,2.4892,2.061,4.4622,1.47,1.6644,3.9076,0.654,2.5793,3.8723,2.0091,1.7673,3.4787,1.0863,2.438,3.0835,0.25597,2.2916,3.5386,1.7823,1.6786,3.3916,2.0951,2.8131,4.3974,1.7867,1.6835,3.3941,1.4702,1.6627,3.9162,0.39113,2.1398,3.1887,2.0467,2.3646,4.4009,1.4757,1.6737,3.2012,0.83002,1.8881,2.7655,3.0437,2.8408,5.8567,2.007,1.7732,3.479,1.0117,2.7161,2.8888,1.8192,2.5857,4.0087,0.63425,1.881,2.7952,1.0785,2.4408,3.0706,1.8976,1.9157,4.4955,1.6867,1.6788,3.8901,0.51121,2.2038,3.744,1.1942,2.4389,3.7788,0.9956,2.0699,3.2561,2.5579,2.3073,4.308,2.0791,2.1592,4.6922,1.4786,1.6665,3.918,1.8933,1.9163,4.4933,1.4871,2.1766,3.2615,0.81394,2.0939,3.1699,2.4239,2.3811,4.3303,1.9408,2.601,4.8758,1.9243,2.5976,4.8602,2.5553,2.3093,4.3102,1.2849,2.4931,3.9354,1.6925,2.2363,4.3023,2.0369,3.0564,3.9738,0.51386,2.4696,2.4847,1.5379,2.0583,4.6158,2.0863,3.0622,4.026,0.37985,2.3806,3.4213,1.6634,1.6192,4.0798,0.70269,2.0321,3.0836,2.2477,2.2464,4.6584,0.65555,2.6102,3.0312,0.99549,2.0745,3.2553,0.087207,2.8914,1.92,1.9987,1.9935,4.5997,2.5518,2.312,4.3107,2.659,2.3311,5.1852,2.1102,2.8062,4.409,1.077,1.8375,3.9553,4.6279,2.9837,0.50908,0.87833,2.1235,3.0396,1.3001,2.0978,4.2746,1.0524,2.0928,3.486,2.2791,2.7449,4.544,1.7048,1.5899,4.1538,1.1571,2.5556,3.0833,0.75464,2.4372,3.7593,2.0625,1.9172,3.7301,1.5984,2.4401,3.4742,1.6559,2.5312,3.6111,1.6513,1.6641,4.2507,2.0766,2.7973,4.5524,2.0942,2.7964,4.5687,3.3968,2.7789,6.1611,1.7055,1.5872,4.1543,1.714,2.0021,3.4481,2.1235,2.9361,4.9255,1.1594,2.5567,3.0916,2.6246,2.444,4.9726,1.036,2.6121,4.0669,1.5983,2.4397,3.4723,1.1765,1.8091,4.0978,1.6649,1.6159,4.0789,1.7091,2.0031,3.4448,0.28377,2.9426,3.3335,2.8795,2.2947,4.5802,1.3147,1.9472,4.2104,1.2664,2.6798,3.349,1.4603,2.4599,3.3477,1.8481,1.9752,3.7173,1.9494,2.3519,3.9996,1.0885,2.2859,3.1815,2.5379,2.0429,5.1491,1.2414,2.6809,3.3152,1.4533,2.4655,3.3386,0.32591,2.9426,3.3745,0.6715,1.8161,2.8906,1.6922,2.0217,4.4327,1.465,1.8526,4.1264,5.4982,2.8958,1.8111,0.81961,2.1167,2.788,1.0312,2.6132,4.0637,2.1753,2.5286,3.6259,2.6204,2.4392,4.9659,2.8067,2.6983,4.5234,2.1469,2.5225,4.5167,2.3501,2.1078,4.2046,0.76269,2.0005,3.3362,0.35469,2.4698,2.9097,0.60234,2.144,3.7088,2.3847,2.5008,4.4394,0.77549,2.4621,2.8734,1.2531,1.5947,4.2855,1.7029,2.0066,3.4462,0.027919,2.6885,2.0011,3.263,2.9349,0.29075,0.76399,2.4567,2.8809,1.6641,1.6294,4.0809,1.497,1.868,3.1818,0.75547,2.461,2.8678,2.1639,2.3449,4.94,1.1582,2.5625,3.0876,1.005,1.9612,3.5045,0.5175,1.981,3.2554,1.7059,2.0064,3.444,2.3849,2.0875,4.2021,2.1522,2.1532,4.987,1.2857,1.7377,3.8089,0.6853,1.979,2.7575,2.1516,2.1544,4.99,2.3269,2.1944,4.4777,1.5687,2.3079,3.9635,4.2399,2.9936,0.16724,1.9539,2.3485,4.0004,0.83433,1.9596,4.1199,1.1915,2.5809,4.2202,3.5628,2.8479,6.1244,1.5351,1.621,3.2894,0.31029,2.3019,3.387,5.1201,2.9783,1.0576,0.59582,2.7769,3.2977,1.2823,2.5094,2.9881,2.1437,2.1434,4.9737,1.4727,2.087,4.3576,1.5263,1.6253,3.2911,1.3817,2.9222,3.3595,0.47227,2.4478,2.7458,0.93349,2.4499,3.0168,0.22059,2.616,3.3355,1.614,2.2642,4.1307,0.47098,2.444,2.7347,1.0457,2.1791,3.6505,1.3949,1.7986,4.2923,0.32022,2.3058,3.3947,1.5287,1.6149,3.2896,0.46833,2.4477,2.744,3.0434,2.8701,5.9648,1.9962,2.5887,4.03,1.9815,2.1825,4.6,2.6146,2.7742,5.2526,1.8966,1.9551,3.8957,1.2943,1.8008,3.6945,2.1518,2.1499,4.9851,1.3965,2.6454,3.9986,1.1259,3.0778,2.9649,4.6897,2.9752,0.40602,1.2708,2.6903,4.3422,1.9065,1.9466,3.883,1.2574,2.6378,2.8773,0.40762,2.7694,3.0077,0.93037,2.8953,4.1203,0.59403,2.5231,2.5952,0.68921,1.9455,2.9741,0.54688,2.4038,3.4192,1.5639,2.1758,4.2374,1.286,2.6922,4.3576,0.61891,1.9593,3.0946,1.9844,1.8857,3.8129,1.1937,1.8344,3.6551,2.427,2.7168,4.9396,1.3723,1.5454,4.1647,1.3809,2.1554,3.1667,0.62863,1.9559,3.0964,0.47623,2.4462,2.5836,1.6147,2.2634,4.1327,2.4285,2.714,4.9472,0.62624,1.9613,3.0926,1.5677,1.7077,3.3302,0.49788,3.0422,2.4041,0.585,2.5233,2.5921,2.9412,2.7438,5.9266,6.093,2.8691,2.5916,4.6617,2.9774,0.37519,2.3362,2.4023,3.7363,0.97868,3.0751,3.7715,1.4259,2.269,3.5507,0.89716,3.0751,3.6913,2.3641,2.237,3.8035,1.1904,1.8318,3.654,2.427,2.3417,4.5683,2.5847,2.6377,4.0473,1.2721,2.6829,4.3446,1.8969,1.9468,3.8936,1.146,2.7807,3.6738,2.4288,2.4798,5.0642,1.6074,2.6164,3.3195,2.1672,2.1932,4.1082,0.78358,1.9057,3.3649,2.3355,2.4095,3.7404,2.3374,2.4111,3.7399,2.1891,1.9063,4.9148,2.6376,2.2878,4.7928,2.3627,2.239,3.8046,1.376,1.5834,3.8425,2.4275,2.7164,4.9452,1.8964,1.9478,3.8948,0.77461,2.1397,3.9768,1.6003,1.8194,4.2556,2.4311,2.7136,4.9515,1.4473,2.3883,3.2637,5.9352,2.8843,2.2186,1.8546,1.7987,3.4823,1.9667,3.0093,4.2866,2.023,1.9534,4.7661,1.1165,2.5819,4.2854,1.8968,2.1499,4.869,1.6122,1.7867,3.965,1.6071,2.01,3.3795,1.036,2.7622,3.5892,0.9349,2.8206,3.8348,1.3928,2.4035,3.8505,1.1354,2.7818,3.6609,1.8364,1.7772,4.0879,0.91699,2.459,2.7847,1.9141,2.0744,4.3915,0.11366,2.7926,2.8819,1.0788,1.9551,4.2611,0.95739,2.3307,3.0245,1.6412,2.3989,4.588,0.9754,2.0805,2.8374,0.74032,1.9967,2.738,1.6115,1.7846,3.9674,0.92224,2.4571,2.7899,1.374,1.5854,3.8378,2.7559,2.5863,4.6223,1.0858,2.1427,3.6217,1.1334,2.784,3.6622,1.976,1.9884,4.4806,1.0724,1.9609,4.2527,1.854,1.6632,3.4536,1.6615,2.4916,3.9989,2.119,2.5539,4.92,2.1466,2.3842,3.7031,1.2072,3.0659,3.4356,1.4472,1.4774,4.2278,0.628,2.9967,3.6268,1.6202,1.7362,4.2282,0.74177,1.9986,2.7394,0.69512,2.1936,3.948,2.6796,2.6017,4.5321,2.0025,2.1233,3.4414,1.3847,2.9031,3.5323,1.0815,2.2036,3.6251,2.537,2.0075,4.4822,1.4877,1.733,4.4209,1.6036,2.589,3.588,2.061,2.2981,4.0798,2.6915,2.3665,4.99,0.46191,2.5285,2.9783
1535.0,15.571,79.114,15.468,0.039559,2756.7,1.5122,1.8246,4.1601,1.2745,2.2277,4.2281,1.218,1.9769,4.237,2.4884,2.6564,4.2962,0.85683,2.0524,4.2328,1.5205,2.5012,3.8936,3.0588,2.8393,5.8817,1.2137,1.9795,4.2394,1.7452,1.6945,4.2418,1.2759,2.2254,4.2352,0.85043,2.0605,4.2117,2.9051,2.8346,4.5129,5.6567,2.7621,1.4061,1.2617,2.8147,3.647,0.94387,2.1451,3.01,2.4911,2.0646,4.468,1.4692,1.6609,3.9086,0.65232,2.5826,3.8681,2.0103,1.7683,3.4805,1.0907,2.4344,3.0933,0.25027,2.2934,3.5301,1.7811,1.6798,3.393,2.0797,2.8086,4.3808,1.7867,1.6876,3.3953,1.4681,1.6591,3.9195,0.38995,2.142,3.1839,2.0508,2.3679,4.4059,1.476,1.6762,3.2018,0.82896,1.8932,2.7622,3.0545,2.8406,5.8692,2.0077,1.7766,3.4807,1.0133,2.7163,2.8917,1.82,2.585,4.0113,0.63563,1.8851,2.7948,1.0801,2.439,3.076,1.898,1.9164,4.4968,1.6892,1.6738,3.8886,0.51158,2.2045,3.744,1.194,2.4464,3.776,0.99185,2.0738,3.2508,2.5629,2.3107,4.3148,2.0831,2.1634,4.6978,1.4789,1.664,3.9204,1.8925,1.9162,4.4938,1.4868,2.179,3.2597,0.81087,2.0988,3.1638,2.4256,2.3842,4.3354,1.9386,2.6004,4.8695,1.9193,2.5985,4.8525,2.5593,2.3135,4.3178,1.2841,2.4955,3.9315,1.6947,2.238,4.3054,2.0257,3.0537,3.9606,0.51878,2.4695,2.4889,1.5363,2.0596,4.619,2.0867,3.0604,4.0244,0.3755,2.3829,3.4155,1.664,1.6156,4.0791,0.7007,2.0355,3.079,2.2492,2.2481,4.6618,0.66531,2.6067,3.0424,0.99181,2.0788,3.2496,0.065122,2.8916,1.9045,2.0003,1.996,4.6037,2.5543,2.3168,4.3175,2.6526,2.3283,5.1794,2.0981,2.7995,4.3954,1.0765,1.8331,3.9589,4.6315,2.9784,0.51093,0.8756,2.125,3.0353,1.2989,2.097,4.2782,1.0514,2.0944,3.4839,2.2674,2.741,4.5303,1.7062,1.5868,4.1524,1.1623,2.5546,3.089,0.75665,2.4407,3.7566,2.0648,1.9136,3.7269,1.5972,2.4412,3.475,1.6533,2.5347,3.6117,1.6487,1.6591,4.2511,2.0649,2.7923,4.5401,2.0867,2.7909,4.5611,3.4088,2.7779,6.1736,1.7072,1.5831,4.1528,1.7179,2.0013,3.4471,2.1196,2.9355,4.9234,1.1646,2.556,3.099,2.6206,2.4432,4.9678,1.0401,2.6143,4.0674,1.5968,2.4406,3.4727,1.1735,1.8135,4.0957,1.6661,1.611,4.0773,1.7114,2.0024,3.4424,0.28176,2.9412,3.3326,2.8828,2.2952,4.5863,1.314,1.9462,4.2119,1.2727,2.6769,3.3589,1.4589,2.46,3.3489,1.8504,1.9718,3.7142,1.9489,2.3578,4.002,1.0857,2.2867,3.1794,2.5377,2.0402,5.149,1.2414,2.6782,3.317,1.4495,2.4673,3.3372,0.33517,2.9412,3.384,0.6696,1.8192,2.8835,1.6894,2.0193,4.4373,1.4643,1.8486,4.1287,5.4854,2.8939,1.7986,0.81966,2.1149,2.7904,1.0339,2.6159,4.0632,2.1827,2.5302,3.627,2.6146,2.4374,4.958,2.8099,2.6961,4.5257,2.1424,2.5204,4.5115,2.3504,2.1096,4.2079,0.76196,2.0046,3.332,0.3638,2.468,2.9186,0.60184,2.1449,3.7076,2.3848,2.4969,4.443,0.78391,2.461,2.8805,1.2523,1.598,4.2851,1.7028,2.0072,3.4444,6.2234,2.688,1.9867,3.2775,2.9338,6.0912,0.7709,2.4534,2.8914,1.6651,1.6285,4.0789,1.4981,1.8696,3.1815,0.75938,2.4595,2.874,2.1626,2.3439,4.9349,1.1632,2.5627,3.0936,1.006,1.9605,3.5048,0.51282,1.9814,3.2559,1.7076,2.0065,3.4415,2.3847,2.0901,4.2038,2.1555,2.1526,4.9893,1.2843,1.7326,3.8116,0.68597,1.9793,2.7584,2.1552,2.1546,4.9934,2.3293,2.1972,4.4832,1.5693,2.315,3.9638,4.2543,2.988,0.17981,1.9533,2.3527,4.0018,0.83319,1.9585,4.1207,1.1975,2.5837,4.2228,3.577,2.8455,6.14,1.536,1.6223,3.2901,0.30579,2.3029,3.3799,5.1159,2.974,1.0528,0.60685,2.7746,3.3105,1.2879,2.5105,2.9917,2.1445,2.14,4.9709,1.4726,2.0844,4.3604,1.5265,1.6262,3.2922,1.3832,2.9204,3.3591,0.47927,2.4467,2.7549,0.93466,2.449,3.0211,0.22096,2.6155,3.3345,1.6151,2.2674,4.1326,0.47918,2.4426,2.7423,1.0445,2.1831,3.6472,1.3951,1.7959,4.2921,0.31909,2.3078,3.3907,1.5286,1.6141,3.2904,0.47508,2.4464,2.7531,3.0644,2.87,5.9863,1.9923,2.5854,4.0285,1.9854,2.1841,4.6039,2.6067,2.7739,5.2439,1.8986,1.9518,3.8931,1.2945,1.7955,3.6963,2.1546,2.1484,4.9861,1.3942,2.6417,3.9944,1.1288,3.0755,2.9667,4.6913,2.9716,0.40535,1.2762,2.6925,4.3461,1.9072,1.9433,3.8824,1.2614,2.6384,2.8821,0.42373,2.7677,3.0264,0.92906,2.8971,4.1182,0.6017,2.5237,2.6009,0.68657,1.9502,2.9681,0.54682,2.406,3.4161,1.563,2.176,4.2409,1.2969,2.6947,4.3659,0.61342,1.9628,3.0866,1.9861,1.8822,3.8113,1.1937,1.8305,3.6582,2.4142,2.7143,4.9235,1.3709,1.5528,4.1617,1.378,2.1552,3.1642,0.62608,1.959,3.0895,0.48081,2.4448,2.5888,1.6157,2.2676,4.135,2.4172,2.7107,4.9344,0.6229,1.9656,3.0843,1.5686,1.7059,3.3312,0.48979,3.0433,2.3931,0.58953,2.5243,2.5955,2.952,2.7439,5.9391,0.023596,2.8707,2.6085,4.6583,2.9738,0.36946,2.3322,2.3998,3.7293,1.0109,3.0728,3.8072,1.4201,2.2753,3.5453,0.91246,3.0735,3.7105,2.3625,2.2368,3.8008,1.1899,1.8267,3.6571,2.4269,2.3429,4.5708,2.584,2.6418,4.0524,1.2756,2.6824,4.3469,1.8986,1.9411,3.8895,1.1526,2.7753,3.6808,2.421,2.4776,5.0539,1.6083,2.614,3.3276,2.1669,2.1954,4.11,0.78254,1.9068,3.3626,2.3311,2.4092,3.7356,2.3333,2.4105,3.7342,2.1916,1.9125,4.9197,2.6345,2.2867,4.7923,2.3612,2.2389,3.8024,1.3745,1.5831,3.8449,2.4155,2.7146,4.9312,1.8981,1.9425,3.8912,0.77342,2.1389,3.9825,1.6001,1.8145,4.2547,2.4202,2.7104,4.9394,1.4477,2.3879,3.2645,5.9388,2.8857,2.2237,1.853,1.7977,3.4848,1.9634,3.0042,4.2816,2.0269,1.9542,4.771,1.1221,2.5826,4.2904,1.9017,2.1497,4.8714,1.6119,1.7811,3.9647,1.6077,2.0102,3.3746,1.0431,2.757,3.597,0.94199,2.817,3.842,1.3976,2.4083,3.8529,1.1391,2.7764,3.6642,1.8353,1.7699,4.0862,0.91844,2.4584,2.7884,1.9158,2.0762,4.3938,0.12644,2.791,2.8954,1.0764,1.9534,4.2612,0.96059,2.3283,3.03,1.6438,2.3998,4.5886,0.97431,2.0778,2.8389,0.73922,1.9954,2.7368,1.611,1.7783,3.9672,0.92491,2.4561,2.7952,1.3718,1.5851,3.8383,2.7516,2.5851,4.6182,1.086,2.1444,3.6201,1.1369,2.779,3.6654,1.976,1.9884,4.4817,1.0687,1.9603,4.2508,1.8545,1.6664,3.4544,1.6613,2.4951,3.9986,2.121,2.5533,4.9184,2.1439,2.3851,3.7006,1.214,3.0632,3.4413,1.4475,1.4804,4.2262,0.62939,2.9959,3.6294,1.6188,1.7311,4.2264,0.7409,1.9986,2.7385,0.69681,2.1935,3.9492,2.6772,2.6015,4.531,2.0057,2.1216,3.4414,1.3863,2.8967,3.5318,1.0814,2.2073,3.6219,2.5387,2.01,4.4862,1.4866,1.7323,4.4206,1.6017,2.5876,3.59,2.0607,2.302,4.082,2.6858,2.3641,4.9838,0.46698,2.5276,2.9844
1535.0,15.571,79.114,15.468,0.047471,3091.2,1.5091,1.8221,4.1565,1.2739,2.2285,4.2297,1.2144,1.9746,4.2381,2.4862,2.6549,4.2951,0.85683,2.0501,4.2367,1.5203,2.5058,3.8936,3.0716,2.8392,5.8981,1.2094,1.9774,4.2405,1.7445,1.6887,4.2405,1.2762,2.2252,4.2385,0.84867,2.0601,4.2109,2.9094,2.8344,4.5153,5.6447,2.7583,1.3922,1.2677,2.8065,3.653,0.94054,2.1446,3.0075,2.4933,2.0686,4.4742,1.4685,1.6573,3.9098,0.65054,2.586,3.8636,2.0117,1.7692,3.4823,1.0952,2.4304,3.1037,0.24408,2.2952,3.5211,1.7797,1.6809,3.3943,2.0638,2.8037,4.3637,1.7868,1.6917,3.3966,1.4658,1.6553,3.9229,0.38884,2.1441,3.1792,2.0552,2.3714,4.4112,1.4763,1.6787,3.2023,0.82774,1.8988,2.7586,3.0657,2.8403,5.8822,2.0087,1.78,3.4826,1.0148,2.7168,2.8947,1.821,2.5845,4.0142,0.63726,1.8891,2.7945,1.0814,2.4371,3.0816,1.8986,1.9171,4.4982,1.6921,1.6688,3.8872,0.51203,2.2051,3.7441,1.1934,2.4548,3.7728,0.98767,2.0779,3.2451,2.5684,2.3143,4.3223,2.0874,2.1678,4.7037,1.4794,1.6617,3.9228,1.8919,1.9161,4.4944,1.4867,2.1817,3.258,0.8075,2.1039,3.1572,2.4272,2.3873,4.3405,1.936,2.5999,4.8625,1.914,2.5995,4.8441,2.5637,2.318,4.3261,1.2832,2.4982,3.9273,1.6971,2.2399,4.3087,2.0128,3.0505,3.9455,0.52414,2.4694,2.4934,1.5346,2.061,4.6224,2.0861,3.0582,4.0217,0.37092,2.3851,3.4093,1.6645,1.6118,4.0785,0.69871,2.039,3.0742,2.2506,2.2497,4.6651,0.67546,2.6029,3.0542,0.98768,2.0833,3.2436,0.016616,2.8918,1.8896,2.002,1.9986,4.608,2.5572,2.3219,4.3249,2.6457,2.3251,5.173,2.0856,2.7923,4.3815,1.0761,1.8282,3.9628,4.635,2.9727,0.51264,0.8728,2.1262,3.0311,1.2977,2.0962,4.2822,1.0503,2.0959,3.4817,2.2553,2.7369,4.516,1.7077,1.5836,4.1509,1.1679,2.5535,3.0947,0.75883,2.4443,3.7539,2.067,1.9099,3.7235,1.5955,2.4425,3.4754,1.6503,2.5383,3.612,1.646,1.6538,4.2515,2.053,2.7869,4.5274,2.0788,2.7851,4.5531,3.4204,2.7768,6.1856,1.709,1.5789,4.1512,1.722,2.0004,3.4463,2.1151,2.9349,4.9206,1.1702,2.5553,3.1067,2.6168,2.4425,4.9632,1.0442,2.6163,4.0678,1.595,2.4416,3.473,1.1704,1.8183,4.0933,1.6675,1.606,4.0756,1.7139,2.0018,3.44,0.27974,2.9398,3.3317,2.8863,2.2958,4.5929,1.3134,1.9453,4.2132,1.2792,2.6738,3.3692,1.4575,2.4601,3.3501,1.8527,1.9681,3.7109,1.9484,2.3644,4.0044,1.0827,2.2875,3.1772,2.5376,2.0372,5.1489,1.2414,2.6754,3.3192,1.4454,2.4692,3.3355,0.34387,2.9398,3.3928,0.66756,1.8222,2.8761,1.6864,2.0168,4.4423,1.4636,1.8445,4.1309,5.4726,2.8919,1.7861,0.81965,2.1131,2.7929,1.0367,2.6187,4.0629,2.1903,2.5317,3.6279,2.6088,2.4355,4.95,2.8136,2.6939,4.5284,2.138,2.5183,4.5063,2.3508,2.1116,4.2113,0.76135,2.009,3.3276,0.37299,2.4661,2.9276,0.60136,2.1458,3.7063,2.3852,2.4927,4.4469,0.79244,2.4597,2.888,1.2515,1.6011,4.2847,1.7024,2.0079,3.4424,6.1894,2.6875,1.9717,3.2919,2.9326,3.3925,0.77811,2.4498,2.9025,1.6662,1.6277,4.0769,1.4993,1.8714,3.1811,0.76317,2.4579,2.8803,2.1613,2.3429,4.9295,1.1682,2.563,3.0999,1.0071,1.9597,3.5053,0.50787,1.9816,3.2568,1.7093,2.0068,3.4387,2.3844,2.093,4.2056,2.1589,2.152,4.9915,1.2829,1.7274,3.8144,0.68663,1.9794,2.7596,2.1591,2.1548,4.9971,2.3318,2.2003,4.4888,1.5699,2.3228,3.9642,4.2691,2.982,0.19296,1.9529,2.3571,4.0031,0.83205,1.9573,4.1214,1.204,2.5867,4.2257,3.5914,2.843,6.1611,1.5369,1.6235,3.2909,0.30107,2.3038,3.3725,5.1117,2.9694,1.0481,0.61764,2.7723,3.3229,1.2936,2.5118,2.9955,2.1453,2.1364,4.9678,1.4726,2.0815,4.3635,1.5268,1.627,3.2935,1.3848,2.9188,3.3589,0.48645,2.4454,2.7644,0.93507,2.4483,3.0249,0.22162,2.615,3.3337,1.6164,2.2707,4.1347,0.4876,2.4413,2.7503,1.0431,2.1876,3.6437,1.3953,1.793,4.2918,0.31809,2.3099,3.3869,1.5284,1.6133,3.2913,0.48192,2.445,2.7625,3.0869,2.8696,6.0068,1.9883,2.582,4.027,1.9893,2.1857,4.6078,2.5978,2.7735,5.2342,1.9007,1.9484,3.8903,1.2949,1.7898,3.6981,2.1577,2.1469,4.9871,1.3919,2.638,3.9897,1.1314,3.0734,2.9681,4.6937,2.9678,0.40549,1.2821,2.6948,4.3506,1.9078,1.94,3.8819,1.2656,2.639,2.887,0.44039,2.7659,3.0458,0.92847,2.8989,4.1168,0.60993,2.5243,2.6072,0.68395,1.9551,2.9619,0.54672,2.4081,3.4131,1.5621,2.1762,4.2447,1.3088,2.6973,4.375,0.60759,1.9665,3.0782,1.9878,1.8786,3.8098,1.1936,1.8265,3.6614,2.4008,2.7114,4.9064,1.3695,1.5607,4.1586,1.375,2.1549,3.1616,0.62357,1.9624,3.0822,0.48538,2.4435,2.5943,1.6171,2.2724,4.1375,2.4054,2.7071,4.921,0.61927,1.9703,3.0754,1.5695,1.704,3.3323,0.48011,3.0447,2.3805,0.59441,2.5256,2.5993,2.9632,2.744,5.952,0.85999,2.8723,2.6263,4.6557,2.97,0.36452,2.3278,2.3969,3.7216,1.0418,3.0704,3.8417,1.4133,2.2825,3.5393,0.92704,3.0719,3.729,2.3609,2.2366,3.7977,1.1893,1.8214,3.6601,2.4268,2.3442,4.5733,2.5826,2.6462,4.0574,1.2793,2.6818,4.3492,1.9003,1.935,3.8853,1.1591,2.7695,3.6877,2.4125,2.4752,5.0427,1.6094,2.6113,3.3366,2.1664,2.1978,4.1118,0.78148,1.908,3.3603,2.3262,2.4089,3.7305,2.329,2.4097,3.728,2.1946,1.919,4.925,2.6314,2.2855,4.7918,2.3596,2.2389,3.8,1.373,1.5826,3.8474,2.4033,2.7125,4.9168,1.8998,1.9369,3.8873,0.77231,2.1379,3.9886,1.5999,1.8095,4.2538,2.409,2.7071,4.9268,1.4481,2.3874,3.2652,5.943,2.8871,2.2294,1.8515,1.7966,3.4875,1.9596,2.9989,4.2759,2.0312,1.9548,4.7763,1.1278,2.5833,4.2956,1.9065,2.1493,4.8736,1.6115,1.7753,3.9643,1.6082,2.0106,3.3695,1.0501,2.7516,3.6044,0.94903,2.8132,3.849,1.4026,2.4132,3.8554,1.1427,2.7708,3.6671,1.8341,1.7622,4.0846,0.91991,2.4578,2.7923,1.9176,2.0782,4.3961,0.13931,2.7893,2.9088,1.0741,1.9517,4.2615,0.96378,2.3258,3.0357,1.6466,2.4006,4.5891,0.9732,2.0747,2.8406,0.73809,1.9939,2.7356,1.6104,1.7717,3.9669,0.92761,2.455,2.8006,1.3696,1.5847,3.8387,2.7474,2.5839,4.6143,1.0862,2.1463,3.6184,1.1402,2.7741,3.6681,1.976,1.9882,4.4829,1.0649,1.9596,4.2491,1.8549,1.6694,3.4552,1.661,2.4987,3.9982,2.123,2.5528,4.9167,2.1411,2.386,3.6979,1.2207,3.0604,3.4468,1.4479,1.4833,4.2246,0.63032,2.9951,3.6315,1.6175,1.7258,4.2245,0.74002,1.9984,2.7377,0.69857,2.1934,3.9505,2.6748,2.6011,4.5299,2.0089,2.1197,3.441,1.3883,2.8903,3.5317,1.0811,2.2113,3.6187,2.5406,2.0125,4.4902,1.4855,1.7315,4.4202,1.5998,2.5863,3.5921,2.0602,2.3061,4.0842,2.6803,2.3617,4.9777,0.472,2.5267,2.9905
1535.0,15.571,79.114,15.468,0.055383,3375.2,1.5058,1.8197,4.1528,1.2734,2.2294,4.2315,1.2106,1.9721,4.2393,2.484,2.6533,4.2941,0.85689,2.0477,4.2406,1.52,2.5105,3.8935,3.085,2.839,5.9151,1.2049,1.9753,4.2416,1.7439,1.6828,4.2391,1.2767,2.225,4.2423,0.84696,2.0597,4.2102,2.914,2.8341,4.5178,5.6328,2.7544,1.3785,1.2739,2.7979,3.659,0.93715,2.1441,3.0051,2.4956,2.0727,4.4807,1.4678,1.6538,3.9112,0.64864,2.5896,3.8588,2.0131,1.7699,3.4842,1.0994,2.4262,3.1144,0.23742,2.297,3.5115,1.7783,1.6819,3.3956,2.0478,2.7985,4.3462,1.7869,1.6959,3.3979,1.4633,1.6514,3.9265,0.38786,2.1463,3.1746,2.0597,2.3748,4.4167,1.4765,1.6813,3.2029,0.82642,1.9044,2.755,3.0772,2.84,5.8955,2.01,1.7833,3.4845,1.0162,2.7173,2.8975,1.8221,2.5841,4.0172,0.63908,1.8931,2.7946,1.0825,2.4351,3.0873,1.8996,1.9177,4.4999,1.6951,1.664,3.886,0.51258,2.2056,3.7444,1.1926,2.4636,3.7696,0.98314,2.0821,3.2391,2.5744,2.3181,4.3303,2.0919,2.1724,4.7099,1.48,1.6595,3.9252,1.8913,1.9159,4.4952,1.4868,2.1847,3.2563,0.80386,2.109,3.1504,2.4287,2.3904,4.3456,1.9331,2.5994,4.8547,1.9086,2.6005,4.8352,2.5687,2.3228,4.335,1.2822,2.5012,3.9229,1.6998,2.2419,4.3123,1.9984,3.0468,3.9291,0.5299,2.4693,2.4982,1.5328,2.0627,4.6258,2.0844,3.0557,4.0181,0.36616,2.3873,3.4027,1.665,1.6079,4.0778,0.69675,2.0425,3.0695,2.2521,2.2513,4.6682,0.6858,2.5988,3.0664,0.98313,2.088,3.2372,0.020208,2.8919,1.8753,2.0038,2.0012,4.6125,2.5605,2.3272,4.3328,2.6383,2.3218,5.1661,2.0732,2.7845,4.3677,1.0756,1.8232,3.9669,4.6382,2.9667,0.51403,0.87001,2.1273,3.0271,1.2967,2.0954,4.2864,1.049,2.0973,3.4796,2.2431,2.7327,4.5014,1.7094,1.5802,4.1493,1.1736,2.5524,3.1003,0.7611,2.4478,3.7513,2.0693,1.9061,3.7199,1.5934,2.4438,3.4754,1.6471,2.542,3.6125,1.6434,1.6483,4.2518,2.0409,2.7811,4.5145,2.0708,2.7789,4.5448,3.4316,2.7758,6.197,1.7108,1.5747,4.1495,1.7264,1.9995,3.4457,2.1104,2.9342,4.9174,1.176,2.5544,3.1146,2.6132,2.4418,4.9588,1.0485,2.618,4.0681,1.5929,2.4426,3.4731,1.167,1.823,4.0907,1.6688,1.6008,4.0739,1.7165,2.0012,3.4376,0.27777,2.9384,3.3308,2.8899,2.2964,4.5996,1.3127,1.9444,4.2145,1.2856,2.6707,3.3799,1.4559,2.4603,3.3511,1.855,1.9643,3.7072,1.9479,2.3714,4.007,1.0797,2.2883,3.175,2.5376,2.034,5.149,1.2415,2.6725,3.3217,1.4411,2.4712,3.3336,0.35194,2.9384,3.4008,0.66539,1.8253,2.8686,1.6834,2.0142,4.4477,1.463,1.8403,4.1332,5.4597,2.8897,1.7735,0.81954,2.1112,2.7953,1.0396,2.6215,4.0625,2.1981,2.5333,3.6286,2.6032,2.4337,4.942,2.8177,2.6916,4.5315,2.1339,2.5163,4.5013,2.3512,2.1138,4.2149,0.76082,2.0137,3.323,0.38221,2.4642,2.9367,0.60087,2.1467,3.705,2.3855,2.4883,4.4509,0.80097,2.4584,2.8955,1.2506,1.6042,4.2844,1.7018,2.0088,3.4403,6.1985,2.6867,1.9563,3.3062,2.9313,0.47737,0.78547,2.446,2.9141,1.6672,1.627,4.075,1.5004,1.8733,3.1808,0.76673,2.4562,2.8864,2.1602,2.3419,4.924,1.1732,2.5634,3.1062,1.0083,1.9588,3.5058,0.50263,1.9815,3.2582,1.711,2.0072,3.4358,2.3841,2.0961,4.2075,2.1624,2.1512,4.9936,1.2814,1.7222,3.8171,0.68731,1.9794,2.7609,2.1631,2.155,5.0009,2.3344,2.2033,4.4945,1.5706,2.3311,3.9647,4.284,2.9755,0.20646,1.9525,2.3616,4.0044,0.8309,1.9562,4.122,1.2109,2.5898,4.2287,3.6059,2.8404,6.172,1.5378,1.6249,3.2918,0.29616,2.3045,3.365,5.1074,2.9646,1.0433,0.62802,2.7699,3.335,1.2995,2.5131,2.9993,2.1462,2.1328,4.9646,1.4726,2.0783,4.3666,1.5271,1.6278,3.2947,1.3866,2.9173,3.3589,0.4938,2.4439,2.7742,0.93484,2.4477,3.0283,0.2225,2.6144,3.333,1.6177,2.2741,4.1369,0.49617,2.4398,2.7585,1.0415,2.1927,3.6398,1.3956,1.7901,4.2915,0.31721,2.3119,3.3832,1.5282,1.6124,3.2922,0.48882,2.4434,2.7722,3.1104,2.8691,6.0331,1.984,2.5788,4.0255,1.9934,2.1872,4.6119,2.588,2.773,5.2233,1.9027,1.945,3.8873,1.2953,1.784,3.6998,2.1608,2.1452,4.9881,1.3895,2.6344,3.9847,1.1335,3.0713,2.969,4.6968,2.9639,0.40629,1.2886,2.6971,4.3556,1.9083,1.9367,3.8813,1.2698,2.6397,2.8922,0.45734,2.7639,3.0654,0.92859,2.9006,4.1161,0.61863,2.5249,2.6139,0.68141,1.9602,2.9558,0.54666,2.4099,3.41,1.5613,2.1763,4.2486,1.3213,2.7,4.3845,0.60152,1.9701,3.0693,1.9894,1.875,3.8084,1.1935,1.8223,3.6646,2.3871,2.7083,4.8886,1.368,1.5688,4.1552,1.372,2.1545,3.1591,0.6211,1.9661,3.0747,0.4899,2.4421,2.5999,1.6189,2.2776,4.1402,2.3934,2.7033,4.9072,0.6154,1.9751,3.066,1.5704,1.7021,3.3334,0.46883,3.0461,2.3662,0.59955,2.5269,2.6033,2.9748,2.744,5.9654,0.50344,2.8738,2.6449,4.6539,2.9661,0.36038,2.323,2.3937,3.7132,1.0712,3.0679,3.8749,1.4057,2.2904,3.5325,0.9413,3.0703,3.7472,2.3591,2.2364,3.7943,1.1887,1.8159,3.6632,2.4267,2.3454,4.5756,2.5807,2.6509,4.0623,1.283,2.6811,4.3515,1.902,1.9285,3.8808,1.1656,2.7636,3.6945,2.4036,2.4725,5.0307,1.6107,2.6083,3.3463,2.1659,2.2005,4.1137,0.78037,1.9091,3.3579,2.3211,2.4087,3.7251,2.3245,2.4087,3.7214,2.1981,1.9255,4.9306,2.6281,2.2842,4.7912,2.3579,2.239,3.7973,1.3716,1.5822,3.85,2.3912,2.7102,4.9023,1.9014,1.9311,3.8832,0.77132,2.1368,3.995,1.5996,1.8042,4.2528,2.3977,2.7037,4.9137,1.4484,2.3871,3.2658,5.9478,2.8886,2.2358,1.8499,1.7953,3.4902,1.9553,2.9934,4.2696,2.0361,1.9554,4.782,1.1337,2.5839,4.3009,1.9114,2.1489,4.8756,1.6111,1.7694,3.964,1.6087,2.0111,3.3643,1.0566,2.7461,3.6112,0.95588,2.8095,3.8555,1.4076,2.4182,3.858,1.1461,2.7652,3.6696,1.8328,1.7541,4.0831,0.92139,2.4572,2.7961,1.9195,2.0804,4.3986,0.15223,2.7875,2.9222,1.0718,1.9499,4.2617,0.96684,2.3231,3.0415,1.6495,2.4012,4.5897,0.97203,2.0716,2.8424,0.73693,1.9922,2.7346,1.6098,1.7647,3.9667,0.93028,2.4539,2.806,1.3673,1.5844,3.8392,2.7434,2.5827,4.6104,1.0863,2.1483,3.6167,1.1432,2.7692,3.6705,1.976,1.988,4.484,1.0612,1.9588,4.2476,1.8555,1.6723,3.456,1.6608,2.5023,3.9978,2.1249,2.5522,4.9147,2.1383,2.387,3.6951,1.2272,3.0576,3.452,1.4484,1.486,4.2229,0.63084,2.9944,3.6332,1.6163,1.7203,4.2227,0.73917,1.9981,2.7369,0.70037,2.1934,3.9518,2.6725,2.6007,4.5288,2.0121,2.1177,3.4404,1.3906,2.8838,3.532,1.0806,2.2155,3.6155,2.5425,2.0149,4.4944,1.4845,1.7307,4.42,1.5979,2.5849,3.5943,2.0597,2.3104,4.0864,2.675,2.3593,4.9717,0.47694,2.5259,2.9965
1535.0,15.571,79.114,15.468,0.063295,3623.3,1.5025,1.8173,4.149,1.273,2.2303,4.2333,1.2066,1.9695,4.2404,2.4819,2.6517,4.2933,0.85698,2.0453,4.2445,1.5196,2.515,3.8935,3.0991,2.8387,5.9328,1.2003,1.9732,4.2424,1.7432,1.6767,4.2377,1.2772,2.2247,4.2462,0.84533,2.0592,4.2096,2.9189,2.834,4.5206,5.621,2.7503,1.3648,1.28,2.7892,3.6651,0.93376,2.1434,3.0028,2.4981,2.0771,4.4876,1.4673,1.6506,3.9126,0.64658,2.5933,3.8538,2.0147,1.7706,3.486,1.1032,2.4218,3.1249,0.23034,2.2987,3.5014,1.777,1.6827,3.3969,2.0319,2.7931,4.3287,1.787,1.7,3.3992,1.4607,1.6476,3.9302,0.38702,2.1483,3.1701,2.0642,2.378,4.4223,1.4766,1.6839,3.2034,0.82507,1.9097,2.7517,3.0891,2.8396,5.909,2.0115,1.7865,3.4865,1.0174,2.7178,2.9003,1.8233,2.5838,4.0204,0.64106,1.8971,2.7948,1.0832,2.4331,3.0927,1.9006,1.9184,4.5017,1.6984,1.6596,3.885,0.51327,2.2061,3.7449,1.1918,2.4725,3.7665,0.9783,2.0865,3.2329,2.5808,2.3219,4.3388,2.0967,2.177,4.7162,1.4808,1.6574,3.9277,1.8909,1.9158,4.496,1.4872,2.1879,3.2547,0.79997,2.1141,3.1433,2.4301,2.3935,4.3506,1.9299,2.599,4.8463,1.9032,2.6016,4.8259,2.5743,2.3278,4.3447,1.2812,2.5042,3.9183,1.7027,2.244,4.3161,1.983,3.0428,3.9116,0.536,2.4693,2.5033,1.5309,2.0645,4.6293,2.0816,3.053,4.0135,0.36128,2.3894,3.396,1.6655,1.6042,4.0773,0.69485,2.0458,3.0649,2.2536,2.2526,4.671,0.69613,2.5946,3.0788,0.9782,2.0928,3.2305,0.12686,2.8919,1.8618,2.0059,2.0037,4.6171,2.5643,2.3329,4.3412,2.6308,2.3182,5.1589,2.0611,2.7764,4.354,1.0752,1.8179,3.9711,4.641,2.9604,0.51495,0.8673,2.128,3.0235,1.2959,2.0946,4.2908,1.0477,2.0987,3.4775,2.231,2.7283,4.487,1.7112,1.5769,4.1477,1.1793,2.5512,3.1057,0.7634,2.4512,3.7488,2.0715,1.9024,3.7163,1.5909,2.4454,3.4752,1.6439,2.5457,3.6132,1.6407,1.6429,4.2521,2.0288,2.775,4.5015,2.0627,2.7726,4.5365,3.4421,2.7747,6.2077,1.7128,1.5705,4.1477,1.7309,1.9987,3.4454,2.1056,2.9335,4.9141,1.1817,2.5535,3.1226,2.6099,2.4411,4.9547,1.0527,2.6195,4.0681,1.5906,2.4437,3.473,1.1636,1.8274,4.0882,1.6703,1.5958,4.0722,1.7191,2.0005,3.4353,0.27594,2.9369,3.33,2.8936,2.2969,4.6065,1.312,1.9436,4.2157,1.2918,2.6677,3.3906,1.4543,2.4604,3.3522,1.8575,1.9603,3.7034,1.9475,2.3786,4.0097,1.0767,2.289,3.1729,2.538,2.0308,5.1494,1.2416,2.6696,3.3246,1.4366,2.4732,3.3315,0.35933,2.9369,3.4082,0.66312,1.8282,2.861,1.6804,2.0114,4.4534,1.4623,1.836,4.1353,5.4469,2.8875,1.7608,0.81928,2.1094,2.7976,1.0424,2.6243,4.0621,2.206,2.5349,3.6289,2.5976,2.4318,4.9341,2.822,2.6893,4.5349,2.13,2.5144,4.4966,2.3517,2.1163,4.2187,0.76032,2.0187,3.3181,0.39143,2.4622,2.9458,0.60036,2.1476,3.7037,2.3858,2.4837,4.455,0.80942,2.4571,2.9032,1.2497,1.607,4.2841,1.701,2.0097,3.4382,6.1943,2.6858,1.9406,3.3203,2.93,5.8773,0.79286,2.4419,2.926,1.6683,1.6263,4.0731,1.5016,1.8753,3.1804,0.77,2.4545,2.8923,2.1591,2.3409,4.9185,1.1782,2.5638,3.1126,1.0095,1.9579,3.5064,0.49706,1.9813,3.26,1.7127,2.0077,3.4326,2.3838,2.0995,4.2097,2.166,2.1503,4.9956,1.2798,1.717,3.8197,0.68798,1.9793,2.7622,2.1672,2.1551,5.0047,2.3369,2.2064,4.5003,1.5713,2.3398,3.9651,4.299,2.9688,0.22009,1.9521,2.3665,4.0059,0.8297,1.9553,4.1224,1.2179,2.5927,4.2319,3.6203,2.8376,6.1624,1.5387,1.6263,3.2926,0.29111,2.3051,3.3575,5.1029,2.9596,1.0385,0.6378,2.7675,3.3463,1.3056,2.5146,3.003,2.1472,2.1291,4.9615,1.4726,2.0749,4.3698,1.5274,1.6285,3.2959,1.3883,2.9159,3.359,0.50128,2.4423,2.7842,0.9341,2.4473,3.0313,0.22351,2.6139,3.3323,1.619,2.2777,4.1393,0.50477,2.4384,2.767,1.0397,2.1983,3.6355,1.3957,1.7873,4.2911,0.31642,2.3139,3.3796,1.5279,1.6115,3.2931,0.49578,2.4417,2.782,3.1348,2.8683,6.0693,1.9798,2.5757,4.0242,1.9975,2.1887,4.616,2.5771,2.7725,5.2112,1.9047,1.9415,3.8843,1.2956,1.7781,3.7015,2.164,2.1435,4.9892,1.3871,2.6311,3.9795,1.135,3.0693,2.9695,4.7003,2.9598,0.40762,1.2953,2.6995,4.361,1.9087,1.9335,3.8809,1.2742,2.6405,2.8976,0.47432,2.7618,3.085,0.92944,2.9021,4.1161,0.62768,2.5256,2.621,0.67898,1.9652,2.9498,0.54671,2.4115,3.4071,1.5605,2.1762,4.2527,1.3342,2.7027,4.3943,0.59531,1.9737,3.0601,1.991,1.8716,3.8071,1.1934,1.8181,3.6679,2.3732,2.705,4.8702,1.3665,1.5769,4.1515,1.369,2.1541,3.1567,0.61868,1.9699,3.0673,0.49437,2.4408,2.6057,1.621,2.2834,4.1431,2.3814,2.6992,4.8932,0.61132,1.98,3.0562,1.5712,1.7001,3.3346,0.45592,3.0476,2.3503,0.60487,2.5284,2.6074,2.9867,2.7439,5.9791,3.5499,2.8753,2.6643,4.6526,2.9623,0.35703,2.318,2.3902,3.7041,1.0992,3.0651,3.9066,1.3976,2.2989,3.5252,0.95567,3.0686,3.7654,2.3573,2.2363,3.7907,1.188,1.81,3.6665,2.4265,2.3466,4.5776,2.5786,2.6555,4.0672,1.2867,2.6804,4.3538,1.9036,1.9217,3.8762,1.1719,2.7577,3.701,2.3944,2.4695,5.0182,1.6121,2.6051,3.3566,2.1655,2.2034,4.1157,0.77917,1.9103,3.3553,2.3157,2.4083,3.7193,2.3198,2.4075,3.7144,2.2019,1.9318,4.9363,2.6248,2.2829,4.7905,2.3561,2.239,3.7944,1.3701,1.5818,3.8527,2.3791,2.7078,4.8876,1.903,1.925,3.879,0.77047,2.1355,4.0016,1.5995,1.7987,4.2518,2.3863,2.7001,4.9004,1.4485,2.3868,3.2662,5.9533,2.8902,2.243,1.8483,1.794,3.4931,1.9502,2.9877,4.2624,2.0413,1.9558,4.7878,1.1395,2.5846,4.3063,1.9163,2.1484,4.8775,1.6107,1.7633,3.9637,1.6092,2.0116,3.359,1.0626,2.7407,3.6173,0.96238,2.8059,3.8614,1.4125,2.4231,3.8606,1.1493,2.7596,3.6718,1.8315,1.7458,4.0815,0.92285,2.4567,2.7999,1.9216,2.0826,4.4012,0.16521,2.7855,2.9356,1.0695,1.9482,4.262,0.96965,2.3205,3.0472,1.6524,2.4019,4.5903,0.97073,2.0685,2.844,0.73577,1.9904,2.7338,1.609,1.7577,3.9666,0.93289,2.4528,2.8113,1.3649,1.584,3.8397,2.7395,2.5815,4.6068,1.0863,2.1504,3.615,1.1458,2.7647,3.6724,1.976,1.9876,4.4852,1.0575,1.9579,4.2464,1.8561,1.6749,3.4568,1.6605,2.5056,3.9973,2.1266,2.5514,4.9126,2.1355,2.3879,3.6923,1.2334,3.0547,3.4571,1.4489,1.4885,4.2211,0.63098,2.9937,3.6344,1.6151,1.7149,4.2208,0.73838,1.9977,2.7362,0.70218,2.1934,3.9531,2.6702,2.6003,4.5279,2.0153,2.1157,3.4397,1.3932,2.8774,3.5328,1.0801,2.2198,3.6122,2.5444,2.0174,4.4986,1.4834,1.7299,4.4198,1.5962,2.5834,3.5965,2.0593,2.3149,4.0885,2.6699,2.357,4.966,0.48179,2.5251,3.0024
1535.0,15.571,79.114,15.468,0.071207,3836.3,1.4991,1.8149,4.1451,1.2728,2.2311,4.2353,1.2024,1.9669,4.2415,2.4798,2.6502,4.2927,0.85709,2.0431,4.2483,1.5192,2.5195,3.8934,3.1137,2.8383,5.9511,1.1954,1.9711,4.2432,1.7426,1.6705,4.2362,1.2779,2.2244,4.2503,0.84377,2.0587,4.2092,2.924,2.8338,4.5236,5.6095,2.7462,1.3513,1.2862,2.7803,3.6711,0.93036,2.1426,3.0008,2.5008,2.0817,4.4949,1.4668,1.6476,3.9141,0.64435,2.5971,3.8484,2.0162,1.7711,3.4878,1.1063,2.4174,3.1349,0.22279,2.3003,3.4907,1.7756,1.6833,3.3983,2.0162,2.7875,4.3112,1.7871,1.704,3.4005,1.458,1.6438,3.9338,0.3863,2.1503,3.1658,2.0688,2.3811,4.428,1.4767,1.6865,3.2039,0.82376,1.9149,2.7487,3.1012,2.8392,5.9228,2.0132,1.7896,3.4887,1.0185,2.7184,2.903,1.8247,2.5837,4.0238,0.64318,1.9009,2.7953,1.0835,2.4311,3.098,1.9019,1.9191,4.5036,1.7017,1.6557,3.8843,0.51413,2.2065,3.7455,1.191,2.4813,3.7637,0.97317,2.0908,3.2264,2.5878,2.3258,4.3478,2.1017,2.1816,4.7227,1.4817,1.6555,3.9301,1.8907,1.9156,4.4969,1.4879,2.1912,3.2532,0.79579,2.1192,3.1359,2.4314,2.3965,4.3555,1.9265,2.5985,4.8372,1.8979,2.6027,4.8162,2.5806,2.333,4.3551,1.2802,2.5074,3.9134,1.7059,2.2461,4.32,1.9667,3.0384,3.8932,0.54244,2.4693,2.5087,1.5289,2.0666,4.6328,2.0777,3.0501,4.0079,0.35628,2.3916,3.3891,1.666,1.6006,4.0767,0.693,2.0489,3.0605,2.255,2.2536,4.6734,0.70646,2.5903,3.0915,0.97291,2.0977,3.2236,0.016156,2.8919,1.8492,2.0082,2.0062,4.6219,2.5685,2.3387,4.3503,2.6231,2.3145,5.1511,2.0493,2.7679,4.3406,1.0749,1.8125,3.9753,4.6433,2.9538,0.51537,0.8646,2.1286,3.0201,1.2953,2.0937,4.2953,1.0463,2.1,3.4754,2.2192,2.7239,4.4726,1.7131,1.5735,4.146,1.185,2.5499,3.1109,0.76574,2.4545,3.7464,2.0736,1.8986,3.7126,1.5882,2.447,3.4747,1.6409,2.5492,3.6142,1.638,1.6375,4.2523,2.0168,2.7686,4.4884,2.0546,2.7659,4.528,3.4521,2.7736,6.2176,1.7148,1.5664,4.1458,1.7355,1.998,3.4454,2.1008,2.9328,4.9107,1.1873,2.5526,3.1306,2.6068,2.4405,4.9508,1.0568,2.6207,4.068,1.5881,2.4448,3.4728,1.1601,1.8314,4.0858,1.6718,1.5907,4.0705,1.7218,1.9999,3.4331,0.2743,2.9355,3.3294,2.8972,2.2974,4.6134,1.3112,1.9429,4.2168,1.2979,2.6648,3.4012,1.4527,2.4605,3.3532,1.86,1.9562,3.6994,1.9472,2.386,4.0125,1.0737,2.2897,3.1708,2.5386,2.0275,5.1499,1.2419,2.6666,3.3278,1.432,2.4752,3.3294,0.36601,2.9355,3.4148,0.66075,1.8311,2.8533,1.6774,2.0085,4.4593,1.4618,1.8317,4.1374,5.4343,2.8851,1.7481,0.81888,2.1077,2.7996,1.0451,2.6271,4.0616,2.2139,2.5364,3.6289,2.5921,2.43,4.9262,2.8268,2.687,4.5387,2.1264,2.5127,4.4921,2.3522,2.1191,4.2227,0.75986,2.0241,3.313,0.4006,2.4601,2.9549,0.59982,2.1485,3.7024,2.3861,2.4791,4.4592,0.81778,2.4557,2.9109,1.2487,1.6097,4.2838,1.7,2.0108,3.4359,6.1745,2.6847,1.9246,3.3341,2.9287,0.057818,0.80025,2.4376,2.9382,1.6694,1.6256,4.0713,1.5029,1.8774,3.1801,0.77295,2.4529,2.8979,2.1582,2.3399,4.913,1.1831,2.5643,3.1191,1.0107,1.9569,3.507,0.49115,1.981,3.2622,1.7145,2.0082,3.4294,2.3836,2.103,4.212,2.1695,2.1494,4.9975,1.2781,1.7118,3.8222,0.68867,1.9791,2.7637,2.1714,2.1551,5.0086,2.3395,2.2095,4.5061,1.572,2.3489,3.9656,4.3138,2.9618,0.23379,1.9517,2.3715,4.0075,0.82846,1.9545,4.1226,1.2252,2.5957,4.2353,3.6346,2.8349,6.1966,1.5395,1.6278,3.2934,0.28596,2.3056,3.3499,5.0983,2.9544,1.0336,0.64695,2.7652,3.357,1.3117,2.5162,3.0068,2.1484,2.1254,4.9586,1.4727,2.0711,4.3731,1.5276,1.629,3.2972,1.39,2.9146,3.3592,0.50888,2.4406,2.7946,0.93284,2.447,3.0339,0.22461,2.6134,3.3318,1.6205,2.2813,4.1416,0.5134,2.437,2.7756,1.0377,2.2046,3.6308,1.3959,1.7845,4.2907,0.31571,2.3158,3.3762,1.5276,1.6105,3.294,0.50277,2.44,2.792,3.1598,2.8674,6.0868,1.9756,2.5729,4.0228,2.0016,2.1901,4.6201,2.5652,2.7718,5.1979,1.9067,1.9379,3.8813,1.2959,1.772,3.7031,2.1672,2.1416,4.9902,1.3848,2.628,3.9742,1.1361,3.0675,2.9696,4.7042,2.9556,0.40947,1.3024,2.7017,4.3668,1.909,1.9303,3.8805,1.2785,2.6413,2.9031,0.49119,2.7596,3.1044,0.93114,2.9034,4.1169,0.63711,2.5263,2.6285,0.67671,1.9702,2.944,0.54685,2.4129,3.4044,1.5597,2.176,4.257,1.3473,2.7053,4.4044,0.58902,1.9771,3.0507,1.9926,1.8684,3.806,1.1931,1.8138,3.6711,2.3594,2.7015,4.8514,1.3649,1.5849,4.1478,1.366,2.1536,3.1544,0.61634,1.9739,3.0598,0.49875,2.4395,2.6115,1.6234,2.2898,4.1461,2.3694,2.695,4.8792,0.60704,1.985,3.0462,1.5719,1.6981,3.3358,0.44132,3.0491,2.3327,0.61031,2.53,2.6116,2.9989,2.7437,5.9931,6.2764,2.8766,2.6842,4.652,2.9585,0.35449,2.3127,2.3864,3.6946,1.1254,3.0621,3.9365,1.3889,2.3078,3.5175,0.96995,3.0668,3.7835,2.3555,2.2361,3.7869,1.1873,1.8039,3.6699,2.4262,2.3477,4.5795,2.5761,2.66,4.0719,1.2904,2.6796,4.3559,1.9051,1.9146,3.8714,1.178,2.7517,3.7072,2.3851,2.4663,5.0052,1.6136,2.6017,3.3673,2.1651,2.2065,4.1178,0.77787,1.9114,3.3527,2.31,2.4079,3.7133,2.315,2.4061,3.707,2.2061,1.9378,4.9422,2.6214,2.2816,4.7897,2.3542,2.239,3.7915,1.3688,1.5815,3.8554,2.3672,2.7053,4.8729,1.9046,1.9188,3.8748,0.76974,2.1341,4.0084,1.5993,1.7931,4.2508,2.3749,2.6966,4.8869,1.4486,2.3866,3.2666,5.9594,2.8919,2.2508,1.8468,1.7926,3.4959,1.9443,2.9818,4.2545,2.0468,1.9561,4.7938,1.1454,2.5852,4.3117,1.9212,2.1479,4.8792,1.6104,1.7571,3.9635,1.6096,2.0123,3.3536,1.0681,2.7352,3.6227,0.96851,2.8025,3.8667,1.4174,2.4278,3.8632,1.1523,2.754,3.6737,1.8301,1.7372,4.08,0.92427,2.4561,2.8035,1.9239,2.085,4.4039,0.17813,2.7833,2.9487,1.0673,1.9466,4.2624,0.97223,2.3179,3.0528,1.6552,2.4025,4.5909,0.96935,2.0654,2.8455,0.7346,1.9886,2.733,1.6083,1.7505,3.9665,0.93542,2.4517,2.8167,1.3626,1.5836,3.8402,2.7358,2.5804,4.6034,1.0863,2.1526,3.6132,1.1481,2.7604,3.6738,1.976,1.9872,4.4863,1.054,1.957,4.2453,1.8567,1.6773,3.4575,1.6602,2.5087,3.9968,2.1282,2.5507,4.9103,2.1327,2.3889,3.6895,1.2393,3.0518,3.4617,1.4494,1.4909,4.2193,0.63074,2.9931,3.6352,1.6141,1.7095,4.219,0.73763,1.9972,2.7356,0.70399,2.1935,3.9543,2.668,2.6,4.5269,2.0185,2.1136,3.4389,1.3959,2.871,3.534,1.0795,2.2241,3.6088,2.5463,2.0198,4.5028,1.4823,1.7291,4.4196,1.5945,2.5819,3.5988,2.0589,2.3194,4.0907,2.6653,2.3548,4.9606,0.48651,2.5243,3.0082
1535.0,15.571,79.114,15.468,0.079119,4009.2,1.4956,1.8125,4.1411,1.2727,2.232,4.2374,1.1979,1.9641,4.2426,2.4776,2.6486,4.2921,0.85721,2.0409,4.2522,1.5187,2.5241,3.8933,3.1287,2.8377,5.9699,1.1903,1.9688,4.244,1.7419,1.6643,4.2347,1.2787,2.2241,4.2547,0.84225,2.0581,4.209,2.9292,2.8335,4.527,5.5982,2.7418,1.338,1.2923,2.7712,3.6771,0.92691,2.1417,2.9989,2.5038,2.0867,4.5027,1.4664,1.6449,3.9158,0.64197,2.601,3.8429,2.0178,1.7717,3.4897,1.1089,2.413,3.1446,0.21474,2.3019,3.4795,1.7741,1.6838,3.3997,2.0006,2.7818,4.2937,1.7873,1.708,3.4018,1.455,1.6399,3.9376,0.38566,2.1524,3.1614,2.0737,2.3842,4.4338,1.4766,1.6892,3.2044,0.82252,1.9201,2.7458,3.1139,2.8387,5.9371,2.0153,1.7927,3.4912,1.0194,2.7192,2.9056,1.8263,2.5838,4.0274,0.64548,1.9048,2.796,1.0835,2.4289,3.1032,1.9035,1.9198,4.5058,1.7053,1.652,3.8838,0.51521,2.2069,3.7464,1.1902,2.4902,3.7611,0.96769,2.0954,3.2197,2.5953,2.3298,4.3574,2.1067,2.1864,4.7293,1.4827,1.6538,3.9326,1.8907,1.9155,4.498,1.489,2.1947,3.2518,0.79125,2.1242,3.1282,2.4326,2.3995,4.3602,1.9229,2.598,4.8275,1.8927,2.6038,4.8059,2.5877,2.3384,4.3665,1.2791,2.5109,3.9084,1.7095,2.2484,4.3243,1.9496,3.0334,3.8741,0.5492,2.4694,2.5142,1.5268,2.0689,4.6364,2.0726,3.0467,4.0013,0.35113,2.3938,3.382,1.6665,1.5969,4.0762,0.69118,2.052,3.056,2.2563,2.2545,4.6756,0.71696,2.5857,3.1047,0.96725,2.1025,3.2164,5.8962,2.8919,1.8376,2.0108,2.0087,4.6268,2.5733,2.3447,4.3601,2.615,2.3104,5.1427,2.0376,2.7589,4.3273,1.0746,1.8069,3.9798,4.6452,2.9469,0.51534,0.86184,2.129,3.0168,1.2948,2.0927,4.3001,1.0449,2.1013,3.4733,2.2072,2.7192,4.458,1.7153,1.5699,4.1442,1.1906,2.5485,3.1159,0.76815,2.4577,3.744,2.0757,1.8947,3.7087,1.585,2.4487,3.4737,1.6377,2.5527,3.6156,1.6353,1.632,4.2525,2.0047,2.7617,4.475,2.0465,2.7589,4.5194,3.4614,2.7724,6.2266,1.7169,1.5621,4.1436,1.7403,1.9972,3.4456,2.096,2.932,4.907,1.1929,2.5515,3.1384,2.6038,2.4399,4.947,1.061,2.6216,4.0677,1.5853,2.4458,3.4725,1.1565,1.8354,4.0832,1.6734,1.5858,4.0687,1.7247,1.9992,3.431,0.27295,2.934,3.3291,2.901,2.2979,4.6204,1.3103,1.9422,4.2178,1.3037,2.6619,3.4118,1.451,2.4606,3.3541,1.8626,1.9517,3.6951,1.9469,2.3936,4.0156,1.0705,2.2903,3.1688,2.5393,2.024,5.1504,1.2424,2.6636,3.3315,1.4272,2.4772,3.327,0.37189,2.934,3.4206,0.65828,1.834,2.8457,1.6742,2.0055,4.4654,1.4613,1.8273,4.1394,5.4219,2.8827,1.7357,0.81837,2.106,2.8017,1.0478,2.6299,4.0611,2.2218,2.5378,3.6286,2.5867,2.4281,4.9185,2.8317,2.6846,4.5428,2.1229,2.5111,4.4877,2.3529,2.1221,4.227,0.75944,2.0297,3.3078,0.40967,2.4579,2.9639,0.59924,2.1494,3.7012,2.3865,2.4743,4.4635,0.82609,2.4542,2.9187,1.2477,1.6122,4.2835,1.6988,2.0121,3.4335,6.1587,2.6835,1.9087,3.3477,2.9272,0.16974,0.80762,2.4331,2.9507,1.6705,1.625,4.0695,1.5042,1.8796,3.1797,0.77562,2.4513,2.9031,2.1573,2.3389,4.9077,1.1878,2.5649,3.1255,1.0118,1.9559,3.5076,0.48491,1.9806,3.265,1.7163,2.0088,3.426,2.3834,2.1068,4.2145,2.1732,2.1484,4.9993,1.2763,1.7068,3.8247,0.68938,1.9789,2.7653,2.1758,2.1551,5.0126,2.3422,2.2126,4.5118,1.5727,2.3582,3.9661,4.3284,2.9545,0.24753,1.9513,2.3765,4.0091,0.82716,1.9538,4.1226,1.2328,2.5988,4.239,3.6489,2.8321,0.0066895,1.5403,1.6294,3.2943,0.2807,2.306,3.3423,5.0935,2.9491,1.0289,0.65545,2.7629,3.367,1.3178,2.5179,3.0108,2.1497,2.1216,4.9557,1.4728,2.0669,4.3765,1.5279,1.6294,3.2985,1.3918,2.9133,3.3595,0.51661,2.4388,2.8052,0.93099,2.4469,3.0361,0.22577,2.6128,3.3312,1.6221,2.2851,4.144,0.52209,2.4356,2.7844,1.0353,2.2113,3.6259,1.396,1.7818,4.2901,0.31512,2.3177,3.3729,1.5273,1.6095,3.2949,0.50974,2.4382,2.8021,3.1854,2.8662,6.079,1.9711,2.5701,4.0213,2.0059,2.1915,4.6242,2.552,2.771,5.1832,1.9086,1.9341,3.8782,1.2961,1.766,3.7047,2.1705,2.1396,4.9912,1.3825,2.625,3.9689,1.1368,3.0658,2.9692,4.7087,2.9511,0.41194,1.3098,2.7039,4.3731,1.9093,1.9271,3.8802,1.2829,2.6422,2.9086,0.50791,2.7574,3.1237,0.9339,2.9045,4.1189,0.64698,2.527,2.6365,0.67459,1.9752,2.9384,0.54705,2.4142,3.4016,1.5589,2.1755,4.2615,1.3608,2.708,4.4148,0.58268,1.9805,3.0411,1.9942,1.8651,3.805,1.1928,1.8094,3.6743,2.3454,2.6978,4.8324,1.3632,1.5928,4.1439,1.3629,2.1531,3.1521,0.61409,1.9782,3.0524,0.50299,2.4382,2.6172,1.6263,2.2965,4.1493,2.3575,2.6905,4.865,0.60255,1.9899,3.0359,1.5725,1.6961,3.3371,0.42489,3.0507,2.3133,0.61583,2.5318,2.6159,3.0113,2.7434,6.0073,5.769,2.8778,2.7045,4.6521,2.9546,0.35274,2.3074,2.3822,3.6845,1.1495,3.059,3.9642,1.3797,2.3171,3.5094,0.98365,3.0649,3.801,2.3536,2.236,3.7828,1.1865,1.7978,3.6733,2.4259,2.3489,4.5813,2.5731,2.6645,4.0765,1.2942,2.6787,4.358,1.9066,1.9072,3.8666,1.1838,2.7456,3.713,2.3757,2.4628,4.9917,1.6151,2.5981,3.3784,2.1648,2.2099,4.12,0.77649,1.9126,3.35,2.3041,2.4075,3.7071,2.3102,2.4045,3.6995,2.2106,1.9435,4.948,2.618,2.2803,4.7889,2.3521,2.2391,3.7884,1.3674,1.5811,3.8582,2.3554,2.7025,4.8583,1.9062,1.9125,3.8704,0.76914,2.1325,4.0153,1.5992,1.7875,4.2497,2.3634,2.6929,4.8732,1.4486,2.3865,3.2669,5.9661,2.8936,2.2592,1.8453,1.7912,3.4987,1.938,2.976,4.2459,2.0525,1.9563,4.7998,1.1511,2.5858,4.3171,1.9258,2.1473,4.8808,1.61,1.7509,3.9633,1.61,2.013,3.3484,1.0732,2.7298,3.6275,0.97435,2.7991,3.8714,1.4222,2.4326,3.8659,1.1551,2.7485,3.6753,1.8286,1.7284,4.0786,0.92565,2.4556,2.8071,1.9263,2.0875,4.4067,0.19085,2.781,2.9615,1.0651,1.9449,4.2629,0.97462,2.3152,3.0582,1.658,2.403,4.5915,0.96795,2.0622,2.847,0.73342,1.9867,2.7323,1.6075,1.7433,3.9664,0.93784,2.4506,2.8219,1.3603,1.583,3.8407,2.7322,2.5792,4.6001,1.0862,2.1549,3.6113,1.1502,2.7563,3.6749,1.976,1.9867,4.4874,1.0507,1.956,4.2444,1.8573,1.6795,3.4582,1.6599,2.5117,3.9963,2.1298,2.55,4.9079,2.13,2.3899,3.6867,1.2448,3.0488,3.4661,1.4499,1.4931,4.2174,0.63014,2.9925,3.6357,1.6132,1.7043,4.2171,0.73692,1.9966,2.735,0.70578,2.1937,3.9555,2.6659,2.5996,4.5259,2.0216,2.1115,3.4379,1.3989,2.8649,3.5356,1.0788,2.2285,3.6054,2.5483,2.0223,4.507,1.4813,1.7283,4.4195,1.5928,2.5805,3.6011,2.0584,2.3241,4.093,2.6609,2.3527,4.9556,0.49103,2.5236,3.0137
1535.0,15.571,79.114,15.468,0.087031,4143.0,1.4919,1.8101,4.137,1.2727,2.2329,4.2397,1.1934,1.9613,4.2436,2.4755,2.647,4.2915,0.8573,2.0388,4.2559,1.518,2.5286,3.8932,3.1443,2.8369,5.9893,1.185,1.9665,4.2447,1.7413,1.658,4.2331,1.2796,2.2238,4.2592,0.84078,2.0575,4.2089,2.9347,2.8332,4.5306,5.5871,2.7374,1.325,1.2985,2.7618,3.683,0.92338,2.1407,2.9971,2.5071,2.092,4.511,1.466,1.6426,3.9175,0.63958,2.6048,3.8371,2.0195,1.7723,3.4916,1.111,2.4086,3.1541,0.20619,2.3033,3.4677,1.7725,1.6842,3.4011,1.9848,2.7757,4.2759,1.7876,1.7121,3.4032,1.4519,1.636,3.9415,0.38502,2.1546,3.1569,2.0788,2.3875,4.4401,1.4765,1.6919,3.205,0.82139,1.9258,2.743,3.1274,2.8381,5.9522,2.0176,1.7958,3.4941,1.0199,2.7202,2.9078,1.828,2.5841,4.0312,0.64793,1.9088,2.7967,1.0832,2.4268,3.1084,1.9052,1.9205,4.5082,1.7092,1.6485,3.8835,0.51656,2.2072,3.7474,1.1895,2.4995,3.7587,0.96174,2.1002,3.2126,2.6034,2.3339,4.3678,2.1119,2.1915,4.7363,1.4839,1.6523,3.935,1.8909,1.9154,4.4992,1.4905,2.1983,3.2505,0.78621,2.1294,3.1199,2.4339,2.4026,4.365,1.9189,2.5975,4.8168,1.8875,2.6051,4.7951,2.5959,2.3441,4.3791,1.278,2.5148,3.9033,1.7135,2.2508,4.3289,1.9319,3.0279,3.8544,0.55621,2.4697,2.5198,1.5248,2.0716,4.6401,2.0664,3.043,3.9935,0.34571,2.3959,3.3746,1.6669,1.5931,4.0756,0.68932,2.0549,3.0516,2.2575,2.2552,4.6774,0.72793,2.5807,3.1187,0.96114,2.1076,3.2087,0.50471,2.8918,1.8272,2.0135,2.0111,4.6319,2.5787,2.351,4.3708,2.6061,2.3061,5.1336,2.0259,2.7494,4.3141,1.0744,1.8008,3.9846,4.6467,2.9395,0.51494,0.85901,2.1292,3.0138,1.2946,2.0917,4.3049,1.0433,2.1024,3.4713,2.1949,2.7142,4.443,1.7176,1.566,4.1422,1.1962,2.547,3.1208,0.77065,2.4608,3.7418,2.0778,1.8906,3.7046,1.5813,2.4504,3.4722,1.6346,2.5559,3.6172,1.6325,1.6261,4.2527,1.9925,2.7541,4.4614,2.0382,2.7512,4.5107,3.47,2.7712,6.2346,1.7192,1.5577,4.1413,1.7451,1.9963,3.446,2.0909,2.9311,4.903,1.1984,2.5503,3.1461,2.6009,2.4393,4.9434,1.0651,2.6221,4.0674,1.5822,2.4468,3.4719,1.1529,1.839,4.0806,1.675,1.5807,4.0669,1.7275,1.9985,3.4289,0.27206,2.9326,3.3292,2.9048,2.2985,4.6276,1.3094,1.9416,4.2188,1.3093,2.6591,3.4223,1.4493,2.4607,3.3549,1.8653,1.9469,3.6907,1.9468,2.4012,4.0187,1.0674,2.2908,3.1668,2.5399,2.0203,5.1508,1.243,2.6605,3.3355,1.4224,2.479,3.3246,0.37692,2.9326,3.4255,0.65568,1.8368,2.8381,1.6709,2.0024,4.4717,1.4607,1.8228,4.1414,5.4102,2.8803,1.7241,0.8178,2.1044,2.8037,1.0505,2.6326,4.0607,2.2299,2.5391,3.6283,2.5814,2.4263,4.9109,2.8369,2.6822,4.547,2.1197,2.5096,4.4834,2.3536,2.1254,4.2313,0.75907,2.0357,3.3024,0.41849,2.4558,2.9728,0.59858,2.1502,3.7001,2.3869,2.4696,4.4677,0.83431,2.4528,2.9266,1.2467,1.6146,4.2831,1.6974,2.0134,3.431,6.1458,2.6822,1.893,3.3608,2.9258,0.053376,0.81492,2.4284,2.9633,1.6715,1.6246,4.0677,1.5055,1.8819,3.1794,0.77802,2.4496,2.9081,2.1566,2.3381,4.9024,1.1923,2.5655,3.1317,1.0129,1.9548,3.5082,0.47842,1.98,3.2682,1.718,2.0095,3.4225,2.3833,2.1106,4.2172,2.1769,2.1474,5.001,1.2744,1.7017,3.8272,0.69012,1.9786,2.767,2.1802,2.1551,5.0166,2.3449,2.2157,4.5175,1.5734,2.3675,3.9665,4.3426,2.947,0.26104,1.951,2.3817,4.0107,0.82576,1.9534,4.1223,1.2406,2.6019,4.2429,3.663,2.8294,6.125,1.5411,1.631,3.2952,0.27529,2.3063,3.3346,5.0887,2.9435,1.0243,0.6632,2.7607,3.376,1.3239,2.5196,3.0148,2.151,2.1178,4.9527,1.4731,2.0625,4.38,1.5282,1.6297,3.2999,1.3936,2.9122,3.3601,0.52441,2.4369,2.8161,0.92837,2.4471,3.0377,0.22683,2.6122,3.3306,1.6238,2.2887,4.1465,0.53079,2.434,2.7933,1.0327,2.2186,3.6206,1.3961,1.7792,4.2894,0.31457,2.3197,3.3697,1.527,1.6084,3.2959,0.5166,2.4364,2.8122,3.2114,2.8648,6.1855,1.9666,2.5675,4.0197,2.0101,2.1928,4.6283,2.5377,2.77,5.1672,1.9103,1.9303,3.8751,1.2961,1.76,3.7063,2.1739,2.1376,4.9921,1.3803,2.6222,3.9636,1.1369,3.0643,2.9683,4.7137,2.9465,0.41505,1.3178,2.7061,4.38,1.9095,1.9242,3.8801,1.2873,2.6431,2.9141,0.52444,2.7551,3.1427,0.93785,2.9053,4.1222,0.6573,2.5277,2.6449,0.67264,1.9803,2.9331,0.54725,2.4153,3.3989,1.5582,2.1748,4.266,1.3745,2.7105,4.4254,0.57633,1.9837,3.0315,1.9956,1.862,3.8042,1.1924,1.805,3.6775,2.3314,2.6941,4.8132,1.3615,1.6006,4.1399,1.3598,2.1525,3.15,0.61195,1.9827,3.0449,0.50707,2.4369,2.6228,1.6295,2.3036,4.1527,2.3457,2.6858,4.8508,0.59782,1.995,3.0254,1.5731,1.6941,3.3384,0.40646,3.0523,2.292,0.62139,2.5337,2.6201,3.0237,2.7431,6.0214,0.21223,2.8789,2.7248,4.6528,2.9508,0.35174,2.3019,2.3778,3.674,1.1715,3.0557,3.9897,1.3699,2.3267,3.501,0.99631,3.0631,3.8173,2.3517,2.2359,3.7787,1.1858,1.7917,3.6767,2.4258,2.3502,4.5831,2.5698,2.6689,4.0809,1.2979,2.6778,4.3598,1.908,1.8994,3.8615,1.1894,2.7393,3.7186,2.3661,2.4592,4.978,1.6166,2.5943,3.3896,2.1645,2.2134,4.1221,0.77509,1.9139,3.3472,2.298,2.4071,3.7009,2.3054,2.4029,3.6919,2.2153,1.9491,4.9538,2.6147,2.2789,4.7879,2.35,2.2394,3.7853,1.3661,1.5805,3.8611,2.3439,2.6997,4.844,1.9076,1.906,3.866,0.76863,2.1308,4.0224,1.5991,1.782,4.2486,2.352,2.6891,4.8595,1.4485,2.3864,3.2672,5.9732,2.8953,2.268,1.8439,1.7897,3.5015,1.9312,2.9701,4.2368,2.0583,1.9564,4.8057,1.1567,2.5862,4.3224,1.9303,2.1466,4.882,1.6097,1.7447,3.963,1.6103,2.0138,3.3433,1.0781,2.7243,3.6321,0.97991,2.7957,3.8757,1.427,2.4371,3.8687,1.1578,2.743,3.6767,1.8272,1.7196,4.0773,0.92695,2.4552,2.8103,1.9287,2.09,4.4094,0.20309,2.7786,2.9737,1.0631,1.9432,4.2635,0.97689,2.3126,3.0636,1.6607,2.4034,4.5919,0.96663,2.0591,2.8486,0.73229,1.9847,2.7318,1.6068,1.7362,3.9663,0.94014,2.4495,2.8268,1.3581,1.5823,3.8411,2.7288,2.5781,4.597,1.0861,2.1573,3.6095,1.1522,2.7524,3.6759,1.9759,1.986,4.4884,1.0477,1.9549,4.2437,1.8579,1.6816,3.4589,1.6596,2.5146,3.9957,2.1315,2.5493,4.9055,2.1274,2.3908,3.6839,1.2498,3.046,3.47,1.4503,1.4949,4.2156,0.62932,2.9919,3.636,1.6125,1.6992,4.2153,0.73625,1.9959,2.7346,0.70752,2.1939,3.9565,2.6638,2.5991,4.5249,2.0245,2.1094,3.4367,1.4019,2.859,3.5374,1.078,2.2327,3.6021,2.5501,2.0246,4.511,1.4803,1.7276,4.4194,1.5912,2.5791,3.6033,2.058,2.3286,4.0951,2.6569,2.3507,4.9509,0.4953,2.5229,3.019
1535.0,15.571,79.114,15.468,0.094943,4243.7,1.4882,1.8077,4.1329,1.2728,2.2338,4.242,1.1887,1.9583,4.2447,2.4732,2.6453,4.291,0.85736,2.0368,4.2594,1.5173,2.5333,3.893,3.1601,2.8359,6.009,1.1797,1.9642,4.2454,1.7408,1.6516,4.2314,1.2806,2.2234,4.264,0.83937,2.057,4.209,2.9403,2.8329,4.5344,5.5763,2.7329,1.3123,1.3046,2.7523,3.689,0.91976,2.1397,2.9954,2.5107,2.0976,4.5198,1.4658,1.6407,3.9195,0.63723,2.6088,3.8312,2.0212,1.7728,3.4936,1.1125,2.4042,3.1634,0.19714,2.3045,3.4555,1.7709,1.6844,3.4027,1.9691,2.7693,4.2579,1.7878,1.7162,3.4047,1.4486,1.6321,3.9456,0.38435,2.1569,3.1522,2.0843,2.3909,4.4467,1.4763,1.6946,3.2056,0.82041,1.9319,2.7402,3.1419,2.8375,5.9683,2.0203,1.7991,3.4973,1.0199,2.7215,2.9096,1.83,2.5847,4.0353,0.65053,1.9129,2.7976,1.0824,2.4246,3.1137,1.9072,1.9213,4.5109,1.7133,1.645,3.8835,0.51823,2.2075,3.7488,1.1888,2.5092,3.7566,0.9553,2.1052,3.205,2.6122,2.3382,4.3789,2.1172,2.1969,4.7436,1.4853,1.6512,3.9376,1.8913,1.9153,4.5005,1.4924,2.202,3.2492,0.78061,2.1348,3.111,2.4352,2.4059,4.3701,1.9143,2.5971,4.805,1.8822,2.6064,4.7836,2.6051,2.3501,4.3929,1.2768,2.5192,3.8979,1.718,2.2534,4.3338,1.9141,3.0219,3.8345,0.56337,2.4702,2.5255,1.5228,2.0747,4.6441,2.059,3.0388,3.9849,0.33996,2.3979,3.3667,1.6673,1.589,4.0751,0.68742,2.0577,3.0471,2.2586,2.2557,4.6787,0.7394,2.5754,3.1336,0.95458,2.1128,3.2006,3.2476,2.8916,1.8178,2.0165,2.0133,4.6371,2.5849,2.3577,4.3824,2.5964,2.3014,5.1238,2.0145,2.7394,4.301,1.0743,1.7942,3.9898,4.648,2.9316,0.51428,0.85613,2.129,3.0111,1.2946,2.0905,4.3099,1.0417,2.1035,3.4694,2.1822,2.7089,4.4275,1.7202,1.5616,4.1401,1.2018,2.5453,3.1255,0.77324,2.4635,3.7398,2.0798,1.8864,3.7003,1.577,2.452,3.4701,1.6315,2.5589,3.6192,1.6294,1.6199,4.2528,1.9802,2.7457,4.4475,2.0298,2.7429,4.5019,3.4777,2.77,6.2416,1.7214,1.553,4.1388,1.7497,1.9954,3.4465,2.0856,2.9301,4.8988,1.2038,2.5491,3.1537,2.5981,2.4388,4.9399,1.0694,2.6224,4.067,1.5789,2.4476,3.4711,1.1493,1.8422,4.0781,1.6765,1.5757,4.0651,1.7303,1.9976,3.4269,0.27168,2.9311,3.3298,2.9087,2.2991,4.6348,1.3085,1.9411,4.2197,1.3148,2.6561,3.4328,1.4476,2.4607,3.3556,1.8679,1.9417,3.6859,1.9467,2.4089,4.0219,1.0643,2.2912,3.165,2.5404,2.0166,5.151,1.2439,2.6573,3.34,1.4175,2.4808,3.322,0.38113,2.9312,3.4296,0.65298,1.8394,2.8306,1.6676,1.9992,4.4781,1.4602,1.8181,4.1433,5.3994,2.878,1.7133,0.81719,2.1029,2.8056,1.053,2.6353,4.0604,2.238,2.5402,3.6279,2.5762,2.4245,4.9037,2.8423,2.6799,4.5514,2.1166,2.5081,4.4792,2.3544,2.1288,4.2356,0.7587,2.0418,3.2969,0.42698,2.4536,2.9814,0.59785,2.1508,3.6991,2.3873,2.4651,4.472,0.84234,2.4512,2.9344,1.2456,1.6167,4.2827,1.6959,2.0147,3.4286,6.132,2.6808,1.8778,3.3734,2.9243,0.049381,0.82199,2.4237,2.9758,1.6725,1.6242,4.0661,1.5068,1.8841,3.1791,0.78012,2.448,2.9128,2.1559,2.3372,4.8971,1.1965,2.5662,3.1377,1.0139,1.9536,3.5088,0.47174,1.9794,3.2717,1.7197,2.0103,3.4189,2.3831,2.1147,4.22,2.1805,2.1463,5.0025,1.2725,1.6968,3.8295,0.69089,1.9784,2.7686,2.1846,2.155,5.0205,2.3476,2.2189,4.5232,1.5741,2.3769,3.967,4.3561,2.9393,0.27413,1.9508,2.387,4.0124,0.82426,1.9532,4.1216,1.2486,2.605,4.247,3.6768,2.8267,5.7539,1.542,1.6325,3.296,0.26972,2.3064,3.3269,5.0839,2.9377,1.0198,0.67011,2.7585,3.3842,1.3299,2.5215,3.0188,2.1522,2.1142,4.9498,1.4733,2.0577,4.3835,1.5285,1.6299,3.3012,1.3955,2.9111,3.3609,0.53224,2.4349,2.827,0.92501,2.4474,3.0385,0.2277,2.6117,3.3298,1.6255,2.2922,4.1491,0.53941,2.4325,2.8022,1.0299,2.2263,3.6151,1.3962,1.7767,4.2885,0.31404,2.3215,3.3666,1.5267,1.6072,3.2968,0.52333,2.4346,2.8222,3.2378,2.8632,0.099927,1.9619,2.5651,4.018,2.0143,2.194,4.6322,2.5223,2.769,5.1498,1.9119,1.9264,3.872,1.296,1.7541,3.7078,2.1772,2.1355,4.993,1.3782,2.6196,3.9584,1.1364,3.063,2.9669,4.7193,2.9418,0.41877,1.3261,2.7082,4.3874,1.9096,1.9214,3.88,1.2915,2.6441,2.9196,0.54066,2.7529,3.1614,0.94293,2.9059,4.1267,0.66803,2.5287,2.6537,0.67085,1.9852,2.9279,0.54745,2.4161,3.3962,1.5573,2.1737,4.2706,1.3884,2.713,4.4362,0.57005,1.9867,3.022,1.997,1.8589,3.8035,1.192,1.8008,3.6807,2.3176,2.6903,4.794,1.3598,1.6083,4.1359,1.3567,2.152,3.148,0.60991,1.9874,3.0376,0.51096,2.4357,2.6283,1.6329,2.3109,4.1563,2.3339,2.6809,4.8365,0.5929,1.9999,3.0146,1.5736,1.6923,3.3397,0.38609,3.0539,2.2688,0.6269,2.5356,2.6242,3.0361,2.7427,6.0355,0.3271,2.8798,2.7447,4.6539,2.9471,0.35144,2.2963,2.3729,3.663,1.1915,3.0522,4.0129,1.3599,2.3363,3.4924,1.0077,3.0612,3.8324,2.3498,2.2358,3.7744,1.1851,1.7856,3.68,2.4257,2.3514,4.5848,2.5661,2.673,4.085,1.3015,2.677,4.3615,1.9093,1.8914,3.8564,1.195,2.7328,3.724,2.3566,2.4554,4.964,1.6181,2.5903,3.4008,2.1643,2.217,4.1244,0.77368,1.9152,3.3443,2.2919,2.4066,3.6946,2.3004,2.4012,3.6842,2.2199,1.9544,4.9595,2.6115,2.2775,4.7868,2.3478,2.2396,3.7821,1.365,1.5798,3.8641,2.3328,2.6967,4.83,1.909,1.8995,3.8615,0.7682,2.129,4.0294,1.599,1.7765,4.2475,2.3407,2.6853,4.8457,1.4485,2.3863,3.2674,5.9807,2.8971,2.277,1.8425,1.7881,3.5042,1.9242,2.9643,4.2275,2.0642,1.9564,4.8117,1.162,2.5865,4.3276,1.9344,2.1457,4.8828,1.6095,1.7386,3.9629,1.6105,2.0147,3.3384,1.0828,2.7186,3.6364,0.98516,2.7925,3.8794,1.4316,2.4413,3.8715,1.1603,2.7374,3.6779,1.8257,1.7109,4.0761,0.92817,2.4548,2.8133,1.9312,2.0924,4.4121,0.21471,2.7761,2.9851,1.0613,1.9416,4.2641,0.97905,2.3101,3.0688,1.6632,2.4036,4.5924,0.96542,2.0559,2.8503,0.73124,1.9827,2.7315,1.6061,1.7293,3.9663,0.94229,2.4485,2.8314,1.356,1.5813,3.8417,2.7257,2.5769,4.594,1.0859,2.1595,3.6078,1.154,2.7487,3.6768,1.9758,1.9853,4.4892,1.0449,1.9538,4.2434,1.8585,1.6833,3.4595,1.6593,2.5173,3.9951,2.1333,2.5485,4.9033,2.1249,2.3916,3.6813,1.2544,3.0434,3.4734,1.4508,1.4964,4.2138,0.62838,2.9914,3.636,1.6119,1.6944,4.2134,0.73565,1.9951,2.7342,0.70917,2.1941,3.9574,2.6619,2.5986,4.524,2.0271,2.1073,3.4354,1.4048,2.8535,3.5393,1.0772,2.2368,3.5989,2.5519,2.0267,4.5148,1.4794,1.7268,4.4193,1.5897,2.5779,3.6054,2.0575,2.3329,4.0972,2.6531,2.3489,4.9465,0.49928,2.5223,3.0239
1535.0,15.571,79.114,15.468,0.10285,4322.1,1.4844,1.8051,4.1289,1.273,2.2347,4.2443,1.1839,1.9552,4.2456,2.4711,2.6435,4.2906,0.85739,2.035,4.2628,1.5165,2.538,3.8928,3.1764,2.8348,6.0292,1.1742,1.9617,4.246,1.7404,1.6453,4.2297,1.2817,2.223,4.2688,0.83804,2.0565,4.2092,2.9461,2.8326,4.5384,5.5656,2.7284,1.2997,1.3106,2.7431,3.6948,0.91607,2.1387,2.9936,2.5146,2.1035,4.5292,1.4656,1.6391,3.9215,0.63474,2.6129,3.8249,2.023,1.7735,3.4957,1.1131,2.4001,3.1719,0.18749,2.3056,3.4425,1.7692,1.6845,3.4043,1.9539,2.7629,4.2402,1.7881,1.7203,3.4063,1.4452,1.6283,3.9497,0.38372,2.1593,3.1475,2.0899,2.3943,4.4535,1.4761,1.6973,3.2062,0.8196,1.9378,2.7379,3.1573,2.8367,5.9853,2.0233,1.8025,3.5008,1.0195,2.7229,2.911,1.8323,2.5854,4.0396,0.65327,1.9171,2.7986,1.0812,2.4224,3.1189,1.9095,1.922,4.5137,1.7177,1.6419,3.8837,0.52021,2.2077,3.7505,1.1886,2.5186,3.7553,0.94857,2.1102,3.1974,2.6216,2.3425,4.3907,2.1226,2.2023,4.7512,1.4869,1.6504,3.9402,1.8921,1.9153,4.5019,1.4947,2.2059,3.2479,0.77455,2.1403,3.1016,2.4364,2.4091,4.3752,1.9095,2.5968,4.7923,1.877,2.6078,4.7716,2.6154,2.3564,4.408,1.2757,2.5238,3.8924,1.7228,2.256,4.3389,1.8965,3.0154,3.815,0.5707,2.4708,2.5312,1.5208,2.0782,4.648,2.0508,3.0342,3.9754,0.33395,2.3997,3.3584,1.6678,1.5849,4.0746,0.68556,2.0603,3.0428,2.2594,2.256,4.6796,0.75091,2.57,3.1491,0.94776,2.118,3.1922,5.9012,2.8914,1.8094,2.0196,2.0155,4.6424,2.5919,2.3647,4.395,2.5864,2.2965,5.1135,2.0035,2.729,4.2884,1.0742,1.7874,3.995,4.6491,2.9234,0.51345,0.85321,2.1286,3.0086,1.2948,2.0892,4.315,1.0401,2.1045,3.4675,2.1696,2.7035,4.412,1.7229,1.5568,4.1378,1.2074,2.5435,3.1299,0.77589,2.4661,3.7381,2.0817,1.8821,3.696,1.5723,2.4537,3.4677,1.6286,2.5616,3.6218,1.6263,1.6137,4.253,1.9679,2.7369,4.4335,2.0214,2.7342,4.4931,3.4848,2.7687,6.2477,1.7238,1.5483,4.136,1.7543,1.9945,3.4471,2.0804,2.9291,4.8945,1.209,2.5477,3.1611,2.5956,2.4384,4.9365,1.0736,2.6223,4.0665,1.5754,2.4483,3.4702,1.1458,1.8449,4.0757,1.6781,1.5707,4.0633,1.7331,1.9968,3.4251,0.27157,2.9296,3.3305,2.9124,2.2996,4.6419,1.3075,1.9405,4.2205,1.32,2.6532,3.4431,1.4459,2.4607,3.3562,1.8707,1.9362,3.6809,1.9468,2.4163,4.0251,1.0613,2.2914,3.1631,2.541,2.0129,5.1511,1.2452,2.654,3.345,1.4127,2.4825,3.3194,0.38471,2.9299,3.433,0.65025,1.8419,2.8232,1.6642,1.9959,4.4844,1.4598,1.8134,4.1451,5.3891,2.8757,1.703,0.81649,2.1016,2.8072,1.0555,2.638,4.0601,2.2461,2.5411,3.6274,2.5712,2.4228,4.8967,2.8478,2.6776,4.556,2.1137,2.5069,4.4753,2.3554,2.1323,4.2402,0.75825,2.0481,3.2913,0.43519,2.4515,2.9899,0.59704,2.1514,3.6981,2.3876,2.4609,4.4761,0.85012,2.4497,2.9421,1.2445,1.6188,4.2822,1.6943,2.016,3.4261,6.1179,2.6792,1.863,3.3855,2.9228,0.10297,0.82861,2.4189,2.988,1.6735,1.6239,4.0645,1.508,1.8864,3.1787,0.78189,2.4464,2.9171,2.1554,2.3365,4.8921,1.2004,2.5669,3.1436,1.0149,1.9525,3.5094,0.4648,1.9788,3.2755,1.7213,2.011,3.4153,2.383,2.1189,4.2231,2.1842,2.1453,5.0039,1.2705,1.6921,3.8317,0.69168,1.9781,2.7702,2.189,2.1549,5.0243,2.3503,2.2221,4.5288,1.5747,2.3861,3.9673,4.3692,2.9316,0.28689,1.9506,2.3923,4.0142,0.82272,1.9532,4.1206,1.2567,2.608,4.2513,3.6902,2.8242,6.0118,1.5429,1.6341,3.2968,0.2641,2.3063,3.3193,5.0793,2.9317,1.0158,0.67616,2.7565,3.3913,1.3359,2.5234,3.0228,2.1536,2.1106,4.9472,1.4736,2.0526,4.387,1.5287,1.63,3.3025,1.3975,2.91,3.3618,0.54012,2.4329,2.838,0.92133,2.4478,3.0391,0.22842,2.6111,3.3288,1.6271,2.2956,4.1518,0.54788,2.4309,2.811,1.0268,2.2343,3.6091,1.3963,1.7745,4.2875,0.31353,2.3234,3.3637,1.5265,1.606,3.2977,0.52998,2.4329,2.8321,3.2638,2.8614,0.020114,1.9572,2.563,4.0161,2.0185,2.195,4.6361,2.5057,2.7678,5.1312,1.9133,1.9224,3.8689,1.2958,1.7485,3.7093,2.1804,2.1333,4.9939,1.3763,2.6172,3.9535,1.1356,3.0618,2.9652,4.7252,2.9368,0.42295,1.3346,2.7102,4.3951,1.9096,1.9187,3.8801,1.2957,2.6451,2.9251,0.55629,2.7506,3.1794,0.94884,2.9063,4.1321,0.67902,2.5297,2.6627,0.6693,1.99,2.9233,0.54771,2.4168,3.3937,1.5565,2.1724,4.2752,1.402,2.7154,4.4469,0.56394,1.9893,3.0128,1.9982,1.856,3.8029,1.1915,1.7967,3.6838,2.3044,2.6865,4.7753,1.3581,1.6156,4.1318,1.3536,2.1514,3.1461,0.60795,1.9922,3.0306,0.51468,2.4346,2.6338,1.6366,2.3184,4.1599,2.3225,2.676,4.8226,0.58791,2.0047,3.004,1.5742,1.6905,3.3411,0.36428,3.0555,2.2442,0.63224,2.5377,2.628,3.0485,2.7421,6.0496,0.12687,2.8806,2.7644,4.6556,2.9436,0.35179,2.2907,2.3679,3.652,1.2093,3.0486,4.034,1.3502,2.3454,3.484,1.0182,3.0593,3.8465,2.3478,2.2358,3.7701,1.1844,1.7795,3.6833,2.4256,2.3526,4.5862,2.5621,2.6769,4.0889,1.305,2.6761,4.363,1.9104,1.8831,3.8513,1.2002,2.7264,3.7289,2.3473,2.4515,4.9501,1.6196,2.5863,3.4119,2.1641,2.2207,4.1267,0.7722,1.9165,3.3414,2.2858,2.4061,3.6883,2.2955,2.3995,3.6765,2.2245,1.9591,4.9648,2.6083,2.2762,4.7856,2.3456,2.2399,3.779,1.3639,1.5791,3.867,2.3221,2.6938,4.8164,1.9103,1.893,3.8571,0.76789,2.1272,4.0363,1.599,1.771,4.2465,2.3298,2.6815,4.8321,1.4484,2.3863,3.2677,5.9885,2.8988,2.2865,1.8413,1.7865,3.5068,1.9171,2.9585,4.218,2.0701,1.9562,4.8174,1.1671,2.5868,4.3326,1.9383,2.1448,4.8834,1.6094,1.7326,3.9627,1.6107,2.0156,3.3338,1.0871,2.7131,3.6401,0.99005,2.7894,3.8826,1.436,2.4451,3.8744,1.1627,2.732,3.6788,1.8242,1.7024,4.075,0.92931,2.4544,2.8162,1.9336,2.0948,4.4148,0.22585,2.7735,2.9959,1.0597,1.94,4.2648,0.98096,2.3076,3.0737,1.6655,2.4038,4.5928,0.96423,2.0528,2.8519,0.73022,1.9807,2.7313,1.6054,1.7227,3.9663,0.94428,2.4476,2.8358,1.354,1.5802,3.8423,2.7227,2.5758,4.5912,1.0856,2.1617,3.6062,1.1557,2.7453,3.6776,1.9756,1.9845,4.49,1.0424,1.9527,4.2432,1.8591,1.6849,3.4601,1.659,2.5198,3.9945,2.1349,2.5477,4.9011,2.1225,2.3925,3.6789,1.2586,3.0409,3.4765,1.4513,1.4976,4.2121,0.62728,2.9909,3.6359,1.6114,1.6898,4.2116,0.73509,1.9943,2.734,0.71076,2.1944,3.9582,2.6601,2.5981,4.5232,2.0295,2.1053,3.434,1.4076,2.8483,3.5413,1.0763,2.2408,3.5959,2.5535,2.0287,4.5185,1.4786,1.7261,4.4193,1.5883,2.5768,3.6074,2.0572,2.3371,4.0991,2.6497,2.3473,4.9425,0.50299,2.5217,3.0285
1535.0,15.571,79.114,15.468,0.11077,4388.6,1.4805,1.8024,4.125,1.2734,2.2355,4.2468,1.1791,1.9521,4.2464,2.4691,2.6418,4.2905,0.85741,2.0334,4.2659,1.5157,2.5425,3.8925,3.1931,2.8334,6.0498,1.1686,1.959,4.2465,1.7399,1.6391,4.228,1.2828,2.2226,4.2736,0.83679,2.0561,4.2096,2.9519,2.8323,4.5427,5.555,2.7236,1.2872,1.3162,2.7344,3.7003,0.9123,2.1379,2.9918,2.519,2.1096,4.5391,1.4655,1.6379,3.9236,0.63196,2.617,3.8181,2.0247,1.7741,3.4979,1.1123,2.3965,3.1788,0.1772,2.3068,3.4287,1.7675,1.6844,3.406,1.9396,2.7568,4.2232,1.7885,1.7242,3.4077,1.4418,1.6248,3.9536,0.38319,2.1619,3.1428,2.0956,2.3974,4.4605,1.476,1.7002,3.2068,0.81901,1.9431,2.7364,3.1737,2.8358,6.0032,2.0265,1.8059,3.5045,1.0189,2.7245,2.9122,1.8347,2.5863,4.0441,0.65611,1.9211,2.7999,1.0797,2.4203,3.1237,1.9119,1.9227,4.5167,1.7221,1.6394,3.8843,0.52252,2.208,3.7525,1.1894,2.527,3.7554,0.94176,2.115,3.1898,2.6317,2.3468,4.4031,2.1281,2.2078,4.7587,1.4887,1.6499,3.9428,1.8932,1.9153,4.5034,1.4974,2.2098,3.2467,0.76811,2.1456,3.0919,2.4373,2.4121,4.3799,1.9044,2.5965,4.7789,1.8719,2.6091,4.7592,2.6268,2.3626,4.4245,1.2745,2.5282,3.8867,1.7281,2.2586,4.3442,1.8797,3.0083,3.7963,0.5782,2.4716,2.537,1.5189,2.0821,4.6517,2.0419,3.0292,3.9652,0.32777,2.4014,3.35,1.6683,1.581,4.0741,0.68382,2.0625,3.0389,2.2601,2.256,4.6802,0.76202,2.5647,3.1645,0.94083,2.1227,3.1839,0.32629,2.8911,1.8023,2.023,2.0176,4.6478,2.5998,2.3717,4.4087,2.5765,2.2914,5.1029,1.993,2.7185,4.2764,1.0742,1.7806,4.0001,4.6499,2.915,0.51258,0.85027,2.1282,3.0064,1.2952,2.0878,4.3201,1.0384,2.1055,3.4655,2.1574,2.6982,4.3969,1.7259,1.5519,4.1353,1.2127,2.5417,3.1341,0.77856,2.4685,3.7365,2.0838,1.8777,3.6916,1.5674,2.4554,3.465,1.6262,2.564,3.6252,1.6232,1.6078,4.2531,1.9558,2.7277,4.4196,2.0132,2.7254,4.4843,3.4912,2.7674,6.2531,1.7263,1.5436,4.1332,1.759,1.9936,3.4479,2.0755,2.9282,4.8905,1.214,2.5463,3.168,2.5932,2.4381,4.9334,1.0778,2.622,4.0657,1.5718,2.4491,3.4693,1.1423,1.8469,4.0737,1.6798,1.566,4.0616,1.7358,1.996,3.4235,0.27149,2.9282,3.3313,2.9158,2.3,4.6484,1.3063,1.94,4.2213,1.3249,2.6505,3.4531,1.4442,2.4607,3.3567,1.8735,1.9304,3.6758,1.9469,2.4232,4.0285,1.0583,2.2915,3.1613,2.5418,2.0092,5.1515,1.2468,2.6506,3.3505,1.408,2.4841,3.3168,0.38787,2.9285,3.436,0.64753,1.8443,2.816,1.6607,1.9925,4.4905,1.4594,1.8087,4.1469,5.3792,2.8734,1.6931,0.81566,2.1004,2.8087,1.0577,2.6406,4.0596,2.2538,2.5418,3.6265,2.5664,2.4211,4.8898,2.8536,2.6753,4.5608,2.1112,2.5058,4.4719,2.3565,2.1361,4.2451,0.75762,2.0543,3.2855,0.44321,2.4494,2.9982,0.59614,2.1519,3.6971,2.388,2.4567,4.4803,0.85759,2.4481,2.9496,1.2435,1.6209,4.2816,1.6925,2.0174,3.4238,6.1043,2.6775,1.8484,3.397,2.9213,0.13049,0.83456,2.4142,2.9994,1.6745,1.6235,4.0631,1.5092,1.8887,3.1783,0.78327,2.445,2.9208,2.1551,2.3357,4.8875,1.2042,2.5676,3.1493,1.0158,1.9513,3.5101,0.45754,1.9783,3.2799,1.7229,2.0117,3.4118,2.3829,2.1233,4.2264,2.1877,2.1441,5.0052,1.2684,1.6876,3.8337,0.69246,1.978,2.7717,2.1932,2.1547,5.0278,2.353,2.2252,4.5343,1.5752,2.3947,3.9676,4.3818,2.924,0.29941,1.9505,2.3976,4.016,0.82118,1.9532,4.1196,1.2649,2.611,4.2557,3.7031,2.8217,1.0123,1.5437,1.6358,3.2976,0.25851,2.3062,3.3119,5.075,2.9256,1.0123,0.68137,2.7545,3.3975,1.3416,2.5253,3.0267,2.1553,2.1072,4.9449,1.4737,2.0472,4.3905,1.529,1.6299,3.3038,1.3994,2.909,3.3628,0.54806,2.4309,2.849,0.91773,2.4481,3.0397,0.22903,2.6106,3.3278,1.6287,2.299,4.1545,0.55612,2.4296,2.8196,1.0235,2.2426,3.6028,1.3963,1.7724,4.2863,0.31307,2.3252,3.3609,1.5262,1.6047,3.2986,0.5366,2.4312,2.842,3.2891,2.8595,5.7706,1.9525,2.5612,4.0142,2.0225,2.1958,4.6399,2.4882,2.7664,5.1113,1.9146,1.9181,3.8659,1.2954,1.7432,3.7107,2.1837,2.1311,4.9948,1.3745,2.615,3.9488,1.1343,3.0607,2.9632,4.7312,2.9319,0.42747,1.3432,2.7119,4.4029,1.9096,1.9161,3.8802,1.2997,2.646,2.9304,0.57111,2.7485,3.1964,0.95528,2.9064,4.1381,0.69016,2.5306,2.6719,0.66802,1.9946,2.9192,0.5481,2.4173,3.3913,1.5557,2.1708,4.2799,1.4151,2.7175,4.4572,0.55812,1.9917,3.0038,1.9993,1.8531,3.8025,1.1911,1.7927,3.6868,2.2921,2.6831,4.7578,1.3564,1.6224,4.1279,1.3505,2.1506,3.1443,0.60605,1.9969,3.0239,0.51825,2.4336,2.6391,1.6405,2.326,4.1635,2.3115,2.6712,4.809,0.58298,2.0092,2.9938,1.5746,1.6888,3.3424,0.34149,3.0569,2.2187,0.63729,2.5398,2.6317,3.0607,2.7414,6.0635,0.064226,2.8813,2.7839,4.6576,2.9402,0.35275,2.2855,2.3627,3.6412,1.2251,3.0448,4.0528,1.341,2.3537,3.4765,1.028,3.0574,3.8598,2.3458,2.2358,3.7657,1.1836,1.7734,3.6867,2.4254,2.3537,4.5873,2.558,2.6803,4.0923,1.3083,2.6752,4.3643,1.9115,1.8747,3.8463,1.2049,2.7204,3.7334,2.3387,2.4476,4.9367,1.6209,2.5824,3.4227,2.164,2.2245,4.1292,0.77063,1.9178,3.3384,2.2798,2.4056,3.6821,2.2907,2.3977,3.6688,2.2288,1.9631,4.9694,2.6053,2.2749,4.7847,2.3433,2.2402,3.7759,1.3629,1.5785,3.8696,2.3118,2.6908,4.8033,1.9115,1.8865,3.8528,0.76774,2.1253,4.0431,1.599,1.7655,4.2453,2.3191,2.6778,4.8189,1.4483,2.3863,3.2678,5.9968,2.9005,2.2964,1.8401,1.785,3.5093,1.9098,2.9528,4.2085,2.0759,1.956,4.8229,1.1718,2.5869,4.3373,1.942,2.1438,4.8839,1.6093,1.7267,3.9626,1.611,2.0164,3.3295,1.0908,2.708,3.6431,0.99455,2.7865,3.8852,1.4402,2.4485,3.8771,1.1648,2.7269,3.6795,1.8228,1.6939,4.0739,0.93038,2.454,2.8189,1.9361,2.0972,4.4174,0.23662,2.7709,3.0062,1.0581,1.9384,4.2656,0.98252,2.3054,3.0781,1.6677,2.4039,4.5932,0.96297,2.0499,2.8532,0.72919,1.979,2.731,1.6046,1.7163,3.9664,0.94614,2.4467,2.84,1.3519,1.5792,3.8428,2.72,2.5748,4.5888,1.0854,2.1639,3.6046,1.1571,2.7422,3.6781,1.9755,1.9837,4.4908,1.04,1.9515,4.2431,1.8596,1.6862,3.4606,1.6586,2.5219,3.994,2.1364,2.5469,4.8989,2.1203,2.3934,3.6764,1.2624,3.0384,3.4794,1.4518,1.4987,4.2104,0.62598,2.9905,3.6355,1.6111,1.6855,4.2099,0.73458,1.9934,2.7337,0.71227,2.1948,3.959,2.6584,2.5977,4.5224,2.032,2.1033,3.4327,1.4103,2.8434,3.5434,1.0754,2.2446,3.5929,2.5551,2.0307,4.522,1.4778,1.7254,4.4193,1.587,2.5756,3.6093,2.0569,2.341,4.1011,2.6467,2.3457,4.9389,0.50646,2.5212,3.0327
1535.0,15.571,79.114,15.468,0.11868,4443.2,1.4767,1.7995,4.1212,1.274,2.2363,4.2494,1.1742,1.949,4.247,2.4672,2.6401,4.2906,0.85741,2.032,4.2688,1.5148,2.5468,3.8922,3.21,2.8318,6.0704,1.163,1.9561,4.247,1.7396,1.6331,4.2262,1.2839,2.2222,4.2784,0.8356,2.0558,4.2101,2.9576,2.8318,4.547,5.5445,2.7188,1.2748,1.3216,2.7262,3.7056,0.90846,2.1371,2.9898,2.5238,2.116,4.5495,1.4654,1.6371,3.9257,0.62892,2.6212,3.8109,2.0265,1.7749,3.5,1.1105,2.3933,3.1845,0.1663,2.3078,3.4141,1.7657,1.6842,3.4078,1.9261,2.751,4.207,1.7888,1.728,3.4093,1.4383,1.6214,3.9575,0.38271,2.1645,3.1381,2.1013,2.4004,4.4676,1.4758,1.7032,3.2074,0.81858,1.9482,2.7354,3.191,2.8348,6.0221,2.0301,1.8093,3.5085,1.018,2.7263,2.9132,1.8373,2.5874,4.0488,0.65905,1.925,2.8013,1.0779,2.4181,3.1283,1.9145,1.9234,4.5199,1.7267,1.6372,3.8852,0.5252,2.2081,3.7548,1.1908,2.5349,3.7566,0.93483,2.1196,3.1823,2.6424,2.3511,4.4161,2.1336,2.2133,4.7663,1.4905,1.6497,3.9454,1.8947,1.9154,4.5051,1.5006,2.2137,3.2458,0.76125,2.1508,3.0819,2.4382,2.415,4.3844,1.899,2.5962,4.7647,1.8669,2.6104,4.7464,2.6394,2.3689,4.4422,1.2733,2.5325,3.8809,1.7336,2.2612,4.3496,1.8637,3.0009,3.7785,0.58582,2.4725,2.5428,1.517,2.0864,4.6549,2.0324,3.0237,3.9545,0.32141,2.4029,3.3415,1.6687,1.5772,4.0735,0.68215,2.0645,3.0352,2.2605,2.2559,4.6802,0.77291,2.5592,3.18,0.93387,2.1271,3.1757,6.2311,2.8908,1.7961,2.0267,2.0197,4.6534,2.6087,2.3789,4.4236,2.5666,2.2862,5.092,1.9832,2.7078,4.2651,1.0742,1.7739,4.0053,4.6507,2.9064,0.51192,0.8473,2.1276,3.0043,1.2957,2.0863,4.3253,1.0368,2.1065,3.4635,2.1455,2.6927,4.3821,1.729,1.5468,4.1327,1.2178,2.5399,3.1379,0.78126,2.4707,3.7349,2.0858,1.8733,3.6872,1.5622,2.4571,3.4621,1.6242,2.5659,3.6294,1.6199,1.6022,4.2531,1.9439,2.7181,4.4057,2.005,2.7162,4.4755,3.4971,2.7662,6.2578,1.7289,1.5389,4.1303,1.7636,1.9926,3.4488,2.0707,2.9272,4.8865,1.2186,2.5449,3.1746,2.591,2.4378,4.9304,1.0817,2.6214,4.0648,1.5681,2.4498,3.4683,1.1389,1.8483,4.072,1.6815,1.5614,4.0598,1.7385,1.9951,3.4219,0.2715,2.9268,3.332,2.919,2.3002,4.6546,1.3051,1.9396,4.2221,1.3296,2.6479,3.4629,1.4425,2.4607,3.3573,1.8765,1.9244,3.6706,1.947,2.4298,4.032,1.0553,2.2916,3.1596,2.5426,2.0055,5.1518,1.2488,2.6471,3.3566,1.4035,2.4857,3.3143,0.39058,2.9271,3.4387,0.64484,1.8465,2.8089,1.6571,1.9891,4.4965,1.4591,1.804,4.1486,5.3696,2.8712,1.6835,0.81474,2.0994,2.8099,1.0597,2.6431,4.0591,2.2612,2.5421,3.6253,2.5616,2.4194,4.8832,2.8594,2.6731,4.5658,2.1089,2.5049,4.4687,2.3577,2.1401,4.2501,0.75678,2.0606,3.2797,0.45099,2.4474,3.0064,0.59515,2.1524,3.6961,2.3885,2.4529,4.4843,0.86483,2.4465,2.957,1.2424,1.6229,4.2808,1.6907,2.0188,3.4213,6.0914,2.6757,1.8343,3.4079,2.9197,0.1349,0.83984,2.4097,3.0101,1.6754,1.6233,4.0616,1.5103,1.8909,3.1779,0.78433,2.4437,2.9241,2.1549,2.3352,4.8831,1.2077,2.5684,3.1549,1.0166,1.9501,3.5108,0.45005,1.9779,3.2845,1.7245,2.0124,3.4082,2.3829,2.1279,4.23,2.1913,2.143,5.0065,1.2664,1.6834,3.8355,0.69324,1.9779,2.7731,2.1973,2.1545,5.0312,2.3556,2.2282,4.5397,1.5756,2.4028,3.9678,4.3938,2.9165,0.31166,1.9505,2.4029,4.0179,0.81963,1.9533,4.1185,1.273,2.614,4.2601,3.7156,2.8193,5.8081,1.5446,1.6374,3.2985,0.25296,2.306,3.3046,5.071,2.9194,1.0093,0.68581,2.7526,3.4027,1.3472,2.5272,3.0306,2.1572,2.1038,4.9429,1.4737,2.0417,4.3939,1.5293,1.6296,3.305,1.4014,2.908,3.3638,0.55599,2.4289,2.8601,0.91413,2.4484,3.0403,0.22947,2.61,3.3267,1.6304,2.3024,4.1572,0.56414,2.4284,2.828,1.0198,2.2512,3.5962,1.3964,1.7705,4.2851,0.31266,2.3269,3.3583,1.5259,1.6034,3.2996,0.54313,2.4296,2.8517,3.3135,2.8575,0.17269,1.9478,2.5595,4.0123,2.0265,2.1966,4.6436,2.4698,2.7648,5.0903,1.9157,1.9137,3.8629,1.2948,1.7382,3.7119,2.1869,2.1289,4.9956,1.3729,2.6131,3.9443,1.1328,3.0597,2.9609,4.7374,2.9267,0.43235,1.3517,2.7135,4.4108,1.9096,1.9136,3.8803,1.3036,2.647,2.9357,0.58523,2.7465,3.2126,0.96216,2.9063,4.1445,0.70143,2.5316,2.6812,0.66698,1.9989,2.9156,0.5486,2.4176,3.3891,1.5548,2.169,4.2845,1.4278,2.7195,4.4672,0.55254,1.9939,2.9952,2.0004,1.8504,3.8022,1.1905,1.7888,3.6897,2.2807,2.6799,4.7415,1.3547,1.6287,4.1241,1.3474,2.1498,3.1426,0.60421,2.0015,3.0174,0.52166,2.4327,2.6442,1.6447,2.3338,4.167,2.3011,2.6664,4.7957,0.57811,2.0133,2.9839,1.575,1.6871,3.3437,0.31785,3.0582,2.1925,0.64203,2.542,2.635,3.0727,2.7406,6.077,0.12288,2.8818,2.803,4.66,2.9368,0.35422,2.2805,2.3573,3.6306,1.2389,3.0409,4.0696,1.3324,2.3612,3.4696,1.037,3.0555,3.8722,2.3438,2.2357,3.7614,1.1828,1.7674,3.69,2.4252,2.3547,4.5882,2.5537,2.6833,4.0953,1.3115,2.6743,4.3654,1.9125,1.8663,3.8415,1.2091,2.7146,3.7374,2.3307,2.4437,4.9237,1.6222,2.5787,3.4333,2.164,2.2283,4.1317,0.76898,1.919,3.3355,2.2739,2.4049,3.676,2.286,2.3958,3.6612,2.2329,1.9665,4.9735,2.6025,2.2738,4.7837,2.3411,2.2405,3.7729,1.3619,1.5779,3.8721,2.3021,2.6878,4.7908,1.9127,1.88,3.8487,0.76772,2.1234,4.0496,1.599,1.7602,4.2442,2.3089,2.6741,4.806,1.4482,2.3863,3.2679,6.0056,2.9022,2.3067,1.8392,1.7835,3.5115,1.9025,2.9471,4.199,2.0816,1.9558,4.8281,1.1763,2.587,4.3417,1.9455,2.1429,4.8843,1.6092,1.721,3.9625,1.6114,2.0172,3.3256,1.094,2.7033,3.6457,0.9987,2.7839,3.8874,1.4442,2.4514,3.8799,1.1667,2.7221,3.6799,1.8213,1.6857,4.0729,0.93138,2.4537,2.8214,1.9386,2.0995,4.4199,0.2469,2.7683,3.0159,1.0568,1.9368,4.2663,0.98379,2.3033,3.082,1.6697,2.4039,4.5936,0.96172,2.0472,2.8543,0.72819,1.9774,2.7307,1.6039,1.7104,3.9664,0.94786,2.4458,2.8439,1.35,1.5782,3.8434,2.7175,2.5739,4.5866,1.0852,2.1659,3.6031,1.1583,2.7394,3.6784,1.9754,1.9829,4.4915,1.0378,1.9505,4.243,1.8602,1.6873,3.4612,1.6583,2.5238,3.9934,2.1377,2.5461,4.8968,2.1182,2.3942,3.6742,1.266,3.0361,3.482,1.4522,1.4996,4.2087,0.62452,2.9901,3.6349,1.6109,1.6815,4.2082,0.73412,1.9925,2.7336,0.71371,2.1951,3.9597,2.6568,2.5972,4.5216,2.0343,2.1014,3.4316,1.4129,2.8388,3.5456,1.0744,2.2483,3.59,2.5567,2.0326,4.5255,1.477,1.7247,4.4193,1.5859,2.5746,3.6111,2.0566,2.3448,4.1031,2.644,2.3444,4.9357,0.50968,2.5208,3.0366
1535.0,15.571,79.114,15.468,0.12659,4483.8,1.4729,1.7964,4.1175,1.2747,2.237,4.2521,1.1691,1.9458,4.2474,2.4653,2.6384,4.2908,0.85736,2.0308,4.2715,1.5139,2.5509,3.8918,3.2271,2.8299,6.0912,1.1573,1.953,4.2475,1.7393,1.6272,4.2244,1.285,2.2218,4.2833,0.83444,2.0556,4.2105,2.9634,2.8314,4.5513,5.534,2.7137,1.2624,1.3266,2.7186,3.7105,0.90452,2.1364,2.9878,2.529,2.1226,4.5604,1.4654,1.6368,3.9279,0.62567,2.6255,3.8032,2.0284,1.7757,3.5022,1.108,2.3903,3.1895,0.15481,2.3088,3.3987,1.7638,1.6838,3.4097,1.9132,2.7453,4.1912,1.7892,1.7317,3.4109,1.4348,1.6183,3.9614,0.38222,2.1673,3.1331,2.1073,2.4035,4.475,1.4755,1.7063,3.208,0.81821,1.9534,2.7345,3.2096,2.8336,6.0423,2.0339,1.8128,3.5128,1.0168,2.7282,2.9138,1.84,2.5886,4.0537,0.66208,1.9291,2.8027,1.0759,2.4158,3.133,1.9173,1.9239,4.5232,1.7315,1.6349,3.8862,0.52828,2.2081,3.7574,1.1927,2.5427,3.7586,0.92771,2.1242,3.1747,2.6536,2.3553,4.4297,2.139,2.2191,4.7743,1.4925,1.6496,3.948,1.8965,1.9156,4.507,1.504,2.2177,3.2451,0.75398,2.1559,3.0714,2.4389,2.4179,4.3888,1.8932,2.5959,4.7495,1.8618,2.6118,4.7331,2.6532,2.375,4.4613,1.2722,2.5368,3.8751,1.7395,2.2638,4.3552,1.8483,2.993,3.7614,0.59357,2.4736,2.5488,1.515,2.0912,4.658,2.0225,3.0179,3.9435,0.31486,2.4042,3.3329,1.6691,1.5734,4.0729,0.68051,2.0663,3.0316,2.2607,2.2557,4.6797,0.78378,2.5534,3.1959,0.92695,2.1312,3.1676,6.2444,2.8905,1.7908,2.0307,2.0218,4.6592,2.6185,2.386,4.4395,2.5568,2.281,5.0806,1.9737,2.6971,4.2542,1.0743,1.767,4.0106,4.6515,2.8975,0.51157,0.84429,2.1271,3.0025,1.2963,2.0847,4.3304,1.0352,2.1075,3.4616,2.1336,2.687,4.3671,1.7324,1.5412,4.13,1.2228,2.5379,3.1415,0.78401,2.4727,3.7336,2.0878,1.8689,3.6828,1.5567,2.4586,3.4589,1.6226,2.5673,3.6343,1.6166,1.5967,4.2532,1.9321,2.7081,4.3917,1.9969,2.7064,4.4668,3.5025,2.7649,6.2618,1.7315,1.5341,4.1273,1.7681,1.9916,3.4497,2.0657,2.926,4.8822,1.2229,2.5435,3.1807,2.5889,2.4374,4.9275,1.0856,2.6206,4.0638,1.5643,2.4504,3.4673,1.1357,1.8495,4.0705,1.6831,1.5568,4.058,1.7412,1.9941,3.4205,0.27175,2.9254,3.3329,2.9221,2.3003,4.6604,1.3038,1.9392,4.2227,1.3342,2.6452,3.4725,1.441,2.4607,3.3577,1.8796,1.9182,3.6655,1.9474,2.4361,4.0355,1.0524,2.2916,3.158,2.5432,2.0019,5.152,1.2512,2.6435,3.3632,1.3991,2.487,3.312,0.39283,2.9258,3.4408,0.64216,1.8486,2.8021,1.6535,1.9858,4.5023,1.4586,1.7992,4.1503,5.3606,2.8689,1.6744,0.81379,2.0985,2.811,1.0615,2.6456,4.0587,2.2683,2.5422,3.6239,2.557,2.4177,4.8768,2.8654,2.6709,4.571,2.1067,2.5042,4.4656,2.359,2.1444,4.2552,0.75572,2.0667,3.2737,0.45849,2.4455,3.0142,0.59408,2.1529,3.6952,2.389,2.4494,4.4884,0.87186,2.445,2.9644,1.2412,1.625,4.2799,1.6889,2.0201,3.4189,6.079,2.6739,1.8208,3.4182,2.9182,0.14674,0.84451,2.4054,3.0201,1.6763,1.6231,4.0603,1.5114,1.8931,3.1775,0.78513,2.4424,2.9271,2.1548,2.3348,4.8791,1.2109,2.5692,3.1603,1.0173,1.9489,3.5114,0.44247,1.9775,3.2894,1.7259,2.0131,3.4047,2.3829,2.1325,4.2337,2.1948,2.1418,5.0078,1.2643,1.6794,3.837,0.69402,1.9779,2.7744,2.2014,2.1541,5.0345,2.3582,2.2312,4.545,1.5761,2.4104,3.9679,4.4051,2.909,0.32355,1.9505,2.4081,4.0198,0.81807,1.9536,4.1172,1.2811,2.617,4.2645,3.7277,2.817,0.39294,1.5455,1.639,3.2993,0.24747,2.3057,3.2975,5.0673,2.9131,1.0068,0.68954,2.7509,3.4071,1.3525,2.5291,3.0344,2.1591,2.1007,4.9411,1.4736,2.036,4.3972,1.5296,1.6292,3.3063,1.4035,2.907,3.365,0.56386,2.4268,2.8711,0.91035,2.4488,3.0406,0.22969,2.6095,3.3253,1.6321,2.3056,4.1599,0.57194,2.4271,2.8363,1.0159,2.26,3.5894,1.3965,1.7687,4.2837,0.31228,2.3285,3.356,1.5255,1.602,3.3006,0.54949,2.4282,2.8612,3.3369,2.8553,0.57644,1.9429,2.558,4.0103,2.0305,2.1972,4.6473,2.4507,2.763,5.0684,1.9167,1.9093,3.86,1.2941,1.7335,3.7131,2.1901,2.1266,4.9964,1.3715,2.6114,3.9401,1.1309,3.0589,2.9583,4.7438,2.9215,0.43766,1.3602,2.7149,4.4188,1.9096,1.9113,3.8807,1.3073,2.648,2.9407,0.59882,2.7446,3.2282,0.96942,2.906,4.1513,0.71286,2.5328,2.6907,0.66613,2.003,2.9124,0.54912,2.4178,3.387,1.5539,2.167,4.2892,1.44,2.7213,4.4768,0.54716,1.9961,2.9867,2.0015,1.8479,3.802,1.19,1.7849,3.6926,2.27,2.6769,4.726,1.3529,1.6347,4.1203,1.3442,2.1491,3.141,0.60243,2.006,3.0112,0.52492,2.4318,2.6492,1.6489,2.3416,4.1705,2.291,2.6615,4.7827,0.57333,2.0172,2.9744,1.5755,1.6857,3.3451,0.29349,3.0595,2.1657,0.64647,2.5443,2.638,3.0844,2.7397,6.0902,0.13711,2.8823,2.8215,4.6626,2.9336,0.35613,2.2758,2.3518,3.6202,1.251,3.0368,4.0843,1.3242,2.3681,3.4632,1.0453,3.0536,3.8837,2.3418,2.2356,3.7572,1.1821,1.7614,3.6932,2.425,2.3557,4.589,2.5492,2.6861,4.0979,1.3146,2.6734,4.3663,1.9134,1.8577,3.8369,1.2131,2.7089,3.7411,2.3232,2.4399,4.9112,1.6235,2.575,3.4436,2.1641,2.232,4.1342,0.76732,1.9203,3.3325,2.268,2.4043,3.67,2.2815,2.3938,3.6538,2.2368,1.9695,4.9771,2.5997,2.2726,4.7826,2.3388,2.2409,3.7699,1.3609,1.5772,3.8745,2.2927,2.6848,4.7788,1.9139,1.8737,3.8446,0.76777,2.1213,4.0559,1.5989,1.7552,4.243,2.2991,2.6704,4.7935,1.4481,2.3862,3.2681,6.0147,2.9039,2.3174,1.8385,1.782,3.5136,1.8955,2.9416,4.1897,2.0871,1.9554,4.833,1.1804,2.587,4.3458,1.9486,2.142,4.8846,1.6091,1.7155,3.9623,1.6119,2.0179,3.3219,1.0971,2.6987,3.648,1.0026,2.7815,3.8894,1.448,2.4539,3.8828,1.1685,2.7176,3.6803,1.82,1.6779,4.072,0.93231,2.4533,2.8236,1.9409,2.1016,4.4223,0.25655,2.7658,3.0251,1.0555,1.9354,4.267,0.9849,2.3013,3.0857,1.6718,2.4039,4.5941,0.96054,2.0446,2.8554,0.72726,1.976,2.7303,1.6033,1.7049,3.9664,0.94944,2.445,2.8475,1.3483,1.577,3.8438,2.7154,2.573,4.5845,1.0848,2.1679,3.6017,1.1596,2.7368,3.6787,1.9752,1.9822,4.4921,1.0357,1.9495,4.2429,1.8607,1.6883,3.4616,1.6579,2.5256,3.9929,2.1391,2.5454,4.8947,2.1162,2.3949,3.6721,1.2692,3.0339,3.4842,1.4526,1.5003,4.2072,0.62298,2.9897,3.6342,1.6107,1.6777,4.2067,0.73371,1.9916,2.7335,0.71507,2.1955,3.9602,2.6553,2.5968,4.5209,2.0364,2.0996,3.4304,1.4154,2.8347,3.5478,1.0734,2.2518,3.5873,2.5581,2.0343,4.5287,1.4763,1.7242,4.4194,1.5847,2.5736,3.6129,2.0563,2.3483,4.105,2.6417,2.3431,4.9327,0.51262,2.5204,3.0402
1535.0,15.571,79.114,15.468,0.1345,4514.0,1.469,1.7931,4.114,1.2754,2.2376,4.2548,1.1641,1.9427,4.2475,2.4635,2.6368,4.291,0.85726,2.0298,4.2739,1.513,2.555,3.8913,3.2444,2.8279,6.1123,1.1516,1.9499,4.2478,1.7391,1.6215,4.2226,1.2861,2.2215,4.2882,0.8333,2.0556,4.211,2.9692,2.831,4.5559,5.5234,2.7085,1.25,1.3314,2.7117,3.7153,0.90047,2.1359,2.9857,2.5347,2.1294,4.572,1.4655,1.6368,3.9302,0.62205,2.6301,3.7949,2.0303,1.7766,3.5044,1.1045,2.3878,3.1936,0.14248,2.3097,3.3821,1.762,1.6835,3.4117,1.9012,2.7398,4.1762,1.7897,1.7355,3.4125,1.4314,1.6154,3.9652,0.38171,2.1701,3.1281,2.1135,2.4067,4.4827,1.4753,1.7096,3.2087,0.81788,1.9586,2.7338,3.2297,2.8322,6.0643,2.0381,1.8163,3.5176,1.0153,2.7304,2.9139,1.8431,2.5901,4.0589,0.66519,1.9334,2.8043,1.0734,2.4136,3.1377,1.9205,1.9245,4.5266,1.7364,1.6328,3.8876,0.53183,2.2081,3.7606,1.1955,2.5502,3.7615,0.92038,2.1288,3.167,2.6654,2.3596,4.444,2.1447,2.225,4.7825,1.4948,1.6497,3.9506,1.8987,1.9158,4.509,1.5081,2.2218,3.2445,0.74634,2.1609,3.0607,2.4395,2.4207,4.3931,1.8872,2.5954,4.7331,1.8568,2.6132,4.7192,2.6686,2.3813,4.4822,1.2711,2.5411,3.8692,1.746,2.2664,4.3609,1.8338,2.9847,3.7451,0.60159,2.4748,2.5548,1.513,2.0964,4.6605,2.0125,3.0114,3.9322,0.30807,2.4053,3.3241,1.6697,1.5695,4.0723,0.67893,2.0677,3.0284,2.2606,2.2551,4.6787,0.79448,2.5474,3.2122,0.92013,2.1351,3.1597,6.2499,2.89,1.7865,2.035,2.0238,4.665,2.6294,2.393,4.4566,2.5473,2.2755,5.069,1.9647,2.6859,4.2438,1.0744,1.7599,4.0158,4.6525,2.8885,0.51145,0.84126,2.1266,3.0009,1.297,2.0829,4.3355,1.0335,2.1085,3.4597,2.1215,2.681,4.3522,1.736,1.5351,4.1271,1.2276,2.5359,3.1449,0.78687,2.4745,3.7323,2.0899,1.8643,3.6782,1.551,2.4601,3.4555,1.6213,2.5684,3.6397,1.6132,1.5916,4.2533,1.9204,2.6974,4.3777,1.9888,2.6963,4.458,3.5073,2.7636,6.2653,1.7342,1.5293,4.1241,1.7727,1.9906,3.4507,2.0607,2.9249,4.8778,1.2269,2.542,3.1867,2.587,2.4372,4.9248,1.0895,2.6196,4.0626,1.5604,2.4509,3.4663,1.1325,1.8502,4.0691,1.6848,1.5525,4.0563,1.7439,1.9931,3.4191,0.27231,2.9239,3.3341,2.925,2.3004,4.6658,1.3024,1.9387,4.2234,1.3388,2.6426,3.4822,1.4394,2.4606,3.3581,1.8829,1.9117,3.6603,1.9476,2.442,4.039,1.0494,2.2915,3.1564,2.5438,1.9982,5.152,1.254,2.6399,3.3701,1.3949,2.4884,3.3096,0.39477,2.9244,3.4426,0.63954,1.8505,2.7956,1.6497,1.9825,4.5077,1.4584,1.7944,4.1519,5.3521,2.8667,1.6658,0.81283,2.0978,2.812,1.0632,2.6479,4.0581,2.275,2.542,3.6222,2.5525,2.4161,4.8706,2.8713,2.6687,4.5761,2.1049,2.5037,4.4628,2.3605,2.1486,4.2606,0.7544,2.0729,3.2675,0.46572,2.4437,3.0218,0.59293,2.1532,3.6942,2.3897,2.4461,4.4925,0.87862,2.4435,2.9715,1.2401,1.6271,4.2788,1.687,2.0215,3.4166,6.0671,2.672,1.808,3.4276,2.9166,0.15762,0.84849,2.4013,3.0292,1.6773,1.623,4.059,1.5125,1.8953,3.1771,0.78569,2.4411,2.9296,2.1549,2.3343,4.8753,1.2139,2.57,3.1654,1.0179,1.9476,3.512,0.43486,1.9773,3.2945,1.7274,2.0137,3.4013,2.383,2.1373,4.2377,2.1981,2.1405,5.0089,1.2622,1.6756,3.8384,0.69479,1.978,2.7757,2.2052,2.1538,5.0377,2.3607,2.2342,4.55,1.5764,2.4175,3.9679,4.4159,2.9019,0.33503,1.9505,2.4134,4.0219,0.81655,1.9538,4.1159,1.2893,2.6199,4.2689,3.7393,2.8148,0.063095,1.5463,1.6407,3.3,0.24213,2.3052,3.2907,5.0642,2.9067,1.005,0.69263,2.7493,3.4108,1.3577,2.531,3.0381,2.161,2.0976,4.9395,1.4735,2.0302,4.4005,1.5298,1.6287,3.3076,1.4054,2.9061,3.3662,0.57161,2.4249,2.882,0.90663,2.449,3.041,0.22976,2.609,3.3239,1.6338,2.3088,4.1626,0.57947,2.426,2.8443,1.0119,2.2687,3.5823,1.3965,1.7672,4.2821,0.31195,2.3301,3.3538,1.5252,1.6005,3.3016,0.55566,2.4268,2.8704,3.3587,2.8532,6.0075,1.938,2.5566,4.008,2.0344,2.1976,4.6507,2.4315,2.7611,5.0462,1.9174,1.9046,3.8571,1.2932,1.7292,3.7142,2.1932,2.1243,4.9972,1.3701,2.6098,3.9362,1.1289,3.0582,2.9556,4.7503,2.9162,0.44326,1.3686,2.7162,4.4267,1.9095,1.909,3.881,1.311,2.649,2.9456,0.61167,2.7428,3.2429,0.97684,2.9054,4.1585,0.72427,2.5339,2.7002,0.66551,2.007,2.9095,0.54965,2.4179,3.385,1.553,2.1649,4.2938,1.4517,2.723,4.4861,0.54205,1.9979,2.9787,2.0023,1.8455,3.802,1.1895,1.7812,3.6953,2.2601,2.674,4.7117,1.3512,1.6404,4.1168,1.3411,2.1483,3.1395,0.6007,2.0104,3.0053,0.52799,2.431,2.654,1.6531,2.3492,4.1739,2.2815,2.6568,4.7703,0.56884,2.0206,2.9656,1.5757,1.6843,3.3465,0.2691,3.0606,2.139,0.65052,2.5466,2.6407,3.0956,2.7386,6.1029,0.15153,2.8826,2.8391,4.6656,2.9304,0.35843,2.2715,2.3463,3.6104,1.2608,3.0329,4.0969,1.3166,2.3741,3.4574,1.0524,3.0517,3.894,2.34,2.2356,3.7531,1.1814,1.7557,3.6963,2.4248,2.3565,4.5895,2.5445,2.6884,4.1001,1.3175,2.6727,4.367,1.9141,1.8494,3.8327,1.2168,2.7035,3.7444,2.3163,2.4365,4.8995,1.6246,2.5715,3.4536,2.1641,2.2357,4.1367,0.76566,1.9217,3.3296,2.2624,2.4036,3.6643,2.2771,2.3918,3.6467,2.2403,1.9719,4.9802,2.5972,2.2715,4.7816,2.3366,2.2412,3.7669,1.3601,1.5766,3.8766,2.2839,2.6817,4.7674,1.9149,1.8676,3.8408,0.76788,2.1194,4.0619,1.5989,1.7503,4.2419,2.2898,2.667,4.7817,1.448,2.3863,3.2681,6.0237,2.9055,2.328,1.8379,1.7806,3.5155,1.8887,2.9363,4.1809,2.0924,1.9552,4.8376,1.1841,2.587,4.3497,1.9516,2.141,4.8847,1.609,1.7102,3.9622,1.6124,2.0185,3.3186,1.0998,2.6944,3.65,1.006,2.7793,3.891,1.4515,2.4561,3.8855,1.1701,2.7132,3.6805,1.8186,1.6706,4.0713,0.93317,2.4531,2.8257,1.9432,2.1037,4.4246,0.2656,2.7633,3.0336,1.0542,1.934,4.2677,0.98583,2.2995,3.0889,1.6736,2.4039,4.5944,0.95942,2.0423,2.8564,0.72639,1.9746,2.7301,1.6027,1.6998,3.9665,0.95089,2.4443,2.8508,1.3466,1.5759,3.8442,2.7134,2.5723,4.5828,1.0846,2.1697,3.6003,1.1607,2.7345,3.6789,1.975,1.9815,4.4927,1.034,1.9485,4.2429,1.8612,1.689,3.462,1.6576,2.5272,3.9924,2.1402,2.5447,4.8929,2.1144,2.3956,3.6701,1.2722,3.0318,3.4863,1.4531,1.5009,4.2057,0.6214,2.9893,3.6333,1.6107,1.6743,4.2052,0.73332,1.9908,2.7335,0.71633,2.196,3.9607,2.6539,2.5964,4.5202,2.0384,2.098,3.4294,1.4176,2.8308,3.5499,1.0725,2.2551,3.5848,2.5596,2.036,4.5318,1.4757,1.7236,4.4194,1.5837,2.5728,3.6145,2.0561,2.3515,4.1067,2.6396,2.342,4.9302,0.51531,2.5202,3.0434
1535.0,15.571,79.114,15.468,0.14241,4529.9,1.465,1.7895,4.1107,1.2764,2.2383,4.2576,1.159,1.9396,4.2476,2.4616,2.635,4.2913,0.85708,2.029,4.2763,1.5121,2.5594,3.8907,3.2618,2.8256,6.1336,1.1457,1.9467,4.2481,1.739,1.6157,4.2207,1.2872,2.2211,4.2932,0.8322,2.0559,4.2117,2.9749,2.8304,4.5604,5.5127,2.703,1.2373,1.336,2.7048,3.72,0.89616,2.1354,2.9832,2.541,2.1367,4.5845,1.4656,1.6375,3.9326,0.6184,2.6348,3.7862,2.0322,1.7776,3.5068,1.1004,2.3853,3.1974,0.12947,2.3104,3.3648,1.7599,1.683,3.4139,1.8894,2.7344,4.1614,1.7902,1.7393,3.4143,1.428,1.6128,3.9694,0.38098,2.1735,3.1223,2.1203,2.4102,4.4912,1.475,1.7131,3.2096,0.81751,1.9647,2.7328,3.2525,2.8304,6.0888,2.0428,1.8202,3.5233,1.0132,2.733,2.9137,1.8465,2.5919,4.0647,0.66841,1.938,2.8057,1.0707,2.4112,3.1427,1.9239,1.9252,4.5304,1.7418,1.6305,3.8891,0.53587,2.2082,3.764,1.1983,2.5587,3.7646,0.91229,2.1336,3.1588,2.6781,2.3639,4.4591,2.1508,2.2317,4.7917,1.4974,1.6503,3.9535,1.9015,1.9161,4.5114,1.5127,2.2261,3.2438,0.73795,2.1665,3.049,2.4402,2.4237,4.3977,1.8804,2.595,4.715,1.8515,2.6147,4.7044,2.686,2.3877,4.5055,1.27,2.5461,3.8631,1.7532,2.2692,4.367,1.8193,2.9757,3.729,0.60996,2.4764,2.5609,1.5106,2.1023,4.6628,2.002,3.0043,3.9206,0.3005,2.4062,3.3145,1.6702,1.5652,4.0714,0.67728,2.0689,3.0253,2.2599,2.2542,4.6769,0.80596,2.5405,3.2301,0.91291,2.1392,3.1512,6.248,2.8896,1.7834,2.0396,2.0258,4.6712,2.6412,2.4003,4.4751,2.5368,2.2693,5.0561,1.9556,2.6743,4.2334,1.0744,1.7516,4.022,4.6544,2.8789,0.51286,0.83837,2.1257,3.0001,1.2979,2.0809,4.3407,1.0317,2.1093,3.4577,2.1086,2.6743,4.3362,1.7399,1.5278,4.1238,1.2324,2.5336,3.1483,0.78989,2.4759,3.7313,2.0918,1.8595,3.6735,1.5447,2.4612,3.4517,1.6206,2.5689,3.6463,1.6092,1.5859,4.2534,1.9082,2.6854,4.3629,1.9803,2.6848,4.4486,3.5115,2.7625,6.268,1.7369,1.524,4.1207,1.7769,1.9893,3.4515,2.055,2.9234,4.8729,1.2309,2.5404,3.1924,2.585,2.4369,4.922,1.0932,2.6182,4.0615,1.5565,2.4513,3.4654,1.1295,1.8504,4.0679,1.6865,1.5481,4.0545,1.7463,1.992,3.4179,0.27357,2.9225,3.3359,2.9275,2.3004,4.6709,1.3011,1.9383,4.224,1.3437,2.6396,3.4924,1.4379,2.4605,3.3585,1.8861,1.9047,3.6548,1.9479,2.4477,4.0422,1.0467,2.2912,3.1552,2.5441,1.9945,5.1516,1.2574,2.6358,3.378,1.3907,2.4895,3.3072,0.39646,2.9231,3.4443,0.63694,1.8523,2.7896,1.646,1.9793,4.5128,1.458,1.7896,4.1536,5.3446,2.8647,1.6582,0.81192,2.097,2.8129,1.0648,2.6502,4.0577,2.2816,2.5416,3.6207,2.5482,2.4145,4.8648,2.8771,2.6665,4.581,2.1032,2.5031,4.4602,2.3619,2.1527,4.2656,0.75285,2.0787,3.2614,0.47257,2.4419,3.0291,0.59176,2.1534,3.6934,2.3905,2.443,4.4966,0.88517,2.442,2.9786,1.239,1.6293,4.2777,1.6853,2.0227,3.4144,6.0561,2.6701,1.796,3.4364,2.9151,0.16734,0.85195,2.3974,3.0377,1.6781,1.6229,4.058,1.5134,1.8974,3.1766,0.78604,2.4399,2.9318,2.155,2.334,4.8718,1.2166,2.5708,3.1703,1.0184,1.9464,3.5127,0.42761,1.9772,3.2994,1.7286,2.0143,3.3979,2.3831,2.1419,4.2416,2.2013,2.1394,5.0098,1.26,1.6721,3.8395,0.69554,1.9781,2.7768,2.209,2.1535,5.0407,2.3632,2.2371,4.5548,1.5767,2.4241,3.9678,4.4259,2.8948,0.34582,1.9506,2.4184,4.0238,0.81501,1.9542,4.1143,1.2972,2.6228,4.2735,3.7502,2.8127,0.06676,1.5472,1.6424,3.3008,0.23689,2.3048,3.2842,5.0615,2.9004,1.0039,0.6951,2.7477,3.4137,1.3623,2.5327,3.0418,2.1629,2.0947,4.9379,1.4734,2.0245,4.4036,1.5301,1.6281,3.3087,1.4075,2.9052,3.3675,0.57904,2.423,2.8926,0.90276,2.4494,3.041,0.22947,2.6084,3.3222,1.6355,2.3116,4.1652,0.58653,2.4249,2.8518,1.0077,2.2772,3.5754,1.3965,1.7659,4.2805,0.31165,2.3316,3.3518,1.5249,1.5991,3.3025,0.56137,2.4256,2.8789,3.3793,2.851,6.0875,1.9332,2.5554,4.0057,2.0382,2.198,4.654,2.4124,2.7591,5.0241,1.9182,1.9001,3.8546,1.2923,1.7252,3.7152,2.196,2.1219,4.9978,1.3689,2.6083,3.9326,1.1266,3.0576,2.9528,4.7568,2.9109,0.44907,1.3769,2.7172,4.4346,1.9095,1.907,3.8814,1.3143,2.6499,2.9501,0.62388,2.741,3.257,0.98435,2.9047,4.1658,0.73544,2.5352,2.7094,0.66502,2.0108,2.907,0.55012,2.4179,3.3832,1.552,2.1626,4.2981,1.4628,2.7244,4.495,0.53718,1.9996,2.9712,2.0031,1.8431,3.802,1.1889,1.7778,3.6978,2.2511,2.6714,4.6986,1.3495,1.646,4.1132,1.3381,2.1474,3.138,0.59909,2.0146,2.9998,0.53082,2.4302,2.6583,1.6573,2.3564,4.1773,2.2724,2.6523,4.7585,0.56455,2.0238,2.9572,1.576,1.6831,3.3477,0.24504,3.0616,2.1128,0.65418,2.5489,2.643,3.106,2.7376,6.1145,0.16568,2.8828,2.8553,4.6685,2.9274,0.361,2.2676,2.3409,3.6012,1.2697,3.029,4.108,1.3093,2.3796,3.4521,1.0587,3.0499,3.9032,2.3382,2.2356,3.7492,1.1807,1.7505,3.6992,2.4245,2.3574,4.59,2.5397,2.6904,4.102,1.32,2.6719,4.3675,1.9148,1.8413,3.8287,1.2202,2.6982,3.7474,2.3102,2.4333,4.8888,1.6257,2.5682,3.4629,2.1643,2.2391,4.1392,0.7641,1.923,3.3268,2.2572,2.4028,3.6589,2.273,2.39,3.6401,2.2434,1.9742,4.9829,2.5947,2.2706,4.7806,2.3345,2.2416,3.7643,1.3592,1.5759,3.8787,2.2759,2.6789,4.7571,1.9159,1.8618,3.8371,0.76797,2.1175,4.0675,1.5989,1.7458,4.2409,2.2811,2.6636,4.7705,1.448,2.3862,3.2682,6.0323,2.9069,2.338,1.8374,1.7793,3.5173,1.8825,2.9314,4.1728,2.0972,1.9547,4.8416,1.1874,2.5868,4.3531,1.954,2.1401,4.8846,1.6091,1.7054,3.962,1.613,2.0191,3.3157,1.1024,2.6902,3.6519,1.0091,2.7772,3.8923,1.4548,2.4579,3.888,1.1716,2.7091,3.6807,1.8174,1.6639,4.0706,0.93392,2.4528,2.8275,1.9453,2.1055,4.4267,0.2736,2.7609,3.041,1.0532,1.9328,4.2684,0.98671,2.2978,3.0919,1.6753,2.4038,4.5948,0.95849,2.04,2.8574,0.72564,1.9735,2.7299,1.6022,1.6953,3.9665,0.95216,2.4436,2.8537,1.3451,1.5748,3.8447,2.7117,2.5715,4.5812,1.0842,2.1713,3.5992,1.1617,2.7322,3.6792,1.9749,1.9807,4.4932,1.0324,1.9476,4.2431,1.8616,1.6898,3.4624,1.6573,2.5285,3.9919,2.1414,2.544,4.8913,2.1127,2.3963,3.6683,1.2747,3.0301,3.4882,1.4535,1.5014,4.2044,0.61992,2.989,3.6325,1.6107,1.6713,4.2038,0.73301,1.9899,2.7335,0.71746,2.1963,3.9611,2.6528,2.596,4.5196,2.0401,2.0964,3.4285,1.4197,2.8274,3.5518,1.0716,2.258,3.5825,2.5607,2.0374,4.5344,1.475,1.7231,4.4195,1.5828,2.5719,3.6159,2.0558,2.3543,4.1084,2.6377,2.3411,4.9279,0.51767,2.5199,3.0463
1535.0,15.571,79.114,15.468,0.15033,4539.3,1.461,1.7857,4.1075,1.2774,2.239,4.2605,1.1539,1.9365,4.2475,2.4598,2.6333,4.2918,0.85686,2.0283,4.2784,1.511,2.5635,3.89,3.2794,2.8229,6.1551,1.1398,1.9435,4.2482,1.739,1.6101,4.2187,1.2883,2.2209,4.2982,0.83111,2.0563,4.2123,2.9806,2.8298,4.5651,5.5019,2.6972,1.2247,1.3402,2.6988,3.7243,0.89168,2.1351,2.9805,2.548,2.1441,4.5978,1.4657,1.6384,3.9351,0.61423,2.6398,3.7766,2.0341,1.7787,3.5094,1.095,2.3834,3.1998,0.11546,2.3111,3.3461,1.7578,1.6824,3.4163,1.8787,2.7296,4.1476,1.7908,1.743,3.4161,1.4248,1.6104,3.9734,0.38018,2.1769,3.1163,2.1276,2.4138,4.5002,1.4749,1.7168,3.2105,0.81717,1.9704,2.7322,3.2775,2.8282,6.1157,2.0479,1.8243,3.5294,1.0108,2.736,2.9131,1.8503,2.5939,4.0708,0.67171,1.9428,2.8072,1.0677,2.409,3.1474,1.9275,1.9259,4.5345,1.7473,1.6285,3.8908,0.54053,2.2082,3.7681,1.2022,2.5667,3.7691,0.90395,2.1386,3.1503,2.6916,2.3683,4.4752,2.1572,2.2386,4.8014,1.5002,1.6508,3.9564,1.9048,1.9166,4.5141,1.518,2.2307,3.2434,0.72957,2.1716,3.0377,2.4406,2.4265,4.4022,1.873,2.5944,4.6955,1.8462,2.6162,4.6889,2.705,2.3936,4.5307,1.2689,2.5512,3.8567,1.7608,2.2719,4.373,1.8059,2.9663,3.7139,0.61857,2.4781,2.5672,1.5079,2.1087,4.6643,1.9916,2.9966,3.909,0.29247,2.4069,3.3046,1.6709,1.5608,4.0705,0.67572,2.0696,3.0224,2.259,2.2532,4.6746,0.81691,2.5332,3.248,0.90603,2.1428,3.1432,6.2477,2.889,1.7813,2.0445,2.0277,4.6775,2.654,2.4072,4.4947,2.527,2.2629,5.0435,1.9471,2.6626,4.2236,1.0744,1.743,4.0284,4.6562,2.8694,0.51465,0.83559,2.1247,2.9995,1.299,2.0788,4.346,1.0299,2.1102,3.4558,2.0958,2.6674,4.3202,1.7441,1.5197,4.12,1.2371,2.5312,3.1515,0.79303,2.4771,3.7306,2.0937,1.8544,3.6687,1.5382,2.4623,3.4478,1.6202,2.5687,3.6536,1.605,1.5806,4.2535,1.8963,2.6731,4.3484,1.972,2.673,4.4394,3.515,2.7614,6.27,1.7397,1.5187,4.1172,1.7813,1.988,3.4524,2.0492,2.9218,4.8677,1.2346,2.5387,3.1978,2.583,2.4365,4.919,1.0969,2.6167,4.0603,1.5526,2.4515,3.4643,1.1266,1.8502,4.0671,1.6882,1.5437,4.0527,1.7488,1.9909,3.4167,0.27512,2.9211,3.3379,2.9298,2.3003,4.6757,1.2997,1.9378,4.2247,1.3485,2.6365,3.5023,1.4365,2.4603,3.3588,1.8893,1.8973,3.6495,1.9483,2.4529,4.0454,1.044,2.2906,3.154,2.5443,1.991,5.1511,1.2614,2.6317,3.3865,1.3869,2.4905,3.305,0.39791,2.9219,3.4456,0.6345,1.8538,2.784,1.6423,1.9762,4.5174,1.4575,1.7845,4.1553,5.3376,2.8628,1.6511,0.81105,2.0964,2.8138,1.0661,2.6523,4.0573,2.2875,2.5408,3.6192,2.544,2.413,4.8592,2.8826,2.6645,4.5858,2.1016,2.5026,4.4578,2.3632,2.1568,4.2706,0.75107,2.0842,3.2553,0.47901,2.4404,3.036,0.59054,2.1535,3.6926,2.3914,2.4402,4.5005,0.89132,2.4406,2.9852,1.2379,1.6313,4.2765,1.6835,2.0239,3.4123,6.0457,2.6682,1.7849,3.4442,2.9137,0.17616,0.85463,2.3938,3.0451,1.6789,1.6228,4.0569,1.5142,1.8994,3.1763,0.78617,2.4388,2.9337,2.1552,2.3338,4.8686,1.2191,2.5716,3.1749,1.019,1.9452,3.5134,0.42053,1.9772,3.3043,1.7298,2.0149,3.3947,2.3833,2.1466,4.2455,2.2044,2.1382,5.0106,1.2579,1.6688,3.8405,0.69627,1.9783,2.7779,2.2125,2.153,5.0435,2.3657,2.2398,4.5594,1.5769,2.4302,3.9677,4.4353,2.8882,0.3561,1.9507,2.4232,4.0257,0.81355,1.9546,4.1129,1.305,2.6255,4.278,3.7605,2.8108,0.042539,1.5481,1.6439,3.3016,0.23184,2.3043,3.2781,5.0593,2.8944,1.0035,0.69696,2.7464,3.4159,1.3667,2.5345,3.0451,2.1648,2.0919,4.9367,1.4732,2.019,4.4065,1.5303,1.6274,3.3099,1.4095,2.9043,3.3689,0.58617,2.4211,2.9025,0.89908,2.4496,3.0411,0.22898,2.6079,3.3205,1.6371,2.3143,4.1679,0.59319,2.4238,2.859,1.0035,2.2853,3.5684,1.3965,1.7647,4.279,0.31135,2.333,3.35,1.5247,1.5977,3.3035,0.56682,2.4244,2.8871,3.3983,2.8489,0.072499,1.9285,2.5542,4.0034,2.0417,2.1983,4.6572,2.3937,2.757,5.0021,1.9187,1.8955,3.8521,1.2913,1.7216,3.7163,2.1987,2.1198,4.9985,1.3678,2.6071,3.9293,1.1242,3.057,2.95,4.7632,2.9057,0.45496,1.3848,2.7181,4.4423,1.9094,1.9051,3.8818,1.3175,2.6508,2.9545,0.63518,2.7395,3.2699,0.99175,2.9038,4.1732,0.74632,2.5365,2.7185,0.66471,2.0142,2.905,0.55056,2.4178,3.3815,1.5511,2.1602,4.3024,1.4731,2.7257,4.5033,0.53263,2.0012,2.9641,2.0038,1.841,3.802,1.1884,1.7745,3.7002,2.2431,2.6689,4.6868,1.3478,1.6512,4.1099,1.3351,2.1465,3.1367,0.59754,2.0185,2.9946,0.53346,2.4295,2.6624,1.6613,2.3631,4.1805,2.2641,2.6479,4.7474,0.56066,2.0267,2.9496,1.5764,1.682,3.3488,0.22169,3.0625,2.0874,0.65746,2.5511,2.6449,3.1158,2.7366,6.1255,0.17888,2.8829,2.8704,4.6718,2.9246,0.36383,2.2641,2.3356,3.5929,1.2768,3.0253,4.1173,1.3029,2.3843,3.4474,1.0643,3.0481,3.9113,2.3364,2.2356,3.7455,1.18,1.7454,3.702,2.4243,2.3581,4.5904,2.535,2.692,4.1033,1.3225,2.6712,4.3679,1.9154,1.8334,3.825,1.2233,2.6932,3.7501,2.3047,2.4302,4.879,1.6267,2.565,3.4715,2.1645,2.2424,4.1416,0.76259,1.9242,3.3241,2.2522,2.4021,3.6537,2.2691,2.3882,3.6338,2.2461,1.976,4.9848,2.5924,2.2695,4.7795,2.3324,2.242,3.7616,1.3585,1.5752,3.8805,2.2686,2.6762,4.7476,1.9167,1.8564,3.8338,0.76813,2.1157,4.0728,1.5989,1.7417,4.24,2.273,2.6604,4.7601,1.448,2.3862,3.2683,6.0408,2.9082,2.3478,1.837,1.778,3.5188,1.8768,2.9267,4.1653,2.1017,1.9542,4.8452,1.1905,2.5866,4.3563,1.9563,2.1393,4.8845,1.6091,1.7009,3.9618,1.6136,2.0197,3.3131,1.1047,2.6864,3.6535,1.0121,2.7753,3.8934,1.4579,2.4595,3.8905,1.1729,2.7054,3.6808,1.8163,1.6577,4.07,0.93461,2.4526,2.8292,1.9472,2.1071,4.4285,0.28088,2.7588,3.0476,1.0523,1.9316,4.269,0.98742,2.2964,3.0945,1.6767,2.4037,4.595,0.95763,2.038,2.8583,0.72498,1.9724,2.7298,1.6016,1.6911,3.9665,0.95329,2.4429,2.8563,1.3438,1.5738,3.8452,2.7101,2.5709,4.5799,1.084,2.1727,3.5981,1.1626,2.7303,3.6794,1.9747,1.9801,4.4936,1.0311,1.9468,4.2432,1.8621,1.6904,3.4628,1.6571,2.5297,3.9914,2.1426,2.5434,4.8898,2.1113,2.3969,3.6668,1.2769,3.0284,3.4898,1.4539,1.5016,4.2033,0.61852,2.9887,3.6317,1.6107,1.6686,4.2026,0.73273,1.989,2.7335,0.71848,2.1968,3.9615,2.6517,2.5955,4.519,2.0415,2.0951,3.4274,1.4215,2.8244,3.5536,1.0708,2.2606,3.5804,2.5618,2.0387,4.5369,1.4745,1.7226,4.4196,1.582,2.5712,3.6171,2.0557,2.3569,4.1098,2.6361,2.3402,4.9259,0.51977,2.5198,3.0488
1535.0,15.571,79.114,15.468,0.15824,4541.4,1.4568,1.7816,4.1043,1.2784,2.2396,4.2634,1.1489,1.9336,4.2472,2.4579,2.6314,4.2924,0.85658,2.0279,4.2803,1.51,2.5676,3.8892,3.2971,2.8199,6.1766,1.1338,1.9404,4.2482,1.739,1.6049,4.2168,1.2895,2.2207,4.3032,0.83005,2.0571,4.2129,2.9862,2.8291,4.5697,5.4909,2.6911,1.2118,1.3441,2.6938,3.7283,0.88705,2.1349,2.9776,2.5555,2.152,4.6121,1.4659,1.6399,3.9376,0.60946,2.645,3.766,2.0361,1.7801,3.5119,1.0883,2.3819,3.201,0.10044,2.3116,3.326,1.7556,1.6819,3.4188,1.8689,2.7253,4.1348,1.7914,1.7469,3.4181,1.4214,1.6083,3.9774,0.37925,2.1806,3.1099,2.1352,2.4175,4.5097,1.4747,1.721,3.2114,0.81677,1.9763,2.7317,3.3053,2.8256,6.1445,2.0536,1.8287,3.5363,1.0082,2.7391,2.9123,1.8545,2.5962,4.0775,0.67508,1.9478,2.8088,1.0639,2.4068,3.152,1.9317,1.9266,4.5389,1.7531,1.6264,3.8927,0.54588,2.208,3.7728,1.2068,2.5746,3.7747,0.89522,2.1434,3.1416,2.7061,2.3727,4.4921,2.1641,2.2458,4.8117,1.5031,1.651,3.9592,1.9087,1.9171,4.517,1.524,2.2354,3.2432,0.72135,2.1762,3.0269,2.4408,2.4291,4.4065,1.8651,2.5937,4.6744,1.8406,2.6179,4.6724,2.7256,2.3992,4.5578,1.2676,2.5563,3.85,1.7689,2.2743,4.379,1.7934,2.9564,3.6999,0.62745,2.4797,2.5736,1.5047,2.1156,4.665,1.9815,2.9881,3.8979,0.28399,2.4073,3.2945,1.6714,1.5562,4.0695,0.67425,2.07,3.0201,2.2577,2.2519,4.6716,0.82754,2.525,3.2662,0.89959,2.1462,3.1359,6.2475,2.8885,1.7802,2.0497,2.0296,4.6839,2.6673,2.4136,4.5148,2.518,2.2561,5.0313,1.9391,2.6509,4.2142,1.0743,1.7338,4.0353,4.6578,2.8603,0.51644,0.83303,2.1238,2.9995,1.3003,2.0764,4.3511,1.0281,2.111,3.4538,2.0828,2.6601,4.3043,1.7486,1.5108,4.1159,1.2416,2.5286,3.1547,0.7963,2.4781,3.7301,2.0956,1.8494,3.6638,1.5316,2.4629,3.4439,1.6203,2.568,3.6619,1.6006,1.5757,4.2538,1.8846,2.6602,4.3337,1.9637,2.6607,4.4301,3.5181,2.7603,6.2715,1.7425,1.5131,4.1136,1.7854,1.9864,3.4532,2.043,2.92,4.8621,1.2381,2.5369,3.2027,2.5811,2.4362,4.9162,1.1006,2.6149,4.0593,1.5487,2.4515,3.4634,1.1238,1.8497,4.0665,1.6899,1.5395,4.051,1.7511,1.9896,3.4156,0.27705,2.9197,3.3404,2.9318,2.3002,4.6798,1.2983,1.9373,4.2252,1.3534,2.6334,3.5124,1.4351,2.4601,3.3591,1.8928,1.8899,3.644,1.9486,2.4577,4.0483,1.0415,2.2901,3.1529,2.5444,1.9876,5.1505,1.2659,2.6276,3.3954,1.3832,2.4914,3.3028,0.39919,2.9206,3.4468,0.63222,1.8551,2.7787,1.6386,1.973,4.5215,1.4571,1.7796,4.157,5.3314,2.861,1.6448,0.81022,2.0959,2.8146,1.0673,2.6543,4.057,2.293,2.5399,3.6174,2.5401,2.4116,4.8538,2.888,2.6625,4.5904,2.1003,2.5023,4.4557,2.3647,2.1607,4.2755,0.74909,2.0894,3.2495,0.48505,2.4389,3.0424,0.58933,2.1535,3.692,2.3922,2.4375,4.5044,0.89705,2.4391,2.9915,1.2367,1.6332,4.2753,1.6817,2.0251,3.4103,6.0361,2.6662,1.7747,3.451,2.9123,0.18396,0.85664,2.3905,3.0514,1.6795,1.6228,4.0561,1.5148,1.9014,3.1759,0.78613,2.4379,2.9352,2.1554,2.3337,4.8657,1.2213,2.5724,3.1793,1.0193,1.944,3.514,0.41379,1.9773,3.309,1.7309,2.0154,3.3915,2.3835,2.1511,4.2495,2.2072,2.137,5.0114,1.2559,1.6659,3.8413,0.69695,1.9785,2.7788,2.2158,2.1526,5.0461,2.3679,2.2423,4.5637,1.5771,2.4357,3.9675,4.444,2.8819,0.36584,1.9509,2.4278,4.0275,0.81217,1.9551,4.1114,1.3125,2.628,4.2823,3.7701,2.8089,0.053423,1.5489,1.6456,3.3022,0.22707,2.3038,3.2723,5.0576,2.8884,1.0038,0.69829,2.7451,3.4176,1.3707,2.5361,3.0484,2.1667,2.0893,4.9355,1.473,2.0136,4.4092,1.5306,1.6268,3.3109,1.4115,2.9036,3.3704,0.59288,2.4194,2.9121,0.8956,2.4498,3.0412,0.22836,2.6074,3.3187,1.6387,2.3167,4.1704,0.59939,2.423,2.8656,0.99933,2.2932,3.5616,1.3965,1.7636,4.2773,0.3111,2.3344,3.3484,1.5244,1.5963,3.3043,0.5719,2.4234,2.8947,3.4156,2.8469,0.089446,1.9239,2.5532,4.0011,2.0452,2.1985,4.6601,2.3755,2.7547,4.9807,1.9192,1.891,3.85,1.2904,1.7183,3.7171,2.2013,2.1176,4.999,1.367,2.6059,3.9264,1.1219,3.0566,2.9472,4.7694,2.9007,0.46081,1.3924,2.7188,4.4498,1.9094,1.9034,3.8822,1.3204,2.6515,2.9586,0.64553,2.738,3.2818,0.9989,2.903,4.1802,0.75676,2.5378,2.7271,0.66454,2.0175,2.9033,0.55093,2.4178,3.3798,1.5502,2.1578,4.3064,1.4827,2.7269,4.5111,0.52839,2.0027,2.9575,2.0044,1.839,3.8022,1.1879,1.7716,3.7024,2.2363,2.6667,4.6765,1.3461,1.656,4.1069,1.3323,2.1457,3.1352,0.59606,2.0221,2.9899,0.53588,2.4289,2.6662,1.6651,2.3694,4.1833,2.2564,2.6439,4.7371,0.55716,2.0291,2.943,1.5766,1.6808,3.35,0.19946,3.0633,2.0633,0.66034,2.5532,2.6465,3.1248,2.7354,6.1355,0.19117,2.8829,2.8845,4.6748,2.922,0.36682,2.2611,2.3307,3.5852,1.2828,3.0217,4.1251,1.2971,2.3883,3.4434,1.069,3.0464,3.9186,2.3346,2.2355,3.7419,1.1794,1.7408,3.7045,2.4241,2.3587,4.5905,2.5305,2.6933,4.1046,1.3246,2.6705,4.3682,1.9159,1.8258,3.8215,1.2259,2.6887,3.7524,2.3,2.4276,4.8703,1.6275,2.5622,3.4794,2.1646,2.2453,4.1439,0.76116,1.9254,3.3217,2.2476,2.4013,3.649,2.2655,2.3864,3.628,2.2482,1.9775,4.9864,2.5902,2.2687,4.7785,2.3306,2.2423,3.7593,1.3579,1.5746,3.8822,2.262,2.6736,4.7391,1.9175,1.8511,3.8306,0.7683,2.1139,4.0775,1.5989,1.7378,4.2391,2.2655,2.6575,4.7505,1.448,2.3862,3.2683,6.049,2.9095,2.3572,1.8368,1.7768,3.5203,1.8715,2.9224,4.1585,2.1058,1.9537,4.8485,1.1931,2.5864,4.3591,1.9582,2.1385,4.8844,1.6091,1.6967,3.9616,1.6142,2.02,3.3108,1.1067,2.6829,3.6549,1.0147,2.7736,3.8943,1.4606,2.4608,3.8928,1.1741,2.7019,3.6808,1.8152,1.6521,4.0695,0.93522,2.4524,2.8307,1.949,2.1086,4.4303,0.2874,2.7568,3.0536,1.0515,1.9305,4.2696,0.98801,2.295,3.0969,1.6781,2.4036,4.5953,0.95685,2.0362,2.8591,0.72437,1.9714,2.7297,1.6012,1.6874,3.9666,0.95428,2.4424,2.8587,1.3426,1.5726,3.8455,2.7087,2.5703,4.5787,1.0838,2.1741,3.5972,1.1633,2.7286,3.6797,1.9746,1.9795,4.494,1.0299,1.946,4.2434,1.8624,1.6909,3.4631,1.6568,2.5308,3.9911,2.1435,2.5428,4.8884,2.11,2.3973,3.6653,1.2789,3.0269,3.4913,1.4542,1.5019,4.2022,0.61719,2.9885,3.6309,1.6108,1.6662,4.2015,0.73248,1.9882,2.7335,0.7194,2.1971,3.9618,2.6507,2.5952,4.5185,2.0428,2.0939,3.4266,1.4232,2.8218,3.5553,1.07,2.263,3.5786,2.5628,2.0399,4.539,1.474,1.7222,4.4196,1.5814,2.5706,3.6183,2.0556,2.3592,4.1112,2.6347,2.3395,4.9241,0.52163,2.5197,3.0511
1535.0,15.571,79.114,15.468,0.16615,4531.3,1.4526,1.7774,4.1014,1.2795,2.2402,4.2665,1.1438,1.9308,4.2466,2.4562,2.6297,4.2931,0.85622,2.0276,4.282,1.5089,2.572,3.8883,3.315,2.8166,6.1991,1.1278,1.9375,4.2482,1.7391,1.5998,4.2148,1.2908,2.2207,4.3084,0.82897,2.0581,4.2136,2.9914,2.8285,4.5742,5.4796,2.6846,1.1986,1.3478,2.6892,3.7324,0.88204,2.1349,2.9743,2.5639,2.1602,4.6275,1.4661,1.642,3.9404,0.60439,2.6508,3.7545,2.0381,1.7815,3.5146,1.0801,2.3811,3.2006,0.084423,2.312,3.3044,1.7531,1.6813,3.4218,1.8596,2.7214,4.1228,1.792,1.7508,3.4202,1.4183,1.6067,3.9816,0.37793,2.1846,3.1025,2.1438,2.4218,4.5204,1.4747,1.7255,3.2126,0.81618,1.9827,2.7309,3.3373,2.8221,6.1854,2.0601,1.8334,3.5444,1.0053,2.7428,2.9111,1.8592,2.5991,4.085,0.67846,1.9534,2.81,1.0597,2.4047,3.1569,1.9362,1.9274,4.5438,1.7597,1.6243,3.895,0.55203,2.2079,3.7781,1.212,2.5833,3.7808,0.8853,2.149,3.1317,2.7221,2.3774,4.5106,2.172,2.2544,4.8239,1.5064,1.6513,3.9622,1.9133,1.9177,4.5205,1.5311,2.2409,3.2432,0.71276,2.1812,3.0159,2.4409,2.4318,4.4112,1.856,2.5929,4.6506,1.8348,2.6198,4.6547,2.749,2.4047,4.5882,1.266,2.5623,3.8423,1.778,2.2769,4.3855,1.7809,2.9457,3.6856,0.63687,2.4814,2.5802,1.5006,2.1234,4.6645,1.9713,2.9787,3.8865,0.27417,2.4076,3.2831,1.6722,1.5511,4.0683,0.6728,2.0699,3.0179,2.2557,2.25,4.6675,0.83869,2.5153,3.2863,0.89307,2.1498,3.1286,6.2487,2.8878,1.7808,2.0555,2.0313,4.6906,2.681,2.4197,4.536,2.5087,2.2482,5.0185,1.931,2.6387,4.2048,1.0739,1.7223,4.0437,4.659,2.8513,0.5189,0.83122,2.1224,3.001,1.3017,2.0737,4.3564,1.0262,2.1117,3.4519,2.0687,2.6518,4.2868,1.7534,1.4997,4.111,1.2462,2.5257,3.1579,0.79981,2.4786,3.73,2.0973,1.844,3.6588,1.5247,2.4631,3.44,1.6212,2.5662,3.6715,1.5953,1.5704,4.254,1.8725,2.6459,4.3183,1.9551,2.647,4.4202,3.5204,2.7593,6.2722,1.7453,1.5071,4.1098,1.7893,1.9847,3.4539,2.0363,2.9177,4.8561,1.2414,2.535,3.2076,2.579,2.4358,4.9132,1.1041,2.6129,4.0584,1.5449,2.4513,3.4625,1.1213,1.8485,4.0663,1.6915,1.5352,4.0492,1.7532,1.9882,3.4145,0.27967,2.9182,3.3434,2.9335,2.3001,4.6835,1.2968,1.9368,4.2259,1.3587,2.6296,3.5229,1.4338,2.4598,3.3593,1.8959,1.8819,3.6384,1.9489,2.462,4.051,1.0393,2.2891,3.1522,2.5442,1.9842,5.1495,1.271,2.6234,3.4051,1.3798,2.492,3.3007,0.40045,2.9193,3.4481,0.6301,1.8561,2.7742,1.635,1.9701,4.525,1.4565,1.7747,4.1589,5.3259,2.8594,1.6393,0.8095,2.0954,2.8154,1.0685,2.656,4.0568,2.2981,2.539,3.6159,2.5364,2.4102,4.8489,2.8926,2.6606,4.5944,2.099,2.502,4.4537,2.3659,2.1642,4.2797,0.74704,2.0938,3.244,0.49052,2.4375,3.0483,0.5881,2.1534,3.6915,2.3929,2.4352,4.5079,0.90228,2.4379,2.9975,1.2357,1.635,4.274,1.6802,2.0261,3.4085,6.0277,2.6645,1.7655,3.4566,2.911,0.19038,0.85815,2.3876,3.0569,1.6802,1.6228,4.0553,1.5153,1.9031,3.1755,0.78597,2.437,2.9364,2.1558,2.3335,4.8632,1.2233,2.573,3.1834,1.0196,1.9428,3.5147,0.40785,1.9775,3.3133,1.7318,2.0158,3.3887,2.3837,2.1552,4.2531,2.2096,2.1359,5.012,1.2539,1.6633,3.8419,0.69758,1.9787,2.7795,2.2188,2.1522,5.0485,2.3699,2.2447,4.5676,1.5773,2.4407,3.9675,4.4518,2.8762,0.37471,1.9509,2.4321,4.0292,0.81089,1.9555,4.11,1.3194,2.6304,4.2866,3.7788,2.8073,0.065346,1.5495,1.6469,3.3029,0.22264,2.3033,3.2671,5.0564,2.8829,1.0046,0.69919,2.744,3.4186,1.3742,2.5376,3.0513,2.1684,2.0868,4.9345,1.4729,2.0088,4.4116,1.5307,1.6261,3.3118,1.4135,2.9029,3.372,0.59887,2.4179,2.9206,0.89233,2.45,3.0412,0.22747,2.607,3.3168,1.6402,2.3188,4.1726,0.60485,2.4221,2.8715,0.99532,2.3003,3.5552,1.3965,1.7627,4.2758,0.31084,2.3356,3.3471,1.5242,1.595,3.3051,0.57635,2.4225,2.9014,3.4309,2.8449,0.090392,1.9197,2.5523,3.9989,2.0483,2.1985,4.6629,2.3589,2.7527,4.9609,1.9194,1.8867,3.848,1.2894,1.7153,3.718,2.2036,2.1155,4.9995,1.3661,2.6049,3.9239,1.1197,3.0562,2.9447,4.775,2.896,0.46639,1.3994,2.7193,4.4566,1.9094,1.9019,3.8826,1.323,2.6523,2.9622,0.65475,2.7365,3.2924,1.0056,2.9021,4.187,0.7663,2.5391,2.7349,0.66447,2.0203,2.9019,0.5512,2.4177,3.3784,1.5493,2.1556,4.3101,1.4913,2.7278,4.518,0.5246,2.004,2.9517,2.0048,1.8372,3.8024,1.1875,1.769,3.7043,2.2304,2.6647,4.6677,1.3445,1.6603,4.1041,1.3295,2.1449,3.134,0.59472,2.0254,2.9857,0.538,2.4284,2.6696,1.6685,2.3749,4.1859,2.2496,2.6401,4.7278,0.55405,2.0313,2.937,1.5768,1.68,3.3509,0.17941,3.0639,2.0417,0.66281,2.5552,2.6478,3.1326,2.7344,6.1443,0.20183,2.8829,2.8965,4.6779,2.9198,0.36978,2.2584,2.3261,3.5783,1.2879,3.0186,4.1319,1.2919,2.3917,3.4399,1.0731,3.0449,3.9248,2.3331,2.2356,3.7389,1.179,1.7368,3.7067,2.4239,2.3592,4.5906,2.5264,2.6944,4.1054,1.3265,2.67,4.3683,1.9163,1.8189,3.8185,1.2283,2.6845,3.7545,2.296,2.4253,4.8628,1.6283,2.5597,3.4864,2.1648,2.248,4.146,0.75991,1.9265,3.3195,2.2435,2.4005,3.6448,2.2624,2.3849,3.6229,2.2502,1.9787,4.9876,2.5884,2.2679,4.7775,2.3288,2.2427,3.7571,1.3574,1.5741,3.8835,2.2563,2.6713,4.7316,1.9181,1.8466,3.8278,0.76846,2.1124,4.0817,1.5989,1.7343,4.2384,2.2589,2.6547,4.7419,1.448,2.3861,3.2684,6.0564,2.9106,2.3655,1.8366,1.7758,3.5215,1.867,2.9187,4.1526,2.1093,1.9532,4.8512,1.1952,2.5862,4.3615,1.9598,2.1379,4.8842,1.6092,1.6931,3.9615,1.6148,2.0203,3.3089,1.1086,2.6798,3.6563,1.0169,2.7721,3.8952,1.463,2.4618,3.895,1.1751,2.699,3.6808,1.8143,1.6472,4.0691,0.93573,2.4522,2.8319,1.9505,2.1098,4.4317,0.29288,2.7551,3.0585,1.0509,1.9296,4.2701,0.98853,2.2939,3.0989,1.6792,2.4034,4.5955,0.95623,2.0346,2.8598,0.72388,1.9706,2.7296,1.6008,1.6843,3.9666,0.95512,2.442,2.8605,1.3417,1.5716,3.8459,2.7076,2.5699,4.5778,1.0836,2.1752,3.5964,1.164,2.7271,3.6799,1.9744,1.979,4.4943,1.029,1.9454,4.2436,1.8627,1.6912,3.4633,1.6566,2.5318,3.9907,2.1444,2.5423,4.8873,2.1089,2.3977,3.6641,1.2806,3.0257,3.4924,1.4545,1.5019,4.2013,0.61608,2.9883,3.6302,1.6108,1.6642,4.2006,0.73228,1.9876,2.7337,0.72019,2.1974,3.9621,2.65,2.5949,4.5181,2.0439,2.0928,3.4259,1.4245,2.8195,3.5566,1.0694,2.2649,3.577,2.5636,2.0408,4.5409,1.4736,1.7219,4.4197,1.5807,2.5701,3.6193,2.0554,2.3612,4.1123,2.6336,2.3389,4.9227,0.52318,2.5196,3.0529
1535.0,15.571,79.114,15.468,0.17406,4513.7,1.4481,1.7729,4.0985,1.2808,2.2407,4.2696,1.1389,1.9282,4.246,2.4546,2.6278,4.2941,0.85582,2.0275,4.2834,1.5079,2.5762,3.8872,3.3333,2.813,6.2215,1.1217,1.9347,4.2479,1.7394,1.5952,4.2127,1.2919,2.2209,4.3135,0.82792,2.0596,4.2141,2.9964,2.8279,4.5785,5.4681,2.6778,1.1853,1.3512,2.6857,3.736,0.87686,2.1352,2.9707,2.5732,2.1689,4.6441,1.4663,1.6447,3.9432,0.59842,2.657,3.7416,2.0399,1.783,3.5174,1.0699,2.381,3.1984,0.06685,2.3122,3.2809,1.7505,1.6807,3.4249,1.8516,2.7185,4.112,1.7927,1.7548,3.4226,1.4152,1.6058,3.9855,0.37643,2.1887,3.0948,2.1533,2.4263,4.5323,1.4747,1.7307,3.2138,0.81548,1.989,2.7305,3.3735,2.8178,6.2229,2.0672,1.8383,3.5535,1.0022,2.7469,2.9097,1.8647,2.6023,4.0931,0.68185,1.9593,2.8111,1.0544,2.4027,3.1614,1.9415,1.9282,4.5493,1.7666,1.6226,3.8975,0.55912,2.2076,3.7844,1.2183,2.5912,3.7885,0.87488,2.1547,3.1215,2.7395,2.3822,4.5306,2.1807,2.2636,4.837,1.51,1.651,3.965,1.9186,1.9183,4.5241,1.5394,2.2469,3.2436,0.70495,2.1853,3.0068,2.4403,2.434,4.4153,1.8459,2.5919,4.6247,1.8287,2.6218,4.6357,2.7741,2.4094,4.6206,1.2639,2.5683,3.8335,1.7878,2.2792,4.3919,1.7689,2.9344,3.6722,0.64659,2.4828,2.5869,1.4955,2.1319,4.6627,1.9615,2.9681,3.8756,0.2637,2.4078,3.2711,1.6729,1.5456,4.0668,0.67146,2.0694,3.0163,2.2531,2.2478,4.6625,0.84879,2.5047,3.3061,0.88753,2.153,3.1229,6.2514,2.8871,1.7828,2.0615,2.0327,4.6974,2.6941,2.4248,4.5569,2.5006,2.2397,5.0073,1.9234,2.6266,4.1959,1.0734,1.71,4.0527,4.6581,2.8438,0.52,0.83009,2.121,3.0036,1.3032,2.0708,4.3617,1.0242,2.1124,3.45,2.0545,2.6428,4.2695,1.7586,1.4874,4.1054,1.2504,2.5225,3.1609,0.80349,2.4787,3.7301,2.0991,1.8385,3.6535,1.5179,2.4628,3.4364,1.6226,2.5635,3.6821,1.5895,1.5653,4.2546,1.8607,2.6315,4.3032,1.9465,2.6331,4.4101,3.5219,2.7586,6.2722,1.7481,1.5009,4.1058,1.793,1.9826,3.4545,2.0291,2.915,4.8498,1.2445,2.5329,3.2121,2.5769,2.4353,4.9101,1.1076,2.6106,4.0578,1.5411,2.4508,3.4616,1.1188,1.847,4.0665,1.6932,1.531,4.0473,1.7553,1.9868,3.4136,0.28267,2.917,3.3468,2.9346,2.2999,4.6864,1.2954,1.9363,4.2264,1.364,2.6257,3.5331,1.4327,2.4595,3.3595,1.8991,1.8737,3.6328,1.949,2.4657,4.0534,1.037,2.288,3.1517,2.544,1.9809,5.1485,1.2767,2.6193,3.415,1.3767,2.4926,3.2989,0.40167,2.9182,3.4493,0.6282,1.857,2.7704,1.6318,1.9674,4.5279,1.4557,1.77,4.1607,5.3213,2.8581,1.6346,0.80889,2.095,2.8161,1.0695,2.6574,4.0569,2.3023,2.538,3.6146,2.5331,2.409,4.8445,2.8968,2.6589,4.598,2.0981,2.5017,4.452,2.3669,2.1672,4.2836,0.74504,2.0977,3.2392,0.4954,2.4363,3.0537,0.5869,2.1532,3.691,2.3937,2.433,4.5112,0.90685,2.4367,3.0027,1.2347,1.6365,4.273,1.6788,2.027,3.4068,6.0201,2.6627,1.7575,3.461,2.91,0.19555,0.85907,2.3852,3.0612,1.6808,1.6228,4.0546,1.5156,1.9046,3.1752,0.7857,2.4362,2.9373,2.1561,2.3335,4.861,1.225,2.5737,3.1871,1.0198,1.9418,3.5153,0.4026,1.9778,3.317,1.7325,2.0162,3.386,2.3839,2.159,4.2566,2.2119,2.1349,5.0125,1.252,1.661,3.8423,0.69817,1.979,2.7802,2.2214,2.1519,5.0506,2.3719,2.2468,4.571,1.5773,2.445,3.9672,4.4587,2.871,0.38274,1.951,2.4358,4.0307,0.80977,1.9559,4.1088,1.3258,2.6326,4.2905,3.7864,2.8059,0.073571,1.5502,1.6481,3.3035,0.2186,2.3029,3.2627,5.0555,2.878,1.0058,0.6997,2.743,3.4193,1.3772,2.5389,3.0541,2.1701,2.0846,4.9336,1.4726,2.0045,4.4138,1.5309,1.6254,3.3126,1.4154,2.9023,3.3734,0.60415,2.4166,2.9282,0.88942,2.4502,3.0412,0.22647,2.6067,3.3149,1.6416,2.3208,4.1749,0.60965,2.4214,2.8767,0.99153,2.3068,3.5492,1.3963,1.762,4.2744,0.31058,2.3366,3.346,1.524,1.5938,3.3058,0.58029,2.4218,2.9074,3.4443,2.8433,0.10755,1.9158,2.5516,3.9967,2.0512,2.1985,4.6653,2.3437,2.7506,4.9427,1.9195,1.8828,3.8464,1.2885,1.7128,3.7187,2.2056,2.1137,4.9998,1.3656,2.604,3.9217,1.1176,3.0559,2.9423,4.7802,2.8918,0.47161,1.4058,2.7198,4.463,1.9094,1.9007,3.883,1.3254,2.6528,2.9654,0.66272,2.7353,3.3017,1.0117,2.9012,4.1932,0.77495,2.5402,2.742,0.6645,2.0228,2.901,0.5514,2.4175,3.3771,1.5484,2.1534,4.3134,1.4988,2.7286,4.5242,0.52126,2.005,2.9466,2.0051,1.8356,3.8025,1.1871,1.7667,3.7061,2.2257,2.663,4.6602,1.3431,1.664,4.1017,1.327,2.1442,3.133,0.59348,2.0283,2.982,0.53985,2.4279,2.6726,1.6717,2.3797,4.1882,2.2436,2.6367,4.7198,0.55142,2.0331,2.9321,1.577,1.6793,3.3518,0.16156,3.0645,2.0224,0.6649,2.5568,2.6488,3.1394,2.7335,6.1519,0.21117,2.8829,2.9072,4.6807,2.9178,0.37267,2.2562,2.3219,3.5725,1.2919,3.0157,4.1372,1.2876,2.3944,3.4371,1.0765,3.0435,3.93,2.3316,2.2356,3.736,1.1785,1.7332,3.7087,2.4236,2.3596,4.5906,2.5225,2.6951,4.1061,1.3281,2.6695,4.3683,1.9165,1.8127,3.816,1.2304,2.6808,3.7561,2.2927,2.4233,4.8564,1.629,2.5574,3.4925,2.165,2.2504,4.1477,0.75878,1.9275,3.3175,2.2399,2.3998,3.641,2.2595,2.3835,3.6185,2.2516,1.9796,4.9884,2.5868,2.2672,4.7767,2.3272,2.2429,3.7551,1.357,1.5736,3.8847,2.2515,2.6693,4.7253,1.9186,1.8425,3.8253,0.76865,2.111,4.0854,1.5989,1.7313,4.2377,2.253,2.6523,4.7344,1.4481,2.386,3.2684,6.0629,2.9116,2.373,1.8365,1.7748,3.5225,1.8631,2.9154,4.1476,2.1124,1.9527,4.8536,1.1972,2.586,4.3636,1.9612,2.1372,4.8839,1.6094,1.6899,3.9613,1.6153,2.0206,3.3073,1.11,2.6772,3.6573,1.0188,2.7709,3.8957,1.4652,2.4625,3.8967,1.176,2.6963,3.6808,1.8134,1.6429,4.0688,0.93618,2.452,2.8328,1.9517,2.1108,4.4329,0.29756,2.7536,3.0628,1.0504,1.9287,4.2705,0.98892,2.2929,3.1005,1.6801,2.4033,4.5956,0.95568,2.0332,2.8605,0.72346,1.9699,2.7296,1.6004,1.6816,3.9666,0.95581,2.4416,2.8622,1.3408,1.5709,3.8462,2.7067,2.5695,4.5769,1.0834,2.1761,3.5959,1.1646,2.7259,3.68,1.9743,1.9785,4.4945,1.0282,1.9448,4.2438,1.863,1.6915,3.4636,1.6564,2.5325,3.9904,2.145,2.5419,4.8863,2.108,2.398,3.6632,1.282,3.0248,3.4934,1.4547,1.5019,4.2005,0.61513,2.9881,3.6297,1.611,1.6625,4.1997,0.73211,1.9869,2.7337,0.72086,2.1977,3.9623,2.6493,2.5947,4.5178,2.0447,2.0919,3.4252,1.4256,2.8176,3.5578,1.0688,2.2666,3.5757,2.5643,2.0417,4.5423,1.4732,1.7216,4.4198,1.5802,2.5697,3.62,2.0554,2.3628,4.1133,2.6327,2.3384,4.9215,0.52449,2.5194,3.0544
1535.0,15.571,79.114,15.468,0.18197,4487.1,1.4436,1.7684,4.0957,1.2821,2.2412,4.2727,1.1342,1.926,4.2452,2.4531,2.6261,4.2953,0.85536,2.0276,4.2846,1.5067,2.5804,3.886,3.352,2.8088,6.2693,1.1157,1.9325,4.2474,1.7397,1.591,4.2109,1.2932,2.2212,4.3186,0.82685,2.0612,4.2146,3.0012,2.8271,4.5827,5.4565,2.6705,1.1719,1.3543,2.683,3.7395,0.87152,2.1355,2.9669,2.5833,2.1777,4.6618,1.4665,1.6478,3.946,0.5916,2.6636,3.7274,2.0418,1.7846,3.5202,1.0576,2.3817,3.1939,0.055194,2.3124,3.2557,1.7479,1.6803,3.4284,1.8444,2.7163,4.1024,1.7934,1.759,3.425,1.412,1.6051,3.989,0.37469,2.193,3.0863,2.1636,2.4311,4.5451,1.4748,1.7366,3.2154,0.8145,1.9952,2.7298,3.4138,2.8121,0.3044,2.075,1.8435,3.5635,0.99925,2.7512,2.9082,1.8706,2.6058,4.1019,0.68508,1.9656,2.812,1.0482,2.4008,3.1657,1.9474,1.9293,4.5555,1.7741,1.6211,3.9004,0.5672,2.2072,3.7917,1.2256,2.5991,3.7973,0.86369,2.1607,3.1105,2.758,2.3871,4.5515,2.1905,2.2733,4.8515,1.5138,1.6499,3.9676,1.9246,1.9188,4.5283,1.5488,2.2537,3.2447,0.6979,2.1888,2.9996,2.439,2.4357,4.419,1.8348,2.5904,4.5966,1.8224,2.624,4.6156,2.8002,2.4135,4.6542,1.2613,2.5744,3.8235,1.7983,2.2811,4.3984,1.7572,2.9226,3.6589,0.65661,2.4837,2.5938,1.4895,2.1413,4.6595,1.9523,2.9562,3.8651,0.25298,2.408,3.2588,1.6738,1.5399,4.0651,0.67022,2.0685,3.015,2.2501,2.2453,4.6568,0.85811,2.4928,3.3262,0.88342,2.1559,3.1188,6.2577,2.8863,1.7864,2.0678,2.0341,4.7043,2.7055,2.4287,4.5762,2.4934,2.2303,4.9966,1.9162,2.6147,4.1874,1.0724,1.6962,4.0628,4.6553,2.8378,0.51932,0.82994,2.1193,3.0077,1.3048,2.0676,4.3669,1.0223,2.113,3.4483,2.0398,2.6333,4.2516,1.7643,1.4733,4.0992,1.2546,2.5192,3.1639,0.80733,2.4785,3.7306,2.1006,1.8328,3.6483,1.5112,2.4618,3.433,1.6245,2.5599,3.6936,1.5834,1.5604,4.2554,1.8494,2.6166,4.2881,1.938,2.6187,4.3996,3.5228,2.7579,6.2715,1.7509,1.4944,4.1017,1.7964,1.9804,3.4549,2.0217,2.912,4.8431,1.2474,2.5308,3.2164,2.5749,2.4349,4.9071,1.111,2.6082,4.0574,1.5376,2.4501,3.4607,1.1166,1.8451,4.0669,1.6948,1.5268,4.0457,1.757,1.9854,3.4127,0.2861,2.9156,3.3507,2.9355,2.2996,4.6888,1.2939,1.9356,4.2271,1.3692,2.6215,3.5431,1.4315,2.4591,3.3596,1.9021,1.8653,3.6274,1.9491,2.4689,4.0555,1.0352,2.2866,3.1514,2.5438,1.9779,5.1474,1.2827,2.6156,3.4248,1.3739,2.493,3.2972,0.40288,2.917,3.4506,0.6265,1.8577,2.7671,1.6288,1.9649,4.5303,1.455,1.7654,4.1624,5.3173,2.8568,1.6305,0.80837,2.0947,2.8169,1.0705,2.6587,4.0571,2.3061,2.5369,3.6133,2.53,2.4079,4.8404,2.9004,2.6572,4.6011,2.0973,2.5015,4.4505,2.3677,2.1699,4.287,0.74314,2.1009,3.2348,0.4997,2.4352,3.0583,0.58577,2.153,3.6907,2.3944,2.4312,4.5141,0.91082,2.4356,3.0073,1.2338,1.6379,4.2719,1.6774,2.0278,3.4053,6.0135,2.6612,1.7505,3.4645,2.909,0.19962,0.85963,2.3832,3.0648,1.6812,1.6228,4.054,1.5158,1.9061,3.1749,0.78539,2.4356,2.938,2.1565,2.3335,4.8592,1.2266,2.5743,3.1904,1.02,1.9409,3.516,0.39807,1.9781,3.3203,1.7332,2.0167,3.3837,2.3842,2.1624,4.2598,2.2137,2.134,5.013,1.2505,1.6591,3.8427,0.6987,1.9792,2.7808,2.2237,2.1514,5.0523,2.3735,2.2486,4.574,1.5774,2.4489,3.967,4.4648,2.8664,0.38995,1.9511,2.4392,4.0322,0.8088,1.9563,4.1076,1.3315,2.6344,4.2942,3.7931,2.8045,0.081153,1.5508,1.6493,3.3039,0.21501,2.3024,3.2587,5.0549,2.8735,1.0073,0.69992,2.7422,3.4196,1.3798,2.5401,3.0565,2.1717,2.0827,4.9329,1.4723,2.0007,4.4156,1.531,1.6247,3.3133,1.417,2.9017,3.375,0.60873,2.4154,2.9347,0.88681,2.4503,3.0413,0.22544,2.6064,3.3132,1.6429,2.3224,4.1767,0.61382,2.4208,2.8813,0.988,2.3126,3.5437,1.3962,1.7613,4.273,0.31035,2.3375,3.3451,1.5237,1.5927,3.3065,0.58373,2.4212,2.9125,3.4558,2.8418,0.11996,1.9124,2.551,3.9949,2.0537,2.1984,4.6674,2.3301,2.7488,4.9264,1.9196,1.8791,3.8449,1.2876,1.7106,3.7194,2.2074,2.1121,5.0002,1.365,2.6033,3.92,1.1158,3.0557,2.9403,4.7849,2.888,0.47644,1.4114,2.7201,4.4686,1.9094,1.8996,3.8834,1.3274,2.6533,2.9683,0.66954,2.7342,3.3096,1.0172,2.9003,4.1988,0.78266,2.5412,2.7483,0.6646,2.0249,2.9002,0.55153,2.4174,3.3759,1.5475,2.1514,4.3163,1.5053,2.7292,4.5295,0.51838,2.006,2.9422,2.0054,1.8341,3.8028,1.1867,1.7648,3.7076,2.2217,2.6615,4.6541,1.3417,1.6672,4.0996,1.3248,2.1435,3.1319,0.59239,2.0307,2.9788,0.54145,2.4274,2.6751,1.6743,2.3839,4.1901,2.2386,2.6338,4.7127,0.54918,2.0346,2.9278,1.5772,1.6787,3.3526,0.14609,3.065,2.0058,0.66663,2.5585,2.6496,3.1453,2.7326,6.1584,0.21917,2.8828,2.9163,4.6833,2.9161,0.37538,2.2546,2.3182,3.5675,1.2952,3.0132,4.1417,1.2839,2.3966,3.4348,1.0793,3.0423,3.9344,2.3303,2.2356,3.7335,1.1781,1.7301,3.7103,2.4234,2.3599,4.5905,2.5192,2.6957,4.1066,1.3295,2.669,4.3683,1.9167,1.8071,3.8138,1.232,2.6777,3.7576,2.2901,2.4217,4.8511,1.6296,2.5556,3.4976,2.1652,2.2523,4.1494,0.7578,1.9283,3.3158,2.2368,2.3991,3.6377,2.2571,2.3822,3.6146,2.2528,1.9804,4.9889,2.5853,2.2665,4.7759,2.3258,2.2432,3.7535,1.3567,1.573,3.8856,2.2473,2.6676,4.7199,1.9191,1.8389,3.8232,0.76881,2.1097,4.0885,1.5989,1.7287,4.2371,2.2481,2.6503,4.728,1.4481,2.386,3.2684,6.0688,2.9124,2.3796,1.8365,1.774,3.5234,1.8598,2.9126,4.1432,2.1151,1.9523,4.8554,1.1988,2.5857,4.3653,1.9624,2.1367,4.8837,1.6095,1.6872,3.9612,1.6159,2.0208,3.3059,1.1114,2.6749,3.6581,1.0204,2.7698,3.8962,1.4669,2.4632,3.8984,1.1767,2.6941,3.6807,1.8127,1.6393,4.0685,0.93656,2.4519,2.8337,1.9529,2.1117,4.4339,0.3015,2.7522,3.0663,1.0499,1.928,4.271,0.98923,2.2921,3.102,1.681,2.4032,4.5958,0.95523,2.0319,2.8611,0.72311,1.9693,2.7296,1.6001,1.6794,3.9666,0.9564,2.4412,2.8636,1.3401,1.5701,3.8465,2.7059,2.5691,4.5762,1.0832,2.1769,3.5954,1.1651,2.7249,3.6802,1.9742,1.978,4.4947,1.0276,1.9443,4.244,1.8633,1.6917,3.4638,1.6562,2.5331,3.9901,2.1457,2.5414,4.8854,2.1072,2.3984,3.6623,1.2832,3.0239,3.4942,1.4549,1.5019,4.1998,0.61434,2.9879,3.6292,1.6111,1.661,4.199,0.73196,1.9864,2.7338,0.72144,2.198,3.9626,2.6487,2.5944,4.5174,2.0455,2.0911,3.4245,1.4266,2.8161,3.5589,1.0683,2.2681,3.5745,2.565,2.0424,4.5437,1.4729,1.7213,4.4198,1.5797,2.5693,3.6207,2.0553,2.3642,4.1141,2.6319,2.3379,4.9205,0.52557,2.5194,3.0558
1535.0,15.571,79.114,15.468,0.18989,4437.6,1.439,1.7639,4.093,1.2835,2.2418,4.2759,1.1297,1.9241,4.2442,2.4518,2.6242,4.2968,0.85487,2.0279,4.2855,1.5054,2.5849,3.8843,3.3711,2.8043,0.61689,1.1098,1.9309,4.2467,1.7401,1.5873,4.209,1.2946,2.2217,4.3235,0.82578,2.0633,4.2151,3.005,2.8264,4.5862,5.4449,2.6631,1.1583,1.3572,2.6812,3.7428,0.86581,2.1362,2.9625,2.5945,2.187,4.6812,1.4668,1.6523,3.9491,0.58448,2.6709,3.7122,2.0435,1.7862,3.5229,1.042,2.3837,3.186,0.20683,2.312,3.2283,1.7449,1.6802,3.4323,1.838,2.7152,4.0944,1.7942,1.7637,3.4279,1.4089,1.6053,3.9922,0.37214,2.1979,3.0762,2.1757,2.437,4.5602,1.4751,1.7431,3.2173,0.81286,2.0023,2.7285,3.4613,2.8046,5.6527,2.0836,1.8487,3.575,0.99645,2.7556,2.9069,1.8771,2.6099,4.1116,0.68783,1.9729,2.8116,1.0404,2.3992,3.1699,1.9542,1.9307,4.5631,1.7826,1.6204,3.9037,0.57672,2.2069,3.8002,1.2338,2.6077,3.8069,0.85061,2.1678,3.0977,2.7789,2.3923,4.5746,2.202,2.2847,4.8687,1.5181,1.6482,3.9703,1.9319,1.9194,4.5333,1.5605,2.2619,3.2464,0.691,2.1921,2.9939,2.4366,2.437,4.4224,1.8217,2.5888,4.5642,1.8159,2.6269,4.5937,2.8289,2.4177,4.6911,1.2571,2.5822,3.8104,1.8104,2.283,4.4055,1.7445,2.9094,3.6448,0.66706,2.4845,2.6006,1.4815,2.1528,4.6542,1.9427,2.9425,3.8543,0.24131,2.4086,3.2455,1.6748,1.5329,4.0629,0.66925,2.0667,3.0146,2.2456,2.2417,4.6489,0.86733,2.4778,3.3482,0.88054,2.1589,3.1167,0.032412,2.8853,1.7927,2.0745,2.0349,4.711,2.7142,2.432,4.5939,2.4865,2.2189,4.9859,1.909,2.6023,4.1789,1.0707,1.6782,4.0759,4.6483,2.8343,0.51523,0.83226,2.1165,3.016,1.3067,2.0639,4.3719,1.0203,2.1133,3.4467,2.0233,2.6218,4.2314,1.7704,1.4555,4.0915,1.2586,2.5154,3.1669,0.81144,2.4776,3.7317,2.1018,1.8268,3.6429,1.5048,2.46,3.4305,1.6275,2.554,3.7067,1.5762,1.5546,4.2566,1.8377,2.6004,4.2726,1.9289,2.6027,4.3881,3.5228,2.7574,6.2698,1.7536,1.4874,4.0975,1.7994,1.978,3.4551,2.0143,2.9085,4.8365,1.2501,2.5286,3.2203,2.5728,2.4343,4.9039,1.1143,2.6056,4.0575,1.5342,2.4491,3.46,1.1146,1.8429,4.0678,1.6962,1.5227,4.044,1.7586,1.9838,3.4119,0.29007,2.9144,3.3551,2.9359,2.2994,4.6905,1.2925,1.9349,4.2276,1.3745,2.617,3.553,1.4306,2.4586,3.3596,1.9046,1.8568,3.6218,1.9491,2.4716,4.0571,1.0336,2.285,3.1516,2.5434,1.9752,5.1463,1.2885,2.6122,3.4344,1.3715,2.4933,3.2956,0.40419,2.916,3.4519,0.62504,1.858,2.7646,1.6262,1.9629,4.532,1.454,1.7613,4.1642,5.3143,2.856,1.6275,0.808,2.0944,2.8177,1.0715,2.6595,4.0576,2.3089,2.5361,3.6125,2.5274,2.4069,4.837,2.903,2.6558,4.6033,2.0966,2.5013,4.4493,2.3682,2.1718,4.2893,0.74153,2.1033,3.2315,0.50313,2.4343,3.0621,0.58469,2.1527,3.6905,2.3948,2.4297,4.5162,0.91388,2.4348,3.0111,1.2329,1.639,4.2711,1.6763,2.0284,3.4041,6.0083,2.66,1.745,3.4665,2.9083,0.20217,0.85985,2.3817,3.0673,1.6817,1.6229,4.0536,1.5158,1.9072,3.1746,0.78502,2.4351,2.9384,2.1567,2.3335,4.8576,1.2277,2.5746,3.1933,1.02,1.9401,3.5166,0.39473,1.9783,3.3228,1.7336,2.0169,3.3817,2.3842,2.1651,4.2622,2.2152,2.1332,5.0132,1.2491,1.6577,3.8429,0.69913,1.9795,2.7813,2.2254,2.1511,5.0538,2.3748,2.2501,4.5764,1.5774,2.4519,3.9669,4.4698,2.8627,0.39586,1.9512,2.442,4.0333,0.80802,1.9566,4.1067,1.3362,2.636,4.2973,3.7983,2.8035,0.087148,1.5511,1.6501,3.3044,0.21203,2.3022,3.2556,5.0547,2.8699,1.0086,0.69993,2.7416,3.4196,1.3818,2.5411,3.0584,2.1728,2.0811,4.9323,1.4721,1.9979,4.4169,1.5311,1.6243,3.3138,1.4184,2.9014,3.3763,0.61216,2.4145,2.9398,0.88459,2.4504,3.0413,0.22433,2.6062,3.3116,1.6438,2.3235,4.1783,0.61696,2.4203,2.8847,0.98508,2.3173,3.5393,1.3961,1.7608,4.2719,0.3101,2.3383,3.3444,1.5236,1.5917,3.307,0.58632,2.4207,2.9164,3.4647,2.8406,0.12965,1.9096,2.5505,3.9933,2.0556,2.1984,4.6691,2.3192,2.7472,4.9131,1.9196,1.8761,3.8438,1.2869,1.709,3.7198,2.2087,2.1107,5.0005,1.3647,2.6028,3.9186,1.1144,3.0556,2.9387,4.7887,2.8849,0.4805,1.4159,2.7202,4.4731,1.9094,1.8988,3.8835,1.329,2.6538,2.9704,0.67477,2.7334,3.3156,1.0217,2.8996,4.2034,0.78879,2.542,2.7535,0.66472,2.0266,2.8996,0.55156,2.4173,3.375,1.5468,2.1498,4.3187,1.5105,2.7296,4.5338,0.51611,2.0067,2.9389,2.0055,1.8331,3.8029,1.1864,1.7632,3.7086,2.2188,2.6604,4.6496,1.3406,1.6697,4.0979,1.3229,2.143,3.1311,0.59148,2.0327,2.9763,0.54266,2.4272,2.677,1.6764,2.3871,4.1917,2.2345,2.6314,4.707,0.54742,2.0357,2.9246,1.5772,1.6782,3.3533,0.13432,3.0654,1.9932,0.66799,2.5596,2.6503,3.1496,2.732,6.1633,0.22511,2.8828,2.923,4.6855,2.9149,0.37771,2.2532,2.3153,3.5636,1.2977,3.0113,4.1451,1.281,2.3982,3.4331,1.0814,3.0414,3.9377,2.3292,2.2356,3.7316,1.1778,1.7277,3.7116,2.4233,2.3602,4.5905,2.5165,2.696,4.1069,1.3306,2.6687,4.3683,1.9168,1.8027,3.8121,1.2333,2.6752,3.7586,2.2882,2.4205,4.847,1.63,2.5541,3.5017,2.1654,2.2538,4.1506,0.75706,1.929,3.3145,2.2343,2.3985,3.6351,2.2552,2.3811,3.6114,2.2536,1.9809,4.9892,2.5843,2.2661,4.7752,2.3247,2.2433,3.7521,1.3564,1.5727,3.8864,2.2442,2.6662,4.7157,1.9194,1.8362,3.8216,0.76895,2.1088,4.0909,1.5989,1.7267,4.2367,2.2442,2.6486,4.7229,1.4481,2.3859,3.2685,6.0733,2.9131,2.3847,1.8365,1.7735,3.524,1.8573,2.9105,4.14,2.1171,1.9518,4.8568,1.2,2.5856,4.3667,1.9632,2.1362,4.8834,1.6095,1.6851,3.961,1.6162,2.0208,3.305,1.1123,2.6732,3.6588,1.0217,2.769,3.8967,1.4682,2.4636,3.8995,1.1774,2.6924,3.6807,1.8122,1.6365,4.0684,0.93684,2.4518,2.8344,1.9537,2.1123,4.4347,0.30444,2.7512,3.0688,1.0496,1.9274,4.2713,0.98943,2.2914,3.1031,1.6816,2.4031,4.5959,0.95489,2.031,2.8615,0.72285,1.9689,2.7296,1.6,1.6777,3.9666,0.95682,2.4409,2.8647,1.3396,1.5696,3.8466,2.7053,2.5688,4.5757,1.083,2.1776,3.5949,1.1655,2.7241,3.6802,1.974,1.9778,4.4948,1.0272,1.944,4.2443,1.8635,1.6919,3.4639,1.6562,2.5336,3.99,2.1461,2.5411,4.8847,2.1065,2.3985,3.6615,1.2841,3.0234,3.495,1.4551,1.5019,4.1994,0.61382,2.9879,3.6289,1.6111,1.6601,4.1985,0.73186,1.9859,2.7338,0.72188,2.1982,3.9627,2.6484,2.5943,4.5173,2.0459,2.0906,3.4241,1.4273,2.8151,3.5597,1.0678,2.2692,3.5737,2.5653,2.0429,4.5445,1.4727,1.7212,4.4199,1.5793,2.569,3.6211,2.0553,2.3652,4.1148,2.6314,2.3376,4.9197,0.52637,2.5194,3.0566
1535.0,15.571,79.114,15.468,0.1978,4361.9,1.4345,1.7596,4.0903,1.2847,2.2423,4.2788,1.1259,1.923,4.2431,2.4508,2.6226,4.2985,0.85442,2.0282,4.286,1.5042,2.5894,3.8826,3.3907,2.7994,5.8416,1.1042,1.9304,4.2457,1.7407,1.5845,4.2074,1.296,2.2225,4.3283,0.82475,2.0658,4.2152,3.0082,2.8259,4.5892,5.4334,2.6557,1.1452,1.3596,2.6807,3.7456,0.86001,2.1372,2.9576,2.607,2.1966,4.7024,1.4671,1.6581,3.9522,0.57691,2.6786,3.6961,2.0449,1.7876,3.5253,1.0228,2.3873,3.1742,0.83168,2.3112,3.1985,1.7417,1.6808,3.4367,1.8329,2.7155,4.0881,1.795,1.7689,3.4311,1.4058,1.6069,3.9944,0.36884,2.2031,3.0648,2.1899,2.4439,4.5779,1.4757,1.7504,3.2197,0.81048,2.0096,2.7264,3.5159,2.7945,0.058731,2.0926,1.8541,3.5876,0.99406,2.7598,2.9057,1.8844,2.6145,4.1219,0.6899,1.9812,2.8101,1.0303,2.3978,3.1732,1.9623,1.9327,4.572,1.792,1.6212,3.9076,0.58793,2.2066,3.8103,1.2434,2.6163,3.8178,0.83598,2.1757,3.0832,2.8026,2.3976,4.6007,2.2147,2.2967,4.8873,1.5229,1.645,3.9726,1.9406,1.9196,4.5388,1.5748,2.2724,3.2495,0.68534,2.194,2.9922,2.4326,2.4372,4.4249,1.8066,2.5865,4.5284,1.809,2.6303,4.5698,2.8557,2.4215,4.7254,1.2505,2.5912,3.7929,1.8239,2.2843,4.4125,1.7314,2.895,3.6301,0.67754,2.4848,2.6069,1.4704,2.166,4.646,1.9332,2.9267,3.8435,0.2303,2.4095,3.2332,1.6758,1.525,4.0601,0.66867,2.064,3.0152,2.2399,2.237,4.639,0.87439,2.4604,3.3702,0.87979,2.1609,3.1187,0.22677,2.8844,1.8018,2.0814,2.0351,4.7172,2.7171,2.4336,4.6063,2.4813,2.2068,4.9771,1.9022,2.5903,4.1706,1.0682,1.6567,4.0911,4.6348,2.8351,0.50504,0.83752,2.1128,3.0289,1.3087,2.0597,4.3768,1.0184,2.1132,3.4454,2.0055,2.6088,4.2094,1.777,1.4341,4.0821,1.2623,2.5112,3.17,0.81573,2.4761,3.7332,2.1029,1.8207,3.6374,1.4991,2.457,3.4291,1.6309,2.5459,3.7205,1.5684,1.5485,4.2586,1.8267,2.5839,4.2578,1.9196,2.5863,4.3762,3.5216,2.7572,6.2672,1.756,1.4799,4.0932,1.8019,1.9752,3.455,2.0073,2.9047,4.8305,1.2525,2.5262,3.2239,2.5706,2.4336,4.9008,1.1175,2.603,4.0584,1.5311,2.4476,3.4593,1.113,1.8406,4.0689,1.6975,1.5187,4.0424,1.7598,1.9824,3.4111,0.29433,2.9133,3.3598,2.9358,2.2992,4.6914,1.2912,1.9341,4.2281,1.3792,2.6126,3.5616,1.4297,2.4581,3.3597,1.9064,1.8481,3.6165,1.9488,2.4735,4.0582,1.0323,2.2829,3.1522,2.5429,1.973,5.1453,1.2937,2.6094,3.4426,1.3695,2.4933,3.2944,0.4055,2.9151,3.4533,0.62382,1.858,2.7631,1.6243,1.9615,4.5332,1.4529,1.758,4.166,5.3121,2.8554,1.6253,0.80777,2.0941,2.8185,1.0724,2.6599,4.0584,2.3109,2.5354,3.6121,2.5252,2.4061,4.8343,2.9046,2.6547,4.6048,2.0961,2.5011,4.4484,2.3682,2.1728,4.2908,0.74027,2.1048,3.2295,0.50566,2.4335,3.065,0.5837,2.1524,3.6906,2.3952,2.4288,4.5178,0.91594,2.4342,3.0139,1.2322,1.6397,4.2705,1.6754,2.029,3.4031,6.0045,2.6589,1.741,3.4671,2.9078,0.20334,0.85979,2.3806,3.069,1.682,1.6229,4.0533,1.5155,1.908,3.1744,0.78462,2.4349,2.9386,2.157,2.3335,4.8565,1.2287,2.5748,3.1956,1.0198,1.9396,3.517,0.39257,1.9785,3.3243,1.7339,2.0172,3.3801,2.3842,2.1669,4.2641,2.2161,2.1327,5.0134,1.248,1.6567,3.8429,0.69948,1.9795,2.7816,2.2267,2.1509,5.0549,2.3758,2.2512,4.578,1.5775,2.4542,3.9668,4.4735,2.8599,0.40042,1.9511,2.4441,4.0341,0.80747,1.9568,4.106,1.3397,2.6372,4.2999,3.802,2.8027,0.091467,1.5512,1.6507,3.3047,0.20969,2.3019,3.2534,5.0544,2.8672,1.0099,0.69976,2.7411,3.4194,1.3832,2.5417,3.06,2.1737,2.0799,4.932,1.4719,1.9961,4.418,1.5311,1.6239,3.3141,1.4195,2.9011,3.3775,0.61445,2.414,2.9432,0.88283,2.4505,3.0412,0.22327,2.6062,3.3104,1.6447,2.3244,4.1795,0.6191,2.42,2.8871,0.98281,2.3208,3.5359,1.3959,1.7605,4.2711,0.30986,2.3388,3.344,1.5234,1.5911,3.3073,0.5881,2.4205,2.9191,3.4712,2.8397,0.13669,1.9075,2.5503,3.992,2.0571,2.1983,4.6704,2.3111,2.7459,4.9032,1.9194,1.8738,3.8431,1.2863,1.7078,3.7202,2.2098,2.1097,5.0006,1.3645,2.6026,3.9177,1.1133,3.0554,2.9376,4.7916,2.8827,0.48373,1.4192,2.7203,4.4766,1.9093,1.8983,3.8837,1.3302,2.654,2.972,0.67839,2.7328,3.3198,1.025,2.8991,4.2069,0.79336,2.5425,2.7573,0.66485,2.0277,2.8994,0.55152,2.4171,3.3743,1.5462,2.1486,4.3204,1.5142,2.7299,4.5368,0.51449,2.0072,2.9365,2.0055,1.8322,3.8031,1.1863,1.7622,3.7094,2.2168,2.6596,4.6465,1.3398,1.6714,4.0967,1.3214,2.1426,3.1305,0.59076,2.0341,2.9746,0.54348,2.4269,2.6784,1.6779,2.3894,4.1927,2.2316,2.6296,4.7029,0.54615,2.0365,2.9223,1.5773,1.678,3.3536,0.12625,3.0656,1.9846,0.66898,2.5605,2.6507,3.1525,2.7315,6.1665,0.2291,2.8827,2.9275,4.6871,2.9139,0.37957,2.2522,2.3131,3.5608,1.2994,3.0099,4.1474,1.2791,2.3994,3.4319,1.0829,3.0406,3.94,2.3283,2.2355,3.7301,1.1777,1.7262,3.7124,2.4231,2.3603,4.5903,2.5146,2.6961,4.1071,1.3313,2.6684,4.3682,1.9168,1.7994,3.8109,1.2342,2.6733,3.7594,2.2868,2.4196,4.8442,1.6303,2.553,3.5045,2.1654,2.2549,4.1514,0.75655,1.9294,3.3137,2.2324,2.398,3.6332,2.2538,2.3804,3.6092,2.2541,1.9812,4.9894,2.5836,2.2657,4.7748,2.3238,2.2435,3.751,1.3563,1.5725,3.8869,2.242,2.6651,4.7128,1.9195,1.8342,3.8203,0.76906,2.1081,4.0925,1.5989,1.7252,4.2364,2.2414,2.6474,4.7193,1.4481,2.3859,3.2684,6.0764,2.9134,2.3882,1.8365,1.773,3.5245,1.8556,2.909,4.1377,2.1185,1.9515,4.8578,1.2009,2.5854,4.3678,1.9637,2.1358,4.8833,1.6096,1.6837,3.961,1.6164,2.0209,3.3041,1.1131,2.6719,3.6593,1.0226,2.7685,3.8969,1.4692,2.4639,3.9004,1.1777,2.6912,3.6807,1.8118,1.6347,4.0682,0.93706,2.4517,2.8348,1.9543,2.1128,4.4352,0.30649,2.7504,3.0706,1.0494,1.9271,4.2715,0.98955,2.291,3.1039,1.682,2.4029,4.596,0.95465,2.0303,2.8618,0.72268,1.9685,2.7296,1.5998,1.6766,3.9666,0.95712,2.4408,2.8654,1.3392,1.5691,3.8468,2.7049,2.5687,4.5755,1.083,2.1779,3.5947,1.1657,2.7237,3.6803,1.974,1.9775,4.4949,1.0269,1.9437,4.2444,1.8635,1.6919,3.464,1.6561,2.5339,3.9898,2.1463,2.541,4.8841,2.1062,2.3987,3.6611,1.2848,3.0229,3.4954,1.4551,1.5019,4.1991,0.61355,2.9877,3.6288,1.6112,1.6593,4.1982,0.73177,1.9855,2.7339,0.72222,2.1982,3.9629,2.6481,2.5941,4.5171,2.0463,2.0901,3.4237,1.4278,2.8143,3.5603,1.0675,2.2699,3.5732,2.5656,2.0432,4.5451,1.4725,1.721,4.4199,1.5791,2.5689,3.6214,2.0553,2.3659,4.1151,2.6311,2.3375,4.9193,0.52691,2.5193,3.0573
1535.0,15.571,79.114,15.468,0.20571,4250.8,1.4302,1.7562,4.0878,1.2859,2.2428,4.2814,1.1228,1.9228,4.242,2.4504,2.6212,4.3005,0.85407,2.0286,4.2864,1.5028,2.594,3.8807,3.4104,2.7942,0.038345,1.0992,1.9314,4.2441,1.7412,1.5826,4.2061,1.2975,2.2236,4.3323,0.82384,2.0685,4.2151,3.0103,2.8254,4.5914,5.423,2.6487,1.1332,1.3616,2.6813,3.7482,0.85439,2.1388,2.9526,2.6209,2.2066,4.7255,1.4677,1.6657,3.9554,0.56931,2.6866,3.6801,2.0459,1.7889,3.5271,0.99953,2.3932,3.1577,0.0081214,2.3097,3.1671,1.7383,1.6824,3.4413,1.8289,2.7179,4.0842,1.7957,1.7749,3.4346,1.4024,1.6102,3.9948,0.36458,2.2087,3.052,2.2066,2.4517,4.5985,1.4765,1.7584,3.2225,0.80699,2.0176,2.723,3.5779,2.781,0.15853,2.1014,1.859,3.6,0.99221,2.7633,2.9048,1.8917,2.6194,4.1321,0.69072,1.9905,2.8066,1.017,2.3965,3.1752,1.9722,1.9353,4.5828,1.8026,1.6247,3.912,0.60066,2.2067,3.8219,1.2541,2.626,3.83,0.81932,2.1851,3.0664,2.8299,2.4028,4.6304,2.2271,2.3086,4.906,1.5281,1.6395,3.9749,1.9509,1.9192,4.5454,1.5922,2.2856,3.2547,0.68117,2.1945,2.9954,2.4264,2.4358,4.4261,1.7897,2.583,4.4892,1.8021,2.6345,4.5445,2.8747,2.4252,4.7486,1.2402,2.6025,3.7698,1.8389,2.2849,4.4192,1.7173,2.8792,3.6148,0.68758,2.4842,2.6123,1.4552,2.1803,4.6336,1.9237,2.9085,3.8326,0.22018,2.4101,3.2223,1.6769,1.5159,4.0567,0.66864,2.0602,3.0172,2.2328,2.2308,4.6269,0.87908,2.4398,3.3925,0.88192,2.1606,3.1267,0.10836,2.8832,1.8142,2.0883,2.0343,4.7228,2.7107,2.4325,4.6086,2.4767,2.1951,4.9693,1.8957,2.5788,4.1627,1.0646,1.6305,4.1094,4.6133,2.841,0.48574,0.84619,2.1084,3.0469,1.3107,2.0553,4.3814,1.0166,2.1126,3.4445,1.9865,2.5939,4.1856,1.7843,1.4085,4.071,1.2657,2.5067,3.173,0.82009,2.4739,3.7353,2.1036,1.8147,3.632,1.4947,2.4529,3.4293,1.6347,2.5357,3.734,1.5608,1.5422,4.2613,1.8173,2.5681,4.2448,1.9106,2.5702,4.3646,3.5194,2.7572,6.2639,1.7582,1.4725,4.0891,1.8037,1.9723,3.4546,2.0014,2.901,4.8254,1.2546,2.5237,3.227,2.5685,2.4331,4.8979,1.1203,2.6005,4.0599,1.5285,2.4458,3.4589,1.1118,1.8387,4.0702,1.6986,1.5152,4.041,1.7606,1.981,3.4105,0.29869,2.9123,3.3647,2.9352,2.299,4.6917,1.29,1.9334,4.2286,1.3829,2.609,3.5681,1.4291,2.4575,3.3596,1.9075,1.8399,3.6116,1.9484,2.4748,4.0587,1.0315,2.2806,3.1531,2.5425,1.9714,5.1446,1.2975,2.6069,3.449,1.3681,2.4933,3.2934,0.40675,2.9144,3.4547,0.62282,1.8579,2.7622,1.6229,1.9607,4.5339,1.4519,1.7556,4.1674,5.3109,2.8549,1.624,0.80762,2.0939,2.8192,1.0731,2.66,4.0594,2.312,2.535,3.612,2.5236,2.4056,4.8324,2.9053,2.6539,4.6055,2.0958,2.5009,4.4477,2.3678,2.1732,4.2914,0.73938,2.1057,3.2283,0.50727,2.4331,3.067,0.58281,2.1521,3.6907,2.3953,2.4282,4.5187,0.91709,2.4339,3.0158,1.2317,1.6401,4.2702,1.6748,2.0293,3.4024,6.0019,2.6582,1.7384,3.4669,2.9074,0.20349,0.85954,2.3801,3.0699,1.6822,1.623,4.0531,1.5151,1.9086,3.1742,0.78424,2.4347,2.9386,2.1572,2.3335,4.8557,1.2293,2.5749,3.1973,1.0195,1.9392,3.5175,0.39145,1.9787,3.3251,1.734,2.0174,3.3789,2.3839,2.1681,4.2652,2.2165,2.1323,5.0134,1.2472,1.6563,3.843,0.69972,1.9796,2.782,2.2274,2.1507,5.0556,2.3764,2.2518,4.5791,1.5775,2.4557,3.9667,4.4761,2.858,0.40363,1.9511,2.4454,4.0346,0.80715,1.957,4.1056,1.3421,2.6379,4.3019,3.8043,2.8023,0.094161,1.5512,1.6511,3.3049,0.20801,2.3017,3.252,5.0542,2.8654,1.0109,0.69949,2.7408,3.4191,1.3842,2.5421,3.0612,2.1741,2.079,4.9317,1.4716,1.9951,4.4185,1.5311,1.6237,3.3143,1.4203,2.9009,3.3785,0.61569,2.4137,2.9452,0.8815,2.4506,3.041,0.22234,2.6062,3.3094,1.6451,2.3248,4.1802,0.62029,2.4198,2.8885,0.98123,2.3232,3.5336,1.3957,1.7602,4.2705,0.30963,2.3392,3.3438,1.5233,1.5908,3.3076,0.58913,2.4203,2.9208,3.4754,2.8392,0.14126,1.9061,2.5501,3.9912,2.0579,2.1982,4.6712,2.3057,2.7451,4.8965,1.9191,1.8722,3.8426,1.2857,1.7072,3.7204,2.2103,2.109,5.0007,1.3644,2.6024,3.9172,1.1128,3.0553,2.937,4.7937,2.8812,0.48608,1.4214,2.7203,4.479,1.9093,1.898,3.8838,1.3309,2.6541,2.9731,0.68052,2.7324,3.3224,1.0273,2.8986,4.2094,0.79638,2.5429,2.76,0.66495,2.0284,2.8993,0.55142,2.417,3.3739,1.5458,2.1479,4.3216,1.5167,2.7301,4.539,0.51343,2.0075,2.9351,2.0055,1.8318,3.8033,1.1861,1.7617,3.7098,2.2156,2.6592,4.6446,1.3392,1.6726,4.096,1.3203,2.1423,3.1302,0.59024,2.035,2.9734,0.54396,2.4268,2.6792,1.6788,2.3908,4.1934,2.2297,2.6284,4.7003,0.54533,2.0369,2.921,1.5773,1.6778,3.3539,0.12165,3.0658,1.9798,0.66962,2.5609,2.6512,3.1541,2.7313,6.1684,0.23129,2.8827,2.9301,4.6884,2.9134,0.38095,2.2517,2.3116,3.5589,1.3006,3.0091,4.1488,1.2778,2.4,3.4313,1.0838,3.0403,3.9413,2.3277,2.2355,3.7291,1.1776,1.7252,3.7129,2.4231,2.3604,4.5901,2.5133,2.6961,4.1071,1.3316,2.6682,4.3681,1.9168,1.7972,3.81,1.2347,2.6721,3.7598,2.286,2.4191,4.8425,1.6306,2.5523,3.5063,2.1655,2.2556,4.1518,0.75625,1.9297,3.3132,2.2311,2.3976,3.6318,2.2528,2.3799,3.6076,2.2543,1.9813,4.9894,2.5832,2.2655,4.7744,2.3232,2.2436,3.7503,1.3562,1.5722,3.8872,2.2407,2.6644,4.7109,1.9196,1.8328,3.8195,0.76915,2.1076,4.0936,1.5988,1.7242,4.2362,2.2395,2.6467,4.717,1.448,2.3859,3.2684,6.0783,2.9137,2.3903,1.8366,1.7728,3.5248,1.8544,2.9081,4.1364,2.1193,1.9512,4.8583,1.2015,2.5852,4.3685,1.964,2.1355,4.8831,1.6097,1.6828,3.9609,1.6165,2.0209,3.3037,1.1135,2.6711,3.6596,1.0232,2.7681,3.8971,1.4698,2.4641,3.9008,1.178,2.6904,3.6807,1.8115,1.6334,4.0682,0.93719,2.4516,2.8352,1.9548,2.1131,4.4356,0.30778,2.75,3.0718,1.0492,1.9269,4.2718,0.98958,2.2906,3.1044,1.6823,2.4028,4.5961,0.95449,2.0299,2.8621,0.72258,1.9683,2.7297,1.5997,1.6759,3.9666,0.95731,2.4407,2.8658,1.339,1.5688,3.8469,2.7047,2.5686,4.5752,1.0829,2.1782,3.5946,1.1659,2.7234,3.6804,1.9738,1.9773,4.4949,1.0268,1.9435,4.2446,1.8636,1.6919,3.464,1.656,2.5341,3.9898,2.1464,2.5408,4.8837,2.1058,2.3987,3.6607,1.2852,3.0227,3.4958,1.4552,1.5018,4.1989,0.6135,2.9877,3.6288,1.6112,1.6589,4.1979,0.73171,1.9853,2.7339,0.72245,2.1983,3.963,2.648,2.594,4.517,2.0464,2.0898,3.4233,1.4282,2.8139,3.5608,1.0673,2.2704,3.5729,2.5658,2.0434,4.5455,1.4724,1.7209,4.4199,1.5789,2.5687,3.6216,2.0553,2.3664,4.1154,2.6309,2.3374,4.919,0.52723,2.5193,3.0576
1535.0,15.571,79.114,15.468,0.21362,4125.4,1.4265,1.7538,4.0859,1.2868,2.2432,4.2833,1.1203,1.9233,4.241,2.4504,2.6201,4.3025,0.85379,2.0289,4.2865,1.5016,2.598,3.8788,3.4293,2.7892,0.053589,1.0948,1.9336,4.2421,1.7418,1.5818,4.2054,1.2987,2.2248,4.3356,0.82298,2.071,4.2148,3.0118,2.8251,4.5929,5.4141,2.6427,1.1231,1.3631,2.6828,3.7501,0.84937,2.1406,2.9477,2.6353,2.2164,4.7492,1.4683,1.6741,3.9584,0.56148,2.694,3.6647,2.0465,1.7899,3.5285,0.97347,2.401,3.1379,6.2402,2.308,3.1363,1.7349,1.6852,3.446,1.8258,2.7224,4.0818,1.7964,1.7813,3.4384,1.3982,1.6146,3.9928,0.35986,2.2139,3.0392,2.2243,2.4596,4.6208,1.4771,1.7669,3.2255,0.80254,2.0264,2.7184,3.6421,2.7644,0.22856,2.1085,1.8635,3.6106,0.99095,2.7662,2.9041,1.8983,2.6239,4.1415,0.69012,2.0008,2.8009,1.0016,2.395,3.176,1.9837,1.9386,4.595,1.8135,1.6312,3.9165,0.61311,2.207,3.8334,1.2662,2.6359,3.8438,0.80228,2.1954,3.0492,2.8583,2.4072,4.6603,2.2383,2.3187,4.9228,1.5341,1.6326,3.977,1.9629,1.9181,4.5528,1.611,2.3007,3.2621,0.67868,2.1941,3.0036,2.4179,2.4326,4.4258,1.7729,2.578,4.4504,1.7958,2.6388,4.5198,2.881,2.4288,4.7537,1.2284,2.6143,3.7451,1.8545,2.284,4.4255,1.7027,2.8622,3.5994,0.6966,2.4822,2.6169,1.4372,2.1944,4.6184,1.9148,2.8881,3.8226,0.21239,2.4111,3.2143,1.678,1.5064,4.0529,0.66903,2.0555,3.0203,2.2254,2.2239,4.6142,0.8803,2.4187,3.4129,0.88651,2.1603,3.1385,0.015777,2.8821,1.8294,2.0945,2.0327,4.7273,2.6984,2.4291,4.6033,2.4728,2.1849,4.9614,1.8901,2.5686,4.1559,1.061,1.6039,4.128,4.5881,2.8469,0.46008,0.85659,2.104,3.0668,1.3126,2.0509,4.3855,1.0152,2.1116,3.4441,1.9682,2.5786,4.1625,1.7925,1.3815,4.0591,1.2685,2.5023,3.1755,0.82429,2.4716,3.7377,2.104,1.809,3.627,1.4913,2.4479,3.4303,1.638,2.5251,3.7454,1.5546,1.5362,4.264,1.8097,2.5543,4.2344,1.9031,2.556,4.3539,3.5169,2.7574,6.2602,1.76,1.4653,4.0852,1.8051,1.9697,3.4543,1.9965,2.8978,4.8209,1.2562,2.5215,3.2296,2.5669,2.4326,4.8955,1.123,2.5985,4.0615,1.5265,2.4442,3.4584,1.1112,1.8372,4.0711,1.6993,1.512,4.0398,1.7612,1.9799,3.41,0.30292,2.9116,3.3693,2.9345,2.2988,4.6916,1.2891,1.9327,4.2289,1.3857,2.606,3.5727,1.4287,2.457,3.3596,1.9081,1.8325,3.6074,1.948,2.4756,4.059,1.031,2.2783,3.1541,2.5424,1.9703,5.1441,1.3006,2.6045,3.4537,1.367,2.4933,3.2926,0.40785,2.9139,3.4559,0.6221,1.8577,2.7619,1.6222,1.9602,4.5342,1.4514,1.7538,4.1684,5.3101,2.8547,1.6232,0.80757,2.0937,2.8198,1.0737,2.66,4.0604,2.3125,2.5348,3.612,2.5225,2.4053,4.8311,2.9055,2.6533,4.6058,2.0957,2.5008,4.4473,2.3674,2.1733,4.2915,0.73887,2.106,3.2277,0.50824,2.4328,3.0683,0.58216,2.1519,3.6909,2.3954,2.4279,4.5191,0.91768,2.4337,3.017,1.2314,1.6403,4.27,1.6744,2.0296,3.402,6.0004,2.6578,1.7368,3.4664,2.9072,0.20328,0.85934,2.3799,3.0703,1.6824,1.6231,4.053,1.5147,1.9089,3.1741,0.78394,2.4347,2.9386,2.1574,2.3335,4.8553,1.2297,2.5749,3.1986,1.0192,1.939,3.5178,0.39093,1.9787,3.3255,1.7341,2.0176,3.3782,2.3837,2.1688,4.2659,2.2168,2.1321,5.0134,1.2468,1.6561,3.8429,0.69988,1.9796,2.7822,2.2278,2.1505,5.0561,2.3768,2.2522,4.5796,1.5775,2.4566,3.9666,4.4777,2.8568,0.40581,1.951,2.4462,4.0349,0.807,1.9571,4.1054,1.3436,2.6383,4.3033,3.8056,2.8021,0.09578,1.5511,1.6512,3.305,0.20688,2.3016,3.2511,5.0541,2.8643,1.0116,0.69921,2.7406,3.4188,1.3849,2.5424,3.062,2.1744,2.0785,4.9315,1.4715,1.9946,4.4187,1.5311,1.6236,3.3143,1.4207,2.9008,3.3792,0.61636,2.4136,2.9464,0.88051,2.4506,3.0409,0.22168,2.6062,3.3087,1.6454,2.3251,4.1807,0.62096,2.4197,2.8893,0.98018,2.3248,3.5322,1.3956,1.7601,4.2702,0.30948,2.3394,3.3438,1.5232,1.5906,3.3077,0.58973,2.4202,2.9217,3.478,2.8389,0.14413,1.9053,2.5501,3.9906,2.0584,2.1981,4.6716,2.3021,2.7446,4.8921,1.919,1.8713,3.8424,1.2854,1.7069,3.7205,2.2107,2.1086,5.0008,1.3644,2.6024,3.917,1.1125,3.0552,2.9368,4.7952,2.8802,0.48774,1.4228,2.7203,4.4806,1.9093,1.8978,3.8838,1.3314,2.6542,2.9739,0.68173,2.7322,3.3239,1.0287,2.8984,4.211,0.79833,2.543,2.7617,0.66505,2.0287,2.8992,0.55129,2.4169,3.3737,1.5455,2.1474,4.3223,1.5182,2.7302,4.5404,0.51282,2.0077,2.9343,2.0054,1.8315,3.8034,1.186,1.7614,3.71,2.215,2.6589,4.6437,1.3389,1.6732,4.0956,1.3195,2.1421,3.1299,0.58988,2.0356,2.9728,0.54424,2.4267,2.6796,1.6794,2.3916,4.1937,2.2285,2.6277,4.6987,0.54482,2.0372,2.9202,1.5773,1.6777,3.354,0.11914,3.0659,1.9773,0.67005,2.5612,2.6515,3.1549,2.7311,6.1693,0.23248,2.8826,2.9315,4.6893,2.9131,0.38194,2.2514,2.3106,3.5578,1.3012,3.0087,4.1495,1.2771,2.4004,3.4309,1.0843,3.04,3.9421,2.3272,2.2355,3.7285,1.1775,1.7247,3.7131,2.4231,2.3604,4.59,2.5126,2.6961,4.1071,1.3319,2.6681,4.368,1.9167,1.7957,3.8096,1.235,2.6714,3.7601,2.2856,2.4189,4.8415,1.6307,2.5518,3.5073,2.1655,2.2559,4.152,0.75608,1.9298,3.313,2.2303,2.3974,3.631,2.2522,2.3795,3.6066,2.2544,1.9814,4.9894,2.583,2.2654,4.7742,2.3227,2.2436,3.7499,1.3561,1.5721,3.8874,2.2399,2.664,4.7098,1.9196,1.832,3.819,0.76921,2.1074,4.0942,1.5988,1.7237,4.2361,2.2384,2.6462,4.7156,1.4479,2.3859,3.2684,6.0794,2.9138,2.3915,1.8366,1.7727,3.5249,1.8538,2.9076,4.1356,2.1198,1.9511,4.8586,1.2019,2.5851,4.3689,1.9641,2.1353,4.883,1.6097,1.6823,3.9609,1.6165,2.0209,3.3034,1.1138,2.6707,3.6597,1.0235,2.7679,3.8972,1.4701,2.4642,3.9011,1.1781,2.69,3.6807,1.8114,1.6328,4.0682,0.93729,2.4516,2.8354,1.955,2.1133,4.4358,0.30858,2.7497,3.0724,1.0491,1.9267,4.2719,0.98957,2.2904,3.1047,1.6825,2.4027,4.5961,0.95439,2.0297,2.8623,0.72253,1.9681,2.7297,1.5996,1.6755,3.9666,0.95743,2.4406,2.8661,1.3389,1.5687,3.8469,2.7045,2.5685,4.5751,1.0828,2.1784,3.5945,1.166,2.7233,3.6804,1.9738,1.9772,4.4949,1.0267,1.9434,4.2447,1.8636,1.6919,3.4641,1.656,2.5343,3.9897,2.1464,2.5407,4.8834,2.1056,2.3988,3.6605,1.2855,3.0225,3.496,1.4552,1.5018,4.1987,0.61355,2.9876,3.6288,1.6112,1.6587,4.1978,0.73168,1.9852,2.734,0.7226,2.1984,3.9631,2.6479,2.594,4.517,2.0465,2.0897,3.4231,1.4284,2.8136,3.5611,1.0672,2.2706,3.5727,2.5658,2.0435,4.5457,1.4724,1.7209,4.42,1.5787,2.5687,3.6216,2.0553,2.3666,4.1155,2.6308,2.3373,4.9188,0.52741,2.5193,3.0578
1535.0,15.571,79.114,15.468,0.22153,3963.8,1.4238,1.7525,4.0843,1.2874,2.2436,4.2847,1.1187,1.9246,4.2399,2.4506,2.6197,4.304,0.85361,2.0292,4.2865,1.5004,2.6014,3.8772,3.4456,2.785,0.072383,1.0915,1.9372,4.2398,1.7424,1.5816,4.2049,1.2996,2.2259,4.3378,0.82231,2.073,4.2142,3.0127,2.8249,4.5939,5.4074,2.638,1.1155,1.3638,2.6848,3.7511,0.8453,2.1428,2.9435,2.6503,2.2259,4.7734,1.4687,1.6837,3.961,0.55457,2.7003,3.6519,2.0471,1.7905,3.5294,0.9439,2.4115,3.1129,6.2176,2.3056,3.1078,1.7318,1.6897,3.4504,1.824,2.7304,4.0811,1.7971,1.7883,3.4421,1.3937,1.6229,3.988,0.35466,2.2189,3.0267,2.2424,2.4675,4.6435,1.4778,1.7746,3.2283,0.79632,2.0368,2.7108,3.7093,2.7438,0.303,2.1137,1.8671,3.6188,0.99002,2.7684,2.9035,1.9036,2.6281,4.1489,0.68689,2.0131,2.7911,0.98198,2.3938,3.1742,1.9975,1.9433,4.6097,1.8243,1.6438,3.9211,0.62485,2.2081,3.8442,1.2802,2.6493,3.8598,0.78373,2.2076,3.0297,2.8888,2.4099,4.6919,2.2483,2.3277,4.9378,1.5407,1.6242,3.9799,1.9774,1.9177,4.5624,1.6298,2.3164,3.2712,0.67892,2.192,3.0195,2.4066,2.4258,4.424,1.755,2.5713,4.4105,1.791,2.6435,4.4968,2.8777,2.4328,4.7432,1.2136,2.6305,3.7182,1.8705,2.2812,4.4301,1.6868,2.8434,3.5824,0.70547,2.4785,2.6211,1.4155,2.2085,4.5992,1.9061,2.8659,3.8124,0.20343,2.4134,3.2052,1.6791,1.496,4.0481,0.67027,2.0497,3.0251,2.2171,2.2158,4.6002,0.88077,2.3944,3.4365,0.89282,2.16,3.1533,0.032716,2.8808,1.8471,2.0998,2.03,4.7298,2.682,2.4221,4.5924,2.4693,2.1758,4.951,1.8855,2.5601,4.1501,1.0577,1.5723,4.1492,4.5613,2.854,0.43157,0.86846,2.0983,3.0884,1.3142,2.0467,4.3887,1.0143,2.1102,3.4444,1.9496,2.5617,4.1381,1.8016,1.3513,4.0458,1.2708,2.4982,3.1775,0.82806,2.469,3.7402,2.1041,1.8043,3.6229,1.4893,2.4428,3.4322,1.6405,2.5144,3.7543,1.5497,1.5304,4.2665,1.8041,2.5429,4.2264,1.8966,2.544,4.3446,3.5144,2.7576,6.2568,1.7616,1.459,4.0819,1.806,1.9674,3.454,1.9925,2.8953,4.817,1.2574,2.5197,3.2314,2.5656,2.4321,4.8938,1.1249,2.5968,4.063,1.5249,2.4426,3.4579,1.1109,1.8361,4.0717,1.7,1.5097,4.039,1.7616,1.9792,3.4097,0.30659,2.911,3.3734,2.934,2.2987,4.6914,1.2885,1.9322,4.2292,1.3876,2.6036,3.5758,1.4283,2.4566,3.3595,1.9083,1.8266,3.6042,1.9477,2.4762,4.059,1.0308,2.2761,3.1553,2.5423,1.9698,5.1436,1.3027,2.6018,3.4573,1.3663,2.4933,3.292,0.40874,2.9136,3.4568,0.62161,1.8575,2.7618,1.6218,1.9599,4.5344,1.451,1.7523,4.1691,5.3097,2.8545,1.6228,0.80754,2.0935,2.8202,1.0744,2.6598,4.0611,2.3128,2.5346,3.612,2.5218,2.405,4.8304,2.9055,2.653,4.6059,2.0957,2.5008,4.4471,2.3671,2.1733,4.2914,0.73862,2.1062,3.2274,0.50864,2.4326,3.0689,0.58168,2.1517,3.6911,2.3955,2.4277,4.5193,0.91783,2.4336,3.0175,1.2312,1.6404,4.2699,1.6741,2.0299,3.4016,5.9996,2.6574,1.736,3.4659,2.9072,0.2029,0.85921,2.3797,3.0704,1.6825,1.6232,4.053,1.5144,1.9091,3.174,0.78375,2.4347,2.9385,2.1575,2.3335,4.855,1.2298,2.5749,3.1993,1.019,1.9389,3.518,0.3908,1.9788,3.3256,1.7341,2.0178,3.3776,2.3835,2.1691,4.2662,2.2169,2.132,5.0134,1.2465,1.656,3.8428,0.69996,1.9796,2.7824,2.228,2.1505,5.0564,2.3772,2.2525,4.5799,1.5775,2.4573,3.9666,4.4787,2.8561,0.40704,1.951,2.4468,4.035,0.807,1.9572,4.1052,1.3445,2.6386,4.3042,3.8062,2.802,0.09652,1.5509,1.6514,3.305,0.20624,2.3016,3.2508,5.0539,2.8638,1.012,0.69898,2.7406,3.4185,1.3853,2.5426,3.0626,2.1745,2.0781,4.9313,1.4714,1.9944,4.4188,1.5311,1.6235,3.3143,1.4208,2.9007,3.3797,0.61664,2.4136,2.9468,0.87982,2.4507,3.0406,0.2213,2.6062,3.3085,1.6457,2.3252,4.181,0.62124,2.4195,2.8897,0.97959,2.3256,3.5314,1.3954,1.7601,4.2699,0.30939,2.3395,3.3438,1.5231,1.5905,3.3077,0.59002,2.4201,2.9221,3.4795,2.8388,0.14562,1.9049,2.5502,3.9902,2.0588,2.1981,4.6719,2.3003,2.7442,4.8898,1.9188,1.8708,3.8423,1.2851,1.7068,3.7206,2.2109,2.1083,5.0008,1.3645,2.6025,3.9169,1.1124,3.0552,2.9368,4.796,2.8798,0.48878,1.4236,2.7202,4.4815,1.9093,1.8978,3.8838,1.3317,2.6542,2.9742,0.68223,2.7322,3.3245,1.0295,2.8983,4.2119,0.79936,2.5431,2.7627,0.66512,2.0289,2.8992,0.55114,2.4168,3.3735,1.5453,2.1472,4.3227,1.5191,2.7302,4.5412,0.51251,2.0078,2.9339,2.0054,1.8314,3.8035,1.1859,1.7612,3.7101,2.2147,2.6588,4.6432,1.3386,1.6735,4.0953,1.3192,2.1421,3.1298,0.58963,2.036,2.9724,0.54439,2.4266,2.6799,1.6798,2.3921,4.194,2.2281,2.6273,4.6979,0.54455,2.0374,2.9197,1.5771,1.6776,3.354,0.11812,3.0659,1.9762,0.67029,2.5614,2.6517,3.1552,2.7311,6.1697,0.23295,2.8826,2.932,4.6898,2.913,0.38255,2.2511,2.3101,3.5572,1.3017,3.0084,4.1499,1.2767,2.4006,3.4307,1.0847,3.0399,3.9424,2.3269,2.2355,3.728,1.1775,1.7244,3.7132,2.4231,2.3604,4.5899,2.5121,2.6961,4.1071,1.3319,2.668,4.3679,1.9166,1.795,3.8092,1.2351,2.6709,3.7602,2.2853,2.4187,4.841,1.6309,2.5515,3.508,2.1654,2.2562,4.1521,0.756,1.9298,3.3128,2.2296,2.3972,3.6303,2.2518,2.3793,3.606,2.2543,1.9813,4.9893,2.5829,2.2653,4.774,2.3225,2.2436,3.7496,1.356,1.572,3.8876,2.2396,2.6637,4.7093,1.9195,1.8316,3.8187,0.76926,2.1072,4.0945,1.5988,1.7233,4.236,2.2378,2.646,4.7148,1.4479,2.3859,3.2684,6.0799,2.9139,2.3919,1.8366,1.7727,3.5249,1.8534,2.9073,4.1351,2.1201,1.9509,4.8587,1.2021,2.585,4.3693,1.9642,2.1351,4.8828,1.6097,1.682,3.9609,1.6164,2.0209,3.3032,1.114,2.6704,3.6599,1.0238,2.7678,3.8974,1.4702,2.4642,3.9012,1.1782,2.6897,3.6807,1.8113,1.6323,4.0683,0.93734,2.4515,2.8355,1.9552,2.1134,4.4359,0.30901,2.7496,3.0728,1.049,1.9266,4.272,0.98952,2.2903,3.105,1.6826,2.4027,4.5961,0.95433,2.0295,2.8624,0.72251,1.968,2.7298,1.5996,1.6753,3.9666,0.95749,2.4406,2.8664,1.3389,1.5686,3.8469,2.7044,2.5684,4.575,1.0828,2.1785,3.5945,1.1661,2.7232,3.6805,1.9737,1.9772,4.4949,1.0267,1.9433,4.2449,1.8636,1.6919,3.4641,1.656,2.5343,3.9897,2.1462,2.5406,4.8832,2.1055,2.3988,3.6604,1.2858,3.0225,3.4962,1.4552,1.5017,4.1987,0.61367,2.9876,3.6289,1.6112,1.6586,4.1978,0.73165,1.9851,2.734,0.7227,2.1984,3.9632,2.6479,2.5939,4.517,2.0465,2.0896,3.423,1.4286,2.8135,3.5613,1.067,2.2708,3.5727,2.5659,2.0435,4.5458,1.4723,1.7208,4.42,1.5787,2.5687,3.6216,2.0553,2.3668,4.1155,2.6307,2.3373,4.9187,0.52751,2.5193,3.0579
1535.0,15.571,79.114,15.468,0.22944,3756.4,1.422,1.7523,4.0834,1.2876,2.2439,4.2853,1.1179,1.9262,4.239,2.451,2.6194,4.3051,0.85354,2.0292,4.2864,1.4995,2.6039,3.8758,3.4576,2.7819,0.085946,1.0894,1.9413,4.2374,1.7426,1.5821,4.2048,1.3003,2.2267,4.339,0.82187,2.0745,4.2137,3.0132,2.8249,4.5946,5.4032,2.6351,1.1108,1.3638,2.6871,3.7513,0.84255,2.1447,2.9403,2.6646,2.2344,4.7961,1.4687,1.6933,3.963,0.54902,2.7047,3.6427,2.0472,1.791,3.53,0.91264,2.4239,3.0843,6.198,2.3031,3.0832,1.7291,1.6953,3.4539,1.8235,2.7424,4.0819,1.7975,1.7953,3.4457,1.3903,1.6373,3.9799,0.34978,2.223,3.0162,2.2585,2.4744,4.664,1.4783,1.7809,3.2304,0.78824,2.0484,2.6997,3.7781,2.7191,0.37994,2.1169,1.8699,3.624,0.98906,2.77,2.9028,1.9071,2.6315,4.1539,0.68011,2.0282,2.7757,0.95563,2.3936,3.1664,2.014,1.9498,4.6276,1.8339,1.6644,3.9254,0.6333,2.2101,3.8514,1.2963,2.667,3.8782,0.76437,2.2223,3.0081,2.9208,2.4107,4.7253,2.2565,2.3355,4.9506,1.5471,1.6163,3.9837,1.995,1.9185,4.5751,1.6461,2.3319,3.2802,0.68283,2.1864,3.0466,2.3914,2.4122,4.4195,1.7372,2.5624,4.3701,1.7885,2.6487,4.4778,2.8646,2.4359,4.7191,1.1939,2.6515,3.6887,1.8852,2.2743,4.431,1.6695,2.823,3.5633,0.71518,2.4718,2.6262,1.3902,2.2209,4.5778,1.8976,2.8428,3.8018,0.1928,2.4186,3.1946,1.68,1.4846,4.0426,0.6722,2.0431,3.0313,2.2085,2.2069,4.5858,0.88142,2.3688,3.4647,0.90031,2.1602,3.1721,0.050439,2.8796,1.8654,2.1034,2.0265,4.7303,2.6636,2.4117,4.5767,2.4663,2.1676,4.9384,1.8822,2.5541,4.1459,1.0551,1.5366,4.1708,4.5354,2.8616,0.40362,0.88086,2.0914,3.1107,1.3157,2.0433,4.391,1.0139,2.1082,3.4453,1.931,2.5437,4.1132,1.8114,1.3191,4.0319,1.2724,2.495,3.1789,0.83107,2.4666,3.7426,2.1038,1.8006,3.6195,1.4884,2.4376,3.4345,1.6422,2.5047,3.7602,1.5461,1.5247,4.2685,1.8007,2.5345,4.2213,1.8919,2.5352,4.3373,3.5122,2.7579,6.2541,1.7626,1.4539,4.0793,1.8065,1.9658,3.4537,1.9897,2.8936,4.814,1.2581,2.5183,3.2324,2.5649,2.4319,4.8927,1.1264,2.5955,4.0643,1.524,2.4413,3.4576,1.111,1.8353,4.0721,1.7003,1.5081,4.0384,1.7618,1.9787,3.4095,0.30944,2.9108,3.3765,2.9334,2.2987,4.691,1.2881,1.9318,4.2292,1.3889,2.6019,3.5777,1.4282,2.4564,3.3594,1.9082,1.8223,3.6019,1.9475,2.4763,4.0588,1.0309,2.2742,3.1563,2.5423,1.9695,5.1434,1.304,2.5989,3.46,1.366,2.4933,3.2918,0.40939,2.9133,3.4574,0.6213,1.8573,2.762,1.6217,1.9599,4.5344,1.4508,1.7513,4.1694,5.3096,2.8545,1.6227,0.80752,2.0935,2.8204,1.0748,2.6596,4.0617,2.3129,2.5346,3.612,2.5216,2.4049,4.83,2.9053,2.6528,4.6058,2.0958,2.5008,4.447,2.3669,2.1732,4.2912,0.73851,2.1062,3.2274,0.50872,2.4325,3.0691,0.5814,2.1516,3.6913,2.3956,2.4277,4.5193,0.91774,2.4336,3.0177,1.2312,1.6405,4.2699,1.6741,2.03,3.4015,5.9994,2.6574,1.7358,3.4653,2.9072,0.20251,0.85918,2.3797,3.0704,1.6825,1.6232,4.053,1.5141,1.9092,3.1739,0.78366,2.4348,2.9384,2.1575,2.3335,4.8549,1.2298,2.5748,3.1996,1.0187,1.9389,3.5181,0.39088,1.9788,3.3256,1.734,2.0179,3.3773,2.3833,2.1692,4.2663,2.217,2.1319,5.0133,1.2464,1.656,3.8428,0.69998,1.9796,2.7825,2.2281,2.1505,5.0565,2.3773,2.2526,4.5799,1.5775,2.4575,3.9665,4.479,2.8559,0.40765,1.9509,2.447,4.0351,0.80707,1.9572,4.1052,1.3449,2.6386,4.3046,3.8063,2.802,0.096787,1.5508,1.6514,3.305,0.20593,2.3016,3.2506,5.0538,2.8636,1.0122,0.69882,2.7406,3.4182,1.3854,2.5427,3.0629,2.1745,2.078,4.9313,1.4713,1.9944,4.4188,1.5311,1.6234,3.3142,1.4208,2.9007,3.3798,0.61674,2.4136,2.9469,0.87938,2.4508,3.0405,0.22114,2.6062,3.3084,1.6458,2.3252,4.1811,0.62128,2.4195,2.8898,0.97933,2.3261,3.5312,1.3953,1.7601,4.2699,0.30935,2.3396,3.3438,1.5231,1.5904,3.3077,0.59014,2.4201,2.9222,3.4802,2.8387,0.14629,1.9048,2.5504,3.9901,2.0588,2.1981,4.672,2.2995,2.7442,4.8887,1.9187,1.8706,3.8422,1.2849,1.7068,3.7205,2.2109,2.1082,5.0009,1.3645,2.6026,3.9168,1.1125,3.0551,2.9369,4.7966,2.8796,0.48934,1.4241,2.7202,4.482,1.9093,1.8978,3.8837,1.3318,2.6541,2.9743,0.68236,2.7322,3.3246,1.0298,2.8983,4.2122,0.79981,2.5431,2.7633,0.66518,2.0289,2.8992,0.55098,2.4167,3.3735,1.5452,2.1472,4.3229,1.5196,2.7302,4.5415,0.51239,2.0078,2.9337,2.0054,1.8314,3.8036,1.1859,1.7612,3.7101,2.2146,2.6589,4.6432,1.3386,1.6738,4.0952,1.3189,2.1421,3.1298,0.58948,2.0361,2.9723,0.54446,2.4265,2.6799,1.6799,2.3922,4.194,2.2278,2.6272,4.6977,0.54443,2.0374,2.9196,1.577,1.6776,3.354,0.11781,3.0659,1.976,0.67043,2.5614,2.6519,3.1552,2.7311,6.1697,0.23306,2.8826,2.9321,4.69,2.913,0.38287,2.2511,2.3099,3.557,1.3018,3.0084,4.1501,1.2766,2.4007,3.4307,1.085,3.0399,3.9427,2.3265,2.2355,3.7277,1.1775,1.7244,3.7132,2.4232,2.3604,4.5898,2.512,2.696,4.107,1.3319,2.668,4.3678,1.9166,1.7948,3.8091,1.2352,2.6708,3.7603,2.2852,2.4187,4.8408,1.6311,2.5513,3.5082,2.1654,2.2562,4.1521,0.75597,1.9297,3.3128,2.2293,2.3971,3.63,2.2517,2.3792,3.6058,2.2541,1.9813,4.9892,2.5829,2.2653,4.7739,2.3222,2.2436,3.7493,1.3559,1.572,3.8876,2.2395,2.6636,4.7092,1.9195,1.8315,3.8186,0.76928,2.1071,4.0945,1.5988,1.7232,4.236,2.2375,2.6459,4.7145,1.4478,2.3859,3.2683,6.0801,2.9139,2.3922,1.8367,1.7727,3.5249,1.8531,2.9072,4.135,2.1201,1.9509,4.8586,1.2022,2.585,4.3695,1.9642,2.135,4.8828,1.6097,1.682,3.9609,1.6164,2.0209,3.3031,1.114,2.6704,3.6599,1.0239,2.7677,3.8974,1.4703,2.4642,3.9011,1.1783,2.6896,3.6807,1.8113,1.6322,4.0683,0.93737,2.4515,2.8356,1.9552,2.1134,4.4359,0.30922,2.7495,3.073,1.049,1.9266,4.2721,0.98946,2.2903,3.105,1.6827,2.4026,4.5962,0.9543,2.0295,2.8625,0.72251,1.968,2.7298,1.5996,1.6752,3.9666,0.95753,2.4406,2.8664,1.3389,1.5685,3.847,2.7043,2.5684,4.575,1.0827,2.1785,3.5945,1.1661,2.7232,3.6805,1.9736,1.9771,4.4949,1.0267,1.9433,4.245,1.8636,1.6919,3.4641,1.656,2.5344,3.9897,2.1461,2.5406,4.883,2.1054,2.3987,3.6603,1.286,3.0225,3.4964,1.4552,1.5017,4.1987,0.61382,2.9876,3.629,1.6111,1.6586,4.1977,0.73162,1.9851,2.734,0.72276,2.1984,3.9632,2.648,2.5939,4.517,2.0464,2.0895,3.4229,1.4287,2.8135,3.5614,1.067,2.2709,3.5727,2.5659,2.0435,4.5459,1.4723,1.7208,4.42,1.5786,2.5687,3.6216,2.0553,2.3668,4.1155,2.6307,2.3374,4.9186,0.52756,2.5193,3.0579
1535.0,15.571,79.114,15.468,0.23736,3489.0,1.4214,1.7525,4.0831,1.2877,2.2441,4.2855,1.1175,1.9274,4.2383,2.4513,2.6194,4.3057,0.85352,2.0292,4.2862,1.499,2.6053,3.8751,3.4642,2.7805,0.093188,1.0884,1.9443,4.2359,1.7429,1.5826,4.2048,1.3006,2.2272,4.3395,0.82161,2.0752,4.2134,3.0134,2.825,4.5951,5.4014,2.6338,1.1087,1.3633,2.6887,3.7509,0.84115,2.1461,2.9386,2.6758,2.241,4.8139,1.4681,1.701,3.9639,0.54521,2.7071,3.6374,2.0472,1.7915,3.5301,0.88296,2.4369,3.055,6.1837,2.3008,3.065,1.7274,1.701,3.4562,1.8247,2.7571,4.0843,1.7977,1.801,3.4483,1.3904,1.6603,3.9687,0.34616,2.2258,3.009,2.2699,2.4794,4.6787,1.4784,1.7855,3.2315,0.77849,2.0599,2.6846,3.8453,2.6902,0.45696,2.1183,1.8719,3.6266,0.98779,2.7711,2.9018,1.9089,2.6342,4.1566,0.66848,2.047,2.7526,0.91667,2.3966,3.1481,2.033,1.9583,4.6486,1.8395,1.6946,3.9288,0.63735,2.2136,3.8531,1.3137,2.6911,3.8985,0.745,2.2399,2.9848,2.9518,2.4095,4.7585,2.2626,2.3429,4.9608,1.5517,1.6096,3.988,2.0158,1.9217,4.5914,1.6565,2.3456,3.2869,0.69057,2.1749,3.0886,2.3709,2.3879,4.4098,1.7197,2.5508,4.3299,1.7896,2.6541,4.4647,2.8544,2.4383,4.7005,1.1671,2.6777,3.6544,1.8953,2.2612,4.4247,1.6517,2.8017,3.5421,0.72685,2.4614,2.6324,1.3622,2.2292,4.5585,1.8891,2.8207,3.7905,0.17927,2.4247,3.1821,1.6804,1.4732,4.0362,0.67444,2.0365,3.0379,2.2006,2.1985,4.5722,0.88317,2.3435,3.4989,0.90911,2.1624,3.1953,0.065546,2.8786,1.881,2.1052,2.0229,4.7291,2.6451,2.3987,4.5573,2.465,2.1605,4.9257,1.8804,2.5506,4.1435,1.0532,1.4982,4.1913,4.5096,2.87,0.37487,0.89289,2.0834,3.1325,1.3166,2.0412,4.3923,1.014,2.1064,3.4464,1.9131,2.5244,4.0885,1.8215,1.2868,4.0182,1.2733,2.4928,3.1797,0.83306,2.4649,3.7444,2.1035,1.798,3.6171,1.4883,2.4333,3.4365,1.6428,2.4971,3.7631,1.5438,1.5197,4.2699,1.7989,2.5295,4.2186,1.889,2.5298,4.3325,3.5108,2.7582,6.2525,1.7633,1.4503,4.0776,1.8066,1.9648,3.4536,1.9878,2.8928,4.8117,1.2583,2.5176,3.2329,2.5645,2.4317,4.892,1.1272,2.5947,4.0651,1.5234,2.4404,3.4574,1.1112,1.8349,4.0721,1.7004,1.5073,4.0382,1.7618,1.9786,3.4094,0.31138,2.9107,3.3785,2.9331,2.2986,4.6908,1.288,1.9316,4.2293,1.3895,2.6007,3.5785,1.4281,2.4563,3.3593,1.9081,1.8195,3.6005,1.9474,2.4764,4.0587,1.0312,2.2728,3.1571,2.5425,1.9694,5.1432,1.3047,2.5962,3.4618,1.3658,2.4933,3.2915,0.40982,2.9132,3.4579,0.62118,1.8572,2.7621,1.6218,1.9598,4.5344,1.4508,1.7504,4.1697,5.3095,2.8544,1.6226,0.80752,2.0934,2.8205,1.075,2.6595,4.062,2.3128,2.5345,3.612,2.5214,2.4049,4.8299,2.905,2.6527,4.6057,2.0959,2.5008,4.4469,2.3669,2.1732,4.2909,0.73853,2.1062,3.2274,0.50869,2.4325,3.0691,0.58127,2.1515,3.6913,2.3957,2.4277,4.5193,0.9176,2.4336,3.0177,1.2312,1.6405,4.2698,1.6741,2.0301,3.4014,5.9992,2.6573,1.7357,3.465,2.9072,0.2022,0.85931,2.3797,3.0704,1.6825,1.6233,4.053,1.514,1.9093,3.1739,0.78372,2.4348,2.9384,2.1575,2.3336,4.8549,1.2298,2.5748,3.1997,1.0186,1.9389,3.518,0.39108,1.9787,3.3255,1.734,2.0179,3.3772,2.3832,2.1693,4.2663,2.2171,2.1319,5.0133,1.2465,1.656,3.8427,0.69995,1.9795,2.7826,2.2283,2.1505,5.0566,2.3775,2.2527,4.5799,1.5775,2.4576,3.9665,4.4792,2.8557,0.40791,1.951,2.4471,4.0351,0.8072,1.9572,4.1052,1.3451,2.6386,4.3048,3.8065,2.802,0.09691,1.5507,1.6514,3.305,0.20584,2.3015,3.2506,5.0535,2.8636,1.0121,0.69875,2.7406,3.418,1.3855,2.5427,3.063,2.1744,2.0779,4.9312,1.4713,1.9944,4.4188,1.5311,1.6234,3.3141,1.4207,2.9007,3.3798,0.61681,2.4135,2.9469,0.87916,2.4509,3.0404,0.22116,2.6062,3.3084,1.6459,2.3252,4.1811,0.62123,2.4194,2.8899,0.97926,2.3262,3.5311,1.3953,1.7602,4.2698,0.30937,2.3396,3.3438,1.5232,1.5904,3.3077,0.59023,2.42,2.9222,3.4805,2.8388,0.14662,1.9049,2.5505,3.9901,2.0589,2.1981,4.6721,2.2993,2.7442,4.8885,1.9187,1.8706,3.8422,1.2849,1.7068,3.7205,2.2109,2.1082,5.0009,1.3646,2.6027,3.9168,1.1127,3.0551,2.9371,4.7968,2.8795,0.48962,1.4242,2.7203,4.4822,1.9093,1.8979,3.8836,1.3319,2.6541,2.9743,0.68237,2.7322,3.3245,1.0299,2.8983,4.2122,0.79999,2.543,2.7634,0.66524,2.0289,2.8992,0.55082,2.4167,3.3735,1.5452,2.1472,4.323,1.5197,2.7302,4.5416,0.51239,2.0079,2.9336,2.0055,1.8314,3.8036,1.1859,1.7612,3.71,2.2146,2.659,4.6433,1.3385,1.6739,4.0951,1.3188,2.1421,3.1298,0.58936,2.0362,2.9722,0.54452,2.4265,2.6799,1.68,2.3923,4.194,2.2278,2.6272,4.6976,0.54441,2.0375,2.9195,1.5768,1.6775,3.3539,0.11771,3.0659,1.9759,0.67054,2.5614,2.652,3.1551,2.7312,6.1696,0.23308,2.8825,2.9321,4.6901,2.913,0.383,2.2509,2.3099,3.5569,1.302,3.0083,4.1501,1.2766,2.4008,3.4306,1.0851,3.0398,3.9428,2.3264,2.2355,3.7276,1.1775,1.7243,3.7132,2.4233,2.3604,4.5898,2.512,2.696,4.107,1.3319,2.6679,4.3676,1.9166,1.7947,3.809,1.2352,2.6706,3.7603,2.2851,2.4186,4.8406,1.6313,2.5512,3.5083,2.1654,2.2562,4.152,0.75596,1.9296,3.3128,2.2291,2.3971,3.6299,2.2516,2.3792,3.6057,2.254,1.9812,4.9891,2.5829,2.2652,4.7738,2.3221,2.2435,3.7492,1.3559,1.5719,3.8876,2.2396,2.6636,4.7092,1.9194,1.8314,3.8185,0.76929,2.107,4.0945,1.5988,1.723,4.2361,2.2373,2.6459,4.7144,1.4477,2.3859,3.2683,6.0802,2.9139,2.3923,1.8367,1.7727,3.5248,1.8528,2.9072,4.1349,2.1202,1.9508,4.8586,1.2023,2.585,4.3695,1.9641,2.1349,4.8827,1.6097,1.6819,3.9609,1.6163,2.0208,3.303,1.1141,2.6703,3.66,1.0239,2.7677,3.8974,1.4702,2.4642,3.901,1.1783,2.6895,3.6808,1.8114,1.6321,4.0683,0.93742,2.4515,2.8357,1.9552,2.1134,4.4359,0.30934,2.7495,3.0731,1.0489,1.9266,4.2721,0.98941,2.2902,3.1051,1.6827,2.4026,4.5962,0.95427,2.0294,2.8625,0.72253,1.968,2.7298,1.5996,1.6752,3.9665,0.95756,2.4406,2.8665,1.339,1.5685,3.847,2.7043,2.5684,4.5749,1.0827,2.1785,3.5945,1.1661,2.7232,3.6805,1.9735,1.9771,4.4949,1.0268,1.9433,4.245,1.8636,1.692,3.4641,1.656,2.5344,3.9897,2.1459,2.5406,4.8828,2.1054,2.3987,3.6603,1.2861,3.0225,3.4965,1.4551,1.5017,4.1987,0.61396,2.9875,3.6291,1.6111,1.6586,4.1977,0.7316,1.9851,2.7339,0.72279,2.1984,3.9633,2.6481,2.5939,4.517,2.0464,2.0895,3.4228,1.4287,2.8135,3.5615,1.0669,2.2709,3.5727,2.5658,2.0435,4.5459,1.4723,1.7207,4.42,1.5786,2.5687,3.6216,2.0553,2.3669,4.1155,2.6306,2.3374,4.9185,0.52761,2.5192,3.0579
1535.0,15.571,79.114,15.468,0.24527,3168.5,1.4213,1.7526,4.083,1.2877,2.2441,4.2855,1.1173,1.9281,4.238,2.4514,2.6194,4.3059,0.85354,2.0292,4.2861,1.4989,2.606,3.875,3.4668,2.78,0.095961,1.0881,1.9457,4.2351,1.743,1.583,4.2049,1.3007,2.2274,4.3396,0.82141,2.0756,4.2132,3.0135,2.8251,4.5954,5.4007,2.6333,1.1079,1.3629,2.6895,3.7505,0.84055,2.1468,2.9379,2.6825,2.2448,4.824,1.4673,1.706,3.964,0.54276,2.7081,3.6346,2.0471,1.7918,3.5302,0.85904,2.4477,3.0302,6.1758,2.2994,3.0546,1.7266,1.7052,3.4574,1.8271,2.7701,4.0874,1.7977,1.8047,3.4498,1.395,1.6883,3.9571,0.34393,2.2274,3.005,2.2762,2.4823,4.687,1.4782,1.7886,3.2317,0.76936,2.0689,2.6697,3.8997,2.662,0.52225,2.1186,1.8732,3.6277,0.98632,2.772,2.9005,1.9096,2.6362,4.1578,0.65315,2.0674,2.7244,0.86277,2.4019,3.1202,2.0529,1.9674,4.67,1.8356,1.7284,3.9294,0.63858,2.2167,3.8515,1.3321,2.7175,3.92,0.72708,2.2585,2.9624,2.9779,2.4071,4.788,2.2662,2.3499,4.9684,1.5541,1.6068,3.9902,2.0384,1.9272,4.6097,1.661,2.3564,3.2903,0.69863,2.1619,3.1406,2.3478,2.3541,4.3953,1.7047,2.5376,4.2919,1.7949,2.6595,4.4587,2.8573,2.4402,4.7023,1.1351,2.7047,3.618,1.9006,2.2433,4.4123,1.6367,2.782,3.5222,0.74045,2.4478,2.6397,1.3378,2.2361,4.5506,1.8816,2.8019,3.7799,0.1633,2.4311,3.17,1.6802,1.4634,4.0298,0.6763,2.031,3.0433,2.1945,2.1915,4.5614,0.8845,2.3218,3.5349,0.91546,2.1674,3.2183,0.07572,2.878,1.8916,2.1057,2.0201,4.7273,2.6296,2.3865,4.5376,2.4643,2.154,4.9127,1.8795,2.5488,4.1424,1.0526,1.4641,4.2068,4.4853,2.8791,0.34742,0.90372,2.0742,3.1524,1.317,2.04,4.3929,1.0144,2.1047,3.4475,1.8975,2.5055,4.066,1.8319,1.2574,4.0061,1.2738,2.4915,3.18,0.83415,2.464,3.7456,2.1032,1.7963,3.6155,1.4885,2.43,3.4379,1.6427,2.4918,3.7637,1.5425,1.5152,4.2707,1.7983,2.5267,4.2172,1.8877,2.5269,4.3297,3.51,2.7584,6.2516,1.7637,1.4479,4.0766,1.8068,1.9643,3.4537,1.9865,2.8922,4.8099,1.2584,2.5172,3.2331,2.5644,2.4317,4.8918,1.1279,2.5942,4.0657,1.5233,2.4398,3.4573,1.1115,1.8346,4.0722,1.7004,1.5069,4.0381,1.7619,1.9785,3.4094,0.31258,2.9107,3.3797,2.933,2.2987,4.6907,1.288,1.9314,4.2292,1.3899,2.5999,3.5788,1.4281,2.4562,3.3593,1.9081,1.8177,3.5997,1.9474,2.4764,4.0586,1.0315,2.2718,3.1575,2.5427,1.9694,5.143,1.305,2.5936,3.4631,1.3658,2.4934,3.2914,0.41008,2.9131,3.458,0.62124,1.8571,2.7623,1.6219,1.9598,4.5343,1.4508,1.7498,4.1698,5.3095,2.8544,1.6224,0.80759,2.0933,2.8206,1.0753,2.6594,4.0621,2.3127,2.5345,3.6119,2.5213,2.4048,4.8299,2.9049,2.6527,4.6056,2.0961,2.5009,4.4469,2.367,2.1732,4.2907,0.73864,2.1062,3.2274,0.50869,2.4324,3.0691,0.58127,2.1515,3.6913,2.3958,2.4278,4.5192,0.91754,2.4336,3.0176,1.2313,1.6405,4.2698,1.6742,2.0302,3.4013,5.9992,2.6573,1.7356,3.465,2.9073,0.20199,0.85956,2.3796,3.0703,1.6826,1.6234,4.053,1.514,1.9093,3.1739,0.7839,2.4348,2.9384,2.1575,2.3336,4.8549,1.2298,2.5747,3.1997,1.0186,1.939,3.518,0.39132,1.9787,3.3255,1.734,2.018,3.3772,2.3833,2.1693,4.2663,2.2173,2.132,5.0133,1.2466,1.656,3.8426,0.69992,1.9795,2.7826,2.2285,2.1505,5.0566,2.3777,2.2528,4.5799,1.5775,2.4576,3.9665,4.4794,2.8557,0.40808,1.951,2.4471,4.0351,0.80734,1.9572,4.1052,1.3452,2.6386,4.3048,3.8068,2.802,0.097072,1.5507,1.6514,3.3049,0.20586,2.3015,3.2506,5.0534,2.8637,1.012,0.69874,2.7407,3.4179,1.3855,2.5428,3.0631,2.1744,2.0779,4.9311,1.4713,1.9944,4.4187,1.5311,1.6233,3.3139,1.4206,2.9006,3.3798,0.61695,2.4135,2.9469,0.87907,2.4509,3.0404,0.2213,2.6062,3.3084,1.646,2.3252,4.1811,0.62115,2.4193,2.8899,0.97928,2.3263,3.531,1.3952,1.7603,4.2699,0.30945,2.3396,3.3437,1.5234,1.5904,3.3076,0.59036,2.42,2.9222,3.4808,2.8388,0.14687,1.905,2.5507,3.9902,2.0589,2.1981,4.6721,2.2994,2.7443,4.8884,1.9188,1.8707,3.8423,1.2849,1.7069,3.7204,2.211,2.1082,5.0009,1.3647,2.6028,3.9167,1.113,3.055,2.9375,4.797,2.8795,0.48976,1.4243,2.7203,4.4822,1.9093,1.8979,3.8835,1.3319,2.654,2.9743,0.68241,2.7322,3.3245,1.0298,2.8984,4.212,0.80011,2.543,2.7636,0.66532,2.0289,2.8992,0.55064,2.4168,3.3734,1.5452,2.1473,4.323,1.5198,2.7302,4.5416,0.51246,2.0079,2.9335,2.0056,1.8315,3.8036,1.186,1.7611,3.71,2.2147,2.6591,4.6434,1.3385,1.674,4.0951,1.3188,2.1422,3.1298,0.5893,2.0363,2.9721,0.54459,2.4264,2.6799,1.68,2.3923,4.194,2.2278,2.6272,4.6976,0.54446,2.0375,2.9194,1.5766,1.6774,3.3539,0.11763,3.0659,1.9758,0.67069,2.5613,2.6522,3.155,2.7312,6.1694,0.23309,2.8824,2.9321,4.6901,2.913,0.38304,2.2508,2.3099,3.5569,1.3021,3.0083,4.1501,1.2767,2.4008,3.4306,1.0853,3.0398,3.9428,2.3262,2.2354,3.7274,1.1775,1.7242,3.7131,2.4233,2.3604,4.5897,2.512,2.696,4.1069,1.3318,2.6678,4.3675,1.9166,1.7947,3.809,1.2352,2.6705,3.7604,2.2849,2.4186,4.8405,1.6315,2.5511,3.5083,2.1654,2.2562,4.1519,0.75597,1.9296,3.3128,2.2289,2.397,3.6297,2.2515,2.3792,3.6056,2.2539,1.9811,4.989,2.5829,2.2652,4.7737,2.322,2.2435,3.7491,1.3558,1.5719,3.8876,2.2396,2.6635,4.7092,1.9194,1.8314,3.8184,0.76929,2.1069,4.0945,1.5988,1.723,4.2361,2.2372,2.6459,4.7142,1.4476,2.3859,3.2683,6.0803,2.9138,2.3923,1.8367,1.7727,3.5246,1.8526,2.9072,4.1348,2.1202,1.9508,4.8585,1.2023,2.5849,4.3696,1.9641,2.1348,4.8826,1.6097,1.6819,3.9608,1.6162,2.0207,3.303,1.1142,2.6702,3.6601,1.024,2.7677,3.8975,1.4701,2.4642,3.9008,1.1784,2.6895,3.6809,1.8116,1.632,4.0683,0.93746,2.4514,2.8358,1.9552,2.1134,4.4359,0.30945,2.7495,3.0732,1.0489,1.9265,4.2721,0.98937,2.2902,3.1051,1.6828,2.4026,4.5962,0.95425,2.0294,2.8625,0.72254,1.968,2.7298,1.5997,1.6752,3.9665,0.9576,2.4405,2.8666,1.3391,1.5685,3.847,2.7042,2.5684,4.5749,1.0827,2.1784,3.5945,1.1662,2.7232,3.6805,1.9734,1.9771,4.4949,1.0268,1.9432,4.2451,1.8636,1.692,3.4641,1.656,2.5344,3.9897,2.1457,2.5407,4.8826,2.1054,2.3987,3.6603,1.2863,3.0225,3.4966,1.4551,1.5017,4.1987,0.61409,2.9875,3.6291,1.611,1.6586,4.1977,0.73158,1.9851,2.7339,0.72281,2.1983,3.9633,2.6481,2.5939,4.5171,2.0464,2.0895,3.4227,1.4288,2.8136,3.5616,1.0669,2.2709,3.5726,2.5658,2.0434,4.5459,1.4724,1.7207,4.4199,1.5786,2.5687,3.6216,2.0553,2.3669,4.1154,2.6305,2.3375,4.9184,0.52765,2.5192,3.0579
1535.0,15.571,79.114,15.468,0.25318,2818.0,1.4213,1.7527,4.0831,1.2876,2.2442,4.2855,1.1172,1.9285,4.2377,2.4514,2.6195,4.3059,0.85357,2.0291,4.2859,1.4989,2.6064,3.875,3.4677,2.7798,0.096912,1.088,1.9464,4.2348,1.7431,1.5832,4.2049,1.3008,2.2276,4.3396,0.82123,2.0757,4.213,3.0135,2.8252,4.5958,5.4005,2.6331,1.1076,1.3625,2.69,3.7502,0.84028,2.1473,2.9374,2.6853,2.2465,4.8282,1.4666,1.7086,3.9637,0.54107,2.7085,3.6332,2.0469,1.7922,3.5301,0.84273,2.4551,3.0125,6.1726,2.2989,3.0501,1.7265,1.7074,3.4578,1.8295,2.7781,4.0902,1.7978,1.8067,3.4505,1.4058,1.7175,3.9463,0.34263,2.2281,3.003,2.2788,2.4838,4.6908,1.4779,1.7904,3.2316,0.76364,2.0746,2.6595,3.9337,2.6402,0.56685,2.1186,1.8743,3.6282,0.98465,2.7729,2.8991,1.9098,2.6377,4.1583,0.63673,2.0846,2.6972,0.80201,2.4067,3.0876,2.0716,1.9762,4.6893,1.8166,1.7599,3.9275,0.63891,2.2191,3.8489,1.3543,2.7425,3.9429,0.71166,2.2761,2.943,2.9967,2.4052,4.8106,2.2682,2.3566,4.9743,1.5558,1.6108,3.9887,2.0602,1.9347,4.6267,1.6615,2.3643,3.2908,0.70543,2.1496,3.1939,2.3251,2.3166,4.3751,1.6956,2.5265,4.2608,1.8033,2.665,4.4581,2.8652,2.4401,4.7114,1.0975,2.73,3.578,1.9028,2.2237,4.3973,1.6268,2.7663,3.5071,0.7544,2.432,2.6469,1.3248,2.2426,4.5624,1.8761,2.7885,3.7712,0.14787,2.4377,3.1603,1.6792,1.4566,4.0244,0.67752,2.0274,3.0468,2.1905,2.187,4.5539,0.88416,2.3043,3.5668,0.91447,2.1743,3.2362,0.081331,2.8777,1.8973,2.1058,2.0185,4.726,2.6185,2.3763,4.5196,2.4647,2.1485,4.9007,1.8792,2.548,4.142,1.053,1.438,4.2182,4.4624,2.8882,0.32142,0.91294,2.0645,3.1698,1.3172,2.0395,4.3932,1.015,2.1037,3.4482,1.8855,2.4882,4.0477,1.8415,1.2327,3.9962,1.2741,2.4908,3.1803,0.83469,2.4635,3.7463,2.1031,1.7953,3.6146,1.4887,2.4277,3.4384,1.6424,2.4885,3.7633,1.5419,1.5116,4.2712,1.7983,2.5252,4.2164,1.8872,2.5254,4.3281,3.5096,2.7585,6.2512,1.764,1.4465,4.0761,1.8069,1.9641,3.4537,1.9857,2.8919,4.8085,1.2584,2.517,3.2333,2.5643,2.4316,4.8916,1.1285,2.5938,4.066,1.5234,2.4393,3.4572,1.112,1.8343,4.0721,1.7004,1.5066,4.0381,1.7619,1.9785,3.4094,0.31329,2.9107,3.3802,2.9329,2.2987,4.6906,1.2882,1.9312,4.2292,1.3902,2.5992,3.5788,1.4282,2.4562,3.3593,1.9084,1.8167,3.5991,1.9476,2.4764,4.0585,1.0319,2.2711,3.1578,2.5431,1.9695,5.1429,1.3048,2.5915,3.4637,1.3658,2.4935,3.2914,0.41023,2.9131,3.458,0.62142,1.8571,2.7624,1.6221,1.9598,4.5343,1.451,1.7492,4.1698,5.3093,2.8543,1.6222,0.80773,2.0933,2.8206,1.0757,2.6593,4.0621,2.3127,2.5345,3.6118,2.5213,2.4048,4.8298,2.9048,2.6528,4.6055,2.0964,2.5009,4.447,2.3672,2.1732,4.2905,0.73878,2.1061,3.2274,0.50873,2.4324,3.0691,0.58137,2.1515,3.6912,2.396,2.4279,4.5191,0.91758,2.4337,3.0175,1.2315,1.6404,4.2698,1.6744,2.0303,3.4013,5.9991,2.6573,1.7354,3.4651,2.9074,0.20189,0.8599,2.3796,3.0703,1.6826,1.6234,4.0531,1.5142,1.9094,3.1739,0.78416,2.4348,2.9384,2.1576,2.3337,4.855,1.2298,2.5747,3.1997,1.0186,1.939,3.5179,0.39158,1.9786,3.3254,1.7341,2.018,3.3771,2.3834,2.1694,4.2664,2.2176,2.132,5.0132,1.2469,1.656,3.8425,0.6999,1.9795,2.7826,2.2289,2.1505,5.0567,2.3779,2.2528,4.5798,1.5775,2.4576,3.9665,4.4795,2.8556,0.40825,1.9512,2.4472,4.0352,0.80748,1.9573,4.1052,1.3453,2.6385,4.3047,3.8071,2.802,0.097284,1.5508,1.6514,3.3049,0.20595,2.3015,3.2506,5.0533,2.8637,1.0119,0.69873,2.7408,3.4177,1.3856,2.5428,3.0631,2.1745,2.0779,4.9311,1.4713,1.9945,4.4186,1.5312,1.6232,3.3138,1.4206,2.9006,3.3797,0.61713,2.4134,2.9469,0.87906,2.4509,3.0404,0.22152,2.6062,3.3085,1.6461,2.3251,4.181,0.62108,2.4191,2.8899,0.97933,2.3263,3.531,1.3952,1.7604,4.2699,0.30958,2.3396,3.3437,1.5236,1.5904,3.3076,0.59051,2.4199,2.9222,3.4811,2.8388,0.14714,1.9051,2.5509,3.9903,2.059,2.1982,4.6722,2.2995,2.7443,4.8885,1.9189,1.8708,3.8423,1.2849,1.707,3.7204,2.2111,2.1083,5.001,1.3648,2.6029,3.9166,1.1133,3.0549,2.9379,4.7972,2.8795,0.4899,1.4243,2.7203,4.4822,1.9094,1.8979,3.8834,1.3319,2.654,2.9742,0.68251,2.7323,3.3244,1.0296,2.8985,4.2117,0.80025,2.543,2.7637,0.66545,2.0288,2.8992,0.55048,2.4168,3.3734,1.5453,2.1475,4.323,1.5199,2.7302,4.5415,0.51256,2.008,2.9334,2.0057,1.8316,3.8036,1.186,1.7611,3.7099,2.2147,2.6592,4.6435,1.3386,1.6742,4.0951,1.3189,2.1423,3.1297,0.58928,2.0363,2.972,0.54468,2.4264,2.6799,1.68,2.3923,4.1939,2.2278,2.6272,4.6976,0.54454,2.0376,2.9192,1.5764,1.6774,3.3538,0.11755,3.0659,1.9757,0.67085,2.5612,2.6524,3.1548,2.7313,6.1693,0.2331,2.8824,2.9321,4.6901,2.9131,0.38307,2.2507,2.3099,3.5569,1.3022,3.0084,4.15,1.2769,2.4009,3.4306,1.0855,3.0397,3.9428,2.3261,2.2354,3.7273,1.1776,1.7242,3.7131,2.4234,2.3605,4.5897,2.5121,2.696,4.1068,1.3317,2.6678,4.3673,1.9167,1.7947,3.8089,1.2353,2.6704,3.7604,2.2848,2.4185,4.8404,1.6318,2.551,3.5083,2.1653,2.2562,4.1519,0.75598,1.9295,3.3127,2.2287,2.3969,3.6296,2.2515,2.3792,3.6056,2.2537,1.9811,4.9889,2.5828,2.2652,4.7736,2.322,2.2434,3.749,1.3557,1.5718,3.8877,2.2397,2.6635,4.7092,1.9194,1.8314,3.8184,0.76929,2.1068,4.0944,1.5988,1.7229,4.2361,2.237,2.6459,4.7141,1.4475,2.3859,3.2682,6.0804,2.9138,2.3924,1.8368,1.7727,3.5245,1.8524,2.9073,4.1346,2.1202,1.9507,4.8584,1.2023,2.5849,4.3696,1.964,2.1347,4.8826,1.6097,1.6819,3.9608,1.6161,2.0206,3.3029,1.1144,2.6702,3.6602,1.024,2.7677,3.8975,1.4701,2.4642,3.9006,1.1785,2.6894,3.681,1.8117,1.632,4.0682,0.93751,2.4514,2.8359,1.9552,2.1133,4.4359,0.30954,2.7496,3.0733,1.0488,1.9264,4.2722,0.98933,2.2902,3.1051,1.6828,2.4025,4.5962,0.95423,2.0294,2.8625,0.72257,1.968,2.7298,1.5997,1.6752,3.9665,0.95766,2.4405,2.8666,1.3391,1.5684,3.847,2.704,2.5684,4.5748,1.0826,2.1784,3.5945,1.1662,2.7232,3.6805,1.9733,1.9771,4.4949,1.0268,1.9432,4.2451,1.8636,1.692,3.4641,1.6559,2.5344,3.9898,2.1455,2.5407,4.8824,2.1053,2.3986,3.6604,1.2865,3.0225,3.4968,1.4551,1.5017,4.1987,0.61419,2.9875,3.6292,1.6109,1.6586,4.1977,0.73157,1.9851,2.7339,0.72283,2.1983,3.9634,2.6482,2.5938,4.5171,2.0464,2.0895,3.4227,1.4289,2.8136,3.5616,1.0669,2.2709,3.5726,2.5658,2.0434,4.5459,1.4724,1.7206,4.4199,1.5787,2.5687,3.6215,2.0553,2.3669,4.1154,2.6303,2.3376,4.9183,0.52769,2.5191,3.0579
867.03,1.9143,246.08,11.987,0.0089116,747.22,1.5213,1.8349,4.1714,1.2778,2.2255,4.2233,1.229,1.9855,4.2339,2.4974,2.6616,4.3016,0.85756,2.0603,4.2193,1.5201,2.4858,3.8934,3.016,2.839,5.8283,1.2264,1.9871,4.2347,1.7477,1.7143,4.2469,1.2769,2.2263,4.2256,0.85713,2.0615,4.2154,2.8942,2.8353,4.5089,5.7031,2.775,1.4591,1.2418,2.8404,3.6268,0.95529,2.145,3.0212,2.4847,2.0528,4.4484,1.472,1.6743,3.9057,0.65838,2.5714,3.8826,2.006,1.7632,3.4738,1.0754,2.4453,3.0615,0.26819,2.2863,3.5578,1.7853,1.6742,3.388,2.1346,2.8238,4.4399,1.7867,1.6731,3.391,1.4751,1.6723,3.9082,0.39497,2.1341,3.2013,2.037,2.3559,4.3885,1.4743,1.6673,3.1997,0.83148,1.8772,2.7716,3.0155,2.8413,5.8237,2.0063,1.7633,3.4755,1.006,2.7162,2.8797,1.8181,2.5886,4.0025,0.63154,1.8708,2.7973,1.0727,2.445,3.0562,1.8977,1.9144,4.4936,1.681,1.6922,3.8945,0.51044,2.2016,3.7446,1.1936,2.4229,3.785,1.0039,2.061,3.2688,2.5479,2.2989,4.2929,2.0698,2.1499,4.6785,1.4782,1.6737,3.9121,1.8959,1.9168,4.4929,1.49,2.1716,3.2668,0.82123,2.0816,3.1853,2.419,2.3727,4.3167,1.9452,2.6017,4.8885,1.9368,2.5958,4.8781,2.5475,2.2992,4.2924,1.2871,2.4878,3.9452,1.6877,2.2321,4.2953,2.0565,3.0619,3.9989,0.50366,2.4699,2.4761,1.5422,2.0559,4.6083,2.079,3.0655,4.0247,0.39009,2.375,3.4351,1.6617,1.6282,4.0822,0.70864,2.0228,3.0967,2.244,2.2407,4.6478,0.63174,2.6176,3.0035,1.0033,2.0644,3.2688,0.12347,2.8905,1.967,1.9955,1.9858,4.5896,2.5465,2.3003,4.2945,2.6735,2.3373,5.1978,2.1394,2.82,4.4415,1.0789,1.8477,3.9469,4.6195,2.9967,0.50552,0.88581,2.1185,3.0523,1.3047,2.0996,4.2666,1.0552,2.0876,3.4924,2.3084,2.7537,4.5777,1.7021,1.5976,4.1573,1.1449,2.5578,3.0688,0.75065,2.4274,3.7681,2.0554,1.9271,3.7381,1.5996,2.4374,3.4696,1.6609,2.5232,3.6087,1.6579,1.6761,4.25,2.1056,2.8088,4.5817,2.1119,2.8088,4.5858,3.3604,2.7818,6.122,1.7013,1.5973,4.1574,1.7044,2.0049,3.4527,2.1286,2.9371,4.9251,1.1467,2.5576,3.0731,2.6364,2.4463,4.9869,1.0253,2.6043,4.0654,1.6012,2.4367,3.4694,1.1839,1.7996,4.1016,1.6619,1.6276,4.0831,1.7034,2.0046,3.4511,0.28881,2.9465,3.3358,2.8727,2.293,4.5659,1.317,1.9502,4.2058,1.2503,2.6877,3.3249,1.4637,2.4584,3.3435,1.8425,1.9835,3.7243,1.951,2.3387,3.9936,1.096,2.283,3.1879,2.5395,2.0486,5.1491,1.2413,2.6878,3.3122,1.4613,2.4609,3.34,0.29646,2.9464,3.3442,0.67625,1.8077,2.9105,1.6994,2.0264,4.423,1.4673,1.8621,4.12,5.5349,2.9009,1.8472,0.81902,2.1214,2.781,1.024,2.6056,4.0652,2.1576,2.5253,3.622,2.6369,2.4442,4.9872,2.8024,2.7047,4.5216,2.1612,2.5294,4.5326,2.3491,2.1033,4.1957,0.76581,1.9911,3.3473,0.32957,2.4737,2.8847,0.60388,2.1411,3.7128,2.3856,2.5087,4.4314,0.75205,2.4649,2.8543,1.2549,1.5846,4.287,1.7017,2.0064,3.4502,1.2739,2.6891,2.038,3.2208,2.938,6.2121,0.74686,2.4633,2.8557,1.661,1.6336,4.0867,1.4947,1.8648,3.1826,0.74395,2.4644,2.851,2.1679,2.3479,4.9535,1.1449,2.5627,3.0708,1.0024,1.9629,3.5036,0.52923,1.9787,3.2566,1.7014,2.0074,3.4495,2.386,2.0814,4.1978,2.1438,2.1543,4.9806,1.2886,1.7507,3.8016,0.68318,1.9773,2.7559,2.1433,2.1542,4.9823,2.3199,2.1862,4.4625,1.5673,2.2929,3.9628,4.2049,3.0059,0.13732,1.955,2.3383,3.9963,0.83757,1.9638,4.1176,1.1769,2.5734,4.215,3.5238,2.8535,6.0866,1.5327,1.6177,3.2871,0.32148,2.2983,3.4052,5.1321,2.9888,1.072,0.56275,2.7835,3.2599,1.2677,2.507,2.9782,2.1413,2.151,4.9795,1.4742,2.0929,4.351,1.5255,1.6228,3.2876,1.3789,2.9286,3.363,0.4534,2.45,2.7224,0.92637,2.4538,3.0029,0.22166,2.6176,3.3398,1.6118,2.2567,4.1256,0.44934,2.4468,2.7153,1.0478,2.1709,3.6582,1.3946,1.8065,4.2928,0.3242,2.3002,3.4062,1.5288,1.617,3.2872,0.44923,2.4504,2.7196,2.9934,2.8702,5.9116,2.006,2.5974,4.0353,1.9718,2.1782,4.5894,2.6309,2.7746,5.2699,1.8913,1.9641,3.9029,1.2941,1.8148,3.6889,2.1445,2.1538,4.9823,1.4015,2.6565,4.0076,1.1107,3.0847,2.9531,4.6905,2.9843,0.41269,1.2582,2.6852,4.3344,1.904,1.9565,3.8852,1.2464,2.6365,2.865,0.36644,2.7732,2.9595,0.93605,2.8908,4.1284,0.57548,2.5216,2.5817,0.69637,1.9343,2.9891,0.54731,2.3972,3.428,1.5662,2.1755,4.2295,1.2617,2.6872,4.3391,0.63142,1.9504,3.1134,1.98,1.8956,3.8178,1.1935,1.8449,3.6468,2.4589,2.7224,4.9779,1.3759,1.5283,4.1709,1.3888,2.1561,3.1738,0.6356,1.9493,3.1135,0.46295,2.4499,2.5692,1.6138,2.2554,4.1285,2.4567,2.7213,4.9785,0.63379,1.9513,3.1111,1.5646,1.7126,3.3278,0.51195,3.0403,2.4253,0.57457,2.5214,2.5836,2.9138,2.7437,5.8947,6.183,2.8645,2.5493,4.6747,2.9875,0.39464,2.3447,2.4072,3.7505,0.88702,3.0807,3.6712,1.4368,2.2573,3.5613,0.85318,3.0787,3.6376,2.3675,2.2378,3.8091,1.1919,1.8443,3.646,2.4266,2.3384,4.5609,2.5833,2.629,4.0333,1.2626,2.6836,4.3382,1.8924,1.9602,3.903,1.1282,2.7938,3.6542,2.4467,2.4847,5.0876,1.6069,2.6204,3.3032,2.1683,2.1879,4.1031,0.78671,1.9027,3.371,2.3455,2.4096,3.751,2.3471,2.4115,3.7524,2.1848,1.8907,4.9035,2.644,2.2897,4.7923,2.3656,2.2391,3.8093,1.3799,1.5851,3.8364,2.4597,2.7203,4.9819,1.8919,1.9605,3.9034,0.77856,2.1414,3.9635,1.6015,1.8316,4.2578,2.4581,2.7212,4.9807,1.4461,2.389,3.2612,5.9288,2.881,2.2081,1.8583,1.8,3.476,1.9749,3.022,4.2983,2.0152,1.9503,4.7548,1.1013,2.5792,4.2727,1.8839,2.1501,4.8618,1.6133,1.8009,3.9663,1.6049,2.0099,3.3907,1.0159,2.7744,3.5665,0.91489,2.8303,3.8134,1.3801,2.3914,3.8445,1.1242,2.7951,3.6499,1.8383,1.794,4.0926,0.91282,2.4609,2.7733,1.9105,2.0693,4.3855,0.077256,2.796,2.8429,1.0854,1.9594,4.2609,0.94835,2.3366,3.0106,1.6339,2.396,4.587,0.97891,2.0869,2.8346,0.74324,1.9992,2.7421,1.6127,1.8001,3.9682,0.91469,2.4599,2.7754,1.3798,1.5858,3.8368,2.7686,2.5893,4.6342,1.0849,2.1378,3.6263,1.1223,2.7977,3.651,1.9761,1.9871,4.4769,1.0827,1.9618,4.2586,1.8531,1.6533,3.4507,1.6621,2.4825,3.9992,2.1134,2.555,4.923,2.1546,2.381,3.7099,1.1861,3.0731,3.4177,1.4463,1.4678,4.2318,0.62027,2.9994,3.6157,1.624,1.7498,4.2327,0.74436,1.9983,2.7421,0.69051,2.1941,3.9441,2.6877,2.6027,4.5368,1.9932,2.1275,3.4395,1.3823,2.92,3.5358,1.0817,2.1937,3.6338,2.532,2.0004,4.4709,1.4908,1.7348,4.4222,1.6091,2.5919,3.5829,2.0624,2.2891,4.0734,2.7083,2.3732,5.0082,0.4466,2.531,2.9602
867.03,1.9143,246.08,11.987,0.017823,872.67,1.5169,1.8331,4.1668,1.2766,2.227,4.2252,1.2243,1.983,4.2355,2.4937,2.6594,4.2994,0.85801,2.0566,4.2253,1.5198,2.4925,3.8934,3.0301,2.8393,5.8467,1.2209,1.9848,4.2361,1.7464,1.7073,4.2453,1.2783,2.2265,4.2308,0.85486,2.0615,4.2144,2.9009,2.8351,4.5126,5.6869,2.7702,1.4406,1.251,2.83,3.636,0.95063,2.1447,3.0183,2.4871,2.0576,4.4559,1.4714,1.6701,3.9073,0.65615,2.576,3.8767,2.0078,1.764,3.4764,1.0817,2.4398,3.0762,0.26052,2.2883,3.547,1.7836,1.6755,3.3897,2.112,2.8179,4.4156,1.7865,1.6781,3.3928,1.4721,1.6671,3.9126,0.39332,2.1374,3.1948,2.0431,2.3614,4.3964,1.4744,1.6709,3.2003,0.82997,1.8846,2.7668,3.0268,2.8411,5.8372,2.0079,1.7682,3.4782,1.0082,2.7169,2.8835,1.8192,2.5874,4.0064,0.63408,1.8762,2.7968,1.0736,2.4425,3.0633,1.8989,1.9152,4.496,1.6842,1.6857,3.893,0.5108,2.2017,3.7453,1.1925,2.4347,3.7807,0.99809,2.0671,3.2611,2.5553,2.3039,4.303,2.0753,2.1567,4.6863,1.4792,1.6711,3.9151,1.895,1.9169,4.4943,1.4902,2.1761,3.265,0.81744,2.088,3.1774,2.4205,2.3766,4.3226,1.9414,2.6004,4.8799,1.9287,2.5971,4.8661,2.5523,2.305,4.302,1.2861,2.4917,3.9397,1.6909,2.2344,4.3,2.0406,3.0578,3.9806,0.51123,2.4697,2.4826,1.5407,2.0578,4.613,2.0755,3.0623,4.019,0.38403,2.3782,3.4266,1.6621,1.6232,4.0815,0.70675,2.0277,3.0911,2.2461,2.2434,4.652,0.64535,2.6126,3.0189,0.99829,2.0711,3.2612,0.10953,2.8909,1.9508,1.9972,1.9887,4.5948,2.5502,2.3066,4.3034,2.6641,2.3331,5.1892,2.1202,2.8102,4.4208,1.0785,1.8416,3.9519,4.6261,2.9895,0.51034,0.88217,2.1205,3.0467,1.3039,2.0989,4.2723,1.054,2.0894,3.49,2.2915,2.7485,4.5583,1.7036,1.5935,4.1553,1.1528,2.556,3.0765,0.75373,2.4318,3.7653,2.0579,1.9222,3.7331,1.5961,2.4393,3.4683,1.6551,2.5284,3.6072,1.6544,1.6685,4.2505,2.0884,2.802,4.5636,2.0999,2.8011,4.5734,3.3745,2.7806,6.1365,1.7034,1.5923,4.1555,1.7096,2.004,3.4516,2.1196,2.936,4.9178,1.1547,2.5562,3.084,2.632,2.4456,4.9818,1.0316,2.6064,4.0665,1.598,2.4378,3.4685,1.18,1.8062,4.0979,1.6632,1.6208,4.0811,1.7067,2.0039,3.4479,0.28355,2.9447,3.3322,2.8776,2.2941,4.5747,1.3163,1.9492,4.2073,1.2592,2.6833,3.3394,1.461,2.4581,3.3444,1.8451,1.9787,3.7193,1.9497,2.3479,3.9959,1.0916,2.2842,3.1848,2.5393,2.0443,5.1485,1.2423,2.6835,3.3164,1.4548,2.4633,3.3367,0.30588,2.9448,3.3537,0.6738,1.8117,2.9013,1.6962,2.023,4.4298,1.4665,1.8563,4.1229,5.5191,2.8987,1.8319,0.81927,2.1187,2.7852,1.0284,2.6088,4.0658,2.1659,2.5263,3.6227,2.6293,2.442,4.9771,2.8067,2.7017,4.5249,2.1552,2.526,4.5253,2.3492,2.1049,4.1989,0.76563,1.9958,3.3429,0.34121,2.4713,2.8959,0.60332,2.1418,3.7117,2.3861,2.5023,4.4356,0.76284,2.4632,2.8639,1.254,1.5874,4.2868,1.7009,2.0079,3.4477,0.063301,2.6888,2.0201,3.2373,2.9368,6.2269,0.75711,2.4583,2.8707,1.6619,1.6335,4.0845,1.496,1.8673,3.1821,0.7491,2.462,2.8593,2.1666,2.3466,4.9465,1.1517,2.5628,3.0793,1.004,1.9623,3.5041,0.52385,1.9792,3.2575,1.7033,2.0083,3.4457,2.3859,2.0846,4.1997,2.1486,2.1538,4.9836,1.287,1.7441,3.8049,0.68405,1.9776,2.7575,2.1489,2.1549,4.9875,2.3229,2.19,4.4694,1.5681,2.3037,3.9633,4.2289,2.9986,0.15923,1.9544,2.3438,3.9978,0.83671,1.9617,4.1196,1.1857,2.5773,4.2194,3.5425,2.8502,6.1046,1.5336,1.6194,3.288,0.31558,2.2991,3.3967,5.1291,2.9834,1.0687,0.57669,2.7806,3.2759,1.276,2.5086,2.9841,2.1416,2.1462,4.9741,1.475,2.0902,4.3549,1.5258,1.6242,3.2891,1.3809,2.9272,3.363,0.46227,2.4482,2.7341,0.92528,2.453,3.0065,0.22328,2.617,3.3396,1.6138,2.2613,4.1288,0.46065,2.445,2.7255,1.0462,2.1762,3.6546,1.3945,1.8029,4.2928,0.32296,2.3027,3.4016,1.5285,1.6164,3.2881,0.45812,2.4485,2.7317,3.0189,2.8701,5.9386,2.0002,2.593,4.0321,1.9768,2.1807,4.5946,2.6193,2.7743,5.2573,1.8936,1.9601,3.8992,1.2945,1.808,3.6909,2.1485,2.1518,4.9832,1.3986,2.6514,4.0017,1.1142,3.0821,2.9549,4.6946,2.9799,0.41426,1.2661,2.688,4.3405,1.9046,1.9526,3.8842,1.2525,2.6372,2.8719,0.38809,2.7712,2.9846,0.93782,2.8932,4.1291,0.58621,2.5221,2.5903,0.69357,1.9412,2.9812,0.5467,2.3997,3.4233,1.5656,2.1766,4.2346,1.2774,2.6906,4.3513,0.62444,1.9549,3.1039,1.9821,1.891,3.8158,1.1935,1.8401,3.6506,2.4411,2.719,4.9554,1.3747,1.5377,4.1672,1.3855,2.156,3.1709,0.63285,1.9541,3.1046,0.46882,2.4481,2.5764,1.6152,2.2612,4.1319,2.4411,2.717,4.9611,0.6298,1.9572,3.1005,1.5658,1.7103,3.3291,0.50679,3.0419,2.4167,0.58167,2.5229,2.5894,2.9253,2.7445,5.9085,6.2009,2.8668,2.5687,4.6718,2.9832,0.38904,2.3381,2.4035,3.7399,0.93196,3.0784,3.7202,1.4286,2.2663,3.5539,0.87176,3.0769,3.6603,2.3648,2.2373,3.8041,1.1915,1.8382,3.6492,2.4266,2.34,4.5639,2.5799,2.6345,4.0376,1.2674,2.6825,4.3414,1.8941,1.9527,3.8974,1.1373,2.786,3.6633,2.4358,2.482,5.0733,1.6077,2.6167,3.3138,2.1676,2.1908,4.1046,0.78589,1.9043,3.3683,2.3387,2.4093,3.7439,2.3409,2.4101,3.7434,2.1885,1.8993,4.9104,2.6399,2.2884,4.7916,2.3631,2.2388,3.8052,1.3785,1.5859,3.8393,2.4432,2.7176,4.9624,1.8935,1.9537,3.8983,0.77718,2.14,3.9713,1.6011,1.8254,4.2567,2.4432,2.7172,4.9641,1.4464,2.3883,3.262,5.9333,2.8828,2.2145,1.8562,1.7987,3.48,1.9717,3.0157,4.2928,2.0204,1.9513,4.7624,1.1093,2.5799,4.2803,1.8905,2.1497,4.8646,1.6127,1.7933,3.9658,1.6052,2.0104,3.384,1.0261,2.7666,3.5765,0.92456,2.8255,3.8226,1.3871,2.3986,3.8477,1.1292,2.7875,3.6538,1.8366,1.7843,4.0908,0.91508,2.4601,2.7788,1.9128,2.0718,4.3887,0.093129,2.7941,2.8593,1.0823,1.9574,4.2614,0.9529,2.3326,3.0193,1.6377,2.3964,4.5876,0.97772,2.0826,2.838,0.74156,1.9972,2.7404,1.6116,1.7915,3.968,0.91868,2.4583,2.783,1.3773,1.5857,3.8372,2.7627,2.5877,4.6284,1.0851,2.1399,3.6246,1.1269,2.7913,3.6548,1.9758,1.9866,4.4783,1.0781,1.9613,4.2568,1.8537,1.6568,3.4518,1.6622,2.4877,3.9992,2.1154,2.5536,4.92,2.1507,2.3819,3.706,1.1934,3.0698,3.4235,1.447,1.4704,4.2297,0.62334,2.9983,3.6202,1.6221,1.7434,4.2301,0.74292,1.9983,2.7404,0.693,2.1941,3.946,2.6848,2.6022,4.5354,1.9967,2.1251,3.4378,1.3853,2.9122,3.5363,1.0816,2.1986,3.6302,2.5341,2.0034,4.4757,1.4893,1.7337,4.4218,1.6052,2.59,3.5844,2.0617,2.2948,4.0759,2.7006,2.3698,4.9997,0.45282,2.5299,2.9678
867.03,1.9143,246.08,11.987,0.026735,981.81,1.513,1.8318,4.1624,1.2754,2.2286,4.2264,1.2198,1.9805,4.237,2.4903,2.6574,4.2978,0.85845,2.053,4.2311,1.5195,2.4987,3.8937,3.0426,2.8395,5.863,1.2155,1.9825,4.2373,1.7453,1.7004,4.2438,1.2799,2.2269,4.2361,0.85239,2.0615,4.213,2.9069,2.8349,4.5157,5.672,2.7654,1.4235,1.2593,2.8198,3.6442,0.94634,2.1441,3.0162,2.4895,2.0624,4.463,1.4705,1.666,3.9087,0.65493,2.5805,3.8717,2.0098,1.7646,3.4793,1.0875,2.4348,3.0898,0.25339,2.2898,3.5369,1.7822,1.6765,3.3912,2.091,2.8121,4.3924,1.7866,1.6824,3.3943,1.4691,1.6622,3.9167,0.392,2.1404,3.1888,2.049,2.3665,4.4039,1.4743,1.6737,3.201,0.82881,1.891,2.7629,3.037,2.841,5.8493,2.0097,1.7718,3.4806,1.0115,2.7174,2.8887,1.8201,2.5867,4.0098,0.63669,1.881,2.7967,1.0739,2.4402,3.0694,1.9003,1.9161,4.4987,1.6871,1.6797,3.8918,0.51088,2.2017,3.7461,1.1911,2.4458,3.7764,0.99207,2.0726,3.254,2.5622,2.3085,4.3125,2.0812,2.1629,4.694,1.4804,1.6694,3.9178,1.8942,1.9171,4.4957,1.491,2.1799,3.2636,0.81339,2.0943,3.1696,2.4223,2.3806,4.3284,1.9384,2.5994,4.8724,1.9207,2.5981,4.8544,2.5568,2.3105,4.311,1.2852,2.4952,3.9347,1.694,2.2368,4.3047,2.0264,3.0534,3.9644,0.51847,2.4695,2.4892,1.5389,2.0599,4.6172,2.0733,3.0593,4.0151,0.37831,2.3812,3.4186,1.6622,1.6185,4.0807,0.70484,2.0323,3.0856,2.2482,2.246,4.6559,0.65716,2.608,3.0328,0.99295,2.0775,3.2538,0.096892,2.8913,1.9353,1.9994,1.992,4.6003,2.5538,2.3127,4.312,2.6555,2.3291,5.1807,2.1027,2.8006,4.4022,1.0782,1.8359,3.9566,4.631,2.9822,0.51366,0.87873,2.122,3.0419,1.3035,2.0984,4.2778,1.0522,2.0916,3.4872,2.2764,2.7436,4.5409,1.7051,1.5901,4.1535,1.1607,2.5544,3.0833,0.75646,2.4364,3.7623,2.0599,1.9176,3.7282,1.5928,2.4414,3.4667,1.6494,2.5332,3.6059,1.6513,1.6619,4.2507,2.0734,2.7953,4.5475,2.0894,2.7939,4.5627,3.3874,2.7792,6.1493,1.7055,1.5875,4.1536,1.7145,2.0035,3.4507,2.1121,2.9352,4.9119,1.1625,2.555,3.0944,2.628,2.4449,4.977,1.0373,2.6085,4.0671,1.5947,2.4389,3.4675,1.1758,1.8118,4.0944,1.6643,1.6143,4.0792,1.7099,2.0034,3.4446,0.27886,2.943,3.3288,2.8821,2.2951,4.5832,1.3154,1.9486,4.2085,1.2669,2.6792,3.3527,1.4574,2.4582,3.3445,1.8474,1.9744,3.7145,1.9483,2.3572,3.9981,1.0872,2.2855,3.1819,2.5395,2.0401,5.1481,1.2434,2.6794,3.3212,1.448,2.4658,3.3332,0.31554,2.9433,3.3634,0.67135,1.8157,2.8922,1.6931,2.02,4.4365,1.4657,1.8508,4.1256,5.503,2.8966,1.816,0.81953,2.1159,2.7895,1.0331,2.6121,4.0661,2.1736,2.527,3.6232,2.6216,2.4396,4.9667,2.811,2.6988,4.528,2.1495,2.5228,4.5182,2.3494,2.1068,4.2023,0.76534,2.0005,3.3385,0.35293,2.4683,2.9077,0.60281,2.1425,3.7109,2.3864,2.4958,4.4398,0.77313,2.4612,2.8738,1.253,1.59,4.2867,1.6996,2.0094,3.4452,6.1997,2.6882,2.002,3.2536,2.9357,0.00093713,0.76689,2.4536,2.8854,1.6627,1.6328,4.0824,1.4972,1.8697,3.1814,0.75362,2.4597,2.8671,2.1653,2.3452,4.9391,1.1581,2.5627,3.0872,1.0053,1.9614,3.5044,0.51854,1.9796,3.2585,1.7054,2.009,3.4419,2.3859,2.0877,4.2018,2.1531,2.153,4.9858,1.2856,1.7375,3.8082,0.68516,1.9775,2.7597,2.1544,2.1557,4.9922,2.3264,2.1942,4.4763,1.5689,2.3141,3.964,4.25,2.9915,0.17874,1.9538,2.3494,3.9991,0.83569,1.9595,4.1214,1.1945,2.5811,4.224,3.5609,2.8469,6.1222,1.5345,1.6213,3.289,0.30962,2.2997,3.3882,5.1271,2.978,1.0668,0.58988,2.7776,3.291,1.2836,2.51,2.9894,2.1418,2.1414,4.9687,1.4755,2.0875,4.3591,1.526,1.6254,3.2906,1.3831,2.9259,3.3637,0.47121,2.4461,2.7461,0.92318,2.4521,3.0088,0.22511,2.6161,3.3398,1.6162,2.2658,4.132,0.47172,2.4432,2.7357,1.0448,2.1817,3.6509,1.3945,1.7997,4.2926,0.322,2.3049,3.3974,1.5283,1.6154,3.2891,0.46706,2.446,2.7442,3.0429,2.8698,5.9644,1.9948,2.5895,4.0291,1.9817,2.183,4.5994,2.6077,2.7743,5.2444,1.8956,1.9563,3.8955,1.2947,1.8013,3.6928,2.1521,2.1496,4.9836,1.3955,2.6467,3.9953,1.1181,3.0795,2.9573,4.6996,2.9755,0.41712,1.2736,2.6902,4.3464,1.9057,1.9488,3.8831,1.2588,2.6379,2.8788,0.40866,2.7692,3.0083,0.94138,2.8952,4.1318,0.5971,2.5226,2.5992,0.69134,1.9478,2.9742,0.54592,2.4018,3.4188,1.5651,2.1776,4.2397,1.2929,2.6932,4.3631,0.6177,1.959,3.0948,1.9841,1.8864,3.8137,1.1934,1.8352,3.6541,2.4242,2.7151,4.9334,1.3736,1.5461,4.1635,1.3825,2.1559,3.1684,0.63019,1.9587,3.0962,0.47438,2.4461,2.5833,1.6166,2.2668,4.1354,2.4267,2.7127,4.9446,0.62585,1.9627,3.0903,1.567,1.7083,3.3304,0.50363,3.0432,2.4106,0.58869,2.5242,2.5952,2.9356,2.7453,5.9209,6.2019,2.869,2.5884,4.671,2.9786,0.38595,2.332,2.4,3.7295,0.97132,3.076,3.763,1.4204,2.2752,3.5466,0.88673,3.0752,3.6789,2.3618,2.2366,3.7991,1.1908,1.8322,3.6523,2.4269,2.3415,4.5666,2.576,2.6397,4.0408,1.2725,2.6816,4.3445,1.8953,1.9456,3.8921,1.1454,2.7786,3.6713,2.4255,2.479,5.0594,1.608,2.6132,3.3239,2.1668,2.1937,4.1057,0.78493,1.9058,3.3656,2.3319,2.4092,3.7371,2.3345,2.4088,3.7346,2.192,1.9075,4.9173,2.6365,2.2873,4.7914,2.3606,2.2387,3.8012,1.3772,1.5869,3.8421,2.4276,2.7145,4.9436,1.8947,1.9474,3.8938,0.77622,2.1387,3.9791,1.6006,1.8197,4.2559,2.4294,2.7136,4.9484,1.4465,2.3876,3.2625,5.938,2.8847,2.2212,1.8544,1.7976,3.4841,1.9667,3.0093,4.2855,2.0255,1.9524,4.77,1.1176,2.581,4.2885,1.8969,2.1493,4.8669,1.6122,1.7857,3.9653,1.6053,2.0115,3.3778,1.0341,2.7594,3.5839,0.93231,2.8213,3.8295,1.3936,2.4057,3.8506,1.1335,2.7807,3.6564,1.8348,1.7751,4.089,0.91744,2.4591,2.7843,1.9155,2.0749,4.3922,0.10906,2.7918,2.8754,1.0795,1.9554,4.2623,0.95721,2.3288,3.028,1.641,2.3971,4.5883,0.9766,2.0784,2.8414,0.74005,1.9948,2.7396,1.6105,1.7827,3.9678,0.92255,2.4569,2.7904,1.3747,1.5858,3.8377,2.7577,2.5861,4.6236,1.0852,2.1429,3.6225,1.1311,2.7853,3.6579,1.9757,1.9862,4.4801,1.0739,1.9604,4.2562,1.8546,1.6599,3.453,1.6623,2.4926,3.9992,2.1173,2.5523,4.9169,2.1465,2.3831,3.7015,1.2017,3.0667,3.4303,1.4478,1.4729,4.2275,0.62642,2.9973,3.6247,1.6202,1.7371,4.2278,0.74173,1.9979,2.7394,0.6957,2.1941,3.9483,2.6817,2.6011,4.5337,1.9999,2.1226,3.4356,1.3891,2.9045,3.5379,1.081,2.2038,3.6264,2.5363,2.0066,4.4807,1.4878,1.7327,4.4214,1.6009,2.5884,3.5855,2.0609,2.3007,4.0782,2.6937,2.3665,4.9916,0.45915,2.5289,2.9752
867.03,1.9143,246.08,11.987,0.035646,1084.0,1.5092,1.8304,4.1583,1.2743,2.2301,4.2276,1.2154,1.978,4.2385,2.4872,2.6555,4.2966,0.8588,2.0495,4.2367,1.5193,2.5047,3.894,3.055,2.8395,5.879,1.2103,1.9803,4.2384,1.7442,1.6936,4.2423,1.2816,2.2272,4.2413,0.84985,2.0613,4.2115,2.9126,2.8347,4.5186,5.6578,2.7602,1.4073,1.267,2.8097,3.6518,0.94216,2.1435,3.0144,2.492,2.0673,4.4703,1.4696,1.6621,3.9103,0.65414,2.5849,3.8669,2.0118,1.7651,3.482,1.0925,2.4299,3.1026,0.24632,2.2915,3.5269,1.7807,1.6773,3.3929,2.0711,2.8062,4.3702,1.7867,1.6864,3.396,1.4661,1.6573,3.9207,0.39087,2.1433,3.1831,2.0547,2.3713,4.411,1.4739,1.6763,3.2016,0.82781,1.8969,2.7595,3.0471,2.8409,5.8611,2.0116,1.7749,3.4829,1.0152,2.7179,2.8941,1.821,2.5864,4.013,0.63926,1.8857,2.7968,1.0739,2.438,3.0751,1.9019,1.9169,4.5015,1.6899,1.674,3.8909,0.51088,2.2017,3.7467,1.1895,2.4565,3.7723,0.98607,2.0777,3.2471,2.5691,2.3129,4.322,2.0873,2.1687,4.7016,1.482,1.6681,3.9206,1.8937,1.9175,4.4974,1.4918,2.1834,3.2622,0.8091,2.1004,3.1617,2.4244,2.3846,4.3345,1.9356,2.5987,4.865,1.9129,2.5991,4.8429,2.5613,2.3161,4.3201,1.2845,2.4988,3.9297,1.6973,2.2392,4.3095,2.0132,3.049,3.9495,0.52562,2.4694,2.4956,1.5369,2.062,4.6208,2.0718,3.0563,4.0118,0.37273,2.384,3.4107,1.6624,1.6143,4.08,0.70275,2.0368,3.0801,2.2502,2.2484,4.6596,0.66816,2.6034,3.0461,0.98745,2.0834,3.2464,0.089006,2.8916,1.9202,2.0019,1.9955,4.606,2.5577,2.3188,4.3207,2.6471,2.3252,5.1722,2.0866,2.791,4.3849,1.078,1.8301,3.9613,4.6349,2.9748,0.51612,0.87531,2.1234,3.0371,1.3031,2.0979,4.2833,1.0503,2.0938,3.4843,2.2622,2.7386,4.5247,1.7067,1.5869,4.1519,1.1682,2.5527,3.0898,0.759,2.4408,3.7593,2.0617,1.9131,3.7233,1.5896,2.4434,3.4651,1.644,2.5379,3.6049,1.6482,1.6558,4.2508,2.0591,2.7884,4.5321,2.0796,2.7866,4.5528,3.3996,2.7776,6.161,1.7075,1.5828,4.1518,1.7195,2.003,3.45,2.1056,2.9344,4.9069,1.17,2.5538,3.1044,2.6242,2.4442,4.9722,1.0427,2.6105,4.0672,1.5916,2.44,3.4664,1.1717,1.8165,4.0911,1.6654,1.6081,4.0775,1.7132,2.003,3.4414,0.27507,2.9413,3.3263,2.8865,2.2961,4.5914,1.3147,1.9482,4.2097,1.2739,2.6753,3.3651,1.4536,2.4585,3.3444,1.8497,1.9702,3.7096,1.9469,2.3666,4.0003,1.0829,2.2868,3.1791,2.5399,2.0362,5.1477,1.2446,2.6757,3.3262,1.4412,2.4682,3.3298,0.32544,2.9416,3.3732,0.66881,1.8197,2.8831,1.69,2.017,4.4432,1.465,1.8455,4.1282,5.4869,2.8945,1.8001,0.81969,2.1132,2.7934,1.0376,2.6155,4.0661,2.1811,2.5276,3.6236,2.614,2.4371,4.9563,2.8158,2.696,4.5315,2.1443,2.52,4.5115,2.3498,2.1089,4.2059,0.76494,2.0054,3.3339,0.36464,2.4654,2.9196,0.60234,2.143,3.7101,2.3866,2.4896,4.4441,0.78337,2.4593,2.8838,1.252,1.5924,4.2866,1.6979,2.0109,3.4427,6.1598,2.6876,1.9839,3.2697,2.9344,0.31253,0.77635,2.4488,2.9002,1.6634,1.6318,4.0804,1.4984,1.8721,3.1807,0.75784,2.4574,2.8746,2.1637,2.3435,4.9316,1.1641,2.5625,3.0947,1.0067,1.9607,3.5046,0.51318,1.9799,3.2599,1.7074,2.0095,3.4381,2.3859,2.0909,4.2039,2.1575,2.1523,4.9876,1.284,1.7311,3.8114,0.68636,1.9774,2.7619,2.1598,2.1564,4.9967,2.3303,2.1984,4.4836,1.5697,2.3242,3.9644,4.2691,2.9843,0.19626,1.9533,2.355,4.0004,0.83441,1.9575,4.1228,1.2035,2.5851,4.2288,3.5792,2.8434,6.1388,1.5354,1.6231,3.29,0.30363,2.3002,3.3798,5.1255,2.9723,1.0653,0.60235,2.7743,3.3052,1.2907,2.5115,2.9942,2.1423,2.1366,4.9635,1.4758,2.0847,4.3631,1.5261,1.6265,3.2922,1.3855,2.9245,3.3646,0.4802,2.4438,2.7582,0.92099,2.4514,3.011,0.22683,2.6153,3.3398,1.6186,2.2703,4.1353,0.48261,2.4414,2.746,1.0432,2.1873,3.6471,1.3944,1.7967,4.2923,0.32122,2.307,3.3936,1.5281,1.6144,3.2901,0.47597,2.4434,2.7568,3.0665,2.8694,5.9896,1.9898,2.5863,4.0262,1.9867,2.1849,4.6041,2.5958,2.7743,5.2311,1.8974,1.9523,3.8915,1.2949,1.7948,3.6947,2.1556,2.1473,4.9839,1.3926,2.6421,3.989,1.1209,3.0769,2.9584,4.7048,2.9712,0.42041,1.2808,2.692,4.3519,1.907,1.9449,3.882,1.2651,2.6385,2.8858,0.42862,2.7671,3.0313,0.94555,2.8967,4.1351,0.60817,2.5232,2.6083,0.68933,1.954,2.9674,0.54509,2.4036,3.4145,1.5645,2.1784,4.2447,1.3083,2.6958,4.3747,0.61099,1.9628,3.0855,1.9859,1.8818,3.8117,1.1933,1.8302,3.6577,2.4075,2.7112,4.9117,1.3724,1.5544,4.1597,1.3795,2.1558,3.166,0.62749,1.9633,3.088,0.47981,2.4441,2.5903,1.6184,2.2725,4.1391,2.4128,2.7084,4.9285,0.62177,1.9682,3.0801,1.5683,1.7063,3.3317,0.50075,3.0443,2.4047,0.59563,2.5255,2.6011,2.9458,2.7461,5.9333,6.1011,2.8711,2.6083,4.6708,2.974,0.38378,2.3259,2.3966,3.7193,1.0073,3.0733,3.8023,1.4119,2.2842,3.5391,0.9006,3.0736,3.6961,2.3588,2.2361,3.7941,1.1902,1.826,3.6554,2.4274,2.3432,4.5692,2.572,2.6448,4.044,1.2774,2.6808,4.3475,1.8965,1.9385,3.8869,1.1529,2.7714,3.6784,2.4154,2.4759,5.0455,1.6082,2.6097,3.334,2.1662,2.1965,4.107,0.78384,1.9075,3.3627,2.325,2.4094,3.7303,2.3281,2.4076,3.7258,2.1957,1.9154,4.9241,2.6333,2.2863,4.7912,2.3581,2.2387,3.7973,1.3757,1.5877,3.845,2.4125,2.7114,4.9251,1.8958,1.9413,3.8892,0.77546,2.1372,3.9868,1.6001,1.8142,4.2552,2.4162,2.7099,4.9331,1.4465,2.3872,3.2629,5.9429,2.8866,2.2281,1.8528,1.7965,3.4881,1.9607,3.0028,4.2773,2.0307,1.9536,4.7776,1.1257,2.5819,4.2968,1.9031,2.1489,4.8689,1.6117,1.7783,3.9648,1.6054,2.0129,3.3719,1.0412,2.7525,3.5902,0.93915,2.8175,3.8352,1.3997,2.4129,3.8534,1.1372,2.7741,3.6584,1.833,1.7659,4.0874,0.91972,2.4584,2.7894,1.9184,2.0782,4.396,0.12494,2.7893,2.8913,1.0767,1.9535,4.2632,0.96129,2.3252,3.0362,1.6443,2.3976,4.589,0.97545,2.0745,2.8447,0.73862,1.9922,2.7391,1.6094,1.7742,3.9675,0.92622,2.4555,2.7975,1.3721,1.5858,3.8383,2.7531,2.5845,4.6194,1.0851,2.1459,3.6201,1.135,2.7794,3.6608,1.9758,1.9857,4.482,1.0701,1.9595,4.2558,1.8555,1.6627,3.4542,1.6624,2.4974,3.9992,2.1191,2.5509,4.9138,2.1424,2.3844,3.6969,1.2105,3.0636,3.4377,1.4486,1.4753,4.2253,0.62921,2.9963,3.6288,1.6186,1.7308,4.2258,0.74069,1.9973,2.7386,0.69842,2.194,3.9507,2.6785,2.5998,4.5321,2.003,2.1201,3.4333,1.3931,2.8969,3.54,1.0804,2.2092,3.6224,2.5384,2.0099,4.4858,1.4861,1.7316,4.4211,1.5968,2.5869,3.5867,2.0602,2.3065,4.0805,2.6873,2.3634,4.9839,0.46561,2.5281,2.9825
867.03,1.9143,246.08,11.987,0.044558,1180.1,1.5054,1.8289,4.1542,1.2733,2.2316,4.2289,1.2111,1.9755,4.2399,2.4842,2.6537,4.2957,0.85909,2.046,4.2421,1.5191,2.5106,3.8943,3.0673,2.8394,5.8949,1.2052,1.978,4.2394,1.7432,1.6868,4.2408,1.2831,2.2275,4.2465,0.84728,2.061,4.2101,2.918,2.8344,4.5215,5.6442,2.7551,1.3917,1.2742,2.7998,3.6589,0.93804,2.1429,3.0127,2.4947,2.0721,4.4776,1.4687,1.6582,3.9118,0.65353,2.5893,3.8623,2.0139,1.7656,3.4847,1.0968,2.4252,3.1147,0.23925,2.2931,3.5168,1.7792,1.678,3.3945,2.0521,2.8002,4.3489,1.7869,1.6902,3.3976,1.4631,1.6526,3.9246,0.38989,2.146,3.1776,2.0603,2.3757,4.418,1.4735,1.6786,3.2022,0.82692,1.9023,2.7566,3.0573,2.8407,5.873,2.0137,1.7777,3.4853,1.0189,2.7184,2.8995,1.8219,2.5862,4.0163,0.64178,1.8902,2.7969,1.0738,2.4359,3.0805,1.9035,1.9177,4.5044,1.6928,1.6686,3.8901,0.51088,2.2017,3.7473,1.188,2.4669,3.7684,0.9801,2.0827,3.2403,2.576,2.3173,4.3316,2.0935,2.1743,4.7092,1.4836,1.6672,3.9233,1.8934,1.9179,4.4992,1.4928,2.1866,3.2608,0.80458,2.1066,3.1536,2.4266,2.3888,4.3408,1.9329,2.5982,4.8574,1.9054,2.6,4.8316,2.5661,2.3218,4.3295,1.2837,2.5025,3.9248,1.7007,2.2416,4.3143,2.0009,3.0445,3.9357,0.53269,2.4694,2.5019,1.5345,2.0642,4.6242,2.0703,3.0532,4.0087,0.36719,2.3867,3.4029,1.6627,1.6104,4.0793,0.70052,2.0411,3.0747,2.2521,2.2507,4.6629,0.67866,2.5989,3.0591,0.9818,2.0892,3.2389,0.042981,2.8918,1.9054,2.0046,1.9991,4.6117,2.5617,2.325,4.3297,2.6388,2.3211,5.1635,2.0715,2.7811,4.3688,1.0778,1.8243,3.966,4.6382,2.9672,0.51794,0.8719,2.1248,3.0326,1.3029,2.0974,4.2889,1.0483,2.0961,3.4813,2.2487,2.7336,4.5092,1.7084,1.5837,4.1502,1.1756,2.5511,3.096,0.76145,2.4452,3.7563,2.0635,1.9086,3.7185,1.5864,2.4455,3.4636,1.6387,2.5424,3.6041,1.645,1.6499,4.2508,2.0455,2.7814,4.5172,2.0703,2.7793,4.5434,3.4112,2.776,6.1719,1.7096,1.578,4.15,1.7245,2.0027,3.4494,2.0997,2.9338,4.9024,1.1773,2.5526,3.1139,2.6206,2.4435,4.9675,1.0479,2.6123,4.0671,1.5886,2.4411,3.4655,1.1675,1.8208,4.0881,1.6666,1.602,4.0758,1.7165,2.0027,3.4382,0.27196,2.9395,3.3244,2.8907,2.297,4.5994,1.3139,1.948,4.2109,1.2806,2.6714,3.3771,1.4498,2.4588,3.3443,1.852,1.966,3.7048,1.9455,2.3759,4.0027,1.0787,2.288,3.1764,2.5403,2.0324,5.1474,1.2458,2.6721,3.3313,1.4346,2.4705,3.3265,0.33529,2.94,3.383,0.66614,1.8236,2.8739,1.6867,2.014,4.45,1.4642,1.8402,4.1306,5.4711,2.8924,1.7843,0.81974,2.1106,2.7972,1.0418,2.6189,4.066,2.1886,2.5282,3.6239,2.6064,2.4344,4.9459,2.8209,2.6932,4.5354,2.1395,2.5174,4.5051,2.3502,2.1111,4.2096,0.76444,2.0105,3.3293,0.37628,2.4624,2.9316,0.60189,2.1434,3.7093,2.3868,2.4835,4.4486,0.79361,2.4573,2.8937,1.2511,1.5947,4.2863,1.6961,2.0124,3.4402,6.2734,2.6868,1.9659,3.2855,2.9329,4.5445,0.78548,2.444,2.9148,1.6641,1.6305,4.0785,1.4996,1.8744,3.1801,0.7618,2.4552,2.8818,2.1621,2.3417,4.9239,1.1698,2.5625,3.1018,1.0079,1.96,3.5048,0.50772,1.98,3.2614,1.7095,2.01,3.4343,2.386,2.0942,4.2061,2.1618,2.1515,4.9891,1.2824,1.7248,3.8147,0.6876,1.9774,2.7643,2.1651,2.157,5.001,2.3343,2.2026,4.491,1.5706,2.3343,3.9649,4.2865,2.9771,0.21218,1.953,2.3607,4.0018,0.83295,1.9557,4.1238,1.2127,2.589,4.2338,3.5971,2.8398,6.1618,1.5363,1.6252,3.2909,0.29758,2.3005,3.3712,5.1237,2.9665,1.0638,0.61417,2.771,3.3186,1.2976,2.513,2.9988,2.143,2.1319,4.9585,1.476,2.0819,4.3671,1.5263,1.6274,3.2939,1.3881,2.9231,3.3657,0.48919,2.4414,2.7704,0.91885,2.4506,3.0132,0.2284,2.6144,3.3397,1.6211,2.2748,4.1386,0.49331,2.4396,2.7562,1.0415,2.193,3.6432,1.3944,1.7938,4.2919,0.32055,2.309,3.39,1.5279,1.6133,3.2911,0.4848,2.4407,2.7693,3.0898,2.869,6.0145,1.9848,2.5834,4.0234,1.9916,2.1867,4.6086,2.5834,2.7742,5.2173,1.8992,1.9483,3.8875,1.295,1.7883,3.6966,2.1591,2.1449,4.9839,1.3897,2.6377,3.9827,1.1223,3.0745,2.9583,4.7102,2.9668,0.4239,1.2879,2.6937,4.3572,1.9085,1.941,3.881,1.2713,2.6392,2.8927,0.44812,2.7647,3.0539,0.95008,2.8981,4.1388,0.61936,2.5238,2.6174,0.68742,1.9602,2.9609,0.5442,2.4053,3.4101,1.5639,2.179,4.2498,1.3235,2.6982,4.3862,0.60431,1.9664,3.0762,1.9877,1.8773,3.8099,1.1931,1.8253,3.6613,2.3911,2.707,4.8902,1.3712,1.5624,4.1559,1.3763,2.1555,3.1637,0.62478,1.9678,3.0799,0.48514,2.4421,2.5972,1.6203,2.2785,4.1429,2.3992,2.704,4.9126,0.61753,1.9736,3.0697,1.5695,1.7042,3.3329,0.49749,3.0454,2.3985,0.6025,2.527,2.607,2.9563,2.7468,5.946,0.58254,2.8731,2.6284,4.671,2.9694,0.38219,2.32,2.3932,3.7091,1.0401,3.0705,3.8385,1.4031,2.2935,3.5313,0.91364,3.0719,3.7126,2.3556,2.2356,3.789,1.1895,1.8198,3.6586,2.428,2.3449,4.5718,2.5679,2.6499,4.0472,1.2825,2.68,4.3504,1.8977,1.9314,3.8817,1.1599,2.7642,3.6849,2.4056,2.4728,5.0315,1.6084,2.6063,3.3442,2.1656,2.1995,4.1084,0.78265,1.9093,3.3599,2.3181,2.4097,3.7237,2.3218,2.4065,3.717,2.1994,1.9229,4.9309,2.6301,2.2854,4.7911,2.3555,2.2388,3.7934,1.3742,1.5885,3.8478,2.3977,2.7083,4.9069,1.8969,1.9353,3.8847,0.77483,2.1357,3.9946,1.5996,1.8088,4.2545,2.4034,2.7061,4.9182,1.4465,2.3869,3.2632,5.948,2.8886,2.2351,1.8513,1.7954,3.4922,1.9543,2.9962,4.2685,2.0361,1.9547,4.7853,1.1337,2.5828,4.3049,1.9091,2.1486,4.8707,1.6113,1.7709,3.9644,1.6056,2.0144,3.3663,1.0476,2.746,3.5958,0.94541,2.8137,3.8401,1.4056,2.4198,3.8563,1.1407,2.7676,3.6601,1.8312,1.7568,4.0859,0.92194,2.4578,2.7944,1.9214,2.0816,4.3999,0.14066,2.7866,2.9068,1.0738,1.9515,4.2641,0.96513,2.3219,3.0441,1.6476,2.3982,4.5899,0.97425,2.0706,2.8479,0.73726,1.9896,2.7388,1.6084,1.7656,3.9672,0.92972,2.4543,2.8045,1.3694,1.5857,3.8389,2.749,2.583,4.6157,1.0851,2.1492,3.6177,1.1389,2.7736,3.6638,1.9759,1.9853,4.4839,1.0663,1.9583,4.2556,1.8567,1.6653,3.4554,1.6626,2.502,3.9992,2.1209,2.5495,4.9106,2.1383,2.3858,3.6923,1.2196,3.0605,3.4453,1.4494,1.4777,4.2232,0.63158,2.9952,3.6325,1.6171,1.7245,4.224,0.73973,1.9966,2.738,0.70112,2.1938,3.9531,2.6755,2.5986,4.5306,2.0062,2.1177,3.4312,1.3972,2.8894,3.5422,1.0797,2.2148,3.6182,2.5405,2.0132,4.4911,1.4844,1.7304,4.4209,1.5928,2.5855,3.588,2.0595,2.3122,4.0829,2.6812,2.3604,4.9765,0.47209,2.5273,2.9899
867.03,1.9143,246.08,11.987,0.053469,1271.2,1.5018,1.8272,4.1503,1.2725,2.233,4.2304,1.2068,1.9729,4.2412,2.4814,2.6519,4.295,0.85933,2.0426,4.2473,1.5189,2.5162,3.8947,3.0796,2.8392,5.9108,1.2,1.9756,4.2403,1.7422,1.6801,4.2392,1.2846,2.2277,4.2517,0.84474,2.0606,4.2087,2.9233,2.8342,4.5244,5.6309,2.7498,1.3765,1.2809,2.7899,3.6655,0.93396,2.1422,3.011,2.4975,2.0771,4.4851,1.4677,1.6545,3.9133,0.65293,2.5936,3.8577,2.016,1.766,3.4874,1.1005,2.4206,3.1259,0.23211,2.2946,3.5067,1.7777,1.6786,3.396,2.0339,2.7941,4.3282,1.7873,1.6938,3.3991,1.4602,1.6481,3.9283,0.38905,2.1487,3.1723,2.0656,2.3797,4.4246,1.4729,1.6808,3.2028,0.82614,1.9073,2.754,3.0677,2.8405,5.8851,2.0159,1.7802,3.4876,1.0227,2.7189,2.905,1.8228,2.5862,4.0196,0.64426,1.8946,2.7971,1.0735,2.4339,3.0857,1.9052,1.9184,4.5073,1.6956,1.6635,3.8896,0.51089,2.2017,3.748,1.1865,2.4768,3.7648,0.97417,2.0874,3.2335,2.5832,2.3216,4.3412,2.0998,2.1797,4.7167,1.4853,1.6665,3.9259,1.8931,1.9184,4.5009,1.4938,2.1896,3.2594,0.79985,2.1128,3.1453,2.429,2.3929,4.3471,1.9301,2.5978,4.8496,1.8981,2.6009,4.8202,2.5711,2.3274,4.3392,1.2829,2.5062,3.92,1.7041,2.244,4.3193,1.9893,3.04,3.9227,0.53972,2.4695,2.5082,1.532,2.0666,4.6274,2.0687,3.0501,4.0055,0.3617,2.3893,3.3953,1.6629,1.6066,4.0785,0.69818,2.0451,3.0694,2.2539,2.2527,4.666,0.68874,2.5944,3.0719,0.97605,2.0949,3.2313,0.020713,2.892,1.8911,2.0076,2.0028,4.6176,2.566,2.3313,4.339,2.6306,2.317,5.1547,2.0572,2.7711,4.3537,1.0776,1.8186,3.9707,4.6411,2.9595,0.51924,0.86851,2.1259,3.0283,1.3027,2.0968,4.2943,1.0462,2.0985,3.4784,2.2358,2.7286,4.4943,1.7101,1.5805,4.1485,1.1827,2.5496,3.102,0.76382,2.4496,3.7531,2.0652,1.9041,3.7137,1.5834,2.4475,3.4623,1.6337,2.5467,3.6038,1.6418,1.6443,4.2507,2.0323,2.7743,4.5027,2.0615,2.772,4.5344,3.4225,2.7743,6.1825,1.7118,1.5733,4.1481,1.7296,2.0023,3.4491,2.0943,2.9332,4.8984,1.1843,2.5515,3.1232,2.617,2.4428,4.9628,1.0529,2.6141,4.0666,1.5855,2.4423,3.4646,1.1632,1.8246,4.0854,1.6678,1.5962,4.074,1.7197,2.0023,3.4353,0.26935,2.9377,3.3229,2.8949,2.2977,4.6073,1.3131,1.9478,4.2121,1.2868,2.6676,3.3887,1.446,2.4592,3.3443,1.8543,1.9617,3.6999,1.9442,2.3851,4.0051,1.0746,2.2893,3.1739,2.5408,2.0287,5.1473,1.247,2.6686,3.3365,1.428,2.4727,3.3232,0.34494,2.9383,3.3926,0.66334,1.8275,2.8648,1.6833,2.0111,4.4567,1.4634,1.8349,4.133,5.4554,2.8902,1.7685,0.81963,2.1082,2.8007,1.046,2.6223,4.0656,2.196,2.5288,3.6241,2.5988,2.4316,4.9356,2.8263,2.6904,4.5396,2.135,2.5149,4.4992,2.3507,2.1136,4.2137,0.76383,2.0157,3.3245,0.38788,2.4594,2.9437,0.60144,2.1437,3.7085,2.387,2.4776,4.4532,0.80384,2.4552,2.9037,1.2501,1.597,4.286,1.6943,2.0138,3.4377,6.2193,2.6858,1.9477,3.301,2.9314,1.0577,0.79425,2.4391,2.9291,1.6647,1.6291,4.0766,1.5009,1.8767,3.1795,0.76549,2.453,2.8887,2.1606,2.3399,4.9162,1.1753,2.5625,3.1088,1.0092,1.9592,3.505,0.50211,1.9801,3.2631,1.7115,2.0104,3.4305,2.3861,2.0976,4.2086,2.166,2.1508,4.9906,1.2808,1.7186,3.8179,0.68885,1.9773,2.7667,2.1704,2.1575,5.0052,2.3383,2.2068,4.4983,1.5714,2.3442,3.9655,4.3026,2.9698,0.22687,1.9528,2.3664,4.0033,0.83134,1.954,4.1243,1.222,2.5929,4.2387,3.6146,2.8362,6.1804,1.5373,1.6273,3.2919,0.29151,2.3009,3.3625,5.1217,2.9607,1.0621,0.62535,2.7676,3.3313,1.3043,2.5146,3.0032,2.1438,2.1273,4.9539,1.4761,2.079,4.3711,1.5265,1.6283,3.2956,1.3907,2.9219,3.3668,0.49816,2.4391,2.7826,0.91682,2.4498,3.0155,0.22982,2.6135,3.3395,1.6237,2.2795,4.1419,0.50385,2.4378,2.7663,1.0397,2.199,3.6391,1.3945,1.7909,4.2914,0.31998,2.311,3.3866,1.5278,1.6121,3.2921,0.49354,2.4381,2.7817,3.1128,2.8683,6.0393,1.98,2.5806,4.021,1.9965,2.1884,4.6131,2.5705,2.7741,5.2029,1.901,1.9442,3.8835,1.2951,1.7819,3.6986,2.1626,2.1425,4.984,1.3869,2.6335,3.9765,1.1225,3.0723,2.9571,4.7155,2.9624,0.4275,1.2947,2.6954,4.3622,1.9099,1.9371,3.8801,1.2774,2.64,2.8995,0.46717,2.7623,3.076,0.95494,2.8991,4.1428,0.63069,2.5245,2.6267,0.68562,1.9662,2.9546,0.5433,2.4068,3.4059,1.5634,2.1793,4.2548,1.3386,2.7004,4.3976,0.59769,1.97,3.0668,1.9895,1.8728,3.808,1.1929,1.8203,3.6648,2.3751,2.7028,4.869,1.37,1.5702,4.1521,1.3731,2.1552,3.1614,0.62207,1.9722,3.0718,0.49039,2.4401,2.6041,1.6226,2.2847,4.1468,2.3858,2.6995,4.8968,0.61313,1.9789,3.0592,1.5707,1.7022,3.3342,0.49362,3.0465,2.3918,0.60926,2.5285,2.6128,2.9671,2.7473,5.959,0.8208,2.8749,2.6489,4.6717,2.9646,0.38109,2.3143,2.3897,3.699,1.0702,3.0675,3.8717,1.3941,2.3029,3.5234,0.92624,3.0702,3.7286,2.3524,2.235,3.7839,1.1888,1.8135,3.6619,2.4286,2.3466,4.5742,2.5638,2.6549,4.0504,1.2875,2.6793,4.3533,1.8987,1.9241,3.8766,1.1665,2.7572,3.6911,2.396,2.4697,5.0176,1.6087,2.6029,3.3544,2.165,2.2026,4.1099,0.78137,1.9111,3.357,2.3113,2.4099,3.717,2.3154,2.4053,3.7083,2.2032,1.93,4.9376,2.627,2.2844,4.791,2.3529,2.239,3.7896,1.3727,1.5891,3.8506,2.3832,2.705,4.8889,1.898,1.9292,3.8803,0.77429,2.1341,4.0023,1.599,1.8035,4.2538,2.3909,2.7023,4.9035,1.4466,2.3866,3.2635,5.9532,2.8907,2.2423,1.85,1.7943,3.4961,1.9475,2.9896,4.2593,2.0416,1.9558,4.7927,1.1415,2.5839,4.3129,1.9151,2.1483,4.8724,1.6109,1.7636,3.9641,1.6057,2.016,3.361,1.0535,2.7397,3.6007,0.95117,2.8101,3.8444,1.4115,2.4264,3.8592,1.1438,2.7614,3.6613,1.8295,1.7477,4.0843,0.92409,2.4572,2.7993,1.9246,2.0851,4.4039,0.15626,2.7838,2.9222,1.0711,1.9496,4.2649,0.96864,2.3187,3.0516,1.651,2.399,4.5908,0.97295,2.0669,2.8508,0.73595,1.987,2.7386,1.6074,1.7571,3.967,0.93304,2.453,2.8113,1.3668,1.5854,3.8395,2.7452,2.5815,4.6125,1.0851,2.1526,3.6151,1.1426,2.7679,3.6667,1.976,1.9849,4.4858,1.0627,1.9571,4.2555,1.8579,1.6676,3.4567,1.6627,2.5064,3.9992,2.1228,2.5482,4.9075,2.1342,2.3873,3.6876,1.2289,3.0574,3.4533,1.4502,1.4801,4.221,0.63349,2.9941,3.6357,1.6158,1.7184,4.2223,0.73885,1.9958,2.7376,0.70379,2.1938,3.9555,2.6725,2.5973,4.5294,2.0095,2.1152,3.4293,1.4011,2.8821,3.5446,1.0788,2.2205,3.6138,2.5426,2.0166,4.4964,1.4827,1.7292,4.4207,1.589,2.5841,3.5896,2.0589,2.3179,4.0854,2.6755,2.3575,4.9696,0.47855,2.5266,2.9971
867.03,1.9143,246.08,11.987,0.062381,1359.3,1.4981,1.8253,4.1464,1.2719,2.2343,4.2321,1.2024,1.9701,4.2423,2.4787,2.6503,4.2946,0.85952,2.0394,4.2523,1.5187,2.5215,3.895,3.0922,2.8389,5.9269,1.1948,1.9732,4.2412,1.7413,1.6734,4.2376,1.286,2.2279,4.257,0.84231,2.0601,4.2075,2.9286,2.834,4.5273,5.618,2.7444,1.3617,1.2873,2.7801,3.6717,0.92993,2.1415,3.0094,2.5004,2.0823,4.4928,1.4667,1.6509,3.9148,0.6522,2.5979,3.853,2.0181,1.7663,3.49,1.1035,2.4163,3.1363,0.22483,2.2962,3.4962,1.7763,1.679,3.3976,2.0166,2.788,4.3084,1.7876,1.6972,3.4007,1.4572,1.6437,3.9318,0.38841,2.1512,3.1675,2.0707,2.3833,4.431,1.4724,1.6829,3.2033,0.8255,1.912,2.752,3.0783,2.8403,5.8972,2.0183,1.7825,3.4899,1.0264,2.7194,2.9106,1.8238,2.5863,4.0229,0.64674,1.8988,2.7974,1.073,2.4319,3.0907,1.9069,1.9191,4.5103,1.6984,1.6588,3.8892,0.51093,2.2017,3.7487,1.1853,2.4859,3.7617,0.96831,2.092,3.227,2.5905,2.3258,4.351,2.106,2.1848,4.7241,1.487,1.6659,3.9285,1.893,1.9189,4.5028,1.4949,2.1926,3.2581,0.7949,2.1188,3.1368,2.4314,2.397,4.3534,1.9273,2.5974,4.8416,1.8912,2.6018,4.809,2.5766,2.333,4.3494,1.282,2.5099,3.9152,1.7078,2.2465,4.3243,1.978,3.0354,3.91,0.54681,2.4696,2.5145,1.5292,2.069,4.6303,2.0669,3.0468,4.002,0.35626,2.3918,3.3879,1.6631,1.6032,4.0778,0.69583,2.0489,3.0642,2.2555,2.2545,4.6687,0.69835,2.5899,3.0844,0.97022,2.1004,3.2237,0.13231,2.892,1.8773,2.0108,2.0066,4.6237,2.5706,2.3376,4.3487,2.6225,2.3129,5.1458,2.0439,2.7608,4.3395,1.0774,1.8129,3.9753,4.6436,2.9515,0.52013,0.86519,2.127,3.0242,1.3027,2.0963,4.2997,1.0441,2.1009,3.4754,2.2234,2.7238,4.4801,1.7119,1.5774,4.1469,1.1896,2.548,3.1076,0.76612,2.4538,3.75,2.067,1.8997,3.709,1.5803,2.4495,3.461,1.6291,2.5508,3.604,1.6387,1.639,4.2506,2.0194,2.767,4.4884,2.053,2.7648,4.5258,3.4334,2.7725,6.193,1.714,1.5687,4.1462,1.7347,2.002,3.449,2.0894,2.9326,4.8948,1.191,2.5505,3.1321,2.6136,2.4421,4.9584,1.0575,2.6157,4.0658,1.5825,2.4435,3.4637,1.1588,1.8277,4.0829,1.6692,1.5907,4.0723,1.723,2.002,3.4324,0.26705,2.9359,3.3216,2.899,2.2981,4.6149,1.3123,1.9476,4.2133,1.2927,2.6639,3.3997,1.4424,2.4596,3.3444,1.8567,1.9574,3.6951,1.943,2.3941,4.0077,1.0705,2.2904,3.1714,2.5413,2.025,5.1474,1.2482,2.6652,3.3419,1.4215,2.4748,3.32,0.35434,2.9366,3.4019,0.6604,1.8312,2.8555,1.6798,2.0082,4.4634,1.4627,1.8298,4.1353,5.4396,2.8878,1.7526,0.81934,2.1059,2.8038,1.0499,2.6258,4.0651,2.2034,2.5293,3.624,2.5913,2.4288,4.9253,2.832,2.6876,4.5441,2.1309,2.5127,4.4937,2.3512,2.1163,4.2179,0.76307,2.0211,3.3193,0.39949,2.4564,2.9558,0.60099,2.1441,3.7076,2.3872,2.4719,4.4579,0.81405,2.4531,2.9137,1.249,1.5993,4.2855,1.6922,2.0152,3.4352,6.168,2.6846,1.9295,3.3162,2.9298,5.868,0.80255,2.4343,2.943,1.6653,1.6277,4.0747,1.5022,1.879,3.1788,0.76886,2.4509,2.8953,2.1592,2.338,4.9086,1.1806,2.5625,3.1155,1.0104,1.9584,3.5052,0.49628,1.9801,3.265,1.7136,2.0107,3.4268,2.3863,2.1012,4.2112,2.1702,2.1499,4.992,1.2792,1.7126,3.8211,0.69008,1.9773,2.769,2.1755,2.158,5.0092,2.3425,2.2109,4.5057,1.5721,2.3539,3.966,4.3176,2.9625,0.24069,1.9526,2.3723,4.0049,0.82962,1.9526,4.1245,1.2313,2.5967,4.2435,3.6316,2.8327,6.1757,1.5383,1.6296,3.2928,0.28545,2.3012,3.3537,5.1195,2.9547,1.0603,0.63588,2.7643,3.3432,1.3108,2.516,3.0073,2.145,2.1229,4.9498,1.4761,2.0757,4.375,1.5267,1.6291,3.2972,1.3932,2.9205,3.3679,0.50715,2.4367,2.7949,0.91494,2.4489,3.0181,0.23113,2.6126,3.339,1.6263,2.2842,4.1454,0.51425,2.4361,2.7764,1.0378,2.2052,3.6348,1.3945,1.7881,4.2907,0.31952,2.3129,3.3834,1.5276,1.6109,3.2931,0.5022,2.4354,2.794,3.1355,2.8676,6.064,1.9754,2.5781,4.0187,2.0014,2.1899,4.6175,2.5569,2.7739,5.1878,1.9026,1.94,3.8795,1.2951,1.7755,3.7005,2.1661,2.1399,4.9841,1.3842,2.6294,3.9703,1.1219,3.0702,2.9553,4.7208,2.9579,0.43117,1.3014,2.6969,4.367,1.9115,1.9333,3.8792,1.2834,2.6407,2.9063,0.48568,2.7599,3.0974,0.96012,2.8999,4.1473,0.64214,2.5252,2.6361,0.68398,1.9721,2.9486,0.5425,2.4081,3.402,1.563,2.1795,4.2599,1.3534,2.7024,4.4087,0.59118,1.9734,3.0574,1.9913,1.8685,3.8063,1.1927,1.8152,3.6685,2.3596,2.6986,4.8482,1.3686,1.5777,4.1482,1.3699,2.1549,3.1591,0.61937,1.9766,3.0639,0.49556,2.4382,2.611,1.625,2.2912,4.1508,2.3727,2.695,4.8812,0.60857,1.9842,3.0487,1.5718,1.7001,3.3354,0.48914,3.0475,2.3844,0.61589,2.5301,2.6184,2.9781,2.7477,5.9721,4.0263,2.8766,2.6699,4.6727,2.9599,0.38049,2.3087,2.386,3.6888,1.0977,3.0642,3.9024,1.3849,2.3122,3.5152,0.93892,3.0685,3.7447,2.3492,2.2345,3.7788,1.1881,1.807,3.6652,2.4291,2.3482,4.5764,2.5597,2.6597,4.0536,1.2925,2.6786,4.3561,1.8998,1.9168,3.8715,1.1727,2.7503,3.6968,2.3867,2.4665,5.0037,1.609,2.5994,3.3647,2.1645,2.2059,4.1116,0.77996,1.913,3.3539,2.3044,2.4101,3.7103,2.3091,2.4041,3.6995,2.2072,1.9366,4.9442,2.624,2.2835,4.7908,2.3504,2.2392,3.7859,1.3713,1.5897,3.8534,2.3689,2.7017,4.8711,1.8992,1.9231,3.8759,0.77386,2.1324,4.0102,1.5985,1.7982,4.2531,2.3787,2.6985,4.8891,1.4465,2.3864,3.2637,5.9586,2.8928,2.2498,1.8488,1.7932,3.5,1.9402,2.9828,4.2497,2.0473,1.9569,4.8,1.1491,2.5848,4.3208,1.9209,2.1481,4.874,1.6104,1.7564,3.9637,1.6059,2.0177,3.3559,1.0587,2.7338,3.6049,0.95642,2.8067,3.8481,1.4171,2.4328,3.862,1.1467,2.7555,3.6623,1.8277,1.7386,4.0827,0.92616,2.4566,2.8039,1.9279,2.0888,4.4079,0.17186,2.7807,2.9375,1.0683,1.9478,4.2656,0.97165,2.3158,3.0585,1.6545,2.3998,4.5918,0.9715,2.0635,2.8533,0.73465,1.9845,2.7384,1.6063,1.7488,3.9668,0.93618,2.4518,2.818,1.3641,1.5851,3.8402,2.7418,2.5801,4.6098,1.085,2.1561,3.6125,1.1462,2.7624,3.6692,1.976,1.9845,4.4879,1.0591,1.9559,4.2553,1.8592,1.6698,3.4579,1.6627,2.5105,3.9991,2.1244,2.547,4.9043,2.1301,2.3889,3.6829,1.2383,3.0542,3.4613,1.4509,1.4826,4.2187,0.63488,2.9932,3.6384,1.6145,1.7122,4.2207,0.73803,1.9951,2.7372,0.70644,2.1938,3.9579,2.6697,2.5961,4.5283,2.0128,2.1128,3.4275,1.4051,2.8747,3.5472,1.0776,2.2264,3.6093,2.5449,2.0201,4.5018,1.4811,1.728,4.4205,1.5856,2.5827,3.5915,2.0583,2.3235,4.0879,2.6702,2.3548,4.9631,0.48494,2.526,3.0041
867.03,1.9143,246.08,11.987,0.071292,1444.5,1.4945,1.8234,4.1426,1.2716,2.2355,4.2339,1.198,1.9673,4.2432,2.4761,2.6487,4.2944,0.85965,2.0364,4.2571,1.5185,2.5266,3.8953,3.1051,2.8385,5.9431,1.1897,1.9706,4.2419,1.7405,1.6668,4.2359,1.2873,2.2281,4.2622,0.83997,2.0595,4.2065,2.9339,2.8337,4.5303,5.6053,2.7388,1.3472,1.2932,2.7705,3.6775,0.92593,2.1408,3.0078,2.5036,2.0875,4.5008,1.4657,1.6476,3.9163,0.65127,2.6022,3.848,2.0203,1.7665,3.4927,1.1055,2.4123,3.1457,0.21738,2.2978,3.4855,1.7748,1.6793,3.3991,2.0002,2.7818,4.2893,1.788,1.7005,3.4021,1.4543,1.6395,3.9353,0.38795,2.1536,3.1629,2.0755,2.3865,4.4369,1.4718,1.6848,3.2039,0.82498,1.9163,2.7504,3.089,2.84,5.9096,2.0208,1.7846,3.4922,1.0302,2.7198,2.9161,1.8248,2.5866,4.0262,0.64921,1.9028,2.7979,1.0723,2.4299,3.0955,1.9085,1.9198,4.5133,1.7012,1.6544,3.8891,0.51102,2.2016,3.7495,1.1844,2.4944,3.7593,0.96255,2.0963,3.2207,2.5981,2.3298,4.3609,2.1122,2.1896,4.7312,1.4888,1.6654,3.9312,1.893,1.9195,4.5047,1.496,2.1954,3.2568,0.78974,2.1248,3.1282,2.4337,2.401,4.3595,1.9245,2.5972,4.8333,1.8846,2.6026,4.7979,2.5824,2.3386,4.36,1.2812,2.5135,3.9104,1.7117,2.2491,4.3293,1.9671,3.0307,3.8977,0.55395,2.4697,2.5209,1.5263,2.0716,4.6327,2.0649,3.0434,3.9982,0.35091,2.3941,3.3807,1.6633,1.6,4.0771,0.69346,2.0526,3.0591,2.257,2.256,4.6711,0.70749,2.5854,3.0967,0.96434,2.1057,3.216,0.025418,2.8919,1.8642,2.0143,2.0104,4.6299,2.5756,2.344,4.359,2.6146,2.3087,5.1368,2.0313,2.7504,4.3262,1.0773,1.8072,3.9799,4.6457,2.9434,0.5207,0.86193,2.1278,3.0202,1.3026,2.0958,4.305,1.042,2.1032,3.4723,2.2116,2.719,4.4664,1.7137,1.5744,4.1453,1.1961,2.5466,3.1129,0.76834,2.4578,3.7468,2.0689,1.8953,3.7044,1.5772,2.4515,3.4597,1.6249,2.5546,3.6047,1.6356,1.634,4.2504,2.0069,2.7595,4.4745,2.0448,2.7574,4.5175,3.444,2.7708,6.2026,1.7162,1.5643,4.1443,1.7399,2.0018,3.4491,2.0851,2.932,4.8917,1.1973,2.5496,3.1407,2.6104,2.4416,4.9541,1.0619,2.6171,4.0647,1.5794,2.4447,3.463,1.1544,1.8305,4.0808,1.6705,1.5854,4.0707,1.7264,2.0017,3.4296,0.265,2.9341,3.3206,2.903,2.2984,4.6222,1.3115,1.9474,4.2146,1.2981,2.6604,3.4103,1.4389,2.4601,3.3446,1.8592,1.9531,3.6903,1.942,2.4029,4.0106,1.0665,2.2915,3.1691,2.542,2.0215,5.1476,1.2494,2.6618,3.3473,1.4152,2.4769,3.317,0.36339,2.9348,3.4109,0.65736,1.8349,2.8463,1.6761,2.0053,4.4701,1.4619,1.8247,4.1374,5.4237,2.8853,1.7367,0.81888,2.1039,2.8066,1.0535,2.6292,4.0643,2.2108,2.5298,3.6238,2.5837,2.4259,4.915,2.8379,2.6847,4.5488,2.1271,2.5108,4.4886,2.3519,2.1193,4.2224,0.76216,2.0268,3.3139,0.4111,2.4533,2.9681,0.60052,2.1445,3.7068,2.3875,2.4664,4.4626,0.82423,2.4511,2.9236,1.2478,1.6016,4.285,1.6901,2.0165,3.4326,6.1621,2.6832,1.9111,3.3311,2.9281,0.060614,0.81033,2.4295,2.9564,1.6659,1.6262,4.0729,1.5035,1.8812,3.1781,0.7719,2.449,2.9015,2.1579,2.3362,4.9011,1.1858,2.5625,3.1221,1.0116,1.9576,3.5054,0.49025,1.9801,3.2672,1.7157,2.0109,3.423,2.3865,2.1049,4.2139,2.1744,2.1489,4.9932,1.2775,1.7068,3.8242,0.69131,1.9772,2.7713,2.1806,2.1583,5.013,2.3466,2.2149,4.5132,1.5728,2.3632,3.9664,4.3317,2.9551,0.25378,1.9526,2.3782,4.0065,0.82782,1.9514,4.1244,1.2407,2.6005,4.2483,3.6482,2.8291,6.2085,1.5394,1.6318,3.2938,0.27943,2.3014,3.345,5.117,2.9486,1.0585,0.64575,2.7608,3.3543,1.3171,2.5175,3.0113,2.1464,2.1187,4.946,1.4759,2.0723,4.3789,1.5269,1.6298,3.2988,1.3956,2.9192,3.3687,0.51613,2.4344,2.8073,0.9132,2.448,3.0208,0.23233,2.6117,3.3384,1.629,2.2891,4.1489,0.5245,2.4345,2.7864,1.0359,2.2117,3.6303,1.3946,1.7854,4.29,0.31917,2.3146,3.3803,1.5275,1.6097,3.2941,0.51076,2.4327,2.8063,3.1577,2.8667,6.0876,1.9708,2.5756,4.0167,2.0063,2.1913,4.6218,2.5427,2.7735,5.1721,1.9042,1.9356,3.8755,1.295,1.7692,3.7023,2.1697,2.1373,4.9842,1.3815,2.6255,3.9642,1.1207,3.0683,2.9527,4.7261,2.9534,0.43491,1.3079,2.6983,4.3716,1.913,1.9296,3.8785,1.2893,2.6415,2.913,0.5036,2.7574,3.1182,0.96562,2.9004,4.152,0.65372,2.5258,2.6456,0.68252,1.9778,2.943,0.54184,2.4093,3.3983,1.5627,2.1794,4.265,1.368,2.7043,4.4196,0.58482,1.9767,3.048,1.9929,1.8643,3.8048,1.1924,1.8101,3.6722,2.3446,2.6944,4.8279,1.3672,1.5848,4.1443,1.3666,2.1545,3.157,0.61668,1.981,3.0561,0.50068,2.4363,2.6178,1.6279,2.298,4.1548,2.3598,2.6904,4.8659,0.60387,1.9894,3.0382,1.5729,1.6981,3.3367,0.48395,3.0484,2.3763,0.62236,2.5316,2.6238,2.9894,2.7479,5.9855,6.2534,2.8781,2.6913,4.6741,2.9552,0.38038,2.3033,2.3821,3.6786,1.1227,3.0607,3.9308,1.3756,2.3216,3.5069,0.95163,3.0668,3.7607,2.3461,2.234,3.7738,1.1873,1.8003,3.6687,2.4295,2.3496,4.5783,2.5555,2.6643,4.0568,1.2975,2.6779,4.3588,1.9008,1.9093,3.8665,1.1784,2.7437,3.702,2.3776,2.4632,4.9899,1.6093,2.5959,3.3751,2.1641,2.2093,4.1135,0.77844,1.9148,3.3507,2.2976,2.4103,3.7035,2.3029,2.4028,3.6907,2.2115,1.9427,4.9506,2.6209,2.2825,4.7906,2.3478,2.2395,3.7822,1.3698,1.5902,3.8563,2.355,2.6983,4.8535,1.9003,1.9171,3.8715,0.77354,2.1307,4.018,1.598,1.7929,4.2524,2.3669,2.6947,4.8749,1.4464,2.3864,3.2637,5.9643,2.8948,2.2575,1.8478,1.7921,3.5037,1.9326,2.976,4.2398,2.0532,1.958,4.8072,1.1563,2.5857,4.3285,1.9267,2.1479,4.8756,1.61,1.7494,3.9634,1.6063,2.0194,3.3511,1.0633,2.7282,3.6085,0.96125,2.8035,3.8512,1.4225,2.4389,3.865,1.1493,2.7498,3.6629,1.8259,1.7296,4.0812,0.92816,2.456,2.8084,1.9314,2.0927,4.4122,0.18746,2.7775,2.9528,1.0655,1.946,4.2663,0.9742,2.313,3.0648,1.658,2.4006,4.5928,0.96989,2.0602,2.8554,0.73335,1.9822,2.7382,1.6053,1.7406,3.9666,0.93915,2.4506,2.8245,1.3613,1.5847,3.8408,2.7386,2.5789,4.6076,1.0849,2.1598,3.6096,1.1495,2.7571,3.6714,1.9761,1.9841,4.4899,1.0555,1.9547,4.2551,1.8605,1.6719,3.4591,1.6627,2.5142,3.999,2.1259,2.5457,4.901,2.126,2.3905,3.6781,1.2478,3.0509,3.4694,1.4517,1.4851,4.2165,0.63573,2.9923,3.6405,1.6134,1.7061,4.2191,0.73725,1.9943,2.7369,0.70906,2.1937,3.9602,2.667,2.5949,4.5274,2.0163,2.1105,3.4261,1.4092,2.8674,3.5501,1.0764,2.2324,3.6046,2.5472,2.0237,4.5075,1.4794,1.7268,4.4205,1.5824,2.5814,3.5937,2.0577,2.329,4.0906,2.6653,2.3522,4.957,0.49125,2.5255,3.0109
867.03,1.9143,246.08,11.987,0.080204,1526.0,1.491,1.8212,4.1389,1.2715,2.2367,4.2361,1.1936,1.9645,4.244,2.4736,2.647,4.2942,0.85972,2.0337,4.2617,1.5183,2.5315,3.8956,3.118,2.8379,5.9595,1.1846,1.968,4.2427,1.7397,1.6601,4.234,1.2886,2.2282,4.2674,0.83769,2.0588,4.2056,2.9392,2.8334,4.5333,5.593,2.7331,1.3331,1.2989,2.761,3.683,0.92194,2.14,3.0061,2.5069,2.0927,4.5089,1.4646,1.6445,3.9178,0.65021,2.6063,3.8429,2.0226,1.7667,3.4953,1.1069,2.4085,3.1543,0.20984,2.2994,3.4746,1.7733,1.6796,3.4007,1.9845,2.7755,4.271,1.7885,1.7036,3.4036,1.4515,1.6355,3.9386,0.38761,2.1559,3.1586,2.0801,2.3894,4.4426,1.4711,1.6868,3.2044,0.82455,1.9203,2.7491,3.1,2.8397,5.922,2.0233,1.7867,3.4946,1.0339,2.7202,2.9217,1.8259,2.5869,4.0295,0.65166,1.9067,2.7984,1.0716,2.4278,3.1002,1.9103,1.9204,4.5163,1.704,1.6503,3.8892,0.51119,2.2015,3.7504,1.1838,2.5023,3.7573,0.95687,2.1004,3.2144,2.6057,2.3337,4.3709,2.1185,2.1943,4.7384,1.4907,1.6651,3.9337,1.8932,1.9202,4.5067,1.4973,2.198,3.2555,0.78438,2.1308,3.1195,2.436,2.4048,4.3657,1.9217,2.5972,4.8248,1.8782,2.6034,4.7868,2.5886,2.3442,4.371,1.2803,2.5171,3.9057,1.7158,2.2517,4.3343,1.9565,3.0259,3.8859,0.56108,2.4699,2.5273,1.5232,2.0743,4.6349,2.0625,3.0399,3.9943,0.34564,2.3963,3.3735,1.6636,1.5971,4.0763,0.69107,2.056,3.0541,2.2584,2.2575,4.6734,0.71625,2.5809,3.1087,0.95845,2.1107,3.2085,5.9014,2.8918,1.8517,2.018,2.0142,4.6363,2.581,2.3505,4.3696,2.6068,2.3045,5.1276,2.0195,2.7398,4.3138,1.0771,1.8015,3.9844,4.6476,2.9352,0.52103,0.8587,2.1286,3.0164,1.3026,2.0953,4.3104,1.0398,2.1057,3.4693,2.2002,2.7142,4.4532,1.7157,1.5715,4.1437,1.2026,2.5451,3.118,0.77051,2.4617,3.7437,2.0708,1.891,3.6999,1.5742,2.4536,3.4584,1.621,2.5581,3.6058,1.6326,1.6292,4.2501,1.9949,2.752,4.4608,2.0369,2.75,4.5095,3.4544,2.7689,6.2109,1.7186,1.5599,4.1423,1.7452,2.0015,3.4494,2.0811,2.9315,4.889,1.2034,2.5487,3.1489,2.6074,2.4411,4.9499,1.0661,2.6185,4.0634,1.5764,2.446,3.4623,1.1501,1.8329,4.0787,1.6719,1.5804,4.0691,1.7298,2.0013,3.4271,0.26324,2.9323,3.3198,2.9069,2.2986,4.6294,1.3106,1.9473,4.2159,1.3032,2.6571,3.4205,1.4356,2.4607,3.345,1.8616,1.9488,3.6856,1.941,2.4115,4.0135,1.0626,2.2926,3.1667,2.5427,2.0181,5.1479,1.2507,2.6585,3.3528,1.4089,2.479,3.3141,0.37202,2.9329,3.4194,0.65423,1.8384,2.8372,1.6723,2.0025,4.4767,1.4612,1.8197,4.1396,5.4081,2.8827,1.7209,0.81832,2.102,2.809,1.0568,2.6325,4.0633,2.2181,2.5303,3.6234,2.5763,2.423,4.9046,2.8441,2.6819,4.5537,2.1237,2.509,4.4838,2.3526,2.1224,4.2271,0.7611,2.0327,3.3082,0.42265,2.4503,2.9804,0.60003,2.1448,3.7061,2.3878,2.4611,4.4674,0.8344,2.449,2.9336,1.2466,1.604,4.2843,1.6879,2.0179,3.43,6.147,2.6816,1.8929,3.3454,2.9263,0.15088,0.81755,2.4248,2.9693,1.6666,1.6246,4.0711,1.5049,1.8834,3.1775,0.77469,2.447,2.9074,2.1566,2.3343,4.8938,1.1908,2.5626,3.1286,1.0127,1.9567,3.5056,0.48406,1.9801,3.2697,1.7179,2.011,3.4193,2.3867,2.1087,4.2168,2.1786,2.1479,4.9945,1.2756,1.7011,3.8271,0.69252,1.9771,2.7737,2.1856,2.1585,5.0166,2.3506,2.2188,4.5205,1.5735,2.3722,3.9668,4.3449,2.9478,0.26611,1.9527,2.3842,4.0083,0.82597,1.9503,4.1241,1.25,2.6042,4.253,3.6645,2.8256,0.0096022,1.5405,1.6343,3.2948,0.27348,2.3015,3.3364,5.1145,2.9423,1.0566,0.65501,2.7574,3.3647,1.3234,2.5191,3.015,2.1481,2.1146,4.9426,1.4756,2.0688,4.3828,1.5271,1.6305,3.3005,1.3979,2.9179,3.3695,0.52503,2.432,2.8195,0.9115,2.4471,3.0234,0.2334,2.6108,3.3376,1.6317,2.294,4.1524,0.5346,2.4329,2.7963,1.0337,2.2184,3.6256,1.3947,1.7829,4.2891,0.31894,2.3164,3.3774,1.5274,1.6085,3.2952,0.51915,2.4302,2.8184,3.1794,2.8657,6.1099,1.9662,2.5732,4.0147,2.0112,2.1927,4.626,2.5281,2.7729,5.1557,1.9059,1.9312,3.8715,1.2949,1.7631,3.7042,2.1732,2.1348,4.9844,1.379,2.6218,3.9582,1.1185,3.0664,2.9493,4.7313,2.9488,0.43873,1.3143,2.6996,4.3761,1.9147,1.926,3.8779,1.2951,2.6424,2.9197,0.52094,2.755,3.1383,0.9714,2.9007,4.157,0.6654,2.5265,2.6552,0.68121,1.9834,2.9377,0.54125,2.4104,3.3948,1.5624,2.1791,4.2701,1.3824,2.7062,4.4303,0.57862,1.9798,3.0386,1.9946,1.8602,3.8033,1.1921,1.805,3.6758,2.33,2.6903,4.8081,1.3657,1.5917,4.1405,1.3634,2.154,3.1549,0.61403,1.9854,3.0485,0.50571,2.4344,2.6247,1.6311,2.3051,4.159,2.3474,2.6858,4.8508,0.59905,1.9945,3.0276,1.574,1.696,3.3381,0.47792,3.0493,2.3673,0.62866,2.5334,2.6291,3.001,2.7478,5.9992,5.8689,2.8795,2.713,4.6758,2.9504,0.38069,2.298,2.3781,3.6684,1.1452,3.057,3.9564,1.366,2.331,3.4985,0.96381,3.065,3.7763,2.3431,2.2335,3.7688,1.1864,1.7935,3.6723,2.4299,2.3512,4.5802,2.5512,2.6687,4.0598,1.3025,2.6773,4.3613,1.9019,1.9019,3.8616,1.1838,2.7371,3.7068,2.3687,2.4599,4.9762,1.6097,2.5925,3.3857,2.1637,2.2128,4.1155,0.77682,1.9168,3.3474,2.2907,2.4106,3.6966,2.2967,2.4014,3.6819,2.2159,1.9484,4.9569,2.6179,2.2815,4.7904,2.3454,2.2399,3.7786,1.3683,1.5907,3.8591,2.3414,2.6949,4.8363,1.9015,1.911,3.8672,0.7733,2.1288,4.0257,1.5974,1.7876,4.2516,2.3553,2.6909,4.8611,1.4463,2.3865,3.2638,5.9701,2.8969,2.2653,1.8468,1.791,3.5073,1.9251,2.969,4.2298,2.0592,1.959,4.8144,1.1635,2.5866,4.336,1.9324,2.1477,4.8772,1.6096,1.7424,3.9631,1.6068,2.0213,3.3465,1.0676,2.7228,3.6117,0.96575,2.8006,3.8537,1.4278,2.4448,3.868,1.1517,2.7442,3.6633,1.8241,1.7207,4.0797,0.9301,2.4555,2.8128,1.935,2.0967,4.4166,0.20295,2.7742,2.9679,1.0629,1.9441,4.267,0.97643,2.3105,3.0707,1.6616,2.4015,4.5939,0.9682,2.0571,2.8573,0.7321,1.9799,2.7379,1.6043,1.7327,3.9664,0.94199,2.4494,2.8309,1.3586,1.5842,3.8415,2.7358,2.5777,4.6056,1.0847,2.1635,3.6067,1.1525,2.752,3.6736,1.9762,1.9838,4.4921,1.052,1.9534,4.2549,1.8619,1.6739,3.4604,1.6628,2.5177,3.9989,2.1275,2.5444,4.8977,2.122,2.3922,3.6734,1.2574,3.0476,3.4776,1.4525,1.4876,4.2142,0.63607,2.9914,3.6421,1.6124,1.7002,4.2175,0.73651,1.9935,2.7366,0.71166,2.1936,3.9626,2.6644,2.5937,4.5266,2.0198,2.1081,3.4248,1.4133,2.8602,3.5531,1.075,2.2386,3.5998,2.5497,2.0273,4.5133,1.4777,1.7255,4.4206,1.5794,2.5799,3.5961,2.0572,2.3345,4.0933,2.6607,2.3498,4.9512,0.49746,2.5252,3.0177
867.03,1.9143,246.08,11.987,0.089116,1602.2,1.4875,1.8189,4.1354,1.2716,2.2379,4.2383,1.1892,1.9617,4.2448,2.471,2.6454,4.294,0.85974,2.0311,4.2662,1.5181,2.5364,3.8959,3.1309,2.8373,5.9757,1.1796,1.9654,4.2435,1.7389,1.6534,4.2322,1.2898,2.2282,4.2727,0.83547,2.0582,4.2049,2.9444,2.833,4.5363,5.5811,2.7274,1.3195,1.3042,2.7515,3.6882,0.91794,2.1392,3.0045,2.5105,2.098,4.5172,1.4634,1.6414,3.9192,0.64908,2.6104,3.8377,2.0248,1.7669,3.4979,1.108,2.4048,3.1625,0.20223,2.3008,3.4637,1.7717,1.6798,3.4023,1.9696,2.7691,4.2534,1.7889,1.7067,3.405,1.4487,1.6316,3.9418,0.38734,2.1581,3.1544,2.0846,2.3921,4.4481,1.4704,1.6886,3.2049,0.82416,1.9242,2.7479,3.1111,2.8393,5.9347,2.0261,1.7887,3.4972,1.0376,2.7206,2.9272,1.827,2.5872,4.0329,0.65407,1.9106,2.799,1.0708,2.4258,3.1049,1.9121,1.921,4.5194,1.7068,1.6463,3.8894,0.51142,2.2013,3.7512,1.1834,2.51,3.7557,0.95121,2.1045,3.2082,2.6134,2.3375,4.3808,2.1247,2.1988,4.7455,1.4925,1.6651,3.9363,1.8935,1.9208,4.5087,1.4985,2.2005,3.2541,0.77879,2.1368,3.1105,2.4384,2.4088,4.3719,1.9189,2.5973,4.8159,1.8719,2.6042,4.7758,2.5952,2.3499,4.3824,1.2795,2.5207,3.901,1.72,2.2543,4.3394,1.9464,3.0211,3.8746,0.56812,2.4702,2.5336,1.52,2.0771,4.6368,2.0601,3.0363,3.9903,0.34044,2.3984,3.3665,1.6639,1.5943,4.0755,0.68862,2.0593,3.0492,2.2596,2.2589,4.6754,0.72476,2.5765,3.1207,0.95253,2.1156,3.2008,1.1613,2.8916,1.8397,2.022,2.0181,4.6427,2.5866,2.357,4.3805,2.5991,2.3003,5.1183,2.0083,2.7289,4.3019,1.0769,1.7957,3.989,4.6492,2.9269,0.52111,0.85546,2.1294,3.0127,1.3027,2.0948,4.3157,1.0376,2.1081,3.4662,2.1892,2.7093,4.4404,1.7177,1.5685,4.1421,1.2089,2.5436,3.1229,0.77266,2.4655,3.7406,2.0727,1.8868,3.6954,1.571,2.4557,3.457,1.6173,2.5614,3.6073,1.6295,1.6246,4.2499,1.9831,2.7442,4.4474,2.0293,2.7424,4.5018,3.4645,2.7671,6.2245,1.7209,1.5554,4.1403,1.7505,2.0013,3.4498,2.0772,2.931,4.8864,1.2093,2.5478,3.1568,2.6044,2.4405,4.9458,1.0701,2.6198,4.062,1.5734,2.4472,3.4617,1.1458,1.835,4.0767,1.6733,1.5755,4.0675,1.7332,2.0009,3.4247,0.26182,2.9305,3.3193,2.9109,2.2986,4.6365,1.3096,1.9471,4.2171,1.3081,2.6538,3.4303,1.4323,2.4613,3.3454,1.8641,1.9444,3.681,1.9402,2.42,4.0165,1.0587,2.2936,3.1645,2.5434,2.0147,5.1482,1.2519,2.6554,3.3583,1.4028,2.4811,3.3112,0.38017,2.9311,3.4274,0.65106,1.8418,2.8281,1.6684,1.9997,4.4832,1.4604,1.8148,4.1416,5.3928,2.8801,1.7054,0.8177,2.1002,2.8113,1.0601,2.6358,4.0623,2.2252,2.5309,3.6229,2.569,2.42,4.8944,2.8505,2.679,4.5589,2.1204,2.5074,4.4793,2.3534,2.1257,4.2319,0.75993,2.0387,3.3024,0.43414,2.4473,2.9927,0.59953,2.1451,3.7053,2.3881,2.4562,4.4723,0.84461,2.4468,2.9437,1.2454,1.6064,4.2835,1.6857,2.0192,3.4274,6.1274,2.6799,1.875,3.3593,2.9245,0.037606,0.82438,2.4202,2.9819,1.6672,1.623,4.0694,1.5063,1.8855,3.1769,0.77728,2.4451,2.9131,2.1554,2.3323,4.8865,1.1956,2.5628,3.1349,1.0139,1.9557,3.5058,0.47774,1.9801,3.2723,1.72,2.011,3.4155,2.3869,2.1126,4.2198,2.1828,2.1469,4.9957,1.2738,1.6956,3.8299,0.69374,1.977,2.7761,2.1905,2.1586,5.0201,2.3547,2.2227,4.5278,1.5743,2.381,3.9672,4.3573,2.9403,0.27762,1.9527,2.3903,4.0101,0.82406,1.9494,4.1235,1.2595,2.608,4.2578,3.6804,2.822,6.0526,1.5417,1.6369,3.2958,0.26758,2.3017,3.3277,5.1119,2.9359,1.0547,0.66374,2.7539,3.3744,1.3295,2.5207,3.0185,2.1499,2.1106,4.9394,1.4753,2.0652,4.3866,1.5273,1.6311,3.3021,1.4002,2.9167,3.3701,0.53388,2.4296,2.8317,0.90979,2.4463,3.0261,0.23431,2.61,3.3366,1.6345,2.2989,4.156,0.54454,2.4313,2.8062,1.0314,2.2252,3.6207,1.3949,1.7804,4.2881,0.31878,2.318,3.3746,1.5272,1.6073,3.2962,0.52734,2.4276,2.8302,3.2007,2.8645,6.1373,1.9617,2.5708,4.0128,2.016,2.1939,4.6302,2.513,2.7722,5.1388,1.9075,1.9267,3.8674,1.2947,1.757,3.706,2.1766,2.1322,4.9846,1.3766,2.6182,3.9523,1.1155,3.0647,2.9451,4.7366,2.9441,0.44259,1.3207,2.701,4.3805,1.9163,1.9225,3.8775,1.3008,2.6434,2.9264,0.53775,2.7524,3.1579,0.97748,2.9008,4.1623,0.67711,2.5273,2.6647,0.67998,1.9889,2.9326,0.54068,2.4114,3.3913,1.5622,2.1787,4.2752,1.3966,2.708,4.4409,0.57255,1.9827,3.0293,1.9962,1.8562,3.8019,1.1917,1.7999,3.6794,2.3159,2.6861,4.7887,1.3643,1.5984,4.1366,1.3602,2.1534,3.1528,0.61142,1.9899,3.0409,0.51064,2.4325,2.6314,1.6346,2.3124,4.1632,2.3352,2.6811,4.836,0.59412,1.9995,3.0169,1.575,1.694,3.3395,0.47079,3.0503,2.3573,0.63475,2.5352,2.634,3.0129,2.7476,6.0131,0.3004,2.8807,2.7346,4.6776,2.9455,0.38128,2.2929,2.3741,3.6581,1.1654,3.0532,3.9797,1.3562,2.3403,3.4899,0.97502,3.0632,3.791,2.3401,2.233,3.7639,1.1856,1.7868,3.6759,2.4303,2.3528,4.5821,2.5468,2.673,4.0628,1.3074,2.6767,4.3637,1.9029,1.8944,3.8567,1.1891,2.7305,3.7113,2.3599,2.4566,4.9624,1.6101,2.5891,3.3964,2.1633,2.2165,4.1177,0.77515,1.9188,3.344,2.284,2.4108,3.6899,2.2906,2.4001,3.6731,2.2204,1.9539,4.9632,2.6148,2.2805,4.79,2.3429,2.2403,3.7751,1.3669,1.5912,3.8619,2.3281,2.6913,4.8194,1.9027,1.905,3.8629,0.7731,2.1269,4.0336,1.5968,1.7824,4.2508,2.3441,2.6871,4.8475,1.4461,2.3865,3.2639,5.976,2.899,2.2732,1.846,1.79,3.5108,1.9176,2.962,4.2199,2.0653,1.96,4.8215,1.1705,2.5874,4.3433,1.9379,2.1475,4.8787,1.6092,1.7355,3.9628,1.6072,2.0232,3.3421,1.0717,2.7175,3.6147,0.96998,2.7976,3.8559,1.4331,2.4505,3.871,1.154,2.7387,3.6635,1.8223,1.7119,4.0783,0.932,2.4551,2.8171,1.9388,2.1007,4.421,0.21815,2.7706,2.9826,1.0602,1.9423,4.2676,0.97847,2.3081,3.0762,1.6653,2.4025,4.595,0.9665,2.0541,2.8591,0.73091,1.9776,2.7377,1.6033,1.725,3.9662,0.94471,2.4482,2.8372,1.3558,1.5834,3.8423,2.7333,2.5765,4.6041,1.0845,2.1674,3.6037,1.1557,2.747,3.6758,1.9762,1.9836,4.4943,1.0486,1.9522,4.2549,1.8633,1.6759,3.4616,1.6628,2.5212,3.9989,2.1291,2.5432,4.8945,2.118,2.3938,3.6687,1.2669,3.0443,3.4859,1.4533,1.49,4.2119,0.63593,2.9905,3.6432,1.6115,1.6943,4.2159,0.73579,1.9927,2.7364,0.71421,2.1936,3.9649,2.6618,2.5925,4.5259,2.0233,2.1057,3.4236,1.4173,2.8531,3.5561,1.0734,2.2448,3.5949,2.5521,2.0309,4.5192,1.476,1.7243,4.4208,1.5767,2.5785,3.5987,2.0568,2.34,4.0962,2.6562,2.3475,4.9456,0.50355,2.5248,3.0242
867.03,1.9143,246.08,11.987,0.098027,1674.0,1.484,1.8165,4.132,1.2719,2.239,4.2407,1.1847,1.9588,4.2454,2.4685,2.6438,4.294,0.85971,2.0286,4.2705,1.5179,2.5411,3.8962,3.1439,2.8365,5.992,1.1746,1.9627,4.2442,1.7383,1.6469,4.2303,1.2909,2.2282,4.2781,0.83331,2.0575,4.2043,2.9496,2.8327,4.5395,5.5695,2.7216,1.3064,1.309,2.7421,3.6929,0.91392,2.1384,3.0028,2.5141,2.1034,4.5256,1.4623,1.6386,3.9208,0.64784,2.6144,3.8324,2.027,1.767,3.5005,1.1086,2.4013,3.1702,0.19452,2.3023,3.4526,1.7702,1.6797,3.4039,1.9554,2.7628,4.2367,1.7894,1.7096,3.4065,1.4459,1.6277,3.945,0.38716,2.1603,3.1504,2.0889,2.3946,4.4534,1.4697,1.6903,3.2054,0.8238,1.928,2.7469,3.1225,2.8389,5.9475,2.029,1.7905,3.4998,1.0411,2.7211,2.9325,1.8282,2.5875,4.0364,0.65645,1.9143,2.7998,1.0699,2.4237,3.1096,1.914,1.9216,4.5225,1.7095,1.6425,3.8897,0.51174,2.2012,3.7522,1.1832,2.5174,3.7544,0.94561,2.1086,3.2021,2.6212,2.3412,4.3908,2.1308,2.2033,4.7526,1.4945,1.6652,3.9389,1.8939,1.9215,4.5108,1.4999,2.2029,3.2527,0.773,2.1427,3.1013,2.4409,2.4127,4.3781,1.9159,2.5975,4.8067,1.8658,2.6049,4.7648,2.6021,2.3556,4.3941,1.2786,2.5244,3.8964,1.7244,2.257,4.3446,1.9367,3.0163,3.8638,0.57505,2.4707,2.5397,1.5165,2.0801,4.6384,2.0575,3.0327,3.9863,0.33533,2.4003,3.3597,1.6642,1.5915,4.0748,0.68616,2.0624,3.0443,2.2608,2.2601,4.6771,0.73298,2.5721,3.1325,0.94662,2.1205,3.1932,4.5026,2.8913,1.828,2.0261,2.022,4.6492,2.5926,2.3635,4.3918,2.5914,2.2961,5.1091,1.9978,2.7179,4.2908,1.0767,1.79,3.9935,4.6507,2.9185,0.52096,0.85226,2.13,3.0092,1.3029,2.0942,4.3209,1.0353,2.1105,3.4631,2.1785,2.7044,4.4279,1.7197,1.5653,4.1404,1.215,2.5421,3.1275,0.77479,2.4692,3.7375,2.0746,1.8825,3.6909,1.5678,2.4577,3.4557,1.6139,2.5645,3.6092,1.6264,1.6202,4.2496,1.9716,2.7361,4.4344,2.022,2.7348,4.4944,3.4744,2.7651,6.238,1.7233,1.551,4.1381,1.7559,2.001,3.4503,2.0737,2.9305,4.884,1.215,2.5469,3.1645,2.6015,2.44,4.9418,1.0739,2.621,4.0605,1.5704,2.4484,3.4611,1.1415,1.8369,4.0749,1.6749,1.571,4.0659,1.7366,2.0004,3.4224,0.26059,2.9287,3.319,2.9148,2.2985,4.6434,1.3087,1.947,4.2184,1.3128,2.6507,3.4399,1.4291,2.4619,3.3458,1.8666,1.94,3.6764,1.9395,2.4283,4.0198,1.0549,2.2945,3.1624,2.5441,2.0113,5.1485,1.253,2.6524,3.3637,1.3966,2.4831,3.3083,0.38787,2.9292,3.4349,0.64787,1.8451,2.8192,1.6644,1.9969,4.4895,1.4598,1.8099,4.1435,5.3779,2.8774,1.6904,0.81702,2.0986,2.8135,1.0632,2.6391,4.0612,2.2319,2.5316,3.622,2.5616,2.4169,4.8842,2.8571,2.6762,4.5642,2.1174,2.5059,4.4749,2.3543,2.1291,4.2368,0.75862,2.0449,3.2963,0.44557,2.4444,3.0049,0.59903,2.1454,3.7046,2.3884,2.4515,4.4773,0.85484,2.4447,2.9538,1.2442,1.609,4.2825,1.6834,2.0205,3.4247,6.1113,2.678,1.8573,3.3728,2.9227,0.065018,0.83074,2.4157,2.9939,1.6678,1.6214,4.0677,1.5077,1.8876,3.1763,0.77966,2.4432,2.9184,2.1542,2.3305,4.8794,1.2002,2.563,3.1411,1.015,1.9548,3.506,0.47127,1.9799,3.275,1.7221,2.0109,3.4118,2.3873,2.1166,4.223,2.187,2.1458,4.9968,1.2719,1.6903,3.8327,0.69494,1.9769,2.7783,2.1954,2.1586,5.0235,2.3588,2.2264,4.535,1.5749,2.3896,3.9675,4.3688,2.9329,0.28848,1.9529,2.3965,4.0121,0.82214,1.9487,4.1227,1.269,2.6117,4.2626,3.6958,2.8185,5.7991,1.5429,1.6395,3.2968,0.26176,2.3017,3.3192,5.1092,2.9295,1.053,0.67194,2.7505,3.3836,1.3353,2.5222,3.022,2.1517,2.1067,4.9363,1.475,2.0613,4.3902,1.5275,1.6315,3.3037,1.4025,2.9156,3.3707,0.54268,2.4272,2.844,0.90807,2.4454,3.0288,0.23508,2.609,3.3355,1.6373,2.3038,4.1595,0.55432,2.4296,2.8159,1.0289,2.2321,3.6157,1.395,1.778,4.2871,0.31869,2.3196,3.372,1.5271,1.6061,3.2973,0.53534,2.4251,2.8418,3.2216,2.8633,6.1644,1.9572,2.5686,4.0109,2.0208,2.1951,4.6343,2.4975,2.7714,5.1214,1.909,1.9221,3.8633,1.2944,1.7512,3.7078,2.18,2.1297,4.9847,1.3743,2.6148,3.9466,1.1118,3.0631,2.9404,4.7418,2.9393,0.44646,1.3271,2.7023,4.3849,1.9179,1.919,3.8771,1.3064,2.6444,2.933,0.55396,2.7499,3.1768,0.98385,2.9007,4.1679,0.68882,2.5282,2.6742,0.67885,1.9944,2.9277,0.54016,2.4122,3.3879,1.562,2.178,4.2803,1.4107,2.7097,4.4514,0.56662,1.9855,3.0202,1.9977,1.8523,3.8007,1.1913,1.7948,3.6831,2.3023,2.6819,4.77,1.3627,1.605,4.1327,1.3569,2.1529,3.1507,0.60887,1.9943,3.0335,0.51548,2.4306,2.6381,1.6383,2.3199,4.1675,2.3234,2.6764,4.8214,0.58912,2.0043,3.0063,1.5759,1.6921,3.3408,0.46261,3.0512,2.3462,0.64062,2.5372,2.6386,3.025,2.7472,6.0271,0.25078,2.8818,2.7562,4.6796,2.9407,0.38215,2.2879,2.3699,3.648,1.1833,3.0493,4.0006,1.3463,2.3494,3.4813,0.9853,3.0615,3.8048,2.3372,2.2326,3.759,1.1846,1.78,3.6795,2.4308,2.3542,4.584,2.5422,2.6771,4.0657,1.3122,2.6762,4.366,1.904,1.8869,3.8519,1.1941,2.724,3.7157,2.3514,2.4533,4.9489,1.6105,2.5857,3.4071,2.163,2.2203,4.12,0.77341,1.921,3.3405,2.2774,2.4111,3.6832,2.2846,2.3988,3.6643,2.225,1.9591,4.9693,2.6118,2.2795,4.7896,2.3404,2.2409,3.7717,1.3655,1.5916,3.8648,2.3151,2.6877,4.803,1.904,1.899,3.8586,0.77296,2.1249,4.0414,1.5963,1.7773,4.25,2.3332,2.6832,4.8342,1.446,2.3867,3.264,5.9819,2.9011,2.2811,1.8452,1.7889,3.5142,1.9103,2.955,4.2101,2.0713,1.9609,4.8285,1.1772,2.5883,4.3505,1.9434,2.1475,4.8801,1.6089,1.7288,3.9625,1.6077,2.0252,3.3379,1.0756,2.7122,3.6174,0.97393,2.7947,3.8577,1.4383,2.4559,3.8742,1.1561,2.7333,3.6637,1.8205,1.7032,4.077,0.93386,2.4547,2.8213,1.9426,2.1048,4.4254,0.23304,2.7669,2.997,1.0574,1.9405,4.2683,0.98028,2.3059,3.0815,1.669,2.4034,4.5962,0.96478,2.0511,2.8608,0.72978,1.9754,2.7376,1.6023,1.7173,3.9661,0.94731,2.4472,2.8433,1.3531,1.5825,3.843,2.731,2.5755,4.6028,1.0841,2.1714,3.6007,1.1588,2.742,3.678,1.9763,1.9834,4.4965,1.0453,1.9508,4.2549,1.8647,1.6778,3.4629,1.6627,2.5246,3.9987,2.1307,2.5421,4.8914,2.1141,2.3956,3.664,1.2763,3.0409,3.4941,1.4541,1.4923,4.2096,0.63532,2.9897,3.6438,1.6108,1.6885,4.2144,0.73509,1.9919,2.7363,0.71672,2.1938,3.9671,2.6593,2.5914,4.5253,2.0268,2.1033,3.4224,1.4212,2.846,3.5592,1.0717,2.2511,3.5899,2.5547,2.0344,4.5251,1.4743,1.723,4.421,1.5741,2.5772,3.6014,2.0566,2.3454,4.0991,2.6521,2.3452,4.9404,0.5095,2.5246,3.0307
867.03,1.9143,246.08,11.987,0.10694,1744.4,1.4805,1.8138,4.1287,1.2723,2.2399,4.2431,1.1802,1.9557,4.2458,2.466,2.6422,4.294,0.85961,2.0264,4.2745,1.5177,2.5455,3.8965,3.157,2.8355,6.0083,1.1695,1.9599,4.2448,1.7376,1.6404,4.2283,1.2921,2.2281,4.2834,0.83126,2.0568,4.2038,2.9548,2.8324,4.5426,5.5583,2.7157,1.2936,1.3135,2.7334,3.6971,0.9099,2.1376,3.0009,2.518,2.1089,4.5343,1.4612,1.636,3.9223,0.64632,2.6184,3.8268,2.0294,1.7671,3.503,1.1083,2.3981,3.1768,0.18659,2.3038,3.4412,1.7687,1.6797,3.4055,1.9423,2.7566,4.221,1.79,1.7124,3.408,1.4432,1.624,3.948,0.38712,2.1623,3.1466,2.093,2.3968,4.4583,1.4689,1.692,3.2058,0.8235,1.9314,2.7462,3.134,2.8385,5.9605,2.0321,1.7923,3.5023,1.0447,2.7216,2.9379,1.8295,2.588,4.0399,0.65884,1.9179,2.8006,1.0688,2.4217,3.114,1.9159,1.922,4.5257,1.7123,1.639,3.8902,0.5122,2.2009,3.7534,1.1834,2.5241,3.7539,0.94021,2.1123,3.1963,2.6291,2.3448,4.4008,2.1368,2.2074,4.7594,1.4965,1.6653,3.9414,1.8946,1.9223,4.5129,1.5013,2.2052,3.2514,0.76714,2.1484,3.0922,2.4433,2.4164,4.3842,1.9128,2.5978,4.7972,1.8601,2.6056,4.7539,2.6094,2.3611,4.4063,1.2777,2.5278,3.8919,1.729,2.2597,4.3498,1.9275,3.0115,3.8534,0.58199,2.4711,2.5459,1.5129,2.0831,4.6397,2.0548,3.0288,3.9823,0.33036,2.402,3.3532,1.6645,1.589,4.0741,0.6838,2.0652,3.0398,2.2618,2.2611,4.6785,0.74056,2.5677,3.1439,0.94088,2.125,3.186,0.1949,2.891,1.817,2.0304,2.0259,4.6558,2.5991,2.3699,4.4036,2.5843,2.2919,5.1001,1.988,2.7071,4.2804,1.0766,1.7846,3.9978,4.6519,2.91,0.52063,0.84914,2.1306,3.0059,1.303,2.0936,4.3261,1.033,2.1129,3.46,2.1683,2.6998,4.4161,1.7218,1.5622,4.1388,1.2209,2.5408,3.1317,0.77689,2.4728,3.7344,2.0765,1.8784,3.6866,1.5646,2.4599,3.4544,1.6109,2.5674,3.6116,1.6233,1.6161,4.2492,1.9607,2.7281,4.4218,2.0151,2.7272,4.4872,3.4841,2.7631,6.2334,1.7257,1.5469,4.136,1.7612,2.0008,3.451,2.0706,2.9301,4.882,1.2203,2.5461,3.1717,2.5989,2.4395,4.938,1.0776,2.622,4.0587,1.5675,2.4497,3.4607,1.1372,1.8385,4.0733,1.6765,1.5667,4.0643,1.7401,1.9999,3.4203,0.25931,2.9268,3.3185,2.9185,2.2982,4.65,1.3076,1.9469,4.2197,1.317,2.6478,3.449,1.426,2.4624,3.3464,1.8693,1.9356,3.6719,1.939,2.4362,4.0233,1.0512,2.2954,3.1603,2.5448,2.0081,5.1488,1.2542,2.6496,3.3692,1.3906,2.4851,3.3055,0.39517,2.9273,3.4421,0.64473,1.8482,2.8106,1.6602,1.994,4.4956,1.4592,1.8051,4.1453,5.3632,2.8746,1.6753,0.8162,2.097,2.8154,1.066,2.6423,4.0599,2.2384,2.5321,3.6207,2.5544,2.4137,4.8742,2.8639,2.6733,4.5697,2.1147,2.5046,4.471,2.3552,2.1329,4.2421,0.75706,2.0511,3.29,0.45691,2.4415,3.0171,0.59849,2.1455,3.7038,2.3887,2.447,4.4824,0.86494,2.4424,2.9638,1.2428,1.6115,4.2815,1.681,2.0216,3.422,6.0959,2.676,1.8397,3.3857,2.9207,0.11567,0.83635,2.4113,3.005,1.6683,1.6198,4.0661,1.509,1.8896,3.1758,0.78169,2.4416,2.9233,2.1533,2.3287,4.8725,1.2047,2.5631,3.1471,1.0161,1.9539,3.5063,0.46456,1.9798,3.2781,1.7242,2.0106,3.4081,2.3877,2.1208,4.2264,2.1911,2.1446,4.9979,1.2699,1.6853,3.8352,0.69614,1.9769,2.7806,2.2,2.1585,5.0267,2.3627,2.23,4.542,1.5755,2.3978,3.9678,4.3799,2.9256,0.29911,1.9531,2.4027,4.0141,0.82025,1.948,4.1219,1.2783,2.6154,4.2671,3.7107,2.8152,0.32803,1.5442,1.6423,3.2977,0.25611,2.3017,3.3107,5.1068,2.923,1.0517,0.67945,2.7472,3.3919,1.341,2.5238,3.0252,2.1539,2.103,4.9336,1.4744,2.0571,4.3939,1.5277,1.6319,3.3053,1.4046,2.9145,3.3711,0.55143,2.4248,2.8561,0.90641,2.4446,3.0315,0.2358,2.6082,3.3343,1.6402,2.3088,4.1632,0.56389,2.428,2.8255,1.0263,2.2393,3.6103,1.3951,1.7756,4.286,0.31871,2.3212,3.3696,1.527,1.6049,3.2984,0.54322,2.4227,2.8533,3.2418,2.862,6.173,1.9527,2.5665,4.009,2.0256,2.196,4.6383,2.4814,2.7703,5.1034,1.9105,1.9174,3.8593,1.2941,1.7455,3.7095,2.1835,2.127,4.9849,1.3722,2.6115,3.9412,1.1078,3.0617,2.9352,4.747,2.9345,0.45039,1.3333,2.7035,4.3891,1.9195,1.9157,3.8767,1.3118,2.6453,2.9395,0.56936,2.7474,3.1947,0.99041,2.9004,4.1738,0.70056,2.5291,2.6838,0.67794,1.9996,2.9234,0.5398,2.413,3.3847,1.5619,2.1772,4.2854,1.4244,2.7112,4.4615,0.5609,1.9881,3.0111,1.9993,1.8486,3.7995,1.1909,1.7897,3.6867,2.2897,2.6779,4.7524,1.3611,1.6111,4.1288,1.3537,2.1522,3.1487,0.60632,1.9986,3.0262,0.52024,2.4288,2.6447,1.6424,2.3277,4.1718,2.3121,2.6718,4.8073,0.58417,2.0088,2.996,1.5768,1.6901,3.3422,0.45368,3.0521,2.3345,0.64625,2.5393,2.6431,3.0372,2.7466,6.0413,0.072253,2.8827,2.7779,4.6819,2.9359,0.38351,2.2833,2.3656,3.638,1.1989,3.0452,4.0194,1.3368,2.3579,3.4731,0.9952,3.0596,3.8181,2.3343,2.2322,3.7542,1.1837,1.773,3.6833,2.4312,2.3556,4.5856,2.5375,2.6809,4.0684,1.3169,2.6757,4.3681,1.9049,1.8793,3.8473,1.1987,2.7179,3.7197,2.3436,2.4501,4.9359,1.6109,2.5825,3.4176,2.1629,2.2243,4.1225,0.77153,1.9231,3.3369,2.2709,2.4114,3.6765,2.2786,2.3974,3.6555,2.2294,1.9635,4.9748,2.6089,2.2786,4.7892,2.3379,2.2415,3.7684,1.364,1.592,3.8675,2.3026,2.684,4.7869,1.9052,1.8931,3.8544,0.77294,2.1229,4.0491,1.5958,1.7722,4.2492,2.3227,2.6795,4.8213,1.4459,2.3869,3.264,5.9881,2.9031,2.2893,1.8447,1.7878,3.5175,1.9031,2.9479,4.2005,2.0774,1.9618,4.8351,1.1836,2.5891,4.3575,1.9488,2.1475,4.8815,1.6085,1.7223,3.9624,1.6083,2.0272,3.3338,1.0789,2.7075,3.6197,0.97756,2.7921,3.8591,1.4432,2.4609,3.8774,1.1581,2.7283,3.6635,1.8188,1.6947,4.0757,0.93562,2.4544,2.8253,1.9466,2.109,4.4301,0.24782,2.7631,3.0113,1.0547,1.9388,4.2688,0.98165,2.3039,3.0862,1.6726,2.4045,4.5974,0.96293,2.0483,2.8621,0.72861,1.9736,2.7373,1.6014,1.7101,3.966,0.94975,2.4461,2.8493,1.3504,1.5815,3.8438,2.729,2.5745,4.6019,1.0837,2.1755,3.5975,1.1617,2.7374,3.6798,1.9763,1.9831,4.4987,1.0421,1.9496,4.2548,1.8661,1.6795,3.4641,1.6627,2.5277,3.9986,2.1323,2.541,4.8882,2.1101,2.3974,3.6592,1.2858,3.0375,3.5023,1.4549,1.4947,4.2073,0.63423,2.9889,3.6439,1.6102,1.6829,4.2129,0.73441,1.9911,2.736,0.71921,2.1939,3.9693,2.6569,2.5902,4.5249,2.0304,2.1009,3.4214,1.4252,2.8391,3.5626,1.0698,2.2575,3.5847,2.5574,2.0381,4.5313,1.4727,1.7218,4.4213,1.5717,2.576,3.6042,2.0563,2.3506,4.1021,2.6483,2.3432,4.9355,0.5153,2.5245,3.0368
867.03,1.9143,246.08,11.987,0.11585,1813.8,1.4771,1.8111,4.1255,1.273,2.2408,4.2458,1.1757,1.9527,4.2459,2.4636,2.6407,4.2942,0.85945,2.0244,4.2781,1.5175,2.5496,3.8967,3.1702,2.8344,6.0248,1.1645,1.957,4.2454,1.737,1.634,4.2263,1.2931,2.2279,4.2888,0.82931,2.0561,4.2035,2.96,2.832,4.5458,5.5473,2.7096,1.2813,1.3175,2.7253,3.701,0.90589,2.1368,2.999,2.5221,2.1143,4.5433,1.46,1.6337,3.9237,0.64448,2.6222,3.8209,2.0318,1.7671,3.5056,1.1072,2.3953,3.1822,0.17842,2.3052,3.4294,1.7673,1.6796,3.4071,1.9302,2.7507,4.2064,1.7906,1.715,3.4094,1.4406,1.6203,3.9508,0.38723,2.1642,3.1431,2.0969,2.3988,4.463,1.4681,1.6939,3.2061,0.82326,1.9344,2.7459,3.1456,2.8379,5.9736,2.0351,1.794,3.505,1.0483,2.7221,2.9433,1.8309,2.5886,4.0434,0.66124,1.9212,2.8017,1.0676,2.4197,3.1181,1.9179,1.9224,4.529,1.7151,1.6359,3.8909,0.5128,2.2007,3.7548,1.1841,2.5299,3.7542,0.935,2.1157,3.1908,2.637,2.3482,4.4107,2.1426,2.2112,4.7658,1.4985,1.6655,3.9438,1.8954,1.9231,4.5151,1.5027,2.2073,3.2502,0.76124,2.1538,3.0833,2.4454,2.4198,4.3899,1.9098,2.598,4.7875,1.8546,2.6062,4.743,2.617,2.3663,4.4188,1.2769,2.5309,3.8874,1.7338,2.2624,4.3549,1.9185,3.0066,3.8434,0.58897,2.4715,2.5522,1.5092,2.0862,4.6405,2.0521,3.0248,3.9781,0.32556,2.4037,3.3468,1.6649,1.5867,4.0734,0.68158,2.0678,3.0356,2.2626,2.262,4.6797,0.7475,2.5635,3.1547,0.93535,2.129,3.1792,6.23,2.8906,1.8067,2.0351,2.0299,4.6626,2.6059,2.3761,4.4157,2.5776,2.2877,5.0912,1.9791,2.6964,4.2708,1.0765,1.7795,4.0019,4.6528,2.9014,0.52023,0.84609,2.1312,3.0028,1.3032,2.093,4.3312,1.0307,2.1155,3.4569,2.1588,2.6953,4.4048,1.724,1.5593,4.1373,1.2266,2.5395,3.1356,0.77895,2.4762,3.7313,2.0785,1.8743,3.6825,1.5613,2.4621,3.453,1.6084,2.5701,3.6144,1.6203,1.6125,4.2487,1.9503,2.7203,4.4095,2.0085,2.7197,4.4802,3.4935,2.761,6.2572,1.7284,1.543,4.1338,1.7667,2.0006,3.4519,2.0678,2.9299,4.8804,1.2253,2.5454,3.1785,2.5965,2.4391,4.9344,1.081,2.6229,4.0566,1.5646,2.4511,3.4604,1.133,1.8398,4.072,1.6781,1.5626,4.0628,1.7437,1.9993,3.4183,0.25794,2.9251,3.3178,2.922,2.2976,4.6562,1.3065,1.9469,4.221,1.3208,2.6452,3.4577,1.4231,2.4631,3.3471,1.8721,1.9312,3.6675,1.9387,2.4436,4.027,1.0475,2.2963,3.1583,2.5454,2.005,5.1493,1.2555,2.6468,3.3748,1.3847,2.487,3.3029,0.40209,2.9254,3.4488,0.64167,1.851,2.8022,1.6559,1.9911,4.5014,1.4586,1.8004,4.147,5.3485,2.8716,1.6602,0.81523,2.0957,2.817,1.0685,2.6454,4.0584,2.2447,2.5324,3.6191,2.5474,2.4104,4.8642,2.871,2.6703,4.5755,2.1123,2.5036,4.4674,2.3562,2.1369,4.2476,0.75523,2.0573,3.2833,0.46821,2.4387,3.0292,0.59794,2.1457,3.7031,2.3889,2.4427,4.4874,0.87491,2.4402,2.9737,1.2414,1.6141,4.2804,1.6784,2.0227,3.4192,6.0797,2.6738,1.8223,3.398,2.9186,0.12428,0.84116,2.4072,3.0151,1.6689,1.6184,4.0646,1.5104,1.8916,3.1752,0.78338,2.4401,2.9277,2.1527,2.3269,4.8661,1.209,2.5633,3.1529,1.017,1.9528,3.5065,0.4576,1.9797,3.2815,1.7264,2.0102,3.4045,2.3883,2.1251,4.2301,2.1953,2.1432,4.9988,1.2678,1.6805,3.8374,0.69731,1.977,2.7827,2.2045,2.1583,5.0296,2.3664,2.2335,4.5489,1.5761,2.4055,3.9679,4.3906,2.9184,0.30966,1.9533,2.4089,4.0162,0.81841,1.9474,4.1211,1.2876,2.619,4.2714,3.7252,2.8119,5.6843,1.5456,1.6453,3.2987,0.25071,2.3015,3.3025,5.1048,2.9165,1.051,0.68629,2.7438,3.3994,1.3466,2.5253,3.0282,2.1562,2.0995,4.9314,1.4737,2.0528,4.3976,1.5279,1.6321,3.3069,1.4066,2.9135,3.3713,0.56011,2.4225,2.8682,0.9048,2.4438,3.0343,0.23648,2.6074,3.333,1.6432,2.3138,4.167,0.57327,2.4267,2.8348,1.0235,2.2466,3.6047,1.3952,1.7734,4.2847,0.31885,2.3226,3.3674,1.5269,1.6036,3.2995,0.55099,2.4205,2.8646,3.2612,2.8606,6.2095,1.9481,2.5644,4.0071,2.0303,2.1968,4.6421,2.4648,2.7691,5.0847,1.9119,1.9124,3.8553,1.2937,1.74,3.7111,2.187,2.1244,4.9851,1.3702,2.6085,3.9358,1.1033,3.0603,2.9296,4.752,2.9296,0.4544,1.3394,2.7046,4.3931,1.9211,1.9123,3.8766,1.3172,2.6463,2.946,0.58393,2.745,3.2117,0.99709,2.8999,4.1796,0.71232,2.5299,2.6935,0.67725,2.0046,2.9195,0.53964,2.4136,3.3819,1.5619,2.1762,4.2904,1.4375,2.7125,4.471,0.55536,1.9907,3.0021,2.0008,1.8451,3.7985,1.1903,1.7846,3.6903,2.2781,2.6743,4.736,1.3595,1.6168,4.125,1.3504,2.1515,3.1468,0.60377,2.0027,3.0191,0.52492,2.4271,2.6512,1.6467,2.3356,4.176,2.3013,2.6673,4.7936,0.57932,2.0129,2.9861,1.5776,1.6882,3.3436,0.44406,3.0529,2.3221,0.65161,2.5415,2.6474,3.0494,2.7459,6.0555,0.11799,2.8835,2.7997,4.6846,2.9311,0.38538,2.279,2.3612,3.6283,1.2126,3.0409,4.0362,1.3277,2.3657,3.4655,1.0048,3.0577,3.8311,2.3315,2.2317,3.7493,1.1827,1.7659,3.6872,2.4313,2.357,4.5869,2.5327,2.6844,4.0708,1.3214,2.6751,4.3701,1.9058,1.8717,3.8429,1.2029,2.7122,3.7232,2.3364,2.447,4.9235,1.6111,2.5796,3.4278,2.1628,2.2285,4.1252,0.76953,1.9253,3.3332,2.2644,2.4116,3.6698,2.2728,2.3959,3.6465,2.2337,1.9673,4.9799,2.6059,2.2777,4.789,2.3353,2.2421,3.765,1.3626,1.5925,3.8699,2.2904,2.6802,4.7711,1.9065,1.8873,3.8503,0.77305,2.1207,4.0567,1.5952,1.7672,4.2483,2.3127,2.6758,4.8088,1.4457,2.3871,3.264,5.9947,2.9051,2.298,1.8444,1.7869,3.5206,1.896,2.9409,4.1911,2.0836,1.9627,4.8416,1.1897,2.5898,4.3644,1.9541,2.1475,4.8829,1.6082,1.716,3.9622,1.6091,2.0293,3.33,1.0817,2.7031,3.6214,0.98089,2.7897,3.8601,1.448,2.4654,3.8808,1.1598,2.7237,3.6631,1.8171,1.6866,4.0745,0.9373,2.4542,2.8291,1.9508,2.1133,4.4349,0.26252,2.7592,3.0254,1.052,1.9371,4.2693,0.9826,2.3023,3.0904,1.6763,2.4057,4.5986,0.96095,2.0459,2.863,0.72741,1.972,2.7368,1.6004,1.7033,3.9659,0.95204,2.4452,2.8551,1.3477,1.5805,3.8446,2.7272,2.5736,4.6013,1.0832,2.1797,3.5942,1.1642,2.7331,3.6814,1.9764,1.983,4.5009,1.0389,1.9484,4.2546,1.8675,1.6811,3.4654,1.6627,2.5306,3.9984,2.1337,2.54,4.8851,2.1061,2.3992,3.6544,1.2952,3.034,3.5105,1.4557,1.497,4.205,0.63267,2.9882,3.6434,1.6096,1.6776,4.2115,0.73375,1.9903,2.7358,0.72169,2.194,3.9715,2.6546,2.589,4.5246,2.0341,2.0986,3.4206,1.4293,2.8322,3.5663,1.0677,2.2641,3.5792,2.5601,2.0419,4.5377,1.471,1.7206,4.4216,1.5695,2.5747,3.6073,2.0562,2.3557,4.1052,2.6448,2.3413,4.9311,0.52095,2.5246,3.0427
867.03,1.9143,246.08,11.987,0.12476,1878.9,1.4739,1.8083,4.1224,1.2739,2.2417,4.2485,1.1711,1.9497,4.2459,2.4611,2.639,4.2944,0.85925,2.0226,4.2817,1.5173,2.5536,3.897,3.1833,2.8332,6.041,1.1596,1.954,4.246,1.7366,1.6277,4.2242,1.294,2.2277,4.2941,0.82741,2.0555,4.2032,2.9652,2.8317,4.549,5.5366,2.7034,1.2694,1.3213,2.7173,3.7045,0.90186,2.1359,2.9972,2.5263,2.1197,4.5522,1.4587,1.6316,3.9252,0.64253,2.6261,3.8148,2.0342,1.7671,3.5081,1.1057,2.3926,3.1874,0.17018,2.3067,3.4176,1.7657,1.6793,3.4089,1.9189,2.7447,4.1926,1.7911,1.7176,3.4109,1.4381,1.6169,3.9534,0.38737,2.166,3.1396,2.1008,2.4006,4.4675,1.4673,1.6956,3.2065,0.823,1.9375,2.7455,3.1574,2.8374,5.9868,2.0383,1.7957,3.5078,1.0519,2.7226,2.9485,1.8324,2.589,4.0471,0.66359,1.9245,2.8027,1.0662,2.4176,3.1222,1.9199,1.9228,4.5322,1.7179,1.6329,3.8915,0.5135,2.2004,3.7563,1.1849,2.5358,3.7546,0.9298,2.119,3.1854,2.6449,2.3514,4.4204,2.1484,2.2151,4.7723,1.5005,1.6659,3.9463,1.8964,1.9239,4.5174,1.5042,2.2094,3.249,0.75521,2.1591,3.0742,2.4475,2.4232,4.3955,1.9066,2.5984,4.7776,1.8493,2.6068,4.7321,2.6251,2.3716,4.4316,1.2761,2.534,3.883,1.7387,2.2651,4.3601,1.9097,3.0016,3.8336,0.59589,2.472,2.5584,1.5053,2.0894,4.6411,2.0493,3.0208,3.9739,0.32087,2.4052,3.3408,1.6652,1.5844,4.0727,0.67934,2.0702,3.0313,2.2634,2.2628,4.6806,0.75424,2.5593,3.1655,0.92991,2.133,3.1724,6.2635,2.8902,1.7969,2.04,2.0339,4.6695,2.613,2.3822,4.428,2.5709,2.2835,5.0824,1.9705,2.6854,4.2618,1.0763,1.7744,4.006,4.6539,2.8927,0.51988,0.84305,2.1317,2.9998,1.3036,2.0926,4.3363,1.0283,2.118,3.4537,2.1494,2.6906,4.3938,1.7263,1.5562,4.1357,1.2322,2.5381,3.1395,0.78098,2.4795,3.7283,2.0805,1.8704,3.6785,1.5581,2.4644,3.4516,1.606,2.5724,3.6175,1.6174,1.6092,4.2483,1.9401,2.7121,4.3974,2.0021,2.7122,4.4735,3.5028,2.7589,6.2458,1.7309,1.5391,4.1317,1.7722,2.0003,3.4529,2.0651,2.9295,4.8785,1.2301,2.5448,3.1851,2.5941,2.4388,4.9309,1.0841,2.6238,4.0543,1.5617,2.4525,3.4601,1.1288,1.8411,4.0705,1.6799,1.5588,4.0613,1.7473,1.9987,3.4165,0.25685,2.9233,3.3174,2.9255,2.297,4.6623,1.3053,1.9468,4.2223,1.3247,2.6427,3.4662,1.4203,2.4638,3.3478,1.8748,1.9267,3.6633,1.9385,2.451,4.0309,1.0439,2.2971,3.1565,2.546,2.0018,5.1495,1.2568,2.6442,3.3804,1.3788,2.4888,3.3003,0.40852,2.9235,3.4551,0.63863,1.8536,2.7939,1.6514,1.9884,4.5068,1.458,1.7959,4.1487,5.3342,2.8686,1.6455,0.81426,2.0944,2.8186,1.0709,2.6485,4.0567,2.2509,2.5327,3.6173,2.5404,2.4073,4.8545,2.8782,2.6673,4.5816,2.11,2.5028,4.464,2.3573,2.1409,4.2531,0.75321,2.0637,3.2764,0.47949,2.436,3.0413,0.59742,2.1459,3.7024,2.3893,2.4387,4.4926,0.88498,2.4378,2.9839,1.2399,1.6168,4.2791,1.676,2.0237,3.4163,6.064,2.6715,1.8053,3.4098,2.9166,0.13816,0.84548,2.4032,3.0248,1.6694,1.6168,4.0631,1.5119,1.8936,3.1748,0.78489,2.4385,2.932,2.1523,2.3251,4.8599,1.2132,2.5636,3.1588,1.018,1.9518,3.5068,0.45055,1.9796,3.285,1.7286,2.0097,3.4007,2.3889,2.1296,4.2341,2.1994,2.1418,4.9998,1.2657,1.676,3.8395,0.69845,1.977,2.7848,2.2091,2.158,5.0325,2.3703,2.2368,4.5557,1.5766,2.4129,3.968,4.4008,2.9113,0.31987,1.9536,2.4152,4.0184,0.81658,1.947,4.1202,1.297,2.6226,4.2757,3.7395,2.8087,6.1204,1.547,1.6483,3.2997,0.2455,2.3013,3.2946,5.1029,2.9099,1.0507,0.69269,2.7407,3.4064,1.3519,2.5269,3.031,2.1587,2.096,4.9293,1.473,2.0483,4.4012,1.5281,1.6323,3.3085,1.4084,2.9125,3.3713,0.5687,2.4201,2.8802,0.90318,2.4429,3.0369,0.23703,2.6065,3.3315,1.6462,2.319,4.1709,0.58249,2.4252,2.8441,1.0206,2.254,3.599,1.3954,1.7712,4.2834,0.31907,2.324,3.3653,1.5268,1.6024,3.3006,0.55852,2.4182,2.8756,3.2798,2.859,6.21,1.9435,2.5623,4.0052,2.0349,2.1976,4.6459,2.4481,2.7677,5.0657,1.9134,1.9075,3.8513,1.2933,1.7346,3.7127,2.1903,2.1219,4.9854,1.3682,2.6056,3.9306,1.0983,3.059,2.9234,4.757,2.9247,0.45849,1.3455,2.7056,4.397,1.9228,1.9091,3.8766,1.3224,2.6474,2.9525,0.59798,2.7425,3.228,1.0039,2.8993,4.1857,0.72403,2.5308,2.703,0.67664,2.0095,2.9157,0.53952,2.4142,3.3793,1.5619,2.175,4.2954,1.4505,2.7139,4.4804,0.54989,1.9931,2.9932,2.0023,1.8418,3.7976,1.1898,1.7795,3.694,2.267,2.6705,4.7203,1.3576,1.6223,4.1211,1.3473,2.1507,3.1449,0.60127,2.0068,3.0122,0.52951,2.4253,2.6578,1.6514,2.3438,4.1804,2.2906,2.6626,4.7801,0.57449,2.0168,2.9764,1.5783,1.6865,3.345,0.43333,3.0537,2.3085,0.65671,2.5438,2.6512,3.0618,2.7449,6.0697,0.13179,2.884,2.8211,4.6874,2.9263,0.38754,2.2749,2.3567,3.6188,1.2248,3.0366,4.0512,1.3186,2.3731,3.4581,1.0135,3.0559,3.8431,2.3288,2.2313,3.7446,1.1816,1.7587,3.6911,2.4315,2.3583,4.5883,2.5277,2.6875,4.0731,1.3258,2.6747,4.3719,1.9068,1.8642,3.8386,1.207,2.7064,3.7264,2.3295,2.4439,4.9113,1.6112,2.5767,3.438,2.1627,2.2327,4.128,0.76749,1.9276,3.3293,2.258,2.4119,3.6631,2.267,2.3943,3.6377,2.2381,1.9711,4.9849,2.603,2.2768,4.7886,2.3329,2.2428,3.7619,1.3611,1.5928,3.8724,2.2785,2.6763,4.7556,1.9078,1.8814,3.8463,0.77315,2.1186,4.0641,1.5946,1.7624,4.2474,2.3029,2.672,4.7966,1.4455,2.3875,3.2641,6.0014,2.9071,2.3067,1.8442,1.786,3.5237,1.8892,2.9338,4.1818,2.0897,1.9635,4.8481,1.1956,2.5905,4.371,1.9594,2.1477,4.8843,1.6079,1.7098,3.962,1.6099,2.0314,3.3264,1.0844,2.6986,3.6231,0.984,2.7874,3.8607,1.4527,2.4698,3.8842,1.1614,2.7191,3.6627,1.8153,1.6788,4.0735,0.93893,2.4539,2.833,1.9551,2.1177,4.4396,0.27691,2.7551,3.0392,1.0494,1.9354,4.2697,0.98346,2.3006,3.0943,1.6802,2.4069,4.5999,0.95901,2.0434,2.864,0.72628,1.9704,2.7364,1.5994,1.6967,3.9659,0.95422,2.4443,2.8608,1.3449,1.5793,3.8454,2.7255,2.5728,4.601,1.0827,2.184,3.591,1.1668,2.7289,3.6831,1.9764,1.983,4.5033,1.0358,1.9471,4.2546,1.869,1.6828,3.4667,1.6627,2.5334,3.9983,2.1352,2.539,4.882,2.1021,2.401,3.6497,1.3046,3.0305,3.5187,1.4564,1.4992,4.2027,0.6307,2.9875,3.6427,1.6093,1.6724,4.2099,0.7331,1.9896,2.7356,0.72412,2.1942,3.9736,2.6522,2.588,4.5243,2.0378,2.0963,3.4199,1.4333,2.8256,3.5703,1.0654,2.2707,3.5738,2.563,2.0457,4.5441,1.4693,1.7194,4.422,1.5675,2.5735,3.6105,2.0562,2.3608,4.1084,2.6416,2.3396,4.927,0.52648,2.5247,3.0485
867.03,1.9143,246.08,11.987,0.13367,1939.5,1.4705,1.8054,4.1194,1.275,2.2426,4.2514,1.1666,1.9466,4.2458,2.4585,2.6374,4.2945,0.859,2.0208,4.2851,1.5171,2.5576,3.8973,3.1962,2.8319,6.0571,1.1547,1.951,4.2466,1.7362,1.6216,4.222,1.2951,2.2275,4.2995,0.8256,2.0549,4.2031,2.9703,2.8313,4.5522,5.5264,2.6972,1.2579,1.3248,2.7095,3.7078,0.89779,2.135,2.9952,2.5306,2.1252,4.5613,1.4575,1.6297,3.9266,0.6405,2.6298,3.8087,2.0367,1.767,3.5107,1.104,2.3901,3.1922,0.16185,2.308,3.4057,1.7642,1.6789,3.4105,1.9082,2.7389,4.1796,1.7917,1.72,3.4124,1.4356,1.6135,3.956,0.38752,2.1678,3.1362,2.1044,2.4023,4.4718,1.4664,1.6972,3.2069,0.82272,1.9406,2.7451,3.1695,2.8367,6.0003,2.0417,1.7973,3.5107,1.0553,2.7232,2.9537,1.8339,2.5896,4.0507,0.66591,1.9278,2.8039,1.0649,2.4156,3.1263,1.922,1.9231,4.5355,1.7207,1.6299,3.8924,0.51435,2.2,3.7578,1.1859,2.5415,3.7553,0.92464,2.1224,3.1799,2.6528,2.3546,4.4302,2.1542,2.2188,4.7788,1.5024,1.6664,3.9487,1.8976,1.9249,4.5197,1.5057,2.2115,3.2478,0.74907,2.1646,3.0651,2.4496,2.4266,4.4013,1.9032,2.5988,4.7672,1.8441,2.6075,4.7214,2.6334,2.3768,4.4448,1.2753,2.5372,3.8787,1.7439,2.2679,4.3654,1.9013,2.9966,3.8242,0.60273,2.4726,2.5644,1.5014,2.0927,4.6415,2.0465,3.0167,3.9699,0.31627,2.4065,3.3349,1.6655,1.5821,4.0719,0.6771,2.0725,3.0272,2.2641,2.2635,4.6814,0.76077,2.5551,3.1761,0.92457,2.1368,3.1658,6.2706,2.8896,1.7874,2.045,2.0378,4.6765,2.6204,2.388,4.4405,2.5644,2.2793,5.0738,1.9624,2.6745,4.2532,1.0761,1.7692,4.0101,4.655,2.884,0.51949,0.84005,2.1322,2.9969,1.304,2.092,4.3413,1.0259,2.1206,3.4505,2.1402,2.6859,4.383,1.7286,1.5529,4.1341,1.2378,2.5369,3.1432,0.78301,2.4828,3.7253,2.0825,1.8665,3.6745,1.5546,2.4667,3.4502,1.6039,2.5747,3.621,1.6144,1.606,4.2478,1.9302,2.7038,4.3856,1.9961,2.7044,4.4671,3.5121,2.7568,6.002,1.7335,1.5354,4.1295,1.7777,2.0001,3.4541,2.0624,2.9292,4.8768,1.2347,2.5441,3.1914,2.5917,2.4385,4.9275,1.0873,2.6246,4.0521,1.5588,2.4538,3.4599,1.1247,1.8422,4.0691,1.6816,1.5553,4.0598,1.7508,1.998,3.4148,0.25604,2.9215,3.3172,2.9289,2.2962,4.6683,1.3041,1.9468,4.2235,1.3284,2.6403,3.4745,1.4175,2.4645,3.3486,1.8777,1.9223,3.6592,1.9384,2.4582,4.0348,1.0404,2.2979,3.1547,2.5466,1.9987,5.1498,1.258,2.6417,3.3859,1.373,2.4906,3.2976,0.41449,2.9215,3.4609,0.63565,1.8562,2.7859,1.6468,1.9856,4.512,1.4574,1.7915,4.1502,5.3204,2.8655,1.6312,0.81329,2.0932,2.82,1.0731,2.6516,4.055,2.2566,2.533,3.6152,2.5336,2.4039,4.8448,2.8855,2.6643,4.5875,2.1079,2.5019,4.4607,2.3585,2.145,4.2588,0.75098,2.0702,3.2693,0.4907,2.4332,3.0533,0.59692,2.146,3.7017,2.3897,2.4349,4.4978,0.89511,2.4354,2.9941,1.2384,1.6195,4.2778,1.6735,2.0247,3.4134,6.0486,2.669,1.7885,3.4211,2.9145,0.1509,0.84936,2.3993,3.0339,1.67,1.6154,4.0618,1.5134,1.8955,3.1744,0.78621,2.4371,2.936,2.1518,2.3234,4.8538,1.2172,2.564,3.1643,1.019,1.9507,3.5071,0.44342,1.9796,3.2886,1.7307,2.0091,3.3971,2.3896,2.1341,4.238,2.2035,2.1404,5.0008,1.2634,1.6715,3.8416,0.69956,1.977,2.7869,2.2136,2.1576,5.0353,2.374,2.2402,4.5624,1.5771,2.4203,3.9681,4.4106,2.9041,0.32973,1.954,2.4215,4.0207,0.81475,1.9467,4.119,1.3063,2.6261,4.28,3.7534,2.8054,5.5155,1.5485,1.6515,3.3008,0.24045,2.3011,3.2867,5.1012,2.9032,1.0506,0.69865,2.7374,3.4128,1.357,2.5283,3.0336,2.1612,2.0926,4.9273,1.4723,2.0437,4.4047,1.5283,1.6325,3.3101,1.4101,2.9116,3.3713,0.57719,2.4178,2.8922,0.90151,2.4419,3.0396,0.23745,2.6056,3.3299,1.6494,2.3241,4.1747,0.59152,2.4238,2.8532,1.0174,2.2615,3.5933,1.3956,1.7691,4.2821,0.31934,2.3253,3.3633,1.5267,1.6012,3.3017,0.56581,2.4161,2.8863,3.298,2.8575,5.9777,1.9389,2.5603,4.0033,2.0396,2.1984,4.6497,2.4311,2.7662,5.0463,1.9147,1.9024,3.8474,1.2928,1.7293,3.7142,2.1937,2.1193,4.9856,1.3663,2.6027,3.9255,1.0927,3.058,2.9169,4.762,2.9196,0.46263,1.3516,2.7066,4.401,1.9244,1.9059,3.8766,1.3275,2.6486,2.9589,0.61142,2.74,3.2437,1.0109,2.8986,4.1919,0.73562,2.532,2.7124,0.6761,2.0144,2.9123,0.53941,2.4147,3.3766,1.5619,2.1738,4.3005,1.4633,2.7151,4.4898,0.54448,1.9955,2.9843,2.0037,1.8385,3.7967,1.1892,1.7745,3.6976,2.2567,2.6669,4.7055,1.3558,1.6278,4.1172,1.3441,2.1499,3.1431,0.5988,2.0108,3.0053,0.53401,2.4237,2.6642,1.6562,2.3519,4.1847,2.2805,2.658,4.7671,0.56972,2.0206,2.9668,1.5791,1.6849,3.3464,0.42142,3.0546,2.2937,0.66151,2.5462,2.6546,3.0744,2.7437,6.084,0.14836,2.8845,2.8423,4.6904,2.9216,0.38999,2.271,2.3521,3.6093,1.2354,3.0324,4.0647,1.3095,2.3803,3.4508,1.021,3.0541,3.8539,2.3262,2.231,3.74,1.1805,1.7516,3.695,2.4318,2.3596,4.5896,2.5225,2.6906,4.0752,1.3301,2.6743,4.3735,1.9078,1.8566,3.8344,1.211,2.7007,3.7297,2.323,2.4409,4.8995,1.6114,2.5739,3.4481,2.1627,2.2369,4.131,0.76541,1.9299,3.3254,2.2518,2.4121,3.6566,2.2613,2.3929,3.6289,2.2424,1.9745,4.9896,2.6001,2.2758,4.7881,2.3304,2.2437,3.7587,1.3598,1.5932,3.8749,2.2668,2.6724,4.7406,1.909,1.8757,3.8423,0.77326,2.1165,4.0715,1.594,1.7576,4.2464,2.2934,2.6683,4.7847,1.4454,2.3878,3.2642,6.008,2.9091,2.3152,1.8441,1.785,3.5267,1.8828,2.9267,4.173,2.0958,1.9642,4.8544,1.2012,2.5913,4.3775,1.9646,2.1479,4.8856,1.6076,1.7038,3.9618,1.6108,2.0336,3.3229,1.0871,2.6943,3.6246,0.98698,2.7851,3.8612,1.4574,2.4739,3.8877,1.1629,2.7146,3.6621,1.8136,1.6712,4.0724,0.94051,2.4537,2.8366,1.9595,2.122,4.4445,0.29092,2.7509,3.0526,1.0467,1.9338,4.2701,0.98425,2.2991,3.098,1.6839,2.408,4.6012,0.95711,2.041,2.865,0.72521,1.969,2.736,1.5985,1.6904,3.9658,0.95632,2.4434,2.8664,1.3422,1.578,3.8464,2.7241,2.572,4.6008,1.0821,2.1883,3.5876,1.1694,2.7248,3.6849,1.9765,1.983,4.5056,1.0328,1.9459,4.2546,1.8704,1.6844,3.4679,1.6626,2.5362,3.9982,2.1368,2.538,4.879,2.0982,2.4028,3.645,1.3138,3.027,3.5268,1.4572,1.5013,4.2005,0.62836,2.9869,3.6414,1.609,1.6673,4.2084,0.73248,1.9888,2.7355,0.7265,2.1945,3.9756,2.6499,2.5868,4.524,2.0413,2.094,3.4192,1.4372,2.8191,3.5742,1.063,2.2773,3.5682,2.5659,2.0494,4.5506,1.4677,1.7183,4.4225,1.5656,2.5724,3.6138,2.0563,2.3658,4.1117,2.6385,2.3379,4.9231,0.53186,2.5248,3.0541
867.03,1.9143,246.08,11.987,0.14258,1997.9,1.4672,1.8023,4.1167,1.2762,2.2433,4.2543,1.1621,1.9435,4.2456,2.4559,2.6358,4.2947,0.85872,2.0193,4.2884,1.5169,2.5613,3.8975,3.209,2.8305,6.073,1.1498,1.948,4.2471,1.7357,1.6156,4.2199,1.2959,2.2272,4.3048,0.82388,2.0542,4.2032,2.9753,2.8309,4.5554,5.5164,2.691,1.2469,1.3278,2.7024,3.7106,0.89372,2.1341,2.9932,2.5351,2.1306,4.5705,1.4562,1.628,3.928,0.63824,2.6334,3.8024,2.0392,1.767,3.5131,1.1017,2.3878,3.1962,0.15336,2.3092,3.3935,1.7628,1.6785,3.4122,1.8983,2.7334,4.1676,1.7924,1.7224,3.4138,1.4332,1.6102,3.9585,0.38773,2.1697,3.1329,2.108,2.404,4.476,1.4655,1.6989,3.2072,0.82243,1.9433,2.745,3.1817,2.836,6.0139,2.0452,1.7988,3.5136,1.0587,2.7239,2.9589,1.8355,2.5901,4.0545,0.6682,1.9309,2.805,1.0635,2.4137,3.1302,1.9241,1.9234,4.5388,1.7235,1.6272,3.8933,0.51536,2.1995,3.7595,1.1872,2.5469,3.7563,0.91963,2.1255,3.1747,2.6606,2.3577,4.4397,2.16,2.2224,4.7851,1.5045,1.6669,3.9511,1.899,1.9258,4.522,1.5074,2.2134,3.2466,0.74298,2.1697,3.0562,2.4516,2.4298,4.4068,1.8997,2.5993,4.7564,1.8391,2.608,4.7106,2.6421,2.3818,4.4583,1.2746,2.5403,3.8745,1.7492,2.2707,4.3706,1.8933,2.9916,3.8152,0.60947,2.4733,2.5705,1.4972,2.096,4.6416,2.0438,3.0125,3.9659,0.31183,2.4076,3.3293,1.6659,1.58,4.0712,0.67496,2.0747,3.0234,2.2646,2.2642,4.682,0.76683,2.5509,3.1864,0.91948,2.1404,3.1595,6.2384,2.8891,1.7785,2.0503,2.0417,4.6836,2.6279,2.3936,4.453,2.5583,2.2753,5.0657,1.9551,2.6639,4.2454,1.076,1.7641,4.0141,4.6558,2.8755,0.51902,0.83712,2.1327,2.9941,1.3045,2.0915,4.3463,1.0235,2.1231,3.4472,2.1313,2.6813,4.3727,1.7309,1.5496,4.1324,1.2432,2.5357,3.1466,0.78503,2.4859,3.7224,2.0845,1.8627,3.6707,1.5511,2.469,3.4488,1.6022,2.5769,3.6248,1.6115,1.6031,4.2473,1.9209,2.6955,4.3743,1.9904,2.6968,4.4611,3.5212,2.7546,0.47593,1.7361,1.5318,4.1272,1.7832,1.9999,3.4553,2.0599,2.929,4.8751,1.2391,2.5436,3.1973,2.5895,2.4382,4.9241,1.0902,2.6253,4.0496,1.556,2.4552,3.4597,1.1206,1.8432,4.0679,1.6835,1.5519,4.0583,1.7544,1.9972,3.4133,0.25526,2.9198,3.317,2.9323,2.2955,4.674,1.3029,1.9468,4.2247,1.3318,2.6383,3.4825,1.4148,2.4652,3.3494,1.8807,1.9178,3.6551,1.9386,2.465,4.039,1.0369,2.2986,3.153,2.5469,1.9958,5.15,1.2592,2.6394,3.3915,1.3673,2.4924,3.295,0.42005,2.9196,3.4662,0.63281,1.8586,2.7783,1.6419,1.9829,4.5166,1.4569,1.7872,4.1516,5.3071,2.8624,1.6173,0.81227,2.0922,2.8213,1.0751,2.6545,4.0532,2.2619,2.5331,3.6125,2.5271,2.4006,4.8354,2.893,2.6612,4.5936,2.106,2.5013,4.4578,2.3598,2.1493,4.2646,0.74848,2.0766,3.262,0.50175,2.4306,3.0652,0.59644,2.146,3.7011,2.3902,2.4313,4.503,0.90509,2.433,3.0042,1.2368,1.6223,4.2764,1.6709,2.0256,3.4106,6.0335,2.6664,1.7723,3.4318,2.9124,0.16219,0.85255,2.3956,3.0422,1.6705,1.614,4.0604,1.5148,1.8974,3.1741,0.78728,2.4357,2.9396,2.1515,2.3218,4.848,1.2211,2.5644,3.1698,1.02,1.9495,3.5074,0.43613,1.9796,3.2923,1.7328,2.0084,3.3935,2.3905,2.1387,4.2422,2.2076,2.1389,5.0017,1.2611,1.6672,3.8434,0.70064,1.977,2.7888,2.2179,2.1571,5.038,2.3776,2.2435,4.5688,1.5776,2.4273,3.9681,4.4201,2.897,0.33947,1.9544,2.4279,4.023,0.81297,1.9464,4.1178,1.3156,2.6296,4.2841,3.767,2.8022,0.24452,1.5501,1.6548,3.3018,0.23562,2.3008,3.2791,5.0999,2.8965,1.051,0.70403,2.7343,3.4186,1.362,2.5299,3.0362,2.1639,2.0893,4.9255,1.4714,2.0388,4.4082,1.5285,1.6325,3.3116,1.4118,2.9107,3.3711,0.58557,2.4155,2.904,0.8998,2.441,3.0422,0.2378,2.6047,3.3283,1.6527,2.3291,4.1787,0.60033,2.4224,2.8621,1.0141,2.2691,3.5872,1.3957,1.767,4.2807,0.31966,2.3265,3.3614,1.5266,1.6,3.3029,0.57291,2.4141,2.8968,3.3156,2.8559,0.46275,1.9342,2.5584,4.0012,2.0441,2.199,4.6533,2.4139,2.7646,5.0266,1.916,1.8972,3.8436,1.2923,1.7242,3.7157,2.1971,2.1167,4.9859,1.3645,2.6,3.9206,1.0867,3.057,2.9099,4.767,2.9144,0.46683,1.3576,2.7076,4.4049,1.926,1.9028,3.8767,1.3325,2.6497,2.9653,0.62412,2.7376,3.2586,1.018,2.8977,4.1981,0.74711,2.5332,2.7218,0.67568,2.0191,2.9091,0.53938,2.4152,3.374,1.5621,2.1724,4.3056,1.4759,2.7163,4.4989,0.53917,1.9978,2.9754,2.0051,1.8353,3.7959,1.1887,1.7695,3.7011,2.2474,2.6635,4.6917,1.3539,1.6331,4.1132,1.341,2.149,3.1413,0.59633,2.0148,2.9986,0.53844,2.4221,2.6705,1.6612,2.3601,4.189,2.2707,2.6535,4.7544,0.56512,2.024,2.9577,1.5798,1.6832,3.3479,0.40861,3.0554,2.2781,0.66604,2.5488,2.6578,3.087,2.7424,6.0984,0.1693,2.8848,2.8633,4.6936,2.9169,0.39282,2.2674,2.3474,3.6002,1.2446,3.0281,4.0765,1.3009,2.3869,3.444,1.0277,3.0523,3.8638,2.3236,2.2307,3.7354,1.1793,1.7444,3.699,2.4319,2.3609,4.5908,2.5173,2.6934,4.0771,1.3344,2.6739,4.375,1.9087,1.849,3.8303,1.2148,2.6952,3.7327,2.317,2.438,4.8883,1.6113,2.5713,3.4579,2.1627,2.2413,4.1341,0.76327,1.9323,3.3214,2.2457,2.4124,3.65,2.2556,2.3913,3.6201,2.2465,1.9775,4.9938,2.5972,2.2748,4.7876,2.3279,2.2446,3.7556,1.3584,1.5937,3.8771,2.2556,2.6684,4.7259,1.9103,1.87,3.8384,0.77344,2.1143,4.0788,1.5935,1.7529,4.2455,2.2841,2.6647,4.7731,1.4453,2.3882,3.2643,6.0149,2.911,2.3242,1.8442,1.784,3.5296,1.8767,2.9197,4.1646,2.1019,1.9649,4.8604,1.2066,2.592,4.3837,1.9696,2.1481,4.8869,1.6074,1.6979,3.9616,1.6119,2.0357,3.3197,1.0895,2.6902,3.6259,0.98977,2.7829,3.8615,1.462,2.4777,3.8913,1.1644,2.7103,3.6614,1.8119,1.6638,4.0714,0.942,2.4535,2.8401,1.964,2.1264,4.4494,0.30459,2.7467,3.0656,1.0441,1.9321,4.2704,0.98484,2.2977,3.1016,1.6877,2.4091,4.6024,0.95519,2.0386,2.8657,0.72417,1.9676,2.7355,1.5976,1.6844,3.9658,0.95828,2.4426,2.8719,1.3395,1.5766,3.8473,2.7229,2.5713,4.6008,1.0814,2.1927,3.5843,1.172,2.7208,3.6866,1.9765,1.983,4.5079,1.03,1.9447,4.2548,1.8718,1.6859,3.4693,1.6626,2.5388,3.998,2.1383,2.5371,4.8761,2.0944,2.4047,3.6403,1.323,3.0235,3.5348,1.4579,1.5035,4.1983,0.62565,2.9862,3.6398,1.6089,1.6625,4.207,0.73187,1.988,2.7353,0.72884,2.1948,3.9776,2.6477,2.5857,4.5239,2.045,2.0916,3.4185,1.4411,2.8129,3.5783,1.0605,2.2839,3.5626,2.5689,2.0532,4.5572,1.4661,1.7173,4.423,1.5639,2.5714,3.6171,2.0563,2.3706,4.115,2.6356,2.3363,4.9194,0.53707,2.525,3.0596
867.03,1.9143,246.08,11.987,0.1515,2054.6,1.4641,1.7991,4.114,1.2775,2.2439,4.2573,1.1576,1.9405,4.2452,2.4534,2.6342,4.2948,0.85841,2.0179,4.2915,1.5168,2.5649,3.8976,3.2217,2.8289,6.0888,1.145,1.9449,4.2475,1.7353,1.6097,4.2177,1.2967,2.2268,4.3101,0.82226,2.0536,4.2033,2.9803,2.8305,4.5586,5.5069,2.6847,1.2365,1.3304,2.6962,3.713,0.88965,2.1332,2.9911,2.5397,2.1359,4.5799,1.4549,1.6266,3.9294,0.63573,2.637,3.7957,2.0416,1.7669,3.5157,1.0988,2.3856,3.1995,0.14468,2.3105,3.381,1.7613,1.6781,3.414,1.8894,2.7282,4.1566,1.7931,1.7247,3.4152,1.4309,1.6071,3.9608,0.38802,2.1714,3.1298,2.1113,2.4054,4.48,1.4646,1.7007,3.2075,0.82213,1.9459,2.7449,3.1942,2.8351,6.0277,2.0488,1.8003,3.5166,1.0622,2.7247,2.9639,1.8372,2.5907,4.0584,0.67047,1.9338,2.8062,1.0618,2.4117,3.1339,1.9264,1.9238,4.5421,1.7263,1.6247,3.8943,0.51656,2.1991,3.7614,1.1889,2.5519,3.7579,0.91478,2.1284,3.1698,2.6684,2.3605,4.4491,2.1655,2.2258,4.7911,1.5066,1.6674,3.9534,1.9006,1.9266,4.5243,1.5092,2.2152,3.2455,0.73701,2.1746,3.0476,2.4535,2.4329,4.4122,1.8962,2.5997,4.7454,1.8342,2.6085,4.6999,2.6511,2.3866,4.472,1.2738,2.5431,3.8704,1.7546,2.2735,4.3757,1.8856,2.9866,3.8066,0.61613,2.4739,2.5764,1.493,2.0994,4.6416,2.0411,3.0082,3.962,0.30754,2.4086,3.3239,1.6663,1.578,4.0704,0.67292,2.0766,3.0197,2.265,2.2647,4.6823,0.7724,2.5468,3.1963,0.91468,2.1436,3.1536,6.2373,2.8885,1.7701,2.0558,2.0456,4.6908,2.6356,2.3989,4.4656,2.5528,2.2714,5.058,1.9486,2.6537,4.2384,1.0759,1.7592,4.0181,4.6566,2.8671,0.51851,0.83427,2.1331,2.9915,1.305,2.091,4.3512,1.0211,2.1256,3.444,2.1229,2.6768,4.3629,1.7332,1.5462,4.1308,1.2485,2.5345,3.1498,0.78703,2.4889,3.7195,2.0866,1.8591,3.6671,1.5475,2.4714,3.4473,1.6007,2.579,3.6289,1.6087,1.6006,4.2468,1.9121,2.6875,4.3634,1.9852,2.6895,4.4552,3.5301,2.7523,5.3614,1.7388,1.5283,4.125,1.7888,1.9996,3.4567,2.0575,2.9289,4.8735,1.2432,2.5431,3.2029,2.5874,2.4378,4.9209,1.0929,2.6259,4.047,1.5532,2.4566,3.4596,1.1165,1.8442,4.0667,1.6854,1.5487,4.0569,1.7581,1.9963,3.4119,0.25448,2.918,3.3166,2.9355,2.2946,4.6794,1.3016,1.9467,4.226,1.335,2.6364,3.4902,1.4122,2.466,3.3503,1.8837,1.9134,3.6513,1.9389,2.4715,4.0433,1.0336,2.2994,3.1513,2.5473,1.9929,5.1502,1.2605,2.6372,3.397,1.3618,2.4941,3.2924,0.42528,2.9176,3.4712,0.63011,1.8607,2.771,1.637,1.9802,4.5208,1.4564,1.783,4.153,5.2939,2.8592,1.6037,0.8112,2.0912,2.8225,1.0769,2.6574,4.0513,2.2668,2.533,3.6096,2.5208,2.3974,4.8264,2.9006,2.6581,4.6,2.1043,2.5008,4.4551,2.3611,2.1537,4.2705,0.74569,2.0829,3.2544,0.51262,2.4281,3.0769,0.59598,2.1461,3.7006,2.3907,2.428,4.5083,0.91488,2.4306,3.0142,1.2351,1.625,4.2749,1.6682,2.0265,3.4075,6.0188,2.6637,1.7564,3.4419,2.9103,0.17348,0.85502,2.3922,3.0496,1.6711,1.6126,4.0591,1.5162,1.8993,3.1738,0.78813,2.4344,2.9429,2.1515,2.3202,4.8425,1.2248,2.5648,3.1752,1.0209,1.9482,3.5078,0.42873,1.9796,3.2962,1.735,2.0075,3.3899,2.3915,2.1435,4.2468,2.2117,2.1373,5.0026,1.2589,1.6632,3.845,0.70168,1.9771,2.7906,2.2222,2.1566,5.0406,2.3812,2.2466,4.5751,1.578,2.4339,3.968,4.4293,2.8902,0.34918,1.9548,2.4342,4.0253,0.81127,1.9461,4.1168,1.3248,2.6329,4.2881,3.7802,2.7991,0.016506,1.5518,1.6583,3.3028,0.23107,2.3004,3.2719,5.0988,2.8898,1.052,0.70887,2.7312,3.4237,1.3667,2.5314,3.0385,2.1667,2.0862,4.924,1.4705,2.0339,4.4115,1.5287,1.6324,3.3131,1.4134,2.9099,3.3708,0.59377,2.4133,2.9155,0.89809,2.4401,3.0448,0.23812,2.6039,3.3266,1.6559,2.3342,4.1827,0.60891,2.4211,2.8708,1.0106,2.2767,3.5809,1.3958,1.7649,4.2792,0.32003,2.3276,3.3597,1.5265,1.5987,3.304,0.57981,2.4122,2.9069,3.3323,2.8541,5.3586,1.9295,2.5566,3.9991,2.0486,2.1995,4.6569,2.3966,2.7628,5.0065,1.9173,1.8919,3.8398,1.2917,1.7192,3.7172,2.2004,2.1141,4.9863,1.3628,2.5974,3.9159,1.0804,3.0561,2.9027,4.7718,2.9092,0.4711,1.3636,2.7086,4.4087,1.9275,1.8997,3.877,1.3375,2.6508,2.9716,0.63606,2.7352,3.2726,1.025,2.8967,4.2044,0.7585,2.5344,2.731,0.67541,2.0236,2.9063,0.5394,2.4157,3.3716,1.5622,2.171,4.3106,1.488,2.7174,4.5075,0.53399,2.0001,2.9667,2.0065,1.8322,3.7953,1.1881,1.7646,3.7046,2.2389,2.6603,4.679,1.352,1.6382,4.1093,1.3378,2.1481,3.1395,0.59386,2.0186,2.9921,0.54278,2.4206,2.6767,1.6663,2.3683,4.1932,2.2615,2.649,4.7421,0.56072,2.0269,2.9491,1.5803,1.6817,3.3494,0.39502,3.0562,2.2617,0.67025,2.5515,2.6607,3.0996,2.741,6.1127,0.18662,2.885,2.8842,4.6971,2.9124,0.39604,2.2642,2.3427,3.5915,1.2524,3.0239,4.0869,1.2928,2.3928,3.4379,1.0336,3.0505,3.8729,2.321,2.2304,3.7308,1.178,1.7372,3.703,2.432,2.362,4.5918,2.5119,2.6959,4.0788,1.3384,2.6735,4.3763,1.9095,1.8414,3.8266,1.2183,2.69,3.7355,2.3117,2.4354,4.8777,1.611,2.569,3.4671,2.1628,2.2457,4.1373,0.76107,1.9349,3.3174,2.2397,2.4128,3.6435,2.25,2.3897,3.6113,2.2503,1.98,4.9976,2.5943,2.2738,4.7871,2.3255,2.2455,3.7526,1.3571,1.5942,3.8791,2.2447,2.6644,4.7117,1.9116,1.8644,3.8346,0.77368,2.1121,4.086,1.5929,1.7483,4.2446,2.2753,2.6611,4.7618,1.4452,2.3886,3.2644,6.0222,2.9128,2.3334,1.8445,1.7831,3.5324,1.8709,2.9128,4.1564,2.1079,1.9654,4.8663,1.2117,2.5926,4.3897,1.9745,2.1485,4.8882,1.6072,1.6923,3.9615,1.6131,2.0378,3.3166,1.0917,2.6864,3.627,0.99237,2.781,3.8615,1.4664,2.4812,3.895,1.1657,2.7063,3.6606,1.8101,1.6568,4.0704,0.94341,2.4534,2.8434,1.9686,2.1308,4.4544,0.31796,2.7424,3.0783,1.0414,1.9304,4.2708,0.98524,2.2964,3.1048,1.6914,2.4103,4.6037,0.95325,2.0364,2.8662,0.72313,1.9664,2.735,1.5967,1.6787,3.9658,0.96011,2.4418,2.8772,1.3368,1.5752,3.8482,2.7219,2.5707,4.601,1.0806,2.1971,3.5808,1.1745,2.7171,3.6882,1.9766,1.9831,4.5102,1.0273,1.9434,4.2549,1.8733,1.6874,3.4706,1.6625,2.5412,3.9979,2.1398,2.5363,4.8733,2.0906,2.4065,3.6356,1.332,3.02,3.5428,1.4587,1.5057,4.196,0.62262,2.9856,3.6378,1.6089,1.6579,4.2056,0.73127,1.9872,2.7351,0.73114,2.1952,3.9795,2.6455,2.5847,4.5238,2.0486,2.0893,3.418,1.4449,2.8069,3.5827,1.0579,2.2903,3.5569,2.5719,2.057,4.5639,1.4646,1.7163,4.4236,1.5623,2.5704,3.6204,2.0564,2.3753,4.1183,2.6329,2.3349,4.916,0.54213,2.5252,3.0649
867.03,1.9143,246.08,11.987,0.16041,2107.7,1.4609,1.7959,4.1114,1.2789,2.2446,4.2603,1.1532,1.9376,4.2447,2.4509,2.6326,4.295,0.85806,2.0167,4.2945,1.5166,2.5684,3.8977,3.2341,2.8272,6.1042,1.1403,1.942,4.2479,1.7351,1.6041,4.2153,1.2974,2.2265,4.3154,0.82071,2.0531,4.2036,2.9852,2.8301,4.5618,5.4978,2.6783,1.2266,1.3328,2.6903,3.7151,0.88556,2.1324,2.989,2.5445,2.1411,4.5892,1.4536,1.6253,3.9307,0.63308,2.6404,3.7891,2.0441,1.7667,3.5183,1.0956,2.3837,3.2023,0.13589,2.3116,3.3685,1.7597,1.6775,3.4157,1.881,2.7231,4.1465,1.7938,1.7269,3.4166,1.4286,1.6041,3.9631,0.38831,2.1731,3.1268,2.1146,2.4067,4.4837,1.4638,1.7024,3.2077,0.82178,1.9485,2.7447,3.2068,2.8343,6.0418,2.0524,1.8018,3.5198,1.0655,2.7254,2.9689,1.839,2.5913,4.0623,0.67269,1.9367,2.8074,1.0601,2.4097,3.1376,1.9286,1.9239,4.5455,1.7291,1.6223,3.8953,0.51796,2.1985,3.7636,1.1907,2.5567,3.7598,0.90999,2.1313,3.1649,2.6761,2.3634,4.4583,2.1711,2.2292,4.7973,1.5086,1.6679,3.9557,1.9024,1.9275,4.5268,1.511,2.2171,3.2444,0.73105,2.1794,3.0392,2.4554,2.4359,4.4174,1.8925,2.6001,4.7342,1.8295,2.6091,4.6893,2.6603,2.3913,4.486,1.2732,2.546,3.8664,1.7602,2.2763,4.3809,1.8782,2.9816,3.7982,0.62268,2.4746,2.5821,1.4887,2.1028,4.6413,2.0386,3.0039,3.9583,0.30333,2.4095,3.3187,1.6667,1.5759,4.0697,0.67091,2.0785,3.0162,2.2653,2.2651,4.6824,0.77773,2.5427,3.206,0.91008,2.1467,3.148,6.2294,2.8879,1.7621,2.0615,2.0493,4.698,2.6434,2.4039,4.4782,2.5475,2.2676,5.0506,1.9424,2.6437,4.232,1.0757,1.7543,4.0219,4.6572,2.8588,0.51807,0.83149,2.1335,2.9891,1.3057,2.0905,4.356,1.0186,2.1282,3.4408,2.1147,2.6723,4.3533,1.7358,1.5427,4.1291,1.2537,2.5334,3.1529,0.78904,2.4918,3.7167,2.0887,1.8555,3.6635,1.544,2.4739,3.4459,1.5994,2.581,3.6332,1.6058,1.5983,4.2462,1.9036,2.6795,4.3529,1.9802,2.6821,4.4497,3.539,2.75,6.1607,1.7415,1.525,4.1227,1.7945,1.9994,3.4583,2.055,2.9287,4.8718,1.2471,2.5426,3.2084,2.5854,2.4376,4.9177,1.0955,2.6264,4.0443,1.5504,2.4581,3.4596,1.1126,1.845,4.0655,1.6874,1.5457,4.0555,1.7618,1.9955,3.4107,0.25392,2.9162,3.3165,2.9386,2.2937,4.6846,1.3003,1.9467,4.2271,1.3381,2.6346,3.4978,1.4097,2.4667,3.3512,1.8867,1.9091,3.6476,1.9392,2.4777,4.0476,1.0303,2.3,3.1497,2.5476,1.9901,5.1504,1.2618,2.6352,3.4025,1.3561,2.4957,3.2899,0.43019,2.9155,3.4759,0.62752,1.8627,2.764,1.6318,1.9775,4.5246,1.456,1.7789,4.1542,5.2813,2.856,1.5905,0.81014,2.0903,2.8236,1.0786,2.6603,4.0492,2.2713,2.5327,3.6064,2.5148,2.3942,4.8176,2.9083,2.655,4.6064,2.1029,2.5004,4.4526,2.3624,2.1582,4.2765,0.74265,2.0892,3.2465,0.52338,2.4256,3.0883,0.59558,2.1461,3.7001,2.3913,2.4248,4.5136,0.92465,2.428,3.0243,1.2333,1.6278,4.2732,1.6656,2.0272,3.4045,6.0043,2.6609,1.7409,3.4514,2.9081,0.18398,0.85703,2.3889,3.0565,1.6717,1.6113,4.0579,1.5178,1.9013,3.1736,0.78882,2.4332,2.946,2.1516,2.3186,4.8373,1.2283,2.5653,3.1805,1.0218,1.947,3.5081,0.42125,1.9798,3.3002,1.7371,2.0065,3.3863,2.3927,2.1483,4.2516,2.2157,2.1357,5.0034,1.2565,1.6592,3.8465,0.70267,1.9772,2.7924,2.2264,2.1559,5.0431,2.3847,2.2497,4.5813,1.5783,2.4403,3.9679,4.4382,2.8834,0.35874,1.9554,2.4405,4.0278,0.80961,1.9459,4.1157,1.3339,2.6363,4.292,3.793,2.7962,0.074512,1.5536,1.6617,3.3039,0.22675,2.3,3.265,5.098,2.8833,1.0534,0.7133,2.7283,3.4283,1.3712,2.5329,3.0406,2.1695,2.0831,4.9227,1.4695,2.0287,4.4148,1.5289,1.6322,3.3147,1.415,2.9093,3.3704,0.60183,2.411,2.9269,0.89639,2.4392,3.0473,0.23837,2.6031,3.3248,1.6593,2.3393,4.1867,0.61727,2.4198,2.8794,1.007,2.2844,3.5745,1.396,1.7629,4.2776,0.32042,2.3287,3.3579,1.5264,1.5974,3.3051,0.58647,2.4104,2.9167,3.3483,2.8524,6.1678,1.9248,2.5547,3.997,2.053,2.2,4.6604,2.3792,2.7608,4.9864,1.9184,1.8865,3.8361,1.2911,1.7144,3.7186,2.2037,2.1116,4.9865,1.3612,2.5949,3.9113,1.0738,3.0553,2.8951,4.7766,2.904,0.47543,1.3697,2.7094,4.4125,1.929,1.8968,3.8772,1.3423,2.6519,2.9778,0.64734,2.7328,3.2858,1.032,2.8956,4.2107,0.76966,2.5355,2.7401,0.6752,2.0279,2.9037,0.5394,2.4162,3.3691,1.5624,2.1694,4.3156,1.4998,2.7184,4.516,0.52892,2.0023,2.958,2.0078,1.8293,3.7948,1.1874,1.7597,3.7081,2.2312,2.6572,4.6673,1.3499,1.6431,4.1055,1.3346,2.1472,3.1378,0.59142,2.0223,2.9856,0.54702,2.419,2.6828,1.6714,2.3763,4.1972,2.2526,2.6447,4.7304,0.55644,2.0298,2.9409,1.581,1.6803,3.3508,0.38045,3.0569,2.2444,0.67411,2.5542,2.6632,3.1122,2.7394,6.1269,0.20432,2.8851,2.9045,4.7006,2.908,0.39953,2.2613,2.3379,3.5831,1.2593,3.0198,4.0963,1.2849,2.3982,3.4321,1.0384,3.0486,3.881,2.3186,2.2302,3.7264,1.1768,1.7301,3.707,2.4322,2.3631,4.5928,2.5065,2.6983,4.0805,1.3422,2.6732,4.3773,1.9103,1.8341,3.8229,1.2216,2.6848,3.7382,2.3068,2.4329,4.8677,1.6106,2.5668,3.4762,2.1631,2.2501,4.1407,0.75884,1.9374,3.3133,2.2339,2.413,3.6371,2.2445,2.388,3.6025,2.254,1.9824,5.0009,2.5915,2.2728,4.7866,2.323,2.2465,3.7497,1.3558,1.5948,3.881,2.2343,2.6603,4.6978,1.9128,1.8588,3.8309,0.77392,2.1099,4.0929,1.5923,1.7438,4.2436,2.2668,2.6576,4.7509,1.4452,2.389,3.2645,6.0294,2.9147,2.3425,1.8448,1.7823,3.5351,1.8655,2.9059,4.1487,2.1139,1.9659,4.872,1.2165,2.5932,4.3956,1.9793,2.1488,4.8894,1.607,1.6869,3.9613,1.6142,2.04,3.3137,1.0937,2.6826,3.6279,0.99482,2.779,3.8612,1.4707,2.4844,3.8988,1.1668,2.7024,3.6598,1.8084,1.6501,4.0696,0.94476,2.4533,2.8466,1.9733,2.1351,4.4594,0.33095,2.7381,3.0905,1.0387,1.9288,4.271,0.98559,2.2952,3.1078,1.6952,2.4113,4.6049,0.95135,2.0343,2.8667,0.72214,1.9654,2.7344,1.5959,1.6733,3.9658,0.96184,2.4411,2.8823,1.3341,1.5736,3.8491,2.7209,2.5701,4.6013,1.0798,2.2014,3.5774,1.177,2.7135,3.6899,1.9767,1.9832,4.5126,1.0247,1.9423,4.2552,1.8747,1.6888,3.4718,1.6625,2.5437,3.9977,2.1415,2.5355,4.8705,2.0868,2.4084,3.6309,1.3408,3.0165,3.5507,1.4593,1.5076,4.1937,0.61936,2.985,3.6356,1.609,1.6535,4.2042,0.73067,1.9865,2.7349,0.73339,2.1956,3.9814,2.6433,2.5837,4.5237,2.0521,2.087,3.4176,1.4486,2.801,3.587,1.0551,2.2968,3.5513,2.575,2.0608,4.5706,1.463,1.7155,4.4242,1.5607,2.5696,3.6238,2.0567,2.38,4.1217,2.6304,2.3335,4.9128,0.54706,2.5255,3.07
867.03,1.9143,246.08,11.987,0.16932,2156.6,1.4577,1.7925,4.109,1.2805,2.2453,4.2634,1.1488,1.9347,4.2441,2.4483,2.6311,4.2951,0.85769,2.0154,4.2975,1.5163,2.5719,3.8977,3.2463,2.8255,6.1195,1.1357,1.939,4.2483,1.7348,1.5987,4.213,1.2982,2.2261,4.3207,0.81926,2.0525,4.204,2.9899,2.8296,4.5648,5.4891,2.672,1.2172,1.3349,2.6849,3.7169,0.88147,2.1314,2.9869,2.5493,2.1463,4.5986,1.4522,1.6241,3.9321,0.63038,2.6438,3.7823,2.0466,1.7665,3.5208,1.092,2.3821,3.2046,0.12703,2.3127,3.3559,1.7582,1.6767,3.4175,1.8734,2.7183,4.1371,1.7945,1.729,3.4181,1.4265,1.6012,3.9652,0.38859,2.1747,3.1237,2.1178,2.4081,4.4874,1.4629,1.7041,3.208,0.82136,1.951,2.7446,3.2198,2.8333,6.0561,2.0563,1.8033,3.5232,1.0687,2.7263,2.9736,1.8409,2.592,4.0664,0.67485,1.9396,2.8086,1.0583,2.4078,3.1412,1.931,1.9241,4.5489,1.7319,1.6201,3.8965,0.51955,2.1979,3.7659,1.1926,2.5614,3.7617,0.90522,2.1342,3.1601,2.6837,2.3661,4.4674,2.1767,2.2327,4.8036,1.5106,1.6686,3.9579,1.9042,1.9284,4.5292,1.5128,2.2189,3.2431,0.72509,2.1842,3.0308,2.4573,2.4389,4.4228,1.8887,2.6006,4.7227,1.825,2.6096,4.6788,2.6699,2.3957,4.5003,1.2724,2.5489,3.8624,1.766,2.2791,4.3861,1.871,2.9767,3.7901,0.62906,2.4753,2.5876,1.4842,2.1064,4.6408,2.0362,2.9993,3.9546,0.29919,2.4103,3.3136,1.6672,1.5739,4.0689,0.66893,2.0801,3.0127,2.2655,2.2655,4.6823,0.7829,2.5384,3.2158,0.90566,2.1497,3.1426,6.2227,2.8872,1.7547,2.0672,2.0531,4.7053,2.6512,2.4086,4.4908,2.5424,2.2637,5.0434,1.9368,2.634,4.2261,1.0756,1.7492,4.026,4.6578,2.8507,0.51773,0.82879,2.1339,2.987,1.3065,2.09,4.3607,1.016,2.1308,3.4376,2.1067,2.6678,4.3438,1.7383,1.5389,4.1274,1.2589,2.5322,3.1559,0.79105,2.4946,3.7139,2.0908,1.8519,3.6599,1.5403,2.4763,3.4443,1.5984,2.5828,3.6379,1.6031,1.5961,4.2457,1.8956,2.6714,4.3426,1.9757,2.6747,4.4446,3.5479,2.7476,5.4044,1.7441,1.5216,4.1203,1.8001,1.9991,3.4598,2.0525,2.9286,4.87,1.2509,2.5422,3.2135,2.5835,2.4374,4.9146,1.098,2.6268,4.0416,1.5476,2.4596,3.4595,1.1086,1.8459,4.0642,1.6893,1.5427,4.054,1.7655,1.9945,3.4095,0.25358,2.9145,3.3165,2.9419,2.2927,4.6898,1.2989,1.9466,4.2284,1.3412,2.6331,3.5051,1.4072,2.4675,3.3521,1.8898,1.9046,3.6439,1.9397,2.4839,4.0522,1.0271,2.3006,3.1483,2.5478,1.9874,5.1504,1.2632,2.6335,3.408,1.3505,2.4973,3.2873,0.43475,2.9135,3.4803,0.62502,1.8645,2.7572,1.6264,1.9748,4.5279,1.4556,1.7749,4.1554,5.2692,2.8529,1.5778,0.8091,2.0894,2.8248,1.08,2.6631,4.0472,2.2749,2.5319,3.6021,2.509,2.391,4.809,2.916,2.6518,4.6128,2.1015,2.5001,4.4502,2.3639,2.1626,4.2825,0.73934,2.0956,3.2384,0.53401,2.4231,3.0997,0.59523,2.146,3.6997,2.3919,2.4218,4.5189,0.93443,2.4254,3.0345,1.2315,1.6307,4.2715,1.663,2.0278,3.4016,5.9904,2.658,1.7258,3.4604,2.906,0.194,0.85869,2.3856,3.0631,1.6722,1.6099,4.0567,1.5193,1.9031,3.1735,0.78934,2.4318,2.9489,2.1518,2.3172,4.8323,1.2317,2.5659,3.1856,1.0227,1.9456,3.5086,0.41355,1.98,3.3043,1.7392,2.0055,3.3827,2.3941,2.1531,4.2564,2.2197,2.1341,5.0043,1.254,1.6552,3.848,0.70362,1.9772,2.7941,2.2305,2.1551,5.0455,2.3882,2.2528,4.5875,1.5787,2.4467,3.9677,4.4468,2.8766,0.36813,1.956,2.4468,4.0303,0.80797,1.9458,4.1145,1.3431,2.6397,4.2959,3.8057,2.7932,0.10408,1.5554,1.6652,3.3051,0.22256,2.2997,3.2582,5.0974,2.8766,1.0551,0.71735,2.7254,3.4326,1.3755,2.5344,3.0425,2.1724,2.08,4.9213,1.4686,2.0234,4.4182,1.5291,1.6319,3.3161,1.4165,2.9086,3.3701,0.60982,2.4087,2.9382,0.89461,2.4383,3.0497,0.23848,2.6022,3.323,1.6627,2.3441,4.1908,0.62536,2.4184,2.8876,1.0031,2.292,3.5678,1.3961,1.761,4.276,0.32079,2.3299,3.3563,1.5264,1.596,3.3063,0.59286,2.4088,2.9263,3.364,2.8507,5.421,1.9201,2.553,3.9949,2.0575,2.2004,4.6638,2.3619,2.7588,4.9662,1.9195,1.881,3.8325,1.2905,1.7098,3.72,2.2069,2.1091,4.9867,1.3597,2.5925,3.9069,1.0668,3.0546,2.8873,4.7813,2.8988,0.47982,1.3759,2.7102,4.4166,1.9305,1.8939,3.8775,1.347,2.6531,2.984,0.65803,2.7305,3.2984,1.0392,2.8944,4.2171,0.78057,2.537,2.7488,0.67504,2.0323,2.9013,0.53936,2.4167,3.3667,1.5626,2.1677,4.3205,1.5115,2.7194,4.5244,0.52387,2.0044,2.9495,2.009,1.8265,3.7943,1.1867,1.7549,3.7115,2.2242,2.6543,4.6565,1.3478,1.6479,4.1015,1.3314,2.1462,3.1361,0.589,2.0259,2.9793,0.55116,2.4176,2.6888,1.6765,2.3842,4.2012,2.2441,2.6403,4.719,0.55224,2.0325,2.933,1.5816,1.6789,3.3524,0.36478,3.0577,2.2261,0.67768,2.5571,2.6653,3.1248,2.7378,6.141,0.22156,2.8851,2.9243,4.7042,2.9036,0.40323,2.2586,2.3332,3.5748,1.2654,3.0156,4.1047,1.2771,2.4033,3.4264,1.0423,3.0469,3.8879,2.3163,2.23,3.7219,1.1755,1.7229,3.7111,2.4323,2.3642,4.5938,2.501,2.7004,4.0821,1.3459,2.6729,4.3782,1.9112,1.8266,3.8194,1.225,2.6797,3.7409,2.3023,2.4305,4.858,1.6102,2.5648,3.4851,2.1634,2.2546,4.1442,0.7566,1.94,3.3092,2.2282,2.4133,3.6307,2.2391,2.3864,3.5938,2.2576,1.9845,5.004,2.5886,2.2718,4.786,2.3205,2.2477,3.7468,1.3545,1.5954,3.8827,2.2241,2.6561,4.6844,1.9142,1.8533,3.8272,0.77415,2.1078,4.0998,1.5917,1.7394,4.2426,2.2585,2.6539,4.7403,1.4452,2.3895,3.2647,6.0367,2.9165,2.3516,1.8453,1.7813,3.5377,1.8605,2.8991,4.1415,2.1197,1.9663,4.8775,1.221,2.5938,4.4012,1.9839,2.1493,4.8906,1.6069,1.6816,3.9612,1.6155,2.0422,3.3109,1.0956,2.6789,3.6288,0.99716,2.7771,3.8609,1.4751,2.4874,3.9026,1.168,2.6986,3.6589,1.8067,1.6435,4.0687,0.94605,2.4533,2.8497,1.978,2.1394,4.4643,0.34347,2.7336,3.1024,1.0361,1.9273,4.2712,0.98593,2.2939,3.1108,1.699,2.4123,4.6063,0.94951,2.0322,2.8673,0.7212,1.9644,2.7339,1.5951,1.6682,3.9658,0.96347,2.4404,2.8872,1.3315,1.572,3.8502,2.72,2.5695,4.6017,1.0789,2.2058,3.5739,1.1795,2.7099,3.6916,1.9767,1.9833,4.5148,1.0223,1.9411,4.2556,1.8762,1.6903,3.4732,1.6625,2.546,3.9976,2.1432,2.5348,4.868,2.083,2.4102,3.6263,1.3495,3.013,3.5584,1.46,1.5094,4.1916,0.61582,2.9845,3.6331,1.6092,1.6492,4.2028,0.7301,1.9857,2.7347,0.73558,2.1961,3.9831,2.6412,2.5826,4.5237,2.0556,2.0847,3.417,1.4523,2.7954,3.5914,1.0523,2.3031,3.5456,2.5781,2.0645,4.5773,1.4615,1.7147,4.4249,1.5592,2.5688,3.6271,2.0569,2.3844,4.1251,2.628,2.3321,4.9098,0.55181,2.5257,3.0749
867.03,1.9143,246.08,11.987,0.17823,2203.7,1.4545,1.7891,4.1066,1.2821,2.2459,4.2666,1.1445,1.9319,4.2434,2.4458,2.6294,4.2953,0.8573,2.0142,4.3003,1.516,2.5752,3.8977,3.2584,2.8236,6.1345,1.1311,1.9361,4.2487,1.7345,1.5935,4.2107,1.2989,2.2255,4.326,0.8179,2.0521,4.2045,2.9946,2.8291,4.5679,5.4808,2.6657,1.2085,1.3367,2.6802,3.7182,0.87739,2.1304,2.9847,2.5542,2.1514,4.608,1.4508,1.6231,3.9335,0.62748,2.6471,3.7752,2.0491,1.7662,3.5233,1.088,2.3806,3.2063,0.118,2.3137,3.343,1.7566,1.676,3.4193,1.8665,2.7138,4.1286,1.7951,1.731,3.4195,1.4245,1.5985,3.9673,0.38892,2.1762,3.1207,2.121,2.4095,4.491,1.462,1.7059,3.2083,0.82091,1.9532,2.7445,3.2331,2.8322,6.0708,2.0603,1.8047,3.5266,1.0718,2.7273,2.9783,1.8429,2.5927,4.0706,0.67696,1.9424,2.8099,1.0563,2.406,3.1445,1.9334,1.9244,4.5524,1.7347,1.6181,3.8978,0.52137,2.1972,3.7685,1.1947,2.5659,3.764,0.90059,2.1368,3.1554,2.6914,2.3687,4.4763,2.1821,2.236,4.8097,1.5127,1.6691,3.9601,1.9062,1.9294,4.5317,1.5149,2.2206,3.242,0.7194,2.1886,3.023,2.4591,2.4418,4.428,1.8847,2.6011,4.7109,1.8206,2.6101,4.6684,2.6798,2.4,4.5148,1.2717,2.5517,3.8585,1.7719,2.2819,4.3913,1.8641,2.9718,3.7825,0.63527,2.4761,2.593,1.4797,2.11,4.6402,2.0339,2.9947,3.9512,0.29515,2.4109,3.3087,1.6676,1.572,4.0682,0.66702,2.0816,3.0095,2.2655,2.2659,4.682,0.78767,2.5342,3.2252,0.90156,2.1524,3.1377,6.2174,2.8864,1.7477,2.0732,2.0568,4.7126,2.6591,2.4129,4.5032,2.5378,2.26,5.0367,1.9319,2.6249,4.2209,1.0756,1.7442,4.03,4.6583,2.8429,0.5174,0.82619,2.1342,2.9849,1.3074,2.0895,4.3653,1.0135,2.1333,3.4343,2.099,2.6633,4.3348,1.7408,1.5351,4.1256,1.2639,2.5311,3.1587,0.79309,2.4973,3.7113,2.0929,1.8484,3.6564,1.5366,2.4788,3.4429,1.5977,2.5846,3.643,1.6004,1.5942,4.2453,1.888,2.6634,4.333,1.9714,2.6675,4.4398,3.5565,2.7452,0.1654,1.7469,1.5183,4.1179,1.8057,1.9988,3.4615,2.05,2.9286,4.8681,1.2545,2.5418,3.2183,2.5817,2.4371,4.9116,1.1005,2.6272,4.0387,1.5448,2.461,3.4595,1.1048,1.8467,4.0631,1.6914,1.5399,4.0526,1.7693,1.9934,3.4086,0.25333,2.9128,3.3165,2.9451,2.2917,4.6948,1.2975,1.9465,4.2295,1.344,2.6319,3.5123,1.4047,2.4682,3.3531,1.893,1.9003,3.6404,1.9404,2.4897,4.0567,1.0239,2.301,3.1468,2.5478,1.9849,5.1505,1.2646,2.6319,3.4136,1.3451,2.4988,3.2848,0.43906,2.9114,3.4843,0.62268,1.8661,2.7508,1.6208,1.972,4.5306,1.4552,1.771,4.1564,5.2575,2.8498,1.5655,0.80805,2.0886,2.8258,1.0813,2.6659,4.0451,2.2776,2.5307,3.5974,2.5036,2.3879,4.8009,2.9238,2.6485,4.6192,2.1003,2.5,4.448,2.3656,2.1672,4.2887,0.73577,2.1017,3.2302,0.54435,2.4208,3.1106,0.59493,2.1459,3.6993,2.3926,2.419,4.5241,0.94394,2.4228,3.0443,1.2295,1.6335,4.2695,1.6603,2.0283,3.3985,5.9768,2.655,1.7112,3.4688,2.9039,0.20341,0.85977,2.3825,3.0688,1.6727,1.6086,4.0556,1.5209,1.9049,3.1735,0.78972,2.4305,2.9515,2.1521,2.3158,4.8275,1.235,2.5665,3.1905,1.0237,1.9442,3.509,0.40574,1.9803,3.3085,1.7414,2.0043,3.3792,2.3957,2.1581,4.2615,2.2238,2.1323,5.0051,1.2515,1.6513,3.8492,0.70451,1.9772,2.7956,2.2346,2.1543,5.0477,2.3915,2.2557,4.5934,1.579,2.4528,3.9675,4.4553,2.8699,0.37749,1.9566,2.4531,4.0329,0.80641,1.9458,4.1134,1.3521,2.6429,4.2998,3.8179,2.7903,0.095493,1.5573,1.6687,3.3062,0.21864,2.2993,3.2518,5.0972,2.8701,1.0573,0.72095,2.7225,3.4363,1.3796,2.5359,3.0444,2.1755,2.0771,4.9201,1.4676,2.0181,4.4215,1.5293,1.6316,3.3176,1.418,2.9079,3.3697,0.6176,2.4065,2.9494,0.89278,2.4375,3.0521,0.23858,2.6013,3.3211,1.6662,2.3489,4.1949,0.63319,2.4172,2.8957,0.99903,2.2997,3.5609,1.3962,1.759,4.2745,0.32114,2.3309,3.3547,1.5263,1.5946,3.3075,0.59901,2.4073,2.9355,3.3791,2.8489,0.19083,1.9154,2.5513,3.9928,2.0618,2.2008,4.6672,2.3448,2.7566,4.9459,1.9206,1.8754,3.8291,1.2899,1.7052,3.7214,2.2101,2.1066,4.987,1.3583,2.5902,3.9026,1.0597,3.0541,2.8792,4.7859,2.8935,0.48429,1.382,2.711,4.4207,1.932,1.8911,3.8779,1.3516,2.6542,2.9901,0.66802,2.7283,3.3101,1.0463,2.8931,4.2235,0.79125,2.5384,2.7574,0.67498,2.0364,2.8993,0.53934,2.4173,3.3643,1.5627,2.1659,4.3255,1.5228,2.7204,4.5324,0.51897,2.0065,2.941,2.0102,1.8239,3.7939,1.1859,1.7502,3.7149,2.218,2.6516,4.6467,1.3457,1.6526,4.0976,1.3283,2.1451,3.1344,0.58659,2.0294,2.9732,0.55519,2.4161,2.6947,1.6816,2.3919,4.2049,2.2361,2.6361,4.7081,0.54827,2.0348,2.9254,1.5822,1.6777,3.3539,0.34837,3.0585,2.2069,0.68091,2.5601,2.6671,3.1373,2.736,6.1549,0.23836,2.8849,2.9438,4.708,2.8993,0.40716,2.2562,2.3285,3.567,1.2704,3.0116,4.112,1.2697,2.4079,3.4213,1.0453,3.0452,3.894,2.3139,2.2299,3.7176,1.1742,1.7158,3.715,2.4323,2.3653,4.5946,2.4955,2.7023,4.0836,1.3494,2.6726,4.3789,1.912,1.8191,3.8161,1.2282,2.6748,3.7435,2.2983,2.4283,4.849,1.6096,2.563,3.4936,2.1638,2.2591,4.1478,0.75435,1.9426,3.305,2.2228,2.4136,3.6244,2.2337,2.3847,3.5852,2.2609,1.9864,5.0067,2.5858,2.2708,4.7854,2.3181,2.2488,3.744,1.3534,1.5958,3.8842,2.2143,2.652,4.6714,1.9155,1.8478,3.8236,0.77441,2.1057,4.1065,1.5911,1.7351,4.2417,2.2505,2.6504,4.7299,1.4451,2.3899,3.2648,6.0443,2.9182,2.361,1.8459,1.7805,3.5402,1.8558,2.8924,4.1346,2.1255,1.9666,4.8828,1.2252,2.5944,4.4066,1.9885,2.1497,4.8917,1.6068,1.6765,3.9611,1.6168,2.0443,3.3083,1.0974,2.6755,3.6296,0.99933,2.7753,3.8604,1.4793,2.49,3.9065,1.1691,2.695,3.6579,1.8049,1.6373,4.068,0.94726,2.4533,2.8526,1.9827,2.1436,4.4693,0.35556,2.7291,3.1138,1.0336,1.9256,4.2715,0.98617,2.2928,3.1137,1.7026,2.4133,4.6075,0.94768,2.0301,2.8677,0.72028,1.9634,2.7333,1.5943,1.6634,3.9658,0.96497,2.4398,2.892,1.329,1.5703,3.8512,2.7193,2.5689,4.6022,1.0779,2.2101,3.5704,1.1819,2.7066,3.6933,1.9768,1.9834,4.517,1.0201,1.9399,4.256,1.8776,1.6917,3.4744,1.6624,2.5482,3.9975,2.1449,2.5341,4.8656,2.0794,2.412,3.6218,1.358,3.0096,3.5661,1.4607,1.5112,4.1896,0.61207,2.984,3.6304,1.6095,1.6452,4.2014,0.72954,1.985,2.7345,0.73771,2.1967,3.9846,2.6392,2.5816,4.5237,2.0591,2.0825,3.4166,1.4558,2.79,3.5957,1.0495,2.3092,3.54,2.5813,2.0681,4.584,1.4601,1.7139,4.4255,1.5578,2.5681,3.6304,2.0572,2.3887,4.1285,2.6258,2.3309,4.9069,0.55639,2.526,3.0797
867.03,1.9143,246.08,11.987,0.18714,2250.1,1.4514,1.7858,4.1043,1.2837,2.2464,4.2697,1.1403,1.9292,4.2426,2.4433,2.6278,4.2955,0.85689,2.0133,4.3028,1.5158,2.5783,3.8977,3.2704,2.8215,6.1493,1.1266,1.9333,4.2489,1.7344,1.5886,4.2083,1.2995,2.225,4.3312,0.81663,2.0518,4.2051,2.9993,2.8286,4.5709,5.4729,2.6594,1.2004,1.3381,2.6762,3.7192,0.87335,2.1295,2.9824,2.5591,2.1563,4.6174,1.4493,1.6223,3.9348,0.62433,2.6504,3.7679,2.0517,1.766,3.5258,1.0834,2.3793,3.2073,0.10882,2.3146,3.33,1.755,1.6752,3.4211,1.8603,2.7097,4.1211,1.7958,1.7329,3.421,1.4225,1.596,3.9691,0.38931,2.1778,3.1178,2.1241,2.4106,4.4944,1.4611,1.7077,3.2084,0.82044,1.9552,2.7444,3.2468,2.8309,6.0859,2.0644,1.8061,3.53,1.075,2.7284,2.983,1.845,2.5933,4.0748,0.67903,1.9451,2.8111,1.0541,2.4043,3.1475,1.9358,1.9245,4.5559,1.7376,1.6163,3.8991,0.52344,2.1964,3.7713,1.1972,2.5699,3.7668,0.89614,2.1393,3.1511,2.6988,2.3712,4.4848,2.1874,2.2392,4.8155,1.5147,1.6694,3.9622,1.9084,1.9303,4.5342,1.5171,2.2222,3.2411,0.71413,2.1926,3.0159,2.4606,2.4443,4.4329,1.8806,2.6015,4.6989,1.8164,2.6107,4.658,2.6898,2.4039,4.5294,1.2711,2.5542,3.8546,1.7778,2.2846,4.3963,1.8575,2.9669,3.7752,0.6413,2.4769,2.5982,1.4751,2.1135,4.6394,2.0317,2.99,3.948,0.29125,2.4113,3.304,1.6682,1.5701,4.0674,0.66523,2.0829,3.0065,2.2654,2.2661,4.6815,0.79191,2.5302,3.234,0.89783,2.1548,3.1333,6.2118,2.8856,1.7411,2.0794,2.0604,4.7199,2.667,2.4167,4.5153,2.5337,2.2563,5.0307,1.9277,2.6167,4.2166,1.0755,1.7394,4.0339,4.6587,2.8355,0.51703,0.82368,2.1345,2.9831,1.3083,2.0889,4.3699,1.011,2.1359,3.431,2.0918,2.659,4.3265,1.7434,1.5313,4.1238,1.2688,2.5302,3.1613,0.79515,2.4999,3.7087,2.0951,1.8451,3.6532,1.533,2.4812,3.4416,1.5974,2.5864,3.6483,1.5978,1.5927,4.2447,1.8812,2.6559,4.324,1.9677,2.6608,4.4352,3.565,2.7428,0.008966,1.7498,1.515,4.1155,1.8113,1.9985,3.4633,2.0475,2.9286,4.8661,1.2578,2.5415,3.223,2.58,2.4369,4.9086,1.1027,2.6275,4.0356,1.5422,2.4625,3.4596,1.1011,1.8475,4.0618,1.6935,1.5373,4.0512,1.7731,1.9924,3.4078,0.25308,2.9111,3.3163,2.9481,2.2907,4.6995,1.296,1.9464,4.2306,1.3465,2.6309,3.5191,1.4024,2.469,3.3541,1.8964,1.8961,3.6372,1.9411,2.4951,4.0612,1.0208,2.3016,3.1453,2.5478,1.9826,5.1507,1.2661,2.6304,3.4191,1.3396,2.5002,3.2823,0.44314,2.9094,3.4881,0.62051,1.8676,2.7449,1.6151,1.9694,4.533,1.4549,1.7674,4.1573,5.2461,2.8466,1.5535,0.80695,2.0878,2.8267,1.0824,2.6684,4.0428,2.2801,2.5293,3.593,2.4986,2.3851,4.7933,2.9318,2.6452,4.6258,2.0993,2.5,4.4461,2.3672,2.1719,4.295,0.73198,2.1074,3.222,0.5543,2.4186,3.1211,0.59467,2.1457,3.699,2.3934,2.4165,4.5293,0.95298,2.4203,3.0537,1.2275,1.6362,4.2676,1.6577,2.0289,3.3954,5.9636,2.6519,1.6972,3.4766,2.9018,0.21214,0.86016,2.3797,3.0737,1.6733,1.6075,4.0546,1.5225,1.9068,3.1735,0.78997,2.4294,2.9539,2.1528,2.3144,4.8232,1.2382,2.5672,3.1953,1.0246,1.9427,3.5096,0.39794,1.9808,3.3128,1.7436,2.003,3.3758,2.3974,2.1632,4.2669,2.2278,2.1305,5.006,1.2489,1.6475,3.8502,0.70534,1.9772,2.797,2.2386,2.1534,5.0499,2.3948,2.2585,4.5991,1.5791,2.4584,3.9672,4.4635,2.8635,0.38692,1.9572,2.4594,4.0355,0.80494,1.9457,4.1124,1.361,2.6461,4.3033,3.8296,2.7874,0.11175,1.5592,1.6724,3.3074,0.21502,2.2987,3.2458,5.0973,2.8637,1.0599,0.72407,2.7199,3.4394,1.3836,2.5375,3.0461,2.1786,2.0743,4.9192,1.4664,2.0126,4.4248,1.5294,1.6312,3.3191,1.4195,2.9073,3.369,0.62511,2.4044,2.9602,0.89091,2.4366,3.0544,0.2387,2.6004,3.3192,1.6697,2.3536,4.199,0.6408,2.4162,2.9036,0.99476,2.3074,3.5539,1.3963,1.7571,4.2729,0.32147,2.3317,3.3531,1.5261,1.593,3.3088,0.60495,2.4059,2.9443,3.3935,2.847,0.042777,1.9107,2.5498,3.9905,2.0661,2.201,4.6705,2.3278,2.7542,4.9256,1.9216,1.8696,3.8258,1.2892,1.7009,3.7227,2.2133,2.1041,4.9872,1.3569,2.588,3.8986,1.0523,3.0535,2.871,4.7904,2.8882,0.48886,1.3882,2.7117,4.4247,1.9335,1.8883,3.8784,1.3561,2.6553,2.9963,0.67732,2.7261,3.321,1.0533,2.8917,4.2298,0.80175,2.5398,2.7658,0.67505,2.0404,2.8975,0.53934,2.4179,3.362,1.5629,2.164,4.3305,1.5337,2.7212,4.5401,0.51424,2.0085,2.9328,2.0114,1.8213,3.7936,1.1851,1.7455,3.7182,2.2127,2.6491,4.638,1.3436,1.6571,4.0938,1.3252,2.144,3.1327,0.58417,2.0326,2.9672,0.55915,2.4147,2.7005,1.6866,2.3993,4.2083,2.2285,2.632,4.6976,0.54457,2.0368,2.9185,1.5827,1.6766,3.3555,0.33145,3.0592,2.1873,0.68379,2.5632,2.6685,3.1496,2.7341,6.1686,0.25498,2.8847,2.9629,4.7118,2.8953,0.41134,2.2543,2.3238,3.5597,1.2746,3.0076,4.1182,1.263,2.4119,3.417,1.0478,3.0435,3.8996,2.3116,2.2297,3.7133,1.1728,1.7087,3.7189,2.4323,2.3662,4.5953,2.49,2.7039,4.0852,1.3528,2.6724,4.3795,1.9128,1.8118,3.813,1.2311,2.6702,3.7458,2.2949,2.4264,4.8407,1.6088,2.5614,3.5016,2.1643,2.2634,4.1516,0.75206,1.9452,3.3009,2.2174,2.4137,3.6181,2.2286,2.383,3.5766,2.264,1.988,5.0089,2.5832,2.2698,4.7848,2.3157,2.2499,3.7412,1.3523,1.5962,3.8856,2.2048,2.6479,4.6588,1.9168,1.8423,3.8202,0.7747,2.1035,4.113,1.5905,1.7309,4.2408,2.2428,2.6471,4.7198,1.4451,2.3905,3.265,6.0522,2.9198,2.3706,1.8466,1.7797,3.5426,1.8516,2.8858,4.1282,2.1312,1.9668,4.8877,1.2291,2.5949,4.4117,1.9928,2.1502,4.8927,1.6067,1.6716,3.9609,1.6183,2.0462,3.3057,1.0989,2.6723,3.6302,1.0013,2.7736,3.8597,1.4833,2.4925,3.9104,1.17,2.6916,3.657,1.8032,1.6313,4.0674,0.9484,2.4533,2.8555,1.9874,2.1477,4.4742,0.36728,2.7246,3.1248,1.0311,1.924,4.2716,0.9863,2.2918,3.1163,1.7063,2.4142,4.6087,0.94584,2.0283,2.8679,0.71939,1.9626,2.7327,1.5935,1.659,3.9658,0.96636,2.4393,2.8967,1.3264,1.5686,3.8521,2.7185,2.5684,4.6028,1.077,2.2144,3.567,1.1842,2.7034,3.6949,1.977,1.9835,4.5192,1.0178,1.9387,4.2565,1.879,1.6929,3.4757,1.6623,2.5503,3.9973,2.1466,2.5335,4.8632,2.0758,2.4137,3.6175,1.3664,3.0062,3.5736,1.4613,1.513,4.1875,0.60816,2.9834,3.6275,1.61,1.6414,4.2,0.72899,1.9842,2.7344,0.73979,2.1974,3.9862,2.6373,2.5807,4.5238,2.0625,2.0802,3.4164,1.4592,2.785,3.6003,1.0466,2.3153,3.5345,2.5845,2.0718,4.5907,1.4587,1.7132,4.4261,1.5566,2.5675,3.6337,2.0575,2.3929,4.1318,2.6238,2.3297,4.9043,0.56084,2.5263,3.0844
867.03,1.9143,246.08,11.987,0.19605,2294.1,1.4484,1.7825,4.1022,1.2855,2.2468,4.2728,1.1362,1.9265,4.2419,2.4409,2.6263,4.2958,0.85644,2.0124,4.3053,1.5156,2.5812,3.8975,3.2821,2.8195,6.1639,1.1223,1.9306,4.249,1.7343,1.584,4.206,1.3,2.2245,4.3364,0.81543,2.0514,4.2058,3.0038,2.8281,4.5738,5.4655,2.6532,1.193,1.3392,2.6729,3.72,0.86935,2.1284,2.9803,2.564,2.161,4.6266,1.4479,1.6217,3.936,0.62106,2.6535,3.7605,2.0543,1.7656,3.5283,1.0785,2.3782,3.2078,0.099593,2.3155,3.3168,1.7535,1.6742,3.423,1.8547,2.7059,4.1143,1.7965,1.7349,3.4225,1.4206,1.5936,3.9707,0.38973,2.1793,3.1151,2.127,2.4118,4.4978,1.4602,1.7097,3.2086,0.81992,1.9572,2.7444,3.2608,2.8297,6.1014,2.0686,1.8075,3.5335,1.0782,2.7295,2.9876,1.8471,2.594,4.0791,0.68102,1.9477,2.8123,1.0517,2.4026,3.1503,1.9385,1.9245,4.5594,1.7403,1.6146,3.9004,0.52574,2.1954,3.7744,1.1999,2.5737,3.7697,0.8918,2.1418,3.1468,2.706,2.3735,4.493,2.1926,2.2422,4.8213,1.5167,1.6696,3.9641,1.9107,1.9311,4.5367,1.5193,2.2239,3.2402,0.70918,2.1964,3.0095,2.4621,2.4467,4.4376,1.8765,2.6019,4.6868,1.8123,2.6111,4.6477,2.6999,2.4074,4.5438,1.2705,2.5566,3.8509,1.7838,2.2872,4.4012,1.8511,2.9622,3.7682,0.64714,2.4776,2.6032,1.4705,2.1172,4.6384,2.0297,2.9853,3.945,0.28744,2.4117,3.2994,1.6686,1.5681,4.0667,0.6635,2.0841,3.0037,2.2652,2.2663,4.6809,0.79576,2.5261,3.2425,0.89441,2.1571,3.1293,6.207,2.8848,1.7351,2.0855,2.0639,4.7272,2.6745,2.42,4.527,2.53,2.2528,5.025,1.9241,2.6092,4.2129,1.0755,1.7347,4.0377,4.6589,2.8284,0.5167,0.82126,2.1349,2.9813,1.3093,2.0885,4.3742,1.0084,2.1385,3.4277,2.0851,2.6548,4.3185,1.7461,1.5275,4.122,1.2737,2.5292,3.1637,0.79721,2.5024,3.7062,2.0972,1.8418,3.6501,1.5293,2.4836,3.4405,1.5973,2.5881,3.6538,1.5953,1.5914,4.2443,1.8749,2.6487,4.3154,1.9642,2.6542,4.431,3.5733,2.7403,0.03838,1.7525,1.5117,4.113,1.817,1.9981,3.4652,2.0449,2.9286,4.864,1.261,2.5412,3.2273,2.5784,2.4368,4.9059,1.1048,2.6277,4.0325,1.5394,2.464,3.4597,1.0975,1.8481,4.0607,1.6955,1.5348,4.0499,1.7769,1.9913,3.4071,0.25297,2.9093,3.3163,2.9509,2.2895,4.7038,1.2946,1.9462,4.2318,1.349,2.6301,3.5257,1.4001,2.4698,3.3551,1.8998,1.8918,3.6342,1.9419,2.5001,4.0657,1.0177,2.3021,3.144,2.5478,1.9804,5.1508,1.2675,2.6292,3.4246,1.3343,2.5016,3.2799,0.44696,2.9073,3.4916,0.61845,1.8688,2.7391,1.6092,1.9668,4.5347,1.4546,1.7638,4.1582,5.2351,2.8435,1.5419,0.80585,2.0872,2.8275,1.0833,2.671,4.0404,2.2827,2.5277,3.589,2.494,2.3824,4.7861,2.9397,2.6418,4.6324,2.0984,2.5,4.4442,2.3689,2.1766,4.3014,0.728,2.113,3.2136,0.56391,2.4164,3.1312,0.59449,2.1456,3.6987,2.3944,2.4142,4.5345,0.96162,2.418,3.0627,1.2255,1.639,4.2656,1.655,2.0293,3.3924,5.9509,2.6488,1.6835,3.4838,2.8998,0.22025,0.86003,2.377,3.0778,1.6738,1.6064,4.0535,1.5241,1.9087,3.1736,0.79012,2.4281,2.9562,2.1535,2.3133,4.8191,1.2411,2.568,3.2,1.0254,1.9411,3.5101,0.3902,1.9813,3.3171,1.7459,2.0017,3.3723,2.3994,2.1684,4.2725,2.2317,2.1285,5.0069,1.2463,1.6439,3.851,0.70611,1.9773,2.7982,2.2424,2.1523,5.0521,2.398,2.2612,4.6048,1.5792,2.4637,3.9668,4.4716,2.8571,0.39634,1.9579,2.4655,4.0382,0.80353,1.9456,4.1114,1.3696,2.6492,4.3066,3.8411,2.7847,0.12384,1.5612,1.6761,3.3086,0.21165,2.2983,3.24,5.0978,2.8575,1.0629,0.72681,2.7173,3.4421,1.3872,2.539,3.0476,2.1817,2.0715,4.9184,1.4652,2.007,4.428,1.5295,1.6308,3.3206,1.4208,2.9069,3.3683,0.63235,2.4023,2.9706,0.88894,2.4357,3.0564,0.23879,2.5995,3.3173,1.6733,2.3581,4.2032,0.64822,2.4151,2.9112,0.99031,2.315,3.5466,1.3963,1.7552,4.2711,0.32176,2.3326,3.3516,1.526,1.5914,3.31,0.61068,2.4047,2.9528,3.4071,2.8451,0.080071,1.906,2.5483,3.9883,2.0703,2.2011,4.6737,2.3111,2.7517,4.9054,1.9226,1.8638,3.8226,1.2886,1.6966,3.7239,2.2163,2.1017,4.9875,1.3556,2.5861,3.8946,1.0446,3.053,2.8626,4.7947,2.8828,0.49355,1.3942,2.7122,4.4286,1.9349,1.8855,3.8789,1.3606,2.6565,3.0023,0.68608,2.7241,3.3313,1.0602,2.8903,4.2361,0.81203,2.5412,2.774,0.6752,2.0443,2.8959,0.53931,2.4184,3.3597,1.5631,2.162,4.3355,1.5442,2.722,4.5475,0.50965,2.0104,2.9247,2.0125,1.8188,3.7935,1.1844,1.7409,3.7215,2.2079,2.6469,4.63,1.3414,1.6614,4.0901,1.3222,2.1428,3.1311,0.58173,2.0356,2.9614,0.56305,2.4134,2.7063,1.6914,2.4065,4.2114,2.2213,2.6279,4.6875,0.54104,2.0387,2.9119,1.5831,1.6755,3.357,0.31394,3.0599,2.1673,0.68635,2.5664,2.6695,3.1617,2.7321,6.1819,0.27124,2.8843,2.9816,4.7157,2.8914,0.4157,2.2526,2.3192,3.5527,1.278,3.0038,4.1238,1.2564,2.4154,3.413,1.0498,3.0417,3.9046,2.3094,2.2296,3.709,1.1715,1.7016,3.7229,2.4322,2.367,4.5959,2.4846,2.7054,4.0867,1.356,2.6722,4.3798,1.9135,1.8045,3.8102,1.2339,2.6657,3.7481,2.292,2.4245,4.8328,1.6079,2.56,3.5093,2.1647,2.2679,4.1553,0.7498,1.9479,3.2968,2.2122,2.414,3.6118,2.2236,2.3811,3.5681,2.2668,1.9895,5.0109,2.5805,2.2688,4.7843,2.3132,2.2512,3.7385,1.3512,1.5966,3.8867,2.1958,2.6437,4.6467,1.918,1.837,3.8168,0.77501,2.1015,4.1194,1.5899,1.7267,4.2397,2.2354,2.6436,4.7101,1.4452,2.3909,3.2653,6.0603,2.9215,2.3806,1.8473,1.7788,3.545,1.8476,2.8794,4.1222,2.1366,1.9669,4.8924,1.2327,2.5952,4.4167,1.9971,2.1507,4.8937,1.6067,1.6669,3.9608,1.6198,2.0483,3.3033,1.1004,2.6692,3.6306,1.0033,2.772,3.8589,1.4873,2.4948,3.9143,1.1708,2.6885,3.6559,1.8015,1.6255,4.0668,0.94947,2.4534,2.8582,1.9921,2.1518,4.4791,0.37857,2.7202,3.1353,1.0286,1.9225,4.2716,0.98639,2.2908,3.1188,1.7098,2.4151,4.6099,0.94402,2.0264,2.8682,0.71853,1.9618,2.7322,1.5928,1.6548,3.9658,0.96763,2.4389,2.901,1.3238,1.5669,3.8531,2.7178,2.568,4.6033,1.0759,2.2189,3.5635,1.1864,2.7004,3.6965,1.9771,1.9838,4.5214,1.0158,1.9375,4.257,1.8804,1.6942,3.477,1.6622,2.5522,3.997,2.1483,2.5329,4.861,2.0723,2.4156,3.613,1.3747,3.0027,3.5812,1.4618,1.5147,4.1855,0.60411,2.9829,3.6245,1.6104,1.6379,4.1987,0.72845,1.9835,2.7342,0.7418,2.1981,3.9877,2.6353,2.5798,4.5239,2.0659,2.078,3.416,1.4627,2.7801,3.6049,1.0437,2.3211,3.5291,2.5878,2.0753,4.5975,1.4574,1.7128,4.4268,1.5554,2.567,3.6369,2.0579,2.3968,4.1352,2.6218,2.3285,4.9018,0.56513,2.5267,3.0888
867.03,1.9143,246.08,11.987,0.20497,2335.3,1.4453,1.7792,4.1,1.2872,2.2473,4.276,1.1322,1.9239,4.241,2.4383,2.6247,4.2961,0.85598,2.0115,4.3078,1.5153,2.584,3.8972,3.2936,2.8173,6.1783,1.1179,1.9279,4.2493,1.7343,1.5797,4.2036,1.3004,2.2239,4.3415,0.8143,2.0511,4.2065,3.0082,2.8276,4.5766,5.4584,2.6471,1.1861,1.3402,2.6698,3.7207,0.86536,2.1274,2.9781,2.5688,2.1657,4.6357,1.4463,1.6211,3.9373,0.61771,2.6566,3.7531,2.0569,1.7653,3.5308,1.0732,2.3773,3.2077,0.090298,2.3164,3.3037,1.7519,1.6732,3.4249,1.8495,2.7022,4.1082,1.7972,1.7367,3.4239,1.4188,1.5916,3.9723,0.39016,2.1807,3.1124,2.1298,2.4129,4.501,1.4593,1.7116,3.2089,0.81932,1.959,2.7444,3.2754,2.8283,6.1174,2.0729,1.8088,3.5372,1.0814,2.7308,2.9921,1.8493,2.5947,4.0834,0.68291,1.9503,2.8134,1.0491,2.401,3.1529,1.9412,1.9247,4.563,1.7431,1.6132,3.9018,0.52825,2.1945,3.7776,1.2027,2.5774,3.7728,0.88752,2.1442,3.1427,2.713,2.3757,4.501,2.1978,2.2452,4.8271,1.5188,1.6699,3.9659,1.9132,1.932,4.5393,1.5216,2.2255,3.2392,0.70443,2.2,3.0034,2.4635,2.4491,4.4423,1.8721,2.6022,4.6744,1.8084,2.6116,4.6376,2.7101,2.4108,4.5585,1.2698,2.559,3.8471,1.7899,2.2899,4.4061,1.845,2.9575,3.7614,0.65285,2.4783,2.6079,1.4657,2.121,4.6371,2.0278,2.9804,3.9421,0.28368,2.412,3.2949,1.6692,1.5662,4.0659,0.6618,2.085,3.0009,2.265,2.2666,4.6802,0.79932,2.5221,3.2507,0.89123,2.1591,3.1256,6.2024,2.8839,1.7296,2.0919,2.0673,4.7345,2.682,2.4231,4.5384,2.5265,2.2492,5.0196,1.9208,2.602,4.2095,1.0755,1.7298,4.0416,4.6592,2.8215,0.51642,0.81892,2.1352,2.9797,1.3104,2.0881,4.3786,1.0058,2.1411,3.4244,2.0784,2.6506,4.3108,1.7489,1.5235,4.1202,1.2785,2.5282,3.166,0.79931,2.5048,3.7038,2.0994,1.8385,3.647,1.5258,2.486,3.4395,1.5974,2.5897,3.6596,1.5928,1.5903,4.2438,1.8688,2.6416,4.3072,1.9611,2.6478,4.427,3.5815,2.7378,0.040553,1.7554,1.5084,4.1104,1.8226,1.9978,3.4672,2.042,2.9285,4.8615,1.2641,2.5409,3.2314,2.5768,2.4365,4.9031,1.1068,2.6279,4.0293,1.5368,2.4655,3.4599,1.0939,1.8488,4.0596,1.6976,1.5323,4.0485,1.7807,1.9901,3.4066,0.25309,2.9077,3.3164,2.9538,2.2883,4.7082,1.293,1.9459,4.2329,1.3515,2.6294,3.5324,1.3979,2.4707,3.3561,1.9032,1.8876,3.6313,1.9428,2.5049,4.0702,1.0147,2.3025,3.1427,2.5475,1.9785,5.151,1.2691,2.628,3.43,1.3291,2.503,3.2774,0.45063,2.9053,3.495,0.6165,1.87,2.7337,1.6033,1.9641,4.5362,1.4543,1.7603,4.1591,5.2246,2.8404,1.5305,0.80477,2.0866,2.8284,1.0841,2.6735,4.038,2.2854,2.5261,3.5854,2.4897,2.3797,4.7792,2.9474,2.6385,4.6388,2.0975,2.5002,4.4426,2.3707,2.1813,4.3078,0.72389,2.1185,3.2052,0.57326,2.4144,3.141,0.59438,2.1454,3.6984,2.3954,2.412,4.5397,0.96999,2.4158,3.0714,1.2233,1.6418,4.2634,1.6522,2.0297,3.3893,5.9387,2.6456,1.6704,3.4904,2.8976,0.22772,0.8595,2.3745,3.0815,1.6743,1.6054,4.0526,1.5257,1.9107,3.1739,0.79017,2.4269,2.9584,2.1543,2.3121,4.8152,1.244,2.5689,3.2045,1.0263,1.9395,3.5107,0.38258,1.9819,3.3215,1.7482,2.0003,3.369,2.4016,2.1736,4.2784,2.2358,2.1266,5.0078,1.2437,1.6404,3.8517,0.70678,1.9772,2.7993,2.2463,2.1513,5.0542,2.4013,2.264,4.6103,1.5794,2.4689,3.9664,4.4795,2.8509,0.40567,1.9587,2.4717,4.041,0.80217,1.9455,4.1105,1.3782,2.6522,4.3097,3.8522,2.782,0.1362,1.5634,1.6798,3.3098,0.20853,2.2979,3.2346,5.0985,2.8513,1.0661,0.72928,2.7148,3.4444,1.3907,2.5404,3.0488,2.185,2.0687,4.9176,1.464,2.0014,4.4312,1.5298,1.6302,3.322,1.4221,2.9063,3.3676,0.63935,2.4003,2.9807,0.88689,2.4349,3.0584,0.23886,2.5986,3.3153,1.6769,2.3625,4.2074,0.65542,2.4141,2.9187,0.98571,2.3225,3.5391,1.3964,1.7533,4.2694,0.32202,2.3334,3.35,1.5258,1.5898,3.3113,0.61614,2.4036,2.9609,3.4202,2.8432,0.089448,1.9012,2.5467,3.9859,2.0745,2.2013,4.6768,2.2949,2.7491,4.8856,1.9235,1.858,3.8197,1.288,1.6925,3.7251,2.2194,2.0993,4.9877,1.3544,2.5841,3.8907,1.0368,3.0527,2.8541,4.799,2.8775,0.49833,1.4001,2.7127,4.4325,1.9364,1.8827,3.8795,1.3649,2.6575,3.0083,0.69429,2.7221,3.341,1.0671,2.8887,4.2423,0.82195,2.5426,2.7818,0.67541,2.0481,2.8945,0.53923,2.419,3.3573,1.5634,2.16,4.3404,1.5544,2.7227,4.5547,0.50521,2.0122,2.9169,2.0135,1.8164,3.7933,1.1835,1.7363,3.7247,2.2037,2.6447,4.6227,1.3393,1.6657,4.0864,1.3191,2.1416,3.1295,0.57933,2.0384,2.9557,0.56686,2.4121,2.712,1.6961,2.4135,4.2143,2.2144,2.624,4.6779,0.53766,2.0403,2.9056,1.5836,1.6745,3.3585,0.29582,3.0606,2.1466,0.68854,2.5696,2.6702,3.1735,2.73,6.195,0.28696,2.8837,2.9997,4.7196,2.8876,0.42016,2.2512,2.3146,3.546,1.2811,3.0,4.1287,1.2502,2.4187,3.4091,1.0512,3.04,3.9089,2.3072,2.2295,3.7049,1.1701,1.6946,3.7267,2.4322,2.3679,4.5964,2.4792,2.7066,4.0882,1.359,2.6719,4.3801,1.9142,1.7974,3.8076,1.2365,2.6614,3.7501,2.2892,2.4228,4.8253,1.6069,2.5587,3.5167,2.1653,2.2723,4.1592,0.74757,1.9505,3.2929,2.2071,2.4141,3.6056,2.2187,2.3791,3.5596,2.2696,1.9908,5.0125,2.5778,2.2678,4.7836,2.3107,2.2525,3.7358,1.3503,1.5969,3.8878,2.1871,2.6396,4.6349,1.9193,1.8317,3.8135,0.7753,2.0993,4.1256,1.5892,1.7228,4.2388,2.2282,2.6403,4.7007,1.4453,2.3914,3.2654,6.0686,2.923,2.3905,1.8482,1.778,3.5472,1.844,2.8731,4.1165,2.142,1.9669,4.897,1.2361,2.5956,4.4214,2.0012,2.1513,4.8946,1.6068,1.6625,3.9605,1.6213,2.0502,3.3011,1.1017,2.6663,3.6309,1.0051,2.7705,3.858,1.4912,2.4969,3.9182,1.1717,2.6854,3.6548,1.7998,1.6201,4.0663,0.95048,2.4536,2.8607,1.9968,2.1558,4.4839,0.3894,2.7157,3.1454,1.0261,1.921,4.2717,0.98649,2.2898,3.1213,1.7134,2.4158,4.611,0.94226,2.0247,2.8683,0.71771,1.961,2.7316,1.5921,1.651,3.9658,0.96881,2.4386,2.9053,1.3212,1.5653,3.854,2.7172,2.5676,4.6038,1.0748,2.2231,3.5601,1.1886,2.6975,3.698,1.9774,1.9839,4.5236,1.0138,1.9363,4.2575,1.8818,1.6954,3.4783,1.6621,2.5541,3.9969,2.15,2.5324,4.8589,2.0689,2.4173,3.6088,1.3827,2.9992,3.5885,1.4624,1.5163,4.1835,0.59996,2.9824,3.6212,1.6111,1.6345,4.1974,0.72791,1.9828,2.734,0.74374,2.1989,3.989,2.6333,2.5789,4.524,2.0693,2.0759,3.4159,1.466,2.7754,3.6095,1.0409,2.3266,3.5238,2.591,2.0788,4.6041,1.4561,1.7124,4.4274,1.5542,2.5666,3.6401,2.0582,2.4006,4.1385,2.6199,2.3275,4.8994,0.56929,2.5271,3.0932
867.03,1.9143,246.08,11.987,0.21388,2372.2,1.4423,1.7759,4.0979,1.289,2.2477,4.2791,1.1284,1.9214,4.2401,2.4358,2.623,4.2964,0.85551,2.0107,4.3102,1.5149,2.587,3.8969,3.3048,2.8149,6.1923,1.1137,1.9253,4.2495,1.7343,1.5754,4.2012,1.3009,2.2233,4.3466,0.81326,2.0508,4.2076,3.0124,2.8269,4.5793,5.4515,2.6409,1.1795,1.341,2.6669,3.7212,0.86137,2.1263,2.976,2.5737,2.1702,4.6447,1.4448,1.6205,3.9385,0.61442,2.6596,3.7456,2.0594,1.7649,3.5333,1.0676,2.3766,3.2071,0.080974,2.317,3.2908,1.7504,1.6721,3.4269,1.8447,2.6986,4.1026,1.7979,1.7385,3.4254,1.4171,1.5895,3.974,0.39053,2.1821,3.1097,2.1328,2.414,4.5042,1.4583,1.7135,3.2091,0.81863,1.9608,2.7443,3.2906,2.8268,6.134,2.0774,1.8101,3.541,1.0844,2.7321,2.9965,1.8516,2.5954,4.088,0.68468,1.9528,2.8145,1.0465,2.3995,3.1556,1.9439,1.9248,4.5666,1.746,1.6119,3.9033,0.53098,2.1934,3.7812,1.2056,2.5811,3.7759,0.8832,2.1467,3.1386,2.72,2.3779,4.5088,2.2032,2.2483,4.8332,1.5208,1.67,3.9677,1.9157,1.9328,4.5418,1.5241,2.2272,3.2384,0.69976,2.2036,2.9975,2.465,2.4515,4.4473,1.8677,2.6027,4.6617,1.8046,2.6121,4.6274,2.7207,2.4141,4.5737,1.2692,2.5615,3.8434,1.7962,2.2925,4.4111,1.839,2.9528,3.7549,0.65841,2.4791,2.6125,1.4608,2.1248,4.6356,2.026,2.9754,3.9392,0.27991,2.412,3.2905,1.6697,1.5643,4.0651,0.66012,2.086,2.9983,2.2644,2.2667,4.6791,0.80278,2.5178,3.2591,0.88824,2.1612,3.1221,6.1984,2.883,1.7246,2.0984,2.0707,4.7418,2.6893,2.426,4.5498,2.5231,2.2456,5.0142,1.9179,2.5953,4.2065,1.0754,1.7247,4.0458,4.6593,2.8149,0.51625,0.81673,2.1356,2.9784,1.3117,2.0876,4.3829,1.0031,2.1436,3.4212,2.0718,2.6463,4.303,1.7518,1.5192,4.1183,1.2833,2.5271,3.1684,0.80146,2.5071,3.7015,2.1014,1.8354,3.6439,1.5221,2.4884,3.4384,1.5979,2.5913,3.6657,1.5904,1.5892,4.2434,1.863,2.6343,4.2991,1.9582,2.6413,4.4233,3.5898,2.7352,0.04902,1.7583,1.5051,4.1078,1.8283,1.9973,3.4693,2.0389,2.9284,4.8588,1.267,2.5405,3.2354,2.5753,2.4363,4.9004,1.1087,2.628,4.0261,1.5339,2.4669,3.46,1.0904,1.8494,4.0584,1.6999,1.5299,4.0472,1.7845,1.9889,3.4061,0.25347,2.906,3.3167,2.9568,2.2872,4.7125,1.2915,1.9457,4.234,1.354,2.6288,3.539,1.3956,2.4715,3.3572,1.9067,1.8835,3.6284,1.9437,2.5097,4.0748,1.0117,2.3029,3.1415,2.5471,1.9767,5.151,1.2705,2.6269,3.4354,1.3237,2.5043,3.2748,0.45405,2.9033,3.4981,0.61459,1.8712,2.7283,1.5972,1.9615,4.5372,1.4541,1.7571,4.1599,5.2145,2.8374,1.5198,0.80374,2.086,2.8292,1.0848,2.676,4.0356,2.2883,2.5242,3.5822,2.4856,2.3772,4.7726,2.9551,2.6351,4.6449,2.0969,2.5003,4.441,2.3725,2.186,4.3141,0.71953,2.124,3.1965,0.58249,2.4122,3.1507,0.59439,2.1453,3.6983,2.3963,2.4099,4.545,0.97827,2.4135,3.08,1.2211,1.6449,4.261,1.6496,2.0298,3.3863,5.9267,2.6425,1.6577,3.4965,2.8956,0.23471,0.85867,2.372,3.0849,1.6748,1.6044,4.0516,1.5273,1.9125,3.1741,0.79011,2.4256,2.9603,2.1551,2.3109,4.8114,1.2468,2.5698,3.209,1.0272,1.9377,3.5114,0.37501,1.9827,3.3258,1.7505,1.9989,3.3658,2.404,2.1788,4.2844,2.2396,2.1246,5.0087,1.2408,1.6368,3.8524,0.70736,1.9772,2.8002,2.2501,2.1501,5.0562,2.4045,2.2667,4.6158,1.5795,2.474,3.966,4.4873,2.8447,0.41492,1.9594,2.4777,4.0437,0.80083,1.9456,4.1095,1.3866,2.6553,4.3129,3.8631,2.7793,0.14826,1.5656,1.6834,3.311,0.2055,2.2974,3.2292,5.0992,2.8451,1.0697,0.73151,2.7123,3.4464,1.394,2.5419,3.05,2.1881,2.0659,4.9168,1.4629,1.9959,4.4344,1.53,1.6296,3.3234,1.4235,2.9059,3.367,0.64629,2.3981,2.9908,0.8847,2.4342,3.0601,0.2388,2.5976,3.3133,1.6805,2.3667,4.2115,0.66236,2.4129,2.926,0.98091,2.3302,3.5316,1.3964,1.7514,4.2676,0.3222,2.3341,3.3483,1.5256,1.588,3.3126,0.62136,2.4025,2.9687,3.4329,2.8413,0.10478,1.8965,2.5453,3.9834,2.0787,2.2013,4.6798,2.2789,2.7465,4.8659,1.9245,1.852,3.8168,1.2873,1.6885,3.7263,2.2223,2.0969,4.9878,1.3532,2.5822,3.887,1.0288,3.0523,2.8452,4.8033,2.872,0.50326,1.4062,2.7132,4.4367,1.9378,1.8801,3.8801,1.3692,2.6586,3.0142,0.70203,2.7202,3.35,1.074,2.887,4.2487,0.83152,2.5443,2.7892,0.67565,2.0519,2.8932,0.53907,2.4197,3.3549,1.5635,2.1577,4.3452,1.5645,2.7234,4.5619,0.50076,2.0139,2.9092,2.0145,1.8141,3.7932,1.1827,1.7319,3.7278,2.1999,2.6427,4.6159,1.337,1.6699,4.0827,1.316,2.1404,3.1278,0.57694,2.0414,2.9501,0.57056,2.4109,2.7175,1.7007,2.4202,4.2171,2.2079,2.6201,4.6685,0.53433,2.042,2.8995,1.5841,1.6737,3.3601,0.27679,3.0613,2.1251,0.6904,2.573,2.6705,3.1851,2.7278,6.2077,0.30219,2.8832,3.0172,4.7235,2.884,0.42469,2.2499,2.31,3.5394,1.2838,2.9963,4.1332,1.2438,2.422,3.4053,1.0519,3.0383,3.9125,2.3051,2.2295,3.7008,1.1688,1.6878,3.7304,2.4321,2.3687,4.597,2.4738,2.7078,4.0898,1.3619,2.6717,4.3801,1.9148,1.7903,3.8049,1.2393,2.657,3.7524,2.2867,2.4212,4.8181,1.6061,2.5574,3.5241,2.166,2.2766,4.163,0.74538,1.9533,3.2889,2.2022,2.4141,3.5995,2.2139,2.3772,3.5513,2.2721,1.992,5.0141,2.5752,2.2667,4.7828,2.3083,2.2538,3.7332,1.3493,1.5971,3.8888,2.1787,2.6354,4.6235,1.9207,1.8264,3.8103,0.77556,2.0973,4.1316,1.5886,1.7188,4.2378,2.2212,2.637,4.6912,1.4454,2.3919,3.2656,6.0768,2.9246,2.4003,1.8491,1.7772,3.5494,1.8406,2.8671,4.1112,2.1473,1.9667,4.9013,1.2392,2.596,4.4259,2.0052,2.1519,4.8953,1.6069,1.6582,3.9604,1.6229,2.052,3.2988,1.103,2.6633,3.6315,1.0068,2.7689,3.857,1.495,2.4988,3.9221,1.1724,2.6824,3.6537,1.7981,1.6147,4.0658,0.95145,2.4537,2.8631,2.0015,2.1595,4.4885,0.39972,2.7114,3.155,1.0236,1.9194,4.2718,0.98667,2.2888,3.1238,1.7169,2.4164,4.6122,0.94057,2.0229,2.8684,0.71694,1.9603,2.7311,1.5915,1.6475,3.9658,0.96991,2.4382,2.9094,1.3187,1.5634,3.8551,2.7166,2.5671,4.6043,1.0737,2.2273,3.5567,1.1909,2.6946,3.6997,1.9775,1.984,4.5256,1.0119,1.9351,4.2581,1.8831,1.6965,3.4796,1.6621,2.5559,3.9968,2.1519,2.5318,4.8571,2.0656,2.419,3.6046,1.3905,2.996,3.5956,1.4629,1.5178,4.1817,0.59572,2.9818,3.618,1.6117,1.6312,4.1961,0.7274,1.9821,2.7338,0.74559,2.1997,3.9902,2.6315,2.578,4.5241,2.0724,2.0739,3.4157,1.4691,2.7709,3.6138,1.0382,2.3319,3.5187,2.5941,2.0822,4.6106,1.4548,1.712,4.4281,1.5531,2.5662,3.6431,2.0586,2.4043,4.1418,2.6181,2.3264,4.8971,0.57328,2.5273,3.0974
867.03,1.9143,246.08,11.987,0.22279,2409.9,1.4393,1.7727,4.0958,1.2909,2.2481,4.2823,1.1246,1.9191,4.2392,2.4333,2.6215,4.2967,0.85503,2.01,4.3124,1.5145,2.5897,3.8964,3.316,2.8126,6.2061,1.1096,1.9228,4.2496,1.7344,1.5715,4.1989,1.3013,2.2226,4.3517,0.81232,2.0507,4.2085,3.0164,2.8264,4.5819,5.4453,2.6351,1.174,1.3416,2.6647,3.7214,0.85745,2.1252,2.9737,2.5784,2.1744,4.6535,1.4434,1.6202,3.9398,0.61093,2.6624,3.738,2.062,1.7645,3.5359,1.0616,2.3761,3.206,0.071514,2.3177,3.2775,1.7487,1.671,3.4288,1.8406,2.6953,4.0976,1.7986,1.7402,3.4269,1.4154,1.5877,3.9753,0.39098,2.1834,3.1069,2.1356,2.4152,4.5072,1.4574,1.7157,3.2093,0.81793,1.9623,2.7442,3.3063,2.8251,6.1512,2.0818,1.8112,3.5449,1.0874,2.7336,3.0007,1.8542,2.5961,4.0927,0.6864,1.9553,2.8154,1.0436,2.3981,3.1578,1.9468,1.9248,4.5704,1.7488,1.611,3.9047,0.53395,2.1923,3.785,1.2087,2.5844,3.7795,0.87914,2.1489,3.1347,2.7268,2.3799,4.5159,2.2083,2.2512,4.8389,1.5228,1.67,3.9692,1.9185,1.9337,4.5444,1.5268,2.2289,3.2376,0.69566,2.2067,2.9928,2.4661,2.4537,4.4517,1.863,2.6029,4.6488,1.8008,2.6125,4.6174,2.7314,2.4171,4.5885,1.2685,2.5637,3.8397,1.8025,2.2951,4.4159,1.8334,2.9481,3.7487,0.6637,2.4798,2.6168,1.4559,2.1286,4.6339,2.0245,2.9705,3.9368,0.27623,2.4122,3.2862,1.6703,1.5625,4.0644,0.65855,2.0867,2.9959,2.2639,2.2667,4.678,0.80552,2.5139,3.2665,0.8856,2.163,3.1192,6.195,2.8821,1.7201,2.1048,2.0738,4.749,2.6964,2.4284,4.5608,2.5202,2.2421,5.0096,1.9156,2.5894,4.2041,1.0755,1.7199,4.0497,4.6592,2.809,0.51581,0.81465,2.1358,2.9773,1.313,2.087,4.387,1.0005,2.1462,3.418,2.0657,2.6424,4.296,1.7547,1.515,4.1164,1.288,2.5262,3.1704,0.80367,2.5092,3.6993,2.1037,1.8322,3.6409,1.5187,2.4906,3.4378,1.5987,2.5928,3.6723,1.5881,1.5884,4.243,1.8579,2.6279,4.2919,1.9558,2.6352,4.4201,3.5978,2.7326,0.05524,1.7612,1.5017,4.105,1.8339,1.9969,3.4714,2.0358,2.9284,4.8559,1.27,2.5405,3.2391,2.5739,2.4363,4.8978,1.1105,2.628,4.0229,1.5313,2.4685,3.4602,1.0871,1.8498,4.0573,1.702,1.5276,4.0458,1.7884,1.9877,3.4058,0.25388,2.9042,3.3168,2.9596,2.286,4.7164,1.2901,1.9455,4.2351,1.3564,2.6286,3.5454,1.3935,2.4724,3.3582,1.9102,1.8793,3.6258,1.9446,2.514,4.0792,1.0089,2.3032,3.1403,2.5467,1.9754,5.151,1.2722,2.626,3.4408,1.3186,2.5054,3.2724,0.4573,2.9012,3.501,0.61287,1.8721,2.7235,1.5911,1.9589,4.5381,1.4539,1.7539,4.1606,5.2048,2.8344,1.5094,0.80267,2.0855,2.8301,1.0852,2.6783,4.033,2.2914,2.5222,3.5794,2.4821,2.375,4.7667,2.9628,2.6317,4.651,2.0962,2.5007,4.4396,2.3746,2.1909,4.3207,0.7152,2.1289,3.1883,0.59106,2.4104,3.1594,0.59445,2.1451,3.6983,2.3973,2.4076,4.5501,0.98573,2.4115,3.0879,1.2188,1.6476,4.2588,1.6468,2.03,3.3833,5.9155,2.6393,1.6457,3.5019,2.8935,0.24095,0.85729,2.3698,3.0875,1.6753,1.6035,4.0507,1.529,1.9144,3.1745,0.79,2.4243,2.9622,2.1562,2.3098,4.808,1.2494,2.5708,3.2133,1.0281,1.9359,3.5122,0.36764,1.9834,3.3305,1.7529,1.9974,3.3626,2.4067,2.184,4.2908,2.2436,2.1226,5.0096,1.238,1.6333,3.8528,0.7079,1.977,2.8011,2.2538,2.1489,5.0581,2.4075,2.2692,4.621,1.5795,2.4788,3.9655,4.4948,2.8387,0.42403,1.9602,2.4837,4.0466,0.79958,1.9455,4.1086,1.3949,2.6581,4.3158,3.8733,2.7767,0.15976,1.5678,1.6872,3.3123,0.20278,2.297,3.2244,5.1002,2.8394,1.0733,0.7333,2.7101,3.4481,1.397,2.5434,3.051,2.1914,2.0631,4.9162,1.4617,1.9902,4.4374,1.53,1.629,3.3248,1.4248,2.9055,3.3662,0.65279,2.3962,3.0003,0.88245,2.4335,3.0618,0.23881,2.5967,3.3113,1.684,2.3708,4.2157,0.66909,2.412,2.933,0.97599,2.3377,3.5238,1.3964,1.7495,4.2659,0.32228,2.3348,3.3468,1.5256,1.5861,3.3139,0.62639,2.4016,2.9763,3.445,2.8394,0.11748,1.8916,2.544,3.9808,2.0827,2.2013,4.683,2.2635,2.7438,4.8469,1.9252,1.8461,3.8141,1.2866,1.6847,3.7274,2.2252,2.0947,4.988,1.352,2.5805,3.8835,1.0208,3.0521,2.8365,4.8074,2.8667,0.50825,1.4122,2.7135,4.4408,1.9391,1.8775,3.8808,1.3732,2.6597,3.02,0.70915,2.7184,3.3584,1.0808,2.8853,4.2549,0.84084,2.5456,2.7966,0.67601,2.0553,2.8923,0.5389,2.4204,3.3526,1.5637,2.1553,4.3501,1.5739,2.724,4.5686,0.49665,2.0156,2.9019,2.0154,1.8118,3.7932,1.1819,1.7276,3.7309,2.1968,2.6409,4.61,1.3349,1.6739,4.0791,1.313,2.1392,3.1262,0.57462,2.0438,2.9448,0.57418,2.4097,2.7229,1.705,2.4265,4.2195,2.2018,2.6164,4.6597,0.5313,2.0432,2.894,1.5845,1.6729,3.3616,0.2578,3.0619,2.1037,0.69193,2.5765,2.6705,3.1962,2.7257,6.2199,0.31706,2.8824,3.0342,4.7272,2.8806,0.42926,2.249,2.3055,3.5335,1.2855,2.9927,4.1367,1.2381,2.4247,3.402,1.0521,3.0366,3.9157,2.303,2.2295,3.6966,1.1674,1.6811,3.7342,2.4321,2.3694,4.5974,2.4688,2.7088,4.0917,1.3647,2.6715,4.38,1.9155,1.7833,3.8027,1.2417,2.6529,3.7543,2.2847,2.4197,4.8114,1.6051,2.5563,3.531,2.1667,2.2807,4.167,0.74321,1.9559,3.285,2.1975,2.4143,3.5935,2.2092,2.3753,3.5431,2.2745,1.9931,5.0152,2.5726,2.2657,4.7821,2.3057,2.2551,3.7306,1.3486,1.597,3.8897,2.1707,2.6314,4.6129,1.9218,1.8211,3.8073,0.77585,2.0953,4.1375,1.588,1.715,4.2369,2.2145,2.6338,4.6824,1.4455,2.3924,3.2658,6.0854,2.9259,2.4104,1.85,1.7763,3.5514,1.8376,2.8611,4.1063,2.1522,1.9665,4.9052,1.2422,2.5962,4.4302,2.0089,2.1526,4.8962,1.607,1.6541,3.9603,1.6245,2.0538,3.2967,1.1043,2.6606,3.6316,1.0083,2.7674,3.8558,1.4987,2.5005,3.9259,1.1731,2.6795,3.6527,1.7964,1.6097,4.0654,0.95236,2.4539,2.8653,2.0059,2.1631,4.4932,0.40951,2.707,3.164,1.0213,1.9178,4.2717,0.98671,2.2879,3.126,1.7202,2.417,4.6133,0.9389,2.0214,2.8684,0.71619,1.9596,2.7307,1.5908,1.6441,3.9658,0.9709,2.438,2.9133,1.3163,1.5618,3.856,2.7159,2.5667,4.6047,1.0725,2.2314,3.5533,1.1929,2.692,3.7013,1.9777,1.9842,4.5275,1.0102,1.9339,4.2588,1.8844,1.6976,3.4807,1.6619,2.5577,3.9966,2.1537,2.5314,4.8552,2.0624,2.4207,3.6006,1.398,2.9927,3.6025,1.4633,1.5193,4.1798,0.59144,2.9814,3.6147,1.6125,1.6282,4.1949,0.72688,1.9813,2.7336,0.74737,2.2006,3.9913,2.6296,2.5771,4.5243,2.0756,2.0718,3.4155,1.4721,2.7668,3.6182,1.0354,2.337,3.5138,2.5973,2.0854,4.6169,1.4536,1.7118,4.4288,1.552,2.566,3.6461,2.059,2.4078,4.1448,2.6164,2.3254,4.8949,0.5771,2.5276,3.1014
867.03,1.9143,246.08,11.987,0.2317,2444.2,1.4364,1.7696,4.0937,1.2927,2.2485,4.2855,1.121,1.9168,4.2383,2.4309,2.6198,4.2971,0.85454,2.0093,4.3147,1.514,2.5923,3.8958,3.3269,2.81,6.219,1.1055,1.9204,4.2498,1.7346,1.5677,4.1966,1.3016,2.222,4.3567,0.81144,2.0505,4.2096,3.0204,2.8258,4.5843,5.4393,2.6292,1.1686,1.3421,2.6625,3.7216,0.85356,2.1241,2.9715,2.5831,2.1785,4.662,1.4418,1.6198,3.941,0.60747,2.6651,3.7304,2.0645,1.764,3.5383,1.0552,2.3757,3.2044,0.062131,2.3182,3.2646,1.7472,1.6697,3.4308,1.8367,2.692,4.0932,1.7993,1.7418,3.4283,1.4138,1.5861,3.9766,0.39141,2.1847,3.1043,2.1383,2.4163,4.5103,1.4566,1.7179,3.2097,0.81718,1.9638,2.7442,3.3225,2.8232,6.169,2.0865,1.8124,3.5488,1.0905,2.735,3.005,1.8567,2.5967,4.0974,0.68796,1.9577,2.8162,1.0406,2.3968,3.1599,1.9498,1.9249,4.5741,1.7516,1.6102,3.9063,0.53712,2.191,3.789,1.212,2.5876,3.7831,0.87508,2.1512,3.1311,2.7332,2.3819,4.5228,2.2134,2.254,4.8447,1.5249,1.6697,3.9708,1.9213,1.9344,4.5469,1.5296,2.2305,3.237,0.69181,2.2096,2.9885,2.4673,2.4558,4.4563,1.8584,2.6031,4.6358,1.7972,2.613,4.6075,2.7419,2.4198,4.6033,1.2679,2.5659,3.8359,1.8089,2.2975,4.4206,1.828,2.9436,3.7428,0.66887,2.4805,2.6208,1.4508,2.1325,4.6318,2.0229,2.9654,3.9343,0.27261,2.4121,3.2818,1.671,1.5606,4.0636,0.65701,2.0873,2.9936,2.2633,2.2667,4.6766,0.80802,2.5099,3.2739,0.88319,2.1647,3.1165,6.1921,2.8812,1.7161,2.1113,2.0768,4.756,2.7032,2.4306,4.5712,2.5177,2.2386,5.0052,1.9135,2.584,4.2018,1.0754,1.7151,4.0537,4.6588,2.8033,0.51536,0.8127,2.1362,2.9764,1.3145,2.0866,4.3911,0.99786,2.1487,3.4147,2.0598,2.6385,4.2892,1.7577,1.5107,4.1143,1.2926,2.5253,3.1725,0.80591,2.5113,3.6972,2.1059,1.8291,3.6381,1.5153,2.4929,3.4372,1.5997,2.5942,3.6789,1.5858,1.5877,4.2426,1.853,2.6214,4.2849,1.9536,2.6293,4.4171,3.6057,2.73,0.061949,1.7642,1.4982,4.1023,1.8395,1.9963,3.4736,2.0322,2.9283,4.8525,1.2727,2.5403,3.2426,2.5726,2.4362,4.8954,1.1123,2.628,4.0195,1.5287,2.4699,3.4604,1.0837,1.8503,4.0561,1.7042,1.5253,4.0445,1.7923,1.9865,3.4056,0.25448,2.9026,3.3172,2.9623,2.2848,4.7203,1.2885,1.9451,4.2362,1.3587,2.6283,3.5518,1.3913,2.4732,3.3593,1.9138,1.8753,3.6234,1.9455,2.5181,4.0836,1.006,2.3035,3.1391,2.5461,1.9742,5.1511,1.2737,2.6253,3.4461,1.3134,2.5066,3.27,0.4604,2.8991,3.5037,0.61123,1.8729,2.7188,1.5848,1.9564,4.5385,1.4538,1.7508,4.1613,5.1954,2.8315,1.4993,0.80164,2.085,2.8308,1.0855,2.6805,4.0305,2.2948,2.5201,3.5771,2.4787,2.3728,4.7611,2.9702,2.6282,4.6568,2.0957,2.5011,4.4383,2.3767,2.1956,4.3272,0.71077,2.1336,3.18,0.59942,2.4085,3.1679,0.59461,2.1449,3.6982,2.3983,2.4056,4.5553,0.99292,2.4096,3.0953,1.2165,1.6505,4.2564,1.6441,2.0302,3.3803,5.9045,2.636,1.6342,3.5068,2.8915,0.24663,0.85554,2.3676,3.0896,1.6759,1.6027,4.0499,1.5307,1.9164,3.1751,0.78983,2.4228,2.964,2.1573,2.3087,4.8047,1.2519,2.5719,3.2176,1.0289,1.9339,3.5129,0.36044,1.9843,3.335,1.7553,1.996,3.3595,2.4095,2.1893,4.2974,2.2474,2.1204,5.0105,1.2352,1.6298,3.8532,0.70832,1.9768,2.8018,2.2574,2.1477,5.06,2.4105,2.2717,4.6262,1.5796,2.4834,3.9649,4.5021,2.8328,0.43311,1.961,2.4895,4.0493,0.79838,1.9455,4.1079,1.403,2.6609,4.3185,3.8833,2.7742,0.17103,1.5701,1.6908,3.3136,0.20027,2.2965,3.2198,5.1014,2.8337,1.0771,0.73486,2.7077,3.4494,1.3999,2.5448,3.0519,2.1947,2.0604,4.9156,1.4604,1.9847,4.4404,1.5302,1.6283,3.3262,1.4262,2.905,3.3654,0.65907,2.3942,3.0095,0.88013,2.4328,3.0632,0.23878,2.5957,3.3094,1.6876,2.3747,4.2198,0.67566,2.4112,2.9399,0.97091,2.345,3.5158,1.3963,1.7476,4.2641,0.32229,2.3354,3.3452,1.5254,1.5841,3.3154,0.63121,2.4007,2.9836,3.4564,2.8375,0.1301,1.8868,2.5426,3.9783,2.0868,2.2012,4.6859,2.2486,2.741,4.8281,1.926,1.8401,3.8117,1.286,1.6811,3.7285,2.228,2.0924,4.9881,1.351,2.5788,3.8801,1.0126,3.0518,2.8277,4.8114,2.8613,0.51338,1.418,2.7138,4.4448,1.9405,1.875,3.8816,1.3773,2.6607,3.0258,0.71585,2.7167,3.3662,1.0875,2.8835,4.2611,0.84987,2.5472,2.8035,0.67643,2.0589,2.8915,0.53865,2.421,3.3502,1.5639,2.1529,4.3548,1.5832,2.7246,4.5751,0.49265,2.017,2.8948,2.0162,1.8096,3.7933,1.181,1.7234,3.7339,2.194,2.6391,4.6046,1.3326,1.6777,4.0755,1.3099,2.138,3.1246,0.5723,2.0463,2.9396,0.57771,2.4086,2.7282,1.7091,2.4326,4.2216,2.1961,2.6127,4.6513,0.52838,2.0445,2.8886,1.585,1.6722,3.3632,0.23832,3.0626,2.0819,0.69309,2.58,2.67,3.2069,2.7234,6.2309,0.3315,2.8817,3.0508,4.731,2.8773,0.43386,2.2483,2.3009,3.5278,1.2871,2.9892,4.1399,1.2325,2.4272,3.3989,1.052,3.0349,3.9184,2.3009,2.2295,3.6926,1.166,1.6745,3.7377,2.432,2.3701,4.5979,2.4637,2.7097,4.0935,1.3672,2.6713,4.3798,1.9161,1.7766,3.8005,1.2441,2.6489,3.7563,2.2829,2.4183,4.805,1.6042,2.5552,3.5377,2.1675,2.2848,4.1709,0.74109,1.9585,3.2812,2.193,2.4143,3.5876,2.2048,2.3732,3.535,2.2767,1.9941,5.0162,2.5702,2.2647,4.7815,2.3033,2.2565,3.7281,1.3478,1.5969,3.8905,2.1631,2.6274,4.6025,1.9231,1.8159,3.8043,0.77612,2.0933,4.1431,1.5874,1.7112,4.2359,2.208,2.6305,4.6736,1.4457,2.393,3.266,6.094,2.9274,2.4206,1.851,1.7755,3.5535,1.8349,2.8554,4.1019,2.157,1.9661,4.909,1.2449,2.5965,4.4343,2.0126,2.1533,4.8968,1.6072,1.6503,3.9601,1.6262,2.0555,3.2946,1.1054,2.6581,3.632,1.0099,2.7659,3.8546,1.5023,2.502,3.9296,1.1738,2.6769,3.6516,1.7948,1.6048,4.0649,0.95322,2.4542,2.8675,2.0104,2.1667,4.4976,0.41889,2.7027,3.1725,1.019,1.9164,4.2717,0.98678,2.2871,3.1283,1.7237,2.4176,4.6144,0.93726,2.0198,2.8684,0.71548,1.9588,2.7302,1.5903,1.6411,3.9659,0.9718,2.4378,2.917,1.314,1.5601,3.8569,2.7153,2.5663,4.6051,1.0713,2.2355,3.55,1.195,2.6895,3.7027,1.978,1.9844,4.5295,1.0085,1.9327,4.2595,1.8857,1.6987,3.482,1.6618,2.5593,3.9965,2.1555,2.5308,4.8535,2.0593,2.4224,3.5967,1.4053,2.9894,3.6094,1.4639,1.5207,4.1781,0.58713,2.9808,3.6112,1.6133,1.6254,4.1936,0.72638,1.9806,2.7334,0.74906,2.2015,3.9923,2.6278,2.5763,4.5244,2.0788,2.0698,3.4154,1.475,2.7628,3.6225,1.0329,2.3418,3.5091,2.6004,2.0886,4.6231,1.4525,1.7116,4.4294,1.5509,2.5658,3.649,2.0594,2.4111,4.1479,2.6149,2.3245,4.8927,0.58081,2.5279,3.1053
867.03,1.9143,246.08,11.987,0.24061,2475.5,1.4334,1.7665,4.0917,1.2945,2.2489,4.2886,1.1176,1.9146,4.2373,2.4284,2.6183,4.2975,0.85403,2.0087,4.3168,1.5136,2.5949,3.8952,3.3374,2.8074,6.236,1.1016,1.918,4.2499,1.7347,1.5642,4.1942,1.3019,2.2212,4.3616,0.81065,2.0503,4.2109,3.0241,2.8252,4.5867,5.4336,2.6234,1.1639,1.3425,2.6608,3.7217,0.84967,2.1228,2.9692,2.5877,2.1825,4.6705,1.4402,1.6195,3.9422,0.60408,2.6677,3.7229,2.067,1.7635,3.5408,1.0485,2.3755,3.2023,0.052727,2.3186,3.2517,1.7456,1.6684,3.4328,1.833,2.6887,4.0892,1.7998,1.7434,3.4298,1.4123,1.5847,3.9779,0.39181,2.1861,3.1016,2.1411,2.4175,4.5133,1.4557,1.72,3.21,0.81638,1.9652,2.7441,3.3394,2.8213,6.1872,2.0912,1.8136,3.5531,1.0935,2.7366,3.0091,1.8593,2.5975,4.1022,0.6894,1.9602,2.8169,1.0374,2.3955,3.1619,1.9529,1.9251,4.578,1.7544,1.6097,3.9078,0.54048,2.1897,3.7933,1.2153,2.5908,3.7866,0.87104,2.1535,3.1273,2.7395,2.3838,4.5294,2.2187,2.257,4.8508,1.5269,1.6694,3.9723,1.9242,1.9352,4.5495,1.5325,2.2322,3.2364,0.68808,2.2125,2.9845,2.4685,2.4578,4.4609,1.8535,2.6032,4.6225,1.7938,2.6134,4.5976,2.7528,2.4224,4.6183,1.2671,2.5682,3.8322,1.8155,2.3001,4.4254,1.8228,2.9392,3.7372,0.67388,2.4812,2.6246,1.4456,2.1366,4.6296,2.0214,2.9601,3.9318,0.26895,2.412,3.2775,1.6715,1.5588,4.0628,0.65554,2.0877,2.9914,2.2624,2.2666,4.675,0.8103,2.5058,3.2812,0.88096,2.1662,3.114,6.1896,2.8801,1.7128,2.1177,2.0797,4.763,2.7097,2.4326,4.5815,2.5152,2.235,5.0008,1.9118,2.5788,4.1998,1.0754,1.71,4.058,4.6583,2.7979,0.51487,0.81095,2.1364,2.9757,1.3161,2.0862,4.3951,0.99518,2.1512,3.4115,2.054,2.6344,4.2824,1.7608,1.506,4.1122,1.2972,2.5243,3.1744,0.80822,2.5132,3.6953,2.108,1.826,3.6352,1.512,2.495,3.4369,1.601,2.5955,3.686,1.5834,1.5871,4.2423,1.8484,2.615,4.2782,1.9518,2.6234,4.4145,3.6136,2.7274,0.068613,1.7671,1.4947,4.0993,1.845,1.9959,3.4758,2.0285,2.9281,4.8489,1.2753,2.5401,3.2459,2.5713,2.436,4.8929,1.1139,2.6279,4.0162,1.526,2.4714,3.4607,1.0805,1.8506,4.0549,1.7065,1.5231,4.0431,1.7962,1.9852,3.4055,0.25527,2.901,3.3176,2.9652,2.2836,4.7241,1.2869,1.9448,4.2373,1.3611,2.6282,3.5581,1.3892,2.4741,3.3603,1.9173,1.8712,3.621,1.9466,2.5222,4.088,1.0032,2.3037,3.138,2.5454,1.9733,5.1511,1.2753,2.6247,3.4514,1.3083,2.5078,3.2676,0.46328,2.8971,3.5063,0.60966,1.8737,2.7143,1.5786,1.9538,4.5387,1.4537,1.7478,4.1619,5.1865,2.8286,1.4896,0.80063,2.0846,2.8316,1.0857,2.6829,4.028,2.2983,2.518,3.5749,2.4757,2.3708,4.7557,2.9774,2.6248,4.6624,2.0953,2.5015,4.4371,2.3789,2.2003,4.3337,0.70622,2.1381,3.1717,0.6076,2.4066,3.1763,0.59485,2.1446,3.6983,2.3991,2.4033,4.5604,0.9999,2.4078,3.1026,1.214,1.6535,4.2539,1.6414,2.0302,3.3773,5.8941,2.6327,1.6231,3.5112,2.8895,0.25179,0.85348,2.3656,3.0913,1.6764,1.6019,4.049,1.5324,1.9183,3.1756,0.78954,2.4214,2.9656,2.1585,2.3077,4.8015,1.2544,2.5731,3.2217,1.0299,1.9319,3.5138,0.35334,1.9854,3.3395,1.7578,1.9945,3.3564,2.4126,2.1947,4.3041,2.2513,2.1183,5.0114,1.2322,1.6264,3.8535,0.70867,1.9766,2.8023,2.2609,2.1463,5.0619,2.4136,2.2742,4.6314,1.5796,2.4879,3.9644,4.5094,2.827,0.44206,1.9618,2.4953,4.0521,0.7972,1.9456,4.107,1.411,2.6638,4.3212,3.8931,2.7717,0.18203,1.5725,1.6946,3.315,0.19787,2.2961,3.2153,5.1027,2.8281,1.0811,0.73618,2.7056,3.4505,1.4025,2.5462,3.0526,2.198,2.0577,4.9151,1.4592,1.9792,4.4435,1.5303,1.6277,3.3277,1.4276,2.9046,3.3649,0.66522,2.3923,3.0186,0.87771,2.4323,3.0646,0.23868,2.5947,3.3074,1.691,2.3784,4.2239,0.68203,2.4102,2.9466,0.96571,2.3523,3.5078,1.3963,1.7457,4.2623,0.32219,2.3359,3.3436,1.5252,1.5821,3.3168,0.63584,2.3999,2.9906,3.4676,2.8356,0.14237,1.882,2.5412,3.9757,2.0908,2.201,4.6889,2.2342,2.7381,4.8098,1.9266,1.8341,3.8093,1.2854,1.6777,3.7296,2.2307,2.09,4.9882,1.3499,2.5773,3.8767,1.0042,3.0516,2.8186,4.8155,2.8559,0.51866,1.424,2.7141,4.4491,1.9419,1.8725,3.8823,1.3813,2.6617,3.0314,0.7221,2.7151,3.3735,1.0941,2.8816,4.2674,0.85856,2.5488,2.8101,0.67687,2.0623,2.8908,0.53834,2.4218,3.3477,1.5641,2.1504,4.3594,1.5923,2.7251,4.5814,0.48874,2.0185,2.8879,2.017,1.8075,3.7934,1.1801,1.7192,3.7368,2.1915,2.6375,4.5996,1.3303,1.6817,4.072,1.3068,2.1366,3.123,0.57002,2.0487,2.9345,0.58113,2.4074,2.7335,1.7132,2.4385,4.2236,2.1905,2.6092,4.6431,0.52553,2.0456,2.8836,1.5854,1.6717,3.3648,0.21834,3.0631,2.0596,0.69396,2.5835,2.6693,3.2173,2.7212,6.246,0.3455,2.8808,3.0668,4.7346,2.8741,0.43845,2.2478,2.2965,3.5221,1.2883,2.9857,4.1427,1.2269,2.4297,3.3958,1.0513,3.0334,3.9205,2.299,2.2296,3.6886,1.1646,1.6681,3.7411,2.4319,2.3707,4.5982,2.4588,2.7105,4.0953,1.3697,2.6711,4.3794,1.9166,1.7698,3.7985,1.2465,2.6448,3.7581,2.2812,2.417,4.7988,1.6032,2.5541,3.5444,2.1682,2.2889,4.1749,0.73901,1.9611,3.2774,2.1885,2.4144,3.5818,2.2005,2.3712,3.5271,2.2787,1.995,5.0168,2.5677,2.2636,4.7807,2.3008,2.2579,3.7256,1.3472,1.5966,3.8914,2.1559,2.6234,4.5926,1.9244,1.8109,3.8014,0.77637,2.0914,4.1486,1.5868,1.7077,4.2349,2.2017,2.6273,4.6651,1.4459,2.3935,3.2661,6.1026,2.9287,2.4307,1.8521,1.7746,3.5553,1.8324,2.8499,4.0977,2.1615,1.9657,4.9124,1.2475,2.5968,4.4382,2.016,2.1538,4.8973,1.6075,1.6465,3.9599,1.6278,2.0571,3.2927,1.1066,2.6555,3.6323,1.0113,2.7645,3.8532,1.5058,2.5035,3.9334,1.1744,2.6743,3.6505,1.7932,1.6001,4.0646,0.95407,2.4545,2.8695,2.0147,2.17,4.5019,0.42775,2.6985,3.1807,1.0167,1.915,4.2717,0.98689,2.2862,3.1305,1.727,2.418,4.6155,0.9357,2.0183,2.8683,0.71481,1.9582,2.7298,1.5898,1.6382,3.9659,0.97265,2.4376,2.9205,1.3116,1.5585,3.8579,2.7147,2.5659,4.6054,1.0701,2.2395,3.5468,1.197,2.6869,3.7042,1.9783,1.9845,4.5312,1.007,1.9315,4.2601,1.887,1.6997,3.4832,1.6618,2.5609,3.9963,2.1573,2.5304,4.8519,2.0563,2.424,3.593,1.4123,2.9862,3.6158,1.4643,1.522,4.1765,0.58282,2.9803,3.6078,1.6141,1.6228,4.1923,0.72589,1.98,2.7332,0.75066,2.2026,3.9932,2.6261,2.5755,4.5246,2.0817,2.0679,3.4153,1.4777,2.7589,3.6267,1.0304,2.3463,3.5046,2.6034,2.0916,4.6291,1.4514,1.7115,4.43,1.5499,2.5657,3.6517,2.0598,2.4144,4.1509,2.6134,2.3235,4.8907,0.58435,2.5282,3.1091
867.03,1.9143,246.08,11.987,0.24952,2504.0,1.4305,1.7635,4.0897,1.2963,2.2491,4.2917,1.1142,1.9125,4.2364,2.4259,2.6166,4.2979,0.85353,2.008,4.3189,1.513,2.5976,3.8944,3.3477,2.8047,6.1983,1.0977,1.9157,4.25,1.7349,1.5607,4.1918,1.3022,2.2204,4.3665,0.80996,2.0502,4.2122,3.0276,2.8246,4.5888,5.4281,2.6177,1.1594,1.3427,2.6592,3.7216,0.8458,2.1216,2.967,2.5923,2.1863,4.6788,1.4386,1.6194,3.9434,0.60079,2.6703,3.7153,2.0695,1.7631,3.5433,1.0414,2.3755,3.1996,0.043278,2.3188,3.239,1.7439,1.667,3.4349,1.8296,2.6855,4.0856,1.8004,1.7451,3.4313,1.4109,1.5835,3.9791,0.39216,2.1874,3.0989,2.144,2.4187,4.5163,1.4549,1.7223,3.2104,0.81553,1.9665,2.744,3.3569,2.8192,6.2108,2.0961,1.8147,3.5575,1.0964,2.7384,3.013,1.8622,2.5983,4.1073,0.69073,1.9626,2.8175,1.034,2.3944,3.1639,1.9561,1.9252,4.582,1.7572,1.6096,3.9094,0.54407,2.1885,3.7979,1.2186,2.5939,3.7903,0.86701,2.1557,3.1237,2.7458,2.3857,4.5358,2.2241,2.2601,4.8571,1.5288,1.669,3.9737,1.9273,1.9359,4.5523,1.5357,2.234,3.2357,0.68456,2.2152,2.981,2.4697,2.4598,4.4656,1.8485,2.6033,4.6089,1.7904,2.614,4.5877,2.7638,2.425,4.6332,1.2663,2.5705,3.8282,1.8223,2.3027,4.4302,1.8178,2.9347,3.7317,0.67873,2.4821,2.6282,1.4403,2.1408,4.627,2.0199,2.9547,3.9295,0.2652,2.4118,3.2729,1.6721,1.5569,4.0619,0.65414,2.0879,2.9895,2.2614,2.2664,4.673,0.81231,2.5017,3.2883,0.87891,2.1678,3.1119,6.1878,2.8791,1.71,2.1242,2.0823,4.7698,2.7161,2.4344,4.5915,2.5127,2.2312,4.9965,1.9102,2.5741,4.198,1.0754,1.7048,4.0624,4.6575,2.7931,0.51437,0.80945,2.1366,2.9756,1.3178,2.0856,4.399,0.99247,2.1536,3.4084,2.0483,2.6304,4.2757,1.764,1.501,4.11,1.3018,2.5233,3.1763,0.81059,2.515,3.6935,2.1101,1.8229,3.6323,1.5089,2.4971,3.4368,1.6027,2.5966,3.6934,1.5812,1.5865,4.2421,1.844,2.6089,4.2717,1.9502,2.6176,4.4121,3.6213,2.7248,0.075132,1.7701,1.4909,4.0963,1.8505,1.9953,3.478,2.0245,2.9279,4.8449,1.2779,2.54,3.249,2.5701,2.4359,4.8905,1.1155,2.6278,4.013,1.5233,2.4727,3.461,1.0775,1.8508,4.0538,1.7086,1.521,4.0418,1.8001,1.984,3.4055,0.25617,2.8994,3.3182,2.9681,2.2824,4.7279,1.2852,1.9445,4.2384,1.3634,2.6283,3.5644,1.3872,2.475,3.3613,1.9209,1.8672,3.6187,1.9477,2.5261,4.0923,1.0004,2.3038,3.137,2.5445,1.9728,5.1511,1.2771,2.6241,3.4567,1.3033,2.5089,3.2651,0.46595,2.895,3.5085,0.60816,1.8745,2.7098,1.5722,1.9513,4.5386,1.4537,1.745,4.1626,5.1779,2.8258,1.4803,0.79965,2.0842,2.8323,1.0857,2.6851,4.0254,2.3023,2.5155,3.5733,2.4728,2.3688,4.7506,2.9844,2.6213,4.6678,2.095,2.502,4.436,2.3811,2.205,4.3404,0.70152,2.1424,3.1634,0.61553,2.4047,3.1844,0.59517,2.1443,3.6985,2.3992,2.4005,4.5652,1.0065,2.406,3.1095,1.2117,1.6565,4.2515,1.6387,2.0301,3.3743,5.884,2.6295,1.6125,3.515,2.8876,0.25642,0.85115,2.3636,3.0928,1.6768,1.6012,4.0482,1.5341,1.9202,3.1763,0.78918,2.4198,2.9671,2.1597,2.3067,4.7985,1.2567,2.5743,3.2257,1.0308,1.9298,3.5147,0.34634,1.9866,3.3442,1.7602,1.9929,3.3534,2.4158,2.2,4.3111,2.2551,2.1161,5.0123,1.2292,1.623,3.8537,0.70894,1.9764,2.8027,2.2644,2.1449,5.0637,2.4166,2.2767,4.6364,1.5795,2.4923,3.9638,4.5163,2.8212,0.45081,1.9627,2.501,4.0549,0.79606,1.9457,4.1061,1.4189,2.6666,4.3239,3.9025,2.7692,0.19268,1.575,1.6983,3.3164,0.19558,2.2958,3.2111,5.104,2.8225,1.0851,0.73723,2.7035,3.4513,1.405,2.5477,3.0533,2.2012,2.0549,4.9144,1.4581,1.9738,4.4466,1.5304,1.6269,3.329,1.4293,2.9042,3.3644,0.67121,2.3904,3.0275,0.8752,2.4317,3.0658,0.23852,2.5936,3.3054,1.6945,2.3819,4.2278,0.68812,2.4093,2.9531,0.96041,2.3596,3.4998,1.3963,1.7438,4.2604,0.32195,2.3364,3.3419,1.525,1.58,3.3182,0.64028,2.3991,2.9973,3.4784,2.8336,0.15425,1.8772,2.54,3.9731,2.0947,2.2008,4.6917,2.2204,2.7352,4.792,1.9272,1.8281,3.8072,1.2847,1.6743,3.7306,2.2333,2.0878,4.9882,1.3489,2.5757,3.8736,0.99576,3.0515,2.8096,4.8195,2.8505,0.52411,1.43,2.7143,4.4535,1.9432,1.87,3.8831,1.3851,2.6626,3.037,0.72788,2.7135,3.3802,1.1008,2.8797,4.2736,0.86687,2.5506,2.8164,0.67736,2.0655,2.8902,0.53798,2.4225,3.3452,1.5641,2.1477,4.364,1.601,2.7257,4.5877,0.48497,2.0198,2.8813,2.0177,1.8054,3.7936,1.1792,1.7152,3.7396,2.1896,2.6359,4.5951,1.328,1.6855,4.0685,1.3037,2.1354,3.1214,0.56782,2.051,2.9296,0.58443,2.4063,2.7384,1.717,2.4442,4.2254,2.1854,2.6056,4.6352,0.52281,2.0467,2.8788,1.5858,1.6711,3.3664,0.19801,3.0637,2.0371,0.69452,2.5871,2.6682,3.2271,2.719,6.206,0.35899,2.8799,3.0822,4.7382,2.8712,0.44299,2.2474,2.292,3.5166,1.289,2.9825,4.145,1.2215,2.432,3.3929,1.05,3.0318,3.922,2.2971,2.2297,3.6847,1.1633,1.662,3.7445,2.4318,2.3713,4.5985,2.4541,2.7112,4.0974,1.3719,2.671,4.379,1.9172,1.7632,3.7966,1.2487,2.6408,3.76,2.2797,2.4158,4.7929,1.6023,2.553,3.551,2.1691,2.2928,4.1788,0.73698,1.9636,3.2737,2.1844,2.4144,3.5761,2.1964,2.3692,3.5194,2.2806,1.9958,5.0172,2.5652,2.2626,4.7799,2.2984,2.2592,3.7231,1.3466,1.5961,3.8922,2.149,2.6195,4.5832,1.9256,1.8059,3.7985,0.77662,2.0896,4.154,1.5862,1.7041,4.234,2.1956,2.6242,4.6567,1.4461,2.3941,3.2663,6.1112,2.9299,2.4407,1.8532,1.7737,3.5571,1.8302,2.8446,4.0939,2.1659,1.9651,4.9155,1.2498,2.597,4.4418,2.0192,2.1545,4.8978,1.6078,1.643,3.9598,1.6294,2.0587,3.2908,1.1077,2.653,3.6326,1.0126,2.7631,3.8519,1.5093,2.5047,3.9371,1.175,2.6717,3.6495,1.7916,1.5956,4.0644,0.95487,2.4548,2.8715,2.0188,2.173,4.5059,0.43606,2.6944,3.1882,1.0146,1.9135,4.2716,0.987,2.2854,3.1326,1.7301,2.4183,4.6166,0.9342,2.0168,2.8682,0.71418,1.9575,2.7295,1.5893,1.6355,3.9658,0.97342,2.4375,2.9238,1.3094,1.5568,3.8588,2.7141,2.5654,4.6057,1.0689,2.2434,3.5437,1.1989,2.6844,3.7057,1.9786,1.9846,4.5328,1.0055,1.9303,4.2608,1.8882,1.7007,3.4844,1.6617,2.5624,3.9962,2.1592,2.53,4.8506,2.0535,2.4256,3.5894,1.4189,2.9831,3.6221,1.4647,1.5232,4.1749,0.57856,2.9799,3.6044,1.615,1.6203,4.1912,0.72542,1.9793,2.733,0.75216,2.2036,3.994,2.6244,2.5747,4.5247,2.0845,2.0661,3.4152,1.4803,2.7552,3.6307,1.0279,2.3506,3.5004,2.6063,2.0944,4.6348,1.4503,1.7115,4.4306,1.5489,2.5656,3.6543,2.0602,2.4174,4.1537,2.6119,2.3226,4.8887,0.58769,2.5285,3.1127
867.03,1.9143,246.08,11.987,0.25844,2529.4,1.4277,1.7606,4.0878,1.2982,2.2494,4.2949,1.111,1.9104,4.2354,2.4236,2.615,4.2982,0.85304,2.0075,4.3209,1.5124,2.6003,3.8936,3.3579,2.802,0.062725,1.0939,1.9135,4.25,1.7352,1.5574,4.1895,1.3025,2.2196,4.3714,0.80934,2.0502,4.2136,3.0309,2.824,4.5908,5.4229,2.6122,1.1553,1.3427,2.658,3.7213,0.84193,2.1204,2.9646,2.5969,2.1901,4.6871,1.437,1.6192,3.9447,0.59763,2.673,3.7078,2.072,1.7626,3.5458,1.0339,2.3757,3.1965,0.03378,2.3189,3.2263,1.7421,1.6656,3.437,1.8265,2.6823,4.0825,1.801,1.7467,3.4329,1.4097,1.5823,3.9802,0.39244,2.1888,3.096,2.1469,2.4201,4.5195,1.4541,1.7247,3.2109,0.81466,1.9678,2.744,3.3752,2.8168,6.2189,2.1014,1.816,3.5624,1.0991,2.7403,3.0166,1.8654,2.5992,4.1126,0.69193,1.9651,2.8178,1.0305,2.3933,3.1656,1.9595,1.9254,4.5862,1.76,1.6098,3.9111,0.54791,2.187,3.8026,1.2221,2.5969,3.794,0.86293,2.1581,3.1201,2.752,2.3875,4.5421,2.2299,2.2633,4.8639,1.5307,1.6685,3.975,1.9305,1.9367,4.555,1.5391,2.2358,3.2351,0.68126,2.2177,2.9779,2.4708,2.4617,4.4704,1.8432,2.6031,4.595,1.7869,2.6145,4.5778,2.7748,2.4274,4.6482,1.2653,2.5729,3.824,1.8292,2.3054,4.4351,1.813,2.9302,3.7265,0.68341,2.483,2.6315,1.4348,2.1451,4.6241,2.0186,2.9493,3.9273,0.2613,2.4114,3.2682,1.6727,1.555,4.0609,0.65284,2.088,2.9878,2.2601,2.2661,4.6707,0.81402,2.4974,3.2954,0.87699,2.1692,3.1099,6.1866,2.8781,1.7079,2.1307,2.0846,4.7763,2.7221,2.436,4.6012,2.5103,2.2272,4.9922,1.9088,2.5697,4.1963,1.0754,1.6993,4.0671,4.6564,2.7889,0.51382,0.8083,2.1366,2.9759,1.3197,2.0851,4.4028,0.98974,2.156,3.4052,2.0426,2.6264,4.2692,1.7672,1.4956,4.1074,1.3063,2.5222,3.1782,0.81302,2.5167,3.6918,2.1123,1.8199,3.6293,1.506,2.4992,3.437,1.6048,2.5977,3.7013,1.5788,1.5859,4.242,1.8399,2.6029,4.2656,1.9489,2.6118,4.4099,3.6289,2.7221,0.081529,1.7732,1.487,4.0932,1.8559,1.9945,3.4803,2.0203,2.9275,4.8406,1.2803,2.5399,3.252,2.569,2.4359,4.8881,1.1171,2.6278,4.0097,1.5206,2.4741,3.4612,1.0745,1.851,4.0527,1.7108,1.5189,4.0405,1.8039,1.9828,3.4055,0.25717,2.8978,3.3187,2.971,2.2812,4.7317,1.2836,1.9442,4.2394,1.3659,2.6285,3.5706,1.3851,2.4759,3.3624,1.9244,1.8632,3.6164,1.9487,2.5297,4.0966,0.99775,2.3039,3.1359,2.5435,1.9727,5.1512,1.2789,2.6237,3.4621,1.2983,2.51,3.2625,0.46841,2.893,3.5105,0.60674,1.8751,2.7057,1.5657,1.9489,4.5383,1.4538,1.7424,4.1632,5.1697,2.8231,1.4714,0.7987,2.0839,2.8331,1.0855,2.6873,4.0227,2.3069,2.5124,3.5723,2.4701,2.3669,4.7457,2.9913,2.6179,4.6729,2.0948,2.5026,4.4351,2.3835,2.2097,4.3471,0.69666,2.1463,3.155,0.62322,2.403,3.1923,0.59556,2.1441,3.6988,2.3987,2.3972,4.5694,1.0128,2.4044,3.1161,1.2091,1.6594,4.2491,1.636,2.0299,3.3714,5.8744,2.6263,1.6023,3.5184,2.8857,0.26052,0.84854,2.3617,3.0939,1.6772,1.6004,4.0474,1.5358,1.922,3.177,0.78874,2.4182,2.9685,2.1608,2.3057,4.7955,1.2589,2.5756,3.2295,1.0317,1.9276,3.5157,0.33943,1.988,3.3489,1.7626,1.9913,3.3505,2.4192,2.2053,4.3183,2.2589,2.1137,5.0131,1.226,1.6195,3.854,0.70915,1.9762,2.803,2.2679,2.1435,5.0654,2.4195,2.2791,4.6415,1.5795,2.4965,3.9633,4.5231,2.8153,0.4594,1.9635,2.5067,4.0578,0.79495,1.9458,4.1053,1.4268,2.6693,4.3266,3.9115,2.7668,0.20303,1.5774,1.7018,3.3177,0.19341,2.2953,3.2072,5.1054,2.8171,1.0892,0.73801,2.7015,3.4519,1.4072,2.5491,3.0539,2.2045,2.0521,4.9138,1.457,1.9684,4.4496,1.5305,1.6262,3.3304,1.4312,2.9037,3.3641,0.67706,2.3885,3.0363,0.87261,2.4311,3.0669,0.23827,2.5925,3.3034,1.6978,2.3851,4.2316,0.69393,2.4084,2.9594,0.95502,2.3666,3.4915,1.3962,1.742,4.2585,0.32158,2.3367,3.3403,1.5247,1.5778,3.3196,0.64452,2.3985,3.0039,3.4888,2.8317,0.16573,1.8725,2.5389,3.9706,2.0986,2.2005,4.6946,2.2072,2.7323,4.7749,1.9276,1.8221,3.8052,1.2841,1.6711,3.7317,2.2358,2.0856,4.9881,1.348,2.5741,3.8706,0.98732,3.0515,2.8007,4.8233,2.8452,0.52976,1.436,2.7145,4.4582,1.9444,1.8678,3.8839,1.3887,2.6636,3.0424,0.73322,2.712,3.3864,1.1075,2.8778,4.2799,0.87483,2.5524,2.8222,0.67789,2.0686,2.8899,0.53762,2.4233,3.3427,1.5641,2.1449,4.3684,1.6092,2.7262,4.5937,0.48133,2.0209,2.8751,2.0182,1.8033,3.7938,1.1784,1.7116,3.7423,2.1879,2.6345,4.5912,1.3257,1.6892,4.0652,1.3005,2.1341,3.1198,0.56568,2.0532,2.9248,0.58757,2.4053,2.7433,1.7205,2.4496,4.2269,2.1805,2.6023,4.6276,0.52023,2.0476,2.8742,1.5861,1.6706,3.3679,0.17743,3.0643,2.0145,0.69481,2.5907,2.6669,3.2364,2.7168,0.06781,0.37198,2.8789,3.097,4.7415,2.8685,0.44746,2.2471,2.2877,3.5114,1.2894,2.9795,4.1468,1.2163,2.434,3.3901,1.0483,3.0304,3.923,2.2952,2.2298,3.6809,1.162,1.656,3.7477,2.4316,2.3719,4.5988,2.4496,2.7118,4.0995,1.3741,2.6709,4.3785,1.9177,1.7567,3.7949,1.2509,2.6368,3.7617,2.2783,2.4146,4.7872,1.6016,2.5519,3.5574,2.1699,2.2965,4.1826,0.735,1.9661,3.2702,2.1804,2.4144,3.5706,2.1923,2.3673,3.5119,2.2822,1.9964,5.0173,2.5629,2.2615,4.779,2.296,2.2606,3.7207,1.3461,1.5954,3.8929,2.1426,2.6157,4.5744,1.9268,1.801,3.7958,0.77686,2.0878,4.1592,1.5857,1.7006,4.233,2.1896,2.621,4.6486,1.4463,2.3947,3.2664,6.1198,2.9311,2.4505,1.8542,1.7729,3.5589,1.8282,2.8396,4.0903,2.17,1.9643,4.9183,1.252,2.5972,4.4452,2.0223,2.1551,4.8982,1.6081,1.6397,3.9597,1.631,2.06,3.289,1.1088,2.6507,3.6331,1.0138,2.7617,3.8506,1.5125,2.5058,3.9407,1.1756,2.6692,3.6487,1.79,1.5912,4.0641,0.95564,2.4551,2.8732,2.0227,2.176,4.5096,0.44384,2.6904,3.1953,1.0125,1.9121,4.2716,0.98709,2.2846,3.1346,1.7332,2.4186,4.6177,0.93276,2.0153,2.8682,0.7136,1.9567,2.7292,1.5889,1.6331,3.9658,0.97411,2.4375,2.927,1.3072,1.5551,3.8596,2.7135,2.5651,4.6058,1.0678,2.2471,3.5407,1.2007,2.6822,3.7071,1.9788,1.9847,4.5343,1.0041,1.9292,4.2614,1.8894,1.7016,3.4855,1.6616,2.5638,3.996,2.1611,2.5297,4.8494,2.0509,2.427,3.5859,1.4252,2.9802,3.6279,1.465,1.5243,4.1734,0.5744,2.9795,3.601,1.616,1.6179,4.1901,0.72498,1.9785,2.7328,0.75357,2.2046,3.9947,2.6228,2.5741,4.5248,2.0872,2.0643,3.4151,1.4828,2.7519,3.6345,1.0256,2.3545,3.4964,2.6091,2.097,4.6401,1.4494,1.7117,4.4311,1.548,2.5656,3.6566,2.0605,2.4203,4.1564,2.6105,2.3218,4.8868,0.59084,2.5287,3.1161
867.03,1.9143,246.08,11.987,0.26735,2553.7,1.4248,1.7579,4.0858,1.3,2.2498,4.2979,1.108,1.9085,4.2344,2.4214,2.6135,4.2988,0.85254,2.0072,4.3228,1.5118,2.6028,3.8926,3.368,2.7991,0.063817,1.0902,1.9115,4.25,1.7355,1.5544,4.1872,1.3027,2.2189,4.3762,0.80878,2.0502,4.2151,3.034,2.8233,4.5927,5.418,2.6069,1.1517,1.3426,2.6569,3.7209,0.8381,2.1192,2.9622,2.6014,2.1936,4.6951,1.4354,1.6192,3.9459,0.59454,2.6755,3.7003,2.0743,1.7621,3.5483,1.0261,2.3761,3.1929,0.024328,2.319,3.2139,1.7404,1.6641,3.4391,1.8235,2.6794,4.0796,1.8016,1.7483,3.4345,1.4085,1.5814,3.9811,0.39272,2.1901,3.093,2.1499,2.4216,4.5227,1.4535,1.7273,3.2114,0.81381,1.9689,2.7441,3.3941,2.8141,6.2406,2.1067,1.8172,3.5674,1.1017,2.7424,3.0201,1.8687,2.6002,4.1181,0.69304,1.9676,2.8181,1.0268,2.3923,3.1671,1.963,1.9256,4.5906,1.7629,1.6102,3.9128,0.55197,2.1855,3.8075,1.2258,2.5998,3.798,0.85892,2.1604,3.1165,2.758,2.3893,4.548,2.2356,2.2665,4.8706,1.5327,1.6677,3.9762,1.9338,1.9374,4.5577,1.5427,2.2378,3.2346,0.67836,2.2198,2.9758,2.4718,2.4635,4.475,1.8378,2.6028,4.581,1.7835,2.615,4.568,2.7853,2.4295,4.6625,1.2642,2.5753,3.8196,1.8362,2.308,4.4398,1.8083,2.9259,3.7214,0.68784,2.4839,2.6344,1.429,2.1495,4.6209,2.0176,2.9437,3.9254,0.25738,2.411,3.2635,1.6733,1.553,4.06,0.65162,2.0878,2.9863,2.2586,2.2657,4.6682,0.81517,2.4932,3.3019,0.87528,2.1704,3.1083,6.1859,2.8769,1.7064,2.1369,2.0868,4.7825,2.7275,2.4373,4.6102,2.5081,2.223,4.9882,1.9078,2.5658,4.1947,1.0754,1.6938,4.0717,4.6548,2.7852,0.51306,0.80743,2.1367,2.9767,1.3218,2.0846,4.4065,0.98701,2.1583,3.402,2.0371,2.6225,4.2629,1.7706,1.4902,4.1048,1.3107,2.5212,3.1798,0.81552,2.5184,3.6903,2.1144,1.8168,3.6265,1.5033,2.5011,3.4377,1.6073,2.5985,3.7094,1.5764,1.5853,4.2419,1.8362,2.5972,4.26,1.9479,2.6063,4.4082,3.6362,2.7195,0.087639,1.7762,1.483,4.0899,1.8612,1.9937,3.4825,2.016,2.9271,4.8361,1.2827,2.5398,3.2548,2.5679,2.4358,4.8858,1.1187,2.6277,4.0064,1.5178,2.4754,3.4614,1.0716,1.8511,4.0515,1.7131,1.5168,4.0392,1.8078,1.9816,3.4058,0.25824,2.8962,3.3192,2.9738,2.28,4.7353,1.2819,1.9439,4.2404,1.3683,2.6287,3.5768,1.3831,2.4768,3.3635,1.9279,1.8592,3.6142,1.9498,2.5332,4.1007,0.99508,2.304,3.1349,2.5425,1.9731,5.1514,1.2808,2.6234,3.4675,1.2934,2.511,3.2601,0.47072,2.891,3.5123,0.60543,1.8756,2.7019,1.5592,1.9467,4.5377,1.454,1.7399,4.1638,5.1619,2.8205,1.4629,0.79776,2.0836,2.8338,1.0851,2.6895,4.02,2.3122,2.5093,3.5721,2.4677,2.3653,4.7411,2.9981,2.6146,4.6777,2.0947,2.5032,4.4342,2.386,2.2145,4.3538,0.69189,2.1496,3.1471,0.6304,2.4013,3.1996,0.59597,2.1439,3.699,2.398,2.3938,4.5731,1.0186,2.403,3.1222,1.2066,1.6621,4.2468,1.6333,2.0297,3.3686,5.8653,2.623,1.5927,3.5211,2.8837,0.26401,0.84566,2.3599,3.0947,1.6777,1.5998,4.0466,1.5375,1.9238,3.1778,0.78827,2.4164,2.9698,2.1622,2.3048,4.7929,1.261,2.5769,3.2332,1.0326,1.9252,3.5168,0.33269,1.9895,3.3536,1.7651,1.9898,3.3476,2.4229,2.2106,4.3259,2.2625,2.1114,5.014,1.2228,1.616,3.8541,0.70931,1.9759,2.8031,2.2713,2.142,5.0671,2.4223,2.2814,4.6463,1.5795,2.5006,3.9628,4.5296,2.8098,0.46775,1.9643,2.5121,4.0605,0.79391,1.9459,4.1046,1.4344,2.672,4.3291,3.9201,2.7645,0.21292,1.5799,1.7053,3.319,0.19144,2.2949,3.2034,5.107,2.8119,1.0934,0.7385,2.6996,3.452,1.4092,2.5505,3.0543,2.2078,2.0493,4.9133,1.456,1.9632,4.4526,1.5307,1.6254,3.3317,1.4331,2.9033,3.3637,0.68258,2.3867,3.0446,0.87001,2.4306,3.0679,0.23803,2.5914,3.3014,1.701,2.388,4.2352,0.69954,2.4076,2.9655,0.94961,2.3733,3.4834,1.396,1.7401,4.2566,0.32109,2.3371,3.3386,1.5244,1.5754,3.3211,0.64859,2.3979,3.0102,3.4986,2.8297,0.1766,1.8679,2.5378,3.9681,2.1024,2.2001,4.6974,2.1947,2.7295,4.7584,1.9279,1.816,3.8034,1.2834,1.6682,3.7327,2.2383,2.0834,4.988,1.3471,2.5727,3.8677,0.9789,3.0515,2.7917,4.8271,2.8402,0.5355,1.442,2.7145,4.4628,1.9456,1.8655,3.8847,1.3923,2.6645,3.0476,0.73814,2.7106,3.3921,1.1139,2.8757,4.2862,0.88247,2.5541,2.8279,0.67849,2.0716,2.8897,0.53724,2.424,3.3401,1.5641,2.142,4.3728,1.6171,2.7266,4.5994,0.47793,2.022,2.8694,2.0187,1.8013,3.7941,1.1775,1.7081,3.7449,2.1865,2.6332,4.5878,1.3235,1.6927,4.062,1.2974,2.1328,3.1181,0.56363,2.0552,2.9203,0.59058,2.4044,2.748,1.7238,2.4545,4.2282,2.176,2.5991,4.6206,0.51784,2.0484,2.87,1.5865,1.6703,3.3694,0.15707,3.0648,1.9923,0.69479,2.5943,2.6653,3.2451,2.7147,0.065763,0.38453,2.8778,3.1113,4.7448,2.8661,0.45185,2.2471,2.2835,3.5065,1.2894,2.9767,4.1482,1.2114,2.4358,3.3875,1.0464,3.029,3.9237,2.2933,2.23,3.6772,1.1607,1.6503,3.7507,2.4315,2.3724,4.5991,2.4454,2.7122,4.1017,1.3761,2.6707,4.3779,1.9181,1.7504,3.7933,1.2529,2.6331,3.7633,2.2771,2.4135,4.7819,1.6009,2.5508,3.5635,2.1707,2.3001,4.1864,0.73307,1.9685,3.2668,2.1766,2.4143,3.5652,2.1886,2.3654,3.5048,2.2836,1.9969,5.0172,2.5607,2.2604,4.7781,2.2936,2.262,3.7184,1.3456,1.5946,3.8936,2.1367,2.6121,4.5662,1.928,1.7962,3.7931,0.77709,2.0861,4.164,1.5852,1.6973,4.2321,2.184,2.6181,4.6409,1.4465,2.3952,3.2665,6.1284,2.9323,2.4604,1.8552,1.7721,3.5605,1.8265,2.8348,4.0872,2.1738,1.9635,4.9207,1.2541,2.5973,4.4485,2.0251,2.1557,4.8985,1.6084,1.6365,3.9595,1.6326,2.0612,3.2873,1.1099,2.6485,3.6335,1.015,2.7603,3.8493,1.5156,2.5068,3.9442,1.1762,2.667,3.6478,1.7885,1.587,4.0638,0.95637,2.4554,2.8749,2.0264,2.1788,4.5132,0.45109,2.6867,3.2018,1.0105,1.9108,4.2716,0.98714,2.2839,3.1365,1.7362,2.4189,4.6187,0.93136,2.0139,2.868,0.71305,1.956,2.7291,1.5885,1.6309,3.9658,0.97473,2.4375,2.9299,1.305,1.5536,3.8604,2.7129,2.5648,4.606,1.0667,2.2506,3.5379,1.2024,2.6801,3.7084,1.979,1.9848,4.5358,1.0028,1.928,4.2621,1.8906,1.7024,3.4866,1.6615,2.5652,3.9958,2.163,2.5294,4.8482,2.0484,2.4285,3.5828,1.4312,2.9774,3.6336,1.4653,1.5253,4.172,0.57032,2.979,3.5977,1.617,1.6158,4.1889,0.72455,1.9778,2.7326,0.75488,2.2056,3.9953,2.6212,2.5734,4.525,2.0898,2.0626,3.415,1.4851,2.7487,3.6381,1.0235,2.3582,3.4927,2.6118,2.0996,4.6452,1.4485,1.7118,4.4316,1.547,2.5657,3.6589,2.0609,2.423,4.1589,2.6091,2.321,4.8851,0.59385,2.5289,3.1194
867.03,1.9143,246.08,11.987,0.27626,2579.3,1.4219,1.7555,4.0837,1.3016,2.25,4.3008,1.1051,1.9067,4.2334,2.4193,2.6121,4.2996,0.85206,2.0068,4.3246,1.5111,2.605,3.8917,3.3779,2.796,5.6175,1.0865,1.9094,4.2498,1.7359,1.5518,4.1849,1.3028,2.2181,4.3807,0.80825,2.0503,4.2166,3.0372,2.8226,4.5947,5.4136,2.6018,1.1488,1.3425,2.6561,3.7205,0.83434,2.1179,2.9598,2.6055,2.1968,4.7025,1.4338,1.6193,3.947,0.59143,2.6777,3.693,2.0767,1.7617,3.5508,1.0182,2.3764,3.1891,0.015123,2.3191,3.2019,1.7386,1.6627,3.4413,1.8208,2.6769,4.0771,1.8022,1.7498,3.436,1.4073,1.5807,3.9818,0.39307,2.1914,3.0904,2.1529,2.423,4.5259,1.4528,1.73,3.2119,0.81298,1.97,2.7442,3.4132,2.8114,0.040683,2.1118,1.8183,3.5721,1.1043,2.7446,3.0236,1.872,2.601,4.1237,0.69407,1.9699,2.8183,1.0229,2.3914,3.1685,1.9667,1.9258,4.5949,1.7656,1.6108,3.9143,0.5562,2.1839,3.8129,1.2296,2.6021,3.8021,0.85519,2.1624,3.1134,2.7638,2.3909,4.5533,2.2409,2.2692,4.8767,1.5346,1.6667,3.9774,1.9372,1.938,4.5604,1.5465,2.2399,3.2342,0.67603,2.2218,2.9747,2.4723,2.4648,4.479,1.8326,2.6025,4.5674,1.7803,2.6154,4.5583,2.7948,2.4313,4.6753,1.2632,2.5771,3.8154,1.843,2.3103,4.4442,1.8035,2.9218,3.7162,0.69195,2.4847,2.6369,1.4233,2.1537,4.6177,2.0169,2.9381,3.9239,0.25373,2.4105,3.2589,1.6741,1.5512,4.0591,0.65046,2.0877,2.9848,2.2573,2.2653,4.6658,0.81553,2.4895,3.3073,0.87392,2.1714,3.1072,6.1858,2.8758,1.7054,2.143,2.0887,4.7884,2.7321,2.4382,4.6181,2.5066,2.2189,4.985,1.907,2.5626,4.1936,1.0754,1.6891,4.0758,4.653,2.7819,0.51191,0.80663,2.1369,2.9775,1.3238,2.084,4.4102,0.98432,2.1606,3.3989,2.0323,2.6189,4.2572,1.7742,1.4853,4.1024,1.315,2.5202,3.1813,0.81805,2.5199,3.6889,2.1166,1.8139,3.6238,1.5008,2.5027,3.4387,1.6098,2.5993,3.7177,1.5741,1.5851,4.2419,1.8332,2.5923,4.2551,1.9472,2.6012,4.4069,3.6432,2.7171,0.093325,1.7793,1.479,4.0866,1.8666,1.9929,3.4847,2.0115,2.9265,4.8313,1.285,2.5398,3.2574,2.5669,2.4357,4.8836,1.1201,2.6276,4.0032,1.5153,2.4767,3.4618,1.0689,1.8511,4.0505,1.7153,1.5149,4.0379,1.8117,1.9804,3.4061,0.25942,2.8947,3.3197,2.9763,2.2787,4.7386,1.2803,1.9435,4.2413,1.3706,2.629,3.5828,1.3813,2.4777,3.3646,1.9315,1.8554,3.6123,1.9508,2.5362,4.1047,0.99247,2.304,3.134,2.5415,1.9736,5.1516,1.2827,2.6232,3.4727,1.2887,2.5119,3.2578,0.47292,2.8888,3.5139,0.60427,1.876,2.6983,1.5527,1.9447,4.5369,1.4541,1.7375,4.1643,5.1543,2.818,1.4546,0.79681,2.0835,2.8345,1.0845,2.6916,4.0172,2.3179,2.5064,3.5727,2.4656,2.3639,4.7371,3.0045,2.6113,4.6823,2.0947,2.5039,4.4334,2.3885,2.2193,4.3606,0.68751,2.1522,3.1402,0.6368,2.3999,3.2058,0.59642,2.1438,3.6992,2.3976,2.3907,4.5769,1.0237,2.4019,3.1275,1.2042,1.6646,4.2447,1.6304,2.0295,3.3658,5.8569,2.6199,1.5839,3.5232,2.8819,0.26684,0.84258,2.3583,3.0949,1.6782,1.5993,4.0459,1.5393,1.9259,3.1787,0.78778,2.4148,2.9711,2.1638,2.304,4.7906,1.263,2.5783,3.2368,1.0335,1.9229,3.5179,0.32625,1.991,3.3583,1.7677,1.9883,3.3451,2.4271,2.2161,4.3339,2.2662,2.1091,5.0149,1.2196,1.6127,3.8541,0.70941,1.9755,2.8031,2.2746,2.1405,5.0689,2.4251,2.2836,4.6508,1.5794,2.5043,3.9621,4.5357,2.8045,0.4758,1.9651,2.5173,4.0631,0.79298,1.9459,4.104,1.4416,2.6744,4.3312,3.9281,2.7623,0.22222,1.5825,1.7089,3.3204,0.18974,2.2945,3.2001,5.1087,2.8072,1.0978,0.73865,2.6978,3.4518,1.4111,2.5519,3.0544,2.2111,2.0466,4.9129,1.4547,1.9582,4.4553,1.5308,1.6244,3.333,1.4348,2.9029,3.3633,0.68753,2.3851,3.0521,0.86746,2.4302,3.0689,0.23792,2.5903,3.2995,1.704,2.3908,4.2388,0.70508,2.4069,2.9715,0.94429,2.3795,3.4754,1.3959,1.738,4.2546,0.32052,2.3373,3.337,1.5242,1.5729,3.3226,0.65254,2.3974,3.0162,3.5077,2.8278,0.18661,1.8634,2.5368,3.9656,2.1062,2.1997,4.7,2.1831,2.7266,4.7428,1.9283,1.8099,3.802,1.2827,1.6654,3.7336,2.2407,2.0812,4.9879,1.3462,2.5716,3.865,0.97056,3.0515,2.7829,4.8307,2.8354,0.54126,1.4477,2.7144,4.4671,1.9469,1.8631,3.8856,1.3959,2.6653,3.0529,0.74273,2.7095,3.3973,1.1201,2.8736,4.2923,0.88985,2.5556,2.8332,0.67918,2.0743,2.8897,0.5368,2.4248,3.3376,1.5641,2.1391,4.377,1.6245,2.727,4.6046,0.47488,2.0229,2.8641,2.0191,1.7994,3.7944,1.1766,1.7046,3.7473,2.1855,2.6319,4.5848,1.3213,1.6959,4.059,1.2942,2.1315,3.1166,0.56167,2.057,2.9161,0.59349,2.4035,2.7525,1.7267,2.459,4.229,2.1718,2.5961,4.6139,0.51566,2.0489,2.8663,1.5867,1.6699,3.3709,0.1374,3.0653,1.9708,0.69443,2.5979,2.6632,3.2532,2.7126,5.6159,0.39676,2.8768,3.1252,4.7481,2.8639,0.45621,2.2474,2.2795,3.5021,1.2889,2.974,4.149,1.2069,2.4372,3.3853,1.0443,3.0275,3.9242,2.2914,2.2301,3.6734,1.1594,1.6448,3.7536,2.4315,2.3728,4.5993,2.4416,2.7126,4.1041,1.378,2.6705,4.3772,1.9185,1.7443,3.792,1.2545,2.6297,3.7647,2.2762,2.4126,4.7771,1.6001,2.5499,3.5692,2.1717,2.3035,4.1902,0.73117,1.9707,3.2636,2.173,2.4142,3.5601,2.1852,2.3632,3.4979,2.285,1.9974,5.017,2.5586,2.2594,4.7774,2.2911,2.2634,3.716,1.3454,1.5936,3.8942,2.1312,2.6087,4.5585,1.9293,1.7915,3.7907,0.77733,2.0845,4.1687,1.5847,1.6941,4.2312,2.1788,2.6152,4.6335,1.4467,2.3958,3.2666,6.1374,2.9333,2.4706,1.8563,1.7712,3.562,1.825,2.8303,4.0844,2.1775,1.9627,4.923,1.256,2.5973,4.4515,2.0278,2.1564,4.8987,1.6088,1.6336,3.9593,1.6342,2.0624,3.2857,1.1107,2.6464,3.6337,1.016,2.759,3.8478,1.5186,2.5077,3.9475,1.1766,2.6649,3.6468,1.7871,1.5832,4.0637,0.95706,2.4558,2.8765,2.03,2.1813,4.5167,0.45791,2.6831,3.2078,1.0085,1.9094,4.2715,0.98707,2.2834,3.1381,1.7391,2.419,4.6197,0.92997,2.0128,2.8678,0.71252,1.9553,2.7288,1.5881,1.6289,3.9658,0.97529,2.4375,2.9327,1.303,1.5522,3.8612,2.7122,2.5644,4.6061,1.0655,2.254,3.5352,1.2039,2.6781,3.7096,1.9793,1.9848,4.5372,1.0015,1.927,4.2628,1.8916,1.7032,3.4876,1.6614,2.5663,3.9957,2.1646,2.529,4.8471,2.046,2.43,3.5797,1.4371,2.9745,3.6392,1.4657,1.5263,4.1706,0.56631,2.9785,3.5944,1.618,1.6138,4.1879,0.72411,1.9771,2.7324,0.75609,2.2066,3.9958,2.6198,2.5726,4.5251,2.0924,2.0611,3.4151,1.4874,2.7457,3.6417,1.0214,2.3616,3.4893,2.6143,2.102,4.6502,1.4476,1.7119,4.432,1.546,2.5657,3.6611,2.0611,2.4254,4.1614,2.608,2.3202,4.8835,0.59675,2.5292,3.1226
867.03,1.9143,246.08,11.987,0.28517,2601.3,1.4191,1.7532,4.0818,1.3032,2.2503,4.3037,1.1022,1.905,4.2325,2.4172,2.6106,4.3004,0.85154,2.0064,4.3263,1.5105,2.6072,3.8906,3.3875,2.793,0.010725,1.0829,1.9076,4.2497,1.7364,1.5493,4.1827,1.3028,2.2173,4.3852,0.80776,2.0505,4.2181,3.0402,2.8219,4.5964,5.4092,2.5967,1.146,1.3423,2.6554,3.72,0.83056,2.1167,2.9574,2.6097,2.1999,4.7099,1.4322,1.6195,3.9481,0.58863,2.6799,3.6859,2.079,1.7612,3.5532,1.0099,2.377,3.1847,0.006095,2.319,3.1905,1.7369,1.6611,3.4435,1.8181,2.6742,4.0746,1.8028,1.7513,3.4376,1.4061,1.58,3.9824,0.39333,2.1926,3.0875,2.1559,2.4245,4.529,1.4522,1.733,3.2127,0.81214,1.9711,2.7444,3.4329,2.8084,0.00662,2.1173,1.8193,3.5771,1.107,2.7469,3.027,1.8754,2.6019,4.1294,0.69492,1.9724,2.8182,1.0189,2.3904,3.1698,1.9706,1.9261,4.5995,1.7684,1.6117,3.9159,0.56066,2.1823,3.8183,1.2334,2.6047,3.8062,0.85133,2.1645,3.1102,2.7694,2.3925,4.5584,2.2464,2.2722,4.8832,1.5365,1.6655,3.9786,1.9408,1.9385,4.5633,1.5506,2.2421,3.2339,0.67381,2.2235,2.9738,2.473,2.4662,4.4833,1.8273,2.6019,4.5538,1.7772,2.6159,4.5486,2.8042,2.4332,4.6877,1.2621,2.5791,3.811,1.85,2.3126,4.4486,1.7986,2.9177,3.7109,0.69596,2.4854,2.6392,1.4172,2.1582,4.614,2.0163,2.9324,3.9225,0.2501,2.4099,3.2544,1.6747,1.5494,4.0581,0.64937,2.0873,2.9836,2.2556,2.2648,4.6631,0.81573,2.4856,3.3128,0.8727,2.1724,3.1063,6.1863,2.8747,1.7052,2.149,2.0902,4.794,2.7362,2.439,4.6255,2.5049,2.2147,4.9818,1.9063,2.5595,4.1924,1.0753,1.6839,4.0802,4.6508,2.779,0.51044,0.80619,2.1371,2.9788,1.3259,2.0835,4.4136,0.9816,2.1629,3.3959,2.0273,2.6153,4.2514,1.7778,1.4799,4.0997,1.3192,2.5192,3.1827,0.82059,2.5214,3.6875,2.1187,1.8109,3.6211,1.4986,2.5043,3.44,1.6127,2.5998,3.7263,1.5717,1.5847,4.2419,1.8302,2.5873,4.2502,1.9467,2.596,4.4055,3.6501,2.7146,0.099095,1.7825,1.4747,4.0832,1.8718,1.9921,3.487,2.0065,2.9259,4.8259,1.2872,2.5397,3.2598,2.566,2.4357,4.8815,1.1216,2.6274,4.0001,1.5126,2.4779,3.4622,1.0663,1.8509,4.0495,1.7175,1.5131,4.0367,1.8156,1.9792,3.4065,0.2608,2.8932,3.3204,2.979,2.2775,4.7418,1.2785,1.943,4.2423,1.3729,2.6293,3.5889,1.3795,2.4786,3.3657,1.935,1.8515,3.6105,1.9518,2.5393,4.1087,0.98988,2.304,3.1331,2.5403,1.9743,5.1517,1.2845,2.6231,3.478,1.2839,2.5128,3.2555,0.47497,2.8868,3.5155,0.60314,1.8764,2.6948,1.5464,1.9428,4.536,1.4542,1.7352,4.1649,5.147,2.8155,1.4465,0.79591,2.0833,2.8351,1.0839,2.6936,4.0144,2.324,2.5035,3.5736,2.4637,2.3625,4.7331,3.0109,2.6082,4.6864,2.0947,2.5046,4.4328,2.3912,2.2239,4.3674,0.68298,2.1549,3.133,0.64318,2.3984,3.2121,0.59694,2.1436,3.6995,2.3973,2.3879,4.5809,1.0287,2.4008,3.1327,1.2018,1.6676,4.2425,1.6276,2.0292,3.363,5.8487,2.6168,1.5754,3.525,2.8802,0.2693,0.83927,2.3567,3.0949,1.6787,1.5989,4.0452,1.541,1.9278,3.1797,0.78719,2.4129,2.9722,2.1654,2.3032,4.7883,1.2649,2.5798,3.2403,1.0344,1.9204,3.519,0.31987,1.9928,3.3626,1.7703,1.9868,3.3426,2.4314,2.2215,4.3422,2.2698,2.1067,5.0159,1.2165,1.6094,3.854,0.70942,1.9751,2.8031,2.2778,2.139,5.0705,2.4279,2.2857,4.6554,1.5793,2.508,3.9615,4.5419,2.7993,0.4838,1.9658,2.5224,4.0657,0.79205,1.9459,4.1035,1.4486,2.6769,4.3332,3.936,2.7601,0.23141,1.5851,1.7125,3.3219,0.18813,2.2941,3.1969,5.1105,2.8024,1.102,0.73868,2.6961,3.4514,1.4127,2.5534,3.0546,2.2144,2.0437,4.9124,1.4535,1.9532,4.4581,1.531,1.6235,3.3344,1.4364,2.9025,3.3629,0.69241,2.3835,3.0595,0.86488,2.4298,3.0697,0.23773,2.5892,3.2978,1.707,2.3933,4.2422,0.71047,2.4062,2.9774,0.93892,2.3857,3.4675,1.3958,1.7361,4.2527,0.31988,2.3375,3.3352,1.5239,1.5703,3.3242,0.65636,2.3968,3.0221,3.5164,2.826,0.19625,1.8588,2.5359,3.9631,2.1099,2.1991,4.7026,2.1718,2.7236,4.7276,1.9286,1.804,3.8006,1.282,1.6626,3.7344,2.243,2.0791,4.9878,1.3455,2.5704,3.8623,0.96205,3.0515,2.7739,4.8342,2.8306,0.54712,1.4533,2.7143,4.4715,1.948,1.8609,3.8865,1.3994,2.666,3.058,0.74707,2.7083,3.4022,1.1262,2.8714,4.2983,0.89693,2.5573,2.8383,0.67988,2.0771,2.8898,0.53636,2.4254,3.335,1.564,2.1361,4.3811,1.6316,2.7274,4.6098,0.47189,2.0238,2.8589,2.0195,1.7976,3.7948,1.1757,1.7013,3.7498,2.1847,2.6307,4.5819,1.319,1.6992,4.056,1.2911,2.1301,3.115,0.55975,2.0587,2.912,0.59631,2.4027,2.757,1.7295,2.4633,4.2297,2.1678,2.593,4.6074,0.51351,2.0496,2.8626,1.587,1.6696,3.3724,0.11754,3.0658,1.9491,0.6939,2.6015,2.6611,3.2608,2.7106,0.0052386,0.40864,2.8756,3.1387,4.7511,2.8618,0.46048,2.2477,2.2753,3.4978,1.2884,2.9713,4.1497,1.2025,2.4387,3.3832,1.042,3.0261,3.9246,2.2897,2.2302,3.6696,1.1582,1.6396,3.7564,2.4314,2.3733,4.5995,2.4377,2.7129,4.1065,1.3798,2.6703,4.3765,1.9189,1.7384,3.7908,1.2563,2.6262,3.7661,2.2754,2.4116,4.7723,1.5994,2.5489,3.5748,2.1725,2.3067,4.1939,0.72931,1.9729,3.2605,2.1695,2.414,3.555,2.1819,2.3612,3.4912,2.2861,1.9979,5.0165,2.5566,2.2585,4.7766,2.2888,2.2647,3.7137,1.3451,1.5926,3.8948,2.126,2.6053,4.5512,1.9304,1.7869,3.7883,0.77756,2.0829,4.1733,1.5841,1.691,4.2303,2.1736,2.6124,4.6262,1.447,2.3963,3.2668,6.1462,2.9343,2.4806,1.8573,1.7704,3.5635,1.8236,2.8259,4.0817,2.1809,1.9618,4.9251,1.2577,2.5975,4.4544,2.0304,2.1569,4.8989,1.6093,1.6307,3.9592,1.6358,2.0635,3.2841,1.1116,2.6444,3.634,1.017,2.7577,3.8464,1.5217,2.5086,3.9508,1.1772,2.6629,3.646,1.7856,1.5795,4.0635,0.95772,2.4562,2.878,2.0334,2.1838,4.52,0.46435,2.6795,3.2135,1.0067,1.9081,4.2714,0.98703,2.2827,3.1398,1.7418,2.4192,4.6207,0.92864,2.0116,2.8676,0.71201,1.9547,2.7285,1.5877,1.6271,3.9658,0.97579,2.4375,2.9354,1.3011,1.5508,3.8619,2.7116,2.564,4.6062,1.0644,2.2574,3.5324,1.2055,2.6762,3.7108,1.9796,1.9848,4.5385,1.0003,1.9259,4.2634,1.8927,1.7039,3.4886,1.6613,2.5675,3.9956,2.1664,2.5286,4.8462,2.0438,2.4314,3.5769,1.4426,2.9717,3.6445,1.466,1.5273,4.1693,0.56239,2.978,3.5913,1.619,1.6119,4.1869,0.72369,1.9764,2.7322,0.75723,2.2077,3.9963,2.6183,2.572,4.5253,2.0948,2.0595,3.4151,1.4895,2.7428,3.6451,1.0195,2.3648,3.4861,2.6168,2.1043,4.6549,1.4468,1.7122,4.4325,1.5452,2.5659,3.6632,2.0614,2.4277,4.1637,2.6068,2.3195,4.8818,0.59954,2.5294,3.1255
488.22,4.7816,260.67,8.4478,0.0088628,792.46,1.5216,1.8354,4.172,1.278,2.2254,4.2233,1.2292,1.9857,4.2335,2.4979,2.6619,4.3021,0.85754,2.0604,4.2191,1.5201,2.485,3.8933,3.0137,2.839,5.8256,1.2269,1.9874,4.2344,1.7474,1.7149,4.2471,1.277,2.2264,4.2254,0.85714,2.0616,4.2153,2.8939,2.8353,4.5086,5.704,2.7751,1.4601,1.241,2.8409,3.6261,0.9558,2.1452,3.0216,2.4846,2.0523,4.4476,1.472,1.675,3.9054,0.6588,2.5712,3.8832,2.006,1.7629,3.4738,1.0749,2.4457,3.0603,0.26897,2.2861,3.5588,1.7853,1.6737,3.3878,2.1361,2.8239,4.4416,1.7865,1.6718,3.3908,1.4757,1.6729,3.9076,0.39527,2.1337,3.2022,2.0364,2.3553,4.3878,1.4743,1.6666,3.1997,0.83141,1.8759,2.7721,3.013,2.8412,5.8212,2.0063,1.7625,3.4754,1.0061,2.7162,2.8796,1.8179,2.5886,4.0022,0.63124,1.8701,2.7972,1.0723,2.4452,3.0553,1.8975,1.9142,4.4934,1.6803,1.6932,3.8951,0.5101,2.2013,3.7447,1.1938,2.422,3.7854,1.0042,2.0606,3.2694,2.5474,2.2986,4.2921,2.0693,2.1496,4.6779,1.4783,1.6743,3.9117,1.896,1.9169,4.4932,1.49,2.1712,3.267,0.82163,2.0812,3.1859,2.4188,2.3723,4.3162,1.9457,2.6018,4.8898,1.9372,2.5957,4.8792,2.547,2.2987,4.2917,1.2873,2.4874,3.9456,1.6876,2.2319,4.2951,2.0602,3.0621,4.003,0.50307,2.47,2.4756,1.5421,2.0558,4.6075,2.0783,3.0655,4.0243,0.39057,2.3747,3.4359,1.6615,1.6292,4.0823,0.70891,2.0227,3.097,2.2438,2.2408,4.6474,0.63047,2.6178,3.0021,1.0037,2.0641,3.2695,0.12664,2.8904,1.9702,1.9953,1.9856,4.5893,2.5465,2.2998,4.2939,2.6746,2.3374,5.1986,2.1406,2.8203,4.4431,1.0789,1.8483,3.9464,4.6189,2.9974,0.50513,0.88636,2.1185,3.053,1.3051,2.0996,4.2662,1.0555,2.0876,3.4926,2.3099,2.7541,4.5798,1.7017,1.5987,4.1577,1.1445,2.5577,3.0682,0.75033,2.427,3.7682,2.0552,1.9273,3.7383,1.5997,2.4375,3.4692,1.6612,2.5228,3.6088,1.6582,1.6771,4.2498,2.1068,2.8092,4.5832,2.1126,2.8093,4.5865,3.3588,2.7819,6.1204,1.7011,1.5983,4.1578,1.7039,2.005,3.4529,2.1293,2.9374,4.9255,1.1465,2.5576,3.0726,2.6369,2.4464,4.9875,1.0245,2.6041,4.0651,1.6014,2.4367,3.4692,1.184,1.7984,4.102,1.6615,1.6285,4.0835,1.7032,2.0047,3.4514,0.28766,2.9466,3.3346,2.8726,2.2928,4.5652,1.3172,1.9505,4.2055,1.2496,2.6878,3.3238,1.4636,2.4583,3.3434,1.8422,1.9838,3.7247,1.951,2.3382,3.9935,1.0962,2.2829,3.1882,2.5396,2.049,5.1493,1.2415,2.6883,3.3123,1.4615,2.4605,3.3403,0.29371,2.9467,3.3414,0.67652,1.8077,2.9109,1.6997,2.0266,4.4224,1.4674,1.8624,4.1198,5.5359,2.9011,1.8482,0.819,2.1218,2.7806,1.0235,2.6053,4.0652,2.1563,2.525,3.6219,2.637,2.444,4.9875,2.8024,2.7049,4.5216,2.1617,2.5295,4.5334,2.3491,2.103,4.1953,0.76597,1.9906,3.3479,0.32937,2.4738,2.8846,0.60387,2.1409,3.7129,2.3854,2.5091,4.4311,0.75162,2.4648,2.854,1.2551,1.5838,4.2872,1.7016,2.0061,3.4506,1.2585,2.6892,2.0397,3.2185,2.9381,6.2097,0.7463,2.4636,2.8548,1.6606,1.6337,4.0871,1.4946,1.8647,3.1825,0.74361,2.4645,2.8505,2.1681,2.3477,4.9538,1.1447,2.5624,3.0704,1.0024,1.9633,3.5035,0.52957,1.9788,3.2565,1.7011,2.0071,3.4499,2.3862,2.0809,4.1975,2.1434,2.1545,4.9803,1.2889,1.7513,3.8013,0.68314,1.9773,2.7558,2.143,2.1543,4.9818,2.3196,2.1859,4.4623,1.5673,2.2918,3.9628,4.2026,3.0068,0.13518,1.955,2.338,3.9962,0.83751,1.964,4.1174,1.1761,2.5731,4.2147,3.5223,2.8535,6.0851,1.5328,1.6175,3.287,0.32188,2.2979,3.4059,5.1349,2.9893,1.0749,0.56153,2.7835,3.2584,1.2667,2.5068,2.9778,2.1414,2.1514,4.9799,1.4744,2.0932,4.3507,1.5254,1.6226,3.2876,1.3795,2.929,3.3638,0.45291,2.45,2.7217,0.92617,2.4537,3.0023,0.22155,2.6177,3.3398,1.6119,2.2565,4.1256,0.44882,2.4469,2.7146,1.0481,2.1703,3.6588,1.3945,1.8071,4.2928,0.32426,2.2998,3.4069,1.5288,1.6169,3.2871,0.44871,2.4506,2.7189,2.9886,2.87,5.9067,2.0064,2.5977,4.0355,1.9715,2.178,4.589,2.6316,2.7746,5.271,1.8908,1.9643,3.9031,1.2943,1.8152,3.6888,2.1441,2.1538,4.9819,1.4019,2.6567,4.0082,1.1083,3.0851,2.9506,4.691,2.9848,0.41353,1.2568,2.6847,4.3331,1.9041,1.9568,3.8853,1.246,2.6365,2.8645,0.36446,2.7732,2.9575,0.93706,2.8904,4.1297,0.57428,2.5215,2.5808,0.69674,1.9341,2.9899,0.54763,2.3964,3.4287,1.5668,2.1754,4.2289,1.2597,2.6867,4.3376,0.6322,1.9501,3.1145,1.9798,1.896,3.8181,1.1936,1.8454,3.6464,2.4603,2.7226,4.9797,1.3763,1.5268,4.1714,1.3892,2.1561,3.1742,0.636,1.9492,3.1143,0.46236,2.45,2.5685,1.6137,2.2548,4.1282,2.4581,2.7217,4.9802,0.6343,1.9509,3.1122,1.5648,1.7131,3.3277,0.51594,3.04,2.4295,0.57377,2.5212,2.5829,2.9117,2.7436,5.8924,6.1798,2.8643,2.5463,4.6765,2.988,0.39687,2.3454,2.4075,3.7518,0.88046,3.081,3.6643,1.4374,2.2565,3.5619,0.84882,3.079,3.6327,2.368,2.2378,3.8096,1.1921,1.845,3.6455,2.4264,2.3382,4.5604,2.5831,2.6282,4.0324,1.2622,2.6838,4.3381,1.8919,1.9609,3.9035,1.1271,2.7944,3.6529,2.4479,2.485,5.0888,1.6062,2.6207,3.3015,2.1684,2.1877,4.1028,0.78696,1.9029,3.3713,2.3463,2.4097,3.7518,2.3476,2.4117,3.7532,2.1849,1.8899,4.9032,2.6444,2.2901,4.7927,2.366,2.2393,3.8098,1.3803,1.5857,3.836,2.4608,2.7203,4.9834,1.8916,1.9613,3.9039,0.77872,2.1415,3.9627,1.6013,1.8323,4.2581,2.4599,2.7216,4.9827,1.4459,2.3891,3.2611,5.9278,2.8809,2.207,1.8585,1.8001,3.476,1.9748,3.0226,4.2982,2.0146,1.9504,4.7543,1.1006,2.5795,4.2721,1.8835,2.1505,4.8616,1.6132,1.8013,3.9664,1.6048,2.0099,3.3915,1.0144,2.7749,3.5646,0.91291,2.8309,3.8112,1.3797,2.3912,3.8443,1.1234,2.7958,3.6491,1.8382,1.7949,4.0928,0.91286,2.461,2.7733,1.9105,2.0693,4.3855,0.075676,2.796,2.8413,1.0855,1.9599,4.2608,0.94814,2.3367,3.0102,1.6337,2.3959,4.587,0.97896,2.0873,2.8344,0.74346,1.9994,2.7423,1.6127,1.8007,3.9683,0.91455,2.46,2.7752,1.38,1.5862,3.8367,2.7694,2.5895,4.635,1.085,2.1379,3.6263,1.1219,2.7982,3.6505,1.9761,1.9872,4.4772,1.083,1.9621,4.2588,1.8531,1.6525,3.4506,1.6622,2.4819,3.9992,2.113,2.5548,4.923,2.1547,2.3811,3.7099,1.1862,3.0733,3.4181,1.4464,1.4675,4.2321,0.61944,2.9996,3.6148,1.6242,1.7504,4.2332,0.74451,1.9983,2.7423,0.69037,2.1942,3.9441,2.688,2.6027,4.5371,1.993,2.1276,3.4394,1.3827,2.9205,3.5362,1.0818,2.1935,3.6341,2.5319,2.0002,4.4707,1.4909,1.7349,4.4223,1.6092,2.5917,3.5828,2.0625,2.2888,4.0733,2.7086,2.3732,5.0087,0.446,2.5312,2.9594
488.22,4.7816,260.67,8.4478,0.017726,948.85,1.5176,1.8335,4.1678,1.2774,2.2269,4.2252,1.2249,1.9835,4.2344,2.4948,2.6598,4.3006,0.85772,2.0574,4.2246,1.5198,2.4909,3.8934,3.0259,2.8393,5.8417,1.2218,1.9854,4.2356,1.7462,1.7085,4.2455,1.2783,2.2267,4.2304,0.85489,2.0617,4.2144,2.9001,2.835,4.5118,5.6885,2.7704,1.4424,1.2494,2.831,3.6343,0.95152,2.1451,3.019,2.4868,2.0568,4.4546,1.4713,1.6711,3.9067,0.65725,2.5757,3.8778,2.0076,1.7637,3.4765,1.0806,2.4408,3.0735,0.26189,2.288,3.5486,1.7837,1.6747,3.3893,2.115,2.8181,4.4193,1.7863,1.6756,3.3925,1.4735,1.6682,3.9111,0.39387,2.1368,3.1963,2.0418,2.3605,4.3946,1.4743,1.6697,3.2004,0.82974,1.8822,2.7674,3.0219,2.841,5.8324,2.0078,1.7666,3.4781,1.0079,2.717,2.8831,1.8186,2.5874,4.0055,0.63295,1.8749,2.796,1.0732,2.4428,3.0617,1.8983,1.9146,4.4957,1.6824,1.6877,3.8943,0.51033,2.2013,3.7455,1.1932,2.4327,3.7816,0.99905,2.0666,3.2622,2.5544,2.3035,4.3017,2.0743,2.1561,4.6852,1.4789,1.6719,3.9145,1.8951,1.9172,4.4946,1.4901,2.1754,3.2655,0.81822,2.0877,3.1784,2.4204,2.3758,4.3218,1.9424,2.6004,4.8822,1.9299,2.5967,4.8687,2.5516,2.3039,4.3008,1.2867,2.4909,3.9411,1.6904,2.2341,4.2996,2.05,3.0584,3.9903,0.50999,2.4698,2.4815,1.5405,2.0577,4.6109,2.0744,3.0626,4.0181,0.3849,2.3775,3.4283,1.6617,1.625,4.0817,0.70723,2.0275,3.0918,2.2453,2.2434,4.6513,0.64319,2.6129,3.0165,0.99923,2.0707,3.2623,0.11548,2.8908,1.9568,1.9969,1.9885,4.5944,2.5503,2.3056,4.3024,2.6661,2.3337,5.191,2.1216,2.8105,4.4231,1.0787,1.8426,3.9509,4.6245,2.9906,0.50904,0.88331,2.1207,3.048,1.3045,2.0987,4.2714,1.0545,2.0895,3.4904,2.2941,2.7492,4.5616,1.7031,1.5952,4.1559,1.1515,2.5557,3.075,0.75317,2.4309,3.7654,2.0578,1.9226,3.7336,1.5968,2.4393,3.4683,1.6562,2.5274,3.6079,1.6549,1.6704,4.2503,2.0901,2.8026,4.5656,2.1009,2.8021,4.5743,3.3712,2.7806,6.1331,1.703,1.5938,4.156,1.7084,2.0043,3.4519,2.1212,2.9364,4.919,1.154,2.5561,3.0826,2.6326,2.4459,4.9828,1.0299,2.6064,4.066,1.5986,2.4376,3.4686,1.1799,1.8036,4.099,1.6625,1.6223,4.0817,1.7061,2.0039,3.4489,0.2825,2.9449,3.3311,2.8776,2.2932,4.5733,1.3166,1.9497,4.207,1.2581,2.6831,3.337,1.4607,2.4579,3.3439,1.8446,1.9792,3.7204,1.9496,2.3466,3.9957,1.0922,2.2841,3.1853,2.5394,2.0453,5.149,1.2423,2.6843,3.3161,1.4557,2.4625,3.3376,0.30133,2.9454,3.349,0.67444,1.8118,2.9021,1.6969,2.0234,4.4285,1.4669,1.8571,4.1225,5.522,2.8993,1.8351,0.819,2.1195,2.784,1.0269,2.6083,4.065,2.1636,2.5261,3.6227,2.6293,2.4418,4.9775,2.807,2.7024,4.5253,2.1563,2.5264,4.5271,2.3492,2.1044,4.1985,0.7659,1.9952,3.3437,0.34092,2.4714,2.896,0.60341,2.1416,3.7121,2.3858,2.5032,4.4348,0.76239,2.4631,2.8635,1.2542,1.5862,4.2872,1.7012,2.0073,3.449,0.050572,2.6888,2.024,3.2344,2.9371,6.2247,0.75631,2.4587,2.8693,1.6611,1.6337,4.0851,1.4958,1.8669,3.182,0.7487,2.4621,2.8584,2.167,2.3465,4.9476,1.1509,2.5624,3.0779,1.0041,1.963,3.5038,0.52449,1.9796,3.257,1.7028,2.0075,3.447,2.3864,2.0836,4.1993,2.1481,2.1541,4.9832,1.2877,1.7449,3.8045,0.68409,1.978,2.7569,2.1481,2.1554,4.9866,2.3225,2.1896,4.469,1.5679,2.3016,3.9632,4.2234,3.0005,0.15374,1.9544,2.3432,3.9977,0.83624,1.9625,4.1188,1.1839,2.577,4.2186,3.5399,2.8506,6.1024,1.5337,1.6189,3.2879,0.31646,2.2988,3.3978,5.1343,2.9842,1.0736,0.57372,2.7809,3.2726,1.2738,2.508,2.983,2.1421,2.147,4.9752,1.4755,2.0908,4.3545,1.5257,1.624,3.2892,1.382,2.9278,3.3643,0.46149,2.4484,2.7328,0.92524,2.4528,3.0056,0.22243,2.6172,3.3392,1.6138,2.261,4.1286,0.45973,2.445,2.724,1.0468,2.1751,3.6555,1.3945,1.8043,4.2925,0.32289,2.3018,3.4026,1.5285,1.6165,3.2879,0.45712,2.4488,2.7302,3.0092,2.8697,5.9292,2.0012,2.5936,4.0331,1.9761,2.1804,4.5938,2.6203,2.7741,5.259,1.893,1.9603,3.8998,1.2949,1.8089,3.6908,2.1476,2.152,4.9825,1.3996,2.6518,4.0036,1.1072,3.0833,2.9479,4.6946,2.9804,0.4147,1.2622,2.6871,4.337,1.9048,1.9534,3.8852,1.2511,2.6373,2.8701,0.38454,2.7714,2.9808,0.93905,2.8923,4.1308,0.58385,2.5223,2.588,0.69402,1.9409,2.9822,0.54785,2.3987,3.4251,1.5665,2.1763,4.2336,1.2735,2.6899,4.3481,0.62568,1.9545,3.1054,1.9818,1.8915,3.8162,1.1937,1.8413,3.6498,2.4432,2.7193,4.9584,1.3754,1.5351,4.1681,1.3862,2.1561,3.1715,0.63338,1.9537,3.1057,0.46775,2.4482,2.5747,1.6151,2.2604,4.1315,2.4435,2.7176,4.964,0.63052,1.9565,3.1021,1.5661,1.7115,3.3289,0.51448,3.0412,2.4248,0.57979,2.5227,2.5875,2.9221,2.7441,5.905,6.193,2.8667,2.5628,4.6743,2.9841,0.3919,2.3393,2.404,3.7423,0.92104,3.0787,3.7088,1.4301,2.2647,3.5549,0.86778,3.0772,3.6558,2.3658,2.2373,3.805,1.1918,1.8395,3.6485,2.4261,2.3396,4.5631,2.5805,2.6329,4.0363,1.2671,2.6829,4.3415,1.8934,1.9538,3.8985,1.1353,2.7873,3.6611,2.4376,2.4823,5.0755,1.6059,2.6172,3.31,2.1676,2.1902,4.1043,0.78626,1.9045,3.3688,2.3408,2.4094,3.7455,2.3417,2.4105,3.7449,2.1886,1.8977,4.9098,2.6405,2.2888,4.7921,2.3637,2.2393,3.8061,1.3794,1.5868,3.8385,2.4449,2.7178,4.9649,1.8931,1.9548,3.8994,0.77736,2.1405,3.9701,1.6008,1.8269,4.2571,2.446,2.718,4.9675,1.4463,2.3881,3.2621,5.9309,2.8825,2.2121,1.8565,1.7989,3.4798,1.9709,3.0164,4.2922,2.0189,1.9518,4.7613,1.1076,2.58,4.2787,1.8898,2.1505,4.8643,1.6127,1.7942,3.9659,1.6051,2.0104,3.3859,1.0239,2.7676,3.5738,0.92103,2.8267,3.819,1.3862,2.3979,3.8472,1.1279,2.7888,3.6523,1.8363,1.7857,4.0911,0.91502,2.4602,2.7783,1.9125,2.0716,4.3885,0.090115,2.7941,2.8565,1.0828,1.958,4.2613,0.9525,2.3331,3.0181,1.637,2.3963,4.5876,0.97797,2.0836,2.8373,0.74187,1.998,2.7405,1.6117,1.7928,3.968,0.91823,2.4586,2.7822,1.3777,1.586,3.8371,2.7643,2.5881,4.6301,1.0853,2.1401,3.6246,1.1262,2.7922,3.6539,1.9759,1.9869,4.4788,1.0787,1.9617,4.2572,1.8537,1.6551,3.4515,1.6624,2.4864,3.9995,2.1151,2.5533,4.9205,2.1508,2.3821,3.7059,1.1939,3.0705,3.4245,1.4472,1.4698,4.2299,0.62247,2.9986,3.6193,1.6224,1.7447,4.2309,0.74334,1.9984,2.741,0.69243,2.1941,3.9459,2.6856,2.6023,4.5363,1.9965,2.1255,3.4381,1.3854,2.913,3.5367,1.0818,2.1982,3.6306,2.534,2.0031,4.475,1.4894,1.7339,4.422,1.6052,2.5897,3.5837,2.0619,2.294,4.0756,2.7014,2.3699,5.0009,0.45154,2.5303,2.9661
488.22,4.7816,260.67,8.4478,0.026588,1076.6,1.514,1.8321,4.1638,1.2766,2.2283,4.2267,1.2207,1.9813,4.2354,2.4918,2.6577,4.2993,0.85797,2.0542,4.23,1.5195,2.4965,3.8935,3.037,2.8395,5.8566,1.2167,1.9835,4.2367,1.7449,1.7021,4.2441,1.2798,2.2272,4.2355,0.85264,2.0619,4.2132,2.906,2.8348,4.5147,5.6739,2.7655,1.4258,1.2571,2.8213,3.6419,0.94749,2.1448,3.0171,2.4891,2.0612,4.4614,1.4703,1.6675,3.9079,0.65631,2.5801,3.8729,2.0093,1.7642,3.4793,1.0859,2.4361,3.0862,0.25512,2.2897,3.5388,1.7823,1.6757,3.3908,2.0951,2.8123,4.3977,1.7862,1.6792,3.394,1.4712,1.6637,3.9147,0.39274,2.1397,3.1907,2.0472,2.3655,4.4013,1.4742,1.6724,3.2012,0.82836,1.8879,2.7635,3.0301,2.8409,5.8425,2.0095,1.7698,3.4806,1.0106,2.7178,2.8873,1.8195,2.5868,4.0086,0.63493,1.8793,2.7953,1.0735,2.4406,3.0674,1.8995,1.9151,4.4982,1.6843,1.6822,3.8936,0.51041,2.2012,3.7465,1.192,2.4434,3.7778,0.9935,2.0723,3.2553,2.5611,2.308,4.3111,2.0796,2.1621,4.6924,1.4799,1.6703,3.9173,1.8944,1.9176,4.4962,1.4906,2.179,3.2642,0.81452,2.0939,3.171,2.422,2.3795,4.3275,1.9398,2.5994,4.8753,1.9227,2.5978,4.8582,2.5559,2.3092,4.3095,1.2862,2.4944,3.9366,1.6934,2.2363,4.3041,2.0396,3.0545,3.9781,0.51687,2.4696,2.4878,1.5385,2.0596,4.614,2.0714,3.0595,4.0132,0.37943,2.3802,3.4209,1.6618,1.621,4.0809,0.70558,2.0321,3.0867,2.2469,2.246,4.6549,0.65439,2.6083,3.0296,0.99432,2.077,3.2553,0.10492,2.8911,1.9442,1.9989,1.9916,4.5997,2.5541,2.3114,4.3108,2.6579,2.3299,5.1831,2.1041,2.8008,4.4047,1.0784,1.837,3.9554,4.6287,2.9837,0.51181,0.88034,2.1225,3.0436,1.3042,2.098,4.2767,1.0532,2.0917,3.4878,2.2796,2.7443,4.545,1.7044,1.5921,4.1543,1.1584,2.5539,3.0809,0.75591,2.4349,3.7627,2.0597,1.9182,3.7287,1.5937,2.4412,3.4668,1.6509,2.532,3.6066,1.6518,1.6643,4.2505,2.075,2.7961,4.5495,2.0903,2.795,4.5634,3.3828,2.7792,6.1446,1.7049,1.5895,4.1544,1.7129,2.0037,3.451,2.1138,2.9355,4.913,1.1611,2.5547,3.0922,2.629,2.4454,4.9785,1.0351,2.6084,4.0665,1.5956,2.4387,3.4675,1.1758,1.8081,4.096,1.6634,1.6163,4.0801,1.7092,2.0033,3.4462,0.27784,2.9433,3.3278,2.8823,2.2938,4.5813,1.3158,1.9493,4.2082,1.2655,2.6788,3.3495,1.4571,2.4577,3.3439,1.8468,1.975,3.7159,1.9482,2.3553,3.9978,1.0882,2.2853,3.1827,2.5394,2.0416,5.1486,1.2435,2.6806,3.3205,1.4496,2.4643,3.3346,0.30915,2.9441,3.3568,0.67228,1.8158,2.8935,1.6941,2.0203,4.4347,1.4663,1.8519,4.1251,5.5079,2.8977,1.8215,0.81909,2.1172,2.7877,1.0306,2.6113,4.0648,2.1705,2.5268,3.6233,2.6215,2.4393,4.9675,2.8118,2.6999,4.5289,2.1514,2.5235,4.5212,2.3494,2.1059,4.2017,0.76575,1.9997,3.3397,0.35248,2.4686,2.9076,0.60302,2.142,3.7114,2.386,2.497,4.4385,0.77267,2.4613,2.873,1.2532,1.5882,4.2871,1.7001,2.0085,3.4472,6.2134,2.6884,2.0081,3.2499,2.936,6.273,0.76596,2.4538,2.8836,1.6614,1.6333,4.0833,1.4969,1.8692,3.1812,0.75318,2.4598,2.8659,2.1658,2.3452,4.9411,1.1567,2.5623,3.0849,1.0055,1.9626,3.504,0.5195,1.9801,3.258,1.7045,2.0078,3.4438,2.3867,2.0862,4.2013,2.1524,2.1536,4.9854,1.2864,1.7387,3.8077,0.6852,1.9784,2.7584,2.1533,2.1566,4.9909,2.326,2.1935,4.4757,1.5687,2.3112,3.9637,4.2429,2.9941,0.1712,1.9538,2.3486,3.9989,0.83503,1.9609,4.1202,1.1922,2.5808,4.2228,3.5578,2.8474,6.1197,1.5347,1.6203,3.2889,0.3109,2.2994,3.3897,5.1345,2.9789,1.0736,0.58527,2.778,3.2859,1.2804,2.5093,2.988,2.1426,2.1427,4.9703,1.4765,2.0884,4.3584,1.5259,1.6253,3.2908,1.3846,2.9266,3.3652,0.47006,2.4466,2.7441,0.92319,2.452,3.0077,0.22364,2.6164,3.3389,1.6161,2.2654,4.1318,0.47045,2.4433,2.7335,1.0454,2.1801,3.652,1.3945,1.8016,4.2923,0.32179,2.3037,3.3988,1.5283,1.6157,3.2889,0.46551,2.4465,2.7418,3.0294,2.8694,5.9511,1.9962,2.5902,4.0306,1.9807,2.1824,4.5982,2.6091,2.7739,5.2468,1.8947,1.9566,3.8962,1.2954,1.8025,3.6926,2.151,2.15,4.9827,1.3972,2.6472,3.9986,1.1069,3.0814,2.946,4.6991,2.9763,0.41725,1.2678,2.689,4.3409,1.906,1.9499,3.8848,1.2566,2.6379,2.8761,0.40403,2.7694,3.0034,0.9427,2.8939,4.1336,0.59374,2.5231,2.5958,0.69179,1.9474,2.9752,0.54789,2.4006,3.4214,1.5662,2.1773,4.2383,1.2875,2.6927,4.3589,0.61926,1.9585,3.0967,1.9836,1.8872,3.8144,1.1937,1.8372,3.6531,2.4268,2.7156,4.9374,1.3744,1.5429,4.1645,1.3834,2.1561,3.1692,0.63086,1.9581,3.0975,0.47293,2.4465,2.5809,1.6166,2.2659,4.1351,2.4297,2.7136,4.9484,0.62676,1.9618,3.0922,1.5675,1.7101,3.3301,0.51424,3.0424,2.4216,0.58587,2.524,2.5925,2.9315,2.7447,5.9165,6.2103,2.869,2.5794,4.6737,2.9801,0.38901,2.3334,2.4004,3.7327,0.95727,3.0764,3.7485,1.4225,2.2732,3.5478,0.88361,3.0756,3.6753,2.3632,2.2368,3.8002,1.1913,1.8339,3.6513,2.4261,2.341,4.5656,2.5768,2.6376,4.0393,1.2721,2.682,4.3447,1.8946,1.947,3.8935,1.1427,2.7804,3.6683,2.4277,2.4796,5.0621,1.6054,2.6136,3.3184,2.1669,2.1928,4.1054,0.78548,1.9061,3.3662,2.3349,2.4093,3.7393,2.3355,2.4094,3.7364,2.1923,1.9051,4.9163,2.6369,2.2876,4.7918,2.3613,2.2393,3.8024,1.3784,1.5882,3.841,2.4296,2.7149,4.9468,1.8942,1.9489,3.8951,0.77641,2.1392,3.9773,1.6003,1.8218,4.2562,2.433,2.7144,4.9528,1.4466,2.3872,3.2627,5.9344,2.8842,2.2175,1.8549,1.7978,3.4837,1.9658,3.0102,4.285,2.0232,1.953,4.7684,1.1148,2.5809,4.2859,1.8958,2.1506,4.8666,1.6122,1.7871,3.9654,1.6053,2.0114,3.3804,1.0317,2.7606,3.5809,0.92788,2.8228,3.825,1.3922,2.4046,3.8501,1.1316,2.7823,3.6543,1.8345,1.7769,4.0895,0.9172,2.4594,2.7833,1.915,2.0744,4.3919,0.10456,2.7919,2.8712,1.0801,1.9563,4.2621,0.9566,2.3297,3.0261,1.6402,2.3968,4.5884,0.97703,2.0799,2.8406,0.74041,1.9962,2.7394,1.6106,1.7847,3.9677,0.9217,2.4573,2.789,1.3753,1.586,3.8377,2.7598,2.5867,4.6259,1.0855,2.1428,3.6226,1.1299,2.7864,3.6566,1.9759,1.9866,4.4806,1.0749,1.961,4.2564,1.8546,1.6575,3.4526,1.6627,2.4908,3.9998,2.1169,2.5519,4.9178,2.1469,2.3833,3.7016,1.2025,3.0677,3.4318,1.4482,1.472,4.2278,0.62536,2.9975,3.6236,1.6209,1.739,4.2289,0.74234,1.9982,2.7401,0.69471,2.1941,3.948,2.683,2.6015,4.5353,1.9997,2.1232,3.4363,1.389,2.9057,3.5382,1.0814,2.2033,3.6269,2.5359,2.0061,4.4796,1.488,1.7328,4.4217,1.6011,2.588,3.5845,2.0613,2.2994,4.0779,2.6948,2.3667,4.9935,0.45719,2.5294,2.9726
488.22,4.7816,260.67,8.4478,0.035451,1188.5,1.5104,1.8307,4.1599,1.276,2.2297,4.2282,1.2165,1.979,4.2364,2.4888,2.6558,4.2982,0.85817,2.051,4.2352,1.5192,2.502,3.8937,3.0482,2.8396,5.8713,1.2118,1.9815,4.2377,1.7438,1.6959,4.2426,1.2814,2.2276,4.2406,0.85038,2.0619,4.2122,2.9118,2.8346,4.5176,5.66,2.7605,1.4099,1.2644,2.8117,3.6491,0.94352,2.1444,3.0154,2.4914,2.0658,4.4683,1.4694,1.664,3.9092,0.65563,2.5846,3.8682,2.0112,1.7647,3.482,1.0905,2.4315,3.0984,0.24829,2.2913,3.529,1.7808,1.6764,3.3923,2.076,2.8065,4.3768,1.7861,1.6825,3.3956,1.4688,1.6591,3.9181,0.39178,2.1426,3.1854,2.0524,2.3701,4.4079,1.4739,1.6749,3.2018,0.8271,1.8932,2.7599,3.0381,2.8408,5.8524,2.0114,1.7727,3.483,1.0134,2.7185,2.8918,1.8202,2.5863,4.0117,0.63694,1.8835,2.7947,1.0735,2.4385,3.0728,1.9007,1.9157,4.5008,1.6863,1.6769,3.893,0.51047,2.201,3.7475,1.1906,2.4537,3.774,0.98787,2.0777,3.2487,2.5681,2.3126,4.3206,2.0851,2.168,4.6997,1.481,1.6691,3.92,1.8937,1.9181,4.4981,1.4914,2.1825,3.263,0.81054,2.1001,3.1634,2.424,2.3833,4.3334,1.9374,2.5985,4.8684,1.9155,2.5988,4.8478,2.5603,2.3146,4.3184,1.2857,2.4978,3.9321,1.6965,2.2383,4.3089,2.0292,3.0505,3.966,0.5238,2.4695,2.4941,1.5363,2.0617,4.6169,2.0687,3.0563,4.0086,0.37398,2.3829,3.4134,1.6618,1.6172,4.0803,0.70381,2.0366,3.0817,2.2486,2.2485,4.6583,0.66488,2.6037,3.0423,0.98921,2.083,3.2483,0.09462,2.8914,1.9319,2.0011,1.9949,4.6052,2.5581,2.3172,4.3194,2.6497,2.3262,5.1752,2.0876,2.7908,4.3875,1.0783,1.8313,3.9599,4.6322,2.9765,0.51387,0.87737,2.1242,3.0394,1.3041,2.0973,4.282,1.0516,2.0938,3.4852,2.2657,2.7395,4.5292,1.7058,1.5891,4.1527,1.1652,2.5521,3.0867,0.75852,2.439,3.76,2.0616,1.9136,3.7239,1.5905,2.4433,3.4652,1.6457,2.5365,3.6056,1.6486,1.6583,4.2506,2.0607,2.7894,4.5341,2.0803,2.7878,4.553,3.3939,2.7777,6.1552,1.707,1.5852,4.1526,1.7174,2.0032,3.4503,2.1068,2.9347,4.9073,1.168,2.5533,3.1013,2.6255,2.4449,4.9741,1.04,2.6103,4.0668,1.5926,2.4397,3.4664,1.1715,1.8123,4.093,1.6643,1.6105,4.0785,1.7124,2.0026,3.4435,0.2738,2.9415,3.325,2.887,2.2944,4.5892,1.3151,1.9489,4.2094,1.2724,2.6746,3.3614,1.4534,2.4576,3.3436,1.8489,1.9708,3.7113,1.9468,2.3641,3.9999,1.0842,2.2865,3.1802,2.5397,2.038,5.1482,1.2447,2.6771,3.3253,1.4434,2.4662,3.3315,0.31697,2.9428,3.3646,0.66999,1.8196,2.8847,1.6912,2.0172,4.4409,1.4656,1.8468,4.1275,5.4938,2.8959,1.8079,0.81913,2.115,2.7912,1.0342,2.6145,4.0644,2.1774,2.5274,3.6238,2.6138,2.4367,4.9575,2.8168,2.6973,4.5327,2.1468,2.5208,4.5154,2.3497,2.1076,4.2051,0.76555,2.0045,3.3355,0.36396,2.4657,2.9193,0.60267,2.1425,3.7107,2.3861,2.491,4.4423,0.78286,2.4593,2.8826,1.2523,1.5902,4.287,1.6987,2.0097,3.4453,6.163,2.6878,1.992,3.2653,2.9349,0.3174,0.77534,2.449,2.8979,1.6617,1.6327,4.0814,1.498,1.8715,3.1805,0.75738,2.4575,2.8732,2.1646,2.3438,4.9344,1.1622,2.5621,3.0916,1.007,1.9622,3.5041,0.51442,1.9806,3.2591,1.7064,2.0082,3.4406,2.3871,2.089,4.2033,2.1567,2.1531,4.9873,1.2851,1.7325,3.8109,0.68639,1.9786,2.7602,2.1584,2.1576,4.9951,2.3295,2.1974,4.4826,1.5693,2.321,3.9643,4.2609,2.9877,0.18738,1.9533,2.354,4.0002,0.8337,1.9593,4.1214,1.2006,2.5847,4.2273,3.5754,2.8441,6.1373,1.5356,1.622,3.2898,0.30527,2.3,3.3816,5.1346,2.9736,1.0737,0.59615,2.775,3.2984,1.2868,2.5105,2.9927,2.1433,2.1383,4.9656,1.4773,2.086,4.3623,1.526,1.6264,3.2924,1.3873,2.9254,3.3663,0.47869,2.4445,2.7557,0.9208,2.4513,3.0094,0.22489,2.6156,3.3386,1.6184,2.2699,4.135,0.48104,2.4415,2.743,1.0439,2.1854,3.6485,1.3944,1.799,4.2919,0.32085,2.3055,3.3952,1.5281,1.6149,3.2897,0.47388,2.4442,2.7535,3.0496,2.8689,5.9731,1.9914,2.5871,4.0282,1.9854,2.1844,4.6026,2.5973,2.7737,5.2341,1.8963,1.9527,3.8926,1.2959,1.7962,3.6946,2.1543,2.1479,4.9827,1.3948,2.6427,3.9937,1.1058,3.0796,2.9434,4.704,2.972,0.42028,1.2733,2.6908,4.3448,1.9072,1.9465,3.8845,1.2621,2.6387,2.8822,0.42317,2.7673,3.0257,0.94702,2.8953,4.1373,0.60393,2.5239,2.6038,0.68974,1.9537,2.9685,0.54785,2.4023,3.4179,1.5659,2.178,4.2432,1.3018,2.6952,4.3698,0.61284,1.9623,3.0878,1.9854,1.8829,3.8125,1.1937,1.833,3.6565,2.4106,2.7117,4.9163,1.3735,1.5504,4.161,1.3806,2.156,3.1671,0.62832,1.9626,3.0894,0.47799,2.4447,2.5871,1.6185,2.2716,4.1387,2.4163,2.7095,4.933,0.62285,1.9672,3.0822,1.5689,1.7086,3.3313,0.51402,3.0434,2.4184,0.592,2.5255,2.5974,2.9409,2.7455,5.9281,6.2597,2.8711,2.5964,4.6736,2.9761,0.38692,2.3274,2.397,3.7231,0.99075,3.0739,3.7853,1.4145,2.2819,3.5405,0.89823,3.074,3.6932,2.3606,2.2362,3.7954,1.1907,1.8282,3.6542,2.4264,2.3425,4.5679,2.5729,2.6423,4.0422,1.277,2.6813,4.3479,1.8956,1.9401,3.8887,1.1497,2.7736,3.6748,2.4181,2.4768,5.0489,1.6048,2.6102,3.327,2.1661,2.1955,4.1066,0.78459,1.9079,3.3636,2.3289,2.4093,3.733,2.3293,2.4083,3.7278,2.196,1.9125,4.9228,2.6336,2.2866,4.7916,2.3589,2.2395,3.7988,1.3774,1.5895,3.8435,2.4146,2.7117,4.9289,1.8952,1.9431,3.8908,0.77564,2.1379,3.9847,1.5997,1.8169,4.2555,2.4204,2.7109,4.9386,1.4468,2.3865,3.2632,5.9382,2.886,2.2232,1.8533,1.7967,3.4877,1.96,3.0039,4.277,2.0279,1.9543,4.7757,1.122,2.5816,4.2932,1.9017,2.1506,4.8685,1.6117,1.78,3.9649,1.6055,2.0125,3.3753,1.0387,2.7538,3.5869,0.93417,2.8191,3.8302,1.3982,2.4112,3.853,1.1348,2.776,3.6559,1.8326,1.7681,4.0879,0.9193,2.4587,2.788,1.9177,2.0774,4.3954,0.11894,2.7896,2.8856,1.0774,1.9545,4.2629,0.96048,2.3264,3.0337,1.6433,2.3974,4.5892,0.97607,2.0763,2.8439,0.739,1.9941,2.7387,1.6096,1.7767,3.9673,0.925,2.456,2.7955,1.3729,1.5859,3.8383,2.7556,2.5853,4.6222,1.0857,2.1457,3.6204,1.1335,2.7808,3.6591,1.9759,1.9862,4.4825,1.0713,1.9602,4.256,1.8555,1.6596,3.4537,1.663,2.4951,4.0001,2.1188,2.5504,4.9151,2.143,2.3846,3.6971,1.2114,3.0649,3.4394,1.449,1.4741,4.2257,0.62799,2.9966,3.6276,1.6195,1.7333,4.227,0.74144,1.9979,2.7395,0.69702,2.194,3.9501,2.6804,2.6006,4.5344,2.0029,2.121,3.4343,1.3927,2.8984,3.5401,1.0809,2.2084,3.6231,2.5379,2.0092,4.4844,1.4865,1.7318,4.4215,1.5969,2.5864,3.5853,2.0605,2.3048,4.0801,2.6888,2.3636,4.9864,0.46292,2.5288,2.9791
488.22,4.7816,260.67,8.4478,0.044314,1286.3,1.5068,1.8293,4.156,1.2754,2.2311,4.2297,1.2123,1.9767,4.2375,2.4858,2.6539,4.2972,0.85833,2.0479,4.2404,1.5189,2.5075,3.8939,3.0596,2.8396,5.8861,1.2068,1.9795,4.2386,1.7427,1.6896,4.2411,1.2831,2.2279,4.2459,0.84811,2.0619,4.2112,2.9175,2.8343,4.5205,5.6465,2.7553,1.3946,1.2713,2.802,3.6557,0.93957,2.1439,3.0139,2.4939,2.0705,4.4753,1.4684,1.6605,3.9106,0.65504,2.589,3.8634,2.0131,1.7652,3.4848,1.0948,2.427,3.1101,0.24133,2.2929,3.519,1.7794,1.677,3.3938,2.0578,2.8006,4.3566,1.7861,1.6856,3.3972,1.4663,1.6545,3.9216,0.39092,2.1454,3.1802,2.0576,2.3746,4.4144,1.4734,1.6773,3.2024,0.82589,1.8984,2.7566,3.0462,2.8406,5.8625,2.0134,1.7754,3.4855,1.0162,2.7193,2.8963,1.821,2.5861,4.0148,0.63896,1.8876,2.7942,1.0732,2.4364,3.078,1.9021,1.9163,4.5036,1.6882,1.6718,3.8925,0.51055,2.2007,3.7486,1.1892,2.464,3.7702,0.98217,2.083,3.242,2.5752,2.3171,4.3304,2.0907,2.1738,4.707,1.4824,1.6681,3.9227,1.8932,1.9187,4.5,1.4923,2.1859,3.2619,0.8063,2.1063,3.1556,2.4261,2.3872,4.3394,1.9351,2.5977,4.8613,1.9085,2.5997,4.8372,2.5651,2.32,4.3277,1.2852,2.5014,3.9276,1.6998,2.2405,4.3137,2.0189,3.0463,3.954,0.53077,2.4695,2.5003,1.534,2.0639,4.6197,2.0659,3.0531,4.0041,0.36852,2.3855,3.4059,1.6618,1.6136,4.0795,0.70193,2.0408,3.0767,2.2502,2.2507,4.6613,0.67495,2.599,3.0547,0.98394,2.089,3.2411,0.084671,2.8916,1.9199,2.0036,1.9983,4.6108,2.5624,2.3231,4.3283,2.6415,2.3223,5.167,2.0721,2.7805,4.3713,1.0783,1.8256,3.9644,4.6353,2.9692,0.51541,0.87438,2.1256,3.0354,1.3041,2.0965,4.2873,1.0499,2.096,3.4826,2.2522,2.7347,4.5139,1.7073,1.5862,4.151,1.1718,2.5502,3.0924,0.76107,2.4429,3.7572,2.0635,1.9091,3.719,1.5874,2.4453,3.4635,1.6406,2.5407,3.6048,1.6455,1.6525,4.2506,2.0469,2.7824,4.5191,2.0707,2.7805,4.5431,3.4045,2.776,6.1653,1.709,1.5807,4.1507,1.7219,2.0028,3.4498,2.1002,2.9338,4.9018,1.1746,2.5519,3.1101,2.6222,2.4443,4.9699,1.0449,2.6121,4.0668,1.5896,2.4408,3.4653,1.1671,1.8162,4.0902,1.6652,1.6049,4.0769,1.7155,2.002,3.4409,0.27023,2.9397,3.3226,2.8917,2.2949,4.597,1.3143,1.9486,4.2106,1.2789,2.6705,3.3729,1.4497,2.4576,3.3433,1.8511,1.9665,3.7066,1.9454,2.373,4.0022,1.0803,2.2876,3.1777,2.54,2.0344,5.1477,1.2459,2.6736,3.3301,1.4372,2.468,3.3284,0.32456,2.9414,3.3721,0.66758,1.8234,2.876,1.6882,2.0141,4.4473,1.465,1.8416,4.1299,5.48,2.8942,1.7944,0.81911,2.1128,2.7947,1.0378,2.6178,4.0639,2.1843,2.528,3.6241,2.6063,2.4341,4.9475,2.8222,2.6948,4.5369,2.1425,2.5183,4.5099,2.35,2.1096,4.2086,0.76532,2.0093,3.3311,0.37535,2.4627,2.931,0.6023,2.143,3.7099,2.3862,2.485,4.4462,0.79301,2.4573,2.8923,1.2514,1.5921,4.2869,1.6972,2.011,3.4434,6.2824,2.6871,1.9758,3.2804,2.9336,4.6311,0.78448,2.444,2.9123,1.662,1.6319,4.0797,1.4991,1.8738,3.1797,0.76135,2.4552,2.8802,2.1634,2.3424,4.9275,1.1674,2.5621,3.098,1.0084,1.9619,3.5041,0.50921,1.9809,3.2604,1.7081,2.0085,3.4373,2.3876,2.0918,4.2055,2.1609,2.1527,4.989,1.2837,1.7264,3.8142,0.68762,1.9789,2.762,2.1634,2.1586,4.9992,2.3332,2.2013,4.4896,1.57,2.3308,3.9649,4.2776,2.9812,0.20248,1.953,2.3594,4.0016,0.83225,1.9578,4.1224,1.2091,2.5886,4.2318,3.5927,2.8407,6.1517,1.5366,1.6237,3.2907,0.29956,2.3005,3.3733,5.1344,2.9682,1.0736,0.60641,2.772,3.3102,1.2931,2.5119,2.9972,2.1441,2.1339,4.9609,1.4781,2.0834,4.3662,1.5262,1.6275,3.2941,1.3901,2.9242,3.3675,0.48734,2.4423,2.7674,0.91818,2.4506,3.011,0.2261,2.6148,3.3383,1.6207,2.2744,4.1382,0.49151,2.4396,2.7525,1.0424,2.1908,3.6448,1.3943,1.7965,4.2914,0.32001,2.3072,3.3918,1.5279,1.614,3.2905,0.48218,2.4419,2.7652,3.07,2.8683,5.9953,1.9867,2.5842,4.0259,1.9899,2.1861,4.6068,2.5851,2.7734,5.2208,1.8979,1.9487,3.8889,1.2962,1.79,3.6966,2.1576,2.1457,4.9825,1.3926,2.6385,3.9887,1.1038,3.078,2.94,4.7091,2.9677,0.4236,1.2789,2.6925,4.3487,1.9085,1.9432,3.8843,1.2676,2.6395,2.8881,0.44206,2.765,3.0476,0.95181,2.8964,4.1414,0.61438,2.5248,2.6122,0.68776,1.96,2.962,0.54771,2.4037,3.4143,1.5656,2.1785,4.248,1.3161,2.6977,4.3808,0.60639,1.9659,3.0789,1.9871,1.8785,3.8108,1.1936,1.8288,3.6598,2.3945,2.7076,4.8953,1.3726,1.5578,4.1574,1.3778,2.1558,3.1651,0.62576,1.9671,3.0814,0.48292,2.4428,2.5932,1.6205,2.2775,4.1425,2.403,2.7052,4.9177,0.61877,1.9725,3.0721,1.5703,1.7072,3.3326,0.5133,3.0445,2.4148,0.59815,2.527,2.6024,2.9507,2.7461,5.9399,6.0677,2.8732,2.6135,4.6739,2.9721,0.38529,2.3216,2.3934,3.7135,1.0215,3.0713,3.8195,1.4061,2.2909,3.5329,0.91186,3.0724,3.7102,2.3578,2.2357,3.7904,1.1901,1.8225,3.6571,2.4267,2.3439,4.5702,2.5689,2.647,4.045,1.2819,2.6807,4.3511,1.8966,1.9331,3.8837,1.1563,2.7668,3.6809,2.4087,2.4739,5.0356,1.6043,2.6067,3.3359,2.1655,2.1983,4.1078,0.78363,1.9098,3.3609,2.3229,2.4093,3.7266,2.3229,2.4072,3.7192,2.1997,1.9197,4.9294,2.6305,2.2856,4.7914,2.3566,2.2398,3.7952,1.3765,1.5908,3.846,2.3999,2.7085,4.9111,1.8963,1.9372,3.8866,0.77498,2.1365,3.992,1.5991,1.8119,4.2548,2.4082,2.7073,4.9245,1.4469,2.3859,3.2637,5.9424,2.8879,2.2292,1.8519,1.7956,3.4916,1.9537,2.9975,4.2685,2.0327,1.9556,4.7829,1.1292,2.5824,4.3004,1.9075,2.1506,4.8703,1.6113,1.7728,3.9644,1.6056,2.0139,3.3703,1.045,2.7472,3.5923,0.9401,2.8155,3.8348,1.404,2.4177,3.8559,1.1378,2.7698,3.6571,1.8307,1.7593,4.0864,0.92131,2.4581,2.7924,1.9205,2.0805,4.3991,0.13315,2.787,2.8998,1.0749,1.9528,4.2638,0.96416,2.3232,3.0412,1.6464,2.3979,4.5901,0.97508,2.0727,2.847,0.73762,1.992,2.7382,1.6085,1.7686,3.967,0.92816,2.4548,2.8019,1.3704,1.5858,3.8389,2.7518,2.5839,4.6188,1.0857,2.1487,3.6181,1.1371,2.7753,3.6616,1.9759,1.9857,4.4844,1.0678,1.9592,4.2558,1.8566,1.6615,3.4548,1.6633,2.4993,4.0004,2.1208,2.549,4.9124,2.1391,2.386,3.6926,1.2203,3.0621,3.4469,1.4498,1.4761,4.2235,0.63027,2.9956,3.6312,1.6182,1.7275,4.2251,0.7406,1.9974,2.739,0.6993,2.1939,3.9523,2.6779,2.5995,4.5336,2.006,2.1188,3.4323,1.3964,2.8912,3.5421,1.0803,2.2137,3.6192,2.5399,2.0123,4.4892,1.4849,1.7307,4.4213,1.5928,2.5849,3.5862,2.0599,2.3103,4.0823,2.6832,2.3606,4.9797,0.46865,2.5282,2.9855
488.22,4.7816,260.67,8.4478,0.053177,1372.9,1.5033,1.8277,4.1523,1.275,2.2324,4.2313,1.2082,1.9743,4.2384,2.4828,2.6519,4.2963,0.85844,2.0449,4.2455,1.5186,2.5128,3.8941,3.071,2.8396,5.9009,1.2017,1.9775,4.2394,1.7417,1.6832,4.2395,1.2847,2.2282,4.2511,0.84589,2.0618,4.2103,2.9233,2.834,4.5236,5.6334,2.7501,1.3798,1.2778,2.7924,3.6621,0.93563,2.1434,3.0125,2.4965,2.0754,4.4826,1.4674,1.6572,3.912,0.65442,2.5933,3.8586,2.0151,1.7656,3.4875,1.0985,2.4225,3.1212,0.23419,2.2945,3.5088,1.7779,1.6775,3.3953,2.0403,2.7946,4.3371,1.7862,1.6887,3.3989,1.4638,1.6501,3.9251,0.39018,2.1482,3.1752,2.0628,2.3788,4.4207,1.473,1.6796,3.203,0.82476,1.9034,2.7535,3.0545,2.8404,5.8726,2.0156,1.778,3.488,1.019,2.7201,2.9007,1.8219,2.586,4.0181,0.64099,1.8917,2.7939,1.0728,2.4343,3.083,1.9035,1.9168,4.5065,1.6902,1.6669,3.8922,0.51069,2.2004,3.7497,1.1878,2.4741,3.7666,0.97642,2.0882,3.2354,2.5826,2.3216,4.3403,2.0964,2.1794,4.7142,1.4837,1.6672,3.9254,1.8929,1.9193,4.502,1.4934,2.1892,3.2607,0.80181,2.1125,3.1476,2.4283,2.3911,4.3455,1.9327,2.5971,4.8541,1.9016,2.6007,4.8266,2.5703,2.3255,4.3374,1.2846,2.5051,3.9232,1.7032,2.2426,4.3185,2.0086,3.042,3.9421,0.53779,2.4696,2.5065,1.5314,2.0662,4.6223,2.0631,3.0497,3.9996,0.36306,2.388,3.3986,1.6619,1.6101,4.0788,0.69996,2.045,3.0718,2.2516,2.2528,4.6641,0.68465,2.5942,3.067,0.97855,2.0949,3.2337,0.074938,2.8917,1.9083,2.0064,2.0018,4.6165,2.567,2.3291,4.3375,2.6333,2.3183,5.1586,2.0574,2.77,4.3561,1.0782,1.8198,3.969,4.6378,2.9617,0.51649,0.8714,2.1269,3.0315,1.3042,2.0958,4.2926,1.0482,2.0982,3.48,2.2392,2.7298,4.499,1.7088,1.5832,4.1494,1.1784,2.5483,3.0978,0.76359,2.4467,3.7545,2.0653,1.9047,3.7141,1.5841,2.4474,3.4617,1.6357,2.5449,3.6042,1.6424,1.6469,4.2506,2.0334,2.7752,4.5044,2.0614,2.7732,4.5335,3.4148,2.7743,6.1749,1.7112,1.5763,4.1487,1.7264,2.0023,3.4495,2.0938,2.933,4.8966,1.181,2.5506,3.1187,2.619,2.4437,4.9657,1.0497,2.6138,4.0666,1.5865,2.4419,3.4641,1.1627,1.8197,4.0875,1.6662,1.5995,4.0754,1.7187,2.0015,3.4384,0.26698,2.9379,3.3205,2.8964,2.2953,4.6047,1.3135,1.9484,4.2118,1.285,2.6665,3.3841,1.446,2.4576,3.3431,1.8532,1.9622,3.702,1.9442,2.3819,4.0046,1.0763,2.2886,3.1754,2.5403,2.0309,5.1473,1.2472,2.6701,3.3351,1.4311,2.4698,3.3254,0.3318,2.9399,3.3792,0.66506,1.8272,2.8674,1.6851,2.0109,4.4536,1.4644,1.8364,4.1322,5.4663,2.8924,1.7811,0.81902,2.1108,2.7979,1.0412,2.6209,4.0633,2.1912,2.5287,3.6243,2.5988,2.4313,4.9377,2.8279,2.6923,4.5414,2.1385,2.5159,4.5048,2.3505,2.1117,4.2122,0.76503,2.0144,3.3267,0.38666,2.4598,2.9427,0.60191,2.1433,3.7092,2.3863,2.4791,4.4503,0.80311,2.4553,2.9018,1.2504,1.5938,4.2866,1.6956,2.0123,3.4414,6.2327,2.6863,1.9594,3.2952,2.9322,1.1512,0.79331,2.4389,2.9263,1.6623,1.631,4.078,1.5003,1.8761,3.179,0.76506,2.4529,2.887,2.1621,2.341,4.9207,1.1725,2.5621,3.1042,1.0098,1.9615,3.5042,0.50382,1.9812,3.262,1.7099,2.0089,3.434,2.3881,2.0947,4.2079,2.1651,2.1522,4.9907,1.2822,1.7203,3.8174,0.68887,1.9791,2.7638,2.1685,2.1596,5.0033,2.337,2.2052,4.4966,1.5708,2.3405,3.9654,4.2933,2.9745,0.21668,1.9528,2.3649,4.003,0.83071,1.9564,4.1231,1.2178,2.5925,4.2365,3.6097,2.8374,6.1674,1.5376,1.6254,3.2916,0.29381,2.3009,3.365,5.1337,2.9626,1.0731,0.61608,2.7689,3.3213,1.2992,2.5132,3.0016,2.1451,2.1296,4.9564,1.4789,2.0805,4.3701,1.5264,1.6285,3.2958,1.3928,2.9231,3.3686,0.49601,2.4402,2.7791,0.91547,2.4499,3.0125,0.22724,2.614,3.3379,1.6232,2.2789,4.1414,0.50188,2.4378,2.762,1.0407,2.1965,3.641,1.3943,1.7942,4.2908,0.31925,2.3091,3.3886,1.5277,1.6131,3.2915,0.49041,2.4394,2.7769,3.0906,2.8677,6.0177,1.9821,2.5815,4.0237,1.9945,2.1877,4.6109,2.5723,2.7731,5.2069,1.8993,1.9447,3.8852,1.2965,1.7836,3.6985,2.1609,2.1434,4.9824,1.3904,2.6344,3.9837,1.1008,3.0765,2.9356,4.7144,2.9634,0.4271,1.2844,2.6942,4.3525,1.9098,1.9399,3.8841,1.2731,2.6402,2.8941,0.46066,2.7626,3.0692,0.95698,2.8974,4.1459,0.62507,2.5257,2.6207,0.68587,1.9661,2.9557,0.54752,2.4051,3.4108,1.5654,2.1789,4.253,1.3305,2.7002,4.3918,0.59995,1.9696,3.0699,1.9888,1.8742,3.8091,1.1935,1.8245,3.6631,2.3787,2.7034,4.8745,1.3715,1.565,4.1536,1.375,2.1556,3.1631,0.62321,1.9715,3.0735,0.48774,2.4409,2.5993,1.6228,2.2837,4.1464,2.39,2.7008,4.9025,0.61452,1.9778,3.0619,1.5717,1.7059,3.3339,0.51193,3.0455,2.4105,0.60426,2.5285,2.6073,2.9607,2.7465,5.952,6.0019,2.8752,2.6309,4.6746,2.968,0.38405,2.3159,2.3896,3.7036,1.0498,3.0685,3.8511,1.3974,2.3001,3.525,0.92482,3.0708,3.7265,2.3551,2.2352,3.7855,1.1895,1.8167,3.66,2.4271,2.3454,4.5724,2.5648,2.6517,4.0479,1.2869,2.68,4.3541,1.8976,1.9259,3.8788,1.1625,2.76,3.6866,2.3995,2.4709,5.0222,1.6038,2.6031,3.3448,2.1649,2.2011,4.1092,0.78259,1.9116,3.3581,2.3168,2.4093,3.7203,2.3166,2.4061,3.7106,2.2037,1.9267,4.936,2.6274,2.2846,4.7912,2.3542,2.24,3.7915,1.3756,1.5921,3.8486,2.3855,2.7053,4.8935,1.8973,1.9313,3.8823,0.77442,2.1351,3.9994,1.5986,1.807,4.2541,2.3961,2.7037,4.9105,1.4471,2.3853,3.2641,5.9468,2.8898,2.2356,1.8505,1.7945,3.4954,1.947,2.991,4.2595,2.0378,1.9569,4.7901,1.1361,2.5831,4.3075,1.9133,2.1506,4.872,1.611,1.7657,3.9639,1.6057,2.0153,3.3656,1.0509,2.7408,3.5972,0.94574,2.8119,3.8391,1.4097,2.424,3.8589,1.1406,2.7638,3.6581,1.8287,1.7504,4.0848,0.92325,2.4576,2.7967,1.9234,2.0837,4.4028,0.14724,2.7843,2.9137,1.0724,1.951,4.2646,0.96758,2.3201,3.0484,1.6495,2.3985,4.591,0.97401,2.0691,2.85,0.73626,1.9898,2.7377,1.6075,1.7606,3.9667,0.93117,2.4536,2.8082,1.368,1.5855,3.8396,2.7483,2.5824,4.6158,1.0858,2.1518,3.6157,1.1405,2.7699,3.6641,1.9761,1.9852,4.4864,1.0644,1.9581,4.2558,1.8577,1.6634,3.4559,1.6635,2.5033,4.0006,2.1229,2.5476,4.9097,2.1352,2.3874,3.6882,1.229,3.0593,3.4545,1.4507,1.478,4.2213,0.63215,2.9946,3.6344,1.617,1.7218,4.2234,0.7398,1.9968,2.7385,0.70157,2.1939,3.9544,2.6754,2.5985,4.5328,2.0091,2.1165,3.4304,1.4002,2.8841,3.5443,1.0794,2.2191,3.6151,2.5419,2.0155,4.4941,1.4833,1.7295,4.4213,1.5889,2.5835,3.5873,2.0593,2.3156,4.0847,2.678,2.3578,4.9733,0.47432,2.5276,2.9917
488.22,4.7816,260.67,8.4478,0.06204,1452.5,1.4997,1.8259,4.1485,1.2747,2.2337,4.2331,1.204,1.9718,4.2393,2.4798,2.6499,4.2955,0.85853,2.042,4.2504,1.5182,2.5179,3.8943,3.0827,2.8394,5.916,1.1966,1.9754,4.2402,1.7407,1.677,4.2378,1.2864,2.2286,4.2564,0.84375,2.0616,4.2095,2.9291,2.8336,4.5268,5.6206,2.7447,1.3653,1.2839,2.7828,3.6681,0.93171,2.1428,3.011,2.4994,2.0804,4.4901,1.4663,1.654,3.9134,0.65365,2.5976,3.8536,2.0171,1.7658,3.4903,1.1015,2.4183,3.1316,0.22681,2.296,3.4982,1.7764,1.6779,3.3968,2.0237,2.7886,4.3182,1.7864,1.6917,3.4005,1.4612,1.6458,3.9285,0.3896,2.1509,3.1705,2.0678,2.3827,4.4268,1.4725,1.6819,3.2036,0.82372,1.908,2.7508,3.0629,2.8402,5.8828,2.018,1.7805,3.4905,1.0218,2.721,2.905,1.8228,2.586,4.0214,0.64306,1.8957,2.7937,1.0721,2.4323,3.0878,1.905,1.9172,4.5093,1.6921,1.6623,3.892,0.5109,2.2001,3.7509,1.1866,2.4836,3.7635,0.9707,2.0931,3.2289,2.5902,2.3259,4.3505,2.102,2.1849,4.7214,1.4851,1.6666,3.928,1.8927,1.92,4.504,1.4946,2.1924,3.2596,0.7971,2.1187,3.1394,2.4305,2.3949,4.3515,1.9303,2.5965,4.8466,1.8948,2.6016,4.8161,2.5759,2.3309,4.3476,1.284,2.5087,3.9187,1.7067,2.2448,4.3234,1.9983,3.0375,3.9303,0.54492,2.4696,2.5129,1.5287,2.0686,4.6246,2.0601,3.0462,3.9949,0.35764,2.3904,3.3913,1.6619,1.6067,4.078,0.69798,2.0488,3.0671,2.2529,2.2546,4.6666,0.69393,2.5895,3.079,0.97309,2.1006,3.2264,0.065156,2.8917,1.8971,2.0093,2.0053,4.6223,2.5719,2.3353,4.3473,2.6251,2.3142,5.15,2.0436,2.7594,4.3418,1.0782,1.814,3.9735,4.64,2.9539,0.51722,0.86846,2.1281,3.0277,1.3044,2.095,4.2978,1.0464,2.1004,3.4773,2.2267,2.7249,4.4846,1.7105,1.5802,4.1477,1.1848,2.5464,3.1031,0.76604,2.4505,3.7518,2.0672,1.9002,3.7093,1.5808,2.4494,3.46,1.6309,2.5489,3.6041,1.6392,1.6414,4.2506,2.0204,2.7679,4.4899,2.0525,2.7657,4.5243,3.4248,2.7726,6.1842,1.7134,1.5719,4.1467,1.731,2.0019,3.4494,2.0879,2.9322,4.8918,1.187,2.5493,3.1268,2.616,2.4432,4.9617,1.0543,2.6154,4.0663,1.5834,2.443,3.463,1.1583,1.8228,4.085,1.6673,1.5942,4.0739,1.7219,2.0009,3.436,0.26389,2.9361,3.3185,2.9009,2.2955,4.6123,1.3126,1.9482,4.2129,1.2906,2.6627,3.3947,1.4424,2.4577,3.3429,1.8554,1.9577,3.6973,1.943,2.3907,4.0072,1.0725,2.2896,3.1731,2.5408,2.0275,5.1471,1.2485,2.6667,3.3403,1.4251,2.4716,3.3224,0.3387,2.9384,3.386,0.66244,1.8309,2.8588,1.6819,2.0077,4.46,1.4638,1.8313,4.1345,5.4527,2.8905,1.7678,0.81879,2.1089,2.8009,1.0444,2.6241,4.0626,2.1981,2.5293,3.6243,2.5915,2.4285,4.9279,2.8338,2.6897,4.5462,2.1347,2.5138,4.5,2.351,2.1139,4.2161,0.76464,2.0196,3.3221,0.3979,2.4568,2.9543,0.60148,2.1437,3.7085,2.3863,2.4734,4.4544,0.81313,2.4533,2.9114,1.2493,1.5955,4.2862,1.6938,2.0136,3.4393,6.1811,2.6852,1.9428,3.3097,2.9307,5.866,0.80168,2.4339,2.9401,1.6625,1.6301,4.0763,1.5015,1.8784,3.1783,0.76847,2.4507,2.8935,2.161,2.3396,4.9139,1.1774,2.5621,3.1104,1.0111,1.9611,3.5042,0.49822,1.9814,3.2638,1.7117,2.0092,3.4308,2.3886,2.0977,4.2103,2.1692,2.1516,4.9924,1.2807,1.7143,3.8205,0.69013,1.9792,2.7657,2.1734,2.1604,5.0071,2.3409,2.209,4.5037,1.5715,2.3501,3.9658,4.3083,2.9678,0.23018,1.9526,2.3705,4.0045,0.82909,1.9551,4.1235,1.2265,2.5964,4.241,3.6262,2.834,6.1924,1.5386,1.6272,3.2926,0.28806,2.3012,3.3567,5.1327,2.957,1.0722,0.62516,2.7659,3.3317,1.3052,2.5147,3.0058,2.1463,2.1255,4.9524,1.4795,2.0775,4.374,1.5266,1.6295,3.2975,1.3955,2.922,3.3696,0.5047,2.4381,2.7909,0.91281,2.4492,3.014,0.22832,2.6131,3.3374,1.6258,2.2835,4.1448,0.51213,2.4359,2.7714,1.0389,2.2026,3.6369,1.3943,1.7919,4.2901,0.31857,2.3108,3.3854,1.5275,1.6122,3.2924,0.49859,2.437,2.7885,3.1111,2.8668,6.04,1.9776,2.5789,4.0216,1.9992,2.1892,4.6149,2.5589,2.7727,5.1922,1.9008,1.9406,3.8815,1.2967,1.7773,3.7004,2.1642,2.1412,4.9823,1.3884,2.6306,3.9788,1.0972,3.0751,2.9307,4.7196,2.9591,0.43073,1.2899,2.6957,4.3563,1.9111,1.9365,3.884,1.2785,2.6411,2.9001,0.47885,2.7602,3.0903,0.96247,2.898,4.1508,0.63598,2.5266,2.6293,0.68411,1.972,2.9497,0.54737,2.4064,3.4074,1.5652,2.1791,4.2579,1.3448,2.7025,4.4027,0.59355,1.9731,3.0607,1.9904,1.8701,3.8076,1.1933,1.8202,3.6664,2.3633,2.6991,4.854,1.3704,1.572,4.1499,1.3722,2.1553,3.1612,0.62065,1.976,3.0656,0.49251,2.4392,2.6054,1.6254,2.2901,4.1505,2.3772,2.6963,4.8874,0.6101,1.983,3.0515,1.573,1.7044,3.3352,0.50996,3.0465,2.4056,0.61029,2.5302,2.6122,2.971,2.7468,5.9645,0.50218,2.8771,2.6487,4.6755,2.9639,0.38321,2.3102,2.3856,3.6937,1.0761,3.0655,3.8806,1.3884,2.3094,3.5169,0.93759,3.0691,3.7426,2.3524,2.2347,3.7806,1.1889,1.8107,3.6631,2.4275,2.3469,4.5744,2.5606,2.6562,4.0507,1.2919,2.6794,4.357,1.8985,1.9185,3.8739,1.1682,2.7534,3.6918,2.3905,2.4679,5.0089,1.6034,2.5996,3.3539,2.1644,2.2041,4.1108,0.78146,1.9135,3.3552,2.3107,2.4093,3.7138,2.3102,2.4048,3.7018,2.2078,1.9333,4.9425,2.6244,2.2836,4.791,2.3518,2.2404,3.7879,1.3745,1.5932,3.8512,2.3712,2.7018,4.8761,1.8983,1.9253,3.878,0.77396,2.1335,4.0069,1.598,1.8021,4.2533,2.3843,2.7,4.8966,1.4471,2.3849,3.2643,5.9516,2.8918,2.2424,1.8492,1.7935,3.4992,1.9399,2.9843,4.2501,2.043,1.9582,4.7974,1.1429,2.5837,4.3145,1.9189,2.1506,4.8735,1.6106,1.7587,3.9635,1.6059,2.0168,3.361,1.0563,2.7347,3.6015,0.95106,2.8085,3.8428,1.4153,2.43,3.8619,1.1433,2.758,3.6587,1.8268,1.7416,4.0833,0.92512,2.4571,2.8008,1.9264,2.0871,4.4067,0.16137,2.7815,2.9276,1.0699,1.9493,4.2654,0.97062,2.3171,3.0551,1.6527,2.399,4.5921,0.97281,2.0657,2.8527,0.73491,1.9876,2.7373,1.6064,1.7527,3.9665,0.93403,2.4525,2.8143,1.3655,1.5852,3.8403,2.745,2.5811,4.6131,1.0858,2.155,3.6133,1.1437,2.7646,3.6664,1.9761,1.9848,4.4884,1.0612,1.957,4.2558,1.8588,1.6651,3.457,1.6637,2.5071,4.0008,2.1248,2.5461,4.9071,2.1314,2.3889,3.6837,1.2378,3.0565,3.462,1.4516,1.4799,4.2191,0.63358,2.9936,3.6371,1.616,1.7162,4.2217,0.73905,1.9962,2.7381,0.70382,2.1939,3.9565,2.673,2.5974,4.532,2.0122,2.1142,3.4287,1.4039,2.8771,3.5467,1.0785,2.2247,3.6109,2.544,2.0187,4.4991,1.4818,1.7284,4.4213,1.5853,2.582,3.5885,2.0588,2.3209,4.0871,2.673,2.3551,4.9673,0.47992,2.5271,2.9979
488.22,4.7816,260.67,8.4478,0.070902,1525.6,1.4961,1.824,4.1448,1.2745,2.235,4.235,1.1997,1.9693,4.2401,2.4769,2.6479,4.2947,0.85859,2.0394,4.255,1.5179,2.5228,3.8945,3.0947,2.839,5.9313,1.1915,1.9732,4.241,1.7397,1.6707,4.2361,1.288,2.2288,4.2618,0.8417,2.0612,4.209,2.9351,2.8333,4.53,5.6082,2.7392,1.3512,1.2898,2.7734,3.6738,0.92779,2.1421,3.0096,2.5024,2.0856,4.4979,1.4653,1.651,3.9149,0.65271,2.6018,3.8485,2.0192,1.7661,3.4929,1.1037,2.4142,3.1413,0.21919,2.2976,3.4874,1.7748,1.6783,3.3983,2.0079,2.7825,4.3001,1.7865,1.6946,3.4021,1.4587,1.6416,3.9317,0.38915,2.1534,3.166,2.0726,2.3863,4.4327,1.472,1.6842,3.2043,0.82277,1.9123,2.7485,3.0714,2.84,5.8931,2.0204,1.7828,3.493,1.0244,2.7218,2.9094,1.8239,2.5862,4.0246,0.64515,1.8995,2.7937,1.0713,2.4302,3.0925,1.9065,1.9177,4.5122,1.6941,1.6579,3.892,0.5112,2.1998,3.7523,1.1855,2.4925,3.7609,0.96499,2.0979,3.2225,2.5981,2.3302,4.3609,2.1078,2.1902,4.7284,1.4866,1.6661,3.9307,1.8926,1.9208,4.5061,1.4959,2.1955,3.2585,0.79215,2.1248,3.1311,2.4326,2.3986,4.3576,1.9279,2.5959,4.8388,1.8883,2.6025,4.8055,2.5819,2.3364,4.3582,1.2834,2.5123,3.9142,1.7105,2.2469,4.3285,1.9881,3.0329,3.9187,0.55215,2.4697,2.5194,1.5259,2.0711,4.6267,2.0569,3.0426,3.99,0.35225,2.3926,3.3841,1.662,1.6036,4.0773,0.696,2.0525,3.0625,2.2541,2.2563,4.6689,0.70283,2.5847,3.0909,0.96759,2.1061,3.2193,0.056339,2.8917,1.8862,2.0125,2.0089,4.6284,2.5772,2.3416,4.3576,2.617,2.3102,5.1413,2.0306,2.7486,4.3283,1.0782,1.8081,3.9779,4.642,2.9459,0.51766,0.86556,2.1293,3.0242,1.3046,2.0941,4.303,1.0445,2.1025,3.4746,2.2147,2.72,4.4707,1.7122,1.5773,4.146,1.1912,2.5446,3.1082,0.76845,2.4541,3.7491,2.0691,1.8958,3.7046,1.5775,2.4515,3.4582,1.6264,2.5526,3.6044,1.6361,1.6362,4.2504,2.0077,2.7603,4.4758,2.0438,2.7582,4.5153,3.4345,2.7708,6.1931,1.7156,1.5676,4.1446,1.7357,2.0016,3.4494,2.0822,2.9314,4.8872,1.1927,2.5481,3.1345,2.6131,2.4428,4.9578,1.0587,2.6169,4.0657,1.5803,2.4441,3.462,1.1539,1.8255,4.0827,1.6684,1.5893,4.0723,1.7251,2.0003,3.4338,0.26097,2.9343,3.3165,2.9054,2.2957,4.6197,1.3117,1.948,4.2141,1.2959,2.659,3.405,1.439,2.4578,3.3429,1.8577,1.9533,3.6926,1.942,2.3994,4.0099,1.0687,2.2906,3.1709,2.5413,2.0242,5.1471,1.2499,2.6633,3.3456,1.419,2.4734,3.3196,0.34522,2.9369,3.3924,0.65972,1.8344,2.8502,1.6785,2.0046,4.4663,1.4632,1.8262,4.1367,5.4391,2.8884,1.7545,0.81846,2.1072,2.8036,1.0475,2.6273,4.0617,2.2049,2.5299,3.6242,2.5843,2.4257,4.9182,2.8399,2.6872,4.5512,2.1313,2.5118,4.4954,2.3515,2.1163,4.2201,0.76413,2.0251,3.3171,0.40907,2.4538,2.966,0.60102,2.1441,3.7078,2.3863,2.4678,4.4586,0.8231,2.4513,2.921,1.2482,1.5973,4.2857,1.6919,2.015,3.4372,6.1761,2.684,1.9261,3.324,2.9292,0.032771,0.80956,2.4289,2.9535,1.6627,1.6292,4.0745,1.5028,1.8807,3.1775,0.77158,2.4486,2.8996,2.16,2.3381,4.9073,1.1822,2.5622,3.1165,1.0125,1.9606,3.5042,0.49241,1.9815,3.2657,1.7136,2.0094,3.4275,2.3891,2.1009,4.2129,2.1733,2.151,4.9939,1.279,1.7085,3.8234,0.69139,1.9793,2.7676,2.1783,2.1612,5.0108,2.3447,2.2128,4.5107,1.5723,2.3596,3.9663,4.3225,2.9609,0.24304,1.9525,2.3763,4.0062,0.8274,1.954,4.1237,1.2353,2.6002,4.2456,3.6422,2.8307,6.203,1.5397,1.6291,3.2937,0.28233,2.3014,3.3484,5.1312,2.9512,1.0711,0.63368,2.7628,3.3415,1.3112,2.5161,3.0099,2.1477,2.1215,4.9487,1.4801,2.0743,4.3778,1.5268,1.6303,3.2991,1.3981,2.921,3.3706,0.51339,2.4359,2.8028,0.9102,2.4485,3.0157,0.22934,2.6122,3.3368,1.6283,2.2882,4.1482,0.52225,2.4341,2.7809,1.0368,2.2088,3.6325,1.3943,1.7897,4.2893,0.31798,2.3125,3.3824,1.5273,1.6111,3.2934,0.50669,2.4347,2.8001,3.1314,2.8659,6.0622,1.973,2.5765,4.0195,2.0038,2.1906,4.6189,2.5449,2.7721,5.1768,1.9022,1.9363,3.8777,1.2969,1.7711,3.7024,2.1674,2.139,4.9822,1.3865,2.627,3.974,1.0928,3.0738,2.9251,4.7248,2.9546,0.43445,1.2955,2.6972,4.3601,1.9125,1.9332,3.884,1.2838,2.642,2.9061,0.49658,2.7577,3.1109,0.9683,2.8984,4.156,0.64707,2.5276,2.6381,0.68248,1.9779,2.9439,0.54729,2.4075,3.4042,1.565,2.179,4.2629,1.3591,2.7047,4.4136,0.58725,1.9764,3.0514,1.992,1.8662,3.8061,1.1931,1.8159,3.6698,2.3483,2.6948,4.834,1.3692,1.5787,4.1461,1.3694,2.155,3.1592,0.6181,1.9804,3.0579,0.49721,2.4374,2.6115,1.6283,2.2967,4.1546,2.3646,2.6917,4.8724,0.60552,1.9882,3.041,1.5743,1.7029,3.3365,0.5073,3.0475,2.4,0.61622,2.532,2.6169,2.9815,2.747,5.9771,0.059338,2.8789,2.6669,4.6768,2.9599,0.38275,2.3045,2.3815,3.6836,1.1004,3.0623,3.9082,1.3791,2.3187,3.5087,0.95011,3.0674,3.7585,2.3497,2.2342,3.7756,1.1882,1.8045,3.6662,2.4278,2.3483,4.5763,2.5563,2.6606,4.0535,1.2968,2.6788,4.3598,1.8994,1.911,3.869,1.1737,2.7469,3.6967,2.3818,2.4648,4.9956,1.6031,2.5961,3.3632,2.1639,2.2072,4.1125,0.78023,1.9156,3.3523,2.3045,2.4093,3.7072,2.3038,2.4034,3.6929,2.2121,1.9396,4.9489,2.6214,2.2826,4.7908,2.3495,2.2409,3.7843,1.3735,1.5942,3.8537,2.3572,2.6983,4.8589,1.8994,1.9192,3.8738,0.77358,2.1318,4.0143,1.5974,1.7971,4.2524,2.3728,2.6963,4.8829,1.4471,2.3845,3.2645,5.9568,2.8938,2.2495,1.848,1.7924,3.5029,1.9326,2.9775,4.2405,2.0485,1.9595,4.8045,1.1494,2.5844,4.3213,1.9244,2.1506,4.875,1.6103,1.7518,3.9631,1.6062,2.0184,3.3566,1.0611,2.7288,3.6053,0.95608,2.8053,3.8461,1.4208,2.4358,3.865,1.1457,2.7524,3.6592,1.8249,1.7327,4.0819,0.92692,2.4566,2.8048,1.9296,2.0906,4.4106,0.17549,2.7785,2.9414,1.0674,1.9476,4.2662,0.97327,2.3144,3.0614,1.6559,2.3996,4.5932,0.97151,2.0626,2.8551,0.73359,1.9855,2.7369,1.6054,1.745,3.9662,0.93675,2.4513,2.8203,1.363,1.5848,3.8409,2.742,2.5798,4.6108,1.0858,2.1584,3.6108,1.1467,2.7596,3.6685,1.9762,1.9844,4.4904,1.058,1.9558,4.2558,1.86,1.6667,3.4581,1.664,2.5105,4.001,2.1268,2.5447,4.9044,2.1276,2.3904,3.6792,1.2465,3.0536,3.4695,1.4524,1.4818,4.2168,0.63453,2.9927,3.6394,1.6151,1.7105,4.22,0.73834,1.9955,2.7378,0.70605,2.1939,3.9586,2.6706,2.5963,4.5313,2.0153,2.112,3.427,1.4076,2.8701,3.5491,1.0774,2.2305,3.6065,2.5461,2.0219,4.5042,1.4803,1.7273,4.4213,1.5818,2.5805,3.5899,2.0583,2.3262,4.0896,2.6683,2.3526,4.9617,0.48543,2.5267,3.004
488.22,4.7816,260.67,8.4478,0.079765,1590.5,1.4925,1.822,4.1411,1.2745,2.2362,4.2369,1.1954,1.9667,4.2408,2.4739,2.646,4.294,0.85859,2.0368,4.2595,1.5175,2.5276,3.8946,3.1069,2.8386,5.9469,1.1864,1.9709,4.2416,1.7389,1.6645,4.2343,1.2895,2.2289,4.2672,0.83968,2.0609,4.2086,2.941,2.833,4.5334,5.596,2.7336,1.3376,1.2953,2.7641,3.6791,0.92387,2.1415,3.0082,2.5056,2.0909,4.5059,1.4644,1.6481,3.9164,0.65166,2.6059,3.8432,2.0212,1.7664,3.4956,1.1053,2.4102,3.1503,0.21137,2.2991,3.4762,1.7733,1.6785,3.3998,1.9927,2.7764,4.2826,1.7868,1.6975,3.4037,1.4562,1.6375,3.9349,0.38879,2.156,3.1616,2.0773,2.3897,4.4384,1.4715,1.6865,3.2049,0.82187,1.9166,2.7462,3.0801,2.8397,5.9035,2.023,1.7851,3.4957,1.027,2.7226,2.9137,1.825,2.5864,4.0279,0.64725,1.9032,2.7938,1.0703,2.4282,3.097,1.908,1.9182,4.5153,1.6959,1.6537,3.8922,0.5116,2.1994,3.7537,1.1847,2.501,3.7586,0.95927,2.1026,3.2162,2.6062,2.3344,4.3714,2.1135,2.1952,4.7354,1.4881,1.6658,3.9334,1.8926,1.9216,4.5082,1.4973,2.1986,3.2574,0.78695,2.1309,3.1226,2.4349,2.4024,4.3636,1.9255,2.5956,4.8307,1.882,2.6033,4.7947,2.5882,2.3419,4.3694,1.2828,2.516,3.9097,1.7145,2.2492,4.3336,1.978,3.0282,3.9071,0.55943,2.47,2.526,1.5228,2.0738,4.6286,2.0535,3.0388,3.985,0.34688,2.3948,3.377,1.6621,1.6005,4.0766,0.69397,2.056,3.058,2.2551,2.2578,4.6708,0.71147,2.5798,3.1027,0.96207,2.1114,3.2121,0.048953,2.8916,1.8759,2.016,2.0126,4.6345,2.5829,2.3478,4.3682,2.6089,2.306,5.1325,2.0183,2.7375,4.3156,1.0783,1.8023,3.9824,4.6437,2.9377,0.5179,0.86265,2.1304,3.0208,1.3049,2.0933,4.3082,1.0427,2.1048,3.4719,2.203,2.7151,4.4571,1.714,1.5743,4.1443,1.1973,2.5428,3.1131,0.77086,2.4576,3.7464,2.071,1.8914,3.6999,1.5741,2.4535,3.4564,1.6222,2.5561,3.6051,1.633,1.6311,4.2502,1.9953,2.7524,4.462,2.0354,2.7505,4.5066,3.4439,2.769,6.2017,1.718,1.5633,4.1424,1.7403,2.0012,3.4496,2.0767,2.9306,4.8828,1.1982,2.5469,3.142,2.6103,2.4423,4.954,1.0629,2.6182,4.065,1.5771,2.4452,3.461,1.1495,1.8282,4.0805,1.6695,1.5846,4.0708,1.7285,1.9997,3.4316,0.25831,2.9326,3.3148,2.9098,2.2957,4.627,1.3107,1.9478,4.2152,1.3009,2.6554,3.4149,1.4356,2.4579,3.3429,1.8601,1.9488,3.688,1.9411,2.4079,4.0128,1.065,2.2914,3.1687,2.5418,2.0209,5.1471,1.2512,2.66,3.3509,1.4131,2.4751,3.3167,0.35131,2.9354,3.3983,0.65695,1.8379,2.8417,1.675,2.0013,4.4725,1.4627,1.8213,4.1387,5.4258,2.8864,1.7414,0.81806,2.1056,2.8063,1.0504,2.6305,4.0608,2.2118,2.5304,3.6239,2.5771,2.4228,4.9086,2.8462,2.6845,4.5563,2.1282,2.51,4.4911,2.3521,2.119,4.2244,0.76353,2.0308,3.312,0.42015,2.4508,2.9777,0.60053,2.1444,3.707,2.3863,2.4624,4.4628,0.83304,2.4493,2.9306,1.2471,1.599,4.2852,1.69,2.0163,3.4349,6.1629,2.6826,1.9093,3.3378,2.9277,0.13992,0.81699,2.4239,2.9665,1.6629,1.6283,4.0729,1.504,1.8831,3.1769,0.77446,2.4464,2.9053,2.159,2.3367,4.9006,1.1868,2.5623,3.1224,1.0138,1.9602,3.5042,0.48639,1.9816,3.2681,1.7153,2.0096,3.4242,2.3897,2.1042,4.2158,2.1775,2.1504,4.9953,1.2774,1.703,3.8264,0.69265,1.9794,2.7695,2.1831,2.1619,5.0144,2.3486,2.2165,4.5177,1.573,2.3689,3.9667,4.3358,2.9539,0.25523,1.9524,2.382,4.0079,0.82565,1.9531,4.1236,1.2442,2.6041,4.2502,3.6577,2.8274,6.1873,1.5407,1.631,3.2947,0.27665,2.3015,3.3402,5.1295,2.9453,1.0699,0.64165,2.7596,3.3506,1.317,2.5175,3.0139,2.1493,2.1176,4.9451,1.4806,2.0708,4.3817,1.5269,1.631,3.3008,1.4007,2.92,3.3715,0.52204,2.4336,2.8147,0.90755,2.4478,3.0173,0.23029,2.6114,3.3361,1.6309,2.2928,4.1517,0.53225,2.4324,2.7903,1.0347,2.2154,3.628,1.3943,1.7875,4.2885,0.31748,2.3141,3.3795,1.5271,1.6101,3.2944,0.51464,2.4324,2.8115,3.1516,2.8649,6.0842,1.9685,2.574,4.0176,2.0083,2.1919,4.6228,2.5304,2.7714,5.1608,1.9035,1.9319,3.874,1.297,1.7651,3.7043,2.1707,2.1366,4.9821,1.3848,2.6235,3.9694,1.0877,3.0727,2.9189,4.73,2.95,0.43828,1.3011,2.6987,4.364,1.9138,1.93,3.8842,1.289,2.6429,2.9119,0.51382,2.7551,3.131,0.97447,2.8987,4.1615,0.65832,2.5286,2.647,0.68095,1.9836,2.9385,0.54725,2.4085,3.4011,1.5649,2.1787,4.2678,1.3732,2.7067,4.4246,0.58104,1.9796,3.0422,1.9935,1.8623,3.8049,1.1929,1.8115,3.6733,2.3339,2.6904,4.8144,1.3679,1.5852,4.1422,1.3666,2.1546,3.1574,0.6156,1.9849,3.0503,0.50178,2.4357,2.6175,1.6315,2.3036,4.1588,2.3523,2.687,4.8577,0.60082,1.9933,3.0306,1.5755,1.7015,3.3378,0.50378,3.0484,2.3937,0.622,2.5338,2.6214,2.9924,2.7471,5.9899,2.0453,2.8805,2.6852,4.6782,2.9558,0.38259,2.2991,2.3772,3.6736,1.1224,3.0589,3.9335,1.3698,2.328,3.5005,0.96195,3.0658,3.7737,2.347,2.2337,3.7706,1.1875,1.7983,3.6694,2.4281,2.3496,4.578,2.5518,2.6648,4.0562,1.3016,2.6782,4.3626,1.9002,1.9034,3.8642,1.1789,2.7405,3.7013,2.3733,2.4617,4.9824,1.6028,2.5925,3.3726,2.1635,2.2105,4.1142,0.77894,1.9176,3.3492,2.2984,2.4093,3.7005,2.2976,2.4021,3.684,2.2164,1.9455,4.9552,2.6185,2.2816,4.7906,2.3471,2.2414,3.7808,1.3726,1.5951,3.8564,2.3437,2.6947,4.842,1.9005,1.9133,3.8696,0.77326,2.1302,4.0219,1.5969,1.7922,4.2516,2.3615,2.6926,4.8695,1.4471,2.3842,3.2646,5.9622,2.8957,2.2568,1.8469,1.7913,3.5065,1.9253,2.9706,4.2309,2.054,1.9607,4.8115,1.1559,2.5851,4.328,1.9298,2.1507,4.8764,1.61,1.745,3.9628,1.6065,2.0199,3.3524,1.0656,2.7231,3.6087,0.96084,2.8022,3.849,1.4261,2.4413,3.8683,1.148,2.7469,3.6595,1.8231,1.724,4.0806,0.92864,2.4562,2.8086,1.933,2.0942,4.4146,0.18942,2.7753,2.9549,1.0649,1.9459,4.2669,0.97567,2.3118,3.0673,1.6592,2.4002,4.5943,0.97016,2.0595,2.8573,0.7323,1.9835,2.7366,1.6044,1.7374,3.966,0.93934,2.4502,2.8261,1.3604,1.5843,3.8415,2.7392,2.5786,4.6089,1.0857,2.1619,3.6081,1.1497,2.7547,3.6704,1.9763,1.9839,4.4922,1.0548,1.9547,4.2559,1.8612,1.6682,3.4592,1.6642,2.5139,4.0012,2.1287,2.5434,4.9018,2.1239,2.3918,3.6747,1.2551,3.0507,3.4768,1.4532,1.4835,4.2146,0.63501,2.9919,3.6411,1.6144,1.705,4.2183,0.73764,1.9949,2.7375,0.70823,2.1939,3.9606,2.6683,2.5953,4.5308,2.0185,2.1097,3.4255,1.4113,2.8631,3.5517,1.0762,2.2363,3.602,2.5482,2.0252,4.5094,1.4788,1.7261,4.4214,1.5784,2.5791,3.5914,2.0578,2.3313,4.0922,2.664,2.3502,4.9564,0.49081,2.5264,3.0098
488.22,4.7816,260.67,8.4478,0.088628,1649.2,1.4889,1.82,4.1375,1.2745,2.2373,4.2389,1.1911,1.964,4.2413,2.4709,2.6441,4.2933,0.85856,2.0345,4.2639,1.5171,2.5322,3.8948,3.1193,2.8381,5.9625,1.1812,1.9685,4.2423,1.738,1.6583,4.2325,1.2911,2.229,4.2727,0.83775,2.0605,4.2083,2.9471,2.8326,4.537,5.5842,2.728,1.3243,1.3006,2.755,3.6842,0.91993,2.1409,3.0067,2.5089,2.0963,4.5142,1.4633,1.6454,3.9178,0.65046,2.61,3.8378,2.0232,1.7666,3.4983,1.1064,2.4065,3.1587,0.20334,2.3005,3.4648,1.7718,1.6787,3.4014,1.9782,2.7703,4.266,1.787,1.7002,3.4053,1.4537,1.6336,3.9381,0.38855,2.1585,3.1575,2.0818,2.3928,4.4439,1.4708,1.6887,3.2054,0.82105,1.9206,2.7443,3.0889,2.8394,5.9141,2.0258,1.7873,3.4984,1.0295,2.7234,2.9178,1.8262,2.5867,4.0313,0.64937,1.9068,2.794,1.0692,2.4261,3.1014,1.9096,1.9186,4.5184,1.6979,1.6497,3.8924,0.5121,2.1989,3.7554,1.1842,2.5091,3.7569,0.95362,2.1072,3.21,2.6145,2.3385,4.382,2.1191,2.2002,4.7423,1.4897,1.6656,3.9361,1.8928,1.9225,4.5104,1.4988,2.2016,3.2564,0.78157,2.1369,3.114,2.4371,2.406,4.3696,1.923,2.5952,4.8223,1.8759,2.6041,4.784,2.5951,2.3474,4.381,1.2822,2.5195,3.9053,1.7185,2.2514,4.3386,1.9682,3.0235,3.8959,0.56675,2.4702,2.5325,1.5197,2.0765,4.6303,2.0499,3.0348,3.98,0.34161,2.3968,3.3701,1.6621,1.5976,4.0759,0.69196,2.0593,3.0536,2.256,2.2592,4.6724,0.71969,2.575,3.1141,0.95663,2.1165,3.205,0.036943,2.8914,1.866,2.0197,2.0162,4.6408,2.589,2.3541,4.3794,2.601,2.3018,5.1236,2.0069,2.7263,4.3037,1.0783,1.7965,3.9868,4.6452,2.9294,0.51795,0.85978,2.1313,3.0176,1.3052,2.0926,4.3134,1.0408,2.107,3.4692,2.1917,2.7103,4.444,1.7158,1.5714,4.1427,1.2034,2.541,3.1177,0.77322,2.461,3.7437,2.073,1.8871,3.6955,1.5705,2.4556,3.4545,1.6183,2.5593,3.6061,1.6299,1.6262,4.25,1.9834,2.7445,4.4485,2.0274,2.7427,4.4981,3.453,2.7672,6.2099,1.7204,1.5592,4.1402,1.745,2.0008,3.4498,2.0716,2.9299,4.8786,1.2033,2.5458,3.1492,2.6077,2.4419,4.9504,1.067,2.6193,4.0641,1.5739,2.4464,3.46,1.1452,1.8305,4.0784,1.6706,1.5801,4.0693,1.7317,1.999,3.4296,0.25575,2.9308,3.3132,2.9141,2.2955,4.6341,1.3098,1.9477,4.2164,1.3054,2.652,3.4243,1.4323,2.4581,3.3429,1.8625,1.9442,3.6835,1.9404,2.4163,4.0159,1.0613,2.2923,3.1666,2.5424,2.0177,5.1471,1.2526,2.6568,3.3563,1.4072,2.4767,3.3139,0.3569,2.9338,3.4038,0.65415,1.8411,2.8333,1.6714,1.9981,4.4787,1.4622,1.8163,4.1407,5.4126,2.8843,1.7285,0.81759,2.1042,2.8087,1.0532,2.6336,4.0597,2.2186,2.5309,3.6233,2.57,2.4199,4.899,2.8528,2.6818,4.5617,2.1252,2.5084,4.4872,2.3527,2.1219,4.2287,0.76278,2.0366,3.3066,0.43109,2.4479,2.9892,0.60002,2.1448,3.7063,2.3863,2.4573,4.4671,0.84289,2.4473,2.9401,1.246,1.6008,4.2845,1.6879,2.0176,3.4327,6.1451,2.6811,1.8926,3.3513,2.926,0.05362,0.82381,2.419,2.9789,1.6632,1.6273,4.0713,1.5052,1.8854,3.1762,0.77705,2.4444,2.9108,2.1581,2.3353,4.8942,1.1913,2.5625,3.1281,1.015,1.9598,3.5043,0.48017,1.9817,3.2706,1.7171,2.0096,3.4208,2.3904,2.1077,4.2187,2.1816,2.1497,4.9968,1.2756,1.6975,3.8292,0.69392,1.9795,2.7714,2.1879,2.1624,5.0178,2.3524,2.2201,4.5246,1.5737,2.3779,3.967,4.3485,2.9469,0.26696,1.9524,2.3879,4.0097,0.82387,1.9523,4.1234,1.2531,2.6079,4.2547,3.6728,2.824,0.008775,1.5418,1.633,3.2956,0.27104,2.3017,3.332,5.1276,2.9393,1.0686,0.64904,2.7566,3.359,1.3227,2.5189,3.0178,2.151,2.1139,4.9418,1.4811,2.0672,4.3855,1.5271,1.6317,3.3024,1.4032,2.919,3.3722,0.53065,2.4313,2.8265,0.90489,2.4472,3.0189,0.23115,2.6105,3.3353,1.6336,2.2975,4.1551,0.54208,2.4307,2.7996,1.0325,2.2221,3.6231,1.3943,1.7854,4.2876,0.31704,2.3157,3.3768,1.5269,1.609,3.2953,0.52246,2.4301,2.8228,3.1714,2.8637,6.106,1.964,2.5717,4.0156,2.0128,2.1931,4.6267,2.5153,2.7706,5.1441,1.9048,1.9274,3.8702,1.297,1.759,3.7061,2.1739,2.1343,4.9821,1.383,2.6202,3.9648,1.0818,3.0718,2.9119,4.7353,2.9453,0.44222,1.3066,2.7001,4.3677,1.9151,1.9269,3.8844,1.2942,2.6439,2.9178,0.53049,2.7525,3.1503,0.98089,2.8987,4.1673,0.66973,2.5297,2.656,0.67955,1.9892,2.9333,0.54724,2.4094,3.3981,1.5649,2.1783,4.2726,1.3873,2.7087,4.4355,0.57494,1.9826,3.0331,1.995,1.8584,3.8037,1.1926,1.8072,3.6767,2.3201,2.6861,4.7955,1.3666,1.5916,4.1383,1.3638,2.1542,3.1557,0.61311,1.9893,3.0428,0.50628,2.4341,2.6234,1.635,2.3108,4.1631,2.3404,2.6823,4.8432,0.59602,1.9983,3.02,1.5766,1.7001,3.3391,0.49934,3.0495,2.3863,0.62765,2.5358,2.6257,3.0035,2.7469,6.003,5.8842,2.8819,2.7037,4.6798,2.9517,0.38278,2.2939,2.3728,3.6634,1.1426,3.0553,3.9569,1.3603,2.3371,3.4923,0.97334,3.0641,3.7885,2.3444,2.2333,3.7656,1.1866,1.792,3.6727,2.4284,2.351,4.5797,2.5473,2.6689,4.0588,1.3064,2.6777,4.3653,1.9011,1.8957,3.8594,1.1839,2.7341,3.7055,2.3652,2.4585,4.9693,1.6025,2.5889,3.3821,2.1631,2.2139,4.1162,0.77756,1.9197,3.3461,2.2923,2.4091,3.6938,2.2914,2.4007,3.675,2.2208,1.9512,4.9613,2.6156,2.2805,4.7902,2.3448,2.242,3.7774,1.3717,1.5958,3.8591,2.3303,2.6909,4.8254,1.9016,1.9072,3.8654,0.77303,2.1284,4.0294,1.5964,1.7872,4.2507,2.3506,2.6888,4.8563,1.4471,2.384,3.2647,5.9679,2.8977,2.2646,1.8459,1.7903,3.51,1.9179,2.9637,4.2212,2.0597,1.9619,4.8185,1.1621,2.5856,4.3346,1.9351,2.1507,4.8777,1.6098,1.7383,3.9624,1.6069,2.0215,3.3484,1.0698,2.7174,3.6117,0.96542,2.7992,3.8516,1.4314,2.4466,3.8716,1.1502,2.7414,3.6596,1.8212,1.7154,4.0792,0.93031,2.4558,2.8124,1.9364,2.0978,4.4187,0.20329,2.7719,2.9683,1.0624,1.9443,4.2676,0.97779,2.3093,3.0729,1.6625,2.4009,4.5954,0.96875,2.0565,2.8592,0.73103,1.9815,2.7363,1.6035,1.7299,3.9658,0.94182,2.4492,2.8318,1.3579,1.5837,3.8422,2.7368,2.5774,4.6072,1.0855,2.1655,3.6054,1.1526,2.7501,3.6723,1.9763,1.9835,4.4942,1.0518,1.9535,4.2559,1.8623,1.6696,3.4603,1.6644,2.5171,4.0014,2.1306,2.5421,4.8991,2.1202,2.3934,3.6702,1.2635,3.0478,3.4841,1.4541,1.4853,4.2123,0.63511,2.991,3.6424,1.6138,1.6995,4.2167,0.73698,1.9942,2.7373,0.71039,2.1941,3.9626,2.666,2.5942,4.5303,2.0217,2.1075,3.4241,1.4149,2.8562,3.5544,1.0749,2.2421,3.5974,2.5505,2.0284,4.5146,1.4773,1.725,4.4215,1.5752,2.5778,3.5931,2.0575,2.3363,4.0949,2.66,2.3479,4.9515,0.49606,2.5261,3.0155
488.22,4.7816,260.67,8.4478,0.097491,1702.7,1.4854,1.8178,4.134,1.2748,2.2384,4.241,1.1868,1.9613,4.2417,2.4679,2.6421,4.2926,0.85849,2.0323,4.268,1.5168,2.5366,3.8949,3.1318,2.8374,5.9783,1.1762,1.966,4.2429,1.7373,1.6523,4.2305,1.2926,2.2291,4.2783,0.83589,2.0601,4.2082,2.9531,2.8323,4.5406,5.5728,2.7222,1.3115,1.3055,2.7461,3.6889,0.91598,2.1402,3.0053,2.5125,2.1018,4.5227,1.4623,1.643,3.9192,0.64908,2.6139,3.8322,2.0253,1.7667,3.501,1.1067,2.403,3.1662,0.19507,2.3019,3.4531,1.7702,1.6787,3.403,1.9647,2.7642,4.2501,1.7872,1.7028,3.4069,1.4513,1.6298,3.9411,0.38842,2.1608,3.1536,2.0861,2.3958,4.4492,1.4701,1.6908,3.206,0.8203,1.9243,2.7427,3.0978,2.8391,5.9248,2.0287,1.7894,3.501,1.0319,2.7243,2.9219,1.8275,2.587,4.0349,0.65152,1.9104,2.7943,1.0679,2.424,3.1057,1.9113,1.9189,4.5214,1.6998,1.646,3.8928,0.51272,2.1983,3.7572,1.1839,2.5166,3.7557,0.94803,2.1116,3.2039,2.6229,2.3425,4.3928,2.1246,2.2049,4.749,1.4914,1.6656,3.9388,1.8932,1.9235,4.5127,1.5004,2.2045,3.2554,0.77603,2.1428,3.1054,2.4392,2.4094,4.3755,1.9204,2.5949,4.8136,1.87,2.6048,4.7732,2.6024,2.3528,4.393,1.2816,2.523,3.9009,1.7227,2.2536,4.3438,1.9586,3.0187,3.8849,0.57411,2.4704,2.5391,1.5164,2.0794,4.6318,2.0463,3.0307,3.975,0.33641,2.3987,3.3633,1.6622,1.5949,4.0752,0.68997,2.0624,3.0495,2.2568,2.2603,4.6738,0.7275,2.5702,3.1254,0.95129,2.1214,3.1982,0.037517,2.8911,1.8566,2.0236,2.0199,4.6473,2.5955,2.3604,4.391,2.5933,2.2976,5.1147,1.9961,2.715,4.2926,1.0784,1.7908,3.9911,4.6466,2.921,0.51786,0.85695,2.1322,3.0145,1.3056,2.0917,4.3184,1.0388,2.1092,3.4666,2.1807,2.7054,4.4313,1.7178,1.5684,4.141,1.2093,2.5393,3.1221,0.77556,2.4643,3.7411,2.0749,1.8829,3.6911,1.5669,2.4577,3.4525,1.6147,2.5624,3.6076,1.6269,1.6215,4.2498,1.9718,2.7364,4.4352,2.0197,2.7348,4.49,3.462,2.7653,6.2179,1.7228,1.5552,4.1379,1.7497,2.0005,3.4502,2.0667,2.9292,4.8746,1.2083,2.5448,3.156,2.6053,2.4416,4.947,1.071,2.6203,4.0631,1.5707,2.4476,3.459,1.1409,1.8325,4.0764,1.6719,1.5758,4.0679,1.735,1.9984,3.4277,0.25329,2.929,3.3115,2.9184,2.2953,4.6411,1.3088,1.9476,4.2176,1.3097,2.6488,3.4334,1.4292,2.4583,3.343,1.8649,1.9395,3.6789,1.9397,2.4245,4.0192,1.0577,2.2931,3.1646,2.543,2.0146,5.1473,1.2539,2.6538,3.3618,1.4013,2.4784,3.3112,0.36202,2.9322,3.4088,0.65135,1.8442,2.8251,1.6676,1.9948,4.4846,1.4618,1.8114,4.1426,5.3997,2.8821,1.7158,0.81703,2.1028,2.811,1.0558,2.6367,4.0585,2.2253,2.5313,3.6226,2.563,2.4169,4.8895,2.8595,2.6792,4.5673,2.1225,2.507,4.4835,2.3534,2.1249,4.2333,0.76186,2.0425,3.301,0.4419,2.445,3.0005,0.59947,2.1451,3.7056,2.3862,2.4523,4.4714,0.85264,2.4452,2.9496,1.2448,1.6027,4.2836,1.6856,2.0189,3.4305,6.1304,2.6794,1.876,3.3644,2.9243,0.092986,0.82999,2.4143,2.9906,1.6635,1.6263,4.0697,1.5065,1.8877,3.1755,0.77935,2.4425,2.9159,2.1574,2.334,4.8878,1.1956,2.5627,3.1338,1.0163,1.9593,3.5044,0.47373,1.9818,3.2734,1.7189,2.0096,3.4174,2.3911,2.1113,4.2219,2.1858,2.149,4.9982,1.2737,1.6922,3.8318,0.69517,1.9795,2.7733,2.1926,2.1629,5.0212,2.3562,2.2235,4.5314,1.5744,2.3866,3.9673,4.3606,2.9399,0.27826,1.9524,2.3938,4.0116,0.82208,1.9516,4.123,1.262,2.6116,4.2592,3.6875,2.8207,6.1025,1.543,1.6351,3.2966,0.26554,2.3017,3.3239,5.1256,2.9333,1.0673,0.65587,2.7536,3.3668,1.3283,2.5203,3.0215,2.1528,2.1102,4.9388,1.4815,2.0633,4.3892,1.5273,1.6321,3.304,1.4055,2.918,3.3728,0.53921,2.4291,2.8383,0.90227,2.4466,3.0205,0.23195,2.6096,3.3344,1.6363,2.3023,4.1587,0.55174,2.429,2.8087,1.03,2.2292,3.618,1.3943,1.7835,4.2865,0.31668,2.3173,3.3741,1.5267,1.608,3.2963,0.53014,2.4278,2.834,3.1909,2.8624,6.1273,1.9595,2.5694,4.0137,2.0172,2.1942,4.6305,2.4996,2.7697,5.1268,1.9061,1.9227,3.8665,1.297,1.7531,3.7079,2.1772,2.132,4.9821,1.3814,2.6171,3.9603,1.0753,3.0709,2.9043,4.7406,2.9405,0.44624,1.3122,2.7015,4.3714,1.9164,1.9238,3.8847,1.2992,2.6449,2.9237,0.54653,2.7499,3.169,0.98756,2.8984,4.1734,0.68125,2.5309,2.6652,0.67829,1.9946,2.9285,0.54731,2.4101,3.3953,1.5649,2.1776,4.2775,1.4012,2.7105,4.4462,0.56896,1.9854,3.024,1.9964,1.8548,3.8026,1.1922,1.8028,3.6801,2.3069,2.6819,4.7774,1.3653,1.5977,4.1343,1.361,2.1536,3.154,0.61064,1.9937,3.0354,0.51069,2.4324,2.6293,1.6389,2.3182,4.1673,2.3287,2.6776,4.8289,0.59117,2.0031,3.0096,1.5777,1.6987,3.3404,0.49408,3.0505,2.3782,0.63312,2.5378,2.6297,3.0148,2.7466,6.0163,0.15049,2.8833,2.7224,4.6817,2.9476,0.38333,2.2888,2.3682,3.6534,1.1609,3.0516,3.9784,1.3509,2.3459,3.4842,0.98426,3.0624,3.8027,2.3418,2.2329,3.7607,1.1859,1.7855,3.6761,2.4287,2.3524,4.5813,2.5425,2.6729,4.0613,1.3112,2.6771,4.3679,1.9019,1.8879,3.8548,1.1884,2.7278,3.7094,2.3574,2.4554,4.9564,1.6022,2.5854,3.3916,2.1628,2.2175,4.1184,0.77609,1.9219,3.3428,2.2863,2.409,3.687,2.2851,2.3991,3.6661,2.2253,1.9564,4.9671,2.6127,2.2795,4.7899,2.3425,2.2426,3.774,1.3707,1.5965,3.8617,2.3173,2.6872,4.809,1.9027,1.9012,3.8613,0.77287,2.1264,4.0369,1.5958,1.7823,4.2498,2.3399,2.6851,4.8433,1.4471,2.3839,3.2648,5.9739,2.8996,2.2726,1.845,1.7893,3.5134,1.9106,2.9567,4.2115,2.0655,1.963,4.8253,1.1681,2.5862,4.3409,1.9402,2.1508,4.8789,1.6095,1.7317,3.9621,1.6075,2.0232,3.3446,1.0736,2.7121,3.6145,0.96975,2.7963,3.8537,1.4367,2.4514,3.8749,1.1522,2.7363,3.6596,1.8193,1.707,4.0779,0.93191,2.4555,2.816,1.94,2.1017,4.4229,0.21706,2.7685,2.9816,1.0601,1.9427,4.2683,0.97961,2.307,3.0781,1.6658,2.4015,4.5967,0.96727,2.0538,2.861,0.72979,1.9796,2.7359,1.6025,1.7228,3.9657,0.94418,2.4482,2.8374,1.3553,1.583,3.8429,2.7346,2.5763,4.6058,1.0853,2.1691,3.6026,1.1553,2.7456,3.6741,1.9763,1.9832,4.4962,1.0488,1.9524,4.256,1.8635,1.671,3.4614,1.6646,2.5201,4.0015,2.1325,2.5407,4.8965,2.1165,2.395,3.6658,1.2719,3.0448,3.4914,1.4549,1.487,4.2099,0.63478,2.9902,3.6433,1.6133,1.6942,4.2151,0.73634,1.9935,2.737,0.71252,2.1943,3.9645,2.6637,2.5932,4.5298,2.025,2.1052,3.4227,1.4185,2.8495,3.5572,1.0733,2.248,3.5927,2.5528,2.0317,4.52,1.4758,1.724,4.4217,1.5723,2.5765,3.5949,2.0572,2.3413,4.0977,2.6562,2.3458,4.9468,0.50118,2.5258,3.0211
488.22,4.7816,260.67,8.4478,0.10635,1749.0,1.4819,1.8154,4.1306,1.2753,2.2395,4.2432,1.1823,1.9585,4.2421,2.4648,2.64,4.2919,0.85838,2.0303,4.2721,1.5163,2.541,3.895,3.1445,2.8364,5.9942,1.171,1.9636,4.2434,1.7366,1.6461,4.2285,1.2941,2.2291,4.2838,0.83409,2.0596,4.2081,2.9593,2.8319,4.5444,5.5617,2.7164,1.2991,1.3101,2.7375,3.6932,0.91199,2.1396,3.0037,2.5164,2.1074,4.5313,1.4612,1.6407,3.9208,0.64757,2.6177,3.8264,2.0275,1.7668,3.5036,1.1065,2.3996,3.1732,0.18655,2.3032,3.4411,1.7686,1.6786,3.4045,1.9518,2.7581,4.2348,1.7876,1.7053,3.4085,1.4489,1.6261,3.944,0.38832,2.1632,3.1497,2.0905,2.3986,4.4544,1.4695,1.693,3.2065,0.81956,1.9282,2.7411,3.1071,2.8387,5.9358,2.0316,1.7916,3.5039,1.0343,2.7252,2.9258,1.8288,2.5874,4.0384,0.65367,1.9138,2.7948,1.0665,2.4219,3.1099,1.9131,1.9193,4.5247,1.7016,1.6424,3.8933,0.51348,2.1978,3.759,1.1839,2.524,3.7549,0.94242,2.116,3.1978,2.6314,2.3464,4.4036,2.1301,2.2096,4.7558,1.4931,1.6659,3.9415,1.8938,1.9247,4.5151,1.5022,2.2074,3.2543,0.77025,2.1488,3.0964,2.4414,2.4129,4.3814,1.9178,2.5948,4.8046,1.8643,2.6055,4.7624,2.6102,2.3583,4.4057,1.281,2.5265,3.8965,1.7273,2.2558,4.349,1.9492,3.0137,3.8741,0.58148,2.4708,2.5456,1.5129,2.0824,4.633,2.0426,3.0264,3.9698,0.33123,2.4004,3.3566,1.6623,1.5921,4.0745,0.68798,2.0654,3.0454,2.2574,2.2614,4.675,0.7351,2.5653,3.1367,0.94598,2.1261,3.1914,0.01148,2.8908,1.8475,2.0277,2.0238,4.6537,2.6024,2.3666,4.403,2.5855,2.2934,5.1057,1.9858,2.7035,4.2821,1.0785,1.785,3.9955,4.6479,2.9125,0.5177,0.8541,2.133,3.0115,1.3062,2.0909,4.3235,1.0367,2.1114,3.4638,2.17,2.7004,4.4187,1.7198,1.5653,4.1393,1.2151,2.5375,3.1266,0.77794,2.4673,3.7385,2.0768,1.8788,3.6866,1.5631,2.4599,3.4504,1.6114,2.5652,3.6095,1.6238,1.617,4.2496,1.9605,2.728,4.4222,2.0122,2.7268,4.482,3.4707,2.7634,6.2256,1.7253,1.5511,4.1355,1.7544,2.0001,3.4508,2.062,2.9284,4.8707,1.213,2.5437,3.1626,2.6029,2.4412,4.9435,1.0749,2.6213,4.062,1.5674,2.4488,3.4581,1.1365,1.8344,4.0746,1.6731,1.5718,4.0665,1.7384,1.9978,3.4259,0.25114,2.9272,3.3101,2.9226,2.2949,4.6479,1.3076,1.9474,4.2187,1.3138,2.6458,3.4423,1.4261,2.4585,3.3432,1.8674,1.9348,3.6744,1.9392,2.4325,4.0225,1.0541,2.2938,3.1627,2.5435,2.0115,5.1474,1.2552,2.6508,3.3674,1.3956,2.48,3.3084,0.3667,2.9306,3.4132,0.64855,1.8473,2.817,1.6637,1.9915,4.4904,1.4613,1.8067,4.1444,5.3871,2.8799,1.7034,0.81644,2.1016,2.8131,1.0582,2.6398,4.0573,2.2318,2.5318,3.6215,2.5561,2.414,4.8802,2.8664,2.6764,4.573,2.1201,2.5056,4.4799,2.3542,2.1282,4.2381,0.76081,2.0487,3.295,0.45259,2.4422,3.0119,0.5989,2.1452,3.7049,2.3862,2.4475,4.4758,0.8624,2.443,2.9591,1.2436,1.6045,4.2826,1.6833,2.0202,3.4282,6.115,2.6775,1.8595,3.377,2.9226,0.10059,0.83573,2.4095,3.0018,1.6636,1.6254,4.0681,1.5077,1.89,3.1748,0.78147,2.4406,2.9207,2.1568,2.3326,4.8815,1.1997,2.5629,3.1394,1.0175,1.9588,3.5044,0.46712,1.9819,3.2763,1.7207,2.0096,3.414,2.3918,2.1149,4.2252,2.1899,2.1482,4.9995,1.2719,1.6872,3.8343,0.69641,1.9795,2.7752,2.1972,2.1634,5.0244,2.36,2.227,4.5382,1.575,2.3951,3.9675,4.372,2.9327,0.28906,1.9525,2.3996,4.0135,0.82026,1.951,4.1225,1.271,2.6154,4.2637,3.7017,2.8175,0.28093,1.5442,1.6373,3.2977,0.26014,2.3016,3.316,5.1234,2.9271,1.0662,0.66222,2.7506,3.3741,1.3337,2.5218,3.0252,2.1548,2.1066,4.9359,1.4819,2.0592,4.393,1.5274,1.6326,3.3057,1.4078,2.9172,3.3733,0.54773,2.4269,2.8502,0.89963,2.4459,3.0222,0.23268,2.6088,3.3334,1.6392,2.3069,4.1623,0.56123,2.4273,2.8178,1.0273,2.2364,3.6128,1.3943,1.7816,4.2853,0.3164,2.3188,3.3717,1.5266,1.6069,3.2973,0.53762,2.4257,2.8449,3.21,2.8611,6.1485,1.955,2.5671,4.0118,2.0217,2.1952,4.6342,2.4835,2.7685,5.1089,1.9072,1.918,3.8628,1.2969,1.7474,3.7097,2.1804,2.1297,4.982,1.38,2.6142,3.9561,1.0683,3.0702,2.8962,4.7458,2.9356,0.45035,1.3179,2.7027,4.3754,1.9176,1.9209,3.8851,1.3042,2.6459,2.9294,0.56193,2.7473,3.1869,0.99449,2.898,4.1797,0.69278,2.5322,2.6742,0.67714,1.9999,2.9239,0.54743,2.4108,3.3925,1.5649,2.1766,4.2823,1.4149,2.7123,4.4569,0.56313,1.9882,3.0149,1.9977,1.8514,3.8016,1.1918,1.7984,3.6835,2.2944,2.6778,4.7601,1.3637,1.6036,4.1303,1.3582,2.1531,3.1523,0.60826,1.9982,3.0281,0.51497,2.4307,2.6351,1.6429,2.3256,4.1717,2.3174,2.6727,4.8151,0.58632,2.0077,2.9993,1.5788,1.6974,3.3419,0.48787,3.0515,2.3691,0.63836,2.54,2.6336,3.0262,2.7462,6.0296,0.032802,2.8845,2.7408,4.6838,2.9435,0.38414,2.284,2.3635,3.6436,1.1772,3.0478,3.9978,1.3416,2.3543,3.4763,0.99423,3.0608,3.816,2.3393,2.2324,3.7559,1.185,1.7791,3.6795,2.4291,2.3536,4.5828,2.5376,2.6765,4.0637,1.3158,2.6766,4.3702,1.9027,1.8801,3.8502,1.1928,2.7217,3.7131,2.3499,2.4523,4.9439,1.6018,2.582,3.4011,2.1626,2.2211,4.1206,0.77458,1.9241,3.3395,2.2803,2.4089,3.6803,2.2789,2.3976,3.6573,2.2297,1.9613,4.9728,2.6099,2.2785,4.7896,2.3402,2.2434,3.7707,1.3698,1.5971,3.8643,2.3048,2.6833,4.7933,1.9038,1.8953,3.8572,0.77274,2.1246,4.0443,1.5953,1.7776,4.2488,2.3295,2.6815,4.8307,1.447,2.3838,3.2649,5.9801,2.9015,2.2806,1.8443,1.7882,3.5167,1.9036,2.9498,4.2022,2.0713,1.9641,4.8319,1.1738,2.5867,4.3471,1.9453,2.151,4.88,1.6094,1.7254,3.9617,1.608,2.0249,3.3409,1.0771,2.707,3.6169,0.97381,2.7935,3.8556,1.4418,2.4561,3.8784,1.154,2.7312,3.6594,1.8175,1.6988,4.0768,0.93344,2.4553,2.8193,1.9436,2.1055,4.427,0.23045,2.765,2.9944,1.0578,1.9412,4.2689,0.98122,2.3049,3.083,1.6692,2.4023,4.5979,0.96577,2.051,2.8627,0.72858,1.9779,2.7356,1.6015,1.7159,3.9656,0.9464,2.4472,2.8427,1.3528,1.5823,3.8435,2.7326,2.5752,4.6047,1.085,2.1729,3.5998,1.158,2.7412,3.6759,1.9763,1.9828,4.498,1.046,1.9512,4.2561,1.8647,1.6724,3.4625,1.6647,2.523,4.0016,2.1344,2.5395,4.894,2.1129,2.3965,3.6614,1.2801,3.0419,3.4984,1.4557,1.4886,4.2077,0.63392,2.9895,3.6436,1.6128,1.689,4.2134,0.73571,1.9929,2.7368,0.71459,2.1944,3.9663,2.6615,2.5921,4.5293,2.0281,2.103,3.4214,1.4219,2.8427,3.56,1.0717,2.2541,3.5879,2.5551,2.0351,4.5254,1.4743,1.7229,4.422,1.5695,2.5753,3.5967,2.057,2.3461,4.1005,2.6527,2.3437,4.9425,0.50615,2.5257,3.0264
488.22,4.7816,260.67,8.4478,0.11522,1788.3,1.4783,1.8129,4.1273,1.2757,2.2404,4.2456,1.1779,1.9558,4.2423,2.4616,2.638,4.2911,0.85823,2.0283,4.2761,1.5158,2.5452,3.895,3.1572,2.8355,6.01,1.1658,1.9611,4.2439,1.736,1.6401,4.2264,1.2957,2.229,4.2894,0.83238,2.0593,4.2083,2.9655,2.8315,4.5481,5.5509,2.7104,1.2871,1.3145,2.7291,3.6973,0.90795,2.1389,3.002,2.5203,2.1131,4.5402,1.4602,1.6387,3.9224,0.646,2.6213,3.8205,2.0296,1.767,3.5062,1.106,2.3965,3.18,0.17784,2.3045,3.4288,1.767,1.6784,3.4061,1.9395,2.7521,4.2202,1.7878,1.7079,3.4101,1.4465,1.6225,3.947,0.38826,2.1656,3.1459,2.0947,2.4013,4.4595,1.4687,1.6952,3.207,0.81883,1.9319,2.7396,3.1167,2.8383,5.9471,2.0349,1.7938,3.5069,1.0363,2.7263,2.9295,1.8303,2.5879,4.0421,0.65583,1.9172,2.7952,1.065,2.4199,3.1142,1.9149,1.9196,4.528,1.7035,1.6389,3.8939,0.5144,2.1972,3.7612,1.184,2.5313,3.7543,0.93676,2.1203,3.1918,2.6401,2.3503,4.4144,2.1356,2.2144,4.7626,1.4949,1.6662,3.9441,1.8945,1.9258,4.5176,1.5042,2.2102,3.2533,0.76425,2.1548,3.0873,2.4436,2.4164,4.3874,1.9151,2.5947,4.7951,1.8587,2.6062,4.7515,2.6186,2.3638,4.4189,1.2805,2.5301,3.8923,1.732,2.2581,4.3543,1.9399,3.0087,3.8636,0.58877,2.4713,2.552,1.5092,2.0856,4.6341,2.0389,3.022,3.9647,0.3261,2.402,3.3501,1.6624,1.5894,4.0738,0.68597,2.0682,3.0414,2.2579,2.2624,4.6758,0.74252,2.5604,3.148,0.94073,2.1308,3.1846,6.2297,2.8905,1.8389,2.0321,2.0275,4.6604,2.6097,2.3728,4.4154,2.5779,2.2891,5.0967,1.9762,2.6918,4.2722,1.0786,1.7791,3.9998,4.649,2.9038,0.51743,0.8513,2.1338,3.0087,1.3069,2.09,4.3285,1.0347,2.1136,3.4611,2.1595,2.6954,4.4062,1.7219,1.562,4.1375,1.2209,2.5357,3.1308,0.78032,2.4703,3.736,2.0788,1.8746,3.6823,1.5592,2.462,3.4481,1.6084,2.5678,3.6117,1.6207,1.6125,4.2494,1.9496,2.7192,4.4094,2.005,2.7185,4.4744,3.4792,2.7614,6.233,1.7279,1.547,4.133,1.7591,1.9997,3.4515,2.0573,2.9276,4.8669,1.2176,2.5427,3.1689,2.6005,2.4409,4.9401,1.0786,2.622,4.0608,1.5642,2.4499,3.4571,1.1322,1.8361,4.0727,1.6744,1.5678,4.065,1.7417,1.997,3.4243,0.24923,2.9255,3.3089,2.9269,2.2946,4.6546,1.3065,1.9473,4.2198,1.3176,2.643,3.451,1.4231,2.4588,3.3435,1.87,1.93,3.6699,1.9389,2.4404,4.026,1.0506,2.2945,3.1608,2.5439,2.0085,5.1474,1.2566,2.648,3.3728,1.3899,2.4815,3.3057,0.37083,2.929,3.4172,0.64576,1.8503,2.8091,1.6597,1.9883,4.4959,1.4609,1.8021,4.1461,5.3751,2.8777,1.6915,0.81582,2.1005,2.8151,1.0606,2.6429,4.0561,2.2374,2.5322,3.6196,2.5494,2.411,4.8711,2.8735,2.6737,4.5788,2.1177,2.5043,4.4766,2.3551,2.1315,4.2429,0.7596,2.0549,3.2889,0.46308,2.4394,3.023,0.59832,2.1454,3.7042,2.386,2.4428,4.4802,0.87213,2.4409,2.9685,1.2423,1.6064,4.2816,1.681,2.0214,3.4259,6.1001,2.6755,1.8434,3.389,2.9208,0.11396,0.84102,2.4048,3.0126,1.6639,1.6246,4.0667,1.509,1.8922,3.1742,0.78339,2.4387,2.9253,2.1562,2.3312,4.8754,1.2038,2.5632,3.1449,1.0187,1.9583,3.5046,0.46034,1.9818,3.2796,1.7224,2.0095,3.4106,2.3927,2.1186,4.2286,2.194,2.1473,5.0008,1.2698,1.6822,3.8368,0.69764,1.9795,2.7771,2.2017,2.1637,5.0275,2.3636,2.2304,4.5449,1.5756,2.4033,3.9678,4.383,2.9256,0.29949,1.9527,2.4056,4.0155,0.81842,1.9505,4.1217,1.2801,2.6191,4.2682,3.7154,2.8144,1.6895,1.5454,1.6396,3.2987,0.2548,2.3015,3.3082,5.1213,2.9208,1.0652,0.66804,2.7476,3.3807,1.339,2.5232,3.0288,2.1568,2.1031,4.9332,1.4821,2.0548,4.3967,1.5275,1.6329,3.3073,1.41,2.9164,3.3738,0.55619,2.4247,2.862,0.89688,2.4453,3.0237,0.23327,2.6079,3.3324,1.642,2.3114,4.1659,0.57051,2.4257,2.8267,1.0245,2.2437,3.6073,1.3943,1.7798,4.284,0.31615,2.3203,3.3694,1.5264,1.6058,3.2982,0.54489,2.4237,2.8555,3.2288,2.8596,6.1698,1.9504,2.5649,4.0098,2.0261,2.1961,4.6379,2.4669,2.7673,5.0904,1.9083,1.9131,3.8592,1.2967,1.7419,3.7115,2.1835,2.1273,4.982,1.3786,2.6113,3.952,1.0604,3.0696,2.8874,4.7511,2.9307,0.45455,1.3237,2.7041,4.3795,1.9188,1.918,3.8856,1.309,2.647,2.9351,0.57672,2.7447,3.2041,1.0016,2.8974,4.1863,0.70432,2.5337,2.6831,0.67607,2.0051,2.9197,0.54752,2.4115,3.3899,1.5649,2.1756,4.287,1.4286,2.714,4.4676,0.55737,1.9908,3.006,1.9991,1.8479,3.8008,1.1914,1.7942,3.6868,2.2826,2.6736,4.7436,1.3622,1.6094,4.1262,1.3554,2.1525,3.1508,0.60592,2.0027,3.021,0.5191,2.4292,2.6407,1.6472,2.3332,4.1761,2.3065,2.6679,4.8015,0.58146,2.0122,2.9891,1.5798,1.696,3.3432,0.48046,3.0525,2.3589,0.64339,2.5422,2.6371,3.0379,2.7455,6.0431,0.047872,2.8856,2.7591,4.686,2.9395,0.38522,2.2794,2.3585,3.6337,1.1917,3.044,4.0154,1.3322,2.3624,3.4684,1.0032,3.0592,3.8283,2.3369,2.232,3.7511,1.1841,1.7728,3.683,2.4294,2.355,4.5842,2.5327,2.6801,4.066,1.3204,2.6762,4.3724,1.9036,1.8722,3.8457,1.197,2.7156,3.7167,2.3428,2.4492,4.9317,1.6016,2.5787,3.4106,2.1625,2.2248,4.123,0.77304,1.9264,3.3362,2.2745,2.4087,3.6737,2.2729,2.3962,3.6484,2.234,1.966,4.9782,2.6071,2.2774,4.7891,2.3379,2.2443,3.7675,1.369,1.5975,3.8669,2.2928,2.6794,4.778,1.9049,1.8893,3.8531,0.77263,2.1226,4.0516,1.5949,1.7729,4.248,2.3194,2.6777,4.8184,1.447,2.3837,3.265,5.9863,2.9035,2.2887,1.8437,1.7873,3.5198,1.8968,2.943,4.1931,2.0771,1.9651,4.8383,1.1793,2.5872,4.3529,1.9501,2.1511,4.8809,1.6093,1.7191,3.9614,1.6085,2.0267,3.3374,1.0806,2.7018,3.6193,0.97773,2.7909,3.8572,1.4468,2.4605,3.8821,1.1559,2.7262,3.6591,1.8157,1.6908,4.0757,0.93491,2.455,2.8224,1.9473,2.1092,4.4312,0.24349,2.7613,3.0068,1.0555,1.9396,4.2695,0.98272,2.3029,3.0877,1.6726,2.4031,4.5993,0.96431,2.0484,2.8642,0.72744,1.9762,2.7354,1.6006,1.7093,3.9654,0.94853,2.4463,2.848,1.3503,1.5813,3.8443,2.7308,2.5743,4.6038,1.0847,2.1766,3.5969,1.1606,2.737,3.6777,1.9763,1.9826,4.4999,1.0433,1.95,4.2564,1.8658,1.6736,3.4636,1.6649,2.5259,4.0018,2.1364,2.5384,4.8916,2.1094,2.3981,3.6572,1.2881,3.039,3.5053,1.4566,1.4901,4.2054,0.63274,2.9888,3.6435,1.6127,1.684,4.2119,0.73511,1.9922,2.7365,0.7166,2.1947,3.9681,2.6593,2.5911,4.5289,2.0312,2.1009,3.4201,1.4252,2.8363,3.5629,1.07,2.26,3.583,2.5574,2.0383,4.5309,1.473,1.7218,4.4222,1.5669,2.5741,3.5986,2.0567,2.3508,4.1033,2.6494,2.3418,4.9383,0.51093,2.5256,3.0316
488.22,4.7816,260.67,8.4478,0.12408,1825.6,1.4749,1.8102,4.1241,1.2764,2.2414,4.2479,1.1736,1.953,4.2423,2.4586,2.636,4.2905,0.85804,2.0265,4.2799,1.5154,2.5493,3.895,3.17,2.8345,6.026,1.1607,1.9584,4.2444,1.7354,1.6344,4.2243,1.2971,2.2288,4.2951,0.83076,2.0589,4.2086,2.9717,2.8311,4.5519,5.5404,2.7044,1.2756,1.3183,2.7214,3.701,0.90391,2.1381,3.0003,2.5245,2.1188,4.5495,1.4591,1.6368,3.9239,0.6442,2.625,3.8145,2.0317,1.767,3.5089,1.1047,2.3935,3.1856,0.1688,2.3057,3.4161,1.7654,1.6782,3.4077,1.9282,2.7463,4.2067,1.7881,1.7104,3.4117,1.4443,1.6191,3.9498,0.38831,2.1678,3.1423,2.0988,2.4038,4.4643,1.4681,1.6974,3.2074,0.81817,1.9355,2.7385,3.1265,2.8379,5.9586,2.0382,1.7959,3.5099,1.0384,2.7274,2.9331,1.8319,2.5884,4.046,0.65801,1.9206,2.7959,1.0634,2.4178,3.118,1.9168,1.9199,4.5313,1.7055,1.6357,3.8946,0.51551,2.1964,3.7636,1.1845,2.5379,3.7544,0.93127,2.1243,3.186,2.6489,2.354,4.4252,2.141,2.2188,4.7692,1.4967,1.6666,3.9467,1.8954,1.927,4.5201,1.5062,2.2129,3.2523,0.75829,2.1604,3.0786,2.4458,2.4198,4.3932,1.9122,2.5946,4.7854,1.8532,2.607,4.7407,2.6273,2.3691,4.4325,1.2799,2.5334,3.888,1.7368,2.2604,4.3596,1.9312,3.0036,3.8535,0.59605,2.4718,2.5586,1.5055,2.0889,4.635,2.0352,3.0175,3.9596,0.3211,2.4035,3.3438,1.6625,1.5868,4.073,0.68407,2.0707,3.0376,2.2582,2.2632,4.6763,0.74933,2.5556,3.1588,0.93574,2.135,3.1784,0.12157,2.8901,1.8308,2.0367,2.0312,4.6672,2.6174,2.3787,4.4282,2.5707,2.2848,5.0882,1.9674,2.6806,4.2631,1.0788,1.7735,4.0041,4.6499,2.8953,0.517,0.84858,2.1345,3.0061,1.3075,2.0891,4.3335,1.0326,2.1157,3.4584,2.1495,2.6905,4.3945,1.7241,1.5588,4.1357,1.2265,2.5339,3.1348,0.78269,2.4733,3.7336,2.0808,1.8706,3.6782,1.5553,2.4642,3.4459,1.6057,2.5701,3.6145,1.6177,1.6085,4.2492,1.9391,2.7107,4.3971,1.9984,2.7104,4.4673,3.4875,2.7594,6.2403,1.7306,1.5432,4.1306,1.7638,1.9993,3.4522,2.0528,2.9269,4.8632,1.2218,2.5417,3.1749,2.5983,2.4407,4.9369,1.0822,2.6228,4.0595,1.5609,2.4511,3.4563,1.1281,1.8377,4.071,1.6759,1.564,4.0635,1.745,1.9962,3.4227,0.24725,2.9237,3.3076,2.931,2.2941,4.6611,1.3053,1.9471,4.2209,1.3212,2.6404,3.4591,1.4201,2.459,3.3438,1.8727,1.9251,3.6656,1.9387,2.4478,4.0297,1.0472,2.2951,3.159,2.5443,2.0057,5.1475,1.258,2.6454,3.3783,1.3843,2.483,3.3031,0.37456,2.9274,3.4208,0.64309,1.8529,2.8015,1.6554,1.9851,4.5011,1.4606,1.7974,4.1476,5.3633,2.8754,1.6798,0.81513,2.0995,2.8169,1.0626,2.6459,4.0547,2.2427,2.5323,3.6172,2.5429,2.408,4.8622,2.8808,2.6709,4.5849,2.1157,2.5033,4.4736,2.356,2.1351,4.248,0.75813,2.0611,3.2826,0.47336,2.4368,3.0339,0.59771,2.1456,3.7035,2.3858,2.4384,4.4845,0.88162,2.4387,2.9779,1.241,1.6085,4.2803,1.6785,2.0226,3.4235,6.0853,2.6732,1.8274,3.4007,2.919,0.12823,0.84547,2.4004,3.0223,1.6641,1.6236,4.0653,1.5103,1.8945,3.1736,0.78499,2.4369,2.9295,2.1557,2.3299,4.8696,1.2076,2.5636,3.1502,1.0199,1.9577,3.5046,0.45332,1.9818,3.283,1.7241,2.0093,3.4073,2.3936,2.1225,4.2324,2.1981,2.1465,5.002,1.2677,1.6774,3.839,0.69887,1.9795,2.7789,2.2061,2.1639,5.0305,2.3673,2.2336,4.5514,1.5762,2.4111,3.9678,4.3935,2.9185,0.3097,1.9529,2.4115,4.0175,0.81661,1.9501,4.1209,1.2891,2.6228,4.2727,3.7286,2.8113,2.0971,1.5467,1.6419,3.2998,0.24965,2.3013,3.3006,5.1193,2.9145,1.0645,0.67328,2.7448,3.3867,1.3441,2.5246,3.0321,2.1591,2.0998,4.9309,1.4823,2.0503,4.4004,1.5277,1.6331,3.3089,1.4122,2.9156,3.3741,0.56456,2.4225,2.8736,0.89422,2.4446,3.0253,0.23382,2.607,3.3312,1.6448,2.316,4.1696,0.57956,2.4241,2.8354,1.0216,2.2514,3.6015,1.3943,1.778,4.2827,0.31595,2.3217,3.3672,1.5262,1.6046,3.2993,0.55204,2.4218,2.866,3.247,2.858,6.1878,1.9457,2.5627,4.0078,2.0304,2.197,4.6414,2.45,2.7658,5.0714,1.9094,1.9081,3.8555,1.2964,1.7364,3.7132,2.1867,2.125,4.982,1.3774,2.6087,3.948,1.0522,3.069,2.8781,4.7564,2.9257,0.45881,1.3295,2.7053,4.3835,1.92,1.9152,3.8862,1.3137,2.6481,2.9408,0.59073,2.7422,3.2205,1.009,2.8967,4.1931,0.71589,2.5351,2.6921,0.67515,2.0101,2.9157,0.54772,2.4121,3.3874,1.565,2.1743,4.2917,1.442,2.7156,4.478,0.55175,1.9933,2.9972,2.0003,1.8447,3.8,1.191,1.7899,3.6902,2.2718,2.6697,4.7283,1.3605,1.615,4.1219,1.3526,2.1518,3.1492,0.6036,2.007,3.0141,0.52314,2.4277,2.6463,1.6517,2.3408,4.1804,2.2961,2.6631,4.7885,0.57673,2.0164,2.9793,1.5808,1.6948,3.3446,0.47225,3.0535,2.3479,0.6482,2.5447,2.6403,3.0496,2.7448,6.0567,0.093778,2.8865,2.7775,4.6885,2.9355,0.38666,2.2752,2.3536,3.6241,1.2046,3.04,4.0313,1.3232,2.3699,3.4612,1.0117,3.0575,3.8401,2.3345,2.2318,3.7463,1.1833,1.7662,3.6865,2.4296,2.3562,4.5854,2.5276,2.6833,4.0682,1.3248,2.6758,4.3745,1.9044,1.8642,3.8414,1.201,2.7097,3.7199,2.3362,2.4462,4.92,1.6012,2.5755,3.4198,2.1623,2.2287,4.1256,0.77141,1.9287,3.3327,2.2688,2.4085,3.6671,2.267,2.3945,3.6396,2.2382,1.9701,4.983,2.6043,2.2764,4.7887,2.3356,2.2451,3.7644,1.3682,1.5981,3.8694,2.281,2.6755,4.7631,1.9061,1.8834,3.8491,0.77262,2.1206,4.0588,1.5943,1.7682,4.2469,2.3097,2.674,4.8062,1.447,2.3837,3.265,5.9931,2.9054,2.2974,1.8431,1.7863,3.523,1.8903,2.9361,4.1842,2.083,1.9659,4.8446,1.1846,2.5876,4.3586,1.9548,2.1513,4.8819,1.6091,1.713,3.9612,1.6092,2.0284,3.3341,1.0837,2.697,3.6214,0.98146,2.7883,3.8585,1.4517,2.4644,3.8858,1.1575,2.7215,3.6588,1.8139,1.6831,4.0745,0.93633,2.4548,2.8256,1.9511,2.1131,4.4355,0.25638,2.7576,3.019,1.0533,1.9381,4.2701,0.98393,2.3011,3.092,1.6759,2.4038,4.6005,0.96278,2.0459,2.8655,0.7263,1.9748,2.735,1.5996,1.7028,3.9652,0.95053,2.4455,2.8531,1.3479,1.5803,3.8451,2.7292,2.5733,4.6032,1.0843,2.1803,3.594,1.1632,2.733,3.6795,1.9763,1.9822,4.5017,1.0406,1.9488,4.2566,1.8669,1.6748,3.4648,1.6651,2.5284,4.002,2.1384,2.5372,4.8893,2.106,2.3995,3.6529,1.2959,3.036,3.5121,1.4574,1.4915,4.2032,0.63119,2.988,3.6432,1.6125,1.6791,4.2103,0.73452,1.9914,2.7363,0.71856,2.195,3.9698,2.6572,2.5901,4.5285,2.0343,2.0987,3.419,1.4284,2.83,3.5658,1.0681,2.2658,3.5782,2.5598,2.0416,4.5363,1.4716,1.7208,4.4226,1.5643,2.5729,3.6006,2.0567,2.3555,4.1062,2.6464,2.34,4.9344,0.51557,2.5254,3.0366
488.22,4.7816,260.67,8.4478,0.13294,1859.2,1.4714,1.8075,4.121,1.2772,2.2424,4.2504,1.1692,1.9502,4.2423,2.4554,2.634,4.2899,0.85783,2.025,4.2834,1.5149,2.5531,3.8949,3.1828,2.8332,6.0419,1.1556,1.9558,4.2447,1.7349,1.6287,4.222,1.2985,2.2287,4.3007,0.82922,2.0585,4.2089,2.9779,2.8306,4.5558,5.5303,2.6983,1.2645,1.3218,2.7141,3.7044,0.89986,2.1374,2.9985,2.5289,2.1245,4.5588,1.4581,1.6353,3.9253,0.64224,2.6285,3.8081,2.034,1.7671,3.5115,1.1029,2.3908,3.1906,0.15951,2.3069,3.4031,1.7637,1.6779,3.4094,1.9177,2.7407,4.194,1.7885,1.7127,3.4133,1.4421,1.6157,3.9524,0.38843,2.17,3.1388,2.1028,2.4061,4.469,1.4674,1.6997,3.2079,0.81753,1.9388,2.7374,3.1365,2.8373,5.9702,2.0416,1.7979,3.5131,1.0404,2.7285,2.9366,1.8336,2.5888,4.0499,0.6602,1.9238,2.7966,1.0615,2.4159,3.1218,1.9187,1.9202,4.5346,1.7074,1.6327,3.8955,0.51681,2.1955,3.7662,1.1853,2.544,3.7548,0.92588,2.1282,3.1803,2.6576,2.3575,4.436,2.1464,2.2231,4.7756,1.4986,1.6669,3.9493,1.8965,1.9283,4.5227,1.5085,2.2155,3.2514,0.7523,2.1659,3.07,2.4477,2.423,4.3987,1.9093,2.5945,4.7753,1.8481,2.6076,4.7298,2.6364,2.3742,4.4466,1.2794,2.5367,3.8839,1.7419,2.2627,4.3649,1.9227,2.9985,3.8438,0.6033,2.4722,2.565,1.5016,2.0922,4.6355,2.0316,3.0127,3.9547,0.31619,2.4047,3.3377,1.6625,1.5843,4.0723,0.68223,2.0732,3.0341,2.2584,2.2638,4.6766,0.75572,2.5507,3.1694,0.93094,2.139,3.1724,6.0158,2.8896,1.8231,2.0415,2.035,4.6741,2.6253,2.3845,4.4412,2.5638,2.2806,5.0799,1.9592,2.6695,4.2548,1.0789,1.768,4.0083,4.6508,2.8866,0.51658,0.84589,2.1352,3.0036,1.3082,2.0882,4.3383,1.0306,2.118,3.4557,2.1399,2.6856,4.3832,1.7264,1.5555,4.1338,1.232,2.5322,3.1386,0.78505,2.476,3.7312,2.0829,1.8667,3.6741,1.5512,2.4665,3.4436,1.6033,2.5723,3.6176,1.6148,1.6047,4.2489,1.9292,2.702,4.3852,1.992,2.7023,4.4603,3.4956,2.7575,6.2473,1.7332,1.5395,4.128,1.7686,1.9989,3.453,2.0486,2.9263,4.8596,1.2259,2.5407,3.1806,2.5964,2.4404,4.9337,1.0857,2.6234,4.058,1.5576,2.4523,3.4555,1.1239,1.8391,4.0693,1.6772,1.5605,4.0622,1.7485,1.9954,3.4213,0.24537,2.9219,3.3062,2.9349,2.2935,4.6672,1.3041,1.947,4.2219,1.3244,2.6381,3.467,1.4174,2.4593,3.3442,1.8755,1.9202,3.6614,1.9387,2.4551,4.0334,1.0438,2.2957,3.1572,2.5447,2.0029,5.1476,1.2595,2.6428,3.384,1.3789,2.4843,3.3005,0.37791,2.9257,3.424,0.64048,1.8555,2.7942,1.651,1.9819,4.506,1.4602,1.793,4.1492,5.3517,2.8731,1.6684,0.81439,2.0987,2.8186,1.0645,2.6488,4.0532,2.2478,2.5322,3.6145,2.5366,2.4051,4.8534,2.8882,2.6681,4.5911,2.1138,2.5024,4.4708,2.357,2.1387,4.2532,0.75642,2.0673,3.276,0.48348,2.4342,3.0446,0.59711,2.1457,3.7029,2.3856,2.4342,4.4889,0.89101,2.4365,2.9872,1.2397,1.6104,4.279,1.6759,2.0238,3.421,6.0706,2.6709,1.8117,3.4119,2.9171,0.14031,0.84924,2.3962,3.0312,1.6644,1.6228,4.064,1.5115,1.8967,3.1731,0.78635,2.4352,2.9333,2.1554,2.3287,4.8639,1.2114,2.564,3.1555,1.0211,1.9571,3.5047,0.44615,1.9818,3.2866,1.7258,2.009,3.4039,2.3946,2.1266,4.2363,2.2021,2.1455,5.0032,1.2655,1.6729,3.8409,0.70007,1.9795,2.7807,2.2105,2.1641,5.0333,2.3708,2.2368,4.5578,1.5766,2.4186,3.9678,4.4036,2.9115,0.3197,1.9532,2.4175,4.0197,0.81484,1.9498,4.1201,1.2981,2.6264,4.277,3.7413,2.8084,6.0944,1.548,1.6443,3.3009,0.24469,2.301,3.2933,5.1175,2.9081,1.0641,0.67804,2.742,3.3921,1.3491,2.5261,3.0354,2.1614,2.0965,4.9287,1.4824,2.0455,4.4039,1.5279,1.6332,3.3105,1.4142,2.9148,3.3743,0.57282,2.4203,2.8852,0.89163,2.444,3.027,0.23432,2.6061,3.33,1.6477,2.3205,4.1734,0.58839,2.4226,2.844,1.0183,2.2591,3.5955,1.3943,1.7762,4.2813,0.31582,2.323,3.3651,1.5261,1.6034,3.3003,0.55898,2.4199,2.8762,3.2646,2.8564,6.2118,1.9411,2.5606,4.0058,2.0347,2.1976,4.6448,2.4327,2.7642,5.0519,1.9104,1.9029,3.852,1.2961,1.7311,3.7148,2.1898,2.1227,4.9821,1.3762,2.6062,3.9442,1.0434,3.0686,2.8684,4.7615,2.9206,0.46315,1.3353,2.7064,4.3876,1.9212,1.9125,3.8868,1.3184,2.6492,2.9464,0.60398,2.7396,3.2359,1.0164,2.8958,4.1999,0.7274,2.5366,2.701,0.67437,2.0149,2.9122,0.54797,2.4125,3.3851,1.565,2.1729,4.2964,1.455,2.717,4.4882,0.54625,1.9956,2.9884,2.0015,1.8416,3.7994,1.1905,1.7857,3.6936,2.2618,2.6659,4.714,1.3587,1.6203,4.1177,1.3498,2.1511,3.1477,0.60131,2.0112,3.0074,0.52708,2.4263,2.6517,1.6564,2.3485,4.1846,2.2862,2.6583,4.7758,0.57212,2.0202,2.9699,1.5818,1.6936,3.346,0.46322,3.0545,2.3361,0.65274,2.5472,2.6432,3.0614,2.7439,6.0702,0.10528,2.8874,2.7956,4.6911,2.9314,0.38843,2.2713,2.3485,3.6148,1.216,3.0361,4.0456,1.3146,2.3768,3.4545,1.0195,3.0559,3.8512,2.3321,2.2314,3.7416,1.1823,1.7597,3.69,2.4298,2.3574,4.5866,2.5224,2.6863,4.0701,1.3291,2.6753,4.3765,1.9052,1.8562,3.8373,1.2047,2.704,3.7229,2.3302,2.4434,4.9088,1.6006,2.5724,3.4287,2.1623,2.2325,4.1282,0.76971,1.9311,3.3293,2.2631,2.4082,3.6605,2.2611,2.3929,3.6308,2.2423,1.9737,4.9873,2.6017,2.2754,4.7883,2.3334,2.2461,3.7613,1.3674,1.5986,3.8717,2.2697,2.6714,4.7487,1.9073,1.8775,3.8452,0.77267,2.1186,4.0659,1.5938,1.7636,4.2459,2.3003,2.6703,4.7945,1.447,2.3838,3.2651,6.0,2.9073,2.3062,1.8427,1.7854,3.526,1.8841,2.9292,4.1757,2.0887,1.9668,4.8506,1.1896,2.588,4.3641,1.9593,2.1516,4.8828,1.6091,1.7072,3.9608,1.61,2.0302,3.331,1.0864,2.6925,3.6231,0.98495,2.7858,3.8596,1.4565,2.4681,3.8895,1.1591,2.717,3.6584,1.8121,1.6756,4.0736,0.93768,2.4546,2.8285,1.9549,2.1169,4.4397,0.26903,2.7537,3.0309,1.0511,1.9367,4.2706,0.98492,2.2993,3.096,1.6793,2.4045,4.6018,0.96123,2.0436,2.8667,0.7252,1.9733,2.7345,1.5987,1.6968,3.9652,0.95242,2.4446,2.8579,1.3454,1.5793,3.8458,2.7278,2.5725,4.6028,1.0838,2.1841,3.5911,1.1655,2.7292,3.6811,1.9763,1.982,4.5036,1.038,1.9477,4.2568,1.8681,1.676,3.4659,1.6652,2.531,4.0021,2.1403,2.536,4.887,2.1025,2.4011,3.6487,1.3037,3.0332,3.5187,1.4581,1.493,4.201,0.62928,2.9874,3.6423,1.6126,1.6744,4.2087,0.73394,1.9907,2.736,0.72049,2.1954,3.9714,2.6552,2.5891,4.5281,2.0375,2.0966,3.4179,1.4316,2.8239,3.5688,1.0662,2.2716,3.5733,2.5624,2.0449,4.5418,1.4702,1.7199,4.423,1.5619,2.5718,3.6027,2.0566,2.3599,4.1091,2.6436,2.3383,4.9309,0.52005,2.5254,3.0414
488.22,4.7816,260.67,8.4478,0.1418,1886.8,1.4679,1.8046,4.118,1.2781,2.2432,4.2529,1.1648,1.9474,4.2421,2.4523,2.6319,4.2892,0.85758,2.0235,4.2869,1.5143,2.557,3.8947,3.1956,2.8318,6.0577,1.1504,1.953,4.2452,1.7344,1.6232,4.2198,1.2999,2.2285,4.3063,0.82775,2.0583,4.2095,2.984,2.8301,4.5598,5.5205,2.6921,1.2539,1.325,2.7072,3.7075,0.89576,2.1367,2.9967,2.5335,2.1303,4.5683,1.4571,1.6339,3.9269,0.64024,2.6319,3.8018,2.0362,1.7671,3.5141,1.1006,2.3883,3.1951,0.15,2.3079,3.3899,1.7621,1.6774,3.411,1.9078,2.7352,4.1819,1.7888,1.715,3.4149,1.4401,1.6125,3.9551,0.38853,2.1722,3.1353,2.1067,2.4083,4.4736,1.4666,1.7019,3.2084,0.81686,1.9421,2.7364,3.147,2.8367,5.9825,2.0452,1.8,3.5163,1.0422,2.7298,2.9399,1.8354,2.5895,4.0539,0.6624,1.9271,2.7974,1.0595,2.4139,3.1256,1.9208,1.9205,4.5382,1.7092,1.6298,3.8964,0.51828,2.1945,3.769,1.1862,2.5502,3.7555,0.92042,2.132,3.1747,2.6665,2.361,4.4467,2.1518,2.2275,4.7822,1.5004,1.6675,3.9519,1.8978,1.9297,4.5254,1.5109,2.2182,3.2504,0.74616,2.1714,3.0612,2.4497,2.4261,4.4045,1.9061,2.5944,4.7647,1.843,2.6083,4.7189,2.6462,2.3794,4.4612,1.2789,2.54,3.8798,1.7472,2.265,4.3703,1.9144,2.9933,3.8342,0.61047,2.4728,2.5712,1.4976,2.0957,4.6359,2.028,3.0078,3.9499,0.31131,2.4059,3.3317,1.6626,1.5818,4.0716,0.68038,2.0754,3.0306,2.2584,2.2643,4.6766,0.76199,2.5459,3.18,0.92627,2.1429,3.1665,4.7332,2.889,1.8159,2.0467,2.0388,4.6811,2.6336,2.39,4.4543,2.557,2.2765,5.0716,1.9515,2.6583,4.2469,1.079,1.7622,4.0124,4.6516,2.8781,0.51622,0.84326,2.1359,3.0013,1.3091,2.0873,4.3431,1.0284,2.1202,3.4529,2.1303,2.6805,4.3719,1.7288,1.5519,4.1319,1.2374,2.5305,3.1423,0.78745,2.4787,3.7289,2.0849,1.8628,3.6701,1.5469,2.4687,3.4412,1.6013,2.5744,3.621,1.6119,1.601,4.2487,1.9195,2.6929,4.3734,1.986,2.694,4.4537,3.5037,2.7554,6.2545,1.736,1.5357,4.1254,1.7733,1.9985,3.4539,2.0442,2.9256,4.8559,1.2297,2.5398,3.186,2.5944,2.4403,4.9306,1.0891,2.6239,4.0565,1.5543,2.4536,3.4547,1.1198,1.8405,4.0677,1.6787,1.557,4.0607,1.7518,1.9945,3.4199,0.24381,2.9202,3.3051,2.9389,2.2928,4.6732,1.3028,1.9469,4.2229,1.3275,2.6359,3.4747,1.4146,2.4595,3.3445,1.8783,1.9154,3.6573,1.9388,2.4621,4.0372,1.0405,2.2962,3.1555,2.5449,2.0002,5.1476,1.261,2.6405,3.3896,1.3735,2.4856,3.2979,0.3808,2.9241,3.4267,0.63792,1.8579,2.787,1.6463,1.9787,4.5105,1.46,1.7886,4.1506,5.3406,2.8708,1.6574,0.81364,2.0979,2.8202,1.0662,2.6518,4.0516,2.252,2.5319,3.6109,2.5305,2.4021,4.845,2.8957,2.6652,4.5973,2.1122,2.5016,4.4681,2.3581,2.1425,4.2586,0.75448,2.0736,3.2691,0.49343,2.4317,3.0551,0.59651,2.1458,3.7022,2.3854,2.4302,4.4933,0.90041,2.4342,2.9965,1.2382,1.6125,4.2775,1.6735,2.0248,3.4186,6.0563,2.6685,1.7963,3.4225,2.9152,0.15215,0.85261,2.3919,3.0398,1.6645,1.622,4.0627,1.5128,1.8989,3.1726,0.78754,2.4336,2.9369,2.1552,2.3274,4.8585,1.215,2.5643,3.1606,1.0222,1.9564,3.5048,0.43876,1.9819,3.2904,1.7274,2.0085,3.4004,2.3956,2.1307,4.2403,2.2061,2.1445,5.0043,1.2632,1.6683,3.843,0.70125,1.9795,2.7824,2.2148,2.1642,5.0362,2.3744,2.2399,4.5641,1.5771,2.4259,3.9678,4.4133,2.9044,0.32947,1.9534,2.4235,4.0218,0.81306,1.9496,4.1191,1.3071,2.63,4.2815,3.7538,2.8054,0.18575,1.5494,1.6467,3.3019,0.23984,2.3007,3.2862,5.1158,2.9017,1.064,0.68237,2.7392,3.397,1.3538,2.5275,3.0386,2.1638,2.0934,4.9266,1.4825,2.0405,4.4075,1.528,1.6332,3.3121,1.4163,2.9141,3.3745,0.58102,2.4181,2.8968,0.88902,2.4433,3.0286,0.23469,2.6052,3.3287,1.6507,2.3248,4.1771,0.59698,2.421,2.8523,1.0149,2.2669,3.5893,1.3943,1.7746,4.2798,0.31571,2.3244,3.3631,1.5259,1.6021,3.3013,0.5657,2.4183,2.8861,3.2817,2.8547,6.1982,1.9364,2.5585,4.0037,2.039,2.1983,4.6483,2.4152,2.7625,5.0319,1.9113,1.8976,3.8486,1.2958,1.726,3.7164,2.1929,2.1204,4.9821,1.3751,2.6039,3.9405,1.0341,3.0684,2.8582,4.7666,2.9153,0.46759,1.3413,2.7076,4.392,1.9223,1.9098,3.8875,1.3229,2.6503,2.9519,0.6166,2.7371,3.2507,1.024,2.8949,4.2069,0.73879,2.5383,2.7098,0.67365,2.0196,2.9088,0.54821,2.413,3.3828,1.5651,2.1714,4.301,1.4679,2.7184,4.4983,0.54081,1.9979,2.9798,2.0026,1.8385,3.7989,1.1899,1.7815,3.6969,2.2525,2.6622,4.7006,1.3569,1.6255,4.1135,1.347,2.1503,3.1462,0.59907,2.0154,3.0007,0.53088,2.4249,2.657,1.6612,2.3561,4.1889,2.2765,2.6535,4.7634,0.56756,2.0239,2.9607,1.5826,1.6926,3.3474,0.45304,3.0555,2.3232,0.65701,2.5498,2.6459,3.0732,2.7428,6.0837,0.12116,2.8881,2.8134,4.694,2.9275,0.39046,2.2676,2.3433,3.6058,1.2262,3.0322,4.0586,1.3061,2.3833,3.4479,1.0265,3.0543,3.8613,2.3299,2.2312,3.737,1.1813,1.7531,3.6936,2.43,2.3585,4.5877,2.517,2.6891,4.0718,1.3333,2.6748,4.3782,1.9059,1.8483,3.8333,1.2083,2.6983,3.7258,2.3245,2.4406,4.8978,1.6001,2.5694,3.4376,2.1624,2.2364,4.131,0.76799,1.9335,3.3257,2.2576,2.4079,3.6539,2.2553,2.3913,3.6221,2.2462,1.9772,4.9914,2.5989,2.2744,4.7877,2.3311,2.2471,3.7584,1.3666,1.599,3.874,2.2588,2.6674,4.7347,1.9084,1.8717,3.8413,0.7727,2.1166,4.0729,1.5933,1.7591,4.2449,2.2912,2.6666,4.7831,1.447,2.3839,3.2651,6.0069,2.909,2.3151,1.8425,1.7844,3.5288,1.8782,2.9224,4.1676,2.0944,1.9675,4.8564,1.1943,2.5884,4.3693,1.9637,2.1518,4.8836,1.6091,1.7014,3.9606,1.6109,2.0318,3.328,1.0892,2.688,3.6248,0.9883,2.7835,3.8604,1.4611,2.4715,3.8933,1.1606,2.7125,3.6579,1.8104,1.6684,4.0727,0.93896,2.4545,2.8314,1.9588,2.1206,4.4439,0.28124,2.7499,3.0423,1.0489,1.9352,4.2711,0.98586,2.2977,3.0997,1.6827,2.4052,4.6032,0.95974,2.0413,2.8678,0.72416,1.972,2.7342,1.5979,1.6911,3.965,0.9542,2.4438,2.8626,1.343,1.5782,3.8465,2.7266,2.5717,4.6026,1.0833,2.1878,3.5882,1.1679,2.7255,3.6827,1.9762,1.9818,4.5054,1.0357,1.9466,4.2571,1.8691,1.6771,3.4669,1.6653,2.5333,4.0022,2.1424,2.535,4.8849,2.0993,2.4026,3.6446,1.3112,3.0303,3.5253,1.4588,1.4943,4.1988,0.62707,2.9867,3.6412,1.6127,1.6699,4.2072,0.73339,1.99,2.7359,0.72236,2.1958,3.9729,2.6532,2.5881,4.5278,2.0405,2.0944,3.4169,1.4347,2.8181,3.5718,1.0641,2.2774,3.5684,2.5648,2.048,4.5472,1.4688,1.719,4.4233,1.5597,2.5708,3.6048,2.0567,2.3642,4.1121,2.6409,2.3368,4.9275,0.52436,2.5254,3.046
488.22,4.7816,260.67,8.4478,0.15067,1911.4,1.4644,1.8016,4.1151,1.2791,2.244,4.2554,1.1604,1.9446,4.2419,2.4491,2.6298,4.2885,0.85729,2.0221,4.2902,1.5137,2.5607,3.8946,3.2083,2.8303,6.0736,1.1454,1.9503,4.2454,1.734,1.6178,4.2174,1.3013,2.2282,4.312,0.82637,2.0581,4.2101,2.9901,2.8296,4.5636,5.511,2.6859,1.2437,1.328,2.7007,3.71,0.89164,2.1359,2.9947,2.5382,2.1361,4.578,1.456,1.6326,3.9284,0.6381,2.6353,3.7953,2.0384,1.7672,3.5167,1.0978,2.386,3.199,0.14019,2.309,3.3763,1.7603,1.6768,3.4128,1.8985,2.73,4.1708,1.7891,1.7173,3.4166,1.4382,1.6096,3.9577,0.38867,2.1744,3.1318,2.1105,2.4106,4.4781,1.466,1.7042,3.2089,0.81619,1.9453,2.7355,3.1579,2.8361,5.9952,2.049,1.8021,3.5197,1.044,2.7312,2.943,1.8373,2.5901,4.0581,0.66459,1.9302,2.7982,1.0574,2.4119,3.1293,1.9229,1.9208,4.5417,1.7112,1.6271,3.8974,0.51999,2.1936,3.772,1.1874,2.5561,3.7568,0.91503,2.1358,3.1692,2.6754,2.3644,4.4574,2.1571,2.2318,4.7887,1.5024,1.6681,3.9545,1.8994,1.9312,4.5281,1.5134,2.2208,3.2496,0.7401,2.1766,3.0527,2.4516,2.4292,4.4101,1.9028,2.5943,4.7538,1.8382,2.609,4.7081,2.6564,2.3843,4.4764,1.2784,2.5432,3.8758,1.7527,2.2673,4.3756,1.9064,2.988,3.825,0.61754,2.4734,2.5775,1.4934,2.0992,4.6362,2.0243,3.0027,3.9451,0.3065,2.4069,3.3259,1.6628,1.5793,4.0708,0.67861,2.0774,3.0274,2.2583,2.2648,4.6764,0.76786,2.541,3.1904,0.92185,2.1466,3.1611,0.21712,2.8884,1.8091,2.052,2.0426,4.6882,2.6421,2.3951,4.4676,2.5506,2.2722,5.0637,1.9445,2.6474,4.2397,1.0792,1.7567,4.0167,4.6523,2.8697,0.51581,0.84069,2.1365,2.9992,1.3101,2.0864,4.3479,1.0262,2.1223,3.4502,2.1211,2.6755,4.361,1.7313,1.5482,4.13,1.2428,2.5287,3.1458,0.78987,2.4812,3.7267,2.087,1.859,3.6663,1.5426,2.4709,3.4386,1.5997,2.5762,3.6249,1.609,1.5976,4.2485,1.9103,2.684,4.3621,1.9804,2.6857,4.4476,3.5115,2.7534,6.2601,1.7387,1.532,4.1228,1.7779,1.9979,3.4549,2.0399,2.9249,4.8521,1.2334,2.5389,3.1912,2.5925,2.4401,4.9276,1.0923,2.6243,4.0548,1.551,2.4548,3.4539,1.1158,1.8416,4.0661,1.6801,1.5538,4.0593,1.7552,1.9935,3.4188,0.24238,2.9184,3.304,2.9427,2.2921,4.679,1.3015,1.9467,4.2239,1.3305,2.6339,3.4821,1.412,2.4598,3.3449,1.8813,1.9104,3.6533,1.9389,2.4689,4.041,1.0373,2.2967,3.154,2.5452,1.9977,5.1476,1.2625,2.6384,3.3952,1.3681,2.487,3.2954,0.38335,2.9225,3.4291,0.63547,1.8602,2.7801,1.6415,1.9755,4.5147,1.4599,1.7844,4.1519,5.3299,2.8686,1.6468,0.81287,2.0971,2.8216,1.0678,2.6547,4.0501,2.2555,2.5311,3.6067,2.5247,2.3993,4.8367,2.9033,2.6622,4.6036,2.1106,2.5009,4.4656,2.3592,2.1465,4.2639,0.75229,2.0799,3.262,0.50312,2.4292,3.0654,0.59594,2.1458,3.7016,2.3851,2.4263,4.4976,0.9096,2.4319,3.0057,1.2367,1.6145,4.276,1.6708,2.0259,3.4162,6.0424,2.666,1.7813,3.4327,2.9133,0.16335,0.85536,2.3879,3.0476,1.6647,1.6212,4.0613,1.5142,1.9012,3.1721,0.78852,2.4319,2.9402,2.1551,2.3263,4.8531,1.2185,2.5649,3.1658,1.0233,1.9556,3.505,0.43121,1.9819,3.2943,1.7291,2.0081,3.397,2.3968,2.1349,4.2444,2.21,2.1434,5.0054,1.2608,1.6639,3.8447,0.70241,1.9795,2.7841,2.219,2.1643,5.0388,2.3779,2.243,4.5702,1.5775,2.4328,3.9677,4.4228,2.8974,0.33901,1.9537,2.4294,4.0241,0.81133,1.9494,4.1181,1.3161,2.6335,4.2858,3.7658,2.8025,0.020866,1.5508,1.6492,3.3029,0.23517,2.3004,3.2793,5.1142,2.8953,1.0643,0.68622,2.7365,3.4014,1.3583,2.529,3.0415,2.1664,2.0903,4.9248,1.4825,2.0353,4.411,1.5282,1.6332,3.3135,1.4182,2.9135,3.3745,0.58908,2.4159,2.9081,0.88643,2.4426,3.0302,0.23499,2.6043,3.3273,1.6537,2.3291,4.1809,0.60529,2.4196,2.8604,1.0113,2.2748,3.5829,1.3943,1.773,4.2783,0.31562,2.3256,3.3612,1.5257,1.6007,3.3023,0.57218,2.4167,2.8958,3.2981,2.8529,0.035446,1.9317,2.5565,4.0015,2.0432,2.1989,4.6517,2.3975,2.7605,5.0118,1.9122,1.8923,3.8452,1.2954,1.721,3.718,2.1959,2.1182,4.9821,1.3741,2.6016,3.937,1.0244,3.0682,2.8476,4.7718,2.91,0.47209,1.3473,2.7086,4.3964,1.9234,1.9072,3.8884,1.3272,2.6514,2.9573,0.62845,2.7347,3.2646,1.0316,2.8937,4.2141,0.74998,2.5401,2.7182,0.67306,2.0241,2.9058,0.54845,2.4134,3.3805,1.5651,2.1696,4.3055,1.4806,2.7196,4.5083,0.5355,2.0002,2.9712,2.0037,1.8357,3.7984,1.1893,1.7775,3.7001,2.2441,2.6587,4.6883,1.3549,1.6304,4.1091,1.3442,2.1495,3.1448,0.59686,2.0195,2.9943,0.53455,2.4235,2.6622,1.666,2.3636,4.193,2.2674,2.6488,4.7516,0.56317,2.0273,2.9519,1.5835,1.6915,3.3489,0.44191,3.0566,2.3094,0.66101,2.5525,2.6482,3.0851,2.7416,6.0971,0.13574,2.8887,2.831,4.6969,2.9237,0.3928,2.2643,2.3381,3.5969,1.2351,3.0282,4.0702,1.2981,2.3892,3.4419,1.0326,3.0528,3.8706,2.3276,2.2311,3.7325,1.1803,1.7467,3.697,2.4302,2.3596,4.5888,2.5115,2.6916,4.0735,1.3373,2.6745,4.3797,1.9067,1.8404,3.8295,1.2117,2.6928,3.7286,2.3193,2.438,4.8875,1.5995,2.5665,3.4461,2.1625,2.2404,4.134,0.76623,1.936,3.3221,2.2524,2.4076,3.6474,2.2497,2.3895,3.6135,2.2498,1.9802,4.995,2.5963,2.2733,4.7871,2.3288,2.2481,3.7555,1.3659,1.5994,3.876,2.2485,2.6634,4.7212,1.9096,1.8659,3.8376,0.77277,2.1145,4.0796,1.5929,1.7546,4.2439,2.2823,2.6631,4.772,1.4471,2.384,3.2652,6.0142,2.9108,2.3241,1.8424,1.7836,3.5316,1.8727,2.9158,4.1599,2.1001,1.9681,4.8619,1.1988,2.5887,4.3744,1.9679,2.1521,4.8843,1.6091,1.6959,3.9603,1.6119,2.0335,3.3252,1.0917,2.6837,3.6264,0.9915,2.7812,3.8612,1.4657,2.4747,3.8972,1.162,2.7083,3.6573,1.8086,1.6615,4.0719,0.94018,2.4543,2.834,1.9627,2.1243,4.4481,0.29307,2.7461,3.0534,1.0468,1.9338,4.2716,0.98666,2.2961,3.1034,1.6861,2.4058,4.6046,0.95826,2.0391,2.8688,0.72315,1.9708,2.7339,1.597,1.6856,3.965,0.95588,2.4432,2.8672,1.3407,1.577,3.8473,2.7254,2.5709,4.6024,1.0827,2.1915,3.5853,1.1702,2.722,3.6843,1.9762,1.9815,4.5071,1.0334,1.9455,4.2574,1.8702,1.6782,3.468,1.6655,2.5356,4.0023,2.1444,2.5339,4.8829,2.0961,2.404,3.6406,1.3184,3.0275,3.5317,1.4596,1.4955,4.1967,0.62459,2.9861,3.6398,1.6128,1.6656,4.2058,0.73286,1.9893,2.7357,0.72415,2.1962,3.9743,2.6513,2.5872,4.5275,2.0434,2.0924,3.416,1.4375,2.8124,3.5747,1.062,2.2829,3.5637,2.5673,2.0512,4.5527,1.4676,1.7182,4.4237,1.5575,2.5699,3.6069,2.0567,2.3684,4.115,2.6384,2.3354,4.9244,0.5285,2.5255,3.0505
488.22,4.7816,260.67,8.4478,0.15953,1933.8,1.461,1.7986,4.1123,1.2801,2.2448,4.258,1.156,1.9419,4.2414,2.446,2.6278,4.288,0.85699,2.0209,4.2934,1.5132,2.5642,3.8943,3.2209,2.8286,6.0893,1.1404,1.9477,4.2458,1.7337,1.6126,4.215,1.3025,2.228,4.3177,0.82509,2.0579,4.2108,2.9961,2.829,4.5676,5.5019,2.6797,1.234,1.3305,2.6951,3.7124,0.88753,2.1352,2.9927,2.5431,2.1418,4.5878,1.4549,1.6318,3.9299,0.63582,2.6385,3.7887,2.0407,1.7672,3.5194,1.0943,2.384,3.202,0.1301,2.3098,3.3623,1.7586,1.6762,3.4146,1.89,2.7251,4.1604,1.7894,1.7194,3.4183,1.4363,1.6067,3.9601,0.38887,2.1764,3.1286,2.1142,2.4127,4.4825,1.4653,1.7066,3.2094,0.81552,1.9484,2.7348,3.1693,2.8354,6.0082,2.0529,1.8041,3.5232,1.0456,2.7326,2.9461,1.8393,2.5907,4.0624,0.66679,1.9334,2.7991,1.0551,2.41,3.1326,1.925,1.9209,4.5453,1.7131,1.6246,3.8985,0.52195,2.1924,3.7755,1.1891,2.5614,3.7583,0.90977,2.1393,3.1639,2.6843,2.3677,4.4679,2.1623,2.2358,4.7951,1.5044,1.6686,3.957,1.9011,1.9325,4.531,1.516,2.2234,3.2488,0.73418,2.1817,3.0447,2.4535,2.432,4.4155,1.8995,2.5942,4.7426,1.8335,2.6095,4.6972,2.6671,2.389,4.4919,1.278,2.5463,3.8719,1.7583,2.2697,4.3809,1.8987,2.9827,3.8161,0.62449,2.4739,2.5835,1.4892,2.103,4.6361,2.021,2.9975,3.9406,0.30178,2.4077,3.3202,1.6628,1.5768,4.0701,0.6769,2.0793,3.0243,2.2581,2.2652,4.6759,0.77328,2.5361,3.2004,0.91771,2.1499,3.156,0.0098182,2.8877,1.8028,2.0575,2.0463,4.6952,2.6506,2.3999,4.481,2.5446,2.2682,5.0561,1.9381,2.637,4.2331,1.0794,1.751,4.0208,4.6528,2.8615,0.51536,0.83822,2.1372,2.9973,1.3111,2.0856,4.3525,1.024,2.1247,3.4475,2.1123,2.6706,4.3506,1.7339,1.5444,4.128,1.2481,2.527,3.1492,0.79231,2.4837,3.7246,2.089,1.8554,3.6625,1.5382,2.473,3.4361,1.5983,2.5778,3.6292,1.6063,1.5945,4.2482,1.9017,2.6751,4.3513,1.9752,2.6777,4.4417,3.5191,2.7513,6.2638,1.7415,1.5283,4.1201,1.7827,1.9974,3.4559,2.0356,2.9244,4.8483,1.2368,2.5381,3.196,2.5906,2.4399,4.9248,1.0955,2.6246,4.053,1.5477,2.4561,3.4532,1.1118,1.8428,4.0646,1.6816,1.5506,4.058,1.7585,1.9927,3.4177,0.24104,2.9167,3.303,2.9464,2.2913,4.6845,1.3002,1.9466,4.2249,1.3332,2.6322,3.4893,1.4093,2.46,3.3453,1.8843,1.9055,3.6494,1.9392,2.4753,4.045,1.0341,2.297,3.1524,2.5452,1.9952,5.1477,1.264,2.6364,3.4009,1.3629,2.4882,3.2929,0.38559,2.9208,3.4313,0.63314,1.8622,2.7736,1.6364,1.9725,4.5183,1.4597,1.7803,4.1531,5.3195,2.8662,1.6364,0.81208,2.0966,2.8231,1.0692,2.6575,4.0483,2.2587,2.5301,3.6025,2.5192,2.3965,4.829,2.911,2.6592,4.6101,2.1092,2.5004,4.4635,2.3605,2.1507,4.2696,0.74983,2.0861,3.2546,0.51254,2.4268,3.0753,0.59538,2.1458,3.7011,2.385,2.4227,4.502,0.91855,2.4297,3.0147,1.2352,1.6165,4.2743,1.6683,2.027,3.4137,6.0287,2.6632,1.7667,3.4424,2.9114,0.17402,0.85744,2.3841,3.0547,1.665,1.6205,4.0601,1.5155,1.9033,3.1717,0.78928,2.4304,2.9433,2.1551,2.3252,4.8482,1.2218,2.5654,3.1706,1.0245,1.9549,3.5052,0.42353,1.9819,3.2984,1.7308,2.0076,3.3936,2.3981,2.1392,4.2489,2.214,2.1422,5.0065,1.2584,1.6597,3.8463,0.70354,1.9795,2.7856,2.223,2.1642,5.0413,2.3813,2.2458,4.5762,1.5779,2.4395,3.9676,4.4318,2.8904,0.34844,1.954,2.4352,4.0263,0.80965,1.9493,4.1171,1.3251,2.6368,4.2901,3.7775,2.7997,0.055258,1.5522,1.6517,3.3041,0.23071,2.2999,3.2728,5.113,2.889,1.0649,0.68961,2.734,3.4053,1.3628,2.5303,3.0444,2.169,2.0872,4.9232,1.4824,2.03,4.4145,1.5283,1.6329,3.3151,1.4202,2.9128,3.3745,0.597,2.4138,2.9193,0.8839,2.4419,3.0319,0.23524,2.6035,3.3259,1.6567,2.3333,4.1847,0.61335,2.4182,2.8683,1.0075,2.2827,3.5762,1.3943,1.7715,4.2768,0.31555,2.3269,3.3593,1.5256,1.5994,3.3035,0.57848,2.4153,2.9051,3.3139,2.8512,0.30499,1.927,2.5546,3.9994,2.0473,2.1993,4.6549,2.3799,2.7585,4.9913,1.9129,1.8868,3.842,1.295,1.7162,3.7195,2.1988,2.1158,4.9821,1.3733,2.5995,3.9337,1.0144,3.068,2.8368,4.7768,2.9047,0.47667,1.3535,2.7096,4.4009,1.9245,1.9047,3.8892,1.3316,2.6525,2.9626,0.63956,2.7323,3.2777,1.0393,2.8925,4.2212,0.76101,2.5418,2.7266,0.67257,2.0284,2.9031,0.54873,2.4139,3.3784,1.5652,2.1678,4.31,1.4928,2.7208,4.518,0.53034,2.0022,2.9629,2.0047,1.8329,3.7981,1.1888,1.7735,3.7033,2.2367,2.6555,4.6769,1.3529,1.6351,4.105,1.3414,2.1487,3.1433,0.59468,2.0234,2.988,0.53811,2.4222,2.6673,1.671,2.371,4.1969,2.2588,2.6442,4.7401,0.55896,2.0304,2.9436,1.5843,1.6906,3.3502,0.43005,3.0576,2.2949,0.66474,2.5552,2.6502,3.0968,2.7403,6.1105,0.15054,2.8892,2.8481,4.7001,2.92,0.39544,2.2613,2.3328,3.5885,1.2428,3.0244,4.0806,1.2904,2.3946,3.4364,1.038,3.0513,3.8791,2.3255,2.2309,3.728,1.1793,1.7402,3.7007,2.4303,2.3607,4.5896,2.5062,2.6939,4.075,1.3412,2.6742,4.3812,1.9074,1.8325,3.826,1.2149,2.6875,3.7311,2.3146,2.4355,4.8777,1.5987,2.564,3.4543,2.1627,2.2443,4.137,0.76443,1.9384,3.3185,2.2471,2.4072,3.641,2.2442,2.3878,3.605,2.2533,1.9829,4.9982,2.5937,2.2723,4.7866,2.3267,2.2493,3.7527,1.3654,1.5998,3.8779,2.2385,2.6593,4.7083,1.9108,1.8602,3.8339,0.77288,2.1125,4.0861,1.5924,1.7502,4.2429,2.2739,2.6595,4.7611,1.4471,2.3841,3.2652,6.0216,2.9125,2.3333,1.8424,1.7827,3.5343,1.8675,2.9093,4.1526,2.1056,1.9684,4.8671,1.2029,2.5889,4.3792,1.972,2.1524,4.885,1.6092,1.6906,3.9601,1.6129,2.0351,3.3225,1.0939,2.6797,3.6277,0.99449,2.7791,3.8617,1.4702,2.4774,3.901,1.1633,2.7042,3.6568,1.8069,1.6548,4.0711,0.94133,2.4543,2.8365,1.9665,2.128,4.4522,0.30456,2.7421,3.0641,1.0448,1.9324,4.2721,0.98732,2.2946,3.1066,1.6894,2.4065,4.6058,0.95676,2.037,2.8696,0.72218,1.9696,2.7336,1.5962,1.6805,3.9649,0.95744,2.4425,2.8716,1.3383,1.5758,3.848,2.7246,2.5702,4.6024,1.082,2.1953,3.5825,1.1724,2.7187,3.6858,1.9762,1.9814,4.5088,1.0313,1.9443,4.2577,1.8713,1.6792,3.4691,1.6656,2.5377,4.0024,2.1463,2.5331,4.8809,2.0929,2.4055,3.6367,1.3256,3.0247,3.5378,1.4603,1.4967,4.1946,0.62189,2.9856,3.6381,1.6132,1.6616,4.2043,0.73234,1.9886,2.7354,0.7259,2.1967,3.9756,2.6493,2.5863,4.5272,2.0464,2.0904,3.4152,1.4403,2.807,3.5779,1.0599,2.2884,3.5589,2.5698,2.0543,4.5581,1.4663,1.7174,4.4241,1.5555,2.5691,3.6089,2.0568,2.3724,4.1179,2.6362,2.3339,4.9215,0.53248,2.5255,3.0547
488.22,4.7816,260.67,8.4478,0.16839,1952.1,1.4575,1.7954,4.1096,1.2813,2.2456,4.2606,1.1518,1.9391,4.241,2.4428,2.6257,4.2874,0.85665,2.0198,4.2965,1.5125,2.5677,3.894,3.2335,2.8268,6.1049,1.1354,1.9449,4.246,1.7334,1.6075,4.2127,1.3038,2.2276,4.3234,0.82388,2.0578,4.2117,3.002,2.8284,4.5714,5.4931,2.6734,1.2248,1.3328,2.6898,3.7144,0.8834,2.1344,2.9906,2.548,2.1475,4.5977,1.4538,1.6309,3.9314,0.63349,2.6417,3.7819,2.043,1.7672,3.522,1.0905,2.3822,3.2045,0.11982,2.3106,3.3481,1.7569,1.6755,3.4164,1.8822,2.7204,4.1508,1.7898,1.7216,3.42,1.4346,1.604,3.9624,0.38905,2.1786,3.1252,2.1179,2.4148,4.4867,1.4645,1.709,3.2099,0.8148,1.9514,2.734,3.1812,2.8346,6.0219,2.057,1.8063,3.5269,1.0472,2.7342,2.9489,1.8415,2.5914,4.0668,0.66895,1.9364,2.8,1.0526,2.4081,3.1359,1.9273,1.9212,4.549,1.715,1.6223,3.8997,0.52412,2.1911,3.7791,1.1907,2.5668,3.7601,0.90447,2.1429,3.1585,2.6931,2.3708,4.4782,2.1676,2.2401,4.8016,1.5065,1.6691,3.9594,1.903,1.9341,4.5338,1.5188,2.2259,3.248,0.72831,2.1866,3.0368,2.4552,2.4348,4.4209,1.8958,2.5941,4.731,1.829,2.6102,4.6865,2.6781,2.3936,4.5079,1.2776,2.5494,3.868,1.7642,2.272,4.3863,1.8911,2.9774,3.8074,0.63131,2.4745,2.5894,1.4848,2.1067,4.6359,2.0178,2.9919,3.9362,0.29707,2.4085,3.3147,1.6629,1.5744,4.0693,0.67522,2.081,3.0214,2.2576,2.2654,4.6752,0.77852,2.5312,3.2104,0.91379,2.1532,3.1512,6.2612,2.887,1.797,2.0631,2.0498,4.7024,2.6594,2.4043,4.4943,2.5388,2.264,5.0488,1.9322,2.6269,4.2271,1.0797,1.7453,4.0251,4.6533,2.8535,0.51503,0.83583,2.1377,2.9955,1.3122,2.0846,4.3571,1.0218,2.1269,3.4447,2.1037,2.6656,4.3404,1.7365,1.5403,4.1259,1.2533,2.5254,3.1524,0.79478,2.4859,3.7225,2.0912,1.8517,3.659,1.5337,2.4753,3.4335,1.5973,2.5794,3.6339,1.6035,1.5916,4.248,1.8934,2.666,4.3408,1.9704,2.6694,4.4362,3.5267,2.7493,0.014262,1.7443,1.5246,4.1173,1.7873,1.9969,3.457,2.0312,2.9238,4.8443,1.2401,2.5373,3.2007,2.589,2.4396,4.9219,1.0986,2.6249,4.0511,1.5444,2.4573,3.4524,1.108,1.8438,4.0629,1.6832,1.5476,4.0565,1.7619,1.9916,3.4168,0.23999,2.915,3.3021,2.9501,2.2905,4.6899,1.2987,1.9464,4.2258,1.3359,2.6307,3.4963,1.4069,2.4604,3.3457,1.8873,1.9006,3.6456,1.9395,2.4815,4.049,1.031,2.2974,3.1509,2.5453,1.993,5.1477,1.2656,2.6347,3.4065,1.3578,2.4894,3.2905,0.38751,2.9192,3.433,0.6309,1.8642,2.7673,1.6312,1.9695,4.5216,1.4597,1.7763,4.1542,5.3096,2.864,1.6266,0.81126,2.0961,2.8244,1.0705,2.6603,4.0466,2.2614,2.5287,3.5982,2.514,2.3938,4.8214,2.9188,2.6563,4.6165,2.108,2.5,4.4614,2.3619,2.1549,4.2752,0.74711,2.0922,3.247,0.52174,2.4245,3.085,0.59486,2.1458,3.7007,2.3849,2.4192,4.5063,0.92741,2.4274,3.0236,1.2335,1.6186,4.2725,1.6656,2.0279,3.4113,6.0154,2.6605,1.7525,3.4515,2.9094,0.18421,0.85909,2.3803,3.0611,1.6652,1.6197,4.059,1.5167,1.9056,3.1714,0.78987,2.4287,2.9461,2.1553,2.3242,4.8434,1.225,2.566,3.1755,1.0255,1.954,3.5055,0.41576,1.9822,3.3026,1.7324,2.0069,3.3902,2.3996,2.1435,4.2534,2.2179,2.141,5.0075,1.2558,1.6555,3.8478,0.70463,1.9795,2.7872,2.2271,2.1642,5.0439,2.3847,2.2488,4.5822,1.5782,2.4459,3.9674,4.4406,2.8836,0.35772,1.9544,2.441,4.0287,0.808,1.9493,4.1161,1.3339,2.6403,4.2943,3.7888,2.7969,0.070366,1.5537,1.6542,3.3052,0.22636,2.2995,3.2664,5.112,2.8825,1.0658,0.6926,2.7315,3.4086,1.3669,2.5318,3.0471,2.1717,2.0842,4.9216,1.4823,2.0245,4.418,1.5284,1.6326,3.3166,1.422,2.9122,3.3744,0.6048,2.4117,2.9305,0.88134,2.4412,3.0335,0.23537,2.6025,3.3243,1.6597,2.3374,4.1886,0.62114,2.4168,2.8761,1.0035,2.2907,3.5694,1.3943,1.7699,4.2751,0.31547,2.328,3.3577,1.5254,1.5979,3.3045,0.58452,2.4139,2.9141,3.3292,2.8493,3.7153,1.9222,2.5527,3.9971,2.0515,2.1997,4.6581,2.3623,2.7562,4.9709,1.9137,1.8812,3.8389,1.2946,1.7116,3.7211,2.2017,2.1136,4.9821,1.3724,2.5974,3.9306,1.0039,3.0679,2.8256,4.7817,2.8991,0.48135,1.3596,2.7104,4.4057,1.9255,1.9023,3.8901,1.3358,2.6536,2.9679,0.65004,2.73,3.29,1.0471,2.891,4.2285,0.77176,2.5437,2.7346,0.67216,2.0326,2.9006,0.549,2.4142,3.3762,1.5652,2.1658,4.3145,1.505,2.7219,4.5276,0.52524,2.0043,2.9546,2.0057,1.8302,3.7979,1.1882,1.7696,3.7065,2.2298,2.6523,4.6664,1.3507,1.6398,4.1006,1.3386,2.1478,3.142,0.59252,2.0273,2.9819,0.54156,2.421,2.6723,1.6758,2.3783,4.2008,2.2504,2.6396,4.7292,0.55487,2.0333,2.9355,1.5851,1.6897,3.3517,0.4172,3.0585,2.2794,0.66817,2.5581,2.6518,3.1086,2.7389,6.1237,0.16498,2.8895,2.865,4.7034,2.9163,0.39833,2.2585,2.3275,3.5803,1.2499,3.0205,4.0901,1.2831,2.3997,3.4312,1.0428,3.0498,3.8869,2.3233,2.2306,3.7235,1.1783,1.7339,3.7041,2.4304,2.3616,4.5905,2.5005,2.696,4.0765,1.345,2.6738,4.3825,1.9081,1.8246,3.8225,1.218,2.6821,3.7335,2.3102,2.4331,4.8684,1.5979,2.5614,3.4622,2.163,2.2483,4.14,0.76262,1.941,3.3148,2.2421,2.4068,3.6346,2.2388,2.386,3.5966,2.2567,1.9853,5.0009,2.5911,2.2712,4.7859,2.3244,2.2504,3.7499,1.3648,1.6,3.8797,2.2289,2.6552,4.6959,1.9119,1.8546,3.8303,0.77297,2.1105,4.0926,1.592,1.746,4.2419,2.2656,2.656,4.7507,1.4472,2.3842,3.2652,6.0293,2.9141,2.3426,1.8425,1.7819,3.5369,1.8626,2.9029,4.1456,2.111,1.9688,4.872,1.2069,2.5891,4.3838,1.9759,2.1528,4.8856,1.6093,1.6854,3.9597,1.614,2.0367,3.32,1.0962,2.6757,3.629,0.9974,2.7771,3.862,1.4745,2.4801,3.9049,1.1646,2.7003,3.6561,1.8053,1.6485,4.0704,0.94241,2.4542,2.8388,1.9703,2.1315,4.4562,0.31559,2.7382,3.0743,1.0428,1.931,4.2724,0.98793,2.2932,3.1098,1.6927,2.4072,4.6071,0.95535,2.035,2.8704,0.72126,1.9686,2.7332,1.5955,1.6758,3.9649,0.9589,2.4418,2.8757,1.3361,1.5745,3.8488,2.7237,2.5695,4.6025,1.0814,2.1988,3.5796,1.1746,2.7155,3.6873,1.9762,1.9811,4.5104,1.0292,1.9432,4.2581,1.8723,1.6802,3.4702,1.6657,2.5398,4.0025,2.1483,2.5321,4.8792,2.0899,2.407,3.6329,1.3324,3.022,3.5439,1.461,1.4978,4.1926,0.61897,2.9851,3.6361,1.6136,1.6577,4.2028,0.73184,1.9879,2.7352,0.72756,2.1972,3.9769,2.6474,2.5854,4.5269,2.0491,2.0884,3.4143,1.443,2.8018,3.5807,1.0577,2.2937,3.5543,2.5722,2.0573,4.5634,1.4652,1.7167,4.4245,1.5536,2.5682,3.611,2.0569,2.3762,4.1207,2.634,2.3326,4.9188,0.53629,2.5256,3.0589
488.22,4.7816,260.67,8.4478,0.17726,1968.8,1.4541,1.7922,4.107,1.2825,2.2463,4.2633,1.1477,1.9365,4.2405,2.4397,2.6237,4.2869,0.8563,2.0189,4.2995,1.5119,2.571,3.8935,3.246,2.8249,6.1204,1.1305,1.9423,4.2462,1.7332,1.6028,4.2102,1.305,2.2272,4.329,0.82275,2.0577,4.2127,3.0079,2.8279,4.5752,5.4846,2.6671,1.2161,1.3347,2.6852,3.7162,0.8793,2.1336,2.9886,2.5531,2.1531,4.6076,1.4528,1.6303,3.9329,0.63104,2.6448,3.775,2.0454,1.7672,3.5247,1.0861,2.3808,3.2062,0.10926,2.3113,3.3335,1.7551,1.6748,3.4182,1.875,2.716,4.142,1.7902,1.7236,3.4217,1.4331,1.6014,3.9647,0.38928,2.1805,3.122,2.1215,2.4168,4.4908,1.4639,1.7115,3.2104,0.81407,1.9542,2.7333,3.1938,2.8337,6.0362,2.0612,1.8083,3.5307,1.0486,2.736,2.9516,1.8438,2.5922,4.0713,0.6711,1.9395,2.8009,1.05,2.4063,3.1391,1.9296,1.9214,4.5528,1.7169,1.6202,3.901,0.52657,2.1898,3.7831,1.1928,2.5716,3.7623,0.89929,2.1463,3.1534,2.7019,2.3739,4.4883,2.1729,2.2441,4.8079,1.5085,1.6696,3.9618,1.9053,1.9356,4.5369,1.5219,2.2284,3.2473,0.72272,2.1912,3.0295,2.4569,2.4375,4.4262,1.8921,2.5939,4.7191,1.8247,2.6107,4.6758,2.6895,2.3977,4.5242,1.2772,2.5524,3.8642,1.7702,2.2741,4.3916,1.8839,2.9721,3.799,0.63797,2.475,2.5952,1.4805,2.1106,4.6354,2.0146,2.9863,3.9321,0.29241,2.4091,3.3093,1.6631,1.5719,4.0685,0.67361,2.0825,3.0187,2.2569,2.2656,4.6742,0.7833,2.5263,3.2201,0.91018,2.1562,3.1468,6.2619,2.8863,1.7917,2.069,2.0535,4.7095,2.6679,2.4083,4.5073,2.5335,2.26,5.0418,1.927,2.6173,4.2217,1.0799,1.7396,4.0295,4.6537,2.8459,0.51462,0.83355,2.1383,2.9941,1.3134,2.0837,4.3615,1.0195,2.1291,3.442,2.0954,2.6607,4.3306,1.7393,1.5361,4.1239,1.2583,2.5237,3.1555,0.79729,2.488,3.7206,2.0932,1.8483,3.6554,1.5292,2.4773,3.431,1.5966,2.5808,3.6388,1.6009,1.589,4.2478,1.8856,2.6573,4.3309,1.9661,2.6616,4.4311,3.5339,2.7471,0.17324,1.7473,1.521,4.1143,1.792,1.9963,3.4582,2.0269,2.9232,4.8403,1.2433,2.5365,3.2052,2.5873,2.4396,4.9192,1.1015,2.625,4.0492,1.5411,2.4585,3.4517,1.1041,1.8447,4.0615,1.6847,1.5448,4.0552,1.7652,1.9905,3.4159,0.23909,2.9132,3.3013,2.9537,2.2897,4.6951,1.2974,1.9463,4.2267,1.3384,2.6295,3.5031,1.4044,2.4606,3.3462,1.8905,1.8958,3.642,1.94,2.4874,4.0529,1.0279,2.2977,3.1495,2.5452,1.991,5.1477,1.2673,2.633,3.4122,1.3526,2.4905,3.288,0.38921,2.9174,3.4346,0.62879,1.866,2.7612,1.6258,1.9665,4.5244,1.4596,1.7725,4.1553,5.3,2.8617,1.617,0.81043,2.0956,2.8257,1.0716,2.663,4.0448,2.2641,2.5271,3.5945,2.509,2.3913,4.8143,2.9265,2.6532,4.623,2.1069,2.4997,4.4595,2.3632,2.1592,4.2811,0.74418,2.0981,3.2393,0.53061,2.4223,3.0943,0.59438,2.1457,3.7002,2.3848,2.4159,4.5106,0.93592,2.4253,3.0322,1.2318,1.6206,4.2706,1.663,2.0288,3.4088,6.0025,2.6575,1.7387,3.4601,2.9075,0.19378,0.8601,2.3769,3.0669,1.6654,1.6191,4.0578,1.5181,1.9078,3.1711,0.79028,2.4273,2.9486,2.1556,2.3231,4.8389,1.2281,2.5667,3.1802,1.0266,1.9531,3.5057,0.408,1.9822,3.307,1.734,2.0063,3.3869,2.4012,2.1479,4.2581,2.2217,2.1398,5.0084,1.2532,1.6516,3.8491,0.70569,1.9795,2.7885,2.231,2.164,5.0462,2.388,2.2516,4.588,1.5785,2.4519,3.9672,4.449,2.8767,0.36685,1.9549,2.4469,4.0311,0.80639,1.9493,4.115,1.3428,2.6435,4.2984,3.7997,2.7942,0.08162,1.5553,1.6568,3.3063,0.22222,2.299,3.2604,5.1111,2.8762,1.0672,0.69517,2.729,3.4115,1.3708,2.5331,3.0497,2.1744,2.0813,4.9202,1.4821,2.0189,4.4215,1.5286,1.6322,3.3181,1.4238,2.9116,3.3743,0.6124,2.4095,2.9414,0.8788,2.4405,3.0351,0.23545,2.6016,3.3228,1.6628,2.3413,4.1924,0.62867,2.4156,2.8835,0.99927,2.2988,3.5622,1.3942,1.7685,4.2733,0.31538,2.3292,3.3559,1.5252,1.5964,3.3057,0.59038,2.4127,2.923,3.3437,2.8475,0.16251,1.9173,2.5508,3.9949,2.0555,2.2,4.6613,2.3449,2.7539,4.9504,1.9144,1.8756,3.836,1.2941,1.707,3.7226,2.2045,2.1115,4.9821,1.3716,2.5955,3.9275,0.99321,3.0679,2.8141,4.7866,2.8935,0.4861,1.3659,2.7112,4.4105,1.9266,1.8999,3.891,1.3398,2.6547,2.9731,0.65982,2.7279,3.3016,1.0548,2.8896,4.2358,0.78227,2.5455,2.7423,0.67187,2.0367,2.8984,0.54927,2.4147,3.3742,1.5653,2.1637,4.3188,1.5166,2.7228,4.537,0.52032,2.0063,2.9467,2.0064,1.8276,3.7977,1.1876,1.7657,3.7096,2.2237,2.6495,4.657,1.3487,1.6442,4.0965,1.3358,2.1468,3.1405,0.59039,2.0311,2.976,0.5449,2.4198,2.6771,1.6807,2.3854,4.2044,2.2426,2.6351,4.7187,0.55099,2.0359,2.9281,1.5858,1.6889,3.3531,0.40368,3.0596,2.2633,0.67133,2.5611,2.6532,3.1202,2.7373,6.1366,0.17917,2.8897,2.8816,4.7068,2.9129,0.40147,2.2561,2.3222,3.5725,1.2559,3.0167,4.0986,1.276,2.4042,3.4265,1.0469,3.0483,3.8941,2.3213,2.2306,3.7192,1.1773,1.7275,3.7075,2.4305,2.3625,4.5912,2.4951,2.6979,4.0779,1.3486,2.6735,4.3837,1.9087,1.8169,3.8193,1.221,2.677,3.7359,2.3064,2.431,4.8597,1.597,2.5591,3.4698,2.1634,2.2523,4.1432,0.76079,1.9435,3.3113,2.2372,2.4063,3.6283,2.2336,2.3842,3.5883,2.2597,1.9874,5.0034,2.5886,2.2702,4.7853,2.3222,2.2516,3.7472,1.3643,1.6002,3.8814,2.2198,2.6513,4.684,1.9131,1.849,3.8269,0.7731,2.1086,4.0988,1.5916,1.7417,4.2409,2.2577,2.6526,4.7404,1.4473,2.3844,3.2652,6.0371,2.9157,2.3522,1.8427,1.781,3.5394,1.8582,2.8966,4.1391,2.1162,1.969,4.8767,1.2107,2.5893,4.3881,1.9795,2.1532,4.8862,1.6095,1.6805,3.9595,1.6152,2.0382,3.3175,1.0982,2.6719,3.6301,1.0001,2.775,3.8622,1.4787,2.4823,3.9088,1.1658,2.6965,3.6555,1.8036,1.6424,4.0698,0.94342,2.4542,2.8409,1.9741,2.1349,4.4601,0.32622,2.7343,3.0841,1.0408,1.9297,4.2728,0.98844,2.2919,3.1128,1.6959,2.4077,4.6084,0.95393,2.0331,2.8711,0.72038,1.9677,2.7328,1.5947,1.6712,3.9648,0.96027,2.4413,2.8797,1.3339,1.5732,3.8495,2.7229,2.5689,4.6026,1.0807,2.2025,3.5769,1.1766,2.7124,3.6887,1.9761,1.9811,4.5119,1.0273,1.9421,4.2585,1.8732,1.6811,3.4712,1.6658,2.5417,4.0025,2.1503,2.5312,4.8774,2.0871,2.4083,3.6292,1.3391,3.0193,3.5497,1.4617,1.4989,4.1906,0.61591,2.9845,3.6341,1.6141,1.6539,4.2014,0.73135,1.9872,2.735,0.72918,2.1977,3.9781,2.6457,2.5845,4.5267,2.0518,2.0865,3.4136,1.4456,2.7968,3.5837,1.0557,2.2987,3.5498,2.5747,2.0603,4.5686,1.464,1.7161,4.425,1.5517,2.5675,3.613,2.0571,2.3799,4.1236,2.632,2.3314,4.9162,0.53995,2.5257,3.0628
488.22,4.7816,260.67,8.4478,0.18612,1981.1,1.4506,1.7889,4.1045,1.2839,2.247,4.266,1.1436,1.9338,4.24,2.4365,2.6217,4.2864,0.85592,2.0179,4.3023,1.5111,2.5744,3.893,3.2583,2.8229,6.1358,1.1256,1.9396,4.2465,1.733,1.5982,4.2078,1.3062,2.2269,4.3346,0.8217,2.0577,4.2137,3.0136,2.8272,4.579,5.4765,2.6608,1.2078,1.3366,2.6809,3.7178,0.87516,2.1329,2.9864,2.5583,2.1586,4.6176,1.4517,1.6299,3.9345,0.62862,2.6479,3.7682,2.0476,1.7671,3.5273,1.0811,2.3795,3.2073,0.098522,2.312,3.3188,1.7533,1.6739,3.4202,1.8682,2.7117,4.1338,1.7906,1.7256,3.4235,1.4316,1.5989,3.9669,0.38946,2.1826,3.1187,2.1251,2.4188,4.495,1.4632,1.714,3.2109,0.81324,1.957,2.7325,3.2072,2.8327,6.0515,2.0655,1.8105,3.5347,1.0501,2.7378,2.9541,1.8462,2.593,4.0761,0.67319,1.9426,2.8019,1.0472,2.4047,3.1421,1.9321,1.9217,4.5566,1.7187,1.6183,3.9025,0.52929,2.1884,3.7874,1.195,2.5765,3.7645,0.89401,2.1499,3.1482,2.7105,2.3768,4.4983,2.1783,2.2484,4.8146,1.5107,1.67,3.964,1.9076,1.9372,4.5398,1.5251,2.2309,3.2466,0.71714,2.1958,3.0224,2.4585,2.4401,4.4314,1.8881,2.5936,4.7067,1.8206,2.6114,4.665,2.7015,2.402,4.541,1.2768,2.5554,3.8604,1.7764,2.2765,4.3971,1.8767,2.9666,3.7907,0.64451,2.4756,2.6006,1.4759,2.1147,4.6346,2.0117,2.9805,3.928,0.28771,2.4095,3.3038,1.6632,1.5694,4.0676,0.67202,2.0839,3.0161,2.2561,2.2657,4.6728,0.78803,2.5212,3.2298,0.9068,2.1591,3.1427,6.2588,2.8854,1.7869,2.0749,2.0569,4.7168,2.6766,2.4121,4.5204,2.5282,2.2558,5.035,1.9221,2.608,4.2166,1.0801,1.7336,4.034,4.654,2.8385,0.51432,0.83138,2.1387,2.9929,1.3148,2.0827,4.3659,1.0172,2.1313,3.4392,2.0873,2.6557,4.3208,1.7422,1.5317,4.1216,1.2633,2.5219,3.1585,0.79985,2.4901,3.7188,2.0953,1.8447,3.6518,1.5246,2.4794,3.4283,1.5964,2.5821,3.6443,1.5983,1.5864,4.2476,1.8782,2.6483,4.3211,1.962,2.6535,4.4263,3.5412,2.7449,2.9324,1.7502,1.5173,4.1114,1.7967,1.9956,3.4594,2.0223,2.9226,4.8359,1.2463,2.5358,3.2094,2.5857,2.4394,4.9165,1.1043,2.6251,4.0472,1.5377,2.4597,3.451,1.1005,1.8456,4.0598,1.6863,1.5419,4.0538,1.7686,1.9894,3.4151,0.23856,2.9116,3.3009,2.9572,2.2888,4.7001,1.296,1.946,4.2277,1.3408,2.6284,3.5097,1.402,2.461,3.3466,1.8937,1.891,3.6384,1.9405,2.4931,4.0569,1.0249,2.2979,3.148,2.5449,1.9892,5.1477,1.2689,2.6315,3.4178,1.3477,2.4915,3.2857,0.39066,2.9158,3.4359,0.62674,1.8676,2.7554,1.6203,1.9636,4.5268,1.4597,1.7688,4.1562,5.291,2.8595,1.608,0.80959,2.0952,2.8269,1.0724,2.6657,4.043,2.2671,2.5253,3.5913,2.5044,2.3889,4.8074,2.9343,2.6502,4.6295,2.106,2.4995,4.4578,2.3648,2.1635,4.2869,0.74098,2.104,3.2313,0.53926,2.4201,3.1035,0.59395,2.1455,3.6998,2.3846,2.4125,4.5149,0.94433,2.4231,3.0409,1.23,1.6228,4.2685,1.6604,2.0297,3.4064,5.9901,2.6546,1.7254,3.4683,2.9055,0.2029,0.86074,2.3734,3.0722,1.6656,1.6185,4.0568,1.5194,1.91,3.1708,0.79055,2.4257,2.9509,2.156,2.3222,4.8345,1.2311,2.5673,3.1848,1.0276,1.9521,3.5061,0.40032,1.9826,3.3115,1.7356,2.0056,3.3836,2.4028,2.1523,4.2629,2.2255,2.1384,5.0094,1.2505,1.6475,3.8504,0.70668,1.9794,2.7898,2.2349,2.1637,5.0485,2.3912,2.2544,4.5937,1.5788,2.458,3.9668,4.4572,2.8699,0.37584,1.9553,2.4526,4.0335,0.80482,1.9494,4.114,1.3516,2.6468,4.3026,3.8103,2.7915,0.093095,1.5569,1.6592,3.3075,0.2182,2.2986,3.2545,5.1105,2.87,1.0688,0.69741,2.7267,3.414,1.3745,2.5345,3.0523,2.1773,2.0786,4.9189,1.4819,2.0133,4.4249,1.5288,1.6318,3.3196,1.4256,2.911,3.3742,0.61989,2.4073,2.9522,0.87621,2.4398,3.0367,0.23541,2.6007,3.3211,1.6658,2.345,4.1963,0.63589,2.4143,2.8908,0.99486,2.3068,3.555,1.3942,1.767,4.2716,0.31527,2.3302,3.3545,1.525,1.5948,3.3068,0.59596,2.4116,2.9313,3.3577,2.8456,6.2475,1.9127,2.549,3.9925,2.0596,2.2002,4.6643,2.3278,2.7514,4.9301,1.915,1.8699,3.8332,1.2935,1.7027,3.724,2.2073,2.1092,4.9821,1.3709,2.5936,3.9246,0.98225,3.068,2.8025,4.7913,2.8879,0.49097,1.3722,2.712,4.4155,1.9274,1.8977,3.892,1.3438,2.6558,2.9781,0.66896,2.7258,3.3123,1.0627,2.888,4.2433,0.79238,2.5475,2.7496,0.67163,2.0407,2.8964,0.54952,2.415,3.3722,1.5653,2.1615,4.323,1.5281,2.7238,4.5461,0.51547,2.0083,2.9388,2.0073,1.8251,3.7976,1.187,1.762,3.7126,2.2183,2.6466,4.6482,1.3464,1.6485,4.0922,1.333,2.1458,3.1391,0.58831,2.0348,2.9703,0.5481,2.4186,2.6817,1.6854,2.3923,4.2078,2.2351,2.6307,4.7084,0.54724,2.0384,2.9208,1.5866,1.6882,3.3545,0.38936,3.0605,2.2465,0.67418,2.564,2.6543,3.1315,2.7357,6.1494,0.19286,2.89,2.8975,4.7103,2.9095,0.40477,2.2539,2.317,3.565,1.2614,3.013,4.1063,1.2692,2.4084,3.4219,1.0505,3.0468,3.9005,2.3193,2.2305,3.715,1.1763,1.7214,3.711,2.4306,2.3635,4.5919,2.4895,2.6995,4.0791,1.3519,2.6731,4.3846,1.9093,1.8092,3.8162,1.2238,2.6719,3.7382,2.3029,2.4289,4.8513,1.596,2.5567,3.4772,2.1637,2.2561,4.1465,0.75898,1.9461,3.3077,2.2326,2.4058,3.6224,2.2285,2.3825,3.5804,2.2626,1.9893,5.0054,2.5862,2.2692,4.7846,2.32,2.2528,3.7447,1.3638,1.6003,3.883,2.2111,2.6473,4.6726,1.9141,1.8436,3.8234,0.77321,2.1066,4.1048,1.5912,1.7376,4.24,2.25,2.6491,4.7305,1.4475,2.3845,3.2653,6.045,2.9173,2.3615,1.8431,1.7801,3.5417,1.854,2.8907,4.133,2.1212,1.9691,4.881,1.2141,2.5894,4.3922,1.9831,2.1536,4.8866,1.6097,1.6758,3.9591,1.6163,2.0397,3.3153,1.1002,2.6683,3.6313,1.0027,2.7732,3.8623,1.4828,2.4844,3.9127,1.1669,2.6928,3.6549,1.8019,1.6365,4.0692,0.94437,2.4542,2.843,1.9777,2.1382,4.4639,0.33631,2.7305,3.0934,1.039,1.9283,4.2732,0.98894,2.2907,3.1155,1.699,2.4082,4.6096,0.95259,2.0312,2.8717,0.71956,1.9667,2.7325,1.594,1.667,3.9647,0.96154,2.4409,2.8834,1.3318,1.5719,3.8502,2.7223,2.5683,4.6028,1.08,2.2059,3.5741,1.1786,2.7094,3.6902,1.9761,1.9809,4.5134,1.0255,1.9411,4.259,1.8742,1.682,3.4722,1.6659,2.5436,4.0027,2.1523,2.5304,4.8759,2.0843,2.4097,3.6256,1.3454,3.0167,3.5554,1.4623,1.4998,4.1887,0.61274,2.984,3.6318,1.6146,1.6505,4.2,0.73089,1.9865,2.7348,0.7307,2.1983,3.9791,2.644,2.5836,4.5264,2.0545,2.0847,3.4128,1.4479,2.7921,3.5865,1.0536,2.3035,3.5454,2.5771,2.0631,4.5737,1.4629,1.7155,4.4253,1.55,2.5668,3.6149,2.0573,2.3834,4.1264,2.6302,2.3302,4.9138,0.54341,2.5257,3.0665
488.22,4.7816,260.67,8.4478,0.19498,1992.9,1.4472,1.7856,4.102,1.2852,2.2476,4.2687,1.1395,1.9313,4.2393,2.4334,2.6196,4.286,0.85554,2.0171,4.3051,1.5104,2.5776,3.8924,3.2707,2.8206,6.1511,1.1209,1.937,4.2466,1.7328,1.5938,4.2053,1.3074,2.2264,4.3402,0.82074,2.0577,4.215,3.019,2.8266,4.5825,5.4687,2.6544,1.2001,1.338,2.6772,3.719,0.87105,2.1321,2.9842,2.5635,2.164,4.6275,1.4506,1.6297,3.9359,0.62608,2.6508,3.7611,2.05,1.7671,3.53,1.0756,2.3786,3.2077,0.087515,2.3124,3.3038,1.7515,1.673,3.4221,1.8621,2.7079,4.1263,1.7908,1.7276,3.4252,1.4304,1.5967,3.9689,0.38967,2.1846,3.1155,2.1286,2.4208,4.4991,1.4626,1.7166,3.2115,0.8124,1.9597,2.7319,3.2216,2.8316,6.0678,2.0701,1.8125,3.5388,1.0513,2.7399,2.9564,1.8488,2.5938,4.0808,0.67526,1.9457,2.8027,1.0441,2.403,3.1449,1.9346,1.9218,4.5607,1.7206,1.6166,3.9039,0.53231,2.1866,3.792,1.1974,2.581,3.7673,0.88888,2.1531,3.1433,2.7193,2.3797,4.508,2.1836,2.2524,4.8211,1.5128,1.6703,3.9662,1.9102,1.9388,4.543,1.5284,2.2336,3.246,0.71194,2.1999,3.0161,2.4599,2.4425,4.4367,1.8839,2.5933,4.6941,1.8166,2.612,4.6545,2.7137,2.4058,4.5581,1.2764,2.5584,3.8565,1.783,2.2787,4.4024,1.8698,2.9612,3.7827,0.65082,2.4762,2.6058,1.4712,2.119,4.6336,2.0089,2.9744,3.9242,0.28303,2.4098,3.2985,1.6634,1.5669,4.0668,0.67052,2.0851,3.0137,2.2551,2.2657,4.6714,0.79226,2.5163,3.2393,0.90375,2.1617,3.139,6.2557,2.8845,1.7828,2.0811,2.0603,4.7239,2.6852,2.4153,4.5333,2.5234,2.2518,5.0287,1.9179,2.5994,4.2123,1.0804,1.7276,4.0385,4.6539,2.8316,0.51385,0.82935,2.1391,2.9919,1.3162,2.0817,4.3702,1.0149,2.1335,3.4365,2.0796,2.6508,4.3117,1.7454,1.527,4.1193,1.2683,2.5203,3.1613,0.80247,2.492,3.717,2.0974,1.8413,3.6484,1.52,2.4814,3.4259,1.5965,2.5833,3.65,1.5958,1.5841,4.2475,1.8714,2.6398,4.3121,1.9585,2.6457,4.422,3.5482,2.7429,0.04914,1.7532,1.5136,4.1084,1.8013,1.995,3.4607,2.0176,2.922,4.8312,1.2491,2.535,3.2133,2.5843,2.4393,4.9138,1.1071,2.6251,4.0451,1.5344,2.4609,3.4502,1.0968,1.8464,4.0584,1.688,1.5393,4.0525,1.7719,1.9883,3.4145,0.23814,2.91,3.3004,2.9607,2.2879,4.7048,1.2946,1.9458,4.2285,1.3431,2.6275,3.5163,1.3997,2.4612,3.3472,1.897,1.8861,3.635,1.9411,2.4986,4.0608,1.022,2.2981,3.1467,2.5446,1.9876,5.1477,1.2708,2.6302,3.4236,1.3428,2.4925,3.2833,0.39195,2.9142,3.4371,0.62483,1.8692,2.7499,1.6146,1.9607,4.529,1.4598,1.7653,4.1572,5.2822,2.8574,1.5994,0.80875,2.095,2.828,1.0731,2.6683,4.041,2.2704,2.5235,3.589,2.5002,2.3866,4.801,2.9421,2.6471,4.6359,2.1052,2.4993,4.4562,2.3664,2.1681,4.2929,0.7376,2.1096,3.2233,0.54751,2.4181,3.1121,0.59356,2.1453,3.6996,2.3843,2.4093,4.5191,0.95232,2.421,3.049,1.2282,1.6248,4.2664,1.6578,2.0305,3.404,5.978,2.6516,1.7126,3.4758,2.9036,0.21142,0.86082,2.3702,3.0767,1.6658,1.618,4.0557,1.5207,1.9121,3.1707,0.79069,2.4242,2.9531,2.1565,2.3214,4.8305,1.2338,2.5681,3.1893,1.0287,1.951,3.5065,0.3928,1.9828,3.3161,1.7372,2.0048,3.3803,2.4047,2.1569,4.268,2.2292,2.1371,5.0103,1.2477,1.6436,3.8514,0.70764,1.9794,2.791,2.2387,2.1635,5.0507,2.3944,2.2571,4.5992,1.5789,2.4635,3.9666,4.4652,2.8633,0.38462,1.9557,2.4583,4.0359,0.80331,1.9494,4.1129,1.3603,2.6499,4.3067,3.8204,2.7889,0.10425,1.5584,1.6619,3.3086,0.21434,2.2981,3.2489,5.1101,2.8637,1.0708,0.69924,2.7245,3.416,1.378,2.5358,3.0545,2.1801,2.0757,4.9178,1.4817,2.0076,4.4283,1.5288,1.6312,3.321,1.4275,2.9105,3.374,0.62716,2.4053,2.9627,0.87364,2.4392,3.0381,0.2353,2.5997,3.3195,1.6689,2.3486,4.2001,0.6428,2.4131,2.8976,0.99027,2.3147,3.5474,1.394,1.7656,4.2698,0.31509,2.3312,3.3528,1.5248,1.5932,3.3079,0.60134,2.4107,2.9395,3.3712,2.8437,0.042456,1.9078,2.5473,3.9901,2.0635,2.2003,4.6674,2.3112,2.7489,4.9101,1.9155,1.864,3.8306,1.2931,1.6985,3.7255,2.21,2.107,4.9821,1.3703,2.5918,3.9219,0.97111,3.068,2.7906,4.796,2.8821,0.49589,1.3786,2.7126,4.4206,1.9284,1.8955,3.8931,1.3476,2.6569,2.9831,0.67746,2.7237,3.3225,1.0705,2.8862,4.2507,0.80219,2.5494,2.7566,0.6715,2.0443,2.8948,0.54975,2.4154,3.3702,1.5653,2.159,4.3272,1.5392,2.7245,4.555,0.51081,2.01,2.9312,2.0079,1.8226,3.7976,1.1863,1.7584,3.7155,2.2135,2.644,4.6404,1.3443,1.6526,4.0881,1.3301,2.1448,3.1378,0.58626,2.0382,2.9648,0.55118,2.4176,2.6863,1.6901,2.3989,4.2111,2.2282,2.6264,4.6989,0.54372,2.0407,2.9141,1.5872,1.6874,3.3559,0.37451,3.0615,2.2293,0.67677,2.567,2.655,3.1428,2.7339,6.1618,0.20627,2.89,2.913,4.7138,2.9062,0.40827,2.2521,2.3117,3.5579,1.2659,3.0094,4.1131,1.2629,2.4121,3.4179,1.0533,3.0454,3.9062,2.3174,2.2304,3.7109,1.1752,1.7153,3.7143,2.4306,2.3642,4.5925,2.4842,2.7009,4.0806,1.3552,2.6729,4.3854,1.9099,1.8016,3.8134,1.2265,2.667,3.7402,2.2998,2.4269,4.8435,1.5951,2.5547,3.4841,2.1642,2.26,4.1497,0.75717,1.9486,3.3042,2.2281,2.4052,3.6162,2.2236,2.3806,3.5724,2.2653,1.9911,5.0072,2.5837,2.2681,4.7839,2.3179,2.254,3.742,1.3635,1.6003,3.8844,2.203,2.6433,4.6618,1.9154,1.8382,3.8201,0.77333,2.1048,4.1106,1.5909,1.7337,4.239,2.2426,2.6457,4.7209,1.4477,2.3847,3.2653,6.053,2.9187,2.3712,1.8434,1.7793,3.5439,1.8503,2.8847,4.1274,2.1261,1.9691,4.885,1.2173,2.5896,4.396,1.9863,2.154,4.8869,1.6099,1.6713,3.9589,1.6176,2.0411,3.3131,1.1019,2.6649,3.6323,1.0052,2.7712,3.8623,1.4867,2.4863,3.9164,1.168,2.6894,3.6543,1.8005,1.6309,4.0687,0.94526,2.4542,2.8449,1.9812,2.1413,4.4677,0.34593,2.7267,3.1022,1.0372,1.9271,4.2735,0.98935,2.2895,3.1182,1.7021,2.4086,4.6108,0.95127,2.0294,2.8723,0.71878,1.9659,2.7321,1.5934,1.6631,3.9647,0.96271,2.4404,2.887,1.3297,1.5706,3.851,2.7216,2.5678,4.6029,1.0792,2.2092,3.5714,1.1805,2.7067,3.6915,1.9761,1.9808,4.5147,1.0239,1.9401,4.2594,1.8751,1.6828,3.4732,1.666,2.5452,4.0027,2.1543,2.5296,4.8745,2.0816,2.411,3.6223,1.3515,3.0142,3.5607,1.4629,1.5007,4.1869,0.6095,2.9836,3.6294,1.6153,1.6472,4.1987,0.73045,1.9857,2.7347,0.73215,2.1989,3.9801,2.6424,2.5829,4.5262,2.057,2.0829,3.4122,1.4501,2.7877,3.5892,1.0515,2.3081,3.5413,2.5794,2.0658,4.5786,1.4619,1.715,4.4257,1.5483,2.5662,3.6167,2.0575,2.3867,4.129,2.6285,2.3291,4.9116,0.54671,2.5259,3.0701
488.22,4.7816,260.67,8.4478,0.20384,2001.8,1.4437,1.7823,4.0996,1.2865,2.2481,4.2715,1.1357,1.9288,4.2387,2.4305,2.6176,4.2856,0.85513,2.0163,4.3078,1.5095,2.5807,3.8916,3.283,2.8182,6.1663,1.1162,1.9345,4.2468,1.7327,1.5896,4.2029,1.3085,2.2261,4.3458,0.81984,2.0578,4.2162,3.0244,2.8259,4.5861,5.4612,2.648,1.1928,1.3393,2.6738,3.7201,0.86696,2.1313,2.9818,2.5687,2.1692,4.6373,1.4496,1.6295,3.9375,0.62355,2.6536,3.754,2.0524,1.7671,3.5327,1.0697,2.3779,3.2074,0.076365,2.3128,3.2886,1.7496,1.6719,3.4241,1.8565,2.7041,4.1195,1.7912,1.7296,3.4269,1.4293,1.5946,3.9709,0.38987,2.1865,3.1123,2.1322,2.4229,4.5031,1.462,1.7194,3.212,0.81149,1.9622,2.7312,3.2369,2.8304,6.085,2.0748,1.8146,3.5431,1.0526,2.742,2.9586,1.8515,2.5947,4.0859,0.67724,1.9488,2.8036,1.0409,2.4015,3.1475,1.9373,1.9222,4.5648,1.7226,1.6153,3.9055,0.53563,2.1849,3.7972,1.2,2.5854,3.7702,0.8837,2.1564,3.1383,2.7278,2.3824,4.5174,2.1891,2.2565,4.8278,1.515,1.6705,3.9682,1.913,1.9404,4.5461,1.5321,2.2361,3.2455,0.70694,2.204,3.0102,2.4612,2.4449,4.4416,1.8796,2.5929,4.6811,1.8129,2.6125,4.6439,2.7262,2.4094,4.5754,1.276,2.5613,3.8526,1.7897,2.2809,4.4077,1.8628,2.9557,3.7748,0.65701,2.4767,2.6109,1.4664,2.1234,4.6322,2.0062,2.9681,3.9205,0.27831,2.41,3.2932,1.6636,1.5644,4.066,0.66904,2.086,3.0115,2.254,2.2655,4.6695,0.79627,2.5111,3.2486,0.90096,2.1642,3.1357,6.2531,2.8836,1.7792,2.0873,2.0635,4.7309,2.6935,2.4182,4.5459,2.519,2.2476,5.0226,1.9141,2.5913,4.2082,1.0808,1.7215,4.0432,4.6537,2.8249,0.51333,0.82746,2.1396,2.9911,1.3178,2.0806,4.3743,1.0126,2.1357,3.4337,2.0721,2.6459,4.3027,1.7485,1.5221,4.1169,1.2731,2.5186,3.1641,0.80513,2.4937,3.7155,2.0995,1.8379,3.6451,1.5155,2.4833,3.4235,1.5969,2.5843,3.6561,1.5934,1.582,4.2474,1.865,2.6312,4.3033,1.9553,2.638,4.4181,3.5552,2.7407,0.023148,1.7561,1.5099,4.1053,1.8058,1.9942,3.462,2.0126,2.9213,4.8262,1.2518,2.5342,3.2171,2.5828,2.4392,4.9112,1.1098,2.6251,4.043,1.5311,2.4621,3.4495,1.0933,1.847,4.0568,1.6895,1.5367,4.0512,1.7753,1.9872,3.414,0.23803,2.9083,3.3002,2.9641,2.287,4.7094,1.2932,1.9454,4.2294,1.3454,2.6267,3.5227,1.3975,2.4616,3.3476,1.9003,1.8813,3.6317,1.9417,2.5037,4.0648,1.0192,2.2982,3.1455,2.5442,1.9862,5.1476,1.2726,2.629,3.4293,1.338,2.4934,3.2809,0.39311,2.9125,3.438,0.62299,1.8705,2.7446,1.6089,1.9578,4.5307,1.46,1.7618,4.1581,5.2738,2.8553,1.591,0.80789,2.0947,2.8291,1.0736,2.6708,4.0391,2.274,2.5216,3.5874,2.4961,2.3845,4.795,2.9498,2.644,4.6422,2.1045,2.4993,4.4548,2.368,2.1726,4.299,0.73404,2.115,3.2152,0.55551,2.4161,3.1204,0.59325,2.1451,3.6993,2.3839,2.4061,4.5234,0.96005,2.4189,3.0569,1.2263,1.6269,4.2642,1.6552,2.0313,3.4016,5.9664,2.6487,1.7003,3.4829,2.9017,0.21941,0.86045,2.3672,3.0807,1.666,1.6175,4.0548,1.522,1.9143,3.1705,0.79071,2.4226,2.9551,2.157,2.3206,4.8266,1.2364,2.569,3.1936,1.0296,1.9499,3.5069,0.38546,1.9832,3.3207,1.7387,2.004,3.377,2.4066,2.1614,4.2732,2.2329,2.1357,5.0111,1.2449,1.6398,3.8523,0.70853,1.9794,2.7919,2.2424,2.1631,5.0529,2.3976,2.2597,4.6046,1.5791,2.4689,3.9662,4.4728,2.8568,0.39331,1.9562,2.464,4.0384,0.80184,1.9495,4.1119,1.3689,2.6529,4.3107,3.8303,2.7864,0.11514,1.5601,1.6644,3.3097,0.21066,2.2976,3.2435,5.1099,2.8576,1.073,0.70078,2.7224,3.4178,1.3813,2.5371,3.0567,2.1831,2.0729,4.9167,1.4814,2.0019,4.4317,1.5289,1.6307,3.3225,1.4293,2.91,3.3738,0.63424,2.4032,2.9729,0.87106,2.4384,3.0395,0.23514,2.5988,3.3178,1.6718,2.352,4.2039,0.64947,2.412,2.9044,0.98552,2.3226,3.5398,1.3939,1.7641,4.268,0.31489,2.3321,3.3513,1.5245,1.5913,3.3091,0.60651,2.4098,2.9473,3.384,2.8417,0.057666,1.903,2.5456,3.9876,2.0674,2.2004,4.6703,2.295,2.7463,4.8906,1.916,1.8583,3.8281,1.2925,1.6944,3.7268,2.2126,2.1049,4.982,1.3698,2.5902,3.9192,0.95982,3.0681,2.7787,4.8005,2.8763,0.5009,1.3849,2.7132,4.4259,1.9293,1.8933,3.8941,1.3513,2.6578,2.9879,0.68541,2.7218,3.3319,1.0783,2.8844,4.2582,0.81166,2.5514,2.7634,0.67144,2.048,2.8933,0.54996,2.4158,3.3681,1.5652,2.1566,4.3313,1.5499,2.7253,4.5636,0.50627,2.0117,2.9238,2.0085,1.8202,3.7976,1.1858,1.7548,3.7184,2.2093,2.6416,4.6332,1.3421,1.6566,4.084,1.3273,2.1439,3.1365,0.58424,2.0415,2.9594,0.55415,2.4165,2.6907,1.6945,2.4052,4.214,2.2215,2.6222,4.6896,0.54037,2.0428,2.9077,1.5879,1.6868,3.3573,0.35917,3.0624,2.2115,0.67905,2.57,2.6555,3.1537,2.7322,6.1738,0.21927,2.89,2.9281,4.7174,2.9031,0.41188,2.2504,2.3066,3.551,1.2701,3.0058,4.1192,1.2567,2.4155,3.4142,1.0557,3.0441,3.9114,2.3156,2.2304,3.7067,1.1741,1.7094,3.7175,2.4306,2.365,4.593,2.4788,2.7022,4.0819,1.3583,2.6725,4.3862,1.9104,1.7941,3.8108,1.229,2.6622,3.7423,2.297,2.425,4.8361,1.5941,2.5526,3.4908,2.1647,2.2637,4.153,0.75536,1.9511,3.3007,2.2239,2.4047,3.6104,2.2189,2.3788,3.5647,2.2678,1.9925,5.0085,2.5814,2.2671,4.7831,2.3157,2.2553,3.7396,1.3631,1.6001,3.8857,2.1953,2.6395,4.6515,1.9165,1.8329,3.8169,0.77345,2.103,4.1163,1.5905,1.7298,4.238,2.2355,2.6424,4.7116,1.4479,2.3849,3.2653,6.0612,2.9201,2.3807,1.8438,1.7785,3.5461,1.8468,2.8791,4.122,2.1307,1.969,4.8888,1.2203,2.5896,4.3995,1.9894,2.1544,4.8873,1.6103,1.6671,3.9586,1.6189,2.0424,3.311,1.1037,2.6616,3.6332,1.0076,2.7695,3.8622,1.4905,2.4879,3.9201,1.1689,2.6861,3.6537,1.7989,1.6255,4.0683,0.94609,2.4543,2.8466,1.9847,2.1442,4.4711,0.35508,2.723,3.1105,1.0355,1.9258,4.2738,0.98974,2.2884,3.1207,1.705,2.4089,4.612,0.95001,2.0278,2.8727,0.71803,1.9651,2.7319,1.5928,1.6594,3.9646,0.9638,2.4399,2.8904,1.3277,1.5693,3.8517,2.7211,2.5673,4.6032,1.0785,2.2124,3.5689,1.1823,2.7041,3.6928,1.9761,1.9807,4.516,1.0222,1.939,4.2598,1.876,1.6836,3.4741,1.666,2.5469,4.0027,2.1562,2.5288,4.8731,2.0791,2.4122,3.619,1.3574,3.0118,3.566,1.4634,1.5015,4.1852,0.6062,2.9832,3.627,1.616,1.6442,4.1974,0.73002,1.985,2.7345,0.73353,2.1995,3.981,2.6407,2.5821,4.526,2.0594,2.0812,3.4117,1.4523,2.7836,3.5918,1.0495,2.3123,3.5373,2.5816,2.0685,4.5833,1.461,1.7145,4.4261,1.5468,2.5657,3.6185,2.0578,2.3899,4.1316,2.6268,2.3282,4.9094,0.54985,2.526,3.0735
488.22,4.7816,260.67,8.4478,0.21271,2007.6,1.4403,1.7789,4.0973,1.288,2.2488,4.2742,1.1319,1.9265,4.238,2.4273,2.6157,4.2851,0.8547,2.0157,4.3103,1.5086,2.5838,3.8907,3.295,2.8157,6.1812,1.1115,1.932,4.247,1.7327,1.5855,4.2004,1.3096,2.2256,4.3513,0.81902,2.0581,4.2175,3.0295,2.8252,4.5894,5.454,2.6417,1.1859,1.3405,2.671,3.721,0.86282,2.1305,2.9795,2.5741,2.1744,4.6473,1.4485,1.6296,3.9391,0.62106,2.6564,3.7469,2.0547,1.767,3.5354,1.063,2.3775,3.2063,0.065093,2.313,3.2733,1.7476,1.671,3.4261,1.8513,2.7006,4.1132,1.7915,1.7314,3.4288,1.4283,1.5927,3.9729,0.38999,2.1885,3.1089,2.1359,2.425,4.5073,1.4615,1.7223,3.2127,0.81049,1.9646,2.7305,3.2536,2.8289,6.1037,2.0795,1.8168,3.5476,1.0537,2.7444,2.9606,1.8543,2.5956,4.0911,0.67913,1.9519,2.8042,1.0374,2.4001,3.1501,1.9401,1.9225,4.5691,1.7244,1.6141,3.9073,0.53928,2.1831,3.8026,1.2028,2.5896,3.7732,0.87844,2.1598,3.1333,2.7365,2.3851,4.5268,2.1947,2.2608,4.8348,1.5172,1.6705,3.9702,1.9161,1.942,4.5493,1.536,2.2388,3.2451,0.70205,2.2078,3.0048,2.4625,2.4471,4.4468,1.8751,2.5924,4.6675,1.8091,2.6132,4.6332,2.7393,2.4129,4.5933,1.2756,2.5643,3.8486,1.7966,2.2832,4.4132,1.8562,2.9502,3.767,0.66303,2.4773,2.6156,1.4612,2.1281,4.6306,2.0037,2.9615,3.9169,0.27344,2.4101,3.2877,1.6638,1.5617,4.065,0.66763,2.0868,3.0094,2.2525,2.2652,4.6673,0.8002,2.5058,3.2581,0.89841,2.1666,3.1327,6.2513,2.8826,1.7762,2.0936,2.0665,4.7379,2.7018,2.4208,4.5584,2.5146,2.2433,5.0166,1.9104,2.5834,4.2044,1.0812,1.715,4.0481,4.6533,2.8188,0.51282,0.8258,2.1398,2.9908,1.3195,2.0796,4.3785,1.0103,2.1378,3.431,2.0647,2.6409,4.2938,1.7519,1.5165,4.1144,1.2779,2.5168,3.1668,0.80789,2.4953,3.7141,2.1016,1.8345,3.6416,1.5109,2.4851,3.4212,1.5979,2.5851,3.6628,1.591,1.58,4.2474,1.8589,2.6227,4.2948,1.9524,2.6303,4.4143,3.562,2.7386,0.015825,1.7593,1.506,4.1021,1.8104,1.9934,3.4633,2.0072,2.9206,4.8209,1.2544,2.5336,3.2206,2.5814,2.4391,4.9087,1.1123,2.6249,4.0407,1.5277,2.4632,3.4488,1.0898,1.8476,4.0553,1.6911,1.5341,4.0498,1.7785,1.986,3.4135,0.23822,2.9067,3.3002,2.9675,2.2861,4.7138,1.2916,1.945,4.2303,1.3477,2.626,3.5291,1.3953,2.4619,3.3481,1.9037,1.8765,3.6285,1.9424,2.5086,4.0686,1.0164,2.2982,3.1443,2.5435,1.9852,5.1475,1.2745,2.628,3.435,1.3334,2.4943,3.2787,0.39411,2.9108,3.4389,0.62123,1.8719,2.7396,1.603,1.9551,4.532,1.4604,1.7585,4.1591,5.2661,2.8532,1.5833,0.80705,2.0945,2.83,1.074,2.6734,4.0371,2.2783,2.5194,3.5866,2.4924,2.3824,4.7892,2.9574,2.6408,4.6484,2.1038,2.4994,4.4534,2.3699,2.1772,4.3051,0.73026,2.1204,3.2069,0.56321,2.4141,3.1285,0.593,2.1448,3.6991,2.3831,2.4026,4.5275,0.96757,2.4169,3.0647,1.2243,1.6289,4.2618,1.6526,2.0319,3.3993,5.9553,2.6456,1.6885,3.4895,2.8998,0.22692,0.85972,2.3641,3.0844,1.6662,1.617,4.0538,1.5234,1.9164,3.1704,0.79061,2.421,2.9568,2.1577,2.3199,4.8229,1.239,2.5699,3.1978,1.0306,1.9487,3.5075,0.37836,1.9836,3.3255,1.7402,2.0031,3.3738,2.4086,2.1658,4.2784,2.2365,2.1343,5.0119,1.242,1.636,3.8532,0.70937,1.9794,2.7929,2.2461,2.1627,5.055,2.4006,2.2623,4.6099,1.5793,2.4742,3.9658,4.4802,2.8503,0.40178,1.9567,2.4695,4.0407,0.80041,1.9497,4.1108,1.3774,2.6559,4.3148,3.8397,2.7838,0.12572,1.5617,1.6669,3.3108,0.20706,2.2971,3.2385,5.1098,2.8515,1.0754,0.70201,2.7203,3.4191,1.3843,2.5383,3.0589,2.1861,2.0702,4.9158,1.4812,1.9961,4.4351,1.5291,1.63,3.3239,1.4311,2.9095,3.3737,0.64117,2.4012,2.983,0.86843,2.4378,3.0409,0.23483,2.5978,3.316,1.6748,2.3553,4.2076,0.6558,2.4109,2.9109,0.98063,2.3304,3.5321,1.3937,1.7627,4.2662,0.31462,2.3329,3.3499,1.5243,1.5895,3.3102,0.61142,2.409,2.9548,3.3962,2.8398,0.071788,1.8982,2.544,3.9851,2.0713,2.2004,4.6731,2.2793,2.7435,4.8713,1.9163,1.8524,3.8258,1.2919,1.6906,3.7282,2.2152,2.1026,4.9819,1.3693,2.5886,3.9168,0.94846,3.0684,2.7668,4.8051,2.8705,0.50602,1.3913,2.7137,4.4313,1.9303,1.8912,3.8952,1.3548,2.6588,2.9926,0.69278,2.72,3.3406,1.086,2.8826,4.2657,0.82068,2.5534,2.7696,0.67143,2.0514,2.892,0.55015,2.4162,3.3663,1.5651,2.1539,4.3353,1.5603,2.726,4.5721,0.50187,2.0133,2.9168,2.0091,1.818,3.7978,1.1851,1.7514,3.7211,2.2055,2.6393,4.6266,1.3398,1.6604,4.0801,1.3244,2.1428,3.1351,0.58229,2.0448,2.9543,0.55697,2.4156,2.6948,1.6989,2.4113,4.217,2.2152,2.618,4.6807,0.53717,2.0447,2.9017,1.5886,1.6863,3.3587,0.34335,3.0633,2.1935,0.68107,2.573,2.6556,3.1643,2.7304,6.1854,0.23173,2.89,2.9425,4.721,2.9003,0.41558,2.249,2.3015,3.5444,1.2736,3.0023,4.1248,1.2509,2.4187,3.4107,1.0576,3.0427,3.9161,2.3138,2.2304,3.7028,1.1732,1.7036,3.7207,2.4306,2.3657,4.5935,2.4736,2.7034,4.0832,1.3613,2.6723,4.3867,1.9109,1.7868,3.8082,1.2314,2.6575,3.7441,2.2945,2.4233,4.8292,1.5932,2.5507,3.4973,2.1652,2.2674,4.1563,0.7536,1.9536,3.2973,2.2197,2.404,3.6046,2.2144,2.377,3.5574,2.27,1.9939,5.0097,2.5791,2.266,4.7823,2.3136,2.2565,3.7372,1.3629,1.5998,3.887,2.188,2.6358,4.6418,1.9175,1.8278,3.8137,0.77356,2.1012,4.1216,1.5901,1.726,4.2371,2.2286,2.6391,4.7026,1.4481,2.3851,3.2654,6.0692,2.9213,2.3901,1.8443,1.7776,3.5482,1.8435,2.8737,4.1171,2.1351,1.9688,4.8921,1.2231,2.5897,4.403,1.9924,2.1548,4.8875,1.6106,1.663,3.9583,1.6201,2.0436,3.3091,1.1053,2.6585,3.6343,1.0097,2.7678,3.862,1.4942,2.4893,3.9238,1.17,2.6828,3.653,1.7974,1.6204,4.0679,0.94686,2.4543,2.8481,1.988,2.147,4.4744,0.36365,2.7195,3.1182,1.0339,1.9246,4.2741,0.99012,2.2875,3.123,1.7078,2.4092,4.6131,0.94882,2.0262,2.8732,0.71736,1.9644,2.7317,1.5923,1.6561,3.9646,0.9648,2.4396,2.8936,1.3259,1.5679,3.8524,2.7206,2.5668,4.6034,1.0778,2.2155,3.5664,1.184,2.7015,3.6941,1.9761,1.9805,4.5172,1.0208,1.9381,4.2603,1.8768,1.6843,3.475,1.6662,2.5485,4.0028,2.1582,2.5281,4.872,2.0767,2.4134,3.616,1.3628,3.0095,3.5708,1.4639,1.5023,4.1836,0.60291,2.9827,3.6245,1.6166,1.6412,4.1962,0.72962,1.9843,2.7343,0.73481,2.2002,3.9818,2.6393,2.5814,4.5258,2.0617,2.0796,3.411,1.4542,2.7796,3.5942,1.0476,2.3163,3.5336,2.5839,2.0709,4.5879,1.46,1.7142,4.4265,1.5454,2.5652,3.6201,2.058,2.3929,4.1341,2.6252,2.3272,4.9074,0.55279,2.5261,3.0768
488.22,4.7816,260.67,8.4478,0.22157,2011.0,1.4369,1.7756,4.0949,1.2894,2.2493,4.277,1.1282,1.9241,4.2373,2.4244,2.6137,4.2848,0.85427,2.015,4.3127,1.5077,2.5868,3.8896,3.3071,2.813,6.1962,1.107,1.9295,4.2471,1.7327,1.5817,4.1979,1.3108,2.2252,4.3569,0.81828,2.0584,4.219,3.0344,2.8245,4.5926,5.447,2.6355,1.1793,1.3414,2.6684,3.7218,0.8587,2.1297,2.977,2.5795,2.1795,4.6573,1.4474,1.6299,3.9406,0.61864,2.6593,3.7396,2.0571,1.767,3.538,1.0559,2.3773,3.2045,0.05321,2.3131,3.2578,1.7457,1.6698,3.4282,1.8465,2.6972,4.1076,1.7918,1.7334,3.4307,1.4276,1.5911,3.9748,0.39005,2.1905,3.1054,2.1396,2.4273,4.5115,1.461,1.7252,3.2135,0.8094,1.9669,2.7298,3.2715,2.8273,6.1239,2.0847,1.8189,3.5525,1.0546,2.7469,2.9623,1.8575,2.5968,4.0967,0.68094,1.9551,2.8047,1.0336,2.3989,3.1523,1.943,1.9229,4.5736,1.7264,1.6133,3.909,0.54329,2.181,3.8085,1.2057,2.5938,3.7764,0.8731,2.1632,3.1283,2.7451,2.3878,4.5361,2.2005,2.2652,4.8421,1.5195,1.6705,3.9721,1.9193,1.9437,4.5527,1.5403,2.2416,3.2447,0.69739,2.2115,3.0,2.4637,2.4493,4.452,1.8703,2.5917,4.6537,1.8056,2.614,4.6226,2.7528,2.4162,4.6115,1.275,2.5675,3.8445,1.8039,2.2855,4.4189,1.8495,2.9445,3.7592,0.66886,2.478,2.6201,1.456,2.133,4.6285,2.0012,2.9547,3.9135,0.26837,2.4101,3.282,1.664,1.5589,4.064,0.66629,2.0874,3.0076,2.2509,2.2648,4.6646,0.80387,2.5003,3.2676,0.89607,2.1688,3.13,6.2502,2.8815,1.7739,2.1,2.0694,4.7448,2.7099,2.4231,4.5707,2.5104,2.2388,5.0107,1.9073,2.5759,4.2009,1.0815,1.7082,4.0534,4.6527,2.8132,0.51228,0.82443,2.1401,2.9911,1.3214,2.0785,4.3824,1.0079,2.14,3.4283,2.0573,2.6356,4.2849,1.7555,1.5106,4.1116,1.2827,2.5149,3.1693,0.81074,2.4967,3.7128,2.1036,1.8311,3.6383,1.5065,2.4867,3.4191,1.5993,2.5859,3.6698,1.5886,1.578,4.2474,1.8531,2.6142,4.2868,1.9498,2.6226,4.4109,3.5686,2.7365,0.026301,1.7624,1.5019,4.0986,1.8148,1.9925,3.4646,2.0017,2.9198,4.8151,1.257,2.5328,3.224,2.5801,2.439,4.9062,1.1148,2.6246,4.0386,1.5244,2.4643,3.4481,1.0865,1.8481,4.0538,1.6928,1.5315,4.0485,1.7818,1.9848,3.4132,0.23866,2.905,3.3005,2.9708,2.2851,4.718,1.2901,1.9447,4.2311,1.3501,2.6256,3.5355,1.3932,2.4622,3.3486,1.9071,1.8717,3.6253,1.9431,2.5133,4.0723,1.0136,2.2982,3.1431,2.5428,1.9845,5.1474,1.2765,2.6271,3.4409,1.3288,2.4951,3.2763,0.39498,2.9091,3.4396,0.61956,1.8731,2.7347,1.597,1.9525,4.533,1.4608,1.7553,4.1599,5.2586,2.8513,1.5759,0.8062,2.0944,2.8309,1.0742,2.6758,4.0351,2.2836,2.5167,3.587,2.4889,2.3804,4.7837,2.9649,2.6377,4.6545,2.1034,2.4995,4.4522,2.3718,2.1817,4.3112,0.72624,2.1254,3.1985,0.57059,2.4123,3.1361,0.59279,2.1445,3.6991,2.3816,2.3986,4.5312,0.97475,2.4149,3.0722,1.2223,1.6309,4.2594,1.6501,2.0325,3.3969,5.9446,2.6426,1.6773,3.4957,2.8979,0.2339,0.85865,2.3612,3.0876,1.6663,1.6166,4.0529,1.5246,1.9185,3.1704,0.79044,2.4194,2.9585,2.1584,2.3192,4.8195,1.2414,2.5708,3.2018,1.0316,1.9474,3.508,0.37153,1.9843,3.3304,1.7416,2.0023,3.3707,2.4108,2.1703,4.2837,2.2399,2.1327,5.0125,1.2389,1.6321,3.854,0.71015,1.9794,2.7937,2.2496,2.1623,5.057,2.4036,2.2649,4.6152,1.5794,2.4792,3.9654,4.4873,2.8439,0.41005,1.9571,2.4749,4.0432,0.79902,1.95,4.1097,1.3859,2.6588,4.3188,3.8489,2.7814,0.13598,1.5634,1.6694,3.312,0.20356,2.2966,3.2335,5.1098,2.8456,1.078,0.70291,2.7183,3.4201,1.3871,2.5396,3.0609,2.189,2.0674,4.9148,1.4809,1.9905,4.4384,1.5291,1.6293,3.3252,1.4331,2.909,3.3737,0.64794,2.3991,2.993,0.8658,2.4372,3.0421,0.23441,2.5967,3.3141,1.6777,2.3582,4.2113,0.66175,2.4099,2.9171,0.97564,2.3382,3.5243,1.3936,1.7612,4.2642,0.31424,2.3337,3.3486,1.524,1.5876,3.3114,0.61609,2.4083,2.9619,3.4079,2.8378,0.084801,1.8935,2.5424,3.9826,2.075,2.2003,4.6759,2.2643,2.7407,4.8527,1.9166,1.8464,3.8237,1.2914,1.6869,3.7295,2.2177,2.1005,4.9818,1.3688,2.587,3.9144,0.93716,3.0685,2.7549,4.8094,2.8647,0.51123,1.3978,2.7141,4.4369,1.9311,1.8893,3.8961,1.3582,2.6598,2.9971,0.69958,2.7183,3.3487,1.0938,2.8806,4.2733,0.82925,2.5555,2.7755,0.67148,2.0548,2.891,0.55033,2.4166,3.3643,1.5648,2.1512,4.3391,1.5702,2.7265,4.5803,0.49764,2.0149,2.9101,2.0096,1.8157,3.798,1.1844,1.7482,3.7238,2.2024,2.6372,4.6208,1.3377,1.6641,4.0762,1.3215,2.1417,3.1338,0.58039,2.0478,2.9493,0.55963,2.4147,2.6989,1.703,2.4171,4.2196,2.2093,2.614,4.6723,0.53417,2.0465,2.896,1.5891,1.6858,3.36,0.32725,3.0642,2.1753,0.68282,2.576,2.6555,3.1745,2.7285,6.1966,0.24365,2.8898,2.9562,4.7244,2.8977,0.41929,2.2477,2.2966,3.5382,1.2766,2.999,4.1296,1.2453,2.4216,3.4074,1.059,3.0414,3.9202,2.3121,2.2304,3.699,1.1721,1.6982,3.7236,2.4306,2.3662,4.5938,2.4686,2.7043,4.0847,1.364,2.6721,4.3872,1.9113,1.7796,3.8059,1.2338,2.6529,3.746,2.2923,2.4217,4.8226,1.5923,2.5489,3.5035,2.1658,2.2708,4.1595,0.75188,1.956,3.294,2.2159,2.4033,3.5992,2.2101,2.3753,3.5504,2.2721,1.9951,5.0106,2.5769,2.2651,4.7815,2.3116,2.2577,3.7349,1.3626,1.5994,3.8882,2.1812,2.6321,4.6329,1.9186,1.8228,3.8108,0.77367,2.0995,4.1266,1.5898,1.7223,4.2362,2.222,2.6359,4.6939,1.4484,2.3854,3.2654,6.0772,2.9226,2.3995,1.8448,1.7768,3.5501,1.8406,2.8686,4.1125,2.1392,1.9684,4.8952,1.2256,2.5897,4.406,1.995,2.1552,4.8876,1.611,1.6592,3.958,1.6214,2.0447,3.3072,1.107,2.6555,3.6352,1.0118,2.7661,3.8619,1.4976,2.4906,3.9274,1.1709,2.6798,3.6525,1.7959,1.6155,4.0675,0.94756,2.4544,2.8495,1.991,2.1495,4.4775,0.37161,2.7161,3.1254,1.0324,1.9234,4.2744,0.99047,2.2865,3.1253,1.7105,2.4094,4.6141,0.9477,2.0246,2.8736,0.71673,1.9636,2.7314,1.5918,1.6529,3.9645,0.96572,2.4392,2.8965,1.3241,1.5666,3.8531,2.7201,2.5663,4.6035,1.077,2.2184,3.564,1.1856,2.6991,3.6953,1.9761,1.9804,4.5183,1.0195,1.9372,4.2608,1.8776,1.6851,3.4759,1.6662,2.5499,4.0028,2.1601,2.5275,4.8709,2.0745,2.4146,3.6131,1.3679,3.0074,3.5754,1.4644,1.5029,4.182,0.59968,2.9823,3.622,1.6174,1.6386,4.195,0.72924,1.9836,2.7342,0.73601,2.2009,3.9826,2.6379,2.5806,4.5257,2.0638,2.0781,3.4105,1.456,2.776,3.5966,1.0458,2.3201,3.53,2.586,2.0733,4.5921,1.4592,1.7138,4.4269,1.544,2.5648,3.6217,2.0581,2.3957,4.1365,2.6239,2.3263,4.9056,0.55552,2.5262,3.0797
488.22,4.7816,260.67,8.4478,0.23043,2013.1,1.4335,1.7723,4.0926,1.2909,2.2498,4.2798,1.1248,1.9218,4.2367,2.4216,2.6118,4.2847,0.85384,2.0146,4.3151,1.5067,2.5898,3.8885,3.3189,2.8102,6.2109,1.1025,1.9271,4.2471,1.7328,1.5781,4.1954,1.3119,2.2249,4.3624,0.8176,2.0588,4.2204,3.039,2.8237,4.5956,5.4403,2.6293,1.1733,1.3421,2.6663,3.7223,0.85459,2.1288,2.9744,2.585,2.1845,4.6672,1.4464,1.6302,3.9422,0.61625,2.6622,3.7324,2.0593,1.767,3.5407,1.048,2.3774,3.2019,0.041842,2.313,3.2421,1.7437,1.6686,3.4305,1.842,2.6941,4.1025,1.7921,1.7352,3.4326,1.4271,1.5897,3.9765,0.39008,2.1924,3.1018,2.1436,2.4297,4.5159,1.4606,1.7284,3.2144,0.80828,1.9691,2.7292,3.2909,2.8255,6.1456,2.09,1.8212,3.5577,1.0554,2.7496,2.9638,1.8608,2.5979,4.1024,0.68265,1.9582,2.8051,1.0296,2.3977,3.1544,1.9462,1.9234,4.5783,1.7283,1.6129,3.9109,0.54767,2.1787,3.815,1.2089,2.5978,3.7798,0.86772,2.1665,3.1233,2.7539,2.3904,4.5452,2.2065,2.2697,4.8497,1.5218,1.6702,3.9738,1.9229,1.9454,4.5563,1.5449,2.2446,3.2444,0.6931,2.2147,2.9959,2.4647,2.4512,4.4571,1.8654,2.5908,4.6395,1.8022,2.6147,4.6118,2.7664,2.4193,4.6297,1.2744,2.5705,3.8401,1.8116,2.2877,4.4245,1.8428,2.9387,3.7517,0.67446,2.4785,2.6242,1.4505,2.1382,4.626,1.9988,2.9475,3.9102,0.2631,2.41,3.2761,1.6642,1.5562,4.0629,0.66504,2.0877,3.006,2.2489,2.2642,4.6617,0.80711,2.4948,3.277,0.89395,2.1708,3.1276,6.2497,2.8804,1.7723,2.1063,2.072,4.7514,2.7175,2.4251,4.5825,2.5065,2.2342,5.0051,1.9045,2.5691,4.1976,1.0818,1.701,4.0588,4.6516,2.8081,0.51164,0.82336,2.1402,2.9919,1.3232,2.0773,4.3863,1.0055,2.142,3.4257,2.0501,2.6305,4.2763,1.7592,1.5042,4.1087,1.2873,2.5131,3.1717,0.81365,2.498,3.7116,2.1057,1.8277,3.635,1.5022,2.4882,3.4173,1.6009,2.5863,3.6771,1.5861,1.5762,4.2475,1.8477,2.606,4.2792,1.9476,2.6152,4.4078,3.5749,2.7344,0.030519,1.7655,1.4977,4.0952,1.8192,1.9915,3.4659,1.996,2.9188,4.8091,1.2594,2.532,3.2272,2.5788,2.4389,4.9036,1.1173,2.6244,4.0363,1.521,2.4653,3.4475,1.0833,1.8484,4.0524,1.6944,1.5289,4.0472,1.785,1.9836,3.4129,0.23929,2.9035,3.3008,2.974,2.2841,4.7222,1.2887,1.9444,4.2319,1.3525,2.6252,3.5419,1.3912,2.4624,3.3491,1.9105,1.867,3.6223,1.9438,2.5178,4.076,1.011,2.2981,3.1421,2.5419,1.9841,5.1474,1.2787,2.6262,3.4468,1.3244,2.4958,3.2741,0.39576,2.9075,3.4401,0.61798,1.8742,2.7302,1.591,1.9499,4.5337,1.4613,1.7523,4.1608,5.2515,2.8495,1.5689,0.80537,2.0943,2.8319,1.0743,2.6783,4.033,2.2894,2.5137,3.5882,2.4857,2.3787,4.7784,2.9722,2.6347,4.6603,2.1031,2.4997,4.4512,2.3737,2.1863,4.3174,0.72213,2.13,3.1903,0.57757,2.4105,3.1434,0.59262,2.1442,3.6991,2.3795,2.3944,4.5345,0.98151,2.4132,3.0792,1.2201,1.6326,4.2571,1.6476,2.033,3.3947,5.9345,2.6396,1.6667,3.5012,2.8961,0.24026,0.85721,2.3584,3.0903,1.6665,1.6163,4.052,1.5259,1.9207,3.1704,0.7902,2.4177,2.9601,2.1592,2.3186,4.8162,1.2437,2.5718,3.2057,1.0326,1.9459,3.5086,0.36495,1.9853,3.3353,1.743,2.0014,3.3676,2.4131,2.1747,4.2892,2.2433,2.1311,5.0131,1.2359,1.6283,3.8548,0.71087,1.9793,2.7943,2.2529,2.1618,5.0588,2.4066,2.2674,4.6202,1.5795,2.484,3.965,4.4942,2.8377,0.41807,1.9576,2.4803,4.0457,0.7977,1.9502,4.1087,1.3942,2.6616,4.3229,3.8576,2.7789,0.14585,1.565,1.6718,3.3131,0.20021,2.2961,3.229,5.11,2.8398,1.0807,0.70352,2.7165,3.4208,1.3896,2.5409,3.0626,2.1921,2.0647,4.9139,1.4807,1.985,4.4417,1.5292,1.6287,3.3266,1.435,2.9084,3.3738,0.65445,2.3972,3.0026,0.86322,2.4366,3.0434,0.23391,2.5957,3.3123,1.6805,2.361,4.2149,0.66739,2.4089,2.9229,0.97059,2.3455,3.5164,1.3934,1.7598,4.2624,0.31378,2.3345,3.3472,1.5238,1.5857,3.3127,0.62055,2.4077,2.9689,3.4191,2.8359,0.097303,1.8889,2.541,3.9801,2.0788,2.2001,4.6786,2.25,2.7379,4.8348,1.9168,1.8406,3.8217,1.2908,1.6834,3.7308,2.2201,2.0984,4.9816,1.3685,2.5856,3.9123,0.926,3.0687,2.7433,4.8136,2.859,0.51649,1.4041,2.7144,4.4426,1.9319,1.8875,3.8972,1.3615,2.6608,3.0014,0.70585,2.7167,3.3563,1.1013,2.8787,4.2807,0.83739,2.5576,2.781,0.67161,2.0578,2.89,0.55051,2.4169,3.3625,1.5647,2.1484,4.3429,1.5798,2.7271,4.588,0.49362,2.0163,2.9037,2.0099,1.8136,3.7982,1.1839,1.7451,3.7263,2.1996,2.6353,4.6155,1.3355,1.6675,4.0725,1.3186,2.1407,3.1324,0.57856,2.0507,2.9447,0.56215,2.4138,2.7027,1.707,2.4226,4.2221,2.2038,2.6101,4.6642,0.5314,2.0481,2.8908,1.5897,1.6854,3.3614,0.31114,3.0652,2.1571,0.68431,2.579,2.6552,3.1842,2.7267,6.2071,0.25505,2.8896,2.9694,4.7277,2.8952,0.423,2.2466,2.2918,3.5324,1.2791,2.9959,4.1338,1.24,2.4241,3.4044,1.0601,3.0402,3.9238,2.3105,2.2304,3.6952,1.1711,1.6928,3.7265,2.4305,2.3668,4.5941,2.4639,2.7051,4.0861,1.3666,2.6719,4.3875,1.9117,1.7726,3.8038,1.236,2.6484,3.7477,2.2903,2.4202,4.8166,1.5913,2.5471,3.5093,2.1664,2.2742,4.1627,0.7502,1.9584,3.2909,2.2122,2.4027,3.5939,2.206,2.3735,3.5436,2.274,1.996,5.0111,2.5748,2.264,4.7806,2.3097,2.259,3.7326,1.3625,1.5989,3.8893,2.1749,2.6287,4.6245,1.9196,1.8179,3.8079,0.77378,2.0979,4.1315,1.5896,1.7189,4.2352,2.2158,2.6328,4.6856,1.4486,2.3855,3.2654,6.0852,2.9238,2.4087,1.8453,1.7759,3.5518,1.838,2.8637,4.1083,2.143,1.968,4.8979,1.228,2.5896,4.4089,1.9975,2.1555,4.8877,1.6114,1.6555,3.9577,1.6227,2.0457,3.3055,1.1085,2.6526,3.6361,1.0137,2.7646,3.8616,1.5009,2.4917,3.9307,1.1718,2.6769,3.652,1.7945,1.6109,4.0673,0.94821,2.4545,2.8509,1.994,2.152,4.4804,0.37903,2.7128,3.1321,1.031,1.9223,4.2746,0.99078,2.2855,3.1273,1.7131,2.4096,4.6151,0.94663,2.0232,2.8739,0.71614,1.963,2.7313,1.5913,1.65,3.9644,0.96655,2.439,2.8993,1.3224,1.5653,3.8536,2.7197,2.5659,4.6037,1.0762,2.2211,3.5618,1.1871,2.6969,3.6964,1.9761,1.9802,4.5193,1.0183,1.9362,4.2613,1.8784,1.6856,3.4767,1.6662,2.5512,4.0028,2.1618,2.5269,4.8699,2.0724,2.4156,3.6104,1.3727,3.0054,3.5797,1.4649,1.5035,4.1806,0.59652,2.9819,3.6196,1.6181,1.6361,4.1939,0.72888,1.9828,2.734,0.73711,2.2014,3.9832,2.6365,2.5801,4.5255,2.0657,2.0767,3.41,1.4577,2.7727,3.5988,1.0441,2.3235,3.5268,2.5879,2.0755,4.5961,1.4584,1.7136,4.4272,1.5426,2.5645,3.6231,2.0584,2.3983,4.1387,2.6226,2.3254,4.9039,0.55808,2.5263,3.0826
488.22,4.7816,260.67,8.4478,0.2393,2013.0,1.43,1.7691,4.0903,1.2925,2.2503,4.2827,1.1214,1.9197,4.236,2.4188,2.6099,4.2847,0.85339,2.0142,4.3172,1.5056,2.5928,3.8873,3.3308,2.8073,6.2255,1.098,1.9249,4.2471,1.7329,1.5747,4.193,1.3131,2.2245,4.3679,0.81697,2.0593,4.2219,3.0434,2.823,4.5985,5.4339,2.623,1.1675,1.3427,2.6645,3.7228,0.85046,2.1282,2.9717,2.5905,2.1894,4.6771,1.4454,1.6307,3.9439,0.61396,2.665,3.7251,2.0615,1.767,3.5434,1.0396,2.3779,3.1984,0.030414,2.3128,3.2264,1.7416,1.6675,3.4327,1.8378,2.6911,4.0978,1.7924,1.7372,3.4346,1.4266,1.5885,3.9782,0.39002,2.1945,3.0981,2.1476,2.4322,4.5205,1.4602,1.7319,3.2153,0.8071,1.9711,2.7286,3.3119,2.8233,6.1689,2.0956,1.8235,3.5633,1.0561,2.7525,2.9649,1.8645,2.5992,4.1086,0.68424,1.9615,2.8054,1.0252,2.3967,3.1564,1.9497,1.9241,4.5833,1.7302,1.6128,3.9129,0.55243,2.1763,3.8218,1.2122,2.6017,3.7834,0.8622,2.17,3.1183,2.7628,2.393,4.5543,2.213,2.2746,4.8577,1.5241,1.6696,3.9755,1.9268,1.9471,4.5599,1.5501,2.2478,3.2442,0.68916,2.2178,2.9928,2.4654,2.4531,4.462,1.8604,2.5899,4.625,1.7988,2.6154,4.601,2.78,2.4223,4.6479,1.2735,2.5736,3.8352,1.8194,2.2898,4.4301,1.8362,2.9329,3.7441,0.67981,2.4792,2.6279,1.4445,2.1435,4.623,1.9966,2.94,3.9069,0.25752,2.4098,3.2697,1.6644,1.5532,4.0619,0.66388,2.0878,3.0046,2.2466,2.2634,4.6583,0.80992,2.489,3.2861,0.89202,2.1726,3.1256,6.2499,2.8792,1.7715,2.1126,2.0744,4.7577,2.7246,2.4269,4.5938,2.5029,2.2291,4.9997,1.9019,2.5626,4.1945,1.0822,1.6934,4.0645,4.6499,2.8037,0.51076,0.8227,2.1402,2.9933,1.3253,2.076,4.3901,1.0031,2.144,3.4231,2.0429,2.6253,4.2676,1.7631,1.4973,4.1055,1.2919,2.5111,3.174,0.81664,2.4991,3.7107,2.1077,1.8242,3.6316,1.4981,2.4895,3.4157,1.6029,2.5864,3.685,1.5834,1.5743,4.2478,1.8428,2.598,4.272,1.9456,2.6076,4.4048,3.5811,2.7324,0.035568,1.7686,1.4934,4.0916,1.8235,1.9904,3.4672,1.9899,2.9178,4.8027,1.2617,2.5314,3.2303,2.5775,2.4388,4.9012,1.1197,2.624,4.0343,1.5177,2.4662,3.4469,1.0803,1.8485,4.051,1.696,1.5265,4.0458,1.7881,1.9825,3.4126,0.24014,2.9019,3.3013,2.9771,2.2832,4.726,1.2872,1.9439,4.2327,1.3549,2.6246,3.5484,1.3892,2.4628,3.3496,1.9139,1.8622,3.6194,1.9444,2.522,4.0795,1.0085,2.2978,3.1411,2.541,1.9839,5.1474,1.281,2.6255,3.4529,1.3201,2.4965,3.272,0.39648,2.9059,3.4408,0.61649,1.8751,2.7258,1.5849,1.9476,4.5342,1.4619,1.7494,4.1616,5.2449,2.8476,1.5623,0.80456,2.0943,2.8326,1.0741,2.6806,4.031,2.2959,2.5104,3.5901,2.4826,2.377,4.7736,2.9794,2.6317,4.666,2.1027,2.5001,4.4503,2.3757,2.1909,4.3236,0.71796,2.1342,3.1823,0.58417,2.4087,3.1502,0.59248,2.1438,3.6991,2.3772,2.3903,4.5374,0.98787,2.4115,3.0859,1.2181,1.6343,4.2548,1.6452,2.0336,3.3925,5.9249,2.6366,1.6565,3.506,2.8942,0.246,0.85545,2.3559,3.0925,1.6667,1.6159,4.0513,1.5271,1.9227,3.1704,0.7899,2.416,2.9615,2.16,2.318,4.8132,1.2457,2.5728,3.2094,1.0335,1.9444,3.5093,0.35859,1.9862,3.3401,1.7444,2.0006,3.3646,2.4154,2.1791,4.2948,2.2466,2.1295,5.0138,1.2328,1.6247,3.8554,0.71154,1.9793,2.795,2.2562,2.1612,5.0606,2.4095,2.2697,4.625,1.5796,2.4885,3.9645,4.5007,2.8315,0.42585,1.9581,2.4856,4.048,0.79643,1.9504,4.1077,1.4023,2.6643,4.3268,3.8659,2.7766,0.15534,1.5667,1.674,3.3141,0.197,2.2955,3.2246,5.1104,2.8342,1.0835,0.70387,2.7147,3.4212,1.3919,2.5421,3.0644,2.1951,2.062,4.9132,1.4804,1.9796,4.445,1.5293,1.628,3.328,1.4371,2.9078,3.3739,0.66065,2.3953,3.0118,0.86067,2.4359,3.0445,0.23332,2.5948,3.3105,1.6832,2.3635,4.2183,0.67274,2.4081,2.9285,0.96551,2.3528,3.5087,1.3932,1.7583,4.2606,0.31326,2.3352,3.3459,1.5235,1.5836,3.3139,0.62479,2.4071,2.9754,3.4296,2.8339,0.10911,1.8843,2.5395,3.9777,2.0823,2.1998,4.6812,2.2364,2.7351,4.8177,1.9169,1.8348,3.8199,1.2901,1.68,3.732,2.2223,2.0963,4.9814,1.3681,2.5842,3.9103,0.91501,3.069,2.7319,4.8177,2.8535,0.5218,1.4104,2.7147,4.4482,1.9327,1.8856,3.8982,1.3646,2.6616,3.0056,0.71162,2.7152,3.3632,1.1088,2.8766,4.2881,0.84508,2.5596,2.7861,0.6718,2.0608,2.8894,0.55069,2.4173,3.3607,1.5643,2.1455,4.3464,1.5887,2.7276,4.5955,0.48982,2.0176,2.8977,2.0102,1.8114,3.7985,1.1833,1.7421,3.7286,2.1973,2.6334,4.611,1.3334,1.6709,4.069,1.3156,2.1396,3.1311,0.5768,2.0534,2.9403,0.56453,2.413,2.7063,1.7107,2.4277,4.2242,2.1987,2.6064,4.6567,0.52882,2.0496,2.8861,1.5903,1.6849,3.3627,0.29512,3.066,2.1392,0.68554,2.582,2.6547,3.1934,2.7248,6.2172,0.26591,2.8893,2.9819,4.731,2.8931,0.42668,2.2459,2.2871,3.5269,1.2811,2.9928,4.1375,1.2352,2.4263,3.4017,1.0608,3.0391,3.927,2.3088,2.2305,3.6917,1.1702,1.6878,3.7293,2.4304,2.3674,4.5944,2.4594,2.7057,4.0876,1.3691,2.6716,4.3878,1.9121,1.7659,3.8019,1.2379,2.6441,3.7493,2.2885,2.4187,4.811,1.5906,2.5454,3.5148,2.167,2.2774,4.1657,0.74857,1.9606,3.2878,2.2089,2.402,3.5888,2.2023,2.3718,3.5373,2.2757,1.9968,5.0115,2.5728,2.2631,4.7798,2.3077,2.2601,3.7305,1.3624,1.5982,3.8903,2.1691,2.6254,4.6167,1.9205,1.8132,3.8051,0.77388,2.0964,4.136,1.5893,1.7155,4.2344,2.2098,2.6297,4.6777,1.4489,2.3857,3.2654,6.093,2.9249,2.4178,1.8459,1.7752,3.5535,1.8356,2.8591,4.1045,2.1465,1.9675,4.9003,1.2301,2.5896,4.4116,1.9997,2.1559,4.8877,1.6119,1.6522,3.9574,1.6239,2.0466,3.3038,1.1099,2.6499,3.6369,1.0155,2.7631,3.8612,1.5041,2.4926,3.9339,1.1726,2.6742,3.6514,1.7932,1.6066,4.067,0.94881,2.4547,2.852,1.9968,2.1541,4.4831,0.38591,2.7097,3.1382,1.0297,1.9212,4.2749,0.99106,2.2847,3.1292,1.7155,2.4097,4.6159,0.94561,2.0218,2.8742,0.7156,1.9623,2.7312,1.5909,1.6474,3.9643,0.96731,2.4387,2.9018,1.3208,1.5641,3.8542,2.7193,2.5654,4.6038,1.0756,2.2237,3.5598,1.1885,2.6949,3.6974,1.9761,1.9801,4.5201,1.0172,1.9354,4.2619,1.8791,1.6862,3.4774,1.6663,2.5524,4.0028,2.1636,2.5262,4.8691,2.0705,2.4165,3.6079,1.3771,3.0035,3.5837,1.4654,1.5041,4.1793,0.59345,2.9815,3.6172,1.6188,1.6339,4.1929,0.72854,1.9822,2.7339,0.73813,2.202,3.9838,2.6353,2.5794,4.5253,2.0677,2.0754,3.4095,1.4593,2.7695,3.6008,1.0424,2.3267,3.5237,2.5898,2.0775,4.5999,1.4578,1.7133,4.4275,1.5414,2.5641,3.6244,2.0587,2.4007,4.1407,2.6214,2.3247,4.9022,0.56045,2.5264,3.0852
488.22,4.7816,260.67,8.4478,0.24816,2012.5,1.4266,1.766,4.088,1.2939,2.2507,4.2854,1.1182,1.9177,4.2352,2.4162,2.608,4.2848,0.85293,2.0139,4.3192,1.5045,2.5955,3.8859,3.3426,2.8041,6.2399,1.0937,1.9227,4.247,1.7331,1.5715,4.1906,1.3142,2.2243,4.3732,0.81637,2.0601,4.2233,3.0477,2.8222,4.6013,5.4277,2.617,1.1623,1.3432,2.6631,3.7231,0.84636,2.1274,2.969,2.5959,2.1941,4.6867,1.4443,1.6314,3.9454,0.61171,2.6677,3.7178,2.0637,1.7671,3.546,1.0306,2.3786,3.1943,0.021625,2.3127,3.211,1.7394,1.6662,3.4351,1.834,2.6885,4.0936,1.7926,1.739,3.4366,1.4262,1.5875,3.9796,0.38994,2.1965,3.0943,2.1518,2.4349,4.5251,1.46,1.7356,3.2165,0.80594,1.973,2.7281,3.3341,2.8208,6.1934,2.1014,1.8258,3.5691,1.0566,2.7556,2.966,1.8684,2.6006,4.115,0.68574,1.9649,2.8056,1.0205,2.3957,3.1581,1.9535,1.9248,4.5885,1.7322,1.6131,3.9149,0.55757,2.1737,3.8292,1.2156,2.6052,3.7872,0.85675,2.1734,3.1134,2.7714,2.3956,4.563,2.2193,2.2792,4.8658,1.5264,1.6688,3.977,1.9308,1.9487,4.5635,1.5555,2.2512,3.2443,0.68572,2.2204,2.9906,2.4659,2.4546,4.4668,1.8555,2.5886,4.6105,1.7954,2.6162,4.5902,2.7929,2.4249,4.6652,1.2725,2.5766,3.8302,1.8275,2.2918,4.4358,1.8296,2.927,3.7366,0.68484,2.4797,2.6313,1.4384,2.1491,4.6195,1.9944,2.9321,3.9039,0.25191,2.4096,3.2633,1.6646,1.5505,4.0607,0.6628,2.0877,3.0034,2.2442,2.2624,4.6547,0.81198,2.4833,3.2947,0.89039,2.1743,3.1242,6.2507,2.878,1.7713,2.1187,2.0764,4.7637,2.7308,2.4282,4.604,2.4997,2.224,4.9951,1.8997,2.5568,4.1918,1.0825,1.6859,4.0703,4.6474,2.8001,0.50923,0.82239,2.1403,2.9953,1.3274,2.0748,4.3937,1.0006,2.146,3.4205,2.0361,2.6202,4.2593,1.7672,1.4902,4.1021,1.2963,2.5091,3.1762,0.81969,2.5001,3.7098,2.1097,1.8209,3.6283,1.4942,2.4906,3.4146,1.6052,2.5862,3.6931,1.5806,1.5728,4.2481,1.8383,2.5904,4.2653,1.9438,2.6004,4.4021,3.587,2.7304,0.040332,1.7719,1.4889,4.0878,1.8277,1.9893,3.4685,1.9838,2.9166,4.7961,1.264,2.5306,3.2332,2.5763,2.4388,4.8988,1.1221,2.6237,4.0322,1.5143,2.4671,3.4462,1.0773,1.8484,4.0498,1.6976,1.5241,4.0446,1.7913,1.9813,3.4125,0.24117,2.9004,3.3019,2.9799,2.2822,4.7295,1.2857,1.9434,4.2335,1.3574,2.6243,3.5546,1.3872,2.4631,3.3501,1.9173,1.8575,3.6165,1.9451,2.5258,4.083,1.0059,2.2976,3.1401,2.54,1.984,5.1474,1.2835,2.625,3.459,1.3159,2.4972,3.2699,0.39715,2.9042,3.4412,0.61512,1.8759,2.7219,1.5788,1.9454,4.5343,1.4622,1.7467,4.1626,5.2386,2.8459,1.556,0.80375,2.0944,2.8335,1.0738,2.6828,4.0289,2.3028,2.5072,3.5925,2.4799,2.3756,4.769,2.9863,2.6286,4.6714,2.1025,2.5003,4.4494,2.3778,2.1954,4.3297,0.71389,2.1378,3.1747,0.59034,2.4071,3.1566,0.59238,2.1436,3.6991,2.375,2.3867,4.5401,0.99372,2.4101,3.0919,1.216,1.6361,4.2525,1.6427,2.034,3.3903,5.9158,2.6336,1.6471,3.5103,2.8926,0.25108,0.85339,2.3536,3.0942,1.6669,1.6156,4.0505,1.5282,1.9248,3.1705,0.78955,2.4144,2.9628,2.161,2.3176,4.8104,1.2477,2.5738,3.2129,1.0344,1.9429,3.5101,0.35247,1.9873,3.3448,1.7457,1.9997,3.3618,2.4179,2.1835,4.3005,2.2498,2.1279,5.0143,1.2296,1.6212,3.8559,0.71215,1.9792,2.7953,2.2594,2.1607,5.0624,2.4122,2.272,4.6297,1.5796,2.4928,3.9642,4.5069,2.8257,0.43334,1.9585,2.4906,4.0503,0.79524,1.9507,4.1068,1.4103,2.6668,4.3306,3.8737,2.7744,0.16442,1.5684,1.6763,3.3152,0.19398,2.2951,3.2205,5.1108,2.8288,1.0864,0.70398,2.713,3.4213,1.394,2.5434,3.066,2.1981,2.0594,4.9124,1.4802,1.9745,4.4481,1.5293,1.6271,3.3292,1.4391,2.9073,3.374,0.66649,2.3934,3.0206,0.85819,2.4354,3.0457,0.2327,2.5937,3.3086,1.6858,2.3658,4.2217,0.67787,2.4072,2.934,0.96044,2.3597,3.5011,1.393,1.7568,4.2586,0.31266,2.3357,3.3447,1.5233,1.5814,3.315,0.62886,2.4067,2.9817,3.4393,2.8321,0.12018,1.8799,2.5382,3.9753,2.0858,2.1996,4.6837,2.2237,2.7323,4.8013,1.9169,1.829,3.8183,1.2896,1.6768,3.7331,2.2246,2.0942,4.9812,1.3678,2.583,3.9085,0.90418,3.0692,2.7205,4.8215,2.8482,0.52714,1.4165,2.7148,4.4538,1.9334,1.8839,3.8993,1.3676,2.6624,3.0097,0.71694,2.7139,3.3696,1.1159,2.8745,4.2954,0.85241,2.5616,2.7909,0.67206,2.0635,2.8889,0.55082,2.4177,3.3588,1.5639,2.1426,4.3498,1.5972,2.7279,4.6025,0.48627,2.0188,2.8922,2.0104,1.8093,3.7988,1.1826,1.7394,3.7309,2.1953,2.6318,4.6069,1.3314,1.6741,4.0656,1.3128,2.1385,3.1298,0.57512,2.0559,2.9361,0.56679,2.4122,2.7097,1.7141,2.4325,4.2262,2.194,2.6029,4.6496,0.52644,2.0508,2.8818,1.5908,1.6847,3.3639,0.27934,3.0668,2.1217,0.68653,2.5849,2.6538,3.2021,2.7231,6.2265,0.27635,2.8891,2.9939,4.7342,2.891,0.4303,2.2453,2.2826,3.522,1.2828,2.99,4.1406,1.2306,2.4283,3.3993,1.0613,3.0379,3.93,2.3073,2.2305,3.6882,1.1692,1.6829,3.7319,2.4304,2.3677,4.5946,2.4552,2.7062,4.0891,1.3714,2.6714,4.388,1.9124,1.7593,3.8001,1.2398,2.6402,3.7507,2.2871,2.4175,4.8057,1.5896,2.5439,3.5199,2.1677,2.2805,4.1688,0.74697,1.9627,3.2849,2.2057,2.4012,3.584,2.1987,2.3702,3.5312,2.2772,1.9975,5.0116,2.5708,2.2621,4.779,2.3058,2.2613,3.7284,1.3624,1.5974,3.8913,2.1637,2.6222,4.6094,1.9215,1.8087,3.8025,0.77399,2.095,4.1404,1.5891,1.7122,4.2335,2.2042,2.6269,4.6702,1.4491,2.3859,3.2654,6.101,2.9259,2.4267,1.8465,1.7743,3.5551,1.8335,2.8547,4.101,2.1499,1.9668,4.9025,1.2321,2.5895,4.4141,2.0018,2.1562,4.8876,1.6123,1.6489,3.9571,1.6251,2.0474,3.3023,1.1112,2.6474,3.6377,1.0172,2.7617,3.8609,1.507,2.4934,3.9371,1.1733,2.6717,3.651,1.792,1.6024,4.0667,0.94937,2.4548,2.8531,1.9993,2.1562,4.4857,0.39235,2.7067,3.144,1.0284,1.9201,4.2752,0.99128,2.2839,3.1311,1.7178,2.4098,4.6168,0.94464,2.0206,2.8745,0.7151,1.9617,2.7311,1.5906,1.6449,3.9643,0.96799,2.4385,2.9042,1.3194,1.563,3.8548,2.7189,2.5651,4.604,1.0749,2.2262,3.5578,1.1898,2.6931,3.6983,1.9762,1.9799,4.521,1.0161,1.9345,4.2623,1.8798,1.6868,3.4782,1.6663,2.5536,4.0028,2.1653,2.5257,4.8683,2.0688,2.4175,3.6056,1.3813,3.0016,3.5875,1.4657,1.5047,4.1781,0.59048,2.9811,3.6148,1.6196,1.6318,4.1918,0.72821,1.9816,2.7338,0.73908,2.2026,3.9843,2.6342,2.5789,4.5252,2.0694,2.0742,3.4092,1.4606,2.7667,3.6028,1.041,2.3296,3.5209,2.5917,2.0795,4.6035,1.4571,1.7131,4.4277,1.5402,2.5638,3.6255,2.0589,2.4029,4.1427,2.6203,2.3239,4.9008,0.56268,2.5265,3.0877
488.22,4.7816,260.67,8.4478,0.25702,2010.9,1.4231,1.7632,4.0858,1.2954,2.2512,4.2882,1.1151,1.9158,4.2344,2.4138,2.6063,4.2851,0.85246,2.0137,4.3211,1.5034,2.5982,3.8845,3.3543,2.8008,6.264,1.0894,1.9207,4.2468,1.7333,1.5686,4.1883,1.3153,2.2241,4.3785,0.81578,2.0609,4.2247,3.0519,2.8213,4.6041,5.4218,2.6109,1.1574,1.3436,2.6619,3.7233,0.84228,2.1267,2.9662,2.6013,2.1985,4.6961,1.4433,1.6323,3.9469,0.60958,2.6705,3.7106,2.0659,1.7671,3.5487,1.0212,2.3797,3.1894,6.1368,2.3123,3.196,1.7372,1.665,3.4375,1.8304,2.686,4.0898,1.7929,1.7408,3.4386,1.426,1.5867,3.9809,0.38981,2.1984,3.0905,2.156,2.4376,4.5298,1.4597,1.7396,3.2176,0.80476,1.9748,2.7278,3.3575,2.8179,6.2292,2.1073,1.828,3.5751,1.0571,2.7588,2.9668,1.8723,2.602,4.1215,0.68707,1.9682,2.8055,1.0156,2.3947,3.1597,1.9574,1.9257,4.5939,1.7341,1.6136,3.9168,0.56307,2.1708,3.8372,1.2194,2.6087,3.7911,0.85126,2.1768,3.1086,2.7799,2.398,4.5713,2.2259,2.2838,4.874,1.5287,1.6677,3.9784,1.9351,1.9502,4.5673,1.5615,2.2549,3.2445,0.68265,2.2228,2.9892,2.466,2.4559,4.4712,1.8505,2.5874,4.5962,1.7923,2.6171,4.5793,2.8051,2.4273,4.6814,1.2714,2.5796,3.8249,1.8358,2.2936,4.4414,1.823,2.921,3.7292,0.68963,2.4802,2.6344,1.4318,2.1549,4.6156,1.9925,2.924,3.9011,0.24642,2.4094,3.257,1.6648,1.5476,4.0595,0.6618,2.0874,3.0024,2.2416,2.2613,4.651,0.81343,2.4775,3.303,0.88909,2.1757,3.1231,6.2521,2.8767,1.7719,2.1248,2.0782,4.7694,2.7361,2.4292,4.6133,2.4968,2.2187,4.9909,1.8978,2.5514,4.1893,1.0827,1.6782,4.076,4.6442,2.7969,0.50699,0.82243,2.1403,2.9976,1.3296,2.0734,4.3972,0.99827,2.1478,3.4179,2.0294,2.615,4.2512,1.7715,1.483,4.0987,1.3006,2.5072,3.1782,0.82277,2.5009,3.709,2.1117,1.8176,3.6251,1.4906,2.4915,3.4138,1.6077,2.5859,3.7016,1.5778,1.5714,4.2484,1.8342,2.5832,4.2591,1.9423,2.5933,4.3996,3.5927,2.7285,0.044904,1.7752,1.4844,4.084,1.8319,1.9881,3.4698,1.9773,2.9153,4.7892,1.2661,2.5299,3.2359,2.5751,2.4387,4.8965,1.1244,2.6232,4.0303,1.511,2.4679,3.4456,1.0744,1.8482,4.0487,1.6992,1.5218,4.0433,1.7944,1.9801,3.4124,0.24243,2.899,3.3027,2.9827,2.2812,4.7329,1.2842,1.9429,4.2342,1.3598,2.6238,3.561,1.3854,2.4633,3.3506,1.9206,1.8528,3.6139,1.9458,2.5294,4.0863,1.0035,2.2972,3.1392,2.539,1.9843,5.1473,1.286,2.6245,3.465,1.3119,2.4977,3.2679,0.39782,2.9026,3.4417,0.61383,1.8767,2.7181,1.5729,1.9434,4.5342,1.4627,1.744,4.1634,5.2326,2.8444,1.55,0.80297,2.0944,2.8342,1.0733,2.6849,4.0269,2.3098,2.5042,3.5953,2.4774,2.3743,4.7648,2.9931,2.6256,4.6765,2.1024,2.5008,4.4486,2.38,2.1997,4.3359,0.70989,2.1411,3.1675,0.59614,2.4057,3.1626,0.59233,2.1432,3.6992,2.3731,2.3834,4.5429,0.99919,2.4087,3.0977,1.2139,1.6379,4.2503,1.6403,2.0345,3.3882,5.9072,2.6307,1.638,3.5141,2.8908,0.25561,0.85109,2.3515,3.0955,1.667,1.6154,4.0497,1.5295,1.9268,3.1706,0.78914,2.4128,2.964,2.162,2.3171,4.8078,1.2496,2.575,3.2164,1.0353,1.9415,3.5109,0.34652,1.9884,3.3492,1.7471,1.9988,3.359,2.4205,2.1879,4.3064,2.2529,2.1263,5.0149,1.2265,1.6177,3.8564,0.71271,1.9792,2.7958,2.2625,2.1601,5.0641,2.4149,2.2741,4.6341,1.5796,2.4968,3.9636,4.5128,2.8199,0.44059,1.959,2.4955,4.0526,0.79411,1.9509,4.1059,1.4178,2.6692,4.3342,3.8814,2.7722,0.17318,1.57,1.6786,3.3163,0.19113,2.2946,3.2168,5.1114,2.8237,1.0893,0.70387,2.7115,3.4212,1.3958,2.5446,3.0673,2.2011,2.0568,4.9118,1.4797,1.9694,4.451,1.5294,1.6262,3.3305,1.4409,2.9067,3.3741,0.672,2.3918,3.0288,0.85574,2.4348,3.0468,0.23206,2.5927,3.3069,1.6884,2.368,4.225,0.68283,2.4064,2.9393,0.95538,2.3663,3.4934,1.3928,1.7553,4.2568,0.31204,2.3362,3.3434,1.5229,1.5793,3.3163,0.63278,2.4062,2.9877,3.4486,2.8302,0.13056,1.8756,2.5369,3.973,2.0892,2.1991,4.6861,2.2117,2.7294,4.7858,1.9169,1.8233,3.817,1.289,1.6737,3.7343,2.2267,2.0922,4.981,1.3676,2.5818,3.9067,0.89345,3.0694,2.7094,4.8252,2.843,0.5325,1.4224,2.7149,4.4592,1.9341,1.8823,3.9003,1.3705,2.6632,3.0136,0.7219,2.7126,3.3755,1.1229,2.8724,4.3023,0.8594,2.5634,2.7954,0.67237,2.0662,2.8886,0.5509,2.418,3.3571,1.5636,2.1397,4.3531,1.6053,2.7283,4.6093,0.48291,2.02,2.8869,2.0106,1.8074,3.7992,1.182,1.7367,3.7331,2.1938,2.6303,4.6032,1.3294,1.6771,4.0624,1.31,2.1374,3.1285,0.57351,2.0582,2.9321,0.56895,2.4115,2.7131,1.7174,2.4369,4.228,2.1897,2.5995,4.643,0.52423,2.052,2.8777,1.5913,1.6844,3.3652,0.26381,3.0676,2.1044,0.68729,2.5877,2.6529,3.2104,2.7214,6.2355,0.2864,2.8886,3.0054,4.7373,2.8893,0.43387,2.2448,2.2783,3.5173,1.2841,2.9872,4.1435,1.2264,2.4299,3.3972,1.0617,3.0368,3.9327,2.3059,2.2305,3.6847,1.1683,1.6783,3.7344,2.4303,2.3682,4.5948,2.4512,2.7067,4.0906,1.3735,2.6712,4.3881,1.9127,1.753,3.7986,1.2414,2.6363,3.7521,2.2857,2.4162,4.8007,1.5888,2.5425,3.5248,2.1684,2.2834,4.1718,0.74543,1.9648,3.2821,2.2027,2.4004,3.5793,2.1953,2.3685,3.5254,2.2785,1.9982,5.0116,2.569,2.2612,4.7782,2.304,2.2623,3.7264,1.3624,1.5965,3.8921,2.1587,2.6192,4.6026,1.9224,1.8044,3.8001,0.7741,2.0936,4.1445,1.5888,1.7091,4.2327,2.1989,2.624,4.663,1.4494,2.3861,3.2654,6.1088,2.9269,2.4356,1.8471,1.7735,3.5565,1.8315,2.8505,4.0977,2.153,1.9662,4.9044,1.2339,2.5894,4.4164,2.0037,2.1566,4.8876,1.6128,1.646,3.9569,1.6264,2.0481,3.3009,1.1124,2.6451,3.6385,1.0187,2.7604,3.8605,1.5098,2.4942,3.9401,1.1741,2.6694,3.6505,1.7907,1.5985,4.0665,0.94988,2.4549,2.8541,2.0018,2.158,4.488,0.39839,2.7038,3.1493,1.0272,1.9191,4.2754,0.99147,2.2831,3.1326,1.7199,2.4099,4.6177,0.9437,2.0194,2.8746,0.71462,1.961,2.731,1.5901,1.6427,3.9642,0.96862,2.4383,2.9063,1.318,1.5618,3.8553,2.7186,2.5647,4.6041,1.0742,2.2284,3.556,1.1911,2.6913,3.6992,1.9762,1.9798,4.5217,1.0151,1.9336,4.2628,1.8804,1.6873,3.4789,1.6663,2.5547,4.0028,2.1668,2.5251,4.8675,2.0671,2.4184,3.6034,1.3853,3.0,3.5911,1.4661,1.5052,4.1768,0.58759,2.9808,3.6126,1.6204,1.6299,4.1909,0.7279,1.9809,2.7337,0.73998,2.2033,3.9848,2.6331,2.5783,4.5251,2.071,2.0729,3.4087,1.462,2.764,3.6046,1.0396,2.3324,3.5182,2.5933,2.0812,4.6069,1.4564,1.713,4.428,1.5391,2.5636,3.6268,2.0591,2.405,4.1445,2.6193,2.3232,4.8994,0.56479,2.5266,3.09
488.22,4.7816,260.67,8.4478,0.26588,2004.9,1.4198,1.7604,4.0836,1.2969,2.2515,4.2911,1.1122,1.9139,4.2336,2.4114,2.6046,4.2854,0.85197,2.0136,4.323,1.5022,2.6009,3.8829,3.3661,2.7975,0.65554,1.0851,1.9188,4.2466,1.7336,1.5658,4.1859,1.3164,2.224,4.3838,0.81522,2.0618,4.2261,3.0557,2.8206,4.6066,5.416,2.6048,1.1526,1.3439,2.6611,3.7234,0.83812,2.1261,2.9631,2.6068,2.2031,4.7059,1.4424,1.6334,3.9486,0.60768,2.6734,3.7034,2.0681,1.7673,3.5514,1.0107,2.381,3.1834,1.2151,2.3118,3.181,1.7348,1.6639,3.4399,1.8269,2.6837,4.0863,1.7931,1.7429,3.4408,1.4259,1.5862,3.9822,0.38946,2.2005,3.0862,2.1608,2.4407,4.5351,1.4596,1.7438,3.2191,0.80351,1.9766,2.7276,3.3829,2.8146,0.63479,2.1135,1.8304,3.5817,1.0575,2.7621,2.9675,1.8769,2.6037,4.1286,0.68821,1.9718,2.8051,1.0103,2.3938,3.1613,1.9618,1.9267,4.5997,1.7362,1.6148,3.919,0.56911,2.1678,3.8457,1.2232,2.6124,3.7952,0.84536,2.1805,3.1034,2.7889,2.4005,4.5798,2.2332,2.2887,4.8831,1.5311,1.6664,3.98,1.94,1.9519,4.5714,1.568,2.2591,3.2448,0.6798,2.2252,2.9886,2.466,2.4571,4.476,1.8453,2.5858,4.581,1.7891,2.6179,4.5681,2.8173,2.4299,4.6973,1.2698,2.583,3.8188,1.8447,2.2956,4.4472,1.8162,2.9147,3.7217,0.69431,2.4807,2.6371,1.4243,2.1611,4.6106,1.9905,2.9154,3.8983,0.24044,2.4091,3.2502,1.665,1.5445,4.0581,0.66094,2.0867,3.0018,2.2386,2.26,4.6464,0.81443,2.471,3.3115,0.8878,2.1771,3.1224,6.2547,2.8753,1.7735,2.1306,2.0796,4.7747,2.7403,2.43,4.6215,2.494,2.2127,4.9866,1.8959,2.546,4.1867,1.0827,1.6694,4.0824,4.6393,2.7947,0.50345,0.82328,2.14,3.0014,1.3319,2.072,4.4005,0.99585,2.1497,3.4154,2.0223,2.6095,4.2425,1.776,1.4747,4.0947,1.3049,2.5049,3.1801,0.82596,2.5016,3.7084,2.1135,1.8142,3.6219,1.4873,2.492,3.4136,1.6106,2.5848,3.7104,1.5745,1.5699,4.2489,1.8302,2.5757,4.253,1.9406,2.5859,4.3968,3.5981,2.7266,0.049237,1.7785,1.4795,4.08,1.8359,1.9867,3.471,1.9706,2.9136,4.7821,1.2681,2.5291,3.2384,2.574,2.4387,4.8941,1.1267,2.6228,4.0285,1.5078,2.4686,3.4452,1.0718,1.8478,4.0478,1.7008,1.5195,4.0421,1.7973,1.979,3.4124,0.24392,2.8975,3.3036,2.9853,2.2803,4.736,1.2826,1.9424,4.235,1.3625,2.6233,3.5673,1.3836,2.4636,3.3511,1.9237,1.848,3.6112,1.9464,2.5328,4.0894,1.0012,2.2967,3.1385,2.5379,1.9847,5.1473,1.2886,2.6241,3.471,1.3079,2.4983,3.266,0.3984,2.901,3.4421,0.61262,1.8773,2.7146,1.5671,1.9415,4.534,1.463,1.7415,4.1642,5.227,2.8428,1.5446,0.80225,2.0945,2.835,1.0728,2.687,4.0249,2.3167,2.5016,3.5983,2.475,2.373,4.7607,2.9993,2.6228,4.6812,2.1023,2.5011,4.448,2.3821,2.2039,4.3417,0.7059,2.1442,3.1604,0.60164,2.4042,3.1682,0.59229,2.1429,3.6992,2.3713,2.3805,4.5455,1.0043,2.4076,3.103,1.212,1.6398,4.2481,1.638,2.0349,3.3863,5.8992,2.6279,1.6297,3.5173,2.8892,0.25958,0.84864,2.3495,3.0964,1.6672,1.6153,4.049,1.5304,1.9288,3.1709,0.78865,2.4111,2.9651,2.1629,2.3167,4.8054,1.2513,2.5761,3.2197,1.036,1.9399,3.5118,0.34083,1.9895,3.3533,1.7484,1.9979,3.3563,2.4232,2.192,4.312,2.2557,2.1247,5.0155,1.2235,1.6146,3.8567,0.7132,1.9792,2.796,2.2654,2.1596,5.0657,2.4174,2.2762,4.6385,1.5796,2.5008,3.9633,4.5183,2.8144,0.44749,1.9595,2.5002,4.0548,0.79303,1.9511,4.105,1.4251,2.6716,4.3377,3.8886,2.7701,0.18151,1.5716,1.6808,3.3173,0.18839,2.2942,3.2133,5.1118,2.8187,1.0921,0.70359,2.7099,3.421,1.3974,2.5458,3.0687,2.2039,2.0542,4.9112,1.4794,1.9646,4.4538,1.5294,1.6255,3.3318,1.443,2.9062,3.3743,0.67721,2.3901,3.0366,0.85331,2.4344,3.0477,0.23127,2.5918,3.305,1.6908,2.3699,4.2281,0.68742,2.4056,2.9443,0.95043,2.3725,3.486,1.3925,1.7539,4.2549,0.31135,2.3366,3.3423,1.5226,1.5771,3.3175,0.63642,2.4058,2.9933,3.4572,2.8284,0.14031,1.8714,2.5356,3.9708,2.0924,2.1987,4.6883,2.2006,2.7267,4.7712,1.9168,1.8178,3.8157,1.2884,1.6709,3.7354,2.2288,2.0901,4.9808,1.3674,2.5807,3.905,0.88308,3.0697,2.6988,4.8287,2.838,0.53776,1.4281,2.7149,4.4645,1.9348,1.8807,3.9012,1.3732,2.6639,3.0173,0.72641,2.7114,3.3808,1.1296,2.8703,4.3091,0.86586,2.5653,2.7995,0.67268,2.0687,2.8884,0.55098,2.4183,3.3554,1.5633,2.1368,4.3562,1.6129,2.7286,4.6155,0.47977,2.021,2.8819,2.0107,1.8055,3.7996,1.1814,1.7343,3.7352,2.1924,2.6288,4.6,1.3273,1.6799,4.0594,1.3072,2.1364,3.1273,0.57198,2.0604,2.9284,0.57094,2.4109,2.7162,1.7205,2.4411,4.2296,2.1855,2.5964,4.6366,0.52217,2.053,2.874,1.5916,1.6841,3.3663,0.24877,3.0682,2.0877,0.68787,2.5904,2.6518,3.218,2.7197,6.2436,0.29574,2.8883,3.0161,4.7401,2.8876,0.43727,2.2445,2.274,3.5128,1.2854,2.9847,4.146,1.2223,2.4316,3.395,1.0618,3.0358,3.935,2.3045,2.2306,3.6816,1.1675,1.6739,3.7366,2.4302,2.3685,4.5949,2.4474,2.707,4.0921,1.3756,2.671,4.3882,1.9128,1.7471,3.7971,1.2431,2.6327,3.7532,2.2846,2.4151,4.7962,1.5881,2.541,3.5294,2.169,2.2861,4.1746,0.74397,1.9668,3.2795,2.1999,2.3996,3.5749,2.1922,2.3669,3.52,2.2797,1.9986,5.0114,2.5673,2.2604,4.7774,2.3021,2.2633,3.7245,1.3624,1.5957,3.8929,2.1542,2.6164,4.5964,1.9233,1.8003,3.7977,0.7742,2.0923,4.1484,1.5887,1.7063,4.2319,2.1939,2.6213,4.6562,1.4497,2.3862,3.2653,6.1163,2.9277,2.444,1.8477,1.7729,3.5579,1.8297,2.8468,4.0948,2.1558,1.9656,4.9061,1.2355,2.5892,4.4185,2.0055,2.1569,4.8874,1.6133,1.6432,3.9566,1.6276,2.0488,3.2996,1.1135,2.6428,3.6392,1.0202,2.7591,3.8601,1.5124,2.4948,3.9429,1.1747,2.6672,3.6501,1.7895,1.595,4.0664,0.95034,2.4551,2.855,2.004,2.1597,4.4902,0.40383,2.7012,3.154,1.0262,1.9182,4.2756,0.99166,2.2825,3.1342,1.722,2.4099,4.6183,0.94286,2.0183,2.8748,0.7142,1.9605,2.7309,1.5898,1.6407,3.9642,0.96917,2.4382,2.9083,1.3167,1.5608,3.8557,2.7183,2.5644,4.6042,1.0736,2.2306,3.5543,1.1921,2.6896,3.6999,1.9762,1.9797,4.5224,1.0142,1.933,4.2631,1.881,1.6878,3.4795,1.6663,2.5556,4.0028,2.1684,2.5246,4.8669,2.0655,2.4192,3.6014,1.3889,2.9984,3.5942,1.4665,1.5055,4.1758,0.58488,2.9805,3.6104,1.6211,1.628,4.19,0.72761,1.9803,2.7336,0.74077,2.2038,3.9852,2.6321,2.5778,4.5251,2.0726,2.0719,3.4084,1.4632,2.7616,3.6063,1.0382,2.3349,3.5158,2.595,2.0829,4.61,1.4559,1.7129,4.4283,1.5382,2.5635,3.6277,2.0593,2.4069,4.1462,2.6184,2.3226,4.8981,0.56671,2.5266,3.0921
488.22,4.7816,260.67,8.4478,0.27475,1995.1,1.4163,1.7579,4.0813,1.2985,2.2519,4.2939,1.1094,1.9122,4.2329,2.4092,2.6029,4.2859,0.85148,2.0135,4.3246,1.5009,2.6037,3.8812,3.3779,2.7938,2.3987,1.0809,1.9169,4.2462,1.7339,1.5633,4.1838,1.3176,2.224,4.3889,0.81469,2.0629,4.2274,3.0592,2.8198,4.6089,5.4104,2.5989,1.148,1.344,2.6605,3.7234,0.83393,2.1256,2.9599,2.6126,2.2077,4.7158,1.4416,1.6349,3.9503,0.60601,2.6764,3.6962,2.07,1.7675,3.5539,0.99919,2.3828,3.1763,6.078,2.3112,3.1661,1.7324,1.6629,3.4425,1.8237,2.6818,4.0832,1.7933,1.7449,3.4431,1.426,1.5861,3.9833,0.3889,2.2027,3.0815,2.1661,2.4442,4.541,1.4597,1.7484,3.2209,0.80223,1.9783,2.7273,3.4105,2.8107,2.3943,2.1202,1.8328,3.589,1.0577,2.7655,2.9679,1.8818,2.6055,4.1361,0.68916,1.9756,2.8044,1.0044,2.3929,3.1626,1.9667,1.9279,4.606,1.7381,1.6167,3.9211,0.57574,2.1644,3.8551,1.2273,2.6163,3.7994,0.83909,2.1844,3.0979,2.7983,2.4031,4.5884,2.2411,2.294,4.893,1.5336,1.6646,3.9815,1.9452,1.9536,4.5758,1.5758,2.2639,3.2453,0.67733,2.2273,2.9889,2.4657,2.458,4.4807,1.8401,2.5842,4.5655,1.7859,2.6191,4.5564,2.8285,2.4325,4.7118,1.2676,2.587,3.8115,1.8542,2.2974,4.4533,1.809,2.908,3.7138,0.69882,2.4811,2.6395,1.4155,2.1677,4.6045,1.9885,2.9062,3.8954,0.23408,2.409,3.2429,1.6652,1.5412,4.0566,0.66025,2.0857,3.0016,2.2351,2.2582,4.6413,0.81444,2.4639,3.3198,0.88635,2.1782,3.1219,6.2582,2.8739,1.7763,2.1362,2.0807,4.7793,2.743,2.4306,4.6285,2.491,2.2058,4.9831,1.8941,2.5409,4.1842,1.0826,1.6594,4.0893,4.6318,2.7939,0.49761,0.82522,2.1393,3.0069,1.3342,2.0704,4.4037,0.99342,2.1513,3.413,2.0147,2.6037,4.2333,1.7807,1.4654,4.0902,1.3089,2.5027,3.1819,0.82925,2.5019,3.7081,2.1153,1.8107,3.6185,1.4844,2.4923,3.4139,1.6136,2.5831,3.7198,1.5706,1.5681,4.2497,1.8262,2.5683,4.2469,1.9388,2.5783,4.3938,3.6032,2.7249,0.053178,1.7816,1.4745,4.0758,1.8397,1.9853,3.472,1.9641,2.9118,4.7753,1.2701,2.5284,3.2408,2.5728,2.4386,4.8917,1.1291,2.6223,4.0272,1.5047,2.469,3.4447,1.0693,1.8471,4.0471,1.7023,1.5172,4.0409,1.8001,1.9778,3.4124,0.24554,2.8961,3.3048,2.9877,2.2794,4.7389,1.2811,1.9418,4.2357,1.3652,2.6225,3.5737,1.3819,2.4638,3.3516,1.9266,1.8432,3.6087,1.9469,2.5359,4.0924,0.99895,2.2961,3.1379,2.5369,1.9852,5.1474,1.2912,2.6239,3.4771,1.3043,2.4987,3.264,0.3989,2.8994,3.4424,0.6115,1.8778,2.7115,1.5616,1.9401,4.5336,1.463,1.7392,4.1652,5.2219,2.8414,1.5395,0.80159,2.0947,2.8357,1.0722,2.689,4.0232,2.3233,2.4993,3.6015,2.4729,2.3717,4.7569,3.0051,2.62,4.6856,2.1023,2.5016,4.4474,2.3839,2.2078,4.3472,0.70208,2.1468,3.154,0.60668,2.4029,3.1734,0.59224,2.1426,3.6995,2.3698,2.3779,4.5479,1.0089,2.4065,3.1079,1.21,1.6417,4.246,1.6358,2.0352,3.3843,5.8918,2.6251,1.622,3.5198,2.8875,0.26285,0.84612,2.3478,3.0969,1.6673,1.6151,4.0483,1.5314,1.9307,3.171,0.7881,2.4096,2.9659,2.1639,2.3164,4.8031,1.253,2.5772,3.2227,1.0368,1.9384,3.5126,0.33551,1.9907,3.3569,1.7495,1.9972,3.3538,2.4257,2.1961,4.3177,2.2585,2.1231,5.0159,1.2205,1.6116,3.8571,0.71365,1.9791,2.7963,2.268,2.159,5.0673,2.42,2.2781,4.6426,1.5796,2.5044,3.9628,4.5235,2.8092,0.45396,1.9598,2.5047,4.0569,0.79203,1.9514,4.1043,1.432,2.6738,4.3412,3.8952,2.7681,0.18924,1.5732,1.6828,3.3183,0.18578,2.2938,3.2101,5.1124,2.8141,1.0948,0.70311,2.7086,3.4204,1.3988,2.5468,3.0699,2.2067,2.0517,4.9106,1.4791,1.9601,4.4563,1.5295,1.6246,3.333,1.4449,2.9057,3.3746,0.68199,2.3886,3.0438,0.85096,2.4339,3.0485,0.23039,2.5909,3.3033,1.6931,2.3717,4.231,0.69164,2.4049,2.9488,0.94567,2.3784,3.479,1.3923,1.7525,4.2532,0.31061,2.3371,3.3413,1.5223,1.5751,3.3187,0.63977,2.4054,2.9985,3.4651,2.8267,0.14929,1.8674,2.5344,3.9685,2.0955,2.1982,4.6906,2.1904,2.724,4.7576,1.9166,1.8126,3.8147,1.2878,1.6682,3.7364,2.2306,2.0883,4.9805,1.3672,2.5797,3.9036,0.87325,3.0699,2.6885,4.8318,2.8334,0.54289,1.4334,2.7148,4.4696,1.9354,1.8793,3.9021,1.3757,2.6646,3.0207,0.73042,2.7104,3.3857,1.1358,2.8683,4.3155,0.87181,2.5671,2.8032,0.67302,2.0709,2.8883,0.55104,2.4185,3.3537,1.5628,2.134,4.359,1.6199,2.7288,4.6214,0.47689,2.0219,2.8776,2.0108,1.8038,3.8,1.1809,1.732,3.737,2.1913,2.6275,4.5972,1.3255,1.6825,4.0566,1.3045,2.1353,3.1261,0.57057,2.0625,2.925,0.57275,2.4102,2.719,1.7233,2.4449,4.2311,2.1818,2.5933,4.6308,0.52031,2.0539,2.8707,1.5921,1.6839,3.3674,0.23454,3.069,2.072,0.68827,2.5929,2.6506,3.225,2.718,6.251,0.30434,2.8879,3.0259,4.7427,2.8863,0.4405,2.2442,2.2702,3.5087,1.2862,2.9823,4.1481,1.2186,2.4329,3.3932,1.0618,3.0348,3.937,2.3032,2.2306,3.6786,1.1667,1.67,3.7388,2.43,2.3688,4.595,2.444,2.7072,4.0936,1.3774,2.6708,4.3882,1.913,1.7415,3.7959,1.2445,2.6292,3.7544,2.2836,2.4139,4.792,1.5874,2.5397,3.5336,2.1697,2.2886,4.1773,0.7426,1.9686,3.2771,2.1974,2.3989,3.5708,2.1894,2.3654,3.5151,2.2807,1.9991,5.0111,2.5657,2.2596,4.7767,2.3006,2.2643,3.7228,1.3625,1.5947,3.8937,2.1501,2.6138,4.5909,1.924,1.7965,3.7956,0.77431,2.091,4.152,1.5885,1.7037,4.2312,2.1893,2.6188,4.6499,1.4499,2.3864,3.2653,6.1234,2.9285,2.4519,1.8482,1.7721,3.5592,1.8282,2.8432,4.0921,2.1584,1.9649,4.9075,1.237,2.5892,4.4203,2.007,2.1572,4.8872,1.6137,1.6407,3.9563,1.6287,2.0493,3.2983,1.1147,2.6408,3.6399,1.0215,2.7579,3.8597,1.5149,2.4953,3.9454,1.1754,2.6652,3.6498,1.7885,1.5917,4.0662,0.95075,2.4552,2.8557,2.006,2.1613,4.492,0.40868,2.6988,3.1583,1.0252,1.9174,4.2758,0.99183,2.2818,3.1355,1.7238,2.4099,4.6191,0.9421,2.0173,2.875,0.71383,1.96,2.7309,1.5896,1.6389,3.9641,0.96966,2.438,2.9101,1.3156,1.5598,3.8562,2.7181,2.5641,4.6043,1.0731,2.2325,3.5527,1.1931,2.6881,3.7007,1.9763,1.9795,4.523,1.0135,1.9322,4.2636,1.8816,1.6881,3.4802,1.6664,2.5564,4.0028,2.1697,2.5242,4.8664,2.0642,2.4199,3.5996,1.392,2.997,3.5972,1.4668,1.5059,4.1748,0.5824,2.9802,3.6084,1.6218,1.6265,4.1892,0.72735,1.9797,2.7334,0.74148,2.2043,3.9855,2.6313,2.5775,4.5249,2.0738,2.0709,3.4081,1.4642,2.7595,3.6078,1.0369,2.3371,3.5136,2.5964,2.0844,4.6128,1.4554,1.7128,4.4285,1.5372,2.5633,3.6286,2.0595,2.4087,4.1478,2.6176,2.3221,4.8969,0.56842,2.5267,3.094
488.22,4.7816,260.67,8.4478,0.28361,1980.9,1.4128,1.7555,4.0791,1.3,2.2523,4.2968,1.1069,1.9108,4.232,2.4074,2.6014,4.2868,0.851,2.0136,4.326,1.4995,2.6064,3.8793,3.3899,2.79,0.01433,1.0767,1.9154,4.2456,1.7343,1.5611,4.1816,1.3189,2.2241,4.394,0.81415,2.0643,4.2286,3.0623,2.819,4.6111,5.4049,2.593,1.1437,1.344,2.6602,3.7233,0.82974,2.1252,2.9565,2.6184,2.2122,4.7258,1.4409,1.6369,3.952,0.60462,2.6796,3.6891,2.0718,1.7677,3.5564,0.98677,2.385,3.1681,6.2537,2.3106,3.1515,1.7299,1.662,3.4453,1.8204,2.6804,4.0801,1.7935,1.7471,3.4455,1.4262,1.5865,3.9841,0.38809,2.2051,3.0762,2.1722,2.4482,4.5476,1.46,1.7535,3.2231,0.80091,1.9801,2.7272,3.4404,2.8061,0.028887,2.127,1.8352,3.5969,1.0579,2.7688,2.9681,1.8872,2.6076,4.1441,0.68989,1.9798,2.8032,0.9978,2.3921,3.1636,1.9721,1.9294,4.6129,1.7401,1.6194,3.9233,0.58301,2.1609,3.8652,1.2316,2.6204,3.8039,0.83238,2.1887,3.092,2.8082,2.4058,4.5975,2.2494,2.2994,4.9036,1.5361,1.6625,3.983,1.9511,1.9553,4.5806,1.5846,2.2698,3.2462,0.67532,2.2291,2.9907,2.465,2.4585,4.4854,1.8347,2.5824,4.5494,1.7826,2.6203,4.5441,2.8384,2.4354,4.7243,1.2644,2.5914,3.8028,1.8643,2.299,4.4595,1.8012,2.9007,3.7053,0.70322,2.4815,2.6418,1.4053,2.1746,4.5969,1.9864,2.8962,3.8925,0.2278,2.409,3.2357,1.6653,1.5377,4.0549,0.65974,2.0843,3.0019,2.2311,2.2561,4.6357,0.81337,2.4561,3.328,0.88479,2.1789,3.1221,6.2628,2.8724,1.7802,2.1416,2.0811,4.7834,2.7435,2.4309,4.6335,2.4879,2.1984,4.9799,1.8924,2.536,4.1817,1.0822,1.6482,4.0968,4.621,2.7944,0.4885,0.8284,2.1384,3.0144,1.3366,2.0686,4.4068,0.99101,2.1527,3.4108,2.0067,2.5973,4.2235,1.7857,1.4552,4.0851,1.3128,2.5002,3.1837,0.83263,2.502,3.7079,2.117,1.8072,3.6151,1.4819,2.492,3.4152,1.6168,2.5802,3.7294,1.5661,1.5664,4.2509,1.8225,2.5609,4.2413,1.9368,2.5706,4.3903,3.6077,2.7233,0.056708,1.7848,1.4692,4.0716,1.8433,1.9837,3.4729,1.9581,2.9097,4.769,1.272,2.5276,3.243,2.5716,2.4385,4.8894,1.1316,2.6218,4.0264,1.5016,2.4693,3.4443,1.067,1.8464,4.0467,1.7037,1.515,4.0397,1.8027,1.9768,3.4124,0.2473,2.8948,3.306,2.9897,2.2785,4.7414,1.2795,1.9413,4.2364,1.368,2.6215,3.58,1.3804,2.464,3.352,1.9292,1.8381,3.6061,1.9474,2.5388,4.0951,0.99684,2.2954,3.1374,2.536,1.9858,5.1475,1.2938,2.6238,3.4829,1.3008,2.4991,3.2622,0.39934,2.8979,3.4427,0.61049,1.8783,2.7087,1.5564,1.9389,4.5332,1.4629,1.7371,4.1662,5.2173,2.8401,1.5349,0.80101,2.0948,2.8364,1.0715,2.6908,4.0216,2.3295,2.4973,3.6049,2.4709,2.3707,4.7534,3.0103,2.6174,4.6894,2.1023,2.502,4.4469,2.3856,2.2113,4.3522,0.6985,2.1491,3.1482,0.61125,2.4016,3.1782,0.59214,2.1422,3.6996,2.3686,2.3757,4.5502,1.013,2.4057,3.1123,1.2082,1.6436,4.2441,1.6337,2.0355,3.3825,5.8851,2.6226,1.615,3.5217,2.8861,0.26547,0.84357,2.3464,3.0972,1.6674,1.615,4.0478,1.5322,1.9324,3.1712,0.78751,2.4082,2.9666,2.1649,2.316,4.8012,1.2545,2.5782,3.2257,1.0374,1.9369,3.5135,0.33065,1.9919,3.36,1.7506,1.9964,3.3514,2.4282,2.1999,4.3231,2.2609,2.1217,5.0164,1.2177,1.6089,3.8574,0.71405,1.979,2.7964,2.2706,2.1584,5.0687,2.4223,2.2799,4.6464,1.5796,2.5077,3.9624,4.5282,2.8043,0.45997,1.9602,2.5088,4.0587,0.79111,1.9516,4.1035,1.4385,2.6758,4.3445,3.9012,2.7662,0.19633,1.5746,1.6847,3.3192,0.18333,2.2934,3.2071,5.1129,2.8098,1.0974,0.70249,2.7073,3.4198,1.4,2.548,3.071,2.2093,2.0494,4.9101,1.4787,1.9561,4.4587,1.5295,1.6238,3.334,1.4468,2.9052,3.375,0.6863,2.3872,3.0504,0.84874,2.4335,3.0492,0.22943,2.5901,3.3015,1.6951,2.3732,4.2337,0.69548,2.4042,2.9531,0.94114,2.3837,3.4724,1.392,1.7511,4.2515,0.30983,2.3375,3.3404,1.522,1.573,3.3198,0.64284,2.4051,3.0034,3.4723,2.825,0.15745,1.8637,2.5334,3.9665,2.0984,2.1977,4.6925,2.1813,2.7214,4.7452,1.9163,1.8076,3.8138,1.2873,1.6659,3.7373,2.2323,2.0865,4.9802,1.3671,2.5788,3.9023,0.86403,3.0701,2.6791,4.8348,2.8291,0.5478,1.4384,2.7147,4.4744,1.936,1.878,3.903,1.3779,2.6651,3.0238,0.73399,2.7095,3.3899,1.1416,2.8663,4.3214,0.87724,2.5688,2.8066,0.67338,2.073,2.8883,0.55107,2.4188,3.3522,1.5623,2.1313,4.3616,1.6262,2.729,4.6268,0.47429,2.0228,2.8736,2.0108,1.8021,3.8004,1.1804,1.73,3.7387,2.1905,2.6264,4.5948,1.3238,1.6848,4.0541,1.302,2.1344,3.125,0.56927,2.0643,2.9219,0.57438,2.4097,2.7216,1.7258,2.4483,4.2324,2.1785,2.5906,4.6255,0.51864,2.0547,2.8678,1.5925,1.6838,3.3684,0.22125,3.0696,2.0575,0.68853,2.5952,2.6495,3.2312,2.7166,6.2576,0.31216,2.8875,3.0348,4.7452,2.8851,0.44353,2.244,2.2666,3.505,1.287,2.9801,4.1499,1.2153,2.4342,3.3916,1.0616,3.0339,3.9387,2.302,2.2307,3.6758,1.166,1.6664,3.7407,2.43,2.369,4.595,2.4409,2.7072,4.0951,1.3791,2.6707,4.3882,1.9131,1.7364,3.7948,1.2458,2.6261,3.7553,2.2827,2.413,4.7882,1.5868,2.5385,3.5375,2.1702,2.2908,4.1796,0.74135,1.9703,3.2749,2.1951,2.3982,3.5671,2.1869,2.364,3.5106,2.2816,1.9994,5.0106,2.5643,2.2588,4.776,2.299,2.2651,3.7211,1.3626,1.5938,3.8943,2.1466,2.6115,4.586,1.9248,1.793,3.7936,0.7744,2.09,4.1552,1.5883,1.7012,4.2306,2.1851,2.6165,4.6442,1.4502,2.3865,3.2653,6.1301,2.9291,2.4594,1.8488,1.7714,3.5603,1.8268,2.8401,4.0899,2.1606,1.9643,4.9087,1.2383,2.5891,4.4219,2.0084,2.1575,4.8871,1.6142,1.6384,3.9561,1.6297,2.0497,3.2973,1.1156,2.6389,3.6406,1.0226,2.7569,3.8593,1.5171,2.4957,3.9478,1.1759,2.6634,3.6494,1.7876,1.5887,4.0661,0.95111,2.4553,2.8563,2.0078,2.1626,4.4938,0.41299,2.6966,3.162,1.0244,1.9166,4.276,0.99196,2.2813,3.1368,1.7255,2.4099,4.6197,0.9414,2.0164,2.875,0.71349,1.9595,2.7309,1.5893,1.6372,3.964,0.97009,2.4379,2.9116,1.3146,1.5589,3.8566,2.7179,2.5639,4.6044,1.0726,2.2342,3.5514,1.194,2.6868,3.7013,1.9763,1.9794,4.5235,1.0128,1.9316,4.264,1.8821,1.6885,3.4807,1.6664,2.5572,4.0028,2.171,2.5237,4.8659,2.063,2.4206,3.598,1.3949,2.9957,3.5998,1.4671,1.5062,4.1739,0.58015,2.98,3.6066,1.6224,1.6251,4.1885,0.72712,1.9791,2.7334,0.74211,2.2048,3.9859,2.6305,2.5771,4.5249,2.075,2.0701,3.4077,1.4651,2.7575,3.6091,1.0359,2.339,3.5117,2.5977,2.0857,4.6152,1.455,1.7128,4.4287,1.5363,2.5632,3.6294,2.0596,2.4102,4.1492,2.6169,2.3216,4.8959,0.56996,2.5268,3.0957
1728.6,7.8459,136.69,1.3174,0.0089103,607.11,1.523,1.8384,4.1728,1.2788,2.2259,4.2224,1.2314,1.9884,4.2323,2.4986,2.6619,4.3025,0.85804,2.0623,4.2173,1.5202,2.4828,3.8931,3.0038,2.8381,5.8126,1.2298,1.9902,4.2335,1.7476,1.719,4.2481,1.2777,2.2271,4.2245,0.85811,2.0631,4.2149,2.8922,2.8353,4.5071,5.7112,2.7769,1.4694,1.2356,2.8455,3.6204,0.95853,2.1454,3.0242,2.4837,2.05,4.4434,1.4719,1.6779,3.9044,0.66077,2.5683,3.8865,2.0055,1.7623,3.4738,1.0725,2.4469,3.055,0.2732,2.2844,3.5645,1.7855,1.6722,3.387,2.1447,2.8265,4.4513,1.7864,1.6688,3.3903,1.4775,1.6754,3.9063,0.39645,2.1324,3.2061,2.0346,2.3537,4.384,1.4742,1.6655,3.1995,0.83239,1.8717,2.7751,3.0058,2.8409,5.8122,2.0052,1.7603,3.4749,1.0066,2.7164,2.88,1.8176,2.5892,4.0012,0.63111,1.8674,2.7985,1.071,2.446,3.0518,1.8971,1.9136,4.4922,1.6787,1.6963,3.8957,0.51083,2.2007,3.7469,1.1945,2.4182,3.7886,1.0056,2.0585,3.2731,2.5448,2.2969,4.2876,2.0672,2.1478,4.6751,1.4787,1.6769,3.9106,1.8968,1.9172,4.4927,1.4913,2.1707,3.2683,0.82392,2.079,3.1905,2.4179,2.3696,4.3115,1.9491,2.602,4.8954,1.9402,2.5953,4.8835,2.5449,2.2965,4.2875,1.2875,2.4857,3.9478,1.686,2.2308,4.2932,2.0696,3.0626,4.0141,0.50055,2.4693,2.4738,1.542,2.0562,4.6055,2.083,3.0666,4.0304,0.39307,2.3738,3.4395,1.6608,1.6317,4.083,0.71065,2.0212,3.1011,2.2427,2.24,4.6443,0.62016,2.6192,2.9924,1.0056,2.0621,3.274,0.13919,2.8902,1.984,1.9949,1.9848,4.5868,2.5451,2.2972,4.2896,2.6801,2.3382,5.2036,2.15,2.8239,4.4538,1.0806,1.8529,3.9443,4.614,2.9999,0.50189,0.88841,2.1175,3.0566,1.3068,2.1005,4.2647,1.0566,2.087,3.4958,2.32,2.757,4.5915,1.7013,1.602,4.1589,1.1428,2.557,3.0653,0.75023,2.424,3.7713,2.0538,1.9304,3.7399,1.6003,2.438,3.4682,1.6625,2.5207,3.6073,1.6589,1.6806,4.25,2.1147,2.8115,4.5914,2.1196,2.8123,4.5931,3.3486,2.7819,6.1097,1.7009,1.6021,4.1589,1.7021,2.0067,3.4534,2.1333,2.938,4.9272,1.1443,2.5581,3.0687,2.641,2.4477,4.9922,1.0215,2.6025,4.0645,1.6021,2.436,3.4682,1.1845,1.7975,4.1027,1.6607,1.6317,4.0846,1.7019,2.0063,3.4523,0.2853,2.9472,3.332,2.8712,2.2922,4.5609,1.3183,1.9527,4.2046,1.2457,2.6889,3.3184,1.4632,2.458,3.3424,1.8403,1.9867,3.7265,1.9507,2.3354,3.9918,1.0973,2.2826,3.1896,2.5404,2.0499,5.1501,1.2413,2.6903,3.3115,1.4624,2.4594,3.3407,0.28687,2.9479,3.3341,0.67815,1.8064,2.9142,1.7011,2.0281,4.4206,1.4683,1.8651,4.1193,5.5406,2.9019,1.8532,0.81959,2.1229,2.7797,1.0222,2.6036,4.0659,2.1515,2.5227,3.6211,2.6423,2.4443,4.9933,2.8021,2.7056,4.5209,2.1649,2.5302,4.5368,2.3485,2.1018,4.1935,0.76652,1.9886,3.3513,0.32334,2.4746,2.8785,0.60487,2.1404,3.7142,2.3855,2.5092,4.4293,0.74678,2.4653,2.8494,1.2555,1.5804,4.288,1.7004,2.0066,3.4522,0.0054713,2.6893,2.0491,3.2116,2.9386,6.2022,0.74035,2.4643,2.8485,1.6597,1.6341,4.0877,1.4937,1.8648,3.1823,0.73942,2.4654,2.8452,2.1688,2.3473,4.956,1.1425,2.562,3.0671,1.0029,1.9647,3.5038,0.53173,1.9787,3.2573,1.7008,2.0077,3.4511,2.3861,2.0789,4.1949,2.1412,2.1553,4.9795,1.29,1.7556,3.8002,0.6833,1.9773,2.7559,2.141,2.1556,4.9801,2.3184,2.1841,4.4591,1.567,2.2883,3.9626,4.1901,3.0101,0.12341,1.9551,2.3359,3.9943,0.83748,1.9649,4.117,1.1734,2.5718,4.2147,3.5118,2.8538,6.0746,1.5325,1.6177,3.287,0.32472,2.2963,3.4108,5.1463,2.9917,1.0857,0.554,2.7842,3.2505,1.2645,2.5063,2.9761,2.1414,2.1527,4.9808,1.4747,2.0958,4.35,1.5253,1.6225,3.288,1.3799,2.9302,3.3648,0.44789,2.4506,2.7158,0.92386,2.4544,2.9979,0.22232,2.6182,3.3417,1.6126,2.2559,4.1261,0.44339,2.4483,2.7094,1.0485,2.1684,3.6617,1.3947,1.8087,4.2923,0.32567,2.2983,3.4108,1.528,1.6176,3.2866,0.44398,2.4507,2.7134,2.9761,2.8693,5.8937,2.0082,2.5987,4.0353,1.9696,2.1769,4.586,2.6362,2.7744,5.2757,1.8891,1.9673,3.9044,1.2944,1.8182,3.6879,2.1426,2.1544,4.9806,1.4022,2.6577,4.0101,1.1062,3.0861,2.9484,4.6903,2.9869,0.41516,1.2547,2.6826,4.3314,1.9046,1.9598,3.8871,1.2447,2.6359,2.8631,0.35212,2.7734,2.944,0.93958,2.8889,4.1329,0.56911,2.5211,2.5769,0.69882,1.932,2.9937,0.54957,2.3943,3.4325,1.5674,2.1752,4.2266,1.2551,2.6846,4.3353,0.63542,1.9476,3.12,1.9781,1.8987,3.8192,1.1929,1.8484,3.6452,2.4692,2.7236,4.9893,1.3774,1.5201,4.1727,1.3911,2.1562,3.1759,0.63841,1.9472,3.1197,0.45837,2.4506,2.5649,1.6131,2.2525,4.1274,2.4674,2.7233,4.9899,0.63653,1.9482,3.1182,1.5651,1.7158,3.3274,0.52448,3.0393,2.4398,0.57062,2.5204,2.5804,2.9048,2.7434,5.8844,6.1693,2.8635,2.5345,4.6789,2.9896,0.40108,2.3486,2.4072,3.7555,0.86189,3.0816,3.6438,1.4394,2.2528,3.565,0.83634,3.0798,3.6176,2.3696,2.2381,3.8113,1.192,1.8485,3.6437,2.4256,2.337,4.5572,2.5807,2.6252,4.0269,1.2609,2.6836,4.3381,1.8898,1.9651,3.9057,1.1206,2.7984,3.6457,2.4535,2.4856,5.0955,1.6034,2.6213,3.2967,2.1683,2.1861,4.1005,0.78766,1.9025,3.3739,2.3494,2.4093,3.7544,2.3496,2.4111,3.7554,2.1852,1.8866,4.9008,2.6465,2.2906,4.7932,2.3668,2.2401,3.8112,1.3825,1.5869,3.835,2.4678,2.7207,4.9913,1.8894,1.9659,3.9057,0.78051,2.143,3.9606,1.6014,1.8361,4.2581,2.4693,2.7232,4.9927,1.4464,2.3891,3.2608,5.9267,2.8803,2.2056,1.8593,1.8012,3.4763,1.9787,3.0248,4.3019,2.0131,1.9498,4.7522,1.0984,2.5789,4.2708,1.8809,2.1519,4.8609,1.6133,1.8049,3.9667,1.605,2.0115,3.3946,1.0077,2.7783,3.5569,0.90873,2.8324,3.8068,1.378,2.3898,3.8448,1.1185,2.7999,3.6434,1.8377,1.7996,4.0942,0.91191,2.4612,2.771,1.9103,2.0684,4.3846,0.066895,2.7964,2.8317,1.0873,1.9621,4.2604,0.9468,2.337,3.008,1.6319,2.3956,4.5865,0.9799,2.0887,2.8344,0.74396,1.9994,2.7439,1.6123,1.8046,3.9686,0.91246,2.4606,2.772,1.3808,1.5872,3.8364,2.7736,2.59,4.6387,1.0852,2.1379,3.6275,1.118,2.8012,3.6466,1.9767,1.9876,4.4768,1.0844,1.963,4.2595,1.8537,1.6498,3.4501,1.6624,2.4796,3.9987,2.1118,2.5541,4.924,2.1557,2.381,3.7099,1.1815,3.0747,3.4143,1.4465,1.4652,4.2327,0.61823,2.9999,3.6134,1.6256,1.7536,4.2342,0.74506,1.998,2.7432,0.68982,2.1945,3.9438,2.6886,2.6027,4.5377,1.9911,2.129,3.4395,1.3797,2.9236,3.535,1.0824,2.1922,3.6368,2.5305,1.9993,4.4675,1.491,1.7357,4.4231,1.6092,2.5917,3.5812,2.0631,2.2867,4.0715,2.7136,2.3732,5.0137,0.44225,2.5321,2.9549
1728.6,7.8459,136.69,1.3174,0.017821,1029.2,1.5217,1.8395,4.1706,1.2792,2.2266,4.2222,1.2311,1.9891,4.2317,2.4974,2.6605,4.302,0.8578,2.063,4.2182,1.5199,2.4833,3.8928,3.0029,2.8375,5.8113,1.2296,1.9914,4.2335,1.7469,1.7192,4.248,1.2781,2.2276,4.2255,0.85757,2.0649,4.2139,2.8954,2.835,4.5077,5.707,2.7757,1.4657,1.2359,2.8438,3.6204,0.95914,2.1463,3.0245,2.4843,2.0504,4.4437,1.4709,1.6782,3.9041,0.66211,2.5683,3.8868,2.0058,1.7626,3.4754,1.0741,2.4455,3.0574,0.27228,2.2844,3.5627,1.7842,1.6721,3.3873,2.1395,2.8256,4.4469,1.7859,1.669,3.3912,1.4787,1.6749,3.9073,0.39646,2.1333,3.2058,2.0363,2.3552,4.3842,1.4747,1.6663,3.2001,0.8324,1.8728,2.7744,3.0054,2.8404,5.8121,2.0042,1.7614,3.4764,1.0068,2.7173,2.8813,1.8176,2.5891,4.0016,0.63078,1.8682,2.7974,1.0713,2.4454,3.0525,1.8962,1.9132,4.4915,1.6783,1.6954,3.8958,0.51213,2.2011,3.7495,1.1962,2.4205,3.7902,1.0046,2.0602,3.2728,2.546,2.2983,4.2886,2.0674,2.15,4.6768,1.4792,1.6775,3.9118,1.8967,1.9178,4.4927,1.4924,2.1724,3.2685,0.82402,2.0816,3.1902,2.4186,2.3693,4.3113,1.9513,2.6012,4.8971,1.9401,2.5957,4.883,2.546,2.2974,4.2896,1.2875,2.4861,3.9473,1.6859,2.2305,4.2936,2.0745,3.0606,4.0185,0.50195,2.4684,2.4755,1.5411,2.0578,4.6053,2.0868,3.0656,4.0333,0.39159,2.3749,3.4382,1.6604,1.6312,4.0831,0.71093,2.0226,3.1017,2.2415,2.2411,4.6439,0.61818,2.6175,2.9922,1.005,2.0642,3.2741,0.14531,2.8905,1.9894,1.9955,1.9859,4.5874,2.5464,2.2987,4.2909,2.6808,2.3368,5.2049,2.1456,2.8208,4.4498,1.0822,1.8542,3.9454,4.6112,2.998,0.49902,0.88848,2.1186,3.0564,1.3081,2.0998,4.2659,1.0579,2.0874,3.498,2.3191,2.7569,4.5904,1.7021,1.6025,4.1587,1.1453,2.5548,3.0663,0.75199,2.4232,3.7725,2.0547,1.9301,3.7387,1.6001,2.4392,3.4677,1.6619,2.5213,3.6066,1.6572,1.68,4.2504,2.1108,2.8096,4.5874,2.1194,2.8104,4.5927,3.3463,2.7813,6.107,1.7021,1.603,4.1586,1.7032,2.0073,3.4531,2.1338,2.9377,4.9273,1.1464,2.5573,3.0702,2.6419,2.4483,4.9926,1.0204,2.6026,4.0637,1.6018,2.4361,3.4674,1.1821,1.7992,4.1025,1.6604,1.6307,4.0842,1.7022,2.0069,3.4521,0.28153,2.9467,3.329,2.8737,2.2916,4.5616,1.3193,1.9545,4.2048,1.2474,2.6868,3.3208,1.4618,2.4567,3.342,1.8401,1.9864,3.7261,1.9501,2.3366,3.9923,1.0969,2.2829,3.1897,2.5405,2.049,5.1506,1.2413,2.6903,3.312,1.4611,2.4589,3.3406,0.28505,2.9484,3.332,0.67885,1.8077,2.9118,1.7007,2.0275,4.4219,1.4692,1.8646,4.1209,5.5379,2.9018,1.8515,0.8202,2.1235,2.7801,1.0218,2.6039,4.0655,2.1532,2.5215,3.6218,2.6427,2.4429,4.9929,2.8058,2.705,4.5231,2.1646,2.5291,4.5367,2.348,2.1016,4.1939,0.76693,1.9897,3.352,0.32494,2.4742,2.8801,0.60543,2.1408,3.7143,2.3851,2.5065,4.4298,0.74925,2.465,2.8504,1.2555,1.5793,4.2887,1.6995,2.0071,3.4535,0.0058172,2.6891,2.0492,3.2173,2.9384,6.208,0.74049,2.4622,2.851,1.6592,1.6343,4.087,1.4939,1.8664,3.1816,0.73901,2.4648,2.845,2.169,2.3465,4.9552,1.1437,2.5618,3.0674,1.0048,1.9667,3.5041,0.5299,1.9795,3.258,1.7016,2.0081,3.4514,2.3862,2.0785,4.1932,2.1414,2.1565,4.981,1.2903,1.7559,3.8016,0.68425,1.9784,2.7558,2.1414,2.1579,4.9811,2.3189,2.1844,4.4607,1.5672,2.29,3.9625,4.1875,3.0097,0.11937,1.9548,2.3368,3.9934,0.83559,1.9655,4.1166,1.1746,2.5731,4.2162,3.5122,2.8525,6.0752,1.5333,1.6182,3.2878,0.32424,2.2955,3.41,5.1563,2.9909,1.0935,0.55441,2.7834,3.252,1.2653,2.5066,2.9765,2.1423,2.1514,4.9796,1.4762,2.0961,4.3516,1.5253,1.6234,3.2898,1.3824,2.9298,3.3655,0.44871,2.4508,2.7171,0.92297,2.4541,2.9967,0.22251,2.6183,3.3421,1.6141,2.2577,4.1283,0.44523,2.4486,2.7097,1.0483,2.1697,3.6622,1.395,1.809,4.2915,0.32609,2.2984,3.4119,1.5269,1.6177,3.2869,0.44434,2.4504,2.7146,2.9774,2.8683,5.8959,2.007,2.5972,4.0342,1.9701,2.1771,4.5857,2.6341,2.7733,5.2739,1.8888,1.9676,3.9038,1.2951,1.8176,3.6886,2.1431,2.1542,4.9797,1.401,2.6555,4.0103,1.098,3.0864,2.939,4.6889,2.9857,0.41394,1.2543,2.6823,4.3301,1.9059,1.9604,3.8897,1.2451,2.636,2.864,0.35206,2.7725,2.9453,0.94058,2.8886,4.1343,0.56951,2.5218,2.5765,0.6984,1.9343,2.9925,0.55256,2.3943,3.4343,1.5676,2.1752,4.2264,1.257,2.6849,4.3378,0.63395,1.9489,3.1188,1.9776,1.8989,3.819,1.1926,1.8491,3.6464,2.4672,2.7229,4.9858,1.3776,1.5194,4.1717,1.3912,2.1564,3.176,0.63857,1.9479,3.1187,0.45747,2.4504,2.5642,1.613,2.2531,4.1283,2.4674,2.7223,4.9895,0.63585,1.9494,3.117,1.5668,1.7178,3.3282,0.53138,3.0394,2.4457,0.57097,2.5202,2.5804,2.9055,2.7429,5.8857,6.1664,2.8645,2.5322,4.6771,2.9889,0.39844,2.3488,2.4037,3.7541,0.87505,3.0803,3.6582,1.4375,2.2533,3.5641,0.84146,3.0794,3.6239,2.3708,2.238,3.811,1.1917,1.8482,3.6443,2.425,2.3372,4.5567,2.5775,2.6247,4.025,1.263,2.6825,4.3412,1.8889,1.9644,3.9045,1.1202,2.7979,3.6446,2.4529,2.4842,5.0938,1.5995,2.6195,3.2954,2.1679,2.1857,4.0995,0.78788,1.9028,3.3756,2.3504,2.408,3.7541,2.3487,2.41,3.7535,2.1872,1.8886,4.9022,2.6456,2.29,4.7929,2.3671,2.2412,3.8113,1.3841,1.5877,3.8356,2.4642,2.7196,4.9873,1.8887,1.9661,3.9045,0.78104,2.1441,3.9633,1.6013,1.8361,4.2571,2.4698,2.7223,4.993,1.4481,2.3878,3.2619,5.9282,2.8806,2.2081,1.8589,1.8012,3.4785,1.979,3.0227,4.3003,2.0134,1.9501,4.7536,1.0993,2.5785,4.2717,1.8814,2.1533,4.8614,1.613,1.804,3.9666,1.6058,2.0127,3.3951,1.0085,2.7769,3.5575,0.91125,2.8307,3.8095,1.3804,2.3916,3.8477,1.1166,2.7995,3.6408,1.836,1.7983,4.0939,0.91171,2.461,2.7705,1.9107,2.0685,4.3848,0.067353,2.7955,2.8319,1.0876,1.963,4.2603,0.94872,2.3357,3.0098,1.6316,2.3955,4.5862,0.98059,2.0882,2.8359,0.74349,1.9993,2.7436,1.6115,1.8039,3.9686,0.91208,2.4603,2.7719,1.3799,1.5875,3.8367,2.774,2.5896,4.6387,1.0861,2.1389,3.6276,1.1177,2.8,3.6463,1.9776,1.9882,4.4774,1.0833,1.9636,4.2592,1.8544,1.6494,3.4504,1.6626,2.4792,3.9982,2.1134,2.5529,4.9255,2.1554,2.3822,3.7085,1.1808,3.0741,3.414,1.447,1.4649,4.2322,0.6202,2.9995,3.6166,1.626,1.7533,4.2339,0.74495,1.9981,2.7432,0.68998,2.1947,3.9441,2.6872,2.6027,4.5375,1.9914,2.1291,3.4397,1.3775,2.9222,3.5328,1.0835,2.1935,3.6374,2.5302,2.0,4.4668,1.4905,1.7361,4.4235,1.6069,2.5903,3.58,2.0634,2.2869,4.0717,2.7139,2.371,5.014,0.4421,2.5325,2.955
1728.6,7.8459,136.69,1.3174,0.026731,1400.6,1.5202,1.8406,4.1683,1.2797,2.2274,4.2221,1.2308,1.99,4.231,2.4964,2.6592,4.3013,0.85756,2.0638,4.2192,1.5196,2.484,3.8923,3.0018,2.8367,5.8101,1.2294,1.9925,4.2336,1.746,1.7192,4.2479,1.2786,2.2281,4.2265,0.857,2.0667,4.2129,2.8986,2.8348,4.5085,5.7026,2.7747,1.4619,1.2363,2.842,3.6205,0.95973,2.1472,3.0247,2.485,2.0509,4.444,1.4698,1.6784,3.9037,0.66344,2.5683,3.887,2.006,1.7629,3.4769,1.0758,2.4442,3.0599,0.27128,2.2844,3.5607,1.783,1.6721,3.3875,2.1341,2.8246,4.4424,1.7855,1.6691,3.3922,1.4797,1.6745,3.9083,0.39648,2.1343,3.2055,2.038,2.3566,4.3844,1.475,1.6672,3.2007,0.8324,1.8738,2.7737,3.0049,2.8399,5.812,2.0032,1.7624,3.478,1.0069,2.7183,2.8826,1.8177,2.589,4.0023,0.63044,1.8692,2.7965,1.0716,2.4447,3.0533,1.8952,1.9127,4.4906,1.6779,1.6945,3.8959,0.51351,2.2014,3.7525,1.1977,2.4229,3.7917,1.0036,2.0618,3.2725,2.5473,2.2997,4.2896,2.0676,2.1523,4.6786,1.4796,1.6783,3.913,1.8966,1.9186,4.4928,1.4936,2.174,3.2687,0.82411,2.0845,3.1899,2.4195,2.3691,4.3112,1.9536,2.6003,4.8988,1.94,2.5961,4.8825,2.5472,2.2984,4.292,1.2875,2.4865,3.9466,1.6859,2.2301,4.2942,2.0794,3.0586,4.0233,0.50335,2.4673,2.4771,1.54,2.0595,4.6052,2.0907,3.0646,4.0362,0.39004,2.376,3.4369,1.6599,1.6305,4.0831,0.7112,2.0241,3.1024,2.2403,2.2422,4.6435,0.6161,2.6158,2.992,1.0041,2.0663,3.2742,0.15164,2.8907,1.995,1.9963,1.987,4.5881,2.5475,2.3002,4.2923,2.6815,2.3355,5.2062,2.1412,2.8177,4.4457,1.0837,1.8553,3.9465,4.6084,2.996,0.49617,0.88852,2.1197,3.0562,1.3094,2.0989,4.2671,1.0591,2.0878,3.5004,2.3182,2.7567,4.5895,1.703,1.6032,4.1585,1.1478,2.5525,3.0674,0.7538,2.4223,3.7735,2.0556,1.9298,3.7375,1.6,2.4404,3.4672,1.6614,2.5219,3.6057,1.6556,1.6793,4.2508,2.1068,2.8075,4.5833,2.1192,2.8085,4.5921,3.3439,2.7805,6.1044,1.7034,1.6039,4.1584,1.7043,2.008,3.4529,2.1342,2.9375,4.9272,1.1486,2.5565,3.0716,2.6429,2.4491,4.993,1.0194,2.6026,4.0628,1.6015,2.4363,3.4665,1.1796,1.8008,4.1022,1.6602,1.6295,4.084,1.7026,2.0077,3.452,0.2776,2.946,3.3259,2.8764,2.2908,4.5626,1.3204,1.9561,4.2051,1.2493,2.6845,3.3233,1.4605,2.4556,3.3415,1.8399,1.986,3.7257,1.9494,2.3377,3.9928,1.0964,2.2831,3.1897,2.5405,2.048,5.1513,1.2413,2.6902,3.3125,1.4599,2.4582,3.3404,0.28311,2.9489,3.3297,0.67954,1.809,2.9093,1.7,2.0267,4.423,1.4701,1.8639,4.1224,5.535,2.9016,1.8497,0.82086,2.1243,2.7805,1.0214,2.6043,4.065,2.1549,2.5203,3.6225,2.6432,2.4415,4.9926,2.8097,2.7043,4.5254,2.1642,2.528,4.5366,2.3475,2.1015,4.1944,0.76734,1.9908,3.3528,0.32659,2.4738,2.8816,0.60601,2.1411,3.7143,2.3846,2.5038,4.4304,0.75184,2.4647,2.8513,1.2554,1.5782,4.2895,1.6984,2.0076,3.4549,0.0061201,2.689,2.0492,3.2231,2.9382,6.2149,0.74059,2.46,2.8536,1.6587,1.6344,4.0861,1.4941,1.868,3.1809,0.73855,2.4643,2.8449,2.1691,2.3455,4.9543,1.145,2.5615,3.0675,1.0067,1.9689,3.5043,0.528,1.9805,3.2588,1.7025,2.0084,3.4518,2.3863,2.0781,4.1916,2.1417,2.1576,4.9825,1.2906,1.7562,3.803,0.68522,1.9795,2.7557,2.1419,2.1603,4.9821,2.3194,2.1848,4.4622,1.5673,2.2916,3.9624,4.1848,3.0093,0.11523,1.9545,2.3377,3.9925,0.83365,1.9662,4.1161,1.1757,2.5744,4.2177,3.5129,2.8513,6.0762,1.5342,1.6187,3.2886,0.32371,2.2946,3.409,5.1664,2.9899,1.1015,0.55479,2.7825,3.2535,1.2663,2.507,2.9769,2.1433,2.1503,4.9785,1.4777,2.0965,4.3531,1.5253,1.6244,3.2917,1.385,2.9294,3.3663,0.44957,2.4509,2.7185,0.92204,2.4538,2.9957,0.22271,2.6185,3.3424,1.6155,2.2595,4.1307,0.44708,2.449,2.7101,1.0481,2.1708,3.6628,1.3953,1.8092,4.2906,0.32653,2.2984,3.4129,1.5258,1.6178,3.2872,0.44469,2.4502,2.7159,2.9787,2.8673,5.8983,2.0058,2.5959,4.0332,1.9708,2.1772,4.5853,2.632,2.7723,5.272,1.8884,1.968,3.903,1.296,1.8168,3.6895,2.1435,2.1539,4.9787,1.4,2.6531,4.0104,1.0894,3.0868,2.9293,4.6875,2.9846,0.41275,1.2539,2.6821,4.329,1.9072,1.9611,3.8924,1.2456,2.6361,2.8649,0.3521,2.7715,2.9466,0.94161,2.8883,4.1356,0.56993,2.5226,2.5759,0.69795,1.9367,2.9913,0.55562,2.3943,3.4361,1.5679,2.1752,4.2263,1.2591,2.6854,4.3405,0.63243,1.9501,3.1176,1.9772,1.8989,3.8188,1.1923,1.8499,3.6477,2.4652,2.722,4.9822,1.3778,1.5185,4.1707,1.3913,2.1564,3.1762,0.63872,1.9488,3.1177,0.45654,2.4503,2.5634,1.613,2.2538,4.1293,2.4674,2.7212,4.9888,0.63516,1.9505,3.1158,1.5686,1.7199,3.3291,0.53855,3.0395,2.4519,0.5713,2.5198,2.5803,2.9065,2.7425,5.8869,6.1634,2.8655,2.5299,4.6752,2.988,0.39582,2.3489,2.4002,3.7527,0.88769,3.0791,3.6723,1.4356,2.2538,3.5632,0.84659,3.0791,3.6303,2.3721,2.2379,3.8108,1.1914,1.848,3.645,2.4243,2.3375,4.5562,2.5745,2.624,4.0231,1.2652,2.6816,4.3443,1.8879,1.9634,3.9035,1.1197,2.7972,3.6436,2.4522,2.4828,5.092,1.5955,2.6177,3.2943,2.1672,2.1853,4.0985,0.78812,1.9032,3.3774,2.3514,2.4067,3.7538,2.3477,2.4088,3.7515,2.1894,1.8908,4.9035,2.6447,2.2893,4.7926,2.3674,2.2422,3.8115,1.3858,1.5886,3.8365,2.4606,2.7186,4.9831,1.8879,1.9663,3.9033,0.78162,2.1451,3.9662,1.6012,1.836,4.256,2.4705,2.7213,4.9933,1.4497,2.3866,3.2628,5.9298,2.8809,2.2108,1.8585,1.8012,3.4809,1.9792,3.0204,4.2985,2.0136,1.9504,4.7549,1.1004,2.5781,4.2727,1.8818,2.1548,4.8618,1.6128,1.8029,3.9665,1.6067,2.0138,3.3958,1.0093,2.7756,3.5583,0.91384,2.8288,3.8122,1.3829,2.3935,3.8506,1.1148,2.7992,3.6379,1.8342,1.7969,4.0937,0.9115,2.4609,2.7698,1.9114,2.0686,4.385,0.067908,2.7945,2.8321,1.0879,1.9641,4.2602,0.95068,2.3343,3.0118,1.6314,2.3954,4.5859,0.98133,2.0875,2.8374,0.74303,1.9992,2.7434,1.6105,1.803,3.9685,0.91168,2.46,2.7717,1.3789,1.5878,3.8371,2.7745,2.5889,4.6386,1.0871,2.1399,3.6277,1.1173,2.7989,3.646,1.9786,1.9889,4.4781,1.0821,1.9643,4.2589,1.8552,1.6489,3.4506,1.6628,2.4789,3.9977,2.1149,2.5516,4.927,2.1551,2.3832,3.7072,1.1804,3.0734,3.4141,1.4475,1.4646,4.2315,0.62211,2.999,3.6198,1.6265,1.7531,4.2336,0.74488,1.9982,2.7433,0.69013,2.195,3.9445,2.6859,2.6027,4.5373,1.9918,2.1292,3.4399,1.3751,2.9208,3.5305,1.0845,2.1948,3.6382,2.5299,2.0009,4.466,1.4898,1.7366,4.424,1.6046,2.589,3.5788,2.0638,2.2871,4.0718,2.7144,2.3687,5.0144,0.4419,2.5329,2.955
1728.6,7.8459,136.69,1.3174,0.035641,1725.5,1.5186,1.8418,4.1658,1.2803,2.2282,4.222,1.2306,1.9909,4.2304,2.4953,2.6577,4.3008,0.8573,2.0645,4.2202,1.5192,2.4846,3.8918,3.0008,2.836,5.8088,1.2292,1.9938,4.2336,1.7453,1.7193,4.2478,1.2791,2.2286,4.2275,0.85642,2.0685,4.2119,2.902,2.8345,4.5092,5.6982,2.7735,1.4579,1.2368,2.8402,3.6206,0.9603,2.1481,3.025,2.4856,2.0515,4.4444,1.4687,1.6787,3.9033,0.66475,2.5683,3.8871,2.0062,1.7632,3.4786,1.0774,2.4428,3.0625,0.2702,2.2844,3.5586,1.7817,1.672,3.3878,2.1286,2.8236,4.4377,1.785,1.6692,3.3932,1.4807,1.6739,3.9093,0.39649,2.1353,3.205,2.0398,2.3582,4.3846,1.4755,1.668,3.2013,0.83239,1.8748,2.773,3.0044,2.8393,5.8119,2.0022,1.7634,3.4797,1.007,2.7193,2.8838,1.8178,2.589,4.0029,0.6301,1.87,2.7955,1.0719,2.4441,3.054,1.8943,1.9121,4.4898,1.6774,1.6935,3.896,0.51498,2.2018,3.7555,1.1993,2.4254,3.7934,1.0025,2.0636,3.2721,2.5488,2.3012,4.2907,2.068,2.1547,4.6804,1.4802,1.679,3.9143,1.8964,1.9193,4.4929,1.4949,2.1757,3.269,0.82416,2.0873,3.1895,2.4204,2.3689,4.3111,1.956,2.5996,4.9006,1.9399,2.5966,4.882,2.5486,2.2995,4.2945,1.2875,2.487,3.946,1.6858,2.2297,4.2948,2.0844,3.0566,4.028,0.50475,2.4662,2.4788,1.539,2.0612,4.605,2.0946,3.0636,4.0391,0.38842,2.3772,3.4354,1.6593,1.6299,4.0832,0.71148,2.0257,3.103,2.2391,2.2433,4.643,0.61395,2.614,2.9918,1.0033,2.0684,3.2743,0.15815,2.891,2.0007,1.997,1.9881,4.5888,2.5488,2.3018,4.2939,2.6822,2.3341,5.2077,2.1369,2.8144,4.4417,1.0854,1.8565,3.9476,4.6055,2.9939,0.49333,0.88854,2.121,3.056,1.3108,2.0981,4.2683,1.0604,2.0883,3.5028,2.3173,2.7566,4.5885,1.7038,1.6038,4.1583,1.1503,2.5501,3.0685,0.75566,2.4216,3.7746,2.0564,1.9293,3.7362,1.5999,2.4417,3.4666,1.6607,2.5225,3.605,1.6538,1.6786,4.2513,2.1028,2.8053,4.5791,2.119,2.8066,4.5915,3.3416,2.7798,6.1017,1.7047,1.6047,4.1581,1.7054,2.0085,3.4526,2.1346,2.9371,4.9271,1.1508,2.5557,3.0732,2.6438,2.4498,4.9935,1.0184,2.6027,4.062,1.6012,2.4365,3.4657,1.1771,1.8025,4.1019,1.66,1.6284,4.0836,1.7031,2.0083,3.4518,0.27348,2.9453,3.3226,2.8792,2.2901,4.5635,1.3215,1.9579,4.2054,1.251,2.6822,3.3259,1.459,2.4545,3.341,1.8397,1.9855,3.7252,1.9487,2.339,3.9935,1.0959,2.2834,3.1898,2.5405,2.047,5.1518,1.2412,2.6902,3.313,1.4585,2.4577,3.3402,0.28097,2.9495,3.3272,0.68023,1.8104,2.9068,1.6994,2.0259,4.4242,1.471,1.8632,4.124,5.5321,2.9014,1.848,0.82154,2.125,2.7809,1.021,2.6048,4.0645,2.1566,2.5189,3.6232,2.6439,2.44,4.9922,2.8138,2.7036,4.528,2.1637,2.5269,4.5365,2.3469,2.1014,4.1949,0.76775,1.9919,3.3535,0.32823,2.4732,2.8832,0.60661,2.1415,3.7144,2.3841,2.5009,4.4309,0.75452,2.4644,2.8523,1.2554,1.5771,4.2902,1.6973,2.0082,3.4563,0.0063837,2.6889,2.0492,3.2292,2.9379,6.2278,0.74066,2.4578,2.8563,1.658,1.6346,4.0854,1.4944,1.8697,3.1802,0.73804,2.4637,2.8448,2.1692,2.3447,4.9534,1.1463,2.5612,3.0677,1.0085,1.971,3.5046,0.52599,1.9813,3.2596,1.7033,2.0088,3.4522,2.3865,2.0776,4.1899,2.1421,2.1588,4.9841,1.291,1.7564,3.8046,0.68622,1.9806,2.7556,2.1424,2.1628,4.9831,2.3201,2.1853,4.4639,1.5675,2.2934,3.9623,4.1821,3.0087,0.11107,1.9542,2.3387,3.9916,0.83165,1.9668,4.1155,1.1769,2.5759,4.2194,3.5136,2.85,6.0772,1.5351,1.6194,3.2894,0.32311,2.2938,3.408,5.1767,2.9889,1.1095,0.55513,2.7816,3.2551,1.2673,2.5075,2.9774,2.1443,2.1491,4.9774,1.4793,2.0969,4.3547,1.5253,1.6252,3.2936,1.3877,2.9289,3.367,0.45044,2.4511,2.72,0.92106,2.4535,2.9946,0.22289,2.6187,3.3428,1.617,2.2613,4.1332,0.44893,2.4494,2.7106,1.0479,2.172,3.6633,1.3957,1.8094,4.2898,0.32696,2.2985,3.414,1.5248,1.618,3.2876,0.44504,2.4499,2.7172,2.9803,2.8663,5.9008,2.0046,2.5944,4.0322,1.9714,2.1773,4.5849,2.6299,2.7713,5.2702,1.888,1.9685,3.9023,1.2967,1.8159,3.6903,2.144,2.1536,4.9777,1.3989,2.6507,4.0105,1.0805,3.0873,2.9192,4.6861,2.9833,0.4116,1.2534,2.6819,4.3278,1.9085,1.9617,3.8952,1.2461,2.6363,2.8658,0.35219,2.7705,2.9481,0.94269,2.8879,4.1371,0.57034,2.5233,2.5753,0.69747,1.9391,2.99,0.55875,2.3942,3.4378,1.5681,2.1751,4.2261,1.2612,2.6859,4.3433,0.63086,1.9513,3.1163,1.9767,1.899,3.8185,1.1919,1.8506,3.6491,2.4632,2.7213,4.9784,1.378,1.5177,4.1697,1.3914,2.1564,3.1764,0.63889,1.9495,3.1167,0.45556,2.4502,2.5627,1.6129,2.2545,4.1303,2.4674,2.7202,4.9883,0.63442,1.9516,3.1146,1.5703,1.7219,3.3299,0.54599,3.0396,2.4584,0.57163,2.5195,2.5801,2.9074,2.742,5.8883,6.1604,2.8665,2.5276,4.6735,2.9873,0.39322,2.349,2.3966,3.7512,0.8998,3.0777,3.6859,1.4336,2.2544,3.5622,0.85176,3.0787,3.6366,2.3734,2.2378,3.8106,1.1911,1.8476,3.6456,2.4237,2.3377,4.5557,2.5714,2.6235,4.0214,1.2675,2.6806,4.3475,1.887,1.9625,3.9024,1.1191,2.7967,3.6425,2.4517,2.4814,5.0902,1.5914,2.6159,3.2931,2.1668,2.1848,4.0975,0.78837,1.9036,3.3791,2.3524,2.4053,3.7534,2.3468,2.4075,3.7495,2.1916,1.893,4.905,2.6438,2.2887,4.7923,2.3678,2.2433,3.8117,1.3875,1.5894,3.8373,2.457,2.7174,4.9788,1.8872,1.9664,3.902,0.78224,2.1462,3.9691,1.6011,1.8359,4.2549,2.4711,2.7204,4.9937,1.4514,2.3853,3.2638,5.9316,2.8814,2.2137,1.8581,1.8012,3.4833,1.9793,3.018,4.2966,2.0139,1.9508,4.7563,1.1014,2.5776,4.2737,1.8824,2.1563,4.8623,1.6126,1.8017,3.9664,1.6074,2.0149,3.3963,1.0101,2.7742,3.5589,0.9165,2.8269,3.815,1.3855,2.3954,3.8536,1.113,2.7989,3.6352,1.8324,1.7953,4.0935,0.91128,2.4607,2.7693,1.912,2.0688,4.3853,0.068559,2.7935,2.8325,1.0882,1.9651,4.2601,0.95266,2.3329,3.0137,1.6311,2.3953,4.5857,0.98212,2.0868,2.839,0.74259,1.9991,2.7432,1.6097,1.8021,3.9684,0.91128,2.4598,2.7715,1.3779,1.5882,3.8375,2.7751,2.5883,4.6386,1.0881,2.141,3.6277,1.1169,2.7976,3.6457,1.9796,1.9894,4.4787,1.0809,1.9649,4.2587,1.856,1.6483,3.4508,1.663,2.4785,3.997,2.1166,2.5503,4.9286,2.1548,2.3844,3.7058,1.1804,3.0729,3.4145,1.4482,1.4642,4.2309,0.62396,2.9985,3.6229,1.6271,1.7527,4.2331,0.74483,1.9983,2.7434,0.69028,2.1952,3.9448,2.6845,2.6027,4.5371,1.9923,2.1293,3.4401,1.3728,2.9193,3.5281,1.0855,2.1962,3.6388,2.5295,2.0016,4.4653,1.4892,1.7371,4.4245,1.6023,2.5876,3.5774,2.0642,2.2873,4.0719,2.715,2.3664,5.0148,0.44166,2.5333,2.9551
1728.6,7.8459,136.69,1.3174,0.044552,2007.4,1.5169,1.843,4.1632,1.2809,2.2291,4.2219,1.2303,1.9918,4.2298,2.4942,2.6562,4.3002,0.85703,2.0652,4.2213,1.5188,2.4852,3.8912,2.9998,2.8351,5.8074,1.2289,1.995,4.2336,1.7444,1.7193,4.2477,1.2797,2.2292,4.2287,0.85582,2.0705,4.2108,2.9056,2.8342,4.5099,5.6937,2.7723,1.454,1.2372,2.8384,3.6207,0.96083,2.149,3.0253,2.4862,2.0521,4.4447,1.4677,1.679,3.903,0.66603,2.5683,3.8871,2.0064,1.7635,3.4804,1.0791,2.4413,3.0652,0.26906,2.2844,3.5563,1.7804,1.6719,3.3881,2.123,2.8226,4.4329,1.7844,1.6694,3.3942,1.4818,1.6733,3.9103,0.39649,2.1363,3.2046,2.0418,2.3599,4.3847,1.4758,1.6689,3.2019,0.83238,1.8759,2.7722,3.0038,2.8387,5.8118,2.0011,1.7645,3.4813,1.007,2.7204,2.885,1.8179,2.589,4.0036,0.62976,1.8709,2.7944,1.0721,2.4434,3.0547,1.8934,1.9115,4.4889,1.677,1.6924,3.896,0.51653,2.2021,3.7586,1.2008,2.4279,3.7949,1.0013,2.0654,3.2716,2.5503,2.3027,4.2919,2.0684,2.1572,4.6823,1.4808,1.6797,3.9157,1.8964,1.9199,4.493,1.4961,2.1775,3.2692,0.82418,2.0901,3.1892,2.4213,2.3687,4.3111,1.9585,2.5989,4.9025,1.9399,2.5972,4.8815,2.5501,2.3007,4.2972,1.2875,2.4876,3.9453,1.6858,2.2293,4.2954,2.0894,3.0545,4.0327,0.50612,2.4652,2.4804,1.538,2.063,4.6047,2.0984,3.0626,4.0418,0.38674,2.3784,3.4339,1.6587,1.6292,4.0833,0.71175,2.0272,3.1037,2.2379,2.2445,4.6426,0.6117,2.6122,2.9915,1.0024,2.0706,3.2745,0.16478,2.8913,2.0064,1.9978,1.9893,4.5895,2.5502,2.3035,4.2955,2.6828,2.3326,5.2092,2.1326,2.811,4.4376,1.0872,1.8577,3.9488,4.6026,2.9918,0.49052,0.88854,2.1222,3.0558,1.3123,2.0972,4.2695,1.0618,2.0888,3.5052,2.3164,2.7565,4.5875,1.7047,1.6044,4.1581,1.1529,2.5477,3.0695,0.75755,2.4208,3.7757,2.0573,1.9289,3.7348,1.5998,2.4431,3.466,1.6601,2.5231,3.6041,1.652,1.6779,4.2517,2.0986,2.8031,4.5747,2.1187,2.8045,4.5908,3.3393,2.779,6.0991,1.7061,1.6056,4.1578,1.7065,2.0091,3.4523,2.1349,2.9368,4.9269,1.1531,2.5549,3.0749,2.6447,2.4506,4.9939,1.0173,2.6027,4.0611,1.6009,2.4366,3.4648,1.1745,1.8042,4.1016,1.6598,1.6273,4.0833,1.7035,2.0089,3.4515,0.2692,2.9446,3.3192,2.882,2.2894,4.5645,1.3226,1.9597,4.2057,1.2528,2.6798,3.3286,1.4575,2.4533,3.3405,1.8394,1.9849,3.7246,1.948,2.3404,3.9942,1.0954,2.2837,3.19,2.5405,2.0459,5.1522,1.2412,2.6902,3.3136,1.457,2.4572,3.3401,0.27862,2.9501,3.3245,0.68092,1.8118,2.9042,1.6988,2.025,4.4254,1.4719,1.8625,4.1257,5.5292,2.9013,1.8463,0.82224,2.1257,2.7813,1.0205,2.6053,4.0639,2.1584,2.5177,3.6239,2.6446,2.4385,4.9919,2.818,2.7028,4.5307,2.1634,2.5257,4.5365,2.3463,2.1012,4.1954,0.76818,1.9931,3.3542,0.32988,2.4726,2.8848,0.60722,2.142,3.7146,2.3837,2.498,4.4315,0.75728,2.4641,2.8535,1.2554,1.5759,4.2909,1.6962,2.0088,3.4577,0.0064963,2.6888,2.0491,3.2355,2.9376,6.1918,0.7407,2.4555,2.859,1.6574,1.6348,4.0846,1.4947,1.8715,3.1794,0.73746,2.4631,2.8446,2.1694,2.3438,4.9525,1.1475,2.5611,3.0679,1.0105,1.9731,3.5049,0.52388,1.9822,3.2605,1.7042,2.0092,3.4525,2.3867,2.0772,4.1882,2.1425,2.16,4.9857,1.2913,1.7566,3.8062,0.68724,1.9818,2.7555,2.143,2.1653,4.984,2.3208,2.1858,4.4657,1.5677,2.2952,3.9623,4.1795,3.0081,0.10692,1.9539,2.3397,3.9907,0.82961,1.9674,4.1149,1.1782,2.5774,4.221,3.5144,2.8488,6.0782,1.536,1.62,3.2903,0.32244,2.293,3.4068,5.1871,2.988,1.1175,0.5554,2.7807,3.2566,1.2682,2.508,2.9779,2.1453,2.1478,4.9762,1.4809,2.0972,4.3565,1.5253,1.6261,3.2956,1.3904,2.9284,3.3677,0.45133,2.4513,2.7215,0.92003,2.4532,2.9934,0.22306,2.6188,3.3431,1.6185,2.2631,4.1357,0.45077,2.4497,2.7111,1.0476,2.1733,3.6639,1.396,1.8096,4.2889,0.3274,2.2985,3.4151,1.5237,1.6181,3.2879,0.44537,2.4496,2.7186,2.9819,2.8652,5.9034,2.0034,2.5929,4.0311,1.972,2.1773,4.5845,2.6278,2.7702,5.2684,1.8877,1.9688,3.9015,1.2975,1.815,3.6912,2.1445,2.1533,4.9766,1.3977,2.6483,4.0107,1.0711,3.0877,2.9087,4.6849,2.982,0.41049,1.253,2.6817,4.3266,1.9099,1.9623,3.8981,1.2466,2.6366,2.8668,0.35235,2.7695,2.9496,0.94384,2.8875,4.1386,0.57073,2.524,2.5746,0.69696,1.9416,2.9886,0.56194,2.3941,3.4396,1.5684,2.175,4.2258,1.2633,2.6865,4.3462,0.62924,1.9525,3.115,1.9761,1.899,3.8182,1.1916,1.8513,3.6504,2.4611,2.7205,4.9745,1.3783,1.5168,4.1685,1.3915,2.1564,3.1765,0.63907,1.9503,3.1157,0.45454,2.4501,2.5618,1.6129,2.2553,4.1314,2.4674,2.7191,4.9877,0.63364,1.9528,3.1134,1.5721,1.724,3.3308,0.5537,3.0398,2.4651,0.57192,2.5192,2.58,2.9084,2.7414,5.8898,6.1572,2.8675,2.5253,4.6718,2.9865,0.39066,2.3492,2.3929,3.7497,0.91135,3.0763,3.6989,1.4315,2.255,3.5612,0.85699,3.0782,3.6431,2.3748,2.2376,3.8104,1.1908,1.8473,3.6462,2.4231,2.338,4.5552,2.5682,2.623,4.0196,1.2699,2.6796,4.3508,1.8861,1.9615,3.9012,1.1185,2.7961,3.6413,2.4511,2.4799,5.0884,1.5872,2.6139,3.2919,2.1663,2.1843,4.0964,0.78864,1.9039,3.3809,2.3535,2.4039,3.7529,2.3459,2.4062,3.7474,2.1938,1.8952,4.9065,2.6429,2.2879,4.792,2.3681,2.2445,3.8119,1.3893,1.5903,3.838,2.4534,2.7162,4.9746,1.8864,1.9664,3.9006,0.7829,2.1474,3.9721,1.6009,1.8359,4.2537,2.4718,2.7195,4.994,1.453,2.3841,3.2647,5.9335,2.8818,2.2167,1.8576,1.8012,3.4857,1.9792,3.0156,4.2945,2.0142,1.9511,4.7577,1.1024,2.5772,4.2747,1.883,2.1578,4.8627,1.6123,1.8005,3.9663,1.6082,2.0161,3.3969,1.0109,2.7727,3.5595,0.9192,2.825,3.8179,1.3882,2.3974,3.8568,1.111,2.7986,3.6323,1.8304,1.7937,4.0932,0.91106,2.4606,2.7687,1.9126,2.0689,4.3856,0.069308,2.7925,2.8329,1.0885,1.9661,4.2599,0.95463,2.3315,3.0157,1.6308,2.3951,4.5855,0.98296,2.086,2.8408,0.74215,1.9988,2.7431,1.6088,1.8011,3.9683,0.91086,2.4595,2.7714,1.3769,1.5885,3.8379,2.7757,2.5877,4.6386,1.089,2.1422,3.6277,1.1166,2.7963,3.6454,1.9806,1.99,4.4793,1.0797,1.9655,4.2585,1.8569,1.6477,3.4511,1.6631,2.4781,3.9964,2.1183,2.5491,4.9303,2.1545,2.3856,3.7044,1.1808,3.0723,3.4152,1.4489,1.4639,4.2303,0.62575,2.998,3.626,1.6277,1.7523,4.2327,0.74479,1.9983,2.7436,0.69041,2.1955,3.9451,2.6831,2.6027,4.537,1.9927,2.1293,3.4402,1.3704,2.9178,3.5257,1.0866,2.1976,3.6394,2.5292,2.0024,4.4645,1.4886,1.7376,4.4251,1.6,2.5862,3.5762,2.0645,2.2876,4.072,2.7156,2.3641,5.0151,0.44137,2.5338,2.9551
1728.6,7.8459,136.69,1.3174,0.053462,2250.2,1.515,1.8441,4.1605,1.2815,2.2299,4.2218,1.2301,1.9926,4.2293,2.4931,2.6547,4.2997,0.85676,2.0659,4.2224,1.5183,2.4859,3.8907,2.9987,2.8343,5.806,1.2286,1.9963,4.2337,1.7435,1.7193,4.2475,1.2802,2.2297,4.2299,0.85521,2.0725,4.2098,2.9092,2.8338,4.5108,5.6892,2.771,1.45,1.2377,2.8366,3.6209,0.96133,2.1499,3.0256,2.4868,2.0526,4.4451,1.4667,1.6791,3.9026,0.66728,2.5684,3.8872,2.0066,1.7638,3.4821,1.0807,2.4397,3.068,0.26786,2.2843,3.554,1.779,1.6718,3.3883,2.1173,2.8214,4.4282,1.7839,1.6696,3.3952,1.4828,1.6727,3.9113,0.39648,2.1373,3.2042,2.0438,2.3616,4.385,1.4762,1.6698,3.2025,0.83236,1.8769,2.7715,3.0032,2.8382,5.8117,2.0001,1.7657,3.4831,1.007,2.7216,2.8861,1.8181,2.5891,4.0043,0.62941,1.8717,2.7933,1.0723,2.4427,3.0554,1.8924,1.9109,4.488,1.6766,1.6913,3.8961,0.51816,2.2025,3.7618,1.2024,2.4307,3.7965,1.0001,2.0673,3.2711,2.552,2.3044,4.2933,2.0689,2.1597,4.6843,1.4813,1.6804,3.9171,1.8963,1.9206,4.4931,1.4974,2.1793,3.2693,0.82417,2.093,3.1888,2.4223,2.3685,4.311,1.9611,2.5982,4.9044,1.9399,2.5978,4.881,2.5516,2.3019,4.3,1.2875,2.4882,3.9446,1.6857,2.2289,4.296,2.0943,3.0523,4.0372,0.50747,2.4642,2.4821,1.5369,2.0648,4.6044,2.102,3.0614,4.0443,0.385,2.3796,3.4322,1.6581,1.6285,4.0834,0.71202,2.0288,3.1044,2.2366,2.2457,4.6421,0.60935,2.6104,2.9912,1.0014,2.0728,3.2746,0.17148,2.8915,2.0123,1.9986,1.9905,4.5901,2.5517,2.3052,4.2971,2.6834,2.3311,5.2106,2.1284,2.8076,4.4337,1.089,1.8589,3.9501,4.5997,2.9897,0.48774,0.88851,2.1234,3.0556,1.3137,2.0963,4.2708,1.0631,2.0892,3.5077,2.3156,2.7564,4.5865,1.7055,1.605,4.1578,1.1555,2.5453,3.0705,0.75947,2.42,3.7768,2.0581,1.9285,3.7333,1.5997,2.4444,3.4654,1.6594,2.5237,3.6032,1.65,1.6771,4.2522,2.0944,2.8008,4.5704,2.1184,2.8024,4.5901,3.3371,2.7782,6.0965,1.7076,1.6064,4.1575,1.7077,2.0096,3.452,2.1352,2.9364,4.9266,1.1553,2.5541,3.0764,2.6458,2.4514,4.9942,1.0162,2.6028,4.0601,1.6006,2.4367,3.4638,1.1718,1.8059,4.1013,1.6596,1.6261,4.083,1.7039,2.0095,3.4512,0.26479,2.9439,3.3156,2.8849,2.2886,4.5656,1.3237,1.9614,4.2059,1.2547,2.6774,3.3313,1.456,2.4521,3.3399,1.8391,1.9843,3.7241,1.9474,2.3418,3.9949,1.0948,2.2838,3.19,2.5404,2.0449,5.1526,1.2411,2.6903,3.3141,1.4555,2.4566,3.3399,0.27606,2.9507,3.3215,0.68162,1.8132,2.9016,1.6981,2.0239,4.4267,1.4729,1.8618,4.1274,5.5263,2.9012,1.8446,0.82296,2.1265,2.7818,1.0199,2.6059,4.0633,2.1601,2.5164,3.6246,2.6453,2.437,4.9916,2.8224,2.702,4.5335,2.163,2.5246,4.5364,2.3458,2.101,4.196,0.76864,1.9942,3.355,0.33152,2.4721,2.8864,0.60784,2.1424,3.7147,2.3832,2.4951,4.432,0.76012,2.4638,2.8546,1.2554,1.5747,4.2917,1.695,2.0094,3.4592,0.0066148,2.6887,2.0489,3.2418,2.9373,6.1854,0.74071,2.4531,2.8619,1.6568,1.6349,4.0838,1.4949,1.8733,3.1786,0.73681,2.4626,2.8444,2.1695,2.3428,4.9516,1.1488,2.561,3.0679,1.0126,1.9754,3.5052,0.52169,1.9831,3.2615,1.705,2.0095,3.4529,2.387,2.0767,4.1865,2.143,2.1612,4.9874,1.2917,1.7568,3.8078,0.6883,1.983,2.7554,2.1435,2.1679,4.985,2.3216,2.1863,4.4675,1.5679,2.2971,3.9622,4.177,3.0076,0.10278,1.9536,2.3407,3.9898,0.82751,1.968,4.1143,1.1795,2.5791,4.2227,3.5152,2.8475,6.0793,1.537,1.6207,3.2913,0.32171,2.2922,3.4056,5.1975,2.987,1.1256,0.5556,2.7797,3.2581,1.2691,2.5086,2.9783,2.1465,2.1465,4.975,1.4826,2.0973,4.3583,1.5253,1.627,3.2977,1.3932,2.9279,3.3685,0.45223,2.4515,2.7232,0.91894,2.4529,2.9923,0.22323,2.6188,3.3434,1.6201,2.265,4.1382,0.45261,2.4501,2.7116,1.0473,2.1746,3.6644,1.3964,1.8098,4.288,0.32783,2.2986,3.4162,1.5226,1.6182,3.2882,0.44569,2.4494,2.7201,2.9836,2.864,5.9062,2.0021,2.5914,4.0301,1.9726,2.1773,4.5841,2.6256,2.7691,5.2664,1.8873,1.9691,3.9007,1.2983,1.814,3.6921,2.1449,2.153,4.9754,1.3966,2.6457,4.0109,1.0613,3.0881,2.8978,4.6836,2.9808,0.40944,1.2525,2.6815,4.3253,1.9113,1.963,3.901,1.2472,2.6368,2.8678,0.35256,2.7684,2.9512,0.94505,2.887,4.1401,0.5711,2.5249,2.5739,0.69644,1.9442,2.9874,0.56519,2.394,3.4415,1.5687,2.1749,4.2255,1.2655,2.6871,4.3493,0.62758,1.9537,3.1137,1.9756,1.899,3.8179,1.1912,1.8521,3.6518,2.4589,2.7196,4.9705,1.3786,1.5159,4.1673,1.3916,2.1563,3.1766,0.63927,1.9512,3.1147,0.45347,2.45,2.5608,1.613,2.2561,4.1326,2.4675,2.7179,4.9871,0.63282,1.9539,3.112,1.574,1.7261,3.3317,0.56166,3.0399,2.472,0.57218,2.5189,2.5798,2.9095,2.7409,5.8915,6.1542,2.8685,2.523,4.6702,2.9857,0.38814,2.3494,2.3891,3.748,0.92232,3.0749,3.7114,1.4293,2.2556,3.5602,0.86227,3.0778,3.6497,2.3763,2.2375,3.8102,1.1904,1.8469,3.6469,2.4225,2.3383,4.5546,2.565,2.6225,4.0178,1.2722,2.6786,4.3541,1.8851,1.9605,3.9,1.1179,2.7955,3.6401,2.4505,2.4784,5.0865,1.5829,2.6119,3.2907,2.1657,2.1838,4.0953,0.78892,1.9043,3.3827,2.3547,2.4025,3.7525,2.345,2.4049,3.7452,2.196,1.8976,4.908,2.6419,2.2871,4.7917,2.3685,2.2457,3.8122,1.3911,1.5913,3.8388,2.4499,2.7149,4.9703,1.8856,1.9665,3.8992,0.78359,2.1486,3.9751,1.6008,1.8358,4.2525,2.4725,2.7184,4.9943,1.4547,2.3828,3.2657,5.9357,2.8822,2.2199,1.857,1.8011,3.4881,1.9791,3.0131,4.2923,2.0146,1.9515,4.7592,1.1035,2.5769,4.2757,1.8836,2.1594,4.8631,1.612,1.7992,3.9662,1.609,2.0173,3.3975,1.0117,2.7712,3.5602,0.92195,2.823,3.8208,1.3908,2.3993,3.86,1.109,2.7983,3.6292,1.8285,1.792,4.0929,0.91083,2.4606,2.768,1.9134,2.069,4.386,0.070153,2.7915,2.8334,1.0889,1.9671,4.2598,0.95662,2.33,3.0178,1.6307,2.395,4.5854,0.98384,2.0852,2.8426,0.74174,1.9985,2.743,1.6078,1.8001,3.9682,0.91044,2.4593,2.7713,1.3758,1.5888,3.8383,2.7763,2.5869,4.6386,1.09,2.1433,3.6278,1.1163,2.795,3.6453,1.9817,1.9905,4.48,1.0784,1.9661,4.2583,1.8577,1.6471,3.4513,1.6632,2.4778,3.9958,2.12,2.5478,4.9321,2.1543,2.3869,3.7031,1.1815,3.0716,3.4164,1.4496,1.4635,4.2296,0.62749,2.9974,3.6291,1.6282,1.7519,4.2324,0.74477,1.9982,2.7439,0.69052,2.1958,3.9454,2.6817,2.6026,4.5369,1.993,2.1293,3.4403,1.368,2.9162,3.5234,1.0876,2.199,3.6402,2.5288,2.0032,4.4637,1.4879,1.7381,4.4256,1.5977,2.5848,3.5749,2.0649,2.2879,4.0721,2.7162,2.3618,5.0155,0.44103,2.5344,2.9551
1728.6,7.8459,136.69,1.3174,0.062372,2457.9,1.5131,1.8452,4.1577,1.2822,2.2308,4.2218,1.2299,1.9935,4.2288,2.492,2.6531,4.299,0.85648,2.0666,4.2236,1.5178,2.4866,3.8901,2.9975,2.8334,5.8046,1.2284,1.9975,4.2339,1.7425,1.7193,4.2473,1.2808,2.2303,4.2311,0.85459,2.0746,4.2088,2.9129,2.8335,4.5117,5.6846,2.7696,1.4459,1.2382,2.8348,3.6211,0.9618,2.1508,3.0259,2.4875,2.0533,4.4454,1.4656,1.6793,3.9023,0.66851,2.5686,3.8872,2.0068,1.7641,3.4839,1.0823,2.4381,3.0708,0.2666,2.2843,3.5517,1.7776,1.6717,3.3885,2.1115,2.8202,4.4234,1.7834,1.6698,3.3962,1.4838,1.672,3.9124,0.39645,2.1384,3.2037,2.0459,2.3634,4.3852,1.4765,1.6708,3.203,0.83233,1.878,2.7708,3.0025,2.8377,5.8115,1.999,1.7669,3.4849,1.0069,2.7228,2.887,1.8184,2.5893,4.0052,0.62906,1.8726,2.7922,1.0725,2.442,3.0561,1.8914,1.9102,4.4871,1.6762,1.6901,3.8961,0.51988,2.2028,3.7652,1.2038,2.4335,3.7979,0.99874,2.0693,3.2706,2.5537,2.3061,4.2947,2.0694,2.1624,4.6864,1.4818,1.6811,3.9185,1.8963,1.9213,4.4932,1.4987,2.1811,3.2695,0.82413,2.096,3.1884,2.4234,2.3683,4.311,1.9638,2.5975,4.9063,1.9399,2.5985,4.8805,2.5532,2.3031,4.3029,1.2875,2.4889,3.9439,1.6857,2.2284,4.2967,2.0991,3.0502,4.0416,0.5088,2.4632,2.4837,1.5358,2.0667,4.6041,2.1054,3.0602,4.0467,0.38321,2.3808,3.4305,1.6574,1.6278,4.0834,0.71227,2.0304,3.1051,2.2352,2.2469,4.6416,0.60691,2.6086,2.9909,1.0003,2.0751,3.2748,0.17824,2.8917,2.0182,1.9993,1.9917,4.5908,2.5531,2.3069,4.2989,2.6839,2.3297,5.212,2.1243,2.8041,4.4298,1.0909,1.8601,3.9515,4.5969,2.9876,0.48499,0.88848,2.1246,3.0556,1.3152,2.0954,4.2721,1.0645,2.0896,3.5102,2.3147,2.7564,4.5854,1.7064,1.6057,4.1575,1.1581,2.5428,3.0716,0.76141,2.4191,3.7779,2.059,1.928,3.7318,1.5995,2.4458,3.4647,1.6587,2.5243,3.6023,1.6481,1.6763,4.2527,2.09,2.7983,4.566,2.1181,2.8001,4.5894,3.3349,2.7774,6.094,1.7092,1.6073,4.1571,1.7089,2.0101,3.4517,2.1354,2.9361,4.9263,1.1576,2.5534,3.078,2.6468,2.4521,4.9946,1.0151,2.6028,4.0592,1.6002,2.4369,3.4628,1.169,1.8076,4.101,1.6594,1.6249,4.0827,1.7044,2.0101,3.4509,0.26025,2.9432,3.3119,2.8879,2.2879,4.5668,1.3248,1.9632,4.2062,1.2566,2.675,3.3341,1.4545,2.451,3.3394,1.8388,1.9836,3.7235,1.9467,2.3433,3.9956,1.0943,2.284,3.19,2.5404,2.0438,5.1529,1.2411,2.6903,3.3147,1.4539,2.4561,3.3397,0.27329,2.9512,3.3184,0.68231,1.8146,2.899,1.6974,2.0227,4.4279,1.4738,1.8609,4.1291,5.5235,2.901,1.843,0.8237,2.1272,2.7823,1.0194,2.6064,4.0626,2.1619,2.5152,3.6253,2.6462,2.4354,4.9914,2.827,2.7013,4.5364,2.1627,2.5234,4.5364,2.3451,2.1008,4.1965,0.76911,1.9954,3.3559,0.33313,2.4716,2.888,0.60848,2.1428,3.7148,2.3827,2.4921,4.4325,0.76302,2.4636,2.8558,1.2554,1.5735,4.2924,1.6938,2.0099,3.4606,0.0070559,2.6886,2.0486,3.2483,2.937,0.083696,0.74068,2.4506,2.8647,1.6562,1.6349,4.0829,1.4952,1.8752,3.1779,0.7361,2.462,2.8442,2.1697,2.3418,4.9507,1.15,2.561,3.0679,1.0147,1.9777,3.5055,0.51939,1.984,3.2625,1.7059,2.0099,3.4533,2.3873,2.0762,4.1848,2.1435,2.1624,4.9891,1.292,1.757,3.8094,0.68937,1.9842,2.7554,2.1441,2.1705,4.9859,2.3224,2.1868,4.4694,1.5681,2.299,3.9622,4.1745,3.007,0.098688,1.9533,2.3418,3.9889,0.82538,1.9686,4.1136,1.1809,2.5808,4.2244,3.5161,2.8463,6.0805,1.538,1.6214,3.2923,0.32092,2.2913,3.4044,5.2079,2.9859,1.1337,0.55572,2.7788,3.2595,1.27,2.5091,2.9787,2.1477,2.1451,4.9738,1.4844,2.0975,4.3602,1.5253,1.6279,3.2998,1.3962,2.9274,3.3694,0.45315,2.4517,2.7249,0.9178,2.4527,2.9911,0.22337,2.619,3.3436,1.6217,2.2668,4.1408,0.45443,2.4505,2.7121,1.047,2.176,3.6649,1.3967,1.81,4.2871,0.32825,2.2986,3.4173,1.5215,1.6182,3.2885,0.446,2.4492,2.7216,2.9854,2.8628,5.909,2.0008,2.59,4.029,1.9733,2.1773,4.5836,2.6235,2.768,5.2645,1.8869,1.9693,3.8999,1.2992,1.8129,3.693,2.1453,2.1526,4.9742,1.3954,2.6431,4.0111,1.051,3.0886,2.8864,4.6824,2.9795,0.40844,1.252,2.6813,4.3241,1.9127,1.9637,3.904,1.2477,2.6371,2.8688,0.35282,2.7672,2.9529,0.94634,2.8865,4.1417,0.57146,2.5258,2.5732,0.6959,1.9468,2.9861,0.56848,2.394,3.4434,1.569,2.1747,4.2252,1.2678,2.6878,4.3523,0.62589,1.9549,3.1123,1.975,1.899,3.8175,1.1908,1.8528,3.6532,2.4566,2.7187,4.9663,1.3789,1.5149,4.1659,1.3918,2.1562,3.1768,0.63948,1.9521,3.1136,0.45237,2.4499,2.5598,1.613,2.2568,4.1338,2.4675,2.7167,4.9864,0.63198,1.955,3.1106,1.5759,1.7282,3.3326,0.56985,3.0401,2.479,0.5724,2.5186,2.5796,2.9107,2.7404,5.8932,6.151,2.8696,2.5207,4.6686,2.9848,0.38569,2.3496,2.3852,3.7464,0.93269,3.0735,3.7234,1.4272,2.2563,3.5592,0.86757,3.0774,3.6564,2.3779,2.2375,3.8101,1.1901,1.8466,3.6476,2.422,2.3386,4.5541,2.5618,2.622,4.016,1.2745,2.6776,4.3574,1.884,1.9594,3.8988,1.1172,2.795,3.6389,2.45,2.477,5.0846,1.5785,2.61,3.2895,2.1652,2.1833,4.0941,0.78922,1.9046,3.3846,2.3559,2.4011,3.7521,2.3441,2.4035,3.7431,2.1983,1.9,4.9096,2.641,2.2864,4.7913,2.3689,2.247,3.8125,1.393,1.5923,3.8396,2.4463,2.7135,4.9661,1.8849,1.9665,3.8978,0.78432,2.1498,3.9781,1.6006,1.8356,4.2513,2.4732,2.7174,4.9947,1.4565,2.3815,3.2666,5.9381,2.8826,2.2233,1.8565,1.8011,3.4906,1.9789,3.0105,4.29,2.0149,1.9518,4.7606,1.1046,2.5765,4.2767,1.8843,2.161,4.8634,1.6117,1.7978,3.9661,1.6099,2.0186,3.3982,1.0124,2.7698,3.5609,0.92474,2.8209,3.8236,1.3936,2.4012,3.8633,1.1069,2.7979,3.6262,1.8265,1.7902,4.0927,0.9106,2.4606,2.7673,1.9141,2.069,4.3863,0.071093,2.7904,2.8339,1.0893,1.968,4.2598,0.9586,2.3286,3.0199,1.6305,2.3948,4.5854,0.98477,2.0843,2.8445,0.74133,1.9982,2.743,1.6067,1.7989,3.9682,0.91001,2.4591,2.7712,1.3747,1.5891,3.8387,2.777,2.5862,4.6386,1.091,2.1445,3.6278,1.116,2.7936,3.6451,1.9828,1.991,4.4807,1.0772,1.9666,4.2581,1.8586,1.6464,3.4515,1.6634,2.4774,3.9951,2.1218,2.5465,4.9339,2.1541,2.3881,3.7017,1.1825,3.0709,3.4179,1.4503,1.4631,4.2289,0.62916,2.9969,3.6323,1.6288,1.7514,4.232,0.74478,1.9981,2.7442,0.69062,2.1961,3.9457,2.6803,2.6026,4.5369,1.9934,2.1293,3.4403,1.3657,2.9146,3.5211,1.0886,2.2004,3.6409,2.5285,2.004,4.463,1.4872,1.7386,4.4262,1.5954,2.5834,3.5737,2.0653,2.2882,4.0721,2.7169,2.3595,5.0159,0.44064,2.5349,2.9551
1728.6,7.8459,136.69,1.3174,0.071282,2633.9,1.5111,1.8464,4.1548,1.2828,2.2317,4.2217,1.2297,1.9943,4.2283,2.4908,2.6515,4.2984,0.8562,2.0673,4.2247,1.5173,2.4874,3.8894,2.9964,2.8325,5.8032,1.2281,1.9987,4.2339,1.7416,1.7193,4.247,1.2815,2.2309,4.2324,0.85398,2.0766,4.2079,2.9168,2.8332,4.5127,5.6801,2.7682,1.4418,1.2388,2.8329,3.6214,0.96223,2.1517,3.0263,2.4882,2.0539,4.4458,1.4646,1.6795,3.902,0.6697,2.5687,3.887,2.0069,1.7644,3.4857,1.0839,2.4364,3.0737,0.2653,2.2843,3.5492,1.7762,1.6716,3.3888,2.1057,2.819,4.4185,1.7829,1.67,3.3972,1.4848,1.6713,3.9135,0.39641,2.1394,3.2032,2.0481,2.3653,4.3855,1.4769,1.6718,3.2036,0.83229,1.879,2.7701,3.0017,2.8372,5.8114,1.9979,1.7681,3.4868,1.0068,2.7241,2.8879,1.8187,2.5895,4.006,0.62872,1.8734,2.7911,1.0726,2.4413,3.0567,1.8905,1.9094,4.4862,1.6757,1.6889,3.8962,0.52168,2.2031,3.7687,1.2053,2.4364,3.7994,0.99737,2.0714,3.2701,2.5555,2.3079,4.2961,2.0701,2.1652,4.6885,1.4824,1.6818,3.9199,1.8962,1.9219,4.4933,1.5,2.183,3.2696,0.82405,2.0989,3.188,2.4245,2.3682,4.311,1.9666,2.597,4.9083,1.94,2.5992,4.8801,2.5549,2.3044,4.3058,1.2874,2.4896,3.9431,1.6856,2.228,4.2974,2.1037,3.0479,4.0458,0.51008,2.4622,2.4853,1.5346,2.0686,4.6038,2.1087,3.059,4.049,0.38136,2.382,3.4288,1.6568,1.627,4.0835,0.7125,2.032,3.1058,2.2339,2.2482,4.6411,0.60438,2.6067,2.9905,0.99911,2.0773,3.275,0.18503,2.8919,2.0241,2.0002,1.9929,4.5915,2.5547,2.3087,4.3007,2.6844,2.3282,5.2136,2.1203,2.8006,4.426,1.0928,1.8613,3.9529,4.5941,2.9854,0.48229,0.88843,2.1258,3.0555,1.3167,2.0945,4.2735,1.0658,2.09,3.5128,2.3139,2.7563,4.5844,1.7073,1.6063,4.1573,1.1607,2.5403,3.0727,0.76338,2.4183,3.7791,2.0599,1.9275,3.7303,1.5994,2.4473,3.464,1.658,2.525,3.6013,1.6462,1.6755,4.2531,2.0857,2.7957,4.5615,2.1178,2.7978,4.5886,3.3327,2.7766,6.0915,1.7108,1.6081,4.1567,1.7101,2.0105,3.4514,2.1355,2.9356,4.926,1.1599,2.5526,3.0796,2.6478,2.4529,4.9949,1.0139,2.6028,4.0582,1.5999,2.4371,3.4618,1.1663,1.8093,4.1008,1.6592,1.6238,4.0824,1.7048,2.0107,3.4507,0.25562,2.9424,3.3082,2.8909,2.2871,4.568,1.326,1.9649,4.2064,1.2584,2.6727,3.3368,1.453,2.4499,3.3389,1.8385,1.9828,3.7228,1.946,2.3449,3.9964,1.0936,2.2841,3.1901,2.5403,2.0427,5.1531,1.241,2.6904,3.3152,1.4523,2.4555,3.3395,0.27031,2.9518,3.3151,0.68301,1.816,2.8964,1.6967,2.0215,4.4292,1.4748,1.86,4.1308,5.5206,2.9009,1.8413,0.82446,2.128,2.7828,1.0188,2.607,4.0619,2.1638,2.5139,3.6261,2.6471,2.4339,4.9912,2.8317,2.7004,4.5394,2.1624,2.5223,4.5363,2.3445,2.1006,4.1971,0.7696,1.9965,3.3568,0.33471,2.4711,2.8896,0.60912,2.1433,3.7149,2.3823,2.4892,4.433,0.76597,2.4633,2.857,1.2555,1.5722,4.2931,1.6925,2.0105,3.4621,0.0075555,2.6886,2.0483,3.2548,2.9366,0.32299,0.7406,2.4481,2.8676,1.6555,1.635,4.082,1.4955,1.877,3.1771,0.73531,2.4613,2.844,2.1698,2.3409,4.9497,1.1512,2.561,3.0678,1.0168,1.98,3.5057,0.51699,1.9848,3.2636,1.7067,2.0102,3.4537,2.3876,2.0758,4.1831,2.144,2.1635,4.9908,1.2923,1.7571,3.8111,0.69046,1.9853,2.7553,2.1447,2.1731,4.9869,2.3232,2.1873,4.4713,1.5682,2.3009,3.9621,4.1722,3.0063,0.094638,1.9531,2.3429,3.9879,0.82321,1.9692,4.113,1.1823,2.5825,4.2262,3.517,2.845,6.0817,1.539,1.622,3.2933,0.32007,2.2905,3.4031,5.2184,2.9847,1.1416,0.55576,2.7778,3.2609,1.2709,2.5096,2.9792,2.1489,2.1438,4.9726,1.4862,2.0976,4.3621,1.5253,1.6288,3.3019,1.3991,2.927,3.3702,0.45408,2.4519,2.7266,0.91663,2.4524,2.9899,0.22349,2.6191,3.3438,1.6233,2.2686,4.1434,0.45625,2.451,2.7127,1.0467,2.1774,3.6654,1.397,1.8101,4.2861,0.32866,2.2987,3.4184,1.5204,1.6183,3.2889,0.4463,2.4489,2.7231,2.9874,2.8617,5.912,1.9995,2.5885,4.028,1.974,2.1771,4.5832,2.6214,2.7668,5.2627,1.8864,1.9695,3.899,1.3,1.8117,3.694,2.1458,2.1522,4.973,1.3943,2.6406,4.0113,1.0403,3.0891,2.8746,4.6812,2.9781,0.40751,1.2516,2.6811,4.3229,1.9141,1.9643,3.9069,1.2482,2.6374,2.8697,0.35313,2.7661,2.9546,0.94771,2.886,4.1435,0.57178,2.5267,2.5724,0.69533,1.9494,2.9847,0.57181,2.3939,3.4453,1.5693,2.1743,4.2249,1.2701,2.6885,4.3555,0.62416,1.9561,3.111,1.9743,1.8989,3.8171,1.1903,1.8536,3.6546,2.4544,2.7177,4.9621,1.3793,1.5139,4.1645,1.3919,2.1561,3.177,0.6397,1.9529,3.1126,0.45122,2.4499,2.5588,1.6131,2.2576,4.135,2.4676,2.7156,4.9858,0.63109,1.9562,3.1092,1.5778,1.7303,3.3336,0.57823,3.0403,2.4863,0.57259,2.5184,2.5792,2.912,2.7399,5.895,6.1478,2.8707,2.5184,4.6672,2.984,0.38329,2.3497,2.3812,3.7447,0.94242,3.0719,3.7348,1.4249,2.2569,3.5581,0.87286,3.0769,3.6631,2.3794,2.2374,3.8101,1.1898,1.8462,3.6483,2.4215,2.3389,4.5535,2.5586,2.6216,4.0143,1.2769,2.6767,4.3607,1.8829,1.9582,3.8976,1.1164,2.7944,3.6376,2.4495,2.4755,5.0827,1.574,2.608,3.2884,2.1647,2.1829,4.093,0.78954,1.905,3.3864,2.3571,2.3997,3.7517,2.3431,2.4022,3.7409,2.2007,1.9024,4.9112,2.64,2.2856,4.791,2.3694,2.2483,3.8128,1.3949,1.5932,3.8404,2.4427,2.7122,4.9618,1.8841,1.9665,3.8964,0.78508,2.151,3.9813,1.6005,1.8355,4.2501,2.474,2.7165,4.9951,1.4582,2.3802,3.2676,5.9406,2.8831,2.2269,1.856,1.801,3.4931,1.9786,3.0079,4.2875,2.0152,1.9521,4.7621,1.1058,2.5762,4.2778,1.8849,2.1627,4.8637,1.6115,1.7964,3.966,1.6107,2.0199,3.3988,1.0132,2.7683,3.5615,0.92757,2.8188,3.8265,1.3963,2.403,3.8667,1.1049,2.7976,3.6231,1.8244,1.7884,4.0924,0.91035,2.4606,2.7666,1.9149,2.0691,4.3866,0.072125,2.7892,2.8345,1.0898,1.969,4.2597,0.96056,2.3271,3.0221,1.6303,2.3947,4.5854,0.98573,2.0833,2.8464,0.74095,1.9979,2.743,1.6057,1.7977,3.9681,0.90958,2.4589,2.7711,1.3735,1.5894,3.8391,2.7776,2.5853,4.6386,1.092,2.1457,3.6279,1.1158,2.7922,3.6451,1.984,1.9914,4.4813,1.076,1.967,4.258,1.8595,1.6457,3.4517,1.6636,2.477,3.9945,2.1237,2.5451,4.9358,2.154,2.3894,3.7004,1.184,3.0703,3.4198,1.451,1.4627,4.2282,0.63075,2.9963,3.6353,1.6294,1.7509,4.2315,0.74481,1.998,2.7445,0.6907,2.1965,3.9459,2.6789,2.6025,4.5368,1.9938,2.1293,3.4403,1.3633,2.9129,3.5187,1.0895,2.2017,3.6416,2.5282,2.0048,4.4623,1.4865,1.7391,4.4268,1.5931,2.5821,3.5725,2.0657,2.2885,4.0722,2.7176,2.3572,5.0163,0.4402,2.5355,2.9551
1728.6,7.8459,136.69,1.3174,0.080193,2781.5,1.509,1.8475,4.1518,1.2835,2.2327,4.2216,1.2296,1.9952,4.2277,2.4897,2.6499,4.2977,0.85591,2.068,4.226,1.5167,2.4882,3.8887,2.9952,2.8316,5.8018,1.2279,1.9999,4.234,1.7405,1.7192,4.2467,1.2821,2.2314,4.2337,0.85337,2.0787,4.2069,2.9208,2.8329,4.5137,5.6755,2.7667,1.4376,1.2395,2.831,3.6217,0.96263,2.1527,3.0267,2.4889,2.0546,4.4461,1.4635,1.6797,3.9017,0.67084,2.5689,3.8868,2.0071,1.7646,3.4875,1.0855,2.4347,3.0766,0.26394,2.2843,3.5467,1.7748,1.6715,3.389,2.0998,2.8177,4.4135,1.7824,1.6702,3.3983,1.4858,1.6706,3.9146,0.39635,2.1405,3.2027,2.0503,2.3671,4.3857,1.4772,1.6729,3.2041,0.83224,1.88,2.7694,3.0009,2.8367,5.8112,1.9968,1.7694,3.4887,1.0065,2.7254,2.8887,1.819,2.5897,4.0069,0.62837,1.8742,2.79,1.0728,2.4406,3.0574,1.8895,1.9086,4.4853,1.6752,1.6876,3.8963,0.52356,2.2034,3.7723,1.2066,2.4393,3.8008,0.99595,2.0735,3.2695,2.5574,2.3097,4.2976,2.0709,2.168,4.6907,1.483,1.6825,3.9212,1.8961,1.9226,4.4933,1.5013,2.1849,3.2698,0.82394,2.1019,3.1877,2.4256,2.368,4.3111,1.9695,2.5965,4.9104,1.9401,2.6001,4.8797,2.5568,2.3057,4.3089,1.2873,2.4904,3.9423,1.6856,2.2275,4.2982,2.1082,3.0457,4.05,0.51131,2.4613,2.4868,1.5335,2.0706,4.6035,2.1119,3.0578,4.051,0.37947,2.3833,3.427,1.6562,1.6263,4.0836,0.71271,2.0337,3.1065,2.2325,2.2495,4.6405,0.60176,2.6048,2.9901,0.99789,2.0795,3.2752,0.19181,2.8921,2.03,2.001,1.9942,4.5922,2.5563,2.3105,4.3026,2.6849,2.3267,5.2152,2.1164,2.7971,4.4224,1.0949,1.8625,3.9543,4.5914,2.9831,0.47964,0.88837,2.1271,3.0555,1.3182,2.0936,4.2748,1.0672,2.0903,3.5154,2.313,2.7563,4.5833,1.7082,1.6069,4.157,1.1634,2.5378,3.0738,0.76535,2.4176,3.7802,2.0608,1.927,3.7286,1.5993,2.4488,3.4633,1.6572,2.5256,3.6003,1.6442,1.6746,4.2535,2.0813,2.793,4.5569,2.1174,2.7955,4.5877,3.3306,2.7757,6.0891,1.7124,1.6089,4.1563,1.7113,2.0109,3.4511,2.1356,2.9352,4.9256,1.1622,2.5519,3.0811,2.6489,2.4536,4.9952,1.0128,2.6028,4.0573,1.5996,2.4373,3.4608,1.1635,1.811,4.1005,1.659,1.6226,4.082,1.7053,2.0112,3.4504,0.25092,2.9416,3.3044,2.894,2.2864,4.5692,1.3271,1.9667,4.2067,1.2602,2.6703,3.3396,1.4514,2.4488,3.3384,1.8382,1.982,3.7221,1.9453,2.3465,3.9972,1.0929,2.2842,3.1902,2.5402,2.0416,5.1533,1.2409,2.6905,3.3157,1.4507,2.455,3.3393,0.26712,2.9523,3.3117,0.68369,1.8175,2.8937,1.696,2.0202,4.4306,1.4757,1.8591,4.1325,5.5178,2.9008,1.8398,0.82524,2.1287,2.7832,1.0181,2.6077,4.0612,2.1658,2.5127,3.6268,2.6481,2.4323,4.991,2.8365,2.6995,4.5426,2.1621,2.5212,4.5362,2.3438,2.1004,4.1977,0.7701,1.9977,3.3577,0.33626,2.4706,2.8911,0.60977,2.1437,3.715,2.3818,2.4862,4.4335,0.76897,2.4631,2.8582,1.2557,1.5709,4.2938,1.6912,2.011,3.4636,0.0073567,2.6885,2.0478,3.2615,2.9362,0.2456,0.74047,2.4456,2.8705,1.6549,1.6352,4.0811,1.4958,1.8789,3.1763,0.73445,2.4607,2.8439,2.1699,2.34,4.9487,1.1523,2.561,3.0678,1.019,1.9823,3.506,0.5145,1.9856,3.2647,1.7075,2.0105,3.454,2.388,2.0753,4.1814,2.1446,2.1647,4.9926,1.2927,1.7572,3.8128,0.69158,1.9865,2.7552,2.1452,2.1757,4.9878,2.3241,2.1878,4.4733,1.5684,2.3028,3.962,4.17,3.0056,0.090642,1.9528,2.3441,3.9869,0.82102,1.9698,4.1123,1.1838,2.5844,4.2281,3.518,2.8437,6.083,1.5401,1.6227,3.2943,0.31915,2.2897,3.4017,5.2288,2.9835,1.1495,0.55571,2.7768,3.2623,1.2719,2.5102,2.9796,2.1502,2.1424,4.9714,1.488,2.0976,4.364,1.5252,1.6296,3.304,1.4022,2.9265,3.3711,0.45501,2.4522,2.7284,0.91542,2.4522,2.9887,0.22357,2.6193,3.344,1.6249,2.2704,4.1462,0.45803,2.4514,2.7134,1.0463,2.1788,3.6659,1.3973,1.8102,4.2851,0.32906,2.2988,3.4195,1.5194,1.6184,3.2893,0.44658,2.4487,2.7246,2.9894,2.8605,5.9151,1.9982,2.587,4.0269,1.9747,2.177,4.5828,2.6193,2.7657,5.2608,1.8859,1.9697,3.8981,1.3009,1.8104,3.6949,2.1463,2.1517,4.9717,1.3931,2.638,4.0114,1.0291,3.0897,2.8623,4.6801,2.9768,0.40666,1.2512,2.681,4.3216,1.9155,1.965,3.9099,1.2488,2.6378,2.8707,0.35347,2.7648,2.9564,0.94916,2.8855,4.1453,0.57205,2.5276,2.5715,0.69475,1.952,2.9834,0.57517,2.3938,3.4473,1.5696,2.1739,4.2246,1.2724,2.6892,4.3586,0.62241,1.9572,3.1097,1.9736,1.8988,3.8167,1.1899,1.8543,3.6561,2.4522,2.7167,4.9578,1.3797,1.5128,4.163,1.392,2.1558,3.1772,0.63993,1.9537,3.1116,0.45003,2.4498,2.5577,1.6132,2.2585,4.1363,2.4677,2.7144,4.9852,0.63017,1.9573,3.1078,1.5798,1.7324,3.3346,0.58676,3.0404,2.4936,0.57273,2.5182,2.5788,2.9135,2.7394,5.897,6.1446,2.8718,2.516,4.6658,2.9831,0.38096,2.3498,2.3771,3.743,0.95147,3.0704,3.7456,1.4226,2.2575,3.557,0.87808,3.0765,3.6697,2.3811,2.2373,3.8101,1.1895,1.8457,3.649,2.421,2.3392,4.553,2.5554,2.6211,4.0126,1.2793,2.6758,4.3641,1.8818,1.957,3.8964,1.1155,2.7939,3.6363,2.4491,2.4741,5.0808,1.5695,2.6061,3.2872,2.1641,2.1824,4.0918,0.78987,1.9053,3.3883,2.3583,2.3982,3.7513,2.3422,2.4009,3.7387,2.203,1.9048,4.9128,2.6391,2.2848,4.7906,2.3699,2.2497,3.8131,1.3968,1.5942,3.8412,2.4392,2.7107,4.9575,1.8833,1.9664,3.8949,0.78588,2.1522,3.9845,1.6004,1.8353,4.2488,2.4749,2.7156,4.9956,1.46,2.3788,3.2686,5.9432,2.8835,2.2307,1.8555,1.8009,3.4956,1.9783,3.0052,4.285,2.0155,1.9524,4.7635,1.1069,2.5758,4.2789,1.8856,2.1643,4.8639,1.6113,1.7949,3.966,1.6115,2.0212,3.3994,1.0139,2.7668,3.562,0.93042,2.8167,3.8295,1.3992,2.4049,3.8702,1.1028,2.7972,3.62,1.8223,1.7865,4.0922,0.9101,2.4607,2.7659,1.9157,2.0692,4.387,0.073249,2.788,2.8352,1.0903,1.9699,4.2596,0.9625,2.3256,3.0243,1.6302,2.3946,4.5854,0.98673,2.0823,2.8483,0.74058,1.9976,2.743,1.6047,1.7965,3.968,0.90914,2.4588,2.771,1.3724,1.5897,3.8395,2.7783,2.5845,4.6387,1.093,2.147,3.6279,1.1155,2.7907,3.645,1.9851,1.9918,4.4819,1.0749,1.9674,4.2578,1.8604,1.645,3.4519,1.6638,2.4767,3.9938,2.1256,2.5438,4.9377,2.1538,2.3907,3.699,1.1858,3.0696,3.422,1.4518,1.4622,4.2274,0.63225,2.9957,3.6383,1.6301,1.7503,4.231,0.74487,1.9979,2.7448,0.69076,2.1969,3.9461,2.6776,2.6024,4.5368,1.9942,2.1292,3.4402,1.361,2.9112,3.5163,1.0905,2.2031,3.6423,2.5279,2.0055,4.4616,1.4858,1.7396,4.4274,1.5908,2.5807,3.5713,2.0661,2.2888,4.0722,2.7183,2.3549,5.0167,0.4397,2.536,2.9551
1728.6,7.8459,136.69,1.3174,0.089103,2903.7,1.5069,1.8487,4.1487,1.2842,2.2337,4.2216,1.2296,1.996,4.2273,2.4885,2.6483,4.2971,0.85561,2.0686,4.2272,1.5161,2.489,3.888,2.994,2.8307,5.8004,1.2277,2.0011,4.2342,1.7395,1.7192,4.2465,1.2827,2.232,4.235,0.85276,2.0809,4.2059,2.9248,2.8325,4.5147,5.671,2.7651,1.4335,1.2401,2.829,3.6221,0.963,2.1535,3.0271,2.4895,2.0554,4.4465,1.4625,1.6799,3.9015,0.67194,2.5691,3.8864,2.0071,1.765,3.4893,1.0871,2.433,3.0795,0.26255,2.2843,3.5442,1.7734,1.6713,3.3892,2.0939,2.8164,4.4086,1.7818,1.6704,3.3994,1.4868,1.6698,3.9157,0.39628,2.1415,3.2021,2.0527,2.3691,4.3859,1.4776,1.6739,3.2047,0.8322,1.881,2.7688,3.0001,2.8362,5.811,1.9958,1.7706,3.4906,1.0062,2.7268,2.8893,1.8194,2.5899,4.0079,0.62803,1.875,2.789,1.0728,2.4398,3.058,1.8885,1.9078,4.4844,1.6747,1.6862,3.8964,0.52553,2.2038,3.776,1.208,2.4423,3.8022,0.99446,2.0757,3.2689,2.5594,2.3115,4.2992,2.0717,2.1709,4.6929,1.4836,1.6833,3.9226,1.896,1.9232,4.4935,1.5027,2.1868,3.27,0.82379,2.1049,3.1873,2.4268,2.368,4.3111,1.9724,2.5961,4.9126,1.9403,2.601,4.8793,2.5587,2.3071,4.3121,1.2872,2.4912,3.9415,1.6856,2.227,4.299,2.1126,3.0435,4.054,0.51248,2.4603,2.4882,1.5323,2.0726,4.6032,2.1149,3.0566,4.053,0.37753,2.3845,3.4251,1.6556,1.6255,4.0836,0.7129,2.0353,3.1072,2.2311,2.2508,4.6399,0.59906,2.6028,2.9897,0.9966,2.0817,3.2754,0.19856,2.8923,2.0358,2.0018,1.9954,4.5928,2.5579,2.3123,4.3046,2.6853,2.3253,5.2168,2.1126,2.7935,4.4188,1.097,1.8637,3.9558,4.5886,2.9808,0.47702,0.88829,2.1283,3.0555,1.3198,2.0927,4.2761,1.0686,2.0907,3.518,2.3122,2.7563,4.5823,1.7092,1.6075,4.1566,1.166,2.5353,3.0748,0.76733,2.4168,3.7814,2.0617,1.9264,3.727,1.5993,2.4503,3.4625,1.6564,2.5262,3.5993,1.6422,1.6737,4.2539,2.0769,2.7903,4.5524,2.117,2.7931,4.5869,3.3286,2.7748,6.0867,1.714,1.6097,4.1559,1.7125,2.0113,3.4507,2.1356,2.9346,4.9252,1.1644,2.5511,3.0827,2.6499,2.4544,4.9954,1.0116,2.6028,4.0564,1.5992,2.4375,3.4598,1.1607,1.8126,4.1003,1.6588,1.6214,4.0816,1.7057,2.0116,3.4502,0.24618,2.9408,3.3006,2.8972,2.2856,4.5704,1.3283,1.9683,4.2071,1.262,2.6679,3.3424,1.4498,2.4478,3.3378,1.8378,1.9811,3.7214,1.9447,2.3483,3.998,1.0922,2.2843,3.1902,2.5401,2.0404,5.1534,1.2407,2.6907,3.3163,1.4491,2.4544,3.3391,0.26373,2.9529,3.308,0.68437,1.8189,2.8911,1.6952,2.0188,4.4319,1.4767,1.8581,4.1343,5.515,2.9006,1.8382,0.82603,2.1295,2.7838,1.0175,2.6084,4.0604,2.1678,2.5115,3.6276,2.6492,2.4307,4.9908,2.8414,2.6986,4.5459,2.1619,2.52,4.5361,2.3432,2.1002,4.1983,0.77061,1.9989,3.3586,0.33776,2.47,2.8927,0.61042,2.1441,3.7152,2.3814,2.4832,4.4341,0.77202,2.4629,2.8594,1.2559,1.5695,4.2944,1.6898,2.0114,3.4652,0.005741,2.6883,2.0473,3.2682,2.9358,5.7695,0.74027,2.4431,2.8735,1.6543,1.6352,4.0802,1.4962,1.8807,3.1755,0.73351,2.4601,2.8437,2.1699,2.339,4.9477,1.1535,2.5612,3.0676,1.0212,1.9846,3.5064,0.51191,1.9864,3.2659,1.7083,2.0109,3.4544,2.3884,2.0749,4.1797,2.1452,2.1659,4.9944,1.2931,1.7574,3.8146,0.6927,1.9877,2.7552,2.1458,2.1783,4.9886,2.325,2.1884,4.4753,1.5686,2.3048,3.962,4.1678,3.0049,0.086709,1.9526,2.3453,3.9859,0.81879,1.9704,4.1117,1.1853,2.5863,4.23,3.519,2.8423,6.0844,1.5412,1.6235,3.2953,0.31818,2.2889,3.4003,5.2391,2.9823,1.1573,0.55558,2.7758,3.2635,1.2728,2.5108,2.98,2.1516,2.141,4.9702,1.4898,2.0976,4.366,1.5252,1.6304,3.3062,1.4053,2.9261,3.3719,0.45594,2.4524,2.7302,0.91418,2.452,2.9875,0.22362,2.6195,3.344,1.6265,2.2722,4.1489,0.45978,2.4518,2.714,1.0459,2.1802,3.6663,1.3977,1.8104,4.2841,0.32944,2.299,3.4207,1.5184,1.6184,3.2897,0.44684,2.4485,2.7262,2.9915,2.8593,5.9183,1.997,2.5856,4.0259,1.9754,2.1768,4.5824,2.6172,2.7645,5.259,1.8853,1.9699,3.8971,1.3017,1.8091,3.6959,2.1467,2.1513,4.9704,1.3919,2.6354,4.0116,1.0174,3.0903,2.8494,4.6791,2.9754,0.40588,1.2508,2.6808,4.3204,1.9169,1.9656,3.9129,1.2493,2.6382,2.8717,0.35384,2.7635,2.9582,0.9507,2.8849,4.1472,0.57227,2.5286,2.5705,0.69414,1.9546,2.982,0.57854,2.3936,3.4493,1.57,2.1735,4.2242,1.2748,2.69,4.3618,0.62065,1.9584,3.1084,1.9729,1.8986,3.8163,1.1895,1.8551,3.6575,2.45,2.7157,4.9534,1.3801,1.5117,4.1615,1.3921,2.1556,3.1774,0.64018,1.9545,3.1106,0.44878,2.4498,2.5565,1.6134,2.2593,4.1376,2.4679,2.7132,4.9846,0.62923,1.9584,3.1064,1.5818,1.7344,3.3356,0.5954,3.0406,2.5011,0.57282,2.518,2.5783,2.915,2.7388,5.8991,6.1414,2.8728,2.5138,4.6646,2.9823,0.37871,2.35,2.373,3.7413,0.95977,3.0688,3.7556,1.4203,2.2581,3.5559,0.88321,3.0761,3.6763,2.3828,2.2373,3.8101,1.1891,1.8453,3.6498,2.4206,2.3396,4.5524,2.5522,2.6207,4.011,1.2817,2.6748,4.3675,1.8806,1.9557,3.8952,1.1146,2.7935,3.6349,2.4487,2.4727,5.0789,1.5649,2.6041,3.2861,2.1637,2.182,4.0906,0.79022,1.9057,3.3903,2.3595,2.3968,3.7509,2.3412,2.3995,3.7365,2.2054,1.9073,4.9144,2.6383,2.284,4.7904,2.3705,2.2511,3.8135,1.3988,1.5952,3.842,2.4358,2.7092,4.9533,1.8825,1.9664,3.8934,0.78672,2.1534,3.9878,1.6002,1.8351,4.2475,2.4757,2.7146,4.996,1.4617,2.3775,3.2696,5.9461,2.8839,2.2346,1.8549,1.8007,3.4982,1.9779,3.0025,4.2824,2.0159,1.9528,4.7649,1.1081,2.5756,4.2801,1.8864,2.1659,4.8641,1.6111,1.7933,3.9658,1.6123,2.0226,3.4,1.0145,2.7654,3.5626,0.93328,2.8145,3.8324,1.4021,2.4067,3.8738,1.1006,2.797,3.6169,1.8202,1.7846,4.092,0.90983,2.4608,2.7652,1.9165,2.0694,4.3874,0.074463,2.7868,2.836,1.0908,1.9707,4.2596,0.96442,2.3241,3.0265,1.63,2.3944,4.5854,0.98777,2.0813,2.8503,0.74024,1.9972,2.7432,1.6037,1.7951,3.968,0.90871,2.4586,2.771,1.3712,1.5899,3.8399,2.779,2.5835,4.6387,1.094,2.1483,3.6279,1.1153,2.7891,3.645,1.9863,1.9922,4.4825,1.0737,1.9678,4.2578,1.8612,1.6442,3.4521,1.664,2.4763,3.993,2.1276,2.5426,4.9397,2.1538,2.3921,3.6976,1.1879,3.069,3.4245,1.4526,1.4618,4.2266,0.63364,2.9951,3.6411,1.6307,1.7497,4.2305,0.74496,1.9977,2.7452,0.69079,2.1973,3.9463,2.6762,2.6023,4.5368,1.9946,2.1291,3.4401,1.3588,2.9094,3.5139,1.0915,2.2045,3.6429,2.5275,2.0063,4.4608,1.4851,1.74,4.428,1.5886,2.5794,3.5701,2.0665,2.2892,4.0722,2.7191,2.3527,5.0171,0.43914,2.5366,2.9551
1728.6,7.8459,136.69,1.3174,0.098013,3004.2,1.5048,1.8498,4.1456,1.2849,2.2347,4.2215,1.2295,1.9969,4.2269,2.4874,2.6466,4.2964,0.85529,2.0693,4.2285,1.5155,2.4899,3.8873,2.9927,2.8298,5.7989,1.2275,2.0023,4.2343,1.7383,1.7191,4.2461,1.2834,2.2325,4.2363,0.85216,2.0831,4.205,2.9289,2.8321,4.5158,5.6666,2.7636,1.4295,1.2408,2.8271,3.6224,0.96334,2.1544,3.0275,2.4902,2.0561,4.4468,1.4614,1.6801,3.9012,0.67299,2.5694,3.886,2.0072,1.7653,3.4912,1.0887,2.4313,3.0825,0.26111,2.2843,3.5416,1.7719,1.6711,3.3894,2.088,2.8151,4.4037,1.7813,1.6706,3.4005,1.4877,1.669,3.9168,0.39619,2.1426,3.2015,2.0551,2.3711,4.3861,1.4779,1.675,3.2052,0.83215,1.882,2.7681,2.9991,2.8357,5.8108,1.9947,1.7719,3.4925,1.0059,2.7283,2.8898,1.8199,2.5903,4.0089,0.62768,1.8758,2.7879,1.0728,2.439,3.0586,1.8875,1.9069,4.4835,1.6742,1.6847,3.8965,0.52757,2.2041,3.7797,1.2092,2.4454,3.8035,0.99292,2.078,3.2682,2.5615,2.3134,4.3009,2.0727,2.1738,4.6953,1.4842,1.684,3.924,1.8959,1.9238,4.4936,1.5041,2.1887,3.2701,0.8236,2.1079,3.187,2.4281,2.3679,4.3112,1.9754,2.5957,4.9148,1.9404,2.6019,4.879,2.5607,2.3086,4.3154,1.2871,2.4921,3.9406,1.6856,2.2265,4.2998,2.117,3.0412,4.058,0.51358,2.4594,2.4896,1.531,2.0746,4.6029,2.1178,3.0553,4.0547,0.37555,2.3858,3.4232,1.655,1.6247,4.0837,0.71308,2.037,3.1079,2.2296,2.2521,4.6393,0.59628,2.6009,2.9892,0.99524,2.0839,3.2756,0.20526,2.8924,2.0416,2.0027,1.9967,4.5935,2.5596,2.3142,4.3066,2.6857,2.3238,5.2184,2.1091,2.7899,4.4154,1.0991,1.8649,3.9573,4.5859,2.9786,0.47445,0.8882,2.1296,3.0556,1.3213,2.0918,4.2773,1.07,2.091,3.5207,2.3114,2.7563,4.5812,1.71,1.6081,4.1563,1.1687,2.5328,3.0759,0.7693,2.4161,3.7825,2.0625,1.9258,3.7253,1.5992,2.4517,3.4618,1.6556,2.5268,3.5982,1.6401,1.6728,4.2544,2.0725,2.7875,4.5479,2.1166,2.7906,4.586,3.3267,2.7739,6.0845,1.7157,1.6105,4.1555,1.7137,2.0115,3.4504,2.1356,2.9341,4.9247,1.1667,2.5504,3.0842,2.651,2.4551,4.9956,1.0104,2.6028,4.0555,1.5989,2.4377,3.4587,1.1579,1.8143,4.1,1.6586,1.6203,4.0813,1.7062,2.0121,3.4499,0.24141,2.94,3.2967,2.9005,2.2848,4.5718,1.3295,1.97,4.2074,1.2638,2.6655,3.3452,1.4482,2.4467,3.3373,1.8374,1.9802,3.7207,1.944,2.3501,3.999,1.0915,2.2844,3.1903,2.54,2.0392,5.1535,1.2406,2.6908,3.3168,1.4474,2.4539,3.339,0.26014,2.9534,3.3042,0.68505,1.8204,2.8884,1.6944,2.0173,4.4331,1.4776,1.8571,4.1361,5.5123,2.9005,1.8368,0.82684,2.1303,2.7843,1.0168,2.6091,4.0596,2.1699,2.5104,3.6284,2.6504,2.4291,4.9908,2.8465,2.6977,4.5493,2.1616,2.5189,4.536,2.3425,2.1,4.1989,0.77115,2.0001,3.3594,0.33922,2.4695,2.8942,0.61107,2.1446,3.7153,2.381,2.4802,4.4346,0.7751,2.4627,2.8607,1.2561,1.5681,4.2951,1.6884,2.0119,3.4667,0.003185,2.6882,2.0468,3.2749,2.9353,4.3404,0.74002,2.4406,2.8765,1.6537,1.6353,4.0793,1.4966,1.8826,3.1747,0.73249,2.4594,2.8435,2.17,2.3381,4.9467,1.1546,2.5614,3.0674,1.0235,1.9869,3.5067,0.50922,1.9872,3.2672,1.7091,2.0112,3.4547,2.3889,2.0744,4.1781,2.1458,2.1671,4.9962,1.2935,1.7575,3.8163,0.69384,1.9889,2.7551,2.1463,2.1809,4.9895,2.3259,2.1889,4.4774,1.5688,2.3068,3.9619,4.1658,3.0042,0.082837,1.9523,2.3465,3.9849,0.81653,1.971,4.111,1.1868,2.5882,4.2319,3.52,2.841,6.0858,1.5423,1.6242,3.2964,0.31714,2.2881,3.3988,5.2493,2.981,1.1649,0.55536,2.7748,3.2648,1.2736,2.5114,2.9804,2.153,2.1396,4.969,1.4917,2.0974,4.368,1.5251,1.6312,3.3084,1.4084,2.9256,3.3728,0.45688,2.4527,2.7321,0.91291,2.4518,2.9862,0.22363,2.6196,3.344,1.6281,2.274,4.1516,0.46149,2.4522,2.7147,1.0454,2.1817,3.6668,1.398,1.8105,4.2831,0.3298,2.2991,3.4218,1.5174,1.6184,3.2901,0.44708,2.4483,2.7278,2.9936,2.8581,5.9216,1.9957,2.5841,4.0249,1.976,2.1766,4.582,2.6151,2.7634,5.2571,1.8847,1.9699,3.8961,1.3026,1.8077,3.697,2.1472,2.1507,4.969,1.3907,2.6328,4.0118,1.0051,3.0909,2.836,4.6782,2.974,0.40518,1.2504,2.6807,4.3191,1.9183,1.9662,3.916,1.2497,2.6387,2.8727,0.35423,2.7622,2.9601,0.95233,2.8843,4.1491,0.57244,2.5296,2.5694,0.69353,1.9573,2.9807,0.58191,2.3935,3.4513,1.5703,2.1729,4.2238,1.2772,2.6909,4.3651,0.61887,1.9595,3.1071,1.9722,1.8984,3.8158,1.189,1.8559,3.659,2.4477,2.7146,4.9489,1.3807,1.5106,4.1599,1.3922,2.1552,3.1776,0.64044,1.9554,3.1096,0.4475,2.4498,2.5553,1.6135,2.2602,4.1389,2.468,2.712,4.984,0.62825,1.9594,3.1049,1.5839,1.7364,3.3367,0.60413,3.0407,2.5086,0.57286,2.5179,2.5778,2.9166,2.7383,5.9013,6.1382,2.8739,2.5115,4.6634,2.9815,0.37653,2.3502,2.3688,3.7396,0.96735,3.0673,3.7649,1.4179,2.2587,3.5548,0.88823,3.0757,3.6828,2.3845,2.2373,3.8103,1.1888,1.8448,3.6505,2.4202,2.3399,4.5519,2.5491,2.6204,4.0095,1.2841,2.674,4.3709,1.8795,1.9544,3.8939,1.1137,2.793,3.6335,2.4484,2.4713,5.077,1.5603,2.6021,3.2851,2.1632,2.1815,4.0894,0.79057,1.906,3.3922,2.3608,2.3954,3.7505,2.3403,2.3982,3.7342,2.2078,1.9098,4.9161,2.6374,2.2832,4.7901,2.3711,2.2526,3.8139,1.4008,1.5962,3.8428,2.4324,2.7077,4.9491,1.8817,1.9662,3.8919,0.78758,2.1547,3.991,1.6001,1.8349,4.2462,2.4767,2.7137,4.9966,1.4634,2.3762,3.2706,5.949,2.8844,2.2387,1.8544,1.8005,3.5007,1.9775,2.9998,4.2796,2.0162,1.9531,4.7663,1.1093,2.5753,4.2812,1.8871,2.1676,4.8643,1.6109,1.7917,3.9657,1.6131,2.0239,3.4007,1.0151,2.7639,3.563,0.93614,2.8123,3.8353,1.4049,2.4085,3.8774,1.0984,2.7967,3.6138,1.8181,1.7826,4.0918,0.90956,2.4609,2.7645,1.9174,2.0695,4.3878,0.07576,2.7856,2.8368,1.0913,1.9716,4.2596,0.96632,2.3226,3.0287,1.6299,2.3943,4.5856,0.98883,2.0801,2.8523,0.73992,1.9967,2.7433,1.6026,1.7937,3.9679,0.90827,2.4585,2.7709,1.37,1.5902,3.8404,2.7797,2.5826,4.6388,1.0951,2.1496,3.6279,1.1151,2.7875,3.645,1.9875,1.9925,4.4831,1.0725,1.9681,4.2577,1.8621,1.6434,3.4523,1.6642,2.4759,3.9923,2.1296,2.5413,4.9417,2.1537,2.3935,3.6963,1.1904,3.0683,3.4275,1.4535,1.4613,4.2258,0.6349,2.9945,3.6439,1.6315,1.749,4.2301,0.74508,1.9974,2.7457,0.6908,2.1978,3.9464,2.6749,2.6022,4.5369,1.9949,2.129,3.44,1.3565,2.9077,3.5116,1.0924,2.2059,3.6436,2.5272,2.007,4.4601,1.4844,1.7405,4.4286,1.5864,2.5782,3.569,2.0669,2.2896,4.0722,2.7199,2.3505,5.0175,0.43854,2.5372,2.9551
1728.6,7.8459,136.69,1.3174,0.10692,3086.4,1.5025,1.8508,4.1424,1.2856,2.2357,4.2215,1.2295,1.9977,4.2265,2.4864,2.645,4.2958,0.85496,2.07,4.2298,1.5148,2.4908,3.8865,2.9915,2.8288,5.7974,1.2272,2.0035,4.2345,1.7372,1.7189,4.2458,1.2841,2.2331,4.2377,0.85157,2.0853,4.2041,2.933,2.8318,4.5168,5.6621,2.762,1.4255,1.2415,2.8252,3.6228,0.96366,2.1552,3.028,2.4909,2.0568,4.4471,1.4604,1.6802,3.901,0.67399,2.5698,3.8855,2.0072,1.7656,3.4931,1.0902,2.4295,3.0854,0.25963,2.2842,3.539,1.7704,1.6708,3.3896,2.0822,2.8137,4.3989,1.7807,1.6708,3.4016,1.4887,1.6681,3.9178,0.39608,2.1436,3.2009,2.0576,2.3731,4.3864,1.4782,1.6761,3.2057,0.8321,1.8829,2.7676,2.9982,2.8352,5.8106,1.9936,1.7733,3.4944,1.0054,2.7299,2.8903,1.8204,2.5907,4.01,0.62734,1.8765,2.7869,1.0728,2.4382,3.0592,1.8866,1.9059,4.4825,1.6737,1.6833,3.8966,0.52968,2.2045,3.7836,1.2105,2.4485,3.8048,0.99132,2.0803,3.2675,2.5636,2.3153,4.3026,2.0737,2.1768,4.6976,1.4849,1.6847,3.9254,1.8958,1.9244,4.4937,1.5055,2.1906,3.2702,0.82338,2.1109,3.1866,2.4294,2.3679,4.3113,1.9785,2.5955,4.9171,1.9406,2.6029,4.8787,2.5628,2.3101,4.3188,1.287,2.4931,3.9397,1.6855,2.226,4.3006,2.1212,3.039,4.0618,0.51462,2.4585,2.4909,1.5297,2.0767,4.6026,2.1206,3.054,4.0564,0.37354,2.387,3.4212,1.6543,1.6239,4.0837,0.71324,2.0386,3.1087,2.2282,2.2535,4.6386,0.59343,2.5989,2.9887,0.99383,2.0861,3.2758,0.21192,2.8926,2.0474,2.0035,1.9981,4.5942,2.5614,2.3161,4.3087,2.686,2.3223,5.22,2.1057,2.7863,4.4122,1.1013,1.8661,3.9589,4.5833,2.9763,0.47194,0.88811,2.1308,3.0556,1.3229,2.0909,4.2786,1.0713,2.0912,3.5233,2.3106,2.7563,4.5801,1.7109,1.6087,4.156,1.1713,2.5304,3.0769,0.77127,2.4154,3.7835,2.0634,1.9252,3.7236,1.5991,2.4532,3.461,1.6549,2.5274,3.5972,1.6381,1.6719,4.2549,2.0681,2.7846,4.5434,2.1163,2.7881,4.585,3.3248,2.773,6.0823,1.7174,1.6113,4.155,1.7149,2.0118,3.45,2.1355,2.9336,4.9242,1.1689,2.5497,3.0857,2.6521,2.4559,4.9957,1.0092,2.6027,4.0546,1.5985,2.4379,3.4576,1.155,1.8159,4.0998,1.6585,1.6192,4.0809,1.7067,2.0125,3.4495,0.23664,2.9392,3.2929,2.9037,2.284,4.5731,1.3307,1.9715,4.2077,1.2656,2.6632,3.3481,1.4465,2.4457,3.3367,1.837,1.9792,3.72,1.9434,2.3519,4.0,1.0907,2.2844,3.1903,2.5398,2.0381,5.1535,1.2405,2.6909,3.3173,1.4457,2.4534,3.3388,0.2564,2.954,3.3002,0.68573,1.8218,2.8858,1.6936,2.0157,4.4344,1.4786,1.856,4.1378,5.5096,2.9005,1.8355,0.82767,2.1311,2.785,1.016,2.6098,4.0588,2.172,2.5093,3.6292,2.6517,2.4275,4.9907,2.8516,2.6967,4.5527,2.1613,2.5177,4.5359,2.3419,2.0997,4.1995,0.77169,2.0014,3.3603,0.34063,2.469,2.8957,0.61172,2.145,3.7155,2.3806,2.4773,4.4351,0.77822,2.4625,2.8621,1.2564,1.5668,4.2958,1.687,2.0123,3.4682,0.0013413,2.6881,2.0461,3.2816,2.9348,2.6246,0.7397,2.4381,2.8795,1.653,1.6353,4.0784,1.4969,1.8845,3.1739,0.73139,2.4588,2.8433,2.1701,2.3371,4.9456,1.1557,2.5616,3.0672,1.0257,1.9893,3.5071,0.50645,1.988,3.2685,1.7099,2.0116,3.4551,2.3894,2.074,4.1764,2.1464,2.1683,4.9981,1.2939,1.7576,3.8181,0.69499,1.9901,2.7551,2.1468,2.1835,4.9903,2.327,2.1895,4.4795,1.569,2.3087,3.9618,4.1638,3.0034,0.079017,1.952,2.3477,3.9839,0.81425,1.9716,4.1103,1.1883,2.5903,4.2338,3.5209,2.8398,6.0872,1.5434,1.625,3.2976,0.31606,2.2873,3.3972,5.2594,2.9797,1.1724,0.55505,2.7738,3.2659,1.2745,2.5121,2.9807,2.1545,2.1381,4.9678,1.4937,2.0972,4.3701,1.5251,1.632,3.3106,1.4116,2.9252,3.3737,0.45781,2.4529,2.734,0.91162,2.4517,2.9849,0.2236,2.6197,3.344,1.6298,2.2757,4.1544,0.46316,2.4527,2.7154,1.0449,2.1832,3.6673,1.3984,1.8105,4.2821,0.33015,2.2992,3.4229,1.5164,1.6184,3.2905,0.4473,2.4482,2.7294,2.9958,2.8568,5.9249,1.9945,2.5826,4.0239,1.9767,2.1764,4.5815,2.613,2.7622,5.2552,1.8841,1.97,3.8951,1.3035,1.8062,3.6981,2.1476,2.1502,4.9676,1.3895,2.6302,4.012,0.99225,3.0915,2.8221,4.6773,2.9726,0.40455,1.25,2.6806,4.3178,1.9196,1.9668,3.919,1.2502,2.6392,2.8736,0.35464,2.7607,2.9619,0.95402,2.8836,4.1511,0.57255,2.5306,2.5682,0.6929,1.96,2.9795,0.58528,2.3933,3.4534,1.5707,2.1724,4.2234,1.2795,2.6917,4.3683,0.61709,1.9606,3.1058,1.9714,1.8981,3.8154,1.1886,1.8566,3.6605,2.4455,2.7135,4.9445,1.3812,1.5095,4.1583,1.3923,2.1549,3.1778,0.64073,1.9562,3.1087,0.44617,2.4498,2.554,1.6137,2.2612,4.1403,2.4681,2.7108,4.9833,0.62725,1.9605,3.1034,1.5859,1.7384,3.3378,0.61296,3.0409,2.5162,0.57284,2.5178,2.5771,2.9184,2.7379,5.9036,6.135,2.875,2.5094,4.6624,2.9807,0.37443,2.3504,2.3647,3.7379,0.97431,3.0657,3.7737,1.4156,2.2594,3.5537,0.89319,3.0753,3.6893,2.3864,2.2373,3.8105,1.1884,1.8443,3.6512,2.4198,2.3403,4.5515,2.546,2.62,4.008,1.2865,2.6731,4.3743,1.8784,1.953,3.8927,1.1127,2.7926,3.632,2.448,2.4699,5.0752,1.5556,2.6002,3.2841,2.1627,2.181,4.0883,0.79093,1.9063,3.3942,2.3621,2.394,3.7501,2.3394,2.3968,3.732,2.2102,1.9123,4.9178,2.6366,2.2824,4.7899,2.3717,2.2541,3.8144,1.4029,1.5973,3.8436,2.4292,2.7062,4.945,1.881,1.9661,3.8904,0.78847,2.156,3.9943,1.6,1.8346,4.2448,2.4776,2.7127,4.9971,1.4651,2.3749,3.2715,5.9522,2.8848,2.2429,1.8538,1.8003,3.5033,1.977,2.9971,4.2769,2.0165,1.9534,4.7677,1.1105,2.5751,4.2823,1.8879,2.1692,4.8645,1.6107,1.79,3.9656,1.6139,2.0252,3.4013,1.0157,2.7625,3.5635,0.93899,2.8101,3.8382,1.4078,2.4103,3.8811,1.0962,2.7964,3.6106,1.8159,1.7806,4.0915,0.90927,2.4612,2.7637,1.9183,2.0696,4.3883,0.07713,2.7843,2.8377,1.0918,1.9724,4.2596,0.96819,2.3211,3.0309,1.6298,2.3941,4.5857,0.98991,2.079,2.8544,0.73961,1.9962,2.7436,1.6016,1.7923,3.9678,0.90783,2.4584,2.7708,1.3687,1.5904,3.8408,2.7804,2.5816,4.639,1.0961,2.151,3.6279,1.1149,2.7859,3.645,1.9887,1.9928,4.4836,1.0714,1.9684,4.2577,1.8629,1.6426,3.4524,1.6644,2.4756,3.9915,2.1317,2.5401,4.9438,2.1536,2.395,3.695,1.1932,3.0677,3.4307,1.4543,1.4608,4.225,0.63606,2.9939,3.6467,1.6322,1.7482,4.2296,0.74522,1.9972,2.7462,0.69078,2.1983,3.9464,2.6735,2.6021,4.537,1.9953,2.1288,3.4399,1.3543,2.9059,3.5093,1.0934,2.2073,3.6443,2.5269,2.0078,4.4594,1.4837,1.7409,4.4291,1.5843,2.5769,3.568,2.0673,2.2899,4.0723,2.7207,2.3483,5.018,0.43789,2.5378,2.955
1728.6,7.8459,136.69,1.3174,0.11583,3154.1,1.5003,1.8519,4.1391,1.2864,2.2366,4.2215,1.2295,1.9985,4.2262,2.4853,2.6434,4.2952,0.85462,2.0706,4.2311,1.5141,2.4917,3.8856,2.9902,2.8278,5.7959,1.227,2.0046,4.2348,1.736,1.7188,4.2454,1.2848,2.2336,4.2391,0.85099,2.0875,4.2032,2.9371,2.8314,4.5179,5.6577,2.7603,1.4215,1.2422,2.8232,3.6232,0.96395,2.156,3.0284,2.4915,2.0575,4.4474,1.4593,1.6803,3.9008,0.67494,2.5701,3.885,2.0072,1.7659,3.495,1.0918,2.4277,3.0884,0.25812,2.2842,3.5363,1.7689,1.6705,3.3898,2.0763,2.8123,4.394,1.7801,1.671,3.4028,1.4896,1.6672,3.9189,0.39595,2.1447,3.2002,2.0602,2.3751,4.3866,1.4784,1.6773,3.2062,0.83205,1.8839,2.767,2.9972,2.8348,5.8103,1.9926,1.7746,3.4964,1.0049,2.7314,2.8906,1.8209,2.5911,4.0111,0.62699,1.8773,2.7859,1.0728,2.4374,3.0598,1.8856,1.905,4.4816,1.6732,1.6818,3.8967,0.53185,2.2048,3.7874,1.2116,2.4517,3.806,0.98966,2.0826,3.2668,2.5658,2.3172,4.3044,2.0747,2.1799,4.7001,1.4855,1.6855,3.9268,1.8958,1.9249,4.4938,1.5069,2.1925,3.2702,0.82313,2.114,3.1863,2.4307,2.3679,4.3115,1.9817,2.5952,4.9193,1.9409,2.604,4.8784,2.5649,2.3116,4.3222,1.2868,2.4941,3.9388,1.6855,2.2254,4.3014,2.1254,3.0367,4.0655,0.51561,2.4577,2.4922,1.5284,2.0787,4.6022,2.1233,3.0526,4.0579,0.37149,2.3882,3.4192,1.6537,1.6231,4.0838,0.71338,2.0402,3.1094,2.2267,2.2548,4.6379,0.59053,2.597,2.9882,0.99237,2.0883,3.276,0.21854,2.8927,2.053,2.0043,1.9994,4.5948,2.5632,2.318,4.3108,2.6863,2.3208,5.2216,2.1024,2.7827,4.409,1.1035,1.8672,3.9604,4.5807,2.974,0.46948,0.888,2.1321,3.0557,1.3244,2.09,4.2799,1.0727,2.0915,3.526,2.3099,2.7564,4.579,1.7118,1.6093,4.1557,1.174,2.5279,3.078,0.77323,2.4148,3.7846,2.0643,1.9246,3.7219,1.5991,2.4547,3.4602,1.6541,2.5281,3.5961,1.636,1.6709,4.2554,2.0637,2.7816,4.5389,2.1159,2.7855,4.5841,3.323,2.7721,6.0802,1.7191,1.612,4.1545,1.7161,2.012,3.4496,2.1354,2.933,4.9237,1.171,2.5491,3.0872,2.6531,2.4566,4.9958,1.0081,2.6027,4.0537,1.5981,2.4381,3.4565,1.1522,1.8175,4.0995,1.6583,1.6181,4.0806,1.7072,2.013,3.4492,0.23186,2.9384,3.289,2.907,2.2832,4.5745,1.3319,1.9731,4.208,1.2674,2.6608,3.3509,1.4449,2.4447,3.3362,1.8365,1.9782,3.7193,1.9428,2.3538,4.001,1.0899,2.2845,3.1903,2.5396,2.0369,5.1535,1.2404,2.6911,3.3179,1.4439,2.4528,3.3386,0.25253,2.9545,3.2961,0.68639,1.8232,2.8831,1.6927,2.0141,4.4357,1.4796,1.8549,4.1396,5.507,2.9004,1.8341,0.82849,2.132,2.7856,1.0153,2.6106,4.058,2.1741,2.5083,3.6301,2.6531,2.4259,4.9907,2.8568,2.6957,4.5563,2.1611,2.5166,4.5358,2.3413,2.0995,4.2001,0.77224,2.0026,3.3613,0.34201,2.4685,2.8972,0.61237,2.1455,3.7156,2.3803,2.4744,4.4356,0.78137,2.4623,2.8634,1.2567,1.5654,4.2964,1.6855,2.0127,3.4697,0.001912,2.688,2.0455,3.2882,2.9343,1.0209,0.73932,2.4355,2.8826,1.6524,1.6353,4.0775,1.4973,1.8864,3.1731,0.73024,2.4582,2.843,2.1702,2.3362,4.9446,1.1567,2.5619,3.067,1.028,1.9916,3.5074,0.50361,1.9888,3.2698,1.7106,2.0119,3.4554,2.3899,2.0735,4.1748,2.147,2.1694,4.9999,1.2943,1.7577,3.8199,0.69615,1.9913,2.755,2.1473,2.186,4.991,2.328,2.1901,4.4817,1.5692,2.3107,3.9617,4.1619,3.0026,0.075241,1.9517,2.349,3.9829,0.81196,1.9721,4.1095,1.1899,2.5923,4.2358,3.5219,2.8385,6.0886,1.5445,1.6259,3.2987,0.31494,2.2866,3.3956,5.2693,2.9784,1.1798,0.55468,2.7728,3.267,1.2754,2.5127,2.981,2.156,2.1367,4.9666,1.4956,2.0969,4.3722,1.525,1.6328,3.3129,1.4147,2.9248,3.3746,0.45874,2.4532,2.736,0.91034,2.4515,2.9836,0.22353,2.6199,3.3439,1.6314,2.2775,4.1572,0.46481,2.4531,2.7161,1.0444,2.1847,3.6678,1.3988,1.8106,4.281,0.33049,2.2994,3.4239,1.5154,1.6184,3.2909,0.44751,2.448,2.7311,2.9981,2.8556,5.9283,1.9933,2.5812,4.0229,1.9774,2.1761,4.5811,2.6109,2.7611,5.2533,1.8835,1.9699,3.8941,1.3043,1.8047,3.6992,2.1481,2.1496,4.9661,1.3883,2.6276,4.0122,0.97881,3.0922,2.8076,4.6765,2.9712,0.404,1.2495,2.6805,4.3165,1.9209,1.9673,3.9221,1.2507,2.6398,2.8746,0.35506,2.7592,2.9638,0.95578,2.8829,4.1532,0.57263,2.5316,2.567,0.69225,1.9627,2.9782,0.58867,2.3931,3.4554,1.5711,2.1718,4.223,1.2819,2.6927,4.3716,0.6153,1.9617,3.1046,1.9706,1.8978,3.8149,1.1882,1.8574,3.662,2.4433,2.7123,4.94,1.3818,1.5083,4.1566,1.3925,2.1545,3.178,0.64102,1.957,3.1077,0.44482,2.4498,2.5526,1.6139,2.2621,4.1417,2.4683,2.7096,4.9827,0.62622,1.9616,3.1019,1.588,1.7404,3.339,0.62191,3.041,2.524,0.57277,2.5177,2.5764,2.9202,2.7374,5.9059,6.1318,2.8761,2.5072,4.6614,2.98,0.37242,2.3506,2.3605,3.7361,0.98076,3.0642,3.7819,1.4132,2.26,3.5526,0.8981,3.0749,3.6958,2.3882,2.2374,3.8107,1.188,1.8438,3.6519,2.4195,2.3407,4.551,2.5429,2.6198,4.0065,1.2889,2.6722,4.3777,1.8772,1.9515,3.8914,1.1117,2.7922,3.6305,2.4477,2.4685,5.0733,1.5509,2.5982,3.2831,2.1622,2.1806,4.0871,0.7913,1.9066,3.3961,2.3635,2.3926,3.7497,2.3385,2.3954,3.7297,2.2125,1.9149,4.9195,2.6358,2.2816,4.7897,2.3723,2.2556,3.8149,1.405,1.5983,3.8445,2.4259,2.7046,4.9409,1.8802,1.9659,3.8889,0.78939,2.1573,3.9977,1.5998,1.8344,4.2434,2.4785,2.7117,4.9976,1.4668,2.3736,3.2725,5.9554,2.8852,2.2472,1.8532,1.8001,3.5058,1.9765,2.9944,4.2741,2.0168,1.9537,4.769,1.1118,2.5749,4.2835,1.8887,2.1709,4.8646,1.6106,1.7883,3.9655,1.6148,2.0266,3.402,1.0162,2.7611,3.5639,0.94183,2.8078,3.8411,1.4108,2.412,3.8848,1.094,2.7961,3.6074,1.8137,1.7785,4.0913,0.90898,2.4614,2.7629,1.9192,2.0697,4.3888,0.078558,2.7831,2.8386,1.0924,1.9732,4.2596,0.97003,2.3196,3.0331,1.6298,2.394,4.586,0.99101,2.0778,2.8565,0.73933,1.9957,2.7438,1.6005,1.7908,3.9677,0.90738,2.4584,2.7708,1.3674,1.5906,3.8413,2.7812,2.5805,4.6391,1.0971,2.1523,3.6279,1.1147,2.7843,3.6451,1.99,1.993,4.4841,1.0702,1.9687,4.2578,1.8638,1.6418,3.4526,1.6646,2.4752,3.9908,2.1338,2.5389,4.9459,2.1536,2.3965,3.6938,1.1963,3.067,3.4341,1.4552,1.4603,4.2242,0.63713,2.9933,3.6493,1.633,1.7474,4.2291,0.74539,1.9968,2.7467,0.69074,2.1987,3.9465,2.6722,2.6019,4.5371,1.9956,2.1285,3.4397,1.3521,2.9041,3.5071,1.0943,2.2086,3.645,2.5267,2.0085,4.4586,1.483,1.7414,4.4297,1.5822,2.5757,3.567,2.0677,2.2903,4.0723,2.7216,2.3462,5.0184,0.4372,2.5384,2.955
1728.6,7.8459,136.69,1.3174,0.12474,3211.1,1.498,1.8529,4.1358,1.2872,2.2376,4.2215,1.2295,1.9993,4.2259,2.4843,2.6417,4.2946,0.85427,2.0713,4.2324,1.5134,2.4926,3.8848,2.9889,2.8268,5.7945,1.2268,2.0057,4.235,1.7349,1.7186,4.2451,1.2855,2.2342,4.2405,0.85042,2.0897,4.2023,2.9412,2.831,4.519,5.6533,2.7586,1.4175,1.2429,2.8213,3.6236,0.96423,2.1568,3.0288,2.4922,2.0583,4.4477,1.4583,1.6804,3.9007,0.67585,2.5705,3.8844,2.0072,1.7662,3.4969,1.0933,2.4259,3.0914,0.25658,2.2842,3.5336,1.7673,1.6703,3.39,2.0705,2.8108,4.3892,1.7795,1.6711,3.4039,1.4905,1.6663,3.92,0.39579,2.1457,3.1995,2.0628,2.3771,4.3869,1.4787,1.6784,3.2068,0.83199,1.8848,2.7664,2.9962,2.8344,5.8101,1.9915,1.7759,3.4983,1.0043,2.7331,2.8908,1.8215,2.5915,4.0122,0.62666,1.878,2.7849,1.0727,2.4366,3.0604,1.8846,1.904,4.4806,1.6726,1.6802,3.8968,0.53408,2.2051,3.7914,1.2127,2.4548,3.8071,0.98795,2.0849,3.2661,2.568,2.3191,4.3063,2.0758,2.1829,4.7026,1.4862,1.6862,3.9281,1.8958,1.9255,4.4939,1.5083,2.1944,3.2703,0.82285,2.117,3.186,2.432,2.3679,4.3116,1.9849,2.5951,4.9216,1.9411,2.6051,4.8782,2.5671,2.3132,4.3258,1.2867,2.4951,3.9378,1.6855,2.2248,4.3023,2.1295,3.0345,4.0692,0.51657,2.4568,2.4934,1.5271,2.0808,4.6019,2.1259,3.0513,4.0592,0.36941,2.3894,3.4171,1.653,1.6223,4.0838,0.71352,2.0418,3.1102,2.2252,2.2561,4.6372,0.58758,2.595,2.9876,0.99085,2.0904,3.2762,0.22514,2.8928,2.0587,2.0052,2.0006,4.5955,2.565,2.3199,4.3129,2.6866,2.3194,5.2233,2.0993,2.7791,4.406,1.1057,1.8683,3.9621,4.5781,2.9718,0.46709,0.88789,2.1333,3.0558,1.326,2.0891,4.2812,1.074,2.0917,3.5286,2.3091,2.7564,4.5779,1.7127,1.6099,4.1554,1.1766,2.5255,3.079,0.7752,2.4141,3.7856,2.0652,1.924,3.7202,1.599,2.4561,3.4594,1.6533,2.5287,3.5951,1.6339,1.67,4.2559,2.0593,2.7786,4.5344,2.1155,2.7829,4.5831,3.3212,2.7712,6.0781,1.7209,1.6128,4.154,1.7172,2.0121,3.4493,2.1353,2.9324,4.9231,1.1732,2.5484,3.0886,2.6542,2.4574,4.9958,1.0069,2.6026,4.0527,1.5978,2.4383,3.4554,1.1494,1.8191,4.0993,1.6582,1.617,4.0803,1.7076,2.0133,3.4489,0.22709,2.9376,3.2851,2.9103,2.2824,4.5759,1.3331,1.9747,4.2083,1.2692,2.6585,3.3538,1.4432,2.4437,3.3356,1.8361,1.9771,3.7185,1.9422,2.3557,4.002,1.0891,2.2845,3.1903,2.5394,2.0357,5.1534,1.2403,2.6913,3.3185,1.4422,2.4524,3.3385,0.24855,2.9551,3.2919,0.68706,1.8246,2.8805,1.6918,2.0124,4.4369,1.4805,1.8538,4.1414,5.5044,2.9003,1.8329,0.82932,2.1328,2.7863,1.0145,2.6114,4.0572,2.1763,2.5073,3.631,2.6546,2.4243,4.9908,2.8621,2.6947,4.5599,2.1609,2.5155,4.5357,2.3406,2.0992,4.2008,0.77279,2.0038,3.3622,0.34336,2.4681,2.8986,0.613,2.1459,3.7158,2.3799,2.4715,4.436,0.78455,2.4621,2.8648,1.257,1.564,4.2971,1.6841,2.013,3.4713,0.0065973,2.6879,2.0447,3.2949,2.9337,6.2111,0.73887,2.4329,2.8856,1.6518,1.6353,4.0766,1.4976,1.8883,3.1723,0.72904,2.4575,2.8428,2.1702,2.3352,4.9436,1.1578,2.5622,3.0667,1.0303,1.9939,3.5078,0.5007,1.9896,3.2712,1.7114,2.0122,3.4557,2.3905,2.0731,4.1731,2.1477,2.1706,5.0018,1.2947,1.7577,3.8217,0.69732,1.9924,2.755,2.1479,2.1886,4.9918,2.3291,2.1907,4.4838,1.5694,2.3127,3.9616,4.1601,3.0018,0.071498,1.9515,2.3502,3.9819,0.80967,1.9727,4.1088,1.1915,2.5944,4.2377,3.5228,2.8372,6.09,1.5457,1.6267,3.2999,0.31379,2.2858,3.3939,5.2792,2.9771,1.187,0.55424,2.7718,3.2681,1.2762,2.5134,2.9813,2.1576,2.1353,4.9655,1.4976,2.0966,4.3744,1.525,1.6336,3.3151,1.4179,2.9244,3.3755,0.45967,2.4534,2.738,0.90906,2.4513,2.9824,0.22344,2.62,3.3438,1.633,2.2792,4.16,0.46643,2.4535,2.7168,1.0438,2.1862,3.6682,1.3991,1.8107,4.28,0.33082,2.2995,3.425,1.5144,1.6184,3.2913,0.44772,2.4479,2.7328,3.0003,2.8543,5.9317,1.9921,2.5798,4.0219,1.9781,2.1759,4.5807,2.6088,2.7599,5.2514,1.8828,1.9699,3.8931,1.3052,1.8031,3.7003,2.1485,2.149,4.9647,1.3871,2.625,4.0124,0.96476,3.0929,2.7924,4.6758,2.9698,0.40351,1.2492,2.6804,4.3153,1.9222,1.9679,3.9251,1.2511,2.6404,2.8756,0.35548,2.7577,2.9657,0.95758,2.8821,4.1553,0.57267,2.5327,2.5658,0.69158,1.9654,2.977,0.59205,2.3929,3.4575,1.5715,2.1711,4.2226,1.2842,2.6936,4.3749,0.6135,1.9628,3.1033,1.9697,1.8975,3.8145,1.1878,1.8582,3.6636,2.4411,2.7112,4.9355,1.3825,1.5071,4.1549,1.3926,2.1541,3.1782,0.64132,1.9579,3.1068,0.44346,2.4498,2.5513,1.6141,2.263,4.143,2.4684,2.7084,4.982,0.62518,1.9626,3.1003,1.5901,1.7423,3.3401,0.63099,3.0412,2.5318,0.57266,2.5176,2.5756,2.922,2.7368,5.9083,6.1287,2.8772,2.5051,4.6605,2.9793,0.37049,2.3508,2.3563,3.7343,0.98679,3.0626,3.7898,1.4108,2.2606,3.5515,0.90302,3.0746,3.7023,2.3901,2.2374,3.811,1.1877,1.8433,3.6527,2.4192,2.3411,4.5506,2.5398,2.6195,4.0051,1.2913,2.6714,4.381,1.8761,1.9499,3.8902,1.1106,2.7918,3.6289,2.4475,2.4672,5.0714,1.5462,2.5963,3.2821,2.1618,2.1802,4.0859,0.79167,1.9069,3.3981,2.3648,2.3913,3.7494,2.3376,2.3941,3.7275,2.2149,1.9175,4.9212,2.635,2.2808,4.7895,2.373,2.2572,3.8155,1.407,1.5994,3.8453,2.4228,2.7029,4.9369,1.8794,1.9657,3.8873,0.79031,2.1586,4.001,1.5997,1.8341,4.2421,2.4795,2.7108,4.9982,1.4685,2.3724,3.2734,5.9587,2.8856,2.2515,1.8526,1.7999,3.5084,1.9761,2.9916,4.2713,2.0171,1.954,4.7703,1.113,2.5747,4.2846,1.8895,2.1725,4.8647,1.6104,1.7866,3.9654,1.6156,2.0279,3.4027,1.0168,2.7598,3.5643,0.94464,2.8056,3.8439,1.4137,2.4137,3.8885,1.0918,2.7959,3.6042,1.8115,1.7764,4.0911,0.90868,2.4617,2.7621,1.9201,2.0698,4.3892,0.080034,2.7818,2.8396,1.093,1.974,4.2596,0.97184,2.318,3.0353,1.6297,2.3938,4.5862,0.99212,2.0766,2.8586,0.73906,1.9951,2.7441,1.5994,1.7892,3.9676,0.90693,2.4583,2.7707,1.3662,1.5908,3.8417,2.782,2.5795,4.6392,1.0981,2.1537,3.6279,1.1145,2.7826,3.6452,1.9912,1.9932,4.4847,1.0691,1.9689,4.2578,1.8646,1.6409,3.4527,1.6648,2.4749,3.99,2.1359,2.5377,4.948,2.1536,2.398,3.6926,1.1995,3.0663,3.4378,1.4561,1.4598,4.2234,0.63812,2.9926,3.6519,1.6338,1.7466,4.2285,0.74557,1.9965,2.7473,0.69068,2.1993,3.9465,2.6709,2.6018,4.5372,1.9959,2.1283,3.4395,1.35,2.9022,3.505,1.0952,2.2099,3.6457,2.5264,2.0093,4.4579,1.4823,1.7418,4.4303,1.5802,2.5746,3.566,2.0681,2.2907,4.0723,2.7225,2.3441,5.0188,0.43647,2.5391,2.955
1728.6,7.8459,136.69,1.3174,0.13365,3260.0,1.4956,1.8539,4.1324,1.288,2.2386,4.2215,1.2296,2.0,4.2256,2.4833,2.6401,4.294,0.85391,2.0719,4.2338,1.5127,2.4935,3.884,2.9875,2.8257,5.793,1.2266,2.0068,4.2353,1.7337,1.7184,4.2446,1.2862,2.2347,4.242,0.84987,2.0919,4.2015,2.9453,2.8306,4.5201,5.6488,2.7569,1.4135,1.2436,2.8194,3.6241,0.96448,2.1576,3.0293,2.4929,2.059,4.4481,1.4573,1.6805,3.9005,0.67671,2.5709,3.8838,2.0072,1.7665,3.4988,1.0947,2.4241,3.0944,0.25501,2.2842,3.5309,1.7658,1.67,3.3902,2.0647,2.8093,4.3844,1.7789,1.6713,3.4051,1.4914,1.6654,3.9211,0.39562,2.1468,3.1988,2.0654,2.3791,4.3872,1.479,1.6796,3.2073,0.83194,1.8857,2.7659,2.9952,2.8339,5.8098,1.9904,1.7773,3.5002,1.0037,2.7347,2.8909,1.822,2.592,4.0134,0.62632,1.8786,2.7839,1.0726,2.4358,3.0609,1.8836,1.903,4.4796,1.6722,1.6787,3.8969,0.53634,2.2054,3.7954,1.2137,2.4579,3.8082,0.98619,2.0873,3.2654,2.5703,2.321,4.3082,2.077,2.186,4.7051,1.4869,1.6869,3.9295,1.8958,1.926,4.494,1.5098,2.1963,3.2704,0.82254,2.12,3.1856,2.4334,2.3679,4.3118,1.9882,2.595,4.9239,1.9414,2.6062,4.878,2.5693,2.3147,4.3294,1.2865,2.4962,3.9368,1.6855,2.2243,4.3032,2.1335,3.0322,4.0727,0.51749,2.456,2.4945,1.5257,2.0829,4.6014,2.1283,3.0499,4.0605,0.3673,2.3906,3.415,1.6524,1.6215,4.0839,0.71366,2.0433,3.1109,2.2238,2.2574,4.6365,0.58459,2.593,2.9871,0.9893,2.0926,3.2765,0.2317,2.8929,2.0643,2.006,2.0019,4.5961,2.5668,2.3218,4.3151,2.6869,2.3179,5.2249,2.0963,2.7755,4.4031,1.108,1.8694,3.9637,4.5757,2.9695,0.46477,0.88777,2.1346,3.0559,1.3275,2.0882,4.2825,1.0754,2.0919,3.5311,2.3084,2.7565,4.5768,1.7136,1.6104,4.155,1.1791,2.523,3.08,0.77717,2.4136,3.7866,2.066,1.9234,3.7185,1.599,2.4576,3.4586,1.6525,2.5293,3.5941,1.6318,1.6691,4.2564,2.0548,2.7755,4.53,2.115,2.7803,4.5821,3.3195,2.7703,6.0761,1.7226,1.6135,4.1535,1.7184,2.0123,3.4489,2.1351,2.9319,4.9226,1.1754,2.5478,3.0901,2.6553,2.4581,4.9958,1.0057,2.6025,4.0517,1.5974,2.4386,3.4543,1.1466,1.8206,4.099,1.658,1.6159,4.0799,1.7081,2.0137,3.4485,0.22233,2.9368,3.2812,2.9136,2.2816,4.5774,1.3344,1.9762,4.2087,1.2709,2.6562,3.3567,1.4416,2.4428,3.3351,1.8356,1.976,3.7178,1.9417,2.3576,4.003,1.0883,2.2845,3.1903,2.5391,2.0345,5.1533,1.2401,2.6915,3.319,1.4405,2.4519,3.3383,0.2445,2.9556,3.2876,0.68772,1.8261,2.8779,1.6909,2.0107,4.4382,1.4814,1.8527,4.1431,5.5019,2.9002,1.8316,0.83016,2.1336,2.7869,1.0137,2.6122,4.0564,2.1786,2.5063,3.6319,2.6561,2.4228,4.9909,2.8675,2.6936,4.5635,2.1607,2.5144,4.5356,2.3399,2.0989,4.2014,0.77333,2.005,3.3632,0.34467,2.4676,2.9,0.61364,2.1464,3.716,2.3794,2.4687,4.4365,0.78776,2.4619,2.8663,1.2574,1.5625,4.2976,1.6826,2.0134,3.4728,0.014631,2.6878,2.044,3.3014,2.9332,5.8622,0.73837,2.4304,2.8886,1.6512,1.6353,4.0757,1.498,1.8902,3.1715,0.72779,2.4569,2.8425,2.1702,2.3342,4.9426,1.1589,2.5626,3.0664,1.0326,1.9962,3.5082,0.49774,1.9903,3.2727,1.7121,2.0125,3.4561,2.3911,2.0726,4.1715,2.1483,2.1718,5.0036,1.2952,1.7577,3.8235,0.69849,1.9935,2.755,2.1483,2.191,4.9925,2.3302,2.1913,4.4859,1.5696,2.3147,3.9615,4.1583,3.001,0.067784,1.9513,2.3515,3.9809,0.80737,1.9731,4.1081,1.1931,2.5965,4.2396,3.5237,2.8359,6.0914,1.5469,1.6275,3.3011,0.31264,2.2851,3.3922,5.289,2.9756,1.1942,0.55375,2.7708,3.2691,1.277,2.514,2.9816,2.1591,2.1338,4.9644,1.4996,2.0962,4.3766,1.525,1.6343,3.3174,1.4211,2.924,3.3763,0.46061,2.4537,2.74,0.9078,2.4511,2.9811,0.22332,2.6202,3.3436,1.6345,2.2808,4.1628,0.46805,2.454,2.7175,1.0433,2.1876,3.6687,1.3995,1.8108,4.2789,0.33115,2.2997,3.4261,1.5135,1.6184,3.2918,0.44792,2.4477,2.7345,3.0026,2.853,5.9352,1.9909,2.5783,4.0209,1.9787,2.1756,4.5802,2.6066,2.7587,5.2495,1.8822,1.9698,3.8921,1.3061,1.8015,3.7014,2.149,2.1484,4.9632,1.3859,2.6225,4.0127,0.95007,3.0936,2.7767,4.6752,2.9683,0.40309,1.2488,2.6803,4.314,1.9235,1.9684,3.9281,1.2516,2.6409,2.8766,0.35591,2.7562,2.9676,0.95943,2.8814,4.1575,0.57269,2.5338,2.5645,0.6909,1.968,2.9757,0.59545,2.3927,3.4596,1.572,2.1704,4.2221,1.2866,2.6945,4.3783,0.61169,1.9639,3.102,1.9688,1.8972,3.814,1.1873,1.8589,3.6651,2.439,2.71,4.9311,1.3831,1.5058,4.1532,1.3927,2.1536,3.1784,0.64163,1.9587,3.1059,0.44209,2.4498,2.5499,1.6143,2.2639,4.1444,2.4686,2.7072,4.9814,0.62413,1.9636,3.0988,1.5923,1.7442,3.3413,0.64019,3.0414,2.5398,0.57249,2.5175,2.5748,2.9239,2.7363,5.9108,6.1255,2.8783,2.503,4.6597,2.9787,0.36864,2.3511,2.3521,3.7325,0.99246,3.0611,3.7973,1.4084,2.2611,3.5504,0.90795,3.0742,3.7088,2.392,2.2375,3.8114,1.1873,1.8428,3.6534,2.4189,2.3416,4.5501,2.5367,2.6192,4.0036,1.2937,2.6706,4.3844,1.8749,1.9484,3.8889,1.1094,2.7914,3.6274,2.4472,2.4658,5.0696,1.5415,2.5944,3.2812,2.1613,2.1798,4.0846,0.79203,1.9072,3.4001,2.3662,2.3899,3.749,2.3367,2.3927,3.7252,2.2173,1.92,4.9229,2.6343,2.28,4.7893,2.3736,2.2587,3.816,1.4091,1.6005,3.8461,2.4197,2.7013,4.9329,1.8786,1.9654,3.8858,0.79126,2.1599,4.0044,1.5995,1.8337,4.2407,2.4805,2.7099,4.9987,1.4702,2.3712,3.2743,5.9622,2.886,2.256,1.8521,1.7997,3.5109,1.9756,2.9888,4.2686,2.0175,1.9543,4.7717,1.1143,2.5745,4.2858,1.8903,2.1741,4.8647,1.6102,1.7849,3.9653,1.6164,2.0293,3.4033,1.0172,2.7584,3.5647,0.94742,2.8033,3.8466,1.4167,2.4153,3.8922,1.0896,2.7956,3.601,1.8092,1.7743,4.0909,0.90838,2.4621,2.7613,1.921,2.0699,4.3897,0.081548,2.7804,2.8406,1.0936,1.9747,4.2596,0.97362,2.3166,3.0375,1.6296,2.3936,4.5865,0.99324,2.0753,2.8607,0.73881,1.9946,2.7444,1.5983,1.7877,3.9676,0.90649,2.4582,2.7706,1.3649,1.591,3.8422,2.7828,2.5784,4.6393,1.0991,2.1552,3.6278,1.1143,2.7809,3.6454,1.9925,1.9934,4.4851,1.068,1.9691,4.2579,1.8654,1.64,3.4528,1.665,2.4745,3.9893,2.1381,2.5365,4.9502,2.1536,2.3995,3.6914,1.2029,3.0657,3.4416,1.457,1.4594,4.2227,0.63903,2.992,3.6543,1.6346,1.7458,4.228,0.74577,1.9961,2.7478,0.6906,2.1998,3.9465,2.6695,2.6017,4.5374,1.9963,2.128,3.4392,1.3479,2.9003,3.5029,1.0961,2.2112,3.6463,2.5261,2.01,4.4572,1.4816,1.7423,4.4308,1.5782,2.5735,3.5651,2.0686,2.2911,4.0723,2.7234,2.342,5.0193,0.43571,2.5397,2.955
1728.6,7.8459,136.69,1.3174,0.14256,3300.6,1.4932,1.8549,4.129,1.2888,2.2395,4.2215,1.2297,2.0007,4.2254,2.4823,2.6385,4.2935,0.85354,2.0725,4.2351,1.5119,2.4945,3.8832,2.9862,2.8247,5.7915,1.2264,2.0079,4.2356,1.7325,1.7182,4.2442,1.2869,2.2353,4.2435,0.84934,2.0941,4.2007,2.9494,2.8302,4.5212,5.6444,2.7551,1.4095,1.2444,2.8174,3.6245,0.96472,2.1584,3.0298,2.4935,2.0598,4.4484,1.4563,1.6806,3.9004,0.67753,2.5714,3.8831,2.0072,1.7668,3.5006,1.0961,2.4224,3.0973,0.25341,2.2842,3.5281,1.7643,1.6697,3.3904,2.059,2.8078,4.3796,1.7783,1.6714,3.4062,1.4923,1.6644,3.9221,0.39543,2.1478,3.1981,2.0681,2.3812,4.3875,1.4794,1.6808,3.2078,0.83188,1.8866,2.7654,2.9942,2.8335,5.8096,1.9893,1.7787,3.5022,1.003,2.7364,2.891,1.8227,2.5925,4.0146,0.62599,1.8793,2.7829,1.0725,2.4351,3.0613,1.8826,1.902,4.4787,1.6717,1.6772,3.897,0.53866,2.2057,3.7995,1.2147,2.4611,3.8092,0.98438,2.0897,3.2647,2.5727,2.323,4.3101,2.0782,2.189,4.7076,1.4875,1.6875,3.9309,1.8958,1.9265,4.4941,1.5112,2.1982,3.2704,0.8222,2.1231,3.1853,2.4348,2.368,4.3121,1.9914,2.595,4.9263,1.9418,2.6074,4.8778,2.5716,2.3163,4.333,1.2863,2.4973,3.9358,1.6854,2.2237,4.3041,2.1374,3.0299,4.0761,0.51837,2.4552,2.4956,1.5243,2.085,4.601,2.1306,3.0485,4.0617,0.36518,2.3918,3.4129,1.6517,1.6207,4.0839,0.71378,2.0448,3.1117,2.2223,2.2587,4.6358,0.58157,2.591,2.9866,0.98771,2.0947,3.2768,0.23822,2.893,2.0698,2.0069,2.0031,4.5968,2.5687,2.3236,4.3174,2.6871,2.3165,5.2266,2.0935,2.772,4.4003,1.1103,1.8705,3.9653,4.5732,2.9673,0.46252,0.88765,2.1358,3.0561,1.329,2.0874,4.2838,1.0767,2.0921,3.5337,2.3076,2.7566,4.5757,1.7145,1.6109,4.1547,1.1817,2.5206,3.081,0.77913,2.413,3.7877,2.0669,1.9228,3.7168,1.5989,2.4591,3.4577,1.6518,2.5299,3.593,1.6297,1.6682,4.2569,2.0504,2.7724,4.5256,2.1146,2.7777,4.5811,3.3178,2.7694,6.0741,1.7244,1.6142,4.153,1.7195,2.0124,3.4485,2.1349,2.9313,4.922,1.1776,2.5472,3.0915,2.6563,2.4588,4.9958,1.0045,2.6025,4.0507,1.5971,2.4388,3.4531,1.1438,1.8222,4.0988,1.6579,1.6148,4.0795,1.7086,2.014,3.4481,0.2176,2.936,3.2774,2.9169,2.2808,4.5789,1.3356,1.9777,4.2091,1.2726,2.6539,3.3595,1.4399,2.4419,3.3346,1.8351,1.9748,3.717,1.9412,2.3596,4.0041,1.0874,2.2845,3.1903,2.5388,2.0333,5.1532,1.24,2.6918,3.3196,1.4388,2.4514,3.3382,0.24036,2.9561,3.2833,0.68837,1.8275,2.8754,1.69,2.0089,4.4394,1.4824,1.8515,4.1449,5.4994,2.9001,1.8304,0.83099,2.1343,2.7876,1.0129,2.613,4.0555,2.181,2.5053,3.6329,2.6577,2.4213,4.9911,2.8728,2.6925,4.5672,2.1604,2.5133,4.5354,2.3393,2.0985,4.202,0.77387,2.0062,3.3641,0.34595,2.4671,2.9014,0.61426,2.1468,3.7162,2.379,2.4658,4.437,0.791,2.4616,2.8677,1.2577,1.5611,4.2982,1.6811,2.0138,3.4743,0.017949,2.6878,2.0432,3.3079,2.9326,6.0021,0.7378,2.4278,2.8917,1.6507,1.6352,4.0748,1.4983,1.8921,3.1707,0.72649,2.4563,2.8423,2.1703,2.3333,4.9416,1.1599,2.5631,3.066,1.0349,1.9985,3.5087,0.49471,1.9911,3.2742,1.7128,2.0128,3.4564,2.3917,2.0722,4.17,2.1489,2.1729,5.0055,1.2957,1.7577,3.8252,0.69967,1.9946,2.7549,2.1488,2.1935,4.9931,2.3314,2.1918,4.4881,1.5698,2.3166,3.9615,4.1566,3.0002,0.064104,1.951,2.3528,3.9799,0.80507,1.9736,4.1074,1.1947,2.5987,4.2416,3.5246,2.8345,6.0928,1.5481,1.6284,3.3023,0.31146,2.2844,3.3905,5.2987,2.9742,1.2013,0.5532,2.7698,3.2702,1.2778,2.5147,2.982,2.1608,2.1325,4.9633,1.5015,2.0957,4.3789,1.5249,1.635,3.3197,1.4243,2.9236,3.3772,0.46153,2.454,2.7421,0.90656,2.4508,2.9798,0.22316,2.6204,3.3434,1.6361,2.2824,4.1656,0.46963,2.4545,2.7183,1.0427,2.1891,3.6691,1.3999,1.8108,4.2779,0.33147,2.2999,3.4271,1.5125,1.6184,3.2923,0.44812,2.4476,2.7362,3.0049,2.8517,5.9386,1.9897,2.5769,4.0199,1.9794,2.1752,4.5798,2.6045,2.7575,5.2475,1.8815,1.9697,3.891,1.3069,1.7999,3.7025,2.1495,2.1478,4.9617,1.3848,2.62,4.013,0.93469,3.0943,2.7603,4.6746,2.9668,0.40274,1.2485,2.6803,4.3128,1.9248,1.9689,3.9312,1.2521,2.6415,2.8776,0.35633,2.7547,2.9696,0.96132,2.8806,4.1597,0.57267,2.5349,2.5632,0.6902,1.9706,2.9745,0.59884,2.3925,3.4618,1.5724,2.1697,4.2216,1.289,2.6955,4.3817,0.60988,1.9649,3.1008,1.968,1.8968,3.8135,1.1869,1.8596,3.6666,2.4369,2.7089,4.9266,1.3837,1.5046,4.1513,1.3929,2.1531,3.1786,0.64195,1.9595,3.105,0.44071,2.4497,2.5485,1.6146,2.2648,4.1458,2.4688,2.7059,4.9808,0.62307,1.9646,3.0973,1.5944,1.7461,3.3424,0.6495,3.0416,2.5478,0.57227,2.5175,2.5739,2.9258,2.7358,5.9133,6.1224,2.8795,2.5009,4.6591,2.978,0.36688,2.3513,2.348,3.7307,0.99776,3.0595,3.8045,1.406,2.2617,3.5493,0.91287,3.0739,3.7153,2.3939,2.2375,3.8117,1.1869,1.8423,3.6542,2.4186,2.342,4.5497,2.5337,2.6189,4.0023,1.2961,2.6698,4.3878,1.8737,1.9468,3.8876,1.1083,2.791,3.6258,2.447,2.4645,5.0677,1.5367,2.5926,3.2803,2.1608,2.1794,4.0834,0.79239,1.9076,3.402,2.3676,2.3886,3.7487,2.3358,2.3912,3.7229,2.2198,1.9226,4.9246,2.6336,2.2792,4.7891,2.3743,2.2603,3.8165,1.4111,1.6016,3.847,2.4166,2.6996,4.9291,1.8779,1.9651,3.8843,0.79221,2.1613,4.0078,1.5994,1.8333,4.2393,2.4815,2.7091,4.9993,1.4719,2.37,3.2752,5.9656,2.8864,2.2605,1.8515,1.7995,3.5135,1.9751,2.9859,4.2658,2.0178,1.9546,4.773,1.1156,2.5743,4.287,1.8911,2.1756,4.8647,1.61,1.7831,3.9652,1.6173,2.0306,3.4039,1.0177,2.757,3.5651,0.95017,2.801,3.8494,1.4196,2.4169,3.896,1.0873,2.7953,3.5978,1.807,1.7722,4.0907,0.90807,2.4624,2.7605,1.922,2.0699,4.3902,0.083107,2.7791,2.8416,1.0942,1.9754,4.2597,0.97536,2.3151,3.0397,1.6295,2.3934,4.5869,0.99437,2.074,2.8629,0.73857,1.994,2.7448,1.5972,1.7861,3.9675,0.90604,2.4582,2.7706,1.3636,1.5912,3.8426,2.7836,2.5774,4.6395,1.1001,2.1566,3.6278,1.1142,2.7792,3.6456,1.9937,1.9936,4.4856,1.067,1.9693,4.258,1.8662,1.6391,3.453,1.6652,2.4742,3.9885,2.1403,2.5354,4.9524,2.1536,2.401,3.6903,1.2065,3.065,3.4456,1.4578,1.4589,4.2219,0.63986,2.9914,3.6568,1.6355,1.7449,4.2275,0.74598,1.9957,2.7484,0.6905,2.2003,3.9465,2.6682,2.6015,4.5375,1.9966,2.1277,3.439,1.3458,2.8984,3.5008,1.097,2.2124,3.647,2.5258,2.0107,4.4565,1.481,1.7428,4.4313,1.5763,2.5724,3.5642,2.069,2.2915,4.0722,2.7244,2.3399,5.0197,0.43492,2.5404,2.955
1728.6,7.8459,136.69,1.3174,0.15148,3332.1,1.4909,1.8558,4.1256,1.2896,2.2405,4.2215,1.2299,2.0014,4.2251,2.4814,2.6369,4.2929,0.85314,2.0731,4.2365,1.5111,2.4955,3.8823,2.9848,2.8236,5.7901,1.2263,2.0089,4.2359,1.7313,1.718,4.2437,1.2875,2.2358,4.2449,0.84881,2.0963,4.2,2.9535,2.8297,4.5223,5.6401,2.7532,1.4055,1.2451,2.8155,3.625,0.96494,2.1591,3.0303,2.4942,2.0605,4.4488,1.4554,1.6806,3.9003,0.6783,2.5718,3.8824,2.0071,1.7671,3.5025,1.0976,2.4206,3.1003,0.25178,2.2842,3.5253,1.7628,1.6694,3.3906,2.0533,2.8063,4.3749,1.7777,1.6716,3.4074,1.4932,1.6634,3.9231,0.39521,2.1489,3.1974,2.0709,2.3832,4.3879,1.4797,1.6821,3.2082,0.83182,1.8874,2.7649,2.9931,2.833,5.8093,1.9882,1.7801,3.5041,1.0023,2.7381,2.8909,1.8233,2.593,4.0158,0.62565,1.8799,2.7819,1.0723,2.4343,3.0618,1.8816,1.9009,4.4777,1.6712,1.6757,3.8972,0.54103,2.206,3.8036,1.2156,2.4642,3.8102,0.98253,2.092,3.2639,2.575,2.3249,4.3121,2.0795,2.1921,4.7101,1.4882,1.6882,3.9323,1.8958,1.927,4.4942,1.5126,2.2001,3.2705,0.82182,2.1261,3.185,2.4362,2.3681,4.3124,1.9948,2.5951,4.9286,1.9422,2.6087,4.8776,2.5739,2.3178,4.3367,1.2861,2.4985,3.9348,1.6854,2.2231,4.305,2.1413,3.0276,4.0795,0.51919,2.4545,2.4966,1.5229,2.0871,4.6005,2.1329,3.047,4.0628,0.36303,2.393,3.4108,1.6511,1.6199,4.084,0.71389,2.0463,3.1124,2.2208,2.26,4.635,0.57852,2.589,2.9861,0.98606,2.0968,3.2771,0.24467,2.8931,2.0752,2.0078,2.0044,4.5974,2.5706,2.3255,4.3197,2.6873,2.3151,5.2282,2.0908,2.7684,4.3977,1.1126,1.8715,3.967,4.5708,2.965,0.46032,0.88752,2.137,3.0563,1.3304,2.0866,4.2851,1.0781,2.0923,3.5362,2.3069,2.7567,4.5746,1.7154,1.6114,4.1544,1.1842,2.5182,3.082,0.78109,2.4125,3.7887,2.0677,1.9222,3.7151,1.5989,2.4605,3.4569,1.651,2.5304,3.592,1.6276,1.6672,4.2573,2.0461,2.7692,4.5212,2.1142,2.775,4.5801,3.3163,2.7685,6.0723,1.7262,1.6149,4.1525,1.7207,2.0124,3.448,2.1347,2.9307,4.9214,1.1798,2.5467,3.0929,2.6574,2.4594,4.9958,1.0033,2.6024,4.0498,1.5967,2.4391,3.452,1.141,1.8237,4.0986,1.6578,1.6138,4.0791,1.7091,2.0143,3.4477,0.21294,2.9352,3.2736,2.9202,2.28,4.5803,1.3369,1.9792,4.2096,1.2742,2.6516,3.3624,1.4383,2.441,3.3341,1.8347,1.9736,3.7163,1.9407,2.3617,4.0052,1.0865,2.2845,3.1903,2.5385,2.0321,5.1531,1.2398,2.6921,3.3201,1.4371,2.4509,3.338,0.23613,2.9566,3.2789,0.68901,1.829,2.8728,1.6891,2.0071,4.4407,1.4833,1.8503,4.1466,5.497,2.9001,1.8293,0.83183,2.1351,2.7883,1.0121,2.6138,4.0547,2.1834,2.5044,3.6339,2.6593,2.4198,4.9913,2.8782,2.6913,4.5709,2.1602,2.5122,4.5353,2.3386,2.0982,4.2026,0.7744,2.0074,3.3651,0.34718,2.4666,2.9028,0.61488,2.1473,3.7164,2.3786,2.4631,4.4375,0.79426,2.4614,2.8692,1.2582,1.5597,4.2987,1.6796,2.0141,3.4758,0.0071454,2.6877,2.0423,3.3143,2.932,0.0020138,0.73716,2.4253,2.8947,1.6501,1.6351,4.0739,1.4987,1.894,3.1699,0.72515,2.4557,2.842,2.1703,2.3323,4.9405,1.1609,2.5635,3.0656,1.0373,2.0008,3.5091,0.49162,1.9918,3.2757,1.7135,2.0131,3.4567,2.3923,2.0717,4.1684,2.1494,2.1741,5.0073,1.2962,1.7577,3.827,0.70085,1.9957,2.7549,2.1493,2.1959,4.9937,2.3326,2.1924,4.4903,1.57,2.3186,3.9614,4.155,2.9993,0.060468,1.9508,2.3541,3.9789,0.80276,1.9741,4.1067,1.1963,2.6009,4.2435,3.5254,2.8332,6.0943,1.5494,1.6292,3.3036,0.31025,2.2837,3.3888,5.3082,2.9727,1.2082,0.55258,2.7688,3.2711,1.2786,2.5153,2.9823,2.1624,2.131,4.9622,1.5035,2.0953,4.3812,1.5249,1.6356,3.3221,1.4275,2.9232,3.378,0.46245,2.4543,2.7442,0.90534,2.4506,2.9786,0.22295,2.6206,3.3431,1.6376,2.2839,4.1685,0.47118,2.455,2.719,1.0421,2.1906,3.6696,1.4003,1.8108,4.2768,0.33178,2.3001,3.4282,1.5116,1.6183,3.2928,0.4483,2.4474,2.7379,3.0072,2.8503,5.9421,1.9885,2.5754,4.0189,1.98,2.1748,4.5793,2.6023,2.7563,5.2455,1.8808,1.9695,3.8899,1.3078,1.7982,3.7037,2.1499,2.1472,4.9603,1.3837,2.6175,4.0133,0.91853,3.095,2.7431,4.6741,2.9653,0.40246,1.2481,2.6802,4.3116,1.9261,1.9694,3.9342,1.2526,2.6421,2.8786,0.35676,2.7532,2.9716,0.96325,2.8798,4.162,0.57259,2.536,2.5618,0.68949,1.9732,2.9733,0.60223,2.3922,3.4639,1.5729,2.1689,4.2211,1.2914,2.6965,4.385,0.60808,1.966,3.0995,1.9671,1.8964,3.8131,1.1864,1.8603,3.6681,2.4348,2.7077,4.9222,1.3844,1.5032,4.1495,1.393,2.1526,3.1789,0.64229,1.9603,3.1042,0.43931,2.4497,2.5471,1.6148,2.2657,4.1473,2.469,2.7047,4.9802,0.62199,1.9656,3.0959,1.5966,1.7479,3.3436,0.65888,3.0418,2.5559,0.57199,2.5175,2.573,2.9278,2.7353,5.9159,6.1193,2.8806,2.4989,4.6585,2.9774,0.3652,2.3516,2.3438,3.7288,1.0026,3.058,3.8112,1.4036,2.2622,3.5482,0.91772,3.0736,3.7217,2.3958,2.2376,3.8122,1.1864,1.8418,3.6549,2.4184,2.3425,4.5492,2.5307,2.6187,4.0009,1.2985,2.6691,4.3911,1.8724,1.9452,3.8863,1.107,2.7906,3.6242,2.4468,2.4632,5.0659,1.5319,2.5908,3.2794,2.1603,2.179,4.0821,0.79275,1.9079,3.404,2.369,2.3872,3.7483,2.3349,2.3898,3.7206,2.2221,1.9251,4.9263,2.633,2.2784,4.789,2.375,2.2619,3.8171,1.4132,1.6027,3.8478,2.4136,2.6979,4.9252,1.8771,1.9648,3.8828,0.79319,2.1626,4.0111,1.5992,1.8329,4.2379,2.4825,2.7082,4.9998,1.4735,2.3688,3.2761,5.9692,2.8869,2.2651,1.8509,1.7992,3.516,1.9747,2.9831,4.2631,2.0181,1.955,4.7743,1.117,2.5741,4.2882,1.8919,2.1772,4.8647,1.6098,1.7814,3.9651,1.6181,2.032,3.4045,1.0181,2.7556,3.5655,0.9529,2.7987,3.852,1.4226,2.4184,3.8999,1.0851,2.795,3.5945,1.8047,1.7701,4.0905,0.90776,2.4628,2.7597,1.9229,2.07,4.3907,0.084717,2.7777,2.8427,1.0948,1.9761,4.2598,0.97707,2.3137,3.0419,1.6294,2.3932,4.5873,0.9955,2.0727,2.865,0.73835,1.9934,2.7452,1.5961,1.7845,3.9675,0.90559,2.4582,2.7705,1.3623,1.5914,3.843,2.7845,2.5763,4.6397,1.1011,2.158,3.6277,1.114,2.7775,3.6458,1.995,1.9937,4.4861,1.0659,1.9694,4.2581,1.867,1.6382,3.4531,1.6654,2.4739,3.9878,2.1425,2.5342,4.9547,2.1537,2.4025,3.6891,1.2103,3.0644,3.4497,1.4587,1.4584,4.2212,0.64059,2.9908,3.6591,1.6364,1.7439,4.2271,0.74621,1.9952,2.7489,0.69037,2.2008,3.9464,2.6669,2.6014,4.5377,1.9969,2.1273,3.4387,1.3438,2.8965,3.4988,1.0979,2.2137,3.6476,2.5255,2.0114,4.4559,1.4803,1.7433,4.4318,1.5744,2.5713,3.5634,2.0695,2.292,4.0722,2.7254,2.3379,5.0202,0.43408,2.5411,2.955
1728.6,7.8459,136.69,1.3174,0.16039,3354.3,1.4884,1.8567,4.1221,1.2904,2.2415,4.2215,1.23,2.0021,4.2249,2.4805,2.6353,4.2923,0.85273,2.0738,4.2378,1.5103,2.4965,3.8814,2.9835,2.8225,5.7886,1.2262,2.0099,4.2362,1.7301,1.7178,4.2433,1.2882,2.2364,4.2464,0.8483,2.0984,4.1992,2.9575,2.8293,4.5233,5.6357,2.7513,1.4016,1.2459,2.8135,3.6254,0.96514,2.1598,3.0309,2.4949,2.0613,4.4491,1.4545,1.6806,3.9002,0.67902,2.5724,3.8816,2.007,1.7673,3.5044,1.0989,2.4188,3.1033,0.25013,2.2842,3.5225,1.7612,1.6691,3.3908,2.0477,2.8047,4.3702,1.777,1.6718,3.4086,1.4941,1.6624,3.9241,0.39498,2.1499,3.1966,2.0737,2.3852,4.3882,1.4799,1.6833,3.2087,0.83176,1.8882,2.7645,2.992,2.8327,5.8091,1.9871,1.7814,3.5061,1.0015,2.7399,2.8908,1.8241,2.5936,4.017,0.62532,1.8806,2.781,1.0721,2.4335,3.0622,1.8806,1.8998,4.4767,1.6706,1.6741,3.8973,0.54346,2.2062,3.8077,1.2164,2.4673,3.8111,0.98063,2.0945,3.2631,2.5775,2.3268,4.3141,2.0808,2.1951,4.7127,1.4889,1.6889,3.9336,1.8958,1.9274,4.4943,1.5141,2.202,3.2705,0.82141,2.1291,3.1847,2.4377,2.3682,4.3127,1.9981,2.5952,4.9311,1.9426,2.61,4.8775,2.5762,2.3194,4.3405,1.2859,2.4997,3.9337,1.6854,2.2224,4.3059,2.1451,3.0254,4.0828,0.51994,2.4538,2.4975,1.5214,2.0892,4.6001,2.1351,3.0456,4.0638,0.36086,2.3942,3.4087,1.6504,1.6191,4.0841,0.71398,2.0478,3.1132,2.2192,2.2612,4.6342,0.57544,2.587,2.9855,0.98438,2.0988,3.2774,0.25102,2.8932,2.0806,2.0087,2.0057,4.5981,2.5725,2.3274,4.322,2.6874,2.3138,5.2299,2.0882,2.7648,4.3952,1.1149,1.8725,3.9688,4.5685,2.9628,0.45817,0.88739,2.1381,3.0565,1.3319,2.0858,4.2863,1.0794,2.0924,3.5388,2.3062,2.7568,4.5735,1.7163,1.6119,4.1541,1.1868,2.5159,3.083,0.78303,2.4119,3.7897,2.0685,1.9215,3.7134,1.5989,2.462,3.4561,1.6502,2.531,3.591,1.6255,1.6662,4.2578,2.0417,2.766,4.5168,2.1139,2.7722,4.5791,3.3148,2.7676,6.0705,1.728,1.6156,4.1519,1.7218,2.0124,3.4476,2.1345,2.93,4.9207,1.1819,2.5461,3.0942,2.6584,2.4601,4.9957,1.0021,2.6023,4.0489,1.5964,2.4394,3.4509,1.1382,1.8253,4.0984,1.6577,1.6128,4.0787,1.7095,2.0145,3.4474,0.20837,2.9344,3.2699,2.9235,2.2792,4.5818,1.3382,1.9807,4.21,1.2759,2.6494,3.3653,1.4366,2.4402,3.3335,1.8342,1.9724,3.7155,1.9402,2.3638,4.0063,1.0856,2.2844,3.1903,2.5382,2.0309,5.1529,1.2397,2.6924,3.3207,1.4354,2.4505,3.3379,0.2318,2.9572,3.2744,0.68965,1.8304,2.8702,1.6882,2.0052,4.4419,1.4843,1.8491,4.1483,5.4946,2.9001,1.8283,0.83268,2.1359,2.789,1.0113,2.6147,4.0538,2.1859,2.5035,3.635,2.6611,2.4182,4.9915,2.8836,2.6901,4.5746,2.16,2.5112,4.5352,2.3379,2.0979,4.2033,0.77494,2.0086,3.3661,0.34837,2.4662,2.9041,0.61549,2.1477,3.7166,2.3783,2.4604,4.4381,0.79753,2.4612,2.8708,1.2586,1.5582,4.2993,1.678,2.0143,3.4774,6.2616,2.6876,2.0414,3.3206,2.9314,0.13611,0.73645,2.4228,2.8977,1.6495,1.635,4.073,1.499,1.8959,3.169,0.72373,2.455,2.8417,2.1704,2.3313,4.9394,1.1619,2.5641,3.0652,1.0396,2.003,3.5095,0.48845,1.9926,3.2773,1.7142,2.0133,3.4569,2.393,2.0713,4.1668,2.15,2.1752,5.0091,1.2966,1.7577,3.8288,0.70203,1.9968,2.7549,2.1497,2.1982,4.9943,2.3337,2.193,4.4925,1.5702,2.3206,3.9613,4.1534,2.9984,0.056881,1.9506,2.3554,3.9779,0.80044,1.9745,4.106,1.1979,2.6031,4.2454,3.5262,2.8319,6.0957,1.5506,1.6301,3.3048,0.30901,2.283,3.387,5.3175,2.9711,1.2149,0.55189,2.7678,3.272,1.2794,2.516,2.9826,2.1641,2.1296,4.9612,1.5055,2.0947,4.3834,1.5249,1.6363,3.3244,1.4307,2.9229,3.3789,0.46337,2.4545,2.7463,0.90412,2.4504,2.9774,0.2227,2.6208,3.3428,1.6392,2.2854,4.1714,0.47268,2.4556,2.7198,1.0414,2.1922,3.67,1.4006,1.8107,4.2757,0.33207,2.3003,3.4292,1.5107,1.6182,3.2932,0.44847,2.4473,2.7396,3.0095,2.849,5.9456,1.9874,2.574,4.0179,1.9807,2.1744,4.5789,2.6002,2.7552,5.2435,1.88,1.9693,3.8888,1.3087,1.7965,3.7049,2.1504,2.1465,4.9588,1.3826,2.615,4.0136,0.90154,3.0958,2.7252,4.6736,2.9638,0.40227,1.2478,2.6802,4.3104,1.9273,1.9698,3.9372,1.253,2.6428,2.8796,0.35717,2.7516,2.9736,0.96525,2.879,4.1643,0.57246,2.5371,2.5604,0.68876,1.9758,2.9722,0.60559,2.392,3.466,1.5733,2.168,4.2205,1.2937,2.6975,4.3884,0.60628,1.967,3.0983,1.9662,1.896,3.8126,1.186,1.861,3.6697,2.4328,2.7065,4.9177,1.3851,1.5019,4.1476,1.3931,2.152,3.1791,0.64265,1.9611,3.1034,0.43788,2.4497,2.5456,1.615,2.2666,4.1487,2.4692,2.7035,4.9796,0.6209,1.9666,3.0944,1.5987,1.7497,3.3447,0.66831,3.0419,2.5641,0.57166,2.5175,2.572,2.9299,2.7347,5.9186,6.1163,2.8817,2.497,4.658,2.9767,0.3636,2.3518,2.3397,3.7269,1.007,3.0564,3.8175,1.4013,2.2628,3.5471,0.92246,3.0734,3.7281,2.3978,2.2376,3.8126,1.186,1.8412,3.6557,2.4183,2.3429,4.5489,2.5278,2.6186,3.9997,1.301,2.6684,4.3945,1.8712,1.9435,3.8851,1.1058,2.7903,3.6225,2.4467,2.462,5.0641,1.5271,2.589,3.2786,2.1599,2.1787,4.0809,0.79311,1.9082,3.406,2.3704,2.3859,3.748,2.334,2.3885,3.7184,2.2245,1.9277,4.9281,2.6324,2.2776,4.7889,2.3758,2.2636,3.8178,1.4153,1.6038,3.8487,2.4107,2.6962,4.9214,1.8763,1.9645,3.8812,0.79418,2.1639,4.0145,1.5991,1.8325,4.2365,2.4835,2.7073,5.0004,1.4752,2.3677,3.277,5.9729,2.8873,2.2698,1.8502,1.799,3.5186,1.9744,2.9803,4.2604,2.0184,1.9553,4.7755,1.1183,2.574,4.2894,1.8927,2.1788,4.8646,1.6096,1.7796,3.965,1.619,2.0333,3.4052,1.0184,2.7543,3.5658,0.95559,2.7965,3.8546,1.4256,2.42,3.9038,1.0829,2.7948,3.5913,1.8025,1.768,4.0903,0.90745,2.4631,2.7588,1.9238,2.0701,4.3913,0.086383,2.7764,2.8438,1.0955,1.9768,4.2599,0.97875,2.3122,3.044,1.6293,2.3931,4.5877,0.99664,2.0714,2.8671,0.73815,1.9927,2.7456,1.595,1.7828,3.9675,0.90514,2.4582,2.7704,1.361,1.5916,3.8434,2.7854,2.5752,4.6399,1.1021,2.1595,3.6276,1.1139,2.7757,3.646,1.9962,1.9938,4.4865,1.0648,1.9695,4.2582,1.8678,1.6373,3.4532,1.6656,2.4736,3.987,2.1447,2.5331,4.9569,2.1538,2.4041,3.688,1.2143,3.0637,3.4542,1.4596,1.4579,4.2204,0.64121,2.9902,3.6613,1.6373,1.7429,4.2266,0.74647,1.9948,2.7495,0.69022,2.2014,3.9463,2.6657,2.6013,4.5379,1.9971,2.127,3.4385,1.3419,2.8946,3.4968,1.0988,2.2149,3.6483,2.5253,2.0121,4.4552,1.4796,1.7437,4.4324,1.5726,2.5703,3.5626,2.0699,2.2924,4.0722,2.7264,2.3359,5.0206,0.4332,2.5418,2.955
1728.6,7.8459,136.69,1.3174,0.1693,3368.3,1.486,1.8576,4.1186,1.2913,2.2425,4.2216,1.2302,2.0028,4.2247,2.4796,2.6337,4.2917,0.8523,2.0744,4.2392,1.5095,2.4975,3.8804,2.9821,2.8215,5.7871,1.2261,2.0109,4.2365,1.7288,1.7176,4.2428,1.2888,2.237,4.248,0.8478,2.1006,4.1985,2.9614,2.8289,4.5244,5.6314,2.7494,1.3977,1.2467,2.8116,3.6258,0.96532,2.1605,3.0314,2.4956,2.0621,4.4495,1.4535,1.6806,3.9002,0.6797,2.5729,3.8807,2.0069,1.7676,3.5064,1.1003,2.417,3.1062,0.24845,2.2842,3.5196,1.7596,1.6688,3.391,2.0421,2.8031,4.3657,1.7764,1.672,3.4097,1.4949,1.6614,3.9251,0.39473,2.1509,3.1959,2.0766,2.3872,4.3885,1.4802,1.6845,3.2092,0.8317,1.889,2.7641,2.9909,2.8323,5.8089,1.986,1.7827,3.508,1.0007,2.7417,2.8905,1.8248,2.5941,4.0182,0.62499,1.8812,2.78,1.0718,2.4327,3.0626,1.8796,1.8986,4.4758,1.6701,1.6725,3.8975,0.54594,2.2064,3.8119,1.2172,2.4705,3.8119,0.97868,2.0969,3.2622,2.58,2.3288,4.3162,2.0821,2.1982,4.7152,1.4896,1.6896,3.935,1.8958,1.9278,4.4944,1.5156,2.2039,3.2705,0.82097,2.1321,3.1845,2.4393,2.3683,4.3131,2.0015,2.5954,4.9336,1.943,2.6114,4.8774,2.5786,2.3209,4.3443,1.2856,2.5009,3.9327,1.6853,2.2218,4.3069,2.1488,3.0231,4.0861,0.52062,2.4531,2.4984,1.5199,2.0913,4.5996,2.1372,3.0442,4.0649,0.35866,2.3953,3.4065,1.6498,1.6183,4.0842,0.71406,2.0493,3.114,2.2177,2.2625,4.6333,0.57232,2.5851,2.985,0.98264,2.1009,3.2776,0.2573,2.8932,2.0859,2.0097,2.007,4.5987,2.5745,2.3292,4.3243,2.6875,2.3124,5.2316,2.0858,2.7613,4.3928,1.1172,1.8735,3.9705,4.5662,2.9605,0.45607,0.88726,2.1393,3.0568,1.3334,2.085,4.2875,1.0806,2.0925,3.5413,2.3055,2.757,4.5724,1.7172,1.6124,4.1539,1.1893,2.5136,3.0839,0.78496,2.4114,3.7907,2.0694,1.9208,3.7117,1.5989,2.4635,3.4552,1.6494,2.5316,3.5899,1.6234,1.6652,4.2583,2.0375,2.7628,4.5125,2.1135,2.7695,4.578,3.3134,2.7666,6.0688,1.7299,1.6163,4.1513,1.723,2.0123,3.4472,2.1342,2.9293,4.9201,1.184,2.5456,3.0955,2.6594,2.4607,4.9956,1.0009,2.6023,4.048,1.596,2.4397,3.4498,1.1354,1.8268,4.0982,1.6577,1.6118,4.0784,1.71,2.0147,3.447,0.20387,2.9335,3.2662,2.9268,2.2785,4.5833,1.3395,1.9821,4.2104,1.2775,2.6473,3.3681,1.4349,2.4394,3.333,1.8337,1.9711,3.7147,1.9397,2.3659,4.0075,1.0846,2.2843,3.1903,2.5378,2.0297,5.1527,1.2395,2.6926,3.3213,1.4336,2.45,3.3378,0.22738,2.9578,3.2698,0.69028,1.8317,2.8676,1.6872,2.0032,4.4431,1.4852,1.8478,4.1501,5.4922,2.9001,1.8273,0.83353,2.1367,2.7898,1.0104,2.6155,4.053,2.1885,2.5027,3.6361,2.6629,2.4167,4.9918,2.8891,2.6889,4.5784,2.1598,2.5101,4.5351,2.3373,2.0976,4.204,0.77548,2.0098,3.367,0.34951,2.4658,2.9054,0.61609,2.1481,3.7168,2.378,2.4577,4.4386,0.80083,2.461,2.8723,1.2591,1.5567,4.2998,1.6765,2.0146,3.4789,6.2424,2.6875,2.0404,3.3269,2.9307,0.12125,0.73567,2.4203,2.9006,1.6489,1.6349,4.0721,1.4994,1.8977,3.1682,0.72227,2.4543,2.8414,2.1704,2.3303,4.9383,1.1628,2.5647,3.0648,1.0419,2.0053,3.5099,0.48522,1.9933,3.2789,1.7148,2.0136,3.4572,2.3937,2.0708,4.1652,2.1506,2.1763,5.0109,1.297,1.7577,3.8306,0.70321,1.9979,2.7549,2.1501,2.2004,4.9948,2.3349,2.1936,4.4947,1.5704,2.3225,3.9612,4.1518,2.9975,0.053337,1.9503,2.3567,3.9768,0.79812,1.975,4.1052,1.1995,2.6053,4.2474,3.527,2.8307,6.0971,1.5519,1.631,3.3061,0.30773,2.2823,3.3852,5.3267,2.9696,1.2214,0.55113,2.7669,3.2728,1.2802,2.5167,2.9828,2.1658,2.1282,4.9601,1.5075,2.0941,4.3857,1.5248,1.637,3.3267,1.434,2.9225,3.3797,0.46427,2.4548,2.7484,0.90293,2.4502,2.9763,0.2224,2.621,3.3424,1.6408,2.2869,4.1742,0.47415,2.4561,2.7205,1.0408,2.1937,3.6704,1.401,1.8106,4.2746,0.33235,2.3005,3.4303,1.5098,1.6181,3.2936,0.44863,2.4472,2.7414,3.0119,2.8476,5.9492,1.9862,2.5727,4.0169,1.9814,2.174,4.5785,2.598,2.754,5.2416,1.8793,1.9689,3.8876,1.3096,1.7947,3.7061,2.1509,2.1459,4.9573,1.3815,2.6125,4.0139,0.88369,3.0965,2.7063,4.6732,2.9622,0.40215,1.2475,2.6801,4.3092,1.9285,1.9702,3.9402,1.2534,2.6435,2.8806,0.35758,2.75,2.9756,0.96729,2.8782,4.1666,0.57227,2.5383,2.5588,0.68803,1.9784,2.9711,0.60894,2.3917,3.4681,1.5738,2.1672,4.2199,1.2961,2.6985,4.3918,0.6045,1.9681,3.0971,1.9653,1.8955,3.812,1.1856,1.8618,3.6712,2.4308,2.7053,4.9133,1.3859,1.5005,4.1457,1.3933,2.1513,3.1794,0.64303,1.9619,3.1026,0.43644,2.4497,2.5441,1.6153,2.2675,4.1501,2.4695,2.7023,4.9789,0.6198,1.9675,3.0929,1.6009,1.7514,3.3459,0.67779,3.0421,2.5723,0.57128,2.5175,2.5709,2.932,2.7342,5.9213,6.1132,2.8828,2.4951,4.6576,2.9762,0.36209,2.3521,2.3355,3.725,1.011,3.0549,3.8233,1.3989,2.2634,3.5461,0.92711,3.0731,3.7344,2.3999,2.2377,3.8132,1.1856,1.8407,3.6564,2.4181,2.3433,4.5485,2.5249,2.6184,3.9985,1.3034,2.6677,4.3978,1.8699,1.9418,3.8838,1.1045,2.79,3.6208,2.4466,2.4607,5.0623,1.5223,2.5873,3.2778,2.1596,2.1783,4.0797,0.79347,1.9085,3.4079,2.3718,2.3846,3.7476,2.3331,2.3871,3.7162,2.2269,1.9302,4.9298,2.6318,2.2768,4.7889,2.3765,2.2653,3.8184,1.4174,1.6049,3.8496,2.4079,2.6945,4.9177,1.8755,1.9641,3.8796,0.79518,2.1652,4.0178,1.5989,1.8321,4.2351,2.4846,2.7064,5.0011,1.4768,2.3665,3.2779,5.9766,2.8877,2.2745,1.8496,1.7987,3.5211,1.9741,2.9775,4.2577,2.0186,1.9557,4.7767,1.1197,2.5738,4.2906,1.8935,2.1805,4.8646,1.6095,1.7778,3.9649,1.6198,2.0347,3.4058,1.0187,2.753,3.566,0.95826,2.7942,3.8572,1.4285,2.4214,3.9077,1.0807,2.7945,3.588,1.8002,1.7658,4.0901,0.90712,2.4635,2.758,1.9248,2.0702,4.3918,0.088096,2.775,2.8449,1.0962,1.9775,4.26,0.98041,2.3107,3.0461,1.6292,2.393,4.5881,0.9978,2.0701,2.8691,0.73796,1.992,2.746,1.5939,1.7812,3.9674,0.90468,2.4582,2.7704,1.3597,1.5917,3.8438,2.7863,2.5741,4.6402,1.1032,2.161,3.6276,1.1138,2.7739,3.6463,1.9975,1.9939,4.4869,1.0638,1.9695,4.2584,1.8686,1.6363,3.4534,1.6658,2.4733,3.9862,2.147,2.5319,4.9591,2.154,2.4057,3.6869,1.2184,3.0631,3.4588,1.4605,1.4574,4.2197,0.64171,2.9896,3.6633,1.6383,1.7418,4.2261,0.74674,1.9943,2.7502,0.69004,2.202,3.9461,2.6644,2.6011,4.5381,1.9974,2.1265,3.4382,1.34,2.8927,3.4948,1.0996,2.2161,3.6489,2.5251,2.0129,4.4546,1.4789,1.7441,4.4329,1.5708,2.5693,3.5618,2.0704,2.2928,4.0722,2.7274,2.334,5.021,0.43228,2.5425,2.9549
1728.6,7.8459,136.69,1.3174,0.17821,3375.9,1.4836,1.8585,4.1151,1.2921,2.2435,4.2216,1.2304,2.0035,4.2246,2.4788,2.6321,4.2912,0.85186,2.075,4.2406,1.5086,2.4985,3.8794,2.9807,2.8203,5.7855,1.226,2.0118,4.2369,1.7275,1.7174,4.2423,1.2895,2.2376,4.2495,0.84731,2.1028,4.1978,2.9653,2.8284,4.5254,5.6271,2.7474,1.3938,1.2474,2.8096,3.6263,0.96548,2.1612,3.0319,2.4962,2.0629,4.4498,1.4526,1.6806,3.9001,0.68032,2.5736,3.8797,2.0068,1.7678,3.5083,1.1016,2.4152,3.1092,0.24675,2.2841,3.5167,1.758,1.6684,3.3912,2.0365,2.8016,4.3611,1.7758,1.6722,3.4109,1.4957,1.6604,3.9261,0.39446,2.1519,3.1952,2.0795,2.3893,4.3888,1.4804,1.6857,3.2097,0.83164,1.8898,2.7637,2.9898,2.832,5.8087,1.9849,1.7841,3.51,0.99976,2.7435,2.8902,1.8256,2.5948,4.0195,0.62466,1.8818,2.7791,1.0715,2.432,3.0629,1.8785,1.8975,4.4748,1.6695,1.6709,3.8977,0.54847,2.2066,3.8161,1.2179,2.4736,3.8126,0.97668,2.0994,3.2613,2.5825,2.3307,4.3183,2.0836,2.2012,4.7178,1.4902,1.6903,3.9363,1.8958,1.9282,4.4945,1.5171,2.2057,3.2705,0.8205,2.135,3.1842,2.4409,2.3685,4.3135,2.0049,2.5957,4.9361,1.9434,2.6128,4.8774,2.5811,2.3225,4.3481,1.2854,2.5021,3.9315,1.6853,2.2211,4.3079,2.1525,3.0209,4.0893,0.52124,2.4524,2.4991,1.5184,2.0933,4.5991,2.1393,3.0428,4.0658,0.35645,2.3965,3.4044,1.6491,1.6175,4.0843,0.71412,2.0508,3.1147,2.2161,2.2637,4.6325,0.56919,2.5831,2.9844,0.98087,2.1029,3.2779,0.26352,2.8933,2.0911,2.0106,2.0082,4.5993,2.5765,2.3311,4.3267,2.6875,2.3111,5.2332,2.0836,2.7578,4.3906,1.1196,1.8744,3.9723,4.5639,2.9583,0.45402,0.88712,2.1404,3.0571,1.3349,2.0842,4.2886,1.0818,2.0926,3.5438,2.3048,2.7572,4.5713,1.718,1.6129,4.1536,1.1918,2.5113,3.0848,0.78689,2.411,3.7916,2.0702,1.9202,3.71,1.5989,2.4649,3.4544,1.6486,2.5322,3.5888,1.6212,1.6642,4.2588,2.0332,2.7595,4.5083,2.1132,2.7667,4.577,3.312,2.7657,6.0672,1.7317,1.617,4.1507,1.7241,2.0122,3.4467,2.1339,2.9287,4.9194,1.186,2.5451,3.0968,2.6605,2.4614,4.9954,0.99966,2.6022,4.0471,1.5957,2.4399,3.4487,1.1326,1.8283,4.098,1.6576,1.6109,4.078,1.7105,2.0149,3.4466,0.19945,2.9327,3.2626,2.9301,2.2777,4.5849,1.3408,1.9835,4.2109,1.2791,2.6452,3.371,1.4332,2.4386,3.3325,1.8331,1.9698,3.714,1.9393,2.368,4.0086,1.0837,2.2842,3.1903,2.5375,2.0286,5.1525,1.2393,2.6929,3.3219,1.4319,2.4496,3.3377,0.2229,2.9583,3.2652,0.69091,1.8331,2.8651,1.6862,2.0012,4.4442,1.4862,1.8466,4.1518,5.4899,2.9001,1.8263,0.83439,2.1374,2.7905,1.0096,2.6164,4.0521,2.1912,2.502,3.6372,2.6648,2.4151,4.9921,2.8945,2.6876,4.5822,2.1595,2.5091,4.5349,2.3366,2.0973,4.2046,0.776,2.0109,3.368,0.35062,2.4654,2.9066,0.61669,2.1485,3.717,2.3777,2.4551,4.4391,0.80415,2.4607,2.8739,1.2596,1.5552,4.3003,1.675,2.0148,3.4805,6.2703,2.6874,2.0394,3.333,2.9301,0.057236,0.73482,2.4178,2.9036,1.6482,1.6347,4.0712,1.4997,1.8996,3.1674,0.72075,2.4536,2.8411,2.1705,2.3293,4.9372,1.1638,2.5653,3.0643,1.0442,2.0075,3.5103,0.48193,1.994,3.2805,1.7155,2.0138,3.4574,2.3944,2.0704,4.1636,2.1511,2.1774,5.0127,1.2975,1.7576,3.8323,0.7044,1.999,2.755,2.1504,2.2026,4.9953,2.3361,2.1942,4.497,1.5707,2.3245,3.9611,4.1503,2.9965,0.049823,1.9501,2.3581,3.9758,0.79578,1.9754,4.1045,1.2011,2.6076,4.2494,3.5278,2.8294,6.0986,1.5531,1.6319,3.3074,0.30644,2.2816,3.3834,5.3357,2.968,1.2278,0.55031,2.7659,3.2736,1.281,2.5174,2.9831,2.1676,2.1268,4.9591,1.5095,2.0935,4.388,1.5247,1.6376,3.3291,1.4372,2.9222,3.3805,0.46517,2.455,2.7506,0.90175,2.45,2.9752,0.22206,2.6213,3.342,1.6423,2.2883,4.1771,0.47559,2.4566,2.7213,1.0401,2.1952,3.6708,1.4014,1.8105,4.2735,0.33262,2.3007,3.4314,1.5089,1.618,3.2941,0.44878,2.4471,2.7431,3.0142,2.8463,5.9527,1.9851,2.5713,4.0159,1.9821,2.1736,4.5781,2.5958,2.7529,5.2395,1.8785,1.9686,3.8865,1.3105,1.7929,3.7073,2.1514,2.1452,4.9557,1.3803,2.61,4.0142,0.86499,3.0972,2.6866,4.673,2.9607,0.4021,1.2472,2.68,4.3081,1.9297,1.9706,3.9432,1.2539,2.6442,2.8816,0.35798,2.7484,2.9776,0.96938,2.8773,4.169,0.57204,2.5394,2.5572,0.68728,1.9809,2.97,0.61228,2.3914,3.4702,1.5743,2.1662,4.2193,1.2985,2.6996,4.3952,0.60272,1.9691,3.096,1.9644,1.895,3.8115,1.1851,1.8625,3.6727,2.4288,2.704,4.9089,1.3867,1.4991,4.1437,1.3935,2.1507,3.1796,0.64341,1.9627,3.1019,0.43498,2.4497,2.5425,1.6155,2.2685,4.1516,2.4697,2.7012,4.9783,0.61869,1.9684,3.0913,1.603,1.753,3.3471,0.68734,3.0423,2.5806,0.57084,2.5175,2.5697,2.9342,2.7337,5.924,6.1102,2.8839,2.4933,4.6573,2.9756,0.36065,2.3524,2.3314,3.7231,1.0146,3.0533,3.8288,1.3966,2.264,3.545,0.93169,3.0729,3.7406,2.4019,2.2378,3.8138,1.1852,1.8401,3.6572,2.418,2.3437,4.5482,2.5221,2.6183,3.9973,1.3058,2.667,4.4012,1.8687,1.94,3.8826,1.1031,2.7898,3.619,2.4466,2.4595,5.0606,1.5175,2.5856,3.277,2.1592,2.178,4.0785,0.79382,1.9088,3.4099,2.3732,2.3833,3.7473,2.3323,2.3857,3.714,2.2293,1.9327,4.9315,2.6313,2.2761,4.7889,2.3773,2.267,3.8191,1.4194,1.606,3.8504,2.4052,2.6927,4.914,1.8748,1.9637,3.878,0.7962,2.1665,4.0212,1.5987,1.8317,4.2336,2.4858,2.7056,5.0017,1.4784,2.3654,3.2787,5.9804,2.8881,2.2792,1.849,1.7984,3.5236,1.9739,2.9747,4.2551,2.0188,1.956,4.7778,1.121,2.5737,4.2918,1.8943,2.1821,4.8644,1.6093,1.776,3.9648,1.6207,2.036,3.4065,1.0189,2.7517,3.5663,0.96089,2.792,3.8597,1.4315,2.4229,3.9116,1.0785,2.7943,3.5848,1.7979,1.7637,4.0899,0.90679,2.464,2.7571,1.9258,2.0703,4.3923,0.089842,2.7736,2.8461,1.0968,1.9781,4.2602,0.98203,2.3093,3.0482,1.6292,2.3928,4.5886,0.99896,2.0687,2.8712,0.73779,1.9914,2.7465,1.5928,1.7795,3.9674,0.90422,2.4583,2.7703,1.3584,1.5919,3.8443,2.7872,2.573,4.6404,1.1042,2.1626,3.6275,1.1136,2.7721,3.6465,1.9988,1.9939,4.4872,1.0627,1.9695,4.2586,1.8694,1.6353,3.4535,1.666,2.473,3.9855,2.1493,2.5308,4.9614,2.1542,2.4073,3.6858,1.2227,3.0624,3.4635,1.4614,1.4569,4.219,0.6421,2.9889,3.6653,1.6393,1.7407,4.2256,0.74703,1.9938,2.7508,0.68983,2.2027,3.9459,2.6632,2.6009,4.5383,1.9976,2.1261,3.4379,1.3382,2.8907,3.4929,1.1004,2.2173,3.6496,2.5248,2.0136,4.4539,1.4782,1.7446,4.4334,1.5691,2.5683,3.5611,2.0708,2.2933,4.0721,2.7285,2.3321,5.0214,0.43132,2.5432,2.9548
1728.6,7.8459,136.69,1.3174,0.18712,3378.9,1.481,1.8593,4.1115,1.293,2.2444,4.2216,1.2307,2.0041,4.2246,2.478,2.6306,4.2907,0.85141,2.0755,4.242,1.5077,2.4995,3.8785,2.9793,2.8192,5.784,1.226,2.0127,4.2373,1.7262,1.7171,4.2418,1.2901,2.2381,4.251,0.84683,2.105,4.1972,2.9691,2.8279,4.5263,5.6229,2.7455,1.39,1.2482,2.8077,3.6268,0.96564,2.162,3.0324,2.497,2.0637,4.4502,1.4517,1.6806,3.9001,0.68089,2.5742,3.8787,2.0067,1.7681,3.5102,1.1029,2.4134,3.1121,0.24502,2.2841,3.5138,1.7565,1.668,3.3913,2.031,2.7999,4.3566,1.7752,1.6723,3.4121,1.4965,1.6594,3.9271,0.39417,2.1529,3.1944,2.0825,2.3913,4.3892,1.4807,1.687,3.2102,0.83158,1.8906,2.7633,2.9888,2.8317,5.8086,1.9838,1.7855,3.5119,0.99879,2.7454,2.8897,1.8264,2.5954,4.0208,0.62433,1.8823,2.7782,1.0711,2.4312,3.0633,1.8775,1.8963,4.4738,1.669,1.6694,3.8978,0.55103,2.2067,3.8203,1.2186,2.4767,3.8133,0.97463,2.1018,3.2604,2.5851,2.3326,4.3205,2.0851,2.2043,4.7205,1.4909,1.691,3.9376,1.8958,1.9286,4.4946,1.5186,2.2075,3.2705,0.81999,2.138,3.1839,2.4424,2.3686,4.314,2.0084,2.5961,4.9385,1.9439,2.6142,4.8774,2.5836,2.3242,4.3521,1.2851,2.5034,3.9304,1.6853,2.2205,4.3089,2.1561,3.0187,4.0925,0.52181,2.4518,2.4998,1.5169,2.0954,4.5986,2.1414,3.0414,4.0667,0.35422,2.3975,3.4022,1.6485,1.6167,4.0844,0.71417,2.0522,3.1155,2.2146,2.265,4.6316,0.56602,2.5812,2.9839,0.97905,2.1048,3.2782,0.26971,2.8934,2.0964,2.0115,2.0094,4.5999,2.5785,2.333,4.3291,2.6875,2.3098,5.2349,2.0815,2.7543,4.3884,1.1219,1.8753,3.9741,4.5617,2.9561,0.45203,0.88698,2.1416,3.0575,1.3364,2.0834,4.2898,1.083,2.0926,3.5462,2.3042,2.7573,4.5701,1.7188,1.6134,4.1533,1.1942,2.5091,3.0857,0.78881,2.4106,3.7925,2.0711,1.9195,3.7083,1.5989,2.4663,3.4535,1.6478,2.5327,3.5877,1.619,1.6633,4.2593,2.029,2.7562,4.5042,2.1128,2.764,4.576,3.3107,2.7648,6.0657,1.7335,1.6176,4.1502,1.7251,2.0121,3.4462,2.1336,2.928,4.9188,1.1881,2.5446,3.0981,2.6615,2.462,4.9952,0.99843,2.6021,4.0462,1.5953,2.4402,3.4475,1.1299,1.8298,4.0979,1.6575,1.61,4.0776,1.711,2.015,3.4462,0.19511,2.9319,3.259,2.9334,2.2769,4.5864,1.3421,1.9848,4.2114,1.2808,2.6431,3.3738,1.4315,2.4378,3.332,1.8326,1.9684,3.7132,1.9389,2.3702,4.0098,1.0828,2.2841,3.1903,2.5371,2.0274,5.1522,1.2392,2.6932,3.3224,1.4301,2.4492,3.3376,0.21838,2.9588,3.2606,0.69154,1.8344,2.8625,1.6852,1.9993,4.4454,1.4871,1.8453,4.1536,5.4876,2.9001,1.8254,0.83525,2.1382,2.7913,1.0087,2.6173,4.0512,2.194,2.5012,3.6384,2.6667,2.4137,4.9925,2.9,2.6863,4.586,2.1594,2.5081,4.5348,2.336,2.0969,4.2053,0.77653,2.0121,3.369,0.3517,2.465,2.9078,0.61728,2.1489,3.7173,2.3774,2.4525,4.4396,0.80748,2.4605,2.8754,1.2601,1.5537,4.3008,1.6733,2.015,3.482,0.079837,2.6874,2.0384,3.339,2.9293,0.032895,0.7339,2.4154,2.9065,1.6476,1.6346,4.0703,1.5,1.9014,3.1666,0.71919,2.453,2.8407,2.1705,2.3283,4.9362,1.1647,2.5661,3.0638,1.0465,2.0097,3.5108,0.47859,1.9947,3.2822,1.7161,2.0141,3.4577,2.3952,2.07,4.1621,2.1516,2.1784,5.0145,1.298,1.7575,3.8341,0.70558,2.0,2.755,2.1508,2.2048,4.9958,2.3374,2.1947,4.4992,1.5709,2.3264,3.961,4.1489,2.9956,0.04633,1.9498,2.3595,3.9748,0.79345,1.9758,4.1037,1.2028,2.6099,4.2513,3.5286,2.8281,6.1,1.5544,1.6328,3.3087,0.30513,2.281,3.3815,5.3446,2.9663,1.234,0.54944,2.7649,3.2744,1.2818,2.5182,2.9832,2.1694,2.1254,4.9581,1.5114,2.0927,4.3903,1.5247,1.6381,3.3315,1.4404,2.9219,3.3813,0.46607,2.4553,2.7528,0.90061,2.4499,2.974,0.22169,2.6215,3.3415,1.6437,2.2897,4.1799,0.477,2.4571,2.7221,1.0393,2.1966,3.6712,1.4018,1.8104,4.2725,0.33289,2.301,3.4324,1.508,1.6179,3.2946,0.44893,2.447,2.7449,3.0165,2.845,5.9563,1.9839,2.5699,4.0149,1.9827,2.1732,4.5777,2.5936,2.7517,5.2375,1.8777,1.9682,3.8853,1.3114,1.7911,3.7086,2.1519,2.1446,4.9542,1.3793,2.6076,4.0146,0.84542,3.098,2.6661,4.6727,2.9592,0.40212,1.2469,2.6799,4.3069,1.931,1.971,3.9461,1.2544,2.645,2.8826,0.35838,2.7467,2.9796,0.97152,2.8764,4.1714,0.57177,2.5406,2.5557,0.68651,1.9834,2.969,0.61559,2.391,3.4724,1.5748,2.1652,4.2187,1.3008,2.7006,4.3985,0.60095,1.9701,3.0948,1.9635,1.8945,3.811,1.1846,1.8631,3.6742,2.4269,2.7027,4.9045,1.3876,1.4977,4.1417,1.3936,2.1499,3.1799,0.64381,1.9635,3.1011,0.43353,2.4497,2.541,1.6158,2.2694,4.153,2.47,2.7,4.9777,0.61756,1.9693,3.0898,1.6052,1.7547,3.3483,0.69696,3.0424,2.5889,0.57035,2.5175,2.5684,2.9364,2.7332,5.9268,6.1073,2.885,2.4915,4.6571,2.9751,0.35931,2.3527,2.3273,3.7212,1.0178,3.0518,3.834,1.3943,2.2645,3.544,0.93621,3.0726,3.7468,2.404,2.2379,3.8144,1.1848,1.8396,3.658,2.4179,2.3442,4.5478,2.5193,2.6182,3.9962,1.3082,2.6664,4.4045,1.8674,1.9382,3.8813,1.1017,2.7895,3.6172,2.4466,2.4583,5.0589,1.5126,2.5839,3.2762,2.1588,2.1776,4.0773,0.79415,1.9091,3.4118,2.3746,2.382,3.7469,2.3314,2.3843,3.7118,2.2317,1.9353,4.9332,2.6308,2.2753,4.7889,2.3781,2.2688,3.8199,1.4215,1.6071,3.8513,2.4025,2.6909,4.9104,1.874,1.9632,3.8765,0.79723,2.1678,4.0245,1.5986,1.8312,4.2322,2.4869,2.7048,5.0023,1.4801,2.3644,3.2795,5.9842,2.8885,2.2841,1.8485,1.7981,3.5262,1.9736,2.9719,4.2525,2.0191,1.9563,4.779,1.1223,2.5736,4.2931,1.8951,2.1836,4.8643,1.6092,1.7742,3.9647,1.6216,2.0373,3.4071,1.0192,2.7504,3.5664,0.96347,2.7898,3.8622,1.4346,2.4243,3.9156,1.0763,2.794,3.5816,1.7956,1.7615,4.0898,0.90645,2.4645,2.7562,1.9268,2.0704,4.3928,0.091609,2.7722,2.8473,1.0975,1.9786,4.2603,0.98362,2.3079,3.0504,1.6292,2.3927,4.5891,1.0001,2.0673,2.8733,0.73763,1.9907,2.747,1.5918,1.7778,3.9674,0.90376,2.4584,2.7702,1.357,1.592,3.8448,2.7881,2.572,4.6407,1.1052,2.1641,3.6274,1.1135,2.7703,3.6468,2.0001,1.9939,4.4876,1.0617,1.9695,4.2588,1.8702,1.6343,3.4536,1.6662,2.4727,3.9847,2.1516,2.5298,4.9637,2.1544,2.409,3.6848,1.2272,3.0618,3.4684,1.4623,1.4565,4.2182,0.64238,2.9883,3.6671,1.6403,1.7396,4.2251,0.74732,1.9933,2.7515,0.68959,2.2033,3.9457,2.662,2.6008,4.5386,1.9979,2.1256,3.4375,1.3364,2.8887,3.491,1.1012,2.2184,3.6502,2.5246,2.0142,4.4533,1.4774,1.7451,4.4339,1.5674,2.5674,3.5604,2.0712,2.2938,4.072,2.7296,2.3303,5.0219,0.43034,2.5439,2.9548
1728.6,7.8459,136.69,1.3174,0.19603,3377.8,1.4785,1.8601,4.1079,1.2939,2.2454,4.2217,1.231,2.0046,4.2245,2.4772,2.629,4.2903,0.85094,2.076,4.2433,1.5068,2.5006,3.8775,2.9778,2.8181,5.7825,1.2259,2.0136,4.2378,1.7249,1.7168,4.2414,1.2908,2.2387,4.2525,0.84637,2.1072,4.1965,2.9728,2.8274,4.5273,5.6187,2.7434,1.3862,1.2489,2.8058,3.6273,0.96578,2.1627,3.0329,2.4977,2.0645,4.4505,1.4508,1.6805,3.9,0.68142,2.5749,3.8777,2.0065,1.7683,3.512,1.1041,2.4117,3.1149,0.24327,2.284,3.5109,1.7549,1.6676,3.3915,2.0255,2.7983,4.3521,1.7746,1.6725,3.4133,1.4974,1.6583,3.928,0.39385,2.1538,3.1936,2.0856,2.3933,4.3895,1.481,1.6883,3.2107,0.83151,1.8914,2.763,2.9877,2.8313,5.8085,1.9827,1.7869,3.5138,0.99777,2.7473,2.8892,1.8273,2.5961,4.0222,0.62401,1.8828,2.7772,1.0708,2.4304,3.0636,1.8764,1.895,4.4728,1.6685,1.6679,3.898,0.55364,2.2069,3.8246,1.2192,2.4798,3.8139,0.97253,2.1043,3.2595,2.5877,2.3345,4.3227,2.0866,2.2073,4.7231,1.4917,1.6917,3.9389,1.8959,1.9289,4.4947,1.5201,2.2093,3.2704,0.81945,2.1409,3.1835,2.4441,2.3688,4.3144,2.0119,2.5965,4.941,1.9443,2.6156,4.8774,2.5861,2.3259,4.3561,1.2848,2.5047,3.9293,1.6852,2.2198,4.3099,2.1598,3.0164,4.0956,0.52234,2.4513,2.5004,1.5154,2.0975,4.5981,2.1434,3.04,4.0675,0.35197,2.3986,3.4,1.6478,1.616,4.0845,0.7142,2.0537,3.1162,2.2131,2.2662,4.6307,0.56285,2.5792,2.9834,0.9772,2.1068,3.2785,0.27584,2.8935,2.1015,2.0124,2.0106,4.6005,2.5805,2.3349,4.3315,2.6874,2.3085,5.2366,2.0795,2.7508,4.3864,1.1243,1.8762,3.9759,4.5595,2.9539,0.45007,0.88683,2.1428,3.0578,1.3379,2.0827,4.291,1.0842,2.0927,3.5487,2.3035,2.7575,4.569,1.7197,1.6139,4.153,1.1967,2.5069,3.0866,0.79072,2.4103,3.7934,2.0719,1.9188,3.7066,1.5989,2.4677,3.4526,1.6469,2.5333,3.5867,1.6168,1.6624,4.2598,2.0249,2.7528,4.5001,2.1125,2.7612,4.575,3.3094,2.7639,6.0642,1.7354,1.6182,4.1496,1.7262,2.012,3.4457,2.1333,2.9273,4.9182,1.1902,2.5442,3.0994,2.6626,2.4626,4.995,0.9972,2.602,4.0452,1.595,2.4405,3.4463,1.1272,1.8313,4.0977,1.6574,1.6091,4.0773,1.7115,2.0151,3.4458,0.19085,2.931,3.2555,2.9367,2.276,4.5879,1.3434,1.9861,4.2119,1.2824,2.641,3.3766,1.4298,2.4371,3.3315,1.832,1.967,3.7125,1.9385,2.3723,4.0111,1.0818,2.2841,3.1902,2.5367,2.0263,5.1519,1.239,2.6935,3.323,1.4284,2.4487,3.3375,0.21383,2.9593,3.2559,0.69216,1.8357,2.8601,1.6841,1.9972,4.4466,1.488,1.8441,4.1553,5.4854,2.9001,1.8245,0.8361,2.1389,2.7921,1.0078,2.6181,4.0503,2.1968,2.5005,3.6397,2.6687,2.4122,4.9929,2.9054,2.6849,4.5898,2.1592,2.5071,4.5346,2.3353,2.0965,4.206,0.77704,2.0132,3.37,0.35275,2.4646,2.9089,0.61786,2.1493,3.7176,2.3771,2.4499,4.4401,0.81084,2.4603,2.8771,1.2606,1.5523,4.3012,1.6717,2.0151,3.4835,0.094417,2.6873,2.0374,3.3449,2.9286,0.049574,0.73292,2.4129,2.9093,1.647,1.6344,4.0694,1.5003,1.9033,3.1658,0.71759,2.4523,2.8404,2.1706,2.3273,4.9351,1.1656,2.5668,3.0633,1.0488,2.0118,3.5113,0.4752,1.9954,3.2839,1.7167,2.0143,3.458,2.396,2.0695,4.1606,2.152,2.1795,5.0162,1.2985,1.7574,3.8358,0.70676,2.0011,2.7551,2.1511,2.2069,4.9962,2.3386,2.1953,4.5015,1.5711,2.3283,3.9609,4.1475,2.9946,0.042863,1.9496,2.3608,3.9738,0.79112,1.9762,4.1029,1.2045,2.6122,4.2533,3.5293,2.8268,6.1014,1.5557,1.6337,3.31,0.3038,2.2804,3.3796,5.3534,2.9647,1.2401,0.54851,2.7639,3.2751,1.2825,2.5189,2.9834,2.1713,2.1241,4.9571,1.5134,2.0919,4.3927,1.5246,1.6386,3.3339,1.4436,2.9216,3.3821,0.46696,2.4556,2.7551,0.89949,2.4497,2.9729,0.22128,2.6217,3.341,1.6452,2.291,4.1827,0.47839,2.4576,2.723,1.0386,2.1981,3.6716,1.4022,1.8103,4.2714,0.33314,2.3013,3.4335,1.5071,1.6178,3.2951,0.44908,2.4469,2.7467,3.0187,2.8436,5.9598,1.9828,2.5686,4.014,1.9834,2.1727,4.5772,2.5913,2.7505,5.2354,1.8768,1.9678,3.8841,1.3123,1.7892,3.7098,2.1523,2.1439,4.9527,1.3782,2.6052,4.015,0.82486,3.0987,2.6446,4.6726,2.9577,0.4022,1.2466,2.6798,4.3058,1.9322,1.9713,3.9489,1.2549,2.6458,2.8836,0.35876,2.7451,2.9816,0.9737,2.8755,4.1738,0.57147,2.5417,2.5541,0.68574,1.9859,2.968,0.61889,2.3907,3.4745,1.5752,2.1641,4.2181,1.3031,2.7016,4.4019,0.5992,1.971,3.0937,1.9625,1.894,3.8105,1.1842,1.8637,3.6756,2.4251,2.7014,4.9001,1.3884,1.4963,4.1397,1.3937,2.1492,3.1802,0.64422,1.9643,3.1004,0.43207,2.4496,2.5395,1.6161,2.2704,4.1545,2.4703,2.6988,4.9771,0.61643,1.9702,3.0883,1.6074,1.7563,3.3496,0.70664,3.0426,2.5973,0.56981,2.5176,2.5671,2.9386,2.7327,5.9296,6.1044,2.886,2.4898,4.6569,2.9747,0.35804,2.353,2.3232,3.7193,1.0208,3.0503,3.8389,1.392,2.265,3.5431,0.94067,3.0724,3.753,2.4061,2.238,3.815,1.1844,1.839,3.6588,2.4179,2.3447,4.5475,2.5165,2.6181,3.9952,1.3105,2.6658,4.4078,1.8661,1.9363,3.88,1.1002,2.7892,3.6153,2.4467,2.4571,5.0572,1.5078,2.5823,3.2755,2.1584,2.1773,4.0761,0.79448,1.9095,3.4137,2.3761,2.3808,3.7466,2.3306,2.3829,3.7095,2.2341,1.9377,4.9349,2.6303,2.2745,4.7889,2.379,2.2705,3.8207,1.4235,1.6082,3.8521,2.4,2.689,4.9069,1.8732,1.9628,3.8749,0.79827,2.1691,4.0279,1.5984,1.8307,4.2308,2.488,2.704,5.0029,1.4817,2.3634,3.2804,5.988,2.8888,2.2889,1.8479,1.7978,3.5287,1.9734,2.969,4.25,2.0193,1.9566,4.7801,1.1237,2.5735,4.2943,1.896,2.1851,4.8641,1.6091,1.7723,3.9646,1.6225,2.0386,3.4078,1.0194,2.7492,3.5666,0.96602,2.7875,3.8647,1.4376,2.4256,3.9195,1.074,2.7937,3.5784,1.7934,1.7593,4.0896,0.90611,2.4651,2.7553,1.9279,2.0705,4.3934,0.093401,2.7707,2.8486,1.0982,1.9791,4.2604,0.98517,2.3066,3.0525,1.6292,2.3925,4.5897,1.0013,2.0659,2.8755,0.73748,1.99,2.7475,1.5907,1.776,3.9675,0.90328,2.4584,2.7702,1.3557,1.5921,3.8452,2.789,2.5709,4.641,1.1061,2.1656,3.6273,1.1134,2.7684,3.6471,2.0014,1.9939,4.4879,1.0608,1.9694,4.259,1.8709,1.6333,3.4537,1.6664,2.4723,3.9839,2.154,2.5288,4.9661,2.1546,2.4107,3.6839,1.2317,3.0611,3.4734,1.4632,1.456,4.2175,0.64258,2.9876,3.6688,1.6413,1.7385,4.2246,0.74764,1.9927,2.7522,0.68933,2.204,3.9455,2.6607,2.6006,4.5389,1.9982,2.1252,3.4372,1.3346,2.8867,3.4892,1.102,2.2195,3.6508,2.5244,2.0149,4.4526,1.4767,1.7456,4.4343,1.5658,2.5664,3.5598,2.0717,2.2943,4.0719,2.7307,2.3284,5.0224,0.42932,2.5446,2.9547
1728.6,7.8459,136.69,1.3174,0.20494,3372.7,1.476,1.8609,4.1043,1.2949,2.2464,4.2217,1.2314,2.0052,4.2245,2.4764,2.6275,4.2899,0.85046,2.0766,4.2447,1.5058,2.5016,3.8765,2.9764,2.8169,5.781,1.2259,2.0144,4.2382,1.7236,1.7164,4.2408,1.2914,2.2393,4.2539,0.84592,2.1094,4.1959,2.9764,2.827,4.5281,5.6145,2.7414,1.3825,1.2497,2.8038,3.6277,0.96591,2.1633,3.0335,2.4985,2.0653,4.4509,1.4499,1.6805,3.9,0.6819,2.5755,3.8767,2.0063,1.7685,3.5139,1.1053,2.41,3.1178,0.24151,2.284,3.5079,1.7533,1.6672,3.3917,2.0201,2.7966,4.3476,1.774,1.6727,3.4145,1.4982,1.6573,3.929,0.39351,2.1548,3.1928,2.0886,2.3953,4.3899,1.4812,1.6895,3.2111,0.83145,1.8922,2.7626,2.9867,2.8311,5.8083,1.9815,1.7883,3.5157,0.9967,2.7493,2.8886,1.8281,2.5968,4.0236,0.62368,1.8833,2.7764,1.0704,2.4296,3.0638,1.8754,1.8938,4.4718,1.668,1.6663,3.8982,0.55628,2.2071,3.8289,1.2198,2.4829,3.8145,0.97039,2.1068,3.2585,2.5904,2.3365,4.3249,2.0882,2.2104,4.7258,1.4923,1.6923,3.9402,1.8959,1.9292,4.4947,1.5217,2.2111,3.2704,0.81889,2.1438,3.1833,2.4457,2.369,4.315,2.0154,2.5971,4.9435,1.9449,2.6172,4.8774,2.5887,2.3275,4.3601,1.2844,2.5061,3.9281,1.6852,2.219,4.3109,2.1634,3.0142,4.0987,0.5228,2.4507,2.5009,1.5138,2.0996,4.5975,2.1454,3.0386,4.0683,0.3497,2.3996,3.3978,1.6472,1.6152,4.0845,0.71423,2.0551,3.117,2.2115,2.2674,4.6299,0.55967,2.5772,2.983,0.97531,2.1088,3.2789,0.2819,2.8935,2.1066,2.0134,2.0118,4.6011,2.5825,2.3367,4.334,2.6874,2.3072,5.2383,2.0776,2.7474,4.3845,1.1267,1.877,3.9777,4.5573,2.9517,0.44816,0.88669,2.144,3.0582,1.3393,2.082,4.2922,1.0854,2.0927,3.5511,2.3029,2.7577,4.5678,1.7205,1.6143,4.1527,1.1991,2.5047,3.0874,0.79263,2.4099,3.7943,2.0727,1.918,3.7049,1.5989,2.4691,3.4518,1.6461,2.5339,3.5856,1.6146,1.6614,4.2602,2.0208,2.7494,4.496,2.1121,2.7584,4.574,3.3082,2.7629,6.0628,1.7372,1.6188,4.149,1.7272,2.0118,3.4453,2.1329,2.9265,4.9176,1.1922,2.5438,3.1006,2.6636,2.4632,4.9948,0.99597,2.602,4.0442,1.5946,2.4407,3.4451,1.1245,1.8327,4.0975,1.6574,1.6082,4.0769,1.7119,2.0153,3.4454,0.18669,2.9302,3.2521,2.9399,2.2752,4.5895,1.3448,1.9874,4.2123,1.284,2.639,3.3794,1.4282,2.4364,3.3311,1.8314,1.9656,3.7117,1.9381,2.3745,4.0123,1.0808,2.2839,3.1902,2.5363,2.0251,5.1515,1.2388,2.6939,3.3236,1.4266,2.4483,3.3375,0.20922,2.9597,3.2512,0.69277,1.837,2.8576,1.6831,1.9952,4.4478,1.4889,1.8428,4.157,5.4832,2.9001,1.8237,0.83697,2.1397,2.7929,1.0068,2.6191,4.0494,2.1997,2.4999,3.641,2.6708,2.4108,4.9933,2.9109,2.6835,4.5936,2.159,2.5061,4.5344,2.3347,2.0961,4.2068,0.77753,2.0144,3.371,0.35375,2.4642,2.9101,0.61843,2.1497,3.7178,2.3769,2.4474,4.4406,0.8142,2.4601,2.8787,1.2612,1.5508,4.3016,1.6701,2.0153,3.4851,6.1169,2.6873,2.0363,3.3506,2.9278,0.068144,0.73187,2.4105,2.9122,1.6464,1.6342,4.0686,1.5007,1.9051,3.165,0.71594,2.4517,2.84,2.1706,2.3263,4.9341,1.1665,2.5676,3.0627,1.051,2.014,3.5117,0.47175,1.9962,3.2856,1.7173,2.0145,3.4582,2.3968,2.0691,4.1592,2.1524,2.1805,5.0179,1.2989,1.7572,3.8376,0.70794,2.0021,2.7551,2.1513,2.2089,4.9966,2.3399,2.1959,4.5037,1.5713,2.3302,3.9609,4.1461,2.9936,0.039435,1.9494,2.3622,3.9728,0.78879,1.9766,4.1021,1.2061,2.6146,4.2553,3.53,2.8255,6.1028,1.5569,1.6347,3.3114,0.30245,2.2798,3.3776,5.362,2.9629,1.246,0.54753,2.7629,3.2757,1.2833,2.5197,2.9836,2.1731,2.1227,4.9561,1.5154,2.0911,4.3951,1.5246,1.6392,3.3363,1.4468,2.9214,3.3829,0.46783,2.4559,2.7573,0.89841,2.4495,2.9718,0.22082,2.6219,3.3404,1.6466,2.2923,4.1855,0.47974,2.4582,2.7238,1.0378,2.1995,3.672,1.4026,1.8101,4.2703,0.33339,2.3015,3.4345,1.5063,1.6176,3.2956,0.44922,2.4468,2.7485,3.021,2.8422,5.9633,1.9816,2.5672,4.013,1.984,2.1723,4.5768,2.5891,2.7493,5.2334,1.876,1.9674,3.8829,1.3132,1.7872,3.711,2.1529,2.1433,4.9511,1.3772,2.6029,4.0154,0.80315,3.0995,2.622,4.6725,2.9561,0.40236,1.2464,2.6798,4.3046,1.9334,1.9717,3.9518,1.2553,2.6466,2.8846,0.35913,2.7434,2.9836,0.9759,2.8745,4.1763,0.5711,2.5429,2.5523,0.68495,1.9883,2.967,0.62216,2.3903,3.4766,1.5758,2.1631,4.2175,1.3054,2.7026,4.4053,0.59747,1.972,3.0926,1.9615,1.8934,3.81,1.1837,1.8643,3.6771,2.4233,2.7001,4.8957,1.3894,1.4949,4.1377,1.3939,2.1484,3.1804,0.64466,1.9651,3.0998,0.43059,2.4496,2.5379,1.6164,2.2714,4.1559,2.4705,2.6976,4.9765,0.6153,1.971,3.0868,1.6096,1.7579,3.3508,0.71638,3.0428,2.6058,0.56921,2.5176,2.5657,2.9409,2.7323,5.9324,6.1016,2.8871,2.4882,4.6569,2.9743,0.35685,2.3534,2.3191,3.7173,1.0235,3.0489,3.8435,1.3898,2.2656,3.5421,0.94504,3.0722,3.7591,2.4082,2.2382,3.8158,1.184,1.8384,3.6596,2.4179,2.3451,4.5471,2.5138,2.6181,3.9942,1.3129,2.6652,4.411,1.8649,1.9344,3.8788,1.0988,2.789,3.6135,2.4467,2.4559,5.0555,1.503,2.5807,3.2748,2.158,2.1771,4.0749,0.7948,1.9097,3.4156,2.3775,2.3796,3.7462,2.3298,2.3815,3.7073,2.2365,1.9402,4.9365,2.6299,2.2737,4.7889,2.3798,2.2723,3.8215,1.4255,1.6093,3.8529,2.3975,2.6872,4.9035,1.8724,1.9622,3.8733,0.79932,2.1704,4.0313,1.5982,1.8301,4.2294,2.4892,2.7032,5.0035,1.4833,2.3624,3.2812,5.9919,2.8892,2.2938,1.8473,1.7976,3.5312,1.9733,2.9662,4.2475,2.0195,1.957,4.7812,1.1251,2.5735,4.2955,1.8968,2.1867,4.8639,1.609,1.7705,3.9646,1.6233,2.0399,3.4084,1.0196,2.748,3.5668,0.96854,2.7853,3.8671,1.4406,2.427,3.9235,1.0718,2.7935,3.5752,1.7911,1.7571,4.0894,0.90576,2.4657,2.7544,1.9289,2.0705,4.394,0.095232,2.7693,2.8498,1.0989,1.9797,4.2606,0.9867,2.3052,3.0545,1.6292,2.3923,4.5903,1.0025,2.0645,2.8775,0.73735,1.9892,2.7481,1.5897,1.7742,3.9675,0.9028,2.4586,2.77,1.3543,1.5921,3.8456,2.79,2.5698,4.6413,1.1071,2.1672,3.6273,1.1133,2.7666,3.6475,2.0026,1.9939,4.4881,1.0598,1.9694,4.2592,1.8716,1.6323,3.4537,1.6666,2.4721,3.9831,2.1564,2.5278,4.9685,2.1548,2.4123,3.6829,1.2364,3.0605,3.4785,1.4642,1.4556,4.2169,0.64268,2.987,3.6705,1.6423,1.7373,4.2242,0.74796,1.9921,2.7529,0.68905,2.2048,3.9451,2.6595,2.6004,4.5391,1.9984,2.1246,3.4368,1.3328,2.8847,3.4874,1.1028,2.2205,3.6514,2.5242,2.0155,4.452,1.4761,1.746,4.4347,1.5642,2.5656,3.5592,2.0721,2.2947,4.0719,2.7319,2.3266,5.0228,0.42827,2.5454,2.9547
1728.6,7.8459,136.69,1.3174,0.21385,3363.7,1.4735,1.8616,4.1006,1.2958,2.2474,4.2218,1.2318,2.0057,4.2244,2.4758,2.626,4.2895,0.84996,2.0771,4.2461,1.5049,2.5027,3.8754,2.975,2.8158,5.7795,1.2258,2.0152,4.2387,1.7223,1.7161,4.2403,1.2921,2.2399,4.2554,0.84547,2.1115,4.1952,2.9798,2.8265,4.5289,5.6104,2.7393,1.3788,1.2504,2.8019,3.6281,0.96603,2.164,3.0341,2.4992,2.0661,4.4512,1.449,1.6804,3.9,0.68233,2.5762,3.8755,2.0061,1.7687,3.5159,1.1064,2.4083,3.1207,0.23972,2.2839,3.5049,1.7517,1.6668,3.3919,2.0148,2.7949,4.3433,1.7734,1.6728,3.4157,1.4991,1.6561,3.9298,0.39315,2.1557,3.192,2.0917,2.3972,4.3902,1.4814,1.6908,3.2116,0.8314,1.8929,2.7623,2.9855,2.8308,5.8083,1.9804,1.7896,3.5177,0.99559,2.7513,2.8879,1.8291,2.5976,4.025,0.62335,1.8838,2.7756,1.07,2.4289,3.0641,1.8743,1.8925,4.4708,1.6675,1.6648,3.8984,0.55897,2.2072,3.8333,1.2202,2.486,3.8149,0.96822,2.1093,3.2575,2.5932,2.3384,4.3271,2.0898,2.2135,4.7285,1.493,1.6929,3.9415,1.896,1.9295,4.4948,1.5233,2.2129,3.2704,0.81829,2.1468,3.1831,2.4475,2.3693,4.3155,2.019,2.5978,4.9461,1.9454,2.6188,4.8776,2.5912,2.3291,4.3641,1.2841,2.5074,3.927,1.6851,2.2183,4.3119,2.1669,3.012,4.1018,0.52319,2.4502,2.5014,1.5123,2.1017,4.5969,2.1473,3.0372,4.0691,0.34742,2.4006,3.3956,1.6466,1.6145,4.0846,0.71424,2.0564,3.1178,2.21,2.2685,4.629,0.55649,2.5753,2.9825,0.97339,2.1107,3.2792,0.28786,2.8936,2.1116,2.0143,2.013,4.6016,2.5845,2.3385,4.3365,2.6872,2.3059,5.24,2.0758,2.744,4.3827,1.1291,1.8778,3.9795,4.5552,2.9496,0.44628,0.88655,2.1451,3.0586,1.3407,2.0813,4.2933,1.0865,2.0927,3.5534,2.3023,2.7579,4.5667,1.7214,1.6147,4.1524,1.2014,2.5026,3.0883,0.79451,2.4096,3.7952,2.0735,1.9173,3.7032,1.599,2.4705,3.4509,1.6453,2.5345,3.5845,1.6125,1.6605,4.2607,2.0168,2.746,4.4921,2.1119,2.7556,4.573,3.3072,2.762,6.0615,1.7391,1.6194,4.1484,1.7282,2.0116,3.4448,2.1326,2.9258,4.917,1.1942,2.5434,3.1018,2.6646,2.4638,4.9945,0.99474,2.6019,4.0434,1.5943,2.4411,3.444,1.1218,1.8342,4.0974,1.6574,1.6073,4.0765,1.7124,2.0154,3.4449,0.18266,2.9293,3.2489,2.9431,2.2744,4.591,1.3462,1.9887,4.2128,1.2855,2.637,3.3822,1.4265,2.4357,3.3306,1.8308,1.9642,3.7109,1.9378,2.3767,4.0136,1.0798,2.2837,3.1901,2.5358,2.024,5.1512,1.2386,2.6942,3.3242,1.4249,2.4479,3.3374,0.20457,2.9602,3.2464,0.69337,1.8383,2.8551,1.682,1.993,4.449,1.4898,1.8414,4.1587,5.4811,2.9002,1.823,0.83783,2.1404,2.7938,1.0059,2.62,4.0485,2.2027,2.4993,3.6423,2.673,2.4094,4.9938,2.9164,2.682,4.5974,2.1588,2.5051,4.5342,2.334,2.0957,4.2075,0.77802,2.0155,3.372,0.3547,2.4639,2.9112,0.61901,2.15,3.7181,2.3766,2.445,4.4411,0.81757,2.4598,2.8804,1.2617,1.5493,4.302,1.6686,2.0154,3.4866,5.9044,2.6872,2.0351,3.3563,2.9271,0.073463,0.73075,2.4081,2.9151,1.6458,1.6339,4.0677,1.501,1.9068,3.1642,0.71424,2.4509,2.8396,2.1707,2.3253,4.933,1.1674,2.5684,3.0621,1.0533,2.0161,3.5122,0.46826,1.9969,3.2873,1.7178,2.0147,3.4584,2.3976,2.0686,4.1577,2.1528,2.1816,5.0196,1.2994,1.757,3.8393,0.70912,2.0031,2.7552,2.1516,2.2109,4.9969,2.3412,2.1965,4.5059,1.5715,2.3321,3.9608,4.1448,2.9926,0.036049,1.9492,2.3636,3.9718,0.78645,1.9769,4.1014,1.2077,2.6169,4.2572,3.5307,2.8242,6.1042,1.5582,1.6357,3.3128,0.30109,2.2792,3.3757,5.3703,2.9612,1.2516,0.54648,2.7619,3.2763,1.284,2.5204,2.9838,2.175,2.1214,4.9552,1.5173,2.0901,4.3974,1.5246,1.6397,3.3388,1.4501,2.9212,3.3836,0.46868,2.4562,2.7596,0.89735,2.4493,2.9708,0.2203,2.6222,3.3397,1.648,2.2936,4.1884,0.48104,2.4587,2.7246,1.037,2.201,3.6723,1.4031,1.8099,4.2691,0.33362,2.3017,3.4355,1.5054,1.6174,3.2961,0.44934,2.4468,2.7503,3.0234,2.8408,5.9669,1.9805,2.5659,4.012,1.9847,2.1717,4.5763,2.5868,2.7482,5.2313,1.8751,1.9668,3.8817,1.3141,1.7853,3.7123,2.1534,2.1425,4.9496,1.3762,2.6006,4.0157,0.78019,3.1002,2.598,4.6724,2.9546,0.40259,1.2461,2.6797,4.3035,1.9346,1.972,3.9547,1.2558,2.6474,2.8855,0.35949,2.7416,2.9856,0.97814,2.8736,4.1788,0.57067,2.5441,2.5505,0.68416,1.9907,2.9661,0.62541,2.39,3.4787,1.5764,2.162,4.2169,1.3078,2.7036,4.4087,0.59576,1.9729,3.0915,1.9605,1.8928,3.8095,1.1832,1.8649,3.6787,2.4216,2.6988,4.8914,1.3903,1.4933,4.1356,1.3941,2.1475,3.1807,0.64511,1.9658,3.0992,0.42909,2.4495,2.5364,1.6167,2.2723,4.1573,2.4708,2.6965,4.9759,0.61417,1.9719,3.0853,1.6118,1.7594,3.3521,0.72614,3.043,2.6142,0.56857,2.5177,2.5643,2.9433,2.7318,5.9354,6.0988,2.8882,2.4867,4.6569,2.9739,0.35572,2.3537,2.315,3.7153,1.0258,3.0475,3.8478,1.3875,2.266,3.5411,0.9493,3.0721,3.7651,2.4104,2.2383,3.8166,1.1835,1.8378,3.6603,2.418,2.3456,4.5469,2.5111,2.6181,3.9933,1.3152,2.6647,4.4142,1.8636,1.9325,3.8775,1.0973,2.7888,3.6116,2.4468,2.4548,5.0538,1.4982,2.5792,3.2741,2.1577,2.1768,4.0737,0.79511,1.91,3.4175,2.379,2.3784,3.7459,2.329,2.3802,3.7051,2.2389,1.9427,4.9382,2.6295,2.273,4.7891,2.3807,2.2741,3.8224,1.4275,1.6104,3.8538,2.3951,2.6854,4.9001,1.8717,1.9617,3.8718,0.80037,2.1717,4.0346,1.598,1.8295,4.228,2.4903,2.7025,5.0042,1.485,2.3614,3.2821,5.9959,2.8895,2.2987,1.8467,1.7972,3.5337,1.9733,2.9634,4.245,2.0197,1.9573,4.7823,1.1265,2.5734,4.2967,1.8977,2.1882,4.8637,1.6089,1.7687,3.9645,1.6242,2.0412,3.409,1.0197,2.7468,3.5669,0.97105,2.7831,3.8695,1.4435,2.4283,3.9275,1.0696,2.7933,3.5721,1.7887,1.7549,4.0893,0.9054,2.4663,2.7535,1.9299,2.0706,4.3946,0.097103,2.7679,2.8511,1.0997,1.9801,4.2608,0.9882,2.3039,3.0565,1.6291,2.3922,4.5909,1.0036,2.0631,2.8795,0.73723,1.9885,2.7486,1.5886,1.7724,3.9675,0.90232,2.4587,2.7699,1.353,1.5922,3.846,2.791,2.5686,4.6416,1.1081,2.1688,3.6272,1.1132,2.7647,3.6478,2.0039,1.9938,4.4884,1.0588,1.9692,4.2595,1.8723,1.6313,3.4538,1.6668,2.4718,3.9823,2.1587,2.5268,4.9708,2.1551,2.414,3.682,1.2412,3.0599,3.4838,1.4651,1.4551,4.2162,0.6427,2.9864,3.6721,1.6433,1.7361,4.2237,0.74831,1.9915,2.7537,0.68873,2.2055,3.9448,2.6582,2.6002,4.5394,1.9986,2.1241,3.4365,1.3311,2.8827,3.4856,1.1036,2.2216,3.652,2.524,2.0162,4.4514,1.4754,1.7465,4.4352,1.5628,2.5648,3.5587,2.0726,2.2952,4.0718,2.733,2.3248,5.0232,0.42718,2.5461,2.9546
1728.6,7.8459,136.69,1.3174,0.22276,3351.4,1.471,1.8623,4.097,1.2967,2.2485,4.2218,1.2322,2.0061,4.2244,2.4752,2.6245,4.2891,0.84944,2.0776,4.2474,1.5039,2.5038,3.8743,2.9735,2.8147,5.778,1.2258,2.016,4.2391,1.721,1.7157,4.2398,1.2928,2.2404,4.2569,0.84504,2.1136,4.1947,2.9831,2.826,4.5296,5.6064,2.7372,1.3752,1.2511,2.7999,3.6285,0.96614,2.1645,3.0346,2.4999,2.0669,4.4516,1.4482,1.6803,3.9,0.6827,2.577,3.8743,2.0058,1.7688,3.5178,1.1076,2.4066,3.1235,0.23792,2.2839,3.5019,1.7501,1.6664,3.392,2.0096,2.7932,4.339,1.7727,1.6729,3.4169,1.4999,1.655,3.9307,0.39277,2.1566,3.1912,2.0948,2.3992,4.3906,1.4817,1.692,3.212,0.83136,1.8936,2.762,2.9844,2.8305,5.8082,1.9792,1.7909,3.5196,0.99443,2.7533,2.8871,1.8301,2.5983,4.0265,0.62302,1.8843,2.7748,1.0695,2.4281,3.0642,1.8732,1.8912,4.4698,1.667,1.6632,3.8985,0.56171,2.2073,3.8377,1.2206,2.4891,3.8153,0.966,2.1118,3.2566,2.5959,2.3403,4.3294,2.0914,2.2166,4.7312,1.4937,1.6936,3.9428,1.8961,1.9298,4.4949,1.5249,2.2146,3.2704,0.81766,2.1496,3.1828,2.4493,2.3696,4.3162,2.0226,2.5985,4.9487,1.9459,2.6204,4.8777,2.5939,2.3307,4.3681,1.2837,2.5089,3.9258,1.6851,2.2175,4.3129,2.1705,3.0098,4.1049,0.5235,2.4497,2.5017,1.5107,2.1038,4.5963,2.1493,3.0357,4.0699,0.34512,2.4017,3.3933,1.6459,1.6137,4.0847,0.71424,2.0577,3.1186,2.2084,2.2697,4.6281,0.55331,2.5733,2.9821,0.97143,2.1126,3.2796,0.29374,2.8936,2.1164,2.0152,2.0142,4.6021,2.5865,2.3403,4.339,2.687,2.3047,5.2417,2.0742,2.7407,4.381,1.1315,1.8785,3.9814,4.5531,2.9475,0.44442,0.8864,2.1462,3.059,1.3422,2.0806,4.2944,1.0876,2.0926,3.5557,2.3016,2.7582,4.5656,1.7222,1.615,4.1521,1.2038,2.5005,3.0891,0.79637,2.4093,3.7961,2.0743,1.9166,3.7016,1.599,2.4718,3.4501,1.6445,2.535,3.5834,1.6104,1.6596,4.2612,2.0128,2.7425,4.4882,2.1116,2.7528,4.5719,3.3061,2.7611,6.0602,1.741,1.6199,4.1477,1.7293,2.0113,3.4444,2.1322,2.9251,4.9163,1.1962,2.543,3.1029,2.6657,2.4643,4.9941,0.99349,2.6018,4.0425,1.594,2.4414,3.4429,1.1192,1.8355,4.0973,1.6574,1.6065,4.0761,1.7129,2.0154,3.4445,0.17877,2.9285,3.2457,2.9463,2.2736,4.5926,1.3476,1.9899,4.2133,1.287,2.6351,3.385,1.4248,2.4352,3.3301,1.8303,1.9627,3.7101,1.9375,2.3789,4.0148,1.0787,2.2836,3.1901,2.5353,2.0229,5.1508,1.2385,2.6946,3.3248,1.4232,2.4475,3.3374,0.1999,2.9607,3.2417,0.69397,1.8396,2.8527,1.6809,1.9908,4.4501,1.4907,1.8401,4.1604,5.4791,2.9002,1.8223,0.8387,2.1412,2.7946,1.005,2.6209,4.0476,2.2057,2.4988,3.6438,2.6753,2.4079,4.9943,2.9219,2.6805,4.6012,2.1585,2.5042,4.534,2.3333,2.0953,4.2082,0.7785,2.0166,3.3729,0.35561,2.4636,2.9123,0.61957,2.1504,3.7184,2.3765,2.4426,4.4416,0.82095,2.4595,2.8821,1.2623,1.5478,4.3023,1.667,2.0154,3.4881,0.30517,2.6871,2.0339,3.3618,2.9264,0.075005,0.72955,2.4058,2.9179,1.6453,1.6336,4.0669,1.5013,1.9085,3.1634,0.71249,2.4502,2.8392,2.1707,2.3243,4.9319,1.1683,2.5693,3.0615,1.0556,2.0181,3.5127,0.46471,1.9976,3.289,1.7183,2.0149,3.4586,2.3985,2.0681,4.1562,2.1531,2.1825,5.0213,1.2998,1.7569,3.841,0.71029,2.0042,2.7552,2.1519,2.2128,4.9972,2.3425,2.197,4.5082,1.5718,2.334,3.9608,4.1435,2.9916,0.032701,1.949,2.365,3.9707,0.78411,1.9773,4.1006,1.2093,2.6193,4.2591,3.5314,2.8229,6.1057,1.5595,1.6367,3.3142,0.29969,2.2787,3.3737,5.3784,2.9593,1.2571,0.54537,2.761,3.2768,1.2847,2.5212,2.9839,2.1769,2.1201,4.9544,1.5193,2.0891,4.3998,1.5246,1.6402,3.3412,1.4533,2.921,3.3844,0.46951,2.4565,2.7619,0.89632,2.449,2.9697,0.21973,2.6225,3.3389,1.6495,2.2948,4.1912,0.48229,2.4592,2.7254,1.0362,2.2025,3.6727,1.4035,1.8096,4.268,0.33383,2.302,3.4366,1.5046,1.6173,3.2966,0.44945,2.4467,2.7522,3.0257,2.8393,5.9704,1.9794,2.5646,4.011,1.9854,2.1712,4.5759,2.5845,2.7471,5.2293,1.8742,1.9662,3.8805,1.315,1.7833,3.7135,2.1539,2.1418,4.9481,1.3751,2.5983,4.0161,0.75596,3.101,2.5729,4.6725,2.953,0.40291,1.2458,2.6797,4.3024,1.9357,1.9723,3.9576,1.2562,2.6482,2.8864,0.35982,2.7399,2.9876,0.98043,2.8727,4.1813,0.57018,2.5453,2.5486,0.68336,1.9931,2.9653,0.62861,2.3897,3.4807,1.5769,2.1608,4.2162,1.3101,2.7047,4.4121,0.59409,1.9738,3.0906,1.9595,1.8921,3.809,1.1827,1.8656,3.6802,2.42,2.6975,4.8871,1.3912,1.4918,4.1336,1.3942,2.1467,3.181,0.64559,1.9666,3.0987,0.42757,2.4495,2.5348,1.617,2.2732,4.1588,2.4711,2.6954,4.9752,0.61303,1.9727,3.0838,1.6139,1.7607,3.3533,0.73587,3.0431,2.6226,0.56787,2.5177,2.5628,2.9457,2.7313,5.9384,6.0961,2.8893,2.4853,4.6569,2.9735,0.35467,2.3541,2.311,3.7133,1.0277,3.046,3.8516,1.3852,2.2665,3.5402,0.95341,3.072,3.771,2.4126,2.2384,3.8174,1.1831,1.8373,3.6611,2.4181,2.346,4.5466,2.5086,2.6182,3.9925,1.3175,2.6642,4.4174,1.8623,1.9305,3.8763,1.0957,2.7885,3.6097,2.4469,2.4537,5.0522,1.4934,2.5777,3.2734,2.1573,2.1765,4.0725,0.79541,1.9103,3.4194,2.3805,2.3772,3.7456,2.3282,2.3789,3.703,2.2413,1.9451,4.9399,2.6292,2.2723,4.7892,2.3816,2.276,3.8232,1.4295,1.6115,3.8546,2.3928,2.6836,4.8969,1.8709,1.9612,3.8702,0.80144,2.173,4.0379,1.5979,1.8289,4.2265,2.4915,2.7017,5.0049,1.4866,2.3605,3.2829,5.9999,2.8899,2.3037,1.8462,1.7969,3.5361,1.9733,2.9607,4.2426,2.0199,1.9576,4.7834,1.128,2.5734,4.2979,1.8985,2.1897,4.8634,1.6088,1.7669,3.9644,1.6251,2.0425,3.4097,1.0197,2.7456,3.567,0.9735,2.7808,3.8718,1.4464,2.4295,3.9315,1.0674,2.793,3.5689,1.7864,1.7527,4.0892,0.90504,2.4669,2.7526,1.931,2.0706,4.3953,0.099002,2.7664,2.8523,1.1004,1.9806,4.261,0.98967,2.3026,3.0585,1.6291,2.3921,4.5916,1.0048,2.0616,2.8815,0.73713,1.9877,2.7492,1.5875,1.7706,3.9675,0.90184,2.4588,2.7698,1.3517,1.5923,3.8464,2.7921,2.5675,4.642,1.1091,2.1704,3.6271,1.1131,2.7628,3.6482,2.0052,1.9938,4.4887,1.0579,1.9691,4.2598,1.873,1.6303,3.4539,1.667,2.4715,3.9815,2.1611,2.5257,4.9732,2.1555,2.4157,3.6811,1.2462,3.0592,3.4892,1.466,1.4546,4.2155,0.64257,2.9857,3.6736,1.6444,1.7349,4.2232,0.74867,1.9908,2.7544,0.68839,2.2062,3.9444,2.657,2.6001,4.5397,1.9989,2.1234,3.4361,1.3295,2.8807,3.4839,1.1044,2.2227,3.6527,2.5238,2.0169,4.4508,1.4747,1.7469,4.4356,1.5614,2.564,3.5583,2.0731,2.2956,4.0718,2.7341,2.3231,5.0236,0.42605,2.5469,2.9546
1728.6,7.8459,136.69,1.3174,0.23167,3336.1,1.4684,1.8629,4.0933,1.2977,2.2495,4.2219,1.2327,2.0065,4.2245,2.4746,2.6231,4.2888,0.8489,2.0781,4.2488,1.5029,2.5048,3.8732,2.9721,2.8135,5.7766,1.2259,2.0167,4.2396,1.7196,1.7153,4.2392,1.2934,2.241,4.2584,0.84462,2.1158,4.1941,2.9863,2.8255,4.5302,5.6024,2.735,1.3716,1.2518,2.798,3.6289,0.96624,2.1651,3.0352,2.5006,2.0677,4.452,1.4473,1.6801,3.9,0.68302,2.5778,3.873,2.0056,1.769,3.5197,1.1087,2.4049,3.1263,0.23611,2.2838,3.499,1.7485,1.6659,3.3922,2.0043,2.7914,4.3348,1.7721,1.6731,3.4181,1.5007,1.6539,3.9316,0.39238,2.1575,3.1904,2.0979,2.4012,4.391,1.4819,1.6933,3.2125,0.83132,1.8942,2.7618,2.9833,2.8303,5.8081,1.9781,1.7923,3.5215,0.99321,2.7554,2.8862,1.8311,2.5991,4.0279,0.62268,1.8847,2.774,1.0689,2.4273,3.0644,1.8721,1.8898,4.4688,1.6664,1.6617,3.8987,0.56449,2.2074,3.8421,1.2209,2.4921,3.8156,0.96375,2.1143,3.2556,2.5987,2.3421,4.3317,2.0931,2.2196,4.7339,1.4944,1.6942,3.9441,1.8962,1.93,4.495,1.5266,2.2164,3.2703,0.81698,2.1525,3.1826,2.4511,2.3699,4.3168,2.0263,2.5993,4.9513,1.9466,2.6221,4.8779,2.5966,2.3324,4.3723,1.2833,2.5103,3.9246,1.6851,2.2167,4.3139,2.1741,3.0077,4.1081,0.52371,2.4493,2.5018,1.5091,2.1059,4.5957,2.1513,3.0343,4.0708,0.34281,2.4026,3.3911,1.6453,1.613,4.0849,0.7142,2.059,3.1194,2.2068,2.2708,4.6271,0.55011,2.5714,2.9817,0.96941,2.1144,3.28,0.29951,2.8937,2.1212,2.0162,2.0153,4.6027,2.5886,2.342,4.3416,2.6868,2.3034,5.2434,2.0727,2.7374,4.3794,1.1339,1.8792,3.9832,4.5509,2.9454,0.44257,0.88625,2.1473,3.0595,1.3436,2.08,4.2955,1.0887,2.0925,3.558,2.301,2.7584,4.5645,1.7231,1.6153,4.1519,1.2061,2.4984,3.0899,0.79822,2.4091,3.7969,2.0751,1.9159,3.6999,1.5991,2.4731,3.4492,1.6437,2.5356,3.5824,1.6082,1.6586,4.2617,2.0089,2.7391,4.4845,2.1114,2.75,4.571,3.3052,2.7601,6.059,1.7429,1.6205,4.1471,1.7303,2.011,3.4439,2.1319,2.9244,4.9158,1.1982,2.5426,3.104,2.6667,2.4649,4.9937,0.99223,2.6017,4.0416,1.5937,2.4417,3.4418,1.1167,1.8369,4.0972,1.6574,1.6057,4.0757,1.7134,2.0154,3.444,0.17504,2.9276,3.2426,2.9496,2.2728,4.5941,1.3489,1.9911,4.2139,1.2885,2.6332,3.3878,1.423,2.4346,3.3296,1.8297,1.9612,3.7094,1.9372,2.3811,4.0161,1.0777,2.2834,3.19,2.5347,2.0218,5.1504,1.2383,2.695,3.3254,1.4215,2.4472,3.3374,0.1952,2.9612,3.237,0.69456,1.8409,2.8503,1.6798,1.9887,4.4511,1.4916,1.8387,4.1621,5.4771,2.9003,1.8218,0.83958,2.1419,2.7955,1.004,2.6219,4.0466,2.2089,2.4983,3.6452,2.6776,2.4065,4.9949,2.9274,2.679,4.605,2.1583,2.5032,4.5338,2.3327,2.0948,4.2089,0.77897,2.0177,3.3739,0.35647,2.4634,2.9133,0.62013,2.1507,3.7187,2.3763,2.4403,4.4422,0.82434,2.4593,2.8839,1.2629,1.5464,4.3026,1.6654,2.0155,3.4896,2.1889,2.687,2.0326,3.3671,2.9256,0.07943,0.72826,2.4035,2.9207,1.6447,1.6333,4.0661,1.5016,1.9101,3.1626,0.71069,2.4495,2.8387,2.1708,2.3233,4.9308,1.1692,2.5703,3.0609,1.0579,2.0201,3.5133,0.46112,1.9983,3.2907,1.7188,2.0151,3.4588,2.3995,2.0676,4.1548,2.1533,2.1835,5.023,1.3003,1.7567,3.8427,0.71145,2.0051,2.7553,2.152,2.2146,4.9974,2.3439,2.1976,4.5104,1.5719,2.3358,3.9607,4.1423,2.9906,0.029386,1.9488,2.3664,3.9698,0.78177,1.9776,4.0998,1.2109,2.6217,4.261,3.5321,2.8216,6.1071,1.5609,1.6376,3.3155,0.29826,2.2781,3.3716,5.3863,2.9575,1.2623,0.54419,2.76,3.2773,1.2853,2.522,2.9841,2.1788,2.1188,4.9536,1.5213,2.0881,4.4022,1.5246,1.6407,3.3437,1.4566,2.9208,3.3851,0.47034,2.4567,2.7642,0.89533,2.4488,2.9687,0.21909,2.6227,3.3381,1.6508,2.296,4.194,0.48349,2.4598,2.7262,1.0354,2.2039,3.673,1.4039,1.8093,4.2669,0.33402,2.3023,3.4376,1.5038,1.6171,3.2971,0.44954,2.4467,2.754,3.028,2.8379,5.9739,1.9784,2.5633,4.0101,1.986,2.1706,4.5754,2.5823,2.746,5.2272,1.8732,1.9656,3.8793,1.316,1.7813,3.7148,2.1545,2.1411,4.9466,1.3741,2.5961,4.0165,0.73043,3.1018,2.5464,4.6727,2.9514,0.4033,1.2456,2.6797,4.3013,1.9368,1.9725,3.9605,1.2567,2.6491,2.8874,0.36014,2.7381,2.9896,0.98276,2.8717,4.1839,0.56961,2.5465,2.5466,0.68255,1.9954,2.9644,0.63176,2.3894,3.4827,1.5775,2.1595,4.2155,1.3123,2.7057,4.4154,0.59244,1.9747,3.0896,1.9585,1.8915,3.8085,1.1822,1.8661,3.6817,2.4184,2.6962,4.8829,1.3922,1.4903,4.1314,1.3944,2.1458,3.1812,0.64609,1.9673,3.0981,0.42604,2.4495,2.5331,1.6173,2.2741,4.1602,2.4714,2.6943,4.9747,0.61188,1.9735,3.0824,1.6161,1.762,3.3546,0.74553,3.0433,2.631,0.5671,2.5178,2.5612,2.9482,2.7308,5.9414,6.0936,2.8904,2.484,4.6571,2.9732,0.35369,2.3545,2.3069,3.7113,1.0292,3.0447,3.855,1.383,2.2669,3.5393,0.95736,3.0719,3.7767,2.4148,2.2386,3.8184,1.1827,1.8367,3.6619,2.4183,2.3465,4.5464,2.5061,2.6183,3.9917,1.3197,2.6638,4.4206,1.8609,1.9285,3.875,1.0941,2.7883,3.6077,2.4471,2.4526,5.0506,1.4886,2.5763,3.2728,2.157,2.1763,4.0713,0.79569,1.9106,3.4212,2.3819,2.3761,3.7454,2.3275,2.3775,3.7009,2.2437,1.9475,4.9416,2.6289,2.2716,4.7894,2.3826,2.2778,3.8241,1.4316,1.6125,3.8555,2.3906,2.6818,4.8938,1.8701,1.9605,3.8686,0.80253,2.1744,4.0413,1.5977,1.8284,4.2251,2.4927,2.701,5.0055,1.4882,2.3595,3.2837,6.0039,2.8902,2.3086,1.8456,1.7966,3.5386,1.9734,2.958,4.2403,2.0201,1.9579,4.7843,1.1294,2.5734,4.2991,1.8993,2.1911,4.8631,1.6087,1.7651,3.9643,1.626,2.0438,3.4103,1.0197,2.7445,3.5671,0.97589,2.7786,3.874,1.4494,2.4307,3.9356,1.0653,2.7928,3.5657,1.7841,1.7506,4.089,0.90466,2.4675,2.7516,1.932,2.0707,4.3959,0.10092,2.765,2.8537,1.1012,1.981,4.2612,0.99112,2.3012,3.0605,1.6291,2.392,4.5922,1.006,2.0601,2.8836,0.73704,1.9869,2.7498,1.5865,1.7688,3.9676,0.90134,2.459,2.7696,1.3503,1.5923,3.8468,2.7931,2.5664,4.6424,1.11,2.172,3.6269,1.113,2.7609,3.6486,2.0065,1.9937,4.4888,1.0569,1.9688,4.26,1.8737,1.6293,3.454,1.6672,2.4713,3.9807,2.1635,2.5248,4.9756,2.1559,2.4175,3.6803,1.2512,3.0586,3.4947,1.4669,1.4542,4.2149,0.6423,2.9851,3.6748,1.6455,1.7336,4.2227,0.74905,1.9902,2.7552,0.68802,2.2069,3.944,2.6558,2.5999,4.54,1.9991,2.1228,3.4357,1.3279,2.8787,3.4822,1.1051,2.2236,3.6532,2.5236,2.0175,4.4502,1.4741,1.7474,4.436,1.56,2.5633,3.5579,2.0736,2.2961,4.0717,2.7353,2.3214,5.024,0.42488,2.5477,2.9545
1728.6,7.8459,136.69,1.3174,0.24058,3318.6,1.4659,1.8635,4.0896,1.2988,2.2505,4.2221,1.2332,2.0069,4.2246,2.4742,2.6216,4.2885,0.84835,2.0786,4.2501,1.5019,2.5059,3.872,2.9707,2.8124,5.7751,1.226,2.0173,4.2402,1.7181,1.7148,4.2386,1.294,2.2416,4.26,0.84421,2.1179,4.1936,2.9893,2.8249,4.5307,5.5986,2.7329,1.3681,1.2525,2.7961,3.6293,0.96633,2.1656,3.0358,2.5014,2.0685,4.4524,1.4465,1.6799,3.9001,0.68327,2.5786,3.8717,2.0053,1.769,3.5215,1.1098,2.4033,3.129,0.23428,2.2838,3.496,1.7468,1.6655,3.3924,1.9992,2.7897,4.3307,1.7714,1.6732,3.4193,1.5015,1.6529,3.9325,0.39196,2.1584,3.1895,2.1011,2.4032,4.3913,1.4821,1.6945,3.213,0.83129,1.8949,2.7616,2.9822,2.8301,5.8081,1.9769,1.7936,3.5233,0.99194,2.7575,2.8851,1.8322,2.5999,4.0294,0.62235,1.8851,2.7733,1.0683,2.4266,3.0645,1.8709,1.8885,4.4678,1.6659,1.6601,3.899,0.56731,2.2075,3.8466,1.2212,2.4951,3.8158,0.96146,2.1169,3.2546,2.6015,2.344,4.334,2.0948,2.2227,4.7366,1.4951,1.6947,3.9454,1.8964,1.9302,4.495,1.5282,2.2181,3.2703,0.81627,2.1552,3.1823,2.453,2.3702,4.3176,2.03,2.6002,4.954,1.9472,2.6238,4.8781,2.5993,2.334,4.3765,1.2829,2.5118,3.9234,1.685,2.216,4.315,2.1778,3.0056,4.1113,0.52384,2.449,2.5019,1.5074,2.1079,4.5951,2.1534,3.033,4.0718,0.34048,2.4036,3.3888,1.6447,1.6123,4.085,0.71414,2.0603,3.1202,2.2053,2.272,4.6262,0.5469,2.5695,2.9813,0.96736,2.1163,3.2803,0.30521,2.8938,2.1259,2.0172,2.0164,4.6032,2.5906,2.3438,4.3441,2.6865,2.3022,5.2451,2.0714,2.7342,4.378,1.1364,1.8798,3.9851,4.5487,2.9433,0.44073,0.8861,2.1483,3.06,1.345,2.0794,4.2966,1.0897,2.0923,3.5602,2.3005,2.7586,4.5633,1.7239,1.6156,4.1516,1.2084,2.4964,3.0907,0.80005,2.4089,3.7977,2.0758,1.9152,3.6983,1.5992,2.4744,3.4483,1.6429,2.5362,3.5813,1.606,1.6578,4.2622,2.0052,2.7356,4.4808,2.1113,2.7473,4.57,3.3043,2.7592,6.058,1.7447,1.6209,4.1465,1.7313,2.0106,3.4434,2.1316,2.9237,4.9153,1.2002,2.5423,3.1051,2.6677,2.4654,4.9932,0.99096,2.6017,4.0406,1.5934,2.4421,3.4407,1.1142,1.8382,4.0971,1.6574,1.6049,4.0754,1.7139,2.0153,3.4436,0.17147,2.9268,3.2397,2.9528,2.272,4.5957,1.3503,1.9922,4.2144,1.29,2.6314,3.3906,1.4213,2.434,3.3292,1.8291,1.9596,3.7086,1.9369,2.3833,4.0174,1.0766,2.2832,3.19,2.5342,2.0206,5.15,1.2381,2.6954,3.326,1.4198,2.4468,3.3374,0.19051,2.9616,3.2323,0.69515,1.8421,2.848,1.6787,1.9865,4.4522,1.4924,1.8374,4.1638,5.4752,2.9003,1.8212,0.84047,2.1426,2.7964,1.003,2.6229,4.0457,2.2121,2.498,3.6467,2.68,2.4052,4.9955,2.9328,2.6774,4.6087,2.1581,2.5024,4.5336,2.332,2.0944,4.2096,0.77943,2.0189,3.3748,0.3573,2.4631,2.9142,0.62067,2.151,3.719,2.3763,2.4381,4.4429,0.82774,2.459,2.8856,1.2636,1.5449,4.3028,1.6637,2.0155,3.491,4.4847,2.687,2.0313,3.3723,2.9248,0.08589,0.7269,2.4013,2.9233,1.6442,1.633,4.0653,1.5019,1.9117,3.1618,0.70884,2.4489,2.8383,2.171,2.3223,4.9298,1.17,2.5713,3.0603,1.0602,2.0219,3.5139,0.45748,1.999,3.2925,1.7193,2.0152,3.459,2.4005,2.0672,4.1535,2.1536,2.1844,5.0246,1.3008,1.7565,3.8444,0.7126,2.0061,2.7554,2.1521,2.2163,4.9975,2.3452,2.1982,4.5126,1.5721,2.3376,3.9605,4.1411,2.9895,0.026104,1.9486,2.3678,3.9688,0.77943,1.9779,4.099,1.2126,2.6241,4.2629,3.5328,2.8204,6.1085,1.5622,1.6386,3.3169,0.2968,2.2776,3.3695,5.3939,2.9557,1.2672,0.54295,2.759,3.2777,1.286,2.5228,2.9841,2.1808,2.1175,4.9528,1.5232,2.087,4.4046,1.5245,1.641,3.3461,1.4599,2.9206,3.3859,0.47115,2.457,2.7665,0.89436,2.4486,2.9677,0.2184,2.623,3.3372,1.6522,2.2972,4.1968,0.48464,2.4604,2.727,1.0346,2.2052,3.6733,1.4044,1.809,4.2658,0.33419,2.3026,3.4385,1.503,1.6169,3.2977,0.44963,2.4467,2.7559,3.0302,2.8364,5.9775,1.9774,2.562,4.0091,1.9866,2.17,4.575,2.58,2.7449,5.2251,1.8723,1.9649,3.878,1.3169,1.7793,3.7162,2.155,2.1403,4.9451,1.3731,2.5939,4.017,0.70351,3.1025,2.5186,4.673,2.9499,0.40376,1.2453,2.6796,4.3002,1.9379,1.9727,3.9632,1.2571,2.65,2.8883,0.36042,2.7363,2.9916,0.98513,2.8707,4.1865,0.56896,2.5478,2.5446,0.68173,1.9977,2.9636,0.63485,2.389,3.4847,1.578,2.1582,4.2148,1.3145,2.7067,4.4187,0.59084,1.9756,3.0887,1.9575,1.8907,3.8079,1.1818,1.8667,3.6831,2.4169,2.6948,4.8787,1.3933,1.4888,4.1293,1.3946,2.1449,3.1815,0.64662,1.9681,3.0976,0.42449,2.4494,2.5314,1.6176,2.275,4.1616,2.4718,2.6932,4.9741,0.61074,1.9743,3.0809,1.6182,1.7632,3.3559,0.75512,3.0435,2.6394,0.56628,2.5179,2.5595,2.9507,2.7302,5.9444,6.0912,2.8914,2.4828,4.6574,2.9729,0.35277,2.3549,2.3028,3.7093,1.0302,3.0433,3.858,1.3808,2.2674,3.5384,0.96118,3.0719,3.7824,2.4171,2.2388,3.8194,1.1822,1.8361,3.6627,2.4184,2.347,4.5462,2.5036,2.6184,3.9911,1.3219,2.6634,4.4237,1.8596,1.9264,3.8738,1.0924,2.7882,3.6057,2.4472,2.4515,5.049,1.4838,2.5749,3.2723,2.1567,2.1761,4.0702,0.79594,1.9109,3.4231,2.3834,2.375,3.7451,2.3268,2.3762,3.6988,2.2461,1.9499,4.9431,2.6287,2.2708,4.7895,2.3837,2.2797,3.825,1.4336,1.6135,3.8564,2.3886,2.6799,4.8908,1.8694,1.9599,3.8671,0.80362,2.1757,4.0445,1.5975,1.8277,4.2237,2.4939,2.7003,5.0062,1.4898,2.3587,3.2845,6.0079,2.8904,2.3135,1.845,1.7963,3.5411,1.9736,2.9552,4.2381,2.0202,1.9582,4.7853,1.1308,2.5734,4.3004,1.9001,2.1926,4.8627,1.6085,1.7634,3.9642,1.627,2.0451,3.4109,1.0197,2.7434,3.5671,0.97821,2.7764,3.8762,1.4523,2.4318,3.9396,1.0631,2.7925,3.5625,1.7818,1.7484,4.0888,0.90428,2.4683,2.7506,1.933,2.0707,4.3965,0.10285,2.7635,2.855,1.102,1.9814,4.2614,0.99254,2.2999,3.0625,1.6292,2.3919,4.5929,1.0071,2.0586,2.8856,0.73697,1.9861,2.7505,1.5854,1.767,3.9677,0.90083,2.4592,2.7695,1.349,1.5923,3.8472,2.7942,2.5653,4.6428,1.111,2.1737,3.6268,1.1128,2.7589,3.6489,2.0077,1.9937,4.489,1.0561,1.9686,4.2603,1.8743,1.6282,3.454,1.6674,2.471,3.98,2.166,2.5239,4.9781,2.1563,2.4192,3.6795,1.2564,3.058,3.5003,1.4678,1.4538,4.2143,0.64188,2.9845,3.6759,1.6466,1.7323,4.2223,0.74945,1.9895,2.756,0.68762,2.2077,3.9435,2.6547,2.5998,4.5404,1.9993,2.1222,3.4354,1.3264,2.8767,3.4806,1.1058,2.2245,3.6538,2.5234,2.0182,4.4496,1.4734,1.7478,4.4364,1.5588,2.5626,3.5575,2.074,2.2967,4.0716,2.7365,2.3197,5.0245,0.42367,2.5484,2.9544
1728.6,7.8459,136.69,1.3174,0.24949,3299.5,1.4634,1.864,4.0859,1.2998,2.2515,4.2222,1.2337,2.0072,4.2247,2.4738,2.6202,4.2883,0.84778,2.079,4.2515,1.5008,2.507,3.8709,2.9692,2.8112,5.7737,1.2261,2.0179,4.2407,1.7167,1.7143,4.2381,1.2946,2.2421,4.2615,0.84382,2.12,4.1931,2.9921,2.8244,4.5311,5.5948,2.7307,1.3647,1.2531,2.7942,3.6297,0.96641,2.1661,3.0364,2.5021,2.0693,4.4528,1.4457,1.6797,3.9001,0.68347,2.5795,3.8703,2.005,1.7691,3.5234,1.1108,2.4017,3.1317,0.23243,2.2837,3.493,1.7452,1.665,3.3925,1.9941,2.788,4.3266,1.7707,1.6733,3.4205,1.5023,1.6518,3.9334,0.39153,2.1592,3.1887,2.1044,2.4051,4.3917,1.4824,1.6957,3.2135,0.83127,1.8955,2.7614,2.9812,2.8299,5.8081,1.9758,1.7949,3.5252,0.99063,2.7596,2.884,1.8333,2.6007,4.0309,0.62201,1.8855,2.7725,1.0677,2.4258,3.0646,1.8698,1.8871,4.4668,1.6654,1.6586,3.8992,0.57016,2.2076,3.851,1.2214,2.4981,3.8159,0.95913,2.1194,3.2536,2.6043,2.3458,4.3364,2.0966,2.2257,4.7393,1.4958,1.6953,3.9466,1.8965,1.9303,4.4951,1.5299,2.2198,3.2702,0.81553,2.158,3.1821,2.4549,2.3705,4.3184,2.0338,2.6012,4.9567,1.9479,2.6256,4.8784,2.6021,2.3357,4.3807,1.2824,2.5134,3.9222,1.685,2.2152,4.3161,2.1815,3.0035,4.1145,0.52387,2.4487,2.5018,1.5057,2.1099,4.5945,2.1556,3.0316,4.0728,0.33813,2.4045,3.3866,1.6441,1.6116,4.0852,0.71406,2.0615,3.1209,2.2038,2.2731,4.6252,0.54369,2.5676,2.981,0.96526,2.1181,3.2807,0.31082,2.8939,2.1306,2.0182,2.0175,4.6037,2.5927,2.3456,4.3467,2.6862,2.301,5.2468,2.0702,2.731,4.3767,1.1388,1.8804,3.9871,4.5465,2.9413,0.43889,0.88595,2.1494,3.0606,1.3464,2.0788,4.2977,1.0908,2.0922,3.5624,2.2999,2.7589,4.5622,1.7247,1.6158,4.1514,1.2107,2.4944,3.0914,0.80186,2.4088,3.7985,2.0765,1.9144,3.6966,1.5993,2.4757,3.4474,1.6421,2.5368,3.5802,1.6038,1.6569,4.2627,2.0015,2.7322,4.4772,2.1112,2.7446,4.5691,3.3035,2.7583,6.057,1.7466,1.6214,4.1459,1.7323,2.0102,3.4429,2.1314,2.923,4.9148,1.2021,2.542,3.1062,2.6687,2.4659,4.9927,0.98968,2.6017,4.0397,1.5931,2.4425,3.4396,1.1117,1.8395,4.097,1.6574,1.6041,4.075,1.7144,2.0152,3.4431,0.16805,2.926,3.2369,2.956,2.2712,4.5972,1.3517,1.9933,4.215,1.2915,2.6296,3.3933,1.4196,2.4335,3.3287,1.8285,1.958,3.7079,1.9367,2.3856,4.0188,1.0755,2.283,3.1899,2.5337,2.0195,5.1495,1.238,2.6959,3.3266,1.4181,2.4465,3.3375,0.18582,2.9621,3.2276,0.69573,1.8434,2.8457,1.6776,1.9843,4.4532,1.4933,1.836,4.1654,5.4734,2.9004,1.8208,0.84136,2.1433,2.7973,1.002,2.6239,4.0447,2.2155,2.4977,3.6483,2.6825,2.4038,4.9962,2.9383,2.6759,4.6125,2.1579,2.5015,4.5334,2.3314,2.0939,4.2104,0.77987,2.02,3.3757,0.35809,2.4629,2.9151,0.62121,2.1513,3.7193,2.3763,2.436,4.4435,0.83114,2.4587,2.8874,1.2643,1.5435,4.3031,1.6621,2.0154,3.4925,6.2816,2.687,2.03,3.3772,2.924,0.092687,0.72546,2.399,2.926,1.6436,1.6327,4.0645,1.5022,1.9132,3.161,0.70694,2.4482,2.8378,2.1711,2.3212,4.9287,1.1708,2.5723,3.0596,1.0625,2.0237,3.5145,0.45379,1.9997,3.2942,1.7198,2.0153,3.4592,2.4016,2.0668,4.1522,2.1537,2.1853,5.0262,1.3013,1.7563,3.8461,0.71374,2.0071,2.7555,2.1522,2.218,4.9976,2.3466,2.1988,4.5148,1.5723,2.3394,3.9604,4.14,2.9884,0.022853,1.9484,2.3693,3.9678,0.77708,1.9782,4.0982,1.2142,2.6266,4.2648,3.5334,2.8191,6.11,1.5636,1.6396,3.3184,0.29532,2.2771,3.3674,5.4013,2.9538,1.272,0.54166,2.7581,3.2781,1.2866,2.5236,2.9842,2.1829,2.1162,4.9521,1.5252,2.0859,4.407,1.5245,1.6414,3.3486,1.4632,2.9205,3.3866,0.47194,2.4573,2.7688,0.89343,2.4484,2.9667,0.21764,2.6233,3.3363,1.6535,2.2983,4.1995,0.48573,2.461,2.7278,1.0337,2.2066,3.6736,1.4048,1.8086,4.2647,0.33435,2.3029,3.4395,1.5022,1.6167,3.2982,0.44971,2.4467,2.7577,3.0325,2.835,5.981,1.9764,2.5607,4.0081,1.9873,2.1694,4.5746,2.5777,2.7438,5.223,1.8713,1.9642,3.8768,1.3179,1.7772,3.7175,2.1555,2.1396,4.9436,1.372,2.5917,4.0174,0.67511,3.1033,2.4893,4.6733,2.9483,0.4043,1.2451,2.6796,4.2991,1.939,1.9729,3.966,1.2575,2.651,2.8892,0.36068,2.7345,2.9936,0.98753,2.8697,4.1891,0.56824,2.549,2.5425,0.68091,2.0,2.9629,0.63788,2.3886,3.4867,1.5786,2.1569,4.2141,1.3167,2.7078,4.422,0.58928,1.9765,3.0879,1.9565,1.89,3.8074,1.1814,1.8672,3.6846,2.4154,2.6935,4.8746,1.3944,1.4873,4.1271,1.3947,2.1439,3.1818,0.64716,1.9688,3.0972,0.42292,2.4494,2.5297,1.6179,2.2759,4.163,2.4722,2.6921,4.9735,0.60959,1.975,3.0795,1.6203,1.7643,3.3571,0.76462,3.0437,2.6476,0.56541,2.518,2.5577,2.9533,2.7297,5.9475,6.0889,2.8925,2.4818,4.6577,2.9727,0.35191,2.3553,2.2988,3.7073,1.0308,3.042,3.8605,1.3786,2.2678,3.5375,0.96488,3.0719,3.7879,2.4194,2.239,3.8204,1.1818,1.8356,3.6635,2.4186,2.3475,4.5461,2.5013,2.6186,3.9905,1.3241,2.6631,4.4267,1.8583,1.9243,3.8726,1.0907,2.788,3.6037,2.4474,2.4504,5.0475,1.479,2.5736,3.2717,2.1565,2.1759,4.069,0.79618,1.9112,3.4249,2.3849,2.3739,3.7449,2.3262,2.3749,3.6968,2.2484,1.9522,4.9447,2.6285,2.2701,4.7897,2.3847,2.2816,3.826,1.4356,1.6145,3.8573,2.3866,2.678,4.8879,1.8686,1.9592,3.8655,0.80472,2.1771,4.0478,1.5974,1.8271,4.2223,2.4952,2.6996,5.0069,1.4914,2.3578,3.2852,6.0119,2.8907,2.3184,1.8444,1.7959,3.5435,1.9738,2.9525,4.2359,2.0203,1.9584,4.7862,1.1322,2.5734,4.3016,1.9009,2.194,4.8623,1.6084,1.7616,3.9641,1.6279,2.0464,3.4115,1.0197,2.7424,3.5671,0.98048,2.7742,3.8783,1.4553,2.4329,3.9437,1.061,2.7923,3.5594,1.7795,1.7462,4.0887,0.90389,2.469,2.7496,1.9341,2.0708,4.3971,0.10479,2.762,2.8564,1.1028,1.9817,4.2616,0.99394,2.2986,3.0645,1.6292,2.3918,4.5937,1.0083,2.0571,2.8876,0.73692,1.9853,2.7512,1.5844,1.7652,3.9678,0.90031,2.4594,2.7694,1.3477,1.5923,3.8476,2.7953,2.5642,4.6433,1.112,2.1753,3.6266,1.1127,2.757,3.6493,2.009,1.9936,4.4891,1.0552,1.9683,4.2606,1.875,1.6271,3.4541,1.6677,2.4708,3.9792,2.1684,2.523,4.9805,2.1568,2.421,3.6788,1.2616,3.0574,3.5061,1.4687,1.4534,4.2137,0.64133,2.9839,3.6769,1.6477,1.731,4.2219,0.74986,1.9888,2.7568,0.68718,2.2085,3.943,2.6536,2.5997,4.5408,1.9995,2.1215,3.435,1.3249,2.8747,3.479,1.1065,2.2254,3.6543,2.5233,2.0189,4.449,1.4728,1.7483,4.4368,1.5576,2.562,3.5572,2.0745,2.2972,4.0715,2.7377,2.3181,5.0249,0.42242,2.5492,2.9543
1728.6,7.8459,136.69,1.3174,0.2584,3279.3,1.4609,1.8645,4.0822,1.3009,2.2525,4.2223,1.2343,2.0074,4.2248,2.4735,2.6188,4.2881,0.8472,2.0794,4.2529,1.4997,2.5081,3.8698,2.9677,2.8101,5.7723,1.2262,2.0184,4.2413,1.7153,1.7138,4.2376,1.2952,2.2427,4.263,0.84344,2.1221,4.1926,2.9948,2.8238,4.5314,5.5911,2.7285,1.3613,1.2537,2.7923,3.63,0.96649,2.1665,3.037,2.5028,2.0701,4.4532,1.4449,1.6795,3.9002,0.6836,2.5804,3.8688,2.0047,1.7691,3.5253,1.1118,2.4001,3.1343,0.23057,2.2836,3.49,1.7435,1.6645,3.3926,1.9891,2.7863,4.3226,1.77,1.6734,3.4217,1.5031,1.6507,3.9343,0.39107,2.16,3.1879,2.1077,2.407,4.3921,1.4827,1.6969,3.214,0.83126,1.8961,2.7613,2.9802,2.8297,5.8082,1.9746,1.7961,3.5271,0.98928,2.7618,2.8828,1.8344,2.6016,4.0324,0.62166,1.8858,2.7718,1.067,2.425,3.0646,1.8687,1.8857,4.4658,1.6649,1.6571,3.8995,0.57304,2.2077,3.8554,1.2215,2.5011,3.816,0.95676,2.122,3.2525,2.6072,2.3476,4.3388,2.0984,2.2287,4.742,1.4965,1.6958,3.9478,1.8967,1.9304,4.4951,1.5316,2.2215,3.2702,0.81475,2.1607,3.1819,2.4569,2.3709,4.3193,2.0376,2.6023,4.9594,1.9486,2.6274,4.8787,2.6049,2.3373,4.3849,1.2819,2.515,3.921,1.6849,2.2144,4.3172,2.1852,3.0015,4.1178,0.52382,2.4484,2.5016,1.504,2.1119,4.5939,2.1578,3.0303,4.0739,0.33577,2.4054,3.3844,1.6435,1.6109,4.0854,0.71396,2.0627,3.1216,2.2023,2.2742,4.6242,0.54049,2.5657,2.9807,0.96312,2.1199,3.2811,0.31636,2.894,2.1352,2.0192,2.0185,4.6042,2.5947,2.3474,4.3493,2.6859,2.2998,5.2485,2.0691,2.7279,4.3755,1.1412,1.881,3.9891,4.5443,2.9393,0.43705,0.8858,2.1504,3.0612,1.3478,2.0782,4.2987,1.0918,2.0921,3.5645,2.2994,2.7592,4.5611,1.7255,1.616,4.1512,1.2129,2.4925,3.0921,0.80365,2.4087,3.7992,2.0772,1.9136,3.695,1.5994,2.477,3.4465,1.6413,2.5374,3.5791,1.6016,1.6561,4.2632,1.998,2.7288,4.4737,2.1112,2.7419,4.5682,3.3028,2.7574,6.0561,1.7485,1.6218,4.1453,1.7332,2.0097,3.4424,2.1312,2.9223,4.9144,1.204,2.5417,3.1072,2.6697,2.4664,4.9922,0.98838,2.6017,4.0388,1.5928,2.4429,3.4385,1.1093,1.8408,4.0969,1.6574,1.6034,4.0747,1.7149,2.015,3.4426,0.16477,2.9252,3.2343,2.9592,2.2704,4.5987,1.3531,1.9944,4.2156,1.293,2.6279,3.396,1.4179,2.433,3.3282,1.8279,1.9564,3.7071,1.9365,2.3879,4.0202,1.0744,2.2828,3.1898,2.5332,2.0184,5.149,1.2379,2.6964,3.3272,1.4165,2.4462,3.3376,0.18115,2.9626,3.223,0.69631,1.8446,2.8434,1.6764,1.982,4.4542,1.4942,1.8346,4.167,5.4716,2.9005,1.8204,0.84226,2.144,2.7982,1.0009,2.6249,4.0437,2.2189,2.4975,3.6499,2.685,2.4025,4.9969,2.9437,2.6743,4.6162,2.1577,2.5006,4.5332,2.3308,2.0934,4.2112,0.78029,2.0211,3.3766,0.35884,2.4627,2.916,0.62174,2.1515,3.7196,2.3764,2.4339,4.4442,0.83455,2.4584,2.8892,1.265,1.5421,4.3034,1.6605,2.0153,3.4939,0.63554,2.687,2.0286,3.3819,2.9232,0.098491,0.72395,2.3968,2.9286,1.643,1.6323,4.0637,1.5025,1.9147,3.1602,0.705,2.4475,2.8373,2.1712,2.3202,4.9277,1.1716,2.5734,3.0589,1.0648,2.0254,3.5151,0.45006,2.0005,3.296,1.7202,2.0154,3.4594,2.4027,2.0664,4.151,2.1538,2.1862,5.0278,1.3018,1.756,3.8478,0.71487,2.0081,2.7556,2.1522,2.2196,4.9976,2.348,2.1994,4.517,1.5725,2.3412,3.9603,4.1389,2.9873,0.019633,1.9482,2.3708,3.9668,0.77473,1.9785,4.0974,1.2158,2.6291,4.2667,3.534,2.8178,6.1115,1.565,1.6406,3.3199,0.29382,2.2767,3.3653,5.4085,2.9519,1.2765,0.54032,2.7572,3.2784,1.2872,2.5244,2.9842,2.185,2.1149,4.9514,1.5271,2.0847,4.4094,1.5245,1.6417,3.3511,1.4665,2.9204,3.3873,0.47271,2.4576,2.7712,0.89253,2.4482,2.9657,0.21683,2.6236,3.3353,1.6548,2.2994,4.2022,0.48678,2.4616,2.7286,1.0328,2.208,3.6739,1.4053,1.8082,4.2636,0.33449,2.3032,3.4405,1.5014,1.6165,3.2988,0.44978,2.4467,2.7595,3.0347,2.8336,5.9845,1.9754,2.5594,4.0071,1.988,2.1688,4.5742,2.5754,2.7427,5.2209,1.8703,1.9634,3.8756,1.3188,1.7751,3.7189,2.1561,2.1389,4.9421,1.3709,2.5896,4.0178,0.64518,3.1041,2.4585,4.6737,2.9467,0.40491,1.2449,2.6796,4.298,1.9401,1.9731,3.9688,1.2579,2.652,2.8901,0.36091,2.7327,2.9955,0.98995,2.8687,4.1917,0.56745,2.5502,2.5403,0.68008,2.0022,2.9622,0.64086,2.3882,3.4886,1.5792,2.1556,4.2134,1.3188,2.7089,4.4252,0.58776,1.9774,3.0871,1.9555,1.8892,3.8068,1.1809,1.8677,3.6861,2.414,2.6921,4.8706,1.3956,1.4858,4.1249,1.3948,2.1429,3.1821,0.64773,1.9695,3.0968,0.42133,2.4494,2.5279,1.6182,2.2768,4.1644,2.4726,2.691,4.9729,0.60845,1.9757,3.0781,1.6224,1.7653,3.3583,0.77405,3.0439,2.6557,0.56449,2.5181,2.5558,2.9559,2.7291,5.9506,6.0868,2.8935,2.4809,4.6581,2.9726,0.3511,2.3557,2.2948,3.7053,1.0311,3.0407,3.8627,1.3765,2.2683,3.5366,0.9685,3.072,3.7934,2.4217,2.2392,3.8215,1.1814,1.8351,3.6643,2.4188,2.348,4.546,2.499,2.6188,3.9901,1.3263,2.6628,4.4297,1.857,1.9222,3.8714,1.0889,2.7879,3.6016,2.4476,2.4493,5.046,1.4742,2.5723,3.2712,2.1563,2.1758,4.0678,0.7964,1.9115,3.4267,2.3864,2.3729,3.7447,2.3256,2.3737,3.6948,2.2507,1.9545,4.9463,2.6283,2.2694,4.7899,2.3857,2.2835,3.827,1.4376,1.6155,3.8582,2.3848,2.6762,4.8851,1.8678,1.9585,3.8639,0.80582,2.1784,4.051,1.5973,1.8264,4.2209,2.4965,2.6989,5.0076,1.4929,2.3569,3.2859,6.0159,2.891,2.3233,1.8438,1.7955,3.5459,1.9741,2.9498,4.2338,2.0204,1.9586,4.7871,1.1336,2.5734,4.3028,1.9017,2.1954,4.8619,1.6082,1.7599,3.964,1.6288,2.0476,3.4121,1.0196,2.7414,3.5671,0.9827,2.772,3.8803,1.4582,2.4339,3.9478,1.0589,2.7921,3.5563,1.7772,1.744,4.0886,0.90349,2.4697,2.7486,1.9352,2.0709,4.3977,0.10674,2.7606,2.8578,1.1036,1.982,4.2618,0.99531,2.2973,3.0664,1.6292,2.3917,4.5945,1.0095,2.0556,2.8895,0.73688,1.9845,2.752,1.5834,1.7634,3.9679,0.89978,2.4596,2.7692,1.3464,1.5923,3.848,2.7965,2.5631,4.6438,1.113,2.177,3.6264,1.1125,2.7551,3.6497,2.0103,1.9935,4.4892,1.0544,1.968,4.2609,1.8756,1.626,3.4542,1.668,2.4706,3.9785,2.1709,2.5222,4.983,2.1573,2.4228,3.6781,1.2669,3.0569,3.512,1.4696,1.453,4.2131,0.64066,2.9833,3.6777,1.6488,1.7296,4.2215,0.75028,1.988,2.7576,0.68671,2.2093,3.9425,2.6525,2.5996,4.5412,1.9997,2.1208,3.4346,1.3234,2.8727,3.4774,1.1072,2.2263,3.6548,2.5231,2.0196,4.4485,1.4722,1.7488,4.4372,1.5564,2.5614,3.557,2.075,2.2977,4.0714,2.739,2.3165,5.0253,0.42114,2.55,2.9542
1728.6,7.8459,136.69,1.3174,0.26731,3258.1,1.4584,1.8649,4.0785,1.3019,2.2535,4.2225,1.2349,2.0077,4.2249,2.4732,2.6174,4.2879,0.84661,2.0797,4.2542,1.4987,2.5093,3.8686,2.9663,2.8089,5.7709,1.2263,2.0189,4.2418,1.7139,1.7133,4.237,1.2957,2.2432,4.2645,0.84306,2.1242,4.1921,2.9973,2.8233,4.5317,5.5874,2.7263,1.358,1.2543,2.7904,3.6303,0.96655,2.167,3.0377,2.5036,2.0709,4.4536,1.4442,1.6792,3.9003,0.68367,2.5814,3.8673,2.0044,1.7691,3.5271,1.1128,2.3986,3.1369,0.22869,2.2836,3.4869,1.7418,1.664,3.3928,1.9842,2.7846,4.3187,1.7694,1.6735,3.423,1.5039,1.6496,3.9351,0.39059,2.1608,3.1871,2.1111,2.4088,4.3925,1.483,1.698,3.2145,0.83125,1.8966,2.7612,2.9792,2.8296,5.8083,1.9735,1.7974,3.5289,0.98789,2.764,2.8816,1.8356,2.6024,4.034,0.62132,1.8861,2.7711,1.0663,2.4243,3.0646,1.8675,1.8844,4.4648,1.6644,1.6556,3.8997,0.57594,2.2078,3.8598,1.2216,2.504,3.8159,0.95436,2.1245,3.2515,2.6101,2.3495,4.3413,2.1003,2.2316,4.7447,1.4971,1.6963,3.949,1.8968,1.9304,4.4952,1.5334,2.2231,3.2702,0.81394,2.1634,3.1817,2.459,2.3713,4.3203,2.0415,2.6035,4.9622,1.9494,2.6293,4.8791,2.6078,2.3389,4.3892,1.2813,2.5166,3.9197,1.6849,2.2136,4.3183,2.189,2.9994,4.121,0.52371,2.4481,2.5013,1.5023,2.1139,4.5932,2.1601,3.0289,4.0749,0.3334,2.4062,3.3821,1.6429,1.6102,4.0855,0.71386,2.0639,3.1224,2.2008,2.2752,4.6232,0.5373,2.5638,2.9805,0.96093,2.1217,3.2814,0.32186,2.8941,2.1398,2.0202,2.0195,4.6046,2.5968,2.3491,4.3519,2.6855,2.2987,5.2503,2.0681,2.7248,4.3744,1.1437,1.8815,3.9911,4.542,2.9373,0.4352,0.88565,2.1515,3.0618,1.3491,2.0777,4.2997,1.0928,2.0919,3.5666,2.2989,2.7596,4.5601,1.7263,1.6161,4.151,1.2151,2.4906,3.0928,0.80542,2.4086,3.8,2.0778,1.9128,3.6933,1.5994,2.4783,3.4457,1.6406,2.5381,3.578,1.5994,1.6552,4.2637,1.9945,2.7253,4.4703,2.1112,2.7392,4.5673,3.3021,2.7564,6.0553,1.7504,1.6223,4.1447,1.7341,2.0093,3.4419,2.131,2.9215,4.9139,1.2058,2.5415,3.1082,2.6707,2.4668,4.9916,0.98707,2.6017,4.0378,1.5924,2.4433,3.4374,1.1069,1.8421,4.0969,1.6575,1.6027,4.0743,1.7154,2.0149,3.4422,0.1616,2.9244,3.2317,2.9623,2.2696,4.6002,1.3546,1.9954,4.2162,1.2944,2.6262,3.3987,1.4162,2.4325,3.3278,1.8272,1.9547,3.7064,1.9363,2.3902,4.0216,1.0733,2.2826,3.1897,2.5326,2.0173,5.1485,1.2377,2.6969,3.3278,1.4148,2.4458,3.3376,0.17651,2.963,3.2183,0.69688,1.8459,2.8412,1.6753,1.9798,4.4552,1.495,1.8332,4.1686,5.4698,2.9006,1.8201,0.84315,2.1446,2.7991,0.99985,2.626,4.0427,2.2224,2.4973,3.6517,2.6875,2.4012,4.9976,2.9492,2.6727,4.6199,2.1575,2.4998,4.533,2.3301,2.0929,4.212,0.7807,2.0222,3.3775,0.35956,2.4626,2.9169,0.62225,2.1518,3.72,2.3764,2.4319,4.4448,0.83796,2.4581,2.891,1.2657,1.5406,4.3036,1.6588,2.0151,3.4954,0.45342,2.687,2.0272,3.3865,2.9224,0.10345,0.72237,2.3946,2.9312,1.6425,1.6319,4.0629,1.5029,1.9161,3.1595,0.70304,2.4468,2.8368,2.1714,2.3191,4.9266,1.1724,2.5745,3.0581,1.0671,2.0272,3.5158,0.4463,2.0012,3.2977,1.7207,2.0155,3.4596,2.4039,2.066,4.1498,2.1538,2.1871,5.0293,1.3023,1.7557,3.8494,0.71599,2.009,2.7558,2.1523,2.2211,4.9976,2.3493,2.1999,4.5191,1.5727,2.3429,3.9603,4.1378,2.9862,0.016434,1.9481,2.3723,3.9658,0.77239,1.9787,4.0966,1.2174,2.6316,4.2686,3.5346,2.8165,6.1129,1.5664,1.6417,3.3215,0.29231,2.2763,3.3631,5.4156,2.9499,1.2809,0.53893,2.7562,3.2787,1.2879,2.5252,2.9843,2.1872,2.1136,4.9507,1.5291,2.0835,4.4119,1.5245,1.6421,3.3536,1.4698,2.9203,3.3881,0.47346,2.4578,2.7735,0.89166,2.448,2.9648,0.21598,2.624,3.3342,1.656,2.3004,4.2049,0.4878,2.4622,2.7294,1.0319,2.2093,3.6742,1.4057,1.8077,4.2625,0.33463,2.3035,3.4414,1.5007,1.6162,3.2993,0.44986,2.4467,2.7614,3.037,2.8321,5.9881,1.9744,2.5581,4.0062,1.9886,2.1681,4.5738,2.573,2.7416,5.2188,1.8692,1.9625,3.8743,1.3198,1.773,3.7202,2.1566,2.1381,4.9406,1.3699,2.5875,4.0182,0.6137,3.1048,2.4261,4.6741,2.9452,0.40558,1.2447,2.6795,4.297,1.9412,1.9732,3.9715,1.2582,2.6529,2.8911,0.36112,2.7309,2.9975,0.99239,2.8677,4.1944,0.56661,2.5515,2.5381,0.67925,2.0044,2.9616,0.6438,2.3879,3.4904,1.5799,2.1542,4.2126,1.3209,2.71,4.4284,0.58628,1.9782,3.0864,1.9544,1.8884,3.8063,1.1805,1.8682,3.6875,2.4127,2.6908,4.8665,1.3968,1.4842,4.1226,1.395,2.1418,3.1823,0.64832,1.9702,3.0965,0.41973,2.4494,2.5261,1.6186,2.2776,4.1658,2.473,2.69,4.9723,0.60732,1.9764,3.0767,1.6244,1.7662,3.3595,0.78347,3.0441,2.6639,0.56351,2.5182,2.5539,2.9586,2.7286,5.9538,6.0847,2.8946,2.4802,4.6586,2.9725,0.35035,2.3562,2.2908,3.7032,1.0311,3.0395,3.8646,1.3744,2.2687,3.5357,0.9721,3.072,3.7989,2.424,2.2394,3.8226,1.1809,1.8345,3.6651,2.4191,2.3486,4.5459,2.4968,2.619,3.9897,1.3284,2.6626,4.4326,1.8557,1.92,3.8702,1.0872,2.7877,3.5995,2.4479,2.4483,5.0446,1.4694,2.5711,3.2707,2.1561,2.1756,4.0667,0.7966,1.9118,3.4285,2.388,2.3718,3.7445,2.3249,2.3724,3.6928,2.253,1.9567,4.9478,2.6282,2.2686,4.7902,2.3867,2.2854,3.8281,1.4395,1.6165,3.859,2.383,2.6743,4.8824,1.8671,1.9577,3.8624,0.80691,2.1798,4.0543,1.5972,1.8257,4.2194,2.4978,2.6982,5.0084,1.4945,2.3561,3.2867,6.0199,2.8912,2.3282,1.8432,1.7951,3.5483,1.9744,2.9472,4.2317,2.0204,1.9588,4.7879,1.1351,2.5734,4.304,1.9026,2.1968,4.8614,1.6081,1.7582,3.9639,1.6298,2.0489,3.4128,1.0194,2.7404,3.567,0.98487,2.7698,3.8823,1.4612,2.435,3.9518,1.0568,2.7919,3.5532,1.7749,1.7418,4.0885,0.90308,2.4705,2.7475,1.9363,2.071,4.3983,0.10869,2.7591,2.8592,1.1044,1.9822,4.2621,0.99665,2.2961,3.0682,1.6292,2.3916,4.5953,1.0106,2.0541,2.8914,0.73686,1.9836,2.7527,1.5825,1.7615,3.9679,0.89924,2.4598,2.7691,1.345,1.5922,3.8484,2.7977,2.562,4.6443,1.1139,2.1787,3.6263,1.1124,2.7532,3.6501,2.0116,1.9933,4.4893,1.0536,1.9677,4.2612,1.8762,1.625,3.4542,1.6683,2.4704,3.9777,2.1733,2.5214,4.9854,2.1578,2.4245,3.6774,1.2723,3.0563,3.5179,1.4706,1.4527,4.2126,0.63991,2.9828,3.6785,1.6499,1.7282,4.221,0.75071,1.9873,2.7585,0.68621,2.2102,3.9419,2.6514,2.5994,4.5416,1.9999,2.1202,3.4342,1.322,2.8708,3.4759,1.1078,2.2271,3.6554,2.523,2.0203,4.4479,1.4715,1.7492,4.4375,1.5553,2.5608,3.5568,2.0755,2.2982,4.0713,2.7403,2.315,5.0257,0.41984,2.5507,2.9541
1728.6,7.8459,136.69,1.3174,0.27622,3235.9,1.4559,1.8653,4.0748,1.303,2.2545,4.2227,1.2355,2.0079,4.2251,2.4729,2.6161,4.2878,0.84601,2.0801,4.2556,1.4976,2.5104,3.8674,2.9649,2.8078,5.7695,1.2265,2.0194,4.2424,1.7125,1.7127,4.2365,1.2963,2.2438,4.266,0.8427,2.1263,4.1917,2.9996,2.8227,4.532,5.5838,2.7241,1.3547,1.2548,2.7885,3.6306,0.96661,2.1674,3.0383,2.5045,2.0717,4.454,1.4434,1.6789,3.9004,0.68368,2.5823,3.8657,2.0041,1.7692,3.529,1.1137,2.3971,3.1395,0.2268,2.2835,3.4839,1.7402,1.6636,3.3929,1.9793,2.7829,4.3148,1.7687,1.6736,3.4242,1.5048,1.6486,3.936,0.39008,2.1616,3.1862,2.1145,2.4107,4.3929,1.4832,1.6992,3.2149,0.83124,1.8972,2.7611,2.9782,2.8294,5.8084,1.9723,1.7986,3.5307,0.98646,2.7662,2.8802,1.8368,2.6033,4.0356,0.62098,1.8864,2.7704,1.0655,2.4235,3.0646,1.8664,1.8829,4.4638,1.664,1.6541,3.9,0.57887,2.2079,3.8643,1.2215,2.5069,3.8158,0.95191,2.127,3.2504,2.613,2.3512,4.3438,2.1022,2.2345,4.7475,1.4978,1.6968,3.9502,1.897,1.9304,4.4952,1.5351,2.2248,3.2701,0.8131,2.166,3.1815,2.4611,2.3716,4.3213,2.0453,2.6047,4.965,1.9502,2.6312,4.8795,2.6106,2.3405,4.3934,1.2808,2.5182,3.9184,1.6848,2.2127,4.3193,2.1926,2.9974,4.1242,0.52356,2.4479,2.501,1.5006,2.1159,4.5925,2.1623,3.0275,4.076,0.33103,2.4071,3.3798,1.6423,1.6095,4.0857,0.71376,2.065,3.1232,2.1993,2.2761,4.6223,0.53412,2.562,2.9803,0.95871,2.1234,3.2817,0.32736,2.8941,2.1443,2.0211,2.0205,4.605,2.5989,2.3508,4.3546,2.6851,2.2976,5.252,2.0671,2.7217,4.3734,1.1461,1.8819,3.9931,4.5398,2.9354,0.43337,0.8855,2.1524,3.0624,1.3505,2.0771,4.3007,1.0938,2.0917,3.5687,2.2984,2.76,4.559,1.7271,1.6163,4.1508,1.2172,2.4888,3.0935,0.8072,2.4086,3.8007,2.0785,1.912,3.6917,1.5996,2.4795,3.4448,1.6398,2.5387,3.577,1.5972,1.6544,4.2642,1.991,2.7219,4.467,2.1112,2.7365,4.5664,3.3015,2.7555,6.0545,1.7523,1.6227,4.144,1.7351,2.0088,3.4414,2.1307,2.9208,4.9135,1.2077,2.5412,3.1091,2.6717,2.4672,4.991,0.98575,2.6016,4.0369,1.5921,2.4437,3.4364,1.1045,1.8433,4.0969,1.6575,1.602,4.074,1.7158,2.0146,3.4417,0.15847,2.9235,3.2292,2.9654,2.2688,4.6018,1.3561,1.9964,4.2168,1.2959,2.6246,3.4014,1.4146,2.4321,3.3273,1.8266,1.9531,3.7056,1.9362,2.3925,4.023,1.0722,2.2823,3.1896,2.532,2.0163,5.148,1.2376,2.6974,3.3284,1.4132,2.4455,3.3377,0.17188,2.9634,3.2137,0.69746,1.847,2.839,1.6741,1.9775,4.4562,1.4959,1.8318,4.1702,5.4681,2.9008,1.8198,0.84402,2.1453,2.8001,0.99875,2.627,4.0418,2.2259,2.4971,3.6534,2.6902,2.3999,4.9984,2.9546,2.6711,4.6236,2.1572,2.4989,4.5328,2.3295,2.0925,4.2128,0.78108,2.0232,3.3784,0.36024,2.4624,2.9178,0.62276,2.1521,3.7203,2.3765,2.43,4.4455,0.84136,2.4578,2.8928,1.2664,1.5392,4.3038,1.6572,2.0149,3.4969,0.043101,2.6869,2.0258,3.391,2.9215,0.1081,0.72075,2.3924,2.9338,1.6419,1.6316,4.0621,1.5032,1.9175,3.1587,0.70104,2.446,2.8363,2.1716,2.3181,4.9256,1.1732,2.5757,3.0573,1.0693,2.0288,3.5165,0.44252,2.0019,3.2995,1.721,2.0156,3.4598,2.405,2.0656,4.1486,2.1538,2.188,5.0308,1.3028,1.7554,3.851,0.71711,2.01,2.7559,2.1522,2.2226,4.9976,2.3507,2.2004,4.5213,1.5729,2.3446,3.9602,4.1367,2.9851,0.01325,1.9479,2.3738,3.9649,0.77006,1.979,4.0957,1.219,2.6341,4.2704,3.5351,2.8153,6.1145,1.5678,1.6427,3.323,0.29081,2.2759,3.361,5.4226,2.9479,1.2852,0.5375,2.7553,3.279,1.2884,2.5261,2.9843,2.1893,2.1124,4.95,1.5309,2.0821,4.4143,1.5245,1.6424,3.3562,1.4732,2.9202,3.3888,0.4742,2.4581,2.7759,0.89084,2.4477,2.964,0.21511,2.6243,3.3331,1.6572,2.3013,4.2077,0.48881,2.4628,2.7302,1.031,2.2107,3.6745,1.4062,1.8072,4.2614,0.33478,2.3037,3.4423,1.4999,1.616,3.2999,0.44994,2.4467,2.7633,3.0392,2.8306,5.9916,1.9735,2.5569,4.0052,1.9893,2.1675,4.5734,2.5707,2.7405,5.2166,1.8682,1.9616,3.873,1.3207,1.7709,3.7216,2.1572,2.1374,4.9391,1.3689,2.5854,4.0186,0.58068,3.1055,2.3922,4.6746,2.9436,0.40629,1.2444,2.6795,4.296,1.9422,1.9734,3.9742,1.2586,2.6539,2.892,0.36134,2.7291,2.9995,0.99483,2.8667,4.197,0.56574,2.5527,2.5359,0.6784,2.0065,2.961,0.6467,2.3876,3.4923,1.5805,2.1527,4.2119,1.323,2.711,4.4316,0.5848,1.9791,3.0857,1.9534,1.8875,3.8058,1.18,1.8686,3.689,2.4115,2.6894,4.8625,1.3979,1.4826,4.1204,1.3952,2.1407,3.1826,0.64893,1.9709,3.0962,0.41813,2.4494,2.5243,1.6189,2.2786,4.1673,2.4733,2.689,4.9717,0.60618,1.977,3.0754,1.6265,1.7672,3.3608,0.79297,3.0443,2.6721,0.56248,2.5184,2.5519,2.9613,2.7281,5.957,6.0826,2.8956,2.4795,4.659,2.9724,0.34965,2.3566,2.2869,3.7011,1.031,3.0383,3.8665,1.3723,2.2691,3.5349,0.97577,3.0721,3.8045,2.4263,2.2396,3.8237,1.1805,1.834,3.6659,2.4194,2.3491,4.5458,2.4946,2.6193,3.9894,1.3306,2.6623,4.4355,1.8543,1.9178,3.869,1.0854,2.7876,3.5974,2.4481,2.4473,5.0431,1.4647,2.5699,3.2703,2.1558,2.1755,4.0656,0.79679,1.912,3.4302,2.3896,2.3709,3.7442,2.3243,2.3712,3.6908,2.2553,1.9589,4.9493,2.6281,2.2679,4.7905,2.3878,2.2874,3.8292,1.4414,1.6174,3.8599,2.3813,2.6725,4.8796,1.8663,1.9569,3.8608,0.808,2.1811,4.0575,1.597,1.825,4.218,2.499,2.6976,5.0091,1.496,2.3553,3.2874,6.024,2.8915,2.3331,1.8426,1.7948,3.5506,1.9748,2.9445,4.2297,2.0204,1.9591,4.7887,1.1366,2.5735,4.3052,1.9034,2.1981,4.861,1.608,1.7565,3.9639,1.6307,2.0501,3.4134,1.0192,2.7394,3.5669,0.987,2.7676,3.8843,1.464,2.4359,3.9559,1.0546,2.7917,3.5501,1.7726,1.7396,4.0884,0.90267,2.4713,2.7465,1.9374,2.071,4.399,0.11065,2.7576,2.8606,1.1052,1.9825,4.2624,0.99796,2.2949,3.0701,1.6293,2.3915,4.5962,1.0118,2.0525,2.8933,0.73683,1.9827,2.7535,1.5815,1.7596,3.9681,0.8987,2.4601,2.7688,1.3437,1.5922,3.8488,2.7988,2.5609,4.6448,1.1149,2.1803,3.6261,1.1122,2.7513,3.6505,2.0129,1.9931,4.4894,1.0527,1.9674,4.2615,1.8768,1.624,3.4543,1.6686,2.4702,3.9769,2.1758,2.5205,4.9879,2.1583,2.4263,3.6768,1.2777,3.0558,3.5238,1.4715,1.4524,4.2121,0.63912,2.9822,3.6792,1.651,1.7268,4.2206,0.75115,1.9865,2.7593,0.68569,2.2111,3.9412,2.6503,2.5993,4.542,2.0001,2.1194,3.4339,1.3206,2.8688,3.4744,1.1085,2.228,3.6559,2.5229,2.0209,4.4474,1.4709,1.7497,4.4378,1.5543,2.5603,3.5566,2.076,2.2987,4.0712,2.7415,2.3134,5.026,0.41852,2.5515,2.954
1728.6,7.8459,136.69,1.3174,0.28513,3212.6,1.4534,1.8657,4.0711,1.3041,2.2556,4.2229,1.2361,2.0081,4.2253,2.4727,2.6148,4.2878,0.84542,2.0806,4.2569,1.4964,2.5116,3.8661,2.9636,2.8066,5.7681,1.2267,2.0199,4.243,1.7111,1.7121,4.2359,1.2969,2.2444,4.2674,0.84234,2.1283,4.1913,3.0019,2.8221,4.5322,5.5801,2.7218,1.3515,1.2553,2.7866,3.631,0.96666,2.1679,3.0389,2.5054,2.0725,4.4545,1.4427,1.6787,3.9005,0.68361,2.5833,3.864,2.0037,1.7693,3.5309,1.1145,2.3957,3.1421,0.22489,2.2835,3.4809,1.7385,1.6631,3.393,1.9744,2.7812,4.3109,1.768,1.6737,3.4254,1.5056,1.6475,3.9368,0.38955,2.1624,3.1854,2.1179,2.4126,4.3934,1.4833,1.7004,3.2154,0.83122,1.8978,2.761,2.9771,2.8293,5.8085,1.9711,1.7999,3.5325,0.98499,2.7685,2.8788,1.8381,2.6041,4.0371,0.62066,1.8866,2.7698,1.0648,2.4228,3.0646,1.8652,1.8814,4.4627,1.6635,1.6527,3.9002,0.5818,2.2079,3.8688,1.2214,2.5098,3.8156,0.94942,2.1294,3.2493,2.616,2.3529,4.3463,2.1042,2.2374,4.7502,1.4985,1.6973,3.9515,1.8971,1.9304,4.4952,1.5369,2.2263,3.27,0.81222,2.1685,3.1814,2.4632,2.372,4.3224,2.0491,2.6059,4.9678,1.951,2.6331,4.88,2.6135,2.3422,4.3977,1.2803,2.5198,3.9171,1.6848,2.2118,4.3204,2.1962,2.9954,4.1273,0.52338,2.4478,2.5005,1.4989,2.1178,4.5918,2.1646,3.0261,4.0771,0.32868,2.4079,3.3774,1.6417,1.6088,4.0858,0.71366,2.0661,3.124,2.1976,2.2771,4.6213,0.53096,2.5602,2.9802,0.95646,2.1251,3.2821,0.33288,2.8941,2.1488,2.0221,2.0213,4.6055,2.601,2.3525,4.3572,2.6846,2.2965,5.2537,2.0663,2.7186,4.3724,1.1485,1.8823,3.995,4.5377,2.9335,0.43155,0.88536,2.1534,3.0631,1.3519,2.0765,4.3018,1.0946,2.0915,3.5707,2.2979,2.7602,4.5578,1.7279,1.6164,4.1506,1.2195,2.487,3.0941,0.80898,2.4086,3.8014,2.0792,1.9113,3.6902,1.5998,2.4807,3.444,1.639,2.5393,3.5759,1.5951,1.6536,4.2648,1.9876,2.7186,4.4638,2.1112,2.7339,4.5656,3.3009,2.7547,6.0538,1.7543,1.6232,4.1433,1.736,2.0083,3.4409,2.1305,2.9201,4.913,1.2096,2.541,3.1101,2.6727,2.4677,4.9904,0.98442,2.6015,4.0359,1.5919,2.4442,3.4353,1.1021,1.8445,4.0969,1.6575,1.6014,4.0736,1.7163,2.0144,3.4412,0.15535,2.9227,3.2266,2.9685,2.2681,4.6033,1.3576,1.9974,4.2174,1.2973,2.623,3.404,1.4129,2.4317,3.3268,1.826,1.9514,3.7049,1.9361,2.3948,4.0244,1.071,2.2821,3.1895,2.5313,2.0152,5.1474,1.2375,2.6979,3.3291,1.4115,2.4453,3.3377,0.16727,2.9638,3.2091,0.69804,1.8481,2.8367,1.6729,1.9752,4.4572,1.4967,1.8305,4.1719,5.4664,2.9009,1.8196,0.84487,2.146,2.801,0.99767,2.6281,4.0408,2.2296,2.4969,3.6552,2.6929,2.3987,4.9992,2.9599,2.6693,4.6273,2.157,2.4981,4.5326,2.3289,2.092,4.2135,0.78144,2.0242,3.3793,0.3609,2.4623,2.9185,0.62326,2.1524,3.7207,2.3765,2.4281,4.4461,0.84476,2.4574,2.8947,1.2671,1.5378,4.3039,1.6555,2.0148,3.4984,6.2788,2.6868,2.0244,3.3954,2.9207,0.11295,0.7191,2.3904,2.9363,1.6413,1.6312,4.0613,1.5034,1.9188,3.158,0.69902,2.4453,2.8358,2.1718,2.317,4.9245,1.174,2.5769,3.0566,1.0716,2.0305,3.5172,0.43872,2.0025,3.3013,1.7214,2.0156,3.4599,2.4061,2.0651,4.1474,2.1538,2.1888,5.0322,1.3033,1.7552,3.8526,0.71823,2.0108,2.756,2.1521,2.224,4.9976,2.352,2.2009,4.5236,1.5731,2.3463,3.9601,4.1356,2.9839,0.010072,1.9477,2.3753,3.9639,0.76774,1.9792,4.0949,1.2205,2.6366,4.2722,3.5357,2.8141,6.116,1.5691,1.6438,3.3244,0.28935,2.2754,3.3587,5.4295,2.9459,1.2895,0.53604,2.7545,3.2792,1.2889,2.5269,2.9843,2.1913,2.1112,4.9494,1.5327,2.0807,4.4167,1.5245,1.6426,3.3588,1.4765,2.9201,3.3895,0.47494,2.4585,2.7783,0.89008,2.4475,2.9633,0.21424,2.6245,3.332,1.6584,2.3023,4.2104,0.48983,2.4634,2.731,1.0302,2.212,3.6749,1.4067,1.8067,4.2603,0.33493,2.3041,3.4433,1.4992,1.6156,3.3005,0.45003,2.4467,2.7653,3.0413,2.8291,5.995,1.9725,2.5557,4.0043,1.9899,2.1669,4.5729,2.5683,2.7394,5.2144,1.8671,1.9608,3.8717,1.3218,1.7689,3.7229,2.1578,2.1367,4.9376,1.3679,2.5834,4.0191,0.54613,3.1061,2.3568,4.6752,2.9421,0.40702,1.2442,2.6795,4.2949,1.9433,1.9735,3.9768,1.2591,2.655,2.8928,0.36156,2.7273,3.0016,0.99727,2.8656,4.1996,0.56487,2.5539,2.5336,0.67753,2.0085,2.9604,0.64959,2.3872,3.4942,1.5811,2.1512,4.2112,1.325,2.7121,4.4348,0.5833,1.9799,3.085,1.9523,1.8867,3.8053,1.1795,1.8691,3.6904,2.4103,2.6881,4.8585,1.399,1.4811,4.1183,1.3954,2.1396,3.183,0.64956,1.9716,3.0958,0.41654,2.4494,2.5225,1.6191,2.2795,4.1687,2.4737,2.6879,4.9711,0.60504,1.9776,3.0741,1.6285,1.7681,3.3621,0.80264,3.0445,2.6805,0.56139,2.5186,2.5499,2.9639,2.7276,5.9602,6.0805,2.8967,2.4789,4.6595,2.9723,0.349,2.3571,2.2831,3.699,1.031,3.0371,3.8684,1.3702,2.2693,3.5342,0.97958,3.0721,3.8103,2.4287,2.2398,3.8249,1.18,1.8334,3.6667,2.4198,2.3496,4.5457,2.4925,2.6197,3.989,1.3327,2.6621,4.4385,1.8529,1.9155,3.8678,1.0836,2.7875,3.5953,2.4485,2.4463,5.0416,1.4599,2.5688,3.2699,2.1556,2.1754,4.0645,0.79697,1.9124,3.432,2.3911,2.3699,3.744,2.3237,2.3699,3.6889,2.2577,1.961,4.9507,2.628,2.2672,4.7907,2.389,2.2894,3.8303,1.4433,1.6184,3.8607,2.3795,2.6706,4.8769,1.8656,1.9561,3.8593,0.80908,2.1824,4.0607,1.5968,1.8243,4.2167,2.5002,2.697,5.0097,1.4977,2.3546,3.2881,6.028,2.8917,2.338,1.842,1.7944,3.553,1.9753,2.9419,4.2277,2.0204,1.9594,4.7894,1.138,2.5736,4.3064,1.9041,2.1994,4.8605,1.608,1.7547,3.9639,1.6317,2.0514,3.414,1.019,2.7386,3.5668,0.98911,2.7656,3.8862,1.4669,2.4369,3.9599,1.0525,2.7915,3.547,1.7702,1.7375,4.0883,0.90225,2.4721,2.7454,1.9385,2.071,4.3997,0.11261,2.7561,2.862,1.106,1.9827,4.2626,0.99926,2.2937,3.072,1.6294,2.3914,4.597,1.013,2.051,2.8952,0.73681,1.9819,2.7542,1.5804,1.7577,3.9683,0.89818,2.4604,2.7686,1.3424,1.5922,3.8492,2.7999,2.5597,4.6454,1.1158,2.182,3.626,1.1121,2.7494,3.651,2.0142,1.993,4.4894,1.0519,1.967,4.2619,1.8774,1.6229,3.4543,1.6688,2.47,3.9761,2.1783,2.5196,4.9904,2.1589,2.4281,3.6762,1.283,3.0552,3.5296,1.4723,1.452,4.2116,0.63832,2.9816,3.6799,1.6522,1.7254,4.2201,0.75159,1.9858,2.76,0.68513,2.212,3.9405,2.6492,2.5993,4.5425,2.0002,2.1186,3.4335,1.3193,2.8668,3.473,1.1092,2.2288,3.6565,2.5229,2.0215,4.4468,1.4703,1.7502,4.4382,1.5533,2.5598,3.5565,2.0765,2.2992,4.0712,2.7427,2.3119,5.0264,0.41719,2.5522,2.954
0.01498,0.0014994,8.5528,12.206,0.0010745,24.926,1.5235,1.8372,4.1741,1.2782,2.2254,4.2226,1.2312,1.9874,4.2331,2.4989,2.6628,4.3027,0.85828,2.0613,4.2171,1.5204,2.4832,3.8936,3.0064,2.8388,5.8161,1.2292,1.9888,4.2336,1.7481,1.7181,4.248,1.2775,2.2267,4.2243,0.85829,2.0616,4.2156,2.8902,2.8355,4.5072,5.7128,2.7771,1.4703,1.2368,2.8458,3.6218,0.9574,2.1446,3.0238,2.4834,2.0502,4.4442,1.4726,1.6773,3.905,0.65919,2.5691,3.8853,2.0055,1.7623,3.4727,1.0718,2.4474,3.0547,0.27282,2.2847,3.5647,1.7864,1.6724,3.387,2.1465,2.8266,4.4522,1.7869,1.6695,3.3899,1.4761,1.675,3.9061,0.39623,2.1322,3.2053,2.0341,2.3533,4.3849,1.4739,1.6654,3.199,0.83218,1.872,2.7748,3.0077,2.8415,5.8142,2.0064,1.7602,3.4739,1.0067,2.7158,2.879,1.8177,2.5893,4.0011,0.6317,1.8675,2.7992,1.0708,2.4462,3.052,1.8981,1.9142,4.4933,1.6794,1.6962,3.8956,0.5098,2.2006,3.7446,1.1929,2.4179,3.7866,1.0056,2.058,3.2723,2.5447,2.2964,4.2882,2.068,2.1468,4.6747,1.4785,1.6761,3.9099,1.8967,1.9166,4.4929,1.4902,2.17,3.268,0.82329,2.0775,3.1899,2.4175,2.3704,4.3124,1.9466,2.6025,4.8928,1.9393,2.5951,4.8823,2.5446,2.2965,4.2868,1.2874,2.486,3.9477,1.6865,2.2312,4.2934,2.0628,3.0637,4.0072,0.50036,2.4703,2.4733,1.5428,2.0551,4.6064,2.0785,3.0668,4.0264,0.39353,2.3732,3.4394,1.6613,1.6314,4.0828,0.71023,2.0203,3.1,2.2437,2.2394,4.645,0.6239,2.62,2.9946,1.0055,2.0612,3.2729,0.13291,2.89,1.9781,1.9945,1.9841,4.5868,2.5448,2.2967,4.2895,2.6782,2.339,5.2012,2.1511,2.8253,4.4544,1.0793,1.851,3.9442,4.6174,3.0007,0.5051,0.88786,2.1166,3.0561,1.3057,2.1009,4.2645,1.0555,2.0866,3.4936,2.3184,2.7565,4.5895,1.7008,1.6007,4.1587,1.1415,2.5588,3.0652,0.74912,2.425,3.7701,2.0533,1.93,3.7402,1.5998,2.4369,3.4683,1.6619,2.5208,3.6075,1.6599,1.6801,4.2496,2.1157,2.8123,4.5923,2.1179,2.8128,4.5917,3.3523,2.7824,6.1134,1.6999,1.6006,4.1587,1.7018,2.006,3.4534,2.1309,2.938,4.9256,1.1432,2.5585,3.0685,2.6396,2.447,4.991,1.0231,2.6025,4.0653,1.6019,2.436,3.4687,1.186,1.7968,4.1026,1.661,1.6316,4.0846,1.7018,2.0055,3.4522,0.2884,2.9476,3.3347,2.8695,2.2929,4.5611,1.3174,1.951,4.2044,1.2452,2.6902,3.3181,1.4641,2.4589,3.3428,1.8407,1.9863,3.7262,1.9512,2.3354,3.9915,1.0971,2.2824,3.1893,2.5403,2.0501,5.1492,1.2415,2.6897,3.3117,1.4629,2.4601,3.3405,0.28932,2.9472,3.3369,0.67722,1.8056,2.9154,1.7013,2.0282,4.4204,1.4674,1.8648,4.1182,5.5417,2.9019,1.8533,0.8191,2.122,2.78,1.0231,2.6035,4.0664,2.1511,2.5239,3.6205,2.6411,2.4454,4.9926,2.7993,2.706,4.5194,2.1648,2.5309,4.5361,2.349,2.102,4.1934,0.76617,1.9881,3.3502,0.32305,2.4748,2.8783,0.6043,2.1401,3.7141,2.3861,2.5108,4.4291,0.74576,2.4654,2.8496,1.2553,1.5816,4.2873,1.7013,2.0063,3.4508,0.020762,2.6893,2.0471,3.208,2.9387,6.1989,0.74142,2.4656,2.848,1.6604,1.6339,4.0881,1.4937,1.8637,3.1828,0.74035,2.4655,2.8463,2.1686,2.3479,4.9561,1.1419,2.5624,3.0676,1.0015,1.9628,3.5036,0.5329,1.9779,3.2568,1.7003,2.0076,3.4504,2.3861,2.0797,4.1967,2.1416,2.1544,4.9785,1.2895,1.7546,3.7993,0.68252,1.9763,2.7561,2.1412,2.1536,4.9798,2.3182,2.184,4.4585,1.567,2.2881,3.9627,4.1958,3.0095,0.12997,1.9553,2.3359,3.9952,0.83908,1.9641,4.1176,1.1734,2.5711,4.214,3.514,2.8545,6.0764,1.5318,1.6173,3.2865,0.32434,2.2971,3.4105,5.1367,2.9917,1.0779,0.55491,2.7848,3.2505,1.2646,2.5062,2.9762,2.1407,2.1532,4.9811,1.4735,2.095,4.3491,1.5252,1.6219,3.2864,1.378,2.9304,3.3644,0.44811,2.4503,2.7158,0.92412,2.4546,2.9989,0.22223,2.6181,3.3412,1.6116,2.2548,4.1243,0.44277,2.4478,2.7102,1.0484,2.1682,3.6608,1.3944,1.8083,4.293,0.32515,2.2986,3.4092,1.5289,1.6174,3.2865,0.44455,2.4508,2.7135,2.9784,2.8702,5.8953,2.0085,2.5996,4.0359,1.9697,2.177,4.5869,2.6368,2.7753,5.2757,1.8897,1.9664,3.9046,1.2938,1.818,3.6874,2.1428,2.1544,4.9814,1.4028,2.6594,4.0094,1.1131,3.0856,2.9563,4.6922,2.9872,0.41657,1.2559,2.683,4.333,1.9035,1.9589,3.8847,1.2448,2.6359,2.863,0.35473,2.774,2.9458,0.93891,2.8894,4.1317,0.5702,2.5207,2.5785,0.69883,1.9307,2.9939,0.54682,2.3947,3.4304,1.5672,2.1753,4.2273,1.2552,2.6847,4.3343,0.63585,1.9471,3.12,1.9786,1.898,3.8191,1.1932,1.8473,3.6444,2.4687,2.7238,4.9896,1.3771,1.5219,4.1729,1.3907,2.1562,3.1755,0.63794,1.9471,3.1194,0.45978,2.4505,2.5663,1.6132,2.2526,4.127,2.4655,2.7235,4.9883,0.63668,1.9479,3.1178,1.5637,1.7138,3.3269,0.51753,3.0394,2.4333,0.57135,2.521,2.5813,2.9053,2.7439,5.8849,6.1736,2.8629,2.5386,4.6804,2.9899,0.40286,2.3475,2.4095,3.7552,0.85537,3.0823,3.6364,1.4401,2.2534,3.5648,0.83405,3.08,3.6149,2.368,2.2381,3.8107,1.1921,1.8479,3.6436,2.4263,2.3371,4.5581,2.5829,2.6264,4.0289,1.2596,2.6843,4.3357,1.8908,1.9648,3.9059,1.1224,2.7979,3.6478,2.4528,2.4865,5.0952,1.6069,2.6223,3.2988,2.1687,2.1869,4.1015,0.78735,1.9023,3.3721,2.3477,2.4104,3.7539,2.3496,2.412,3.7561,2.1836,1.8858,4.9004,2.6468,2.2911,4.7933,2.3663,2.2391,3.8105,1.381,1.5863,3.8346,2.4692,2.7213,4.9928,1.8903,1.9649,3.9062,0.77995,2.1419,3.9591,1.6015,1.8353,4.2588,2.4668,2.7235,4.9902,1.4449,2.39,3.2601,5.926,2.8801,2.2042,1.8595,1.8011,3.4747,1.9776,3.026,4.3022,2.0136,1.9497,4.7518,1.0984,2.5794,4.2708,1.8811,2.1505,4.8606,1.6134,1.8048,3.9666,1.6043,2.0105,3.3934,1.0085,2.7785,3.5577,0.90774,2.8333,3.8056,1.3767,2.3887,3.8426,1.1207,2.7992,3.6463,1.8391,1.7996,4.0942,0.91231,2.4613,2.7721,1.91,2.0685,4.3847,0.068227,2.797,2.8332,1.0868,1.9608,4.2607,0.94561,2.3379,3.0073,1.6326,2.3956,4.5869,0.97928,2.0887,2.8336,0.74422,1.9993,2.744,1.6129,1.8042,3.9686,0.91314,2.4607,2.7728,1.3814,1.5868,3.8362,2.7722,2.5903,4.638,1.0844,2.1372,3.6273,1.1191,2.8013,3.6474,1.9759,1.9869,4.4763,1.0851,1.9621,4.2598,1.8531,1.6506,3.45,1.6623,2.4805,3.9992,2.1107,2.5552,4.9225,2.1557,2.3802,3.7109,1.1834,3.0749,3.4158,1.4461,1.4657,4.2331,0.61701,3.0001,3.6113,1.6249,1.753,4.2342,0.74502,1.9978,2.743,0.6899,2.1943,3.9436,2.6897,2.6027,4.538,1.9909,2.1286,3.4391,1.3819,2.924,3.537,1.0815,2.1915,3.6358,2.5309,1.9988,4.4686,1.4914,1.7351,4.4226,1.6108,2.5927,3.5824,2.0628,2.2872,4.0716,2.7123,2.375,5.0125,0.44298,2.5317,2.9557
0.01498,0.0014994,8.5528,12.206,0.0021491,24.966,1.523,1.8372,4.1735,1.2778,2.2257,4.2226,1.2306,1.9871,4.2335,2.4983,2.6624,4.3022,0.85832,2.0608,4.2178,1.5203,2.4842,3.8936,3.0082,2.8389,5.8186,1.2284,1.9886,4.2337,1.748,1.7174,4.2478,1.2779,2.2268,4.225,0.85801,2.0617,4.2155,2.8913,2.8354,4.5078,5.7107,2.7766,1.4679,1.2382,2.8444,3.6233,0.95681,2.1446,3.0237,2.4838,2.051,4.4453,1.4726,1.6769,3.9053,0.65895,2.5696,3.8846,2.0058,1.7624,3.4732,1.0729,2.4468,3.0569,0.27167,2.2849,3.5632,1.7862,1.6728,3.3873,2.1434,2.826,4.4487,1.7869,1.6703,3.3902,1.4756,1.6744,3.9067,0.39592,2.1327,3.2042,2.0351,2.3544,4.3863,1.4738,1.6659,3.1992,0.83203,1.8731,2.7742,3.0093,2.8415,5.8159,2.0067,1.7608,3.4744,1.0069,2.7161,2.8795,1.8179,2.5892,4.0016,0.63212,1.8683,2.7991,1.0706,2.4458,3.0528,1.8984,1.9145,4.4938,1.6799,1.6952,3.8954,0.50985,2.2006,3.7447,1.1926,2.4197,3.786,1.0047,2.059,3.2712,2.5459,2.2971,4.2897,2.0688,2.1479,4.676,1.4788,1.6758,3.9104,1.8967,1.9167,4.4932,1.4906,2.1707,3.2679,0.82267,2.0784,3.1888,2.4178,2.3708,4.3131,1.9461,2.6021,4.8916,1.9381,2.5953,4.8805,2.5452,2.2972,4.2881,1.2874,2.4866,3.947,1.687,2.2314,4.294,2.0587,3.0629,4.0028,0.50166,2.4701,2.4746,1.5429,2.0555,4.6071,2.0767,3.0663,4.0244,0.39266,2.3738,3.438,1.6613,1.6305,4.0827,0.71003,2.0209,3.0995,2.2439,2.2397,4.6454,0.62586,2.6194,2.9968,1.0048,2.0621,3.2718,0.13195,2.89,1.9769,1.9948,1.9843,4.5873,2.5453,2.2975,4.2906,2.6769,2.3385,5.1999,2.1482,2.8238,4.4513,1.0794,1.8501,3.9449,4.6181,2.9996,0.50561,0.88735,2.1168,3.0556,1.3057,2.1006,4.2653,1.0553,2.0867,3.4934,2.3158,2.7558,4.5865,1.7011,1.5999,4.1583,1.1427,2.5583,3.0662,0.74958,2.4255,3.77,2.0536,1.9293,3.7396,1.5993,2.4372,3.4678,1.661,2.5213,3.6071,1.6594,1.679,4.2496,2.1131,2.8113,4.5895,2.1161,2.8116,4.5898,3.3529,2.7822,6.1139,1.7003,1.5998,4.1584,1.7022,2.0058,3.4533,2.1292,2.9377,4.924,1.1442,2.5581,3.0698,2.6392,2.4469,4.9905,1.0239,2.6025,4.0654,1.6012,2.436,3.4683,1.1856,1.7976,4.102,1.6611,1.6307,4.0843,1.7022,2.0054,3.4517,0.28812,2.9474,3.3345,2.87,2.2932,4.5621,1.3172,1.9509,4.2045,1.2464,2.6896,3.32,1.4636,2.4587,3.3427,1.841,1.9856,3.7254,1.951,2.3365,3.9917,1.0967,2.2825,3.1889,2.5402,2.0495,5.1488,1.2419,2.6891,3.3126,1.4621,2.4604,3.34,0.28988,2.947,3.3374,0.67697,1.8059,2.9145,1.701,2.0278,4.4212,1.4674,1.8639,4.1186,5.5404,2.9017,1.8521,0.81919,2.1217,2.7805,1.0236,2.6038,4.0666,2.1522,2.5238,3.6206,2.6404,2.4451,4.9917,2.7998,2.7056,4.5198,2.1642,2.5306,4.5353,2.349,2.1022,4.1937,0.76627,1.9886,3.3499,0.3241,2.4745,2.8793,0.60412,2.1402,3.7139,2.386,2.5099,4.4296,0.74681,2.4652,2.8506,1.2553,1.5818,4.2873,1.701,2.0067,3.4505,6.0732,2.6893,2.0453,3.2094,2.9386,6.2004,0.74276,2.4651,2.8499,1.6604,1.634,4.0879,1.4938,1.8641,3.1827,0.74088,2.4651,2.8472,2.1685,2.348,4.9555,1.1424,2.5624,3.0684,1.0016,1.9629,3.5036,0.53237,1.978,3.2571,1.7006,2.0079,3.45,2.3861,2.0801,4.197,2.1421,2.1544,4.9789,1.2893,1.7539,3.7997,0.68266,1.9764,2.7563,2.1417,2.1538,4.9803,2.3187,2.1845,4.4592,1.5671,2.2897,3.9628,4.1992,3.0086,0.13323,1.9553,2.3364,3.9954,0.83893,1.9639,4.1178,1.1743,2.5716,4.2145,3.5162,2.8541,6.0786,1.5319,1.6175,3.2866,0.32358,2.2972,3.4095,5.1361,2.9911,1.0773,0.55591,2.7845,3.2518,1.2655,2.5065,2.9768,2.1407,2.1526,4.9805,1.4737,2.0947,4.3496,1.5253,1.6221,3.2866,1.3784,2.9303,3.3646,0.44906,2.45,2.7172,0.92324,2.4547,2.9984,0.22239,2.6179,3.3412,1.6119,2.2553,4.1248,0.44403,2.4475,2.7113,1.0481,2.169,3.6601,1.3943,1.8079,4.293,0.32495,2.299,3.4087,1.5288,1.6173,3.2866,0.44551,2.4505,2.7149,2.9819,2.8702,5.8991,2.0079,2.5991,4.0354,1.9702,2.1774,4.5875,2.6353,2.7753,5.2741,1.8899,1.966,3.9041,1.2938,1.8174,3.6877,2.1432,2.1542,4.9815,1.4024,2.659,4.0088,1.1129,3.0853,2.9559,4.6929,2.9867,0.41709,1.2568,2.6834,4.3338,1.9036,1.9585,3.8846,1.2454,2.636,2.8637,0.35726,2.7737,2.9487,0.93943,2.8898,4.1322,0.57183,2.5208,2.5799,0.69855,1.9315,2.9931,0.54666,2.3951,3.4298,1.5671,2.1755,4.228,1.2571,2.6851,4.3359,0.63503,1.9476,3.1189,1.9789,1.8976,3.8189,1.1932,1.8467,3.6448,2.4663,2.7233,4.9867,1.377,1.5231,4.1725,1.3903,2.1563,3.1752,0.63763,1.9477,3.1183,0.46032,2.4503,2.5669,1.6134,2.2532,4.1275,2.4637,2.7231,4.9862,0.63621,1.9486,3.1165,1.5639,1.7136,3.3271,0.51688,3.0397,2.4323,0.57251,2.5211,2.5824,2.9063,2.7441,5.8862,6.1752,2.8633,2.5404,4.6802,2.9895,0.40244,2.3465,2.409,3.7536,0.86176,3.082,3.6432,1.4391,2.2545,3.564,0.8365,3.0797,3.6176,2.3675,2.2379,3.8099,1.192,1.8473,3.6438,2.4265,2.3373,4.5585,2.5822,2.627,4.029,1.2602,2.6841,4.3362,1.8909,1.9638,3.9052,1.1236,2.7968,3.649,2.4514,2.486,5.0933,1.607,2.6218,3.3,2.1686,2.1872,4.1016,0.78727,1.9025,3.3719,2.3467,2.4103,3.753,2.3488,2.4117,3.7548,2.184,1.8868,4.9011,2.6463,2.2908,4.7932,2.3659,2.239,3.8099,1.3808,1.5863,3.835,2.4672,2.7208,4.9904,1.8904,1.964,3.9057,0.77988,2.1417,3.96,1.6015,1.8346,4.2586,2.4649,2.7231,4.988,1.445,2.3898,3.2601,5.927,2.8804,2.2055,1.8593,1.8008,3.4752,1.9764,3.0252,4.3007,2.0141,1.9497,4.7527,1.0993,2.5793,4.2717,1.8816,2.1502,4.8606,1.6134,1.8038,3.9665,1.6043,2.0105,3.3929,1.0098,2.7774,3.5589,0.90897,2.8328,3.8066,1.3774,2.3895,3.843,1.1213,2.7983,3.6468,1.8389,1.7984,4.0939,0.91252,2.4612,2.7724,1.9103,2.0688,4.3851,0.069813,2.7967,2.8347,1.0865,1.9605,4.2609,0.94615,2.3374,3.0082,1.6329,2.3955,4.5868,0.97924,2.0881,2.8341,0.74399,1.9989,2.7439,1.6127,1.8032,3.9685,0.91354,2.4605,2.7734,1.3812,1.5867,3.8362,2.7716,2.59,4.6373,1.0844,2.1375,3.6271,1.1195,2.8008,3.6479,1.9759,1.9867,4.4764,1.0848,1.962,4.2598,1.8532,1.6509,3.4501,1.6623,2.4809,3.9992,2.111,2.5549,4.9222,2.1553,2.3803,3.7105,1.1836,3.0746,3.4158,1.4461,1.4657,4.2328,0.61789,2.9999,3.6124,1.6247,1.7525,4.2338,0.74488,1.9978,2.7429,0.69016,2.1943,3.9439,2.6894,2.6025,4.5377,1.9911,2.1283,3.4386,1.3823,2.9234,3.5372,1.0815,2.1919,3.6355,2.5311,1.9991,4.469,1.4912,1.735,4.4226,1.6102,2.5926,3.5824,2.0626,2.2877,4.0719,2.7117,2.3746,5.0117,0.44364,2.5315,2.9564
0.01498,0.0014994,8.5528,12.206,0.0032236,24.975,1.5223,1.8372,4.1728,1.2776,2.226,4.2226,1.23,1.9868,4.2338,2.4975,2.662,4.3016,0.85834,2.0604,4.2186,1.5202,2.4851,3.8936,3.0101,2.839,5.8209,1.2276,1.9884,4.2338,1.7478,1.7166,4.2476,1.2782,2.2269,4.2257,0.85773,2.0618,4.2154,2.8923,2.8354,4.5085,5.7087,2.776,1.4657,1.2397,2.8431,3.6247,0.95622,2.1447,3.0235,2.4841,2.0518,4.4463,1.4725,1.6766,3.9056,0.65872,2.5703,3.8838,2.006,1.7626,3.4735,1.0739,2.4461,3.059,0.27055,2.2851,3.5616,1.786,1.673,3.3875,2.1404,2.8253,4.4453,1.7869,1.6711,3.3905,1.4753,1.6736,3.9074,0.39561,2.1334,3.2031,2.0361,2.3554,4.3876,1.4738,1.6665,3.1993,0.83191,1.8742,2.7736,3.0107,2.8415,5.8177,2.007,1.7615,3.4749,1.007,2.7164,2.8799,1.8181,2.5891,4.0021,0.63253,1.8692,2.799,1.0705,2.4455,3.0536,1.8986,1.9146,4.4942,1.6802,1.6942,3.8952,0.50988,2.2006,3.7449,1.1923,2.4216,3.7853,1.0037,2.0599,3.2701,2.547,2.2979,4.2913,2.0697,2.1489,4.6771,1.479,1.6757,3.9107,1.8966,1.9168,4.4935,1.4908,2.1715,3.2678,0.82204,2.0793,3.1878,2.418,2.3714,4.314,1.9455,2.6019,4.8903,1.9369,2.5955,4.8787,2.546,2.2981,4.2894,1.2873,2.4873,3.9463,1.6874,2.2315,4.2948,2.0547,3.0621,3.9986,0.50296,2.47,2.4758,1.5429,2.0557,4.6078,2.075,3.0656,4.0225,0.39177,2.3743,3.4366,1.6612,1.6296,4.0825,0.70982,2.0213,3.099,2.244,2.24,4.6456,0.62779,2.6186,2.999,1.004,2.0631,3.2707,0.13096,2.8901,1.9757,1.995,1.9845,4.588,2.5459,2.2983,4.2918,2.6756,2.338,5.1986,2.1453,2.8225,4.4483,1.0796,1.8492,3.9457,4.6189,2.9985,0.50609,0.88684,2.1169,3.0549,1.3058,2.1003,4.2661,1.0551,2.0868,3.4932,2.3132,2.755,4.5835,1.7013,1.5991,4.158,1.1437,2.558,3.0672,0.75005,2.4259,3.7699,2.0538,1.9285,3.7387,1.5987,2.4373,3.4673,1.6601,2.5219,3.6068,1.6591,1.6779,4.2495,2.1107,2.8103,4.5868,2.1143,2.8106,4.5879,3.3537,2.7821,6.1146,1.7006,1.599,4.1579,1.7027,2.0056,3.4532,2.1274,2.9375,4.9225,1.1452,2.5578,3.0711,2.6388,2.4467,4.9898,1.0247,2.6026,4.0656,1.6007,2.4361,3.468,1.1853,1.7984,4.1015,1.6612,1.6298,4.0841,1.7025,2.0053,3.4514,0.28789,2.9471,3.3344,2.8705,2.2934,4.5631,1.3171,1.9508,4.2046,1.2475,2.6888,3.322,1.4631,2.4586,3.3426,1.8413,1.9848,3.7246,1.9509,2.3375,3.992,1.0962,2.2826,3.1886,2.5401,2.0488,5.1485,1.2422,2.6883,3.3135,1.4613,2.4606,3.3395,0.29042,2.9469,3.3379,0.67671,1.8062,2.9136,1.7007,2.0273,4.4221,1.4673,1.863,4.1189,5.5392,2.9015,1.8509,0.81929,2.1214,2.7811,1.0242,2.6041,4.0667,2.1532,2.5237,3.6207,2.6397,2.4449,4.9909,2.8002,2.7053,4.5201,2.1635,2.5301,4.5344,2.349,2.1023,4.194,0.76636,1.989,3.3496,0.32514,2.4742,2.8804,0.60393,2.1402,3.7138,2.3859,2.509,4.4299,0.74785,2.465,2.8516,1.2552,1.5819,4.2873,1.7008,2.007,3.4503,5.3588,2.6892,2.0435,3.2108,2.9385,6.2021,0.74408,2.4644,2.8519,1.6605,1.6341,4.0877,1.4939,1.8643,3.1826,0.74139,2.4648,2.8481,2.1684,2.348,4.9548,1.1431,2.5624,3.0692,1.0018,1.9629,3.5036,0.53184,1.978,3.2573,1.7008,2.0081,3.4497,2.3861,2.0804,4.1973,2.1426,2.1544,4.9792,1.2891,1.753,3.8,0.6828,1.9765,2.7565,2.1424,2.154,4.9809,2.319,2.1849,4.46,1.5672,2.2912,3.9628,4.2025,3.0077,0.13639,1.9553,2.3371,3.9956,0.83876,1.9637,4.118,1.1752,2.572,4.215,3.5183,2.8538,6.0807,1.532,1.6177,3.2867,0.3228,2.2972,3.4085,5.1353,2.9905,1.0766,0.55689,2.7843,3.2529,1.2664,2.5068,2.9776,2.1407,2.1521,4.9799,1.4739,2.0944,4.3501,1.5253,1.6223,3.2868,1.3787,2.9302,3.3649,0.45,2.4498,2.7184,0.92236,2.4547,2.9981,0.22255,2.6178,3.3412,1.6122,2.2558,4.1251,0.44526,2.4473,2.7123,1.0479,2.1698,3.6597,1.3943,1.8077,4.2929,0.32472,2.2993,3.4081,1.5288,1.6173,3.2867,0.44647,2.4503,2.7163,2.9854,2.8702,5.9028,2.0071,2.5988,4.0349,1.9708,2.1777,4.5881,2.6337,2.7753,5.2724,1.8901,1.9657,3.9038,1.2937,1.8167,3.688,2.1436,2.154,4.9816,1.4021,2.6587,4.0081,1.1126,3.0852,2.9555,4.6937,2.9863,0.41761,1.2577,2.6837,4.3346,1.9037,1.9582,3.8846,1.2461,2.6361,2.8646,0.35976,2.7735,2.9516,0.93996,2.8901,4.1326,0.57346,2.5209,2.5812,0.69827,1.9323,2.9922,0.54649,2.3954,3.4291,1.567,2.1757,4.2287,1.259,2.6855,4.3373,0.63421,1.9482,3.1179,1.9791,1.8971,3.8186,1.1931,1.8464,3.6451,2.464,2.7229,4.9837,1.3769,1.5241,4.1721,1.3901,2.1564,3.175,0.63732,1.9484,3.1173,0.46084,2.4502,2.5677,1.6136,2.254,4.1279,2.4618,2.7225,4.9841,0.63573,1.9493,3.1153,1.564,1.7134,3.3273,0.51621,3.0399,2.4313,0.57369,2.5212,2.5834,2.9073,2.7443,5.8874,6.1765,2.8636,2.5422,4.6801,2.9892,0.40203,2.3455,2.4084,3.7521,0.86806,3.0817,3.65,1.4382,2.2556,3.5631,0.83894,3.0795,3.6205,2.367,2.2377,3.809,1.192,1.8466,3.6441,2.4267,2.3376,4.5588,2.5814,2.6277,4.0291,1.2609,2.6839,4.3366,1.891,1.9628,3.9044,1.1248,2.7957,3.6501,2.4501,2.4856,5.0914,1.6071,2.6212,3.3011,2.1685,2.1874,4.1017,0.78719,1.9026,3.3717,2.3458,2.4101,3.752,2.3479,2.4114,3.7537,2.1843,1.8877,4.9019,2.646,2.2907,4.7931,2.3656,2.2388,3.8092,1.3807,1.5864,3.8352,2.4652,2.7205,4.988,1.8905,1.9631,3.905,0.7798,2.1414,3.9609,1.6014,1.8339,4.2585,2.4629,2.7226,4.9858,1.4451,2.3896,3.2602,5.928,2.8806,2.2067,1.8591,1.8006,3.4756,1.9753,3.0244,4.2993,2.0148,1.9498,4.7537,1.1001,2.5792,4.2726,1.8821,2.15,4.8606,1.6134,1.8029,3.9665,1.6042,2.0105,3.3922,1.011,2.7764,3.5601,0.91017,2.8322,3.8076,1.3782,2.3903,3.8433,1.122,2.7974,3.6472,1.8387,1.7973,4.0937,0.91272,2.4611,2.7728,1.9106,2.069,4.3853,0.07135,2.7965,2.8363,1.0863,1.9602,4.261,0.94671,2.337,3.0091,1.6331,2.3953,4.5868,0.97922,2.0875,2.8347,0.74378,1.9986,2.7438,1.6126,1.8022,3.9685,0.91394,2.4603,2.7741,1.381,1.5866,3.8363,2.7709,2.5898,4.6365,1.0844,2.1377,3.6269,1.1201,2.8001,3.6483,1.9759,1.9865,4.4765,1.0845,1.9618,4.2599,1.8533,1.6512,3.4503,1.6624,2.4815,3.9992,2.1112,2.5547,4.9219,2.155,2.3804,3.7102,1.1838,3.0744,3.4159,1.4462,1.4656,4.2326,0.61877,2.9998,3.6134,1.6246,1.7519,4.2336,0.74474,1.9977,2.7427,0.6904,2.1943,3.9441,2.6891,2.6024,4.5375,1.9912,2.1281,3.4383,1.3826,2.9227,3.5373,1.0815,2.1923,3.6352,2.5312,1.9993,4.4693,1.4911,1.7349,4.4226,1.6096,2.5924,3.5823,2.0625,2.2882,4.0721,2.7109,2.3743,5.0108,0.4443,2.5314,2.9572
0.01498,0.0014994,8.5528,12.206,0.0042981,24.968,1.5216,1.8371,4.1721,1.2772,2.2262,4.2225,1.2295,1.9865,4.2342,2.4969,2.6616,4.3011,0.85835,2.0599,4.2193,1.5201,2.4861,3.8937,3.0121,2.8391,5.8232,1.2268,1.9883,4.2339,1.7477,1.7159,4.2475,1.2786,2.227,4.2264,0.85745,2.0619,4.2153,2.8934,2.8354,4.5091,5.7067,2.7754,1.4634,1.241,2.8418,3.6262,0.95563,2.1448,3.0235,2.4845,2.0526,4.4474,1.4724,1.6762,3.9058,0.65849,2.5709,3.8829,2.0064,1.7627,3.4739,1.0749,2.4454,3.0611,0.26943,2.2853,3.5603,1.7856,1.6732,3.3878,2.1373,2.8246,4.4418,1.787,1.6718,3.3907,1.4749,1.673,3.9081,0.3953,2.134,3.202,2.0371,2.3565,4.3889,1.4738,1.6671,3.1994,0.8318,1.8753,2.7729,3.012,2.8416,5.8195,2.0072,1.7622,3.4753,1.0071,2.7165,2.8804,1.8182,2.5891,4.0027,0.63294,1.8701,2.7989,1.0704,2.4453,3.0543,1.8989,1.9147,4.4947,1.6806,1.6932,3.895,0.50993,2.2006,3.7449,1.1921,2.4233,3.7846,1.0027,2.061,3.2689,2.5481,2.2986,4.2929,2.0706,2.15,4.6784,1.4793,1.6756,3.9112,1.8965,1.9168,4.4937,1.4912,2.1724,3.2677,0.82139,2.08,3.1868,2.4183,2.3719,4.3147,1.945,2.6016,4.889,1.9357,2.5956,4.8768,2.5467,2.2988,4.2907,1.2873,2.488,3.9457,1.6879,2.2316,4.2955,2.0507,3.0613,3.9944,0.50425,2.4699,2.477,1.5429,2.0561,4.6085,2.0732,3.065,4.0207,0.39088,2.3748,3.4352,1.6612,1.6288,4.0823,0.70962,2.0219,3.0984,2.2441,2.2402,4.646,0.62971,2.6179,3.0012,1.0032,2.0641,3.2696,0.12996,2.89,1.9746,1.9954,1.9847,4.5886,2.5464,2.2991,4.293,2.6744,2.3374,5.1973,2.1425,2.8213,4.4454,1.0797,1.8481,3.9464,4.6196,2.9975,0.50654,0.88633,2.1171,3.0542,1.3058,2.0999,4.2667,1.0551,2.0869,3.4931,2.3106,2.7541,4.5806,1.7016,1.5983,4.1576,1.1449,2.5575,3.0683,0.75052,2.4263,3.7698,2.054,1.9279,3.7381,1.5981,2.4374,3.4667,1.6591,2.5225,3.6064,1.6588,1.6768,4.2495,2.1083,2.8094,4.584,2.1125,2.8096,4.5861,3.3544,2.7821,6.1152,1.7009,1.5981,4.1577,1.7031,2.0054,3.4532,2.1256,2.9371,4.9209,1.1462,2.5575,3.0724,2.6383,2.4466,4.9893,1.0255,2.6026,4.0657,1.6002,2.4361,3.4676,1.1848,1.7992,4.1009,1.6613,1.6288,4.0839,1.703,2.0051,3.451,0.28767,2.947,3.3343,2.8711,2.2936,4.5641,1.317,1.9507,4.2047,1.2487,2.6881,3.3238,1.4626,2.4584,3.3426,1.8415,1.9841,3.7238,1.9508,2.3386,3.9921,1.0958,2.2825,3.1883,2.54,2.0482,5.1482,1.2426,2.6876,3.3144,1.4605,2.4607,3.3389,0.29094,2.9467,3.3385,0.67645,1.8066,2.9128,1.7005,2.0267,4.4228,1.4674,1.8622,4.1193,5.538,2.9013,1.8497,0.81938,2.121,2.7816,1.0247,2.6043,4.0668,2.1543,2.5236,3.6208,2.639,2.4448,4.9899,2.8007,2.7051,4.5203,2.1629,2.5297,4.5336,2.349,2.1023,4.1942,0.76646,1.9894,3.3492,0.32618,2.474,2.8814,0.60375,2.1402,3.7136,2.3858,2.5081,4.4303,0.74888,2.4647,2.8527,1.2551,1.5821,4.2872,1.7006,2.0072,3.45,0.96234,2.6893,2.0418,3.2121,2.9384,6.2037,0.74541,2.4638,2.8537,1.6606,1.6342,4.0875,1.494,1.8647,3.1825,0.74189,2.4644,2.8489,2.1683,2.348,4.9542,1.1437,2.5624,3.0699,1.0019,1.9629,3.5037,0.53131,1.978,3.2574,1.7011,2.0083,3.4493,2.3861,2.0808,4.1975,2.1433,2.1545,4.9796,1.2891,1.7523,3.8005,0.68296,1.9766,2.7568,2.1431,2.1542,4.9815,2.3194,2.1854,4.4607,1.5672,2.2926,3.9628,4.2058,3.0067,0.13948,1.9553,2.3377,3.9957,0.83859,1.9635,4.1182,1.1762,2.5726,4.2155,3.5205,2.8534,6.0827,1.5321,1.6178,3.2869,0.32204,2.2973,3.4075,5.1346,2.9899,1.0759,0.55785,2.7839,3.2541,1.2673,2.507,2.9781,2.1408,2.1517,4.9793,1.474,2.0941,4.3505,1.5253,1.6226,3.2871,1.3791,2.9301,3.365,0.45096,2.4495,2.7197,0.92149,2.4548,2.9977,0.22271,2.6178,3.3413,1.6124,2.2562,4.1255,0.44648,2.4472,2.7134,1.0477,2.1708,3.6591,1.3942,1.8075,4.2929,0.32448,2.2997,3.4075,1.5288,1.6173,3.2869,0.44743,2.45,2.7175,2.9889,2.8703,5.9066,2.0066,2.5984,4.0344,1.9713,2.1781,4.5887,2.6322,2.7753,5.2707,1.8903,1.9653,3.9034,1.2937,1.8162,3.6881,2.144,2.1538,4.9817,1.4019,2.6585,4.0074,1.1122,3.0848,2.9551,4.6945,2.9858,0.41813,1.2585,2.6841,4.3352,1.9038,1.9578,3.8845,1.2468,2.6361,2.8652,0.36224,2.7734,2.9544,0.94046,2.8903,4.1329,0.57509,2.521,2.5825,0.69798,1.9329,2.9914,0.54633,2.3956,3.4286,1.5669,2.1758,4.2294,1.2608,2.6861,4.3389,0.63341,1.9488,3.1169,1.9793,1.8965,3.8185,1.1931,1.8459,3.6455,2.4616,2.7223,4.9808,1.3768,1.5252,4.1716,1.3897,2.1565,3.1747,0.637,1.949,3.1163,0.46136,2.4501,2.5684,1.6137,2.2547,4.1285,2.4601,2.722,4.9821,0.63526,1.95,3.114,1.5642,1.7132,3.3274,0.51552,3.04,2.4302,0.57486,2.5212,2.5845,2.9083,2.7443,5.8886,6.1781,2.8638,2.544,4.6801,2.9888,0.40162,2.3444,2.4078,3.7505,0.87425,3.0813,3.6565,1.4372,2.2567,3.5623,0.84135,3.0792,3.6232,2.3664,2.2374,3.8082,1.192,1.846,3.6444,2.4269,2.3377,4.5591,2.5807,2.6283,4.0292,1.2616,2.6837,4.3371,1.891,1.9618,3.9037,1.1259,2.7946,3.6512,2.4488,2.4851,5.0896,1.6072,2.6207,3.3021,2.1685,2.1876,4.1017,0.78709,1.9027,3.3714,2.3448,2.41,3.7509,2.347,2.4112,3.7524,2.1846,1.8887,4.9027,2.6456,2.2906,4.793,2.3652,2.2387,3.8085,1.3807,1.5865,3.8355,2.4633,2.7202,4.9856,1.8905,1.9623,3.9044,0.77974,2.1413,3.9619,1.6014,1.8332,4.2584,2.4611,2.7222,4.9837,1.4451,2.3895,3.2603,5.929,2.881,2.2078,1.8588,1.8005,3.476,1.9743,3.0235,4.2978,2.0155,1.9499,4.7547,1.1011,2.5791,4.2734,1.8825,2.1499,4.8606,1.6133,1.8019,3.9664,1.6042,2.0104,3.3916,1.0123,2.7755,3.5613,0.91137,2.8317,3.8087,1.3789,2.3911,3.8437,1.1225,2.7964,3.6477,1.8385,1.7962,4.0933,0.91292,2.461,2.7731,1.9108,2.0691,4.3857,0.072852,2.7963,2.8376,1.0862,1.96,4.2612,0.94728,2.3367,3.0101,1.6335,2.3951,4.5869,0.97919,2.0869,2.8352,0.74356,1.9982,2.7437,1.6125,1.8013,3.9685,0.91435,2.4602,2.7747,1.3807,1.5865,3.8364,2.7703,2.5897,4.6358,1.0844,2.1379,3.6269,1.1206,2.7995,3.6488,1.9759,1.9864,4.4766,1.0842,1.9618,4.26,1.8534,1.6514,3.4504,1.6624,2.482,3.9993,2.1116,2.5545,4.9217,2.1548,2.3805,3.7098,1.1839,3.0742,3.4159,1.4462,1.4657,4.2323,0.61963,2.9996,3.6144,1.6244,1.7514,4.2332,0.74459,1.9976,2.7425,0.69064,2.1943,3.9442,2.6889,2.6024,4.5373,1.9912,2.1277,3.4378,1.383,2.9221,3.5373,1.0814,2.1926,3.6348,2.5312,1.9997,4.4696,1.4909,1.7348,4.4225,1.6091,2.5923,3.5822,2.0624,2.2887,4.0723,2.7103,2.3739,5.0101,0.44497,2.5313,2.958
0.01498,0.0014994,8.5528,12.206,0.0053727,24.97,1.5211,1.8371,4.1715,1.2769,2.2265,4.2225,1.2288,1.9862,4.2346,2.4961,2.6612,4.3004,0.85838,2.0595,4.2199,1.5201,2.4871,3.8937,3.0139,2.8391,5.8258,1.2261,1.988,4.2339,1.7477,1.7153,4.2472,1.279,2.2271,4.2271,0.85717,2.0619,4.2153,2.8944,2.8353,4.5097,5.7047,2.7748,1.4613,1.2424,2.8404,3.6275,0.95504,2.1448,3.0232,2.4848,2.0532,4.4484,1.4724,1.6758,3.9061,0.65823,2.5716,3.8822,2.0066,1.7628,3.4745,1.0759,2.4448,3.0634,0.26831,2.2854,3.5587,1.7855,1.6735,3.3881,2.1343,2.8239,4.4385,1.7868,1.6725,3.3911,1.4745,1.6724,3.9087,0.395,2.1346,3.201,2.0381,2.3576,4.3902,1.4737,1.6677,3.1994,0.83168,1.8763,2.7724,3.0136,2.8416,5.8212,2.0076,1.7628,3.4759,1.0072,2.7168,2.8807,1.8185,2.5891,4.0032,0.63336,1.8708,2.7988,1.0703,2.4449,3.055,1.8991,1.915,4.4952,1.681,1.6922,3.895,0.50997,2.2006,3.7452,1.1918,2.4252,3.784,1.0018,2.0618,3.2679,2.5493,2.2993,4.2945,2.0715,2.151,4.6795,1.4794,1.6755,3.9116,1.8965,1.9171,4.494,1.4915,2.173,3.2677,0.82075,2.0809,3.1856,2.4184,2.3724,4.3155,1.9444,2.6012,4.8879,1.9346,2.5959,4.8751,2.5474,2.2996,4.292,1.2873,2.4886,3.9449,1.6883,2.2317,4.2961,2.0469,3.0606,3.9903,0.50554,2.4699,2.4781,1.543,2.0563,4.6092,2.0717,3.0644,4.0188,0.38999,2.3754,3.4338,1.6612,1.6279,4.0823,0.7094,2.0223,3.0979,2.2442,2.2405,4.6462,0.63164,2.6173,3.0034,1.0025,2.065,3.2686,0.12897,2.8902,1.9733,1.9955,1.9848,4.5892,2.5471,2.2998,4.294,2.6731,2.337,5.196,2.1396,2.8197,4.4425,1.0798,1.8473,3.9471,4.6202,2.9963,0.50697,0.8858,2.1172,3.0537,1.3058,2.0996,4.2676,1.0548,2.087,3.4928,2.3082,2.7535,4.5777,1.7018,1.5976,4.1572,1.1459,2.5571,3.0693,0.75098,2.4267,3.7698,2.0543,1.9271,3.7373,1.5975,2.4377,3.4663,1.6582,2.523,3.606,1.6583,1.6758,4.2495,2.1057,2.8082,4.5812,2.1108,2.8083,4.5842,3.355,2.7818,6.1157,1.7013,1.5974,4.1572,1.7037,2.0054,3.453,2.1239,2.9369,4.9192,1.1472,2.5571,3.0737,2.6379,2.4466,4.9886,1.0262,2.6026,4.0657,1.5996,2.4361,3.4672,1.1844,1.7999,4.1005,1.6614,1.6279,4.0836,1.7031,2.005,3.4506,0.28744,2.9467,3.3342,2.8716,2.2939,4.5651,1.3169,1.9507,4.2048,1.2498,2.6874,3.3257,1.4622,2.4583,3.3423,1.8418,1.9834,3.7232,1.9507,2.3396,3.9924,1.0952,2.2827,3.188,2.54,2.0476,5.1478,1.243,2.687,3.3153,1.4598,2.461,3.3385,0.29148,2.9466,3.339,0.67618,1.8069,2.9119,1.7002,2.0262,4.4237,1.4672,1.8613,4.1197,5.5367,2.9012,1.8486,0.81948,2.1207,2.7823,1.0253,2.6047,4.0669,2.1553,2.5236,3.6208,2.6383,2.4445,4.9891,2.8011,2.7047,4.5206,2.1623,2.5293,4.5329,2.349,2.1026,4.1945,0.76654,1.99,3.349,0.32721,2.4737,2.8825,0.60356,2.1402,3.7135,2.3858,2.5072,4.4307,0.74991,2.4646,2.8537,1.2551,1.5822,4.2872,1.7005,2.0076,3.4497,6.2681,2.6891,2.0399,3.2137,2.9383,6.2053,0.74671,2.4632,2.8556,1.6606,1.6342,4.0874,1.4941,1.865,3.1824,0.74242,2.4641,2.8498,2.1683,2.3482,4.9536,1.1442,2.5624,3.0708,1.002,1.9629,3.5035,0.53078,1.978,3.2577,1.7012,2.0086,3.4489,2.3861,2.0812,4.1978,2.1438,2.1545,4.98,1.2888,1.7515,3.8009,0.6831,1.9766,2.7569,2.1436,2.1543,4.982,2.3198,2.1859,4.4613,1.5674,2.2942,3.963,4.209,3.0058,0.14251,1.9553,2.3383,3.9959,0.83843,1.9634,4.1183,1.1771,2.573,4.2162,3.5225,2.8531,6.0849,1.5321,1.6181,3.2869,0.32128,2.2974,3.4066,5.134,2.9892,1.0753,0.55881,2.7838,3.2552,1.2682,2.5074,2.9789,2.1408,2.1511,4.9787,1.4743,2.0938,4.3511,1.5253,1.6227,3.2872,1.3795,2.9301,3.3653,0.45189,2.4494,2.721,0.92063,2.4548,2.9973,0.22287,2.6176,3.3413,1.6127,2.2569,4.1258,0.44771,2.4469,2.7145,1.0474,2.1715,3.6586,1.3942,1.8072,4.2929,0.32425,2.3,3.4068,1.5287,1.6171,3.2869,0.44839,2.4497,2.719,2.9923,2.8703,5.9103,2.0058,2.598,4.034,1.972,2.1784,4.5894,2.6306,2.7753,5.2689,1.8904,1.9649,3.903,1.2937,1.8156,3.6884,2.1446,2.1537,4.9817,1.4016,2.6582,4.0068,1.1118,3.0847,2.9544,4.6952,2.9852,0.41863,1.2594,2.6844,4.3361,1.9038,1.9574,3.8845,1.2474,2.6363,2.866,0.36473,2.7731,2.9573,0.94098,2.8906,4.1335,0.57672,2.5211,2.5839,0.69771,1.9338,2.9907,0.54616,2.3959,3.428,1.5668,2.1761,4.23,1.2627,2.6865,4.3403,0.63259,1.9492,3.1157,1.9794,1.8961,3.8182,1.1931,1.8455,3.6459,2.4593,2.7218,4.9777,1.3768,1.5263,4.1712,1.3894,2.1565,3.1746,0.6367,1.9497,3.1153,0.46186,2.4498,2.569,1.614,2.2553,4.1289,2.4582,2.7215,4.9799,0.63477,1.9506,3.1129,1.5643,1.7131,3.3276,0.5148,3.0403,2.4292,0.57603,2.5214,2.5855,2.9093,2.7446,5.8899,6.1795,2.8641,2.5456,4.6798,2.9885,0.40121,2.3434,2.4072,3.7488,0.88039,3.081,3.663,1.4362,2.2578,3.5614,0.84378,3.0791,3.6261,2.3659,2.2373,3.8073,1.1919,1.8454,3.6448,2.4269,2.338,4.5595,2.58,2.629,4.0292,1.2622,2.6836,4.3375,1.8913,1.9608,3.903,1.1271,2.7934,3.6524,2.4474,2.4845,5.0877,1.6072,2.6201,3.3034,2.1683,2.1879,4.1019,0.78702,1.9028,3.3713,2.3439,2.4099,3.7501,2.3461,2.4109,3.7513,2.185,1.8897,4.9034,2.6452,2.2903,4.7929,2.3648,2.2386,3.8079,1.3805,1.5865,3.8359,2.4613,2.7196,4.9832,1.8907,1.9614,3.9039,0.77968,2.141,3.9628,1.6014,1.8325,4.2583,2.4592,2.7216,4.9814,1.4453,2.3892,3.2603,5.93,2.8812,2.2091,1.8587,1.8002,3.4766,1.973,3.0228,4.2965,2.0161,1.9499,4.7556,1.1018,2.579,4.2741,1.8832,2.1496,4.8606,1.6133,1.8009,3.9663,1.6042,2.0104,3.391,1.0134,2.7743,3.5624,0.91254,2.831,3.8095,1.3796,2.3917,3.8441,1.1231,2.7957,3.6481,1.8384,1.7949,4.0932,0.91312,2.4609,2.7735,1.9111,2.0694,4.386,0.074351,2.796,2.8392,1.0859,1.9597,4.2613,0.94783,2.3361,3.0108,1.6337,2.3951,4.5867,0.97915,2.0863,2.8359,0.74336,1.9979,2.7437,1.6124,1.8001,3.9684,0.91473,2.46,2.7753,1.3806,1.5864,3.8364,2.7697,2.5894,4.6352,1.0844,2.138,3.6266,1.1211,2.799,3.6494,1.9759,1.9862,4.4766,1.0839,1.9615,4.26,1.8534,1.6517,3.4504,1.6624,2.4826,3.9993,2.1118,2.5542,4.9214,2.1544,2.3805,3.7094,1.184,3.0739,3.4159,1.4464,1.4655,4.2322,0.62049,2.9995,3.6154,1.6243,1.7508,4.2329,0.74445,1.9975,2.7425,0.69087,2.1943,3.9445,2.6885,2.6021,4.537,1.9915,2.1275,3.4374,1.3833,2.9215,3.5376,1.0814,2.1932,3.6345,2.5315,1.9998,4.47,1.4908,1.7347,4.4225,1.6085,2.5922,3.5821,2.0623,2.2894,4.0726,2.7097,2.3736,5.0092,0.44564,2.5312,2.9587
0.01498,0.0014994,8.5528,12.206,0.0064472,24.968,1.5205,1.8371,4.1708,1.2767,2.2267,4.2225,1.2283,1.986,4.2349,2.4954,2.6608,4.2999,0.8584,2.0591,4.2207,1.52,2.4881,3.8937,3.0158,2.8392,5.8282,1.2253,1.9878,4.2339,1.7476,1.7145,4.247,1.2794,2.2272,4.2278,0.8569,2.0619,4.2152,2.8955,2.8352,4.5104,5.7027,2.7741,1.459,1.2438,2.8391,3.6289,0.95446,2.1448,3.0231,2.4852,2.054,4.4495,1.4724,1.6754,3.9063,0.65798,2.5721,3.8814,2.0068,1.7629,3.4749,1.077,2.4441,3.0655,0.26719,2.2856,3.5573,1.7853,1.6737,3.3883,2.1312,2.8231,4.4351,1.7868,1.6732,3.3913,1.4741,1.6717,3.9094,0.39469,2.1353,3.1999,2.0392,2.3587,4.3915,1.4737,1.6683,3.1995,0.83157,1.8773,2.7718,3.015,2.8416,5.8229,2.0079,1.7635,3.4763,1.0073,2.717,2.881,1.8186,2.589,4.0037,0.63378,1.8717,2.7987,1.0702,2.4447,3.0558,1.8993,1.9151,4.4957,1.6813,1.6912,3.8949,0.51001,2.2007,3.7453,1.1916,2.4271,3.7833,1.0008,2.0629,3.2667,2.5505,2.3001,4.296,2.0723,2.1521,4.6807,1.4796,1.6754,3.9121,1.8964,1.9171,4.4942,1.4917,2.1738,3.2676,0.82011,2.0818,3.1845,2.4186,2.373,4.3163,1.9437,2.6008,4.8866,1.9334,2.596,4.8732,2.5482,2.3003,4.2933,1.2872,2.4893,3.9442,1.6887,2.2318,4.2969,2.0431,3.0598,3.9862,0.50684,2.4698,2.4794,1.543,2.0567,4.61,2.07,3.0638,4.017,0.3891,2.3759,3.4325,1.6611,1.627,4.0821,0.7092,2.0228,3.0974,2.2443,2.2407,4.6466,0.63355,2.6166,3.0057,1.0017,2.066,3.2675,0.12798,2.8902,1.9721,1.9957,1.985,4.5899,2.5476,2.3007,4.2952,2.6718,2.3365,5.1947,2.137,2.8184,4.4395,1.0799,1.8462,3.9478,4.6209,2.9952,0.5074,0.8853,2.1173,3.0531,1.3059,2.0994,4.2683,1.0547,2.0871,3.4927,2.3057,2.7527,4.5747,1.702,1.5968,4.1568,1.1471,2.5567,3.0704,0.75144,2.4271,3.7697,2.0545,1.9264,3.7366,1.5969,2.4378,3.4658,1.6573,2.5235,3.6057,1.6579,1.6747,4.2495,2.1032,2.8072,4.5786,2.1091,2.8072,4.5823,3.3557,2.7818,6.1163,1.7016,1.5966,4.1568,1.7041,2.0053,3.453,2.1222,2.9367,4.9177,1.1482,2.5569,3.075,2.6376,2.4465,4.9881,1.027,2.6026,4.0658,1.599,2.4362,3.4669,1.184,1.8007,4.1,1.6615,1.6269,4.0834,1.7035,2.0049,3.4502,0.28722,2.9465,3.3341,2.8721,2.2941,4.5661,1.3168,1.9506,4.2049,1.251,2.6867,3.3276,1.4617,2.4581,3.3422,1.842,1.9826,3.7224,1.9506,2.3407,3.9926,1.0948,2.2827,3.1876,2.5399,2.0469,5.1475,1.2433,2.6863,3.3161,1.459,2.4611,3.338,0.29199,2.9465,3.3395,0.67592,1.8071,2.911,1.7,2.0257,4.4246,1.4672,1.8605,4.1201,5.5355,2.901,1.8474,0.81956,2.1205,2.7828,1.0259,2.6049,4.067,2.1564,2.5236,3.6208,2.6376,2.4443,4.9882,2.8015,2.7045,4.521,2.1617,2.5289,4.5321,2.349,2.1027,4.1947,0.76663,1.9904,3.3486,0.32825,2.4735,2.8836,0.60337,2.1402,3.7134,2.3857,2.5063,4.431,0.75095,2.4644,2.8548,1.2551,1.5823,4.2872,1.7003,2.0079,3.4495,6.2794,2.6891,2.0381,3.215,2.9382,6.2069,0.74802,2.4625,2.8575,1.6606,1.6343,4.0872,1.4942,1.8652,3.1823,0.74292,2.4639,2.8506,2.1682,2.3482,4.9529,1.1449,2.5624,3.0716,1.0021,1.9629,3.5035,0.53024,1.9781,3.2579,1.7014,2.0088,3.4486,2.3861,2.0816,4.198,2.1444,2.1545,4.9803,1.2887,1.7508,3.8012,0.68325,1.9767,2.7571,2.1442,2.1544,4.9825,2.3202,2.1863,4.462,1.5674,2.2956,3.963,4.2122,3.0048,0.14553,1.9553,2.339,3.996,0.83825,1.9633,4.1184,1.1781,2.5735,4.2167,3.5246,2.8529,6.0869,1.5322,1.6182,3.287,0.32051,2.2974,3.4056,5.1332,2.9885,1.0746,0.55975,2.7836,3.2564,1.2691,2.5078,2.9796,2.1408,2.1507,4.978,1.4745,2.0934,4.3515,1.5254,1.6228,3.2874,1.3799,2.93,3.3655,0.45284,2.4492,2.7223,0.9198,2.4549,2.997,0.22303,2.6176,3.3413,1.6129,2.2573,4.1262,0.44893,2.4468,2.7156,1.0472,2.1724,3.6581,1.3941,1.807,4.2928,0.324,2.3003,3.4063,1.5287,1.6171,3.287,0.44934,2.4495,2.7203,2.9958,2.8703,5.914,2.0051,2.5976,4.0335,1.9725,2.1787,4.5899,2.6291,2.7753,5.2672,1.8906,1.9645,3.9026,1.2937,1.8149,3.6886,2.145,2.1536,4.9817,1.4013,2.658,4.0062,1.1114,3.0845,2.9539,4.696,2.9848,0.41914,1.2603,2.6848,4.3368,1.9039,1.9571,3.8844,1.2481,2.6363,2.8667,0.36722,2.7729,2.9603,0.94149,2.8908,4.1339,0.57836,2.5212,2.5852,0.69744,1.9346,2.9898,0.546,2.3961,3.4273,1.5667,2.1762,4.2308,1.2646,2.687,4.3418,0.63178,1.9497,3.1146,1.9796,1.8956,3.818,1.1931,1.8451,3.6463,2.457,2.7213,4.9748,1.3767,1.5274,4.1708,1.3892,2.1566,3.1744,0.63638,1.9502,3.1142,0.46237,2.4497,2.5697,1.6142,2.256,4.1294,2.4563,2.7209,4.9779,0.63429,1.9513,3.1116,1.5645,1.7129,3.3277,0.51408,3.0405,2.4281,0.5772,2.5214,2.5866,2.9104,2.7447,5.8911,6.1809,2.8642,2.5474,4.6798,2.9881,0.40082,2.3424,2.4065,3.7472,0.88646,3.0807,3.6695,1.4352,2.2589,3.5606,0.8462,3.0789,3.6289,2.3654,2.2371,3.8065,1.1919,1.8447,3.6451,2.4271,2.3381,4.5599,2.5792,2.6295,4.0293,1.2629,2.6834,4.338,1.8913,1.9597,3.9023,1.1283,2.7923,3.6535,2.4461,2.4841,5.0858,1.6072,2.6195,3.3046,2.1683,2.1881,4.1019,0.78693,1.9029,3.3711,2.3428,2.4098,3.749,2.3452,2.4107,3.7501,2.1854,1.8906,4.9042,2.6448,2.2902,4.7928,2.3644,2.2385,3.8072,1.3805,1.5865,3.8363,2.4593,2.7192,4.9808,1.8907,1.9606,3.9032,0.77961,2.1408,3.9637,1.6014,1.8317,4.2582,2.4573,2.7211,4.9792,1.4453,2.3891,3.2604,5.931,2.8814,2.2103,1.8585,1.8001,3.477,1.9718,3.022,4.2951,2.0167,1.95,4.7566,1.1027,2.579,4.275,1.8837,2.1494,4.8606,1.6133,1.7999,3.9662,1.6042,2.0104,3.3904,1.0146,2.7733,3.5636,0.91372,2.8305,3.8106,1.3803,2.3925,3.8445,1.1238,2.7948,3.6485,1.8382,1.7938,4.093,0.91332,2.4608,2.7739,1.9113,2.0696,4.3862,0.07584,2.7958,2.8406,1.0857,1.9595,4.2615,0.9484,2.3357,3.0117,1.634,2.395,4.5867,0.97911,2.0857,2.8364,0.74315,1.9975,2.7437,1.6123,1.7991,3.9684,0.91512,2.4599,2.776,1.3804,1.5863,3.8364,2.769,2.5892,4.6345,1.0844,2.1382,3.6265,1.1217,2.7983,3.6499,1.9759,1.9861,4.4766,1.0835,1.9614,4.26,1.8535,1.6518,3.4505,1.6624,2.4831,3.9993,2.1121,2.554,4.9212,2.1542,2.3806,3.7092,1.1841,3.0737,3.4159,1.4464,1.4655,4.232,0.62132,2.9993,3.6164,1.6242,1.7502,4.2327,0.74432,1.9974,2.7424,0.69111,2.1943,3.9447,2.6883,2.602,4.5368,1.9916,2.1273,3.4371,1.3835,2.9208,3.5377,1.0814,2.1936,3.6342,2.5316,2.0,4.4703,1.4907,1.7346,4.4225,1.6079,2.5921,3.5821,2.0622,2.2899,4.0728,2.709,2.3732,5.0084,0.4463,2.5311,2.9595
0.01498,0.0014994,8.5528,12.206,0.0075217,24.964,1.5199,1.837,4.1701,1.2763,2.2269,4.2225,1.2278,1.9856,4.2353,2.4947,2.6605,4.2994,0.85842,2.0587,4.2214,1.52,2.4891,3.8938,3.0177,2.8392,5.8306,1.2244,1.9876,4.234,1.7474,1.7138,4.2468,1.2797,2.2272,4.2285,0.85663,2.062,4.2152,2.8965,2.8352,4.511,5.7007,2.7735,1.4568,1.2452,2.8379,3.6303,0.95387,2.1448,3.023,2.4855,2.0549,4.4505,1.4723,1.6751,3.9065,0.65772,2.5727,3.8805,2.0072,1.763,3.4752,1.0779,2.4435,3.0676,0.26605,2.2858,3.5558,1.785,1.674,3.3886,2.1282,2.8224,4.4316,1.7868,1.6739,3.3916,1.4738,1.6711,3.91,0.39439,2.1359,3.1989,2.0402,2.3597,4.3928,1.4736,1.6689,3.1997,0.83147,1.8783,2.7713,3.0164,2.8416,5.8247,2.0083,1.7641,3.4768,1.0074,2.7173,2.8815,1.8188,2.589,4.0042,0.63419,1.8726,2.7987,1.07,2.4444,3.0566,1.8996,1.9153,4.4961,1.6817,1.6902,3.8947,0.51005,2.2007,3.7455,1.1912,2.4289,3.7826,0.99982,2.0638,3.2656,2.5517,2.3009,4.2976,2.0732,2.1531,4.682,1.4799,1.6752,3.9125,1.8963,1.9173,4.4944,1.492,2.1746,3.2676,0.81944,2.0826,3.1835,2.4189,2.3735,4.3171,1.9431,2.6006,4.8854,1.9322,2.5963,4.8713,2.549,2.3012,4.2946,1.2872,2.4899,3.9435,1.6892,2.232,4.2976,2.0393,3.059,3.9823,0.50814,2.4698,2.4806,1.543,2.0569,4.6107,2.0686,3.0631,4.0152,0.3882,2.3763,3.431,1.6611,1.6262,4.0819,0.70897,2.0232,3.0969,2.2443,2.2409,4.6468,0.63547,2.6159,3.0078,1.0009,2.067,3.2664,0.127,2.8902,1.9709,1.9961,1.9852,4.5905,2.5482,2.3015,4.2964,2.6705,2.336,5.1934,2.1342,2.817,4.4367,1.08,1.8453,3.9486,4.6215,2.9941,0.5078,0.88477,2.1175,3.0525,1.3059,2.0991,4.2692,1.0546,2.0871,3.4924,2.3032,2.7519,4.5718,1.7024,1.5959,4.1565,1.1481,2.5564,3.0714,0.7519,2.4274,3.7695,2.0547,1.9257,3.7358,1.5963,2.438,3.4654,1.6563,2.5241,3.6053,1.6575,1.6737,4.2494,2.1008,2.8062,4.5758,2.1073,2.8061,4.5805,3.3564,2.7816,6.1169,1.7018,1.5957,4.1564,1.7045,2.0051,3.4528,2.1206,2.9363,4.9162,1.1492,2.5565,3.0763,2.6371,2.4463,4.9875,1.0278,2.6026,4.0659,1.5984,2.4362,3.4665,1.1836,1.8015,4.0996,1.6615,1.6259,4.0832,1.7037,2.0048,3.4499,0.28701,2.9463,3.3339,2.8727,2.2943,4.5671,1.3166,1.9506,4.2049,1.2521,2.6859,3.3295,1.4613,2.4579,3.3421,1.8424,1.9819,3.7216,1.9504,2.3417,3.9928,1.0944,2.2827,3.1874,2.5399,2.0462,5.1471,1.2437,2.6856,3.3171,1.4582,2.4613,3.3376,0.2925,2.9463,3.3399,0.67565,1.8074,2.9102,1.6998,2.0253,4.4254,1.4672,1.8596,4.1204,5.5343,2.9008,1.8462,0.81965,2.1202,2.7833,1.0265,2.6053,4.0671,2.1574,2.5234,3.6208,2.6368,2.4441,4.9873,2.8019,2.7042,4.5212,2.161,2.5285,4.5312,2.349,2.1028,4.1951,0.76672,1.9908,3.3484,0.32929,2.4731,2.8846,0.60318,2.1403,3.7133,2.3857,2.5054,4.4315,0.75197,2.4642,2.8558,1.255,1.5825,4.2872,1.7001,2.0081,3.4492,6.2759,2.6891,2.0362,3.2165,2.9382,6.2085,0.74933,2.4619,2.8594,1.6607,1.6343,4.087,1.4942,1.8655,3.1821,0.74341,2.4636,2.8515,2.1682,2.3482,4.9522,1.1455,2.5624,3.0724,1.0022,1.9629,3.5035,0.52971,1.9781,3.2581,1.7017,2.0091,3.4481,2.3861,2.0819,4.1984,2.1449,2.1545,4.9808,1.2885,1.7499,3.8016,0.6834,1.9767,2.7573,2.1448,2.1546,4.9831,2.3206,2.1867,4.4627,1.5676,2.2971,3.9631,4.2154,3.0039,0.14849,1.9553,2.3396,3.9962,0.83807,1.963,4.1186,1.179,2.5739,4.2172,3.5267,2.8525,6.089,1.5323,1.6184,3.2872,0.31974,2.2976,3.4046,5.1325,2.9879,1.0739,0.5607,2.7833,3.2575,1.27,2.508,2.9802,2.1408,2.1502,4.9774,1.4747,2.0932,4.3519,1.5254,1.6231,3.2876,1.3803,2.93,3.3657,0.45379,2.449,2.7235,0.91894,2.4549,2.9967,0.22318,2.6174,3.3413,1.6131,2.2578,4.1266,0.45015,2.4465,2.7166,1.047,2.1732,3.6575,1.3941,1.8068,4.2928,0.32375,2.3007,3.4057,1.5286,1.6171,3.2872,0.4503,2.4493,2.7216,2.9993,2.8703,5.9177,2.0045,2.5973,4.0331,1.9731,2.1791,4.5905,2.6275,2.7753,5.2655,1.8908,1.9642,3.9023,1.2937,1.8143,3.6889,2.1454,2.1533,4.9819,1.4011,2.6577,4.0055,1.1111,3.0843,2.9534,4.6967,2.9842,0.41965,1.2612,2.685,4.3376,1.904,1.9567,3.8844,1.2487,2.6365,2.8675,0.36969,2.7727,2.9631,0.94201,2.8911,4.1343,0.58,2.5214,2.5865,0.69716,1.9354,2.989,0.54584,2.3965,3.4267,1.5667,2.1765,4.2315,1.2665,2.6874,4.3433,0.63097,1.9503,3.1136,1.9798,1.8952,3.8178,1.193,1.8447,3.6466,2.4547,2.7209,4.9719,1.3767,1.5284,4.1704,1.3889,2.1566,3.1741,0.63607,1.9509,3.1132,0.46287,2.4496,2.5703,1.6144,2.2567,4.1298,2.4546,2.7204,4.9757,0.63381,1.952,3.1104,1.5646,1.7127,3.3279,0.51334,3.0407,2.4271,0.57836,2.5216,2.5876,2.9114,2.7448,5.8924,6.1824,2.8645,2.5492,4.6797,2.9878,0.40042,2.3414,2.4059,3.7457,0.89247,3.0803,3.6759,1.4342,2.26,3.5597,0.84858,3.0787,3.6316,2.3649,2.2369,3.8056,1.1918,1.844,3.6453,2.4273,2.3383,4.5601,2.5785,2.6301,4.0295,1.2636,2.6832,4.3384,1.8914,1.9588,3.9015,1.1293,2.7912,3.6545,2.4447,2.4837,5.0839,1.6073,2.6189,3.3057,2.1682,2.1883,4.1021,0.78684,1.9031,3.3709,2.3419,2.4097,3.7481,2.3443,2.4105,3.7488,2.1856,1.8916,4.905,2.6445,2.29,4.7928,2.3641,2.2384,3.8066,1.3803,1.5866,3.8365,2.4573,2.7189,4.9785,1.8909,1.9597,3.9026,0.77954,2.1406,3.9647,1.6014,1.831,4.2582,2.4554,2.7207,4.9771,1.4455,2.3889,3.2604,5.932,2.8818,2.2116,1.8583,1.7999,3.4774,1.9708,3.0211,4.2936,2.0175,1.95,4.7574,1.1036,2.5788,4.2758,1.8841,2.1492,4.8605,1.6133,1.799,3.9662,1.6042,2.0104,3.3898,1.0158,2.7723,3.5647,0.91488,2.83,3.8115,1.3811,2.3933,3.8448,1.1244,2.7939,3.6489,1.838,1.7926,4.0927,0.91351,2.4608,2.7743,1.9116,2.0698,4.3865,0.077318,2.7955,2.842,1.0855,1.9591,4.2617,0.94896,2.3354,3.0126,1.6342,2.3948,4.5867,0.97909,2.0851,2.8369,0.74294,1.9973,2.7436,1.6121,1.7981,3.9683,0.91551,2.4597,2.7766,1.3802,1.5863,3.8365,2.7684,2.589,4.6338,1.0844,2.1384,3.6263,1.1223,2.7977,3.6503,1.9759,1.9859,4.4767,1.0833,1.9612,4.2601,1.8536,1.6522,3.4507,1.6625,2.4835,3.9993,2.1123,2.5538,4.921,2.1539,2.3806,3.7088,1.1843,3.0735,3.4158,1.4465,1.4655,4.2317,0.62215,2.9992,3.6174,1.624,1.7496,4.2323,0.74417,1.9974,2.7422,0.69133,2.1942,3.9449,2.688,2.6019,4.5366,1.9917,2.1269,3.4366,1.3838,2.9202,3.5378,1.0814,2.194,3.6338,2.5317,2.0003,4.4707,1.4905,1.7344,4.4224,1.6073,2.592,3.5819,2.062,2.2903,4.073,2.7083,2.373,5.0076,0.44696,2.531,2.9602
0.01498,0.0014994,8.5528,12.206,0.0085962,24.957,1.5193,1.837,4.1695,1.2761,2.2272,4.2225,1.2272,1.9854,4.2355,2.494,2.6601,4.2989,0.85844,2.0583,4.2221,1.5198,2.4901,3.8938,3.0195,2.8394,5.833,1.2237,1.9876,4.234,1.7473,1.7131,4.2466,1.2801,2.2274,4.2292,0.85636,2.062,4.2151,2.8975,2.835,4.5116,5.6988,2.7729,1.4547,1.2465,2.8365,3.6316,0.95329,2.1449,3.0228,2.4859,2.0557,4.4516,1.4723,1.6747,3.9068,0.65745,2.5734,3.8797,2.0074,1.7632,3.4757,1.0788,2.4427,3.0697,0.26492,2.2859,3.5543,1.7847,1.6742,3.3888,2.1251,2.8217,4.4282,1.7868,1.6746,3.392,1.4734,1.6705,3.9107,0.39408,2.1366,3.1978,2.0412,2.3608,4.3942,1.4736,1.6695,3.1998,0.83136,1.8794,2.7708,3.0179,2.8416,5.8265,2.0085,1.7648,3.4773,1.0076,2.7176,2.8819,1.8191,2.589,4.0048,0.63461,1.8735,2.7986,1.07,2.444,3.0573,1.9,1.9155,4.4965,1.682,1.6893,3.8946,0.51009,2.2007,3.7455,1.191,2.4307,3.7819,0.99885,2.0647,3.2645,2.5528,2.3016,4.2992,2.0742,2.1541,4.6831,1.4802,1.6752,3.9129,1.8963,1.9173,4.4947,1.4923,2.1754,3.2674,0.81877,2.0835,3.1824,2.4191,2.3741,4.318,1.9425,2.6002,4.8841,1.931,2.5963,4.8696,2.5498,2.302,4.2959,1.2871,2.4906,3.9428,1.6896,2.232,4.2984,2.0356,3.0581,3.9782,0.50943,2.4697,2.4818,1.5431,2.0572,4.6114,2.0669,3.0625,4.0135,0.3873,2.3768,3.4296,1.661,1.6253,4.0819,0.70877,2.0237,3.0963,2.2445,2.2413,4.6471,0.6374,2.6152,3.01,1.0001,2.068,3.2653,0.126,2.8902,1.9697,1.9963,1.9853,4.5911,2.5489,2.3023,4.2976,2.6692,2.3355,5.1921,2.1316,2.8157,4.4339,1.0802,1.8443,3.9494,4.6222,2.993,0.50818,0.88426,2.1177,3.0519,1.3059,2.0988,4.2699,1.0544,2.0872,3.4922,2.3006,2.7511,4.5688,1.7026,1.5951,4.1561,1.1492,2.5559,3.0724,0.75237,2.4278,3.7694,2.0549,1.925,3.7351,1.5957,2.4382,3.4649,1.6553,2.5245,3.6051,1.6571,1.6726,4.2494,2.0983,2.8051,4.573,2.1056,2.805,4.5787,3.3571,2.7814,6.1174,1.7022,1.5949,4.156,1.705,2.0049,3.4527,2.1188,2.9361,4.9147,1.1501,2.5561,3.0777,2.6366,2.4463,4.987,1.0286,2.6026,4.0659,1.5978,2.4362,3.4662,1.1833,1.8023,4.0991,1.6617,1.6251,4.0829,1.704,2.0046,3.4495,0.28679,2.9461,3.3338,2.8731,2.2946,4.5681,1.3166,1.9504,4.205,1.2532,2.6851,3.3314,1.4609,2.4579,3.3419,1.8426,1.9811,3.7208,1.9503,2.3428,3.9931,1.0939,2.2828,3.187,2.5397,2.0456,5.1468,1.244,2.685,3.318,1.4574,2.4615,3.3371,0.293,2.9461,3.3405,0.67539,1.8077,2.9092,1.6995,2.0248,4.4262,1.4671,1.8587,4.1208,5.533,2.9007,1.845,0.81974,2.1199,2.7838,1.0271,2.6055,4.0673,2.1584,2.5234,3.6209,2.636,2.4439,4.9863,2.8024,2.7039,4.5215,2.1604,2.5281,4.5305,2.349,2.103,4.1953,0.76682,1.9913,3.3481,0.33032,2.4729,2.8856,0.60299,2.1403,3.7131,2.3856,2.5045,4.4319,0.753,2.464,2.8568,1.255,1.5826,4.2871,1.6999,2.0084,3.449,6.2751,2.689,2.0345,3.2179,2.938,6.21,0.75061,2.4612,2.8613,1.6607,1.6344,4.0868,1.4944,1.8658,3.182,0.74391,2.4633,2.8523,2.168,2.3483,4.9516,1.1461,2.5624,3.0732,1.0024,1.963,3.5035,0.52917,1.9781,3.2584,1.7019,2.0094,3.4477,2.3861,2.0823,4.1986,2.1455,2.1546,4.9812,1.2883,1.7492,3.802,0.68355,1.9769,2.7575,2.1454,2.1548,4.9835,2.321,2.1872,4.4634,1.5677,2.2986,3.9631,4.2184,3.003,0.15141,1.9553,2.3403,3.9963,0.83789,1.9629,4.1188,1.1799,2.5744,4.2177,3.5288,2.8521,6.0911,1.5323,1.6186,3.2872,0.31898,2.2976,3.4037,5.1318,2.9872,1.0732,0.56164,2.7831,3.2586,1.2709,2.5083,2.9809,2.1408,2.1498,4.9769,1.4748,2.0929,4.3524,1.5254,1.6232,3.2879,1.3807,2.9299,3.3661,0.45473,2.4487,2.7249,0.9181,2.4549,2.9963,0.22333,2.6173,3.3413,1.6134,2.2583,4.1269,0.45137,2.4463,2.7177,1.0466,2.1741,3.6571,1.394,1.8065,4.2928,0.3235,2.3009,3.4051,1.5286,1.6169,3.2873,0.45124,2.4491,2.7229,3.0028,2.8703,5.9214,2.0038,2.5969,4.0327,1.9736,2.1793,4.5911,2.6259,2.7753,5.2638,1.8909,1.9639,3.9019,1.2937,1.8137,3.6891,2.1458,2.1533,4.9819,1.4007,2.6575,4.0049,1.1106,3.0841,2.9528,4.6975,2.9838,0.42016,1.2621,2.6853,4.3384,1.904,1.9565,3.8843,1.2494,2.6365,2.8683,0.37217,2.7724,2.9659,0.94252,2.8915,4.1347,0.58165,2.5215,2.5879,0.69688,1.9362,2.9882,0.54568,2.3967,3.4261,1.5665,2.1765,4.2322,1.2683,2.6878,4.3448,0.63015,1.9507,3.1125,1.98,1.8947,3.8176,1.1931,1.8442,3.647,2.4524,2.7204,4.969,1.3765,1.5295,4.1699,1.3885,2.1568,3.1739,0.63576,1.9515,3.1122,0.46338,2.4494,2.571,1.6146,2.2573,4.1303,2.4527,2.7198,4.9737,0.63332,1.9526,3.1093,1.5648,1.7126,3.3281,0.51259,3.0409,2.426,0.57952,2.5217,2.5887,2.9124,2.745,5.8937,6.1839,2.8649,2.5509,4.6795,2.9874,0.40004,2.3403,2.4053,3.744,0.89838,3.0801,3.6822,1.4332,2.2611,3.5588,0.85095,3.0784,3.6344,2.3644,2.2367,3.8047,1.1918,1.8434,3.6457,2.4273,2.3385,4.5605,2.5778,2.6308,4.0295,1.2643,2.6831,4.3387,1.8916,1.9577,3.9007,1.1306,2.7901,3.6556,2.4434,2.4832,5.0821,1.6073,2.6184,3.3068,2.1681,2.1887,4.1021,0.78675,1.9031,3.3707,2.341,2.4095,3.7472,2.3435,2.4102,3.7476,2.186,1.8925,4.9058,2.6441,2.2898,4.7926,2.3637,2.2382,3.8059,1.3802,1.5866,3.8368,2.4554,2.7185,4.9761,1.8909,1.9587,3.902,0.77948,2.1404,3.9657,1.6014,1.8302,4.258,2.4536,2.7202,4.9749,1.4455,2.3887,3.2605,5.9329,2.882,2.2128,1.8581,1.7996,3.4779,1.9695,3.0203,4.2923,2.0181,1.95,4.7585,1.1043,2.5788,4.2765,1.8847,2.149,4.8605,1.6133,1.7981,3.9661,1.6042,2.0103,3.3891,1.017,2.7712,3.5658,0.91604,2.8294,3.8125,1.3819,2.394,3.8452,1.1249,2.7932,3.6492,1.8379,1.7914,4.0925,0.91371,2.4606,2.7746,1.9118,2.07,4.3869,0.078778,2.7953,2.8435,1.0853,1.9589,4.2619,0.94953,2.335,3.0133,1.6346,2.3948,4.5867,0.97906,2.0845,2.8374,0.74274,1.997,2.7436,1.612,1.7972,3.9683,0.91589,2.4596,2.7772,1.38,1.5861,3.8365,2.7678,2.5888,4.6331,1.0844,2.1386,3.6261,1.1227,2.7971,3.6509,1.976,1.9858,4.4767,1.083,1.9612,4.2601,1.8536,1.6524,3.4508,1.6625,2.4841,3.9992,2.1126,2.5535,4.9206,2.1536,2.3807,3.7084,1.1843,3.0732,3.4158,1.4465,1.4654,4.2315,0.62296,2.999,3.6183,1.6238,1.749,4.2321,0.74404,1.9973,2.7421,0.69156,2.1942,3.9451,2.6876,2.6017,4.5364,1.9919,2.1267,3.4362,1.3842,2.9196,3.538,1.0813,2.1944,3.6336,2.5319,2.0005,4.4711,1.4903,1.7344,4.4224,1.6069,2.5918,3.5819,2.0619,2.2908,4.0733,2.7076,2.3726,5.0067,0.44761,2.5308,2.961
0.01498,0.0014994,8.5528,12.206,0.0096708,24.95,1.5186,1.8369,4.1688,1.2758,2.2275,4.2225,1.2266,1.9851,4.2359,2.4932,2.6597,4.2983,0.85846,2.0578,4.2228,1.5198,2.4911,3.8939,3.0215,2.8394,5.8355,1.223,1.9873,4.2341,1.7473,1.7123,4.2464,1.2805,2.2275,4.23,0.85609,2.0621,4.215,2.8985,2.835,4.5123,5.6968,2.7723,1.4525,1.2478,2.8352,3.6329,0.95271,2.145,3.0226,2.4862,2.0565,4.4527,1.4722,1.6744,3.9071,0.65718,2.574,3.8788,2.0077,1.7633,3.4761,1.0798,2.4421,3.0718,0.26378,2.2861,3.5528,1.7845,1.6745,3.3891,2.1221,2.821,4.4249,1.7868,1.6754,3.3923,1.4731,1.6698,3.9114,0.39377,2.1372,3.1968,2.0421,2.3617,4.3954,1.4735,1.6702,3.1998,0.83125,1.8803,2.7702,3.0194,2.8416,5.8283,2.0089,1.7655,3.4778,1.0076,2.7178,2.8823,1.8193,2.5889,4.0054,0.63503,1.8744,2.7985,1.0698,2.4437,3.0581,1.9002,1.9157,4.497,1.6824,1.6883,3.8945,0.51014,2.2007,3.7457,1.1907,2.4326,3.7812,0.99786,2.0657,3.2634,2.554,2.3024,4.3008,2.0751,2.1551,4.6843,1.4804,1.6751,3.9134,1.8963,1.9175,4.495,1.4927,2.1762,3.2674,0.8181,2.0843,3.1813,2.4194,2.3747,4.3188,1.9419,2.5999,4.8828,1.93,2.5966,4.8677,2.5506,2.3028,4.2973,1.2871,2.4914,3.9421,1.6901,2.2322,4.2991,2.0318,3.0573,3.9743,0.51072,2.4696,2.4829,1.5431,2.0575,4.6122,2.0654,3.0618,4.0117,0.38639,2.3774,3.4282,1.6609,1.6245,4.0817,0.70855,2.0242,3.0958,2.2446,2.2415,4.6474,0.63932,2.6144,3.0123,0.99932,2.069,3.2643,0.12502,2.8903,1.9685,1.9966,1.9855,4.5918,2.5495,2.3032,4.2987,2.6679,2.335,5.1907,2.1288,2.8143,4.431,1.0803,1.8434,3.9502,4.6228,2.9919,0.50856,0.88375,2.1178,3.0513,1.306,2.0984,4.2707,1.0542,2.0873,3.492,2.2981,2.7503,4.5659,1.7029,1.5943,4.1557,1.1503,2.5555,3.0734,0.75283,2.4282,3.7694,2.0552,1.9242,3.7343,1.5951,2.4384,3.4644,1.6544,2.5251,3.6047,1.6567,1.6716,4.2494,2.0958,2.8041,4.5703,2.1039,2.8039,4.5768,3.3578,2.7813,6.1181,1.7025,1.594,4.1556,1.7055,2.0048,3.4527,2.1172,2.9358,4.9131,1.1511,2.5558,3.0789,2.6362,2.4462,4.9864,1.0294,2.6026,4.0661,1.5972,2.4363,3.4658,1.1828,1.803,4.0986,1.6618,1.6242,4.0827,1.7044,2.0045,3.4491,0.28657,2.9459,3.3337,2.8737,2.2948,4.5691,1.3164,1.9504,4.2051,1.2543,2.6844,3.3333,1.4604,2.4577,3.3419,1.8429,1.9803,3.72,1.9502,2.3438,3.9933,1.0934,2.2829,3.1867,2.5397,2.0449,5.1465,1.2444,2.6842,3.3188,1.4566,2.4617,3.3366,0.2935,2.946,3.341,0.67511,1.8081,2.9083,1.6992,2.0242,4.4271,1.4671,1.8579,4.1211,5.5319,2.9005,1.844,0.81982,2.1195,2.7844,1.0277,2.6058,4.0674,2.1594,2.5233,3.621,2.6353,2.4437,4.9854,2.8028,2.7035,4.5218,2.1598,2.5277,4.5298,2.349,2.1032,4.1956,0.76691,1.9918,3.3477,0.33134,2.4726,2.8867,0.60279,2.1403,3.7129,2.3855,2.5037,4.4323,0.75404,2.4638,2.8577,1.2549,1.5828,4.2871,1.6997,2.0087,3.4487,6.2732,2.6889,2.0327,3.2193,2.9379,6.2116,0.75191,2.4606,2.8632,1.6608,1.6345,4.0866,1.4945,1.8662,3.1819,0.7444,2.4629,2.8531,2.1679,2.3484,4.9509,1.1467,2.5624,3.074,1.0025,1.963,3.5035,0.52863,1.9782,3.2586,1.7021,2.0096,3.4474,2.3861,2.0826,4.1989,2.1461,2.1546,4.9816,1.2881,1.7484,3.8024,0.68369,1.9769,2.7577,2.146,2.155,4.9841,2.3213,2.1877,4.4642,1.5678,2.3001,3.9632,4.2215,3.002,0.15429,1.9552,2.3409,3.9965,0.83772,1.9627,4.1189,1.1809,2.5749,4.2183,3.5308,2.8518,6.0932,1.5324,1.6188,3.2873,0.31821,2.2977,3.4028,5.1311,2.9866,1.0725,0.56256,2.7828,3.2597,1.2718,2.5086,2.9816,2.1409,2.1493,4.9762,1.475,2.0925,4.3529,1.5254,1.6234,3.2881,1.381,2.9298,3.3663,0.45567,2.4485,2.7261,0.91726,2.455,2.9959,0.22348,2.6172,3.3414,1.6137,2.2588,4.1273,0.45258,2.4461,2.7187,1.0464,2.175,3.6565,1.3939,1.8063,4.2927,0.32325,2.3013,3.4045,1.5285,1.6169,3.2873,0.45219,2.4488,2.7243,3.0062,2.8703,5.9251,2.0031,2.5966,4.0322,1.9742,2.1797,4.5917,2.6244,2.7753,5.262,1.8911,1.9635,3.9015,1.2937,1.8131,3.6894,2.1463,2.153,4.982,1.4004,2.6572,4.0042,1.1102,3.0839,2.9522,4.6983,2.9833,0.42065,1.2629,2.6857,4.3392,1.9042,1.9561,3.8842,1.2501,2.6366,2.869,0.37464,2.7722,2.9687,0.94304,2.8917,4.1352,0.58329,2.5216,2.5892,0.6966,1.9369,2.9873,0.54552,2.397,3.4255,1.5664,2.1768,4.2329,1.2702,2.6883,4.3463,0.62933,1.9512,3.1115,1.9802,1.8942,3.8174,1.193,1.8438,3.6473,2.45,2.7198,4.9661,1.3764,1.5305,4.1694,1.3882,2.1568,3.1737,0.63544,1.9521,3.1112,0.46388,2.4492,2.5718,1.6148,2.2581,4.1308,2.4509,2.7192,4.9716,0.63284,1.9534,3.108,1.565,1.7124,3.3282,0.51181,3.0411,2.4249,0.58067,2.5218,2.5896,2.9134,2.7451,5.8949,6.1854,2.8651,2.5527,4.6794,2.9871,0.39965,2.3394,2.4046,3.7425,0.90422,3.0797,3.6885,1.4322,2.2622,3.5579,0.8533,3.0782,3.6371,2.3639,2.2365,3.8038,1.1918,1.8427,3.646,2.4275,2.3387,4.5609,2.577,2.6314,4.0296,1.265,2.6829,4.3392,1.8917,1.9568,3.9,1.1316,2.7891,3.6567,2.4421,2.4827,5.0802,1.6074,2.6178,3.3079,2.168,2.1889,4.1022,0.78667,1.9033,3.3705,2.3401,2.4094,3.7462,2.3425,2.4099,3.7465,2.1864,1.8934,4.9065,2.6437,2.2896,4.7925,2.3634,2.2381,3.8052,1.3801,1.5866,3.8372,2.4535,2.718,4.9737,1.891,1.9578,3.9014,0.77941,2.1402,3.9666,1.6013,1.8295,4.2579,2.4517,2.7197,4.9727,1.4456,2.3885,3.2606,5.9339,2.8823,2.214,1.8579,1.7994,3.4784,1.9685,3.0195,4.2909,2.0188,1.9501,4.7594,1.1051,2.5787,4.2773,1.8851,2.1488,4.8605,1.6133,1.7971,3.966,1.6042,2.0103,3.3885,1.0181,2.7703,3.5669,0.91717,2.8288,3.8134,1.3826,2.3948,3.8456,1.1255,2.7923,3.6497,1.8377,1.7903,4.0922,0.9139,2.4605,2.775,1.9121,2.0702,4.3872,0.080234,2.795,2.8448,1.0851,1.9586,4.262,0.95009,2.3346,3.0142,1.6349,2.3946,4.5866,0.97902,2.0839,2.838,0.74255,1.9966,2.7435,1.6119,1.7962,3.9682,0.91626,2.4594,2.7778,1.3798,1.586,3.8365,2.7671,2.5886,4.6324,1.0844,2.1388,3.626,1.1233,2.7965,3.6514,1.976,1.9856,4.4768,1.0827,1.961,4.2602,1.8538,1.6526,3.4508,1.6625,2.4846,3.9993,2.1129,2.5533,4.9204,2.1532,2.3808,3.7081,1.1844,3.073,3.4158,1.4466,1.4654,4.2313,0.62376,2.9988,3.6192,1.6237,1.7484,4.2318,0.74391,1.9972,2.742,0.69179,2.1942,3.9453,2.6874,2.6016,4.5362,1.992,2.1264,3.4358,1.3845,2.9189,3.5381,1.0813,2.1949,3.6332,2.532,2.0008,4.4714,1.4902,1.7343,4.4223,1.6063,2.5917,3.5818,2.0618,2.2914,4.0735,2.7069,2.3723,5.0059,0.44826,2.5307,2.9618
0.01498,0.0014994,8.5528,12.206,0.010745,24.949,1.518,1.8368,4.1681,1.2755,2.2277,4.2225,1.2261,1.9848,4.2362,2.4925,2.6593,4.2977,0.85848,2.0574,4.2235,1.5198,2.492,3.8939,3.0235,2.8394,5.838,1.2221,1.9871,4.2342,1.7472,1.7116,4.2462,1.2809,2.2275,4.2308,0.85583,2.0621,4.2149,2.8996,2.835,4.513,5.6949,2.7717,1.4504,1.2491,2.8339,3.6343,0.95213,2.145,3.0225,2.4866,2.0573,4.4538,1.4721,1.674,3.9074,0.65691,2.5746,3.878,2.008,1.7634,3.4765,1.0807,2.4415,3.0739,0.26264,2.2863,3.5513,1.7843,1.6747,3.3894,2.1191,2.8201,4.4215,1.7869,1.6762,3.3925,1.4728,1.6692,3.9121,0.39348,2.1378,3.1957,2.0432,2.3628,4.3967,1.4735,1.6707,3.1999,0.83114,1.8814,2.7696,3.0209,2.8416,5.8301,2.0092,1.7661,3.4783,1.0077,2.718,2.8827,1.8195,2.5889,4.0059,0.63545,1.8752,2.7984,1.0696,2.4435,3.0589,1.9004,1.9158,4.4975,1.6827,1.6872,3.8944,0.51018,2.2007,3.7459,1.1904,2.4345,3.7805,0.99688,2.0667,3.2623,2.5552,2.3032,4.3025,2.0759,2.1562,4.6855,1.4806,1.675,3.9139,1.8962,1.9177,4.4953,1.4931,2.177,3.2674,0.81741,2.0852,3.1802,2.4197,2.3752,4.3196,1.9412,2.5996,4.8815,1.9288,2.5968,4.8658,2.5514,2.3036,4.2987,1.287,2.4921,3.9414,1.6906,2.2324,4.2998,2.0281,3.0565,3.9704,0.51202,2.4695,2.4841,1.5431,2.0578,4.613,2.0639,3.0612,4.0099,0.38548,2.3779,3.4268,1.6609,1.6235,4.0815,0.70833,2.0247,3.0953,2.2447,2.2417,4.6476,0.64124,2.6137,3.0145,0.99852,2.0699,3.2632,0.12405,2.8903,1.9674,1.9969,1.9857,4.5924,2.5501,2.304,4.2999,2.6666,2.3344,5.1893,2.1261,2.8129,4.4282,1.0804,1.8423,3.9509,4.6234,2.9908,0.50893,0.88324,2.1179,3.0507,1.306,2.0981,4.2715,1.054,2.0874,3.4918,2.2956,2.7495,4.563,1.7032,1.5935,4.1553,1.1514,2.5551,3.0744,0.75329,2.4286,3.7693,2.0554,1.9234,3.7335,1.5945,2.4386,3.4639,1.6535,2.5257,3.6044,1.6563,1.6705,4.2493,2.0934,2.803,4.5676,2.1022,2.8027,4.5749,3.3585,2.7812,6.1187,1.7028,1.5932,4.1552,1.706,2.0047,3.4526,2.1155,2.9355,4.9116,1.1522,2.5555,3.0802,2.6358,2.4461,4.9858,1.0301,2.6026,4.0661,1.5967,2.4363,3.4655,1.1823,1.8037,4.0982,1.6618,1.6233,4.0825,1.7047,2.0044,3.4487,0.28636,2.9457,3.3336,2.8743,2.295,4.57,1.3162,1.9503,4.2052,1.2554,2.6837,3.3351,1.4599,2.4575,3.3418,1.8432,1.9795,3.7193,1.95,2.3449,3.9935,1.0929,2.2829,3.1864,2.5396,2.0442,5.1462,1.2447,2.6835,3.3198,1.4559,2.4619,3.3361,0.29401,2.9459,3.3415,0.67484,1.8084,2.9075,1.699,2.0237,4.4279,1.467,1.8569,4.1214,5.5307,2.9003,1.8428,0.81992,2.1192,2.785,1.0282,2.6061,4.0675,2.1605,2.5233,3.621,2.6346,2.4435,4.9845,2.8033,2.7032,4.5221,2.1592,2.5274,4.5289,2.349,2.1033,4.1959,0.767,1.9923,3.3474,0.33238,2.4723,2.8878,0.60259,2.1403,3.7128,2.3854,2.5027,4.4327,0.75506,2.4636,2.8588,1.2549,1.583,4.287,1.6994,2.009,3.4484,6.2715,2.6889,2.0309,3.2207,2.9378,6.2132,0.7532,2.46,2.8651,1.6609,1.6346,4.0864,1.4946,1.8665,3.1818,0.7449,2.4626,2.8541,2.1678,2.3484,4.9503,1.1472,2.5624,3.0748,1.0026,1.963,3.5035,0.52808,1.9782,3.2589,1.7023,2.0098,3.447,2.3861,2.083,4.1992,2.1467,2.1546,4.9819,1.288,1.7476,3.8027,0.68383,1.977,2.7579,2.1466,2.1551,4.9847,2.3217,2.1881,4.4649,1.5678,2.3015,3.9633,4.2245,3.0011,0.15714,1.9552,2.3415,3.9967,0.83755,1.9626,4.119,1.1819,2.5754,4.2189,3.5329,2.8515,6.0952,1.5325,1.6189,3.2874,0.31745,2.2978,3.4017,5.1304,2.9859,1.0718,0.56348,2.7826,3.2608,1.2727,2.5089,2.9822,2.1409,2.1488,4.9756,1.4752,2.0922,4.3534,1.5255,1.6236,3.2883,1.3814,2.9297,3.3665,0.45662,2.4483,2.7273,0.91644,2.455,2.9956,0.22363,2.6171,3.3414,1.6139,2.2593,4.1276,0.45379,2.4459,2.7198,1.0462,2.1759,3.6559,1.3939,1.806,4.2927,0.323,2.3016,3.404,1.5285,1.6168,3.2874,0.45314,2.4486,2.7256,3.0097,2.8703,5.9288,2.0025,2.5962,4.0318,1.9748,2.18,4.5923,2.6228,2.7753,5.2602,1.8913,1.9631,3.9011,1.2937,1.8125,3.6897,2.1467,2.1528,4.982,1.4002,2.6569,4.0036,1.1098,3.0837,2.9517,4.699,2.9828,0.42116,1.2639,2.6861,4.34,1.9043,1.9557,3.8842,1.2508,2.6367,2.8697,0.37711,2.772,2.9717,0.94355,2.8919,4.1356,0.58494,2.5217,2.5905,0.69633,1.9377,2.9865,0.54537,2.3973,3.4249,1.5663,2.177,4.2336,1.272,2.6888,4.3478,0.62852,1.9518,3.1104,1.9803,1.8937,3.8172,1.1929,1.8433,3.6476,2.4477,2.7193,4.9631,1.3763,1.5317,4.169,1.3879,2.1569,3.1734,0.63514,1.9528,3.1101,0.46438,2.4491,2.5724,1.615,2.2588,4.1313,2.4491,2.7187,4.9695,0.63234,1.954,3.1068,1.5651,1.7122,3.3283,0.51102,3.0413,2.4238,0.58182,2.5219,2.5907,2.9144,2.7452,5.8961,6.1868,2.8653,2.5545,4.6793,2.9868,0.39927,2.3383,2.404,3.7409,0.91002,3.0794,3.6947,1.4313,2.2634,3.557,0.85564,3.078,3.6398,2.3634,2.2363,3.803,1.1917,1.8421,3.6463,2.4277,2.3389,4.5612,2.5763,2.632,4.0297,1.2657,2.6827,4.3397,1.8918,1.9557,3.8993,1.1327,2.7879,3.6578,2.4408,2.4822,5.0783,1.6075,2.6172,3.3091,2.168,2.1891,4.1023,0.78656,1.9034,3.3702,2.339,2.4093,3.7453,2.3417,2.4096,3.7453,2.1867,1.8945,4.9073,2.6433,2.2895,4.7924,2.3631,2.238,3.8046,1.38,1.5867,3.8375,2.4516,2.7176,4.9713,1.8911,1.957,3.9008,0.77935,2.14,3.9675,1.6013,1.8288,4.2578,2.4498,2.7192,4.9706,1.4456,2.3884,3.2606,5.935,2.8825,2.2152,1.8577,1.7992,3.4788,1.9673,3.0187,4.2895,2.0194,1.9502,4.7603,1.1061,2.5786,4.2782,1.8856,2.1486,4.8605,1.6133,1.7962,3.9659,1.6042,2.0102,3.3879,1.0193,2.7692,3.568,0.91829,2.8283,3.8143,1.3833,2.3955,3.8459,1.1261,2.7913,3.6501,1.8375,1.7892,4.092,0.91409,2.4605,2.7753,1.9124,2.0704,4.3875,0.08169,2.7948,2.8462,1.085,1.9584,4.2622,0.95064,2.3342,3.0152,1.6351,2.3944,4.5866,0.97898,2.0833,2.8386,0.74235,1.9963,2.7435,1.6118,1.7951,3.9682,0.91664,2.4592,2.7784,1.3796,1.5859,3.8366,2.7665,2.5884,4.6317,1.0844,2.139,3.6258,1.1239,2.7959,3.6519,1.976,1.9854,4.4769,1.0824,1.9608,4.2602,1.8539,1.6529,3.4509,1.6626,2.4851,3.9994,2.1131,2.5531,4.9202,2.1529,2.3809,3.7078,1.1845,3.0728,3.4158,1.4467,1.4653,4.2311,0.62455,2.9987,3.6201,1.6236,1.7479,4.2315,0.74378,1.9971,2.7419,0.69202,2.1942,3.9455,2.6872,2.6015,4.536,1.9921,2.1261,3.4354,1.3847,2.9183,3.5382,1.0813,2.1953,3.6329,2.5321,2.001,4.4717,1.4901,1.7342,4.4223,1.6058,2.5916,3.5818,2.0617,2.2919,4.0738,2.7063,2.372,5.0052,0.44892,2.5306,2.9625
0.01498,0.0014994,8.5528,12.206,0.01182,24.944,1.5174,1.8368,4.1675,1.2752,2.228,4.2225,1.2255,1.9845,4.2365,2.4918,2.659,4.2973,0.85849,2.0571,4.2242,1.5197,2.4929,3.8939,3.0254,2.8394,5.8405,1.2214,1.9869,4.2342,1.747,1.7108,4.2459,1.2812,2.2276,4.2314,0.85557,2.0622,4.2149,2.9007,2.8349,4.5136,5.6929,2.7711,1.4483,1.2506,2.8324,3.6356,0.95154,2.145,3.0223,2.4869,2.058,4.4549,1.4721,1.6737,3.9076,0.65664,2.5752,3.8773,2.0083,1.7635,3.4768,1.0817,2.4409,3.0759,0.2615,2.2865,3.5498,1.784,1.675,3.3897,2.1161,2.8194,4.4181,1.7869,1.6768,3.3928,1.4725,1.6687,3.9127,0.39319,2.1384,3.1946,2.0443,2.3638,4.398,1.4734,1.6713,3.2001,0.83104,1.8824,2.7692,3.0225,2.8416,5.832,2.0095,1.7667,3.4788,1.0077,2.7183,2.883,1.8197,2.5889,4.0064,0.63587,1.8761,2.7984,1.0695,2.4432,3.0596,1.9007,1.916,4.498,1.6831,1.6863,3.8944,0.51023,2.2007,3.746,1.1901,2.4364,3.7798,0.99588,2.0677,3.2612,2.5565,2.3039,4.3041,2.0768,2.1573,4.6868,1.4809,1.675,3.9143,1.8962,1.9178,4.4955,1.4934,2.1777,3.2673,0.81672,2.0862,3.1791,2.42,2.3758,4.3205,1.9406,2.5993,4.8801,1.9276,2.5969,4.8639,2.5522,2.3044,4.3001,1.287,2.4927,3.9406,1.6911,2.2324,4.3004,2.0245,3.0557,3.9665,0.51331,2.4694,2.4854,1.5431,2.0581,4.6136,2.0623,3.0605,4.0082,0.38457,2.3784,3.4254,1.6609,1.6228,4.0814,0.70811,2.0251,3.0948,2.2447,2.242,4.6479,0.64317,2.613,3.0167,0.99773,2.0709,3.2621,0.12307,2.8903,1.9662,1.9972,1.9859,4.593,2.5507,2.3047,4.3011,2.6652,2.334,5.1879,2.1235,2.8115,4.4256,1.0806,1.8412,3.9516,4.624,2.9897,0.50929,0.88272,2.118,3.0502,1.306,2.0978,4.2722,1.0539,2.0875,3.4916,2.2931,2.7488,4.56,1.7034,1.5928,4.155,1.1524,2.5548,3.0754,0.75375,2.4289,3.7693,2.0557,1.9228,3.7329,1.5939,2.4387,3.4634,1.6527,2.5261,3.604,1.6559,1.6694,4.2493,2.0909,2.802,4.5649,2.1004,2.8015,4.5731,3.3591,2.7811,6.1192,1.7031,1.5925,4.1548,1.7065,2.0045,3.4525,2.1138,2.9353,4.91,1.1531,2.5552,3.0815,2.6354,2.4459,4.9852,1.0308,2.6026,4.0662,1.5961,2.4364,3.4652,1.182,1.8043,4.0978,1.662,1.6223,4.0822,1.705,2.0042,3.4484,0.28614,2.9454,3.3336,2.8747,2.2953,4.5709,1.3162,1.9503,4.2053,1.2565,2.6829,3.337,1.4595,2.4574,3.3416,1.8434,1.9789,3.7185,1.9499,2.3459,3.9938,1.0924,2.283,3.1862,2.5396,2.0436,5.146,1.2451,2.6829,3.3207,1.4551,2.462,3.3357,0.29449,2.9457,3.3419,0.67456,1.8087,2.9066,1.6987,2.0232,4.4288,1.467,1.8561,4.1218,5.5295,2.9001,1.8416,0.81999,2.119,2.7855,1.0288,2.6064,4.0675,2.1616,2.5232,3.621,2.634,2.4433,4.9837,2.8037,2.7029,4.5224,2.1587,2.527,4.5282,2.349,2.1035,4.1962,0.76708,1.9928,3.3471,0.33341,2.472,2.8888,0.6024,2.1403,3.7127,2.3854,2.5019,4.433,0.75609,2.4635,2.8599,1.2548,1.5832,4.287,1.6993,2.0093,3.4482,6.2699,2.6888,2.0291,3.2222,2.9376,6.2149,0.75448,2.4594,2.867,1.6609,1.6346,4.0863,1.4946,1.8668,3.1817,0.74538,2.4623,2.8548,2.1678,2.3484,4.9496,1.1478,2.5625,3.0755,1.0028,1.963,3.5034,0.52753,1.9782,3.2591,1.7026,2.01,3.4467,2.3861,2.0833,4.1994,2.1472,2.1547,4.9823,1.2877,1.7469,3.8031,0.68399,1.977,2.7581,2.1472,2.1553,4.9851,2.3221,2.1885,4.4657,1.568,2.3031,3.9633,4.2275,3.0,0.15996,1.9552,2.3421,3.9969,0.83736,1.9624,4.1192,1.1828,2.5758,4.2193,3.5349,2.8512,6.0973,1.5326,1.6191,3.2875,0.31669,2.2978,3.4008,5.1296,2.9853,1.0712,0.56439,2.7823,3.2619,1.2736,2.5092,2.9829,2.1409,2.1483,4.9751,1.4755,2.0919,4.3537,1.5255,1.6237,3.2884,1.3818,2.9296,3.3668,0.45756,2.448,2.7287,0.91563,2.4551,2.9953,0.22377,2.617,3.3414,1.6142,2.2598,4.128,0.45499,2.4457,2.7209,1.0459,2.1766,3.6554,1.3939,1.8058,4.2926,0.32275,2.3019,3.4034,1.5285,1.6168,3.2876,0.45409,2.4483,2.727,3.0131,2.8703,5.9325,2.0018,2.5959,4.0314,1.9754,2.1803,4.5928,2.6212,2.7753,5.2584,1.8915,1.9628,3.9008,1.2937,1.8119,3.6899,2.1471,2.1526,4.9821,1.3999,2.6566,4.003,1.1094,3.0836,2.9511,4.6997,2.9824,0.42167,1.2647,2.6864,4.3407,1.9043,1.9554,3.8841,1.2514,2.6367,2.8704,0.37958,2.7718,2.9744,0.94408,2.8922,4.136,0.58659,2.5218,2.5919,0.69605,1.9384,2.9858,0.54521,2.3975,3.4243,1.5663,2.1771,4.2342,1.2739,2.6892,4.3493,0.6277,1.9523,3.1093,1.9806,1.8932,3.8171,1.1929,1.843,3.648,2.4455,2.7187,4.9601,1.3763,1.5327,4.1686,1.3877,2.1569,3.1732,0.63484,1.9534,3.1092,0.46488,2.4489,2.5731,1.6152,2.2594,4.1317,2.4472,2.7181,4.9673,0.63186,1.9547,3.1055,1.5653,1.712,3.3285,0.51022,3.0415,2.4227,0.58296,2.5219,2.5917,2.9155,2.7453,5.8974,6.1884,2.8656,2.5563,4.6791,2.9865,0.39891,2.3374,2.4034,3.7393,0.91574,3.0791,3.7008,1.4303,2.2645,3.5562,0.85797,3.0778,3.6426,2.3629,2.2362,3.8021,1.1917,1.8414,3.6466,2.4278,2.3392,4.5615,2.5755,2.6326,4.0298,1.2663,2.6825,4.34,1.892,1.9546,3.8986,1.1338,2.7868,3.6588,2.4394,2.4818,5.0764,1.6076,2.6166,3.3103,2.1679,2.1894,4.1025,0.78647,1.9035,3.37,2.3381,2.4092,3.7442,2.3408,2.4094,3.7442,2.1871,1.8954,4.908,2.643,2.2893,4.7923,2.3627,2.2379,3.804,1.38,1.5867,3.8378,2.4496,2.7173,4.969,1.8912,1.9561,3.9002,0.77928,2.1397,3.9683,1.6013,1.8282,4.2576,2.448,2.7187,4.9685,1.4457,2.3882,3.2607,5.936,2.8828,2.2165,1.8576,1.799,3.4792,1.9661,3.0179,4.2881,2.0201,1.9502,4.7612,1.1068,2.5785,4.2789,1.886,2.1485,4.8604,1.6133,1.7952,3.9658,1.6041,2.0102,3.3874,1.0205,2.7683,3.5691,0.91942,2.8278,3.8152,1.384,2.3963,3.8462,1.1267,2.7905,3.6506,1.8373,1.7879,4.0917,0.91428,2.4603,2.7756,1.9126,2.0706,4.3877,0.083133,2.7945,2.8476,1.0847,1.9581,4.2623,0.95118,2.3338,3.0159,1.6354,2.3943,4.5866,0.97894,2.0827,2.839,0.74216,1.996,2.7435,1.6117,1.7942,3.9682,0.91701,2.4591,2.779,1.3795,1.5859,3.8366,2.766,2.5883,4.6311,1.0844,2.1391,3.6257,1.1243,2.7953,3.6524,1.976,1.9853,4.4769,1.0821,1.9607,4.2603,1.8539,1.6531,3.4511,1.6626,2.4856,3.9994,2.1134,2.5528,4.9199,2.1527,2.3809,3.7075,1.1846,3.0725,3.4158,1.4468,1.4653,4.2309,0.62534,2.9985,3.6211,1.6235,1.7473,4.2312,0.74364,1.9969,2.7417,0.69224,2.1942,3.9456,2.6869,2.6014,4.5359,1.9922,2.1258,3.435,1.385,2.9178,3.5383,1.0813,2.1956,3.6326,2.5323,2.0013,4.472,1.49,1.7341,4.4223,1.6052,2.5915,3.5818,2.0616,2.2924,4.074,2.7057,2.3717,5.0044,0.44956,2.5305,2.9632
0.01498,0.0014994,8.5528,12.206,0.012894,24.939,1.5168,1.8367,4.1668,1.275,2.2282,4.2226,1.225,1.9842,4.2369,2.4911,2.6585,4.2967,0.85852,2.0566,4.2249,1.5197,2.4939,3.894,3.0274,2.8395,5.843,1.2206,1.9867,4.2343,1.747,1.7102,4.2457,1.2816,2.2277,4.2322,0.8553,2.0622,4.2148,2.9016,2.8349,4.5142,5.691,2.7705,1.4461,1.2518,2.8312,3.637,0.95097,2.1451,3.0222,2.4873,2.0589,4.4561,1.4721,1.6733,3.9079,0.65634,2.5758,3.8764,2.0085,1.7637,3.4773,1.0827,2.4402,3.0781,0.26033,2.2866,3.5482,1.7838,1.6752,3.3899,2.1132,2.8186,4.4146,1.7869,1.6776,3.3931,1.4722,1.668,3.9134,0.39288,2.1391,3.1936,2.0452,2.3649,4.3993,1.4734,1.6719,3.2001,0.83094,1.8834,2.7686,3.024,2.8417,5.8338,2.0098,1.7674,3.4793,1.0078,2.7185,2.8834,1.8199,2.5889,4.007,0.63629,1.877,2.7983,1.0694,2.4429,3.0603,1.9009,1.9162,4.4984,1.6834,1.6853,3.8943,0.51027,2.2008,3.7462,1.1898,2.4382,3.7791,0.99489,2.0687,3.26,2.5578,2.3047,4.3058,2.0777,2.1582,4.688,1.4811,1.6749,3.9147,1.8961,1.9179,4.4958,1.4937,2.1785,3.2672,0.81603,2.087,3.1779,2.4202,2.3763,4.3213,1.94,2.599,4.8787,1.9265,2.5972,4.8621,2.553,2.3051,4.3016,1.2869,2.4934,3.94,1.6915,2.2326,4.3012,2.0208,3.0549,3.9626,0.51461,2.4693,2.4865,1.5431,2.0584,4.6144,2.0608,3.0599,4.0065,0.38366,2.3789,3.4239,1.6608,1.6219,4.0812,0.70789,2.0256,3.0943,2.2449,2.2422,4.6482,0.64509,2.6122,3.019,0.99693,2.0719,3.2609,0.1221,2.8903,1.9649,1.9974,1.986,4.5937,2.5513,2.3056,4.3024,2.6638,2.3334,5.1865,2.1209,2.8101,4.4227,1.0806,1.8403,3.9524,4.6246,2.9885,0.50963,0.8822,2.1181,3.0496,1.3061,2.0975,4.273,1.0537,2.0876,3.4915,2.2906,2.748,4.5571,1.7037,1.5919,4.1546,1.1535,2.5543,3.0764,0.75421,2.4293,3.7691,2.0559,1.922,3.7321,1.5933,2.4389,3.4629,1.6517,2.5267,3.6037,1.6555,1.6683,4.2493,2.0885,2.8009,4.5621,2.0987,2.8004,4.5712,3.3598,2.7809,6.1198,1.7035,1.5916,4.1544,1.7069,2.0044,3.4524,2.1121,2.935,4.9086,1.1541,2.5548,3.0828,2.6349,2.4459,4.9847,1.0316,2.6026,4.0663,1.5956,2.4364,3.4648,1.1815,1.805,4.0973,1.662,1.6214,4.082,1.7053,2.0042,3.448,0.28594,2.9453,3.3335,2.8753,2.2955,4.5719,1.316,1.9502,4.2054,1.2576,2.6823,3.3389,1.4591,2.4572,3.3416,1.8437,1.978,3.7178,1.9498,2.347,3.994,1.092,2.283,3.1859,2.5395,2.043,5.1457,1.2454,2.6822,3.3216,1.4544,2.4623,3.3352,0.29498,2.9456,3.3424,0.67428,1.809,2.9057,1.6984,2.0227,4.4296,1.467,1.8552,4.1221,5.5283,2.9,1.8405,0.82008,2.1187,2.786,1.0293,2.6066,4.0677,2.1625,2.5232,3.621,2.6332,2.4431,4.9828,2.8041,2.7026,4.5227,2.1581,2.5266,4.5274,2.349,2.1036,4.1965,0.76717,1.9933,3.3467,0.33444,2.4717,2.8899,0.60219,2.1403,3.7125,2.3853,2.501,4.4334,0.75711,2.4632,2.8608,1.2548,1.5833,4.287,1.699,2.0096,3.4479,6.2682,2.6887,2.0273,3.2236,2.9376,6.2165,0.75576,2.4587,2.8688,1.661,1.6347,4.086,1.4947,1.867,3.1816,0.74587,2.462,2.8557,2.1677,2.3485,4.949,1.1484,2.5625,3.0763,1.0028,1.9631,3.5034,0.52698,1.9782,3.2593,1.7028,2.0103,3.4463,2.3861,2.0837,4.1997,2.1478,2.1547,4.9827,1.2876,1.7461,3.8035,0.68413,1.9771,2.7582,2.1478,2.1554,4.9857,2.3225,2.189,4.4663,1.568,2.3045,3.9634,4.2305,2.9991,0.16274,1.9552,2.3428,3.997,0.83718,1.9623,4.1192,1.1838,2.5763,4.2199,3.537,2.8509,6.0994,1.5327,1.6193,3.2877,0.31592,2.2979,3.3998,5.129,2.9846,1.0705,0.56531,2.7821,3.263,1.2746,2.5095,2.9835,2.141,2.1479,4.9745,1.4756,2.0915,4.3543,1.5255,1.624,3.2887,1.3822,2.9295,3.367,0.45851,2.4478,2.7299,0.91482,2.4551,2.995,0.22392,2.6169,3.3415,1.6144,2.2602,4.1284,0.4562,2.4455,2.722,1.0457,2.1776,3.6549,1.3938,1.8056,4.2926,0.3225,2.3023,3.4028,1.5284,1.6167,3.2876,0.45504,2.4481,2.7284,3.0167,2.8703,5.9362,2.0012,2.5956,4.031,1.9759,2.1806,4.5935,2.6196,2.7753,5.2566,1.8916,1.9624,3.9004,1.2937,1.8113,3.6902,2.1476,2.1525,4.9821,1.3996,2.6564,4.0024,1.1089,3.0833,2.9505,4.7005,2.9818,0.42217,1.2656,2.6867,4.3415,1.9044,1.9551,3.8841,1.2521,2.6368,2.8712,0.38204,2.7716,2.9774,0.94461,2.8924,4.1365,0.58825,2.522,2.5932,0.69578,1.9391,2.9849,0.54506,2.3978,3.4237,1.5661,2.1773,4.235,1.2757,2.6896,4.3508,0.62689,1.9527,3.1083,1.9807,1.8928,3.8168,1.1929,1.8425,3.6483,2.4431,2.7182,4.9572,1.3761,1.5338,4.1681,1.3874,2.157,3.173,0.63452,1.954,3.1081,0.46539,2.4487,2.5738,1.6154,2.2601,4.1322,2.4454,2.7176,4.9653,0.63136,1.9554,3.1042,1.5654,1.7119,3.3286,0.5094,3.0416,2.4215,0.5841,2.5221,2.5928,2.9165,2.7454,5.8987,6.1898,2.8658,2.558,4.6791,2.9861,0.39854,2.3363,2.4027,3.7377,0.92142,3.0787,3.7068,1.4293,2.2657,3.5553,0.86028,3.0776,3.6452,2.3624,2.2359,3.8013,1.1916,1.8408,3.6469,2.4279,2.3393,4.5618,2.5749,2.6332,4.03,1.267,2.6824,4.3405,1.892,1.9537,3.8978,1.1349,2.7857,3.6599,2.4381,2.4812,5.0746,1.6077,2.6161,3.3114,2.1678,2.1896,4.1025,0.78638,1.9037,3.3698,2.3371,2.4091,3.7433,2.34,2.4091,3.7429,2.1874,1.8963,4.9088,2.6426,2.2891,4.7922,2.3624,2.2378,3.8033,1.3799,1.5868,3.8381,2.4477,2.7169,4.9667,1.8913,1.9553,3.8996,0.77922,2.1396,3.9693,1.6013,1.8274,4.2576,2.4461,2.7182,4.9663,1.4458,2.3881,3.2608,5.937,2.8831,2.2177,1.8573,1.7989,3.4797,1.9651,3.0171,4.2867,2.0207,1.9503,4.7621,1.1076,2.5784,4.2798,1.8865,2.1482,4.8604,1.6133,1.7942,3.9657,1.6041,2.0102,3.3868,1.0216,2.7672,3.5702,0.92052,2.8272,3.816,1.3847,2.3969,3.8466,1.1272,2.7896,3.6509,1.8372,1.7868,4.0915,0.91446,2.4603,2.776,1.9128,2.0708,4.388,0.084572,2.7943,2.849,1.0846,1.9578,4.2625,0.95173,2.3334,3.0168,1.6357,2.3942,4.5865,0.97891,2.0822,2.8396,0.74197,1.9956,2.7434,1.6115,1.7932,3.9681,0.91738,2.4589,2.7796,1.3792,1.5857,3.8367,2.7654,2.588,4.6304,1.0844,2.1394,3.6255,1.1249,2.7948,3.6528,1.976,1.9851,4.477,1.0819,1.9605,4.2603,1.854,1.6533,3.4511,1.6626,2.486,3.9994,2.1136,2.5526,4.9197,2.1524,2.381,3.7071,1.1848,3.0723,3.4158,1.4469,1.4652,4.2307,0.6261,2.9984,3.622,1.6233,1.7468,4.2309,0.74351,1.9969,2.7417,0.69246,2.1942,3.9459,2.6867,2.6013,4.5356,1.9924,2.1256,3.4346,1.3853,2.9171,3.5385,1.0812,2.1961,3.6323,2.5323,2.0015,4.4723,1.4898,1.7339,4.4222,1.6047,2.5913,3.5817,2.0615,2.2929,4.0742,2.705,2.3714,5.0036,0.4502,2.5304,2.964
0.01498,0.0014994,8.5528,12.206,0.013969,24.934,1.5161,1.8366,4.1662,1.2747,2.2285,4.2226,1.2244,1.984,4.2371,2.4904,2.6582,4.2961,0.85853,2.0562,4.2256,1.5196,2.4949,3.894,3.0293,2.8395,5.8454,1.2198,1.9865,4.2343,1.7469,1.7094,4.2455,1.2819,2.2278,4.2329,0.85505,2.0623,4.2148,2.9027,2.8348,4.5149,5.6891,2.7699,1.444,1.2531,2.8299,3.6383,0.95039,2.1451,3.022,2.4877,2.0597,4.4572,1.472,1.673,3.9081,0.65606,2.5764,3.8755,2.0088,1.7638,3.4776,1.0836,2.4395,3.0801,0.25917,2.2868,3.5468,1.7836,1.6754,3.3901,2.1102,2.8178,4.4113,1.7869,1.6783,3.3934,1.4719,1.6674,3.9141,0.39259,2.1397,3.1925,2.0462,2.3659,4.4006,1.4733,1.6726,3.2002,0.83084,1.8844,2.768,3.0255,2.8417,5.8357,2.0101,1.7681,3.4797,1.0079,2.7187,2.8837,1.8201,2.5889,4.0075,0.63671,1.8778,2.7982,1.0692,2.4426,3.0611,1.9012,1.9163,4.4989,1.6838,1.6843,3.8942,0.51033,2.2008,3.7463,1.1896,2.4401,3.7784,0.99389,2.0697,3.2588,2.559,2.3054,4.3075,2.0786,2.1592,4.6892,1.4813,1.6748,3.9151,1.8961,1.918,4.496,1.494,2.1793,3.2672,0.81532,2.0879,3.1768,2.4205,2.3769,4.3221,1.9393,2.5988,4.8774,1.9254,2.5973,4.8602,2.5539,2.306,4.3029,1.2869,2.4942,3.9392,1.6921,2.2327,4.302,2.0173,3.054,3.9588,0.5159,2.4693,2.4877,1.5431,2.0587,4.6151,2.0593,3.0593,4.0047,0.38274,2.3795,3.4226,1.6608,1.621,4.0811,0.70767,2.0261,3.0938,2.2449,2.2424,4.6484,0.64703,2.6115,3.0212,0.99611,2.0728,3.2598,0.12113,2.8904,1.9638,1.9977,1.9862,4.5944,2.552,2.3065,4.3036,2.6625,2.3328,5.1851,2.1183,2.8087,4.42,1.0808,1.8393,3.9532,4.6253,2.9874,0.50997,0.88169,2.1182,3.049,1.3061,2.0972,4.2737,1.0536,2.0876,3.4913,2.2882,2.7472,4.5542,1.7039,1.5911,4.1542,1.1546,2.554,3.0774,0.75467,2.4297,3.769,2.0561,1.9213,3.7313,1.5926,2.439,3.4625,1.6508,2.5271,3.6035,1.6551,1.6672,4.2493,2.0861,2.7998,4.5594,2.0969,2.7993,4.5694,3.3605,2.7808,6.1203,1.7037,1.5908,4.154,1.7073,2.0043,3.4524,2.1105,2.9348,4.9071,1.1551,2.5546,3.084,2.6345,2.4458,4.9841,1.0324,2.6026,4.0663,1.595,2.4364,3.4645,1.1811,1.8057,4.0969,1.6621,1.6204,4.0818,1.7056,2.004,3.4477,0.28573,2.9451,3.3334,2.8758,2.2957,4.5729,1.3159,1.9501,4.2055,1.2587,2.6815,3.3407,1.4587,2.4571,3.3415,1.844,1.9773,3.717,1.9497,2.348,3.9942,1.0916,2.2831,3.1856,2.5394,2.0423,5.1454,1.2458,2.6815,3.3225,1.4536,2.4625,3.3347,0.29545,2.9454,3.3428,0.67401,1.8093,2.9049,1.6982,2.0221,4.4304,1.4669,1.8543,4.1224,5.5271,2.8998,1.8394,0.82016,2.1184,2.7865,1.0298,2.6069,4.0678,2.1636,2.5231,3.6211,2.6325,2.4429,4.9819,2.8045,2.7024,4.523,2.1575,2.5263,4.5266,2.349,2.1038,4.1967,0.76726,1.9937,3.3464,0.33547,2.4715,2.8909,0.60199,2.1404,3.7124,2.3852,2.5002,4.4338,0.75814,2.463,2.8618,1.2547,1.5835,4.2869,1.6988,2.0099,3.4477,6.2665,2.6887,2.0255,3.225,2.9375,6.2181,0.75703,2.458,2.8707,1.661,1.6347,4.0859,1.4948,1.8673,3.1815,0.74634,2.4617,2.8566,2.1676,2.3485,4.9484,1.149,2.5625,3.0771,1.003,1.9631,3.5034,0.52643,1.9782,3.2595,1.7029,2.0105,3.4459,2.3861,2.0841,4.2,2.1483,2.1547,4.983,1.2874,1.7453,3.8038,0.68427,1.9772,2.7584,2.1484,2.1556,4.9863,2.3228,2.1894,4.4671,1.5681,2.3059,3.9635,4.2335,2.9981,0.16548,1.9552,2.3434,3.9972,0.837,1.9621,4.1193,1.1848,2.5767,4.2205,3.539,2.8506,6.1014,1.5327,1.6194,3.2877,0.31515,2.298,3.3988,5.1283,2.9839,1.0699,0.56621,2.7819,3.2641,1.2755,2.5098,2.9841,2.141,2.1475,4.9739,1.4758,2.0912,4.3547,1.5255,1.6241,3.2888,1.3825,2.9294,3.3672,0.45946,2.4476,2.7312,0.91401,2.4552,2.9947,0.22406,2.6168,3.3415,1.6147,2.2607,4.1287,0.4574,2.4453,2.723,1.0455,2.1784,3.6543,1.3938,1.8054,4.2925,0.32226,2.3026,3.4023,1.5284,1.6166,3.2877,0.45599,2.4479,2.7297,3.0201,2.8703,5.9398,2.0006,2.5952,4.0306,1.9765,2.1809,4.5941,2.618,2.7753,5.2547,1.8918,1.962,3.9001,1.2937,1.8107,3.6904,2.148,2.1523,4.9822,1.3994,2.6561,4.0017,1.1085,3.0832,2.9499,4.7013,2.9813,0.42267,1.2665,2.687,4.3423,1.9045,1.9548,3.884,1.2527,2.6369,2.8719,0.3845,2.7714,2.9802,0.94513,2.8926,4.1369,0.58989,2.5221,2.5945,0.69551,1.9399,2.9841,0.54492,2.398,3.4231,1.5661,2.1774,4.2357,1.2776,2.69,4.3522,0.62607,1.9533,3.1072,1.9809,1.8923,3.8167,1.1928,1.8421,3.6487,2.4409,2.7177,4.9542,1.376,1.5348,4.1677,1.3871,2.1571,3.1728,0.63421,1.9547,3.1071,0.46587,2.4486,2.5745,1.6156,2.2609,4.1326,2.4436,2.717,4.9632,0.63086,1.9561,3.103,1.5656,1.7117,3.3288,0.50857,3.0418,2.4204,0.58523,2.5222,2.5938,2.9176,2.7455,5.9,6.1913,2.866,2.5597,4.679,2.9858,0.39819,2.3354,2.4021,3.7361,0.92702,3.0784,3.7128,1.4283,2.2668,3.5544,0.86258,3.0774,3.6478,2.362,2.2358,3.8005,1.1916,1.8401,3.6472,2.4281,2.3395,4.5621,2.5741,2.6339,4.0301,1.2677,2.6822,4.3409,1.8921,1.9527,3.8971,1.1359,2.7846,3.6609,2.4368,2.4807,5.0727,1.6077,2.6155,3.3126,2.1678,2.1898,4.1026,0.78629,1.9038,3.3696,2.3362,2.409,3.7423,2.3391,2.4089,3.7418,2.1878,1.8972,4.9096,2.6423,2.289,4.7921,2.3621,2.2377,3.8027,1.3798,1.5868,3.8384,2.4458,2.7165,4.9644,1.8914,1.9544,3.8989,0.77915,2.1394,3.9702,1.6013,1.8267,4.2575,2.4442,2.7178,4.9642,1.4459,2.3879,3.2608,5.938,2.8833,2.2189,1.8571,1.7987,3.4801,1.964,3.0163,4.2853,2.0214,1.9504,4.7631,1.1085,2.5783,4.2805,1.8869,2.148,4.8604,1.6132,1.7933,3.9657,1.6041,2.0102,3.3862,1.0227,2.7662,3.5712,0.92162,2.8267,3.8169,1.3854,2.3977,3.8469,1.1278,2.7888,3.6512,1.837,1.7857,4.0913,0.91465,2.4602,2.7763,1.9131,2.071,4.3883,0.086,2.7941,2.8503,1.0844,1.9576,4.2626,0.95227,2.3331,3.0177,1.6359,2.3941,4.5865,0.97887,2.0816,2.8402,0.74178,1.9953,2.7434,1.6114,1.7922,3.9681,0.91774,2.4588,2.7802,1.379,1.5856,3.8367,2.7647,2.5878,4.6298,1.0844,2.1396,3.6254,1.1255,2.7942,3.6533,1.976,1.985,4.4771,1.0816,1.9604,4.2604,1.8541,1.6535,3.4512,1.6626,2.4865,3.9994,2.1139,2.5524,4.9195,2.1521,2.3811,3.7068,1.1849,3.0721,3.4158,1.4469,1.4652,4.2305,0.62687,2.9983,3.623,1.6232,1.7462,4.2307,0.74339,1.9968,2.7416,0.69268,2.1942,3.946,2.6864,2.6012,4.5355,1.9925,2.1253,3.4343,1.3856,2.9165,3.5386,1.0812,2.1965,3.632,2.5325,2.0017,4.4726,1.4897,1.7339,4.4222,1.6043,2.5912,3.5816,2.0614,2.2935,4.0744,2.7044,2.3711,5.0028,0.45085,2.5303,2.9648
0.01498,0.0014994,8.5528,12.206,0.015043,24.93,1.5155,1.8365,4.1655,1.2744,2.2288,4.2226,1.2238,1.9836,4.2375,2.4897,2.6578,4.2957,0.85855,2.0558,4.2262,1.5195,2.4958,3.8941,3.0313,2.8396,5.848,1.219,1.9863,4.2344,1.7468,1.7087,4.2453,1.2823,2.2279,4.2336,0.85478,2.0623,4.2147,2.9037,2.8348,4.5156,5.6872,2.7693,1.4419,1.2545,2.8285,3.6396,0.9498,2.1452,3.0219,2.4881,2.0605,4.4584,1.472,1.6726,3.9084,0.65576,2.577,3.8747,2.0091,1.7639,3.4781,1.0844,2.4389,3.0822,0.25801,2.287,3.5451,1.7833,1.6756,3.3904,2.1073,2.8171,4.4079,1.7869,1.679,3.3937,1.4715,1.6668,3.9147,0.3923,2.1403,3.1914,2.0473,2.3669,4.402,1.4733,1.6731,3.2003,0.83075,1.8854,2.7676,3.0272,2.8417,5.8376,2.0105,1.7687,3.4803,1.008,2.7189,2.8842,1.8203,2.5889,4.0081,0.63712,1.8787,2.7981,1.0691,2.4423,3.0618,1.9015,1.9165,4.4994,1.6842,1.6834,3.8941,0.51037,2.2008,3.7465,1.1892,2.442,3.7778,0.99288,2.0706,3.2577,2.5603,2.3062,4.3092,2.0795,2.1603,4.6904,1.4816,1.6747,3.9156,1.8961,1.9182,4.4963,1.4944,2.1801,3.2671,0.8146,2.0888,3.1756,2.4208,2.3774,4.323,1.9387,2.5984,4.876,1.9243,2.5975,4.8583,2.5548,2.3068,4.3045,1.2868,2.4949,3.9386,1.6925,2.2329,4.3027,2.0138,3.0532,3.9551,0.5172,2.4692,2.4889,1.5431,2.0591,4.6158,2.0578,3.0586,4.003,0.38183,2.3799,3.4211,1.6607,1.6202,4.0809,0.70745,2.0265,3.0933,2.245,2.2426,4.6487,0.64896,2.6108,3.0235,0.99531,2.0738,3.2587,0.12017,2.8904,1.9626,1.998,1.9864,4.595,2.5526,2.3073,4.3049,2.6611,2.3324,5.1836,2.1156,2.8073,4.4173,1.0809,1.8382,3.954,4.6258,2.9862,0.51029,0.88118,2.1183,3.0485,1.3062,2.0968,4.2745,1.0534,2.0877,3.4911,2.2856,2.7464,4.5513,1.7042,1.5903,4.1538,1.1557,2.5535,3.0784,0.75513,2.4301,3.7689,2.0564,1.9206,3.7306,1.5921,2.4392,3.4619,1.6499,2.5277,3.6031,1.6547,1.6661,4.2492,2.0836,2.7987,4.5567,2.0952,2.7981,4.5675,3.3611,2.7807,6.1209,1.7041,1.59,4.1536,1.7079,2.0041,3.4523,2.1089,2.9345,4.9056,1.1561,2.5542,3.0853,2.6341,2.4457,4.9835,1.0331,2.6026,4.0664,1.5944,2.4365,3.4642,1.1806,1.8064,4.0964,1.6622,1.6195,4.0816,1.7059,2.0039,3.4473,0.28553,2.9448,3.3333,2.8764,2.2959,4.5738,1.3157,1.95,4.2056,1.2598,2.6808,3.3426,1.4582,2.4569,3.3414,1.8443,1.9765,3.7162,1.9496,2.3491,3.9945,1.091,2.2831,3.1853,2.5394,2.0417,5.1451,1.2462,2.6808,3.3235,1.4529,2.4627,3.3343,0.29592,2.9453,3.3433,0.67373,1.8097,2.904,1.6979,2.0217,4.4312,1.4669,1.8535,4.1228,5.5259,2.8996,1.8383,0.82023,2.1181,2.7871,1.0304,2.6072,4.0679,2.1646,2.523,3.6211,2.6318,2.4427,4.981,2.805,2.702,4.5234,2.1569,2.5259,4.5259,2.349,2.104,4.1971,0.76735,1.9943,3.346,0.33649,2.4712,2.892,0.60178,2.1404,3.7122,2.3851,2.4993,4.4342,0.75917,2.4628,2.8629,1.2547,1.5836,4.2869,1.6986,2.0102,3.4474,6.2648,2.6886,2.0237,3.2265,2.9374,6.2197,0.75829,2.4574,2.8726,1.6611,1.6348,4.0857,1.4949,1.8676,3.1814,0.74682,2.4613,2.8574,2.1675,2.3486,4.9477,1.1495,2.5625,3.0779,1.0031,1.9631,3.5034,0.52588,1.9783,3.2598,1.7032,2.0107,3.4455,2.3861,2.0845,4.2003,2.1489,2.1548,4.9834,1.2873,1.7446,3.8042,0.68442,1.9773,2.7586,2.149,2.1558,4.9867,2.3232,2.1899,4.4678,1.5682,2.3074,3.9635,4.2363,2.9972,0.16819,1.9552,2.344,3.9974,0.83681,1.962,4.1194,1.1857,2.5773,4.221,3.5411,2.8503,6.1034,1.5328,1.6196,3.2879,0.31438,2.298,3.3979,5.1276,2.9833,1.0692,0.56712,2.7816,3.2652,1.2764,2.5101,2.9848,2.1411,2.1469,4.9733,1.476,2.0908,4.3552,1.5255,1.6243,3.2891,1.383,2.9293,3.3675,0.4604,2.4474,2.7325,0.91321,2.4552,2.9944,0.2242,2.6167,3.3415,1.6149,2.2612,4.1291,0.4586,2.4451,2.7241,1.0452,2.1793,3.6537,1.3937,1.8051,4.2925,0.32201,2.3029,3.4017,1.5283,1.6165,3.2878,0.45693,2.4476,2.731,3.0235,2.8703,5.9435,1.9999,2.5949,4.0302,1.977,2.1812,4.5946,2.6163,2.7753,5.2529,1.892,1.9616,3.8997,1.2937,1.8101,3.6907,2.1485,2.1521,4.9823,1.3991,2.6558,4.0011,1.108,3.083,2.9493,4.702,2.9809,0.42317,1.2674,2.6873,4.3431,1.9046,1.9544,3.884,1.2534,2.637,2.8727,0.38696,2.7711,2.983,0.94567,2.8928,4.1374,0.59155,2.5222,2.5959,0.69524,1.9406,2.9833,0.54477,2.3983,3.4226,1.566,2.1776,4.2364,1.2794,2.6905,4.3538,0.62525,1.9537,3.1061,1.9811,1.8918,3.8165,1.1928,1.8417,3.6491,2.4385,2.7172,4.9514,1.3759,1.5359,4.1672,1.3868,2.1572,3.1726,0.63391,1.9553,3.1061,0.46637,2.4484,2.5751,1.6158,2.2615,4.1331,2.4418,2.7165,4.9611,0.63037,1.9568,3.1017,1.5657,1.7115,3.329,0.50773,3.042,2.4192,0.58637,2.5223,2.5948,2.9186,2.7457,5.9013,6.1928,2.8663,2.5616,4.679,2.9855,0.39784,2.3344,2.4014,3.7346,0.93256,3.078,3.7188,1.4273,2.268,3.5535,0.86485,3.0772,3.6506,2.3614,2.2356,3.7996,1.1915,1.8395,3.6476,2.4282,2.3397,4.5625,2.5734,2.6344,4.0302,1.2683,2.682,4.3413,1.8922,1.9516,3.8964,1.137,2.7835,3.6619,2.4355,2.4803,5.0708,1.6078,2.6149,3.3138,2.1677,2.1901,4.1027,0.78619,1.904,3.3694,2.3352,2.4088,3.7414,2.3383,2.4086,3.7406,2.1882,1.8982,4.9103,2.6419,2.2888,4.792,2.3617,2.2376,3.8021,1.3797,1.5868,3.8388,2.4439,2.7161,4.962,1.8915,1.9535,3.8984,0.7791,2.1391,3.9711,1.6012,1.826,4.2574,2.4424,2.7172,4.962,1.4459,2.3877,3.2609,5.9391,2.8836,2.2202,1.8569,1.7984,3.4806,1.9628,3.0155,4.2839,2.0221,1.9504,4.764,1.1092,2.5782,4.2813,1.8874,2.1478,4.8603,1.6132,1.7923,3.9656,1.6041,2.0101,3.3856,1.0238,2.7652,3.5723,0.92271,2.8262,3.8178,1.3861,2.3984,3.8473,1.1284,2.7879,3.6517,1.8368,1.7845,4.091,0.91483,2.4601,2.7766,1.9134,2.0712,4.3886,0.087425,2.7938,2.8518,1.0842,1.9573,4.2628,0.95281,2.3327,3.0185,1.6362,2.3939,4.5865,0.97883,2.081,2.8406,0.7416,1.995,2.7434,1.6113,1.7912,3.968,0.9181,2.4586,2.7808,1.3788,1.5855,3.8368,2.7642,2.5876,4.6292,1.0844,2.1398,3.6252,1.1259,2.7936,3.6538,1.976,1.9848,4.4771,1.0813,1.9602,4.2604,1.8542,1.6538,3.4513,1.6627,2.487,3.9994,2.1142,2.5522,4.9192,2.1518,2.3811,3.7065,1.185,3.0719,3.4159,1.447,1.4651,4.2303,0.62762,2.9981,3.6238,1.6231,1.7457,4.2304,0.74325,1.9967,2.7414,0.69291,2.1942,3.9463,2.6861,2.601,4.5353,1.9927,2.1251,3.4338,1.3859,2.9159,3.5387,1.0812,2.1969,3.6317,2.5326,2.002,4.473,1.4896,1.7337,4.4222,1.6037,2.5911,3.5816,2.0613,2.2939,4.0747,2.7038,2.3708,5.0021,0.45148,2.5302,2.9655
0.01498,0.0014994,8.5528,12.206,0.016118,24.926,1.5149,1.8365,4.1649,1.2742,2.2291,4.2226,1.2233,1.9833,4.2378,2.489,2.6574,4.2952,0.85857,2.0554,4.2269,1.5195,2.4967,3.8941,3.0333,2.8396,5.8505,1.2182,1.9861,4.2344,1.7468,1.708,4.2451,1.2827,2.2279,4.2344,0.85452,2.0623,4.2147,2.9047,2.8347,4.5162,5.6853,2.7687,1.4398,1.2558,2.8271,3.6409,0.94923,2.1452,3.0217,2.4885,2.0613,4.4595,1.4719,1.6722,3.9087,0.65546,2.5776,3.8738,2.0094,1.764,3.4785,1.0853,2.4383,3.0842,0.25684,2.2871,3.5436,1.783,1.6759,3.3907,2.1042,2.8164,4.4045,1.7869,1.6797,3.394,1.4712,1.6663,3.9154,0.392,2.1409,3.1905,2.0482,2.3679,4.4033,1.4732,1.6737,3.2004,0.83066,1.8864,2.7671,3.0287,2.8417,5.8394,2.0109,1.7693,3.4807,1.008,2.7192,2.8845,1.8206,2.5889,4.0086,0.63755,1.8796,2.7981,1.069,2.442,3.0626,1.9018,1.9167,4.4999,1.6845,1.6825,3.8941,0.51042,2.2008,3.7466,1.1889,2.4438,3.7771,0.99186,2.0716,3.2565,2.5616,2.307,4.3109,2.0803,2.1613,4.6916,1.4819,1.6747,3.9161,1.896,1.9183,4.4966,1.4947,2.1809,3.2671,0.81389,2.0896,3.1745,2.4211,2.378,4.3238,1.9381,2.5981,4.8747,1.9232,2.5976,4.8565,2.5556,2.3076,4.3059,1.2868,2.4956,3.9378,1.693,2.233,4.3034,2.0103,3.0524,3.9513,0.51849,2.4691,2.4901,1.5431,2.0594,4.6166,2.0563,3.0578,4.0013,0.3809,2.3804,3.4197,1.6607,1.6193,4.0808,0.70723,2.0269,3.0928,2.2451,2.2428,4.649,0.65089,2.61,3.0257,0.9945,2.0748,3.2576,0.1192,2.8904,1.9614,1.9983,1.9865,4.5955,2.5533,2.3081,4.3061,2.6598,2.3318,5.1822,2.1131,2.8059,4.4147,1.081,1.8372,3.9547,4.6263,2.985,0.51061,0.88067,2.1184,3.0479,1.3062,2.0965,4.2753,1.0533,2.0878,3.4909,2.2831,2.7456,4.5483,1.7046,1.5895,4.1534,1.1567,2.5531,3.0794,0.7556,2.4305,3.7689,2.0566,1.9198,3.7299,1.5915,2.4394,3.4615,1.649,2.5281,3.6028,1.6543,1.665,4.2492,2.0812,2.7977,4.5541,2.0935,2.7969,4.5657,3.3617,2.7806,6.1215,1.7044,1.5892,4.1532,1.7083,2.004,3.4522,2.1072,2.9342,4.9042,1.157,2.5538,3.0866,2.6337,2.4456,4.983,1.0339,2.6026,4.0664,1.5939,2.4365,3.4638,1.1802,1.807,4.096,1.6623,1.6186,4.0814,1.7062,2.0038,3.4469,0.28534,2.9446,3.3332,2.8769,2.2961,4.5748,1.3157,1.95,4.2056,1.2608,2.68,3.3443,1.4578,2.4568,3.3414,1.8446,1.9757,3.7154,1.9495,2.3501,3.9948,1.0906,2.2832,3.1849,2.5393,2.0411,5.1448,1.2465,2.6801,3.3244,1.4522,2.4628,3.3339,0.29639,2.9452,3.3438,0.67344,1.81,2.9031,1.6976,2.0212,4.4321,1.4668,1.8526,4.1232,5.5247,2.8995,1.8371,0.8203,2.1178,2.7875,1.0309,2.6075,4.0679,2.1656,2.523,3.6211,2.6311,2.4425,4.9802,2.8055,2.7017,4.5237,2.1564,2.5255,4.5252,2.349,2.1041,4.1974,0.76744,1.9948,3.3457,0.33751,2.4709,2.893,0.60157,2.1404,3.7121,2.385,2.4985,4.4346,0.76019,2.4627,2.8638,1.2546,1.5837,4.2869,1.6984,2.0105,3.4471,6.2632,2.6886,2.022,3.2279,2.9373,6.2213,0.75955,2.4569,2.8744,1.6611,1.6348,4.0855,1.495,1.8679,3.1813,0.7473,2.461,2.8582,2.1674,2.3486,4.947,1.1501,2.5625,3.0787,1.0032,1.9631,3.5034,0.52531,1.9783,3.2601,1.7034,2.011,3.4451,2.386,2.0848,4.2006,2.1494,2.1548,4.9838,1.2871,1.7438,3.8046,0.68456,1.9773,2.7587,2.1496,2.1559,4.9872,2.3236,2.1903,4.4685,1.5683,2.3088,3.9636,4.2391,2.9962,0.17087,1.9552,2.3446,3.9975,0.83663,1.9619,4.1195,1.1866,2.5777,4.2216,3.5431,2.8499,6.1055,1.5329,1.6197,3.2879,0.31362,2.2981,3.397,5.1269,2.9827,1.0687,0.56801,2.7814,3.2662,1.2772,2.5105,2.9855,2.1411,2.1465,4.9727,1.4762,2.0905,4.3556,1.5255,1.6244,3.2893,1.3833,2.9293,3.3677,0.46135,2.4471,2.7338,0.91242,2.4552,2.9941,0.22433,2.6166,3.3415,1.6152,2.2617,4.1295,0.4598,2.4449,2.7251,1.0449,2.1802,3.6531,1.3937,1.8049,4.2924,0.32176,2.3033,3.4012,1.5283,1.6165,3.2879,0.45787,2.4474,2.7323,3.027,2.8703,5.9472,1.9993,2.5945,4.0298,1.9776,2.1816,4.5952,2.6146,2.7753,5.2511,1.8921,1.9612,3.8993,1.2937,1.8095,3.691,2.1489,2.1519,4.9823,1.3988,2.6555,4.0006,1.1075,3.0828,2.9487,4.7028,2.9804,0.42367,1.2683,2.6876,4.3439,1.9046,1.954,3.884,1.2539,2.6371,2.8734,0.38941,2.7708,2.9858,0.9462,2.8931,4.1378,0.5932,2.5223,2.5972,0.69497,1.9414,2.9825,0.54462,2.3986,3.422,1.5659,2.1777,4.237,1.2812,2.6909,4.3552,0.62443,1.9542,3.105,1.9812,1.8914,3.8163,1.1928,1.8412,3.6494,2.4363,2.7167,4.9484,1.3759,1.5369,4.1668,1.3864,2.1572,3.1724,0.63359,1.9558,3.1051,0.46687,2.4483,2.5758,1.616,2.2623,4.1336,2.44,2.7159,4.959,0.62987,1.9574,3.1005,1.5658,1.7114,3.3291,0.50686,3.0422,2.418,0.58749,2.5223,2.5958,2.9196,2.7458,5.9025,6.1942,2.8666,2.5633,4.6789,2.9851,0.39749,2.3334,2.4008,3.733,0.93805,3.0777,3.7247,1.4263,2.2691,3.5527,0.86711,3.077,3.6532,2.3609,2.2354,3.7988,1.1915,1.8389,3.6479,2.4283,2.3399,4.5628,2.5727,2.635,4.0303,1.2689,2.6819,4.3417,1.8923,1.9507,3.8956,1.138,2.7825,3.6629,2.4342,2.4798,5.0689,1.6079,2.6144,3.3149,2.1676,2.1903,4.1028,0.78611,1.9041,3.3692,2.3343,2.4087,3.7405,2.3374,2.4083,3.7394,2.1885,1.899,4.9111,2.6415,2.2886,4.7919,2.3613,2.2375,3.8015,1.3796,1.5868,3.8392,2.4421,2.7156,4.9598,1.8916,1.9527,3.8978,0.77904,2.1389,3.972,1.6012,1.8253,4.2573,2.4406,2.7168,4.9599,1.446,2.3876,3.2609,5.94,2.8839,2.2214,1.8567,1.7983,3.481,1.9617,3.0147,4.2826,2.0228,1.9505,4.7649,1.11,2.5782,4.2821,1.8878,2.1477,4.8603,1.6132,1.7914,3.9655,1.6041,2.0101,3.3851,1.0249,2.7643,3.5733,0.92379,2.8257,3.8186,1.3869,2.3991,3.8477,1.1289,2.7871,3.652,1.8367,1.7833,4.0907,0.91501,2.46,2.777,1.9137,2.0714,4.3889,0.088844,2.7935,2.8531,1.084,1.9571,4.2629,0.95333,2.3323,3.0193,1.6366,2.3938,4.5865,0.97878,2.0805,2.8411,0.74142,1.9946,2.7434,1.6112,1.7903,3.968,0.91847,2.4585,2.7813,1.3786,1.5855,3.8368,2.7637,2.5874,4.6286,1.0844,2.1399,3.6251,1.1264,2.7931,3.6543,1.976,1.9847,4.4772,1.081,1.9601,4.2605,1.8543,1.654,3.4514,1.6627,2.4874,3.9994,2.1144,2.552,4.9189,2.1515,2.3812,3.7061,1.1851,3.0716,3.4159,1.447,1.4651,4.2301,0.62837,2.998,3.6247,1.623,1.7451,4.23,0.74313,1.9966,2.7414,0.69312,2.1942,3.9464,2.6858,2.6009,4.5351,1.9928,2.1248,3.4335,1.3862,2.9154,3.5388,1.0811,2.1973,3.6313,2.5327,2.0022,4.4734,1.4895,1.7337,4.4222,1.6033,2.591,3.5816,2.0612,2.2944,4.0749,2.7032,2.3705,5.0013,0.45211,2.5301,2.9662
0.01498,0.0014994,8.5528,12.206,0.017192,24.919,1.5143,1.8363,4.1642,1.2739,2.2292,4.2227,1.2227,1.983,4.2381,2.4883,2.657,4.2946,0.85859,2.055,4.2276,1.5194,2.4977,3.8941,3.0353,2.8397,5.853,1.2175,1.9859,4.2344,1.7466,1.7073,4.2449,1.2829,2.228,4.2351,0.85427,2.0624,4.2146,2.9058,2.8347,4.5169,5.6834,2.7681,1.4377,1.257,2.8258,3.6422,0.94864,2.1453,3.0216,2.4889,2.0621,4.4606,1.4719,1.6719,3.909,0.65516,2.5782,3.873,2.0097,1.7641,3.4789,1.0862,2.4376,3.0862,0.25567,2.2874,3.542,1.7829,1.6761,3.3909,2.1013,2.8155,4.4011,1.7869,1.6804,3.3943,1.471,1.6657,3.916,0.39171,2.1415,3.1894,2.0493,2.3689,4.4046,1.4731,1.6743,3.2004,0.83056,1.8874,2.7665,3.0303,2.8417,5.8413,2.0112,1.7699,3.4813,1.008,2.7194,2.8849,1.8208,2.5889,4.0092,0.63797,1.8804,2.7981,1.0688,2.4417,3.0633,1.902,1.9169,4.5004,1.6849,1.6814,3.894,0.51047,2.2008,3.7467,1.1886,2.4456,3.7764,0.99084,2.0726,3.2554,2.5628,2.3077,4.3126,2.0812,2.1623,4.6929,1.4821,1.6745,3.9166,1.896,1.9185,4.4969,1.4951,2.1816,3.2669,0.81316,2.0906,3.1734,2.4213,2.3785,4.3247,1.9374,2.5978,4.8732,1.9221,2.5979,4.8546,2.5565,2.3083,4.3074,1.2867,2.4963,3.9371,1.6935,2.2331,4.3041,2.0068,3.0515,3.9476,0.51979,2.4691,2.4912,1.543,2.0597,4.6172,2.0548,3.0572,3.9997,0.37998,2.3809,3.4182,1.6606,1.6185,4.0806,0.707,2.0274,3.0922,2.2453,2.2431,4.6492,0.65282,2.6093,3.028,0.99368,2.0757,3.2564,0.11825,2.8904,1.9603,1.9986,1.9867,4.5962,2.554,2.309,4.3074,2.6583,2.3313,5.1808,2.1106,2.8044,4.4119,1.0811,1.8361,3.9555,4.6269,2.984,0.51093,0.88015,2.1186,3.0473,1.3062,2.0962,4.276,1.0531,2.0879,3.4907,2.2807,2.7448,4.5454,1.7047,1.5887,4.1531,1.1578,2.5527,3.0803,0.75606,2.4308,3.7687,2.0568,1.9191,3.7292,1.5909,2.4395,3.4609,1.6481,2.5287,3.6025,1.6539,1.6639,4.2491,2.0788,2.7966,4.5513,2.0919,2.7957,4.5639,3.3624,2.7804,6.122,1.7048,1.5884,4.1528,1.7088,2.0038,3.4522,2.1057,2.9339,4.9027,1.158,2.5535,3.0878,2.6332,2.4454,4.9824,1.0346,2.6026,4.0665,1.5933,2.4366,3.4635,1.1798,1.8076,4.0956,1.6625,1.6177,4.0811,1.7065,2.0037,3.4466,0.28514,2.9444,3.3331,2.8774,2.2964,4.5757,1.3155,1.9499,4.2058,1.2619,2.6793,3.3462,1.4573,2.4567,3.3412,1.8448,1.975,3.7147,1.9493,2.3512,3.9949,1.0901,2.2832,3.1846,2.5393,2.0405,5.1445,1.2469,2.6794,3.3253,1.4514,2.463,3.3334,0.29685,2.945,3.3443,0.67316,1.8103,2.9022,1.6973,2.0207,4.4329,1.4668,1.8517,4.1235,5.5236,2.8993,1.836,0.82037,2.1175,2.7881,1.0315,2.6078,4.0681,2.1665,2.5229,3.6211,2.6304,2.4423,4.9792,2.806,2.7014,4.524,2.1558,2.5252,4.5244,2.349,2.1043,4.1977,0.76753,1.9952,3.3454,0.33854,2.4706,2.8941,0.60137,2.1404,3.712,2.385,2.4976,4.4349,0.76122,2.4624,2.8648,1.2546,1.5839,4.2868,1.6982,2.0108,3.4469,6.2615,2.6884,2.0201,3.2293,2.9371,6.2229,0.7608,2.4562,2.8763,1.6612,1.6349,4.0853,1.495,1.8682,3.1811,0.74777,2.4608,2.859,2.1674,2.3487,4.9464,1.1507,2.5625,3.0794,1.0034,1.9632,3.5033,0.52475,1.9783,3.2603,1.7036,2.0112,3.4448,2.386,2.0852,4.2009,2.15,2.1549,4.9842,1.2869,1.7431,3.8049,0.6847,1.9775,2.759,2.1502,2.1561,4.9878,2.324,2.1908,4.4692,1.5685,2.3103,3.9637,4.2419,2.9953,0.17351,1.9552,2.3453,3.9977,0.83645,1.9617,4.1197,1.1877,2.5782,4.2221,3.5451,2.8496,6.1075,1.5329,1.62,3.2881,0.31285,2.2982,3.396,5.1262,2.982,1.068,0.56891,2.7812,3.2673,1.2781,2.5108,2.9861,2.1412,2.146,4.9722,1.4764,2.0902,4.3561,1.5256,1.6246,3.2895,1.3837,2.9291,3.3679,0.46229,2.4469,2.7351,0.91163,2.4553,2.9938,0.22447,2.6164,3.3415,1.6155,2.2622,4.1298,0.46099,2.4447,2.7263,1.0447,2.1811,3.6526,1.3936,1.8046,4.2924,0.32151,2.3036,3.4006,1.5282,1.6163,3.2879,0.45881,2.4471,2.7337,3.0305,2.8703,5.9509,1.9986,2.5942,4.0294,1.9782,2.1819,4.5958,2.613,2.7753,5.2493,1.8923,1.9609,3.8989,1.2937,1.8089,3.6912,2.1493,2.1517,4.9823,1.3986,2.6554,3.9999,1.107,3.0826,2.9481,4.7035,2.9799,0.42417,1.2692,2.6879,4.3446,1.9048,1.9537,3.8839,1.2546,2.6371,2.8741,0.39187,2.7706,2.9886,0.94675,2.8933,4.1383,0.59485,2.5224,2.5986,0.6947,1.9421,2.9818,0.54448,2.3988,3.4214,1.5657,2.1778,4.2377,1.2831,2.6914,4.3567,0.62363,1.9548,3.104,1.9814,1.8909,3.8161,1.1927,1.8408,3.6498,2.434,2.7161,4.9455,1.3757,1.538,4.1663,1.3861,2.1573,3.1722,0.63329,1.9565,3.1041,0.46736,2.4481,2.5765,1.6163,2.263,4.1341,2.4382,2.7153,4.957,0.62937,1.9581,3.0993,1.566,1.7112,3.3292,0.50599,3.0424,2.4167,0.58861,2.5225,2.5968,2.9207,2.7458,5.9038,6.1958,2.8667,2.5651,4.6788,2.9848,0.39716,2.3324,2.4002,3.7314,0.94346,3.0773,3.7305,1.4253,2.2702,3.5518,0.86935,3.0768,3.6557,2.3604,2.2352,3.798,1.1914,1.8382,3.6482,2.4285,2.3401,4.5631,2.572,2.6356,4.0305,1.2696,2.6817,4.3421,1.8925,1.9496,3.8949,1.1391,2.7814,3.6639,2.4328,2.4793,5.0671,1.6079,2.6138,3.316,2.1675,2.1905,4.103,0.78601,1.9042,3.369,2.3334,2.4086,3.7395,2.3366,2.4081,3.7382,2.1889,1.9,4.9118,2.6412,2.2884,4.7919,2.361,2.2373,3.8008,1.3794,1.5869,3.8395,2.4402,2.7153,4.9576,1.8916,1.9518,3.8972,0.77898,2.1387,3.9729,1.6012,1.8246,4.2571,2.4389,2.7162,4.9578,1.4461,2.3875,3.261,5.9411,2.8841,2.2227,1.8565,1.7981,3.4814,1.9606,3.014,4.2812,2.0234,1.9505,4.7658,1.1108,2.578,4.2828,1.8883,2.1474,4.8602,1.6132,1.7905,3.9654,1.6041,2.0101,3.3845,1.026,2.7633,3.5743,0.92486,2.8251,3.8195,1.3875,2.3998,3.848,1.1294,2.7863,3.6524,1.8365,1.7823,4.0906,0.91519,2.46,2.7773,1.9138,2.0716,4.3892,0.090251,2.7933,2.8544,1.0838,1.9569,4.2631,0.95386,2.3319,3.0201,1.6367,2.3937,4.5864,0.97874,2.0799,2.8417,0.74124,1.9944,2.7433,1.611,1.7893,3.9679,0.91882,2.4584,2.7819,1.3784,1.5853,3.8368,2.7631,2.5872,4.6279,1.0844,2.1402,3.6249,1.127,2.7925,3.6548,1.9761,1.9845,4.4772,1.0807,1.9599,4.2605,1.8543,1.6543,3.4514,1.6627,2.4879,3.9994,2.1147,2.5518,4.9187,2.1512,2.3813,3.7058,1.1852,3.0714,3.4159,1.4472,1.465,4.2299,0.6291,2.9978,3.6256,1.6228,1.7446,4.2299,0.74301,1.9964,2.7412,0.69334,2.1942,3.9466,2.6857,2.6008,4.5349,1.9929,2.1245,3.4331,1.3865,2.9148,3.539,1.0811,2.1977,3.631,2.5328,2.0024,4.4737,1.4893,1.7335,4.4221,1.6027,2.5908,3.5815,2.061,2.2949,4.0752,2.7026,2.3701,5.0006,0.45274,2.5299,2.9669
0.01498,0.0014994,8.5528,12.206,0.018267,24.909,1.5137,1.8362,4.1635,1.2736,2.2296,4.2227,1.2221,1.9828,4.2385,2.4877,2.6566,4.2942,0.85861,2.0546,4.2283,1.5194,2.4986,3.8941,3.0373,2.8397,5.8556,1.2167,1.9857,4.2345,1.7466,1.7066,4.2447,1.2833,2.228,4.2358,0.85401,2.0624,4.2146,2.9069,2.8345,4.5176,5.6815,2.7675,1.4356,1.2583,2.8245,3.6435,0.94807,2.1453,3.0214,2.4893,2.0629,4.4618,1.4719,1.6715,3.9092,0.65485,2.5788,3.8721,2.01,1.7643,3.4793,1.087,2.437,3.0881,0.25449,2.2875,3.5405,1.7826,1.6763,3.3911,2.0983,2.8147,4.3977,1.7869,1.6811,3.3945,1.4706,1.6651,3.9166,0.39143,2.1422,3.1883,2.0503,2.3699,4.4059,1.4731,1.6749,3.2006,0.83047,1.8884,2.7661,3.032,2.8417,5.8432,2.0116,1.7705,3.4818,1.0081,2.7196,2.8852,1.821,2.5889,4.0098,0.63839,1.8813,2.798,1.0686,2.4415,3.064,1.9023,1.9171,4.5009,1.6852,1.6805,3.894,0.51053,2.2008,3.7469,1.1884,2.4475,3.7757,0.98982,2.0736,3.2542,2.5642,2.3085,4.3143,2.0821,2.1633,4.694,1.4824,1.6745,3.9171,1.896,1.9185,4.4971,1.4954,2.1824,3.2668,0.81242,2.0915,3.1722,2.4216,2.3791,4.3256,1.9367,2.5975,4.8719,1.9209,2.5981,4.8527,2.5574,2.3092,4.3089,1.2867,2.497,3.9364,1.694,2.2333,4.3049,2.0034,3.0507,3.944,0.52107,2.469,2.4924,1.543,2.0601,4.618,2.0533,3.0565,3.998,0.37906,2.3814,3.4169,1.6606,1.6177,4.0804,0.70677,2.0278,3.0917,2.2454,2.2433,4.6494,0.65476,2.6085,3.0303,0.99285,2.0767,3.2553,0.1173,2.8904,1.9591,1.9989,1.9869,4.5968,2.5546,2.3098,4.3087,2.657,2.3307,5.1793,2.1081,2.8031,4.4093,1.0813,1.835,3.9563,4.6275,2.9828,0.51123,0.87965,2.1187,3.0468,1.3064,2.0958,4.2768,1.0529,2.0879,3.4905,2.2782,2.744,4.5426,1.7051,1.5879,4.1527,1.1587,2.5523,3.0813,0.75652,2.4312,3.7687,2.057,1.9184,3.7284,1.5903,2.4397,3.4605,1.6473,2.5291,3.6022,1.6535,1.6628,4.2491,2.0763,2.7954,4.5487,2.0901,2.7946,4.562,3.3631,2.7803,6.1225,1.7051,1.5876,4.1524,1.7093,2.0036,3.4521,2.104,2.9337,4.9012,1.159,2.5532,3.0891,2.6328,2.4454,4.9818,1.0353,2.6026,4.0665,1.5927,2.4366,3.4631,1.1794,1.8082,4.0952,1.6625,1.6168,4.0809,1.7069,2.0035,3.4462,0.28495,2.9442,3.3331,2.878,2.2966,4.5767,1.3153,1.9499,4.2058,1.263,2.6786,3.3481,1.4569,2.4565,3.3412,1.8451,1.9742,3.7139,1.9492,2.3523,3.9952,1.0896,2.2832,3.1844,2.5393,2.0399,5.1443,1.2473,2.6787,3.3262,1.4506,2.4632,3.333,0.29731,2.9448,3.3447,0.67288,1.8106,2.9013,1.6971,2.0202,4.4337,1.4668,1.8509,4.1239,5.5224,2.8991,1.8349,0.82045,2.1172,2.7886,1.032,2.608,4.0681,2.1675,2.5229,3.6211,2.6297,2.4421,4.9784,2.8065,2.7012,4.5244,2.1552,2.5248,4.5236,2.349,2.1045,4.198,0.76761,1.9958,3.345,0.33956,2.4704,2.8952,0.60116,2.1404,3.7118,2.3848,2.4968,4.4353,0.76224,2.4622,2.8659,1.2545,1.5841,4.2868,1.698,2.0111,3.4467,6.2598,2.6883,2.0184,3.2307,2.9371,6.2244,0.76205,2.4556,2.8782,1.6612,1.6349,4.0851,1.4952,1.8685,3.181,0.74823,2.4604,2.8598,2.1672,2.3487,4.9458,1.1512,2.5625,3.0802,1.0035,1.9632,3.5033,0.5242,1.9783,3.2605,1.7038,2.0114,3.4444,2.386,2.0856,4.2011,2.1506,2.1549,4.9846,1.2867,1.7424,3.8053,0.68485,1.9775,2.7592,2.1508,2.1563,4.9883,2.3244,2.1912,4.4699,1.5685,2.3116,3.9637,4.2448,2.9943,0.17611,1.9552,2.3459,3.9979,0.83626,1.9615,4.1197,1.1886,2.5786,4.2227,3.5471,2.8493,6.1095,1.533,1.6201,3.2882,0.31209,2.2982,3.395,5.1255,2.9814,1.0674,0.56979,2.7808,3.2684,1.279,2.511,2.9867,2.1412,2.1455,4.9717,1.4765,2.0898,4.3566,1.5256,1.6248,3.2897,1.3841,2.929,3.3682,0.46324,2.4467,2.7364,0.91085,2.4553,2.9935,0.2246,2.6164,3.3415,1.6157,2.2627,4.1302,0.46217,2.4445,2.7272,1.0445,2.182,3.6521,1.3936,1.8044,4.2922,0.32127,2.3039,3.4,1.5282,1.6163,3.2881,0.45974,2.4469,2.735,3.0339,2.8703,5.9546,1.998,2.5938,4.029,1.9787,2.1821,4.5964,2.6114,2.7753,5.2474,1.8925,1.9605,3.8985,1.2937,1.8083,3.6914,2.1497,2.1515,4.9824,1.3984,2.655,3.9993,1.1065,3.0824,2.9475,4.7042,2.9794,0.42467,1.27,2.6883,4.3454,1.9048,1.9534,3.8839,1.2552,2.6372,2.8749,0.3943,2.7704,2.9915,0.9473,2.8935,4.1387,0.59651,2.5226,2.5999,0.69443,1.9428,2.981,0.54433,2.399,3.4209,1.5657,2.178,4.2385,1.2848,2.6918,4.3582,0.62281,1.9552,3.1029,1.9816,1.8905,3.8159,1.1927,1.8404,3.6501,2.4317,2.7156,4.9426,1.3756,1.5391,4.1658,1.3858,2.1573,3.172,0.63298,1.9571,3.1031,0.46785,2.4479,2.5772,1.6165,2.2636,4.1345,2.4363,2.7148,4.9549,0.62887,1.9588,3.0981,1.5662,1.711,3.3294,0.50508,3.0426,2.4156,0.58972,2.5226,2.5978,2.9218,2.746,5.9051,6.1973,2.867,2.5668,4.6788,2.9845,0.39683,2.3315,2.3996,3.7299,0.9488,3.077,3.7362,1.4242,2.2714,3.5508,0.87155,3.0766,3.6584,2.3599,2.235,3.7972,1.1914,1.8375,3.6485,2.4285,2.3403,4.5635,2.5713,2.6362,4.0306,1.2702,2.6815,4.3425,1.8926,1.9486,3.8943,1.1402,2.7803,3.665,2.4315,2.4788,5.0653,1.608,2.6132,3.3172,2.1675,2.1909,4.1031,0.78591,1.9044,3.3688,2.3324,2.4084,3.7385,2.3357,2.4079,3.7371,2.1893,1.9009,4.9125,2.6408,2.2883,4.7917,2.3606,2.2373,3.8002,1.3794,1.5869,3.8398,2.4384,2.7149,4.9553,1.8918,1.9509,3.8966,0.77891,2.1385,3.9739,1.6012,1.8239,4.257,2.437,2.7158,4.9557,1.4461,2.3873,3.261,5.9421,2.8843,2.224,1.8563,1.7978,3.4818,1.9595,3.0132,4.2799,2.024,1.9506,4.7667,1.1115,2.578,4.2835,1.8888,2.1472,4.8602,1.6132,1.7895,3.9653,1.6041,2.0101,3.3839,1.027,2.7623,3.5754,0.92592,2.8246,3.8203,1.3883,2.4004,3.8484,1.13,2.7854,3.6528,1.8363,1.7811,4.0904,0.91537,2.4599,2.7776,1.9142,2.0718,4.3895,0.091645,2.7931,2.8558,1.0837,1.9565,4.2633,0.95438,2.3315,3.0209,1.6371,2.3935,4.5864,0.9787,2.0793,2.8421,0.74107,1.994,2.7433,1.611,1.7883,3.9679,0.91918,2.4582,2.7825,1.3783,1.5852,3.8369,2.7625,2.587,4.6273,1.0844,2.1404,3.6247,1.1274,2.7919,3.6553,1.9761,1.9843,4.4773,1.0805,1.9599,4.2606,1.8545,1.6545,3.4516,1.6627,2.4883,3.9994,2.1149,2.5516,4.9185,2.151,2.3813,3.7055,1.1854,3.0712,3.4159,1.4473,1.465,4.2297,0.62981,2.9976,3.6265,1.6227,1.744,4.2296,0.74288,1.9964,2.7411,0.69355,2.1942,3.9468,2.6853,2.6006,4.5347,1.9931,2.1242,3.4327,1.3867,2.9142,3.5391,1.0811,2.1981,3.6307,2.533,2.0026,4.474,1.4892,1.7334,4.4221,1.6023,2.5906,3.5815,2.061,2.2954,4.0754,2.702,2.3699,4.9998,0.45336,2.5298,2.9677
0.01498,0.0014994,8.5528,12.206,0.019342,24.895,1.513,1.8361,4.1629,1.2734,2.2298,4.2228,1.2215,1.9825,4.2387,2.487,2.6563,4.2937,0.85863,2.0542,4.2289,1.5193,2.4996,3.8942,3.0393,2.8397,5.8581,1.216,1.9855,4.2346,1.7465,1.7059,4.2444,1.2837,2.2281,4.2365,0.85375,2.0624,4.2146,2.9079,2.8345,4.5183,5.6796,2.7668,1.4335,1.2596,2.8231,3.6448,0.94749,2.1454,3.0212,2.4897,2.0638,4.463,1.4718,1.6712,3.9095,0.65453,2.5794,3.8712,2.0102,1.7644,3.4797,1.0878,2.4364,3.0901,0.25329,2.2877,3.5389,1.7824,1.6765,3.3914,2.0954,2.8139,4.3944,1.7869,1.6818,3.3948,1.4703,1.6645,3.9173,0.39113,2.1428,3.1873,2.0513,2.3709,4.4073,1.473,1.6755,3.2007,0.83037,1.8894,2.7656,3.0336,2.8417,5.8452,2.0119,1.7712,3.4823,1.0081,2.7199,2.8856,1.8212,2.5889,4.0104,0.63881,1.8822,2.7979,1.0685,2.4412,3.0648,1.9026,1.9173,4.5013,1.6856,1.6796,3.8939,0.51058,2.2008,3.7471,1.1881,2.4494,3.775,0.98879,2.0746,3.253,2.5655,2.3092,4.3161,2.083,2.1643,4.6953,1.4827,1.6744,3.9175,1.896,1.9187,4.4974,1.4958,2.1832,3.2668,0.81167,2.0923,3.171,2.4219,2.3797,4.3264,1.9361,2.5972,4.8706,1.9198,2.5982,4.8508,2.5584,2.31,4.3104,1.2866,2.4978,3.9357,1.6945,2.2334,4.3056,2.0001,3.0498,3.9404,0.52234,2.4689,2.4936,1.543,2.0604,4.6187,2.0518,3.0558,3.9963,0.37813,2.3819,3.4154,1.6605,1.6169,4.0803,0.70654,2.0283,3.0912,2.2454,2.2435,4.6497,0.65671,2.6077,3.0325,0.99203,2.0777,3.2542,0.11635,2.8905,1.9579,1.9992,1.987,4.5975,2.5553,2.3107,4.31,2.6556,2.3302,5.1779,2.1055,2.8016,4.4067,1.0814,1.834,3.9571,4.6281,2.9816,0.51153,0.87914,2.1188,3.0462,1.3064,2.0955,4.2775,1.0527,2.088,3.4903,2.2757,2.7431,4.5396,1.7054,1.5871,4.1523,1.1598,2.5519,3.0823,0.75698,2.4315,3.7686,2.0573,1.9177,3.7277,1.5896,2.4399,3.46,1.6464,2.5296,3.602,1.6531,1.6617,4.2491,2.0739,2.7943,4.546,2.0884,2.7934,4.5602,3.3637,2.7801,6.123,1.7054,1.5867,4.1519,1.7098,2.0035,3.452,2.1024,2.9334,4.8998,1.16,2.5529,3.0904,2.6324,2.4453,4.9813,1.0361,2.6025,4.0666,1.5922,2.4366,3.4628,1.1789,1.8089,4.0948,1.6626,1.6159,4.0807,1.7071,2.0034,3.4459,0.28477,2.944,3.333,2.8785,2.2968,4.5776,1.3152,1.9498,4.2059,1.2641,2.6779,3.3499,1.4565,2.4563,3.3411,1.8454,1.9734,3.7131,1.9491,2.3533,3.9954,1.0892,2.2833,3.1841,2.5392,2.0392,5.144,1.2476,2.6781,3.3271,1.4499,2.4634,3.3325,0.29776,2.9447,3.3451,0.67259,1.8109,2.9005,1.6968,2.0197,4.4345,1.4667,1.85,4.1242,5.5212,2.899,1.8338,0.82051,2.117,2.7891,1.0325,2.6083,4.0682,2.1684,2.5228,3.621,2.629,2.4419,4.9775,2.8069,2.7009,4.5247,2.1547,2.5244,4.5229,2.349,2.1047,4.1983,0.7677,1.9963,3.3447,0.34057,2.4701,2.8962,0.60094,2.1404,3.7116,2.3847,2.496,4.4357,0.76326,2.462,2.8669,1.2544,1.5842,4.2868,1.6977,2.0114,3.4464,6.2582,2.6883,2.0166,3.2321,2.937,6.226,0.7633,2.4549,2.88,1.6612,1.635,4.0849,1.4953,1.8688,3.1809,0.7487,2.4601,2.8606,2.1671,2.3487,4.9451,1.1518,2.5625,3.081,1.0036,1.9632,3.5033,0.52364,1.9783,3.2608,1.704,2.0116,3.444,2.386,2.086,4.2014,2.1511,2.1549,4.9849,1.2865,1.7416,3.8057,0.68499,1.9776,2.7593,2.1514,2.1564,4.9888,2.3248,2.1917,4.4706,1.5686,2.3131,3.9638,4.2475,2.9933,0.17867,1.9552,2.3465,3.9981,0.83607,1.9614,4.1198,1.1895,2.5791,4.2232,3.5491,2.849,6.1115,1.5331,1.6203,3.2883,0.31132,2.2983,3.394,5.1249,2.9807,1.0667,0.57066,2.7806,3.2694,1.2799,2.5113,2.9874,2.1413,2.1451,4.9711,1.4767,2.0895,4.357,1.5256,1.625,3.2899,1.3845,2.9289,3.3685,0.46419,2.4464,2.7376,0.91008,2.4554,2.9932,0.22472,2.6163,3.3415,1.6159,2.2631,4.1306,0.46334,2.4443,2.7283,1.0442,2.1828,3.6515,1.3935,1.8042,4.2922,0.32103,2.3042,3.3995,1.5282,1.6162,3.2882,0.46067,2.4467,2.7363,3.0373,2.8703,5.9583,1.9974,2.5935,4.0286,1.9793,2.1824,4.597,2.6097,2.7753,5.2455,1.8927,1.9601,3.8982,1.2937,1.8077,3.6917,2.1502,2.1513,4.9825,1.3981,2.6548,3.9987,1.106,3.0823,2.9468,4.705,2.9789,0.42516,1.2709,2.6885,4.3462,1.9049,1.9531,3.8838,1.2559,2.6373,2.8756,0.39674,2.7701,2.9943,0.94784,2.8937,4.1392,0.59815,2.5227,2.6012,0.69416,1.9435,2.9802,0.5442,2.3993,3.4203,1.5656,2.1781,4.2391,1.2867,2.6922,4.3597,0.622,1.9557,3.1018,1.9818,1.89,3.8157,1.1927,1.84,3.6505,2.4295,2.7151,4.9397,1.3755,1.5401,4.1654,1.3856,2.1574,3.1717,0.63268,1.9577,3.1021,0.46833,2.4478,2.5778,1.6167,2.2643,4.135,2.4346,2.7142,4.9528,0.62837,1.9595,3.0968,1.5663,1.7109,3.3296,0.50417,3.0428,2.4143,0.59082,2.5227,2.5988,2.9228,2.7461,5.9064,6.1987,2.8672,2.5686,4.6787,2.9842,0.39649,2.3305,2.3989,3.7283,0.95404,3.0766,3.7418,1.4232,2.2725,3.55,0.87373,3.0763,3.6609,2.3595,2.2348,3.7963,1.1914,1.8369,3.6488,2.4287,2.3405,4.5637,2.5706,2.6368,4.0308,1.2709,2.6814,4.343,1.8927,1.9476,3.8935,1.1412,2.7792,3.6659,2.4303,2.4783,5.0634,1.6081,2.6126,3.3183,2.1674,2.1911,4.1032,0.78582,1.9045,3.3685,2.3315,2.4083,3.7376,2.3349,2.4076,3.736,2.1896,1.9018,4.9133,2.6404,2.2881,4.7916,2.3603,2.2372,3.7996,1.3793,1.5869,3.8401,2.4366,2.7145,4.953,1.8919,1.9501,3.896,0.77885,2.1383,3.9748,1.6012,1.8232,4.2569,2.4352,2.7153,4.9537,1.4462,2.3871,3.2611,5.9431,2.8846,2.2252,1.8562,1.7976,3.4823,1.9584,3.0124,4.2785,2.0248,1.9506,4.7676,1.1123,2.5779,4.2842,1.8892,2.147,4.8602,1.6132,1.7886,3.9652,1.6041,2.01,3.3834,1.0281,2.7613,3.5764,0.92696,2.8241,3.8211,1.3889,2.4011,3.8487,1.1305,2.7846,3.6531,1.8361,1.78,4.0901,0.91555,2.4598,2.7779,1.9144,2.072,4.3898,0.093026,2.7928,2.8571,1.0835,1.9563,4.2634,0.95489,2.3312,3.0217,1.6373,2.3934,4.5864,0.97866,2.0788,2.8426,0.7409,1.9937,2.7433,1.6109,1.7873,3.9679,0.91953,2.458,2.783,1.3781,1.5851,3.837,2.762,2.5868,4.6267,1.0844,2.1406,3.6246,1.1279,2.7913,3.6557,1.9761,1.9842,4.4773,1.0802,1.9597,4.2607,1.8546,1.6547,3.4517,1.6628,2.4888,3.9995,2.1151,2.5513,4.9182,2.1507,2.3814,3.7052,1.1855,3.071,3.4159,1.4473,1.465,4.2294,0.63052,2.9975,3.6273,1.6226,1.7435,4.2293,0.74276,1.9963,2.741,0.69377,2.1942,3.947,2.6851,2.6006,4.5345,1.9932,2.124,3.4324,1.387,2.9136,3.5392,1.081,2.1986,3.6304,2.5331,2.0029,4.4743,1.4891,1.7333,4.4221,1.6018,2.5905,3.5815,2.0609,2.2959,4.0756,2.7013,2.3696,4.9991,0.45397,2.5297,2.9684
0.01498,0.0014994,8.5528,12.206,0.020416,24.885,1.5124,1.836,4.1623,1.2732,2.23,4.2228,1.221,1.9822,4.239,2.4863,2.6559,4.2932,0.85864,2.0538,4.2296,1.5192,2.5006,3.8942,3.0414,2.8398,5.8607,1.2152,1.9852,4.2346,1.7464,1.7051,4.2442,1.284,2.2282,4.2373,0.85349,2.0625,4.2145,2.909,2.8345,4.519,5.6777,2.7662,1.4313,1.2609,2.8217,3.6461,0.9469,2.1454,3.0211,2.4902,2.0647,4.4642,1.4718,1.6709,3.9098,0.65421,2.58,3.8703,2.0104,1.7645,3.4801,1.0887,2.4357,3.0921,0.25208,2.2879,3.5373,1.7821,1.6767,3.3917,2.0925,2.8131,4.391,1.7869,1.6825,3.3951,1.4701,1.6639,3.918,0.39085,2.1434,3.1862,2.0524,2.3719,4.4086,1.4729,1.6762,3.2008,0.83028,1.8904,2.7651,3.0353,2.8417,5.8472,2.0123,1.7719,3.4828,1.0081,2.7201,2.8859,1.8215,2.5889,4.011,0.63923,1.883,2.7978,1.0683,2.4409,3.0655,1.9028,1.9175,4.5018,1.686,1.6786,3.8939,0.51063,2.2009,3.7472,1.1878,2.4513,3.7743,0.98775,2.0756,3.2518,2.5668,2.31,4.3179,2.0839,2.1654,4.6965,1.4829,1.6744,3.9179,1.8959,1.9189,4.4977,1.4961,2.184,3.2668,0.81091,2.0932,3.1698,2.4222,2.3803,4.3273,1.9355,2.5969,4.8692,1.9187,2.5984,4.8489,2.5593,2.3108,4.312,1.2865,2.4985,3.935,1.695,2.2335,4.3064,1.9968,3.0489,3.9369,0.52361,2.4688,2.4948,1.5429,2.0607,4.6194,2.0503,3.0551,3.9946,0.37719,2.3824,3.4139,1.6604,1.616,4.0801,0.70631,2.0288,3.0907,2.2454,2.2437,4.6499,0.65866,2.6069,3.0349,0.9912,2.0787,3.253,0.11541,2.8905,1.9567,1.9995,1.9872,4.5982,2.5561,2.3116,4.3114,2.6542,2.3297,5.1764,2.1029,2.8001,4.404,1.0815,1.8329,3.9579,4.6286,2.9804,0.51184,0.87862,2.1188,3.0456,1.3064,2.0952,4.2783,1.0526,2.0881,3.4901,2.2732,2.7423,4.5367,1.7057,1.5862,4.1518,1.1609,2.5515,3.0833,0.75745,2.4319,3.7685,2.0575,1.9169,3.7269,1.589,2.44,3.4595,1.6454,2.5301,3.6018,1.6526,1.6606,4.2491,2.0715,2.7932,4.5432,2.0867,2.7921,4.5584,3.3643,2.78,6.1235,1.7057,1.5858,4.1515,1.7102,2.0033,3.4519,2.1008,2.9331,4.8983,1.161,2.5525,3.0917,2.632,2.4452,4.9807,1.0368,2.6025,4.0667,1.5916,2.4367,3.4625,1.1784,1.8095,4.0943,1.6627,1.615,4.0804,1.7074,2.0033,3.4455,0.28459,2.9438,3.3329,2.879,2.297,4.5786,1.3151,1.9497,4.206,1.2651,2.6771,3.3517,1.4561,2.4562,3.341,1.8457,1.9726,3.7124,1.949,2.3543,3.9957,1.0887,2.2833,3.1838,2.5391,2.0386,5.1437,1.248,2.6774,3.3281,1.4492,2.4636,3.3321,0.29821,2.9445,3.3456,0.6723,1.8112,2.8996,1.6965,2.0192,4.4354,1.4666,1.8491,4.1245,5.5201,2.8988,1.8327,0.82058,2.1168,2.7896,1.0331,2.6086,4.0683,2.1692,2.5228,3.6208,2.6282,2.4417,4.9766,2.8073,2.7006,4.525,2.1541,2.5241,4.5222,2.349,2.1049,4.1986,0.76779,1.9968,3.3443,0.34158,2.4698,2.8972,0.60072,2.1404,3.7115,2.3845,2.4951,4.436,0.76428,2.4618,2.8679,1.2544,1.5844,4.2867,1.6975,2.0117,3.4461,6.2565,2.6883,2.0148,3.2336,2.9369,6.2276,0.76455,2.4542,2.8819,1.6613,1.6351,4.0847,1.4954,1.8691,3.1808,0.74917,2.4598,2.8615,2.167,2.3488,4.9444,1.1524,2.5625,3.0817,1.0037,1.9632,3.5033,0.52308,1.9783,3.2611,1.7042,2.0119,3.4437,2.386,2.0863,4.2017,2.1517,2.1549,4.9853,1.2863,1.7408,3.8061,0.68514,1.9777,2.7595,2.152,2.1566,4.9893,2.3251,2.1921,4.4713,1.5687,2.3146,3.9639,4.2502,2.9923,0.18121,1.9552,2.3472,3.9983,0.83587,1.9613,4.1199,1.1905,2.5796,4.2238,3.5511,2.8487,6.1135,1.5332,1.6204,3.2884,0.31054,2.2984,3.3931,5.1242,2.98,1.066,0.57152,2.7804,3.2705,1.2808,2.5116,2.988,2.1414,2.1447,4.9706,1.4769,2.0891,4.3574,1.5256,1.6251,3.2901,1.3849,2.9288,3.3688,0.46513,2.4462,2.7389,0.90931,2.4554,2.993,0.22485,2.6162,3.3415,1.6162,2.2635,4.1309,0.46452,2.4442,2.7294,1.0439,2.1837,3.6509,1.3935,1.804,4.2922,0.32078,2.3045,3.3989,1.5281,1.6161,3.2883,0.4616,2.4464,2.7377,3.0407,2.8702,5.9619,1.9967,2.5932,4.0283,1.9799,2.1827,4.5976,2.6079,2.7753,5.2436,1.8928,1.9597,3.8978,1.2937,1.8071,3.692,2.1506,2.1511,4.9826,1.3978,2.6545,3.9981,1.1054,3.0821,2.9461,4.7057,2.9784,0.42565,1.2718,2.6888,4.347,1.905,1.9527,3.8838,1.2565,2.6374,2.8763,0.39918,2.7699,2.9971,0.94839,2.8939,4.1397,0.5998,2.5228,2.6026,0.69389,1.9443,2.9794,0.54407,2.3995,3.4197,1.5655,2.1782,4.2398,1.2886,2.6926,4.3612,0.6212,1.9562,3.1007,1.9819,1.8895,3.8156,1.1926,1.8395,3.6508,2.4272,2.7146,4.9368,1.3754,1.5412,4.165,1.3853,2.1575,3.1715,0.63238,1.9583,3.1011,0.46881,2.4476,2.5784,1.6169,2.265,4.1355,2.4328,2.7136,4.9507,0.62786,1.9602,3.0955,1.5665,1.7107,3.3297,0.50324,3.043,2.413,0.59191,2.5228,2.5998,2.9239,2.7462,5.9077,6.2002,2.8675,2.5704,4.6786,2.9838,0.39616,2.3295,2.3982,3.7268,0.95923,3.0763,3.7474,1.4222,2.2737,3.5491,0.87591,3.0761,3.6635,2.359,2.2346,3.7955,1.1913,1.8363,3.6492,2.4289,2.3406,4.564,2.5699,2.6374,4.0309,1.2716,2.6812,4.3434,1.8928,1.9465,3.8927,1.1422,2.7782,3.6668,2.429,2.4779,5.0616,1.6082,2.6121,3.3195,2.1673,2.1913,4.1033,0.78572,1.9046,3.3683,2.3306,2.4082,3.7367,2.3341,2.4073,3.7348,2.19,1.9027,4.914,2.6401,2.2879,4.7915,2.36,2.237,3.799,1.3792,1.587,3.8405,2.4347,2.7141,4.9508,1.892,1.9492,3.8954,0.7788,2.138,3.9757,1.6012,1.8225,4.2568,2.4334,2.7148,4.9516,1.4463,2.387,3.2612,5.9442,2.8849,2.2264,1.856,1.7974,3.4827,1.9573,3.0116,4.2771,2.0255,1.9507,4.7685,1.1131,2.5778,4.285,1.8896,2.1468,4.8601,1.6132,1.7877,3.9652,1.6041,2.01,3.3828,1.0292,2.7604,3.5774,0.92799,2.8235,3.8219,1.3896,2.4018,3.8491,1.131,2.7838,3.6535,1.836,1.7788,4.0899,0.91573,2.4597,2.7783,1.9146,2.0723,4.3901,0.094404,2.7925,2.8585,1.0833,1.9561,4.2636,0.9554,2.3308,3.0225,1.6376,2.3933,4.5864,0.97861,2.0782,2.8431,0.74072,1.9934,2.7433,1.6107,1.7864,3.9678,0.91987,2.4579,2.7836,1.3779,1.585,3.837,2.7614,2.5866,4.6261,1.0843,2.1408,3.6244,1.1284,2.7908,3.6561,1.9761,1.984,4.4774,1.0799,1.9595,4.2607,1.8546,1.6549,3.4518,1.6628,2.4892,3.9995,2.1154,2.5511,4.918,2.1504,2.3815,3.7049,1.1856,3.0707,3.4159,1.4473,1.4649,4.2292,0.63123,2.9974,3.6281,1.6224,1.7429,4.229,0.74264,1.9962,2.7409,0.69398,2.1941,3.9472,2.6849,2.6005,4.5343,1.9933,2.1238,3.432,1.3873,2.913,3.5393,1.081,2.199,3.6301,2.5332,2.0031,4.4746,1.4889,1.7332,4.422,1.6013,2.5904,3.5814,2.0608,2.2964,4.0759,2.7007,2.3693,4.9984,0.45458,2.5296,2.9691
0.01498,0.0014994,8.5528,12.206,0.021491,24.88,1.5118,1.8359,4.1617,1.273,2.2303,4.2229,1.2204,1.9818,4.2393,2.4856,2.6555,4.2927,0.85866,2.0534,4.2302,1.5192,2.5015,3.8942,3.0434,2.8398,5.8633,1.2145,1.9851,4.2347,1.7463,1.7044,4.244,1.2844,2.2283,4.238,0.85325,2.0625,4.2145,2.91,2.8344,4.5197,5.6759,2.7656,1.4294,1.2622,2.8204,3.6473,0.94633,2.1455,3.0209,2.4906,2.0656,4.4653,1.4717,1.6705,3.9101,0.65388,2.5806,3.8695,2.0107,1.7646,3.4805,1.0894,2.4352,3.094,0.25088,2.288,3.5357,1.7819,1.6769,3.392,2.0895,2.8123,4.3876,1.7869,1.6833,3.3955,1.4698,1.6633,3.9186,0.39055,2.144,3.1852,2.0534,2.3729,4.41,1.4729,1.6767,3.2008,0.83019,1.8914,2.7646,3.0369,2.8417,5.8491,2.0126,1.7726,3.4833,1.0081,2.7203,2.8863,1.8217,2.5889,4.0115,0.63966,1.8839,2.7978,1.0681,2.4406,3.0663,1.9031,1.9176,4.5023,1.6864,1.6777,3.8938,0.51068,2.2009,3.7474,1.1875,2.4531,3.7737,0.9867,2.0766,3.2506,2.5682,2.3108,4.3196,2.0847,2.1663,4.6978,1.4832,1.6743,3.9184,1.8959,1.919,4.498,1.4965,2.1847,3.2667,0.81015,2.0941,3.1685,2.4225,2.3808,4.3282,1.9349,2.5965,4.8678,1.9176,2.5986,4.847,2.5603,2.3116,4.3135,1.2865,2.4993,3.9342,1.6955,2.2336,4.3071,1.9935,3.0481,3.9334,0.52488,2.4688,2.496,1.5429,2.0611,4.6201,2.0488,3.0544,3.9929,0.37626,2.3829,3.4125,1.6604,1.6152,4.0799,0.70608,2.0292,3.0902,2.2455,2.2439,4.6501,0.66061,2.6061,3.0372,0.99036,2.0797,3.2519,0.11448,2.8905,1.9556,1.9998,1.9873,4.5989,2.5568,2.3125,4.3127,2.6528,2.3292,5.1749,2.1005,2.7987,4.4014,1.0816,1.8319,3.9587,4.6292,2.9792,0.51215,0.87811,2.1189,3.0451,1.3064,2.0948,4.2791,1.0524,2.0882,3.4899,2.2708,2.7415,4.5337,1.706,1.5854,4.1514,1.1619,2.551,3.0843,0.75792,2.4323,3.7685,2.0577,1.9162,3.7261,1.5884,2.4401,3.459,1.6446,2.5305,3.6015,1.6522,1.6595,4.249,2.0691,2.7921,4.5405,2.085,2.7909,4.5566,3.3649,2.7799,6.124,1.7061,1.585,4.1511,1.7107,2.0031,3.4519,2.0993,2.9328,4.8969,1.1619,2.5522,3.0929,2.6315,2.4451,4.9801,1.0376,2.6025,4.0667,1.591,2.4367,3.4621,1.178,1.81,4.0939,1.6628,1.6141,4.0802,1.7077,2.0032,3.4451,0.28442,2.9436,3.3328,2.8795,2.2972,4.5795,1.315,1.9496,4.2061,1.2662,2.6763,3.3535,1.4557,2.4561,3.341,1.8459,1.9718,3.7116,1.9489,2.3553,3.9959,1.0883,2.2833,3.1835,2.5391,2.038,5.1435,1.2484,2.6768,3.329,1.4484,2.4637,3.3316,0.29865,2.9443,3.346,0.67201,1.8116,2.8987,1.6961,2.0187,4.4362,1.4666,1.8482,4.1249,5.519,2.8987,1.8316,0.82064,2.1165,2.7901,1.0336,2.6089,4.0684,2.17,2.5227,3.6207,2.6275,2.4415,4.9757,2.8078,2.7003,4.5253,2.1536,2.5237,4.5214,2.349,2.105,4.1989,0.76787,1.9973,3.344,0.3426,2.4695,2.8982,0.6005,2.1404,3.7114,2.3844,2.4943,4.4364,0.76531,2.4616,2.8688,1.2543,1.5845,4.2867,1.6973,2.0119,3.4459,6.2549,2.6882,2.0131,3.235,2.9368,6.2291,0.76579,2.4536,2.8837,1.6613,1.6351,4.0845,1.4954,1.8693,3.1806,0.74963,2.4595,2.8623,2.167,2.3488,4.9438,1.1529,2.5625,3.0825,1.0038,1.9632,3.5033,0.52252,1.9783,3.2613,1.7044,2.0121,3.4433,2.386,2.0867,4.202,2.1522,2.1549,4.9857,1.2862,1.74,3.8064,0.68528,1.9777,2.7597,2.1525,2.1568,4.9898,2.3255,2.1926,4.4721,1.5688,2.316,3.9639,4.2528,2.9914,0.18372,1.9552,2.3478,3.9985,0.83569,1.9612,4.1199,1.1914,2.5801,4.2243,3.553,2.8483,6.1154,1.5333,1.6206,3.2885,0.30977,2.2984,3.3921,5.1236,2.9793,1.0655,0.57239,2.7802,3.2715,1.2816,2.5119,2.9886,2.1414,2.1442,4.9701,1.477,2.0887,4.3579,1.5256,1.6252,3.2903,1.3853,2.9288,3.369,0.46608,2.446,2.7402,0.90857,2.4554,2.9927,0.22497,2.6161,3.3415,1.6164,2.264,4.1313,0.46568,2.444,2.7304,1.0437,2.1846,3.6504,1.3934,1.8038,4.2921,0.32054,2.3049,3.3984,1.5281,1.616,3.2884,0.46253,2.4462,2.739,3.0442,2.8702,5.9656,1.9961,2.5928,4.0279,1.9804,2.183,4.5981,2.6062,2.7753,5.2417,1.893,1.9593,3.8974,1.2937,1.8065,3.6922,2.151,2.151,4.9826,1.3976,2.6543,3.9976,1.1049,3.0819,2.9455,4.7065,2.978,0.42613,1.2727,2.6892,4.3478,1.905,1.9524,3.8838,1.2571,2.6375,2.8769,0.4016,2.7697,2.9999,0.94893,2.8941,4.1402,0.60146,2.5229,2.6039,0.69363,1.9449,2.9787,0.54393,2.3997,3.4192,1.5654,2.1783,4.2404,1.2903,2.6931,4.3626,0.62039,1.9567,3.0997,1.9821,1.889,3.8154,1.1926,1.8391,3.6512,2.425,2.714,4.9339,1.3753,1.5422,4.1645,1.385,2.1575,3.1713,0.63207,1.9589,3.1001,0.46929,2.4475,2.579,1.6171,2.2658,4.136,2.431,2.7131,4.9487,0.62736,1.9609,3.0943,1.5666,1.7106,3.3298,0.50229,3.0432,2.4118,0.593,2.5229,2.6007,2.9249,2.7463,5.9089,6.2017,2.8677,2.5722,4.6786,2.9835,0.39584,2.3286,2.3975,3.7253,0.96437,3.0759,3.753,1.4212,2.2748,3.5482,0.87809,3.0759,3.666,2.3586,2.2345,3.7946,1.1913,1.8357,3.6495,2.429,2.3408,4.5644,2.5692,2.6379,4.031,1.2723,2.6811,4.3438,1.8929,1.9455,3.892,1.1431,2.7771,3.6678,2.4277,2.4774,5.0598,1.6082,2.6115,3.3206,2.1673,2.1916,4.1033,0.78562,1.9047,3.3681,2.3297,2.4081,3.7358,2.3333,2.407,3.7337,2.1904,1.9036,4.9148,2.6397,2.2878,4.7914,2.3597,2.237,3.7984,1.3791,1.587,3.8408,2.4329,2.7137,4.9486,1.8921,1.9483,3.8948,0.77874,2.1378,3.9766,1.6012,1.8217,4.2567,2.4317,2.7143,4.9496,1.4464,2.3869,3.2612,5.9451,2.8851,2.2277,1.8558,1.7973,3.4831,1.9562,3.0108,4.2758,2.0262,1.9507,4.7694,1.1138,2.5777,4.2856,1.89,2.1467,4.8601,1.6132,1.7868,3.9651,1.604,2.01,3.3823,1.0302,2.7594,3.5783,0.92903,2.823,3.8227,1.3903,2.4025,3.8495,1.1315,2.783,3.6538,1.8358,1.7777,4.0897,0.9159,2.4596,2.7786,1.9149,2.0724,4.3903,0.095775,2.7923,2.8598,1.0832,1.9558,4.2637,0.9559,2.3304,3.0232,1.6379,2.3932,4.5863,0.97857,2.0777,2.8436,0.74055,1.993,2.7433,1.6106,1.7854,3.9678,0.92022,2.4578,2.7841,1.3777,1.5849,3.8371,2.7609,2.5865,4.6255,1.0843,2.1409,3.6243,1.1289,2.7902,3.6566,1.9761,1.9839,4.4774,1.0796,1.9594,4.2607,1.8547,1.6551,3.4518,1.6628,2.4897,3.9995,2.1156,2.5509,4.9177,2.1502,2.3815,3.7046,1.1857,3.0706,3.416,1.4474,1.4649,4.2291,0.63192,2.9973,3.629,1.6224,1.7424,4.2288,0.74252,1.9961,2.7409,0.69418,2.1941,3.9474,2.6847,2.6004,4.5341,1.9934,2.1235,3.4316,1.3875,2.9124,3.5394,1.081,2.1994,3.6298,2.5333,2.0033,4.475,1.4888,1.7331,4.422,1.6009,2.5903,3.5814,2.0607,2.2968,4.0761,2.7002,2.369,4.9976,0.45519,2.5294,2.9697
0.01498,0.0014994,8.5528,12.206,0.022565,24.869,1.5112,1.8357,4.1609,1.2728,2.2305,4.223,1.2198,1.9816,4.2396,2.485,2.6551,4.2922,0.85868,2.053,4.231,1.5191,2.5024,3.8943,3.0456,2.8398,5.8658,1.2137,1.9849,4.2347,1.7462,1.7038,4.2438,1.2847,2.2284,4.2388,0.853,2.0625,4.2145,2.9111,2.8343,4.5204,5.674,2.765,1.4273,1.2634,2.819,3.6486,0.94575,2.1455,3.0208,2.491,2.0664,4.4666,1.4717,1.6702,3.9103,0.65354,2.5813,3.8686,2.0109,1.7648,3.4808,1.0902,2.4345,3.096,0.24966,2.2882,3.5342,1.7817,1.6771,3.3922,2.0865,2.8115,4.3843,1.7869,1.684,3.3957,1.4695,1.6627,3.9192,0.39026,2.1447,3.1841,2.0545,2.3739,4.4113,1.4728,1.6774,3.201,0.8301,1.8924,2.7641,3.0385,2.8417,5.8512,2.013,1.7732,3.4839,1.0081,2.7205,2.8865,1.8219,2.589,4.0122,0.64009,1.8848,2.7977,1.0681,2.4404,3.0669,1.9034,1.9179,4.5028,1.6867,1.6767,3.8938,0.51073,2.2009,3.7475,1.1872,2.455,3.7729,0.98566,2.0776,3.2495,2.5695,2.3115,4.3214,2.0856,2.1674,4.699,1.4834,1.6743,3.9188,1.8959,1.9192,4.4982,1.4968,2.1855,3.2666,0.80938,2.095,3.1674,2.4228,2.3814,4.3291,1.9343,2.5963,4.8665,1.9166,2.5987,4.8451,2.5613,2.3124,4.3152,1.2864,2.5,3.9336,1.6961,2.2338,4.3079,1.9903,3.0472,3.9298,0.52615,2.4687,2.4971,1.5428,2.0614,4.6208,2.0473,3.0538,3.9912,0.37531,2.3834,3.411,1.6603,1.6143,4.0799,0.70585,2.0297,3.0896,2.2456,2.2442,4.6503,0.66258,2.6054,3.0395,0.98951,2.0807,3.2508,0.11355,2.8905,1.9544,2.0001,1.9876,4.5995,2.5575,2.3134,4.3141,2.6514,2.3286,5.1734,2.0979,2.7972,4.3988,1.0818,1.8307,3.9596,4.6298,2.9781,0.51246,0.8776,2.119,3.0445,1.3065,2.0945,4.2798,1.0523,2.0883,3.4897,2.2682,2.7407,4.5307,1.7062,1.5846,4.1511,1.163,2.5506,3.0852,0.75839,2.4326,3.7683,2.0579,1.9155,3.7255,1.5878,2.4404,3.4585,1.6437,2.531,3.6013,1.6518,1.6583,4.249,2.0667,2.7908,4.5379,2.0833,2.7898,4.5548,3.3656,2.7797,6.1246,1.7064,1.5842,4.1507,1.7112,2.0031,3.4518,2.0976,2.9326,4.8954,1.1629,2.5519,3.0941,2.6311,2.445,4.9795,1.0382,2.6025,4.0668,1.5904,2.4368,3.4619,1.1775,1.8106,4.0936,1.6628,1.6132,4.0799,1.708,2.003,3.4448,0.28425,2.9433,3.3328,2.8801,2.2974,4.5805,1.3148,1.9495,4.2061,1.2673,2.6757,3.3553,1.4553,2.4559,3.3409,1.8462,1.9709,3.7107,1.9487,2.3564,3.9961,1.0878,2.2834,3.1833,2.5391,2.0374,5.1431,1.2488,2.6761,3.3299,1.4478,2.464,3.3312,0.29909,2.9443,3.3464,0.67172,1.8118,2.8978,1.6959,2.0181,4.4371,1.4665,1.8474,4.1252,5.5177,2.8984,1.8305,0.8207,2.1163,2.7906,1.0341,2.6091,4.0685,2.1706,2.5227,3.6206,2.6268,2.4412,4.9749,2.8082,2.7,4.5256,2.153,2.5234,4.5207,2.349,2.1053,4.1992,0.76797,1.9978,3.3436,0.3436,2.4693,2.8992,0.60029,2.1404,3.7111,2.3841,2.4936,4.4366,0.76633,2.4614,2.8699,1.2543,1.5847,4.2866,1.6971,2.0122,3.4457,6.2532,2.6881,2.0112,3.2364,2.9366,6.2308,0.76702,2.453,2.8856,1.6614,1.6352,4.0844,1.4955,1.8696,3.1806,0.75009,2.4592,2.863,2.1668,2.3489,4.9432,1.1535,2.5625,3.0832,1.0038,1.9632,3.5033,0.52197,1.9783,3.2615,1.7046,2.0124,3.4429,2.386,2.0871,4.2024,2.1528,2.155,4.986,1.2859,1.7394,3.8068,0.68543,1.9778,2.7598,2.1531,2.1568,4.9903,2.3259,2.193,4.4728,1.5688,2.3174,3.964,4.2555,2.9904,0.18618,1.9552,2.3484,3.9985,0.83549,1.961,4.12,1.1924,2.5805,4.2249,3.555,2.8481,6.1175,1.5334,1.6208,3.2886,0.309,2.2985,3.3912,5.1228,2.9787,1.0648,0.57325,2.78,3.2725,1.2825,2.5122,2.9893,2.1415,2.1438,4.9695,1.4773,2.0884,4.3583,1.5257,1.6255,3.2905,1.3857,2.9286,3.3692,0.46703,2.4458,2.7414,0.90781,2.4555,2.9925,0.22508,2.6159,3.3415,1.6166,2.2645,4.1316,0.46684,2.4437,2.7315,1.0434,2.1855,3.6498,1.3934,1.8036,4.292,0.3203,2.3051,3.3978,1.528,1.6159,3.2885,0.46345,2.4459,2.7402,3.0476,2.8702,5.9692,1.9955,2.5926,4.0276,1.981,2.1833,4.5987,2.6046,2.7752,5.2398,1.8932,1.959,3.8971,1.2936,1.8059,3.6924,2.1514,2.1508,4.9827,1.3974,2.6541,3.997,1.1043,3.0819,2.9447,4.7072,2.9775,0.42662,1.2735,2.6894,4.3487,1.9051,1.9521,3.8837,1.2578,2.6376,2.8777,0.40401,2.7693,3.0027,0.94949,2.8943,4.1407,0.6031,2.5231,2.6052,0.69337,1.9457,2.9779,0.54381,2.3999,3.4186,1.5653,2.1785,4.2412,1.2921,2.6934,4.3641,0.61957,1.9572,3.0987,1.9822,1.8886,3.8152,1.1926,1.8387,3.6515,2.4228,2.7135,4.931,1.3753,1.5433,4.1641,1.3847,2.1576,3.1711,0.63176,1.9596,3.0991,0.46976,2.4473,2.5798,1.6173,2.2665,4.1364,2.4293,2.7125,4.9467,0.62685,1.9614,3.093,1.5668,1.7104,3.33,0.50133,3.0434,2.4105,0.59408,2.5229,2.6017,2.926,2.7464,5.9102,6.2032,2.868,2.5739,4.6785,2.9832,0.39553,2.3276,2.3969,3.7237,0.96944,3.0756,3.7584,1.4202,2.276,3.5473,0.88023,3.0757,3.6685,2.3581,2.2342,3.7939,1.1912,1.835,3.6498,2.429,2.341,4.5646,2.5685,2.6385,4.0312,1.2729,2.6809,4.3441,1.8929,1.9445,3.8913,1.1442,2.776,3.6687,2.4265,2.4769,5.0579,1.6083,2.6109,3.3217,2.1672,2.1918,4.1035,0.78553,1.9049,3.3679,2.3288,2.4079,3.7348,2.3325,2.4068,3.7326,2.1907,1.9044,4.9155,2.6394,2.2875,4.7914,2.3594,2.2368,3.7977,1.379,1.587,3.8411,2.4312,2.7133,4.9464,1.8922,1.9475,3.8942,0.77868,2.1376,3.9775,1.6011,1.8212,4.2567,2.4298,2.7138,4.9474,1.4465,2.3867,3.2613,5.9462,2.8853,2.2289,1.8556,1.7971,3.4835,1.9551,3.0099,4.2744,2.0267,1.9508,4.7703,1.1146,2.5776,4.2863,1.8904,2.1465,4.8601,1.6132,1.7858,3.965,1.604,2.01,3.3817,1.0312,2.7585,3.5793,0.93004,2.8225,3.8235,1.3909,2.4031,3.8498,1.1321,2.7822,3.6541,1.8357,1.7765,4.0895,0.91607,2.4595,2.7788,1.9152,2.0726,4.3906,0.097134,2.7921,2.861,1.0829,1.9556,4.2639,0.95639,2.3301,3.024,1.6381,2.393,4.5863,0.97852,2.0771,2.844,0.74039,1.9928,2.7433,1.6105,1.7845,3.9677,0.92056,2.4576,2.7847,1.3776,1.5847,3.8371,2.7603,2.5863,4.6249,1.0843,2.1412,3.6241,1.1294,2.7897,3.657,1.9761,1.9837,4.4775,1.0794,1.9592,4.2608,1.8548,1.6553,3.452,1.6628,2.4901,3.9995,2.1158,2.5506,4.9174,2.1499,2.3816,3.7043,1.1859,3.0704,3.416,1.4475,1.4648,4.2289,0.6326,2.9971,3.6297,1.6222,1.7418,4.2284,0.74241,1.996,2.7407,0.6944,2.1941,3.9475,2.6845,2.6002,4.534,1.9936,2.1233,3.4313,1.3877,2.9118,3.5396,1.0809,2.1998,3.6295,2.5335,2.0035,4.4752,1.4888,1.733,4.422,1.6004,2.5901,3.5814,2.0607,2.2973,4.0763,2.6995,2.3688,4.9969,0.45579,2.5294,2.9705
0.01498,0.0014994,8.5528,12.206,0.02364,24.862,1.5105,1.8356,4.1603,1.2725,2.2308,4.223,1.2192,1.9813,4.2399,2.4844,2.6547,4.2917,0.85869,2.0526,4.2316,1.519,2.5033,3.8943,3.0476,2.8398,5.8685,1.213,1.9846,4.2348,1.7462,1.703,4.2435,1.2851,2.2284,4.2395,0.85275,2.0625,4.2145,2.9122,2.8343,4.521,5.6721,2.7643,1.4251,1.2647,2.8177,3.6499,0.94517,2.1456,3.0206,2.4914,2.0673,4.4679,1.4716,1.6698,3.9107,0.6532,2.5819,3.8677,2.0112,1.7649,3.4812,1.091,2.4339,3.0979,0.24844,2.2884,3.5325,1.7814,1.6773,3.3925,2.0836,2.8107,4.3809,1.7869,1.6846,3.396,1.4692,1.6621,3.9199,0.38997,2.1453,3.1831,2.0554,2.3748,4.4127,1.4728,1.678,3.201,0.83002,1.8934,2.7636,3.0402,2.8417,5.8532,2.0134,1.7738,3.4844,1.0081,2.7208,2.8869,1.8222,2.589,4.0128,0.64051,1.8856,2.7977,1.0679,2.44,3.0677,1.9036,1.918,4.5033,1.6871,1.6758,3.8938,0.51079,2.2009,3.7477,1.1869,2.4568,3.7723,0.9846,2.0785,3.2482,2.5709,2.3123,4.3233,2.0864,2.1685,4.7003,1.4837,1.6743,3.9192,1.896,1.9193,4.4985,1.4972,2.1863,3.2666,0.80859,2.0959,3.1661,2.4231,2.382,4.33,1.9337,2.5959,4.8652,1.9154,2.5989,4.8431,2.5622,2.3133,4.3168,1.2864,2.5008,3.9328,1.6966,2.2339,4.3086,1.9871,3.0464,3.9264,0.52742,2.4687,2.4983,1.5428,2.0618,4.6214,2.0458,3.053,3.9896,0.37438,2.3839,3.4096,1.6603,1.6136,4.0797,0.70561,2.0301,3.0891,2.2456,2.2443,4.6506,0.66454,2.6046,3.0418,0.98866,2.0816,3.2496,0.11262,2.8905,1.9533,2.0004,1.9877,4.6002,2.5582,2.3143,4.3155,2.65,2.3281,5.172,2.0955,2.7957,4.3961,1.0819,1.8296,3.9603,4.6304,2.9768,0.51277,0.87709,2.1191,3.044,1.3065,2.0941,4.2806,1.0521,2.0883,3.4896,2.2658,2.7398,4.5278,1.7066,1.5837,4.1507,1.1641,2.5502,3.0862,0.75885,2.433,3.7683,2.0582,1.9148,3.7247,1.5871,2.4404,3.458,1.6428,2.5314,3.6011,1.6513,1.6572,4.249,2.0642,2.7897,4.5352,2.0816,2.7885,4.5529,3.3662,2.7796,6.1251,1.7067,1.5834,4.1503,1.7117,2.0029,3.4518,2.0961,2.9322,4.894,1.1638,2.5515,3.0954,2.6306,2.4449,4.9789,1.039,2.6025,4.0668,1.5898,2.4368,3.4615,1.177,1.8112,4.0931,1.663,1.6123,4.0798,1.7084,2.0029,3.4445,0.2841,2.9432,3.3327,2.8806,2.2976,4.5814,1.3147,1.9495,4.2063,1.2682,2.6749,3.3572,1.4549,2.4558,3.3408,1.8465,1.9702,3.71,1.9487,2.3575,3.9964,1.0873,2.2834,3.183,2.539,2.0367,5.143,1.2492,2.6753,3.3308,1.447,2.4641,3.3307,0.29953,2.9441,3.3468,0.67142,1.8122,2.897,1.6956,2.0176,4.4378,1.4665,1.8465,4.1255,5.5166,2.8983,1.8294,0.82077,2.116,2.7911,1.0347,2.6094,4.0686,2.1714,2.5227,3.6204,2.6261,2.4411,4.974,2.8087,2.6997,4.526,2.1525,2.523,4.52,2.349,2.1054,4.1996,0.76804,1.9984,3.3432,0.34461,2.469,2.9003,0.60007,2.1405,3.711,2.384,2.4927,4.437,0.76736,2.4613,2.8708,1.2542,1.5848,4.2866,1.6969,2.0125,3.4454,6.2517,2.688,2.0096,3.2378,2.9366,6.2323,0.76825,2.4523,2.8875,1.6614,1.6352,4.0842,1.4956,1.8699,3.1805,0.75055,2.4589,2.8639,2.1668,2.3489,4.9425,1.1541,2.5625,3.084,1.004,1.9633,3.5033,0.5214,1.9783,3.2618,1.7048,2.0125,3.4425,2.386,2.0875,4.2026,2.1534,2.155,4.9864,1.2858,1.7386,3.8072,0.68557,1.9779,2.76,2.1537,2.157,4.9908,2.3263,2.1934,4.4735,1.569,2.3188,3.964,4.2581,2.9895,0.18862,1.9552,2.3491,3.9987,0.8353,1.9609,4.12,1.1933,2.5809,4.2255,3.557,2.8477,6.1195,1.5334,1.6209,3.2887,0.30824,2.2985,3.3902,5.1222,2.978,1.0642,0.5741,2.7797,3.2735,1.2833,2.5125,2.9899,2.1416,2.1433,4.969,1.4774,2.088,4.3587,1.5257,1.6256,3.2907,1.3861,2.9285,3.3695,0.46797,2.4456,2.7428,0.90707,2.4555,2.9922,0.22521,2.6159,3.3415,1.6169,2.2649,4.132,0.468,2.4436,2.7326,1.0432,2.1864,3.6492,1.3933,1.8033,4.292,0.32006,2.3055,3.3973,1.528,1.6159,3.2886,0.46437,2.4458,2.7416,3.051,2.8701,5.9729,1.9949,2.5922,4.0272,1.9816,2.1835,4.5993,2.6029,2.7752,5.2379,1.8933,1.9586,3.8967,1.2936,1.8053,3.6927,2.1519,2.1506,4.9827,1.3971,2.6538,3.9964,1.1038,3.0817,2.9441,4.7078,2.977,0.4271,1.2744,2.6897,4.3494,1.9052,1.9518,3.8837,1.2584,2.6377,2.8784,0.40642,2.7692,3.0055,0.95005,2.8945,4.1412,0.60474,2.5232,2.6066,0.6931,1.9464,2.9771,0.54368,2.4001,3.4181,1.5653,2.1786,4.2418,1.2939,2.6938,4.3655,0.61877,1.9577,3.0976,1.9824,1.8881,3.8151,1.1925,1.8382,3.6519,2.4205,2.7129,4.9282,1.3751,1.5442,4.1637,1.3844,2.1576,3.1709,0.63147,1.9602,3.0982,0.47023,2.4472,2.5804,1.6176,2.2671,4.1369,2.4275,2.7119,4.9446,0.62635,1.9622,3.0918,1.5669,1.7103,3.3301,0.50036,3.0436,2.4092,0.59516,2.5231,2.6026,2.9271,2.7465,5.9115,6.2047,2.8681,2.5756,4.6784,2.9829,0.39522,2.3267,2.3962,3.7222,0.97446,3.0752,3.7639,1.4192,2.2771,3.5464,0.88236,3.0755,3.671,2.3577,2.2341,3.7931,1.1912,1.8344,3.6501,2.4292,2.3412,4.5649,2.5679,2.6391,4.0313,1.2735,2.6808,4.3445,1.8931,1.9435,3.8906,1.1451,2.7751,3.6696,2.4251,2.4765,5.0562,1.6084,2.6103,3.3229,2.1671,2.1921,4.1036,0.78544,1.905,3.3677,2.3279,2.4079,3.7339,2.3317,2.4066,3.7314,2.1911,1.9053,4.9162,2.639,2.2874,4.7912,2.359,2.2368,3.7971,1.379,1.587,3.8415,2.4294,2.7128,4.9442,1.8923,1.9466,3.8936,0.77862,2.1374,3.9783,1.6011,1.8204,4.2565,2.4282,2.7133,4.9454,1.4465,2.3866,3.2613,5.9473,2.8856,2.2302,1.8554,1.7969,3.4839,1.954,3.0092,4.2731,2.0275,1.9508,4.7712,1.1153,2.5775,4.2871,1.8908,2.1463,4.86,1.6132,1.785,3.9649,1.604,2.0099,3.3811,1.0322,2.7576,3.5802,0.93104,2.822,3.8243,1.3917,2.4038,3.8501,1.1326,2.7813,3.6545,1.8355,1.7754,4.0892,0.91623,2.4595,2.7792,1.9153,2.0728,4.3909,0.098489,2.7918,2.8624,1.0828,1.9554,4.264,0.95688,2.3297,3.0248,1.6384,2.393,4.5863,0.97847,2.0766,2.8445,0.74023,1.9924,2.7433,1.6104,1.7836,3.9677,0.9209,2.4575,2.7853,1.3774,1.5847,3.8372,2.7598,2.5861,4.6243,1.0843,2.1413,3.624,1.1299,2.7891,3.6575,1.9761,1.9836,4.4776,1.0791,1.9591,4.2608,1.8549,1.6555,3.452,1.6628,2.4906,3.9995,2.116,2.5505,4.9173,2.1497,2.3817,3.704,1.186,3.0701,3.416,1.4475,1.4648,4.2287,0.63326,2.997,3.6305,1.6221,1.7413,4.2283,0.74229,1.9959,2.7407,0.6946,2.1941,3.9477,2.6842,2.6001,4.5338,1.9937,2.123,3.431,1.388,2.9112,3.5396,1.0809,2.2002,3.6292,2.5335,2.0037,4.4756,1.4886,1.7329,4.422,1.5999,2.59,3.5814,2.0605,2.2978,4.0765,2.699,2.3684,4.9962,0.45638,2.5293,2.9712
0.01498,0.0014994,8.5528,12.206,0.024714,24.849,1.5099,1.8354,4.1597,1.2723,2.2311,4.2231,1.2186,1.981,4.2402,2.4837,2.6543,4.2913,0.8587,2.0522,4.2322,1.5189,2.5044,3.8944,3.0498,2.8398,5.8711,1.2123,1.9844,4.2348,1.7461,1.7022,4.2433,1.2854,2.2285,4.2402,0.8525,2.0626,4.2144,2.9132,2.8342,4.5218,5.6702,2.7637,1.423,1.2659,2.8163,3.6511,0.94459,2.1456,3.0204,2.492,2.0682,4.4691,1.4716,1.6695,3.911,0.65286,2.5824,3.8668,2.0115,1.7651,3.4817,1.0917,2.4333,3.0998,0.24721,2.2886,3.5308,1.7811,1.6776,3.3928,2.0807,2.8099,4.3775,1.7869,1.6854,3.3963,1.4689,1.6615,3.9206,0.38969,2.1459,3.1821,2.0565,2.3758,4.414,1.4727,1.6786,3.2012,0.82992,1.8944,2.7632,3.042,2.8417,5.8552,2.0138,1.7745,3.485,1.0081,2.7211,2.8872,1.8225,2.5891,4.0134,0.64093,1.8865,2.7976,1.0676,2.4398,3.0685,1.904,1.9182,4.5038,1.6875,1.6749,3.8938,0.51085,2.2009,3.7479,1.1865,2.4587,3.7716,0.98353,2.0796,3.247,2.5723,2.3131,4.3251,2.0874,2.1694,4.7015,1.484,1.6742,3.9198,1.896,1.9195,4.4988,1.4976,2.187,3.2665,0.8078,2.0968,3.1649,2.4234,2.3826,4.3308,1.9331,2.5955,4.8639,1.9143,2.5991,4.8412,2.5632,2.3141,4.3184,1.2863,2.5016,3.932,1.6972,2.2341,4.3094,1.984,3.0455,3.923,0.52868,2.4686,2.4995,1.5427,2.0621,4.6221,2.0443,3.0523,3.9878,0.37343,2.3844,3.4081,1.6603,1.6128,4.0795,0.70538,2.0306,3.0886,2.2457,2.2445,4.6508,0.66651,2.6038,3.0441,0.98782,2.0826,3.2485,0.1117,2.8905,1.9522,2.0007,1.9879,4.6009,2.559,2.3151,4.3169,2.6486,2.3275,5.1705,2.0931,2.7943,4.3936,1.082,1.8286,3.9611,4.6309,2.9757,0.51309,0.87657,2.1192,3.0434,1.3066,2.0938,4.2814,1.0519,2.0884,3.4893,2.2633,2.739,4.5249,1.7069,1.5828,4.1502,1.165,2.5498,3.0871,0.75933,2.4333,3.7682,2.0585,1.914,3.7239,1.5865,2.4406,3.4575,1.642,2.532,3.6008,1.6509,1.6561,4.2489,2.0619,2.7886,4.5325,2.0798,2.7873,4.5511,3.3669,2.7795,6.1256,1.7071,1.5824,4.1498,1.7121,2.0027,3.4517,2.0945,2.9319,4.8926,1.1649,2.5511,3.0966,2.6302,2.4448,4.9783,1.0397,2.6024,4.0668,1.5893,2.4368,3.4612,1.1766,1.8117,4.0928,1.6631,1.6114,4.0795,1.7087,2.0027,3.4441,0.28394,2.9429,3.3327,2.8812,2.2978,4.5823,1.3146,1.9494,4.2064,1.2693,2.6741,3.359,1.4544,2.4556,3.3407,1.8468,1.9694,3.7092,1.9485,2.3584,3.9967,1.0869,2.2834,3.1827,2.539,2.0361,5.1427,1.2496,2.6746,3.3319,1.4462,2.4643,3.3303,0.29996,2.9439,3.3473,0.67112,1.8125,2.896,1.6953,2.0171,4.4386,1.4664,1.8457,4.1259,5.5155,2.8981,1.8284,0.82083,2.1157,2.7915,1.0352,2.6097,4.0687,2.172,2.5226,3.6201,2.6254,2.4409,4.9731,2.8092,2.6994,4.5263,2.1519,2.5227,4.5193,2.349,2.1056,4.1999,0.76812,1.9989,3.3429,0.34562,2.4687,2.9014,0.59984,2.1405,3.7109,2.3838,2.492,4.4373,0.76838,2.461,2.8718,1.2541,1.5849,4.2866,1.6966,2.0128,3.4451,6.25,2.6879,2.0078,3.2391,2.9364,6.2339,0.76949,2.4516,2.8893,1.6615,1.6353,4.0839,1.4957,1.8702,3.1803,0.75101,2.4585,2.8647,2.1667,2.3489,4.9418,1.1546,2.5625,3.0848,1.0041,1.9633,3.5032,0.52084,1.9782,3.2621,1.7051,2.0128,3.4422,2.386,2.0879,4.2029,2.1538,2.155,4.9867,1.2856,1.7378,3.8076,0.68571,1.978,2.7603,2.1543,2.1572,4.9913,2.3267,2.1939,4.4742,1.5691,2.3202,3.9641,4.2606,2.9886,0.19102,1.9552,2.3497,3.999,0.83511,1.9608,4.1201,1.1944,2.5815,4.2261,3.5589,2.8474,6.1214,1.5335,1.6211,3.2888,0.30748,2.2986,3.3893,5.1215,2.9773,1.0636,0.57493,2.7794,3.2745,1.2841,2.5128,2.9905,2.1417,2.1428,4.9685,1.4776,2.0875,4.3593,1.5257,1.6257,3.2909,1.3865,2.9284,3.3698,0.46892,2.4453,2.744,0.90634,2.4555,2.9919,0.22531,2.6158,3.3415,1.6172,2.2654,4.1324,0.46914,2.4434,2.7335,1.0428,2.1872,3.6486,1.3933,1.8031,4.2919,0.31982,2.3058,3.3967,1.5279,1.6157,3.2887,0.46529,2.4455,2.7428,3.0544,2.8701,5.9765,1.9942,2.5919,4.0268,1.9822,2.1839,4.5999,2.6011,2.7752,5.2359,1.8935,1.9582,3.8963,1.2936,1.8047,3.693,2.1523,2.1503,4.9828,1.3969,2.6535,3.9958,1.1032,3.0815,2.9434,4.7086,2.9765,0.42758,1.2753,2.69,4.3501,1.9053,1.9514,3.8837,1.2591,2.6378,2.8792,0.40881,2.7689,3.0083,0.9506,2.8947,4.1417,0.60638,2.5233,2.6079,0.69285,1.9471,2.9764,0.54356,2.4004,3.4175,1.5651,2.1787,4.2425,1.2957,2.6943,4.3669,0.61796,1.9581,3.0965,1.9826,1.8877,3.8149,1.1925,1.8378,3.6522,2.4182,2.7124,4.9253,1.3749,1.5453,4.1631,1.384,2.1577,3.1707,0.63117,1.9608,3.0972,0.4707,2.447,2.5811,1.6179,2.2678,4.1374,2.4257,2.7113,4.9425,0.62584,1.9628,3.0906,1.5671,1.7101,3.3303,0.49938,3.0438,2.4079,0.59622,2.5232,2.6037,2.928,2.7466,5.9127,6.2061,2.8684,2.5774,4.6784,2.9825,0.39491,2.3258,2.3955,3.7207,0.9794,3.0748,3.7692,1.4182,2.2782,3.5455,0.88448,3.0753,3.6735,2.3571,2.2339,3.7922,1.1912,1.8338,3.6505,2.4293,2.3414,4.5652,2.5672,2.6397,4.0315,1.2741,2.6806,4.345,1.8932,1.9425,3.8898,1.1462,2.774,3.6705,2.4239,2.4759,5.0543,1.6085,2.6098,3.324,2.167,2.1924,4.1037,0.78534,1.9051,3.3674,2.327,2.4077,3.733,2.3309,2.4063,3.7304,2.1915,1.9061,4.917,2.6386,2.2872,4.7911,2.3587,2.2366,3.7965,1.3789,1.587,3.8418,2.4276,2.7125,4.942,1.8924,1.9458,3.893,0.77856,2.1372,3.9792,1.6011,1.8197,4.2564,2.4264,2.7128,4.9434,1.4466,2.3864,3.2614,5.9482,2.8859,2.2314,1.8552,1.7966,3.4844,1.953,3.0085,4.2718,2.0282,1.9509,4.772,1.116,2.5774,4.2878,1.8913,2.1461,4.86,1.6132,1.7841,3.9649,1.604,2.0099,3.3807,1.0332,2.7565,3.5813,0.93204,2.8214,3.8251,1.3923,2.4045,3.8505,1.1331,2.7805,3.6548,1.8353,1.7744,4.089,0.91641,2.4594,2.7795,1.9156,2.0731,4.3912,0.099828,2.7915,2.8636,1.0826,1.9551,4.2642,0.95736,2.3293,3.0256,1.6387,2.3928,4.5863,0.97842,2.0761,2.845,0.74007,1.9921,2.7432,1.6103,1.7825,3.9677,0.92123,2.4573,2.7858,1.3771,1.5845,3.8372,2.7592,2.5859,4.6237,1.0843,2.1415,3.6238,1.1304,2.7885,3.6579,1.9761,1.9834,4.4776,1.0788,1.959,4.2609,1.855,1.6558,3.4521,1.6629,2.491,3.9995,2.1163,2.5502,4.917,2.1493,2.3818,3.7037,1.1861,3.0699,3.4161,1.4476,1.4647,4.2284,0.63392,2.9968,3.6313,1.622,1.7407,4.228,0.74218,1.9958,2.7406,0.6948,2.1941,3.9479,2.6839,2.6,4.5336,1.9939,2.1227,3.4305,1.3883,2.9106,3.5398,1.0809,2.2006,3.6289,2.5337,2.004,4.4759,1.4884,1.7328,4.4219,1.5995,2.5899,3.5814,2.0604,2.2983,4.0768,2.6984,2.3681,4.9955,0.45698,2.5292,2.9719
0.01498,0.0014994,8.5528,12.206,0.025789,24.842,1.5093,1.8353,4.159,1.2721,2.2313,4.2232,1.2181,1.9807,4.2405,2.4831,2.654,4.2909,0.85872,2.0518,4.2329,1.5189,2.5052,3.8944,3.0519,2.8398,5.8738,1.2115,1.9841,4.2349,1.746,1.7015,4.243,1.2858,2.2285,4.2409,0.85225,2.0626,4.2144,2.9143,2.8342,4.5225,5.6684,2.7631,1.4209,1.2671,2.8149,3.6524,0.944,2.1457,3.0202,2.4924,2.0691,4.4704,1.4716,1.6692,3.9112,0.65251,2.5831,3.8658,2.0118,1.7652,3.482,1.0925,2.4327,3.1017,0.24598,2.2888,3.5292,1.7809,1.6778,3.393,2.0777,2.809,4.3741,1.7869,1.686,3.3966,1.4686,1.6609,3.9212,0.38939,2.1465,3.181,2.0576,2.3768,4.4154,1.4726,1.6792,3.2013,0.82984,1.8954,2.7627,3.0438,2.8418,5.8573,2.0142,1.7751,3.4855,1.008,2.7213,2.8875,1.8228,2.5891,4.014,0.64136,1.8874,2.7976,1.0675,2.4395,3.0692,1.9043,1.9184,4.5043,1.6878,1.6739,3.8938,0.5109,2.2009,3.7481,1.1862,2.4606,3.7709,0.98247,2.0806,3.2458,2.5737,2.314,4.327,2.0882,2.1705,4.7028,1.4843,1.6742,3.9202,1.896,1.9196,4.4991,1.498,2.1879,3.2664,0.807,2.0978,3.1636,2.4237,2.3832,4.3318,1.9325,2.5952,4.8625,1.9132,2.5993,4.8393,2.5643,2.3149,4.3201,1.2862,2.5024,3.9313,1.6977,2.2342,4.3101,1.9808,3.0445,3.9196,0.52994,2.4685,2.5007,1.5426,2.0625,4.6228,2.0428,3.0515,3.9861,0.37248,2.3849,3.4066,1.6602,1.612,4.0794,0.70513,2.031,3.0881,2.2458,2.2447,4.651,0.66848,2.6029,3.0466,0.98695,2.0837,3.2472,0.11078,2.8905,1.9511,2.001,1.988,4.6015,2.5598,2.3161,4.3183,2.6471,2.327,5.169,2.0906,2.7927,4.391,1.0821,1.8274,3.9619,4.6315,2.9744,0.51341,0.87606,2.1193,3.0429,1.3067,2.0935,4.2822,1.0517,2.0885,3.4891,2.2607,2.7381,4.5219,1.7072,1.582,4.1498,1.1661,2.5493,3.0881,0.75979,2.4337,3.7681,2.0587,1.9133,3.7232,1.5859,2.4407,3.457,1.641,2.5324,3.6006,1.6505,1.655,4.2489,2.0594,2.7874,4.5298,2.0781,2.786,4.5493,3.3674,2.7793,6.1261,1.7074,1.5816,4.1494,1.7126,2.0025,3.4516,2.093,2.9317,4.8911,1.1658,2.5508,3.0979,2.6298,2.4447,4.9778,1.0405,2.6024,4.0669,1.5887,2.4369,3.4608,1.1762,1.8122,4.0924,1.6632,1.6105,4.0793,1.709,2.0026,3.4438,0.28379,2.9427,3.3326,2.8816,2.298,4.5833,1.3145,1.9493,4.2065,1.2704,2.6734,3.3608,1.454,2.4554,3.3407,1.8471,1.9686,3.7084,1.9484,2.3595,3.9969,1.0864,2.2835,3.1824,2.539,2.0355,5.1425,1.25,2.6739,3.3328,1.4455,2.4644,3.3299,0.30039,2.9438,3.3477,0.67081,1.8128,2.8951,1.695,2.0166,4.4394,1.4664,1.8447,4.1262,5.5144,2.8979,1.8273,0.82089,2.1155,2.792,1.0357,2.61,4.0688,2.1725,2.5226,3.6198,2.6247,2.4407,4.9722,2.8097,2.6991,4.5267,2.1514,2.5224,4.5186,2.349,2.1058,4.2002,0.76821,1.9994,3.3425,0.34664,2.4684,2.9025,0.59961,2.1405,3.7107,2.3836,2.4911,4.4376,0.76942,2.4608,2.8729,1.2541,1.5851,4.2866,1.6964,2.0131,3.4449,6.2483,2.6878,2.006,3.2406,2.9363,6.2355,0.77072,2.4509,2.8912,1.6615,1.6353,4.0837,1.4958,1.8705,3.1802,0.75146,2.4582,2.8655,2.1666,2.3489,4.9412,1.1552,2.5625,3.0856,1.0042,1.9633,3.5032,0.52027,1.9782,3.2624,1.7053,2.013,3.4418,2.386,2.0882,4.2032,2.1545,2.155,4.9871,1.2854,1.7371,3.8079,0.68585,1.978,2.7604,2.1549,2.1573,4.9918,2.327,2.1943,4.4749,1.5692,2.3216,3.9642,4.2632,2.9875,0.1934,1.9552,2.3503,3.9991,0.83492,1.9607,4.1202,1.1953,2.5819,4.2266,3.5608,2.8471,6.1234,1.5336,1.6212,3.2889,0.30671,2.2987,3.3883,5.1208,2.9767,1.0629,0.57578,2.7792,3.2756,1.2851,2.5131,2.9912,2.1418,2.1424,4.968,1.4778,2.0872,4.3597,1.5257,1.6259,3.2911,1.3869,2.9283,3.3701,0.46986,2.4451,2.7453,0.90561,2.4555,2.9917,0.22543,2.6157,3.3415,1.6174,2.2658,4.1328,0.47029,2.4432,2.7346,1.0426,2.1882,3.6481,1.3932,1.8029,4.2919,0.31958,2.3061,3.3962,1.5279,1.6157,3.2888,0.4662,2.4453,2.7442,3.0578,2.8701,5.9801,1.9937,2.5916,4.0265,1.9827,2.1841,4.6005,2.5994,2.7752,5.234,1.8936,1.9578,3.8959,1.2936,1.8041,3.6933,2.1527,2.1502,4.9829,1.3966,2.6532,3.9953,1.1027,3.0813,2.9427,4.7093,2.976,0.42805,1.2762,2.6903,4.351,1.9053,1.9511,3.8836,1.2596,2.6378,2.8798,0.41121,2.7686,3.0111,0.95118,2.8948,4.1422,0.60802,2.5235,2.6093,0.69258,1.9478,2.9756,0.54343,2.4006,3.417,1.5651,2.1788,4.2432,1.2975,2.6947,4.3684,0.61716,1.9586,3.0954,1.9828,1.8872,3.8148,1.1925,1.8375,3.6526,2.4161,2.7119,4.9224,1.3748,1.5463,4.1627,1.3838,2.1577,3.1705,0.63087,1.9614,3.0962,0.47116,2.4469,2.5817,1.6181,2.2685,4.1378,2.4239,2.7108,4.9405,0.62534,1.9635,3.0893,1.5672,1.7099,3.3304,0.49838,3.044,2.4066,0.59728,2.5233,2.6046,2.9291,2.7466,5.914,6.2076,2.8686,2.5792,4.6783,2.9822,0.39461,2.3248,2.3949,3.7191,0.98429,3.0745,3.7744,1.4171,2.2793,3.5446,0.88659,3.0751,3.676,2.3567,2.2337,3.7914,1.1911,1.8331,3.6508,2.4295,2.3415,4.5655,2.5665,2.6402,4.0316,1.2748,2.6804,4.3453,1.8933,1.9414,3.8892,1.1471,2.7729,3.6715,2.4226,2.4755,5.0525,1.6086,2.6092,3.3252,2.167,2.1926,4.1038,0.78523,1.9053,3.3672,2.3261,2.4076,3.7321,2.3301,2.406,3.7292,2.1919,1.907,4.9177,2.6383,2.2871,4.791,2.3584,2.2366,3.796,1.3788,1.587,3.8422,2.4258,2.7121,4.9399,1.8925,1.9449,3.8925,0.77851,2.137,3.9802,1.6011,1.819,4.2563,2.4247,2.7123,4.9414,1.4466,2.3863,3.2614,5.9493,2.8861,2.2326,1.8551,1.7964,3.4848,1.9519,3.0077,4.2704,2.0288,1.9509,4.773,1.1167,2.5773,4.2885,1.8917,2.1459,4.8599,1.6132,1.7831,3.9648,1.604,2.0099,3.38,1.0342,2.7556,3.5822,0.93302,2.821,3.8258,1.393,2.4052,3.8508,1.1336,2.7797,3.6551,1.8351,1.7732,4.0888,0.91658,2.4593,2.7798,1.9159,2.0733,4.3915,0.10116,2.7913,2.8649,1.0824,1.9548,4.2644,0.95784,2.329,3.0263,1.6389,2.3927,4.5862,0.97838,2.0756,2.8454,0.73991,1.9918,2.7432,1.6102,1.7817,3.9676,0.92156,2.4572,2.7863,1.377,1.5844,3.8373,2.7587,2.5857,4.6232,1.0843,2.1417,3.6237,1.1308,2.788,3.6583,1.9761,1.9832,4.4777,1.0786,1.9588,4.261,1.8551,1.656,3.4522,1.6629,2.4914,3.9995,2.1165,2.55,4.9168,2.1491,2.3818,3.7034,1.1863,3.0697,3.4161,1.4477,1.4647,4.2282,0.63456,2.9967,3.6321,1.6219,1.7402,4.2277,0.74206,1.9957,2.7405,0.69501,2.1941,3.948,2.6837,2.5999,4.5335,1.994,2.1225,3.4302,1.3886,2.9101,3.5399,1.0808,2.201,3.6286,2.5338,2.0042,4.4762,1.4883,1.7327,4.4219,1.5991,2.5898,3.5814,2.0603,2.2987,4.077,2.6978,2.3679,4.9948,0.45756,2.5291,2.9725
0.01498,0.0014994,8.5528,12.206,0.026863,24.831,1.5086,1.8351,4.1584,1.2718,2.2316,4.2233,1.2175,1.9803,4.2408,2.4824,2.6536,4.2904,0.85873,2.0514,4.2335,1.5188,2.5061,3.8944,3.054,2.8399,5.8764,1.2108,1.9839,4.235,1.7459,1.7008,4.2428,1.2861,2.2286,4.2417,0.85201,2.0626,4.2144,2.9153,2.8341,4.5232,5.6665,2.7625,1.4189,1.2684,2.8136,3.6536,0.94342,2.1457,3.02,2.4929,2.07,4.4716,1.4715,1.6689,3.9116,0.65217,2.5837,3.8649,2.0121,1.7653,3.4825,1.0932,2.4321,3.1036,0.24473,2.289,3.5275,1.7806,1.678,3.3933,2.0748,2.8081,4.3708,1.787,1.6867,3.3969,1.4684,1.6603,3.9218,0.38911,2.1471,3.18,2.0586,2.3778,4.4167,1.4725,1.6798,3.2014,0.82976,1.8964,2.7622,3.0456,2.8418,5.8593,2.0146,1.7758,3.4861,1.008,2.7216,2.8878,1.8231,2.5892,4.0146,0.64178,1.8882,2.7975,1.0673,2.4392,3.0699,1.9046,1.9186,4.5048,1.6882,1.673,3.8938,0.51096,2.2009,3.7483,1.1859,2.4624,3.7702,0.98139,2.0816,3.2446,2.5751,2.3147,4.3288,2.089,2.1715,4.704,1.4846,1.6741,3.9207,1.896,1.9198,4.4994,1.4984,2.1887,3.2663,0.80618,2.0987,3.1624,2.4241,2.3838,4.3327,1.932,2.5948,4.8613,1.9122,2.5995,4.8374,2.5654,2.3157,4.3218,1.2862,2.5031,3.9306,1.6983,2.2344,4.3109,1.9777,3.0437,3.9162,0.53119,2.4685,2.5018,1.5425,2.0629,4.6234,2.0413,3.0508,3.9844,0.37152,2.3854,3.4052,1.6602,1.6112,4.0792,0.70489,2.0315,3.0875,2.2458,2.2449,4.6512,0.67046,2.6021,3.0489,0.98609,2.0846,3.2461,0.10987,2.8905,1.95,2.0014,1.9882,4.6021,2.5606,2.317,4.3198,2.6457,2.3265,5.1675,2.0882,2.7912,4.3885,1.0823,1.8263,3.9627,4.6321,2.9732,0.51374,0.87554,2.1194,3.0423,1.3067,2.0931,4.2829,1.0515,2.0886,3.4889,2.2582,2.7372,4.519,1.7075,1.5812,4.1494,1.1671,2.5489,3.089,0.76027,2.434,3.768,2.0589,1.9126,3.7225,1.5852,2.4409,3.4565,1.6402,2.5329,3.6003,1.65,1.6538,4.2489,2.057,2.7862,4.5271,2.0764,2.7848,4.5474,3.368,2.7792,6.1266,1.7078,1.5808,4.1489,1.7131,2.0024,3.4516,2.0914,2.9314,4.8897,1.1667,2.5504,3.0991,2.6294,2.4446,4.9772,1.0412,2.6023,4.0669,1.5881,2.4369,3.4605,1.1757,1.8127,4.092,1.6633,1.6096,4.0791,1.7093,2.0025,3.4434,0.28366,2.9425,3.3326,2.8822,2.2982,4.5842,1.3143,1.9493,4.2066,1.2714,2.6726,3.3626,1.4536,2.4553,3.3406,1.8474,1.9678,3.7077,1.9483,2.3605,3.9972,1.0859,2.2835,3.1821,2.5389,2.0349,5.1422,1.2504,2.6733,3.3337,1.4448,2.4646,3.3294,0.30082,2.9436,3.3481,0.67051,1.8131,2.8943,1.6946,2.0161,4.4402,1.4663,1.8439,4.1265,5.5133,2.8978,1.8263,0.82094,2.1152,2.7925,1.0362,2.6103,4.0688,2.1731,2.5225,3.6195,2.624,2.4404,4.9714,2.8101,2.6988,4.527,2.1509,2.522,4.5179,2.3491,2.106,4.2005,0.76828,1.9999,3.3421,0.34764,2.4681,2.9035,0.59939,2.1405,3.7105,2.3833,2.4903,4.4379,0.77044,2.4606,2.8739,1.254,1.5852,4.2865,1.6961,2.0134,3.4446,6.2467,2.6877,2.0043,3.2419,2.9362,6.237,0.77194,2.4503,2.8931,1.6616,1.6354,4.0835,1.4959,1.8708,3.1801,0.75192,2.4579,2.8662,2.1665,2.349,4.9405,1.1557,2.5625,3.0863,1.0044,1.9633,3.5032,0.51971,1.9782,3.2627,1.7055,2.0132,3.4414,2.3859,2.0886,4.2035,2.155,2.1551,4.9874,1.2852,1.7363,3.8083,0.68599,1.9781,2.7606,2.1555,2.1575,4.9923,2.3274,2.1948,4.4756,1.5693,2.323,3.9642,4.2656,2.9866,0.19575,1.9552,2.3509,3.9993,0.83472,1.9606,4.1202,1.1962,2.5824,4.2272,3.5628,2.8467,6.1253,1.5337,1.6214,3.289,0.30594,2.2987,3.3874,5.1202,2.9761,1.0623,0.5766,2.7789,3.2765,1.2859,2.5134,2.9918,2.1419,2.1419,4.9675,1.4779,2.0867,4.3601,1.5257,1.626,3.2913,1.3873,2.9282,3.3704,0.47081,2.4448,2.7466,0.90489,2.4556,2.9915,0.22553,2.6155,3.3415,1.6177,2.2663,4.1331,0.47143,2.443,2.7356,1.0423,2.189,3.6475,1.3932,1.8026,4.2918,0.31934,2.3064,3.3957,1.5279,1.6155,3.2889,0.46711,2.4451,2.7455,3.0611,2.87,5.9837,1.9931,2.5912,4.0261,1.9833,2.1844,4.601,2.5976,2.7751,5.2321,1.8938,1.9574,3.8955,1.2936,1.8035,3.6936,2.1531,2.1499,4.9829,1.3964,2.653,3.9947,1.1021,3.0812,2.942,4.71,2.9755,0.42853,1.277,2.6906,4.3518,1.9054,1.9508,3.8836,1.2602,2.6379,2.8805,0.41359,2.7684,3.0138,0.95175,2.895,4.1427,0.60965,2.5236,2.6106,0.69233,1.9485,2.9749,0.54332,2.4008,3.4165,1.565,2.1789,4.2438,1.2992,2.6951,4.3698,0.61636,1.9591,3.0944,1.9829,1.8868,3.8146,1.1924,1.837,3.6529,2.4139,2.7113,4.9196,1.3747,1.5473,4.1623,1.3834,2.1578,3.1703,0.63057,1.962,3.0952,0.47161,2.4467,2.5823,1.6183,2.2692,4.1383,2.4222,2.7102,4.9385,0.62483,1.9642,3.0881,1.5673,1.7098,3.3306,0.49738,3.0442,2.4053,0.59832,2.5234,2.6054,2.9301,2.7467,5.9153,6.2091,2.8688,2.5809,4.6783,2.9819,0.39432,2.324,2.3943,3.7176,0.98912,3.0741,3.7796,1.4161,2.2804,3.5437,0.88868,3.0749,3.6785,2.3562,2.2335,3.7907,1.1911,1.8325,3.6511,2.4296,2.3417,4.5658,2.5659,2.6407,4.0318,1.2754,2.6803,4.3457,1.8934,1.9404,3.8885,1.148,2.7719,3.6723,2.4214,2.475,5.0506,1.6086,2.6086,3.3263,2.1669,2.1929,4.1039,0.78514,1.9054,3.367,2.3252,2.4075,3.7312,2.3293,2.4057,3.7282,2.1923,1.9079,4.9184,2.6379,2.2869,4.7909,2.3581,2.2365,3.7954,1.3787,1.5871,3.8425,2.4241,2.7117,4.9378,1.8926,1.9441,3.8919,0.77845,2.1367,3.981,1.6011,1.8184,4.2562,2.423,2.7118,4.9394,1.4467,2.3861,3.2615,5.9503,2.8864,2.2338,1.8549,1.7962,3.4852,1.9509,3.0069,4.2691,2.0295,1.951,4.7738,1.1174,2.5772,4.2892,1.8922,2.1457,4.8599,1.6132,1.7823,3.9647,1.604,2.0099,3.3795,1.0352,2.7547,3.5831,0.93397,2.8205,3.8265,1.3937,2.4058,3.8512,1.1341,2.7789,3.6555,1.8349,1.7721,4.0885,0.91674,2.4592,2.7801,1.9161,2.0735,4.3918,0.10249,2.7911,2.8662,1.0823,1.9546,4.2645,0.95831,2.3286,3.027,1.6392,2.3926,4.5862,0.97833,2.075,2.8459,0.73976,1.9915,2.7432,1.6101,1.7808,3.9676,0.92189,2.457,2.7869,1.3768,1.5843,3.8373,2.7582,2.5855,4.6226,1.0843,2.1419,3.6235,1.1313,2.7875,3.6588,1.9761,1.9831,4.4777,1.0783,1.9587,4.261,1.8551,1.6562,3.4523,1.6629,2.4918,3.9995,2.1168,2.5498,4.9165,2.1488,2.3819,3.7031,1.1864,3.0695,3.4161,1.4477,1.4646,4.228,0.6352,2.9965,3.6329,1.6218,1.7397,4.2275,0.74196,1.9955,2.7404,0.6952,2.1941,3.9482,2.6835,2.5998,4.5333,1.9941,2.1222,3.4299,1.3888,2.9095,3.54,1.0808,2.2014,3.6283,2.5339,2.0044,4.4765,1.4882,1.7326,4.4219,1.5986,2.5896,3.5814,2.0602,2.2992,4.0773,2.6973,2.3676,4.9941,0.45815,2.5289,2.9732
0.01498,0.0014994,8.5528,12.206,0.027938,24.818,1.5081,1.835,4.1578,1.2717,2.2318,4.2234,1.217,1.9801,4.241,2.4818,2.6532,4.29,0.85873,2.0511,4.2341,1.5187,2.507,3.8944,3.0561,2.8399,5.8791,1.2101,1.9837,4.235,1.7459,1.7002,4.2426,1.2864,2.2287,4.2424,0.85177,2.0627,4.2144,2.9164,2.8341,4.5238,5.6647,2.7619,1.4168,1.2696,2.8122,3.6549,0.94283,2.1458,3.0198,2.4933,2.0709,4.4729,1.4715,1.6686,3.9118,0.65181,2.5843,3.8639,2.0123,1.7655,3.4828,1.0938,2.4315,3.1054,0.24348,2.2892,3.5259,1.7804,1.6782,3.3935,2.0719,2.8072,4.3675,1.787,1.6874,3.3972,1.4681,1.6598,3.9224,0.38882,2.1477,3.1789,2.0597,2.3788,4.4181,1.4725,1.6804,3.2015,0.82967,1.8974,2.7618,3.0473,2.8418,5.8614,2.015,1.7765,3.4866,1.0079,2.7218,2.888,1.8233,2.5892,4.0152,0.64222,1.8892,2.7975,1.0671,2.439,3.0706,1.9048,1.9188,4.5053,1.6886,1.672,3.8938,0.51102,2.2009,3.7484,1.1857,2.4642,3.7695,0.9803,2.0827,3.2433,2.5766,2.3156,4.3307,2.09,2.1726,4.7053,1.4849,1.6741,3.9211,1.896,1.9199,4.4997,1.4987,2.1895,3.2663,0.80536,2.0997,3.1611,2.4244,2.3843,4.3337,1.9315,2.5945,4.8599,1.911,2.5997,4.8355,2.5665,2.3167,4.3235,1.2861,2.504,3.9298,1.6988,2.2345,4.3116,1.9747,3.0427,3.9129,0.53245,2.4684,2.503,1.5424,2.0632,4.6242,2.0398,3.05,3.9827,0.37056,2.3858,3.4037,1.6601,1.6104,4.079,0.70464,2.0318,3.087,2.2458,2.2451,4.6514,0.67245,2.6012,3.0513,0.98521,2.0857,3.2449,0.10896,2.8905,1.9488,2.0017,1.9883,4.6029,2.5614,2.3179,4.3212,2.6443,2.326,5.166,2.0857,2.7897,4.3859,1.0824,1.8251,3.9636,4.6326,2.9719,0.51411,0.87502,2.1194,3.0418,1.3068,2.0928,4.2837,1.0514,2.0886,3.4887,2.2557,2.7363,4.516,1.7078,1.5802,4.149,1.1681,2.5485,3.09,0.76074,2.4343,3.768,2.0591,1.9119,3.7218,1.5846,2.441,3.456,1.6392,2.5332,3.6001,1.6496,1.6527,4.2489,2.0546,2.785,4.5244,2.0747,2.7835,4.5456,3.3686,2.7791,6.127,1.7081,1.5799,4.1485,1.7135,2.0022,3.4515,2.0899,2.9311,4.8883,1.1677,2.5502,3.1004,2.629,2.4445,4.9767,1.0418,2.6023,4.0669,1.5876,2.4369,3.4602,1.1753,1.8132,4.0917,1.6634,1.6087,4.0789,1.7096,2.0023,3.4431,0.28353,2.9423,3.3326,2.8826,2.2983,4.5851,1.3142,1.9492,4.2067,1.2725,2.6719,3.3644,1.4533,2.4552,3.3406,1.8476,1.9669,3.7068,1.9482,2.3616,3.9974,1.0856,2.2835,3.1819,2.5389,2.0343,5.142,1.2508,2.6725,3.3347,1.4442,2.4648,3.3291,0.30125,2.9435,3.3485,0.67021,1.8134,2.8933,1.6944,2.0156,4.4411,1.4662,1.8429,4.1268,5.5121,2.8976,1.8251,0.821,2.115,2.7929,1.0366,2.6105,4.0689,2.1735,2.5225,3.6193,2.6233,2.4403,4.9704,2.8106,2.6985,4.5273,2.1504,2.5217,4.5173,2.3491,2.1062,4.2008,0.76836,2.0004,3.3418,0.34864,2.4679,2.9046,0.59916,2.1405,3.7104,2.3831,2.4894,4.4382,0.77147,2.4604,2.8749,1.254,1.5853,4.2865,1.6959,2.0136,3.4444,6.2451,2.6877,2.0026,3.2433,2.9361,6.2385,0.77317,2.4497,2.8949,1.6616,1.6354,4.0834,1.4959,1.871,3.18,0.75237,2.4576,2.8671,2.1664,2.349,4.9399,1.1562,2.5625,3.0871,1.0045,1.9633,3.5032,0.51914,1.9782,3.2629,1.7057,2.0134,3.4411,2.3859,2.089,4.2037,2.1555,2.1551,4.9877,1.285,1.7355,3.8086,0.68613,1.9782,2.7608,2.156,2.1576,4.9928,2.3278,2.1952,4.4762,1.5694,2.3243,3.9643,4.2681,2.9856,0.19805,1.9552,2.3515,3.9995,0.83453,1.9605,4.1202,1.1972,2.5827,4.2277,3.5646,2.8465,6.1272,1.5338,1.6215,3.2891,0.30518,2.2988,3.3864,5.1196,2.9753,1.0618,0.57743,2.7787,3.2776,1.2867,2.5136,2.9924,2.1419,2.1415,4.967,1.4781,2.0864,4.3605,1.5258,1.6261,3.2914,1.3877,2.9281,3.3706,0.47175,2.4446,2.7479,0.90419,2.4556,2.9913,0.22564,2.6155,3.3415,1.6179,2.2667,4.1335,0.47256,2.4429,2.7367,1.0421,2.19,3.647,1.3932,1.8024,4.2917,0.3191,2.3067,3.3952,1.5278,1.6155,3.289,0.46801,2.4449,2.7467,3.0644,2.87,5.9872,1.9925,2.591,4.0259,1.9838,2.1847,4.6016,2.5959,2.7751,5.2302,1.8939,1.9571,3.8952,1.2936,1.8029,3.6938,2.1535,2.1498,4.983,1.3962,2.6528,3.9942,1.1016,3.081,2.9414,4.7106,2.9751,0.42901,1.278,2.6908,4.3526,1.9055,1.9505,3.8836,1.2608,2.638,2.8813,0.41595,2.7681,3.0166,0.95233,2.8952,4.1431,0.61127,2.5237,2.6119,0.69207,1.9493,2.9741,0.54321,2.401,3.416,1.5649,2.1789,4.2446,1.3009,2.6954,4.3712,0.61557,1.9595,3.0933,1.9831,1.8864,3.8145,1.1924,1.8367,3.6532,2.4118,2.7109,4.9168,1.3746,1.5484,4.1619,1.3832,2.1578,3.1701,0.63028,1.9626,3.0942,0.47207,2.4466,2.5829,1.6186,2.27,4.1387,2.4205,2.7097,4.9365,0.62432,1.9649,3.0868,1.5675,1.7097,3.3307,0.49636,3.0444,2.404,0.59936,2.5235,2.6063,2.9312,2.7468,5.9166,6.2105,2.869,2.5826,4.6783,2.9816,0.39403,2.323,2.3937,3.7161,0.99387,3.0738,3.7847,1.4151,2.2816,3.5429,0.89076,3.0747,3.681,2.3558,2.2334,3.7898,1.191,1.8319,3.6514,2.4297,2.3419,4.566,2.5653,2.6412,4.0319,1.276,2.6801,4.346,1.8935,1.9394,3.8878,1.149,2.7708,3.6733,2.4202,2.4746,5.0489,1.6087,2.6081,3.3274,2.1669,2.1931,4.104,0.78504,1.9055,3.3668,2.3244,2.4073,3.7304,2.3285,2.4055,3.727,2.1926,1.9088,4.9191,2.6376,2.2867,4.7908,2.3578,2.2364,3.7949,1.3786,1.5871,3.8428,2.4224,2.7113,4.9357,1.8927,1.9433,3.8914,0.7784,2.1365,3.982,1.6011,1.8176,4.2561,2.4213,2.7114,4.9375,1.4468,2.386,3.2615,5.9513,2.8866,2.2351,1.8547,1.796,3.4856,1.9498,3.0061,4.2678,2.0301,1.951,4.7747,1.1181,2.5771,4.2898,1.8925,2.1455,4.8599,1.6132,1.7813,3.9646,1.604,2.0099,3.379,1.0362,2.7538,3.584,0.93493,2.82,3.8272,1.3944,2.4064,3.8515,1.1345,2.7782,3.6557,1.8348,1.771,4.0883,0.9169,2.4592,2.7804,1.9163,2.0737,4.392,0.10379,2.7908,2.8674,1.0821,1.9544,4.2647,0.95878,2.3283,3.0277,1.6394,2.3925,4.5862,0.97829,2.0746,2.8463,0.73961,1.9912,2.7432,1.61,1.7798,3.9675,0.92221,2.4569,2.7873,1.3766,1.5842,3.8374,2.7578,2.5853,4.6221,1.0843,2.1421,3.6234,1.1317,2.787,3.6592,1.9761,1.9829,4.4778,1.0781,1.9586,4.261,1.8552,1.6564,3.4524,1.6629,2.4921,3.9995,2.117,2.5497,4.9163,2.1486,2.3819,3.7028,1.1865,3.0693,3.4162,1.4478,1.4646,4.2279,0.63582,2.9964,3.6337,1.6217,1.7392,4.2273,0.74184,1.9955,2.7404,0.6954,2.1941,3.9483,2.6833,2.5997,4.5332,1.9942,2.122,3.4296,1.389,2.909,3.5401,1.0808,2.2017,3.628,2.534,2.0046,4.4768,1.4881,1.7325,4.4219,1.5983,2.5895,3.5814,2.0601,2.2996,4.0775,2.6968,2.3673,4.9935,0.45872,2.5288,2.9738
0.01498,0.0014994,8.5528,12.206,0.029012,24.797,1.5074,1.8348,4.1571,1.2714,2.2321,4.2235,1.2163,1.9797,4.2414,2.4811,2.6528,4.2895,0.85874,2.0508,4.2348,1.5187,2.508,3.8945,3.0583,2.8399,5.8819,1.2094,1.9834,4.2351,1.7458,1.6994,4.2423,1.2868,2.2287,4.2431,0.85153,2.0627,4.2144,2.9174,2.834,4.5246,5.6627,2.7612,1.4147,1.2708,2.8108,3.6561,0.94225,2.1459,3.0196,2.4939,2.0718,4.4742,1.4715,1.6682,3.9121,0.65144,2.5849,3.8631,2.0126,1.7656,3.4832,1.0945,2.431,3.1072,0.24221,2.2894,3.5241,1.7801,1.6784,3.3938,2.0689,2.8064,4.3641,1.787,1.6881,3.3975,1.4678,1.6592,3.9231,0.38852,2.1483,3.1779,2.0607,2.3798,4.4195,1.4724,1.681,3.2016,0.82959,1.8984,2.7613,3.0492,2.8418,5.8635,2.0154,1.777,3.4872,1.0078,2.7221,2.8883,1.8236,2.5893,4.0159,0.64264,1.89,2.7974,1.0669,2.4386,3.0713,1.9052,1.919,4.5059,1.6889,1.6711,3.8938,0.51109,2.2009,3.7486,1.1853,2.4661,3.7689,0.97919,2.0837,3.242,2.5781,2.3163,4.3326,2.0908,2.1736,4.7066,1.4852,1.6741,3.9216,1.8961,1.9201,4.5,1.4991,2.1904,3.2662,0.80452,2.1005,3.1598,2.4247,2.385,4.3345,1.9309,2.5941,4.8586,1.91,2.5999,4.8335,2.5676,2.3175,4.3252,1.286,2.5047,3.9291,1.6994,2.2347,4.3124,1.9717,3.0419,3.9096,0.5337,2.4684,2.5041,1.5423,2.0636,4.6247,2.0383,3.0493,3.9811,0.36958,2.3864,3.4022,1.6601,1.6096,4.0789,0.70439,2.0323,3.0864,2.2459,2.2453,4.6516,0.67445,2.6004,3.0537,0.98433,2.0866,3.2437,0.10806,2.8905,1.9477,2.002,1.9885,4.6034,2.5623,2.3188,4.3228,2.6428,2.3254,5.1645,2.0833,2.7882,4.3833,1.0825,1.824,3.9644,4.6333,2.9707,0.5146,0.87449,2.1195,3.0412,1.3068,2.0924,4.2844,1.0512,2.0887,3.4885,2.2532,2.7355,4.5131,1.7081,1.5794,4.1485,1.1691,2.548,3.0909,0.76122,2.4347,3.7679,2.0594,1.9111,3.721,1.584,2.4411,3.4554,1.6384,2.5338,3.5999,1.6491,1.6515,4.2488,2.0522,2.7837,4.5218,2.0729,2.7822,4.5438,3.3693,2.7789,6.1276,1.7084,1.5791,4.148,1.714,2.002,3.4515,2.0882,2.9308,4.8868,1.1686,2.5498,3.1017,2.6285,2.4444,4.976,1.0426,2.6023,4.067,1.587,2.437,3.4598,1.1747,1.8137,4.0913,1.6635,1.6078,4.0786,1.7099,2.0022,3.4427,0.28341,2.9421,3.3326,2.8832,2.2986,4.586,1.3141,1.9491,4.2068,1.2736,2.6711,3.3664,1.4529,2.455,3.3405,1.848,1.9661,3.7061,1.9481,2.3625,3.9977,1.0851,2.2835,3.1815,2.5389,2.0336,5.1417,1.2513,2.6719,3.3357,1.4435,2.4649,3.3286,0.30167,2.9433,3.3489,0.66991,1.8138,2.8925,1.694,2.015,4.4419,1.4662,1.8421,4.1272,5.511,2.8974,1.8241,0.82106,2.1147,2.7934,1.0372,2.6109,4.069,2.1739,2.5224,3.6189,2.6226,2.44,4.9696,2.8111,2.6982,4.5277,2.1498,2.5213,4.5165,2.3491,2.1064,4.2012,0.76843,2.001,3.3414,0.34965,2.4676,2.9056,0.59893,2.1405,3.7102,2.3828,2.4887,4.4385,0.7725,2.4602,2.8759,1.2539,1.5854,4.2864,1.6957,2.014,3.4441,6.2435,2.6876,2.0009,3.2447,2.936,6.2401,0.7744,2.449,2.8967,1.6617,1.6354,4.0832,1.496,1.8713,3.1799,0.75283,2.4573,2.8678,2.1663,2.349,4.9392,1.1569,2.5625,3.0878,1.0046,1.9633,3.5032,0.51859,1.9781,3.2632,1.7059,2.0136,3.4407,2.3859,2.0894,4.2041,2.1561,2.1551,4.9881,1.2848,1.7348,3.8091,0.68628,1.9783,2.761,2.1566,2.1578,4.9933,2.3281,2.1957,4.4769,1.5695,2.3257,3.9644,4.2705,2.9847,0.20032,1.9552,2.3522,3.9997,0.83434,1.9604,4.1203,1.1981,2.5833,4.2284,3.5665,2.8461,6.1291,1.5338,1.6216,3.2892,0.30442,2.2988,3.3855,5.1188,2.9747,1.0612,0.57825,2.7785,3.2785,1.2876,2.514,2.9931,2.142,2.1411,4.9664,1.4783,2.086,4.361,1.5258,1.6263,3.2917,1.3881,2.9279,3.371,0.4727,2.4444,2.7492,0.90347,2.4556,2.991,0.22574,2.6153,3.3414,1.6182,2.2671,4.1339,0.47367,2.4426,2.7376,1.0418,2.1908,3.6463,1.3931,1.8022,4.2916,0.31887,2.307,3.3946,1.5278,1.6153,3.2891,0.4689,2.4446,2.748,3.0678,2.8699,5.9908,1.9919,2.5906,4.0255,1.9844,2.185,4.6022,2.5941,2.7751,5.2282,1.8941,1.9567,3.8948,1.2936,1.8024,3.6941,2.1539,2.1495,4.9831,1.396,2.6525,3.9936,1.1009,3.0809,2.9407,4.7113,2.9746,0.42948,1.2788,2.6911,4.3534,1.9055,1.9502,3.8836,1.2615,2.6381,2.8818,0.41831,2.7678,3.0193,0.95291,2.8953,4.1438,0.6129,2.5238,2.6132,0.69182,1.9498,2.9735,0.5431,2.4012,3.4155,1.5648,2.179,4.2451,1.3026,2.6958,4.3727,0.61478,1.96,3.0923,1.9833,1.8859,3.8143,1.1923,1.8363,3.6536,2.4096,2.7102,4.914,1.3745,1.5493,4.1614,1.3828,2.1579,3.1699,0.62999,1.9631,3.0933,0.47252,2.4465,2.5836,1.6188,2.2705,4.1393,2.4187,2.709,4.9344,0.62382,1.9654,3.0856,1.5676,1.7095,3.3309,0.49534,3.0446,2.4026,0.60038,2.5236,2.6073,2.9322,2.7469,5.9178,6.212,2.8693,2.5844,4.6782,2.9813,0.39375,2.3222,2.393,3.7146,0.99854,3.0733,3.7899,1.4141,2.2827,3.5419,0.89282,3.0744,3.6834,2.3554,2.2331,3.7891,1.191,1.8312,3.6517,2.4298,2.3421,4.5663,2.5646,2.6418,4.0321,1.2767,2.68,4.3465,1.8936,1.9384,3.8871,1.1498,2.7699,3.6741,2.4189,2.474,5.047,1.6088,2.6075,3.3285,2.1668,2.1934,4.1042,0.78495,1.9057,3.3665,2.3234,2.4072,3.7294,2.3278,2.4052,3.726,2.193,1.9095,4.9198,2.6372,2.2865,4.7907,2.3574,2.2363,3.7942,1.3785,1.5871,3.8432,2.4208,2.7109,4.9336,1.8928,1.9424,3.8907,0.77834,2.1363,3.9828,1.6011,1.8171,4.2559,2.4196,2.7109,4.9355,1.4468,2.3859,3.2615,5.9523,2.8869,2.2363,1.8545,1.7958,3.486,1.9488,3.0054,4.2665,2.0308,1.9511,4.7755,1.1188,2.577,4.2905,1.893,2.1453,4.8598,1.6132,1.7805,3.9646,1.604,2.0099,3.3784,1.0371,2.7529,3.5849,0.93586,2.8195,3.828,1.3949,2.4071,3.8518,1.1351,2.7774,3.6561,1.8346,1.7699,4.0881,0.91707,2.4591,2.7807,1.9166,2.0739,4.3923,0.10509,2.7906,2.8687,1.0819,1.9541,4.2648,0.95923,2.3279,3.0285,1.6397,2.3924,4.5862,0.97823,2.074,2.8468,0.73945,1.9909,2.7432,1.6099,1.779,3.9675,0.92253,2.4568,2.7879,1.3764,1.5841,3.8374,2.7572,2.5851,4.6215,1.0843,2.1423,3.6232,1.1322,2.7864,3.6597,1.9761,1.9828,4.4778,1.0778,1.9584,4.2611,1.8553,1.6566,3.4525,1.6629,2.4925,3.9995,2.1172,2.5494,4.916,2.1483,2.382,3.7025,1.1867,3.069,3.4162,1.4479,1.4646,4.2277,0.63643,2.9963,3.6343,1.6215,1.7386,4.227,0.74174,1.9953,2.7403,0.69559,2.1941,3.9485,2.683,2.5996,4.533,1.9944,2.1217,3.4292,1.3893,2.9084,3.5402,1.0807,2.2021,3.6277,2.5342,2.0049,4.4771,1.488,1.7324,4.4219,1.5979,2.5894,3.5814,2.06,2.3001,4.0777,2.6961,2.367,4.9928,0.45928,2.5287,2.9745
0.01498,0.0014994,8.5528,12.206,0.030087,24.784,1.5068,1.8347,4.1564,1.2713,2.2323,4.2236,1.2158,1.9794,4.2417,2.4805,2.6525,4.2891,0.85874,2.0504,4.2353,1.5186,2.5089,3.8945,3.0605,2.8399,5.8846,1.2086,1.9833,4.2351,1.7457,1.6986,4.2422,1.2871,2.2288,4.2439,0.8513,2.0627,4.2144,2.9185,2.8339,4.5254,5.661,2.7605,1.4127,1.2721,2.8095,3.6574,0.94166,2.1459,3.0195,2.4943,2.0727,4.4755,1.4714,1.6679,3.9124,0.65107,2.5856,3.8621,2.0129,1.7658,3.4836,1.0952,2.4303,3.109,0.24093,2.2896,3.5225,1.7798,1.6785,3.394,2.0661,2.8055,4.3607,1.787,1.6889,3.3978,1.4676,1.6586,3.9237,0.38823,2.149,3.1768,2.0618,2.3807,4.4208,1.4723,1.6817,3.2017,0.82951,1.8994,2.7609,3.0509,2.8418,5.8657,2.0158,1.7778,3.4878,1.0076,2.7224,2.8886,1.8239,2.5894,4.0166,0.64307,1.8909,2.7974,1.0668,2.4384,3.0721,1.9055,1.9193,4.5064,1.6894,1.6702,3.8938,0.51117,2.2009,3.7487,1.185,2.4681,3.7681,0.97808,2.0847,3.2408,2.5796,2.3172,4.3345,2.0916,2.1747,4.7078,1.4855,1.6741,3.9221,1.8961,1.9202,4.5003,1.4996,2.1911,3.2661,0.80368,2.1015,3.1584,2.4251,2.3855,4.3355,1.9304,2.5938,4.8574,1.9089,2.6,4.8315,2.5687,2.3183,4.327,1.286,2.5056,3.9283,1.7,2.2349,4.3132,1.9686,3.0409,3.9063,0.53495,2.4683,2.5053,1.5422,2.064,4.6255,2.0368,3.0485,3.9793,0.36859,2.3868,3.4007,1.66,1.6088,4.0787,0.70414,2.0327,3.0859,2.2459,2.2455,4.6517,0.67647,2.5996,3.0561,0.98343,2.0877,3.2424,0.10717,2.8905,1.9466,2.0024,1.9886,4.6042,2.563,2.3198,4.3243,2.6414,2.3249,5.1631,2.0809,2.7867,4.3808,1.0827,1.8228,3.9653,4.6341,2.9695,0.51511,0.87395,2.1196,3.0406,1.3069,2.092,4.2853,1.051,2.0888,3.4884,2.2507,2.7346,4.5101,1.7085,1.5785,4.1482,1.1702,2.5476,3.0919,0.7617,2.435,3.7678,2.0597,1.9104,3.7202,1.5833,2.4412,3.455,1.6375,2.5341,3.5998,1.6486,1.6503,4.2488,2.0497,2.7825,4.5189,2.0713,2.7809,4.5418,3.3698,2.7788,6.128,1.7088,1.5782,4.1476,1.7145,2.0018,3.4514,2.0867,2.9305,4.8855,1.1696,2.5495,3.1029,2.6281,2.4443,4.9755,1.0434,2.6022,4.067,1.5864,2.437,3.4596,1.1743,1.8141,4.0909,1.6636,1.6069,4.0783,1.7102,2.002,3.4425,0.2833,2.9418,3.3326,2.8837,2.2988,4.5869,1.3139,1.949,4.2069,1.2747,2.6703,3.3682,1.4525,2.4548,3.3404,1.8483,1.9652,3.7052,1.948,2.3636,3.9979,1.0846,2.2836,3.1813,2.5389,2.033,5.1416,1.2518,2.6711,3.3368,1.4427,2.4651,3.3282,0.30209,2.9431,3.3494,0.6696,1.8141,2.8916,1.6937,2.0145,4.4427,1.4661,1.8412,4.1274,5.5099,2.8973,1.8231,0.82111,2.1146,2.7939,1.0377,2.6111,4.0691,2.1743,2.5224,3.6185,2.6218,2.4399,4.9687,2.8115,2.6979,4.528,2.1493,2.5211,4.5158,2.3491,2.1067,4.2015,0.76851,2.0015,3.341,0.35066,2.4673,2.9066,0.59869,2.1405,3.7101,2.3826,2.4879,4.4388,0.77352,2.4601,2.8769,1.2538,1.5856,4.2864,1.6954,2.0142,3.444,6.2419,2.6875,1.9991,3.246,2.9359,6.2415,0.77561,2.4483,2.8986,1.6617,1.6355,4.083,1.4961,1.8716,3.1798,0.75329,2.457,2.8687,2.1661,2.349,4.9387,1.1574,2.5625,3.0885,1.0047,1.9633,3.5032,0.51803,1.9781,3.2635,1.706,2.0138,3.4403,2.3859,2.0898,4.2044,2.1566,2.1551,4.9885,1.2847,1.7341,3.8094,0.68641,1.9784,2.7612,2.1572,2.1579,4.9937,2.3285,2.1961,4.4777,1.5696,2.327,3.9644,4.2729,2.9838,0.20258,1.9552,2.3527,3.9998,0.83415,1.9603,4.1203,1.1991,2.5836,4.2289,3.5685,2.8458,6.131,1.5339,1.6218,3.2893,0.30366,2.2989,3.3845,5.1182,2.9741,1.0605,0.57906,2.7782,3.2795,1.2884,2.5142,2.9937,2.1421,2.1406,4.966,1.4784,2.0855,4.3614,1.5258,1.6264,3.2919,1.3885,2.9278,3.3712,0.47364,2.4441,2.7505,0.90279,2.4556,2.9908,0.22583,2.6152,3.3414,1.6183,2.2675,4.1342,0.47477,2.4425,2.7386,1.0415,2.1917,3.6458,1.3931,1.802,4.2916,0.31864,2.3073,3.3941,1.5277,1.6152,3.2892,0.46979,2.4444,2.7493,3.0711,2.8699,5.9943,1.9913,2.5903,4.0252,1.9849,2.1852,4.6027,2.5924,2.7751,5.2263,1.8943,1.9563,3.8945,1.2936,1.8017,3.6943,2.1543,2.1493,4.9831,1.3958,2.6522,3.9931,1.1003,3.0807,2.9399,4.7121,2.9742,0.42995,1.2797,2.6914,4.3542,1.9056,1.9499,3.8836,1.262,2.6382,2.8826,0.42065,2.7676,3.022,0.95349,2.8955,4.1442,0.6145,2.524,2.6145,0.69157,1.9506,2.9727,0.54299,2.4014,3.415,1.5647,2.1791,4.2459,1.3044,2.6962,4.374,0.61399,1.9604,3.0912,1.9834,1.8855,3.8142,1.1923,1.8358,3.6539,2.4074,2.7098,4.9113,1.3743,1.5503,4.161,1.3825,2.1579,3.1697,0.62969,1.9638,3.0924,0.47297,2.4464,2.5842,1.6191,2.2713,4.1397,2.417,2.7085,4.9324,0.62331,1.9662,3.0844,1.5678,1.7094,3.331,0.4943,3.0448,2.4013,0.6014,2.5238,2.6082,2.9333,2.7469,5.919,6.2135,2.8695,2.5861,4.6782,2.981,0.39348,2.3213,2.3923,3.7131,1.0031,3.073,3.7948,1.4131,2.2838,3.541,0.89487,3.0742,3.6858,2.3549,2.233,3.7883,1.1909,1.8306,3.652,2.4299,2.3422,4.5666,2.5639,2.6423,4.0323,1.2773,2.6798,4.3468,1.8937,1.9374,3.8863,1.1507,2.7688,3.6751,2.4177,2.4736,5.0454,1.6089,2.607,3.3296,2.1667,2.1937,4.1043,0.78485,1.9058,3.3664,2.3226,2.4071,3.7285,2.3269,2.4051,3.7249,2.1934,1.9104,4.9206,2.6368,2.2864,4.7906,2.3571,2.2362,3.7937,1.3784,1.5871,3.8436,2.419,2.7105,4.9315,1.8929,1.9416,3.8902,0.77829,2.136,3.9836,1.601,1.8163,4.2558,2.418,2.7104,4.9335,1.4469,2.3857,3.2616,5.9533,2.887,2.2375,1.8543,1.7957,3.4863,1.9478,3.0046,4.2653,2.0315,1.9511,4.7764,1.1195,2.5769,4.2912,1.8933,2.1451,4.8598,1.6131,1.7795,3.9645,1.604,2.0099,3.378,1.038,2.752,3.5858,0.93678,2.819,3.8287,1.3956,2.4077,3.8522,1.1355,2.7766,3.6564,1.8344,1.7689,4.0879,0.91723,2.459,2.781,1.9169,2.074,4.3926,0.10637,2.7903,2.8699,1.0817,1.954,4.2649,0.95967,2.3276,3.0292,1.64,2.3923,4.5862,0.97819,2.0735,2.8472,0.73931,1.9906,2.7433,1.6097,1.7781,3.9675,0.92284,2.4566,2.7884,1.3762,1.5839,3.8375,2.7567,2.5849,4.6211,1.0843,2.1425,3.6231,1.1326,2.7859,3.66,1.9761,1.9826,4.4779,1.0775,1.9583,4.2611,1.8554,1.6567,3.4526,1.6629,2.4929,3.9995,2.1175,2.5493,4.9159,2.1481,2.3821,3.7022,1.1868,3.0688,3.4162,1.4479,1.4645,4.2274,0.63703,2.9961,3.6351,1.6214,1.7382,4.2267,0.74163,1.9952,2.7402,0.69579,2.1941,3.9487,2.6829,2.5995,4.5328,1.9945,2.1215,3.4289,1.3896,2.9079,3.5403,1.0807,2.2025,3.6274,2.5343,2.0051,4.4774,1.4878,1.7323,4.4218,1.5974,2.5892,3.5814,2.0599,2.3005,4.0779,2.6956,2.3668,4.9921,0.45984,2.5286,2.9752
0.01498,0.0014994,8.5528,12.206,0.031161,24.764,1.5061,1.8345,4.1558,1.2711,2.2326,4.2237,1.2152,1.9791,4.2419,2.4799,2.652,4.2887,0.85874,2.05,4.236,1.5185,2.5099,3.8945,3.0628,2.8399,5.8872,1.2079,1.983,4.2352,1.7457,1.698,4.2419,1.2875,2.2288,4.2446,0.85107,2.0627,4.2144,2.9196,2.8339,4.5261,5.6591,2.7599,1.4106,1.2733,2.8081,3.6586,0.94107,2.146,3.0193,2.4949,2.0737,4.4768,1.4714,1.6676,3.9127,0.65069,2.5862,3.8611,2.0131,1.7659,3.484,1.0959,2.4297,3.1109,0.23965,2.2898,3.5207,1.7796,1.6788,3.3944,2.0631,2.8047,4.3573,1.787,1.6895,3.3981,1.4673,1.658,3.9243,0.38794,2.1496,3.1757,2.0629,2.3818,4.4223,1.4722,1.6823,3.2018,0.82943,1.9004,2.7604,3.0528,2.8418,5.8679,2.0163,1.7784,3.4884,1.0074,2.7226,2.8888,1.8242,2.5895,4.0172,0.64351,1.8917,2.7973,1.0664,2.4381,3.0727,1.9058,1.9195,4.5069,1.6898,1.6693,3.8939,0.51123,2.2009,3.7489,1.1847,2.4699,3.7674,0.97697,2.0857,3.2395,2.5811,2.3179,4.3365,2.0924,2.1758,4.7092,1.4858,1.6741,3.9226,1.8962,1.9204,4.5006,1.5,2.1919,3.2661,0.80281,2.1025,3.1571,2.4254,2.3861,4.3365,1.9299,2.5934,4.8561,1.9079,2.6002,4.8296,2.5699,2.3192,4.3289,1.2859,2.5064,3.9275,1.7005,2.235,4.314,1.9656,3.04,3.903,0.53621,2.4683,2.5065,1.5422,2.0644,4.6261,2.0352,3.0477,3.9775,0.36758,2.3874,3.3991,1.66,1.608,4.0786,0.70389,2.0332,3.0854,2.246,2.2456,4.6519,0.67849,2.5987,3.0586,0.98252,2.0887,3.2412,0.10626,2.8905,1.9455,2.0027,1.9888,4.6048,2.5639,2.3208,4.3258,2.6399,2.3243,5.1615,2.0785,2.7851,4.3783,1.0828,1.8216,3.9661,4.635,2.9682,0.51574,0.8734,2.1196,3.04,1.307,2.0917,4.286,1.0508,2.0888,3.4882,2.2481,2.7336,4.507,1.7088,1.5776,4.1477,1.1712,2.5471,3.0929,0.76219,2.4353,3.7677,2.0598,1.9096,3.7195,1.5827,2.4413,3.4544,1.6365,2.5346,3.5994,1.6481,1.6491,4.2488,2.0473,2.7813,4.5162,2.0695,2.7796,4.54,3.3704,2.7787,6.1285,1.7091,1.5773,4.1472,1.715,2.0016,3.4513,2.0851,2.9302,4.884,1.1705,2.5491,3.1041,2.6276,2.4442,4.9749,1.044,2.6022,4.067,1.5858,2.437,3.4592,1.1738,1.8146,4.0906,1.6637,1.606,4.0782,1.7105,2.0019,3.4421,0.28321,2.9417,3.3326,2.8842,2.299,4.5878,1.3138,1.949,4.2069,1.2758,2.6695,3.3701,1.452,2.4547,3.3404,1.8485,1.9644,3.7044,1.9479,2.3646,3.9981,1.0841,2.2836,3.181,2.5388,2.0324,5.1413,1.2523,2.6704,3.3379,1.442,2.4652,3.3277,0.30252,2.943,3.3498,0.66928,1.8143,2.8907,1.6933,2.014,4.4435,1.466,1.8403,4.1278,5.5088,2.8972,1.822,0.82117,2.1143,2.7944,1.0382,2.6114,4.0691,2.1747,2.5223,3.6182,2.6212,2.4397,4.9678,2.812,2.6976,4.5283,2.1488,2.5207,4.5151,2.3491,2.1069,4.2018,0.76857,2.0021,3.3407,0.35166,2.467,2.9076,0.59846,2.1405,3.71,2.3824,2.4871,4.439,0.77456,2.4597,2.8779,1.2538,1.5856,4.2864,1.6953,2.0145,3.4437,6.2402,2.6874,1.9973,3.2473,2.9358,6.243,0.77682,2.4476,2.9005,1.6617,1.6355,4.0828,1.4962,1.8719,3.1797,0.75374,2.4567,2.8694,2.1661,2.349,4.938,1.1579,2.5625,3.0893,1.0048,1.9634,3.5032,0.51749,1.978,3.2638,1.7063,2.014,3.44,2.3859,2.0901,4.2046,2.1571,2.1551,4.9888,1.2845,1.7333,3.8098,0.68655,1.9784,2.7614,2.1577,2.158,4.9942,2.3289,2.1965,4.4784,1.5696,2.3283,3.9645,4.2752,2.9828,0.20479,1.9552,2.3534,4.0,0.83395,1.9602,4.1203,1.2001,2.5841,4.2295,3.5703,2.8455,6.133,1.534,1.6219,3.2894,0.3029,2.2989,3.3836,5.1176,2.9734,1.0599,0.57987,2.7779,3.2805,1.2892,2.5145,2.9943,2.1422,2.1401,4.9656,1.4785,2.0851,4.3619,1.5258,1.6265,3.2921,1.389,2.9277,3.3715,0.47458,2.444,2.7517,0.9021,2.4556,2.9907,0.22592,2.6152,3.3414,1.6186,2.268,4.1346,0.47586,2.4423,2.7396,1.0413,2.1926,3.6452,1.393,1.8018,4.2915,0.3184,2.3076,3.3936,1.5277,1.6152,3.2893,0.47067,2.4443,2.7505,3.0743,2.8698,5.9979,1.9907,2.59,4.0249,1.9855,2.1854,4.6033,2.5906,2.775,5.2243,1.8944,1.9558,3.8941,1.2936,1.8011,3.6945,2.1547,2.1492,4.9832,1.3956,2.652,3.9926,1.0997,3.0806,2.9392,4.7127,2.9738,0.43042,1.2806,2.6916,4.355,1.9057,1.9496,3.8836,1.2626,2.6382,2.8832,0.42297,2.7674,3.0246,0.95409,2.8956,4.1448,0.61611,2.5241,2.6158,0.69132,1.9512,2.972,0.54289,2.4016,3.4145,1.5646,2.1791,4.2465,1.3061,2.6966,4.3754,0.61321,1.9609,3.0902,1.9835,1.885,3.8141,1.1923,1.8354,3.6542,2.4053,2.7092,4.9086,1.3742,1.5514,4.1605,1.3822,2.158,3.1695,0.62941,1.9644,3.0914,0.4734,2.4462,2.5848,1.6193,2.2719,4.1401,2.4153,2.7079,4.9305,0.62281,1.9668,3.0832,1.5679,1.7093,3.3311,0.49326,3.045,2.4,0.6024,2.5238,2.6091,2.9343,2.747,5.9203,6.2148,2.8696,2.5878,4.6782,2.9808,0.39322,2.3204,2.3917,3.7116,1.0077,3.0726,3.7997,1.4121,2.2849,3.5402,0.89691,3.0741,3.6882,2.3545,2.2328,3.7875,1.1909,1.83,3.6523,2.43,2.3424,4.5668,2.5633,2.6429,4.0324,1.2779,2.6797,4.3472,1.8938,1.9364,3.8857,1.1516,2.7678,3.6758,2.4165,2.4731,5.0436,1.609,2.6064,3.3308,2.1667,2.1939,4.1044,0.78475,1.9059,3.366,2.3217,2.407,3.7277,2.3262,2.4048,3.7238,2.1937,1.9112,4.9212,2.6365,2.2862,4.7905,2.3569,2.2361,3.7931,1.3784,1.5871,3.8439,2.4174,2.7101,4.9294,1.8929,1.9408,3.8896,0.77824,2.1358,3.9845,1.601,1.8157,4.2558,2.4163,2.7099,4.9316,1.447,2.3857,3.2616,5.9543,2.8873,2.2387,1.8542,1.7955,3.4868,1.9467,3.0039,4.264,2.0321,1.9512,4.7772,1.1202,2.5768,4.2918,1.8937,2.145,4.8597,1.6131,1.7788,3.9644,1.604,2.0098,3.3774,1.0389,2.7511,3.5866,0.93769,2.8185,3.8294,1.3963,2.4083,3.8525,1.136,2.7758,3.6567,1.8343,1.7678,4.0877,0.91739,2.459,2.7812,1.917,2.0742,4.3928,0.10763,2.79,2.8711,1.0816,1.9536,4.2651,0.96012,2.3272,3.0299,1.6402,2.3922,4.5862,0.97813,2.073,2.8476,0.73917,1.9903,2.7433,1.6097,1.7772,3.9674,0.92315,2.4565,2.7889,1.3761,1.5839,3.8375,2.7562,2.5848,4.6205,1.0843,2.1427,3.623,1.1331,2.7854,3.6605,1.9761,1.9825,4.4779,1.0774,1.9582,4.2612,1.8554,1.6569,3.4526,1.6629,2.4933,3.9995,2.1177,2.5491,4.9155,2.1478,2.3821,3.702,1.1869,3.0687,3.4163,1.448,1.4645,4.2272,0.63761,2.996,3.6358,1.6214,1.7376,4.2266,0.74153,1.9951,2.7401,0.69598,2.1941,3.9488,2.6825,2.5994,4.5327,1.9946,2.1212,3.4286,1.3898,2.9073,3.5404,1.0807,2.2029,3.6271,2.5344,2.0052,4.4777,1.4878,1.7322,4.4218,1.597,2.5891,3.5814,2.0599,2.301,4.0781,2.6951,2.3665,4.9915,0.4604,2.5286,2.9758
0.01498,0.0014994,8.5528,12.206,0.032236,24.739,1.5055,1.8343,4.1551,1.2708,2.2328,4.2238,1.2146,1.9788,4.2422,2.4793,2.6517,4.2883,0.85873,2.0497,4.2365,1.5185,2.5108,3.8946,3.065,2.8398,5.89,1.2072,1.9827,4.2352,1.7456,1.6972,4.2416,1.2878,2.2289,4.2454,0.85085,2.0628,4.2144,2.9206,2.8338,4.5268,5.6572,2.7593,1.4085,1.2745,2.8067,3.6598,0.94048,2.1461,3.0191,2.4954,2.0746,4.4782,1.4714,1.6673,3.913,0.6503,2.5868,3.8601,2.0134,1.7661,3.4844,1.0965,2.4292,3.1127,0.23834,2.2899,3.519,1.7793,1.679,3.3946,2.0602,2.8037,4.3539,1.787,1.6903,3.3984,1.4671,1.6575,3.9249,0.38764,2.1503,3.1746,2.064,2.3827,4.4236,1.4721,1.683,3.2019,0.82934,1.9014,2.76,3.0547,2.8418,5.8701,2.0167,1.7791,3.4891,1.0073,2.7228,2.8889,1.8245,2.5896,4.0179,0.64395,1.8927,2.7973,1.0663,2.4379,3.0735,1.9061,1.9196,4.5074,1.6901,1.6683,3.8939,0.51131,2.2009,3.7491,1.1844,2.4718,3.7667,0.97582,2.0868,3.2382,2.5826,2.3188,4.3386,2.0933,2.1768,4.7105,1.4861,1.6741,3.923,1.8962,1.9206,4.5009,1.5004,2.1928,3.266,0.80193,2.1034,3.1558,2.4257,2.3867,4.3374,1.9294,2.5931,4.8547,1.9068,2.6004,4.8276,2.571,2.3201,4.3307,1.2858,2.5072,3.9268,1.7011,2.2352,4.3148,1.9626,3.039,3.8998,0.53747,2.4682,2.5077,1.542,2.0648,4.6267,2.0337,3.0469,3.9758,0.36654,2.3879,3.3975,1.6599,1.6072,4.0784,0.70364,2.0336,3.0849,2.246,2.2458,4.6521,0.68054,2.5978,3.061,0.98158,2.0897,3.2399,0.10537,2.8905,1.9444,2.003,1.989,4.6055,2.5648,2.3217,4.3274,2.6383,2.3236,5.1599,2.0761,2.7836,4.3758,1.0829,1.8204,3.967,4.6359,2.9669,0.51662,0.87284,2.1197,3.0394,1.307,2.0913,4.2868,1.0506,2.0889,3.4879,2.2456,2.7327,4.504,1.7091,1.5767,4.1473,1.1722,2.5467,3.0938,0.76268,2.4357,3.7677,2.0601,1.9088,3.7187,1.582,2.4415,3.4539,1.6356,2.535,3.5993,1.6476,1.6479,4.2487,2.0448,2.78,4.5135,2.0677,2.7782,4.538,3.371,2.7785,6.1289,1.7095,1.5764,4.1466,1.7154,2.0015,3.4513,2.0835,2.9299,4.8825,1.1715,2.5487,3.1054,2.6272,2.4441,4.9743,1.0448,2.6021,4.067,1.5852,2.437,3.4589,1.1733,1.8149,4.0903,1.6638,1.6051,4.0779,1.7108,2.0017,3.4417,0.28312,2.9414,3.3326,2.8847,2.2991,4.5887,1.3137,1.9489,4.207,1.2769,2.6686,3.3721,1.4517,2.4546,3.3404,1.8488,1.9635,3.7036,1.9478,2.3656,3.9984,1.0837,2.2836,3.1807,2.5388,2.0318,5.141,1.2528,2.6695,3.339,1.4413,2.4654,3.3274,0.30293,2.9429,3.3502,0.66897,1.8146,2.8898,1.693,2.0134,4.4444,1.4659,1.8394,4.1282,5.5078,2.897,1.821,0.82122,2.114,2.7948,1.0387,2.6116,4.0693,2.175,2.5223,3.6179,2.6204,2.4394,4.9669,2.8124,2.6973,4.5286,2.1483,2.5204,4.5144,2.3491,2.107,4.2022,0.76863,2.0026,3.3403,0.35266,2.4668,2.9087,0.59822,2.1405,3.7098,2.382,2.4862,4.4393,0.77559,2.4596,2.8789,1.2537,1.5858,4.2864,1.695,2.0147,3.4434,6.2387,2.6873,1.9957,3.2486,2.9357,6.2445,0.77803,2.4469,2.9023,1.6618,1.6355,4.0826,1.4962,1.8721,3.1796,0.7542,2.4563,2.8702,2.166,2.349,4.9373,1.1585,2.5625,3.0901,1.0049,1.9634,3.5032,0.51694,1.978,3.264,1.7065,2.0142,3.4396,2.3858,2.0905,4.2049,2.1576,2.1551,4.9891,1.2842,1.7325,3.8102,0.68669,1.9785,2.7615,2.1583,2.1582,4.9947,2.3293,2.1969,4.479,1.5698,2.3297,3.9645,4.2775,2.9819,0.20696,1.9552,2.354,4.0002,0.83376,1.9601,4.1204,1.201,2.5845,4.2301,3.5721,2.8452,6.1348,1.5341,1.622,3.2895,0.30213,2.2989,3.3827,5.1169,2.9728,1.0594,0.58067,2.7778,3.2814,1.2901,2.5148,2.9949,2.1423,2.1397,4.965,1.4787,2.0847,4.3623,1.5258,1.6267,3.2922,1.3894,2.9276,3.3718,0.47551,2.4437,2.753,0.90142,2.4557,2.9905,0.22601,2.6151,3.3414,1.6188,2.2683,4.1349,0.47693,2.4421,2.7406,1.041,2.1935,3.6446,1.393,1.8016,4.2914,0.31818,2.3079,3.3932,1.5277,1.615,3.2894,0.47153,2.444,2.7517,3.0776,2.8698,6.0013,1.9901,2.5897,4.0246,1.986,2.1857,4.6038,2.5889,2.775,5.2224,1.8946,1.9555,3.8938,1.2936,1.8005,3.6948,2.1551,2.149,4.9832,1.3954,2.6518,3.9921,1.0991,3.0805,2.9385,4.7134,2.9733,0.43088,1.2815,2.6919,4.3559,1.9057,1.9493,3.8835,1.2632,2.6383,2.8839,0.42527,2.7671,3.0273,0.95467,2.8958,4.1453,0.6177,2.5242,2.6171,0.69109,1.9519,2.9713,0.5428,2.4018,3.414,1.5645,2.1792,4.2471,1.3078,2.697,4.3768,0.61244,1.9613,3.0892,1.9837,1.8846,3.8139,1.1922,1.8351,3.6546,2.4032,2.7087,4.9059,1.3741,1.5523,4.1601,1.3819,2.158,3.1693,0.62912,1.9649,3.0905,0.47382,2.446,2.5853,1.6195,2.2726,4.1406,2.4136,2.7074,4.9285,0.62231,1.9674,3.082,1.568,1.7091,3.3313,0.49222,3.0451,2.3986,0.60338,2.524,2.61,2.9353,2.7471,5.9215,6.2162,2.8699,2.5894,4.6782,2.9804,0.39296,2.3195,2.391,3.7103,1.0122,3.0722,3.8046,1.4111,2.2859,3.5393,0.89891,3.0739,3.6905,2.3541,2.2326,3.7868,1.1909,1.8294,3.6526,2.4301,2.3425,4.5671,2.5626,2.6433,4.0326,1.2784,2.6795,4.3475,1.8939,1.9354,3.885,1.1525,2.7669,3.6767,2.4154,2.4727,5.0419,1.6091,2.6059,3.3318,2.1666,2.1941,4.1045,0.78466,1.9061,3.3659,2.3209,2.4068,3.7268,2.3255,2.4045,3.7228,2.1941,1.912,4.9219,2.6362,2.2861,4.7904,2.3566,2.236,3.7926,1.3783,1.5871,3.8442,2.4158,2.7098,4.9275,1.893,1.94,3.8891,0.77819,2.1357,3.9853,1.601,1.8151,4.2556,2.4147,2.7095,4.9297,1.447,2.3855,3.2617,5.9553,2.8876,2.2399,1.854,1.7953,3.4871,1.9458,3.0032,4.2628,2.0328,1.9512,4.778,1.1208,2.5767,4.2924,1.8941,2.1448,4.8597,1.6131,1.7779,3.9643,1.6039,2.0098,3.377,1.0398,2.7503,3.5875,0.93857,2.8181,3.83,1.3969,2.4089,3.8528,1.1364,2.7751,3.657,1.8342,1.7667,4.0875,0.91753,2.4589,2.7815,1.9173,2.0745,4.3931,0.10888,2.7899,2.8723,1.0815,1.9535,4.2653,0.96056,2.327,3.0306,1.6405,2.3921,4.5861,0.97808,2.0726,2.848,0.73903,1.99,2.7433,1.6096,1.7763,3.9674,0.92346,2.4564,2.7894,1.3759,1.5837,3.8376,2.7558,2.5846,4.62,1.0843,2.1428,3.6228,1.1335,2.7849,3.6608,1.9761,1.9824,4.478,1.0771,1.958,4.2612,1.8555,1.6572,3.4527,1.663,2.4937,3.9995,2.1178,2.5488,4.9154,2.1476,2.3822,3.7017,1.1871,3.0685,3.4163,1.448,1.4644,4.2271,0.63819,2.9959,3.6365,1.6213,1.7372,4.2263,0.74143,1.995,2.7401,0.69617,2.1941,3.949,2.6824,2.5993,4.5325,1.9948,2.1211,3.4282,1.39,2.9068,3.5405,1.0806,2.2033,3.6268,2.5345,2.0055,4.478,1.4876,1.7321,4.4218,1.5967,2.589,3.5814,2.0598,2.3013,4.0783,2.6946,2.3663,4.9909,0.46094,2.5284,2.9765
0.01498,0.0014994,8.5528,12.206,0.03331,24.696,1.5049,1.8341,4.1545,1.2707,2.2331,4.2239,1.214,1.9785,4.2425,2.4787,2.6513,4.2879,0.85872,2.0494,4.2371,1.5184,2.5118,3.8946,3.0673,2.8398,5.8929,1.2064,1.9825,4.2353,1.7455,1.6965,4.2414,1.2881,2.229,4.2461,0.85063,2.0628,4.2144,2.9216,2.8338,4.5276,5.6553,2.7586,1.4064,1.2758,2.8053,3.6611,0.93989,2.1461,3.0189,2.4959,2.0756,4.4796,1.4714,1.6671,3.9133,0.64989,2.5875,3.8591,2.0137,1.7662,3.4847,1.0971,2.4286,3.1145,0.23702,2.2901,3.5172,1.779,1.6792,3.3949,2.0572,2.8028,4.3504,1.787,1.691,3.3987,1.4668,1.6569,3.9255,0.38733,2.1509,3.1735,2.0651,2.3837,4.4251,1.4721,1.6837,3.202,0.82926,1.9024,2.7596,3.0567,2.8418,5.8724,2.0172,1.7798,3.4898,1.007,2.7231,2.8891,1.8249,2.5897,4.0187,0.64438,1.8936,2.7972,1.0661,2.4376,3.0742,1.9064,1.9199,4.508,1.6905,1.6674,3.8939,0.51139,2.2009,3.7493,1.1841,2.4738,3.766,0.97465,2.0879,3.2369,2.5842,2.3197,4.3407,2.0941,2.178,4.7119,1.4864,1.6741,3.9235,1.8963,1.9208,4.5012,1.5009,2.1937,3.266,0.80103,2.1044,3.1544,2.4261,2.3874,4.3384,1.9289,2.5927,4.8534,1.9057,2.6007,4.8255,2.5723,2.321,4.3327,1.2858,2.5081,3.926,1.7017,2.2353,4.3156,1.9595,3.0381,3.8964,0.53874,2.4682,2.5089,1.5419,2.0653,4.6274,2.032,3.0461,3.974,0.36547,2.3885,3.3959,1.6599,1.6064,4.0782,0.70337,2.0341,3.0843,2.246,2.2459,4.6523,0.68262,2.5968,3.0636,0.98058,2.0909,3.2386,0.10446,2.8905,1.9433,2.0034,1.9892,4.6062,2.5657,2.3228,4.3291,2.6365,2.3228,5.1581,2.0736,2.7819,4.3732,1.083,1.8191,3.9679,4.6373,2.9656,0.51786,0.87224,2.1198,3.0387,1.3071,2.0909,4.2876,1.0504,2.089,3.4877,2.2429,2.7318,4.5009,1.7094,1.5758,4.1468,1.1732,2.5462,3.0948,0.76317,2.436,3.7676,2.0603,1.908,3.7179,1.5813,2.4416,3.4534,1.6346,2.5355,3.599,1.647,1.6467,4.2487,2.0422,2.7786,4.5105,2.0657,2.7768,4.5359,3.3716,2.7784,6.1294,1.7098,1.5755,4.1462,1.7159,2.0013,3.4512,2.0818,2.9295,4.881,1.1725,2.5484,3.1067,2.6268,2.444,4.9737,1.0455,2.602,4.0671,1.5846,2.4371,3.4585,1.1728,1.8153,4.09,1.6639,1.6041,4.0777,1.7111,2.0016,3.4414,0.28305,2.9412,3.3327,2.8852,2.2993,4.5896,1.3135,1.9488,4.2071,1.2782,2.6676,3.3742,1.4513,2.4544,3.3403,1.8491,1.9626,3.7027,1.9477,2.3666,3.9987,1.0832,2.2836,3.1805,2.5388,2.0311,5.1408,1.2535,2.6687,3.3404,1.4406,2.4655,3.3269,0.30337,2.9427,3.3506,0.66865,1.8149,2.8889,1.6926,2.0129,4.4452,1.4658,1.8384,4.1286,5.5067,2.8968,1.82,0.82128,2.1138,2.7952,1.0392,2.6119,4.0694,2.1753,2.5222,3.6176,2.6197,2.4392,4.966,2.8128,2.697,4.5289,2.1478,2.52,4.5137,2.3491,2.1072,4.2025,0.76869,2.0031,3.3399,0.35367,2.4665,2.9098,0.59797,2.1404,3.7097,2.3817,2.4854,4.4395,0.77663,2.4594,2.8799,1.2536,1.5859,4.2863,1.6948,2.015,3.4432,6.237,2.6872,1.9939,3.2498,2.9356,6.2459,0.77923,2.4463,2.9042,1.6618,1.6356,4.0824,1.4963,1.8724,3.1795,0.75466,2.456,2.871,2.1659,2.3491,4.9366,1.159,2.5625,3.0909,1.005,1.9634,3.5032,0.51641,1.9779,3.2643,1.7067,2.0144,3.4392,2.3858,2.0909,4.2052,2.1582,2.1551,4.9894,1.284,1.7318,3.8106,0.68684,1.9786,2.7617,2.1588,2.1583,4.9952,2.3296,2.1974,4.4797,1.5698,2.331,3.9646,4.2798,2.9809,0.2091,1.9551,2.3546,4.0003,0.83356,1.96,4.1204,1.202,2.5849,4.2307,3.574,2.8449,6.1367,1.5341,1.6221,3.2896,0.30138,2.299,3.3817,5.1163,2.9721,1.0588,0.58147,2.7775,3.2824,1.2909,2.515,2.9955,2.1424,2.1393,4.9646,1.4788,2.0843,4.3627,1.5259,1.6268,3.2924,1.3898,2.9274,3.3721,0.47643,2.4435,2.7543,0.90076,2.4557,2.9903,0.22608,2.615,3.3413,1.6191,2.2687,4.1353,0.47797,2.442,2.7415,1.0407,2.1944,3.6441,1.3929,1.8013,4.2914,0.31794,2.3081,3.3927,1.5276,1.6149,3.2895,0.47238,2.4438,2.753,3.0809,2.8697,6.0048,1.9895,2.5894,4.0242,1.9865,2.186,4.6044,2.5871,2.775,5.2204,1.8947,1.9551,3.8934,1.2936,1.8,3.6951,2.1555,2.1488,4.9833,1.3952,2.6516,3.9916,1.0985,3.0803,2.9378,4.7141,2.9728,0.43134,1.2824,2.6922,4.3567,1.9058,1.949,3.8835,1.2637,2.6384,2.8845,0.42754,2.7668,3.03,0.95526,2.8959,4.1459,0.61928,2.5243,2.6184,0.69084,1.9525,2.9706,0.5427,2.4019,3.4136,1.5644,2.1793,4.2478,1.3094,2.6973,4.3782,0.61167,1.9617,3.0882,1.9838,1.8842,3.8138,1.1922,1.8347,3.6549,2.4011,2.7082,4.9032,1.374,1.5533,4.1597,1.3816,2.1581,3.1691,0.62884,1.9655,3.0896,0.47425,2.4459,2.5859,1.6198,2.2733,4.141,2.4119,2.7068,4.9265,0.62182,1.9681,3.0808,1.5681,1.709,3.3314,0.49118,3.0453,2.3973,0.60435,2.5241,2.6108,2.9363,2.7471,5.9227,6.2176,2.8701,2.591,4.6781,2.9801,0.39272,2.3187,2.3904,3.7088,1.0165,3.0719,3.8092,1.4101,2.287,3.5384,0.9009,3.0737,3.6929,2.3537,2.2325,3.786,1.1908,1.8288,3.6529,2.4302,2.3427,4.5674,2.562,2.6438,4.0327,1.279,2.6794,4.3478,1.894,1.9344,3.8843,1.1534,2.7659,3.6775,2.4142,2.4722,5.0402,1.6091,2.6053,3.3329,2.1665,2.1944,4.1046,0.78456,1.9062,3.3657,2.32,2.4067,3.7259,2.3247,2.4043,3.7218,2.1945,1.9128,4.9226,2.6358,2.2859,4.7903,2.3563,2.2359,3.792,1.3782,1.5871,3.8446,2.4142,2.7094,4.9255,1.8931,1.9392,3.8885,0.77814,2.1355,3.9862,1.601,1.8144,4.2555,2.4131,2.709,4.9278,1.4471,2.3854,3.2617,5.9562,2.8878,2.241,1.8539,1.7951,3.4875,1.9448,3.0024,4.2616,2.0334,1.9513,4.7788,1.1215,2.5766,4.293,1.8945,2.1446,4.8596,1.6131,1.7771,3.9643,1.6039,2.0098,3.3765,1.0407,2.7494,3.5883,0.93945,2.8176,3.8307,1.3975,2.4095,3.8531,1.1369,2.7743,3.6572,1.834,1.7657,4.0873,0.91769,2.4588,2.7818,1.9175,2.0747,4.3933,0.11012,2.7896,2.8734,1.0813,1.9532,4.2654,0.96098,2.3266,3.0313,1.6407,2.392,4.5861,0.97803,2.0721,2.8484,0.73889,1.9897,2.7433,1.6095,1.7754,3.9674,0.92376,2.4563,2.7899,1.3758,1.5836,3.8376,2.7553,2.5845,4.6195,1.0843,2.143,3.6227,1.1339,2.7844,3.6612,1.9761,1.9822,4.478,1.0769,1.9579,4.2613,1.8556,1.6573,3.4528,1.663,2.494,3.9995,2.118,2.5486,4.9151,2.1473,2.3823,3.7014,1.1872,3.0683,3.4164,1.4481,1.4644,4.2269,0.63875,2.9958,3.6372,1.6212,1.7367,4.2261,0.74133,1.9949,2.74,0.69635,2.1941,3.9491,2.6822,2.5992,4.5324,1.9949,2.1208,3.4279,1.3902,2.9063,3.5406,1.0806,2.2037,3.6266,2.5346,2.0057,4.4783,1.4875,1.732,4.4218,1.5963,2.5889,3.5814,2.0597,2.3018,4.0786,2.6941,2.366,4.9902,0.46147,2.5283,2.9771
0.01498,0.0014994,8.5528,12.206,0.034385,24.617,1.5042,1.8338,4.1538,1.2705,2.2333,4.2241,1.2134,1.9782,4.2428,2.4781,2.6509,4.2875,0.85869,2.0491,4.2376,1.5183,2.5127,3.8946,3.0696,2.8398,5.8958,1.2056,1.9822,4.2354,1.7455,1.6958,4.2412,1.2885,2.2291,4.2468,0.85042,2.0629,4.2144,2.9226,2.8337,4.5283,5.6534,2.758,1.4042,1.277,2.8039,3.6624,0.93929,2.1462,3.0186,2.4965,2.0766,4.481,1.4714,1.6668,3.9137,0.64948,2.5882,3.8581,2.0139,1.7664,3.4851,1.0978,2.428,3.1163,0.23566,2.2903,3.5154,1.7788,1.6794,3.3952,2.0542,2.8018,4.3469,1.787,1.6917,3.399,1.4666,1.6563,3.9262,0.38702,2.1516,3.1724,2.0663,2.3848,4.4266,1.472,1.6843,3.2021,0.82918,1.9035,2.7591,3.0587,2.8418,5.8748,2.0178,1.7805,3.4905,1.0067,2.7234,2.8892,1.8252,2.5899,4.0194,0.64483,1.8945,2.7972,1.0658,2.4373,3.0749,1.9067,1.9201,4.5085,1.6909,1.6664,3.894,0.51147,2.201,3.7495,1.1837,2.4757,3.7652,0.97343,2.0891,3.2355,2.5859,2.3205,4.3429,2.095,2.1793,4.7134,1.4868,1.6741,3.924,1.8964,1.9211,4.5015,1.5014,2.1946,3.2659,0.8001,2.1054,3.1529,2.4265,2.388,4.3394,1.9283,2.5923,4.852,1.9046,2.6009,4.8234,2.5736,2.322,4.3347,1.2857,2.5091,3.9252,1.7024,2.2355,4.3164,1.9565,3.0371,3.893,0.54005,2.4681,2.5101,1.5418,2.0658,4.628,2.0304,3.0452,3.9721,0.36442,2.3896,3.3947,1.6599,1.6056,4.078,0.70309,2.0345,3.0837,2.246,2.2461,4.6524,0.68476,2.5958,3.0662,0.97948,2.0921,3.2371,0.10355,2.8905,1.9421,2.0037,1.9893,4.607,2.5667,2.3239,4.3309,2.6353,2.3219,5.1564,2.0711,2.7803,4.3706,1.0832,1.8178,3.9688,4.639,2.9641,0.51953,0.87158,2.1198,3.038,1.3072,2.0905,4.2884,1.0502,2.089,3.4875,2.2402,2.7308,4.4977,1.7098,1.5748,4.1463,1.1743,2.5457,3.0957,0.76368,2.4363,3.7675,2.0606,1.9072,3.7171,1.5805,2.4417,3.4528,1.6335,2.5359,3.5988,1.6464,1.6454,4.2486,2.0395,2.7772,4.5075,2.0636,2.7753,4.5337,3.3721,2.7783,6.1298,1.7102,1.5745,4.1457,1.7164,2.0011,3.4511,2.0799,2.9291,4.8793,1.1734,2.548,3.1079,2.6263,2.4439,4.9731,1.0463,2.6019,4.0672,1.584,2.4371,3.4582,1.1722,1.8155,4.0898,1.664,1.6032,4.0774,1.7114,2.0014,3.4411,0.28301,2.941,3.3327,2.8856,2.2994,4.5905,1.3134,1.9487,4.2073,1.2795,2.6665,3.3764,1.4509,2.4542,3.3403,1.8494,1.9616,3.7018,1.9476,2.3677,3.9989,1.0828,2.2836,3.1802,2.5388,2.0304,5.1405,1.2529,2.6679,3.3416,1.4399,2.4657,3.3265,0.30381,2.9426,3.351,0.66832,1.8152,2.888,1.6922,2.0123,4.446,1.4657,1.8373,4.129,5.5056,2.8967,1.819,0.82134,2.1135,2.7957,1.0397,2.6122,4.0695,2.1756,2.5221,3.6173,2.619,2.439,4.9651,2.8132,2.6967,4.5292,2.1472,2.5197,4.513,2.349,2.1074,4.2028,0.76874,2.0036,3.3396,0.35468,2.4662,2.9109,0.59771,2.1404,3.7095,2.3814,2.4846,4.4398,0.77768,2.4592,2.8809,1.2535,1.586,4.2863,1.6945,2.0153,3.4429,6.2354,2.6871,1.9922,3.2509,2.9355,6.2472,0.78042,2.4456,2.906,1.6619,1.6356,4.0822,1.4964,1.8727,3.1794,0.75514,2.4557,2.8718,2.1658,2.3491,4.936,1.1596,2.5625,3.0917,1.0051,1.9634,3.5032,0.5159,1.9779,3.2646,1.7069,2.0146,3.4389,2.3858,2.0912,4.2055,2.1586,2.1551,4.9897,1.2838,1.731,3.8109,0.68698,1.9786,2.7619,2.1594,2.1584,4.9956,2.33,2.1978,4.4804,1.5699,2.3323,3.9646,4.282,2.98,0.21122,1.9551,2.3552,4.0005,0.83337,1.9599,4.1204,1.2029,2.5854,4.2313,3.5758,2.8446,6.1385,1.5342,1.6222,3.2897,0.30062,2.299,3.3808,5.1157,2.9714,1.0583,0.58227,2.7773,3.2834,1.2917,2.5153,2.9961,2.1425,2.1389,4.9641,1.479,2.0839,4.3631,1.5259,1.627,3.2926,1.3902,2.9273,3.3725,0.47733,2.4433,2.7555,0.90011,2.4557,2.9901,0.22614,2.6149,3.3413,1.6193,2.2691,4.1356,0.47897,2.4418,2.7424,1.0405,2.1953,3.6435,1.3929,1.8011,4.2913,0.31771,2.3084,3.3922,1.5276,1.6148,3.2896,0.4732,2.4437,2.7541,3.084,2.8696,6.0082,1.989,2.5891,4.0239,1.9871,2.1862,4.6049,2.5854,2.7749,5.2184,1.8948,1.9547,3.893,1.2936,1.7994,3.6953,2.1559,2.1486,4.9834,1.395,2.6513,3.9912,1.0979,3.0802,2.937,4.7148,2.9723,0.43179,1.2833,2.6924,4.3575,1.9058,1.9487,3.8835,1.2643,2.6385,2.8852,0.42979,2.7666,3.0326,0.95586,2.896,4.1464,0.62084,2.5244,2.6197,0.6906,1.9531,2.97,0.54262,2.4021,3.4131,1.5643,2.1793,4.2484,1.311,2.6977,4.3795,0.61091,1.9621,3.0872,1.984,1.8838,3.8137,1.1922,1.8343,3.6552,2.3991,2.7076,4.9006,1.3738,1.5542,4.1592,1.3813,2.1581,3.1689,0.62856,1.9661,3.0887,0.47466,2.4458,2.5865,1.62,2.2739,4.1414,2.4103,2.7062,4.9246,0.62132,1.9687,3.0796,1.5683,1.7088,3.3316,0.49013,3.0455,2.396,0.60531,2.5242,2.6117,2.9373,2.7472,5.9239,6.2189,2.8702,2.5926,4.6781,2.9798,0.39248,2.3178,2.3897,3.7074,1.0208,3.0715,3.8139,1.4092,2.2881,3.5376,0.90286,3.0735,3.6952,2.3532,2.2323,3.7853,1.1908,1.8283,3.6532,2.4303,2.3429,4.5676,2.5613,2.6443,4.0329,1.2796,2.6793,4.3482,1.8941,1.9334,3.8837,1.1543,2.7649,3.6783,2.4131,2.4718,5.0385,1.6092,2.6048,3.334,2.1665,2.1946,4.1047,0.78447,1.9063,3.3655,2.3192,2.4066,3.7251,2.324,2.404,3.7208,2.1948,1.9135,4.9232,2.6355,2.2857,4.7902,2.356,2.2359,3.7915,1.3782,1.5871,3.8449,2.4126,2.709,4.9236,1.8932,1.9384,3.888,0.77809,2.1353,3.987,1.601,1.8138,4.2554,2.4116,2.7085,4.926,1.4471,2.3853,3.2617,5.9572,2.888,2.2422,1.8537,1.7949,3.4879,1.9439,3.0017,4.2604,2.034,1.9513,4.7796,1.1221,2.5766,4.2937,1.8948,2.1445,4.8596,1.6131,1.7762,3.9642,1.6039,2.0098,3.376,1.0416,2.7485,3.5892,0.94029,2.8172,3.8313,1.3981,2.41,3.8534,1.1373,2.7736,3.6575,1.8338,1.7647,4.0871,0.91784,2.4588,2.7821,1.9178,2.0749,4.3936,0.11133,2.7894,2.8746,1.0811,1.953,4.2656,0.96138,2.3263,3.032,1.641,2.3919,4.5861,0.97798,2.0716,2.8488,0.73875,1.9894,2.7433,1.6094,1.7746,3.9673,0.92406,2.4561,2.7904,1.3756,1.5835,3.8377,2.7549,2.5843,4.6191,1.0843,2.1432,3.6225,1.1343,2.7839,3.6616,1.9761,1.9821,4.4781,1.0766,1.9578,4.2613,1.8557,1.6575,3.4529,1.663,2.4944,3.9995,2.1182,2.5485,4.9149,2.1471,2.3823,3.7011,1.1874,3.0681,3.4164,1.4482,1.4643,4.2267,0.63929,2.9956,3.6378,1.6211,1.7362,4.2259,0.74123,1.9948,2.7399,0.69653,2.1941,3.9493,2.682,2.5991,4.5322,1.995,2.1206,3.4276,1.3905,2.9057,3.5407,1.0806,2.204,3.6263,2.5347,2.0059,4.4786,1.4874,1.7319,4.4218,1.5959,2.5887,3.5814,2.0596,2.3022,4.0788,2.6936,2.3658,4.9896,0.46199,2.5282,2.9777
5.9772,0.91041,437.23,2.544,0.0089241,958.09,1.5229,1.8372,4.1733,1.2788,2.2255,4.2227,1.2309,1.9874,4.2325,2.4993,2.6622,4.3033,0.85758,2.0618,4.2176,1.5202,2.4831,3.8932,3.0053,2.8386,5.8151,1.2291,1.9891,4.2335,1.7473,1.7181,4.2481,1.2777,2.227,4.2249,0.8577,2.0624,4.2152,2.8927,2.8353,4.5074,5.7106,2.7764,1.4682,1.2369,2.8443,3.6217,0.95784,2.1455,3.0237,2.484,2.0503,4.4444,1.4722,1.6772,3.9047,0.66008,2.5693,3.8855,2.0056,1.7622,3.4737,1.0726,2.4468,3.0556,0.27198,2.2849,3.563,1.7855,1.6723,3.3872,2.1438,2.8258,4.4502,1.7865,1.6692,3.3903,1.4772,1.6748,3.9063,0.39617,2.1326,3.2055,2.0346,2.3539,4.3851,1.4744,1.6655,3.1995,0.83183,1.8725,2.7741,3.0065,2.8412,5.8135,2.0058,1.7604,3.4749,1.0063,2.7164,2.8794,1.8176,2.5889,4.0014,0.63101,1.868,2.798,1.071,2.4458,3.0525,1.8972,1.9136,4.4929,1.6789,1.6962,3.8957,0.50991,2.2007,3.7455,1.1943,2.4186,3.7875,1.0056,2.0591,3.2719,2.5456,2.297,4.289,2.0676,2.1481,4.6757,1.4786,1.6761,3.9104,1.8964,1.9169,4.4931,1.4909,2.1704,3.268,0.8235,2.0793,3.1894,2.4183,2.3701,4.3131,1.9479,2.6021,4.894,1.9395,2.5952,4.8828,2.5455,2.2967,4.2884,1.2877,2.486,3.9474,1.6864,2.231,4.2935,2.0676,3.0628,4.0116,0.50129,2.4698,2.4741,1.5422,2.0557,4.6057,2.0811,3.0662,4.0283,0.39238,2.3738,3.4388,1.6609,1.6314,4.0829,0.71042,2.0215,3.1,2.243,2.2402,4.6452,0.62323,2.6188,2.9948,1.0054,2.0625,3.2727,0.1369,2.8903,1.9815,1.9948,1.9848,4.5876,2.5458,2.2975,4.2908,2.6787,2.3381,5.2019,2.1479,2.823,4.4516,1.0799,1.8514,3.9444,4.6158,2.9996,0.50319,0.88809,2.1178,3.0559,1.3065,2.1001,4.2648,1.0563,2.0872,3.4944,2.3176,2.756,4.5888,1.7011,1.6014,4.1587,1.143,2.5574,3.0659,0.7496,2.4247,3.7701,2.054,1.9295,3.7398,1.5999,2.4375,3.4683,1.6621,2.5209,3.6077,1.659,1.68,4.25,2.1126,2.811,4.5894,2.1169,2.8116,4.5907,3.3505,2.782,6.1117,1.7005,1.6013,4.1587,1.7024,2.0059,3.4533,2.1314,2.9381,4.9262,1.1446,2.5578,3.0694,2.6395,2.4471,4.9907,1.0221,2.6029,4.0646,1.6018,2.4362,3.4685,1.1848,1.7968,4.1027,1.6608,1.631,4.0844,1.7022,2.0056,3.4522,0.28567,2.9473,3.3324,2.8714,2.2925,4.5619,1.318,1.9516,4.2047,1.2467,2.6889,3.3194,1.4634,2.458,3.3426,1.8406,1.9858,3.7263,1.951,2.336,3.9922,1.097,2.2828,3.1892,2.5401,2.05,5.1498,1.2416,2.6897,3.312,1.4623,2.4595,3.3406,0.28741,2.9477,3.3348,0.67773,1.8069,2.9137,1.701,2.0278,4.4208,1.4681,1.8644,4.1191,5.5398,2.9019,1.8522,0.81917,2.1227,2.7797,1.0221,2.604,4.0655,2.1522,2.5237,3.6213,2.6406,2.4444,4.9917,2.8019,2.7058,4.521,2.1642,2.5301,4.5362,2.3489,2.1019,4.1939,0.76649,1.989,3.3504,0.32511,2.4746,2.8804,0.60408,2.1405,3.7136,2.3854,2.5098,4.4298,0.7479,2.4651,2.8508,1.2557,1.581,4.2878,1.701,2.006,3.4516,0.031939,2.6893,2.0472,3.2115,2.9386,6.2025,0.74238,2.4643,2.85,1.6599,1.6339,4.0879,1.494,1.8644,3.1824,0.74098,2.465,2.8468,2.1688,2.3474,4.9556,1.143,2.562,3.0678,1.0026,1.9643,3.5033,0.5313,1.9787,3.257,1.7005,2.0072,3.4509,2.3868,2.0794,4.1962,2.1417,2.1551,4.9794,1.2899,1.7545,3.8002,0.68297,1.9772,2.7557,2.1414,2.155,4.9804,2.3184,2.1845,4.4599,1.567,2.2886,3.9626,4.1945,3.0095,0.12789,1.955,2.3364,3.9949,0.83764,1.9645,4.1171,1.1734,2.5719,4.2141,3.5143,2.8538,6.077,1.5325,1.6174,3.2868,0.32377,2.2968,3.4095,5.1433,2.9911,1.0832,0.55512,2.7841,3.2514,1.2646,2.5063,2.9763,2.1415,2.1527,4.9807,1.4747,2.0949,4.3499,1.5253,1.6224,3.2876,1.3808,2.9301,3.3658,0.44937,2.4505,2.7173,0.92447,2.4541,2.9989,0.22187,2.6182,3.3409,1.6122,2.2559,4.1257,0.44503,2.4477,2.7108,1.0484,2.1687,3.6607,1.3946,1.8085,4.2926,0.32499,2.2986,3.4097,1.5283,1.6174,3.2867,0.44535,2.4507,2.7146,2.9773,2.8697,5.8951,2.0081,2.5987,4.0359,1.9699,2.1772,4.5869,2.6353,2.7747,5.2748,1.8893,1.9662,3.9044,1.2946,1.8176,3.6878,2.1431,2.1544,4.9809,1.4021,2.6578,4.0095,1.1057,3.0861,2.9478,4.692,2.9866,0.41635,1.2547,2.6831,4.3313,1.904,1.9588,3.8862,1.2446,2.6364,2.8631,0.35466,2.7734,2.9465,0.93883,2.8893,4.1319,0.57039,2.5213,2.578,0.69847,1.9325,2.9929,0.54827,2.3947,3.4313,1.5676,2.1753,4.2271,1.2549,2.6851,4.3346,0.63514,1.9482,3.119,1.9784,1.8978,3.8191,1.1935,1.8476,3.645,2.4668,2.7234,4.9874,1.3776,1.5214,4.1727,1.3907,2.1562,3.1755,0.63797,1.9478,3.1185,0.45964,2.4505,2.5659,1.6134,2.2529,4.1275,2.4648,2.723,4.9875,0.63631,1.9488,3.1171,1.565,1.7148,3.3273,0.52333,3.0394,2.4383,0.57152,2.521,2.581,2.9057,2.7436,5.8857,6.1708,2.8636,2.5364,4.6804,2.9896,0.40236,2.348,2.4082,3.7553,0.86096,3.0817,3.643,1.4393,2.2536,3.5643,0.8361,3.0797,3.618,2.3693,2.2381,3.8109,1.1924,1.8476,3.6439,2.4258,2.3373,4.5581,2.5817,2.6261,4.0284,1.2606,2.684,4.3373,1.8902,1.9642,3.9057,1.1219,2.7975,3.6471,2.4519,2.4856,5.094,1.6045,2.6216,3.2974,2.1687,2.1865,4.1013,0.78766,1.9026,3.3731,2.3485,2.41,3.7541,2.3494,2.4118,3.7554,2.1849,1.8869,4.9014,2.6461,2.2907,4.7931,2.3668,2.2397,3.8109,1.3819,1.5867,3.8348,2.4659,2.7207,4.9896,1.8899,1.9647,3.9059,0.77981,2.1423,3.9606,1.6013,1.8352,4.2584,2.4666,2.723,4.9901,1.4457,2.3892,3.2607,5.9263,2.8804,2.2052,1.8592,1.8007,3.4758,1.9767,3.0246,4.3002,2.0132,1.9501,4.7526,1.0984,2.5794,4.2706,1.8815,2.1515,4.8609,1.6133,1.8041,3.9667,1.6048,2.0109,3.3941,1.0087,2.7775,3.558,0.90845,2.8326,3.8065,1.3781,2.3899,3.844,1.1197,2.7988,3.6448,1.8378,1.7986,4.094,0.91228,2.4611,2.7718,1.9101,2.0687,4.3851,0.068118,2.7964,2.8333,1.0866,1.9613,4.2604,0.9469,2.3371,3.0083,1.6325,2.3956,4.5868,0.97941,2.0887,2.834,0.74391,1.9996,2.7435,1.6125,1.8037,3.9687,0.91304,2.4605,2.7727,1.3809,1.587,3.8364,2.7728,2.5901,4.6381,1.0851,2.1379,3.6269,1.1188,2.8004,3.6473,1.9762,1.9875,4.4771,1.0842,1.9626,4.2594,1.8533,1.6502,3.4503,1.6623,2.4801,3.9991,2.1118,2.5544,4.9232,2.1555,2.381,3.71,1.1833,3.0745,3.4158,1.4465,1.4659,4.2329,0.61792,3.0,3.613,1.6252,1.7528,4.2343,0.74489,1.9982,2.7429,0.68976,2.1944,3.9438,2.6891,2.6028,4.5379,1.9914,2.1287,3.4394,1.3821,2.923,3.537,1.0822,2.1924,3.6358,2.5311,1.9994,4.4685,1.4912,1.7353,4.4228,1.6096,2.5917,3.5819,2.063,2.2873,4.0721,2.7119,2.3735,5.0123,0.44331,2.5317,2.9561
5.9772,0.91041,437.23,2.544,0.017848,1110.2,1.52,1.8369,4.1703,1.2798,2.2265,4.224,1.229,1.9872,4.2317,2.4979,2.6601,4.3033,0.85696,2.0612,4.2206,1.5197,2.4853,3.8929,3.008,2.8385,5.8195,1.2268,1.9892,4.2335,1.7457,1.7161,4.2476,1.2793,2.2274,4.2283,0.85578,2.0639,4.2143,2.8986,2.8349,4.5096,5.7018,2.7733,1.4592,1.2406,2.8387,3.625,0.95654,2.1473,3.0234,2.4857,2.0524,4.4476,1.4711,1.6762,3.9045,0.66084,2.5714,3.8834,2.0065,1.7626,3.4762,1.0757,2.4435,3.0625,0.26731,2.2862,3.5558,1.7839,1.6726,3.388,2.1324,2.8223,4.4398,1.7861,1.6705,3.3918,1.4777,1.6724,3.9079,0.39589,2.135,3.2033,2.0378,2.3575,4.3885,1.4747,1.6671,3.2003,0.8301,1.8762,2.7703,3.0071,2.841,5.8159,2.0058,1.7624,3.4779,1.0063,2.7178,2.881,1.8174,2.5882,4.0029,0.63067,1.8707,2.7953,1.0711,2.4441,3.0554,1.8963,1.913,4.4935,1.6787,1.6943,3.8956,0.51039,2.2006,3.7476,1.1955,2.425,3.7869,1.0033,2.0637,3.2686,2.5503,2.3003,4.2947,2.0696,2.1533,4.6803,1.479,1.6758,3.9122,1.8957,1.9178,4.4944,1.492,2.1735,3.2678,0.82243,2.0845,3.1859,2.4201,2.3712,4.3163,1.9485,2.6002,4.8929,1.9374,2.5958,4.8796,2.5492,2.2991,4.2945,1.2885,2.4877,3.9457,1.688,2.2312,4.2961,2.0697,3.0596,4.0126,0.50595,2.4693,2.4785,1.5407,2.0576,4.6058,2.0805,3.0637,4.0261,0.38867,2.3756,3.4346,1.6603,1.6295,4.0826,0.71042,2.0253,3.0984,2.2417,2.2425,4.6463,0.62663,2.615,2.9997,1.0033,2.0675,3.2696,0.14102,2.8907,1.9839,1.9957,1.9871,4.591,2.5495,2.3009,4.2963,2.675,2.336,5.1998,2.135,2.8154,4.4392,1.0812,1.8496,3.9465,4.6162,2.9952,0.50317,0.8876,2.1205,3.0542,1.3081,2.0981,4.2678,1.0576,2.0885,3.495,2.3101,2.7536,4.5808,1.702,1.6011,4.1577,1.1474,2.5542,3.069,0.75178,2.4252,3.7695,2.0562,1.9268,3.7367,1.598,2.4394,3.4665,1.6596,2.5227,3.6066,1.6566,1.677,4.2503,2.1008,2.8062,4.5774,2.1099,2.8066,4.5831,3.3507,2.7808,6.1117,1.7022,1.6008,4.1578,1.7046,2.0055,3.453,2.1272,2.9376,4.9223,1.1485,2.5559,3.0738,2.6377,2.4474,4.9886,1.0225,2.6036,4.0641,1.6002,2.4367,3.4671,1.1811,1.7984,4.1014,1.6607,1.6276,4.0838,1.7035,2.0053,3.4516,0.27951,2.9459,3.3275,2.8761,2.2919,4.5659,1.3182,1.9521,4.205,1.2512,2.6846,3.3259,1.4607,2.4561,3.342,1.841,1.9829,3.7245,1.9499,2.3402,3.9936,1.0954,2.2835,3.1883,2.5396,2.0483,5.1496,1.2419,2.688,3.314,1.4589,2.4591,3.3393,0.28554,2.9478,3.3325,0.67782,1.81,2.9084,1.6998,2.0254,4.4237,1.4688,1.8613,4.1211,5.534,2.9016,1.8478,0.81907,2.1231,2.7809,1.0222,2.6056,4.0642,2.1555,2.5232,3.6217,2.6371,2.4424,4.987,2.8076,2.7049,4.5255,2.1622,2.5277,4.5349,2.349,2.1021,4.1958,0.76725,1.9918,3.3493,0.33204,2.4731,2.8873,0.60395,2.1409,3.7131,2.3847,2.5055,4.4313,0.75519,2.4642,2.8561,1.2555,1.5804,4.2881,1.7001,2.0065,3.4525,0.1923,2.6893,2.0427,3.2216,2.9382,6.213,0.74824,2.4602,2.859,1.6593,1.634,4.087,1.4949,1.8663,3.1816,0.74373,2.4633,2.8508,2.1686,2.3465,4.9527,1.1457,2.5615,3.0701,1.005,1.9661,3.503,0.52795,1.9799,3.2579,1.7013,2.007,3.4506,2.3886,2.0798,4.197,2.144,2.1562,4.9812,1.2901,1.7521,3.8025,0.68383,1.9786,2.7554,2.1438,2.1581,4.9826,2.3201,2.1864,4.4644,1.5675,2.2931,3.9629,4.2028,3.0073,0.13446,1.9546,2.3394,3.9952,0.83525,1.9647,4.1169,1.1763,2.5746,4.2162,3.5209,2.8519,6.0839,1.5339,1.6181,3.2877,0.32073,2.2964,3.4051,5.1529,2.9883,1.091,0.55783,2.7824,3.2554,1.2668,2.5069,2.9785,2.1428,2.1506,4.9777,1.4769,2.0941,4.3524,1.5253,1.6235,3.2897,1.3859,2.9297,3.3685,0.45418,2.4501,2.7235,0.9224,2.4529,2.9982,0.22178,2.6181,3.3404,1.6141,2.2596,4.1286,0.45147,2.4468,2.7149,1.0479,2.1719,3.659,1.3945,1.8082,4.2915,0.32425,2.299,3.4088,1.5274,1.6175,3.2871,0.44933,2.4502,2.7201,2.9831,2.8692,5.9025,2.0052,2.596,4.035,1.9718,2.1784,4.5882,2.6286,2.7738,5.2687,1.8893,1.9644,3.903,1.2961,1.8145,3.6889,2.1447,2.1539,4.9798,1.4009,2.6543,4.0086,1.0925,3.0863,2.9329,4.6939,2.9841,0.41779,1.2541,2.6838,4.3297,1.9055,1.9582,3.8891,1.2461,2.6371,2.8648,0.36114,2.772,2.9551,0.94076,2.8896,4.1336,0.57433,2.5228,2.5799,0.69713,1.9379,2.9886,0.55068,2.3951,3.4312,1.5686,2.1755,4.2287,1.26,2.687,4.3393,0.63184,1.951,3.1145,1.9788,1.8956,3.8185,1.1938,1.8472,3.6467,2.4568,2.7215,4.9749,1.378,1.5232,4.1709,1.3899,2.1565,3.1751,0.63741,1.9508,3.1139,0.46097,2.4499,2.5673,1.6149,2.256,4.13,2.458,2.7205,4.9802,0.63467,1.9522,3.1121,1.567,1.7163,3.3283,0.53333,3.04,2.4461,0.57424,2.5218,2.5825,2.9097,2.7435,5.891,6.1694,2.8655,2.5371,4.6807,2.9879,0.40115,2.3457,2.404,3.7512,0.88336,3.0798,3.668,1.4348,2.2572,3.5602,0.8468,3.0787,3.6314,2.3701,2.2377,3.8087,1.1926,1.8451,3.6452,2.4247,2.3381,4.559,2.5786,2.6272,4.0286,1.2642,2.6829,4.3409,1.8895,1.9602,3.9034,1.1239,2.7943,3.6485,2.4471,2.4835,5.087,1.5998,2.6182,3.2973,2.1684,2.187,4.1015,0.78801,1.9035,3.3737,2.3475,2.4091,3.7515,2.346,2.411,3.7504,2.1884,1.8915,4.9054,2.6428,2.2896,4.7921,2.3666,2.2408,3.8097,1.3832,1.5878,3.836,2.455,2.7188,4.9776,1.8896,1.9618,3.9037,0.77956,2.1422,3.9654,1.6007,1.8332,4.2577,2.4611,2.721,4.9843,1.4469,2.3874,3.2621,5.9285,2.8816,2.2091,1.8579,1.7998,3.4789,1.9717,3.02,4.2931,2.0147,1.9514,4.7564,1.1004,2.5794,4.2725,1.884,2.1534,4.8619,1.613,1.8,3.9664,1.6055,2.0116,3.3934,1.0131,2.7728,3.5616,0.91268,2.8295,3.8103,1.3823,2.3939,3.8469,1.1196,2.7956,3.6435,1.8355,1.7936,4.0934,0.91268,2.4608,2.7727,1.9114,2.0701,4.3869,0.072593,2.7947,2.8379,1.0856,1.9615,4.2603,0.95031,2.3348,3.0132,1.6334,2.3953,4.5869,0.97963,2.0872,2.8365,0.74276,1.9997,2.7426,1.6114,1.7998,3.9684,0.91386,2.4598,2.7749,1.3796,1.5871,3.837,2.7718,2.5891,4.6366,1.086,2.1398,3.6255,1.1203,2.797,3.6483,1.9767,1.9878,4.4791,1.0818,1.9629,4.2587,1.854,1.6499,3.451,1.6624,2.4813,3.9992,2.1137,2.5525,4.9233,2.154,2.3826,3.7071,1.188,3.0729,3.4202,1.4476,1.4662,4.2315,0.62121,2.9995,3.6178,1.625,1.7506,4.2336,0.74432,1.9985,2.7425,0.69018,2.1947,3.9447,2.6876,2.6026,4.5379,1.993,2.1283,3.4385,1.3835,2.919,3.5378,1.0829,2.1957,3.6341,2.5319,2.0009,4.4697,1.4903,1.735,4.4231,1.6059,2.5897,3.5805,2.0631,2.2895,4.0733,2.7089,2.3703,5.0095,0.44513,2.5315,2.9583
5.9772,0.91041,437.23,2.544,0.026772,1139.7,1.5168,1.8367,4.1672,1.2807,2.2274,4.2254,1.2269,1.987,4.2311,2.4958,2.6576,4.3029,0.85661,2.0603,4.2241,1.519,2.4881,3.8925,3.0114,2.8383,5.8244,1.2239,1.9895,4.2336,1.744,1.7139,4.2469,1.2812,2.2282,4.2325,0.85393,2.0654,4.2138,2.9049,2.8345,4.512,5.6923,2.7698,1.4496,1.2448,2.8329,3.6286,0.95505,2.1488,3.0235,2.4876,2.0549,4.4513,1.47,1.6752,3.9046,0.6617,2.5736,3.881,2.0075,1.7629,3.4791,1.0788,2.4401,3.0701,0.26235,2.2874,3.5483,1.7825,1.6729,3.389,2.1208,2.8184,4.429,1.7858,1.6718,3.3934,1.4779,1.6697,3.9097,0.39582,2.1376,3.2008,2.0416,2.3617,4.3923,1.4747,1.6691,3.2011,0.82825,1.8797,2.7666,3.008,2.8409,5.8185,2.0061,1.7645,3.4809,1.0067,2.7192,2.883,1.8173,2.5877,4.0046,0.63057,1.8732,2.7927,1.0705,2.4423,3.0583,1.8956,1.9125,4.4944,1.6784,1.692,3.8956,0.51119,2.2002,3.7505,1.1961,2.4322,3.786,1.0003,2.0687,3.2651,2.5557,2.3038,4.3013,2.0723,2.1588,4.6853,1.4796,1.6755,3.914,1.8948,1.9188,4.496,1.4931,2.1767,3.2675,0.82104,2.0898,3.1821,2.4219,2.3726,4.3199,1.9495,2.5981,4.892,1.935,2.5964,4.8761,2.5531,2.3021,4.3012,1.2894,2.4897,3.9442,1.6899,2.2314,4.2989,2.0716,3.0564,4.0131,0.51095,2.4686,2.4836,1.5389,2.0598,4.6058,2.0794,3.0609,4.0232,0.38482,2.3776,3.4299,1.6595,1.6273,4.082,0.71043,2.0292,3.0967,2.2407,2.2451,4.6472,0.62943,2.611,3.0041,1.0009,2.0726,3.2664,0.14468,2.8911,1.9862,1.9969,1.9895,4.5949,2.5535,2.3047,4.3024,2.6709,2.3336,5.1973,2.1216,2.807,4.4263,1.0825,1.8474,3.9488,4.6166,2.9902,0.50324,0.88702,2.123,3.0528,1.31,2.096,4.2712,1.0585,2.0899,3.4957,2.3022,2.7508,4.5722,1.703,1.6008,4.1567,1.152,2.5509,3.0722,0.75437,2.4259,3.7692,2.0583,1.924,3.7329,1.5957,2.4417,3.4642,1.6566,2.5248,3.6049,1.6538,1.6737,4.2507,2.089,2.801,4.5652,2.1024,2.8012,4.5748,3.3518,2.7791,6.1123,1.7043,1.6001,4.1566,1.7071,2.0051,3.4526,2.1224,2.9368,4.9175,1.1525,2.5539,3.0784,2.6361,2.4478,4.9865,1.0235,2.6043,4.0638,1.5982,2.4374,3.4651,1.1768,1.8002,4.1,1.6606,1.6241,4.083,1.705,2.005,3.4508,0.27353,2.9445,3.3229,2.881,2.2912,4.5706,1.3181,1.9528,4.2054,1.2555,2.6801,3.3325,1.4577,2.4543,3.341,1.8412,1.9799,3.7222,1.9488,2.3451,3.9948,1.0933,2.2843,3.1875,2.5392,2.0464,5.1487,1.2425,2.6862,3.3164,1.4548,2.4586,3.3376,0.28362,2.9476,3.33,0.67768,1.8132,2.903,1.6988,2.0225,4.427,1.4695,1.858,4.1232,5.5282,2.9014,1.8433,0.81903,2.1233,2.7827,1.0225,2.6072,4.0633,2.1587,2.5224,3.6221,2.633,2.4403,4.9819,2.8137,2.7037,4.5305,2.1606,2.5253,4.5338,2.349,2.1024,4.1978,0.76815,1.9948,3.3481,0.3393,2.4714,2.8947,0.60413,2.1412,3.7131,2.3837,2.5006,4.4326,0.76278,2.4632,2.8618,1.255,1.5795,4.2884,1.6991,2.0074,3.4533,0.43598,2.6892,2.0376,3.232,2.9376,6.229,0.75439,2.4556,2.8687,1.6588,1.6341,4.086,1.4957,1.8686,3.1808,0.7463,2.4613,2.8551,2.1682,2.3456,4.9495,1.1483,2.5608,3.0722,1.0076,1.9679,3.5026,0.52453,1.9809,3.2591,1.7022,2.0071,3.45,2.3905,2.0802,4.198,2.1468,2.1572,4.9832,1.29,1.7492,3.8051,0.68486,1.9797,2.7554,2.1466,2.1613,4.9849,2.3222,2.1885,4.4693,1.5682,2.2982,3.9633,4.2126,3.0045,0.14245,1.9544,2.3426,3.9955,0.83314,1.9647,4.1168,1.1798,2.5776,4.219,3.5284,2.8497,6.0916,1.5351,1.6189,3.2886,0.31742,2.2961,3.4002,5.1624,2.9853,1.0986,0.56043,2.7805,3.2593,1.2693,2.5078,2.9809,2.144,2.1481,4.9744,1.4794,2.0931,4.3551,1.5252,1.6245,3.2917,1.3906,2.9291,3.3711,0.45921,2.4495,2.7301,0.91922,2.4521,2.997,0.22196,2.6177,3.3399,1.6162,2.2634,4.1315,0.45824,2.4458,2.7196,1.0468,2.1753,3.6571,1.3941,1.808,4.2904,0.32351,2.2997,3.4077,1.5266,1.6174,3.2876,0.45349,2.4494,2.7263,2.9895,2.8685,5.9106,2.0021,2.5934,4.0341,1.9739,2.1795,4.5894,2.6214,2.7729,5.2618,1.8891,1.9624,3.9013,1.2973,1.811,3.6901,2.1461,2.1531,4.9781,1.4,2.6508,4.0077,1.079,3.0865,2.918,4.6967,2.9812,0.42005,1.2538,2.6846,4.3285,1.907,1.9578,3.892,1.248,2.6378,2.867,0.36856,2.7702,2.9645,0.94384,2.8896,4.1366,0.57857,2.5245,2.5822,0.69576,1.9435,2.9841,0.55311,2.3957,3.4308,1.5697,2.1757,4.2305,1.2663,2.6893,4.3453,0.62817,1.9537,3.1096,1.9792,1.8931,3.8176,1.1939,1.8466,3.6485,2.4462,2.7192,4.9611,1.3782,1.5251,4.1685,1.389,2.1567,3.1747,0.63675,1.9541,3.109,0.46229,2.4494,2.5686,1.6167,2.2594,4.1329,2.4507,2.7177,4.9723,0.6328,1.9556,3.1066,1.5692,1.7177,3.3293,0.54367,3.0404,2.4541,0.57697,2.5227,2.584,2.9141,2.7434,5.897,6.1684,2.8675,2.5381,4.6815,2.986,0.40036,2.3428,2.3995,3.7465,0.90551,3.0778,3.6929,1.4298,2.2613,3.5557,0.85846,3.0776,3.6455,2.3709,2.2374,3.8059,1.1926,1.8422,3.6463,2.4239,2.3392,4.5599,2.5751,2.6284,4.0287,1.2684,2.6821,4.3449,1.8886,1.9559,3.9008,1.126,2.7909,3.65,2.4425,2.4814,5.0797,1.5946,2.6148,3.2972,2.168,2.1879,4.1015,0.78844,1.9046,3.3741,2.3463,2.4081,3.7485,2.3421,2.4101,3.7445,2.1919,1.8962,4.9096,2.6397,2.2886,4.7912,2.366,2.2419,3.8083,1.3846,1.5892,3.8371,2.4435,2.7164,4.965,1.8893,1.9589,3.9013,0.7795,2.142,3.9705,1.6,1.8312,4.2568,2.4553,2.7188,4.9779,1.4478,2.3856,3.2632,5.9312,2.8827,2.2134,1.8568,1.7991,3.4823,1.9662,3.015,4.2854,2.0166,1.9527,4.7605,1.1029,2.5795,4.2752,1.887,2.1554,4.8628,1.6127,1.7955,3.9662,1.606,2.0126,3.3925,1.0176,2.7679,3.5652,0.91743,2.8264,3.8144,1.3867,2.3982,3.85,1.1196,2.7924,3.6421,1.833,1.7881,4.0927,0.91308,2.4606,2.7737,1.9131,2.0715,4.3892,0.078068,2.7928,2.8432,1.0847,1.9615,4.2606,0.95365,2.3322,3.0185,1.6345,2.3951,4.5873,0.98001,2.0854,2.8395,0.74156,1.9995,2.742,1.6102,1.7954,3.9681,0.91471,2.459,2.7777,1.3779,1.5872,3.8378,2.7708,2.588,4.6355,1.0869,2.1419,3.6242,1.1223,2.7934,3.6496,1.9771,1.9879,4.4811,1.0794,1.963,4.2585,1.855,1.6495,3.4519,1.6626,2.483,3.9994,2.1158,2.5504,4.9235,2.1522,2.3841,3.7039,1.1946,3.0711,3.4264,1.4486,1.4665,4.2299,0.62487,2.9986,3.623,1.6248,1.7481,4.2325,0.74386,1.9987,2.7424,0.69077,2.195,3.9459,2.6861,2.602,4.5379,1.9945,2.1278,3.4373,1.385,2.9146,3.5387,1.0834,2.1992,3.6322,2.5327,2.0025,4.4711,1.4893,1.7347,4.4235,1.6017,2.5877,3.5787,2.0631,2.2922,4.0742,2.7062,2.3671,5.0069,0.44711,2.5316,2.9606
5.9772,0.91041,437.23,2.544,0.035696,1146.0,1.5136,1.8366,4.1639,1.2816,2.2284,4.2268,1.2249,1.9867,4.2306,2.4934,2.655,4.3022,0.85633,2.0593,4.2277,1.5183,2.4909,3.892,3.0151,2.8381,5.8296,1.2212,1.9897,4.2339,1.7424,1.7115,4.2462,1.2833,2.2289,4.2368,0.85221,2.0669,4.2135,2.9112,2.834,4.5146,5.6827,2.7661,1.4401,1.2489,2.8271,3.6322,0.95352,2.1503,3.0238,2.4893,2.0575,4.455,1.4688,1.6742,3.9049,0.66258,2.5759,3.8783,2.0086,1.7634,3.4819,1.0817,2.4366,3.0777,0.25725,2.2887,3.5406,1.7811,1.6731,3.39,2.1096,2.8146,4.4183,1.7855,1.6731,3.395,1.4779,1.667,3.9116,0.39581,2.1403,3.1982,2.0454,2.3659,4.3961,1.4747,1.6712,3.2018,0.82639,1.883,2.763,3.0087,2.8409,5.8211,2.0065,1.7666,3.4838,1.0073,2.7207,2.885,1.8172,2.5874,4.0063,0.63057,1.8756,2.7902,1.0699,2.4405,3.061,1.8951,1.9118,4.4954,1.678,1.6895,3.8955,0.51214,2.1996,3.7534,1.1964,2.4395,3.7849,0.99714,2.0737,3.2614,2.5614,2.3076,4.3083,2.075,2.1643,4.6903,1.4801,1.6753,3.9159,1.8942,1.9198,4.4976,1.4944,2.18,3.2672,0.8195,2.0951,3.1784,2.4238,2.3743,4.3237,1.9507,2.5962,4.8912,1.9326,2.5971,4.8724,2.5571,2.305,4.308,1.2904,2.4919,3.9426,1.6919,2.2316,4.3018,2.073,3.0531,4.0133,0.51592,2.4681,2.4887,1.5369,2.0621,4.6057,2.0784,3.0581,4.0207,0.38094,2.3796,3.4251,1.6589,1.6251,4.0814,0.71043,2.0331,3.0951,2.2397,2.2477,4.648,0.63171,2.6072,3.0082,0.9983,2.0777,3.2632,0.14797,2.8914,1.988,1.9983,1.9921,4.5988,2.5576,2.3085,4.3087,2.6668,2.3312,5.1947,2.1086,2.7985,4.4139,1.0839,1.8451,3.9512,4.6172,2.9852,0.50335,0.88642,2.1255,3.0515,1.3119,2.094,4.2748,1.0593,2.0914,3.4964,2.2942,2.7482,4.5635,1.704,1.6004,4.1555,1.1566,2.5475,3.0753,0.75702,2.4265,3.7689,2.0603,1.9211,3.7291,1.5933,2.4441,3.4617,1.6534,2.5268,3.6033,1.6512,1.6704,4.2509,2.0774,2.7955,4.5532,2.095,2.7956,4.5667,3.3534,2.7775,6.1132,1.7065,1.5993,4.155,1.7095,2.0046,3.4521,2.1173,2.9361,4.9125,1.1563,2.552,3.083,2.6346,2.4482,4.9843,1.0245,2.6048,4.0636,1.5961,2.438,3.463,1.1724,1.8019,4.0985,1.6605,1.6205,4.0822,1.7066,2.0046,3.4501,0.26787,2.943,3.3184,2.8859,2.2908,4.5754,1.3179,1.9533,4.2057,1.2595,2.6756,3.3391,1.4546,2.4527,3.34,1.8415,1.9768,3.7198,1.9477,2.3501,3.9961,1.0911,2.2849,3.1865,2.5388,2.0445,5.1477,1.2431,2.6844,3.3191,1.4507,2.4581,3.3359,0.28162,2.9474,3.3274,0.67744,1.8162,2.8976,1.6977,2.0196,4.4305,1.4699,1.8546,4.1254,5.5223,2.9011,1.8388,0.81904,2.1234,2.7845,1.023,2.6088,4.0623,2.162,2.5217,3.6226,2.629,2.4382,4.9767,2.8198,2.7024,4.5356,2.1593,2.523,4.5327,2.349,2.1027,4.1998,0.76907,1.9979,3.3469,0.34653,2.4698,2.9021,0.60438,2.1414,3.7132,2.3826,2.4956,4.434,0.77033,2.4622,2.8676,1.2545,1.5786,4.2886,1.698,2.0082,3.454,0.62063,2.6892,2.0321,3.2424,2.937,6.2733,0.76032,2.4509,2.8783,1.6582,1.6342,4.0849,1.4964,1.8709,3.18,0.74868,2.4594,2.8592,2.1677,2.3449,4.9462,1.1508,2.5604,3.0742,1.0102,1.9696,3.5022,0.52101,1.9817,3.2604,1.7031,2.0073,3.4495,2.3923,2.0807,4.1993,2.1495,2.1582,4.9851,1.2897,1.7463,3.8079,0.68596,1.9807,2.7555,2.1492,2.1645,4.987,2.3246,2.1906,4.4742,1.5688,2.3032,3.9638,4.2225,3.0017,0.15048,1.9542,2.3459,3.996,0.83117,1.9646,4.1169,1.1836,2.5807,4.2218,3.5361,2.8474,6.0995,1.5364,1.6197,3.2896,0.31401,2.2958,3.3951,5.1713,2.9821,1.1058,0.56286,2.7786,3.2629,1.2719,2.5085,2.9834,2.1452,2.1456,4.9709,1.4818,2.0921,4.3579,1.5251,1.6255,3.2937,1.3952,2.9286,3.3737,0.46424,2.449,2.737,0.91577,2.4514,2.9954,0.22225,2.6172,3.3394,1.6183,2.2672,4.1344,0.46497,2.4447,2.7243,1.0457,2.1789,3.6552,1.3936,1.8077,4.2892,0.3228,2.3004,3.4063,1.5259,1.6173,3.2881,0.45763,2.4486,2.7325,2.996,2.8679,5.9188,1.9991,2.591,4.033,1.9761,2.1805,4.5907,2.614,2.772,5.2547,1.8889,1.9603,3.8996,1.2984,1.8072,3.6915,2.1476,2.1524,4.9763,1.3993,2.6474,4.007,1.0652,3.0867,2.9028,4.6997,2.9783,0.42266,1.2537,2.6853,4.3274,1.9086,1.9572,3.8949,1.2499,2.6385,2.8693,0.37626,2.7682,2.974,0.94738,2.8895,4.14,0.58281,2.5262,2.5846,0.69441,1.9491,2.9796,0.55542,2.3963,3.4302,1.5707,2.1757,4.2322,1.2729,2.6916,4.3516,0.62439,1.9563,3.1046,1.9797,1.8904,3.8166,1.1939,1.8461,3.6502,2.4356,2.7167,4.9473,1.3784,1.527,4.1659,1.3882,2.1569,3.1742,0.63605,1.9573,3.1041,0.46355,2.4488,2.57,1.6185,2.2629,4.1359,2.4435,2.7149,4.9642,0.63083,1.9591,3.1009,1.5715,1.7193,3.3303,0.5539,3.0409,2.4622,0.57961,2.5238,2.5855,2.9187,2.7434,5.9031,6.1676,2.8696,2.5394,4.6825,2.984,0.39986,2.34,2.3948,3.7417,0.92603,3.0758,3.716,1.4246,2.2656,3.551,0.86975,3.0765,3.6592,2.3714,2.237,3.8032,1.1925,1.8392,3.6476,2.4234,2.3402,4.5606,2.5715,2.6298,4.0288,1.2728,2.6813,4.3489,1.8878,1.9515,3.8982,1.1281,2.7874,3.6515,2.4382,2.4794,5.0725,1.5895,2.6114,3.2972,2.1675,2.1888,4.1015,0.78892,1.9059,3.3743,2.3449,2.4072,3.7455,2.338,2.4093,3.7385,2.1955,1.901,4.9138,2.6368,2.2875,4.7904,2.3655,2.2431,3.8067,1.3861,1.5908,3.8382,2.4323,2.7137,4.9524,1.889,1.9559,3.8988,0.77952,2.1417,3.9757,1.5994,1.8292,4.2558,2.4496,2.7167,4.9716,1.4487,2.3839,3.2642,5.9342,2.884,2.218,1.8557,1.7986,3.4858,1.9605,3.01,4.2775,2.0188,1.9541,4.7647,1.1056,2.5796,4.278,1.8899,2.1574,4.8634,1.6125,1.7908,3.9658,1.6066,2.0135,3.3916,1.0221,2.7631,3.5687,0.92224,2.8232,3.8183,1.3912,2.4024,3.8531,1.1197,2.7892,3.6407,1.8306,1.7825,4.092,0.91349,2.4604,2.7748,1.9149,2.0731,4.3916,0.08395,2.7909,2.8488,1.0839,1.9614,4.261,0.95683,2.3297,3.0237,1.6358,2.3949,4.5878,0.98043,2.0835,2.8427,0.74038,1.9991,2.7416,1.609,1.7907,3.9678,0.91557,2.4585,2.7803,1.3762,1.5873,3.8385,2.7698,2.5868,4.6345,1.0875,2.1441,3.6226,1.1243,2.7896,3.6511,1.9777,1.9879,4.4831,1.0771,1.9628,4.2585,1.856,1.649,3.4527,1.663,2.4846,3.9996,2.118,2.5483,4.9238,2.1505,2.3858,3.7004,1.2018,3.0693,3.4332,1.4497,1.4667,4.2283,0.62837,2.9978,3.6281,1.6246,1.7453,4.2315,0.74347,1.9988,2.7423,0.69137,2.1954,3.9471,2.6844,2.6013,4.538,1.996,2.1272,3.4358,1.3866,2.9099,3.5397,1.0838,2.2028,3.6303,2.5333,2.0041,4.4728,1.4882,1.7343,4.424,1.5974,2.586,3.577,2.063,2.2948,4.0752,2.7037,2.364,5.0042,0.44917,2.5317,2.963
5.9772,0.91041,437.23,2.544,0.04462,1145.7,1.5103,1.8363,4.1606,1.2825,2.2294,4.2282,1.223,1.9864,4.2303,2.4909,2.6525,4.3015,0.85605,2.0583,4.2313,1.5176,2.4938,3.8916,3.0189,2.838,5.8348,1.2184,1.9899,4.2342,1.7408,1.7091,4.2454,1.2854,2.2295,4.2411,0.85057,2.0682,4.2133,2.9176,2.8334,4.5172,5.6732,2.7622,1.4308,1.2529,2.8213,3.6358,0.952,2.1517,3.0241,2.491,2.0602,4.4589,1.4676,1.6731,3.9052,0.66342,2.5783,3.8755,2.0096,1.7638,3.4846,1.0844,2.433,3.0852,0.25205,2.2899,3.5327,1.7798,1.6734,3.391,2.0987,2.8106,4.4078,1.7852,1.6744,3.3967,1.4779,1.6643,3.9136,0.39581,2.143,3.1957,2.0493,2.37,4.4,1.4747,1.6733,3.2024,0.82453,1.8862,2.7595,3.0093,2.8409,5.8238,2.007,1.7687,3.4867,1.0078,2.7222,2.887,1.8172,2.5871,4.0081,0.63061,1.8779,2.7878,1.0692,2.4387,3.0636,1.8945,1.9111,4.4964,1.6777,1.687,3.8955,0.51319,2.199,3.7565,1.1966,2.4468,3.7837,0.99386,2.0788,3.2577,2.5672,2.3113,4.3155,2.078,2.1697,4.6954,1.4806,1.6752,3.9178,1.8936,1.9208,4.4992,1.4956,2.1833,3.2669,0.81783,2.1005,3.1745,2.4259,2.3759,4.3275,1.9521,2.5944,4.8903,1.9304,2.5978,4.8688,2.5612,2.3081,4.315,1.2914,2.4941,3.9409,1.694,2.2318,4.3049,2.0744,3.0498,4.0135,0.52078,2.4677,2.4936,1.5348,2.0643,4.6055,2.0776,3.0551,4.0184,0.37702,2.3816,3.4203,1.6582,1.6229,4.0807,0.71039,2.037,3.0934,2.2388,2.2502,4.6487,0.63367,2.6033,3.012,0.99565,2.0828,3.26,0.15096,2.8916,1.9897,1.9998,1.9948,4.6027,2.5619,2.3124,4.3152,2.6626,2.3288,5.1921,2.0963,2.7899,4.402,1.0853,1.8427,3.9537,4.6178,2.9801,0.50347,0.8858,2.1279,3.0503,1.3138,2.0919,4.2783,1.0602,2.0929,3.4972,2.2863,2.7456,4.5549,1.705,1.6,4.1543,1.1611,2.5442,3.0784,0.75968,2.4271,3.7686,2.0624,1.9181,3.7252,1.5908,2.4465,3.459,1.6503,2.5289,3.6016,1.6485,1.6671,4.2511,2.066,2.7899,4.5415,2.0878,2.7898,4.5587,3.3553,2.7757,6.1143,1.7088,1.5983,4.1534,1.7119,2.0042,3.4518,2.1121,2.9352,4.9074,1.1601,2.5502,3.0875,2.6333,2.4485,4.9819,1.0256,2.6053,4.0634,1.594,2.4386,3.4609,1.1681,1.8035,4.097,1.6605,1.6169,4.0813,1.7082,2.0043,3.4494,0.26242,2.9415,3.3141,2.8908,2.2902,4.5802,1.3176,1.9538,4.206,1.2633,2.6713,3.3454,1.4513,2.4512,3.3389,1.8418,1.9737,3.7173,1.9466,2.3552,3.9975,1.0889,2.2855,3.1855,2.5385,2.0427,5.1467,1.2437,2.6826,3.3218,1.4467,2.4576,3.3341,0.27955,2.9471,3.3249,0.67715,1.8192,2.8924,1.6967,2.0166,4.4339,1.4703,1.8512,4.1275,5.5165,2.9008,1.8343,0.81909,2.1234,2.7863,1.0234,2.6106,4.0613,2.1654,2.5209,3.623,2.6251,2.4361,4.9715,2.8261,2.7011,4.5408,2.1581,2.5208,4.5316,2.349,2.103,4.2017,0.77,2.001,3.3457,0.35367,2.468,2.9094,0.60462,2.1416,3.7134,2.3816,2.4907,4.4355,0.77785,2.4613,2.8734,1.254,1.5777,4.2888,1.6967,2.0091,3.4548,5.7069,2.6892,2.0265,3.2528,2.9363,6.07,0.76601,2.4463,2.8879,1.6576,1.6343,4.0837,1.4972,1.8733,3.1791,0.75091,2.4575,2.8634,2.1673,2.3442,4.9429,1.1532,2.5601,3.0761,1.0127,1.9712,3.5017,0.51738,1.9825,3.2619,1.704,2.0074,3.4489,2.3942,2.0811,4.2007,2.1522,2.1592,4.9869,1.2893,1.7435,3.8106,0.68709,1.9816,2.7557,2.1519,2.1677,4.9889,2.3271,2.1927,4.4793,1.5694,2.3083,3.9642,4.2321,2.9988,0.15827,1.954,2.3492,3.9964,0.82927,1.9644,4.117,1.1875,2.5838,4.2248,3.5437,2.8452,6.1074,1.5376,1.6206,3.2907,0.31053,2.2955,3.3899,5.1799,2.979,1.1126,0.56515,2.7766,3.2664,1.2745,2.5093,2.9859,2.1464,2.1432,4.9674,1.4842,2.0909,4.3608,1.525,1.6264,3.2957,1.3998,2.928,3.3762,0.46928,2.4484,2.7439,0.91225,2.4506,2.9938,0.22254,2.6166,3.339,1.6204,2.2709,4.1374,0.47159,2.4437,2.7291,1.0445,2.1825,3.6531,1.3932,1.8074,4.288,0.3221,2.3011,3.405,1.5251,1.6172,3.2886,0.46172,2.4477,2.7388,3.0025,2.8673,5.9271,1.9961,2.5887,4.0321,1.9783,2.1814,4.5919,2.6066,2.7711,5.2474,1.8887,1.9581,3.8978,1.2995,1.8034,3.6928,2.1491,2.1515,4.9744,1.3987,2.6441,4.0064,1.0508,3.0869,2.8871,4.7028,2.9753,0.42543,1.2537,2.686,4.3264,1.9101,1.9566,3.8978,1.2518,2.6392,2.8716,0.38404,2.7661,2.9836,0.95116,2.8894,4.1436,0.58698,2.528,2.587,0.69305,1.9546,2.9753,0.55762,2.3969,3.4296,1.5717,2.1755,4.2338,1.2796,2.6938,4.358,0.62058,1.9587,3.0997,1.98,1.8877,3.8156,1.1939,1.8455,3.652,2.4251,2.714,4.9336,1.3785,1.5288,4.1632,1.3873,2.1571,3.1738,0.63534,1.9606,3.0992,0.46475,2.4482,2.5713,1.6204,2.2665,4.1389,2.4363,2.7121,4.9562,0.62878,1.9625,3.0951,1.5739,1.7208,3.3315,0.564,3.0414,2.4701,0.58214,2.525,2.5869,2.9234,2.7434,5.9095,6.1669,2.8717,2.5407,4.6836,2.982,0.39955,2.3373,2.3901,3.7369,0.94468,3.0737,3.7372,1.4193,2.2699,3.5464,0.88033,3.0754,3.6721,2.372,2.2367,3.8006,1.1923,1.8361,3.6488,2.423,2.3412,4.5614,2.5679,2.6313,4.029,1.2771,2.6805,4.3528,1.887,1.947,3.8957,1.1302,2.7839,3.653,2.4341,2.4775,5.0655,1.5844,2.608,3.2973,2.1672,2.1898,4.1015,0.78941,1.9072,3.3745,2.3436,2.4064,3.7425,2.334,2.4084,3.7325,2.1992,1.9058,4.918,2.6341,2.2865,4.7896,2.3651,2.2443,3.8052,1.3874,1.5924,3.8394,2.4212,2.7109,4.94,1.8887,1.9528,3.8963,0.77959,2.1414,3.9809,1.5988,1.8271,4.2549,2.444,2.7146,4.9654,1.4496,2.3821,3.2651,5.9376,2.8852,2.2229,1.8546,1.798,3.4892,1.9548,3.0049,4.2697,2.021,1.9556,4.7689,1.1083,2.5798,4.2808,1.8928,2.1594,4.864,1.6124,1.7862,3.9654,1.6071,2.0144,3.3907,1.0263,2.7583,3.572,0.92699,2.8201,3.8222,1.3957,2.4066,3.8564,1.1199,2.7861,3.6392,1.8282,1.7768,4.0914,0.91389,2.4604,2.7757,1.9168,2.0746,4.394,0.090045,2.7888,2.8545,1.083,1.9613,4.2614,0.95989,2.3273,3.0288,1.6371,2.3947,4.5884,0.98086,2.0815,2.8458,0.73925,1.9986,2.7414,1.6078,1.786,3.9675,0.91642,2.4579,2.783,1.3744,1.5873,3.8393,2.7689,2.5855,4.6336,1.0881,2.1465,3.621,1.1264,2.7857,3.6527,1.9782,1.9879,4.485,1.075,1.9625,4.2588,1.857,1.6486,3.4536,1.6633,2.4864,3.9999,2.1204,2.5463,4.9241,2.1487,2.3874,3.697,1.2094,3.0675,3.4403,1.4509,1.4669,4.2267,0.6316,2.997,3.6329,1.6244,1.7425,4.2305,0.74314,1.9988,2.7423,0.69194,2.1957,3.9482,2.6828,2.6006,4.5381,1.9973,2.1266,3.4343,1.3882,2.9053,3.5407,1.084,2.2064,3.6282,2.534,2.0058,4.4745,1.487,1.7338,4.4244,1.5932,2.5844,3.5753,2.063,2.2973,4.0762,2.7014,2.361,5.0017,0.45126,2.5318,2.9654
5.9772,0.91041,437.23,2.544,0.053544,1143.3,1.5071,1.836,4.1574,1.2834,2.2304,4.2296,1.2212,1.9861,4.2299,2.4884,2.65,4.3009,0.85575,2.0574,4.2347,1.5169,2.4966,3.8911,3.0228,2.8376,5.8401,1.2156,1.99,4.2345,1.7392,1.7066,4.2446,1.2876,2.2302,4.2455,0.849,2.0696,4.2132,2.9242,2.8329,4.5198,5.664,2.7581,1.4217,1.2569,2.8156,3.6392,0.95048,2.153,3.0244,2.4928,2.063,4.4627,1.4664,1.6719,3.9056,0.6642,2.5806,3.8727,2.0106,1.7641,3.4874,1.0868,2.4295,3.0924,0.24672,2.2911,3.5247,1.7784,1.6736,3.3921,2.0882,2.8065,4.3978,1.7849,1.6757,3.3983,1.4778,1.6615,3.9156,0.39583,2.1456,3.1932,2.0532,2.374,4.4038,1.4746,1.6755,3.203,0.82268,1.8893,2.7561,3.01,2.8409,5.8264,2.0076,1.7708,3.4896,1.0083,2.7238,2.8889,1.8173,2.5869,4.01,0.63067,1.8801,2.7855,1.0683,2.437,3.0661,1.894,1.9103,4.4974,1.6773,1.6845,3.8954,0.51432,2.1984,3.7597,1.1968,2.454,3.7825,0.9905,2.0837,3.2541,2.5732,2.315,4.3227,2.0811,2.1751,4.7006,1.4812,1.6752,3.9198,1.8929,1.9218,4.5008,1.4969,2.1865,3.2666,0.81605,2.1059,3.1707,2.4281,2.3777,4.3314,1.9536,2.5928,4.8895,1.9281,2.5985,4.8653,2.5654,2.3113,4.3222,1.2923,2.4964,3.9391,1.696,2.232,4.308,2.0758,3.0466,4.0137,0.52555,2.4673,2.4985,1.5326,2.0666,4.6052,2.0772,3.052,4.0163,0.37306,2.3835,3.4155,1.6575,1.6208,4.08,0.71032,2.0408,3.0917,2.2379,2.2527,4.6493,0.63541,2.5995,3.0157,0.99298,2.0878,3.2568,0.15372,2.8917,1.9911,2.0015,1.9976,4.6066,2.5663,2.3162,4.3218,2.6584,2.3264,5.1894,2.0846,2.7813,4.3907,1.0867,1.8403,3.9561,4.6183,2.9748,0.50359,0.88517,2.1303,3.0492,1.3156,2.0899,4.2818,1.061,2.0944,3.498,2.2785,2.7429,4.5464,1.7061,1.5997,4.1531,1.1655,2.5409,3.0814,0.76232,2.4278,3.7683,2.0644,1.9152,3.7212,1.5883,2.4489,3.4564,1.6471,2.5309,3.5999,1.6457,1.6639,4.2513,2.055,2.7842,4.53,2.0808,2.7839,4.5509,3.3573,2.7739,6.1157,1.7112,1.5972,4.1516,1.7143,2.0037,3.4514,2.1069,2.9343,4.9023,1.1638,2.5483,3.0918,2.632,2.4489,4.9796,1.0267,2.6058,4.0632,1.5918,2.4393,3.4588,1.1637,1.8051,4.0954,1.6604,1.6135,4.0805,1.7099,2.004,3.4487,0.25709,2.94,3.3099,2.8958,2.2896,4.5851,1.3173,1.9542,4.2064,1.2667,2.667,3.3515,1.4481,2.4497,3.3378,1.842,1.9705,3.7148,1.9455,2.3603,3.9989,1.0867,2.2861,3.1846,2.5381,2.0408,5.1456,1.2443,2.681,3.3245,1.4426,2.4571,3.3324,0.27744,2.9469,3.3223,0.67681,1.8222,2.8871,1.6955,2.0134,4.4372,1.4708,1.8478,4.1296,5.5108,2.9006,1.8299,0.81915,2.1235,2.7882,1.0238,2.6124,4.0603,2.1688,2.5203,3.6236,2.6213,2.434,4.9664,2.8325,2.6998,4.5462,2.157,2.5187,4.5306,2.3489,2.1034,4.2037,0.77092,2.0041,3.3444,0.36072,2.4663,2.9167,0.60483,2.1419,3.7135,2.3805,2.4858,4.4369,0.78536,2.4604,2.8792,1.2535,1.5767,4.2888,1.6954,2.0099,3.4555,6.0533,2.6891,2.0207,3.263,2.9356,6.0223,0.77146,2.4416,2.8973,1.657,1.6343,4.0826,1.498,1.8758,3.1783,0.75302,2.4556,2.8674,2.1669,2.3434,4.9396,1.1555,2.5598,3.0779,1.0153,1.9729,3.5011,0.51364,1.9834,3.2634,1.7049,2.0075,3.4484,2.3961,2.0816,4.2021,2.155,2.1601,4.9887,1.2889,1.7406,3.8134,0.68823,1.9825,2.756,2.1544,2.1708,4.9907,2.3296,2.1949,4.4843,1.5701,2.3134,3.9647,4.2415,2.9958,0.16578,1.9538,2.3526,3.9968,0.82741,1.9642,4.1171,1.1914,2.5869,4.2277,3.5512,2.843,6.1151,1.5389,1.6214,3.2918,0.30702,2.2952,3.3846,5.188,2.9758,1.119,0.5673,2.7746,3.2698,1.277,2.5102,2.9883,2.1478,2.1408,4.964,1.4867,2.0897,4.3637,1.5249,1.6273,3.2977,1.4044,2.9275,3.3786,0.47432,2.4479,2.7509,0.90877,2.4498,2.9922,0.2228,2.6161,3.3384,1.6225,2.2746,4.1403,0.47812,2.4426,2.7339,1.0432,2.1862,3.6511,1.3927,1.8071,4.2868,0.32142,2.302,3.4037,1.5243,1.617,3.2892,0.46578,2.4469,2.7451,3.0091,2.8667,5.9353,1.9931,2.5866,4.0312,1.9805,2.1823,4.5931,2.5991,2.7702,5.2401,1.8884,1.9558,3.896,1.3006,1.7995,3.6942,2.1505,2.1506,4.9726,1.398,2.6409,4.0057,1.0359,3.0872,2.8711,4.7061,2.9723,0.42829,1.2538,2.6866,4.3254,1.9117,1.9561,3.9007,1.2538,2.64,2.8739,0.39183,2.7639,2.9933,0.95508,2.8892,4.1474,0.59109,2.5298,2.5892,0.69171,1.96,2.9711,0.55977,2.3975,3.4289,1.5727,2.1752,4.2354,1.2863,2.6961,4.3645,0.61674,1.9611,3.0946,1.9804,1.8849,3.8146,1.1938,1.845,3.6538,2.4147,2.7113,4.9199,1.3785,1.5306,4.1603,1.3865,2.1571,3.1735,0.63461,1.9639,3.0944,0.46591,2.4476,2.5725,1.6223,2.27,4.1419,2.4293,2.7091,4.9483,0.62669,1.9659,3.0893,1.5762,1.7222,3.3327,0.57409,3.0419,2.4779,0.58458,2.5261,2.5881,2.9283,2.7435,5.9162,6.1662,2.8737,2.542,4.6848,2.98,0.3994,2.3346,2.3855,3.7321,0.96165,3.0717,3.7568,1.414,2.2742,3.5418,0.89027,3.0744,3.6843,2.3726,2.2364,3.798,1.1921,1.833,3.6501,2.4227,2.3422,4.5622,2.5644,2.6328,4.0292,1.2814,2.6798,4.3567,1.8861,1.9424,3.8932,1.1321,2.7804,3.6543,2.43,2.4757,5.0585,1.5794,2.6047,3.2976,2.1669,2.1908,4.1015,0.78989,1.9084,3.3747,2.3423,2.4056,3.7394,2.3299,2.4076,3.7265,2.2029,1.9107,4.9222,2.6315,2.2856,4.7889,2.3648,2.2456,3.8038,1.3888,1.594,3.8405,2.4103,2.708,4.9279,1.8886,1.9497,3.8939,0.7797,2.1412,3.9861,1.5981,1.8251,4.2539,2.4385,2.7124,4.9593,1.4503,2.3805,3.266,5.9413,2.8864,2.2281,1.8535,1.7975,3.4927,1.9494,2.9997,4.2621,2.0233,1.9571,4.7731,1.1111,2.5801,4.2835,1.8957,2.1614,4.8645,1.6123,1.7815,3.9651,1.6076,2.0155,3.3899,1.0304,2.7536,3.575,0.93165,2.817,3.8259,1.4002,2.4106,3.8597,1.12,2.7831,3.6378,1.8258,1.7712,4.0908,0.9143,2.4604,2.7766,1.9188,2.0761,4.3965,0.096275,2.7867,2.8603,1.0822,1.9612,4.2619,0.96284,2.3249,3.0339,1.6384,2.3945,4.5891,0.98128,2.0795,2.849,0.73816,1.998,2.7413,1.6066,1.7814,3.9671,0.91726,2.4574,2.7858,1.3726,1.5873,3.8401,2.7681,2.5842,4.633,1.0886,2.1488,3.6195,1.1286,2.7818,3.6543,1.9787,1.9878,4.4868,1.0729,1.9622,4.2591,1.858,1.6481,3.4544,1.6636,2.4881,4.0001,2.1229,2.5443,4.9246,2.1469,2.3891,3.6936,1.2173,3.0657,3.4476,1.452,1.4671,4.2249,0.63454,2.9961,3.6373,1.6244,1.7397,4.2295,0.74285,1.9986,2.7424,0.69248,2.1961,3.9493,2.6812,2.5998,4.5382,1.9986,2.1259,3.4327,1.3897,2.9006,3.5418,1.0842,2.21,3.6262,2.5347,2.0075,4.4763,1.4858,1.7333,4.4248,1.589,2.5828,3.5737,2.0629,2.2999,4.0771,2.6992,2.3582,4.9992,0.45335,2.5319,2.9678
5.9772,0.91041,437.23,2.544,0.062468,1140.2,1.5038,1.8356,4.1541,1.2843,2.2314,4.231,1.2193,1.9857,4.2296,2.4859,2.6474,4.3003,0.85543,2.0565,4.2382,1.5162,2.4994,3.8906,3.0268,2.8373,5.8456,1.2128,1.9902,4.2348,1.7375,1.7042,4.2437,1.2897,2.2309,4.2499,0.8475,2.0708,4.2132,2.9308,2.8324,4.5226,5.6548,2.754,1.4128,1.2607,2.8099,3.6425,0.94899,2.1544,3.0247,2.4945,2.0658,4.4667,1.4652,1.6707,3.906,0.66494,2.5829,3.8698,2.0116,1.7644,3.4901,1.0891,2.4261,3.0995,0.24123,2.2923,3.5165,1.777,1.6738,3.3931,2.0779,2.8025,4.388,1.7846,1.6769,3.4,1.4778,1.6588,3.9175,0.39587,2.1482,3.1906,2.057,2.378,4.4076,1.4744,1.6777,3.2035,0.82086,1.8923,2.7528,3.0107,2.8409,5.829,2.0081,1.7727,3.4924,1.0088,2.7253,2.8908,1.8175,2.5869,4.0119,0.63077,1.8822,2.7832,1.0673,2.4353,3.0684,1.8935,1.9096,4.4984,1.677,1.6821,3.8954,0.51553,2.1977,3.763,1.1969,2.461,3.7814,0.98707,2.0887,3.2505,2.5792,2.3186,4.33,2.0842,2.1803,4.7056,1.4818,1.6753,3.9217,1.8924,1.9228,4.5025,1.4982,2.1896,3.2663,0.8142,2.1113,3.1669,2.4303,2.3794,4.3354,1.955,2.5912,4.8887,1.9259,2.5992,4.8618,2.5697,2.3144,4.3295,1.2932,2.4986,3.9374,1.698,2.2322,4.3111,2.0771,3.0433,4.0137,0.53031,2.4669,2.5033,1.5304,2.069,4.6049,2.0768,3.0489,4.0143,0.3691,2.3854,3.4107,1.6568,1.6187,4.0793,0.71023,2.0446,3.09,2.2369,2.2551,4.6499,0.63697,2.5957,3.0193,0.99029,2.0927,3.2537,0.15633,2.8919,1.9924,2.0032,2.0004,4.6106,2.5708,2.32,4.3285,2.6543,2.324,5.1868,2.0734,2.7726,4.38,1.0882,1.8379,3.9586,4.6188,2.9695,0.50371,0.88455,2.1326,3.0482,1.3174,2.0879,4.2852,1.0617,2.0959,3.4987,2.2709,2.7402,4.5381,1.7071,1.5993,4.1519,1.1699,2.5376,3.0844,0.76495,2.4285,3.768,2.0665,1.9123,3.7174,1.5859,2.4513,3.4538,1.644,2.5328,3.5983,1.6429,1.6606,4.2515,2.0442,2.7782,4.5187,2.074,2.778,4.5432,3.3595,2.7722,6.1172,1.7136,1.5962,4.1499,1.7167,2.0032,3.4511,2.1017,2.9334,4.8971,1.1674,2.5466,3.096,2.6306,2.4492,4.9772,1.0277,2.6063,4.063,1.5897,2.44,3.4567,1.1592,1.8066,4.094,1.6604,1.6102,4.0797,1.7115,2.0036,3.448,0.25181,2.9386,3.3057,2.9007,2.2891,4.5898,1.317,1.9546,4.2067,1.2699,2.663,3.3574,1.4449,2.4483,3.3367,1.8422,1.9672,3.7124,1.9445,2.3655,4.0003,1.0844,2.2866,3.1837,2.5377,2.0391,5.1446,1.245,2.6793,3.3272,1.4385,2.4566,3.3307,0.27535,2.9467,3.3197,0.67643,1.8251,2.8819,1.6942,2.0102,4.4405,1.4712,1.8443,4.1317,5.505,2.9004,1.8254,0.81921,2.1236,2.7901,1.0241,2.6141,4.0592,2.1724,2.5197,3.6243,2.6176,2.4319,4.9614,2.8389,2.6984,4.5516,2.156,2.5166,4.5297,2.3489,2.1037,4.2058,0.77181,2.0072,3.3431,0.36771,2.4644,2.9238,0.60504,2.1421,3.7135,2.3793,2.4811,4.4383,0.79285,2.4595,2.885,1.253,1.5758,4.2887,1.694,2.0108,3.4562,0.07802,2.689,2.0147,3.2731,2.9349,0.54789,0.77664,2.4369,2.9065,1.6565,1.6343,4.0814,1.4987,1.8782,3.1775,0.755,2.4537,2.8714,2.1665,2.3427,4.9363,1.1577,2.5596,3.0796,1.0179,1.9746,3.5006,0.5098,1.9841,3.265,1.7058,2.0075,3.4479,2.398,2.0821,4.2037,2.1576,2.161,4.9905,1.2884,1.7377,3.8161,0.68938,1.9833,2.7562,2.157,2.1738,4.9925,2.3322,2.197,4.4895,1.5708,2.3185,3.9652,4.2505,2.9929,0.17304,1.9538,2.356,3.9973,0.82557,1.964,4.1171,1.1954,2.5902,4.2307,3.5585,2.8408,6.1228,1.5401,1.6223,3.2928,0.3035,2.295,3.3794,5.1958,2.9726,1.1251,0.56935,2.7727,3.2731,1.2794,2.5109,2.9907,2.1492,2.1384,4.9607,1.4891,2.0883,4.3666,1.5248,1.6282,3.2998,1.4089,2.927,3.381,0.47938,2.4472,2.7579,0.90538,2.449,2.9906,0.22305,2.6155,3.3379,1.6246,2.2782,4.1433,0.48459,2.4416,2.7387,1.0418,2.1898,3.6489,1.3922,1.8068,4.2856,0.32076,2.3028,3.4025,1.5236,1.6167,3.2897,0.46984,2.4461,2.7514,3.0155,2.866,5.9435,1.9902,2.5847,4.0303,1.9826,2.1831,4.5943,2.5915,2.7692,5.2327,1.8881,1.9534,3.8941,1.3016,1.7955,3.6956,2.1519,2.1497,4.9707,1.3975,2.6378,4.0052,1.0206,3.0875,2.8547,4.7094,2.9692,0.43121,1.254,2.6872,4.3245,1.9132,1.9554,3.9036,1.2557,2.6407,2.8763,0.39959,2.7615,3.0028,0.9591,2.8889,4.1513,0.59516,2.5317,2.5913,0.69037,1.9652,2.9669,0.56191,2.398,3.4284,1.5737,2.1749,4.237,1.2931,2.6982,4.371,0.61288,1.9635,3.0895,1.9807,1.8822,3.8136,1.1936,1.8443,3.6556,2.4045,2.7084,4.9064,1.3785,1.5323,4.1574,1.3857,2.1571,3.1731,0.63388,1.9672,3.0896,0.46705,2.4471,2.5737,1.6242,2.2736,4.145,2.4223,2.7061,4.9405,0.62457,1.9692,3.0834,1.5785,1.7236,3.3339,0.58432,3.0424,2.4858,0.58693,2.5273,2.5892,2.9333,2.7435,5.9229,6.1655,2.8757,2.5435,4.6862,2.9781,0.39943,2.332,2.3808,3.7272,0.97738,3.0696,3.7752,1.4086,2.2785,3.5371,0.89977,3.0734,3.6961,2.3732,2.2362,3.7956,1.1919,1.8299,3.6514,2.4224,2.3432,4.563,2.5609,2.6343,4.0295,1.2857,2.6791,4.3607,1.8853,1.9377,3.8906,1.134,2.777,3.6556,2.4262,2.4739,5.0516,1.5744,2.6014,3.2979,2.1666,2.1918,4.1016,0.79036,1.9098,3.3749,2.3411,2.4047,3.7363,2.3258,2.4067,3.7204,2.2065,1.9154,4.9264,2.6291,2.2847,4.7883,2.3644,2.247,3.8024,1.3902,1.5956,3.8416,2.3997,2.7051,4.9159,1.8884,1.9466,3.8913,0.77984,2.1409,3.9913,1.5974,1.823,4.2529,2.4331,2.7103,4.9532,1.451,2.3789,3.2667,5.9452,2.8876,2.2336,1.8525,1.797,3.4961,1.9441,2.9944,4.2548,2.0256,1.9587,4.7772,1.1138,2.5803,4.2863,1.8987,2.1633,4.8649,1.6123,1.7768,3.9647,1.6081,2.0165,3.389,1.0342,2.7491,3.5778,0.93621,2.814,3.8294,1.4047,2.4145,3.863,1.1202,2.78,3.6364,1.8235,1.7656,4.0901,0.91471,2.4604,2.7775,1.9208,2.0777,4.3989,0.10261,2.7845,2.8662,1.0815,1.961,4.2624,0.96564,2.3225,3.0388,1.6398,2.3943,4.5898,0.98167,2.0776,2.8521,0.73713,1.9974,2.7413,1.6054,1.7767,3.9668,0.91808,2.4569,2.7884,1.3707,1.5872,3.8408,2.7674,2.5828,4.6324,1.0891,2.1512,3.6178,1.1308,2.778,3.6559,1.9792,1.9877,4.4887,1.0709,1.9618,4.2595,1.859,1.6476,3.4553,1.6638,2.4897,4.0003,2.1253,2.5424,4.9251,2.1452,2.3908,3.6903,1.2252,3.0639,3.4551,1.4531,1.4673,4.2233,0.63724,2.9953,3.6415,1.6244,1.7369,4.2285,0.7426,1.9985,2.7426,0.69302,2.1965,3.9504,2.6796,2.599,4.5384,2.0,2.1252,3.4312,1.3913,2.8958,3.5429,1.0844,2.2136,3.6241,2.5354,2.0092,4.4781,1.4846,1.7328,4.4252,1.585,2.5813,3.5721,2.0629,2.3025,4.0781,2.6971,2.3554,4.9969,0.45543,2.5321,2.9702
5.9772,0.91041,437.23,2.544,0.071392,1136.9,1.5004,1.8352,4.1508,1.2852,2.2324,4.2323,1.2174,1.9852,4.2294,2.4835,2.6449,4.2997,0.85508,2.0556,4.2416,1.5154,2.5022,3.8901,3.0307,2.8369,5.8511,1.21,1.9902,4.2351,1.7359,1.7017,4.2428,1.2919,2.2316,4.2543,0.84605,2.072,4.2133,2.9374,2.832,4.5254,5.6458,2.7499,1.4041,1.2643,2.8043,3.6456,0.9475,2.1556,3.025,2.4964,2.0687,4.4707,1.464,1.6695,3.9064,0.66564,2.5852,3.8668,2.0125,1.7646,3.4928,1.0911,2.4228,3.1063,0.2356,2.2934,3.5081,1.7756,1.6738,3.3941,2.0681,2.7984,4.3785,1.7844,1.678,3.4017,1.4777,1.6561,3.9195,0.39594,2.1507,3.1881,2.0608,2.3818,4.4113,1.4743,1.6799,3.204,0.81909,1.8951,2.7497,3.0114,2.8409,5.8317,2.0087,1.7747,3.4952,1.0093,2.7268,2.8926,1.8176,2.5869,4.0138,0.6309,1.8844,2.781,1.0663,2.4336,3.0707,1.893,1.9088,4.4993,1.6766,1.6796,3.8953,0.51683,2.197,3.7665,1.1969,2.4679,3.7803,0.98358,2.0935,3.2469,2.5853,2.3222,4.3373,2.0874,2.1855,4.7107,1.4824,1.6754,3.9237,1.892,1.9238,4.5042,1.4995,2.1928,3.266,0.81227,2.1168,3.163,2.4326,2.3811,4.3394,1.9565,2.5898,4.888,1.9237,2.6,4.8583,2.5742,2.3175,4.337,1.294,2.5009,3.9357,1.7001,2.2324,4.3142,2.0783,3.0401,4.0137,0.53504,2.4665,2.5081,1.528,2.0714,4.6046,2.0765,3.0458,4.0124,0.36512,2.3873,3.406,1.6562,1.6166,4.0786,0.71013,2.0483,3.0883,2.236,2.2574,4.6504,0.63838,2.5918,3.0228,0.98757,2.0974,3.2506,0.1588,2.892,1.9935,2.0051,2.0033,4.6146,2.5753,2.3239,4.3354,2.6502,2.3216,5.1841,2.0629,2.7638,4.3699,1.0896,1.8353,3.9612,4.6193,2.9642,0.50385,0.88395,2.1349,3.0472,1.3192,2.0859,4.2885,1.0624,2.0973,3.4993,2.2635,2.7375,4.53,1.7081,1.5989,4.1507,1.1742,2.5345,3.0872,0.76757,2.4293,3.7677,2.0685,1.9094,3.7136,1.5834,2.4536,3.4512,1.6408,2.5346,3.5967,1.6401,1.6574,4.2516,2.0337,2.7721,4.5077,2.0673,2.7719,4.5357,3.3619,2.7704,6.1188,1.7161,1.5952,4.148,1.7192,2.0027,3.4508,2.0964,2.9325,4.8919,1.1708,2.545,3.1001,2.6294,2.4495,4.9748,1.0287,2.6068,4.0628,1.5875,2.4406,3.4545,1.1548,1.808,4.0926,1.6604,1.607,4.0789,1.7132,2.0032,3.4473,0.24657,2.9372,3.3015,2.9057,2.2885,4.5945,1.3168,1.9549,4.207,1.2729,2.659,3.3632,1.4417,2.447,3.3357,1.8425,1.9639,3.71,1.9435,2.3707,4.0018,1.0821,2.2871,3.1827,2.5373,2.0374,5.1436,1.2456,2.6776,3.3299,1.4345,2.4562,3.329,0.27329,2.9464,3.3172,0.67602,1.8279,2.8766,1.6929,2.007,4.4437,1.4716,1.8409,4.1338,5.4992,2.9001,1.821,0.81927,2.1237,2.792,1.0243,2.6159,4.0581,2.1761,2.5191,3.6249,2.614,2.4298,4.9564,2.8454,2.6969,4.5571,2.1551,2.5146,4.5289,2.3488,2.104,4.208,0.77268,2.0103,3.3418,0.37464,2.4626,2.9309,0.60523,2.1424,3.7136,2.3782,2.4765,4.4397,0.80033,2.4586,2.8908,1.2526,1.5749,4.2886,1.6927,2.0116,3.4569,6.2542,2.6889,2.0086,3.283,2.9341,6.1925,0.78157,2.4322,2.9155,1.656,1.6342,4.0803,1.4994,1.8807,3.1767,0.75689,2.4517,2.8752,2.1661,2.3419,4.933,1.1599,2.5594,3.0812,1.0204,1.9764,3.5,0.50585,1.9849,3.2668,1.7066,2.0076,3.4473,2.4,2.0826,4.2054,2.1602,2.1618,4.9923,1.288,1.7348,3.8188,0.69054,1.984,2.7565,2.1595,2.1768,4.9941,2.3348,2.1991,4.4946,1.5715,2.3236,3.9656,4.2593,2.9899,0.18007,1.9537,2.3594,3.9977,0.82375,1.9637,4.1172,1.1993,2.5934,4.2337,3.5657,2.8385,6.1304,1.5414,1.6232,3.2939,0.29998,2.2947,3.3741,5.2033,2.9694,1.1309,0.5713,2.7706,3.2762,1.2819,2.5116,2.993,2.1507,2.136,4.9575,1.4915,2.0869,4.3696,1.5247,1.629,3.3019,1.4133,2.9265,3.3833,0.48446,2.4466,2.7649,0.90209,2.4482,2.9893,0.22327,2.6149,3.3373,1.6268,2.2817,4.1464,0.491,2.4406,2.7434,1.0403,2.1936,3.6467,1.3918,1.8064,4.2843,0.32012,2.3035,3.4013,1.523,1.6164,3.2903,0.4739,2.4453,2.7577,3.0219,2.8653,5.9516,1.9873,2.5827,4.0294,1.9848,2.1838,4.5954,2.5838,2.7682,5.2251,1.8878,1.9508,3.8922,1.3026,1.7915,3.697,2.1532,2.1488,4.9689,1.3971,2.6348,4.0047,1.005,3.0878,2.838,4.7126,2.966,0.43418,1.2542,2.6878,4.3236,1.9146,1.9547,3.9064,1.2577,2.6415,2.8787,0.40728,2.7591,3.0123,0.9632,2.8885,4.1552,0.59919,2.5337,2.5934,0.68905,1.9705,2.9628,0.56407,2.3985,3.4279,1.5746,2.1745,4.2384,1.2999,2.7003,4.3775,0.60901,1.9658,3.0843,1.9811,1.8795,3.8127,1.1935,1.8437,3.6575,2.3946,2.7054,4.8932,1.3785,1.534,4.1544,1.385,2.1571,3.1727,0.63316,1.9704,3.0849,0.46817,2.4466,2.5749,1.6263,2.2772,4.1481,2.4154,2.703,4.9327,0.62242,1.9726,3.0776,1.5809,1.7248,3.335,0.59471,3.0429,2.494,0.58921,2.5285,2.5902,2.9386,2.7436,5.9297,6.165,2.8777,2.545,4.6878,2.9761,0.39963,2.3293,2.3761,3.7222,0.99195,3.0674,3.7923,1.4032,2.2827,3.5325,0.90883,3.0724,3.7075,2.3738,2.2359,3.7931,1.1916,1.8267,3.6527,2.4222,2.3441,4.5637,2.5575,2.6357,4.0298,1.2899,2.6785,4.3646,1.8845,1.933,3.8881,1.1359,2.7736,3.6568,2.4225,2.472,5.0448,1.5693,2.5982,3.2983,2.1663,2.1928,4.1017,0.79081,1.9111,3.3749,2.3398,2.4038,3.7332,2.3217,2.4058,3.7142,2.2101,1.9201,4.9306,2.6267,2.2838,4.7878,2.364,2.2483,3.8011,1.3916,1.5972,3.8427,2.3892,2.702,4.9039,1.8883,1.9435,3.8888,0.78001,2.1406,3.9965,1.5967,1.8208,4.2519,2.4277,2.7082,4.9472,1.4517,2.3774,3.2674,5.9492,2.8888,2.2393,1.8516,1.7965,3.4994,1.9389,2.9891,4.2476,2.028,1.9604,4.7812,1.1165,2.5805,4.2891,1.9016,2.1653,4.8653,1.6123,1.7723,3.9643,1.6086,2.0176,3.3881,1.0378,2.7446,3.5804,0.94065,2.811,3.8328,1.4091,2.4182,3.8664,1.1204,2.777,3.6351,1.8211,1.76,4.0895,0.91513,2.4605,2.7783,1.9228,2.0793,4.4015,0.10903,2.7823,2.8722,1.0807,1.9609,4.2628,0.96832,2.3202,3.0436,1.6411,2.3942,4.5906,0.98202,2.0757,2.8551,0.73613,1.9968,2.7413,1.6043,1.7722,3.9665,0.91886,2.4565,2.7911,1.3688,1.5871,3.8415,2.7667,2.5816,4.6319,1.0895,2.1536,3.6161,1.133,2.7741,3.6576,1.9798,1.9876,4.4906,1.0689,1.9613,4.2599,1.86,1.6471,3.4561,1.6641,2.4912,4.0006,2.1278,2.5404,4.9256,2.1435,2.3925,3.6869,1.2332,3.062,3.4627,1.4542,1.4675,4.2217,0.6397,2.9945,3.6454,1.6245,1.734,4.2276,0.74236,1.9984,2.7428,0.69353,2.197,3.9515,2.678,2.5982,4.5386,2.0013,2.1245,3.4297,1.3928,2.8911,3.544,1.0846,2.2172,3.622,2.536,2.0109,4.48,1.4835,1.7324,4.4256,1.581,2.5799,3.5706,2.0628,2.3051,4.079,2.6951,2.3526,4.9946,0.45748,2.5323,2.9726
5.9772,0.91041,437.23,2.544,0.080317,1133.1,1.4971,1.8347,4.1475,1.2863,2.2334,4.2338,1.2156,1.9847,4.2291,2.4811,2.6424,4.2992,0.8547,2.0547,4.245,1.5146,2.505,3.8896,3.0348,2.8364,5.8565,1.2073,1.9901,4.2355,1.7343,1.6992,4.2419,1.294,2.2323,4.2588,0.84463,2.0732,4.2135,2.9441,2.8315,4.5282,5.6371,2.7457,1.3956,1.2678,2.7987,3.6487,0.94603,2.1568,3.0253,2.4981,2.0716,4.4747,1.4628,1.6682,3.9069,0.6663,2.5876,3.8638,2.0135,1.7649,3.4954,1.0929,2.4194,3.1129,0.22985,2.2946,3.4997,1.7742,1.6739,3.3952,2.0587,2.7942,4.3693,1.7842,1.6792,3.4033,1.4776,1.6535,3.9214,0.39603,2.1531,3.1858,2.0646,2.3855,4.4149,1.4742,1.682,3.2045,0.81734,1.8977,2.7466,3.0121,2.841,5.8344,2.0093,1.7766,3.4978,1.0097,2.7285,2.8942,1.8179,2.5869,4.0157,0.63104,1.8864,2.779,1.0651,2.4319,3.0729,1.8924,1.9079,4.5003,1.6761,1.6772,3.8953,0.51822,2.1962,3.7701,1.1969,2.4746,3.7791,0.98003,2.0984,3.2432,2.5914,2.3258,4.3447,2.0906,2.1905,4.7157,1.4831,1.6756,3.9257,1.8915,1.9248,4.5059,1.5009,2.1959,3.2657,0.81025,2.1222,3.1591,2.4349,2.3828,4.3435,1.9581,2.5884,4.8872,1.9216,2.6008,4.8548,2.5788,2.3206,4.3448,1.2949,2.5032,3.934,1.7022,2.2326,4.3173,2.0795,3.0368,4.0137,0.53968,2.4661,2.5129,1.5255,2.0737,4.6042,2.0763,3.0427,4.0108,0.36113,2.389,3.4013,1.6555,1.6147,4.0779,0.70999,2.052,3.0867,2.2351,2.2596,4.6508,0.63965,2.5879,3.0262,0.98484,2.1022,3.2476,0.16111,2.8922,1.9946,2.0071,2.0063,4.6187,2.58,2.3278,4.3425,2.646,2.3193,5.1814,2.053,2.755,4.3605,1.091,1.8327,3.9637,4.6199,2.9589,0.50403,0.88336,2.1372,3.0462,1.3209,2.084,4.2918,1.0631,2.0988,3.4998,2.2562,2.7348,4.5219,1.7092,1.5984,4.1494,1.1784,2.5314,3.09,0.77017,2.4301,3.7673,2.0706,1.9065,3.7099,1.5809,2.4558,3.4486,1.6376,2.5363,3.5951,1.6373,1.6543,4.2517,2.0235,2.7658,4.4969,2.0609,2.7658,4.5284,3.3645,2.7686,6.1205,1.7186,1.594,4.1461,1.7216,2.0022,3.4505,2.0912,2.9315,4.8868,1.1741,2.5434,3.104,2.6281,2.4498,4.9724,1.0298,2.6072,4.0626,1.5854,2.4413,3.4524,1.1503,1.8094,4.0911,1.6605,1.604,4.078,1.7149,2.0029,3.4465,0.24145,2.9357,3.2973,2.9106,2.2878,4.5992,1.3165,1.9552,4.2074,1.2756,2.6551,3.3687,1.4385,2.4457,3.3347,1.8428,1.9604,3.7076,1.9425,2.3758,4.0034,1.0799,2.2876,3.1817,2.537,2.0358,5.1425,1.2463,2.676,3.3326,1.4304,2.4558,3.3273,0.27122,2.9461,3.3148,0.67559,1.8307,2.8715,1.6914,2.0037,4.4469,1.472,1.8374,4.1358,5.4934,2.8998,1.8165,0.81934,2.1238,2.7939,1.0245,2.6176,4.057,2.1799,2.5185,3.6256,2.6105,2.4277,4.9515,2.852,2.6954,4.5626,2.1542,2.5127,4.528,2.3487,2.1044,4.21,0.77352,2.0135,3.3403,0.38148,2.4609,2.938,0.60538,2.1427,3.7137,2.377,2.472,4.4412,0.8078,2.4577,2.8966,1.2522,1.574,4.2884,1.6912,2.0124,3.4576,6.2361,2.6888,2.0025,3.2928,2.9332,1.7625,0.78623,2.4274,2.9243,1.6555,1.6341,4.0791,1.5001,1.8832,3.1758,0.75867,2.4499,2.8789,2.1657,2.3411,4.9298,1.162,2.5592,3.0828,1.0229,1.978,3.4994,0.50177,1.9857,3.2686,1.7075,2.0076,3.4467,2.402,2.0831,4.207,2.1627,2.1627,4.9939,1.2876,1.7319,3.8214,0.6917,1.9847,2.7568,2.162,2.1797,4.9957,2.3374,2.2011,4.4996,1.5722,2.3285,3.966,4.2679,2.9869,0.18689,1.9536,2.3627,3.9982,0.82196,1.9634,4.1174,1.2034,2.5966,4.2366,3.5728,2.8362,6.1379,1.5427,1.6241,3.295,0.29647,2.2944,3.3688,5.2105,2.9661,1.1363,0.57311,2.7686,3.2792,1.2843,2.5124,2.9953,2.1522,2.1337,4.9544,1.4938,2.0852,4.3725,1.5246,1.6298,3.3038,1.4177,2.926,3.3854,0.48953,2.4459,2.772,0.89887,2.4473,2.9879,0.22343,2.6144,3.3366,1.6289,2.2853,4.1495,0.49731,2.4396,2.7482,1.0388,2.1974,3.6445,1.3913,1.806,4.283,0.31949,2.3043,3.4001,1.5222,1.6161,3.2909,0.47793,2.4445,2.7641,3.0283,2.8646,5.9598,1.9845,2.5809,4.0285,1.9869,2.1846,4.5966,2.5761,2.7671,5.2174,1.8875,1.9482,3.8904,1.3036,1.7874,3.6985,2.1547,2.1479,4.9671,1.3966,2.6319,4.0042,0.98892,3.0881,2.8208,4.7159,2.9628,0.4372,1.2545,2.6884,4.3227,1.9161,1.9539,3.9091,1.2596,2.6424,2.8811,0.41489,2.7567,3.0216,0.96738,2.888,4.1593,0.60316,2.5355,2.5954,0.68774,1.9756,2.9587,0.56621,2.3991,3.4274,1.5756,2.174,4.2399,1.3067,2.7023,4.384,0.60516,1.9681,3.0792,1.9814,1.8768,3.8117,1.1934,1.843,3.6593,2.3849,2.7024,4.8802,1.3784,1.5356,4.1513,1.3842,2.157,3.1724,0.63244,1.9736,3.0802,0.46926,2.446,2.5762,1.6284,2.2809,4.1512,2.4085,2.6999,4.925,0.62026,1.976,3.0718,1.5832,1.7261,3.3363,0.60516,3.0434,2.5022,0.59139,2.5298,2.5911,2.9439,2.7436,5.9368,6.1645,2.8796,2.5466,4.6895,2.9742,0.39997,2.3268,2.3714,3.7173,1.0052,3.0654,3.8082,1.3978,2.2869,3.5278,0.91733,3.0714,3.7184,2.3745,2.2356,3.7908,1.1913,1.8234,3.6541,2.4221,2.3452,4.5644,2.5541,2.6372,4.0303,1.2942,2.6779,4.3685,1.8837,1.9281,3.8857,1.1376,2.7702,3.658,2.419,2.4703,5.0381,1.5644,2.5951,3.2987,2.1661,2.1939,4.1018,0.79124,1.9126,3.3749,2.3385,2.403,3.73,2.3177,2.4049,3.7081,2.2138,1.9248,4.9348,2.6245,2.2828,4.7874,2.3637,2.2498,3.7998,1.393,1.5988,3.8439,2.3789,2.6987,4.8922,1.8882,1.9403,3.8863,0.78018,2.1403,4.0016,1.596,1.8187,4.2508,2.4225,2.7061,4.9413,1.4525,2.376,3.2682,5.9536,2.89,2.2451,1.8506,1.796,3.5027,1.934,2.9838,4.2405,2.0304,1.962,4.7852,1.1193,2.5808,4.2919,1.9045,2.1672,4.8656,1.6123,1.7677,3.9639,1.6091,2.0187,3.3871,1.0413,2.7401,3.5828,0.945,2.8081,3.836,1.4136,2.4219,3.8698,1.1207,2.774,3.6337,1.8187,1.7545,4.0889,0.91556,2.4606,2.7792,1.9248,2.0809,4.404,0.11555,2.7801,2.8781,1.0799,1.9607,4.2633,0.9709,2.318,3.0484,1.6426,2.394,4.5915,0.98235,2.0739,2.858,0.73517,1.9961,2.7414,1.6032,1.7676,3.9662,0.91961,2.456,2.7937,1.3669,1.587,3.8423,2.7661,2.5803,4.6315,1.0899,2.1561,3.6145,1.1351,2.7702,3.6593,1.9803,1.9875,4.4923,1.067,1.9607,4.2603,1.8609,1.6465,3.457,1.6644,2.4928,4.0009,2.1303,2.5385,4.9262,2.1419,2.3941,3.6836,1.2414,3.0601,3.4704,1.4553,1.4677,4.22,0.6419,2.9937,3.6491,1.6247,1.7311,4.2266,0.74215,1.9981,2.743,0.694,2.1975,3.9525,2.6764,2.5973,4.5389,2.0027,2.1237,3.4281,1.3944,2.8863,3.5451,1.0847,2.2208,3.6199,2.5367,2.0126,4.4819,1.4823,1.7319,4.426,1.577,2.5784,3.569,2.0627,2.3076,4.08,2.6933,2.35,4.9925,0.4595,2.5326,2.9749
5.9772,0.91041,437.23,2.544,0.089241,1129.2,1.4938,1.8341,4.1443,1.2873,2.2344,4.2352,1.2138,1.9841,4.2289,2.4789,2.6399,4.2987,0.85429,2.0539,4.2483,1.5138,2.5076,3.889,3.0389,2.836,5.862,1.2045,1.9901,4.2359,1.7327,1.6967,4.2409,1.2961,2.2329,4.2632,0.84326,2.0744,4.2137,2.9508,2.8309,4.5311,5.6285,2.7414,1.3874,1.2712,2.7932,3.6515,0.94458,2.158,3.0257,2.4999,2.0745,4.4787,1.4616,1.667,3.9074,0.66693,2.5898,3.8607,2.0145,1.7651,3.498,1.0945,2.4162,3.1194,0.22399,2.2956,3.491,1.7728,1.6739,3.3962,2.0495,2.79,4.3604,1.784,1.6804,3.4049,1.4776,1.6509,3.9232,0.39614,2.1556,3.1834,2.0684,2.3891,4.4185,1.4741,1.6842,3.2051,0.81563,1.9003,2.7438,3.0128,2.841,5.8371,2.0099,1.7784,3.5004,1.0101,2.7301,2.8958,1.8181,2.587,4.0176,0.63121,1.8884,2.777,1.0638,2.4302,3.0749,1.8918,1.9069,4.5013,1.6757,1.675,3.8953,0.5197,2.1954,3.7738,1.1969,2.4812,3.778,0.97644,2.1031,3.2396,2.5976,2.3293,4.3522,2.0939,2.1955,4.7207,1.4837,1.6758,3.9277,1.8911,1.9258,4.5075,1.5023,2.1989,3.2653,0.80817,2.1276,3.1552,2.4373,2.3844,4.3477,1.9597,2.5872,4.8864,1.9196,2.6016,4.8514,2.5835,2.3238,4.3527,1.2957,2.5055,3.9322,1.7044,2.2328,4.3205,2.0805,3.0336,4.0136,0.54426,2.4659,2.5175,1.523,2.0761,4.6037,2.0763,3.0394,4.0092,0.35715,2.3908,3.3967,1.6549,1.6127,4.0771,0.70983,2.0556,3.0851,2.2342,2.2618,4.6512,0.64079,2.5841,3.0296,0.98211,2.1068,3.2446,0.16328,2.8922,1.9954,2.0092,2.0094,4.6228,2.5847,2.3316,4.3496,2.6418,2.3169,5.1787,2.0437,2.7463,4.3515,1.0924,1.8301,3.9662,4.6203,2.9536,0.50419,0.88278,2.1395,3.0452,1.3225,2.0822,4.295,1.0637,2.1003,3.5004,2.249,2.7321,4.514,1.7102,1.5979,4.1482,1.1826,2.5283,3.0926,0.77275,2.4309,3.7669,2.0726,1.9037,3.7063,1.5785,2.458,3.446,1.6346,2.5381,3.5935,1.6347,1.6513,4.2518,2.0136,2.7595,4.4864,2.0547,2.7596,4.5214,3.3671,2.7668,6.1224,1.721,1.5928,4.1443,1.7241,2.0016,3.4503,2.086,2.9305,4.8816,1.1773,2.5418,3.1078,2.6267,2.4501,4.97,1.0308,2.6076,4.0624,1.5832,2.4419,3.4503,1.1459,1.8108,4.0897,1.6605,1.6011,4.0772,1.7166,2.0025,3.4459,0.23639,2.9342,3.2931,2.9154,2.287,4.6038,1.3163,1.9554,4.2078,1.2781,2.6513,3.374,1.4353,2.4445,3.3337,1.8432,1.957,3.7052,1.9416,2.3809,4.005,1.0776,2.2882,3.1808,2.5366,2.0342,5.1415,1.2469,2.6744,3.3354,1.4263,2.4554,3.3256,0.26919,2.9458,3.3124,0.67512,1.8335,2.8664,1.6899,2.0004,4.4499,1.4724,1.834,4.1378,5.4877,2.8995,1.8121,0.81942,2.1239,2.7957,1.0247,2.6194,4.0558,2.1838,2.5179,3.6264,2.6071,2.4256,4.9466,2.8586,2.6938,4.5681,2.1534,2.5109,4.5272,2.3487,2.1048,4.2122,0.77434,2.0167,3.3389,0.38824,2.4591,2.9449,0.60554,2.1429,3.7137,2.3758,2.4676,4.4427,0.81526,2.4567,2.9023,1.2518,1.573,4.2882,1.6898,2.0132,3.4582,6.2514,2.6886,1.9962,3.3025,2.9323,5.8833,0.79062,2.4227,2.9328,1.6549,1.634,4.0779,1.5009,1.8857,3.175,0.76036,2.448,2.8826,2.1653,2.3403,4.9266,1.1642,2.5592,3.0844,1.0254,1.9798,3.4988,0.4976,1.9865,3.2705,1.7083,2.0076,3.4461,2.4041,2.0837,4.2088,2.1653,2.1636,4.9955,1.287,1.7289,3.824,0.69287,1.9855,2.7572,2.1644,2.1825,4.9972,2.34,2.2031,4.5047,1.573,2.3335,3.9664,4.2763,2.9839,0.19351,1.9534,2.3661,3.9987,0.82019,1.9631,4.1174,1.2075,2.5998,4.2396,3.5798,2.834,6.1452,1.544,1.6251,3.2962,0.29296,2.294,3.3636,5.2173,2.9628,1.1415,0.57482,2.7666,3.2822,1.2867,2.513,2.9975,2.1538,2.1315,4.9514,1.4961,2.0835,4.3754,1.5245,1.6305,3.3058,1.4221,2.9256,3.3876,0.49461,2.4453,2.7791,0.89574,2.4465,2.9867,0.22356,2.6138,3.3358,1.6311,2.2887,4.1526,0.50355,2.4386,2.7529,1.0372,2.2012,3.6422,1.3909,1.8056,4.2817,0.31888,2.3052,3.3989,1.5216,1.6158,3.2915,0.48195,2.4437,2.7704,3.0347,2.864,5.9679,1.9817,2.5791,4.0277,1.9891,2.1852,4.5978,2.5682,2.7661,5.2096,1.8871,1.9455,3.8886,1.3044,1.7833,3.7001,2.1561,2.1471,4.9653,1.3962,2.6291,4.0037,0.9724,3.0885,2.8031,4.7193,2.9595,0.44024,1.2547,2.689,4.3219,1.9175,1.9531,3.9119,1.2616,2.6432,2.8834,0.42239,2.7543,3.0309,0.97164,2.8876,4.1634,0.60707,2.5375,2.5972,0.68645,1.9806,2.9549,0.56838,2.3995,3.4268,1.5766,2.1734,4.2413,1.3135,2.7043,4.3906,0.60132,1.9704,3.074,1.9818,1.874,3.8108,1.1933,1.8422,3.6611,2.3755,2.6993,4.8674,1.3784,1.537,4.1481,1.3834,2.1569,3.172,0.63173,1.9768,3.0756,0.47031,2.4454,2.5774,1.6305,2.2845,4.1543,2.4018,2.6967,4.9174,0.61807,1.9794,3.066,1.5855,1.7273,3.3375,0.61574,3.0438,2.5106,0.59348,2.5312,2.5918,2.9494,2.7436,5.9439,6.1639,2.8816,2.5482,4.6913,2.9724,0.40047,2.3243,2.3667,3.7124,1.0174,3.0632,3.8229,1.3923,2.2911,3.5232,0.92537,3.0704,3.7288,2.3752,2.2354,3.7884,1.1909,1.8201,3.6555,2.4219,2.3462,4.5652,2.5507,2.6387,4.0308,1.2984,2.6773,4.3723,1.8829,1.9231,3.8832,1.1394,2.7668,3.6592,2.4156,2.4685,5.0315,1.5594,2.592,3.2993,2.1659,2.1951,4.102,0.79164,1.914,3.3749,2.3371,2.4022,3.7268,2.3137,2.4039,3.702,2.2176,1.9294,4.939,2.6223,2.282,4.787,2.3633,2.2512,3.7986,1.3944,1.6004,3.8451,2.3688,2.6954,4.8807,1.888,1.937,3.8839,0.78038,2.1399,4.0067,1.5952,1.8165,4.2498,2.4173,2.7039,4.9354,1.4531,2.3746,3.2688,5.9581,2.8912,2.2512,1.8496,1.7956,3.506,1.9294,2.9785,4.2337,2.0329,1.9636,4.7892,1.1219,2.581,4.2945,1.9074,2.1691,4.8659,1.6123,1.7632,3.9635,1.6097,2.0197,3.3863,1.0445,2.7358,3.585,0.94924,2.8053,3.8392,1.418,2.4255,3.8733,1.1209,2.771,3.6323,1.8163,1.749,4.0883,0.91599,2.4608,2.78,1.9268,2.0825,4.4066,0.12214,2.7777,2.8841,1.0791,1.9605,4.2637,0.97335,2.3158,3.053,1.6442,2.3938,4.5925,0.98266,2.072,2.8608,0.73425,1.9954,2.7415,1.602,1.763,3.966,0.92033,2.4556,2.7963,1.365,1.5868,3.8431,2.7655,2.5789,4.6312,1.0903,2.1587,3.6127,1.1373,2.7662,3.6609,1.9809,1.9875,4.4941,1.0651,1.9601,4.2608,1.8619,1.6459,3.4578,1.6647,2.4943,4.0011,2.1329,2.5367,4.9268,2.1402,2.3959,3.6804,1.2497,3.0583,3.4783,1.4565,1.4679,4.2183,0.64386,2.9929,3.6525,1.6249,1.7282,4.2256,0.74196,1.9979,2.7432,0.69445,2.1981,3.9534,2.6748,2.5965,4.5391,2.004,2.1229,3.4265,1.396,2.8815,3.5463,1.0847,2.2243,3.6178,2.5375,2.0143,4.4837,1.4812,1.7315,4.4264,1.5732,2.577,3.5676,2.0627,2.31,4.081,2.6915,2.3475,4.9903,0.46149,2.5328,2.9773
5.9772,0.91041,437.23,2.544,0.098165,1125.3,1.4905,1.8334,4.141,1.2884,2.2355,4.2366,1.212,1.9836,4.2287,2.4767,2.6375,4.2983,0.85384,2.0531,4.2515,1.513,2.5103,3.8885,3.043,2.8355,5.8675,1.2018,1.9899,4.2364,1.7311,1.6943,4.2399,1.2982,2.2335,4.2677,0.84193,2.0755,4.214,2.9573,2.8304,4.534,5.6201,2.737,1.3793,1.2744,2.7878,3.6542,0.94315,2.1592,3.0262,2.5017,2.0774,4.4827,1.4604,1.6658,3.9079,0.66753,2.5921,3.8575,2.0153,1.7653,3.5006,1.0958,2.413,3.1256,0.218,2.2967,3.4822,1.7714,1.6739,3.3972,2.0406,2.7858,4.3518,1.7837,1.6815,3.4066,1.4775,1.6484,3.925,0.39629,2.158,3.181,2.0721,2.3925,4.4221,1.4739,1.6864,3.2056,0.81396,1.9028,2.7411,3.0136,2.841,5.8398,2.0105,1.7803,3.5031,1.0104,2.7317,2.8974,1.8184,2.5871,4.0195,0.63139,1.8903,2.7751,1.0625,2.4286,3.0769,1.8912,1.9059,4.5024,1.6753,1.6728,3.8954,0.52126,2.1944,3.7775,1.1969,2.4874,3.7769,0.97282,2.1077,3.2361,2.6038,2.3328,4.3596,2.0972,2.2003,4.7256,1.4844,1.6761,3.9297,1.8909,1.9269,4.5093,1.5038,2.2019,3.265,0.80602,2.133,3.1514,2.4397,2.3861,4.3519,1.9613,2.5861,4.8855,1.9176,2.6025,4.8481,2.5882,2.3269,4.3606,1.2965,2.5077,3.9303,1.7065,2.233,4.3237,2.0816,3.0303,4.0135,0.54879,2.4656,2.5221,1.5204,2.0786,4.6032,2.0763,3.0362,4.0077,0.35316,2.3924,3.3921,1.6542,1.6108,4.0763,0.70965,2.0591,3.0835,2.2333,2.2639,4.6515,0.64181,2.5803,3.0328,0.9794,2.1113,3.2417,0.16533,2.8922,1.9961,2.0113,2.0126,4.6268,2.5896,2.3354,4.357,2.6376,2.3145,5.176,2.0349,2.7376,4.3431,1.0938,1.8274,3.9687,4.6208,2.9483,0.50436,0.88222,2.1417,3.0444,1.3242,2.0803,4.2981,1.0642,2.1018,3.5008,2.2419,2.7294,4.5062,1.7113,1.5974,4.1469,1.1867,2.5253,3.0953,0.77533,2.4318,3.7664,2.0747,1.9009,3.7027,1.576,2.4602,3.4433,1.6316,2.5397,3.592,1.632,1.6483,4.2519,2.0039,2.7529,4.4762,2.0487,2.7533,4.5146,3.3699,2.765,6.1244,1.7236,1.5917,4.1424,1.7265,2.001,3.45,2.0807,2.9294,4.8765,1.1805,2.5403,3.1115,2.6254,2.4504,4.9676,1.0319,2.608,4.0623,1.5811,2.4425,3.4482,1.1414,1.8121,4.0883,1.6606,1.5983,4.0764,1.7182,2.0021,3.4453,0.23141,2.9328,3.2891,2.9202,2.2863,4.6083,1.316,1.9557,4.2082,1.2805,2.6477,3.3791,1.4321,2.4434,3.3327,1.8436,1.9535,3.7029,1.9408,2.386,4.0068,1.0753,2.2887,3.1798,2.5363,2.0326,5.1406,1.2474,2.6728,3.3381,1.4223,2.455,3.324,0.2672,2.9455,3.3101,0.67463,1.8362,2.8614,1.6883,1.997,4.4529,1.4728,1.8305,4.1397,5.4819,2.8992,1.8076,0.81948,2.1241,2.7976,1.0249,2.6212,4.0546,2.1878,2.5174,3.6271,2.6039,2.4235,4.9418,2.8653,2.6922,4.5737,2.1526,2.509,4.5265,2.3487,2.1051,4.2144,0.77512,2.0199,3.3373,0.39493,2.4572,2.9516,0.60568,2.1432,3.7137,2.3746,2.4633,4.4441,0.8227,2.4557,2.9081,1.2514,1.5722,4.2879,1.6883,2.014,3.4588,6.2407,2.6884,1.9898,3.312,2.9313,0.14291,0.79474,2.4181,2.9411,1.6543,1.6338,4.0768,1.5016,1.8883,3.1742,0.76194,2.4461,2.8861,2.165,2.3395,4.9233,1.1662,2.5592,3.0858,1.0278,1.9815,3.4982,0.49332,1.9872,3.2724,1.7092,2.0076,3.4455,2.4062,2.0843,4.2106,2.1677,2.1644,4.997,1.2864,1.726,3.8265,0.69404,1.9861,2.7576,2.1668,2.1852,4.9986,2.3427,2.2051,4.5098,1.5737,2.3384,3.9669,4.2844,2.9808,0.19994,1.9534,2.3696,3.9992,0.81844,1.9628,4.1174,1.2115,2.603,4.2426,3.5866,2.8317,6.1524,1.5453,1.6261,3.2973,0.28948,2.2937,3.3584,5.2238,2.9595,1.1464,0.57641,2.7646,3.2849,1.2891,2.5137,2.9997,2.1554,2.1293,4.9484,1.4984,2.0817,4.3783,1.5243,1.6311,3.3079,1.4264,2.9252,3.3897,0.49969,2.4445,2.7863,0.89273,2.4455,2.9856,0.22366,2.6132,3.335,1.6332,2.2922,4.1558,0.50973,2.4377,2.7577,1.0356,2.205,3.6398,1.3904,1.8051,4.2804,0.31829,2.306,3.3978,1.5209,1.6154,3.2921,0.48595,2.4429,2.7767,3.041,2.8632,5.976,1.9788,2.5773,4.0269,1.9912,2.1858,4.5989,2.5602,2.765,5.2017,1.8868,1.9427,3.8867,1.3053,1.7792,3.7016,2.1576,2.1462,4.9634,1.3959,2.6263,4.0033,0.95545,3.0889,2.7851,4.7225,2.9561,0.44333,1.2551,2.6895,4.3212,1.9189,1.9523,3.9147,1.2635,2.644,2.8857,0.42977,2.7518,3.04,0.97596,2.8869,4.1676,0.61093,2.5395,2.5989,0.68518,1.9855,2.9511,0.57055,2.4,3.4263,1.5776,2.1727,4.2427,1.3203,2.7062,4.3973,0.59748,1.9726,3.0688,1.9821,1.8713,3.81,1.1931,1.8414,3.663,2.3663,2.6961,4.8548,1.3782,1.5384,4.1449,1.3826,2.1567,3.1717,0.63103,1.98,3.071,0.47136,2.4449,2.5786,1.6326,2.2882,4.1574,2.3952,2.6935,4.9098,0.61588,1.9827,3.0601,1.5878,1.7285,3.3388,0.62646,3.0443,2.5191,0.59547,2.5325,2.5924,2.955,2.7436,5.9511,6.1634,2.8836,2.5499,4.6933,2.9705,0.40112,2.3219,2.3621,3.7074,1.0287,3.061,3.8368,1.3867,2.2953,3.5186,0.93299,3.0696,3.7387,2.3759,2.2352,3.7862,1.1906,1.8168,3.6569,2.4218,2.3472,4.566,2.5474,2.6401,4.0313,1.3027,2.6768,4.3761,1.8822,1.918,3.8808,1.141,2.7635,3.6602,2.4123,2.4669,5.025,1.5544,2.589,3.2999,2.1656,2.1962,4.1023,0.79202,1.9155,3.3749,2.3358,2.4013,3.7236,2.3096,2.4028,3.6959,2.2213,1.934,4.943,2.6202,2.2812,4.7867,2.363,2.2527,3.7974,1.3958,1.6019,3.8464,2.359,2.692,4.8694,1.8879,1.9338,3.8814,0.7806,2.1396,4.0118,1.5945,1.8143,4.2487,2.4122,2.7018,4.9297,1.4537,2.3733,3.2694,5.9629,2.8924,2.2575,1.8488,1.7951,3.5092,1.9248,2.9731,4.2272,2.0353,1.9654,4.7931,1.1246,2.5813,4.2972,1.9103,2.171,4.8662,1.6123,1.7589,3.9632,1.6102,2.0208,3.3855,1.0475,2.7317,3.5872,0.95341,2.8024,3.8422,1.4225,2.4288,3.8768,1.1212,2.768,3.631,1.8139,1.7436,4.0878,0.91643,2.461,2.7808,1.9289,2.0842,4.4091,0.12879,2.7753,2.8902,1.0784,1.9602,4.2642,0.97569,2.3136,3.0574,1.6457,2.3937,4.5935,0.98293,2.0703,2.8636,0.73336,1.9947,2.7417,1.6009,1.7584,3.9657,0.92101,2.4551,2.7988,1.3631,1.5866,3.8438,2.765,2.5776,4.6309,1.0906,2.1613,3.6108,1.1395,2.7622,3.6625,1.9815,1.9874,4.4959,1.0632,1.9595,4.2613,1.8629,1.6454,3.4586,1.665,2.4957,4.0014,2.1355,2.5348,4.9274,2.1386,2.3976,3.6771,1.258,3.0564,3.4862,1.4576,1.4681,4.2167,0.6456,2.9921,3.6557,1.6252,1.7252,4.2246,0.74179,1.9977,2.7435,0.69488,2.1986,3.9543,2.6732,2.5957,4.5394,2.0053,2.1221,3.425,1.3976,2.8766,3.5474,1.0848,2.2278,3.6157,2.5383,2.0159,4.4856,1.4801,1.7312,4.4267,1.5694,2.5757,3.5662,2.0627,2.3125,4.0821,2.6898,2.3451,4.9883,0.46346,2.533,2.9797
5.9772,0.91041,437.23,2.544,0.10709,1121.1,1.4872,1.8327,4.1377,1.2896,2.2365,4.2381,1.2103,1.9829,4.2284,2.4745,2.6351,4.298,0.85337,2.0523,4.2546,1.5122,2.513,3.8878,3.0472,2.835,5.873,1.199,1.9897,4.2368,1.7295,1.6918,4.2388,1.3002,2.234,4.2721,0.84063,2.0767,4.2143,2.9638,2.83,4.5369,5.6118,2.7326,1.3716,1.2775,2.7823,3.6567,0.94172,2.1603,3.0266,2.5035,2.0804,4.4868,1.4592,1.6646,3.9084,0.6681,2.5944,3.8544,2.0162,1.7654,3.5032,1.0969,2.4099,3.1315,0.21191,2.2978,3.4732,1.7699,1.6739,3.3981,2.0321,2.7815,4.3435,1.7834,1.6826,3.4083,1.4775,1.6459,3.9267,0.39646,2.1603,3.1788,2.0758,2.3959,4.4256,1.4738,1.6887,3.206,0.81232,1.9051,2.7384,3.0144,2.8411,5.8426,2.0111,1.782,3.5056,1.0108,2.7333,2.8987,1.8187,2.5872,4.0215,0.63159,1.8922,2.7731,1.0611,2.427,3.0789,1.8905,1.9049,4.5033,1.6749,1.6705,3.8954,0.52292,2.1934,3.7814,1.1968,2.4935,3.7758,0.96916,2.1122,3.2325,2.6101,2.3363,4.367,2.1005,2.205,4.7305,1.4851,1.6764,3.9317,1.8906,1.928,4.511,1.5053,2.205,3.2646,0.80379,2.1385,3.1475,2.4422,2.3878,4.3562,1.9629,2.5852,4.8846,1.9157,2.6034,4.8448,2.593,2.33,4.3688,1.2973,2.51,3.9285,1.7088,2.2332,4.3269,2.0827,3.027,4.0134,0.55319,2.4652,2.5265,1.5177,2.0811,4.6027,2.0765,3.033,4.0064,0.34918,2.394,3.3876,1.6535,1.6089,4.0756,0.70944,2.0627,3.0819,2.2324,2.2659,4.6516,0.64271,2.5764,3.0361,0.97671,2.1157,3.2389,0.16721,2.8922,1.9967,2.0135,2.0157,4.6309,2.5944,2.3391,4.3644,2.6334,2.3122,5.1732,2.0267,2.7289,4.3353,1.0953,1.8247,3.9714,4.6212,2.9431,0.50453,0.88168,2.144,3.0436,1.3259,2.0786,4.3012,1.0647,2.1033,3.5012,2.235,2.7266,4.4986,1.7124,1.5968,4.1457,1.1907,2.5224,3.0978,0.7779,2.4327,3.7659,2.0767,1.8981,3.6992,1.5735,2.4623,3.4407,1.6285,2.5412,3.5905,1.6292,1.6454,4.252,1.9947,2.7463,4.4663,2.043,2.747,4.508,3.3729,2.7631,6.1266,1.7262,1.5905,4.1404,1.7289,2.0003,3.4497,2.0755,2.9284,4.8713,1.1836,2.5388,3.115,2.6242,2.4507,4.9651,1.033,2.6084,4.0622,1.579,2.4432,3.4462,1.137,1.8134,4.0869,1.6607,1.5956,4.0755,1.7199,2.0017,3.4446,0.22658,2.9313,3.2851,2.9249,2.2855,4.6127,1.3159,1.9558,4.2086,1.2826,2.6441,3.384,1.429,2.4422,3.3318,1.844,1.9499,3.7006,1.94,2.3911,4.0086,1.073,2.2891,3.1789,2.5359,2.0311,5.1397,1.2479,2.6712,3.3409,1.4183,2.4546,3.3224,0.26524,2.9452,3.3078,0.67412,1.8389,2.8564,1.6865,1.9935,4.4557,1.4732,1.827,4.1417,5.4762,2.8988,1.8032,0.81956,2.1242,2.7995,1.025,2.623,4.0534,2.1918,2.517,3.6279,2.6007,2.4214,4.9371,2.872,2.6905,4.5792,2.1519,2.5073,4.5258,2.3486,2.1055,4.2166,0.77587,2.0231,3.3357,0.40152,2.4554,2.9584,0.6058,2.1434,3.7137,2.3734,2.4593,4.4456,0.83012,2.4548,2.9139,1.251,1.5714,4.2876,1.6868,2.0147,3.4595,6.2369,2.6881,1.9833,3.3212,2.9303,0.0028399,0.79859,2.4134,2.9492,1.6538,1.6337,4.0757,1.5023,1.8908,3.1734,0.76344,2.4443,2.8895,2.1647,2.3387,4.9201,1.1682,2.5592,3.0872,1.0302,1.9832,3.4975,0.48893,1.988,3.2744,1.71,2.0076,3.4448,2.4084,2.0849,4.2124,2.17,2.1652,4.9985,1.2859,1.7231,3.829,0.6952,1.9868,2.758,2.1691,2.1877,4.9999,2.3454,2.2071,4.5148,1.5744,2.3433,3.9673,4.2924,2.9777,0.20619,1.9533,2.3731,3.9997,0.81669,1.9624,4.1175,1.2157,2.6062,4.2457,3.5934,2.8294,6.1595,1.5465,1.6271,3.2984,0.286,2.2934,3.3532,5.2301,2.9561,1.151,0.57789,2.7626,3.2875,1.2914,2.5144,3.002,2.1571,2.1272,4.9456,1.5007,2.0799,4.3812,1.5242,1.6317,3.3099,1.4307,2.9248,3.3916,0.50475,2.4437,2.7934,0.88981,2.4445,2.9845,0.22368,2.6127,3.3342,1.6353,2.2955,4.1589,0.51581,2.4368,2.7624,1.0339,2.2089,3.6374,1.39,1.8046,4.2791,0.3177,2.3067,3.3966,1.5202,1.615,3.2928,0.48992,2.4421,2.783,3.0473,2.8624,5.984,1.976,2.5756,4.026,1.9933,2.1864,4.6001,2.5523,2.7638,5.1938,1.8864,1.9399,3.8847,1.3062,1.7751,3.7031,2.1591,2.1453,4.9617,1.3956,2.6236,4.0029,0.93793,3.0893,2.7666,4.7258,2.9527,0.44644,1.2555,2.69,4.3204,1.9203,1.9514,3.9174,1.2655,2.6448,2.8881,0.43702,2.7493,3.0489,0.98035,2.8862,4.1718,0.6147,2.5415,2.6006,0.68394,1.9903,2.9474,0.57272,2.4004,3.4259,1.5785,2.172,4.244,1.3271,2.708,4.404,0.59369,1.9749,3.0636,1.9825,1.8685,3.8092,1.1929,1.8406,3.6649,2.3574,2.6929,4.8425,1.3781,1.5398,4.1415,1.3818,2.1564,3.1713,0.63036,1.9832,3.0665,0.47237,2.4444,2.5798,1.6349,2.2918,4.1605,2.3888,2.6904,4.9023,0.6137,1.986,3.0543,1.5901,1.7296,3.34,0.63722,3.0447,2.5277,0.59737,2.5339,2.5929,2.9608,2.7435,5.9585,6.1631,2.8855,2.5516,4.6954,2.9686,0.40191,2.3195,2.3574,3.7024,1.0389,3.0589,3.8495,1.3812,2.2994,3.5139,0.94002,3.0687,3.7481,2.3766,2.235,3.7841,1.1902,1.8135,3.6584,2.4217,2.3482,4.5667,2.5441,2.6416,4.032,1.3068,2.6763,4.38,1.8814,1.9128,3.8785,1.1426,2.7602,3.6611,2.4092,2.4652,5.0186,1.5495,2.5861,3.3006,2.1655,2.1974,4.1026,0.79238,1.917,3.3748,2.3345,2.4004,3.7203,2.3056,2.4018,3.6899,2.225,1.9385,4.9471,2.6182,2.2803,4.7866,2.3627,2.2543,3.7962,1.3973,1.6034,3.8476,2.3494,2.6885,4.8583,1.8878,1.9306,3.8789,0.78083,2.1392,4.0169,1.5938,1.812,4.2475,2.4072,2.6997,4.924,1.4544,2.3721,3.2699,5.9678,2.8936,2.264,1.848,1.7947,3.5124,1.9206,2.9676,4.2208,2.0377,1.9671,4.7968,1.1273,2.5816,4.2999,1.9131,2.173,4.8663,1.6124,1.7546,3.9628,1.6107,2.022,3.3846,1.0505,2.7276,3.5891,0.95748,2.7996,3.8451,1.4269,2.4321,3.8803,1.1215,2.7652,3.6295,1.8116,1.7383,4.0873,0.91687,2.4612,2.7816,1.931,2.0858,4.4116,0.13549,2.7729,2.8962,1.0777,1.9601,4.2646,0.97795,2.3116,3.0618,1.6472,2.3936,4.5945,0.98317,2.0686,2.8663,0.73251,1.994,2.7419,1.5998,1.754,3.9655,0.92166,2.4547,2.8013,1.3611,1.5863,3.8445,2.7646,2.5763,4.6306,1.091,2.1639,3.609,1.1416,2.7583,3.6642,1.982,1.9873,4.4976,1.0613,1.9588,4.2617,1.8638,1.6449,3.4595,1.6653,2.4972,4.0016,2.1382,2.533,4.9281,2.137,2.3993,3.6738,1.2663,3.0544,3.4941,1.4587,1.4682,4.2151,0.64708,2.9913,3.6586,1.6256,1.7223,4.2236,0.74163,1.9974,2.7438,0.69527,2.1991,3.9552,2.6716,2.5949,4.5397,2.0066,2.1213,3.4235,1.3992,2.8717,3.5486,1.0848,2.2313,3.6135,2.539,2.0176,4.4876,1.479,1.7308,4.4271,1.5657,2.5744,3.5648,2.0626,2.315,4.0832,2.6882,2.3427,4.9863,0.46537,2.5333,2.982
5.9772,0.91041,437.23,2.544,0.11601,1116.7,1.4838,1.832,4.1344,1.2907,2.2375,4.2396,1.2085,1.9823,4.2283,2.4724,2.6327,4.2978,0.85287,2.0515,4.2578,1.5113,2.5156,3.8872,3.0514,2.8343,5.8786,1.1964,1.9895,4.2373,1.7278,1.6892,4.2378,1.3023,2.2347,4.2766,0.83937,2.0777,4.2147,2.9703,2.8294,4.5398,5.6038,2.7281,1.3641,1.2804,2.777,3.6592,0.94032,2.1614,3.027,2.5053,2.0834,4.4909,1.458,1.6633,3.909,0.66864,2.5966,3.8511,2.0171,1.7656,3.5057,1.0978,2.4068,3.1372,0.20575,2.2987,3.4642,1.7685,1.6737,3.3991,2.0239,2.7772,4.3355,1.7833,1.6837,3.41,1.4776,1.6435,3.9285,0.39665,2.1626,3.1767,2.0795,2.3991,4.429,1.4736,1.6908,3.2065,0.81072,1.9073,2.736,3.0152,2.8412,5.8454,2.0117,1.7838,3.5082,1.0111,2.735,2.9001,1.819,2.5875,4.0235,0.63179,1.894,2.7713,1.0596,2.4253,3.0807,1.8899,1.9038,4.5043,1.6744,1.6683,3.8955,0.52466,2.1924,3.7854,1.1966,2.4995,3.7748,0.96547,2.1167,3.2289,2.6164,2.3396,4.3744,2.1039,2.2097,4.7354,1.4858,1.6767,3.9337,1.8904,1.929,4.5127,1.5068,2.2079,3.2643,0.80149,2.1438,3.1437,2.4448,2.3895,4.3605,1.9645,2.5844,4.8837,1.9138,2.6043,4.8416,2.5981,2.3331,4.377,1.298,2.5122,3.9267,1.7109,2.2334,4.3302,2.0838,3.0238,4.0134,0.55741,2.4651,2.5307,1.5149,2.0836,4.6021,2.0768,3.0296,4.0052,0.3452,2.3955,3.3832,1.6529,1.6072,4.0748,0.7092,2.0661,3.0803,2.2315,2.2679,4.6518,0.64351,2.5725,3.0394,0.97401,2.12,3.2361,0.16894,2.8922,1.9972,2.0158,2.019,4.635,2.5993,2.3428,4.3718,2.6293,2.3099,5.1705,2.0189,2.7203,4.3279,1.0966,1.8219,3.974,4.6217,2.9378,0.50467,0.88115,2.1461,3.0428,1.3276,2.0769,4.3042,1.0651,2.1048,3.5016,2.2283,2.7238,4.4911,1.7135,1.5962,4.1444,1.1947,2.5195,3.1003,0.78044,2.4336,3.7654,2.0788,1.8954,3.6958,1.5711,2.4644,3.4381,1.6255,2.5428,3.5891,1.6266,1.6426,4.2522,1.9858,2.7396,4.4568,2.0376,2.7407,4.5017,3.3759,2.7613,6.1288,1.7287,1.5893,4.1384,1.7313,1.9997,3.4496,2.0703,2.9273,4.8662,1.1866,2.5374,3.1184,2.6228,2.4509,4.9625,1.034,2.6088,4.0621,1.5768,2.4438,3.4441,1.1326,1.8146,4.0855,1.6608,1.593,4.0746,1.7217,2.0013,3.444,0.22192,2.9299,3.2812,2.9296,2.2846,4.617,1.3157,1.956,4.2091,1.2846,2.6406,3.3887,1.4259,2.4412,3.3309,1.8444,1.9463,3.6983,1.9392,2.3962,4.0104,1.0707,2.2895,3.1779,2.5355,2.0297,5.1387,1.2485,2.6698,3.3436,1.4142,2.4542,3.3207,0.2633,2.9449,3.3056,0.67359,1.8416,2.8515,1.6847,1.9901,4.4584,1.4736,1.8236,4.1436,5.4705,2.8985,1.7988,0.81966,2.1243,2.8013,1.025,2.6248,4.0522,2.196,2.5166,3.6288,2.5977,2.4193,4.9325,2.8788,2.6888,4.5848,2.1513,2.5056,4.5251,2.3485,2.1059,4.2188,0.77659,2.0263,3.334,0.40801,2.4536,2.965,0.6059,2.1436,3.7137,2.3722,2.4553,4.4471,0.83752,2.4538,2.9195,1.2507,1.5705,4.2872,1.6853,2.0154,3.4601,6.2314,2.6879,1.9767,3.3303,2.9293,0.02442,0.8022,2.4088,2.957,1.6532,1.6335,4.0746,1.5029,1.8933,3.1726,0.76485,2.4424,2.8929,2.1645,2.3378,4.917,1.1702,2.5594,3.0886,1.0327,1.985,3.4969,0.4844,1.9886,3.2765,1.7107,2.0074,3.4442,2.4106,2.0855,4.2143,2.1723,2.1659,4.9999,1.2852,1.7202,3.8316,0.69636,1.9874,2.7585,2.1713,2.1903,5.0012,2.348,2.209,4.5198,1.5751,2.3482,3.9677,4.3002,2.9746,0.21226,1.9531,2.3765,4.0003,0.81496,1.962,4.1175,1.2198,2.6094,4.2487,3.6,2.8272,6.1664,1.5479,1.6281,3.2996,0.28251,2.293,3.3479,5.236,2.9527,1.1553,0.57925,2.7605,3.29,1.2936,2.515,3.0041,2.159,2.1251,4.9429,1.5029,2.0779,4.3841,1.5241,1.6323,3.312,1.4348,2.9245,3.3935,0.5098,2.443,2.8006,0.88698,2.4435,2.9836,0.22364,2.6121,3.3332,1.6375,2.2987,4.1622,0.52175,2.4358,2.767,1.0321,2.2127,3.6349,1.3896,1.8041,4.2777,0.31711,2.3075,3.3955,1.5196,1.6146,3.2934,0.49384,2.4413,2.7892,3.0535,2.8617,5.9919,1.9733,2.5739,4.0252,1.9955,2.1869,4.6012,2.5443,2.7626,5.1857,1.886,1.9369,3.8828,1.3071,1.771,3.7047,2.1604,2.1444,4.96,1.3953,2.621,4.0025,0.91973,3.0897,2.7474,4.7291,2.9493,0.44956,1.2559,2.6906,4.3197,1.9217,1.9504,3.9201,1.2674,2.6457,2.8905,0.4441,2.7467,3.0577,0.98481,2.8855,4.1761,0.61834,2.5437,2.6021,0.68271,1.995,2.9438,0.57488,2.4008,3.4255,1.5795,2.1712,4.2453,1.3338,2.7098,4.4105,0.58994,1.977,3.0584,1.9828,1.8658,3.8083,1.1928,1.8397,3.6667,2.3488,2.6897,4.8306,1.378,1.5411,4.1382,1.3809,2.1562,3.171,0.62971,1.9864,3.0621,0.47331,2.4438,2.5809,1.6371,2.2955,4.1636,2.3825,2.6871,4.8949,0.61151,1.9894,3.0486,1.5923,1.7306,3.3413,0.64795,3.0451,2.5361,0.59917,2.5353,2.5932,2.9666,2.7434,5.9659,6.1628,2.8873,2.5535,4.6976,2.9668,0.40281,2.3172,2.3528,3.6974,1.0479,3.0568,3.8611,1.3756,2.3034,3.5093,0.94641,3.0679,3.7569,2.3773,2.2348,3.782,1.1899,1.8101,3.6599,2.4216,2.3492,4.5675,2.5409,2.6431,4.0328,1.3109,2.6758,4.3837,1.8806,1.9076,3.8761,1.1441,2.7568,3.6621,2.4063,2.4635,5.0122,1.5446,2.5831,3.3013,2.1653,2.1986,4.1029,0.7927,1.9184,3.3747,2.3332,2.3995,3.7171,2.3017,2.4007,3.6838,2.2288,1.943,4.951,2.6162,2.2795,4.7864,2.3625,2.256,3.7951,1.3986,1.6048,3.8488,2.3401,2.685,4.8476,1.8877,1.9273,3.8764,0.78107,2.1388,4.0219,1.5932,1.8097,4.2464,2.4023,2.6975,4.9184,1.455,2.3709,3.2705,5.973,2.8948,2.2706,1.8472,1.7943,3.5156,1.9166,2.9622,4.2147,2.0401,1.9688,4.8005,1.1299,2.5818,4.3024,1.916,2.1749,4.8665,1.6125,1.7504,3.9624,1.6113,2.0231,3.3837,1.0533,2.7236,3.5908,0.96145,2.7969,3.8479,1.4313,2.4353,3.8839,1.1218,2.7622,3.6282,1.8092,1.733,4.0867,0.91731,2.4614,2.7823,1.9332,2.0874,4.4143,0.14221,2.7703,2.9023,1.077,1.9598,4.265,0.98012,2.3095,3.0661,1.6488,2.3934,4.5957,0.98341,2.0668,2.8689,0.7317,1.9932,2.7421,1.5987,1.7496,3.9653,0.92227,2.4543,2.8037,1.3592,1.586,3.8452,2.7642,2.5749,4.6305,1.0913,2.1665,3.6072,1.1437,2.7543,3.6659,1.9826,1.9872,4.4993,1.0596,1.9581,4.2624,1.8647,1.6443,3.4603,1.6656,2.4985,4.0018,2.1408,2.5312,4.9288,2.1354,2.4011,3.6707,1.2747,3.0525,3.5022,1.4597,1.4684,4.2135,0.64829,2.9906,3.6612,1.626,1.7193,4.2227,0.7415,1.997,2.7441,0.69562,2.1998,3.956,2.6701,2.594,4.54,2.008,2.1204,3.4219,1.4007,2.8667,3.5497,1.0847,2.2347,3.6114,2.5398,2.0194,4.4896,1.4779,1.7304,4.4275,1.5621,2.573,3.5635,2.0626,2.3174,4.0842,2.6867,2.3404,4.9844,0.46722,2.5336,2.9842
5.9772,0.91041,437.23,2.544,0.12494,1112.3,1.4805,1.8312,4.1312,1.292,2.2385,4.2411,1.2068,1.9816,4.2281,2.4704,2.6303,4.2976,0.85236,2.0507,4.261,1.5105,2.5181,3.8866,3.0556,2.8337,5.8842,1.1937,1.9892,4.2378,1.7263,1.6867,4.2367,1.3043,2.2353,4.2811,0.83815,2.0787,4.2151,2.9768,2.8288,4.5426,5.5961,2.7236,1.3567,1.2831,2.7717,3.6615,0.93893,2.1624,3.0275,2.5071,2.0864,4.4949,1.4568,1.662,3.9095,0.66915,2.5988,3.8478,2.0179,1.7657,3.5082,1.0985,2.4038,3.1428,0.19947,2.2996,3.4551,1.767,1.6735,3.4001,2.016,2.773,4.3278,1.7831,1.6847,3.4116,1.4776,1.6411,3.9302,0.39686,2.1648,3.1745,2.0831,2.4022,4.4323,1.4735,1.693,3.207,0.80918,1.9094,2.7336,3.016,2.8412,5.8484,2.0124,1.7855,3.5107,1.0113,2.7368,2.9014,1.8194,2.5878,4.0255,0.63202,1.8957,2.7696,1.058,2.4238,3.0824,1.8892,1.9028,4.5053,1.6739,1.6661,3.8955,0.52651,2.1914,3.7896,1.1966,2.5052,3.7738,0.96176,2.1211,3.2254,2.6227,2.3429,4.3817,2.1073,2.2142,4.7401,1.4865,1.677,3.9357,1.8902,1.93,4.5144,1.5084,2.2107,3.264,0.79913,2.1492,3.1399,2.4475,2.3911,4.3649,1.9662,2.5836,4.8827,1.9121,2.6053,4.8384,2.6032,2.3362,4.3855,1.2987,2.5145,3.9249,1.7132,2.2336,4.3335,2.085,3.0206,4.0134,0.56153,2.4648,2.5347,1.512,2.0862,4.6014,2.0772,3.0263,4.0042,0.34122,2.397,3.3787,1.6522,1.6055,4.074,0.70893,2.0694,3.0788,2.2306,2.2698,4.6519,0.64418,2.5687,3.0426,0.97135,2.1242,3.2334,0.17053,2.8922,1.9975,2.0183,2.0222,4.6392,2.6043,2.3465,4.3794,2.6253,2.3075,5.1678,2.0117,2.7118,4.3211,1.098,1.819,3.9767,4.622,2.9326,0.50476,0.88066,2.1483,3.0421,1.3292,2.0752,4.3072,1.0655,2.1063,3.5019,2.2217,2.7211,4.4839,1.7146,1.5955,4.1431,1.1986,2.5167,3.1026,0.78296,2.4346,3.7649,2.0809,1.8927,3.6924,1.5686,2.4664,3.4354,1.6226,2.5442,3.5878,1.6239,1.6399,4.2522,1.9772,2.7328,4.4475,2.0324,2.7344,4.4956,3.379,2.7595,6.1311,1.7314,1.588,4.1364,1.7338,1.999,3.4494,2.0653,2.9263,4.8612,1.1894,2.5361,3.1217,2.6216,2.4511,4.9599,1.035,2.6092,4.0619,1.5747,2.4444,3.4421,1.1282,1.8157,4.0842,1.661,1.5905,4.0738,1.7234,2.0009,3.4435,0.21733,2.9285,3.2774,2.9343,2.2838,4.6213,1.3155,1.956,4.2096,1.2865,2.6374,3.3934,1.4228,2.4403,3.3299,1.8448,1.9426,3.6961,1.9384,2.4012,4.0122,1.0684,2.2899,3.1769,2.5351,2.0283,5.1377,1.249,2.6684,3.3463,1.4102,2.4538,3.3192,0.26143,2.9446,3.3036,0.67304,1.8441,2.8467,1.6827,1.9867,4.4611,1.474,1.8203,4.1454,5.4649,2.8983,1.7945,0.81975,2.1245,2.8031,1.025,2.6266,4.051,2.2003,2.5163,3.6297,2.5949,2.4173,4.9279,2.8856,2.687,4.5903,2.1508,2.504,4.5244,2.3484,2.1063,4.2211,0.77727,2.0295,3.3322,0.41442,2.4518,2.9715,0.606,2.1439,3.7137,2.371,2.4514,4.4486,0.8449,2.4528,2.9252,1.2503,1.5698,4.2867,1.6837,2.0161,3.4606,6.2256,2.6876,1.9701,3.3392,2.9283,0.066185,0.80553,2.4043,2.9646,1.6527,1.6333,4.0735,1.5036,1.8959,3.1718,0.76617,2.4406,2.8961,2.1642,2.3369,4.9138,1.1722,2.5597,3.0899,1.0352,1.9868,3.4963,0.47977,1.9893,3.2788,1.7115,2.0074,3.4435,2.4129,2.0862,4.2163,2.1745,2.1666,5.0011,1.2844,1.7173,3.834,0.69753,1.988,2.759,2.1735,2.1928,5.0024,2.3507,2.2109,4.5248,1.5758,2.353,3.9681,4.3078,2.9715,0.21816,1.953,2.38,4.0008,0.81326,1.9617,4.1175,1.224,2.6126,4.2518,3.6064,2.8249,6.1733,1.5492,1.6291,3.3008,0.27905,2.2927,3.3427,5.2416,2.9492,1.1594,0.58049,2.7585,3.2924,1.2958,2.5156,3.0061,2.1608,2.1231,4.9403,1.5051,2.0757,4.387,1.524,1.6328,3.314,1.439,2.9243,3.3953,0.51484,2.4423,2.8078,0.88426,2.4425,2.9828,0.22355,2.6116,3.3322,1.6397,2.3019,4.1655,0.52761,2.4348,2.7717,1.0303,2.2165,3.6324,1.3891,1.8036,4.2763,0.31654,2.3083,3.3945,1.519,1.6141,3.294,0.49773,2.4405,2.7955,3.0597,2.8609,5.9998,1.9705,2.5724,4.0244,1.9976,2.1874,4.6022,2.5363,2.7614,5.1776,1.8855,1.9338,3.881,1.308,1.7668,3.7063,2.1619,2.1435,4.9583,1.3951,2.6185,4.0023,0.90103,3.0902,2.7278,4.7323,2.9457,0.45269,1.2564,2.6911,4.3191,1.923,1.9494,3.9228,1.2693,2.6466,2.8928,0.45103,2.744,3.0664,0.98932,2.8847,4.1805,0.62192,2.5457,2.6035,0.68151,1.9996,2.9404,0.57706,2.4011,3.425,1.5805,2.1703,4.2466,1.3405,2.7115,4.4172,0.58623,1.9792,3.0532,1.983,1.863,3.8076,1.1926,1.8389,3.6687,2.3406,2.6864,4.819,1.3779,1.5423,4.1348,1.3801,2.1559,3.1708,0.62907,1.9896,3.0578,0.47422,2.4432,2.5819,1.6394,2.2992,4.1668,2.3763,2.6838,4.8877,0.60932,1.9926,3.0429,1.5946,1.7316,3.3426,0.65884,3.0456,2.5449,0.60088,2.5368,2.5934,2.9726,2.7433,5.9734,6.1626,2.8892,2.5555,4.6999,2.9651,0.40383,2.315,2.3481,3.6924,1.0562,3.0546,3.8719,1.3701,2.3073,3.5048,0.9524,3.0672,3.7653,2.378,2.2347,3.78,1.1894,1.8066,3.6614,2.4216,2.3502,4.5682,2.5378,2.6446,4.0336,1.3151,2.6754,4.3874,1.8799,1.9023,3.8738,1.1456,2.7535,3.6629,2.4033,2.462,5.006,1.5396,2.5804,3.3021,2.1653,2.1999,4.1032,0.79299,1.9199,3.3745,2.332,2.3987,3.7138,2.2978,2.3997,3.6778,2.2326,1.9473,4.9549,2.6143,2.2788,4.7862,2.3622,2.2576,3.794,1.4001,1.6063,3.85,2.3311,2.6814,4.837,1.8877,1.9238,3.8739,0.78133,2.1385,4.0269,1.5925,1.8074,4.2453,2.3975,2.6954,4.9127,1.4556,2.3698,3.271,5.9783,2.8958,2.2774,1.8464,1.7939,3.5188,1.9128,2.9567,4.2088,2.0426,1.9705,4.8042,1.1326,2.582,4.3049,1.9188,2.1768,4.8667,1.6125,1.7462,3.962,1.612,2.0242,3.3829,1.056,2.7197,3.5925,0.96535,2.7942,3.8506,1.4356,2.4383,3.8875,1.1221,2.7593,3.6269,1.8068,1.7278,4.0862,0.91776,2.4617,2.783,1.9353,2.0891,4.4168,0.14898,2.7678,2.9083,1.0763,1.9595,4.2655,0.98218,2.3075,3.0703,1.6505,2.3932,4.5969,0.9836,2.065,2.8714,0.73091,1.9925,2.7424,1.5977,1.7453,3.9651,0.92285,2.454,2.8061,1.3572,1.5857,3.8459,2.7639,2.5736,4.6305,1.0916,2.1693,3.6052,1.1459,2.7503,3.6675,1.9831,1.987,4.5009,1.0579,1.9574,4.2629,1.8656,1.6438,3.4611,1.6658,2.4999,4.002,2.1435,2.5295,4.9295,2.1339,2.4029,3.6675,1.2831,3.0505,3.5102,1.4609,1.4686,4.212,0.64929,2.9899,3.6636,1.6265,1.7163,4.2218,0.74138,1.9967,2.7443,0.69596,2.2004,3.9567,2.6686,2.5932,4.5403,2.0093,2.1195,3.4204,1.4022,2.8619,3.5509,1.0847,2.238,3.6092,2.5405,2.0211,4.4916,1.4769,1.7301,4.4278,1.5586,2.5717,3.5622,2.0626,2.3198,4.0852,2.6852,2.3382,4.9825,0.46903,2.5338,2.9865
5.9772,0.91041,437.23,2.544,0.13386,1107.8,1.4772,1.8303,4.1279,1.2933,2.2396,4.2427,1.2051,1.9808,4.2278,2.4685,2.6279,4.2975,0.85181,2.05,4.264,1.5097,2.5207,3.886,3.0599,2.833,5.8898,1.191,1.9888,4.2383,1.7247,1.6841,4.2356,1.3063,2.2358,4.2856,0.83697,2.0797,4.2156,2.9831,2.8283,4.5454,5.5885,2.719,1.3496,1.2856,2.7666,3.6636,0.93756,2.1634,3.0281,2.5089,2.0894,4.499,1.4557,1.6607,3.9101,0.66963,2.601,3.8446,2.0188,1.7657,3.5106,1.099,2.401,3.1482,0.19308,2.3005,3.4458,1.7656,1.6733,3.4011,2.0084,2.7687,4.3204,1.7828,1.6857,3.4132,1.4777,1.6387,3.9319,0.39709,2.167,3.1724,2.0866,2.4052,4.4355,1.4733,1.6952,3.2075,0.80768,1.9115,2.7313,3.0168,2.8414,5.8513,2.0132,1.7872,3.5131,1.0116,2.7385,2.9025,1.8199,2.588,4.0276,0.63226,1.8974,2.7679,1.0564,2.4222,3.0841,1.8884,1.9017,4.5062,1.6734,1.6641,3.8957,0.52845,2.1902,3.7938,1.1964,2.5106,3.7728,0.95803,2.1254,3.2219,2.6289,2.3461,4.3889,2.1108,2.2187,4.7449,1.4873,1.6774,3.9376,1.8902,1.9311,4.516,1.5101,2.2136,3.2636,0.79672,2.1546,3.1362,2.4502,2.3927,4.3694,1.9678,2.583,4.8817,1.9103,2.6063,4.8352,2.6083,2.3392,4.394,1.2994,2.5167,3.923,1.7155,2.2339,4.3368,2.0861,3.0173,4.0134,0.56554,2.4647,2.5386,1.5091,2.0888,4.6007,2.0777,3.0229,4.0033,0.33728,2.3984,3.3744,1.6516,1.6038,4.0732,0.70866,2.0726,3.0772,2.2296,2.2716,4.6519,0.64472,2.5649,3.0457,0.96873,2.1283,3.2307,0.17199,2.892,1.9976,2.0207,2.0254,4.6432,2.6094,2.35,4.387,2.6212,2.3051,5.1651,2.0049,2.7035,4.3146,1.0994,1.8161,3.9793,4.6222,2.9274,0.50481,0.88019,2.1505,3.0415,1.3308,2.0735,4.3101,1.0659,2.1079,3.5021,2.2152,2.7184,4.4767,1.7157,1.5949,4.1418,1.2024,2.514,3.1048,0.78548,2.4356,3.7643,2.083,1.8901,3.6891,1.5662,2.4684,3.4328,1.6197,2.5456,3.5864,1.6212,1.6372,4.2524,1.9691,2.7259,4.4385,2.0275,2.7281,4.4898,3.3822,2.7576,6.1335,1.7341,1.5867,4.1343,1.7362,1.9983,3.4492,2.0602,2.9252,4.8561,1.1922,2.5348,3.1249,2.6203,2.4513,4.9573,1.0361,2.6095,4.0618,1.5726,2.4451,3.4401,1.1239,1.8168,4.0829,1.6612,1.588,4.0729,1.7252,2.0004,3.4429,0.21285,2.9271,3.2736,2.9389,2.2829,4.6254,1.3153,1.956,4.2101,1.2882,2.6342,3.3978,1.4198,2.4394,3.329,1.8453,1.9389,3.6939,1.9378,2.4063,4.0141,1.0661,2.2903,3.176,2.5348,2.0269,5.1368,1.2496,2.667,3.349,1.4062,2.4535,3.3176,0.25962,2.9443,3.3015,0.67248,1.8466,2.8419,1.6808,1.9832,4.4637,1.4745,1.817,4.1472,5.4593,2.898,1.7902,0.81984,2.1247,2.805,1.025,2.6284,4.0497,2.2046,2.5158,3.6306,2.5922,2.4153,4.9234,2.8924,2.6852,4.5959,2.1502,2.5024,4.5239,2.3484,2.1068,4.2234,0.7779,2.0327,3.3304,0.42074,2.45,2.9779,0.60608,2.1441,3.7137,2.3697,2.4478,4.4501,0.85225,2.4518,2.9309,1.2499,1.569,4.2861,1.6821,2.0168,3.4611,6.2201,2.6873,1.9634,3.3479,2.9272,0.06494,0.80858,2.3999,2.9719,1.6522,1.633,4.0724,1.5043,1.8984,3.171,0.7674,2.4388,2.8993,2.164,2.3361,4.9106,1.1741,2.5599,3.0911,1.0376,1.9885,3.4956,0.47501,1.9899,3.2811,1.7121,2.0073,3.4428,2.4153,2.0868,4.2183,2.1766,2.1674,5.0024,1.2838,1.7144,3.8364,0.69868,1.9885,2.7595,2.1757,2.1952,5.0034,2.3534,2.2128,4.5297,1.5766,2.3578,3.9686,4.3152,2.9684,0.22391,1.953,2.3835,4.0013,0.81158,1.9614,4.1175,1.2282,2.6158,4.2548,3.6126,2.8227,6.18,1.5505,1.6302,3.302,0.27562,2.2924,3.3375,5.247,2.9457,1.1632,0.58162,2.7564,3.2947,1.298,2.5162,3.0081,2.1627,2.121,4.9378,1.5072,2.0734,4.3899,1.5239,1.6333,3.3161,1.443,2.924,3.397,0.51987,2.4415,2.815,0.88166,2.4414,2.9822,0.22341,2.6111,3.3311,1.6419,2.3051,4.1687,0.53339,2.434,2.7763,1.0284,2.2205,3.6298,1.3888,1.803,4.2749,0.31597,2.3091,3.3935,1.5184,1.6136,3.2947,0.5016,2.4397,2.8017,3.0658,2.8601,6.0076,1.9678,2.5708,4.0236,1.9997,2.1879,4.6033,2.5283,2.7601,5.1695,1.885,1.9306,3.8791,1.3088,1.7627,3.7079,2.1634,2.1426,4.9565,1.3948,2.616,4.002,0.88178,3.0907,2.7076,4.7355,2.942,0.45582,1.257,2.6916,4.3186,1.9243,1.9484,3.9255,1.2712,2.6475,2.8952,0.45778,2.7414,3.0749,0.99385,2.8838,4.1849,0.62543,2.5478,2.6049,0.68035,2.0041,2.9371,0.57923,2.4015,3.4247,1.5815,2.1693,4.2479,1.3472,2.7131,4.4239,0.58255,1.9814,3.048,1.9833,1.8603,3.8068,1.1924,1.838,3.6706,2.3327,2.6831,4.8077,1.3777,1.5435,4.1313,1.3793,2.1555,3.1705,0.62845,1.9928,3.0535,0.47509,2.4427,2.583,1.6417,2.3027,4.1699,2.3703,2.6806,4.8806,0.60715,1.9958,3.0373,1.5969,1.7324,3.3439,0.66982,3.0461,2.5537,0.60249,2.5382,2.5935,2.9786,2.7431,5.981,6.1624,2.8911,2.5576,4.7023,2.9634,0.40499,2.3129,2.3435,3.6873,1.0637,3.0525,3.882,1.3645,2.3113,3.5003,0.95798,3.0666,3.7732,2.3788,2.2346,3.778,1.1889,1.8031,3.663,2.4216,2.3511,4.569,2.5348,2.6461,4.0346,1.3192,2.6749,4.3911,1.8791,1.8969,3.8716,1.147,2.7503,3.6637,2.4006,2.4604,4.9998,1.5347,2.5777,3.3029,2.1652,2.2012,4.1035,0.79324,1.9215,3.3743,2.3307,2.3979,3.7105,2.294,2.3986,3.6717,2.2363,1.9514,4.9587,2.6124,2.278,4.7862,2.362,2.2592,3.793,1.4015,1.6077,3.8513,2.3224,2.6777,4.8267,1.8876,1.9204,3.8715,0.78159,2.1381,4.032,1.5918,1.8052,4.2442,2.3929,2.6933,4.9071,1.4562,2.3688,3.2715,5.9838,2.8969,2.2844,1.8456,1.7935,3.5218,1.9092,2.9513,4.2031,2.045,1.9722,4.8077,1.1352,2.5823,4.3074,1.9216,2.1787,4.8667,1.6127,1.7421,3.9617,1.6126,2.0253,3.3821,1.0585,2.7159,3.5939,0.96917,2.7916,3.8531,1.4399,2.4413,3.8911,1.1224,2.7564,3.6256,1.8044,1.7227,4.0857,0.91822,2.462,2.7838,1.9374,2.0908,4.4194,0.15576,2.7652,2.9143,1.0756,1.9592,4.266,0.98415,2.3056,3.0744,1.6521,2.3931,4.5982,0.98377,2.0634,2.8738,0.73014,1.9917,2.7427,1.5966,1.741,3.9649,0.9234,2.4537,2.8085,1.3553,1.5854,3.8467,2.7636,2.5723,4.6305,1.0918,2.1721,3.6033,1.148,2.7463,3.6691,1.9837,1.9869,4.5025,1.0562,1.9566,4.2634,1.8665,1.6432,3.462,1.6661,2.5013,4.0023,2.1462,2.5278,4.9302,2.1324,2.4047,3.6643,1.2914,3.0484,3.5182,1.462,1.4689,4.2104,0.65009,2.9891,3.6658,1.6271,1.7134,4.2209,0.74127,1.9964,2.7446,0.69626,2.2011,3.9575,2.6671,2.5924,4.5407,2.0106,2.1186,3.419,1.4038,2.8571,3.552,1.0846,2.2413,3.607,2.5413,2.0227,4.4935,1.4759,1.7298,4.428,1.5551,2.5706,3.5609,2.0626,2.3222,4.0863,2.6838,2.336,4.9806,0.47081,2.5341,2.9888
5.9772,0.91041,437.23,2.544,0.14278,1103.3,1.4739,1.8293,4.1246,1.2946,2.2407,4.2442,1.2034,1.9801,4.2277,2.4666,2.6255,4.2975,0.85125,2.0494,4.267,1.5088,2.5232,3.8853,3.0642,2.8323,5.8954,1.1884,1.9884,4.2389,1.723,1.6816,4.2344,1.3083,2.2363,4.29,0.83584,2.0807,4.2162,2.9893,2.8278,4.5481,5.5811,2.7144,1.3428,1.2881,2.7616,3.6655,0.9362,2.1643,3.0286,2.5107,2.0925,4.5031,1.4545,1.6595,3.9107,0.67009,2.6031,3.8413,2.0196,1.7657,3.513,1.0992,2.3983,3.1532,0.18663,2.3014,3.4365,1.764,1.6731,3.402,2.0012,2.7643,4.3133,1.7827,1.6867,3.4149,1.4778,1.6366,3.9335,0.39736,2.1693,3.1705,2.0902,2.4082,4.4386,1.4732,1.6974,3.2079,0.80623,1.9134,2.7292,3.0178,2.8415,5.8543,2.0138,1.7889,3.5155,1.0118,2.7403,2.9036,1.8204,2.5882,4.0296,0.63251,1.8991,2.7664,1.0547,2.4206,3.0857,1.8877,1.9005,4.5072,1.6729,1.6621,3.8958,0.53049,2.189,3.7981,1.1963,2.5159,3.7718,0.95431,2.1297,3.2185,2.6351,2.3493,4.3962,2.1143,2.223,4.7496,1.4881,1.6778,3.9396,1.8902,1.9321,4.5178,1.5118,2.2163,3.2632,0.79427,2.1598,3.1326,2.4529,2.3944,4.3738,1.9695,2.5825,4.8806,1.9086,2.6073,4.8322,2.6135,2.3423,4.4026,1.3,2.519,3.9211,1.7178,2.2341,4.3401,2.0872,3.0141,4.0133,0.5694,2.4646,2.5424,1.5061,2.0913,4.6,2.0783,3.0194,4.0025,0.33336,2.3997,3.3702,1.651,1.6021,4.0725,0.70836,2.0758,3.0758,2.2287,2.2734,4.6518,0.64515,2.5611,3.0488,0.96615,2.1322,3.2282,0.1733,2.8919,1.9977,2.0233,2.0287,4.6472,2.6144,2.3536,4.3946,2.6171,2.3028,5.1624,1.9986,2.6953,4.3087,1.1008,1.8132,3.9819,4.6224,2.9223,0.50483,0.87974,2.1527,3.0408,1.3325,2.072,4.313,1.0662,2.1095,3.5022,2.2089,2.7155,4.4697,1.7169,1.5942,4.1406,1.2062,2.5113,3.107,0.78797,2.4366,3.7637,2.085,1.8875,3.6859,1.5638,2.4703,3.4303,1.617,2.547,3.5851,1.6186,1.6347,4.2525,1.9613,2.7191,4.4299,2.023,2.7219,4.4843,3.3855,2.7558,6.136,1.7367,1.5855,4.1322,1.7386,1.9976,3.4491,2.0553,2.924,4.8511,1.1949,2.5336,3.128,2.6191,2.4515,4.9548,1.0371,2.6099,4.0617,1.5705,2.4457,3.4381,1.1195,1.8179,4.0817,1.6614,1.5857,4.072,1.7269,1.9999,3.4423,0.20851,2.9257,3.2699,2.9435,2.2819,4.6295,1.3152,1.956,4.2106,1.2897,2.6312,3.4021,1.4167,2.4385,3.3282,1.8458,1.9351,3.6918,1.9371,2.4112,4.016,1.0637,2.2908,3.175,2.5344,2.0256,5.136,1.2501,2.6657,3.3517,1.4023,2.4531,3.316,0.25786,2.9439,3.2996,0.67192,1.8491,2.8372,1.6788,1.9796,4.4662,1.475,1.8137,4.149,5.4537,2.8976,1.786,0.81995,2.1248,2.8068,1.0249,2.6302,4.0484,2.2089,2.5154,3.6314,2.5896,2.4133,4.9191,2.8992,2.6833,4.6014,2.1496,2.5008,4.5233,2.3484,2.1072,4.2257,0.77849,2.0359,3.3286,0.42695,2.4482,2.9841,0.60614,2.1442,3.7137,2.3685,2.4442,4.4515,0.85955,2.4508,2.9366,1.2495,1.5682,4.2855,1.6805,2.0174,3.4617,6.2145,2.6868,1.9566,3.3563,2.9261,0.076672,0.81137,2.3955,2.9789,1.6517,1.6327,4.0713,1.505,1.9009,3.1703,0.76855,2.437,2.9023,2.1639,2.3351,4.9076,1.176,2.5602,3.0923,1.0399,1.9903,3.4949,0.47011,1.9905,3.2834,1.7128,2.0071,3.4421,2.4177,2.0875,4.2203,2.1786,2.1681,5.0036,1.2831,1.7115,3.8387,0.69983,1.989,2.76,2.1777,2.1975,5.0044,2.356,2.2146,4.5346,1.5773,2.3625,3.969,4.3225,2.9653,0.22952,1.9529,2.387,4.0019,0.80991,1.961,4.1174,1.2324,2.619,4.2578,3.6188,2.8204,6.1867,1.5519,1.6312,3.3032,0.27222,2.292,3.3324,5.2521,2.9421,1.1668,0.58262,2.7544,3.2968,1.3001,2.5168,3.0101,2.1646,2.1191,4.9353,1.5093,2.0711,4.3928,1.5238,1.6337,3.3181,1.4469,2.9238,3.3986,0.52486,2.4407,2.8223,0.87916,2.4403,2.9816,0.22323,2.6105,3.3299,1.6441,2.3081,4.172,0.53905,2.4332,2.7808,1.0264,2.2243,3.6272,1.3884,1.8023,4.2735,0.31541,2.3098,3.3925,1.5178,1.613,3.2953,0.50543,2.439,2.8079,3.0718,2.8593,6.0153,1.9651,2.5693,4.0229,2.0017,2.1884,4.6044,2.5202,2.7588,5.1613,1.8845,1.9274,3.8772,1.3096,1.7586,3.7094,2.1648,2.1418,4.9548,1.3946,2.6137,4.0017,0.86187,3.0912,2.6867,4.7387,2.9384,0.45896,1.2576,2.6921,4.3181,1.9255,1.9474,3.9281,1.2731,2.6484,2.8975,0.46433,2.7389,3.0831,0.9984,2.8828,4.1893,0.62883,2.55,2.6061,0.67921,2.0084,2.9338,0.58141,2.4019,3.4243,1.5826,2.1683,4.2491,1.3539,2.7147,4.4305,0.57891,1.9834,3.0429,1.9836,1.8577,3.8061,1.1922,1.8371,3.6725,2.3251,2.6799,4.7969,1.3776,1.5446,4.1277,1.3786,2.1551,3.1702,0.62787,1.9959,3.0494,0.47592,2.4422,2.584,1.6441,2.3064,4.173,2.3644,2.6774,4.8736,0.60499,1.9989,3.0317,1.5992,1.7332,3.3451,0.68087,3.0466,2.5626,0.60401,2.5397,2.5934,2.9847,2.7429,5.9887,6.1624,2.893,2.5598,4.7048,2.9617,0.40625,2.3108,2.3389,3.6823,1.0705,3.0505,3.8911,1.359,2.3151,3.4958,0.96317,3.0659,3.7809,2.3796,2.2345,3.7761,1.1885,1.7996,3.6646,2.4216,2.3521,4.5698,2.5318,2.6475,4.0356,1.3232,2.6745,4.3947,1.8784,1.8915,3.8694,1.1484,2.7471,3.6644,2.3981,2.459,4.9938,1.5298,2.575,3.3037,2.1651,2.2025,4.104,0.79346,1.923,3.374,2.3295,2.3971,3.7073,2.2902,2.3974,3.6657,2.24,1.9554,4.9624,2.6105,2.2772,4.7861,2.3619,2.261,3.7922,1.4028,1.609,3.8525,2.314,2.6741,4.8166,1.8875,1.9171,3.869,0.78185,2.1377,4.0369,1.5911,1.8028,4.2431,2.3882,2.6912,4.9017,1.4568,2.3678,3.2719,5.9894,2.8981,2.2916,1.845,1.793,3.5249,1.9059,2.9458,4.1976,2.0475,1.974,4.8111,1.1377,2.5826,4.3099,1.9243,2.1806,4.8668,1.6128,1.7382,3.9612,1.6133,2.0265,3.3813,1.0609,2.7122,3.5953,0.97288,2.789,3.8556,1.4442,2.444,3.8947,1.1228,2.7537,3.6243,1.802,1.7176,4.0852,0.9187,2.4623,2.7845,1.9396,2.0925,4.422,0.16258,2.7626,2.9203,1.075,1.959,4.2664,0.98602,2.3037,3.0783,1.6538,2.393,4.5994,0.98392,2.0618,2.8762,0.72941,1.991,2.7429,1.5955,1.7368,3.9648,0.9239,2.4533,2.8108,1.3533,1.585,3.8474,2.7635,2.571,4.6306,1.0919,2.1748,3.6013,1.1499,2.7425,3.6706,1.9843,1.9868,4.5041,1.0545,1.9559,4.264,1.8674,1.6426,3.4628,1.6664,2.5025,4.0025,2.1489,2.526,4.931,2.131,2.4065,3.6613,1.2999,3.0465,3.5263,1.4631,1.4691,4.2089,0.65067,2.9884,3.6677,1.6277,1.7104,4.22,0.74117,1.996,2.745,0.69652,2.2018,3.9581,2.6657,2.5916,4.5411,2.0118,2.1176,3.4176,1.4052,2.8522,3.5532,1.0845,2.2446,3.6048,2.5421,2.0245,4.4955,1.475,1.7295,4.4283,1.5518,2.5694,3.5598,2.0627,2.3246,4.0874,2.6825,2.3339,4.9788,0.47253,2.5345,2.9909
5.9772,0.91041,437.23,2.544,0.15171,1098.8,1.4705,1.8283,4.1214,1.296,2.2418,4.2458,1.2018,1.9792,4.2274,2.4649,2.6233,4.2975,0.85065,2.0487,4.27,1.5079,2.5256,3.8846,3.0686,2.8315,5.9011,1.1858,1.9881,4.2394,1.7215,1.6791,4.2333,1.3103,2.2368,4.2944,0.83473,2.0816,4.2167,2.9954,2.8272,4.5508,5.5739,2.7098,1.3362,1.2904,2.7566,3.6672,0.93486,2.1653,3.0291,2.5126,2.0956,4.5072,1.4533,1.6583,3.9114,0.67055,2.6053,3.8379,2.0204,1.7657,3.5154,1.0993,2.3956,3.158,0.18011,2.3022,3.427,1.7625,1.6728,3.403,1.9942,2.7601,4.3064,1.7824,1.6876,3.4165,1.4779,1.6344,3.9351,0.39765,2.1713,3.1685,2.0936,2.4109,4.4417,1.4731,1.6996,3.2083,0.80483,1.9151,2.7272,3.0188,2.8416,5.8573,2.0145,1.7904,3.5179,1.0121,2.7422,2.9046,1.8209,2.5886,4.0318,0.63277,1.9006,2.7648,1.0529,2.4191,3.0872,1.887,1.8993,4.5081,1.6725,1.6601,3.8959,0.53263,2.1878,3.8027,1.1961,2.5209,3.7708,0.95059,2.1338,3.2151,2.6414,2.3523,4.4032,2.1177,2.2272,4.7542,1.4889,1.6781,3.9416,1.8902,1.9332,4.5194,1.5136,2.2191,3.2629,0.79177,2.1651,3.1291,2.4557,2.3959,4.3784,1.971,2.5821,4.8795,1.9071,2.6084,4.8292,2.6188,2.3453,4.4113,1.3006,2.5212,3.9192,1.7201,2.2344,4.3435,2.0882,3.011,4.0133,0.57314,2.4644,2.546,1.503,2.0939,4.5992,2.079,3.016,4.0017,0.32947,2.401,3.366,1.6503,1.6005,4.0717,0.70805,2.0788,3.0743,2.2277,2.275,4.6515,0.64546,2.5573,3.0519,0.96361,2.1361,3.2258,0.1745,2.8917,1.9977,2.026,2.0319,4.6512,2.6195,2.357,4.4024,2.6132,2.3005,5.1597,1.9928,2.6872,4.3032,1.1023,1.8102,3.9846,4.6225,2.9173,0.50481,0.87932,2.1549,3.0403,1.334,2.0704,4.3157,1.0665,2.111,3.5022,2.2027,2.7128,4.4628,1.718,1.5934,4.1392,1.2099,2.5086,3.1091,0.79046,2.4377,3.7631,2.0871,1.8851,3.6827,1.5614,2.4722,3.4276,1.6142,2.5483,3.5839,1.616,1.6323,4.2526,1.9538,2.7122,4.4217,2.0187,2.7157,4.479,3.3889,2.7539,6.1386,1.7394,1.5842,4.13,1.741,1.9968,3.4489,2.0504,2.9229,4.8462,1.1976,2.5324,3.131,2.6179,2.4517,4.9522,1.0381,2.6102,4.0616,1.5685,2.4463,3.4361,1.1152,1.8189,4.0805,1.6617,1.5835,4.0711,1.7286,1.9995,3.4418,0.20427,2.9242,3.2664,2.948,2.2809,4.6334,1.3151,1.956,4.211,1.2911,2.6284,3.4062,1.4136,2.4376,3.3273,1.8463,1.9313,3.6897,1.9365,2.4162,4.018,1.0614,2.2912,3.1741,2.534,2.0244,5.1351,1.2505,2.6644,3.3544,1.3983,2.4528,3.3144,0.25617,2.9436,3.2978,0.67134,1.8514,2.8326,1.6765,1.9762,4.4685,1.4754,1.8104,4.1507,5.4482,2.8973,1.7818,0.82005,2.125,2.8087,1.0248,2.632,4.0472,2.2134,2.515,3.6324,2.5871,2.4113,4.9148,2.9061,2.6814,4.6069,2.1492,2.4993,4.5227,2.3483,2.1076,4.2281,0.77901,2.039,3.3266,0.43307,2.4465,2.9903,0.60621,2.1444,3.7137,2.3673,2.4408,4.4529,0.86681,2.4498,2.9423,1.2492,1.5674,4.2848,1.6789,2.018,3.4621,6.2088,2.6864,1.9498,3.3645,2.925,0.08521,0.81389,2.3912,2.9856,1.6511,1.6324,4.0702,1.5058,1.9034,3.1696,0.76961,2.4352,2.9053,2.1638,2.3342,4.9045,1.1779,2.5606,3.0934,1.0423,1.992,3.4942,0.46508,1.9912,3.2859,1.7136,2.0068,3.4414,2.4202,2.0882,4.2223,2.1805,2.1688,5.0047,1.2822,1.7086,3.841,0.70098,1.9894,2.7605,2.1797,2.1997,5.0052,2.3587,2.2164,4.5395,1.578,2.3671,3.9694,4.3295,2.9621,0.23499,1.9528,2.3904,4.0024,0.80826,1.9607,4.1174,1.2366,2.6222,4.2609,3.6249,2.8182,6.1932,1.5532,1.6323,3.3044,0.26886,2.2917,3.3274,5.2571,2.9386,1.1702,0.58351,2.7524,3.2988,1.3022,2.5175,3.0121,2.1666,2.1172,4.933,1.5113,2.0687,4.3956,1.5237,1.634,3.3201,1.4509,2.9235,3.4001,0.52983,2.4398,2.8294,0.87678,2.4392,2.9812,0.22299,2.6101,3.3287,1.6463,2.3111,4.1754,0.54463,2.4323,2.7854,1.0244,2.2282,3.6245,1.388,1.8016,4.272,0.31486,2.3106,3.3916,1.5171,1.6125,3.296,0.50923,2.4383,2.8141,3.0777,2.8584,6.023,1.9624,2.5678,4.0221,2.0039,2.1888,4.6055,2.5121,2.7573,5.1529,1.8841,1.924,3.8754,1.3105,1.7545,3.711,2.1663,2.1409,4.9533,1.3945,2.6114,4.0015,0.84136,3.0916,2.6653,4.7418,2.9346,0.4621,1.2582,2.6925,4.3177,1.9268,1.9463,3.9308,1.275,2.6493,2.8999,0.47069,2.7362,3.0912,1.003,2.8817,4.1938,0.63215,2.5522,2.6071,0.67809,2.0126,2.9307,0.5836,2.4022,3.424,1.5836,2.1672,4.2502,1.3605,2.7162,4.4372,0.57533,1.9856,3.0376,1.9839,1.855,3.8054,1.1919,1.8361,3.6744,2.3178,2.6765,4.7863,1.3775,1.5456,4.1242,1.3777,2.1547,3.1699,0.62729,1.999,3.0453,0.47671,2.4417,2.5849,1.6465,2.31,4.1761,2.3586,2.674,4.8667,0.60284,2.002,3.0263,1.6014,1.7341,3.3464,0.69207,3.047,2.5717,0.60542,2.5413,2.5932,2.9909,2.7426,5.9964,6.1625,2.8948,2.5621,4.7074,2.9601,0.40764,2.3088,2.3343,3.6772,1.0766,3.0484,3.8997,1.3534,2.3188,3.4914,0.9681,3.0652,3.7883,2.3804,2.2344,3.7743,1.188,1.7961,3.6662,2.4216,2.3531,4.5706,2.529,2.649,4.0367,1.3273,2.6742,4.3983,1.8776,1.886,3.8672,1.1497,2.7439,3.6651,2.3956,2.4575,4.9879,1.5249,2.5724,3.3046,2.1651,2.204,4.1045,0.79366,1.9246,3.3737,2.3283,2.3962,3.7039,2.2864,2.3962,3.6598,2.2436,1.9594,4.9659,2.6088,2.2765,4.7861,2.3616,2.2628,3.7913,1.4043,1.6102,3.8538,2.3058,2.6703,4.8069,1.8875,1.9136,3.8666,0.78214,2.1374,4.0418,1.5903,1.8004,4.2419,2.3836,2.689,4.8963,1.4573,2.3669,3.2723,5.9952,2.8991,2.2988,1.8443,1.7926,3.5279,1.9027,2.9403,4.1924,2.0498,1.9757,4.8145,1.1403,2.5829,4.3123,1.9271,2.1825,4.8668,1.6129,1.7342,3.9609,1.614,2.0276,3.3805,1.0631,2.7086,3.5965,0.97651,2.7864,3.858,1.4485,2.4467,3.8983,1.1231,2.7509,3.623,1.7996,1.7126,4.0848,0.91918,2.4627,2.7852,1.9418,2.0942,4.4246,0.16942,2.7598,2.9263,1.0744,1.9586,4.2667,0.98779,2.3018,3.0822,1.6555,2.3928,4.6008,0.98405,2.0602,2.8785,0.72871,1.9902,2.7433,1.5945,1.7326,3.9647,0.92437,2.453,2.8131,1.3513,1.5847,3.8482,2.7633,2.5697,4.6309,1.092,2.1777,3.5993,1.1519,2.7386,3.6721,1.9848,1.9867,4.5056,1.0529,1.9551,4.2647,1.8683,1.6421,3.4636,1.6667,2.5038,4.0028,2.1516,2.5244,4.9317,2.1295,2.4083,3.6583,1.3082,3.0444,3.5343,1.4642,1.4694,4.2074,0.65107,2.9877,3.6695,1.6284,1.7074,4.219,0.74108,1.9956,2.7453,0.69677,2.2025,3.9586,2.6642,2.5908,4.5414,2.0132,2.1167,3.4161,1.4067,2.8473,3.5543,1.0843,2.2479,3.6026,2.543,2.0262,4.4976,1.474,1.7292,4.4286,1.5484,2.5682,3.5587,2.0627,2.3269,4.0885,2.6812,2.3319,4.9771,0.47422,2.5348,2.9931
5.9772,0.91041,437.23,2.544,0.16063,1094.1,1.4673,1.8272,4.1181,1.2974,2.2429,4.2475,1.2001,1.9784,4.2272,2.4632,2.6211,4.2976,0.85004,2.048,4.2729,1.5069,2.528,3.8838,3.073,2.8307,5.9068,1.1833,1.9876,4.24,1.7199,1.6766,4.232,1.3122,2.2373,4.2988,0.83366,2.0825,4.2173,3.0012,2.8266,4.5535,5.5668,2.7052,1.3298,1.2926,2.7519,3.6689,0.93353,2.1662,3.0297,2.5144,2.0986,4.5113,1.4522,1.6572,3.9119,0.67098,2.6074,3.8345,2.0212,1.7657,3.5178,1.0991,2.3931,3.1625,0.1735,2.303,3.4175,1.761,1.6725,3.404,1.9875,2.7557,4.2998,1.7822,1.6885,3.4182,1.4781,1.6324,3.9365,0.39794,2.1734,3.1666,2.097,2.4136,4.4447,1.473,1.7017,3.2088,0.80347,1.9168,2.7253,3.0199,2.8418,5.8605,2.0153,1.792,3.5202,1.0124,2.744,2.9055,1.8215,2.5889,4.0339,0.63304,1.9021,2.7633,1.051,2.4177,3.0885,1.8862,1.8981,4.509,1.672,1.6582,3.8961,0.53485,2.1864,3.8072,1.1959,2.5257,3.7699,0.94687,2.1378,3.2118,2.6476,2.3553,4.4103,2.1212,2.2313,4.7587,1.4897,1.6784,3.9435,1.8904,1.9342,4.521,1.5155,2.2219,3.2626,0.78923,2.1703,3.1255,2.4587,2.3976,4.383,1.9726,2.5818,4.8782,1.9057,2.6094,4.8264,2.6241,2.3482,4.42,1.3012,2.5233,3.9173,1.7226,2.2346,4.3469,2.0892,3.0077,4.0132,0.5767,2.4644,2.5494,1.4999,2.0966,4.5983,2.0798,3.0125,4.0011,0.3256,2.4021,3.362,1.6497,1.5989,4.0709,0.70773,2.0818,3.073,2.2267,2.2767,4.6513,0.64566,2.5535,3.0549,0.96112,2.1399,3.2235,0.17557,2.8915,1.9975,2.0288,2.0352,4.6552,2.6247,2.3602,4.4102,2.6092,2.2982,5.1571,1.9873,2.6793,4.298,1.1036,1.8072,3.9872,4.6226,2.9123,0.50473,0.87892,2.157,3.0398,1.3356,2.0689,4.3185,1.0667,2.1125,3.5023,2.1967,2.7101,4.4562,1.7193,1.5926,4.1379,1.2136,2.5061,3.1111,0.79294,2.4387,3.7624,2.0892,1.8826,3.6797,1.5589,2.474,3.4251,1.6114,2.5497,3.5828,1.6134,1.6299,4.2528,1.9467,2.7053,4.4138,2.0147,2.7095,4.474,3.3924,2.752,6.1413,1.7422,1.5829,4.1279,1.7435,1.996,3.4488,2.0457,2.9218,4.8414,1.2002,2.5312,3.1339,2.6167,2.4519,4.9496,1.0391,2.6105,4.0615,1.5663,2.4469,3.4341,1.111,1.8199,4.0792,1.6619,1.5813,4.0702,1.7304,1.9989,3.4412,0.20021,2.9228,3.2628,2.9524,2.2799,4.6372,1.3149,1.956,4.2116,1.2924,2.6257,3.4101,1.4106,2.4368,3.3264,1.8469,1.9275,3.6877,1.9359,2.421,4.02,1.0592,2.2915,3.1732,2.5337,2.0233,5.1343,1.251,2.6632,3.3571,1.3943,2.4525,3.3129,0.25455,2.9433,3.2961,0.67075,1.8538,2.828,1.6743,1.9727,4.4708,1.4759,1.8072,4.1524,5.4428,2.8971,1.7777,0.82016,2.1252,2.8105,1.0246,2.6337,4.0458,2.2181,2.5145,3.6334,2.5847,2.4093,4.9105,2.9129,2.6794,4.6124,2.1487,2.4979,4.5222,2.3483,2.1081,4.2305,0.77949,2.0423,3.3246,0.43908,2.4447,2.9963,0.60627,2.1446,3.7137,2.3659,2.4375,4.4543,0.87404,2.4487,2.9479,1.2489,1.5667,4.2841,1.6772,2.0186,3.4626,6.2031,2.686,1.943,3.3725,2.9237,0.094045,0.81617,2.387,2.9922,1.6506,1.6321,4.0692,1.5064,1.9059,3.1688,0.77059,2.4334,2.9081,2.1638,2.3333,4.9015,1.1798,2.5609,3.0944,1.0446,1.9937,3.4935,0.45989,1.9917,3.2885,1.7141,2.0066,3.4407,2.4228,2.0888,4.2245,2.1824,2.1694,5.0057,1.2814,1.7057,3.8432,0.70212,1.9899,2.7611,2.1816,2.2018,5.006,2.3614,2.2181,4.5444,1.5788,2.3718,3.9698,4.3365,2.9588,0.24033,1.9526,2.394,4.003,0.80662,1.9604,4.1173,1.2407,2.6254,4.2639,3.6308,2.816,6.1995,1.5546,1.6334,3.3058,0.26553,2.2914,3.3223,5.2618,2.935,1.1734,0.58431,2.7503,3.3008,1.3043,2.518,3.014,2.1685,2.1154,4.9307,1.5133,2.0662,4.3984,1.5235,1.6343,3.3223,1.4547,2.9233,3.4015,0.53478,2.439,2.8367,0.87449,2.4381,2.9809,0.22271,2.6095,3.3274,1.6484,2.314,4.1788,0.55009,2.4315,2.7899,1.0222,2.232,3.6217,1.3877,1.801,4.2705,0.3143,2.3113,3.3907,1.5166,1.6119,3.2968,0.51297,2.4376,2.8202,3.0835,2.8575,6.0306,1.9597,2.5662,4.0212,2.006,2.1891,4.6065,2.504,2.756,5.1447,1.8835,1.9206,3.8735,1.3113,1.7505,3.7127,2.1677,2.14,4.9516,1.3942,2.6093,4.0013,0.82013,3.0921,2.6431,4.7448,2.9308,0.46524,1.2589,2.6928,4.3173,1.9281,1.9452,3.9334,1.2769,2.6503,2.9023,0.47684,2.7336,3.0989,1.0076,2.8807,4.1983,0.63535,2.5543,2.608,0.67701,2.0167,2.9278,0.58577,2.4025,3.4237,1.5846,2.1661,4.2514,1.3671,2.7176,4.4438,0.57181,1.9877,3.0326,1.9841,1.8523,3.8049,1.1917,1.8351,3.6763,2.3109,2.6733,4.7761,1.3773,1.5465,4.1206,1.3769,2.1542,3.1697,0.62674,2.002,3.0414,0.47744,2.4412,2.5858,1.649,2.3136,4.1793,2.3531,2.6708,4.8599,0.60072,2.0051,3.0209,1.6038,1.7347,3.3476,0.70327,3.0475,2.5807,0.60673,2.5429,2.5928,2.9972,2.7424,6.004,6.1627,2.8966,2.5645,4.7101,2.9585,0.40914,2.3068,2.3296,3.6721,1.082,3.0463,3.9076,1.3479,2.3224,3.487,0.97267,3.0647,3.7952,2.3813,2.2343,3.7725,1.1874,1.7925,3.6679,2.4216,2.354,4.5714,2.5262,2.6503,4.038,1.3313,2.6739,4.4019,1.8768,1.8805,3.8651,1.1511,2.7406,3.6657,2.3932,2.4561,4.9821,1.52,2.5699,3.3055,2.165,2.2053,4.105,0.79381,1.9263,3.3735,2.3271,2.3953,3.7006,2.2828,2.3949,3.654,2.2472,1.9633,4.9693,2.6071,2.2757,4.7861,2.3615,2.2646,3.7904,1.4056,1.6115,3.8551,2.298,2.6666,4.7973,1.8875,1.91,3.8641,0.78243,2.137,4.0466,1.5897,1.798,4.2408,2.3792,2.6869,4.8909,1.4579,2.3661,3.2726,6.0012,2.9002,2.3063,1.8437,1.7922,3.5308,1.8997,2.9349,4.1874,2.0523,1.9774,4.8177,1.1428,2.5831,4.3147,1.9299,2.1843,4.8667,1.6131,1.7304,3.9606,1.6147,2.0288,3.3797,1.0652,2.705,3.5977,0.98008,2.784,3.8602,1.4527,2.4493,3.9019,1.1234,2.7481,3.6216,1.7972,1.7078,4.0844,0.91966,2.4631,2.7858,1.944,2.0959,4.4272,0.17625,2.7571,2.9323,1.0738,1.9583,4.2671,0.98949,2.3001,3.086,1.6572,2.3927,4.6022,0.98416,2.0587,2.8807,0.72802,1.9894,2.7436,1.5934,1.7286,3.9645,0.92481,2.4527,2.8153,1.3492,1.5842,3.8489,2.7632,2.5684,4.6311,1.0922,2.1806,3.5972,1.1539,2.7347,3.6736,1.9854,1.9866,4.5071,1.0513,1.9542,4.2652,1.8691,1.6416,3.4644,1.6669,2.5051,4.003,2.1544,2.5227,4.9326,2.1282,2.4102,3.6553,1.3164,3.0423,3.5422,1.4652,1.4696,4.206,0.65124,2.987,3.671,1.6291,1.7045,4.218,0.741,1.9953,2.7456,0.69697,2.2033,3.9592,2.6628,2.59,4.5419,2.0145,2.1158,3.4147,1.4081,2.8424,3.5554,1.0841,2.2511,3.6005,2.5439,2.0279,4.4996,1.473,1.729,4.4288,1.5452,2.5671,3.5576,2.0627,2.3293,4.0895,2.68,2.3299,4.9754,0.47586,2.5352,2.9952
5.9772,0.91041,437.23,2.544,0.16956,1089.1,1.4641,1.8261,4.1149,1.2989,2.244,4.2492,1.1985,1.9775,4.2271,2.4615,2.6188,4.2978,0.84941,2.0474,4.2758,1.506,2.5304,3.8831,3.0775,2.8298,5.9125,1.1808,1.9871,4.2406,1.7183,1.6741,4.2307,1.3141,2.2378,4.3033,0.83262,2.0834,4.2179,3.007,2.826,4.5559,5.5601,2.7005,1.3236,1.2945,2.7472,3.6704,0.9322,2.167,3.0302,2.5163,2.1017,4.5154,1.451,1.6559,3.9126,0.6714,2.6094,3.8311,2.0219,1.7656,3.5201,1.0989,2.3907,3.1669,0.16686,2.3037,3.408,1.7594,1.6721,3.4048,1.981,2.7515,4.2934,1.7821,1.6894,3.4199,1.4783,1.6304,3.9381,0.39827,2.1754,3.1647,2.1004,2.4162,4.4476,1.4728,1.7038,3.2092,0.80215,1.9185,2.7235,3.0211,2.8419,5.8638,2.0159,1.7935,3.5225,1.0125,2.746,2.9063,1.8221,2.5892,4.0361,0.63331,1.9036,2.7618,1.049,2.4161,3.0899,1.8854,1.8968,4.5099,1.6715,1.6563,3.8963,0.53718,2.1851,3.8119,1.1958,2.5303,3.769,0.94316,2.1417,3.2084,2.6537,2.3582,4.4171,2.1248,2.2353,4.7632,1.4905,1.6787,3.9454,1.8905,1.9351,4.5227,1.5174,2.2245,3.2622,0.78664,2.1754,3.122,2.4616,2.3992,4.3876,1.9741,2.5816,4.8769,1.9042,2.6106,4.8236,2.6296,2.351,4.4288,1.3017,2.5255,3.9154,1.725,2.2348,4.3503,2.0902,3.0047,4.0132,0.58005,2.4643,2.5525,1.4966,2.0992,4.5974,2.0806,3.009,4.0007,0.32179,2.4034,3.358,1.6491,1.5974,4.0702,0.70739,2.0847,3.0716,2.2258,2.2782,4.651,0.64576,2.5498,3.0579,0.95867,2.1435,3.2212,0.17649,2.8914,1.9973,2.0315,2.0383,4.6591,2.6298,2.3635,4.418,2.6053,2.2959,5.1545,1.9823,2.6716,4.2932,1.1051,1.8041,3.9899,4.6226,2.9075,0.50459,0.87856,2.1591,3.0395,1.3372,2.0674,4.3212,1.0668,2.1141,3.5022,2.1908,2.7073,4.4496,1.7205,1.5918,4.1366,1.2172,2.5036,3.1131,0.79539,2.4399,3.7618,2.0913,1.8802,3.6767,1.5566,2.4758,3.4225,1.6089,2.551,3.5816,1.6109,1.6277,4.2529,1.9401,2.6984,4.4063,2.011,2.7034,4.4693,3.396,2.7501,6.144,1.7449,1.5816,4.1258,1.7459,1.9953,3.4486,2.0411,2.9206,4.8367,1.2027,2.5301,3.1366,2.6154,2.4521,4.947,1.04,2.6109,4.0614,1.5643,2.4475,3.4321,1.1068,1.8208,4.078,1.6622,1.5793,4.0693,1.7321,1.9984,3.4407,0.19633,2.9214,3.2595,2.9568,2.2789,4.6411,1.3148,1.9558,4.2121,1.2937,2.6231,3.414,1.4076,2.4361,3.3256,1.8475,1.9237,3.6856,1.9353,2.4259,4.0221,1.0568,2.2919,3.1723,2.5333,2.0221,5.1335,1.2514,2.6622,3.3598,1.3904,2.4521,3.3113,0.25299,2.943,3.2944,0.67016,1.856,2.8236,1.672,1.9692,4.4729,1.4763,1.8041,4.1541,5.4374,2.8968,1.7736,0.82029,2.1254,2.8124,1.0244,2.6355,4.0445,2.223,2.5141,3.6345,2.5825,2.4074,4.9063,2.9198,2.6773,4.618,2.1483,2.4965,4.5218,2.3482,2.1085,4.2328,0.77991,2.0454,3.3225,0.445,2.4429,3.0023,0.60632,2.1447,3.7137,2.3646,2.4343,4.4557,0.88123,2.4477,2.9536,1.2486,1.566,4.2834,1.6755,2.0191,3.463,6.1972,2.6855,1.9361,3.3802,2.9225,0.10244,0.81821,2.3828,2.9984,1.6502,1.6317,4.0682,1.5071,1.9084,3.1682,0.77149,2.4316,2.9109,2.1637,2.3324,4.8984,1.1816,2.5614,3.0953,1.0469,1.9955,3.4929,0.45446,1.9921,3.2912,1.7147,2.0064,3.44,2.4253,2.0895,4.2267,2.1842,2.17,5.0066,1.2806,1.7028,3.8454,0.70324,1.9903,2.7616,2.1834,2.2039,5.0066,2.364,2.2199,4.5491,1.5795,2.3763,3.9702,4.3433,2.9557,0.24553,1.9525,2.3975,4.0036,0.80501,1.96,4.1172,1.245,2.6285,4.267,3.6366,2.8137,6.2059,1.5561,1.6346,3.3071,0.26221,2.291,3.3173,5.2661,2.9313,1.1763,0.58497,2.7483,3.3026,1.3063,2.5185,3.0158,2.1707,2.1136,4.9286,1.5153,2.0636,4.4013,1.5234,1.6346,3.3243,1.4586,2.9232,3.403,0.53969,2.4382,2.8438,0.87232,2.4368,2.9807,0.22235,2.6091,3.326,1.6506,2.3167,4.1822,0.55538,2.4307,2.7943,1.0201,2.236,3.6189,1.3874,1.8003,4.269,0.31374,2.312,3.3898,1.516,1.6112,3.2974,0.51664,2.437,2.8263,3.0894,2.8567,6.038,1.9571,2.5648,4.0205,2.008,2.1895,4.6075,2.496,2.7545,5.1364,1.883,1.917,3.8716,1.312,1.7465,3.7143,2.1692,2.1392,4.95,1.3941,2.6071,4.0012,0.798,3.0926,2.6201,4.7478,2.9268,0.46835,1.2596,2.6933,4.317,1.9293,1.944,3.936,1.2788,2.6512,2.9046,0.48277,2.731,3.1065,1.0122,2.8795,4.2027,0.63842,2.5565,2.6088,0.67595,2.0208,2.925,0.58793,2.4027,3.4234,1.5856,2.1648,4.2526,1.3736,2.7191,4.4504,0.56836,1.9897,3.0276,1.9843,1.8497,3.8043,1.1915,1.8341,3.6783,2.3042,2.67,4.7661,1.3772,1.5474,4.1169,1.3761,2.1537,3.1694,0.62623,2.0051,3.0375,0.4781,2.4407,2.5867,1.6515,2.3172,4.1824,2.3477,2.6675,4.8534,0.59861,2.008,3.0157,1.6061,1.7353,3.3489,0.71445,3.0479,2.5898,0.60794,2.5445,2.5924,3.0036,2.742,6.0119,6.163,2.8984,2.5671,4.7128,2.957,0.41072,2.3049,2.3251,3.6671,1.0866,3.0443,3.9145,1.3423,2.3259,3.4826,0.97705,3.0643,3.8021,2.3821,2.2343,3.7708,1.1869,1.7889,3.6696,2.4217,2.3549,4.5722,2.5234,2.6519,4.0393,1.3352,2.6736,4.4055,1.8762,1.8748,3.863,1.1524,2.7374,3.6663,2.3909,2.4546,4.9763,1.5152,2.5675,3.3064,2.165,2.2068,4.1055,0.79392,1.9279,3.3731,2.3259,2.3945,3.6972,2.2792,2.3937,3.6481,2.2509,1.967,4.9727,2.6053,2.275,4.7861,2.3614,2.2665,3.7896,1.4071,1.6127,3.8564,2.2905,2.6628,4.7882,1.8875,1.9065,3.8617,0.78272,2.1366,4.0514,1.589,1.7956,4.2396,2.3748,2.6848,4.8857,1.4585,2.3653,3.273,6.0073,2.9011,2.3139,1.8431,1.7918,3.5336,1.897,2.9294,4.1825,2.0546,1.9791,4.8207,1.1453,2.5834,4.317,1.9326,2.1861,4.8666,1.6133,1.7267,3.9602,1.6154,2.03,3.379,1.0672,2.7016,3.5987,0.98356,2.7816,3.8624,1.4569,2.4517,3.9057,1.1238,2.7454,3.6202,1.7948,1.703,4.084,0.92015,2.4635,2.7864,1.9462,2.0976,4.4297,0.18308,2.7543,2.9382,1.0733,1.9579,4.2675,0.9911,2.2983,3.0897,1.659,2.3926,4.6037,0.98424,2.0571,2.8828,0.72737,1.9887,2.7439,1.5925,1.7246,3.9644,0.92522,2.4525,2.8174,1.3472,1.5838,3.8496,2.7632,2.5671,4.6314,1.0923,2.1834,3.5951,1.1558,2.7308,3.6751,1.9859,1.9865,4.5086,1.0497,1.9534,4.2658,1.8699,1.641,3.4652,1.6672,2.5063,4.0032,2.1571,2.521,4.9333,2.1268,2.412,3.6524,1.3246,3.0403,3.5503,1.4663,1.4699,4.2045,0.65118,2.9864,3.6723,1.6298,1.7016,4.2172,0.74094,1.9948,2.7459,0.69714,2.204,3.9597,2.6613,2.5892,4.5423,2.0158,2.1148,3.4133,1.4095,2.8377,3.5565,1.084,2.2542,3.5983,2.5447,2.0297,4.5017,1.4722,1.7288,4.4289,1.5421,2.5661,3.5566,2.0628,2.3315,4.0907,2.6787,2.328,4.9737,0.47743,2.5355,2.9973
5.9772,0.91041,437.23,2.544,0.17848,1084.2,1.4609,1.8249,4.1117,1.3004,2.2451,4.2509,1.1969,1.9764,4.227,2.46,2.6167,4.2981,0.84877,2.0468,4.2787,1.505,2.5329,3.8823,3.0821,2.8288,5.9183,1.1782,1.9866,4.2412,1.7168,1.6715,4.2295,1.316,2.2382,4.3077,0.83164,2.0843,4.2186,3.0125,2.8254,4.5582,5.5535,2.6958,1.3177,1.2963,2.7426,3.6717,0.93089,2.1679,3.0307,2.5182,2.1049,4.5195,1.4499,1.6548,3.9132,0.67181,2.6114,3.8279,2.0226,1.7654,3.5224,1.0985,2.3884,3.1711,0.16017,2.3044,3.3984,1.7579,1.6716,3.4058,1.9748,2.7472,4.2874,1.7819,1.6903,3.4215,1.4785,1.6285,3.9396,0.3986,2.1773,3.1629,2.1037,2.4187,4.4505,1.4726,1.7059,3.2096,0.80089,1.9199,2.7218,3.0223,2.842,5.8671,2.0168,1.795,3.5248,1.0127,2.7479,2.907,1.8227,2.5896,4.0382,0.6336,1.905,2.7604,1.047,2.4146,3.0911,1.8846,1.8955,4.5109,1.671,1.6545,3.8965,0.53961,2.1837,3.8167,1.1956,2.5347,3.768,0.93947,2.1455,3.2052,2.6598,2.361,4.4239,2.1282,2.2391,4.7676,1.4913,1.6791,3.9473,1.8907,1.9361,4.5243,1.5194,2.2272,3.2619,0.78403,2.1804,3.1187,2.4646,2.4007,4.3923,1.9756,2.5816,4.8756,1.9028,2.6117,4.8208,2.6349,2.3539,4.4377,1.3022,2.5277,3.9135,1.7274,2.2349,4.3536,2.0912,3.0016,4.0132,0.58326,2.4643,2.5555,1.4933,2.1019,4.5964,2.0817,3.0055,4.0003,0.31804,2.4044,3.3542,1.6484,1.5959,4.0693,0.70705,2.0875,3.0703,2.2247,2.2796,4.6505,0.64574,2.5461,3.061,0.95628,2.1469,3.2191,0.17728,2.8911,1.9969,2.0344,2.0414,4.6628,2.6349,2.3666,4.4258,2.6016,2.2937,5.1519,1.9776,2.6641,4.2888,1.1065,1.801,3.9927,4.6224,2.9027,0.50437,0.87824,2.1612,3.0392,1.3387,2.066,4.3238,1.0669,2.1156,3.5021,2.1851,2.7045,4.4432,1.7217,1.5909,4.1353,1.2206,2.5012,3.1149,0.79784,2.441,3.7612,2.0933,1.8778,3.6738,1.5543,2.4775,3.4198,1.6063,2.5522,3.5805,1.6084,1.6256,4.253,1.9339,2.6916,4.3992,2.0078,2.6975,4.4649,3.3996,2.7482,6.1469,1.7478,1.5803,4.1236,1.7483,1.9945,3.4485,2.0367,2.9195,4.832,1.2052,2.529,3.1393,2.6142,2.4523,4.9443,1.0411,2.6112,4.0613,1.5622,2.4482,3.4302,1.1027,1.8218,4.0769,1.6625,1.5773,4.0684,1.7338,1.9979,3.4402,0.19252,2.92,3.2562,2.9612,2.2778,4.6447,1.3148,1.9556,4.2126,1.2948,2.6208,3.4177,1.4045,2.4354,3.3248,1.8481,1.9199,3.6836,1.9349,2.4306,4.0242,1.0545,2.2922,3.1712,2.5329,2.021,5.1326,1.2519,2.6611,3.3625,1.3865,2.4518,3.3098,0.25149,2.9426,3.2928,0.66957,1.8581,2.8192,1.6696,1.9659,4.4749,1.4769,1.801,4.1557,5.4321,2.8965,1.7696,0.82041,2.1256,2.8142,1.0242,2.6373,4.0432,2.2283,2.5137,3.6358,2.5805,2.4056,4.9022,2.9266,2.6752,4.6233,2.148,2.4952,4.5213,2.3482,2.109,4.2353,0.78026,2.0485,3.3204,0.45081,2.4413,3.0081,0.60637,2.1448,3.7137,2.3632,2.4312,4.4569,0.88835,2.4466,2.9591,1.2484,1.5653,4.2824,1.6738,2.0196,3.4634,6.1913,2.685,1.9291,3.3876,2.9214,0.11062,0.81999,2.3787,3.0044,1.6497,1.6313,4.0671,1.5078,1.9109,3.1676,0.77232,2.4298,2.9137,2.1637,2.3313,4.8954,1.1833,2.562,3.0963,1.0491,1.9971,3.4923,0.44895,1.9924,3.2942,1.7153,2.0061,3.4391,2.4279,2.0902,4.2289,2.1858,2.1706,5.0076,1.2795,1.6999,3.8475,0.70436,1.9907,2.7622,2.1851,2.2058,5.0072,2.3667,2.2216,4.5538,1.5802,2.3809,3.9706,4.3499,2.9524,0.25061,1.9524,2.401,4.0042,0.80341,1.9597,4.1171,1.2493,2.6317,4.2701,3.6422,2.8116,6.2121,1.5575,1.6357,3.3084,0.25893,2.2907,3.3124,5.2704,2.9277,1.1791,0.5855,2.7464,3.3042,1.3081,2.5191,3.0176,2.1728,2.1119,4.9266,1.5171,2.0608,4.4042,1.5233,1.6348,3.3263,1.4622,2.9231,3.4043,0.54457,2.4372,2.8511,0.87025,2.4356,2.9806,0.22195,2.6086,3.3247,1.6527,2.3194,4.1855,0.56058,2.43,2.7987,1.0179,2.2398,3.616,1.3871,1.7994,4.2675,0.31319,2.3127,3.3889,1.5154,1.6105,3.2983,0.52027,2.4364,2.8324,3.0951,2.8557,6.0455,1.9545,2.5634,4.0196,2.01,2.1898,4.6086,2.4881,2.7531,5.1282,1.8825,1.9135,3.8698,1.3127,1.7425,3.7159,2.1707,2.1384,4.9485,1.394,2.6051,4.0011,0.77522,3.0931,2.5966,4.7507,2.9228,0.47145,1.2604,2.6937,4.3167,1.9304,1.9429,3.9386,1.2806,2.6522,2.9069,0.48847,2.7283,3.1139,1.0168,2.8783,4.2071,0.64139,2.5587,2.6094,0.67493,2.0246,2.9222,0.59008,2.403,3.423,1.5867,2.1635,4.2537,1.38,2.7205,4.457,0.56496,1.9917,3.0225,1.9844,1.847,3.8037,1.1913,1.833,3.6802,2.2979,2.6668,4.7567,1.3771,1.5482,4.1133,1.3753,2.1531,3.1692,0.62573,2.0082,3.0337,0.4787,2.4403,2.5875,1.654,2.3207,4.1856,2.3424,2.6643,4.847,0.59655,2.011,3.0105,1.6084,1.7359,3.3502,0.72577,3.0483,2.5992,0.60905,2.5461,2.5918,3.01,2.7416,6.0196,6.1635,2.9001,2.5698,4.7156,2.9555,0.41241,2.3031,2.3204,3.662,1.0906,3.0424,3.9209,1.3368,2.3293,3.4782,0.98135,3.0639,3.809,2.383,2.2343,3.7692,1.1863,1.7853,3.6714,2.4218,2.3559,4.573,2.5207,2.6533,4.0407,1.3391,2.6733,4.4089,1.8753,1.8691,3.861,1.1535,2.7342,3.6668,2.3888,2.4532,4.9706,1.5104,2.5651,3.3074,2.1651,2.2082,4.1061,0.794,1.9295,3.3727,2.3247,2.3935,3.694,2.2757,2.3925,3.6423,2.2544,1.9705,4.9758,2.6037,2.2743,4.7861,2.3613,2.2684,3.7889,1.4084,1.6138,3.8576,2.2832,2.6592,4.7793,1.8875,1.903,3.8592,0.78303,2.1362,4.0562,1.5883,1.7932,4.2384,2.3704,2.6827,4.8805,1.459,2.3645,3.2734,6.0136,2.9022,2.3216,1.8426,1.7915,3.5365,1.8943,2.9241,4.1779,2.057,1.9807,4.8237,1.1478,2.5837,4.3193,1.9353,2.1879,4.8665,1.6135,1.7231,3.9599,1.6162,2.0311,3.3783,1.0691,2.6983,3.5997,0.98695,2.7792,3.8645,1.461,2.454,3.9093,1.1241,2.7426,3.6189,1.7924,1.6983,4.0836,0.92065,2.464,2.787,1.9484,2.0993,4.4323,0.1899,2.7514,2.9441,1.0727,1.9576,4.2679,0.99265,2.2967,3.0933,1.6608,2.3924,4.6051,0.9843,2.0557,2.8848,0.72674,1.9878,2.7443,1.5915,1.7207,3.9643,0.92559,2.4522,2.8195,1.3452,1.5834,3.8503,2.7632,2.5659,4.6317,1.0923,2.1864,3.593,1.1576,2.7271,3.6764,1.9865,1.9864,4.5099,1.0482,1.9524,4.2664,1.8708,1.6405,3.466,1.6675,2.5074,4.0034,2.16,2.5195,4.9343,2.1255,2.4138,3.6495,1.3327,3.0382,3.5582,1.4674,1.4702,4.2031,0.65099,2.9858,3.6733,1.6307,1.6986,4.2162,0.74088,1.9944,2.7462,0.69727,2.2049,3.9601,2.6599,2.5885,4.5427,2.0171,2.1137,3.4119,1.4108,2.8329,3.5576,1.0838,2.2573,3.5962,2.5457,2.0313,4.5037,1.4713,1.7286,4.4291,1.539,2.565,3.5555,2.0629,2.3337,4.0918,2.6776,2.3262,4.9721,0.47897,2.5359,2.9994
5.9772,0.91041,437.23,2.544,0.18741,1079.3,1.4577,1.8237,4.1086,1.302,2.2462,4.2527,1.1954,1.9755,4.2268,2.4586,2.6145,4.2985,0.84811,2.0461,4.2814,1.504,2.5351,3.8814,3.0867,2.8279,5.9241,1.1758,1.9859,4.2419,1.7152,1.669,4.2281,1.3177,2.2387,4.3121,0.83067,2.0852,4.2193,3.0179,2.8248,4.5605,5.5471,2.691,1.3121,1.298,2.7382,3.6729,0.92958,2.1688,3.0313,2.5201,2.108,4.5236,1.4488,1.6536,3.9139,0.6722,2.6134,3.8245,2.0234,1.7653,3.5247,1.0978,2.3862,3.175,0.15343,2.305,3.3887,1.7563,1.6711,3.4067,1.9689,2.743,4.2815,1.7817,1.6912,3.4232,1.4788,1.6266,3.9409,0.39895,2.1792,3.1612,2.107,2.4211,4.4532,1.4725,1.7081,3.2101,0.79967,1.9214,2.7203,3.0236,2.8422,5.8706,2.0175,1.7964,3.527,1.0129,2.7499,2.9077,1.8235,2.59,4.0404,0.6339,1.9064,2.7592,1.0449,2.4132,3.0923,1.8838,1.8943,4.5118,1.6704,1.6528,3.8967,0.54214,2.1822,3.8216,1.1953,2.5388,3.7671,0.93581,2.1492,3.202,2.6659,2.3637,4.4306,2.1317,2.2429,4.7719,1.4921,1.6793,3.9492,1.891,1.937,4.5259,1.5216,2.2298,3.2616,0.7814,2.1853,3.1155,2.4677,2.4022,4.3971,1.977,2.5815,4.8742,1.9016,2.6128,4.8181,2.6405,2.3566,4.4465,1.3027,2.5299,3.9115,1.7299,2.2352,4.357,2.0921,2.9985,4.0131,0.58631,2.4643,2.5583,1.49,2.1045,4.5954,2.0826,3.0019,4.0,0.31433,2.4054,3.3504,1.6478,1.5945,4.0685,0.70671,2.0902,3.0691,2.2237,2.281,4.65,0.6456,2.5424,3.0639,0.95395,2.1504,3.2171,0.17798,2.8909,1.9964,2.0373,2.0445,4.6666,2.6401,2.3696,4.4336,2.5978,2.2914,5.1495,1.9734,2.6568,4.2846,1.1079,1.7978,3.9953,4.6222,2.898,0.50409,0.87794,2.1633,3.0389,1.3402,2.0646,4.3264,1.0669,2.1171,3.5019,2.1796,2.7018,4.437,1.7229,1.59,4.1341,1.2241,2.4988,3.1167,0.80028,2.4422,3.7604,2.0955,1.8755,3.6709,1.552,2.4792,3.4172,1.6039,2.5534,3.5796,1.606,1.6235,4.2533,1.928,2.6848,4.3924,2.0047,2.6916,4.4608,3.4033,2.7463,6.1498,1.7506,1.5789,4.1214,1.7507,1.9937,3.4485,2.0323,2.9183,4.8275,1.2076,2.528,3.142,2.6131,2.4524,4.9417,1.042,2.6115,4.0612,1.5602,2.4488,3.4282,1.0987,1.8226,4.0758,1.6629,1.5754,4.0675,1.7356,1.9974,3.4397,0.18886,2.9186,3.253,2.9654,2.2767,4.6482,1.3147,1.9554,4.2132,1.2958,2.6184,3.4213,1.4015,2.4348,3.324,1.8488,1.916,3.6817,1.9343,2.4354,4.0263,1.0521,2.2925,3.1703,2.5325,2.0201,5.1319,1.2524,2.6601,3.3652,1.3826,2.4515,3.3084,0.25011,2.9421,3.2914,0.66899,1.8603,2.8149,1.6672,1.9625,4.4769,1.4774,1.798,4.1574,5.4269,2.8962,1.7657,0.82053,2.1258,2.816,1.0239,2.639,4.0418,2.234,2.5132,3.6374,2.5785,2.4037,4.8983,2.9335,2.673,4.6287,2.1477,2.4939,4.5209,2.3482,2.1095,4.2377,0.78054,2.0517,3.3181,0.45651,2.4395,3.0138,0.60642,2.1449,3.7137,2.3618,2.4282,4.4581,0.89543,2.4455,2.9647,1.2481,1.5646,4.2816,1.672,2.0201,3.4638,6.1855,2.6843,1.9221,3.3948,2.9202,0.11852,0.82152,2.3748,3.0101,1.6492,1.6308,4.0662,1.5085,1.9133,3.1668,0.77307,2.4281,2.9163,2.1637,2.3304,4.8925,1.1851,2.5625,3.0971,1.0514,1.9988,3.4916,0.44338,1.9927,3.2974,1.7159,2.0058,3.4384,2.4306,2.0909,4.2311,2.1873,2.1713,5.0083,1.2786,1.697,3.8495,0.70548,1.991,2.7627,2.1868,2.2077,5.0078,2.3694,2.2233,4.5585,1.581,2.3854,3.971,4.3565,2.949,0.25556,1.9523,2.4046,4.0049,0.80182,1.9593,4.1169,1.2535,2.6348,4.2732,3.6477,2.8093,6.2182,1.5589,1.6369,3.3096,0.25572,2.2903,3.3075,5.2744,2.924,1.1818,0.58594,2.7444,3.3057,1.3101,2.5197,3.0193,2.175,2.1102,4.9246,1.5188,2.0579,4.407,1.5232,1.6351,3.3283,1.4659,2.9229,3.4055,0.54941,2.4364,2.8581,0.86829,2.4344,2.9807,0.22153,2.608,3.3232,1.6549,2.322,4.1889,0.56568,2.4292,2.8029,1.0156,2.2437,3.6131,1.3868,1.7987,4.266,0.31265,2.3134,3.388,1.5147,1.6098,3.299,0.52387,2.4357,2.8384,3.1007,2.8548,6.0528,1.9519,2.5619,4.0188,2.012,2.1901,4.6096,2.4801,2.7516,5.1198,1.8818,1.9097,3.868,1.3135,1.7386,3.7176,2.1721,2.1376,4.947,1.3938,2.6032,4.0009,0.75174,3.0937,2.5722,4.7534,2.9189,0.47454,1.2612,2.6941,4.3165,1.9316,1.9417,3.9412,1.2825,2.6531,2.9093,0.49396,2.7259,3.121,1.0214,2.8771,4.2116,0.64428,2.5609,2.61,0.67394,2.0283,2.9197,0.59221,2.4033,3.4227,1.5877,2.1621,4.2547,1.3864,2.7217,4.4636,0.56163,1.9938,3.0176,1.9846,1.8444,3.8032,1.191,1.832,3.6821,2.292,2.6636,4.7475,1.3769,1.5489,4.1095,1.3745,2.1526,3.1689,0.62525,2.0111,3.03,0.47925,2.4397,2.5883,1.6566,2.3242,4.1887,2.3372,2.661,4.8406,0.59449,2.0139,3.0055,1.6108,1.7364,3.3514,0.73718,3.0488,2.6086,0.61005,2.5477,2.591,3.0164,2.7411,6.0274,6.1641,2.9018,2.5727,4.7185,2.9541,0.41419,2.3013,2.3158,3.6568,1.0942,3.0405,3.9269,1.3314,2.3326,3.474,0.98545,3.0636,3.8156,2.3839,2.2343,3.7677,1.1855,1.7817,3.6732,2.4219,2.3569,4.5738,2.5182,2.6546,4.0421,1.343,2.673,4.4124,1.8746,1.8634,3.859,1.1547,2.731,3.6674,2.3868,2.4519,4.965,1.5055,2.5627,3.3084,2.1651,2.2097,4.1068,0.79404,1.9312,3.3722,2.3236,2.3927,3.6906,2.2722,2.3912,3.6366,2.2578,1.9739,4.9787,2.6021,2.2735,4.7862,2.3611,2.2704,3.7881,1.4098,1.6147,3.8588,2.2763,2.6553,4.7707,1.8875,1.8993,3.8568,0.78334,2.1358,4.0609,1.5876,1.7907,4.2372,2.3662,2.6805,4.8753,1.4596,2.3638,3.2737,6.0199,2.9032,2.3295,1.842,1.7911,3.5394,1.8919,2.9187,4.1735,2.0594,1.9822,4.8264,1.1502,2.5839,4.3216,1.9379,2.1897,4.8663,1.6137,1.7194,3.9595,1.617,2.0323,3.3775,1.0708,2.6951,3.6004,0.99028,2.7768,3.8665,1.4651,2.4563,3.913,1.1245,2.74,3.6177,1.79,1.6937,4.0832,0.92117,2.4645,2.7877,1.9507,2.101,4.4349,0.19671,2.7485,2.95,1.0721,1.9572,4.2683,0.9941,2.2952,3.0967,1.6627,2.3924,4.6066,0.98435,2.0543,2.8867,0.72613,1.9871,2.7446,1.5905,1.7169,3.9643,0.92594,2.452,2.8216,1.343,1.5829,3.851,2.7633,2.5647,4.6322,1.0923,2.1893,3.5908,1.1595,2.7233,3.6778,1.987,1.9862,4.5114,1.0467,1.9516,4.2671,1.8715,1.64,3.4668,1.6677,2.5086,4.0036,2.1627,2.5178,4.935,2.1243,2.4157,3.6466,1.3408,3.036,3.566,1.4684,1.4705,4.2017,0.6506,2.985,3.6742,1.6316,1.6957,4.2154,0.74081,1.994,2.7465,0.69738,2.2057,3.9604,2.6584,2.5877,4.5432,2.0183,2.1127,3.4106,1.4121,2.8282,3.5587,1.0835,2.2603,3.594,2.5466,2.0331,4.5059,1.4704,1.7284,4.4292,1.5361,2.564,3.5545,2.0629,2.336,4.0929,2.6766,2.3244,4.9705,0.48047,2.5364,3.0014
5.9772,0.91041,437.23,2.544,0.19633,1074.0,1.4545,1.8225,4.1054,1.3036,2.2473,4.2545,1.1938,1.9744,4.2266,2.4572,2.6124,4.2989,0.84743,2.0456,4.2842,1.5031,2.5374,3.8806,3.0914,2.8268,5.93,1.1735,1.9853,4.2426,1.7136,1.6665,4.2268,1.3196,2.2391,4.3164,0.82975,2.0861,4.22,3.023,2.8241,4.5626,5.5409,2.6863,1.3067,1.2994,2.7339,3.6739,0.92827,2.1695,3.0318,2.522,2.111,4.5277,1.4477,1.6525,3.9146,0.67259,2.6154,3.8211,2.0241,1.7651,3.527,1.097,2.3842,3.1786,0.14667,2.3055,3.3791,1.7547,1.6707,3.4076,1.9632,2.7388,4.276,1.7815,1.6919,3.4248,1.479,1.6248,3.9423,0.39931,2.181,3.1594,2.1102,2.4234,4.4558,1.4724,1.7101,3.2105,0.7985,1.9226,2.7189,3.0251,2.8424,5.8742,2.0184,1.7978,3.5293,1.0131,2.752,2.9082,1.8242,2.5904,4.0427,0.63419,1.9077,2.7578,1.0427,2.4118,3.0933,1.8829,1.893,4.5127,1.6699,1.6512,3.8969,0.54475,2.1807,3.8266,1.1951,2.5427,3.7662,0.93216,2.1529,3.199,2.6718,2.3663,4.4372,2.1352,2.2466,4.7762,1.493,1.6796,3.951,1.8914,1.938,4.5275,1.5238,2.2323,3.2613,0.77873,2.1903,3.1123,2.4708,2.4038,4.402,1.9784,2.5817,4.8728,1.9004,2.614,4.8155,2.6461,2.3593,4.4554,1.3032,2.532,3.9097,1.7324,2.2353,4.3604,2.0931,2.9955,4.0131,0.58912,2.4645,2.5609,1.4865,2.1072,4.5943,2.0838,2.9983,3.9999,0.31071,2.4064,3.3467,1.6471,1.5931,4.0678,0.70636,2.0929,3.068,2.2226,2.2823,4.6494,0.64537,2.5388,3.0668,0.95166,2.1536,3.2151,0.17856,2.8906,1.9958,2.0402,2.0475,4.6703,2.6453,2.3724,4.4413,2.5942,2.2891,5.147,1.9694,2.6497,4.2809,1.1094,1.7946,3.9981,4.6218,2.8934,0.50374,0.8777,2.1654,3.0388,1.3418,2.0633,4.3289,1.0669,2.1187,3.5017,2.1742,2.699,4.4309,1.7243,1.5891,4.1327,1.2276,2.4965,3.1185,0.8027,2.4433,3.7597,2.0975,1.8733,3.6682,1.5497,2.4808,3.4147,1.6016,2.5545,3.5786,1.6036,1.6216,4.2534,1.9225,2.678,4.3859,2.0021,2.6859,4.4569,3.4071,2.7444,6.1527,1.7535,1.5776,4.1191,1.753,1.9928,3.4484,2.0282,2.9172,4.8231,1.2099,2.527,3.1445,2.612,2.4525,4.9391,1.0429,2.6118,4.061,1.5581,2.4495,3.4263,1.0948,1.8235,4.0747,1.6633,1.5736,4.0666,1.7374,1.9967,3.4392,0.18538,2.9172,3.25,2.9697,2.2756,4.6518,1.3147,1.9552,4.2137,1.2968,2.6163,3.4248,1.3985,2.4341,3.3231,1.8495,1.9121,3.6798,1.934,2.4401,4.0285,1.0497,2.2929,3.1694,2.5321,2.0192,5.1312,1.2528,2.6592,3.3679,1.3788,2.4513,3.3068,0.24877,2.9417,3.29,0.66839,1.8623,2.8107,1.6648,1.9592,4.4788,1.4781,1.795,4.1589,5.4217,2.896,1.7619,0.82067,2.126,2.8178,1.0235,2.6409,4.0405,2.2406,2.513,3.6399,2.5766,2.4019,4.8942,2.9404,2.6707,4.634,2.1473,2.4927,4.5205,2.3482,2.11,4.2402,0.78075,2.0548,3.3157,0.46212,2.4379,3.0193,0.60647,2.145,3.7137,2.3601,2.4252,4.4591,0.90246,2.4444,2.9702,1.2478,1.5639,4.2805,1.6702,2.0205,3.4641,6.1795,2.6837,1.9151,3.4017,2.9188,0.12616,0.82282,2.3709,3.0155,1.6487,1.6304,4.0652,1.5092,1.9156,3.1662,0.77374,2.4262,2.9188,2.1638,2.3295,4.8895,1.1868,2.5632,3.098,1.0537,2.0004,3.4909,0.43765,1.9929,3.3009,1.7164,2.0054,3.4377,2.4333,2.0916,4.2334,2.1888,2.1719,5.0091,1.2775,1.6941,3.8516,0.70657,1.9914,2.7634,2.1884,2.2095,5.0082,2.3719,2.2249,4.5631,1.5817,2.3899,3.9714,4.3628,2.9457,0.26041,1.9521,2.4082,4.0055,0.80026,1.959,4.1167,1.2578,2.6379,4.2763,3.6531,2.8072,6.2241,1.5603,1.638,3.311,0.25252,2.29,3.3027,5.2781,2.9202,1.1841,0.58625,2.7424,3.3071,1.3119,2.5202,3.0209,2.1772,2.1086,4.9227,1.5205,2.055,4.4099,1.523,1.6351,3.3304,1.4696,2.9229,3.4066,0.55422,2.4355,2.8654,0.86642,2.4332,2.9809,0.22103,2.6076,3.3217,1.6569,2.3245,4.1924,0.57058,2.4286,2.8071,1.0132,2.2475,3.6102,1.3865,1.7978,4.2644,0.31209,2.3141,3.3873,1.5141,1.609,3.2997,0.52736,2.4352,2.8443,3.1062,2.8538,6.06,1.9493,2.5605,4.0179,2.0141,2.1904,4.6106,2.4722,2.75,5.1116,1.8812,1.9059,3.8662,1.3142,1.7348,3.7192,2.1736,2.1368,4.9454,1.3938,2.6012,4.0009,0.72727,3.0942,2.547,4.7562,2.9148,0.47757,1.2621,2.6945,4.3165,1.9327,1.9405,3.9437,1.2843,2.6542,2.9116,0.4992,2.7233,3.1279,1.026,2.8757,4.2161,0.64699,2.5632,2.6104,0.67296,2.032,2.9172,0.59432,2.4036,3.4224,1.5888,2.1608,4.2558,1.3928,2.723,4.4702,0.55836,1.9957,3.0127,1.9847,1.8419,3.8027,1.1908,1.8309,3.6841,2.2863,2.6605,4.7388,1.3769,1.5496,4.1058,1.3736,2.1519,3.1687,0.62481,2.0141,3.0264,0.4797,2.4393,2.5891,1.6591,2.3277,4.1919,2.3324,2.6578,4.8345,0.59248,2.0166,3.0005,1.6133,1.7368,3.3527,0.74845,3.0493,2.6179,0.61096,2.5493,2.5901,3.0228,2.7406,6.0351,6.1649,2.9035,2.5758,4.7215,2.9528,0.41604,2.2997,2.3113,3.6518,1.097,3.0387,3.9319,1.3259,2.3358,3.4697,0.98921,3.0633,3.8219,2.3848,2.2343,3.7661,1.1849,1.778,3.675,2.422,2.3578,4.5747,2.5157,2.656,4.0437,1.3469,2.6728,4.4158,1.8739,1.8576,3.8571,1.1558,2.7279,3.6678,2.3847,2.4505,4.9596,1.5008,2.5604,3.3095,2.1652,2.2112,4.1075,0.79404,1.933,3.3718,2.3225,2.3918,3.6874,2.2688,2.39,3.6311,2.2612,1.9771,4.9817,2.6005,2.2727,4.7862,2.3611,2.2724,3.7875,1.4111,1.6157,3.86,2.2696,2.6516,4.7625,1.8875,1.8957,3.8544,0.78365,2.1354,4.0655,1.5869,1.7883,4.2361,2.3621,2.6783,4.8703,1.4601,2.3631,3.274,6.0265,2.9041,2.3374,1.8415,1.7907,3.5421,1.8898,2.9134,4.1692,2.0616,1.9838,4.8292,1.1527,2.5842,4.3239,1.9406,2.1915,4.8661,1.6139,1.716,3.9591,1.6177,2.0334,3.3768,1.0725,2.692,3.6011,0.99351,2.7745,3.8684,1.4691,2.4584,3.9166,1.1249,2.7373,3.6163,1.7876,1.6892,4.0829,0.92167,2.4652,2.7883,1.953,2.1027,4.4374,0.20348,2.7456,2.9557,1.0716,1.9568,4.2687,0.99549,2.2936,3.1002,1.6645,2.3922,4.6082,0.98438,2.0529,2.8886,0.72556,1.9863,2.745,1.5896,1.7132,3.9643,0.92626,2.4517,2.8236,1.341,1.5824,3.8517,2.7635,2.5634,4.6327,1.0923,2.1923,3.5886,1.1613,2.7196,3.6791,1.9876,1.9862,4.5127,1.0453,1.9507,4.2676,1.8722,1.6394,3.4676,1.668,2.5097,4.0039,2.1655,2.5163,4.9359,2.1231,2.4175,3.6439,1.3488,3.0339,3.5738,1.4695,1.4709,4.2003,0.65,2.9845,3.6748,1.6325,1.6927,4.2145,0.74076,1.9935,2.7468,0.69744,2.2066,3.9607,2.6571,2.5869,4.5437,2.0196,2.1118,3.4093,1.4134,2.8234,3.5598,1.0833,2.2633,3.5919,2.5475,2.0347,4.5079,1.4697,1.7282,4.4294,1.5331,2.5631,3.5536,2.0631,2.3381,4.094,2.6755,2.3227,4.9689,0.4819,2.5368,3.0035
5.9772,0.91041,437.23,2.544,0.20525,1068.4,1.4514,1.8212,4.1023,1.3053,2.2484,4.2564,1.1924,1.9734,4.2265,2.4561,2.6104,4.2994,0.84674,2.045,4.287,1.502,2.5397,3.8798,3.0961,2.8258,5.9359,1.1712,1.9847,4.2432,1.7121,1.664,4.2255,1.3213,2.2396,4.3207,0.82886,2.0869,4.2208,3.0279,2.8234,4.5646,5.535,2.6817,1.3016,1.3008,2.7299,3.6747,0.92696,2.1703,3.0324,2.5239,2.1141,4.5317,1.4467,1.6515,3.9153,0.67297,2.6174,3.8178,2.0249,1.7648,3.5293,1.096,2.3823,3.182,0.13989,2.3061,3.3694,1.753,1.6701,3.4085,1.9578,2.7346,4.2707,1.7813,1.6927,3.4265,1.4794,1.6232,3.9437,0.39968,2.1828,3.1578,2.1135,2.4257,4.4584,1.4723,1.7122,3.2109,0.79736,1.9238,2.7175,3.0266,2.8426,5.878,2.0192,1.7992,3.5315,1.0132,2.7542,2.9086,1.8251,2.5908,4.045,0.63448,1.9089,2.7566,1.0404,2.4104,3.0943,1.882,1.8917,4.5135,1.6694,1.6496,3.8972,0.54746,2.1792,3.8317,1.1948,2.5464,3.7653,0.92854,2.1564,3.1959,2.6778,2.3688,4.4436,2.1387,2.2503,4.7803,1.4938,1.6799,3.9529,1.8918,1.9388,4.529,1.5261,2.2347,3.261,0.77602,2.195,3.1093,2.474,2.4054,4.4069,1.9798,2.5819,4.8713,1.8993,2.6152,4.813,2.6516,2.3619,4.4645,1.3036,2.5342,3.9077,1.7349,2.2355,4.3639,2.0941,2.9925,4.0131,0.59168,2.4646,2.5631,1.4831,2.1099,4.5932,2.085,2.9947,3.9999,0.30717,2.4072,3.3432,1.6465,1.5917,4.0669,0.70601,2.0954,3.0669,2.2215,2.2835,4.6487,0.64502,2.5352,3.0697,0.94942,2.1568,3.2133,0.17901,2.8902,1.9952,2.0431,2.0503,4.6738,2.6505,2.3752,4.4491,2.5905,2.2869,5.1447,1.9657,2.6427,4.2774,1.1109,1.7913,4.0009,4.6214,2.8891,0.50329,0.87749,2.1673,3.0388,1.3434,2.062,4.3314,1.0669,2.1203,3.5014,2.169,2.6963,4.425,1.7256,1.5881,4.1314,1.231,2.4943,3.1201,0.8051,2.4445,3.7589,2.0995,1.8711,3.6655,1.5474,2.4824,3.4121,1.5995,2.5557,3.5778,1.6013,1.6198,4.2536,1.9174,2.6715,4.3798,1.9997,2.6803,4.4534,3.4109,2.7425,6.1557,1.7563,1.5763,4.1169,1.7554,1.992,3.4483,2.0243,2.9161,4.8187,1.2122,2.526,3.1469,2.6109,2.4527,4.9365,1.0438,2.6122,4.0609,1.556,2.4502,3.4244,1.0909,1.8242,4.0737,1.6636,1.5718,4.0657,1.7391,1.9961,3.4388,0.18204,2.9158,3.247,2.9739,2.2745,4.6552,1.3146,1.955,4.2143,1.2978,2.6144,3.4282,1.3956,2.4335,3.3224,1.8502,1.9083,3.678,1.9336,2.4446,4.0307,1.0474,2.2932,3.1685,2.5318,2.0183,5.1305,1.2534,2.6585,3.3707,1.375,2.4509,3.3054,0.2475,2.9413,3.2888,0.66781,1.8643,2.8066,1.6623,1.956,4.4805,1.4788,1.7922,4.1604,5.4167,2.8958,1.7582,0.82082,2.1262,2.8197,1.0231,2.6426,4.0392,2.2482,2.5129,3.6434,2.5749,2.4002,4.8904,2.9472,2.6684,4.6393,2.147,2.4915,4.5201,2.3482,2.1106,4.2427,0.78085,2.0578,3.3132,0.46761,2.4362,3.0248,0.60651,2.1451,3.7138,2.3582,2.4223,4.46,0.90943,2.4432,2.9757,1.2475,1.5631,4.2795,1.6685,2.0209,3.4645,6.1735,2.6831,1.9081,3.4083,2.9176,0.13353,0.82389,2.367,3.0207,1.6482,1.63,4.0642,1.5099,1.9179,3.1656,0.77434,2.4244,2.9213,2.1639,2.3285,4.8866,1.1885,2.5639,3.0987,1.0558,2.002,3.4904,0.43179,1.993,3.3048,1.717,2.005,3.4369,2.436,2.0924,4.2357,2.1901,2.1724,5.0097,1.2765,1.6912,3.8536,0.70766,1.9917,2.764,2.1899,2.2112,5.0085,2.3745,2.2265,4.5676,1.5824,2.3942,3.9717,4.3689,2.9424,0.26515,1.952,2.4117,4.0061,0.79871,1.9587,4.1166,1.262,2.6409,4.2794,3.6583,2.805,6.23,1.5617,1.6392,3.3124,0.24935,2.2896,3.2979,5.2818,2.9165,1.1864,0.58643,2.7404,3.3084,1.3136,2.5208,3.0226,2.1794,2.107,4.9209,1.5221,2.0519,4.4128,1.5229,1.6352,3.3325,1.4732,2.9229,3.4077,0.559,2.4346,2.8726,0.86465,2.4319,2.9811,0.22047,2.607,3.3202,1.659,2.3269,4.1957,0.57532,2.4279,2.8112,1.0108,2.2513,3.6072,1.3862,1.797,4.2628,0.31153,2.3147,3.3865,1.5135,1.6082,3.3005,0.53078,2.4347,2.8501,3.1117,2.8528,6.0671,1.9468,2.5591,4.0171,2.0161,2.1906,4.6116,2.4645,2.7485,5.1035,1.8806,1.9021,3.8644,1.315,1.731,3.7208,2.175,2.136,4.944,1.3937,2.5994,4.0009,0.70195,3.0947,2.5208,4.7587,2.9107,0.4805,1.263,2.6948,4.3165,1.9338,1.9393,3.9463,1.2861,2.6552,2.9139,0.50419,2.7207,3.1344,1.0306,2.8743,4.2204,0.64954,2.5654,2.6106,0.67201,2.0356,2.915,0.59642,2.4038,3.422,1.5899,2.1593,4.2568,1.399,2.7242,4.4767,0.55518,1.9977,3.0079,1.9847,1.8394,3.8023,1.1905,1.8298,3.686,2.281,2.6574,4.7303,1.3768,1.5503,4.1021,1.3728,2.1513,3.1685,0.62439,2.017,3.0229,0.48003,2.4389,2.5896,1.6617,2.3311,4.195,2.3276,2.6545,4.8285,0.59049,2.0193,2.9957,1.6158,1.737,3.3539,0.75964,3.0498,2.6272,0.61175,2.551,2.589,3.0293,2.74,6.0428,6.1659,2.9052,2.5791,4.7244,2.9516,0.41795,2.298,2.3068,3.6468,1.0989,3.0369,3.9361,1.3205,2.3389,3.4656,0.99262,3.063,3.8279,2.3857,2.2344,3.7647,1.1842,1.7743,3.6769,2.4222,2.3587,4.5755,2.5133,2.6575,4.0455,1.3506,2.6726,4.4192,1.8732,1.8519,3.8552,1.1568,2.7247,3.6682,2.3828,2.4492,4.9542,1.4962,2.5582,3.3105,2.1653,2.2127,4.1082,0.79399,1.9346,3.3713,2.3215,2.391,3.6841,2.2656,2.3887,3.6255,2.2645,1.9802,4.9843,2.5989,2.2719,4.7862,2.3611,2.2744,3.7869,1.4124,1.6165,3.8613,2.2633,2.6479,4.7546,1.8876,1.892,3.852,0.78397,2.1351,4.0701,1.5863,1.7858,4.2349,2.358,2.6762,4.8653,1.4607,2.3626,3.2743,6.033,2.905,2.3453,1.8411,1.7903,3.5447,1.8877,2.9082,4.1652,2.0638,1.9852,4.8317,1.155,2.5845,4.326,1.9431,2.1932,4.8659,1.6141,1.7127,3.9588,1.6186,2.0346,3.376,1.0741,2.689,3.6018,0.99664,2.7722,3.8702,1.473,2.4604,3.9203,1.1252,2.7348,3.615,1.7852,1.6847,4.0825,0.92219,2.4657,2.7888,1.9552,2.1044,4.4399,0.2102,2.7427,2.9615,1.0711,1.9564,4.269,0.99683,2.2922,3.1035,1.6663,2.3921,4.6099,0.9844,2.0515,2.8904,0.72502,1.9855,2.7454,1.5887,1.7095,3.9642,0.92654,2.4516,2.8256,1.339,1.5819,3.8524,2.7637,2.5622,4.6333,1.0922,2.1953,3.5865,1.163,2.7159,3.6803,1.9881,1.9861,4.5139,1.0439,1.9497,4.2682,1.873,1.6389,3.4684,1.6683,2.5109,4.0041,2.1682,2.5148,4.9368,2.1219,2.4194,3.6412,1.3566,3.0318,3.5815,1.4705,1.4712,4.199,0.6492,2.9839,3.6752,1.6334,1.6899,4.2136,0.74072,1.9931,2.7471,0.69747,2.2076,3.9609,2.6557,2.5862,4.5442,2.0209,2.1107,3.408,1.4146,2.8188,3.5608,1.0829,2.2662,3.5898,2.5484,2.0365,4.5099,1.4689,1.7281,4.4295,1.5304,2.5621,3.5527,2.0632,2.3403,4.0951,2.6745,2.3211,4.9674,0.48329,2.5371,3.0054
5.9772,0.91041,437.23,2.544,0.21418,1063.0,1.4483,1.8198,4.0991,1.307,2.2496,4.2583,1.1909,1.9723,4.2264,2.4549,2.6084,4.3,0.84603,2.0444,4.2896,1.5009,2.542,3.8789,3.101,2.8247,5.9419,1.1689,1.9841,4.2438,1.7106,1.6615,4.224,1.323,2.24,4.325,0.828,2.0876,4.2216,3.0327,2.8227,4.5665,5.5293,2.677,1.2966,1.3021,2.726,3.6754,0.92566,2.171,3.0329,2.5259,2.1173,4.5358,1.4455,1.6504,3.9159,0.67334,2.6193,3.8144,2.0256,1.7646,3.5315,1.0949,2.3805,3.1852,0.1331,2.3065,3.3598,1.7514,1.6695,3.4094,1.9525,2.7304,4.2655,1.7811,1.6934,3.4282,1.4797,1.6215,3.945,0.40005,2.1846,3.1562,2.1167,2.4278,4.4609,1.4721,1.7143,3.2114,0.79628,1.925,2.7163,3.0283,2.8428,5.8819,2.02,1.8006,3.5337,1.0132,2.7564,2.909,1.8261,2.5912,4.0473,0.63479,1.9102,2.7554,1.0381,2.409,3.0952,1.8812,1.8903,4.5143,1.6688,1.648,3.8975,0.55027,2.1776,3.8369,1.1946,2.5499,3.7643,0.92497,2.1599,3.1928,2.6837,2.3713,4.4499,2.1423,2.2538,4.7844,1.4946,1.6801,3.9547,1.8923,1.9396,4.5305,1.5285,2.2371,3.2607,0.77334,2.1997,3.1063,2.4773,2.4069,4.4119,1.9812,2.5821,4.8696,1.8983,2.6165,4.8106,2.6572,2.3645,4.4734,1.304,2.5364,3.9057,1.7374,2.2356,4.3674,2.0951,2.9895,4.0131,0.59408,2.4647,2.5651,1.4795,2.1126,4.592,2.0863,2.9911,3.9999,0.3037,2.408,3.3398,1.6459,1.5903,4.0661,0.70567,2.0978,3.0658,2.2203,2.2846,4.648,0.64453,2.5316,3.0727,0.94722,2.1599,3.2116,0.17937,2.8898,1.9945,2.0461,2.0532,4.6773,2.6557,2.3779,4.4569,2.587,2.2847,5.1424,1.9623,2.6359,4.2742,1.1124,1.7879,4.0036,4.6209,2.8849,0.50276,0.87732,2.1693,3.0388,1.345,2.0607,4.3338,1.0668,2.1218,3.5011,2.1638,2.6937,4.4192,1.727,1.587,4.13,1.2345,2.4921,3.1217,0.8075,2.4458,3.7582,2.1016,1.8689,3.663,1.5452,2.4839,3.4096,1.5974,2.5569,3.577,1.5991,1.618,4.2539,1.9127,2.6651,4.3741,1.9977,2.6748,4.4501,3.4148,2.7406,6.1588,1.7592,1.5749,4.1146,1.7578,1.9912,3.4483,2.0206,2.9149,4.8145,1.2145,2.5251,3.1493,2.6097,2.4529,4.9339,1.0448,2.6125,4.0608,1.554,2.4509,3.4225,1.0871,1.825,4.0727,1.664,1.57,4.0649,1.7409,1.9956,3.4383,0.17878,2.9145,3.244,2.978,2.2733,4.6585,1.3146,1.9547,4.2149,1.2988,2.6125,3.4315,1.3925,2.433,3.3217,1.8509,1.9044,3.6762,1.9332,2.4491,4.0329,1.0451,2.2935,3.1675,2.5314,2.0175,5.1299,1.254,2.6578,3.3736,1.3712,2.4507,3.304,0.24634,2.9409,3.2876,0.66722,1.8662,2.8025,1.6598,1.9529,4.4822,1.4795,1.7895,4.162,5.4117,2.8955,1.7545,0.82097,2.1264,2.8215,1.0227,2.6444,4.0378,2.2562,2.5127,3.6474,2.5733,2.3985,4.8867,2.9541,2.6661,4.6446,2.1468,2.4903,4.5198,2.3482,2.1112,4.2452,0.78087,2.0608,3.3107,0.47299,2.4346,3.0302,0.60655,2.1451,3.7138,2.3561,2.4194,4.4607,0.91632,2.442,2.9812,1.2473,1.5624,4.2783,1.6666,2.0213,3.4648,6.1675,2.6825,1.901,3.4147,2.9163,0.14062,0.8247,2.3633,3.0256,1.6477,1.6295,4.0632,1.5105,1.9201,3.1651,0.77486,2.4226,2.9237,2.1641,2.3274,4.8837,1.1901,2.5646,3.0993,1.058,2.0036,3.4898,0.42596,1.993,3.3088,1.7174,2.0046,3.4361,2.4388,2.0931,4.238,2.1914,2.1729,5.0103,1.2753,1.6882,3.8555,0.70874,1.992,2.7645,2.1913,2.2129,5.0087,2.377,2.2281,4.5721,1.5831,2.3985,3.9721,4.375,2.939,0.26977,1.9519,2.4153,4.0067,0.79719,1.9583,4.1164,1.2663,2.644,4.2826,3.6634,2.8028,6.2358,1.5632,1.6405,3.3138,0.24624,2.2893,3.2931,5.2853,2.9128,1.1886,0.58651,2.7385,3.3096,1.3153,2.5214,3.0242,2.1816,2.1054,4.9192,1.5236,2.0487,4.4157,1.5228,1.6353,3.3345,1.4767,2.9229,3.4088,0.56372,2.4336,2.8798,0.86297,2.4306,2.9815,0.21988,2.6066,3.3186,1.6611,2.3291,4.1992,0.57996,2.4274,2.8152,1.0084,2.2551,3.6041,1.386,1.796,4.2612,0.31097,2.3153,3.3857,1.5129,1.6074,3.3013,0.53417,2.4342,2.856,3.1171,2.8518,6.0742,1.9443,2.5577,4.0163,2.0181,2.1908,4.6126,2.4567,2.7469,5.0953,1.8799,1.8981,3.8626,1.3156,1.7272,3.7225,2.1765,2.1352,4.9425,1.3936,2.5977,4.0009,0.67594,3.0952,2.4941,4.761,2.9066,0.48337,1.264,2.6951,4.3165,1.9349,1.938,3.9488,1.288,2.6562,2.9162,0.50894,2.7182,3.1408,1.0351,2.8729,4.2248,0.65199,2.5676,2.6108,0.6711,2.039,2.9129,0.59849,2.404,3.4216,1.591,2.1577,4.2578,1.4051,2.7254,4.4833,0.55206,1.9997,3.0031,1.9848,1.8369,3.8019,1.1903,1.8286,3.6879,2.2759,2.6543,4.7223,1.3767,1.5508,4.0983,1.372,2.1506,3.1683,0.62399,2.02,3.0195,0.48029,2.4386,2.5902,1.6643,2.3346,4.1982,2.323,2.6513,4.8227,0.58852,2.0219,2.9909,1.6183,1.7371,3.3552,0.7709,3.0503,2.6366,0.61245,2.5528,2.5878,3.0358,2.7395,6.0505,6.1672,2.9069,2.5827,4.7275,2.9504,0.41994,2.2964,2.3023,3.6417,1.1006,3.0352,3.94,1.3151,2.342,3.4615,0.99595,3.0628,3.8338,2.3867,2.2345,3.7633,1.1835,1.7706,3.6789,2.4224,2.3597,4.5765,2.511,2.6589,4.0473,1.3544,2.6724,4.4226,1.8725,1.8461,3.8534,1.1579,2.7215,3.6686,2.381,2.4479,4.9488,1.4915,2.556,3.3116,2.1654,2.2143,4.1089,0.7939,1.9363,3.3709,2.3205,2.3902,3.6808,2.2624,2.3874,3.62,2.2678,1.9833,4.9868,2.5973,2.2711,4.7862,2.361,2.2765,3.7864,1.4138,1.6172,3.8626,2.2573,2.6441,4.7468,1.8876,1.8883,3.8497,0.78431,2.1347,4.0746,1.5857,1.7833,4.2336,2.354,2.6741,4.8603,1.4612,2.362,3.2745,6.0398,2.906,2.3535,1.8407,1.7899,3.5473,1.8857,2.9029,4.1613,2.066,1.9867,4.8341,1.1574,2.5848,4.3282,1.9456,2.195,4.8657,1.6143,1.7093,3.9585,1.6194,2.0357,3.3753,1.0756,2.686,3.6023,0.99971,2.77,3.8719,1.4769,2.4623,3.924,1.1256,2.7323,3.6137,1.7828,1.6804,4.0822,0.92273,2.4663,2.7893,1.9575,2.1061,4.4424,0.21689,2.7397,2.9672,1.0706,1.956,4.2694,0.99808,2.2907,3.1067,1.6682,2.392,4.6115,0.9844,2.0502,2.8921,0.72448,1.9848,2.7458,1.5877,1.7059,3.9642,0.92679,2.4514,2.8275,1.3369,1.5814,3.8531,2.7639,2.561,4.6339,1.0921,2.1984,3.5843,1.1647,2.7123,3.6816,1.9886,1.986,4.5152,1.0425,1.9489,4.2688,1.8737,1.6385,3.4692,1.6685,2.512,4.0043,2.1711,2.5133,4.9378,2.1208,2.4213,3.6386,1.3644,3.0296,3.5892,1.4715,1.4715,4.1976,0.64829,2.9833,3.6755,1.6344,1.687,4.2127,0.74069,1.9927,2.7474,0.69746,2.2085,3.9611,2.6543,2.5855,4.5447,2.0221,2.1097,3.4067,1.4158,2.8143,3.5619,1.0826,2.2689,3.5877,2.5494,2.0382,4.512,1.4681,1.728,4.4296,1.5277,2.5613,3.5519,2.0633,2.3425,4.0962,2.6735,2.3194,4.9659,0.48464,2.5375,3.0074
5.9772,0.91041,437.23,2.544,0.2231,1057.2,1.4452,1.8185,4.096,1.3088,2.2507,4.2602,1.1895,1.9712,4.2263,2.4539,2.6065,4.3007,0.84531,2.0439,4.2923,1.4998,2.5443,3.878,3.1059,2.8236,5.9479,1.1666,1.9834,4.2446,1.709,1.6591,4.2226,1.3247,2.2404,4.3293,0.8272,2.0885,4.2224,3.0371,2.8219,4.5682,5.5238,2.6724,1.292,1.3031,2.7223,3.6759,0.92436,2.1718,3.0334,2.5279,2.1203,4.54,1.4444,1.6494,3.9167,0.6737,2.6212,3.811,2.0263,1.7643,3.5337,1.0937,2.3789,3.1881,0.12632,2.307,3.3501,1.7497,1.6689,3.4103,1.9475,2.7263,4.2607,1.7808,1.6942,3.4298,1.4801,1.62,3.9463,0.40043,2.1863,3.1546,2.1199,2.4299,4.4633,1.472,1.7164,3.2118,0.79524,1.926,2.7153,3.0302,2.843,5.8859,2.021,1.8019,3.5359,1.0133,2.7587,2.9092,1.8271,2.5917,4.0497,0.63509,1.9113,2.7544,1.0357,2.4077,3.096,1.8802,1.8891,4.5152,1.6683,1.6466,3.8978,0.55316,2.176,3.8421,1.1942,2.5532,3.7634,0.92141,2.1633,3.1899,2.6896,2.3736,4.4561,2.1458,2.2572,4.7885,1.4955,1.6802,3.9565,1.8929,1.9404,4.532,1.531,2.2395,3.2604,0.77062,2.2042,3.1035,2.4807,2.4085,4.4169,1.9825,2.5825,4.868,1.8974,2.6178,4.8082,2.6629,2.3671,4.4823,1.3044,2.5385,3.9038,1.74,2.2357,4.3709,2.096,2.9866,4.0131,0.59621,2.4649,2.5669,1.4759,2.1153,4.5908,2.0876,2.9874,4.0,0.30033,2.4088,3.3365,1.6452,1.589,4.0653,0.70534,2.1001,3.0649,2.2191,2.2856,4.6471,0.64392,2.528,3.0755,0.94504,2.1627,3.21,0.17961,2.8894,1.9936,2.0491,2.0558,4.6807,2.6607,2.3805,4.4646,2.5835,2.2824,5.1401,1.9592,2.6294,4.2713,1.1139,1.7844,4.0064,4.6203,2.8807,0.50217,0.87722,2.1713,3.039,1.3465,2.0594,4.3362,1.0666,2.1233,3.5007,2.1589,2.691,4.4135,1.7284,1.586,4.1287,1.2379,2.49,3.1233,0.80987,2.4471,3.7574,2.1037,1.8668,3.6604,1.543,2.4854,3.407,1.5955,2.558,3.5763,1.5968,1.6164,4.2541,1.9084,2.6587,4.3687,1.996,2.6695,4.4472,3.4187,2.7387,6.1619,1.7621,1.5736,4.1122,1.7602,1.9903,3.4482,2.0171,2.9139,4.8105,1.2168,2.5242,3.1516,2.6087,2.453,4.9312,1.0456,2.6128,4.0607,1.5519,2.4516,3.4205,1.0835,1.8257,4.0718,1.6644,1.5684,4.0639,1.7427,1.9949,3.4379,0.17565,2.9132,3.2413,2.9821,2.2722,4.6618,1.3146,1.9543,4.2155,1.2997,2.6109,3.4347,1.3896,2.4325,3.3209,1.8517,1.9005,3.6745,1.9329,2.4537,4.0351,1.0427,2.2938,3.1666,2.531,2.0168,5.1292,1.2547,2.6571,3.3763,1.3674,2.4504,3.3026,0.24522,2.9404,3.2866,0.66664,1.8681,2.7986,1.6573,1.9499,4.4838,1.4803,1.7868,4.1634,5.4068,2.8952,1.751,0.82113,2.1266,2.8234,1.0222,2.6462,4.0364,2.2646,2.5123,3.6517,2.5718,2.397,4.8829,2.961,2.6637,4.6499,2.1466,2.4892,4.5194,2.3482,2.1118,4.2477,0.78078,2.0637,3.308,0.47826,2.4329,3.0354,0.60658,2.1451,3.7138,2.3537,2.4166,4.4612,0.92316,2.4409,2.9867,1.247,1.5616,4.2772,1.6647,2.0217,3.4651,6.1614,2.6817,1.8939,3.4209,2.915,0.14743,0.82528,2.3596,3.0301,1.6473,1.629,4.0623,1.5112,1.9223,3.1645,0.77531,2.4208,2.9261,2.1642,2.3264,4.8809,1.1917,2.5655,3.1,1.0602,2.005,3.4892,0.42009,1.9931,3.313,1.7178,2.0042,3.4353,2.4415,2.0939,4.2403,2.1925,2.1734,5.0109,1.2741,1.6853,3.8575,0.70979,1.9923,2.7652,2.1926,2.2144,5.0089,2.3796,2.2296,4.5766,1.5839,2.4028,3.9725,4.3809,2.9356,0.2743,1.9517,2.4189,4.0074,0.79568,1.958,4.1162,1.2706,2.6469,4.2857,3.6684,2.8007,6.2416,1.5647,1.6417,3.3152,0.24316,2.2889,3.2885,5.2886,2.909,1.1907,0.58646,2.7366,3.3106,1.3168,2.522,3.0257,2.184,2.1039,4.9176,1.525,2.0454,4.4185,1.5227,1.6352,3.3366,1.4802,2.9229,3.4098,0.56839,2.4327,2.8869,0.86138,2.4294,2.982,0.21923,2.606,3.317,1.6631,2.3313,4.2026,0.58444,2.4268,2.8192,1.0058,2.2589,3.6011,1.3857,1.7952,4.2596,0.31039,2.316,3.385,1.5123,1.6065,3.3022,0.53747,2.4338,2.8618,3.1225,2.8508,6.0811,1.9417,2.5564,4.0155,2.0201,2.1909,4.6135,2.4492,2.7453,5.0872,1.8791,1.8941,3.8609,1.3163,1.7235,3.7241,2.1779,2.1344,4.9411,1.3935,2.596,4.001,0.64903,3.0957,2.4664,4.7632,2.9025,0.48611,1.2649,2.6955,4.3167,1.9359,1.9368,3.9514,1.2898,2.6572,2.9185,0.51345,2.7157,3.1469,1.0397,2.8714,4.2292,0.65425,2.5698,2.6108,0.6702,2.0423,2.9108,0.60057,2.4043,3.4212,1.592,2.1561,4.2587,1.4111,2.7265,4.4897,0.54904,2.0016,2.9985,1.9847,1.8344,3.8015,1.19,1.8275,3.6898,2.2713,2.6513,4.7145,1.3767,1.5514,4.0945,1.3711,2.1499,3.1681,0.62363,2.0228,3.0163,0.48041,2.4382,2.5906,1.667,2.3379,4.2013,2.3185,2.6481,4.817,0.5866,2.0244,2.9864,1.621,1.737,3.3565,0.78188,3.0508,2.6458,0.61304,2.5545,2.5865,3.0422,2.7388,6.0581,6.1686,2.9085,2.5866,4.7305,2.9494,0.42197,2.295,2.2977,3.6366,1.1013,3.0336,3.943,1.3098,2.3448,3.4573,0.99957,3.0626,3.8399,2.3877,2.2347,3.762,1.1826,1.7668,3.6809,2.4226,2.3606,4.5773,2.5088,2.6603,4.0492,1.358,2.6721,4.4259,1.8717,1.8403,3.8517,1.1589,2.7184,3.6689,2.3792,2.4466,4.9434,1.4869,2.5538,3.3126,2.1655,2.2158,4.1097,0.79378,1.9381,3.3704,2.3195,2.3893,3.6776,2.2594,2.3861,3.6147,2.2709,1.9861,4.9892,2.5957,2.2702,4.7861,2.3611,2.2787,3.786,1.4151,1.6179,3.8638,2.2515,2.6404,4.7394,1.8877,1.8846,3.8472,0.78465,2.1343,4.0791,1.585,1.7808,4.2325,2.3501,2.672,4.8554,1.4618,2.3615,3.2748,6.0466,2.9068,2.3618,1.8403,1.7895,3.5499,1.884,2.8978,4.1576,2.0681,1.9881,4.8364,1.1598,2.585,4.3303,1.9481,2.1966,4.8653,1.6146,1.7062,3.9582,1.6203,2.0368,3.3746,1.077,2.6832,3.6028,1.0027,2.7678,3.8735,1.4808,2.4641,3.9277,1.126,2.7297,3.6124,1.7804,1.676,4.0818,0.92325,2.467,2.7898,1.9598,2.1077,4.445,0.22354,2.7367,2.9728,1.0702,1.9556,4.2698,0.9993,2.2893,3.1098,1.6701,2.3919,4.6132,0.98438,2.049,2.8937,0.72397,1.9841,2.7462,1.5868,1.7025,3.9642,0.92703,2.4512,2.8294,1.3348,1.5808,3.8538,2.7642,2.5598,4.6347,1.092,2.2014,3.582,1.1662,2.7087,3.6827,1.9892,1.9859,4.5163,1.0412,1.9479,4.2695,1.8744,1.638,3.47,1.6688,2.5131,4.0045,2.1739,2.5119,4.9387,2.1198,2.4232,3.636,1.372,3.0274,3.5968,1.4725,1.4719,4.1964,0.64718,2.9827,3.6756,1.6354,1.6843,4.2118,0.74065,1.9922,2.7477,0.69741,2.2095,3.9612,2.6531,2.5848,4.5453,2.0234,2.1087,3.4055,1.4169,2.8097,3.5629,1.0823,2.2717,3.5856,2.5504,2.0398,4.5141,1.4674,1.7279,4.4296,1.525,2.5605,3.5511,2.0633,2.3446,4.0973,2.6726,2.3179,4.9645,0.48595,2.538,3.0093
5.9772,0.91041,437.23,2.544,0.23203,1051.4,1.4423,1.8171,4.0928,1.3105,2.2519,4.2622,1.1882,1.97,4.2262,2.453,2.6045,4.3014,0.84459,2.0434,4.2949,1.4987,2.5464,3.8769,3.1108,2.8225,5.9539,1.1645,1.9826,4.2452,1.7076,1.6566,4.2212,1.3264,2.2409,4.3336,0.82642,2.0894,4.2233,3.0413,2.8212,4.5698,5.5185,2.6678,1.2877,1.304,2.7187,3.6764,0.92305,2.1724,3.0339,2.5299,2.1234,4.5441,1.4435,1.6484,3.9174,0.67404,2.6231,3.8076,2.0271,1.764,3.536,1.0922,2.3773,3.1909,0.11954,2.3073,3.3407,1.7479,1.6682,3.4112,1.9427,2.7223,4.256,1.7808,1.6948,3.4314,1.4806,1.6185,3.9475,0.4008,2.1879,3.1531,2.1231,2.4321,4.4658,1.4719,1.7184,3.2124,0.79425,1.9269,2.7143,3.0322,2.8432,5.8902,2.0219,1.8032,3.5381,1.0133,2.7611,2.9092,1.828,2.5923,4.052,0.63538,1.9124,2.7533,1.0332,2.4063,3.0968,1.8793,1.8877,4.5161,1.6677,1.6452,3.8981,0.55614,2.1744,3.8475,1.1939,2.5565,3.7625,0.91788,2.1666,3.1871,2.6953,2.3759,4.4621,2.1493,2.2606,4.7925,1.4963,1.6805,3.9582,1.8935,1.9412,4.5335,1.5336,2.2418,3.2602,0.76789,2.2087,3.1009,2.4841,2.4099,4.4221,1.9839,2.583,4.8662,1.8966,2.6191,4.806,2.6685,2.3694,4.4911,1.3047,2.5407,3.9019,1.7426,2.2357,4.3743,2.0968,2.9837,4.0131,0.59815,2.4653,2.5685,1.4722,2.1181,4.5893,2.0889,2.9837,4.0002,0.29704,2.4094,3.3332,1.6446,1.5876,4.0644,0.70502,2.1023,3.0641,2.2179,2.2865,4.6462,0.64318,2.5246,3.0784,0.94289,2.1655,3.2086,0.17978,2.8889,1.9927,2.0519,2.0583,4.6838,2.6658,2.3828,4.4722,2.5801,2.2802,5.1378,1.9564,2.6231,4.2685,1.1154,1.781,4.0093,4.6194,2.8768,0.50151,0.87716,2.1732,3.0393,1.3481,2.0582,4.3385,1.0664,2.125,3.5001,2.1541,2.6882,4.4079,1.7298,1.5849,4.1274,1.2411,2.488,3.1247,0.81223,2.4483,3.7565,2.1057,1.8647,3.6579,1.5408,2.4869,3.4045,1.5936,2.559,3.5757,1.5945,1.6149,4.2544,1.9042,2.6525,4.3636,1.9946,2.6643,4.4445,3.4227,2.7368,6.165,1.7649,1.5722,4.11,1.7625,1.9895,3.4483,2.0138,2.9128,4.8065,1.2189,2.5233,3.1539,2.6076,2.4532,4.9285,1.0464,2.6131,4.0604,1.5499,2.4524,3.4187,1.0799,1.8263,4.0709,1.6648,1.5667,4.0631,1.7444,1.9943,3.4375,0.17261,2.9119,3.2384,2.9862,2.2711,4.6649,1.3147,1.954,4.2161,1.3005,2.6092,3.4378,1.3866,2.432,3.3201,1.8526,1.8966,3.6727,1.9327,2.458,4.0374,1.0403,2.294,3.1657,2.5306,2.016,5.1286,1.2553,2.6565,3.3792,1.3636,2.4501,3.3012,0.24419,2.9399,3.2856,0.66608,1.8698,2.7947,1.6548,1.947,4.4852,1.4812,1.7842,4.1649,5.4021,2.8952,1.7476,0.82129,2.1269,2.8251,1.0216,2.6479,4.035,2.2729,2.5117,3.6559,2.5704,2.3953,4.8793,2.9679,2.6612,4.655,2.1464,2.4882,4.5192,2.3482,2.1124,4.2503,0.7806,2.0666,3.3052,0.48341,2.4315,3.0404,0.6066,2.1452,3.7138,2.3514,2.414,4.4617,0.92989,2.4397,2.9921,1.2467,1.5608,4.2758,1.663,2.0219,3.4653,6.1554,2.6809,1.887,3.4266,2.9138,0.15393,0.8256,2.3562,3.0345,1.6467,1.6285,4.0614,1.5119,1.9245,3.1638,0.77568,2.4189,2.9284,2.1644,2.3255,4.878,1.1934,2.5663,3.1005,1.0622,2.0064,3.4886,0.41424,1.9932,3.3173,1.7183,2.0036,3.4344,2.4443,2.0946,4.2426,2.1935,2.1738,5.0113,1.273,1.6824,3.8592,0.71084,1.9926,2.7658,2.1939,2.2159,5.009,2.3821,2.2311,4.581,1.5846,2.4071,3.9728,4.3868,2.9321,0.27872,1.9517,2.4226,4.008,0.79418,1.9577,4.116,1.2748,2.65,4.2888,3.6732,2.7985,6.2472,1.5661,1.643,3.3167,0.24014,2.2885,3.2839,5.2917,2.9053,1.1926,0.58628,2.7346,3.3115,1.3185,2.5225,3.0271,2.1862,2.1024,4.916,1.5264,2.0422,4.4214,1.5225,1.6352,3.3386,1.4836,2.9229,3.4107,0.573,2.4318,2.894,0.85986,2.428,2.9825,0.21854,2.6055,3.3154,1.6651,2.3334,4.2061,0.58882,2.4261,2.8231,1.0032,2.2626,3.5979,1.3854,1.7941,4.258,0.30982,2.3165,3.3842,1.5117,1.6056,3.3031,0.54071,2.4333,2.8675,3.1276,2.8498,6.088,1.9394,2.5551,4.0146,2.0221,2.1912,4.6146,2.4416,2.7437,5.0792,1.8785,1.89,3.8592,1.317,1.72,3.7257,2.1794,2.1336,4.9396,1.3933,2.5943,4.0011,0.6214,3.0962,2.4382,4.7652,2.8984,0.48872,1.2658,2.6958,4.3169,1.937,1.9357,3.9539,1.2915,2.6583,2.9208,0.51772,2.7133,3.1528,1.0441,2.8699,4.2335,0.65637,2.572,2.6106,0.66935,2.0456,2.9089,0.60263,2.4046,3.4209,1.5931,2.1546,4.2597,1.417,2.7276,4.496,0.54609,2.0035,2.994,1.9847,1.8319,3.8012,1.1898,1.8264,3.6917,2.2668,2.6484,4.707,1.3767,1.552,4.0908,1.3702,2.1492,3.1679,0.62329,2.0256,3.013,0.48043,2.438,2.5909,1.6696,2.3413,4.2045,2.3143,2.645,4.8114,0.58473,2.0269,2.9819,1.6238,1.7369,3.3579,0.7928,3.0513,2.655,0.61353,2.5562,2.5851,3.0487,2.738,6.0656,6.1703,2.9103,2.5907,4.7335,2.9485,0.42406,2.2936,2.2931,3.6317,1.1018,3.0321,3.9456,1.3044,2.3476,3.4533,1.0034,3.0626,3.8462,2.3886,2.2347,3.7607,1.1817,1.7631,3.6829,2.4228,2.3615,4.5782,2.5066,2.6617,4.0512,1.3616,2.6721,4.4291,1.8709,1.8343,3.8499,1.1598,2.7153,3.6691,2.3774,2.4452,4.9383,1.4823,2.5517,3.3138,2.1657,2.2175,4.1105,0.7936,1.9398,3.3698,2.3186,2.3884,3.6744,2.2563,2.3849,3.6096,2.2741,1.9887,4.9913,2.5942,2.2693,4.7859,2.3611,2.2808,3.7855,1.4163,1.6184,3.865,2.2462,2.6367,4.7324,1.8878,1.8809,3.845,0.785,2.1339,4.0836,1.5845,1.7783,4.2312,2.3462,2.6698,4.8506,1.4623,2.3609,3.275,6.0536,2.9076,2.3701,1.8398,1.7892,3.5525,1.8824,2.8927,4.154,2.0701,1.9892,4.8385,1.1621,2.5853,4.3323,1.9505,2.1983,4.865,1.6148,1.7031,3.9579,1.6211,2.038,3.3739,1.0782,2.6804,3.6033,1.0056,2.7657,3.8751,1.4845,2.4657,3.9312,1.1263,2.7272,3.6112,1.7779,1.6717,4.0816,0.9238,2.4676,2.7903,1.9621,2.1095,4.4475,0.23012,2.7338,2.9783,1.0697,1.955,4.2701,1.0004,2.2881,3.1129,1.6721,2.3919,4.615,0.98437,2.0476,2.8953,0.72349,1.9833,2.7466,1.5859,1.6991,3.9643,0.92723,2.4512,2.8313,1.3327,1.5803,3.8546,2.7647,2.5586,4.6355,1.0919,2.2045,3.5797,1.1679,2.7053,3.6838,1.9897,1.9858,4.5175,1.04,1.9469,4.2701,1.8751,1.6375,3.4708,1.6692,2.5142,4.0047,2.1765,2.5104,4.9396,2.1187,2.425,3.6335,1.3796,3.0252,3.6042,1.4734,1.4724,4.195,0.64592,2.9822,3.6755,1.6365,1.6815,4.2109,0.74062,1.9917,2.748,0.69734,2.2105,3.9612,2.6517,2.584,4.5458,2.0245,2.1077,3.4043,1.418,2.8052,3.5638,1.0819,2.2745,3.5835,2.5513,2.0415,4.5162,1.4666,1.7277,4.4296,1.5224,2.5596,3.5503,2.0636,2.3467,4.0984,2.6717,2.3164,4.9631,0.4872,2.5384,3.0113
5.9772,0.91041,437.23,2.544,0.24095,1046.2,1.4393,1.8157,4.0899,1.3123,2.2531,4.2642,1.1868,1.969,4.2261,2.4521,2.6026,4.3022,0.84386,2.0429,4.2975,1.4977,2.5486,3.876,3.1159,2.8212,5.9601,1.1623,1.9819,4.2459,1.706,1.6542,4.2196,1.3279,2.2413,4.3378,0.82567,2.0902,4.2241,3.0453,2.8204,4.5713,5.5134,2.6633,1.2836,1.3048,2.7153,3.6767,0.92175,2.1732,3.0344,2.532,2.1265,4.5482,1.4425,1.6475,3.9182,0.67438,2.6249,3.8043,2.0278,1.7636,3.5381,1.0907,2.3759,3.1934,0.11282,2.3075,3.3312,1.7464,1.6675,3.4121,1.9382,2.7183,4.2516,1.7806,1.6955,3.4331,1.481,1.6171,3.9487,0.40118,2.1895,3.1516,2.1262,2.4339,4.4681,1.4718,1.7205,3.2128,0.79332,1.9277,2.7134,3.0343,2.8435,5.8945,2.0228,1.8046,3.5403,1.0134,2.7636,2.9092,1.8292,2.5927,4.0544,0.6357,1.9134,2.7523,1.0307,2.405,3.0975,1.8784,1.8864,4.5168,1.6671,1.6438,3.8984,0.55921,2.1727,3.8528,1.1935,2.5594,3.7615,0.91443,2.1697,3.1843,2.701,2.3781,4.468,2.1528,2.2638,4.7964,1.4971,1.6805,3.9599,1.8942,1.942,4.5349,1.5364,2.2441,3.2599,0.76521,2.213,3.0984,2.4876,2.4114,4.4271,1.9851,2.5835,4.8644,1.8959,2.6205,4.8038,2.6741,2.3718,4.4999,1.305,2.5428,3.8998,1.7452,2.2357,4.3778,2.0975,2.9809,4.013,0.59993,2.4655,2.5699,1.4684,2.1208,4.588,2.0903,2.98,4.0005,0.29385,2.4101,3.3301,1.644,1.5864,4.0636,0.70473,2.1045,3.0633,2.2167,2.2874,4.6452,0.64229,2.5212,3.0811,0.94082,2.1683,3.2072,0.17987,2.8884,1.9918,2.0549,2.0607,4.6869,2.6708,2.3851,4.4797,2.5767,2.278,5.1357,1.9539,2.6171,4.2662,1.1169,1.7774,4.0121,4.6186,2.873,0.50078,0.87715,2.1751,3.0397,1.3496,2.057,4.3408,1.0662,2.1265,3.4996,2.1495,2.6857,4.4026,1.7313,1.5839,4.126,1.2444,2.486,3.1262,0.81458,2.4497,3.7558,2.1078,1.8629,3.6556,1.5387,2.4882,3.402,1.5919,2.56,3.5751,1.5923,1.6135,4.2546,1.9006,2.6465,4.359,1.9934,2.6594,4.4421,3.4267,2.7348,6.1682,1.768,1.5709,4.1076,1.7648,1.9887,3.4483,2.0106,2.9117,4.8027,1.2211,2.5225,3.156,2.6067,2.4532,4.926,1.0472,2.6134,4.0603,1.5478,2.4531,3.4169,1.0763,1.827,4.0701,1.6652,1.5652,4.0621,1.7462,1.9936,3.4371,0.16961,2.9105,3.2357,2.99,2.2697,4.668,1.3147,1.9537,4.2167,1.3013,2.6078,3.4409,1.3837,2.4316,3.3194,1.8533,1.8928,3.6712,1.9324,2.4623,4.0397,1.038,2.2943,3.1648,2.5302,2.0154,5.128,1.256,2.6559,3.3821,1.3599,2.4499,3.2998,0.24327,2.9394,3.2847,0.66553,1.8715,2.7909,1.6522,1.9442,4.4867,1.482,1.7816,4.1663,5.3973,2.895,1.7441,0.82144,2.1271,2.8269,1.021,2.6496,4.0336,2.2811,2.5109,3.6602,2.5692,2.3939,4.8757,2.9747,2.6586,4.6602,2.1462,2.4872,4.5189,2.3482,2.113,4.2529,0.78034,2.0694,3.3024,0.48844,2.4299,3.0454,0.60663,2.1452,3.7138,2.349,2.4114,4.4621,0.93649,2.4385,2.9974,1.2466,1.5601,4.2745,1.661,2.0222,3.4655,6.1493,2.6801,1.88,3.4321,2.9124,0.16018,0.82568,2.3528,3.0385,1.6463,1.6279,4.0604,1.5126,1.9266,3.1633,0.77599,2.4172,2.9305,2.1647,2.3245,4.8752,1.1949,2.5672,3.1011,1.0643,2.0078,3.4881,0.4085,1.9932,3.3214,1.7186,2.0031,3.4336,2.4472,2.0953,4.2449,2.1945,2.1743,5.0117,1.2716,1.6795,3.8609,0.71188,1.9928,2.7665,2.1951,2.2173,5.009,2.3847,2.2326,4.5853,1.5853,2.4113,3.9731,4.3924,2.9286,0.28303,1.9515,2.4262,4.0087,0.79271,1.9574,4.1157,1.2791,2.6529,4.2919,3.678,2.7964,6.2527,1.5677,1.6442,3.3181,0.23722,2.2882,3.2795,5.2948,2.9015,1.1946,0.58599,2.7328,3.3123,1.3199,2.5231,3.0285,2.1886,2.101,4.9145,1.5278,2.0388,4.4242,1.5225,1.6351,3.3407,1.487,2.9229,3.4115,0.57753,2.4309,2.901,0.85844,2.4268,2.9832,0.21785,2.605,3.3137,1.6671,2.3355,4.2094,0.59313,2.4256,2.827,1.0005,2.2664,3.5948,1.3853,1.7932,4.2563,0.30926,2.3172,3.3835,1.511,1.6047,3.3039,0.54395,2.433,2.8732,3.1328,2.8487,6.0948,1.9369,2.5537,4.0138,2.024,2.1912,4.6155,2.4342,2.742,5.0712,1.8777,1.8858,3.8575,1.3177,1.7164,3.7273,2.1808,2.1329,4.9382,1.3933,2.5928,4.0012,0.5932,3.0966,2.4094,4.7669,2.8943,0.49127,1.2668,2.6961,4.3172,1.938,1.9344,3.9565,1.2933,2.6593,2.923,0.52175,2.711,3.1583,1.0486,2.8684,4.2377,0.65843,2.5742,2.6104,0.66853,2.0487,2.9072,0.60462,2.4047,3.4205,1.5943,2.1529,4.2607,1.4229,2.7287,4.5023,0.54321,2.0055,2.9895,1.9846,1.8295,3.8009,1.1895,1.8252,3.6937,2.2628,2.6456,4.7001,1.3767,1.5524,4.087,1.3694,2.1485,3.1677,0.62298,2.0284,3.01,0.4804,2.4377,2.5912,1.6723,2.3446,4.2076,2.3102,2.6419,4.806,0.58289,2.0293,2.9775,1.6265,1.7367,3.3592,0.80384,3.0519,2.6643,0.61391,2.5579,2.5835,3.0551,2.7372,6.073,6.1723,2.9118,2.595,4.7366,2.9476,0.42622,2.2922,2.2887,3.6267,1.1019,3.0306,3.9479,1.2992,2.3502,3.4493,1.0075,3.0624,3.8524,2.3896,2.2349,3.7595,1.1809,1.7593,3.685,2.423,2.3624,4.579,2.5045,2.6631,4.0533,1.3653,2.6719,4.4323,1.8702,1.8285,3.8484,1.1606,2.7122,3.6694,2.3759,2.444,4.9331,1.4777,2.5497,3.3148,2.1659,2.219,4.1113,0.7934,1.9415,3.3692,2.3178,2.3876,3.6712,2.2534,2.3835,3.6044,2.277,1.9912,4.9934,2.5927,2.2685,4.7859,2.3611,2.283,3.7852,1.4177,1.619,3.8662,2.241,2.6331,4.7256,1.8878,1.877,3.8426,0.78535,2.1335,4.0879,1.5838,1.7757,4.23,2.3425,2.6677,4.8458,1.4629,2.3605,3.2752,6.0606,2.9084,2.3785,1.8395,1.7887,3.555,1.8808,2.8877,4.1505,2.0722,1.9905,4.8406,1.1644,2.5855,4.3344,1.9529,2.2,4.8646,1.6151,1.7,3.9576,1.6221,2.039,3.3732,1.0794,2.6778,3.6036,1.0084,2.7636,3.8765,1.4883,2.4674,3.9348,1.1267,2.7248,3.6098,1.7756,1.6676,4.0813,0.92434,2.4683,2.7908,1.9643,2.111,4.45,0.23666,2.7307,2.9837,1.0693,1.9546,4.2704,1.0014,2.2869,3.1158,1.6739,2.3918,4.6167,0.98432,2.0464,2.8967,0.723,1.9825,2.747,1.5851,1.6959,3.9643,0.92742,2.451,2.833,1.3306,1.5797,3.8553,2.7651,2.5576,4.6363,1.0917,2.2076,3.5775,1.1693,2.7018,3.6848,1.9903,1.9858,4.5185,1.0387,1.946,4.2707,1.8758,1.6371,3.4716,1.6693,2.5152,4.005,2.1792,2.509,4.9405,2.1177,2.427,3.6311,1.3869,3.023,3.6115,1.4744,1.4728,4.1938,0.64457,2.9816,3.6753,1.6375,1.6788,4.21,0.74059,1.9913,2.7483,0.69722,2.2115,3.9612,2.6504,2.5833,4.5464,2.0259,2.1067,3.4031,1.419,2.8009,3.5648,1.0816,2.2771,3.5814,2.5523,2.0432,4.5183,1.4659,1.7277,4.4297,1.5199,2.5589,3.5495,2.0637,2.3487,4.0996,2.6709,2.3149,4.9617,0.48844,2.5388,3.0131
5.9772,0.91041,437.23,2.544,0.24987,1041.1,1.4364,1.8143,4.0868,1.3142,2.2542,4.2663,1.1855,1.9677,4.2261,2.4513,2.6009,4.303,0.84312,2.0423,4.3,1.4965,2.5507,3.8749,3.121,2.82,5.9664,1.1602,1.9811,4.2466,1.7045,1.6518,4.218,1.3294,2.2417,4.3419,0.82494,2.091,4.2249,3.0492,2.8196,4.5725,5.5085,2.6587,1.2796,1.3055,2.7121,3.6767,0.92044,2.1739,3.0348,2.5339,2.1296,4.5522,1.4414,1.6465,3.9189,0.67472,2.6267,3.8009,2.0285,1.7632,3.5403,1.089,2.3747,3.1957,0.10616,2.3078,3.3218,1.7446,1.6668,3.4131,1.9337,2.7143,4.2472,1.7803,1.696,3.4347,1.4814,1.6158,3.9498,0.40155,2.1911,3.1501,2.1294,2.4358,4.4704,1.4718,1.7225,3.2133,0.79242,1.9284,2.7126,3.0365,2.8438,5.899,2.0239,1.8059,3.5424,1.0134,2.766,2.9092,1.8302,2.5932,4.057,0.63601,1.9144,2.7513,1.028,2.4037,3.0981,1.8774,1.8851,4.5176,1.6666,1.6426,3.8988,0.56236,2.1709,3.8584,1.1931,2.5622,3.7605,0.91099,2.1728,3.1816,2.7066,2.3802,4.4737,2.1563,2.2669,4.8003,1.4979,1.6806,3.9617,1.8949,1.9427,4.5363,1.5392,2.2463,3.2597,0.76252,2.2172,3.0961,2.4912,2.4128,4.4323,1.9863,2.584,4.8625,1.8952,2.6219,4.8017,2.6797,2.3741,4.5085,1.3053,2.5448,3.8979,1.7477,2.2356,4.3812,2.0983,2.978,4.0128,0.60154,2.4657,2.571,1.4646,2.1235,4.5866,2.0917,2.9763,4.0008,0.29071,2.4106,3.3271,1.6434,1.5853,4.0628,0.70443,2.1065,3.0625,2.2155,2.2882,4.6441,0.64131,2.5178,3.0839,0.93877,2.1708,3.2061,0.17992,2.8879,1.9908,2.0579,2.063,4.6899,2.6756,2.3873,4.4871,2.5734,2.2758,5.1336,1.9516,2.6112,4.2639,1.1184,1.7738,4.0149,4.6176,2.8692,0.50001,0.87719,2.1769,3.0402,1.3511,2.0559,4.343,1.0658,2.1281,3.4991,2.145,2.683,4.3974,1.7327,1.5827,4.1247,1.2477,2.4841,3.1276,0.81692,2.451,3.755,2.1098,1.861,3.6533,1.5365,2.4895,3.3995,1.5902,2.561,3.5746,1.5901,1.6123,4.255,1.8972,2.6406,4.3546,1.9926,2.6545,4.4398,3.4306,2.7329,6.1714,1.7709,1.5696,4.1052,1.7671,1.9879,3.4483,2.0076,2.9106,4.799,1.2232,2.5217,3.1581,2.6057,2.4533,4.9234,1.048,2.6138,4.0602,1.5459,2.4538,3.415,1.073,1.8274,4.0694,1.6657,1.5638,4.0613,1.7479,1.993,3.4368,0.16675,2.9093,3.2331,2.9939,2.2686,4.671,1.3147,1.9533,4.2173,1.3021,2.6064,3.4439,1.3807,2.4312,3.3186,1.8541,1.8889,3.6697,1.9322,2.4664,4.0419,1.0357,2.2947,3.1638,2.5298,2.0147,5.1275,1.2566,2.6554,3.3849,1.3562,2.4496,3.2984,0.24242,2.9389,3.284,0.66498,1.8731,2.7872,1.6497,1.9415,4.488,1.4828,1.7791,4.1676,5.3926,2.8948,1.7408,0.82159,2.1274,2.8287,1.0204,2.6514,4.0322,2.2891,2.5099,3.6642,2.5681,2.3924,4.8723,2.9815,2.6561,4.6651,2.1461,2.4862,4.5186,2.3483,2.1137,4.2554,0.77999,2.0722,3.2996,0.49337,2.4283,3.0502,0.60667,2.1452,3.7138,2.3467,2.409,4.4625,0.943,2.4374,3.0026,1.2464,1.5594,4.2731,1.6591,2.0225,3.4658,6.1433,2.6793,1.8729,3.4375,2.9111,0.16613,0.82554,2.3496,3.0423,1.6459,1.6274,4.0596,1.5133,1.9286,3.1629,0.77623,2.4154,2.9325,2.165,2.3234,4.8724,1.1964,2.568,3.1015,1.0663,2.0092,3.4877,0.40277,1.9933,3.3254,1.719,2.0026,3.4328,2.45,2.0961,4.2472,2.1953,2.1747,5.0121,1.2703,1.6767,3.8627,0.71291,1.9931,2.7671,2.1961,2.2186,5.0089,2.3872,2.234,4.5895,1.5861,2.4154,3.9735,4.398,2.9251,0.28726,1.9514,2.4298,4.0094,0.79126,1.957,4.1154,1.2834,2.6558,4.2952,3.6826,2.7943,6.2582,1.5692,1.6455,3.3196,0.23434,2.2878,3.2752,5.2979,2.8978,1.1965,0.58562,2.7309,3.313,1.3214,2.5237,3.0298,2.191,2.0995,4.9131,1.529,2.0355,4.427,1.5223,1.6349,3.3428,1.4903,2.923,3.4123,0.58198,2.4299,2.9081,0.8571,2.4256,2.984,0.21713,2.6045,3.3119,1.669,2.3374,4.2128,0.59736,2.4252,2.8309,0.99783,2.2701,3.5915,1.3851,1.792,4.2545,0.30868,2.3177,3.3828,1.5104,1.6037,3.3049,0.54713,2.4326,2.8787,3.1379,2.8476,6.1014,1.9345,2.5524,4.0129,2.0261,2.1913,4.6165,2.4269,2.7402,5.0633,1.877,1.8816,3.8559,1.3184,1.713,3.7289,2.1823,2.1322,4.9369,1.3932,2.5913,4.0013,0.5641,3.097,2.3795,4.7686,2.8903,0.49378,1.2679,2.6964,4.3175,1.9392,1.9332,3.959,1.2951,2.6604,2.9252,0.52555,2.7087,3.1637,1.053,2.8668,4.2418,0.66034,2.5764,2.61,0.66775,2.0517,2.9055,0.60654,2.405,3.42,1.5953,2.1512,4.2615,1.4286,2.7297,4.5087,0.54042,2.0074,2.985,1.9846,1.8271,3.8006,1.1892,1.8241,3.6956,2.2589,2.6428,4.6933,1.3767,1.5528,4.0833,1.3686,2.1477,3.1676,0.6227,2.0311,3.007,0.48032,2.4374,2.5914,1.675,2.3477,4.2109,2.3062,2.6388,4.8007,0.58109,2.0316,2.9733,1.6292,1.7364,3.3605,0.81476,3.0524,2.6735,0.61417,2.5598,2.5817,3.0615,2.7364,6.0804,6.1745,2.9134,2.5996,4.7399,2.9467,0.42842,2.291,2.2843,3.6218,1.1017,3.0292,3.9498,1.294,2.3527,3.4453,1.0115,3.0623,3.8588,2.3907,2.2351,3.7584,1.1801,1.7554,3.6872,2.4233,2.3634,4.5798,2.5026,2.6644,4.0554,1.3689,2.6718,4.4356,1.8695,1.8227,3.8469,1.1615,2.7091,3.6696,2.3744,2.4428,4.928,1.4732,2.5477,3.316,2.1661,2.2206,4.1122,0.79317,1.9433,3.3687,2.317,2.3867,3.668,2.2506,2.3822,3.5993,2.2799,1.9937,4.9953,2.5912,2.2676,4.7858,2.3611,2.2852,3.7848,1.4188,1.6194,3.8673,2.2361,2.6295,4.719,1.888,1.8733,3.8403,0.78571,2.1331,4.0922,1.5832,1.7732,4.2289,2.3388,2.6656,4.841,1.4634,2.3601,3.2754,6.0677,2.9092,2.387,1.8392,1.7883,3.5573,1.8795,2.8828,4.1473,2.0741,1.9917,4.8424,1.1667,2.5858,4.3364,1.9554,2.2016,4.8642,1.6154,1.6971,3.9572,1.6231,2.0402,3.3726,1.0805,2.6751,3.604,1.0111,2.7615,3.8778,1.4921,2.4689,3.9384,1.127,2.7224,3.6085,1.7732,1.6636,4.081,0.92489,2.469,2.7912,1.9666,2.1127,4.4525,0.24314,2.7276,2.9891,1.0689,1.9542,4.2708,1.0025,2.2858,3.1187,1.676,2.3918,4.6185,0.98427,2.0453,2.8981,0.72254,1.9818,2.7474,1.5842,1.6926,3.9644,0.92758,2.4509,2.8348,1.3285,1.5791,3.856,2.7655,2.5564,4.6371,1.0914,2.2107,3.5752,1.1708,2.6985,3.6859,1.9907,1.9857,4.5197,1.0375,1.945,4.2712,1.8764,1.6367,3.4724,1.6696,2.5163,4.0053,2.1821,2.5076,4.9415,2.1167,2.4288,3.6287,1.3941,3.0207,3.6187,1.4754,1.4732,4.1926,0.64307,2.9811,3.6749,1.6387,1.6761,4.2092,0.74056,1.9909,2.7486,0.69707,2.2126,3.9611,2.6491,2.5826,4.5469,2.027,2.1056,3.402,1.42,2.7966,3.5656,1.0812,2.2796,3.5794,2.5534,2.045,4.5204,1.4652,1.7276,4.4296,1.5174,2.5581,3.5488,2.0638,2.3507,4.1007,2.6701,2.3135,4.9603,0.48963,2.5392,3.015
5.9772,0.91041,437.23,2.544,0.2588,1035.7,1.4336,1.8129,4.0837,1.3161,2.2554,4.2683,1.1843,1.9665,4.226,2.4506,2.5991,4.304,0.84237,2.0419,4.3024,1.4953,2.5528,3.8738,3.1262,2.8186,5.9725,1.1582,1.9803,4.2473,1.703,1.6494,4.2164,1.3309,2.2421,4.346,0.82424,2.0919,4.2257,3.0527,2.8187,4.5736,5.5037,2.6542,1.2759,1.306,2.709,3.6768,0.91912,2.1745,3.0352,2.536,2.1328,4.5563,1.4404,1.6456,3.9197,0.67505,2.6285,3.7976,2.0293,1.7628,3.5425,1.0872,2.3735,3.1979,0.099549,2.308,3.3126,1.7429,1.6661,3.414,1.9296,2.7103,4.2432,1.7801,1.6966,3.4364,1.4819,1.6145,3.9509,0.40191,2.1927,3.1487,2.1326,2.4377,4.4726,1.4716,1.7245,3.2138,0.79157,1.929,2.712,3.0389,2.844,5.9036,2.0249,1.8071,3.5446,1.0135,2.7686,2.9092,1.8315,2.5938,4.0594,0.63632,1.9154,2.7503,1.0254,2.4023,3.0985,1.8766,1.8837,4.5184,1.666,1.6415,3.8991,0.56559,2.1693,3.8639,1.1926,2.5648,3.7595,0.90758,2.1759,3.1789,2.712,2.3822,4.4793,2.1599,2.27,4.8041,1.4988,1.6807,3.9633,1.8957,1.9433,4.5377,1.5421,2.2485,3.2595,0.75983,2.2213,3.0938,2.4947,2.4143,4.4375,1.9875,2.5846,4.8605,1.8946,2.6233,4.7997,2.6851,2.3763,4.5171,1.3055,2.5469,3.8959,1.7503,2.2355,4.3846,2.0989,2.9752,4.0126,0.60295,2.466,2.572,1.4607,2.1263,4.585,2.0932,2.9725,4.0012,0.28764,2.4112,3.324,1.6428,1.584,4.0619,0.70416,2.1085,3.0619,2.2141,2.2889,4.643,0.64021,2.5144,3.0866,0.93673,2.1734,3.2049,0.1799,2.8874,1.9898,2.0608,2.0652,4.6928,2.6803,2.3893,4.4944,2.5701,2.2737,5.1316,1.9495,2.6056,4.2619,1.1199,1.7701,4.0177,4.6165,2.8656,0.49916,0.87728,2.1787,3.0408,1.3527,2.0548,4.3452,1.0655,2.1297,3.4985,2.1407,2.6805,4.3924,1.7343,1.5816,4.1234,1.2509,2.4822,3.1288,0.81925,2.4523,3.7541,2.1118,1.8591,3.651,1.5345,2.4908,3.3971,1.5886,2.562,3.5741,1.5878,1.611,4.2552,1.8942,2.635,4.3505,1.9919,2.6497,4.4377,3.4347,2.7309,6.1746,1.7739,1.5682,4.1028,1.7695,1.987,3.4484,2.0047,2.9096,4.7953,1.2252,2.521,3.1601,2.6048,2.4535,4.9209,1.0488,2.6141,4.06,1.5438,2.4546,3.4132,1.0697,1.828,4.0688,1.6661,1.5623,4.0603,1.7497,1.9923,3.4364,0.16399,2.9079,3.2305,2.9978,2.2673,4.6738,1.3148,1.9529,4.2179,1.3028,2.605,3.4468,1.3778,2.4308,3.3179,1.855,1.8851,3.6682,1.932,2.4706,4.0443,1.0333,2.2949,3.163,2.5294,2.0142,5.1269,1.2573,2.655,3.3877,1.3526,2.4494,3.297,0.24167,2.9383,3.2833,0.66444,1.8747,2.7836,1.6472,1.9388,4.4892,1.4836,1.7767,4.169,5.388,2.8946,1.7375,0.82176,2.1276,2.8305,1.0198,2.6531,4.0309,2.2965,2.5087,3.6674,2.567,2.391,4.8688,2.9882,2.6534,4.6701,2.1459,2.4853,4.5184,2.3484,2.1143,4.258,0.77955,2.0748,3.2967,0.49818,2.4269,3.0548,0.60671,2.1451,3.7138,2.3445,2.4067,4.463,0.9494,2.4362,3.0079,1.2462,1.5588,4.2716,1.6572,2.0227,3.466,6.1371,2.6783,1.866,3.4424,2.9098,0.17179,0.82517,2.3465,3.0457,1.6454,1.6268,4.0586,1.5139,1.9306,3.1623,0.77639,2.4136,2.9346,2.1653,2.3224,4.8697,1.198,2.569,3.1019,1.0683,2.0104,3.4872,0.39705,1.9935,3.3292,1.7193,2.0021,3.432,2.4527,2.0968,4.2496,2.1961,2.1751,5.0123,1.269,1.6739,3.8643,0.71392,1.9933,2.7677,2.1972,2.2198,5.0088,2.3896,2.2354,4.5937,1.5867,2.4195,3.9738,4.4034,2.9215,0.29138,1.9511,2.4333,4.01,0.78983,1.9567,4.1152,1.2876,2.6587,4.2983,3.6872,2.7923,6.2635,1.5708,1.6467,3.3211,0.23151,2.2875,3.2709,5.3007,2.8941,1.1981,0.58512,2.7291,3.3136,1.3228,2.5243,3.0311,2.1934,2.0981,4.9118,1.5302,2.0321,4.4298,1.5222,1.6347,3.3448,1.4936,2.9231,3.4129,0.58637,2.4289,2.9149,0.85584,2.4242,2.9849,0.21635,2.6039,3.3103,1.671,2.3393,4.2162,0.60147,2.4246,2.8347,0.99508,2.2737,3.5883,1.3849,1.791,4.2529,0.3081,2.3183,3.3822,1.5098,1.6027,3.3058,0.55024,2.4323,2.8843,3.1429,2.8465,6.108,1.9321,2.551,4.0121,2.0279,2.1915,4.6174,2.4198,2.7386,5.0555,1.8762,1.8774,3.8543,1.319,1.7096,3.7306,2.1837,2.1315,4.9355,1.3931,2.5899,4.0015,0.53423,3.0975,2.349,4.7701,2.8862,0.49618,1.269,2.6966,4.3179,1.9402,1.9318,3.9614,1.2969,2.6615,2.9275,0.5291,2.7065,3.1688,1.0574,2.8652,4.246,0.6621,2.5785,2.6094,0.667,2.0547,2.9039,0.6084,2.4052,3.4195,1.5964,2.1495,4.2625,1.4343,2.7307,4.5149,0.53773,2.0093,2.9808,1.9844,1.8247,3.8004,1.189,1.8229,3.6975,2.2553,2.64,4.6869,1.3768,1.5532,4.0795,1.3677,2.147,3.1673,0.62244,2.0339,3.0041,0.48018,2.4373,2.5916,1.6778,2.351,4.214,2.3024,2.6357,4.7956,0.57933,2.0338,2.9692,1.6319,1.736,3.3619,0.82545,3.053,2.6824,0.61434,2.5615,2.5798,3.0679,2.7354,6.0877,6.177,2.915,2.6044,4.743,2.9459,0.43067,2.2897,2.2799,3.6169,1.1009,3.0278,3.9513,1.2889,2.3551,3.4415,1.0155,3.0621,3.8651,2.3917,2.2353,3.7573,1.1791,1.7516,3.6893,2.4236,2.3643,4.5808,2.5006,2.6658,4.0576,1.3725,2.6715,4.4387,1.8687,1.8168,3.8454,1.1623,2.7059,3.6698,2.3729,2.4415,4.923,1.4688,2.5457,3.3172,2.1663,2.2222,4.113,0.79291,1.9451,3.3681,2.3162,2.3858,3.6649,2.2478,2.3809,3.5944,2.2827,1.9959,4.9971,2.5897,2.2668,4.7856,2.3612,2.2875,3.7846,1.4201,1.6196,3.8685,2.2315,2.626,4.7127,1.888,1.8694,3.838,0.78607,2.1327,4.0965,1.5826,1.7707,4.2276,2.3352,2.6635,4.8364,1.464,2.3597,3.2756,6.0749,2.9099,2.3956,1.8389,1.7879,3.5598,1.8781,2.8779,4.1441,2.076,1.9928,4.8442,1.1689,2.586,4.3384,1.9576,2.2032,4.8637,1.6157,1.6943,3.9569,1.624,2.0413,3.372,1.0815,2.6726,3.6042,1.0138,2.7595,3.8792,1.4957,2.4704,3.942,1.1274,2.7201,3.6073,1.7707,1.6596,4.0808,0.92544,2.4698,2.7916,1.9689,2.1143,4.455,0.24954,2.7245,2.9944,1.0685,1.9536,4.271,1.0035,2.2847,3.1215,1.6779,2.3917,4.6203,0.9842,2.0442,2.8995,0.7221,1.9811,2.7478,1.5833,1.6896,3.9645,0.92773,2.4508,2.8366,1.3265,1.5785,3.8566,2.7661,2.5553,4.6381,1.0912,2.2139,3.5728,1.1722,2.6953,3.6869,1.9913,1.9857,4.5207,1.0363,1.9442,4.2718,1.877,1.6362,3.4732,1.6698,2.5173,4.0054,2.1848,2.5062,4.9425,2.1159,2.4308,3.6263,1.4013,3.0185,3.6259,1.4764,1.4737,4.1913,0.64142,2.9805,3.6744,1.6399,1.6734,4.2082,0.74053,1.9904,2.7488,0.69688,2.2137,3.9609,2.6477,2.582,4.5475,2.0283,2.1047,3.401,1.4209,2.7922,3.5666,1.0808,2.2821,3.5774,2.5544,2.0466,4.5224,1.4646,1.7275,4.4296,1.515,2.5575,3.5481,2.064,2.3528,4.1018,2.6693,2.3122,4.9589,0.49077,2.5397,3.0168
5.9772,0.91041,437.23,2.544,0.26772,1029.9,1.4307,1.8115,4.0807,1.318,2.2565,4.2705,1.1831,1.9652,4.2259,2.45,2.5975,4.305,0.84162,2.0414,4.3049,1.4941,2.5549,3.8727,3.1315,2.8172,5.9788,1.1561,1.9795,4.248,1.7015,1.6471,4.2149,1.3323,2.2425,4.35,0.82358,2.0927,4.2267,3.0559,2.8179,4.5746,5.4992,2.6497,1.2725,1.3064,2.706,3.6766,0.91779,2.1752,3.0356,2.5381,2.1359,4.5604,1.4394,1.6448,3.9204,0.67535,2.6303,3.7942,2.03,1.7624,3.5446,1.0853,2.3725,3.1998,0.092984,2.3081,3.3034,1.7411,1.6653,3.4148,1.9255,2.7065,4.2394,1.78,1.6972,3.4381,1.4824,1.6132,3.952,0.40226,2.1942,3.1473,2.1357,2.4395,4.4748,1.4716,1.7265,3.2143,0.79077,1.9295,2.7115,3.0415,2.8443,5.9084,2.026,1.8083,3.5467,1.0136,2.7713,2.9089,1.8327,2.5943,4.062,0.63662,1.9163,2.7494,1.0225,2.4011,3.0989,1.8755,1.8823,4.5191,1.6654,1.6404,3.8995,0.56889,2.1675,3.8695,1.1921,2.5673,3.7584,0.90422,2.1788,3.1763,2.7175,2.3841,4.4848,2.1636,2.2731,4.8079,1.4995,1.6807,3.9649,1.8965,1.9439,4.539,1.5452,2.2507,3.2593,0.75713,2.2253,3.0916,2.4984,2.4157,4.4428,1.9886,2.5853,4.8585,1.8941,2.6248,4.7978,2.6907,2.3785,4.5257,1.3056,2.5489,3.8938,1.7529,2.2354,4.3881,2.0996,2.9724,4.0125,0.60416,2.4664,2.5727,1.4566,2.1291,4.5834,2.0947,2.9687,4.0017,0.28466,2.4116,3.3211,1.6421,1.5829,4.0611,0.7039,2.1103,3.0614,2.2128,2.2896,4.6418,0.63897,2.5111,3.0893,0.93466,2.1757,3.2039,0.17984,2.8869,1.9887,2.0637,2.0673,4.6955,2.685,2.3912,4.5016,2.5669,2.2715,5.1297,1.9476,2.6001,4.2601,1.1214,1.7663,4.0206,4.6152,2.8621,0.49822,0.87743,2.1804,3.0416,1.3542,2.0537,4.3474,1.0651,2.1312,3.4978,2.1364,2.6779,4.3874,1.7358,1.5804,4.122,1.2541,2.4803,3.1302,0.82156,2.4537,3.7533,2.1138,1.8573,3.6488,1.5325,2.4919,3.3946,1.5871,2.563,3.5738,1.5856,1.6099,4.2556,1.8913,2.6295,4.3468,1.9915,2.6452,4.436,3.4388,2.729,6.178,1.7768,1.5668,4.1005,1.7717,1.9862,3.4484,2.0019,2.9085,4.7919,1.2272,2.5203,3.1621,2.604,2.4536,4.9183,1.0495,2.6144,4.0598,1.5417,2.4553,3.4114,1.0665,1.8284,4.0682,1.6667,1.561,4.0594,1.7515,1.9917,3.4361,0.1613,2.9067,3.228,3.0016,2.2661,4.6767,1.3149,1.9524,4.2185,1.3036,2.6038,3.4497,1.3749,2.4304,3.3172,1.8558,1.8813,3.6668,1.9319,2.4747,4.0466,1.0309,2.2951,3.162,2.5289,2.0136,5.1262,1.258,2.6546,3.3906,1.3489,2.4492,3.2957,0.24098,2.9378,3.2827,0.66391,1.8761,2.7801,1.6447,1.9363,4.4905,1.4845,1.7743,4.1704,5.3836,2.8944,1.7344,0.82194,2.1279,2.8323,1.019,2.6549,4.0295,2.303,2.5073,3.67,2.566,2.3896,4.8654,2.995,2.6508,4.675,2.1458,2.4843,4.5183,2.3484,2.1149,4.2606,0.77904,2.0774,3.2938,0.50289,2.4254,3.0594,0.60674,2.145,3.7138,2.3423,2.4045,4.4635,0.95571,2.4351,3.0131,1.246,1.5582,4.27,1.6552,2.0229,3.4661,6.1311,2.6774,1.859,3.4471,2.9084,0.17713,0.82459,2.3436,3.0489,1.645,1.6262,4.0578,1.5146,1.9325,3.1618,0.77649,2.4118,2.9365,2.1657,2.3214,4.8671,1.1994,2.57,3.1023,1.0703,2.0115,3.4868,0.39139,1.9938,3.3329,1.7196,2.0014,3.4311,2.4556,2.0976,4.2519,2.1967,2.1755,5.0126,1.2676,1.6712,3.8659,0.7149,1.9935,2.7683,2.1981,2.2211,5.0086,2.392,2.2368,4.5979,1.5874,2.4235,3.9742,4.4086,2.918,0.29543,1.951,2.437,4.0107,0.78842,1.9564,4.1149,1.2918,2.6616,4.3014,3.6916,2.7902,6.2688,1.5724,1.6481,3.3227,0.22872,2.2871,3.2668,5.3034,2.8904,1.1998,0.58452,2.7273,3.314,1.3241,2.5249,3.0324,2.1958,2.0968,4.9106,1.5314,2.0288,4.4325,1.5221,1.6344,3.3468,1.4968,2.9232,3.4136,0.59067,2.428,2.9218,0.85462,2.4229,2.9857,0.21552,2.6034,3.3084,1.6729,2.341,4.2196,0.60547,2.4241,2.8385,0.99225,2.2774,3.585,1.3848,1.7899,4.2511,0.3075,2.3188,3.3815,1.5092,1.6016,3.3066,0.55331,2.4319,2.8898,3.1478,2.8453,6.1144,1.9297,2.5498,4.0112,2.0298,2.1915,4.6182,2.4127,2.7369,5.0478,1.8753,1.873,3.8527,1.3195,1.7063,3.7322,2.1851,2.1308,4.9342,1.393,2.5885,4.0016,0.50356,3.0979,2.3177,4.7713,2.8822,0.49842,1.2701,2.6969,4.3183,1.9412,1.9306,3.964,1.2985,2.6626,2.9296,0.5324,2.7043,3.1736,1.0616,2.8636,4.2501,0.66368,2.5806,2.6088,0.66627,2.0576,2.9024,0.61024,2.4054,3.4189,1.5975,2.1477,4.2634,1.4398,2.7316,4.5209,0.53514,2.0112,2.9765,1.9843,1.8224,3.8002,1.1888,1.8217,3.6994,2.252,2.6373,4.6807,1.3769,1.5535,4.0758,1.3669,2.1462,3.1672,0.62222,2.0365,3.0013,0.47993,2.4372,2.5916,1.6805,2.3542,4.2171,2.2987,2.6327,4.7906,0.57762,2.036,2.9652,1.6345,1.7354,3.3633,0.83581,3.0535,2.6912,0.6144,2.5633,2.5778,3.0743,2.7345,6.095,6.1798,2.9165,2.6097,4.7461,2.9452,0.43293,2.2885,2.2755,3.6121,1.0996,3.0266,3.9523,1.2837,2.3574,3.4375,1.0193,3.062,3.8711,2.3928,2.2356,3.7563,1.1782,1.7476,3.6916,2.4239,2.3652,4.5816,2.4988,2.6671,4.0599,1.3759,2.6714,4.4418,1.8679,1.811,3.844,1.1631,2.7028,3.6699,2.3714,2.4401,4.918,1.4643,2.5438,3.3184,2.1666,2.2239,4.114,0.7926,1.9469,3.3675,2.3155,2.385,3.6618,2.2452,2.3797,3.5896,2.2854,1.9981,4.9986,2.5881,2.2658,4.7854,2.3613,2.2898,3.7844,1.4213,1.6199,3.8697,2.2271,2.6225,4.7067,1.8881,1.8656,3.8357,0.78644,2.1323,4.1008,1.5821,1.7681,4.2264,2.3317,2.6614,4.8318,1.4646,2.3593,3.2757,6.0822,2.9106,2.4042,1.8386,1.7875,3.5621,1.877,2.8732,4.1411,2.0779,1.9938,4.8458,1.1711,2.5863,4.3403,1.9599,2.2048,4.8632,1.616,1.6915,3.9565,1.6249,2.0424,3.3713,1.0824,2.6702,3.6043,1.0164,2.7576,3.8804,1.4993,2.4718,3.9456,1.1278,2.7178,3.6061,1.7683,1.6558,4.0805,0.926,2.4706,2.792,1.9712,2.116,4.4574,0.25585,2.7214,2.9996,1.0681,1.9532,4.2714,1.0044,2.2837,3.1241,1.6798,2.3917,4.6221,0.98413,2.0431,2.9007,0.72168,1.9804,2.7482,1.5825,1.6866,3.9646,0.92784,2.4507,2.8382,1.3244,1.5779,3.8573,2.7668,2.5542,4.6391,1.0909,2.217,3.5705,1.1736,2.6921,3.6878,1.9918,1.9857,4.5217,1.0352,1.9432,4.2724,1.8776,1.6358,3.474,1.6701,2.5183,4.0057,2.1874,2.5049,4.9434,2.115,2.4326,3.6241,1.4083,3.0162,3.6329,1.4772,1.4741,4.1902,0.63965,2.98,3.6737,1.6411,1.6708,4.2074,0.74051,1.9899,2.749,0.69665,2.2148,3.9607,2.6465,2.5813,4.5481,2.0295,2.1037,3.3999,1.4218,2.788,3.5675,1.0804,2.2845,3.5753,2.5555,2.0483,4.5245,1.4639,1.7275,4.4295,1.5127,2.5568,3.5475,2.0641,2.3547,4.103,2.6686,2.3108,4.9576,0.49187,2.5401,3.0187
5.9772,0.91041,437.23,2.544,0.27665,1024.1,1.4279,1.81,4.0778,1.32,2.2577,4.2726,1.182,1.9639,4.2259,2.4496,2.5958,4.3061,0.84086,2.041,4.3073,1.4929,2.5571,3.8716,3.1369,2.8158,5.9851,1.1541,1.9786,4.2487,1.7,1.6447,4.2132,1.3338,2.243,4.354,0.82294,2.0937,4.2275,3.059,2.8169,4.5754,5.4949,2.6453,1.2694,1.3067,2.7033,3.6763,0.91645,2.1759,3.0359,2.5403,2.1389,4.5645,1.4384,1.6438,3.9212,0.67565,2.632,3.7908,2.0308,1.7619,3.5469,1.0832,2.3715,3.2015,0.086494,2.3082,3.2944,1.7394,1.6645,3.4158,1.9216,2.7027,4.2357,1.7797,1.6976,3.4398,1.4829,1.6121,3.953,0.40259,2.1957,3.1458,2.1389,2.4413,4.4769,1.4715,1.7285,3.2149,0.79001,1.9299,2.7111,3.0442,2.8446,5.9134,2.0272,1.8096,3.5489,1.0138,2.7741,2.9086,1.8342,2.5948,4.0646,0.63692,1.9171,2.7486,1.0197,2.3998,3.0992,1.8745,1.8809,4.5199,1.6648,1.6393,3.8999,0.57225,2.1658,3.8751,1.1916,2.5696,3.7572,0.90089,2.1818,3.1738,2.7229,2.3859,4.4901,2.1671,2.276,4.8116,1.5003,1.6806,3.9666,1.8974,1.9444,4.5403,1.5484,2.2528,3.259,0.75444,2.2291,3.0897,2.5021,2.4172,4.4482,1.9898,2.5861,4.8564,1.8936,2.6263,4.7959,2.6961,2.3806,4.5341,1.3058,2.5511,3.8917,1.7555,2.2351,4.3915,2.1003,2.9696,4.0124,0.60519,2.4668,2.5732,1.4525,2.1318,4.5817,2.0962,2.965,4.0022,0.28177,2.412,3.3183,1.6416,1.5818,4.0601,0.70366,2.112,3.061,2.2114,2.2901,4.6405,0.6376,2.5078,3.092,0.93259,2.178,3.203,0.17975,2.8862,1.9877,2.0666,2.0692,4.6981,2.6895,2.393,4.5087,2.5638,2.2693,5.1279,1.9459,2.5949,4.2584,1.1229,1.7625,4.0234,4.6139,2.8589,0.49717,0.87765,2.1821,3.0425,1.3558,2.0526,4.3494,1.0646,2.1328,3.4971,2.1323,2.6754,4.3825,1.7373,1.5792,4.1207,1.2573,2.4786,3.1314,0.82386,2.455,3.7524,2.1158,1.8556,3.6467,1.5305,2.4931,3.3923,1.5858,2.5639,3.5735,1.5833,1.6089,4.2559,1.8889,2.6242,4.3432,1.9914,2.6408,4.4343,3.4429,2.7271,6.1813,1.7798,1.5655,4.0981,1.7739,1.9853,3.4485,1.9994,2.9075,4.7884,1.2292,2.5196,3.164,2.603,2.4537,4.9158,1.0502,2.6147,4.0596,1.5397,2.4561,3.4096,1.0634,1.8287,4.0677,1.6672,1.5596,4.0585,1.7532,1.9909,3.4358,0.15866,2.9055,3.2255,3.0053,2.2648,4.6795,1.3149,1.952,4.2191,1.3043,2.6027,3.4525,1.3719,2.4301,3.3165,1.8567,1.8776,3.6653,1.9318,2.4787,4.0489,1.0286,2.2954,3.161,2.5285,2.0131,5.1256,1.2587,2.6542,3.3935,1.3454,2.4489,3.2944,0.24038,2.9371,3.2823,0.66341,1.8776,2.7766,1.6422,1.9338,4.4917,1.4853,1.7719,4.1716,5.3792,2.8943,1.7314,0.82211,2.1282,2.834,1.0183,2.6566,4.0281,2.3091,2.5057,3.6722,2.5652,2.3884,4.8621,3.0017,2.648,4.6798,2.1457,2.4834,4.5181,2.3485,2.1156,4.2633,0.77845,2.08,3.2909,0.50748,2.424,3.0639,0.60676,2.145,3.7138,2.3402,2.4023,4.464,0.96187,2.4339,3.0181,1.2459,1.5577,4.2684,1.6533,2.0231,3.4663,6.125,2.6764,1.8521,3.4515,2.9071,0.18221,0.82379,2.3407,3.0519,1.6446,1.6257,4.0568,1.5153,1.9342,3.1614,0.77651,2.4101,2.9384,2.166,2.3204,4.8644,1.2009,2.571,3.1026,1.0722,2.0126,3.4865,0.38584,1.9941,3.3365,1.7199,2.0009,3.4303,2.4584,2.0983,4.2542,2.1972,2.1758,5.0128,1.2661,1.6685,3.8674,0.71588,1.9937,2.769,2.1989,2.2221,5.0083,2.3944,2.2382,4.6019,1.5882,2.4275,3.9745,4.4137,2.9144,0.29936,1.9508,2.4407,4.0114,0.78703,1.956,4.1146,1.296,2.6644,4.3046,3.6958,2.7882,6.274,1.574,1.6494,3.3242,0.22599,2.2868,3.2626,5.3061,2.8867,1.2015,0.58379,2.7256,3.3143,1.3253,2.5256,3.0335,2.1983,2.0955,4.9094,1.5326,2.0253,4.4352,1.5219,1.6341,3.3489,1.5,2.9234,3.4141,0.59489,2.427,2.9285,0.85345,2.4216,2.9867,0.21466,2.6029,3.3067,1.6747,2.3427,4.2229,0.60938,2.4236,2.8422,0.98937,2.2809,3.5817,1.3846,1.7887,4.2494,0.30688,2.3193,3.3809,1.5086,1.6006,3.3076,0.55632,2.4316,2.8952,3.1526,2.8443,6.1208,1.9274,2.5486,4.0102,2.0317,2.1916,4.6192,2.4058,2.7352,5.0403,1.8745,1.8687,3.8512,1.3202,1.7031,3.7338,2.1865,2.13,4.933,1.393,2.5871,4.0019,0.47225,3.0982,2.2859,4.7723,2.8782,0.50052,1.2711,2.6972,4.3188,1.9422,1.9294,3.9664,1.3002,2.6636,2.9319,0.53548,2.7021,3.1782,1.0658,2.8619,4.2541,0.66513,2.5828,2.608,0.66556,2.0604,2.9011,0.61201,2.4057,3.4184,1.5986,2.1459,4.2642,1.4452,2.7326,4.5269,0.53264,2.013,2.9725,1.9841,1.8201,3.8,1.1885,1.8205,3.7012,2.2489,2.6348,4.6749,1.377,1.5538,4.0722,1.3659,2.1454,3.167,0.62203,2.0391,2.9986,0.47961,2.4371,2.5915,1.6832,2.3573,4.2203,2.2952,2.6297,4.7857,0.57595,2.0381,2.9613,1.6372,1.7347,3.3646,0.84595,3.054,2.6997,0.61437,2.565,2.5757,3.0806,2.7335,6.1021,6.1829,2.918,2.6154,4.7491,2.9447,0.43521,2.2875,2.2712,3.6073,1.0979,3.0254,3.9528,1.2787,2.3596,3.4337,1.0228,3.0619,3.8768,2.3938,2.2359,3.7553,1.1772,1.7438,3.6939,2.4242,2.366,4.5826,2.4971,2.6684,4.0623,1.3794,2.6713,4.4448,1.8672,1.8052,3.8426,1.1639,2.6998,3.6699,2.37,2.4389,4.913,1.4601,2.542,3.3196,2.1669,2.2255,4.1149,0.79226,1.9487,3.3669,2.3148,2.3842,3.6588,2.2427,2.3784,3.5849,2.2881,2.0001,5.0001,2.5866,2.2648,4.7852,2.3615,2.2921,3.7841,1.4225,1.6199,3.8707,2.223,2.619,4.701,1.8882,1.8617,3.8334,0.78681,2.132,4.105,1.5815,1.7656,4.2252,2.3282,2.6593,4.8273,1.4651,2.359,3.2759,6.0895,2.9112,2.4129,1.8383,1.7871,3.5644,1.876,2.8685,4.1383,2.0796,1.9948,4.8473,1.1734,2.5866,4.3421,1.9622,2.2063,4.8627,1.6163,1.6888,3.9562,1.6259,2.0434,3.3708,1.0833,2.6678,3.6045,1.0188,2.7557,3.8814,1.5028,2.473,3.9491,1.1281,2.7155,3.6048,1.766,1.6519,4.0802,0.92655,2.4714,2.7924,1.9735,2.1176,4.4599,0.26205,2.7184,3.0047,1.0678,1.9527,4.2717,1.0052,2.2827,3.1268,1.6818,2.3917,4.6239,0.98405,2.0421,2.9019,0.72128,1.9797,2.7486,1.5817,1.6836,3.9647,0.92794,2.4507,2.8398,1.3224,1.5774,3.858,2.7674,2.5531,4.6401,1.0905,2.22,3.5682,1.1749,2.689,3.6887,1.9923,1.9857,4.5227,1.034,1.9422,4.2729,1.8783,1.6355,3.4748,1.6704,2.5193,4.0059,2.1902,2.5035,4.9444,2.1143,2.4346,3.6218,1.4151,3.0139,3.6397,1.4782,1.4746,4.189,0.63777,2.9796,3.6729,1.6423,1.6682,4.2064,0.74048,1.9895,2.7493,0.69638,2.216,3.9604,2.6452,2.5807,4.5487,2.0306,2.1027,3.3989,1.4226,2.784,3.5683,1.0799,2.2869,3.5733,2.5566,2.05,4.5267,1.4633,1.7275,4.4295,1.5105,2.5562,3.5468,2.0644,2.3567,4.104,2.6678,2.3096,4.9562,0.49294,2.5405,3.0204
5.9772,0.91041,437.23,2.544,0.28557,1018.3,1.4252,1.8086,4.0748,1.322,2.2589,4.2748,1.1808,1.9625,4.2259,2.4491,2.5942,4.3072,0.8401,2.0406,4.3098,1.4916,2.5591,3.8704,3.1422,2.8144,5.9915,1.1522,1.9778,4.2494,1.6985,1.6424,4.2115,1.3351,2.2435,4.3579,0.82234,2.0945,4.2283,3.0619,2.816,4.5761,5.4908,2.641,1.2664,1.3069,2.7007,3.676,0.9151,2.1765,3.0363,2.5424,2.142,4.5685,1.4374,1.643,3.922,0.67593,2.6338,3.7874,2.0316,1.7614,3.549,1.0811,2.3707,3.2031,0.080101,2.3083,3.2855,1.7376,1.6637,3.4167,1.9179,2.699,4.2322,1.7795,1.6981,3.4414,1.4834,1.6109,3.954,0.40291,2.1971,3.1444,2.1421,2.4431,4.4789,1.4715,1.7305,3.2154,0.7893,1.9303,2.7107,3.047,2.8448,5.9186,2.0285,1.8108,3.5512,1.0139,2.7768,2.9084,1.8356,2.5954,4.0672,0.63722,1.9179,2.7479,1.0168,2.3986,3.0994,1.8736,1.8796,4.5206,1.6642,1.6383,3.9003,0.57568,2.164,3.8809,1.191,2.5719,3.756,0.89761,2.1845,3.1714,2.7282,2.3877,4.4953,2.1708,2.2789,4.8153,1.5011,1.6806,3.9681,1.8982,1.945,4.5416,1.5517,2.2549,3.2589,0.75177,2.2329,3.0879,2.5059,2.4186,4.4536,1.9909,2.5869,4.8543,1.8932,2.6278,4.7941,2.7015,2.3826,4.5423,1.3058,2.5531,3.8896,1.758,2.2349,4.3949,2.1009,2.9669,4.0123,0.60604,2.4672,2.5735,1.4484,2.1345,4.5799,2.0977,2.9612,4.0028,0.27901,2.4124,3.3156,1.641,1.5806,4.0593,0.70345,2.1137,3.0606,2.21,2.2906,4.6392,0.63609,2.5046,3.0947,0.93052,2.1802,3.2022,0.17961,2.8856,1.9866,2.0693,2.071,4.7005,2.6939,2.3947,4.5156,2.5607,2.2672,5.1262,1.9445,2.5899,4.2569,1.1243,1.7586,4.0264,4.6124,2.8557,0.49601,0.87793,2.1838,3.0435,1.3573,2.0516,4.3514,1.0641,2.1343,3.4964,2.1284,2.6729,4.3779,1.739,1.578,4.1194,1.2605,2.4768,3.1326,0.82614,2.4564,3.7515,2.1177,1.8539,3.6447,1.5286,2.4942,3.3899,1.5845,2.5647,3.5733,1.5811,1.608,4.2562,1.8866,2.6191,4.3401,1.9915,2.6366,4.4329,3.4469,2.7251,6.1846,1.7828,1.5641,4.0957,1.7762,1.9845,3.4486,1.997,2.9064,4.7852,1.2312,2.5189,3.1658,2.6022,2.4538,4.9133,1.0508,2.6151,4.0594,1.5377,2.4569,3.4078,1.0605,1.829,4.0672,1.6677,1.5583,4.0576,1.755,1.9903,3.4355,0.15608,2.9043,3.223,3.009,2.2636,4.6821,1.315,1.9515,4.2197,1.305,2.6016,3.4552,1.3691,2.4299,3.3158,1.8576,1.8738,3.664,1.9317,2.4825,4.0512,1.0263,2.2956,3.1602,2.528,2.0125,5.1249,1.2594,2.6539,3.3964,1.3417,2.4488,3.2931,0.23986,2.9365,3.2818,0.66292,1.8789,2.7733,1.6396,1.9314,4.4928,1.4861,1.7696,4.1729,5.3748,2.8942,1.7284,0.82229,2.1285,2.8358,1.0175,2.6583,4.0267,2.3148,2.504,3.6741,2.5644,2.3872,4.8589,3.0083,2.6453,4.6845,2.1456,2.4826,4.518,2.3485,2.1163,4.2659,0.77777,2.0824,3.2878,0.51195,2.4226,3.0682,0.60677,2.145,3.7138,2.3382,2.4003,4.4646,0.96791,2.4327,3.0231,1.2458,1.5572,4.2669,1.6513,2.0232,3.4664,6.1191,2.6754,1.8453,3.4556,2.9058,0.187,0.82279,2.338,3.0545,1.6441,1.625,4.056,1.5159,1.936,3.1609,0.77647,2.4084,2.9402,2.1664,2.3193,4.8618,1.2023,2.5721,3.1028,1.0741,2.0137,3.4863,0.38041,1.9944,3.3399,1.72,2.0002,3.4295,2.4612,2.0991,4.2565,2.1976,2.1761,5.0129,1.2647,1.6659,3.8688,0.71683,1.9939,2.7696,2.1997,2.2231,5.008,2.3968,2.2395,4.6059,1.5888,2.4314,3.9748,4.4187,2.9107,0.30321,1.9506,2.4443,4.0121,0.78567,1.9557,4.1144,1.3002,2.6671,4.3078,3.7,2.7862,6.2791,1.5755,1.6508,3.3258,0.22333,2.2865,3.2587,5.3086,2.883,1.2031,0.58296,2.7238,3.3145,1.3265,2.5262,3.0347,2.2007,2.0942,4.9082,1.5337,2.0219,4.4379,1.5218,1.6337,3.3509,1.5031,2.9235,3.4147,0.59901,2.4261,2.9352,0.85233,2.4203,2.9878,0.21378,2.6024,3.3049,1.6765,2.3443,4.2262,0.6132,2.4231,2.8459,0.98643,2.2845,3.5783,1.3844,1.7875,4.2476,0.30626,2.3199,3.3803,1.5079,1.5996,3.3085,0.55927,2.4314,2.9005,3.1574,2.8431,6.1272,1.9252,2.5473,4.0094,2.0336,2.1916,4.6201,2.3991,2.7334,5.0328,1.8736,1.8643,3.8498,1.3208,1.7,3.7353,2.1879,2.1294,4.9317,1.3929,2.5858,4.0021,0.4403,3.0985,2.2533,4.7731,2.8743,0.50249,1.2722,2.6974,4.3193,1.9432,1.9281,3.9689,1.302,2.6648,2.934,0.53832,2.7001,3.1825,1.0701,2.8602,4.258,0.66646,2.5849,2.6072,0.66489,2.063,2.8999,0.61373,2.4059,3.4178,1.5997,2.144,4.2649,1.4504,2.7335,4.5327,0.53023,2.0148,2.9686,1.9839,1.8179,3.7999,1.1883,1.8193,3.7031,2.2461,2.6323,4.6693,1.3771,1.5541,4.0685,1.3651,2.1446,3.1669,0.62188,2.0416,2.996,0.47925,2.437,2.5914,1.6859,2.3604,4.2234,2.2918,2.6268,4.7809,0.57433,2.04,2.9576,1.6398,1.7339,3.3659,0.85583,3.0546,2.708,0.61423,2.5669,2.5734,3.0869,2.7325,6.1091,6.1863,2.9195,2.6213,4.7522,2.9442,0.43752,2.2865,2.2669,3.6026,1.0959,3.0243,3.9529,1.2737,2.3616,3.4298,1.0257,3.0617,3.8821,2.395,2.2361,3.7544,1.1761,1.7399,3.6962,2.4245,2.3669,4.5835,2.4954,2.6697,4.0649,1.3827,2.6713,4.4478,1.8664,1.7994,3.8413,1.1645,2.6967,3.67,2.3686,2.4376,4.9082,1.4557,2.5401,3.3209,2.1671,2.2271,4.1158,0.79189,1.9505,3.3662,2.3142,2.3834,3.6558,2.2403,2.3772,3.5804,2.2906,2.002,5.0014,2.5851,2.2639,4.785,2.3616,2.2945,3.7841,1.4237,1.6199,3.8719,2.2191,2.6156,4.6955,1.8883,1.8579,3.8313,0.7872,2.1316,4.1091,1.581,1.7631,4.224,2.3248,2.6573,4.8228,1.4656,2.3587,3.276,6.0969,2.9118,2.4215,1.8381,1.7866,3.5666,1.875,2.8639,4.1356,2.0813,1.9957,4.8486,1.1755,2.5868,4.3439,1.9643,2.2078,4.8622,1.6166,1.6862,3.9559,1.6269,2.0445,3.3702,1.0841,2.6655,3.6046,1.0213,2.7538,3.8825,1.5063,2.4743,3.9526,1.1285,2.7133,3.6036,1.7637,1.6482,4.08,0.9271,2.4722,2.7927,1.9758,2.1191,4.4623,0.26817,2.7153,3.0097,1.0675,1.9522,4.272,1.006,2.2818,3.1293,1.6838,2.3917,4.6258,0.98396,2.041,2.903,0.7209,1.979,2.749,1.5809,1.6809,3.9647,0.92802,2.4507,2.8414,1.3203,1.5768,3.8586,2.7681,2.552,4.6412,1.0901,2.2232,3.5659,1.1762,2.6859,3.6895,1.9929,1.9857,4.5237,1.0329,1.9413,4.2734,1.8789,1.6351,3.4755,1.6707,2.5203,4.0061,2.1928,2.5022,4.9454,2.1135,2.4365,3.6197,1.4218,3.0117,3.6465,1.4791,1.4751,4.1878,0.63579,2.979,3.6719,1.6436,1.6656,4.2056,0.74046,1.989,2.7495,0.69609,2.2172,3.96,2.644,2.5801,4.5493,2.0318,2.1018,3.3978,1.4233,2.78,3.5691,1.0794,2.2892,3.5713,2.5577,2.0517,4.5287,1.4627,1.7275,4.4294,1.5083,2.5556,3.5462,2.0645,2.3586,4.1052,2.6671,2.3083,4.9549,0.49397,2.541,3.0222
10.386,0.041729,287.26,4.7935,0.0087478,773.6,1.5218,1.8362,4.1725,1.2785,2.2256,4.2232,1.2298,1.9865,4.2329,2.4987,2.662,4.3029,0.8575,2.0609,4.2188,1.52,2.4843,3.8933,3.0098,2.8389,5.8212,1.2275,1.9882,4.234,1.7471,1.7161,4.2475,1.2775,2.2267,4.2256,0.85715,2.062,4.2151,2.8938,2.8352,4.5084,5.7063,2.7753,1.4629,1.2398,2.8417,3.6247,0.95655,2.1456,3.0226,2.4845,2.0518,4.4466,1.4721,1.676,3.9051,0.65946,2.5708,3.8839,2.0059,1.7626,3.4739,1.0741,2.4459,3.0589,0.26966,2.2857,3.5597,1.7853,1.6729,3.3875,2.1384,2.8243,4.4445,1.7864,1.6705,3.3906,1.4765,1.6736,3.9069,0.39574,2.1334,3.2035,2.0357,2.355,4.3869,1.4743,1.6661,3.1997,0.83119,1.8747,2.7723,3.0096,2.8412,5.8176,2.0063,1.7615,3.4754,1.0061,2.7165,2.8794,1.8177,2.5887,4.002,0.63103,1.8695,2.7971,1.0716,2.4453,3.0543,1.8974,1.9138,4.4935,1.6795,1.6949,3.8956,0.50983,2.2009,3.7451,1.1941,2.4212,3.7862,1.0045,2.0605,3.27,2.5472,2.2982,4.2915,2.0688,2.1494,4.6774,1.4784,1.6752,3.9112,1.8962,1.917,4.4934,1.4906,2.1712,3.2676,0.82229,2.0809,3.1869,2.4187,2.3714,4.3153,1.9464,2.6016,4.8914,1.9379,2.5955,4.8805,2.5468,2.2981,4.2908,1.2875,2.4869,3.9463,1.6873,2.2316,4.2947,2.064,3.0622,4.0072,0.5028,2.47,2.4753,1.5421,2.0558,4.6064,2.078,3.0655,4.0244,0.39105,2.3744,3.4368,1.6612,1.6302,4.0826,0.70966,2.0225,3.0981,2.2433,2.2406,4.6464,0.62835,2.6178,2.9999,1.0043,2.064,3.2703,0.13272,2.8902,1.9766,1.995,1.9853,4.5889,2.5467,2.299,4.2932,2.676,2.3376,5.1997,2.1419,2.8204,4.4452,1.0794,1.8492,3.9458,4.618,2.9981,0.50471,0.88721,2.1184,3.0543,1.306,2.0995,4.2658,1.056,2.0875,3.4933,2.3124,2.7546,4.5828,1.7013,1.6,4.1581,1.1442,2.5573,3.0673,0.75014,2.426,3.769,2.0548,1.928,3.7387,1.5995,2.4376,3.4685,1.6613,2.522,3.6082,1.6584,1.6782,4.2498,2.1079,2.8094,4.5845,2.1132,2.8099,4.5869,3.3546,2.7819,6.116,1.7008,1.5996,4.1582,1.7032,2.0053,3.4531,2.1294,2.9377,4.925,1.1461,2.5573,3.0716,2.6378,2.4468,4.9888,1.0234,2.6035,4.0648,1.6015,2.4364,3.4687,1.184,1.7973,4.1023,1.6612,1.6293,4.0839,1.7028,2.005,3.4517,0.28595,2.9468,3.3329,2.8725,2.2924,4.5639,1.3176,1.9509,4.205,1.2487,2.6879,3.3224,1.4632,2.4579,3.343,1.8414,1.9842,3.7252,1.9509,2.3375,3.993,1.0965,2.2829,3.1886,2.5398,2.0495,5.1496,1.2416,2.6887,3.3124,1.4616,2.4599,3.3403,0.2897,2.9472,3.3372,0.67703,1.8076,2.9117,1.7002,2.0269,4.422,1.4678,1.8629,4.1195,5.5377,2.9015,1.8501,0.81895,2.1222,2.7801,1.0227,2.6048,4.0651,2.1544,2.5244,3.6216,2.6379,2.4441,4.9887,2.8027,2.7054,4.5219,2.1628,2.5297,4.5348,2.349,2.1024,4.1947,0.76638,1.9902,3.3489,0.32842,2.474,2.8837,0.60388,2.1407,3.7132,2.3853,2.5091,4.4305,0.7507,2.4647,2.8533,1.2554,1.5822,4.2875,1.7013,2.006,3.4512,1.2401,2.6892,2.0429,3.2151,2.9383,6.2072,0.74554,2.4635,2.8538,1.6601,1.6338,4.0876,1.4944,1.8646,3.1824,0.74292,2.4645,2.8495,2.1684,2.3475,4.9546,1.1442,2.5622,3.0695,1.0026,1.9639,3.5034,0.53022,1.9789,3.2569,1.7007,2.007,3.4504,2.3867,2.0803,4.1971,2.143,2.1547,4.9799,1.2894,1.7524,3.8008,0.68301,1.9774,2.7557,2.1426,2.1549,4.9814,2.3191,2.1855,4.4616,1.5671,2.2906,3.9628,4.2,3.008,0.13289,1.9549,2.3376,3.9958,0.83743,1.9644,4.1172,1.1748,2.5728,4.2145,3.5194,2.8535,6.0822,1.5327,1.6175,3.2869,0.3224,2.2974,3.4072,5.1397,2.9898,1.0796,0.5583,2.7838,3.2549,1.2657,2.5065,2.9773,2.1415,2.1518,4.9801,1.4748,2.0938,4.3504,1.5253,1.6224,3.2876,1.3807,2.9297,3.3653,0.45185,2.4501,2.7203,0.92499,2.4539,3.0005,0.22167,2.6179,3.3403,1.6122,2.2565,4.1257,0.44772,2.4471,2.7133,1.0483,2.1699,3.6594,1.3945,1.8079,4.2926,0.3245,2.2992,3.4082,1.5286,1.6172,3.2869,0.44756,2.4506,2.7173,2.9829,2.8698,5.9011,2.007,2.598,4.0357,1.9709,2.1777,4.5882,2.6327,2.7746,5.2722,1.8902,1.9648,3.9036,1.2947,1.816,3.6884,2.1437,2.1541,4.9813,1.402,2.6572,4.0088,1.1049,3.0858,2.947,4.6922,2.9853,0.41557,1.2552,2.6841,4.3317,1.9041,1.9577,3.8859,1.2453,2.6366,2.8638,0.36066,2.7733,2.9534,0.93828,2.8899,4.1311,0.57277,2.5216,2.5795,0.69743,1.9339,2.9908,0.54803,2.3955,3.43,1.5675,2.1755,4.2282,1.2576,2.6862,4.3362,0.63327,1.9494,3.116,1.9792,1.8965,3.8186,1.1938,1.8465,3.6458,2.4621,2.7228,4.9819,1.3771,1.5244,4.172,1.3898,2.1562,3.1748,0.63679,1.9489,3.1156,0.46121,2.4502,2.5673,1.6138,2.2543,4.1282,2.4603,2.7221,4.9827,0.63506,1.9503,3.1138,1.565,1.714,3.3275,0.52103,3.0397,2.435,0.57298,2.5212,2.5821,2.9089,2.7436,5.8894,6.1749,2.8641,2.5412,4.6792,2.9888,0.40033,2.3463,2.4076,3.7531,0.87123,3.0813,3.6543,1.438,2.2557,3.5624,0.84269,3.0793,3.6259,2.3686,2.2378,3.81,1.1924,1.846,3.6448,2.4259,2.3378,4.5594,2.5823,2.6273,4.0305,1.2617,2.6838,4.3379,1.8911,1.9619,3.9043,1.125,2.7955,3.6505,2.449,2.4852,5.0903,1.6049,2.6208,3.2994,2.1685,2.1871,4.1022,0.78738,1.9028,3.3722,2.3472,2.4099,3.7525,2.3481,2.4118,3.7538,2.1852,1.8887,4.9028,2.6448,2.2903,4.7927,2.3664,2.2395,3.8102,1.3811,1.5864,3.8354,2.4622,2.7203,4.9853,1.8907,1.9625,3.9048,0.77915,2.1418,3.962,1.6011,1.8335,4.2583,2.4623,2.7221,4.9855,1.4457,2.389,3.261,5.9271,2.8808,2.2063,1.8587,1.8002,3.4761,1.9747,3.0232,4.2981,2.014,1.9505,4.7538,1.0995,2.5795,4.2714,1.8827,2.1512,4.8613,1.6131,1.8022,3.9666,1.6046,2.0104,3.3927,1.0121,2.7756,3.5617,0.91066,2.8317,3.8088,1.3792,2.3908,3.8442,1.1219,2.7968,3.6471,1.8378,1.796,4.0933,0.9128,2.461,2.7729,1.9105,2.0691,4.3856,0.072405,2.796,2.8379,1.0859,1.9605,4.2606,0.94783,2.3368,3.0098,1.6333,2.3956,4.587,0.97919,2.0879,2.8344,0.74365,1.9996,2.7429,1.6125,1.8018,3.9685,0.91408,2.4601,2.7744,1.3805,1.5866,3.8366,2.7709,2.5898,4.6365,1.0851,2.1381,3.6264,1.1208,2.7989,3.6493,1.9761,1.9873,4.4774,1.0834,1.9623,4.259,1.8532,1.651,3.4504,1.6623,2.481,3.9992,2.1125,2.5544,4.923,2.1549,2.3811,3.7097,1.1857,3.0738,3.4178,1.4466,1.4667,4.2323,0.61848,2.9998,3.6138,1.6246,1.7513,4.2336,0.74468,1.9982,2.7426,0.6901,2.1943,3.9439,2.6886,2.6028,4.5377,1.9925,2.128,3.4392,1.383,2.9213,3.5371,1.082,2.1933,3.6346,2.5317,1.9999,4.4699,1.491,1.7349,4.4226,1.6092,2.5915,3.5824,2.0627,2.2883,4.0729,2.7098,2.3732,5.01,0.44474,2.5313,2.9578
10.386,0.041729,287.26,4.7935,0.017496,809.65,1.518,1.8351,4.1685,1.2787,2.227,4.2252,1.2258,1.9851,4.2329,2.4956,2.6596,4.3019,0.8574,2.0584,4.224,1.5194,2.4891,3.893,3.0192,2.8393,5.8342,1.2226,1.9872,4.2344,1.7456,1.7111,4.2461,1.2795,2.2273,4.2311,0.85493,2.0625,4.2147,2.9013,2.8348,4.5121,5.6923,2.7706,1.4475,1.2473,2.8325,3.6319,0.95294,2.1462,3.0214,2.4867,2.0562,4.4531,1.4711,1.6737,3.9059,0.65908,2.5752,3.8792,2.0074,1.7631,3.4769,1.0791,2.4412,3.0711,0.26241,2.2875,3.5491,1.7837,1.6739,3.3889,2.12,2.8189,4.4256,1.7861,1.6734,3.3925,1.4753,1.6694,3.9099,0.39485,2.1368,3.1986,2.0409,2.3606,4.3932,1.4741,1.6691,3.2006,0.82884,1.8808,2.7667,3.0149,2.8412,5.8254,2.0078,1.7651,3.4789,1.0064,2.7179,2.8815,1.8183,2.5877,4.0049,0.63186,1.8738,2.7946,1.0715,2.4429,3.0597,1.8978,1.9138,4.4958,1.6801,1.6909,3.8954,0.5102,2.2005,3.7469,1.1936,2.4323,3.7826,0.99963,2.0672,3.2632,2.5547,2.3034,4.3017,2.0732,2.1565,4.6846,1.4789,1.6737,3.9139,1.8952,1.9177,4.4955,1.4914,2.1756,3.2668,0.81918,2.0877,3.1799,2.4202,2.3744,4.3208,1.9442,2.5994,4.8852,1.9321,2.5964,4.8721,2.5516,2.3027,4.2997,1.288,2.4904,3.9429,1.6903,2.2329,4.2995,2.0563,3.058,3.9974,0.51027,2.4696,2.4822,1.5403,2.0578,4.6082,2.0703,3.0616,4.0146,0.38564,2.3769,3.4297,1.6607,1.6264,4.082,0.70887,2.0272,3.0943,2.2435,2.2431,4.6489,0.63904,2.6126,3.0123,1.0,2.0708,3.2639,0.12973,2.8907,1.9715,1.9966,1.9876,4.5941,2.5514,2.3043,4.3015,2.6681,2.3343,5.1932,2.1218,2.8093,4.4248,1.0799,1.8437,3.9498,4.6213,2.9914,0.50695,0.88524,2.1209,3.0509,1.3069,2.0976,4.271,1.0559,2.089,3.4921,2.2977,2.7499,4.5661,1.7026,1.5974,4.1564,1.1504,2.5543,3.0727,0.75333,2.4284,3.7674,2.0572,1.9233,3.7336,1.5961,2.4395,3.4662,1.6565,2.526,3.6069,1.6554,1.6723,4.2501,2.0908,2.8027,4.5663,2.101,2.8024,4.5738,3.3609,2.7804,6.1219,1.7028,1.5964,4.1565,1.707,2.0043,3.4526,2.1206,2.9365,4.917,1.1525,2.5549,3.0798,2.6346,2.4466,4.985,1.0273,2.6048,4.0654,1.5984,2.4372,3.4671,1.1797,1.8007,4.0998,1.6615,1.6234,4.0826,1.7053,2.0039,3.4503,0.28071,2.9452,3.3293,2.8781,2.2924,4.5712,1.3171,1.9506,4.206,1.2562,2.6826,3.3339,1.4601,2.4564,3.3427,1.8431,1.9795,3.7213,1.9496,2.3451,3.9949,1.0933,2.2836,3.1866,2.5394,2.0462,5.1487,1.2427,2.6853,3.3166,1.4566,2.4604,3.3379,0.29177,2.9465,3.339,0.67573,1.8114,2.9044,1.6983,2.0232,4.4273,1.4678,1.8578,4.122,5.5291,2.9007,1.8426,0.81857,2.1212,2.7826,1.0248,2.6072,4.0645,2.1604,2.5247,3.622,2.6312,2.4419,4.9805,2.809,2.7037,4.5272,2.1592,2.527,4.531,2.3491,2.1031,4.1973,0.76716,1.9944,3.3461,0.33867,2.4716,2.8939,0.60365,2.1411,3.7128,2.385,2.503,4.4332,0.76077,2.4632,2.8619,1.2548,1.5827,4.2878,1.7008,2.0072,3.4508,6.2195,2.6889,2.0322,3.2287,2.9376,6.2226,0.75573,2.458,2.8682,1.6599,1.6343,4.0862,1.4955,1.8669,3.1817,0.74769,2.4619,2.8567,2.1679,2.3469,4.9498,1.1486,2.562,3.0744,1.0046,1.9646,3.5032,0.52584,1.9797,3.258,1.7018,2.0073,3.4485,2.3881,2.082,4.199,2.1472,2.155,4.9824,1.2887,1.7467,3.804,0.684,1.9785,2.756,2.1471,2.1571,4.9854,2.3217,2.1886,4.4676,1.5677,2.2993,3.9632,4.2182,3.0028,0.14885,1.9546,2.3423,3.997,0.83561,1.964,4.1175,1.1811,2.5766,4.2179,3.5338,2.8511,6.0968,1.5338,1.6183,3.2878,0.31757,2.2978,3.4001,5.1434,2.9853,1.0824,0.56462,2.7817,3.2627,1.2707,2.5077,2.9816,2.1425,2.1482,4.9756,1.4771,2.0918,4.354,1.5254,1.6236,3.2894,1.3846,2.9292,3.3671,0.45942,2.4488,2.7302,0.92151,2.4532,3.0006,0.22211,2.6175,3.3396,1.6143,2.261,4.1287,0.45763,2.4453,2.7211,1.0471,2.1748,3.6563,1.3943,1.8067,4.292,0.32323,2.3005,3.4052,1.5281,1.617,3.2876,0.45429,2.4493,2.7266,2.9979,2.8695,5.9183,2.0024,2.5945,4.0342,1.9746,2.1797,4.5918,2.6214,2.7739,5.2608,1.8912,1.9614,3.901,1.2958,1.8109,3.6901,2.1464,2.1528,4.981,1.4007,2.6532,4.0062,1.095,3.0853,2.9357,4.6964,2.9814,0.41786,1.2573,2.686,4.3326,1.9053,1.956,3.8875,1.2488,2.6376,2.8675,0.37701,2.7715,2.9726,0.94163,2.891,4.134,0.5812,2.523,2.5855,0.69514,1.9409,2.9839,0.54953,2.3969,3.4277,1.568,2.1762,4.2323,1.2687,2.6898,4.345,0.62746,1.9537,3.108,1.9807,1.8927,3.8172,1.194,1.8444,3.6482,2.4456,2.7194,4.9613,1.377,1.5309,4.1688,1.3878,2.1565,3.1732,0.63479,1.9536,3.1077,0.46475,2.4491,2.5712,1.6159,2.2601,4.1319,2.4471,2.7182,4.9683,0.63167,1.9556,3.1045,1.5667,1.7141,3.3287,0.52449,3.0408,2.4355,0.57813,2.5226,2.5858,2.9169,2.7439,5.8994,6.1808,2.8665,2.5498,4.6791,2.9861,0.39777,2.3404,2.403,3.7444,0.90466,3.0792,3.6914,1.431,2.2636,3.5555,0.86076,3.0778,3.6476,2.3673,2.2373,3.8052,1.1924,1.8414,3.6469,2.4254,2.339,4.5615,2.5789,2.631,4.0328,1.2669,2.6828,4.3419,1.8916,1.9552,3.9,1.1313,2.7892,3.6564,2.4398,2.4825,5.0777,1.6023,2.6165,3.304,2.1678,2.1891,4.1031,0.78726,1.9042,3.3707,2.343,2.4092,3.7472,2.3422,2.4106,3.7455,2.1894,1.8954,4.9087,2.6406,2.2889,4.7918,2.3645,2.24,3.8069,1.3814,1.5876,3.8372,2.4469,2.7176,4.9678,1.8915,1.9568,3.9008,0.7783,2.1407,3.9688,1.6006,1.8292,4.2575,2.4503,2.719,4.9723,1.4464,2.3873,3.2621,5.9308,2.8823,2.2119,1.857,1.7987,3.4797,1.9676,3.017,4.2889,2.0176,1.9518,4.7602,1.1044,2.5796,4.2761,1.8877,2.152,4.863,1.6128,1.7955,3.966,1.605,2.0106,3.3891,1.0201,2.7684,3.5688,0.91771,2.8277,3.815,1.385,2.3967,3.8471,1.1245,2.7909,3.6484,1.8356,1.7876,4.0919,0.91428,2.4605,2.7759,1.9124,2.0712,4.3883,0.083059,2.794,2.8489,1.0839,1.9593,4.2611,0.95205,2.3335,3.0169,1.6356,2.3954,4.5875,0.97882,2.0846,2.8377,0.74212,1.9989,2.7414,1.6115,1.7948,3.9681,0.91668,2.4591,2.7796,1.3786,1.5863,3.8371,2.7673,2.5887,4.6327,1.0856,2.1401,3.6249,1.1241,2.794,3.6516,1.9762,1.9867,4.4791,1.0801,1.9621,4.2582,1.8539,1.6518,3.4512,1.6627,2.4845,3.9997,2.1146,2.5525,4.9214,2.152,2.3823,3.706,1.1923,3.0716,3.4235,1.4476,1.4678,4.2303,0.62233,2.9989,3.6191,1.6235,1.7469,4.2318,0.74385,1.9984,2.7418,0.69141,2.1944,3.9454,2.6869,2.6024,4.5374,1.9952,2.1265,3.4375,1.386,2.9152,3.5385,1.0821,2.1977,3.6316,2.5332,2.0021,4.473,1.4899,1.7341,4.4225,1.6048,2.5894,3.5818,2.0623,2.2927,4.0747,2.7041,2.37,5.0042,0.44848,2.5309,2.9624
10.386,0.041729,287.26,4.7935,0.026243,813.38,1.5142,1.8343,4.1648,1.2786,2.2283,4.2268,1.2221,1.9836,4.2332,2.492,2.6569,4.3001,0.85742,2.0556,4.2294,1.5187,2.4942,3.8928,3.0287,2.8397,5.8468,1.2177,1.9863,4.2349,1.744,1.7062,4.2445,1.282,2.228,4.2369,0.85298,2.063,4.2147,2.9089,2.8344,4.5157,5.6787,2.7656,1.4327,1.2544,2.8234,3.6387,0.9494,2.1467,3.0207,2.489,2.0609,4.4597,1.47,1.6715,3.9069,0.65886,2.5794,3.8743,2.0091,1.7637,3.4801,1.0837,2.4367,3.083,0.25523,2.2893,3.5387,1.7821,1.6748,3.3904,2.1026,2.8135,4.4073,1.7858,1.6763,3.3945,1.4738,1.665,3.913,0.39416,2.1403,3.1937,2.0462,2.3663,4.3998,1.4738,1.6723,3.2014,0.8267,1.8864,2.7617,3.0198,2.8412,5.8328,2.0097,1.7682,3.4821,1.0072,2.7195,2.8842,1.8189,2.5871,4.008,0.63304,1.8778,2.7924,1.0707,2.4406,3.0644,1.8986,1.9138,4.4984,1.6808,1.687,3.8952,0.51064,2.1997,3.7492,1.1924,2.4438,3.779,0.99414,2.0739,3.2565,2.5628,2.3085,4.3123,2.0779,2.1634,4.6919,1.4796,1.6727,3.9168,1.8945,1.9186,4.4978,1.4929,2.18,3.2663,0.81564,2.0943,3.1727,2.4219,2.3778,4.3263,1.9424,2.5971,4.8795,1.9261,2.5973,4.8633,2.5566,2.3076,4.3087,1.2886,2.4939,3.9395,1.6935,2.2341,4.3043,2.0473,3.0537,3.9864,0.51795,2.4693,2.4893,1.5382,2.0599,4.6099,2.0633,3.0576,4.0056,0.38023,2.3796,3.4224,1.6603,1.6227,4.0812,0.70807,2.0317,3.0908,2.2438,2.2456,4.651,0.64823,2.6074,3.0235,0.99557,2.0775,3.2575,0.12674,2.8908,1.9667,1.9986,1.9901,4.5993,2.5563,2.3097,4.31,2.6602,2.331,5.1863,2.103,2.7981,4.4059,1.0806,1.8381,3.9538,4.6241,2.9843,0.50844,0.88323,2.123,3.0479,1.308,2.0956,4.2762,1.0554,2.0906,3.491,2.2834,2.7451,4.5499,1.7038,1.5948,4.1545,1.1566,2.5511,3.0777,0.75658,2.4309,3.7662,2.0593,1.9186,3.7282,1.5923,2.4418,3.4631,1.6514,2.5297,3.6051,1.6522,1.6664,4.2501,2.075,2.7956,4.5493,2.0894,2.7948,4.5612,3.3669,2.7787,6.1273,1.705,1.593,4.1542,1.7105,2.0034,3.4522,2.1114,2.935,4.9084,1.1584,2.5525,3.0877,2.6318,2.4464,4.9816,1.0313,2.6059,4.066,1.5951,2.4379,3.4649,1.1753,1.8038,4.0972,1.6619,1.6176,4.0813,1.7079,2.0028,3.4486,0.27641,2.9433,3.3262,2.8836,2.2926,4.5786,1.3163,1.9503,4.2067,1.2626,2.6775,3.3447,1.4567,2.4551,3.342,1.8447,1.9749,3.7169,1.9483,2.353,3.9967,1.09,2.2843,3.1846,2.5393,2.043,5.1475,1.2444,2.682,3.3214,1.4513,2.4609,3.3351,0.29364,2.9456,3.3405,0.67423,1.8148,2.8972,1.6965,2.0196,4.4328,1.4677,1.8526,4.1245,5.5207,2.8999,1.8351,0.81835,2.12,2.7854,1.0273,2.6097,4.0641,2.1661,2.5246,3.6222,2.6247,2.4397,4.9724,2.8151,2.7017,4.5324,2.1561,2.5245,4.5276,2.3492,2.104,4.1998,0.76801,1.9985,3.3432,0.34865,2.469,2.9039,0.60346,2.1414,3.7125,2.3844,2.4966,4.4359,0.77025,2.4614,2.8704,1.2541,1.5828,4.2878,1.6998,2.0085,3.4501,0.019935,2.6884,2.0212,3.2414,2.9369,6.2263,0.76549,2.4526,2.8824,1.6597,1.6347,4.0847,1.4964,1.8694,3.1809,0.75186,2.4593,2.8635,2.1673,2.3466,4.9451,1.1524,2.5618,3.0789,1.0065,1.9653,3.5029,0.52152,1.9802,3.2595,1.703,2.0079,3.4465,2.3893,2.0839,4.2011,2.1511,2.1553,4.9847,1.2878,1.7411,3.8072,0.68517,1.9793,2.7566,2.1515,2.1595,4.989,2.3248,2.1919,4.4737,1.5684,2.3084,3.9638,4.236,2.9975,0.16477,1.9544,2.3471,3.9982,0.83406,1.9635,4.1182,1.1876,2.5803,4.2217,3.5484,2.8484,6.1114,1.5349,1.6194,3.2887,0.31259,2.2981,3.3929,5.1471,2.9807,1.0857,0.57013,2.7795,3.2695,1.2758,2.5089,2.9861,2.1433,2.1446,4.9711,1.4795,2.0896,4.3575,1.5255,1.6246,3.2911,1.388,2.9286,3.369,0.46685,2.4473,2.7402,0.91671,2.4529,2.9992,0.22291,2.6168,3.3394,1.6167,2.2652,4.1318,0.46741,2.4433,2.729,1.0455,2.18,3.653,1.3939,1.8056,4.2913,0.32206,2.3021,3.4023,1.5277,1.6167,3.2882,0.46092,2.4476,2.736,3.0132,2.8692,5.9356,1.998,2.5915,4.0325,1.9783,2.1815,4.5951,2.6099,2.7734,5.249,1.8921,1.9581,3.8981,1.2966,1.8056,3.692,2.1492,2.1513,4.9802,1.3996,2.6498,4.0036,1.0846,3.0849,2.9241,4.7014,2.9775,0.4214,1.26,2.6879,4.3342,1.9064,1.9543,3.8891,1.2524,2.6384,2.8715,0.39358,2.7692,2.992,0.94646,2.8919,4.1384,0.59015,2.5245,2.5922,0.69311,1.9477,2.9775,0.55065,2.3982,3.4252,1.5685,2.1768,4.2365,1.2806,2.6932,4.3546,0.62166,1.9573,3.1,1.982,1.889,3.8157,1.1941,1.8423,3.6507,2.4294,2.7157,4.9406,1.3768,1.5371,4.1655,1.3859,2.1567,3.172,0.63285,1.9582,3.1,0.46806,2.448,2.575,1.6182,2.2659,4.1357,2.4346,2.7143,4.9543,0.62822,1.9607,3.0952,1.5687,1.7143,3.3299,0.52749,3.0418,2.4356,0.58342,2.5242,2.5895,2.9246,2.7443,5.9091,6.1866,2.8688,2.5582,4.6797,2.9833,0.39635,2.3345,2.3982,3.7354,0.93567,3.0769,3.7258,1.4236,2.2717,3.5486,0.8768,3.0762,3.6667,2.3656,2.2367,3.8003,1.1922,1.8369,3.649,2.4253,2.3401,4.5633,2.5747,2.6346,4.0345,1.2721,2.6819,4.3457,1.8918,1.9485,3.8956,1.137,2.783,3.6616,2.4312,2.4798,5.0655,1.5996,2.6126,3.3088,2.1671,2.1913,4.1038,0.78709,1.906,3.3689,2.3385,2.4085,3.7416,2.3359,2.4094,3.7368,2.1933,1.9019,4.9146,2.6372,2.2877,4.791,2.3626,2.2404,3.8036,1.3817,1.5895,3.839,2.4319,2.7144,4.9505,1.8921,1.9513,3.897,0.77776,2.1395,3.9756,1.6001,1.8252,4.2567,2.439,2.7158,4.9597,1.4468,2.3856,3.2629,5.9351,2.8841,2.2179,1.8553,1.7975,3.4835,1.9596,3.0107,4.2788,2.0214,1.9533,4.7667,1.1095,2.5798,4.2814,1.8925,2.1527,4.8643,1.6126,1.7887,3.9655,1.6052,2.0111,3.3857,1.0271,2.7615,3.5747,0.92444,2.824,3.8204,1.3906,2.4025,3.8502,1.1269,2.7853,3.649,1.8334,1.7792,4.0904,0.91564,2.4601,2.7789,1.9148,2.0737,4.3914,0.093805,2.7917,2.8596,1.0821,1.958,4.262,0.95591,2.3303,3.0239,1.638,2.3952,4.5881,0.9785,2.0813,2.8413,0.74058,1.9977,2.7404,1.6103,1.7878,3.9676,0.91911,2.458,2.7846,1.3766,1.5862,3.8377,2.7641,2.5874,4.6296,1.0859,2.1425,3.6231,1.1271,2.7894,3.6537,1.9762,1.986,4.4808,1.0772,1.9615,4.2581,1.8546,1.6523,3.452,1.6631,2.4878,4.0003,2.1169,2.5505,4.9199,2.149,2.3834,3.7022,1.1992,3.0693,3.4295,1.4486,1.4686,4.2282,0.62635,2.9979,3.6245,1.6227,1.7424,4.2299,0.74313,1.9984,2.7413,0.69283,2.1946,3.947,2.685,2.6017,4.537,1.9976,2.1248,3.4353,1.3893,2.9092,3.5405,1.0819,2.2021,3.6285,2.5346,2.0045,4.4763,1.4887,1.7332,4.4226,1.6001,2.5876,3.5811,2.0619,2.2971,4.0764,2.6992,2.3669,4.9988,0.45238,2.5305,2.9669
10.386,0.041729,287.26,4.7935,0.034991,813.12,1.5104,1.8333,4.161,1.2784,2.2296,4.2282,1.2184,1.9821,4.2336,2.4881,2.6542,4.2983,0.8574,2.053,4.2346,1.518,2.4992,3.8927,3.0383,2.84,5.8595,1.2128,1.9853,4.2354,1.7427,1.7013,4.243,1.2844,2.2287,4.2428,0.85116,2.0634,4.2149,2.9164,2.8339,4.5196,5.6657,2.7605,1.4185,1.2611,2.8145,3.6451,0.94588,2.1471,3.02,2.4914,2.0657,4.4665,1.4689,1.6695,3.9081,0.65868,2.5836,3.8695,2.0108,1.7641,3.4832,1.0878,2.4324,3.0945,0.24789,2.2909,3.5281,1.7806,1.6756,3.3919,2.0861,2.8081,4.3896,1.7856,1.6791,3.3965,1.4723,1.6608,3.9162,0.39353,2.1438,3.1889,2.0516,2.3718,4.4064,1.4734,1.6755,3.2021,0.82464,1.8916,2.7569,3.0246,2.8413,5.84,2.0116,1.7713,3.4853,1.0081,2.7211,2.8867,1.8197,2.5867,4.0111,0.63431,1.8819,2.7905,1.0696,2.4384,3.0688,1.8995,1.9138,4.5011,1.6814,1.6829,3.8952,0.51113,2.1989,3.7516,1.191,2.455,3.7752,0.98853,2.0806,3.2499,2.5711,2.3136,4.3232,2.0827,2.1702,4.6992,1.4804,1.672,3.9196,1.8938,1.9195,4.5,1.4943,2.1842,3.2657,0.81179,2.1011,3.1655,2.4238,2.3813,4.3321,1.9409,2.5952,4.8738,1.9202,2.5982,4.8545,2.5618,2.3125,4.3181,1.2891,2.4976,3.9361,1.6967,2.2353,4.3092,2.0383,3.0494,3.9757,0.52558,2.4691,2.4964,1.536,2.062,4.6114,2.0574,3.0534,3.9979,0.3748,2.3822,3.415,1.6599,1.619,4.0803,0.70718,2.036,3.0873,2.2441,2.2479,4.6528,0.65671,2.6022,3.0341,0.99102,2.0841,3.251,0.12362,2.8909,1.9619,2.0008,1.9927,4.6046,2.5613,2.315,4.3188,2.6522,2.3275,5.1791,2.0853,2.7866,4.3882,1.0814,1.8323,3.958,4.6264,2.9771,0.50958,0.88119,2.1248,3.0453,1.3091,2.0938,4.2814,1.0548,2.0921,3.4899,2.2694,2.7403,4.5341,1.7053,1.5922,4.1527,1.1629,2.5481,3.0826,0.75977,2.4333,3.765,2.0613,1.9139,3.7229,1.5883,2.4439,3.4598,1.6463,2.5333,3.6035,1.6491,1.6606,4.25,2.0598,2.7883,4.533,2.0783,2.7871,4.5491,3.3729,2.777,6.1325,1.7073,1.5893,4.1519,1.714,2.0025,3.4519,2.1024,2.9337,4.9,1.164,2.5503,3.0951,2.6292,2.4462,4.978,1.0354,2.6069,4.0664,1.5916,2.4387,3.4626,1.1709,1.8067,4.0946,1.6623,1.612,4.0799,1.7105,2.0016,3.4471,0.27263,2.9415,3.3236,2.889,2.2928,4.5859,1.3154,1.9501,4.2075,1.2684,2.6726,3.355,1.4532,2.4538,3.3411,1.8462,1.9703,3.7125,1.9471,2.3609,3.9985,1.0867,2.285,3.1828,2.5392,2.0398,5.1463,1.246,2.6786,3.3263,1.4461,2.4613,3.3324,0.29529,2.9446,3.3419,0.67263,1.8181,2.8902,1.6946,2.0159,4.4383,1.4676,1.8475,4.1269,5.5126,2.899,1.828,0.81819,2.1188,2.7882,1.0296,2.6122,4.0636,2.1719,2.5245,3.6225,2.6182,2.4374,4.9645,2.8213,2.6998,4.5377,2.1533,2.5221,4.5243,2.3493,2.105,4.2024,0.76884,2.0029,3.3403,0.35844,2.4664,2.9138,0.60321,2.1417,3.7121,2.3837,2.4903,4.4387,0.77954,2.4598,2.8788,1.2533,1.5829,4.2877,1.6986,2.01,3.4494,0.12479,2.6879,2.0101,3.2541,2.9359,5.9778,0.77484,2.4471,2.8964,1.6595,1.635,4.0834,1.4973,1.8719,3.18,0.75573,2.4567,2.8701,2.1667,2.3462,4.9404,1.1562,2.5616,3.0832,1.0082,1.9661,3.5026,0.51707,1.9808,3.2611,1.7042,2.0085,3.4445,2.3906,2.0858,4.2033,2.1551,2.1556,4.9869,1.2867,1.7356,3.8105,0.68642,1.9801,2.7574,2.1559,2.1617,4.9926,2.328,2.1952,4.4798,1.5691,2.3174,3.9644,4.2527,2.9921,0.1797,1.9543,2.3518,3.9996,0.83253,1.9629,4.1189,1.1943,2.5842,4.2257,3.5626,2.8457,6.1257,1.5359,1.6205,3.2897,0.30754,2.2985,3.3857,5.1505,2.9761,1.0886,0.57518,2.7773,3.2758,1.2808,2.5102,2.9906,2.1443,2.141,4.9667,1.4817,2.0874,4.3611,1.5255,1.6255,3.2928,1.3915,2.9281,3.3708,0.47427,2.4458,2.7502,0.9117,2.4527,2.9976,0.22375,2.6159,3.3392,1.619,2.2693,4.1348,0.47702,2.4415,2.7368,1.044,2.1853,3.6496,1.3934,1.8045,4.2905,0.32094,2.3036,3.3994,1.5273,1.6163,3.2889,0.46749,2.446,2.7455,3.0288,2.8687,5.9531,1.9938,2.5889,4.0309,1.982,2.1831,4.5983,2.5982,2.7728,5.2367,1.8928,1.9546,3.8952,1.2973,1.8003,3.6939,2.1517,2.1498,4.9793,1.3987,2.6465,4.0011,1.0734,3.0845,2.9116,4.7067,2.9734,0.42525,1.2629,2.6896,4.3358,1.9077,1.9526,3.8906,1.2561,2.6393,2.8756,0.41003,2.7668,3.0111,0.95181,2.8927,4.1433,0.59924,2.526,2.599,0.69117,1.9543,2.9714,0.5515,2.3994,3.4227,1.5689,2.1772,4.2406,1.2926,2.6966,4.3644,0.61587,1.9609,3.0922,1.9833,1.8852,3.8143,1.194,1.8402,3.6531,2.4136,2.7115,4.9201,1.3765,1.5432,4.1621,1.3842,2.1568,3.1708,0.6309,1.9627,3.0925,0.47123,2.4469,2.5788,1.6206,2.2716,4.1397,2.4224,2.7102,4.9405,0.62466,1.9656,3.0859,1.5705,1.7145,3.3312,0.53003,3.0428,2.4353,0.58868,2.5257,2.5934,2.9325,2.7448,5.919,6.1924,2.8711,2.5665,4.6807,2.9806,0.39531,2.3287,2.3934,3.7265,0.96421,3.0746,3.7575,1.4162,2.2798,3.5415,0.89124,3.0748,3.6842,2.3641,2.2361,3.7956,1.1919,1.8324,3.651,2.4254,2.3413,4.5648,2.5704,2.6384,4.036,1.2773,2.6811,4.3496,1.8921,1.9416,3.8912,1.1423,2.7767,3.6665,2.4229,2.4772,5.0535,1.5971,2.6086,3.3138,2.1665,2.1934,4.1045,0.78689,1.9077,3.3673,2.3341,2.4078,3.736,2.3295,2.4082,3.7282,2.1973,1.9084,4.9205,2.634,2.2865,4.7903,2.3608,2.241,3.8003,1.3821,1.5913,3.8407,2.4173,2.7111,4.9336,1.8927,1.9459,3.8931,0.77736,2.1381,3.9825,1.5995,1.8212,4.2558,2.4281,2.7126,4.9473,1.4472,2.3842,3.2636,5.9398,2.8858,2.2243,1.8539,1.7963,3.4873,1.9516,3.0043,4.2687,2.0256,1.9548,4.7733,1.1146,2.58,4.2866,1.8972,2.1533,4.8654,1.6124,1.782,3.9649,1.6054,2.0118,3.3823,1.0336,2.7546,3.58,0.93089,2.8204,3.8253,1.3961,2.4081,3.8533,1.129,2.7799,3.6494,1.8314,1.771,4.0891,0.91693,2.4597,2.7816,1.9173,2.0762,4.3945,0.10445,2.7895,2.8699,1.0803,1.9566,4.263,0.95955,2.3272,3.0308,1.6403,2.395,4.5887,0.97816,2.0779,2.845,0.73907,1.9963,2.7397,1.6091,1.7807,3.9672,0.9215,2.457,2.7895,1.3747,1.5859,3.8383,2.7611,2.586,4.6268,1.0861,2.1449,3.6214,1.1301,2.7849,3.6559,1.9763,1.9852,4.4823,1.0746,1.9607,4.2583,1.8554,1.6527,3.4529,1.6635,2.4912,4.0008,2.1193,2.5485,4.9185,2.146,2.3847,3.6983,1.206,3.0671,3.4352,1.4495,1.4692,4.2261,0.63007,2.9968,3.6296,1.622,1.738,4.2281,0.74248,1.9981,2.7409,0.69423,2.1948,3.9484,2.683,2.6008,4.5364,1.9998,2.1231,3.433,1.3925,2.9032,3.5425,1.0816,2.2065,3.6253,2.536,2.0067,4.4796,1.4873,1.7322,4.4227,1.5955,2.5861,3.5803,2.0613,2.3013,4.0781,2.6948,2.364,4.9938,0.45634,2.5301,2.9714
10.386,0.041729,287.26,4.7935,0.043739,812.15,1.5067,1.8322,4.1572,1.2784,2.231,4.2296,1.2148,1.9804,4.234,2.4842,2.6515,4.2965,0.85735,2.0504,4.2397,1.5173,2.5042,3.8925,3.048,2.84,5.8723,1.2079,1.9843,4.2359,1.7414,1.6963,4.2413,1.2869,2.2293,4.2487,0.84941,2.0637,4.2152,2.9241,2.8334,4.5236,5.6528,2.7552,1.4048,1.2675,2.8056,3.6511,0.94239,2.1474,3.0194,2.4938,2.0706,4.4734,1.4678,1.6673,3.9093,0.65842,2.5877,3.8646,2.0125,1.7646,3.4864,1.0912,2.4281,3.1053,0.24028,2.2925,3.5171,1.7791,1.6763,3.3934,2.0705,2.8026,4.3725,1.7854,1.6817,3.3984,1.4707,1.6565,3.9192,0.39297,2.1472,3.1843,2.0569,2.3772,4.4128,1.4729,1.6787,3.2028,0.82267,1.8966,2.7525,3.0294,2.8413,5.8473,2.0137,1.7742,3.4885,1.0089,2.7226,2.8893,1.8205,2.5864,4.0142,0.63563,1.8859,2.7886,1.0683,2.4362,3.0731,1.9003,1.9138,4.5039,1.6819,1.6789,3.8953,0.51169,2.1979,3.7541,1.1896,2.4659,3.7717,0.98287,2.0871,3.2434,2.5796,2.3186,4.3344,2.0876,2.1768,4.7064,1.4813,1.6716,3.9225,1.8933,1.9205,4.5024,1.496,2.1885,3.2652,0.80771,2.1079,3.1582,2.4259,2.3848,4.338,1.9394,2.5933,4.8679,1.9145,2.599,4.8456,2.5673,2.3175,4.3279,1.2896,2.5012,3.9327,1.7,2.2363,4.3142,2.0297,3.045,3.9654,0.53325,2.4689,2.5036,1.5336,2.0641,4.6128,2.0522,3.0491,3.991,0.36937,2.3847,3.4078,1.6594,1.6154,4.0795,0.70623,2.0402,3.0839,2.2443,2.25,4.6544,0.6647,2.5971,3.0444,0.98642,2.0905,3.2447,0.12043,2.8909,1.9569,2.0031,1.9954,4.61,2.5667,2.3205,4.3281,2.6441,2.3239,5.1718,2.0688,2.7748,4.3717,1.0822,1.8265,3.9621,4.6285,2.9696,0.5105,0.87915,2.1265,3.0427,1.3103,2.0919,4.2865,1.0542,2.0938,3.4887,2.256,2.7354,4.5188,1.7067,1.5896,4.1508,1.1691,2.545,3.0876,0.76291,2.4357,3.7638,2.0633,1.9093,3.7176,1.5844,2.4461,3.4565,1.6415,2.5367,3.6021,1.646,1.655,4.2499,2.0451,2.7808,4.517,2.0676,2.7792,4.5376,3.3789,2.7752,6.1376,1.7098,1.5857,4.1494,1.7176,2.0016,3.4517,2.0937,2.9323,4.8919,1.1694,2.5481,3.1022,2.6267,2.4459,4.9746,1.0393,2.6079,4.0668,1.5881,2.4394,3.4604,1.1664,1.8094,4.0922,1.6628,1.6067,4.0785,1.7131,2.0006,3.4455,0.26907,2.9397,3.3211,2.8942,2.2929,4.593,1.3145,1.9499,4.2082,1.2738,2.6678,3.3648,1.4496,2.4526,3.3404,1.8477,1.9655,3.7081,1.9461,2.3688,4.0004,1.0835,2.2855,3.181,2.5392,2.0367,5.1452,1.2477,2.6752,3.3314,1.4409,2.4617,3.3297,0.29679,2.9437,3.3431,0.67095,1.8214,2.8832,1.6926,2.0121,4.4438,1.4675,1.8423,4.1292,5.5046,2.8982,1.8209,0.81801,2.1176,2.791,1.032,2.6148,4.063,2.1777,2.5244,3.6227,2.6119,2.435,4.9566,2.8276,2.6978,4.5431,2.1507,2.5198,4.521,2.3494,2.1062,4.2051,0.7696,2.0073,3.3373,0.36812,2.4637,2.9237,0.60291,2.142,3.7118,2.3829,2.4842,4.4414,0.78877,2.4581,2.8872,1.2526,1.5829,4.2876,1.6974,2.0115,3.4487,6.202,2.6873,1.9989,3.2666,2.935,0.69626,0.78373,2.4415,2.9101,1.6592,1.6352,4.082,1.4982,1.8744,3.1791,0.75934,2.4541,2.8764,2.166,2.3459,4.9357,1.1598,2.5616,3.0875,1.0101,1.9668,3.5023,0.51245,1.9813,3.263,1.7053,2.009,3.4425,2.3919,2.0878,4.2057,2.1591,2.1559,4.9891,1.2856,1.7301,3.8137,0.6877,1.9808,2.7582,2.1602,2.1638,4.996,2.3314,2.1983,4.4859,1.5698,2.3263,3.965,4.2685,2.9868,0.19373,1.9541,2.3566,4.0009,0.83099,1.9622,4.1195,1.2011,2.588,4.2296,3.5765,2.843,6.1397,1.5369,1.6217,3.2906,0.30247,2.2988,3.3785,5.1533,2.9716,1.0911,0.57993,2.7751,3.2817,1.2858,2.5114,2.9949,2.1453,2.1376,4.9625,1.4838,2.085,4.3647,1.5255,1.6264,3.2945,1.3951,2.9276,3.3725,0.48174,2.4441,2.7603,0.90681,2.4524,2.9962,0.22458,2.6151,3.3389,1.6213,2.2734,4.1377,0.48651,2.4396,2.7447,1.0423,2.1908,3.6461,1.3929,1.8033,4.2897,0.31987,2.3051,3.3966,1.5269,1.6158,3.2896,0.47407,2.4443,2.755,3.0442,2.8682,5.9707,1.9897,2.5865,4.0293,1.9856,2.1845,4.6015,2.5861,2.7722,5.2241,1.8934,1.951,3.8923,1.2979,1.795,3.6958,2.1543,2.1483,4.9783,1.3978,2.6434,3.9987,1.0615,3.0843,2.8987,4.712,2.9693,0.42922,1.2658,2.6913,4.3375,1.9089,1.9509,3.8922,1.2598,2.6402,2.8797,0.42626,2.7643,3.0299,0.95741,2.8932,4.1485,0.60844,2.5277,2.6058,0.68931,1.9606,2.9655,0.55224,2.4006,3.4202,1.5692,2.1773,4.2446,1.3047,2.6997,4.3743,0.61006,1.9643,3.0844,1.9845,1.8814,3.8129,1.194,1.8382,3.6555,2.3981,2.7074,4.9,1.3761,1.549,4.1585,1.3825,2.157,3.1696,0.62894,1.9673,3.0851,0.47435,2.4457,2.5825,1.6232,2.2775,4.1437,2.4104,2.7059,4.9268,0.62097,1.9706,3.0765,1.5724,1.7148,3.3325,0.53231,3.0438,2.4348,0.59385,2.5274,2.597,2.9405,2.7453,5.929,6.1983,2.8733,2.575,4.6819,2.9779,0.39455,2.323,2.3885,3.7175,0.99075,3.0721,3.7873,1.4085,2.288,3.5343,0.90478,3.0734,3.7007,2.3624,2.2355,3.7908,1.1916,1.8278,3.6531,2.4256,2.3425,4.5664,2.566,2.642,4.0375,1.2825,2.6804,4.3532,1.8923,1.9346,3.8868,1.1475,2.7705,3.671,2.4151,2.4746,5.0417,1.5947,2.6046,3.3189,2.166,2.1956,4.1053,0.78663,1.9095,3.3656,2.3297,2.4073,3.7304,2.3232,2.407,3.7195,2.2014,1.9147,4.9263,2.6311,2.2854,4.7898,2.3591,2.2415,3.7971,1.3824,1.593,3.8425,2.403,2.7077,4.9168,1.8932,1.9406,3.8893,0.77701,2.1368,3.9892,1.5989,1.8173,4.255,2.4175,2.7095,4.9353,1.4476,2.3828,3.2641,5.9447,2.8875,2.2311,1.8525,1.7951,3.491,1.9437,2.998,4.2588,2.0299,1.9565,4.7798,1.1196,2.58,4.2916,1.9017,2.154,4.8663,1.6122,1.7753,3.9643,1.6057,2.0125,3.3791,1.0395,2.748,3.5848,0.93706,2.8168,3.83,1.4014,2.4134,3.8565,1.1311,2.7746,3.6496,1.8293,1.7628,4.0877,0.91818,2.4594,2.784,1.9198,2.0787,4.3977,0.11509,2.787,2.8802,1.0786,1.9553,4.2639,0.96291,2.3243,3.0372,1.6427,2.3949,4.5895,0.97775,2.0746,2.8483,0.7376,1.9949,2.7392,1.6081,1.7738,3.9668,0.92381,2.456,2.7943,1.3728,1.5856,3.8389,2.7583,2.5847,4.6243,1.0863,2.1475,3.6195,1.1332,2.7804,3.6581,1.9765,1.9845,4.4839,1.072,1.9598,4.2586,1.8563,1.6532,3.4538,1.664,2.4943,4.0013,2.1217,2.5466,4.9172,2.1431,2.386,3.6945,1.2127,3.0649,3.441,1.4504,1.4699,4.224,0.63339,2.9958,3.6343,1.6214,1.7336,4.2264,0.74187,1.9978,2.7405,0.69561,2.195,3.9499,2.681,2.5999,4.5359,2.002,2.1214,3.4308,1.3957,2.8972,3.5446,1.0811,2.2111,3.622,2.5374,2.0091,4.4829,1.486,1.7313,4.4228,1.5912,2.5847,3.5797,2.0608,2.3056,4.0798,2.6907,2.3612,4.9891,0.46031,2.5297,2.9759
10.386,0.041729,287.26,4.7935,0.052487,810.87,1.5031,1.831,4.1535,1.2784,2.2322,4.2311,1.2111,1.9788,4.2344,2.4803,2.6488,4.2947,0.85726,2.048,4.2446,1.5165,2.5089,3.8923,3.0579,2.84,5.8851,1.203,1.9831,4.2363,1.7401,1.6914,4.2396,1.2893,2.2298,4.2547,0.84772,2.0639,4.2156,2.9318,2.8329,4.5277,5.6404,2.7497,1.3915,1.2736,2.7969,3.6569,0.93892,2.1476,3.0187,2.4965,2.0757,4.4805,1.4666,1.6653,3.9105,0.65809,2.5916,3.8595,2.0143,1.765,3.4894,1.0941,2.424,3.1155,0.23239,2.294,3.5058,1.7775,1.6769,3.3949,2.0554,2.797,4.3562,1.7852,1.6843,3.4004,1.4691,1.6524,3.9222,0.3925,2.1506,3.1798,2.062,2.3822,4.4189,1.4725,1.6818,3.2036,0.82079,1.9013,2.7484,3.0343,2.8413,5.8546,2.0159,1.777,3.4916,1.0097,2.7241,2.8919,1.8213,2.5862,4.0174,0.63698,1.8897,2.787,1.0669,2.4342,3.0771,1.9011,1.9137,4.5066,1.6824,1.6751,3.8953,0.51235,2.1969,3.7567,1.1884,2.4763,3.7685,0.97719,2.0934,3.2369,2.5884,2.3235,4.3458,2.0925,2.1831,4.7135,1.4823,1.6714,3.9255,1.8929,1.9216,4.5048,1.4978,2.1926,3.2647,0.80341,2.1146,3.1507,2.4281,2.3883,4.344,1.938,2.5915,4.862,1.9089,2.5998,4.8368,2.5732,2.3225,4.338,1.29,2.5049,3.9293,1.7035,2.2375,4.3191,2.0215,3.0405,3.9554,0.54095,2.4688,2.5107,1.5309,2.0663,4.614,2.0476,3.0448,3.9847,0.36395,2.3871,3.4007,1.6589,1.612,4.0786,0.70524,2.0443,3.0806,2.2444,2.252,4.6559,0.6723,2.5918,3.0545,0.98186,2.0966,3.2384,0.11721,2.8909,1.952,2.0056,1.9983,4.6157,2.5724,2.3262,4.3378,2.636,2.3203,5.1643,2.0532,2.7629,4.3562,1.083,1.8206,3.9663,4.6305,2.962,0.51126,0.87714,2.1283,3.0401,1.3113,2.0899,4.2914,1.0535,2.0955,3.4875,2.2431,2.7305,4.5039,1.7082,1.5871,4.1489,1.1752,2.542,3.0924,0.76602,2.4381,3.7626,2.0653,1.9048,3.7125,1.5804,2.4483,3.4532,1.6368,2.54,3.6009,1.6428,1.6495,4.2498,2.0308,2.773,4.5015,2.0573,2.7712,4.5265,3.385,2.7734,6.1427,1.7123,1.5821,4.1469,1.7211,2.0007,3.4516,2.0852,2.9309,4.8839,1.1746,2.546,3.109,2.6242,2.4457,4.9711,1.0432,2.6087,4.0671,1.5847,2.4402,3.4582,1.1619,1.812,4.0899,1.6632,1.6015,4.0771,1.7157,1.9996,3.4439,0.26565,2.9378,3.3186,2.8995,2.2929,4.6,1.3135,1.9497,4.209,1.2788,2.6632,3.3742,1.4462,2.4515,3.3397,1.8493,1.9608,3.7038,1.9451,2.3766,4.0025,1.0802,2.2861,3.1792,2.5392,2.0337,5.1442,1.2495,2.672,3.3365,1.4357,2.4621,3.3271,0.29814,2.9427,3.3442,0.66921,1.8246,2.8762,1.6905,2.0083,4.4491,1.4673,1.8371,4.1314,5.4965,2.8974,1.8138,0.8178,2.1166,2.7936,1.0342,2.6174,4.0624,2.1835,2.5244,3.6228,2.6056,2.4327,4.9488,2.834,2.6958,4.5486,2.1483,2.5178,4.518,2.3496,2.1075,4.2079,0.77028,2.0119,3.3342,0.3777,2.4611,2.9334,0.60256,2.1422,3.7114,2.3821,2.4783,4.4441,0.79796,2.4565,2.8955,1.2519,1.5829,4.2872,1.696,2.0129,3.4479,6.2459,2.6866,1.9874,3.2788,2.9339,3.2153,0.79216,2.436,2.9234,1.659,1.6353,4.0806,1.499,1.8768,3.1782,0.76274,2.4517,2.8824,2.1654,2.3456,4.931,1.1634,2.5616,3.0916,1.0119,1.9676,3.5019,0.50768,1.9817,3.2649,1.7063,2.0095,3.4405,2.3932,2.0898,4.2082,2.163,2.1561,4.9911,1.2843,1.7247,3.8168,0.689,1.9816,2.759,2.1645,2.1659,4.9992,2.3347,2.2015,4.492,1.5706,2.3352,3.9656,4.2835,2.9813,0.20696,1.9541,2.3615,4.0022,0.82944,1.9616,4.1201,1.2079,2.5918,4.2335,3.59,2.8403,6.1534,1.5379,1.6229,3.2916,0.29742,2.299,3.3714,5.1557,2.9669,1.0931,0.58445,2.7729,3.2875,1.2906,2.5126,2.9992,2.1465,2.1342,4.9585,1.4858,2.0824,4.3682,1.5255,1.6272,3.2962,1.3986,2.927,3.3743,0.48924,2.4425,2.7705,0.90212,2.452,2.9949,0.22538,2.6143,3.3387,1.6236,2.2775,4.1408,0.4959,2.4377,2.7526,1.0405,2.1965,3.6424,1.3925,1.8023,4.2888,0.31884,2.3066,3.3938,1.5265,1.6153,3.2903,0.48065,2.4426,2.7645,3.0596,2.8676,5.9883,1.9857,2.5842,4.0277,1.9893,2.1859,4.6045,2.5737,2.7715,5.211,1.894,1.9472,3.8894,1.2985,1.7895,3.6978,2.1569,2.1468,4.9775,1.397,2.6404,3.9963,1.0492,3.0842,2.8854,4.7173,2.9652,0.43323,1.2689,2.6929,4.3393,1.91,1.9492,3.8938,1.2635,2.6412,2.8838,0.4422,2.7617,3.0483,0.96319,2.8935,4.1539,0.6177,2.5294,2.6125,0.6875,1.9667,2.9597,0.55296,2.4016,3.4177,1.5696,2.1773,4.2486,1.3167,2.7027,4.3842,0.60425,1.9676,3.0763,1.9857,1.8778,3.8117,1.194,1.8361,3.6579,2.383,2.7031,4.8803,1.3755,1.5546,4.1548,1.3807,2.157,3.1685,0.62697,1.9718,3.0778,0.47741,2.4447,2.5862,1.6261,2.2834,4.1478,2.3986,2.7016,4.9133,0.61717,1.9757,3.0672,1.5743,1.7149,3.3338,0.53431,3.0446,2.434,0.59889,2.529,2.6005,2.9488,2.7457,5.9394,6.2044,2.8754,2.5836,4.6832,2.9752,0.39404,2.3175,2.3836,3.7085,1.0153,3.0696,3.815,1.4007,2.2963,3.5271,0.9175,3.072,3.7164,2.3608,2.2349,3.7861,1.1912,1.8231,3.6553,2.4258,2.3437,4.5679,2.5617,2.6455,4.0391,1.2876,2.6798,4.3568,1.8925,1.9275,3.8825,1.1523,2.7645,3.6753,2.4075,2.472,5.03,1.5923,2.6007,3.3242,2.1654,2.1979,4.1063,0.78629,1.9113,3.3638,2.3253,2.4067,3.7247,2.3169,2.4058,3.711,2.2055,1.9208,4.9322,2.6283,2.2842,4.7893,2.3573,2.2422,3.7939,1.3826,1.5947,3.8443,2.3889,2.704,4.9003,1.8938,1.9351,3.8855,0.77672,2.1355,3.9959,1.5983,1.8132,4.2542,2.4071,2.7063,4.9233,1.448,2.3816,3.2645,5.95,2.8892,2.2382,1.8511,1.7941,3.4947,1.9359,2.9915,4.2491,2.0343,1.9582,4.7863,1.1245,2.5802,4.2966,1.9062,2.1547,4.8671,1.6121,1.7688,3.9637,1.6059,2.0133,3.376,1.045,2.7416,3.5892,0.94297,2.8134,3.8342,1.4069,2.4186,3.8598,1.1331,2.7695,3.6498,1.8273,1.7547,4.0864,0.91939,2.4592,2.7864,1.9223,2.0813,4.401,0.12573,2.7845,2.8905,1.0769,1.9541,4.2647,0.96605,2.3215,3.0434,1.6451,2.3948,4.5903,0.97727,2.0715,2.8515,0.73619,1.9936,2.7387,1.6069,1.767,3.9664,0.92603,2.4552,2.799,1.3708,1.5853,3.8395,2.7559,2.5834,4.6221,1.0865,2.1501,3.6175,1.1362,2.776,3.6602,1.9766,1.9838,4.4855,1.0694,1.9589,4.2589,1.8572,1.6535,3.4547,1.6644,2.4973,4.0017,2.124,2.5447,4.9159,2.1403,2.3872,3.6906,1.2193,3.0629,3.4467,1.4514,1.4705,4.2219,0.63626,2.9948,3.6385,1.6209,1.7292,4.2246,0.74129,1.9975,2.7403,0.69696,2.1954,3.9513,2.6792,2.5989,4.5354,2.0041,2.1197,3.4287,1.3987,2.8913,3.5466,1.0806,2.2157,3.6186,2.5388,2.0115,4.4863,1.4847,1.7303,4.4229,1.5869,2.5833,3.5792,2.0604,2.3097,4.0816,2.6869,2.3586,4.9845,0.46424,2.5294,2.9803
10.386,0.041729,287.26,4.7935,0.061235,809.37,1.4993,1.8295,4.1499,1.2785,2.2334,4.2326,1.2075,1.977,4.2347,2.4765,2.6461,4.293,0.85713,2.0457,4.2493,1.5158,2.5134,3.8921,3.0679,2.8399,5.8982,1.1981,1.982,4.2367,1.7388,1.6864,4.2378,1.2918,2.2303,4.2606,0.84608,2.0642,4.2161,2.9396,2.8324,4.532,5.6283,2.7443,1.3785,1.2793,2.7883,3.6623,0.93545,2.1479,3.018,2.4992,2.0809,4.4879,1.4655,1.6633,3.9118,0.6577,2.5953,3.8544,2.016,1.7654,3.4924,1.0964,2.42,3.1252,0.22428,2.2956,3.4943,1.776,1.6774,3.3964,2.0411,2.7914,4.3404,1.7852,1.6867,3.4023,1.4677,1.6485,3.9251,0.39211,2.1538,3.1756,2.067,2.3869,4.4249,1.4719,1.6848,3.2043,0.81898,1.9057,2.7446,3.0392,2.8413,5.8619,2.0182,1.7798,3.4947,1.0104,2.7257,2.8943,1.8222,2.5862,4.0206,0.63838,1.8935,2.7855,1.0653,2.4321,3.081,1.9019,1.9135,4.5094,1.6829,1.6714,3.8955,0.5131,2.1958,3.7596,1.1873,2.4862,3.7656,0.9715,2.0994,3.2306,2.5974,2.3284,4.3573,2.0974,2.1893,4.7206,1.4834,1.6714,3.9284,1.8926,1.9227,4.5072,1.4996,2.1965,3.2642,0.7989,2.1215,3.143,2.4304,2.3917,4.3501,1.9365,2.5899,4.8559,1.9034,2.6006,4.828,2.5794,2.3275,4.3487,1.2905,2.5085,3.9259,1.7071,2.2387,4.3241,2.0136,3.0359,3.9458,0.54861,2.4688,2.5178,1.5281,2.0686,4.615,2.0436,3.0403,3.9789,0.35858,2.3894,3.3936,1.6585,1.6087,4.0778,0.70421,2.0482,3.0773,2.2446,2.2538,4.6573,0.67954,2.5866,3.0644,0.97733,2.1026,3.2324,0.11395,2.8907,1.9471,2.0085,2.0014,4.6213,2.5784,2.3318,4.3479,2.6279,2.3166,5.1568,2.0388,2.7508,4.3418,1.0838,1.8147,3.9704,4.6324,2.9543,0.51188,0.87515,2.1299,3.0378,1.3124,2.0881,4.2963,1.0528,2.0971,3.4864,2.2305,2.7255,4.4895,1.7098,1.5845,4.147,1.1813,2.539,3.0972,0.76911,2.4403,3.7613,2.0673,1.9002,3.7075,1.5763,2.4505,3.4499,1.6322,2.543,3.6,1.6397,1.6442,4.2496,2.0172,2.7651,4.4864,2.0476,2.7631,4.5157,3.3911,2.7716,6.1479,1.7148,1.5785,4.1443,1.7247,1.9998,3.4514,2.077,2.9296,4.8761,1.1795,2.544,3.1156,2.6219,2.4455,4.9676,1.047,2.6096,4.0673,1.5811,2.441,3.4561,1.1573,1.8143,4.0876,1.6637,1.5967,4.0758,1.7184,1.9986,3.4425,0.26239,2.936,3.3163,2.9046,2.2928,4.6069,1.3125,1.9494,4.2097,1.2834,2.6588,3.3832,1.4428,2.4504,3.339,1.8509,1.9559,3.6995,1.9441,2.3843,4.0047,1.077,2.2866,3.1774,2.5392,2.0309,5.1432,1.2511,2.6688,3.3416,1.4305,2.4626,3.3246,0.29932,2.9416,3.3451,0.66741,1.8277,2.8692,1.6883,2.0044,4.4544,1.4672,1.8321,4.1337,5.4886,2.8965,1.8067,0.81756,2.1156,2.7961,1.0363,2.62,4.0617,2.1892,2.5242,3.6227,2.5995,2.4302,4.941,2.8406,2.6938,4.5542,2.146,2.5157,4.5152,2.3497,2.1088,4.2108,0.77087,2.0166,3.3308,0.38716,2.4584,2.9431,0.6022,2.1425,3.7109,2.3812,2.4726,4.4469,0.8071,2.4547,2.9037,1.2512,1.5829,4.2868,1.6945,2.0144,3.4471,6.2218,2.6859,1.9757,3.2909,2.9329,5.9203,0.80011,2.4305,2.9364,1.6587,1.6355,4.0792,1.4999,1.8793,3.1773,0.76593,2.4492,2.8882,2.1648,2.3453,4.9263,1.1668,2.5616,3.0957,1.0137,1.9683,3.5015,0.50273,1.9822,3.2669,1.7074,2.01,3.4383,2.3944,2.0919,4.2107,2.1669,2.1562,4.9931,1.283,1.7194,3.8199,0.69029,1.9821,2.7598,2.1686,2.1678,5.0023,2.338,2.2046,4.4982,1.5714,2.344,3.9661,4.2975,2.9758,0.21945,1.954,2.3664,4.0036,0.82786,1.9611,4.1205,1.2148,2.5957,4.2374,3.6032,2.8376,6.1667,1.5389,1.624,3.2925,0.29241,2.2992,3.3642,5.1576,2.9621,1.0948,0.58873,2.7706,3.293,1.2954,2.5137,3.0034,2.1478,2.1308,4.9546,1.4879,2.0795,4.3718,1.5256,1.6279,3.2978,1.4021,2.9265,3.3759,0.49675,2.4408,2.7808,0.89762,2.4515,2.9939,0.22612,2.6134,3.3383,1.626,2.2815,4.1439,0.50516,2.4359,2.7603,1.0385,2.2023,3.6386,1.392,1.8012,4.2879,0.31786,2.3081,3.3911,1.5262,1.6147,3.291,0.48719,2.441,2.774,3.075,2.8669,6.0057,1.9816,2.5821,4.0262,1.9929,2.1873,4.6075,2.561,2.7708,5.1976,1.8945,1.9433,3.8865,1.299,1.7842,3.6997,2.1594,2.1452,4.9766,1.3963,2.6375,3.9941,1.0364,3.084,2.8715,4.7226,2.961,0.43727,1.2719,2.6945,4.3411,1.9112,1.9474,3.8954,1.2671,2.6421,2.8878,0.45775,2.759,3.0663,0.96917,2.8937,4.1595,0.62698,2.5312,2.6193,0.68578,1.9728,2.9542,0.55367,2.4026,3.4154,1.5699,2.1771,4.2524,1.3286,2.7055,4.3942,0.59846,1.9708,3.0682,1.9867,1.8742,3.8105,1.1938,1.834,3.6604,2.3685,2.6987,4.8611,1.3748,1.56,4.151,1.379,2.157,3.1675,0.625,1.9764,3.0706,0.48043,2.4436,2.5898,1.629,2.2895,4.1519,2.387,2.6972,4.9,0.61327,1.9807,3.0577,1.5761,1.7151,3.3351,0.536,3.0455,2.4329,0.60382,2.5308,2.6039,2.9574,2.7459,5.9498,6.2106,2.8774,2.5923,4.6848,2.9725,0.39375,2.3121,2.3786,3.6996,1.0379,3.0669,3.8409,1.3927,2.3045,3.5199,0.92944,3.0706,3.7313,2.3592,2.2344,3.7814,1.1908,1.8184,3.6576,2.4261,2.3448,4.5693,2.5574,2.649,4.0407,1.2927,2.6792,4.3604,1.8928,1.9203,3.8782,1.1569,2.7584,3.6793,2.4001,2.4693,5.0185,1.59,2.5969,3.3296,2.165,2.2002,4.1073,0.7859,1.9133,3.3618,2.3208,2.406,3.7189,2.3105,2.4045,3.7024,2.2096,1.9268,4.938,2.6256,2.2832,4.7889,2.3556,2.2429,3.7909,1.383,1.5963,3.8461,2.3751,2.7004,4.8841,1.8944,1.9297,3.8817,0.77646,2.134,4.0027,1.5977,1.8093,4.2533,2.3969,2.7031,4.9115,1.4483,2.3804,3.2649,5.9556,2.8908,2.2455,1.8499,1.7931,3.4983,1.9285,2.9849,4.2395,2.0388,1.9598,4.7927,1.1293,2.5803,4.3015,1.9106,2.1554,4.8679,1.6121,1.7624,3.9632,1.6063,2.0141,3.373,1.0501,2.7354,3.5933,0.94863,2.8102,3.8381,1.4122,2.4235,3.863,1.1351,2.7645,3.6499,1.8253,1.7466,4.0851,0.92058,2.459,2.7887,1.925,2.084,4.4042,0.13634,2.782,2.9007,1.0753,1.9528,4.2656,0.96897,2.3188,3.0493,1.6476,2.3948,4.5912,0.97675,2.0685,2.8546,0.73486,1.9922,2.7384,1.6059,1.7602,3.966,0.92818,2.4543,2.8036,1.3687,1.5849,3.84,2.7536,2.5821,4.62,1.0865,2.1528,3.6154,1.1391,2.7715,3.6624,1.9766,1.9831,4.487,1.067,1.958,4.2593,1.8581,1.6539,3.4556,1.6648,2.5001,4.0022,2.1265,2.5429,4.9147,2.1375,2.3885,3.6869,1.2259,3.0607,3.4523,1.4523,1.471,4.2198,0.63869,2.9939,3.6422,1.6206,1.7248,4.223,0.74076,1.9971,2.7401,0.69828,2.1957,3.9527,2.6772,2.598,4.5349,2.0063,2.1181,3.4267,1.4017,2.8854,3.5487,1.08,2.2204,3.615,2.5402,2.0138,4.4899,1.4834,1.7293,4.4231,1.5828,2.5819,3.5787,2.0599,2.3138,4.0834,2.6832,2.356,4.9802,0.46812,2.529,2.9847
10.386,0.041729,287.26,4.7935,0.069983,807.82,1.4956,1.828,4.1464,1.2786,2.2346,4.2341,1.2038,1.9753,4.235,2.4727,2.6435,4.2914,0.85696,2.0436,4.2539,1.515,2.5179,3.8918,3.0781,2.8396,5.9113,1.1932,1.9807,4.2371,1.7377,1.6816,4.236,1.2941,2.2308,4.2666,0.84448,2.0645,4.2166,2.9474,2.8318,4.5363,5.6164,2.7387,1.3661,1.2847,2.7798,3.6673,0.93202,2.1482,3.0173,2.5021,2.0862,4.4954,1.4644,1.6613,3.9129,0.65723,2.599,3.8492,2.0178,1.7657,3.4955,1.0982,2.4161,3.1342,0.2159,2.2971,3.4823,1.7744,1.6777,3.3979,2.0275,2.7859,4.3252,1.7851,1.6891,3.4043,1.4664,1.6447,3.9279,0.39181,2.1569,3.1715,2.0718,2.3913,4.4307,1.4714,1.6879,3.205,0.81727,1.9099,2.741,3.0441,2.8413,5.8693,2.0207,1.7824,3.4978,1.0112,2.7272,2.8966,1.8231,2.5863,4.0239,0.63981,1.8972,2.7841,1.0636,2.43,3.0847,1.9028,1.9134,4.5123,1.6833,1.6679,3.8958,0.51396,2.1947,3.7627,1.1863,2.4955,3.7631,0.96582,2.1053,3.2244,2.6066,2.3331,4.369,2.1023,2.1953,4.7275,1.4846,1.6717,3.9313,1.8923,1.9239,4.5097,1.5016,2.2004,3.2638,0.79422,2.1282,3.1353,2.4329,2.3949,4.3561,1.9352,2.5884,4.8496,1.898,2.6014,4.8191,2.5858,2.3325,4.3596,1.2908,2.5119,3.9225,1.7107,2.2398,4.3292,2.0062,3.0313,3.9368,0.55626,2.4688,2.5249,1.5251,2.0711,4.6159,2.04,3.0357,3.9737,0.35325,2.3915,3.3868,1.6581,1.6056,4.0769,0.70315,2.0521,3.0741,2.2446,2.2555,4.6584,0.68643,2.5813,3.0741,0.97287,2.1084,3.2264,0.11069,2.8905,1.9423,2.0115,2.0045,4.6272,2.5847,2.3375,4.3583,2.6199,2.3129,5.1491,2.0252,2.7386,4.3282,1.0846,1.8087,3.9746,4.6341,2.9464,0.5124,0.87318,2.1316,3.0355,1.3135,2.0863,4.301,1.052,2.0988,3.4851,2.2184,2.7205,4.4756,1.7114,1.582,4.1451,1.1873,2.536,3.1018,0.77217,2.4425,3.7601,2.0694,1.8958,3.7026,1.5722,2.4525,3.4466,1.6278,2.5459,3.5993,1.6366,1.639,4.2493,2.0039,2.7568,4.4718,2.0381,2.7548,4.5054,3.3972,2.7698,6.153,1.7173,1.575,4.1417,1.7282,1.9989,3.4514,2.069,2.9282,4.8687,1.1842,2.5421,3.1218,2.6195,2.4453,4.9642,1.0507,2.6104,4.0674,1.5777,2.4418,3.454,1.1528,1.8165,4.0853,1.6642,1.5921,4.0745,1.7211,1.9975,3.4412,0.25925,2.9342,3.314,2.9097,2.2925,4.6136,1.3115,1.9491,4.2105,1.2875,2.6547,3.3918,1.4395,2.4495,3.3384,1.8526,1.951,3.6952,1.9433,2.392,4.0071,1.0739,2.2871,3.1756,2.5393,2.0281,5.1424,1.2529,2.6656,3.3468,1.4254,2.4629,3.3221,0.30036,2.9407,3.3459,0.66557,1.8308,2.8624,1.6858,2.0005,4.4596,1.4672,1.827,4.1357,5.4806,2.8956,1.7997,0.81729,2.1147,2.7985,1.0382,2.6225,4.0608,2.1945,2.524,3.6223,2.5934,2.4278,4.9333,2.8472,2.6917,4.5599,2.1438,2.5138,4.5124,2.35,2.1103,4.214,0.77136,2.0214,3.3272,0.39648,2.4557,2.9527,0.6018,2.1427,3.7104,2.3801,2.467,4.4497,0.81622,2.453,2.9119,1.2504,1.5829,4.2864,1.693,2.0158,3.4462,6.2131,2.685,1.964,3.3029,2.9317,0.063497,0.80753,2.4249,2.9489,1.6584,1.6355,4.0778,1.5008,1.8818,3.1764,0.76891,2.4467,2.8938,2.1643,2.345,4.9217,1.1702,2.5616,3.0997,1.0155,1.9691,3.5011,0.49764,1.9826,3.2692,1.7085,2.0105,3.4363,2.3958,2.0941,4.2134,2.1707,2.1565,4.995,1.2817,1.7141,3.8229,0.69159,1.9827,2.7607,2.1727,2.1697,5.0053,2.3414,2.2077,4.5043,1.5722,2.3525,3.9666,4.3109,2.9702,0.23129,1.954,2.3712,4.0051,0.82627,1.9606,4.1209,1.2217,2.5995,4.2413,3.6159,2.8349,6.1797,1.54,1.6251,3.2936,0.28746,2.2992,3.3572,5.1589,2.9574,1.0961,0.5928,2.7683,3.2981,1.3001,2.5148,3.0075,2.1492,2.1276,4.951,1.4898,2.0766,4.3753,1.5256,1.6284,3.2996,1.4055,2.9261,3.3776,0.50427,2.4391,2.7911,0.89333,2.4511,2.993,0.22679,2.6126,3.3379,1.6283,2.2855,4.1471,0.51428,2.4341,2.7681,1.0365,2.2082,3.6346,1.3916,1.8001,4.2868,0.3169,2.3096,3.3886,1.5259,1.614,3.2917,0.49369,2.4393,2.7834,3.0902,2.8661,6.0231,1.9776,2.5799,4.0248,1.9965,2.1884,4.6106,2.548,2.7699,5.1839,1.8951,1.9393,3.8836,1.2995,1.7788,3.7017,2.1619,2.1436,4.9757,1.3957,2.6347,3.9918,1.0233,3.084,2.8575,4.7278,2.9566,0.44134,1.275,2.6959,4.3429,1.9123,1.9457,3.8971,1.2707,2.643,2.8918,0.47288,2.7562,3.0839,0.9753,2.8937,4.1653,0.63628,2.5331,2.626,0.68413,1.9787,2.9489,0.55442,2.4035,3.4131,1.5702,2.1768,4.2561,1.3405,2.7082,4.4041,0.5927,1.974,3.0601,1.9878,1.8707,3.8094,1.1937,1.8317,3.6629,2.3545,2.6942,4.8426,1.374,1.5653,4.1472,1.3773,2.1569,3.1664,0.62303,1.981,3.0635,0.4834,2.4425,2.5935,1.632,2.2955,4.156,2.3757,2.6927,4.8868,0.60931,1.9856,3.0482,1.5779,1.7153,3.3363,0.53739,3.0465,2.4315,0.60858,2.5326,2.607,2.9662,2.7461,5.9606,6.217,2.8793,2.6012,4.6865,2.9699,0.39369,2.3069,2.3734,3.6906,1.0587,3.0642,3.8647,1.3847,2.3127,3.5127,0.94069,3.0693,3.7455,2.3577,2.2339,3.7768,1.1905,1.8136,3.6599,2.4264,2.3459,4.5707,2.5529,2.6523,4.0424,1.2977,2.6786,4.3637,1.8931,1.9129,3.874,1.1612,2.7525,3.683,2.3931,2.4667,5.0073,1.5877,2.5931,3.335,2.1646,2.2026,4.1084,0.78546,1.9153,3.3598,2.3163,2.4053,3.7132,2.3043,2.4033,3.6938,2.2138,1.9327,4.9436,2.623,2.2821,4.7885,2.3539,2.2437,3.7878,1.3833,1.5978,3.848,2.3617,2.6966,4.8681,1.895,1.9243,3.8779,0.77624,2.1325,4.0095,1.5972,1.8053,4.2523,2.387,2.6998,4.8999,1.4486,2.3793,3.2652,5.9613,2.8925,2.2529,1.8488,1.792,3.5017,1.9213,2.9784,4.2303,2.0434,1.9616,4.799,1.1339,2.5804,4.3062,1.9148,2.156,4.8686,1.612,1.7561,3.9626,1.6066,2.015,3.3701,1.055,2.7294,3.5969,0.95405,2.8069,3.8416,1.4175,2.4282,3.8663,1.1369,2.7595,3.6499,1.8233,1.7387,4.0839,0.92175,2.4588,2.7909,1.9276,2.0866,4.4075,0.14694,2.7792,2.9108,1.0736,1.9516,4.2664,0.9717,2.3163,3.0549,1.6501,2.3948,4.5922,0.97616,2.0657,2.8573,0.73358,1.9908,2.7381,1.6048,1.7537,3.9657,0.93025,2.4534,2.8081,1.3667,1.5846,3.8406,2.7514,2.5809,4.6183,1.0865,2.1555,3.6133,1.1421,2.7672,3.6646,1.9767,1.9824,4.4885,1.0647,1.9569,4.2596,1.859,1.6542,3.4565,1.6652,2.5028,4.0027,2.1288,2.5412,4.9134,2.1347,2.3897,3.6831,1.2326,3.0586,3.458,1.4533,1.4716,4.2177,0.64069,2.9929,3.6455,1.6203,1.7203,4.2214,0.74026,1.9968,2.7399,0.69959,2.196,3.954,2.6753,2.5969,4.5345,2.0085,2.1163,3.4247,1.4046,2.8794,3.5508,1.0793,2.2251,3.6115,2.5417,2.0163,4.4934,1.4822,1.7283,4.4233,1.5789,2.5805,3.5784,2.0595,2.3177,4.0853,2.6798,2.3535,4.9761,0.47195,2.5287,2.9889
10.386,0.041729,287.26,4.7935,0.07873,805.62,1.492,1.8263,4.1429,1.2789,2.2358,4.2357,1.2002,1.9734,4.2352,2.469,2.6407,4.2899,0.85675,2.0415,4.2584,1.5142,2.5223,3.8916,3.0883,2.8392,5.9244,1.1883,1.9794,4.2376,1.7366,1.6766,4.2341,1.2965,2.2312,4.2727,0.84293,2.0647,4.2173,2.9552,2.8313,4.5407,5.605,2.7331,1.354,1.2897,2.7714,3.6721,0.92859,2.1484,3.0166,2.5051,2.0917,4.5031,1.4632,1.6594,3.9142,0.65674,2.6026,3.844,2.0195,1.766,3.4984,1.0995,2.4122,3.1428,0.20733,2.2986,3.4702,1.7728,1.6781,3.3993,2.0144,2.7802,4.3107,1.785,1.6913,3.4062,1.4652,1.6412,3.9307,0.39157,2.16,3.1675,2.0765,2.3956,4.4362,1.4708,1.6909,3.2056,0.81559,1.914,2.7377,3.0492,2.8412,5.8767,2.0231,1.785,3.5009,1.0118,2.7287,2.8987,1.8243,2.5864,4.0272,0.64126,1.9008,2.7829,1.0617,2.4279,3.0883,1.9036,1.9132,4.5151,1.6838,1.6644,3.8961,0.51494,2.1933,3.7658,1.1855,2.5045,3.7608,0.96011,2.1111,3.2182,2.6158,2.3378,4.3806,2.1072,2.2011,4.7345,1.4858,1.672,3.9342,1.8923,1.9252,4.5123,1.5038,2.2043,3.2633,0.78933,2.1352,3.1275,2.4353,2.3982,4.3623,1.9337,2.587,4.8432,1.8928,2.6022,4.8104,2.5928,2.3376,4.3711,1.2913,2.5155,3.9191,1.7145,2.2411,4.3344,1.9993,3.0268,3.9283,0.56372,2.4689,2.5317,1.5219,2.0735,4.6167,2.0368,3.0312,3.9689,0.34799,2.3936,3.3801,1.6576,1.6026,4.076,0.70202,2.0558,3.071,2.2445,2.2571,4.6593,0.6931,2.5759,3.0838,0.96848,2.114,3.2206,0.10739,2.8902,1.9374,2.0147,2.0079,4.633,2.5913,2.3432,4.3692,2.6119,2.3091,5.1415,2.0124,2.7263,4.3156,1.0854,1.8027,3.9788,4.6355,2.9385,0.51271,0.87124,2.1331,3.0333,1.3146,2.0844,4.3057,1.0512,2.1006,3.4838,2.2066,2.7155,4.462,1.7131,1.5793,4.1431,1.1931,2.5331,3.1062,0.77523,2.4446,3.7588,2.0714,1.8914,3.6978,1.5681,2.4545,3.4433,1.6237,2.5487,3.5989,1.6336,1.634,4.2491,1.9912,2.7483,4.4575,2.0291,2.7464,4.4956,3.4034,2.7679,6.1581,1.72,1.5715,4.139,1.7318,1.9979,3.4515,2.0612,2.9268,4.8612,1.1888,2.5402,3.1278,2.6173,2.4452,4.9607,1.0544,2.6111,4.0674,1.5742,2.4426,3.4519,1.1483,1.8186,4.0831,1.6648,1.5876,4.0732,1.7238,1.9965,3.4398,0.2563,2.9324,3.3118,2.9148,2.2923,4.62,1.3105,1.9488,4.2113,1.2915,2.6507,3.4001,1.4362,2.4486,3.3379,1.8544,1.946,3.691,1.9425,2.3996,4.0094,1.0707,2.2876,3.174,2.5393,2.0255,5.1416,1.2544,2.6628,3.3518,1.4204,2.4634,3.3197,0.30126,2.9397,3.3466,0.6637,1.8338,2.8555,1.6833,1.9966,4.4646,1.4671,1.8222,4.1377,5.4728,2.8947,1.7927,0.817,2.1138,2.8008,1.0401,2.6252,4.06,2.1987,2.5238,3.6208,2.5874,2.4254,4.9257,2.854,2.6896,4.5656,2.1418,2.5121,4.5098,2.3502,2.1119,4.2171,0.77173,2.0264,3.3234,0.40565,2.453,2.9621,0.60137,2.1429,3.7099,2.3787,2.4615,4.4523,0.82534,2.4512,2.9202,1.2496,1.583,4.2857,1.6914,2.0173,3.4454,6.202,2.684,1.9521,3.3147,2.9305,0.0092937,0.81456,2.4193,2.961,1.6582,1.6355,4.0764,1.5016,1.8843,3.1756,0.77177,2.4443,2.8992,2.1638,2.3445,4.9172,1.1735,2.5617,3.1036,1.0172,1.9699,3.5006,0.49228,1.9828,3.2716,1.7095,2.0109,3.4342,2.3972,2.0963,4.2161,2.1745,2.1566,4.9968,1.2803,1.709,3.8259,0.69287,1.9833,2.7616,2.1768,2.1716,5.0082,2.3448,2.2107,4.5104,1.5729,2.361,3.9671,4.3235,2.9646,0.24251,1.954,2.3761,4.0066,0.82467,1.96,4.1211,1.2287,2.6033,4.2454,3.6284,2.8322,6.1924,1.5411,1.6262,3.2945,0.28254,2.2993,3.3502,5.1599,2.9524,1.097,0.59666,2.766,3.303,1.3047,2.5159,3.0116,2.1507,2.1245,4.9475,1.4917,2.0734,4.3789,1.5256,1.629,3.3012,1.409,2.9256,3.3792,0.51181,2.4374,2.8014,0.8892,2.4505,2.9923,0.22737,2.6117,3.3374,1.6306,2.2893,4.1502,0.52316,2.4323,2.7757,1.0344,2.2142,3.6305,1.3911,1.7992,4.2858,0.31597,2.3111,3.3861,1.5255,1.6133,3.2925,0.50007,2.4378,2.7926,3.1053,2.8653,6.0403,1.9738,2.5779,4.0234,2.0,2.1896,4.6135,2.5347,2.769,5.1697,1.8956,1.9351,3.8807,1.3,1.7734,3.7037,2.1643,2.142,4.9748,1.3952,2.6319,3.9897,1.0096,3.084,2.8429,4.733,2.9522,0.44539,1.2783,2.6973,4.3449,1.9135,1.9438,3.8987,1.2743,2.6439,2.8958,0.48751,2.7534,3.1009,0.98166,2.8935,4.1714,0.64548,2.5351,2.6326,0.68253,1.9844,2.9439,0.55518,2.4043,3.411,1.5705,2.1761,4.2597,1.3524,2.7108,4.4141,0.58702,1.9769,3.0521,1.9889,1.8672,3.8085,1.1936,1.8295,3.6654,2.3411,2.6898,4.8247,1.373,1.5704,4.1432,1.3754,2.1569,3.1654,0.62111,1.9854,3.0565,0.48627,2.4414,2.597,1.6353,2.3016,4.1601,2.3646,2.6881,4.8739,0.60531,1.9905,3.0388,1.5796,1.7154,3.3376,0.53832,3.0474,2.4297,0.61317,2.5346,2.6098,2.9752,2.7462,5.9715,6.2234,2.8812,2.61,4.6883,2.9671,0.39383,2.3019,2.3684,3.6818,1.0775,3.0614,3.8865,1.3766,2.3206,3.5055,0.95098,3.068,3.7587,2.3563,2.2334,3.7724,1.1899,1.8087,3.6622,2.4266,2.347,4.572,2.5486,2.6556,4.0441,1.3027,2.6781,4.3671,1.8933,1.9056,3.8698,1.1654,2.7466,3.6865,2.3863,2.4641,4.9962,1.5855,2.5895,3.3406,2.1644,2.2052,4.1097,0.78496,1.9174,3.3578,2.312,2.4046,3.7075,2.2982,2.402,3.6853,2.218,1.9383,4.9492,2.6204,2.281,4.7881,2.3523,2.2445,3.785,1.3837,1.5991,3.8499,2.3487,2.6927,4.8526,1.8957,1.9189,3.8743,0.77604,2.131,4.016,1.5966,1.8013,4.2515,2.3773,2.6966,4.8885,1.4489,2.3783,3.2655,5.9671,2.8941,2.2606,1.8476,1.7911,3.5052,1.9144,2.9718,4.2215,2.0481,1.9632,4.8052,1.1385,2.5805,4.3107,1.919,2.1567,4.8692,1.612,1.7499,3.9621,1.6071,2.0158,3.3672,1.0595,2.7236,3.6003,0.95926,2.8038,3.8449,1.4227,2.4329,3.8697,1.1388,2.7546,3.6499,1.8213,1.731,4.0828,0.92287,2.4587,2.793,1.9303,2.0893,4.4108,0.1574,2.7765,2.9207,1.072,1.9504,4.2672,0.97429,2.3138,3.0604,1.6527,2.3948,4.5932,0.97556,2.063,2.86,0.73237,1.9894,2.7379,1.6037,1.7473,3.9653,0.93224,2.4525,2.8125,1.3647,1.5841,3.8412,2.7495,2.5797,4.6168,1.0865,2.1583,3.6111,1.145,2.7628,3.6667,1.9767,1.9817,4.4899,1.0624,1.956,4.26,1.8598,1.6544,3.4573,1.6656,2.5054,4.0032,2.1312,2.5393,4.9122,2.132,2.391,3.6794,1.2392,3.0565,3.4636,1.4541,1.4721,4.2156,0.64227,2.992,3.6483,1.6202,1.716,4.2198,0.73978,1.9963,2.7397,0.70084,2.1965,3.9553,2.6735,2.596,4.534,2.0106,2.1147,3.4228,1.4074,2.8736,3.5528,1.0785,2.2297,3.6079,2.5432,2.0188,4.4969,1.481,1.7275,4.4234,1.575,2.5791,3.5782,2.059,2.3217,4.0872,2.6766,2.3512,4.9722,0.47567,2.5285,2.9931
10.386,0.041729,287.26,4.7935,0.087478,803.9,1.4882,1.8246,4.1394,1.2792,2.237,4.2374,1.1965,1.9715,4.2353,2.4653,2.6381,4.2885,0.85651,2.0396,4.2628,1.5135,2.5265,3.8913,3.0986,2.8388,5.9374,1.1835,1.9779,4.238,1.7354,1.6718,4.2321,1.2987,2.2315,4.2788,0.84144,2.0648,4.218,2.963,2.8307,4.545,5.594,2.7273,1.3424,1.2944,2.7634,3.6765,0.92519,2.1485,3.0157,2.5082,2.0972,4.5109,1.4622,1.6575,3.9154,0.65617,2.6061,3.8388,2.0212,1.7662,3.5013,1.1002,2.4087,3.1506,0.19846,2.3,3.4575,1.7711,1.6781,3.4009,2.0021,2.7745,4.2968,1.785,1.6935,3.4081,1.4641,1.6376,3.9333,0.39144,2.1629,3.1637,2.081,2.3994,4.4416,1.4702,1.6938,3.2063,0.81399,1.9177,2.7346,3.0544,2.8412,5.8842,2.0257,1.7876,3.504,1.0125,2.7303,2.9009,1.8253,2.5865,4.0307,0.64273,1.9043,2.7817,1.0597,2.4259,3.0918,1.9044,1.913,4.518,1.6841,1.6612,3.8965,0.51606,2.192,3.7692,1.1848,2.5129,3.759,0.95449,2.1166,3.2123,2.6252,2.3423,4.3923,2.1121,2.2068,4.7412,1.4872,1.6725,3.9371,1.8924,1.9266,4.5149,1.5059,2.208,3.2628,0.78433,2.1419,3.1198,2.4379,2.4013,4.3687,1.9325,2.5857,4.8368,1.8878,2.6029,4.8016,2.6,2.3424,4.3829,1.2916,2.519,3.9158,1.7183,2.2423,4.3395,1.9927,3.0222,3.9201,0.57112,2.4689,2.5385,1.5186,2.0762,4.6174,2.034,3.0264,3.9644,0.34282,2.3955,3.3737,1.6572,1.5997,4.0751,0.70093,2.0594,3.0679,2.2445,2.2585,4.6601,0.69934,2.5706,3.0931,0.96423,2.1194,3.215,0.10409,2.8899,1.9326,2.0183,2.0114,4.6392,2.5982,2.3487,4.3803,2.6041,2.3055,5.1341,2.0008,2.7141,4.304,1.0861,1.7967,3.9829,4.6368,2.9305,0.51284,0.86933,2.1347,3.0312,1.3158,2.0827,4.3104,1.0502,2.1025,3.4824,2.1954,2.7106,4.449,1.7148,1.5767,4.1412,1.1989,2.5303,3.1106,0.77826,2.4467,3.7575,2.0736,1.8873,3.6931,1.5639,2.4567,3.4398,1.6197,2.5513,3.5987,1.6306,1.6291,4.249,1.979,2.7398,4.4437,2.0208,2.7381,4.4863,3.4096,2.766,6.1633,1.7227,1.568,4.1362,1.7354,1.997,3.4515,2.0537,2.9255,4.8541,1.193,2.5384,3.1336,2.6151,2.445,4.9573,1.0579,2.6118,4.0674,1.5707,2.4435,3.45,1.1436,1.8206,4.081,1.6654,1.5834,4.0719,1.7265,1.9955,3.4386,0.25343,2.9305,3.3098,2.9196,2.2919,4.6264,1.3095,1.9485,4.212,1.295,2.647,3.4079,1.4331,2.4477,3.3373,1.8563,1.941,3.6869,1.9418,2.407,4.012,1.0675,2.2881,3.1723,2.5394,2.023,5.141,1.2561,2.6601,3.357,1.4155,2.4637,3.3173,0.30205,2.9387,3.3472,0.6618,1.8367,2.8488,1.6804,1.9928,4.4694,1.4672,1.8174,4.1396,5.465,2.8938,1.7858,0.81667,2.1131,2.803,1.0419,2.6278,4.059,2.2023,2.5231,3.6189,2.5814,2.4228,4.918,2.8609,2.6874,4.5715,2.1399,2.5103,4.5072,2.3505,2.1136,4.2205,0.77196,2.0315,3.3193,0.41468,2.4504,2.9714,0.60092,2.1431,3.7094,2.3773,2.4561,4.4549,0.83443,2.4495,2.9283,1.2487,1.583,4.285,1.6898,2.0187,3.4445,6.1913,2.6829,1.9401,3.3262,2.9293,0.045207,0.82102,2.4138,2.9726,1.658,1.6355,4.0751,1.5025,1.8869,3.1747,0.77442,2.4419,2.9044,2.1632,2.3441,4.9127,1.1768,2.5618,3.1075,1.0189,1.9706,3.5002,0.4867,1.9828,3.2743,1.7104,2.0112,3.432,2.3986,2.0987,4.219,2.1781,2.1566,4.9985,1.2787,1.7039,3.8287,0.69416,1.9836,2.7625,2.1807,2.1733,5.011,2.3482,2.2136,4.5165,1.5738,2.3693,3.9677,4.3355,2.9589,0.25319,1.9541,2.381,4.0082,0.82309,1.9597,4.1212,1.2357,2.607,4.2493,3.6405,2.8294,6.2048,1.5421,1.6274,3.2955,0.27767,2.2993,3.3433,5.1608,2.9474,1.0978,0.6003,2.7638,3.3077,1.3091,2.517,3.0155,2.1524,2.1214,4.9443,1.4933,2.07,4.3824,1.5256,1.6293,3.3029,1.4125,2.925,3.3808,0.51938,2.4356,2.8118,0.88532,2.4498,2.992,0.22789,2.6108,3.3367,1.633,2.2931,4.1534,0.53185,2.4306,2.7832,1.032,2.2204,3.6262,1.3908,1.7982,4.2846,0.31507,2.3124,3.3837,1.5252,1.6125,3.2932,0.50639,2.4362,2.8019,3.12,2.8643,6.057,1.9699,2.576,4.022,2.0036,2.1906,4.6163,2.5211,2.768,5.1552,1.896,1.9308,3.8778,1.3003,1.7681,3.7057,2.1668,2.1404,4.9741,1.3947,2.6293,3.9877,0.99565,3.084,2.8281,4.7381,2.9477,0.44942,1.2816,2.6986,4.3471,1.9145,1.9421,3.9004,1.2778,2.6448,2.8999,0.50159,2.7505,3.1171,0.98815,2.8932,4.1776,0.65466,2.537,2.6391,0.68103,1.9899,2.9391,0.55601,2.405,3.4089,1.5708,2.1754,4.2632,1.3641,2.713,4.4241,0.58137,1.9798,3.0441,1.9898,1.8638,3.8076,1.1934,1.8273,3.668,2.3285,2.6853,4.8076,1.372,1.5752,4.1392,1.3737,2.1566,3.1644,0.61919,1.9899,3.0496,0.48911,2.4404,2.6006,1.6386,2.3078,4.1643,2.354,2.6836,4.8613,0.6013,1.9953,3.0295,1.5813,1.7154,3.3389,0.53904,3.0483,2.4278,0.61759,2.5365,2.6126,2.9843,2.7462,5.9824,6.23,2.8831,2.6191,4.6903,2.9645,0.39417,2.2972,2.3631,3.6731,1.0947,3.0585,3.9069,1.3685,2.3283,3.4986,0.96083,3.0668,3.7716,2.3549,2.2329,3.7679,1.1896,1.8039,3.6647,2.4268,2.348,4.5733,2.5441,2.6587,4.0457,1.3075,2.6776,4.3703,1.8935,1.8981,3.8658,1.1693,2.7409,3.6898,2.3799,2.4615,4.9853,1.5832,2.5859,3.3461,2.1641,2.2076,4.111,0.7844,1.9195,3.3555,2.3076,2.4039,3.7018,2.292,2.4007,3.6769,2.2222,1.9437,4.9546,2.6179,2.28,4.7879,2.3507,2.2454,3.7821,1.384,1.6003,3.8519,2.3361,2.6888,4.8375,1.8964,1.9135,3.8705,0.77587,2.1295,4.0227,1.596,1.7974,4.2505,2.3678,2.6933,4.8775,1.4492,2.3773,3.2657,5.9733,2.8958,2.2684,1.8466,1.7902,3.5085,1.908,2.9653,4.2129,2.0527,1.9649,4.8113,1.1428,2.5806,4.3152,1.9231,2.1575,4.8698,1.6121,1.7441,3.9615,1.6076,2.0168,3.3646,1.0636,2.7179,3.6034,0.96422,2.8008,3.848,1.4279,2.4371,3.8732,1.1406,2.7499,3.6498,1.8194,1.7235,4.0816,0.92399,2.4586,2.7951,1.9331,2.0921,4.4142,0.16783,2.7736,2.9306,1.0703,1.9492,4.268,0.97665,2.3114,3.0656,1.6553,2.3948,4.5943,0.9749,2.0602,2.8625,0.73122,1.9881,2.7378,1.6027,1.7412,3.965,0.93414,2.4518,2.8168,1.3628,1.5835,3.8418,2.7476,2.5785,4.6154,1.0864,2.161,3.6091,1.1478,2.7586,3.6689,1.9768,1.981,4.4913,1.0602,1.955,4.2605,1.8607,1.6547,3.4583,1.6659,2.5079,4.0035,2.1336,2.5376,4.9111,2.1292,2.3923,3.6758,1.2457,3.0543,3.4694,1.455,1.4727,4.2136,0.64344,2.9911,3.6506,1.6202,1.7117,4.2182,0.73933,1.9958,2.7397,0.70207,2.1969,3.9565,2.6716,2.595,4.5337,2.0128,2.113,3.4209,1.4102,2.8678,3.5547,1.0777,2.2345,3.6043,2.5446,2.0212,4.5005,1.4798,1.7266,4.4236,1.5713,2.5779,3.578,2.0587,2.3255,4.0891,2.6735,2.3491,4.9685,0.4793,2.5283,2.9971
10.386,0.041729,287.26,4.7935,0.096226,802.0,1.4845,1.8227,4.1361,1.2797,2.2381,4.2392,1.1929,1.9695,4.2354,2.4617,2.6355,4.2872,0.85623,2.0379,4.2669,1.5127,2.5305,3.8909,3.109,2.8382,5.9507,1.1786,1.9765,4.2383,1.7343,1.6668,4.2301,1.301,2.2318,4.2848,0.83998,2.065,4.2188,2.9708,2.8301,4.5494,5.5832,2.7214,1.3312,1.2987,2.7555,3.6805,0.92182,2.1486,3.0149,2.5114,2.1028,4.5189,1.461,1.6558,3.9167,0.65558,2.6094,3.8335,2.023,1.7665,3.5043,1.1005,2.4053,3.158,0.18939,2.3012,3.4447,1.7695,1.6782,3.4023,1.9904,2.7689,4.2835,1.785,1.6956,3.41,1.463,1.6344,3.9359,0.3914,2.1657,3.16,2.0853,2.4032,4.4466,1.4696,1.6968,3.207,0.81246,1.9212,2.7318,3.0596,2.8411,5.8918,2.0284,1.79,3.5071,1.0131,2.7318,2.9029,1.8265,2.5867,4.034,0.64424,1.9077,2.7807,1.0576,2.4239,3.0951,1.9053,1.9127,4.5209,1.6844,1.658,3.8968,0.51731,2.1905,3.7729,1.1845,2.5206,3.7576,0.94892,2.1219,3.2063,2.6345,2.3466,4.4038,2.1169,2.2121,4.7479,1.4885,1.673,3.94,1.8926,1.928,4.5176,1.5082,2.2117,3.2624,0.77923,2.1486,3.1119,2.4404,2.4044,4.3748,1.9311,2.5845,4.8301,1.8829,2.6036,4.793,2.6076,2.3473,4.395,1.2919,2.5223,3.9126,1.7224,2.2436,4.3447,1.9865,3.0175,3.9122,0.57842,2.469,2.5453,1.5152,2.0789,4.6178,2.0313,3.0215,3.9602,0.33774,2.3972,3.3674,1.6569,1.5969,4.0742,0.6998,2.0627,3.0648,2.2443,2.2599,4.6606,0.70526,2.5653,3.1023,0.96011,2.1246,3.2096,0.10086,2.8895,1.9277,2.0221,2.015,4.6453,2.6054,2.3542,4.3919,2.5964,2.3017,5.1267,1.9899,2.7019,4.2932,1.0869,1.7907,3.9871,4.638,2.9226,0.51295,0.86745,2.1363,3.0292,1.317,2.081,4.3149,1.0493,2.1044,3.481,2.1845,2.7055,4.4365,1.7166,1.5741,4.1392,1.2045,2.5274,3.1146,0.78129,2.4488,3.7562,2.0757,1.8831,3.6886,1.5598,2.4587,3.4365,1.6159,2.5536,3.5987,1.6277,1.6245,4.2489,1.9673,2.731,4.4304,2.0128,2.7296,4.4774,3.4157,2.7641,6.1684,1.7255,1.5646,4.1334,1.739,1.996,3.4517,2.0463,2.9242,4.847,1.1971,2.5366,3.1391,2.6128,2.4448,4.954,1.0614,2.6125,4.0673,1.5674,2.4444,3.448,1.139,1.8225,4.0788,1.666,1.5794,4.0706,1.7292,1.9945,3.4374,0.25066,2.9287,3.3076,2.9245,2.2915,4.6325,1.3085,1.9482,4.2128,1.2982,2.6435,3.4154,1.4299,2.4469,3.3369,1.8582,1.9361,3.6828,1.9411,2.4142,4.0146,1.0644,2.2884,3.1707,2.5394,2.0207,5.1405,1.2576,2.6577,3.3621,1.4105,2.4641,3.3151,0.30273,2.9376,3.3476,0.65989,1.8396,2.842,1.6775,1.9889,4.4742,1.4672,1.8127,4.1414,5.4573,2.8928,1.7789,0.81631,2.1124,2.8052,1.0436,2.6303,4.0579,2.2058,2.5223,3.6167,2.5755,2.4204,4.9104,2.8678,2.6852,4.5774,2.1381,2.5087,4.5049,2.3508,2.1155,4.2239,0.77202,2.0367,3.3151,0.42357,2.4477,2.9805,0.60045,2.1433,3.7088,2.3757,2.4509,4.4574,0.84349,2.4477,2.9364,1.2478,1.583,4.2842,1.688,2.02,3.4435,6.1802,2.6817,1.928,3.3376,2.928,0.058586,0.82693,2.4084,2.9837,1.6577,1.6354,4.0738,1.5033,1.8894,3.1738,0.7769,2.4396,2.9093,2.1629,2.3437,4.9082,1.1799,2.562,3.1113,1.0206,1.9714,3.4998,0.48089,1.9829,3.2773,1.7114,2.0115,3.4299,2.3999,2.101,4.222,2.1817,2.1567,5.0,1.2771,1.6988,3.8315,0.69545,1.9841,2.7635,2.1846,2.175,5.0136,2.3514,2.2165,4.5225,1.5746,2.3774,3.968,4.3469,2.9531,0.26341,1.9541,2.386,4.0098,0.82148,1.9592,4.1213,1.2428,2.6107,4.2534,3.6523,2.8267,6.2169,1.5432,1.6286,3.2965,0.27291,2.2992,3.3365,5.1611,2.9425,1.0983,0.60373,2.7615,3.3121,1.3135,2.518,3.0194,2.1542,2.1184,4.9412,1.4948,2.0664,4.3858,1.5256,1.6296,3.3045,1.4157,2.9246,3.3821,0.52693,2.4338,2.8224,0.88167,2.4491,2.9917,0.22834,2.61,3.336,1.6354,2.2969,4.1566,0.54034,2.429,2.7905,1.0298,2.2266,3.6218,1.3904,1.7972,4.2834,0.31422,2.3138,3.3814,1.5248,1.6116,3.294,0.51261,2.4347,2.811,3.1345,2.8633,6.0736,1.966,2.574,4.0207,2.007,2.1916,4.6192,2.5073,2.7668,5.1403,1.8965,1.9265,3.8749,1.3006,1.7629,3.7077,2.1692,2.1388,4.9733,1.3943,2.6268,3.9857,0.98133,3.0841,2.8129,4.743,2.943,0.45349,1.2849,2.6998,4.3493,1.9156,1.9403,3.9021,1.2812,2.6457,2.9039,0.51509,2.7477,3.1329,0.99481,2.8926,4.1839,0.66377,2.5391,2.6454,0.67961,1.9952,2.9346,0.55689,2.4057,3.407,1.5711,2.1745,4.2667,1.3758,2.7153,4.434,0.57583,1.9826,3.0362,1.9908,1.8606,3.8068,1.1932,1.825,3.6705,2.3165,2.681,4.7914,1.3708,1.5799,4.1352,1.3718,2.1564,3.1634,0.6173,1.9943,3.0428,0.49187,2.4394,2.604,1.642,2.3139,4.1684,2.3437,2.6789,4.8491,0.59728,2.0,3.0203,1.583,1.7155,3.3402,0.53943,3.0493,2.4255,0.62184,2.5386,2.615,2.9935,2.7461,5.9935,6.2368,2.8849,2.6282,4.6924,2.9618,0.39474,2.2927,2.358,3.6645,1.1105,3.0555,3.9258,1.3605,2.3358,3.4916,0.97008,3.0655,3.7837,2.3536,2.2325,3.7636,1.1889,1.7988,3.6672,2.427,2.3491,4.5745,2.5398,2.6618,4.0474,1.3123,2.6772,4.3734,1.8938,1.8907,3.8617,1.1731,2.7352,3.693,2.3738,2.4591,4.9749,1.5809,2.5825,3.3516,2.1638,2.2103,4.1125,0.78378,1.9217,3.3534,2.3034,2.4031,3.6959,2.286,2.3994,3.6685,2.2264,1.9488,4.9597,2.6155,2.279,4.7876,2.3491,2.2463,3.7794,1.3843,1.6015,3.8538,2.3238,2.6848,4.8228,1.8972,1.9082,3.8668,0.77573,2.1279,4.0292,1.5954,1.7935,4.2496,2.3586,2.69,4.8665,1.4495,2.3765,3.2659,5.9794,2.8974,2.2763,1.8457,1.7893,3.5118,1.9018,2.9589,4.2048,2.0574,1.9665,4.8172,1.1471,2.5806,4.3194,1.9271,2.1582,4.8702,1.6121,1.7383,3.9611,1.6081,2.0178,3.362,1.0675,2.7126,3.6062,0.96896,2.7978,3.8508,1.4328,2.4411,3.8767,1.1423,2.7452,3.6496,1.8174,1.7161,4.0805,0.92508,2.4585,2.7971,1.9359,2.0949,4.4174,0.17822,2.7707,2.9404,1.0688,1.948,4.2687,0.97884,2.3091,3.0705,1.6579,2.3949,4.5954,0.97419,2.0578,2.8647,0.73011,1.9868,2.7377,1.6017,1.7352,3.9647,0.93597,2.451,2.8209,1.3607,1.583,3.8424,2.7459,2.5774,4.6142,1.0864,2.1639,3.6068,1.1505,2.7545,3.6709,1.9768,1.9803,4.4926,1.058,1.954,4.2609,1.8615,1.6549,3.4592,1.6663,2.5102,4.004,2.1359,2.5359,4.9099,2.1266,2.3935,3.6722,1.2523,3.0522,3.4751,1.4559,1.4731,4.2116,0.64425,2.9903,3.6527,1.6202,1.7076,4.2167,0.7389,1.9954,2.7395,0.70328,2.1972,3.9577,2.6698,2.5941,4.5333,2.0149,2.1113,3.4192,1.4128,2.862,3.5566,1.0768,2.2392,3.6006,2.5461,2.0236,4.5042,1.4787,1.7257,4.4238,1.5678,2.5766,3.5779,2.0584,2.3293,4.0911,2.6705,2.3469,4.965,0.48286,2.5281,3.0011
10.386,0.041729,287.26,4.7935,0.10497,799.74,1.4809,1.8206,4.1327,1.2802,2.2393,4.241,1.1893,1.9675,4.2354,2.4583,2.6329,4.286,0.85591,2.0363,4.271,1.5119,2.5344,3.8905,3.1196,2.8375,5.964,1.1739,1.975,4.2388,1.7333,1.662,4.228,1.3032,2.232,4.2909,0.83857,2.0653,4.2195,2.9784,2.8296,4.5538,5.5727,2.7155,1.3203,1.3028,2.748,3.6843,0.91846,2.1487,3.0141,2.5148,2.1084,4.527,1.4599,1.6542,3.918,0.65499,2.6126,3.8281,2.0247,1.7667,3.5071,1.1003,2.402,3.1648,0.1801,2.3025,3.4316,1.7678,1.6782,3.4038,1.9793,2.7632,4.2708,1.785,1.6976,3.412,1.4622,1.6311,3.9383,0.39144,2.1685,3.1566,2.0896,2.4066,4.4515,1.4691,1.6996,3.2076,0.81098,1.9247,2.7291,3.065,2.841,5.8995,2.0311,1.7924,3.5103,1.0136,2.7333,2.9049,1.8277,2.587,4.0376,0.64576,1.911,2.7799,1.0554,2.4218,3.0983,1.9061,1.9124,4.5239,1.6847,1.655,3.8974,0.51871,2.1888,3.7766,1.1842,2.5281,3.7564,0.94337,2.1271,3.2005,2.6439,2.3508,4.4151,2.1217,2.2174,4.7543,1.49,1.6736,3.9428,1.893,1.9295,4.5203,1.5107,2.2152,3.2619,0.77403,2.1552,3.1042,2.4429,2.4074,4.3811,1.9298,2.5833,4.8233,1.8783,2.6042,4.7845,2.6154,2.352,4.4076,1.2923,2.5257,3.9093,1.7266,2.2449,4.3499,1.9805,3.0129,3.9047,0.58556,2.4691,2.5519,1.5116,2.0817,4.6182,2.029,3.0165,3.9563,0.33275,2.3988,3.3613,1.6564,1.5942,4.0733,0.69866,2.0661,3.0619,2.2441,2.2612,4.6611,0.71089,2.5599,3.1113,0.95612,2.1295,3.2045,0.097654,2.889,1.9231,2.026,2.0186,4.6517,2.6128,2.3596,4.4036,2.5891,2.2981,5.1194,1.9796,2.6898,4.2831,1.0876,1.7848,3.9911,4.6391,2.9147,0.51303,0.86561,2.1378,3.0272,1.3181,2.0793,4.3194,1.0483,2.1063,3.4796,2.1741,2.7006,4.4245,1.7185,1.5715,4.1372,1.21,2.5246,3.1186,0.78431,2.4508,3.7549,2.0779,1.8791,3.6842,1.5556,2.4608,3.4331,1.6124,2.556,3.599,1.6249,1.62,4.2487,1.9561,2.722,4.4174,2.0053,2.7212,4.4691,3.422,2.7622,6.1736,1.7283,1.5612,4.1305,1.7426,1.9951,3.4519,2.0391,2.9229,4.84,1.2011,2.5349,3.1444,2.6106,2.4447,4.9506,1.0649,2.613,4.0671,1.5639,2.4452,3.446,1.1345,1.8243,4.0767,1.6666,1.5756,4.0694,1.7319,1.9935,3.4363,0.24806,2.9268,3.3056,2.9292,2.2909,4.6384,1.3076,1.9478,4.2135,1.3012,2.6403,3.4226,1.4269,2.4462,3.3365,1.8602,1.9311,3.6789,1.9406,2.4214,4.0173,1.0613,2.2889,3.1692,2.5395,2.0184,5.14,1.2591,2.6552,3.3673,1.4057,2.4645,3.3127,0.30328,2.9365,3.3481,0.65798,1.8424,2.8354,1.6743,1.9851,4.4786,1.4674,1.8083,4.1431,5.4497,2.8919,1.7722,0.81593,2.1118,2.8073,1.0451,2.6329,4.0569,2.2096,2.5213,3.6143,2.5698,2.4178,4.9031,2.8749,2.6829,4.5834,2.1365,2.5073,4.5026,2.3513,2.1175,4.2275,0.77193,2.0421,3.3104,0.43231,2.4451,2.9895,0.59998,2.1434,3.7084,2.3739,2.4457,4.4598,0.85256,2.4458,2.9446,1.2469,1.5831,4.2833,1.6862,2.0213,3.4426,6.1691,2.6804,1.9157,3.3487,2.9267,0.070853,0.83238,2.4029,2.9942,1.6575,1.6353,4.0725,1.5042,1.8919,3.173,0.77922,2.4371,2.914,2.1624,2.3432,4.9038,1.1831,2.5622,3.115,1.0222,1.972,3.4993,0.47482,1.9828,3.2806,1.7123,2.0118,3.4276,2.4014,2.1034,4.225,2.1852,2.1567,5.0014,1.2755,1.6938,3.8342,0.69671,1.9845,2.7644,2.1884,2.1765,5.0161,2.3548,2.2193,4.5285,1.5754,2.3853,3.9685,4.3578,2.9473,0.27318,1.9541,2.3909,4.0114,0.81989,1.9588,4.1213,1.2499,2.6143,4.2574,3.6637,2.8239,6.2287,1.5442,1.6297,3.2975,0.26821,2.2991,3.3299,5.1613,2.9373,1.0987,0.60697,2.7592,3.3163,1.3177,2.5189,3.0231,2.1561,2.1154,4.9383,1.4962,2.0626,4.3894,1.5256,1.6299,3.3061,1.4191,2.924,3.3835,0.53449,2.432,2.8328,0.87818,2.4484,2.9917,0.22871,2.6091,3.3353,1.6378,2.3006,4.1599,0.54854,2.4275,2.7976,1.0272,2.2329,3.6172,1.39,1.7963,4.2822,0.31338,2.3151,3.3792,1.5245,1.6107,3.2948,0.51869,2.4335,2.8201,3.1487,2.8622,6.0899,1.9621,2.5722,4.0193,2.0106,2.1925,4.6219,2.4933,2.7656,5.1253,1.8968,1.922,3.8721,1.301,1.7576,3.7097,2.1716,2.1371,4.9725,1.394,2.6244,3.9839,0.96657,3.0843,2.7973,4.7479,2.9383,0.45755,1.2885,2.701,4.3518,1.9166,1.9386,3.9037,1.2847,2.6466,2.9079,0.528,2.7449,3.1479,1.0016,2.8921,4.1906,0.67277,2.5412,2.6517,0.67827,2.0003,2.9303,0.55783,2.4062,3.4052,1.5714,2.1734,4.27,1.3873,2.7174,4.4439,0.57037,1.9853,3.0283,1.9916,1.8573,3.8061,1.193,1.8227,3.673,2.3053,2.6766,4.776,1.3695,1.5843,4.131,1.37,2.1561,3.1625,0.61544,1.9987,3.0363,0.49457,2.4384,2.6075,1.6456,2.3201,4.1724,2.3337,2.6744,4.8371,0.5933,2.0045,3.0113,1.5845,1.7156,3.3414,0.53946,3.0502,2.4228,0.6259,2.5408,2.6174,3.0029,2.7459,6.0046,6.2435,2.8865,2.6375,4.6947,2.9591,0.39551,2.2883,2.3527,3.6561,1.1249,3.0526,3.9431,1.3526,2.343,3.4849,0.97865,3.0644,3.7952,2.3523,2.2321,3.7594,1.1884,1.7939,3.6697,2.4273,2.3501,4.5757,2.5353,2.6647,4.049,1.3169,2.6767,4.3764,1.8941,1.8831,3.8579,1.1767,2.7296,3.6959,2.368,2.4565,4.9646,1.5786,2.579,3.3571,2.1636,2.2129,4.114,0.78312,1.924,3.351,2.2991,2.4024,3.6901,2.2801,2.398,3.6601,2.2305,1.9537,4.9647,2.613,2.278,4.7873,2.3476,2.2473,3.7767,1.3847,1.6026,3.8558,2.3121,2.6808,4.8084,1.8979,1.9027,3.8632,0.77561,2.1264,4.0356,1.5949,1.7896,4.2486,2.3496,2.6867,4.8558,1.4498,2.3758,3.2662,5.9858,2.8988,2.2843,1.8449,1.7885,3.515,1.896,2.9523,4.197,2.0621,1.968,4.8229,1.1512,2.5807,4.3236,1.931,2.1589,4.8707,1.6122,1.7327,3.9606,1.6086,2.0187,3.3595,1.0711,2.7073,3.6088,0.97351,2.795,3.8533,1.4377,2.445,3.8802,1.1438,2.7406,3.6493,1.8155,1.7089,4.0796,0.92615,2.4584,2.7991,1.9387,2.0976,4.4208,0.1885,2.7677,2.9501,1.0673,1.9469,4.2694,0.9809,2.3069,3.0752,1.6606,2.3949,4.5966,0.97346,2.0554,2.8669,0.72908,1.9856,2.7376,1.6008,1.7294,3.9645,0.93772,2.4503,2.825,1.3587,1.5824,3.843,2.7445,2.5763,4.6132,1.0862,2.1668,3.6045,1.1532,2.7504,3.673,1.9768,1.9798,4.494,1.0558,1.953,4.2613,1.8623,1.6552,3.46,1.6667,2.5125,4.0044,2.1383,2.5343,4.9089,2.124,2.3948,3.6687,1.259,3.05,3.4809,1.4567,1.4737,4.2095,0.64471,2.9895,3.6542,1.6204,1.7035,4.2153,0.73848,1.9949,2.7394,0.70444,2.1977,3.9588,2.668,2.5932,4.533,2.0172,2.1098,3.4176,1.4153,2.8563,3.5586,1.0759,2.2438,3.597,2.5475,2.0261,4.5078,1.4776,1.7249,4.424,1.5644,2.5754,3.5779,2.0581,2.3329,4.0931,2.6678,2.3448,4.9616,0.4863,2.5279,3.005
10.386,0.041729,287.26,4.7935,0.11372,797.68,1.4772,1.8185,4.1294,1.2809,2.2404,4.2429,1.1856,1.9656,4.2353,2.4548,2.6304,4.285,0.85556,2.0348,4.2749,1.511,2.5383,3.8901,3.1302,2.8366,5.9773,1.1691,1.9733,4.2392,1.7323,1.6572,4.2259,1.3054,2.2323,4.2969,0.83721,2.0655,4.2204,2.986,2.829,4.5583,5.5626,2.7095,1.3098,1.3065,2.7407,3.6876,0.91513,2.1488,3.0133,2.5183,2.114,4.5353,1.4587,1.6526,3.9193,0.65439,2.6157,3.8228,2.0265,1.767,3.51,1.0997,2.3989,3.171,0.17057,2.3037,3.4183,1.7662,1.6781,3.4053,1.9688,2.7577,4.2589,1.785,1.6995,3.4138,1.4615,1.6281,3.9406,0.39156,2.1711,3.1533,2.0936,2.4099,4.4562,1.4685,1.7025,3.2082,0.80955,1.9278,2.7268,3.0706,2.841,5.9074,2.034,1.7947,3.5134,1.0142,2.735,2.9067,1.8291,2.5873,4.0411,0.6473,1.9142,2.7791,1.0531,2.4199,3.1014,1.907,1.9121,4.5268,1.685,1.652,3.898,0.52028,2.1872,3.7807,1.1841,2.535,3.7555,0.9379,2.1321,3.1949,2.6531,2.3548,4.4263,2.1265,2.2224,4.7607,1.4916,1.6742,3.9456,1.8935,1.9311,4.5231,1.5132,2.2187,3.2615,0.76878,2.1616,3.0967,2.4455,2.4102,4.3874,1.9284,2.5821,4.8163,1.8739,2.6048,4.776,2.6236,2.3568,4.4205,1.2926,2.5289,3.9062,1.7309,2.2463,4.3551,1.975,3.0081,3.8975,0.59254,2.4692,2.5583,1.5079,2.0846,4.6185,2.0269,3.0113,3.9528,0.32784,2.4004,3.3555,1.656,1.5916,4.0724,0.69752,2.0692,3.0591,2.2437,2.2624,4.6614,0.71617,2.5547,3.1201,0.95228,2.1343,3.1995,0.094486,2.8885,1.9184,2.0302,2.0224,4.658,2.6205,2.3647,4.4156,2.5819,2.2944,5.1123,1.9703,2.6778,4.2738,1.0884,1.7789,3.9952,4.6401,2.9069,0.51305,0.86379,2.1393,3.0255,1.3194,2.0777,4.3238,1.0471,2.1083,3.478,2.1641,2.6956,4.4129,1.7204,1.5688,4.1353,1.2154,2.522,3.1224,0.78732,2.4528,3.7536,2.0801,1.8752,3.6799,1.5514,2.4628,3.4297,1.6091,2.5581,3.5996,1.6222,1.6156,4.2486,1.9454,2.713,4.405,1.9983,2.7126,4.4611,3.4283,2.7603,6.1787,1.7312,1.5579,4.1276,1.7462,1.9941,3.452,2.032,2.9216,4.8331,1.2049,2.5334,3.1495,2.6086,2.4445,4.9473,1.0682,2.6136,4.0668,1.5605,2.4462,3.4442,1.1299,1.826,4.0746,1.6673,1.572,4.068,1.7346,1.9925,3.4353,0.24558,2.9251,3.3038,2.9339,2.2904,4.6441,1.3065,1.9474,4.2143,1.3038,2.6374,3.4295,1.4239,2.4456,3.3361,1.8623,1.926,3.6749,1.9401,2.4284,4.02,1.0582,2.2893,3.1676,2.5395,2.0163,5.1396,1.2608,2.6531,3.3725,1.4009,2.4649,3.3106,0.30375,2.9355,3.3484,0.65608,1.8451,2.8289,1.671,1.9813,4.483,1.4677,1.8039,4.1448,5.442,2.891,1.7654,0.81552,2.1113,2.8092,1.0465,2.6354,4.0556,2.2138,2.5199,3.6126,2.5642,2.4154,4.8957,2.882,2.6807,4.5894,2.1349,2.5058,4.5004,2.3517,2.1196,4.2313,0.77165,2.0475,3.3054,0.44089,2.4426,2.9983,0.5995,2.1435,3.7079,2.372,2.4406,4.462,0.86159,2.444,2.9527,1.2457,1.5831,4.2823,1.6845,2.0227,3.4416,6.1579,2.679,1.9036,3.3596,2.9252,0.082816,0.83731,2.3976,3.0043,1.6572,1.6352,4.0712,1.505,1.8944,3.1721,0.78135,2.4348,2.9185,2.1621,2.3427,4.8993,1.1861,2.5624,3.1187,1.0239,1.9728,3.4989,0.46853,1.9827,3.2844,1.7132,2.012,3.4255,2.4029,2.1058,4.2281,2.1887,2.1567,5.0028,1.2737,1.6889,3.8368,0.69797,1.9848,2.7654,2.1921,2.178,5.0184,2.358,2.2221,4.5344,1.5762,2.393,3.9689,4.3682,2.9416,0.28255,1.9542,2.3959,4.0131,0.8183,1.9585,4.1213,1.2571,2.6179,4.2615,3.675,2.8213,6.2395,1.5454,1.6309,3.2985,0.26359,2.299,3.3233,5.1614,2.9322,1.0991,0.61001,2.757,3.3203,1.3218,2.5199,3.0267,2.158,2.1126,4.9357,1.4974,2.0585,4.3929,1.5256,1.6302,3.3078,1.4223,2.9235,3.3849,0.54205,2.4302,2.8433,0.87489,2.4476,2.9919,0.229,2.6082,3.3344,1.6401,2.3041,4.1633,0.5565,2.426,2.8045,1.0246,2.2393,3.6124,1.3896,1.7953,4.2808,0.31256,2.3164,3.3771,1.5241,1.6096,3.2956,0.52467,2.4321,2.8289,3.1626,2.861,6.1058,1.9582,2.5704,4.0179,2.014,2.1934,4.6246,2.4792,2.7641,5.1098,1.8972,1.9173,3.8693,1.3013,1.7525,3.7116,2.174,2.1355,4.9717,1.3937,2.6221,3.9821,0.95145,3.0844,2.7814,4.7527,2.9334,0.46162,1.2921,2.7022,4.3543,1.9176,1.9368,3.9055,1.2881,2.6475,2.9118,0.54028,2.7421,3.1624,1.0086,2.8912,4.1973,0.68166,2.5433,2.6578,0.67702,2.0053,2.9262,0.5588,2.4067,3.4034,1.5717,2.1721,4.2733,1.3987,2.7192,4.4538,0.565,1.9878,3.0206,1.9925,1.8542,3.8054,1.1927,1.8205,3.6756,2.2948,2.6723,4.7614,1.368,1.5885,4.1268,1.3682,2.1557,3.1615,0.61361,2.0031,3.0298,0.4972,2.4374,2.6109,1.6493,2.3261,4.1765,2.3241,2.6697,4.8255,0.58937,2.0089,3.0025,1.5861,1.7156,3.3428,0.53918,3.0511,2.42,0.62977,2.5429,2.6195,3.0123,2.7455,6.0158,6.2504,2.8881,2.6466,4.697,2.9565,0.39648,2.2843,2.3475,3.6478,1.1379,3.0495,3.959,1.3447,2.3499,3.4784,0.98667,3.0632,3.8062,2.351,2.2317,3.7552,1.1878,1.7888,3.6722,2.4275,2.3511,4.5769,2.5308,2.6674,4.0506,1.3215,2.6763,4.3794,1.8945,1.8756,3.8542,1.1801,2.7242,3.6986,2.3626,2.4541,4.9546,1.5764,2.5757,3.3625,2.1635,2.2156,4.1157,0.78241,1.9262,3.3487,2.2949,2.4016,3.6843,2.2743,2.3966,3.6518,2.2346,1.9583,4.9694,2.6108,2.277,4.787,2.346,2.2485,3.7742,1.385,1.6036,3.8577,2.3006,2.6767,4.7945,1.8987,1.8975,3.8597,0.7755,2.1248,4.0419,1.5942,1.7857,4.2476,2.3409,2.6834,4.8453,1.4501,2.3751,3.2663,5.9922,2.9003,2.2925,1.8442,1.7877,3.5181,1.8907,2.9459,4.1896,2.0668,1.9695,4.8284,1.1552,2.5808,4.3276,1.9348,2.1597,4.8712,1.6123,1.7273,3.9601,1.6092,2.0197,3.3571,1.0745,2.7023,3.6111,0.97785,2.7923,3.8555,1.4426,2.4486,3.8837,1.1454,2.7362,3.6491,1.8137,1.702,4.0786,0.9272,2.4584,2.8009,1.9416,2.1004,4.4241,0.19868,2.7647,2.9596,1.0658,1.9456,4.27,0.9828,2.3048,3.0798,1.6632,2.395,4.5978,0.9727,2.0531,2.8688,0.72809,1.9843,2.7375,1.5998,1.7239,3.9642,0.93938,2.4496,2.8289,1.3567,1.5818,3.8435,2.743,2.5752,4.6123,1.0861,2.1697,3.6023,1.1558,2.7464,3.6748,1.9768,1.9792,4.4953,1.0538,1.952,4.2617,1.8632,1.6555,3.4609,1.6671,2.5145,4.0048,2.1405,2.5327,4.9077,2.1215,2.3961,3.6652,1.2655,3.0479,3.4866,1.4576,1.4742,4.2075,0.64483,2.9887,3.6556,1.6207,1.6995,4.2138,0.73809,1.9945,2.7394,0.70558,2.1982,3.9598,2.6664,2.5923,4.5326,2.0193,2.1081,3.4159,1.4177,2.8507,3.5604,1.0749,2.2485,3.5933,2.5491,2.0285,4.5115,1.4765,1.7241,4.4241,1.5611,2.5741,3.578,2.0578,2.3365,4.0951,2.6652,2.343,4.9584,0.48965,2.5278,3.0087
10.386,0.041729,287.26,4.7935,0.12247,795.05,1.4735,1.8163,4.1264,1.2816,2.2415,4.2449,1.182,1.9635,4.2352,2.4515,2.6279,4.284,0.85518,2.0332,4.2788,1.5102,2.542,3.8897,3.1409,2.8357,5.9907,1.1644,1.9716,4.2396,1.7314,1.6524,4.2237,1.3075,2.2324,4.3031,0.83589,2.0657,4.2213,2.9933,2.8284,4.5626,5.5528,2.7034,1.2997,1.3101,2.7337,3.6907,0.9118,2.1488,3.0125,2.522,2.1198,4.5438,1.4576,1.651,3.9206,0.65382,2.6188,3.8176,2.0283,1.7671,3.5128,1.0986,2.3961,3.1766,0.16087,2.3048,3.4047,1.7644,1.6778,3.4069,1.9589,2.7522,4.2474,1.7851,1.7014,3.4158,1.4609,1.6252,3.9429,0.39174,2.1736,3.1501,2.0976,2.413,4.4606,1.4679,1.7053,3.2089,0.80816,1.9308,2.7245,3.0765,2.8408,5.9157,2.0369,1.797,3.5167,1.0148,2.7367,2.9085,1.8305,2.5876,4.0448,0.64883,1.9174,2.7784,1.0506,2.418,3.1043,1.9078,1.9118,4.5298,1.6853,1.6493,3.8985,0.52199,2.1854,3.785,1.1842,2.5416,3.755,0.93247,2.1369,3.1894,2.6623,2.3587,4.4373,2.1312,2.2273,4.767,1.4932,1.6749,3.9483,1.8942,1.9327,4.5259,1.5159,2.2221,3.2612,0.76348,2.168,3.0891,2.4481,2.4131,4.3936,1.927,2.5812,4.8092,1.8696,2.6055,4.7676,2.6323,2.3614,4.4339,1.2929,2.5322,3.9031,1.7354,2.2477,4.3604,1.9698,3.0035,3.8907,0.59928,2.4694,2.5645,1.5041,2.0876,4.6185,2.0251,3.0061,3.9495,0.32302,2.4017,3.3498,1.6556,1.589,4.0715,0.69637,2.0722,3.0564,2.2433,2.2634,4.6614,0.7212,2.5495,3.1288,0.94859,2.1389,3.1948,0.09137,2.8879,1.9138,2.0347,2.0262,4.6645,2.6285,2.3697,4.4278,2.5751,2.2908,5.1054,1.9616,2.6661,4.2651,1.0891,1.773,3.9993,4.641,2.8991,0.51308,0.86202,2.1409,3.0237,1.3207,2.0761,4.3281,1.046,2.1103,3.4764,2.1545,2.6907,4.4017,1.7225,1.566,4.1333,1.2206,2.5193,3.126,0.79033,2.4546,3.7522,2.0823,1.8713,3.6757,1.5472,2.4648,3.4263,1.6063,2.5601,3.6004,1.6196,1.6115,4.2486,1.9352,2.7039,4.3929,1.9918,2.7042,4.4538,3.4345,2.7583,6.1839,1.7341,1.5545,4.1247,1.7499,1.9932,3.4523,2.025,2.9202,4.8262,1.2085,2.5318,3.1544,2.6065,2.4444,4.9439,1.0716,2.6142,4.0665,1.557,2.4471,3.4423,1.1254,1.8277,4.0724,1.668,1.5684,4.0668,1.7373,1.9915,3.4343,0.24332,2.9232,3.302,2.9385,2.2897,4.6498,1.3055,1.947,4.2151,1.3064,2.6347,3.436,1.421,2.4449,3.3359,1.8644,1.9211,3.6711,1.9397,2.4352,4.0228,1.0552,2.2896,3.166,2.5395,2.0144,5.1394,1.2624,2.6511,3.3777,1.3962,2.4652,3.3084,0.30413,2.9343,3.3486,0.65418,1.8477,2.8224,1.6674,1.9777,4.4871,1.4681,1.7998,4.1464,5.4347,2.89,1.7588,0.8151,2.1107,2.8112,1.0479,2.638,4.0543,2.2199,2.5184,3.6128,2.5588,2.4129,4.8885,2.8891,2.6783,4.5955,2.1333,2.5044,4.4983,2.3522,2.1218,4.2351,0.77114,2.053,3.3001,0.44931,2.44,3.007,0.59902,2.1437,3.7074,2.3697,2.4354,4.4641,0.87063,2.442,2.9609,1.2447,1.5832,4.2811,1.6826,2.0241,3.4406,6.1467,2.6774,1.8914,3.3703,2.9238,0.094554,0.84181,2.3923,3.0138,1.657,1.635,4.0699,1.5059,1.8968,3.1713,0.78335,2.4324,2.9229,2.1618,2.3421,4.895,1.1891,2.5627,3.1223,1.0255,1.9733,3.4984,0.46203,1.9825,3.2887,1.714,2.0121,3.4232,2.4045,2.1083,4.2313,2.1919,2.1565,5.0039,1.2718,1.6839,3.8394,0.69921,1.9851,2.7663,2.1958,2.1796,5.0207,2.3613,2.2248,4.5403,1.5769,2.4005,3.9693,4.378,2.9358,0.29154,1.9542,2.4009,4.0148,0.81672,1.9582,4.1211,1.2643,2.6215,4.2657,3.6858,2.8186,6.249,1.5465,1.632,3.2996,0.25903,2.2987,3.3169,5.1612,2.9269,1.0993,0.61283,2.7547,3.3241,1.3258,2.5208,3.0303,2.16,2.1098,4.9331,1.4985,2.0543,4.3965,1.5256,1.6303,3.3094,1.4256,2.923,3.3863,0.54964,2.4283,2.854,0.87178,2.4468,2.9923,0.2292,2.6074,3.3334,1.6425,2.3076,4.1667,0.56413,2.4245,2.8111,1.0219,2.2458,3.6076,1.3892,1.7944,4.2794,0.31175,2.3176,3.3752,1.5238,1.6086,3.2964,0.53046,2.4309,2.8375,3.1761,2.8597,6.1213,1.9543,2.5686,4.0165,2.0175,2.194,4.6272,2.465,2.7627,5.0943,1.8975,1.9126,3.8666,1.3014,1.7474,3.7135,2.1763,2.1339,4.971,1.3936,2.6198,3.9804,0.93594,3.0847,2.7651,4.7575,2.9285,0.4657,1.2958,2.7031,4.3571,1.9185,1.935,3.9072,1.2913,2.6484,2.9157,0.55195,2.7394,3.176,1.0157,2.8903,4.2042,0.69035,2.5455,2.6637,0.67585,2.0101,2.9225,0.55982,2.4072,3.4018,1.5718,2.1707,4.2764,1.41,2.721,4.4636,0.55974,1.9902,3.0131,1.9932,1.8511,3.805,1.1925,1.8181,3.6781,2.285,2.6682,4.7476,1.3664,1.5926,4.1225,1.3663,2.1554,3.1606,0.61181,2.0073,3.0235,0.49973,2.4364,2.6141,1.653,2.3322,4.1805,2.3149,2.6651,4.8142,0.58549,2.0131,2.9939,1.5877,1.7157,3.3441,0.53854,3.0521,2.4168,0.63343,2.5452,2.6213,3.0217,2.7451,6.027,6.2571,2.8897,2.6558,4.6995,2.9539,0.39765,2.2804,2.3423,3.6396,1.1496,3.0466,3.9735,1.3371,2.3564,3.4721,0.99402,3.0622,3.8164,2.3497,2.2314,3.7511,1.1873,1.7839,3.6747,2.4277,2.3521,4.5779,2.5264,2.67,4.0523,1.3259,2.6759,4.3821,1.8947,1.8681,3.8505,1.1833,2.7189,3.7012,2.3575,2.4518,4.9451,1.5741,2.5725,3.3678,2.1634,2.2184,4.1175,0.78167,1.9286,3.3462,2.2908,2.4008,3.6786,2.2685,2.3951,3.6437,2.2386,1.9626,4.9739,2.6085,2.276,4.7868,2.3445,2.2496,3.7717,1.3853,1.6044,3.8597,2.2897,2.6726,4.7812,1.8994,1.8922,3.8561,0.7754,2.1232,4.0481,1.5938,1.7819,4.2467,2.3324,2.6801,4.8351,1.4503,2.3745,3.2665,5.9988,2.9019,2.3007,1.8436,1.787,3.5211,1.8856,2.9395,4.1827,2.0714,1.971,4.8337,1.1591,2.5808,4.3315,1.9386,2.1604,4.8716,1.6124,1.7222,3.9597,1.6099,2.0208,3.3548,1.0776,2.6975,3.6133,0.98199,2.7897,3.8576,1.4473,2.452,3.8873,1.147,2.7318,3.6487,1.8117,1.6953,4.0778,0.92824,2.4584,2.8027,1.9444,2.1032,4.4275,0.20869,2.7617,2.9688,1.0642,1.9445,4.2707,0.98459,2.3028,3.0841,1.6659,2.3951,4.5991,0.97194,2.0509,2.8707,0.72715,1.9832,2.7375,1.599,1.7186,3.964,0.94097,2.4489,2.8328,1.3548,1.5811,3.8442,2.7417,2.5742,4.6115,1.0858,2.1726,3.6,1.1583,2.7425,3.6767,1.9768,1.9786,4.4967,1.0518,1.9509,4.2622,1.8639,1.6556,3.4618,1.6674,2.5166,4.0052,2.1428,2.5311,4.9068,2.119,2.3974,3.6617,1.2721,3.0458,3.4923,1.4584,1.4747,4.2056,0.64465,2.9881,3.6564,1.6209,1.6956,4.2124,0.73771,1.994,2.7393,0.70667,2.1988,3.9608,2.6647,2.5914,4.5324,2.0214,2.1065,3.4143,1.42,2.8452,3.5622,1.0737,2.2531,3.5896,2.5507,2.0309,4.5152,1.4754,1.7234,4.4244,1.558,2.5729,3.5781,2.0576,2.34,4.097,2.6628,2.3411,4.9554,0.49287,2.5277,3.0123
10.386,0.041729,287.26,4.7935,0.13122,792.5,1.47,1.8139,4.1233,1.2825,2.2426,4.247,1.1784,1.9615,4.2351,2.4482,2.6253,4.2831,0.85476,2.032,4.2824,1.5093,2.5456,3.8892,3.1516,2.8344,6.0041,1.1597,1.9699,4.2401,1.7304,1.6477,4.2215,1.3095,2.2325,4.3092,0.83462,2.0659,4.2223,3.0006,2.8277,4.5669,5.5432,2.6973,1.29,1.3131,2.7271,3.6935,0.9085,2.1489,3.0115,2.5257,2.1254,4.5523,1.4564,1.6497,3.9218,0.65327,2.6218,3.8122,2.0301,1.7672,3.5156,1.0971,2.3934,3.1818,0.15092,2.3057,3.3908,1.7627,1.6775,3.4083,1.9496,2.7467,4.2366,1.7851,1.7032,3.4177,1.4603,1.6224,3.9452,0.39197,2.1761,3.147,2.1014,2.416,4.4649,1.4673,1.7081,3.2095,0.80678,1.9337,2.7224,3.0826,2.8408,5.9242,2.04,1.7993,3.5199,1.0153,2.7384,2.9102,1.832,2.588,4.0485,0.65038,1.9205,2.7778,1.048,2.416,3.107,1.9088,1.9114,4.5328,1.6854,1.6466,3.8991,0.52389,2.1834,3.7895,1.1844,2.5477,3.7546,0.9271,2.1417,3.184,2.6714,2.3623,4.4481,2.136,2.2321,4.7732,1.4948,1.6756,3.9509,1.8951,1.9344,4.5287,1.5188,2.2253,3.2608,0.75815,2.1742,3.0818,2.4507,2.4158,4.4,1.9257,2.5802,4.8018,1.8656,2.6061,4.7593,2.6412,2.366,4.4477,1.2933,2.5354,3.9001,1.74,2.2491,4.3657,1.9647,2.9988,3.8841,0.60575,2.4695,2.5704,1.5002,2.0908,4.6185,2.0234,3.0008,3.9464,0.31825,2.403,3.3442,1.6552,1.5865,4.0706,0.69522,2.0751,3.0537,2.2428,2.2643,4.6613,0.72595,2.5442,3.1374,0.94504,2.1433,3.1903,0.088312,2.8873,1.9094,2.0393,2.03,4.671,2.6366,2.3744,4.4401,2.5684,2.2873,5.0986,1.9536,2.6546,4.2572,1.0899,1.7672,4.0033,4.642,2.8917,0.51315,0.8603,2.1423,3.0222,1.3221,2.0746,4.3323,1.0448,2.1123,3.4747,2.1453,2.6857,4.3909,1.7247,1.5631,4.1313,1.2258,2.5166,3.1294,0.79335,2.4564,3.751,2.0845,1.8676,3.6716,1.543,2.4667,3.4229,1.6036,2.5621,3.6015,1.6172,1.6074,4.2485,1.9255,2.6946,4.3812,1.9859,2.6957,4.4469,3.4409,2.7563,6.1891,1.7372,1.5513,4.1216,1.7535,1.9922,3.4527,2.018,2.919,4.8191,1.2121,2.5303,3.1592,2.6045,2.4443,4.9407,1.0748,2.6147,4.066,1.5536,2.448,3.4405,1.1209,1.8294,4.0702,1.6689,1.565,4.0656,1.74,1.9905,3.4333,0.24121,2.9213,3.3004,2.943,2.289,4.6551,1.3044,1.9467,4.2158,1.3087,2.6323,3.4424,1.418,2.4443,3.3356,1.8667,1.9161,3.6674,1.9393,2.4419,4.0257,1.0522,2.29,3.1646,2.5394,2.0127,5.1391,1.2641,2.6492,3.383,1.3915,2.4655,3.3063,0.30443,2.9332,3.3489,0.65229,1.8502,2.8161,1.6637,1.9742,4.491,1.4687,1.796,4.1479,5.4273,2.8891,1.7523,0.81464,2.1103,2.813,1.049,2.6405,4.053,2.2275,2.5166,3.6154,2.5535,2.4104,4.8814,2.8965,2.6759,4.6016,2.1319,2.5033,4.4963,2.3528,2.1243,4.2391,0.77036,2.0586,3.2945,0.45757,2.4375,3.0154,0.59854,2.1437,3.7069,2.3665,2.4301,4.4658,0.87967,2.44,2.969,1.2435,1.5832,4.2798,1.6807,2.0253,3.4395,6.1355,2.6758,1.8793,3.3808,2.9224,0.10606,0.84582,2.387,3.023,1.6567,1.6349,4.0687,1.5068,1.8993,3.1705,0.78519,2.43,2.927,2.1615,2.3415,4.8907,1.192,2.563,3.1258,1.027,1.9739,3.498,0.45571,1.9822,3.2937,1.7148,2.0121,3.4209,2.4061,2.1109,4.2346,2.1952,2.1564,5.0049,1.2698,1.679,3.8418,0.70043,1.9854,2.7673,2.1993,2.1809,5.0228,2.3645,2.2275,4.546,1.5778,2.4079,3.9696,4.3876,2.9299,0.30021,1.9543,2.4058,4.0165,0.81515,1.9579,4.1209,1.2716,2.6249,4.2699,3.6963,2.8159,0.054243,1.5477,1.6332,3.3006,0.25453,2.2984,3.3105,5.1608,2.9215,1.0996,0.61545,2.7524,3.3275,1.3296,2.5218,3.0337,2.1621,2.107,4.9306,1.4994,2.0498,4.4,1.5257,1.6304,3.3109,1.4288,2.9224,3.3875,0.55724,2.4264,2.8647,0.86883,2.4458,2.9929,0.2293,2.6065,3.3324,1.6448,2.3109,4.17,0.57147,2.4232,2.8176,1.019,2.2524,3.6025,1.3888,1.7934,4.278,0.31095,2.3187,3.3734,1.5234,1.6074,3.2973,0.53611,2.4298,2.846,3.1892,2.8585,6.1365,1.9505,2.5668,4.0151,2.0208,2.1947,4.6298,2.4507,2.7611,5.0785,1.8978,1.9077,3.8637,1.3017,1.7424,3.7154,2.1786,2.1322,4.9702,1.3934,2.6177,3.9789,0.92012,3.085,2.7485,4.7621,2.9234,0.46978,1.2997,2.7042,4.3602,1.9195,1.9333,3.9089,1.2946,2.6494,2.9195,0.56302,2.7367,3.1891,1.023,2.8892,4.2115,0.69886,2.5477,2.6693,0.67475,2.0147,2.9191,0.56088,2.4076,3.4003,1.5721,2.1691,4.2795,1.4211,2.7227,4.4734,0.55457,1.9925,3.0056,1.9939,1.8479,3.8045,1.1921,1.8158,3.6806,2.2759,2.6641,4.7347,1.3648,1.5964,4.1183,1.3643,2.1549,3.1596,0.61004,2.0115,3.0174,0.50219,2.4353,2.6174,1.6568,2.3382,4.1844,2.3061,2.6604,4.8034,0.58171,2.0171,2.9857,1.5891,1.7157,3.3454,0.53757,3.053,2.4134,0.63692,2.5475,2.6228,3.0312,2.7446,6.0381,6.2671,2.8911,2.665,4.7022,2.9514,0.399,2.2768,2.337,3.6318,1.1602,3.0435,3.9869,1.3295,2.3626,3.4661,1.0008,3.061,3.826,2.3486,2.2311,3.7472,1.1866,1.7789,3.6773,2.4278,2.3532,4.579,2.522,2.6726,4.0538,1.3302,2.6755,4.3848,1.895,1.8606,3.847,1.1865,2.7136,3.7036,2.3527,2.4495,4.9358,1.5717,2.5693,3.3731,2.1634,2.2212,4.1192,0.78087,1.931,3.3438,2.2868,2.4,3.6729,2.263,2.3937,3.6356,2.2425,1.9667,4.9781,2.6062,2.2751,4.7865,2.343,2.2508,3.7693,1.3857,1.6053,3.8617,2.2792,2.6685,4.7683,1.9002,1.8869,3.8526,0.77531,2.1217,4.0541,1.5932,1.7781,4.2457,2.3241,2.6768,4.8251,1.4506,2.374,3.2666,6.0054,2.9033,2.3089,1.843,1.7862,3.524,1.8809,2.9333,4.1761,2.0759,1.9723,4.8388,1.1629,2.5809,4.3352,1.9421,2.1612,4.8719,1.6125,1.7171,3.9593,1.6106,2.0218,3.3526,1.0806,2.6928,3.6152,0.98596,2.7871,3.8596,1.4519,2.4551,3.8908,1.1484,2.7276,3.6484,1.8099,1.6888,4.077,0.92925,2.4584,2.8044,1.9473,2.1059,4.4307,0.21856,2.7585,2.978,1.0628,1.9435,4.2713,0.98625,2.301,3.0883,1.6686,2.3953,4.6004,0.97116,2.0489,2.8724,0.72626,1.9821,2.7375,1.598,1.7135,3.9637,0.94249,2.4482,2.8366,1.3529,1.5803,3.8448,2.7406,2.573,4.6109,1.0855,2.1755,3.5977,1.1607,2.7387,3.6786,1.9768,1.9779,4.4978,1.0499,1.9499,4.2626,1.8648,1.6558,3.4627,1.6677,2.5186,4.0055,2.1452,2.5296,4.9059,2.1166,2.3985,3.6584,1.2785,3.0437,3.498,1.4593,1.4753,4.2038,0.64417,2.9874,3.6571,1.6213,1.6918,4.2111,0.73736,1.9935,2.7392,0.70773,2.1994,3.9618,2.663,2.5905,4.5321,2.0235,2.1048,3.4129,1.4222,2.8398,3.564,1.0726,2.2575,3.586,2.5522,2.0332,4.5188,1.4743,1.7227,4.4246,1.5549,2.5718,3.5782,2.0575,2.3434,4.099,2.6604,2.3394,4.9525,0.496,2.5277,3.0157
10.386,0.041729,287.26,4.7935,0.13997,790.24,1.4663,1.8115,4.1203,1.2834,2.2437,4.2492,1.1749,1.9593,4.2348,2.4451,2.623,4.2824,0.85432,2.0307,4.286,1.5084,2.5491,3.8886,3.1624,2.8333,6.0175,1.155,1.9681,4.2406,1.7295,1.6431,4.2192,1.3116,2.2326,4.3152,0.83339,2.0662,4.2234,3.0077,2.827,4.571,5.534,2.6912,1.2806,1.3159,2.7209,3.6959,0.90521,2.1489,3.0106,2.5296,2.1311,4.5608,1.4553,1.6484,3.9231,0.65272,2.6247,3.8068,2.0318,1.7674,3.5184,1.0952,2.3909,3.1864,0.1408,2.3066,3.3767,1.761,1.677,3.4099,1.9408,2.7414,4.2264,1.7851,1.7049,3.4196,1.4599,1.6196,3.9471,0.39228,2.1785,3.1441,2.105,2.4188,4.469,1.4668,1.7109,3.2102,0.80546,1.9364,2.7205,3.0891,2.8406,5.933,2.0432,1.8015,3.5232,1.0158,2.7402,2.9117,1.8335,2.5885,4.0523,0.65192,1.9234,2.7773,1.0452,2.4143,3.1097,1.9098,1.9112,4.5359,1.6856,1.644,3.8998,0.52599,2.1814,3.7943,1.1848,2.5535,3.7546,0.92182,2.1461,3.1788,2.6804,2.3659,4.4584,2.1407,2.2367,4.7793,1.4965,1.6763,3.9535,1.8962,1.9361,4.5316,1.5218,2.2286,3.2605,0.7529,2.1802,3.0748,2.4534,2.4185,4.4062,1.9244,2.5791,4.7944,1.8618,2.6068,4.7512,2.6504,2.3704,4.4616,1.2937,2.5386,3.8971,1.7449,2.2504,4.3711,1.96,2.9942,3.8778,0.61193,2.4697,2.5762,1.4962,2.0942,4.6183,2.0221,2.9952,3.9435,0.31353,2.4041,3.3388,1.6547,1.5841,4.0696,0.69409,2.0778,3.0512,2.2422,2.2652,4.661,0.73032,2.539,3.1457,0.94164,2.1474,3.1859,0.085326,2.8866,1.9049,2.0441,2.0339,4.6774,2.6448,2.3789,4.4525,2.5621,2.2838,5.092,1.9464,2.6435,4.2498,1.0906,1.7614,4.0073,4.6429,2.8843,0.51333,0.85863,2.1437,3.0208,1.3234,2.0729,4.3364,1.0437,2.1145,3.473,2.1364,2.6808,4.3806,1.7269,1.5602,4.1292,1.2309,2.514,3.1327,0.79636,2.4582,3.7497,2.0867,1.864,3.6677,1.5388,2.4686,3.4194,1.6011,2.5638,3.6027,1.6147,1.6037,4.2485,1.9164,2.6854,4.3702,1.9804,2.6874,4.4406,3.4471,2.7543,6.1942,1.7403,1.5479,4.1184,1.7572,1.9911,3.453,2.0113,2.9177,4.8122,1.2154,2.5288,3.1637,2.6025,2.4442,4.9375,1.078,2.6152,4.0655,1.5503,2.449,3.4386,1.1164,1.831,4.0682,1.6695,1.5619,4.0643,1.7428,1.9894,3.4324,0.23927,2.9196,3.2987,2.9474,2.2882,4.6604,1.3035,1.9462,4.2166,1.3109,2.63,3.4483,1.4152,2.4438,3.3354,1.869,1.911,3.6637,1.9391,2.4484,4.0286,1.0492,2.2902,3.1631,2.5393,2.0111,5.1391,1.2658,2.6475,3.3883,1.3869,2.4657,3.3042,0.30467,2.932,3.349,0.65044,1.8527,2.8099,1.6599,1.9708,4.4945,1.4694,1.7921,4.1495,5.4201,2.8882,1.746,0.81418,2.1098,2.8148,1.0501,2.643,4.0515,2.2352,2.5143,3.619,2.5484,2.408,4.8744,2.9038,2.6735,4.6077,2.1306,2.5021,4.4944,2.3535,2.1269,4.2433,0.76936,2.0642,3.2885,0.46565,2.4351,3.0238,0.59807,2.1438,3.7064,2.3629,2.4249,4.4671,0.88861,2.438,2.977,1.2423,1.5832,4.2783,1.6787,2.0265,3.4384,6.1243,2.6741,1.8672,3.3909,2.9209,0.11717,0.84925,2.3819,3.0313,1.6565,1.6347,4.0675,1.5077,1.9018,3.1698,0.78684,2.4277,2.931,2.1614,2.341,4.8864,1.1948,2.5634,3.1292,1.0286,1.9745,3.4975,0.44957,1.982,3.2988,1.7156,2.0121,3.4187,2.4078,2.1135,4.238,2.1984,2.1562,5.006,1.2677,1.6742,3.8442,0.70164,1.9856,2.7684,2.2028,2.1822,5.0248,2.3677,2.2301,4.5517,1.5784,2.4149,3.97,4.3967,2.9241,0.30854,1.9543,2.4109,4.0183,0.81358,1.9577,4.1207,1.2789,2.6283,4.2741,3.7066,2.8132,0.53213,1.5488,1.6343,3.3017,0.25012,2.2981,3.3044,5.1605,2.9162,1.0998,0.61785,2.7502,3.3308,1.3332,2.5227,3.0371,2.1643,2.1043,4.9283,1.5001,2.0452,4.4036,1.5257,1.6304,3.3125,1.432,2.9219,3.3888,0.56476,2.4245,2.8753,0.86606,2.4448,2.9935,0.22933,2.6055,3.3312,1.6472,2.3141,4.1734,0.5786,2.4219,2.8238,1.0161,2.2589,3.5974,1.3885,1.7923,4.2765,0.31018,2.3198,3.3716,1.523,1.6062,3.2983,0.54164,2.4289,2.8543,3.2019,2.8571,6.1512,1.9466,2.5651,4.0138,2.0242,2.1953,4.6323,2.4364,2.7594,5.0628,1.898,1.9027,3.8611,1.3017,1.7375,3.7173,2.1809,2.1306,4.9695,1.3934,2.6155,3.9774,0.90408,3.0852,2.7318,4.7666,2.9183,0.47383,1.3037,2.7051,4.3634,1.9204,1.9316,3.9107,1.2978,2.6503,2.9234,0.57344,2.734,3.2014,1.0304,2.888,4.2187,0.70715,2.5499,2.6747,0.67376,2.0191,2.9159,0.56199,2.4081,3.3987,1.5722,2.1674,4.2825,1.432,2.7242,4.4831,0.54953,1.9947,2.9983,1.9945,1.8451,3.8041,1.1919,1.8136,3.6831,2.2676,2.6602,4.7226,1.3631,1.6,4.114,1.3623,2.1544,3.1586,0.60832,2.0156,3.0115,0.50459,2.4345,2.6206,1.6606,2.344,4.1883,2.2977,2.6559,4.7929,0.57803,2.021,2.9777,1.5905,1.7157,3.3465,0.53627,3.0541,2.4097,0.64019,2.5498,2.6242,3.0407,2.744,6.0492,0.0093081,2.8924,2.6742,4.7049,2.9489,0.40052,2.2735,2.3318,3.6241,1.1696,3.0406,3.9991,1.3222,2.3683,3.4604,1.007,3.0601,3.8351,2.3475,2.2308,3.7433,1.186,1.7739,3.68,2.428,2.3541,4.5801,2.5176,2.6748,4.0555,1.3345,2.6751,4.3873,1.8952,1.8531,3.8436,1.1894,2.7084,3.706,2.3482,2.4473,4.927,1.5695,2.5665,3.3782,2.1633,2.224,4.1211,0.78004,1.9335,3.3412,2.2829,2.3991,3.6672,2.2576,2.3921,3.6277,2.2463,1.9703,4.982,2.604,2.274,4.7863,2.3415,2.2519,3.767,1.386,1.6059,3.8634,2.2692,2.6645,4.7558,1.9011,1.8818,3.8492,0.77525,2.1201,4.0599,1.5927,1.7744,4.2446,2.3161,2.6735,4.8154,1.451,2.3735,3.2668,6.0121,2.9046,2.3173,1.8425,1.7856,3.5269,1.8765,2.9271,4.1698,2.0804,1.9736,4.8436,1.1665,2.5809,4.3388,1.9456,2.162,4.8723,1.6127,1.7122,3.9588,1.6115,2.0229,3.3504,1.0834,2.6884,3.617,0.98976,2.7847,3.8613,1.4564,2.4581,3.8944,1.1498,2.7235,3.6479,1.8081,1.6825,4.0762,0.93025,2.4584,2.8061,1.9501,2.1087,4.434,0.22827,2.7553,2.987,1.0614,1.9424,4.2719,0.98777,2.2991,3.0923,1.6713,2.3953,4.6015,0.97037,2.0469,2.8741,0.72541,1.981,2.7375,1.5971,1.7085,3.9636,0.94392,2.4476,2.8402,1.351,1.5796,3.8454,2.7395,2.5721,4.6103,1.0853,2.1785,3.5953,1.1631,2.735,3.6802,1.9768,1.9774,4.499,1.048,1.9488,4.2631,1.8654,1.656,3.4636,1.6681,2.5203,4.006,2.1474,2.5281,4.905,2.1142,2.3998,3.655,1.2849,3.0416,3.5036,1.4601,1.4757,4.2019,0.64345,2.9867,3.6573,1.6218,1.6882,4.2098,0.73701,1.9929,2.7392,0.70875,2.1999,3.9627,2.6615,2.5897,4.532,2.0256,2.1033,3.4115,1.4244,2.8345,3.5657,1.0715,2.262,3.5823,2.5538,2.0356,4.5225,1.4734,1.7221,4.4248,1.552,2.5707,3.5785,2.0573,2.3467,4.101,2.6583,2.3377,4.9498,0.49901,2.5276,3.0191
10.386,0.041729,287.26,4.7935,0.14871,787.79,1.4628,1.8088,4.1172,1.2844,2.2447,4.2514,1.1713,1.9572,4.2346,2.4419,2.6205,4.2817,0.85385,2.0296,4.2895,1.5074,2.5525,3.888,3.1734,2.8319,6.031,1.1504,1.9663,4.241,1.7287,1.6385,4.2168,1.3135,2.2326,4.3212,0.83219,2.0665,4.2244,3.0147,2.8263,4.5752,5.5251,2.685,1.2718,1.3185,2.715,3.698,0.90192,2.1488,3.0097,2.5336,2.1367,4.5695,1.4542,1.6472,3.9244,0.6522,2.6275,3.8016,2.0336,1.7675,3.5212,1.0929,2.3887,3.1905,0.13047,2.3074,3.3624,1.7592,1.6765,3.4114,1.9326,2.7362,4.2169,1.7852,1.7066,3.4215,1.4597,1.6171,3.9492,0.39261,2.1809,3.1411,2.1087,2.4216,4.473,1.4662,1.7137,3.2109,0.80416,1.9389,2.7187,3.096,2.8404,5.9422,2.0465,1.8037,3.5265,1.0163,2.742,2.9131,1.8351,2.589,4.0561,0.65347,1.9264,2.7769,1.0423,2.4125,3.1122,1.9107,1.9109,4.5391,1.6858,1.6415,3.9005,0.52828,2.1792,3.7993,1.1853,2.5589,3.7547,0.91658,2.1505,3.1736,2.6892,2.3693,4.4686,2.1455,2.2413,4.7854,1.4982,1.6769,3.956,1.8974,1.9378,4.5345,1.525,2.2317,3.2602,0.7477,2.1859,3.068,2.456,2.4211,4.4124,1.9231,2.5782,4.7868,1.8582,2.6074,4.7431,2.66,2.3747,4.4759,1.2939,2.5416,3.894,1.7498,2.2519,4.3764,1.9554,2.9895,3.8718,0.61781,2.47,2.5816,1.492,2.0976,4.6179,2.0208,2.9896,3.9409,0.30881,2.4051,3.3335,1.6544,1.5816,4.0687,0.69296,2.0804,3.0487,2.2415,2.2659,4.6605,0.7344,2.5339,3.1539,0.93837,2.1515,3.1819,0.082432,2.8858,1.9007,2.049,2.0376,4.6839,2.6531,2.3831,4.4649,2.556,2.2804,5.0857,1.9397,2.6328,4.2431,1.0915,1.7555,4.0113,4.6437,2.8771,0.51364,0.85703,2.1452,3.0196,1.3247,2.0715,4.3405,1.0424,2.1166,3.4713,2.1279,2.676,4.3706,1.7293,1.5571,4.1272,1.2358,2.5114,3.1359,0.79937,2.46,3.7484,2.089,1.8604,3.6639,1.5345,2.4704,3.416,1.599,2.5654,3.6042,1.6122,1.6001,4.2485,1.9077,2.6762,4.3595,1.9754,2.6791,4.4346,3.4533,2.7524,6.1994,1.7435,1.5447,4.1153,1.7609,1.9901,3.4533,2.0045,2.9164,4.8051,1.2187,2.5275,3.1681,2.6006,2.4441,4.9343,1.0811,2.6157,4.0649,1.5468,2.4499,3.4369,1.112,1.8323,4.0662,1.6704,1.5588,4.0631,1.7456,1.9884,3.4316,0.23752,2.9178,3.2974,2.9518,2.2874,4.6654,1.3025,1.9457,4.2174,1.3128,2.628,3.4541,1.4123,2.4433,3.3351,1.8715,1.9061,3.6602,1.9388,2.4546,4.0315,1.0462,2.2905,3.1617,2.5392,2.0097,5.139,1.2675,2.6459,3.3937,1.3823,2.466,3.3022,0.30488,2.9309,3.3492,0.64862,1.855,2.8038,1.656,1.9676,4.4978,1.4702,1.7885,4.1508,5.413,2.8872,1.7398,0.81369,2.1095,2.8165,1.051,2.6455,4.0502,2.2419,2.5118,3.6224,2.5434,2.4055,4.8676,2.9112,2.6709,4.6138,2.1294,2.5011,4.4926,2.3542,2.1295,4.2475,0.76813,2.0697,3.2823,0.47355,2.4326,3.0319,0.59761,2.1438,3.706,2.3589,2.4198,4.4683,0.89745,2.4361,2.985,1.241,1.5832,4.2768,1.6767,2.0277,3.4373,6.1131,2.6722,1.8551,3.4006,2.9195,0.12791,0.85216,2.3769,3.0392,1.6562,1.6344,4.0663,1.5085,1.9043,3.169,0.78833,2.4253,2.9347,2.1612,2.3404,4.8823,1.1976,2.5637,3.1326,1.0301,1.975,3.4971,0.4435,1.9818,3.3041,1.7163,2.0121,3.4164,2.4095,2.1162,4.2415,2.2015,2.156,5.0067,1.2655,1.6694,3.8464,0.70284,1.9858,2.7693,2.2063,2.1834,5.0266,2.3707,2.2327,4.5573,1.5792,2.4218,3.9702,4.4053,2.9183,0.31659,1.9544,2.4158,4.02,0.81204,1.9576,4.1204,1.2862,2.6317,4.2783,3.7165,2.8106,6.0687,1.5499,1.6355,3.3027,0.24581,2.2978,3.2984,5.16,2.9107,1.1001,0.62006,2.748,3.3339,1.3368,2.5235,3.0403,2.1667,2.1017,4.9262,1.5009,2.0405,4.4072,1.5257,1.6304,3.314,1.4351,2.9214,3.3899,0.5722,2.4226,2.8858,0.86344,2.4439,2.9945,0.22927,2.6047,3.3301,1.6496,2.3173,4.1769,0.58552,2.4207,2.83,1.013,2.2656,3.592,1.3882,1.7914,4.275,0.30942,2.3208,3.3699,1.5227,1.6049,3.2991,0.54703,2.428,2.8625,3.2143,2.8557,6.1654,1.9428,2.5635,4.0123,2.0275,2.1958,4.6348,2.4222,2.7576,5.0469,1.8982,1.8977,3.8585,1.3018,1.7327,3.7191,2.1832,2.129,4.9687,1.3934,2.6136,3.976,0.88775,3.0855,2.7147,4.771,2.9131,0.47791,1.3077,2.7059,4.3667,1.9212,1.9299,3.9124,1.3009,2.6512,2.9271,0.58327,2.7314,3.2131,1.0378,2.8867,4.226,0.71519,2.5522,2.6799,0.67284,2.0233,2.9128,0.56314,2.4085,3.3974,1.5724,2.1656,4.2856,1.4428,2.7255,4.4927,0.54462,1.9968,2.9912,1.9951,1.8421,3.8038,1.1915,1.8112,3.6856,2.2598,2.6565,4.7113,1.3614,1.6036,4.1097,1.3604,2.1539,3.1578,0.60663,2.0196,3.0058,0.50693,2.4335,2.6237,1.6644,2.3499,4.1921,2.2896,2.6514,4.7828,0.57447,2.0247,2.97,1.5919,1.7157,3.3478,0.53468,3.055,2.4057,0.64327,2.5523,2.6253,3.0502,2.7433,6.0603,0.025557,2.8938,2.6835,4.7077,2.9464,0.40223,2.2703,2.3266,3.6165,1.1781,3.0375,4.0101,1.315,2.3737,3.4549,1.0126,3.0592,3.8435,2.3464,2.2305,3.7395,1.1853,1.7689,3.6826,2.4283,2.355,4.581,2.5132,2.677,4.057,1.3386,2.6749,4.3899,1.8956,1.8455,3.8404,1.1924,2.7034,3.7082,2.3441,2.4452,4.9184,1.5671,2.5636,3.3831,2.1634,2.227,4.1231,0.77917,1.9359,3.3386,2.2791,2.3982,3.6616,2.2522,2.3907,3.6199,2.25,1.9739,4.9856,2.602,2.2732,4.7861,2.3401,2.2532,3.7647,1.3863,1.6066,3.8653,2.2597,2.6604,4.7438,1.9019,1.8766,3.8458,0.77519,2.1187,4.0657,1.5922,1.7707,4.2437,2.3084,2.6702,4.8059,1.4512,2.3731,3.267,6.019,2.906,2.3258,1.8422,1.7849,3.5297,1.8725,2.9211,4.1639,2.0847,1.9748,4.8482,1.17,2.581,4.3424,1.9491,2.1628,4.8725,1.6129,1.7076,3.9584,1.6122,2.024,3.3484,1.0859,2.6842,3.6186,0.99339,2.7822,3.8628,1.4608,2.4609,3.898,1.1511,2.7194,3.6475,1.8063,1.6765,4.0755,0.93122,2.4585,2.8076,1.953,2.1114,4.4372,0.23781,2.7521,2.9957,1.0601,1.9413,4.2725,0.9892,2.2974,3.0961,1.674,2.3954,4.6028,0.96957,2.045,2.8755,0.7246,1.98,2.7375,1.5964,1.7038,3.9634,0.94529,2.447,2.8438,1.3491,1.5788,3.846,2.7385,2.5712,4.6099,1.0849,2.1815,3.5929,1.1654,2.7313,3.6818,1.9768,1.9768,4.5002,1.0462,1.9479,4.2635,1.8662,1.6562,3.4644,1.6683,2.5221,4.0063,2.1498,2.5267,4.9041,2.1119,2.401,3.6518,1.2912,3.0396,3.5091,1.4609,1.4762,4.2001,0.64248,2.9861,3.6574,1.6223,1.6845,4.2085,0.73668,1.9924,2.7391,0.70973,2.2005,3.9635,2.66,2.5889,4.5318,2.0276,2.1019,3.4102,1.4263,2.8293,3.5674,1.0703,2.2663,3.5788,2.5553,2.038,4.5262,1.4725,1.7215,4.425,1.5492,2.5697,3.5787,2.0572,2.35,4.1029,2.6563,2.3361,4.9472,0.50193,2.5276,3.0224
10.386,0.041729,287.26,4.7935,0.15746,785.07,1.4592,1.8062,4.1144,1.2855,2.2459,4.2537,1.1678,1.9551,4.2343,2.4389,2.6182,4.2811,0.85334,2.0286,4.2928,1.5065,2.5558,3.8874,3.1843,2.8303,6.0445,1.1459,1.9644,4.2414,1.7278,1.634,4.2145,1.3154,2.2327,4.3272,0.83105,2.0668,4.2255,3.0214,2.8256,4.5792,5.5164,2.6786,1.2632,1.3207,2.7095,3.6998,0.89865,2.1488,3.0087,2.5377,2.1423,4.5781,1.4531,1.6461,3.9257,0.65171,2.6302,3.7962,2.0355,1.7676,3.5239,1.0902,2.3867,3.1939,0.12,2.3081,3.3479,1.7573,1.6759,3.413,1.9249,2.7311,4.2079,1.7852,1.7082,3.4235,1.4594,1.6147,3.9511,0.39298,2.1831,3.1384,2.1121,2.4242,4.4769,1.4657,1.7165,3.2116,0.80288,1.9413,2.717,3.1033,2.8403,5.9519,2.0499,1.8058,3.5299,1.0166,2.744,2.9144,1.8369,2.5895,4.0601,0.65499,1.9292,2.7765,1.0393,2.4107,3.1143,1.9117,1.9106,4.5422,1.686,1.6393,3.9013,0.53076,2.177,3.8047,1.1859,2.5641,3.755,0.91139,2.1548,3.1685,2.698,2.3726,4.4785,2.1502,2.2457,4.7915,1.5,1.6774,3.9584,1.8989,1.9396,4.5374,1.5283,2.2348,3.2599,0.74258,2.1915,3.0616,2.4586,2.4235,4.4187,1.9218,2.5772,4.7791,1.8547,2.608,4.7353,2.6698,2.3788,4.4906,1.2942,2.5446,3.891,1.7549,2.2533,4.3819,1.9511,2.9848,3.8659,0.62336,2.4702,2.5868,1.4877,2.1012,4.6173,2.0196,2.9839,3.9385,0.3041,2.4061,3.3281,1.654,1.5793,4.0676,0.69187,2.0827,3.0464,2.2407,2.2666,4.6598,0.73819,2.5287,3.1618,0.93524,2.1553,3.1781,0.079653,2.885,1.8966,2.0541,2.0413,4.6904,2.6614,2.387,4.4773,2.5501,2.2771,5.0795,1.9335,2.6223,4.2369,1.0923,1.7495,4.0154,4.6445,2.8702,0.51406,0.85551,2.1466,3.0184,1.3262,2.0699,4.3444,1.041,2.1187,3.4694,2.1197,2.6712,4.361,1.7317,1.5539,4.125,1.2407,2.509,3.1388,0.80239,2.4618,3.7472,2.0912,1.857,3.6602,1.5303,2.4723,3.4125,1.5969,2.567,3.6059,1.6099,1.5968,4.2485,1.8996,2.6669,4.3494,1.9707,2.671,4.429,3.4596,2.7503,6.2045,1.7466,1.5414,4.1121,1.7645,1.9891,3.4538,1.9978,2.915,4.7981,1.2218,2.5261,3.1724,2.5987,2.4441,4.9311,1.0841,2.616,4.0643,1.5435,2.451,3.435,1.1076,1.8336,4.0643,1.6712,1.5558,4.0619,1.7483,1.9872,3.4309,0.23599,2.9159,3.2961,2.956,2.2865,4.6703,1.3015,1.9453,4.2181,1.3149,2.626,3.4599,1.4096,2.4427,3.335,1.8738,1.9011,3.6567,1.9385,2.4608,4.0345,1.0433,2.2908,3.1603,2.5389,2.0084,5.1388,1.2694,2.6443,3.3991,1.3778,2.4663,3.3002,0.30506,2.9297,3.3493,0.64683,1.8571,2.7978,1.6519,1.9646,4.5008,1.471,1.7849,4.1522,5.4061,2.8863,1.7337,0.81319,2.1091,2.8182,1.0519,2.6479,4.0486,2.2478,2.5093,3.6255,2.5386,2.4032,4.861,2.9186,2.6685,4.62,2.1283,2.5,4.4909,2.3551,2.1322,4.2519,0.76668,2.0751,3.2757,0.48126,2.4302,3.0398,0.59716,2.1438,3.7056,2.3545,2.4147,4.4693,0.90619,2.434,2.9929,1.2396,1.5832,4.2751,1.6746,2.0289,3.4362,6.1021,2.6703,1.8433,3.4099,2.9179,0.13824,0.85458,2.3721,3.0464,1.656,1.6342,4.0651,1.5094,1.9067,3.1682,0.78967,2.423,2.9381,2.1612,2.3398,4.8783,1.2003,2.5642,3.1359,1.0316,1.9754,3.4967,0.43754,1.9818,3.3095,1.717,2.012,3.4141,2.4113,2.1188,4.2451,2.2044,2.1557,5.0075,1.2634,1.6647,3.8486,0.70401,1.9861,2.7702,2.2096,2.1846,5.0284,2.3738,2.2351,4.5628,1.5799,2.4285,3.9705,4.4137,2.9123,0.32436,1.9545,2.4208,4.0218,0.81052,1.9574,4.1201,1.2935,2.635,4.2826,3.7262,2.808,0.31068,1.5512,1.6367,3.3039,0.24159,2.2973,3.2924,5.1595,2.9053,1.1005,0.62204,2.7458,3.3366,1.3401,2.5243,3.0433,2.169,2.0992,4.9242,1.5015,2.0358,4.4107,1.5258,1.6302,3.3156,1.4381,2.9208,3.3911,0.57954,2.4207,2.8963,0.86098,2.4429,2.9955,0.22912,2.6038,3.3288,1.6519,2.3203,4.1803,0.5922,2.4194,2.836,1.0098,2.2721,3.5866,1.3878,1.7905,4.2735,0.30867,2.3219,3.3683,1.5224,1.6035,3.3,0.55228,2.4271,2.8703,3.2261,2.8542,6.1793,1.939,2.5618,4.0108,2.0308,2.1963,4.6372,2.4081,2.7556,5.0311,1.8985,1.8925,3.856,1.3019,1.728,3.721,2.1854,2.1273,4.968,1.3934,2.6117,3.9747,0.87115,3.0858,2.6975,4.7752,2.9078,0.48199,1.3118,2.7066,4.3701,1.9221,1.9281,3.9142,1.3039,2.6521,2.9308,0.59251,2.729,3.2241,1.0452,2.8853,4.2333,0.72296,2.5544,2.6849,0.67201,2.0274,2.9101,0.56431,2.4088,3.396,1.5726,2.1636,4.2884,1.4534,2.7268,4.5023,0.53982,1.9989,2.9843,1.9957,1.8393,3.8036,1.1912,1.809,3.688,2.2527,2.6529,4.7008,1.3595,1.6069,4.1055,1.3584,2.1533,3.1568,0.60498,2.0235,3.0002,0.5092,2.4326,2.6267,1.6683,2.3557,4.1957,2.282,2.6469,4.773,0.57101,2.0281,2.9627,1.5932,1.7157,3.3491,0.53277,3.056,2.4014,0.64613,2.5546,2.6263,3.0597,2.7425,6.0712,3.3283,2.895,2.6927,4.7106,2.9441,0.40409,2.2675,2.3214,3.6093,1.1857,3.0346,4.0203,1.3082,2.3789,3.4496,1.0178,3.0582,3.8513,2.3454,2.2303,3.7358,1.1846,1.7638,3.6852,2.4284,2.3559,4.5821,2.5089,2.6791,4.0586,1.3426,2.6746,4.3922,1.8959,1.8381,3.8374,1.1951,2.6984,3.7102,2.3402,2.4431,4.9102,1.5647,2.5609,3.388,2.1634,2.2298,4.1251,0.77827,1.9383,3.336,2.2755,2.3973,3.6559,2.247,2.3892,3.6122,2.2535,1.977,4.9889,2.5998,2.2722,4.7858,2.3386,2.2545,3.7626,1.3867,1.6071,3.8671,2.2505,2.6563,4.7323,1.9027,1.8715,3.8425,0.77515,2.1171,4.0713,1.5916,1.7671,4.2427,2.3009,2.667,4.7966,1.4515,2.3727,3.267,6.026,2.9073,2.3342,1.8418,1.7843,3.5323,1.8686,2.9151,4.1583,2.089,1.9758,4.8526,1.1733,2.581,4.3457,1.9523,2.1636,4.8727,1.6131,1.7031,3.9581,1.6131,2.025,3.3464,1.0883,2.6801,3.62,0.99688,2.78,3.8643,1.465,2.4634,3.9015,1.1524,2.7155,3.6469,1.8044,1.6706,4.0749,0.93219,2.4586,2.8092,1.9558,2.1141,4.4403,0.24714,2.7489,3.0043,1.0586,1.9403,4.273,0.99052,2.2956,3.0997,1.6766,2.3956,4.6041,0.96877,2.0431,2.877,0.72384,1.979,2.7376,1.5955,1.6993,3.9632,0.94659,2.4465,2.8471,1.3472,1.5779,3.8466,2.7376,2.5703,4.6095,1.0846,2.1844,3.5906,1.1676,2.7278,3.6834,1.9768,1.9763,4.5013,1.0444,1.9469,4.2639,1.867,1.6563,3.4652,1.6686,2.5238,4.0066,2.1519,2.5253,4.9034,2.1097,2.4022,3.6487,1.2974,3.0375,3.5147,1.4616,1.4768,4.1983,0.64129,2.9855,3.6572,1.6228,1.6811,4.2072,0.73637,1.9919,2.7391,0.71068,2.2012,3.9642,2.6584,2.588,4.5317,2.0296,2.1003,3.4089,1.4284,2.8242,3.5691,1.0691,2.2705,3.5753,2.5569,2.0403,4.5297,1.4716,1.7209,4.4251,1.5465,2.5687,3.579,2.0571,2.3531,4.1049,2.6542,2.3346,4.9448,0.50474,2.5276,3.0254
10.386,0.041729,287.26,4.7935,0.16621,781.8,1.4558,1.8036,4.1116,1.2867,2.2469,4.2561,1.1644,1.953,4.2339,2.436,2.6159,4.2807,0.85281,2.0276,4.2961,1.5054,2.5591,3.8867,3.1953,2.8285,6.058,1.1414,1.9624,4.2419,1.727,1.6297,4.2121,1.3174,2.2328,4.3333,0.82995,2.0671,4.2267,3.0279,2.8249,4.583,5.5081,2.6723,1.255,1.3226,2.7044,3.7014,0.89537,2.1488,3.0075,2.5419,2.1479,4.5869,1.452,1.6451,3.9271,0.65126,2.6329,3.7909,2.0373,1.7676,3.5267,1.0872,2.385,3.1969,0.10933,2.3087,3.3331,1.7555,1.6751,3.4147,1.9177,2.7261,4.1994,1.7852,1.7098,3.4255,1.4594,1.6125,3.953,0.39335,2.1853,3.1356,2.1156,2.4268,4.4807,1.4652,1.7194,3.2123,0.80161,1.9434,2.7156,3.1113,2.8401,5.9624,2.0534,1.808,3.5335,1.017,2.7461,2.9155,1.8389,2.5901,4.0642,0.6565,1.932,2.7761,1.0361,2.4092,3.1164,1.9128,1.9104,4.5455,1.686,1.6371,3.9021,0.53346,2.1746,3.8102,1.1867,2.5691,3.7554,0.90619,2.1589,3.1636,2.7066,2.3759,4.4883,2.1551,2.2502,4.7976,1.5018,1.6779,3.9607,1.9005,1.9414,4.5403,1.5318,2.2379,3.2597,0.73758,2.1968,3.0555,2.4612,2.4259,4.425,1.9205,2.5761,4.7714,1.8516,2.6088,4.7274,2.68,2.3829,4.5056,1.2945,2.5477,3.8879,1.7602,2.2546,4.3873,1.9468,2.9802,3.8602,0.62852,2.4705,2.5916,1.4832,2.1049,4.6164,2.0187,2.9779,3.9362,0.29919,2.407,3.3227,1.6535,1.5769,4.0667,0.6908,2.085,3.0444,2.2397,2.2671,4.6588,0.74174,2.5235,3.1699,0.93216,2.159,3.1743,0.07698,2.8841,1.8926,2.0592,2.0449,4.6967,2.6698,2.3907,4.4897,2.5442,2.2737,5.0736,1.9279,2.6123,4.2312,1.0931,1.7434,4.0196,4.6454,2.8635,0.51486,0.85411,2.1479,3.0176,1.3277,2.0685,4.3484,1.0395,2.121,3.4676,2.1117,2.6663,4.3515,1.7343,1.5505,4.1227,1.2455,2.5065,3.1417,0.80541,2.4633,3.7459,2.0935,1.8536,3.6565,1.5261,2.474,3.4091,1.5953,2.5684,3.6077,1.6074,1.5935,4.2486,1.8919,2.6577,4.3395,1.9666,2.6627,4.4239,3.4658,2.7483,6.2096,1.7499,1.5382,4.1088,1.7682,1.9879,3.4541,1.9911,2.9136,4.791,1.2249,2.5247,3.1764,2.5969,2.4439,4.9279,1.0872,2.6165,4.0635,1.5401,2.4519,3.4333,1.1033,1.8347,4.0623,1.672,1.5529,4.0606,1.751,1.9862,3.4302,0.23466,2.9141,3.295,2.9602,2.2857,4.6751,1.3005,1.9447,4.2189,1.3167,2.6242,3.4655,1.4069,2.4424,3.3348,1.8764,1.8961,3.6533,1.9384,2.4667,4.0374,1.0404,2.2909,3.159,2.5386,2.0072,5.1387,1.2713,2.6429,3.4046,1.3734,2.4666,3.2983,0.3052,2.9285,3.3494,0.64508,1.8593,2.7921,1.6478,1.9617,4.5034,1.4719,1.7815,4.1535,5.3994,2.8854,1.7277,0.81269,2.1088,2.8199,1.0525,2.6504,4.0471,2.2535,2.5066,3.6294,2.5341,2.4009,4.8546,2.9261,2.6659,4.6261,2.1272,2.4991,4.4892,2.3558,2.1351,4.2564,0.76498,2.0805,3.269,0.48878,2.4279,3.0476,0.5967,2.1438,3.7051,2.3496,2.4097,4.4698,0.91483,2.4319,3.0008,1.2381,1.5831,4.2733,1.6726,2.03,3.4351,6.0912,2.6683,1.8315,3.4189,2.9164,0.14811,0.85655,2.3674,3.0532,1.6558,1.634,4.064,1.5103,1.9091,3.1676,0.79088,2.4207,2.9415,2.1611,2.3391,4.8743,1.2029,2.5647,3.139,1.0331,1.9759,3.4963,0.43175,1.9818,3.3149,1.7176,2.0118,3.4118,2.4131,2.1214,4.2487,2.2072,2.1553,5.008,1.2611,1.66,3.8508,0.70516,1.9862,2.7712,2.2128,2.1858,5.0301,2.3767,2.2375,4.5682,1.5807,2.4349,3.9708,4.4216,2.9065,0.33187,1.9545,2.4257,4.0236,0.80902,1.9573,4.1196,1.3008,2.6382,4.2869,3.7356,2.8054,6.2099,1.5524,1.6378,3.3049,0.23743,2.297,3.2866,5.1589,2.8998,1.1008,0.62383,2.7437,3.3391,1.3433,2.5251,3.0464,2.1713,2.0966,4.9223,1.5021,2.031,4.4142,1.5258,1.6301,3.3171,1.4412,2.9204,3.3922,0.58676,2.4188,2.9066,0.85865,2.4418,2.9967,0.22886,2.6029,3.3273,1.6542,2.3232,4.1837,0.59858,2.4183,2.8419,1.0065,2.2787,3.5811,1.3876,1.7895,4.2718,0.30793,2.3228,3.3668,1.5221,1.6021,3.301,0.55734,2.4263,2.8781,3.2377,2.8528,6.1925,1.9352,2.5601,4.0094,2.034,2.1966,4.6395,2.3943,2.7536,5.0156,1.8986,1.8872,3.8535,1.3019,1.7234,3.7227,2.1876,2.1256,4.9673,1.3935,2.6097,3.9735,0.85436,3.0862,2.6799,4.7794,2.9026,0.48604,1.316,2.7073,4.3737,1.9229,1.9264,3.9159,1.3069,2.653,2.9344,0.60113,2.7266,3.2344,1.0526,2.8838,4.2407,0.73037,2.5566,2.6895,0.67125,2.0314,2.9076,0.56555,2.4091,3.3948,1.5726,2.1615,4.2912,1.4637,2.728,4.5115,0.53516,2.0008,2.9776,1.9962,1.8364,3.8034,1.1908,1.8067,3.6905,2.2463,2.6494,4.691,1.3577,1.61,4.1013,1.3563,2.1527,3.1559,0.60338,2.0273,2.9948,0.51138,2.4317,2.6298,1.6722,2.3613,4.1994,2.2747,2.6426,4.7636,0.56769,2.0314,2.9557,1.5946,1.7157,3.3503,0.53054,3.0571,2.397,0.64881,2.5571,2.627,3.0691,2.7416,6.0821,5.5102,2.8962,2.7019,4.7135,2.9419,0.4061,2.2649,2.3162,3.6023,1.1924,3.0317,4.0295,1.3015,2.3836,3.4445,1.0222,3.0574,3.8585,2.3444,2.2301,3.7322,1.1838,1.759,3.6878,2.4286,2.3568,4.583,2.5047,2.681,4.0603,1.3464,2.6743,4.3944,1.8961,1.8308,3.8344,1.1977,2.6935,3.7122,2.3366,2.4412,4.9023,1.5623,2.5583,3.3926,2.1636,2.2326,4.1271,0.77734,1.9408,3.3334,2.2719,2.3964,3.6504,2.242,2.3877,3.6047,2.2569,1.9799,4.9919,2.5977,2.2713,4.7856,2.3373,2.2559,3.7605,1.3871,1.6076,3.8688,2.2418,2.6523,4.7213,1.9035,1.8664,3.8393,0.7751,2.1157,4.0768,1.5912,1.7635,4.2416,2.2936,2.6638,4.7876,1.4518,2.3725,3.2672,6.0329,2.9085,2.3427,1.8416,1.7836,3.5349,1.8652,2.9092,4.153,2.0931,1.9768,4.8567,1.1766,2.5811,4.349,1.9555,2.1644,4.8729,1.6134,1.6987,3.9576,1.614,2.0261,3.3445,1.0905,2.6762,3.6214,1.0001,2.7778,3.8655,1.4692,2.4658,3.905,1.1536,2.7118,3.6465,1.8026,1.665,4.0743,0.93311,2.4587,2.8107,1.9587,2.1167,4.4434,0.25622,2.7457,3.0126,1.0574,1.9392,4.2735,0.99176,2.2941,3.1032,1.6793,2.3957,4.6054,0.96798,2.0414,2.8782,0.72312,1.9781,2.7377,1.5948,1.695,3.9631,0.94781,2.4459,2.8505,1.3454,1.577,3.8471,2.7368,2.5694,4.6092,1.0841,2.1873,3.5883,1.1696,2.7243,3.685,1.9768,1.9758,4.5024,1.0428,1.9458,4.2644,1.8676,1.6565,3.466,1.6689,2.5254,4.0069,2.1542,2.524,4.9026,2.1075,2.4034,3.6456,1.3035,3.0355,3.5201,1.4624,1.4772,4.1966,0.63991,2.9849,3.6568,1.6235,1.6777,4.206,0.73607,1.9914,2.7391,0.71159,2.2019,3.965,2.657,2.5873,4.5314,2.0316,2.0988,3.4076,1.4302,2.8193,3.5707,1.0678,2.2746,3.5719,2.5585,2.0426,4.5333,1.4708,1.7204,4.4253,1.5439,2.5677,3.5792,2.057,2.3562,4.1069,2.6524,2.3331,4.9424,0.50743,2.5276,3.0285
10.386,0.041729,287.26,4.7935,0.17496,778.47,1.4522,1.8009,4.1089,1.2879,2.248,4.2584,1.161,1.9509,4.2336,2.4332,2.6136,4.2803,0.85228,2.0267,4.2992,1.5044,2.5621,3.8858,3.2064,2.8268,6.0717,1.137,1.9605,4.2424,1.7262,1.6253,4.2096,1.3191,2.2328,4.3392,0.82888,2.0675,4.2279,3.0342,2.8241,4.5869,5.4999,2.666,1.2471,1.3244,2.6997,3.7026,0.89211,2.1488,3.0064,2.5461,2.1534,4.5956,1.4509,1.6441,3.9284,0.65084,2.6356,3.7856,2.0391,1.7678,3.5294,1.0837,2.3834,3.1993,0.098546,2.3092,3.3183,1.7536,1.6744,3.4163,1.9109,2.7212,4.1915,1.7853,1.7112,3.4275,1.4595,1.6105,3.9547,0.39375,2.1874,3.1328,2.119,2.4295,4.4843,1.4647,1.7223,3.2131,0.80036,1.9454,2.714,3.1199,2.8399,5.9734,2.0573,1.8102,3.5372,1.0171,2.7483,2.9163,1.8409,2.5908,4.0685,0.65798,1.9348,2.7758,1.0325,2.4075,3.1182,1.914,1.9103,4.5488,1.6861,1.6351,3.903,0.53638,2.1721,3.8161,1.1874,2.574,3.7559,0.90103,2.1631,3.1587,2.7152,2.3789,4.4977,2.1598,2.2547,4.8039,1.5035,1.6782,3.9628,1.9023,1.9433,4.5433,1.5356,2.2411,3.2594,0.73278,2.2019,3.05,2.4637,2.4283,4.4313,1.9196,2.5749,4.7636,1.8486,2.6094,4.7197,2.6904,2.3867,4.5208,1.2946,2.5507,3.8848,1.7656,2.256,4.3928,1.9426,2.9755,3.8546,0.63332,2.4707,2.596,1.4787,2.1089,4.6154,2.0176,2.9717,3.9341,0.29408,2.4079,3.3169,1.6531,1.5747,4.0656,0.68977,2.0869,3.0423,2.2385,2.2674,4.6576,0.74491,2.5183,3.1776,0.92914,2.1625,3.1707,0.074439,2.8831,1.8888,2.0645,2.0484,4.7029,2.678,2.3942,4.502,2.5386,2.2701,5.068,1.9228,2.6028,4.226,1.094,1.7373,4.0238,4.6462,2.8573,0.51595,0.85284,2.1492,3.0169,1.3293,2.0668,4.3521,1.038,2.1232,3.4656,2.104,2.6615,4.3425,1.737,1.5471,4.1205,1.2503,2.5041,3.1444,0.80843,2.4649,3.7446,2.0957,1.8504,3.6529,1.5219,2.4757,3.4056,1.5936,2.5697,3.6099,1.6049,1.5904,4.2486,1.8847,2.6486,4.3303,1.9626,2.6548,4.4191,3.4719,2.7463,6.2145,1.7532,1.5349,4.1054,1.7717,1.9868,3.4546,1.9847,2.9122,4.784,1.2279,2.5234,3.1805,2.5951,2.4439,4.9248,1.0901,2.6168,4.0629,1.5367,2.4529,3.4316,1.0991,1.8357,4.0607,1.6729,1.5501,4.0594,1.7538,1.985,3.4294,0.23351,2.9123,3.2939,2.9643,2.2846,4.6796,1.2994,1.9442,4.2197,1.3187,2.6223,3.4713,1.4041,2.4419,3.3346,1.8789,1.8912,3.65,1.9383,2.4724,4.0404,1.0375,2.2911,3.1576,2.5383,2.0061,5.1386,1.2732,2.6413,3.4103,1.369,2.4667,3.2964,0.30534,2.9272,3.3495,0.64339,1.8611,2.7865,1.6435,1.9592,4.5058,1.4727,1.7781,4.1549,5.393,2.8845,1.7221,0.81218,2.1086,2.8214,1.0531,2.6527,4.0455,2.2589,2.5039,3.6339,2.5297,2.3987,4.8484,2.9335,2.6633,4.6322,2.1262,2.4983,4.4878,2.3567,2.1379,4.2608,0.76308,2.0856,3.2621,0.49607,2.4256,3.0551,0.59625,2.1437,3.7048,2.3446,2.4048,4.4703,0.92329,2.43,3.0085,1.2367,1.5831,4.2714,1.6705,2.0312,3.4339,6.0805,2.6662,1.8201,3.4272,2.9147,0.15743,0.85802,2.363,3.0593,1.6555,1.6337,4.0629,1.5111,1.9115,3.1668,0.79195,2.4185,2.9447,2.1611,2.3385,4.8704,1.2054,2.5652,3.1422,1.0346,1.9762,3.496,0.42617,1.9818,3.3205,1.7182,2.0116,3.4096,2.415,2.1241,4.2524,2.2099,2.155,5.0086,1.2586,1.6556,3.8527,0.70629,1.9863,2.7721,2.2158,2.1867,5.0315,2.3797,2.2399,4.5734,1.5813,2.4411,3.9709,4.4293,2.9007,0.33912,1.9547,2.4306,4.0255,0.80756,1.9572,4.1192,1.3081,2.6414,4.2913,3.7446,2.8029,0.031328,1.5536,1.639,3.306,0.23339,2.2965,3.2811,5.1583,2.8944,1.1014,0.62538,2.7415,3.3414,1.3463,2.526,3.0492,2.1738,2.0942,4.9205,1.5026,2.0263,4.4178,1.5258,1.6298,3.3186,1.4442,2.9199,3.3933,0.59382,2.4169,2.9168,0.85647,2.4407,2.9979,0.22851,2.6021,3.3259,1.6565,2.3259,4.1872,0.6047,2.4171,2.8475,1.0031,2.2852,3.5755,1.3871,1.7884,4.2703,0.30719,2.3237,3.3654,1.5216,1.6007,3.302,0.56224,2.4255,2.8856,3.2487,2.8511,6.2054,1.9315,2.5586,4.0079,2.0372,2.1969,4.6417,2.3807,2.7515,5.0001,1.8986,1.8821,3.8511,1.3019,1.7189,3.7245,2.1897,2.124,4.9666,1.3936,2.6081,3.9723,0.83751,3.0865,2.6626,4.7833,2.8973,0.49008,1.3202,2.7081,4.3774,1.9238,1.9249,3.9176,1.3098,2.6539,2.9381,0.60919,2.7243,3.2442,1.0601,2.8822,4.2482,0.73747,2.5588,2.6939,0.67056,2.0352,2.9054,0.56684,2.4094,3.3936,1.5727,2.1594,4.2939,1.4737,2.729,4.5206,0.53065,2.0027,2.971,1.9966,1.8337,3.8033,1.1905,1.8045,3.6928,2.2404,2.6461,4.682,1.3558,1.613,4.0971,1.3543,2.152,3.1549,0.60182,2.0309,2.9897,0.51348,2.4309,2.6326,1.6761,2.3667,4.2029,2.2678,2.6382,4.7548,0.56451,2.0345,2.9489,1.5958,1.7156,3.3516,0.52807,3.058,2.3923,0.65125,2.5596,2.6275,3.0784,2.7407,6.0927,0.024547,2.8974,2.711,4.7165,2.9398,0.40823,2.2625,2.3112,3.5954,1.1983,3.0289,4.0376,1.2951,2.388,3.4398,1.0263,3.0566,3.8653,2.3434,2.2299,3.7287,1.183,1.7541,3.6904,2.4288,2.3577,4.584,2.5006,2.6828,4.0619,1.3503,2.674,4.3966,1.8964,1.8235,3.8316,1.2002,2.6888,3.714,2.3334,2.4393,4.8948,1.5601,2.5559,3.3972,2.1637,2.2356,4.1293,0.77638,1.9433,3.3308,2.2685,2.3954,3.6451,2.2371,2.3861,3.5974,2.2601,1.9826,4.9946,2.5958,2.2704,4.7853,2.3358,2.2573,3.7586,1.3874,1.6079,3.8704,2.2336,2.6483,4.7108,1.9044,1.8615,3.836,0.77508,2.1142,4.082,1.5906,1.7599,4.2407,2.2866,2.6606,4.7789,1.4521,2.3722,3.2673,6.04,2.9098,2.3513,1.8414,1.783,3.5373,1.8619,2.9036,4.1481,2.0971,1.9778,4.8605,1.1797,2.5811,4.352,1.9585,2.1652,4.873,1.6136,1.6946,3.9573,1.615,2.0272,3.3427,1.0927,2.6725,3.6227,1.0034,2.7757,3.8667,1.4732,2.468,3.9084,1.1548,2.7082,3.6459,1.801,1.6596,4.0737,0.93401,2.4588,2.8121,1.9614,2.1192,4.4465,0.26506,2.7425,3.0205,1.0561,1.9382,4.2741,0.99289,2.2925,3.1065,1.6818,2.3957,4.6068,0.9672,2.0398,2.8794,0.72243,1.9771,2.7377,1.594,1.6908,3.963,0.94898,2.4454,2.8536,1.3435,1.5762,3.8477,2.736,2.5685,4.609,1.0837,2.1902,3.586,1.1717,2.721,3.6863,1.9767,1.9752,4.5034,1.0412,1.9448,4.2649,1.8684,1.6567,3.4669,1.6692,2.527,4.0073,2.1564,2.5226,4.9019,2.1055,2.4046,3.6427,1.3094,3.0336,3.5254,1.4632,1.4777,4.1949,0.63837,2.9844,3.6561,1.6241,1.6744,4.2048,0.73579,1.9908,2.7391,0.71244,2.2025,3.9656,2.6555,2.5865,4.5314,2.0335,2.0975,3.4065,1.4319,2.8146,3.5723,1.0666,2.2785,3.5684,2.5601,2.0448,4.5369,1.47,1.7199,4.4255,1.5415,2.5668,3.5795,2.057,2.3591,4.1086,2.6507,2.3317,4.9402,0.51002,2.5276,3.0313
10.386,0.041729,287.26,4.7935,0.1837,775.88,1.4488,1.7982,4.1062,1.2891,2.2489,4.2609,1.1578,1.9487,4.2333,2.4305,2.6114,4.2801,0.85171,2.026,4.3022,1.5034,2.5651,3.885,3.2176,2.8248,6.0853,1.1326,1.9585,4.2429,1.7255,1.6212,4.2071,1.3209,2.2328,4.345,0.82786,2.0679,4.229,3.0404,2.8233,4.5905,5.4922,2.6596,1.2398,1.3258,2.6954,3.7036,0.88888,2.1487,3.0052,2.5504,2.1589,4.6043,1.4499,1.6433,3.9298,0.65047,2.6382,3.7803,2.0411,1.7679,3.5321,1.0799,2.3822,3.2012,0.087719,2.3095,3.3035,1.7516,1.6736,3.4181,1.9048,2.7167,4.1843,1.7853,1.7127,3.4295,1.4596,1.6085,3.9564,0.39418,2.1895,3.1301,2.1224,2.432,4.4879,1.4643,1.7253,3.2139,0.79916,1.9474,2.7129,3.129,2.8396,5.985,2.0611,1.8124,3.541,1.0172,2.7505,2.9171,1.8431,2.5914,4.0728,0.65945,1.9374,2.7755,1.029,2.4061,3.1199,1.9152,1.9102,4.5521,1.6861,1.6331,3.9038,0.53956,2.1694,3.8223,1.1882,2.5784,3.7565,0.89598,2.1669,3.1539,2.7235,2.3819,4.5068,2.1646,2.2589,4.81,1.5053,1.6784,3.9648,1.9041,1.9452,4.5464,1.5395,2.2442,3.2593,0.72824,2.2066,3.045,2.4662,2.4304,4.4374,1.9187,2.5738,4.7559,1.8458,2.6101,4.7122,2.7008,2.3903,4.5361,1.2948,2.5536,3.8817,1.7712,2.2572,4.3983,1.9385,2.9708,3.849,0.63783,2.4709,2.6002,1.4738,2.1129,4.6141,2.0169,2.9654,3.932,0.28903,2.4087,3.3115,1.6527,1.5724,4.0647,0.6888,2.0889,3.0405,2.2373,2.2677,4.6564,0.74767,2.513,3.185,0.9263,2.1656,3.1673,0.072025,2.8822,1.8852,2.0698,2.0517,4.7089,2.6861,2.3973,4.514,2.5333,2.2667,5.0628,1.9184,2.5938,4.2213,1.0947,1.7311,4.0279,4.6467,2.8514,0.51691,0.85167,2.1503,3.0164,1.3308,2.0654,4.3558,1.0365,2.1255,3.4636,2.0967,2.6567,4.3338,1.7398,1.5436,4.1182,1.2549,2.5017,3.147,0.81144,2.4666,3.7435,2.098,1.8472,3.6496,1.5178,2.4771,3.4024,1.5923,2.5707,3.6122,1.6023,1.5876,4.2487,1.8781,2.6398,4.3216,1.9592,2.6469,4.4145,3.478,2.7443,6.2195,1.7565,1.5316,4.102,1.7753,1.9857,3.4551,1.9783,2.9106,4.777,1.2308,2.5221,3.1842,2.5932,2.4439,4.9218,1.0931,2.6171,4.0622,1.5333,2.4538,3.4298,1.0949,1.8365,4.059,1.6737,1.5474,4.0582,1.7565,1.984,3.4288,0.23251,2.9105,3.2931,2.9682,2.2837,4.6839,1.2984,1.9436,4.2204,1.3206,2.6206,3.4769,1.4015,2.4415,3.3345,1.8815,1.8862,3.6469,1.9382,2.4779,4.0434,1.0347,2.2913,3.1563,2.5378,2.0052,5.1385,1.2752,2.64,3.416,1.3647,2.4669,3.2944,0.3055,2.926,3.3497,0.64176,1.863,2.7811,1.6393,1.9567,4.5078,1.4735,1.775,4.1561,5.3865,2.8837,1.7164,0.81166,2.1084,2.823,1.0536,2.6551,4.0438,2.2641,2.501,3.6382,2.5256,2.3966,4.8424,2.9408,2.6606,4.6381,2.1254,2.4976,4.4863,2.3576,2.1409,4.2655,0.76105,2.0906,3.2553,0.50315,2.4234,3.0623,0.59583,2.1436,3.7044,2.3399,2.4002,4.4707,0.9315,2.428,3.0159,1.2351,1.5832,4.2693,1.6684,2.0322,3.4328,6.0698,2.6641,1.8088,3.4352,2.9132,0.16627,0.85895,2.3588,3.0646,1.6553,1.6334,4.0618,1.5119,1.9138,3.1662,0.79284,2.4164,2.9476,2.1612,2.3379,4.8666,1.2079,2.5658,3.1452,1.0359,1.9765,3.4957,0.42075,1.9818,3.3261,1.7188,2.0113,3.4073,2.417,2.1269,4.2562,2.2126,2.1546,5.0091,1.2562,1.6513,3.8546,0.7074,1.9864,2.773,2.2189,2.1876,5.033,2.3826,2.2421,4.5786,1.5819,2.447,3.9711,4.4365,2.8949,0.34615,1.9547,2.4355,4.0274,0.80611,1.9571,4.1188,1.3153,2.6445,4.2956,3.7534,2.8004,0.039776,1.5547,1.6402,3.307,0.22948,2.2961,3.2757,5.1578,2.8889,1.102,0.62675,2.7394,3.3434,1.3492,2.5267,3.0519,2.1763,2.0918,4.9189,1.5031,2.0215,4.4212,1.5259,1.6295,3.3202,1.4472,2.9194,3.3942,0.6007,2.415,2.9267,0.85442,2.4396,2.9994,0.22812,2.6013,3.3244,1.6588,2.3287,4.1906,0.6107,2.4161,2.8532,0.99965,2.2918,3.5697,1.3868,1.7875,4.2685,0.30648,2.3244,3.3641,1.5213,1.5991,3.3029,0.56705,2.4249,2.8929,3.2592,2.8496,6.2177,1.9279,2.557,4.0065,2.0404,2.1971,4.644,2.3675,2.7493,4.9849,1.8986,1.8767,3.8488,1.3019,1.7146,3.7262,2.1918,2.1224,4.9659,1.3938,2.6063,3.9713,0.82045,3.0868,2.6449,4.7871,2.892,0.49413,1.3244,2.7087,4.3811,1.9245,1.9231,3.9193,1.3127,2.6546,2.9416,0.61673,2.7222,3.2533,1.0674,2.8804,4.2554,0.74433,2.561,2.698,0.66997,2.0388,2.9032,0.56813,2.4096,3.3926,1.5728,2.1571,4.2966,1.4835,2.7299,4.5296,0.52629,2.0046,2.9647,1.997,1.831,3.8033,1.1901,1.8023,3.6952,2.2351,2.6429,4.6736,1.3538,1.6159,4.0931,1.3522,2.1514,3.1541,0.60031,2.0343,2.9847,0.51555,2.4301,2.6355,1.6799,2.3721,4.2063,2.2614,2.6341,4.7463,0.56148,2.0374,2.9426,1.597,1.7156,3.3528,0.52542,3.0589,2.3875,0.65352,2.5622,2.6278,3.0876,2.7397,6.1033,0.023428,2.8983,2.7202,4.7195,2.9377,0.41051,2.2603,2.3062,3.5889,1.2036,3.0261,4.0452,1.289,2.392,3.4354,1.0299,3.0558,3.8715,2.3425,2.2298,3.7252,1.1823,1.7492,3.693,2.429,2.3584,4.5848,2.4965,2.6845,4.0636,1.3539,2.6738,4.3987,1.8966,1.8164,3.829,1.2026,2.6841,3.7158,2.3304,2.4375,4.8877,1.5577,2.5535,3.4015,2.1639,2.2385,4.1315,0.77538,1.9458,3.3282,2.2653,2.3945,3.6396,2.2323,2.3846,3.5902,2.2632,1.9851,4.9971,2.5938,2.2695,4.7851,2.3345,2.2586,3.7566,1.3878,1.6082,3.872,2.2257,2.6445,4.7008,1.9052,1.8566,3.833,0.77506,2.1129,4.0872,1.5901,1.7564,4.2398,2.2798,2.6574,4.7705,1.4524,2.372,3.2674,6.0471,2.9109,2.3599,1.8413,1.7824,3.5397,1.8589,2.8979,4.1434,2.101,1.9786,4.8641,1.1827,2.5811,4.355,1.9615,2.1661,4.8732,1.6139,1.6906,3.9569,1.6159,2.0281,3.3409,1.0945,2.669,3.6237,1.0064,2.7736,3.8676,1.4771,2.47,3.9118,1.1559,2.7047,3.6455,1.7992,1.6544,4.0732,0.9349,2.459,2.8134,1.9642,2.1218,4.4495,0.27374,2.7394,3.0284,1.0549,1.9372,4.2745,0.9939,2.2911,3.1097,1.6844,2.3958,4.608,0.96639,2.0381,2.8804,0.72176,1.9763,2.7378,1.5933,1.6869,3.9629,0.95006,2.4449,2.8567,1.3416,1.5754,3.8483,2.7353,2.5677,4.6088,1.0832,2.1931,3.5837,1.1737,2.7179,3.6877,1.9767,1.9747,4.5043,1.0395,1.9439,4.2654,1.869,1.6569,3.4676,1.6695,2.5285,4.0076,2.1585,2.5214,4.9013,2.1034,2.4057,3.6397,1.3152,3.0316,3.5306,1.4639,1.4782,4.1932,0.63668,2.9838,3.6554,1.6248,1.6713,4.2037,0.7355,1.9903,2.739,0.71328,2.2032,3.9662,2.6542,2.5859,4.5313,2.0355,2.096,3.4054,1.4336,2.81,3.5739,1.0654,2.2823,3.5652,2.5617,2.047,4.5403,1.4692,1.7194,4.4257,1.5391,2.566,3.5798,2.0569,2.362,4.1106,2.649,2.3305,4.9381,0.51254,2.5277,3.0342
10.386,0.041729,287.26,4.7935,0.19245,772.26,1.4454,1.7954,4.1036,1.2905,2.2499,4.2635,1.1545,1.9466,4.2329,2.4279,2.6092,4.28,0.85112,2.0253,4.3051,1.5023,2.5681,3.8841,3.2289,2.8226,6.099,1.1283,1.9565,4.2433,1.7248,1.6173,4.2047,1.3227,2.2329,4.3509,0.82688,2.0683,4.2302,3.0463,2.8224,4.594,5.4847,2.6533,1.2328,1.327,2.6915,3.7044,0.88563,2.1487,3.0041,2.5547,2.1642,4.6129,1.4488,1.6426,3.9312,0.65019,2.6407,3.775,2.0428,1.7679,3.5349,1.0758,2.3812,3.2025,0.076834,2.3098,3.2886,1.7497,1.6727,3.4197,1.8988,2.7121,4.1774,1.7853,1.7141,3.4315,1.4598,1.6069,3.958,0.39458,2.1916,3.1274,2.1257,2.4346,4.4915,1.464,1.7283,3.2147,0.79795,1.9491,2.7117,3.1389,2.8394,5.9975,2.0652,1.8146,3.545,1.0173,2.7529,2.9177,1.8454,2.5922,4.0774,0.66087,1.9401,2.7752,1.0251,2.4047,3.1213,1.9165,1.9102,4.5557,1.6861,1.6315,3.9049,0.54298,2.1666,3.8288,1.1891,2.5827,3.7571,0.89086,2.1709,3.1492,2.7319,2.3848,4.5156,2.1695,2.2632,4.8164,1.5071,1.6785,3.9669,1.9063,1.9471,4.5494,1.5437,2.2475,3.2592,0.72384,2.2113,3.0404,2.4686,2.4326,4.4437,1.918,2.5727,4.7481,1.8433,2.6108,4.7047,2.7114,2.3938,4.5515,1.2948,2.5565,3.8784,1.777,2.2584,4.4037,1.9345,2.9659,3.8436,0.64205,2.4711,2.604,1.4688,2.117,4.6125,2.0161,2.9589,3.9302,0.28381,2.4095,3.3058,1.6523,1.5701,4.0636,0.68786,2.0905,3.0387,2.2359,2.2678,4.6548,0.75018,2.5078,3.1925,0.92345,2.1689,3.1639,0.069824,2.8811,1.8818,2.075,2.0549,4.7148,2.6939,2.4003,4.5258,2.5281,2.263,5.0579,1.9142,2.5852,4.2168,1.0956,1.7247,4.0322,4.647,2.8458,0.51804,0.85068,2.1514,3.0163,1.3324,2.0639,4.3594,1.0349,2.1277,3.4616,2.0894,2.6519,4.3251,1.7426,1.5398,4.1157,1.2594,2.4993,3.1495,0.81448,2.468,3.7423,2.1003,1.8441,3.6462,1.5137,2.4786,3.399,1.5911,2.5716,3.6146,1.5995,1.5849,4.2489,1.8719,2.631,4.3132,1.9561,2.639,4.4104,3.4841,2.7421,6.2243,1.76,1.5284,4.0984,1.7789,1.9846,3.4556,1.972,2.909,4.77,1.2335,2.5209,3.1879,2.5916,2.4438,4.9187,1.096,2.6173,4.0614,1.5299,2.4547,3.4282,1.0909,1.8372,4.0575,1.6747,1.5447,4.057,1.7592,1.9828,3.4283,0.23176,2.9087,3.2924,2.9721,2.2827,4.6879,1.2973,1.9431,4.2211,1.3226,2.6187,3.4826,1.3989,2.441,3.3345,1.884,1.8813,3.6438,1.9382,2.4832,4.0464,1.0319,2.2913,3.1551,2.5374,2.0043,5.1385,1.2774,2.6387,3.4218,1.3604,2.467,3.2926,0.30564,2.9248,3.3499,0.64017,1.8647,2.7759,1.635,1.9543,4.5097,1.4743,1.7718,4.1574,5.3804,2.8829,1.7111,0.81115,2.1082,2.8245,1.0539,2.6573,4.0422,2.2691,2.4982,3.6429,2.5216,2.3945,4.8365,2.9481,2.6579,4.644,2.1245,2.4968,4.4849,2.3585,2.1438,4.2702,0.75887,2.0954,3.2483,0.51003,2.4212,3.0693,0.59542,2.1435,3.7041,2.3355,2.3958,4.4713,0.93956,2.4261,3.0233,1.2337,1.5834,4.2672,1.6662,2.0331,3.4315,6.0595,2.6618,1.7977,3.4426,2.9116,0.17458,0.85952,2.3549,3.0695,1.6551,1.6332,4.0607,1.5127,1.9161,3.1656,0.79362,2.4142,2.9503,2.1614,2.3373,4.863,1.2103,2.5663,3.1482,1.0373,1.9766,3.4954,0.41558,1.9818,3.3316,1.7192,2.011,3.4051,2.419,2.1296,4.26,2.2151,2.1542,5.0094,1.2536,1.6471,3.8562,0.70846,1.9866,2.7739,2.2217,2.1885,5.0344,2.3854,2.2444,4.5836,1.5825,2.4529,3.9712,4.4436,2.8891,0.35297,1.9549,2.4403,4.0292,0.8047,1.9571,4.1184,1.3225,2.6475,4.2999,3.7619,2.798,0.048969,1.5559,1.6414,3.3081,0.22566,2.2956,3.2705,5.1573,2.8835,1.1026,0.62793,2.7373,3.3453,1.3518,2.5275,3.0545,2.1788,2.0895,4.9174,1.5034,2.0168,4.4245,1.5259,1.6292,3.3216,1.4501,2.9189,3.3952,0.60739,2.4132,2.9364,0.85248,2.4385,3.001,0.2276,2.6004,3.3228,1.661,2.3312,4.194,0.61644,2.415,2.8585,0.99608,2.2982,3.564,1.3865,1.7864,4.2669,0.30577,2.3253,3.3629,1.521,1.5977,3.304,0.57169,2.4243,2.9001,3.2692,2.848,6.2298,1.9242,2.5555,4.0051,2.0434,2.1972,4.6461,2.3547,2.7471,4.9701,1.8987,1.8714,3.8466,1.3017,1.7105,3.7279,2.194,2.1208,4.9652,1.394,2.6047,3.9702,0.80324,3.0872,2.6271,4.7907,2.8867,0.49818,1.3285,2.7092,4.3849,1.9254,1.9215,3.921,1.3155,2.6555,2.9451,0.62374,2.72,3.2618,1.0746,2.8788,4.2627,0.75084,2.5633,2.7019,0.66942,2.0422,2.9013,0.56945,2.4099,3.3915,1.5728,2.1548,4.2992,1.4931,2.7308,4.5384,0.52208,2.0062,2.9585,1.9973,1.8284,3.8033,1.1898,1.8,3.6975,2.2302,2.6399,4.6659,1.352,1.6185,4.089,1.35,2.1508,3.1531,0.59884,2.0377,2.9799,0.51754,2.4292,2.6383,1.6837,2.3774,4.2097,2.2552,2.6299,4.7381,0.55857,2.0401,2.9366,1.5982,1.7156,3.3539,0.52247,3.06,2.3824,0.65557,2.5647,2.6278,3.0967,2.7386,6.1136,0.030461,2.8993,2.7293,4.7226,2.9357,0.4129,2.2583,2.3012,3.5825,1.2083,3.0234,4.0521,1.283,2.3957,3.4312,1.0332,3.0551,3.8773,2.3416,2.2296,3.7219,1.1816,1.7443,3.6956,2.4291,2.3592,4.5857,2.4926,2.686,4.0652,1.3575,2.6735,4.4007,1.8969,1.8094,3.8265,1.2049,2.6795,3.7175,2.3276,2.4358,4.8808,1.5553,2.5513,3.4056,2.1641,2.2413,4.1337,0.77438,1.9483,3.3255,2.262,2.3935,3.6343,2.2278,2.383,3.5832,2.2662,1.9873,4.9993,2.5919,2.2686,4.7849,2.3332,2.26,3.7548,1.388,1.6083,3.8735,2.2184,2.6406,4.6912,1.906,1.8517,3.8299,0.77506,2.1115,4.0923,1.5897,1.753,4.2387,2.2734,2.6542,4.7621,1.4527,2.3719,3.2674,6.0544,2.912,2.3686,1.8413,1.7818,3.5421,1.8561,2.8926,4.139,2.1047,1.9793,4.8675,1.1855,2.5811,4.3578,1.9643,2.1668,4.8732,1.6142,1.6867,3.9566,1.6169,2.0292,3.3392,1.0963,2.6656,3.6246,1.0093,2.7717,3.8685,1.4809,2.4719,3.9152,1.157,2.7013,3.6448,1.7975,1.6494,4.0728,0.93576,2.4591,2.8147,1.9669,2.1242,4.4524,0.28214,2.7362,3.036,1.0538,1.9363,4.2749,0.99486,2.2898,3.1127,1.687,2.3959,4.6092,0.96561,2.0366,2.8815,0.72114,1.9754,2.7378,1.5926,1.6832,3.9629,0.9511,2.4445,2.8597,1.34,1.5744,3.8488,2.7347,2.5669,4.6088,1.0828,2.1959,3.5814,1.1755,2.7147,3.6889,1.9767,1.9743,4.5053,1.0381,1.9428,4.2658,1.8697,1.6571,3.4685,1.6697,2.5299,4.0079,2.1607,2.5202,4.9007,2.1014,2.4069,3.6369,1.3209,3.0297,3.5357,1.4646,1.4786,4.1916,0.63484,2.9833,3.6544,1.6255,1.6683,4.2025,0.73524,1.9898,2.739,0.71407,2.2039,3.9668,2.6528,2.5851,4.5311,2.0373,2.0947,3.4043,1.4352,2.8054,3.5753,1.0641,2.286,3.5619,2.5631,2.0491,4.5438,1.4685,1.7191,4.4258,1.5368,2.5651,3.5801,2.057,2.3648,4.1125,2.6474,2.3293,4.9361,0.51493,2.5277,3.0369
10.386,0.041729,287.26,4.7935,0.2012,768.43,1.442,1.7928,4.101,1.2919,2.251,4.266,1.1514,1.9444,4.2325,2.4253,2.607,4.2799,0.85053,2.0247,4.3078,1.5012,2.571,3.8831,3.2403,2.8203,6.1127,1.1241,1.9543,4.2438,1.7242,1.6133,4.2021,1.3244,2.233,4.3567,0.82593,2.0688,4.2315,3.0519,2.8216,4.5974,5.4774,2.6469,1.226,1.3281,2.688,3.7049,0.88238,2.1488,3.0026,2.5591,2.1695,4.6216,1.4478,1.6419,3.9326,0.64997,2.6433,3.7697,2.0448,1.768,3.5375,1.0712,2.3804,3.2033,0.06592,2.3099,3.2738,1.7476,1.6717,3.4215,1.8934,2.7077,4.171,1.7853,1.7156,3.4336,1.4602,1.6053,3.9596,0.39495,2.1937,3.1246,2.1292,2.4372,4.495,1.4636,1.7315,3.2157,0.79676,1.9507,2.7107,3.1499,2.839,6.011,2.0695,1.8169,3.5493,1.0171,2.7554,2.918,1.848,2.5931,4.0822,0.66225,1.9426,2.7749,1.0211,2.4034,3.1225,1.918,1.9103,4.5592,1.686,1.6299,3.9058,0.54666,2.1637,3.8357,1.1899,2.5871,3.7577,0.88571,2.1747,3.1444,2.7402,2.3877,4.5244,2.1745,2.2676,4.8231,1.509,1.6784,3.9687,1.9085,1.9491,4.5525,1.5483,2.2508,3.2592,0.71968,2.2155,3.0363,2.471,2.4346,4.4499,1.9177,2.5715,4.7404,1.8408,2.6116,4.6972,2.7222,2.3971,4.5671,1.2948,2.5594,3.875,1.7829,2.2595,4.4092,1.9304,2.9611,3.8382,0.64597,2.4713,2.6075,1.4634,2.1214,4.6105,2.0154,2.9521,3.9285,0.2786,2.4104,3.3003,1.6518,1.5678,4.0625,0.68699,2.0921,3.0372,2.2344,2.2678,4.653,0.75229,2.5023,3.1999,0.92056,2.1718,3.1608,0.067795,2.88,1.8786,2.0803,2.0578,4.7205,2.7016,2.403,4.5374,2.523,2.259,5.0536,1.9105,2.5769,4.2127,1.0963,1.7179,4.0366,4.6468,2.8407,0.51908,0.84991,2.1524,3.0166,1.3341,2.0624,4.3628,1.0332,2.1301,3.4594,2.0822,2.647,4.3167,1.7456,1.5359,4.1132,1.2638,2.4968,3.1519,0.81752,2.4695,3.7412,2.1026,1.8411,3.643,1.5096,2.4799,3.3958,1.59,2.5722,3.6173,1.5965,1.5822,4.249,1.866,2.6223,4.3053,1.9533,2.6313,4.4064,3.4899,2.7401,6.2291,1.7634,1.5251,4.0949,1.7824,1.9833,3.4561,1.9658,2.9073,4.7631,1.2362,2.5196,3.1915,2.5898,2.4437,4.9157,1.0987,2.6174,4.0607,1.5266,2.4557,3.4266,1.0869,1.8376,4.0563,1.6755,1.5421,4.0558,1.7619,1.9816,3.4278,0.23117,2.9069,3.2918,2.9757,2.2816,4.6919,1.2962,1.9424,4.2219,1.3248,2.6168,3.4885,1.3963,2.4407,3.3344,1.8867,1.8763,3.6409,1.9381,2.4883,4.0492,1.0292,2.2914,3.1539,2.5369,2.0035,5.1383,1.2796,2.6374,3.4277,1.3564,2.4672,3.2908,0.30582,2.9235,3.3501,0.63865,1.8663,2.7709,1.6307,1.9522,4.5114,1.475,1.7687,4.1588,5.3744,2.8821,1.7059,0.81064,2.1081,2.8259,1.0542,2.6597,4.0406,2.2742,2.4952,3.6482,2.5179,2.3924,4.8309,2.9554,2.6553,4.6499,2.1238,2.4962,4.4837,2.3594,2.1468,4.2748,0.75658,2.1,3.2414,0.51666,2.4191,3.0763,0.59502,2.1433,3.7039,2.3313,2.3916,4.4719,0.94737,2.4242,3.0305,1.2321,1.5836,4.265,1.664,2.0342,3.4304,6.0493,2.6595,1.7869,3.4496,2.91,0.1823,0.85968,2.3513,3.0738,1.6549,1.6328,4.0597,1.5135,1.9184,3.165,0.79427,2.4121,2.9529,2.1615,2.3367,4.8594,1.2126,2.5669,3.151,1.0386,1.9768,3.4952,0.41082,1.9817,3.337,1.7197,2.0106,3.4028,2.4211,2.1322,4.2638,2.2175,2.1537,5.0097,1.2511,1.6431,3.8579,0.70951,1.9866,2.7747,2.2244,2.1893,5.0356,2.388,2.2466,4.5885,1.5832,2.4584,3.9714,4.4503,2.8833,0.35954,1.9549,2.4451,4.0311,0.80333,1.9571,4.1179,1.3296,2.6504,4.3041,3.77,2.7955,0.057873,1.5572,1.6426,3.3092,0.22195,2.2952,3.2656,5.1568,2.8782,1.1035,0.6289,2.7354,3.347,1.3544,2.5283,3.0571,2.1814,2.0872,4.916,1.5038,2.0121,4.4278,1.5259,1.6288,3.3231,1.4528,2.9185,3.3961,0.61388,2.4115,2.9458,0.85063,2.4373,3.0025,0.227,2.5995,3.3212,1.6633,2.3338,4.1973,0.62194,2.414,2.8638,0.99242,2.3045,3.5581,1.3862,1.7854,4.2651,0.30504,2.326,3.3617,1.5206,1.596,3.3049,0.57615,2.4237,2.907,3.2789,2.8464,6.2408,1.9207,2.554,4.0036,2.0464,2.1974,4.6483,2.3421,2.7447,4.9555,1.8986,1.866,3.8445,1.3017,1.7065,3.7295,2.196,2.1192,4.9646,1.3942,2.6032,3.9693,0.786,3.0874,2.6092,4.7941,2.8815,0.50219,1.3327,2.7096,4.3887,1.9262,1.9199,3.9227,1.3181,2.6563,2.9484,0.63023,2.7181,3.2698,1.0818,2.8768,4.27,0.75699,2.5655,2.7054,0.66895,2.0456,2.8996,0.5708,2.41,3.3906,1.5729,2.1524,4.3018,1.5023,2.7315,4.5469,0.51802,2.008,2.9526,1.9976,1.8258,3.8034,1.1894,1.7978,3.6999,2.2259,2.6372,4.6587,1.3501,1.6211,4.0852,1.3479,2.15,3.1522,0.59742,2.041,2.9753,0.51945,2.4284,2.641,1.6874,2.3824,4.2129,2.2494,2.626,4.7303,0.55582,2.0427,2.9309,1.5993,1.7155,3.3552,0.51932,3.0609,2.3772,0.65744,2.5673,2.6277,3.1056,2.7375,6.1237,0.037471,2.9002,2.7383,4.7256,2.9339,0.41537,2.2565,2.2964,3.5765,1.2123,3.0208,4.0582,1.2773,2.3991,3.4272,1.0359,3.0544,3.8825,2.3408,2.2296,3.7187,1.1807,1.7396,3.6982,2.4293,2.36,4.5866,2.4887,2.6875,4.0669,1.3609,2.6733,4.4026,1.897,1.8023,3.8242,1.2071,2.6751,3.7191,2.3251,2.4341,4.8744,1.5529,2.5492,3.4096,2.1644,2.2442,4.1359,0.77334,1.9509,3.3229,2.2591,2.3925,3.6292,2.2234,2.3815,3.5764,2.2689,1.9894,5.0013,2.59,2.2677,4.7846,2.3319,2.2615,3.753,1.3884,1.6085,3.875,2.2113,2.637,4.6821,1.9069,1.847,3.827,0.77505,2.1102,4.0971,1.5893,1.7496,4.2378,2.2671,2.6512,4.7543,1.453,2.3717,3.2676,6.0616,2.9131,2.3771,1.8413,1.7813,3.5444,1.8535,2.8873,4.1348,2.1082,1.98,4.8705,1.1882,2.5811,4.3605,1.967,2.1676,4.8733,1.6145,1.6831,3.9562,1.618,2.0302,3.3376,1.098,2.6625,3.6256,1.012,2.7697,3.8693,1.4845,2.4736,3.9185,1.158,2.6981,3.6443,1.7958,1.6447,4.0724,0.93658,2.4593,2.8158,1.9695,2.1266,4.4551,0.29023,2.733,3.0433,1.0526,1.9353,4.2754,0.99572,2.2885,3.1154,1.6895,2.396,4.6105,0.96485,2.0351,2.8824,0.72055,1.9746,2.738,1.592,1.6797,3.9627,0.95205,2.4441,2.8624,1.3382,1.5735,3.8494,2.7341,2.5662,4.6087,1.0823,2.1987,3.5791,1.1773,2.7118,3.6902,1.9767,1.9739,4.5062,1.0366,1.9419,4.2663,1.8703,1.6573,3.4693,1.67,2.5313,4.0081,2.1629,2.519,4.9001,2.0995,2.408,3.6343,1.3264,3.0278,3.5406,1.4653,1.4791,4.1901,0.63292,2.9829,3.6533,1.6264,1.6655,4.2014,0.73498,1.9893,2.739,0.71482,2.2046,3.9672,2.6515,2.5845,4.5311,2.0391,2.0934,3.4034,1.4367,2.8012,3.5768,1.0629,2.2895,3.5588,2.5648,2.0513,4.5471,1.4678,1.7187,4.426,1.5345,2.5643,3.5804,2.057,2.3674,4.1142,2.6459,2.328,4.9341,0.51724,2.5278,3.0395
10.386,0.041729,287.26,4.7935,0.20995,763.91,1.4385,1.7901,4.0985,1.2933,2.2519,4.2687,1.1484,1.9424,4.2321,2.4229,2.605,4.28,0.84991,2.0242,4.3105,1.5,2.5739,3.882,3.2518,2.8179,6.1265,1.1198,1.9523,4.2442,1.7235,1.6096,4.1996,1.3261,2.2331,4.3624,0.82501,2.0694,4.2327,3.0572,2.8206,4.6006,5.4705,2.6405,1.2197,1.3288,2.6848,3.7053,0.87913,2.1488,3.0013,2.5636,2.1748,4.6303,1.4468,1.6413,3.934,0.64983,2.6458,3.7644,2.0466,1.7681,3.5402,1.0664,2.3798,3.2036,0.054986,2.3099,3.2589,1.7456,1.6707,3.4233,1.8883,2.7035,4.1652,1.7853,1.7169,3.4357,1.4607,1.6041,3.961,0.39527,2.1956,3.1217,2.1329,2.4401,4.4987,1.4634,1.735,3.2168,0.7956,1.9521,2.7099,3.1618,2.8386,6.0257,2.0742,1.8192,3.554,1.0168,2.7581,2.9181,1.8509,2.5941,4.0873,0.66357,1.9453,2.7745,1.0166,2.4022,3.1233,1.9195,1.9106,4.5629,1.686,1.6286,3.9069,0.55062,2.1606,3.8428,1.1906,2.5914,3.7581,0.88046,2.1786,3.1395,2.7486,2.3907,4.533,2.1798,2.2722,4.83,1.5107,1.6783,3.9705,1.9109,1.951,4.5557,1.5533,2.2543,3.2592,0.71573,2.2195,3.0329,2.4733,2.4365,4.4561,1.9179,2.5704,4.7329,1.8388,2.6124,4.6898,2.733,2.4002,4.5827,1.2947,2.5625,3.8713,1.789,2.2604,4.4147,1.9262,2.9561,3.8328,0.64964,2.4715,2.6108,1.4576,2.1258,4.6082,2.0148,2.945,3.9269,0.27331,2.4111,3.2947,1.6514,1.5655,4.0613,0.6862,2.0934,3.0359,2.2326,2.2676,4.6509,0.75409,2.4967,3.2071,0.91771,2.1745,3.1576,0.065989,2.8788,1.8757,2.0854,2.0605,4.7259,2.7087,2.4055,4.5486,2.5185,2.2549,5.0496,1.907,2.569,4.2089,1.097,1.7109,4.0413,4.6456,2.8364,0.51933,0.84952,2.1532,3.0174,1.3358,2.0608,4.3662,1.0314,2.1323,3.4574,2.0752,2.6421,4.3082,1.7488,1.5316,4.1104,1.2682,2.4945,3.1542,0.82057,2.4708,3.7401,2.1048,1.838,3.6398,1.5056,2.481,3.3927,1.5892,2.5725,3.6203,1.5934,1.5798,4.2494,1.8606,2.6137,4.2978,1.9507,2.6235,4.4027,3.4957,2.7381,6.2338,1.7669,1.5217,4.0912,1.7858,1.9821,3.4565,1.96,2.9056,4.7564,1.2389,2.5184,3.1951,2.5881,2.4437,4.9126,1.1017,2.6176,4.0601,1.5231,2.4565,3.4249,1.0831,1.8379,4.0551,1.6765,1.5396,4.0546,1.7645,1.9805,3.4273,0.23076,2.9052,3.2913,2.9794,2.2806,4.6957,1.2952,1.9418,4.2225,1.327,2.615,3.4944,1.3938,2.4403,3.3343,1.8892,1.8713,3.6379,1.9381,2.4932,4.0522,1.0265,2.2914,3.1527,2.5364,2.0028,5.1382,1.2816,2.6362,3.4337,1.3522,2.4672,3.2891,0.306,2.9223,3.3503,0.63718,1.8678,2.766,1.6265,1.9503,4.5128,1.4756,1.7659,4.1601,5.3687,2.8814,1.7009,0.81014,2.108,2.8273,1.0544,2.6618,4.039,2.2792,2.492,3.654,2.5143,2.3906,4.8254,2.9626,2.6525,4.6555,2.1231,2.4956,4.4825,2.3604,2.1498,4.2796,0.75416,2.1044,3.2346,0.52307,2.4171,3.0828,0.59464,2.1431,3.7037,2.3274,2.3876,4.4726,0.95495,2.4224,3.0374,1.2307,1.5838,4.2627,1.6619,2.035,3.4292,6.0394,2.6572,1.7764,3.456,2.9085,0.18953,0.8595,2.3477,3.0777,1.6547,1.6326,4.0587,1.5142,1.9206,3.1645,0.79482,2.4102,2.9553,2.1617,2.3361,4.8558,1.2148,2.5675,3.1537,1.0398,1.9769,3.4951,0.40645,1.9817,3.3423,1.72,2.0102,3.4006,2.423,2.1349,4.2677,2.2196,2.1532,5.0099,1.2484,1.6393,3.8594,0.71052,1.9867,2.7755,2.2271,2.19,5.0367,2.3907,2.2486,4.5933,1.5837,2.4637,3.9715,4.4567,2.8776,0.36594,1.955,2.4499,4.0329,0.80198,1.9571,4.1174,1.3365,2.6534,4.3084,3.778,2.7932,0.06653,1.5584,1.6438,3.3103,0.21832,2.2947,3.2607,5.1563,2.8729,1.1043,0.62968,2.7335,3.3483,1.3566,2.529,3.0594,2.1839,2.085,4.9147,1.504,2.0076,4.4311,1.5259,1.6284,3.3245,1.4557,2.9181,3.3971,0.62019,2.4097,2.9551,0.84889,2.4362,3.0042,0.2263,2.5987,3.3195,1.6654,2.3361,4.2006,0.62718,2.4131,2.8688,0.9887,2.3107,3.5523,1.3858,1.7843,4.2634,0.30432,2.3266,3.3606,1.5202,1.5944,3.306,0.58046,2.4231,2.9137,3.2882,2.8448,6.2464,1.9172,2.5526,4.0023,2.0494,2.1975,4.6503,2.3302,2.7424,4.9414,1.8985,1.8606,3.8426,1.3016,1.7026,3.731,2.1979,2.1176,4.9639,1.3944,2.6018,3.9685,0.7687,3.0877,2.5915,4.7973,2.8764,0.50615,1.3369,2.7101,4.3926,1.9269,1.9184,3.9243,1.3208,2.657,2.9518,0.63623,2.7162,3.2772,1.0889,2.875,4.2771,0.76279,2.5675,2.7087,0.66852,2.0488,2.8982,0.57223,2.4101,3.3897,1.5729,2.15,4.3042,1.5112,2.7322,4.5552,0.51411,2.0096,2.9469,1.9978,1.8234,3.8034,1.1889,1.7958,3.702,2.2219,2.6345,4.6522,1.3482,1.6235,4.0814,1.3458,2.1493,3.1514,0.59605,2.0441,2.971,0.52128,2.4277,2.6436,1.6912,2.3873,4.2161,2.244,2.6221,4.7229,0.5532,2.0451,2.9256,1.6004,1.7155,3.3563,0.51593,3.0619,2.3718,0.6591,2.5698,2.6273,3.1144,2.7364,6.1336,0.044476,2.901,2.7471,4.7287,2.9322,0.41792,2.2549,2.2916,3.5707,1.2159,3.0184,4.0636,1.2718,2.4024,3.4233,1.0383,3.0538,3.8874,2.34,2.2295,3.7155,1.18,1.7349,3.7007,2.4295,2.3606,4.5873,2.485,2.6888,4.0686,1.3643,2.6732,4.4044,1.8972,1.7956,3.822,1.2091,2.6708,3.7205,2.3228,2.4327,4.8682,1.5507,2.5473,3.4134,2.1646,2.247,4.1382,0.7723,1.9533,3.3203,2.2561,2.3915,3.6242,2.2191,2.38,3.5699,2.2715,1.9912,5.003,2.5883,2.2669,4.7842,2.3306,2.2628,3.7513,1.3888,1.6085,3.8763,2.2048,2.6333,4.6735,1.9076,1.8423,3.8241,0.77505,2.1089,4.1017,1.5888,1.7463,4.2369,2.261,2.6482,4.7466,1.4533,2.3716,3.2676,6.0688,2.9141,2.3857,1.8413,1.7807,3.5464,1.8512,2.8822,4.131,2.1116,1.9805,4.8734,1.1909,2.5811,4.3631,1.9696,2.1683,4.8733,1.6149,1.6797,3.9558,1.6191,2.0311,3.3362,1.0997,2.6593,3.6264,1.0147,2.7679,3.87,1.4881,2.4751,3.9218,1.1589,2.6949,3.6437,1.7942,1.6401,4.072,0.93739,2.4594,2.8169,1.9721,2.1288,4.4579,0.29803,2.7299,3.0502,1.0515,1.9343,4.2758,0.99653,2.2873,3.1181,1.6919,2.396,4.6117,0.9641,2.0338,2.8832,0.72,1.9738,2.738,1.5914,1.6764,3.9627,0.95297,2.4437,2.8651,1.3365,1.5727,3.8499,2.7336,2.5655,4.6086,1.0818,2.2014,3.577,1.179,2.7088,3.6913,1.9767,1.9734,4.507,1.0353,1.941,4.2667,1.8709,1.6574,3.47,1.6702,2.5325,4.0085,2.1648,2.5179,4.8996,2.0977,2.4091,3.6316,1.3318,3.026,3.5455,1.4659,1.4795,4.1887,0.6309,2.9824,3.6521,1.6271,1.6626,4.2004,0.73474,1.9887,2.739,0.71552,2.2052,3.9677,2.6503,2.5839,4.5311,2.0408,2.0921,3.4025,1.438,2.797,3.5781,1.0617,2.2929,3.5558,2.5662,2.0532,4.5504,1.4672,1.7184,4.4261,1.5325,2.5636,3.5807,2.057,2.3701,4.116,2.6446,2.3269,4.9323,0.51942,2.5278,3.0419
10.386,0.041729,287.26,4.7935,0.2187,759.36,1.4353,1.7874,4.096,1.2947,2.2528,4.2714,1.1455,1.9403,4.2318,2.4207,2.603,4.2803,0.8493,2.0239,4.3131,1.4988,2.5767,3.8809,3.2634,2.8152,6.1404,1.1157,1.9502,4.2445,1.7229,1.606,4.197,1.3278,2.2334,4.3681,0.82414,2.0701,4.2339,3.0622,2.8198,4.6037,5.4638,2.6342,1.2137,1.3295,2.682,3.7054,0.87588,2.1489,2.9998,2.5681,2.18,4.6389,1.4459,1.6409,3.9354,0.64971,2.6484,3.7591,2.0485,1.7684,3.5429,1.0611,2.3796,3.2036,0.044134,2.3099,3.2442,1.7434,1.6697,3.4252,1.8835,2.6995,4.1597,1.7853,1.7182,3.4379,1.4615,1.6032,3.9624,0.39553,2.1977,3.1188,2.1366,2.443,4.5025,1.4631,1.7385,3.2179,0.79447,1.9534,2.7092,3.1748,2.8381,6.0414,2.079,1.8217,3.5589,1.0164,2.7609,2.9179,1.854,2.5952,4.0926,0.66485,1.9479,2.7741,1.0119,2.4012,3.1238,1.9213,1.911,4.5667,1.6858,1.6275,3.9079,0.55488,2.1575,3.8503,1.1912,2.5959,3.7584,0.87517,2.1826,3.1347,2.7569,2.3936,4.5415,2.1853,2.2768,4.8373,1.5125,1.6779,3.972,1.9134,1.9531,4.559,1.5586,2.2579,3.2593,0.71209,2.2233,3.0301,2.4755,2.4383,4.4622,1.9188,2.5693,4.7256,1.8368,2.6134,4.6825,2.7436,2.4031,4.5981,1.2944,2.5655,3.8674,1.7954,2.2611,4.4201,1.922,2.9509,3.8274,0.65303,2.4716,2.6137,1.4516,2.1305,4.6055,2.0141,2.9378,3.9254,0.26811,2.4116,3.2891,1.6509,1.5632,4.0601,0.6855,2.0946,3.0349,2.2307,2.2673,4.6486,0.75545,2.491,3.2142,0.91498,2.1768,3.1549,0.064389,2.8775,1.8731,2.0905,2.0629,4.7309,2.7153,2.4076,4.5591,2.5145,2.2506,5.0461,1.904,2.5615,4.2054,1.0978,1.7036,4.0459,4.643,2.8328,0.51836,0.84957,2.1541,3.019,1.3376,2.0593,4.3696,1.0296,2.1346,3.4552,2.0682,2.6371,4.2998,1.752,1.5272,4.1076,1.2725,2.4921,3.1565,0.82363,2.4722,3.7391,2.1069,1.8351,3.6366,1.5017,2.4819,3.3897,1.5886,2.5726,3.6236,1.59,1.5777,4.2498,1.8557,2.6054,4.2909,1.9486,2.6161,4.3993,3.5013,2.7361,6.2382,1.7705,1.5182,4.0874,1.7892,1.9808,3.457,1.9545,2.9037,4.75,1.2415,2.5172,3.1984,2.5865,2.4436,4.9096,1.1044,2.6177,4.0595,1.5198,2.4574,3.4234,1.0794,1.8382,4.0542,1.6773,1.5371,4.0534,1.7672,1.9793,3.4269,0.23048,2.9036,3.291,2.9828,2.2796,4.6993,1.2941,1.9411,4.2233,1.3293,2.6133,3.5003,1.3913,2.44,3.3343,1.8917,1.8663,3.6352,1.9381,2.4978,4.055,1.0238,2.2914,3.1516,2.5359,2.0023,5.1381,1.2837,2.6352,3.4396,1.3483,2.4673,3.2874,0.30619,2.9209,3.3505,0.63578,1.8692,2.7614,1.6224,1.9486,4.5141,1.4762,1.7632,4.1615,5.3632,2.8806,1.6961,0.80966,2.1079,2.8287,1.0544,2.664,4.0375,2.2834,2.4888,3.6599,2.5109,2.3887,4.8202,2.9696,2.6497,4.6611,2.1225,2.4952,4.4814,2.3613,2.1529,4.2843,0.75166,2.1085,3.2278,0.5292,2.4151,3.0892,0.59425,2.1428,3.7034,2.3235,2.3838,4.4732,0.96226,2.4206,3.0442,1.2292,1.5841,4.2603,1.6597,2.0359,3.428,6.0297,2.6549,1.7662,3.4619,2.9069,0.19623,0.85896,2.3445,3.081,1.6544,1.6323,4.0577,1.5149,1.9227,3.164,0.79525,2.4081,2.9575,2.162,2.3354,4.8525,1.2169,2.5682,3.1564,1.041,1.9769,3.495,0.40247,1.9814,3.3477,1.7203,2.0098,3.3985,2.4252,2.1375,4.2716,2.2217,2.1528,5.0101,1.2457,1.6355,3.8608,0.7115,1.9868,2.7763,2.2297,2.1907,5.0376,2.3933,2.2506,4.5979,1.5843,2.4688,3.9716,4.4628,2.872,0.3721,1.9551,2.4545,4.0347,0.80068,1.9571,4.1169,1.3435,2.6561,4.3127,3.7855,2.7909,0.0749,1.5596,1.645,3.3113,0.21481,2.2942,3.2561,5.156,2.8677,1.1054,0.63026,2.7315,3.3495,1.3587,2.5298,3.0616,2.1865,2.0828,4.9134,1.5043,2.003,4.4343,1.5259,1.628,3.326,1.4584,2.9177,3.3979,0.62627,2.4081,2.9641,0.8472,2.4351,3.0058,0.22552,2.5979,3.3178,1.6676,2.3383,4.2039,0.63218,2.4122,2.8737,0.98493,2.3168,3.5464,1.3855,1.7833,4.2616,0.30358,2.3272,3.3597,1.5198,1.5928,3.3069,0.58459,2.4227,2.9202,3.297,2.8433,0.0081592,1.9138,2.5512,4.0009,2.0523,2.1975,4.6523,2.3187,2.74,4.9278,1.8983,1.8553,3.8407,1.3014,1.6989,3.7326,2.1999,2.1161,4.9633,1.3947,2.6004,3.9677,0.75145,3.088,2.5737,4.8003,2.8713,0.51003,1.3411,2.7104,4.3967,1.9276,1.9169,3.9259,1.3234,2.6579,2.955,0.64177,2.7145,3.284,1.0957,2.873,4.2841,0.76826,2.5696,2.7118,0.66816,2.0518,2.8968,0.57369,2.4103,3.3889,1.5728,2.1474,4.3065,1.5199,2.7328,4.5634,0.51037,2.0111,2.9415,1.9981,1.821,3.8036,1.1886,1.7937,3.7042,2.2184,2.6319,4.6461,1.3463,1.6258,4.0777,1.3436,2.1485,3.1505,0.59474,2.0471,2.9668,0.52302,2.427,2.6462,1.6948,2.392,4.2191,2.2389,2.6183,4.7158,0.55073,2.0472,2.9206,1.6014,1.7154,3.3575,0.51237,3.0628,2.3663,0.66057,2.5723,2.6269,3.1229,2.7351,6.1431,0.051415,2.9018,2.7559,4.7318,2.9308,0.42054,2.2535,2.287,3.5651,1.219,3.0159,4.0685,1.2665,2.4053,3.4197,1.0403,3.0532,3.8918,2.3392,2.2294,3.7124,1.1791,1.7304,3.7032,2.4297,2.3613,4.5882,2.4814,2.69,4.0703,1.3675,2.6729,4.4061,1.8974,1.789,3.82,1.2111,2.6665,3.7219,2.3207,2.4312,4.8624,1.5485,2.5454,3.4171,2.1649,2.2497,4.1404,0.77125,1.9558,3.3177,2.2535,2.3905,3.6193,2.2151,2.3785,3.5636,2.2741,1.9928,5.0045,2.5865,2.2661,4.784,2.3294,2.2643,3.7497,1.3891,1.6083,3.8777,2.1987,2.6298,4.6654,1.9085,1.8378,3.8213,0.77506,2.1077,4.1063,1.5885,1.7431,4.236,2.2553,2.6452,4.7392,1.4536,2.3715,3.2677,6.076,2.915,2.3942,1.8415,1.7802,3.5485,1.8491,2.8773,4.1273,2.1148,1.981,4.876,1.1934,2.5811,4.3656,1.9721,2.1692,4.8733,1.6152,1.6763,3.9555,1.6201,2.032,3.3347,1.1011,2.6564,3.6272,1.0172,2.7662,3.8706,1.4914,2.4766,3.9249,1.1598,2.6919,3.6432,1.7927,1.6358,4.0717,0.93815,2.4597,2.8179,1.9746,2.131,4.4605,0.30553,2.7268,3.0568,1.0505,1.9335,4.2761,0.99726,2.2862,3.1207,1.6943,2.3961,4.6129,0.96337,2.0324,2.884,0.71948,1.973,2.7382,1.5908,1.6732,3.9626,0.95381,2.4434,2.8677,1.3349,1.5718,3.8504,2.7331,2.5648,4.6087,1.0813,2.204,3.5749,1.1805,2.7061,3.6923,1.9767,1.9731,4.5078,1.0339,1.9401,4.2671,1.8715,1.6576,3.4708,1.6705,2.5338,4.0087,2.1669,2.5168,4.8992,2.096,2.4101,3.6291,1.3369,3.0243,3.5501,1.4665,1.4799,4.1872,0.62883,2.982,3.6508,1.628,1.66,4.1994,0.7345,1.9882,2.739,0.71618,2.206,3.968,2.6491,2.5832,4.531,2.0425,2.0909,3.4016,1.4394,2.7931,3.5795,1.0605,2.2961,3.5529,2.5677,2.0552,4.5535,1.4666,1.7181,4.4263,1.5305,2.5629,3.581,2.057,2.3726,4.1177,2.6432,2.3259,4.9307,0.5215,2.528,3.0442
10.386,0.041729,287.26,4.7935,0.22744,753.57,1.4319,1.7848,4.0936,1.2962,2.2538,4.2741,1.1427,1.9381,4.2315,2.4185,2.601,4.2806,0.84866,2.0236,4.3154,1.4976,2.5795,3.8797,3.2752,2.8124,6.1543,1.1115,1.948,4.245,1.7224,1.6026,4.1944,1.3295,2.2336,4.3736,0.82329,2.0708,4.235,3.067,2.8188,4.6065,5.4573,2.6279,1.2082,1.33,2.6795,3.7053,0.87261,2.149,2.9982,2.5727,2.185,4.6475,1.4451,1.6405,3.9368,0.64967,2.6511,3.7536,2.0502,1.7685,3.5457,1.0558,2.3795,3.203,0.033337,2.3098,3.2297,1.7412,1.6687,3.4271,1.8791,2.6956,4.1548,1.7853,1.7195,3.4402,1.4623,1.6026,3.9637,0.39569,2.1998,3.1155,2.1406,2.4463,4.5065,1.463,1.7425,3.2191,0.79336,1.9545,2.7087,3.1892,2.8375,6.0587,2.0843,1.8243,3.5645,1.0158,2.764,2.9174,1.8576,2.5965,4.0984,0.66604,1.9506,2.7736,1.0067,2.4004,3.124,1.9232,1.9116,4.5707,1.6857,1.6267,3.909,0.55946,2.1541,3.8582,1.1916,2.6005,3.7584,0.86968,2.1866,3.1297,2.7652,2.3966,4.5499,2.1914,2.2818,4.8451,1.5142,1.6774,3.9734,1.9162,1.9552,4.5623,1.5646,2.2618,3.2594,0.70869,2.2266,3.0282,2.4776,2.44,4.4684,1.9203,2.5683,4.7184,1.8351,2.6144,4.6753,2.7541,2.4058,4.6133,1.2939,2.5685,3.8631,1.8018,2.2616,4.4255,1.9176,2.9455,3.8218,0.65618,2.4716,2.6164,1.445,2.1351,4.6023,2.0134,2.93,3.9239,0.26269,2.4122,3.2835,1.6504,1.5608,4.0589,0.68491,2.0956,3.0341,2.2285,2.2667,4.6461,0.75641,2.4849,3.2214,0.91231,2.1787,3.1525,0.063056,2.8762,1.8707,2.0955,2.0651,4.7357,2.721,2.4094,4.5688,2.5108,2.246,5.043,1.9011,2.5544,4.2021,1.0983,1.6956,4.0509,4.6383,2.8301,0.51561,0.85023,2.1548,3.0215,1.3393,2.0577,4.3728,1.0278,2.1369,3.453,2.0613,2.632,4.2914,1.7554,1.5226,4.1047,1.2768,2.4897,3.1587,0.8267,2.4733,3.7381,2.1092,1.8322,3.6335,1.4979,2.4827,3.3868,1.5883,2.5724,3.6271,1.5864,1.5757,4.2504,1.8512,2.5973,4.2844,1.9467,2.6087,4.396,3.5067,2.7342,6.2426,1.774,1.5147,4.0836,1.7925,1.9795,3.4574,1.9494,2.9019,4.744,1.2441,2.516,3.2018,2.5849,2.4435,4.9067,1.1072,2.6177,4.059,1.5164,2.4582,3.4219,1.0757,1.8382,4.0533,1.6782,1.5346,4.0523,1.7698,1.9781,3.4265,0.23032,2.902,3.2906,2.9861,2.2785,4.7027,1.293,1.9404,4.2239,1.3318,2.6116,3.5061,1.3888,2.4397,3.3343,1.8942,1.8614,3.6325,1.9381,2.5022,4.0578,1.0211,2.2913,3.1506,2.5354,2.0019,5.1381,1.2855,2.6343,3.4452,1.3444,2.4673,3.2858,0.30638,2.9197,3.3508,0.63444,1.8704,2.757,1.6184,1.9471,4.5152,1.4767,1.7606,4.1627,5.3579,2.88,1.6917,0.80918,2.1079,2.83,1.0544,2.6661,4.0359,2.2863,2.4859,3.6654,2.5077,2.387,4.8152,2.9765,2.6469,4.6665,2.122,2.4948,4.4805,2.3622,2.1559,4.289,0.74909,2.1123,3.2212,0.53508,2.4133,3.0953,0.59386,2.1426,3.7032,2.3198,2.38,4.4738,0.96929,2.419,3.0507,1.2278,1.5844,4.2579,1.6575,2.0367,3.4269,6.0204,2.6525,1.7565,3.4672,2.9054,0.20232,0.85813,2.3414,3.0839,1.6542,1.6319,4.0568,1.5156,1.9249,3.1634,0.7956,2.4062,2.9595,2.1623,2.3349,4.8493,1.219,2.5688,3.1591,1.0421,1.9768,3.495,0.39883,1.981,3.3528,1.7206,2.0094,3.3963,2.4273,2.1402,4.2755,2.2236,2.1523,5.0102,1.243,1.6319,3.8621,0.71244,1.9869,2.777,2.2321,2.1912,5.0386,2.3959,2.2525,4.6023,1.5848,2.4736,3.9717,4.4686,2.8665,0.37809,1.9551,2.459,4.0364,0.79943,1.9571,4.1165,1.3502,2.6588,4.3169,3.7927,2.7887,0.082975,1.5607,1.6461,3.3123,0.2114,2.2938,3.2518,5.1556,2.8626,1.1064,0.63064,2.7298,3.3505,1.3606,2.5305,3.0638,2.1891,2.0806,4.9123,1.5044,1.9986,4.4374,1.5259,1.6275,3.3273,1.4612,2.9173,3.3987,0.63212,2.4065,2.9728,0.8456,2.434,3.0074,0.22465,2.5971,3.3161,1.6697,2.3403,4.2071,0.6369,2.4114,2.8784,0.98111,2.3227,3.5407,1.3851,1.7823,4.2599,0.30283,2.3278,3.3587,1.5194,1.5912,3.3079,0.58853,2.4223,2.9264,3.3054,2.8417,0.026822,1.9105,2.5499,3.9997,2.0552,2.1974,4.6541,2.3078,2.7376,4.9148,1.8982,1.85,3.8391,1.3013,1.6953,3.734,2.2017,2.1146,4.9627,1.395,2.5992,3.967,0.73432,3.0884,2.5562,4.803,2.8664,0.51379,1.3451,2.7107,4.4006,1.9282,1.9155,3.9274,1.3259,2.6585,2.9582,0.64686,2.7129,3.2904,1.1025,2.8711,4.2911,0.77339,2.5718,2.7146,0.66784,2.0547,2.8957,0.57523,2.4103,3.3883,1.5728,2.1449,4.3088,1.5281,2.7333,4.5712,0.5068,2.0125,2.9364,1.9982,1.8186,3.8038,1.1882,1.7916,3.7063,2.2153,2.6295,4.6407,1.3446,1.628,4.0741,1.3414,2.1479,3.1497,0.59348,2.0499,2.9629,0.52468,2.4263,2.6487,1.6983,2.3964,4.222,2.2342,2.6146,4.7091,0.5484,2.0493,2.9159,1.6024,1.7154,3.3586,0.50863,3.0637,2.3608,0.66186,2.5748,2.6263,3.131,2.734,6.1522,0.058208,2.9025,2.7644,4.7348,2.9294,0.42319,2.2523,2.2825,3.5598,1.2216,3.0136,4.0729,1.2616,2.408,3.4164,1.0421,3.0527,3.8959,2.3386,2.2293,3.7095,1.1784,1.726,3.7056,2.4298,2.3619,4.5889,2.478,2.6911,4.072,1.3706,2.6727,4.4076,1.8975,1.7824,3.8182,1.2129,2.6625,3.7231,2.3189,2.4298,4.8569,1.5463,2.5437,3.4206,2.1653,2.2524,4.1426,0.7702,1.9582,3.3151,2.2508,2.3895,3.6146,2.2113,2.3771,3.5575,2.2764,1.9943,5.0057,2.5849,2.2653,4.7837,2.3283,2.2657,3.7482,1.3895,1.6082,3.8789,2.193,2.6264,4.6578,1.9092,1.8335,3.8186,0.77507,2.1066,4.1106,1.5881,1.74,4.2351,2.2498,2.6423,4.7321,1.4539,2.3715,3.2677,6.0832,2.9159,2.4025,1.8416,1.7796,3.5504,1.847,2.8726,4.124,2.1179,1.9814,4.8785,1.1957,2.5811,4.3679,1.9744,2.1699,4.8733,1.6156,1.6731,3.9552,1.6211,2.0329,3.3333,1.1024,2.6537,3.6279,1.0196,2.7646,3.8711,1.4947,2.4779,3.928,1.1607,2.6891,3.6426,1.7911,1.6316,4.0714,0.93888,2.4599,2.8188,1.977,2.1331,4.463,0.31269,2.7238,3.0632,1.0496,1.9327,4.2765,0.99793,2.2851,3.1231,1.6967,2.3961,4.614,0.96265,2.0312,2.8847,0.71899,1.9724,2.7383,1.5903,1.6702,3.9625,0.9546,2.4431,2.8702,1.3334,1.5709,3.8509,2.7327,2.5641,4.6087,1.0808,2.2066,3.5728,1.182,2.7034,3.6933,1.9767,1.9727,4.5085,1.0327,1.9392,4.2676,1.8721,1.6577,3.4714,1.6707,2.5349,4.0089,2.1689,2.5158,4.8988,2.0944,2.4111,3.6267,1.3418,3.0226,3.5545,1.4671,1.4803,4.1859,0.62673,2.9816,3.6495,1.6288,1.6575,4.1984,0.73428,1.9877,2.739,0.71681,2.2066,3.9684,2.648,2.5827,4.531,2.0441,2.0898,3.4008,1.4406,2.7893,3.5807,1.0594,2.2992,3.5501,2.5691,2.0571,4.5566,1.466,1.7179,4.4264,1.5286,2.5623,3.5812,2.0571,2.3749,4.1193,2.642,2.3249,4.9291,0.52347,2.528,3.0465
10.386,0.041729,287.26,4.7935,0.23619,746.71,1.4287,1.7823,4.0913,1.2978,2.2546,4.2769,1.14,1.9362,4.2311,2.4167,2.5991,4.2812,0.84802,2.0235,4.3175,1.4964,2.5823,3.8784,3.2872,2.8093,6.1683,1.1075,1.9458,4.2453,1.7218,1.5993,4.1919,1.3314,2.234,4.3792,0.82247,2.0718,4.2361,3.0713,2.8178,4.6092,5.4511,2.6217,1.2028,1.3303,2.6774,3.7051,0.86934,2.1492,2.9965,2.5773,2.1901,4.656,1.4442,1.6403,3.9384,0.6497,2.6538,3.748,2.0521,1.7689,3.5483,1.0499,2.3797,3.2021,0.022356,2.3096,3.2155,1.739,1.6675,3.4292,1.875,2.6921,4.1503,1.7853,1.7208,3.4424,1.4634,1.6023,3.9649,0.39575,2.2019,3.1122,2.145,2.4498,4.5107,1.4631,1.7469,3.2207,0.79231,1.9556,2.7083,3.2049,2.8368,6.0773,2.0902,1.8272,3.5709,1.015,2.7671,2.9166,1.8617,2.598,4.1046,0.66717,1.9532,2.773,1.0009,2.3997,3.1238,1.9252,1.9124,4.5749,1.6855,1.626,3.9102,0.56436,2.1507,3.8664,1.1917,2.6053,3.7582,0.86397,2.1907,3.1245,2.7737,2.3998,4.5583,2.1984,2.2873,4.8539,1.516,1.6766,3.9747,1.9193,1.9573,4.5657,1.5711,2.2662,3.2596,0.70556,2.2295,3.0269,2.4795,2.4416,4.4744,1.9228,2.5673,4.7114,1.8336,2.6156,4.6679,2.7641,2.4084,4.628,1.2931,2.5714,3.8582,1.8083,2.2618,4.4307,1.9129,2.9398,3.816,0.6591,2.4714,2.6188,1.4377,2.1399,4.5985,2.0125,2.9219,3.9223,0.25704,2.413,3.2774,1.6499,1.5585,4.0575,0.68443,2.0964,3.0335,2.2262,2.266,4.6433,0.7568,2.4786,3.2284,0.90978,2.1799,3.151,0.061964,2.8748,1.8687,2.1003,2.0669,4.7401,2.7257,2.411,4.5775,2.5069,2.2409,5.0402,1.8986,2.5476,4.1991,1.0987,1.6871,4.0561,4.6314,2.8288,0.51117,0.85158,2.1554,3.0251,1.3412,2.056,4.3759,1.0259,2.139,3.4509,2.0541,2.6267,4.2828,1.7586,1.5176,4.1016,1.281,2.4873,3.1608,0.82977,2.4745,3.7372,2.1112,1.8294,3.6306,1.4941,2.4832,3.3843,1.588,2.5715,3.6311,1.5824,1.5739,4.2514,1.8472,2.5893,4.2784,1.9448,2.6013,4.3928,3.512,2.7322,6.2467,1.7775,1.5112,4.0797,1.7957,1.978,3.4579,1.9447,2.8999,4.7385,1.2465,2.5148,3.205,2.5833,2.4435,4.9037,1.1099,2.6178,4.0586,1.5132,2.4589,3.4204,1.0723,1.8382,4.0527,1.6792,1.5322,4.0511,1.7723,1.9768,3.4262,0.23024,2.9003,3.2904,2.9892,2.2774,4.7058,1.2918,1.9397,4.2247,1.3342,2.61,3.5119,1.3865,2.4393,3.3344,1.8965,1.8563,3.6301,1.9381,2.5065,4.0605,1.0186,2.2912,3.1496,2.5348,2.0016,5.1381,1.2872,2.6337,3.4508,1.3405,2.4673,3.2842,0.30657,2.9183,3.351,0.63316,1.8715,2.7528,1.6145,1.9458,4.5162,1.4771,1.7584,4.1641,5.3528,2.8794,1.6873,0.80874,2.1079,2.8312,1.0543,2.6681,4.0344,2.2879,2.4834,3.6702,2.5047,2.3854,4.8104,2.9832,2.6442,4.6717,2.1215,2.4944,4.4796,2.3631,2.1587,4.2937,0.74652,2.1159,3.215,0.54067,2.4114,3.1011,0.59345,2.1423,3.7031,2.3165,2.3766,4.4745,0.97596,2.4175,3.0569,1.2264,1.5849,4.2556,1.6553,2.0375,3.4257,6.0113,2.6503,1.747,3.4719,2.9038,0.20772,0.85702,2.3387,3.0863,1.654,1.6316,4.0559,1.5162,1.9269,3.163,0.79585,2.4043,2.9615,2.1627,2.3342,4.8461,1.221,2.5695,3.1616,1.0432,1.9767,3.4951,0.39548,1.9807,3.3578,1.7208,2.0088,3.3943,2.4294,2.1427,4.2795,2.2255,2.1517,5.0103,1.2403,1.6285,3.8634,0.71335,1.987,2.7777,2.2343,2.1917,5.0394,2.3983,2.2544,4.6066,1.5853,2.4783,3.9717,4.4742,2.861,0.38385,1.9551,2.4635,4.0382,0.79824,1.9571,4.116,1.3568,2.6614,4.3211,3.7996,2.7866,0.090705,1.5619,1.6473,3.3134,0.20811,2.2933,3.2476,5.1553,2.8577,1.1077,0.63085,2.728,3.3512,1.3624,2.5312,3.0657,2.1916,2.0786,4.9112,1.5045,1.9944,4.4403,1.5259,1.6269,3.3286,1.4638,2.9169,3.3996,0.63766,2.4049,2.9811,0.84407,2.433,3.0091,0.22366,2.5963,3.3143,1.6717,2.3422,4.2101,0.64134,2.4106,2.8828,0.97729,2.3284,3.5348,1.3847,1.7813,4.2581,0.30207,2.3283,3.3579,1.519,1.5894,3.309,0.59228,2.4219,2.9323,3.3133,2.8401,2.0281,1.9073,2.5486,3.9984,2.0578,2.1972,4.656,2.2975,2.7352,4.9022,1.8978,1.8447,3.8374,1.301,1.6919,3.7355,2.2035,2.113,4.962,1.3952,2.5979,3.9665,0.7175,3.0886,2.5389,4.8053,2.8617,0.5174,1.3491,2.7109,4.4046,1.9289,1.9141,3.929,1.3281,2.6593,2.9612,0.6515,2.7113,3.2962,1.1089,2.8691,4.2978,0.77818,2.5736,2.7172,0.66758,2.0574,2.8946,0.57678,2.4102,3.3877,1.5726,2.1424,4.3109,1.536,2.7337,4.5786,0.50342,2.0139,2.9316,1.9983,1.8164,3.804,1.1878,1.7898,3.7083,2.2126,2.6273,4.6357,1.3427,1.63,4.0707,1.3393,2.1471,3.1488,0.59228,2.0525,2.9592,0.52624,2.4257,2.6509,1.7017,2.4007,4.2248,2.2297,2.6111,4.7029,0.54624,2.0512,2.9115,1.6033,1.7153,3.3597,0.50476,3.0647,2.3552,0.66297,2.5772,2.6254,3.1389,2.7327,6.161,0.064826,2.9031,2.7727,4.7377,2.9281,0.42583,2.2512,2.2782,3.5549,1.2238,3.0116,4.0767,1.2568,2.4103,3.4133,1.0436,3.0522,3.8996,2.3378,2.2293,3.7067,1.1776,1.7217,3.7079,2.4299,2.3626,4.5896,2.4749,2.6921,4.0738,1.3734,2.6726,4.4092,1.8976,1.7762,3.8165,1.2146,2.6586,3.7243,2.3171,2.4284,4.8517,1.5442,2.542,3.4239,2.1656,2.255,4.1447,0.76915,1.9604,3.3128,2.2484,2.3884,3.61,2.2078,2.3756,3.5518,2.2786,1.9956,5.0068,2.5832,2.2644,4.7834,2.3271,2.2671,3.7467,1.3898,1.6079,3.8802,2.1876,2.6233,4.6507,1.91,1.8292,3.8161,0.77509,2.1054,4.1147,1.5877,1.737,4.2342,2.2446,2.6395,4.7253,1.4542,2.3715,3.2678,6.0902,2.9167,2.4106,1.8417,1.7792,3.5522,1.8452,2.8681,4.1208,2.1208,1.9816,4.8805,1.1979,2.5811,4.37,1.9765,2.1706,4.8732,1.6159,1.6702,3.9548,1.6222,2.0337,3.332,1.1038,2.6511,3.6285,1.0217,2.7629,3.8716,1.4977,2.4791,3.931,1.1615,2.6864,3.642,1.7896,1.6277,4.0712,0.93957,2.4601,2.8198,1.9792,2.1351,4.4654,0.3195,2.721,3.0692,1.0486,1.9318,4.2768,0.99853,2.2842,3.1253,1.6988,2.3961,4.6152,0.96197,2.03,2.8853,0.71853,1.9716,2.7385,1.5897,1.6674,3.9625,0.95533,2.4427,2.8725,1.3319,1.57,3.8515,2.7323,2.5636,4.6088,1.0802,2.209,3.5708,1.1834,2.701,3.6943,1.9767,1.9723,4.5092,1.0315,1.9384,4.268,1.8726,1.6579,3.4721,1.6709,2.536,4.0091,2.1707,2.5147,4.8985,2.0929,2.4121,3.6245,1.3464,3.0209,3.5588,1.4676,1.4807,4.1846,0.62462,2.9812,3.6481,1.6296,1.6552,4.1974,0.73408,1.9872,2.739,0.71739,2.2073,3.9686,2.647,2.5821,4.531,2.0457,2.0887,3.4,1.4418,2.7858,3.582,1.0582,2.302,3.5475,2.5706,2.0589,4.5595,1.4654,1.7177,4.4266,1.5268,2.5616,3.5814,2.0572,2.3771,4.1209,2.6408,2.3239,4.9275,0.52533,2.5282,3.0485
10.386,0.041729,287.26,4.7935,0.24494,739.45,1.4254,1.7799,4.089,1.2993,2.2556,4.2797,1.1375,1.9342,4.2308,2.415,2.5972,4.2819,0.84737,2.0235,4.3194,1.495,2.585,3.877,3.2994,2.8062,6.1826,1.1033,1.9437,4.2456,1.7213,1.5962,4.1894,1.3332,2.2345,4.3848,0.82165,2.0729,4.237,3.0753,2.8168,4.6116,5.4451,2.6155,1.1977,1.3305,2.6757,3.7048,0.86604,2.1495,2.9947,2.582,2.1951,4.6645,1.4435,1.6402,3.9399,0.64983,2.6567,3.7423,2.0538,1.7692,3.5509,1.0438,2.3801,3.2006,0.012284,2.3093,3.2014,1.7367,1.6665,3.4313,1.8713,2.6887,4.1461,1.7853,1.7221,3.4447,1.4645,1.6024,3.9661,0.39564,2.204,3.1083,2.1499,2.4539,4.5154,1.4632,1.7518,3.2223,0.79127,1.9565,2.7081,3.2222,2.8359,6.0977,2.0967,1.8302,3.5781,1.014,2.7705,2.9154,1.8666,2.5999,4.1115,0.66823,1.9559,2.7723,0.99466,2.3993,3.1231,1.9276,1.9134,4.5794,1.6852,1.6256,3.9114,0.56964,2.1471,3.8751,1.1916,2.6104,3.7576,0.85791,2.195,3.1189,2.7825,2.4031,4.5668,2.2068,2.2932,4.8637,1.5177,1.6758,3.9758,1.9224,1.9596,4.5693,1.5787,2.271,3.2598,0.70269,2.2322,3.0265,2.4812,2.443,4.4804,1.9259,2.5665,4.7045,1.8323,2.617,4.6604,2.7734,2.4107,4.6422,1.2918,2.5743,3.8524,1.8151,2.2615,4.4358,1.9079,2.9339,3.81,0.66174,2.4711,2.621,1.4294,2.1446,4.5939,2.0116,2.9133,3.9209,0.2519,2.4141,3.2719,1.6493,1.5561,4.0561,0.68408,2.0971,3.0332,2.2237,2.265,4.6403,0.75652,2.472,3.2355,0.90757,2.1803,3.1506,0.061135,2.8733,1.867,2.1051,2.0684,4.7443,2.7287,2.4122,4.5847,2.5028,2.2357,5.0376,1.8963,2.541,4.1962,1.0988,1.6779,4.0616,4.6222,2.8288,0.50461,0.8537,2.1561,3.0299,1.343,2.0543,4.3789,1.0238,2.1412,3.4487,2.0469,2.6211,4.274,1.7621,1.5125,4.0984,1.2851,2.4849,3.1629,0.83286,2.4756,3.7364,2.1133,1.8266,3.6276,1.4905,2.4835,3.382,1.588,2.5701,3.6353,1.578,1.5723,4.2524,1.8434,2.5816,4.2728,1.9431,2.594,4.3897,3.5169,2.7303,6.2506,1.7811,1.5076,4.0757,1.7986,1.9765,3.4582,1.9408,2.898,4.7338,1.2489,2.5135,3.2082,2.5817,2.4433,4.9009,1.1126,2.6178,4.0586,1.5098,2.4595,3.4191,1.069,1.8381,4.0523,1.6801,1.5298,4.05,1.7747,1.9756,3.4259,0.23024,2.8988,3.2903,2.992,2.2763,4.7087,1.2906,1.939,4.2254,1.3367,2.6083,3.5178,1.3842,2.439,3.3344,1.8987,1.8511,3.6277,1.938,2.5104,4.063,1.0162,2.291,3.1487,2.5343,2.0014,5.1383,1.2886,2.6331,3.4561,1.3368,2.4672,3.2827,0.30674,2.9171,3.3513,0.63197,1.8726,2.7489,1.6106,1.9447,4.5171,1.4773,1.7565,4.1654,5.348,2.8788,1.6833,0.80833,2.108,2.8325,1.054,2.6702,4.0331,2.2885,2.4812,3.6743,2.5019,2.3838,4.8058,2.9896,2.6414,4.6767,2.1211,2.494,4.4787,2.3638,2.1614,4.2982,0.74397,2.1191,3.2091,0.54596,2.4097,3.1066,0.593,2.142,3.7029,2.3136,2.3735,4.4755,0.9823,2.416,3.0628,1.225,1.5853,4.2532,1.6532,2.0382,3.4245,6.0027,2.6479,1.7379,3.4758,2.9024,0.21235,0.8557,2.3363,3.0882,1.6538,1.6313,4.055,1.5166,1.9287,3.1624,0.79603,2.4026,2.9632,2.163,2.3337,4.8432,1.2228,2.5702,3.164,1.0441,1.9765,3.4951,0.39244,1.9803,3.3624,1.7208,2.0084,3.3922,2.4314,2.1451,4.2833,2.227,2.1512,5.0103,1.2376,1.6254,3.8644,0.71424,1.987,2.7783,2.2364,2.1922,5.0402,2.4005,2.2561,4.6108,1.5858,2.4826,3.9717,4.4795,2.8557,0.38939,1.9551,2.4678,4.0398,0.79709,1.9572,4.1156,1.3632,2.6638,4.3254,3.806,2.7845,0.098072,1.563,1.6484,3.3144,0.20493,2.2928,3.2437,5.155,2.8528,1.1089,0.63089,2.7263,3.3518,1.3639,2.5319,3.0676,2.1941,2.0766,4.9102,1.5045,1.9904,4.443,1.5259,1.6265,3.3299,1.4664,2.9165,3.4006,0.64288,2.4034,2.9889,0.8426,2.4319,3.0108,0.22256,2.5956,3.3125,1.6735,2.3439,4.213,0.6455,2.4099,2.8871,0.97348,2.3339,3.5291,1.3843,1.7802,4.2563,0.30129,2.3288,3.3571,1.5186,1.5878,3.31,0.59581,2.4216,2.9379,3.3208,2.8385,0.0057302,1.9044,2.5475,3.9972,2.0605,2.1971,4.6577,2.2878,2.7328,4.8903,1.8976,1.8395,3.8361,1.3008,1.6888,3.7368,2.2052,2.1116,4.9614,1.3955,2.5969,3.9659,0.70107,3.0889,2.522,4.8073,2.8571,0.52085,1.353,2.7111,4.4086,1.9295,1.9128,3.9304,1.3304,2.6599,2.964,0.65571,2.71,3.3016,1.1152,2.8671,4.3043,0.78265,2.5755,2.7196,0.66736,2.0599,2.8938,0.57835,2.4101,3.3872,1.5725,2.1399,4.3129,1.5434,2.7341,4.5858,0.50023,2.0152,2.927,1.9983,1.8143,3.8043,1.1875,1.788,3.7102,2.2103,2.6253,4.6312,1.341,1.6319,4.0675,1.3372,2.1464,3.148,0.59115,2.055,2.9557,0.5277,2.4251,2.6531,1.7049,2.4048,4.2273,2.2256,2.6078,4.6969,0.54422,2.0529,2.9075,1.6042,1.7153,3.3607,0.5008,3.0655,2.3495,0.66389,2.5795,2.6246,3.1464,2.7315,6.1692,0.071237,2.9037,2.7807,4.7405,2.927,0.42847,2.2503,2.2739,3.5501,1.2257,3.0095,4.0801,1.2524,2.4124,3.4104,1.0449,3.0517,3.903,2.3372,2.2293,3.7041,1.1769,1.7176,3.7101,2.4301,2.3631,4.5903,2.4718,2.6929,4.0755,1.3761,2.6724,4.4105,1.8976,1.7702,3.8149,1.2162,2.6549,3.7254,2.3156,2.4272,4.8468,1.5422,2.5405,3.427,2.1659,2.2574,4.1468,0.76812,1.9627,3.3104,2.2463,2.3875,3.6056,2.2044,2.3742,3.5463,2.2805,1.9968,5.0077,2.5817,2.2637,4.7831,2.326,2.2684,3.7454,1.3901,1.6075,3.8813,2.1827,2.6202,4.6441,1.9108,1.8251,3.8136,0.77511,2.1044,4.1186,1.5874,1.7341,4.2334,2.2396,2.6368,4.7189,1.4545,2.3715,3.2678,6.097,2.9175,2.4186,1.8419,1.7786,3.5539,1.8437,2.8638,4.118,2.1234,1.9819,4.8825,1.1999,2.5811,4.372,1.9786,2.1713,4.8731,1.6163,1.6674,3.9546,1.6233,2.0345,3.3308,1.1049,2.6487,3.6291,1.0238,2.7615,3.872,1.5006,2.4801,3.9337,1.1622,2.6839,3.6416,1.7882,1.624,4.0709,0.94024,2.4603,2.8205,1.9814,2.1369,4.4676,0.32592,2.7182,3.0748,1.0477,1.931,4.2772,0.99907,2.2832,3.1273,1.7009,2.3961,4.6162,0.96131,2.0289,2.8859,0.71811,1.971,2.7386,1.5892,1.6649,3.9625,0.95601,2.4425,2.8746,1.3305,1.5692,3.8519,2.732,2.563,4.6089,1.0797,2.2113,3.5689,1.1847,2.6987,3.6951,1.9767,1.9719,4.5099,1.0304,1.9376,4.2684,1.8732,1.658,3.4728,1.6711,2.537,4.0094,2.1725,2.5138,4.8982,2.0914,2.413,3.6224,1.3509,3.0194,3.5629,1.4682,1.4811,4.1834,0.62253,2.9808,3.6467,1.6304,1.653,4.1966,0.73388,1.9868,2.739,0.71793,2.208,3.9689,2.6459,2.5816,4.531,2.0471,2.0876,3.3993,1.4428,2.7825,3.5831,1.0572,2.3047,3.5451,2.5719,2.0606,4.5623,1.465,1.7175,4.4266,1.5251,2.5611,3.5817,2.0572,2.3792,4.1224,2.6398,2.3231,4.9261,0.52708,2.5282,3.0505
10.386,0.041729,287.26,4.7935,0.25369,733.58,1.4221,1.7775,4.0866,1.301,2.2564,4.2827,1.135,1.9323,4.2304,2.4134,2.5953,4.2829,0.84672,2.0236,4.3212,1.4936,2.5878,3.8755,3.3118,2.8028,6.197,1.0993,1.9416,4.2459,1.7209,1.5931,4.1868,1.3351,2.2351,4.3903,0.82082,2.0743,4.2379,3.0791,2.8157,4.6141,5.4394,2.6093,1.1931,1.3306,2.6742,3.7043,0.86275,2.1499,2.9927,2.5865,2.1999,4.6729,1.4429,1.6402,3.9415,0.6501,2.6597,3.7367,2.0555,1.7697,3.5535,1.0373,2.3807,3.1987,6.2089,2.309,3.1878,1.7342,1.6653,3.4335,1.8678,2.6855,4.1425,1.7852,1.7235,3.4473,1.4659,1.6027,3.9673,0.39545,2.2063,3.1044,2.1551,2.458,4.5202,1.4634,1.7569,3.2242,0.79028,1.9573,2.708,3.2406,2.8348,6.1195,2.1032,1.8332,3.5855,1.0131,2.7739,2.9142,1.8717,2.6019,4.1187,0.66919,1.9587,2.7714,0.98801,2.3989,3.1222,1.9303,1.9146,4.5839,1.6849,1.6255,3.9126,0.57528,2.1435,3.8844,1.1913,2.6153,3.7569,0.85178,2.1992,3.1134,2.7913,2.4064,4.575,2.2157,2.2989,4.8738,1.5194,1.6748,3.9769,1.9259,1.9621,4.5728,1.5871,2.276,3.2602,0.7,2.2346,3.0268,2.4827,2.4442,4.4862,1.9297,2.566,4.6978,1.8311,2.6184,4.6529,2.782,2.4131,4.6554,1.2902,2.5773,3.8464,1.822,2.261,4.4408,1.9028,2.9279,3.804,0.66407,2.4706,2.6229,1.4204,2.1492,4.589,2.0107,2.9042,3.9195,0.24821,2.4153,3.268,1.6487,1.5535,4.0545,0.68384,2.0976,3.0332,2.2209,2.2639,4.637,0.75566,2.4653,3.2424,0.90571,2.1805,3.1512,0.060654,2.8717,1.8657,2.1096,2.0697,4.7479,2.731,2.413,4.591,2.4988,2.2307,5.0345,1.8941,2.5348,4.1934,1.0989,1.6685,4.0671,4.6128,2.8289,0.49781,0.85617,2.1567,3.035,1.3449,2.0524,4.3819,1.0217,2.1434,3.4465,2.0398,2.6156,4.2653,1.7655,1.5074,4.095,1.289,2.4823,3.165,0.83598,2.4765,3.7356,2.1154,1.8237,3.6246,1.487,2.4836,3.3799,1.5882,2.5683,3.6395,1.5737,1.5708,4.2536,1.8401,2.5741,4.2678,1.9416,2.5869,4.3866,3.5217,2.7284,6.2542,1.7845,1.5041,4.0718,1.8016,1.975,3.4586,1.9372,2.8959,4.7294,1.2513,2.5122,3.2114,2.5801,2.4432,4.8979,1.1155,2.6178,4.0586,1.5065,2.4601,3.4177,1.0657,1.8379,4.052,1.681,1.5274,4.0488,1.7772,1.9743,3.4256,0.23038,2.8973,3.2902,2.9947,2.2752,4.7116,1.2894,1.9382,4.2261,1.3393,2.6067,3.5234,1.3818,2.4386,3.3345,1.9008,1.8461,3.6255,1.938,2.5141,4.0656,1.0137,2.2908,3.1478,2.5339,2.0013,5.1385,1.29,2.6325,3.4612,1.3333,2.4672,3.2812,0.30701,2.9158,3.3517,0.63088,1.8736,2.7452,1.6069,1.9437,4.5179,1.4775,1.7546,4.1667,5.3434,2.8783,1.6795,0.80796,2.108,2.8337,1.0537,2.6722,4.0318,2.2886,2.4789,3.6779,2.4992,2.3823,4.8015,2.9959,2.6385,4.6814,2.1208,2.4937,4.4779,2.3646,2.1642,4.3025,0.74145,2.1222,3.2035,0.55101,2.408,3.1119,0.59258,2.1416,3.7027,2.3108,2.3705,4.4765,0.98835,2.4146,3.0684,1.2236,1.5859,4.2508,1.651,2.0389,3.4233,5.9943,2.6455,1.7292,3.4793,2.9009,0.21655,0.85419,2.334,3.0899,1.6536,1.631,4.0541,1.5171,1.9306,3.162,0.79614,2.4009,2.9648,2.1634,2.3331,4.8403,1.2247,2.5709,3.1665,1.045,1.9763,3.4953,0.38959,1.98,3.3668,1.7209,2.0078,3.3902,2.4335,2.1476,4.287,2.2285,2.1507,5.0104,1.2348,1.6223,3.8655,0.71509,1.9871,2.779,2.2385,2.1927,5.041,2.4029,2.2578,4.6146,1.5862,2.4866,3.9718,4.4845,2.8505,0.39473,1.9552,2.472,4.0415,0.796,1.9572,4.1151,1.3694,2.6662,4.3294,3.8122,2.7825,0.10518,1.5641,1.6496,3.3154,0.20189,2.2924,3.2401,5.1548,2.8482,1.1102,0.63079,2.7246,3.3523,1.3654,2.5326,3.0695,2.1966,2.0746,4.9093,1.5045,1.9866,4.4458,1.5259,1.6259,3.3312,1.469,2.9161,3.4015,0.64786,2.402,2.9965,0.8412,2.4309,3.0125,0.22144,2.5948,3.3106,1.6754,2.3456,4.2159,0.6495,2.4092,2.8911,0.9697,2.3392,3.5235,1.3839,1.7792,4.2545,0.30052,2.3292,3.3564,1.5182,1.5861,3.311,0.59922,2.4212,2.9433,3.3278,2.8369,0.015799,1.9013,2.5463,3.996,2.0631,2.1969,4.6594,2.2785,2.7304,4.879,1.8972,1.8345,3.8347,1.3006,1.6856,3.7381,2.207,2.1102,4.9608,1.3959,2.5958,3.9654,0.68475,3.0892,2.5053,4.8092,2.8527,0.5242,1.3567,2.7113,4.4124,1.9302,1.9114,3.9319,1.3327,2.6606,2.9669,0.6596,2.7086,3.3065,1.1212,2.8651,4.3106,0.78689,2.5774,2.7219,0.66718,2.0624,2.8931,0.57986,2.4101,3.3867,1.5724,2.1373,4.3149,1.5506,2.7345,4.5926,0.4972,2.0165,2.9227,1.9983,1.8121,3.8046,1.1871,1.7861,3.7121,2.2081,2.6233,4.6271,1.3392,1.6337,4.0643,1.335,2.1457,3.1472,0.59008,2.0574,2.9524,0.52911,2.4245,2.6553,1.7082,2.4086,4.2299,2.2218,2.6045,4.6913,0.54234,2.0545,2.9038,1.6051,1.7152,3.3618,0.49675,3.0664,2.3439,0.66466,2.5819,2.6235,3.1536,2.7302,6.1772,0.077566,2.9042,2.7885,4.7434,2.9259,0.4311,2.2495,2.27,3.5457,1.2274,3.0075,4.0833,1.2483,2.4145,3.4075,1.046,3.0512,3.9063,2.3366,2.2292,3.7014,1.1761,1.7137,3.7123,2.4303,2.3636,4.591,2.4688,2.6937,4.0773,1.3789,2.6722,4.4119,1.8977,1.7644,3.8135,1.2178,2.6514,3.7264,2.3142,2.426,4.8423,1.5402,2.539,3.43,2.1663,2.2599,4.149,0.76711,1.9649,3.308,2.2441,2.3864,3.6015,2.2011,2.3728,3.5411,2.2824,1.9979,5.0085,2.5802,2.2629,4.7828,2.3249,2.2698,3.744,1.3905,1.6071,3.8824,2.1781,2.6172,4.6378,1.9115,1.8212,3.8112,0.77514,2.1033,4.1223,1.587,1.7313,4.2325,2.235,2.6341,4.7128,1.4549,2.3715,3.2678,6.1039,2.9182,2.4265,1.8421,1.7781,3.5556,1.8421,2.8598,4.1153,2.126,1.9821,4.8843,1.202,2.581,4.374,1.9806,2.172,4.873,1.6166,1.6647,3.9543,1.6243,2.0353,3.3296,1.106,2.6464,3.6297,1.0258,2.76,3.8723,1.5035,2.4811,3.9365,1.163,2.6815,3.641,1.7868,1.6205,4.0707,0.94087,2.4605,2.8213,1.9835,2.1387,4.4698,0.33208,2.7155,3.0802,1.0469,1.9302,4.2775,0.99956,2.2824,3.1293,1.7031,2.3961,4.6173,0.96067,2.0279,2.8864,0.71771,1.9704,2.7387,1.5887,1.6624,3.9624,0.95664,2.4423,2.8767,1.329,1.5683,3.8524,2.7317,2.5624,4.609,1.0791,2.2136,3.567,1.186,2.6964,3.6959,1.9767,1.9716,4.5105,1.0294,1.9368,4.2688,1.8737,1.6581,3.4735,1.6713,2.538,4.0096,2.1743,2.5129,4.8979,2.09,2.4139,3.6203,1.3551,3.0178,3.5667,1.4688,1.4814,4.1822,0.62043,2.9805,3.6452,1.6313,1.6509,4.1957,0.73369,1.9863,2.739,0.71844,2.2087,3.9691,2.6449,2.5811,4.531,2.0485,2.0866,3.3986,1.4438,2.7793,3.5843,1.0561,2.3073,3.5426,2.5732,2.0623,4.5651,1.4645,1.7173,4.4267,1.5234,2.5606,3.5819,2.0573,2.3813,4.1239,2.6387,2.3223,4.9248,0.52875,2.5283,3.0525
10.386,0.041729,287.26,4.7935,0.26243,724.76,1.4189,1.7752,4.0844,1.3027,2.2573,4.2857,1.1327,1.9304,4.23,2.4121,2.5936,4.284,0.84607,2.0239,4.3228,1.4922,2.5905,3.874,3.3245,2.7992,6.2116,1.0951,1.9395,4.2461,1.7204,1.5904,4.1843,1.3371,2.2358,4.3958,0.82002,2.0758,4.2387,3.0826,2.8148,4.6163,5.4338,2.6032,1.1885,1.3306,2.6731,3.7036,0.85939,2.1503,2.9907,2.5912,2.2048,4.6813,1.4423,1.6404,3.9431,0.65047,2.663,3.7308,2.057,1.7702,3.5561,1.0303,2.3815,3.1963,0.099146,2.3087,3.1744,1.7317,1.6642,3.4359,1.8646,2.6827,4.1391,1.7852,1.7248,3.4498,1.4673,1.6034,3.9684,0.39499,2.2087,3.0998,2.1611,2.4629,4.5257,1.4638,1.7628,3.2263,0.78934,1.958,2.7082,3.2609,2.8334,6.1432,2.1104,1.8364,3.5939,1.0119,2.7776,2.9125,1.8777,2.6043,4.1264,0.67004,1.9615,2.7705,0.98052,2.3988,3.1207,1.9332,1.9159,4.5888,1.6846,1.6258,3.9138,0.58135,2.1396,3.894,1.1905,2.6207,3.7557,0.8451,2.2036,3.1073,2.8002,2.4102,4.5832,2.2268,2.3056,4.8853,1.521,1.6737,3.9777,1.9299,1.9645,4.5767,1.5967,2.2814,3.2608,0.6976,2.2365,3.0283,2.4839,2.4452,4.4921,1.9341,2.5655,4.6907,1.8301,2.6201,4.6451,2.7893,2.4152,4.6674,1.2879,2.5802,3.8393,1.8291,2.2602,4.4457,1.8975,2.9216,3.7977,0.66624,2.4699,2.6248,1.4101,2.1535,4.5833,2.0097,2.8947,3.9181,0.24582,2.417,3.2645,1.648,1.5509,4.0529,0.68377,2.0978,3.0336,2.2179,2.2625,4.6334,0.75419,2.4582,3.2495,0.9041,2.1798,3.1535,0.060576,2.8701,1.8649,2.114,2.0706,4.7513,2.7313,2.413,4.5958,2.4945,2.2258,5.0307,1.8921,2.5287,4.1908,1.0985,1.6581,4.0731,4.6031,2.8297,0.49056,0.85901,2.1574,3.0411,1.3468,2.0506,4.3846,1.0197,2.1454,3.4444,2.0325,2.6097,4.2563,1.769,1.5018,4.0917,1.293,2.4798,3.167,0.83911,2.4774,3.7349,2.1173,1.821,3.6218,1.4837,2.4834,3.3782,1.5886,2.566,3.6443,1.5693,1.5695,4.2548,1.8372,2.5669,4.2631,1.9403,2.58,4.3837,3.5262,2.7266,6.2577,1.788,1.5004,4.0677,1.8044,1.9733,3.4588,1.9341,2.8939,4.7257,1.2537,2.511,3.2144,2.5786,2.443,4.8951,1.1182,2.6179,4.059,1.5032,2.4606,3.4166,1.0628,1.8377,4.0518,1.6819,1.525,4.0477,1.7795,1.9731,3.4253,0.23055,2.8959,3.2903,2.9972,2.2742,4.7141,1.2881,1.9374,4.2268,1.3416,2.6053,3.5287,1.3796,2.4382,3.3346,1.9026,1.841,3.6234,1.9379,2.5177,4.0679,1.0113,2.2905,3.147,2.5335,2.0013,5.1387,1.2911,2.6318,3.4659,1.3297,2.467,3.2798,0.30725,2.9145,3.3521,0.62985,1.8744,2.7418,1.6033,1.9428,4.5187,1.4777,1.7529,4.1678,5.3391,2.8778,1.676,0.80763,2.1081,2.8349,1.0533,2.6741,4.0307,2.2879,2.4767,3.6806,2.4967,2.381,4.7972,3.0018,2.6359,4.686,2.1205,2.4935,4.4772,2.3653,2.1668,4.3068,0.73897,2.125,3.1982,0.55574,2.4064,3.1169,0.59211,2.1412,3.7025,2.3085,2.3679,4.4776,0.994,2.4134,3.0738,1.2224,1.5866,4.2485,1.6488,2.0395,3.4223,5.9863,2.6432,1.721,3.4823,2.8996,0.22009,0.85256,2.332,3.0911,1.6534,1.6306,4.0533,1.5174,1.9323,3.1615,0.79619,2.3993,2.9662,2.1638,2.3325,4.8375,1.2264,2.5715,3.1688,1.0458,1.9761,3.4956,0.38712,1.9799,3.3709,1.7209,2.0072,3.3883,2.4355,2.1499,4.2908,2.2297,2.1502,5.0104,1.2321,1.6197,3.8664,0.7159,1.9871,2.7796,2.2403,2.193,5.0417,2.405,2.2594,4.6184,1.5867,2.4906,3.9718,4.4892,2.8455,0.39982,1.9552,2.4761,4.0431,0.79496,1.9572,4.1147,1.3755,2.6685,4.3335,3.818,2.7806,0.11188,1.5651,1.6506,3.3164,0.19894,2.292,3.2367,5.1545,2.8437,1.1115,0.63056,2.7231,3.3526,1.3666,2.5334,3.0711,2.199,2.0727,4.9085,1.5044,1.983,4.4483,1.5259,1.6254,3.3324,1.4715,2.9157,3.4023,0.65249,2.4007,3.0035,0.83987,2.43,3.0141,0.22022,2.5941,3.3089,1.6771,2.3471,4.2186,0.65323,2.4085,2.895,0.96598,2.3442,3.5181,1.3835,1.7782,4.2528,0.29972,2.3296,3.3557,1.5178,1.5845,3.3119,0.6024,2.421,2.9484,3.3344,2.8355,0.023671,1.8985,2.5453,3.9949,2.0656,2.1967,4.6609,2.27,2.7281,4.8683,1.8968,1.8296,3.8336,1.3003,1.6828,3.7393,2.2085,2.1088,4.9602,1.3962,2.5949,3.965,0.66897,3.0895,2.4892,4.8107,2.8485,0.52734,1.3603,2.7114,4.4162,1.9308,1.9103,3.9332,1.3347,2.6612,2.9696,0.66308,2.7075,3.3111,1.1269,2.8631,4.3166,0.79077,2.5791,2.7238,0.66704,2.0646,2.8924,0.58138,2.4099,3.3863,1.5722,2.1348,4.3167,1.5573,2.7348,4.599,0.49438,2.0176,2.9187,1.9983,1.8102,3.8049,1.1867,1.7845,3.7138,2.2064,2.6215,4.6234,1.3376,1.6354,4.0614,1.3329,2.145,3.1464,0.58907,2.0596,2.9494,0.53041,2.4239,2.6573,1.7111,2.4122,4.2322,2.2182,2.6015,4.6861,0.54059,2.0559,2.9004,1.6059,1.7152,3.3627,0.49266,3.0672,2.3383,0.66527,2.5841,2.6224,3.1604,2.729,6.1847,0.083621,2.9046,2.796,4.746,2.9251,0.43366,2.2488,2.2661,3.5414,1.2288,3.0057,4.086,1.2443,2.4163,3.4049,1.047,3.0508,3.9091,2.336,2.2292,3.699,1.1753,1.7099,3.7144,2.4305,2.3641,4.5916,2.4662,2.6944,4.079,1.3813,2.6721,4.4131,1.8977,1.7589,3.8122,1.2191,2.6479,3.7273,2.313,2.425,4.838,1.5384,2.5377,3.4328,2.1667,2.2622,4.1509,0.76612,1.967,3.3058,2.2421,2.3855,3.5975,2.1982,2.3715,3.5362,2.284,1.9988,5.0091,2.5788,2.2621,4.7825,2.324,2.2711,3.7428,1.3908,1.6066,3.8833,2.1739,2.6144,4.6321,1.9123,1.8174,3.809,0.77517,2.1024,4.1258,1.5867,1.7286,4.2317,2.2306,2.6316,4.707,1.4552,2.3715,3.2679,6.1104,2.9189,2.4341,1.8424,1.7776,3.5571,1.8409,2.8559,4.1128,2.1283,1.9822,4.8858,1.2037,2.581,4.3757,1.9823,2.1726,4.8728,1.617,1.6623,3.954,1.6253,2.036,3.3286,1.107,2.6442,3.6302,1.0276,2.7588,3.8726,1.5061,2.482,3.9391,1.1637,2.6792,3.6405,1.7855,1.6172,4.0705,0.94146,2.4608,2.822,1.9855,2.1403,4.4718,0.33781,2.7129,3.0851,1.0461,1.9295,4.2778,0.99997,2.2816,3.1311,1.705,2.3961,4.6182,0.96006,2.027,2.8869,0.71734,1.9698,2.7388,1.5883,1.6602,3.9624,0.95722,2.442,2.8786,1.3278,1.5676,3.8528,2.7314,2.5619,4.6091,1.0786,2.2157,3.5653,1.1871,2.6944,3.6966,1.9768,1.9713,4.5111,1.0284,1.936,4.2692,1.8742,1.6583,3.4741,1.6715,2.5389,4.0098,2.1759,2.512,4.8976,2.0888,2.4148,3.6184,1.3592,3.0164,3.5703,1.4693,1.4818,4.1812,0.6184,2.9801,3.6438,1.6321,1.649,4.1949,0.73351,1.9858,2.739,0.7189,2.2094,3.9693,2.6441,2.5806,4.531,2.0498,2.0857,3.3979,1.4447,2.7764,3.5852,1.0552,2.3097,3.5404,2.5744,2.0638,4.5677,1.4641,1.7172,4.4268,1.522,2.5601,3.5821,2.0574,2.3831,4.1252,2.6379,2.3215,4.9236,0.5303,2.5284,3.0542
10.386,0.041729,287.26,4.7935,0.27118,715.55,1.4157,1.7732,4.0821,1.3045,2.2581,4.2888,1.1304,1.9286,4.2296,2.4111,2.5919,4.2854,0.84542,2.0243,4.3241,1.4907,2.5933,3.8723,3.3376,2.7953,6.2265,1.0911,1.9374,4.2463,1.7201,1.5877,4.1818,1.3391,2.2367,4.4011,0.81919,2.0775,4.2391,3.0858,2.8137,4.6184,5.4284,2.597,1.1842,1.3304,2.6723,3.7029,0.856,2.1508,2.9886,2.596,2.2096,4.6898,1.4419,1.6408,3.9448,0.65087,2.6665,3.7247,2.0585,1.7708,3.5584,1.023,2.3824,3.1936,6.2705,2.3083,3.1612,1.7291,1.6631,3.4383,1.8617,2.6803,4.1363,1.7851,1.7261,3.4525,1.4689,1.6047,3.9694,0.39428,2.2112,3.0948,2.1679,2.4685,4.5317,1.4645,1.7692,3.2287,0.78843,1.9585,2.7085,3.2831,2.8317,6.1691,2.118,1.8397,3.6029,1.0106,2.7814,2.9105,1.8842,2.607,4.1348,0.67076,1.9647,2.7691,0.97207,2.3991,3.1184,1.9365,1.9175,4.5939,1.6842,1.6265,3.9152,0.58786,2.1357,3.9043,1.189,2.6267,3.7537,0.83791,2.2084,3.1006,2.8093,2.4143,4.5915,2.2375,2.3116,4.8974,1.5226,1.6724,3.9783,1.9342,1.9672,4.5807,1.6078,2.2869,3.2616,0.69558,2.2379,3.0313,2.4849,2.4458,4.4977,1.9391,2.5651,4.683,1.8294,2.622,4.637,2.7949,2.4171,4.6776,1.2849,2.5832,3.8315,1.8366,2.2587,4.4505,1.8918,2.9148,3.791,0.66835,2.469,2.6268,1.3984,2.1571,4.5771,2.0084,2.8844,3.9166,0.24507,2.419,3.2624,1.6472,1.5483,4.051,0.68388,2.0978,3.0342,2.2147,2.2608,4.6296,0.75218,2.451,3.257,0.90239,2.1782,3.1574,0.060916,2.8683,1.8646,2.1181,2.0711,4.7541,2.7301,2.4123,4.5989,2.4903,2.2211,5.026,1.8903,2.5229,4.1882,1.098,1.6472,4.0796,4.5946,2.8309,0.48417,0.8621,2.1581,3.0476,1.3487,2.0485,4.3874,1.0176,2.1474,3.4423,2.025,2.6036,4.2471,1.7725,1.496,4.0882,1.2967,2.4771,3.169,0.84226,2.4781,3.7343,2.1193,1.8181,3.619,1.4806,2.4829,3.377,1.5891,2.5634,3.6492,1.5652,1.5683,4.256,1.8347,2.56,4.2591,1.9391,2.5734,4.3809,3.5303,2.7249,6.2608,1.7914,1.4966,4.0638,1.8069,1.9715,3.459,1.9316,2.8919,4.7225,1.2559,2.5097,3.2175,2.577,2.4428,4.8923,1.1209,2.618,4.0596,1.5,2.4609,3.4156,1.06,1.8375,4.0517,1.6828,1.5226,4.0466,1.7818,1.9717,3.4251,0.23075,2.8946,3.2903,2.9993,2.2731,4.7163,1.2868,1.9367,4.2275,1.3438,2.6039,3.5336,1.3775,2.4378,3.3347,1.9043,1.8359,3.6216,1.9378,2.521,4.0702,1.0092,2.2901,3.1464,2.5331,2.0014,5.139,1.292,2.6309,3.4704,1.3263,2.4669,3.2784,0.30752,2.9132,3.3524,0.62892,1.8753,2.7386,1.5999,1.9421,4.5193,1.4779,1.7513,4.1689,5.3351,2.8775,1.6727,0.80735,2.1083,2.8361,1.0529,2.676,4.0296,2.2864,2.4745,3.6826,2.4944,2.3797,4.7933,3.0074,2.6332,4.6902,2.1203,2.4933,4.4767,2.3659,2.1691,4.3108,0.73657,2.1275,3.1932,0.56016,2.4049,3.1216,0.59162,2.1409,3.7024,2.3066,2.3656,4.479,0.99926,2.4123,3.0788,1.2211,1.5873,4.2464,1.6468,2.04,3.4212,5.9788,2.641,1.7133,3.4846,2.8982,0.22313,0.85082,2.3302,3.0921,1.6532,1.6303,4.0524,1.5177,1.934,3.1612,0.79618,2.3978,2.9675,2.1642,2.332,4.835,1.2281,2.5722,3.1709,1.0464,1.9758,3.4959,0.38501,1.9799,3.3746,1.7208,2.0067,3.3864,2.4374,2.1522,4.2943,2.2309,2.1497,5.0104,1.2296,1.6171,3.8672,0.71667,1.9872,2.78,2.242,2.1933,5.0422,2.407,2.2609,4.6219,1.587,2.4941,3.9718,4.4936,2.8406,0.40464,1.9551,2.4799,4.0446,0.79399,1.9572,4.1143,1.3812,2.6706,4.3373,3.8235,2.7788,0.11819,1.5661,1.6516,3.3172,0.19614,2.2916,3.2335,5.1544,2.8394,1.1128,0.6302,2.7216,3.3527,1.3677,2.534,3.0727,2.2012,2.0709,4.9076,1.5044,1.9796,4.4506,1.5258,1.6249,3.3336,1.4738,2.9153,3.4032,0.6568,2.3995,3.0103,0.8386,2.4291,3.0157,0.21895,2.5934,3.3071,1.6788,2.3485,4.2212,0.65669,2.4079,2.8987,0.96233,2.349,3.5128,1.3831,1.7772,4.2511,0.29894,2.33,3.3551,1.5174,1.5829,3.3129,0.6054,2.4207,2.9533,3.3405,2.834,0.031015,1.8958,2.5443,3.9938,2.0678,2.1964,4.6625,2.2622,2.7259,4.8584,1.8965,1.8248,3.8326,1.3001,1.6802,3.7405,2.2101,2.1075,4.9598,1.3965,2.594,3.9646,0.65375,3.0897,2.4737,4.8119,2.8446,0.53028,1.3638,2.7114,4.4199,1.9313,1.9091,3.9345,1.3366,2.6617,2.9722,0.66621,2.7064,3.3151,1.1324,2.8612,4.3223,0.79436,2.5808,2.7257,0.66693,2.0667,2.8919,0.58286,2.4098,3.3859,1.572,2.1325,4.3185,1.5636,2.735,4.6052,0.49175,2.0187,2.9151,1.9982,1.8083,3.8052,1.1864,1.7829,3.7154,2.2048,2.6198,4.6201,1.336,1.6369,4.0586,1.3309,2.1443,3.1457,0.58812,2.0617,2.9466,0.53163,2.4234,2.6592,1.714,2.4156,4.2344,2.2149,2.5986,4.6811,0.53898,2.0573,2.8972,1.6067,1.7151,3.3636,0.48856,3.0679,2.3329,0.66574,2.5862,2.6212,3.1669,2.7278,6.1917,0.089431,2.905,2.8032,4.7484,2.9243,0.43612,2.2482,2.2626,3.5376,1.2299,3.004,4.0883,1.2405,2.4179,3.4025,1.0477,3.0504,3.9117,2.3356,2.2292,3.6968,1.1747,1.7064,3.7164,2.4306,2.3646,4.5922,2.4636,2.6949,4.0807,1.3837,2.672,4.4142,1.8976,1.7535,3.8111,1.2205,2.6446,3.7282,2.3118,2.4239,4.834,1.5366,2.5363,3.4355,2.167,2.2643,4.1529,0.76516,1.969,3.3037,2.2403,2.3846,3.5939,2.1954,2.3701,3.5316,2.2856,1.9997,5.0095,2.5775,2.2615,4.7822,2.323,2.2723,3.7417,1.3911,1.6062,3.8843,2.17,2.6119,4.6269,1.9129,1.8139,3.8069,0.77521,2.1015,4.1292,1.5865,1.7261,4.231,2.2265,2.6293,4.7016,1.4555,2.3715,3.2679,6.1169,2.9194,2.4414,1.8426,1.7773,3.5585,1.8395,2.8523,4.1106,2.1304,1.9823,4.8872,1.2054,2.581,4.3774,1.984,2.1732,4.8727,1.6174,1.66,3.9537,1.6263,2.0366,3.3276,1.108,2.6422,3.6306,1.0293,2.7575,3.8728,1.5086,2.4827,3.9414,1.1643,2.6771,3.6402,1.7842,1.6142,4.0704,0.94201,2.461,2.8226,1.9874,2.1419,4.4737,0.34315,2.7104,3.0898,1.0454,1.9288,4.2781,1.0004,2.2809,3.1328,1.7069,2.3961,4.6191,0.9595,2.026,2.8873,0.717,1.9693,2.739,1.588,1.6582,3.9624,0.95776,2.4418,2.8804,1.3266,1.5668,3.8531,2.7312,2.5614,4.6092,1.0782,2.2177,3.5636,1.1881,2.6925,3.6972,1.9768,1.971,4.5115,1.0275,1.9353,4.2696,1.8747,1.6584,3.4746,1.6716,2.5397,4.01,2.1775,2.5113,4.8974,2.0876,2.4155,3.6166,1.3628,3.0151,3.5738,1.4696,1.4821,4.1801,0.61643,2.9798,3.6423,1.6329,1.6472,4.1943,0.73335,1.9854,2.739,0.71933,2.2099,3.9695,2.6432,2.5803,4.531,2.051,2.0848,3.3974,1.4456,2.7736,3.5862,1.0543,2.3118,3.5383,2.5756,2.0653,4.5701,1.4637,1.7171,4.4269,1.5205,2.5598,3.5823,2.0575,2.3849,4.1265,2.637,2.3208,4.9224,0.53173,2.5285,3.0559
10.386,0.041729,287.26,4.7935,0.27993,709.43,1.4125,1.7711,4.08,1.3062,2.2588,4.2919,1.1284,1.927,4.2291,2.4101,2.5903,4.2869,0.84478,2.0246,4.3254,1.4891,2.5961,3.8705,3.3505,2.7913,6.2411,1.0871,1.9354,4.2463,1.7198,1.5853,4.1795,1.3412,2.2377,4.4064,0.81836,2.0793,4.2396,3.0889,2.8127,4.6204,5.4232,2.5911,1.1802,1.3301,2.6718,3.702,0.85266,2.1514,2.9863,2.6007,2.2144,4.6979,1.4416,1.6413,3.9464,0.65123,2.6701,3.7186,2.06,1.7714,3.5609,1.0152,2.3835,3.1905,6.2545,2.308,3.1485,1.7265,1.6621,3.4409,1.8592,2.6781,4.1339,1.7851,1.7275,3.4552,1.4705,1.6061,3.9704,0.39348,2.2135,3.0896,2.1749,2.4741,4.5377,1.4652,1.7759,3.2312,0.78755,1.959,2.709,3.3066,2.8298,6.1962,2.1253,1.8429,3.612,1.0092,2.785,2.9086,1.8909,2.6097,4.1433,0.67136,1.9678,2.7677,0.96316,2.3997,3.1158,1.94,1.9192,4.5993,1.6836,1.6275,3.9164,0.5947,2.1317,3.9149,1.1872,2.6325,3.7516,0.83081,2.213,3.094,2.818,2.4181,4.5991,2.2468,2.3169,4.9097,1.524,1.6711,3.9786,1.9387,1.9698,4.5848,1.6192,2.2921,3.2625,0.69368,2.239,3.0352,2.4854,2.4459,4.503,1.9442,2.5649,4.6752,1.8292,2.624,4.6293,2.7993,2.4187,4.6861,1.2817,2.5863,3.8238,1.844,2.2569,4.455,1.8859,2.9079,3.7841,0.67031,2.4678,2.6287,1.3865,2.1603,4.5711,2.0072,2.8739,3.9153,0.24532,2.4208,3.2632,1.6465,1.5455,4.0491,0.68414,2.0977,3.0353,2.2114,2.259,4.6257,0.74959,2.4441,3.2642,0.90041,2.1771,3.1608,0.061677,2.8665,1.8648,2.1221,2.0713,4.7566,2.7286,2.4113,4.6014,2.4859,2.2165,5.0208,1.8886,2.5173,4.1858,1.0976,1.6365,4.0857,4.5873,2.8321,0.47901,0.86534,2.1586,3.0543,1.3506,2.0466,4.39,1.0155,2.1492,3.4403,2.0182,2.5978,4.2385,1.7761,1.4903,4.0849,1.3004,2.4745,3.1708,0.84541,2.4787,3.7338,2.1211,1.8154,3.6162,1.4778,2.4824,3.3759,1.5898,2.5607,3.6538,1.5612,1.5671,4.2571,1.8327,2.5534,4.2555,1.9382,2.567,4.3781,3.5343,2.7232,6.2638,1.7947,1.4931,4.0598,1.8094,1.9698,3.4592,1.9291,2.89,4.7192,1.2581,2.5084,3.2204,2.5756,2.4427,4.8895,1.1236,2.618,4.0602,1.497,2.4612,3.4145,1.0573,1.8373,4.0516,1.6837,1.5204,4.0454,1.7839,1.9705,3.4249,0.23107,2.8933,3.2905,3.0014,2.2721,4.7185,1.2855,1.9359,4.2281,1.3459,2.6026,3.5383,1.3754,2.4375,3.3348,1.906,1.8311,3.6199,1.9377,2.524,4.0723,1.007,2.2898,3.1458,2.5327,2.0015,5.1391,1.293,2.6297,3.4748,1.3231,2.4667,3.2771,0.30787,2.9119,3.3529,0.62809,1.876,2.7356,1.5967,1.9414,4.5199,1.4781,1.7498,4.1699,5.3313,2.8771,1.6696,0.80712,2.1084,2.8372,1.0524,2.6777,4.0285,2.2844,2.4723,3.6839,2.4922,2.3785,4.7894,3.0128,2.6305,4.6942,2.1201,2.4932,4.4761,2.3665,2.1715,4.3147,0.73424,2.1298,3.1886,0.56432,2.4035,3.126,0.59117,2.1405,3.7022,2.3049,2.3634,4.4803,1.0042,2.4112,3.0834,1.2201,1.5879,4.2441,1.6447,2.0406,3.4201,5.9717,2.6388,1.7059,3.4869,2.8969,0.22592,0.84898,2.3286,3.0927,1.653,1.63,4.0517,1.518,1.9356,3.1607,0.79611,2.3964,2.9687,2.1647,2.3314,4.8325,1.2296,2.5728,3.1731,1.0471,1.9755,3.4963,0.3831,1.9799,3.3783,1.7207,2.0061,3.3846,2.4393,2.1542,4.2979,2.2319,2.1492,5.0105,1.2271,1.6146,3.8679,0.71739,1.9872,2.7805,2.2436,2.1936,5.0428,2.409,2.2623,4.6254,1.5874,2.4976,3.9718,4.4978,2.836,0.40923,1.9551,2.4837,4.046,0.79306,1.9572,4.114,1.3867,2.6727,4.3411,3.8285,2.7771,0.12422,1.5671,1.6527,3.3181,0.19347,2.2912,3.2306,5.1543,2.8353,1.1142,0.62973,2.7202,3.3527,1.3687,2.5347,3.0742,2.2035,2.0692,4.9069,1.5044,1.9764,4.4529,1.5258,1.6244,3.3347,1.4761,2.915,3.404,0.66092,2.3982,3.0165,0.83739,2.4282,3.0172,0.21773,2.5929,3.3054,1.6803,2.3498,4.2237,0.66004,2.4074,2.9021,0.95876,2.3535,3.5076,1.3827,1.7761,4.2494,0.29816,2.3303,3.3546,1.5171,1.5814,3.3139,0.60828,2.4205,2.9579,3.3462,2.8326,0.037916,1.8932,2.5433,3.9926,2.0701,2.1962,4.6639,2.2548,2.7237,4.849,1.896,1.8202,3.8316,1.2998,1.6777,3.7416,2.2115,2.1062,4.9592,1.3968,2.5932,3.9644,0.63873,3.0899,2.4584,4.813,2.8408,0.53308,1.367,2.7114,4.4233,1.9318,1.9079,3.9358,1.3385,2.6623,2.9745,0.6691,2.7053,3.319,1.1374,2.8593,4.3278,0.79774,2.5823,2.7274,0.66684,2.0687,2.8915,0.58427,2.4096,3.3856,1.5718,2.1301,4.3201,1.5695,2.7352,4.611,0.48927,2.0197,2.9115,1.9981,1.8065,3.8055,1.186,1.7813,3.717,2.2035,2.6183,4.6172,1.3345,1.6384,4.056,1.329,2.1437,3.145,0.58724,2.0636,2.9439,0.53279,2.423,2.6609,1.7167,2.4188,4.2366,2.2119,2.5959,4.6765,0.53748,2.0585,2.8943,1.6073,1.7151,3.3646,0.48446,3.0688,2.3274,0.6661,2.5883,2.6199,3.173,2.7266,6.1984,0.095146,2.9053,2.8102,4.7509,2.9236,0.43855,2.2478,2.259,3.5339,1.2309,3.0024,4.0905,1.2371,2.4194,3.4003,1.0483,3.05,3.9141,2.335,2.2292,3.6945,1.174,1.7029,3.7183,2.4307,2.365,4.5927,2.4612,2.6954,4.0824,1.3859,2.6718,4.4153,1.8976,1.7486,3.81,1.2217,2.6416,3.7289,2.3108,2.4229,4.8302,1.535,2.5353,3.438,2.1674,2.2664,4.1548,0.76422,1.9709,3.3017,2.2387,2.3837,3.5903,2.1928,2.369,3.5273,2.287,2.0004,5.0098,2.5762,2.2608,4.7819,2.322,2.2735,3.7406,1.3914,1.6056,3.8852,2.1665,2.6094,4.6219,1.9135,1.8104,3.8049,0.77525,2.1006,4.1323,1.5862,1.7238,4.2303,2.2226,2.627,4.6964,1.4557,2.3716,3.2679,6.1231,2.92,2.4485,1.8429,1.7768,3.5599,1.8385,2.8489,4.1085,2.1325,1.9823,4.8885,1.207,2.5809,4.3789,1.9856,2.1738,4.8725,1.6177,1.6578,3.9535,1.6273,2.0372,3.3266,1.1089,2.6403,3.631,1.0309,2.7563,3.8729,1.5109,2.4834,3.9438,1.1649,2.6752,3.6397,1.783,1.6113,4.0702,0.94253,2.4612,2.8232,1.9891,2.1433,4.4754,0.34821,2.7082,3.0942,1.0447,1.9282,4.2783,1.0008,2.2802,3.1343,1.7086,2.3961,4.6201,0.95895,2.0251,2.8877,0.71669,1.9688,2.7391,1.5876,1.6562,3.9623,0.95824,2.4417,2.8821,1.3254,1.5661,3.8535,2.7311,2.561,4.6094,1.0777,2.2196,3.5621,1.1891,2.6907,3.6978,1.9768,1.9707,4.5121,1.0267,1.9346,4.2699,1.8751,1.6585,3.4752,1.6718,2.5406,4.0101,2.1789,2.5105,4.8972,2.0864,2.4164,3.6149,1.3664,3.0138,3.577,1.4701,1.4824,4.1792,0.61448,2.9795,3.6409,1.6336,1.6455,4.1935,0.73319,1.985,2.739,0.71972,2.2105,3.9696,2.6424,2.5798,4.531,2.0522,2.084,3.3968,1.4463,2.771,3.5871,1.0533,2.3139,3.5364,2.5767,2.0667,4.5723,1.4634,1.717,4.4269,1.5192,2.5593,3.5825,2.0576,2.3866,4.1277,2.6362,2.3202,4.9213,0.5331,2.5286,3.0574
213.42,0.095771,103.28,18.683,0.0066919,299.31,1.5206,1.836,4.1709,1.2775,2.226,4.2235,1.2286,1.9859,4.2347,2.497,2.6615,4.3011,0.85806,2.0601,4.2194,1.52,2.4871,3.8934,3.0173,2.8391,5.8298,1.2258,1.9874,4.2346,1.7478,1.7145,4.2472,1.2778,2.2267,4.2262,0.85738,2.0616,4.2157,2.8948,2.8353,4.5101,5.7035,2.7751,1.4597,1.243,2.8401,3.628,0.9549,2.1449,3.0218,2.4851,2.0536,4.4493,1.4726,1.6751,3.9063,0.65736,2.5718,3.8815,2.0063,1.7632,3.474,1.076,2.4446,3.0637,0.26702,2.2861,3.5567,1.7853,1.6743,3.3882,2.133,2.8239,4.4377,1.7868,1.6744,3.3913,1.4741,1.672,3.9091,0.39458,2.1346,3.2003,2.0383,2.3573,4.3904,1.4741,1.6684,3.1994,0.83131,1.8788,2.7707,3.0181,2.8415,5.8261,2.0069,1.7641,3.476,1.0057,2.7168,2.8794,1.8187,2.589,4.0034,0.63305,1.8716,2.7982,1.0716,2.4448,3.0566,1.8987,1.9153,4.4946,1.6822,1.6917,3.8938,0.51054,2.2013,3.7447,1.1925,2.4255,3.784,1.0022,2.0622,3.2674,2.5497,2.2996,4.295,2.0709,2.1512,4.6795,1.479,1.6738,3.9121,1.8962,1.9169,4.4933,1.4908,2.1734,3.267,0.82082,2.0815,3.1849,2.4184,2.3726,4.316,1.9434,2.6012,4.8862,1.9356,2.5963,4.8755,2.5482,2.3,4.293,1.2868,2.4889,3.9442,1.6884,2.2322,4.2961,2.0457,3.0607,3.9882,0.50574,2.4698,2.478,1.5429,2.0563,4.6102,2.0735,3.0646,4.0198,0.38937,2.3755,3.4333,1.6616,1.6268,4.0823,0.70916,2.0225,3.0972,2.2444,2.2404,4.6472,0.63371,2.6168,3.0054,1.0025,2.0654,3.2681,0.12605,2.8903,1.9699,1.9954,1.9849,4.5893,2.5468,2.3006,4.2949,2.6719,2.3366,5.1958,2.1381,2.8194,4.4401,1.0792,1.8467,3.9477,4.6211,2.996,0.50729,0.88545,2.1176,3.0525,1.3051,2.0995,4.2674,1.0551,2.0868,3.4928,2.3062,2.753,4.575,1.7022,1.5964,4.1569,1.1456,2.5573,3.0695,0.75133,2.4269,3.7694,2.0549,1.9268,3.7375,1.5978,2.4373,3.4676,1.6586,2.5234,3.6067,1.6579,1.6744,4.25,2.1038,2.808,4.5796,2.1097,2.8077,4.5833,3.358,2.782,6.1193,1.7014,1.5966,4.157,1.7043,2.0047,3.4529,2.124,2.9367,4.92,1.1468,2.5573,3.0736,2.6368,2.4463,4.9875,1.0264,2.6031,4.066,1.6002,2.4362,3.4682,1.1843,1.8011,4.1005,1.6618,1.6274,4.0831,1.7033,2.0047,3.4507,0.28889,2.9466,3.336,2.872,2.2935,4.5656,1.317,1.95,4.2053,1.251,2.6874,3.3269,1.4636,2.4583,3.3433,1.8423,1.9829,3.7233,1.9508,2.3392,3.9929,1.0956,2.2825,3.1879,2.5395,2.0475,5.148,1.2422,2.6867,3.314,1.4606,2.4611,3.3392,0.29468,2.9464,3.3424,0.67602,1.807,2.9112,1.6995,2.026,4.4238,1.4672,1.8612,4.1201,5.5356,2.901,1.8475,0.81919,2.121,2.7816,1.0251,2.605,4.0666,2.1574,2.5246,3.6213,2.6382,2.4447,4.9887,2.8018,2.7047,4.5213,2.1617,2.5294,4.5326,2.3489,2.1028,4.1949,0.76614,1.9906,3.3479,0.32762,2.474,2.8824,0.60387,2.1408,3.7131,2.3861,2.5077,4.4313,0.75091,2.4649,2.8537,1.2548,1.5838,4.2871,1.7013,2.0074,3.4496,1.0782,2.6891,2.0382,3.2176,2.9382,6.2093,0.74683,2.4631,2.8558,1.6612,1.6341,4.0869,1.4945,1.8653,3.1826,0.74328,2.4643,2.8506,2.1683,2.3482,4.9536,1.1446,2.5629,3.0709,1.0022,1.9626,3.5037,0.52998,1.9781,3.2575,1.7014,2.0086,3.4488,2.3859,2.0816,4.1979,2.1438,2.1542,4.9803,1.2885,1.7511,3.8011,0.68286,1.977,2.7563,2.1436,2.154,4.9824,2.3195,2.1858,4.4617,1.5674,2.2945,3.9629,4.2102,3.0049,0.1432,1.9551,2.3386,3.9962,0.83831,1.9637,4.1181,1.1772,2.5731,4.2158,3.524,2.8532,6.0864,1.5323,1.618,3.287,0.3211,2.2979,3.4056,5.1306,2.9888,1.0713,0.56102,2.7838,3.2578,1.2689,2.5075,2.9789,2.1409,2.151,4.9789,1.4742,2.0932,4.3511,1.5254,1.6231,3.2872,1.3785,2.9293,3.3633,0.45246,2.4497,2.7215,0.92363,2.4545,3.0008,0.22236,2.6178,3.3404,1.6122,2.257,4.1257,0.44837,2.4469,2.7151,1.0473,2.1718,3.6581,1.3943,1.8063,4.293,0.32432,2.3004,3.4062,1.5287,1.6172,3.2871,0.44871,2.4502,2.7193,2.9974,2.8704,5.9154,2.0054,2.5973,4.0343,1.972,2.1786,4.5897,2.6301,2.775,5.2685,1.8912,1.9645,3.9029,1.2939,1.8149,3.6886,2.1449,2.1539,4.9826,1.4011,2.6574,4.0064,1.1146,3.0843,2.957,4.693,2.9844,0.41555,1.2603,2.6855,4.3368,1.9038,1.9569,3.8845,1.2472,2.6365,2.866,0.3666,2.7731,2.9595,0.93751,2.8914,4.1297,0.57667,2.5212,2.5835,0.69681,1.9345,2.9893,0.54643,2.3969,3.4273,1.5663,2.1761,4.2302,1.264,2.6872,4.3411,0.63135,1.9501,3.1137,1.9799,1.8959,3.8181,1.1933,1.8448,3.6466,2.4582,2.7222,4.9765,1.3762,1.5285,4.1707,1.3889,2.1564,3.1739,0.63601,1.9499,3.1137,0.46282,2.4499,2.5698,1.614,2.2559,4.1287,2.4562,2.721,4.9779,0.634,1.9514,3.1111,1.5642,1.7122,3.3278,0.5093,3.0407,2.423,0.57624,2.5215,2.5854,2.9131,2.7441,5.8938,6.1836,2.8644,2.55,4.676,2.9878,0.39653,2.3433,2.4067,3.7484,0.88852,3.0808,3.6722,1.4356,2.2584,3.5608,0.85168,3.0787,3.6353,2.3664,2.2375,3.8078,1.1918,1.8442,3.6456,2.4266,2.3382,4.5605,2.5811,2.6295,4.0316,1.2623,2.6832,4.3376,1.8921,1.9599,3.9025,1.1285,2.7929,3.6543,2.4459,2.4844,5.0865,1.6079,2.6197,3.305,2.1682,2.1882,4.1025,0.78687,1.9026,3.371,2.3438,2.4095,3.7497,2.3465,2.4108,3.7512,2.1852,1.8906,4.9037,2.6439,2.2897,4.7918,2.3649,2.2385,3.8079,1.38,1.585,3.8365,2.4599,2.7199,4.9818,1.8914,1.9603,3.9031,0.77909,2.1411,3.9637,1.6016,1.8313,4.2579,2.4571,2.7211,4.9793,1.4456,2.3889,3.2608,5.9306,2.8812,2.2098,1.8583,1.7998,3.4763,1.9751,3.0222,4.2984,2.0163,1.9494,4.7553,1.1017,2.5788,4.2736,1.8836,2.1494,4.8613,1.6132,1.8008,3.9663,1.6047,2.0097,3.3901,1.0159,2.7738,3.566,0.91566,2.83,3.8136,1.3802,2.3914,3.8444,1.1242,2.7947,3.6495,1.8384,1.7937,4.0928,0.91286,2.4608,2.7734,1.9106,2.0689,4.3854,0.076041,2.7961,2.8413,1.0856,1.9592,4.2611,0.94786,2.3362,3.0107,1.6339,2.3953,4.5868,0.97908,2.0861,2.8355,0.74333,1.9983,2.7429,1.6126,1.7999,3.9684,0.91455,2.4598,2.7753,1.3802,1.5855,3.8366,2.7686,2.5893,4.634,1.0847,2.1374,3.6269,1.1216,2.7982,3.65,1.9758,1.9864,4.4764,1.0832,1.9616,4.259,1.8532,1.6527,3.4505,1.6621,2.4825,3.9989,2.1125,2.5548,4.9221,2.1549,2.3805,3.7101,1.1846,3.0733,3.4163,1.4462,1.4668,4.2321,0.61988,2.9995,3.6149,1.6242,1.7502,4.2326,0.74431,1.9978,2.7421,0.69063,2.1942,3.9441,2.6885,2.6026,4.5371,1.9922,2.1277,3.4387,1.3823,2.9209,3.5361,1.0816,2.1929,3.6345,2.5316,1.9998,4.4702,1.491,1.7348,4.4223,1.6092,2.592,3.5828,2.0624,2.2892,4.0729,2.7091,2.3736,5.0089,0.44584,2.5311,2.9592
213.42,0.095771,103.28,18.683,0.013384,303.08,1.5161,1.8356,4.1662,1.276,2.2275,4.224,1.2248,1.9838,4.2376,2.493,2.6591,4.298,0.8583,2.0574,4.2238,1.5195,2.4938,3.8936,3.0313,2.8394,5.8476,1.2203,1.9859,4.2353,1.7471,1.7093,4.2459,1.28,2.2271,4.2307,0.85574,2.0619,4.2152,2.9021,2.835,4.5152,5.6901,2.7713,1.4445,1.2525,2.8311,3.6377,0.95126,2.1451,3.021,2.4877,2.0591,4.4571,1.4726,1.6727,3.9082,0.65525,2.5761,3.8756,2.008,1.7644,3.4766,1.0828,2.4397,3.0785,0.25871,2.2872,3.5461,1.7838,1.676,3.39,2.1118,2.8191,4.4139,1.787,1.6805,3.3933,1.4704,1.6671,3.9137,0.39239,2.1389,3.1927,2.0454,2.3646,4.3997,1.4741,1.6724,3.1999,0.83032,1.8871,2.766,3.0306,2.8415,5.8401,2.009,1.7693,3.4793,1.0059,2.7185,2.8817,1.8204,2.589,4.0074,0.63621,1.8773,2.7982,1.071,2.4428,3.0622,1.9008,1.9169,4.4978,1.686,1.6853,3.8919,0.51119,2.2017,3.7455,1.1906,2.4382,3.7794,0.99534,2.0687,3.2594,2.5577,2.3048,4.3059,2.0771,2.1583,4.6878,1.4808,1.6724,3.9147,1.8961,1.9175,4.4948,1.493,2.1791,3.2665,0.81643,2.087,3.1775,2.4194,2.3759,4.3206,1.9382,2.5991,4.8761,1.9281,2.5976,4.8625,2.5537,2.3054,4.3024,1.286,2.4937,3.9388,1.6917,2.2334,4.3007,2.0171,3.0548,3.9579,0.51476,2.4691,2.4862,1.5437,2.0584,4.6162,2.0611,3.0603,4.0062,0.38308,2.3791,3.4233,1.6616,1.62,4.0814,0.70785,2.0256,3.0937,2.2455,2.2418,4.6492,0.64795,2.6118,3.0216,0.99678,2.0719,3.2605,0.11951,2.8906,1.962,1.9969,1.986,4.5931,2.5507,2.3063,4.3029,2.6626,2.3331,5.1863,2.1203,2.8108,4.4208,1.0797,1.8398,3.953,4.6259,2.9886,0.51008,0.8819,2.118,3.0485,1.3052,2.0976,4.2724,1.054,2.0871,3.4916,2.2887,2.7478,4.5545,1.7041,1.5905,4.1542,1.1527,2.5547,3.0762,0.75451,2.4293,3.769,2.0564,1.922,3.7325,1.5934,2.438,3.4642,1.6522,2.5268,3.6042,1.6553,1.6664,4.2499,2.0871,2.8009,4.5612,2.0974,2.7997,4.5705,3.3632,2.7813,6.124,1.7035,1.5911,4.1544,1.7078,2.0033,3.4521,2.1116,2.9347,4.9088,1.1531,2.5552,3.0819,2.6337,2.4456,4.9835,1.0317,2.6028,4.0669,1.5964,2.4363,3.4661,1.1818,1.8066,4.097,1.6629,1.6213,4.0814,1.7052,2.0039,3.4481,0.28699,2.9454,3.335,2.8747,2.2951,4.5715,1.3162,1.9492,4.2058,1.2586,2.6828,3.34,1.4612,2.4576,3.343,1.8442,1.9776,3.7181,1.9501,2.3456,3.9941,1.0925,2.2828,3.186,2.5388,2.0429,5.1457,1.2445,2.6817,3.3199,1.4557,2.4627,3.336,0.29851,2.9455,3.3462,0.67424,1.8089,2.9056,1.6977,2.0227,4.4293,1.4668,1.8552,4.1223,5.5266,2.8997,1.8389,0.81981,2.1189,2.7853,1.029,2.6067,4.0678,2.1645,2.5243,3.6217,2.6341,2.4436,4.9834,2.8041,2.7028,4.5229,2.1574,2.527,4.527,2.3488,2.1039,4.1966,0.7666,1.9935,3.3457,0.33371,2.4724,2.8884,0.60268,2.1412,3.7121,2.3859,2.5024,4.4337,0.75713,2.4635,2.86,1.2543,1.5852,4.2871,1.7002,2.0093,3.4477,0.26126,2.6888,2.026,3.2266,2.9376,6.2196,0.75481,2.4591,2.8674,1.6619,1.6346,4.0857,1.4952,1.8674,3.1821,0.74643,2.4624,2.8559,2.1679,2.3482,4.9494,1.1485,2.5633,3.0763,1.0029,1.9626,3.5038,0.52643,1.9781,3.2589,1.7028,2.0104,3.446,2.3859,2.0841,4.1997,2.1468,2.1541,4.9822,1.2872,1.7465,3.8032,0.68359,1.9772,2.7577,2.1473,2.1547,4.9859,2.3216,2.1887,4.4659,1.5681,2.304,3.9633,4.2318,2.9984,0.16382,1.9548,2.3428,3.9973,0.83755,1.9625,4.1193,1.1832,2.5758,4.2194,3.5381,2.8509,6.1002,1.5328,1.6192,3.2877,0.31596,2.2984,3.3992,5.1244,2.9846,1.0652,0.56818,2.7824,3.2662,1.2751,2.5097,2.9833,2.1409,2.1479,4.975,1.4753,2.091,4.354,1.5257,1.6243,3.2883,1.3801,2.9286,3.3644,0.45832,2.4483,2.7295,0.91847,2.4549,2.9989,0.22315,2.6175,3.3401,1.6137,2.2602,4.1281,0.45603,2.4457,2.7222,1.0456,2.1774,3.6546,1.394,1.8043,4.2928,0.32316,2.3028,3.4023,1.5284,1.6169,3.2877,0.45474,2.4487,2.7278,3.0223,2.8705,5.9417,2.0009,2.5951,4.0312,1.9757,2.1807,4.5936,2.6198,2.775,5.2569,1.8926,1.9623,3.9005,1.2938,1.8106,3.6899,2.1481,2.1528,4.9836,1.3989,2.6555,4.0016,1.1178,3.0824,2.9593,4.6981,2.981,0.41891,1.2675,2.6878,4.3433,1.904,1.9545,3.8837,1.2517,2.637,2.8713,0.38285,2.7719,2.9782,0.94052,2.8935,4.1321,0.58712,2.5216,2.5922,0.69505,1.9393,2.9839,0.54524,2.3988,3.4231,1.5656,2.1773,4.2345,1.2765,2.6901,4.3512,0.62589,1.9534,3.1066,1.9812,1.8928,3.8168,1.1931,1.8413,3.649,2.4434,2.7191,4.9573,1.3755,1.5362,4.1677,1.3869,2.1567,3.1723,0.63402,1.9542,3.107,0.46644,2.4487,2.5749,1.6152,2.2602,4.1317,2.4442,2.7173,4.9641,0.63086,1.956,3.103,1.5649,1.7105,3.3289,0.50212,3.0423,2.4136,0.58403,2.522,2.5925,2.92,2.745,5.9024,6.1956,2.8659,2.564,4.6748,2.9854,0.39369,2.3369,2.4027,3.7378,0.92799,3.0788,3.7142,1.429,2.2658,3.5551,0.86663,3.0773,3.6528,2.3632,2.2361,3.8021,1.1917,1.8397,3.6479,2.4273,2.3394,4.5626,2.5764,2.6337,4.0325,1.2661,2.6819,4.3399,1.8929,1.9532,3.8975,1.1362,2.7857,3.6617,2.4371,2.4813,5.0742,1.609,2.6162,3.3132,2.1677,2.1899,4.103,0.78635,1.9031,3.3698,2.3373,2.4084,3.7432,2.3412,2.4087,3.7436,2.1875,1.8968,4.9086,2.6413,2.2885,4.791,2.3625,2.2374,3.8035,1.3791,1.5847,3.8389,2.4478,2.7173,4.9668,1.8921,1.9543,3.8989,0.77857,2.1395,3.9697,1.6015,1.8262,4.257,2.4447,2.7178,4.9648,1.446,2.388,3.2613,5.9378,2.8829,2.2184,1.8567,1.7982,3.4789,1.9689,3.0173,4.2905,2.0206,1.9493,4.7611,1.1071,2.5781,4.2787,1.8867,2.1477,4.8614,1.6131,1.7947,3.966,1.6047,2.0093,3.3857,1.024,2.767,3.5737,0.92386,2.8262,3.8208,1.385,2.3958,3.8468,1.1282,2.7888,3.6524,1.8372,1.7861,4.0914,0.91402,2.46,2.7758,1.912,2.07,4.3869,0.085763,2.7946,2.8507,1.0845,1.9575,4.2621,0.95098,2.3333,3.0166,1.6355,2.3943,4.5864,0.97887,2.0822,2.8389,0.74225,1.996,2.7428,1.6118,1.7935,3.9683,0.91685,2.4587,2.7792,1.379,1.5847,3.837,2.7639,2.588,4.6287,1.0847,2.1383,3.6262,1.1247,2.7944,3.6526,1.9757,1.9853,4.4766,1.0812,1.9608,4.259,1.8536,1.6546,3.4509,1.662,2.4855,3.9986,2.1139,2.5535,4.9202,2.1533,2.3807,3.7083,1.1855,3.0716,3.4165,1.4466,1.4668,4.231,0.62432,2.9987,3.6203,1.6232,1.7464,4.2305,0.74334,1.9972,2.7412,0.69214,2.1941,3.9453,2.687,2.6023,4.5361,1.9932,2.1258,3.4363,1.3839,2.9169,3.5366,1.0816,2.1952,3.6328,2.5325,2.001,4.4721,1.4903,1.7343,4.4221,1.6065,2.5911,3.5829,2.0619,2.2927,4.0741,2.7049,2.3717,5.0039,0.44939,2.5304,2.9637
213.42,0.095771,103.28,18.683,0.020076,304.78,1.5116,1.8352,4.1617,1.2744,2.2292,4.2245,1.221,1.9817,4.2403,2.4887,2.6568,4.295,0.85847,2.0548,4.228,1.519,2.5003,3.8938,3.0455,2.8395,5.8654,1.2149,1.9842,4.236,1.7466,1.7043,4.2446,1.2823,2.2277,4.2351,0.85402,2.0621,4.2148,2.9088,2.8348,4.5199,5.6773,2.7675,1.4301,1.2617,2.8222,3.6469,0.94764,2.1453,3.0202,2.4905,2.0647,4.465,1.4726,1.6703,3.9102,0.65349,2.5801,3.8702,2.0098,1.7655,3.4793,1.0889,2.435,3.0928,0.25054,2.2881,3.5357,1.7821,1.6775,3.3918,2.0912,2.8139,4.3904,1.7872,1.686,3.3953,1.4671,1.6625,3.9182,0.39038,2.1429,3.1855,2.0525,2.3714,4.4087,1.4738,1.6763,3.2006,0.82961,1.8947,2.7622,3.0429,2.8415,5.8542,2.0111,1.7739,3.4827,1.0064,2.7201,2.8842,1.8221,2.5892,4.0113,0.63933,1.883,2.7984,1.07,2.4408,3.0674,1.9028,1.9184,4.501,1.6897,1.6789,3.8905,0.51188,2.2022,3.7463,1.1887,2.4506,3.7749,0.98835,2.0749,3.2515,2.5659,2.3097,4.3169,2.0832,2.165,4.6961,1.4827,1.6715,3.9174,1.896,1.9181,4.4964,1.4955,2.1844,3.2658,0.81161,2.0925,3.1699,2.4208,2.3792,4.3256,1.9328,2.597,4.8658,1.9207,2.5989,4.8497,2.5599,2.3109,4.3125,1.2852,2.4986,3.9334,1.695,2.2343,4.3055,1.9919,3.0491,3.931,0.52356,2.4687,2.4941,1.5444,2.0609,4.6219,2.05,3.0559,3.994,0.37679,2.3825,3.4133,1.6614,1.6137,4.0806,0.70627,2.0284,3.0901,2.2463,2.2432,4.651,0.66167,2.6069,3.0374,0.991,2.0782,3.2528,0.11246,2.8908,1.9537,1.9986,1.987,4.5971,2.5549,2.3121,4.3114,2.6536,2.3296,5.1765,2.1037,2.8021,4.4031,1.0804,1.833,3.9584,4.6297,2.981,0.51198,0.87828,2.1185,3.0446,1.3054,2.0956,4.2773,1.0529,2.0875,3.4903,2.2721,2.7424,4.5349,1.706,1.5845,4.1515,1.1595,2.5523,3.0825,0.75751,2.4318,3.7684,2.0579,1.9172,3.7277,1.5892,2.4389,3.4607,1.646,2.5301,3.6022,1.6527,1.6587,4.2497,2.0712,2.7936,4.5433,2.086,2.7918,4.5584,3.3676,2.7807,6.1276,1.7056,1.5854,4.1517,1.7109,2.0021,3.4514,2.1003,2.9328,4.8986,1.1593,2.5531,3.0902,2.6306,2.4448,4.9795,1.0366,2.6023,4.0672,1.5926,2.4364,3.4639,1.1794,1.8112,4.0941,1.6638,1.6155,4.0797,1.7071,2.0031,3.4455,0.28565,2.9441,3.3343,2.8774,2.2967,4.5773,1.3155,1.9486,4.2063,1.2658,2.6781,3.3524,1.4586,2.4569,3.3424,1.8461,1.9722,3.7129,1.9494,2.3521,3.9956,1.0895,2.283,3.1841,2.5383,2.0385,5.1434,1.2468,2.6768,3.3259,1.4507,2.4642,3.3328,0.30212,2.9445,3.3498,0.67243,1.8108,2.9001,1.6957,2.0195,4.4347,1.4665,1.8493,4.1247,5.5184,2.8984,1.8309,0.82045,2.1169,2.7889,1.0327,2.6084,4.0688,2.1716,2.5238,3.622,2.6299,2.4424,4.978,2.8063,2.7008,4.5243,2.1534,2.5246,4.5217,2.3489,2.105,4.1985,0.76704,1.9965,3.3436,0.33974,2.4707,2.8945,0.60129,2.1414,3.711,2.3855,2.4971,4.4361,0.76328,2.4622,2.8662,1.2539,1.5863,4.2869,1.6989,2.0113,3.4459,6.2197,2.6884,2.0142,3.2355,2.9369,6.2296,0.76259,2.4552,2.8791,1.6626,1.635,4.0845,1.4957,1.8694,3.1815,0.74934,2.4606,2.8609,2.1675,2.3485,4.9452,1.1523,2.5635,3.0815,1.0035,1.9625,3.5038,0.52282,1.978,3.2607,1.7043,2.012,3.4434,2.3858,2.0867,4.2015,2.15,2.1541,4.9839,1.286,1.7418,3.8054,0.6844,1.9774,2.7592,2.151,2.1554,4.9891,2.3238,2.1915,4.4702,1.5687,2.3132,3.9637,4.2508,2.9918,0.18192,1.9548,2.3469,3.9983,0.83654,1.9615,4.12,1.1892,2.5785,4.223,3.5514,2.8488,6.1135,1.5332,1.6203,3.2882,0.31081,2.2988,3.3929,5.1188,2.9803,1.0597,0.57464,2.7809,3.2739,1.2809,2.5117,2.9873,2.1411,2.145,4.9715,1.4762,2.0887,4.3567,1.5259,1.6255,3.2896,1.3823,2.9279,3.3661,0.46425,2.4468,2.7376,0.91345,2.4551,2.9971,0.22382,2.617,3.3399,1.6152,2.2629,4.1304,0.46353,2.4446,2.7291,1.0439,2.1831,3.651,1.3938,1.8025,4.2924,0.32192,2.3051,3.3986,1.5282,1.6163,3.2884,0.4608,2.4471,2.7365,3.0462,2.8704,5.967,1.9968,2.5932,4.0285,1.9794,2.1827,4.5974,2.6092,2.7751,5.2448,1.8938,1.9599,3.898,1.2935,1.8065,3.6913,2.151,2.1516,4.9844,1.397,2.654,3.9971,1.1191,3.0808,2.9596,4.7033,2.9778,0.42248,1.2742,2.6898,4.3495,1.9044,1.9521,3.883,1.256,2.6375,2.8763,0.39851,2.7704,2.9962,0.94385,2.8952,4.1348,0.59773,2.5222,2.601,0.6934,1.9438,2.979,0.54394,2.4005,3.419,1.5649,2.1782,4.2389,1.2884,2.6926,4.3609,0.62062,1.9566,3.0997,1.9823,1.8898,3.8156,1.1928,1.8382,3.6515,2.4288,2.7161,4.9386,1.3748,1.5434,4.165,1.3849,2.157,3.1708,0.63203,1.9582,3.1004,0.46976,2.4477,2.5796,1.6165,2.2645,4.1344,2.4326,2.7137,4.9506,0.62766,1.9604,3.0951,1.5656,1.7089,3.3299,0.49471,3.0437,2.4043,0.59158,2.5225,2.5995,2.9267,2.7459,5.9105,6.207,2.8674,2.5773,4.6744,2.9831,0.39165,2.3307,2.3987,3.7277,0.96391,3.0766,3.7526,1.4224,2.273,3.5495,0.88058,3.0759,3.6691,2.36,2.2348,3.7967,1.1914,1.8354,3.65,2.4281,2.3407,4.5646,2.5717,2.6377,4.0332,1.27,2.6806,4.3423,1.8937,1.9467,3.8927,1.1431,2.7785,3.6684,2.4286,2.4781,5.0623,1.6099,2.6125,3.321,2.1672,2.1915,4.1036,0.78573,1.9038,3.3684,2.3311,2.4076,3.737,2.3361,2.4068,3.7363,2.1896,1.9027,4.9131,2.6389,2.2875,4.7903,2.3601,2.2365,3.7993,1.3783,1.5843,3.8411,2.4364,2.7148,4.9528,1.8928,1.9486,3.895,0.77814,2.138,3.9754,1.6015,1.8214,4.2563,2.4328,2.7146,4.951,1.4464,2.3871,3.2616,5.9451,2.8846,2.2269,1.8555,1.7968,3.4816,1.9623,3.0123,4.282,2.0249,1.9492,4.7666,1.112,2.5775,4.2834,1.8893,2.1461,4.861,1.613,1.789,3.9656,1.6045,2.009,3.3819,1.0311,2.7608,3.5805,0.93104,2.8227,3.8267,1.3895,2.4,3.849,1.1319,2.7834,3.655,1.8362,1.7788,4.0899,0.9151,2.4593,2.778,1.9135,2.071,4.3885,0.094834,2.7931,2.8593,1.0835,1.9559,4.2633,0.95396,2.3307,3.0219,1.6369,2.3933,4.586,0.9787,2.0784,2.8422,0.74115,1.9938,2.7427,1.6111,1.7873,3.9681,0.91905,2.4577,2.7826,1.3777,1.5839,3.8373,2.7596,2.5867,4.6241,1.0846,2.1392,3.6255,1.1275,2.7909,3.6552,1.9757,1.9843,4.4768,1.0794,1.9598,4.2592,1.8541,1.6561,3.4515,1.662,2.4882,3.9984,2.1153,2.5523,4.9186,2.1517,2.3809,3.7066,1.1865,3.0701,3.4167,1.4469,1.4664,4.2297,0.6289,2.9978,3.6257,1.6224,1.743,4.2288,0.7425,1.9963,2.7405,0.69355,2.194,3.9464,2.6855,2.6016,4.5349,1.9939,2.1242,3.4339,1.3855,2.9131,3.5371,1.0813,2.1975,3.6311,2.5333,2.0023,4.4741,1.4895,1.7336,4.4218,1.6038,2.5903,3.5829,2.0612,2.2957,4.0755,2.7011,2.3699,4.9994,0.45293,2.5297,2.968
213.42,0.095771,103.28,18.683,0.026767,306.1,1.5073,1.8344,4.1572,1.2728,2.2308,4.225,1.2172,1.9795,4.2428,2.4847,2.6544,4.2922,0.85863,2.0523,4.2321,1.5187,2.5066,3.894,3.0597,2.8395,5.8832,1.2096,1.9825,4.2366,1.7461,1.6994,4.2432,1.2847,2.228,4.2398,0.85234,2.0621,4.2145,2.9154,2.8346,4.5244,5.665,2.7636,1.4163,1.2704,2.8133,3.6559,0.94401,2.1454,3.0194,2.4936,2.0705,4.4732,1.4726,1.6677,3.9122,0.65165,2.5842,3.8647,2.0115,1.7664,3.4818,1.0942,2.4305,3.1061,0.24241,2.289,3.5254,1.7805,1.6788,3.3935,2.0714,2.8084,4.3675,1.7874,1.6911,3.3971,1.4639,1.6583,3.9226,0.3885,2.147,3.1786,2.0593,2.3777,4.4176,1.4736,1.68,3.2012,0.82917,1.9016,2.7592,3.0556,2.8415,5.8686,2.0134,1.7783,3.4861,1.0068,2.7217,2.8867,1.8238,2.5896,4.0153,0.64244,1.8886,2.7986,1.0689,2.4389,3.0724,1.905,1.9199,4.5042,1.6931,1.673,3.8896,0.51262,2.2027,3.7472,1.1867,2.4626,3.7704,0.98128,2.0811,3.2437,2.5744,2.3147,4.3283,2.0894,2.1715,4.7042,1.4847,1.671,3.9201,1.8962,1.9189,4.498,1.4981,2.1895,3.2652,0.8065,2.0981,3.1619,2.4224,2.3826,4.3307,1.9274,2.5951,4.8552,1.9137,2.6,4.8367,2.5666,2.3165,4.3233,1.2845,2.5036,3.9281,1.6984,2.2353,4.3102,1.9693,3.0432,3.9069,0.53223,2.4683,2.502,1.5447,2.0635,4.6274,2.0401,3.0514,3.9829,0.37046,2.3858,3.4035,1.6613,1.6079,4.0797,0.70456,2.0311,3.0866,2.247,2.2444,4.6525,0.67507,2.6018,3.0532,0.98508,2.0845,3.2448,0.10519,2.891,1.9451,2.0007,1.9883,4.6012,2.5597,2.3181,4.3205,2.6445,2.3258,5.1664,2.0882,2.7933,4.3866,1.081,1.826,3.9638,4.6331,2.973,0.51343,0.87465,2.1189,3.0408,1.3055,2.0936,4.2822,1.0518,2.088,3.4889,2.2561,2.737,4.5159,1.7081,1.5786,4.1488,1.1662,2.5498,3.0888,0.76041,2.4342,3.7679,2.0594,1.9124,3.7229,1.585,2.4398,3.4574,1.6402,2.5331,3.6007,1.6501,1.6512,4.2496,2.0557,2.786,4.526,2.075,2.7838,4.5468,3.3717,2.78,6.131,1.7078,1.5798,4.1491,1.7141,2.0012,3.4509,2.0898,2.9309,4.8893,1.1653,2.551,3.0982,2.6277,2.4441,4.9757,1.0412,2.6017,4.0672,1.5888,2.4365,3.4618,1.1768,1.8153,4.0914,1.6646,1.6097,4.0781,1.7089,2.0024,3.443,0.28456,2.9428,3.3339,2.8803,2.2983,4.5831,1.3147,1.948,4.207,1.2725,2.6734,3.3644,1.456,2.4562,3.3417,1.8479,1.9669,3.7077,1.9486,2.3586,3.9971,1.0864,2.2832,3.1823,2.538,2.0343,5.1415,1.2492,2.6721,3.332,1.4459,2.4656,3.3297,0.30552,2.9436,3.3532,0.67051,1.8126,2.8945,1.6938,2.0163,4.4402,1.4661,1.8434,4.1269,5.5104,2.8972,1.8231,0.82101,2.115,2.7923,1.0362,2.6101,4.0697,2.1785,2.5235,3.6219,2.6257,2.4412,4.9726,2.8088,2.6989,4.526,2.1496,2.5223,4.5166,2.349,2.1063,4.2006,0.76743,1.9997,3.3413,0.34585,2.469,2.9007,0.5998,2.1415,3.7101,2.385,2.492,4.4385,0.76947,2.4609,2.8724,1.2535,1.5875,4.2868,1.6976,2.0131,3.4441,6.2431,2.688,2.0023,3.2444,2.9363,6.2396,0.77017,2.4513,2.8906,1.6632,1.6351,4.0833,1.4963,1.8713,3.1809,0.75208,2.4588,2.8658,2.1669,2.3485,4.941,1.156,2.5635,3.0866,1.004,1.9625,3.5037,0.5191,1.9779,3.2625,1.7057,2.0136,3.4409,2.3857,2.0893,4.2033,2.1531,2.1541,4.9857,1.2847,1.7371,3.8075,0.68525,1.9778,2.7608,2.1545,2.1562,4.9923,2.3262,2.1945,4.4745,1.5693,2.3221,3.9642,4.2682,2.9854,0.19846,1.9548,2.351,3.9994,0.83537,1.9606,4.1204,1.1953,2.5812,4.2267,3.5643,2.8467,6.1265,1.5337,1.6212,3.2889,0.30564,2.2992,3.3865,5.1133,2.9761,1.0545,0.58076,2.7793,3.2811,1.2867,2.5138,2.9914,2.1414,2.142,4.9681,1.477,2.0862,4.3596,1.526,1.6264,3.2908,1.3847,2.9271,3.3679,0.47025,2.4453,2.7458,0.90883,2.4552,2.9957,0.22445,2.6164,3.3397,1.6168,2.2657,4.1328,0.47094,2.4435,2.7361,1.0422,2.1889,3.6472,1.3935,1.8009,4.292,0.32064,2.3074,3.395,1.5279,1.6155,3.289,0.46686,2.4456,2.7451,3.0696,2.8703,5.9917,1.9927,2.5914,4.026,1.983,2.1845,4.6012,2.598,2.7751,5.2321,1.895,1.9576,3.8957,1.2933,1.8024,3.6927,2.1538,2.1503,4.9851,1.3952,2.6527,3.993,1.1194,3.0792,2.9592,4.7083,2.9746,0.4261,1.2809,2.6916,4.3558,1.9047,1.9499,3.8824,1.2602,2.638,2.8812,0.41391,2.7689,3.014,0.94732,2.8965,4.1378,0.6084,2.5228,2.6099,0.69181,1.948,2.9743,0.54268,2.4021,3.4152,1.5642,2.179,4.2431,1.3001,2.6949,4.3705,0.61544,1.9596,3.0928,1.9834,1.8868,3.8145,1.1926,1.8351,3.6537,2.4146,2.7128,4.9201,1.374,1.5504,4.1621,1.3828,2.1573,3.1694,0.63006,1.9622,3.0941,0.47298,2.4467,2.5842,1.6179,2.2687,4.1371,2.4212,2.71,4.9373,0.62438,1.9647,3.0871,1.5662,1.7073,3.3309,0.48674,3.0451,2.3943,0.59892,2.523,2.6062,2.9333,2.7467,5.9186,6.2182,2.8687,2.5903,4.6742,2.9809,0.39005,2.3247,2.3946,3.7177,0.99707,3.0743,3.7881,1.416,2.2801,3.5439,0.89422,3.0746,3.6851,2.3568,2.2334,3.7912,1.1912,1.8312,3.6521,2.4289,2.3419,4.5665,2.5671,2.6415,4.034,1.2739,2.6794,4.3445,1.8945,1.9401,3.888,1.1497,2.7717,3.6746,2.4206,2.4748,5.0506,1.6108,2.6091,3.3287,2.1667,2.1932,4.1043,0.78508,1.9044,3.3671,2.3249,2.4067,3.7311,2.3312,2.405,3.7292,2.1918,1.9082,4.9177,2.6367,2.2864,4.7897,2.358,2.2356,3.7953,1.3774,1.5838,3.8434,2.4255,2.7123,4.939,1.8935,1.9429,3.8911,0.77776,2.1365,3.9812,1.6015,1.8168,4.2555,2.4214,2.7114,4.9377,1.4467,2.3863,3.2619,5.9523,2.8863,2.2357,1.8542,1.7954,3.484,1.9556,3.0075,4.2736,2.0292,1.9492,4.772,1.1167,2.5767,4.2876,1.8917,2.1444,4.8605,1.613,1.7832,3.9652,1.6045,2.0087,3.3783,1.0377,2.7549,3.5867,0.93764,2.8194,3.8319,1.3937,2.404,3.8512,1.1353,2.7781,3.6574,1.8352,1.7716,4.0885,0.91614,2.4586,2.78,1.9149,2.072,4.3901,0.10355,2.7916,2.8676,1.0825,1.9542,4.2642,0.95675,2.3283,3.0269,1.6383,2.3924,4.5856,0.97849,2.0749,2.8453,0.74009,1.9916,2.7426,1.6105,1.7814,3.968,0.92115,2.4568,2.786,1.3766,1.5831,3.8376,2.7557,2.5855,4.6197,1.0846,2.1401,3.6247,1.1304,2.7876,3.6578,1.9758,1.9832,4.477,1.0778,1.9589,4.2595,1.8546,1.6577,3.452,1.662,2.4907,3.9983,2.1167,2.551,4.917,2.1502,2.3811,3.705,1.1874,3.0686,3.4168,1.4473,1.466,4.2285,0.63322,2.997,3.6308,1.6216,1.7396,4.2272,0.74175,1.9955,2.74,0.69489,2.194,3.9473,2.684,2.601,4.5336,1.9946,2.1225,3.4315,1.3871,2.9096,3.5378,1.0812,2.1997,3.6294,2.534,2.0036,4.4758,1.4888,1.7332,4.4217,1.6013,2.5895,3.583,2.0607,2.2986,4.0768,2.6976,2.3682,4.995,0.45646,2.5291,2.9721
213.42,0.095771,103.28,18.683,0.033459,307.27,1.5028,1.8335,4.1528,1.2714,2.2323,4.2256,1.2134,1.9772,4.2452,2.4808,2.6521,4.2896,0.85877,2.0499,4.2361,1.5182,2.5126,3.8944,3.0742,2.8394,5.9013,1.2042,1.9805,4.2371,1.7457,1.6944,4.2417,1.2869,2.2285,4.2443,0.85071,2.0621,4.2143,2.9219,2.8343,4.529,5.653,2.7597,1.4028,1.2787,2.8044,3.6644,0.9404,2.1456,3.0185,2.4969,2.0765,4.4817,1.4726,1.6652,3.9142,0.64971,2.588,3.8591,2.0134,1.7674,3.4843,1.0988,2.4261,3.1187,0.23431,2.2898,3.515,1.7788,1.6798,3.3953,2.0521,2.8027,4.3451,1.7876,1.6959,3.3989,1.4611,1.6542,3.9269,0.38675,2.1508,3.1719,2.066,2.3836,4.4264,1.4732,1.6836,3.2018,0.82897,1.9082,2.7569,3.0687,2.8414,5.8833,2.016,1.7825,3.4896,1.007,2.7232,2.8892,1.8257,2.5901,4.0194,0.64555,1.8942,2.7991,1.0678,2.437,3.0773,1.9071,1.9212,4.5076,1.6966,1.6675,3.8891,0.51342,2.203,3.7483,1.1848,2.4741,3.7662,0.97413,2.087,3.2358,2.5833,2.3195,4.34,2.0954,2.1778,4.7123,1.4868,1.6706,3.9229,1.8965,1.9197,4.4997,1.5009,2.1944,3.2647,0.8011,2.1037,3.1537,2.4241,2.3861,4.3361,1.9219,2.5932,4.8441,1.9069,2.6011,4.8238,2.574,2.3222,4.3347,1.2838,2.5088,3.9229,1.7022,2.2365,4.315,1.9489,3.0373,3.885,0.54082,2.4679,2.5096,1.5449,2.0664,4.6326,2.0309,3.0468,3.9726,0.36412,2.3889,3.3937,1.6611,1.6024,4.0787,0.70277,2.0337,3.083,2.2476,2.2455,4.6538,0.6882,2.5967,3.069,0.97904,2.0907,3.2369,0.097768,2.8911,1.9365,2.0027,1.9895,4.6054,2.5649,2.3242,4.3302,2.6351,2.322,5.1561,2.0736,2.7843,4.3709,1.0816,1.8188,3.9692,4.6362,2.9648,0.51462,0.87102,2.1192,3.0371,1.3057,2.0916,4.2871,1.0505,2.0884,3.4877,2.2406,2.7316,4.4974,1.7103,1.5727,4.146,1.1727,2.5474,3.0948,0.76323,2.4366,3.7672,2.0609,1.9078,3.7183,1.5806,2.4407,3.4539,1.6347,2.5359,3.5996,1.6474,1.6438,4.2494,2.0407,2.7783,4.5091,2.0645,2.7757,4.5358,3.3758,2.7793,6.1345,1.7099,1.5743,4.1462,1.7174,2.0002,3.4507,2.0802,2.929,4.8808,1.1712,2.549,3.106,2.6249,2.4435,4.9719,1.0457,2.6012,4.0671,1.5851,2.4368,3.4599,1.1741,1.8186,4.0891,1.6655,1.604,4.0765,1.7108,2.0017,3.4405,0.28366,2.9416,3.3336,2.8832,2.2996,4.5889,1.3139,1.9475,4.2075,1.279,2.6688,3.376,1.4535,2.4555,3.3413,1.8498,1.9615,3.7025,1.948,2.3651,3.9987,1.0835,2.2834,3.1804,2.5378,2.0301,5.1399,1.2515,2.6676,3.3381,1.4411,2.4668,3.3267,0.30877,2.9426,3.3564,0.66849,1.8145,2.8888,1.6917,2.0132,4.4456,1.4658,1.8376,4.129,5.5025,2.8958,1.8154,0.82148,2.1131,2.7955,1.0397,2.6119,4.0704,2.1852,2.523,3.6217,2.6213,2.44,4.9671,2.8113,2.697,4.5277,2.146,2.5201,4.5118,2.3493,2.1078,4.2029,0.76774,2.0031,3.3388,0.35203,2.4673,2.9071,0.59824,2.1415,3.709,2.3844,2.4869,4.4409,0.77569,2.4597,2.8786,1.2529,1.5886,4.2866,1.6962,2.015,3.4423,6.234,2.6874,1.9906,3.2532,2.9356,6.2495,0.77757,2.4472,2.9021,1.6638,1.6352,4.0821,1.4968,1.8732,3.1803,0.75469,2.457,2.8705,2.1664,2.3486,4.9367,1.1597,2.5636,3.0917,1.0046,1.9625,3.5037,0.51523,1.9778,3.2644,1.7071,2.0151,3.4383,2.3856,2.092,4.2053,2.1563,2.1541,4.9876,1.2835,1.7325,3.8097,0.6861,1.9781,2.7622,2.1581,2.1569,4.9953,2.3286,2.1973,4.479,1.5698,2.3308,3.9646,4.2842,2.9789,0.21372,1.9548,2.3551,4.0005,0.83411,1.9598,4.1205,1.2014,2.5839,4.2305,3.5767,2.8447,6.139,1.5341,1.6222,3.2895,0.30047,2.2994,3.3802,5.1081,2.9716,1.0496,0.5866,2.7777,3.288,1.2924,2.5158,2.9953,2.1419,2.1392,4.9649,1.4777,2.0836,4.3624,1.5263,1.6273,3.292,1.3871,2.9264,3.3698,0.47629,2.4438,2.754,0.90454,2.4553,2.9947,0.22503,2.6159,3.3394,1.6183,2.2683,4.1351,0.47826,2.4423,2.743,1.0404,2.1949,3.6434,1.3933,1.7992,4.2915,0.31933,2.3095,3.3914,1.5277,1.6148,3.2897,0.47288,2.4441,2.7537,3.0926,2.87,6.0161,1.9888,2.5896,4.0237,1.9866,2.1863,4.6049,2.5865,2.775,5.219,1.8961,1.9551,3.8933,1.293,1.7985,3.6942,2.1566,2.1491,4.9857,1.3935,2.6514,3.9889,1.1192,3.0778,2.9582,4.7135,2.9715,0.42978,1.2875,2.6934,4.362,1.9052,1.9476,3.8818,1.2643,2.6383,2.8861,0.42907,2.7673,3.0314,0.95102,2.8976,4.1411,0.61907,2.5233,2.6188,0.69028,1.9522,2.9698,0.5415,2.4035,3.4115,1.5636,2.1794,4.2474,1.3116,2.6971,4.3799,0.61033,1.9624,3.0861,1.9844,1.884,3.8136,1.1923,1.8321,3.656,2.4005,2.7096,4.902,1.3732,1.5572,4.1593,1.3808,2.1575,3.1681,0.62812,1.966,3.088,0.47611,2.4456,2.5887,1.6193,2.273,4.14,2.41,2.7063,4.9242,0.62102,1.9688,3.0792,1.5668,1.7058,3.3318,0.47827,3.0463,2.384,0.60601,2.5235,2.6128,2.9399,2.7473,5.9265,6.2294,2.87,2.6032,4.6744,2.9786,0.38879,2.3188,2.3904,3.7078,1.0279,3.0718,3.8212,1.4094,2.2872,3.5383,0.90756,3.0733,3.7007,2.3538,2.2321,3.786,1.1909,1.8269,3.6542,2.4296,2.3431,4.5683,2.5626,2.6451,4.035,1.2777,2.6783,4.3467,1.8952,1.9334,3.8834,1.1557,2.765,3.6804,2.4127,2.4716,5.0391,1.6116,2.6055,3.3363,2.1664,2.1948,4.105,0.78437,1.905,3.3658,2.3189,2.4059,3.7252,2.3264,2.4032,3.7223,2.194,1.9135,4.9221,2.6346,2.2853,4.7891,2.356,2.2348,3.7914,1.3767,1.5834,3.8457,2.4148,2.7099,4.9258,1.8941,1.9373,3.8874,0.77742,2.135,3.9868,1.6015,1.8123,4.2549,2.4104,2.7082,4.9246,1.4472,2.3856,3.2622,5.9596,2.888,2.2443,1.8531,1.7942,3.4865,1.9489,3.0027,4.2652,2.0336,1.9492,4.7774,1.1211,2.576,4.2918,1.894,2.143,4.8599,1.6129,1.7777,3.9648,1.6045,2.0084,3.3748,1.0437,2.7491,3.5925,0.94378,2.8163,3.8366,1.3978,2.4078,3.8532,1.1386,2.773,3.6595,1.8343,1.7646,4.0872,0.91712,2.4581,2.7819,1.9163,2.0731,4.3916,0.11195,2.7901,2.8755,1.0817,1.9527,4.2653,0.95936,2.326,3.0315,1.6396,2.3916,4.5854,0.97824,2.0715,2.8482,0.73908,1.9895,2.7427,1.6099,1.7756,3.9677,0.92317,2.456,2.7891,1.3755,1.5822,3.838,2.7522,2.5843,4.6157,1.0845,2.1411,3.624,1.1332,2.7843,3.6603,1.9758,1.9822,4.4773,1.0763,1.9579,4.26,1.8551,1.659,3.4524,1.6619,2.4932,3.9982,2.118,2.5499,4.9154,2.1488,2.3813,3.7034,1.1882,3.0673,3.417,1.4476,1.4656,4.2274,0.63724,2.9962,3.6356,1.6209,1.7364,4.2257,0.74105,1.9945,2.7397,0.69617,2.194,3.9483,2.6826,2.6004,4.5324,1.9952,2.1209,3.4292,1.3886,2.9061,3.5383,1.0809,2.2019,3.6278,2.5347,2.0048,4.4777,1.4882,1.7326,4.4214,1.5989,2.5888,3.5831,2.0602,2.3014,4.0781,2.6942,2.3666,4.9907,0.45992,2.5284,2.9763
213.42,0.095771,103.28,18.683,0.040151,308.31,1.4984,1.8324,4.1484,1.2703,2.2339,4.2265,1.2095,1.9748,4.2474,2.477,2.6499,4.2873,0.85888,2.0477,4.2399,1.5179,2.5185,3.8946,3.0889,2.8391,5.9196,1.199,1.9783,4.2377,1.7454,1.6896,4.2402,1.289,2.2288,4.249,0.84914,2.0621,4.2142,2.9282,2.8339,4.5335,5.6414,2.7557,1.3898,1.2867,2.7953,3.6727,0.93676,2.1457,3.0174,2.5003,2.0825,4.4904,1.4727,1.6626,3.9162,0.64768,2.5918,3.8535,2.0152,1.7683,3.4867,1.1027,2.4219,3.1304,0.22617,2.2908,3.5046,1.7771,1.6807,3.3971,2.0335,2.7967,4.3232,1.7879,1.7005,3.4007,1.4587,1.6504,3.9312,0.38509,2.1546,3.1655,2.0727,2.389,4.435,1.4727,1.6872,3.2024,0.82892,1.9144,2.755,3.0821,2.8413,5.8985,2.0187,1.7865,3.4932,1.007,2.7248,2.8914,1.8277,2.5907,4.0238,0.64867,1.8996,2.7996,1.0666,2.435,3.0821,1.9093,1.9225,4.511,1.7001,1.6622,3.8891,0.5143,2.2035,3.7494,1.1831,2.4852,3.7625,0.96689,2.0929,3.2278,2.5925,2.3243,4.3519,2.1013,2.1841,4.7204,1.4889,1.6705,3.9258,1.8971,1.9207,4.5014,1.5038,2.1992,3.264,0.79541,2.1093,3.1451,2.426,2.3896,4.3417,1.9165,2.5915,4.8327,1.9003,2.6021,4.8107,2.5819,2.3279,4.3469,1.283,2.514,3.9177,1.706,2.2377,4.32,1.9304,3.0313,3.865,0.54933,2.4678,2.5172,1.5446,2.0695,4.6375,2.0224,3.042,3.963,0.35772,2.3918,3.384,1.661,1.5973,4.0778,0.7009,2.0363,3.0793,2.248,2.2464,4.6549,0.70109,2.5914,3.0848,0.97289,2.0967,3.2287,0.090198,2.8913,1.9277,2.0049,1.9908,4.6097,2.5706,2.3306,4.3406,2.6255,2.318,5.1454,2.0598,2.7752,4.3561,1.0823,1.8114,3.9747,4.6394,2.9564,0.51596,0.8674,2.1193,3.0335,1.3061,2.0896,4.292,1.0493,2.089,3.4863,2.2257,2.7261,4.4795,1.7125,1.5669,4.1432,1.1791,2.5449,3.1005,0.76601,2.4389,3.7665,2.0624,1.9032,3.7136,1.5763,2.4417,3.4506,1.6295,2.5386,3.5991,1.6446,1.6365,4.2491,2.0262,2.7703,4.4927,2.0544,2.7674,4.5252,3.3799,2.7785,6.1378,1.7121,1.5688,4.1434,1.7207,1.9992,3.4504,2.0714,2.9271,4.873,1.177,2.547,3.1139,2.6221,2.4427,4.9681,1.0501,2.6006,4.0667,1.5814,2.4369,3.4579,1.1713,1.8214,4.0869,1.6664,1.5985,4.0748,1.7127,2.001,3.4382,0.28291,2.9403,3.3335,2.886,2.301,4.5945,1.313,1.9469,4.2083,1.2853,2.6641,3.3874,1.4511,2.4549,3.3408,1.8519,1.9561,3.6973,1.9474,2.3715,4.0004,1.0805,2.2837,3.1785,2.5377,2.0261,5.1385,1.2539,2.663,3.3443,1.4364,2.4681,3.3238,0.31192,2.9415,3.3596,0.66639,1.8165,2.8831,1.6895,2.0101,4.4511,1.4654,1.832,4.131,5.4946,2.8946,1.8078,0.82188,2.1113,2.7987,1.043,2.6137,4.0711,2.1917,2.5226,3.6213,2.6169,2.4387,4.9615,2.8139,2.695,4.5295,2.1425,2.5179,4.507,2.3495,2.1095,4.2054,0.76794,2.0066,3.3361,0.35827,2.4656,2.9135,0.59664,2.1415,3.7079,2.3837,2.482,4.4433,0.78193,2.4584,2.8847,1.2524,1.5897,4.2863,1.6947,2.0168,3.4405,6.2232,2.6867,1.9788,3.262,2.9347,6.2593,0.78476,2.4432,2.9135,1.6644,1.6352,4.081,1.4974,1.8751,3.1796,0.75718,2.4551,2.8751,2.1657,2.3486,4.9323,1.1632,2.5637,3.0967,1.0052,1.9625,3.5036,0.51126,1.9775,3.2665,1.7085,2.0165,3.4358,2.3854,2.0947,4.2073,2.1595,2.154,4.9895,1.2822,1.728,3.8118,0.68697,1.9785,2.7637,2.1616,2.1576,4.9982,2.331,2.2002,4.4834,1.5705,2.3392,3.9649,4.2989,2.9725,0.22777,1.9548,2.3591,4.0016,0.83279,1.9591,4.1204,1.2076,2.5865,4.2342,3.5887,2.8427,6.1512,1.5346,1.6231,3.2902,0.29533,2.2997,3.374,5.1031,2.9672,1.045,0.59225,2.7761,3.2946,1.2979,2.5178,2.9991,2.1424,2.1363,4.9619,1.4785,2.0808,4.3651,1.5264,1.6281,3.2932,1.3896,2.9255,3.3718,0.48236,2.4423,2.7623,0.90053,2.4554,2.9939,0.22556,2.6153,3.339,1.6199,2.2709,4.1375,0.48548,2.4413,2.7499,1.0384,2.2008,3.6395,1.393,1.7975,4.2909,0.31799,2.3117,3.3879,1.5273,1.6139,3.2903,0.47883,2.4425,2.7622,3.115,2.8696,6.0398,1.985,2.5878,4.0216,1.9902,2.1879,4.6086,2.5746,2.7747,5.2055,1.8971,1.9526,3.891,1.2929,1.7947,3.6957,2.1593,2.1477,4.9863,1.392,2.65,3.9851,1.1186,3.0764,2.9569,4.7184,2.9684,0.43345,1.2941,2.695,4.3681,1.9055,1.9454,3.8813,1.2683,2.6388,2.8909,0.44395,2.7656,3.0486,0.95496,2.8984,4.1446,0.62967,2.524,2.6277,0.6888,1.9562,2.9655,0.54042,2.4048,3.408,1.563,2.1797,4.2516,1.3229,2.6993,4.3891,0.60532,1.9651,3.0794,1.9854,1.8812,3.8127,1.192,1.8291,3.6583,2.3871,2.7064,4.8843,1.3723,1.5637,4.1565,1.3787,2.1577,3.1668,0.62625,1.9698,3.082,0.47915,2.4447,2.5931,1.6209,2.2772,4.1427,2.399,2.7026,4.9111,0.61763,1.973,3.0714,1.5674,1.7043,3.3328,0.46937,3.0475,2.3732,0.6128,2.5241,2.6191,2.9465,2.7478,5.9344,6.2404,2.8711,2.616,4.6748,2.9764,0.38783,2.3133,2.3862,3.6982,1.0564,3.0692,3.8521,1.4028,2.2942,3.5326,0.92042,3.0719,3.7159,2.3509,2.2309,3.781,1.1906,1.8228,3.6563,2.4304,2.3442,4.57,2.5583,2.6486,4.0359,1.2814,2.6773,4.3488,1.8959,1.9269,3.8789,1.1613,2.7585,3.6857,2.405,2.4685,5.0278,1.6125,2.602,3.3439,2.166,2.1965,4.1058,0.78364,1.9058,3.3644,2.3131,2.4052,3.7196,2.3217,2.4014,3.7157,2.1963,1.9185,4.9264,2.6326,2.2843,4.7884,2.3539,2.234,3.7878,1.3759,1.5829,3.848,2.4047,2.7075,4.9132,1.8948,1.932,3.8837,0.7771,2.1335,3.9923,1.6015,1.8079,4.2542,2.3998,2.7051,4.9121,1.4475,2.385,3.2624,5.9669,2.8896,2.2528,1.852,1.7929,3.4887,1.9424,2.9981,4.2572,2.038,1.9492,4.7825,1.1252,2.5753,4.2956,1.8962,2.1415,4.8593,1.6129,1.7724,3.9644,1.6046,2.0083,3.3716,1.0493,2.7436,3.5978,0.94946,2.8133,3.8408,1.4017,2.4114,3.8554,1.1416,2.7681,3.6616,1.8333,1.7578,4.0859,0.91805,2.4575,2.7837,1.9178,2.0742,4.3932,0.12,2.7885,2.8832,1.0807,1.9512,4.2663,0.96183,2.3238,3.0358,1.6411,2.3908,4.5851,0.97795,2.0684,2.8508,0.73815,1.9875,2.7428,1.6092,1.7701,3.9676,0.92509,2.4552,2.7921,1.3745,1.5814,3.8383,2.7489,2.5832,4.6121,1.0844,2.142,3.6233,1.1358,2.7811,3.6628,1.9759,1.9813,4.4775,1.0748,1.9571,4.2603,1.8556,1.6604,3.4529,1.6619,2.4954,3.998,2.1192,2.5487,4.9139,2.1473,2.3817,3.7019,1.189,3.066,3.4172,1.448,1.4651,4.2263,0.64091,2.9954,3.64,1.6203,1.7332,4.2243,0.74038,1.9937,2.7392,0.6974,2.194,3.9491,2.6812,2.5998,4.5313,1.9959,2.1193,3.4271,1.3901,2.9028,3.5389,1.0806,2.204,3.6261,2.5355,2.0059,4.4795,1.4875,1.7321,4.4213,1.5967,2.588,3.5833,2.0596,2.304,4.0795,2.691,2.365,4.9867,0.4633,2.5277,2.9803
213.42,0.095771,103.28,18.683,0.046843,309.3,1.4941,1.831,4.1441,1.2692,2.2353,4.2275,1.2055,1.9722,4.2495,2.4734,2.6477,4.2851,0.85895,2.0455,4.2437,1.5176,2.5243,3.8948,3.1041,2.8387,5.9382,1.1937,1.976,4.2382,1.7451,1.6846,4.2386,1.2911,2.229,4.2537,0.84764,2.0621,4.2142,2.9345,2.8336,4.538,5.63,2.7516,1.3771,1.2944,2.7862,3.6807,0.93306,2.1458,3.0162,2.5041,2.0886,4.4994,1.4727,1.6602,3.9184,0.64551,2.5957,3.8477,2.017,1.7693,3.4892,1.1059,2.4178,3.1414,0.21792,2.2916,3.4939,1.7754,1.6814,3.3988,2.0154,2.7906,4.3018,1.7881,1.7048,3.4024,1.4564,1.6467,3.9354,0.38351,2.1583,3.1592,2.0793,2.3941,4.4436,1.4723,1.6906,3.203,0.82897,1.9203,2.7536,3.0962,2.8412,5.9143,2.0217,1.7905,3.4972,1.0066,2.7263,2.8934,1.8298,2.5915,4.0283,0.6518,1.905,2.8003,1.0654,2.433,3.0871,1.9116,1.9237,4.5144,1.7035,1.6572,3.8894,0.51524,2.2038,3.7506,1.1817,2.4959,3.7591,0.95956,2.0987,3.2198,2.6021,2.329,4.3642,2.107,2.1903,4.7286,1.4912,1.6705,3.9288,1.8977,1.9217,4.5031,1.5069,2.2038,3.2635,0.78943,2.1151,3.1363,2.428,2.3932,4.3474,1.9111,2.5899,4.8212,1.8938,2.603,4.7976,2.5906,2.3337,4.36,1.2822,2.5192,3.9125,1.7102,2.2391,4.3249,1.9134,3.0253,3.8464,0.55778,2.4677,2.5246,1.5442,2.0728,4.642,2.0145,3.0371,3.9541,0.35117,2.3945,3.3741,1.6609,1.5924,4.0768,0.69896,2.0388,3.0756,2.2483,2.2473,4.6558,0.7137,2.586,3.1006,0.96658,2.1026,3.2203,0.082554,2.8913,1.9188,2.0074,1.9922,4.6141,2.5768,2.3372,4.3518,2.6156,2.3137,5.1343,2.0467,2.7659,4.342,1.0828,1.8039,3.9801,4.6431,2.9478,0.51816,0.86375,2.1194,3.0298,1.3063,2.0877,4.2969,1.048,2.0896,3.4849,2.211,2.7205,4.4618,1.715,1.5612,4.1404,1.1852,2.5425,3.1061,0.76876,2.4412,3.7656,2.0638,1.8987,3.7091,1.5719,2.4426,3.4473,1.6244,2.541,3.5991,1.6416,1.6294,4.2489,2.0121,2.7619,4.4765,2.0445,2.7589,4.5147,3.384,2.7777,6.141,1.7144,1.5634,4.1406,1.724,1.9983,3.4502,2.0631,2.9254,4.8659,1.1827,2.545,3.1215,2.6193,2.4421,4.9643,1.0542,2.6001,4.0663,1.5777,2.4371,3.4562,1.1683,1.8236,4.0852,1.6674,1.5931,4.0733,1.7145,2.0002,3.4358,0.28231,2.9389,3.3336,2.8889,2.3022,4.6,1.3122,1.9464,4.2089,1.2915,2.6595,3.3988,1.4487,2.4544,3.3405,1.8539,1.9506,3.6921,1.9469,2.3781,4.0021,1.0776,2.2838,3.1768,2.5378,2.0221,5.1374,1.2567,2.6584,3.3509,1.4318,2.4694,3.3209,0.31501,2.9405,3.3626,0.66422,1.8184,2.8774,1.6872,2.0071,4.4565,1.4649,1.8264,4.1332,5.4869,2.8933,1.8003,0.82221,2.1097,2.8016,1.0461,2.6154,4.0716,2.1977,2.5224,3.6207,2.6125,2.4373,4.9558,2.8166,2.6931,4.5312,2.1392,2.5159,4.5025,2.3497,2.1113,4.2081,0.76803,2.0103,3.3332,0.36457,2.464,2.9201,0.595,2.1415,3.7069,2.3831,2.4773,4.4457,0.78817,2.4571,2.891,1.2519,1.5907,4.286,1.6931,2.0185,3.4387,6.2124,2.6861,1.9672,3.2706,2.9339,6.2677,0.79172,2.4391,2.9246,1.6649,1.6351,4.0798,1.4978,1.8769,3.179,0.75955,2.4534,2.8795,2.1651,2.3485,4.9279,1.1668,2.5637,3.1018,1.0057,1.9624,3.5036,0.5072,1.9773,3.2687,1.7099,2.0178,3.4332,2.3852,2.0975,4.2092,2.1627,2.154,4.9912,1.2808,1.7235,3.814,0.68782,1.9789,2.7651,2.1651,2.1582,5.0011,2.3334,2.203,4.4879,1.571,2.3473,3.9652,4.3125,2.9661,0.24077,1.9548,2.3631,4.0028,0.83146,1.9586,4.1202,1.2138,2.5892,4.2381,3.6004,2.8408,6.1631,1.535,1.6241,3.2908,0.29022,2.3,3.3679,5.0984,2.9629,1.0407,0.59769,2.7745,3.301,1.3035,2.5196,3.003,2.1431,2.1335,4.959,1.479,2.0779,4.3678,1.5265,1.6288,3.2944,1.3921,2.9246,3.3738,0.48839,2.4408,2.7706,0.89678,2.4553,2.9933,0.22602,2.6148,3.3386,1.6214,2.2734,4.1398,0.49255,2.4402,2.7567,1.0365,2.2068,3.6354,1.3927,1.7959,4.2904,0.31664,2.3137,3.3847,1.5271,1.6129,3.291,0.48468,2.4411,2.7706,3.1368,2.8691,6.063,1.9811,2.586,4.0194,1.9939,2.1894,4.6122,2.5624,2.7745,5.1917,1.8981,1.9499,3.8886,1.2926,1.7909,3.6972,2.162,2.1462,4.9868,1.3906,2.6487,3.9813,1.1177,3.0751,2.9554,4.7234,2.9653,0.43708,1.3007,2.6965,4.3744,1.9058,1.9432,3.881,1.2721,2.6392,2.8955,0.45845,2.7639,3.0653,0.95913,2.8991,4.1484,0.64016,2.5245,2.6364,0.68741,1.96,2.9614,0.53947,2.4058,3.4048,1.5624,2.1798,4.2558,1.3339,2.7012,4.3981,0.60045,1.9677,3.0728,1.9863,1.8784,3.8118,1.1918,1.8262,3.6605,2.3739,2.7031,4.8672,1.3714,1.57,4.1537,1.3767,2.1577,3.1656,0.62446,1.9735,3.0763,0.48208,2.4437,2.5973,1.6225,2.2815,4.1455,2.3883,2.6988,4.8985,0.61423,1.977,3.0636,1.5679,1.7028,3.3337,0.46013,3.0487,2.3622,0.61926,2.5247,2.625,2.9531,2.748,5.9423,6.2514,2.8722,2.6285,4.6753,2.9741,0.38711,2.308,2.382,3.6888,1.0827,3.0665,3.8807,1.3962,2.301,3.5269,0.93282,3.0705,3.7307,2.3481,2.2297,3.7763,1.1904,1.8187,3.6583,2.431,2.3452,4.5715,2.554,2.6518,4.0369,1.285,2.6764,4.3507,1.8966,1.9203,3.8746,1.1666,2.7523,3.6906,2.3977,2.4654,5.0168,1.6134,2.5985,3.3513,2.1658,2.1982,4.1067,0.78289,1.9064,3.3629,2.3074,2.4043,3.7143,2.3173,2.3998,3.7092,2.1986,1.9231,4.9305,2.6304,2.2832,4.7877,2.3521,2.2334,3.7842,1.3752,1.5825,3.8503,2.3951,2.7051,4.9011,1.8954,1.9267,3.8801,0.77682,2.132,3.9976,1.6015,1.8037,4.2534,2.3898,2.702,4.9001,1.4478,2.3844,3.2626,5.974,2.8911,2.2612,1.8511,1.7917,3.491,1.9363,2.9936,4.2493,2.0423,1.9492,4.7875,1.1293,2.5746,4.2994,1.8982,2.1402,4.8587,1.6129,1.7672,3.9641,1.6047,2.0082,3.3686,1.0545,2.7384,3.6028,0.95474,2.8105,3.8446,1.4055,2.415,3.8574,1.1445,2.7634,3.6633,1.8324,1.7511,4.0847,0.91895,2.457,2.7853,1.9192,2.0753,4.3947,0.12772,2.7871,2.8904,1.0799,1.9498,4.2673,0.96414,2.3218,3.0398,1.6425,2.3901,4.585,0.97762,2.0654,2.8532,0.73728,1.9855,2.7429,1.6086,1.7647,3.9674,0.92692,2.4543,2.795,1.3734,1.5804,3.8385,2.7459,2.5822,4.6088,1.0843,2.143,3.6225,1.1383,2.7781,3.6652,1.9759,1.9804,4.4777,1.0734,1.9562,4.2606,1.8561,1.6617,3.4533,1.6619,2.4976,3.9979,2.1204,2.5476,4.9124,2.146,2.3819,3.7004,1.1898,3.0648,3.4175,1.4482,1.4646,4.2252,0.64421,2.9946,3.644,1.6198,1.7301,4.223,0.73978,1.9928,2.739,0.69856,2.194,3.95,2.6798,2.5993,4.5302,1.9965,2.1178,3.425,1.3914,2.8997,3.5394,1.0804,2.2062,3.6245,2.5361,2.0071,4.4812,1.4868,1.7316,4.4212,1.5947,2.5872,3.5835,2.0592,2.3065,4.0808,2.688,2.3636,4.9829,0.46657,2.5271,2.9841
213.42,0.095771,103.28,18.683,0.053535,310.24,1.4897,1.8292,4.1401,1.2682,2.2368,4.2287,1.2015,1.9695,4.2514,2.4698,2.6455,4.2833,0.85896,2.0435,4.2472,1.5172,2.5299,3.895,3.1195,2.8381,5.9572,1.1883,1.9734,4.2388,1.7449,1.6796,4.2369,1.2932,2.2293,4.2585,0.8462,2.0621,4.2144,2.9407,2.8333,4.5427,5.6186,2.7472,1.3643,1.3019,2.7773,3.6885,0.92926,2.1459,3.0148,2.5081,2.095,4.5088,1.4728,1.6579,3.9204,0.6432,2.5995,3.8416,2.0189,1.7704,3.4917,1.1082,2.414,3.1515,0.20954,2.2924,3.4829,1.7736,1.6819,3.4006,1.998,2.7842,4.2808,1.7884,1.709,3.4041,1.4544,1.643,3.9393,0.38202,2.162,3.153,2.0859,2.399,4.452,1.4718,1.6941,3.2037,0.8291,1.926,2.7526,3.1109,2.8409,5.9308,2.025,1.7943,3.5012,1.0059,2.7278,2.8952,1.8321,2.5924,4.033,0.65494,1.9103,2.8012,1.0643,2.431,3.092,1.9139,1.9249,4.518,1.7069,1.6524,3.89,0.5163,2.2039,3.7521,1.1807,2.5061,3.7564,0.95214,2.1043,3.2117,2.6122,2.3336,4.3769,2.1128,2.1967,4.737,1.4937,1.6705,3.9317,1.8987,1.9227,4.505,1.5103,2.2084,3.2628,0.78317,2.1209,3.1269,2.43,2.3968,4.3531,1.9061,2.5882,4.8096,1.8873,2.604,4.7843,2.6,2.3397,4.374,1.2814,2.5244,3.9072,1.7146,2.2405,4.3299,1.8976,3.019,3.8291,0.56625,2.4676,2.5321,1.5435,2.0765,4.646,2.0072,3.0321,3.9457,0.34445,2.3971,3.3641,1.6608,1.5879,4.0758,0.69696,2.0412,3.0719,2.2484,2.2481,4.6565,0.72592,2.5804,3.1163,0.96011,2.1085,3.2118,0.074815,2.8913,1.91,2.01,1.9936,4.6187,2.5835,2.344,4.3638,2.6055,2.3093,5.1229,2.0341,2.7563,4.3285,1.0833,1.7963,3.9857,4.6475,2.9388,0.5215,0.86003,2.1194,3.0262,1.3066,2.0857,4.3017,1.0467,2.0901,3.4834,2.1967,2.7147,4.4447,1.7175,1.5555,4.1375,1.1912,2.5401,3.1115,0.77149,2.4435,3.7648,2.0654,1.8942,3.7046,1.5674,2.4436,3.4439,1.6197,2.5431,3.5997,1.6384,1.6225,4.2486,1.9983,2.7532,4.4607,2.0347,2.75,4.5044,3.3879,2.7768,6.1443,1.7166,1.5579,4.1377,1.7273,1.9973,3.4501,2.0554,2.9236,4.8592,1.1883,2.543,3.129,2.6166,2.4415,4.9605,1.0584,2.5995,4.0658,1.574,2.4374,3.4544,1.1653,1.8253,4.0838,1.6683,1.5877,4.0717,1.7164,1.9995,3.4336,0.2819,2.9376,3.3338,2.8917,2.3033,4.6055,1.3113,1.9459,4.2097,1.2978,2.6546,3.4101,1.4464,2.4538,3.3402,1.856,1.945,3.6868,1.9464,2.3845,4.0039,1.0746,2.284,3.175,2.5379,2.0183,5.1364,1.2597,2.6535,3.3578,1.4272,2.4705,3.3182,0.31805,2.9394,3.3656,0.66197,1.8203,2.8716,1.6847,2.0041,4.4619,1.4643,1.8207,4.1353,5.4793,2.892,1.7928,0.82247,2.1081,2.8044,1.0492,2.6173,4.0722,2.2035,2.5221,3.6199,2.608,2.436,4.9501,2.8193,2.6911,4.5331,2.1361,2.5139,4.4981,2.3499,2.1133,4.2109,0.768,2.0141,3.3302,0.37093,2.4622,2.9268,0.59332,2.1414,3.7058,2.3823,2.4727,4.4481,0.79441,2.4558,2.8972,1.2513,1.5917,4.2858,1.6915,2.0202,3.4369,6.2016,2.6853,1.9558,3.2789,2.933,6.1092,0.79839,2.4351,2.9355,1.6655,1.635,4.0787,1.4983,1.8786,3.1784,0.76181,2.4516,2.8838,2.1645,2.3483,4.9235,1.1703,2.5637,3.1068,1.0063,1.9623,3.5036,0.50308,1.977,3.271,1.7112,2.019,3.4306,2.385,2.1002,4.2112,2.1658,2.1538,4.993,1.2794,1.7192,3.8161,0.68868,1.9791,2.7666,2.1685,2.1588,5.0038,2.3358,2.2058,4.4923,1.5716,2.3549,3.9655,4.325,2.9599,0.25283,1.9549,2.367,4.0039,0.83012,1.9581,4.1198,1.22,2.5917,4.242,3.6117,2.8389,6.1747,1.5355,1.625,3.2913,0.28517,2.3001,3.3618,5.0941,2.9584,1.0368,0.60294,2.7728,3.3071,1.3087,2.5214,3.0067,2.1439,2.1308,4.9564,1.4796,2.075,4.3705,1.5267,1.6294,3.2956,1.3947,2.9236,3.3757,0.49439,2.4392,2.7789,0.89329,2.4553,2.9928,0.22641,2.6142,3.3382,1.6229,2.2758,4.1422,0.49947,2.4392,2.7635,1.0346,2.2128,3.6314,1.3926,1.7943,4.2898,0.31533,2.3156,3.3815,1.5269,1.6119,3.2916,0.49041,2.4396,2.7788,3.1579,2.8685,6.0854,1.9773,2.5843,4.0175,1.9975,2.1908,4.6158,2.5501,2.774,5.1776,1.8991,1.9472,3.8862,1.2925,1.7872,3.6987,2.1645,2.1448,4.9873,1.3893,2.6474,3.9778,1.1166,3.0739,2.9536,4.7282,2.9622,0.44071,1.3072,2.6979,4.3806,1.9061,1.9412,3.8806,1.2759,2.6395,2.8999,0.47252,2.7621,3.0816,0.96349,2.8996,4.1525,0.65053,2.5251,2.645,0.68612,1.9638,2.9574,0.53864,2.4068,3.4018,1.5618,2.1796,4.2598,1.3446,2.7031,4.407,0.59571,1.9701,3.0664,1.9872,1.8758,3.8111,1.1915,1.8234,3.6627,2.3613,2.7,4.8507,1.3704,1.5761,4.151,1.3746,2.1578,3.1644,0.62275,1.9772,3.0707,0.48492,2.4428,2.6015,1.6243,2.2857,4.1481,2.3779,2.6951,4.886,0.61084,1.9808,3.0559,1.5684,1.7014,3.3346,0.45065,3.0499,2.3509,0.6254,2.5252,2.6305,2.9596,2.7483,5.9499,6.2621,2.8733,2.6409,4.6761,2.9718,0.38663,2.3031,2.3779,3.6798,1.1069,3.0637,3.907,1.3897,2.3077,3.5213,0.94483,3.0691,3.745,2.3455,2.2286,3.7716,1.1901,1.8147,3.6604,2.4317,2.3463,4.573,2.55,2.6549,4.038,1.2885,2.6754,4.3526,1.8972,1.914,3.8704,1.1715,2.7462,3.6953,2.3907,2.4624,5.0062,1.6143,2.5952,3.3587,2.1655,2.1999,4.1076,0.78212,1.9071,3.3614,2.302,2.4036,3.7091,2.3131,2.3981,3.7031,2.2009,1.9276,4.9344,2.6284,2.2822,4.787,2.3502,2.2329,3.7809,1.3746,1.5821,3.8527,2.3859,2.7028,4.8895,1.896,1.9216,3.8766,0.77658,2.1305,4.0028,1.6015,1.7997,4.2527,2.3801,2.699,4.8885,1.4482,2.3839,3.2628,5.9809,2.8925,2.2694,1.8501,1.7905,3.4931,1.9303,2.9891,4.2418,2.0466,1.9492,4.7923,1.1331,2.574,4.3029,1.9001,2.1389,4.8581,1.6129,1.7622,3.9638,1.6048,2.0082,3.3656,1.0593,2.7333,3.6073,0.9596,2.8078,3.848,1.4092,2.4182,3.8593,1.1471,2.7589,3.6649,1.8314,1.7446,4.0835,0.91982,2.4565,2.7868,1.9207,2.0764,4.3962,0.13513,2.7855,2.8974,1.0791,1.9485,4.2682,0.96631,2.3199,3.0438,1.644,2.3894,4.5849,0.97725,2.0626,2.8555,0.73648,1.9837,2.743,1.608,1.7596,3.9673,0.92868,2.4535,2.7978,1.3724,1.5795,3.8389,2.7431,2.5812,4.6058,1.0842,2.144,3.6217,1.1408,2.7752,3.6675,1.976,1.9795,4.4779,1.0721,1.9553,4.2609,1.8565,1.6628,3.4538,1.6619,2.4995,3.9977,2.1215,2.5466,4.911,2.1447,2.3822,3.699,1.1906,3.0636,3.4177,1.4485,1.4643,4.2242,0.64716,2.9939,3.6477,1.6193,1.7272,4.2218,0.73921,1.9919,2.7387,0.69967,2.1941,3.9508,2.6786,2.5987,4.5291,1.997,2.1164,3.423,1.3927,2.8966,3.54,1.0801,2.2083,3.6229,2.5367,2.0082,4.4829,1.4861,1.7311,4.421,1.5928,2.5865,3.5839,2.0588,2.309,4.0821,2.6851,2.3622,4.9793,0.46971,2.5265,2.9879
213.42,0.095771,103.28,18.683,0.060227,311.1,1.4855,1.8273,4.1361,1.2676,2.2381,4.23,1.1973,1.9668,4.2532,2.4665,2.6434,4.2817,0.85893,2.0416,4.2505,1.5168,2.5354,3.8952,3.1355,2.8374,5.9766,1.1831,1.9706,4.2395,1.7446,1.6745,4.2351,1.2952,2.2296,4.2634,0.84485,2.0623,4.2146,2.9469,2.8328,4.5475,5.6072,2.7428,1.3514,1.3091,2.7681,3.696,0.92535,2.1461,3.0131,2.5125,2.1013,4.5186,1.4729,1.6558,3.9226,0.64078,2.6035,3.8353,2.0207,1.7715,3.4942,1.1099,2.4105,3.1608,0.20098,2.2932,3.4718,1.7718,1.6824,3.4025,1.9811,2.7777,4.2605,1.7887,1.7129,3.4058,1.4526,1.6393,3.9431,0.38057,2.1655,3.1468,2.0923,2.4035,4.4604,1.4713,1.6974,3.2043,0.82929,1.9315,2.7518,3.1264,2.8406,5.948,2.0286,1.7982,3.5057,1.0048,2.7295,2.8966,1.8347,2.5935,4.038,0.65811,1.9155,2.8022,1.063,2.4288,3.097,1.9165,1.926,4.5217,1.7104,1.6479,3.8908,0.51751,2.2041,3.7536,1.1802,2.516,3.7543,0.94461,2.1098,3.2037,2.6226,2.3381,4.39,2.1185,2.2031,4.7455,1.4961,1.6707,3.9348,1.8999,1.9239,4.5069,1.5138,2.2128,3.2622,0.7766,2.1269,3.1172,2.4322,2.4005,4.3591,1.9012,2.5867,4.7979,1.881,2.6049,4.7709,2.6104,2.3458,4.3889,1.2807,2.5296,3.9021,1.7192,2.2422,4.3351,1.8827,3.0127,3.8127,0.57472,2.4677,2.5395,1.5426,2.0805,4.6495,2.0003,3.0268,3.9378,0.33745,2.3995,3.3539,1.6607,1.5836,4.0748,0.69489,2.0434,3.0681,2.2484,2.2485,4.6568,0.73775,2.5745,3.1321,0.9534,2.1142,3.203,0.066951,2.8913,1.9008,2.0127,1.9951,4.6234,2.5909,2.3511,4.3766,2.5948,2.3045,5.1109,2.022,2.7465,4.3156,1.0838,1.7885,3.9912,4.6532,2.9298,0.52651,0.85619,2.1194,3.0224,1.3069,2.0837,4.3066,1.0453,2.0909,3.4819,2.1826,2.7088,4.4278,1.7202,1.5497,4.1345,1.1971,2.5375,3.1167,0.77422,2.4456,3.7639,2.0669,1.8897,3.7001,1.5627,2.4445,3.4406,1.6152,2.5449,3.6008,1.6349,1.6156,4.2481,1.9845,2.7441,4.4451,2.025,2.7407,4.4941,3.3919,2.776,6.1474,1.7189,1.5525,4.1347,1.7308,1.9963,3.4501,2.0481,2.9217,4.853,1.1938,2.541,3.1364,2.6138,2.4409,4.9567,1.0624,2.5989,4.0652,1.5703,2.4376,3.4528,1.1622,1.8263,4.0826,1.6693,1.5822,4.07,1.7184,1.9988,3.4314,0.28175,2.9363,3.3343,2.8945,2.3043,4.6108,1.3103,1.9453,4.2105,1.3041,2.6494,3.4217,1.4441,2.4532,3.34,1.8581,1.9394,3.6815,1.9459,2.3908,4.0058,1.0717,2.2841,3.1733,2.5382,2.0144,5.1357,1.2633,2.6482,3.3654,1.4228,2.4717,3.3156,0.32106,2.9384,3.3687,0.65968,1.8222,2.8657,1.6822,2.0011,4.4673,1.4637,1.8152,4.1375,5.4718,2.8907,1.7855,0.82268,2.1067,2.8071,1.0523,2.6191,4.0728,2.209,2.5218,3.619,2.6034,2.4346,4.9442,2.8219,2.6891,4.5348,2.1331,2.512,4.494,2.3502,2.1153,4.2137,0.76786,2.018,3.3271,0.37732,2.4605,2.9336,0.5916,2.1413,3.7048,2.3816,2.4684,4.4506,0.80064,2.4545,2.9034,1.2508,1.5927,4.2855,1.6899,2.0218,3.4351,6.1911,2.6844,1.9444,3.2868,2.9321,0.11355,0.80473,2.4311,2.9461,1.6659,1.6348,4.0775,1.4987,1.8803,3.1779,0.76395,2.4498,2.8878,2.1638,2.3481,4.9191,1.1737,2.5637,3.1119,1.0068,1.9622,3.5037,0.49896,1.9767,3.2732,1.7126,2.0201,3.4281,2.3847,2.103,4.2132,2.1689,2.1536,4.9947,1.278,1.7149,3.8183,0.68952,1.9795,2.768,2.1718,2.1593,5.0065,2.3382,2.2085,4.4967,1.5721,2.3623,3.9658,4.3366,2.9538,0.26399,1.9549,2.3709,4.0051,0.8288,1.9578,4.1193,1.2263,2.5942,4.246,3.6224,2.837,6.1859,1.536,1.6259,3.292,0.28021,2.3002,3.3558,5.0899,2.9541,1.0332,0.60797,2.7711,3.3131,1.3139,2.5231,3.0104,2.1448,2.128,4.9539,1.48,2.0719,4.373,1.5269,1.63,3.2968,1.3972,2.9226,3.3778,0.5003,2.4378,2.787,0.89002,2.4551,2.9927,0.22671,2.6136,3.3377,1.6244,2.278,4.1445,0.50619,2.4381,2.77,1.0325,2.2188,3.6273,1.3923,1.7927,4.2893,0.31405,2.3175,3.3785,1.5266,1.6109,3.2924,0.49598,2.4382,2.7868,3.1781,2.8678,6.1071,1.9736,2.5825,4.0156,2.001,2.1921,4.6193,2.5375,2.7735,5.1634,1.9,1.9445,3.8839,1.2922,1.7836,3.7003,2.167,2.1432,4.9878,1.388,2.6461,3.9746,1.1151,3.0727,2.9517,4.7329,2.9591,0.44429,1.3136,2.6991,4.3867,1.9065,1.9392,3.8803,1.2794,2.64,2.9043,0.48605,2.7603,3.0973,0.968,2.8999,4.1569,0.6607,2.5257,2.6534,0.68489,1.9673,2.9537,0.53789,2.4077,3.3989,1.561,2.1792,4.2637,1.355,2.7048,4.4156,0.59116,1.9724,3.0602,1.988,1.8732,3.8105,1.1912,1.8206,3.6648,2.3493,2.6967,4.8349,1.3694,1.5819,4.1483,1.3725,2.1577,3.1632,0.62111,1.9806,3.0654,0.48763,2.4419,2.6055,1.6261,2.2899,4.1508,2.3679,2.6914,4.8741,0.60747,1.9845,3.0485,1.5688,1.7001,3.3355,0.44103,3.051,2.3396,0.63119,2.5259,2.6358,2.9659,2.7486,5.9574,6.2766,2.8742,2.6529,4.6769,2.9695,0.38635,2.2985,2.3738,3.6711,1.1289,3.0609,3.9311,1.3833,2.3141,3.5158,0.95635,3.0677,3.7587,2.3431,2.2275,3.7673,1.1897,1.8107,3.6624,2.4322,2.3473,4.5744,2.5459,2.6578,4.039,1.2918,2.6746,4.3543,1.8978,1.9078,3.8664,1.1761,2.7405,3.6995,2.3839,2.4595,4.9958,1.6152,2.5917,3.3658,2.1652,2.2017,4.1086,0.78135,1.9079,3.36,2.2967,2.4029,3.704,2.309,2.3965,3.6971,2.2033,1.9316,4.9382,2.6265,2.2812,4.7863,2.3485,2.2324,3.7778,1.374,1.5816,3.855,2.3773,2.7006,4.8787,1.8968,1.9167,3.8733,0.77635,2.129,4.0079,1.6015,1.7957,4.2521,2.3709,2.6961,4.8775,1.4485,2.3834,3.2629,5.9876,2.8939,2.2773,1.8493,1.7894,3.4952,1.9247,2.985,4.2347,2.0508,1.9492,4.7969,1.1366,2.5732,4.3062,1.9019,2.1377,4.8575,1.6129,1.7574,3.9634,1.6049,2.0082,3.3628,1.0637,2.7286,3.6115,0.96406,2.8053,3.8511,1.4126,2.4213,3.8613,1.1495,2.7546,3.6665,1.8305,1.7385,4.0824,0.92064,2.4561,2.7884,1.9221,2.0775,4.3976,0.1422,2.7841,2.904,1.0783,1.9472,4.2691,0.96833,2.3181,3.0474,1.6454,2.3888,4.5849,0.97685,2.06,2.8575,0.73572,1.9819,2.7432,1.6075,1.7547,3.9671,0.93035,2.4529,2.8004,1.3714,1.5786,3.8392,2.7405,2.5802,4.6031,1.0841,2.145,3.6209,1.143,2.7724,3.6697,1.976,1.9787,4.4782,1.0708,1.9545,4.2612,1.8569,1.664,3.4543,1.6619,2.5014,3.9976,2.1225,2.5455,4.9095,2.1434,2.3826,3.6976,1.1915,3.0625,3.418,1.4488,1.4639,4.2231,0.64977,2.9932,3.6509,1.6188,1.7243,4.2207,0.73868,1.9911,2.7384,0.70073,2.1941,3.9516,2.6774,2.5981,4.5281,1.9977,2.115,3.4212,1.394,2.8936,3.5406,1.0798,2.2103,3.6213,2.5375,2.0094,4.4846,1.4856,1.7306,4.4209,1.5911,2.5858,3.5844,2.0585,2.3112,4.0834,2.6824,2.3609,4.976,0.47271,2.5259,2.9914
213.42,0.095771,103.28,18.683,0.066919,311.76,1.4812,1.825,4.1324,1.2669,2.2394,4.2316,1.193,1.9639,4.2547,2.4634,2.6412,4.2803,0.85881,2.0401,4.2536,1.5165,2.5409,3.8953,3.1519,2.8365,5.9963,1.1777,1.9677,4.2401,1.7444,1.6693,4.2334,1.2972,2.2299,4.2683,0.84358,2.0625,4.2151,2.953,2.8324,4.5522,5.5958,2.7382,1.3386,1.3161,2.7592,3.7035,0.9213,2.1462,3.0114,2.5172,2.1079,4.5287,1.4729,1.654,3.9247,0.6382,2.6076,3.8285,2.0225,1.7726,3.4967,1.1107,2.4072,3.1692,0.19217,2.2938,3.4603,1.77,1.6826,3.4044,1.9646,2.7708,4.2407,1.7891,1.7167,3.4074,1.4509,1.6357,3.9468,0.37914,2.1691,3.1406,2.0989,2.4079,4.4689,1.4708,1.7008,3.2049,0.82954,1.9369,2.7514,3.1428,2.8401,5.9661,2.0326,1.802,3.5107,1.0033,2.7311,2.8977,1.8374,2.5948,4.0432,0.66133,1.9208,2.8033,1.0617,2.4267,3.102,1.919,1.9269,4.5255,1.7139,1.6434,3.8918,0.51891,2.2042,3.7553,1.1799,2.5257,3.7529,0.93691,2.1153,3.1955,2.6335,2.3427,4.4036,2.1243,2.2098,4.7545,1.4987,1.6709,3.9378,1.9014,1.9252,4.509,1.5176,2.2173,3.2618,0.7697,2.1329,3.1071,2.4344,2.4043,4.3652,1.8967,2.5852,4.7861,1.8746,2.6058,4.757,2.6216,2.3521,4.4051,1.28,2.5349,3.8968,1.7242,2.2439,4.3404,1.8684,3.006,3.7969,0.58324,2.4678,2.547,1.5416,2.0848,4.6526,1.9937,3.0212,3.9302,0.33005,2.4017,3.3434,1.6607,1.5794,4.0737,0.69274,2.0456,3.0644,2.2483,2.249,4.6569,0.74921,2.5683,3.1478,0.9464,2.1199,3.1938,0.058959,2.8912,1.8916,2.0156,1.9966,4.6283,2.599,2.3585,4.3905,2.5843,2.299,5.0988,2.0105,2.7364,4.3031,1.0841,1.7804,3.9968,4.6599,2.9203,0.53332,0.85214,2.1193,3.0185,1.3073,2.0817,4.3114,1.044,2.0915,3.4803,2.1686,2.7027,4.4109,1.7229,1.5439,4.1314,1.2028,2.535,3.1217,0.77698,2.4477,3.763,2.0683,1.8852,3.6957,1.5579,2.4453,3.4371,1.6107,2.5464,3.6022,1.6309,1.6088,4.2476,1.9708,2.7346,4.4294,2.0151,2.7308,4.4835,3.3958,2.7751,6.1505,1.7213,1.5471,4.1317,1.7342,1.9953,3.4501,2.041,2.9197,4.8469,1.1993,2.5391,3.1438,2.6111,2.4403,4.9528,1.0664,2.5981,4.0647,1.5667,2.4378,3.4513,1.159,1.8267,4.0819,1.6703,1.5769,4.0684,1.7203,1.9979,3.4293,0.28189,2.9349,3.3351,2.8971,2.3053,4.6159,1.3094,1.9448,4.2113,1.3108,2.6437,3.4338,1.442,2.4527,3.3399,1.8602,1.9335,3.6761,1.9455,2.3971,4.0076,1.0688,2.2842,3.1717,2.5385,2.0105,5.1349,1.2676,2.6426,3.3738,1.4184,2.4727,3.313,0.32412,2.9372,3.3717,0.65735,1.824,2.8599,1.6796,1.9983,4.4726,1.463,1.8096,4.1399,5.4645,2.8895,1.7784,0.82284,2.1053,2.8096,1.0552,2.6208,4.0733,2.2143,2.5216,3.6182,2.5988,2.4332,4.9384,2.8244,2.6872,4.5365,2.1302,2.5101,4.4899,2.3504,2.1174,4.2166,0.76761,2.0219,3.3239,0.38374,2.4588,2.9405,0.58984,2.1411,3.7039,2.381,2.4643,4.453,0.80682,2.4532,2.9096,1.2502,1.5937,4.2852,1.6883,2.0233,3.4334,6.1806,2.6835,1.9334,3.2939,2.9312,0.011791,0.81071,2.4273,2.9563,1.6664,1.6346,4.0763,1.4992,1.8818,3.1773,0.766,2.4481,2.8918,2.1631,2.3478,4.9146,1.177,2.5636,3.1169,1.0072,1.962,3.5038,0.49489,1.9765,3.2755,1.7139,2.0211,3.4255,2.3844,2.1057,4.2151,2.1718,2.1534,4.9962,1.2766,1.7107,3.8203,0.69037,1.9798,2.7694,2.1751,2.1597,5.009,2.3405,2.2111,4.501,1.5726,2.3692,3.9661,4.3473,2.948,0.27434,1.955,2.3747,4.0062,0.82753,1.9574,4.1189,1.2325,2.5966,4.25,3.6329,2.8353,6.1967,1.5364,1.6267,3.2926,0.27537,2.3002,3.3501,5.0861,2.9497,1.03,0.6128,2.7695,3.3187,1.3189,2.5246,3.0139,2.1457,2.1254,4.9516,1.4803,2.0689,4.3755,1.527,1.6303,3.2979,1.3997,2.9215,3.3798,0.50604,2.4363,2.7949,0.88701,2.4549,2.9927,0.2269,2.6131,3.3372,1.6258,2.2801,4.1468,0.51261,2.4372,2.7764,1.0305,2.2246,3.6232,1.3922,1.7911,4.2886,0.31285,2.3192,3.3758,1.5264,1.6099,3.293,0.50133,2.4369,2.7945,3.1975,2.8671,6.1276,1.9699,2.5809,4.0138,2.0043,2.1932,4.6226,2.525,2.773,5.1492,1.9008,1.9417,3.8816,1.292,1.7801,3.7017,2.1693,2.1417,4.9882,1.3869,2.6448,3.9715,1.1136,3.0716,2.9496,4.7375,2.9561,0.44779,1.3199,2.7003,4.3928,1.9068,1.9374,3.8801,1.2827,2.6403,2.9085,0.49892,2.7586,3.1122,0.97262,2.9001,4.1613,0.67058,2.5262,2.6615,0.68378,1.9707,2.9504,0.53725,2.4083,3.3964,1.5605,2.1788,4.2674,1.3649,2.7063,4.4239,0.58681,1.9745,3.0544,1.9886,1.8708,3.8099,1.1909,1.818,3.6669,2.3379,2.6936,4.8199,1.3684,1.5874,4.1457,1.3705,2.1577,3.1621,0.61956,1.984,3.0604,0.4902,2.4412,2.6093,1.6279,2.294,4.1533,2.3584,2.6879,4.8626,0.60418,1.988,3.0413,1.5693,1.6989,3.3363,0.43139,3.0521,2.3283,0.63661,2.5267,2.6406,2.972,2.7487,5.9646,3.4838,2.875,2.6644,4.6778,2.9672,0.38626,2.2942,2.3698,3.663,1.1487,3.058,3.9529,1.3771,2.3202,3.5104,0.96729,3.0663,3.7718,2.3409,2.2265,3.7631,1.1895,1.807,3.6643,2.4327,2.3482,4.5756,2.5419,2.6604,4.0399,1.2949,2.6739,4.3559,1.8985,1.9017,3.8625,1.1803,2.735,3.7034,2.3774,2.4567,4.9859,1.6161,2.5885,3.3728,2.165,2.2033,4.1095,0.78058,1.9086,3.3586,2.2918,2.4023,3.6994,2.3052,2.395,3.6914,2.2055,1.9354,4.9416,2.6246,2.2802,4.7857,2.3469,2.232,3.7748,1.3736,1.5813,3.8572,2.369,2.6985,4.8683,1.8974,1.912,3.8701,0.77616,2.1276,4.0127,1.6015,1.7921,4.2514,2.3624,2.6933,4.8672,1.4488,2.383,3.263,5.9941,2.8952,2.2849,1.8486,1.7883,3.497,1.9194,2.9809,4.2279,2.0547,1.9492,4.8012,1.14,2.5727,4.3094,1.9036,2.1366,4.857,1.6129,1.7529,3.9631,1.605,2.0082,3.3602,1.0678,2.7241,3.6154,0.96815,2.803,3.8538,1.4159,2.4241,3.863,1.1518,2.7505,3.6678,1.8297,1.7326,4.0815,0.92144,2.4557,2.7897,1.9234,2.0785,4.399,0.14888,2.7827,2.9103,1.0777,1.946,4.2699,0.97021,2.3165,3.0507,1.6468,2.3884,4.5849,0.97644,2.0576,2.8594,0.73503,1.9803,2.7433,1.607,1.7501,3.967,0.93193,2.4522,2.8029,1.3706,1.5777,3.8395,2.7383,2.5794,4.6008,1.084,2.1459,3.6203,1.1451,2.7698,3.6717,1.9761,1.978,4.4785,1.0696,1.9538,4.2615,1.8574,1.6651,3.4547,1.6619,2.5031,3.9975,2.1235,2.5446,4.9081,2.1423,2.3828,3.6963,1.1924,3.0614,3.4183,1.4491,1.4636,4.2221,0.65206,2.9927,3.6538,1.6185,1.7217,4.2196,0.7382,1.9904,2.7382,0.70174,2.1942,3.9522,2.6762,2.5976,4.5273,1.9984,2.1137,3.4195,1.3951,2.8909,3.5411,1.0795,2.2123,3.6198,2.538,2.0104,4.4862,1.485,1.7302,4.4208,1.5895,2.5852,3.5847,2.0581,2.3133,4.0846,2.68,2.3597,4.9728,0.47555,2.5255,2.9947
213.42,0.095771,103.28,18.683,0.073611,312.24,1.4769,1.8223,4.1288,1.2665,2.2407,4.2333,1.1885,1.961,4.256,2.4603,2.6391,4.2791,0.85863,2.0386,4.2565,1.5161,2.5462,3.8954,3.1687,2.8354,6.0167,1.1725,1.9647,4.241,1.7443,1.6641,4.2315,1.2992,2.2303,4.2733,0.84238,2.0629,4.2156,2.959,2.8321,4.5571,5.5842,2.7333,1.3255,1.3229,2.7503,3.7107,0.9171,2.1464,3.0093,2.5222,2.1146,4.5395,1.473,1.6525,3.9269,0.63541,2.612,3.8213,2.0243,1.7739,3.4992,1.1109,2.4041,3.1769,0.183,2.2946,3.4483,1.768,1.6828,3.4064,1.9488,2.7639,4.2214,1.7894,1.7204,3.4092,1.4492,1.632,3.9503,0.37767,2.1728,3.1343,2.1055,2.4122,4.4774,1.4702,1.7043,3.2057,0.82982,1.9421,2.7511,3.1602,2.8396,5.9852,2.0372,1.8058,3.5163,1.0012,2.7328,2.8984,1.8405,2.5962,4.0489,0.66462,1.926,2.8046,1.0601,2.4244,3.1069,1.9216,1.928,4.5295,1.7176,1.6389,3.893,0.52059,2.2043,3.7573,1.1801,2.5353,3.752,0.92897,2.1206,3.187,2.6451,2.3474,4.4178,2.13,2.2167,4.764,1.5015,1.6712,3.9409,1.9031,1.9266,4.5112,1.5219,2.222,3.2612,0.76243,2.1391,3.0966,2.4367,2.4081,4.3715,1.8923,2.5838,4.7739,1.8683,2.6068,4.7428,2.634,2.3586,4.4227,1.2792,2.5401,3.8914,1.7294,2.2458,4.3458,1.8547,2.999,3.7816,0.59189,2.468,2.5547,1.5404,2.0897,4.6552,1.9874,3.0153,3.9229,0.32231,2.4038,3.3326,1.6607,1.5754,4.0726,0.69053,2.0477,3.0605,2.2479,2.2493,4.6567,0.76029,2.5618,3.1636,0.93905,2.1256,3.1841,0.05083,2.891,1.8823,2.0187,1.9982,4.6334,2.6079,2.3662,4.4056,2.5746,2.2923,5.0869,1.9992,2.7257,4.2909,1.0844,1.7721,4.0026,4.6677,2.9107,0.54221,0.84792,2.1192,3.0146,1.3078,2.0795,4.3165,1.0424,2.0924,3.4786,2.1546,2.6963,4.3939,1.7258,1.5379,4.1281,1.2083,2.5323,3.1266,0.77978,2.4497,3.7621,2.0699,1.8806,3.6911,1.5528,2.4462,3.4336,1.6064,2.5476,3.6043,1.6265,1.6024,4.2471,1.957,2.7244,4.4134,2.0049,2.7203,4.4726,3.3996,2.7742,6.1533,1.7236,1.5416,4.1285,1.7377,1.9942,3.45,2.0338,2.9174,4.8409,1.2047,2.537,3.1511,2.6083,2.4396,4.9489,1.0705,2.5971,4.0641,1.5629,2.4379,3.4498,1.1557,1.8264,4.0816,1.6713,1.5716,4.0667,1.7222,1.997,3.4272,0.28239,2.9335,3.3362,2.8995,2.306,4.6208,1.3084,1.9442,4.2122,1.3181,2.6373,3.4465,1.4399,2.4521,3.3399,1.8624,1.9274,3.6707,1.945,2.4031,4.0096,1.066,2.2842,3.1701,2.5389,2.0066,5.1342,1.2728,2.6368,3.3835,1.4141,2.4736,3.3106,0.32727,2.9361,3.3748,0.65499,1.8258,2.8542,1.677,1.9954,4.4777,1.4619,1.804,4.1424,5.4574,2.8883,1.7715,0.823,2.104,2.812,1.0582,2.6225,4.0741,2.2194,2.5213,3.6175,2.5941,2.4316,4.9324,2.8268,2.6852,4.5382,2.1275,2.5084,4.486,2.3506,2.1194,4.2194,0.76727,2.0257,3.3207,0.39017,2.4571,2.9474,0.58804,2.1407,3.703,2.3803,2.4605,4.4555,0.81294,2.4518,2.9158,1.2495,1.5947,4.2849,1.6867,2.0248,3.4316,6.1705,2.6825,1.9226,3.3003,2.9303,0.019174,0.81631,2.4235,2.9659,1.6669,1.6343,4.0751,1.4996,1.8833,3.1766,0.76796,2.4464,2.8955,2.1623,2.3474,4.9102,1.1804,2.5634,3.1218,1.0077,1.9617,3.504,0.49091,1.9763,3.2777,1.7151,2.022,3.423,2.3839,2.1083,4.2171,2.1746,2.1531,4.9976,1.2751,1.7068,3.8224,0.69121,1.9802,2.7707,2.1782,2.16,5.0113,2.3427,2.2136,4.5051,1.573,2.3758,3.9663,4.357,2.9423,0.28392,1.955,2.3783,4.0073,0.8263,1.957,4.1184,1.2386,2.5989,4.254,3.6428,2.8335,6.207,1.5368,1.6276,3.2932,0.27068,2.3002,3.3446,5.0827,2.9454,1.0273,0.61741,2.7679,3.3241,1.3238,2.526,3.0174,2.1468,2.1229,4.9495,1.4806,2.066,4.3778,1.5271,1.6308,3.2989,1.4022,2.9205,3.3818,0.51156,2.435,2.8025,0.88426,2.4547,2.9929,0.22696,2.6125,3.3365,1.6273,2.2821,4.1489,0.5187,2.4363,2.7824,1.0284,2.2302,3.6192,1.392,1.7896,4.2879,0.3117,2.3209,3.3734,1.5262,1.6089,3.2936,0.5064,2.4356,2.8019,3.2156,2.8662,6.1469,1.9663,2.5791,4.0121,2.0077,2.1942,4.6258,2.5125,2.7724,5.135,1.9016,1.9389,3.8794,1.2917,1.7768,3.7031,2.1715,2.1401,4.9885,1.386,2.6436,3.9686,1.1118,3.0707,2.9475,4.7419,2.9531,0.45117,1.3259,2.7014,4.3986,1.9071,1.9357,3.8799,1.2859,2.6407,2.9125,0.51106,2.7568,3.1263,0.97728,2.9001,4.166,0.68008,2.5269,2.6694,0.68277,1.9739,2.9472,0.5367,2.4089,3.3941,1.5598,2.178,4.271,1.3743,2.7078,4.4317,0.5827,1.9764,3.0488,1.9893,1.8686,3.8093,1.1905,1.8156,3.6688,2.3274,2.6906,4.806,1.3673,1.5926,4.1432,1.3685,2.1575,3.161,0.61811,1.9872,3.0556,0.49263,2.4404,2.6129,1.6297,2.298,4.1557,2.3494,2.6844,4.8517,0.60097,1.9913,3.0344,1.5697,1.6977,3.3372,0.42186,3.053,2.3172,0.64162,2.5273,2.6452,2.9779,2.7487,5.9716,0.0077791,2.8758,2.6754,4.6789,2.965,0.38634,2.2903,2.3659,3.6553,1.1664,3.0552,3.9726,1.3712,2.3259,3.5053,0.97753,3.0649,3.7841,2.3388,2.2257,3.7593,1.1892,1.8035,3.6663,2.4332,2.3491,4.5768,2.538,2.6628,4.0406,1.2979,2.6731,4.3574,1.8991,1.896,3.8589,1.1841,2.7299,3.7069,2.3713,2.4541,4.9766,1.6169,2.5853,3.3794,2.1648,2.205,4.1105,0.7798,1.9094,3.3571,2.287,2.4016,3.6949,2.3016,2.3936,3.6862,2.2077,1.9388,4.9449,2.6228,2.2793,4.7849,2.3453,2.2316,3.7721,1.3731,1.5808,3.8594,2.3615,2.6964,4.8587,1.898,1.9076,3.8671,0.77598,2.1262,4.0172,1.6015,1.7886,4.2507,2.3543,2.6907,4.8575,1.4491,2.3827,3.2632,6.0002,2.8964,2.292,1.8478,1.7872,3.4989,1.9145,2.9772,4.2218,2.0585,1.9491,4.8052,1.1431,2.5722,4.3123,1.9053,2.1355,4.8565,1.613,1.7486,3.9628,1.6051,2.0083,3.3579,1.0715,2.7199,3.6189,0.97183,2.8008,3.856,1.419,2.4267,3.8648,1.1538,2.7467,3.6691,1.8288,1.7271,4.0805,0.92219,2.4553,2.7911,1.9247,2.0796,4.4004,0.15514,2.7813,2.9161,1.0769,1.9448,4.2708,0.97193,2.3149,3.0539,1.6482,2.388,4.5849,0.97602,2.0554,2.8611,0.7344,1.9788,2.7435,1.6065,1.7458,3.9668,0.9334,2.4515,2.8052,1.3696,1.5768,3.8398,2.7361,2.5786,4.5986,1.0839,2.1469,3.6195,1.1471,2.7674,3.6736,1.9761,1.9773,4.4788,1.0684,1.953,4.2618,1.8577,1.666,3.4551,1.6618,2.5048,3.9973,2.1244,2.5437,4.9067,2.1411,2.3831,3.6951,1.1932,3.0604,3.4187,1.4495,1.4632,4.2212,0.65406,2.9921,3.6563,1.6181,1.7192,4.2186,0.73774,1.9896,2.738,0.70268,2.1943,3.9529,2.6752,2.5972,4.5264,1.9989,2.1125,3.4178,1.3963,2.8883,3.5415,1.0791,2.2142,3.6183,2.5387,2.0115,4.4878,1.4844,1.7297,4.4208,1.588,2.5845,3.5853,2.0578,2.3153,4.0858,2.6777,2.3585,4.9699,0.4782,2.5249,2.9978
213.42,0.095771,103.28,18.683,0.080302,312.72,1.4726,1.8193,4.1255,1.2664,2.2419,4.2353,1.184,1.9581,4.257,2.4573,2.637,4.2782,0.85836,2.0375,4.259,1.5157,2.5517,3.8955,3.1861,2.8342,6.0376,1.167,1.9615,4.2419,1.7441,1.6587,4.2296,1.3012,2.2307,4.2784,0.84127,2.0635,4.2162,2.9648,2.8317,4.5618,5.5724,2.7282,1.3122,1.3294,2.7417,3.7177,0.91271,2.1466,3.0069,2.5278,2.1215,4.5507,1.473,1.6513,3.9291,0.63231,2.6167,3.8135,2.0262,1.7752,3.5018,1.1103,2.4013,3.1837,0.17343,2.2952,3.4357,1.7662,1.6828,3.4086,1.9334,2.7568,4.2026,1.7898,1.7239,3.4108,1.4478,1.6283,3.9537,0.37615,2.1765,3.1278,2.1123,2.4163,4.4862,1.4697,1.7079,3.2066,0.83009,1.9473,2.7512,3.1787,2.8389,6.0057,2.0423,1.8097,3.5226,0.99868,2.7346,2.8987,1.8439,2.5981,4.0549,0.66799,1.9313,2.8061,1.0584,2.4221,3.112,1.9245,1.9289,4.5336,1.7213,1.6345,3.8944,0.52259,2.2044,3.7595,1.1807,2.5449,3.7519,0.92073,2.1262,3.1784,2.6573,2.3521,4.4327,2.136,2.224,4.7741,1.5043,1.6717,3.9438,1.9052,1.9282,4.5136,1.5266,2.2269,3.2607,0.75479,2.1454,3.0857,2.4389,2.412,4.3778,1.8881,2.5823,4.7613,1.8619,2.6077,4.7281,2.6477,2.3652,4.4419,1.2783,2.5455,3.8856,1.7352,2.2476,4.3515,1.8417,2.9916,3.7671,0.60071,2.4683,2.5625,1.5391,2.0948,4.6574,1.9812,3.009,3.9158,0.31457,2.4061,3.322,1.6607,1.5716,4.0714,0.68826,2.0498,3.0567,2.2474,2.2495,4.6562,0.77089,2.5548,3.1794,0.93133,2.1314,3.174,0.042559,2.8908,1.8727,2.0221,1.9999,4.6388,2.6177,2.3741,4.4219,2.5654,2.2843,5.0746,1.9883,2.7147,4.2791,1.0845,1.7635,4.0086,4.6764,2.9009,0.55283,0.84371,2.119,3.0109,1.3082,2.0773,4.3215,1.0409,2.0932,3.4769,2.1405,2.6896,4.3768,1.7288,1.5316,4.1245,1.2139,2.5296,3.1314,0.78264,2.4518,3.7613,2.0715,1.876,3.6866,1.5472,2.4469,3.43,1.6024,2.5482,3.607,1.6217,1.5962,4.2464,1.943,2.7137,4.3971,1.9945,2.709,4.4614,3.4032,2.7733,6.156,1.726,1.536,4.1252,1.7411,1.993,3.4499,2.0267,2.9148,4.8349,1.2102,2.5349,3.1583,2.6055,2.4389,4.945,1.0744,2.5961,4.0638,1.5592,2.438,3.4485,1.1523,1.8254,4.0818,1.6724,1.5662,4.0649,1.7242,1.996,3.4252,0.28327,2.932,3.3377,2.9017,2.3067,4.6254,1.3073,1.9435,4.2132,1.3256,2.6305,3.4597,1.4379,2.4515,3.34,1.8647,1.921,3.6649,1.9446,2.4091,4.0114,1.0632,2.2841,3.1686,2.5393,2.0027,5.1336,1.2786,2.6309,3.394,1.4099,2.4744,3.3082,0.33054,2.9349,3.3781,0.65266,1.8276,2.8485,1.6742,1.9928,4.4827,1.4608,1.7982,4.145,5.4507,2.8871,1.7649,0.82315,2.1027,2.8144,1.0611,2.6242,4.0749,2.2244,2.521,3.617,2.5894,2.4301,4.9264,2.8291,2.6832,4.5396,2.1248,2.5065,4.4822,2.3506,2.1214,4.2221,0.76688,2.0295,3.3175,0.39658,2.4553,2.9543,0.58622,2.1403,3.7022,2.3798,2.457,4.4581,0.81894,2.4505,2.9218,1.2488,1.5957,4.2846,1.685,2.026,3.4299,6.1607,2.6815,1.9122,3.3059,2.9294,0.025498,0.8215,2.42,2.9751,1.6674,1.634,4.074,1.4998,1.8846,3.176,0.76987,2.4448,2.8991,2.1615,2.3469,4.9059,1.1837,2.5632,3.1269,1.0082,1.9614,3.5043,0.48709,1.9761,3.2797,1.7162,2.0227,3.4204,2.3835,2.1108,4.2189,2.1772,2.1527,4.999,1.2737,1.7031,3.8242,0.69205,1.9805,2.7721,2.1812,2.1602,5.0135,2.3449,2.2159,4.5091,1.5735,2.3819,3.9665,4.366,2.9368,0.29277,1.955,2.3819,4.0084,0.82513,1.9567,4.1179,1.2447,2.601,4.258,3.6522,2.8319,6.2169,1.5373,1.6282,3.2938,0.26618,2.3002,3.3392,5.0797,2.9412,1.025,0.6218,2.7661,3.3293,1.3283,2.5273,3.0207,2.1479,2.1204,4.9476,1.4808,2.0631,4.38,1.5273,1.6311,3.2999,1.4047,2.9195,3.3839,0.51683,2.4337,2.8098,0.88174,2.4544,2.9932,0.22689,2.6121,3.3358,1.6286,2.284,4.151,0.52441,2.4354,2.7882,1.0264,2.2357,3.6154,1.3919,1.7881,4.2873,0.31065,2.3225,3.3712,1.526,1.6079,3.2942,0.51116,2.4344,2.8087,3.2325,2.8654,6.165,1.9629,2.5775,4.0103,2.0108,2.1951,4.6288,2.5001,2.7717,5.121,1.9023,1.9361,3.8772,1.2915,1.7737,3.7044,2.1737,2.1386,4.9888,1.3852,2.6425,3.9661,1.1101,3.0698,2.9453,4.746,2.9503,0.4544,1.3318,2.7023,4.4044,1.9074,1.934,3.8798,1.2889,2.641,2.9162,0.52239,2.7551,3.1395,0.98192,2.9,4.1705,0.68915,2.5274,2.6767,0.68187,1.9768,2.9443,0.53626,2.4094,3.3919,1.5592,2.1772,4.2743,1.3832,2.7091,4.439,0.57884,1.9781,3.0436,1.9899,1.8664,3.8088,1.1902,1.8132,3.6707,2.3177,2.6878,4.7931,1.3663,1.5973,4.1408,1.3665,2.1573,3.16,0.61675,1.9902,3.0512,0.49489,2.4396,2.6162,1.6316,2.3018,4.1581,2.341,2.6811,4.8414,0.59792,1.9944,3.0279,1.5701,1.6966,3.338,0.4125,3.0539,2.3065,0.64622,2.528,2.6492,2.9837,2.7487,5.9782,0.018123,2.8765,2.6858,4.68,2.9629,0.38659,2.2867,2.3623,3.6483,1.1821,3.0524,3.9903,1.3655,2.3312,3.5006,0.98699,3.0637,3.7956,2.3369,2.2249,3.7557,1.1889,1.8001,3.668,2.4336,2.3499,4.5778,2.5342,2.6651,4.0413,1.3007,2.6725,4.3587,1.8996,1.8903,3.8555,1.1876,2.7252,3.7101,2.3656,2.4515,4.9677,1.6177,2.5823,3.3857,2.1646,2.2065,4.1114,0.77906,1.9101,3.3557,2.2827,2.401,3.6909,2.2983,2.3923,3.6812,2.2099,1.9419,4.9478,2.621,2.2785,4.7842,2.3438,2.2314,3.7697,1.3727,1.5804,3.8614,2.3544,2.6946,4.8498,1.8985,1.9035,3.8643,0.77583,2.125,4.0215,1.6015,1.7853,4.2502,2.3469,2.6882,4.8485,1.4494,2.3824,3.2633,6.006,2.8975,2.2987,1.8473,1.7863,3.5006,1.9101,2.9736,4.2159,2.062,1.949,4.8089,1.1461,2.5717,4.3151,1.9068,2.1346,4.856,1.613,1.7447,3.9625,1.6053,2.0085,3.3556,1.0749,2.7161,3.6221,0.97515,2.7987,3.8582,1.4218,2.4292,3.8664,1.1558,2.7432,3.6701,1.8281,1.7218,4.0796,0.92291,2.455,2.7923,1.926,2.0806,4.4017,0.16098,2.7801,2.9216,1.0763,1.9438,4.2716,0.97349,2.3135,3.0567,1.6495,2.3876,4.585,0.9756,2.0533,2.8626,0.73382,1.9774,2.7436,1.6061,1.7418,3.9667,0.93477,2.451,2.8074,1.3688,1.576,3.8401,2.7344,2.5779,4.5967,1.0837,2.1477,3.6188,1.1489,2.7651,3.6753,1.9761,1.9767,4.4791,1.0673,1.9523,4.2621,1.8581,1.6669,3.4555,1.6618,2.5062,3.9972,2.1252,2.5429,4.9055,2.1401,2.3834,3.6939,1.1941,3.0594,3.4191,1.4497,1.4629,4.2204,0.65577,2.9916,3.6585,1.6178,1.7169,4.2176,0.73734,1.9888,2.7378,0.70356,2.1944,3.9534,2.6742,2.5968,4.5256,1.9995,2.1113,3.4164,1.3973,2.8858,3.542,1.0788,2.216,3.617,2.5392,2.0125,4.4893,1.4839,1.7293,4.4207,1.5867,2.5839,3.5858,2.0575,2.3172,4.087,2.6755,2.3575,4.9672,0.48066,2.5244,3.0007
213.42,0.095771,103.28,18.683,0.086994,313.19,1.4683,1.8159,4.1223,1.2664,2.243,4.2374,1.1794,1.9551,4.2577,2.4545,2.6347,4.2774,0.85802,2.0365,4.2615,1.5153,2.557,3.8955,3.2039,2.8328,6.0588,1.1616,1.9583,4.2427,1.744,1.6533,4.2276,1.3034,2.2313,4.2836,0.84018,2.0642,4.2169,2.9705,2.8313,4.5666,5.5604,2.7228,1.2986,1.3355,2.7336,3.7245,0.90813,2.1469,3.0042,2.5336,2.1286,4.5624,1.473,1.6505,3.9315,0.62888,2.6216,3.805,2.0281,1.7766,3.5044,1.1089,2.3987,3.1898,0.16342,2.2959,3.4224,1.7641,1.6827,3.4109,1.9186,2.7496,4.1843,1.7903,1.7274,3.4125,1.4464,1.6245,3.9569,0.37459,2.1802,3.121,2.1193,2.4205,4.4951,1.4692,1.7116,3.2074,0.83031,1.9524,2.7513,3.1984,2.838,6.0272,2.0479,1.8137,3.5298,0.99575,2.7366,2.8987,1.8476,2.6,4.0615,0.67142,1.9366,2.8076,1.0564,2.4197,3.1167,1.9275,1.9297,4.5379,1.725,1.6302,3.8959,0.52503,2.2044,3.7622,1.1817,2.5544,3.7523,0.91221,2.1317,3.1696,2.6701,2.3568,4.4482,2.1425,2.2322,4.7848,1.5072,1.6724,3.9466,1.9077,1.9298,4.5161,1.5315,2.2317,3.2603,0.74684,2.1517,3.0744,2.4413,2.4158,4.3844,1.8844,2.5807,4.7489,1.8554,2.6087,4.7129,2.6626,2.3721,4.4626,1.2775,2.5508,3.8796,1.7412,2.2497,4.3573,1.8294,2.9839,3.753,0.60964,2.4685,2.5706,1.5377,2.1002,4.6591,1.9752,3.0022,3.9088,0.30757,2.4082,3.3118,1.6607,1.5678,4.0701,0.68598,2.0516,3.0529,2.2466,2.2495,4.6553,0.78111,2.5473,3.1953,0.92359,2.137,3.1638,0.034222,2.8905,1.8632,2.0257,2.0015,4.6442,2.6282,2.3821,4.4392,2.5595,2.2763,5.0625,1.9777,2.7032,4.2676,1.0846,1.7545,4.0149,4.685,2.8913,0.56369,0.83996,2.1187,3.0079,1.3086,2.0748,4.3266,1.0393,2.094,3.4752,2.1262,2.6824,4.3596,1.7319,1.5249,4.1208,1.2191,2.5266,3.1359,0.78557,2.4535,3.7604,2.073,1.8714,3.6821,1.5418,2.4476,3.4264,1.5988,2.5482,3.6105,1.6166,1.5902,4.2458,1.9292,2.7023,4.3807,1.9841,2.6971,4.45,3.4067,2.7723,6.1586,1.7285,1.5306,4.1219,1.7446,1.9916,3.4498,2.0198,2.912,4.829,1.2155,2.5327,3.1655,2.6026,2.4382,4.9409,1.0784,2.595,4.0634,1.5556,2.438,3.4473,1.1488,1.8241,4.0823,1.6735,1.5608,4.0633,1.7262,1.9949,3.4232,0.28454,2.9307,3.3395,2.9039,2.3071,4.6297,1.3062,1.9428,4.2142,1.3332,2.6235,3.4727,1.4359,2.4508,3.3402,1.8669,1.9143,3.6593,1.9442,2.4149,4.0133,1.0604,2.2838,3.1673,2.5397,1.9988,5.133,1.2845,2.6251,3.4048,1.4059,2.4752,3.3059,0.33394,2.9337,3.3816,0.65037,1.8291,2.8431,1.6715,1.9901,4.4875,1.4596,1.7926,4.1477,5.4442,2.886,1.7586,0.8233,2.1016,2.8167,1.064,2.6257,4.0758,2.2291,2.5208,3.6166,2.5847,2.4286,4.9203,2.8313,2.6812,4.5409,2.1223,2.5048,4.4786,2.3506,2.1233,4.2248,0.76645,2.0332,3.3144,0.40292,2.4536,2.9612,0.58439,2.1398,3.7015,2.3794,2.4537,4.4606,0.82476,2.4493,2.9277,1.2482,1.5965,4.2842,1.6835,2.0272,3.4283,6.1513,2.6805,1.9022,3.3107,2.9285,0.031078,0.82631,2.4165,2.9836,1.6677,1.6336,4.0729,1.5,1.8858,3.1754,0.77169,2.4432,2.9026,2.1608,2.3465,4.9017,1.1869,2.5629,3.1317,1.0086,1.9609,3.5046,0.48338,1.976,3.2818,1.7173,2.0233,3.4179,2.3831,2.1134,4.2207,2.1798,2.1522,5.0003,1.2723,1.6996,3.8261,0.69287,1.9807,2.7735,2.184,2.1604,5.0156,2.347,2.2182,4.5128,1.5738,2.3878,3.9667,4.3743,2.9318,0.30093,1.955,2.3853,4.0094,0.82403,1.9565,4.1175,1.2506,2.6031,4.262,3.661,2.8305,6.2261,1.5376,1.6289,3.2943,0.2619,2.3002,3.3343,5.077,2.9372,1.023,0.62596,2.7645,3.3341,1.3326,2.5285,3.024,2.149,2.118,4.9459,1.4809,2.0604,4.3822,1.5274,1.6313,3.3008,1.4072,2.9186,3.3861,0.52185,2.4325,2.8167,0.87948,2.454,2.9937,0.22675,2.6117,3.335,1.6299,2.2858,4.1531,0.52979,2.4346,2.7935,1.0244,2.2408,3.6117,1.3917,1.7867,4.2866,0.30968,2.3239,3.3691,1.5258,1.607,3.2947,0.51564,2.4333,2.8152,3.2482,2.8646,6.1817,1.9595,2.5759,4.0086,2.0138,2.1958,4.6317,2.4882,2.771,5.1074,1.903,1.9333,3.8751,1.2912,1.7707,3.7057,2.1757,2.1372,4.9892,1.3844,2.6415,3.9636,1.1083,3.069,2.943,4.7498,2.9476,0.45744,1.3372,2.7031,4.4097,1.9077,1.9325,3.8797,1.2917,2.6413,2.9197,0.53296,2.7535,3.1518,0.98651,2.8998,4.175,0.69773,2.528,2.6838,0.68106,1.9796,2.9417,0.53589,2.4097,3.3901,1.5585,2.1764,4.2775,1.3915,2.7103,4.4459,0.57524,1.9797,3.0388,1.9905,1.8644,3.8085,1.1899,1.8109,3.6724,2.3089,2.685,4.7814,1.3653,1.6016,4.1384,1.3645,2.1571,3.1591,0.61548,1.993,3.0471,0.497,2.439,2.6194,1.6334,2.3054,4.1603,2.3331,2.6779,4.8317,0.59501,1.9973,3.0217,1.5705,1.6956,3.3387,0.40341,3.0548,2.296,0.65042,2.5287,2.653,2.989,2.7486,5.9845,0.026643,2.8772,2.6955,4.6811,2.9607,0.38698,2.2835,2.3588,3.6417,1.1962,3.0497,4.0059,1.3603,2.336,3.4962,0.99567,3.0624,3.8061,2.3351,2.2241,3.7524,1.1886,1.7969,3.6697,2.434,2.3506,4.5787,2.5306,2.6671,4.0418,1.3033,2.6719,4.3599,1.9,1.8851,3.8523,1.1908,2.7208,3.713,2.3604,2.4492,4.9595,1.6185,2.5795,3.3917,2.1644,2.2079,4.1123,0.77833,1.9108,3.3543,2.2786,2.4004,3.6871,2.2952,2.3911,3.6766,2.2117,1.9447,4.9506,2.6194,2.2777,4.7835,2.3425,2.2311,3.7673,1.3722,1.58,3.8635,2.3479,2.6928,4.8416,1.899,1.8997,3.8617,0.77571,2.1238,4.0254,1.6015,1.7823,4.2497,2.3401,2.6858,4.8402,1.4496,2.3821,3.2634,6.0113,2.8985,2.305,1.8467,1.7854,3.5021,1.9061,2.9703,4.2107,2.0653,1.9489,4.8124,1.1488,2.5712,4.3177,1.9083,2.1338,4.8556,1.6131,1.7411,3.9622,1.6054,2.0087,3.3536,1.078,2.7126,3.625,0.97814,2.797,3.8599,1.4245,2.4314,3.868,1.1575,2.7399,3.6711,1.8274,1.7171,4.0789,0.92358,2.4547,2.7934,1.9272,2.0816,4.4029,0.16637,2.7789,2.9266,1.0757,1.9429,4.2723,0.97491,2.3122,3.0594,1.6507,2.3873,4.5851,0.97519,2.0514,2.864,0.7333,1.9761,2.7438,1.6056,1.7381,3.9666,0.93604,2.4504,2.8095,1.3681,1.5752,3.8404,2.7327,2.5774,4.5951,1.0836,2.1485,3.6181,1.1505,2.763,3.6769,1.9762,1.9762,4.4793,1.0664,1.9517,4.2623,1.8584,1.6678,3.4558,1.6617,2.5076,3.9971,2.1259,2.5421,4.9043,2.1391,2.3837,3.6929,1.1948,3.0586,3.4196,1.45,1.4627,4.2196,0.65722,2.9912,3.6605,1.6175,1.7146,4.2168,0.73697,1.9882,2.7377,0.70437,2.1945,3.954,2.6733,2.5963,4.5249,2.0001,2.1103,3.4151,1.3982,2.8835,3.5424,1.0785,2.2177,3.6157,2.5397,2.0134,4.4907,1.4833,1.7289,4.4207,1.5856,2.5833,3.5862,2.0573,2.3189,4.088,2.6737,2.3565,4.9647,0.48295,2.5241,3.0035
213.42,0.095771,103.28,18.683,0.093686,313.61,1.464,1.8122,4.1194,1.2666,2.2441,4.2398,1.1747,1.9522,4.258,2.4516,2.6325,4.2769,0.85762,2.0357,4.2637,1.515,2.5623,3.8954,3.222,2.8309,6.0805,1.1559,1.955,4.2436,1.744,1.6478,4.2255,1.3056,2.2319,4.289,0.8391,2.0652,4.2175,2.9763,2.8307,4.5714,5.5482,2.717,1.2849,1.3413,2.7258,3.7308,0.90335,2.1472,3.0014,2.5398,2.1357,4.5746,1.473,1.6499,3.9338,0.62502,2.6268,3.7959,2.03,1.7781,3.5072,1.1066,2.3965,3.1947,0.15302,2.2964,3.4087,1.762,1.6824,3.4132,1.9048,2.7425,4.1673,1.7907,1.7306,3.4143,1.4452,1.6208,3.9598,0.37307,2.1838,3.1142,2.1263,2.4246,4.5041,1.4686,1.7155,3.2083,0.83042,1.9573,2.7515,3.219,2.8369,6.0498,2.054,1.8177,3.5376,0.99275,2.7388,2.8985,1.8517,2.6021,4.0686,0.67486,1.9418,2.8093,1.0541,2.4173,3.1214,1.9307,1.9305,4.5424,1.7288,1.626,3.8977,0.52789,2.2043,3.7652,1.1832,2.5638,3.7534,0.90355,2.137,3.1606,2.6834,2.3617,4.4641,2.1493,2.2408,4.7961,1.5101,1.6732,3.9493,1.9104,1.9316,4.5188,1.5365,2.2366,3.2597,0.73883,2.158,3.0632,2.4435,2.4196,4.3908,1.881,2.5791,4.7363,1.8489,2.6098,4.6974,2.6781,2.3787,4.4843,1.2765,2.5558,3.8734,1.7477,2.2517,4.3632,1.8178,2.9757,3.74,0.6186,2.4687,2.5788,1.5363,2.106,4.6603,1.9695,2.9951,3.902,0.30109,2.4105,3.3022,1.6607,1.5641,4.0688,0.68377,2.0534,3.0494,2.2455,2.2493,4.6541,0.79094,2.5395,3.2111,0.91645,2.142,3.1544,0.025966,2.8901,1.8536,2.0295,2.0033,4.6499,2.6388,2.3896,4.4567,2.5559,2.2692,5.0515,1.9676,2.6913,4.2567,1.0845,1.7453,4.0213,4.6917,2.8829,0.57273,0.83712,2.1183,3.0062,1.3092,2.0724,4.3317,1.0376,2.0949,3.4733,2.1122,2.6751,4.3427,1.7351,1.5178,4.1169,1.2242,2.5236,3.1403,0.78853,2.4552,3.7597,2.0747,1.8668,3.6776,1.5363,2.4481,3.423,1.5959,2.5479,3.6149,1.6113,1.5849,4.2453,1.9158,2.6907,4.3649,1.9742,2.685,4.439,3.4101,2.7713,6.161,1.7309,1.525,4.1186,1.748,1.9902,3.4497,2.0134,2.9092,4.8237,1.2207,2.5305,3.1726,2.5996,2.4376,4.9369,1.0822,2.5939,4.0632,1.552,2.438,3.4462,1.1455,1.8227,4.0829,1.6746,1.5556,4.0615,1.7283,1.9937,3.4213,0.28609,2.9291,3.3417,2.9058,2.3076,4.6337,1.3051,1.9421,4.2153,1.3403,2.6169,3.485,1.434,2.4501,3.3404,1.8691,1.9078,3.6537,1.9438,2.4202,4.0152,1.0576,2.2835,3.166,2.5402,1.9951,5.1325,1.29,2.6195,3.415,1.402,2.4758,3.3037,0.3374,2.9325,3.3851,0.64815,1.8307,2.8378,1.6688,1.9877,4.4918,1.4584,1.7875,4.1503,5.4381,2.885,1.7527,0.82344,2.1005,2.8189,1.0668,2.6271,4.0767,2.2335,2.5206,3.616,2.58,2.4269,4.9143,2.8334,2.6791,4.5422,2.1199,2.5032,4.4752,2.3506,2.1252,4.2276,0.76597,2.0368,3.3114,0.40914,2.4518,2.968,0.5826,2.1392,3.7009,2.3789,2.4506,4.4631,0.8304,2.448,2.9335,1.2475,1.5974,4.2839,1.6818,2.0283,3.4266,6.1422,2.6794,1.8925,3.3151,2.9276,0.036202,0.83073,2.4132,2.9916,1.6682,1.6332,4.0717,1.5002,1.887,3.1749,0.77338,2.4417,2.9057,2.16,2.3459,4.8976,1.19,2.5626,3.1364,1.0089,1.9605,3.5051,0.47976,1.9759,3.2838,1.7183,2.0238,3.4154,2.3826,2.1157,4.2225,2.1821,2.1518,5.0014,1.2709,1.6962,3.8278,0.69368,1.981,2.7747,2.1868,2.1604,5.0176,2.349,2.2204,4.5165,1.5743,2.3931,3.9669,4.3819,2.9269,0.30856,1.955,2.3886,4.0104,0.82299,1.9563,4.1169,1.2564,2.6051,4.2659,3.6694,2.8289,6.235,1.5381,1.6295,3.2948,0.25781,2.3001,3.3296,5.0746,2.9333,1.0214,0.62987,2.763,3.3387,1.3366,2.5295,3.0271,2.1501,2.1157,4.9442,1.481,2.0576,4.3842,1.5275,1.6315,3.3017,1.4095,2.9176,3.3881,0.52668,2.4313,2.8234,0.87744,2.4537,2.9942,0.22656,2.6112,3.3342,1.6311,2.2875,4.155,0.5349,2.4338,2.7986,1.0224,2.2457,3.6081,1.3916,1.7854,4.286,0.3088,2.3253,3.3673,1.5256,1.6061,3.2953,0.51989,2.4322,2.8214,3.2627,2.8637,6.1973,1.9562,2.5744,4.007,2.0168,2.1965,4.6345,2.4765,2.7704,5.0942,1.9035,1.9305,3.8731,1.2909,1.7679,3.7069,2.1776,2.1358,4.9894,1.3838,2.6405,3.9614,1.1064,3.0683,2.9408,4.7534,2.9449,0.4603,1.3425,2.7038,4.4149,1.9079,1.9311,3.8796,1.2943,2.6417,2.9229,0.54281,2.752,3.1633,0.99103,2.8996,4.1794,0.70591,2.5285,2.6905,0.68036,1.9822,2.9393,0.53559,2.41,3.3884,1.558,2.1755,4.2806,1.3993,2.7113,4.4525,0.57186,1.9811,3.0342,1.9909,1.8625,3.8081,1.1897,1.8088,3.6741,2.3009,2.6825,4.7707,1.3644,1.6056,4.1362,1.3626,2.1568,3.1582,0.61429,1.9957,3.0433,0.49898,2.4384,2.6224,1.6353,2.3089,4.1625,2.3257,2.6748,4.8225,0.59224,2.0,3.0159,1.5707,1.6947,3.3394,0.3946,3.0555,2.286,0.65428,2.5294,2.6563,2.9941,2.7485,5.9904,0.034709,2.8777,2.7048,4.6823,2.9587,0.3875,2.2805,2.3554,3.6356,1.2086,3.047,4.0201,1.3554,2.3405,3.4921,1.0037,3.0612,3.816,2.3335,2.2235,3.7493,1.1884,1.7939,3.6713,2.4343,2.3513,4.5796,2.5272,2.669,4.0423,1.3058,2.6714,4.361,1.9005,1.8801,3.8494,1.1937,2.7167,3.7157,2.3556,2.4468,4.9517,1.6192,2.5767,3.3973,2.1643,2.2095,4.1132,0.77763,1.9115,3.3531,2.2748,2.3999,3.6836,2.2923,2.39,3.6723,2.2136,1.9472,4.9531,2.6179,2.277,4.7828,2.3412,2.231,3.7652,1.3719,1.5796,3.8654,2.3419,2.6911,4.8339,1.8996,1.8962,3.8592,0.7756,2.1227,4.0291,1.6015,1.7794,4.2491,2.3337,2.6836,4.8325,1.4498,2.3819,3.2634,6.0163,2.8995,2.3109,1.8463,1.7846,3.5035,1.9023,2.9672,4.2058,2.0683,1.9489,4.8156,1.1513,2.5708,4.3201,1.9096,2.133,4.8551,1.6131,1.7377,3.962,1.6055,2.0089,3.3516,1.0808,2.7092,3.6277,0.98086,2.7953,3.8616,1.427,2.4335,3.8694,1.1591,2.7368,3.6719,1.8267,1.7126,4.0781,0.92424,2.4545,2.7944,1.9283,2.0825,4.4041,0.1714,2.7777,2.9313,1.0751,1.9419,4.2729,0.9762,2.311,3.0618,1.6519,2.3871,4.5852,0.97478,2.0497,2.8652,0.73282,1.975,2.7439,1.6053,1.7348,3.9665,0.93721,2.4499,2.8115,1.3674,1.5745,3.8407,2.7312,2.5768,4.5936,1.0835,2.1494,3.6175,1.1521,2.761,3.6783,1.9762,1.9756,4.4796,1.0654,1.9511,4.2625,1.8587,1.6685,3.4563,1.6617,2.5088,3.997,2.1266,2.5415,4.9032,2.1382,2.3839,3.6919,1.1957,3.0578,3.42,1.4502,1.4625,4.2189,0.65846,2.9907,3.6623,1.6173,1.7126,4.216,0.73663,1.9876,2.7376,0.70514,2.1946,3.9544,2.6725,2.596,4.5242,2.0006,2.1093,3.4139,1.3991,2.8813,3.5428,1.0782,2.2193,3.6145,2.5403,2.0143,4.492,1.4829,1.7286,4.4207,1.5845,2.5828,3.5868,2.0571,2.3206,4.089,2.6718,2.3556,4.9624,0.48508,2.5236,3.006
213.42,0.095771,103.28,18.683,0.10038,313.43,1.4595,1.8082,4.1168,1.267,2.2452,4.2422,1.17,1.9494,4.2581,2.4489,2.6303,4.2766,0.85713,2.0352,4.2656,1.5147,2.5675,3.8953,3.2405,2.8289,6.1025,1.1502,1.9517,4.2444,1.744,1.6423,4.2234,1.3078,2.2326,4.2946,0.83801,2.0665,4.2182,2.9816,2.8303,4.576,5.5356,2.7109,1.2707,1.3466,2.7187,3.7368,0.8984,2.1475,2.9983,2.5464,2.143,4.5874,1.4728,1.6497,3.9361,0.62069,2.6325,3.7858,2.0319,1.7796,3.51,1.1034,2.3946,3.1988,0.14201,2.297,3.3941,1.7599,1.6821,3.4156,1.892,2.7358,4.1514,1.7912,1.7337,3.4161,1.4439,1.617,3.9625,0.3715,2.1875,3.1072,2.1336,2.4288,4.5133,1.4681,1.7198,3.2093,0.83039,1.9621,2.7518,3.2411,2.8355,6.074,2.0609,1.8219,3.5464,0.98947,2.7411,2.898,1.8563,2.6045,4.0761,0.67832,1.947,2.8111,1.0514,2.4149,3.1259,1.9342,1.9313,4.5473,1.7326,1.6218,3.8996,0.53122,2.2042,3.7687,1.1852,2.573,3.755,0.89452,2.1425,3.1514,2.6976,2.3667,4.4808,2.1566,2.2499,4.8081,1.5132,1.6739,3.9519,1.9135,1.9335,4.5216,1.5421,2.2419,3.2592,0.7307,2.1641,3.052,2.4456,2.4234,4.3972,1.8777,2.5775,4.7233,1.8424,2.6108,4.6813,2.6951,2.3854,4.5079,1.2753,2.5606,3.8665,1.7546,2.2538,4.3693,1.8068,2.9671,3.7275,0.62775,2.4688,2.5872,1.5343,2.1123,4.6609,1.9637,2.9874,3.8953,0.29408,2.4131,3.2917,1.6607,1.5604,4.0675,0.68161,2.0548,3.0459,2.244,2.249,4.6523,0.8004,2.531,3.2273,0.90958,2.1465,3.1455,0.017773,2.8897,1.8443,2.0337,2.005,4.6558,2.6497,2.3969,4.4748,2.5529,2.2617,5.0405,1.9578,2.6789,4.2461,1.0842,1.7352,4.0281,4.6982,2.8763,0.58191,0.83533,2.1178,3.0058,1.3098,2.0698,4.3369,1.0359,2.0959,3.4715,2.098,2.6673,4.3255,1.7383,1.5102,4.1127,1.2292,2.5206,3.1446,0.79158,2.4567,3.759,2.0762,1.862,3.6731,1.5308,2.4484,3.4197,1.5935,2.5467,3.62,1.6052,1.5797,4.2452,1.9025,2.6785,4.3488,1.9641,2.6722,4.4276,3.4132,2.7704,6.1631,1.7333,1.5195,4.115,1.7515,1.9887,3.4495,2.0069,2.906,4.8184,1.2258,2.5282,3.1795,2.5968,2.4369,4.9328,1.0862,2.5927,4.0632,1.5483,2.4378,3.4453,1.1422,1.8209,4.0838,1.6757,1.5503,4.0597,1.7302,1.9926,3.4194,0.28801,2.9278,3.3442,2.9075,2.3079,4.6374,1.304,1.9413,4.2164,1.3474,2.6102,3.4973,1.4323,2.4495,3.3407,1.8713,1.901,3.6482,1.9434,2.4254,4.017,1.0551,2.2831,3.1649,2.5407,1.9916,5.1321,1.2952,2.6141,3.4249,1.3982,2.4762,3.3017,0.34097,2.9312,3.3887,0.64601,1.8321,2.8328,1.6662,1.9856,4.4959,1.4571,1.7826,4.1528,5.4324,2.884,1.7471,0.82361,2.0995,2.821,1.0695,2.6285,4.0778,2.2375,2.5204,3.6158,2.5754,2.4252,4.9084,2.8353,2.6772,4.5432,2.1178,2.5017,4.472,2.3505,2.1269,4.23,0.76543,2.0401,3.3086,0.4152,2.4501,2.9747,0.5808,2.1386,3.7003,2.3785,2.448,4.4654,0.83578,2.4468,2.939,1.2469,1.5981,4.2837,1.6802,2.0291,3.425,6.1337,2.6783,1.8835,3.3186,2.9268,0.040285,0.83465,2.4103,2.9989,1.6685,1.6328,4.0707,1.5003,1.888,3.1744,0.77499,2.4403,2.9088,2.1593,2.3454,4.8937,1.1929,2.5623,3.1411,1.0093,1.96,3.5055,0.47645,1.9758,3.2855,1.7192,2.0241,3.4131,2.3822,2.1179,4.2242,2.1841,2.1513,5.0023,1.2697,1.6932,3.8294,0.69447,1.9812,2.776,2.1892,2.1604,5.0194,2.3508,2.2223,4.5198,1.5746,2.398,3.967,4.3889,2.9223,0.31559,1.955,2.3916,4.0114,0.82201,1.9561,4.1165,1.2619,2.6069,4.2697,3.6771,2.8277,6.2432,1.5384,1.63,3.2953,0.254,2.3001,3.3251,5.0726,2.9295,1.0202,0.63353,2.7615,3.343,1.3404,2.5304,3.0299,2.1512,2.1136,4.9428,1.481,2.0552,4.386,1.5276,1.6317,3.3025,1.4118,2.9167,3.3901,0.5311,2.4303,2.8296,0.87563,2.4533,2.9948,0.22625,2.6108,3.3334,1.6322,2.2889,4.1568,0.53951,2.4332,2.8033,1.0205,2.2503,3.6047,1.3914,1.7841,4.2854,0.30801,2.3265,3.3659,1.5254,1.6052,3.2958,0.52373,2.4313,2.827,3.2758,2.8629,6.2113,1.9532,2.5731,4.0056,2.0194,2.197,4.6369,2.4654,2.7697,5.0816,1.904,1.9279,3.8712,1.2907,1.7653,3.7081,2.1794,2.1344,4.9896,1.3832,2.6397,3.9595,1.1047,3.0677,2.9388,4.7568,2.9425,0.46296,1.3474,2.7044,4.4197,1.9081,1.9298,3.8795,1.2966,2.642,2.9259,0.55176,2.7505,3.1738,0.99535,2.8993,4.1838,0.71347,2.529,2.6967,0.67976,1.9845,2.9373,0.53535,2.4102,3.387,1.5574,2.1745,4.2833,1.4065,2.7123,4.4584,0.56879,1.9823,3.0301,1.9913,1.8607,3.8078,1.1895,1.8069,3.6756,2.2938,2.6802,4.7611,1.3634,1.6093,4.1341,1.3608,2.1565,3.1574,0.61319,1.998,3.0398,0.50078,2.4378,2.625,1.637,2.3121,4.1644,2.3189,2.672,4.8142,0.58968,2.0023,3.0106,1.571,1.6939,3.34,0.3863,3.0562,2.2765,0.65773,2.53,2.6594,2.9989,2.7484,5.9958,0.042033,2.8781,2.7131,4.6835,2.9568,0.38811,2.2779,2.3525,3.6301,1.2194,3.0446,4.0323,1.3508,2.3446,3.4883,1.0109,3.0601,3.8246,2.3321,2.2229,3.7465,1.1881,1.7912,3.6727,2.4345,2.3519,4.5803,2.5239,2.6706,4.0426,1.3079,2.671,4.3619,1.9009,1.8754,3.8467,1.1963,2.7129,3.718,2.3511,2.4448,4.9447,1.6198,2.5743,3.4025,2.1642,2.2108,4.1139,0.77698,1.9121,3.3518,2.2713,2.3995,3.6803,2.2897,2.389,3.6683,2.2153,1.9494,4.9552,2.6166,2.2763,4.7822,2.34,2.2309,3.7633,1.3715,1.5793,3.8671,2.3365,2.6896,4.827,1.9,1.8929,3.857,0.77552,2.1216,4.0325,1.6015,1.7769,4.2487,2.328,2.6816,4.8255,1.45,2.3817,3.2635,6.0209,2.9003,2.3163,1.8459,1.7839,3.5048,1.899,2.9644,4.2014,2.0712,1.9488,4.8184,1.1536,2.5705,4.3222,1.9108,2.1324,4.8548,1.6132,1.7346,3.9618,1.6056,2.009,3.3499,1.0832,2.7064,3.63,0.98325,2.7937,3.863,1.4292,2.4353,3.8706,1.1604,2.7341,3.6726,1.8261,1.7085,4.0775,0.92483,2.4542,2.7954,1.9293,2.0833,4.4051,0.17598,2.7767,2.9356,1.0746,1.9412,4.2735,0.97734,2.31,3.064,1.6529,2.3869,4.5853,0.97439,2.0481,2.8662,0.73239,1.974,2.744,1.605,1.7317,3.9664,0.93828,2.4495,2.8132,1.3668,1.5738,3.8409,2.73,2.5763,4.5923,1.0834,2.1501,3.617,1.1535,2.7592,3.6795,1.9762,1.9752,4.4798,1.0646,1.9506,4.2627,1.859,1.6692,3.4566,1.6617,2.5099,3.9968,2.1272,2.5409,4.9023,2.1374,2.3841,3.691,1.1964,3.0571,3.4204,1.4504,1.4623,4.2182,0.6595,2.9903,3.6636,1.6171,1.7107,4.2154,0.73632,1.987,2.7375,0.70583,2.1947,3.9548,2.6717,2.5956,4.5237,2.0011,2.1085,3.4128,1.3999,2.8794,3.5432,1.0779,2.2207,3.6133,2.5408,2.015,4.4932,1.4825,1.7282,4.4207,1.5836,2.5823,3.5873,2.057,2.322,4.0899,2.6703,2.3549,4.9604,0.48701,2.5233,3.0083
213.42,0.095771,103.28,18.683,0.10707,312.71,1.455,1.8039,4.1142,1.2676,2.2462,4.245,1.1653,1.9466,4.2579,2.4462,2.6279,4.2764,0.85657,2.035,4.2671,1.5143,2.5728,3.895,3.2592,2.8265,6.125,1.1441,1.9482,4.2451,1.7441,1.6369,4.2212,1.3103,2.2335,4.3002,0.8369,2.0679,4.2189,2.9864,2.8297,4.5801,5.5228,2.7044,1.2563,1.3517,2.7121,3.7424,0.89331,2.1479,2.9949,2.5535,2.1506,4.6009,1.4726,1.6498,3.9386,0.61596,2.6386,3.7748,2.0336,1.7811,3.5128,1.0993,2.3932,3.2019,0.13023,2.2976,3.3784,1.7577,1.6815,3.4184,1.8802,2.7297,4.1368,1.7918,1.7368,3.4179,1.4427,1.6135,3.965,0.36979,2.1914,3.0997,2.1415,2.4333,4.5234,1.4677,1.7245,3.2105,0.83015,1.9669,2.752,3.2655,2.8337,6.1005,2.0683,1.8263,3.5563,0.98638,2.7434,2.8973,1.8614,2.6072,4.0844,0.68175,1.9524,2.8128,1.0481,2.4123,3.13,1.9381,1.9322,4.5526,1.7365,1.6178,3.9018,0.53502,2.2039,3.7726,1.1878,2.5821,3.7572,0.88492,2.1482,3.1415,2.713,2.3721,4.4987,2.1644,2.2595,4.8208,1.5165,1.6746,3.9544,1.9171,1.9356,4.5249,1.5486,2.2479,3.259,0.72245,2.1702,3.041,2.4476,2.4272,4.4037,1.8746,2.576,4.7098,1.8357,2.6121,4.6643,2.714,2.3923,4.5341,1.2735,2.5654,3.8585,1.7621,2.256,4.3757,1.7961,2.9579,3.7154,0.63719,2.4687,2.5962,1.5316,2.1191,4.6605,1.9579,2.9788,3.8885,0.28602,2.4163,3.2799,1.6608,1.5568,4.066,0.67947,2.0562,3.0426,2.2421,2.2484,4.65,0.80958,2.5215,3.244,0.90309,2.1505,3.1373,0.0096331,2.8892,1.8349,2.0382,2.0068,4.6621,2.6604,2.404,4.4933,2.5493,2.2539,5.0307,1.9481,2.6659,4.2355,1.0836,1.724,4.0356,4.7017,2.8717,0.58824,0.83466,2.1171,3.007,1.3105,2.0669,4.3421,1.0341,2.0968,3.4696,2.0834,2.6588,4.3076,1.7417,1.5016,4.1081,1.2339,2.5173,3.1487,0.79478,2.458,3.7584,2.0779,1.8571,3.6685,1.5252,2.4484,3.4165,1.5916,2.5448,3.626,1.5984,1.5746,4.2455,1.889,2.6655,4.3324,1.9538,2.6587,4.4158,3.4161,2.7694,6.1648,1.7358,1.5138,4.1115,1.7547,1.987,3.4492,2.0004,2.9023,4.813,1.2308,2.5258,3.1863,2.5937,2.4361,4.9286,1.0902,2.5914,4.0636,1.5448,2.4375,3.4444,1.1388,1.8186,4.0853,1.6769,1.545,4.0579,1.7322,1.9911,3.4176,0.29039,2.9262,3.3472,2.9088,2.3081,4.6406,1.3027,1.9404,4.2175,1.3548,2.6033,3.5097,1.4306,2.4487,3.3411,1.8734,1.8938,3.6425,1.943,2.4302,4.0188,1.0526,2.2825,3.164,2.5411,1.988,5.1317,1.3,2.6091,3.4345,1.3946,2.4766,3.2998,0.34468,2.93,3.3926,0.64399,1.8333,2.8281,1.6635,1.9834,4.4994,1.4556,1.7779,4.1554,5.4272,2.8831,1.7421,0.82386,2.0985,2.8231,1.0723,2.6297,4.079,2.2412,2.5202,3.6158,2.5708,2.4235,4.9024,2.8368,2.6753,4.544,2.1158,2.5003,4.4689,2.3502,2.1283,4.2322,0.7649,2.0431,3.3061,0.42103,2.4485,2.9811,0.57903,2.1379,3.6999,2.3782,2.4456,4.4676,0.84079,2.4456,2.9442,1.2462,1.5989,4.2834,1.6787,2.03,3.4236,6.1257,2.6772,1.8751,3.3208,2.926,0.04301,0.83807,2.4077,3.0053,1.6689,1.6324,4.0697,1.5003,1.889,3.1738,0.77657,2.439,2.9116,2.1586,2.3447,4.8899,1.1958,2.5618,3.1455,1.0096,1.9594,3.5061,0.47356,1.9758,3.287,1.72,2.0244,3.4108,2.3816,2.1199,4.2256,2.1858,2.1507,5.0031,1.2684,1.6904,3.8309,0.69526,1.9814,2.7772,2.1915,2.1603,5.021,2.3524,2.224,4.5229,1.575,2.4024,3.9671,4.3951,2.9182,0.32195,1.955,2.3945,4.0122,0.82115,1.9559,4.1161,1.267,2.6085,4.2734,3.6841,2.8264,6.2507,1.5388,1.6304,3.2957,0.25052,2.3,3.3212,5.0709,2.926,1.0193,0.63692,2.7601,3.347,1.3439,2.5312,3.0327,2.1523,2.1117,4.9417,1.481,2.053,4.3876,1.5277,1.6318,3.3032,1.4142,2.9159,3.3923,0.535,2.4294,2.835,0.87406,2.4528,2.9956,0.22581,2.6105,3.3325,1.6332,2.2903,4.1584,0.54349,2.4326,2.8072,1.0188,2.2545,3.6015,1.3913,1.783,4.2847,0.3073,2.3276,3.3645,1.5252,1.6044,3.2963,0.52707,2.4304,2.8319,3.2874,2.8621,6.2238,1.9502,2.5717,4.0041,2.0218,2.1974,4.6392,2.4552,2.7689,5.0699,1.9045,1.9253,3.8695,1.2904,1.763,3.7091,2.1809,2.1332,4.9899,1.3828,2.6389,3.9579,1.103,3.0672,2.9369,4.7599,2.9403,0.46534,1.3517,2.705,4.424,1.9084,1.9287,3.8795,1.2987,2.6423,2.9286,0.55967,2.7493,3.1831,0.99934,2.899,4.1877,0.72026,2.5294,2.7022,0.67925,1.9866,2.9355,0.53515,2.4104,3.3856,1.5569,2.1736,4.2857,1.4127,2.7131,4.4637,0.56605,1.9834,3.0264,1.9917,1.8592,3.8075,1.1892,1.8053,3.6768,2.2877,2.6781,4.7528,1.3625,1.6124,4.1323,1.3591,2.1562,3.1566,0.6122,2.0001,3.0366,0.50234,2.4373,2.6274,1.6385,2.3151,4.1661,2.3129,2.6694,4.8067,0.5874,2.0044,3.0059,1.5713,1.6932,3.3406,0.37874,3.0569,2.268,0.6607,2.5306,2.6621,3.0031,2.7483,6.0006,0.048451,2.8786,2.7204,4.6847,2.9551,0.38876,2.2756,2.3496,3.6253,1.2285,3.0423,4.0427,1.3468,2.3481,3.485,1.017,3.0591,3.8323,2.3307,2.2223,3.7441,1.1879,1.7888,3.6741,2.4348,2.3525,4.5809,2.5209,2.6719,4.0429,1.3098,2.6705,4.3627,1.9013,1.8712,3.8443,1.1986,2.7096,3.7201,2.3474,2.4429,4.9387,1.6205,2.5722,3.407,2.1641,2.212,4.1147,0.7764,1.9127,3.3508,2.2682,2.399,3.6774,2.2873,2.388,3.6648,2.2167,1.9513,4.9571,2.6153,2.2757,4.7816,2.3391,2.2308,3.7616,1.3712,1.5789,3.8687,2.3317,2.6881,4.821,1.9005,1.89,3.855,0.77545,2.1207,4.0355,1.6015,1.7746,4.2482,2.3229,2.6798,4.8194,1.4502,2.3815,3.2636,6.0248,2.9011,2.321,1.8456,1.7832,3.5059,1.8961,2.9619,4.1976,2.0737,1.9487,4.8209,1.1556,2.5702,4.3241,1.9118,2.1317,4.8544,1.6132,1.7318,3.9615,1.6058,2.0092,3.3484,1.0853,2.7038,3.632,0.98527,2.7925,3.8641,1.4312,2.4368,3.8719,1.1617,2.7316,3.6733,1.8256,1.7049,4.077,0.92536,2.454,2.7963,1.9303,2.0841,4.4061,0.17999,2.7758,2.9393,1.0741,1.9404,4.274,0.97831,2.3091,3.0659,1.6539,2.3868,4.5855,0.97404,2.0468,2.8671,0.73202,1.9731,2.7441,1.6047,1.7291,3.9663,0.93922,2.4491,2.8147,1.3662,1.5731,3.8412,2.7289,2.5758,4.5913,1.0833,2.1508,3.6165,1.1546,2.7577,3.6806,1.9762,1.9748,4.48,1.0638,1.9501,4.2629,1.8592,1.6698,3.4569,1.6616,2.5109,3.9967,2.1277,2.5403,4.9014,2.1366,2.3843,3.6902,1.1972,3.0564,3.4208,1.4506,1.4621,4.2176,0.66034,2.99,3.6649,1.617,1.7091,4.2147,0.73606,1.9865,2.7374,0.70644,2.1948,3.9552,2.671,2.5953,4.5231,2.0015,2.1077,3.4118,1.4007,2.8777,3.5436,1.0776,2.2221,3.6123,2.5412,2.0158,4.4943,1.4821,1.7279,4.4207,1.5828,2.5819,3.5878,2.0568,2.3234,4.0907,2.6689,2.3541,4.9586,0.48869,2.523,3.0103
213.42,0.095771,103.28,18.683,0.11376,312.28,1.4504,1.7993,4.1118,1.2684,2.2471,4.2479,1.1607,1.944,4.2576,2.4438,2.6256,4.2765,0.85596,2.0349,4.2684,1.514,2.5781,3.8946,3.2784,2.8237,6.148,1.1378,1.945,4.2456,1.7443,1.6317,4.219,1.3127,2.2344,4.306,0.8358,2.0695,4.2195,2.9909,2.8292,4.5839,5.5097,2.6976,1.2416,1.3564,2.7062,3.7478,0.88803,2.1484,2.9914,2.5611,2.1583,4.6152,1.4725,1.6503,3.9411,0.61096,2.6453,3.7631,2.0352,1.7825,3.5154,1.0939,2.3923,3.2035,0.11755,2.298,3.3615,1.7555,1.681,3.4211,1.8698,2.7242,4.1239,1.7923,1.7398,3.4198,1.4416,1.6101,3.9673,0.36792,2.1953,3.0916,2.1499,2.4382,4.5341,1.4675,1.7298,3.2118,0.8296,1.9716,2.752,3.2922,2.8315,6.1297,2.0762,1.8305,3.567,0.9839,2.7455,2.897,1.867,2.61,4.0931,0.68507,1.9579,2.8144,1.0441,2.4098,3.1339,1.9425,1.9333,4.5583,1.7405,1.6137,3.9041,0.53936,2.2036,3.7773,1.191,2.5911,3.7599,0.87477,2.1541,3.1313,2.7294,2.3779,4.5174,2.1725,2.2686,4.8342,1.5199,1.675,3.9566,1.9214,1.938,4.5283,1.556,2.2546,3.2591,0.71423,2.1759,3.0304,2.4493,2.4309,4.4102,1.872,2.5746,4.6959,1.8289,2.6133,4.6464,2.7346,2.399,4.5625,1.2713,2.5699,3.8493,1.7703,2.2582,4.3824,1.7862,2.9483,3.7041,0.64673,2.4686,2.6052,1.528,2.1266,4.6588,1.9518,2.9696,3.8814,0.27762,2.4197,3.2689,1.6608,1.5529,4.0644,0.67741,2.0571,3.0397,2.2398,2.2476,4.6469,0.81848,2.5108,3.2612,0.898,2.1535,3.1312,0.053636,2.8886,1.8257,2.0431,2.0086,4.6685,2.6702,2.4104,4.5113,2.5465,2.2468,5.021,1.9388,2.6523,4.2252,1.0828,1.7114,4.044,4.7018,2.8693,0.59043,0.83554,2.1164,3.0103,1.3111,2.064,4.3475,1.0322,2.0979,3.4677,2.0685,2.6498,4.2895,1.7451,1.4921,4.103,1.2386,2.5138,3.1528,0.7981,2.4592,3.7579,2.0794,1.8521,3.6638,1.5198,2.4481,3.4139,1.5905,2.5422,3.6331,1.5913,1.5697,4.2461,1.876,2.652,4.3162,1.9438,2.6448,4.4038,3.4186,2.7684,6.1661,1.7382,1.5079,4.1078,1.7578,1.9851,3.4487,1.9941,2.8985,4.8078,1.2357,2.5234,3.193,2.5907,2.4352,4.9242,1.0944,2.5901,4.0646,1.5414,2.4371,3.4438,1.1356,1.8161,4.0869,1.6781,1.5396,4.0561,1.734,1.9896,3.4158,0.29324,2.9247,3.3506,2.9096,2.3081,4.6431,1.3016,1.9394,4.2187,1.3619,2.5967,3.5213,1.429,2.4479,3.3416,1.8753,1.8866,3.6369,1.9426,2.4346,4.0204,1.0503,2.2818,3.1633,2.5415,1.9847,5.1311,1.3046,2.6045,3.4433,1.3912,2.4768,3.298,0.34857,2.9288,3.3965,0.64212,1.8342,2.8239,1.6612,1.9816,4.5022,1.4541,1.7736,4.1578,5.4226,2.8824,1.7376,0.8242,2.0976,2.8251,1.0749,2.6306,4.0805,2.2445,2.5201,3.6159,2.5663,2.4219,4.8966,2.838,2.6735,4.5444,2.114,2.499,4.4662,2.3498,2.1295,4.2341,0.76443,2.0456,3.304,0.4266,2.447,2.9873,0.57732,2.1371,3.6996,2.378,2.4437,4.4695,0.84541,2.4445,2.949,1.2457,1.5994,4.2832,1.6773,2.0306,3.4222,6.1184,2.6763,1.8675,3.322,2.9254,0.044748,0.84104,2.4054,3.0109,1.6692,1.6318,4.0688,1.5002,1.8897,3.1733,0.77808,2.4378,2.9141,2.158,2.3441,4.8864,1.1984,2.5613,3.1499,1.0098,1.9588,3.5067,0.47101,1.9759,3.2883,1.7207,2.0245,3.4087,2.381,2.1215,4.2269,2.1871,2.1502,5.0038,1.2674,1.688,3.8322,0.696,1.9815,2.7782,2.1935,2.1601,5.0224,2.3538,2.2254,4.5256,1.5752,2.4064,3.9672,4.4006,2.9145,0.32764,1.9549,2.3971,4.0129,0.82038,1.9558,4.1158,1.2717,2.6099,4.2769,3.6902,2.8253,6.2573,1.539,1.6306,3.2961,0.24741,2.2999,3.3178,5.0696,2.923,1.0187,0.64003,2.7588,3.3505,1.347,2.5318,3.0352,2.1534,2.1099,4.9406,1.481,2.0511,4.3889,1.5277,1.6319,3.3038,1.4164,2.9151,3.3943,0.53843,2.4287,2.8398,0.87273,2.4523,2.9963,0.22529,2.6103,3.3316,1.634,2.2915,4.1598,0.54693,2.4321,2.8107,1.0172,2.2581,3.5988,1.3912,1.782,4.2842,0.30667,2.3285,3.3636,1.5251,1.6037,3.2967,0.52997,2.4298,2.8361,3.2974,2.8614,6.2346,1.9477,2.5705,4.0027,2.024,2.1978,4.6412,2.4461,2.7683,5.0594,1.9048,1.9229,3.868,1.2901,1.761,3.7099,2.1823,2.132,4.9901,1.3824,2.6383,3.9565,1.1016,3.0667,2.9351,4.7624,2.9384,0.46746,1.3556,2.7054,4.4279,1.9085,1.9278,3.8795,1.3004,2.6425,2.9309,0.56659,2.7481,3.1912,1.003,2.8987,4.1914,0.72631,2.5298,2.7072,0.67882,1.9883,2.934,0.535,2.4105,3.3846,1.5563,2.1726,4.2879,1.4182,2.7137,4.4683,0.56366,1.9842,3.0234,1.9919,1.8579,3.8074,1.189,1.8039,3.6779,2.2825,2.6763,4.7457,1.3618,1.615,4.1307,1.3576,2.1559,3.1559,0.61135,2.0019,3.0339,0.5037,2.4369,2.6294,1.6398,2.3175,4.1677,2.3076,2.6671,4.8001,0.5854,2.0062,3.0018,1.5715,1.6926,3.3411,0.37192,3.0575,2.2603,0.66327,2.5311,2.6643,3.0068,2.7482,6.0049,0.054061,2.8789,2.7268,4.6857,2.9536,0.38941,2.2737,2.3473,3.621,1.2361,3.0404,4.0514,1.3434,2.351,3.4823,1.0223,3.0583,3.8388,2.3297,2.2219,3.742,1.1877,1.7867,3.6753,2.435,2.3529,4.5815,2.5183,2.673,4.043,1.3114,2.6702,4.3634,1.9016,1.8675,3.8423,1.2005,2.7068,3.7218,2.3441,2.4414,4.9333,1.621,2.5703,3.4111,2.164,2.2131,4.1153,0.77588,1.9132,3.3499,2.2655,2.3986,3.675,2.2853,2.3873,3.6619,2.218,1.9529,4.9586,2.6142,2.2751,4.7812,2.3381,2.2307,3.7603,1.3709,1.5786,3.87,2.3275,2.6869,4.8157,1.9008,1.8874,3.8533,0.77539,2.12,4.0379,1.6015,1.7727,4.2479,2.3185,2.6782,4.814,1.4503,2.3814,3.2636,6.0284,2.9017,2.3251,1.8454,1.7826,3.5069,1.8937,2.9598,4.1944,2.0758,1.9486,4.823,1.1573,2.5699,4.3258,1.9128,2.1313,4.8541,1.6133,1.7296,3.9614,1.6058,2.0094,3.3472,1.0871,2.7016,3.6337,0.98699,2.7913,3.8649,1.4328,2.4381,3.873,1.1628,2.7295,3.6739,1.8251,1.7019,4.0765,0.92583,2.4539,2.797,1.9311,2.0847,4.4069,0.18347,2.775,2.9425,1.0738,1.9399,4.2744,0.97914,2.3083,3.0674,1.6547,2.3867,4.5856,0.97374,2.0458,2.8678,0.7317,1.9724,2.7442,1.6044,1.7268,3.9662,0.94003,2.4488,2.816,1.3657,1.5726,3.8414,2.7281,2.5755,4.5905,1.0832,2.1513,3.616,1.1557,2.7564,3.6815,1.9762,1.9745,4.4802,1.0633,1.9497,4.263,1.8594,1.6703,3.4571,1.6616,2.5117,3.9967,2.1282,2.5399,4.9006,2.1359,2.3845,3.6895,1.1978,3.0558,3.4211,1.4507,1.4619,4.2171,0.66101,2.9897,3.6658,1.6168,1.7078,4.2142,0.73584,1.9861,2.7374,0.70698,2.1949,3.9555,2.6704,2.5951,4.5227,2.0019,2.1071,3.411,1.4012,2.8762,3.5439,1.0774,2.2233,3.6115,2.5416,2.0164,4.4952,1.4818,1.7277,4.4207,1.5822,2.5815,3.5881,2.0567,2.3244,4.0914,2.6678,2.3535,4.9572,0.49015,2.5227,3.0119
213.42,0.095771,103.28,18.683,0.12045,311.01,1.4454,1.7944,4.1092,1.2694,2.2482,4.251,1.1561,1.9414,4.2571,2.4413,2.6231,4.2769,0.85529,2.035,4.2696,1.5135,2.5835,3.8941,3.2981,2.8206,6.1715,1.1311,1.9417,4.2462,1.7447,1.6264,4.2167,1.3153,2.2357,4.3121,0.83459,2.0717,4.22,2.995,2.8287,4.5875,5.4961,2.6903,1.2262,1.3608,2.7009,3.753,0.8824,2.1491,2.9875,2.5692,2.1662,4.6302,1.4722,1.6511,3.9438,0.60542,2.6527,3.7502,2.0368,1.784,3.5181,1.0873,2.3919,3.2039,0.10387,2.2985,3.3434,1.7531,1.6801,3.4242,1.8604,2.7193,4.1123,1.7931,1.7427,3.4219,1.4405,1.607,3.9693,0.36582,2.1993,3.0829,2.1594,2.4438,4.5459,1.4674,1.7357,3.2133,0.82861,1.976,2.7518,3.3218,2.8288,6.1618,2.0849,1.8351,3.5796,0.98162,2.7478,2.8967,1.8734,2.6134,4.1028,0.68818,1.9633,2.8159,1.0392,2.4073,3.1373,1.9475,1.9342,4.5646,1.7445,1.6099,3.9067,0.54436,2.203,3.7826,1.1949,2.5999,3.7635,0.86397,2.1601,3.1203,2.7468,2.3844,4.5372,2.1817,2.2782,4.8485,1.5235,1.6747,3.9586,1.9259,1.9405,4.532,1.5644,2.2622,3.2595,0.7064,2.1811,3.0209,2.4506,2.4344,4.4165,1.8695,2.573,4.6817,1.8216,2.6147,4.6272,2.7552,2.4055,4.5916,1.2682,2.573,3.8384,1.7791,2.2604,4.3894,1.7771,2.9382,3.6938,0.65618,2.4681,2.6147,1.5225,2.1344,4.6554,1.9452,2.9595,3.874,0.26975,2.4225,3.2601,1.6607,1.5489,4.0627,0.6755,2.0577,3.037,2.2369,2.2462,4.6433,0.82729,2.4989,3.2789,0.89621,2.1545,3.13,6.2758,2.8878,1.8169,2.0483,2.0102,4.6751,2.677,2.4148,4.5262,2.5449,2.2407,5.01,1.9298,2.6386,4.2153,1.0818,1.6971,4.0537,4.7014,2.869,0.59098,0.83828,2.1155,3.0162,1.3119,2.0607,4.3528,1.0302,2.0988,3.4658,2.0533,2.64,4.271,1.7482,1.4816,4.0979,1.2428,2.5102,3.1566,0.80147,2.46,3.7576,2.0809,1.8471,3.6592,1.515,2.4473,3.4119,1.5907,2.5385,3.6411,1.5848,1.5654,4.2472,1.8643,2.6387,4.3014,1.9349,2.6317,4.3928,3.4206,2.7675,6.167,1.7407,1.5021,4.1042,1.7607,1.9829,3.4481,1.9889,2.895,4.8036,1.2405,2.5208,3.1996,2.5876,2.4344,4.9199,1.0985,2.5888,4.0658,1.5384,2.4364,3.4432,1.1329,1.8139,4.0885,1.6794,1.5343,4.0542,1.7358,1.988,3.4141,0.29643,2.9233,3.3544,2.9103,2.3081,4.6453,1.3003,1.9385,4.2199,1.3676,2.5913,3.5307,1.4276,2.4469,3.3421,1.8771,1.8795,3.6318,1.9421,2.4384,4.022,1.0482,2.2807,3.1628,2.5418,1.9821,5.1308,1.3086,2.6003,3.4509,1.388,2.4769,3.2964,0.35249,2.9275,3.4006,0.64045,1.8352,2.8202,1.6591,1.98,4.5048,1.453,1.7701,4.1599,5.4186,2.8817,1.7338,0.82461,2.0968,2.8272,1.0774,2.6315,4.0819,2.2474,2.5199,3.616,2.5622,2.4202,4.8912,2.8389,2.6717,4.5447,2.1124,2.4977,4.4637,2.3493,2.1305,4.2359,0.764,2.0479,3.3021,0.43171,2.4456,2.993,0.57574,2.1362,3.6994,2.3778,2.442,4.4712,0.84943,2.4437,2.9532,1.2452,1.6,4.283,1.6758,2.0311,3.4208,6.1119,2.6752,1.8606,3.3229,2.9247,0.045957,0.84345,2.4034,3.0155,1.6695,1.6313,4.0678,1.5,1.8904,3.1728,0.77936,2.4369,2.9164,2.1573,2.3434,4.8833,1.201,2.5609,3.1538,1.01,1.9582,3.5074,0.46879,1.9759,3.2895,1.7214,2.0246,3.4067,2.3804,2.1231,4.228,2.1883,2.1497,5.0044,1.2664,1.686,3.8333,0.69669,1.9816,2.7793,2.1952,2.1599,5.0237,2.3551,2.2267,4.5279,1.5755,2.4098,3.9673,4.4054,2.9113,0.33262,1.9548,2.3992,4.0137,0.81971,1.9556,4.1155,1.2759,2.6112,4.28,3.6956,2.8245,6.2631,1.5393,1.6309,3.2965,0.2447,2.2998,3.3149,5.0685,2.9201,1.0184,0.64277,2.7575,3.3537,1.3497,2.5323,3.0374,2.1543,2.1083,4.9398,1.4809,2.0495,4.3902,1.5278,1.632,3.3043,1.4184,2.9144,3.3963,0.54138,2.428,2.8439,0.87162,2.4519,2.997,0.22477,2.6101,3.3309,1.6348,2.2924,4.161,0.54989,2.4316,2.8138,1.0158,2.2613,3.5963,1.391,1.7809,4.2837,0.30614,2.3293,3.3627,1.525,1.6031,3.2971,0.53245,2.4291,2.8397,3.3061,2.8607,6.2439,1.9453,2.5693,4.0015,2.0259,2.198,4.643,2.438,2.7676,5.0501,1.9051,1.9208,3.8666,1.2899,1.7592,3.7108,2.1835,2.1311,4.9903,1.3822,2.6377,3.9553,1.1001,3.0663,2.9336,4.7648,2.9366,0.46929,1.3589,2.7058,4.4313,1.9087,1.9269,3.8794,1.302,2.6427,2.9329,0.5725,2.7471,3.1982,1.0061,2.8983,4.1945,0.73154,2.5301,2.7115,0.67847,1.9899,2.9327,0.53488,2.4106,3.3835,1.5559,2.1719,4.2897,1.4229,2.7143,4.4722,0.56161,1.9851,3.0206,1.9922,1.8567,3.8072,1.1888,1.8026,3.679,2.2781,2.6747,4.7397,1.3611,1.6174,4.1293,1.3561,2.1556,3.1552,0.61062,2.0036,3.0317,0.50487,2.4365,2.6312,1.6411,2.3197,4.169,2.3031,2.665,4.7944,0.58367,2.0078,2.9983,1.5717,1.692,3.3415,0.36595,3.0579,2.2536,0.66544,2.5316,2.6662,3.0099,2.748,6.0085,0.058871,2.8792,2.7323,4.6868,2.9523,0.39006,2.2721,2.3451,3.6175,1.2423,3.0386,4.0586,1.3405,2.3535,3.4798,1.0269,3.0575,3.8444,2.3287,2.2215,3.7401,1.1875,1.7849,3.6762,2.4351,2.3533,4.582,2.5161,2.6741,4.0432,1.3129,2.6699,4.364,1.9018,1.8643,3.8405,1.2022,2.7043,3.7233,2.3413,2.44,4.9288,1.6214,2.5687,3.4145,2.164,2.2139,4.116,0.77543,1.9138,3.349,2.2632,2.3983,3.6729,2.2835,2.3866,3.6592,2.2191,1.9542,4.96,2.6132,2.2747,4.7807,2.3374,2.2307,3.759,1.3706,1.5783,3.8712,2.324,2.6858,4.8112,1.9011,1.8853,3.8518,0.77535,2.1192,4.0401,1.6015,1.7709,4.2476,2.3148,2.6768,4.8094,1.4505,2.3813,3.2636,6.0313,2.9023,2.3286,1.8452,1.7821,3.5077,1.8915,2.958,4.1916,2.0776,1.9485,4.8248,1.1588,2.5697,4.3272,1.9135,2.1308,4.8539,1.6133,1.7275,3.9612,1.6059,2.0096,3.3461,1.0886,2.6997,3.6351,0.98845,2.7904,3.8658,1.4343,2.4392,3.8738,1.1636,2.7277,3.6743,1.8247,1.6992,4.0761,0.92624,2.4537,2.7977,1.9318,2.0854,4.4077,0.18644,2.7742,2.9454,1.0734,1.9393,4.2749,0.97983,2.3076,3.0688,1.6554,2.3866,4.5857,0.97346,2.0447,2.8685,0.73144,1.9718,2.7443,1.6042,1.7249,3.9662,0.94073,2.4485,2.8172,1.3653,1.5721,3.8415,2.7273,2.5752,4.5897,1.0832,2.1519,3.6156,1.1565,2.7552,3.6823,1.9762,1.9742,4.4804,1.0627,1.9493,4.2632,1.8596,1.6708,3.4573,1.6616,2.5125,3.9966,2.1286,2.5395,4.8999,2.1354,2.3847,3.6888,1.1984,3.0553,3.4215,1.4509,1.4618,4.2166,0.66156,2.9894,3.6667,1.6167,1.7066,4.2137,0.73564,1.9857,2.7373,0.70744,2.195,3.9558,2.67,2.5948,4.5223,2.0023,2.1065,3.4103,1.4018,2.8749,3.5442,1.0772,2.2242,3.6107,2.5419,2.0169,4.4961,1.4815,1.7274,4.4207,1.5815,2.5812,3.5885,2.0566,2.3254,4.092,2.6667,2.353,4.9558,0.4914,2.5225,3.0135
213.42,0.095771,103.28,18.683,0.12715,310.14,1.4402,1.7893,4.1067,1.2706,2.2492,4.2544,1.1516,1.9387,4.2567,2.4391,2.6206,4.2777,0.85453,2.0353,4.2705,1.513,2.589,3.8935,3.3184,2.8169,6.1958,1.1242,1.9382,4.2466,1.7451,1.6213,4.2144,1.3182,2.237,4.3184,0.83321,2.0743,4.2201,2.9987,2.8282,4.5907,5.4819,2.6821,1.2101,1.3649,2.6963,3.7579,0.8764,2.1498,2.983,2.5779,2.1742,4.6459,1.4718,1.6521,3.9464,0.59931,2.6608,3.7361,2.0383,1.7854,3.5206,1.0793,2.392,3.2027,0.089035,2.2987,3.3238,1.7504,1.6791,3.4277,1.8518,2.7146,4.1019,1.7939,1.7457,3.4241,1.4395,1.6041,3.9708,0.36356,2.2034,3.0735,2.1695,2.4498,4.5585,1.4675,1.7424,3.215,0.82714,1.9801,2.7514,3.3546,2.8253,6.1975,2.0946,1.8398,3.5936,0.97955,2.7503,2.8962,1.8807,2.6171,4.1134,0.69102,1.9686,2.8171,1.0337,2.4046,3.1404,1.9532,1.9351,4.5715,1.7485,1.6063,3.9094,0.55021,2.2023,3.7888,1.2001,2.6084,3.7683,0.85267,2.1662,3.109,2.7649,2.3915,4.5572,2.1916,2.2882,4.8634,1.5272,1.6734,3.9602,1.931,1.9428,4.536,1.574,2.2709,3.2603,0.69924,2.1854,3.0129,2.4512,2.4377,4.4223,1.8672,2.5715,4.6671,1.8137,2.616,4.6067,2.7751,2.4112,4.6201,1.2643,2.5746,3.8258,1.7885,2.2621,4.3964,1.7686,2.9277,3.6842,0.66556,2.4672,2.6245,1.515,2.1424,4.6503,1.9387,2.9486,3.8664,0.26251,2.4245,3.2531,1.6606,1.5447,4.061,0.67377,2.0578,3.0349,2.2334,2.2445,4.6388,0.83598,2.4857,3.2973,0.89678,2.1527,3.1334,6.2701,2.887,1.8086,2.0538,2.0117,4.6817,2.6806,2.4175,4.5372,2.5435,2.2359,4.9986,1.9212,2.6245,4.2058,1.0805,1.6815,4.0645,4.7008,2.8697,0.59033,0.84198,2.1148,3.023,1.3127,2.0572,4.3579,1.0283,2.0996,3.464,2.0382,2.6295,4.2524,1.7512,1.4703,4.0928,1.2469,2.5065,3.1603,0.80488,2.4605,3.7575,2.0823,1.8421,3.6548,1.5108,2.4461,3.4107,1.5915,2.5341,3.6493,1.5789,1.5615,4.2484,1.854,2.6258,4.2881,1.927,2.6191,4.3829,3.4221,2.7667,6.1674,1.7429,1.4963,4.1006,1.7635,1.9808,3.4475,1.9844,2.8915,4.7999,1.2451,2.5181,3.2058,2.5844,2.4335,4.9155,1.1026,2.5878,4.0675,1.5355,2.4357,3.4428,1.1304,1.8122,4.0898,1.6805,1.5291,4.0524,1.7375,1.9864,3.4126,0.29995,2.9219,3.3585,2.9107,2.3079,4.6469,1.2992,1.9375,4.221,1.3722,2.5867,3.5384,1.4263,2.446,3.3426,1.8786,1.8729,3.6271,1.9417,2.4418,4.0233,1.0464,2.2796,3.1625,2.5422,1.9799,5.1306,1.3121,2.5962,3.4574,1.3851,2.4768,3.2949,0.35643,2.9263,3.4046,0.63897,1.8359,2.8169,1.6573,1.9788,4.5068,1.4521,1.767,4.1616,5.4152,2.8812,1.7305,0.82505,2.0961,2.829,1.0796,2.6323,4.0833,2.2498,2.5198,3.616,2.5583,2.4186,4.8862,2.8395,2.6702,4.5448,2.1111,2.4966,4.4617,2.3489,2.1312,4.2372,0.7636,2.0498,3.3006,0.43634,2.4443,2.9982,0.57432,2.1354,3.6994,2.3777,2.4407,4.4726,0.85287,2.4429,2.9569,1.2448,1.6005,4.2828,1.6746,2.0315,3.4197,6.1063,2.6744,1.8547,3.3234,2.9242,0.046744,0.84535,2.4019,3.0193,1.6697,1.6309,4.0671,1.4998,1.891,3.1724,0.78042,2.4361,2.9182,2.1568,2.3429,4.8804,1.2032,2.5604,3.1575,1.0102,1.9576,3.5081,0.46688,1.9759,3.2905,1.7219,2.0245,3.405,2.3799,2.1243,4.229,2.1892,2.1492,5.0048,1.2656,1.6844,3.8342,0.69732,1.9817,2.7802,2.1966,2.1597,5.0248,2.3562,2.2278,4.5298,1.5757,2.4127,3.9673,4.4095,2.9084,0.33691,1.9548,2.4012,4.0142,0.81915,1.9555,4.1152,1.2795,2.6122,4.2828,3.7001,2.8237,6.2681,1.5395,1.6311,3.2968,0.24238,2.2998,3.3123,5.0676,2.9177,1.0182,0.64517,2.7565,3.3566,1.352,2.5327,3.0394,2.1551,2.107,4.9392,1.4808,2.0481,4.3912,1.5278,1.6321,3.3048,1.4202,2.9139,3.398,0.54388,2.4274,2.8475,0.87069,2.4515,2.9977,0.22426,2.61,3.3302,1.6354,2.2933,4.1621,0.55242,2.4313,2.8163,1.0147,2.2641,3.5942,1.3909,1.7801,4.2833,0.30569,2.33,3.362,1.5249,1.6026,3.2974,0.53456,2.4286,2.8429,3.3132,2.8601,6.2517,1.9433,2.5683,4.0004,2.0274,2.1982,4.6444,2.4308,2.767,5.0419,1.9054,1.9188,3.8655,1.2897,1.7577,3.7115,2.1845,2.1302,4.9904,1.3819,2.6373,3.9544,1.099,3.066,2.9322,4.7667,2.9351,0.47088,1.3618,2.7061,4.4342,1.9088,1.9263,3.8794,1.3033,2.6429,2.9346,0.5775,2.7462,3.2041,1.0089,2.898,4.1973,0.73602,2.5304,2.7153,0.67819,1.9911,2.9317,0.53478,2.4107,3.3828,1.5555,2.1712,4.2913,1.4269,2.7148,4.4756,0.55987,1.9857,3.0183,1.9924,1.8558,3.8071,1.1887,1.8015,3.6798,2.2744,2.6734,4.7347,1.3605,1.6194,4.1281,1.3549,2.1553,3.1547,0.61,2.0049,3.0298,0.50587,2.4362,2.6326,1.6422,2.3216,4.1701,2.2992,2.6633,4.7895,0.58221,2.009,2.9953,1.5718,1.6916,3.3419,0.36081,3.0583,2.2478,0.66725,2.532,2.6677,3.0127,2.7479,6.0117,0.062954,2.8794,2.737,4.6877,2.9511,0.39066,2.2707,2.3433,3.6144,1.2474,3.0371,4.0644,1.3379,2.3556,3.4779,1.0307,3.0569,3.8491,2.3279,2.2212,3.7386,1.1873,1.7833,3.677,2.4353,2.3536,4.5823,2.5142,2.6749,4.0433,1.314,2.6697,4.3645,1.902,1.8614,3.839,1.2035,2.7023,3.7245,2.3389,2.4389,4.9249,1.6218,2.5674,3.4174,2.1639,2.2147,4.1165,0.77503,1.9142,3.3482,2.2613,2.398,3.671,2.2821,2.386,3.657,2.22,1.9552,4.9611,2.6125,2.2743,4.7803,2.3368,2.2306,3.758,1.3704,1.578,3.8722,2.3209,2.6849,4.8074,1.9014,1.8835,3.8506,0.77532,2.1187,4.042,1.6015,1.7695,4.2473,2.3116,2.6757,4.8055,1.4506,2.3812,3.2637,6.034,2.9028,2.3316,1.845,1.7817,3.5084,1.8898,2.9564,4.1893,2.0792,1.9484,4.8263,1.16,2.5695,4.3284,1.9142,2.1304,4.8537,1.6133,1.7259,3.9611,1.606,2.0098,3.3452,1.0899,2.6982,3.6363,0.98966,2.7897,3.8664,1.4355,2.4402,3.8746,1.1643,2.7263,3.6746,1.8244,1.697,4.0758,0.92658,2.4536,2.7982,1.9324,2.0859,4.4083,0.18895,2.7736,2.9477,1.0731,1.9389,4.2752,0.98042,2.3071,3.0699,1.656,2.3865,4.5858,0.97322,2.0439,2.869,0.73122,1.9712,2.7443,1.604,1.7233,3.9661,0.94131,2.4483,2.8181,1.3649,1.5717,3.8417,2.7267,2.5749,4.5891,1.0831,2.1523,3.6153,1.1572,2.7543,3.683,1.9762,1.974,4.4806,1.0622,1.949,4.2633,1.8598,1.6711,3.4575,1.6616,2.5131,3.9965,2.1289,2.5391,4.8994,2.1349,2.3848,3.6883,1.1988,3.0549,3.4218,1.451,1.4617,4.2162,0.662,2.9892,3.6673,1.6166,1.7056,4.2134,0.73549,1.9854,2.7373,0.70783,2.1951,3.956,2.6696,2.5946,4.522,2.0026,2.106,3.4097,1.4023,2.8739,3.5444,1.077,2.2251,3.61,2.5422,2.0174,4.4968,1.4813,1.7272,4.4207,1.5811,2.5809,3.5889,2.0566,2.3262,4.0926,2.6659,2.3526,4.9548,0.49245,2.5223,3.0147
213.42,0.095771,103.28,18.683,0.13384,309.48,1.435,1.7843,4.1043,1.2718,2.2503,4.2579,1.1473,1.9362,4.2562,2.4368,2.6181,4.2786,0.85379,2.0357,4.2715,1.5126,2.5943,3.8926,3.339,2.8129,6.2204,1.1174,1.9349,4.2471,1.7456,1.6164,4.2119,1.3211,2.2385,4.3249,0.83172,2.0773,4.22,3.0022,2.8276,4.5936,5.4675,2.6736,1.194,1.3685,2.6925,3.7622,0.87027,2.1504,2.9784,2.5869,2.1821,4.6619,1.4715,1.6533,3.9492,0.593,2.669,3.7214,2.0398,1.7867,3.5233,1.07,2.3925,3.1998,0.0733,2.2987,3.303,1.7477,1.6779,3.4312,1.8443,2.7105,4.0933,1.7948,1.7487,3.4264,1.4388,1.6017,3.9721,0.36131,2.2073,3.0642,2.1798,2.4559,4.571,1.4678,1.7495,3.2168,0.82519,1.9835,2.7506,3.3902,2.8212,6.2362,2.1045,1.8442,3.608,0.97789,2.753,2.8956,1.8885,2.6208,4.1246,0.6934,1.9739,2.8178,1.0274,2.402,3.1431,1.9595,1.9361,4.5788,1.7524,1.6032,3.9122,0.55685,2.2015,3.7959,1.2061,2.6162,3.7741,0.8414,2.172,3.098,2.7823,2.3985,4.5758,2.201,2.297,4.8783,1.5309,1.671,3.9616,1.9365,1.9451,4.5402,1.5843,2.2794,3.2616,0.69303,2.1889,3.007,2.4512,2.4406,4.4276,1.8656,2.57,4.6527,1.8061,2.6173,4.5857,2.7932,2.4157,4.6464,1.2604,2.5761,3.8134,1.7983,2.2637,4.4034,1.7608,2.9171,3.6756,0.67451,2.4661,2.6337,1.5067,2.1505,4.6447,1.9324,2.9371,3.8592,0.2564,2.4266,3.2468,1.6603,1.5403,4.0591,0.67222,2.0575,3.0332,2.2297,2.2423,4.6338,0.84372,2.4725,3.3152,0.89716,2.1502,3.138,6.2639,2.8863,1.8013,2.0593,2.013,4.688,2.6827,2.4191,4.5461,2.5416,2.2317,4.9866,1.9133,2.6107,4.1968,1.0792,1.6656,4.0752,4.7018,2.8705,0.59124,0.84571,2.1139,3.0299,1.3136,2.0536,4.3629,1.0265,2.1004,3.4623,2.0234,2.6188,4.2343,1.7544,1.4583,4.0875,1.2506,2.5028,3.1637,0.80829,2.4608,3.7576,2.0836,1.8373,3.6504,1.5072,2.4445,3.4099,1.5923,2.5295,3.6573,1.5735,1.5577,4.2496,1.8447,2.6132,4.2759,1.9199,2.607,4.3735,3.4233,2.7659,6.1674,1.7451,1.4905,4.097,1.766,1.9785,3.4468,1.9801,2.8882,4.7963,1.2493,2.5155,3.2117,2.5814,2.4326,4.9113,1.1065,2.5867,4.0693,1.5328,2.4348,3.4424,1.1282,1.8105,4.0911,1.6817,1.5241,4.0507,1.739,1.9847,3.4112,0.30371,2.9206,3.3627,2.9109,2.3077,4.6482,1.2982,1.9365,4.222,1.3761,2.5825,3.5452,1.4251,2.4451,3.3432,1.88,1.8665,3.6229,1.9413,2.4447,4.0246,1.0448,2.2784,3.1625,2.5424,1.9779,5.1303,1.3154,2.5922,3.4634,1.3826,2.4767,3.2936,0.36035,2.9252,3.4087,0.63768,1.8365,2.8141,1.6558,1.9776,4.5085,1.4512,1.7642,4.1631,5.4123,2.8808,1.7278,0.82551,2.0955,2.8308,1.0817,2.6329,4.0847,2.2519,2.5197,3.6161,2.5548,2.4171,4.8816,2.8401,2.6687,4.5448,2.1099,2.4956,4.4598,2.3485,2.1318,4.2384,0.76326,2.0514,3.2991,0.44051,2.4431,3.0028,0.57306,2.1346,3.6993,2.3777,2.4396,4.4739,0.85585,2.4423,2.9601,1.2444,1.601,4.2826,1.6735,2.0317,3.4187,6.1014,2.6736,1.8497,3.3237,2.9237,0.04725,0.84694,2.4005,3.0224,1.6699,1.6304,4.0664,1.4996,1.8915,3.1721,0.78132,2.4353,2.9198,2.1563,2.3423,4.8779,1.2052,2.5599,3.1607,1.0104,1.957,3.5086,0.4652,1.9759,3.2914,1.7223,2.0245,3.4034,2.3794,2.1254,4.2298,2.1899,2.1488,5.0052,1.2649,1.683,3.835,0.69787,1.9818,2.7811,2.1979,2.1595,5.0258,2.3572,2.2288,4.5315,1.5759,2.4152,3.9674,4.413,2.906,0.3406,1.9547,2.4029,4.0148,0.81866,1.9553,4.115,1.2827,2.6132,4.2852,3.7041,2.8231,6.2724,1.5397,1.6312,3.2971,0.24038,2.2997,3.3102,5.0669,2.9156,1.018,0.64725,2.7555,3.359,1.354,2.5331,3.0412,2.1559,2.1058,4.9386,1.4808,2.0468,4.3921,1.5279,1.6322,3.3052,1.4218,2.9134,3.3995,0.54603,2.427,2.8505,0.86992,2.4511,2.9983,0.2238,2.6099,3.3296,1.636,2.2939,4.1629,0.55459,2.4309,2.8185,1.0136,2.2665,3.5923,1.3908,1.7793,4.2829,0.30531,2.3306,3.3615,1.5248,1.6021,3.2976,0.53639,2.4281,2.8455,3.3193,2.8596,6.2583,1.9415,2.5674,3.9994,2.0289,2.1984,4.6457,2.4247,2.7665,5.0349,1.9056,1.9171,3.8644,1.2895,1.7564,3.712,2.1854,2.1295,4.9905,1.3818,2.6369,3.9536,1.0979,3.0657,2.931,4.7683,2.9338,0.47224,1.3643,2.7063,4.4366,1.909,1.9257,3.8794,1.3044,2.643,2.936,0.58178,2.7454,3.2091,1.0112,2.8978,4.1996,0.73989,2.5306,2.7185,0.67796,1.9923,2.9308,0.53471,2.4107,3.3822,1.5552,2.1706,4.2927,1.4304,2.7152,4.4785,0.55837,1.9863,3.0163,1.9925,1.8549,3.807,1.1886,1.8007,3.6805,2.2713,2.6722,4.7305,1.3599,1.621,4.127,1.3538,2.1551,3.1542,0.60946,2.006,3.0281,0.50672,2.436,2.6339,1.643,2.3233,4.1711,2.2958,2.6618,4.7854,0.58095,2.0101,2.9928,1.5719,1.6912,3.3422,0.35632,3.0586,2.2428,0.6688,2.5324,2.6691,3.015,2.7478,6.0144,0.066475,2.8796,2.741,4.6885,2.9501,0.39121,2.2695,2.3417,3.6118,1.2516,3.0358,4.0693,1.3358,2.3574,3.4762,1.0339,3.0563,3.853,2.3273,2.2209,3.7373,1.1872,1.782,3.6778,2.4354,2.3539,4.5827,2.5125,2.6756,4.0434,1.3151,2.6695,4.3649,1.9022,1.859,3.8377,1.2047,2.7005,3.7256,2.3369,2.4378,4.9216,1.6221,2.5662,3.4199,2.1639,2.2153,4.1169,0.77469,1.9145,3.3476,2.2597,2.3977,3.6695,2.2808,2.3855,3.6551,2.2208,1.9561,4.962,2.6118,2.274,4.78,2.3362,2.2306,3.7571,1.3703,1.5778,3.873,2.3184,2.6841,4.8041,1.9016,1.8819,3.8495,0.7753,2.1182,4.0436,1.6015,1.7683,4.2471,2.3089,2.6746,4.8022,1.4507,2.3811,3.2637,6.0361,2.9032,2.3342,1.8449,1.7813,3.509,1.8883,2.9551,4.1873,2.0805,1.9483,4.8277,1.1611,2.5693,4.3295,1.9147,2.1301,4.8535,1.6134,1.7244,3.961,1.6061,2.0099,3.3444,1.091,2.6968,3.6373,0.99068,2.789,3.8669,1.4365,2.441,3.8752,1.165,2.7249,3.675,1.8241,1.6951,4.0755,0.92688,2.4535,2.7987,1.933,2.0863,4.4088,0.19109,2.7731,2.9496,1.0729,1.9385,4.2755,0.9809,2.3066,3.0709,1.6565,2.3864,4.5859,0.97302,2.0433,2.8695,0.73103,1.9708,2.7444,1.6039,1.7219,3.9661,0.94181,2.448,2.819,1.3646,1.5713,3.8418,2.7261,2.5747,4.5886,1.083,2.1527,3.615,1.1578,2.7535,3.6836,1.9762,1.9738,4.4807,1.0618,1.9488,4.2634,1.8599,1.6715,3.4577,1.6615,2.5135,3.9965,2.1292,2.5388,4.8989,2.1345,2.3849,3.6879,1.1993,3.0546,3.422,1.4511,1.4616,4.2159,0.66235,2.9891,3.6679,1.6165,1.7048,4.213,0.73535,1.9851,2.7373,0.70816,2.1952,3.9562,2.6692,2.5945,4.5217,2.0028,2.1056,3.4092,1.4027,2.8729,3.5446,1.0768,2.2257,3.6095,2.5425,2.0178,4.4974,1.4811,1.727,4.4207,1.5807,2.5807,3.5891,2.0565,2.3269,4.093,2.6653,2.3522,4.9538,0.49335,2.5221,3.0158
213.42,0.095771,103.28,18.683,0.14053,307.68,1.43,1.7796,4.1019,1.2732,2.2512,4.2615,1.1433,1.9339,4.2557,2.4348,2.6157,4.2797,0.85304,2.036,4.2721,1.5121,2.5996,3.8918,3.3596,2.8083,6.2448,1.1106,1.9319,4.2472,1.7461,1.6118,4.2095,1.324,2.2402,4.3313,0.83012,2.0805,4.2197,3.0054,2.827,4.5963,5.4533,2.6647,1.1779,1.3716,2.6896,3.766,0.86406,2.151,2.9734,2.5961,2.1897,4.6783,1.4712,1.6547,3.9519,0.5866,2.6772,3.7062,2.0414,1.788,3.5259,1.0598,2.3937,3.1954,0.05662,2.2985,3.2811,1.7449,1.6769,3.4351,1.8379,2.7068,4.0864,1.7956,1.7518,3.4289,1.4382,1.5999,3.9729,0.359,2.211,3.0546,2.1904,2.4624,4.5837,1.4683,1.7569,3.2187,0.8227,1.9865,2.7496,3.4294,2.8162,0.3395,2.1143,1.8488,3.6227,0.97624,2.7561,2.8949,1.8967,2.6248,4.1363,0.69522,1.9792,2.8177,1.0202,2.3994,3.1452,1.9667,1.9373,4.5869,1.7564,1.601,3.915,0.56426,2.2008,3.8036,1.2126,2.6244,3.7806,0.83004,2.1778,3.087,2.7987,2.4054,4.5925,2.2106,2.3057,4.8945,1.5348,1.6673,3.9626,1.9427,1.9476,4.5449,1.5957,2.2877,3.2631,0.6879,2.1914,3.0033,2.4504,2.443,4.4323,1.8637,2.5682,4.6376,1.7985,2.6189,4.5645,2.8081,2.4189,4.6688,1.2564,2.5775,3.8009,1.8085,2.2648,4.4104,1.7532,2.9064,3.6673,0.68311,2.4644,2.6426,1.4975,2.1584,4.6385,1.9262,2.9247,3.852,0.25212,2.4286,3.242,1.66,1.5357,4.0571,0.67089,2.0569,3.0321,2.2255,2.2397,4.6281,0.85044,2.4593,3.3325,0.89658,2.1467,3.1426,6.2585,2.8853,1.7948,2.065,2.014,4.6944,2.6829,2.4197,4.5526,2.5393,2.228,4.9741,1.906,2.5971,4.1885,1.0778,1.6499,4.086,4.7015,2.8723,0.59103,0.84994,2.1129,3.0375,1.3145,2.0499,4.3677,1.0247,2.101,3.4608,2.0092,2.6077,4.2167,1.7577,1.4455,4.0821,1.2541,2.4991,3.1668,0.8117,2.4608,3.7578,2.0846,1.8326,3.6462,1.5041,2.4426,3.4095,1.5933,2.5246,3.665,1.5682,1.554,4.2508,1.8362,2.6009,4.2646,1.9132,2.5955,4.3645,3.4241,2.7653,6.167,1.7473,1.4846,4.0935,1.7684,1.9761,3.4461,1.9759,2.8851,4.7928,1.2533,2.5129,3.2173,2.5785,2.4318,4.9072,1.1101,2.5857,4.0712,1.5304,2.434,3.4421,1.1262,1.8088,4.0923,1.6828,1.5193,4.0491,1.7404,1.9831,3.41,0.30763,2.9193,3.3671,2.911,2.3075,4.6491,1.2973,1.9356,4.2229,1.3798,2.5786,3.5513,1.4241,2.4442,3.3436,1.8813,1.8602,3.6189,1.941,2.4472,4.0256,1.0435,2.2772,3.1626,2.5426,1.9761,5.13,1.3182,2.5882,3.4687,1.3803,2.4765,3.2924,0.36416,2.9242,3.4126,0.63655,1.8369,2.8117,1.6544,1.9766,4.5097,1.4506,1.7616,4.1645,5.41,2.8805,1.7256,0.82597,2.0949,2.8324,1.0836,2.6333,4.0861,2.2536,2.5196,3.6161,2.5517,2.4159,4.8775,2.8405,2.6675,4.5446,2.109,2.4949,4.4582,2.3481,2.1321,4.2393,0.76297,2.0526,3.2981,0.44417,2.4421,3.0069,0.57196,2.1338,3.6994,2.3776,2.4388,4.4749,0.85835,2.4417,2.9628,1.2442,1.6014,4.2824,1.6726,2.0319,3.4178,6.0972,2.6729,1.8453,3.3236,2.9234,0.047368,0.84821,2.3995,3.025,1.67,1.63,4.0658,1.4993,1.8918,3.1718,0.78209,2.4348,2.921,2.1559,2.3418,4.8758,1.2069,2.5594,3.1635,1.0105,1.9564,3.5093,0.46386,1.9759,3.292,1.7226,2.0244,3.402,2.3789,2.1262,4.2305,2.1904,2.1485,5.0055,1.2644,1.682,3.8356,0.69836,1.9819,2.7817,2.1989,2.1594,5.0266,2.3579,2.2295,4.5329,1.576,2.4174,3.9674,4.416,2.904,0.34373,1.9546,2.4044,4.0152,0.81825,1.9552,4.1149,1.2854,2.614,4.2873,3.7073,2.8225,6.2761,1.5398,1.6313,3.2973,0.23871,2.2997,3.3084,5.0663,2.9138,1.018,0.649,2.7548,3.361,1.3557,2.5333,3.0426,2.1564,2.1048,4.9381,1.4807,2.0459,4.3928,1.5279,1.6322,3.3055,1.4232,2.913,3.4009,0.54778,2.4266,2.8529,0.86927,2.4507,2.9988,0.22337,2.6098,3.329,1.6365,2.2946,4.1637,0.55635,2.4307,2.8203,1.0127,2.2685,3.5907,1.3907,1.7788,4.2826,0.30499,2.3311,3.3611,1.5247,1.6018,3.2978,0.53787,2.4278,2.8477,3.3244,2.8592,6.2638,1.94,2.5666,3.9986,2.03,2.1985,4.6468,2.4196,2.766,5.0289,1.9057,1.9156,3.8637,1.2894,1.7554,3.7125,2.1861,2.1289,4.9906,1.3816,2.6366,3.9529,1.0971,3.0655,2.9301,4.7698,2.9328,0.47339,1.3663,2.7065,4.4387,1.909,1.9252,3.8794,1.3053,2.6432,2.9371,0.58531,2.7448,3.2133,1.0133,2.8976,4.2016,0.7431,2.5308,2.7211,0.67778,1.9931,2.9302,0.53465,2.4108,3.3816,1.5549,2.17,4.2937,1.4332,2.7155,4.4809,0.55715,1.9867,3.0148,1.9926,1.8543,3.8069,1.1885,1.7998,3.6811,2.2688,2.6713,4.7271,1.3595,1.6223,4.1262,1.3529,2.1549,3.1538,0.60903,2.0069,3.0267,0.5074,2.4358,2.6349,1.6438,2.3247,4.1719,2.2931,2.6606,4.7819,0.5799,2.0109,2.9907,1.572,1.6909,3.3425,0.35261,3.0589,2.2386,0.67006,2.5327,2.6701,3.0169,2.7477,6.0165,0.069347,2.8798,2.7442,4.6892,2.9494,0.39171,2.2686,2.3405,3.6096,1.255,3.0348,4.0732,1.334,2.3588,3.4747,1.0365,3.0558,3.8562,2.3267,2.2207,3.7363,1.1871,1.781,3.6783,2.4355,2.3541,4.5829,2.511,2.6761,4.0434,1.3159,2.6693,4.3653,1.9023,1.857,3.8367,1.2056,2.699,3.7264,2.3354,2.437,4.9189,1.6224,2.5653,3.422,2.1639,2.2159,4.1173,0.77442,1.9148,3.3471,2.2584,2.3975,3.6683,2.2797,2.3851,3.6536,2.2215,1.9568,4.9627,2.6112,2.2738,4.7797,2.3358,2.2306,3.7564,1.3701,1.5777,3.8737,2.3163,2.6835,4.8015,1.9018,1.8805,3.8487,0.77529,2.1178,4.0448,1.6015,1.7673,4.2469,2.3068,2.6739,4.7996,1.4507,2.3811,3.2637,6.0379,2.9035,2.3363,1.8448,1.7811,3.5095,1.887,2.954,4.1857,2.0816,1.9482,4.8287,1.1619,2.5692,4.3303,1.9152,2.1299,4.8533,1.6134,1.7233,3.9609,1.6061,2.01,3.3437,1.0917,2.6958,3.6381,0.99149,2.7885,3.8673,1.4373,2.4416,3.8757,1.1654,2.7239,3.6752,1.8238,1.6936,4.0753,0.92712,2.4534,2.799,1.9334,2.0867,4.4092,0.19285,2.7727,2.9512,1.0727,1.9382,4.2757,0.98129,2.3063,3.0717,1.657,2.3864,4.5859,0.97285,2.0427,2.8698,0.73087,1.9705,2.7444,1.6037,1.7208,3.966,0.94222,2.4479,2.8197,1.3644,1.5711,3.8419,2.7258,2.5745,4.5883,1.083,2.153,3.6148,1.1583,2.7528,3.684,1.9762,1.9737,4.4808,1.0615,1.9486,4.2634,1.86,1.6717,3.4578,1.6615,2.514,3.9964,2.1294,2.5386,4.8985,2.1342,2.385,3.6875,1.1996,3.0543,3.4222,1.4512,1.4615,4.2156,0.66264,2.9889,3.6683,1.6165,1.704,4.2128,0.73524,1.9849,2.7373,0.70843,2.1952,3.9564,2.6689,2.5943,4.5215,2.003,2.1052,3.4088,1.403,2.8722,3.5447,1.0767,2.2264,3.609,2.5426,2.0181,4.4979,1.4809,1.7269,4.4207,1.5803,2.5805,3.5894,2.0564,2.3274,4.0934,2.6647,2.3519,4.9531,0.49408,2.522,3.0166
213.42,0.095771,103.28,18.683,0.14722,305.74,1.4251,1.7756,4.0997,1.2747,2.2521,4.2651,1.1395,1.9318,4.2551,2.4328,2.6134,4.2812,0.85228,2.0366,4.2728,1.5116,2.6048,3.8907,3.3804,2.8034,6.2733,1.1039,1.9291,4.2472,1.7468,1.6074,4.2072,1.327,2.2421,4.3379,0.82838,2.0842,4.2191,3.0086,2.8264,4.5989,5.4391,2.6552,1.1619,1.3742,2.6877,3.7693,0.85773,2.1518,2.9681,2.6056,2.197,4.6945,1.471,1.6563,3.9548,0.57954,2.6857,3.6902,2.0429,1.7895,3.5287,1.0483,2.3956,3.1894,0.039165,2.298,3.2583,1.7419,1.6758,3.4392,1.8322,2.7035,4.0807,1.7966,1.7551,3.4315,1.4376,1.5992,3.9734,0.3566,2.2147,3.0448,2.2013,2.4692,4.5964,1.469,1.7647,3.2207,0.81969,1.989,2.7481,3.472,2.81,0.041335,2.1245,1.8535,3.6383,0.97484,2.7595,2.8942,1.9058,2.6294,4.1488,0.69638,1.9847,2.8168,1.0119,2.3968,3.1466,1.9747,1.9386,4.5957,1.7603,1.5999,3.9178,0.5726,2.2002,3.8121,1.2197,2.633,3.7879,0.81873,2.1834,3.0764,2.8134,2.4117,4.6068,2.2224,2.3141,4.9129,1.5385,1.6626,3.9636,1.9496,1.9505,4.5502,1.6076,2.2949,3.2642,0.6838,2.1928,3.002,2.4489,2.445,4.4364,1.8615,2.5659,4.6218,1.7911,2.6206,4.5429,2.818,2.4206,4.6849,1.2523,2.5788,3.789,1.8194,2.2655,4.4175,1.7459,2.8955,3.6594,0.69131,2.4623,2.6514,1.4874,2.166,4.6319,1.9199,2.9115,3.8449,0.25067,2.4303,3.2398,1.6596,1.5309,4.055,0.66983,2.0558,3.0315,2.2208,2.2365,4.6219,0.85581,2.4462,3.3489,0.89502,2.1434,3.1476,6.2542,2.8843,1.7897,2.0707,2.0149,4.7003,2.6815,2.4194,4.5567,2.5367,2.225,4.9613,1.8992,2.5839,4.1805,1.0764,1.6344,4.0968,4.6997,2.874,0.58885,0.85468,2.1116,3.0461,1.3154,2.0462,4.3722,1.023,2.1016,3.4595,1.9958,2.5964,4.1999,1.7613,1.4319,4.0763,1.2573,2.4952,3.1698,0.81511,2.4604,3.7583,2.0857,1.828,3.6422,1.5013,2.4404,3.4095,1.5944,2.5194,3.6726,1.5633,1.5502,4.2523,1.8284,2.5892,4.254,1.9068,2.5842,4.3556,3.4243,2.7646,6.1662,1.7493,1.4789,4.09,1.7705,1.9737,3.4454,1.9718,2.8819,4.7891,1.2571,2.5103,3.2224,2.5757,2.431,4.9034,1.1135,2.5847,4.073,1.5282,2.4331,3.4418,1.1246,1.807,4.0936,1.6839,1.5147,4.0474,1.7417,1.9815,3.4088,0.3116,2.9182,3.3715,2.9109,2.3073,4.6498,1.2964,1.9346,4.2238,1.3832,2.5748,3.5569,1.4231,2.4433,3.3441,1.8823,1.8543,3.6151,1.9406,2.4492,4.0266,1.0423,2.2758,3.163,2.5426,1.9744,5.1295,1.3208,2.5843,3.4735,1.3784,2.4762,3.2915,0.3678,2.9233,3.4164,0.63558,1.8372,2.8098,1.6534,1.9757,4.5108,1.4499,1.7592,4.1656,5.4083,2.8803,1.724,0.82644,2.0944,2.8339,1.0852,2.6336,4.0873,2.2553,2.5195,3.6163,2.5489,2.4147,4.874,2.8406,2.6664,4.5444,2.1082,2.4941,4.457,2.3477,2.1323,4.2401,0.76273,2.0537,3.2972,0.44732,2.4411,3.0105,0.57102,2.1332,3.6996,2.3776,2.438,4.4757,0.8604,2.4412,2.965,1.2439,1.6018,4.2823,1.6717,2.032,3.417,6.0939,2.6723,1.8418,3.3233,2.923,0.047193,0.84918,2.3986,3.0269,1.6701,1.6296,4.0652,1.4991,1.8921,3.1715,0.7827,2.4343,2.9221,2.1555,2.3413,4.874,1.2085,2.559,3.1659,1.0106,1.9559,3.5098,0.4628,1.9759,3.2926,1.7229,2.0243,3.401,2.3785,2.127,4.2311,2.1909,2.1481,5.0057,1.2639,1.6811,3.8362,0.69878,1.9819,2.7824,2.1997,2.1592,5.0272,2.3586,2.2301,4.5341,1.5761,2.419,3.9674,4.4184,2.9023,0.3463,1.9546,2.4055,4.0155,0.81791,1.9551,4.1147,1.2875,2.6146,4.289,3.71,2.822,6.279,1.5399,1.6314,3.2975,0.23735,2.2996,3.307,5.0659,2.9122,1.0179,0.65046,2.7541,3.3627,1.357,2.5335,3.0439,2.157,2.1039,4.9377,1.4807,2.0451,4.3933,1.5279,1.6323,3.3058,1.4243,2.9126,3.402,0.54916,2.4263,2.8549,0.86877,2.4504,2.9993,0.22296,2.6097,3.3285,1.6369,2.2951,4.1644,0.55773,2.4305,2.8217,1.0119,2.2701,3.5895,1.3907,1.7782,4.2824,0.30473,2.3315,3.3607,1.5246,1.6015,3.298,0.53903,2.4275,2.8494,3.3285,2.8588,6.2681,1.9388,2.566,3.9979,2.0309,2.1986,4.6477,2.4153,2.7656,5.0241,1.9058,1.9145,3.8629,1.2893,1.7545,3.713,2.1867,2.1284,4.9907,1.3815,2.6363,3.9524,1.0963,3.0653,2.9292,4.7708,2.9319,0.47433,1.3679,2.7066,4.4404,1.9091,1.9248,3.8794,1.306,2.6433,2.9381,0.58814,2.7443,3.2166,1.0148,2.8973,4.2034,0.74571,2.531,2.7233,0.67764,1.9938,2.9296,0.5346,2.4108,3.3811,1.5546,2.1695,4.2947,1.4354,2.7158,4.4827,0.55616,1.9871,3.0135,1.9927,1.8537,3.8069,1.1884,1.7992,3.6816,2.2669,2.6705,4.7244,1.3591,1.6234,4.1255,1.3521,2.1547,3.1534,0.60866,2.0077,3.0257,0.50796,2.4356,2.6358,1.6445,2.3257,4.1725,2.2909,2.6595,4.7791,0.57908,2.0117,2.9891,1.5721,1.6907,3.3427,0.3496,3.0591,2.2353,0.67106,2.5329,2.6711,3.0184,2.7476,6.0183,0.071624,2.8799,2.7469,4.6897,2.9486,0.39212,2.2678,2.3394,3.6079,1.2576,3.0339,4.0763,1.3325,2.36,3.4737,1.0385,3.0554,3.8588,2.3262,2.2206,3.7354,1.187,1.7801,3.6788,2.4355,2.3543,4.5831,2.51,2.6765,4.0434,1.3166,2.6692,4.3655,1.9025,1.8554,3.8358,1.2064,2.6979,3.7272,2.3341,2.4364,4.9168,1.6226,2.5645,3.4236,2.1639,2.2164,4.1176,0.77419,1.9151,3.3467,2.2572,2.3973,3.6672,2.2789,2.3848,3.6523,2.222,1.9574,4.9633,2.6108,2.2735,4.7795,2.3354,2.2306,3.7558,1.37,1.5775,3.8743,2.3147,2.683,4.7994,1.902,1.8795,3.8479,0.77528,2.1174,4.0459,1.6015,1.7664,4.2468,2.305,2.6732,4.7974,1.4508,2.381,3.2637,6.0393,2.9037,2.338,1.8447,1.7808,3.5099,1.8861,2.9531,4.1844,2.0825,1.9482,4.8295,1.1627,2.5691,4.331,1.9156,2.1297,4.8532,1.6134,1.7223,3.9608,1.6062,2.0101,3.3432,1.0925,2.6948,3.6388,0.99216,2.788,3.8677,1.438,2.4421,3.8762,1.1659,2.7231,3.6754,1.8236,1.6923,4.0751,0.92732,2.4533,2.7993,1.9338,2.087,4.4096,0.19424,2.7723,2.9525,1.0725,1.938,4.2759,0.98161,2.306,3.0723,1.6574,2.3864,4.586,0.97272,2.0422,2.8702,0.73076,1.9702,2.7445,1.6036,1.7199,3.966,0.94255,2.4477,2.8202,1.3642,1.5708,3.842,2.7254,2.5744,4.5879,1.0829,2.1533,3.6145,1.1587,2.7523,3.6844,1.9763,1.9735,4.4809,1.0613,1.9484,4.2635,1.8601,1.6719,3.4579,1.6615,2.5143,3.9964,2.1296,2.5384,4.8982,2.1339,2.3851,3.6872,1.1999,3.0541,3.4224,1.4512,1.4614,4.2154,0.66286,2.9888,3.6687,1.6164,1.7034,4.2126,0.73515,1.9847,2.7373,0.70865,2.1953,3.9565,2.6687,2.5942,4.5213,2.0032,2.1049,3.4085,1.4032,2.8716,3.5449,1.0766,2.2269,3.6086,2.5428,2.0184,4.4983,1.4808,1.7268,4.4207,1.5801,2.5804,3.5895,2.0564,2.3279,4.0937,2.6642,2.3517,4.9525,0.49468,2.5219,3.0173
213.42,0.095771,103.28,18.683,0.15391,303.37,1.4203,1.7722,4.0976,1.2761,2.2529,4.2687,1.136,1.93,4.2543,2.4311,2.6112,4.283,0.85152,2.0372,4.2732,1.5113,2.6098,3.8897,3.401,2.798,0.011428,1.0974,1.9268,4.2468,1.7475,1.6033,4.2048,1.3299,2.2442,4.3442,0.82659,2.0881,4.2185,3.0115,2.8258,4.6014,5.4251,2.6454,1.1462,1.3764,2.6865,3.7721,0.85143,2.1524,2.9626,2.615,2.2038,4.7106,1.4709,1.6582,3.9576,0.57185,2.6941,3.6733,2.0445,1.7911,3.5316,1.0357,2.398,3.1817,0.021347,2.2972,3.2353,1.7389,1.6749,3.4436,1.8272,2.7008,4.0762,1.7976,1.7585,3.4343,1.437,1.5996,3.9733,0.35404,2.2181,3.0349,2.2124,2.4763,4.6091,1.4699,1.7728,3.2228,0.81615,1.9912,2.7462,3.5173,2.8025,0.090743,2.1345,1.8583,3.6538,0.97395,2.7631,2.8938,1.9154,2.6344,4.162,0.69681,1.9904,2.8148,1.0025,2.3945,3.1472,1.9836,1.9402,4.6053,1.764,1.6003,3.9205,0.58191,2.1999,3.8214,1.2272,2.6417,3.7959,0.80762,2.189,3.0662,2.8261,2.4171,4.6181,2.2367,2.3224,4.9333,1.5422,1.6571,3.9644,1.9571,1.9538,4.5563,1.62,2.3014,3.2642,0.68044,2.1933,3.0027,2.4462,2.4462,4.4395,1.859,2.563,4.6058,1.784,2.6223,4.5216,2.8229,2.4214,4.6947,1.2484,2.5806,3.7781,1.8305,2.2655,4.4243,1.7391,2.8846,3.6523,0.69919,2.4595,2.6602,1.4767,2.1726,4.6252,1.9139,2.8975,3.8381,0.2507,2.4315,3.239,1.6591,1.5258,4.0527,0.66907,2.0542,3.0316,2.216,2.233,4.6152,0.85985,2.4333,3.3644,0.89289,2.1412,3.1527,6.2512,2.8833,1.7859,2.0762,2.0154,4.7058,2.6794,2.4187,4.5593,2.5339,2.2224,4.9487,1.8931,2.5713,4.1732,1.0749,1.6194,4.1071,4.6974,2.876,0.58595,0.85965,2.1098,3.055,1.3163,2.0423,4.3766,1.0214,2.1019,3.4583,1.9833,2.5852,4.1841,1.7653,1.4179,4.0704,1.2602,2.4913,3.1725,0.81849,2.4598,3.759,2.0865,1.8236,3.6383,1.4991,2.438,3.4098,1.5955,2.5141,3.6796,1.5585,1.5466,4.2536,1.8214,2.5779,4.2444,1.9008,2.5737,4.3473,3.4242,2.7641,6.165,1.7513,1.4732,4.0866,1.7724,1.9713,3.4448,1.9677,2.8789,4.7856,1.2605,2.5077,3.2272,2.5731,2.4302,4.8997,1.1165,2.5836,4.0748,1.5261,2.4321,3.4415,1.123,1.8053,4.0948,1.6849,1.5103,4.0459,1.7428,1.98,3.4077,0.31556,2.9172,3.3759,2.9107,2.307,4.6502,1.2957,1.9337,4.2245,1.3862,2.5712,3.562,1.4223,2.4424,3.3445,1.8832,1.8488,3.6117,1.9403,2.4508,4.0273,1.0413,2.2743,3.1634,2.5426,1.9731,5.129,1.3231,2.5805,3.4779,1.3767,2.4759,3.2906,0.37119,2.9224,3.4199,0.63477,1.8373,2.8081,1.6524,1.9749,4.5116,1.4493,1.757,4.1668,5.4069,2.8802,1.7227,0.82688,2.094,2.8351,1.0867,2.6338,4.0884,2.2565,2.5193,3.6164,2.5465,2.4135,4.8708,2.8406,2.6654,4.544,2.1075,2.4935,4.4559,2.3473,2.1324,4.2405,0.76255,2.0544,3.2966,0.44994,2.4403,3.0134,0.57025,2.1326,3.6997,2.3776,2.4375,4.4763,0.86204,2.4408,2.9669,1.2437,1.602,4.2822,1.6711,2.032,3.4164,6.0912,2.6718,1.8391,3.3228,2.9227,0.046837,0.84993,2.3979,3.0285,1.6702,1.6293,4.0648,1.4989,1.8923,3.1713,0.78321,2.434,2.9229,2.1552,2.341,4.8724,1.2096,2.5586,3.168,1.0107,1.9555,3.5102,0.462,1.9759,3.293,1.7231,2.0242,3.4,2.3782,2.1275,4.2315,2.1911,2.1478,5.0059,1.2635,1.6804,3.8365,0.69913,1.982,2.7829,2.2003,2.159,5.0277,2.359,2.2306,4.535,1.5762,2.4204,3.9674,4.4203,2.9009,0.34836,1.9545,2.4064,4.0158,0.81764,1.955,4.1146,1.2893,2.615,4.2905,3.7121,2.8217,6.2813,1.54,1.6314,3.2976,0.23627,2.2996,3.3059,5.0656,2.9111,1.018,0.65162,2.7535,3.3641,1.3582,2.5336,3.0449,2.1574,2.1033,4.9374,1.4806,2.0446,4.3937,1.5279,1.6323,3.3059,1.4253,2.9124,3.403,0.55021,2.4261,2.8564,0.86838,2.4502,2.9997,0.2226,2.6097,3.3281,1.6371,2.2954,4.1648,0.55878,2.4303,2.8228,1.0114,2.2715,3.5885,1.3906,1.7778,4.2822,0.30452,2.3319,3.3605,1.5246,1.6012,3.2982,0.53992,2.4273,2.8507,3.3316,2.8585,6.2716,1.9377,2.5655,3.9973,2.0317,2.1986,4.6483,2.4119,2.7653,5.0202,1.9059,1.9134,3.8624,1.2892,1.7539,3.7133,2.1871,2.128,4.9907,1.3815,2.6362,3.9521,1.0957,3.0652,2.9286,4.7717,2.9313,0.47508,1.3692,2.7067,4.4416,1.9092,1.9245,3.8794,1.3066,2.6434,2.9389,0.59035,2.7439,3.2192,1.0162,2.8972,4.2046,0.74776,2.5311,2.725,0.67753,1.9944,2.9291,0.53457,2.4108,3.3808,1.5545,2.1692,4.2954,1.4372,2.716,4.4843,0.55539,1.9873,3.0124,1.9928,1.8533,3.8069,1.1883,1.7988,3.6819,2.2653,2.6699,4.7223,1.3589,1.6243,4.125,1.3515,2.1545,3.1532,0.60838,2.0083,3.0248,0.50839,2.4354,2.6364,1.645,2.3265,4.173,2.2892,2.6587,4.7769,0.57842,2.0122,2.9878,1.5722,1.6905,3.3428,0.34725,3.0593,2.2327,0.67184,2.5331,2.6717,3.0197,2.7475,6.0197,0.073385,2.88,2.7489,4.6902,2.9481,0.39248,2.2672,2.3385,3.6065,1.2596,3.0333,4.0787,1.3315,2.3609,3.4728,1.0401,3.0552,3.8608,2.3258,2.2204,3.7347,1.1869,1.7794,3.6792,2.4356,2.3545,4.5832,2.5091,2.6768,4.0435,1.3171,2.6691,4.3657,1.9025,1.8541,3.8351,1.207,2.697,3.7277,2.333,2.4359,4.9151,1.6227,2.5639,3.4249,2.1638,2.2167,4.1178,0.77401,1.9153,3.3464,2.2563,2.3972,3.6664,2.2782,2.3845,3.6513,2.2223,1.9578,4.9637,2.6104,2.2734,4.7793,2.3351,2.2306,3.7554,1.3699,1.5774,3.8747,2.3133,2.6826,4.7977,1.9021,1.8787,3.8474,0.77528,2.1172,4.0467,1.6015,1.7658,4.2467,2.3036,2.6727,4.7957,1.4508,2.381,3.2637,6.0405,2.9039,2.3392,1.8447,1.7807,3.5102,1.8854,2.9525,4.1834,2.0831,1.9482,4.8302,1.1632,2.569,4.3315,1.9158,2.1295,4.8531,1.6134,1.7216,3.9608,1.6062,2.0102,3.3429,1.093,2.6942,3.6392,0.99265,2.7877,3.8679,1.4385,2.4425,3.8765,1.1662,2.7224,3.6755,1.8235,1.6914,4.075,0.92748,2.4533,2.7996,1.934,2.0872,4.4099,0.19533,2.772,2.9536,1.0724,1.9378,4.276,0.98185,2.3057,3.0728,1.6576,2.3863,4.586,0.97261,2.0419,2.8704,0.73066,1.9699,2.7445,1.6036,1.7192,3.966,0.9428,2.4476,2.8206,1.364,1.5707,3.8421,2.7252,2.5743,4.5877,1.0829,2.1535,3.6144,1.159,2.7519,3.6847,1.9763,1.9734,4.481,1.0611,1.9483,4.2636,1.8602,1.6721,3.458,1.6615,2.5146,3.9964,2.1298,2.5383,4.8979,2.1337,2.3852,3.687,1.2001,3.0539,3.4226,1.4513,1.4614,4.2152,0.66304,2.9887,3.669,1.6164,1.703,4.2124,0.73509,1.9845,2.7372,0.70882,2.1953,3.9566,2.6685,2.5941,4.5212,2.0033,2.1047,3.4082,1.4034,2.8711,3.545,1.0765,2.2273,3.6083,2.5429,2.0186,4.4986,1.4806,1.7267,4.4207,1.5799,2.5802,3.5897,2.0564,2.3282,4.0939,2.6639,2.3515,4.9521,0.49513,2.5218,3.0178
213.42,0.095771,103.28,18.683,0.1606,300.35,1.4159,1.7695,4.0956,1.2775,2.2537,4.2721,1.1328,1.9287,4.2535,2.4297,2.6093,4.2849,0.8508,2.0379,4.2734,1.511,2.6145,3.8888,3.4217,2.7925,0.03352,1.0912,1.9251,4.2461,1.7484,1.5998,4.2028,1.3327,2.2465,4.3503,0.82476,2.0918,4.2178,3.0141,2.8252,4.6035,5.4119,2.6355,1.1315,1.3782,2.6861,3.7743,0.84527,2.1533,2.9569,2.6245,2.2103,4.7264,1.4708,1.6604,3.9605,0.56312,2.7026,3.6556,2.0459,1.7926,3.5343,1.0224,2.4008,3.1727,6.2453,2.2962,3.2122,1.7358,1.6745,3.4482,1.823,2.6987,4.0729,1.7986,1.7621,3.4371,1.4367,1.6015,3.9725,0.35108,2.2215,3.0244,2.2245,2.4843,4.6227,1.471,1.782,3.225,0.81227,1.9933,2.7441,3.5657,2.7934,0.14321,2.1444,1.8629,3.6692,0.97357,2.7666,2.8938,1.9256,2.6397,4.1755,0.69645,1.9965,2.8117,0.99154,2.3928,3.1466,1.9936,1.9425,4.616,1.7675,1.6027,3.9228,0.59178,2.2,3.831,1.2341,2.6514,3.8042,0.79649,2.1945,3.056,2.8372,2.4221,4.627,2.2539,2.3306,4.9562,1.5459,1.651,3.965,1.9656,1.9574,4.5634,1.6326,2.3073,3.2633,0.6779,2.1925,3.006,2.4421,2.4463,4.4413,1.8565,2.5595,4.589,1.777,2.6242,4.5,2.8232,2.4213,4.6992,1.2444,2.5825,3.7677,1.8419,2.2646,4.4307,1.7328,2.8736,3.6459,0.70733,2.4562,2.6695,1.465,2.1779,4.6184,1.9083,2.8827,3.8317,0.25162,2.4324,3.2402,1.6585,1.5205,4.0503,0.66872,2.0522,3.0324,2.2109,2.229,4.6082,0.86316,2.4205,3.3795,0.8909,2.1394,3.1591,6.2497,2.8822,1.7839,2.0815,2.0153,4.7106,2.6757,2.4167,4.5593,2.5313,2.2203,4.9367,1.8875,2.5594,4.1662,1.0734,1.6041,4.1176,4.6945,2.8781,0.58207,0.86469,2.1077,3.0642,1.3172,2.0384,4.3805,1.02,2.1019,3.4575,1.9713,2.5737,4.1688,1.7693,1.4034,4.0644,1.2628,2.4876,3.1749,0.82181,2.459,3.7599,2.0872,1.8196,3.6347,1.4974,2.4353,3.4105,1.5965,2.5087,3.6862,1.5543,1.543,4.2549,1.8151,2.5674,4.2358,1.8953,2.5638,4.3394,3.4237,2.7636,6.1634,1.753,1.4678,4.0834,1.774,1.969,3.4441,1.9641,2.8762,4.7824,1.2635,2.5052,3.2314,2.5708,2.4295,4.8964,1.1192,2.5826,4.0764,1.5244,2.4311,3.4413,1.1218,1.8038,4.0958,1.6859,1.5062,4.0445,1.7438,1.9786,3.4069,0.31937,2.9162,3.38,2.9105,2.3068,4.6504,1.295,1.9329,4.2251,1.3888,2.5681,3.5662,1.4216,2.4416,3.3448,1.8839,1.8437,3.6088,1.94,2.452,4.0279,1.0406,2.2729,3.1639,2.5426,1.972,5.1286,1.3249,2.577,3.4814,1.3753,2.4755,3.2899,0.37423,2.9217,3.423,0.63409,1.8374,2.8069,1.6517,1.9743,4.5122,1.4488,1.7551,4.1677,5.406,2.8801,1.7219,0.82729,2.0936,2.8361,1.0879,2.6339,4.0894,2.2575,2.5192,3.6166,2.5446,2.4127,4.8683,2.8405,2.6646,4.5436,2.107,2.4929,4.455,2.3469,2.1324,4.2408,0.76242,2.0549,3.2961,0.45204,2.4397,3.0158,0.56962,2.132,3.6999,2.3775,2.4371,4.4768,0.86326,2.4406,2.9683,1.2436,1.6022,4.2821,1.6705,2.032,3.4159,6.0892,2.6714,1.837,3.3223,2.9225,0.046363,0.85048,2.3975,3.0296,1.6703,1.629,4.0645,1.4987,1.8925,3.1712,0.78358,2.4337,2.9235,2.155,2.3407,4.8713,1.2106,2.5582,3.1696,1.0107,1.9551,3.5106,0.46145,1.9759,3.2933,1.7233,2.0241,3.3993,2.3779,2.1279,4.2318,2.1913,2.1476,5.0061,1.2632,1.68,3.8368,0.6994,1.982,2.7832,2.2007,2.1589,5.0281,2.3594,2.2309,4.5357,1.5763,2.4214,3.9674,4.4218,2.8999,0.34996,1.9545,2.4071,4.016,0.81745,1.955,4.1146,1.2906,2.6154,4.2916,3.7136,2.8215,0.04097,1.54,1.6315,3.2977,0.23545,2.2995,3.3051,5.0653,2.9102,1.018,0.65251,2.7531,3.3652,1.359,2.5337,3.0457,2.1577,2.1028,4.9372,1.4806,2.0442,4.394,1.5279,1.6323,3.3061,1.4261,2.9122,3.4038,0.55097,2.426,2.8575,0.86809,2.45,3.0,0.22229,2.6097,3.3277,1.6373,2.2957,4.1652,0.55952,2.4302,2.8235,1.0109,2.2724,3.5877,1.3905,1.7775,4.282,0.30436,2.3321,3.3604,1.5245,1.6011,3.2983,0.54056,2.4272,2.8517,3.334,2.8583,6.2742,1.937,2.5651,3.9969,2.0322,2.1987,4.6488,2.4094,2.765,5.0172,1.906,1.9127,3.8619,1.2891,1.7534,3.7135,2.1875,2.1277,4.9908,1.3814,2.6361,3.9518,1.0952,3.0651,2.928,4.7724,2.9308,0.47567,1.3701,2.7068,4.4426,1.9092,1.9243,3.8794,1.307,2.6434,2.9394,0.59199,2.7436,3.2211,1.0171,2.8971,4.2056,0.7493,2.5312,2.7263,0.67745,1.9948,2.9289,0.53454,2.4108,3.3806,1.5543,2.1689,4.2959,1.4384,2.7161,4.4853,0.55481,1.9875,3.0117,1.9928,1.853,3.8068,1.1882,1.7985,3.6822,2.2642,2.6695,4.7208,1.3586,1.6249,4.1246,1.351,2.1544,3.153,0.60817,2.0087,3.0242,0.50869,2.4353,2.6369,1.6454,2.3271,4.1734,2.2879,2.6581,4.7752,0.57795,2.0126,2.9868,1.5722,1.6904,3.343,0.34552,3.0594,2.2308,0.67242,2.5332,2.6723,3.0205,2.7475,6.0207,0.074646,2.8801,2.7503,4.6905,2.9478,0.39275,2.2668,2.3379,3.6056,1.2611,3.0328,4.0803,1.3307,2.3615,3.4722,1.0412,3.055,3.8622,2.3256,2.2203,3.7342,1.1869,1.7789,3.6794,2.4356,2.3546,4.5834,2.5084,2.6771,4.0435,1.3175,2.669,4.3659,1.9026,1.8531,3.8346,1.2074,2.6964,3.7281,2.3323,2.4356,4.9139,1.6228,2.5634,3.4259,2.1638,2.217,4.118,0.77388,1.9154,3.3461,2.2557,2.3971,3.6658,2.2777,2.3843,3.6506,2.2226,1.9581,4.964,2.6102,2.2732,4.7792,2.3349,2.2306,3.7551,1.3698,1.5773,3.875,2.3124,2.6822,4.7965,1.9021,1.8781,3.847,0.77528,2.117,4.0473,1.6015,1.7654,4.2466,2.3026,2.6723,4.7944,1.4509,2.3809,3.2637,6.0413,2.904,2.3401,1.8447,1.7805,3.5104,1.8848,2.952,4.1827,2.0836,1.9481,4.8306,1.1636,2.5689,4.3319,1.916,2.1294,4.853,1.6135,1.7211,3.9607,1.6063,2.0102,3.3426,1.0933,2.6937,3.6396,0.99301,2.7875,3.8681,1.4389,2.4428,3.8768,1.1664,2.722,3.6756,1.8234,1.6907,4.0749,0.92759,2.4533,2.7997,1.9342,2.0873,4.4101,0.19613,2.7718,2.9543,1.0723,1.9376,4.2761,0.98202,2.3056,3.0731,1.6578,2.3863,4.5861,0.97254,2.0416,2.8705,0.7306,1.9698,2.7445,1.6035,1.7187,3.966,0.94299,2.4476,2.8209,1.3639,1.5705,3.8421,2.725,2.5742,4.5876,1.0829,2.1536,3.6143,1.1592,2.7516,3.6849,1.9763,1.9734,4.481,1.061,1.9482,4.2636,1.8602,1.6722,3.4581,1.6615,2.5148,3.9964,2.1299,2.5382,4.8977,2.1336,2.3852,3.6868,1.2003,3.0538,3.4227,1.4513,1.4613,4.2151,0.66317,2.9887,3.6692,1.6164,1.7027,4.2123,0.73504,1.9844,2.7372,0.70895,2.1953,3.9567,2.6684,2.5941,4.5211,2.0034,2.1046,3.408,1.4036,2.8708,3.5451,1.0764,2.2275,3.6081,2.543,2.0187,4.4989,1.4806,1.7266,4.4207,1.5797,2.5802,3.5898,2.0564,2.3285,4.0941,2.6636,2.3514,4.9517,0.49546,2.5217,3.0182
213.42,0.095771,103.28,18.683,0.1673,296.99,1.4119,1.7675,4.094,1.2789,2.2543,4.2753,1.1302,1.9278,4.2525,2.4286,2.6076,4.287,0.85015,2.0386,4.2735,1.5108,2.6189,3.888,3.441,2.787,0.055564,1.0857,1.924,4.2451,1.7492,1.5969,4.201,1.3352,2.2489,4.3556,0.82304,2.0953,4.2172,3.0164,2.8247,4.6055,5.4,2.6262,1.1183,1.3795,2.6864,3.776,0.83949,2.1542,2.9512,2.6337,2.2162,4.7416,1.4709,1.663,3.9632,0.55383,2.7107,3.6378,2.0473,1.794,3.537,1.009,2.4043,3.1628,6.2687,2.2951,3.1894,1.7327,1.6746,3.4528,1.8194,2.6978,4.0706,1.7995,1.7659,3.4401,1.437,1.6055,3.9707,0.34779,2.2249,3.0138,2.2374,2.4927,4.6368,1.4722,1.7918,3.2271,0.80825,1.9955,2.7418,3.6156,2.7828,0.19753,2.1534,1.8677,3.6836,0.97389,2.7699,2.8943,1.936,2.6451,4.1888,0.69498,2.0031,2.8069,0.97828,2.3922,3.1439,2.0047,1.9458,4.628,1.7707,1.607,3.9247,0.60163,2.2004,3.8406,1.2391,2.663,3.8115,0.78521,2.2007,3.0455,2.848,2.4265,4.6359,2.2722,2.3374,4.9794,1.5493,1.6449,3.9654,1.975,1.9618,4.5716,1.6447,2.3127,3.2611,0.67666,2.1905,3.0131,2.4363,2.4445,4.4413,1.8534,2.5547,4.5716,1.7708,2.6266,4.4794,2.8186,2.4197,4.6977,1.2404,2.5848,3.7582,1.853,2.2624,4.4361,1.7265,2.8624,3.6397,0.71625,2.4522,2.6793,1.4526,2.1812,4.6122,1.903,2.8671,3.8258,0.25183,2.4335,3.2426,1.6578,1.5148,4.0476,0.66887,2.0497,3.0342,2.2057,2.2245,4.6011,0.86605,2.4079,3.3943,0.88907,2.1377,3.1657,6.2501,2.8812,1.784,2.0864,2.0147,4.7145,2.6708,2.4136,4.5572,2.5271,2.2185,4.9233,1.8825,2.5484,4.1599,1.0718,1.5888,4.1279,4.694,2.8804,0.58046,0.86923,2.105,3.0729,1.3181,2.0346,4.3842,1.0189,2.1017,3.4569,1.96,2.5622,4.1544,1.7736,1.3887,4.0584,1.265,2.484,3.177,0.82499,2.4579,3.761,2.0877,1.816,3.6315,1.4961,2.4324,3.4114,1.5973,2.5036,3.6918,1.5507,1.5396,4.2559,1.8098,2.558,4.2284,1.8905,2.5549,4.3323,3.4227,2.7633,6.1615,1.7546,1.4629,4.0805,1.7753,1.9668,3.4435,1.9606,2.8738,4.7791,1.2662,2.5029,3.2352,2.5687,2.4288,4.8935,1.1214,2.5816,4.0778,1.523,2.4302,3.441,1.1209,1.8024,4.0966,1.6867,1.5024,4.0432,1.7445,1.9774,3.4062,0.32291,2.9154,3.3838,2.9103,2.3066,4.6505,1.2945,1.9323,4.2256,1.391,2.5651,3.5699,1.4211,2.4409,3.3451,1.8845,1.8392,3.6062,1.9397,2.4529,4.0283,1.0401,2.2715,3.1644,2.5426,1.9711,5.1281,1.3267,2.5734,3.4848,1.3743,2.4752,3.2893,0.37683,2.9211,3.4257,0.63358,1.8374,2.806,1.6511,1.9737,4.5126,1.4483,1.7532,4.1685,5.4055,2.8801,1.7215,0.82764,2.0934,2.837,1.0889,2.6339,4.0902,2.2584,2.5191,3.6167,2.5431,2.412,4.8663,2.8404,2.664,4.5432,2.1067,2.4925,4.4544,2.3466,2.1323,4.241,0.76235,2.0553,3.2959,0.45361,2.4392,3.0176,0.56917,2.1316,3.7001,2.3775,2.4368,4.4771,0.86414,2.4404,2.9693,1.2435,1.6023,4.282,1.6701,2.032,3.4156,6.0877,2.6711,1.8355,3.3218,2.9224,0.045957,0.85087,2.3971,3.0304,1.6704,1.6288,4.0643,1.4985,1.8926,3.1711,0.78386,2.4336,2.9239,2.1549,2.3404,4.8704,1.2114,2.558,3.1708,1.0108,1.9548,3.511,0.46105,1.9759,3.2935,1.7234,2.0241,3.3987,2.3776,2.1281,4.2321,2.1914,2.1475,5.0062,1.263,1.6796,3.837,0.69961,1.982,2.7835,2.2011,2.1587,5.0283,2.3597,2.2312,4.5362,1.5763,2.4222,3.9674,4.4229,2.8991,0.35113,1.9544,2.4076,4.0161,0.81731,1.9549,4.1145,1.2916,2.6157,4.2924,3.7147,2.8213,0.00099615,1.54,1.6315,3.2978,0.23487,2.2995,3.3045,5.0652,2.9095,1.0181,0.65314,2.7528,3.3659,1.3597,2.5337,3.0463,2.158,2.1024,4.9371,1.4805,2.0439,4.3942,1.5279,1.6324,3.3062,1.4267,2.912,3.4044,0.5515,2.4259,2.8582,0.86786,2.4498,3.0002,0.22206,2.6097,3.3275,1.6375,2.2959,4.1654,0.56005,2.4301,2.8241,1.0106,2.2731,3.5871,1.3905,1.7773,4.2819,0.30424,2.3323,3.3603,1.5245,1.601,3.2983,0.54103,2.4271,2.8524,3.3357,2.8582,6.276,1.9364,2.5648,3.9966,2.0326,2.1987,4.6492,2.4075,2.7649,5.0151,1.906,1.9121,3.8616,1.2891,1.753,3.7137,2.1877,2.1275,4.9908,1.3814,2.636,3.9517,1.0948,3.065,2.9277,4.7729,2.9304,0.4761,1.3708,2.7069,4.4433,1.9093,1.9242,3.8794,1.3073,2.6435,2.9398,0.59316,2.7433,3.2225,1.0178,2.897,4.2063,0.75042,2.5312,2.7273,0.6774,1.9951,2.9286,0.53452,2.4108,3.3804,1.5542,2.1687,4.2963,1.4394,2.7162,4.4861,0.5544,1.9877,3.0112,1.9929,1.8528,3.8068,1.1882,1.7982,3.6824,2.2634,2.6691,4.7197,1.3585,1.6253,4.1243,1.3506,2.1543,3.1528,0.60801,2.009,3.0238,0.50891,2.4353,2.6372,1.6456,2.3276,4.1736,2.2869,2.6576,4.774,0.5776,2.0129,2.9862,1.5723,1.6903,3.3431,0.34428,3.0595,2.2294,0.67283,2.5333,2.6726,3.0212,2.7475,6.0214,0.075551,2.8801,2.7513,4.6908,2.9475,0.39297,2.2665,2.3374,3.6048,1.2621,3.0324,4.0815,1.3301,2.362,3.4718,1.0421,3.0548,3.8632,2.3254,2.2203,3.7339,1.1868,1.7786,3.6796,2.4357,2.3546,4.5834,2.5079,2.6772,4.0435,1.3177,2.669,4.366,1.9026,1.8524,3.8343,1.2078,2.6959,3.7284,2.3318,2.4353,4.913,1.6229,2.5631,3.4266,2.1638,2.2171,4.1181,0.77379,1.9155,3.3459,2.2552,2.397,3.6654,2.2773,2.3842,3.65,2.2228,1.9583,4.9642,2.61,2.2732,4.7791,2.3347,2.2306,3.7548,1.3698,1.5773,3.8752,2.3117,2.682,4.7956,1.9022,1.8777,3.8467,0.77528,2.1168,4.0477,1.6016,1.765,4.2465,2.3019,2.672,4.7935,1.4509,2.3809,3.2637,6.0418,2.9042,2.3408,1.8446,1.7805,3.5105,1.8844,2.9516,4.1821,2.084,1.9481,4.831,1.1639,2.5689,4.3322,1.9162,2.1293,4.853,1.6135,1.7207,3.9607,1.6063,2.0103,3.3424,1.0936,2.6934,3.6398,0.99328,2.7873,3.8682,1.4392,2.443,3.877,1.1665,2.7216,3.6757,1.8233,1.6902,4.0748,0.92767,2.4532,2.7999,1.9344,2.0875,4.4102,0.1967,2.7717,2.9548,1.0722,1.9375,4.2762,0.98216,2.3054,3.0734,1.658,2.3863,4.5861,0.97248,2.0414,2.8707,0.73055,1.9697,2.7446,1.6035,1.7184,3.966,0.94313,2.4475,2.8211,1.3639,1.5704,3.8422,2.7249,2.5742,4.5874,1.0829,2.1537,3.6142,1.1594,2.7514,3.685,1.9763,1.9733,4.4811,1.0609,1.9481,4.2637,1.8603,1.6722,3.4581,1.6615,2.5149,3.9963,2.1299,2.5381,4.8976,2.1335,2.3852,3.6867,1.2004,3.0537,3.4227,1.4514,1.4613,4.215,0.66327,2.9886,3.6693,1.6164,1.7025,4.2122,0.73501,1.9844,2.7372,0.70904,2.1954,3.9567,2.6683,2.594,4.5211,2.0034,2.1045,3.4079,1.4037,2.8705,3.5452,1.0764,2.2277,3.608,2.5431,2.0188,4.499,1.4805,1.7266,4.4207,1.5796,2.5801,3.5899,2.0563,2.3287,4.0942,2.6634,2.3513,4.9515,0.4957,2.5217,3.0185
213.42,0.095771,103.28,18.683,0.17399,293.07,1.4086,1.7662,4.0927,1.28,2.2549,4.2779,1.1281,1.9275,4.2516,2.4279,2.6063,4.2889,0.84959,2.0392,4.2736,1.5106,2.6228,3.8874,3.4587,2.7819,0.075257,1.081,1.9239,4.2437,1.75,1.5948,4.1996,1.3373,2.2512,4.3601,0.82146,2.0984,4.2165,3.0185,2.8243,4.6073,5.3898,2.6178,1.1071,1.3804,2.6871,3.777,0.83431,2.1552,2.9459,2.6425,2.2215,4.7561,1.4711,1.6661,3.9657,0.54382,2.7183,3.6202,2.0485,1.7954,3.5394,0.99544,2.4089,3.152,6.2512,2.2941,3.1673,1.7299,1.6757,3.4575,1.8168,2.6989,4.0698,1.8005,1.7703,3.4431,1.4375,1.6125,3.9681,0.34418,2.2278,3.0033,2.2508,2.5014,4.6511,1.4734,1.8022,3.2291,0.80396,1.9984,2.739,3.6677,2.77,0.25436,2.1611,1.8727,3.6966,0.97441,2.7729,2.8948,1.9459,2.6506,4.2016,0.69181,2.0106,2.7994,0.96176,2.3938,3.1379,2.0173,1.9505,4.6417,1.7739,1.6135,3.9261,0.61092,2.2014,3.8493,1.2416,2.6769,3.817,0.77306,2.2084,3.0333,2.8607,2.4302,4.648,2.2901,2.3426,5.0009,1.5516,1.6388,3.9651,1.9854,1.9674,4.5815,1.6554,2.318,3.2588,0.67826,2.1865,3.0259,2.4274,2.4402,4.4382,1.851,2.5494,4.5555,1.7659,2.6295,4.4606,2.8084,2.4169,4.689,1.2364,2.5884,3.7499,1.864,2.2581,4.4401,1.7198,2.8505,3.6327,0.72654,2.4469,2.6909,1.4393,2.1823,4.6066,1.8978,2.8504,3.8198,0.25057,2.4329,3.2442,1.6569,1.5086,4.0447,0.66956,2.0469,3.0369,2.2005,2.2195,4.5939,0.86893,2.3952,3.4094,0.88664,2.1363,3.1717,6.2522,2.8803,1.7861,2.0906,2.0134,4.7175,2.6654,2.4095,4.5536,2.5226,2.2175,4.9083,1.878,2.5384,4.1542,1.0704,1.573,4.138,4.6968,2.8824,0.58239,0.87326,2.1016,3.0813,1.3189,2.0309,4.3873,1.0181,2.1012,3.4566,1.9494,2.5504,4.1404,1.7782,1.3735,4.0522,1.2669,2.4807,3.1787,0.82793,2.4567,3.7623,2.088,1.8129,3.6288,1.4953,2.4297,3.4122,1.5976,2.4986,3.6963,1.5478,1.5361,4.2564,1.8052,2.5497,4.222,1.886,2.5469,4.3256,3.4215,2.7631,6.1595,1.756,1.4584,4.078,1.7763,1.9649,3.443,1.9572,2.8718,4.7759,1.2684,2.5009,3.2383,2.5671,2.4283,4.8912,1.1231,2.5808,4.0788,1.5219,2.4294,3.4408,1.1201,1.8013,4.0973,1.6873,1.4992,4.0422,1.7451,1.9764,3.4058,0.32602,2.9148,3.3871,2.9101,2.3064,4.6504,1.2942,1.9317,4.2259,1.3929,2.5624,3.5731,1.4207,2.4403,3.3453,1.885,1.8353,3.6042,1.9395,2.4535,4.0286,1.0397,2.2702,3.165,2.5425,1.9703,5.1277,1.3283,2.5693,3.4878,1.3735,2.475,3.2889,0.37888,2.9206,3.4277,0.6332,1.8374,2.8054,1.6507,1.9733,4.5128,1.448,1.7514,4.1691,5.4052,2.8801,1.7213,0.82791,2.0932,2.8376,1.0895,2.6338,4.0908,2.2591,2.519,3.6168,2.542,2.4115,4.8649,2.8403,2.6636,4.5429,2.1064,2.4923,4.454,2.3464,2.1322,4.2411,0.76231,2.0555,3.2957,0.45471,2.4388,3.0188,0.56886,2.1313,3.7003,2.3775,2.4366,4.4773,0.86472,2.4403,2.97,1.2434,1.6024,4.282,1.6699,2.032,3.4153,6.0868,2.671,1.8345,3.3214,2.9223,0.045642,0.85114,2.3969,3.031,1.6704,1.6287,4.0641,1.4983,1.8927,3.171,0.78403,2.4334,2.9242,2.1547,2.3403,4.8698,1.2119,2.5578,3.1717,1.0108,1.9546,3.5112,0.4608,1.976,3.2937,1.7234,2.024,3.3984,2.3775,2.1283,4.2322,2.1915,2.1474,5.0062,1.2629,1.6794,3.8372,0.69976,1.9821,2.7837,2.2013,2.1587,5.0285,2.3599,2.2314,4.5365,1.5764,2.4227,3.9674,4.4236,2.8986,0.35194,1.9544,2.408,4.0162,0.81721,1.9549,4.1145,1.2922,2.6158,4.2929,3.7154,2.8212,0.0018592,1.5401,1.6315,3.2978,0.23446,2.2995,3.3041,5.0651,2.9091,1.0182,0.65355,2.7526,3.3664,1.3601,2.5338,3.0467,2.1581,2.1022,4.9369,1.4805,2.0437,4.3944,1.5279,1.6324,3.3062,1.427,2.9119,3.4048,0.55186,2.4258,2.8587,0.8677,2.4497,3.0003,0.2219,2.6097,3.3273,1.6376,2.296,4.1656,0.56041,2.4301,2.8244,1.0104,2.2736,3.5868,1.3904,1.7771,4.2818,0.30417,2.3324,3.3603,1.5244,1.6009,3.2984,0.54133,2.427,2.8528,3.3368,2.8581,6.2772,1.936,2.5646,3.9963,2.0329,2.1987,4.6494,2.4062,2.7647,5.0136,1.906,1.9117,3.8614,1.289,1.7528,3.7138,2.1879,2.1273,4.9908,1.3814,2.636,3.9515,1.0946,3.065,2.9274,4.7733,2.9301,0.47642,1.3712,2.7069,4.4437,1.9093,1.9241,3.8794,1.3075,2.6435,2.9401,0.59393,2.7432,3.2234,1.0183,2.8969,4.2068,0.75118,2.5313,2.7279,0.67737,1.9952,2.9285,0.5345,2.4108,3.3803,1.5541,2.1686,4.2966,1.44,2.7163,4.4867,0.55413,1.9878,3.0109,1.9929,1.8526,3.8068,1.1882,1.7981,3.6825,2.2629,2.6689,4.719,1.3584,1.6256,4.1241,1.3504,2.1543,3.1527,0.60791,2.0092,3.0235,0.50906,2.4352,2.6375,1.6458,2.3279,4.1738,2.2863,2.6573,4.7732,0.57738,2.0131,2.9857,1.5723,1.6902,3.3431,0.34347,3.0596,2.2285,0.67313,2.5334,2.6729,3.0216,2.7474,6.0218,0.076152,2.8801,2.752,4.691,2.9473,0.39312,2.2663,2.3371,3.6043,1.2627,3.0322,4.0823,1.3297,2.3623,3.4715,1.0426,3.0547,3.8638,2.3253,2.2202,3.7336,1.1868,1.7784,3.6797,2.4357,2.3547,4.5835,2.5076,2.6773,4.0435,1.3179,2.6689,4.3661,1.9026,1.8519,3.834,1.208,2.6956,3.7286,2.3315,2.4352,4.9124,1.623,2.5629,3.427,2.1638,2.2173,4.1181,0.77373,1.9156,3.3458,2.2549,2.397,3.6651,2.2771,2.3841,3.6497,2.2229,1.9585,4.9644,2.6099,2.2731,4.779,2.3346,2.2306,3.7547,1.3698,1.5773,3.8754,2.3112,2.6819,4.795,1.9022,1.8774,3.8465,0.77529,2.1167,4.048,1.6016,1.7648,4.2465,2.3014,2.6718,4.7929,1.4509,2.3809,3.2637,6.0422,2.9042,2.3413,1.8446,1.7804,3.5107,1.8842,2.9514,4.1818,2.0842,1.9481,4.8312,1.1641,2.5689,4.3324,1.9163,2.1293,4.8529,1.6135,1.7204,3.9607,1.6063,2.0103,3.3422,1.0938,2.6931,3.64,0.99345,2.7872,3.8683,1.4394,2.4431,3.8771,1.1666,2.7214,3.6757,1.8232,1.6898,4.0748,0.92773,2.4532,2.7999,1.9345,2.0876,4.4103,0.19708,2.7716,2.9552,1.0722,1.9375,4.2763,0.98223,2.3054,3.0736,1.6581,2.3863,4.5861,0.97244,2.0413,2.8708,0.73052,1.9696,2.7446,1.6034,1.7181,3.9659,0.94322,2.4475,2.8213,1.3638,1.5704,3.8422,2.7248,2.5741,4.5874,1.0828,2.1538,3.6142,1.1595,2.7512,3.6851,1.9763,1.9733,4.4811,1.0608,1.9481,4.2637,1.8603,1.6723,3.4581,1.6615,2.515,3.9963,2.13,2.538,4.8975,2.1334,2.3852,3.6866,1.2005,3.0536,3.4228,1.4514,1.4613,4.215,0.66335,2.9886,3.6694,1.6164,1.7024,4.2122,0.73498,1.9843,2.7372,0.7091,2.1954,3.9568,2.6682,2.594,4.521,2.0035,2.1044,3.4077,1.4038,2.8704,3.5452,1.0763,2.2279,3.6079,2.5431,2.0189,4.4991,1.4805,1.7266,4.4207,1.5795,2.5801,3.5899,2.0563,2.3288,4.0943,2.6633,2.3512,4.9514,0.49586,2.5217,3.0187
213.42,0.095771,103.28,18.683,0.18068,290.08,1.4059,1.7655,4.0915,1.281,2.2554,4.2801,1.1263,1.9275,4.2505,2.4274,2.6053,4.2908,0.8491,2.0397,4.2736,1.5104,2.6262,3.8868,3.474,2.7773,0.092206,1.077,1.9243,4.242,1.7506,1.5932,4.1984,1.3389,2.2533,4.3638,0.81999,2.1011,4.2159,3.0205,2.8239,4.609,5.381,2.6103,1.0975,1.3808,2.6882,3.7776,0.82972,2.1562,2.941,2.6508,2.2262,4.7695,1.4712,1.6696,3.9678,0.53333,2.7251,3.6032,2.0496,1.7966,3.5416,0.98172,2.4142,3.1403,6.2349,2.2933,3.1467,1.7272,1.6775,3.4619,1.8149,2.7015,4.0698,1.8013,1.7749,3.4461,1.4381,1.621,3.9651,0.34063,2.2305,2.9933,2.2635,2.5095,4.6644,1.4745,1.8123,3.2309,0.79955,2.0017,2.7358,3.7171,2.7562,0.30846,2.1678,1.8774,3.7082,0.97477,2.7758,2.8952,1.9553,2.6557,4.2134,0.68743,2.0188,2.79,0.94341,2.3968,3.1295,2.031,1.9556,4.6564,1.7767,1.622,3.9268,0.6196,2.2026,3.8572,1.2424,2.6894,3.8216,0.76139,2.2167,3.0215,2.8733,2.4325,4.6608,2.3057,2.3472,5.02,1.5531,1.6338,3.9642,1.9972,1.9733,4.5929,1.6635,2.3226,3.2561,0.6814,2.1808,3.0425,2.4163,2.4336,4.4334,1.8522,2.5461,4.5436,1.7628,2.6328,4.4448,2.7958,2.4142,4.6768,1.2326,2.5935,3.7426,1.8748,2.2527,4.443,1.7124,2.8386,3.6243,0.73708,2.441,2.7028,1.4257,2.183,4.6002,1.8932,2.8332,3.8144,0.24937,2.4319,3.2449,1.656,1.5023,4.0415,0.67059,2.0436,3.0403,2.1953,2.2143,4.5865,0.87073,2.3831,3.4237,0.88363,2.1362,3.1771,6.2561,2.8794,1.7902,2.0942,2.0115,4.7195,2.6611,2.4053,4.5503,2.5179,2.216,4.8925,1.8742,2.5295,4.149,1.069,1.5572,4.1478,4.7008,2.8843,0.58571,0.87716,2.0974,3.09,1.3197,2.0275,4.3901,1.0175,2.1005,3.4566,1.9396,2.5391,4.1276,1.7833,1.358,4.0456,1.2684,2.4777,3.18,0.83067,2.4554,3.7636,2.0881,1.8102,3.6263,1.4947,2.4269,3.413,1.5977,2.4935,3.7002,1.545,1.5323,4.2568,1.8009,2.5418,4.216,1.8816,2.5391,4.319,3.4202,2.7629,6.1576,1.7573,1.4543,4.0756,1.7772,1.9631,3.4427,1.9539,2.8699,4.7726,1.2703,2.4991,3.241,2.5657,2.4279,4.8893,1.1245,2.58,4.0796,1.5209,2.4287,3.4405,1.1195,1.8002,4.0978,1.6879,1.4964,4.0412,1.7455,1.9756,3.4054,0.32887,2.9143,3.3901,2.9099,2.3063,4.6504,1.2939,1.9313,4.2261,1.3947,2.5596,3.576,1.4204,2.4398,3.3454,1.8855,1.8317,3.6023,1.9393,2.4539,4.0287,1.0395,2.269,3.1655,2.5423,1.9697,5.1272,1.3298,2.565,3.4906,1.373,2.4748,3.2886,0.38054,2.9203,3.4294,0.63291,1.8373,2.8049,1.6504,1.9729,4.513,1.4477,1.7496,4.1697,5.4051,2.8801,1.7212,0.82811,2.0931,2.8381,1.0901,2.6338,4.0912,2.2597,2.5189,3.617,2.5413,2.4111,4.8639,2.8401,2.6633,4.5426,2.1063,2.4921,4.4537,2.3462,2.1321,4.2412,0.76231,2.0556,3.2956,0.45549,2.4386,3.0197,0.56865,2.131,3.7005,2.3774,2.4365,4.4774,0.86513,2.4402,2.9704,1.2434,1.6024,4.282,1.6697,2.032,3.4152,6.0861,2.6708,1.8339,3.3212,2.9222,0.045385,0.85134,2.3967,3.0314,1.6704,1.6286,4.064,1.4983,1.8927,3.1709,0.78416,2.4333,2.9244,2.1547,2.3402,4.8694,1.2122,2.5576,3.1723,1.0108,1.9545,3.5114,0.46064,1.976,3.2938,1.7235,2.024,3.3981,2.3774,2.1284,4.2323,2.1915,2.1473,5.0063,1.2628,1.6793,3.8373,0.69986,1.9821,2.7839,2.2014,2.1586,5.0287,2.36,2.2315,4.5367,1.5764,2.423,3.9674,4.4241,2.8983,0.35251,1.9544,2.4082,4.0163,0.81715,1.9549,4.1145,1.2927,2.616,4.2933,3.716,2.8211,0.0024369,1.5401,1.6315,3.2979,0.23419,2.2995,3.3039,5.065,2.9088,1.0182,0.65382,2.7525,3.3667,1.3604,2.5338,3.047,2.1583,2.102,4.9369,1.4805,2.0436,4.3945,1.5279,1.6324,3.3063,1.4273,2.9119,3.4051,0.5521,2.4258,2.8591,0.86758,2.4497,3.0004,0.22179,2.6097,3.3272,1.6377,2.2961,4.1657,0.56066,2.4301,2.8247,1.0102,2.274,3.5865,1.3904,1.777,4.2818,0.30412,2.3324,3.3602,1.5244,1.6008,3.2984,0.54154,2.4269,2.8531,3.3376,2.858,6.2781,1.9358,2.5645,3.9962,2.0331,2.1987,4.6496,2.4053,2.7646,5.0126,1.906,1.9115,3.8613,1.289,1.7526,3.7139,2.188,2.1272,4.9908,1.3814,2.6359,3.9515,1.0944,3.065,2.9272,4.7735,2.93,0.47664,1.3715,2.7069,4.4441,1.9093,1.924,3.8794,1.3076,2.6435,2.9403,0.59447,2.7431,3.224,1.0186,2.8969,4.2072,0.75172,2.5313,2.7284,0.67735,1.9954,2.9284,0.53448,2.4108,3.3802,1.5541,2.1685,4.2967,1.4404,2.7163,4.4871,0.55394,1.9878,3.0106,1.9929,1.8525,3.8068,1.1882,1.798,3.6826,2.2626,2.6688,4.7184,1.3583,1.6258,4.124,1.3502,2.1542,3.1527,0.60784,2.0094,3.0233,0.50916,2.4352,2.6376,1.6459,2.3281,4.174,2.2858,2.6571,4.7726,0.57721,2.0132,2.9854,1.5723,1.6902,3.3432,0.3429,3.0596,2.2279,0.67333,2.5334,2.6731,3.0218,2.7474,6.0221,0.076568,2.8802,2.7525,4.6911,2.9472,0.39324,2.2661,2.3369,3.604,1.2632,3.032,4.0828,1.3294,2.3625,3.4713,1.043,3.0546,3.8643,2.3252,2.2202,3.7335,1.1868,1.7782,3.6798,2.4357,2.3547,4.5835,2.5074,2.6774,4.0434,1.3181,2.6689,4.3661,1.9027,1.8515,3.8338,1.2081,2.6953,3.7287,2.3312,2.435,4.912,1.623,2.5628,3.4273,2.1638,2.2174,4.1182,0.77368,1.9156,3.3458,2.2547,2.3969,3.6649,2.2769,2.384,3.6494,2.223,1.9586,4.9645,2.6098,2.2731,4.779,2.3345,2.2306,3.7545,1.3697,1.5772,3.8755,2.3109,2.6818,4.7946,1.9023,1.8772,3.8463,0.77529,2.1167,4.0482,1.6016,1.7646,4.2465,2.301,2.6717,4.7925,1.4509,2.3809,3.2637,6.0425,2.9043,2.3416,1.8446,1.7804,3.5107,1.884,2.9512,4.1815,2.0844,1.9481,4.8314,1.1642,2.5688,4.3326,1.9163,2.1292,4.8529,1.6135,1.7203,3.9606,1.6063,2.0103,3.3421,1.0939,2.693,3.6401,0.99357,2.7871,3.8683,1.4395,2.4432,3.8772,1.1667,2.7213,3.6758,1.8232,1.6896,4.0747,0.92777,2.4532,2.8,1.9346,2.0876,4.4104,0.19735,2.7715,2.9554,1.0722,1.9374,4.2763,0.9823,2.3053,3.0737,1.6582,2.3863,4.5861,0.97242,2.0412,2.8708,0.7305,1.9695,2.7446,1.6034,1.718,3.9659,0.94328,2.4475,2.8214,1.3638,1.5703,3.8422,2.7247,2.5741,4.5873,1.0828,2.1538,3.6141,1.1595,2.7512,3.6852,1.9763,1.9733,4.4811,1.0608,1.9481,4.2637,1.8603,1.6723,3.4582,1.6615,2.5151,3.9963,2.13,2.538,4.8975,2.1333,2.3853,3.6866,1.2005,3.0536,3.4228,1.4514,1.4612,4.2149,0.66341,2.9886,3.6695,1.6163,1.7022,4.2121,0.73497,1.9843,2.7372,0.70915,2.1954,3.9568,2.6682,2.5939,4.521,2.0035,2.1043,3.4077,1.4038,2.8703,3.5452,1.0763,2.228,3.6078,2.5432,2.0189,4.4992,1.4804,1.7265,4.4207,1.5795,2.58,3.5899,2.0563,2.3289,4.0943,2.6632,2.3512,4.9512,0.49597,2.5216,3.0188
213.42,0.095771,103.28,18.683,0.18737,287.08,1.4036,1.7651,4.0904,1.2819,2.2558,4.282,1.1248,1.9279,4.2494,2.4271,2.6046,4.2925,0.84866,2.0401,4.2735,1.5102,2.6289,3.8862,3.487,2.7733,0.10641,1.0735,1.925,4.2402,1.7512,1.5921,4.1975,1.3403,2.2554,4.3668,0.81863,2.1036,4.2152,3.0223,2.8235,4.6105,5.3736,2.6036,1.0894,1.3809,2.6893,3.7777,0.82562,2.1572,2.9364,2.6586,2.2306,4.7822,1.4712,1.6735,3.9696,0.52238,2.7311,3.5867,2.0507,1.7979,3.5437,0.96774,2.42,3.1277,6.22,2.2925,3.1281,1.7248,1.6797,3.466,1.8132,2.7053,4.0698,1.8021,1.7794,3.449,1.4392,1.6299,3.9618,0.33708,2.233,2.984,2.2756,2.5166,4.6771,1.4753,1.8215,3.2324,0.79503,2.0053,2.7319,3.7614,2.7419,0.35736,2.1737,1.8822,3.7186,0.97502,2.7787,2.8955,1.9639,2.6603,4.2241,0.68232,2.0274,2.7796,0.92286,2.4008,3.1189,2.0456,1.9606,4.672,1.779,1.633,3.927,0.62788,2.2039,3.8643,1.2425,2.6998,3.8256,0.75076,2.2247,3.0109,2.8852,2.4332,4.6731,2.3199,2.3509,5.0372,1.554,1.6309,3.9632,2.01,1.9787,4.6048,1.6694,2.326,3.2525,0.68462,2.1742,3.0611,2.4043,2.4252,4.4283,1.856,2.5457,4.5339,1.7611,2.6362,4.4316,2.7828,2.4127,4.663,1.2287,2.6004,3.736,1.8852,2.2466,4.4445,1.7046,2.8267,3.6148,0.74757,2.4353,2.7146,1.4123,2.1842,4.5934,1.8894,2.8158,3.8095,0.24778,2.4312,3.245,1.6551,1.4958,4.0383,0.67191,2.0398,3.0444,2.1901,2.2089,4.579,0.87146,2.3716,3.4373,0.87993,2.1381,3.1818,6.262,2.8785,1.7962,2.0972,2.0093,4.7207,2.6581,2.4016,4.5475,2.5127,2.2143,4.8754,1.8709,2.5218,4.1444,1.0678,1.5414,4.1572,4.7038,2.8861,0.58818,0.8811,2.0924,3.0992,1.3204,2.0243,4.3925,1.0171,2.0997,3.4567,1.9308,2.5284,4.1158,1.7891,1.3417,4.0385,1.2696,2.4749,3.1811,0.83323,2.454,3.7649,2.0882,1.8076,3.6239,1.4944,2.424,3.4139,1.5975,2.4882,3.7037,1.5422,1.528,4.2572,1.7968,2.5343,4.2101,1.8771,2.5317,4.3123,3.419,2.7628,6.1557,1.7585,1.4504,4.0733,1.7779,1.9616,3.4424,1.9504,2.8682,4.7693,1.2718,2.4975,3.2432,2.5647,2.4276,4.8878,1.1256,2.5791,4.0803,1.5202,2.428,3.4403,1.119,1.7992,4.0983,1.6883,1.494,4.0405,1.7459,1.9749,3.4052,0.33152,2.9139,3.3929,2.9098,2.3062,4.6503,1.2938,1.9309,4.2263,1.3964,2.5568,3.5789,1.4201,2.4394,3.3455,1.886,1.8283,3.6005,1.9391,2.4542,4.0288,1.0393,2.2679,3.166,2.5422,1.969,5.1267,1.3311,2.5606,3.4932,1.3726,2.4746,3.2883,0.38188,2.92,3.4308,0.63268,1.8373,2.8046,1.6501,1.9725,4.5132,1.4475,1.7478,4.1703,5.4051,2.8802,1.7212,0.82827,2.093,2.8384,1.0905,2.6337,4.0916,2.2602,2.5187,3.6171,2.5407,2.4109,4.8632,2.84,2.663,4.5424,2.1062,2.4919,4.4535,2.3461,2.132,4.2412,0.76233,2.0557,3.2955,0.45603,2.4384,3.0203,0.56852,2.1308,3.7006,2.3774,2.4364,4.4775,0.86542,2.4401,2.9708,1.2434,1.6024,4.282,1.6695,2.032,3.4151,6.0858,2.6707,1.8335,3.3209,2.9222,0.045164,0.85149,2.3965,3.0317,1.6704,1.6286,4.0639,1.4982,1.8928,3.1709,0.78425,2.4333,2.9246,2.1546,2.3401,4.8691,1.2125,2.5575,3.1727,1.0109,1.9543,3.5115,0.46052,1.976,3.2939,1.7235,2.024,3.3979,2.3773,2.1285,4.2324,2.1915,2.1473,5.0064,1.2627,1.6792,3.8373,0.69993,1.9821,2.7839,2.2015,2.1586,5.0288,2.3601,2.2316,4.5369,1.5764,2.4233,3.9674,4.4245,2.898,0.35291,1.9544,2.4084,4.0164,0.8171,1.9548,4.1145,1.293,2.616,4.2935,3.7163,2.821,0.002836,1.5401,1.6315,3.2979,0.23399,2.2995,3.3037,5.065,2.9086,1.0182,0.65399,2.7524,3.3669,1.3606,2.5338,3.0472,2.1583,2.1019,4.9368,1.4805,2.0435,4.3945,1.5279,1.6324,3.3063,1.4275,2.9118,3.4053,0.55227,2.4258,2.8593,0.86748,2.4496,3.0005,0.22172,2.6097,3.3271,1.6378,2.2962,4.1658,0.56083,2.43,2.8248,1.0101,2.2742,3.5863,1.3904,1.7769,4.2817,0.30409,2.3325,3.3602,1.5244,1.6008,3.2985,0.54169,2.4269,2.8533,3.3381,2.858,6.2787,1.9356,2.5644,3.9961,2.0332,2.1987,4.6497,2.4047,2.7646,5.0119,1.906,1.9113,3.8612,1.289,1.7525,3.7139,2.1881,2.1271,4.9908,1.3814,2.6359,3.9514,1.0942,3.065,2.927,4.7737,2.9299,0.47682,1.3718,2.7069,4.4443,1.9093,1.924,3.8794,1.3077,2.6435,2.9404,0.59484,2.743,3.2245,1.0189,2.8968,4.2074,0.7521,2.5313,2.7287,0.67734,1.9955,2.9283,0.53446,2.4108,3.3802,1.5541,2.1684,4.2969,1.4408,2.7164,4.4873,0.55381,1.9879,3.0105,1.9929,1.8525,3.8068,1.1881,1.7979,3.6827,2.2623,2.6687,4.7181,1.3583,1.626,4.1239,1.3501,2.1542,3.1526,0.60779,2.0095,3.0231,0.50923,2.4351,2.6377,1.646,2.3282,4.174,2.2855,2.6569,4.7723,0.57709,2.0133,2.9852,1.5723,1.6902,3.3432,0.34251,3.0597,2.2275,0.67347,2.5335,2.6732,3.022,2.7474,6.0224,0.076858,2.8802,2.7528,4.6912,2.9471,0.39332,2.266,2.3368,3.6038,1.2635,3.0319,4.0832,1.3293,2.3627,3.4711,1.0432,3.0546,3.8646,2.3251,2.2202,3.7333,1.1868,1.7781,3.6799,2.4358,2.3547,4.5835,2.5072,2.6775,4.0434,1.3182,2.6689,4.3662,1.9027,1.8513,3.8337,1.2082,2.6952,3.7288,2.3311,2.435,4.9118,1.623,2.5626,3.4275,2.1638,2.2174,4.1182,0.77365,1.9156,3.3457,2.2545,2.3969,3.6647,2.2768,2.384,3.6492,2.2231,1.9586,4.9645,2.6097,2.273,4.7789,2.3345,2.2306,3.7545,1.3697,1.5772,3.8756,2.3107,2.6817,4.7943,1.9023,1.877,3.8462,0.7753,2.1166,4.0484,1.6016,1.7645,4.2464,2.3008,2.6716,4.7922,1.4509,2.3809,3.2637,6.0427,2.9043,2.3418,1.8446,1.7803,3.5108,1.8838,2.9511,4.1814,2.0845,1.9481,4.8315,1.1643,2.5688,4.3327,1.9164,2.1292,4.8529,1.6135,1.7201,3.9606,1.6063,2.0103,3.3421,1.094,2.6929,3.6402,0.99365,2.787,3.8684,1.4396,2.4433,3.8772,1.1668,2.7211,3.6758,1.8232,1.6894,4.0747,0.9278,2.4532,2.8,1.9346,2.0877,4.4105,0.19752,2.7715,2.9556,1.0722,1.9374,4.2763,0.98233,2.3053,3.0738,1.6582,2.3863,4.5861,0.9724,2.0412,2.8709,0.73049,1.9695,2.7446,1.6034,1.7178,3.9659,0.94332,2.4474,2.8215,1.3638,1.5703,3.8422,2.7247,2.5741,4.5873,1.0828,2.1539,3.6141,1.1596,2.7511,3.6852,1.9763,1.9732,4.4811,1.0607,1.948,4.2637,1.8603,1.6723,3.4582,1.6615,2.5151,3.9963,2.13,2.538,4.8974,2.1333,2.3853,3.6865,1.2006,3.0536,3.4229,1.4514,1.4612,4.2149,0.66346,2.9885,3.6696,1.6163,1.7022,4.2121,0.73496,1.9842,2.7372,0.70918,2.1954,3.9568,2.6682,2.5939,4.521,2.0035,2.1043,3.4076,1.4038,2.8702,3.5453,1.0763,2.228,3.6078,2.5432,2.019,4.4993,1.4804,1.7265,4.4207,1.5794,2.58,3.5899,2.0563,2.3289,4.0944,2.6632,2.3511,4.9512,0.49605,2.5216,3.0189
213.42,0.095771,103.28,18.683,0.19406,283.68,1.402,1.7651,4.0896,1.2825,2.2561,4.2834,1.1236,1.9285,4.2481,2.427,2.6041,4.294,0.84828,2.0405,4.2734,1.5099,2.6311,3.8856,3.4973,2.7702,0.11762,1.0707,1.9261,4.2385,1.7517,1.5913,4.1967,1.3412,2.2571,4.3691,0.81742,2.1057,4.2146,3.0238,2.8232,4.6121,5.3675,2.5979,1.0828,1.3807,2.6905,3.7773,0.82206,2.1584,2.9323,2.6657,2.2345,4.7937,1.471,1.6776,3.971,0.51122,2.7365,3.5709,2.0516,1.799,3.5455,0.95366,2.4259,3.1144,6.207,2.2918,3.1117,1.7227,1.6822,3.4695,1.812,2.7102,4.0701,1.8028,1.7839,3.4517,1.4412,1.6394,3.9589,0.33363,2.2352,2.9756,2.2868,2.5227,4.689,1.4758,1.8296,3.2333,0.79036,2.0095,2.7272,3.7997,2.7279,0.40028,2.1786,1.8871,3.7279,0.97507,2.7815,2.8956,1.9716,2.6647,4.2338,0.67665,2.0365,2.7684,0.90064,2.4045,3.1069,2.0604,1.965,4.6873,1.7802,1.6459,3.9263,0.63538,2.2055,3.8707,1.2436,2.7079,3.8293,0.74131,2.2327,3.0018,2.8966,2.4328,4.6856,2.3327,2.3536,5.0526,1.5541,1.6296,3.9624,2.0228,1.9834,4.6162,1.6742,2.3285,3.2486,0.68629,2.1683,3.0802,2.3925,2.4154,4.4241,1.859,2.5474,4.5239,1.7606,2.6395,4.4208,2.7698,2.4126,4.6491,1.2247,2.6085,3.7299,1.8952,2.241,4.4449,1.6957,2.8146,3.6031,0.75796,2.4307,2.7257,1.3994,2.1855,4.5865,1.8857,2.7988,3.8045,0.24587,2.431,3.2441,1.6539,1.4894,4.0349,0.67351,2.0355,3.049,2.1848,2.2032,4.5713,0.87094,2.3608,3.4498,0.87574,2.1416,3.1863,6.2693,2.8776,1.804,2.0994,2.0067,4.7207,2.6566,2.3982,4.5456,2.5071,2.2125,4.8575,1.8682,2.5156,4.1405,1.067,1.5256,4.1659,4.7052,2.8874,0.58957,0.88488,2.087,3.1088,1.3212,2.0215,4.3944,1.0168,2.0987,3.4569,1.9228,2.5185,4.105,1.7953,1.3252,4.0312,1.2705,2.4723,3.1817,0.83554,2.4525,3.7663,2.0882,1.8052,3.6217,1.4943,2.4212,3.4151,1.5971,2.4828,3.7065,1.5395,1.5234,4.2576,1.793,2.5273,4.2049,1.8729,2.5247,4.3058,3.418,2.7628,6.1541,1.7596,1.4467,4.0712,1.7786,1.9602,3.4421,1.9472,2.8665,4.7661,1.2729,2.4962,3.2448,2.5637,2.4274,4.8865,1.1266,2.5784,4.0808,1.5194,2.4273,3.44,1.1185,1.7982,4.0988,1.6887,1.4921,4.0399,1.7462,1.9744,3.405,0.3339,2.9134,3.3954,2.9097,2.3061,4.6501,1.2936,1.9306,4.2264,1.3979,2.554,3.5816,1.4199,2.4391,3.3455,1.8864,1.8253,3.5988,1.939,2.4543,4.0289,1.0392,2.2667,3.1665,2.542,1.9685,5.1261,1.3324,2.556,3.4957,1.3723,2.4745,3.2881,0.38293,2.9198,3.4318,0.63252,1.8372,2.8043,1.6499,1.9721,4.5133,1.4472,1.746,4.1708,5.4051,2.8802,1.7212,0.82839,2.0929,2.8387,1.0909,2.6336,4.0919,2.2608,2.5186,3.6171,2.5403,2.4107,4.8626,2.84,2.6629,4.5422,2.1061,2.4918,4.4534,2.3459,2.1319,4.2411,0.76237,2.0557,3.2955,0.45637,2.4383,3.0207,0.56844,2.1306,3.7007,2.3774,2.4363,4.4775,0.86559,2.4401,2.971,1.2433,1.6024,4.282,1.6695,2.032,3.415,6.0855,2.6706,1.8332,3.3207,2.9222,0.044984,0.85162,2.3964,3.0319,1.6704,1.6285,4.0639,1.4982,1.8928,3.1709,0.78431,2.4332,2.9247,2.1546,2.3401,4.869,1.2126,2.5574,3.1729,1.0109,1.9542,3.5116,0.46046,1.976,3.294,1.7236,2.024,3.3978,2.3772,2.1286,4.2325,2.1916,2.1472,5.0064,1.2627,1.6791,3.8374,0.69996,1.9821,2.784,2.2016,2.1585,5.0288,2.3602,2.2316,4.537,1.5764,2.4235,3.9674,4.4248,2.8979,0.35317,1.9544,2.4085,4.0164,0.81707,1.9548,4.1144,1.2932,2.6161,4.2937,3.7166,2.821,0.0030987,1.5401,1.6315,3.2979,0.23388,2.2995,3.3036,5.0649,2.9084,1.0183,0.65408,2.7523,3.367,1.3608,2.5339,3.0473,2.1584,2.1018,4.9368,1.4805,2.0434,4.3946,1.5279,1.6324,3.3063,1.4277,2.9118,3.4055,0.55239,2.4257,2.8595,0.86741,2.4496,3.0005,0.22167,2.6097,3.3271,1.6378,2.2962,4.1659,0.56095,2.43,2.825,1.01,2.2744,3.5862,1.3904,1.7769,4.2817,0.30407,2.3325,3.3602,1.5244,1.6008,3.2985,0.5418,2.4269,2.8535,3.3385,2.8579,6.2791,1.9355,2.5644,3.996,2.0333,2.1987,4.6498,2.4043,2.7645,5.0113,1.906,1.9111,3.8611,1.289,1.7525,3.714,2.1881,2.1271,4.9908,1.3814,2.6359,3.9514,1.0941,3.0649,2.9269,4.7738,2.9298,0.47693,1.3719,2.707,4.4445,1.9093,1.9239,3.8794,1.3078,2.6435,2.9405,0.59507,2.743,3.2248,1.0191,2.8968,4.2076,0.75235,2.5313,2.7289,0.67733,1.9955,2.9283,0.53445,2.4108,3.3801,1.554,2.1684,4.297,1.441,2.7164,4.4875,0.55372,1.9879,3.0104,1.9929,1.8524,3.8068,1.1881,1.7978,3.6827,2.2621,2.6686,4.7178,1.3582,1.6261,4.1238,1.3501,2.1542,3.1526,0.60776,2.0095,3.023,0.50929,2.4351,2.6378,1.6461,2.3283,4.1741,2.2853,2.6568,4.772,0.57702,2.0133,2.985,1.5723,1.6901,3.3432,0.34225,3.0597,2.2272,0.67357,2.5335,2.6733,3.0222,2.7474,6.0225,0.077053,2.8802,2.7531,4.6913,2.947,0.3934,2.2659,2.3367,3.6036,1.2637,3.0318,4.0834,1.3291,2.3628,3.471,1.0434,3.0545,3.8648,2.325,2.2202,3.7332,1.1868,1.778,3.6799,2.4358,2.3548,4.5836,2.5071,2.6775,4.0434,1.3182,2.6689,4.3662,1.9027,1.8511,3.8336,1.2083,2.6951,3.7289,2.331,2.4349,4.9115,1.623,2.5626,3.4277,2.1638,2.2175,4.1183,0.77362,1.9157,3.3457,2.2544,2.3969,3.6646,2.2767,2.3839,3.6491,2.2231,1.9587,4.9646,2.6097,2.273,4.7789,2.3344,2.2306,3.7544,1.3697,1.5772,3.8756,2.3105,2.6816,4.7941,1.9023,1.8769,3.8462,0.7753,2.1166,4.0485,1.6016,1.7645,4.2464,2.3006,2.6715,4.792,1.4509,2.3809,3.2637,6.0428,2.9043,2.342,1.8446,1.7803,3.5108,1.8837,2.951,4.1812,2.0846,1.9481,4.8316,1.1644,2.5688,4.3327,1.9164,2.1292,4.8528,1.6135,1.72,3.9606,1.6063,2.0104,3.342,1.094,2.6928,3.6402,0.99371,2.787,3.8684,1.4396,2.4433,3.8773,1.1668,2.7211,3.6758,1.8231,1.6893,4.0747,0.92781,2.4532,2.8001,1.9347,2.0877,4.4105,0.19765,2.7714,2.9557,1.0721,1.9374,4.2764,0.98236,2.3052,3.0738,1.6583,2.3863,4.5861,0.97239,2.0411,2.8709,0.73048,1.9694,2.7446,1.6034,1.7177,3.9659,0.94336,2.4474,2.8215,1.3638,1.5703,3.8422,2.7247,2.5741,4.5873,1.0828,2.1539,3.6141,1.1596,2.751,3.6853,1.9763,1.9732,4.4811,1.0607,1.948,4.2638,1.8604,1.6724,3.4582,1.6615,2.5151,3.9963,2.13,2.538,4.8974,2.1333,2.3853,3.6865,1.2006,3.0536,3.4229,1.4514,1.4612,4.2149,0.66349,2.9885,3.6696,1.6163,1.7021,4.2121,0.73495,1.9842,2.7372,0.7092,2.1954,3.9569,2.6682,2.5939,4.521,2.0035,2.1043,3.4076,1.4039,2.8702,3.5453,1.0763,2.2281,3.6077,2.5432,2.019,4.4993,1.4804,1.7265,4.4207,1.5794,2.58,3.59,2.0563,2.329,4.0944,2.6632,2.3511,4.9511,0.4961,2.5216,3.0189
213.42,0.095771,103.28,18.683,0.20076,279.51,1.4009,1.7652,4.0889,1.2829,2.2564,4.2843,1.1226,1.9292,4.2471,2.427,2.6039,4.2953,0.84796,2.0408,4.2733,1.5096,2.6326,3.8851,3.5051,2.7679,0.12609,1.0686,1.9271,4.2369,1.752,1.5909,4.1961,1.3418,2.2586,4.3708,0.81635,2.1076,4.2139,3.0253,2.823,4.6133,5.3625,2.5931,1.0775,1.3803,2.6915,3.7769,0.81904,2.1594,2.9288,2.6721,2.238,4.804,1.4708,1.6817,3.9718,0.50023,2.741,3.5562,2.0525,1.7999,3.5472,0.93968,2.432,3.1008,6.1959,2.2912,3.0976,1.7209,1.6848,3.4724,1.8113,2.7162,4.071,1.8033,1.7878,3.454,1.4437,1.6489,3.9559,0.33032,2.2372,2.9679,2.2973,2.528,4.7,1.476,1.8371,3.2337,0.78563,2.0138,2.7217,3.8316,2.7147,0.43664,2.1827,1.892,3.7361,0.97487,2.7843,2.8953,1.9785,2.6687,4.2422,0.67074,2.0463,2.7569,0.87681,2.4071,3.0944,2.0748,1.9687,4.7021,1.78,1.6599,3.9251,0.64224,2.2072,3.8768,1.245,2.7136,3.8321,0.73289,2.2407,2.9939,2.9071,2.4318,4.6972,2.344,2.3561,5.0665,1.5544,1.6304,3.9619,2.0354,1.9874,4.6271,1.678,2.331,3.2453,0.6859,2.1643,3.0992,2.3809,2.4043,4.4205,1.8657,2.5509,4.516,1.761,2.6432,4.4118,2.7591,2.4142,4.6368,1.2205,2.6173,3.7238,1.9048,2.2361,4.4442,1.6862,2.8023,3.5903,0.76819,2.4267,2.7363,1.3888,2.1872,4.5816,1.882,2.7822,3.7991,0.24392,2.4307,3.2431,1.6529,1.4831,4.0315,0.6753,2.0309,3.0542,2.1793,2.1972,4.5631,0.86938,2.3511,3.4619,0.87121,2.1466,3.1914,6.2778,2.8767,1.8128,2.1009,2.004,4.7199,2.656,2.3955,4.5439,2.5019,2.2111,4.8397,1.8661,2.5107,4.1375,1.0665,1.5105,4.1738,4.7035,2.8882,0.58751,0.88875,2.0812,3.1189,1.3218,2.0193,4.3959,1.0167,2.0976,3.4573,1.9154,2.5091,4.0949,1.8019,1.3085,4.0237,1.2711,2.4701,3.1821,0.83756,2.4512,3.7674,2.0882,1.803,3.6197,1.4943,2.4183,3.4161,1.5965,2.4775,3.7089,1.537,1.5185,4.258,1.7896,2.521,4.2002,1.8689,2.5182,4.2996,3.4171,2.7628,6.1529,1.7608,1.4433,4.0692,1.7792,1.9592,3.442,1.9442,2.8652,4.763,1.2737,2.4952,3.2459,2.5631,2.4273,4.8855,1.1274,2.5777,4.0812,1.5188,2.4267,3.4398,1.1181,1.7972,4.0991,1.6889,1.4908,4.0394,1.7463,1.9741,3.4049,0.33596,2.9131,3.3974,2.9097,2.3061,4.65,1.2935,1.9303,4.2265,1.3995,2.5514,3.584,1.4198,2.4389,3.3455,1.8867,1.8225,3.5974,1.9389,2.4544,4.0289,1.0391,2.2657,3.167,2.5419,1.9681,5.1257,1.3334,2.5517,3.4979,1.3721,2.4744,3.288,0.38371,2.9196,3.4326,0.63241,1.8371,2.8042,1.6497,1.9718,4.5133,1.4471,1.7443,4.1713,5.4051,2.8802,1.7213,0.82848,2.0928,2.8389,1.0911,2.6335,4.0921,2.2612,2.5185,3.6172,2.5401,2.4106,4.8623,2.8399,2.6628,4.5421,2.106,2.4917,4.4533,2.3459,2.1318,4.2411,0.76241,2.0557,3.2955,0.45658,2.4382,3.0209,0.5684,2.1305,3.7008,2.3774,2.4362,4.4775,0.86571,2.44,2.9711,1.2433,1.6024,4.282,1.6694,2.032,3.4149,6.0854,2.6706,1.8331,3.3206,2.9222,0.044832,0.85171,2.3963,3.0321,1.6704,1.6285,4.0639,1.4982,1.8928,3.1709,0.78434,2.4332,2.9247,2.1546,2.3401,4.8689,1.2127,2.5574,3.1731,1.0109,1.9542,3.5117,0.46043,1.976,3.2941,1.7236,2.024,3.3977,2.3772,2.1286,4.2325,2.1916,2.1472,5.0064,1.2627,1.679,3.8374,0.69998,1.9821,2.784,2.2017,2.1585,5.0289,2.3602,2.2317,4.537,1.5764,2.4236,3.9674,4.4249,2.8978,0.35334,1.9544,2.4086,4.0164,0.81706,1.9548,4.1144,1.2934,2.6162,4.2938,3.7167,2.8209,0.0032609,1.5401,1.6315,3.2979,0.2338,2.2995,3.3035,5.0649,2.9083,1.0183,0.65412,2.7523,3.3671,1.3608,2.5339,3.0474,2.1584,2.1018,4.9368,1.4806,2.0434,4.3946,1.5279,1.6324,3.3064,1.4277,2.9118,3.4055,0.55246,2.4257,2.8596,0.86735,2.4496,3.0005,0.22165,2.6097,3.327,1.6378,2.2963,4.1659,0.56103,2.43,2.825,1.01,2.2745,3.5861,1.3904,1.7768,4.2817,0.30406,2.3326,3.3602,1.5244,1.6008,3.2985,0.54186,2.4268,2.8536,3.3387,2.8579,6.2793,1.9354,2.5643,3.9959,2.0334,2.1987,4.6499,2.4041,2.7645,5.0111,1.906,1.9111,3.8611,1.289,1.7524,3.714,2.1882,2.1271,4.9908,1.3814,2.6359,3.9513,1.094,3.0649,2.9268,4.7739,2.9297,0.47702,1.372,2.707,4.4446,1.9094,1.9239,3.8794,1.3079,2.6435,2.9406,0.59521,2.7429,3.2249,1.0192,2.8968,4.2077,0.75251,2.5313,2.729,0.67733,1.9956,2.9283,0.53443,2.4108,3.3801,1.554,2.1684,4.297,1.4411,2.7164,4.4876,0.55367,1.9879,3.0103,1.9929,1.8524,3.8068,1.1881,1.7978,3.6827,2.262,2.6686,4.7177,1.3582,1.6261,4.1238,1.35,2.1542,3.1526,0.60774,2.0096,3.023,0.50932,2.4351,2.6379,1.6462,2.3284,4.1742,2.2852,2.6568,4.7718,0.57698,2.0134,2.9849,1.5723,1.6901,3.3432,0.34209,3.0597,2.227,0.67363,2.5335,2.6733,3.0222,2.7474,6.0226,0.077176,2.8802,2.7532,4.6914,2.947,0.39344,2.2659,2.3366,3.6035,1.2638,3.0318,4.0835,1.329,2.3628,3.471,1.0435,3.0545,3.8649,2.325,2.2201,3.7332,1.1868,1.778,3.68,2.4358,2.3548,4.5836,2.507,2.6775,4.0434,1.3183,2.6689,4.3662,1.9027,1.851,3.8336,1.2083,2.695,3.7289,2.3309,2.4349,4.9114,1.623,2.5625,3.4278,2.1638,2.2175,4.1183,0.77361,1.9157,3.3456,2.2543,2.3969,3.6646,2.2767,2.3839,3.649,2.2231,1.9587,4.9646,2.6097,2.273,4.7789,2.3344,2.2306,3.7544,1.3697,1.5772,3.8757,2.3104,2.6816,4.794,1.9023,1.8769,3.8461,0.77531,2.1166,4.0485,1.6016,1.7644,4.2464,2.3005,2.6715,4.7919,1.4509,2.3809,3.2637,6.0429,2.9043,2.342,1.8446,1.7803,3.5108,1.8837,2.951,4.1812,2.0846,1.9481,4.8316,1.1644,2.5688,4.3328,1.9164,2.1292,4.8528,1.6135,1.72,3.9606,1.6063,2.0104,3.342,1.0941,2.6927,3.6403,0.99374,2.787,3.8684,1.4397,2.4433,3.8773,1.1668,2.721,3.6758,1.8231,1.6892,4.0747,0.92783,2.4532,2.8001,1.9347,2.0877,4.4105,0.19773,2.7714,2.9557,1.0721,1.9374,4.2764,0.98237,2.3052,3.0739,1.6583,2.3862,4.5861,0.97238,2.0411,2.8709,0.73048,1.9694,2.7446,1.6034,1.7177,3.9659,0.94337,2.4474,2.8215,1.3638,1.5702,3.8422,2.7247,2.5741,4.5873,1.0828,2.1539,3.6141,1.1597,2.751,3.6853,1.9763,1.9732,4.4811,1.0607,1.948,4.2638,1.8604,1.6724,3.4582,1.6615,2.5152,3.9963,2.13,2.5379,4.8974,2.1333,2.3853,3.6865,1.2006,3.0536,3.4229,1.4514,1.4612,4.2149,0.66351,2.9885,3.6696,1.6163,1.7021,4.2121,0.73495,1.9842,2.7372,0.70922,2.1954,3.9569,2.6681,2.5939,4.521,2.0035,2.1043,3.4075,1.4039,2.8701,3.5453,1.0762,2.2281,3.6077,2.5432,2.019,4.4993,1.4804,1.7265,4.4207,1.5794,2.58,3.59,2.0563,2.329,4.0944,2.6631,2.3511,4.9511,0.49613,2.5216,3.019
213.42,0.095771,103.28,18.683,0.20745,274.56,1.4002,1.7653,4.0884,1.2832,2.2566,4.285,1.1218,1.9299,4.2461,2.4271,2.6038,4.2965,0.8477,2.041,4.2732,1.5092,2.6336,3.8846,3.5106,2.7663,0.13202,1.0669,1.9282,4.2355,1.7522,1.5908,4.1956,1.3421,2.2598,4.3719,0.81546,2.1091,4.2133,3.0264,2.8227,4.6143,5.3586,2.5891,1.0732,1.3799,2.6925,3.7762,0.81655,2.1605,2.9256,2.6775,2.2411,4.8129,1.4703,1.6859,3.9723,0.48963,2.745,3.5426,2.0532,1.8008,3.5488,0.9263,2.4379,3.0874,6.187,2.2906,3.086,1.7195,1.6872,3.4746,1.8111,2.7227,4.0719,1.8036,1.7914,3.456,1.4467,1.6579,3.9533,0.3271,2.2388,2.961,2.3072,2.533,4.7106,1.476,1.8441,3.2338,0.78109,2.0183,2.7158,3.8574,2.7024,0.4668,2.186,1.897,3.7432,0.97448,2.787,2.8948,1.9845,2.6727,4.2495,0.66463,2.0562,2.7452,0.85199,2.408,3.0825,2.0887,1.9719,4.716,1.7782,1.6748,3.9233,0.64862,2.2091,3.8824,1.2475,2.7174,3.8346,0.72521,2.2485,2.9872,2.9162,2.4298,4.7075,2.3547,2.3586,5.0797,1.5558,1.6328,3.9634,2.0477,1.9906,4.6371,1.6811,2.3335,3.2424,0.68281,2.1639,3.1169,2.3696,2.392,4.4165,1.8738,2.5575,4.5104,1.7622,2.6472,4.4042,2.7516,2.4159,4.6275,1.2154,2.6266,3.7172,1.9143,2.2323,4.4424,1.6771,2.7897,3.577,0.77733,2.4235,2.7452,1.38,2.1889,4.5775,1.8777,2.7665,3.7927,0.24282,2.4305,3.2429,1.6517,1.4772,4.028,0.67736,2.0257,3.0599,2.1736,2.1908,4.5545,0.86718,2.3423,3.4737,0.86585,2.1531,3.1959,0.00089946,2.8758,1.8222,2.1017,2.0012,4.7183,2.6563,2.3935,4.5428,2.4971,2.2098,4.8221,1.8645,2.5072,4.135,1.0663,1.4961,4.1803,4.7,2.8888,0.58369,0.89265,2.075,3.1293,1.3225,2.0174,4.397,1.0167,2.0964,3.4577,1.9085,2.5001,4.0853,1.8087,1.2922,4.0162,1.2716,2.4681,3.1823,0.83926,2.4498,3.7685,2.0882,1.801,3.6178,1.4946,2.4155,3.4174,1.5957,2.4721,3.7108,1.5346,1.5136,4.2584,1.7866,2.5153,4.196,1.8653,2.5124,4.294,3.4164,2.7628,6.1519,1.7618,1.4402,4.0673,1.7796,1.9582,3.4419,1.9414,2.8639,4.7601,1.2743,2.4945,3.2466,2.5625,2.4272,4.8847,1.1281,2.577,4.0816,1.5183,2.4261,3.4396,1.1178,1.7964,4.0995,1.6891,1.4898,4.0391,1.7465,1.9739,3.4048,0.33767,2.9129,3.3992,2.9096,2.306,4.6499,1.2934,1.9301,4.2265,1.4008,2.5488,3.5863,1.4197,2.4388,3.3455,1.8871,1.8199,3.5961,1.9388,2.4545,4.0289,1.0391,2.2647,3.1674,2.5417,1.9676,5.1252,1.3343,2.5474,3.4999,1.372,2.4744,3.2879,0.38425,2.9195,3.4331,0.63233,1.837,2.8041,1.6496,1.9715,4.5134,1.4469,1.7426,4.1717,5.4051,2.8802,1.7213,0.82853,2.0927,2.839,1.0914,2.6335,4.0923,2.2616,2.5184,3.6173,2.54,2.4105,4.8621,2.8398,2.6627,4.542,2.106,2.4917,4.4532,2.3458,2.1318,4.241,0.76246,2.0557,3.2955,0.45671,2.4382,3.021,0.56838,2.1305,3.7009,2.3773,2.4361,4.4775,0.86577,2.44,2.9712,1.2433,1.6023,4.282,1.6694,2.032,3.4149,6.0854,2.6706,1.8331,3.3205,2.9222,0.044707,0.85178,2.3962,3.0322,1.6704,1.6285,4.0638,1.4981,1.8928,3.1709,0.78437,2.4332,2.9247,2.1546,2.3401,4.8688,1.2128,2.5574,3.1732,1.0109,1.9541,3.5117,0.46042,1.976,3.2942,1.7236,2.024,3.3977,2.3772,2.1286,4.2325,2.1916,2.1472,5.0064,1.2627,1.679,3.8374,0.69999,1.9821,2.7841,2.2017,2.1585,5.0289,2.3603,2.2317,4.5371,1.5764,2.4236,3.9674,4.425,2.8977,0.35343,1.9544,2.4086,4.0164,0.81706,1.9548,4.1144,1.2935,2.6162,4.2939,3.7168,2.8209,0.0033503,1.5401,1.6315,3.2979,0.23376,2.2995,3.3034,5.0649,2.9083,1.0183,0.65414,2.7523,3.3671,1.3609,2.5339,3.0475,2.1585,2.1017,4.9367,1.4806,2.0433,4.3947,1.5279,1.6325,3.3064,1.4278,2.9118,3.4056,0.55251,2.4257,2.8596,0.8673,2.4496,3.0005,0.22165,2.6097,3.327,1.6379,2.2963,4.166,0.56107,2.43,2.8251,1.0099,2.2745,3.5861,1.3904,1.7768,4.2817,0.30406,2.3326,3.3602,1.5244,1.6008,3.2985,0.5419,2.4268,2.8536,3.3388,2.8579,6.2794,1.9353,2.5643,3.9959,2.0334,2.1987,4.6499,2.4039,2.7645,5.0109,1.906,1.911,3.861,1.289,1.7524,3.714,2.1882,2.127,4.9908,1.3814,2.6359,3.9513,1.094,3.0649,2.9268,4.774,2.9297,0.47708,1.3721,2.707,4.4446,1.9094,1.9239,3.8794,1.3079,2.6435,2.9406,0.59529,2.7429,3.225,1.0192,2.8968,4.2077,0.75261,2.5313,2.7291,0.67734,1.9956,2.9282,0.53442,2.4108,3.3801,1.554,2.1683,4.2971,1.4412,2.7164,4.4877,0.55364,1.9879,3.0103,1.9929,1.8524,3.8068,1.1881,1.7978,3.6827,2.262,2.6685,4.7176,1.3582,1.6262,4.1238,1.35,2.1542,3.1526,0.60772,2.0096,3.0229,0.50934,2.4351,2.6379,1.6462,2.3284,4.1742,2.2852,2.6567,4.7717,0.57695,2.0134,2.9849,1.5723,1.6901,3.3432,0.342,3.0597,2.2269,0.67367,2.5335,2.6734,3.0223,2.7474,6.0226,0.077243,2.8802,2.7533,4.6914,2.947,0.39348,2.2659,2.3366,3.6035,1.2639,3.0317,4.0836,1.329,2.3629,3.4709,1.0435,3.0545,3.865,2.325,2.2201,3.7331,1.1868,1.7779,3.68,2.4358,2.3548,4.5836,2.507,2.6775,4.0434,1.3183,2.6689,4.3662,1.9027,1.851,3.8336,1.2083,2.6949,3.7289,2.3308,2.4349,4.9113,1.6231,2.5625,3.4278,2.1638,2.2175,4.1183,0.7736,1.9157,3.3456,2.2543,2.3969,3.6645,2.2766,2.3839,3.649,2.2232,1.9587,4.9646,2.6097,2.273,4.7789,2.3344,2.2306,3.7543,1.3697,1.5772,3.8757,2.3104,2.6816,4.7939,1.9023,1.8768,3.8461,0.77531,2.1166,4.0486,1.6016,1.7644,4.2464,2.3005,2.6715,4.7918,1.4509,2.3809,3.2637,6.0429,2.9043,2.3421,1.8446,1.7803,3.5109,1.8836,2.9509,4.1811,2.0847,1.9481,4.8316,1.1645,2.5688,4.3328,1.9164,2.1291,4.8528,1.6135,1.72,3.9606,1.6063,2.0104,3.342,1.0941,2.6927,3.6403,0.99377,2.787,3.8684,1.4397,2.4434,3.8773,1.1668,2.721,3.6758,1.8231,1.6892,4.0747,0.92783,2.4532,2.8001,1.9347,2.0877,4.4105,0.19777,2.7714,2.9558,1.0721,1.9374,4.2764,0.98238,2.3052,3.0739,1.6583,2.3862,4.5861,0.97238,2.0411,2.8709,0.73047,1.9694,2.7447,1.6034,1.7177,3.9659,0.94339,2.4474,2.8216,1.3638,1.5702,3.8422,2.7247,2.5741,4.5872,1.0828,2.1539,3.6141,1.1597,2.751,3.6853,1.9763,1.9732,4.4811,1.0607,1.948,4.2638,1.8604,1.6724,3.4582,1.6615,2.5152,3.9963,2.13,2.5379,4.8973,2.1333,2.3853,3.6864,1.2006,3.0536,3.4229,1.4514,1.4612,4.2149,0.66353,2.9885,3.6697,1.6163,1.7021,4.212,0.73494,1.9842,2.7372,0.70923,2.1954,3.9569,2.6681,2.5939,4.5209,2.0035,2.1043,3.4075,1.4039,2.8701,3.5453,1.0762,2.2281,3.6077,2.5432,2.019,4.4993,1.4804,1.7265,4.4208,1.5794,2.58,3.59,2.0563,2.329,4.0944,2.6631,2.3511,4.9511,0.49615,2.5216,3.019
213.42,0.095771,103.28,18.683,0.21414,268.53,1.3998,1.7655,4.0881,1.2834,2.2568,4.2854,1.1213,1.9305,4.2454,2.4273,2.6039,4.2973,0.8475,2.0412,4.2732,1.509,2.6341,3.8843,3.5142,2.7653,0.13592,1.0658,1.929,4.2343,1.7523,1.5908,4.1953,1.3422,2.2609,4.3727,0.81471,2.1104,4.2128,3.0274,2.8226,4.6153,5.3556,2.5861,1.07,1.3795,2.6931,3.7756,0.81456,2.1614,2.9231,2.682,2.2438,4.8203,1.4698,1.6896,3.9724,0.47965,2.7483,3.5304,2.0538,1.8015,3.5499,0.91388,2.4436,3.0747,6.1803,2.2902,3.0771,1.7182,1.6893,3.4761,1.8111,2.7288,4.0726,1.8039,1.7942,3.4576,1.4508,1.6663,3.951,0.32408,2.2403,2.9549,2.3166,2.5377,4.7206,1.4756,1.8507,3.2335,0.7767,2.0227,2.7096,3.878,2.6914,0.49166,2.1887,1.9018,3.7493,0.97379,2.7896,2.8939,1.9898,2.6762,4.2558,0.65864,2.0661,2.7339,0.82584,2.4076,3.0705,2.1019,1.975,4.7291,1.7745,1.6894,3.9211,0.65439,2.2111,3.8877,1.2502,2.7208,3.8354,0.71811,2.2561,2.9812,2.924,2.4277,4.7167,2.3645,2.3613,5.0922,1.5579,1.6355,3.9672,2.0597,1.9934,4.6466,1.6835,2.3359,3.2398,0.67787,2.1656,3.1328,2.3583,2.3794,4.4116,1.8831,2.5655,4.5059,1.7639,2.6512,4.398,2.7483,2.4174,4.6219,1.2097,2.6359,3.7103,1.9235,2.2286,4.4405,1.6679,2.7768,3.5639,0.78498,2.4203,2.7525,1.3732,2.19,4.5741,1.873,2.7515,3.7855,0.2419,2.4297,3.2427,1.6506,1.4718,4.0247,0.67949,2.0204,3.0658,2.1681,2.1845,4.5459,0.86444,2.3342,3.4852,0.85959,2.1605,3.1997,0.012329,2.8751,1.8312,2.1018,1.9986,4.7163,2.6579,2.3919,4.5422,2.4924,2.2088,4.8038,1.8635,2.5049,4.1334,1.0666,1.4825,4.1856,4.6963,2.8899,0.57981,0.89649,2.0685,3.1398,1.323,2.0161,4.3976,1.0167,2.0954,3.458,1.9021,2.4915,4.0763,1.8157,1.2762,4.0087,1.2718,2.4665,3.1823,0.84061,2.4487,3.7692,2.0881,1.7994,3.6162,1.4949,2.4128,3.4185,1.5948,2.4669,3.7122,1.5323,1.5086,4.2587,1.784,2.5103,4.1925,1.862,2.5072,4.2889,3.416,2.7628,6.1513,1.7627,1.4374,4.0657,1.78,1.9576,3.4418,1.9389,2.863,4.7576,1.2745,2.494,3.247,2.5622,2.4272,4.8842,1.1287,2.5765,4.0818,1.518,2.4257,3.4394,1.1176,1.7958,4.0997,1.6892,1.4893,4.0389,1.7466,1.9737,3.4048,0.33901,2.9127,3.4006,2.9095,2.306,4.6498,1.2934,1.9299,4.2265,1.402,2.5465,3.5882,1.4197,2.4388,3.3455,1.8873,1.8178,3.595,1.9388,2.4545,4.0289,1.0391,2.2639,3.1678,2.5416,1.9673,5.1248,1.335,2.5432,3.5016,1.3719,2.4744,3.2878,0.38464,2.9194,3.4335,0.63229,1.8369,2.804,1.6495,1.9713,4.5134,1.4468,1.7411,4.1721,5.4051,2.8802,1.7213,0.82857,2.0927,2.8391,1.0915,2.6334,4.0924,2.2619,2.5183,3.6173,2.5399,2.4105,4.862,2.8398,2.6627,4.5419,2.106,2.4916,4.4532,2.3458,2.1317,4.2409,0.76249,2.0557,3.2956,0.45676,2.4381,3.0211,0.56838,2.1304,3.7009,2.3773,2.4361,4.4775,0.8658,2.44,2.9713,1.2434,1.6023,4.282,1.6694,2.032,3.4149,6.0854,2.6706,1.833,3.3204,2.9222,0.044606,0.85182,2.3962,3.0323,1.6704,1.6285,4.0638,1.4981,1.8928,3.1709,0.78438,2.4332,2.9248,2.1546,2.3401,4.8688,1.2128,2.5573,3.1732,1.0109,1.9541,3.5118,0.46042,1.976,3.2942,1.7236,2.024,3.3977,2.3772,2.1286,4.2325,2.1916,2.1472,5.0065,1.2627,1.679,3.8374,0.69999,1.9821,2.7841,2.2017,2.1585,5.0289,2.3603,2.2317,4.5371,1.5764,2.4237,3.9674,4.425,2.8977,0.35348,1.9544,2.4087,4.0164,0.81706,1.9548,4.1144,1.2935,2.6162,4.294,3.7168,2.8209,0.003397,1.5401,1.6315,3.2979,0.23375,2.2995,3.3034,5.0649,2.9082,1.0183,0.65414,2.7523,3.3671,1.3609,2.5339,3.0475,2.1585,2.1017,4.9367,1.4806,2.0433,4.3947,1.5279,1.6325,3.3064,1.4278,2.9118,3.4056,0.55253,2.4257,2.8597,0.86727,2.4496,3.0005,0.22165,2.6097,3.327,1.6379,2.2963,4.166,0.5611,2.43,2.8251,1.0099,2.2746,3.586,1.3904,1.7768,4.2817,0.30406,2.3326,3.3602,1.5244,1.6008,3.2985,0.54192,2.4268,2.8537,3.3389,2.8579,6.2795,1.9353,2.5643,3.9959,2.0334,2.1987,4.6499,2.4038,2.7645,5.0108,1.906,1.911,3.861,1.289,1.7524,3.714,2.1882,2.127,4.9908,1.3814,2.6359,3.9513,1.0939,3.0649,2.9267,4.774,2.9297,0.47712,1.3721,2.707,4.4447,1.9094,1.9239,3.8794,1.3079,2.6435,2.9406,0.59532,2.7429,3.2251,1.0193,2.8968,4.2078,0.75266,2.5313,2.7291,0.67734,1.9956,2.9282,0.53441,2.4108,3.3801,1.554,2.1683,4.2971,1.4413,2.7164,4.4878,0.55363,1.9879,3.0102,1.9929,1.8524,3.8068,1.1881,1.7978,3.6828,2.2619,2.6685,4.7176,1.3582,1.6262,4.1238,1.35,2.1542,3.1526,0.60772,2.0096,3.0229,0.50935,2.4351,2.6379,1.6462,2.3285,4.1742,2.2851,2.6567,4.7717,0.57694,2.0134,2.9849,1.5723,1.6901,3.3432,0.34196,3.0597,2.2269,0.67369,2.5335,2.6734,3.0223,2.7474,6.0227,0.077279,2.8802,2.7533,4.6914,2.947,0.3935,2.2659,2.3365,3.6034,1.2639,3.0317,4.0836,1.3289,2.3629,3.4709,1.0435,3.0545,3.865,2.3249,2.2201,3.7331,1.1868,1.7779,3.68,2.4358,2.3548,4.5836,2.5069,2.6775,4.0434,1.3183,2.6689,4.3662,1.9027,1.851,3.8335,1.2083,2.6949,3.7289,2.3308,2.4348,4.9113,1.6231,2.5625,3.4279,2.1638,2.2175,4.1183,0.7736,1.9157,3.3456,2.2543,2.3968,3.6645,2.2766,2.3839,3.6489,2.2231,1.9587,4.9646,2.6097,2.273,4.7789,2.3344,2.2306,3.7543,1.3697,1.5772,3.8757,2.3104,2.6816,4.7939,1.9023,1.8768,3.8461,0.77532,2.1166,4.0486,1.6016,1.7644,4.2464,2.3004,2.6715,4.7918,1.4509,2.3809,3.2637,6.043,2.9043,2.3421,1.8446,1.7803,3.5109,1.8836,2.9509,4.1811,2.0847,1.9481,4.8316,1.1645,2.5688,4.3328,1.9164,2.1291,4.8528,1.6135,1.7199,3.9606,1.6063,2.0104,3.342,1.0941,2.6927,3.6403,0.99379,2.787,3.8684,1.4397,2.4434,3.8773,1.1668,2.721,3.6758,1.8231,1.6892,4.0747,0.92784,2.4532,2.8001,1.9347,2.0877,4.4105,0.1978,2.7714,2.9558,1.0721,1.9374,4.2764,0.98238,2.3052,3.0739,1.6583,2.3862,4.5861,0.97238,2.0411,2.8709,0.73047,1.9694,2.7447,1.6034,1.7176,3.9659,0.94339,2.4474,2.8216,1.3638,1.5702,3.8422,2.7247,2.5741,4.5872,1.0828,2.1539,3.6141,1.1597,2.751,3.6853,1.9763,1.9732,4.4811,1.0607,1.948,4.2638,1.8604,1.6724,3.4582,1.6615,2.5152,3.9963,2.13,2.5379,4.8973,2.1333,2.3853,3.6864,1.2007,3.0536,3.4229,1.4514,1.4612,4.2149,0.66355,2.9885,3.6697,1.6163,1.7021,4.212,0.73494,1.9842,2.7372,0.70923,2.1954,3.9569,2.6681,2.5939,4.5209,2.0035,2.1042,3.4075,1.4039,2.8701,3.5453,1.0762,2.2281,3.6077,2.5432,2.019,4.4993,1.4804,1.7265,4.4208,1.5793,2.58,3.59,2.0563,2.329,4.0944,2.6631,2.3511,4.9511,0.49616,2.5216,3.019
1633.8,0.12065,163.04,14.976,0.0089203,478.9,1.5201,1.8353,4.1702,1.2775,2.2259,4.2237,1.2279,1.9853,4.2347,2.4965,2.6611,4.3009,0.85792,2.0596,4.2202,1.5199,2.4878,3.8934,3.0195,2.8392,5.8328,1.2251,1.987,4.2349,1.7475,1.7133,4.2468,1.2776,2.2266,4.2268,0.857,2.0616,4.2155,2.896,2.8353,4.5105,5.7007,2.7744,1.4565,1.2442,2.8385,3.6293,0.95421,2.1449,3.021,2.4854,2.0543,4.4503,1.4723,1.6741,3.9064,0.65725,2.5724,3.8808,2.0064,1.7634,3.4743,1.0769,2.4438,3.0655,0.26588,2.2866,3.5549,1.7851,1.6747,3.3885,2.1299,2.823,4.4346,1.7867,1.6751,3.3915,1.474,1.6713,3.9097,0.3944,2.135,3.1995,2.0389,2.3579,4.3911,1.4742,1.6688,3.1996,0.83102,1.88,2.7698,3.0194,2.8414,5.8279,2.007,1.7649,3.4763,1.0056,2.7168,2.8796,1.8188,2.5887,4.0038,0.63288,1.8724,2.7976,1.0724,2.4444,3.0579,1.8986,1.9151,4.4947,1.6824,1.6908,3.8938,0.51069,2.2014,3.7448,1.1927,2.4268,3.7836,1.002,2.0629,3.2666,2.5505,2.3002,4.2961,2.0713,2.1519,4.6804,1.4788,1.6731,3.9128,1.896,1.9169,4.4933,1.4906,2.1737,3.2666,0.82033,2.0826,3.1837,2.4188,2.3733,4.3172,1.9433,2.6011,4.8852,1.9348,2.5964,4.8744,2.5489,2.3007,4.2945,1.2868,2.4893,3.9436,1.6887,2.2326,4.2966,2.0461,3.0603,3.9882,0.50643,2.4697,2.4786,1.5424,2.0564,4.6104,2.0745,3.0643,4.0201,0.38853,2.3759,3.4325,1.6618,1.6263,4.0822,0.70869,2.0233,3.0962,2.2446,2.2408,4.648,0.6356,2.6161,3.0076,1.002,2.0662,3.267,0.12306,2.8905,1.9664,1.9956,1.9855,4.5902,2.5473,2.3016,4.2964,2.6706,2.336,5.195,2.1347,2.8178,4.4365,1.0791,1.8459,3.9483,4.6217,2.995,0.50761,0.88492,2.1184,3.0514,1.3048,2.0993,4.268,1.0551,2.0873,3.4924,2.3038,2.7524,4.5722,1.7025,1.5959,4.1566,1.1467,2.5571,3.0706,0.75174,2.4276,3.7686,2.0555,1.926,3.7369,1.5979,2.4375,3.4682,1.6585,2.5242,3.6072,1.6572,1.6736,4.2501,2.1013,2.8071,4.5769,2.1083,2.8068,4.5818,3.3608,2.7818,6.1223,1.7017,1.5959,4.1567,1.7053,2.0045,3.4528,2.1237,2.9366,4.9203,1.148,2.557,3.0751,2.6359,2.4462,4.9864,1.027,2.6038,4.0661,1.6,2.4366,3.4685,1.1835,1.802,4.1002,1.6622,1.6261,4.0827,1.7039,2.0043,3.4504,0.28851,2.9463,3.3358,2.8732,2.2935,4.5673,1.3169,1.9499,4.2057,1.2524,2.6868,3.3288,1.4634,2.4582,3.3435,1.8429,1.9823,3.7228,1.9507,2.3405,3.9935,1.0951,2.2828,3.1875,2.5394,2.0471,5.1483,1.242,2.6863,3.3139,1.4599,2.4613,3.339,0.29676,2.9461,3.3445,0.67569,1.8078,2.9095,1.6989,2.0255,4.4247,1.4671,1.8605,4.1205,5.5332,2.9006,1.8455,0.81909,2.1207,2.7819,1.0253,2.6057,4.0662,2.1592,2.5252,3.6217,2.6367,2.4443,4.9868,2.8029,2.7042,4.5222,2.1606,2.5289,4.5315,2.349,2.1034,4.1957,0.76609,1.9916,3.347,0.3299,2.4736,2.8847,0.60378,2.1411,3.7129,2.386,2.507,4.432,0.75309,2.4647,2.8554,1.2546,1.5846,4.287,1.7014,2.0073,3.4494,5.662,2.6891,2.0353,3.2215,2.938,6.2143,0.74867,2.4623,2.8583,1.6613,1.634,4.0864,1.4949,1.8655,3.1825,0.74446,2.4638,2.8522,2.168,2.3481,4.9527,1.1456,2.563,3.0721,1.0026,1.9626,3.5038,0.5288,1.9783,3.2574,1.7017,2.0086,3.4484,2.386,2.0821,4.1983,2.1447,2.1542,4.981,1.2883,1.7497,3.8018,0.68304,1.9773,2.7562,2.1444,2.1542,4.9833,2.3199,2.1865,4.463,1.5675,2.296,3.963,4.2129,3.0039,0.14524,1.955,2.3394,3.9965,0.83787,1.9636,4.1182,1.1786,2.5738,4.2162,3.5271,2.8528,6.0895,1.5326,1.6181,3.2872,0.32027,2.2983,3.404,5.13,2.9878,1.0704,0.56354,2.7834,3.2608,1.2699,2.5077,2.9797,2.141,2.1502,4.9783,1.4745,2.0925,4.3516,1.5255,1.6232,3.2876,1.3789,2.9288,3.3631,0.45423,2.4496,2.7238,0.92437,2.4543,3.0022,0.22236,2.6176,3.3402,1.6123,2.2576,4.1261,0.45056,2.4466,2.7168,1.0471,2.1725,3.6574,1.3944,1.8057,4.2929,0.32405,2.3008,3.4053,1.5286,1.6171,3.2872,0.45023,2.4501,2.7212,3.0014,2.8703,5.9198,2.0046,2.5965,4.0342,1.9727,2.1789,4.5904,2.6281,2.7747,5.2666,1.8916,1.9637,3.9023,1.294,1.8138,3.6891,2.1455,2.1536,4.9827,1.4009,2.6563,4.0059,1.1131,3.084,2.9553,4.6926,2.9835,0.4145,1.261,2.6861,4.337,1.9038,1.9563,3.8848,1.2477,2.6366,2.8666,0.37036,2.7729,2.9639,0.93688,2.8917,4.129,0.57817,2.5215,2.5843,0.69607,1.9357,2.9878,0.54671,2.3975,3.4268,1.5661,2.176,4.2309,1.266,2.6881,4.3426,0.63,1.9512,3.1117,1.9803,1.8951,3.8178,1.1934,1.844,3.6473,2.4554,2.7217,4.973,1.3758,1.5304,4.1701,1.3883,2.1562,3.1732,0.63534,1.9506,3.1119,0.46378,2.4497,2.5707,1.6142,2.2569,4.1293,2.4535,2.7203,4.9749,0.63311,1.9526,3.109,1.5645,1.712,3.328,0.50811,3.041,2.421,0.57701,2.5217,2.5858,2.9158,2.744,5.8969,6.1862,2.8648,2.553,4.6745,2.9871,0.39427,2.3425,2.4061,3.747,0.89655,3.0804,3.6812,1.4345,2.2599,3.5596,0.85671,3.0783,3.6415,2.3663,2.2375,3.8073,1.1918,1.8432,3.6463,2.4266,2.3386,4.5612,2.5813,2.6304,4.0331,1.2633,2.6831,4.3384,1.8925,1.9585,3.9016,1.1302,2.7917,3.656,2.4441,2.4839,5.0841,1.6079,2.6192,3.3064,2.1681,2.1886,4.103,0.78669,1.9028,3.3706,2.3432,2.4093,3.7488,2.3457,2.4107,3.75,2.1858,1.8922,4.9049,2.6431,2.2894,4.7916,2.3647,2.2386,3.8076,1.3797,1.5849,3.837,2.457,2.7195,4.9785,1.892,1.9589,3.9022,0.77864,2.1408,3.9651,1.6015,1.8302,4.2576,2.4546,2.7204,4.9766,1.4459,2.3887,3.2612,5.9312,2.8815,2.2107,1.8579,1.7995,3.4767,1.9743,3.021,4.2972,2.0169,1.9497,4.7564,1.1028,2.5788,4.2743,1.8847,2.1495,4.8618,1.6132,1.7995,3.9662,1.6049,2.0096,3.3891,1.0181,2.7725,3.5684,0.91754,2.8291,3.8157,1.3813,2.3924,3.845,1.1252,2.7934,3.6505,1.8381,1.792,4.0924,0.91312,2.4607,2.774,1.9109,2.0693,4.3858,0.078978,2.7958,2.8445,1.0851,1.9589,4.2611,0.94879,2.3356,3.012,1.6344,2.3955,4.5869,0.9789,2.0856,2.8357,0.74298,1.9984,2.7423,1.6124,1.7985,3.9683,0.91515,2.4596,2.7764,1.3797,1.5855,3.8368,2.7675,2.5891,4.633,1.0848,2.1376,3.6265,1.1226,2.797,3.651,1.9759,1.9864,4.4767,1.0823,1.9616,4.2585,1.8533,1.6535,3.4507,1.6621,2.4833,3.9989,2.1132,2.5546,4.922,2.1544,2.3808,3.7096,1.1858,3.0727,3.4172,1.4463,1.4675,4.2317,0.62064,2.9993,3.6162,1.6239,1.749,4.2321,0.74409,1.998,2.7418,0.69091,2.1941,3.9443,2.6878,2.6027,4.5369,1.9931,2.1273,3.4387,1.3826,2.9195,3.5359,1.0817,2.1938,3.6338,2.532,2.0003,4.4711,1.4908,1.7347,4.4223,1.6086,2.5917,3.5831,2.0623,2.29,4.0735,2.7077,2.373,5.0074,0.44705,2.5309,2.9607
1633.8,0.12065,163.04,14.976,0.017841,499.89,1.5148,1.8345,4.1648,1.2757,2.2279,4.2247,1.2229,1.9828,4.2375,2.4917,2.6585,4.2975,0.8584,2.0558,4.2264,1.5193,2.4955,3.8935,3.0356,2.8395,5.8534,1.2185,1.9848,4.236,1.7466,1.7063,4.2451,1.2801,2.2269,4.2326,0.85482,2.0617,4.2149,2.9045,2.835,4.516,5.6845,2.7695,1.438,1.2552,2.8272,3.6402,0.94957,2.1446,3.0194,2.4884,2.0603,4.4592,1.472,1.6705,3.9085,0.6549,2.5775,3.8741,2.0085,1.7643,3.4775,1.0844,2.4378,3.0828,0.25656,2.2881,3.5426,1.7832,1.6763,3.3904,2.1048,2.8169,4.4068,1.7868,1.6814,3.3937,1.4699,1.6653,3.915,0.39227,2.1393,3.1914,2.0469,2.3653,4.4014,1.4741,1.6732,3.2003,0.82968,1.8894,2.7643,3.0327,2.8413,5.8433,2.0093,1.7705,3.4799,1.0071,2.7183,2.8833,1.8205,2.5881,4.0083,0.63642,1.8786,2.7977,1.0719,2.4418,3.0647,1.9007,1.9166,4.4981,1.6866,1.6835,3.892,0.51137,2.2016,3.746,1.1906,2.4414,3.7782,0.99424,2.0703,3.2575,2.5596,2.306,4.3084,2.0783,2.16,4.6898,1.4806,1.6711,3.9159,1.8955,1.9173,4.4951,1.4926,2.1797,3.2655,0.81538,2.0895,3.1748,2.4203,2.3775,4.3232,1.9381,2.599,4.8746,1.9256,2.5979,4.8595,2.5551,2.3071,4.3056,1.2857,2.4944,3.9373,1.6925,2.2345,4.3022,2.0187,3.0542,3.9585,0.51628,2.4692,2.4875,1.5424,2.059,4.6168,2.0644,3.0598,4.0085,0.38135,2.3798,3.4215,1.6618,1.6193,4.0814,0.70694,2.0277,3.0911,2.2464,2.2431,4.6514,0.65127,2.6104,3.0255,0.99543,2.074,3.2581,0.11222,2.8908,1.9536,1.9977,1.9877,4.5955,2.5518,2.3086,4.3061,2.6598,2.3316,5.1843,2.1134,2.8069,4.4136,1.0793,1.8385,3.9543,4.6278,2.9862,0.51152,0.8807,2.1195,3.0461,1.3048,2.0978,4.2743,1.0535,2.0884,3.4903,2.2843,2.7463,4.5495,1.7046,1.5902,4.1539,1.1555,2.5546,3.0785,0.75536,2.4316,3.7671,2.0575,1.9205,3.731,1.5928,2.4393,3.4646,1.651,2.5293,3.6046,1.6539,1.6646,4.2503,2.0822,2.7989,4.5563,2.0944,2.7976,4.5675,3.3708,2.7806,6.1318,1.7042,1.5898,4.1539,1.7102,2.0033,3.4519,2.1111,2.9348,4.9091,1.1561,2.5549,3.0861,2.6319,2.4454,4.9814,1.034,2.6045,4.0672,1.5955,2.4371,3.4662,1.1799,1.8091,4.0958,1.6634,1.6186,4.0805,1.7069,2.0036,3.447,0.2842,2.9446,3.3328,2.8776,2.2954,4.5762,1.3159,1.949,4.2066,1.2615,2.6817,3.3445,1.4602,2.4576,3.3435,1.8453,1.9763,3.7167,1.9495,2.35,3.9956,1.0908,2.2837,3.1845,2.5392,2.0417,5.1465,1.2441,2.6809,3.3206,1.4529,2.4638,3.3347,0.30294,2.9447,3.3506,0.67317,1.811,2.9011,1.6963,2.0216,4.4321,1.4666,1.8536,4.1235,5.5194,2.8986,1.832,0.81967,2.1178,2.7868,1.0306,2.6085,4.0676,2.1682,2.5251,3.6221,2.6304,2.4425,4.9784,2.8069,2.7014,4.5252,2.1547,2.5256,4.5239,2.349,2.1049,4.1984,0.76646,1.996,3.3434,0.33967,2.4711,2.8942,0.6026,2.1417,3.7116,2.3861,2.4997,4.4358,0.76237,2.4628,2.8646,1.2539,1.5867,4.287,1.6999,2.0098,3.4467,6.2185,2.6886,2.0175,3.2358,2.937,6.2331,0.75944,2.4569,2.8743,1.6623,1.6345,4.0846,1.4959,1.8683,3.1819,0.74898,2.4614,2.8598,2.1672,2.3477,4.9462,1.1516,2.5633,3.0799,1.0037,1.9623,3.504,0.52362,1.9784,3.2592,1.7036,2.0105,3.4444,2.3859,2.0855,4.2005,2.1491,2.1538,4.9836,1.2865,1.7431,3.805,0.68406,1.9773,2.7583,2.15,2.1551,4.9885,2.3231,2.1905,4.4693,1.5683,2.3086,3.9635,4.2402,2.9954,0.17108,1.9545,2.3451,3.998,0.83698,1.9616,4.1201,1.1873,2.5777,4.2213,3.546,2.8496,6.108,1.5333,1.6198,3.2882,0.31366,2.2989,3.3954,5.1242,2.9823,1.0645,0.57483,2.781,3.274,1.2785,2.51,2.9858,2.1411,2.1455,4.9726,1.4757,2.0895,4.3557,1.5258,1.6247,3.2891,1.381,2.9277,3.3641,0.46275,2.4475,2.7353,0.91914,2.4542,3.0017,0.22413,2.617,3.3403,1.6145,2.262,4.1295,0.46161,2.4448,2.727,1.0451,2.1795,3.6531,1.3941,1.8025,4.2929,0.3228,2.3038,3.4005,1.5284,1.6165,3.2882,0.45881,2.4478,2.7334,3.032,2.8703,5.9522,1.9984,2.5929,4.0302,1.9778,2.1815,4.5957,2.6147,2.7747,5.2515,1.8937,1.9602,3.8987,1.294,1.8075,3.6908,2.1496,2.1518,4.9838,1.3978,2.6527,3.9994,1.1172,3.0816,2.9579,4.6987,2.979,0.41835,1.2703,2.689,4.3452,1.9043,1.9528,3.8836,1.254,2.6374,2.8739,0.39255,2.7709,2.9893,0.941,2.8942,4.1322,0.59135,2.522,2.5953,0.69367,1.9424,2.9804,0.54536,2.4,3.4212,1.5653,2.1775,4.2366,1.2829,2.6917,4.356,0.62268,1.9555,3.1021,1.9822,1.8907,3.8158,1.1931,1.8394,3.6508,2.436,2.7177,4.948,1.3749,1.5403,4.166,1.3856,2.1564,3.1711,0.63273,1.956,3.1029,0.46896,2.448,2.5777,1.6159,2.2629,4.1331,2.4375,2.7154,4.9565,0.62886,1.9586,3.098,1.5656,1.7097,3.3295,0.5,3.0429,2.4099,0.58633,2.5229,2.5939,2.9259,2.7452,5.9093,6.2029,2.867,2.5722,4.673,2.9832,0.39034,2.3345,2.4011,3.7338,0.94444,3.0779,3.7326,1.4254,2.2698,3.5518,0.8746,3.0766,3.6628,2.3627,2.2362,3.8007,1.1914,1.8371,3.6494,2.4274,2.3403,4.5643,2.5759,2.6361,4.0355,1.2684,2.6815,4.3416,1.8938,1.95,3.8953,1.1398,2.7827,3.6654,2.4324,2.4802,5.0683,1.6089,2.6147,3.3176,2.1674,2.1912,4.104,0.78593,1.904,3.3684,2.335,2.4085,3.7406,2.3386,2.4084,3.7398,2.1892,1.901,4.9119,2.6394,2.2878,4.7908,2.3616,2.2378,3.8023,1.3785,1.5854,3.8402,2.4403,2.7161,4.958,1.8931,1.9514,3.8968,0.77772,2.1391,3.9732,1.6013,1.8236,4.2566,2.4386,2.7162,4.9581,1.4462,2.3878,3.2617,5.939,2.8836,2.2205,1.8558,1.7978,3.4807,1.9676,3.0142,4.2879,2.0227,1.9501,4.7645,1.1107,2.5788,4.282,1.8901,2.1478,4.8629,1.6129,1.7914,3.9657,1.6048,2.0099,3.3827,1.0283,2.7638,3.5781,0.92788,2.8242,3.8247,1.3882,2.3993,3.8483,1.1304,2.7856,3.6541,1.8364,1.7819,4.0906,0.91508,2.4598,2.7783,1.9131,2.0715,4.3886,0.093671,2.7936,2.859,1.083,1.9566,4.2624,0.95328,2.3315,3.0208,1.6372,2.3949,4.5869,0.97817,2.0804,2.84,0.74135,1.9954,2.7416,1.6113,1.7895,3.9681,0.9188,2.458,2.7827,1.3776,1.5849,3.8372,2.7614,2.5872,4.6264,1.0849,2.1395,3.6251,1.1269,2.7913,3.6546,1.9757,1.9852,4.4775,1.0788,1.9605,4.2582,1.8538,1.6564,3.4517,1.6621,2.4881,3.9988,2.1153,2.553,4.9192,2.1513,2.3813,3.7064,1.189,3.0699,3.4191,1.4469,1.4683,4.2297,0.62565,2.9981,3.6225,1.6222,1.7432,4.2293,0.74267,1.9974,2.7403,0.6933,2.1941,3.9461,2.6852,2.6018,4.5352,1.9952,2.1247,3.4356,1.3856,2.9129,3.5369,1.0814,2.1979,3.6308,2.5337,2.0027,4.4747,1.4895,1.7336,4.4218,1.6045,2.5902,3.5835,2.0615,2.2955,4.0755,2.7012,2.3699,4.9998,0.45263,2.5298,2.9677
1633.8,0.12065,163.04,14.976,0.026761,516.46,1.5101,1.8337,4.1597,1.2738,2.2298,4.2253,1.2184,1.9801,4.24,2.4871,2.6559,4.2945,0.85879,2.0521,4.2323,1.5188,2.5025,3.8938,3.0505,2.8396,5.8723,1.2122,1.9825,4.2368,1.7456,1.6997,4.2434,1.2826,2.2273,4.2383,0.85243,2.0616,4.2139,2.9123,2.8348,4.5206,5.6697,2.7646,1.4212,1.265,2.8164,3.65,0.94514,2.1442,3.0183,2.4912,2.0663,4.4676,1.4716,1.6669,3.9106,0.65354,2.5819,3.8686,2.0107,1.7651,3.4805,1.0908,2.4321,3.0984,0.24793,2.2893,3.5313,1.7814,1.6774,3.3923,2.0821,2.8108,4.381,1.787,1.6869,3.3958,1.4661,1.6598,3.9198,0.39053,2.1435,3.1842,2.0543,2.3719,4.4109,1.4738,1.6768,3.201,0.82877,1.8973,2.7602,3.0449,2.8413,5.8573,2.0116,1.7749,3.4832,1.0094,2.7194,2.8877,1.8219,2.5878,4.0125,0.63977,1.8844,2.7979,1.0711,2.4395,3.0708,1.9029,1.9178,4.5015,1.6904,1.6769,3.8908,0.51193,2.2018,3.7471,1.1884,2.4547,3.7731,0.98685,2.0767,3.2492,2.568,2.3113,4.32,2.0852,2.1672,4.6988,1.4825,1.6701,3.9189,1.8952,1.9178,4.4968,1.4949,2.1846,3.2645,0.81014,2.0959,3.1661,2.4224,2.3819,4.3296,1.9336,2.5974,4.8647,1.917,2.599,4.8454,2.5613,2.3135,4.3165,1.2848,2.4993,3.9315,1.6963,2.2363,4.3076,1.9964,3.0484,3.9344,0.52521,2.4689,2.4954,1.5418,2.0618,4.6225,2.0578,3.0555,4.0003,0.37462,2.3834,3.4114,1.6618,1.6133,4.0805,0.70481,2.0319,3.0861,2.2479,2.2454,4.6544,0.665,2.6052,3.0417,0.98899,2.081,3.2495,0.10002,2.8912,1.9395,2.0001,1.9903,4.601,2.5567,2.3153,4.3159,2.6499,2.3273,5.1739,2.0947,2.7965,4.3935,1.0796,1.8316,3.9599,4.6323,2.9775,0.51408,0.87649,2.1206,3.041,1.3049,2.0965,4.2804,1.0518,2.0898,3.488,2.2672,2.7406,4.5294,1.7066,1.5852,4.1514,1.1641,2.5523,3.086,0.75843,2.4357,3.765,2.0594,1.9154,3.7256,1.5882,2.4413,3.4613,1.6442,2.534,3.6027,1.6508,1.6568,4.2502,2.0654,2.7909,4.5376,2.0826,2.789,4.5553,3.3802,2.7794,6.1404,1.7066,1.5842,4.1513,1.7148,2.0025,3.4512,2.1009,2.9334,4.9005,1.164,2.553,3.0965,2.6283,2.4446,4.9767,1.0401,2.6054,4.0676,1.5911,2.4381,3.464,1.1761,1.8152,4.0918,1.6645,1.6116,4.0785,1.7098,2.0031,3.4435,0.28024,2.9428,3.33,2.8822,2.2974,4.5851,1.3149,1.9486,4.2075,1.2693,2.6771,3.3586,1.4563,2.4572,3.3428,1.8477,1.9709,3.7108,1.9484,2.3598,3.9978,1.0864,2.2847,3.1817,2.5392,2.0367,5.1451,1.2461,2.6762,3.327,1.4456,2.4662,3.3304,0.30946,2.9434,3.3571,0.67058,1.8143,2.8927,1.6934,2.018,4.4394,1.4659,1.8472,4.1261,5.5056,2.8966,1.8185,0.82025,2.115,2.7916,1.0357,2.6116,4.0686,2.1769,2.5251,3.6224,2.6238,2.4405,4.9697,2.8113,2.6986,4.5283,2.1492,2.5223,4.5166,2.3492,2.1068,4.2016,0.76673,2.0008,3.3396,0.34987,2.4683,2.9045,0.60125,2.142,3.7104,2.3858,2.4926,4.4397,0.77171,2.4609,2.8739,1.2531,1.5887,4.2868,1.6979,2.0122,3.444,6.2572,2.6879,1.9997,3.2503,2.9359,6.2185,0.76989,2.4517,2.8901,1.6632,1.6345,4.0827,1.497,1.8711,3.1811,0.7531,2.4589,2.8671,2.1661,2.3471,4.9392,1.1573,2.5633,3.0875,1.0048,1.9619,3.5041,0.51821,1.9785,3.2612,1.7057,2.012,3.4404,2.3858,2.0889,4.2028,2.1537,2.1536,4.986,1.2848,1.7366,3.8081,0.68532,1.9774,2.7607,2.1555,2.1561,4.9932,2.3267,2.1948,4.476,1.5693,2.3206,3.9642,4.2636,2.987,0.19315,1.9543,2.3507,3.9993,0.83568,1.9596,4.1215,1.1964,2.5817,4.2265,3.5643,2.8464,6.1259,1.5341,1.6216,3.2891,0.30702,2.2993,3.3868,5.1193,2.9766,1.0599,0.58568,2.7783,3.2866,1.2866,2.5122,2.9915,2.1411,2.1409,4.967,1.4767,2.0863,4.3599,1.526,1.6259,3.2909,1.3839,2.9265,3.3659,0.47162,2.4453,2.7473,0.91399,2.4539,3.0011,0.22603,2.6161,3.3408,1.6169,2.2662,4.1328,0.47269,2.4429,2.7374,1.0431,2.1864,3.6486,1.3939,1.7996,4.2925,0.32167,2.3066,3.3962,1.5281,1.6154,3.2892,0.4677,2.4454,2.746,3.0608,2.8701,5.9828,1.9927,2.5898,4.0264,1.9827,2.1839,4.6006,2.6006,2.7747,5.2356,1.8953,1.9564,3.8949,1.2939,1.8013,3.6928,2.1533,2.1497,4.9842,1.3948,2.6494,3.9929,1.1191,3.0792,2.9585,4.7052,2.9747,0.42274,1.2793,2.6915,4.3531,1.9051,1.9493,3.8826,1.2603,2.6381,2.881,0.41398,2.7688,3.014,0.94592,2.896,4.1364,0.60481,2.5228,2.6064,0.69153,1.9488,2.9736,0.54368,2.4022,3.4159,1.5644,2.1785,4.2422,1.2993,2.6949,4.3691,0.61555,1.9596,3.0926,1.9838,1.8862,3.814,1.1928,1.8349,3.6541,2.4173,2.7134,4.9237,1.3738,1.5497,4.162,1.3827,2.1565,3.169,0.63006,1.9611,3.0944,0.47382,2.4463,2.5843,1.6177,2.269,4.1371,2.4222,2.7106,4.9388,0.6244,1.9643,3.0872,1.5666,1.7076,3.3308,0.49217,3.0445,2.3993,0.5953,2.5241,2.6018,2.9358,2.7463,5.9213,6.2156,2.8691,2.5911,4.6725,2.9792,0.38778,2.327,2.3965,3.7212,0.98689,3.0751,3.7784,1.4164,2.2797,3.544,0.88972,3.0749,3.6813,2.3588,2.2352,3.7942,1.191,1.8309,3.6524,2.4285,2.3422,4.5672,2.5705,2.6417,4.0378,1.2737,2.6802,4.3447,1.8949,1.9417,3.8891,1.1484,2.7741,3.6736,2.4215,2.4765,5.0528,1.6099,2.6104,3.3284,2.1667,2.194,4.105,0.78497,1.9052,3.3661,2.3269,2.4081,3.7328,2.3316,2.4065,3.73,2.1925,1.9096,4.9188,2.6363,2.2867,4.7904,2.3588,2.2373,3.7976,1.3772,1.5857,3.8432,2.4245,2.7128,4.9384,1.894,1.9443,3.8917,0.77694,2.1373,3.9814,1.6011,1.8174,4.2556,2.4237,2.712,4.9407,1.4465,2.3871,3.262,5.9472,2.8859,2.2305,1.8538,1.7963,3.4848,1.9596,3.0076,4.2776,2.0287,1.9509,4.7727,1.1186,2.5789,4.2898,1.8952,2.1465,4.8636,1.6126,1.7834,3.9653,1.6045,2.0108,3.3769,1.037,2.7558,3.5861,0.93663,2.8198,3.8317,1.3946,2.4062,3.8514,1.1349,2.7783,3.6571,1.8348,1.772,4.0887,0.9171,2.4589,2.7825,1.9159,2.0743,4.3917,0.10829,2.7913,2.873,1.0809,1.9546,4.2637,0.95777,2.3278,3.0293,1.64,2.3945,4.587,0.97739,2.0757,2.8443,0.73964,1.9924,2.7412,1.6103,1.7805,3.9679,0.92255,2.4566,2.7891,1.3754,1.5845,3.8377,2.756,2.5853,4.6208,1.0847,2.1418,3.6234,1.1313,2.7859,3.6582,1.9758,1.9842,4.4784,1.0756,1.9594,4.2583,1.8547,1.6593,3.4527,1.6622,2.4928,3.9987,2.1175,2.5515,4.9164,2.148,2.3822,3.7029,1.1927,3.0673,3.4214,1.4476,1.4688,4.2275,0.63071,2.997,3.6288,1.6208,1.7373,4.2267,0.74137,1.9966,2.7392,0.69576,2.1942,3.9479,2.6822,2.6007,4.5329,1.9971,2.1221,3.4321,1.3889,2.9064,3.5387,1.081,2.2024,3.6275,2.5352,2.0054,4.4788,1.4881,1.7327,4.4215,1.6001,2.5889,3.584,2.0606,2.3008,4.0777,2.6949,2.367,4.9923,0.45862,2.5288,2.9748
1633.8,0.12065,163.04,14.976,0.035681,532.47,1.5055,1.8327,4.155,1.2721,2.2315,4.226,1.2139,1.9773,4.2423,2.4826,2.6534,4.292,0.85916,2.0484,4.238,1.5184,2.5091,3.8941,3.0651,2.8396,5.8908,1.2063,1.9801,4.2375,1.7448,1.6933,4.2417,1.285,2.2276,4.244,0.85004,2.0614,4.2131,2.9194,2.8345,4.525,5.6556,2.7596,1.4053,1.274,2.806,3.6592,0.94082,2.1437,3.0171,2.4942,2.0722,4.4759,1.471,1.6632,3.9125,0.65231,2.5862,3.8633,2.0128,1.7656,3.4833,1.0959,2.4269,3.1123,0.23956,2.2906,3.5201,1.7797,1.6783,3.394,2.061,2.8048,4.3567,1.7872,1.6918,3.3976,1.4625,1.6548,3.9243,0.38909,2.1471,3.1776,2.061,2.3775,4.4197,1.4732,1.68,3.2016,0.82819,1.9042,2.757,3.0569,2.8411,5.8711,2.0142,1.7787,3.4862,1.0119,2.7203,2.8924,1.8233,2.5877,4.0164,0.64299,1.8899,2.7984,1.0701,2.4372,3.0764,1.905,1.9189,4.505,1.694,1.6712,3.8902,0.51244,2.2019,3.7482,1.1862,2.467,3.7685,0.97973,2.0825,3.2414,2.5765,2.3162,4.3313,2.0921,2.1738,4.7073,1.4845,1.6695,3.9218,1.895,1.9185,4.4986,1.4971,2.1891,3.2635,0.80471,2.1024,3.1572,2.4246,2.3862,4.336,1.9294,2.5961,4.8549,1.9089,2.6,4.8318,2.5678,2.3197,4.3278,1.2839,2.504,3.9258,1.7,2.2381,4.313,1.9773,3.0428,3.9137,0.53379,2.4687,2.5032,1.5407,2.0647,4.6275,2.0527,3.0515,3.9938,0.36814,2.3867,3.4018,1.6618,1.6081,4.0797,0.70254,2.0358,3.0811,2.2493,2.2474,4.657,0.67761,2.6003,3.057,0.98255,2.0877,3.241,0.087293,2.8915,1.9249,2.0029,1.9931,4.6067,2.5617,2.3221,4.3262,2.6403,2.3231,5.1636,2.0777,2.7862,4.3753,1.08,1.8248,3.9653,4.6361,2.9687,0.51599,0.87234,2.1217,3.0361,1.305,2.0954,4.2863,1.0499,2.0916,3.4856,2.2514,2.7351,4.5109,1.7088,1.5806,4.1489,1.1723,2.5502,3.0932,0.76122,2.4399,3.7627,2.0613,1.9105,3.7204,1.5837,2.4436,3.4582,1.638,2.5386,3.6016,1.6477,1.6497,4.2501,2.0495,2.7829,4.52,2.0719,2.7808,4.5441,3.3896,2.778,6.149,1.7091,1.5789,4.1487,1.7198,2.0022,3.4509,2.0925,2.9322,4.8934,1.1714,2.5512,3.1064,2.6249,2.4439,4.9722,1.0458,2.6063,4.0674,1.5868,2.4391,3.4621,1.1722,1.8203,4.0883,1.6658,1.6049,4.0765,1.7129,2.0026,3.4402,0.27662,2.9411,3.3274,2.8868,2.299,4.5941,1.3139,1.9482,4.2085,1.2764,2.6727,3.3717,1.4526,2.457,3.3423,1.8502,1.9657,3.7051,1.9473,2.3698,4.0003,1.0821,2.2858,3.1789,2.5395,2.0321,5.1443,1.2479,2.6717,3.3335,1.4385,2.4685,3.3261,0.31614,2.9418,3.3637,0.6678,1.8178,2.884,1.6904,2.0144,4.4468,1.4654,1.8411,4.1288,5.4915,2.8945,1.8046,0.82061,2.1124,2.7961,1.0406,2.6148,4.0692,2.1855,2.5251,3.6224,2.6169,2.4384,4.9605,2.8161,2.6957,4.5318,2.1441,2.5192,4.5099,2.3496,2.1091,4.2052,0.76678,2.0058,3.3356,0.36042,2.4655,2.9153,0.59988,2.1423,3.7093,2.3855,2.4857,4.4438,0.78118,2.459,2.8833,1.2524,1.5906,4.2865,1.6958,2.0146,3.4412,6.2201,2.6871,1.9815,3.2651,2.9346,0.34793,0.77996,2.4463,2.9059,1.664,1.634,4.0808,1.4981,1.8737,3.1804,0.75688,2.4565,2.8741,2.1649,2.3463,4.932,1.163,2.5633,3.095,1.0059,1.9615,3.5041,0.51252,1.9785,3.2634,1.7078,2.0136,3.4365,2.3858,2.0926,4.2052,2.1585,2.1532,4.9885,1.2831,1.7301,3.8113,0.68662,1.9774,2.7633,2.1611,2.157,4.998,2.3306,2.199,4.483,1.5701,2.3322,3.9647,4.2845,2.9788,0.213,1.9541,2.3565,4.0007,0.83412,1.9577,4.1224,1.2056,2.5856,4.2319,3.5819,2.8433,6.1434,1.5348,1.6234,3.2901,0.30039,2.2998,3.3782,5.1147,2.9708,1.0557,0.59619,2.7754,3.2987,1.2946,2.5144,2.9971,2.1416,2.1363,4.9616,1.4774,2.0829,4.3639,1.5262,1.627,3.2926,1.3869,2.9252,3.3677,0.4807,2.4429,2.7597,0.90957,2.4534,3.0012,0.22798,2.6151,3.3413,1.6193,2.2704,4.1362,0.48377,2.4412,2.7478,1.0411,2.1935,3.644,1.3936,1.7967,4.292,0.32064,2.3092,3.392,1.5278,1.6142,3.2902,0.47673,2.4428,2.7588,3.0886,2.8696,6.0124,1.9872,2.5869,4.023,1.9877,2.1861,4.6054,2.5859,2.7745,5.219,1.8969,1.9525,3.8912,1.2937,1.7953,3.6947,2.157,2.1475,4.9845,1.392,2.6461,3.9865,1.1196,3.077,2.9578,4.7115,2.9705,0.42724,1.2882,2.6937,4.3608,1.9059,1.9457,3.8816,1.2665,2.6386,2.8881,0.43494,2.7665,3.0381,0.95114,2.8973,4.1409,0.61836,2.5235,2.6177,0.68954,1.9548,2.9671,0.54197,2.4042,3.4107,1.5636,2.1791,4.2479,1.3155,2.6978,4.382,0.60848,1.9633,3.083,1.9854,1.8817,3.8123,1.1925,1.8302,3.6575,2.399,2.7092,4.8998,1.3726,1.5587,4.1581,1.3799,2.1565,3.167,0.62737,1.9661,3.0861,0.47862,2.4447,2.591,1.6198,2.2751,4.141,2.4072,2.7058,4.9212,0.61973,1.9699,3.0762,1.5676,1.7054,3.3322,0.48388,3.046,2.3881,0.60395,2.5254,2.6094,2.9458,2.7472,5.9334,6.2763,2.8709,2.6102,4.6728,2.9751,0.38604,2.32,2.3917,3.709,1.0253,3.072,3.8201,1.4072,2.2897,3.5359,0.90437,3.0732,3.6993,2.3551,2.2341,3.7879,1.1904,1.8248,3.6555,2.4296,2.344,4.5699,2.5651,2.6472,4.0402,1.2791,2.679,4.3478,1.896,1.9334,3.8832,1.1563,2.7657,3.681,2.4111,2.4727,5.0374,1.6107,2.6062,3.3394,2.1662,2.1966,4.1062,0.78385,1.9066,3.3637,2.3189,2.4077,3.7252,2.3247,2.4048,3.7204,2.1959,1.9177,4.9257,2.6334,2.2855,4.79,2.3562,2.237,3.7929,1.3758,1.5861,3.8463,2.409,2.7095,4.919,1.895,1.9374,3.8868,0.77626,2.1355,3.9896,1.6009,1.8115,4.2548,2.4095,2.708,4.9239,1.4467,2.3866,3.2622,5.9553,2.8881,2.2407,1.8522,1.7949,3.4887,1.9515,3.0007,4.2671,2.0349,1.9517,4.7809,1.1264,2.5791,4.2976,1.9002,2.1452,4.8641,1.6124,1.7755,3.9647,1.6043,2.0119,3.3712,1.0446,2.7482,3.593,0.94442,2.8158,3.8375,1.4008,2.4131,3.8544,1.139,2.7713,3.6595,1.8332,1.7622,4.087,0.91909,2.4583,2.7865,1.9189,2.0773,4.3952,0.12303,2.7887,2.8873,1.0787,1.9525,4.265,0.96193,2.3242,3.0373,1.6428,2.3943,4.5872,0.97641,2.0712,2.848,0.73797,1.9895,2.7409,1.6092,1.7715,3.9676,0.92626,2.4553,2.7955,1.373,1.5842,3.8382,2.7513,2.5836,4.616,1.0844,2.1445,3.6214,1.1355,2.7805,3.662,1.976,1.9833,4.4797,1.0724,1.9581,4.2586,1.8556,1.6619,3.4538,1.6622,2.4974,3.9986,2.1195,2.5499,4.9136,2.1446,2.3832,3.6992,1.1968,3.0646,3.4242,1.4483,1.4695,4.2252,0.63513,2.9958,3.6346,1.6194,1.7314,4.2244,0.74018,1.9957,2.7383,0.69826,2.1944,3.9498,2.6791,2.5993,4.5305,1.9991,2.1194,3.4288,1.3926,2.8999,3.5407,1.0803,2.2073,3.6239,2.537,2.0082,4.4831,1.4866,1.7317,4.4211,1.5959,2.5876,3.5847,2.0598,2.3061,4.0802,2.6891,2.3641,4.985,0.46484,2.5277,2.9821
1633.8,0.12065,163.04,14.976,0.044602,547.88,1.5012,1.8314,4.1505,1.2706,2.2332,4.2267,1.2096,1.9746,4.2443,2.4784,2.6511,4.2899,0.85948,2.0449,4.2435,1.5181,2.5153,3.8944,3.0793,2.8395,5.9088,1.2005,1.9775,4.2382,1.7442,1.687,4.2399,1.2872,2.2278,4.2496,0.84766,2.0609,4.2122,2.9261,2.8343,4.5291,5.6423,2.7547,1.3903,1.2821,2.7956,3.6674,0.93655,2.1433,3.0158,2.4973,2.0779,4.4842,1.4704,1.6596,3.9145,0.65119,2.5902,3.8583,2.015,1.766,3.486,1.1001,2.4219,3.1249,0.2315,2.2918,3.5094,1.778,1.6791,3.3958,2.0413,2.7986,4.3339,1.7876,1.6962,3.3994,1.4592,1.6501,3.9285,0.38787,2.1505,3.1717,2.0674,2.3824,4.4278,1.4727,1.6829,3.2022,0.82785,1.9105,2.7546,3.0688,2.841,5.8848,2.0168,1.7819,3.4892,1.0147,2.7211,2.8973,1.8247,2.5878,4.0203,0.64609,1.8952,2.7989,1.0692,2.435,3.0817,1.907,1.9198,4.5084,1.6975,1.6659,3.8899,0.51292,2.202,3.7493,1.1843,2.4784,3.7643,0.97285,2.088,3.2338,2.5849,2.3209,4.3423,2.0988,2.1798,4.7156,1.4866,1.6692,3.9247,1.895,1.9191,4.5003,1.4993,2.193,3.2623,0.79914,2.1087,3.1483,2.4271,2.3907,4.3427,1.9253,2.595,4.8452,1.9013,2.6009,4.8185,2.5745,2.3258,4.3393,1.2831,2.5086,3.9205,1.704,2.2402,4.3182,1.961,3.0373,3.896,0.54183,2.4687,2.5104,1.5393,2.0677,4.6321,2.0489,3.0475,3.9886,0.36193,2.3897,3.3927,1.6618,1.6035,4.0788,0.70012,2.0396,3.076,2.2505,2.2494,4.6594,0.68936,2.5954,3.0716,0.97619,2.094,3.2326,0.074046,2.8917,1.9098,2.006,1.9962,4.6126,2.5671,2.3289,4.3367,2.6311,2.3189,5.1533,2.0623,2.7757,4.3587,1.0803,1.8182,3.9706,4.6392,2.9598,0.51733,0.86829,2.1227,3.0314,1.3051,2.0944,4.2922,1.048,2.0934,3.483,2.2369,2.7297,4.4938,1.7109,1.5763,4.1467,1.1803,2.5484,3.1,0.76379,2.4441,3.7601,2.0631,1.9058,3.7154,1.5795,2.4458,3.4554,1.6324,2.5429,3.6011,1.6446,1.6431,4.2498,2.0348,2.7748,4.5035,2.0621,2.7726,4.5341,3.3992,2.7765,6.1578,1.7115,1.5738,4.1461,1.7247,2.0019,3.4509,2.0854,2.9313,4.8877,1.1786,2.5497,3.116,2.6216,2.4433,4.9677,1.0512,2.6073,4.0669,1.5828,2.4401,3.4604,1.1682,1.8248,4.0851,1.667,1.5985,4.0746,1.716,2.0022,3.4369,0.27351,2.9392,3.3253,2.8916,2.3006,4.6029,1.313,1.9481,4.2095,1.2829,2.6686,3.384,1.4487,2.457,3.3419,1.8526,1.9606,3.6995,1.9463,2.3797,4.0028,1.0777,2.2869,3.1762,2.5401,2.0277,5.1439,1.2496,2.6676,3.3398,1.4313,2.4709,3.3221,0.32307,2.9403,3.3706,0.66488,1.8215,2.875,1.6872,2.0111,4.4541,1.4648,1.8352,4.1312,5.4774,2.8924,1.7906,0.8208,2.1098,2.8002,1.0453,2.6182,4.0696,2.1933,2.5252,3.6219,2.6098,2.436,4.9511,2.8213,2.6927,4.5358,2.1394,2.5163,4.5035,2.3501,2.1119,4.2092,0.76663,2.0112,3.3311,0.37127,2.4626,2.9266,0.59855,2.1424,3.7081,2.3851,2.4791,4.448,0.7908,2.457,2.8929,1.2516,1.5926,4.2862,1.6934,2.0168,3.4385,6.211,2.6861,1.963,3.2801,2.9332,2.1663,0.78962,2.441,2.9214,1.6648,1.6333,4.079,1.4993,1.8761,3.1796,0.76045,2.454,2.8808,2.1634,2.3453,4.9244,1.1685,2.5633,3.1025,1.0071,1.9611,3.5042,0.50661,1.9785,3.2657,1.7099,2.0148,3.4325,2.3858,2.0964,4.2079,2.1634,2.1529,4.9909,1.2813,1.7235,3.8146,0.68796,1.9774,2.7658,2.1667,2.1579,5.0026,2.3347,2.2034,4.4903,1.571,2.3434,3.9652,4.3032,2.9705,0.23065,1.9541,2.3622,4.0022,0.83237,1.9561,4.1229,1.2152,2.5897,4.2373,3.5992,2.8401,6.1604,1.5357,1.6253,3.291,0.29378,2.3,3.3695,5.1106,2.9648,1.0521,0.60651,2.7723,3.3106,1.3024,2.5163,3.0024,2.142,2.1316,4.9565,1.478,2.0792,4.368,1.5264,1.6279,3.2944,1.3899,2.9239,3.3696,0.48988,2.4405,2.7723,0.90568,2.4528,3.002,0.22996,2.6139,3.3418,1.6219,2.2746,4.1397,0.49479,2.4394,2.7584,1.039,2.2005,3.6393,1.3935,1.7938,4.2914,0.31971,2.3118,3.3882,1.5276,1.613,3.2911,0.48574,2.4403,2.7717,3.1153,2.869,6.0409,1.9819,2.584,4.0199,1.9926,2.188,4.6102,2.5707,2.7743,5.2018,1.8985,1.9484,3.8873,1.2936,1.7893,3.6967,2.1605,2.1451,4.9846,1.3893,2.6427,3.9801,1.1188,3.0749,2.9559,4.7179,2.9662,0.43179,1.2969,2.6956,4.3683,1.9068,1.9422,3.8807,1.2727,2.6392,2.8952,0.45544,2.7641,3.0617,0.95663,2.8983,4.1458,0.63182,2.5241,2.6288,0.68765,1.9608,2.9608,0.54027,2.406,3.4057,1.5629,2.1795,4.2536,1.3316,2.7005,4.3948,0.6015,1.967,3.0734,1.987,1.8774,3.8106,1.1921,1.8255,3.661,2.3813,2.7048,4.8766,1.3713,1.5674,4.154,1.3771,2.1563,3.165,0.62471,1.9709,3.0779,0.48336,2.4431,2.5976,1.622,2.2814,4.1451,2.3927,2.7008,4.9041,0.6149,1.9755,3.0651,1.5687,1.7033,3.3335,0.47502,3.0474,2.3765,0.61222,2.5268,2.6165,2.9561,2.7479,5.9458,5.969,2.8727,2.6296,4.6735,2.9706,0.38488,2.3134,2.387,3.6971,1.0599,3.0688,3.8579,1.3977,2.2998,3.5277,0.91803,3.0715,3.7162,2.3514,2.2332,3.782,1.1899,1.8185,3.6586,2.4308,2.3459,4.5727,2.56,2.6525,4.043,1.2845,2.678,4.3508,1.897,1.9251,3.8774,1.1635,2.7576,3.6878,2.4007,2.4689,5.0222,1.6116,2.602,3.3505,2.1657,2.1995,4.1077,0.78264,1.9082,3.3612,2.3112,2.4077,3.7178,2.318,2.4031,3.7109,2.1995,1.9257,4.9326,2.6304,2.2843,4.7897,2.3536,2.2369,3.7886,1.3744,1.5865,3.8494,2.3939,2.7061,4.9002,1.8961,1.9307,3.882,0.77564,2.1335,3.9977,1.6006,1.8058,4.254,2.3959,2.704,4.9078,1.4469,2.3864,3.2623,5.9634,2.8904,2.2508,1.8505,1.7937,3.4926,1.9434,2.994,4.2565,2.0413,1.9526,4.789,1.1341,2.5794,4.3053,1.9053,2.1441,4.8647,1.6122,1.7678,3.9643,1.604,2.0133,3.3659,1.0514,2.741,3.5991,0.95148,2.812,3.8423,1.407,2.4199,3.8575,1.1428,2.7645,3.6615,1.8315,1.7526,4.0853,0.92107,2.4578,2.7904,1.922,2.0807,4.399,0.13772,2.786,2.9014,1.0765,1.9506,4.2662,0.96592,2.3208,3.0451,1.6459,2.3944,4.5877,0.97531,2.067,2.8515,0.73639,1.9866,2.7407,1.608,1.7627,3.9674,0.92993,2.4539,2.802,1.3707,1.5839,3.8387,2.7471,2.5819,4.612,1.0842,2.1476,3.6191,1.1399,2.7752,3.6659,1.9761,1.9824,4.481,1.0692,1.9569,4.2589,1.8566,1.6645,3.455,1.6624,2.5019,3.9986,2.1216,2.5484,4.9107,2.1411,2.3844,3.6953,1.2016,3.0619,3.4277,1.449,1.4702,4.2229,0.63878,2.9947,3.6395,1.6181,1.7254,4.2223,0.73906,1.9948,2.7375,0.70075,2.1945,3.9517,2.6758,2.5978,4.5283,2.0014,2.1168,3.4256,1.3962,2.8933,3.5428,1.0796,2.2125,3.62,2.5388,2.0112,4.4877,1.485,1.7305,4.4209,1.5918,2.5864,3.5855,2.059,2.3113,4.0827,2.6834,2.3614,4.9779,0.4712,2.5265,2.9895
1633.8,0.12065,163.04,14.976,0.053522,563.29,1.4969,1.83,4.1462,1.2693,2.2348,4.2278,1.2052,1.9717,4.246,2.4745,2.649,4.2881,0.85977,2.0415,4.2488,1.5177,2.5211,3.8947,3.0935,2.8392,5.9265,1.1949,1.9749,4.2389,1.7434,1.6809,4.2379,1.2892,2.228,4.2551,0.84535,2.0606,4.2114,2.9327,2.834,4.5329,5.6295,2.7495,1.3759,1.2896,2.7855,3.675,0.93233,2.1427,3.0144,2.5006,2.0838,4.4927,1.4698,1.656,3.9163,0.65001,2.594,3.8532,2.0171,1.7663,3.4887,1.1032,2.4174,3.1362,0.2236,2.2929,3.4988,1.7763,1.6795,3.3974,2.0229,2.7924,4.3123,1.7879,1.7001,3.4011,1.4563,1.6458,3.9324,0.38686,2.1537,3.1662,2.0733,2.3867,4.4353,1.472,1.6855,3.2028,0.82768,1.9161,2.753,3.0807,2.8409,5.8984,2.0194,1.7848,3.4921,1.0177,2.7217,2.9022,1.8262,2.5879,4.0242,0.64912,1.9001,2.7996,1.0681,2.433,3.0867,1.9091,1.9206,4.5117,1.7007,1.6611,3.89,0.5134,2.202,3.7505,1.1827,2.4889,3.7608,0.96624,2.0932,3.2265,2.5932,2.3254,4.3533,2.1052,2.1855,4.7235,1.4886,1.6693,3.9275,1.8952,1.9199,4.5022,1.5013,2.1965,3.2613,0.79343,2.1149,3.1392,2.4297,2.395,4.3493,1.9214,2.5942,4.8354,1.894,2.6017,4.8057,2.5815,2.3319,4.351,1.2823,2.513,3.9154,1.7079,2.2422,4.3236,1.9468,3.0322,3.8804,0.54957,2.4688,2.5173,1.5374,2.0708,4.6361,2.0458,3.0436,3.9841,0.35596,2.3924,3.3841,1.6619,1.5995,4.078,0.69766,2.0434,3.071,2.2517,2.2511,4.6616,0.70027,2.5908,3.0857,0.9699,2.0999,3.2244,0.060757,2.8917,1.8947,2.0092,1.9994,4.6185,2.5728,2.3357,4.3476,2.6222,2.3146,5.143,2.048,2.7652,4.3434,1.0806,1.8118,3.9756,4.6419,2.951,0.51818,0.86437,2.1237,3.0269,1.3053,2.0935,4.2978,1.046,2.0954,3.4804,2.2233,2.7245,4.4777,1.7131,1.5723,4.1445,1.1881,2.5467,3.1063,0.76619,2.4484,3.7573,2.0649,1.9014,3.7106,1.5753,2.4481,3.4527,1.6273,2.5469,3.6013,1.6415,1.6371,4.2495,2.0209,2.7668,4.4879,2.0531,2.7646,4.525,3.4089,2.7749,6.1666,1.714,1.5689,4.1437,1.7298,2.0017,3.451,2.0793,2.9304,4.8831,1.1856,2.5483,3.1253,2.6184,2.4426,4.9633,1.0562,2.6083,4.066,1.579,2.4414,3.4589,1.164,1.8287,4.0823,1.6682,1.5924,4.0727,1.7191,2.0019,3.4338,0.27072,2.9374,3.3233,2.8963,2.3018,4.6116,1.312,1.9479,4.2105,1.2888,2.6647,3.3956,1.4451,2.4572,3.3416,1.8551,1.9557,3.6941,1.9454,2.3897,4.0055,1.0735,2.2882,3.1735,2.5409,2.0236,5.1438,1.2512,2.6638,3.346,1.4242,2.4731,3.3182,0.33006,2.9385,3.3775,0.66182,1.8251,2.866,1.6838,2.0078,4.4614,1.4642,1.8296,4.1334,5.463,2.8902,1.7763,0.82076,2.1075,2.8039,1.0496,2.6216,4.0697,2.2002,2.5254,3.6206,2.6026,2.4336,4.9415,2.8271,2.6898,4.5402,2.1352,2.5137,4.4978,2.3507,2.1148,4.2135,0.76621,2.0169,3.3262,0.38235,2.4597,2.9382,0.59722,2.1426,3.7071,2.3846,2.4728,4.4523,0.80048,2.4551,2.9026,1.2508,1.5947,4.2856,1.6908,2.0189,3.4358,6.1914,2.6849,1.9445,3.2952,2.9317,6.0978,0.79874,2.4356,2.9366,1.6656,1.6323,4.0771,1.5005,1.8785,3.1788,0.76372,2.4517,2.8873,2.162,2.3441,4.9167,1.1739,2.5632,3.1097,1.0083,1.9606,3.5042,0.50044,1.9783,3.2681,1.712,2.0158,3.4286,2.3857,2.1004,4.2106,2.1682,2.1524,4.9933,1.2794,1.7172,3.8178,0.68931,1.9774,2.7683,2.1722,2.1587,5.0069,2.3389,2.2078,4.4976,1.5718,2.354,3.9657,4.3203,2.9622,0.24682,1.9541,2.368,4.0038,0.83054,1.9546,4.123,1.225,2.5938,4.2427,3.616,2.837,6.1773,1.5366,1.6274,3.292,0.28721,2.3003,3.3609,5.1066,2.9589,1.0487,0.61646,2.7692,3.322,1.3101,2.5184,3.0075,2.1428,2.127,4.9517,1.4783,2.0754,4.3721,1.5267,1.6287,3.2962,1.393,2.9226,3.3713,0.49915,2.4379,2.785,0.90227,2.4521,3.0032,0.23188,2.6128,3.3422,1.6245,2.2788,4.1433,0.50572,2.4378,2.7689,1.0367,2.2077,3.6345,1.3933,1.7909,4.2907,0.31887,2.3142,3.3844,1.5273,1.6116,3.2922,0.49474,2.4377,2.7846,3.141,2.8682,6.0685,1.9767,2.5814,4.0172,1.9976,2.1897,4.6149,2.5551,2.7739,5.1841,1.9,1.9442,3.8834,1.2933,1.7834,3.6987,2.1641,2.1426,4.9846,1.3865,2.6394,3.9737,1.117,3.0728,2.9529,4.724,2.962,0.43638,1.3054,2.6975,4.3756,1.9078,1.9386,3.8799,1.2788,2.6399,2.9024,0.47538,2.7616,3.0847,0.96239,2.8989,4.151,0.64529,2.5249,2.6399,0.68588,1.9667,2.9547,0.53871,2.4075,3.4009,1.5622,2.1795,4.2592,1.3477,2.703,4.4076,0.59465,1.9705,3.0638,1.9884,1.873,3.809,1.1918,1.8207,3.6645,2.3642,2.7005,4.854,1.3699,1.576,4.15,1.3742,2.156,3.1631,0.62208,1.9757,3.0699,0.48807,2.4414,2.6042,1.6246,2.288,4.1493,2.3785,2.6958,4.887,0.60989,1.981,3.054,1.5696,1.7011,3.3348,0.46556,3.0487,2.3642,0.62014,2.5284,2.6234,2.9667,2.7483,5.9585,0.60332,2.8743,2.6496,4.6747,2.966,0.38426,2.3072,2.3823,3.6854,1.091,3.0653,3.8922,1.3881,2.3098,3.5192,0.93142,3.0697,3.7331,2.3478,2.2324,3.7761,1.1893,1.8122,3.6619,2.4318,2.3478,4.5752,2.5549,2.6575,4.0458,1.29,2.6771,4.3536,1.8979,1.9169,3.8718,1.1703,2.7497,3.694,2.3907,2.4652,5.0071,1.6124,2.5978,3.3616,2.1653,2.2026,4.1093,0.78128,1.9097,3.3583,2.3035,2.4078,3.7106,2.3114,2.4016,3.7015,2.2034,1.9332,4.9394,2.6274,2.2832,4.7893,2.351,2.2371,3.7845,1.373,1.5868,3.8526,2.3792,2.7028,4.8817,1.8971,1.9241,3.8772,0.77511,2.1316,4.006,1.6003,1.8003,4.2532,2.3827,2.6999,4.8922,1.447,2.3862,3.2623,5.9715,2.8926,2.2608,1.849,1.7924,3.4964,1.9353,2.9871,4.2459,2.0478,1.9535,4.797,1.1416,2.5799,4.313,1.9104,2.1433,4.8653,1.6119,1.7602,3.9638,1.604,2.0149,3.3606,1.0575,2.7342,3.6045,0.95788,2.8084,3.8464,1.413,2.4266,3.8606,1.1462,2.7581,3.6632,1.8299,1.743,4.0836,0.92304,2.4574,2.7944,1.9254,2.0843,4.4029,0.15251,2.7831,2.9155,1.0742,1.9488,4.2674,0.96959,2.3176,3.0524,1.6492,2.3945,4.5884,0.97402,2.0631,2.8546,0.73488,1.9839,2.7406,1.6069,1.754,3.9671,0.93351,2.4528,2.8084,1.3683,1.5834,3.8393,2.7435,2.5803,4.6087,1.0839,2.1508,3.6167,1.1441,2.7698,3.6697,1.9764,1.9817,4.4825,1.0659,1.9556,4.2591,1.8577,1.667,3.4563,1.6625,2.5063,3.9985,2.1236,2.5469,4.9077,2.1375,2.3858,3.6912,1.2069,3.0592,3.4316,1.4497,1.4712,4.2205,0.64167,2.9935,3.6436,1.6169,1.7193,4.2204,0.73801,1.9939,2.7368,0.70326,2.1947,3.9536,2.6727,2.5963,4.5261,2.0039,2.1142,3.4227,1.4,2.8866,3.5452,1.0786,2.2179,3.6158,2.5407,2.0143,4.4924,1.4834,1.7294,4.4207,1.5879,2.5851,3.5868,2.0583,2.3165,4.0854,2.6781,2.3587,4.9711,0.47762,2.5256,2.9969
1633.8,0.12065,163.04,14.976,0.062442,578.55,1.4928,1.8283,4.1421,1.2684,2.2363,4.2292,1.2008,1.9689,4.2476,2.4709,2.6469,4.2866,0.86002,2.0383,4.2539,1.5174,2.5266,3.8949,3.1076,2.8387,5.9441,1.1894,1.9721,4.2395,1.7429,1.6746,4.236,1.2912,2.228,4.2608,0.84312,2.0601,4.2108,2.939,2.8338,4.5368,5.6172,2.7444,1.3619,1.2966,2.7755,3.6821,0.92815,2.1422,3.013,2.5041,2.0896,4.5012,1.4691,1.6527,3.9181,0.64873,2.5979,3.8481,2.0193,1.7666,3.4914,1.1055,2.4131,3.1464,0.21574,2.2941,3.4881,1.7747,1.6799,3.3991,2.0055,2.7861,4.2917,1.7882,1.7039,3.4027,1.4535,1.6415,3.9362,0.38606,2.1565,3.1611,2.0788,2.3905,4.4423,1.4713,1.6879,3.2033,0.82762,1.9212,2.7518,3.0927,2.8407,5.912,2.0222,1.7874,3.4949,1.0207,2.7222,2.9073,1.8275,2.5881,4.028,0.65207,1.9049,2.8003,1.067,2.4309,3.0916,1.9112,1.9212,4.5151,1.7039,1.6567,3.8904,0.51388,2.2019,3.7517,1.1815,2.4985,3.7578,0.9598,2.098,3.2195,2.6017,2.3296,4.3641,2.1116,2.1907,4.7312,1.4908,1.6694,3.9304,1.8956,1.9206,4.504,1.5034,2.1996,3.2602,0.78752,2.1212,3.13,2.4322,2.3993,4.356,1.9175,2.5937,4.8256,1.8871,2.6023,4.7931,2.5888,2.3378,4.3631,1.2815,2.5174,3.9104,1.7121,2.2445,4.3288,1.9339,3.027,3.8662,0.55712,2.4689,2.524,1.5354,2.0741,4.6394,2.0432,3.0397,3.9801,0.35021,2.395,3.3758,1.662,1.5958,4.0773,0.69514,2.0469,3.066,2.2527,2.2528,4.6636,0.71057,2.5862,3.0993,0.96364,2.1057,3.2162,0.047623,2.8917,1.8799,2.0127,2.0028,4.6247,2.5788,2.3425,4.3589,2.6135,2.3104,5.1326,2.0347,2.7545,4.3293,1.0808,1.8055,3.9806,4.6441,2.9421,0.51859,0.86056,2.1245,3.0226,1.3055,2.0929,4.3035,1.0439,2.0976,3.4777,2.2104,2.7194,4.4625,1.7154,1.5685,4.1424,1.1956,2.545,3.1124,0.76849,2.4525,3.7545,2.0667,1.897,3.7059,1.5713,2.4504,3.4502,1.6227,2.5508,3.602,1.6385,1.6315,4.2493,2.0076,2.7586,4.4728,2.0446,2.7566,4.5164,3.4187,2.7732,6.1756,1.7164,1.5643,4.1413,1.735,2.0016,3.4514,2.0743,2.9298,4.8792,1.1924,2.547,3.1343,2.6154,2.4421,4.9591,1.061,2.6094,4.0647,1.5751,2.4426,3.4575,1.1598,1.8319,4.0797,1.6696,1.5866,4.0708,1.7224,2.0017,3.4309,0.26836,2.9356,3.3218,2.901,2.3028,4.6201,1.3111,1.9478,4.2117,1.2943,2.661,3.4066,1.4415,2.4574,3.3415,1.8577,1.9509,3.6889,1.9445,2.3994,4.0084,1.0693,2.2894,3.1708,2.5416,2.0196,5.144,1.2528,2.6605,3.3523,1.4173,2.4754,3.3144,0.33716,2.9368,3.3845,0.65862,1.8288,2.8568,1.6802,2.0048,4.4686,1.4635,1.8241,4.1356,5.4483,2.8878,1.7617,0.82052,2.1054,2.8072,1.0539,2.6252,4.0696,2.2056,2.5258,3.6184,2.5953,2.431,4.9316,2.8332,2.6868,4.5449,2.1313,2.5114,4.4923,2.3514,2.1182,4.2181,0.76548,2.0228,3.3209,0.39365,2.4567,2.9501,0.59591,2.1426,3.7059,2.384,2.4666,4.4567,0.81028,2.4531,2.9123,1.2498,1.5968,4.285,1.6883,2.021,3.4331,6.1744,2.6835,1.9258,3.3102,2.93,0.020696,0.80732,2.4304,2.9513,1.6664,1.6312,4.0753,1.5018,1.8808,3.1782,0.76677,2.4495,2.8936,2.1604,2.3428,4.9088,1.1791,2.5632,3.1168,1.0095,1.9601,3.5042,0.49404,1.978,3.2708,1.7142,2.0166,3.4245,2.3857,2.1044,4.2135,2.1732,2.1518,4.9955,1.2774,1.7109,3.821,0.69067,1.9774,2.771,2.1777,2.1593,5.0113,2.3431,2.212,4.505,1.5726,2.3641,3.9661,4.3359,2.9541,0.26164,1.9542,2.3739,4.0054,0.82865,1.9533,4.1229,1.2348,2.5978,4.2482,3.6325,2.8338,6.1938,1.5376,1.6297,3.2929,0.28072,2.3004,3.3522,5.1029,2.9527,1.0457,0.62609,2.7659,3.333,1.3175,2.5202,3.0124,2.1439,2.1225,4.9471,1.4784,2.0712,4.3761,1.5268,1.6293,3.2979,1.3959,2.9212,3.3729,0.50849,2.4355,2.7979,0.89925,2.4513,3.0048,0.23373,2.6117,3.3424,1.6272,2.2831,4.147,0.51653,2.4361,2.7796,1.0344,2.2151,3.6295,1.3932,1.7881,4.29,0.31814,2.3165,3.3811,1.5271,1.6102,3.2932,0.50366,2.4352,2.7974,3.1658,2.8674,6.0951,1.9716,2.5788,4.0146,2.0026,2.1914,4.6194,2.539,2.7734,5.1659,1.9015,1.9397,3.8794,1.2931,1.7775,3.7008,2.1676,2.1399,4.9846,1.3839,2.636,3.9674,1.1145,3.071,2.9493,4.7302,2.9577,0.44093,1.3139,2.6991,4.3828,1.9088,1.9351,3.8793,1.2849,2.6405,2.9094,0.49461,2.7589,3.1069,0.96849,2.8992,4.1566,0.65866,2.5256,2.651,0.68425,1.9725,2.9491,0.53732,2.4088,3.3965,1.5616,2.1793,4.2647,1.3636,2.7053,4.4201,0.58796,1.9737,3.0543,1.99,1.8688,3.8075,1.1913,1.816,3.6681,2.3478,2.6961,4.8321,1.3685,1.5841,4.1459,1.3713,2.1556,3.1612,0.61951,1.9804,3.0622,0.49271,2.4397,2.6108,1.6274,2.2948,4.1536,2.3646,2.6909,4.8705,0.60478,1.9862,3.0428,1.5706,1.6989,3.3361,0.4556,3.0499,2.3515,0.62768,2.53,2.6297,2.9776,2.7486,5.9713,6.1176,2.8759,2.6698,4.6761,2.9613,0.38416,2.3012,2.3776,3.674,1.1189,3.0616,3.9233,1.3783,2.3198,3.5106,0.94455,3.0679,3.7495,2.3444,2.2317,3.7706,1.1887,1.8058,3.6653,2.4328,2.3496,4.5776,2.5498,2.6624,4.0487,1.2952,2.6762,4.3564,1.8989,1.9088,3.8664,1.1766,2.7422,3.6998,2.381,2.4616,4.9921,1.6131,2.5936,3.3729,2.1649,2.2058,4.1111,0.77981,1.9115,3.3554,2.296,2.4079,3.7036,2.3048,2.4,3.6923,2.2074,1.94,4.946,2.6245,2.282,4.7889,2.3486,2.2373,3.7805,1.3717,1.5871,3.8559,2.3651,2.6993,4.8637,1.8982,1.9177,3.8726,0.77467,2.1296,4.0142,1.6,1.7948,4.2524,2.3703,2.6959,4.877,1.4471,2.3862,3.2623,5.9794,2.8948,2.2708,1.8478,1.7912,3.5002,1.9273,2.9803,4.2354,2.0543,1.9544,4.8048,1.1489,2.5804,4.3205,1.9156,2.1427,4.866,1.6117,1.7528,3.9634,1.6039,2.0167,3.3556,1.063,2.7277,3.6092,0.96361,2.8051,3.8498,1.4188,2.433,3.8636,1.1493,2.7518,3.6643,1.8282,1.7336,4.082,0.92499,2.4571,2.7983,1.9289,2.0882,4.407,0.16728,2.7801,2.9297,1.0719,1.947,4.2684,0.9729,2.3148,3.0592,1.6527,2.395,4.5892,0.97259,2.0593,2.8572,0.73348,1.9812,2.7406,1.6057,1.7456,3.9669,0.93695,2.4516,2.8148,1.3658,1.583,3.8398,2.7403,2.5788,4.6061,1.0836,2.1544,3.614,1.1481,2.7647,3.6732,1.9765,1.9811,4.4841,1.0626,1.9543,4.2593,1.8589,1.6694,3.4577,1.6626,2.5104,3.9985,2.1254,2.5455,4.9048,2.1338,2.3872,3.6871,1.2129,3.0565,3.4363,1.4504,1.4724,4.2181,0.6438,2.9925,3.647,1.6159,1.7132,4.2186,0.73702,1.993,2.7362,0.70575,2.1951,3.9555,2.6695,2.5947,4.5241,2.0064,2.1118,3.42,1.4039,2.8799,3.5478,1.0775,2.2237,3.6116,2.5427,2.0177,4.4975,1.4817,1.7281,4.4206,1.5843,2.5838,3.5885,2.0578,2.3216,4.0882,2.673,2.356,4.9646,0.48399,2.5246,3.0042
1633.8,0.12065,163.04,14.976,0.071362,593.81,1.4888,1.8264,4.1382,1.2678,2.2376,4.2307,1.1963,1.9659,4.2488,2.4675,2.645,4.2855,0.86023,2.0352,4.2589,1.517,2.532,3.8952,3.1218,2.8382,5.9617,1.1839,1.9691,4.2402,1.7423,1.6685,4.234,1.2929,2.228,4.2664,0.84097,2.0596,4.2103,2.945,2.8335,4.5406,5.6051,2.739,1.3484,1.3032,2.7656,3.6888,0.92396,2.1416,3.0115,2.5078,2.0953,4.5099,1.4684,1.6495,3.9198,0.64731,2.6016,3.8428,2.0214,1.7668,3.494,1.1071,2.4091,3.1556,0.20788,2.2952,3.4775,1.7731,1.6801,3.4007,1.9891,2.7798,4.2722,1.7887,1.7074,3.4042,1.451,1.6375,3.9396,0.38543,2.1592,3.1563,2.084,2.3937,4.4489,1.4705,1.6901,3.2038,0.82764,1.926,2.7509,3.1049,2.8405,5.9258,2.0252,1.7898,3.4978,1.0239,2.7226,2.9126,1.8289,2.5885,4.0319,0.65499,1.9095,2.8012,1.0659,2.4288,3.0964,1.9132,1.9218,4.5185,1.7072,1.6526,3.891,0.51442,2.2018,3.7529,1.1807,2.5072,3.7556,0.95355,2.1026,3.2129,2.61,2.3336,4.3748,2.1178,2.1956,4.7386,1.493,1.6698,3.9334,1.8961,1.9214,4.506,1.5055,2.2026,3.2591,0.78148,2.1273,3.1206,2.4349,2.4034,4.3626,1.9139,2.5932,4.8157,1.8804,2.6029,4.7807,2.5966,2.3437,4.3756,1.2807,2.5216,3.9056,1.7165,2.2468,4.3341,1.9222,3.0219,3.8533,0.56454,2.4693,2.5305,1.533,2.0775,4.6424,2.0409,3.0358,3.9764,0.34467,2.3973,3.3681,1.6621,1.5927,4.0764,0.69262,2.0502,3.0611,2.2537,2.2542,4.6653,0.72024,2.5817,3.1125,0.95743,2.1111,3.2082,0.035348,2.8916,1.8654,2.0165,2.0063,4.6311,2.5851,2.3492,4.3706,2.6052,2.3062,5.1224,2.0223,2.7437,4.3161,1.081,1.7994,3.9854,4.646,2.933,0.51874,0.85684,2.1253,3.0185,1.3058,2.0922,4.3091,1.0418,2.0998,3.4748,2.1983,2.7144,4.4482,1.7177,1.5649,4.1404,1.2029,2.5435,3.1181,0.7707,2.4565,3.7514,2.0685,1.8928,3.7014,1.5673,2.4527,3.4478,1.6185,2.5543,3.6034,1.6354,1.6263,4.2489,1.9948,2.7503,4.4583,2.0366,2.7486,4.5082,3.4286,2.7715,6.1845,1.7188,1.5598,4.1388,1.7403,2.0016,3.4519,2.0698,2.9293,4.8761,1.1989,2.5458,3.1428,2.6124,2.4416,4.955,1.0654,2.6104,4.0633,1.5715,2.4439,3.4563,1.1556,1.8348,4.0774,1.6708,1.5811,4.069,1.7257,2.0013,3.4281,0.26634,2.9337,3.3207,2.9058,2.3035,4.6283,1.31,1.9477,4.2129,1.2994,2.6578,3.417,1.438,2.4578,3.3415,1.8604,1.9461,3.6837,1.9437,2.4089,4.0114,1.0652,2.2905,3.1683,2.5425,2.0159,5.1444,1.2543,2.6573,3.3585,1.4105,2.4776,3.3108,0.3443,2.935,3.3915,0.65532,1.8324,2.8476,1.6764,2.0017,4.4758,1.4629,1.8188,4.1375,5.4337,2.8854,1.747,0.82009,2.1035,2.8103,1.0578,2.6287,4.0692,2.2103,2.5261,3.6157,2.5878,2.4283,4.9215,2.8395,2.6838,4.55,2.1278,2.5093,4.4873,2.3523,2.1219,4.223,0.76447,2.0289,3.315,0.4051,2.4537,2.9624,0.59462,2.1426,3.705,2.3834,2.4607,4.4613,0.82017,2.451,2.9223,1.2487,1.5991,4.2842,1.6857,2.0229,3.4302,6.1571,2.6819,1.9072,3.325,2.9282,0.046962,0.81528,2.4251,2.9654,1.6671,1.6301,4.0735,1.5031,1.883,3.1774,0.76955,2.4473,2.8994,2.159,2.3414,4.901,1.1842,2.5631,3.1238,1.0106,1.9594,3.5043,0.48741,1.9777,3.2735,1.7164,2.0173,3.4206,2.3857,2.1087,4.2165,2.1781,2.1511,4.9976,1.2754,1.7049,3.8241,0.69202,1.9774,2.7735,2.1832,2.1598,5.0153,2.3473,2.2162,4.5125,1.5733,2.3737,3.9665,4.3501,2.9461,0.27537,1.9543,2.3798,4.0072,0.82675,1.9522,4.1225,1.2448,2.6018,4.2537,3.6486,2.8306,6.2101,1.5387,1.6321,3.294,0.27437,2.3004,3.3437,5.0996,2.9465,1.0433,0.63531,2.7626,3.3435,1.3248,2.522,3.017,2.1451,2.1181,4.943,1.4782,2.067,4.38,1.527,1.6299,3.2997,1.3988,2.9199,3.3742,0.51784,2.4329,2.8108,0.89657,2.4504,3.0068,0.23547,2.6105,3.3425,1.63,2.2875,4.1506,0.52723,2.4345,2.7901,1.032,2.2225,3.6243,1.3932,1.7853,4.2891,0.31754,2.3187,3.3779,1.5269,1.6088,3.2943,0.5125,2.4327,2.81,3.1895,2.8663,6.1206,1.9666,2.5762,4.0122,2.0076,2.1928,4.624,2.5224,2.7727,5.1472,1.9029,1.9351,3.8754,1.2928,1.7719,3.7028,2.171,2.1372,4.9846,1.3813,2.6327,3.9612,1.1113,3.0692,2.9451,4.7361,2.9533,0.44547,1.3221,2.7006,4.3898,1.91,1.9317,3.8787,1.2908,2.6413,2.9165,0.51307,2.7562,3.1283,0.97491,2.8992,4.1625,0.67197,2.5265,2.6618,0.68281,1.9781,2.9436,0.5361,2.4099,3.3925,1.561,2.1788,4.2703,1.3792,2.7074,4.4325,0.58147,1.9769,3.0449,1.9913,1.8647,3.8062,1.1909,1.8112,3.6716,2.3321,2.6918,4.8111,1.367,1.5918,4.1418,1.3683,2.1552,3.1594,0.61699,1.985,3.0546,0.49728,2.4381,2.6173,1.6306,2.3018,4.1579,2.3513,2.6859,4.8543,0.59955,1.9913,3.0317,1.5716,1.6968,3.3374,0.44503,3.051,2.3382,0.63482,2.5318,2.6357,2.9886,2.7487,5.9842,0.062044,2.8772,2.6902,4.678,2.9564,0.38455,2.2958,2.3728,3.6629,1.1438,3.0577,3.9514,1.3684,2.3296,3.5019,0.95739,3.0661,3.7658,2.3411,2.2311,3.7651,1.188,1.7993,3.6687,2.4338,2.3513,4.5798,2.5446,2.6669,4.0515,1.3005,2.6754,4.359,1.8999,1.9007,3.8611,1.1823,2.7349,3.705,2.3716,2.458,4.9775,1.6141,2.5895,3.3844,2.1645,2.2092,4.113,0.77822,1.9133,3.3523,2.2886,2.4081,3.6967,2.2985,2.3987,3.6832,2.2115,1.9464,4.9524,2.6215,2.2809,4.7884,2.3461,2.2377,3.7768,1.3704,1.5876,3.8591,2.3512,2.6959,4.8462,1.8994,1.9114,3.868,0.77432,2.1275,4.0223,1.5996,1.7894,4.2516,2.3582,2.692,4.8626,1.4471,2.3863,3.2622,5.9872,2.8969,2.2806,1.8467,1.7901,3.5038,1.9194,2.9734,4.2251,2.0609,1.9554,4.8125,1.156,2.5811,4.3279,1.9208,2.1422,4.8668,1.6114,1.7456,3.963,1.6039,2.0187,3.3508,1.0679,2.7217,3.6134,0.96878,2.802,3.8525,1.4244,2.4391,3.8667,1.1521,2.746,3.6653,1.8265,1.7244,4.0806,0.92691,2.4568,2.8021,1.9327,2.0922,4.4114,0.18207,2.7769,2.9439,1.0695,1.9454,4.2695,0.97581,2.3122,3.0656,1.6564,2.3957,4.5903,0.97102,2.056,2.8595,0.73214,1.9788,2.7405,1.6046,1.7374,3.9667,0.94026,2.4504,2.8212,1.3634,1.5824,3.8404,2.7376,2.5776,4.6041,1.0832,2.158,3.6111,1.1519,2.7597,3.6764,1.9767,1.9806,4.4858,1.0593,1.9531,4.2594,1.86,1.6717,3.4589,1.6626,2.5144,3.9984,2.1271,2.5441,4.9015,2.1301,2.3887,3.683,1.2193,3.0536,3.4415,1.4512,1.4737,4.2157,0.64519,2.9914,3.6497,1.6149,1.7073,4.2169,0.73609,1.9921,2.7357,0.70825,2.1955,3.9573,2.6665,2.5932,4.5223,2.0093,2.1093,3.4178,1.4077,2.8731,3.5507,1.0762,2.2296,3.607,2.5447,2.0211,4.5029,1.48,1.7268,4.4206,1.5811,2.5825,3.5904,2.0572,2.3267,4.0912,2.6681,2.3535,4.9584,0.49031,2.5237,3.0115
1633.8,0.12065,163.04,14.976,0.080283,609.07,1.4847,1.8243,4.1345,1.2674,2.2389,4.2325,1.1918,1.9628,4.2497,2.4641,2.6432,4.2847,0.86037,2.0324,4.2635,1.5167,2.537,3.8953,3.1359,2.8375,5.9792,1.1787,1.9661,4.2409,1.7418,1.6624,4.232,1.2945,2.228,4.2719,0.83888,2.059,4.2099,2.951,2.8332,4.5443,5.5933,2.7336,1.3351,1.3092,2.7561,3.6949,0.91978,2.141,3.0098,2.5116,2.101,4.5186,1.4675,1.6465,3.9215,0.64577,2.6053,3.8374,2.0236,1.767,3.4967,1.1078,2.4055,3.1639,0.20004,2.2963,3.4667,1.7715,1.6802,3.4024,1.9737,2.7735,4.2537,1.7891,1.7106,3.4057,1.4487,1.6335,3.9428,0.38497,2.1618,3.1519,2.0888,2.3965,4.4548,1.4697,1.6921,3.2043,0.82771,1.9304,2.7504,3.1173,2.8402,5.9397,2.0282,1.7919,3.5006,1.0273,2.723,2.9179,1.8303,2.5888,4.0356,0.65784,1.9139,2.8022,1.0648,2.4267,3.1011,1.9152,1.9223,4.522,1.7103,1.6487,3.8917,0.51501,2.2016,3.7542,1.1803,2.5154,3.7541,0.9475,2.1069,3.2064,2.6184,2.3374,4.3853,2.124,2.2003,4.746,1.4953,1.6702,3.9363,1.8968,1.9223,4.5079,1.5075,2.2053,3.2581,0.7753,2.1333,3.1111,2.4377,2.4076,4.3693,1.9103,2.5931,4.8056,1.8742,2.6035,4.7686,2.6046,2.3494,4.3885,1.28,2.5257,3.9009,1.721,2.2492,4.3393,1.9115,3.0169,3.8414,0.57181,2.4696,2.537,1.5303,2.0811,4.6447,2.0389,3.0318,3.9731,0.33935,2.3994,3.3606,1.6622,1.5897,4.0756,0.69008,2.0534,3.0562,2.2545,2.2556,4.6668,0.72928,2.5772,3.1252,0.95131,2.1162,3.2003,0.020361,2.8914,1.8512,2.0205,2.0099,4.6375,2.5918,2.3559,4.3827,2.597,2.3019,5.1121,2.0108,2.7326,4.3036,1.0811,1.7935,3.9901,4.6477,2.924,0.51876,0.85318,2.1261,3.0145,1.306,2.0916,4.3146,1.0397,2.1022,3.472,2.1868,2.7094,4.4346,1.7201,1.5615,4.1385,1.2099,2.542,3.1234,0.77285,2.4605,3.7484,2.0703,1.8887,3.697,1.5633,2.455,3.4456,1.6148,2.5575,3.6052,1.6324,1.6215,4.2486,1.9826,2.7419,4.4444,2.0289,2.7405,4.5005,3.4384,2.7697,6.1935,1.7214,1.5555,4.1364,1.7457,2.0016,3.4527,2.066,2.9289,4.8734,1.2051,2.5448,3.1511,2.6096,2.4411,4.9509,1.0696,2.6114,4.0615,1.5679,2.4451,3.4554,1.1513,1.8372,4.0753,1.6723,1.5759,4.0673,1.7292,2.001,3.4254,0.26466,2.9319,3.3198,2.9104,2.304,4.6363,1.309,1.9477,4.214,1.3041,2.6546,3.427,1.4346,2.4582,3.3417,1.8631,1.9414,3.6787,1.943,2.4182,4.0147,1.0611,2.2916,3.1659,2.5434,2.0123,5.145,1.2558,2.6542,3.3648,1.4038,2.4797,3.3074,0.35143,2.9332,3.3985,0.65196,1.836,2.8383,1.6724,1.9988,4.4827,1.4622,1.8137,4.1393,5.4189,2.8828,1.7322,0.8195,2.1018,2.813,1.0616,2.6323,4.0687,2.2147,2.5261,3.6127,2.5802,2.4255,4.9113,2.8462,2.6807,4.5554,2.1245,2.5076,4.4826,2.3532,2.1257,4.2282,0.76318,2.0352,3.3088,0.41669,2.4507,2.9748,0.59336,2.1426,3.704,2.3828,2.4552,4.4659,0.83016,2.449,2.9323,1.2476,1.6016,4.2833,1.6829,2.0247,3.4274,6.1399,2.6802,1.8887,3.3394,2.9264,0.060891,0.8226,2.42,2.9789,1.6679,1.6288,4.0717,1.5044,1.8853,3.1767,0.77206,2.4452,2.905,2.1576,2.3399,4.8931,1.1891,2.5631,3.1306,1.0117,1.9588,3.5044,0.48056,1.9774,3.2763,1.7186,2.0177,3.4166,2.3857,2.113,4.2198,2.183,2.1503,4.9995,1.2732,1.699,3.8271,0.69336,1.9774,2.7761,2.1885,2.1603,5.0193,2.3516,2.2204,4.5201,1.5741,2.3828,3.9668,4.3634,2.9382,0.28819,1.9545,2.3857,4.0089,0.82485,1.9512,4.122,1.2549,2.6058,4.259,3.6645,2.8274,6.2262,1.5398,1.6348,3.295,0.26815,2.3004,3.3351,5.0965,2.9403,1.0413,0.6441,2.7592,3.3534,1.3317,2.5236,3.0214,2.1465,2.1139,4.939,1.478,2.0625,4.384,1.5272,1.6302,3.3014,1.4015,2.9186,3.3754,0.5272,2.4304,2.8237,0.89415,2.4496,3.0088,0.23705,2.6094,3.3424,1.6329,2.2919,4.1545,0.53778,2.4329,2.8006,1.0293,2.23,3.619,1.3932,1.7826,4.2881,0.31707,2.3207,3.375,1.5268,1.6074,3.2953,0.52122,2.4301,2.8227,3.2123,2.8653,6.1451,1.9616,2.5737,4.0099,2.0126,2.1941,4.6284,2.5053,2.7718,5.128,1.9044,1.9304,3.8713,1.2925,1.7663,3.7047,2.1745,2.1344,4.9846,1.3789,2.6293,3.9551,1.1075,3.0675,2.9403,4.742,2.9489,0.45001,1.3303,2.7019,4.3966,1.911,1.9283,3.8782,1.2967,2.642,2.9234,0.53078,2.7535,3.1488,0.98165,2.899,4.1687,0.6852,2.5273,2.6727,0.68154,1.9837,2.9385,0.53506,2.4108,3.3886,1.5604,2.178,4.2757,1.3946,2.7093,4.4447,0.57517,1.9797,3.0356,1.9927,1.8606,3.8049,1.1904,1.8064,3.6752,2.3171,2.6875,4.7909,1.3653,1.5993,4.1376,1.3652,2.1546,3.1576,0.61453,1.9896,3.0471,0.5018,2.4365,2.6237,1.6341,2.309,4.1623,2.3383,2.681,4.8385,0.59426,1.9963,3.0206,1.5724,1.6949,3.3387,0.43397,3.052,2.3244,0.64158,2.5336,2.6413,2.9998,2.7486,5.9974,0.038312,2.8784,2.7107,4.6801,2.9514,0.38543,2.2907,2.368,3.6521,1.166,3.0535,3.9769,1.3585,2.339,3.4933,0.96995,3.0643,3.7818,2.3379,2.2306,3.7599,1.1872,1.7926,3.6722,2.4346,2.353,4.5819,2.5393,2.6712,4.0541,1.3057,2.6747,4.3615,1.9008,1.8928,3.856,1.1877,2.728,3.7098,2.3624,2.4545,4.963,1.6149,2.5854,3.3957,2.1643,2.2127,4.115,0.77653,1.9151,3.349,2.2813,2.4084,3.6899,2.2923,2.3973,3.6741,2.2158,1.9522,4.9585,2.6185,2.2798,4.7879,2.3436,2.2382,3.7732,1.3691,1.588,3.8624,2.3377,2.6924,4.829,1.9004,1.9053,3.8636,0.77406,2.1255,4.0303,1.5993,1.7842,4.2508,2.3467,2.6882,4.8485,1.4471,2.3865,3.2622,5.995,2.8989,2.2905,1.8458,1.7891,3.5074,1.9116,2.9667,4.2149,2.0674,1.9562,4.82,1.1629,2.5817,4.3353,1.926,2.1419,4.8677,1.6112,1.7387,3.9626,1.604,2.0208,3.3461,1.0724,2.716,3.617,0.9734,2.799,3.8546,1.4299,2.4449,3.87,1.1547,2.7403,3.6659,1.8248,1.7153,4.0792,0.92881,2.4566,2.8058,1.9366,2.0965,4.4158,0.19684,2.7735,2.9579,1.067,1.9437,4.2704,0.97834,2.3098,3.0714,1.6602,2.3967,4.5914,0.96934,2.0528,2.8615,0.73086,1.9766,2.7403,1.6035,1.7296,3.9666,0.94345,2.4494,2.8275,1.3608,1.5817,3.8411,2.7354,2.5765,4.6027,1.0827,2.162,3.6082,1.1555,2.7549,3.6795,1.9768,1.9801,4.4877,1.0559,1.952,4.2594,1.8612,1.674,3.4603,1.6627,2.5182,3.9984,2.1287,2.5429,4.8984,2.1263,2.3904,3.6787,1.2265,3.0507,3.4472,1.4519,1.4753,4.2133,0.64582,2.9905,3.6515,1.614,1.7014,4.2152,0.73521,1.9912,2.7351,0.71073,2.1958,3.9591,2.6635,2.5917,4.5207,2.0123,2.107,3.4158,1.4118,2.8664,3.5537,1.0748,2.2358,3.6022,2.547,2.0246,4.5084,1.4783,1.7255,4.4207,1.578,2.5812,3.5927,2.0569,2.3317,4.0942,2.6635,2.3512,4.9525,0.49654,2.523,3.0184
1633.8,0.12065,163.04,14.976,0.089203,624.09,1.4809,1.822,4.131,1.2672,2.2402,4.2345,1.1873,1.9598,4.2504,2.461,2.6414,4.284,0.86047,2.0298,4.268,1.5164,2.5419,3.8956,3.1499,2.8367,5.9965,1.1735,1.963,4.2415,1.7413,1.6562,4.2299,1.2961,2.228,4.2775,0.83686,2.0585,4.2095,2.9567,2.8329,4.5478,5.5818,2.728,1.3222,1.3147,2.7467,3.7005,0.91559,2.1403,3.0081,2.5155,2.1067,4.5274,1.4666,1.6438,3.9231,0.64414,2.6089,3.832,2.026,1.7671,3.4992,1.108,2.4021,3.1712,0.19221,2.2974,3.4559,1.77,1.6801,3.404,1.9593,2.7672,4.2363,1.7896,1.7136,3.4073,1.4465,1.6297,3.9458,0.38464,2.1641,3.1478,2.0933,2.399,4.4604,1.4689,1.6941,3.2048,0.82782,1.9345,2.75,3.1297,2.8399,5.9537,2.0312,1.7939,3.5034,1.0307,2.7233,2.9233,1.8319,2.5892,4.0394,0.66063,1.9181,2.8033,1.0637,2.4246,3.1057,1.9174,1.9227,4.5254,1.7132,1.6451,3.8926,0.51567,2.2013,3.7556,1.1802,2.523,3.7532,0.94164,2.1109,3.2001,2.6266,2.341,4.3956,2.1301,2.2047,4.753,1.4977,1.6707,3.9391,1.8977,1.9231,4.51,1.5096,2.2078,3.257,0.76899,2.1394,3.1015,2.4403,2.4117,4.3759,1.9068,2.593,4.7954,1.868,2.6039,4.7567,2.6129,2.3551,4.4015,1.2793,2.5295,3.8965,1.7256,2.2518,4.3446,1.9016,3.0119,3.8304,0.57894,2.47,2.5433,1.5275,2.0846,4.6466,2.0373,3.0279,3.9703,0.33425,2.4013,3.3536,1.6624,1.587,4.0748,0.68752,2.0564,3.0515,2.2552,2.2568,4.6681,0.73772,2.5729,3.1375,0.94529,2.121,3.1926,0.096235,2.891,1.8374,2.0247,2.0136,4.6441,2.5989,2.3626,4.395,2.5892,2.2977,5.1021,1.9998,2.7214,4.292,1.0812,1.7877,3.9947,4.6493,2.9151,0.51857,0.84959,2.1267,3.0108,1.3064,2.091,4.3201,1.0374,2.1046,3.4691,2.1758,2.7044,4.4217,1.7227,1.5582,4.1366,1.2168,2.5404,3.1285,0.77495,2.4644,3.7454,2.0721,1.8847,3.6927,1.5594,2.4575,3.4434,1.6115,2.5605,3.6076,1.6295,1.6169,4.2481,1.971,2.7335,4.4311,2.0219,2.7324,4.4933,3.4482,2.7678,6.2024,1.7237,1.5513,4.134,1.7513,2.0015,3.4535,2.0626,2.9285,4.8712,1.2111,2.5438,3.159,2.607,2.4406,4.947,1.0734,2.6124,4.0595,1.5645,2.4465,3.4545,1.147,1.8394,4.0732,1.6737,1.5709,4.0655,1.7326,2.0006,3.4229,0.26336,2.93,3.3193,2.9151,2.3043,4.6441,1.308,1.9477,4.2153,1.3086,2.6517,3.4366,1.4314,2.4587,3.342,1.8658,1.9368,3.6738,1.9424,2.4272,4.0181,1.0572,2.2927,3.1635,2.5443,2.0089,5.1455,1.2573,2.6517,3.371,1.3971,2.4818,3.304,0.35854,2.9313,3.4055,0.64858,1.8395,2.829,1.6682,1.9961,4.4895,1.4617,1.8089,4.141,5.4043,2.8803,1.7174,0.81876,2.1001,2.8153,1.0651,2.6358,4.068,2.2182,2.526,3.6092,2.5726,2.4226,4.901,2.8533,2.6776,4.561,2.1216,2.5059,4.4782,2.3542,2.1298,4.2335,0.7616,2.0417,3.3021,0.42835,2.4477,2.9872,0.59216,2.1425,3.703,2.3823,2.4499,4.4706,0.84028,2.4468,2.9426,1.2463,1.6039,4.2822,1.6803,2.0265,3.4247,6.123,2.6783,1.8704,3.3536,2.9245,0.076471,0.82935,2.4151,2.9918,1.6685,1.6273,4.0699,1.5058,1.8875,3.1761,0.77435,2.4431,2.9103,2.1562,2.3382,4.8854,1.1939,2.5631,3.1373,1.0128,1.958,3.5045,0.47349,1.977,3.2791,1.7208,2.0179,3.4126,2.3859,2.1175,4.2231,2.1878,2.1494,5.0013,1.2709,1.6933,3.8299,0.69469,1.9774,2.7786,2.1938,2.1606,5.023,2.3559,2.2244,4.5276,1.5747,2.3916,3.9671,4.3756,2.9305,0.30014,1.9548,2.3918,4.0109,0.82297,1.9503,4.1214,1.2652,2.6097,4.2645,3.6802,2.8242,6.2447,1.5411,1.6376,3.296,0.26206,2.3003,3.3267,5.094,2.9339,1.0399,0.65251,2.7557,3.3629,1.3384,2.5253,3.0254,2.1482,2.1097,4.9355,1.4776,2.0579,4.3878,1.5274,1.6305,3.3031,1.4041,2.9172,3.3763,0.53655,2.4278,2.8367,0.89194,2.4486,3.0112,0.23848,2.6082,3.342,1.6358,2.2963,4.1584,0.54813,2.4314,2.8109,1.0267,2.2376,3.6136,1.3932,1.78,4.287,0.31673,2.3226,3.3724,1.5266,1.6058,3.2964,0.52978,2.4277,2.8351,3.2341,2.864,6.1686,1.9566,2.5714,4.0076,2.0176,2.1952,4.6327,2.4881,2.7709,5.1084,1.9058,1.9256,3.8672,1.2921,1.7607,3.7067,2.1779,2.1317,4.9845,1.3764,2.6259,3.9491,1.103,3.0659,2.9349,4.7477,2.9444,0.45449,1.3384,2.7032,4.4033,1.9123,1.925,3.8777,1.3024,2.6428,2.9304,0.54769,2.7509,3.1685,0.98863,2.8985,4.1751,0.69827,2.5282,2.6833,0.68043,1.9891,2.9338,0.53415,2.4116,3.3851,1.5599,2.1769,4.2811,1.4099,2.7111,4.4566,0.569,1.9823,3.0264,1.9942,1.8567,3.8036,1.1898,1.8016,3.6786,2.3031,2.6832,4.7717,1.3635,1.6063,4.1334,1.3623,2.1541,3.1558,0.61211,1.9941,3.0399,0.50625,2.4349,2.6302,1.6378,2.3165,4.1668,2.3259,2.6761,4.8231,0.58893,2.0011,3.0096,1.5733,1.6929,3.34,0.42216,3.0531,2.3098,0.64795,2.5356,2.6464,3.0113,2.7482,6.0107,0.056754,2.8795,2.7313,4.6825,2.9463,0.38675,2.286,2.3632,3.6417,1.1857,3.0491,3.9997,1.3487,2.3481,3.4848,0.98162,3.0623,3.7969,2.3349,2.2301,3.7548,1.1864,1.786,3.6758,2.4354,2.3546,4.584,2.5338,2.6753,4.0566,1.3108,2.674,4.3637,1.9018,1.885,3.8511,1.1927,2.7212,3.7142,2.3535,2.4511,4.9488,1.6159,2.5814,3.4073,2.164,2.2163,4.1173,0.77475,1.9172,3.3456,2.2742,2.4089,3.6833,2.2861,2.3959,3.6651,2.2201,1.9577,4.9644,2.6155,2.2787,4.7873,2.3412,2.2389,3.7698,1.3677,1.5885,3.8656,2.3246,2.689,4.8123,1.9016,1.8994,3.8592,0.77384,2.1233,4.0382,1.5989,1.7791,4.2499,2.3356,2.6844,4.835,1.4471,2.3868,3.2621,6.0025,2.9009,2.3,1.8452,1.788,3.5108,1.9043,2.9598,4.2051,2.074,1.957,4.8271,1.1696,2.5825,4.3426,1.9313,2.1418,4.8687,1.6109,1.7319,3.9622,1.6042,2.0231,3.3416,1.0764,2.7105,3.6203,0.97761,2.7963,3.8563,1.4353,2.4506,3.8732,1.157,2.7349,3.6663,1.8232,1.7065,4.0778,0.93069,2.4565,2.8095,1.9407,2.1009,4.4205,0.21154,2.7701,2.9719,1.0646,1.9421,4.2712,0.9806,2.3077,3.077,1.664,2.3978,4.5927,0.96757,2.0498,2.8633,0.72968,1.9745,2.7402,1.6024,1.722,3.9664,0.9465,2.4483,2.8338,1.3584,1.5809,3.8418,2.7335,2.5755,4.6018,1.0822,2.1661,3.605,1.159,2.7502,3.6824,1.9769,1.9798,4.4897,1.0527,1.9508,4.2595,1.8625,1.6763,3.4618,1.6627,2.5218,3.9983,2.1302,2.5417,4.8952,2.1225,2.3921,3.6743,1.2342,3.0479,3.4536,1.4527,1.477,4.2108,0.64578,2.9896,3.6526,1.6133,1.6955,4.2136,0.73438,1.9904,2.7347,0.71321,2.1963,3.9609,2.6606,2.5901,4.5191,2.0154,2.1046,3.414,1.4158,2.8596,3.5568,1.0732,2.2422,3.5973,2.5495,2.0282,4.5142,1.4765,1.724,4.4209,1.5753,2.5797,3.5953,2.0566,2.3368,4.0973,2.6591,2.3488,4.9468,0.50269,2.5223,3.0253
1633.8,0.12065,163.04,14.976,0.098123,638.99,1.4772,1.8194,4.1278,1.2674,2.2413,4.2366,1.1828,1.9568,4.251,2.4579,2.6397,4.2834,0.86048,2.0273,4.2723,1.5162,2.5467,3.8957,3.1639,2.8358,6.0136,1.1684,1.9598,4.2423,1.7408,1.6501,4.2277,1.2975,2.2279,4.2831,0.83492,2.058,4.2093,2.9623,2.8327,4.5514,5.5706,2.7222,1.3095,1.3198,2.7377,3.7056,0.91139,2.1396,3.0062,2.5196,2.1124,4.5364,1.4656,1.6412,3.9248,0.6424,2.6125,3.8263,2.0282,1.7673,3.5018,1.1075,2.399,3.1777,0.18438,2.2984,3.4451,1.7683,1.68,3.4057,1.9457,2.761,4.2199,1.7901,1.7164,3.4086,1.4446,1.6259,3.9486,0.38444,2.1664,3.1439,2.0974,2.4011,4.4655,1.4679,1.6959,3.2052,0.82792,1.9383,2.7499,3.1424,2.8395,5.9678,2.0343,1.7958,3.5062,1.0344,2.7236,2.9288,1.8334,2.5897,4.0433,0.66339,1.9223,2.8044,1.0625,2.4225,3.1103,1.9194,1.923,4.5288,1.7161,1.6416,3.8936,0.51642,2.201,3.7573,1.1804,2.53,3.7527,0.93593,2.1147,3.1942,2.6348,2.3446,4.4058,2.1362,2.2088,4.7599,1.5,1.6715,3.9418,1.8988,1.924,4.5121,1.5116,2.21,3.2559,0.76261,2.1454,3.0919,2.4431,2.4157,4.3825,1.9034,2.5931,4.7851,1.8622,2.6045,4.7449,2.6213,2.3606,4.4147,1.2787,2.5333,3.8922,1.7305,2.2543,4.3499,1.8926,3.0069,3.8203,0.58597,2.4705,2.5495,1.5245,2.0882,4.648,2.0359,3.0239,3.9677,0.32939,2.4031,3.347,1.6626,1.5846,4.074,0.685,2.0593,3.0468,2.2558,2.258,4.6692,0.74555,2.5687,3.1493,0.93943,2.1256,3.1851,3.8537,2.8906,1.824,2.0292,2.0174,4.6509,2.6063,2.369,4.4075,2.5818,2.2935,5.0923,1.9897,2.7101,4.2812,1.0812,1.782,3.9991,4.6506,2.9061,0.51822,0.84606,2.1274,3.0071,1.3069,2.0906,4.3253,1.0351,2.1071,3.4661,2.1654,2.6995,4.4094,1.7252,1.555,4.1348,1.2236,2.5391,3.1333,0.77702,2.4682,3.7423,2.074,1.8809,3.6885,1.5555,2.4598,3.4413,1.6085,2.5632,3.6104,1.6266,1.6127,4.2477,1.9599,2.7248,4.4181,2.0151,2.7244,4.4864,3.4581,2.7657,6.2113,1.7263,1.5473,4.1317,1.757,2.0015,3.4545,2.0596,2.9283,4.8692,1.2169,2.5429,3.1666,2.6043,2.4402,4.9431,1.0771,2.6133,4.0573,1.5612,2.4478,3.4538,1.1427,1.8413,4.0713,1.6754,1.5662,4.0637,1.7363,2.0002,3.4206,0.26232,2.9281,3.319,2.9195,2.3042,4.6516,1.3069,1.9477,4.2165,1.3128,2.6491,3.4458,1.4283,2.4592,3.3424,1.8686,1.9322,3.6691,1.942,2.436,4.0216,1.0533,2.2938,3.1612,2.5451,2.0056,5.1461,1.2587,2.6493,3.3772,1.3906,2.4838,3.3009,0.36557,2.9293,3.4124,0.64518,1.8429,2.8198,1.6637,1.9934,4.496,1.4611,1.8042,4.1426,5.3897,2.8776,1.7026,0.81791,2.0987,2.8174,1.0684,2.6394,4.067,2.2214,2.5252,3.605,2.5651,2.4196,4.8907,2.8605,2.6745,4.5668,2.1189,2.5045,4.4742,2.3553,2.1341,4.2392,0.75967,2.0484,3.295,0.44009,2.4447,3.0,0.591,2.1425,3.7022,2.3819,2.445,4.4754,0.85052,2.4445,2.953,1.245,1.6065,4.2811,1.6774,2.0282,3.4218,6.1062,2.6762,1.8523,3.3674,2.9224,0.091641,0.83548,2.4103,3.004,1.6693,1.626,4.0682,1.5072,1.8896,3.1755,0.77641,2.4412,2.9154,2.155,2.3364,4.8777,1.1986,2.5631,3.1439,1.0139,1.9571,3.5045,0.46615,1.9766,3.2823,1.723,2.018,3.4085,2.386,2.122,4.2267,2.1925,2.1483,5.003,1.2685,1.6878,3.8326,0.69599,1.9775,2.781,2.1989,2.1608,5.0267,2.3601,2.2285,4.535,1.5754,2.4,3.9673,4.3872,2.9229,0.31154,1.9551,2.3981,4.0129,0.82111,1.9496,4.1207,1.2755,2.6136,4.2698,3.6956,2.8211,0.047011,1.5424,1.6405,3.297,0.25612,2.3002,3.3184,5.0919,2.9274,1.0391,0.6605,2.7523,3.3717,1.3448,2.5269,3.0292,2.1501,2.1056,4.9322,1.477,2.053,4.3916,1.5276,1.6307,3.3048,1.4064,2.9159,3.3772,0.5459,2.4253,2.8498,0.88992,2.4475,3.0138,0.23972,2.607,3.3415,1.6387,2.3008,4.1624,0.55825,2.4298,2.821,1.0238,2.2451,3.6081,1.3932,1.7775,4.2859,0.31651,2.3244,3.3701,1.5264,1.6045,3.2975,0.53818,2.4253,2.8473,3.255,2.8628,6.1911,1.9517,2.5692,4.0055,2.0226,2.1962,4.6369,2.4705,2.7697,5.0885,1.9071,1.9206,3.8632,1.2917,1.7553,3.7086,2.1812,2.1288,4.9844,1.3741,2.6226,3.9432,1.0979,3.0644,2.9289,4.7534,2.9397,0.45893,1.3464,2.7044,4.4099,1.9134,1.9218,3.8775,1.308,2.6436,2.9373,0.5638,2.7482,3.1873,0.99582,2.8979,4.1818,0.7112,2.5291,2.6938,0.6795,1.9944,2.9294,0.53337,2.4122,3.3818,1.5595,2.1757,4.2863,1.4249,2.7128,4.4683,0.56293,1.9849,3.0174,1.9954,1.8528,3.8024,1.1893,1.7968,3.6822,2.2899,2.6791,4.7536,1.3617,1.613,4.1291,1.3592,2.1534,3.1541,0.60972,1.9986,3.0329,0.51062,2.4333,2.6365,1.6419,2.324,4.1713,2.314,2.6712,4.8082,0.58362,2.0055,2.9988,1.5741,1.6909,3.3413,0.40966,3.054,2.2947,0.6539,2.5377,2.6512,3.023,2.7478,6.0241,0.074393,2.8805,2.7517,4.6853,2.9412,0.38854,2.2816,2.3584,3.6317,1.2028,3.0448,4.0199,1.3389,2.3568,3.4766,0.99261,3.0604,3.8112,2.3319,2.2297,3.7499,1.1856,1.7792,3.6794,2.4362,2.3563,4.5859,2.5282,2.6791,4.0588,1.3158,2.6734,4.3658,1.9026,1.8772,3.8463,1.1975,2.7145,3.7182,2.3452,2.4477,4.935,1.6168,2.5776,3.4186,2.164,2.22,4.1197,0.77289,1.9193,3.342,2.2673,2.4093,3.6767,2.2801,2.3947,3.6562,2.2244,1.9626,4.9701,2.6125,2.2776,4.7867,2.3388,2.2396,3.7666,1.3663,1.5889,3.8686,2.3118,2.6853,4.7959,1.9028,1.8935,3.855,0.77372,2.1212,4.046,1.5986,1.7742,4.2491,2.3249,2.6807,4.8219,1.4471,2.3871,3.262,6.0098,2.9028,2.3093,1.8446,1.787,3.5142,1.8972,2.953,4.1955,2.0803,1.9578,4.8341,1.1761,2.5833,4.3498,1.9365,2.1418,4.8699,1.6107,1.7252,3.9619,1.6043,2.0255,3.3373,1.0801,2.7054,3.623,0.98143,2.7936,3.8575,1.4405,2.4559,3.8764,1.159,2.7297,3.6665,1.8214,1.698,4.0766,0.93254,2.4565,2.8131,1.945,2.1054,4.4253,0.22617,2.7665,2.9859,1.0619,1.9405,4.272,0.98254,2.3058,3.082,1.668,2.3989,4.594,0.96572,2.047,2.8648,0.72856,1.9726,2.74,1.6013,1.7147,3.9662,0.94944,2.4474,2.84,1.3557,1.5799,3.8427,2.732,2.5746,4.6012,1.0817,2.1703,3.6018,1.1622,2.7455,3.6851,1.977,1.9796,4.4917,1.0496,1.9496,4.2595,1.8637,1.6784,3.4633,1.6628,2.5254,3.9982,2.1318,2.5405,4.892,2.1187,2.394,3.6698,1.2424,3.045,3.4607,1.4536,1.4789,4.2083,0.6451,2.9888,3.6532,1.6125,1.6898,4.2121,0.73358,1.9896,2.7343,0.71569,2.1968,3.9627,2.6578,2.5886,4.5178,2.0186,2.1023,3.4124,1.4199,2.8527,3.5601,1.0713,2.2487,3.5922,2.5519,2.032,4.5203,1.4746,1.7227,4.4212,1.5727,2.5784,3.5981,2.0566,2.3418,4.1006,2.655,2.3467,4.9415,0.50873,2.5218,3.032
1633.8,0.12065,163.04,14.976,0.10704,653.97,1.4735,1.8168,4.1248,1.2677,2.2423,4.2389,1.1783,1.9536,4.2513,2.455,2.6381,4.283,0.86043,2.0251,4.2762,1.5159,2.5512,3.8959,3.1776,2.8347,6.0306,1.1634,1.9565,4.243,1.7404,1.6441,4.2256,1.2989,2.2278,4.2886,0.83306,2.0575,4.2092,2.9678,2.8323,4.5549,5.5595,2.7163,1.2972,1.3243,2.7291,3.7102,0.9072,2.139,3.0042,2.5238,2.1179,4.5454,1.4646,1.6388,3.9263,0.64051,2.6161,3.8205,2.0306,1.7673,3.5045,1.1064,2.3962,3.1834,0.1765,2.2994,3.4342,1.7668,1.6798,3.4074,1.9332,2.7549,4.2046,1.7906,1.7191,3.4101,1.4428,1.6222,3.9512,0.38434,2.1685,3.1402,2.1014,2.4031,4.4703,1.467,1.6976,3.2055,0.82801,1.9419,2.75,3.1552,2.839,5.9821,2.0377,1.7975,3.5091,1.038,2.724,2.9344,1.8349,2.5902,4.0472,0.66609,1.9261,2.8056,1.0613,2.4204,3.1146,1.9215,1.9233,4.5323,1.7191,1.6382,3.8946,0.51727,2.2006,3.7588,1.1812,2.5366,3.7528,0.93041,2.1182,3.1884,2.6427,2.3478,4.4156,2.1422,2.2128,4.7667,1.5024,1.6723,3.9445,1.9,1.9249,4.5142,1.5137,2.2121,3.2549,0.75616,2.1511,3.0823,2.4458,2.4195,4.3891,1.9,2.5933,4.7747,1.8565,2.6049,4.7334,2.6301,2.3659,4.4283,1.2781,2.5369,3.8882,1.7355,2.257,4.3552,1.8844,3.002,3.811,0.59287,2.4711,2.5556,1.5213,2.0919,4.6492,2.0348,3.0199,3.9653,0.3248,2.4047,3.3408,1.6629,1.5824,4.0731,0.68253,2.0621,3.0424,2.2564,2.259,4.6701,0.75278,2.5645,3.1606,0.93377,2.1299,3.1779,6.207,2.8902,1.811,2.034,2.0212,4.6578,2.6138,2.3752,4.4202,2.575,2.2894,5.083,1.9802,2.6987,4.271,1.0813,1.7766,4.0035,4.6516,2.8972,0.51763,0.84258,2.1281,3.0036,1.3073,2.0901,4.3307,1.0329,2.1096,3.463,2.1554,2.6947,4.3977,1.7277,1.5518,4.133,1.2301,2.5377,3.1379,0.77907,2.4719,3.7392,2.0758,1.8771,3.6845,1.5517,2.4622,3.4392,1.6059,2.5659,3.6135,1.6239,1.6089,4.2472,1.9493,2.7163,4.4057,2.0089,2.7164,4.48,3.4681,2.7636,6.2204,1.7288,1.5435,4.1294,1.7627,2.0015,3.4557,2.0569,2.9283,4.8675,1.2224,2.542,3.1738,2.6018,2.4399,4.9393,1.0805,2.6143,4.0548,1.5579,2.4492,3.4532,1.1385,1.8431,4.0695,1.6769,1.5618,4.062,1.7399,1.9997,3.4185,0.26147,2.9262,3.3188,2.9239,2.304,4.6588,1.3059,1.9477,4.2179,1.3166,2.6468,3.4545,1.4252,2.4598,3.3429,1.8716,1.9277,3.6645,1.9416,2.4444,4.0253,1.0494,2.2949,3.1591,2.5458,2.0025,5.1467,1.2602,2.6472,3.3834,1.3842,2.4858,3.2978,0.37251,2.9273,3.4191,0.6418,1.8462,2.8107,1.659,1.9908,4.5022,1.4607,1.7997,4.144,5.3752,2.8748,1.6879,0.81694,2.0974,2.8192,1.0714,2.6429,4.0658,2.2245,2.5241,3.6008,2.5575,2.4164,4.8803,2.8681,2.6713,4.573,2.1164,2.5033,4.4704,2.3566,2.1386,4.245,0.75737,2.0553,3.2875,0.45189,2.4419,3.0127,0.58991,2.1423,3.7012,2.3815,2.4401,4.48,0.86094,2.4421,2.9636,1.2435,1.6091,4.2799,1.6746,2.0298,3.419,6.0896,2.674,1.8344,3.3809,2.9203,0.10648,0.84095,2.4055,3.0155,1.6699,1.6244,4.0665,1.5086,1.8917,3.1749,0.77821,2.4392,2.9201,2.1538,2.3347,4.8701,1.2031,2.5632,3.1501,1.015,1.9563,3.5047,0.4585,1.9762,3.286,1.7252,2.0178,3.4045,2.3864,2.1268,4.2304,2.1972,2.147,5.0043,1.2661,1.6824,3.8352,0.69727,1.9775,2.7834,2.204,2.1608,5.0301,2.3643,2.2323,4.5423,1.576,2.408,3.9675,4.3981,2.9155,0.32252,1.9555,2.4042,4.015,0.81928,1.9489,4.1197,1.2859,2.6174,4.2751,3.7107,2.8179,0.37287,1.5438,1.6436,3.298,0.25036,2.2998,3.3103,5.0903,2.921,1.039,0.66804,2.7489,3.3801,1.3509,2.5284,3.0327,2.1522,2.1016,4.9292,1.4762,2.048,4.3954,1.5277,1.6309,3.3065,1.4088,2.9146,3.3778,0.55533,2.4227,2.863,0.88809,2.4464,3.0164,0.24079,2.6059,3.3407,1.6418,2.3053,4.1664,0.56808,2.4283,2.8309,1.0208,2.2525,3.6025,1.3932,1.7751,4.2847,0.31638,2.326,3.368,1.5263,1.6029,3.2986,0.54639,2.4231,2.8593,3.2748,2.8613,6.2126,1.9468,2.5671,4.0034,2.0275,2.1972,4.641,2.4528,2.7685,5.0682,1.9084,1.9155,3.8591,1.2913,1.75,3.7106,2.1845,2.126,4.9844,1.372,2.6193,3.9376,1.0926,3.063,2.9226,4.7587,2.9351,0.46326,1.3543,2.7054,4.4165,1.9147,1.9186,3.8773,1.3135,2.6446,2.9441,0.57905,2.7454,3.2051,1.0033,2.897,4.1887,0.72395,2.5302,2.7042,0.67875,1.9995,2.9254,0.53274,2.4128,3.3788,1.559,2.1743,4.2915,1.4394,2.7143,4.4797,0.55702,1.9873,3.0084,1.9968,1.849,3.8014,1.1887,1.7921,3.6857,2.2777,2.675,4.7367,1.3596,1.6192,4.1249,1.3561,2.1526,3.1523,0.60734,2.0028,3.0261,0.5149,2.4317,2.6427,1.6462,2.3317,4.1758,2.3025,2.6664,4.7937,0.57842,2.0097,2.9884,1.5749,1.6892,3.3427,0.39659,3.055,2.2789,0.65947,2.5399,2.6556,3.0346,2.7471,6.0375,0.091935,2.8814,2.7719,4.6884,2.936,0.3908,2.2776,2.3535,3.622,1.2176,3.0403,4.0375,1.3294,2.365,3.4687,1.0028,3.0584,3.8248,2.3291,2.2293,3.7451,1.1847,1.7726,3.6831,2.4369,2.3578,4.5876,2.5225,2.6826,4.0608,1.3206,2.6729,4.3678,1.9036,1.8695,3.8418,1.2019,2.7083,3.7221,2.3375,2.4445,4.9218,1.6176,2.5739,3.4296,2.1638,2.2238,4.1222,0.77096,1.9215,3.3384,2.2605,2.4098,3.6704,2.2742,2.3934,3.6474,2.2286,1.967,4.9753,2.6095,2.2766,4.7861,2.3364,2.2406,3.7634,1.3649,1.5892,3.8716,2.2994,2.6817,4.78,1.9039,1.8879,3.8509,0.77367,2.1191,4.0536,1.5982,1.7694,4.2482,2.3148,2.6769,4.8094,1.447,2.3876,3.2619,6.017,2.9047,2.3185,1.8444,1.786,3.5174,1.8906,2.9464,4.1864,2.0866,1.9586,4.8408,1.1823,2.5841,4.3568,1.9417,2.1419,4.871,1.6104,1.7189,3.9617,1.6046,2.028,3.3333,1.0833,2.7006,3.6255,0.98483,2.7912,3.8584,1.4456,2.4609,3.8798,1.161,2.7248,3.6664,1.8197,1.6898,4.0754,0.93434,2.4565,2.8167,1.9495,2.1101,4.4302,0.2406,2.7627,2.9996,1.0593,1.9389,4.2727,0.98418,2.3041,3.0866,1.6721,2.4003,4.5955,0.96381,2.0444,2.8661,0.72749,1.9709,2.7399,1.6003,1.7079,3.9661,0.95221,2.4464,2.8461,1.3532,1.5789,3.8434,2.7307,2.5738,4.6011,1.081,2.1747,3.5984,1.1654,2.7411,3.6876,1.977,1.9795,4.4939,1.0464,1.9486,4.2595,1.8651,1.6805,3.4648,1.6628,2.5288,3.9981,2.1333,2.5395,4.8889,2.1148,2.3959,3.6654,1.2513,3.0419,3.4682,1.4544,1.481,4.2058,0.64383,2.988,3.6531,1.612,1.6842,4.2105,0.73284,1.9887,2.7341,0.71813,2.1975,3.9644,2.655,2.5872,4.5168,2.0219,2.1,3.411,1.424,2.8461,3.5637,1.0693,2.2553,3.5868,2.5546,2.0357,4.5264,1.4728,1.7212,4.4216,1.5704,2.577,3.6012,2.0564,2.3467,4.1038,2.6512,2.3446,4.9366,0.51462,2.5213,3.0385
1633.8,0.12065,163.04,14.976,0.11596,668.86,1.4699,1.8139,4.122,1.2682,2.2432,4.2414,1.1738,1.9506,4.2513,2.4522,2.6364,4.2828,0.86031,2.0231,4.28,1.5157,2.5555,3.8961,3.1912,2.8335,6.0472,1.1586,1.9533,4.2437,1.7401,1.6381,4.2234,1.3001,2.2277,4.2942,0.83128,2.057,4.2092,2.973,2.832,4.5583,5.5487,2.7103,1.2852,1.3284,2.721,3.7143,0.90302,2.1383,3.0023,2.5282,2.1235,4.5544,1.4634,1.6367,3.9277,0.63847,2.6197,3.8146,2.033,1.7674,3.5071,1.1049,2.3936,3.1883,0.1686,2.3004,3.423,1.7652,1.6794,3.4091,1.9216,2.749,4.1903,1.7911,1.7216,3.4114,1.4411,1.6186,3.9536,0.38435,2.1703,3.1367,2.1051,2.4047,4.4748,1.4661,1.6992,3.2059,0.82806,1.9452,2.7501,3.1681,2.8385,5.9963,2.0411,1.7991,3.5121,1.0417,2.7243,2.9401,1.8365,2.5908,4.051,0.66874,1.9299,2.8069,1.06,2.4184,3.1189,1.9237,1.9235,4.5358,1.7219,1.6351,3.8958,0.51825,2.2002,3.7606,1.1821,2.5428,3.7534,0.92503,2.1216,3.1828,2.6507,2.3509,4.4252,2.1481,2.2166,4.7733,1.5048,1.6732,3.9471,1.9013,1.9258,4.5165,1.5156,2.2139,3.2539,0.74968,2.1569,3.0728,2.4485,2.4232,4.3955,1.8965,2.5935,4.7641,1.8511,2.6053,4.722,2.6391,2.3711,4.442,1.2775,2.5403,3.8843,1.7406,2.2597,4.3604,1.8768,2.9972,3.8024,0.59965,2.4718,2.5615,1.518,2.0957,4.6498,2.0338,3.0159,3.9631,0.32043,2.406,3.335,1.6631,1.5803,4.0724,0.68012,2.0646,3.038,2.257,2.2599,4.6708,0.75947,2.5605,3.1715,0.92831,2.1339,3.171,6.2566,2.8897,1.7984,2.0389,2.0251,4.6648,2.6217,2.3811,4.433,2.5687,2.2854,5.0742,1.9713,2.6874,4.2615,1.0813,1.7713,4.0076,4.6526,2.8884,0.51707,0.83918,2.1286,3.0002,1.3079,2.0897,4.3359,1.0305,2.1122,3.46,2.146,2.6899,4.3866,1.7303,1.5486,4.1313,1.2365,2.5365,3.1421,0.7811,2.4756,3.7362,2.0776,1.8734,3.6805,1.5479,2.4647,3.4372,1.6037,2.5683,3.617,1.6212,1.6055,4.2467,1.9392,2.7077,4.3937,2.003,2.7083,4.4739,3.4781,2.7614,6.2294,1.7313,1.5399,4.1271,1.7685,2.0014,3.457,2.0543,2.9283,4.8658,1.2276,2.5414,3.1808,2.5994,2.4395,4.9357,1.0836,2.615,4.0522,1.5548,2.4506,3.4527,1.1343,1.8447,4.0677,1.6786,1.5577,4.0603,1.7436,1.9992,3.4166,0.2609,2.9244,3.3189,2.9281,2.3035,4.6656,1.3047,1.9478,4.2192,1.3204,2.6447,3.4631,1.4222,2.4604,3.3435,1.8745,1.9232,3.6601,1.9415,2.4525,4.0291,1.0457,2.2958,3.1571,2.5464,1.9996,5.1472,1.2615,2.6454,3.3895,1.3779,2.4876,3.2948,0.3793,2.9252,3.4258,0.6385,1.8492,2.8019,1.6541,1.9883,4.5079,1.4603,1.7955,4.1453,5.3607,2.8719,1.6732,0.81591,2.0962,2.8208,1.0742,2.6464,4.0645,2.2281,2.5228,3.5976,2.55,2.4131,4.8699,2.876,2.6681,4.5794,2.1142,2.5024,4.4669,2.3579,2.1433,4.251,0.75477,2.0622,3.2796,0.46367,2.439,3.0255,0.58889,2.1421,3.7004,2.3811,2.4355,4.4847,0.87143,2.4396,2.9743,1.242,1.6117,4.2786,1.6718,2.0313,3.4162,6.0733,2.6715,1.8169,3.3939,2.9182,0.12079,0.84559,2.401,3.0261,1.6705,1.6229,4.0648,1.5101,1.8938,3.1743,0.7797,2.4375,2.9244,2.1528,2.3329,4.8629,1.2074,2.5633,3.1563,1.0159,1.9554,3.5049,0.45067,1.9758,3.2899,1.7274,2.0173,3.4006,2.3868,2.1316,4.2344,2.2018,2.1456,5.0055,1.2635,1.6772,3.8375,0.6985,1.9776,2.7857,2.2089,2.1607,5.0333,2.3684,2.2361,4.5495,1.5765,2.4158,3.9677,4.4084,2.9081,0.33315,1.956,2.4105,4.0172,0.81749,1.9484,4.1189,1.2962,2.6212,4.2803,3.7256,2.8149,6.0954,1.5453,1.6468,3.299,0.24482,2.2996,3.3022,5.0891,2.9144,1.0395,0.67515,2.7454,3.3879,1.3568,2.5299,3.0359,2.1546,2.0977,4.9264,1.4753,2.0427,4.3991,1.5279,1.6309,3.3081,1.411,2.9134,3.3783,0.56468,2.4201,2.8761,0.88639,2.4452,3.0192,0.24168,2.6048,3.3397,1.6449,2.31,4.1705,0.57767,2.4269,2.8404,1.0177,2.26,3.5967,1.3933,1.7727,4.2834,0.31635,2.3275,3.3661,1.5262,1.6014,3.2997,0.55441,2.4209,2.8709,3.2938,2.8599,6.2332,1.9419,2.5652,4.0014,2.0323,2.1978,4.645,2.435,2.7672,5.0478,1.9097,1.9103,3.8551,1.2907,1.7448,3.7124,2.1879,2.1231,4.9843,1.3699,2.6161,3.932,1.0868,3.0617,2.9158,4.7638,2.9304,0.46752,1.3622,2.7063,4.4229,1.9159,1.9156,3.8772,1.3189,2.6454,2.9509,0.59349,2.7428,3.2221,1.0107,2.8961,4.1956,0.73651,2.5311,2.7145,0.67818,2.0046,2.9218,0.5322,2.4133,3.376,1.5586,2.1728,4.2967,1.4537,2.7156,4.4908,0.55121,1.9896,2.9995,1.9981,1.8453,3.8004,1.1881,1.7874,3.6893,2.2665,2.6712,4.7208,1.3576,1.6253,4.1206,1.3531,2.1518,3.1506,0.60498,2.007,3.0193,0.51914,2.4302,2.6488,1.6508,2.3396,4.1804,2.2916,2.6616,4.7798,0.57333,2.0135,2.9783,1.5756,1.6875,3.3441,0.38264,3.0559,2.2624,0.66462,2.5422,2.6594,3.0465,2.7463,6.051,0.10946,2.882,2.792,4.6918,2.9309,0.39353,2.2738,2.3487,3.6128,1.2302,3.0358,4.0529,1.3202,2.3726,3.4611,1.0123,3.0565,3.8375,2.3264,2.2291,3.7404,1.1837,1.7658,3.6868,2.4374,2.3593,4.5893,2.5167,2.6858,4.0626,1.3253,2.6724,4.3695,1.9044,1.8619,3.8374,1.2061,2.7023,3.7256,2.3303,2.4414,4.9092,1.6183,2.5705,3.4404,2.1637,2.2277,4.1247,0.76895,1.9239,3.3346,2.2538,2.4104,3.6641,2.2684,2.3921,3.6386,2.2327,1.971,4.9802,2.6066,2.2755,4.7855,2.334,2.2415,3.7605,1.3634,1.5898,3.8745,2.2873,2.678,4.7645,1.9051,1.8824,3.8469,0.77369,2.117,4.0611,1.5977,1.7647,4.2475,2.3051,2.6733,4.7973,1.447,2.3881,3.2619,6.0241,2.9065,2.3275,1.8442,1.7852,3.5205,1.8842,2.9396,4.1778,2.0928,1.9592,4.8473,1.1884,2.5848,4.3636,1.947,2.1422,4.8723,1.6102,1.7128,3.9613,1.6051,2.0305,3.3293,1.0862,2.6961,3.6276,0.98795,2.7889,3.8589,1.4505,2.4656,3.8833,1.1626,2.7202,3.6662,1.818,1.6819,4.0743,0.93608,2.4565,2.8203,1.9542,2.1148,4.4353,0.25498,2.7589,3.0132,1.0567,1.9374,4.2732,0.9856,2.3025,3.0909,1.6762,2.4018,4.5969,0.96185,2.0419,2.8671,0.72647,1.9694,2.7395,1.5992,1.7012,3.966,0.95486,2.4456,2.8521,1.3506,1.5777,3.8443,2.7296,2.5732,4.6013,1.0803,2.1793,3.5949,1.1684,2.7369,3.69,1.9771,1.9795,4.4961,1.0434,1.9474,4.2596,1.8665,1.6824,3.4663,1.6628,2.5321,3.998,2.1347,2.5385,4.8857,2.1109,2.3979,3.6608,1.2604,3.0389,3.4761,1.4551,1.483,4.2034,0.64207,2.9873,3.6525,1.6115,1.6787,4.209,0.73212,1.9879,2.7337,0.72057,2.1981,3.9661,2.6523,2.5857,4.5158,2.0253,2.0978,3.4099,1.4282,2.8394,3.5675,1.0671,2.2622,3.5814,2.5572,2.0395,4.5328,1.471,1.7199,4.422,1.5682,2.5757,3.6044,2.0565,2.3516,4.1072,2.6476,2.3427,4.9319,0.52042,2.5211,3.0448
1633.8,0.12065,163.04,14.976,0.12488,683.77,1.4664,1.8109,4.1192,1.269,2.2441,4.2439,1.1693,1.9475,4.2512,2.4494,2.6349,4.2827,0.86013,2.0213,4.2835,1.5155,2.5596,3.8962,3.2046,2.8323,6.0636,1.1538,1.95,4.2444,1.7398,1.6321,4.2211,1.3013,2.2276,4.2997,0.82955,2.0566,4.2092,2.9781,2.8317,4.5616,5.5382,2.7041,1.2735,1.3321,2.7134,3.7181,0.89884,2.1375,3.0003,2.5326,2.1289,4.5635,1.4622,1.6347,3.929,0.63627,2.6232,3.8084,2.0354,1.7674,3.5097,1.1028,2.3913,3.1925,0.16066,2.3015,3.4119,1.7638,1.6791,3.4108,1.9107,2.7433,4.177,1.7918,1.7238,3.4127,1.4395,1.6151,3.9558,0.38445,2.1722,3.1335,2.1085,2.4063,4.4789,1.4652,1.7009,3.2062,0.82805,1.9483,2.7502,3.181,2.8378,6.0107,2.0446,1.8006,3.5152,1.0456,2.7247,2.9457,1.8382,2.5913,4.0551,0.67133,1.9335,2.8082,1.0585,2.4164,3.1229,1.9258,1.9236,4.5392,1.7247,1.632,3.8969,0.51937,2.1998,3.7625,1.1833,2.5486,3.7545,0.91983,2.1248,3.1775,2.6585,2.3539,4.4346,2.1541,2.2202,4.7798,1.5071,1.6741,3.9496,1.9028,1.9267,4.5187,1.5176,2.2157,3.2529,0.7432,2.1624,3.0634,2.451,2.4267,4.4018,1.8931,2.5938,4.7533,1.8459,2.6056,4.7109,2.6482,2.376,4.4558,1.2771,2.5435,3.8804,1.7459,2.2625,4.3656,1.8696,2.9923,3.7943,0.6063,2.4725,2.5674,1.5146,2.0993,4.6503,2.0329,3.0118,3.961,0.31624,2.4072,3.3295,1.6633,1.5783,4.0715,0.67779,2.067,3.0339,2.2574,2.2609,4.6715,0.76563,2.5564,3.182,0.92307,2.1377,3.1644,6.2485,2.889,1.7864,2.0441,2.0291,4.672,2.6296,2.3868,4.4457,2.5628,2.2814,5.0658,1.9631,2.6761,4.2527,1.0813,1.7661,4.0118,4.6536,2.8796,0.51659,0.83585,2.1292,2.997,1.3086,2.0894,4.3411,1.0282,2.1148,3.4568,2.137,2.6852,4.376,1.733,1.5454,4.1295,1.2427,2.5352,3.1461,0.78311,2.4791,3.7331,2.0796,1.8698,3.6767,1.544,2.4672,3.4353,1.6017,2.5705,3.6207,1.6185,1.6023,4.2462,1.9295,2.6991,4.3822,1.9976,2.7005,4.4683,3.488,2.7592,6.2383,1.7338,1.5364,4.1248,1.7745,2.0014,3.4584,2.0517,2.9283,4.864,1.2326,2.5407,3.1873,2.597,2.4392,4.9321,1.0866,2.6159,4.0493,1.5517,2.4521,3.4525,1.1302,1.846,4.0662,1.6803,1.5538,4.0586,1.7474,1.9984,3.4148,0.26058,2.9224,3.3191,2.9322,2.303,4.672,1.3036,1.9478,4.2204,1.324,2.6426,3.4714,1.4194,2.4612,3.3443,1.8776,1.9189,3.656,1.9414,2.4602,4.0332,1.0421,2.2968,3.1551,2.5468,1.9967,5.1478,1.2629,2.6436,3.3957,1.3717,2.4895,3.2919,0.38594,2.9231,3.4322,0.63532,1.8521,2.7934,1.649,1.9859,4.5131,1.46,1.7914,4.1465,5.3466,2.869,1.6586,0.81483,2.095,2.8224,1.0768,2.6499,4.063,2.2322,2.5214,3.5952,2.5427,2.4098,4.8596,2.8839,2.6648,4.586,2.1122,2.5015,4.4637,2.3593,2.1479,4.2572,0.75187,2.0693,3.2714,0.47542,2.4362,3.0382,0.58796,2.1419,3.6996,2.3811,2.4313,4.4897,0.88194,2.4371,2.9851,1.2403,1.6144,4.2773,1.6689,2.0326,3.4132,6.0574,2.6691,1.7997,3.4065,2.9159,0.13454,0.84939,2.3969,3.0356,1.6711,1.6215,4.0632,1.5116,1.8959,3.1739,0.78087,2.4358,2.9282,2.152,2.3311,4.856,1.2116,2.5634,3.1624,1.0169,1.9543,3.505,0.44286,1.9755,3.294,1.7295,2.0168,3.3966,2.3873,2.1365,4.2385,2.2063,2.1442,5.0067,1.261,1.6724,3.8397,0.69969,1.9776,2.788,2.2138,2.1605,5.0365,2.3725,2.2399,4.5566,1.5771,2.4231,3.9677,4.4184,2.9009,0.34347,1.9564,2.4168,4.0194,0.81573,1.948,4.1179,1.3065,2.6249,4.2853,3.7403,2.8118,0.035898,1.5469,1.6501,3.3,0.2395,2.2993,3.2945,5.0882,2.9079,1.0405,0.68179,2.742,3.3951,1.3622,2.5313,3.0388,2.1571,2.0941,4.924,1.4743,2.0374,4.4028,1.528,1.6309,3.3098,1.413,2.9122,3.3785,0.5739,2.4176,2.8891,0.88479,2.444,3.022,0.2424,2.6038,3.3386,1.6482,2.3146,4.1746,0.58705,2.4256,2.8498,1.0145,2.2675,3.5909,1.3933,1.7704,4.2821,0.31637,2.3288,3.3643,1.5261,1.6,3.3009,0.56223,2.4188,2.8823,3.3118,2.8584,6.2451,1.9372,2.5632,3.9994,2.0372,2.1985,4.649,2.4172,2.7658,5.0273,1.9109,1.9049,3.851,1.2903,1.7397,3.7142,2.1912,2.1202,4.9843,1.3678,2.6129,3.9266,1.0805,3.0605,2.9088,4.7688,2.9257,0.47167,1.3699,2.7072,4.4291,1.9172,1.9126,3.8772,1.3242,2.6463,2.9576,0.60714,2.7401,3.2381,1.0181,2.895,4.2025,0.74884,2.5322,2.7244,0.67777,2.0095,2.9185,0.53176,2.4137,3.3733,1.5583,2.1712,4.3019,1.4676,2.7168,4.5016,0.5455,1.992,2.9907,1.9993,1.8418,3.7995,1.1874,1.7826,3.6927,2.2561,2.6674,4.7061,1.3555,1.6309,4.1164,1.35,2.151,3.1489,0.60261,2.011,3.0126,0.52334,2.4287,2.655,1.6555,2.3474,4.185,2.281,2.6571,4.7663,0.56836,2.0171,2.9687,1.5764,1.6858,3.3455,0.36799,3.0567,2.2451,0.66943,2.5446,2.6631,3.0585,2.7453,6.0647,0.12693,2.8826,2.8122,4.6954,2.9257,0.39675,2.2704,2.344,3.6038,1.2411,3.0312,4.0664,1.311,2.3798,3.4539,1.0211,3.0545,3.8496,2.3236,2.2289,3.7359,1.1826,1.759,3.6906,2.438,2.3608,4.5908,2.5109,2.6888,4.0643,1.3298,2.672,4.3712,1.9052,1.8545,3.8333,1.2101,2.6965,3.7289,2.3237,2.4385,4.8972,1.6187,2.5673,3.4509,2.1637,2.2318,4.1276,0.76687,1.9263,3.3307,2.2473,2.4109,3.6579,2.2627,2.3909,3.6298,2.2368,1.9745,4.9846,2.6036,2.2745,4.7848,2.3317,2.2425,3.7576,1.362,1.5903,3.877,2.2754,2.6742,4.7491,1.9063,1.877,3.8429,0.77375,2.1148,4.0685,1.5973,1.7601,4.2466,2.2957,2.6698,4.7855,1.447,2.3885,3.2619,6.0312,2.9083,2.3365,1.8442,1.7843,3.5236,1.8781,2.933,4.1694,2.099,1.9599,4.8537,1.1941,2.5857,4.3705,1.9522,2.1425,4.8736,1.61,1.7068,3.961,1.6056,2.0331,3.3256,1.0888,2.6919,3.6292,0.99083,2.7868,3.859,1.4554,2.4701,3.8868,1.1643,2.7157,3.6658,1.8163,1.6744,4.0733,0.93776,2.4565,2.8237,1.9589,2.1196,4.4405,0.2692,2.7549,3.0267,1.0539,1.9358,4.2738,0.98682,2.3011,3.095,1.6803,2.4032,4.5984,0.95985,2.0395,2.868,0.72549,1.9681,2.7392,1.5982,1.6948,3.9659,0.95739,2.4447,2.8581,1.3481,1.5765,3.8452,2.7288,2.5725,4.6017,1.0795,2.1839,3.5913,1.1714,2.7327,3.6923,1.9771,1.9795,4.4984,1.0405,1.9464,4.2596,1.8679,1.6844,3.4677,1.6627,2.5352,3.9979,2.136,2.5375,4.8825,2.1069,2.3999,3.6562,1.27,3.0358,3.4845,1.456,1.4851,4.201,0.63986,2.9866,3.6514,1.6112,1.6734,4.2076,0.73143,1.9871,2.7335,0.72299,2.1989,3.9678,2.6497,2.5844,4.515,2.0288,2.0955,3.409,1.4324,2.8329,3.5715,1.0648,2.269,3.5757,2.5601,2.0435,4.5393,1.4691,1.7186,4.4227,1.5662,2.5745,3.6077,2.0565,2.3565,4.1105,2.6443,2.3409,4.9275,0.52613,2.521,3.0509
1633.8,0.12065,163.04,14.976,0.1338,698.75,1.4629,1.8077,4.1168,1.2699,2.245,4.2466,1.1648,1.9445,4.2509,2.4466,2.6333,4.2827,0.85993,2.0196,4.287,1.5154,2.5636,3.8964,3.2178,2.8309,6.0798,1.1491,1.9468,4.2452,1.7395,1.6263,4.2189,1.3023,2.2274,4.3052,0.82788,2.0562,4.2093,2.9831,2.8313,4.5648,5.5278,2.6977,1.2621,1.3354,2.7063,3.7212,0.89468,2.1367,2.9982,2.5372,2.1342,4.5726,1.4608,1.6329,3.9304,0.63391,2.6266,3.8021,2.0379,1.7674,3.5123,1.1003,2.3893,3.1961,0.15267,2.3024,3.4006,1.7623,1.6785,3.4126,1.9007,2.7378,4.1646,1.7923,1.7261,3.4141,1.438,1.6117,3.9579,0.38461,2.1739,3.1303,2.1118,2.4077,4.4827,1.4641,1.7025,3.2064,0.82798,1.9511,2.7505,3.1941,2.8371,6.0251,2.0481,1.802,3.5183,1.0495,2.7251,2.9515,1.84,2.592,4.059,0.67385,1.937,2.8096,1.0571,2.4143,3.1269,1.928,1.9237,4.5428,1.7274,1.6292,3.8981,0.52064,2.1992,3.7645,1.1849,2.554,3.7559,0.91477,2.1278,3.1724,2.6662,2.3568,4.4438,2.1599,2.2237,4.7863,1.5094,1.6751,3.952,1.9044,1.9276,4.521,1.5197,2.2174,3.2519,0.73677,2.1677,3.0541,2.4536,2.4302,4.408,1.8896,2.5941,4.7426,1.8409,2.606,4.7,2.6573,2.3809,4.4697,1.2766,2.5466,3.8767,1.7513,2.2652,4.3708,1.863,2.9875,3.7866,0.6128,2.4732,2.5731,1.5111,2.103,4.6506,2.0323,3.0076,3.9592,0.31223,2.4082,3.3243,1.6637,1.5765,4.0707,0.6755,2.0693,3.0299,2.2577,2.2617,4.672,0.77133,2.5524,3.1921,0.91808,2.1413,3.1581,6.2382,2.8883,1.7748,2.0496,2.033,4.6792,2.6376,2.392,4.4586,2.5573,2.2777,5.058,1.9554,2.665,4.2445,1.0814,1.7611,4.0158,4.6545,2.871,0.51611,0.83262,2.1298,2.994,1.3092,2.089,4.3462,1.0259,2.1174,3.4537,2.1283,2.6806,4.3659,1.7355,1.5421,4.1278,1.2487,2.5341,3.1497,0.7851,2.4825,3.7301,2.0815,1.8663,3.673,1.5402,2.4697,3.4334,1.6,2.5728,3.6248,1.6159,1.5996,4.2456,1.9205,2.6907,4.3712,1.9925,2.6927,4.463,3.498,2.7569,6.2474,1.7363,1.5331,4.1226,1.7805,2.0013,3.46,2.0491,2.9283,4.8621,1.2374,2.54,3.1935,2.5948,2.4389,4.9286,1.0892,2.6166,4.0463,1.5488,2.4535,3.4522,1.1261,1.8472,4.0647,1.6821,1.5503,4.057,1.7512,1.9977,3.4131,0.26053,2.9205,3.3196,2.9361,2.3023,4.6781,1.3024,1.9479,4.2217,1.3275,2.6408,3.4794,1.4165,2.4619,3.3451,1.8807,1.9146,3.652,1.9415,2.4676,4.0373,1.0385,2.2977,3.1533,2.5472,1.994,5.1482,1.2643,2.6418,3.4018,1.3655,2.4913,3.2891,0.39245,2.9209,3.4385,0.63225,1.8547,2.7851,1.6437,1.9836,4.5176,1.4596,1.7874,4.1477,5.3326,2.8659,1.6443,0.81372,2.094,2.8238,1.0793,2.6532,4.0614,2.237,2.5198,3.5938,2.5355,2.4063,4.8496,2.8921,2.6615,4.5928,2.1104,2.5009,4.4607,2.3607,2.1529,4.2634,0.74865,2.0762,3.2629,0.48713,2.4335,3.0509,0.58715,2.1417,3.6989,2.381,2.4274,4.4948,0.8925,2.4345,2.996,1.2385,1.6172,4.2757,1.666,2.0338,3.4103,6.0418,2.6664,1.7829,3.4184,2.9137,0.14771,0.85247,2.393,3.0442,1.6718,1.6199,4.0616,1.5131,1.898,3.1735,0.78179,2.4342,2.9318,2.1513,2.3293,4.8492,1.2156,2.5636,3.1682,1.0178,1.9534,3.5052,0.43512,1.9753,3.2982,1.7318,2.0162,3.3927,2.388,2.1414,4.2429,2.2108,2.1426,5.0076,1.2584,1.6677,3.8417,0.70082,1.9778,2.7901,2.2185,2.1602,5.0394,2.3765,2.2436,4.5636,1.5776,2.4302,3.9677,4.4279,2.8938,0.35356,1.957,2.4232,4.0217,0.81402,1.9477,4.1168,1.3167,2.6285,4.2902,3.7547,2.8086,0.037053,1.5487,1.6537,3.301,0.23442,2.2989,3.2869,5.0876,2.9013,1.0419,0.68797,2.7386,3.4018,1.3675,2.5327,3.0415,2.1598,2.0905,4.9219,1.4731,2.0321,4.4065,1.5282,1.6307,3.3115,1.415,2.9112,3.3786,0.58298,2.415,2.9019,0.88327,2.4427,3.0249,0.24297,2.6027,3.3371,1.6515,2.3193,4.179,0.59619,2.4243,2.859,1.0111,2.275,3.5849,1.3933,1.7681,4.2806,0.31643,2.3301,3.3626,1.5259,1.5985,3.302,0.56984,2.4168,2.8934,3.3291,2.8569,6.2255,1.9324,2.5614,3.9974,2.0421,2.1991,4.6528,2.3995,2.7642,5.0068,1.9122,1.8994,3.8471,1.2897,1.7345,3.716,2.1945,2.1173,4.9843,1.3657,2.6097,3.9213,1.074,3.0595,2.9014,4.7736,2.9209,0.47579,1.3774,2.708,4.4351,1.9185,1.9095,3.8772,1.3293,2.6472,2.9642,0.62003,2.7375,3.2533,1.0256,2.8938,4.2093,0.76087,2.5333,2.7342,0.6775,2.0144,2.9155,0.53139,2.4142,3.3706,1.558,2.1695,4.307,1.4812,2.7178,4.5119,0.53988,1.9942,2.9819,2.0006,1.8384,3.7987,1.1867,1.7778,3.6963,2.2467,2.6637,4.6924,1.3533,1.6362,4.1122,1.3469,2.1501,3.1471,0.60023,2.0149,3.0062,0.52751,2.4272,2.6611,1.6605,2.3554,4.1894,2.2711,2.6524,4.7532,0.56356,2.0205,2.9594,1.5771,1.6843,3.3468,0.35267,3.0575,2.2272,0.67388,2.5471,2.6663,3.0707,2.7442,6.0786,0.14434,2.8831,2.8321,4.6992,2.9207,0.40039,2.2673,2.3393,3.5952,1.2505,3.0268,4.0784,1.3023,2.3864,3.4471,1.0289,3.0526,3.8605,2.321,2.2287,3.7314,1.1815,1.7522,3.6944,2.4385,2.362,4.5921,2.505,2.6915,4.0659,1.3342,2.6716,4.3726,1.906,1.847,3.8294,1.2139,2.691,3.7322,2.3177,2.4357,4.8857,1.6189,2.5644,3.4609,2.1638,2.2359,4.1306,0.76471,1.9288,3.3267,2.2409,2.4116,3.6517,2.257,2.3896,3.6212,2.2406,1.9776,4.9886,2.6006,2.2734,4.7841,2.3293,2.2437,3.7547,1.3607,1.591,3.8794,2.2639,2.6703,4.7342,1.9074,1.8717,3.839,0.77388,2.1126,4.0758,1.5968,1.7557,4.2458,2.2866,2.6662,4.7741,1.4469,2.3891,3.2619,6.0382,2.91,2.3454,1.8445,1.7835,3.5265,1.8725,2.9263,4.1614,2.1052,1.9606,4.8598,1.1996,2.5864,4.3772,1.9574,2.143,4.875,1.6098,1.701,3.9607,1.6061,2.0358,3.3219,1.0912,2.6878,3.6306,0.99348,2.7847,3.8591,1.4602,2.4743,3.8904,1.1657,2.7115,3.6651,1.8145,1.6671,4.0724,0.93939,2.4567,2.827,1.9639,2.1245,4.4458,0.28321,2.7508,3.04,1.0512,1.9343,4.2743,0.98786,2.2999,3.0988,1.6845,2.4047,4.5998,0.95783,2.0372,2.8689,0.72454,1.9669,2.7389,1.5973,1.6887,3.9658,0.95977,2.444,2.8639,1.3455,1.5751,3.8462,2.728,2.5719,4.6022,1.0786,2.1887,3.5876,1.1743,2.7287,3.6944,1.9771,1.9797,4.5007,1.0376,1.9453,4.2599,1.8692,1.6863,3.4693,1.6627,2.5382,3.9976,2.1373,2.5366,4.8793,2.103,2.402,3.6515,1.2797,3.0327,3.4932,1.4568,1.4874,4.1986,0.63724,2.9859,3.6498,1.6109,1.6683,4.2062,0.73078,1.9863,2.7333,0.72539,2.1997,3.9694,2.6473,2.583,4.5143,2.0323,2.0934,3.4082,1.4366,2.8265,3.5757,1.0622,2.2759,3.57,2.5631,2.0474,4.5461,1.4673,1.7172,4.4232,1.5643,2.5733,3.6113,2.0568,2.3613,4.1141,2.6411,2.3391,4.9235,0.53175,2.5208,3.0569
1633.8,0.12065,163.04,14.976,0.14272,713.46,1.4595,1.8045,4.1145,1.271,2.2457,4.2494,1.1604,1.9416,4.2505,2.4438,2.6319,4.2827,0.85967,2.018,4.2902,1.5153,2.5674,3.8966,3.2306,2.8295,6.0956,1.1445,1.9436,4.2459,1.7393,1.6205,4.2165,1.3034,2.2273,4.3106,0.82629,2.0558,4.2095,2.9878,2.8309,4.5679,5.5178,2.6912,1.2511,1.3382,2.6997,3.7239,0.89052,2.136,2.9961,2.5418,2.1394,4.5817,1.4594,1.6313,3.9317,0.63138,2.6301,3.7955,2.0405,1.7673,3.515,1.0973,2.3875,3.1991,0.14467,2.3035,3.3893,1.7607,1.678,3.4143,1.8914,2.7324,4.1532,1.793,1.7281,3.4154,1.4365,1.6085,3.9597,0.38485,2.1755,3.1274,2.1148,2.4089,4.4863,1.4631,1.7041,3.2067,0.82783,1.9538,2.7507,3.2072,2.8363,6.0397,2.0519,1.8033,3.5214,1.0536,2.7255,2.9573,1.8417,2.5926,4.0631,0.6763,1.9404,2.811,1.0555,2.4124,3.1307,1.9302,1.9238,4.5462,1.7302,1.6264,3.8994,0.52206,2.1986,3.7668,1.1867,2.5591,3.7577,0.90986,2.1307,3.1674,2.6738,2.3596,4.4528,2.1658,2.2269,4.7927,1.5118,1.6762,3.9544,1.9061,1.9285,4.5233,1.5216,2.219,3.2508,0.73043,2.173,3.045,2.4561,2.4334,4.4141,1.8862,2.5945,4.7317,1.8361,2.6064,4.6892,2.6667,2.3855,4.4837,1.2762,2.5496,3.8731,1.7568,2.2681,4.3761,1.8566,2.9828,3.7795,0.61916,2.4739,2.5786,1.5075,2.1068,4.6505,2.0319,3.0034,3.9576,0.30835,2.4091,3.3193,1.6639,1.5748,4.0698,0.67325,2.0715,3.026,2.258,2.2626,4.6724,0.77664,2.5484,3.2019,0.91331,2.1447,3.1522,6.2287,2.8876,1.7638,2.0552,2.0369,4.6865,2.6456,2.397,4.4713,2.5522,2.2739,5.0505,1.9484,2.654,4.237,1.0814,1.756,4.0199,4.6555,2.8624,0.51574,0.82949,2.1303,2.9911,1.3102,2.0887,4.3512,1.0235,2.1201,3.4505,2.12,2.676,4.3563,1.7382,1.5387,4.1261,1.2545,2.5329,3.1532,0.78709,2.4858,3.7271,2.0834,1.8628,3.6693,1.5364,2.4723,3.4317,1.5986,2.5749,3.629,1.6133,1.5971,4.2451,1.9119,2.6823,4.3606,1.9877,2.6851,4.4579,3.5081,2.7544,6.256,1.7388,1.5299,4.1203,1.7865,2.0012,3.4616,2.0465,2.9284,4.8602,1.2419,2.5396,3.1993,2.5926,2.4385,4.9252,1.0918,2.6173,4.0432,1.546,2.4549,3.4521,1.1221,1.8483,4.0634,1.6839,1.5469,4.0554,1.7551,1.9969,3.4116,0.26076,2.9186,3.3202,2.9399,2.3015,4.6839,1.3012,1.948,4.223,1.3308,2.6392,3.4873,1.4138,2.4628,3.346,1.8838,1.9104,3.6482,1.9417,2.4746,4.0417,1.035,2.2986,3.1516,2.5474,1.9914,5.1486,1.2657,2.6402,3.4077,1.3595,2.493,3.2862,0.39879,2.9187,3.4446,0.62931,1.8572,2.7771,1.6382,1.9814,4.5216,1.4593,1.7834,4.1488,5.319,2.863,1.6301,0.8126,2.0929,2.8251,1.0816,2.6564,4.0597,2.242,2.518,3.593,2.5285,2.4029,4.8397,2.9005,2.6582,4.5998,2.1088,2.5005,4.458,2.3623,2.1576,4.2697,0.74517,2.0832,3.2542,0.4988,2.4308,3.0636,0.58643,2.1415,3.6983,2.3811,2.4237,4.5001,0.90312,2.4317,3.007,1.2366,1.6201,4.274,1.6632,2.035,3.4074,6.0265,2.6637,1.7664,3.4297,2.9114,0.16024,0.85488,2.3893,3.052,1.6724,1.6183,4.06,1.5147,1.9,3.1733,0.78248,2.4328,2.935,2.1508,2.3275,4.8427,1.2195,2.5639,3.1739,1.0188,1.9523,3.5054,0.42748,1.9752,3.3024,1.734,2.0152,3.3887,2.3888,2.1464,4.2474,2.2152,2.141,5.0085,1.2557,1.6633,3.8434,0.7019,1.9779,2.7921,2.2231,2.1598,5.0422,2.3806,2.2471,4.5704,1.578,2.437,3.9677,4.4371,2.8869,0.36344,1.9576,2.4297,4.0242,0.81234,1.9475,4.1157,1.3267,2.632,4.2947,3.7689,2.8055,0.052033,1.5506,1.6573,3.302,0.22957,2.2986,3.2795,5.0873,2.8946,1.0437,0.69372,2.7352,3.4079,1.3724,2.5342,3.0438,2.1626,2.0871,4.9201,1.4719,2.0267,4.4101,1.5283,1.6305,3.313,1.4168,2.9102,3.3786,0.59187,2.4125,2.9145,0.88179,2.4414,3.0277,0.24335,2.6016,3.3356,1.6549,2.324,4.1833,0.60511,2.423,2.8681,1.0076,2.2824,3.5789,1.3934,1.7659,4.2791,0.31654,2.3313,3.361,1.5258,1.5971,3.3032,0.57721,2.4149,2.9042,3.3457,2.8553,1.5093,1.9278,2.5597,3.9955,2.0468,2.1995,4.6566,2.382,2.7625,4.9863,1.9134,1.8939,3.8432,1.2893,1.7296,3.7177,2.1978,2.1145,4.9844,1.3638,2.6066,3.916,1.0671,3.0584,2.8938,4.7782,2.9161,0.47988,1.3846,2.7086,4.4407,1.92,1.9066,3.8773,1.3345,2.6483,2.9708,0.63226,2.735,3.2677,1.0329,2.8925,4.2161,0.7726,2.5344,2.7436,0.67735,2.0191,2.9127,0.53108,2.4146,3.368,1.5577,2.1677,4.3121,1.4944,2.7188,4.5219,0.53434,1.9964,2.9731,2.0019,1.8351,3.7979,1.1861,1.7731,3.6997,2.2383,2.6603,4.6798,1.3511,1.6414,4.1081,1.3439,2.149,3.1454,0.59782,2.0187,2.9997,0.53168,2.4256,2.6671,1.6656,2.3633,4.1939,2.2615,2.6479,4.7407,0.55892,2.0235,2.9506,1.5777,1.6828,3.3482,0.33674,3.0584,2.2086,0.67797,2.5498,2.6691,3.0832,2.7429,6.0926,0.16169,2.8835,2.852,4.7033,2.9157,0.40438,2.2644,2.3347,3.5868,1.2587,3.0223,4.0891,1.2938,2.3927,3.4405,1.0359,3.0506,3.8707,2.3184,2.2286,3.7271,1.1803,1.7453,3.6983,2.4388,2.3633,4.5934,2.4991,2.694,4.0675,1.3384,2.6714,4.3739,1.9069,1.8397,3.8256,1.2176,2.6857,3.7352,2.3123,2.4331,4.8749,1.6188,2.5618,3.4706,2.164,2.24,4.1336,0.76248,1.9315,3.3225,2.2347,2.4122,3.6457,2.2514,2.3883,3.6125,2.2444,1.9804,4.9923,2.5977,2.2724,4.7835,2.3269,2.2449,3.7519,1.3594,1.5917,3.8815,2.2526,2.6663,4.7195,1.9087,1.8664,3.8352,0.77404,2.1104,4.0829,1.5963,1.7514,4.245,2.2779,2.6628,4.7631,1.447,2.3897,3.262,6.0453,2.9117,2.3542,1.8448,1.7826,3.5294,1.8671,2.9196,4.1537,2.1112,1.9611,4.8659,1.2049,2.5873,4.3838,1.9626,2.1435,4.8764,1.6097,1.6954,3.9604,1.6068,2.0386,3.3184,1.0934,2.6839,3.6319,0.99595,2.7828,3.8588,1.4648,2.4783,3.8941,1.167,2.7074,3.6644,1.8127,1.6601,4.0714,0.94095,2.4569,2.8302,1.969,2.1294,4.4512,0.29701,2.7466,3.0531,1.0484,1.9329,4.2747,0.98877,2.2988,3.1024,1.6886,2.4061,4.6013,0.95582,2.035,2.8695,0.72363,1.9658,2.7385,1.5964,1.6829,3.9657,0.96203,2.4433,2.8696,1.3429,1.5735,3.8473,2.7274,2.5715,4.603,1.0777,2.1935,3.5838,1.177,2.7246,3.6964,1.9772,1.9799,4.5031,1.0349,1.9442,4.2601,1.8707,1.688,3.4707,1.6626,2.541,3.9974,2.1387,2.5358,4.8762,2.0989,2.4041,3.6469,1.2897,3.0295,3.502,1.4576,1.4897,4.1962,0.63427,2.9853,3.6479,1.6108,1.6633,4.2048,0.73015,1.9856,2.7331,0.72777,2.2007,3.971,2.6448,2.5816,4.5139,2.0359,2.0913,3.4075,1.4407,2.8202,3.5799,1.0594,2.2829,3.5641,2.5662,2.0513,4.553,1.4655,1.716,4.424,1.5626,2.5721,3.6149,2.057,2.3661,4.1175,2.6381,2.3375,4.9195,0.53726,2.5208,3.0628
1633.8,0.12065,163.04,14.976,0.15165,727.7,1.4562,1.8011,4.1123,1.2723,2.2464,4.2522,1.1562,1.9387,4.2499,2.4411,2.6303,4.2827,0.85937,2.0166,4.2933,1.5152,2.5711,3.8967,3.2432,2.8278,6.111,1.1401,1.9405,4.2465,1.739,1.6149,4.2142,1.3043,2.227,4.3161,0.82477,2.0556,4.2098,2.9924,2.8306,4.5709,5.508,2.6847,1.2404,1.3406,2.6936,3.7262,0.88637,2.1351,2.9941,2.5464,2.1445,4.5908,1.4578,1.6296,3.933,0.62879,2.6335,3.7889,2.043,1.7672,3.5176,1.0939,2.3859,3.2016,0.13666,2.3044,3.378,1.7593,1.6774,3.416,1.8829,2.7274,4.1429,1.7937,1.7301,3.4168,1.4352,1.6054,3.9615,0.38514,2.177,3.1245,2.1177,2.41,4.4897,1.4619,1.7056,3.2068,0.82758,1.9563,2.7509,3.2205,2.8355,6.0542,2.0557,1.8046,3.5248,1.0576,2.726,2.963,1.8437,2.5933,4.0673,0.67864,1.9436,2.8123,1.0539,2.4105,3.1344,1.9324,1.9238,4.5497,1.7328,1.6238,3.9007,0.52361,2.1979,3.7691,1.1886,2.5639,3.7596,0.90508,2.1335,3.1625,2.6813,2.3622,4.4616,2.1717,2.2303,4.7992,1.5142,1.6773,3.9565,1.908,1.9293,4.5256,1.5235,2.2204,3.2497,0.72415,2.1782,3.0363,2.4588,2.4369,4.4204,1.8827,2.595,4.7207,1.8314,2.6066,4.6787,2.6762,2.3899,4.4979,1.2758,2.5527,3.8695,1.7625,2.2709,4.3813,1.8507,2.9782,3.7727,0.62528,2.4747,2.584,1.5038,2.1105,4.6504,2.0315,2.9991,3.9561,0.30463,2.4099,3.3146,1.6643,1.573,4.069,0.67103,2.0734,3.0221,2.2582,2.2634,4.6725,0.7817,2.5444,3.2114,0.90884,2.1478,3.1467,6.2197,2.8868,1.7534,2.0608,2.0408,4.6939,2.6537,2.4016,4.4838,2.5475,2.2702,5.0433,1.942,2.6434,4.2302,1.0814,1.751,4.0239,4.6563,2.8541,0.51534,0.8265,2.1307,2.9884,1.3111,2.0885,4.3561,1.021,2.1228,3.4473,2.1121,2.6715,4.3471,1.7408,1.5352,4.1244,1.2602,2.5318,3.1563,0.78907,2.489,3.7242,2.0852,1.8594,3.6658,1.5328,2.4749,3.43,1.5973,2.5769,3.6334,1.6109,1.595,4.2445,1.904,2.674,4.3507,1.9835,2.6777,4.4534,3.5182,2.7518,6.2677,1.7413,1.5268,4.1181,1.7925,2.001,3.4634,2.0437,2.9284,4.8581,1.2463,2.5392,3.2049,2.5905,2.4382,4.9217,1.0942,2.6179,4.04,1.5432,2.4564,3.4521,1.1182,1.8492,4.0621,1.6858,1.5437,4.0538,1.759,1.9961,3.4103,0.26128,2.9167,3.3211,2.9437,2.3005,4.6895,1.2999,1.948,4.2242,1.334,2.6377,3.4951,1.4112,2.4636,3.3469,1.887,1.9062,3.6445,1.9423,2.4815,4.0461,1.0315,2.2993,3.15,2.5475,1.989,5.1489,1.2672,2.6389,3.4138,1.3535,2.4947,3.2835,0.40503,2.9165,3.4506,0.62648,1.8596,2.7695,1.6325,1.9793,4.525,1.4591,1.7798,4.1499,5.3056,2.8599,1.6163,0.81146,2.092,2.8263,1.0837,2.6595,4.0579,2.2476,2.5157,3.5928,2.5217,2.3994,4.83,2.909,2.6549,4.6069,2.1074,2.5001,4.4554,2.3639,2.1625,4.2761,0.74133,2.0901,3.245,0.51038,2.4281,3.0761,0.58583,2.1411,3.6978,2.3807,2.4199,4.5051,0.91388,2.4289,3.0181,1.2346,1.623,4.2721,1.6604,2.036,3.4044,6.0116,2.6608,1.7504,3.4405,2.9091,0.1722,0.85685,2.3857,3.0593,1.6729,1.6167,4.0586,1.5162,1.902,3.173,0.78303,2.4314,2.938,2.1504,2.3257,4.8365,1.2232,2.5641,3.1794,1.0196,1.9511,3.5057,0.41988,1.9754,3.3067,1.7361,2.0143,3.3848,2.3898,2.1514,4.252,2.2195,2.1392,5.0094,1.2531,1.6589,3.8451,0.70292,1.978,2.7941,2.2275,2.1593,5.0448,2.3845,2.2507,4.5773,1.5785,2.4437,3.9676,4.4459,2.88,0.37307,1.9582,2.4363,4.0267,0.81071,1.9474,4.1145,1.3368,2.6356,4.2994,3.7829,2.8024,0.066961,1.5525,1.661,3.3032,0.22486,2.2982,3.2723,5.0872,2.888,1.0458,0.69907,2.732,3.4136,1.3771,2.5355,3.046,2.1657,2.0838,4.9185,1.4707,2.0213,4.4138,1.5284,1.6303,3.3147,1.4186,2.9094,3.3785,0.60065,2.4099,2.927,0.88031,2.4402,3.0305,0.24356,2.6005,3.3338,1.6584,2.3288,4.1877,0.61371,2.4216,2.8769,1.004,2.2898,3.5726,1.3933,1.7636,4.2777,0.31664,2.3325,3.3595,1.5257,1.5957,3.3044,0.58431,2.4131,2.9147,3.3618,2.8536,6.0873,1.9232,2.558,3.9937,2.0515,2.1999,4.6603,2.3648,2.7606,4.9659,1.9146,1.8882,3.8394,1.2888,1.7247,3.7195,2.201,2.1117,4.9844,1.3619,2.6035,3.9109,1.0598,3.0575,2.8856,4.7826,2.9113,0.48395,1.3919,2.7092,4.4463,1.9213,1.9037,3.8774,1.3395,2.6493,2.9774,0.64381,2.7324,3.2813,1.0403,2.8912,4.2228,0.78393,2.5356,2.7527,0.67727,2.0238,2.9102,0.53087,2.415,3.3656,1.5575,2.1658,4.3171,1.5073,2.7197,4.5316,0.52889,1.9985,2.9644,2.003,1.8319,3.7972,1.1854,1.7683,3.7031,2.2306,2.6569,4.6682,1.3489,1.6464,4.104,1.3408,2.1481,3.1436,0.5954,2.0225,2.9934,0.5358,2.4242,2.6731,1.6707,2.3713,4.1983,2.2523,2.6436,4.7285,0.55441,2.0264,2.9421,1.5784,1.6815,3.3496,0.32007,3.0591,2.1894,0.68174,2.5524,2.6716,3.0959,2.7415,6.1068,0.17883,2.8837,2.8717,4.7075,2.9108,0.40863,2.2617,2.3301,3.5788,1.2658,3.0179,4.0985,1.2853,2.3986,3.4343,1.0415,3.0487,3.8795,2.3158,2.2285,3.7228,1.1792,1.7384,3.7022,2.4391,2.3645,4.5946,2.4933,2.6963,4.069,1.3425,2.671,4.375,1.9077,1.8323,3.8219,1.2213,2.6805,3.7384,2.3072,2.4306,4.8646,1.6186,2.5594,3.4799,2.1642,2.2442,4.1369,0.7602,1.9343,3.3182,2.2287,2.4129,3.6396,2.2458,2.3871,3.6039,2.248,1.9829,4.9957,2.5948,2.2713,4.7829,2.3244,2.2463,3.7492,1.358,1.5924,3.8834,2.2416,2.6622,4.7052,1.9098,1.8613,3.8315,0.77422,2.1083,4.0899,1.5958,1.7471,4.2442,2.2694,2.6592,4.7523,1.447,2.3903,3.2621,6.0522,2.9134,2.363,1.8453,1.7818,3.5322,1.8622,2.913,4.1464,2.1172,1.9616,4.8717,1.2098,2.588,4.3903,1.9676,2.1441,4.8778,1.6095,1.6899,3.9602,1.6075,2.0413,3.315,1.0954,2.6803,3.633,0.99826,2.7808,3.8586,1.4694,2.4819,3.8979,1.1683,2.7035,3.6636,1.8108,1.6532,4.0705,0.94244,2.457,2.8333,1.9741,2.1343,4.4567,0.3105,2.7424,3.0659,1.0457,1.9313,4.2751,0.98958,2.2977,3.1059,1.6928,2.4075,4.6027,0.95384,2.0328,2.8701,0.72276,1.9646,2.7381,1.5954,1.6773,3.9656,0.96417,2.4427,2.8753,1.3403,1.5719,3.8483,2.7269,2.5709,4.6038,1.0766,2.1984,3.5799,1.18,2.7207,3.6986,1.9773,1.9801,4.5056,1.0323,1.9431,4.2605,1.8721,1.6898,3.4723,1.6625,2.5439,3.9971,2.1401,2.535,4.8731,2.0949,2.4061,3.6421,1.2997,3.0264,3.511,1.4584,1.492,4.1939,0.63103,2.9847,3.6458,1.6108,1.6585,4.2036,0.72954,1.9848,2.7329,0.73011,2.2016,3.9724,2.6425,2.5802,4.5134,2.0394,2.0891,3.407,1.4448,2.8141,3.5841,1.0567,2.2898,3.5581,2.5693,2.0554,4.5599,1.4637,1.7148,4.4247,1.561,2.571,3.6185,2.0574,2.3709,4.1211,2.6351,2.3359,4.9157,0.54263,2.5209,3.0685
1633.8,0.12065,163.04,14.976,0.16057,742.92,1.453,1.7978,4.1102,1.2736,2.247,4.2551,1.1519,1.9359,4.2492,2.4386,2.6288,4.2829,0.85904,2.0154,4.2962,1.5151,2.5746,3.8967,3.2555,2.8261,6.1263,1.1357,1.9375,4.2472,1.7389,1.6096,4.2118,1.3051,2.2268,4.3215,0.82333,2.0553,4.2101,2.9969,2.8301,4.5738,5.4987,2.678,1.2304,1.3426,2.6886,3.7278,0.88228,2.1343,2.992,2.551,2.1494,4.5999,1.4562,1.6282,3.9342,0.62587,2.6369,3.7819,2.0456,1.7671,3.5203,1.0902,2.3845,3.2032,0.12852,2.3053,3.3663,1.7578,1.6767,3.4179,1.8755,2.7229,4.1336,1.7944,1.7318,3.418,1.4338,1.6024,3.9629,0.3855,2.1784,3.1218,2.1204,2.4111,4.4928,1.4609,1.7072,3.207,0.82725,1.9585,2.7511,3.2339,2.8345,6.069,2.0596,1.8058,3.5281,1.0616,2.7267,2.9689,1.8455,2.594,4.0714,0.68092,1.9467,2.8138,1.0521,2.4086,3.1376,1.9348,1.9237,4.5532,1.7353,1.6214,3.9021,0.52539,2.1972,3.7717,1.191,2.5683,3.7621,0.90052,2.136,3.158,2.6885,2.3647,4.4701,2.1775,2.2333,4.8054,1.5165,1.6781,3.9586,1.9099,1.93,4.528,1.5254,2.2218,3.2487,0.71829,2.1828,3.0282,2.4611,2.4398,4.4263,1.879,2.5955,4.7096,1.8269,2.607,4.6683,2.6856,2.3939,4.5119,1.2753,2.5553,3.8659,1.7681,2.2737,4.3864,1.8452,2.9737,3.7665,0.63119,2.4754,2.5891,1.5,2.1143,4.6499,2.0314,2.9949,3.9548,0.30106,2.4104,3.3101,1.6646,1.5714,4.0681,0.66892,2.0752,3.0186,2.2583,2.2641,4.6726,0.78619,2.5405,3.2204,0.90472,2.1506,3.1417,6.2114,2.886,1.7437,2.0668,2.0446,4.7012,2.6615,2.4058,4.4961,2.5433,2.2666,5.0369,1.9365,2.6337,4.2243,1.0814,1.7461,4.0278,4.6571,2.8461,0.51499,0.82361,2.1312,2.9859,1.312,2.0882,4.3608,1.0185,2.1255,3.444,2.1046,2.6671,4.3384,1.7434,1.5317,4.1228,1.2656,2.5308,3.1592,0.79103,2.4921,3.7213,2.0873,1.8561,3.6623,1.5292,2.4774,3.4286,1.5964,2.579,3.638,1.6085,1.5932,4.2439,1.8967,2.6662,4.3413,1.9796,2.6707,4.4491,3.5281,2.7492,6.2298,1.7439,1.5238,4.1158,1.7987,2.0009,3.4652,2.0409,2.9285,4.8558,1.2503,2.5387,3.21,2.5884,2.438,4.9185,1.0965,2.6185,4.0367,1.5405,2.4579,3.4522,1.1144,1.8499,4.0609,1.6877,1.5408,4.0523,1.763,1.9952,3.4091,0.26177,2.9148,3.3219,2.947,2.2994,4.6945,1.2987,1.9479,4.2255,1.3369,2.6363,3.5023,1.4085,2.4644,3.3479,1.8902,1.9022,3.641,1.9428,2.4877,4.0506,1.0282,2.3001,3.1484,2.5475,1.9867,5.149,1.2687,2.6375,3.4197,1.3476,2.4962,3.2809,0.41114,2.9143,3.4564,0.62385,1.8616,2.7625,1.6268,1.9772,4.5277,1.4589,1.776,4.1508,5.2925,2.8569,1.6025,0.81027,2.0911,2.8274,1.0856,2.6625,4.0559,2.2534,2.513,3.5929,2.5155,2.3961,4.8208,2.9176,2.6513,4.614,2.1063,2.5,4.4532,2.3655,2.1674,4.2826,0.7373,2.0967,3.2359,0.52164,2.4256,3.0883,0.58529,2.1409,3.6973,2.3807,2.4167,4.5101,0.92429,2.4261,3.0289,1.2324,1.626,4.2702,1.6575,2.0369,3.4013,5.9971,2.6579,1.7348,3.4506,2.9067,0.18335,0.85793,2.3825,3.0653,1.6734,1.6152,4.0571,1.5178,1.9041,3.1729,0.78339,2.4301,2.9408,2.1503,2.3241,4.8308,1.2268,2.5646,3.1847,1.0204,1.9498,3.5059,0.41237,1.9756,3.3108,1.7384,2.0131,3.3811,2.3912,2.1566,4.2569,2.2237,2.1374,5.0101,1.2504,1.6547,3.8465,0.70388,1.9781,2.7958,2.2319,2.1586,5.0473,2.3883,2.254,4.5837,1.5788,2.4499,3.9674,4.4545,2.8735,0.38273,1.9589,2.4428,4.0292,0.80917,1.9473,4.1135,1.3465,2.6389,4.3036,3.7964,2.7994,0.081572,1.5546,1.6648,3.3043,0.22054,2.2979,3.2654,5.0875,2.8814,1.0484,0.70387,2.7288,3.4186,1.3815,2.5369,3.0478,2.1689,2.0806,4.9172,1.4692,2.0158,4.4172,1.5285,1.63,3.3162,1.4204,2.9086,3.3782,0.60907,2.4075,2.9391,0.87885,2.4389,3.0333,0.24375,2.5996,3.3319,1.6621,2.3336,4.1922,0.62209,2.4206,2.8855,1.0002,2.2973,3.5662,1.3933,1.7616,4.2762,0.31675,2.3334,3.3579,1.5256,1.5942,3.3056,0.59119,2.4114,2.9247,3.377,2.852,0.043077,1.9186,2.5564,3.9918,2.0561,2.2003,4.664,2.348,2.7587,4.9458,1.9157,1.8825,3.8357,1.2883,1.7199,3.7211,2.2043,2.1089,4.9845,1.36,2.6006,3.906,1.0523,3.0566,2.8775,4.787,2.9065,0.48806,1.3987,2.7097,4.4515,1.9228,1.9008,3.8776,1.3443,2.6502,2.9839,0.65456,2.73,3.2939,1.0474,2.8897,4.2294,0.79502,2.5368,2.7618,0.67736,2.0283,2.908,0.53074,2.4155,3.3633,1.5573,2.1638,4.3222,1.5195,2.7204,4.5407,0.52365,2.0007,2.9558,2.0043,1.8288,3.7967,1.1847,1.7636,3.7066,2.2239,2.654,4.6579,1.3466,1.651,4.1,1.3377,2.147,3.142,0.59293,2.0259,2.9872,0.5399,2.4227,2.6792,1.6759,2.3789,4.2024,2.2438,2.6393,4.717,0.55022,2.0288,2.9341,1.579,1.6801,3.3511,0.30332,3.0597,2.1701,0.68512,2.5553,2.6737,3.1084,2.74,6.1208,0.19593,2.8838,2.8913,4.7117,2.9062,0.41316,2.2595,2.3256,3.5713,1.2716,3.0135,4.1065,1.2776,2.4037,3.4287,1.0466,3.0468,3.8876,2.3133,2.2285,3.7185,1.1778,1.7314,3.706,2.4393,2.3655,4.5954,2.4875,2.6984,4.0705,1.3464,2.6707,4.3759,1.9084,1.8252,3.8185,1.2246,2.6756,3.741,2.303,2.4284,4.8552,1.6179,2.5575,3.4884,2.1645,2.2486,4.1403,0.75786,1.9369,3.314,2.2228,2.4136,3.6336,2.2403,2.3856,3.5953,2.2516,1.9851,4.9987,2.592,2.2703,4.7824,2.3219,2.2476,3.7466,1.3568,1.5932,3.885,2.231,2.6581,4.6913,1.9111,1.8561,3.8279,0.77448,2.1061,4.0968,1.5951,1.743,4.2434,2.2613,2.6559,4.7419,1.4471,2.3909,3.2622,6.0593,2.9149,2.3719,1.846,1.7811,3.5349,1.8574,2.9064,4.1395,2.1231,1.9621,4.8773,1.2145,2.5887,4.3965,1.9727,2.1448,4.8793,1.6094,1.6847,3.96,1.6082,2.044,3.3118,1.097,2.6768,3.6337,1.0003,2.7792,3.8579,1.4738,2.4854,3.9017,1.1692,2.6998,3.6627,1.8091,1.6469,4.0698,0.94387,2.4573,2.8363,1.9794,2.1391,4.4622,0.32372,2.738,3.0784,1.0429,1.9297,4.2754,0.9902,2.2966,3.1091,1.6968,2.409,4.6041,0.95181,2.0308,2.8705,0.72188,1.9638,2.7378,1.5946,1.672,3.9655,0.96613,2.442,2.8807,1.3377,1.5703,3.8494,2.7264,2.5706,4.6047,1.0756,2.2033,3.576,1.1826,2.717,3.7006,1.9774,1.9803,4.5081,1.0298,1.942,4.2608,1.8737,1.6914,3.4739,1.6623,2.5464,3.9969,2.1415,2.5343,4.8701,2.091,2.4083,3.6373,1.3099,3.0231,3.5202,1.4592,1.4944,4.1917,0.62754,2.9842,3.6433,1.6109,1.654,4.2022,0.72894,1.9841,2.7328,0.73241,2.2026,3.9739,2.6401,2.579,4.5132,2.0431,2.0869,3.4066,1.4488,2.8082,3.5887,1.0537,2.2967,3.552,2.5726,2.0594,4.567,1.462,1.7137,4.4255,1.5594,2.5701,3.6222,2.0577,2.3755,4.1248,2.6325,2.3344,4.9123,0.54784,2.521,3.0739
1633.8,0.12065,163.04,14.976,0.16949,757.39,1.4497,1.7945,4.1082,1.275,2.2476,4.2582,1.1477,1.9332,4.2484,2.4359,2.6274,4.2831,0.85866,2.0142,4.299,1.5151,2.578,3.8968,3.2677,2.8242,6.1411,1.1315,1.9345,4.2477,1.7387,1.6044,4.2094,1.306,2.2266,4.3269,0.82194,2.0552,4.2106,3.0011,2.8296,4.5766,5.4896,2.6713,1.2209,1.3443,2.6838,3.7293,0.8782,2.1335,2.9899,2.5557,2.1541,4.6088,1.4545,1.6269,3.9354,0.62285,2.6402,3.7748,2.0483,1.7669,3.523,1.0861,2.3833,3.2044,0.12041,2.3062,3.3548,1.7563,1.6759,3.4197,1.8687,2.7187,4.1253,1.7951,1.7336,3.4193,1.4325,1.5996,3.9643,0.38593,2.1797,3.1192,2.1229,2.412,4.4957,1.4598,1.7088,3.2071,0.8268,1.9605,2.7513,3.2476,2.8335,6.084,2.0637,1.8069,3.5314,1.0658,2.7272,2.9747,1.8475,2.5948,4.0756,0.68307,1.9497,2.8151,1.0502,2.4068,3.1408,1.9372,1.9237,4.5567,1.7378,1.6192,3.9034,0.52729,2.1963,3.7744,1.1934,2.5724,3.7647,0.89607,2.1385,3.1536,2.6957,2.3671,4.4784,2.1834,2.2364,4.8116,1.5189,1.6789,3.9606,1.912,1.9308,4.5302,1.5274,2.2231,3.2477,0.71254,2.1875,3.0204,2.4635,2.4429,4.4322,1.8753,2.596,4.6984,1.8227,2.6073,4.6581,2.6952,2.3979,4.5261,1.2748,2.558,3.8624,1.774,2.2765,4.3915,1.8399,2.9694,3.7604,0.63692,2.4762,2.5941,1.4959,2.118,4.6491,2.0312,2.9905,3.9535,0.29755,2.411,3.3057,1.6649,1.5698,4.0673,0.66683,2.0769,3.0153,2.2583,2.2649,4.6725,0.79043,2.5364,3.2293,0.90085,2.1534,3.1369,6.2035,2.885,1.7345,2.0728,2.0485,4.7086,2.6693,2.4098,4.5082,2.5394,2.2631,5.0307,1.9315,2.6243,4.219,1.0814,1.7411,4.0319,4.6579,2.8383,0.51474,0.82084,2.1317,2.9836,1.3131,2.088,4.3655,1.0161,2.1283,3.4407,2.0974,2.6627,4.3301,1.746,1.5282,4.1211,1.271,2.5297,3.162,0.79302,2.4952,3.7184,2.0892,1.8528,3.659,1.5257,2.4799,3.4273,1.5957,2.5809,3.6429,1.6061,1.5918,4.2433,1.8897,2.6586,4.3323,1.9761,2.6638,4.4451,3.5382,2.7465,3.7266,1.7464,1.5207,4.1135,1.8049,2.0007,3.4672,2.0378,2.9285,4.8533,1.2542,2.5384,3.215,2.5865,2.4378,4.9152,1.0986,2.6191,4.0334,1.5379,2.4593,3.4524,1.1107,1.8505,4.0598,1.6897,1.5379,4.0509,1.7671,1.9941,3.408,0.26256,2.9129,3.3229,2.9503,2.2983,4.6993,1.2974,1.9479,4.2268,1.3397,2.635,3.5095,1.406,2.4654,3.3489,1.8934,1.8982,3.6377,1.9434,2.4936,4.0553,1.025,2.3008,3.1469,2.5473,1.9845,5.1491,1.2702,2.6363,3.4255,1.3418,2.4977,3.2783,0.4171,2.912,3.4622,0.62135,1.8635,2.7556,1.6209,1.9751,4.53,1.4586,1.7725,4.1518,5.2797,2.8538,1.5892,0.80909,2.0903,2.8285,1.0873,2.6655,4.054,2.2592,2.5106,3.5931,2.5094,2.3928,4.8117,2.9261,2.648,4.6212,2.1052,2.5,4.4511,2.3673,2.1723,4.2891,0.73316,2.1031,3.2268,0.53276,2.4232,3.1004,0.58489,2.1407,3.6969,2.3808,2.4137,4.5153,0.93468,2.4233,3.0396,1.2302,1.6292,4.268,1.6546,2.0378,3.3983,5.983,2.6548,1.7197,3.4599,2.9045,0.19381,0.85853,2.3794,3.0706,1.674,1.6136,4.0558,1.5194,1.9061,3.1729,0.78358,2.4288,2.9433,2.1503,2.3224,4.8252,1.2303,2.5651,3.1899,1.0213,1.9486,3.5062,0.40484,1.976,3.3147,1.7406,2.0119,3.3774,2.3925,2.1617,4.2619,2.2278,2.1355,5.0109,1.2476,1.6507,3.8477,0.70476,1.9782,2.7974,2.2362,2.1578,5.0496,2.3921,2.2573,4.5902,1.579,2.456,3.9672,4.4629,2.8671,0.3922,1.9597,2.4493,4.0318,0.80767,1.9473,4.1124,1.3559,2.6422,4.3075,3.8099,2.7963,0.096045,1.5567,1.6688,3.3054,0.21641,2.2975,3.2587,5.0879,2.8749,1.0512,0.70837,2.7258,3.4233,1.3856,2.5382,3.0493,2.1721,2.0776,4.916,1.4678,2.0105,4.4206,1.5285,1.6297,3.3178,1.4221,2.9079,3.3779,0.61724,2.4051,2.9507,0.87736,2.4376,3.036,0.24376,2.5985,3.3298,1.6658,2.3384,4.1968,0.63026,2.4194,2.8939,0.99624,2.3046,3.5596,1.3933,1.7595,4.2746,0.31686,2.3344,3.3564,1.5256,1.5928,3.3067,0.59784,2.4097,2.9346,3.3917,2.8503,0.05737,1.914,2.5549,3.9899,2.0608,2.2006,4.6675,2.3316,2.7566,4.926,1.9168,1.8766,3.8321,1.2878,1.7153,3.7228,2.2074,2.1061,4.9845,1.3581,2.5977,3.901,1.0445,3.0558,2.869,4.7911,2.9016,0.49225,1.4054,2.7102,4.4564,1.9244,1.898,3.8777,1.3492,2.6513,2.9905,0.66476,2.7277,3.306,1.0545,2.8882,4.2358,0.80574,2.5379,2.7703,0.67751,2.0327,2.906,0.53062,2.4161,3.361,1.5571,2.1619,4.3273,1.5317,2.7211,4.5496,0.51847,2.0027,2.9473,2.0055,1.8258,3.7961,1.1838,1.7587,3.71,2.2179,2.6511,4.6483,1.3444,1.6557,4.0961,1.3347,2.1459,3.1402,0.59043,2.0292,2.9811,0.54399,2.4212,2.6852,1.681,2.3867,4.2065,2.2355,2.6351,4.7058,0.54616,2.0311,2.9266,1.5797,1.679,3.3525,0.28596,3.0604,2.1502,0.68819,2.5583,2.6755,3.121,2.7383,6.1348,0.21284,2.8838,2.9106,4.716,2.9016,0.41784,2.2573,2.3212,3.564,1.2767,3.0091,4.1136,1.27,2.4085,3.4233,1.0505,3.0449,3.8945,2.3109,2.2284,3.7144,1.1766,1.7243,3.71,2.4394,2.3665,4.5963,2.4817,2.7002,4.072,1.3502,2.6705,4.3766,1.9092,1.818,3.8154,1.2278,2.6709,3.7438,2.2992,2.4264,4.8462,1.6171,2.5557,3.4966,2.1648,2.2529,4.1437,0.75548,1.9397,3.3096,2.2169,2.4144,3.6277,2.2349,2.3843,3.5866,2.2549,1.9871,5.0015,2.589,2.2694,4.7817,2.3195,2.2489,3.744,1.3555,1.5941,3.8863,2.2206,2.654,4.6777,1.9124,1.8511,3.8242,0.77472,2.1039,4.1037,1.5946,1.7391,4.2426,2.2534,2.6525,4.7317,1.4473,2.3916,3.2624,6.0665,2.9165,2.3807,1.8467,1.7803,3.5375,1.8529,2.8998,4.1329,2.1289,1.9626,4.8828,1.2187,2.5894,4.4026,1.9777,2.1456,4.8807,1.6093,1.6795,3.9598,1.6091,2.0468,3.3088,1.0987,2.6735,3.6342,1.0023,2.7774,3.8572,1.4782,2.4887,3.9057,1.1703,2.6963,3.6616,1.8072,1.6406,4.069,0.94523,2.4575,2.8391,1.9846,2.1439,4.4677,0.33666,2.7336,3.0906,1.0399,1.9282,4.2755,0.99081,2.2956,3.1122,1.7009,2.4103,4.6054,0.94982,2.0288,2.8709,0.72104,1.9629,2.7373,1.5937,1.667,3.9655,0.968,2.4416,2.886,1.3352,1.5685,3.8505,2.726,2.5702,4.6056,1.0743,2.2084,3.5719,1.1853,2.7134,3.7026,1.9776,1.9806,4.5105,1.0274,1.941,4.2613,1.8752,1.6931,3.4755,1.6622,2.5489,3.9966,2.1428,2.5336,4.8671,2.0869,2.4104,3.6326,1.3201,3.0199,3.5293,1.46,1.4966,4.1895,0.62383,2.9835,3.6407,1.6111,1.6498,4.2011,0.72837,1.9833,2.7326,0.73467,2.2037,3.9752,2.6379,2.5778,4.5131,2.0467,2.0848,3.4062,1.4527,2.8024,3.5934,1.0506,2.3036,3.546,2.576,2.0635,4.5742,1.4601,1.7127,4.4263,1.5579,2.5693,3.6259,2.0582,2.3802,4.1284,2.63,2.333,4.909,0.55294,2.5212,3.0792
1633.8,0.12065,163.04,14.976,0.17841,771.35,1.4467,1.7911,4.1062,1.2766,2.2482,4.2612,1.1438,1.9306,4.2476,2.4334,2.626,4.2834,0.85826,2.0131,4.3018,1.5149,2.5814,3.8967,3.2793,2.8223,6.1556,1.1272,1.9317,4.2483,1.7387,1.5992,4.207,1.3067,2.2263,4.3322,0.82064,2.055,4.2111,3.0051,2.8292,4.5791,5.481,2.6646,1.2118,1.3456,2.6796,3.7303,0.87418,2.1326,2.9878,2.5603,2.1587,4.6176,1.4528,1.6255,3.9365,0.61981,2.6435,3.7676,2.0509,1.7667,3.5257,1.0818,2.3823,3.2052,0.11229,2.3071,3.3432,1.7549,1.6751,3.4216,1.8626,2.7147,4.1179,1.7958,1.7352,3.4206,1.4312,1.5971,3.9657,0.38637,2.1809,3.1166,2.1254,2.4129,4.4983,1.4587,1.7102,3.2072,0.82625,1.9622,2.7514,3.2614,2.8323,6.0991,2.0678,1.8079,3.5351,1.0699,2.7279,2.9805,1.8496,2.5955,4.0799,0.6851,1.9526,2.8163,1.048,2.4051,3.1437,1.9396,1.9235,4.5602,1.7403,1.6171,3.9048,0.52933,2.1955,3.7773,1.1959,2.5764,3.7673,0.89175,2.141,3.1493,2.7026,2.3695,4.4863,2.1893,2.2394,4.8181,1.5212,1.6796,3.9625,1.9141,1.9315,4.5326,1.5293,2.2243,3.2466,0.707,2.192,3.013,2.4659,2.4458,4.4382,1.8715,2.5967,4.6871,1.8185,2.6077,4.6479,2.7049,2.4016,4.5403,1.2743,2.5605,3.8589,1.7799,2.2794,4.3967,1.8349,2.9651,3.7548,0.6424,2.477,2.5988,1.4919,2.1218,4.6482,2.0312,2.9862,3.9523,0.29416,2.4114,3.3016,1.6653,1.5682,4.0664,0.66478,2.0784,3.0119,2.2581,2.2656,4.6722,0.79443,2.5325,3.2379,0.89727,2.1559,3.1325,6.1963,2.884,1.726,2.0791,2.0522,4.7159,2.677,2.4133,4.5201,2.5358,2.2596,5.0249,1.9271,2.6154,4.2144,1.0814,1.7361,4.0359,4.6586,2.8307,0.51452,0.81823,2.1322,2.9815,1.3142,2.0878,4.3701,1.0136,2.1311,3.4374,2.0905,2.6585,4.3221,1.7486,1.5244,4.1194,1.2762,2.5288,3.1646,0.79501,2.4981,3.7157,2.0912,1.8494,3.6556,1.5224,2.4824,3.4262,1.5951,2.5829,3.6478,1.6039,1.5905,4.2427,1.8832,2.6511,4.3237,1.9729,2.6572,4.4414,3.5483,2.7437,5.1443,1.7489,1.5177,4.1111,1.8111,2.0004,3.4692,2.0346,2.9285,4.8505,1.2579,2.5382,3.2197,2.5845,2.4376,4.912,1.1006,2.6196,4.0299,1.5353,2.4609,3.4525,1.1071,1.851,4.0588,1.6917,1.5352,4.0493,1.7711,1.9931,3.4072,0.26355,2.911,3.3241,2.9536,2.297,4.704,1.2962,1.9477,4.2281,1.3426,2.6339,3.5165,1.4035,2.4663,3.35,1.8967,1.8943,3.6345,1.9441,2.4994,4.06,1.0217,2.3014,3.1455,2.547,1.9827,5.1491,1.2718,2.6352,3.4313,1.336,2.4993,3.2757,0.42298,2.9097,3.4677,0.61896,1.8653,2.7491,1.6149,1.9731,4.5319,1.4586,1.769,4.1527,5.2673,2.8507,1.5761,0.80793,2.0895,2.8295,1.0889,2.6683,4.0518,2.2652,2.5079,3.5933,2.5035,2.3894,4.8031,2.9346,2.6444,4.6281,2.1043,2.5,4.4491,2.3691,2.1771,4.2955,0.7287,2.1094,3.2173,0.54371,2.4207,3.1122,0.58459,2.1405,3.6965,2.3806,2.4109,4.5199,0.945,2.4204,3.0503,1.2279,1.6323,4.2657,1.6519,2.0385,3.3951,5.9693,2.6518,1.705,3.4687,2.9021,0.20361,0.85869,2.3766,3.0753,1.6745,1.612,4.0544,1.5208,1.9081,3.1728,0.78373,2.4276,2.9457,2.1505,2.3207,4.8198,1.2336,2.5656,3.1949,1.0221,1.9472,3.5065,0.39733,1.9767,3.3188,1.7429,2.0105,3.3736,2.3941,2.1668,4.2671,2.2319,2.1336,5.0115,1.2448,1.6467,3.8488,0.70554,1.9783,2.7989,2.2403,2.157,5.0518,2.3959,2.2605,4.5965,1.5793,2.4619,3.967,4.4709,2.8607,0.4015,1.9606,2.456,4.0345,0.8062,1.9473,4.1113,1.3654,2.6455,4.3116,3.8229,2.7933,0.11028,1.5589,1.6727,3.3065,0.21242,2.2972,3.2522,5.0885,2.8684,1.0542,0.71253,2.7227,3.4276,1.3894,2.5396,3.0506,2.1755,2.0745,4.915,1.4662,2.0051,4.424,1.5285,1.6294,3.3194,1.4238,2.9073,3.3776,0.62528,2.4026,2.9623,0.87581,2.4365,3.0387,0.24361,2.5975,3.3275,1.6695,2.3431,4.2012,0.63813,2.4183,2.902,0.99217,2.3121,3.553,1.3931,1.7575,4.273,0.31691,2.3352,3.3549,1.5254,1.5913,3.308,0.60422,2.4082,2.9441,3.4059,2.8485,0.07142,1.9096,2.5536,3.9882,2.0654,2.2008,4.6711,2.3155,2.7545,4.9067,1.9178,1.8707,3.8285,1.2874,1.7108,3.7244,2.2105,2.1034,4.9846,1.3564,2.5948,3.8962,1.0366,3.0551,2.8603,4.7953,2.8969,0.49645,1.4121,2.7104,4.4613,1.926,1.8952,3.8779,1.354,2.6523,2.9969,0.6743,2.7254,3.3172,1.0615,2.8866,4.2422,0.81607,2.5392,2.7786,0.67772,2.037,2.9042,0.5307,2.4166,3.359,1.5569,2.1596,4.3323,1.5433,2.7217,4.5582,0.5134,2.0047,2.939,2.0066,1.8229,3.7957,1.1831,1.7539,3.7134,2.2125,2.6485,4.6396,1.3422,1.6603,4.0921,1.3317,2.1449,3.1385,0.58794,2.0323,2.9751,0.54803,2.4198,2.6912,1.6862,2.3942,4.2104,2.2278,2.631,4.695,0.54227,2.0333,2.9193,1.5804,1.6778,3.3539,0.26792,3.061,2.1297,0.69094,2.5613,2.677,3.1337,2.7365,6.1489,0.22935,2.8837,2.9296,4.7202,2.8974,0.4226,2.2555,2.3169,3.5569,1.2808,3.0049,4.1197,1.2625,2.4131,3.418,1.0529,3.0431,3.9001,2.3084,2.2285,3.7102,1.1752,1.7173,3.7138,2.4394,2.3674,4.597,2.4759,2.702,4.0734,1.3538,2.6703,4.3772,1.91,1.811,3.8123,1.231,2.6662,3.7464,2.2957,2.4245,4.8377,1.6161,2.5542,3.5045,2.1654,2.2572,4.1473,0.75309,1.9426,3.3052,2.2114,2.4152,3.6218,2.2297,2.3829,3.5782,2.2581,1.989,5.0041,2.5862,2.2683,4.7812,2.317,2.2504,3.7415,1.3543,1.5948,3.8876,2.2105,2.6497,4.6644,1.9136,1.8461,3.8207,0.77499,2.1018,4.1103,1.5939,1.7351,4.2418,2.2457,2.6491,4.7217,1.4474,2.3923,3.2626,6.0736,2.9181,2.3895,1.8476,1.7796,3.5401,1.8489,2.8934,4.1266,2.1347,1.963,4.8881,1.2229,2.5901,4.4084,1.9826,2.1464,4.8821,1.6093,1.6747,3.9596,1.6099,2.0497,3.3058,1.1001,2.6704,3.6348,1.0041,2.7758,3.8563,1.4825,2.4917,3.9096,1.1711,2.6929,3.6604,1.8053,1.6346,4.0683,0.94654,2.4579,2.8419,1.99,2.1487,4.4733,0.3492,2.7292,3.1025,1.0371,1.9266,4.2757,0.99141,2.2947,3.1153,1.7048,2.4115,4.6067,0.94788,2.0268,2.8713,0.72023,1.962,2.7369,1.5928,1.6623,3.9654,0.96975,2.4411,2.8912,1.3326,1.5666,3.8516,2.7255,2.5698,4.6065,1.0731,2.2134,3.5678,1.188,2.7096,3.7047,1.9777,1.9808,4.513,1.0251,1.9399,4.2618,1.8768,1.6947,3.477,1.662,2.5514,3.9963,2.1443,2.5329,4.8644,2.083,2.4125,3.6278,1.3301,3.0167,3.5386,1.4607,1.499,4.1873,0.61995,2.983,3.6378,1.6113,1.6456,4.1998,0.72781,1.9826,2.7326,0.73687,2.2049,3.9765,2.6358,2.5767,4.5131,2.0503,2.0827,3.4059,1.4567,2.7968,3.598,1.0475,2.3102,3.5399,2.5794,2.0674,4.5814,1.4585,1.7118,4.4272,1.5564,2.5685,3.6295,2.0587,2.3848,4.132,2.6276,2.3316,4.9058,0.55785,2.5214,3.0844
1633.8,0.12065,163.04,14.976,0.18733,785.43,1.4436,1.7877,4.1043,1.2784,2.2487,4.2644,1.1398,1.9281,4.2467,2.431,2.6246,4.2837,0.85784,2.0121,4.3043,1.5149,2.5845,3.8967,3.2908,2.8204,6.1698,1.1231,1.9289,4.2488,1.7387,1.5943,4.2046,1.3075,2.226,4.3374,0.81941,2.0549,4.2117,3.0088,2.8287,4.5813,5.473,2.6581,1.2036,1.3466,2.6761,3.7308,0.87021,2.1316,2.9857,2.5649,2.1631,4.6262,1.4509,1.6241,3.9378,0.61667,2.6467,3.7602,2.0534,1.7664,3.5283,1.0771,2.3814,3.2055,0.10412,2.3079,3.3316,1.7534,1.6741,3.4234,1.857,2.7108,4.1112,1.7965,1.7368,3.4219,1.43,1.5946,3.9668,0.38687,2.182,3.1141,2.1276,2.4137,4.5008,1.4576,1.7118,3.2073,0.82561,1.9638,2.7514,3.2755,2.8311,6.1144,2.0722,1.8088,3.5388,1.0739,2.7287,2.9862,1.8517,2.5963,4.0843,0.68703,1.9553,2.8174,1.0458,2.4035,3.1464,1.942,1.9235,4.5637,1.7426,1.6152,3.9062,0.53153,2.1946,3.7803,1.1987,2.5799,3.7703,0.88759,2.1432,3.1452,2.7092,2.3716,4.4937,2.1951,2.2424,4.8244,1.5235,1.6803,3.9642,1.9163,1.9322,4.5348,1.5312,2.2254,3.2456,0.70185,2.1961,3.0062,2.4682,2.4486,4.444,1.8677,2.5974,4.6758,1.8144,2.608,4.6381,2.7147,2.4051,4.5546,1.2738,2.563,3.8554,1.7859,2.2823,4.4018,1.8303,2.961,3.7496,0.6476,2.4778,2.6032,1.4877,2.1256,4.6471,2.0312,2.9819,3.9512,0.29087,2.4117,3.2975,1.6658,1.5666,4.0655,0.66278,2.0797,3.0087,2.2579,2.2662,4.6718,0.79806,2.5286,3.2462,0.89403,2.1581,3.1287,6.1896,2.883,1.718,2.0853,2.0558,4.7232,2.6846,2.4165,4.5317,2.5325,2.256,5.0195,1.9233,2.6074,4.2104,1.0815,1.7313,4.0399,4.659,2.8238,0.51436,0.81575,2.1327,2.9796,1.3155,2.0876,4.3746,1.011,2.1339,3.434,2.0839,2.6543,4.3146,1.7512,1.5206,4.1176,1.2813,2.5278,3.1669,0.79704,2.5009,3.713,2.0932,1.8462,3.6523,1.5191,2.4851,3.4253,1.5948,2.585,3.6531,1.6016,1.5894,4.2421,1.8771,2.6439,4.3156,1.9701,2.6508,4.4381,3.5583,2.7409,0.18372,1.7516,1.5147,4.1088,1.8172,2.0001,3.4713,2.0314,2.9285,4.8477,1.2616,2.5379,3.2241,2.5826,2.4373,4.9089,1.1025,2.6202,4.0264,1.5328,2.4625,3.4528,1.1035,1.8515,4.0577,1.6937,1.5326,4.0479,1.7753,1.992,3.4064,0.26463,2.9091,3.3252,2.9568,2.2957,4.7083,1.2949,1.9476,4.2294,1.3453,2.6331,3.5233,1.401,2.4673,3.3511,1.9001,1.8905,3.6315,1.9449,2.5049,4.0646,1.0186,2.302,3.1442,2.5467,1.9813,5.1493,1.2736,2.6343,3.4373,1.3303,2.5007,3.2732,0.4288,2.9075,3.4732,0.61669,1.8668,2.7428,1.6088,1.9712,4.5331,1.4586,1.7658,4.1535,5.2553,2.8477,1.5633,0.80675,2.0887,2.8304,1.0904,2.671,4.0496,2.2713,2.505,3.5936,2.4982,2.3863,4.7948,2.943,2.6409,4.6351,2.1034,2.5002,4.4472,2.371,2.182,4.3022,0.72391,2.1155,3.2075,0.55436,2.4182,3.1237,0.58436,2.1402,3.6962,2.3803,2.4082,4.5239,0.95503,2.4176,3.0606,1.2254,1.6353,4.2632,1.649,2.0391,3.3921,5.956,2.6486,1.6909,3.4768,2.8999,0.21277,0.85824,2.3739,3.0794,1.6749,1.6104,4.0531,1.5224,1.91,3.1729,0.78382,2.4263,2.9481,2.1507,2.3191,4.8148,1.2368,2.5662,3.1997,1.0229,1.9458,3.507,0.3898,1.9776,3.3231,1.7451,2.0091,3.3699,2.3958,2.172,4.2725,2.2359,2.1316,5.0121,1.2419,1.6428,3.8497,0.70622,1.9783,2.8003,2.2443,2.156,5.0539,2.3994,2.2635,4.6027,1.5794,2.4676,3.9667,4.4788,2.8545,0.41074,1.9614,2.4625,4.0373,0.8048,1.9474,4.1102,1.3747,2.6487,4.3153,3.8356,2.7903,0.12421,1.5611,1.6766,3.3078,0.20869,2.2969,3.2459,5.0894,2.8621,1.0576,0.71632,2.7197,3.4314,1.393,2.5409,3.0517,2.1789,2.0715,4.9141,1.4646,1.9997,4.4275,1.5287,1.6291,3.3209,1.4257,2.9067,3.3772,0.63313,2.4004,2.9736,0.87419,2.4354,3.041,0.24336,2.5965,3.3252,1.6732,2.3478,4.2058,0.64575,2.4172,2.9098,0.98797,2.3194,3.5461,1.3931,1.7555,4.2713,0.3169,2.336,3.3533,1.5253,1.5897,3.3093,0.61036,2.4068,2.9531,3.4199,2.8466,0.087109,1.9053,2.5522,3.9869,2.0699,2.201,4.6745,2.3,2.7522,4.8877,1.9189,1.8646,3.8252,1.2869,1.7064,3.726,2.2137,2.1007,4.9846,1.3546,2.5921,3.8915,1.0284,3.0544,2.8514,4.7991,2.8923,0.50063,1.4186,2.7107,4.4662,1.9274,1.8925,3.8782,1.3586,2.6533,3.0032,0.68318,2.7233,3.3277,1.0685,2.8849,4.2486,0.82609,2.5404,2.7866,0.67803,2.0412,2.9027,0.53103,2.4171,3.3571,1.5566,2.1573,4.3373,1.5547,2.7223,4.5665,0.50848,2.0066,2.9308,2.0077,1.8201,3.7953,1.1823,1.7492,3.7167,2.2078,2.646,4.6317,1.34,1.6647,4.0883,1.3287,2.1437,3.1367,0.58544,2.0352,2.9692,0.55197,2.4183,2.6971,1.6911,2.4015,4.2141,2.2204,2.627,4.6847,0.53862,2.0352,2.9126,1.5811,1.677,3.3554,0.24939,3.0616,2.1087,0.69335,2.5645,2.6781,3.1462,2.7346,6.1627,0.24544,2.8835,2.948,4.7243,2.8934,0.42744,2.2538,2.3127,3.5501,1.2841,3.0008,4.1248,1.2556,2.417,3.4132,1.0546,3.0412,3.9046,2.3061,2.2285,3.7062,1.1738,1.7103,3.7178,2.4395,2.3684,4.5978,2.4703,2.7035,4.075,1.3571,2.6701,4.3777,1.9108,1.804,3.8093,1.2341,2.6618,3.7491,2.2928,2.4228,4.8298,1.6149,2.5529,3.5119,2.1658,2.2617,4.151,0.75071,1.9455,3.3009,2.2059,2.416,3.6159,2.2245,2.3814,3.5698,2.2612,1.9907,5.0064,2.5835,2.2672,4.7806,2.3146,2.2519,3.739,1.3532,1.5956,3.8887,2.2007,2.6454,4.6515,1.9148,1.841,3.8172,0.77527,2.0997,4.1168,1.5933,1.7313,4.241,2.2382,2.6458,4.7121,1.4476,2.393,3.2629,6.0808,2.9195,2.3983,1.8485,1.7788,3.5426,1.8452,2.8869,4.1208,2.1402,1.9633,4.8931,1.2267,2.5906,4.4141,1.9874,2.1472,4.8835,1.6092,1.6699,3.9594,1.6108,2.0524,3.303,1.1014,2.6675,3.6351,1.0059,2.7741,3.8554,1.4867,2.4945,3.9135,1.1719,2.6897,3.6593,1.8035,1.6288,4.0675,0.94782,2.4582,2.8446,1.9953,2.1533,4.4788,0.36136,2.7247,3.1139,1.0343,1.925,4.2759,0.99196,2.2938,3.1183,1.7087,2.4126,4.6079,0.94595,2.0249,2.8715,0.71945,1.9611,2.7366,1.5922,1.6578,3.9654,0.97137,2.4408,2.8963,1.3301,1.5646,3.8529,2.7251,2.5693,4.6074,1.0718,2.2184,3.5638,1.1905,2.7061,3.7067,1.9779,1.981,4.5154,1.0229,1.9388,4.2623,1.8783,1.6961,3.4786,1.6618,2.5536,3.9959,2.1458,2.5323,4.8617,2.0791,2.4146,3.6232,1.3403,3.0135,3.5478,1.4614,1.5014,4.1854,0.61593,2.9824,3.6348,1.6117,1.6417,4.1986,0.72727,1.9818,2.7325,0.73902,2.2061,3.9778,2.6336,2.5755,4.5131,2.0538,2.0807,3.4058,1.4604,2.7915,3.6027,1.0443,2.3168,3.5339,2.5828,2.0714,4.5887,1.4569,1.7112,4.428,1.5551,2.5679,3.6332,2.0592,2.3894,4.1356,2.6252,2.3302,4.9028,0.56258,2.5217,3.0893
1633.8,0.12065,163.04,14.976,0.19625,799.92,1.4406,1.7844,4.1025,1.2801,2.2493,4.2676,1.136,1.9256,4.2457,2.4286,2.6232,4.2842,0.85738,2.0111,4.3068,1.5149,2.5875,3.8966,3.3022,2.8182,6.1836,1.119,1.9263,4.2491,1.7387,1.5896,4.2022,1.308,2.2257,4.3427,0.81825,2.0547,4.2124,3.0125,2.8282,4.5837,5.4653,2.6517,1.1961,1.3473,2.6731,3.7312,0.86633,2.1306,2.9838,2.5694,2.1674,4.6345,1.4491,1.6229,3.9389,0.61337,2.6499,3.7528,2.0561,1.766,3.531,1.072,2.3806,3.2053,0.095928,2.3087,3.3199,1.752,1.6731,3.4252,1.852,2.7073,4.1053,1.7972,1.7383,3.4232,1.4287,1.5924,3.9678,0.38743,2.1831,3.1117,2.1299,2.4145,4.5033,1.4564,1.7134,3.2074,0.82492,1.9651,2.7515,3.29,2.8298,6.1303,2.0765,1.8097,3.5425,1.078,2.7294,2.992,1.8539,2.597,4.0887,0.68882,1.958,2.8185,1.0433,2.402,3.1487,1.9447,1.9234,4.5673,1.745,1.6136,3.9076,0.53389,2.1936,3.7837,1.2016,2.5832,3.7734,0.88361,2.1454,3.1414,2.7155,2.3737,4.5007,2.2009,2.2452,4.8305,1.5259,1.6807,3.9657,1.9187,1.9329,4.5372,1.5334,2.2265,3.2447,0.69719,2.1999,3.0004,2.4703,2.4512,4.4497,1.8638,2.5979,4.6644,1.8104,2.6083,4.6283,2.7244,2.4082,4.5687,1.2733,2.5652,3.852,1.792,2.2851,4.4068,1.8258,2.957,3.7446,0.65257,2.4786,2.6074,1.4835,2.1294,4.6456,2.0312,2.9775,3.9501,0.28769,2.4119,3.2936,1.6661,1.5651,4.0646,0.66086,2.0809,3.0057,2.2576,2.2669,4.6712,0.80123,2.5247,3.2539,0.89111,2.1602,3.1252,6.1833,2.8819,1.7106,2.0916,2.0594,4.7305,2.6917,2.4195,4.5428,2.5296,2.2526,5.0145,1.9203,2.6005,4.2071,1.0815,1.7265,4.0438,4.6595,2.8172,0.5142,0.81339,2.1332,2.9778,1.3167,2.0874,4.3789,1.0084,2.1368,3.4306,2.0777,2.6503,4.3076,1.7539,1.5168,4.1159,1.2863,2.5269,3.1691,0.79906,2.5037,3.7104,2.0954,1.843,3.6491,1.5159,2.4875,3.4247,1.5948,2.5869,3.6585,1.5995,1.5887,4.2415,1.8716,2.6374,4.3081,1.9677,2.6448,4.435,3.5681,2.738,0.026511,1.7542,1.5117,4.1063,1.8234,1.9998,3.4736,2.028,2.9285,4.8446,1.2651,2.5379,3.2284,2.5808,2.4371,4.9058,1.1042,2.6207,4.0227,1.5302,2.464,3.4531,1.0999,1.8519,4.0568,1.6959,1.5301,4.0465,1.7794,1.9908,3.4058,0.26579,2.9072,3.3264,2.9597,2.2943,4.7123,1.2935,1.9474,4.2307,1.3478,2.6324,3.5299,1.3986,2.4682,3.3523,1.9035,1.8867,3.6288,1.9458,2.5098,4.0693,1.0154,2.3026,3.1429,2.5462,1.9799,5.1493,1.2753,2.6334,3.4431,1.3246,2.5021,3.2706,0.43453,2.9051,3.4787,0.61456,1.8682,2.7368,1.6028,1.9693,4.5341,1.4586,1.7626,4.1543,5.2434,2.8446,1.5507,0.80556,2.088,2.8313,1.0916,2.6736,4.0472,2.2774,2.5024,3.5944,2.4932,2.3833,4.7872,2.9513,2.6373,4.6418,2.1027,2.5004,4.4456,2.373,2.187,4.3088,0.71904,2.1211,3.1979,0.56453,2.416,3.1345,0.58423,2.14,3.6958,2.3804,2.4059,4.528,0.96447,2.415,3.0702,1.2228,1.6385,4.2606,1.6461,2.0397,3.3889,5.9432,2.6454,1.6772,3.4842,2.8975,0.22112,0.85713,2.3716,3.0825,1.6754,1.609,4.0519,1.524,1.9121,3.1729,0.78383,2.425,2.9503,2.1513,2.3176,4.8102,1.2399,2.5669,3.2043,1.0237,1.9443,3.5073,0.38234,1.9787,3.3277,1.7476,2.0076,3.3663,2.3977,2.1772,4.2783,2.2399,2.1294,5.0127,1.239,1.639,3.8504,0.7068,1.9782,2.8015,2.2483,2.1549,5.0558,2.403,2.2666,4.6087,1.5796,2.473,3.9662,4.4865,2.8485,0.41996,1.9623,2.469,4.0402,0.8035,1.9474,4.1093,1.3836,2.6518,4.3187,3.8479,2.7873,0.13777,1.5635,1.6807,3.3091,0.2053,2.2965,3.24,5.0904,2.8559,1.0613,0.71972,2.7169,3.4347,1.3963,2.5422,3.0524,2.1824,2.0686,4.9133,1.4627,1.9943,4.431,1.5287,1.6287,3.3224,1.4273,2.9061,3.3767,0.6406,2.398,2.9844,0.8725,2.4342,3.0434,0.24309,2.5955,3.3228,1.6771,2.3523,4.2105,0.65321,2.4162,2.9174,0.98364,2.3266,3.5392,1.3929,1.7536,4.2696,0.31682,2.3367,3.3517,1.5251,1.5881,3.3106,0.6163,2.4055,2.9619,3.4332,2.8447,0.10147,1.9011,2.551,3.9855,2.0745,2.201,4.6779,2.285,2.7498,4.869,1.9199,1.8586,3.8219,1.2864,1.7021,3.7275,2.2168,2.0981,4.9848,1.353,2.5895,3.887,1.0203,3.0539,2.8426,4.8029,2.8877,0.50483,1.4248,2.7108,4.4709,1.9291,1.8897,3.8786,1.3632,2.6543,3.0096,0.69146,2.7212,3.3373,1.0753,2.8832,4.255,0.83581,2.5415,2.7944,0.67845,2.0452,2.9013,0.53143,2.4177,3.3554,1.5564,2.1551,4.3423,1.5655,2.7227,4.5744,0.50377,2.0084,2.9229,2.0088,1.8173,3.7949,1.1814,1.7444,3.7201,2.2038,2.6437,4.6246,1.3376,1.669,4.0846,1.3256,2.1425,3.135,0.58291,2.038,2.9635,0.5559,2.4169,2.7029,1.6961,2.4086,4.2176,2.2135,2.6231,4.675,0.53523,2.0368,2.9063,1.5819,1.6761,3.3569,0.23062,3.0621,2.0876,0.69542,2.5677,2.6788,3.1586,2.7326,6.1762,0.26124,2.8832,2.9661,4.7284,2.8896,0.43237,2.2526,2.3084,3.544,1.2867,2.9968,4.1291,1.249,2.4205,3.4088,1.0556,3.0395,3.9087,2.3037,2.2285,3.7021,1.1724,1.7034,3.7216,2.4395,2.3691,4.5983,2.4647,2.7049,4.0767,1.3604,2.6699,4.3779,1.9115,1.7972,3.8067,1.2369,2.6576,3.7515,2.2903,2.4213,4.8225,1.6136,2.5517,3.5189,2.1664,2.266,4.1548,0.74835,1.9483,3.2965,2.2006,2.4167,3.61,2.2193,2.3799,3.5613,2.2641,1.9922,5.0083,2.5808,2.2662,4.78,2.3121,2.2534,3.7365,1.3522,1.5961,3.8897,2.1914,2.6411,4.639,1.9161,1.836,3.8139,0.77558,2.0976,4.1231,1.5925,1.7276,4.2401,2.2311,2.6424,4.7027,1.4479,2.3937,3.2632,6.0881,2.9209,2.4074,1.8496,1.7781,3.545,1.8417,2.8807,4.1154,2.1457,1.9635,4.8981,1.2303,2.5911,4.4196,1.9921,2.1481,4.8848,1.6092,1.6654,3.9592,1.6118,2.0551,3.3003,1.1026,2.6647,3.6352,1.0075,2.7727,3.8543,1.4908,2.4971,3.9174,1.1726,2.6866,3.658,1.8017,1.6232,4.067,0.94906,2.4587,2.8472,2.0007,2.1579,4.4843,0.37315,2.7201,3.125,1.0314,1.9235,4.2759,0.99246,2.2929,3.1212,1.7126,2.4136,4.6091,0.94402,2.023,2.8717,0.71869,1.9603,2.7361,1.5914,1.6536,3.9653,0.97284,2.4405,2.9011,1.3274,1.5627,3.854,2.7246,2.5689,4.6081,1.0704,2.2235,3.5597,1.1931,2.7027,3.7086,1.9781,1.9813,4.5178,1.0208,1.9376,4.263,1.8798,1.6976,3.4802,1.6616,2.5558,3.9955,2.1473,2.5317,4.8591,2.0753,2.4167,3.6185,1.3503,3.0101,3.5571,1.4621,1.5037,4.1833,0.6118,2.9818,3.6316,1.6122,1.6381,4.1974,0.72674,1.981,2.7323,0.74109,2.2074,3.9789,2.6316,2.5744,4.5134,2.0574,2.0786,3.4056,1.4643,2.7864,3.6077,1.0411,2.3231,3.5279,2.5864,2.0753,4.596,1.4553,1.7106,4.429,1.5538,2.5674,3.6368,2.0597,2.3937,4.1392,2.6231,2.329,4.9,0.56716,2.522,3.0941
1633.8,0.12065,163.04,14.976,0.20517,814.18,1.4377,1.7813,4.1007,1.2819,2.2497,4.2708,1.1324,1.9233,4.2448,2.4264,2.6219,4.2848,0.8569,2.0103,4.3091,1.5148,2.5903,3.8965,3.3132,2.816,6.1971,1.1151,1.9237,4.2495,1.7387,1.5851,4.1999,1.3085,2.2253,4.3478,0.81715,2.0547,4.2131,3.0159,2.8277,4.5857,5.4581,2.6452,1.1892,1.3479,2.6704,3.7313,0.86249,2.1296,2.9818,2.5737,2.1713,4.6427,1.4472,1.6218,3.94,0.61001,2.6528,3.7453,2.0587,1.7656,3.5336,1.0668,2.3801,3.2046,0.087757,2.3094,3.3083,1.7505,1.672,3.4271,1.8475,2.7039,4.1001,1.7979,1.7397,3.4244,1.4276,1.5904,3.9686,0.38801,2.1841,3.1095,2.132,2.4152,4.5054,1.4552,1.715,3.2074,0.82412,1.9663,2.7515,3.3048,2.8284,6.1464,2.0809,1.8105,3.5462,1.0821,2.7302,2.9977,1.8561,2.5977,4.0931,0.69047,1.9605,2.8194,1.0407,2.4006,3.1508,1.9473,1.9233,4.5708,1.7472,1.6121,3.909,0.53638,2.1925,3.787,1.2046,2.5862,3.7766,0.87978,2.1474,3.1379,2.7216,2.3756,4.5073,2.2065,2.2478,4.8367,1.5281,1.681,3.9671,1.921,1.9335,4.5394,1.5354,2.2276,3.2439,0.69282,2.2033,2.9951,2.4723,2.4536,4.4551,1.86,2.5985,4.653,1.8067,2.6085,4.6187,2.7341,2.4111,4.5828,1.2728,2.5672,3.8487,1.7982,2.2878,4.4118,1.8217,2.9533,3.7401,0.65732,2.4794,2.6113,1.4793,2.1332,4.644,2.0312,2.9732,3.9491,0.28458,2.412,3.2899,1.6666,1.5637,4.0638,0.65896,2.0819,3.0028,2.2572,2.2675,4.6706,0.80404,2.521,3.2615,0.88843,2.1621,3.1221,6.1776,2.8809,1.7036,2.0981,2.0627,4.7378,2.6988,2.422,4.5536,2.527,2.2492,5.0099,1.9179,2.5941,4.2044,1.0816,1.7219,4.0477,4.6597,2.8108,0.51405,0.81115,2.1337,2.9762,1.3181,2.0873,4.3831,1.0058,2.1396,3.4273,2.0719,2.6464,4.3009,1.7565,1.5131,4.1143,1.2912,2.5261,3.1711,0.80112,2.5062,3.7079,2.0974,1.8399,3.6461,1.513,2.4899,3.4242,1.595,2.5888,3.6641,1.5974,1.5881,4.241,1.8665,2.631,4.3009,1.9655,2.639,4.4321,3.5779,2.7351,0.035842,1.7568,1.5088,4.1039,1.8298,1.9995,3.4759,2.0244,2.9284,4.8413,1.2684,2.5378,3.2323,2.5791,2.4369,4.9029,1.1058,2.6211,4.019,1.5279,2.4656,3.4535,1.0966,1.8521,4.0559,1.698,1.5278,4.0451,1.7836,1.9897,3.4054,0.26715,2.9053,3.3277,2.9625,2.2929,4.716,1.2922,1.9472,4.232,1.3502,2.6319,3.5365,1.3963,2.4692,3.3535,1.9068,1.8832,3.6262,1.9466,2.5144,4.0738,1.0124,2.3031,3.1417,2.5456,1.9788,5.1493,1.2771,2.6326,3.4488,1.319,2.5034,3.2682,0.44018,2.9028,3.484,0.61254,1.8694,2.7312,1.5969,1.9675,4.5347,1.4587,1.7596,4.1551,5.232,2.8416,1.5384,0.80441,2.0873,2.8322,1.0926,2.676,4.0448,2.2833,2.5,3.5954,2.4888,2.3806,4.78,2.9594,2.6339,4.6483,2.1021,2.5007,4.444,2.375,2.1918,4.3155,0.71411,2.1264,3.1884,0.57437,2.4138,3.145,0.58422,2.1399,3.6956,2.3811,2.404,4.5323,0.97356,2.4127,3.0794,1.2203,1.6417,4.2581,1.6433,2.0401,3.3858,5.9309,2.6422,1.6641,3.4909,2.8953,0.22871,0.85554,2.3695,3.0848,1.6758,1.6077,4.0507,1.5255,1.9141,3.1731,0.78378,2.4237,2.9524,2.152,2.3162,4.806,1.2428,2.5677,3.2087,1.0245,1.9428,3.5077,0.37503,1.9799,3.3321,1.75,2.006,3.3629,2.3998,2.1825,4.2842,2.2438,2.1274,5.0134,1.2362,1.6355,3.8508,0.70723,1.9781,2.8024,2.252,2.1538,5.0576,2.4064,2.2694,4.6145,1.5797,2.4782,3.9658,4.4941,2.8427,0.42908,1.9633,2.4756,4.043,0.80227,1.9474,4.1084,1.3923,2.6547,4.3216,3.8599,2.7844,0.15105,1.5659,1.6847,3.3103,0.20216,2.2962,3.2343,5.0917,2.8497,1.065,0.72285,2.7142,3.4377,1.3993,2.5435,3.053,2.1859,2.0659,4.9127,1.4608,1.989,4.4343,1.5288,1.6283,3.3239,1.4289,2.9056,3.3762,0.64772,2.3959,2.9948,0.87079,2.4332,3.0456,0.24276,2.5945,3.3204,1.6809,2.3567,4.2152,0.6605,2.4153,2.9249,0.9792,2.3338,3.5321,1.3927,1.7517,4.2679,0.31669,2.3373,3.35,1.525,1.5863,3.3119,0.62204,2.4043,2.9704,3.4458,2.8429,0.11525,1.897,2.5498,3.9841,2.0789,2.2011,4.6812,2.2705,2.7474,4.851,1.9208,1.8525,3.8189,1.286,1.698,3.729,2.2198,2.0955,4.9849,1.3514,2.5871,3.8826,1.0119,3.0533,2.8336,4.8063,2.8832,0.509,1.431,2.7109,4.4752,1.9307,1.887,3.8789,1.3676,2.6552,3.016,0.69921,2.7193,3.3464,1.0822,2.8814,4.2613,0.84515,2.5427,2.802,0.67895,2.0491,2.9002,0.53188,2.4182,3.3538,1.5562,2.1527,4.3473,1.576,2.7231,4.582,0.49923,2.01,2.9151,2.0098,1.8147,3.7947,1.1806,1.7397,3.7233,2.2002,2.6416,4.6181,1.3354,1.6731,4.0811,1.3226,2.1412,3.1333,0.5804,2.0405,2.958,0.55979,2.4156,2.7087,1.7008,2.4155,4.2207,2.2069,2.6195,4.6656,0.532,2.0382,2.9004,1.5825,1.6753,3.3584,0.21159,3.0626,2.0662,0.69717,2.571,2.6793,3.1707,2.7307,6.1894,0.27665,2.8828,2.9837,4.7324,2.8861,0.43733,2.2515,2.3045,3.5379,1.2888,2.9929,4.1328,1.2426,2.4235,3.4048,1.056,3.0378,3.9119,2.3015,2.2286,3.6983,1.171,1.6964,3.7254,2.4395,2.3699,4.5989,2.4593,2.7061,4.0783,1.3635,2.6697,4.378,1.9122,1.7904,3.8042,1.2396,2.6538,3.7537,2.2882,2.4199,4.8155,1.6122,2.5509,3.5257,2.167,2.2703,4.1585,0.74601,1.9511,3.2923,2.1955,2.4175,3.6043,2.2144,2.3784,3.5529,2.2668,1.9935,5.0101,2.5782,2.2653,4.7795,2.3096,2.255,3.7341,1.3512,1.5966,3.8905,2.1822,2.6369,4.6268,1.9173,1.8311,3.8107,0.77588,2.0956,4.1294,1.5918,1.7241,4.2393,2.2242,2.6392,4.6935,1.4482,2.3944,3.2635,6.0956,2.9223,2.4164,1.8507,1.7774,3.5472,1.8387,2.8744,4.1103,2.1509,1.9637,4.9027,1.2335,2.5916,4.4249,1.9966,2.149,4.886,1.6092,1.6612,3.959,1.6128,2.0577,3.2978,1.1036,2.6621,3.6352,1.0089,2.7713,3.853,1.4946,2.4995,3.9213,1.1732,2.6838,3.6567,1.7999,1.618,4.0665,0.95027,2.4591,2.8497,2.006,2.1622,4.4897,0.38457,2.7157,3.1358,1.0286,1.9219,4.2759,0.99297,2.292,3.1239,1.7164,2.4144,4.6103,0.94211,2.0213,2.8718,0.71793,1.9595,2.7357,1.5908,1.6497,3.9653,0.97421,2.4403,2.9058,1.3249,1.5608,3.8552,2.724,2.5685,4.6088,1.069,2.2286,3.5556,1.1955,2.6995,3.7104,1.9784,1.9816,4.5202,1.0187,1.9364,4.2636,1.8814,1.6989,3.4817,1.6614,2.5578,3.9951,2.1488,2.5312,4.8567,2.0715,2.4188,3.614,1.3602,3.0069,3.5663,1.4627,1.506,4.1814,0.60759,2.9812,3.6284,1.6127,1.6347,4.1962,0.72622,1.9803,2.7322,0.7431,2.2087,3.9799,2.6297,2.5733,4.5136,2.061,2.0767,3.4057,1.4679,2.7814,3.6127,1.0379,2.3295,3.522,2.5899,2.0791,4.6034,1.4538,1.7103,4.4298,1.5525,2.5669,3.6404,2.0603,2.3979,4.1427,2.6211,2.3278,4.8974,0.57164,2.5223,3.0986
1633.8,0.12065,163.04,14.976,0.21409,827.94,1.4348,1.7781,4.099,1.2839,2.2502,4.2742,1.1288,1.921,4.2438,2.4241,2.6205,4.2855,0.85641,2.0095,4.3114,1.5147,2.5932,3.8963,3.324,2.8138,6.2104,1.1112,1.9211,4.25,1.7388,1.5806,4.1975,1.309,2.2248,4.3528,0.81612,2.0546,4.2139,3.0191,2.8271,4.5876,5.4514,2.639,1.183,1.3483,2.668,3.7312,0.85871,2.1286,2.9798,2.5781,2.1751,4.6506,1.4451,1.6207,3.941,0.60666,2.6558,3.7378,2.0613,1.7652,3.5362,1.0613,2.3798,3.2035,0.079622,2.3101,3.2968,1.7491,1.6708,3.429,1.8433,2.7004,4.0955,1.7986,1.7411,3.4257,1.4264,1.5886,3.9694,0.3886,2.1851,3.1072,2.134,2.416,4.5076,1.4541,1.7167,3.2075,0.82325,1.9672,2.7515,3.3198,2.8269,6.1627,2.0854,1.8112,3.5502,1.0862,2.7311,3.0033,1.8584,2.5985,4.0976,0.69196,1.963,2.8202,1.0379,2.3993,3.1528,1.9501,1.9233,4.5744,1.7494,1.6108,3.9104,0.53894,2.1914,3.7906,1.2078,2.5891,3.78,0.87605,2.1494,3.1343,2.7274,2.3774,4.5135,2.2122,2.2506,4.8429,1.5304,1.6811,3.9684,1.9235,1.9341,4.5417,1.5376,2.2286,3.243,0.68866,2.2067,2.9903,2.4744,2.456,4.4605,1.8561,2.5992,4.6416,1.8029,2.6089,4.6093,2.7439,2.4139,4.5968,1.2722,2.5693,3.8452,1.8044,2.2907,4.4168,1.8179,2.9496,3.7359,0.66184,2.4803,2.615,1.4748,2.1371,4.6421,2.0312,2.9688,3.9481,0.28154,2.412,3.2862,1.667,1.5623,4.0629,0.6571,2.0827,2.9999,2.2566,2.2681,4.6698,0.80656,2.5172,3.2687,0.88595,2.1639,3.1192,6.1724,2.8797,1.6972,2.1044,2.0661,4.7449,2.7057,2.4244,4.5642,2.5246,2.2457,5.0055,1.9157,2.5883,4.2019,1.0816,1.7173,4.0517,4.6598,2.805,0.51391,0.8091,2.1343,2.9748,1.3195,2.0871,4.3873,1.0031,2.1424,3.4238,2.0662,2.6426,4.2945,1.7592,1.5092,4.1126,1.296,2.5252,3.1731,0.80321,2.5088,3.7054,2.0995,1.8368,3.643,1.5102,2.4924,3.424,1.5954,2.5907,3.6698,1.5953,1.5876,4.2405,1.8617,2.625,4.294,1.9636,2.6336,4.4296,3.5876,2.7321,0.044315,1.7596,1.5058,4.1014,1.836,1.999,3.4782,2.0205,2.9283,4.8376,1.2716,2.5377,3.2361,2.5774,2.4367,4.8998,1.1074,2.6214,4.0152,1.5255,2.4672,3.454,1.0932,1.8522,4.055,1.7001,1.5255,4.0437,1.7879,1.9884,3.405,0.26867,2.9033,3.3291,2.9654,2.2914,4.7197,1.2908,1.9469,4.2333,1.3527,2.6314,3.5429,1.394,2.4703,3.3548,1.9103,1.8795,3.6238,1.9475,2.5189,4.0783,1.0094,2.3037,3.1405,2.5449,1.978,5.1493,1.2791,2.6319,3.4546,1.3136,2.5047,3.2658,0.44572,2.9005,3.489,0.6106,1.8705,2.7258,1.5912,1.9658,4.535,1.4588,1.7567,4.1559,5.2209,2.8386,1.5263,0.80327,2.0867,2.833,1.0935,2.6784,4.0422,2.2895,2.4977,3.5973,2.4845,2.3778,4.7732,2.9674,2.6303,4.6545,2.1015,2.5011,4.4425,2.3772,2.1967,4.3222,0.70891,2.1315,3.1786,0.58402,2.4115,3.1552,0.58432,2.1398,3.6955,2.3823,2.4025,4.5369,0.98246,2.4103,3.0884,1.2176,1.6452,4.2552,1.6404,2.0405,3.3827,5.9189,2.6389,1.6513,3.4971,2.893,0.23574,0.85349,2.3675,3.0866,1.6762,1.6063,4.0495,1.5271,1.9161,3.1733,0.78364,2.4223,2.9544,2.1528,2.3148,4.8018,1.2457,2.5686,3.2132,1.0253,1.9411,3.5083,0.36779,1.9815,3.3369,1.7525,2.0044,3.3594,2.4022,2.1876,4.2903,2.2477,2.1252,5.014,1.2332,1.6319,3.8512,0.70758,1.978,2.8033,2.2557,2.1525,5.0593,2.4098,2.2723,4.6202,1.5798,2.4832,3.9652,4.5014,2.837,0.43803,1.9642,2.482,4.046,0.80107,1.9475,4.1076,1.4009,2.6578,4.3246,3.8717,2.7815,0.16413,1.5683,1.6889,3.3117,0.19917,2.296,3.2289,5.0931,2.8437,1.0691,0.72572,2.7114,3.4404,1.4022,2.5448,3.0534,2.1895,2.063,4.9121,1.4587,1.9838,4.4378,1.5288,1.6278,3.3254,1.4306,2.9051,3.3757,0.65471,2.3936,3.005,0.86903,2.4322,3.0477,0.24229,2.5935,3.3177,1.6848,2.3611,4.2197,0.66758,2.4143,2.9321,0.97464,2.3409,3.5249,1.3926,1.7497,4.2662,0.31645,2.3379,3.3483,1.5248,1.5844,3.3133,0.62756,2.4033,2.9786,3.4582,2.8409,0.12864,1.8928,2.5489,3.9828,2.0833,2.201,4.6846,2.2566,2.7449,4.8334,1.9217,1.8463,3.8159,1.2855,1.6939,3.7305,2.2229,2.0929,4.9849,1.3498,2.5847,3.8782,1.0034,3.0528,2.8245,4.8097,2.8787,0.51318,1.437,2.7109,4.4797,1.9323,1.8842,3.8794,1.3721,2.6562,3.0223,0.70646,2.7173,3.3549,1.089,2.8795,4.2677,0.85413,2.5439,2.8092,0.67949,2.053,2.8993,0.53252,2.4188,3.3524,1.5559,2.1502,4.3521,1.5862,2.7235,4.5894,0.49482,2.0117,2.9077,2.0107,1.812,3.7945,1.1797,1.7352,3.7265,2.197,2.6395,4.6121,1.333,1.6773,4.0775,1.3196,2.1399,3.1315,0.57789,2.0429,2.9526,0.5636,2.4142,2.7144,1.7054,2.422,4.2238,2.2006,2.6158,4.6564,0.5289,2.0396,2.8948,1.5832,1.6746,3.3599,0.19192,3.0632,2.0442,0.69862,2.5745,2.6794,3.1826,2.7285,6.2025,0.2916,2.8823,3.0009,4.7363,2.8827,0.44235,2.2506,2.3004,3.532,1.2904,2.9891,4.136,1.2365,2.4265,3.4009,1.0555,3.0361,3.9144,2.2992,2.2287,3.6943,1.1695,1.6895,3.7291,2.4394,2.3706,4.5994,2.4541,2.7071,4.08,1.3664,2.6696,4.378,1.9129,1.7838,3.8019,1.2423,2.6498,3.756,2.2863,2.4186,4.8089,1.6108,2.55,3.5322,2.1676,2.2746,4.1625,0.74372,1.954,3.2881,2.1905,2.4183,3.5985,2.2095,2.3768,3.5445,2.2695,1.9948,5.0117,2.5755,2.2643,4.779,2.307,2.2566,3.7317,1.3503,1.5969,3.8912,2.1734,2.6326,4.615,1.9186,1.8262,3.8075,0.77618,2.0935,4.1354,1.591,1.7206,4.2385,2.2174,2.6359,4.6846,1.4484,2.3951,3.2637,6.103,2.9236,2.4254,1.8519,1.7767,3.5495,1.8359,2.8684,4.1057,2.156,1.9638,4.9072,1.2367,2.592,4.43,2.0011,2.1499,4.8873,1.6093,1.657,3.9589,1.6138,2.0603,3.2952,1.1045,2.6597,3.6351,1.0103,2.7698,3.8517,1.4985,2.5018,3.9252,1.1738,2.681,3.6553,1.798,1.6129,4.0659,0.95149,2.4597,2.8521,2.0113,2.1666,4.4949,0.39558,2.7111,3.1461,1.0257,1.9204,4.2759,0.99348,2.2912,3.1267,1.7202,2.4152,4.6115,0.94024,2.0196,2.8718,0.71722,1.9587,2.7354,1.5901,1.646,3.9653,0.97551,2.4402,2.9103,1.3223,1.5588,3.8564,2.7234,2.5682,4.6095,1.0675,2.2336,3.5515,1.1979,2.6962,3.7122,1.9787,1.9818,4.5226,1.0166,1.9352,4.2643,1.883,1.7003,3.4833,1.6611,2.5599,3.9947,2.1504,2.5307,4.8544,2.0678,2.4209,3.6095,1.3699,3.0035,3.5753,1.4634,1.5083,4.1795,0.6033,2.9806,3.625,1.6133,1.6314,4.1951,0.72572,1.9796,2.7321,0.74505,2.2101,3.9809,2.6277,2.5724,4.514,2.0646,2.0747,3.4057,1.4716,2.7767,3.6176,1.0347,2.3354,3.5163,2.5936,2.0829,4.6106,1.4524,1.71,4.4307,1.5513,2.5666,3.6439,2.061,2.4022,4.1463,2.6191,2.3266,4.8947,0.57595,2.5227,3.1031
1633.8,0.12065,163.04,14.976,0.22301,841.74,1.4319,1.775,4.0972,1.2858,2.2507,4.2775,1.1253,1.9188,4.2428,2.4219,2.6193,4.2862,0.85589,2.0087,4.3135,1.5146,2.5958,3.8961,3.3345,2.8113,6.2233,1.1074,1.9186,4.2503,1.7389,1.5763,4.1951,1.3094,2.2244,4.3577,0.81514,2.0544,4.2148,3.0221,2.8266,4.5893,5.445,2.6329,1.1773,1.3485,2.6659,3.7309,0.85499,2.1275,2.9779,2.5822,2.1788,4.6584,1.4431,1.6195,3.9421,0.60328,2.6587,3.7303,2.0639,1.7648,3.5388,1.0556,2.3794,3.202,0.07152,2.3106,3.2854,1.7476,1.6696,3.4309,1.8395,2.6971,4.0913,1.7992,1.7423,3.427,1.4253,1.5869,3.9701,0.3892,2.1861,3.1051,2.136,2.4167,4.5096,1.453,1.7184,3.2076,0.82233,1.968,2.7515,3.3352,2.8252,6.1794,2.0901,1.8117,3.5542,1.0903,2.732,3.0088,1.8609,2.5993,4.1022,0.69333,1.9655,2.821,1.0351,2.3981,3.1545,1.9528,1.9231,4.5781,1.7514,1.6099,3.9118,0.54159,2.1903,3.7943,1.211,2.5917,3.7834,0.87245,2.1514,3.1311,2.733,2.3792,4.5193,2.2178,2.2532,4.8491,1.5326,1.6811,3.9696,1.926,1.9347,4.544,1.5397,2.2297,3.2421,0.68484,2.2099,2.986,2.4762,2.4583,4.4659,1.8522,2.5998,4.6303,1.7993,2.6091,4.5999,2.7535,2.4165,4.6106,1.2717,2.5713,3.8418,1.8107,2.2936,4.4217,1.8144,2.9462,3.7321,0.66611,2.4811,2.6183,1.4701,2.1411,4.64,2.0313,2.9645,3.9471,0.27857,2.412,3.2826,1.6675,1.561,4.0619,0.65532,2.0834,2.9973,2.256,2.2685,4.6689,0.80864,2.5134,3.2754,0.88368,2.1656,3.1167,6.1676,2.8785,1.6913,2.1108,2.0692,4.7519,2.7122,2.4265,4.5744,2.5224,2.2422,5.0015,1.914,2.5834,4.1998,1.0817,1.7127,4.0556,4.6597,2.7995,0.51371,0.80722,2.1347,2.9737,1.3211,2.0871,4.3913,1.0005,2.1453,3.4204,2.0609,2.6389,4.2886,1.7619,1.5053,4.1107,1.3007,2.5243,3.1749,0.80532,2.5112,3.703,2.1017,1.8337,3.6401,1.5077,2.4948,3.4242,1.596,2.5924,3.6757,1.5932,1.5874,4.24,1.8572,2.6193,4.2875,1.9619,2.6282,4.4272,3.5972,2.729,0.052995,1.7623,1.5026,4.0989,1.8423,1.9987,3.4807,2.0166,2.9281,4.8337,1.2747,2.5378,3.2397,2.5757,2.4365,4.8969,1.1089,2.6219,4.0115,1.5231,2.4688,3.4546,1.09,1.8522,4.0541,1.7023,1.5232,4.0423,1.7921,1.9872,3.4048,0.27028,2.9015,3.3305,2.9681,2.29,4.7231,1.2894,1.9467,4.2346,1.3552,2.6311,3.5493,1.3917,2.4714,3.3561,1.9137,1.876,3.6215,1.9483,2.523,4.0827,1.0063,2.304,3.1394,2.5441,1.9774,5.1494,1.281,2.6312,3.4603,1.3081,2.5059,3.2634,0.45116,2.8981,3.494,0.60878,1.8716,2.7207,1.5856,1.9641,4.5353,1.4591,1.7538,4.1565,5.21,2.8356,1.5147,0.80215,2.0861,2.8339,1.0944,2.6806,4.0396,2.2962,2.4953,3.5994,2.4806,2.3752,4.7667,2.9751,2.6269,4.6604,2.101,2.5016,4.4412,2.3794,2.2013,4.3289,0.70367,2.1363,3.1689,0.59329,2.4095,3.165,0.58451,2.1397,3.6954,2.3838,2.4012,4.5415,0.99092,2.4081,3.0968,1.2149,1.6486,4.2524,1.6375,2.0407,3.3795,5.9074,2.6356,1.6391,3.5024,2.8909,0.242,0.85106,2.3656,3.0879,1.6766,1.6051,4.0484,1.5289,1.9181,3.1737,0.78346,2.4209,2.9563,2.1537,2.3134,4.7979,1.2485,2.5695,3.2175,1.0261,1.9393,3.5088,0.36106,1.983,3.3416,1.755,2.0026,3.3562,2.4047,2.193,4.2966,2.2515,2.1231,5.0146,1.2301,1.6285,3.8514,0.70782,1.9777,2.8039,2.2593,2.1512,5.061,2.4131,2.275,4.6258,1.5798,2.4878,3.9647,4.5086,2.8314,0.44685,1.9653,2.4885,4.049,0.79993,1.9475,4.1068,1.4092,2.6607,4.3272,3.883,2.7786,0.17682,1.5708,1.693,3.3131,0.19644,2.2957,3.2237,5.0947,2.8378,1.0731,0.72827,2.7088,3.4428,1.4047,2.546,3.0535,2.1932,2.0602,4.9116,1.4567,1.9785,4.441,1.529,1.6274,3.3269,1.4323,2.9047,3.3751,0.66135,2.3914,3.0148,0.86722,2.4312,3.0497,0.24179,2.5924,3.3151,1.6886,2.3654,4.2244,0.67449,2.4134,2.9391,0.96999,2.348,3.5177,1.3924,1.7479,4.2644,0.31612,2.3383,3.3465,1.5247,1.5825,3.3147,0.63289,2.4022,2.9865,3.4699,2.839,0.14147,1.8887,2.5481,3.9817,2.0878,2.201,4.6878,2.2432,2.7423,4.8163,1.9225,1.8402,3.8131,1.2851,1.69,3.7319,2.2259,2.0904,4.985,1.3482,2.5824,3.8739,0.99485,3.0524,2.8152,4.8129,2.8743,0.51734,1.4429,2.7108,4.4839,1.934,1.8816,3.8799,1.3764,2.6571,3.0285,0.71319,2.7154,3.3627,1.0958,2.8776,4.274,0.86279,2.545,2.8161,0.68011,2.0567,2.8986,0.53326,2.4192,3.3511,1.5558,2.1476,4.3571,1.5959,2.7237,4.5963,0.49063,2.0133,2.9005,2.0118,1.8095,3.7943,1.1788,1.7306,3.7297,2.1942,2.6377,4.6067,1.3306,1.6812,4.0741,1.3165,2.1387,3.1297,0.57542,2.0451,2.9473,0.56738,2.4128,2.7201,1.7099,2.4285,4.2265,2.1948,2.6122,4.6479,0.52599,2.0408,2.8895,1.5838,1.674,3.3614,0.17207,3.0636,2.0221,0.69977,2.5779,2.6792,3.1942,2.7265,6.215,0.30624,2.8817,3.0176,4.7403,2.8796,0.4474,2.2499,2.2965,3.5265,1.2914,2.9854,4.1387,1.2307,2.4289,3.3973,1.0543,3.0345,3.9159,2.297,2.2288,3.6905,1.1681,1.6827,3.7329,2.4394,2.3712,4.5998,2.4489,2.7082,4.0818,1.3692,2.6695,4.3779,1.9137,1.7774,3.7997,1.2449,2.6462,3.7582,2.2847,2.4176,4.8026,1.6093,2.5494,3.5385,2.1682,2.2788,4.1664,0.74144,1.9569,3.2839,2.1856,2.4191,3.5929,2.2047,2.3752,3.5363,2.2719,1.996,5.0129,2.573,2.2632,4.7784,2.3045,2.2583,3.7293,1.3494,1.5973,3.8919,2.1649,2.6283,4.6035,1.9199,1.8215,3.8044,0.77651,2.0915,4.1414,1.5903,1.7173,4.2377,2.2109,2.6327,4.6758,1.4489,2.3959,3.2641,6.1105,2.9249,2.4344,1.8531,1.7761,3.5515,1.8334,2.8624,4.1013,2.1609,1.9638,4.9114,1.2397,2.5925,4.435,2.0055,2.1509,4.8884,1.6093,1.653,3.9587,1.6149,2.0628,3.2928,1.1053,2.6573,3.635,1.0116,2.7684,3.8503,1.5023,2.5039,3.9289,1.1742,2.6784,3.6539,1.7962,1.6079,4.0654,0.9527,2.4602,2.8546,2.0164,2.1708,4.5003,0.40619,2.7065,3.156,1.0229,1.9187,4.2759,0.99397,2.2905,3.1294,1.724,2.4159,4.6127,0.93838,2.018,2.8718,0.71653,1.958,2.7351,1.5895,1.6426,3.9653,0.9767,2.44,2.9147,1.3198,1.5569,3.8576,2.7229,2.5677,4.6101,1.0659,2.2387,3.5473,1.2003,2.6929,3.714,1.9789,1.982,4.5249,1.0147,1.934,4.2649,1.8846,1.7016,3.4849,1.6609,2.5619,3.9943,2.152,2.5302,4.8521,2.0641,2.423,3.605,1.3795,3.0001,3.5842,1.464,1.5105,4.1777,0.59894,2.9801,3.6216,1.614,1.6282,4.1939,0.72523,1.9789,2.7321,0.7469,2.2116,3.9819,2.6257,2.5714,4.5144,2.0681,2.0728,3.4059,1.4752,2.7722,3.6227,1.0315,2.3413,3.5106,2.5972,2.0867,4.6179,1.451,1.7098,4.4317,1.5501,2.5664,3.6473,2.0616,2.4062,4.1499,2.6172,2.3255,4.8922,0.58014,2.5232,3.1074
1633.8,0.12065,163.04,14.976,0.23193,856.21,1.4292,1.7721,4.0955,1.2878,2.2511,4.2809,1.122,1.9167,4.2418,2.4199,2.618,4.2871,0.85537,2.0081,4.3156,1.5145,2.5984,3.8957,3.3449,2.8089,6.2361,1.1036,1.916,4.2507,1.7391,1.5722,4.1927,1.3096,2.224,4.3625,0.81422,2.0544,4.2158,3.0251,2.826,4.591,5.4391,2.627,1.1723,1.3485,2.6641,3.7305,0.85133,2.1263,2.976,2.5862,2.1822,4.6656,1.4412,1.6186,3.943,0.59981,2.6614,3.7228,2.0665,1.7642,3.5414,1.0497,2.3793,3.2003,0.063485,2.3112,3.2742,1.7462,1.6683,3.4328,1.8361,2.6939,4.0877,1.8,1.7436,3.4283,1.4242,1.5853,3.9706,0.38984,2.1869,3.103,2.1379,2.4174,4.5115,1.4517,1.7201,3.2076,0.82139,1.9687,2.7515,3.3508,2.8235,6.1963,2.0948,1.8123,3.5581,1.0943,2.733,3.0144,1.8633,2.5999,4.1068,0.69458,1.9677,2.8215,1.0321,2.3969,3.156,1.9558,1.9231,4.5818,1.7535,1.609,3.9131,0.54436,2.189,3.798,1.2143,2.594,3.787,0.86902,2.1531,3.1279,2.7383,2.3809,4.5248,2.2233,2.2556,4.855,1.5348,1.6808,3.9707,1.9285,1.9351,4.5462,1.542,2.2306,3.2414,0.68145,2.2125,2.9825,2.478,2.4603,4.4709,1.8483,2.6003,4.6191,1.7958,2.6093,4.5907,2.7626,2.4188,4.6237,1.271,2.573,3.8384,1.8169,2.2963,4.4266,1.8112,2.943,3.7285,0.6701,2.482,2.6215,1.4655,2.145,4.6376,2.0316,2.9602,3.9464,0.27569,2.412,3.2791,1.6678,1.5597,4.0611,0.65361,2.084,2.9948,2.2553,2.2691,4.6677,0.81018,2.5098,3.2816,0.88164,2.1671,3.1144,6.1633,2.8774,1.686,2.1171,2.0722,4.7585,2.7182,2.4283,4.5839,2.5206,2.2388,4.9978,1.9127,2.5791,4.198,1.0817,1.7083,4.0594,4.6593,2.7944,0.51339,0.80547,2.1353,2.9728,1.3227,2.0869,4.3952,0.99779,2.1482,3.4169,2.0559,2.6354,4.2829,1.7645,1.5016,4.109,1.3053,2.5236,3.1765,0.80743,2.5137,3.7007,2.1039,1.8306,3.6372,1.5055,2.4971,3.4247,1.5968,2.5942,3.6819,1.5911,1.5872,4.2396,1.8532,2.6142,4.2815,1.9606,2.6232,4.4251,3.6066,2.726,0.061173,1.7649,1.4995,4.0963,1.8485,1.9982,3.4832,2.0124,2.9279,4.8296,1.2778,2.5378,3.243,2.5742,2.4364,4.8941,1.1102,2.6223,4.0076,1.5209,2.4704,3.4551,1.0869,1.8521,4.0535,1.7045,1.5212,4.041,1.7965,1.9859,3.4048,0.27195,2.8996,3.3318,2.9707,2.2885,4.7263,1.2879,1.9463,4.2358,1.3575,2.6309,3.5555,1.3894,2.4725,3.3574,1.9172,1.8726,3.6194,1.9492,2.5268,4.0871,1.0034,2.3046,3.1383,2.5433,1.977,5.1494,1.2829,2.6306,3.4658,1.3029,2.5071,3.2612,0.45647,2.8958,3.4988,0.60714,1.8724,2.7159,1.58,1.9625,4.5353,1.4591,1.751,4.1573,5.1996,2.8326,1.5033,0.80104,2.0855,2.8347,1.095,2.6828,4.037,2.3027,2.493,3.6015,2.4772,2.3729,4.7608,2.9826,2.6235,4.6659,2.1006,2.502,4.4399,2.3817,2.2061,4.3357,0.69863,2.1405,3.16,0.60201,2.4074,3.1741,0.58477,2.1397,3.6952,2.3853,2.3998,4.546,0.99881,2.4062,3.1046,1.2122,1.6518,4.2496,1.6344,2.0409,3.3763,5.8964,2.6324,1.6275,3.5072,2.8886,0.24744,0.84836,2.3639,3.0886,1.677,1.6039,4.0474,1.5306,1.9201,3.1742,0.78329,2.4195,2.9582,2.1549,2.3121,4.7945,1.2511,2.5705,3.2215,1.0269,1.9376,3.5094,0.35484,1.9844,3.3465,1.7576,2.0009,3.353,2.4077,2.1983,4.3034,2.2553,2.1208,5.0152,1.2271,1.6253,3.8514,0.70797,1.9775,2.8045,2.2629,2.1499,5.0625,2.4163,2.2776,4.6312,1.5798,2.4924,3.9641,4.5155,2.8259,0.45547,1.9663,2.4948,4.052,0.79888,1.9475,4.1061,1.417,2.6635,4.3294,3.894,2.7759,0.18904,1.5734,1.6973,3.3145,0.19402,2.2955,3.2188,5.0964,2.8321,1.0774,0.73047,2.7063,3.4447,1.4072,2.5473,3.0535,2.1969,2.0575,4.9114,1.4546,1.9736,4.4442,1.529,1.6269,3.3283,1.4338,2.9042,3.3743,0.66752,2.3895,3.0238,0.86539,2.4303,3.0517,0.2413,2.5914,3.3125,1.6925,2.3694,4.2289,0.68125,2.4125,2.9461,0.96527,2.3546,3.5104,1.3922,1.746,4.2626,0.3157,2.3387,3.3446,1.5245,1.5805,3.3161,0.63807,2.4013,2.9942,3.4811,2.8371,0.15362,1.8849,2.5474,3.9805,2.0922,2.2008,4.691,2.2305,2.7398,4.7999,1.9234,1.834,3.8105,1.2847,1.6862,3.7332,2.2289,2.088,4.9851,1.3468,2.5803,3.8699,0.98619,3.052,2.806,4.8158,2.87,0.5216,1.4485,2.7106,4.4878,1.9357,1.8789,3.8803,1.3808,2.658,3.0348,0.71946,2.7137,3.3699,1.1023,2.8756,4.28,0.87116,2.5462,2.8229,0.68081,2.0603,2.898,0.53402,2.4198,3.3498,1.5556,2.1449,4.3619,1.6052,2.7239,4.603,0.48672,2.0146,2.8938,2.0126,1.807,3.7943,1.1779,1.7261,3.7328,2.1918,2.6359,4.6017,1.3283,1.685,4.0708,1.3135,2.1373,3.128,0.57299,2.0471,2.9422,0.57112,2.4115,2.7258,1.7141,2.4344,4.2289,2.1893,2.6089,4.6396,0.52327,2.0417,2.8847,1.5845,1.6734,3.3629,0.15233,3.064,2.0002,0.7006,2.5815,2.6787,3.2053,2.7244,6.227,0.32068,2.881,3.0342,4.7441,2.8767,0.45245,2.2493,2.2928,3.5212,1.2922,2.9818,4.1407,1.2251,2.4312,3.3939,1.0525,3.0328,3.917,2.2948,2.2288,3.6866,1.1666,1.6759,3.7365,2.4394,2.3719,4.6004,2.444,2.7091,4.0838,1.3719,2.6693,4.3777,1.9143,1.771,3.7977,1.2472,2.6426,3.7601,2.2834,2.4166,4.7968,1.6078,2.5489,3.5446,2.169,2.283,4.1703,0.73916,1.9596,3.2799,2.1808,2.4198,3.5871,2.2001,2.3735,3.5281,2.2742,1.9969,5.014,2.5705,2.2623,4.778,2.3019,2.2599,3.727,1.3487,1.5973,3.8925,2.1568,2.6241,4.5926,1.9212,1.8166,3.8014,0.77682,2.0895,4.1472,1.5894,1.7141,4.2368,2.2046,2.6296,4.6673,1.4493,2.3966,3.2645,6.1182,2.9262,2.4436,1.8544,1.7753,3.5536,1.8312,2.8566,4.0973,2.1657,1.9638,4.9154,1.2425,2.5929,4.4398,2.0097,2.152,4.8894,1.6095,1.6493,3.9586,1.616,2.0651,3.2905,1.1061,2.655,3.6348,1.0127,2.7671,3.8488,1.5059,2.5059,3.9328,1.1747,2.6759,3.6526,1.7943,1.6033,4.065,0.9539,2.4608,2.8569,2.0216,2.1748,4.5053,0.41633,2.7021,3.1655,1.0201,1.9171,4.2758,0.99441,2.2897,3.132,1.7277,2.4165,4.614,0.93651,2.0163,2.8716,0.71586,1.9572,2.7348,1.5889,1.6394,3.9653,0.9778,2.4401,2.9189,1.3172,1.555,3.8587,2.7221,2.5673,4.6105,1.0642,2.2437,3.5433,1.2026,2.6899,3.7157,1.9793,1.9824,4.5271,1.0127,1.9327,4.2657,1.8863,1.7027,3.4865,1.6605,2.5636,3.9938,2.1537,2.5298,4.85,2.0606,2.4251,3.6006,1.3889,2.9968,3.5931,1.4646,1.5128,4.176,0.59454,2.9795,3.6182,1.6148,1.6253,4.1928,0.72474,1.9782,2.7319,0.74867,2.2132,3.9826,2.624,2.5705,4.5149,2.0716,2.0709,3.4062,1.4786,2.7678,3.6278,1.0284,2.3468,3.5053,2.6008,2.0903,4.625,1.4496,1.7099,4.4325,1.549,2.5662,3.6508,2.0622,2.4101,4.1532,2.6155,2.3245,4.8899,0.58421,2.5236,3.1116
1633.8,0.12065,163.04,14.976,0.24085,870.09,1.4264,1.7693,4.0939,1.2899,2.2515,4.2844,1.1187,1.9146,4.2407,2.4179,2.6168,4.2881,0.85483,2.0075,4.3177,1.5144,2.6009,3.8955,3.3551,2.8064,6.2515,1.0999,1.9135,4.251,1.7394,1.5682,4.1904,1.3098,2.2235,4.3672,0.81336,2.0542,4.2169,3.0278,2.8254,4.5926,5.4336,2.6212,1.1677,1.3485,2.6624,3.7299,0.84771,2.1252,2.974,2.5902,2.1855,4.6728,1.4391,1.6177,3.9439,0.59637,2.6641,3.7152,2.069,1.7636,3.5439,1.0436,2.3793,3.1981,0.055539,2.3116,3.2631,1.7447,1.6669,3.4348,1.8328,2.6907,4.0845,1.8007,1.7449,3.4295,1.4231,1.5839,3.9712,0.39048,2.1877,3.1009,2.1397,2.418,4.5133,1.4505,1.7219,3.2076,0.82043,1.9692,2.7516,3.3666,2.8216,6.2138,2.0994,1.8126,3.5621,1.0985,2.734,3.02,1.8657,2.6006,4.1114,0.69569,1.97,2.8219,1.0291,2.3959,3.1575,1.9587,1.923,4.5854,1.7555,1.6085,3.9145,0.54722,2.1878,3.8019,1.2178,2.596,3.7907,0.86567,2.1548,3.125,2.7434,2.3823,4.5299,2.2288,2.2579,4.8609,1.5369,1.6805,3.9718,1.931,1.9356,4.5485,1.5443,2.2317,3.2406,0.67826,2.2151,2.9793,2.4797,2.4624,4.476,1.8444,2.6009,4.608,1.7923,2.6096,4.5817,2.7716,2.4208,4.6365,1.2704,2.5747,3.8348,1.8232,2.2992,4.4313,1.8082,2.9399,3.7251,0.67389,2.4829,2.6243,1.4607,2.1489,4.6351,2.032,2.9559,3.9457,0.27283,2.4118,3.2756,1.6684,1.5585,4.0603,0.65195,2.0845,2.9924,2.2545,2.2695,4.6665,0.81137,2.5062,3.2874,0.87973,2.1686,3.1124,6.1594,2.8762,1.6812,2.1233,2.075,4.7651,2.724,2.4299,4.593,2.5188,2.2353,4.9943,1.9116,2.5752,4.1965,1.0817,1.7039,4.0632,4.6589,2.7895,0.513,0.80386,2.1359,2.972,1.3244,2.0869,4.3991,0.99505,2.1509,3.4135,2.051,2.6319,4.2775,1.7672,1.4978,4.1072,1.3099,2.5228,3.1782,0.80956,2.516,3.6984,2.106,1.8275,3.6344,1.5034,2.4994,3.4255,1.5979,2.5959,3.6883,1.5889,1.5872,4.2392,1.8492,2.6093,4.2755,1.9593,2.6183,4.4231,3.6158,2.723,0.069326,1.7677,1.4962,4.0935,1.8547,1.9976,3.4857,2.008,2.9275,4.8252,1.2807,2.5379,3.2463,2.5725,2.4362,4.8912,1.1116,2.6225,4.0039,1.5186,2.4718,3.4558,1.0839,1.8518,4.0528,1.7066,1.5192,4.0398,1.8008,1.9846,3.4048,0.27374,2.8978,3.3332,2.9732,2.2869,4.7293,1.2864,1.946,4.2371,1.3599,2.6306,3.5617,1.3874,2.4736,3.3589,1.9205,1.8691,3.6173,1.9501,2.5304,4.0913,1.0005,2.3049,3.1371,2.5425,1.9766,5.1495,1.2848,2.63,3.4713,1.2977,2.5082,3.2589,0.46168,2.8933,3.5034,0.60557,1.8732,2.7113,1.5744,1.9609,4.5351,1.4592,1.7482,4.1581,5.1894,2.8298,1.4922,0.79998,2.0849,2.8355,1.0955,2.6848,4.0344,2.3092,2.4908,3.6035,2.474,2.3706,4.7552,2.9898,2.62,4.6711,2.1003,2.5024,4.4387,2.384,2.2107,4.3423,0.6937,2.1445,3.1514,0.61057,2.4055,3.183,0.58516,2.1396,3.6951,2.3868,2.3984,4.5505,1.0064,2.4044,3.1122,1.2096,1.6553,4.2469,1.6314,2.041,3.3732,5.8859,2.6291,1.6163,3.5111,2.8866,0.25211,0.84551,2.3625,3.089,1.6772,1.6029,4.0463,1.5323,1.9222,3.1747,0.7831,2.418,2.9601,2.1562,2.3107,4.7911,1.2537,2.5716,3.2257,1.0277,1.9357,3.51,0.34897,1.9856,3.3509,1.7603,1.9991,3.3501,2.4109,2.2036,4.3103,2.259,2.1186,5.0159,1.2242,1.6221,3.8515,0.70801,1.9773,2.8049,2.2662,2.1484,5.0639,2.4194,2.2801,4.6364,1.5798,2.4969,3.9636,4.5221,2.8206,0.46389,1.9674,2.501,4.055,0.79787,1.9475,4.1055,1.4246,2.6664,4.3315,3.9046,2.7731,0.20097,1.5761,1.7016,3.316,0.19179,2.2953,3.2141,5.0981,2.8265,1.0817,0.73248,2.7038,3.4465,1.4094,2.5487,3.0532,2.2006,2.0549,4.911,1.4526,1.9689,4.4472,1.5291,1.6264,3.3298,1.4353,2.904,3.3737,0.67336,2.3875,3.0324,0.86357,2.4293,3.0535,0.24076,2.5904,3.3098,1.6964,2.3736,4.2335,0.6879,2.4116,2.9529,0.96049,2.3612,3.503,1.392,1.744,4.2609,0.31523,2.339,3.3427,1.5243,1.5784,3.3176,0.64308,2.4002,3.0017,3.4917,2.8352,0.16522,1.881,2.5468,3.9794,2.0964,2.2006,4.6941,2.2184,2.7372,4.784,1.9242,1.8278,3.808,1.2843,1.6825,3.7344,2.2317,2.0857,4.9852,1.3453,2.5782,3.8659,0.97728,3.0516,2.7965,4.8187,2.8657,0.52592,1.4537,2.7103,4.4913,1.9374,1.8763,3.8808,1.385,2.6589,3.041,0.72532,2.7121,3.3766,1.1087,2.8736,4.286,0.87918,2.5474,2.8293,0.68155,2.0639,2.8976,0.53474,2.4204,3.3484,1.5555,2.1423,4.3666,1.614,2.7241,4.6092,0.48296,2.0159,2.8873,2.0134,1.8047,3.7943,1.1768,1.7216,3.7358,2.1896,2.6342,4.5972,1.326,1.6886,4.0675,1.3106,2.136,3.1263,0.57058,2.049,2.9372,0.57487,2.4102,2.7314,1.7181,2.4404,4.2312,2.1841,2.6056,4.6316,0.52065,2.0426,2.88,1.585,1.6728,3.3646,0.13246,3.0643,1.9782,0.70116,2.5852,2.6779,3.2162,2.7221,6.2389,0.33494,2.8802,3.0506,4.7479,2.874,0.45753,2.2491,2.2891,3.5161,1.2926,2.9784,4.1426,1.2197,2.4333,3.3908,1.05,3.0314,3.9173,2.2926,2.2289,3.6828,1.1651,1.6692,3.74,2.4393,2.3725,4.6008,2.4391,2.7099,4.0858,1.3745,2.6691,4.3773,1.915,1.7648,3.796,1.2495,2.6391,3.7621,2.2822,2.4157,4.7911,1.6061,2.5483,3.5506,2.1698,2.2872,4.1743,0.73689,1.9624,3.2758,2.1763,2.4206,3.5814,2.1956,2.3718,3.5199,2.2763,1.998,5.015,2.568,2.2613,4.7775,2.2993,2.2616,3.7246,1.3479,1.5974,3.893,2.1489,2.6199,4.5819,1.9225,1.8119,3.7985,0.77716,2.0876,4.1529,1.5885,1.7109,4.2359,2.1985,2.6264,4.659,1.4497,2.3974,3.2647,6.1259,2.9274,2.4528,1.8558,1.7745,3.5556,1.8291,2.8508,4.0936,2.1703,1.9636,4.9192,1.2452,2.5932,4.4445,2.0138,2.153,4.8905,1.6097,1.6456,3.9584,1.6172,2.0675,3.2882,1.1068,2.653,3.6344,1.0137,2.7658,3.8471,1.5095,2.5078,3.9365,1.1753,2.6735,3.6512,1.7925,1.5987,4.0646,0.95513,2.4614,2.8592,2.0267,2.1788,4.5103,0.42614,2.6976,3.1745,1.0173,1.9155,4.2756,0.99485,2.2889,3.1345,1.7314,2.417,4.6152,0.93467,2.0149,2.8714,0.71521,1.9563,2.7345,1.5884,1.6363,3.9652,0.97883,2.4401,2.9231,1.3146,1.5531,3.8597,2.7212,2.567,4.6108,1.0626,2.2487,3.5392,1.2047,2.687,3.7172,1.9796,1.9826,4.5294,1.0108,1.9313,4.2665,1.8879,1.7038,3.4879,1.6603,2.5654,3.9934,2.1554,2.5294,4.8481,2.057,2.4271,3.5964,1.398,2.9933,3.6017,1.4651,1.5148,4.1743,0.59007,2.9789,3.6146,1.6156,1.6225,4.1917,0.72426,1.9776,2.7317,0.75036,2.2146,3.9834,2.6221,2.5696,4.5155,2.0752,2.069,3.4064,1.4821,2.7635,3.6329,1.0254,2.3522,3.4999,2.6045,2.0938,4.6321,1.4483,1.71,4.4334,1.548,2.5661,3.6542,2.0628,2.414,4.1567,2.6138,2.3234,4.8876,0.5882,2.524,3.1157
1633.8,0.12065,163.04,14.976,0.24977,883.1,1.4237,1.7667,4.0923,1.2921,2.2519,4.2881,1.1155,1.9125,4.2398,2.4161,2.6155,4.2892,0.85429,2.0068,4.3196,1.5143,2.6034,3.8951,3.3651,2.8039,6.2366,1.0962,1.9111,4.2514,1.7397,1.5643,4.188,1.31,2.2229,4.3718,0.81256,2.0541,4.218,3.0303,2.8249,4.5939,5.4282,2.6155,1.1636,1.3482,2.661,3.7292,0.84414,2.1239,2.9721,2.5941,2.1886,4.6797,1.437,1.6167,3.9448,0.59305,2.6666,3.7079,2.0716,1.763,3.5465,1.0373,2.3793,3.1956,0.047663,2.312,3.2524,1.7432,1.6655,3.4367,1.8298,2.6874,4.0816,1.8014,1.746,3.4308,1.422,1.5825,3.9715,0.3911,2.1885,3.0988,2.1416,2.4187,4.515,1.4493,1.7237,3.2078,0.81946,1.9694,2.7517,3.3826,2.8197,6.2287,2.1044,1.813,3.5665,1.1025,2.7352,3.0254,1.8683,2.6014,4.1163,0.69669,1.9723,2.8222,1.026,2.3948,3.159,1.9617,1.923,4.5892,1.7575,1.6083,3.9159,0.55017,2.1864,3.806,1.2212,2.5981,3.7943,0.8624,2.1566,3.122,2.7483,2.3839,4.5348,2.2344,2.2605,4.8672,1.5388,1.68,3.9729,1.9337,1.9361,4.5508,1.5466,2.2328,3.2399,0.67526,2.2177,2.9764,2.4816,2.4646,4.4813,1.8405,2.6015,4.597,1.7889,2.6099,4.5726,2.7804,2.4229,4.6492,1.2695,2.5765,3.8311,1.8295,2.3021,4.4362,1.8054,2.937,3.7221,0.67741,2.4839,2.6268,1.4557,2.153,4.6321,2.0323,2.9515,3.945,0.26993,2.4116,3.272,1.6687,1.5572,4.0594,0.65037,2.0847,2.9902,2.2535,2.27,4.665,0.81221,2.5026,3.2931,0.87794,2.17,3.1106,6.1562,2.875,1.6771,2.1294,2.0777,4.7714,2.7294,2.4313,4.6018,2.5172,2.2316,4.991,1.9108,2.5718,4.1951,1.0817,1.6994,4.0671,4.6581,2.785,0.51254,0.80255,2.1363,2.9717,1.3261,2.0867,4.4028,0.99227,2.1538,3.4099,2.0462,2.6285,4.2722,1.7699,1.4938,4.1052,1.3143,2.5221,3.1796,0.81169,2.5182,3.696,2.1082,1.8244,3.6315,1.5018,2.5017,3.4268,1.599,2.5975,3.6948,1.5867,1.5873,4.2388,1.8453,2.6044,4.2697,1.9583,2.6135,4.4212,3.6249,2.72,0.077374,1.7705,1.4926,4.0906,1.8609,1.997,3.4881,2.0036,2.927,4.8205,1.2835,2.5379,3.2494,2.571,2.4359,4.8883,1.1128,2.6228,4.0002,1.5164,2.4733,3.4564,1.081,1.8513,4.0523,1.7088,1.5172,4.0385,1.805,1.9832,3.4048,0.27554,2.8959,3.3345,2.9756,2.2855,4.7323,1.2849,1.9457,4.2384,1.3624,2.6303,3.5681,1.3852,2.4746,3.3602,1.9239,1.8658,3.6154,1.9509,2.5339,4.0956,0.99756,2.3053,3.1361,2.5416,1.9764,5.1495,1.2868,2.6294,3.4769,1.2925,2.5093,3.2567,0.46668,2.891,3.508,0.6041,1.8738,2.7069,1.5691,1.9593,4.5351,1.4592,1.7455,4.1587,5.1796,2.8269,1.4815,0.79895,2.0842,2.8363,1.096,2.6868,4.0317,2.3159,2.4889,3.6056,2.4709,2.3684,4.7497,2.9968,2.6167,4.6759,2.1,2.503,4.4374,2.3863,2.2151,4.3489,0.68874,2.1483,3.1427,0.61902,2.4037,3.1919,0.58562,2.1396,3.6952,2.3885,2.3971,4.555,1.0139,2.4025,3.1196,1.207,1.6588,4.2442,1.6284,2.0409,3.37,5.8758,2.6258,1.6057,3.5144,2.8845,0.2561,0.84248,2.361,3.0891,1.6776,1.6017,4.0453,1.5342,1.9241,3.1754,0.78284,2.4164,2.9618,2.1574,2.3094,4.7879,1.2564,2.5728,3.2296,1.0285,1.9337,3.5108,0.34336,1.987,3.3553,1.763,1.9973,3.3471,2.4142,2.209,4.3174,2.2627,2.1163,5.0164,1.2212,1.6191,3.8515,0.70798,1.977,2.8052,2.2695,2.1469,5.0652,2.4225,2.2824,4.6416,1.5797,2.5011,3.963,4.5286,2.8153,0.47207,1.9685,2.5072,4.0579,0.7969,1.9475,4.1049,1.4322,2.6692,4.3336,3.9149,2.7703,0.2126,1.5787,1.7058,3.3174,0.18968,2.2951,3.2095,5.1,2.8209,1.086,0.73421,2.7016,3.4479,1.4115,2.5499,3.0529,2.2043,2.0522,4.9109,1.4507,1.9643,4.4502,1.5292,1.6259,3.3314,1.437,2.9036,3.373,0.67899,2.3858,3.0408,0.86165,2.4285,3.0553,0.2401,2.5894,3.307,1.7002,2.3775,4.238,0.69432,2.4108,2.9597,0.95562,2.3677,3.4957,1.3917,1.7421,4.259,0.31465,2.3393,3.3407,1.5241,1.5764,3.3192,0.64791,2.3993,3.0089,3.5022,2.8332,0.17662,1.8773,2.5463,3.9783,2.1008,2.2004,4.6972,2.2069,2.7347,4.7687,1.9249,1.8217,3.8057,1.284,1.6791,3.7357,2.2345,2.0833,4.9853,1.3439,2.5762,3.8619,0.96803,3.0513,2.7866,4.8212,2.8616,0.53008,1.4587,2.71,4.4948,1.9391,1.8736,3.8814,1.3892,2.6599,3.0471,0.73074,2.7105,3.3827,1.1148,2.8717,4.2918,0.88685,2.5487,2.8355,0.68229,2.0674,2.8971,0.53583,2.4207,3.3476,1.5553,2.1396,4.3713,1.6225,2.7243,4.6151,0.47931,2.0172,2.8809,2.0143,1.8023,3.7943,1.1759,1.7172,3.7387,2.1877,2.6326,4.5929,1.3236,1.6922,4.0644,1.3076,2.1346,3.1246,0.56822,2.0507,2.9323,0.57855,2.4089,2.7371,1.7222,2.446,4.2334,2.1791,2.6025,4.624,0.51815,2.0434,2.8756,1.5857,1.6724,3.3663,0.11215,3.0646,1.9558,0.70149,2.589,2.6768,3.2267,2.7201,6.2476,0.34893,2.8793,3.0667,4.7517,2.8714,0.46266,2.2487,2.2854,3.5109,1.2928,2.975,4.144,1.2144,2.4354,3.3877,1.0464,3.0299,3.9165,2.2906,2.229,3.6789,1.1637,1.6626,3.7435,2.4393,2.3731,4.6013,2.4345,2.7105,4.088,1.3769,2.6691,4.3768,1.9158,1.7587,3.7942,1.2518,2.6356,3.7639,2.2812,2.4149,4.7856,1.6047,2.5479,3.5565,2.1706,2.2913,4.1784,0.73463,1.9651,3.2719,2.1718,2.4213,3.5759,2.1911,2.3702,3.5119,2.2783,1.9988,5.0156,2.5655,2.2602,4.777,2.2968,2.2634,3.7223,1.3474,1.5972,3.8936,2.1415,2.6158,4.5716,1.9238,1.8071,3.7955,0.77749,2.0856,4.1585,1.5877,1.7079,4.235,2.1926,2.6233,4.6507,1.4501,2.3982,3.2651,6.1339,2.9285,2.4622,1.8571,1.7738,3.5576,1.8274,2.8451,4.0902,2.1748,1.9633,4.9227,1.2478,2.5936,4.4489,2.0179,2.154,4.8914,1.6099,1.6422,3.9583,1.6184,2.0697,3.286,1.1076,2.6509,3.6342,1.0147,2.7644,3.8454,1.513,2.5096,3.9402,1.1756,2.6713,3.6499,1.7906,1.5943,4.0642,0.95636,2.4621,2.8616,2.0316,2.1826,4.5152,0.43553,2.6931,3.1832,1.0146,1.914,4.2756,0.99528,2.2883,3.137,1.7351,2.4175,4.6165,0.93286,2.0133,2.8711,0.71461,1.9554,2.7345,1.5879,1.6335,3.9652,0.97979,2.4401,2.9272,1.3121,1.5512,3.8608,2.7204,2.5666,4.6109,1.0609,2.2536,3.5351,1.2068,2.6839,3.7188,1.98,1.9829,4.5315,1.0089,1.93,4.2673,1.8895,1.705,3.4895,1.66,2.5671,3.993,2.1571,2.5291,4.8462,2.0537,2.4291,3.5921,1.4069,2.99,3.6102,1.4656,1.5169,4.1726,0.58557,2.9783,3.611,1.6165,1.6198,4.1906,0.72379,1.9768,2.7316,0.75199,2.2162,3.984,2.6204,2.5687,4.516,2.0785,2.0672,3.4068,1.4854,2.7594,3.6379,1.0224,2.3574,3.4948,2.608,2.0973,4.639,1.447,1.7103,4.4342,1.5469,2.5661,3.6574,2.0635,2.4177,4.1599,2.6121,2.3224,4.8854,0.59206,2.5244,3.1198
1633.8,0.12065,163.04,14.976,0.25869,897.24,1.421,1.7642,4.0906,1.2941,2.2522,4.2916,1.1125,1.9105,4.2389,2.4143,2.6143,4.2905,0.85374,2.0063,4.3215,1.5141,2.6057,3.8946,3.375,2.8012,6.2216,1.0926,1.9086,4.2517,1.74,1.5607,4.1856,1.3102,2.2224,4.3762,0.8118,2.0541,4.2192,3.0328,2.8242,4.5951,5.4234,2.6102,1.1602,1.3479,2.6598,3.7283,0.84064,2.1227,2.9702,2.5977,2.1914,4.6864,1.435,1.6158,3.9456,0.58968,2.6691,3.7004,2.0741,1.7624,3.549,1.031,2.3795,3.193,0.039894,2.3123,3.2418,1.7417,1.6641,3.4387,1.827,2.6843,4.079,1.8021,1.7472,3.4321,1.421,1.5814,3.9718,0.39172,2.1892,3.0967,2.1434,2.4196,4.5168,1.4482,1.7257,3.2078,0.8185,1.9697,2.7519,3.3988,2.8175,6.2439,2.1094,1.8134,3.5708,1.1063,2.7364,3.0306,1.8711,2.6021,4.1212,0.69759,1.9744,2.8224,1.0228,2.3938,3.1601,1.9648,1.9228,4.5931,1.7593,1.6083,3.9171,0.55323,2.1851,3.81,1.2248,2.5999,3.7981,0.85927,2.1582,3.1194,2.753,2.3854,4.5391,2.2399,2.2629,4.8731,1.5407,1.6793,3.9738,1.9363,1.9364,4.5531,1.5492,2.2339,3.2393,0.67269,2.2199,2.9743,2.4831,2.4664,4.4862,1.8366,2.602,4.586,1.7854,2.6101,4.5636,2.7886,2.4247,4.6611,1.2686,2.5781,3.8273,1.836,2.3049,4.4409,1.8025,2.9342,3.7192,0.68062,2.4848,2.6289,1.4506,2.157,4.6291,2.0331,2.9473,3.9449,0.26712,2.4115,3.2685,1.6692,1.5562,4.0585,0.64888,2.0849,2.9882,2.2525,2.2703,4.6636,0.81248,2.4992,3.298,0.87638,2.1711,3.109,6.1534,2.8738,1.6735,2.1354,2.08,4.7774,2.7341,2.4326,4.6097,2.5159,2.2279,4.9879,1.9102,2.5689,4.194,1.0815,1.6951,4.0707,4.6569,2.7811,0.51188,0.80141,2.1368,2.9715,1.3279,2.0867,4.4065,0.98948,2.1565,3.4064,2.0417,2.6253,4.2672,1.7727,1.4901,4.1033,1.3186,2.5214,3.1808,0.81383,2.5205,3.6939,2.1104,1.8214,3.6288,1.5005,2.5037,3.4283,1.6005,2.599,3.7015,1.5844,1.5876,4.2383,1.8421,2.6002,4.2643,1.9575,2.6091,4.4195,3.6338,2.717,0.085067,1.7732,1.4889,4.0878,1.8671,1.9963,3.4907,1.9989,2.9264,4.8159,1.2863,2.5381,3.2522,2.5695,2.4357,4.8855,1.1141,2.6232,3.9966,1.5142,2.4748,3.4572,1.0781,1.8508,4.0518,1.7109,1.5154,4.0372,1.8093,1.9819,3.4051,0.27745,2.8941,3.3359,2.9779,2.2839,4.7349,1.2832,1.9452,4.2397,1.3649,2.6301,3.5743,1.3832,2.4757,3.3619,1.9272,1.8623,3.6136,1.9517,2.537,4.0997,0.99468,2.3056,3.1351,2.5409,1.9761,5.1496,1.2889,2.6289,3.4822,1.2874,2.5103,3.2546,0.47164,2.8886,3.5122,0.60279,1.8743,2.7028,1.5636,1.9579,4.5347,1.4591,1.7428,4.1594,5.1702,2.8242,1.4711,0.79793,2.0837,2.837,1.0963,2.6886,4.029,2.3224,2.4869,3.6077,2.4682,2.3664,4.7448,3.0035,2.6134,4.6804,2.0998,2.5035,4.4364,2.3887,2.2195,4.3555,0.68409,2.1514,3.1349,0.62683,2.4019,3.1998,0.58611,2.1396,3.6953,2.3899,2.3956,4.5592,1.0206,2.4009,3.1263,1.2044,1.6621,4.2417,1.6252,2.0409,3.3668,5.8662,2.6226,1.5956,3.517,2.8826,0.25929,0.83935,2.3597,3.0889,1.6778,1.6008,4.0443,1.5359,1.926,3.1761,0.78261,2.4148,2.9634,2.159,2.3083,4.785,1.2588,2.574,3.2334,1.0292,1.9317,3.5116,0.3385,1.9881,3.3595,1.7658,1.9955,3.3443,2.4181,2.2142,4.325,2.2662,2.114,5.0171,1.2182,1.6161,3.8514,0.70786,1.9765,2.8053,2.2726,2.1452,5.0665,2.4254,2.2847,4.6465,1.5796,2.5051,3.9624,4.5347,2.8102,0.48001,1.9695,2.5131,4.0608,0.79601,1.9475,4.1045,1.4393,2.6719,4.3354,3.9247,2.7677,0.22366,1.5814,1.7101,3.3191,0.18789,2.2949,3.2054,5.102,2.8158,1.0904,0.73561,2.6993,3.4489,1.4132,2.5512,3.0524,2.2081,2.0496,4.9108,1.4486,1.9599,4.4531,1.5294,1.6254,3.3329,1.4386,2.9033,3.3722,0.68412,2.384,3.0485,0.85975,2.4276,3.0569,0.23953,2.5884,3.3044,1.704,2.3812,4.2423,0.70061,2.41,2.9663,0.95078,2.3739,3.4883,1.3915,1.7402,4.2572,0.314,2.3394,3.3388,1.5238,1.5743,3.3207,0.65256,2.3984,3.0159,3.512,2.8313,0.18728,1.8738,2.546,3.9775,2.105,2.2001,4.7002,2.196,2.7321,4.754,1.9256,1.8156,3.8036,1.2835,1.6758,3.7368,2.2373,2.0812,4.9854,1.3425,2.5744,3.8582,0.95883,3.051,2.7769,4.8235,2.8577,0.53412,1.4635,2.7095,4.4978,1.9409,1.871,3.882,1.3932,2.6606,3.0532,0.73574,2.709,3.3884,1.1208,2.8696,4.2974,0.8942,2.55,2.8413,0.68311,2.0706,2.897,0.5369,2.4212,3.3465,1.5553,2.1368,4.376,1.6304,2.7244,4.6205,0.47598,2.0183,2.8752,2.015,1.8,3.7943,1.1749,1.7129,3.7417,2.1861,2.6311,4.5892,1.3213,1.6954,4.0615,1.3047,2.1333,3.1229,0.56596,2.0523,2.9277,0.58213,2.4076,2.7426,1.7259,2.4514,4.2351,2.1746,2.5995,4.6168,0.51583,2.044,2.8715,1.5862,1.672,3.3678,0.09237,3.0649,1.934,0.70147,2.5928,2.6753,3.2366,2.7179,6.2557,0.36262,2.8783,3.0822,4.7554,2.8691,0.46774,2.2487,2.2818,3.5063,1.2924,2.972,4.1448,1.2095,2.437,3.385,1.0424,3.0285,3.9152,2.2886,2.2292,3.6751,1.1622,1.6561,3.747,2.4393,2.3737,4.6018,2.4303,2.7112,4.0904,1.3792,2.6689,4.3763,1.9164,1.7528,3.7926,1.2538,2.6323,3.7657,2.2805,2.4142,4.7805,1.6032,2.5476,3.5621,2.1714,2.2954,4.1824,0.73238,1.9677,3.268,2.1675,2.422,3.5703,2.187,2.3685,3.5042,2.2803,1.9995,5.0161,2.5632,2.2593,4.7765,2.2941,2.2651,3.72,1.3469,1.5967,3.894,2.1345,2.6119,4.5619,1.9251,1.8025,3.7928,0.77783,2.0838,4.164,1.5868,1.7049,4.2341,2.1869,2.6203,4.6429,1.4506,2.399,3.2654,6.1419,2.9296,2.4715,1.8586,1.7731,3.5594,1.8258,2.8398,4.0871,2.1789,1.963,4.926,1.2503,2.5941,4.4533,2.0217,2.155,4.8921,1.6101,1.6389,3.9583,1.6198,2.0718,3.284,1.1081,2.6491,3.6337,1.0156,2.7631,3.8437,1.5164,2.5112,3.944,1.1761,2.6691,3.6485,1.7888,1.5901,4.0639,0.9576,2.4628,2.8639,2.0364,2.1862,4.5198,0.44446,2.6888,3.1914,1.0118,1.9124,4.2753,0.99564,2.2877,3.1393,1.7389,2.4178,4.6179,0.93103,2.0118,2.8708,0.71402,1.9545,2.7343,1.5874,1.6309,3.9652,0.98067,2.4403,2.931,1.3095,1.5494,3.8619,2.7194,2.5662,4.6109,1.0592,2.2586,3.5311,1.2088,2.6812,3.7203,1.9805,1.983,4.5336,1.0072,1.9286,4.268,1.8912,1.706,3.4911,1.6597,2.5687,3.9925,2.1589,2.5286,4.8445,2.0504,2.4312,3.5881,1.4157,2.9865,3.6186,1.4661,1.5189,4.1711,0.5811,2.9777,3.6075,1.6175,1.6173,4.1896,0.72333,1.9761,2.7316,0.75349,2.2179,3.9846,2.6187,2.5679,4.5167,2.082,2.0653,3.4071,1.4887,2.7554,3.6429,1.0195,2.3622,3.49,2.6115,2.1005,4.6457,1.4457,1.7106,4.4349,1.5458,2.5662,3.6605,2.0641,2.4212,4.1631,2.6105,2.3214,4.8832,0.59584,2.5249,3.1236
1633.8,0.12065,163.04,14.976,0.26761,910.84,1.4184,1.762,4.0891,1.2962,2.2526,4.295,1.1095,1.9084,4.2379,2.4126,2.6132,4.2918,0.85318,2.0058,4.3234,1.514,2.608,3.8942,3.3846,2.7986,0.68104,1.0892,1.9062,4.2519,1.7404,1.5573,4.1833,1.3102,2.2218,4.3806,0.81111,2.054,4.2205,3.035,2.8236,4.5963,5.4188,2.6049,1.1571,1.3475,2.6587,3.7274,0.83718,2.1214,2.9683,2.6012,2.1941,4.6926,1.4328,1.6151,3.9465,0.58644,2.6714,3.6931,2.0766,1.7618,3.5515,1.0245,2.3797,3.1901,0.032335,2.3125,3.2316,1.7402,1.6626,3.4406,1.8244,2.6811,4.0767,1.8029,1.7483,3.4334,1.4199,1.5804,3.9719,0.39237,2.1899,3.0948,2.1452,2.4203,4.5185,1.447,1.7276,3.2079,0.81755,1.9698,2.7522,3.4149,2.8154,6.1461,2.1142,1.8136,3.575,1.1104,2.7377,3.0359,1.8738,2.6029,4.126,0.69836,1.9764,2.8225,1.0195,2.3929,3.1612,1.9681,1.9227,4.5968,1.7611,1.6085,3.9183,0.55639,2.1837,3.8143,1.2283,2.6016,3.8018,0.85626,2.1598,3.1169,2.7574,2.3868,4.5432,2.245,2.265,4.8789,1.5427,1.6785,3.9748,1.939,1.9367,4.5553,1.5517,2.235,3.2387,0.67036,2.2221,2.9726,2.4846,2.4682,4.491,1.8328,2.6024,4.5754,1.7821,2.6103,4.5548,2.7964,2.4265,4.6723,1.2677,2.5796,3.8235,1.8424,2.3076,4.4456,1.7996,2.9317,3.7161,0.68362,2.4857,2.6309,1.4454,2.161,4.6259,2.034,2.9431,3.9448,0.26441,2.4113,3.2652,1.6696,1.5551,4.0576,0.64745,2.0849,2.9862,2.2514,2.2706,4.662,0.8123,2.4959,3.3024,0.87494,2.1722,3.1077,6.1511,2.8726,1.6705,2.1412,2.0822,4.7831,2.7383,2.4337,4.6171,2.5147,2.2243,4.9853,1.9098,2.5664,4.193,1.0814,1.6909,4.0743,4.6556,2.7773,0.51099,0.80042,2.1374,2.9715,1.3299,2.0867,4.41,0.98665,2.1593,3.4029,2.0373,2.6222,4.2624,1.7754,1.4864,4.1012,1.3228,2.5208,3.182,0.81594,2.5227,3.6917,2.1126,1.8184,3.6262,1.4994,2.5058,3.4304,1.6021,2.6004,3.7084,1.5821,1.588,4.238,1.8389,2.5961,4.2592,1.9567,2.6049,4.418,3.6425,2.714,0.092628,1.776,1.4851,4.0848,1.8732,1.9955,3.4933,1.994,2.9257,4.8109,1.2888,2.5383,3.2549,2.5681,2.4355,4.8828,1.1154,2.6235,3.9931,1.5121,2.4763,3.458,1.0753,1.8501,4.0514,1.7131,1.5136,4.036,1.8136,1.9806,3.4054,0.27946,2.8922,3.3373,2.9801,2.2824,4.7374,1.2816,1.9447,4.2409,1.3673,2.63,3.5804,1.3811,2.4768,3.3635,1.9306,1.8589,3.6119,1.9526,2.54,4.1037,0.99183,2.3058,3.1341,2.54,1.9759,5.1495,1.291,2.6285,3.4876,1.2824,2.5113,3.2524,0.47643,2.8863,3.5164,0.60156,1.8747,2.699,1.5584,1.9564,4.5343,1.459,1.7402,4.16,5.161,2.8216,1.4609,0.79697,2.0831,2.8379,1.0964,2.6904,4.0264,2.3287,2.4847,3.6097,2.4658,2.3644,4.74,3.0099,2.6102,4.6845,2.0996,2.504,4.4354,2.391,2.2238,4.362,0.67959,2.1544,3.1275,0.63444,2.4003,3.2075,0.58668,2.1395,3.6954,2.3915,2.3943,4.5636,1.0271,2.3994,3.1326,1.2019,1.6656,4.2393,1.622,2.0407,3.3635,5.857,2.6193,1.586,3.519,2.8806,0.2619,0.83609,2.3585,3.0885,1.6781,1.6,4.0434,1.5379,1.928,3.177,0.78233,2.4132,2.965,2.1605,2.3071,4.7823,1.2611,2.5752,3.237,1.03,1.9296,3.5124,0.33409,1.9893,3.3635,1.7687,1.9937,3.3418,2.4221,2.2196,4.3329,2.2697,2.1117,5.0177,1.2153,1.6133,3.8513,0.70764,1.9761,2.8054,2.2757,2.1436,5.0677,2.4284,2.2868,4.6513,1.5796,2.5089,3.9617,4.5407,2.8052,0.48777,1.9705,2.519,4.0638,0.79517,1.9476,4.1041,1.4462,2.6745,4.3369,3.9342,2.7651,0.23447,1.5842,1.7145,3.3207,0.18628,2.2947,3.2014,5.1041,2.8107,1.0948,0.73682,2.6972,3.4497,1.4149,2.5525,3.0516,2.2118,2.0471,4.9107,1.4465,1.9556,4.4557,1.5295,1.6248,3.3344,1.4401,2.9031,3.3713,0.68893,2.3824,3.0557,0.85789,2.4268,3.0586,0.23893,2.5874,3.3018,1.7076,2.3849,4.2467,0.70683,2.4093,2.9728,0.94592,2.3799,3.4809,1.3912,1.7382,4.2552,0.31331,2.3395,3.3367,1.5236,1.5721,3.3222,0.65705,2.3975,3.0226,3.5212,2.8293,0.19745,1.8702,2.5457,3.9767,2.1092,2.1998,4.7033,2.1855,2.7296,4.7397,1.9264,1.8096,3.8016,1.2832,1.6725,3.7379,2.2399,2.0791,4.9854,1.3412,2.5727,3.8545,0.9492,3.0508,2.7666,4.8256,2.8539,0.53816,1.468,2.709,4.5006,1.9427,1.8684,3.8828,1.3973,2.6615,3.0593,0.74044,2.7075,3.3935,1.1266,2.8674,4.3029,0.90128,2.5513,2.8469,0.68396,2.0739,2.8968,0.53784,2.4216,3.3454,1.5553,2.134,4.3806,1.6379,2.7245,4.6257,0.4728,2.0193,2.8695,2.0158,1.7978,3.7944,1.1738,1.7087,3.7446,2.1848,2.6296,4.5857,1.319,1.6986,4.0585,1.3017,2.132,3.1212,0.56374,2.0538,2.9232,0.58571,2.4064,2.7481,1.7294,2.4565,4.2367,2.1702,2.5966,4.6098,0.51361,2.0446,2.8677,1.5867,1.6716,3.3695,0.072557,3.0652,1.9123,0.70123,2.5966,2.6736,3.2459,2.7157,6.1503,0.3763,2.8772,3.0979,4.759,2.8669,0.47282,2.2487,2.2783,3.5016,1.2919,2.9689,4.1455,1.2047,2.4386,3.3823,1.0381,3.0271,3.9136,2.2865,2.2293,3.6714,1.1607,1.6498,3.7504,2.4393,2.3743,4.6023,2.4261,2.7118,4.0929,1.3814,2.6688,4.3757,1.917,1.7471,3.7913,1.256,2.629,3.7673,2.2797,2.4135,4.7755,1.6017,2.5473,3.5677,2.1723,2.2993,4.1865,0.73015,1.9702,3.2642,2.1633,2.4227,3.5648,2.1828,2.3667,3.4964,2.282,2.0003,5.0163,2.5609,2.2583,4.7761,2.2916,2.2669,3.7177,1.3464,1.5962,3.8945,2.1278,2.6079,4.5526,1.9265,1.7979,3.7901,0.77817,2.0819,4.1694,1.5858,1.702,4.2332,2.1813,2.6173,4.6351,1.451,2.3999,3.2657,6.1501,2.9307,2.4811,1.86,1.7724,3.5613,1.8246,2.8345,4.0844,2.183,1.9627,4.9291,1.2527,2.5945,4.4575,2.0254,2.1561,4.8929,1.6104,1.6356,3.9582,1.6211,2.0739,3.282,1.1087,2.6472,3.6333,1.0165,2.7618,3.8418,1.5198,2.5127,3.9475,1.1764,2.667,3.6472,1.7869,1.5862,4.0636,0.95886,2.4635,2.8661,2.0412,2.1898,4.5244,0.45304,2.6844,3.1992,1.0091,1.9108,4.2751,0.99598,2.2871,3.1415,1.7425,2.4181,4.6193,0.92923,2.0104,2.8704,0.71346,1.9536,2.7342,1.587,1.6285,3.9652,0.98149,2.4405,2.9347,1.307,1.5476,3.8629,2.7184,2.5658,4.6109,1.0574,2.2634,3.5272,1.2108,2.6784,3.7217,1.981,1.9832,4.5358,1.0053,1.9272,4.2688,1.8928,1.7069,3.4926,1.6594,2.5702,3.9921,2.1607,2.5282,4.8428,2.0472,2.4333,3.5841,1.4243,2.983,3.6268,1.4666,1.5209,4.1695,0.5766,2.9771,3.6039,1.6185,1.615,4.1886,0.72288,1.9755,2.7314,0.75493,2.2196,3.985,2.617,2.5671,4.5175,2.0854,2.0635,3.4076,1.492,2.7515,3.6479,1.0167,2.3669,3.4852,2.615,2.1037,4.6523,1.4445,1.7111,4.4357,1.5448,2.5663,3.6636,2.0647,2.4246,4.1663,2.609,2.3205,4.881,0.59954,2.5254,3.1274
1633.8,0.12065,163.04,14.976,0.27653,923.85,1.4158,1.7599,4.0875,1.2982,2.253,4.2987,1.1067,1.9066,4.237,2.411,2.6119,4.2933,0.85263,2.0054,4.3251,1.5138,2.6103,3.8937,3.3941,2.7959,0.084403,1.0856,1.9038,4.2521,1.7408,1.5541,4.181,1.3102,2.2214,4.3848,0.81049,2.0539,4.2219,3.0372,2.8229,4.5972,5.4146,2.5998,1.1544,1.347,2.6578,3.7262,0.83376,2.1201,2.9664,2.6046,2.1967,4.6988,1.4308,1.6142,3.9473,0.58342,2.6737,3.686,2.079,1.7611,3.554,1.0179,2.3799,3.187,0.024899,2.3127,3.2218,1.7387,1.6611,3.4427,1.8219,2.678,4.0745,1.8035,1.7494,3.4348,1.4187,1.5794,3.972,0.39299,2.1907,3.0927,2.147,2.4211,4.5202,1.4458,1.7297,3.208,0.81661,1.9697,2.7524,3.4312,2.813,5.7319,2.1194,1.8138,3.5795,1.1143,2.7391,3.0411,1.8767,2.6035,4.1312,0.69903,1.9786,2.8225,1.0162,2.392,3.1624,1.9713,1.9226,4.6008,1.7628,1.6091,3.9196,0.55965,2.1823,3.8187,1.2319,2.6032,3.8056,0.85331,2.1614,3.1145,2.7617,2.3883,4.547,2.2504,2.2673,4.8848,1.5445,1.6776,3.9759,1.9417,1.9369,4.5577,1.5544,2.2363,3.2382,0.66822,2.2242,2.9711,2.4861,2.47,4.496,1.829,2.6028,4.5648,1.7788,2.6105,4.5461,2.8039,2.4281,4.683,1.2665,2.5812,3.8194,1.8489,2.3104,4.4502,1.7967,2.9293,3.713,0.68643,2.4869,2.6326,1.4399,2.165,4.6223,2.0352,2.9389,3.945,0.26166,2.4111,3.2616,1.67,1.5541,4.0567,0.64609,2.0849,2.9845,2.2501,2.2708,4.6603,0.81163,2.4927,3.3064,0.87354,2.1734,3.1064,6.1495,2.8713,1.6682,2.1469,2.0842,4.7885,2.7421,2.4346,4.6239,2.5135,2.2204,4.9828,1.9095,2.5641,4.1921,1.0812,1.6867,4.078,4.6538,2.774,0.50982,0.79974,2.1378,2.9719,1.3318,2.0867,4.4136,0.98379,2.162,3.3994,2.033,2.6191,4.2577,1.7781,1.4826,4.0991,1.3269,2.5201,3.183,0.81804,2.5248,3.6895,2.1148,1.8154,3.6235,1.4988,2.5077,3.4329,1.6039,2.6018,3.7155,1.5796,1.5884,4.2377,1.8358,2.5922,4.254,1.9562,2.6007,4.4165,3.6509,2.7109,0.10004,1.7788,1.481,4.0816,1.8792,1.9948,3.4958,1.989,2.925,4.8056,1.2913,2.5385,3.2574,2.5666,2.4354,4.88,1.1167,2.6238,3.9896,1.51,2.4777,3.4589,1.0726,1.8493,4.0512,1.7152,1.5119,4.0347,1.8179,1.9792,3.4057,0.28148,2.8904,3.3387,2.9822,2.281,4.7398,1.28,1.9443,4.2422,1.3699,2.6298,3.5866,1.3792,2.4779,3.3651,1.9338,1.8556,3.6103,1.9534,2.5428,4.1078,0.989,2.306,3.1332,2.5392,1.9757,5.1496,1.293,2.6281,3.493,1.2775,2.5124,3.2504,0.48097,2.8839,3.5203,0.60045,1.875,2.6953,1.5531,1.955,4.5339,1.4589,1.7377,4.1607,5.1521,2.819,1.4511,0.79606,2.0826,2.8387,1.0965,2.6921,4.0238,2.3349,2.4827,3.6116,2.4634,2.3625,4.7355,3.0161,2.607,4.6883,2.0994,2.5045,4.4345,2.3934,2.228,4.3684,0.67514,2.1572,3.1202,0.64187,2.3987,3.2151,0.58727,2.1395,3.6956,2.3932,2.3931,4.5681,1.0334,2.3979,3.1388,1.1995,1.6692,4.2369,1.6187,2.0405,3.3603,5.8483,2.6161,1.5768,3.5204,2.8788,0.2639,0.8327,2.3573,3.0879,1.6783,1.5991,4.0425,1.5397,1.9298,3.178,0.78199,2.4116,2.9664,2.1621,2.3059,4.7797,1.2635,2.5766,3.2407,1.0308,1.9274,3.5135,0.33009,1.9905,3.367,1.7716,1.9919,3.3394,2.4264,2.225,4.3409,2.2732,2.1094,5.0184,1.2124,1.6105,3.8511,0.70735,1.9757,2.8053,2.2786,2.1419,5.0688,2.4312,2.2889,4.656,1.5795,2.5128,3.9612,4.5464,2.8003,0.49529,1.9716,2.5247,4.0666,0.79437,1.9476,4.1037,1.4529,2.6771,4.3385,3.9434,2.7626,0.24494,1.5871,1.7188,3.3224,0.1848,2.2946,3.1976,5.1062,2.8056,1.0992,0.7378,2.6951,3.4503,1.4164,2.5539,3.0509,2.2156,2.0445,4.9108,1.4445,1.9515,4.4583,1.5296,1.6243,3.3359,1.4418,2.9029,3.3706,0.69352,2.3808,3.0627,0.85599,2.4261,3.0601,0.23826,2.5864,3.2992,1.7113,2.3883,4.2508,0.71286,2.4085,2.9793,0.94101,2.3857,3.4736,1.391,1.7362,4.2534,0.31255,2.3396,3.3347,1.5234,1.5699,3.3238,0.66136,2.3967,3.0291,3.5303,2.8274,0.20727,1.8668,2.5456,3.9761,2.1134,2.1996,4.7063,2.1755,2.7271,4.7259,1.9269,1.8036,3.7998,1.2828,1.6696,3.7391,2.2425,2.0771,4.9855,1.3398,2.5711,3.8509,0.93925,3.0507,2.7563,4.8275,2.8503,0.5421,1.4722,2.7086,4.5031,1.9445,1.8659,3.8834,1.4012,2.6623,3.0653,0.74475,2.7061,3.3983,1.1323,2.8654,4.3083,0.90803,2.5527,2.8523,0.6848,2.0771,2.8968,0.53894,2.4219,3.3443,1.5553,2.1313,4.385,1.6451,2.7246,4.6306,0.46978,2.0202,2.8642,2.0165,1.7956,3.7946,1.1727,1.7045,3.7473,2.1836,2.6282,4.5824,1.3167,1.7016,4.0556,1.2989,2.1306,3.1196,0.56162,2.0552,2.9188,0.58922,2.4051,2.7536,1.7328,2.4615,4.2381,2.1661,2.5938,4.6031,0.51147,2.045,2.8639,1.5872,1.6714,3.3712,0.052586,3.0653,1.8904,0.70075,2.6006,2.6717,3.2549,2.7137,5.7276,0.38981,2.876,3.1133,4.7626,2.8649,0.47786,2.2488,2.2747,3.4971,1.2911,2.9662,4.1458,1.1999,2.4402,3.3796,1.0333,3.0257,3.9115,2.2845,2.2294,3.6675,1.1593,1.6436,3.7537,2.4393,2.3748,4.6027,2.4222,2.7122,4.0955,1.3836,2.6686,4.375,1.9177,1.7415,3.79,1.2579,2.6258,3.769,2.2792,2.413,4.7707,1.6002,2.5471,3.5733,2.1731,2.3033,4.1906,0.72794,1.9727,3.2604,2.1593,2.4232,3.5594,2.1788,2.3649,3.4887,2.2836,2.0008,5.0164,2.5586,2.2574,4.7757,2.289,2.2686,3.7155,1.3461,1.5956,3.8948,2.1213,2.604,4.5435,1.9278,1.7934,3.7875,0.77852,2.08,4.1748,1.5849,1.6991,4.2323,2.1758,2.6142,4.6275,1.4514,2.4007,3.2659,6.1584,2.9318,2.4908,1.8615,1.7716,3.5631,1.8235,2.8293,4.0819,2.1869,1.9622,4.9319,1.2548,2.5948,4.4615,2.029,2.1573,4.8936,1.6106,1.6327,3.9581,1.6226,2.0759,3.2802,1.1091,2.6455,3.6329,1.0173,2.7604,3.8399,1.5231,2.5142,3.9512,1.1767,2.665,3.6459,1.7851,1.5823,4.0633,0.96015,2.4642,2.8684,2.0457,2.1931,4.5288,0.46124,2.6801,3.2067,1.0065,1.9093,4.2749,0.99627,2.2867,3.1437,1.7462,2.4183,4.6208,0.92746,2.009,2.8701,0.71293,1.9527,2.7342,1.5866,1.6262,3.9652,0.98225,2.4407,2.9384,1.3045,1.5459,3.8639,2.7172,2.5654,4.6108,1.0557,2.2682,3.5232,1.2127,2.6757,3.7231,1.9815,1.9833,4.5377,1.0036,1.9258,4.2696,1.8945,1.7078,3.4941,1.6591,2.5717,3.9917,2.1626,2.528,4.8413,2.0441,2.4353,3.5802,1.4326,2.9795,3.6349,1.4669,1.5228,4.1681,0.57212,2.9764,3.6002,1.6196,1.6128,4.1875,0.72244,1.9747,2.7314,0.7563,2.2212,3.9854,2.6154,2.5664,4.5181,2.0887,2.0617,3.4079,1.4951,2.7477,3.6528,1.0141,2.3713,3.4807,2.6184,2.1068,4.6587,1.4433,1.7116,4.4363,1.5437,2.5665,3.6664,2.0652,2.4279,4.1693,2.6074,2.3195,4.8789,0.60314,2.5257,3.1312
1633.8,0.12065,163.04,14.976,0.28545,937.7,1.4132,1.7579,4.0861,1.3001,2.2534,4.3021,1.1039,1.9047,4.236,2.4096,2.6108,4.2948,0.85206,2.005,4.3268,1.5136,2.6124,3.8932,3.4035,2.793,0.023054,1.0822,1.9015,4.2523,1.7413,1.5511,4.1786,1.31,2.2208,4.3887,0.80991,2.0538,4.2233,3.0392,2.8222,4.5982,5.4106,2.595,1.1522,1.3463,2.6569,3.725,0.83039,2.1188,2.9646,2.6077,2.1991,4.7045,1.4287,1.6135,3.9481,0.5805,2.6758,3.6791,2.0815,1.7603,3.5565,1.0113,2.3802,3.1838,0.017699,2.3128,3.2124,1.7372,1.6596,3.4447,1.8194,2.675,4.0725,1.8042,1.7504,3.436,1.4176,1.5786,3.9721,0.39363,2.1913,3.0907,2.1487,2.422,4.5219,1.4447,1.7318,3.2081,0.8157,1.9697,2.7528,3.4475,2.8106,0.01817,2.1243,1.8139,3.5839,1.1182,2.7404,3.0462,1.8797,2.6042,4.1362,0.69962,1.9806,2.8225,1.0129,2.391,3.1633,1.9746,1.9224,4.6046,1.7644,1.6099,3.9206,0.563,2.1808,3.8232,1.2355,2.6046,3.8093,0.85052,2.1628,3.1122,2.7657,2.3895,4.5504,2.2554,2.2693,4.8902,1.5463,1.6765,3.9767,1.9445,1.9371,4.56,1.5572,2.2376,3.2377,0.66646,2.2261,2.9704,2.4875,2.4715,4.5006,1.8254,2.6032,4.5546,1.7756,2.6107,4.5375,2.8105,2.4296,4.6926,1.2653,2.5827,3.8154,1.8553,2.3132,4.4548,1.7935,2.927,3.7098,0.68896,2.4879,2.6339,1.4344,2.1689,4.6187,2.0365,2.9348,3.9455,0.25909,2.4108,3.2584,1.6704,1.5532,4.0558,0.64481,2.0847,2.9829,2.2488,2.2709,4.6585,0.81046,2.4898,3.3097,0.8723,2.1743,3.1053,6.1485,2.8701,1.6666,2.1522,2.0859,4.7935,2.7453,2.4355,4.6301,2.5126,2.2166,4.9807,1.9094,2.5622,4.1913,1.081,1.6827,4.0814,4.6517,2.771,0.50834,0.79919,2.1383,2.9725,1.3339,2.0867,4.4169,0.98094,2.1647,3.396,2.029,2.6164,4.2532,1.7808,1.479,4.0971,1.331,2.5194,3.1839,0.82016,2.5268,3.6874,2.1171,1.8125,3.6209,1.4983,2.5095,3.4357,1.6058,2.603,3.7227,1.577,1.589,4.2374,1.833,2.5887,4.2494,1.9556,2.5968,4.4151,3.6591,2.7081,0.1071,1.7817,1.4768,4.0785,1.8852,1.9939,3.4984,1.9839,2.9241,4.8003,1.2938,2.5387,3.2599,2.5653,2.4352,4.8773,1.1178,2.6242,3.9863,1.508,2.479,3.46,1.0699,1.8484,4.0509,1.7173,1.5103,4.0336,1.8221,1.9779,3.4062,0.28358,2.8886,3.3401,2.9842,2.2796,4.7421,1.2783,1.9438,4.2434,1.3724,2.6297,3.5927,1.3773,2.479,3.3668,1.937,1.8523,3.6088,1.9542,2.5454,4.1117,0.9862,2.3062,3.1322,2.5384,1.9756,5.1496,1.2952,2.6277,3.4982,1.2727,2.5132,3.2483,0.48539,2.8814,3.524,0.59944,1.8752,2.692,1.548,1.9537,4.5333,1.4586,1.7352,4.1613,5.1435,2.8164,1.4415,0.79517,2.0821,2.8396,1.0964,2.6937,4.021,2.3409,2.4805,3.6134,2.4613,2.3609,4.7313,3.022,2.6039,4.6917,2.0993,2.505,4.4335,2.3958,2.232,4.3748,0.67095,2.1596,3.1137,0.64875,2.3974,3.2219,0.58788,2.1395,3.6957,2.3949,2.3919,4.5724,1.0392,2.3967,3.1445,1.197,1.6725,4.2346,1.6154,2.0402,3.3571,5.8401,2.6131,1.5683,3.5213,2.877,0.26532,0.82926,2.3563,3.087,1.6785,1.5983,4.0416,1.5417,1.9316,3.1789,0.78161,2.41,2.9677,2.1638,2.3048,4.7774,1.2658,2.5779,3.2442,1.0316,1.9251,3.5144,0.32663,1.9915,3.3704,1.7746,1.9902,3.3371,2.4311,2.2303,4.3494,2.2765,2.1071,5.0192,1.2097,1.6078,3.8509,0.70699,1.9751,2.8052,2.2816,2.1402,5.0699,2.4341,2.2909,4.6606,1.5794,2.5163,3.9605,4.5519,2.7955,0.5026,1.9726,2.5301,4.0694,0.79362,1.9476,4.1035,1.4593,2.6796,4.3397,3.9522,2.7601,0.25493,1.5901,1.7232,3.3241,0.18356,2.2945,3.1941,5.1085,2.8009,1.1038,0.73852,2.6931,3.4506,1.4178,2.5552,3.0499,2.2194,2.042,4.9109,1.4424,1.9475,4.4608,1.5297,1.6236,3.3374,1.4432,2.9027,3.3697,0.69768,2.3794,3.069,0.85415,2.4253,3.0617,0.23766,2.5853,3.2965,1.7148,2.3915,4.2548,0.71882,2.4078,2.9857,0.93619,2.3911,3.4665,1.3907,1.7342,4.2515,0.31175,2.3396,3.3326,1.5232,1.5675,3.3254,0.6655,2.3958,3.0354,3.5387,2.8255,0.21641,1.8635,2.5455,3.9754,2.1176,2.1992,4.7093,2.166,2.7245,4.7125,1.9275,1.7977,3.7982,1.2824,1.6667,3.7401,2.2451,2.0751,4.9855,1.3385,2.5696,3.8474,0.92913,3.0506,2.7456,4.8291,2.8469,0.54595,1.4762,2.708,4.5055,1.9464,1.8633,3.8842,1.4051,2.6632,3.0713,0.74877,2.7049,3.4027,1.1377,2.8633,4.3134,0.91452,2.554,2.8573,0.6857,2.0801,2.8969,0.53977,2.4224,3.3429,1.5555,2.1284,4.3895,1.6518,2.7246,4.6352,0.46703,2.0211,2.8592,2.0172,1.7935,3.7947,1.1716,1.7005,3.75,2.1827,2.627,4.5796,1.3144,1.7044,4.0529,1.296,2.1293,3.118,0.55958,2.0564,2.9147,0.59267,2.404,2.759,1.7358,2.4661,4.2391,2.1622,2.5911,4.5967,0.50948,2.0453,2.8606,1.5877,1.6711,3.3729,0.033144,3.0655,1.8691,0.69998,2.6045,2.6695,3.2633,2.7116,0.0047587,0.40319,2.8747,3.1286,4.766,2.863,0.48281,2.2491,2.2713,3.4928,1.2902,2.9634,4.1458,1.1952,2.4415,3.3771,1.0283,3.0244,3.9091,2.2826,2.2295,3.6637,1.1579,1.6375,3.7569,2.4393,2.3754,4.6032,2.4187,2.7127,4.0985,1.3856,2.6685,4.3743,1.9183,1.7361,3.7889,1.2597,2.6228,3.7704,2.2788,2.4125,4.766,1.5988,2.5468,3.5786,2.1741,2.3071,4.1947,0.72574,1.9752,3.2568,2.1554,2.4239,3.5541,2.1751,2.3631,3.4813,2.285,2.0013,5.0162,2.5565,2.2563,4.7753,2.2863,2.2704,3.7132,1.3459,1.5948,3.8952,2.1153,2.6003,4.535,1.9291,1.7889,3.785,0.77888,2.0783,4.1799,1.5839,1.6964,4.2313,2.1707,2.6114,4.6202,1.4519,2.4015,3.2662,6.1669,2.9327,2.5006,1.8629,1.7709,3.5649,1.8227,2.8244,4.0798,2.1906,1.9617,4.9345,1.257,2.5952,4.4653,2.0325,2.1583,4.8942,1.611,1.6298,3.958,1.6241,2.0777,3.2784,1.1096,2.6439,3.6325,1.018,2.7592,3.8379,1.5262,2.5155,3.9547,1.1771,2.6632,3.6446,1.7834,1.5787,4.063,0.96145,2.4651,2.8706,2.0503,2.1963,4.5331,0.46903,2.6759,3.2137,1.0039,1.9077,4.2747,0.9965,2.2863,3.1456,1.7499,2.4185,4.6222,0.92569,2.0077,2.8696,0.71242,1.9517,2.7342,1.5862,1.6242,3.9652,0.98294,2.441,2.9419,1.3019,1.5443,3.8649,2.7162,2.565,4.6106,1.0539,2.273,3.5194,1.2145,2.6731,3.7243,1.9821,1.9834,4.5397,1.002,1.9244,4.2704,1.8961,1.7088,3.4956,1.6588,2.573,3.9913,2.1644,2.5276,4.8399,2.0412,2.4374,3.5765,1.4409,2.976,3.6429,1.4674,1.5246,4.1667,0.56768,2.9758,3.5967,1.6208,1.6107,4.1866,0.72201,1.974,2.7312,0.75756,2.2229,3.9857,2.6138,2.5656,4.519,2.0919,2.06,3.4084,1.4981,2.7441,3.6577,1.0116,2.3754,3.4765,2.6217,2.1096,4.665,1.4423,1.7123,4.437,1.5427,2.5667,3.6693,2.0658,2.4309,4.1722,2.606,2.3186,4.8769,0.60668,2.5262,3.1349
1997.6,0.025268,114.39,9.2898,0.0086706,333.46,1.5202,1.8359,4.1704,1.2775,2.2263,4.2237,1.2278,1.9857,4.2342,2.4964,2.6611,4.3011,0.85815,2.0592,4.221,1.5198,2.4877,3.8934,3.0172,2.8392,5.8303,1.225,1.9874,4.2344,1.7473,1.7134,4.2468,1.2784,2.2269,4.2277,0.85678,2.0617,4.2154,2.8962,2.8352,4.5104,5.7007,2.7739,1.4565,1.244,2.8381,3.629,0.95421,2.1448,3.0217,2.4853,2.0541,4.45,1.4721,1.6746,3.9062,0.65772,2.5727,3.8809,2.0066,1.7631,3.4747,1.0766,2.4438,3.0655,0.26636,2.2863,3.5555,1.785,1.674,3.3883,2.13,2.8227,4.4346,1.7866,1.6735,3.3914,1.4743,1.6714,3.9091,0.3948,2.135,3.2,2.0389,2.3579,4.391,1.474,1.6684,3.1997,0.83073,1.8787,2.7701,3.016,2.8414,5.8245,2.0074,1.764,3.4765,1.0064,2.7169,2.8803,1.8185,2.5885,4.0037,0.63278,1.8717,2.7976,1.0715,2.4444,3.0571,1.8987,1.9148,4.4951,1.6813,1.6916,3.8948,0.51024,2.2009,3.7454,1.1925,2.427,3.7835,1.0016,2.0632,3.2665,2.5507,2.3004,4.2963,2.0715,2.1523,4.6805,1.479,1.6739,3.9125,1.896,1.9171,4.4939,1.4909,2.1737,3.267,0.82043,2.0827,3.1838,2.4185,2.3731,4.3169,1.9438,2.6009,4.8861,1.9341,2.5962,4.8741,2.5485,2.3006,4.2942,1.287,2.4891,3.944,1.6888,2.2325,4.2969,2.0495,3.0602,3.9919,0.50657,2.4699,2.4789,1.5421,2.0566,4.6096,2.0718,3.0639,4.0178,0.38873,2.3757,3.4328,1.6614,1.6272,4.0823,0.70902,2.0236,3.0964,2.2444,2.2411,4.6476,0.63491,2.616,3.0069,1.0019,2.0665,3.2672,0.12647,2.8903,1.9699,1.9957,1.9856,4.5904,2.5478,2.3014,4.2962,2.6711,2.3361,5.1951,2.134,2.817,4.4363,1.0793,1.8461,3.948,4.6214,2.9951,0.50757,0.88541,2.1184,3.0522,1.3055,2.0994,4.2684,1.0551,2.0874,3.4924,2.3045,2.7523,4.5733,1.7022,1.5969,4.1569,1.1468,2.5568,3.0703,0.75174,2.4274,3.7688,2.0552,1.9261,3.7366,1.5975,2.4379,3.4673,1.6581,2.5242,3.6068,1.6574,1.6742,4.2499,2.1016,2.807,4.5773,2.108,2.8068,4.5813,3.3595,2.7817,6.1206,1.7017,1.5966,4.157,1.705,2.0048,3.4528,2.1233,2.9367,4.9194,1.1486,2.5568,3.0756,2.6364,2.4464,4.9871,1.027,2.6037,4.066,1.5996,2.4366,3.4679,1.1832,1.8008,4.1003,1.6618,1.6262,4.083,1.7039,2.0045,3.4506,0.28647,2.9463,3.3339,2.8734,2.2933,4.5673,1.3169,1.9502,4.2054,1.2521,2.6864,3.3285,1.4625,2.458,3.3432,1.8426,1.9823,3.7227,1.9504,2.3412,3.9933,1.0948,2.2829,3.1874,2.5398,2.0472,5.1485,1.2424,2.6865,3.3149,1.4593,2.4611,3.3386,0.294,2.9464,3.3416,0.67582,1.8081,2.9094,1.6993,2.0255,4.4247,1.4673,1.8605,4.1204,5.5336,2.9007,1.8458,0.81904,2.1207,2.782,1.0253,2.6056,4.0662,2.1577,2.5247,3.6212,2.6363,2.444,4.9864,2.8033,2.7044,4.5226,2.161,2.5289,4.5318,2.3489,2.103,4.1954,0.76648,1.9915,3.3475,0.33048,2.4732,2.8854,0.60377,2.1407,3.7132,2.3859,2.5065,4.4318,0.7532,2.4643,2.856,1.2548,1.5835,4.2873,1.701,2.0073,3.4497,5.7184,2.6891,2.0362,3.2196,2.938,6.2118,0.74921,2.4619,2.859,1.6607,1.6344,4.0868,1.4947,1.8656,3.1824,0.74433,2.4636,2.8522,2.1681,2.3479,4.9525,1.1457,2.5626,3.0722,1.0026,1.9629,3.5037,0.52906,1.9784,3.2576,1.7015,2.0083,3.4485,2.3862,2.0818,4.1981,2.1448,2.1543,4.9809,1.2884,1.7498,3.8017,0.68317,1.9772,2.7563,2.1448,2.1546,4.9833,2.3201,2.1866,4.4631,1.5675,2.296,3.963,4.2125,3.0045,0.14501,1.955,2.3395,3.9963,0.83783,1.9637,4.1182,1.1787,2.5739,4.2166,3.5268,2.8526,6.0892,1.5326,1.6181,3.2872,0.3203,2.2979,3.4043,5.1342,2.9879,1.0748,0.5623,2.7833,3.2594,1.2694,2.5075,2.9798,2.1411,2.1501,4.9779,1.4749,2.0928,4.3518,1.5254,1.6229,3.2877,1.3797,2.9294,3.3644,0.45424,2.4493,2.7238,0.92274,2.4544,3.0005,0.22258,2.6176,3.3405,1.6128,2.2579,4.1264,0.4508,2.4464,2.7168,1.0473,2.1724,3.6578,1.3944,1.8064,4.2929,0.32404,2.3003,3.4059,1.5286,1.6172,3.2872,0.45021,2.4498,2.7213,2.997,2.8701,5.9156,2.0047,2.5967,4.0342,1.9728,2.1788,4.5903,2.6277,2.7748,5.2663,1.8913,1.9637,3.9024,1.2942,1.8138,3.6889,2.1453,2.1534,4.9822,1.4012,2.6562,4.0064,1.1097,3.0845,2.9518,4.6941,2.9838,0.41645,1.2597,2.6855,4.3359,1.904,1.9566,3.885,1.2479,2.6367,2.8665,0.36999,2.7728,2.9635,0.93949,2.8911,4.1318,0.57795,2.5215,2.5842,0.6965,1.936,2.9881,0.54725,2.3966,3.4277,1.5667,2.1762,4.2308,1.2653,2.6878,4.342,0.63052,1.9509,3.1125,1.9802,1.8952,3.8178,1.1934,1.8446,3.6469,2.4553,2.7214,4.9729,1.3763,1.5292,4.1703,1.3886,2.1563,3.1737,0.63581,1.9507,3.1125,0.46337,2.4495,2.5702,1.6144,2.257,4.1295,2.4541,2.7204,4.9756,0.63349,1.9523,3.1096,1.5647,1.7128,3.3279,0.51367,3.0407,2.4268,0.57656,2.5217,2.5854,2.9136,2.7442,5.8947,6.1832,2.8649,2.5502,4.6774,2.9875,0.39747,2.3423,2.4061,3.7472,0.89007,3.0805,3.6744,1.4345,2.2599,3.5595,0.85245,3.0785,3.6367,2.3663,2.2375,3.807,1.1919,1.8437,3.6458,2.4264,2.3384,4.5605,2.5807,2.63,4.0319,1.2635,2.6833,4.3387,1.892,1.9588,3.9018,1.1293,2.792,3.6548,2.4445,2.4841,5.0844,1.6069,2.6191,3.3052,2.1681,2.1886,4.1026,0.78695,1.9032,3.3707,2.3435,2.4095,3.749,2.3452,2.4108,3.7497,2.1862,1.8918,4.905,2.6434,2.2896,4.7922,2.3647,2.2388,3.8076,1.3803,1.5863,3.8366,2.4571,2.7192,4.9786,1.8915,1.9594,3.9026,0.77887,2.1409,3.9649,1.6013,1.8309,4.2579,2.4556,2.7207,4.9776,1.4456,2.3888,3.261,5.9302,2.8814,2.2098,1.858,1.7996,3.4771,1.973,3.0211,4.2958,2.0166,1.9502,4.7567,1.1029,2.5792,4.2748,1.885,2.15,4.8619,1.6132,1.7992,3.9662,1.6045,2.0101,3.3895,1.0167,2.7725,3.5663,0.91537,2.8298,3.813,1.3814,2.393,3.8449,1.1245,2.7937,3.6493,1.8377,1.7923,4.0926,0.91346,2.4607,2.7745,1.9113,2.0697,4.3863,0.078404,2.7956,2.8438,1.0851,1.9593,4.2612,0.9489,2.3354,3.0127,1.6346,2.3955,4.5871,0.97888,2.0857,2.836,0.74301,1.9984,2.7425,1.6123,1.7984,3.9683,0.91541,2.4596,2.7769,1.3798,1.586,3.8366,2.7681,2.5891,4.6337,1.0848,2.1382,3.6263,1.1222,2.7972,3.6503,1.9759,1.9864,4.477,1.0824,1.9617,4.2588,1.8534,1.6525,3.4506,1.6623,2.4833,3.9993,2.1128,2.5541,4.9214,2.1538,2.3809,3.7088,1.1867,3.0729,3.4182,1.4466,1.467,4.2316,0.6204,2.9994,3.6159,1.6238,1.7491,4.2323,0.7442,1.998,2.742,0.69108,2.1942,3.9446,2.688,2.6025,4.5372,1.9931,2.1272,3.4381,1.3835,2.9193,3.5369,1.0816,2.1942,3.6337,2.5322,2.0006,4.4712,1.4906,1.7346,4.4224,1.608,2.5913,3.5827,2.0622,2.2904,4.0733,2.7075,2.3727,5.0072,0.44675,2.531,2.9604
1997.6,0.025268,114.39,9.2898,0.017341,338.81,1.5157,1.8353,4.1656,1.2761,2.228,4.2245,1.2233,1.9835,4.2361,2.4917,2.6584,4.298,0.85841,2.0557,4.2268,1.5193,2.4945,3.8936,3.0309,2.8396,5.848,1.2189,1.9858,4.235,1.7462,1.7072,4.2452,1.2809,2.2274,4.2335,0.85468,2.062,4.2148,2.9043,2.8348,4.5152,5.6853,2.7689,1.4392,1.2537,2.8276,3.6386,0.94973,2.1447,3.0205,2.4879,2.0598,4.4581,1.4715,1.6718,3.908,0.6561,2.5774,3.8748,2.0087,1.7638,3.4779,1.0833,2.4385,3.081,0.25784,2.2879,3.5438,1.7833,1.6755,3.3901,2.1075,2.817,4.4099,1.7865,1.6784,3.3936,1.471,1.6661,3.9136,0.39305,2.1393,3.1927,2.0461,2.3652,4.4003,1.4736,1.6725,3.2005,0.82929,1.8867,2.7649,3.0257,2.8414,5.8364,2.0099,1.7685,3.4799,1.0075,2.7185,2.8835,1.8199,2.5881,4.0077,0.63545,1.8774,2.7967,1.0706,2.4419,3.0631,1.9005,1.9158,4.4984,1.6838,1.6851,3.8942,0.51063,2.2006,3.7468,1.1904,2.4408,3.7784,0.99449,2.0705,3.2581,2.5594,2.306,4.3082,2.0778,2.16,4.6893,1.4803,1.6722,3.9157,1.8954,1.9178,4.496,1.4929,2.1792,3.2664,0.81569,2.0894,3.1754,2.4201,2.3772,4.3227,1.9398,2.5988,4.877,1.9256,2.5975,4.8609,2.5541,2.3066,4.3043,1.2867,2.4939,3.9388,1.6923,2.2339,4.3024,2.0268,3.0545,3.9672,0.51592,2.4693,2.4874,1.5415,2.0588,4.6143,2.061,3.0593,4.0053,0.38213,2.3793,3.423,1.6612,1.6214,4.0815,0.7075,2.0278,3.0921,2.2455,2.2432,4.6503,0.6486,2.6104,3.0228,0.99611,2.0739,3.2591,0.11904,2.8907,1.9606,1.9976,1.9875,4.5956,2.5523,2.3076,4.3053,2.6612,2.332,5.1855,2.1127,2.8056,4.4141,1.0799,1.839,3.9535,4.6259,2.9869,0.51041,0.88184,2.1196,3.0478,1.3059,2.0975,4.2745,1.0538,2.0885,3.4906,2.2864,2.7466,4.5523,1.704,1.5921,4.1544,1.1548,2.5539,3.0774,0.75527,2.4309,3.7676,2.0571,1.9207,3.7308,1.5929,2.4396,3.4637,1.6513,2.5287,3.6045,1.6541,1.6664,4.2499,2.0836,2.7992,4.5577,2.0949,2.7982,4.5674,3.3669,2.7804,6.1273,1.704,1.5912,4.1543,1.7091,2.0038,3.4522,2.1115,2.935,4.9087,1.1559,2.5544,3.0853,2.633,2.4458,4.9828,1.0331,2.6044,4.067,1.5953,2.4371,3.4655,1.1794,1.8063,4.0966,1.6626,1.6191,4.0812,1.7068,2.0034,3.4478,0.28345,2.9445,3.332,2.8782,2.2948,4.5757,1.3159,1.9498,4.2062,1.2602,2.6813,3.3426,1.459,2.457,3.3425,1.8447,1.9769,3.717,1.9492,2.3501,3.9951,1.0909,2.2836,3.1849,2.5396,2.0425,5.1469,1.2448,2.6818,3.3213,1.453,2.4628,3.3349,0.29855,2.9452,3.346,0.67364,1.8112,2.9018,1.6971,2.0216,4.4315,1.4669,1.8542,4.1231,5.5227,2.8993,1.8355,0.81939,2.1185,2.7861,1.0295,2.6081,4.0669,2.1654,2.5245,3.6216,2.6301,2.4422,4.9786,2.8079,2.7019,4.5261,2.1562,2.5259,4.5258,2.349,2.1042,4.1979,0.76715,1.9957,3.3444,0.33988,2.4708,2.8948,0.60272,2.1411,3.7122,2.3856,2.4995,4.4351,0.76218,2.4626,2.8648,1.2541,1.5847,4.2872,1.6996,2.0096,3.4476,6.2644,2.6886,2.0214,3.2326,2.9372,6.2263,0.75975,2.4566,2.8743,1.6611,1.6349,4.0852,1.4956,1.8681,3.1816,0.74861,2.4611,2.8594,2.1675,2.3479,4.947,1.1506,2.5628,3.0785,1.0038,1.963,3.5037,0.5244,1.9787,3.2592,1.703,2.0099,3.4453,2.3865,2.0846,4.2002,2.1492,2.1543,4.9834,1.2871,1.7434,3.8049,0.6843,1.9777,2.7578,2.1499,2.156,4.988,2.3233,2.1904,4.4692,1.5682,2.3077,3.9636,4.2365,2.9971,0.16734,1.9546,2.3448,3.9977,0.83659,1.9623,4.1195,1.1868,2.5777,4.2213,3.5442,2.8497,6.1064,1.5333,1.6195,3.288,0.31431,2.2984,3.3965,5.1316,2.9828,1.0723,0.57058,2.7811,3.2693,1.2767,2.5095,2.9854,2.1414,2.146,4.9728,1.4765,2.0902,4.3557,1.5256,1.6243,3.2893,1.3824,2.9286,3.3658,0.46223,2.4474,2.7346,0.91683,2.4545,2.9988,0.22398,2.6169,3.3407,1.6149,2.2621,4.1295,0.46125,2.4446,2.7259,1.0454,2.1788,3.6538,1.394,1.8042,4.2926,0.3227,2.3027,3.4018,1.5283,1.6166,3.288,0.45801,2.4478,2.7323,3.0227,2.8699,5.9432,1.9992,2.5935,4.0309,1.9773,2.1812,4.5949,2.6149,2.7746,5.2522,1.8927,1.9604,3.899,1.2944,1.8081,3.6908,2.1488,2.1517,4.9825,1.399,2.6531,4.0015,1.1065,3.0831,2.9474,4.7001,2.9796,0.42046,1.2665,2.688,4.3415,1.9047,1.9539,3.8849,1.2532,2.6375,2.8725,0.39051,2.7708,2.9872,0.94438,2.893,4.1361,0.59027,2.5225,2.5941,0.69428,1.9425,2.9812,0.54668,2.3986,3.4233,1.5661,2.1774,4.2363,1.2804,2.6915,4.354,0.62382,1.9549,3.1036,1.9818,1.8911,3.8162,1.1932,1.8411,3.6499,2.437,2.7173,4.9495,1.3756,1.5377,4.1665,1.3863,2.1567,3.1719,0.63343,1.9557,3.1041,0.46773,2.4482,2.5758,1.6162,2.263,4.1334,2.4395,2.7159,4.9589,0.62951,1.9579,3.0993,1.5661,1.7116,3.3293,0.50964,3.0422,2.4199,0.58469,2.523,2.5923,2.9225,2.7452,5.9057,6.1951,2.867,2.5648,4.6767,2.9844,0.39454,2.3348,2.4013,3.7352,0.93238,3.0782,3.72,1.4263,2.2692,3.5521,0.86985,3.0769,3.6572,2.363,2.2364,3.8009,1.1916,1.8383,3.6484,2.4271,2.3398,4.563,2.5755,2.635,4.0336,1.2687,2.682,4.3421,1.8929,1.951,3.8961,1.1377,2.7838,3.6628,2.4338,2.4807,5.0697,1.607,2.6148,3.3143,2.1673,2.1909,4.1033,0.78632,1.9045,3.3686,2.3364,2.4088,3.7416,2.3383,2.4089,3.7401,2.1895,1.8996,4.9116,2.6401,2.2883,4.7914,2.3619,2.2384,3.8029,1.3797,1.5875,3.8391,2.4413,2.716,4.9596,1.8923,1.9528,3.8978,0.77817,2.1393,3.9725,1.601,1.8252,4.257,2.4412,2.7169,4.9612,1.4459,2.3875,3.2614,5.9371,2.8835,2.2185,1.8561,1.7981,3.4811,1.9644,3.0144,4.2851,2.0217,1.951,4.7644,1.1098,2.579,4.2816,1.89,2.149,4.8629,1.6129,1.7915,3.9656,1.6044,2.0105,3.3842,1.0257,2.7644,3.5744,0.92397,2.8255,3.8201,1.3876,2.3994,3.848,1.1286,2.7868,3.6519,1.8361,1.7828,4.0909,0.91529,2.46,2.7782,1.9135,2.072,4.3891,0.091504,2.7935,2.8566,1.0832,1.9573,4.2624,0.95314,2.3317,3.0205,1.6371,2.3949,4.5873,0.97834,2.0811,2.8401,0.74134,1.996,2.7417,1.6112,1.79,3.968,0.91864,2.4583,2.7826,1.3778,1.5856,3.8371,2.7631,2.5875,4.6284,1.0848,2.1402,3.6248,1.1259,2.7922,3.6531,1.9758,1.9852,4.4779,1.0795,1.9608,4.2589,1.854,1.6544,3.4515,1.6626,2.4875,3.9995,2.115,2.5524,4.9191,2.1507,2.3816,3.7055,1.1903,3.0706,3.4207,1.4473,1.4674,4.2296,0.62589,2.9982,3.6227,1.6225,1.744,4.2299,0.74311,1.9975,2.741,0.69312,2.1942,3.9463,2.6857,2.6016,4.5357,1.995,2.1249,3.4352,1.3865,2.9133,3.5384,1.0813,2.1983,3.6307,2.5335,2.0028,4.4746,1.4894,1.7336,4.4221,1.6035,2.5899,3.5824,2.0614,2.2954,4.0752,2.7017,2.3698,5.0004,0.45192,2.5301,2.9665
1997.6,0.025268,114.39,9.2898,0.026012,342.87,1.5114,1.8345,4.161,1.2746,2.2297,4.2251,1.2189,1.9813,4.2379,2.487,2.6557,4.295,0.85861,2.0523,4.2324,1.5187,2.5009,3.8938,3.0445,2.8399,5.8653,1.2131,1.9841,4.2355,1.7453,1.7013,4.2435,1.2834,2.2278,4.2392,0.85262,2.0621,4.2145,2.9121,2.8344,4.5197,5.6708,2.7639,1.4231,1.2627,2.8174,3.6476,0.94532,2.1446,3.0193,2.4906,2.0656,4.4662,1.4708,1.669,3.9098,0.65464,2.5819,3.869,2.0107,1.7645,3.4809,1.0889,2.4336,3.0952,0.24939,2.2894,3.5323,1.7816,1.6767,3.3918,2.0863,2.8112,4.386,1.7864,1.6829,3.3956,1.468,1.6611,3.9179,0.39147,2.1434,3.186,2.053,2.3717,4.4093,1.4732,1.6763,3.2012,0.82814,1.894,2.7606,3.0353,2.8413,5.8483,2.0124,1.7725,3.4832,1.0088,2.7199,2.8869,1.8212,2.5878,4.0116,0.63811,1.8828,2.7961,1.0696,2.4397,3.0686,1.9022,1.9167,4.5018,1.6862,1.679,3.8938,0.51101,2.2004,3.7483,1.1883,2.4539,3.7736,0.98743,2.0773,3.2501,2.5684,2.3114,4.3202,2.0839,2.1673,4.6979,1.4819,1.6713,3.9189,1.895,1.9186,4.4981,1.495,2.1842,3.2658,0.81062,2.096,3.1669,2.4219,2.3814,4.3288,1.936,2.597,4.8678,1.9174,2.5986,4.8478,2.56,2.3126,4.3149,1.2863,2.4985,3.9338,1.6959,2.2352,4.3078,2.0067,3.0489,3.9452,0.52513,2.4689,2.4959,1.5405,2.0613,4.6186,2.0523,3.0547,3.995,0.37563,2.3826,3.4134,1.661,1.6162,4.0806,0.70579,2.0317,3.0878,2.2464,2.2452,4.6526,0.66133,2.605,3.0379,0.99024,2.081,3.251,0.11118,2.8908,1.9509,1.9999,1.9897,4.6008,2.5573,2.3139,4.3149,2.6514,2.3279,5.1756,2.0934,2.7942,4.394,1.0805,1.8319,3.9588,4.6298,2.9784,0.51256,0.87822,2.1208,3.0436,1.3062,2.0956,4.2803,1.0525,2.0897,3.4888,2.2694,2.741,4.5326,1.7059,1.5875,4.152,1.1627,2.5512,3.0844,0.75858,2.4341,3.7662,2.0589,1.9156,3.7254,1.5884,2.4415,3.4602,1.645,2.5329,3.6026,1.651,1.659,4.2498,2.0668,2.7912,4.5391,2.0827,2.7898,4.5546,3.3741,2.7791,6.1335,1.7064,1.5859,4.1515,1.7131,2.0029,3.4518,2.1009,2.9334,4.8991,1.1628,2.5522,3.0945,2.6299,2.4452,4.9786,1.0388,2.6051,4.0675,1.5912,2.4378,3.4632,1.1756,1.811,4.0933,1.6634,1.6124,4.0794,1.7095,2.0024,3.4452,0.28085,2.9428,3.3304,2.8828,2.2962,4.5839,1.3149,1.9494,4.2071,1.2678,2.6763,3.3558,1.4554,2.4561,3.3418,1.8468,1.9715,3.7115,1.9481,2.359,3.9971,1.0871,2.2843,3.1825,2.5396,2.038,5.1455,1.2471,2.6772,3.3277,1.4468,2.4643,3.3312,0.30291,2.9439,3.3502,0.67133,1.8142,2.8941,1.6948,2.0179,4.4383,1.4665,1.8481,4.1256,5.512,2.8978,1.8253,0.81971,2.1164,2.79,1.0336,2.6107,4.0673,2.1731,2.5244,3.6217,2.6239,2.4403,4.9706,2.8125,2.6995,4.5297,2.1518,2.5231,4.5201,2.3491,2.1057,4.2006,0.76772,2.0001,3.3413,0.34935,2.4683,2.9044,0.60156,2.1414,3.7112,2.3852,2.4928,4.4384,0.77116,2.4609,2.8735,1.2535,1.5858,4.2871,1.698,2.0117,3.4456,6.2489,2.688,2.0065,3.2455,2.9362,6.2404,0.76993,2.4514,2.8895,1.6615,1.6352,4.0836,1.4965,1.8706,3.1807,0.75256,2.4586,2.8662,2.1667,2.3479,4.9414,1.1553,2.5629,3.0847,1.005,1.963,3.5036,0.51954,1.979,3.2611,1.7047,2.0114,3.4422,2.3868,2.0875,4.2025,2.1536,2.1543,4.986,1.2856,1.7371,3.808,0.68552,1.9783,2.7592,2.155,2.1573,4.9924,2.3267,2.1941,4.4753,1.5689,2.3192,3.9641,4.2578,2.9897,0.18731,1.9545,2.3499,3.999,0.83515,1.9611,4.1204,1.195,2.5815,4.2259,3.5607,2.847,6.1229,1.534,1.6209,3.2889,0.30829,2.2989,3.3886,5.1289,2.9775,1.0698,0.5784,2.7789,3.2786,1.2838,2.5115,2.9907,2.1418,2.1419,4.968,1.478,2.0874,4.3596,1.5257,1.6254,3.2909,1.3852,2.9277,3.3675,0.47035,2.4455,2.7456,0.91119,2.4545,2.9973,0.2254,2.6161,3.3409,1.6171,2.2662,4.1326,0.4716,2.4428,2.7351,1.0436,2.1853,3.6497,1.3936,1.8021,4.2922,0.32141,2.3051,3.3979,1.528,1.616,3.2888,0.46591,2.4457,2.7435,3.048,2.8696,5.9703,1.9941,2.5906,4.0278,1.9818,2.1833,4.5992,2.6016,2.7744,5.2376,1.894,1.9569,3.8957,1.2944,1.8026,3.6928,2.1522,2.1499,4.9827,1.3971,2.6502,3.9968,1.102,3.0818,2.9417,4.7061,2.9756,0.42467,1.273,2.6903,4.3469,1.9055,1.9512,3.8848,1.2584,2.6382,2.8783,0.41059,2.7688,3.0103,0.9496,2.8944,4.1407,0.60286,2.5235,2.6042,0.69217,1.9487,2.9747,0.54585,2.4004,3.4191,1.5655,2.1782,4.2417,1.2953,2.6948,4.3659,0.61719,1.9587,3.0947,1.9833,1.8872,3.8146,1.193,1.8377,3.6528,2.4191,2.7131,4.9264,1.3748,1.5459,4.1628,1.3839,2.1569,3.1702,0.63102,1.9606,3.096,0.47191,2.4468,2.5812,1.6181,2.2689,4.1373,2.4252,2.7114,4.9425,0.62536,1.9633,3.0891,1.5675,1.7104,3.3306,0.50517,3.0435,2.4127,0.59268,2.5242,2.599,2.9315,2.7461,5.9167,6.207,2.8691,2.5792,4.6766,2.9812,0.39229,2.3274,2.3965,3.7233,0.97146,3.0755,3.7624,1.4179,2.2786,3.5446,0.88598,3.0753,3.6764,2.3597,2.2353,3.7948,1.1912,1.833,3.651,2.4279,2.3413,4.5653,2.5703,2.6398,4.0353,1.274,2.6808,4.3454,1.8937,1.943,3.8905,1.1454,2.7757,3.6701,2.4237,2.4772,5.0552,1.6071,2.6105,3.3234,2.1667,2.1932,4.1043,0.78557,1.9059,3.3666,2.3293,2.4082,3.7343,2.3313,2.4072,3.7307,2.1928,1.9072,4.9179,2.6371,2.2871,4.7908,2.3593,2.2381,3.7984,1.379,1.5885,3.8416,2.426,2.7127,4.941,1.8931,1.9462,3.8932,0.77758,2.1377,3.9801,1.6007,1.8199,4.2561,2.4275,2.7131,4.9452,1.4463,2.3864,3.2618,5.9443,2.8856,2.2275,1.8545,1.7967,3.4848,1.9557,3.0078,4.2742,2.0269,1.9519,4.772,1.1164,2.5789,4.2882,1.8947,2.1481,4.8635,1.6127,1.7838,3.9651,1.6043,2.0111,3.3794,1.0337,2.7567,3.5815,0.93186,2.8215,3.8262,1.3935,2.4055,3.851,1.1324,2.7802,3.6541,1.8345,1.7735,4.0892,0.91702,2.4594,2.7815,1.916,2.0743,4.392,0.10432,2.7913,2.8689,1.0813,1.9554,4.2636,0.95715,2.3284,3.0279,1.6396,2.3944,4.5875,0.97773,2.0768,2.8439,0.73969,1.9936,2.7412,1.6101,1.7818,3.9676,0.92181,2.457,2.788,1.3759,1.5852,3.8375,2.7586,2.5859,4.6239,1.0848,2.1424,3.6232,1.1295,2.7874,3.6561,1.9759,1.9842,4.4789,1.0768,1.9597,4.2593,1.8547,1.6562,3.4523,1.6629,2.4915,3.9997,2.1172,2.5507,4.9168,2.1478,2.3824,3.7021,1.1937,3.0684,3.4229,1.448,1.4677,4.2275,0.631,2.997,3.629,1.6214,1.739,4.2277,0.74212,1.9969,2.7402,0.6951,2.1942,3.948,2.6832,2.6005,4.5342,1.9968,2.1227,3.4323,1.3896,2.9075,3.54,1.081,2.2025,3.6276,2.5349,2.0052,4.4781,1.4881,1.7327,4.4219,1.5992,2.5886,3.5823,2.0606,2.3001,4.0772,2.6964,2.3671,4.994,0.45721,2.5292,2.9726
1997.6,0.025268,114.39,9.2898,0.034682,346.58,1.507,1.8335,4.1565,1.2732,2.2313,4.2258,1.2146,1.9789,4.2396,2.4823,2.653,4.2921,0.85878,2.0491,4.2378,1.5183,2.5072,3.8939,3.058,2.84,5.8826,1.2072,1.9822,4.2361,1.7445,1.6954,4.2416,1.286,2.2282,4.2451,0.85062,2.0621,4.2142,2.9197,2.834,4.5243,5.657,2.7588,1.4077,1.2711,2.8072,3.6559,0.94094,2.1445,3.0181,2.4935,2.0715,4.4743,1.4701,1.666,3.9116,0.65317,2.5862,3.8633,2.0128,1.765,3.484,1.0937,2.4288,3.1086,0.241,2.2909,3.5208,1.7798,1.6777,3.3936,2.0661,2.8052,4.363,1.7865,1.6871,3.3976,1.4652,1.6564,3.9221,0.39003,2.1473,3.1795,2.0597,2.3778,4.4177,1.4726,1.6799,3.2019,0.82719,1.9007,2.7569,3.045,2.8413,5.8601,2.0151,1.7763,3.4865,1.0101,2.7212,2.8902,1.8226,2.5877,4.0155,0.64075,1.8881,2.7956,1.0684,2.4374,3.0739,1.9041,1.9175,4.5052,1.6885,1.673,3.8938,0.51144,2.2,3.7499,1.1862,2.4663,3.769,0.98044,2.0839,3.2422,2.5775,2.3167,4.3323,2.0902,2.1742,4.7063,1.4836,1.6708,3.9221,1.8948,1.9195,4.5003,1.4973,2.1889,3.2651,0.80529,2.1027,3.1582,2.4241,2.3856,4.3352,1.9321,2.5952,4.8585,1.9095,2.5997,4.8349,2.5665,2.3186,4.3259,1.2859,2.5033,3.9288,1.6996,2.2366,4.3133,1.989,3.0433,3.926,0.53405,2.4686,2.504,1.5392,2.0638,4.6227,2.0453,3.0502,3.9864,0.36923,2.3857,3.4042,1.6608,1.6113,4.0796,0.70393,2.0357,3.0835,2.2473,2.2471,4.6548,0.67343,2.5996,3.0526,0.98434,2.0878,3.243,0.10286,2.891,1.9408,2.0024,1.9921,4.6063,2.5626,2.3204,4.3249,2.6418,2.3238,5.1655,2.0758,2.7828,4.3757,1.0811,1.825,3.9641,4.6331,2.9698,0.51421,0.87462,2.122,3.0394,1.3067,2.0939,4.2861,1.051,2.0911,3.4868,2.2533,2.7354,4.5138,1.7079,1.583,4.1496,1.1704,2.5486,3.0911,0.76176,2.4375,3.7648,2.0608,1.9106,3.7201,1.5839,2.4433,3.4568,1.639,2.5369,3.6013,1.6478,1.652,4.2495,2.0507,2.7832,4.5213,2.0714,2.7814,4.5426,3.3814,2.7777,6.1399,1.7088,1.5806,4.1488,1.7173,2.0022,3.4515,2.0912,2.9318,4.8905,1.1695,2.5501,3.1034,2.6267,2.4445,4.9744,1.0443,2.6058,4.0678,1.587,2.4386,3.461,1.1716,1.8154,4.0902,1.6642,1.6059,4.0777,1.7124,2.0016,3.4426,0.27848,2.941,3.329,2.8876,2.2974,4.592,1.3139,1.9492,4.2079,1.2747,2.6714,3.3684,1.4519,2.4554,3.3411,1.8491,1.9662,3.7059,1.9471,2.368,3.9993,1.0831,2.285,3.1801,2.5397,2.0337,5.1443,1.2493,2.6728,3.3342,1.4406,2.4659,3.3276,0.30715,2.9427,3.3543,0.6689,1.8173,2.8863,1.6923,2.0142,4.4449,1.4661,1.842,4.1282,5.5014,2.8962,1.8152,0.81995,2.1143,2.7938,1.0376,2.6135,4.0674,2.1806,2.5244,3.6217,2.6174,2.4382,4.9626,2.8176,2.697,4.5337,2.1476,2.5204,4.5146,2.3493,2.1075,4.2037,0.76818,2.0048,3.3377,0.35892,2.4657,2.9142,0.60039,2.1417,3.7102,2.3846,2.4861,4.4419,0.78018,2.4592,2.8823,1.2529,1.587,4.2868,1.6962,2.0139,3.4435,6.2363,2.6872,1.9914,3.2585,2.9352,0.011169,0.77977,2.446,2.9047,1.6617,1.6354,4.0821,1.4975,1.8731,3.1799,0.75628,2.4561,2.873,2.1657,2.3478,4.9356,1.16,2.5629,3.0909,1.0062,1.9631,3.5034,0.51448,1.9791,3.263,1.7063,2.0129,3.439,2.3871,2.0905,4.2048,2.1581,2.1543,4.9887,1.2841,1.7308,3.8112,0.68678,1.9788,2.7608,2.1602,2.1587,4.9967,2.3302,2.1979,4.4817,1.5697,2.3303,3.9647,4.2772,2.9824,0.20529,1.9544,2.3552,4.0004,0.83356,1.9599,4.1211,1.2034,2.5855,4.2307,3.5769,2.8442,6.139,1.5348,1.6223,3.2899,0.30224,2.2994,3.3806,5.126,2.9721,1.0673,0.586,2.7766,3.2875,1.2906,2.5134,2.996,2.1424,2.1378,4.9633,1.4794,2.0845,4.3634,1.5258,1.6265,3.2927,1.3883,2.9268,3.3693,0.47858,2.4435,2.7568,0.90597,2.4544,2.9963,0.22681,2.6151,3.3412,1.6194,2.2702,4.1357,0.48186,2.441,2.7442,1.0416,2.192,3.6453,1.3933,1.8001,4.2917,0.32013,2.3074,3.3941,1.5278,1.6152,3.2896,0.47383,2.4436,2.7547,3.0725,2.8691,5.9968,1.9889,2.5879,4.0249,1.9863,2.1853,4.6037,2.5877,2.7741,5.2223,1.8952,1.9532,3.8923,1.2945,1.797,3.6948,2.1555,2.148,4.9827,1.3952,2.6472,3.9922,1.0965,3.0806,2.9351,4.7122,2.9715,0.42887,1.2797,2.6924,4.3524,1.9064,1.9485,3.8848,1.2636,2.639,2.8842,0.43033,2.7665,3.033,0.95507,2.8956,4.1457,0.61554,2.5246,2.6143,0.69013,1.9548,2.9684,0.54499,2.402,3.4149,1.5649,2.1789,4.2471,1.3101,2.6981,4.3779,0.61062,1.9625,3.0859,1.9847,1.8832,3.8132,1.1928,1.8342,3.6558,2.4016,2.7087,4.9037,1.3738,1.5539,4.1591,1.3816,2.1571,3.1686,0.62861,1.9654,3.0881,0.47602,2.4454,2.5867,1.6203,2.2751,4.1413,2.4112,2.7067,4.9262,0.62104,1.9688,3.0787,1.5688,1.7093,3.3318,0.50012,3.0449,2.4049,0.60043,2.5256,2.6055,2.9408,2.7468,5.9279,6.219,2.871,2.5937,4.6769,2.9779,0.39046,2.3204,2.3916,3.7116,1.007,3.0727,3.8012,1.4093,2.2881,3.537,0.90102,3.0737,3.6945,2.3563,2.2344,3.7888,1.1908,1.8276,3.6536,2.4288,2.3429,4.5676,2.5652,2.6445,4.0372,1.2794,2.6799,4.3487,1.8945,1.935,3.885,1.1525,2.7679,3.6768,2.4139,2.4738,5.0409,1.6072,2.6061,3.3325,2.1661,2.1957,4.1053,0.78474,1.9074,3.3644,2.3224,2.4075,3.7273,2.3245,2.4054,3.7215,2.1963,1.9146,4.9244,2.6341,2.2858,4.7903,2.3569,2.2379,3.7941,1.3783,1.5895,3.8443,2.411,2.7094,4.9228,1.8939,1.9397,3.8886,0.77703,2.136,3.9876,1.6004,1.8146,4.2553,2.4142,2.7093,4.9297,1.4466,2.3854,3.2621,5.9514,2.8876,2.2365,1.8529,1.7953,3.4886,1.9472,3.0012,4.2635,2.0324,1.9529,4.7795,1.1229,2.5787,4.2947,1.8993,2.1472,4.8641,1.6125,1.7764,3.9644,1.6042,2.0117,3.3748,1.041,2.7493,3.5881,0.93923,2.8177,3.8317,1.3994,2.4116,3.854,1.1361,2.7738,3.6559,1.8329,1.7644,4.0874,0.91873,2.4589,2.7847,1.9185,2.0769,4.395,0.11689,2.789,2.881,1.0794,1.9536,4.2648,0.96101,2.3253,3.0348,1.6422,2.394,4.5879,0.97702,2.0727,2.8476,0.73811,1.9913,2.7408,1.6091,1.7738,3.9673,0.92491,2.4559,2.7935,1.374,1.5846,3.838,2.7546,2.5843,4.6197,1.0847,2.1446,3.6214,1.1332,2.7825,3.6593,1.9759,1.9832,4.4799,1.0741,1.9586,4.2597,1.8555,1.6579,3.4533,1.6631,2.4954,4.0,2.1193,2.5489,4.9146,2.1448,2.3833,3.6987,1.197,3.0662,3.4252,1.4487,1.4679,4.2254,0.63545,2.9959,3.6347,1.6203,1.7339,4.2256,0.7412,1.9962,2.7396,0.69705,2.1944,3.9496,2.6808,2.5994,4.5327,1.9987,2.1204,3.4295,1.3926,2.9017,3.5417,1.0805,2.2068,3.6244,2.5362,2.0076,4.4816,1.4868,1.7316,4.4217,1.595,2.5874,3.5823,2.0598,2.3048,4.0794,2.6913,2.3644,4.9878,0.46255,2.5284,2.9789
1997.6,0.025268,114.39,9.2898,0.043353,350.28,1.5028,1.8323,4.1521,1.272,2.233,4.2268,1.2102,1.9765,4.2413,2.4777,2.6503,4.2896,0.85891,2.046,4.243,1.5177,2.5132,3.8942,3.0716,2.84,5.8998,1.2015,1.9802,4.2366,1.7438,1.6897,4.2398,1.2883,2.2286,4.2508,0.84871,2.062,4.2141,2.9272,2.8336,4.5288,5.6436,2.7537,1.3929,1.2789,2.7971,3.6638,0.93662,2.1442,3.0167,2.4966,2.0773,4.4827,1.4694,1.6632,3.9134,0.65162,2.5904,3.8575,2.0148,1.7656,3.4869,1.0978,2.4242,3.1209,0.2326,2.2922,3.5094,1.7781,1.6786,3.3953,2.047,2.799,4.341,1.7865,1.691,3.3995,1.4627,1.6519,3.9261,0.38878,2.1509,3.1735,2.0661,2.3831,4.4258,1.4721,1.6834,3.2026,0.82637,1.9068,2.7539,3.0547,2.8412,5.872,2.0179,1.7797,3.4898,1.0115,2.7225,2.8937,1.8241,2.5877,4.0194,0.64336,1.8933,2.7953,1.0672,2.4352,3.079,1.9058,1.9182,4.5086,1.6907,1.6674,3.8941,0.51193,2.1997,3.7517,1.1844,2.4781,3.7649,0.97352,2.0903,3.2345,2.5867,2.3218,4.3443,2.0963,2.1808,4.7144,1.4854,1.6706,3.9254,1.8946,1.9206,4.5024,1.4996,2.1933,3.2645,0.79974,2.1095,3.1493,2.4264,2.3898,4.3418,1.9284,2.5938,4.849,1.9019,2.6007,4.8221,2.5734,2.3245,4.3376,1.2855,2.508,3.924,1.7035,2.2382,4.3188,1.9732,3.0377,3.9085,0.54283,2.4686,2.5119,1.5375,2.0666,4.6262,2.0392,3.0455,3.9787,0.36294,2.3887,3.3952,1.6606,1.6067,4.0788,0.70202,2.0393,3.0791,2.248,2.2489,4.6566,0.68495,2.5941,3.067,0.97841,2.0944,3.235,0.094357,2.891,1.9306,2.0052,1.9946,4.612,2.5683,2.327,4.3355,2.6321,2.3195,5.1554,2.0594,2.7713,4.3587,1.0818,1.818,3.9693,4.6362,2.9609,0.51544,0.87107,2.1231,3.0353,1.3071,2.0923,4.2918,1.0494,2.0926,3.4847,2.2381,2.7297,4.4959,1.71,1.5787,4.1472,1.1779,2.546,3.0975,0.76481,2.4407,3.7631,2.0626,1.9057,3.7149,1.5794,2.4452,3.4534,1.6334,2.5408,3.6006,1.6446,1.6452,4.2494,2.0354,2.7749,4.5042,2.0607,2.7729,4.5313,3.3888,2.7762,6.1465,1.7112,1.5755,4.146,1.7215,2.0016,3.4515,2.0825,2.9305,4.8828,1.1759,2.5481,3.1119,2.6238,2.444,4.9703,1.0496,2.6065,4.0678,1.5829,2.4395,3.4589,1.1676,1.8191,4.0873,1.6652,1.5996,4.076,1.7153,2.0006,3.4401,0.27624,2.9392,3.3277,2.8922,2.2985,4.6,1.3128,1.9488,4.2089,1.2813,2.6667,3.3805,1.4484,2.4547,3.3406,1.8513,1.9609,3.7004,1.9461,2.377,4.0016,1.0794,2.2857,3.1778,2.54,2.0296,5.1435,1.2515,2.6686,3.3406,1.4345,2.4674,3.3241,0.3113,2.9413,3.3584,0.66635,1.8206,2.8784,1.6896,2.0106,4.4517,1.4657,1.8362,4.1305,5.4906,2.8946,1.8049,0.82008,2.1124,2.7973,1.0415,2.6164,4.0676,2.1879,2.5243,3.6214,2.611,2.4361,4.9542,2.8229,2.6944,4.5377,2.1436,2.5178,4.5094,2.3497,2.1096,4.207,0.76848,2.0098,3.334,0.36859,2.463,2.9242,0.59918,2.1418,3.7092,2.3841,2.4797,4.4455,0.78927,2.4574,2.891,1.2522,1.5881,4.2864,1.6943,2.016,3.4413,6.2212,2.6863,1.9761,3.2718,2.934,0.38316,0.78918,2.4407,2.9195,1.6621,1.6354,4.0805,1.4984,1.8755,3.179,0.75979,2.4537,2.8794,2.1648,2.3475,4.9296,1.1646,2.5629,3.0971,1.0074,1.9632,3.5034,0.50919,1.9793,3.2652,1.708,2.0141,3.4357,2.3872,2.0937,4.2073,2.1627,2.1543,4.9914,1.2824,1.7247,3.8144,0.68804,1.9793,2.7624,2.1652,2.1599,5.0009,2.3338,2.2017,4.4882,1.5705,2.3411,3.9651,4.295,2.975,0.22178,1.9543,2.3605,4.0019,0.8319,1.9588,4.1215,1.2118,2.5894,4.2355,3.5926,2.8413,6.1549,1.5357,1.6239,3.2908,0.29619,2.2997,3.3727,5.1231,2.9666,1.0647,0.59341,2.7741,3.2963,1.2975,2.5152,3.0011,2.1432,2.1338,4.9588,1.4808,2.0812,4.3673,1.526,1.6274,3.2943,1.3914,2.9258,3.3709,0.48689,2.4413,2.7681,0.90123,2.4541,2.9957,0.22818,2.6141,3.3413,1.6217,2.2742,4.1388,0.49205,2.4392,2.7534,1.0395,2.1989,3.6408,1.3929,1.798,4.291,0.31888,2.3097,3.3903,1.5274,1.6143,3.2906,0.48176,2.4415,2.766,3.0965,2.8684,6.0227,1.9839,2.5851,4.0223,1.9909,2.1872,4.6079,2.5732,2.7737,5.2064,1.8965,1.9494,3.8889,1.2945,1.7914,3.6969,2.1588,2.1459,4.9828,1.3933,2.6443,3.9876,1.0905,3.0795,2.9281,4.718,2.9674,0.43307,1.2863,2.6944,4.3579,1.9071,1.9457,3.8849,1.2688,2.6397,2.89,0.44968,2.7642,3.0554,0.96083,2.8964,4.151,0.62828,2.5257,2.6245,0.68818,1.9608,2.9622,0.54417,2.4035,3.4108,1.5645,2.1792,4.2524,1.325,2.701,4.3898,0.60407,1.9661,3.0769,1.9861,1.8793,3.8118,1.1924,1.8307,3.6587,2.3844,2.7042,4.8814,1.3728,1.5616,4.1552,1.3791,2.1571,3.1669,0.62621,1.9702,3.0802,0.48008,2.4441,2.592,1.6227,2.2813,4.1454,2.3974,2.702,4.9101,0.61658,1.9741,3.0683,1.5701,1.7081,3.3331,0.49452,3.0462,2.3966,0.60794,2.5271,2.6118,2.9503,2.7474,5.9394,6.2314,2.8729,2.6085,4.6774,2.9746,0.38904,2.3136,2.3866,3.7001,1.0397,3.0697,3.8371,1.4004,2.2977,3.5291,0.91541,3.072,3.7121,2.353,2.2333,3.7829,1.1902,1.8223,3.6564,2.4295,2.3444,4.5699,2.5601,2.6491,4.0393,1.2846,2.6788,4.352,1.8953,1.927,3.8796,1.1592,2.7602,3.6829,2.4042,2.4702,5.0267,1.6073,2.6019,3.3419,2.1657,2.1983,4.1065,0.78381,1.909,3.3621,2.3156,2.4071,3.7203,2.3177,2.4038,3.7123,2.1999,1.9218,4.9308,2.6313,2.2847,4.7897,2.3544,2.2379,3.7899,1.3777,1.5904,3.847,2.3965,2.706,4.905,1.8948,1.9333,3.884,0.77652,2.1342,3.9951,1.6001,1.8093,4.2545,2.4013,2.7054,4.9146,1.4468,2.3847,3.2622,5.9587,2.8896,2.2455,1.8514,1.7939,3.4924,1.939,2.9946,4.2531,2.0381,1.9539,4.7871,1.1293,2.5786,4.3011,1.9039,2.1465,4.8645,1.6125,1.769,3.9639,1.6041,2.0125,3.3702,1.0477,2.7422,3.5941,0.94611,2.814,3.8366,1.4051,2.4174,3.8571,1.1394,2.7675,3.6576,1.8312,1.7553,4.0858,0.92039,2.4584,2.7878,1.9212,2.0796,4.3982,0.12939,2.7865,2.893,1.0776,1.9518,4.2659,0.96464,2.3223,3.0416,1.645,2.3938,4.5884,0.97619,2.0687,2.8509,0.73664,1.9889,2.7404,1.608,1.7659,3.967,0.92793,2.4547,2.7988,1.372,1.5841,3.8385,2.7509,2.5828,4.6162,1.0847,2.147,3.6196,1.1369,2.7777,3.6625,1.976,1.9822,4.481,1.0715,1.9574,4.2601,1.8565,1.6595,3.4542,1.6634,2.4992,4.0001,2.1214,2.5473,4.9123,2.1418,2.3844,3.6953,1.2005,3.0641,3.4277,1.4494,1.4683,4.2233,0.63922,2.9948,3.6396,1.6194,1.7288,4.2236,0.74032,1.9955,2.7389,0.69899,2.1944,3.9513,2.6784,2.5983,4.5312,2.0007,2.1182,3.4267,1.3956,2.8959,3.5434,1.0799,2.2113,3.621,2.5377,2.0101,4.4853,1.4854,1.7305,4.4216,1.5909,2.5861,3.5825,2.0591,2.3094,4.0816,2.6865,2.3618,4.9818,0.46786,2.5276,2.9849
1997.6,0.025268,114.39,9.2898,0.052024,353.84,1.4985,1.8308,4.1479,1.271,2.2344,4.2278,1.206,1.9739,4.2426,2.4734,2.6478,4.2872,0.85903,2.0431,4.2481,1.5172,2.5189,3.8944,3.0851,2.8398,5.9169,1.196,1.9781,4.2371,1.743,1.6839,4.2379,1.2906,2.2288,4.2567,0.84688,2.062,4.2141,2.9346,2.8332,4.5333,5.6308,2.7486,1.3786,1.2863,2.7871,3.6712,0.93234,2.1439,3.0153,2.4998,2.0833,4.4912,1.4687,1.6603,3.9151,0.65005,2.5944,3.8518,2.0169,1.766,3.4898,1.1009,2.4197,3.1323,0.22422,2.2936,3.4978,1.7763,1.6793,3.397,2.0287,2.7927,4.3198,1.7866,1.6947,3.4014,1.4605,1.6477,3.9299,0.3877,2.1544,3.1679,2.0721,2.388,4.4333,1.4714,1.6865,3.2034,0.82565,1.9125,2.7512,3.0645,2.8412,5.8838,2.0208,1.783,3.493,1.0128,2.7236,2.897,1.8255,2.5879,4.0234,0.64596,1.8983,2.7952,1.0659,2.4331,3.0839,1.9077,1.9188,4.512,1.6929,1.6621,3.8945,0.51248,2.1992,3.7534,1.1828,2.4892,3.7613,0.96671,2.0963,3.2268,2.5961,2.3266,4.3565,2.1023,2.1871,4.7225,1.4874,1.6707,3.9285,1.8946,1.9216,4.5046,1.5019,2.1975,3.2637,0.79396,2.1162,3.1402,2.4289,2.394,4.3484,1.9248,2.5925,4.8396,1.8946,2.6015,4.8093,2.5808,2.3305,4.3496,1.2851,2.5128,3.9192,1.7075,2.2398,4.3242,1.9593,3.0323,3.893,0.55127,2.4685,2.5194,1.5355,2.0695,4.6295,2.0341,3.0409,3.9722,0.35683,2.3915,3.3865,1.6604,1.6027,4.0779,0.70004,2.043,3.0749,2.2487,2.2505,4.6584,0.69594,2.5888,3.081,0.97254,2.1009,3.227,0.085659,2.891,1.9202,2.0082,1.9973,4.6177,2.5744,2.3336,4.3466,2.6227,2.3153,5.1454,2.0444,2.7597,4.3431,1.0823,1.811,3.9745,4.6385,2.9521,0.51605,0.86761,2.1241,3.0314,1.3076,2.0907,4.2973,1.0478,2.0941,3.4826,2.2235,2.7241,4.4788,1.7121,1.5745,4.1449,1.1851,2.5435,3.1037,0.76775,2.4439,3.7613,2.0644,1.9009,3.7098,1.575,2.4472,3.4503,1.6281,2.5445,3.6003,1.6415,1.6388,4.2491,2.0207,2.7665,4.4879,2.0507,2.7644,4.5207,3.3964,2.7748,6.1531,1.7138,1.5705,4.1432,1.7258,2.0008,3.4515,2.0746,2.9291,4.8759,1.1821,2.5462,3.1201,2.6209,2.4434,4.9663,1.0546,2.6073,4.0676,1.579,2.4403,3.457,1.1634,1.8226,4.0846,1.666,1.5938,4.0743,1.7183,1.9998,3.4377,0.27408,2.9373,3.3263,2.897,2.2995,4.6079,1.3118,1.9487,4.2097,1.2873,2.6623,3.392,1.445,2.4541,3.3403,1.8536,1.9557,3.6951,1.9452,2.3859,4.004,1.0756,2.2864,3.1755,2.5404,2.0257,5.1429,1.2534,2.6648,3.3469,1.4284,2.4689,3.3207,0.31538,2.94,3.3623,0.66368,1.8238,2.8704,1.6866,2.007,4.4583,1.4653,1.8305,4.1327,5.4799,2.8931,1.7947,0.8201,2.1106,2.8006,1.0451,2.6193,4.0675,2.1937,2.5244,3.62,2.6043,2.4339,4.9459,2.8285,2.6919,4.5423,2.14,2.5155,4.5045,2.35,2.1118,4.2106,0.76862,2.015,3.3299,0.37838,2.4604,2.9343,0.59795,2.142,3.7081,2.3833,2.4734,4.449,0.79847,2.4556,2.9,1.2514,1.5893,4.286,1.6922,2.018,3.4392,6.2068,2.6853,1.9606,3.2851,2.9327,2.3551,0.79822,2.4352,2.9342,1.6623,1.6353,4.0789,1.4994,1.8779,3.178,0.76313,2.4512,2.8856,2.1638,2.3472,4.9237,1.1691,2.563,3.1032,1.0086,1.9632,3.5032,0.50371,1.9793,3.2674,1.7096,2.0153,3.4325,2.3875,2.0969,4.2098,2.1674,2.1542,4.9939,1.2807,1.7186,3.8175,0.68932,1.9796,2.7641,2.1703,2.1611,5.005,2.3375,2.2054,4.4948,1.5713,2.3516,3.9656,4.3112,2.9676,0.23688,1.9543,2.3659,4.0034,0.83019,1.9579,4.1216,1.2206,2.5933,4.2404,3.6081,2.8385,6.1704,1.5365,1.6253,3.2918,0.29015,2.3,3.3647,5.1201,2.9611,1.0622,0.60067,2.7716,3.305,1.3041,2.5171,3.0061,2.1442,2.1298,4.9546,1.4819,2.0778,4.3711,1.5262,1.6282,3.296,1.3944,2.9248,3.3726,0.4953,2.4392,2.7796,0.89687,2.4537,2.9956,0.22948,2.6131,3.3413,1.6241,2.2781,4.1421,0.50213,2.4374,2.7626,1.0373,2.2058,3.6362,1.3927,1.796,4.2903,0.31767,2.3119,3.3867,1.5273,1.6133,3.2914,0.48966,2.4394,2.7773,3.1197,2.8675,6.0479,1.9791,2.5825,4.0197,1.9954,2.1889,4.6123,2.5584,2.7733,5.1899,1.8976,1.9454,3.8854,1.2945,1.7859,3.699,2.162,2.1438,4.9828,1.3916,2.6414,3.9831,1.0839,3.0784,2.9205,4.7238,2.9632,0.4372,1.2929,2.6963,4.3635,1.908,1.943,3.885,1.274,2.6405,2.8958,0.46857,2.7616,3.0772,0.96688,2.8971,4.1566,0.64099,2.5269,2.6345,0.68631,1.9667,2.9564,0.54345,2.4048,3.407,1.5639,2.1792,4.2577,1.3397,2.7038,4.4017,0.5976,1.9695,3.0681,1.9874,1.8755,3.8105,1.1922,1.8271,3.6618,2.3679,2.6996,4.8597,1.3716,1.5693,4.1513,1.3767,2.1571,3.1653,0.62386,1.975,3.0725,0.48407,2.4427,2.5974,1.6253,2.2877,4.1496,2.3839,2.6971,4.8942,0.61199,1.9795,3.0577,1.5714,1.7069,3.3343,0.4883,3.0475,2.3876,0.61515,2.5286,2.6177,2.9602,2.7478,5.9511,6.2439,2.8747,2.6237,4.6782,2.971,0.38797,2.3071,2.3815,3.6887,1.0694,3.0664,3.87,1.3914,2.3071,3.5211,0.92899,3.0704,3.7288,2.35,2.2325,3.7773,1.1897,1.8167,3.6591,2.4304,2.3458,4.572,2.5552,2.6536,4.0414,1.2899,2.678,4.355,1.8961,1.9189,3.8742,1.1654,2.7526,3.6888,2.3949,2.4668,5.0126,1.6074,2.5975,3.3513,2.1652,2.2008,4.1079,0.78282,1.9106,3.3597,2.3089,2.4066,3.7133,2.3112,2.4022,3.7033,2.2037,1.9288,4.9372,2.6284,2.2835,4.7891,2.3521,2.2379,3.786,1.3771,1.5911,3.8498,2.3823,2.7026,4.8877,1.8958,1.9269,3.8796,0.77606,2.1325,4.0027,1.5998,1.8041,4.2536,2.3889,2.7016,4.8998,1.4471,2.384,3.2625,5.9658,2.8916,2.2546,1.85,1.7926,3.4958,1.9311,2.9879,4.2431,2.0438,1.9549,4.7945,1.1354,2.5786,4.3073,1.9083,2.1459,4.8649,1.6123,1.7618,3.9634,1.6041,2.0135,3.3659,1.0539,2.7352,3.5995,0.95252,2.8103,3.8409,1.4108,2.4231,3.8602,1.1425,2.7613,3.659,1.8296,1.7463,4.0843,0.92202,2.4581,2.7908,1.9239,2.0824,4.4014,0.14174,2.784,2.9048,1.0757,1.95,4.267,0.96808,2.3194,3.048,1.6477,2.3936,4.5889,0.97529,2.065,2.8539,0.73525,1.9866,2.7402,1.607,1.7581,3.9667,0.93087,2.4536,2.8041,1.37,1.5835,3.839,2.7476,2.5814,4.6131,1.0845,2.1496,3.6176,1.1405,2.773,3.6656,1.976,1.9813,4.482,1.0689,1.9563,4.2604,1.8573,1.6611,3.4552,1.6636,2.5027,4.0004,2.1234,2.5457,4.9101,2.1388,2.3853,3.6919,1.2044,3.0619,3.4305,1.4501,1.4687,4.2212,0.64234,2.9937,3.644,1.6187,1.7237,4.2216,0.73949,1.9948,2.7383,0.7009,2.1947,3.9528,2.676,2.5971,4.5297,2.0026,2.116,3.4242,1.3985,2.8901,3.5451,1.0793,2.2159,3.6176,2.5391,2.0126,4.4891,1.484,1.7294,4.4215,1.5872,2.5848,3.583,2.0585,2.3139,4.0838,2.6818,2.3594,4.976,0.4731,2.5268,2.991
1997.6,0.025268,114.39,9.2898,0.060694,357.37,1.4945,1.829,4.1438,1.2703,2.2359,4.2291,1.2017,1.9714,4.2439,2.4693,2.6454,4.2851,0.85911,2.0403,4.253,1.5167,2.5244,3.8945,3.0988,2.8394,5.934,1.1905,1.9757,4.2377,1.7423,1.678,4.2359,1.2928,2.2289,4.2625,0.84512,2.0618,4.2142,2.9419,2.8328,4.5379,5.6183,2.7433,1.3648,1.2932,2.7772,3.678,0.92809,2.1436,3.0139,2.5032,2.0893,4.4998,1.468,1.6576,3.917,0.64841,2.5984,3.8459,2.0189,1.7665,3.4926,1.1034,2.4156,3.1428,0.21577,2.2949,3.4862,1.7746,1.6797,3.3987,2.0114,2.7863,4.2996,1.7867,1.6981,3.4032,1.4585,1.6436,3.9334,0.38681,2.1577,3.1626,2.0777,2.3924,4.4406,1.4707,1.6895,3.2039,0.82502,1.9178,2.7491,3.0744,2.841,5.8957,2.0238,1.786,3.4963,1.0141,2.7248,2.9003,1.827,2.588,4.0274,0.64854,1.9031,2.7952,1.0646,2.431,3.0887,1.9095,1.9194,4.5155,1.6949,1.6573,3.8951,0.51312,2.1987,3.7554,1.1814,2.4996,3.7583,0.96002,2.1021,3.2195,2.6056,2.3313,4.3685,2.1081,2.1931,4.7303,1.4893,1.6709,3.9317,1.8948,1.9227,4.5069,1.5044,2.2014,3.263,0.78798,2.1229,3.1309,2.4314,2.3981,4.3552,1.9214,2.5913,4.8299,1.8877,2.6023,4.7967,2.5886,2.3365,4.3622,1.2846,2.5173,3.9145,1.7116,2.2416,4.3296,1.9467,3.0269,3.8788,0.55951,2.4686,2.5269,1.5333,2.0726,4.6325,2.0294,3.0363,3.9661,0.35094,2.3939,3.3784,1.6603,1.5988,4.077,0.69802,2.0465,3.0706,2.2493,2.2519,4.6599,0.70639,2.5835,3.0948,0.96674,2.1069,3.2193,0.076932,2.8908,1.9097,2.0114,2.0002,4.6236,2.5809,2.3403,4.3582,2.6134,2.311,5.1354,2.0305,2.7479,4.3287,1.0829,1.8042,3.9795,4.6403,2.9431,0.51616,0.86421,2.125,3.0276,1.3082,2.0894,4.3028,1.0461,2.0958,3.4805,2.2098,2.7186,4.4626,1.7143,1.5705,4.1427,1.1922,2.5411,3.1096,0.7706,2.4471,3.7595,2.0663,1.8963,3.705,1.5706,2.4492,3.4471,1.6233,2.5479,3.6006,1.6383,1.6327,4.2489,2.0067,2.7579,4.4722,2.0412,2.7558,4.5107,3.4043,2.7732,6.16,1.7163,1.5657,4.1404,1.7301,2.0003,3.4516,2.0674,2.928,4.8697,1.1881,2.5444,3.1281,2.6181,2.4429,4.9623,1.0595,2.608,4.0672,1.575,2.4413,3.4552,1.1592,1.8255,4.0821,1.6669,1.5882,4.0726,1.7214,1.9991,3.4354,0.27197,2.9356,3.325,2.9018,2.3002,4.6157,1.3107,1.9484,4.2107,1.2929,2.6583,3.4029,1.4417,2.4537,3.34,1.856,1.9504,3.6898,1.9444,2.3949,4.0066,1.0719,2.2871,3.1732,2.5408,2.022,5.1426,1.2554,2.6614,3.3531,1.4225,2.4704,3.3175,0.31938,2.9386,3.3662,0.66092,1.8271,2.8622,1.6835,2.0035,4.4649,1.4649,1.825,4.1347,5.469,2.8914,1.7842,0.81998,2.109,2.8037,1.0485,2.6223,4.0673,2.1975,2.5244,3.6171,2.5977,2.4316,4.9373,2.8343,2.6893,4.5469,2.1365,2.5132,4.4997,2.3505,2.1143,4.2144,0.76852,2.0204,3.3253,0.38825,2.4576,2.9447,0.59671,2.142,3.7071,2.382,2.4673,4.4522,0.8078,2.4538,2.909,1.2506,1.5905,4.2855,1.6902,2.02,3.4372,6.1922,2.6841,1.945,3.2984,2.9314,0.12547,0.80685,2.4297,2.9484,1.6625,1.6351,4.0774,1.5003,1.8802,3.1772,0.7663,2.4487,2.8917,2.1628,2.3467,4.9176,1.1736,2.563,3.1093,1.0098,1.9631,3.5032,0.49799,1.9792,3.2698,1.7113,2.0163,3.4292,2.3876,2.1002,4.2125,2.172,2.154,4.9963,1.2789,1.7125,3.8207,0.6906,1.98,2.7658,2.1753,2.1622,5.0089,2.3411,2.2092,4.5014,1.572,2.3617,3.966,4.3262,2.9601,0.25091,1.9543,2.3713,4.005,0.82843,1.9571,4.1216,1.2294,2.5971,4.2453,3.6232,2.8356,6.1857,1.5373,1.6268,3.2927,0.28413,2.3002,3.3568,5.1172,2.9554,1.0599,0.60773,2.769,3.3133,1.3107,2.5188,3.0109,2.1454,2.1259,4.9505,1.4829,2.074,4.375,1.5262,1.6289,3.2976,1.3975,2.9237,3.3742,0.50386,2.4371,2.7913,0.89293,2.4532,2.996,0.23071,2.6121,3.3413,1.6265,2.282,4.1454,0.51206,2.4357,2.7718,1.0351,2.2129,3.6315,1.3926,1.794,4.2895,0.31652,2.314,3.3834,1.527,1.6123,3.2922,0.49752,2.4373,2.7885,3.1423,2.8665,6.0725,1.9743,2.58,4.0175,2.0,2.1905,4.6164,2.5428,2.7727,5.1727,1.8988,1.9413,3.8821,1.2945,1.7804,3.7011,2.1652,2.1417,4.9827,1.39,2.6385,3.9787,1.0769,3.0776,2.9125,4.7294,2.9589,0.4413,1.2997,2.698,4.3692,1.9088,1.9403,3.8852,1.279,2.6413,2.9016,0.48691,2.7591,3.0985,0.97325,2.8974,4.1625,0.65369,2.5281,2.6446,0.68457,1.9723,2.9508,0.54285,2.406,3.4034,1.5634,2.179,4.2629,1.3543,2.7064,4.4135,0.59122,1.9728,3.0592,1.9887,1.8717,3.8093,1.1919,1.8235,3.6648,2.352,2.6951,4.8388,1.3703,1.5766,4.1474,1.3741,2.157,3.1638,0.62155,1.9798,3.065,0.48799,2.4413,2.6027,1.6282,2.2942,4.1537,2.3708,2.6923,4.8786,0.60729,1.9848,3.0471,1.5727,1.7056,3.3356,0.48147,3.0487,2.3781,0.62205,2.5303,2.6232,2.9701,2.7481,5.963,6.2559,2.8763,2.639,4.6794,2.9676,0.38728,2.3011,2.3765,3.6777,1.0963,3.0631,3.9001,1.3823,2.3166,3.513,0.94215,3.0688,3.7452,2.347,2.2318,3.7718,1.1892,1.8112,3.662,2.4312,2.3473,4.574,2.5502,2.6578,4.0435,1.295,2.6772,4.3578,1.8969,1.9109,3.8689,1.1712,2.7453,3.694,2.386,2.4633,4.9988,1.6077,2.5934,3.3609,2.1649,2.2036,4.1094,0.78175,1.9124,3.3572,2.3023,2.4062,3.7065,2.3047,2.4007,3.6945,2.2075,1.9353,4.9433,2.6256,2.2822,4.7886,2.3498,2.2382,3.7822,1.3764,1.5919,3.8526,2.3687,2.6991,4.8707,1.8967,1.9206,3.8751,0.77563,2.1306,4.0101,1.5995,1.7991,4.2528,2.3769,2.6979,4.8856,1.4474,2.3834,3.2626,5.9731,2.8936,2.2637,1.8488,1.7913,3.4994,1.9234,2.9814,4.2331,2.0497,1.9559,4.8018,1.1415,2.5786,4.3133,1.9127,2.1453,4.8654,1.6123,1.7548,3.9628,1.6041,2.0146,3.3618,1.0596,2.7286,3.6045,0.95846,2.8069,3.8447,1.4164,2.4286,3.8633,1.1453,2.7554,3.6602,1.828,1.7374,4.0828,0.92363,2.4577,2.7937,1.9267,2.0853,4.4048,0.15406,2.7813,2.9165,1.0738,1.9484,4.2681,0.97126,2.3167,3.054,1.6506,2.3936,4.5896,0.97429,2.0615,2.8567,0.73394,1.9845,2.7401,1.606,1.7506,3.9664,0.93374,2.4525,2.8094,1.368,1.5829,3.8396,2.7446,2.5801,4.6103,1.0844,2.1522,3.6156,1.144,2.7683,3.6685,1.976,1.9805,4.4832,1.0663,1.9551,4.2607,1.8582,1.6626,3.4562,1.6638,2.5062,4.0005,2.1254,2.5442,4.9077,2.1358,2.3864,3.6884,1.2085,3.0598,3.4335,1.4509,1.4691,4.2191,0.64482,2.9927,3.6476,1.618,1.7187,4.2197,0.7387,1.994,2.7378,0.70279,2.1949,3.9543,2.6737,2.5959,4.5285,2.0046,2.1139,3.4218,1.4014,2.8842,3.5469,1.0785,2.2206,3.614,2.5406,2.0153,4.493,1.4827,1.7283,4.4215,1.5837,2.5836,3.5836,2.0578,2.3183,4.0862,2.6774,2.357,4.9705,0.47826,2.526,2.9969
1997.6,0.025268,114.39,9.2898,0.069365,360.86,1.4904,1.8271,4.1399,1.2698,2.2373,4.2307,1.1974,1.9687,4.2448,2.4653,2.643,4.2833,0.85917,2.0377,4.2576,1.5162,2.5297,3.8946,3.1125,2.8389,5.9511,1.1851,1.9733,4.2382,1.7418,1.6723,4.2339,1.2949,2.2291,4.2683,0.84344,2.0617,4.2144,2.9491,2.8323,4.5423,5.6063,2.7379,1.3513,1.2996,2.7676,3.6845,0.92388,2.1432,3.0123,2.5068,2.0952,4.5087,1.4673,1.6549,3.9188,0.64674,2.6022,3.8401,2.0209,1.7669,3.4954,1.1051,2.4116,3.1523,0.20727,2.2961,3.4745,1.7729,1.68,3.4003,1.9951,2.7798,4.2804,1.7869,1.7013,3.4049,1.4568,1.6396,3.9368,0.38607,2.1608,3.1576,2.0831,2.3963,4.4473,1.4701,1.6925,3.2046,0.82445,1.9227,2.7472,3.0844,2.8408,5.9077,2.0269,1.789,3.4996,1.0155,2.7258,2.9034,1.8287,2.5884,4.0315,0.6511,1.9077,2.7954,1.0632,2.4289,3.0933,1.9112,1.92,4.519,1.697,1.6526,3.8958,0.51385,2.1981,3.7574,1.1806,2.5092,3.756,0.95346,2.1075,3.2123,2.615,2.3357,4.3805,2.1138,2.1988,4.7379,1.4914,1.6714,3.9349,1.8952,1.9239,4.5092,1.5069,2.205,3.2624,0.78183,2.1295,3.1214,2.434,2.4022,4.3619,1.9183,2.5903,4.8205,1.881,2.6031,4.7843,2.5969,2.3423,4.3753,1.2843,2.5217,3.9101,1.7159,2.2435,4.3352,1.9354,3.0214,3.8659,0.56757,2.4688,2.5341,1.5309,2.0758,4.6351,2.0255,3.0316,3.9606,0.34532,2.3961,3.3707,1.6602,1.5953,4.0761,0.696,2.0498,3.0663,2.2498,2.2533,4.6612,0.71627,2.5783,3.1081,0.96107,2.1127,3.2117,0.068227,2.8906,1.8993,2.0149,2.0031,4.6297,2.588,2.347,4.3703,2.6045,2.3068,5.1258,2.0175,2.7361,4.3152,1.0834,1.7974,3.9845,4.6418,2.934,0.51584,0.86084,2.126,3.0239,1.3088,2.088,4.3083,1.0444,2.0975,3.4782,2.1967,2.7132,4.4471,1.7167,1.5666,4.1404,1.199,2.5388,3.1151,0.77338,2.4502,3.7575,2.0681,1.8918,3.7002,1.5662,2.4512,3.444,1.6189,2.5512,3.6014,1.6354,1.6269,4.2486,1.9933,2.7491,4.457,2.0324,2.7471,4.5013,3.4122,2.7715,6.167,1.7188,1.561,4.1376,1.7345,1.9998,3.4519,2.0608,2.9271,4.864,1.1938,2.5427,3.1358,2.6154,2.4425,4.9585,1.0641,2.6087,4.0665,1.5711,2.4423,3.4535,1.155,1.8285,4.0796,1.6679,1.5829,4.0709,1.7244,1.9983,3.4332,0.26992,2.9337,3.3237,2.9066,2.3009,4.6234,1.3097,1.9482,4.2117,1.2981,2.6546,3.4133,1.4386,2.4533,3.3398,1.8585,1.9453,3.6846,1.9436,2.4037,4.0094,1.0682,2.2879,3.171,2.5413,2.0185,5.1425,1.2572,2.6584,3.3595,1.4166,2.4719,3.3144,0.32327,2.9371,3.37,0.65807,1.8303,2.8539,1.68,2.0001,4.4716,1.4646,1.8197,4.1367,5.458,2.8896,1.7736,0.81977,2.1074,2.8066,1.0518,2.6253,4.0669,2.2003,2.524,3.6133,2.5909,2.4292,4.9285,2.8405,2.6867,4.5519,2.1333,2.5112,4.4953,2.3511,2.1172,4.2184,0.76815,2.0262,3.3202,0.39824,2.4548,2.9552,0.59545,2.1421,3.7061,2.3803,2.461,4.4553,0.81733,2.4519,2.9182,1.2496,1.5917,4.2849,1.6879,2.0219,3.435,6.1775,2.6827,1.9292,3.3119,2.93,0.033335,0.81507,2.4241,2.9626,1.6628,1.6348,4.0758,1.5013,1.8825,3.1763,0.76932,2.4463,2.8976,2.1618,2.3461,4.9113,1.178,2.563,3.1153,1.011,1.963,3.5031,0.49193,1.9788,3.2725,1.7129,2.0172,3.4259,2.3879,2.1037,4.2153,2.1765,2.1537,4.9985,1.277,1.7064,3.8237,0.69188,1.9803,2.7675,2.1802,2.1631,5.0128,2.3449,2.2129,4.5081,1.5727,2.3714,3.9663,4.3403,2.9526,0.26403,1.9543,2.3768,4.0067,0.82666,1.9563,4.1213,1.2384,2.6009,4.2504,3.638,2.8328,6.2008,1.5382,1.6284,3.2936,0.27816,2.3003,3.3489,5.1143,2.9496,1.0578,0.61459,2.7664,3.3213,1.3171,2.5205,3.0155,2.1467,2.122,4.9468,1.4838,2.0699,4.3788,1.5264,1.6295,3.2993,1.4006,2.9226,3.3758,0.51259,2.4349,2.8032,0.88936,2.4527,2.9967,0.23185,2.6111,3.3411,1.6289,2.2858,4.1488,0.5218,2.434,2.7808,1.0327,2.2201,3.6265,1.3923,1.7921,4.2886,0.31545,2.316,3.3802,1.5267,1.6111,3.2932,0.50531,2.4353,2.7997,3.164,2.8654,6.0962,1.9695,2.5775,4.0153,2.0045,2.192,4.6206,2.5269,2.772,5.155,1.8999,1.937,3.8786,1.2944,1.7749,3.7031,2.1683,2.1394,4.9827,1.3884,2.6356,3.9745,1.0694,3.0768,2.9041,4.7349,2.9546,0.44537,1.3066,2.6996,4.375,1.9096,1.9376,3.8856,1.2839,2.6421,2.9072,0.5046,2.7565,3.119,0.97998,2.8974,4.169,0.66634,2.5294,2.6546,0.68296,1.9779,2.9455,0.54238,2.4069,3.4001,1.563,2.1785,4.268,1.3687,2.7088,4.4252,0.58495,1.9759,3.0504,1.9899,1.8681,3.8083,1.1915,1.8199,3.6679,2.3368,2.6906,4.8186,1.3689,1.5837,4.1433,1.3716,2.1567,3.1622,0.61928,1.9845,3.0576,0.4918,2.44,2.6079,1.6312,2.3008,4.158,2.3579,2.6873,4.8633,0.60252,1.9899,3.0365,1.5738,1.7046,3.3368,0.47403,3.0499,2.3681,0.62862,2.532,2.6284,2.9803,2.7483,5.9749,6.2593,2.8779,2.6543,4.6807,2.9639,0.38694,2.2954,2.3713,3.6669,1.1208,3.0595,3.9277,1.3732,2.3257,3.505,0.95488,3.0671,3.7611,2.344,2.231,3.7664,1.1886,1.8055,3.665,2.4319,2.3488,4.5759,2.5451,2.6619,4.0457,1.3,2.6765,4.3606,1.8976,1.9028,3.8639,1.1767,2.7383,3.6988,2.3772,2.4599,4.9852,1.608,2.5891,3.3705,2.1645,2.2065,4.1111,0.78061,1.9141,3.3545,2.2958,2.4058,3.6997,2.2984,2.3991,3.6856,2.2115,1.9415,4.9493,2.6228,2.2811,4.7881,2.3475,2.2386,3.7786,1.3758,1.5926,3.8555,2.3553,2.6956,4.8543,1.8976,1.9145,3.8709,0.77525,2.1289,4.0175,1.5992,1.7942,4.252,2.3654,2.6941,4.8718,1.4476,2.3829,3.2627,5.9802,2.8955,2.2726,1.8477,1.7902,3.5028,1.9162,2.9748,4.2237,2.0555,1.9568,4.8089,1.1473,2.5786,4.3192,1.917,2.1448,4.8658,1.6122,1.7479,3.9624,1.6041,2.0158,3.3577,1.0648,2.7223,3.609,0.96394,2.8037,3.8481,1.4219,2.4339,3.8664,1.1481,2.7497,3.6611,1.8263,1.7288,4.0813,0.92522,2.4574,2.7967,1.9298,2.0883,4.4082,0.16633,2.7785,2.9281,1.072,1.9468,4.2691,0.97418,2.3142,3.0597,1.6535,2.3938,4.5904,0.97321,2.0582,2.8592,0.73271,1.9824,2.74,1.605,1.7433,3.9661,0.9365,2.4514,2.8146,1.366,1.5822,3.8401,2.7419,2.5789,4.6081,1.0842,2.155,3.6135,1.1473,2.7639,3.6715,1.976,1.9798,4.4844,1.0638,1.954,4.261,1.8591,1.6642,3.4572,1.6641,2.5094,4.0007,2.1272,2.5426,4.9054,2.1328,2.3875,3.685,1.2129,3.0576,3.4369,1.4516,1.4696,4.217,0.64668,2.9918,3.6506,1.6174,1.7137,4.2179,0.73795,1.9933,2.7373,0.70466,2.1952,3.9558,2.6714,2.5948,4.5272,2.0068,2.1119,3.4196,1.4043,2.8784,3.5487,1.0776,2.2254,3.6103,2.5422,2.018,4.497,1.4814,1.7272,4.4216,1.5804,2.5823,3.5845,2.0573,2.3226,4.0885,2.6731,2.3547,4.9653,0.4833,2.5254,3.0026
1997.6,0.025268,114.39,9.2898,0.078036,364.3,1.4864,1.825,4.1363,1.2696,2.2386,4.2323,1.1931,1.9661,4.2457,2.4616,2.6407,4.2818,0.85918,2.0353,4.2621,1.5158,2.5347,3.8947,3.126,2.8384,5.968,1.1798,1.9707,4.2389,1.7411,1.6665,4.2318,1.297,2.2291,4.2741,0.84183,2.0616,4.2147,2.9561,2.832,4.5469,5.5945,2.7325,1.3382,1.3056,2.7583,3.6905,0.91969,2.1428,3.0107,2.5106,2.1012,4.5176,1.4664,1.6525,3.9204,0.64507,2.606,3.8342,2.023,1.7672,3.4981,1.1061,2.408,3.1609,0.19872,2.2973,3.4627,1.7712,1.6801,3.402,1.9797,2.7735,4.2621,1.7871,1.7045,3.4067,1.4552,1.6359,3.9399,0.38549,2.1637,3.1529,2.0881,2.3998,4.4535,1.4693,1.6951,3.2051,0.82395,1.9274,2.7457,3.0946,2.8407,5.9197,2.0302,1.7916,3.503,1.0168,2.7268,2.9067,1.8303,2.5886,4.0356,0.65363,1.9122,2.7957,1.0618,2.4268,3.0979,1.9132,1.9203,4.5225,1.699,1.6483,3.8968,0.51469,2.1976,3.7596,1.18,2.5181,3.7542,0.94707,2.1126,3.2053,2.6245,2.34,4.3923,2.1194,2.2042,4.7452,1.4935,1.672,3.9378,1.8959,1.9252,4.5116,1.5095,2.2085,3.2619,0.77555,2.1361,3.1119,2.4366,2.4062,4.3687,1.9155,2.5894,4.811,1.8747,2.6038,4.7721,2.6056,2.3481,4.3888,1.284,2.5261,3.9059,1.7204,2.2454,4.3406,1.9251,3.0162,3.8542,0.57544,2.469,2.5412,1.5284,2.0793,4.6375,2.022,3.0269,3.9557,0.33994,2.3982,3.3634,1.6601,1.5921,4.0752,0.69396,2.0531,3.0622,2.2501,2.2546,4.6624,0.72559,2.5732,3.1211,0.95553,2.1182,3.2044,0.05956,2.8904,1.889,2.0186,2.0064,4.6359,2.5955,2.3535,4.3829,2.5961,2.3028,5.1163,2.0054,2.7242,4.3027,1.0838,1.791,3.9892,4.643,2.9251,0.51528,0.85749,2.127,3.0203,1.3093,2.0868,4.3135,1.0425,2.0994,3.4758,2.1844,2.7076,4.4326,1.7191,1.5629,4.1382,1.2056,2.5365,3.1203,0.77608,2.4533,3.7554,2.0699,1.8876,3.6956,1.5617,2.4534,3.4409,1.615,2.5541,3.6026,1.6324,1.6213,4.2484,1.9806,2.7402,4.4424,2.0242,2.7385,4.4925,3.4204,2.7699,6.1742,1.7213,1.5564,4.1348,1.7391,1.9993,3.4522,2.0548,2.9262,4.8588,1.1993,2.5412,3.1431,2.6128,2.4421,4.9548,1.0685,2.6096,4.0655,1.5673,2.4434,3.452,1.1505,1.8311,4.0771,1.669,1.5779,4.0694,1.7276,1.9975,3.4311,0.26793,2.932,3.3225,2.9114,2.3012,4.631,1.3085,1.948,4.2127,1.3029,2.6514,3.4232,1.4354,2.453,3.3398,1.8611,1.9402,3.6796,1.9431,2.4123,4.0122,1.0645,2.2887,3.1688,2.5419,2.0153,5.1425,1.2592,2.6559,3.3658,1.4107,2.4733,3.3112,0.32704,2.9356,3.3736,0.65513,1.8337,2.8455,1.6763,1.9967,4.4781,1.4645,1.8148,4.1383,5.4469,2.888,1.7629,0.81943,2.1061,2.8092,1.055,2.6286,4.0662,2.2028,2.5227,3.6086,2.584,2.4268,4.9197,2.8469,2.684,4.557,2.1302,2.5093,4.4909,2.3517,2.1204,4.2229,0.76748,2.0323,3.3146,0.40833,2.4521,2.9658,0.59419,2.1422,3.705,2.3786,2.4547,4.4584,0.82706,2.4498,2.9277,1.2486,1.5929,4.284,1.6855,2.0238,3.4328,6.1627,2.6813,1.9133,3.3252,2.9286,0.045677,0.82289,2.4184,2.9764,1.6629,1.6345,4.0743,1.5024,1.8848,3.1754,0.77215,2.4438,2.9033,2.1607,2.3454,4.905,1.1824,2.563,3.1214,1.0121,1.9628,3.503,0.48549,1.9784,3.2759,1.7145,2.0179,3.4225,2.388,2.1073,4.2181,2.1811,2.1534,5.0007,1.2749,1.7004,3.8268,0.69317,1.9805,2.7692,2.1851,2.1641,5.0164,2.3486,2.2166,4.5149,1.5734,2.3808,3.9666,4.3534,2.9452,0.2764,1.9543,2.3824,4.0083,0.82487,1.9557,4.1211,1.2477,2.6047,4.2555,3.6526,2.8299,6.2156,1.5392,1.6299,3.2946,0.27224,2.3003,3.341,5.1118,2.9437,1.0561,0.62125,2.7637,3.3291,1.3232,2.522,3.0201,2.1482,2.1181,4.9432,1.4842,2.0653,4.3826,1.5265,1.6301,3.3009,1.4035,2.9214,3.3773,0.52149,2.4326,2.8155,0.88612,2.452,2.9978,0.23288,2.61,3.3409,1.6313,2.2895,4.1522,0.53129,2.4325,2.7895,1.0302,2.2273,3.6214,1.3922,1.7901,4.2875,0.31446,2.3179,3.3774,1.5265,1.6098,3.2941,0.513,2.4335,2.8107,3.185,2.8642,6.1191,1.9648,2.5751,4.0131,2.0091,2.1932,4.6246,2.5105,2.7711,5.1369,1.901,1.9324,3.875,1.2943,1.7693,3.7053,2.1715,2.1371,4.9826,1.3871,2.6327,3.9704,1.0615,3.076,2.8953,4.7405,2.9502,0.44944,1.3136,2.701,4.3811,1.9104,1.935,3.8859,1.2888,2.643,2.9129,0.52162,2.7538,3.1389,0.98708,2.8973,4.1758,0.67892,2.5307,2.6645,0.68149,1.9832,2.9407,0.54204,2.4078,3.3969,1.5624,2.1776,4.2729,1.3829,2.711,4.4369,0.57881,1.9786,3.0419,1.991,1.8644,3.8073,1.1911,1.8163,3.6709,2.3226,2.686,4.7995,1.3674,1.5906,4.1393,1.369,2.1565,3.1607,0.61704,1.9891,3.0504,0.49551,2.4387,2.6129,1.6345,2.3073,4.1621,2.3456,2.6824,4.8483,0.5977,1.9949,3.026,1.575,1.7035,3.3381,0.46599,3.0511,2.3574,0.63485,2.5339,2.6332,2.9904,2.7482,5.9869,5.1657,2.8793,2.6696,4.6824,2.9602,0.38698,2.29,2.3662,3.6564,1.1429,3.0559,3.9529,1.3641,2.3345,3.4972,0.96714,3.0656,3.7766,2.3413,2.2304,3.7612,1.1879,1.8,3.6678,2.4326,2.3501,4.5777,2.54,2.6657,4.0478,1.3049,2.6758,4.3632,1.8985,1.8948,3.859,1.1818,2.7314,3.7033,2.3688,2.4565,4.9719,1.6082,2.5851,3.3801,2.1643,2.2094,4.1127,0.77941,1.9161,3.3518,2.2896,2.4054,3.6931,2.2922,2.3976,3.677,2.2155,1.9473,4.9552,2.6201,2.2799,4.7875,2.3453,2.239,3.7751,1.3751,1.593,3.8583,2.3423,2.6921,4.8382,1.8986,1.9085,3.8666,0.7749,2.127,4.0247,1.5989,1.7893,4.251,2.3543,2.6904,4.8584,1.4478,2.3827,3.2627,5.9873,2.8973,2.2814,1.8466,1.789,3.5061,1.9093,2.9684,4.2146,2.0613,1.9578,4.8159,1.153,2.5787,4.325,1.9213,2.1445,4.8662,1.6121,1.7414,3.9619,1.6042,2.0171,3.3539,1.0696,2.7163,3.613,0.96899,2.8005,3.8509,1.4271,2.4388,3.8696,1.1506,2.7441,3.6619,1.8247,1.7204,4.08,0.92678,2.4572,2.7995,1.9328,2.0916,4.4117,0.1785,2.7758,2.9398,1.07,1.9453,4.2701,0.97685,2.3119,3.0652,1.6566,2.394,4.5913,0.97206,2.0552,2.8614,0.73154,1.9806,2.7398,1.604,1.7362,3.9659,0.93919,2.4504,2.8196,1.364,1.5813,3.8407,2.7396,2.5777,4.6062,1.084,2.1578,3.6112,1.1505,2.7594,3.6741,1.976,1.979,4.4856,1.0613,1.953,4.2613,1.8601,1.6656,3.4582,1.6642,2.5126,4.0008,2.1291,2.5412,4.903,2.1299,2.3887,3.6815,1.2176,3.0554,3.4406,1.4524,1.4703,4.2149,0.64795,2.9909,3.653,1.6168,1.7088,4.2162,0.73723,1.9925,2.737,0.70654,2.1955,3.9571,2.6691,2.5937,4.5261,2.0091,2.1097,3.4175,1.4071,2.8726,3.5506,1.0766,2.2303,3.6065,2.5438,2.0206,4.5011,1.4801,1.7261,4.4217,1.5772,2.581,3.5856,2.057,2.327,4.091,2.6692,2.3525,4.9603,0.48821,2.5246,3.0082
1997.6,0.025268,114.39,9.2898,0.086706,367.47,1.4826,1.8227,4.1328,1.2695,2.2399,4.2342,1.1887,1.9633,4.2463,2.458,2.6384,4.2804,0.85916,2.0331,4.2662,1.5153,2.5395,3.8948,3.1397,2.8376,5.9849,1.1746,1.9681,4.2395,1.7406,1.6608,4.2297,1.299,2.2292,4.2798,0.84032,2.0615,4.215,2.963,2.8316,4.5512,5.5831,2.727,1.3256,1.3112,2.7493,3.6961,0.91555,2.1424,3.009,2.5146,2.1071,4.5267,1.4656,1.6501,3.9222,0.64344,2.6096,3.8284,2.025,1.7675,3.5007,1.1064,2.4046,3.1687,0.19014,2.2984,3.4508,1.7695,1.6802,3.4038,1.9653,2.767,4.2448,1.7873,1.7072,3.4082,1.4538,1.6321,3.9429,0.38505,2.1666,3.1485,2.0929,2.403,4.4594,1.4685,1.6977,3.2057,0.82345,1.9317,2.7444,3.1048,2.8405,5.9319,2.0335,1.7942,3.5063,1.0182,2.7278,2.9098,1.8321,2.589,4.0397,0.65614,1.9164,2.7962,1.0602,2.4247,3.1023,1.9151,1.9207,4.5259,1.701,1.6441,3.8978,0.51564,2.1968,3.7619,1.1798,2.5265,3.753,0.94085,2.1174,3.1987,2.6337,2.3439,4.4037,2.1249,2.2093,4.7523,1.4957,1.6728,3.9408,1.8967,1.9265,4.514,1.5123,2.2117,3.2614,0.76918,2.1426,3.1023,2.4393,2.4101,4.3753,1.9129,2.5886,4.8018,1.8686,2.6044,4.7601,2.6146,2.3537,4.4027,1.2838,2.5302,3.9019,1.725,2.2475,4.3461,1.9158,3.0108,3.8435,0.5831,2.4693,2.5481,1.5259,2.0829,4.6395,2.0191,3.0222,3.9514,0.33488,2.4,3.3566,1.66,1.589,4.0743,0.6919,2.0562,3.0581,2.2504,2.2557,4.6633,0.73441,2.5683,3.1336,0.95021,2.1236,3.1974,0.050928,2.89,1.8787,2.0226,2.0097,4.6424,2.6035,2.3599,4.3959,2.5883,2.299,5.1072,1.9941,2.7122,4.291,1.0843,1.7846,3.9938,4.6439,2.9161,0.51438,0.85415,2.128,3.0168,1.3101,2.0857,4.3188,1.0407,2.1014,3.4734,2.1727,2.7023,4.4187,1.7217,1.5592,4.1361,1.2122,2.5344,3.1253,0.77873,2.4564,3.7533,2.0719,1.8833,3.6912,1.5573,2.4555,3.4379,1.6115,2.5571,3.6045,1.6298,1.6158,4.2483,1.9683,2.7312,4.4285,2.0166,2.7298,4.4845,3.4289,2.7681,6.1817,1.7239,1.5521,4.132,1.7438,1.9988,3.4527,2.0493,2.9256,4.8539,1.2046,2.5398,3.1502,2.6103,2.4418,4.9512,1.0727,2.6104,4.0642,1.5635,2.4446,3.4505,1.1462,1.8338,4.0745,1.67,1.5732,4.0678,1.7308,1.9967,3.4291,0.26597,2.9301,3.3212,2.9162,2.3015,4.6386,1.3074,1.9479,4.2138,1.3073,2.6486,3.4325,1.4323,2.4528,3.3398,1.8638,1.9352,3.6747,1.9424,2.4211,4.0153,1.0608,2.2895,3.1666,2.5423,2.0124,5.1429,1.2611,2.6538,3.3722,1.4049,2.4747,3.3082,0.33068,2.9341,3.3771,0.65213,1.837,2.837,1.6721,1.9935,4.4847,1.4647,1.8103,4.1399,5.4357,2.8861,1.7521,0.81898,2.1048,2.8117,1.0579,2.6318,4.0654,2.2084,2.5204,3.6063,2.577,2.4242,4.9106,2.8535,2.6813,4.5625,2.1272,2.5074,4.4868,2.3526,2.1239,4.2277,0.76634,2.0388,3.3082,0.41854,2.4494,2.9767,0.59295,2.1422,3.704,2.3761,2.4477,4.4611,0.83714,2.4476,2.9374,1.2473,1.594,4.2832,1.6832,2.0258,3.4305,6.1478,2.6796,1.8973,3.3389,2.927,0.06069,0.83037,2.4127,2.9901,1.6631,1.634,4.0727,1.5035,1.8871,3.1746,0.77486,2.4413,2.9089,2.1597,2.3446,4.8986,1.1866,2.5631,3.1273,1.0133,1.9626,3.503,0.47852,1.9779,3.2803,1.7161,2.0186,3.419,2.3883,2.111,4.2212,2.1855,2.1528,5.0025,1.2726,1.6941,3.8299,0.69444,1.9807,2.7711,2.1901,2.1649,5.02,2.3523,2.2204,4.5217,1.5742,2.3897,3.9669,4.3657,2.9377,0.28812,1.9544,2.388,4.0101,0.82307,1.9551,4.1206,1.2572,2.6084,4.2609,3.667,2.8269,6.2305,1.5403,1.6314,3.2956,0.26635,2.3003,3.3333,5.1095,2.9375,1.0549,0.62773,2.7609,3.3367,1.3292,2.5236,3.0245,2.1499,2.1142,4.9398,1.4845,2.0603,4.3866,1.5267,1.6306,3.3025,1.4067,2.92,3.379,0.53074,2.4302,2.8283,0.88318,2.4512,2.9992,0.23381,2.6089,3.3405,1.6337,2.2931,4.1557,0.54044,2.4311,2.7979,1.0276,2.2347,3.6161,1.392,1.7882,4.2865,0.31355,2.3198,3.3747,1.5262,1.6084,3.2951,0.52059,2.4318,2.8217,3.2053,2.8629,6.1412,1.9601,2.5727,4.0111,2.0136,2.1944,4.6287,2.4937,2.7701,5.1181,1.902,1.9278,3.8715,1.2942,1.7638,3.7074,2.1746,2.1346,4.9825,1.3858,2.6298,3.9665,1.0534,3.0753,2.8862,4.7458,2.9458,0.4535,1.3211,2.7023,4.3878,1.9111,1.9325,3.8865,1.2934,2.6438,2.9185,0.53794,2.7512,3.158,0.99459,2.8969,4.1831,0.6914,2.532,2.6744,0.68017,1.9883,2.9362,0.54181,2.4085,3.3939,1.5618,2.1764,4.2777,1.3968,2.713,4.4484,0.57274,1.9813,3.0334,1.992,1.8608,3.8064,1.1906,1.8128,3.6739,2.3091,2.6816,4.7813,1.3656,1.5971,4.1352,1.3663,2.1561,3.1592,0.61483,1.9936,3.0434,0.49909,2.4374,2.6178,1.6379,2.314,4.1664,2.3335,2.6774,4.8337,0.59287,1.9997,3.0157,1.5761,1.7025,3.3393,0.45727,3.0523,2.3462,0.64074,2.5359,2.6377,3.0005,2.7481,5.9987,6.2519,2.8806,2.6846,4.6841,2.9564,0.38736,2.285,2.3609,3.6462,1.1627,3.0521,3.9757,1.3551,2.343,3.4894,0.9788,3.064,3.7914,2.3387,2.23,3.7563,1.1873,1.7945,3.6708,2.4332,2.3515,4.5794,2.5346,2.6693,4.0496,1.3095,2.6752,4.3656,1.8992,1.8869,3.8542,1.1865,2.7248,3.7075,2.3608,2.4533,4.959,1.6085,2.581,3.3896,2.164,2.2125,4.1146,0.77816,1.9181,3.349,2.2834,2.4051,3.6865,2.2861,2.3962,3.6684,2.2196,1.9527,4.9608,2.6174,2.2788,4.7869,2.3431,2.2396,3.7718,1.3745,1.5934,3.8613,2.3299,2.6886,4.8226,1.8996,1.9027,3.8624,0.77459,2.1252,4.0317,1.5986,1.7847,4.2502,2.3437,2.6867,4.8456,1.448,2.3824,3.2628,5.9941,2.899,2.29,1.8458,1.788,3.5093,1.9028,2.962,4.2061,2.067,1.9586,4.8225,1.1585,2.5788,4.3307,1.9256,2.1443,4.8667,1.6121,1.735,3.9615,1.6043,2.0185,3.3502,1.074,2.7106,3.6167,0.97364,2.7977,3.8534,1.4322,2.4435,3.8728,1.1529,2.7387,3.6624,1.8231,1.7123,4.0788,0.92833,2.457,2.8023,1.936,2.0948,4.4153,0.19055,2.7728,2.9511,1.0681,1.9438,4.2711,0.9793,2.3097,3.0704,1.6596,2.3943,4.5922,0.97087,2.0522,2.8634,0.73045,1.9788,2.7397,1.603,1.7295,3.9657,0.94179,2.4494,2.8247,1.362,1.5805,3.8414,2.7375,2.5767,4.6047,1.0837,2.1608,3.609,1.1537,2.7552,3.6768,1.976,1.9785,4.4869,1.0588,1.9519,4.2615,1.861,1.6671,3.4592,1.6644,2.5155,4.001,2.1308,2.5399,4.9007,2.1268,2.3898,3.678,1.2227,3.0532,3.4446,1.4531,1.4709,4.2128,0.64865,2.99,3.6548,1.6164,1.7041,4.2146,0.73655,1.9918,2.7366,0.70837,2.1959,3.9585,2.6669,2.5926,4.525,2.0113,2.1077,3.4157,1.41,2.8668,3.5525,1.0755,2.2354,3.6027,2.5455,2.0234,4.5054,1.4787,1.725,4.4218,1.5743,2.5798,3.5868,2.0566,2.3312,4.0935,2.6655,2.3504,4.9556,0.49298,2.5242,3.0136
1997.6,0.025268,114.39,9.2898,0.095377,370.91,1.4788,1.8201,4.1295,1.2696,2.2411,4.2361,1.1845,1.9605,4.2468,2.4545,2.6362,4.2791,0.8591,2.0311,4.2702,1.5148,2.5441,3.8948,3.1532,2.8368,6.0015,1.1696,1.9653,4.2402,1.7402,1.6551,4.2276,1.3009,2.2293,4.2856,0.83885,2.0614,4.2155,2.9697,2.8311,4.5556,5.572,2.7214,1.3133,1.3162,2.7407,3.7012,0.91144,2.1419,3.0073,2.5187,2.113,4.5359,1.4648,1.6479,3.9238,0.64181,2.6131,3.8226,2.027,1.7679,3.5035,1.1062,2.4014,3.1756,0.18152,2.2994,3.439,1.7678,1.6801,3.4054,1.9517,2.7607,4.2287,1.7876,1.71,3.4099,1.4525,1.6286,3.9457,0.3847,2.1692,3.1444,2.0974,2.4059,4.465,1.4678,1.7001,3.2063,0.82297,1.9356,2.7433,3.1153,2.8401,5.9442,2.0369,1.7966,3.5097,1.0196,2.7288,2.9129,1.8339,2.5895,4.0438,0.65863,1.9205,2.7968,1.0587,2.4226,3.1066,1.917,1.9211,4.5294,1.7029,1.6403,3.8989,0.51672,2.196,3.7644,1.1799,2.5344,3.7524,0.93477,2.122,3.1923,2.6429,2.3477,4.4149,2.1303,2.2142,4.7593,1.4979,1.6737,3.9437,1.8977,1.9279,4.5165,1.5151,2.2147,3.2609,0.76272,2.149,3.0928,2.4421,2.4139,4.382,1.9105,2.5879,4.7926,1.8629,2.6049,4.7483,2.6241,2.3592,4.417,1.2836,2.5342,3.8982,1.7299,2.2496,4.3516,1.9075,3.0057,3.8337,0.59051,2.4697,2.5548,1.5231,2.0866,4.6413,2.0166,3.0174,3.9477,0.33,2.4017,3.3502,1.66,1.5862,4.0734,0.68987,2.0592,3.0541,2.2506,2.2568,4.6641,0.74268,2.5634,3.1459,0.94502,2.1285,3.1905,0.042385,2.8895,1.8685,2.0269,2.0131,4.6489,2.612,2.366,4.4091,2.5808,2.2952,5.0983,1.9836,2.7001,4.2801,1.0848,1.7785,3.9983,4.6449,2.9073,0.51373,0.85085,2.129,3.0135,1.3109,2.0846,4.3239,1.0387,2.1034,3.4708,2.1616,2.6971,4.4056,1.7244,1.5555,4.1339,1.2185,2.5323,3.1299,0.78134,2.4594,3.7511,2.0738,1.8793,3.6869,1.5529,2.4578,3.4349,1.6083,2.5598,3.6067,1.6271,1.6108,4.248,1.9567,2.722,4.415,2.0095,2.7212,4.477,3.4374,2.7662,6.1893,1.7267,1.5479,4.1292,1.7487,1.9984,3.4533,2.0441,2.9251,4.8492,1.2096,2.5384,3.157,2.6078,2.4414,4.9477,1.0766,2.6112,4.0626,1.5598,2.4459,3.4491,1.1418,1.8365,4.0718,1.6712,1.5687,4.0661,1.7341,1.996,3.4272,0.26406,2.9282,3.3199,2.9211,2.3016,4.6459,1.3063,1.9478,4.2148,1.3114,2.646,3.4415,1.4294,2.4527,3.3399,1.8667,1.9302,3.6699,1.942,2.4296,4.0184,1.0572,2.2902,3.1645,2.5428,2.0097,5.1435,1.263,2.6519,3.3787,1.399,2.4762,3.3053,0.33419,2.9325,3.3805,0.64909,1.8402,2.8284,1.6676,1.9906,4.4908,1.4651,1.8062,4.1414,5.4244,2.8842,1.7412,0.81842,2.1037,2.814,1.0607,2.635,4.0644,2.2163,2.5169,3.6086,2.5699,2.4214,4.9013,2.8606,2.6785,4.5683,2.1245,2.5059,4.4829,2.3535,2.1278,4.2328,0.76471,2.0455,3.301,0.42882,2.4465,2.9876,0.59173,2.1422,3.703,2.3729,2.4408,4.4634,0.84743,2.4452,2.9474,1.2459,1.5952,4.282,1.6806,2.0276,3.4283,6.1328,2.6777,1.8812,3.3526,2.9252,0.075745,0.83718,2.4068,3.0033,1.6633,1.6334,4.0711,1.5046,1.8894,3.1737,0.77731,2.4387,2.9142,2.1586,2.3437,4.8922,1.1908,2.5631,3.1333,1.0145,1.9622,3.5029,0.47196,1.9775,3.2856,1.7177,2.019,3.4154,2.3885,2.1148,4.2243,2.19,2.1521,5.0042,1.2702,1.688,3.8328,0.69574,1.9809,2.7729,2.195,2.1656,5.0234,2.356,2.2241,4.5286,1.5748,2.3985,3.9671,4.3774,2.9303,0.29929,1.9545,2.3937,4.012,0.82127,1.9546,4.12,1.2669,2.612,4.2664,3.6812,2.8241,6.2457,1.5413,1.633,3.2966,0.26053,2.3001,3.3255,5.1074,2.9313,1.0541,0.634,2.7581,3.344,1.3351,2.5251,3.0287,2.1518,2.1103,4.9366,1.4844,2.0551,4.3907,1.5269,1.6311,3.3041,1.4098,2.9186,3.3806,0.54016,2.4277,2.8413,0.8805,2.4504,3.001,0.23462,2.6077,3.3399,1.6363,2.2965,4.1593,0.54944,2.4296,2.8061,1.0247,2.2422,3.6108,1.3919,1.7863,4.2853,0.31271,2.3214,3.3722,1.5259,1.6067,3.2961,0.52811,2.4302,2.8325,3.2247,2.8615,6.1624,1.9554,2.5703,4.0091,2.0181,2.1953,4.6325,2.4764,2.769,5.0989,1.9029,1.9229,3.868,1.2939,1.7583,3.7095,2.1776,2.132,4.9823,1.3845,2.6269,3.9627,1.045,3.0748,2.8771,4.7509,2.9414,0.45753,1.3287,2.7035,4.3948,1.9118,1.9299,3.8871,1.298,2.6445,2.924,0.55355,2.7484,3.1763,1.0024,2.8962,4.1907,0.70375,2.5334,2.684,0.67901,1.9933,2.9322,0.5417,2.4091,3.3912,1.5612,2.1749,4.2825,1.4107,2.7148,4.4599,0.56678,1.9838,3.0252,1.9929,1.8573,3.8056,1.1902,1.8093,3.6768,2.2966,2.6772,4.7642,1.3638,1.6033,4.1311,1.3634,2.1555,3.1576,0.61266,1.9979,3.0366,0.50259,2.4361,2.6227,1.6415,2.3206,4.1705,2.3219,2.6725,4.8194,0.58809,2.0043,3.0056,1.5772,1.7015,3.3405,0.44784,3.0536,2.3344,0.64628,2.5379,2.6417,3.0106,2.7478,6.0105,0.02439,2.8819,2.6994,4.6862,2.9526,0.38808,2.2804,2.3558,3.6364,1.1803,3.0482,3.9963,1.3463,2.351,3.4819,0.98989,3.0623,3.8057,2.336,2.2294,3.7514,1.1866,1.789,3.6737,2.4338,2.3529,4.5811,2.5293,2.6727,4.0514,1.314,2.6747,4.3678,1.9,1.8789,3.8496,1.191,2.7184,3.7113,2.3533,2.4501,4.9465,1.6088,2.5771,3.399,2.1638,2.2155,4.1166,0.77685,1.9202,3.3461,2.2774,2.4047,3.6801,2.28,2.3947,3.66,2.2235,1.9576,4.966,2.6147,2.2777,4.7864,2.341,2.2403,3.7688,1.3738,1.5938,3.8642,2.3177,2.685,4.8075,1.9006,1.8969,3.8584,0.77431,2.1234,4.0385,1.5983,1.7801,4.2493,2.3334,2.6831,4.8331,1.4482,2.3823,3.2629,6.0007,2.9007,2.2984,1.845,1.787,3.5124,1.8968,2.9558,4.1978,2.0727,1.9594,4.8289,1.1638,2.579,4.3362,1.9297,2.1441,4.8673,1.612,1.729,3.961,1.6045,2.0201,3.3466,1.078,2.7052,3.62,0.97794,2.7949,3.8555,1.4372,2.448,3.8759,1.1551,2.7336,3.6629,1.8214,1.7044,4.0776,0.92984,2.4567,2.8051,1.9392,2.0981,4.4189,0.20249,2.7699,2.9624,1.0662,1.9423,4.272,0.98153,2.3076,3.0753,1.6626,2.3948,4.5932,0.96963,2.0495,2.8653,0.72942,1.9771,2.7396,1.6021,1.7231,3.9654,0.9443,2.4485,2.8296,1.36,1.5797,3.842,2.7357,2.5757,4.6034,1.0834,2.1638,3.6066,1.1566,2.7511,3.6793,1.976,1.9779,4.4883,1.0563,1.9509,4.2618,1.8619,1.6685,3.4603,1.6646,2.5183,4.0011,2.1324,2.5386,4.8984,2.1239,2.3911,3.6745,1.228,3.051,3.4489,1.4538,1.4716,4.2107,0.64884,2.9893,3.6561,1.616,1.6994,4.2129,0.7359,1.9911,2.7362,0.7102,2.1964,3.9599,2.6647,2.5915,4.524,2.0137,2.1057,3.4139,1.4128,2.8611,3.5545,1.0743,2.2404,3.5987,2.5473,2.0262,4.5097,1.4774,1.7239,4.422,1.5715,2.5785,3.5883,2.0563,2.3353,4.096,2.662,2.3484,4.9512,0.49762,2.5236,3.0188
1997.6,0.025268,114.39,9.2898,0.10405,374.06,1.4751,1.8175,4.1264,1.27,2.2422,4.2382,1.1802,1.9578,4.2471,2.4511,2.6341,4.278,0.859,2.0294,4.274,1.5144,2.5486,3.8948,3.1666,2.8358,6.018,1.1646,1.9625,4.2408,1.7399,1.6494,4.2254,1.3027,2.2293,4.2913,0.83744,2.0615,4.2159,2.9762,2.8308,4.5599,5.5612,2.7156,1.3014,1.3208,2.7326,3.7058,0.90734,2.1414,3.0055,2.523,2.1189,4.5452,1.4639,1.6459,3.9254,0.64016,2.6166,3.8167,2.029,1.7682,3.506,1.1055,2.3984,3.1818,0.17284,2.3004,3.4269,1.7661,1.6798,3.4071,1.9391,2.7545,4.2134,1.7878,1.7124,3.4115,1.4513,1.625,3.9483,0.38447,2.1717,3.1404,2.1016,2.4085,4.4702,1.4671,1.7024,3.2069,0.82247,1.9394,2.7424,3.1259,2.8398,5.9566,2.0405,1.7989,3.5133,1.0209,2.7298,2.9158,1.8358,2.59,4.0481,0.66108,1.9245,2.7975,1.0571,2.4207,3.1107,1.9189,1.9214,4.533,1.7047,1.6366,3.9002,0.51796,2.1952,3.767,1.1803,2.5419,3.7523,0.92884,2.1263,3.1861,2.6521,2.3513,4.426,2.1357,2.2192,4.7662,1.5002,1.6746,3.9464,1.8989,1.9292,4.5189,1.5178,2.2174,3.2603,0.75621,2.1552,3.0832,2.4448,2.4177,4.3888,1.9085,2.5872,4.7837,1.8573,2.6054,4.7368,2.634,2.3646,4.4317,1.2834,2.5382,3.8945,1.7348,2.2519,4.3571,1.8999,3.0006,3.8247,0.59763,2.4702,2.5613,1.5205,2.0906,4.6428,2.0145,3.0126,3.9442,0.32529,2.4031,3.3441,1.66,1.5836,4.0725,0.68781,2.0619,3.0502,2.2507,2.2579,4.6647,0.75047,2.5586,3.1577,0.93997,2.1333,3.184,0.033948,2.8891,1.8584,2.0314,2.0167,4.6556,2.6206,2.3719,4.4226,2.5737,2.2916,5.0896,1.9737,2.6881,4.2699,1.0852,1.7725,4.0028,4.646,2.8986,0.5135,0.8476,2.1299,3.0102,1.3118,2.0836,4.329,1.0368,2.1056,3.4683,2.1511,2.6919,4.3931,1.7272,1.5518,4.1318,1.2246,2.5304,3.1343,0.7839,2.4624,3.7488,2.0758,1.8754,3.6827,1.5484,2.46,3.4319,1.6057,2.5622,3.6093,1.6245,1.606,4.2478,1.9456,2.7125,4.402,2.003,2.7124,4.47,3.4462,2.7643,6.197,1.7293,1.5437,4.1264,1.7537,1.9979,3.454,2.039,2.9246,4.8445,1.2146,2.5372,3.1636,2.6055,2.4411,4.9441,1.0804,2.612,4.0609,1.556,2.4471,3.4479,1.1375,1.8388,4.0694,1.6724,1.5645,4.0646,1.7375,1.9952,3.4255,0.26224,2.9263,3.3186,2.9259,2.3016,4.6531,1.3051,1.9478,4.2159,1.3153,2.6437,3.4502,1.4264,2.4527,3.3401,1.8697,1.9252,3.6652,1.9416,2.438,4.0218,1.0536,2.2909,3.1625,2.5433,2.0075,5.1442,1.2651,2.6503,3.3852,1.3932,2.4776,3.3024,0.33758,2.9309,3.3838,0.64605,1.8435,2.8199,1.6627,1.9882,4.4965,1.4655,1.8022,4.1428,5.4132,2.8823,1.7303,0.81779,2.1026,2.8161,1.0632,2.6384,4.0632,2.2234,2.5123,3.6116,2.5629,2.4186,4.892,2.8679,2.6756,4.5742,2.122,2.5044,4.4792,2.3547,2.132,4.2382,0.76259,2.0523,3.2931,0.43914,2.4438,2.9986,0.59053,2.1422,3.702,2.3681,2.4336,4.4648,0.85792,2.4429,2.9577,1.2442,1.5962,4.2808,1.6781,2.0292,3.426,6.1178,2.6757,1.8652,3.3661,2.9235,0.090618,0.84334,2.401,3.0158,1.6635,1.6328,4.0696,1.5057,1.8915,3.1729,0.77954,2.4362,2.9193,2.1577,2.3427,4.8858,1.1949,2.5632,3.1392,1.0156,1.9618,3.5029,0.46545,1.9772,3.2914,1.7192,2.0193,3.4118,2.3889,2.1188,4.2276,2.1943,2.1513,5.0056,1.2677,1.6818,3.8357,0.69703,1.981,2.7748,2.1998,2.1662,5.0267,2.3598,2.2279,4.5354,1.5754,2.4068,3.9673,4.3884,2.923,0.30997,1.9547,2.3995,4.0138,0.81948,1.9541,4.1194,1.2768,2.6157,4.2719,3.6952,2.8211,0.021664,1.5425,1.6344,3.2976,0.25478,2.2998,3.3179,5.1058,2.925,1.0537,0.64004,2.7552,3.351,1.3407,2.5264,3.0328,2.1538,2.1063,4.9335,1.4842,2.0495,4.3949,1.5272,1.6315,3.3056,1.413,2.9172,3.3822,0.5497,2.4253,2.8545,0.87804,2.4494,3.0029,0.23529,2.6066,3.3392,1.6387,2.2998,4.163,0.55817,2.4282,2.8141,1.0218,2.2496,3.6053,1.3917,1.7845,4.2841,0.31196,2.323,3.37,1.5256,1.6051,3.2971,0.53546,2.4286,2.8432,3.2433,2.8601,6.1829,1.9507,2.5681,4.0074,2.0227,2.1961,4.6364,2.459,2.7677,5.0794,1.9039,1.9179,3.8644,1.2936,1.7529,3.7115,2.1808,2.1294,4.9821,1.3835,2.624,3.959,1.0364,3.0743,2.8676,4.756,2.9369,0.46151,1.3364,2.7045,4.402,1.9125,1.9275,3.8877,1.3026,2.6453,2.9294,0.56841,2.7457,3.1937,1.0104,2.8954,4.1985,0.71586,2.5348,2.6936,0.67798,1.9981,2.9284,0.54173,2.4096,3.3888,1.5605,2.1733,4.2872,1.4241,2.7164,4.4712,0.56093,1.9861,3.0171,1.9937,1.8537,3.8049,1.1897,1.8059,3.6799,2.2849,2.6729,4.7482,1.3619,1.6094,4.1269,1.3605,2.1549,3.1561,0.61052,2.0021,3.0299,0.50596,2.4349,2.6274,1.6453,2.3273,4.1746,2.3107,2.6675,4.8056,0.58336,2.0086,2.9958,1.5782,1.7007,3.3418,0.43766,3.0548,2.3218,0.65146,2.5401,2.6454,3.0208,2.7473,6.0222,0.036991,2.883,2.7142,4.6884,2.9488,0.38912,2.276,2.3506,3.6269,1.1957,3.0442,4.0145,1.3376,2.3586,3.4748,1.0002,3.0608,3.8192,2.3336,2.229,3.7467,1.1859,1.7836,3.6767,2.4343,2.3542,4.5826,2.5238,2.6759,4.0529,1.3183,2.6742,4.3698,1.9007,1.8711,3.8451,1.1952,2.7123,3.715,2.3463,2.447,4.9345,1.609,2.5733,3.4082,2.1637,2.2187,4.1186,0.77551,1.9223,3.343,2.2716,2.4044,3.6739,2.2741,2.3933,3.6517,2.2275,1.9621,4.9711,2.6121,2.2766,4.7859,2.3389,2.2411,3.7657,1.3731,1.5942,3.867,2.3061,2.6814,4.7928,1.9017,1.8913,3.8544,0.77407,2.1217,4.0451,1.5979,1.7756,4.2484,2.3236,2.6795,4.8211,1.4484,2.3823,3.263,6.0072,2.9023,2.3065,1.8445,1.786,3.5154,1.8911,2.9497,4.19,2.0782,1.9601,4.835,1.1689,2.5792,4.3416,1.9339,2.144,4.8678,1.612,1.7231,3.9606,1.6047,2.0216,3.3432,1.0818,2.7,3.6231,0.98191,2.7923,3.8572,1.442,2.4522,3.8792,1.1572,2.7286,3.6633,1.8199,1.6968,4.0766,0.93132,2.4566,2.8078,1.9425,2.1015,4.4227,0.21427,2.7668,2.9736,1.0643,1.9409,4.2728,0.98359,2.3057,3.0799,1.6657,2.3953,4.5943,0.96838,2.047,2.8668,0.72843,1.9755,2.7394,1.6012,1.717,3.9652,0.94672,2.4476,2.8345,1.358,1.5787,3.8427,2.7341,2.5749,4.6025,1.083,2.167,3.6042,1.1595,2.7469,3.6816,1.9759,1.9774,4.4897,1.054,1.9499,4.2621,1.8628,1.6699,3.4614,1.6648,2.521,4.0012,2.134,2.5373,4.8962,2.1208,2.3923,3.671,1.2337,3.0488,3.4536,1.4545,1.4724,4.2086,0.64854,2.9886,3.6567,1.6156,1.6947,4.2114,0.73529,1.9905,2.7358,0.712,2.1968,3.9611,2.6626,2.5904,4.523,2.0159,2.1038,3.4123,1.4156,2.8553,3.5565,1.073,2.2455,3.5946,2.5491,2.029,4.5141,1.476,1.7229,4.4223,1.569,2.5773,3.5898,2.0561,2.3395,4.0985,2.6586,2.3466,4.9469,0.50213,2.5231,3.0239
1997.6,0.025268,114.39,9.2898,0.11272,377.31,1.4715,1.8147,4.1234,1.2703,2.2433,4.2404,1.176,1.9551,4.2472,2.4478,2.632,4.2771,0.85886,2.0278,4.2775,1.5139,2.5529,3.8947,3.18,2.8346,6.0343,1.1597,1.9596,4.2416,1.7394,1.6438,4.2232,1.3045,2.2293,4.297,0.83608,2.0616,4.2164,2.9826,2.8303,4.5642,5.5507,2.7098,1.2898,1.325,2.7249,3.71,0.90327,2.1409,3.0037,2.5274,2.1247,4.5545,1.4629,1.6439,3.927,0.63847,2.6201,3.8107,2.031,1.7685,3.5087,1.1043,2.3958,3.1874,0.16406,2.3013,3.4148,1.7644,1.6796,3.4088,1.9274,2.7484,4.1993,1.7881,1.7148,3.4131,1.4502,1.6216,3.9507,0.38431,2.1741,3.1366,2.1057,2.4109,4.4753,1.4664,1.7048,3.2075,0.82194,1.9429,2.7415,3.1368,2.8395,5.9693,2.0443,1.8013,3.517,1.022,2.7309,2.9186,1.8378,2.5906,4.0525,0.66351,1.9283,2.7983,1.0554,2.4187,3.1146,1.9208,1.9217,4.5365,1.7066,1.6332,3.9014,0.51934,2.1943,3.7698,1.181,2.5491,3.7524,0.92301,2.1305,3.18,2.6612,2.3548,4.4369,2.1411,2.224,4.7732,1.5024,1.6756,3.949,1.9002,1.9306,4.5214,1.5207,2.2201,3.2599,0.7497,2.1614,3.0739,2.4476,2.4214,4.3954,1.907,2.5864,4.7753,1.8521,2.6059,4.7254,2.6442,2.3698,4.4467,1.2833,2.5419,3.891,1.74,2.2542,4.3626,1.8929,2.9954,3.8162,0.60447,2.4706,2.5675,1.5177,2.0946,4.644,2.0127,3.0077,3.941,0.32072,2.4045,3.3382,1.66,1.5811,4.0717,0.68579,2.0645,3.0464,2.2507,2.2588,4.665,0.75778,2.554,3.1693,0.93508,2.1378,3.1777,0.025682,2.8884,1.8485,2.0362,2.0203,4.6624,2.6296,2.3775,4.4364,2.5669,2.2883,5.0814,1.9646,2.6761,4.2603,1.0857,1.7665,4.0072,4.6474,2.8899,0.5138,0.84445,2.1309,3.0072,1.3128,2.0827,4.334,1.0348,2.1078,3.4656,2.1411,2.6867,4.3811,1.73,1.548,4.1298,1.2307,2.5284,3.1385,0.78644,2.4653,3.7466,2.0777,1.8715,3.6787,1.544,2.4622,3.4289,1.6033,2.5646,3.6123,1.6219,1.6015,4.2476,1.9351,2.703,4.3895,1.9968,2.7038,4.4635,3.4551,2.7623,6.2048,1.732,1.5397,4.1236,1.7586,1.9975,3.4548,2.0342,2.9242,4.84,1.2192,2.536,3.1699,2.6032,2.4409,4.9407,1.084,2.6128,4.059,1.5524,2.4486,3.4467,1.1331,1.8408,4.0671,1.6735,1.5604,4.063,1.7409,1.9944,3.4238,0.26046,2.9244,3.3174,2.9306,2.3014,4.6601,1.3039,1.9477,4.2169,1.3191,2.6415,3.4585,1.4235,2.4527,3.3404,1.8727,1.9204,3.6607,1.9414,2.4461,4.0253,1.05,2.2917,3.1606,2.5437,2.0055,5.1451,1.2671,2.6486,3.3917,1.3876,2.479,3.2996,0.34082,2.9292,3.3869,0.64304,1.8465,2.8115,1.6577,1.9858,4.5015,1.4662,1.7984,4.1439,5.402,2.8803,1.7195,0.8171,2.1018,2.8181,1.0656,2.6418,4.0619,2.2291,2.5078,3.6154,2.5559,2.4158,4.8827,2.8754,2.6727,4.5805,2.1197,2.5032,4.4757,2.3559,2.1363,4.2439,0.76,2.0592,3.2845,0.44946,2.441,3.0096,0.58935,2.1422,3.701,2.3625,2.4261,4.4658,0.86852,2.4403,2.968,1.2424,1.5972,4.2791,1.6755,2.0309,3.4237,6.1028,2.6736,1.8492,3.3793,2.9217,0.10508,0.84869,2.3953,3.0274,1.6637,1.6321,4.068,1.5069,1.8939,3.1721,0.78152,2.4336,2.924,2.1568,2.3416,4.8795,1.1989,2.5633,3.145,1.0167,1.9613,3.5029,0.45915,1.9769,3.2972,1.7207,2.0194,3.4081,2.3892,2.1228,4.2311,2.1987,2.1504,5.0069,1.265,1.6757,3.8384,0.69831,1.9811,2.7767,2.2046,2.1667,5.0299,2.3636,2.2316,4.5422,1.576,2.4148,3.9674,4.3989,2.9157,0.32026,1.9549,2.4053,4.0158,0.8177,1.9538,4.1187,1.2868,2.6192,4.2776,3.7088,2.8182,0.75701,1.5436,1.6361,3.2986,0.24914,2.2995,3.3104,5.1042,2.9185,1.0538,0.6458,2.7524,3.3577,1.3461,2.5277,3.0366,2.156,2.1025,4.9307,1.4839,2.0438,4.3993,1.5274,1.6318,3.3071,1.416,2.9158,3.3837,0.55927,2.4227,2.8679,0.87577,2.4484,3.0051,0.2358,2.6055,3.3384,1.6413,2.3032,4.1667,0.56662,2.4268,2.822,1.0189,2.257,3.5997,1.3916,1.7826,4.2828,0.31129,2.3245,3.368,1.5253,1.6033,3.2981,0.54264,2.4273,2.8535,3.2613,2.8585,6.2026,1.9463,2.566,4.0057,2.0273,2.1968,4.6402,2.4414,2.7663,5.0596,1.9047,1.9126,3.8609,1.2933,1.7475,3.7135,2.1837,2.1268,4.9819,1.3825,2.6211,3.9555,1.0277,3.0739,2.8581,4.7608,2.9324,0.46542,1.3443,2.7055,4.4093,1.9131,1.9252,3.8884,1.307,2.6462,2.9348,0.58249,2.7431,3.2102,1.0185,2.8944,4.2065,0.72771,2.5363,2.7028,0.6771,2.0027,2.925,0.54198,2.41,3.3865,1.5597,2.1714,4.2917,1.4374,2.7179,4.4822,0.55521,1.9883,3.0092,1.9946,1.8502,3.8043,1.1892,1.8024,3.6827,2.2743,2.6688,4.7334,1.3598,1.615,4.1228,1.3576,2.1542,3.1545,0.60841,2.0063,3.0235,0.50926,2.4338,2.6321,1.6492,2.3338,4.1787,2.3001,2.6626,4.7923,0.57874,2.0127,2.9862,1.5792,1.6999,3.3429,0.42681,3.0559,2.3086,0.65629,2.5423,2.6488,3.0309,2.7468,6.0339,0.049516,2.884,2.7288,4.6908,2.9451,0.39046,2.2721,2.3454,3.6178,1.2092,3.0403,4.0306,1.3293,2.3657,3.4678,1.0099,3.0592,3.8319,2.3312,2.2287,3.7421,1.1851,1.7782,3.6796,2.4348,2.3554,4.5841,2.5182,2.6788,4.0544,1.3225,2.6738,4.3718,1.9015,1.8632,3.8408,1.1993,2.7062,3.7185,2.3397,2.444,4.923,1.609,2.5697,3.4171,2.1636,2.2218,4.1207,0.77412,1.9244,3.34,2.266,2.4042,3.6676,2.2684,2.3919,3.6435,2.2314,1.9663,4.9757,2.6095,2.2755,4.7853,2.3368,2.2419,3.7629,1.3724,1.5945,3.8697,2.2947,2.6778,4.7786,1.9027,1.8858,3.8505,0.77387,2.1199,4.0515,1.5977,1.7712,4.2475,2.3142,2.676,4.8095,1.4486,2.3823,3.263,6.0136,2.9038,2.3146,1.844,1.7852,3.5182,1.8857,2.9436,4.1826,2.0837,1.9608,4.841,1.1739,2.5794,4.3469,1.9379,2.144,4.8684,1.612,1.7174,3.9603,1.6049,2.0233,3.3399,1.0852,2.6952,3.6257,0.98561,2.7898,3.8587,1.4467,2.4562,3.8825,1.1591,2.7238,3.6634,1.8182,1.6895,4.0756,0.93277,2.4564,2.8104,1.9459,2.1049,4.4264,0.2259,2.7637,2.9845,1.0625,1.9395,4.2736,0.98545,2.3039,3.0844,1.6688,2.396,4.5954,0.96709,2.0446,2.8684,0.72749,1.9742,2.7392,1.6004,1.711,3.965,0.94903,2.4468,2.8393,1.356,1.5777,3.8434,2.7326,2.574,4.6018,1.0827,2.1702,3.6018,1.1623,2.743,3.684,1.9759,1.977,4.491,1.0517,1.9489,4.2622,1.8637,1.6712,3.4625,1.6649,2.5236,4.0014,2.1357,2.5362,4.894,2.1179,2.3936,3.6675,1.2395,3.0466,3.4584,1.4553,1.4732,4.2066,0.64781,2.9879,3.6571,1.6154,1.6902,4.21,0.7347,1.9898,2.7356,0.71378,2.1973,3.9623,2.6606,2.5894,4.5222,2.0183,2.102,3.4109,1.4184,2.8497,3.5586,1.0717,2.2506,3.5906,2.5509,2.0318,4.5186,1.4748,1.7218,4.4225,1.5666,2.5761,3.5915,2.056,2.3435,4.1011,2.6555,2.3448,4.9429,0.50651,2.5228,3.0288
1997.6,0.025268,114.39,9.2898,0.12139,380.69,1.4679,1.8118,4.1207,1.2709,2.2443,4.2428,1.1719,1.9524,4.2472,2.4447,2.6299,4.2764,0.85868,2.0264,4.2809,1.5135,2.557,3.8947,3.1932,2.8334,6.0505,1.1549,1.9568,4.2422,1.7391,1.6384,4.221,1.3062,2.2293,4.3027,0.83476,2.0617,4.2169,2.9889,2.8298,4.5685,5.5403,2.7039,1.2784,1.3287,2.7178,3.7137,0.89919,2.1404,3.0017,2.532,2.1304,4.5639,1.4619,1.6422,3.9286,0.63667,2.6236,3.8045,2.0331,1.7689,3.5113,1.1025,2.3933,3.1922,0.15517,2.3023,3.4026,1.7628,1.6791,3.4105,1.9166,2.7426,4.186,1.7884,1.717,3.4147,1.4492,1.6184,3.953,0.38423,2.1764,3.1328,2.1097,2.4134,4.48,1.4657,1.7071,3.208,0.82139,1.9461,2.7409,3.148,2.839,5.9821,2.0484,1.8037,3.5211,1.023,2.7321,2.9212,1.84,2.5914,4.0571,0.66589,1.932,2.7992,1.0534,2.4168,3.1183,1.9229,1.9219,4.5402,1.7083,1.6301,3.9027,0.5209,2.1933,3.7727,1.1819,2.5558,3.753,0.91727,2.1345,3.1741,2.6703,2.3583,4.4476,2.1465,2.2291,4.7806,1.5047,1.6765,3.9515,1.9017,1.9321,4.5239,1.5235,2.2227,3.2594,0.74324,2.1672,3.0648,2.4503,2.425,4.402,1.9058,2.5858,4.7671,1.847,2.6064,4.714,2.6548,2.375,4.4622,1.2832,2.5455,3.8874,1.7453,2.2565,4.3681,1.8863,2.9904,3.8082,0.61103,2.471,2.5737,1.5149,2.0988,4.6449,2.0109,3.0027,3.938,0.31617,2.4056,3.3324,1.66,1.5787,4.0707,0.68379,2.0671,3.0427,2.2504,2.2596,4.6651,0.76459,2.5492,3.1804,0.93036,2.1422,3.1717,0.017546,2.8878,1.8389,2.0412,2.024,4.6693,2.6388,2.3831,4.4504,2.5602,2.2848,5.0734,1.9561,2.6642,4.2516,1.0861,1.7605,4.0115,4.6491,2.8815,0.51494,0.84146,2.1318,3.0044,1.3139,2.0817,4.3388,1.0327,2.11,3.4629,2.1314,2.6815,4.3697,1.7329,1.5442,4.1277,1.2365,2.5265,3.1424,0.78896,2.4681,3.7443,2.0797,1.8678,3.6747,1.5396,2.4645,3.426,1.6011,2.5668,3.6157,1.6191,1.5974,4.2474,1.9249,2.6934,4.3774,1.991,2.6951,4.4572,3.464,2.7603,6.2127,1.7347,1.5358,4.1207,1.7637,1.9971,3.4557,2.0294,2.9237,4.8355,1.2237,2.5349,3.1759,2.601,2.4407,4.9373,1.0875,2.6136,4.0569,1.5488,2.4499,3.4457,1.1289,1.8424,4.065,1.6748,1.5567,4.0615,1.7444,1.9935,3.4222,0.25872,2.9225,3.3161,2.9352,2.3011,4.6668,1.3027,1.9477,4.218,1.3228,2.6394,3.4669,1.4207,2.4527,3.3407,1.8757,1.9155,3.6563,1.9413,2.454,4.029,1.0464,2.2924,3.1587,2.5439,2.0037,5.1458,1.2694,2.647,3.3985,1.3819,2.4803,3.2969,0.34394,2.9275,3.3899,0.64012,1.8495,2.8033,1.6524,1.9837,4.5059,1.4667,1.7947,4.1452,5.391,2.8783,1.7087,0.81636,2.1009,2.8199,1.0679,2.645,4.0605,2.2326,2.5034,3.6188,2.5489,2.4128,4.8734,2.8832,2.6698,4.5869,2.1175,2.5022,4.4725,2.3572,2.1409,4.2497,0.75698,2.0661,3.2755,0.45973,2.4383,3.0206,0.58818,2.1421,3.7,2.3571,2.4192,4.4667,0.87913,2.4377,2.9784,1.2403,1.5982,4.2773,1.6729,2.0324,3.4214,6.088,2.6713,1.8333,3.3919,2.9199,0.11898,0.85306,2.39,3.0378,1.6638,1.6314,4.0665,1.508,1.8961,3.1715,0.78316,2.4313,2.9283,2.1559,2.3404,4.8732,1.2028,2.5634,3.1507,1.0178,1.9607,3.5029,0.45334,1.9763,3.303,1.7222,2.0193,3.4044,2.3897,2.1269,4.2347,2.2029,2.1493,5.008,1.2623,1.67,3.841,0.6996,1.9812,2.7785,2.2092,2.1671,5.0329,2.3673,2.2352,4.5489,1.5765,2.4226,3.9674,4.4089,2.9085,0.33023,1.955,2.4111,4.0179,0.81596,1.9535,4.1178,1.2968,2.6227,4.283,3.7223,2.8154,0.043344,1.5448,1.6377,3.2996,0.24365,2.2992,3.3031,5.1029,2.912,1.0542,0.65125,2.7495,3.364,1.3512,2.529,3.0403,2.1583,2.0988,4.9282,1.4834,2.038,4.4035,1.5275,1.6319,3.3086,1.4191,2.9144,3.3852,0.56873,2.4202,2.8812,0.87367,2.4473,3.0073,0.23615,2.6043,3.3373,1.6439,2.3064,4.1704,0.57483,2.4255,2.8297,1.0157,2.2645,3.5939,1.3915,1.7809,4.2814,0.31069,2.3259,3.3662,1.5251,1.6016,3.2992,0.54965,2.426,2.8637,3.2785,2.8569,6.2216,1.9419,2.5638,4.0043,2.0317,2.1973,4.6438,2.4239,2.7648,5.0397,1.9056,1.9073,3.8574,1.293,1.7423,3.7156,2.1867,2.1241,4.9818,1.3815,2.6184,3.952,1.0188,3.0735,2.8484,4.7655,2.928,0.4693,1.3522,2.7063,4.4167,1.9138,1.9228,3.8891,1.3113,2.6469,2.9401,0.5958,2.7404,3.226,1.0266,2.8932,4.2145,0.73923,2.5377,2.7118,0.67636,2.0072,2.9219,0.54243,2.4104,3.3845,1.5591,2.1693,4.2961,1.4503,2.7193,4.4931,0.54961,1.9905,3.0013,1.9953,1.8468,3.8038,1.1887,1.799,3.6856,2.2646,2.6648,4.7196,1.3578,1.6204,4.1186,1.3547,2.1535,3.1529,0.60633,2.0104,3.0172,0.5125,2.4326,2.6366,1.6531,2.3404,4.1827,2.2898,2.6578,4.7793,0.57425,2.0166,2.9771,1.5803,1.6993,3.3441,0.41536,3.0571,2.2949,0.66077,2.5446,2.6518,3.0411,2.7461,6.0456,0.061867,2.885,2.7432,4.6933,2.9415,0.39212,2.2685,2.3403,3.6091,1.2208,3.0364,4.045,1.3212,2.3723,3.4613,1.0189,3.0577,3.8439,2.3289,2.2285,3.7378,1.1844,1.7728,3.6826,2.4353,2.3566,4.5855,2.5127,2.6815,4.0558,1.3266,2.6734,4.3735,1.9022,1.8554,3.8367,1.2031,2.7005,3.7217,2.3336,2.4412,4.9121,1.6089,2.5661,3.4255,2.1636,2.225,4.1229,0.77268,1.9267,3.3369,2.2607,2.4039,3.6616,2.2627,2.3906,3.6355,2.2351,1.97,4.9799,2.607,2.2745,4.7849,2.3347,2.2429,3.7602,1.3718,1.5948,3.8722,2.2838,2.6741,4.7647,1.9037,1.8804,3.8467,0.77371,2.1182,4.0579,1.5974,1.767,4.2466,2.305,2.6724,4.7984,1.4487,2.3824,3.2631,6.0199,2.9053,2.3225,1.8436,1.7844,3.521,1.8805,2.9376,4.1755,2.089,1.9614,4.8466,1.1786,2.5796,4.3521,1.942,2.1441,4.869,1.612,1.712,3.96,1.6053,2.025,3.3367,1.0882,2.6906,3.6281,0.98907,2.7875,3.86,1.4512,2.4599,3.8857,1.1608,2.7193,3.6634,1.8166,1.6825,4.0747,0.93418,2.4564,2.8129,1.9494,2.1084,4.4302,0.23737,2.7606,2.9953,1.0605,1.9382,4.2743,0.98713,2.3023,3.0885,1.6719,2.3966,4.5966,0.96579,2.0423,2.8697,0.7266,1.9729,2.7391,1.5995,1.7054,3.9649,0.95125,2.446,2.844,1.3539,1.5766,3.8441,2.7314,2.5733,4.6013,1.0823,2.1734,3.5992,1.1649,2.7392,3.6861,1.9758,1.9766,4.4924,1.0495,1.9479,4.2625,1.8646,1.6725,3.4636,1.665,2.5262,4.0014,2.1373,2.5351,4.8918,2.115,2.3948,3.664,1.2456,3.0444,3.4635,1.456,1.4741,4.2045,0.6467,2.9873,3.657,1.6153,1.6859,4.2085,0.73414,1.9892,2.7353,0.71553,2.1979,3.9635,2.6586,2.5883,4.5214,2.0208,2.1,3.4095,1.4211,2.8443,3.5608,1.0702,2.2558,3.5864,2.5529,2.0346,4.5231,1.4735,1.7208,4.4228,1.5643,2.575,3.5932,2.0559,2.3474,4.1037,2.6525,2.3431,4.9392,0.51078,2.5224,3.0335
1997.6,0.025268,114.39,9.2898,0.13006,383.93,1.4645,1.8088,4.1181,1.2717,2.2453,4.2452,1.1678,1.9496,4.2472,2.4416,2.6279,4.2757,0.85845,2.0251,4.284,1.513,2.561,3.8946,3.2064,2.832,6.0666,1.1501,1.9539,4.2428,1.7387,1.633,4.2188,1.308,2.2294,4.3084,0.83347,2.0619,4.2176,2.9951,2.8293,4.5728,5.5301,2.6979,1.2673,1.332,2.7112,3.7169,0.8951,2.1398,2.9998,2.5367,2.1361,4.5735,1.4609,1.6406,3.9302,0.63477,2.6271,3.7981,2.0351,1.7693,3.5139,1.1004,2.3911,3.1964,0.14616,2.3031,3.39,1.7611,1.6786,3.4123,1.9067,2.7371,4.174,1.7887,1.7192,3.4163,1.4483,1.6152,3.9551,0.3842,2.1786,3.1292,2.1135,2.4156,4.4846,1.465,1.7094,3.2086,0.82079,1.9491,2.7403,3.1594,2.8385,5.9952,2.0527,1.806,3.5256,1.0237,2.7335,2.9236,1.8424,2.5922,4.062,0.66823,1.9355,2.8001,1.0513,2.415,3.1218,1.925,1.9221,4.5438,1.7101,1.627,3.9041,0.52262,2.1922,3.7759,1.183,2.5622,3.7538,0.9116,2.1383,3.1683,2.6793,2.3616,4.4582,2.1521,2.2342,4.7881,1.507,1.6774,3.9538,1.9034,1.9336,4.5264,1.5265,2.2253,3.2588,0.73687,2.1729,3.0558,2.453,2.4284,4.4086,1.9048,2.5851,4.7591,1.8421,2.6069,4.7028,2.6657,2.3799,4.478,1.283,2.5489,3.8838,1.7508,2.2589,4.3736,1.88,2.9853,3.8007,0.61737,2.4715,2.5796,1.5119,2.1032,4.6455,2.0093,2.9976,3.9352,0.31154,2.4068,3.3266,1.66,1.5764,4.0698,0.6818,2.0694,3.0392,2.2499,2.2604,4.6649,0.77091,2.5445,3.1913,0.92578,2.1464,3.166,0.019422,2.887,1.8295,2.0464,2.0278,4.6763,2.6479,2.3883,4.4644,2.5537,2.2812,5.0656,1.9482,2.6524,4.2434,1.0864,1.7546,4.0159,4.651,2.8733,0.51674,0.83861,2.1327,3.0018,1.3151,2.0808,4.3436,1.0305,2.1124,3.4602,2.122,2.6763,4.3587,1.7358,1.5404,4.1254,1.2423,2.5247,3.1462,0.79145,2.4709,3.742,2.0817,1.8641,3.6708,1.535,2.4667,3.4232,1.5994,2.5687,3.6194,1.6161,1.5937,4.2472,1.9152,2.6837,4.3656,1.9854,2.6865,4.4512,3.4729,2.7581,6.2205,1.7375,1.5321,4.1179,1.7687,1.9965,3.4566,2.0247,2.9231,4.831,1.228,2.5339,3.1816,2.5988,2.4404,4.934,1.0908,2.6143,4.0549,1.5453,2.4512,3.4448,1.1246,1.8436,4.0633,1.6762,1.5531,4.06,1.7478,1.9927,3.4208,0.25718,2.9206,3.3149,2.9396,2.3005,4.673,1.3013,1.9477,4.2191,1.3266,2.637,3.4754,1.4179,2.4529,3.3411,1.8788,1.9107,3.652,1.9412,2.4616,4.0327,1.043,2.293,3.1569,2.5442,2.0019,5.1465,1.272,2.6452,3.4054,1.3763,2.4816,3.2942,0.34698,2.9258,3.3928,0.63732,1.8523,2.7955,1.6471,1.9819,4.5097,1.4671,1.7911,4.1465,5.38,2.8763,1.698,0.81559,2.1002,2.8216,1.07,2.6482,4.059,2.2359,2.4994,3.6222,2.542,2.4098,4.8642,2.891,2.6668,4.5934,2.1157,2.5013,4.4695,2.3585,2.1454,4.2556,0.75372,2.0728,3.2663,0.46993,2.4356,3.0316,0.58709,2.142,3.6991,2.3527,2.4133,4.4679,0.88963,2.435,2.9887,1.2383,1.5995,4.2754,1.6702,2.0339,3.4192,6.0733,2.6689,1.8177,3.4038,2.9179,0.13214,0.8565,2.3852,3.047,1.664,1.6306,4.065,1.5091,1.8983,3.1708,0.78446,2.4292,2.9321,2.1552,2.3392,4.8671,1.2066,2.5635,3.1563,1.0189,1.9602,3.5029,0.44759,1.9757,3.3085,1.7236,2.0192,3.4007,2.3904,2.1311,4.2384,2.2071,2.1483,5.0089,1.2595,1.6646,3.8433,0.70086,1.9812,2.7802,2.2138,2.1674,5.0358,2.3709,2.2387,4.5556,1.577,2.4299,3.9674,4.4183,2.9014,0.33987,1.9552,2.417,4.0199,0.81425,1.9532,4.117,1.3067,2.6261,4.2885,3.7354,2.8125,0.017338,1.5461,1.6395,3.3006,0.23835,2.2988,3.296,5.1019,2.9055,1.0549,0.65642,2.7466,3.3699,1.356,2.5303,3.0437,2.1608,2.0952,4.9259,1.4828,2.0322,4.4078,1.5277,1.632,3.3101,1.422,2.9131,3.3864,0.57797,2.4177,2.8941,0.87171,2.4461,3.0096,0.23636,2.6033,3.336,1.6466,2.3096,4.1742,0.58286,2.4242,2.8373,1.0125,2.272,3.5881,1.3913,1.7791,4.28,0.31016,2.3272,3.3643,1.5248,1.5999,3.3002,0.55649,2.4247,2.8736,3.2949,2.8553,6.2397,1.9376,2.5619,4.0028,2.0362,2.1978,4.6474,2.4065,2.7631,5.0198,1.9064,1.9018,3.854,1.2927,1.7371,3.7175,2.1897,2.1214,4.9815,1.3806,2.6156,3.9487,1.0097,3.0732,2.8386,4.7701,2.9235,0.47317,1.3599,2.7071,4.424,1.9146,1.9204,3.8899,1.3155,2.6477,2.9454,0.60838,2.7379,3.2409,1.0347,2.8919,4.2224,0.75039,2.5392,2.7204,0.67576,2.0116,2.9189,0.54303,2.4106,3.3828,1.5583,2.1672,4.3004,1.4629,2.7206,4.5037,0.54414,1.9925,2.9936,1.9961,1.8435,3.8033,1.1882,1.7956,3.6885,2.2557,2.661,4.7069,1.3556,1.6255,4.1145,1.3517,2.1527,3.1514,0.60428,2.0143,3.0112,0.5157,2.4313,2.6412,1.6573,2.347,4.1868,2.2801,2.653,4.7669,0.56989,2.0201,2.9683,1.5813,1.6986,3.3454,0.40337,3.0583,2.2807,0.66491,2.5469,2.6545,3.0512,2.7454,6.0573,0.074217,2.8858,2.7577,4.696,2.9379,0.3941,2.2653,2.3353,3.6006,1.2312,3.0325,4.0578,1.3134,2.3785,3.4551,1.027,3.0561,3.855,2.3267,2.2282,3.7334,1.1835,1.7674,3.6857,2.4357,2.3577,4.5868,2.5071,2.6839,4.057,1.3305,2.6731,4.3751,1.9029,1.8478,3.8328,1.2067,2.6949,3.7247,2.3281,2.4384,4.9016,1.6087,2.5629,3.4337,2.1636,2.2283,4.1252,0.77119,1.929,3.3337,2.2555,2.4035,3.6556,2.2571,2.3892,3.6275,2.2388,1.9733,4.9838,2.6045,2.2735,4.7843,2.3327,2.244,3.7576,1.3712,1.5953,3.8746,2.2731,2.6704,4.7512,1.9048,1.8752,3.843,0.77358,2.1165,4.064,1.5969,1.7628,4.2458,2.2963,2.669,4.7876,1.4489,2.3825,3.2632,6.0262,2.9068,2.3303,1.8434,1.7836,3.5238,1.8757,2.9317,4.1686,2.0943,1.962,4.8521,1.1833,2.5799,4.3572,1.9459,2.1443,4.8696,1.612,1.7067,3.9596,1.6057,2.0268,3.3337,1.0911,2.6862,3.6303,0.9923,2.7853,3.8609,1.4557,2.4634,3.8891,1.1624,2.7148,3.6634,1.815,1.6757,4.0738,0.93554,2.4563,2.8153,1.9529,2.1119,4.4341,0.2487,2.7574,3.0059,1.0586,1.9369,4.275,0.98866,2.3007,3.0925,1.675,2.3973,4.5977,0.96448,2.0401,2.8708,0.72572,1.9716,2.7389,1.5987,1.7,3.9648,0.95339,2.4452,2.8486,1.352,1.5755,3.8449,2.7304,2.5725,4.601,1.0817,2.1767,3.5967,1.1675,2.7355,3.6881,1.9758,1.9763,4.4939,1.0473,1.947,4.2628,1.8655,1.6738,3.4647,1.6651,2.5285,4.0015,2.1388,2.5341,4.8896,2.112,2.3961,3.6605,1.2518,3.0422,3.4689,1.4567,1.475,4.2025,0.64522,2.9866,3.6564,1.6153,1.6816,4.2071,0.7336,1.9885,2.7351,0.71726,2.1985,3.9646,2.6566,2.5873,4.5206,2.0232,2.0982,3.4082,1.4239,2.8388,3.563,1.0686,2.261,3.5822,2.5548,2.0375,4.5278,1.4722,1.7198,4.4231,1.5621,2.5739,3.5952,2.0559,2.3513,4.1064,2.6496,2.3415,4.9356,0.51497,2.5222,3.0381
1997.6,0.025268,114.39,9.2898,0.13873,387.07,1.4611,1.8057,4.1157,1.2725,2.2462,4.2477,1.1638,1.947,4.2469,2.4386,2.6259,4.2752,0.85818,2.0241,4.287,1.5126,2.5649,3.8943,3.2195,2.8304,6.0825,1.1452,1.951,4.2434,1.7385,1.6277,4.2164,1.3097,2.2295,4.3141,0.83223,2.0623,4.2181,3.001,2.8288,4.5771,5.5201,2.6917,1.2565,1.335,2.705,3.7198,0.89102,2.1392,2.9978,2.5415,2.1416,4.583,1.4598,1.6391,3.9317,0.63279,2.6306,3.7916,2.0371,1.7698,3.5165,1.0977,2.3893,3.1999,0.13701,2.3039,3.3774,1.7594,1.678,3.4141,1.8975,2.7318,4.1628,1.7891,1.7212,3.4178,1.4474,1.612,3.957,0.38422,2.1807,3.1257,2.1173,2.4177,4.4891,1.4644,1.7118,3.2092,0.82014,1.9518,2.7398,3.1711,2.8379,6.0087,2.0574,1.8084,3.5305,1.0243,2.7348,2.9258,1.845,2.5933,4.0671,0.67053,1.939,2.8012,1.0491,2.4132,3.125,1.9273,1.9224,4.5475,1.7117,1.6242,3.9055,0.52452,2.1911,3.7793,1.1843,2.5684,3.7549,0.90597,2.142,3.1627,2.6883,2.3649,4.4688,2.158,2.2396,4.7962,1.5093,1.6783,3.956,1.9053,1.9352,4.5291,1.5295,2.2279,3.2582,0.73063,2.1784,3.0473,2.4557,2.4317,4.415,1.9041,2.5845,4.7513,1.8373,2.6074,4.6918,2.677,2.3848,4.4944,1.2826,2.5522,3.88,1.7564,2.2613,4.3791,1.8739,2.9802,3.7934,0.62345,2.4719,2.5854,1.5087,2.1076,4.6455,2.0078,2.9924,3.9327,0.30669,2.4078,3.3209,1.66,1.5743,4.0689,0.67983,2.0716,3.0357,2.2494,2.261,4.6646,0.77673,2.5395,3.2019,0.92127,2.1503,3.1604,5.2695,2.8862,1.8204,2.0518,2.0315,4.6834,2.657,2.3933,4.4784,2.5473,2.2774,5.0585,1.941,2.641,4.2358,1.0868,1.7484,4.0204,4.653,2.8656,0.51928,0.836,2.1335,2.9996,1.3162,2.0799,4.3483,1.0283,2.1148,3.4573,2.1129,2.6712,4.3478,1.7387,1.5363,4.1232,1.2478,2.5229,3.1497,0.79395,2.4736,3.7398,2.0837,1.8605,3.6671,1.5305,2.4688,3.4204,1.5977,2.5704,3.6234,1.6128,1.5903,4.2469,1.9058,2.6741,4.3541,1.98,2.6776,4.4452,3.4818,2.7558,6.2284,1.7402,1.5284,4.115,1.7738,1.996,3.4575,2.0198,2.9223,4.8265,1.2321,2.5329,3.1871,2.5967,2.4402,4.9307,1.0941,2.6149,4.0529,1.5418,2.4525,3.444,1.1205,1.8445,4.062,1.6774,1.5497,4.0585,1.7513,1.9917,3.4195,0.25577,2.9188,3.3139,2.9438,2.2999,4.679,1.3001,1.9476,4.2202,1.3306,2.6344,3.484,1.4153,2.4531,3.3416,1.882,1.9058,3.6479,1.9413,2.4687,4.0364,1.0397,2.2935,3.1551,2.5444,2.0001,5.1472,1.275,2.6433,3.4128,1.3708,2.4828,3.2916,0.34996,2.9239,3.3957,0.63466,1.8549,2.7879,1.6418,1.9801,4.5131,1.4673,1.7875,4.1478,5.3692,2.8743,1.6874,0.81483,2.0996,2.8233,1.0719,2.6513,4.0576,2.239,2.4958,3.6258,2.5354,2.4068,4.8551,2.8989,2.6638,4.5999,2.1139,2.5005,4.4667,2.3598,2.15,4.2615,0.75025,2.0794,3.257,0.47999,2.433,3.0425,0.58605,2.1417,3.6983,2.3489,2.4083,4.4695,0.89993,2.4323,2.9989,1.2363,1.6011,4.2733,1.6675,2.0353,3.4169,6.059,2.6664,1.8024,3.4149,2.9159,0.14442,0.85906,2.3808,3.0551,1.6642,1.6298,4.0636,1.5102,1.9006,3.1703,0.78544,2.4272,2.9354,2.1546,2.338,4.8612,1.2103,2.5638,3.1618,1.0198,1.9596,3.503,0.4419,1.9754,3.3137,1.7251,2.0188,3.3971,2.3911,2.1352,4.2422,2.2111,2.1472,5.0099,1.2567,1.6597,3.8453,0.7021,1.9813,2.7821,2.2182,2.1676,5.0385,2.3745,2.2421,4.5621,1.5775,2.4369,3.9673,4.4275,2.8944,0.34922,1.9555,2.4228,4.022,0.81258,1.9531,4.1161,1.3165,2.6295,4.2938,3.7482,2.8096,0.032382,1.5473,1.6414,3.3017,0.23324,2.2983,3.2891,5.101,2.899,1.0559,0.66124,2.7438,3.3753,1.3605,2.5314,3.0469,2.1634,2.0918,4.9238,1.4821,2.0265,4.4118,1.5278,1.6321,3.3116,1.4247,2.9119,3.3875,0.5869,2.4153,2.9067,0.86987,2.4449,3.0121,0.2364,2.6023,3.3347,1.6492,2.313,4.1781,0.59063,2.423,2.8448,1.0091,2.2793,3.5822,1.3912,1.7775,4.2785,0.30967,2.3284,3.3627,1.5246,1.5981,3.3012,0.56313,2.4235,2.8832,3.3105,2.8536,6.2554,1.9333,2.5601,4.0016,2.0405,2.1982,4.6508,2.3896,2.7613,5.0002,1.9071,1.8963,3.8506,1.2923,1.7322,3.7195,2.1926,2.1189,4.9813,1.3797,2.613,3.9454,1.0004,3.0728,2.8286,4.7745,2.9191,0.47706,1.3674,2.7078,4.4311,1.9153,1.9182,3.8906,1.3198,2.6485,2.9506,0.62018,2.7354,3.2548,1.0427,2.8906,4.2303,0.76112,2.5407,2.7287,0.67526,2.0159,2.9164,0.54377,2.411,3.3813,1.5576,2.165,4.3047,1.4752,2.7217,4.514,0.53884,1.9945,2.986,1.9968,1.8403,3.8028,1.1877,1.7922,3.6914,2.2476,2.6574,4.6952,1.3534,1.6304,4.1104,1.3487,2.1518,3.1498,0.60226,2.018,3.0053,0.51886,2.4302,2.6457,1.6614,2.3536,4.1907,2.2708,2.6484,4.755,0.56569,2.0235,2.9599,1.5824,1.6979,3.3466,0.39091,3.0594,2.266,0.66869,2.5494,2.6568,3.0615,2.7445,6.0688,0.0865,2.8866,2.7721,4.6989,2.9345,0.39637,2.2622,2.3303,3.5926,1.2403,3.0286,4.0692,1.3058,2.3842,3.4492,1.0344,3.0547,3.8653,2.3246,2.228,3.7293,1.1827,1.762,3.6886,2.436,2.3588,4.588,2.5015,2.6862,4.0582,1.3343,2.6727,4.3766,1.9035,1.8403,3.8291,1.2101,2.6895,3.7276,2.323,2.4358,4.8917,1.6082,2.5598,3.4415,2.1637,2.2316,4.1276,0.76966,1.9313,3.3303,2.2505,2.4033,3.6497,2.2517,2.3879,3.6196,2.2423,1.9764,4.9873,2.6021,2.2725,4.7838,2.3307,2.2451,3.7551,1.3706,1.5957,3.8768,2.2629,2.6667,4.7383,1.9058,1.87,3.8395,0.77349,2.1148,4.07,1.5966,1.7588,4.2449,2.288,2.6657,4.7772,1.4492,2.3828,3.2633,6.0324,2.9083,2.3381,1.8432,1.7828,3.5264,1.8711,2.9259,4.162,2.0993,1.9625,4.8572,1.1876,2.5801,4.3621,1.9498,2.1445,4.8702,1.6121,1.7016,3.9593,1.6062,2.0286,3.3308,1.0936,2.6821,3.6321,0.99531,2.7832,3.8618,1.46,2.4667,3.8924,1.164,2.7105,3.6631,1.8134,1.6693,4.073,0.93686,2.4562,2.8177,1.9565,2.1154,4.4379,0.2598,2.754,3.0163,1.0568,1.9356,4.2756,0.99005,2.2992,3.0962,1.6781,2.3979,4.599,0.96315,2.0381,2.8719,0.72488,1.9706,2.7386,1.5979,1.6948,3.9645,0.95542,2.4446,2.8531,1.35,1.5744,3.8456,2.7294,2.5718,4.6009,1.0812,2.1801,3.5941,1.1699,2.7319,3.69,1.9758,1.9759,4.4954,1.0452,1.9461,4.2631,1.8664,1.675,3.4657,1.6653,2.5308,4.0016,2.1404,2.5332,4.8875,2.1091,2.3974,3.657,1.2582,3.04,3.4744,1.4575,1.4759,4.2006,0.64345,2.986,3.6556,1.6153,1.6775,4.2058,0.73308,1.9879,2.7348,0.71896,2.1991,3.9657,2.6547,2.5862,4.5199,2.0256,2.0964,3.407,1.4265,2.8335,3.5652,1.0669,2.2661,3.578,2.5569,2.0403,4.5325,1.4709,1.7189,4.4235,1.5601,2.5728,3.597,2.056,2.3552,4.1089,2.647,2.3399,4.9322,0.51904,2.5218,3.0426
1997.6,0.025268,114.39,9.2898,0.1474,389.78,1.4576,1.8026,4.1134,1.2735,2.2472,4.2505,1.1599,1.9444,4.2467,2.4358,2.624,4.2749,0.85785,2.0234,4.2896,1.5121,2.5686,3.8941,3.2325,2.8286,6.0984,1.1404,1.9481,4.2441,1.7383,1.6226,4.2142,1.3114,2.2296,4.3197,0.83102,2.0629,4.2187,3.0069,2.8282,4.5814,5.5104,2.6854,1.2459,1.3376,2.6994,3.7223,0.88692,2.1388,2.9957,2.5463,2.1472,4.5926,1.4587,1.6376,3.9334,0.6307,2.6342,3.7846,2.0392,1.7704,3.5191,1.0947,2.3875,3.2028,0.12762,2.3046,3.3644,1.7576,1.6773,3.4159,1.8889,2.7268,4.1523,1.7895,1.723,3.4195,1.4466,1.6091,3.9587,0.38423,2.1828,3.122,2.121,2.4201,4.4938,1.4638,1.7144,3.2098,0.81943,1.9544,2.7393,3.1836,2.8373,6.0228,2.0627,1.8111,3.5364,1.0244,2.7364,2.9277,1.8481,2.5945,4.0727,0.67278,1.9423,2.8021,1.0467,2.4113,3.1281,1.9295,1.9227,4.5514,1.7134,1.6216,3.9071,0.52661,2.1899,3.7829,1.1858,2.5743,3.7561,0.90024,2.1458,3.1568,2.6977,2.3684,4.4795,2.164,2.2454,4.8047,1.5117,1.6792,3.9583,1.9074,1.9368,4.5318,1.5328,2.2309,3.2575,0.72445,2.1836,3.039,2.4582,2.4351,4.4215,1.9036,2.584,4.7436,1.8326,2.608,4.6806,2.6888,2.3897,4.5115,1.2821,2.5555,3.8756,1.7623,2.2637,4.3847,1.868,2.9751,3.7862,0.62929,2.4724,2.5911,1.505,2.1123,4.645,2.0064,2.9869,3.93,0.3016,2.4089,3.315,1.6601,1.5721,4.068,0.67785,2.0737,3.0323,2.2484,2.2617,4.6638,0.78213,2.5341,3.2125,0.91667,2.154,3.1549,0.23953,2.8854,1.8116,2.0575,2.0352,4.6907,2.666,2.3983,4.4925,2.5409,2.2731,5.0519,1.9342,2.6298,4.2287,1.0869,1.7419,4.0251,4.6547,2.8586,0.52253,0.8338,2.1344,2.998,1.3175,2.0788,4.3528,1.0259,2.1173,3.4543,2.1037,2.6659,4.3371,1.7416,1.532,4.1207,1.2533,2.5211,3.1531,0.79646,2.4761,3.7375,2.0857,1.8568,3.6634,1.5258,2.4708,3.4179,1.5961,2.5717,3.6279,1.6088,1.5871,4.2467,1.8967,2.6643,4.3426,1.9745,2.6688,4.439,3.4906,2.7537,6.2361,1.7429,1.5247,4.112,1.7788,1.9954,3.4584,2.0149,2.9212,4.822,1.2361,2.532,3.1925,2.5946,2.4399,4.9273,1.0975,2.6156,4.0512,1.5385,2.4537,3.4433,1.1164,1.8448,4.0612,1.6789,1.5464,4.057,1.7549,1.9907,3.4182,0.25453,2.9168,3.313,2.9477,2.299,4.6845,1.2986,1.9473,4.2213,1.335,2.6313,3.493,1.4126,2.4532,3.3421,1.8848,1.9008,3.6437,1.9414,2.4757,4.0402,1.0363,2.2941,3.1535,2.5446,1.998,5.148,1.2785,2.6412,3.4207,1.3654,2.484,3.2892,0.35288,2.9223,3.3985,0.63214,1.8573,2.7808,1.6365,1.9785,4.5158,1.4672,1.7839,4.1494,5.3587,2.8722,1.6772,0.81407,2.099,2.825,1.0737,2.6543,4.0562,2.242,2.493,3.6299,2.5289,2.4039,4.8463,2.9068,2.6606,4.6065,2.1124,2.4999,4.4643,2.3609,2.1543,4.2673,0.74663,2.0859,3.2479,0.4899,2.4305,3.0532,0.58503,2.1415,3.6974,2.3458,2.4041,4.4716,0.91001,2.4298,3.0087,1.2342,1.6029,4.2711,1.6648,2.0366,3.4146,6.0449,2.6637,1.7874,3.425,2.914,0.15555,0.86084,2.3768,3.0619,1.6643,1.6289,4.0621,1.5111,1.9026,3.1697,0.78617,2.4254,2.9384,2.1541,2.3368,4.8555,1.214,2.5639,3.1673,1.0208,1.9589,3.5032,0.43627,1.9751,3.3186,1.7264,2.0183,3.3935,2.3919,2.1393,4.2461,2.2149,2.146,5.0106,1.2539,1.655,3.8472,0.70331,1.9813,2.7838,2.2225,2.1678,5.0411,2.378,2.2454,4.5684,1.5779,2.4436,3.9672,4.436,2.8876,0.35828,1.9558,2.4288,4.0242,0.81097,1.9529,4.1152,1.3262,2.6328,4.299,3.7606,2.8067,0.04562,1.5487,1.6435,3.3026,0.22832,2.2979,3.2824,5.1003,2.8926,1.0572,0.66575,2.741,3.3804,1.3648,2.5325,3.0499,2.1662,2.0883,4.922,1.4813,2.021,4.4157,1.528,1.6321,3.313,1.4274,2.9108,3.3884,0.59545,2.413,2.9188,0.8681,2.4438,3.0145,0.23621,2.6013,3.333,1.6519,2.3161,4.1818,0.59805,2.4218,2.8519,1.0056,2.2866,3.5761,1.3909,1.7759,4.277,0.30921,2.3296,3.3612,1.5243,1.5964,3.3023,0.56952,2.4223,2.8925,3.3255,2.8519,6.2569,1.9292,2.5582,4.0004,2.0448,2.1985,4.6542,2.3731,2.7593,4.981,1.9079,1.8907,3.8475,1.2919,1.7274,3.7212,2.1954,2.1163,4.9812,1.3789,2.6105,3.9421,0.99113,3.0725,2.8186,4.7788,2.9147,0.48092,1.3747,2.7083,4.4379,1.916,1.9159,3.8913,1.3239,2.6494,2.9557,0.63117,2.733,3.2679,1.0506,2.8891,4.2381,0.77135,2.5422,2.7365,0.67488,2.02,2.914,0.54468,2.4111,3.3799,1.5568,2.1627,4.3088,1.4872,2.7225,4.524,0.53369,1.9962,2.9787,1.9974,1.8371,3.8024,1.1871,1.7888,3.6943,2.2405,2.6541,4.6845,1.3512,1.6351,4.1064,1.3457,2.151,3.1483,0.60028,2.0217,2.9995,0.52193,2.4291,2.6501,1.6656,2.3599,4.1945,2.2621,2.6439,4.7437,0.56168,2.0266,2.952,1.5833,1.6974,3.3477,0.37805,3.0603,2.251,0.67216,2.5519,2.6588,3.0716,2.7435,6.0803,0.098587,2.8874,2.7862,4.7018,2.9312,0.39885,2.2595,2.3254,3.585,1.2481,3.0248,4.0794,1.2985,2.3894,3.4436,1.0408,3.0532,3.8747,2.3224,2.2279,3.7253,1.1819,1.7566,3.6917,2.4363,2.3598,4.589,2.496,2.6882,4.0593,1.338,2.6724,4.3781,1.9043,1.8329,3.8257,1.2133,2.6844,3.7304,2.3183,2.4334,4.8824,1.6078,2.557,3.4489,2.1638,2.2349,4.13,0.7681,1.9337,3.3271,2.2456,2.403,3.644,2.2464,2.3866,3.612,2.2456,1.9791,4.9904,2.5997,2.2715,4.7832,2.3287,2.2463,3.7528,1.37,1.5961,3.8787,2.2531,2.6631,4.7258,1.9068,1.865,3.836,0.77342,2.1131,4.0759,1.5963,1.7549,4.244,2.2801,2.6624,4.7672,1.4493,2.383,3.2634,6.0385,2.9096,2.3457,1.8432,1.7821,3.5289,1.8669,2.9202,4.1559,2.1044,1.963,4.8621,1.1918,2.5804,4.3669,1.9536,2.1449,4.871,1.6122,1.6968,3.9589,1.6067,2.0305,3.328,1.0959,2.6782,3.6337,0.99813,2.7811,3.8623,1.4642,2.4698,3.8958,1.1653,2.7065,3.6628,1.8118,1.6631,4.0722,0.9381,2.4562,2.8199,1.96,2.1189,4.4418,0.27057,2.7508,3.0264,1.0548,1.9344,4.2762,0.99131,2.2978,3.0998,1.6813,2.3986,4.6001,0.96184,2.0362,2.8729,0.72408,1.9695,2.7385,1.5972,1.6898,3.9644,0.95735,2.4438,2.8575,1.3481,1.5733,3.8463,2.7285,2.5712,4.6009,1.0806,2.1835,3.5914,1.1722,2.7285,3.6919,1.9757,1.9756,4.4967,1.0433,1.9452,4.2634,1.8673,1.6762,3.4668,1.6653,2.5331,4.0016,2.1419,2.5322,4.8856,2.1062,2.3987,3.6537,1.2647,3.0379,3.48,1.4582,1.4769,4.1987,0.64144,2.9855,3.6545,1.6154,1.6736,4.2045,0.73259,1.9871,2.7346,0.72061,2.1999,3.9667,2.6528,2.5852,4.5194,2.028,2.0946,3.4061,1.4291,2.8283,3.5675,1.0653,2.2712,3.5737,2.5588,2.0432,4.5371,1.4697,1.7179,4.4239,1.5581,2.5719,3.5989,2.0561,2.3589,4.1116,2.6445,2.3384,4.929,0.52295,2.5217,3.0469
1997.6,0.025268,114.39,9.2898,0.15607,393.19,1.4543,1.7994,4.1111,1.2746,2.248,4.2532,1.1561,1.9418,4.2464,2.4331,2.6219,4.2747,0.8575,2.0228,4.2921,1.5115,2.5723,3.8938,3.2456,2.8268,6.1141,1.1356,1.9453,4.2446,1.7382,1.6175,4.2119,1.3131,2.2299,4.3255,0.82984,2.0635,4.2193,3.0124,2.8277,4.5855,5.5007,2.679,1.2356,1.3399,2.6942,3.7245,0.88282,2.1382,2.9936,2.5513,2.1526,4.6024,1.4575,1.6363,3.9349,0.62847,2.638,3.7776,2.0411,1.771,3.5217,1.091,2.3861,3.205,0.11803,2.3054,3.3512,1.7558,1.6765,3.4179,1.8811,2.722,4.1428,1.7898,1.7249,3.4211,1.4458,1.6064,3.9602,0.38427,2.1849,3.1184,2.1248,2.4224,4.4982,1.4631,1.7171,3.2104,0.81868,1.9569,2.7388,3.1965,2.8364,6.0374,2.0683,1.8137,3.5426,1.0244,2.7381,2.9292,1.8512,2.5959,4.0785,0.67496,1.9455,2.8032,1.0441,2.4096,3.1308,1.932,1.923,4.5553,1.7149,1.6191,3.9086,0.52891,2.1886,3.7868,1.1875,2.5799,3.7576,0.89455,2.1494,3.1512,2.707,2.3718,4.49,2.1702,2.2511,4.8135,1.5141,1.6798,3.9602,1.9097,1.9387,4.5345,1.5362,2.2337,3.2567,0.71852,2.1887,3.0313,2.4606,2.4382,4.4278,1.9034,2.5837,4.7362,1.8279,2.6086,4.6694,2.7009,2.3944,4.5291,1.2812,2.5584,3.8711,1.7683,2.2662,4.3903,1.8621,2.9699,3.7793,0.63485,2.4727,2.5965,1.5011,2.1171,4.6439,2.0051,2.9813,3.9275,0.29679,2.4095,3.3097,1.6601,1.5699,4.0669,0.6759,2.0755,3.029,2.2475,2.2622,4.663,0.78701,2.5287,3.2227,0.91246,2.1572,3.1501,6.2702,2.8843,1.8031,2.0632,2.039,4.6978,2.6743,2.4029,4.5062,2.5354,2.2685,5.0458,1.9281,2.619,4.2222,1.0869,1.7353,4.03,4.6555,2.8524,0.5249,0.83219,2.135,2.9971,1.3188,2.0779,4.3574,1.0236,2.1198,3.4513,2.0948,2.6607,4.3266,1.7443,1.5276,4.1182,1.2586,2.5191,3.1564,0.799,2.4786,3.7353,2.0878,1.8531,3.6597,1.5213,2.4729,3.4156,1.5951,2.5728,3.6329,1.6046,1.5845,4.2466,1.8881,2.6546,4.3316,1.9694,2.6601,4.4329,3.4992,2.7513,6.2438,1.7456,1.521,4.1091,1.7838,1.9946,3.4593,2.0103,2.9201,4.8178,1.2399,2.531,3.1977,2.5924,2.4397,4.924,1.1008,2.6162,4.0496,1.5351,2.455,3.4427,1.1124,1.8449,4.0607,1.6802,1.5433,4.0555,1.7583,1.9896,3.4171,0.25344,2.915,3.3121,2.9514,2.2982,4.6896,1.2973,1.9471,4.2225,1.3392,2.6282,3.5017,1.41,2.4535,3.3427,1.8878,1.8958,3.6398,1.9415,2.4822,4.0441,1.0331,2.2944,3.152,2.5449,1.9961,5.1486,1.282,2.6391,3.4282,1.3601,2.4851,3.2868,0.3558,2.9204,3.4014,0.62977,1.8595,2.7741,1.6313,1.977,4.5183,1.4671,1.7806,4.1509,5.3484,2.8703,1.6671,0.81333,2.0985,2.8265,1.0753,2.6573,4.0548,2.2449,2.4905,3.6339,2.5228,2.4009,4.8378,2.9147,2.6575,4.613,2.111,2.4993,4.4619,2.3621,2.1586,4.2732,0.7429,2.0922,3.2389,0.49964,2.428,3.0637,0.58408,2.1413,3.6967,2.3432,2.4005,4.474,0.91977,2.4273,3.0183,1.2323,1.605,4.2688,1.6621,2.0378,3.4123,6.0312,2.661,1.7728,3.4342,2.912,0.16584,0.8619,2.3733,3.0677,1.6643,1.6281,4.0607,1.512,1.9048,3.1692,0.78668,2.4237,2.9409,2.1537,2.3355,4.8498,1.2175,2.5641,3.1726,1.0217,1.9581,3.5034,0.43055,1.9749,3.3234,1.7277,2.0177,3.3898,2.3928,2.1434,4.2501,2.2186,2.1448,5.0114,1.2509,1.6509,3.8487,0.70448,1.9813,2.7854,2.2265,2.1678,5.0436,2.3815,2.2485,4.5745,1.5782,2.45,3.9671,4.4443,2.8809,0.3671,1.9561,2.4345,4.0264,0.80941,1.9528,4.1143,1.3356,2.6361,4.304,3.7728,2.8039,0.058626,1.55,1.6455,3.3037,0.22361,2.2974,3.276,5.0997,2.8862,1.0588,0.66993,2.7383,3.3852,1.3688,2.5336,3.0527,2.1689,2.0851,4.9204,1.4806,2.0156,4.4196,1.5281,1.6321,3.3144,1.43,2.9099,3.3893,0.60371,2.4107,2.9305,0.8664,2.4425,3.017,0.23591,2.6002,3.3313,1.6546,2.3194,4.1856,0.60529,2.4207,2.8589,1.0019,2.2939,3.5699,1.3906,1.7744,4.2755,0.30878,2.3307,3.3598,1.5241,1.5947,3.3034,0.57575,2.4212,2.9016,3.3397,2.85,5.0561,1.9252,2.5565,3.9992,2.049,2.1988,4.6575,2.357,2.7574,4.9622,1.9085,1.885,3.8443,1.2916,1.7226,3.7231,2.1982,2.1137,4.981,1.378,2.608,3.9391,0.98173,3.0722,2.8086,4.7828,2.9104,0.48479,1.3819,2.7088,4.4445,1.9169,1.9137,3.8921,1.3279,2.6501,2.9608,0.64148,2.7307,3.2801,1.0584,2.8875,4.2457,0.78118,2.5436,2.744,0.67459,2.024,2.9118,0.54568,2.4112,3.3788,1.5562,2.1604,4.3128,1.4989,2.7234,4.5338,0.52871,1.9981,2.9714,1.9982,1.8342,3.8021,1.1865,1.7853,3.6971,2.2341,2.6509,4.6747,1.3489,1.6395,4.1025,1.3429,2.1501,3.1467,0.59832,2.0251,2.994,0.52498,2.4279,2.6545,1.6698,2.3663,4.1983,2.254,2.6393,4.733,0.55785,2.0294,2.9445,1.5844,1.6969,3.349,0.36481,3.0614,2.2356,0.67532,2.5544,2.6604,3.0817,2.7425,6.0916,0.11066,2.888,2.8003,4.7049,2.9279,0.40155,2.257,2.3208,3.5777,1.255,3.021,4.0883,1.2915,2.3943,3.4384,1.0466,3.0518,3.8832,2.3205,2.2279,3.7213,1.181,1.7513,3.6947,2.4366,2.3608,4.59,2.4906,2.6902,4.0603,1.3415,2.6722,4.3794,1.9049,1.8257,3.8224,1.2165,2.6795,3.7329,2.3142,2.4312,4.8737,1.607,2.5544,3.4558,2.1639,2.2381,4.1325,0.7665,1.936,3.3238,2.2411,2.4027,3.6382,2.2412,2.3853,3.6043,2.2489,1.9816,4.9934,2.5973,2.2706,4.7828,2.3268,2.2475,3.7504,1.3695,1.5966,3.8806,2.2438,2.6594,4.7138,1.9078,1.8602,3.8326,0.7734,2.1116,4.0816,1.596,1.7511,4.2432,2.2724,2.6591,4.7575,1.4495,2.3832,3.2634,6.0446,2.9109,2.3534,1.8432,1.7815,3.5313,1.8629,2.9147,4.15,2.1091,1.9634,4.8668,1.1958,2.5806,4.3714,1.9574,2.1453,4.8716,1.6123,1.692,3.9587,1.6072,2.0323,3.3254,1.0981,2.6745,3.6351,1.0008,2.7792,3.8628,1.4683,2.4727,3.8991,1.1666,2.7027,3.6625,1.8102,1.6571,4.0716,0.93931,2.4562,2.8221,1.9637,2.1223,4.4456,0.28115,2.7475,3.0363,1.053,1.9332,4.2768,0.99243,2.2965,3.1031,1.6843,2.3994,4.6014,0.96052,2.0343,2.8738,0.72329,1.9686,2.7383,1.5964,1.6852,3.9643,0.95918,2.4432,2.8617,1.346,1.5721,3.8472,2.7279,2.5707,4.6009,1.08,2.1868,3.5887,1.1744,2.7251,3.6936,1.9757,1.9753,4.4981,1.0413,1.9444,4.2637,1.8682,1.6774,3.4679,1.6654,2.5352,4.0016,2.1434,2.5314,4.8836,2.1034,2.4001,3.6503,1.2712,3.0357,3.4857,1.4588,1.478,4.1967,0.63919,2.985,3.6532,1.6155,1.6698,4.2033,0.73211,1.9866,2.7343,0.72223,2.2005,3.9676,2.651,2.5843,4.5188,2.0305,2.0929,3.4051,1.4316,2.8232,3.5699,1.0634,2.2763,3.5695,2.5609,2.046,4.5419,1.4685,1.7171,4.4243,1.5563,2.5708,3.6009,2.0562,2.3627,4.1142,2.6421,2.337,4.926,0.52676,2.5216,3.051
1997.6,0.025268,114.39,9.2898,0.16474,396.27,1.451,1.7962,4.1089,1.2758,2.249,4.2562,1.1523,1.9392,4.246,2.4305,2.62,4.2747,0.85711,2.0223,4.2943,1.511,2.5758,3.8933,3.2586,2.8247,6.1298,1.1307,1.9424,4.2451,1.7381,1.6125,4.2096,1.3149,2.23,4.3313,0.82868,2.0642,4.2199,3.0179,2.8271,4.5896,5.4914,2.6725,1.2258,1.342,2.6896,3.7264,0.87869,2.1377,2.9914,2.5564,2.1579,4.612,1.4562,1.6351,3.9365,0.62616,2.6417,3.7701,2.0431,1.7716,3.5243,1.0871,2.385,3.2067,0.10828,2.306,3.3377,1.7541,1.6755,3.4198,1.8739,2.7174,4.1341,1.7902,1.7266,3.4227,1.445,1.6036,3.9617,0.38433,2.187,3.1147,2.1286,2.4248,4.5027,1.4625,1.7201,3.2111,0.81783,1.959,2.7384,3.2102,2.8356,6.0528,2.0744,1.8164,3.5496,1.0243,2.74,2.9305,1.8549,2.5975,4.0848,0.67707,1.9486,2.8041,1.0412,2.4079,3.1334,1.9345,1.9233,4.5593,1.7166,1.617,3.9102,0.5314,2.1871,3.791,1.1894,2.5852,3.7593,0.88885,2.1529,3.1455,2.7163,2.3753,4.5004,2.1768,2.2569,4.8227,1.5165,1.6803,3.9621,1.9121,1.9404,4.5374,1.5399,2.2368,3.2559,0.71284,2.1933,3.024,2.4629,2.4413,4.434,1.9034,2.5835,4.7288,1.8234,2.6091,4.6582,2.7131,2.399,4.5469,1.2802,2.5612,3.8659,1.7746,2.2686,4.396,1.8565,2.9648,3.7726,0.64007,2.4731,2.6017,1.4966,2.1221,4.6421,2.0037,2.9756,3.9251,0.29191,2.4098,3.3044,1.6602,1.5679,4.066,0.67396,2.0772,3.0259,2.2463,2.2625,4.6617,0.79142,2.5229,3.2326,0.9086,2.1597,3.1461,6.2644,2.8834,1.7948,2.0692,2.0426,4.705,2.682,2.407,4.5191,2.5308,2.2637,5.0399,1.9226,2.6088,4.2164,1.0868,1.7283,4.0351,4.6545,2.8474,0.52555,0.83141,2.1357,2.9974,1.3202,2.077,4.3618,1.021,2.1224,3.4483,2.086,2.6553,4.3164,1.7471,1.5231,4.1157,1.2638,2.5173,3.1595,0.80154,2.4809,3.7332,2.0899,1.8495,3.6561,1.5169,2.4747,3.4135,1.5943,2.5735,3.6382,1.6003,1.5824,4.2468,1.8801,2.6453,4.3211,1.9646,2.6515,4.4272,3.5079,2.7491,6.2513,1.7484,1.5175,4.1061,1.7887,1.9938,3.4603,2.0061,2.9188,4.8139,1.2436,2.5301,3.2026,2.5904,2.4394,4.9208,1.104,2.6167,4.0482,1.5319,2.4561,3.4423,1.1084,1.8449,4.0603,1.6817,1.5403,4.054,1.7618,1.9885,3.416,0.25251,2.9131,3.3114,2.9548,2.2973,4.6944,1.2958,1.9468,4.2237,1.3431,2.6255,3.51,1.4074,2.4537,3.3432,1.8908,1.8908,3.636,1.9418,2.4883,4.0479,1.0299,2.2948,3.1506,2.5452,1.9942,5.1494,1.2851,2.6373,3.4354,1.3548,2.486,3.2845,0.35872,2.9186,3.4042,0.62753,1.8615,2.7676,1.6261,1.9756,4.5205,1.4668,1.7775,4.1524,5.3384,2.8684,1.6572,0.8126,2.098,2.828,1.0769,2.6602,4.0534,2.2479,2.4882,3.6377,2.5169,2.398,4.8296,2.9226,2.6544,4.6195,2.1098,2.4989,4.4597,2.3633,2.1628,4.279,0.7391,2.0982,3.23,0.50918,2.4256,3.0742,0.58321,2.141,3.6961,2.3411,2.3976,4.4769,0.92925,2.4249,3.0277,1.2303,1.6073,4.2662,1.6594,2.0388,3.41,6.0178,2.6582,1.7587,3.4427,2.9101,0.17529,0.86236,2.3701,3.0726,1.6645,1.6271,4.0594,1.5129,1.907,3.1688,0.787,2.4222,2.9432,2.1535,2.3343,4.8445,1.2209,2.5644,3.1779,1.0227,1.9573,3.5037,0.42479,1.9746,3.3281,1.729,2.017,3.3863,2.3937,2.1475,4.2543,2.2223,2.1436,5.0122,1.248,1.6469,3.8501,0.70559,1.9813,2.7869,2.2305,2.1677,5.0459,2.3849,2.2516,4.5805,1.5785,2.456,3.9668,4.4523,2.8744,0.37564,1.9565,2.4403,4.0286,0.80792,1.9528,4.1134,1.3449,2.6393,4.3089,3.7846,2.8011,0.071348,1.5514,1.6477,3.3047,0.21909,2.297,3.2698,5.0994,2.8799,1.0606,0.67379,2.7356,3.3896,1.3725,2.5346,3.0552,2.1719,2.082,4.9189,1.4797,2.0104,4.4232,1.5282,1.632,3.3159,1.4324,2.9089,3.39,0.61161,2.4085,2.9417,0.86472,2.4414,3.0194,0.23546,2.5993,3.3294,1.6574,2.3226,4.1895,0.61232,2.4196,2.8659,0.99825,2.3011,3.5636,1.3904,1.7729,4.2738,0.30835,2.3316,3.3584,1.5238,1.5931,3.3044,0.58181,2.4201,2.9104,3.3533,2.8482,0.029572,1.9212,2.5549,3.9982,2.0531,2.1989,4.6606,2.3415,2.7553,4.9438,1.9092,1.8794,3.8413,1.2912,1.7181,3.7249,2.201,2.1113,4.9808,1.3773,2.6056,3.936,0.9722,3.0721,2.7984,4.7868,2.9061,0.48865,1.3888,2.7091,4.451,1.9177,1.9115,3.8929,1.3319,2.6509,2.9658,0.65111,2.7284,3.2916,1.0659,2.8858,4.2532,0.79056,2.5451,2.7512,0.67439,2.0279,2.9099,0.54677,2.4114,3.3777,1.5556,2.1579,4.3168,1.5102,2.7241,4.5433,0.52387,1.9999,2.9642,1.9988,1.8312,3.8019,1.186,1.7819,3.6999,2.2282,2.6478,4.6658,1.3469,1.6438,4.0986,1.34,2.1491,3.1452,0.59639,2.0285,2.9886,0.52799,2.4268,2.6588,1.6741,2.3724,4.2019,2.2462,2.635,4.7226,0.5542,2.0321,2.9373,1.5853,1.6964,3.3502,0.35121,3.0622,2.2199,0.67818,2.5571,2.6618,3.0918,2.7413,6.103,0.12261,2.8885,2.8143,4.708,2.9248,0.40441,2.2548,2.3162,3.5708,1.2609,3.0173,4.0963,1.2849,2.3988,3.4335,1.0515,3.0504,3.8909,2.3185,2.2278,3.7175,1.18,1.7458,3.6976,2.4367,2.3616,4.5909,2.4851,2.6919,4.0614,1.3449,2.6719,4.3806,1.9055,1.8186,3.8194,1.2194,2.6747,3.7354,2.3105,2.429,4.8655,1.6062,2.5521,3.4626,2.1641,2.2414,4.135,0.7649,1.9385,3.3205,2.2367,2.4024,3.6327,2.2362,2.384,3.5969,2.252,1.9837,4.996,2.595,2.2696,4.7823,2.3248,2.2488,3.7483,1.369,1.5969,3.8824,2.2347,2.6558,4.7022,1.9089,1.8553,3.8292,0.77338,2.1099,4.0871,1.5956,1.7474,4.2424,2.2651,2.6559,4.7483,1.4498,2.3835,3.2636,6.0508,2.9122,2.3609,1.8434,1.781,3.5338,1.8591,2.9091,4.1443,2.1137,1.9638,4.8713,1.1996,2.5809,4.3758,1.9609,2.1458,4.8723,1.6124,1.6875,3.9583,1.6079,2.0341,3.3228,1.1,2.6711,3.6363,1.0032,2.7774,3.8631,1.4722,2.4753,3.9025,1.1678,2.699,3.662,1.8086,1.6514,4.071,0.94047,2.4563,2.8242,1.9672,2.1256,4.4494,0.29144,2.7442,3.0459,1.0512,1.9321,4.2773,0.99347,2.2953,3.1063,1.6874,2.4,4.6025,0.95922,2.0325,2.8746,0.72254,1.9676,2.738,1.5956,1.6808,3.9642,0.96091,2.4427,2.8659,1.3442,1.5709,3.848,2.7271,2.5702,4.6011,1.0794,2.1902,3.586,1.1766,2.7218,3.6952,1.9756,1.9752,4.4995,1.0394,1.9435,4.2641,1.8692,1.6785,3.469,1.6655,2.5372,4.0017,2.145,2.5305,4.8817,2.1006,2.4014,3.647,1.2778,3.0336,3.4914,1.4594,1.479,4.1949,0.63673,2.9845,3.6515,1.6157,1.6661,4.2021,0.73165,1.986,2.7342,0.72381,2.2012,3.9686,2.6492,2.5834,4.5184,2.0329,2.0913,3.4043,1.434,2.8183,3.5721,1.0616,2.2812,3.5652,2.563,2.0488,4.5466,1.4673,1.7163,4.4247,1.5546,2.57,3.6029,2.0564,2.3662,4.1168,2.6398,2.3357,4.9231,0.53045,2.5214,3.055
1997.6,0.025268,114.39,9.2898,0.17341,398.76,1.4476,1.7929,4.1068,1.2771,2.2498,4.2592,1.1486,1.9366,4.2456,2.428,2.618,4.2748,0.85664,2.0221,4.2964,1.5105,2.5794,3.8929,3.2717,2.8225,6.1457,1.1258,1.9395,4.2457,1.7381,1.6076,4.2072,1.3167,2.2304,4.3372,0.82752,2.0652,4.2205,3.023,2.8265,4.5936,5.4822,2.6659,1.2161,1.3438,2.6854,3.728,0.8745,2.1373,2.989,2.5615,2.1632,4.6218,1.455,1.634,3.9381,0.62368,2.6457,3.7622,2.0449,1.7725,3.5269,1.0824,2.384,3.2077,0.098188,2.3067,3.3238,1.7523,1.6745,3.4219,1.8673,2.7129,4.1259,1.7907,1.7283,3.4243,1.4442,1.6011,3.9631,0.38433,2.1889,3.1108,2.1326,2.4274,4.5075,1.4621,1.7233,3.2119,0.81689,1.9608,2.738,3.2248,2.8346,6.0692,2.0812,1.8193,3.5579,1.0241,2.7422,2.9314,1.859,2.5993,4.0917,0.6791,1.9517,2.8051,1.0381,2.4062,3.1359,1.9373,1.9235,4.5635,1.7181,1.6148,3.9118,0.53415,2.1855,3.7956,1.1914,2.5903,3.761,0.88294,2.1564,3.1397,2.7259,2.3791,4.5112,2.1844,2.2634,4.8328,1.5189,1.6805,3.9639,1.9147,1.9422,4.5402,1.5438,2.2403,3.2548,0.7074,2.1978,3.0172,2.4651,2.4442,4.4401,1.9035,2.5834,4.7214,1.8187,2.6098,4.6466,2.7256,2.4035,4.5653,1.2786,2.5636,3.8596,1.781,2.271,4.4017,1.8508,2.9595,3.7661,0.64503,2.4734,2.6067,1.4913,2.1271,4.6393,2.0022,2.9696,3.9227,0.28638,2.4099,3.2987,1.6602,1.5658,4.065,0.67204,2.0787,3.0228,2.2448,2.2627,4.6602,0.79535,2.5166,3.2424,0.90527,2.1612,3.1434,6.2578,2.8823,1.7869,2.0753,2.0462,4.7123,2.6882,2.4107,4.5308,2.5266,2.2586,5.0342,1.9177,2.5991,4.211,1.0864,1.7205,4.0406,4.6508,2.8442,0.52386,0.8319,2.1365,2.9994,1.3217,2.0759,4.3661,1.0185,2.125,3.4452,2.0771,2.6498,4.3059,1.7497,1.5182,4.113,1.2689,2.5152,3.1626,0.8041,2.4832,3.7311,2.0921,1.8458,3.6525,1.5127,2.4765,3.4118,1.5942,2.5736,3.6443,1.5954,1.5807,4.2473,1.8725,2.6361,4.311,1.9601,2.643,4.4215,3.5163,2.7467,6.2587,1.7511,1.5139,4.1031,1.7936,1.993,3.4612,2.0024,2.9174,4.8107,1.2472,2.5292,3.2075,2.5883,2.4391,4.9174,1.1074,2.6174,4.0471,1.5286,2.4572,3.4421,1.1045,1.8448,4.0602,1.6832,1.5374,4.0526,1.7653,1.9873,3.4151,0.25171,2.9113,3.3106,2.9579,2.2962,4.6989,1.2942,1.9464,4.2248,1.3469,2.623,3.5177,1.4049,2.4538,3.344,1.8935,1.8858,3.6325,1.942,2.4941,4.0517,1.0267,2.295,3.1493,2.5454,1.9924,5.1501,1.2878,2.6358,3.442,1.3497,2.487,3.2822,0.36165,2.9168,3.407,0.62546,1.8635,2.7616,1.6211,1.9744,4.5222,1.4664,1.7747,4.1539,5.3287,2.8664,1.6477,0.81193,2.0976,2.8295,1.0783,2.6629,4.0523,2.2513,2.4863,3.6415,2.5114,2.3952,4.8216,2.9302,2.6512,4.6258,2.1087,2.4986,4.4578,2.3643,2.1668,4.2846,0.73529,2.104,3.2214,0.51847,2.4233,3.0843,0.58238,2.1408,3.6955,2.3393,2.3954,4.48,0.93835,2.4226,3.0367,1.2283,1.6098,4.2637,1.6567,2.0398,3.4077,6.0049,2.6554,1.745,3.4501,2.9081,0.18362,0.86228,2.3674,3.0767,1.6646,1.6262,4.0581,1.5138,1.9091,3.1686,0.78719,2.4208,2.9452,2.1533,2.3331,4.8394,1.2243,2.5646,3.183,1.0235,1.9564,3.5041,0.41914,1.9746,3.3323,1.7302,2.0162,3.3828,2.3948,2.1515,4.2585,2.2258,2.1424,5.0128,1.2451,1.6434,3.8513,0.70665,1.9812,2.7884,2.2343,2.1676,5.0481,2.3882,2.2545,4.5863,1.5787,2.4618,3.9666,4.4597,2.868,0.38388,1.9569,2.4461,4.0309,0.80648,1.9528,4.1126,1.3538,2.6425,4.3137,3.7959,2.7984,0.083677,1.5528,1.6499,3.3057,0.21478,2.2966,3.2639,5.0992,2.8737,1.0624,0.67733,2.733,3.3935,1.376,2.5357,3.0576,2.1748,2.0789,4.9177,1.4789,2.0055,4.4267,1.5282,1.6319,3.3172,1.4349,2.9081,3.3908,0.61907,2.4064,2.9524,0.86309,2.4403,3.0217,0.23483,2.5984,3.3273,1.6601,2.3259,4.1932,0.61902,2.4185,2.8725,0.99449,2.3082,3.5573,1.3902,1.7714,4.2722,0.30792,2.3325,3.357,1.5236,1.5914,3.3055,0.58762,2.4191,2.9189,3.3662,2.8464,0.035457,1.9174,2.5535,3.9971,2.0572,2.199,4.6637,2.3268,2.7532,4.926,1.9096,1.8737,3.8385,1.2908,1.7137,3.7266,2.2036,2.1088,4.9807,1.3765,2.6033,3.9332,0.96267,3.0719,2.7883,4.7905,2.9019,0.49245,1.3955,2.7094,4.4571,1.9185,1.9093,3.8936,1.3357,2.6517,2.9708,0.66001,2.7263,3.3021,1.0733,2.8842,4.2606,0.79943,2.5466,2.7578,0.67427,2.0316,2.9081,0.54795,2.4115,3.3768,1.5548,2.1554,4.3207,1.5211,2.7247,4.5525,0.51923,2.0015,2.9573,1.9994,1.8284,3.8017,1.1854,1.7785,3.7026,2.2231,2.6451,4.6577,1.3447,1.6478,4.0949,1.337,2.148,3.1437,0.59451,2.0317,2.9835,0.5309,2.4257,2.663,1.6782,2.3784,4.2054,2.2391,2.6309,4.713,0.55075,2.0345,2.9307,1.5863,1.6959,3.3513,0.3374,3.0632,2.204,0.68074,2.5597,2.663,3.1017,2.7402,6.1141,0.13428,2.8891,2.8279,4.7111,2.9219,0.40741,2.2529,2.3117,3.5641,1.2661,3.0137,4.1033,1.2785,2.4028,3.4289,1.0556,3.0491,3.8978,2.3167,2.2277,3.7138,1.1791,1.7406,3.7005,2.4368,2.3625,4.5918,2.4799,2.6934,4.0625,1.3483,2.6717,4.3817,1.9062,1.8117,3.8166,1.2221,2.67,3.7377,2.3072,2.4271,4.8577,1.6053,2.5499,3.4687,2.1643,2.2447,4.1376,0.76328,1.941,3.3171,2.2326,2.4022,3.6272,2.2313,2.3826,3.5897,2.2548,1.9857,4.9984,2.5928,2.2687,4.7818,2.323,2.2501,3.7462,1.3685,1.5973,3.8839,2.2261,2.6522,4.691,1.9099,1.8506,3.8261,0.77338,2.1083,4.0924,1.5952,1.7439,4.2416,2.2581,2.6528,4.7394,1.4501,2.3839,3.2636,6.0568,2.9134,2.3684,1.8436,1.7803,3.5361,1.8557,2.9038,4.1391,2.1182,1.9641,4.8754,1.2032,2.5811,4.3801,1.9645,2.1462,4.8728,1.6126,1.6832,3.958,1.6084,2.0359,3.3204,1.1018,2.6678,3.6374,1.0056,2.7757,3.8633,1.476,2.4778,3.9059,1.1689,2.6955,3.6616,1.8071,1.646,4.0704,0.94158,2.4564,2.8261,1.9708,2.129,4.4531,0.30138,2.7408,3.0551,1.0493,1.931,4.2777,0.99441,2.2942,3.1094,1.6904,2.4007,4.6036,0.95794,2.0308,2.8753,0.72183,1.9667,2.7378,1.595,1.6766,3.9641,0.96253,2.4422,2.8698,1.3422,1.5697,3.8487,2.7266,2.5696,4.6013,1.0787,2.1936,3.5834,1.1786,2.7187,3.6967,1.9756,1.975,4.5009,1.0376,1.9426,4.2643,1.8701,1.6795,3.4701,1.6655,2.5392,4.0017,2.1465,2.5297,4.8799,2.0979,2.4028,3.6436,1.2843,3.0315,3.4972,1.4601,1.48,4.1931,0.63413,2.9841,3.6498,1.6159,1.6626,4.2009,0.73121,1.9853,2.7341,0.72534,2.202,3.9695,2.6475,2.5826,4.5179,2.0353,2.0897,3.4035,1.4364,2.8136,3.5745,1.0597,2.286,3.5611,2.5652,2.0516,4.5514,1.4662,1.7154,4.4251,1.553,2.5691,3.605,2.0565,2.3697,4.1194,2.6377,2.3344,4.9204,0.53399,2.5214,3.0588
1997.6,0.025268,114.39,9.2898,0.18208,399.43,1.4441,1.7895,4.1047,1.2787,2.2507,4.2625,1.1449,1.934,4.2453,2.4258,2.6158,4.2753,0.85606,2.0222,4.2979,1.5099,2.583,3.8923,3.2853,2.82,6.1621,1.1206,1.9365,4.2463,1.7381,1.6027,4.2048,1.3188,2.2309,4.3433,0.82631,2.0666,4.2209,3.0274,2.8258,4.5971,5.4728,2.6591,1.2062,1.3453,2.6816,3.7293,0.87011,2.1368,2.9865,2.5669,2.1685,4.632,1.4537,1.6329,3.9398,0.62101,2.6502,3.7535,2.0467,1.7734,3.5295,1.0772,2.3834,3.208,0.087536,2.3071,3.3092,1.7504,1.6732,3.4241,1.8608,2.7084,4.1184,1.7911,1.7299,3.4261,1.4434,1.5987,3.9642,0.38416,2.1912,3.1064,2.1372,2.4307,4.5128,1.4617,1.7274,3.2129,0.81584,1.9625,2.7377,3.2409,2.8335,6.0873,2.0892,1.8227,3.5682,1.0233,2.7449,2.9313,1.8643,2.6017,4.0997,0.6811,1.9548,2.806,1.0347,2.4046,3.1381,1.9404,1.924,4.5679,1.7197,1.613,3.9134,0.53722,2.1837,3.8006,1.1936,2.5954,3.7629,0.87647,2.1601,3.1333,2.7363,2.3836,4.5227,2.1941,2.2711,4.845,1.5214,1.6806,3.9656,1.9176,1.9442,4.5432,1.5483,2.2449,3.2535,0.70214,2.202,3.011,2.4672,2.4472,4.4464,1.9038,2.5834,4.7137,1.8136,2.6106,4.6342,2.7382,2.4084,4.5845,1.2759,2.5656,3.8515,1.7879,2.2734,4.4077,1.8449,2.954,3.7593,0.64984,2.4737,2.6118,1.4842,2.1323,4.635,2.0006,2.9631,3.9201,0.27978,2.4107,3.2904,1.6602,1.5636,4.0639,0.67011,2.08,3.0199,2.243,2.2628,4.6583,0.79877,2.5092,3.2525,0.90267,2.1605,3.1428,6.2513,2.8811,1.7789,2.0816,2.0497,4.7196,2.6921,2.4137,4.5408,2.5216,2.2527,5.0278,1.9131,2.5898,4.2059,1.0856,1.7113,4.0471,4.644,2.8438,0.51981,0.83381,2.1372,3.0034,1.3232,2.0748,4.3704,1.0157,2.1277,3.4419,2.0675,2.6439,4.2946,1.7519,1.513,4.11,1.2739,2.5132,3.1657,0.80675,2.4853,3.729,2.0942,1.8419,3.6488,1.5086,2.4778,3.4107,1.5946,2.5727,3.6512,1.5898,1.5793,4.2482,1.8654,2.6269,4.3013,1.9555,2.6346,4.4157,3.5244,2.7444,6.2657,1.7537,1.5103,4.1,1.7982,1.9918,3.462,1.9996,2.9158,4.8085,1.2508,2.5282,3.2124,2.5861,2.4387,4.914,1.1111,2.6181,4.0468,1.5254,2.4581,3.442,1.1008,1.8445,4.0606,1.6847,1.5344,4.0511,1.7688,1.9859,3.4141,0.25101,2.9095,3.31,2.9606,2.2951,4.7027,1.2926,1.9459,4.2261,1.3506,2.6205,3.5252,1.4024,2.454,3.3447,1.896,1.8805,3.629,1.9423,2.4995,4.0554,1.0237,2.2951,3.1481,2.546,1.9906,5.1511,1.2901,2.6343,3.448,1.3446,2.4878,3.2801,0.36452,2.9149,3.4098,0.62353,1.8653,2.7561,1.6162,1.9733,4.5237,1.4658,1.7725,4.1555,5.3193,2.8645,1.6385,0.81137,2.0973,2.831,1.0797,2.6656,4.0513,2.2548,2.4848,3.6453,2.5059,2.3924,4.814,2.9375,2.648,4.6316,2.1077,2.4984,4.4559,2.3651,2.1705,4.2899,0.73154,2.1093,3.2134,0.52747,2.421,3.0942,0.58152,2.1403,3.6949,2.3383,2.3936,4.4832,0.94697,2.4205,3.0452,1.2262,1.6125,4.2611,1.6539,2.0407,3.4054,5.9924,2.6525,1.7318,3.4561,2.9062,0.19038,0.86174,2.3652,3.0798,1.6646,1.6253,4.0567,1.5144,1.9111,3.1683,0.78731,2.4196,2.947,2.1533,2.3318,4.8345,1.2277,2.5649,3.1882,1.0243,1.9555,3.5046,0.4138,1.9746,3.3363,1.7314,2.0152,3.3792,2.3959,2.1554,4.2627,2.229,2.1411,5.0133,1.2423,1.6402,3.8524,0.70767,1.9812,2.7896,2.2378,2.1673,5.0501,2.3913,2.2572,4.5918,1.5789,2.4672,3.9663,4.4669,2.8619,0.39183,1.9572,2.4517,4.0331,0.80512,1.9527,4.1117,1.3626,2.6455,4.3184,3.8068,2.7957,0.095502,1.5541,1.6521,3.3067,0.21064,2.2963,3.2583,5.0991,2.8677,1.0644,0.68057,2.7304,3.3971,1.3791,2.5366,3.0598,2.1777,2.076,4.9166,1.478,2.0009,4.4298,1.5283,1.6318,3.3185,1.4373,2.9073,3.3916,0.62595,2.4045,2.9623,0.86151,2.4391,3.024,0.23389,2.5976,3.325,1.6629,2.3288,4.1969,0.62528,2.4175,2.8787,0.99069,2.315,3.5512,1.3899,1.7699,4.2706,0.30743,2.3334,3.3557,1.5234,1.5898,3.3066,0.59307,2.4181,2.9268,3.3783,2.8446,0.048793,1.9137,2.5523,3.9962,2.0611,2.199,4.6666,2.3127,2.751,4.9091,1.9102,1.8681,3.8357,1.2905,1.7096,3.7283,2.2062,2.1065,4.9806,1.3759,2.6012,3.9304,0.95331,3.0718,2.7783,4.794,2.8978,0.49614,1.4019,2.7096,4.4631,1.9193,1.9073,3.8943,1.3394,2.6524,2.9755,0.66814,2.7244,3.3118,1.0804,2.8824,4.2676,0.80772,2.5479,2.7641,0.6742,2.0351,2.9065,0.5492,2.4115,3.3761,1.5541,2.1529,4.3243,1.5314,2.7251,4.5611,0.51483,2.0031,2.9508,2.0,1.8257,3.8015,1.1848,1.7754,3.7052,2.2185,2.6425,4.6503,1.3426,1.6516,4.0913,1.3341,2.1471,3.1422,0.59267,2.0346,2.9786,0.53366,2.4247,2.667,1.6822,2.3842,4.2086,2.2324,2.627,4.7038,0.54756,2.0366,2.9245,1.5872,1.6955,3.3525,0.32359,3.064,2.1883,0.68298,2.5623,2.6638,3.1112,2.7389,6.1248,0.14541,2.8894,2.8409,4.7141,2.9192,0.41047,2.2512,2.3074,3.5581,1.2704,3.0103,4.1094,1.2726,2.4064,3.4245,1.0588,3.0479,3.9036,2.3149,2.2277,3.7102,1.1781,1.7355,3.7033,2.437,2.3632,4.5925,2.4748,2.6948,4.0635,1.3513,2.6715,4.3827,1.9067,1.8051,3.8139,1.2247,2.6657,3.7398,2.3043,2.4252,4.8506,1.6042,2.548,3.4745,2.1645,2.2478,4.1402,0.76171,1.9433,3.314,2.2287,2.4019,3.622,2.2266,2.3815,3.5828,2.2576,1.9875,5.0004,2.5907,2.2678,4.7813,2.3211,2.2513,3.7443,1.3681,1.5975,3.8853,2.2179,2.6486,4.6805,1.9109,1.8461,3.8231,0.7734,2.1068,4.0974,1.5949,1.7405,4.2408,2.2515,2.6498,4.731,1.4502,2.3842,3.2638,6.0627,2.9146,2.3756,1.8439,1.7797,3.5382,1.8525,2.8987,4.1343,2.1224,1.9643,4.8792,1.2066,2.5814,4.3842,1.9678,2.1468,4.8735,1.6127,1.6792,3.9578,1.6091,2.0377,3.3182,1.1034,2.6648,3.6383,1.0077,2.7741,3.8633,1.4797,2.48,3.9091,1.1699,2.6922,3.661,1.8056,1.6411,4.0698,0.94261,2.4565,2.828,1.9743,2.1322,4.4567,0.31084,2.7376,3.0638,1.0476,1.9299,4.2782,0.99527,2.2931,3.1122,1.6932,2.4013,4.6048,0.9567,2.0292,2.8759,0.72115,1.9659,2.7376,1.5944,1.6727,3.964,0.96404,2.4417,2.8736,1.3404,1.5685,3.8495,2.7261,2.5691,4.6016,1.078,2.197,3.5807,1.1806,2.7157,3.6981,1.9756,1.9748,4.5022,1.0359,1.9418,4.2647,1.871,1.6806,3.4712,1.6656,2.5411,4.0017,2.148,2.5289,4.8782,2.0952,2.404,3.6405,1.2907,3.0294,3.5028,1.4608,1.4811,4.1913,0.63146,2.9836,3.6479,1.6163,1.6594,4.1998,0.7308,1.9848,2.7339,0.7268,2.2028,3.9703,2.6459,2.5817,4.5176,2.0376,2.0881,3.4028,1.4386,2.8091,3.5767,1.0579,2.2906,3.5571,2.5673,2.0543,4.5559,1.4651,1.7147,4.4256,1.5514,2.5683,3.6069,2.0567,2.3731,4.1219,2.6358,2.3333,4.9179,0.53732,2.5213,3.0624
1997.6,0.025268,114.39,9.2898,0.19075,402.59,1.4406,1.7861,4.1025,1.2803,2.2516,4.2659,1.1412,1.9313,4.2449,2.4237,2.6136,4.2761,0.85534,2.0225,4.2991,1.5092,2.5866,3.8916,3.2996,2.8172,6.1791,1.1154,1.9334,4.2468,1.7383,1.5978,4.2024,1.321,2.2315,4.3497,0.82499,2.0683,4.2211,3.0315,2.8251,4.6001,5.4632,2.652,1.1963,1.3467,2.6782,3.7306,0.86552,2.1365,2.9838,2.5724,2.1739,4.6424,1.4522,1.632,3.9415,0.61807,2.6551,3.7439,2.0483,1.7744,3.5322,1.0713,2.3829,3.2077,0.076317,2.3075,3.2939,1.7484,1.6719,3.4264,1.8547,2.7038,4.1113,1.7915,1.7315,3.4279,1.4427,1.5964,3.9653,0.38387,2.1934,3.1014,2.142,2.4345,4.5184,1.4614,1.732,3.2141,0.81467,1.964,2.7374,3.2588,2.8321,6.1071,2.098,1.8263,3.5799,1.0227,2.7477,2.931,1.8703,2.6043,4.1087,0.68305,1.9579,2.8069,1.0308,2.4029,3.1402,1.9437,1.9244,4.5727,1.7212,1.6114,3.9151,0.5407,2.1816,3.8061,1.1959,2.6005,3.7648,0.86968,2.1639,3.1266,2.747,2.3884,4.5343,2.2054,2.279,4.8587,1.5238,1.6802,3.9672,1.9207,1.9463,4.5465,1.5532,2.2499,3.252,0.69718,2.2059,3.0055,2.4692,2.4501,4.4526,1.9043,2.5834,4.7059,1.8083,2.6114,4.6209,2.7507,2.4131,4.6037,1.2727,2.5672,3.842,1.7951,2.2757,4.4137,1.839,2.9483,3.7528,0.65451,2.4738,2.6168,1.4759,2.1375,4.6294,1.9989,2.9562,3.9175,0.27551,2.4118,3.2835,1.6601,1.5614,4.0627,0.6682,2.0813,3.017,2.2408,2.2627,4.6559,0.80146,2.5014,3.2623,0.90067,2.1591,3.1443,6.2449,2.8798,1.7712,2.0881,2.0531,4.7269,2.6944,2.4161,4.5491,2.5172,2.247,5.022,1.909,2.581,4.2012,1.0845,1.7014,4.0538,4.6349,2.8448,0.51383,0.83666,2.1382,3.0082,1.3246,2.0734,4.3746,1.0127,2.1305,3.4386,2.0575,2.6378,4.2829,1.7539,1.5075,4.107,1.2786,2.511,3.1688,0.80949,2.4873,3.727,2.0964,1.8379,3.6451,1.5048,2.4789,3.4103,1.5953,2.5714,3.6582,1.5842,1.5782,4.2494,1.8589,2.6179,4.292,1.9511,2.6262,4.4098,3.5322,2.7421,6.2724,1.7563,1.5065,4.0968,1.8028,1.9906,3.4625,1.9972,2.914,4.8068,1.2544,2.5272,3.2172,2.5839,2.4383,4.9105,1.1151,2.619,4.0472,1.5223,2.4589,3.4422,1.0972,1.8442,4.061,1.6861,1.5314,4.0496,1.7722,1.9844,3.4133,0.25042,2.9077,3.3095,2.9627,2.2939,4.7062,1.2908,1.9454,4.2275,1.3543,2.6182,3.5324,1.4,2.4542,3.3455,1.8982,1.8751,3.6257,1.9425,2.5045,4.059,1.0207,2.2951,3.147,2.5466,1.9888,5.1522,1.2923,2.6332,3.4536,1.3397,2.4885,3.278,0.36748,2.9131,3.4127,0.6218,1.8668,2.751,1.6115,1.9724,4.525,1.4652,1.7704,4.157,5.3103,2.8628,1.6297,0.81092,2.0971,2.8325,1.081,2.6681,4.0505,2.2585,2.4833,3.6491,2.501,2.3898,4.8068,2.9443,2.6449,4.6372,2.1069,2.4981,4.4542,2.3657,2.1738,4.2949,0.7279,2.1142,3.2059,0.53617,2.4188,3.1037,0.58068,2.1399,3.6945,2.3376,2.3922,4.4866,0.95516,2.4185,3.0531,1.2243,1.6153,4.2587,1.6512,2.0415,3.4032,5.9803,2.6497,1.7191,3.4609,2.9045,0.19607,0.86089,2.3632,3.0823,1.6647,1.6243,4.0555,1.5149,1.913,3.168,0.7874,2.4184,2.9486,2.1534,2.3306,4.8299,1.2309,2.5652,3.1932,1.0249,1.9545,3.5051,0.40869,1.9747,3.3399,1.7325,2.0141,3.3759,2.397,2.1591,4.2668,2.2319,2.1398,5.0138,1.2395,1.6374,3.8533,0.70866,1.9811,2.791,2.2412,2.1669,5.052,2.3943,2.2597,4.597,1.5791,2.4722,3.9659,4.4736,2.8561,0.39949,1.9575,2.4571,4.0353,0.80384,1.9527,4.111,1.3709,2.6484,4.323,3.8171,2.7932,0.10689,1.5553,1.6542,3.3077,0.20673,2.296,3.2531,5.099,2.8619,1.0664,0.6835,2.728,3.4004,1.382,2.5374,3.0618,2.1806,2.0732,4.9157,1.477,1.9966,4.4329,1.5284,1.6317,3.3199,1.4396,2.9066,3.3924,0.63239,2.4027,2.9716,0.85999,2.438,3.0262,0.23281,2.5969,3.3227,1.6655,2.3318,4.2004,0.63128,2.4165,2.8847,0.98688,2.3216,3.545,1.3896,1.7686,4.269,0.30692,2.3341,3.3545,1.5231,1.5883,3.3076,0.59828,2.4171,2.9344,3.3896,2.8429,0.06141,1.9102,2.5511,3.9953,2.0649,2.199,4.6695,2.2995,2.7488,4.893,1.9106,1.8625,3.8332,1.2901,1.7057,3.7298,2.2086,2.1043,4.9805,1.3752,2.5993,3.9279,0.94399,3.0716,2.7685,4.7971,2.8939,0.49972,1.4079,2.7098,4.4687,1.9201,1.9053,3.895,1.3429,2.6531,2.98,0.67564,2.7225,3.3208,1.0872,2.8807,4.2743,0.81552,2.5494,2.7698,0.6742,2.0383,2.9052,0.55051,2.4116,3.3756,1.5534,2.1505,4.3278,1.5413,2.7256,4.5694,0.51064,2.0046,2.9445,2.0005,1.8233,3.8014,1.1843,1.7722,3.7077,2.2147,2.6402,4.6439,1.3405,1.6552,4.088,1.3313,2.1461,3.1408,0.5909,2.0373,2.974,0.53634,2.4237,2.671,1.6861,2.3896,4.2117,2.2262,2.6232,4.6952,0.5446,2.0386,2.9188,1.5881,1.6951,3.3537,0.30975,3.0648,2.1725,0.68494,2.5649,2.6643,3.1205,2.7377,6.135,0.15624,2.8897,2.8535,4.7171,2.9168,0.41353,2.2497,2.3033,3.5524,1.274,3.0069,4.1147,1.2671,2.4096,3.4207,1.0615,3.0467,3.9087,2.3133,2.2277,3.7069,1.1772,1.7305,3.7061,2.4371,2.3639,4.5932,2.4701,2.696,4.0646,1.3542,2.6713,4.3836,1.9074,1.7987,3.8115,1.2271,2.6617,3.7418,2.3018,2.4236,4.8442,1.6031,2.5463,3.4799,2.1648,2.2509,4.1427,0.76014,1.9456,3.3108,2.2251,2.4016,3.617,2.2222,2.3802,3.576,2.2601,1.9891,5.0022,2.5886,2.2669,4.7809,2.3194,2.2527,3.7424,1.3677,1.5978,3.8867,2.2103,2.6452,4.6705,1.9119,1.8418,3.8203,0.77344,2.1054,4.1023,1.5945,1.7373,4.24,2.2453,2.6469,4.7229,1.4505,2.3845,3.2639,6.0686,2.9157,2.3826,1.8443,1.7792,3.5402,1.8496,2.8938,4.1298,2.1263,1.9646,4.8828,1.2097,2.5816,4.388,1.971,2.1473,4.874,1.6129,1.6754,3.9575,1.6097,2.0394,3.316,1.1049,2.6621,3.6391,1.0097,2.7725,3.8633,1.4831,2.4821,3.9122,1.1708,2.6892,3.6604,1.8042,1.6363,4.0693,0.94359,2.4566,2.8297,1.9776,2.1352,4.4602,0.31988,2.7344,3.0723,1.0459,1.9288,4.2786,0.99604,2.292,3.1149,1.696,2.4019,4.6058,0.95549,2.0278,2.8764,0.72051,1.9651,2.7374,1.5938,1.6691,3.9639,0.96544,2.4412,2.8772,1.3386,1.5672,3.8502,2.7256,2.5687,4.6019,1.0773,2.2001,3.5782,1.1824,2.7129,3.6994,1.9755,1.9747,4.5035,1.0343,1.941,4.2651,1.8719,1.6815,3.4722,1.6656,2.5428,4.0017,2.1493,2.5283,4.8766,2.0927,2.4053,3.6375,1.2969,3.0274,3.5084,1.4614,1.4821,4.1897,0.6287,2.9832,3.646,1.6166,1.6563,4.1988,0.73041,1.9841,2.7338,0.72819,2.2036,3.971,2.6444,2.5809,4.5173,2.0399,2.0867,3.4022,1.4408,2.8049,3.5789,1.0561,2.295,3.5532,2.5693,2.0568,4.5604,1.4641,1.7142,4.4261,1.55,2.5676,3.6087,2.057,2.3762,4.1242,2.6339,2.3321,4.9156,0.54051,2.5213,3.0658
1997.6,0.025268,114.39,9.2898,0.19942,406.01,1.4371,1.7829,4.1005,1.2821,2.2524,4.2695,1.1376,1.9287,4.2444,2.4215,2.6114,4.2769,0.85466,2.0228,4.3004,1.5086,2.5901,3.8908,3.3134,2.8142,6.1956,1.1102,1.9303,4.2473,1.7384,1.593,4.1998,1.3233,2.2321,4.3561,0.82368,2.07,4.2214,3.0356,2.8244,4.6033,5.4543,2.6448,1.1872,1.3478,2.6752,3.7314,0.86098,2.136,2.981,2.5779,2.1791,4.6524,1.4508,1.6311,3.9431,0.61538,2.6597,3.7347,2.0501,1.7754,3.5349,1.0651,2.3827,3.2069,0.065239,2.3078,3.2789,1.7463,1.6704,3.4288,1.8491,2.6994,4.1049,1.7919,1.733,3.4298,1.442,1.5943,3.9663,0.38374,2.1956,3.0968,2.1464,2.4379,4.5234,1.4612,1.7362,3.2151,0.81347,1.9652,2.7372,3.2771,2.8305,6.1275,2.1063,1.8296,3.5908,1.0222,2.7506,2.931,1.8763,2.6069,4.1177,0.68484,1.961,2.8076,1.0268,2.4013,3.1421,1.9472,1.9247,4.5775,1.7227,1.6101,3.9169,0.54446,2.1793,3.8122,1.1985,2.6053,3.7671,0.86338,2.1673,3.1205,2.7565,2.3927,4.5442,2.2164,2.286,4.8721,1.5263,1.6796,3.9687,1.924,1.9482,4.5497,1.558,2.2541,3.2506,0.69271,2.2095,3.0007,2.4712,2.453,4.4588,1.9052,2.5836,4.6985,1.8033,2.6121,4.6081,2.7623,2.4172,4.6217,1.2697,2.5688,3.8334,1.8025,2.2781,4.4198,1.8337,2.9427,3.747,0.65875,2.4739,2.6213,1.4677,2.1428,4.6239,1.9976,2.9492,3.9154,0.27214,2.4129,3.2792,1.6601,1.5591,4.0616,0.6664,2.0823,3.0144,2.2385,2.2625,4.6535,0.80344,2.4941,3.2712,0.89845,2.158,3.1455,6.239,2.8785,1.764,2.0945,2.0563,4.734,2.6969,2.4183,4.5571,2.5134,2.2415,5.0164,1.9055,2.573,4.197,1.0836,1.6924,4.0603,4.6282,2.8447,0.50978,0.83912,2.1391,3.0125,1.3263,2.0722,4.3787,1.0097,2.1334,3.4353,2.0485,2.6318,4.2722,1.7561,1.502,4.1041,1.2833,2.5088,3.1716,0.81218,2.4893,3.725,2.0986,1.834,3.6415,1.5014,2.4799,3.4102,1.5959,2.5705,3.665,1.579,1.5776,4.2502,1.8529,2.6097,4.2836,1.9474,2.6184,4.4046,3.5401,2.7396,0.0025558,1.7589,1.5027,4.0936,1.8074,1.9894,3.4632,1.9945,2.9124,4.8046,1.2579,2.5262,3.2219,2.5817,2.4379,4.907,1.1188,2.6197,4.0473,1.5193,2.4596,3.4424,1.0936,1.8439,4.0613,1.6877,1.5285,4.0482,1.7756,1.983,3.4125,0.25003,2.9058,3.3091,2.965,2.2927,4.7095,1.2891,1.9448,4.2288,1.3576,2.616,3.5393,1.3976,2.4544,3.3463,1.9007,1.8699,3.6226,1.9427,2.5092,4.0625,1.0178,2.2951,3.146,2.547,1.9871,5.1531,1.2943,2.632,3.4592,1.3348,2.4891,3.2759,0.3706,2.9111,3.4158,0.62018,1.8684,2.7459,1.6067,1.9714,4.5261,1.4646,1.7682,4.1584,5.3016,2.8609,1.6211,0.81047,2.0968,2.834,1.0821,2.6706,4.0496,2.2623,2.4818,3.6524,2.4963,2.3872,4.7998,2.9513,2.6417,4.6429,2.1062,2.498,4.4526,2.3665,2.1773,4.3,0.72424,2.1191,3.1983,0.54464,2.4166,3.113,0.57999,2.1395,3.6941,2.3372,2.391,4.4902,0.96312,2.4165,3.061,1.2223,1.6183,4.2562,1.6485,2.0421,3.4009,5.9686,2.6467,1.7069,3.4658,2.9026,0.20168,0.85971,2.3614,3.0844,1.6648,1.6234,4.0544,1.5155,1.915,3.1679,0.78736,2.4173,2.95,2.1535,2.3294,4.8254,1.234,2.5655,3.1981,1.0256,1.9535,3.5057,0.40354,1.9748,3.3435,1.7336,2.0131,3.3726,2.3982,2.1628,4.271,2.235,2.1386,5.0143,1.2366,1.6346,3.8541,0.70955,1.9811,2.7921,2.2445,2.1665,5.0539,2.3973,2.2623,4.6022,1.5792,2.4771,3.9655,4.4802,2.8502,0.40696,1.9579,2.4627,4.0376,0.80259,1.9527,4.1103,1.3792,2.6513,4.3273,3.8273,2.7906,0.11815,1.5567,1.6566,3.3087,0.203,2.2957,3.2479,5.099,2.856,1.0687,0.68617,2.7256,3.4034,1.3848,2.5383,3.0637,2.1837,2.0705,4.9149,1.4761,1.9923,4.4358,1.5284,1.6316,3.3212,1.4419,2.906,3.393,0.63873,2.4009,2.9807,0.85845,2.4369,3.0285,0.23179,2.5962,3.3203,1.6682,2.3348,4.204,0.63726,2.4156,2.8907,0.98296,2.3282,3.5387,1.3893,1.7672,4.2673,0.30642,2.3348,3.3533,1.5229,1.5866,3.3086,0.60346,2.4162,2.942,3.4006,2.841,0.073616,1.9067,2.5501,3.9944,2.0687,2.1989,4.6723,2.2868,2.7465,4.8772,1.911,1.8568,3.8307,1.2898,1.7019,3.7313,2.2111,2.102,4.9803,1.3746,2.5973,3.9253,0.93439,3.0715,2.7584,4.8002,2.89,0.5033,1.4138,2.71,4.4742,1.921,1.9032,3.8957,1.3465,2.6538,2.9846,0.68274,2.7206,3.3293,1.0939,2.8789,4.281,0.82302,2.5508,2.7755,0.67425,2.0417,2.9039,0.55188,2.4116,3.3751,1.5528,2.1479,4.3313,1.551,2.726,4.5775,0.50656,2.0061,2.9383,2.0011,1.8207,3.8014,1.1837,1.769,3.7103,2.211,2.6379,4.6377,1.3384,1.6588,4.0846,1.3285,2.1451,3.1393,0.58913,2.04,2.9693,0.53902,2.4227,2.6749,1.69,2.3951,4.2147,2.2202,2.6195,4.687,0.54174,2.0405,2.9133,1.589,1.6948,3.3548,0.29561,3.0655,2.1565,0.68671,2.5676,2.6646,3.1299,2.7363,6.1453,0.16718,2.89,2.8661,4.7201,2.9144,0.41668,2.2484,2.2993,3.5467,1.2773,3.0036,4.1196,1.2615,2.4127,3.4168,1.0636,3.0455,3.9132,2.3116,2.2277,3.7035,1.1763,1.7254,3.7089,2.4372,2.3646,4.5938,2.4653,2.6971,4.0657,1.3571,2.6711,4.3844,1.9079,1.7924,3.8092,1.2295,2.6577,3.7438,2.2994,2.422,4.8378,1.602,2.5448,3.4851,2.1651,2.254,4.1454,0.75854,1.948,3.3076,2.2216,2.4013,3.6119,2.2179,2.3789,3.5693,2.2626,1.9906,5.0039,2.5864,2.2661,4.7805,2.3175,2.254,3.7405,1.3673,1.598,3.8879,2.2028,2.6418,4.6607,1.9129,1.8376,3.8174,0.77349,2.1039,4.1072,1.5942,1.7341,4.2393,2.2392,2.644,4.715,1.4508,2.3848,3.264,6.0746,2.9167,2.3899,1.8447,1.7787,3.5423,1.8469,2.8888,4.1255,2.1302,1.9648,4.8862,1.2127,2.5819,4.3917,1.9742,2.1478,4.8746,1.6131,1.6717,3.9572,1.6103,2.0412,3.3138,1.1062,2.6593,3.6398,1.0116,2.771,3.8631,1.4865,2.4842,3.9154,1.1716,2.6862,3.6598,1.8027,1.6316,4.0689,0.94454,2.4567,2.8314,1.981,2.1383,4.4637,0.32879,2.7312,3.0805,1.0441,1.9278,4.2789,0.99679,2.2911,3.1176,1.6989,2.4024,4.6069,0.95428,2.0263,2.8769,0.71987,1.9644,2.7372,1.5933,1.6656,3.9638,0.96679,2.4409,2.8807,1.3368,1.566,3.8509,2.7252,2.5683,4.6022,1.0766,2.2034,3.5755,1.1843,2.71,3.7007,1.9755,1.9745,4.5047,1.0327,1.9402,4.2654,1.8727,1.6825,3.4732,1.6656,2.5445,4.0016,2.1508,2.5276,4.875,2.0902,2.4065,3.6344,1.3033,3.0254,3.5141,1.4619,1.4831,4.188,0.62579,2.9828,3.6438,1.617,1.6532,4.1977,0.73002,1.9836,2.7336,0.72955,2.2043,3.9717,2.6428,2.5801,4.5171,2.0422,2.0852,3.4017,1.4429,2.8006,3.5813,1.0541,2.2994,3.5493,2.5715,2.0595,4.5649,1.4631,1.7136,4.4265,1.5486,2.567,3.6107,2.0572,2.3794,4.1267,2.6321,2.3311,4.9133,0.54364,2.5214,3.0691
1997.6,0.025268,114.39,9.2898,0.20809,409.55,1.4337,1.7798,4.0985,1.2839,2.2533,4.273,1.1342,1.9262,4.2439,2.4194,2.6094,4.2779,0.85401,2.023,4.3019,1.5079,2.5935,3.8899,3.3272,2.8111,6.2119,1.1051,1.9272,4.2478,1.7386,1.5884,4.1973,1.3255,2.2328,4.3625,0.82236,2.0716,4.2217,3.0399,2.8236,4.6065,5.4457,2.6375,1.1787,1.3485,2.6727,3.7319,0.85648,2.1354,2.9783,2.5831,2.1838,4.662,1.4493,1.6302,3.9447,0.61289,2.664,3.7257,2.0519,1.7764,3.5378,1.0587,2.3826,3.2054,0.054287,2.308,3.2642,1.7443,1.6689,3.4311,1.8441,2.6952,4.0994,1.7923,1.7345,3.4316,1.4413,1.5925,3.9672,0.38374,2.1974,3.0925,2.1505,2.4411,4.5279,1.461,1.7403,3.2162,0.81227,1.9661,2.7371,3.296,2.8289,6.1484,2.1145,1.8326,3.6015,1.0219,2.7536,2.931,1.8823,2.6094,4.1268,0.68648,1.9638,2.8083,1.0226,2.3998,3.1437,1.9509,1.925,4.5823,1.7242,1.6092,3.9185,0.54849,2.177,3.8185,1.2011,2.6096,3.7694,0.85746,2.1704,3.1148,2.7649,2.3967,4.5527,2.227,2.2923,4.885,1.5286,1.6789,3.9702,1.9273,1.9499,4.553,1.5627,2.2578,3.2491,0.68876,2.2128,2.9968,2.4729,2.4555,4.4648,1.9064,2.5839,4.6916,1.7986,2.6127,4.5957,2.7729,2.4208,4.6383,1.2669,2.5703,3.8252,1.8099,2.2802,4.4257,1.8289,2.9374,3.7419,0.66256,2.474,2.6255,1.4596,2.1479,4.6186,1.9966,2.9423,3.9138,0.26927,2.4139,3.2764,1.66,1.5571,4.0603,0.6647,2.0831,3.012,2.2362,2.2623,4.651,0.80452,2.4873,3.2791,0.89599,2.1571,3.1466,6.2335,2.8771,1.7573,2.1008,2.0592,4.7408,2.699,2.42,4.5646,2.51,2.2365,5.0112,1.9025,2.5659,4.1932,1.0827,1.6841,4.0664,4.6222,2.8445,0.50622,0.84139,2.1401,3.0166,1.3279,2.071,4.3827,1.0068,2.1361,3.4319,2.0401,2.6262,4.2623,1.7583,1.4967,4.1013,1.2877,2.5068,3.1741,0.81484,2.4912,3.7231,2.1007,1.8302,3.638,1.4983,2.4808,3.4103,1.5966,2.5697,3.6716,1.5741,1.5773,4.2509,1.8478,2.6021,4.2759,1.9443,2.6112,4.4,3.548,2.7373,5.9592,1.7615,1.4989,4.0902,1.8119,1.9881,3.464,1.9919,2.9108,4.8023,1.2613,2.5253,3.2262,2.5797,2.4375,4.9036,1.1224,2.6205,4.0473,1.5163,2.4605,3.4426,1.0901,1.8436,4.0616,1.6893,1.5258,4.0467,1.7791,1.9815,3.4119,0.24975,2.9041,3.3088,2.9672,2.2913,4.7127,1.2875,1.9441,4.2301,1.3607,2.6142,3.5457,1.3953,2.4546,3.3471,1.903,1.865,3.6199,1.9429,2.5137,4.066,1.015,2.2951,3.145,2.5473,1.9855,5.1538,1.2962,2.6307,3.4645,1.33,2.4897,3.2739,0.37379,2.9093,3.4189,0.61865,1.8698,2.7413,1.602,1.9702,4.527,1.4641,1.7661,4.1597,5.2931,2.8592,1.6127,0.81,2.0966,2.8355,1.0831,2.673,4.0487,2.2662,2.4803,3.6555,2.4918,2.3848,4.7932,2.9582,2.6384,4.6484,2.1055,2.4979,4.4511,2.3674,2.1808,4.3051,0.72057,2.1238,3.1907,0.55285,2.4146,3.1219,0.57943,2.1391,3.6938,2.337,2.3898,4.4939,0.97079,2.4147,3.0686,1.2204,1.6212,4.2537,1.6458,2.0427,3.3987,5.9573,2.6438,1.6951,3.4704,2.9008,0.20694,0.85822,2.3597,3.086,1.6648,1.6225,4.0531,1.5161,1.9169,3.1678,0.78725,2.4161,2.9514,2.1538,2.3281,4.8211,1.237,2.5659,3.2028,1.0263,1.9523,3.5063,0.39838,1.9749,3.347,1.7348,2.0119,3.3693,2.3997,2.1666,4.2755,2.2379,2.1373,5.0147,1.2339,1.632,3.8547,0.71035,1.981,2.7931,2.2478,2.1661,5.0555,2.4003,2.2647,4.6073,1.5793,2.4818,3.9652,4.4864,2.8445,0.41426,1.9584,2.4682,4.0399,0.8014,1.9528,4.1096,1.3873,2.6541,4.3315,3.8374,2.788,0.12921,1.5581,1.659,3.3097,0.19944,2.2954,3.243,5.0992,2.8503,1.0709,0.68857,2.7233,3.406,1.3872,2.5392,3.0653,2.1867,2.0678,4.9142,1.475,1.9881,4.4387,1.5284,1.6314,3.3225,1.4441,2.9054,3.3934,0.64486,2.3992,2.9895,0.85689,2.4359,3.0305,0.23076,2.5954,3.318,1.6709,2.3377,4.2077,0.64317,2.4145,2.8967,0.97894,2.3347,3.5324,1.389,1.7658,4.2657,0.30589,2.3355,3.352,1.5227,1.585,3.3098,0.60857,2.4153,2.9496,3.4111,2.8393,0.085374,1.9032,2.5492,3.9936,2.0725,2.1988,4.675,2.2745,2.7443,4.862,1.9114,1.8512,3.8284,1.2894,1.6981,3.7329,2.2135,2.0999,4.9802,1.374,2.5954,3.9228,0.92457,3.0715,2.748,4.8029,2.886,0.50684,1.4196,2.71,4.4793,1.9219,1.9012,3.8964,1.3501,2.6545,2.9892,0.68942,2.7189,3.3372,1.1005,2.877,4.2875,0.83025,2.5522,2.7808,0.67436,2.045,2.9027,0.55333,2.4116,3.3747,1.5522,2.1454,4.3348,1.5606,2.7262,4.5854,0.50259,2.0076,2.9322,2.0016,1.8183,3.8013,1.1831,1.7658,3.7128,2.2077,2.6358,4.6319,1.3364,1.6622,4.0812,1.3258,2.1441,3.1379,0.58736,2.0426,2.9649,0.54169,2.4216,2.6789,1.6939,2.4005,4.2176,2.2146,2.6158,4.6791,0.539,2.0422,2.908,1.59,1.6945,3.356,0.28127,3.0662,2.1402,0.68828,2.5703,2.6648,3.1392,2.7349,6.1557,0.17813,2.8902,2.8788,4.723,2.9122,0.41989,2.2472,2.2953,3.5414,1.28,3.0003,4.1238,1.2561,2.4154,3.4131,1.0652,3.0444,3.9174,2.31,2.2278,3.7002,1.1752,1.7204,3.7116,2.4372,2.3652,4.5944,2.4606,2.6981,4.067,1.3599,2.671,4.3851,1.9085,1.7862,3.8071,1.2318,2.6537,3.7456,2.2973,2.4206,4.8317,1.6006,2.5433,3.4901,2.1655,2.2572,4.148,0.75693,1.9503,3.3043,2.2182,2.401,3.607,2.2135,2.3776,3.5627,2.2649,1.992,5.0053,2.5844,2.2652,4.78,2.3157,2.2555,3.7387,1.367,1.5981,3.8891,2.1956,2.6383,4.6512,1.9139,1.8333,3.8146,0.77355,2.1024,4.1119,1.5938,1.731,4.2386,2.2333,2.6412,4.7073,1.4511,2.3852,3.2641,6.0808,2.9179,2.3974,1.8451,1.7782,3.5442,1.8443,2.884,4.1212,2.134,1.9649,4.8895,1.2156,2.5821,4.3954,1.9773,2.1485,4.8751,1.6133,1.668,3.957,1.6111,2.0429,3.3118,1.1076,2.6567,3.6403,1.0134,2.7695,3.8629,1.4899,2.486,3.9186,1.1725,2.6833,3.6592,1.8012,1.6271,4.0684,0.94547,2.4569,2.833,1.9844,2.1413,4.4672,0.33752,2.7279,3.0885,1.0424,1.9268,4.2793,0.99749,2.2902,3.1201,1.7016,2.4029,4.608,0.95306,2.0248,2.8773,0.71924,1.9637,2.737,1.5927,1.6622,3.9637,0.96808,2.4405,2.8843,1.335,1.5648,3.8516,2.7247,2.5678,4.6026,1.0758,2.2067,3.5729,1.186,2.7073,3.7019,1.9755,1.9744,4.506,1.0311,1.9394,4.2658,1.8737,1.6834,3.4743,1.6656,2.5462,4.0016,2.1523,2.527,4.8735,2.0877,2.4079,3.6313,1.3096,3.0234,3.5197,1.4625,1.4841,4.1864,0.62277,2.9824,3.6416,1.6174,1.6503,4.1967,0.72964,1.983,2.7335,0.7309,2.2052,3.9724,2.6413,2.5794,4.5169,2.0445,2.0837,3.4013,1.445,2.7965,3.5835,1.0523,2.3038,3.5453,2.5736,2.0621,4.5695,1.4622,1.7131,4.4269,1.5471,2.5663,3.6126,2.0575,2.3826,4.1291,2.6304,2.3299,4.9111,0.54671,2.5214,3.0725
1997.6,0.025268,114.39,9.2898,0.21677,412.96,1.4303,1.7769,4.0966,1.2857,2.2541,4.2766,1.1308,1.9237,4.2434,2.4174,2.6075,4.279,0.85335,2.0233,4.3032,1.5072,2.5966,3.8889,3.3407,2.808,6.2279,1.1002,1.9242,4.2482,1.7389,1.584,4.1947,1.3276,2.2335,4.3688,0.82103,2.0733,4.222,3.0442,2.8228,4.6098,5.4376,2.6303,1.1709,1.3491,2.6705,3.7321,0.85202,2.1347,2.9755,2.5882,2.1883,4.6712,1.4478,1.6292,3.9463,0.61068,2.668,3.717,2.0538,1.7776,3.5409,1.052,2.3827,3.2036,0.043516,2.308,3.2497,1.7422,1.6674,3.4335,1.8393,2.691,4.0945,1.7928,1.7358,3.4334,1.4406,1.591,3.968,0.38388,2.199,3.0886,2.1543,2.444,4.5319,1.461,1.7441,3.2172,0.81105,1.9668,2.7371,3.3153,2.827,6.1698,2.1225,1.8354,3.612,1.0219,2.7568,2.9313,1.8884,2.6119,4.1361,0.68797,1.9667,2.8088,1.0183,2.3984,3.1451,1.9547,1.9253,4.5871,1.7254,1.6087,3.9201,0.55277,2.1745,3.8253,1.2039,2.6137,3.772,0.85191,2.1733,3.1097,2.7724,2.4003,4.5599,2.2372,2.2974,4.8972,1.5309,1.6778,3.9714,1.9307,1.9515,4.5561,1.5673,2.2609,3.2476,0.68527,2.2156,2.9938,2.4745,2.458,4.4706,1.9077,2.5844,4.6849,1.794,2.6134,4.5838,2.7823,2.4238,4.6532,1.264,2.5719,3.8174,1.8173,2.2823,4.4316,1.8246,2.9324,3.7374,0.666,2.4742,2.6291,1.4516,2.1529,4.6134,1.9961,2.9353,3.9126,0.26681,2.4148,3.2748,1.66,1.5551,4.0592,0.6631,2.0838,3.0098,2.2337,2.262,4.6484,0.80473,2.481,3.286,0.89322,2.1564,3.1473,6.2285,2.8756,1.7511,2.1069,2.0619,4.7472,2.701,2.4215,4.5715,2.5068,2.2316,5.0061,1.9,2.5595,4.19,1.0817,1.6763,4.0722,4.6163,2.8441,0.50268,0.84352,2.1412,3.0206,1.3296,2.0699,4.3864,1.0037,2.139,3.4285,2.0324,2.6209,4.2531,1.7606,1.4915,4.0984,1.292,2.5048,3.1765,0.81746,2.493,3.7212,2.1029,1.8266,3.6347,1.4955,2.4817,3.4108,1.5975,2.5691,3.6782,1.5694,1.5772,4.2516,1.8431,2.595,4.269,1.9416,2.6044,4.3958,3.5558,2.7348,0.019279,1.7641,1.495,4.0869,1.8164,1.9869,3.4648,1.989,2.9092,4.7998,1.2644,2.5245,3.2303,2.5777,2.4372,4.9004,1.1259,2.6212,4.0471,1.5134,2.4613,3.4429,1.0868,1.8432,4.0618,1.6908,1.5231,4.0453,1.7825,1.98,3.4114,0.24959,2.9024,3.3084,2.9693,2.2901,4.7157,1.2858,1.9434,4.2314,1.3635,2.6125,3.5518,1.393,2.4549,3.3481,1.9055,1.8602,3.6172,1.9432,2.5179,4.0694,1.0121,2.295,3.144,2.5474,1.9839,5.1543,1.2979,2.6295,3.4699,1.3253,2.4903,3.272,0.37706,2.9073,3.422,0.61722,1.871,2.7368,1.5971,1.9691,4.5279,1.4637,1.7638,4.1609,5.2847,2.8575,1.6045,0.80953,2.0964,2.8369,1.084,2.6754,4.0475,2.2701,2.4787,3.6583,2.4876,2.3824,4.7869,2.9652,2.6353,4.6537,2.1049,2.4979,4.4498,2.3684,2.1842,4.3102,0.7169,2.1284,3.1834,0.5608,2.4126,3.1306,0.57898,2.1387,3.6934,2.3372,2.3888,4.4977,0.97818,2.413,3.0758,1.2186,1.6242,4.2511,1.643,2.0433,3.3965,5.9465,2.6408,1.6837,3.4746,2.8991,0.21183,0.85647,2.3582,3.0873,1.6648,1.6215,4.052,1.5168,1.9188,3.1678,0.78707,2.415,2.9527,2.1542,2.3269,4.817,1.2398,2.5663,3.2073,1.0271,1.9512,3.507,0.39323,1.9751,3.3503,1.7358,2.0107,3.3662,2.4013,2.1704,4.28,2.2408,2.136,5.0152,1.231,1.6294,3.8552,0.71108,1.9809,2.7941,2.2508,2.1656,5.0571,2.4031,2.2671,4.6123,1.5794,2.4863,3.9647,4.4926,2.839,0.4214,1.9588,2.4735,4.0422,0.80025,1.9528,4.1088,1.3951,2.6569,4.3355,3.8471,2.7855,0.14004,1.5595,1.6615,3.3108,0.19605,2.2951,3.2383,5.0995,2.8447,1.0734,0.69072,2.721,3.4084,1.3895,2.5402,3.0667,2.1898,2.0652,4.9135,1.4741,1.9839,4.4415,1.5285,1.6311,3.3238,1.4462,2.9049,3.3938,0.65077,2.3974,2.9981,0.85533,2.4348,3.0325,0.22971,2.5946,3.3156,1.6737,2.3407,4.2114,0.64897,2.4136,2.9026,0.97485,2.3411,3.526,1.3886,1.7645,4.264,0.30536,2.3361,3.3507,1.5225,1.5834,3.3108,0.61357,2.4144,2.9569,3.4212,2.8375,0.096686,1.8999,2.5484,3.9928,2.0762,2.1987,4.6778,2.2629,2.742,4.8471,1.9118,1.8456,3.8262,1.2891,1.6945,3.7343,2.216,2.0978,4.9801,1.3734,2.5936,3.9203,0.91454,3.0714,2.7375,4.8055,2.8821,0.51033,1.4251,2.71,4.4845,1.9229,1.8993,3.8971,1.3535,2.6552,2.9939,0.6957,2.7173,3.3446,1.1069,2.8752,4.2939,0.83719,2.5536,2.7858,0.67451,2.0481,2.9017,0.55486,2.4116,3.3744,1.5516,2.1427,4.3382,1.5698,2.7265,4.5932,0.49874,2.0089,2.9262,2.0021,1.8159,3.8013,1.1825,1.7625,3.7153,2.2048,2.6338,4.6266,1.3343,1.6655,4.078,1.323,2.143,3.1365,0.5856,2.0451,2.9605,0.54433,2.4206,2.6829,1.6977,2.4058,4.2204,2.2094,2.6124,4.6716,0.53638,2.0438,2.9031,1.5909,1.6941,3.3572,0.26673,3.0669,2.1238,0.68966,2.5731,2.6647,3.1484,2.7334,6.1658,0.18903,2.8904,2.8915,4.7259,2.9102,0.42316,2.2462,2.2915,3.5363,1.2825,2.9971,4.1277,1.2509,2.4182,3.4095,1.0663,3.0432,3.921,2.3085,2.2278,3.697,1.1742,1.7152,3.7144,2.4372,2.3658,4.5949,2.456,2.6991,4.0681,1.3627,2.6708,4.3859,1.9091,1.7801,3.8051,1.234,2.6498,3.7474,2.2955,2.4192,4.8259,1.5994,2.5421,3.495,2.1659,2.2603,4.1507,0.75531,1.9527,3.3012,2.215,2.4007,3.6021,2.2093,2.3763,3.5561,2.2671,1.9931,5.0065,2.5824,2.2643,4.7794,2.3139,2.2568,3.7369,1.3666,1.5982,3.8901,2.1885,2.6349,4.642,1.915,1.8291,3.8118,0.77362,2.101,4.1166,1.5934,1.728,4.2378,2.2275,2.6383,4.6997,1.4514,2.3856,3.2643,6.087,2.9189,2.4049,1.8456,1.7776,3.5461,1.8418,2.8791,4.1171,2.1376,1.965,4.8926,1.2184,2.5823,4.399,1.9803,2.1491,4.8757,1.6136,1.6645,3.9567,1.6119,2.0446,3.3098,1.1087,2.6542,3.6409,1.0152,2.7681,3.8626,1.4931,2.4878,3.9217,1.1732,2.6805,3.6585,1.7998,1.6226,4.068,0.94638,2.4572,2.8346,1.9876,2.1442,4.4706,0.34604,2.7247,3.0963,1.0407,1.9257,4.2796,0.99815,2.2892,3.1226,1.7044,2.4034,4.609,0.95186,2.0235,2.8776,0.71864,1.9629,2.7368,1.5922,1.659,3.9636,0.9693,2.4401,2.8876,1.3333,1.5635,3.8524,2.7243,2.5674,4.6029,1.0749,2.21,3.5702,1.1877,2.7046,3.7031,1.9755,1.9743,4.5073,1.0296,1.9386,4.2661,1.8746,1.6844,3.4753,1.6657,2.5478,4.0015,2.1537,2.5263,4.872,2.0853,2.4091,3.6283,1.3159,3.0214,3.5253,1.4631,1.4852,4.1849,0.61963,2.982,3.6392,1.6179,1.6475,4.1957,0.72927,1.9824,2.7334,0.7322,2.2061,3.973,2.6399,2.5786,4.5167,2.0468,2.0824,3.4008,1.447,2.7925,3.5859,1.0504,2.3081,3.5415,2.5758,2.0646,4.5741,1.4611,1.7125,4.4274,1.5459,2.5657,3.6144,2.0578,2.3856,4.1315,2.6288,2.3289,4.909,0.5497,2.5215,3.0756
1997.6,0.025268,114.39,9.2898,0.22544,415.69,1.4272,1.7742,4.0947,1.2877,2.2548,4.2803,1.1277,1.9213,4.2427,2.4154,2.6055,4.2803,0.85262,2.0237,4.3045,1.5065,2.5998,3.8879,3.3542,2.8047,6.2433,1.0952,1.9212,4.2486,1.7391,1.5796,4.192,1.3299,2.2342,4.3753,0.81965,2.075,4.2222,3.0483,2.822,4.613,5.4298,2.6229,1.1636,1.3493,2.6687,3.732,0.84753,2.1339,2.9726,2.593,2.1926,4.6801,1.4463,1.6282,3.9478,0.6086,2.672,3.7082,2.0559,1.7789,3.5443,1.0451,2.3828,3.2013,0.032822,2.308,3.2356,1.7401,1.6656,3.436,1.835,2.6868,4.0899,1.7932,1.7371,3.4354,1.44,1.5896,3.9687,0.38406,2.2005,3.0846,2.1578,2.447,4.5355,1.461,1.748,3.218,0.80986,1.9673,2.7372,3.3354,2.8249,6.192,2.1306,1.8382,3.6227,1.0222,2.7605,2.9315,1.895,2.6146,4.1456,0.68932,1.9695,2.8092,1.0138,2.397,3.1462,1.9587,1.9256,4.5921,1.7267,1.6085,3.9216,0.55734,2.1717,3.8323,1.2066,2.6178,3.7747,0.84652,2.176,3.1048,2.7791,2.4037,4.566,2.2479,2.3025,4.9097,1.533,1.6766,3.9726,1.9343,1.9531,4.5595,1.572,2.2636,3.246,0.68227,2.2182,2.9916,2.4759,2.4604,4.4763,1.9091,2.5849,4.6783,1.7896,2.614,4.5718,2.7904,2.4264,4.6665,1.2611,2.5734,3.8095,1.8249,2.2843,4.4374,1.8206,2.9274,3.7334,0.66917,2.4743,2.6326,1.4431,2.1577,4.6082,1.9957,2.9283,3.9117,0.26484,2.4156,3.2743,1.6599,1.5531,4.058,0.66163,2.0843,3.0079,2.2311,2.2617,4.6456,0.80404,2.475,3.2922,0.89034,2.1559,3.1483,6.2239,2.8742,1.7454,2.1131,2.0644,4.7534,2.7024,2.4228,4.5777,2.5039,2.2272,5.0014,1.8978,2.5538,4.187,1.0807,1.6687,4.0778,4.6095,2.8439,0.49805,0.84574,2.1423,3.0249,1.3315,2.0687,4.39,1.0007,2.1419,3.4251,2.0249,2.6157,4.2444,1.763,1.4863,4.0955,1.2963,2.5029,3.1786,0.8201,2.4949,3.7192,2.1051,1.823,3.6314,1.4929,2.4824,3.4115,1.5984,2.5684,3.6847,1.5646,1.5773,4.2523,1.839,2.5882,4.2626,1.9391,2.5979,4.3918,3.5635,2.7324,0.015837,1.7668,1.4911,4.0835,1.8209,1.9856,3.4656,1.9862,2.9078,4.7973,1.2675,2.5237,3.2344,2.5758,2.4368,4.8971,1.1293,2.6219,4.0471,1.5105,2.462,3.4432,1.0835,1.8428,4.0621,1.6924,1.5205,4.0439,1.7859,1.9786,3.4108,0.2495,2.9006,3.3081,2.9713,2.2888,4.7184,1.2841,1.9427,4.2327,1.3662,2.6109,3.5577,1.3907,2.4551,3.3491,1.9079,1.8554,3.6149,1.9434,2.5219,4.0728,1.0094,2.295,3.1432,2.5475,1.9825,5.1549,1.2993,2.6283,3.4749,1.3206,2.4909,3.2701,0.38035,2.9054,3.4252,0.61588,1.8722,2.7325,1.5926,1.9679,4.5286,1.4632,1.7617,4.1621,5.2766,2.8558,1.5965,0.80908,2.0962,2.8383,1.0847,2.6777,4.0464,2.2741,2.4772,3.661,2.4838,2.3801,4.7808,2.9718,2.6321,4.6589,2.1044,2.4979,4.4485,2.3694,2.1875,4.3153,0.71327,2.1327,3.1763,0.56848,2.4107,3.1389,0.57859,2.1383,3.6932,2.3376,2.3879,4.5015,0.98522,2.4113,3.0827,1.2166,1.6271,4.2484,1.6404,2.0438,3.3942,5.9361,2.6378,1.6728,3.4782,2.8973,0.21617,0.85451,2.3568,3.0881,1.6648,1.6206,4.0509,1.5174,1.9207,3.1678,0.78684,2.4138,2.9539,2.1547,2.3259,4.8132,1.2425,2.5668,3.2117,1.0278,1.95,3.5077,0.38818,1.9753,3.3536,1.737,2.0094,3.3631,2.403,2.1741,4.2846,2.2435,2.1347,5.0156,1.2282,1.6269,3.8557,0.71173,1.9808,2.7949,2.2537,2.165,5.0586,2.406,2.2693,4.6171,1.5795,2.4906,3.9643,4.4984,2.8335,0.42833,1.9594,2.4789,4.0445,0.79915,1.9529,4.1082,1.4028,2.6596,4.3393,3.8565,2.7829,0.15051,1.561,1.6641,3.3119,0.19282,2.2948,3.2337,5.0999,2.8393,1.0759,0.69262,2.7188,3.4105,1.3915,2.541,3.0679,2.1929,2.0626,4.9129,1.473,1.9799,4.4442,1.5285,1.6309,3.3251,1.4483,2.9044,3.3941,0.65643,2.3957,3.0064,0.85374,2.4339,3.0345,0.22861,2.5938,3.3132,1.6765,2.3436,4.215,0.65459,2.4126,2.9084,0.97072,2.3473,3.5196,1.3883,1.7631,4.2623,0.30478,2.3367,3.3494,1.5222,1.5817,3.3119,0.6184,2.4135,2.9641,3.4309,2.8357,0.10751,1.8966,2.5478,3.992,2.0799,2.1986,4.6804,2.2517,2.7397,4.8329,1.9121,1.8399,3.8241,1.2888,1.6911,3.7357,2.2183,2.0957,4.98,1.3727,2.5918,3.9179,0.90439,3.0714,2.7268,4.8079,2.8783,0.51367,1.4306,2.7099,4.4894,1.9238,1.8973,3.8978,1.357,2.6559,2.9984,0.70152,2.7158,3.3515,1.1132,2.8732,4.3002,0.84378,2.5551,2.7905,0.67471,2.0512,2.9008,0.55653,2.4115,3.3743,1.551,2.1401,4.3415,1.5788,2.7266,4.6006,0.49505,2.0103,2.9204,2.0027,1.8136,3.8013,1.1819,1.7593,3.7178,2.2022,2.6319,4.6218,1.3323,1.6687,4.0748,1.3203,2.1419,3.1351,0.58387,2.0474,2.9562,0.5469,2.4196,2.6867,1.7014,2.4108,4.2231,2.2045,2.609,4.6643,0.53391,2.0452,2.8984,1.5917,1.6939,3.3585,0.2521,3.0676,2.1073,0.69082,2.5759,2.6644,3.1575,2.732,6.1758,0.19974,2.8905,2.9039,4.7287,2.9083,0.42645,2.2453,2.2877,3.5313,1.2845,2.994,4.1311,1.2459,2.4206,3.4062,1.0668,3.0421,3.9239,2.307,2.2279,3.6937,1.1732,1.7102,3.7171,2.4373,2.3664,4.5955,2.4516,2.6999,4.0695,1.3654,2.6707,4.3865,1.9097,1.7742,3.8031,1.236,2.6461,3.7491,2.2938,2.4179,4.8203,1.598,2.5409,3.4996,2.1663,2.2634,4.1535,0.75368,1.955,3.298,2.2119,2.4005,3.5973,2.2053,2.375,3.5497,2.2692,1.9943,5.0077,2.5804,2.2635,4.779,2.3121,2.2582,3.7352,1.3663,1.5982,3.8912,2.1819,2.6316,4.6331,1.916,1.8249,3.8092,0.7737,2.0996,4.1212,1.593,1.7251,4.237,2.2219,2.6355,4.6925,1.4517,2.386,3.2644,6.0933,2.9199,2.4123,1.8462,1.7771,3.548,1.8396,2.8744,4.1134,2.1411,1.9651,4.8955,1.2211,2.5826,4.4024,1.9832,2.1498,4.8762,1.6138,1.6611,3.9564,1.6126,2.0463,3.3079,1.1099,2.6518,3.6413,1.0168,2.7667,3.8622,1.4964,2.4895,3.9248,1.1739,2.6778,3.6578,1.7984,1.6184,4.0676,0.94725,2.4575,2.836,1.9909,2.147,4.4739,0.35428,2.7214,3.1039,1.0392,1.9247,4.2799,0.99875,2.2884,3.125,1.7071,2.4039,4.6101,0.95066,2.0222,2.8779,0.71806,1.9622,2.7367,1.5916,1.6559,3.9636,0.97046,2.4399,2.8909,1.3315,1.5622,3.8531,2.7239,2.567,4.6032,1.0741,2.2132,3.5676,1.1892,2.702,3.7042,1.9755,1.9742,4.5085,1.0282,1.9378,4.2665,1.8755,1.6852,3.4763,1.6657,2.5493,4.0015,2.1552,2.5257,4.8707,2.0829,2.4104,3.6254,1.3219,3.0194,3.5308,1.4637,1.4863,4.1834,0.61644,2.9816,3.6367,1.6185,1.6448,4.1948,0.72891,1.9818,2.7333,0.73346,2.2069,3.9736,2.6385,2.5778,4.5166,2.0491,2.081,3.4004,1.449,2.7886,3.5881,1.0485,2.3123,3.5377,2.5779,2.0672,4.5786,1.4603,1.7122,4.4279,1.5445,2.5651,3.6163,2.0581,2.3886,4.1339,2.6272,2.3279,4.907,0.55259,2.5215,3.0787
1997.6,0.025268,114.39,9.2898,0.23411,418.77,1.424,1.7717,4.0928,1.2898,2.2555,4.2841,1.1246,1.919,4.242,2.4135,2.6036,4.2818,0.85188,2.0242,4.3057,1.5057,2.6029,3.8869,3.3678,2.801,6.2649,1.0903,1.9184,4.249,1.7394,1.5755,4.1893,1.332,2.235,4.3817,0.81825,2.0768,4.2225,3.0524,2.821,4.6159,5.4223,2.6156,1.1568,1.3493,2.6672,3.7316,0.84303,2.1331,2.9697,2.5978,2.1967,4.6887,1.4447,1.6271,3.9494,0.60671,2.6758,3.6996,2.0581,1.7803,3.548,1.038,2.383,3.1988,0.021884,2.3079,3.2217,1.7379,1.6638,3.4386,1.8309,2.6828,4.0858,1.7936,1.7384,3.4374,1.4395,1.5887,3.9692,0.38431,2.202,3.0808,2.1611,2.4499,4.5388,1.4611,1.7518,3.2189,0.80873,1.9675,2.7376,3.3561,2.8226,6.2148,2.1387,1.8409,3.6334,1.0231,2.7644,2.9322,1.9016,2.6174,4.1554,0.69054,1.9722,2.8095,1.009,2.3957,3.1471,1.9629,1.9257,4.5971,1.728,1.6087,3.9231,0.5622,2.169,3.8397,1.2094,2.6218,3.7774,0.8414,2.1786,3.1002,2.7849,2.4068,4.5709,2.2584,2.3071,4.9221,1.5352,1.6752,3.9737,1.9379,1.9547,4.5629,1.5769,2.2657,3.2443,0.67975,2.2204,2.9904,2.4774,2.4625,4.4819,1.9105,2.5853,4.6717,1.7853,2.6146,4.56,2.797,2.4286,4.6779,1.2581,2.575,3.802,1.8325,2.2862,4.4431,1.817,2.9225,3.73,0.67211,2.4743,2.6358,1.4346,2.1625,4.6029,1.9956,2.9212,3.9112,0.26321,2.4165,3.2752,1.6598,1.5511,4.0567,0.66026,2.0846,3.0062,2.2283,2.2613,4.6429,0.80256,2.4694,3.2977,0.88734,2.1557,3.1491,6.2197,2.8726,1.7402,2.1189,2.0666,4.759,2.7034,2.4236,4.5833,2.5013,2.223,4.9968,1.896,2.5486,4.1844,1.0798,1.6615,4.0832,4.6028,2.8435,0.49333,0.84802,2.1433,3.0293,1.3334,2.0676,4.3934,0.99761,2.1446,3.4216,2.0179,2.6106,4.2361,1.7654,1.4811,4.0925,1.3003,2.501,3.1807,0.82272,2.4966,3.7173,2.1073,1.8195,3.6282,1.4907,2.483,3.4127,1.5993,2.5677,3.6913,1.5601,1.5774,4.2529,1.8351,2.5818,4.2567,1.9368,2.5917,4.388,3.5711,2.73,0.022606,1.7694,1.487,4.08,1.8254,1.9842,3.4664,1.9834,2.9061,4.7946,1.2705,2.5229,3.2382,2.5738,2.4364,4.8939,1.1326,2.6225,4.0471,1.5078,2.4627,3.4436,1.0803,1.8424,4.0624,1.694,1.518,4.0425,1.7893,1.977,3.4105,0.2495,2.8989,3.308,2.9732,2.2874,4.7211,1.2824,1.942,4.234,1.3688,2.6094,3.5636,1.3886,2.4554,3.35,1.9102,1.8507,3.6126,1.9436,2.5255,4.076,1.0067,2.2949,3.1424,2.5475,1.9813,5.1553,1.3008,2.6271,3.4798,1.316,2.4914,3.2682,0.38369,2.9035,3.4284,0.61466,1.8732,2.7285,1.588,1.9667,4.5292,1.4627,1.7595,4.1632,5.2689,2.8542,1.5889,0.80866,2.0961,2.8397,1.0854,2.6798,4.0454,2.2783,2.4756,3.6636,2.4801,2.3779,4.7752,2.9783,2.629,4.6638,2.104,2.498,4.4473,2.3703,2.1908,4.3202,0.70966,2.1368,3.1694,0.57588,2.4088,3.1469,0.57827,2.138,3.693,2.3382,2.3871,4.5055,0.99196,2.4098,3.0893,1.2148,1.63,4.2458,1.6377,2.0442,3.3921,5.926,2.6349,1.6623,3.4815,2.8955,0.22006,0.85234,2.3555,3.0887,1.6648,1.6198,4.0499,1.518,1.9226,3.1679,0.78658,2.4127,2.9549,2.1552,2.3248,4.8095,1.2451,2.5673,3.2159,1.0285,1.9487,3.5085,0.38324,1.9756,3.3567,1.738,2.008,3.3601,2.4048,2.1777,4.2893,2.2463,2.1334,5.016,1.2254,1.6246,3.856,0.71232,1.9806,2.7956,2.2566,2.1644,5.0601,2.4087,2.2715,4.6218,1.5795,2.4946,3.9638,4.5039,2.8283,0.43507,1.9598,2.4842,4.0468,0.7981,1.953,4.1076,1.4102,2.6623,4.3429,3.8656,2.7805,0.16071,1.5625,1.6667,3.313,0.18975,2.2947,3.2293,5.1003,2.834,1.0784,0.69429,2.7166,3.4124,1.3934,2.542,3.069,2.1959,2.0601,4.9125,1.4721,1.9758,4.4469,1.5285,1.6306,3.3265,1.4503,2.904,3.3944,0.66184,2.3941,3.0143,0.85215,2.433,3.0363,0.22749,2.5931,3.3108,1.6793,2.3463,4.2186,0.66008,2.4118,2.9141,0.96652,2.3534,3.5131,1.3879,1.7617,4.2606,0.30417,2.3371,3.3481,1.5221,1.58,3.313,0.62311,2.4127,2.971,3.4402,2.8339,0.11787,1.8934,2.5473,3.9914,2.0835,2.1984,4.683,2.2411,2.7374,4.8192,1.9124,1.8343,3.8221,1.2885,1.6877,3.7371,2.2205,2.0937,4.9798,1.3722,2.5901,3.9155,0.89406,3.0714,2.7159,4.81,2.8745,0.51689,1.4358,2.7098,4.4941,1.9247,1.8954,3.8985,1.3604,2.6566,3.0028,0.70695,2.7143,3.358,1.1193,2.8712,4.3063,0.85007,2.5566,2.7951,0.67495,2.0541,2.9,0.55828,2.4113,3.3743,1.5505,2.1375,4.3448,1.5874,2.7267,4.6078,0.49149,2.0116,2.9149,2.0031,1.8113,3.8014,1.1813,1.7563,3.7202,2.1998,2.6301,4.6173,1.3303,1.6716,4.0718,1.3176,2.1409,3.1336,0.58217,2.0495,2.9522,0.54943,2.4187,2.6906,1.705,2.4158,4.2256,2.1997,2.6058,4.6574,0.53157,2.0466,2.8939,1.5926,1.6936,3.3597,0.23738,3.0682,2.0908,0.69179,2.5787,2.6639,3.1664,2.7304,6.1854,0.21032,2.8905,2.9161,4.7315,2.9065,0.42977,2.2446,2.284,3.5266,1.2861,2.9911,4.134,1.241,2.4227,3.4029,1.067,3.0411,3.9264,2.3054,2.228,3.6906,1.1723,1.7052,3.7198,2.4373,2.3669,4.5959,2.4474,2.7007,4.0709,1.368,2.6705,4.387,1.9102,1.7683,3.8014,1.2381,2.6425,3.7507,2.2922,2.4167,4.8152,1.5966,2.5399,3.5041,2.1667,2.2664,4.1562,0.75206,1.9573,3.2949,2.209,2.4002,3.5926,2.2013,2.3738,3.5434,2.2712,1.9953,5.0085,2.5784,2.2627,4.7786,2.3103,2.2597,3.7335,1.3661,1.5981,3.8921,2.1754,2.6284,4.6246,1.9169,1.8209,3.8066,0.7738,2.0982,4.1257,1.5927,1.7222,4.2363,2.2166,2.6327,4.6853,1.452,2.3863,3.2645,6.0997,2.9208,2.4198,1.8468,1.7766,3.5497,1.8374,2.8698,4.1097,2.1444,1.9651,4.8982,1.2236,2.5827,4.4056,1.9861,2.1504,4.8766,1.614,1.6579,3.9563,1.6135,2.0479,3.3061,1.1109,2.6496,3.6417,1.0184,2.7653,3.8617,1.4994,2.491,3.9278,1.1746,2.6753,3.6571,1.7969,1.6143,4.0672,0.94809,2.4576,2.8375,1.9941,2.1498,4.4771,0.36225,2.7183,3.1112,1.0374,1.9238,4.2802,0.99934,2.2875,3.1273,1.7099,2.4043,4.611,0.94948,2.021,2.8782,0.7175,1.9616,2.7366,1.5912,1.653,3.9635,0.97155,2.4396,2.894,1.3297,1.561,3.8538,2.7235,2.5666,4.6036,1.0732,2.2164,3.565,1.1908,2.6995,3.7053,1.9755,1.9741,4.5096,1.0267,1.937,4.2669,1.8763,1.6861,3.4773,1.6656,2.5508,4.0014,2.1567,2.5251,4.8693,2.0805,2.4117,3.6226,1.328,3.0175,3.5363,1.4642,1.4873,4.1819,0.6132,2.9812,3.6342,1.619,1.6422,4.1938,0.72857,1.9812,2.7332,0.73467,2.2079,3.9741,2.637,2.5771,4.5164,2.0512,2.0796,3.4001,1.4509,2.7848,3.5904,1.0466,2.3162,3.5339,2.5801,2.0697,4.5831,1.4594,1.7119,4.4283,1.5433,2.5647,3.6182,2.0584,2.3915,4.1362,2.6257,2.327,4.905,0.55538,2.5216,3.0816
1997.6,0.025268,114.39,9.2898,0.24278,422.19,1.4208,1.7694,4.091,1.2918,2.2563,4.2878,1.1216,1.9168,4.2412,2.4117,2.6018,4.2834,0.8512,2.0247,4.3069,1.5049,2.6058,3.8857,3.3812,2.7974,0.36369,1.0856,1.9156,4.2491,1.7397,1.5715,4.1866,1.3341,2.2359,4.388,0.8169,2.0785,4.2229,3.0564,2.8201,4.619,5.4154,2.6084,1.1509,1.3491,2.6661,3.7309,0.83863,2.1321,2.9669,2.6023,2.2005,4.6968,1.4432,1.626,3.9508,0.60525,2.6792,3.6916,2.0604,1.7818,3.5519,1.0309,2.3831,3.1962,6.2701,2.3078,3.2085,1.7357,1.662,3.4411,1.8271,2.6789,4.0821,1.7941,1.7396,3.4393,1.4389,1.5879,3.9697,0.38461,2.2033,3.0772,2.1643,2.4527,4.5417,1.4614,1.7554,3.2198,0.8077,1.9677,2.7382,3.3772,2.82,6.2305,2.1462,1.8433,3.6432,1.0244,2.7683,2.9333,1.9082,2.6199,4.1651,0.69159,1.975,2.8096,1.004,2.3947,3.1477,1.9672,1.926,4.6022,1.7291,1.6092,3.9245,0.56727,2.1661,3.8475,1.2122,2.6256,3.7802,0.83664,2.181,3.096,2.7898,2.4095,4.5744,2.2679,2.3107,4.9332,1.5373,1.6738,3.9747,1.9416,1.9561,4.5663,1.5818,2.2672,3.2428,0.67766,2.2223,2.99,2.4786,2.4644,4.4875,1.912,2.5857,4.6655,1.7813,2.6151,4.5487,2.8024,2.4304,4.6875,1.2552,2.5768,3.7949,1.8402,2.2879,4.4486,1.8135,2.9178,3.7268,0.67482,2.4744,2.6388,1.4263,2.1672,4.5978,1.9959,2.9141,3.911,0.26295,2.4174,3.2771,1.6597,1.5492,4.0555,0.65903,2.0847,3.0048,2.2255,2.2608,4.6401,0.80039,2.4642,3.3024,0.88399,2.1559,3.1494,6.2162,2.871,1.7357,2.1245,2.0685,4.7643,2.7046,2.4245,4.5887,2.4987,2.2188,4.9919,1.8945,2.5439,4.182,1.0788,1.6548,4.0884,4.5973,2.843,0.48973,0.85009,2.1442,3.0335,1.3353,2.0665,4.3968,0.99454,2.1474,3.4183,2.0114,2.6059,4.2286,1.7681,1.4759,4.0894,1.3043,2.4992,3.1826,0.82532,2.4983,3.7155,2.1094,1.8161,3.6251,1.4888,2.4836,3.4139,1.6004,2.5671,3.6976,1.5556,1.5776,4.2535,1.8317,2.5758,4.2513,1.9348,2.5858,4.3844,3.5786,2.7276,0.029011,1.7721,1.4829,4.0764,1.8298,1.9829,3.4673,1.9801,2.9045,4.7914,1.2734,2.5222,3.2418,2.572,2.436,4.8907,1.1358,2.6231,4.047,1.5051,2.4634,3.4441,1.0772,1.8419,4.0627,1.6955,1.5156,4.0412,1.7928,1.9756,3.4101,0.2496,2.8973,3.3079,2.975,2.2861,4.7235,1.2808,1.9412,4.2352,1.3713,2.608,3.5692,1.3865,2.4558,3.351,1.9125,1.8461,3.6105,1.9439,2.529,4.0792,1.004,2.2948,3.1415,2.5474,1.98,5.1556,1.3022,2.6257,3.4848,1.3115,2.4919,3.2664,0.38706,2.9015,3.4316,0.61351,1.8743,2.7247,1.5835,1.9655,4.5298,1.4623,1.7572,4.1644,5.2613,2.8527,1.5813,0.80823,2.0959,2.841,1.0859,2.6819,4.0442,2.2824,2.474,3.6661,2.4767,2.3758,4.7696,2.9847,2.6258,4.6686,2.1036,2.4981,4.4463,2.3714,2.1941,4.3252,0.70606,2.1408,3.1626,0.58303,2.407,3.1547,0.57804,2.1377,3.6928,2.3391,2.3863,4.5095,0.99842,2.4084,3.0956,1.2129,1.6329,4.2432,1.635,2.0446,3.3899,5.9164,2.632,1.6522,3.4845,2.8938,0.22368,0.84998,2.3543,3.0889,1.6648,1.6189,4.0489,1.5187,1.9244,3.168,0.78625,2.4116,2.956,2.1559,2.3237,4.8061,1.2476,2.568,3.2199,1.0293,1.9474,3.5094,0.37839,1.976,3.3598,1.7391,2.0068,3.3572,2.4067,2.1813,4.2941,2.2489,2.1321,5.0164,1.2226,1.6222,3.8563,0.71282,1.9804,2.7963,2.2594,2.1637,5.0614,2.4114,2.2736,4.6264,1.5795,2.4985,3.9633,4.5094,2.8231,0.44163,1.9604,2.4895,4.0491,0.79711,1.953,4.107,1.4175,2.6648,4.3463,3.8744,2.778,0.17064,1.5641,1.6694,3.3141,0.18684,2.2944,3.2251,5.1009,2.8287,1.0811,0.69571,2.7146,3.4139,1.395,2.5429,3.07,2.199,2.0577,4.912,1.4711,1.9719,4.4495,1.5285,1.6302,3.3278,1.4523,2.9035,3.3946,0.66706,2.3925,3.022,0.85053,2.4321,3.038,0.22639,2.5922,3.3084,1.682,2.3491,4.2221,0.66546,2.4109,2.9196,0.96227,2.3592,3.5066,1.3875,1.7605,4.2589,0.30354,2.3376,3.3469,1.5218,1.5783,3.3142,0.62771,2.4118,2.9778,3.4491,2.8321,0.12782,1.8902,2.5469,3.9906,2.087,2.1981,4.6856,2.2311,2.7351,4.8061,1.9128,1.8289,3.8203,1.2881,1.6844,3.7383,2.2228,2.0917,4.9796,1.3716,2.5885,3.9132,0.88351,3.0714,2.7049,4.8119,2.8709,0.51997,1.4409,2.7097,4.4987,1.9256,1.8935,3.8993,1.3636,2.6573,3.0073,0.71205,2.7129,3.364,1.1252,2.8693,4.3122,0.8561,2.558,2.7994,0.67523,2.057,2.8993,0.56012,2.4111,3.3744,1.55,2.1348,4.3481,1.5958,2.7268,4.6148,0.48809,2.0129,2.9095,2.0036,1.8091,3.8014,1.1806,1.7531,3.7226,2.1978,2.6284,4.6131,1.3283,1.6746,4.0688,1.3149,2.1398,3.1323,0.58051,2.0516,2.9482,0.55192,2.4177,2.6943,1.7086,2.4206,4.228,2.1953,2.6026,4.6508,0.52934,2.0478,2.8897,1.5935,1.6934,3.3609,0.22255,3.0688,2.0742,0.69258,2.5815,2.6632,3.1751,2.7289,6.1949,0.22083,2.8905,2.9283,4.7343,2.9051,0.43311,2.2439,2.2804,3.5221,1.2873,2.9881,4.1365,1.2363,2.4248,3.3998,1.0666,3.04,3.9284,2.3041,2.2281,3.6875,1.1712,1.7002,3.7226,2.4373,2.3675,4.5964,2.4432,2.7014,4.0724,1.3705,2.6704,4.3876,1.9107,1.7627,3.7998,1.24,2.639,3.7522,2.2909,2.4156,4.8101,1.5953,2.5389,3.5084,2.1671,2.2695,4.159,0.75042,1.9596,3.2917,2.2062,2.3999,3.588,2.1975,2.3724,3.5373,2.2731,1.9963,5.0093,2.5765,2.2618,4.7781,2.3086,2.2611,3.7318,1.3658,1.5979,3.893,2.1693,2.6251,4.6163,1.9179,1.8169,3.8041,0.77391,2.0968,4.1302,1.5923,1.7194,4.2355,2.2114,2.63,4.6784,1.4523,2.3868,3.2647,6.1061,2.9218,2.4274,1.8475,1.7761,3.5515,1.8354,2.8652,4.1063,2.1477,1.9651,4.9007,1.226,2.583,4.4089,1.9889,2.1512,4.8771,1.6143,1.6547,3.956,1.6144,2.0494,3.3043,1.1119,2.6474,3.6421,1.0199,2.764,3.8612,1.5025,2.4924,3.9309,1.1753,2.6728,3.6563,1.7956,1.6103,4.0668,0.9489,2.4579,2.8388,1.9973,2.1526,4.4803,0.36999,2.715,3.1183,1.0359,1.9227,4.2805,0.99987,2.2867,3.1295,1.7126,2.4047,4.612,0.9483,2.0196,2.8785,0.71695,1.9608,2.7364,1.5907,1.6502,3.9634,0.97258,2.4393,2.8971,1.328,1.5597,3.8546,2.723,2.5662,4.6039,1.0723,2.2197,3.5624,1.1922,2.6971,3.7063,1.9756,1.9739,4.5108,1.0253,1.9361,4.2673,1.8772,1.687,3.4783,1.6656,2.5522,4.0013,2.1581,2.5245,4.8681,2.0783,2.413,3.6198,1.3339,3.0156,3.5418,1.4648,1.4884,4.1805,0.6099,2.9808,3.6316,1.6197,1.6397,4.1928,0.72822,1.9806,2.7331,0.73585,2.2088,3.9746,2.6357,2.5764,4.5163,2.0534,2.0783,3.3997,1.4527,2.7812,3.5927,1.0448,2.3202,3.5303,2.5823,2.0721,4.5876,1.4585,1.7115,4.4287,1.542,2.5642,3.6199,2.0588,2.3943,4.1385,2.6243,2.3261,4.9032,0.5581,2.5217,3.0845
1997.6,0.025268,114.39,9.2898,0.25145,425.12,1.4178,1.7674,4.0894,1.2939,2.2569,4.2915,1.1188,1.9148,4.2403,2.4101,2.6001,4.285,0.85056,2.0251,4.3081,1.5041,2.6087,3.8845,3.3943,2.7936,5.9126,1.0809,1.913,4.2492,1.7401,1.5678,4.1839,1.3361,2.2368,4.3941,0.81558,2.0801,4.2233,3.0605,2.8191,4.6221,5.4091,2.6016,1.1458,1.3487,2.6652,3.7299,0.83433,2.1311,2.964,2.6065,2.204,4.7044,1.4418,1.6249,3.9524,0.60421,2.6825,3.6839,2.0628,1.7832,3.5559,1.0237,2.3833,3.1935,5.924,2.3076,3.1959,1.7334,1.6602,3.4437,1.8236,2.6753,4.079,1.7945,1.7408,3.4413,1.4384,1.5874,3.97,0.3849,2.2045,3.0736,2.1674,2.4556,4.5446,1.4617,1.759,3.2207,0.80677,1.9675,2.739,3.3984,2.8173,6.1521,2.1533,1.8456,3.6525,1.0254,2.7723,2.934,1.9149,2.6224,4.1747,0.69248,1.9776,2.8095,0.99872,2.3937,3.1479,1.9717,1.9263,4.6072,1.7302,1.6103,3.9257,0.57253,2.1631,3.8553,1.215,2.6296,3.7831,0.8321,2.1833,3.0922,2.7937,2.4119,4.5768,2.2763,2.3135,4.9428,1.5392,1.6722,3.9755,1.9455,1.9576,4.5698,1.5868,2.2682,3.2413,0.67608,2.2239,2.9906,2.4798,2.466,4.4929,1.9135,2.5859,4.6593,1.7776,2.6156,4.5376,2.8066,2.432,4.6955,1.2522,2.5787,3.7882,1.848,2.2895,4.4539,1.8102,2.9133,3.7237,0.67743,2.4744,2.6416,1.4181,2.1715,4.593,1.9964,2.9072,3.9112,0.26372,2.4181,3.2795,1.6596,1.5475,4.0542,0.65794,2.0847,3.0037,2.2225,2.2602,4.6371,0.79764,2.4594,3.3064,0.88035,2.1563,3.1493,6.2132,2.8695,1.7319,2.1299,2.0701,4.7691,2.7057,2.4252,4.5939,2.4963,2.2147,4.9869,1.8931,2.5398,4.1799,1.078,1.6484,4.0932,4.5927,2.8422,0.48709,0.85188,2.1449,3.0376,1.3374,2.0655,4.3999,0.99147,2.15,3.415,2.0054,2.6014,4.2216,1.7709,1.4708,4.0863,1.308,2.4974,3.1843,0.82791,2.4998,3.7137,2.1115,1.8128,3.622,1.487,2.4839,3.4154,1.6013,2.5666,3.7038,1.5512,1.5778,4.2539,1.8287,2.57,4.2463,1.933,2.5801,4.381,3.5859,2.7252,0.035281,1.7748,1.4786,4.0728,1.8342,1.9816,3.4682,1.9765,2.9029,4.7877,1.2761,2.5216,3.2452,2.5702,2.4357,4.8876,1.1389,2.6237,4.0467,1.5024,2.464,3.4445,1.0742,1.8413,4.0631,1.6971,1.5132,4.0399,1.796,1.9741,3.41,0.24974,2.8956,3.3077,2.9767,2.2849,4.726,1.2792,1.9406,4.2365,1.3738,2.6065,3.5748,1.3844,2.4561,3.352,1.9149,1.8416,3.6085,1.944,2.5323,4.0823,1.0014,2.2946,3.1409,2.5471,1.9789,5.1558,1.3036,2.6243,3.4898,1.3072,2.4923,3.2646,0.39042,2.8996,3.4349,0.61244,1.8752,2.7211,1.5791,1.9644,4.5302,1.4619,1.7549,4.1655,5.2541,2.8512,1.5741,0.80781,2.0959,2.8423,1.0863,2.684,4.0431,2.2866,2.4722,3.6685,2.4736,2.3738,4.7644,2.9909,2.6228,4.6732,2.1034,2.4983,4.4453,2.3726,2.1973,4.3301,0.70248,2.1445,3.1559,0.58991,2.4054,3.162,0.57787,2.1373,3.6926,2.3401,2.3855,4.5136,1.0046,2.4071,3.1016,1.2111,1.6357,4.2406,1.6324,2.0449,3.3877,5.9072,2.6291,1.6427,3.4872,2.8922,0.22701,0.84745,2.3533,3.0889,1.6648,1.6181,4.0479,1.5194,1.9261,3.1682,0.78587,2.4105,2.957,2.1567,2.3227,4.8029,1.2499,2.5686,3.2236,1.0299,1.946,3.5103,0.37372,1.9764,3.3628,1.7401,2.0055,3.3544,2.4087,2.1848,4.2989,2.2515,2.1308,5.0168,1.2199,1.6199,3.8565,0.71324,1.9803,2.7968,2.2621,2.1631,5.0627,2.414,2.2756,4.6309,1.5795,2.5021,3.9628,4.5146,2.818,0.44802,1.9609,2.4946,4.0514,0.79616,1.9531,4.1065,1.4244,2.6674,4.3496,3.883,2.7756,0.18029,1.5656,1.672,3.3152,0.18405,2.2943,3.2211,5.1015,2.8236,1.0838,0.69686,2.7126,3.4152,1.3964,2.5439,3.0708,2.2021,2.0552,4.9117,1.4701,1.9681,4.452,1.5285,1.6298,3.329,1.4542,2.9032,3.3946,0.6721,2.3909,3.0294,0.84886,2.4315,3.0396,0.22528,2.5915,3.306,1.6847,2.3517,4.2257,0.6707,2.41,2.9251,0.95794,2.3649,3.5002,1.3871,1.7593,4.2572,0.30288,2.338,3.3456,1.5216,1.5766,3.3153,0.63217,2.4111,2.9844,3.4576,2.8304,0.13735,1.8872,2.5469,3.99,2.0905,2.198,4.6881,2.2217,2.7328,4.7933,1.9129,1.8234,3.8186,1.2878,1.6813,3.7395,2.2249,2.0898,4.9795,1.3711,2.5869,3.9109,0.87276,3.0714,2.6937,4.8134,2.8674,0.52291,1.4459,2.7093,4.5032,1.9266,1.8916,3.9001,1.3669,2.6579,3.0116,0.7168,2.7116,3.3695,1.131,2.8673,4.3179,0.86183,2.5595,2.8035,0.67554,2.0599,2.8988,0.56219,2.4109,3.3748,1.5495,2.1322,4.3512,1.6039,2.7268,4.6216,0.4848,2.014,2.9043,2.004,1.807,3.8015,1.1801,1.7501,3.7249,2.1958,2.6268,4.6092,1.3263,1.6774,4.0658,1.3123,2.1388,3.1309,0.57886,2.0536,2.9443,0.55435,2.4168,2.698,1.712,2.4253,4.2303,2.1911,2.5995,4.6445,0.52722,2.049,2.8857,1.5944,1.6931,3.3621,0.2076,3.0693,2.0575,0.69321,2.5844,2.6624,3.1837,2.7273,6.2042,0.2312,2.8904,2.9403,4.7371,2.9038,0.43647,2.2434,2.277,3.5177,1.2883,2.9854,4.1386,1.2317,2.4267,3.3968,1.0658,3.039,3.9299,2.3026,2.2282,3.6844,1.1702,1.6953,3.7252,2.4373,2.368,4.5969,2.4393,2.7021,4.0739,1.3729,2.6702,4.388,1.9112,1.7571,3.7983,1.2419,2.6355,3.7537,2.2897,2.4145,4.8053,1.5939,2.538,3.5127,2.1676,2.2724,4.1618,0.74879,1.9619,3.2886,2.2035,2.3996,3.5835,2.1939,2.3711,3.5313,2.2749,1.9972,5.0099,2.5745,2.2611,4.7777,2.3068,2.2625,3.7302,1.3657,1.5977,3.8938,2.1635,2.6219,4.6085,1.919,1.813,3.8016,0.77402,2.0955,4.1344,1.5919,1.7167,4.2349,2.2063,2.6273,4.6716,1.4527,2.3872,3.2647,6.1126,2.9227,2.435,1.8481,1.7755,3.5532,1.8335,2.8608,4.1031,2.1508,1.965,4.9032,1.2283,2.5831,4.4119,1.9915,2.1518,4.8774,1.6146,1.6516,3.9557,1.6152,2.0509,3.3026,1.1128,2.6453,3.6424,1.0213,2.7627,3.8606,1.5054,2.4937,3.9339,1.1759,2.6705,3.6557,1.7942,1.6065,4.0665,0.94968,2.4582,2.84,2.0004,2.1552,4.4834,0.37746,2.7119,3.1251,1.0343,1.9218,4.2808,1.0004,2.2859,3.1316,1.7152,2.405,4.613,0.94715,2.0185,2.8786,0.71643,1.9602,2.7363,1.5903,1.6476,3.9634,0.97356,2.4391,2.9001,1.3264,1.5586,3.8552,2.7226,2.5659,4.6042,1.0714,2.2228,3.5598,1.1937,2.6947,3.7072,1.9756,1.9739,4.5119,1.024,1.9353,4.2677,1.8781,1.6877,3.4793,1.6656,2.5536,4.0013,2.1596,2.524,4.8669,2.0761,2.4143,3.6171,1.3397,3.0136,3.547,1.4653,1.4894,4.179,0.60657,2.9804,3.629,1.6202,1.6373,4.1919,0.7279,1.98,2.733,0.73697,2.2098,3.975,2.6345,2.5758,4.5163,2.0555,2.077,3.3996,1.4545,2.7776,3.5949,1.0429,2.3238,3.5268,2.5844,2.0745,4.5919,1.4577,1.7114,4.4292,1.5409,2.5638,3.6216,2.0591,2.3971,4.1407,2.6229,2.3252,4.9015,0.56073,2.5219,3.0873
1997.6,0.025268,114.39,9.2898,0.26012,427.7,1.415,1.7658,4.0877,1.2959,2.2576,4.2952,1.1161,1.913,4.2393,2.4086,2.5984,4.2869,0.84996,2.0255,4.3095,1.5033,2.6116,3.8833,3.4073,2.7897,6.2609,1.0762,1.9107,4.2489,1.7405,1.5642,4.1811,1.3382,2.2377,4.4002,0.81432,2.0816,4.2237,3.0645,2.8182,4.6252,5.4035,2.5951,1.1413,1.3479,2.6649,3.7286,0.83011,2.1301,2.9613,2.6105,2.2073,4.7115,1.4404,1.6238,3.9539,0.60358,2.6856,3.6766,2.0653,1.7847,3.5599,1.0166,2.3834,3.1909,0.62305,2.3074,3.184,1.7313,1.6582,3.4464,1.8204,2.6719,4.0762,1.7949,1.7419,3.4434,1.4379,1.5873,3.9702,0.38514,2.2058,3.07,2.1706,2.4586,4.5474,1.4622,1.7627,3.2216,0.80594,1.9674,2.74,3.42,2.8144,4.2562,2.16,1.8476,3.6611,1.027,2.7765,2.935,1.9215,2.6247,4.1841,0.69319,1.9804,2.8091,0.99303,2.393,3.1477,1.9764,1.9266,4.6124,1.7312,1.6117,3.9271,0.57799,2.16,3.8633,1.2175,2.6337,3.7859,0.8277,2.1857,3.0886,2.7972,2.4142,4.5785,2.2835,2.3154,4.9512,1.541,1.6704,3.9763,1.9494,1.9591,4.5733,1.5922,2.2688,3.2398,0.67506,2.2251,2.9923,2.4807,2.4672,4.4982,1.9151,2.5861,4.6532,1.7741,2.6162,4.5269,2.8095,2.4334,4.7018,1.2492,2.5807,3.7817,1.8557,2.2908,4.4591,1.8065,2.909,3.7204,0.67997,2.4744,2.6445,1.4098,2.1757,4.5883,1.9973,2.9001,3.9117,0.26467,2.4189,3.2821,1.6595,1.5457,4.0528,0.65699,2.0846,3.0029,2.2195,2.2595,4.6342,0.7943,2.455,3.3101,0.87662,2.1569,3.1492,6.211,2.8678,1.7288,2.1349,2.0713,4.7734,2.7067,2.4257,4.5986,2.4941,2.2106,4.9817,1.8921,2.536,4.1779,1.0771,1.6422,4.0979,4.5887,2.8413,0.48508,0.85348,2.1454,3.0414,1.3395,2.0644,4.4029,0.98841,2.1526,3.4117,1.9998,2.5971,4.2149,1.7738,1.4657,4.0832,1.3117,2.4957,3.1858,0.83051,2.5014,3.712,2.1136,1.8095,3.619,1.4855,2.4842,3.417,1.6023,2.5661,3.7098,1.5471,1.5779,4.2543,1.8259,2.5647,4.242,1.9313,2.5747,4.3777,3.593,2.7228,0.041352,1.7775,1.4741,4.0691,1.8385,1.9802,3.4691,1.9726,2.9012,4.7837,1.2789,2.5209,3.2485,2.5685,2.4354,4.8845,1.1419,2.6241,4.0465,1.4998,2.4647,3.445,1.0714,1.8406,4.0632,1.6986,1.5109,4.0386,1.7993,1.9726,3.4098,0.24991,2.8941,3.3074,2.9786,2.2835,4.7281,1.2775,1.9398,4.2376,1.3762,2.605,3.5804,1.3824,2.4564,3.353,1.9172,1.8373,3.6067,1.9443,2.5353,4.0853,0.99886,2.2944,3.1402,2.5468,1.9779,5.1558,1.3051,2.6228,3.4948,1.3029,2.4927,3.2629,0.39372,2.8976,3.4379,0.61146,1.8759,2.7178,1.5747,1.9632,4.5305,1.4615,1.7524,4.1666,5.247,2.8497,1.5671,0.8074,2.0958,2.8434,1.0864,2.686,4.0418,2.2909,2.4705,3.6707,2.4706,2.3718,4.7594,2.9972,2.6198,4.6776,2.1031,2.4985,4.4445,2.3738,2.2005,4.3351,0.69892,2.1482,3.1494,0.59646,2.4037,3.1691,0.57774,2.1372,3.6924,2.3414,2.3847,4.5178,1.0104,2.4059,3.1073,1.2093,1.6384,4.2379,1.6298,2.0451,3.3856,5.8984,2.6263,1.6337,3.4895,2.8905,0.23,0.84479,2.3522,3.0886,1.6647,1.6172,4.0469,1.5202,1.9279,3.1686,0.78544,2.4094,2.9579,2.1574,2.3216,4.7997,1.2521,2.5694,3.2273,1.0307,1.9445,3.5112,0.36931,1.9767,3.3656,1.7411,2.0041,3.3517,2.4109,2.1883,4.3037,2.254,2.1295,5.0171,1.2172,1.6178,3.8565,0.71359,1.9801,2.7973,2.2647,2.1623,5.0638,2.4166,2.2776,4.6352,1.5795,2.5056,3.9623,4.5196,2.8131,0.45424,1.9615,2.4997,4.0536,0.79525,1.9532,4.1059,1.4312,2.6699,4.3527,3.8912,2.7733,0.1896,1.5672,1.6748,3.3163,0.18141,2.2941,3.2172,5.1022,2.8186,1.0867,0.69776,2.7107,3.416,1.3976,2.5448,3.0713,2.2052,2.0528,4.9113,1.4691,1.9644,4.4544,1.5285,1.6294,3.3304,1.4562,2.9028,3.3947,0.6769,2.3894,3.0365,0.84715,2.4308,3.041,0.22416,2.5906,3.3035,1.6875,2.3543,4.2291,0.67577,2.4091,2.9305,0.95355,2.3705,3.4937,1.3867,1.7581,4.2553,0.30219,2.3384,3.3442,1.5214,1.5749,3.3164,0.63648,2.4102,2.9909,3.4657,2.8287,0.14641,1.8841,2.5469,3.9892,2.0939,2.1977,4.6906,2.2128,2.7306,4.7812,1.9131,1.818,3.8171,1.2874,1.6783,3.7409,2.2271,2.0878,4.9794,1.3706,2.5854,3.9088,0.86185,3.0714,2.6824,4.8147,2.864,0.52575,1.4506,2.7092,4.5075,1.9276,1.8898,3.9007,1.3701,2.6586,3.0159,0.7212,2.7104,3.3747,1.1366,2.8652,4.3235,0.86727,2.561,2.8073,0.67589,2.0626,2.8982,0.56455,2.4105,3.3755,1.5491,2.1294,4.3544,1.6117,2.7268,4.628,0.48168,2.0152,2.8993,2.0045,1.8048,3.8016,1.1794,1.7471,3.7273,2.1943,2.6253,4.6057,1.3243,1.68,4.063,1.3097,2.1377,3.1296,0.57727,2.0555,2.9406,0.55669,2.4158,2.7017,1.7153,2.4299,4.2325,2.1872,2.5966,4.6385,0.52523,2.05,2.8819,1.5953,1.693,3.3633,0.19262,3.0698,2.0408,0.69366,2.5872,2.6614,3.1919,2.7257,6.2132,0.24139,2.8903,2.9521,4.7398,2.9026,0.43983,2.2429,2.2736,3.5135,1.2888,2.9826,4.1403,1.2273,2.4284,3.3938,1.0648,3.0381,3.9311,2.3013,2.2282,3.6814,1.1692,1.6905,3.7278,2.4373,2.3684,4.5973,2.4356,2.7026,4.0757,1.3752,2.67,4.3885,1.9117,1.7515,3.7968,1.2436,2.6322,3.7551,2.2886,2.4135,4.8008,1.5925,2.5371,3.5167,2.168,2.2753,4.1646,0.7472,1.9641,3.2856,2.201,2.3993,3.5792,2.1904,2.37,3.5255,2.2764,1.9979,5.0102,2.5726,2.2602,4.7772,2.3052,2.264,3.7286,1.3655,1.5973,3.8946,2.158,2.6188,4.601,1.92,1.8092,3.7992,0.77416,2.0942,4.1387,1.5915,1.714,4.2342,2.2013,2.6246,4.665,1.453,2.3876,3.2649,6.1192,2.9236,2.4426,1.8488,1.775,3.5547,1.8319,2.8565,4.0999,2.1536,1.9649,4.9053,1.2305,2.5834,4.4148,1.9941,2.1525,4.8778,1.615,1.6488,3.9555,1.6161,2.0524,3.3011,1.1137,2.6433,3.6426,1.0227,2.7614,3.86,1.5083,2.4951,3.9368,1.1765,2.6682,3.6549,1.7928,1.6028,4.0662,0.95043,2.4586,2.8414,2.0034,2.1577,4.4863,0.38461,2.7088,3.1316,1.0328,1.9208,4.2809,1.0009,2.2852,3.1337,1.7178,2.4054,4.614,0.94602,2.0173,2.8787,0.71593,1.9595,2.7362,1.5898,1.6451,3.9633,0.97448,2.4391,2.9029,1.3248,1.5572,3.8559,2.7222,2.5655,4.6044,1.0704,2.2259,3.5572,1.1951,2.6924,3.7081,1.9757,1.9738,4.513,1.0227,1.9345,4.2682,1.879,1.6885,3.4803,1.6656,2.5549,4.0012,2.161,2.5235,4.8658,2.0739,2.4154,3.6144,1.3453,3.0117,3.5522,1.4658,1.4904,4.1777,0.60326,2.98,3.6263,1.6209,1.635,4.191,0.72758,1.9794,2.7329,0.73804,2.2107,3.9753,2.6332,2.5751,4.5163,2.0576,2.0759,3.3992,1.4562,2.7742,3.5971,1.0412,2.3275,3.5233,2.5865,2.0769,4.5961,1.4569,1.7111,4.4296,1.5398,2.5634,3.6233,2.0594,2.3998,4.1429,2.6216,2.3243,4.8997,0.56327,2.522,3.09
1997.6,0.025268,114.39,9.2898,0.26879,430.97,1.4122,1.7644,4.0861,1.2979,2.2583,4.2988,1.1136,1.9113,4.2383,2.4074,2.5969,4.2889,0.84938,2.0259,4.3106,1.5026,2.6143,3.8821,3.42,2.7857,0.034942,1.0717,1.9083,4.2485,1.7409,1.5608,4.1784,1.3402,2.2387,4.4059,0.81308,2.0831,4.2242,3.0687,2.8172,4.6282,5.3983,2.5888,1.1378,1.3471,2.6647,3.7271,0.826,2.129,2.9585,2.6142,2.2104,4.7183,1.4391,1.6228,3.9555,0.60329,2.6884,3.6699,2.0678,1.7862,3.564,1.0094,2.3834,3.1883,6.2668,2.3073,3.1727,1.729,1.6564,3.4492,1.8175,2.6687,4.0738,1.7953,1.7431,3.4455,1.4373,1.5874,3.9703,0.38539,2.2068,3.0664,2.1739,2.4616,4.5501,1.4628,1.7666,3.2225,0.80517,1.967,2.7412,3.4415,2.8112,0.025741,2.1663,1.8494,3.6693,1.0288,2.7807,2.9361,1.9282,2.627,4.1935,0.69375,1.9832,2.8086,0.98709,2.3923,3.1472,1.9813,1.927,4.6177,1.7321,1.6133,3.9281,0.58363,2.1569,3.8717,1.2198,2.6377,3.7889,0.8235,2.1879,3.0852,2.8003,2.4163,4.5797,2.29,2.3165,4.9584,1.5427,1.6687,3.9769,1.9536,1.9605,4.5768,1.5976,2.2692,3.2383,0.67441,2.226,2.9949,2.4815,2.4681,4.5032,1.9167,2.5862,4.6474,1.7708,2.6166,4.5165,2.8114,2.4346,4.7068,1.2462,2.5826,3.7754,1.8636,2.2921,4.464,1.8025,2.9048,3.7168,0.68239,2.4745,2.6472,1.4014,2.1794,4.5839,1.9982,2.8932,3.9125,0.26561,2.4196,3.2848,1.6593,1.5439,4.0515,0.65616,2.0842,3.0023,2.2164,2.2588,4.6313,0.79047,2.4509,3.3131,0.87288,2.1575,3.1493,6.2093,2.8661,1.7264,2.1395,2.0723,4.7771,2.7074,2.426,4.6028,2.492,2.2069,4.9767,1.8912,2.5325,4.1762,1.0764,1.6365,4.1024,4.585,2.8405,0.48337,0.85495,2.146,3.0454,1.3417,2.0633,4.4056,0.98538,2.1551,3.4085,1.9946,2.593,4.2087,1.7769,1.4607,4.0801,1.3153,2.494,3.1872,0.8331,2.5028,3.7103,2.1156,1.8063,3.6161,1.4842,2.4844,3.4189,1.6032,2.5656,3.7156,1.543,1.5781,4.2545,1.8236,2.5598,4.2381,1.9298,2.5695,4.3745,3.5999,2.7205,0.047208,1.7804,1.4695,4.0653,1.8428,1.9788,3.47,1.9686,2.8994,4.7793,1.2815,2.5203,3.2516,2.5668,2.435,4.8816,1.1447,2.6246,4.0462,1.4973,2.4653,3.4454,1.0686,1.8399,4.0636,1.7002,1.5088,4.0373,1.8026,1.9711,3.4097,0.25016,2.8925,3.3072,2.9801,2.2822,4.7302,1.2759,1.9391,4.2388,1.3786,2.6036,3.5858,1.3805,2.4568,3.3541,1.9195,1.8331,3.605,1.9444,2.5381,4.0883,0.99639,2.2942,3.1395,2.5464,1.9771,5.1558,1.3063,2.6213,3.4998,1.2987,2.4931,3.2612,0.39703,2.8956,3.441,0.61055,1.8767,2.7146,1.5705,1.962,4.5309,1.4611,1.7501,4.1676,5.2403,2.8483,1.5604,0.807,2.0958,2.8447,1.0866,2.6878,4.0405,2.2951,2.4687,3.6728,2.4679,2.3701,4.7547,3.0031,2.6168,4.6819,2.1029,2.4987,4.4437,2.375,2.2036,4.3399,0.69544,2.1515,3.1431,0.60266,2.4022,3.1757,0.57764,2.1369,3.6923,2.3427,2.3839,4.5219,1.016,2.4048,3.1127,1.2075,1.6408,4.2354,1.6271,2.0452,3.3834,5.8901,2.6235,1.6251,3.4916,2.8888,0.23263,0.84205,2.3513,3.0882,1.6646,1.6165,4.0461,1.5208,1.9296,3.1689,0.78498,2.4082,2.9587,2.1581,2.3207,4.7968,1.2541,2.5701,3.2307,1.0314,1.943,3.5121,0.36514,1.977,3.3684,1.7419,2.0028,3.3491,2.4132,2.1917,4.3087,2.2565,2.1282,5.0175,1.2145,1.6157,3.8566,0.71387,1.9799,2.7976,2.2672,2.1616,5.0649,2.4191,2.2794,4.6394,1.5794,2.5088,3.9618,4.5244,2.8082,0.46028,1.962,2.5046,4.0559,0.79441,1.9532,4.1055,1.4377,2.6722,4.3557,3.8991,2.7709,0.19858,1.5689,1.6775,3.3175,0.17892,2.2939,3.2136,5.103,2.8138,1.0894,0.69843,2.7089,3.4168,1.3986,2.5458,3.0718,2.2082,2.0505,4.911,1.4681,1.9607,4.4567,1.5285,1.6289,3.3317,1.458,2.9026,3.3947,0.68146,2.3879,3.0434,0.84545,2.4302,3.0423,0.22304,2.5898,3.3012,1.6902,2.3567,4.2326,0.68071,2.4084,2.9357,0.94914,2.3759,3.4871,1.3862,1.757,4.2535,0.30145,2.3386,3.343,1.5212,1.573,3.3176,0.64065,2.4096,2.9971,3.4732,2.827,0.15497,1.8812,2.5473,3.9884,2.0973,2.1974,4.693,2.2045,2.7283,4.7696,1.9133,1.8126,3.8157,1.2871,1.6754,3.7419,2.2292,2.0861,4.9792,1.3701,2.5839,3.9067,0.85086,3.0715,2.6709,4.8159,2.8606,0.52849,1.4553,2.7088,4.5117,1.9286,1.888,3.9016,1.3732,2.6593,3.0201,0.72532,2.7092,3.3796,1.142,2.8632,4.3289,0.87245,2.5624,2.8109,0.67626,2.0653,2.8979,0.56701,2.4101,3.3765,1.5487,2.1267,4.3574,1.6191,2.7268,4.6342,0.47873,2.0162,2.8946,2.0048,1.8027,3.8018,1.1788,1.7441,3.7295,2.1929,2.6239,4.6025,1.3225,1.6826,4.0603,1.3071,2.1366,3.1283,0.57572,2.0573,2.937,0.55897,2.415,2.7052,1.7185,2.4341,4.2346,2.1835,2.5937,4.6327,0.52334,2.0509,2.8784,1.5962,1.6928,3.3645,0.17777,3.0703,2.0243,0.69395,2.59,2.6602,3.2,2.7241,6.2218,0.25139,2.8901,2.9637,4.7425,2.9018,0.44319,2.2426,2.2703,3.5095,1.2892,2.9801,4.1416,1.2229,2.4301,3.3911,1.0634,3.0372,3.9319,2.3,2.2284,3.6785,1.1682,1.6857,3.7303,2.4372,2.3688,4.5977,2.4321,2.7031,4.0774,1.3775,2.6699,4.3888,1.9122,1.7463,3.7956,1.2452,2.6289,3.7564,2.2876,2.4126,4.7963,1.5912,2.5364,3.5206,2.1685,2.2781,4.1674,0.7456,1.9663,3.2826,2.1987,2.399,3.575,2.187,2.3687,3.5198,2.278,1.9986,5.0106,2.5708,2.2594,4.7768,2.3034,2.2654,3.727,1.3654,1.5969,3.8953,2.1527,2.6159,4.5938,1.9209,1.8055,3.7969,0.77429,2.0929,4.1427,1.5912,1.7115,4.2334,2.1967,2.622,4.6586,1.4534,2.388,3.265,6.1257,2.9244,2.4503,1.8495,1.7745,3.5563,1.8303,2.8523,4.097,2.1564,1.9648,4.9073,1.2325,2.5835,4.4176,1.9965,2.1532,4.878,1.6153,1.6459,3.9554,1.617,2.0538,3.2995,1.1145,2.6414,3.6428,1.0239,2.7602,3.8593,1.511,2.4962,3.9396,1.177,2.666,3.6542,1.7915,1.5993,4.0659,0.95114,2.4589,2.8424,2.0063,2.1601,4.4892,0.39146,2.7058,3.1378,1.0313,1.9199,4.2811,1.0013,2.2846,3.1356,1.7203,2.4057,4.6149,0.9449,2.0162,2.8788,0.71546,1.9588,2.7362,1.5895,1.6427,3.9633,0.97533,2.4389,2.9057,1.3231,1.5561,3.8566,2.7218,2.5653,4.6046,1.0696,2.2289,3.5548,1.1963,2.6902,3.7089,1.9757,1.9736,4.514,1.0214,1.9338,4.2685,1.8798,1.6892,3.4812,1.6655,2.5562,4.0011,2.1624,2.523,4.8647,2.0719,2.4167,3.6118,1.3508,3.0099,3.5572,1.4663,1.4914,4.1764,0.59996,2.9797,3.6237,1.6216,1.6328,4.1902,0.72727,1.9788,2.7328,0.73906,2.2117,3.9757,2.632,2.5745,4.5163,2.0597,2.0747,3.3991,1.4579,2.771,3.5993,1.0394,2.331,3.52,2.5886,2.0791,4.6003,1.4561,1.711,4.43,1.5386,2.5631,3.6249,2.0597,2.4023,4.1451,2.6204,2.3236,4.8981,0.5657,2.5222,3.0926
1997.6,0.025268,114.39,9.2898,0.27746,434.04,1.4096,1.7631,4.0845,1.2999,2.259,4.3024,1.1113,1.9097,4.2373,2.4062,2.5954,4.2909,0.84884,2.0264,4.3118,1.5018,2.6169,3.8809,3.4322,2.7817,0.048382,1.0674,1.9061,4.2479,1.7414,1.5577,4.1758,1.342,2.2396,4.4114,0.81191,2.0845,4.2248,3.0728,2.8163,4.6314,5.3936,2.5829,1.1348,1.3461,2.6647,3.7254,0.82199,2.1279,2.9558,2.6177,2.2133,4.7246,1.4378,1.6219,3.957,0.60345,2.691,3.6637,2.0704,1.7878,3.5683,1.0022,2.3834,3.1856,6.2581,2.3073,3.1623,1.7267,1.6546,3.452,1.8148,2.6658,4.0716,1.7957,1.7442,3.4475,1.4367,1.5876,3.9703,0.38567,2.2079,3.0631,2.1769,2.4644,4.5525,1.4635,1.7702,3.2234,0.80449,1.9665,2.7425,3.4628,2.8078,0.049394,2.1722,1.8509,3.6766,1.0306,2.7849,2.9373,1.9346,2.6289,4.2026,0.69414,1.9859,2.8079,0.98104,2.3918,3.1466,1.9863,1.9273,4.6229,1.733,1.6153,3.9292,0.58942,2.1538,3.8801,1.222,2.6416,3.7919,0.81958,2.19,3.0823,2.8032,2.4179,4.5805,2.2955,2.3169,4.9644,1.5442,1.6671,3.9774,1.9578,1.9618,4.5803,1.6028,2.2693,3.2368,0.67399,2.2267,2.9981,2.4821,2.4687,4.5081,1.9189,2.5866,4.6422,1.7678,2.617,4.5066,2.8125,2.4358,4.7106,1.2431,2.5848,3.7695,1.8714,2.2934,4.4688,1.7983,2.901,3.713,0.68472,2.4747,2.6498,1.3931,2.1831,4.5796,1.9995,2.8864,3.9136,0.2664,2.4202,3.2874,1.6592,1.5422,4.0501,0.65543,2.0837,3.0019,2.2133,2.258,4.6284,0.78615,2.4472,3.3158,0.86894,2.1583,3.1493,6.2084,2.8644,1.7249,2.1439,2.073,4.7804,2.7083,2.4263,4.607,2.4901,2.2033,4.9716,1.8904,2.5294,4.1746,1.0757,1.631,4.1067,4.5818,2.8393,0.482,0.8563,2.1464,3.0493,1.3439,2.0622,4.4083,0.98236,2.1575,3.4054,1.9897,2.5892,4.203,1.78,1.4559,4.0769,1.3187,2.4923,3.1884,0.83569,2.5041,3.7087,2.1177,1.8032,3.6133,1.4832,2.4845,3.4209,1.6041,2.5651,3.7213,1.5389,1.5782,4.2547,1.8216,2.5552,4.2346,1.9284,2.5646,4.3714,3.6067,2.7182,0.052978,1.7832,1.4648,4.0615,1.847,1.9773,3.4709,1.9642,2.8976,4.7746,1.284,2.5198,3.2546,2.5652,2.4347,4.8787,1.1474,2.625,4.0459,1.4948,2.4658,3.4459,1.0659,1.839,4.0639,1.7017,1.5067,4.0361,1.8058,1.9697,3.4096,0.25049,2.8909,3.3071,2.9817,2.2809,4.7322,1.2742,1.9383,4.24,1.3809,2.6022,3.5912,1.3786,2.4571,3.3551,1.9218,1.829,3.6034,1.9446,2.5407,4.0911,0.99393,2.294,3.1388,2.5459,1.9763,5.1557,1.3076,2.6197,3.5046,1.2946,2.4934,3.2596,0.40033,2.8937,3.4441,0.60971,1.8773,2.7115,1.5663,1.9608,4.5311,1.4608,1.7477,4.1685,5.2337,2.847,1.5539,0.80661,2.0958,2.8458,1.0866,2.6896,4.0392,2.2994,2.4668,3.6748,2.4653,2.3683,4.7502,3.0089,2.6139,4.6859,2.1028,2.499,4.443,2.3763,2.2067,4.3447,0.69197,2.1547,3.137,0.60862,2.4008,3.182,0.57759,2.1368,3.6921,2.3442,2.3831,4.526,1.0213,2.4039,3.1178,1.2058,1.6432,4.2329,1.6245,2.0453,3.3813,5.8822,2.6208,1.6169,3.4934,2.8872,0.23498,0.83918,2.3504,3.0875,1.6646,1.6157,4.0452,1.5215,1.9313,3.1692,0.78449,2.407,2.9595,2.159,2.3197,4.794,1.2561,2.5709,3.234,1.0321,1.9415,3.5131,0.36116,1.9772,3.3709,1.7428,2.0016,3.3466,2.4156,2.1951,4.3137,2.2588,2.1269,5.0179,1.2118,1.6136,3.8566,0.71408,1.9797,2.7978,2.2695,2.1608,5.066,2.4215,2.2812,4.6435,1.5794,2.5119,3.9613,4.529,2.8035,0.46614,1.9626,2.5094,4.058,0.7936,1.9533,4.1051,1.4441,2.6745,4.3585,3.9068,2.7686,0.20729,1.5706,1.6803,3.3186,0.17654,2.2938,3.2101,5.1038,2.8091,1.0923,0.69891,2.7071,3.4173,1.3995,2.5468,3.0722,2.2112,2.0482,4.9108,1.4671,1.9572,4.4589,1.5285,1.6284,3.3329,1.4598,2.9023,3.3947,0.68582,2.3865,3.0499,0.84377,2.4297,3.0436,0.22193,2.589,3.2989,1.6928,2.3591,4.2359,0.68552,2.4076,2.9409,0.94473,2.381,3.4806,1.3857,1.7559,4.2517,0.30071,2.3389,3.3417,1.521,1.5712,3.3188,0.6447,2.4089,3.0031,3.4804,2.8254,0.16308,1.8782,2.5476,3.9876,2.1007,2.1971,4.6954,2.1966,2.726,4.7584,1.9135,1.8074,3.8144,1.2868,1.6726,3.743,2.2312,2.0843,4.979,1.3696,2.5826,3.9047,0.83962,3.0716,2.6593,4.8167,2.8576,0.53106,1.4597,2.7085,4.5157,1.9295,1.8862,3.9023,1.3763,2.6599,3.0242,0.72917,2.7081,3.384,1.1472,2.8611,4.3342,0.87738,2.5639,2.8143,0.67667,2.0679,2.8976,0.56949,2.4097,3.3774,1.5483,2.124,4.3603,1.6262,2.7267,4.6402,0.47589,2.0173,2.8901,2.0052,1.8007,3.8019,1.1781,1.7413,3.7316,2.1917,2.6225,4.5995,1.3206,1.685,4.0577,1.3046,2.1356,3.127,0.57422,2.059,2.9335,0.5612,2.4141,2.7087,1.7216,2.4383,4.2365,2.18,2.5909,4.6272,0.52156,2.0517,2.8751,1.597,1.6927,3.3657,0.1629,3.0708,2.0079,0.69408,2.5929,2.6588,3.2077,2.7226,6.2301,0.26126,2.8899,2.975,4.7451,2.901,0.44652,2.2423,2.2671,3.5056,1.2893,2.9777,4.1427,1.2188,2.4316,3.3885,1.0618,3.0362,3.9325,2.2988,2.2284,3.6756,1.1672,1.681,3.7328,2.4372,2.3693,4.5981,2.4287,2.7036,4.0792,1.3797,2.6698,4.3891,1.9126,1.7412,3.7944,1.2468,2.6258,3.7576,2.2868,2.4117,4.7921,1.5899,2.5357,3.5243,2.169,2.2809,4.1701,0.74403,1.9684,3.2797,2.1965,2.3987,3.571,2.1838,2.3674,3.5143,2.2794,1.9992,5.0108,2.5691,2.2587,4.7763,2.3018,2.2668,3.7255,1.3653,1.5964,3.896,2.1477,2.613,4.587,1.9219,1.8018,3.7947,0.77444,2.0917,4.1467,1.5909,1.709,4.2328,2.1921,2.6194,4.6524,1.4538,2.3884,3.2651,6.1323,2.9252,2.4579,1.8502,1.774,3.5578,1.8288,2.8482,4.0943,2.1591,1.9646,4.9092,1.2344,2.5837,4.4202,1.9989,2.1539,4.8783,1.6157,1.6433,3.9552,1.618,2.0551,3.2981,1.1153,2.6395,3.6429,1.0251,2.759,3.8586,1.5137,2.4972,3.9424,1.1775,2.664,3.6535,1.7902,1.5958,4.0656,0.95184,2.4593,2.8435,2.0091,2.1625,4.492,0.39809,2.7028,3.1438,1.0299,1.9189,4.2813,1.0017,2.2839,3.1375,1.7227,2.4059,4.6158,0.9438,2.0151,2.8788,0.715,1.9582,2.7361,1.5891,1.6404,3.9632,0.97614,2.4388,2.9084,1.3216,1.5549,3.8572,2.7213,2.5649,4.6048,1.0686,2.2318,3.5524,1.1976,2.688,3.7097,1.9758,1.9735,4.515,1.0202,1.933,4.269,1.8807,1.6899,3.4822,1.6655,2.5574,4.001,2.1639,2.5225,4.8637,2.0699,2.4178,3.6093,1.3561,3.0081,3.562,1.4668,1.4924,4.1752,0.59666,2.9793,3.621,1.6223,1.6308,4.1893,0.72697,1.9783,2.7327,0.74003,2.2126,3.976,2.6308,2.5739,4.5163,2.0616,2.0735,3.3989,1.4595,2.7679,3.6015,1.0376,2.3343,3.5168,2.5906,2.0813,4.6043,1.4554,1.7109,4.4304,1.5376,2.5628,3.6265,2.06,2.4048,4.1472,2.6192,2.3228,4.8966,0.56807,2.5224,3.0951
1912.5,0.080681,76.425,4.1887,0.0089122,225.81,1.5208,1.8365,4.1714,1.2785,2.2263,4.2239,1.2287,1.9865,4.2328,2.4969,2.661,4.3022,0.85801,2.0596,4.2208,1.5199,2.4862,3.8934,3.0115,2.839,5.8234,1.2261,1.9883,4.234,1.7467,1.715,4.2471,1.279,2.2273,4.2282,0.8566,2.0623,4.2153,2.8955,2.8351,4.5093,5.7026,2.7737,1.4594,1.2417,2.8394,3.6265,0.95523,2.1455,3.0232,2.4851,2.0531,4.4484,1.4716,1.6758,3.9054,0.65976,2.5719,3.8826,2.0066,1.7626,3.4751,1.0753,2.4444,3.0627,0.26814,2.286,3.5576,1.7852,1.673,3.3881,2.1339,2.8227,4.4395,1.7866,1.671,3.3913,1.4759,1.6721,3.9079,0.39584,2.1346,3.2023,2.0374,2.3571,4.389,1.4739,1.6672,3.1998,0.83046,1.8757,2.7711,3.0098,2.8415,5.8181,2.0072,1.7622,3.4764,1.0074,2.7169,2.8811,1.8177,2.5885,4.0028,0.63185,1.8702,2.7968,1.0706,2.4445,3.0554,1.8981,1.9139,4.4947,1.6794,1.6938,3.8956,0.50998,2.2002,3.7462,1.193,2.4252,3.7846,1.0024,2.0627,3.268,2.5498,2.2998,4.295,2.0707,2.1518,4.6796,1.4789,1.6754,3.9118,1.896,1.9173,4.4945,1.4909,2.1727,3.2675,0.82141,2.0825,3.1852,2.4191,2.3725,4.3165,1.9462,2.6007,4.89,1.9358,2.5956,4.8776,2.5478,2.2995,4.2928,1.2881,2.4881,3.9457,1.6885,2.232,4.2965,2.0618,3.061,4.0047,0.50537,2.47,2.4781,1.5411,2.0567,4.6067,2.0754,3.0642,4.0216,0.38978,2.3752,3.4347,1.6609,1.6293,4.0823,0.70982,2.024,3.0975,2.2435,2.2416,4.6467,0.62964,2.6164,3.0016,1.0029,2.0661,3.2686,0.13239,2.8902,1.976,1.9957,1.9861,4.5906,2.5482,2.3003,4.2954,2.6734,2.3367,5.1974,2.1363,2.8172,4.4398,1.0799,1.8477,3.9467,4.619,2.9959,0.50595,0.88679,2.1188,3.0539,1.3068,2.0992,4.268,1.0557,2.0881,3.493,2.3086,2.7533,4.5788,1.7016,1.5997,4.1576,1.146,2.5562,3.0686,0.75131,2.4266,3.7689,2.0551,1.9267,3.7366,1.5977,2.4387,3.4666,1.6588,2.5234,3.6067,1.6575,1.6765,4.2497,2.1036,2.8076,4.5796,2.1095,2.8077,4.5827,3.356,2.7811,6.1168,1.7015,1.5989,4.1575,1.7043,2.0054,3.453,2.1257,2.9373,4.9209,1.1477,2.5567,3.0741,2.6376,2.447,4.9884,1.0251,2.6037,4.0653,1.5998,2.4367,3.4673,1.1825,1.7984,4.1011,1.661,1.6277,4.0836,1.7036,2.0049,3.4512,0.284,2.9463,3.3313,2.8739,2.2926,4.5662,1.317,1.951,4.2051,1.2504,2.6862,3.3257,1.4614,2.4575,3.3422,1.8415,1.9833,3.7236,1.9502,2.3407,3.9928,1.095,2.2831,3.188,2.5401,2.0482,5.1486,1.2423,2.6876,3.3146,1.4592,2.46,3.3389,0.2898,2.9468,3.3371,0.67655,1.8087,2.9099,1.7001,2.0258,4.424,1.4676,1.8614,4.1201,5.5355,2.9014,1.8481,0.81885,2.1216,2.7816,1.0241,2.6054,4.0655,2.1548,2.5238,3.6211,2.6358,2.4434,4.9862,2.8043,2.7048,4.5236,2.1625,2.5288,4.534,2.349,2.1025,4.1953,0.76678,1.9912,3.3482,0.33127,2.473,2.8866,0.60427,2.1404,3.7139,2.3854,2.5063,4.431,0.75349,2.4642,2.856,1.2549,1.5815,4.2875,1.7007,2.007,3.451,1.2089,2.6892,2.0404,3.2181,2.9382,6.2099,0.74876,2.4616,2.8584,1.66,1.6341,4.0871,1.4945,1.8655,3.1822,0.74385,2.4634,2.8515,2.1681,2.3473,4.9526,1.145,2.5619,3.0708,1.0033,1.9638,3.5034,0.5297,1.9788,3.2576,1.7012,2.0075,3.4495,2.3874,2.0806,4.198,2.1444,2.1549,4.9804,1.2891,1.7508,3.8018,0.6834,1.9773,2.7562,2.1443,2.1558,4.9824,2.3204,2.1864,4.4633,1.5675,2.2938,3.9631,4.2072,3.0064,0.13969,1.955,2.3392,3.996,0.83743,1.9639,4.1179,1.1774,2.5739,4.2163,3.524,2.8525,6.0866,1.5328,1.6181,3.2872,0.32093,2.2973,3.4053,5.1428,2.9885,1.0831,0.55907,2.783,3.2558,1.2676,2.5068,2.9791,2.1416,2.1505,4.9779,1.4754,2.0938,4.3517,1.5253,1.6229,3.2879,1.3816,2.9299,3.3662,0.45371,2.4495,2.7231,0.92165,2.4539,2.9985,0.22251,2.6176,3.3408,1.6133,2.2582,4.1267,0.45029,2.4465,2.7157,1.0476,2.1715,3.6587,1.3942,1.8077,4.2923,0.32427,2.2995,3.4074,1.5284,1.6173,3.287,0.44942,2.4498,2.7202,2.9858,2.8698,5.9045,2.0054,2.5971,4.035,1.9722,2.1783,4.5891,2.6291,2.7747,5.2683,1.8902,1.964,3.9027,1.2948,1.8143,3.6887,2.1445,2.1535,4.9805,1.4019,2.6562,4.008,1.1028,3.0854,2.9448,4.6952,2.9844,0.41853,1.2562,2.6842,4.3324,1.9047,1.9577,3.8865,1.247,2.6366,2.8654,0.36521,2.7725,2.9584,0.94156,2.89,4.1342,0.5756,2.5219,2.5822,0.69728,1.9361,2.9891,0.54821,2.3957,3.4291,1.5679,2.1758,4.2298,1.2623,2.687,4.3401,0.63188,1.95,3.1145,1.9796,1.8953,3.8181,1.1934,1.8461,3.6462,2.4571,2.7214,4.9752,1.3772,1.5256,4.1709,1.3894,2.1565,3.1747,0.63661,1.9504,3.1137,0.46207,2.4497,2.5686,1.6148,2.2564,4.1297,2.4567,2.7209,4.9787,0.63443,1.9516,3.1115,1.5655,1.7144,3.3279,0.52362,3.04,2.4371,0.5746,2.522,2.5835,2.9102,2.744,5.8912,6.1756,2.8649,2.5426,4.6809,2.9879,0.40176,2.344,2.4061,3.75,0.8798,3.0807,3.6635,1.4354,2.2583,3.5602,0.84694,3.0788,3.6303,2.3676,2.2377,3.8077,1.1922,1.8448,3.645,2.4259,2.338,4.5594,2.5802,2.6284,4.0299,1.2635,2.6837,4.339,1.8908,1.9603,3.9032,1.1261,2.7938,3.6512,2.4469,2.4846,5.0868,1.6036,2.6193,3.3005,2.1682,2.188,4.1019,0.78744,1.9035,3.3714,2.3455,2.41,3.7505,2.3454,2.4114,3.7503,2.1867,1.8905,4.9047,2.6439,2.29,4.7926,2.3653,2.2397,3.8086,1.3815,1.5877,3.8358,2.4577,2.7192,4.9799,1.8906,1.9613,3.9037,0.77942,2.1413,3.964,1.6009,1.8328,4.2582,2.4591,2.7214,4.982,1.4456,2.3885,3.261,5.9278,2.8813,2.2076,1.8583,1.8002,3.4776,1.9718,3.0214,4.2948,2.0157,1.951,4.7564,1.1016,2.5796,4.274,1.8845,2.1516,4.8618,1.6131,1.8,3.9662,1.6046,2.011,3.3916,1.0138,2.7734,3.5623,0.91228,2.8306,3.8095,1.3808,2.3932,3.8449,1.122,2.7953,3.6463,1.8372,1.7938,4.0932,0.91326,2.4609,2.774,1.9116,2.0702,4.387,0.075368,2.7953,2.8405,1.0854,1.9602,4.2611,0.94887,2.3355,3.0125,1.6341,2.3956,4.5873,0.97912,2.0867,2.8361,0.74302,1.999,2.743,1.6119,1.7994,3.9682,0.91486,2.4599,2.7763,1.3799,1.5868,3.8367,2.7703,2.5894,4.636,1.085,2.1391,3.6259,1.1214,2.7977,3.6492,1.976,1.9867,4.4781,1.0827,1.962,4.2594,1.8538,1.6508,3.4507,1.6627,2.4827,3.9997,2.1126,2.5535,4.9218,2.1535,2.3814,3.7077,1.1892,3.0732,3.4209,1.447,1.4665,4.2315,0.62011,2.9994,3.6157,1.6243,1.7501,4.233,0.74447,1.9981,2.7425,0.69076,2.1944,3.9448,2.6882,2.6022,4.5378,1.9929,2.1276,3.4378,1.3844,2.9194,3.5385,1.0817,2.1949,3.6335,2.5321,2.0006,4.4709,1.4904,1.7345,4.4227,1.607,2.5911,3.5817,2.0626,2.2902,4.0729,2.7085,2.3722,5.0085,0.44578,2.5314,2.9588
1912.5,0.080681,76.425,4.1887,0.017824,238.18,1.5174,1.8358,4.168,1.2784,2.2276,4.2253,1.2254,1.9852,4.2331,2.4933,2.6584,4.3006,0.85796,2.0572,4.2258,1.5193,2.4908,3.8932,3.0192,2.8393,5.8339,1.2217,1.9876,4.2345,1.7452,1.7106,4.2457,1.2814,2.2281,4.2337,0.85468,2.0629,4.2152,2.9021,2.8347,4.5123,5.6894,2.7687,1.4454,1.2485,2.8311,3.6329,0.95205,2.1463,3.0226,2.4871,2.0571,4.4542,1.4704,1.6737,3.9062,0.66035,2.5758,3.8787,2.0082,1.763,3.4783,1.0797,2.4403,3.0736,0.26191,2.2876,3.5483,1.7838,1.6736,3.3895,2.1175,2.8176,4.4222,1.7864,1.6732,3.3932,1.4746,1.668,3.9107,0.39526,2.1379,3.198,2.0423,2.3626,4.3948,1.4735,1.6698,3.2004,0.82845,1.8803,2.7666,3.0133,2.8416,5.824,2.0087,1.7647,3.4793,1.0089,2.7182,2.8844,1.818,2.588,4.0053,0.63279,1.874,2.7946,1.07,2.4424,3.0594,1.8985,1.9139,4.4971,1.6797,1.6901,3.8955,0.51025,2.1995,3.7483,1.1921,2.4355,3.7813,0.99766,2.0689,3.2622,2.557,2.3045,4.3044,2.075,2.1582,4.6863,1.4796,1.6749,3.9143,1.8953,1.9182,4.4966,1.4921,2.1766,3.2671,0.81837,2.089,3.179,2.4212,2.3758,4.3222,1.9455,2.5986,4.8859,1.9305,2.5963,4.87,2.5521,2.304,4.301,1.2888,2.4914,3.9429,1.6913,2.2331,4.3009,2.0565,3.0572,3.9978,0.51235,2.4697,2.4847,1.5389,2.0587,4.6075,2.0718,3.0607,4.0161,0.38475,2.3777,3.428,1.6605,1.626,4.0815,0.70913,2.0286,3.0941,2.2436,2.2442,4.6487,0.63654,2.6118,3.0103,0.99879,2.0725,3.2627,0.12957,2.8904,1.9716,1.9977,1.9889,4.5958,2.5528,2.3055,4.3034,2.6665,2.3336,5.1914,2.1178,2.8067,4.4214,1.0806,1.843,3.9502,4.6215,2.9891,0.50753,0.88498,2.121,3.0513,1.3079,2.0974,4.2729,1.0554,2.09,3.4922,2.2956,2.7491,4.5643,1.7028,1.5979,4.156,1.1521,2.5531,3.0735,0.75427,2.429,3.7676,2.0571,1.9224,3.7314,1.5941,2.4412,3.4637,1.6541,2.527,3.6049,1.6543,1.6715,4.2496,2.0885,2.8012,4.5636,2.0988,2.8007,4.5711,3.3621,2.7791,6.1222,1.7038,1.596,4.1554,1.7077,2.0049,3.4527,2.118,2.9363,4.9137,1.1534,2.5545,3.0815,2.6352,2.4469,4.9851,1.0285,2.605,4.0655,1.5967,2.4375,3.4651,1.1779,1.8011,4.0988,1.6612,1.6224,4.0824,1.7062,2.0041,3.4497,0.27949,2.9444,3.3279,2.8794,2.2927,4.5734,1.3162,1.9511,4.2057,1.2564,2.6811,3.3358,1.4575,2.4562,3.3411,1.8428,1.9793,3.7197,1.9488,2.3481,3.9944,1.0918,2.284,3.1861,2.5399,2.0454,5.1474,1.2439,2.6844,3.3191,1.4539,2.4603,3.3364,0.29146,2.9459,3.3383,0.67525,1.8122,2.9028,1.6984,2.0224,4.4293,1.4675,1.8566,4.1226,5.527,2.9008,1.8407,0.81874,2.1203,2.7845,1.0263,2.6079,4.0649,2.16,2.5234,3.6215,2.6288,2.4409,4.9778,2.8102,2.7028,4.5286,2.1598,2.5262,4.5308,2.3491,2.1034,4.1978,0.76746,1.9953,3.3457,0.34166,2.4704,2.8973,0.60437,2.1407,3.7137,2.3848,2.4998,4.4335,0.76316,2.4625,2.8645,1.2542,1.5814,4.2875,1.6996,2.0083,3.4507,6.2577,2.6889,2.0304,3.2309,2.9374,6.2243,0.75807,2.4564,2.8722,1.6596,1.6342,4.0856,1.4954,1.8678,3.1812,0.74788,2.4609,2.8582,2.1673,2.3468,4.9478,1.1488,2.5614,3.075,1.0054,1.9646,3.503,0.52567,1.9795,3.2587,1.7025,2.0078,3.4479,2.3887,2.0821,4.2,2.1485,2.1553,4.9827,1.2883,1.7455,3.8052,0.68467,1.9782,2.7568,2.1484,2.1584,4.9858,2.3237,2.1898,4.4695,1.5681,2.3018,3.9636,4.2236,3.0017,0.15412,1.955,2.3437,3.9972,0.83583,1.9632,4.1187,1.1836,2.5778,4.22,3.5382,2.8499,6.1008,1.534,1.6191,3.2883,0.31617,2.2976,3.3982,5.1492,2.9844,1.0886,0.56468,2.7806,3.2627,1.2723,2.5079,2.9832,2.1424,2.147,4.9732,1.4776,2.0922,4.3553,1.5253,1.624,3.2898,1.3856,2.9293,3.3683,0.46098,2.4481,2.7328,0.91721,2.4533,2.9972,0.22346,2.6167,3.3407,1.6157,2.2626,4.1298,0.45993,2.4446,2.7233,1.0463,2.1761,3.6559,1.3936,1.8066,4.2916,0.32324,2.3009,3.4047,1.528,1.617,3.2876,0.45597,2.4481,2.7296,2.9979,2.8695,5.9186,2.0014,2.5944,4.0333,1.9757,2.18,4.5921,2.6187,2.7743,5.2578,1.8907,1.9608,3.8999,1.2956,1.8091,3.6906,2.1469,2.1521,4.9792,1.4008,2.6524,4.0057,1.0914,3.085,2.932,4.7002,2.9807,0.42228,1.258,2.6856,4.3329,1.9062,1.9561,3.8884,1.2505,2.6373,2.8692,0.38015,2.7703,2.9759,0.94629,2.8907,4.1384,0.58366,2.5235,2.5881,0.69546,1.9427,2.983,0.54907,2.397,3.4266,1.5684,2.1763,4.2336,1.2734,2.6902,4.3493,0.62646,1.9535,3.1072,1.9808,1.8914,3.8164,1.1935,1.8442,3.6485,2.4417,2.7179,4.9556,1.377,1.531,4.1675,1.3877,2.1568,3.1735,0.63474,1.9548,3.1064,0.4653,2.4485,2.5723,1.617,2.2615,4.1336,2.445,2.7173,4.9656,0.63129,1.9563,3.1029,1.5675,1.7148,3.3291,0.52958,3.0407,2.4403,0.57953,2.5234,2.587,2.9167,2.7446,5.8998,6.18,2.8672,2.5496,4.682,2.985,0.40095,2.3388,2.4017,3.7423,0.912,3.0784,3.6988,1.4288,2.2656,3.5538,0.86302,3.0773,3.6492,2.3662,2.2371,3.8031,1.1919,1.8406,3.6468,2.4261,2.3393,4.5611,2.5759,2.6317,4.031,1.2688,2.683,4.343,1.8908,1.9543,3.8992,1.1314,2.7878,3.6558,2.4391,2.4823,5.0755,1.6004,2.6153,3.3041,2.1676,2.1899,4.1024,0.78741,1.9054,3.37,2.3416,2.4095,3.7454,2.3393,2.4107,3.7421,2.1905,1.8968,4.9104,2.6406,2.2889,4.7919,2.3637,2.2403,3.8054,1.3819,1.5898,3.8374,2.4427,2.7162,4.9629,1.8909,1.9566,3.9002,0.77901,2.1402,3.9704,1.6002,1.8293,4.2574,2.4489,2.7186,4.9705,1.4461,2.3869,3.2617,5.931,2.8828,2.2124,1.857,1.7994,3.4816,1.9642,3.0154,4.2851,2.0194,1.9528,4.7627,1.1066,2.5798,4.2793,1.8891,2.1528,4.8629,1.6129,1.7935,3.9656,1.6049,2.0117,3.3888,1.0205,2.7667,3.5679,0.91843,2.8271,3.8143,1.3863,2.3992,3.8479,1.1239,2.7903,3.6465,1.835,1.7859,4.0918,0.91449,2.4605,2.7766,1.914,2.0726,4.3904,0.08566,2.793,2.8507,1.0835,1.959,4.2619,0.95279,2.3327,3.0193,1.6363,2.3956,4.5878,0.97891,2.0835,2.8399,0.74143,1.9978,2.7422,1.6107,1.7927,3.9678,0.91727,2.4589,2.7815,1.3779,1.5868,3.8373,2.7677,2.5881,4.6338,1.0853,2.1416,3.624,1.1249,2.7928,3.6517,1.9762,1.9865,4.4801,1.0799,1.9614,4.2595,1.8549,1.6511,3.4518,1.6631,2.4862,4.0002,2.1148,2.5514,4.9206,2.1504,2.3829,3.7035,1.197,3.071,3.4278,1.4479,1.4672,4.2294,0.62413,2.9983,3.6212,1.6234,1.7458,4.2313,0.74379,1.9981,2.7422,0.6922,2.1946,3.9467,2.6862,2.6011,4.5374,1.995,2.1262,3.4357,1.3879,2.9133,3.5407,1.0815,2.1995,3.6302,2.5334,2.0031,4.4742,1.4889,1.7334,4.423,1.602,2.5894,3.5806,2.0621,2.2944,4.0745,2.704,2.3689,5.0035,0.45,2.5311,2.9633
1912.5,0.080681,76.425,4.1887,0.026737,250.06,1.5139,1.8349,4.1646,1.2784,2.2288,4.2267,1.2223,1.9838,4.2334,2.49,2.6559,4.2994,0.85787,2.0549,4.2307,1.5187,2.4954,3.8931,3.027,2.8395,5.8442,1.2175,1.9867,4.2351,1.7438,1.7061,4.2445,1.2837,2.2289,4.2391,0.85281,2.0636,4.2151,2.9086,2.8343,4.5152,5.6767,2.7638,1.4319,1.2549,2.8228,3.639,0.94894,2.1471,3.0219,2.4893,2.0613,4.46,1.4691,1.6715,3.9071,0.661,2.5795,3.8749,2.0097,1.7634,3.4813,1.0837,2.4363,3.0839,0.25567,2.2892,3.5391,1.7825,1.6742,3.391,2.1019,2.8124,4.4058,1.7862,1.6753,3.395,1.4735,1.664,3.9134,0.39475,2.141,3.1937,2.0469,2.3675,4.4004,1.4731,1.6723,3.2011,0.82655,1.8847,2.7624,3.0168,2.8418,5.8297,2.0102,1.7671,3.4822,1.0106,2.7194,2.8878,1.8182,2.5876,4.0078,0.63376,1.8775,2.7925,1.0692,2.4404,3.0632,1.899,1.9137,4.4994,1.6801,1.6864,3.8955,0.51054,2.1986,3.7505,1.1911,2.4453,3.7783,0.99282,2.0747,3.2566,2.5641,2.309,4.3139,2.0794,2.1644,4.693,1.4805,1.6747,3.917,1.8946,1.9191,4.4988,1.4932,2.1801,3.2665,0.81524,2.0954,3.1726,2.4237,2.3791,4.328,1.9449,2.5968,4.8819,1.9254,2.5969,4.8627,2.5566,2.3085,4.3093,1.2896,2.4947,3.94,1.6942,2.2341,4.3053,2.0524,3.0535,3.9922,0.51915,2.4696,2.4913,1.5364,2.0609,4.6083,2.0698,3.0573,4.0122,0.37971,2.3801,3.4214,1.6601,1.623,4.0805,0.70832,2.0332,3.0907,2.2438,2.247,4.6508,0.64297,2.6073,3.0187,0.99467,2.0787,3.2569,0.12628,2.8905,1.9665,2.0,1.9922,4.6011,2.5577,2.3106,4.3116,2.6596,2.3305,5.1853,2.1005,2.796,4.4044,1.0814,1.8382,3.9539,4.6239,2.9822,0.50895,0.88314,2.1232,3.0486,1.309,2.0958,4.2776,1.0551,2.0921,3.4911,2.2832,2.7449,4.5504,1.7039,1.5962,4.1544,1.1581,2.5502,3.0782,0.75711,2.4314,3.7661,2.059,1.9181,3.7264,1.5908,2.4435,3.461,1.6494,2.5305,3.6033,1.6512,1.6667,4.2494,2.074,2.7947,4.5481,2.0886,2.7939,4.5602,3.3687,2.7772,6.128,1.7061,1.5928,4.1533,1.7111,2.0045,3.4523,2.1107,2.9354,4.9071,1.1589,2.5526,3.0884,2.6327,2.4468,4.9817,1.0317,2.6064,4.0655,1.5937,2.4386,3.463,1.1731,1.8035,4.0965,1.6615,1.6174,4.0812,1.7088,2.0033,3.4482,0.27503,2.9425,3.3245,2.8848,2.2926,4.5802,1.3154,1.9511,4.2066,1.2622,2.6762,3.3455,1.4535,2.4551,3.3402,1.8439,1.9753,3.7158,1.9475,2.3556,3.996,1.0886,2.285,3.1843,2.5398,2.0426,5.1463,1.2454,2.6814,3.3238,1.4486,2.4607,3.3338,0.29337,2.945,3.3397,0.67386,1.8157,2.8957,1.6967,2.0191,4.4345,1.4673,1.8518,4.125,5.5181,2.9,1.8329,0.81862,2.1193,2.7874,1.0284,2.6106,4.064,2.1651,2.5231,3.622,2.6219,2.4382,4.9691,2.8164,2.7009,4.5338,2.1572,2.5238,4.5278,2.3492,2.1044,4.2005,0.76797,1.9995,3.3429,0.35217,2.4676,2.9081,0.60451,2.141,3.7137,2.3841,2.4935,4.4362,0.77296,2.4608,2.8731,1.2533,1.5814,4.2872,1.6984,2.0095,3.4504,6.2694,2.6886,2.0199,3.2437,2.9365,6.2287,0.76698,2.4512,2.8857,1.6592,1.6342,4.0842,1.4963,1.8701,3.1802,0.75171,2.4584,2.8648,2.1664,2.3461,4.9429,1.1526,2.561,3.0791,1.0076,1.9655,3.5026,0.52151,1.9804,3.2598,1.7038,2.008,3.4464,2.39,2.0836,4.2022,2.1526,2.1557,4.985,1.2872,1.7404,3.8085,0.68596,1.9791,2.7576,2.1527,2.161,4.9889,2.3272,2.1931,4.476,1.5689,2.3097,3.9643,4.2389,2.997,0.16733,1.9549,2.3484,3.9983,0.83421,1.9623,4.1196,1.19,2.5818,4.2237,3.5524,2.847,6.115,1.535,1.6202,3.2891,0.31136,2.2979,3.3911,5.1551,2.9801,1.0937,0.57046,2.7781,3.2697,1.2769,2.509,2.9873,2.1434,2.1434,4.9686,1.4798,2.0906,4.3588,1.5253,1.6251,3.2916,1.3896,2.9287,3.3704,0.46837,2.4466,2.7428,0.91312,2.4525,2.9963,0.22437,2.6157,3.3404,1.6181,2.267,4.1328,0.46949,2.4429,2.7308,1.045,2.1809,3.6529,1.3932,1.8056,4.2907,0.32231,2.3023,3.402,1.5276,1.6166,3.2882,0.46262,2.4465,2.739,3.0095,2.8691,5.9322,1.9974,2.5918,4.0317,1.9793,2.1816,4.595,2.6081,2.7739,5.2469,1.8913,1.9576,3.8971,1.2964,1.8038,3.6925,2.1492,2.1506,4.9778,1.3997,2.6487,4.0034,1.0799,3.0846,2.9193,4.7053,2.9769,0.42608,1.2598,2.6868,4.3334,1.9078,1.9544,3.8901,1.2542,2.6381,2.8731,0.39491,2.768,2.9932,0.95116,2.8914,4.1428,0.59171,2.525,2.594,0.69368,1.9494,2.977,0.54978,2.3982,3.4241,1.569,2.1768,4.2371,1.2846,2.693,4.3585,0.62101,1.9568,3.0999,1.9819,1.8875,3.8148,1.1935,1.8422,3.6509,2.4266,2.7143,4.9363,1.3766,1.5362,4.1642,1.3861,2.157,3.1724,0.63282,1.9591,3.0991,0.46859,2.4473,2.576,1.6193,2.2666,4.1376,2.4334,2.7136,4.9528,0.62806,1.9611,3.0942,1.5696,1.7152,3.3303,0.53586,3.0414,2.4438,0.58436,2.5248,2.5905,2.9236,2.7451,5.9088,6.1849,2.8695,2.5569,4.6834,2.9819,0.40046,2.3337,2.3973,3.7347,0.94144,3.076,3.7314,1.4219,2.2729,3.5473,0.87775,3.0758,3.6668,2.3648,2.2366,3.7985,1.1915,1.8362,3.6487,2.4264,2.3405,4.5627,2.5715,2.6349,4.0319,1.2739,2.6825,4.3468,1.8909,1.9483,3.8953,1.1363,2.7821,3.6602,2.4316,2.4799,5.0645,1.5971,2.6114,3.3079,2.167,2.1918,4.103,0.78729,1.9073,3.3685,2.3378,2.4091,3.7405,2.333,2.4099,3.7338,2.1944,1.9032,4.9162,2.6376,2.2878,4.7913,2.362,2.241,3.8023,1.3821,1.5919,3.839,2.4279,2.7131,4.946,1.8913,1.9519,3.8967,0.77864,2.1393,3.9769,1.5994,1.826,4.2566,2.4388,2.7156,4.9593,1.4466,2.3854,3.2625,5.934,2.8844,2.2173,1.8557,1.7986,3.4857,1.957,3.0092,4.2759,2.0231,1.9546,4.7692,1.1117,2.5802,4.2845,1.8937,2.154,4.8638,1.6126,1.7871,3.965,1.6052,2.0126,3.386,1.0268,2.7602,3.573,0.92421,2.8236,3.8188,1.3917,2.4051,3.8508,1.1257,2.7853,3.6464,1.8328,1.7781,4.0906,0.91572,2.4602,2.7792,1.9165,2.0751,4.3938,0.09605,2.7906,2.8609,1.0816,1.958,4.2629,0.95657,2.3298,3.026,1.6387,2.3957,4.5886,0.97862,2.0805,2.8437,0.73991,1.9967,2.7417,1.6095,1.7858,3.9673,0.91965,2.458,2.7866,1.3758,1.5867,3.8381,2.7653,2.5867,4.6318,1.0856,2.1444,3.6219,1.1284,2.7879,3.6545,1.9765,1.9861,4.4824,1.0771,1.9606,4.2599,1.856,1.6515,3.4529,1.6635,2.4896,4.0007,2.1171,2.5494,4.9195,2.1473,2.3844,3.6991,1.2054,3.0687,3.4351,1.449,1.4682,4.2271,0.62751,2.9972,3.626,1.6226,1.7416,4.2297,0.74317,1.998,2.7418,0.69366,2.1948,3.9485,2.6841,2.6001,4.5372,1.9973,2.1247,3.4336,1.3913,2.907,3.543,1.0812,2.2044,3.6268,2.5347,2.0057,4.4777,1.4873,1.7324,4.4233,1.5971,2.5879,3.5797,2.0616,2.2987,4.0761,2.6996,2.3659,4.9985,0.45432,2.5308,2.968
1912.5,0.080681,76.425,4.1887,0.035649,261.74,1.5105,1.8339,4.1613,1.2785,2.2301,4.2282,1.2192,1.9824,4.2337,2.4869,2.6535,4.2985,0.85774,2.0525,4.2354,1.5181,2.4998,3.8929,3.0345,2.8396,5.8544,1.2133,1.9856,4.2358,1.7424,1.7015,4.2432,1.286,2.2297,4.2444,0.85095,2.0643,4.215,2.915,2.8339,4.518,5.6644,2.7588,1.4189,1.2608,2.8148,3.6447,0.9459,2.1477,3.0213,2.4914,2.0654,4.4659,1.4678,1.6692,3.908,0.66163,2.5833,3.8711,2.0113,1.7637,3.4843,1.0873,2.4324,3.0937,0.24941,2.2907,3.5299,1.7812,1.6746,3.3924,2.0871,2.8071,4.3899,1.7861,1.6773,3.3969,1.4725,1.6601,3.916,0.39432,2.144,3.1897,2.0513,2.3722,4.4057,1.4726,1.6746,3.2017,0.82472,1.8887,2.7585,3.0203,2.8419,5.8355,2.0117,1.7693,3.485,1.0125,2.7206,2.8912,1.8186,2.5873,4.0103,0.63474,1.8811,2.7905,1.0684,2.4384,3.0669,1.8995,1.9135,4.5018,1.6804,1.6829,3.8955,0.51085,2.1979,3.7526,1.1903,2.4548,3.7753,0.98801,2.0804,3.251,2.5714,2.3133,4.3233,2.0839,2.1704,4.6995,1.4814,1.6748,3.9195,1.8941,1.9201,4.501,1.4943,2.1835,3.2659,0.81201,2.1019,3.1663,2.4263,2.3824,4.334,1.9445,2.5952,4.8779,1.9204,2.5976,4.8554,2.5612,2.3131,4.3179,1.2902,2.498,3.9371,1.697,2.2354,4.3098,2.0494,3.05,3.9877,0.52571,2.4695,2.4975,1.5337,2.0631,4.6089,2.0689,3.0539,4.0094,0.37469,2.3825,3.4149,1.6597,1.6201,4.0797,0.70742,2.0377,3.0872,2.244,2.2496,4.6529,0.64906,2.6028,3.0269,0.9905,2.0849,3.2511,0.12272,2.8905,1.9613,2.0023,1.9955,4.6065,2.5625,2.3158,4.3201,2.6527,2.3273,5.1792,2.0845,2.7854,4.3886,1.0821,1.8335,3.9574,4.626,2.9753,0.51019,0.88133,2.1253,3.046,1.3101,2.0942,4.2823,1.0546,2.0943,3.49,2.2715,2.7407,4.5373,1.705,1.5944,4.1529,1.1639,2.5474,3.0827,0.75988,2.4339,3.7645,2.061,1.9139,3.7213,1.5875,2.4459,3.4585,1.6447,2.5339,3.6018,1.648,1.662,4.2492,2.06,2.788,4.5331,2.079,2.7869,4.5498,3.3758,2.7752,6.1343,1.7084,1.5895,4.1512,1.7147,2.004,3.4521,2.1038,2.9344,4.9008,1.1642,2.5507,3.0952,2.6304,2.4467,4.9783,1.0349,2.6078,4.0654,1.5907,2.4395,3.4611,1.1684,1.8058,4.0943,1.6617,1.6128,4.08,1.7114,2.0026,3.4468,0.27053,2.9407,3.3211,2.8901,2.2924,4.587,1.3147,1.9511,4.2073,1.2675,2.6714,3.3548,1.4496,2.4541,3.3391,1.8451,1.9714,3.7119,1.9462,2.363,3.9977,1.0853,2.2858,3.1825,2.5397,2.0399,5.1451,1.2469,2.6785,3.3283,1.4432,2.461,3.3313,0.29557,2.944,3.3416,0.67239,1.8193,2.8885,1.6947,2.0157,4.4396,1.4672,1.8471,4.1274,5.5089,2.8993,1.8248,0.81848,2.1182,2.7901,1.0304,2.6133,4.063,2.1703,2.5229,3.6226,2.6148,2.4354,4.9603,2.8226,2.699,4.5391,2.1548,2.5214,4.5249,2.3493,2.1056,4.2033,0.76834,2.0037,3.3398,0.36275,2.4649,2.9191,0.60466,2.1412,3.7136,2.3835,2.4875,4.439,0.78284,2.4591,2.8817,1.2526,1.5815,4.287,1.6972,2.0107,3.4502,6.2517,2.6884,2.0093,3.2568,2.9355,0.033414,0.77546,2.446,2.8988,1.6588,1.634,4.0827,1.4972,1.8726,3.1794,0.75535,2.4559,2.8711,2.1656,2.3452,4.9379,1.1564,2.5606,3.0832,1.0097,1.9662,3.5021,0.51723,1.9811,3.261,1.7052,2.0081,3.4447,2.3915,2.0851,4.2044,2.1565,2.1561,4.987,1.2862,1.7353,3.8118,0.68725,1.9798,2.7585,2.1569,2.1635,4.992,2.3307,2.1965,4.4826,1.5697,2.3174,3.965,4.2531,2.9923,0.1795,1.9549,2.3531,3.9995,0.8326,1.9614,4.1204,1.1965,2.5857,4.2275,3.5667,2.8442,6.1293,1.5361,1.6214,3.2903,0.30653,2.2981,3.3838,5.1607,2.9757,1.0985,0.57633,2.7754,3.2767,1.2815,2.51,2.9912,2.1446,2.1399,4.9641,1.4818,2.0889,4.3624,1.5253,1.6263,3.2935,1.3937,2.928,3.3725,0.47583,2.4452,2.7528,0.90936,2.4517,2.9958,0.22518,2.6149,3.3401,1.6206,2.2715,4.136,0.47893,2.441,2.7384,1.0436,2.1856,3.65,1.3927,1.8045,4.2899,0.32144,2.3037,3.3994,1.5271,1.6161,3.2888,0.46934,2.4448,2.7486,3.0207,2.8686,5.9455,1.9935,2.5894,4.0303,1.9828,2.183,4.5978,2.5974,2.7733,5.2358,1.8919,1.9542,3.8941,1.2971,1.7984,3.6944,2.1517,2.1491,4.9763,1.3986,2.6448,4.001,1.0682,3.0841,2.9063,4.7101,2.9731,0.4298,1.2616,2.688,4.3338,1.9094,1.9524,3.8919,1.2579,2.6388,2.8771,0.40942,2.7655,3.0103,0.95614,2.892,4.1474,0.59969,2.5266,2.5998,0.69194,1.9559,2.9711,0.55047,2.3994,3.4215,1.5696,2.177,4.2407,1.2958,2.6957,4.3678,0.61554,1.9601,3.0925,1.9831,1.8835,3.8133,1.1935,1.84,3.6534,2.4119,2.7105,4.9174,1.3761,1.5412,4.1608,1.3843,2.1572,3.1713,0.63084,1.9635,3.0918,0.47192,2.4461,2.5798,1.6217,2.2718,4.1415,2.4221,2.7098,4.9399,0.62474,1.9658,3.0855,1.5717,1.7153,3.3315,0.5423,3.0421,2.4475,0.58908,2.5263,2.5938,2.9308,2.7456,5.9179,6.1902,2.8719,2.5647,4.6849,2.9788,0.4002,2.329,2.3929,3.7272,0.96801,3.0735,3.7611,1.4148,2.2803,3.5407,0.89117,3.0743,3.6832,2.3634,2.236,3.794,1.1912,1.8316,3.6507,2.4266,2.3417,4.5644,2.5673,2.6382,4.0331,1.2791,2.682,4.3507,1.891,1.9422,3.8914,1.1411,2.7763,3.6642,2.4245,2.4776,5.0535,1.5938,2.6076,3.3118,2.1664,2.1938,4.1037,0.78712,1.9094,3.3669,2.334,2.4088,3.7355,2.3269,2.4092,3.7257,2.1984,1.9094,4.9221,2.6346,2.2868,4.7908,2.3605,2.2417,3.7993,1.3825,1.594,3.8407,2.4134,2.7098,4.9292,1.8918,1.9472,3.8933,0.77831,2.1382,3.9834,1.5987,1.8227,4.2559,2.429,2.7128,4.9483,1.4472,2.384,3.2632,5.9369,2.8859,2.222,1.8546,1.7979,3.4896,1.9502,3.0031,4.267,2.0269,1.9565,4.7757,1.1167,2.5806,4.2897,1.8983,2.1552,4.8649,1.6124,1.7807,3.9644,1.6054,2.0137,3.3833,1.0327,2.7539,3.5776,0.92965,2.8202,3.8228,1.3971,2.4109,3.8537,1.1275,2.7803,3.6462,1.8306,1.7703,4.0893,0.91697,2.4598,2.7818,1.9191,2.0777,4.3973,0.10648,2.7881,2.871,1.0796,1.9568,4.2637,0.96026,2.3271,3.0326,1.6412,2.3959,4.5895,0.97828,2.0775,2.8472,0.7385,1.9955,2.7413,1.6084,1.7791,3.9668,0.92195,2.4571,2.7917,1.3738,1.5865,3.8388,2.7631,2.5854,4.63,1.0858,2.1472,3.6197,1.132,2.7827,3.6573,1.9767,1.9858,4.4846,1.0744,1.9597,4.2602,1.8572,1.6518,3.4539,1.664,2.4928,4.0013,2.1193,2.5475,4.9184,2.1441,2.3859,3.6945,1.2143,3.0664,3.4431,1.4501,1.4691,4.225,0.63031,2.9962,3.6302,1.6219,1.7372,4.2282,0.7426,1.9978,2.7416,0.69512,2.1949,3.9504,2.6822,2.599,4.5372,1.9996,2.1232,3.4315,1.3947,2.9006,3.5452,1.0809,2.2094,3.6233,2.536,2.0083,4.4813,1.4857,1.7313,4.4235,1.5924,2.5862,3.579,2.0611,2.3031,4.0778,2.6956,2.3629,4.9937,0.45864,2.5306,2.9725
1912.5,0.080681,76.425,4.1887,0.044561,273.44,1.5072,1.8328,4.1581,1.2788,2.2314,4.2299,1.2161,1.9809,4.234,2.484,2.6511,4.2977,0.85758,2.0503,4.2399,1.5176,2.504,3.8929,3.0422,2.8396,5.8647,1.2092,1.9844,4.2365,1.741,1.697,4.2418,1.2882,2.2305,4.2497,0.84912,2.0649,4.215,2.9213,2.8335,4.5209,5.6526,2.7538,1.4063,1.2665,2.8067,3.6501,0.94293,2.1483,3.0207,2.4937,2.0695,4.4719,1.4665,1.6667,3.9089,0.66223,2.5869,3.8671,2.0128,1.764,3.4873,1.0903,2.4287,3.103,0.24302,2.2922,3.5205,1.7798,1.675,3.3938,2.0728,2.8018,4.3748,1.786,1.6792,3.3987,1.4716,1.6565,3.9187,0.39399,2.1469,3.1859,2.0556,2.3765,4.4106,1.4721,1.6769,3.2024,0.82296,1.8923,2.755,3.0237,2.8419,5.8412,2.0132,1.7714,3.4877,1.0144,2.7217,2.8947,1.8189,2.5872,4.0128,0.63575,1.8843,2.7887,1.0675,2.4365,3.0704,1.8999,1.9134,4.5042,1.6807,1.6795,3.8955,0.51119,2.197,3.7549,1.1895,2.4637,3.7726,0.98322,2.0858,3.2456,2.5787,2.3177,4.3327,2.0884,2.1761,4.7059,1.4824,1.6749,3.9222,1.8936,1.9211,4.5033,1.4953,2.1867,3.2653,0.80868,2.1083,3.1599,2.429,2.3856,4.3401,1.9441,2.5939,4.874,1.9155,2.5982,4.8482,2.566,2.3177,4.3266,1.2908,2.5012,3.9343,1.7,2.2367,4.3142,2.0469,3.0465,3.9837,0.5322,2.4695,2.5037,1.5309,2.0655,4.6094,2.0685,3.0507,4.0072,0.3697,2.3848,3.4086,1.6593,1.6174,4.0788,0.70645,2.0421,3.0837,2.2443,2.2522,4.6548,0.65484,2.5983,3.0349,0.98631,2.0908,3.2453,0.11909,2.8905,1.956,2.0051,1.9991,4.6121,2.5675,2.3211,4.3288,2.6459,2.3241,5.173,2.0696,2.7746,4.3738,1.0828,1.8287,3.961,4.6281,2.9682,0.51129,0.87954,2.1275,3.0434,1.3113,2.0928,4.2868,1.0541,2.0966,3.4887,2.26,2.7366,4.5245,1.7063,1.5927,4.1513,1.1696,2.5446,3.0869,0.76257,2.4363,3.7627,2.0629,1.9097,3.7164,1.5844,2.4482,3.4559,1.6402,2.5372,3.6005,1.6449,1.6576,4.2491,2.0463,2.7811,4.5186,2.0697,2.7797,4.5398,3.3832,2.7731,6.1408,1.7107,1.5864,4.1491,1.7183,2.0036,3.4518,2.0971,2.9335,4.8947,1.1692,2.549,3.1018,2.628,2.4466,4.9749,1.0379,2.6093,4.0652,1.5879,2.4405,3.4592,1.1635,1.8079,4.0922,1.662,1.6083,4.0787,1.7142,2.0019,3.4454,0.26597,2.9388,3.3176,2.8954,2.292,4.5935,1.3139,1.9511,4.2082,1.2724,2.6668,3.3637,1.4457,2.4532,3.3381,1.8464,1.9674,3.7082,1.9449,2.3704,3.9996,1.0821,2.2868,3.1807,2.5397,2.0373,5.1441,1.2483,2.6756,3.3329,1.4379,2.4615,3.3289,0.29795,2.943,3.3436,0.67086,1.8229,2.8813,1.6924,2.0125,4.4446,1.467,1.8424,4.1297,5.4995,2.8985,1.8164,0.81831,2.117,2.7929,1.0323,2.616,4.0619,2.1754,2.5227,3.6231,2.6077,2.4326,4.9515,2.829,2.697,4.5445,2.1524,2.5191,4.5221,2.3494,2.1067,4.2061,0.76857,2.0082,3.3366,0.37332,2.4621,2.93,0.60484,2.1415,3.7135,2.383,2.4817,4.4417,0.79278,2.4573,2.8903,1.2517,1.5816,4.2867,1.6958,2.0118,3.4498,6.2445,2.6879,1.9983,3.2698,2.9344,6.242,0.78348,2.4407,2.9116,1.6584,1.6337,4.0812,1.4981,1.875,3.1785,0.75882,2.4535,2.8773,2.1647,2.3443,4.9328,1.1601,2.5602,3.0871,1.012,1.967,3.5016,0.51282,1.9819,3.2623,1.7066,2.0081,3.4431,2.393,2.0867,4.2068,2.1604,2.1565,4.9891,1.2852,1.7304,3.815,0.68853,1.9805,2.7594,2.161,2.1658,4.995,2.3342,2.1997,4.4891,1.5705,2.3252,3.9656,4.2665,2.9876,0.1909,1.9549,2.3579,4.0008,0.83097,1.9605,4.1212,1.2031,2.5897,4.2312,3.581,2.8412,6.1434,1.5374,1.6227,3.2913,0.3017,2.2984,3.3764,5.1658,2.9713,1.1027,0.58219,2.7727,3.2838,1.2859,2.511,2.9949,2.1459,2.1365,4.96,1.4838,2.087,4.3659,1.5253,1.6275,3.2953,1.3976,2.9274,3.3744,0.48336,2.4436,2.7629,0.90589,2.4507,2.9956,0.22592,2.6139,3.3396,1.6232,2.276,4.1391,0.48829,2.4392,2.7461,1.0421,2.1902,3.6471,1.3923,1.8032,4.2889,0.32064,2.3051,3.397,1.5267,1.6156,3.2896,0.47609,2.4429,2.7582,3.0317,2.8681,5.9585,1.9899,2.5872,4.029,1.9864,2.1844,4.6006,2.5864,2.7727,5.2244,1.8925,1.9507,3.8913,1.298,1.7929,3.6963,2.1541,2.1475,4.9748,1.3976,2.6411,3.9986,1.0563,3.0838,2.8931,4.7149,2.9693,0.4335,1.2634,2.689,4.3342,1.9111,1.9504,3.8937,1.2616,2.6397,2.8811,0.42368,2.763,3.027,0.96117,2.8924,4.1519,0.60767,2.5282,2.6056,0.69026,1.9622,2.9654,0.55121,2.4006,3.4191,1.5702,2.1773,4.2442,1.307,2.6982,4.3769,0.61004,1.9633,3.0849,1.9842,1.8796,3.8117,1.1935,1.8376,3.6561,2.3976,2.7066,4.8986,1.3755,1.5461,4.1572,1.3825,2.1572,3.1701,0.62883,1.9678,3.0846,0.47529,2.4447,2.5837,1.6244,2.277,4.1456,2.4109,2.7059,4.9271,0.62133,1.9706,3.0766,1.5737,1.7154,3.3328,0.54886,3.0427,2.4512,0.59371,2.528,2.5969,2.9381,2.746,5.9273,6.1958,2.8742,2.573,4.6865,2.9757,0.40015,2.3242,2.3887,3.7197,0.9924,3.0709,3.7886,1.4076,2.2877,3.5339,0.90372,3.0729,3.6986,2.362,2.2355,3.7896,1.1908,1.827,3.6529,2.4269,2.343,4.5661,2.5631,2.6414,4.0345,1.2842,2.6815,4.3543,1.8911,1.936,3.8876,1.1456,2.7706,3.668,2.4174,2.4753,5.0427,1.5906,2.604,3.3158,2.1659,2.1959,4.1045,0.78686,1.9114,3.365,2.3303,2.4085,3.7304,2.3209,2.4084,3.7174,2.2024,1.9155,4.928,2.6317,2.2858,4.7905,2.3588,2.2425,3.7963,1.3828,1.5962,3.8425,2.399,2.7065,4.9125,1.8922,1.9425,3.8898,0.77801,2.1371,3.99,1.5979,1.8193,4.255,2.4193,2.7098,4.9374,1.4476,2.3827,3.2638,5.9398,2.8874,2.2268,1.8534,1.7972,3.4935,1.9437,2.9968,4.2584,2.0308,1.9585,4.782,1.1217,2.581,4.2948,1.9029,2.1565,4.8658,1.6123,1.7744,3.9637,1.6057,2.0148,3.3807,1.038,2.7478,3.5817,0.93477,2.817,3.8264,1.4024,2.4165,3.8568,1.1293,2.7754,3.646,1.8283,1.7625,4.0881,0.9182,2.4594,2.7845,1.9219,2.0804,4.4009,0.11705,2.7854,2.8813,1.0777,1.9557,4.2646,0.96373,2.3243,3.0389,1.6437,2.3961,4.5905,0.97785,2.0747,2.8506,0.73715,1.9941,2.741,1.6071,1.7724,3.9663,0.92415,2.4562,2.7967,1.3716,1.5863,3.8396,2.7609,2.5841,4.6284,1.0861,2.1501,3.6174,1.1355,2.7775,3.66,1.9769,1.9857,4.4869,1.0717,1.9588,4.2606,1.8586,1.6522,3.4551,1.6645,2.4959,4.0018,2.1216,2.5455,4.9171,2.141,2.3875,3.69,1.2236,3.064,3.4514,1.4511,1.4701,4.2228,0.63263,2.9952,3.634,1.6214,1.7328,4.2267,0.74207,1.9976,2.7415,0.69658,2.1951,3.9523,2.6803,2.5979,4.5373,2.0019,2.1217,3.4296,1.398,2.8941,3.5475,1.0804,2.2144,3.6197,2.5375,2.011,4.485,1.4842,1.7301,4.4238,1.5878,2.5847,3.5783,2.0606,2.3073,4.0795,2.6916,2.3599,4.9891,0.46292,2.5305,2.977
1912.5,0.080681,76.425,4.1887,0.053473,285.01,1.5039,1.8316,4.1549,1.2792,2.2326,4.2316,1.213,1.9793,4.2343,2.4812,2.649,4.2971,0.85739,2.0482,4.2442,1.5171,2.5082,3.8928,3.0499,2.8395,5.8748,1.2051,1.9831,4.2372,1.7397,1.6923,4.2405,1.2903,2.2313,4.255,0.8473,2.0655,4.2149,2.9276,2.8331,4.5239,5.641,2.7487,1.3941,1.2719,2.7988,3.6551,0.94004,2.1488,3.0203,2.496,2.0737,4.478,1.4651,1.6643,3.9098,0.6628,2.5905,3.8631,2.0143,1.7641,3.4901,1.0929,2.4249,3.1119,0.23653,2.2937,3.5109,1.7786,1.6752,3.3952,2.0593,2.7964,4.3603,1.786,1.6808,3.4004,1.4706,1.6528,3.921,0.39376,2.1498,3.1822,2.0597,2.3805,4.4154,1.4716,1.679,3.2029,0.82129,1.8958,2.7516,3.0273,2.842,5.8469,2.0147,1.7734,3.4903,1.0164,2.7228,2.8982,1.8192,2.5871,4.0152,0.63677,1.8875,2.7871,1.0666,2.4346,3.0738,1.9004,1.9132,4.5065,1.681,1.6762,3.8956,0.51158,2.1961,3.7572,1.1887,2.4723,3.7702,0.97847,2.0911,3.2403,2.5859,2.3219,4.3422,2.093,2.1816,4.7121,1.4835,1.6752,3.9247,1.8933,1.9221,4.5055,1.4963,2.1899,3.2647,0.80525,2.1147,3.1535,2.432,2.3888,4.3462,1.9439,2.5927,4.8699,1.9107,2.5988,4.8413,2.5709,2.3223,4.3357,1.2913,2.5044,3.9314,1.7031,2.2381,4.3186,2.0448,3.0429,3.9802,0.53857,2.4695,2.5099,1.5279,2.0679,4.6098,2.0686,3.0473,4.0055,0.36473,2.3869,3.4024,1.6589,1.6149,4.0779,0.70542,2.0464,3.0802,2.2445,2.2547,4.6567,0.66033,2.5938,3.0427,0.98211,2.0966,3.2395,0.11544,2.8904,1.9508,2.0078,2.003,4.6177,2.5727,2.3263,4.3378,2.6391,2.3207,5.1668,2.0555,2.7637,4.36,1.0833,1.8239,3.9647,4.6299,2.9611,0.5123,0.87777,2.1296,3.0409,1.3124,2.0914,4.2913,1.0536,2.0988,3.4873,2.2491,2.7324,4.5124,1.7074,1.591,4.1499,1.175,2.542,3.091,0.76521,2.4387,3.7609,2.0649,1.9056,3.7116,1.5812,2.4504,3.4537,1.6357,2.5404,3.5994,1.6417,1.6532,4.2489,2.0332,2.774,4.5043,2.0608,2.7726,4.5302,3.3907,2.7711,6.1475,1.713,1.5831,4.147,1.722,2.0031,3.4516,2.0907,2.9327,4.8889,1.1741,2.5474,3.108,2.6258,2.4466,4.9714,1.041,2.6107,4.0649,1.5852,2.4415,3.4574,1.1584,1.8096,4.0902,1.6624,1.6041,4.0776,1.7168,2.0013,3.4441,0.26142,2.937,3.3139,2.9007,2.2915,4.5999,1.3133,1.9511,4.2091,1.277,2.6622,3.3723,1.4417,2.4525,3.3371,1.8476,1.9633,3.7045,1.9436,2.3777,4.0015,1.0788,2.2877,3.179,2.5397,2.0348,5.1431,1.2497,2.6726,3.3375,1.4325,2.4619,3.3266,0.30049,2.942,3.3457,0.66926,1.8264,2.8741,1.69,2.0091,4.4494,1.4667,1.8378,4.1319,5.4897,2.8976,1.8078,0.81811,2.1161,2.7955,1.034,2.6187,4.0607,2.1805,2.5226,3.6236,2.6007,2.4295,4.9425,2.8356,2.695,4.55,2.1503,2.517,4.5195,2.3495,2.1081,4.2092,0.76867,2.0127,3.333,0.38388,2.4593,2.941,0.60501,2.1418,3.7134,2.3824,2.476,4.4446,0.80278,2.4556,2.899,1.2507,1.5817,4.2862,1.6944,2.0129,3.4495,6.2348,2.6875,1.987,3.2827,2.9333,4.8968,0.79104,2.4355,2.9239,1.658,1.6333,4.0798,1.4991,1.8773,3.1776,0.76209,2.4512,2.8832,2.1638,2.3432,4.9276,1.1638,2.5599,3.091,1.0141,1.9677,3.5011,0.50828,1.9826,3.2635,1.708,2.008,3.4415,2.3946,2.0883,4.2093,2.1643,2.1568,4.9908,1.2841,1.7255,3.8182,0.6898,1.981,2.7604,2.1651,2.168,4.9977,2.3379,2.2029,4.4957,1.5713,2.3327,3.9661,4.2791,2.9828,0.20164,1.955,2.3629,4.0021,0.82935,1.9596,4.1218,1.2097,2.5938,4.235,3.595,2.8381,6.1574,1.5385,1.6239,3.2923,0.29689,2.2986,3.3691,5.1705,2.9667,1.1066,0.58799,2.77,3.2907,1.2903,2.5119,2.9986,2.1474,2.1331,4.9559,1.4856,2.085,4.3696,1.5253,1.6285,3.2971,1.4016,2.9268,3.3763,0.49092,2.4421,2.7731,0.90268,2.4496,2.9956,0.22655,2.613,3.3389,1.6258,2.2807,4.1425,0.49752,2.4376,2.7536,1.0406,2.195,3.6439,1.3919,1.8021,4.2879,0.31992,2.3063,3.3948,1.5263,1.615,3.2902,0.48287,2.4412,2.768,3.0426,2.8676,5.9714,1.9861,2.5851,4.0279,1.99,2.1856,4.6033,2.5752,2.7721,5.2127,1.893,1.947,3.8882,1.2988,1.7873,3.6982,2.1564,2.146,4.9734,1.3966,2.6373,3.9963,1.0443,3.0834,2.8798,4.7197,2.9652,0.43715,1.2653,2.69,4.3344,1.9127,1.9484,3.8954,1.2653,2.6404,2.8852,0.43764,2.7605,3.0435,0.96627,2.8926,4.1566,0.61561,2.5298,2.6113,0.68864,1.9684,2.9597,0.552,2.4017,3.4167,1.5707,2.1774,4.2477,1.3182,2.7004,4.3862,0.60452,1.9665,3.0773,1.9853,1.8757,3.8103,1.1934,1.8352,3.6586,2.3838,2.7026,4.8805,1.3748,1.5508,4.1535,1.3807,2.1572,3.169,0.62678,1.9721,3.0774,0.47867,2.4434,2.5878,1.627,2.2823,4.1497,2.3998,2.7018,4.9145,0.61786,1.9754,3.0677,1.5757,1.7154,3.334,0.55549,3.0433,2.4551,0.59822,2.5296,2.6,2.9456,2.7463,5.937,6.2018,2.8763,2.5816,4.6883,2.9726,0.4003,2.3197,2.3844,3.7123,1.0146,3.0683,3.814,1.4003,2.2951,3.5272,0.91536,3.0714,3.7132,2.3607,2.235,3.7852,1.1903,1.8222,3.655,2.4272,2.3443,4.5677,2.5588,2.6446,4.0358,1.2891,2.6812,4.358,1.8912,1.9297,3.8838,1.1499,2.765,3.6717,2.4107,2.4731,5.0321,1.5872,2.6004,3.3199,2.1654,2.198,4.1054,0.78657,1.9136,3.3632,2.3266,2.4082,3.7253,2.3149,2.4077,3.7092,2.2066,1.9215,4.9338,2.629,2.2848,4.7903,2.3572,2.2434,3.7933,1.3831,1.5982,3.8443,2.3848,2.7029,4.8961,1.8927,1.9378,3.8862,0.77774,2.1361,3.9966,1.597,1.816,4.2542,2.4098,2.7068,4.9265,1.4481,2.3815,3.2643,5.9427,2.8889,2.2315,1.8524,1.7966,3.4974,1.9374,2.9905,4.2501,2.0348,1.9605,4.7883,1.1267,2.5815,4.3,1.9075,2.1577,4.8668,1.6122,1.7683,3.9632,1.6061,2.0159,3.3782,1.0431,2.742,3.5855,0.93962,2.8138,3.8297,1.4077,2.4219,3.8599,1.1309,2.7706,3.6456,1.8261,1.7549,4.0869,0.91944,2.4591,2.7871,1.9245,2.0831,4.4046,0.12771,2.7827,2.8917,1.0757,1.9546,4.2654,0.96704,2.3218,3.0452,1.6463,2.3963,4.5916,0.97736,2.072,2.8539,0.73588,1.9928,2.7409,1.606,1.7658,3.9659,0.92624,2.4552,2.8017,1.3694,1.5861,3.8403,2.7589,2.5827,4.627,1.0864,2.1532,3.6151,1.1391,2.7723,3.6626,1.9771,1.9855,4.4892,1.069,1.9578,4.261,1.86,1.6524,3.4562,1.6649,2.499,4.0023,2.1238,2.5437,4.916,2.1378,2.3891,3.6853,1.2334,3.0616,3.4602,1.4521,1.4712,4.2208,0.63452,2.9942,3.6373,1.6209,1.7284,4.2253,0.74158,1.9973,2.7415,0.69805,2.1952,3.9542,2.6784,2.5969,4.5374,2.0042,2.1202,3.4277,1.4013,2.8875,3.5497,1.0799,2.2196,3.6159,2.539,2.0137,4.489,1.4827,1.7291,4.4242,1.5833,2.5832,3.5779,2.0602,2.3116,4.0813,2.6878,2.3571,4.9847,0.46719,2.5304,2.9814
1912.5,0.080681,76.425,4.1887,0.062385,296.54,1.5005,1.8303,4.1518,1.2797,2.234,4.2335,1.2099,1.9777,4.2345,2.4786,2.6467,4.2968,0.85714,2.0462,4.2485,1.5165,2.5122,3.8926,3.0575,2.8393,5.8851,1.2011,1.9818,4.2381,1.7384,1.6877,4.2392,1.2924,2.2319,4.2602,0.84551,2.0661,4.2149,2.9338,2.8327,4.5268,5.6299,2.7435,1.3823,1.2769,2.7909,3.6599,0.9372,2.1493,3.0198,2.4983,2.078,4.4842,1.4638,1.6619,3.9107,0.66331,2.594,3.8592,2.0157,1.7644,3.4929,1.0951,2.4214,3.1203,0.22992,2.2951,3.5012,1.7773,1.6754,3.3965,2.0464,2.791,4.3463,1.786,1.6825,3.4022,1.4698,1.6494,3.9233,0.39364,2.1525,3.1787,2.0636,2.3844,4.42,1.4711,1.6811,3.2035,0.81968,1.8991,2.7485,3.0308,2.842,5.8525,2.0163,1.7752,3.493,1.0184,2.7239,2.9017,1.8196,2.5872,4.0175,0.63781,1.8906,2.7856,1.0655,2.4327,3.0771,1.9009,1.913,4.5089,1.6812,1.6731,3.8957,0.51201,2.1953,3.7595,1.1881,2.4804,3.7679,0.97375,2.096,3.2351,2.5933,2.3259,4.3517,2.0976,2.1869,4.7183,1.4847,1.6756,3.9273,1.893,1.9232,4.5078,1.4974,2.193,3.264,0.80172,2.1212,3.147,2.4349,2.3918,4.3524,1.9436,2.5916,4.866,1.9061,2.5994,4.8342,2.576,2.3269,4.3448,1.2917,2.5076,3.9285,1.7062,2.2395,4.3232,2.043,3.0395,3.9769,0.54487,2.4696,2.5158,1.5248,2.0703,4.61,2.069,3.044,4.004,0.3598,2.389,3.3963,1.6586,1.6126,4.077,0.70434,2.0506,3.0767,2.2449,2.257,4.6584,0.66551,2.5894,3.0503,0.97792,2.1023,3.2339,0.1118,2.8902,1.9455,2.0109,2.0069,4.6235,2.5782,2.3317,4.3471,2.6325,2.3174,5.1605,2.0424,2.7528,4.3472,1.0839,1.8192,3.9683,4.6318,2.9538,0.51322,0.87603,2.1317,3.0385,1.3135,2.0901,4.2957,1.053,2.1012,3.4859,2.2385,2.7283,4.5007,1.7086,1.5893,4.1484,1.1805,2.5394,3.0949,0.76781,2.4411,3.759,2.0668,1.9016,3.7069,1.5782,2.4526,3.4515,1.6313,2.5434,3.5984,1.6385,1.649,4.2486,2.0205,2.7668,4.4905,2.0523,2.7654,4.5211,3.3984,2.769,6.1543,1.7153,1.5798,4.1449,1.7257,2.0027,3.4515,2.0845,2.9319,4.8834,1.1787,2.546,3.1139,2.6235,2.4465,4.968,1.0439,2.6121,4.0645,1.5824,2.4425,3.4558,1.1535,1.8113,4.0884,1.6626,1.6002,4.0764,1.7195,2.0007,3.4428,0.25687,2.9351,3.3103,2.9058,2.2909,4.6061,1.3126,1.951,4.21,1.2812,2.6579,3.3805,1.4378,2.4519,3.3363,1.8489,1.9593,3.7008,1.9424,2.3851,4.0035,1.0756,2.2885,3.1773,2.5397,2.0325,5.1423,1.251,2.6698,3.3421,1.4271,2.4624,3.3242,0.30317,2.9409,3.3481,0.6676,1.8299,2.8669,1.6875,2.0058,4.4542,1.4665,1.8332,4.1342,5.4799,2.8967,1.7989,0.81789,2.1151,2.798,1.0357,2.6215,4.0594,2.1856,2.5224,3.6241,2.5936,2.4265,4.9336,2.8422,2.6929,4.5556,2.1483,2.515,4.517,2.3497,2.1093,4.2123,0.76864,2.0173,3.3293,0.39439,2.4564,2.952,0.6052,2.142,3.7133,2.3819,2.4706,4.4475,0.81283,2.4537,2.9076,1.2498,1.582,4.2858,1.693,2.014,3.4491,6.2246,2.687,1.9756,3.2953,2.9321,6.1211,0.7981,2.4304,2.9359,1.6575,1.6329,4.0784,1.5,1.8797,3.1767,0.76518,2.4488,2.8889,2.1631,2.3421,4.9225,1.1674,2.5595,3.0948,1.0163,1.9685,3.5007,0.50361,1.9834,3.2648,1.7094,2.0078,3.4399,2.3964,2.09,4.2119,2.168,2.1571,4.9925,1.2829,1.7206,3.8214,0.69106,1.9816,2.7614,2.169,2.1702,5.0004,2.3416,2.2061,4.5023,1.5721,2.3402,3.9667,4.2911,2.978,0.21177,1.9551,2.3678,4.0034,0.82771,1.9587,4.1225,1.2163,2.5977,4.2389,3.609,2.835,6.1713,1.5398,1.6252,3.2935,0.2921,2.2987,3.3618,5.1746,2.9622,1.1101,0.5937,2.7671,3.2975,1.2945,2.5128,3.002,2.1489,2.1298,4.952,1.4874,2.0829,4.3731,1.5253,1.6296,3.299,1.4055,2.9262,3.3779,0.49851,2.4405,2.7834,0.89969,2.4485,2.996,0.22708,2.6122,3.3381,1.6285,2.2853,4.1459,0.50665,2.4358,2.7612,1.0391,2.1999,3.6407,1.3916,1.8009,4.2869,0.31926,2.3076,3.3925,1.5259,1.6144,3.2909,0.48964,2.4393,2.7777,3.0533,2.867,5.984,1.9825,2.5832,4.0267,1.9936,2.1868,4.606,2.5638,2.7714,5.2008,1.8936,1.9432,3.8852,1.2994,1.7817,3.7001,2.1587,2.1444,4.9721,1.3957,2.6336,3.994,1.032,3.0832,2.8664,4.7243,2.9613,0.44078,1.267,2.6908,4.3348,1.9145,1.9462,3.8971,1.2691,2.6412,2.8892,0.45125,2.758,3.0596,0.97145,2.8927,4.1613,0.62353,2.5315,2.617,0.68708,1.9745,2.9543,0.55285,2.4027,3.4145,1.5714,2.1773,4.2511,1.3293,2.7026,4.3954,0.59903,1.9697,3.0695,1.9866,1.8718,3.809,1.1933,1.8327,3.6613,2.3704,2.6987,4.8627,1.3739,1.5554,4.1497,1.3788,2.1571,3.1678,0.6247,1.9763,3.0702,0.48207,2.442,2.5917,1.6298,2.2877,4.1538,2.3889,2.6978,4.9019,0.61434,1.9802,3.0588,1.5777,1.7154,3.3353,0.56216,3.0439,2.459,0.60263,2.5313,2.603,2.9534,2.7466,5.9468,6.2081,2.8786,2.5906,4.6902,2.9694,0.40064,2.3151,2.3801,3.7048,1.035,3.0655,3.8373,1.3928,2.3024,3.5204,0.92619,3.0701,3.7269,2.3594,2.2346,3.7809,1.1898,1.8173,3.6573,2.4275,2.3455,4.5693,2.5546,2.6476,4.0371,1.2941,2.6808,4.3615,1.8914,1.9233,3.8799,1.1541,2.7595,3.675,2.4043,2.4709,5.0215,1.5839,2.5969,3.3241,2.1649,2.2002,4.1064,0.7862,1.9159,3.3612,2.3228,2.408,3.7202,2.3088,2.4069,3.701,2.2109,1.9274,4.9397,2.6262,2.2839,4.79,2.3557,2.2443,3.7904,1.3833,1.6002,3.8462,2.371,2.6992,4.8798,1.8932,1.9331,3.8828,0.77751,2.1349,4.003,1.5963,1.8126,4.2534,2.4004,2.7038,4.9158,1.4485,2.3804,3.2648,5.9456,2.8904,2.2363,1.8514,1.7961,3.5013,1.9315,2.9841,4.242,2.0388,1.9626,4.7946,1.1315,2.5819,4.305,1.9121,2.159,4.8676,1.6119,1.7623,3.9626,1.6065,2.0172,3.3757,1.0477,2.7363,3.5889,0.94419,2.8107,3.8328,1.413,2.4272,3.863,1.1325,2.7657,3.6452,1.8239,1.7474,4.0857,0.92068,2.4588,2.7898,1.9275,2.086,4.4084,0.13847,2.7798,2.9021,1.0737,1.9534,4.2662,0.97015,2.3194,3.0511,1.649,2.3967,4.5928,0.97679,2.0694,2.857,0.73467,1.9915,2.7408,1.6048,1.7594,3.9655,0.92823,2.4544,2.8065,1.3672,1.5857,3.8412,2.757,2.5815,4.6258,1.0866,2.1564,3.6127,1.1424,2.7671,3.6652,1.9774,1.9853,4.4916,1.0664,1.9568,4.2614,1.8613,1.6528,3.4574,1.6654,2.5018,4.0028,2.1261,2.5419,4.9148,2.1346,2.3907,3.6807,1.2435,3.0591,3.4693,1.4531,1.4724,4.2186,0.63598,2.9932,3.6402,1.6204,1.724,4.224,0.74112,1.9969,2.7415,0.69951,2.1955,3.9561,2.6767,2.5958,4.5378,2.0066,2.1186,3.4259,1.4046,2.8809,3.5519,1.0793,2.2249,3.612,2.5405,2.0166,4.4929,1.4813,1.728,4.4245,1.5789,2.5816,3.5775,2.0599,2.3158,4.0832,2.6842,2.3543,4.9804,0.47142,2.5304,2.9858
1912.5,0.080681,76.425,4.1887,0.071297,307.9,1.4973,1.8288,4.1487,1.2803,2.2351,4.2354,1.207,1.9759,4.2346,2.4762,2.6446,4.2966,0.85687,2.0443,4.2526,1.5159,2.5161,3.8925,3.0652,2.8391,5.8953,1.197,1.9803,4.2389,1.7371,1.683,4.2378,1.2943,2.2327,4.2654,0.84372,2.0667,4.2148,2.9399,2.8324,4.5297,5.619,2.7382,1.3708,1.2817,2.7831,3.6643,0.93441,2.1498,3.0194,2.5009,2.0823,4.4905,1.4624,1.6594,3.9116,0.6638,2.5975,3.8552,2.0172,1.7645,3.4957,1.0969,2.4179,3.1282,0.2232,2.2965,3.4914,1.7759,1.6755,3.398,2.0342,2.7856,4.3329,1.786,1.6842,3.4039,1.469,1.646,3.9256,0.39359,2.155,3.1754,2.0674,2.3879,4.4243,1.4705,1.683,3.2041,0.81814,1.9021,2.7456,3.0344,2.842,5.8581,2.0179,1.777,3.4956,1.0205,2.7249,2.9052,1.8199,2.5872,4.02,0.63887,1.8936,2.7842,1.0645,2.4308,3.0803,1.9014,1.9128,4.5112,1.6814,1.67,3.8958,0.51249,2.1943,3.762,1.1875,2.4881,3.766,0.96908,2.1009,3.23,2.6007,2.3299,4.3611,2.1022,2.192,4.7243,1.4858,1.6761,3.9299,1.8929,1.9243,4.5101,1.4984,2.1958,3.2633,0.79811,2.1275,3.1404,2.4379,2.3949,4.3587,1.9434,2.5907,4.862,1.9016,2.6001,4.8274,2.5811,2.3314,4.3543,1.2921,2.5107,3.9256,1.7094,2.241,4.3277,2.0414,3.0361,3.9739,0.55104,2.4697,2.5217,1.5216,2.0729,4.6101,2.0697,3.0406,4.0029,0.35492,2.3909,3.3904,1.6583,1.6103,4.0761,0.70319,2.0547,3.0732,2.2451,2.2593,4.6602,0.67042,2.5849,3.0578,0.97375,2.1077,3.2284,0.10818,2.8901,1.9404,2.0141,2.0111,4.6294,2.5837,2.337,4.3566,2.6259,2.314,5.1544,2.0303,2.742,4.3353,1.0844,1.8144,3.9719,4.6335,2.9465,0.51405,0.87431,2.1337,3.036,1.3146,2.0889,4.3,1.0522,2.1036,3.4843,2.2284,2.7242,4.4894,1.7098,1.5876,4.147,1.1856,2.5369,3.0985,0.77037,2.4437,3.757,2.0687,1.8976,3.7023,1.5751,2.4547,3.4494,1.627,2.5464,3.5975,1.6354,1.645,4.2484,2.0082,2.7595,4.477,2.0443,2.7582,4.5124,3.4063,2.7669,6.1613,1.7178,1.5765,4.1428,1.7294,2.0024,3.4514,2.0786,2.9311,4.878,1.1832,2.5446,3.1197,2.6213,2.4465,4.9645,1.0467,2.6136,4.064,1.5797,2.4435,3.4541,1.1485,1.8127,4.0866,1.6631,1.5964,4.0752,1.7223,2.0,3.4415,0.25237,2.9332,3.3067,2.9108,2.2901,4.6121,1.312,1.9509,4.211,1.2852,2.6537,3.3884,1.4339,2.4513,3.3354,1.8503,1.9553,3.6972,1.9412,2.3923,4.0056,1.0723,2.2894,3.1756,2.5397,2.0301,5.1414,1.2523,2.667,3.3466,1.4217,2.4631,3.3219,0.30598,2.9399,3.3506,0.66591,1.8333,2.8598,1.6848,2.0025,4.4587,1.4663,1.8286,4.1363,5.4697,2.8958,1.7898,0.81764,2.1142,2.8006,1.0373,2.6242,4.0579,2.1907,2.5224,3.6244,2.5867,2.4234,4.9248,2.849,2.6909,4.5612,2.1464,2.5131,4.5145,2.3498,2.1108,4.2156,0.76849,2.0221,3.3255,0.40482,2.4535,2.9629,0.60538,2.1422,3.7132,2.3813,2.4654,4.4505,0.82292,2.4519,2.9162,1.2488,1.5823,4.2852,1.6914,2.015,3.4488,6.2143,2.6863,1.9639,3.3077,2.9309,0.0024289,0.80467,2.4253,2.9474,1.6572,1.6322,4.077,1.5009,1.882,3.1759,0.7681,2.4466,2.8944,2.1624,2.3409,4.9173,1.171,2.5594,3.0985,1.0184,1.9693,3.5002,0.49883,1.9842,3.2663,1.7108,2.0076,3.4382,2.3982,2.0917,4.2146,2.1717,2.1573,4.9941,1.2817,1.716,3.8243,0.69231,1.982,2.7625,2.173,2.1722,5.0029,2.3452,2.2093,4.5089,1.573,2.3477,3.9674,4.3026,2.9731,0.22134,1.9552,2.3728,4.0049,0.82607,1.9578,4.1231,1.223,2.6017,4.2426,3.6228,2.8318,6.185,1.5409,1.6266,3.2946,0.28733,2.2988,3.3544,5.1784,2.9575,1.1132,0.5993,2.7642,3.3042,1.2987,2.5137,3.0053,2.1506,2.1266,4.9484,1.4891,2.0808,4.3767,1.5253,1.6306,3.3008,1.4092,2.9255,3.3796,0.50609,2.4388,2.7937,0.89691,2.4474,2.9965,0.22752,2.6113,3.3371,1.6312,2.2899,4.1494,0.51563,2.4341,2.7687,1.0374,2.2048,3.6374,1.3913,1.7997,4.2859,0.31866,2.3088,3.3904,1.5256,1.6137,3.2917,0.49636,2.4375,2.7873,3.0638,2.8663,5.9965,1.9789,2.5813,4.0257,1.9972,2.188,4.6087,2.5523,2.7706,5.1887,1.8942,1.9394,3.8822,1.3002,1.7761,3.702,2.1612,2.1428,4.9707,1.3949,2.63,3.9917,1.0196,3.083,2.8527,4.7289,2.9572,0.44437,1.2688,2.6917,4.335,1.9162,1.944,3.8988,1.2729,2.6421,2.8932,0.46446,2.7553,3.0753,0.97669,2.8927,4.1662,0.6314,2.5332,2.6226,0.68558,1.9804,2.9491,0.55376,2.4037,3.4124,1.5721,2.1772,4.2544,1.3405,2.7045,4.4046,0.59356,1.9727,3.0617,1.9877,1.868,3.8077,1.1933,1.8301,3.664,2.3575,2.6946,4.8455,1.3729,1.5597,4.1459,1.377,2.157,3.1668,0.62262,1.9805,3.0632,0.48547,2.4406,2.5957,1.6327,2.2931,4.1579,2.3783,2.6937,4.8896,0.61079,1.985,3.0499,1.5796,1.7153,3.3366,0.56878,3.0444,2.4629,0.60695,2.533,2.6058,2.9613,2.7467,5.9568,6.2148,2.8807,2.6,4.6922,2.9663,0.40114,2.3109,2.3758,3.6973,1.0533,3.0627,3.8588,1.3852,2.3097,3.5136,0.93612,3.0687,3.7398,2.3581,2.234,3.7765,1.1892,1.8123,3.6598,2.4277,2.3468,4.5709,2.5504,2.6507,4.0385,1.299,2.6806,4.365,1.8915,1.9169,3.8762,1.1582,2.754,3.6781,2.3982,2.4687,5.0112,1.5804,2.5935,3.3282,2.1644,2.2027,4.1074,0.78577,1.9182,3.3591,2.3191,2.4078,3.7149,2.3029,2.406,3.6927,2.2153,1.9331,4.9455,2.6235,2.283,4.79,2.3541,2.2453,3.7876,1.3835,1.602,3.8481,2.3574,2.6955,4.8637,1.8938,1.9283,3.8793,0.77731,2.1338,4.0096,1.5954,1.8093,4.2525,2.3912,2.7007,4.9053,1.4489,2.3795,3.2653,5.9485,2.8919,2.2411,1.8505,1.7955,3.5051,1.9258,2.9776,4.2342,2.0429,1.9646,4.8006,1.1364,2.5824,4.31,1.9167,2.1604,4.8685,1.6118,1.7564,3.962,1.6069,2.0186,3.3734,1.052,2.7308,3.592,0.94853,2.8076,3.8355,1.4182,2.4323,3.8662,1.1341,2.7611,3.6446,1.8216,1.74,4.0846,0.92192,2.4585,2.7924,1.9304,2.0889,4.4122,0.14929,2.7769,2.9125,1.0718,1.9524,4.2669,0.97308,2.317,3.057,1.6518,2.397,4.594,0.97616,2.0669,2.8599,0.73351,1.9902,2.7408,1.6037,1.7529,3.9652,0.93011,2.4535,2.8114,1.365,1.5854,3.842,2.7553,2.5803,4.6248,1.0867,2.1597,3.6101,1.1457,2.7619,3.6677,1.9776,1.9853,4.4941,1.0638,1.9558,4.2618,1.8628,1.653,3.4585,1.6657,2.5046,4.0034,2.1283,2.5401,4.9138,2.1314,2.3924,3.676,1.2539,3.0566,3.4788,1.4541,1.4735,4.2166,0.63705,2.9923,3.6426,1.6202,1.7195,4.2226,0.74069,1.9966,2.7416,0.70097,2.1957,3.958,2.6749,2.5947,4.5383,2.0091,2.117,3.4242,1.4077,2.8741,3.5542,1.0785,2.2302,3.608,2.5421,2.0195,4.497,1.4797,1.727,4.4248,1.5747,2.5801,3.5773,2.0596,2.3201,4.085,2.6808,2.3516,4.9763,0.47562,2.5304,2.9901
1912.5,0.080681,76.425,4.1887,0.08021,319.27,1.494,1.8273,4.1457,1.281,2.2364,4.2375,1.204,1.9742,4.2348,2.4738,2.6424,4.2966,0.85655,2.0425,4.2567,1.5154,2.52,3.8923,3.073,2.8387,5.9054,1.193,1.9788,4.2398,1.7358,1.6784,4.2364,1.2963,2.2334,4.2706,0.84198,2.0672,4.2148,2.9461,2.832,4.5326,5.6084,2.7329,1.3598,1.2862,2.7754,3.6684,0.93167,2.1502,3.019,2.5034,2.0865,4.4968,1.461,1.657,3.9126,0.66424,2.6009,3.8511,2.0187,1.7646,3.4984,1.0982,2.4146,3.1357,0.21636,2.2979,3.4813,1.7746,1.6755,3.3992,2.0225,2.7803,4.3202,1.7861,1.6856,3.4057,1.4682,1.6428,3.9278,0.39365,2.1575,3.1721,2.0709,2.3912,4.4285,1.47,1.6849,3.2046,0.81667,1.905,2.743,3.0379,2.8421,5.8637,2.0195,1.7786,3.4981,1.0227,2.7258,2.9087,1.8203,2.5874,4.0224,0.63994,1.8963,2.783,1.0633,2.429,3.0834,1.9019,1.9125,4.5137,1.6817,1.667,3.896,0.51303,2.1933,3.7645,1.187,2.4952,3.7643,0.96448,2.1055,3.2251,2.608,2.3338,4.3703,2.1068,2.1968,4.7302,1.4871,1.6767,3.9324,1.8928,1.9254,4.5126,1.4995,2.1987,3.2626,0.7944,2.1339,3.134,2.441,2.3978,4.3649,1.9432,2.5899,4.8579,1.8972,2.6006,4.8206,2.5866,2.336,4.3639,1.2925,2.5138,3.9228,1.7127,2.2425,4.3322,2.04,3.0327,3.9711,0.55713,2.4699,2.5276,1.5182,2.0755,4.6101,2.0704,3.0373,4.0019,0.35008,2.3927,3.3846,1.658,1.6081,4.0752,0.70202,2.0586,3.0698,2.2454,2.2616,4.6617,0.67504,2.5805,3.065,0.96962,2.1129,3.223,0.10463,2.8897,1.9354,2.0177,2.0154,4.6355,2.5893,2.3423,4.3664,2.6195,2.3107,5.1481,2.0189,2.7311,4.3242,1.0849,1.8097,3.9755,4.635,2.9392,0.51483,0.87261,2.1357,3.0337,1.3157,2.0877,4.3043,1.0515,2.1062,3.4828,2.2187,2.7201,4.4787,1.711,1.586,4.1456,1.1908,2.5345,3.102,0.77289,2.4461,3.755,2.0707,1.8938,3.6977,1.5722,2.4568,3.4474,1.6228,2.5492,3.5967,1.6322,1.641,4.2481,1.9964,2.752,4.4639,2.0366,2.751,4.504,3.4143,2.7647,6.1684,1.7202,1.5732,4.1406,1.7332,2.002,3.4514,2.0729,2.9303,4.873,1.1874,2.5432,3.1251,2.619,2.4465,4.9612,1.0495,2.615,4.0635,1.5771,2.4445,3.4526,1.1434,1.814,4.085,1.6636,1.5929,4.0741,1.725,1.9995,3.4403,0.24791,2.9314,3.3031,2.9158,2.2893,4.6179,1.3114,1.9508,4.2119,1.2888,2.6496,3.396,1.4301,2.4508,3.3345,1.8517,1.9512,3.6937,1.9401,2.3994,4.0078,1.0691,2.2903,3.174,2.5397,2.0279,5.1406,1.2536,2.6643,3.3512,1.4164,2.4637,3.3196,0.30889,2.9388,3.3532,0.66418,1.8366,2.8527,1.682,1.9992,4.4631,1.466,1.8241,4.1384,5.4595,2.8948,1.7807,0.81737,2.1133,2.803,1.0388,2.627,4.0565,2.1956,2.5222,3.6248,2.5799,2.4202,4.9159,2.8558,2.6887,4.5669,2.1446,2.5113,4.5122,2.3501,2.1123,4.219,0.7682,2.0269,3.3214,0.41515,2.4507,2.9737,0.60557,2.1425,3.7131,2.3808,2.4604,4.4534,0.833,2.45,2.9248,1.2477,1.5827,4.2845,1.6899,2.0159,3.4483,6.2038,2.6856,1.9519,3.3198,2.9296,0.039492,0.81072,2.4203,2.9583,1.6567,1.6316,4.0756,1.5019,1.8845,3.1751,0.77082,2.4443,2.8996,2.1617,2.3396,4.9121,1.1745,2.5591,3.102,1.0206,1.97,3.4995,0.49393,1.9849,3.2678,1.7122,2.0072,3.4366,2.4001,2.0934,4.2173,2.1752,2.1575,4.9954,1.2804,1.7114,3.8272,0.69354,1.9824,2.7636,2.1768,2.1741,5.0052,2.3489,2.2124,4.5155,1.5738,2.3549,3.9679,4.3134,2.9683,0.23044,1.9553,2.378,4.0064,0.82443,1.957,4.1236,1.2297,2.6056,4.2464,3.6365,2.8286,6.1986,1.5422,1.628,3.2957,0.28263,2.2988,3.347,5.1817,2.9529,1.1159,0.60475,2.7613,3.3106,1.3028,2.5147,3.0085,2.1524,2.1235,4.945,1.4907,2.0784,4.3802,1.5253,1.6316,3.3027,1.4129,2.9249,3.381,0.51367,2.4372,2.8039,0.89432,2.4462,2.9973,0.22787,2.6105,3.336,1.6339,2.2945,4.1529,0.52447,2.4325,2.7762,1.0357,2.2098,3.634,1.391,1.7985,4.2848,0.31813,2.3099,3.3884,1.5252,1.613,3.2924,0.50306,2.4357,2.797,3.0741,2.8655,6.0088,1.9755,2.5796,4.0247,2.0007,2.189,4.6113,2.5405,2.7697,5.1763,1.8948,1.9355,3.8792,1.301,1.7704,3.7039,2.1635,2.1412,4.9693,1.394,2.6265,3.9893,1.0068,3.0828,2.8388,4.7333,2.953,0.44794,1.2706,2.6924,4.3353,1.918,1.9417,3.9005,1.2766,2.6429,2.8974,0.47725,2.7526,3.0907,0.98202,2.8926,4.171,0.63924,2.5349,2.6281,0.68416,1.9862,2.944,0.55475,2.4047,3.4103,1.5728,2.1769,4.2577,1.3514,2.7062,4.4137,0.58814,1.9757,3.0539,1.9888,1.8643,3.8065,1.1932,1.8273,3.6667,2.3453,2.6905,4.8289,1.3719,1.5638,4.142,1.3751,2.1568,3.1657,0.62052,1.9847,3.0562,0.48885,2.4392,2.5998,1.6357,2.2985,4.1621,2.3679,2.6895,4.8774,0.6072,1.9896,3.0411,1.5815,1.7151,3.3379,0.57538,3.0451,2.4667,0.61114,2.5348,2.6084,2.9695,2.7468,5.9669,6.2218,2.8828,2.6098,4.6943,2.9632,0.40184,2.3066,2.3716,3.6899,1.0701,3.0598,3.8784,1.3776,2.3168,3.5068,0.94534,3.0674,3.752,2.3568,2.2336,3.7723,1.1886,1.8072,3.6622,2.428,2.348,4.5723,2.546,2.6536,4.04,1.3039,2.6803,4.3683,1.8917,1.9104,3.8726,1.1621,2.7487,3.6811,2.3923,2.4665,5.0011,1.577,2.5903,3.3325,2.164,2.2051,4.1086,0.78529,1.9208,3.3569,2.3155,2.4075,3.7097,2.2969,2.4051,3.6845,2.2196,1.9386,4.9512,2.6208,2.2821,4.7899,2.3526,2.2462,3.7848,1.3837,1.6039,3.85,2.3441,2.6916,4.848,1.8944,1.9235,3.8759,0.77715,2.1326,4.016,1.5945,1.8059,4.2516,2.3822,2.6975,4.8949,1.4493,2.3785,3.2658,5.9513,2.8934,2.2459,1.8497,1.795,3.5088,1.9203,2.9711,4.2265,2.0471,1.9667,4.8067,1.1411,2.5828,4.315,1.9212,2.1618,4.8694,1.6117,1.7506,3.9615,1.6075,2.02,3.3711,1.0561,2.7256,3.5947,0.95263,2.8046,3.8379,1.4234,2.4372,3.8695,1.1355,2.7565,3.6439,1.8193,1.7327,4.0835,0.92316,2.4582,2.7951,1.9333,2.0918,4.4161,0.16018,2.7738,2.9229,1.0698,1.9513,4.2677,0.97582,2.3146,3.0626,1.6547,2.3974,4.5954,0.97547,2.0645,2.8626,0.73241,1.9888,2.7409,1.6026,1.7466,3.9648,0.93189,2.4526,2.8161,1.3626,1.5848,3.8429,2.7536,2.579,4.6238,1.0868,2.1631,3.6074,1.149,2.7566,3.67,1.9779,1.9852,4.4965,1.0612,1.9547,4.2624,1.8642,1.6533,3.4597,1.6662,2.5073,4.0039,2.1306,2.5383,4.9127,2.1282,2.3941,3.6713,1.2644,3.0539,3.4886,1.4551,1.4748,4.2145,0.63776,2.9913,3.6447,1.6199,1.7152,4.2213,0.74028,1.9962,2.7417,0.70242,2.1959,3.96,2.6733,2.5938,4.5388,2.0115,2.1155,3.4226,1.4109,2.8674,3.5564,1.0776,2.2356,3.6038,2.5438,2.0224,4.5014,1.4784,1.7261,4.4252,1.5705,2.5786,3.5772,2.0593,2.3243,4.087,2.6775,2.3491,4.9723,0.47977,2.5305,2.9943
1912.5,0.080681,76.425,4.1887,0.089122,330.4,1.4907,1.8257,4.1426,1.2818,2.2377,4.2396,1.2009,1.9724,4.2349,2.4717,2.6404,4.2967,0.8562,2.0408,4.2605,1.5149,2.5237,3.8922,3.0808,2.8383,5.9157,1.1892,1.9773,4.2406,1.7345,1.6736,4.235,1.2982,2.2341,4.2758,0.84024,2.0676,4.2148,2.952,2.8317,4.5356,5.5982,2.7274,1.3491,1.2902,2.768,3.6722,0.92896,2.1505,3.0187,2.506,2.0908,4.5034,1.4596,1.6545,3.9135,0.66463,2.6043,3.8471,2.0201,1.7647,3.501,1.0993,2.4113,3.1428,0.20944,2.2993,3.4712,1.7733,1.6754,3.4006,2.0115,2.7748,4.3081,1.7861,1.6871,3.4073,1.4676,1.6395,3.9299,0.39376,2.1598,3.169,2.0744,2.3943,4.4323,1.4694,1.6868,3.205,0.81524,1.9076,2.7405,3.0415,2.8421,5.8693,2.0212,1.7801,3.5006,1.0248,2.7269,2.9122,1.8207,2.5876,4.0248,0.64101,1.8991,2.7817,1.062,2.4271,3.0863,1.9023,1.9123,4.516,1.6819,1.6642,3.8961,0.51361,2.1923,3.767,1.1867,2.5021,3.7627,0.95993,2.11,3.2202,2.6152,2.3375,4.3795,2.1114,2.2015,4.736,1.4884,1.6772,3.9349,1.8929,1.9266,4.515,1.5006,2.2013,3.2619,0.79063,2.1401,3.1275,2.4443,2.4007,4.3711,1.9431,2.5892,4.8538,1.8929,2.6012,4.8138,2.5921,2.3405,4.3737,1.2928,2.5169,3.9198,1.7161,2.244,4.3367,2.0388,3.0293,3.9686,0.56305,2.4701,2.5332,1.5147,2.0781,4.61,2.0715,3.0339,4.0012,0.34531,2.3944,3.379,1.6577,1.606,4.0744,0.70081,2.0624,3.0664,2.2456,2.2638,4.6631,0.67939,2.5761,3.0721,0.96553,2.118,3.2176,0.10115,2.8895,1.9304,2.0213,2.0197,4.6415,2.5951,2.3475,4.3762,2.6133,2.3072,5.1421,2.0083,2.7204,4.3139,1.0852,1.8049,3.9791,4.6364,2.9318,0.51555,0.87093,2.1377,3.0314,1.3169,2.0865,4.3084,1.0507,2.1087,3.4811,2.2093,2.7161,4.4683,1.7123,1.5843,4.1442,1.1958,2.5322,3.1053,0.77538,2.4485,3.7529,2.0727,1.89,3.6933,1.5693,2.4589,3.4454,1.6186,2.5518,3.5961,1.6289,1.6373,4.2479,1.9851,2.7445,4.4512,2.0293,2.7438,4.4962,3.4224,2.7625,6.1756,1.7227,1.5698,4.1385,1.737,2.0017,3.4514,2.0675,2.9296,4.8681,1.1914,2.542,3.1304,2.6168,2.4465,4.9577,1.052,2.6164,4.0629,1.5746,2.4457,3.4511,1.1383,1.8152,4.0834,1.664,1.5896,4.073,1.7278,1.9989,3.4391,0.24352,2.9295,3.2994,2.9207,2.2882,4.6236,1.3108,1.9507,4.213,1.2923,2.6458,3.4032,1.4263,2.4505,3.3337,1.8531,1.9472,3.6902,1.9389,2.4064,4.0101,1.0658,2.2911,3.1725,2.5397,2.0257,5.1398,1.2549,2.6618,3.3557,1.4112,2.4643,3.3173,0.31191,2.9377,3.3559,0.66244,1.8399,2.8457,1.6789,1.9959,4.4673,1.4658,1.8197,4.1404,5.4492,2.8938,1.7714,0.81711,2.1124,2.8054,1.0401,2.6296,4.0549,2.2004,2.522,3.6249,2.5732,2.4168,4.9071,2.8627,2.6866,4.5726,2.1429,2.5096,4.51,2.3502,2.1139,4.2224,0.76777,2.0318,3.3172,0.42538,2.4478,2.9845,0.60575,2.1427,3.713,2.3802,2.4556,4.4565,0.84311,2.448,2.9334,1.2465,1.5832,4.2837,1.6882,2.0169,3.4479,6.1931,2.6848,1.9399,3.3317,2.9282,0.051218,0.8163,2.4154,2.9688,1.6564,1.6308,4.0742,1.5029,1.8868,3.1743,0.77339,2.442,2.9047,2.1611,2.3382,4.9069,1.178,2.559,3.1055,1.0227,1.9706,3.4991,0.48889,1.9856,3.2693,1.7136,2.0069,3.4349,2.4021,2.0951,4.2204,2.1787,2.1577,4.9967,1.2791,1.7068,3.83,0.69475,1.9827,2.7648,2.1806,2.1759,5.0073,2.3525,2.2154,4.5221,1.5747,2.3621,3.9684,4.3238,2.9633,0.23906,1.9555,2.3832,4.0079,0.82278,1.9562,4.1239,1.2364,2.6095,4.2502,3.6498,2.8253,6.2119,1.5435,1.6294,3.2969,0.27793,2.2988,3.3397,5.1846,2.948,1.1182,0.61004,2.7583,3.3168,1.3067,2.5156,3.0115,2.1544,2.1205,4.9417,1.4922,2.076,4.3837,1.5252,1.6326,3.3045,1.4165,2.9245,3.3824,0.5212,2.4355,2.8143,0.89189,2.4449,2.9981,0.22809,2.6097,3.3347,1.6368,2.2992,4.1565,0.53313,2.4308,2.7835,1.0339,2.2148,3.6305,1.3908,1.7973,4.2835,0.31764,2.3111,3.3864,1.5249,1.6123,3.2932,0.50967,2.4338,2.8065,3.0844,2.8648,6.021,1.972,2.578,4.0238,2.0043,2.1901,4.6138,2.5287,2.7688,5.1637,1.8953,1.9315,3.876,1.3017,1.7648,3.7058,2.1659,2.1396,4.9679,1.3933,2.6231,3.9871,0.99374,3.0827,2.8245,4.7377,2.9488,0.45144,1.2725,2.6931,4.3355,1.9197,1.9394,3.9021,1.2803,2.6437,2.9014,0.48957,2.7501,3.1054,0.98738,2.8924,4.176,0.64696,2.5366,2.6336,0.68279,1.9918,2.9391,0.55582,2.4055,3.4084,1.5735,2.1765,4.261,1.3623,2.7078,4.4228,0.58279,1.9787,3.046,1.99,1.8606,3.8053,1.193,1.8245,3.6696,2.3335,2.6865,4.8129,1.3706,1.5677,4.138,1.3731,2.1566,3.1645,0.61842,1.9887,3.0493,0.49219,2.4378,2.6037,1.6389,2.304,4.1663,2.3578,2.6853,4.8655,0.60363,1.9942,3.0324,1.5835,1.715,3.3392,0.58185,3.0456,2.4704,0.61522,2.5367,2.611,2.9778,2.7468,5.9773,6.2291,2.8849,2.6198,4.6965,2.9601,0.40264,2.3025,2.3673,3.6825,1.0851,3.0569,3.8963,1.37,2.3238,3.5,0.95356,3.0661,3.7631,2.3555,2.2332,3.7681,1.1879,1.8018,3.6647,2.4283,2.3492,4.5738,2.5418,2.6565,4.0414,1.3087,2.6801,4.3717,1.8919,1.9038,3.869,1.1658,2.7433,3.6839,2.3867,2.4644,4.9912,1.5735,2.587,3.3366,2.1637,2.2075,4.1099,0.78474,1.9233,3.3546,2.3118,2.4073,3.7043,2.291,2.4042,3.6761,2.224,1.9438,4.9568,2.6182,2.2812,4.7899,2.3511,2.2473,3.782,1.3839,1.6056,3.852,2.3312,2.6876,4.8325,1.895,1.9187,3.8724,0.77701,2.1313,4.0225,1.5937,1.8025,4.2507,2.3734,2.6943,4.8846,1.4496,2.3777,3.2661,5.9543,2.8949,2.2508,1.849,1.7946,3.5125,1.9151,2.9644,4.2192,2.0512,1.9688,4.8125,1.1459,2.5832,4.3199,1.9257,2.1632,4.8702,1.6116,1.745,3.9611,1.6081,2.0214,3.3689,1.0598,2.7206,3.5971,0.95656,2.8016,3.8401,1.4285,2.442,3.8728,1.137,2.752,3.6432,1.817,1.7256,4.0824,0.92442,2.458,2.7977,1.9365,2.095,4.42,0.17108,2.7705,2.9334,1.0678,1.9501,4.2684,0.97842,2.3124,3.0681,1.6576,2.3978,4.5968,0.97474,2.0622,2.8653,0.73135,1.9874,2.741,1.6015,1.7405,3.9645,0.93356,2.4518,2.8208,1.3603,1.5844,3.8437,2.7521,2.5778,4.6231,1.0869,2.1666,3.6048,1.1522,2.7514,3.6723,1.9781,1.9852,4.4989,1.0587,1.9535,4.2629,1.8657,1.6536,3.4609,1.6665,2.5097,4.0043,2.1329,2.5366,4.9116,2.125,2.3958,3.6665,1.2752,3.0513,3.4984,1.4561,1.4761,4.2124,0.63813,2.9904,3.6464,1.6198,1.7108,4.2201,0.7399,1.9958,2.7418,0.70385,2.1961,3.9619,2.6717,2.5927,4.5395,2.0139,2.114,3.421,1.414,2.8606,3.5587,1.0767,2.2411,3.5996,2.5455,2.0254,4.5057,1.477,1.7251,4.4256,1.5665,2.5772,3.5771,2.0591,2.3285,4.089,2.6743,2.3466,4.9685,0.48387,2.5306,2.9984
1912.5,0.080681,76.425,4.1887,0.098034,341.57,1.4874,1.8239,4.1397,1.2827,2.239,4.2418,1.198,1.9706,4.235,2.4697,2.6384,4.2969,0.85581,2.0391,4.2643,1.5144,2.5273,3.892,3.0886,2.8378,5.9258,1.1853,1.9756,4.2415,1.7332,1.6689,4.2336,1.3,2.2347,4.2809,0.83855,2.0681,4.2149,2.958,2.8313,4.5385,5.5883,2.7221,1.3388,1.2941,2.7607,3.6757,0.92631,2.1508,3.0184,2.5088,2.0951,4.5099,1.4581,1.6521,3.9144,0.66499,2.6076,3.8429,2.0216,1.7647,3.5037,1.1,2.4083,3.1494,0.20239,2.3007,3.4609,1.7719,1.6752,3.4019,2.001,2.7695,4.2965,1.7862,1.6885,3.4091,1.4668,1.6365,3.9318,0.39397,2.1621,3.1661,2.0777,2.3972,4.436,1.4688,1.6885,3.2054,0.81388,1.91,2.7382,3.0453,2.842,5.8749,2.023,1.7816,3.5031,1.027,2.7279,2.9157,1.8211,2.5879,4.0272,0.6421,1.9017,2.7807,1.0606,2.4253,3.0892,1.9028,1.912,4.5184,1.6821,1.6613,3.8964,0.51427,2.1912,3.7697,1.1864,2.5085,3.7614,0.95545,2.1142,3.2155,2.6225,2.3411,4.3886,2.1159,2.206,4.7416,1.4897,1.678,3.9373,1.8931,1.9279,4.5174,1.5017,2.204,3.2612,0.78678,2.1462,3.1211,2.4475,2.4036,4.3774,1.943,2.5887,4.8496,1.8889,2.6017,4.8073,2.5978,2.3449,4.3837,1.293,2.5198,3.9169,1.7195,2.2457,4.3412,2.0376,3.026,3.9661,0.56886,2.4703,2.5387,1.5111,2.0809,4.6098,2.0726,3.0305,4.0006,0.34059,2.3961,3.3735,1.6574,1.604,4.0736,0.69956,2.0661,3.0631,2.2459,2.2657,4.6645,0.68345,2.5717,3.079,0.9615,2.123,3.2125,0.097743,2.8891,1.9255,2.0251,2.0242,4.6476,2.601,2.3526,4.3863,2.6071,2.3039,5.1361,1.9986,2.7098,4.3044,1.0856,1.8002,3.9826,4.6378,2.9244,0.51622,0.86928,2.1396,3.0292,1.318,2.0855,4.3125,1.0498,2.1112,3.4793,2.2003,2.7121,4.4584,1.7136,1.5825,4.1428,1.2007,2.5299,3.1085,0.77784,2.4509,3.7508,2.0746,1.8862,3.6891,1.5664,2.4609,3.4436,1.6147,2.5544,3.5956,1.6258,1.6338,4.2476,1.9742,2.7368,4.439,2.0225,2.7366,4.4887,3.4305,2.7602,6.1828,1.7252,1.5665,4.1363,1.7409,2.0013,3.4515,2.0624,2.9288,4.8635,1.1953,2.5408,3.1354,2.6147,2.4465,4.9543,1.0546,2.6178,4.0622,1.5721,2.4468,3.4496,1.1332,1.8161,4.082,1.6645,1.5864,4.0718,1.7306,1.9984,3.438,0.23917,2.9277,3.2958,2.9256,2.2871,4.6291,1.3103,1.9505,4.214,1.2953,2.642,3.4102,1.4224,2.4502,3.333,1.8545,1.9431,3.6868,1.9379,2.4133,4.0124,1.0626,2.292,3.1709,2.5398,2.0236,5.1391,1.2562,2.6593,3.3602,1.4058,2.4649,3.3151,0.31499,2.9365,3.3587,0.66067,1.843,2.8388,1.6758,1.9927,4.4713,1.4656,1.8154,4.1422,5.4388,2.8927,1.762,0.81681,2.1117,2.8077,1.0415,2.6323,4.0531,2.2048,2.5217,3.6249,2.5666,2.4135,4.8985,2.8697,2.6844,4.5783,2.1412,2.508,4.5079,2.3505,2.1156,4.226,0.76721,2.0367,3.3128,0.43546,2.4449,2.9951,0.60594,2.1429,3.7129,2.3797,2.451,4.4594,0.85321,2.4461,2.9421,1.2453,1.5837,4.2829,1.6865,2.0177,3.4474,6.1822,2.6839,1.9276,3.3431,2.9268,0.06316,0.82136,2.4106,2.9786,1.6559,1.6301,4.0729,1.5038,1.8892,3.1735,0.77578,2.4399,2.9096,2.1606,2.3368,4.9016,1.1813,2.5589,3.1089,1.0247,1.9712,3.4984,0.48373,1.9862,3.2711,1.715,2.0063,3.4332,2.4041,2.0969,4.2234,2.182,2.1579,4.9978,1.2777,1.7024,3.8328,0.69594,1.983,2.7661,2.1842,2.1776,5.0093,2.3562,2.2183,4.5286,1.5755,2.3692,3.969,4.3337,2.9583,0.24729,1.9557,2.3885,4.0096,0.82114,1.9554,4.1242,1.2432,2.6134,4.254,3.6631,2.8219,6.2249,1.5448,1.631,3.2981,0.27332,2.2987,3.3324,5.1873,2.9431,1.1203,0.61514,2.7554,3.3229,1.3106,2.5164,3.0144,2.1564,2.1176,4.9388,1.4937,2.0735,4.3871,1.5252,1.6335,3.3063,1.42,2.9239,3.3837,0.5287,2.4337,2.8245,0.88962,2.4435,2.9992,0.22823,2.609,3.3333,1.6396,2.3038,4.1603,0.54163,2.4292,2.7908,1.0321,2.22,3.6269,1.3905,1.7961,4.2824,0.3172,2.3122,3.3846,1.5246,1.6116,3.2939,0.51621,2.432,2.816,3.0945,2.8641,6.0331,1.9687,2.5764,4.0231,2.0079,2.191,4.6164,2.5167,2.7678,5.1509,1.8958,1.9273,3.873,1.3024,1.7592,3.7076,2.1682,2.138,4.9666,1.3926,2.6198,3.985,0.98039,3.0826,2.81,4.7418,2.9446,0.45491,1.2743,2.6937,4.3358,1.9215,1.937,3.9038,1.2841,2.6445,2.9055,0.50144,2.7473,3.1197,0.9928,2.892,4.181,0.65462,2.5384,2.6389,0.68148,1.9971,2.9345,0.55697,2.4064,3.4066,1.5742,2.176,4.2642,1.373,2.7093,4.4318,0.57751,1.9816,3.0382,1.9911,1.857,3.8042,1.1928,1.8217,3.6725,2.3224,2.6825,4.7975,1.3693,1.5714,4.1339,1.3712,2.1564,3.1634,0.61632,1.9928,3.0425,0.4955,2.4363,2.6077,1.6422,2.3095,4.1705,2.348,2.681,4.8538,0.60007,1.9987,3.0238,1.5853,1.7147,3.3406,0.58825,3.0462,2.4741,0.61919,2.5386,2.6133,2.9863,2.7467,5.9878,6.2369,2.8868,2.6302,4.6987,2.9571,0.4036,2.2986,2.3631,3.6751,1.0986,3.0538,3.9126,1.3625,2.3304,3.4935,0.96105,3.0648,3.7735,2.3542,2.2327,3.764,1.1873,1.7965,3.6674,2.4285,2.3504,4.5752,2.5375,2.6594,4.0429,1.3134,2.6799,4.3749,1.8922,1.8972,3.8654,1.1695,2.738,3.6866,2.3814,2.4623,4.9814,1.5698,2.5841,3.3408,2.1634,2.2102,4.1113,0.78413,1.9259,3.3522,2.3082,2.4071,3.699,2.2852,2.4032,3.6678,2.2285,1.9489,4.9622,2.6157,2.2804,4.79,2.3495,2.2484,3.7793,1.3841,1.6074,3.854,2.3187,2.6836,4.8174,1.8956,1.9138,3.869,0.7769,2.13,4.029,1.5929,1.7992,4.2498,2.3647,2.6911,4.8744,1.4499,2.3771,3.2665,5.9573,2.8964,2.2557,1.8483,1.7941,3.5161,1.9101,2.9578,4.2121,2.0554,1.9708,4.8182,1.1505,2.5837,4.3248,1.9302,2.1646,4.8708,1.6114,1.7395,3.9606,1.6088,2.023,3.3668,1.0632,2.7158,3.5992,0.96027,2.7987,3.842,1.4335,2.4465,3.8762,1.1384,2.7476,3.6425,1.8146,1.7186,4.0814,0.92566,2.4577,2.8003,1.9396,2.098,4.4241,0.18203,2.7672,2.9438,1.0658,1.949,4.269,0.98082,2.3104,3.0733,1.6607,2.3982,4.5984,0.97394,2.0599,2.8677,0.73034,1.986,2.7411,1.6004,1.7343,3.9642,0.93513,2.451,2.8254,1.358,1.5837,3.8445,2.7506,2.5766,4.6225,1.0869,2.1703,3.602,1.1552,2.7462,3.6744,1.9784,1.9852,4.5014,1.0562,1.9523,4.2634,1.8673,1.6538,3.4622,1.6669,2.5121,4.0048,2.1352,2.5348,4.9105,2.1218,2.3976,3.6617,1.2862,3.0485,3.5085,1.4571,1.4774,4.2105,0.63819,2.9896,3.6479,1.6197,1.7065,4.2188,0.73953,1.9953,2.742,0.70528,2.1964,3.9637,2.6701,2.5917,4.5401,2.0164,2.1123,3.4195,1.4169,2.8539,3.5609,1.0757,2.2465,3.5953,2.5473,2.0284,4.5102,1.4756,1.7242,4.426,1.5626,2.5757,3.5772,2.0589,2.3326,4.091,2.6713,2.3443,4.9649,0.48792,2.5308,3.0025
1912.5,0.080681,76.425,4.1887,0.10695,352.38,1.4842,1.8222,4.1368,1.2837,2.2402,4.2442,1.195,1.9687,4.235,2.4678,2.6364,4.2972,0.85538,2.0376,4.268,1.5139,2.5308,3.8919,3.0964,2.8372,5.936,1.1814,1.9739,4.2424,1.7321,1.6642,4.2321,1.3018,2.2353,4.2861,0.83687,2.0686,4.215,2.9638,2.8309,4.5415,5.5788,2.7166,1.3289,1.2976,2.7536,3.6789,0.92369,2.1512,3.018,2.5115,2.0994,4.5166,1.4566,1.6496,3.9154,0.6653,2.6109,3.8387,2.0231,1.7647,3.5063,1.1004,2.4053,3.1556,0.19525,2.3019,3.4506,1.7706,1.675,3.4033,1.991,2.7641,4.2854,1.7863,1.6898,3.4109,1.4663,1.6335,3.9337,0.39425,2.1642,3.1633,2.0809,2.3998,4.4396,1.4682,1.6903,3.2058,0.81256,1.9124,2.7361,3.049,2.842,5.8806,2.0247,1.7831,3.5056,1.0292,2.729,2.9191,1.8216,2.5881,4.0296,0.6432,1.9042,2.7797,1.0592,2.4234,3.0919,1.9032,1.9117,4.5209,1.6823,1.6587,3.8966,0.51498,2.1901,3.7724,1.1862,2.5146,3.7603,0.95104,2.1183,3.2109,2.6296,2.3445,4.3974,2.1206,2.2103,4.7472,1.4911,1.6786,3.9398,1.8934,1.9291,4.5199,1.5028,2.2066,3.2605,0.78288,2.1523,3.1147,2.4508,2.4063,4.3837,1.9429,2.5882,4.8455,1.8849,2.6023,4.8008,2.6036,2.3495,4.394,1.2933,2.5229,3.9141,1.723,2.2473,4.3458,2.0366,3.0228,3.9637,0.57446,2.4706,2.5441,1.5074,2.0836,4.6094,2.0738,3.0271,4.0002,0.33596,2.3976,3.3681,1.6571,1.6021,4.0726,0.69829,2.0696,3.0599,2.2461,2.2677,4.6656,0.68725,2.5674,3.0858,0.95753,2.1277,3.2074,0.094427,2.8887,1.9208,2.0292,2.0286,4.6538,2.6071,2.3577,4.3966,2.6012,2.3006,5.1303,1.9895,2.6995,4.2957,1.086,1.7956,3.9862,4.6392,2.917,0.51695,0.86764,2.1416,3.027,1.3191,2.0844,4.3164,1.0488,2.1138,3.4775,2.1916,2.7082,4.4488,1.7148,1.5808,4.1414,1.2055,2.5278,3.1114,0.78027,2.4534,3.7486,2.0765,1.8826,3.6849,1.5636,2.4628,3.4419,1.6107,2.5569,3.5952,1.6226,1.6304,4.2473,1.9638,2.7291,4.427,2.0161,2.7294,4.4817,3.4387,2.7579,6.1901,1.7277,1.5631,4.1342,1.7448,2.001,3.4516,2.0575,2.9282,4.8591,1.1992,2.5398,3.1403,2.6126,2.4465,4.9509,1.0571,2.6192,4.0615,1.5697,2.4479,3.4482,1.1281,1.8169,4.0806,1.665,1.5834,4.0708,1.7333,1.9978,3.4369,0.23489,2.9258,3.2922,2.9303,2.286,4.6343,1.3098,1.9503,4.2151,1.2983,2.6385,3.417,1.4186,2.4499,3.3323,1.856,1.939,3.6836,1.9369,2.42,4.0148,1.0594,2.2927,3.1693,2.5397,2.0216,5.1383,1.2574,2.657,3.3648,1.4005,2.4655,3.3129,0.31814,2.9354,3.3617,0.6589,1.846,2.832,1.6726,1.9895,4.475,1.4653,1.8111,4.1441,5.4284,2.8916,1.7525,0.81651,2.1108,2.81,1.0426,2.6349,4.0513,2.2088,2.5213,3.6244,2.5603,2.4103,4.8899,2.8767,2.6821,4.584,2.1397,2.5064,4.5058,2.3507,2.1173,4.2297,0.76648,2.0417,3.3082,0.44543,2.4421,3.0055,0.60612,2.1432,3.7128,2.3791,2.4466,4.4623,0.86334,2.4441,2.9507,1.2441,1.5843,4.2819,1.6848,2.0186,3.4468,6.1713,2.6829,1.9152,3.3541,2.9254,0.0753,0.82599,2.4059,2.988,1.6554,1.6292,4.0716,1.5048,1.8914,3.1729,0.77804,2.4377,2.9144,2.1601,2.3353,4.8964,1.1846,2.5589,3.1123,1.0268,1.9718,3.4979,0.47828,1.9867,3.2729,1.7165,2.0058,3.4315,2.4063,2.0987,4.2265,2.1853,2.1579,4.9988,1.2761,1.6981,3.8354,0.69712,1.9833,2.7673,2.1878,2.1792,5.0112,2.3598,2.2212,4.535,1.5764,2.3762,3.9695,4.3432,2.9533,0.25516,1.956,2.3938,4.0113,0.8195,1.9548,4.1246,1.25,2.6174,4.2577,3.676,2.8186,6.2381,1.5461,1.6325,3.2993,0.26874,2.2986,3.3251,5.1896,2.9383,1.122,0.62005,2.7524,3.3286,1.3143,2.5174,3.0171,2.1585,2.1148,4.9359,1.495,2.0708,4.3906,1.5252,1.6343,3.3081,1.4235,2.9235,3.3849,0.53615,2.432,2.8348,0.8875,2.4423,3.0004,0.22825,2.6081,3.3317,1.6426,2.3085,4.164,0.54989,2.4276,2.7978,1.0301,2.2252,3.6232,1.3903,1.7949,4.281,0.3168,2.3132,3.3828,1.5242,1.6106,3.2947,0.52262,2.4302,2.8253,3.1044,2.8631,6.045,1.9654,2.575,4.0223,2.0114,2.192,4.6189,2.5047,2.7667,5.1379,1.8963,1.9231,3.8699,1.303,1.7536,3.7095,2.1707,2.1364,4.9654,1.392,2.6166,3.9829,0.96649,3.0826,2.7949,4.7458,2.9404,0.4583,1.2762,2.6943,4.3361,1.9234,1.9346,3.9055,1.2878,2.6455,2.9096,0.51278,2.7447,3.1333,0.99824,2.8915,4.186,0.66214,2.5402,2.6441,0.68025,2.0024,2.9301,0.55825,2.4071,3.4049,1.5751,2.1754,4.2674,1.3836,2.7106,4.4407,0.57231,1.9843,3.0305,1.9921,1.8534,3.8032,1.1926,1.8186,3.6753,2.3118,2.6785,4.7828,1.3679,1.5749,4.1298,1.3692,2.156,3.1623,0.61422,1.9967,3.0358,0.49871,2.4349,2.6116,1.6455,2.315,4.1746,2.3384,2.6768,4.8424,0.59654,2.003,3.0155,1.5872,1.7145,3.3418,0.5944,3.0467,2.4776,0.62303,2.5406,2.6156,2.9949,2.7466,5.9984,6.2445,2.8887,2.6408,4.7009,2.9542,0.40461,2.2947,2.3587,3.6677,1.1105,3.0508,3.9273,1.3549,2.3369,3.4869,0.96753,3.0638,3.7829,2.3531,2.2322,3.7599,1.1864,1.7911,3.6701,2.4289,2.3516,4.5766,2.5334,2.6621,4.0445,1.318,2.6798,4.3781,1.8924,1.8904,3.8619,1.173,2.7328,3.6891,2.3764,2.4603,4.9719,1.5662,2.5811,3.3448,2.163,2.2128,4.1128,0.78348,1.9286,3.3497,2.3047,2.4067,3.6936,2.2794,2.4022,3.6596,2.2328,1.9538,4.9675,2.6132,2.2795,4.79,2.348,2.2495,3.7766,1.3844,1.609,3.856,2.3065,2.6794,4.8027,1.8962,1.9089,3.8656,0.77682,2.1288,4.0353,1.592,1.7958,4.2488,2.3562,2.6879,4.8645,1.4503,2.3764,3.2669,5.9603,2.8979,2.2607,1.8478,1.7938,3.5196,1.9054,2.951,4.2052,2.0595,1.9729,4.8238,1.1552,2.5841,4.3295,1.9346,2.1661,4.8716,1.6113,1.7342,3.9602,1.6094,2.0245,3.3648,1.0665,2.7111,3.6011,0.96379,2.796,3.8437,1.4384,2.4509,3.8796,1.1397,2.7433,3.6416,1.8124,1.7118,4.0804,0.92691,2.4575,2.8029,1.9428,2.1011,4.4281,0.19297,2.7638,2.9542,1.0638,1.9479,4.2696,0.98309,2.3084,3.0784,1.6638,2.3986,4.6,0.97311,2.0578,2.8701,0.72938,1.9847,2.7413,1.5993,1.7284,3.9639,0.9366,2.4503,2.8299,1.3555,1.5831,3.8454,2.7491,2.5754,4.6221,1.0869,2.174,3.599,1.1582,2.7411,3.6764,1.9787,1.9853,4.5039,1.0537,1.9512,4.264,1.8688,1.6541,3.4633,1.6673,2.5146,4.0052,2.1375,2.5331,4.9095,2.1187,2.3994,3.657,1.2972,3.0458,3.5187,1.4581,1.4788,4.2085,0.63793,2.9887,3.6489,1.6197,1.7022,4.2177,0.73918,1.9948,2.7421,0.70668,2.1967,3.9656,2.6686,2.5907,4.5411,2.019,2.1107,3.418,1.4198,2.8471,3.5631,1.0746,2.252,3.591,2.5491,2.0315,4.5148,1.4744,1.7234,4.4264,1.5587,2.5743,3.5773,2.0587,2.3367,4.0931,2.6685,2.342,4.9614,0.49191,2.5311,3.0064
1912.5,0.080681,76.425,4.1887,0.11586,363.25,1.4811,1.8203,4.1339,1.2849,2.2415,4.2466,1.1921,1.9668,4.235,2.4659,2.6345,4.2978,0.85493,2.0361,4.2715,1.5133,2.5343,3.8917,3.1043,2.8365,5.9463,1.1776,1.9721,4.2433,1.7309,1.6594,4.2306,1.3035,2.2359,4.2911,0.83523,2.0691,4.2151,2.9696,2.8305,4.5444,5.5696,2.711,1.3194,1.3009,2.7468,3.6817,0.92111,2.1514,3.0178,2.5144,2.1037,4.5232,1.4551,1.6473,3.9163,0.66558,2.614,3.8346,2.0245,1.7647,3.5089,1.1004,2.4026,3.1615,0.188,2.3032,3.44,1.7693,1.6748,3.4046,1.9816,2.7589,4.275,1.7864,1.6911,3.4126,1.4656,1.6306,3.9356,0.3946,2.1663,3.1606,2.0839,2.4024,4.4429,1.4676,1.6919,3.2063,0.8113,1.9145,2.7342,3.0528,2.842,5.8864,2.0266,1.7844,3.5082,1.0314,2.73,2.9224,1.8222,2.5885,4.0322,0.64429,1.9067,2.7789,1.0577,2.4217,3.0945,1.9038,1.9115,4.5233,1.6824,1.6561,3.8968,0.51579,2.1889,3.7753,1.1862,2.5203,3.7595,0.9467,2.1223,3.2064,2.6367,2.3479,4.4061,2.1251,2.2144,4.7526,1.4926,1.6793,3.9422,1.8937,1.9304,4.5223,1.5039,2.209,3.2597,0.77893,2.1583,3.1085,2.4542,2.4089,4.39,1.9428,2.5879,4.8412,1.881,2.6029,4.7943,2.6095,2.3539,4.4043,1.2935,2.5258,3.9112,1.7266,2.249,4.3503,2.0356,3.0195,3.9615,0.57991,2.4708,2.5494,1.5036,2.0865,4.6088,2.0751,3.0235,3.9998,0.33139,2.399,3.363,1.6569,1.6003,4.0718,0.69701,2.073,3.0566,2.2462,2.2696,4.6668,0.69076,2.563,3.0923,0.95362,2.1323,3.2025,0.091207,2.8882,1.9162,2.0333,2.0331,4.6599,2.6134,2.3627,4.4069,2.5955,2.2972,5.1247,1.9813,2.6893,4.2876,1.0864,1.7909,3.9897,4.6405,2.9097,0.51768,0.86603,2.1435,3.025,1.3204,2.0834,4.3204,1.0478,2.1165,3.4756,2.1831,2.7042,4.4396,1.7161,1.579,4.14,1.21,2.5257,3.1142,0.78268,2.4558,3.7464,2.0786,1.879,3.6809,1.5608,2.4648,3.4401,1.607,2.5594,3.5949,1.6195,1.6272,4.247,1.9539,2.7213,4.4156,2.0101,2.7223,4.475,3.447,2.7556,6.1974,1.7303,1.5598,4.132,1.7487,2.0006,3.4517,2.0529,2.9276,4.8549,1.2028,2.5387,3.145,2.6105,2.4465,4.9476,1.0596,2.6206,4.0606,1.5671,2.4491,3.4468,1.123,1.8176,4.0794,1.6657,1.5806,4.0696,1.7361,1.9972,3.4358,0.23064,2.9239,3.2885,2.935,2.2847,4.6395,1.3092,1.9502,4.2161,1.3009,2.6351,3.4234,1.4149,2.4498,3.3316,1.8576,1.935,3.6803,1.9359,2.4266,4.0174,1.0562,2.2935,3.1678,2.5397,2.0196,5.1376,1.2586,2.6548,3.3694,1.3953,2.4662,3.3108,0.32131,2.9341,3.3647,0.65713,1.8489,2.8254,1.6691,1.9864,4.4785,1.4652,1.807,4.146,5.4179,2.8905,1.743,0.8162,2.1101,2.8122,1.0437,2.6375,4.0496,2.2129,2.5208,3.6238,2.5541,2.4069,4.8815,2.8839,2.6797,4.5898,2.1383,2.505,4.5038,2.3509,2.1192,4.2334,0.76562,2.0468,3.3034,0.45523,2.4393,3.0159,0.60628,2.1433,3.7127,2.3784,2.4424,4.4651,0.87342,2.4421,2.9593,1.2428,1.5849,4.2809,1.6829,2.0193,3.4462,6.1601,2.6817,1.9028,3.3647,2.9239,0.086833,0.83015,2.4014,2.9969,1.6551,1.6283,4.0702,1.5057,1.8937,3.1722,0.78015,2.4356,2.9188,2.1596,2.3338,4.8913,1.188,2.5589,3.1154,1.0288,1.9724,3.4972,0.4726,1.9872,3.2751,1.7178,2.0051,3.4298,2.4085,2.1006,4.2297,2.1884,2.158,4.9996,1.2746,1.6938,3.838,0.69827,1.9834,2.7685,2.1912,2.1806,5.0128,2.3634,2.224,4.5413,1.5772,2.383,3.97,4.3523,2.9483,0.26271,1.9562,2.3991,4.013,0.81786,1.9541,4.1247,1.2566,2.6212,4.2615,3.6886,2.8153,6.2517,1.5475,1.6341,3.3006,0.26425,2.2985,3.318,5.1916,2.9334,1.1236,0.62471,2.7494,3.334,1.318,2.5182,3.0198,2.1608,2.112,4.9332,1.4963,2.0679,4.3941,1.5252,1.6351,3.31,1.4269,2.9229,3.386,0.54356,2.4302,2.845,0.8855,2.4409,3.0017,0.2282,2.6074,3.33,1.6455,2.313,4.1678,0.55792,2.4262,2.8047,1.0281,2.2304,3.6193,1.3901,1.7937,4.2797,0.31645,2.3142,3.3811,1.5239,1.6098,3.2955,0.52891,2.4285,2.8346,3.1143,2.8623,6.0568,1.9621,2.5736,4.0216,2.015,2.1928,4.6213,2.4926,2.7655,5.1249,1.8969,1.9188,3.8668,1.3037,1.748,3.7114,2.1731,2.1349,4.9641,1.3914,2.6136,3.9808,0.95221,3.0826,2.7795,4.7498,2.9363,0.46166,1.2782,2.6949,4.3365,1.9251,1.9321,3.9071,1.2915,2.6464,2.9136,0.5236,2.7421,3.1465,1.0038,2.8909,4.1911,0.66955,2.5421,2.6492,0.67909,2.0073,2.9259,0.55964,2.4078,3.4034,1.5759,2.1748,4.2705,1.3941,2.7119,4.4494,0.56722,1.987,3.0228,1.9933,1.8499,3.8024,1.1925,1.8156,3.6782,2.302,2.6745,4.7688,1.3664,1.5783,4.1256,1.3672,2.1557,3.1611,0.61214,2.0007,3.0293,0.50183,2.4335,2.6156,1.6489,2.3205,4.1787,2.3293,2.6725,4.8313,0.59307,2.0071,3.0073,1.5892,1.7143,3.3432,0.60041,3.0473,2.4809,0.62675,2.5426,2.6177,3.0035,2.7463,6.009,6.2517,2.8907,2.6517,4.7032,2.9515,0.40573,2.2909,2.3544,3.6605,1.1212,3.0478,3.9406,1.3474,2.343,3.4805,0.97326,3.0627,3.7914,2.3518,2.2317,3.7558,1.1856,1.7855,3.6729,2.4291,2.3528,4.578,2.5291,2.6647,4.046,1.3227,2.6797,4.3813,1.8926,1.8838,3.8585,1.1764,2.7276,3.6916,2.3717,2.4584,4.9627,1.5625,2.5783,3.3489,2.1628,2.2156,4.1144,0.78275,1.9314,3.3472,2.3012,2.4065,3.6882,2.2737,2.401,3.6512,2.2372,1.9583,4.9725,2.6106,2.2787,4.7901,2.3465,2.2508,3.774,1.3845,1.6105,3.858,2.2948,2.6753,4.7882,1.8969,1.9041,3.8622,0.77678,2.1275,4.0416,1.5912,1.7925,4.2479,2.3478,2.6846,4.8547,1.4506,2.3759,3.2672,5.9633,2.8994,2.2657,1.8473,1.7934,3.5231,1.901,2.9444,4.1985,2.0637,1.9749,4.8291,1.1596,2.5846,4.3343,1.939,2.1675,4.8722,1.6113,1.7289,3.9597,1.6102,2.0261,3.3628,1.0693,2.7067,3.6026,0.96713,2.7933,3.8452,1.4433,2.455,3.883,1.141,2.7391,3.6407,1.81,1.7051,4.0796,0.92815,2.4573,2.8055,1.9461,2.1044,4.4322,0.20391,2.7602,2.9644,1.0618,1.9467,4.2702,0.98519,2.3065,3.0832,1.667,2.3992,4.6016,0.97223,2.0557,2.8722,0.72845,1.9833,2.7415,1.5983,1.7227,3.9637,0.93797,2.4495,2.8343,1.3531,1.5824,3.8462,2.7478,2.5742,4.6217,1.0868,2.1778,3.596,1.161,2.736,3.6784,1.979,1.9853,4.5065,1.0513,1.9499,4.2646,1.8704,1.6544,3.4646,1.6677,2.5168,4.0057,2.1399,2.5315,4.9085,2.1156,2.4013,3.6522,1.3082,3.0429,3.529,1.459,1.4802,4.2065,0.6374,2.9879,3.6497,1.6198,1.6981,4.2165,0.73885,1.9943,2.7423,0.70807,2.197,3.9675,2.6671,2.5898,4.542,2.0214,2.1092,3.4166,1.4226,2.8405,3.5653,1.0734,2.2574,3.5865,2.5511,2.0346,4.5194,1.4731,1.7226,4.4269,1.5549,2.573,3.5775,2.0586,2.3408,4.0951,2.6657,2.3399,4.958,0.49584,2.5313,3.0104
1912.5,0.080681,76.425,4.1887,0.12477,373.98,1.478,1.8184,4.1311,1.2862,2.2428,4.2491,1.1892,1.9648,4.235,2.4642,2.6325,4.2984,0.85444,2.0347,4.2749,1.5128,2.5376,3.8915,3.1122,2.8357,5.9564,1.1739,1.9704,4.2442,1.7297,1.6547,4.229,1.3052,2.2365,4.2962,0.83363,2.0695,4.2152,2.9752,2.8302,4.5472,5.5608,2.7056,1.3103,1.3039,2.7402,3.6843,0.91856,2.1516,3.0175,2.5172,2.108,4.53,1.4536,1.645,3.9173,0.66582,2.6171,3.8303,2.026,1.7646,3.5114,1.1002,2.3999,3.1669,0.18065,2.3044,3.4293,1.7679,1.6744,3.4059,1.9726,2.7537,4.2651,1.7866,1.6923,3.4143,1.4651,1.6278,3.9373,0.39501,2.1683,3.158,2.0867,2.4048,4.446,1.4669,1.6936,3.2067,0.81009,1.9165,2.7324,3.0567,2.842,5.8921,2.0286,1.7858,3.5107,1.0336,2.7311,2.9257,1.8227,2.5889,4.0347,0.6454,1.909,2.7781,1.0561,2.4199,3.097,1.9043,1.9112,4.5257,1.6826,1.6536,3.8971,0.51665,2.1876,3.7782,1.1863,2.5256,3.7588,0.94244,2.126,3.2021,2.6437,2.351,4.4146,2.1295,2.2184,4.7579,1.4941,1.68,3.9445,1.8942,1.9318,4.5249,1.5051,2.2114,3.259,0.77498,2.1641,3.1023,2.4576,2.4116,4.3963,1.9426,2.5876,4.8369,1.8773,2.6034,4.788,2.6157,2.3581,4.4149,1.2937,2.5285,3.9084,1.7303,2.2507,4.3549,2.0346,3.0163,3.9592,0.5852,2.4712,2.5545,1.4998,2.0893,4.6082,2.0765,3.0201,3.9995,0.3269,2.4004,3.3579,1.6566,1.5985,4.0709,0.69573,2.0762,3.0536,2.2463,2.2713,4.6677,0.69398,2.5588,3.0987,0.94981,2.1367,3.1978,0.088104,2.8877,1.9118,2.0376,2.0375,4.6662,2.6197,2.3674,4.4173,2.5902,2.2941,5.1191,1.9736,2.6795,4.2802,1.0868,1.7863,3.9931,4.6417,2.9024,0.51845,0.86443,2.1454,3.0229,1.3215,2.0824,4.3242,1.0468,2.1191,3.4735,2.1752,2.7004,4.4308,1.7174,1.5773,4.1386,1.2146,2.5236,3.1168,0.78505,2.4582,3.7442,2.0806,1.8756,3.677,1.5581,2.4668,3.4384,1.6034,2.5617,3.5948,1.6165,1.6242,4.2467,1.9445,2.7135,4.4045,2.0045,2.7153,4.4688,3.4552,2.7533,6.2048,1.7329,1.5565,4.1297,1.7526,2.0002,3.452,2.0485,2.9269,4.851,1.2062,2.5377,3.1495,2.6084,2.4465,4.9442,1.0619,2.622,4.0597,1.5647,2.4503,3.4455,1.1179,1.8182,4.0783,1.6663,1.5779,4.0686,1.7389,1.9966,3.4348,0.22648,2.922,3.2849,2.9396,2.2834,4.6444,1.3087,1.9499,4.2172,1.3034,2.632,3.4297,1.4112,2.4497,3.3309,1.8592,1.9309,3.6772,1.9349,2.4331,4.0199,1.053,2.2943,3.1663,2.5397,2.0177,5.1369,1.2599,2.6527,3.374,1.39,2.4669,3.3086,0.32454,2.9329,3.3677,0.65537,1.8516,2.8188,1.6657,1.9834,4.4818,1.465,1.803,4.1477,5.4074,2.8893,1.7336,0.81588,2.1094,2.8144,1.0447,2.6401,4.0476,2.2174,2.5202,3.6236,2.5482,2.4036,4.8734,2.891,2.6773,4.5955,2.1369,2.5036,4.5019,2.3512,2.1211,4.2372,0.7646,2.0519,3.2983,0.46488,2.4365,3.026,0.60646,2.1435,3.7126,2.3777,2.4383,4.4679,0.88348,2.4399,2.9678,1.2414,1.5856,4.2798,1.681,2.0201,3.4455,6.1489,2.6805,1.8902,3.3749,2.9223,0.097908,0.83383,2.3971,3.0051,1.6547,1.6273,4.0689,1.5066,1.8959,3.1715,0.78209,2.4335,2.9231,2.1593,2.3322,4.8863,1.1911,2.5589,3.1184,1.0309,1.9729,3.4966,0.46672,1.9876,3.2775,1.7192,2.0044,3.4281,2.4108,2.1025,4.233,2.1914,2.158,5.0004,1.2729,1.6897,3.8404,0.6994,1.9836,2.7698,2.1946,2.182,5.0144,2.3669,2.2267,4.5476,1.5781,2.3899,3.9705,4.361,2.9432,0.26997,1.9565,2.4046,4.0148,0.81624,1.9535,4.1248,1.2635,2.625,4.2652,3.7011,2.8119,6.2611,1.5489,1.6358,3.3019,0.25986,2.2983,3.3109,5.1934,2.9284,1.125,0.62917,2.7465,3.3393,1.3214,2.5191,3.0222,2.1631,2.1095,4.9307,1.4974,2.065,4.3975,1.5252,1.636,3.3118,1.4302,2.9225,3.387,0.55088,2.4285,2.8551,0.88362,2.4395,3.0033,0.22806,2.6066,3.3282,1.6484,2.3175,4.1716,0.56574,2.4247,2.8116,1.0258,2.2357,3.6154,1.3899,1.7925,4.2783,0.31613,2.3151,3.3795,1.5236,1.6088,3.2963,0.53507,2.4268,2.8436,3.1239,2.8613,6.0684,1.9589,2.5723,4.0209,2.0184,2.1936,4.6238,2.4804,2.7641,5.1117,1.8974,1.9144,3.8638,1.3043,1.7426,3.7132,2.1755,2.1333,4.9629,1.3908,2.6108,3.9788,0.93748,3.0827,2.7636,4.7536,2.932,0.46499,1.2803,2.6954,4.337,1.9269,1.9297,3.9088,1.295,2.6473,2.9177,0.5339,2.7394,3.1591,1.0092,2.8903,4.1961,0.67685,2.5439,2.6542,0.67801,2.0122,2.9219,0.56111,2.4085,3.4019,1.5768,2.174,4.2735,1.4044,2.713,4.4581,0.56223,1.9897,3.0151,1.9943,1.8465,3.8015,1.1922,1.8126,3.6811,2.2927,2.6707,4.7555,1.3648,1.5813,4.1214,1.3651,2.1553,3.16,0.61007,2.0045,3.0228,0.50487,2.4321,2.6193,1.6525,2.3261,4.1829,2.3205,2.6683,4.8205,0.58965,2.0111,2.9994,1.5911,1.714,3.3445,0.60619,3.0479,2.4841,0.63034,2.5448,2.6197,3.0123,2.7459,6.0197,6.2629,2.8925,2.6629,4.7055,2.9488,0.40694,2.2874,2.3501,3.6531,1.1305,3.0449,3.9525,1.3399,2.3489,3.4742,0.97832,3.0617,3.7994,2.3506,2.2312,3.7518,1.1846,1.7799,3.6758,2.4294,2.3539,4.5794,2.525,2.6673,4.0476,1.3272,2.6797,4.3843,1.8929,1.8769,3.8552,1.1796,2.7226,3.6938,2.3673,2.4564,4.9537,1.5588,2.5756,3.3529,2.1625,2.2184,4.1161,0.78197,1.9341,3.3445,2.2978,2.4062,3.6826,2.2682,2.3999,3.643,2.2414,1.9625,4.9773,2.6081,2.2779,4.7902,2.345,2.252,3.7713,1.3848,1.612,3.86,2.2835,2.671,4.7743,1.8976,1.8991,3.8588,0.77676,2.1261,4.0479,1.5903,1.7891,4.2469,2.3398,2.6814,4.845,1.4509,2.3754,3.2675,5.9664,2.9009,2.2707,1.8469,1.793,3.5264,1.8969,2.9376,4.1922,2.0677,1.9769,4.8343,1.1641,2.5851,4.3389,1.9432,2.169,4.8729,1.6112,1.7239,3.9593,1.611,2.0278,3.3609,1.0721,2.7026,3.604,0.97033,2.7906,3.8465,1.4481,2.4589,3.8865,1.1423,2.735,3.6397,1.8077,1.6987,4.0787,0.9294,2.4571,2.808,1.9495,2.1076,4.4363,0.21482,2.7566,2.9746,1.0598,1.9456,4.2707,0.98712,2.3047,3.0879,1.6702,2.3996,4.6034,0.97131,2.0537,2.8743,0.72756,1.982,2.7417,1.5973,1.7171,3.9635,0.93926,2.4488,2.8386,1.3506,1.5817,3.8471,2.7466,2.5731,4.6214,1.0867,2.1817,3.593,1.1638,2.731,3.6803,1.9793,1.9855,4.5091,1.0489,1.9486,4.2651,1.8719,1.6546,3.4659,1.6681,2.519,4.0061,2.1422,2.5299,4.9076,2.1126,2.4031,3.6474,1.3192,3.04,3.5392,1.46,1.4817,4.2045,0.63661,2.987,3.6502,1.62,1.6939,4.2154,0.73853,1.9938,2.7425,0.70944,2.1973,3.9693,2.6656,2.5889,4.543,2.024,2.1075,3.4153,1.4253,2.8338,3.5676,1.0721,2.2629,3.5821,2.5531,2.0377,4.5242,1.4719,1.7218,4.4273,1.5514,2.5716,3.5778,2.0585,2.3447,4.0973,2.6631,2.3377,4.9548,0.49972,2.5317,3.0142
1912.5,0.080681,76.425,4.1887,0.13368,384.81,1.4749,1.8164,4.1283,1.2875,2.244,4.2517,1.1863,1.9629,4.2349,2.4626,2.6307,4.299,0.85392,2.0334,4.2782,1.5122,2.5408,3.8913,3.1204,2.8349,5.9667,1.1701,1.9686,4.2451,1.7287,1.65,4.2275,1.3068,2.237,4.3011,0.83206,2.0698,4.2154,2.9808,2.8298,4.5501,5.5523,2.7,1.3016,1.3067,2.7338,3.6865,0.91604,2.1518,3.0173,2.5202,2.1123,4.5367,1.452,1.6428,3.9182,0.66601,2.6201,3.826,2.0274,1.7646,3.5139,1.0996,2.3974,3.1719,0.1732,2.3055,3.4185,1.7666,1.6741,3.4073,1.9642,2.7485,4.2556,1.7867,1.6935,3.416,1.4646,1.6251,3.9389,0.39548,2.1702,3.1557,2.0895,2.407,4.449,1.4663,1.6952,3.207,0.80893,1.9183,2.7308,3.0607,2.8419,5.8979,2.0305,1.787,3.5131,1.0357,2.7321,2.9291,1.8234,2.5892,4.0371,0.64651,1.9111,2.7775,1.0544,2.4182,3.0993,1.9048,1.911,4.5281,1.6827,1.6513,3.8974,0.5176,2.1864,3.7812,1.1864,2.5305,3.7582,0.93827,2.1296,3.198,2.6505,2.3541,4.4229,2.134,2.2222,4.7631,1.4956,1.6807,3.9467,1.8948,1.9332,4.5274,1.5063,2.2136,3.2582,0.77099,2.1698,3.0963,2.461,2.4141,4.4026,1.9425,2.5874,4.8325,1.8736,2.6039,4.7818,2.6219,2.3625,4.4256,1.2938,2.5314,3.9055,1.7341,2.2524,4.3595,2.0337,3.0131,3.9571,0.59034,2.4714,2.5594,1.4958,2.0923,4.6075,2.0779,3.0165,3.9994,0.3225,2.4016,3.3531,1.6564,1.5968,4.0701,0.69445,2.0793,3.0506,2.2464,2.273,4.6685,0.69694,2.5545,3.1049,0.94611,2.1408,3.1932,0.08511,2.8872,1.9074,2.0421,2.042,4.6724,2.626,2.3721,4.4277,2.5851,2.2909,5.1138,1.9667,2.6701,4.2735,1.0871,1.7817,3.9966,4.6428,2.8953,0.51924,0.86286,2.1473,3.021,1.3226,2.0815,4.328,1.0457,2.1218,3.4715,2.1674,2.6966,4.4223,1.7187,1.5756,4.1373,1.219,2.5217,3.1194,0.78741,2.4606,3.742,2.0826,1.8721,3.6732,1.5554,2.4686,3.4368,1.5998,2.5638,3.5948,1.6134,1.6214,4.2464,1.9356,2.7058,4.3939,1.9993,2.7085,4.4629,3.4635,2.7509,6.212,1.7356,1.5531,4.1274,1.7566,1.9999,3.4522,2.0443,2.9263,4.8471,1.2097,2.5368,3.1539,2.6065,2.4466,4.9408,1.0642,2.6232,4.0587,1.5623,2.4515,3.4442,1.1129,1.8185,4.0773,1.6669,1.5753,4.0675,1.7417,1.996,3.4339,0.22238,2.9202,3.2813,2.9441,2.282,4.6491,1.3082,1.9497,4.2182,1.3056,2.629,3.4356,1.4075,2.4496,3.3303,1.8608,1.9269,3.6741,1.934,2.4394,4.0226,1.0498,2.295,3.1649,2.5396,2.016,5.1362,1.2611,2.6507,3.3786,1.3848,2.4676,3.3066,0.32783,2.9316,3.3708,0.65363,1.8543,2.8124,1.662,1.9804,4.485,1.4649,1.799,4.1494,5.397,2.8882,1.7241,0.81554,2.1087,2.8165,1.0456,2.6426,4.0457,2.2226,2.5196,3.6237,2.5425,2.4004,4.8653,2.8982,2.6749,4.6012,2.1357,2.5024,4.5001,2.3514,2.1229,4.2411,0.76344,2.0569,3.2931,0.47434,2.4338,3.036,0.60665,2.1436,3.7126,2.377,2.4343,4.4707,0.89346,2.4379,2.9763,1.24,1.5863,4.2786,1.6791,2.0208,3.4448,6.1376,2.6791,1.8777,3.3846,2.9208,0.1085,0.83705,2.3929,3.0129,1.6542,1.6264,4.0677,1.5075,1.8981,3.1708,0.78388,2.4315,2.9272,2.1591,2.3306,4.8813,1.1943,2.559,3.1215,1.0328,1.9734,3.496,0.46073,1.988,3.2802,1.7206,2.0036,3.4265,2.4132,2.1044,4.2365,2.1944,2.158,5.0011,1.2713,1.6856,3.8427,0.7005,1.9837,2.771,2.1978,2.1832,5.0157,2.3705,2.2294,4.5538,1.579,2.3965,3.971,4.3694,2.9381,0.27698,1.9568,2.41,4.0167,0.81463,1.9529,4.1249,1.2702,2.6288,4.2689,3.7132,2.8085,0.14221,1.5502,1.6374,3.3031,0.25557,2.2981,3.304,5.195,2.9234,1.1262,0.63337,2.7435,3.3442,1.3248,2.52,3.0245,2.1655,2.1068,4.9284,1.4983,2.062,4.4009,1.5252,1.6367,3.3136,1.4334,2.9222,3.3879,0.55811,2.4268,2.8652,0.88187,2.4382,3.0048,0.22785,2.6058,3.3264,1.6514,2.322,4.1755,0.57338,2.4233,2.8181,1.0237,2.2411,3.6112,1.3897,1.7914,4.2769,0.31585,2.316,3.3779,1.5234,1.6079,3.2972,0.54113,2.4252,2.8526,3.1335,2.8603,6.0797,1.9556,2.5711,4.0202,2.022,2.1944,4.6262,2.4683,2.7627,5.0983,1.8978,1.9099,3.8607,1.3049,1.7371,3.715,2.1779,2.1318,4.9618,1.3904,2.608,3.9769,0.92236,3.0827,2.7473,4.7574,2.9277,0.46829,1.2823,2.6958,4.3375,1.9287,1.9272,3.9105,1.2987,2.6482,2.9217,0.54369,2.7369,3.1711,1.0147,2.8895,4.2011,0.68403,2.5457,2.659,0.677,2.0169,2.9182,0.56266,2.4092,3.4006,1.5777,2.1732,4.2766,1.4145,2.714,4.4667,0.55737,1.9922,3.0077,1.9953,1.8431,3.8008,1.1919,1.8094,3.6841,2.284,2.667,4.7429,1.3632,1.5843,4.1171,1.3631,2.1548,3.159,0.60802,2.0082,3.0166,0.50785,2.4307,2.6231,1.6561,2.3316,4.187,2.3119,2.664,4.8101,0.58632,2.015,2.9917,1.593,1.7138,3.3458,0.6118,3.0486,2.4871,0.63382,2.5468,2.6215,3.0212,2.7455,6.0304,6.1307,2.8942,2.6745,4.7077,2.9461,0.40826,2.2839,2.3457,3.6459,1.1388,3.0419,3.9633,1.3325,2.3544,3.4682,0.98282,3.0608,3.8066,2.3495,2.2308,3.7478,1.1837,1.7742,3.6788,2.4296,2.3549,4.5806,2.5209,2.6697,4.0491,1.3317,2.6796,4.3873,1.8932,1.8702,3.852,1.1828,2.7176,3.6959,2.3632,2.4546,4.945,1.5549,2.5729,3.3568,2.1623,2.2213,4.1179,0.78113,1.9371,3.3418,2.2943,2.4059,3.6771,2.2627,2.3987,3.6347,2.2456,1.9665,4.9819,2.6057,2.277,4.7902,2.3435,2.2532,3.7688,1.3849,1.6134,3.8619,2.2726,2.6667,4.7607,1.8983,1.8942,3.8554,0.77677,2.1248,4.0541,1.5894,1.7857,4.2459,2.3318,2.6781,4.8355,1.4512,2.375,3.2677,5.9695,2.9023,2.2759,1.8466,1.7928,3.5298,1.893,2.9309,4.1862,2.0718,1.9787,4.8393,1.1685,2.5855,4.3435,1.9476,2.1705,4.8735,1.6111,1.719,3.959,1.6119,2.0294,3.3592,1.0746,2.6986,3.6051,0.97336,2.7881,3.8476,1.4527,2.4627,3.89,1.1434,2.731,3.6387,1.8054,1.6924,4.0778,0.93064,2.457,2.8107,1.953,2.1108,4.4404,0.22572,2.7528,2.9848,1.0579,1.9445,4.2713,0.9889,2.303,3.0924,1.6735,2.4001,4.6051,0.97035,2.0518,2.8762,0.7267,1.9807,2.7419,1.5964,1.7116,3.9633,0.94043,2.4481,2.8429,1.3482,1.5809,3.848,2.7454,2.572,4.6213,1.0865,2.1857,3.5898,1.1665,2.7261,3.682,1.9796,1.9856,4.5116,1.0467,1.9474,4.2658,1.8735,1.6549,3.4672,1.6685,2.521,4.0066,2.1445,2.5283,4.9067,2.1096,2.4049,3.6427,1.3302,3.037,3.5495,1.4609,1.4831,4.2027,0.63557,2.9862,3.6504,1.6202,1.6898,4.2144,0.73822,1.9932,2.7427,0.71079,2.1976,3.9711,2.6643,2.588,4.5441,2.0265,2.1059,3.4141,1.428,2.8272,3.5697,1.0708,2.2683,3.5776,2.5551,2.041,4.529,1.4707,1.7211,4.4277,1.5478,2.5704,3.5781,2.0584,2.3486,4.0994,2.6607,2.3358,4.9517,0.50354,2.532,3.018
1912.5,0.080681,76.425,4.1887,0.14259,395.25,1.4719,1.8144,4.1255,1.289,2.2453,4.2543,1.1835,1.9609,4.2348,2.4611,2.6288,4.2997,0.85337,2.0321,4.2815,1.5117,2.5441,3.8911,3.1284,2.834,5.977,1.1664,1.9666,4.2461,1.7275,1.6453,4.2259,1.3083,2.2375,4.306,0.83051,2.0702,4.2156,2.9862,2.8294,4.5529,5.5441,2.6944,1.2933,1.3092,2.7277,3.6885,0.91355,2.1519,3.0171,2.5232,2.1165,4.5435,1.4505,1.6406,3.9191,0.66618,2.6231,3.8217,2.0289,1.7644,3.5162,1.0989,2.3952,3.1767,0.16568,2.3067,3.4077,1.7652,1.6736,3.4085,1.9561,2.7434,4.2466,1.7869,1.6946,3.4177,1.4641,1.6226,3.9404,0.39601,2.172,3.1534,2.0921,2.4091,4.4519,1.4656,1.6967,3.2074,0.8078,1.9199,2.7293,3.0648,2.8419,5.9039,2.0325,1.7882,3.5155,1.0379,2.7333,2.9322,1.824,2.5896,4.0396,0.64762,1.9132,2.7769,1.0526,2.4164,3.1017,1.9053,1.9107,4.5305,1.6829,1.6489,3.8977,0.5186,2.185,3.7844,1.1866,2.5352,3.758,0.93417,2.1331,3.1937,2.6574,2.3571,4.431,2.1385,2.2259,4.7683,1.497,1.6814,3.949,1.8955,1.9346,4.5298,1.5075,2.2159,3.2576,0.767,2.1754,3.0904,2.4644,2.4164,4.4089,1.9424,2.5872,4.8281,1.8702,2.6045,4.7757,2.6283,2.3666,4.4364,1.2939,2.5342,3.9026,1.738,2.2542,4.364,2.0328,3.01,3.955,0.59528,2.4718,2.5642,1.4917,2.0953,4.6067,2.0792,3.0129,3.9993,0.31812,2.4029,3.3482,1.6562,1.5952,4.0693,0.69315,2.0822,3.0476,2.2464,2.2745,4.6692,0.69965,2.5503,3.1109,0.94248,2.145,3.1888,0.082245,2.8866,1.9032,2.0466,2.0465,4.6784,2.6324,2.3765,4.4382,2.5802,2.2878,5.1088,1.9603,2.6609,4.2674,1.0874,1.7771,4.0,4.644,2.8882,0.52011,0.86133,2.149,3.0191,1.3239,2.0807,4.3316,1.0445,2.1246,3.4694,2.1599,2.6928,4.4141,1.7201,1.5739,4.1359,1.2234,2.5199,3.1218,0.78976,2.4629,3.7397,2.0846,1.8689,3.6695,1.5528,2.4704,3.4352,1.5963,2.566,3.5949,1.6103,1.6188,4.2461,1.927,2.698,4.3836,1.9946,2.7016,4.4574,3.4719,2.7486,6.2193,1.7383,1.5498,4.1252,1.7605,1.9996,3.4525,2.0403,2.9258,4.8434,1.2129,2.5359,3.1581,2.6044,2.4466,4.9376,1.0663,2.6245,4.0576,1.5599,2.4527,3.443,1.1078,1.8188,4.0763,1.6676,1.573,4.0664,1.7445,1.9953,3.433,0.21837,2.9182,3.2777,2.9485,2.2806,4.6538,1.3077,1.9495,4.2193,1.3078,2.6261,3.4414,1.4038,2.4496,3.3298,1.8624,1.9227,3.671,1.9333,2.4454,4.0253,1.0466,2.2958,3.1634,2.5395,2.0142,5.1355,1.2623,2.6488,3.3833,1.3797,2.4682,3.3045,0.33114,2.9304,3.374,0.6519,1.8567,2.806,1.6583,1.9775,4.4879,1.4648,1.7952,4.151,5.3865,2.8869,1.7146,0.8152,2.108,2.8187,1.0464,2.645,4.0437,2.2285,2.519,3.6247,2.537,2.397,4.8575,2.9053,2.6725,4.6068,2.1345,2.5011,4.4984,2.3516,2.1249,4.2451,0.76213,2.0621,3.2878,0.48368,2.4311,3.0458,0.60684,2.1438,3.7125,2.3762,2.4306,4.4734,0.90339,2.4358,2.9847,1.2386,1.5871,4.2772,1.6771,2.0214,3.4441,6.1262,2.6778,1.8652,3.3938,2.9192,0.11858,0.83985,2.3887,3.0202,1.6539,1.6253,4.0665,1.5084,1.9002,3.1702,0.78554,2.4293,2.9312,2.1588,2.329,4.8762,1.1974,2.559,3.1244,1.0347,1.9738,3.4955,0.45459,1.9883,3.2831,1.722,2.0026,3.4248,2.4156,2.1064,4.24,2.1974,2.158,5.0016,1.2696,1.6817,3.8449,0.70157,1.9838,2.7723,2.201,2.1843,5.017,2.3739,2.2319,4.5598,1.5799,2.403,3.9713,4.3775,2.9331,0.28377,1.9572,2.4155,4.0185,0.81302,1.9524,4.1248,1.2769,2.6325,4.2727,3.725,2.8051,1.1024,1.5516,1.6392,3.3045,0.25136,2.2978,3.2971,5.1964,2.9184,1.1274,0.63735,2.7405,3.3488,1.3281,2.5209,3.0267,2.168,2.1043,4.9262,1.4991,2.0587,4.4043,1.5253,1.6375,3.3154,1.4366,2.9218,3.3887,0.56523,2.425,2.8752,0.8802,2.4368,3.0064,0.22755,2.6051,3.3244,1.6545,2.3265,4.1795,0.58083,2.4221,2.8246,1.0213,2.2466,3.6071,1.3895,1.7902,4.2755,0.31559,2.3169,3.3764,1.5231,1.6068,3.2981,0.54706,2.4236,2.8613,3.1428,2.8593,6.091,1.9526,2.5699,4.0196,2.0254,2.1952,4.6284,2.4561,2.7612,5.085,1.8984,1.9054,3.8577,1.3055,1.7319,3.7167,2.1802,2.1304,4.9607,1.3899,2.6053,3.9751,0.90667,3.0829,2.7306,4.761,2.9235,0.47151,1.2844,2.6963,4.3379,1.9306,1.9248,3.9121,1.3022,2.6492,2.9257,0.55296,2.7343,3.1824,1.0202,2.8888,4.2061,0.69106,2.5475,2.6637,0.67607,2.0215,2.9147,0.5643,2.4097,3.3993,1.5786,2.1723,4.2798,1.4245,2.7148,4.4752,0.55262,1.9947,3.0002,1.9963,1.8398,3.8001,1.1916,1.8063,3.687,2.2758,2.6633,4.7308,1.3615,1.5871,4.1128,1.361,2.1545,3.1578,0.60598,2.0118,3.0104,0.51073,2.4294,2.6268,1.6599,2.337,4.191,2.3038,2.6598,4.8,0.58306,2.0186,2.9842,1.595,1.7134,3.3472,0.61707,3.0492,2.4898,0.63716,2.549,2.6232,3.0301,2.7449,6.041,2.2772,2.8958,2.6861,4.7101,2.9437,0.40964,2.2807,2.3413,3.6386,1.1461,3.0389,3.973,1.3252,2.3597,3.4621,0.98666,3.0599,3.8132,2.3483,2.2303,3.7439,1.1826,1.7683,3.6818,2.43,2.3561,4.582,2.5167,2.6721,4.0507,1.3361,2.6796,4.3904,1.8936,1.8633,3.8488,1.1858,2.7126,3.6979,2.3593,2.4528,4.9365,1.551,2.5704,3.3606,2.1621,2.2243,4.1197,0.78021,1.9401,3.3392,2.291,2.4055,3.6716,2.2572,2.3974,3.6265,2.2498,1.9703,4.9863,2.6033,2.2761,4.7903,2.342,2.2546,3.7663,1.3852,1.6148,3.8638,2.2622,2.6624,4.7475,1.8991,1.8893,3.8522,0.7768,2.1236,4.0601,1.5886,1.7823,4.2448,2.3241,2.6747,4.8263,1.4515,2.3746,3.2681,5.9728,2.9037,2.281,1.8464,1.7925,3.5331,1.8894,2.9242,4.1803,2.0759,1.9805,4.8441,1.1727,2.5859,4.3481,1.9517,2.1719,4.874,1.6111,1.7142,3.9586,1.6128,2.0311,3.3574,1.0768,2.6947,3.6062,0.97628,2.7856,3.8485,1.4574,2.4663,3.8935,1.1446,2.7271,3.6377,1.803,1.6863,4.077,0.93189,2.4568,2.8132,1.9564,2.1141,4.4447,0.23656,2.7489,2.9948,1.0559,1.9434,4.2717,0.99059,2.3015,3.0967,1.6769,2.4005,4.6069,0.96936,2.05,2.878,0.72587,1.9795,2.7423,1.5954,1.7064,3.9631,0.94152,2.4474,2.847,1.3458,1.5801,3.8488,2.7443,2.5708,4.6212,1.0863,2.1897,3.5865,1.1691,2.7212,3.6837,1.98,1.9859,4.5141,1.0443,1.946,4.2664,1.8751,1.6551,3.4685,1.6687,2.523,4.0069,2.1469,2.5267,4.9059,2.1066,2.4069,3.638,1.3411,3.034,3.5597,1.4618,1.4845,4.2007,0.6343,2.9854,3.6503,1.6205,1.6857,4.2133,0.73793,1.9927,2.7429,0.71211,2.198,3.9729,2.6629,2.5871,4.5453,2.029,2.1044,3.4128,1.4305,2.8207,3.572,1.0693,2.2736,3.573,2.5573,2.0441,4.534,1.4696,1.7205,4.4282,1.5444,2.5691,3.5785,2.0584,2.3526,4.1017,2.6583,2.3337,4.9486,0.50732,2.5324,3.0218
1912.5,0.080681,76.425,4.1887,0.15151,406.01,1.4689,1.8124,4.1228,1.2905,2.2466,4.257,1.1806,1.9588,4.2347,2.4597,2.627,4.3006,0.85279,2.0309,4.2847,1.5112,2.5472,3.8909,3.1366,2.8329,5.9872,1.1627,1.9648,4.247,1.7265,1.6407,4.2243,1.3098,2.238,4.311,0.82901,2.0706,4.2159,2.9915,2.8289,4.5556,5.5363,2.6889,1.2855,1.3114,2.722,3.6902,0.91107,2.1521,3.0167,2.5262,2.1207,4.5503,1.449,1.6384,3.9201,0.66632,2.6261,3.8174,2.0303,1.7643,3.5187,1.0978,2.3929,3.1809,0.15807,2.3077,3.3968,1.7638,1.6731,3.4099,1.9486,2.7383,4.2382,1.787,1.6957,3.4194,1.4636,1.62,3.9419,0.39658,2.1737,3.1511,2.0947,2.411,4.4546,1.4651,1.6982,3.2078,0.80673,1.9215,2.728,3.069,2.8418,5.9099,2.0346,1.7894,3.518,1.0401,2.7344,2.9354,1.8247,2.5901,4.0422,0.64873,1.9153,2.7764,1.0509,2.4147,3.1038,1.9058,1.9104,4.5329,1.683,1.6467,3.8981,0.51972,2.1836,3.7877,1.187,2.5397,3.7578,0.93015,2.1365,3.1898,2.6639,2.3598,4.4388,2.1428,2.2295,4.7732,1.4986,1.682,3.9511,1.8963,1.9361,4.5324,1.5088,2.2181,3.2567,0.76306,2.1807,3.0847,2.4679,2.4188,4.4151,1.9422,2.5872,4.8236,1.8668,2.605,4.7696,2.6347,2.3707,4.4474,1.2939,2.5368,3.8999,1.7419,2.256,4.3687,2.0318,3.0069,3.9528,0.60004,2.4722,2.5689,1.4874,2.0984,4.6057,2.0807,3.0093,3.9993,0.31381,2.4041,3.3435,1.656,1.5936,4.0684,0.69188,2.0851,3.0447,2.2464,2.276,4.6698,0.70205,2.5461,3.1166,0.93896,2.1488,3.1846,0.0795,2.886,1.8993,2.0513,2.0508,4.6846,2.6388,2.3808,4.4487,2.5756,2.2847,5.104,1.9545,2.6522,4.2618,1.0878,1.7725,4.0034,4.645,2.8813,0.52097,0.85982,2.1509,3.0174,1.325,2.0798,4.3352,1.0432,2.1273,3.4672,2.1527,2.689,4.4062,1.7215,1.572,4.1345,1.2277,2.518,3.124,0.79207,2.4653,3.7375,2.0867,1.8657,3.6659,1.5502,2.4723,3.4338,1.593,2.5681,3.5951,1.6073,1.6163,4.2457,1.9191,2.6905,4.3738,1.9902,2.695,4.4523,3.4801,2.7462,6.2266,1.741,1.5465,4.1229,1.7646,1.9992,3.4529,2.0365,2.9253,4.8398,1.2161,2.5351,3.1621,2.6026,2.4467,4.9343,1.0685,2.6258,4.0564,1.5576,2.454,3.4417,1.1029,1.819,4.0756,1.6683,1.5707,4.0654,1.7473,1.9947,3.4321,0.21441,2.9164,3.2741,2.9528,2.2791,4.6582,1.3072,1.9491,4.2204,1.3097,2.6235,3.4471,1.4001,2.4496,3.3292,1.8641,1.9188,3.6681,1.9324,2.4514,4.028,1.0435,2.2965,3.162,2.5394,2.0125,5.1349,1.2637,2.6469,3.388,1.3745,2.4689,3.3025,0.33451,2.929,3.3771,0.6502,1.8591,2.8,1.6545,1.9748,4.4906,1.4647,1.7914,4.1526,5.3762,2.8857,1.7051,0.81486,2.1075,2.8208,1.0472,2.6474,4.0416,2.2348,2.5184,3.6263,2.5318,2.3939,4.85,2.9124,2.6699,4.6125,2.1334,2.4999,4.4967,2.352,2.127,4.2492,0.76068,2.0672,3.2824,0.49279,2.4285,3.0554,0.60706,2.1439,3.7125,2.3754,2.427,4.476,0.91316,2.4336,2.993,1.2371,1.5879,4.2759,1.675,2.022,3.4433,6.1149,2.6762,1.8526,3.4026,2.9176,0.12813,0.84218,2.3849,3.0268,1.6534,1.6243,4.0652,1.5093,1.9023,3.1696,0.78703,2.4275,2.9349,2.1587,2.3274,4.8714,1.2005,2.5592,3.1273,1.0367,1.9742,3.4949,0.44843,1.9887,3.2862,1.7233,2.0018,3.4231,2.4181,2.1082,4.2435,2.2001,2.158,5.0021,1.2677,1.6777,3.8469,0.70262,1.9839,2.7736,2.2041,2.1854,5.018,2.3773,2.2344,4.5657,1.5807,2.4094,3.9717,4.3853,2.9279,0.29031,1.9576,2.421,4.0205,0.81144,1.9519,4.1248,1.2836,2.6363,4.2764,3.7365,2.8018,6.2808,1.5531,1.6409,3.3058,0.2473,2.2974,3.2903,5.1976,2.9133,1.1284,0.64107,2.7376,3.3532,1.3312,2.5218,3.0287,2.1705,2.1021,4.9242,1.5,2.0554,4.4077,1.5253,1.6382,3.3171,1.4397,2.9214,3.3893,0.57221,2.4233,2.8849,0.87861,2.4354,3.0083,0.22721,2.6044,3.3223,1.6576,2.3308,4.1835,0.5881,2.4208,2.831,1.0189,2.252,3.6027,1.3894,1.789,4.2739,0.31536,2.3177,3.3749,1.5227,1.6058,3.2989,0.55285,2.4221,2.8699,3.1521,2.8582,6.1021,1.9494,2.5687,4.019,2.029,2.1959,4.6307,2.444,2.7596,5.0716,1.8989,1.9007,3.8547,1.3061,1.7266,3.7184,2.1825,2.1289,4.9596,1.3895,2.6027,3.9733,0.89064,3.083,2.7134,4.7644,2.9192,0.47467,1.2865,2.6968,4.3384,1.9323,1.9222,3.9138,1.3058,2.6502,2.9298,0.56171,2.7318,3.1933,1.0257,2.8878,4.2112,0.69795,2.5494,2.6683,0.67521,2.0258,2.9114,0.56599,2.4103,3.3982,1.5797,2.1714,4.2827,1.4341,2.7157,4.4835,0.54803,1.9972,2.9929,1.9973,1.8365,3.7995,1.1912,1.8031,3.69,2.2682,2.6598,4.7195,1.3598,1.5897,4.1085,1.3589,2.154,3.1567,0.60398,2.0154,3.0044,0.51353,2.4281,2.6305,1.6637,2.3425,4.1951,2.2959,2.6556,4.7902,0.57991,2.0221,2.977,1.597,1.713,3.3486,0.62214,3.0498,2.4923,0.64038,2.5512,2.6247,3.0392,2.7442,6.0518,0.2729,2.8974,2.6982,4.7124,2.9413,0.41112,2.2775,2.3369,3.6315,1.1525,3.0361,3.9817,1.318,2.3647,3.4564,0.99011,3.0592,3.8194,2.3471,2.2298,3.7399,1.1815,1.7624,3.6849,2.4302,2.3571,4.5833,2.5127,2.6743,4.0523,1.3404,2.6796,4.3933,1.8938,1.8565,3.8458,1.1888,2.7078,3.6998,2.3557,2.4512,4.9282,1.5472,2.568,3.3644,2.162,2.2274,4.1218,0.77925,1.943,3.3363,2.2876,2.4051,3.6659,2.252,2.3961,3.6182,2.2539,1.9738,4.9904,2.6009,2.2753,4.7904,2.3405,2.2559,3.7638,1.3854,1.616,3.8657,2.2522,2.6581,4.7349,1.8998,1.8842,3.8489,0.77685,2.1222,4.0662,1.5877,1.7789,4.2437,2.3165,2.6713,4.8171,1.4519,2.3742,3.2683,5.9762,2.9051,2.2863,1.8462,1.7922,3.5362,1.8859,2.9174,4.1748,2.08,1.9824,4.8487,1.177,2.5864,4.3524,1.9559,2.1734,4.8745,1.611,1.7095,3.9582,1.6139,2.0327,3.3557,1.0789,2.6911,3.6069,0.97908,2.7832,3.8494,1.4619,2.4697,3.8971,1.1457,2.7233,3.6365,1.8008,1.6805,4.0763,0.93313,2.4567,2.8157,1.9599,2.1175,4.4489,0.24735,2.745,3.0048,1.0539,1.9422,4.2722,0.99212,2.3,3.1009,1.6802,2.401,4.6087,0.96833,2.0483,2.8796,0.72506,1.9781,2.7425,1.5945,1.7012,3.9631,0.94254,2.4468,2.8511,1.3432,1.5792,3.8497,2.7433,2.5697,4.6213,1.0859,2.1939,3.5832,1.1716,2.7164,3.6853,1.9804,1.9862,4.5167,1.0421,1.9447,4.2669,1.8767,1.6555,3.4697,1.6691,2.5249,4.0074,2.1493,2.5251,4.905,2.1036,2.4087,3.6333,1.352,3.0309,3.57,1.4627,1.486,4.1989,0.63284,2.9846,3.6501,1.621,1.6818,4.2122,0.73763,1.9922,2.7431,0.71341,2.1984,3.9746,2.6615,2.5863,4.5465,2.0316,2.1028,3.4117,1.433,2.8143,3.5742,1.0677,2.2789,3.5685,2.5594,2.0473,4.539,1.4684,1.72,4.4287,1.5409,2.5679,3.5789,2.0584,2.3564,4.1039,2.6561,2.332,4.9459,0.51104,2.5329,3.0255
1912.5,0.080681,76.425,4.1887,0.16042,416.36,1.4658,1.8104,4.1201,1.2922,2.2479,4.2598,1.1777,1.9568,4.2346,2.4583,2.6252,4.3015,0.85219,2.0298,4.2877,1.5106,2.5502,3.8906,3.1447,2.8319,5.9975,1.1592,1.9628,4.2479,1.7254,1.6361,4.2226,1.3112,2.2386,4.3159,0.82752,2.071,4.216,2.9967,2.8284,4.5583,5.5287,2.6834,1.278,1.3134,2.7164,3.6917,0.90862,2.1523,3.0166,2.5293,2.1248,4.5571,1.4473,1.6364,3.921,0.66644,2.6289,3.813,2.0318,1.7641,3.5211,1.0965,2.3909,3.1849,0.15042,2.3086,3.3857,1.7624,1.6725,3.4112,1.9414,2.7333,4.2302,1.7872,1.6968,3.4211,1.4632,1.6176,3.9433,0.3972,2.1753,3.1489,2.0971,2.4129,4.4571,1.4643,1.6997,3.2082,0.80567,1.9229,2.7267,3.0734,2.8418,5.9161,2.0366,1.7905,3.5205,1.0423,2.7356,2.9386,1.8253,2.5906,4.0447,0.64983,1.9172,2.776,1.0489,2.413,3.1059,1.9064,1.9102,4.5354,1.6831,1.6447,3.8984,0.5209,2.1822,3.7909,1.1875,2.5438,3.7577,0.9262,2.1396,3.186,2.6704,2.3626,4.4465,2.1472,2.2329,4.7781,1.5001,1.6826,3.9532,1.8972,1.9375,4.5349,1.5101,2.2202,3.256,0.75911,2.186,3.0792,2.4715,2.4212,4.4215,1.942,2.5871,4.8191,1.8635,2.6055,4.7637,2.6412,2.3747,4.4585,1.2939,2.5395,3.897,1.7459,2.2578,4.3732,2.0309,3.0038,3.9508,0.60462,2.4725,2.5733,1.4831,2.1015,4.6045,2.0822,3.0056,3.9993,0.30953,2.4051,3.339,1.6557,1.5921,4.0676,0.69059,2.0878,3.0421,2.2463,2.2774,4.6701,0.70421,2.5421,3.1223,0.9355,2.1525,3.1806,0.076892,2.8853,1.8955,2.056,2.055,4.6906,2.6452,2.3848,4.4591,2.5712,2.2817,5.0994,1.9492,2.6438,4.2566,1.0881,1.768,4.0068,4.6461,2.8746,0.52189,0.85836,2.1527,3.0157,1.3262,2.079,4.3388,1.0419,2.13,3.4649,2.1457,2.6854,4.3986,1.7229,1.5702,4.1331,1.2318,2.5162,3.1261,0.79437,2.4677,3.7353,2.0888,1.8626,3.6625,1.5476,2.4741,3.4323,1.5898,2.57,3.5954,1.6041,1.6141,4.2453,1.9116,2.683,4.3645,1.9862,2.6885,4.4475,3.4883,2.7437,6.2338,1.7438,1.5432,4.1205,1.7685,1.9988,3.4533,2.0326,2.9247,4.8364,1.2191,2.5344,3.166,2.6007,2.4467,4.931,1.0705,2.6271,4.0553,1.5552,2.4553,3.4405,1.0981,1.8191,4.0749,1.6689,1.5685,4.0643,1.7501,1.9941,3.4313,0.21053,2.9145,3.2705,2.9571,2.2775,4.6626,1.3067,1.9489,4.2215,1.3116,2.6208,3.4525,1.3965,2.4496,3.3287,1.8658,1.9148,3.6654,1.9317,2.4573,4.0307,1.0403,2.2972,3.1606,2.5393,2.0108,5.1343,1.2649,2.645,3.3927,1.3693,2.4696,3.3005,0.33791,2.9276,3.3805,0.64853,1.8613,2.794,1.6507,1.9721,4.4931,1.4646,1.7877,4.1543,5.3659,2.8845,1.6958,0.81453,2.1068,2.8228,1.0478,2.6497,4.0396,2.2414,2.5178,3.628,2.527,2.3907,4.8427,2.9196,2.6673,4.618,2.1325,2.4988,4.4952,2.3522,2.129,4.2534,0.75911,2.0723,3.2768,0.50176,2.4259,3.0647,0.60729,2.1439,3.7125,2.3747,2.4237,4.4787,0.92285,2.4315,3.0013,1.2355,1.5888,4.2744,1.6729,2.0226,3.4425,6.1035,2.6745,1.8402,3.4108,2.916,0.13714,0.84412,2.3812,3.0329,1.653,1.6232,4.0641,1.5102,1.9044,3.169,0.78841,2.4255,2.9384,2.1587,2.3258,4.8666,1.2035,2.5594,3.1299,1.0386,1.9745,3.4943,0.44222,1.989,3.2892,1.7247,2.0007,3.4214,2.4207,2.1101,4.2471,2.2028,2.1579,5.0026,1.2658,1.674,3.8489,0.70363,1.9839,2.7749,2.207,2.1863,5.0191,2.3806,2.2368,4.5716,1.5815,2.4156,3.9722,4.3927,2.9227,0.29665,1.9579,2.4266,4.0225,0.80986,1.9514,4.1247,1.2904,2.64,4.28,3.7478,2.7985,0.023715,1.5546,1.6428,3.3072,0.24332,2.2971,3.2838,5.1987,2.9082,1.1295,0.64455,2.7347,3.3572,1.3343,2.5227,3.0306,2.1732,2.0997,4.9223,1.5007,2.0522,4.4109,1.5253,1.6388,3.319,1.4427,2.9212,3.3899,0.57906,2.4215,2.8945,0.87712,2.434,3.0102,0.22678,2.6037,3.32,1.6607,2.3352,4.1876,0.59522,2.4195,2.8373,1.0163,2.2576,3.5983,1.3893,1.7879,4.2725,0.31514,2.3185,3.3735,1.5224,1.6047,3.2997,0.55853,2.4206,2.8784,3.1612,2.8571,6.1131,1.9463,2.5677,4.0184,2.0324,2.1965,4.6331,2.4321,2.7579,5.0582,1.8994,1.8961,3.8517,1.3066,1.7215,3.7201,2.185,2.1275,4.9586,1.3891,2.6003,3.9715,0.87405,3.0832,2.6958,4.7676,2.9149,0.47774,1.2886,2.6972,4.339,1.9342,1.9197,3.9155,1.3094,2.6511,2.9337,0.56996,2.7294,3.2036,1.0311,2.8869,4.2162,0.70467,2.5513,2.6728,0.67442,2.0299,2.9082,0.56778,2.4108,3.3971,1.5808,2.1703,4.2858,1.4438,2.7164,4.4918,0.54355,1.9996,2.9857,1.9982,1.8334,3.7989,1.1908,1.7998,3.6929,2.261,2.6564,4.7087,1.358,1.5922,4.1042,1.3568,2.1534,3.1556,0.60201,2.0188,2.9986,0.51624,2.4268,2.6342,1.6675,2.3479,4.1991,2.2885,2.6515,4.7807,0.57683,2.0254,2.9701,1.599,1.7125,3.35,0.62686,3.0504,2.4946,0.64347,2.5536,2.6261,3.0482,2.7436,6.0627,0.059645,2.8988,2.7106,4.7147,2.939,0.41267,2.2745,2.3325,3.6245,1.1581,3.0333,3.9895,1.3108,2.3695,3.4506,0.99296,3.0586,3.825,2.346,2.2293,3.736,1.1803,1.7564,3.6882,2.4305,2.3582,4.5845,2.5086,2.6765,4.054,1.3448,2.6796,4.3961,1.8941,1.8496,3.8428,1.1916,2.7028,3.7017,2.3523,2.4496,4.9202,1.5432,2.5656,3.3681,2.162,2.2305,4.1238,0.77823,1.9461,3.3333,2.2845,2.4046,3.6603,2.2467,2.3947,3.61,2.2579,1.9771,4.9942,2.5985,2.2744,4.7904,2.3391,2.2573,3.7613,1.3855,1.6172,3.8676,2.2426,2.6538,4.7226,1.9005,1.8792,3.8455,0.77693,2.1208,4.0722,1.5868,1.7756,4.2426,2.3092,2.668,4.8081,1.4521,2.374,3.2685,5.9795,2.9065,2.2916,1.8461,1.792,3.5394,1.8828,2.9107,4.1694,2.0839,1.9841,4.8531,1.181,2.5868,4.3568,1.9601,2.1749,4.8749,1.611,1.705,3.9579,1.615,2.0345,3.3542,1.0808,2.6876,3.6075,0.98175,2.7807,3.85,1.4664,2.4729,3.9007,1.1468,2.7196,3.6354,1.7983,1.6747,4.0757,0.93437,2.4567,2.8182,1.9636,2.1208,4.4531,0.25805,2.741,3.0145,1.0519,1.9411,4.2727,0.99354,2.2986,3.1049,1.6837,2.4016,4.6107,0.96727,2.0465,2.8811,0.72429,1.9769,2.7428,1.5936,1.6962,3.9629,0.94346,2.4462,2.855,1.3407,1.5782,3.8506,2.7423,2.5686,4.6214,1.0855,2.1982,3.5799,1.1741,2.7117,3.6867,1.9808,1.9864,4.5193,1.0399,1.9434,4.2676,1.8782,1.6557,3.471,1.6694,2.5269,4.0078,2.1517,2.5236,4.9043,2.1007,2.4106,3.6287,1.3628,3.0277,3.5802,1.4636,1.4875,4.1971,0.63117,2.9838,3.6496,1.6215,1.678,4.2112,0.73735,1.9916,2.7433,0.71467,2.1988,3.9763,2.6602,2.5855,4.5478,2.0342,2.1011,3.4107,1.4355,2.8079,3.5764,1.0662,2.2841,3.564,2.5616,2.0506,4.5441,1.4675,1.7194,4.4292,1.5377,2.5668,3.5794,2.0584,2.3601,4.1062,2.6539,2.3301,4.9431,0.5147,2.5334,3.0291
1912.5,0.080681,76.425,4.1887,0.16933,426.22,1.4629,1.8083,4.1175,1.2939,2.2492,4.2627,1.175,1.9547,4.2344,2.4571,2.6235,4.3026,0.85156,2.0288,4.2907,1.51,2.5532,3.8902,3.1528,2.8307,6.0076,1.1556,1.9608,4.2489,1.7244,1.6315,4.221,1.3127,2.239,4.3208,0.82609,2.0713,4.2164,3.0018,2.828,4.5609,5.5216,2.6779,1.2709,1.3151,2.7111,3.6929,0.9062,2.1524,3.0164,2.5324,2.1289,4.5637,1.4458,1.6343,3.922,0.66654,2.6318,3.8086,2.0333,1.7639,3.5235,1.0951,2.3889,3.1886,0.14273,2.3096,3.3747,1.761,1.6719,3.4126,1.9347,2.7284,4.2225,1.7874,1.6977,3.4228,1.4628,1.6152,3.9447,0.39784,2.177,3.1468,2.0995,2.4147,4.4596,1.4637,1.7012,3.2085,0.80466,1.9241,2.7256,3.0779,2.8417,5.9222,2.039,1.7916,3.5231,1.0443,2.7368,2.9415,1.8262,2.591,4.0473,0.65093,1.9191,2.7756,1.0469,2.4114,3.1079,1.9069,1.9098,4.5379,1.6832,1.6426,3.8988,0.52217,2.1807,3.7944,1.188,2.5476,3.7577,0.9223,2.1427,3.1822,2.6768,2.3652,4.4539,2.1515,2.2364,4.7831,1.5017,1.6832,3.9552,1.8981,1.939,4.5375,1.5115,2.2223,3.2552,0.7552,2.1911,3.0737,2.475,2.4234,4.4278,1.9416,2.5872,4.8144,1.8604,2.6061,4.7577,2.6479,2.3788,4.4697,1.2939,2.5421,3.8941,1.75,2.2597,4.3779,2.03,3.0009,3.9488,0.60892,2.4729,2.5774,1.4787,2.1046,4.6032,2.0838,3.002,3.9996,0.30517,2.4062,3.3344,1.6555,1.5906,4.0666,0.68933,2.0903,3.0394,2.2462,2.2788,4.6706,0.7061,2.5379,3.1278,0.93202,2.156,3.1765,0.074393,2.8847,1.8918,2.0607,2.0592,4.6965,2.6515,2.3888,4.4695,2.567,2.2788,5.0952,1.9445,2.6359,4.252,1.0883,1.7634,4.0102,4.647,2.868,0.52315,0.85696,2.1543,3.0141,1.3275,2.0781,4.3423,1.0405,2.1329,3.4625,2.1389,2.6818,4.3913,1.7243,1.5684,4.1317,1.2359,2.5146,3.1281,0.79665,2.4701,3.7329,2.0909,1.8595,3.6591,1.5451,2.4759,3.4309,1.5867,2.572,3.5957,1.6009,1.612,4.245,1.9045,2.6757,4.3556,1.9825,2.6821,4.443,3.4965,2.7413,6.241,1.7467,1.5398,4.1182,1.7726,1.9985,3.4537,2.029,2.9243,4.8329,1.2221,2.5337,3.1699,2.5988,2.4468,4.9276,1.0725,2.6283,4.054,1.5528,2.4567,3.4393,1.0931,1.819,4.0745,1.6696,1.5664,4.0633,1.7528,1.9933,3.4304,0.2066,2.9128,3.2669,2.9613,2.2759,4.6667,1.3063,1.9485,4.2226,1.3135,2.6183,3.458,1.3929,2.4497,3.3282,1.8675,1.9108,3.6626,1.931,2.4629,4.0336,1.0372,2.2978,3.1592,2.5391,2.0093,5.1336,1.2664,2.6433,3.3976,1.3643,2.4702,3.2985,0.34128,2.9262,3.3837,0.64688,1.8635,2.7882,1.6468,1.9695,4.4953,1.4645,1.7841,4.1557,5.3558,2.8832,1.6866,0.81419,2.1062,2.8248,1.0484,2.6521,4.0375,2.2482,2.5169,3.63,2.5222,2.3876,4.8356,2.9269,2.6647,4.6235,2.1315,2.4978,4.4936,2.3524,2.1311,4.2575,0.75739,2.0773,3.2711,0.51054,2.4234,3.074,0.60748,2.1439,3.7126,2.3738,2.4206,4.4813,0.93246,2.4294,3.0095,1.2339,1.5898,4.2728,1.6708,2.023,3.4416,6.0922,2.6727,1.8277,3.4185,2.9144,0.14547,0.8457,2.3776,3.0386,1.6526,1.6221,4.063,1.511,1.9063,3.1684,0.7897,2.4236,2.9419,2.1587,2.3241,4.8618,1.2064,2.5598,3.1325,1.0405,1.9749,3.4938,0.43594,1.9894,3.2923,1.726,1.9997,3.4198,2.4233,2.112,4.2508,2.2054,2.1578,5.0029,1.2638,1.6704,3.8508,0.70461,1.984,2.7761,2.2098,2.187,5.0198,2.3839,2.2392,4.5772,1.5823,2.4217,3.9726,4.4,2.9176,0.30285,1.9584,2.4321,4.0245,0.80831,1.9511,4.1246,1.2971,2.6436,4.2837,3.7588,2.7951,0.038725,1.5561,1.6447,3.3086,0.23942,2.2967,3.2772,5.1997,2.9032,1.1304,0.64771,2.7319,3.361,1.3371,2.5237,3.0323,2.1758,2.0976,4.9207,1.5013,2.0488,4.4142,1.5253,1.6394,3.3207,1.4457,2.9209,3.3904,0.58576,2.4199,2.904,0.87565,2.4326,3.0121,0.22626,2.603,3.3179,1.6638,2.3394,4.1916,0.60211,2.4183,2.8434,1.0137,2.2631,3.5937,1.3891,1.7868,4.2708,0.31492,2.3192,3.372,1.5222,1.6036,3.3007,0.56403,2.4191,2.8866,3.1703,2.856,6.1239,1.9434,2.5668,4.0179,2.0359,2.1971,4.6353,2.4203,2.7561,5.0451,1.8998,1.8912,3.8488,1.3071,1.7165,3.7217,2.1873,2.126,4.9576,1.3887,2.5981,3.9699,0.85686,3.0835,2.6775,4.7704,2.9105,0.4804,1.2908,2.6976,4.3395,1.9361,1.9172,3.9171,1.3129,2.6522,2.9377,0.5777,2.7271,3.2133,1.0365,2.8859,4.2211,0.71115,2.5533,2.6769,0.67368,2.034,2.9052,0.56986,2.4113,3.3964,1.5818,2.1693,4.2888,1.4531,2.7171,4.4998,0.53921,2.002,2.9787,1.9992,1.8303,3.7984,1.1905,1.7965,3.6959,2.2544,2.653,4.6985,1.3563,1.5944,4.1,1.3546,2.1529,3.1545,0.60005,2.0222,2.9929,0.51863,2.4257,2.6374,1.6714,2.3534,4.2031,2.2813,2.6474,4.7715,0.57383,2.0286,2.9634,1.6014,1.7121,3.3515,0.63102,3.051,2.4963,0.64645,2.5559,2.6273,3.0573,2.7427,6.0733,0.010482,2.9003,2.7234,4.7169,2.9369,0.41417,2.2716,2.328,3.6174,1.1625,3.0307,3.9963,1.3037,2.3741,3.4449,0.99513,3.0581,3.8299,2.3449,2.2289,3.7321,1.1791,1.7503,3.6916,2.4308,2.3592,4.5859,2.5046,2.6786,4.0556,1.349,2.6797,4.399,1.8945,1.8427,3.8399,1.1945,2.6981,3.7034,2.3491,2.4479,4.9123,1.5393,2.5633,3.3718,2.1619,2.2336,4.126,0.77715,1.9491,3.3304,2.2814,2.4042,3.6547,2.2417,2.3932,3.602,2.2618,1.9801,4.9978,2.5961,2.2735,4.7904,2.3376,2.2588,3.759,1.3857,1.6182,3.8695,2.2336,2.6495,4.7108,1.9014,1.8742,3.8423,0.77705,2.1194,4.0782,1.5859,1.7721,4.2416,2.302,2.6646,4.7993,1.4524,2.3738,3.2687,5.9831,2.908,2.2972,1.846,1.7916,3.5424,1.8798,2.904,4.1644,2.0878,1.9857,4.8572,1.1851,2.5872,4.3611,1.9641,2.1764,4.8753,1.611,1.7006,3.9575,1.616,2.0361,3.3526,1.0825,2.6843,3.608,0.9843,2.7784,3.8505,1.4707,2.476,3.9043,1.1478,2.7161,3.6343,1.796,1.6691,4.0751,0.93562,2.4566,2.8206,1.9672,2.1242,4.4573,0.26862,2.7369,3.0242,1.05,1.94,4.273,0.99489,2.2974,3.1088,1.6872,2.402,4.6127,0.9662,2.0449,2.8826,0.72356,1.9756,2.7431,1.5926,1.6915,3.9628,0.94431,2.4456,2.859,1.3382,1.5772,3.8515,2.7414,2.5676,4.6215,1.0851,2.2024,3.5764,1.1764,2.707,3.6882,1.9812,1.9868,4.5218,1.0378,1.942,4.2683,1.8798,1.656,3.4724,1.6698,2.5287,4.0082,2.1542,2.5221,4.9036,2.0979,2.4126,3.6241,1.3735,3.0244,3.5904,1.4645,1.489,4.1953,0.62932,2.9831,3.649,1.622,1.6742,4.2102,0.73708,1.9911,2.7435,0.71591,2.1992,3.9779,2.659,2.5848,4.5492,2.0367,2.0996,3.4097,1.4377,2.8017,3.5787,1.0645,2.2892,3.5595,2.564,2.0538,4.5492,1.4664,1.7189,4.4296,1.5345,2.5658,3.5799,2.0584,2.3638,4.1084,2.6518,2.3285,4.9404,0.51831,2.5339,3.0327
1912.5,0.080681,76.425,4.1887,0.17824,435.84,1.4601,1.8062,4.1148,1.2958,2.2506,4.2655,1.1722,1.9526,4.2343,2.456,2.6218,4.3038,0.85091,2.0278,4.2935,1.5094,2.556,3.8899,3.1611,2.8295,6.0179,1.152,1.9588,4.2498,1.7234,1.6271,4.2193,1.314,2.2394,4.3256,0.82469,2.0716,4.2168,3.0066,2.8275,4.5635,5.515,2.6726,1.2644,1.3167,2.7062,3.6938,0.9038,2.1524,3.0161,2.5355,2.133,4.5704,1.4442,1.6323,3.923,0.66661,2.6346,3.8043,2.0347,1.7637,3.5258,1.0934,2.3872,3.1919,0.13499,2.3105,3.3636,1.7596,1.6712,3.4138,1.9283,2.7236,4.2153,1.7877,1.6986,3.4245,1.4624,1.6129,3.9459,0.39853,2.1786,3.1447,2.1018,2.4164,4.4619,1.463,1.7027,3.2088,0.8037,1.9253,2.7246,3.0825,2.8416,5.9286,2.0413,1.7928,3.5258,1.0463,2.7382,2.9443,1.8271,2.5916,4.0501,0.65202,1.9208,2.7754,1.0449,2.4097,3.1097,1.9074,1.9096,4.5403,1.6832,1.6407,3.8992,0.52353,2.1792,3.7979,1.1886,2.5513,3.758,0.91847,2.1457,3.1785,2.6831,2.3677,4.4611,2.1558,2.2399,4.7881,1.5033,1.6837,3.9572,1.8992,1.9405,4.5399,1.5129,2.2244,3.2544,0.75134,2.196,3.0685,2.4785,2.4257,4.4341,1.9414,2.5873,4.8097,1.8573,2.6066,4.752,2.6547,2.3827,4.4811,1.2938,2.5448,3.8912,1.7543,2.2615,4.3826,2.0291,2.998,3.9469,0.61296,2.4733,2.5814,1.4742,2.1078,4.6018,2.0855,2.9983,3.9999,0.3008,2.4071,3.3299,1.6553,1.5892,4.0658,0.68809,2.0927,3.0369,2.246,2.28,4.6707,0.70771,2.5338,3.1331,0.92853,2.1594,3.1725,0.072008,2.8839,1.8884,2.0655,2.0632,4.7023,2.6578,2.3925,4.4798,2.563,2.2759,5.0915,1.9402,2.6283,4.2479,1.0886,1.7587,4.0136,4.6479,2.8619,0.52456,0.85564,2.156,3.0127,1.3287,2.0774,4.3456,1.039,2.1356,3.4602,2.1324,2.6782,4.3843,1.7258,1.5666,4.1303,1.24,2.513,3.13,0.7989,2.4725,3.7306,2.093,1.8566,3.6559,1.5426,2.4776,3.4296,1.5835,2.5739,3.596,1.5975,1.6102,4.2447,1.8979,2.6685,4.347,1.9792,2.6759,4.4389,3.5047,2.7388,6.2483,1.7494,1.5366,4.1158,1.7765,1.9981,3.4541,2.0251,2.9238,4.8295,1.2249,2.533,3.1735,2.5971,2.4468,4.9244,1.0743,2.6295,4.0528,1.5505,2.458,3.4381,1.0883,1.8186,4.0743,1.6704,1.5643,4.0623,1.7556,1.9926,3.4296,0.20257,2.9109,3.263,2.9654,2.2743,4.6707,1.3058,1.9481,4.2238,1.3153,2.6156,3.4635,1.3893,2.4498,3.3277,1.8692,1.9068,3.6599,1.9303,2.4684,4.0364,1.034,2.2984,3.1579,2.5388,2.0076,5.1329,1.2679,2.6416,3.4026,1.3592,2.4708,3.2966,0.34462,2.9248,3.387,0.64528,1.8655,2.7826,1.643,1.9671,4.4974,1.4644,1.7805,4.1573,5.3458,2.882,1.6776,0.81387,2.1057,2.8268,1.0489,2.6544,4.0354,2.255,2.5158,3.6319,2.5177,2.3845,4.8287,2.9343,2.6619,4.6291,2.1306,2.4969,4.4922,2.3526,2.1331,4.2617,0.75554,2.0821,3.2654,0.51911,2.4209,3.0829,0.60764,2.1439,3.7126,2.3729,2.4177,4.4837,0.94196,2.4273,3.0176,1.2323,1.5909,4.271,1.6684,2.0234,3.4407,6.081,2.6709,1.8155,3.4254,2.9128,0.15312,0.84693,2.3743,3.0439,1.6522,1.6209,4.0618,1.5118,1.9081,3.1678,0.79091,2.4217,2.9452,2.1588,2.3224,4.8572,1.2092,2.5601,3.135,1.0422,1.975,3.4933,0.42961,1.9898,3.2951,1.7272,1.9985,3.4181,2.4261,2.1138,4.2545,2.2079,2.1577,5.0032,1.2618,1.6669,3.8526,0.70556,1.984,2.7773,2.2126,2.1878,5.0205,2.3871,2.2414,4.5828,1.5831,2.4276,3.9729,4.407,2.9123,0.30896,1.9589,2.4377,4.0267,0.80679,1.9507,4.1244,1.3038,2.6472,4.2874,3.7694,2.7919,0.048384,1.5576,1.6466,3.31,0.23563,2.2964,3.271,5.2006,2.8982,1.1312,0.65055,2.7291,3.3644,1.3399,2.5247,3.034,2.1786,2.0953,4.919,1.5019,2.0455,4.4174,1.5253,1.64,3.3224,1.4486,2.9206,3.3909,0.59229,2.4182,2.9132,0.87415,2.4314,3.0139,0.22569,2.6023,3.3155,1.667,2.3435,4.1956,0.60878,2.4171,2.8494,1.0109,2.2687,3.589,1.3889,1.7857,4.2692,0.31471,2.32,3.3706,1.5219,1.6025,3.3016,0.56937,2.4178,2.8946,3.1793,2.8548,6.1347,1.9406,2.5662,4.0175,2.0394,2.1977,4.6376,2.4087,2.7542,5.0321,1.9002,1.8865,3.8459,1.3076,1.7117,3.7234,2.1896,2.1247,4.9567,1.3884,2.5959,3.9682,0.83915,3.0838,2.6589,4.7728,2.9062,0.48254,1.2929,2.698,4.3402,1.9379,1.9148,3.9189,1.3163,2.6533,2.9416,0.58492,2.7248,3.2223,1.0417,2.8848,4.2258,0.71739,2.5552,2.6809,0.67299,2.038,2.9025,0.57231,2.4116,3.3961,1.583,2.1683,4.2918,1.4621,2.7178,4.5076,0.53499,2.0043,2.9718,2.0,1.8273,3.798,1.1901,1.7933,3.6988,2.2483,2.6498,4.6888,1.3546,1.5967,4.0957,1.3525,2.1524,3.1534,0.59813,2.0255,2.9873,0.5206,2.4247,2.6404,1.6753,2.3588,4.2071,2.2745,2.6433,4.7627,0.57092,2.0316,2.9569,1.6043,1.7114,3.3533,0.63462,3.0518,2.4975,0.6493,2.5582,2.6285,3.0661,2.7417,6.0838,0.03866,2.9017,2.7367,4.7191,2.9351,0.41565,2.2689,2.3234,3.6102,1.166,3.0281,4.0019,1.2965,2.3784,3.4393,0.99646,3.0578,3.8339,2.3438,2.2284,3.7283,1.1777,1.7441,3.695,2.4311,2.3602,4.5871,2.5006,2.6807,4.0573,1.3533,2.6797,4.4019,1.8948,1.8359,3.8372,1.1972,2.6933,3.705,2.346,2.4463,4.9045,1.5356,2.5609,3.3755,2.1619,2.2369,4.1283,0.776,1.9522,3.3276,2.2785,2.4037,3.6491,2.2368,2.3917,3.594,2.2655,1.9829,5.0011,2.5936,2.2726,4.7901,2.3361,2.2601,3.7566,1.3859,1.6191,3.8712,2.225,2.6452,4.6995,1.9022,1.8692,3.839,0.7772,2.118,4.084,1.5851,1.7687,4.2404,2.295,2.6612,4.7907,1.4527,2.3735,3.2688,5.9868,2.9093,2.303,1.846,1.7913,3.5453,1.8771,2.8973,4.1596,2.0915,1.9873,4.8611,1.1891,2.5876,4.3652,1.968,2.1779,4.8757,1.611,1.6963,3.9572,1.6172,2.0378,3.3511,1.0842,2.6811,3.6083,0.98674,2.7761,3.8509,1.475,2.4788,3.908,1.1487,2.7126,3.6331,1.7936,1.6637,4.0744,0.93685,2.4566,2.823,1.9708,2.1274,4.4616,0.27906,2.7326,3.0336,1.0481,1.9389,4.2734,0.99614,2.2961,3.1125,1.6908,2.4024,4.6147,0.96511,2.0434,2.8839,0.72286,1.9744,2.7434,1.5918,1.6869,3.9628,0.94508,2.4451,2.8627,1.3357,1.5762,3.8525,2.7405,2.5665,4.6218,1.0846,2.2067,3.573,1.1787,2.7023,3.6896,1.9816,1.9872,4.5243,1.0357,1.9407,4.269,1.8814,1.6563,3.4736,1.6702,2.5304,4.0086,2.1566,2.5206,4.9029,2.0951,2.4146,3.6195,1.3839,3.0212,3.6003,1.4653,1.4906,4.1936,0.62731,2.9823,3.6482,1.6226,1.6705,4.2092,0.73682,1.9905,2.7437,0.7171,2.1997,3.9795,2.6577,2.584,4.5507,2.0392,2.098,3.4087,1.44,2.7956,3.5809,1.0629,2.2941,3.5549,2.5663,2.057,4.5544,1.4654,1.7185,4.4301,1.5313,2.5647,3.5805,2.0585,2.3674,4.1107,2.6498,2.3268,4.9378,0.52182,2.5343,3.0362
1912.5,0.080681,76.425,4.1887,0.18716,445.81,1.4573,1.8042,4.1122,1.2976,2.2518,4.2686,1.1695,1.9505,4.234,2.455,2.6201,4.305,0.85025,2.0269,4.2963,1.5088,2.5589,3.8895,3.1694,2.8281,6.0282,1.1486,1.9567,4.2507,1.7224,1.6225,4.2176,1.3154,2.2399,4.3303,0.82333,2.0719,4.2171,3.0114,2.8269,4.566,5.5086,2.6672,1.2582,1.318,2.7015,3.6945,0.90142,2.1525,3.0159,2.5386,2.137,4.5771,1.4425,1.6304,3.924,0.66664,2.6373,3.7997,2.0362,1.7634,3.528,1.0915,2.3855,3.1949,0.12722,2.3113,3.3525,1.7582,1.6705,3.4153,1.9223,2.7189,4.2086,1.7878,1.6996,3.4262,1.4621,1.6109,3.9472,0.39924,2.1801,3.1428,2.1039,2.418,4.4641,1.4624,1.7042,3.2091,0.80277,1.9263,2.7238,3.0872,2.8415,5.9352,2.0438,1.794,3.5286,1.0482,2.7397,2.947,1.8281,2.5922,4.053,0.65311,1.9225,2.7751,1.0427,2.4082,3.1114,1.9081,1.9094,4.5428,1.6833,1.639,3.8996,0.525,2.1775,3.8016,1.1892,2.5547,3.7582,0.91469,2.1486,3.1748,2.6893,2.3702,4.4682,2.1602,2.2433,4.793,1.5047,1.6842,3.9591,1.9003,1.9419,4.5425,1.5144,2.2264,3.2536,0.74758,2.2007,3.0637,2.4822,2.4278,4.4404,1.941,2.5874,4.805,1.8544,2.6072,4.7462,2.6616,2.3864,4.4925,1.2935,2.5473,3.8881,1.7586,2.2633,4.3871,2.0282,2.9951,3.9451,0.61676,2.4738,2.5851,1.4695,2.1111,4.6001,2.0871,2.9945,4.0004,0.29654,2.4081,3.3256,1.655,1.5877,4.0649,0.68688,2.0949,3.0345,2.2457,2.2812,4.6707,0.70898,2.5297,3.1381,0.92515,2.1626,3.1688,0.06974,2.8831,1.8849,2.0701,2.0671,4.7078,2.6639,2.3961,4.49,2.5594,2.273,5.0881,1.9363,2.6212,4.2441,1.0889,1.7541,4.017,4.6485,2.8561,0.52587,0.85445,2.1577,3.0115,1.33,2.0766,4.349,1.0376,2.1384,3.4577,2.126,2.6747,4.3773,1.7272,1.5649,4.129,1.244,2.5114,3.1317,0.80114,2.4748,3.7284,2.0951,1.8536,3.6528,1.5401,2.4793,3.4283,1.5805,2.5756,3.5966,1.594,1.6086,4.2443,1.8917,2.6615,4.339,1.9763,2.6699,4.4351,3.5127,2.7363,6.2554,1.7522,1.5333,4.1135,1.7805,1.9978,3.4545,2.0213,2.9235,4.8263,1.2277,2.5324,3.1771,2.5954,2.4469,4.9212,1.0762,2.6307,4.0514,1.5482,2.4595,3.437,1.0835,1.8181,4.0742,1.6712,1.5625,4.0612,1.7583,1.9918,3.4289,0.19845,2.9092,3.2591,2.9695,2.2725,4.6746,1.3053,1.9477,4.2249,1.3171,2.6133,3.4688,1.3857,2.4499,3.3272,1.8709,1.9027,3.6573,1.9297,2.4737,4.0393,1.0309,2.2992,3.1565,2.5385,2.006,5.1321,1.2695,2.6401,3.4076,1.3542,2.4716,3.2947,0.34794,2.9234,3.3902,0.64372,1.8672,2.7771,1.6391,1.9649,4.4992,1.4642,1.7771,4.1588,5.3359,2.8807,1.6685,0.81353,2.1051,2.8287,1.0493,2.6565,4.0332,2.2617,2.5146,3.6336,2.5135,2.3816,4.8221,2.9416,2.6591,4.6347,2.1298,2.496,4.4907,2.3528,2.1352,4.266,0.75359,2.0868,3.2596,0.52745,2.4185,3.0917,0.60777,2.1438,3.7126,2.3721,2.415,4.4861,0.95127,2.4252,3.0255,1.2307,1.5919,4.2693,1.6662,2.0237,3.4396,6.0698,2.669,1.8034,3.4318,2.9112,0.16019,0.84776,2.3712,3.0486,1.6518,1.6197,4.0607,1.5127,1.9099,3.1672,0.792,2.4199,2.9484,2.159,2.3207,4.8525,1.2119,2.5604,3.1373,1.0439,1.9753,3.4928,0.42327,1.9906,3.298,1.7283,1.9973,3.4164,2.4288,2.1157,4.2582,2.2102,2.1574,5.0034,1.2598,1.6635,3.8541,0.70649,1.984,2.7786,2.2152,2.1884,5.0211,2.3903,2.2435,4.5883,1.5839,2.4333,3.9732,4.414,2.9071,0.31498,1.9594,2.4432,4.0287,0.80531,1.9503,4.1241,1.3104,2.6508,4.2911,3.7798,2.7886,0.059221,1.5591,1.6485,3.3116,0.232,2.2959,3.2649,5.2017,2.8933,1.1323,0.65307,2.7264,3.3674,1.3424,2.5256,3.0356,2.1814,2.0933,4.9176,1.5025,2.0421,4.4206,1.5253,1.6404,3.3242,1.4515,2.9205,3.3914,0.59864,2.4164,2.9222,0.87268,2.4301,3.0157,0.22509,2.6016,3.3132,1.6701,2.3476,4.1998,0.61528,2.4159,2.8552,1.0079,2.2744,3.5841,1.3887,1.7847,4.2674,0.31451,2.3207,3.3693,1.5216,1.6013,3.3026,0.57457,2.4164,2.9024,3.1881,2.8535,6.1456,1.9378,2.5658,4.017,2.0428,2.1983,4.6398,2.3975,2.7523,5.0192,1.9006,1.8815,3.8431,1.3082,1.7071,3.7249,2.1919,2.1233,4.9557,1.3881,2.5939,3.9667,0.82078,3.0841,2.6394,4.7747,2.9016,0.48441,1.295,2.6984,4.3408,1.9399,1.9124,3.9206,1.3199,2.6544,2.9454,0.59167,2.7226,3.231,1.0468,2.8837,4.2304,0.72342,2.557,2.6848,0.67236,2.0418,2.8999,0.57506,2.4118,3.396,1.5843,2.1672,4.2947,1.471,2.7184,4.5153,0.53089,2.0065,2.9649,2.0009,1.8244,3.7977,1.1897,1.79,3.7018,2.2427,2.6468,4.6798,1.3529,1.5987,4.0914,1.3502,2.1518,3.1523,0.59622,2.0287,2.9818,0.52219,2.4238,2.6429,1.6794,2.3642,4.2111,2.268,2.6392,4.7542,0.5681,2.0345,2.9506,1.6077,1.7105,3.355,0.63781,3.0525,2.4984,0.65202,2.5606,2.6294,3.075,2.7408,6.0941,0.04566,2.903,2.7506,4.7213,2.9335,0.41715,2.2663,2.3189,3.6031,1.1688,3.0256,4.0066,1.2894,2.3825,3.4337,0.99708,3.0576,3.8374,2.3428,2.2279,3.7245,1.1762,1.7377,3.6986,2.4314,2.3613,4.5884,2.4966,2.6827,4.0591,1.3576,2.6798,4.4048,1.8952,1.8288,3.8346,1.1997,2.6887,3.7065,2.3431,2.4448,4.8968,1.5317,2.5585,3.3792,2.1619,2.2401,4.1305,0.77481,1.9553,3.3247,2.2756,2.4031,3.6434,2.2319,2.3902,3.586,2.2691,1.9854,5.0041,2.5912,2.2715,4.7899,2.3346,2.2618,3.7543,1.3862,1.62,3.8729,2.2168,2.641,4.6885,1.9031,1.8641,3.8358,0.77739,2.1167,4.0898,1.5843,1.7654,4.2392,2.2881,2.6578,4.7821,1.453,2.3734,3.2691,5.991,2.9107,2.309,1.846,1.7911,3.5482,1.8747,2.8908,4.155,2.0953,1.9886,4.8648,1.193,2.588,4.3694,1.972,2.1793,4.8759,1.611,1.6922,3.9569,1.6185,2.0394,3.3496,1.0857,2.6781,3.6085,0.98911,2.7739,3.8511,1.4793,2.4815,3.9116,1.1497,2.7093,3.6319,1.7911,1.6583,4.0738,0.93805,2.4566,2.8253,1.9746,2.1307,4.4659,0.2894,2.7283,3.0429,1.0462,1.9377,4.2737,0.99729,2.295,3.1161,1.6944,2.4029,4.6167,0.96401,2.0418,2.8852,0.72217,1.9732,2.7437,1.5909,1.6824,3.9627,0.94577,2.4445,2.8665,1.3331,1.5751,3.8534,2.7396,2.5654,4.6221,1.084,2.2111,3.5694,1.1808,2.6979,3.6909,1.9821,1.9875,4.5268,1.0336,1.9392,4.2697,1.8829,1.6565,3.4751,1.6705,2.5321,4.009,2.1591,2.5191,4.9023,2.0924,2.4165,3.615,1.3943,3.0178,3.6102,1.4662,1.492,4.1918,0.62512,2.9815,3.647,1.6233,1.6668,4.2083,0.73657,1.9899,2.744,0.71825,2.2003,3.981,2.6565,2.5832,4.552,2.0418,2.0965,3.4077,1.4421,2.7896,3.5831,1.0612,2.299,3.5505,2.5687,2.0603,4.5596,1.4644,1.7181,4.4306,1.5283,2.5638,3.5809,2.0587,2.371,4.1129,2.6479,2.3251,4.9352,0.5253,2.5349,3.0396
1912.5,0.080681,76.425,4.1887,0.19607,456.15,1.4546,1.8022,4.1096,1.2997,2.2531,4.2717,1.1668,1.9484,4.2338,2.4541,2.6184,4.3063,0.84957,2.026,4.2989,1.5083,2.5616,3.8892,3.1778,2.8267,6.0383,1.1452,1.9547,4.2516,1.7215,1.6182,4.2158,1.3166,2.2403,4.3351,0.82201,2.0722,4.2176,3.0161,2.8264,4.5685,5.5025,2.6619,1.2524,1.3191,2.6972,3.695,0.89907,2.1526,3.0157,2.5417,2.1409,4.5836,1.4409,1.6286,3.9249,0.66667,2.6399,3.7954,2.0376,1.7632,3.5303,1.0894,2.3841,3.1976,0.11949,2.312,3.3414,1.7568,1.6697,3.4165,1.9166,2.7142,4.2023,1.7881,1.7005,3.428,1.4618,1.6088,3.9482,0.39999,2.1815,3.1409,2.106,2.4196,4.4662,1.4618,1.7058,3.2094,0.80188,1.9272,2.7231,3.0922,2.8414,5.9418,2.0464,1.795,3.5313,1.0502,2.7411,2.9497,1.8291,2.5927,4.0558,0.65419,1.9242,2.7749,1.0405,2.4065,3.1131,1.9086,1.9092,4.5453,1.6834,1.6372,3.9,0.52657,2.1759,3.8054,1.1899,2.5579,3.7585,0.91102,2.1514,3.1714,2.6952,2.3725,4.4749,2.1644,2.2465,4.7978,1.5064,1.6845,3.961,1.9015,1.9435,4.545,1.516,2.2284,3.2529,0.74391,2.2053,3.059,2.4857,2.4298,4.4466,1.9406,2.5876,4.8002,1.8516,2.6077,4.7406,2.6685,2.39,4.5038,1.2933,2.5499,3.8851,1.7629,2.2652,4.3918,2.0272,2.9923,3.9432,0.62035,2.4741,2.5885,1.4647,2.1144,4.5985,2.0889,2.9908,4.0009,0.29249,2.4089,3.3217,1.6548,1.5864,4.0641,0.68569,2.097,3.0321,2.2455,2.2822,4.6707,0.70999,2.5257,3.143,0.92198,2.1655,3.1654,0.067607,2.8823,1.8817,2.0749,2.0708,4.7133,2.6699,2.3993,4.4999,2.5564,2.2703,5.085,1.9328,2.6145,4.2407,1.0892,1.7494,4.0202,4.6489,2.8505,0.52686,0.85332,2.1593,3.0104,1.3312,2.0759,4.3521,1.036,2.1412,3.4552,2.1199,2.6713,4.3708,1.7286,1.563,4.1277,1.2479,2.51,3.1334,0.80334,2.4772,3.726,2.0973,1.8508,3.6498,1.5377,2.481,3.4272,1.5776,2.5774,3.5972,1.5906,1.6073,4.244,1.886,2.6548,4.3313,1.9737,2.6641,4.4317,3.5208,2.7337,6.2638,1.7551,1.5301,4.1111,1.7845,1.9975,3.455,2.0177,2.9231,4.8231,1.2304,2.5319,3.1804,2.5936,2.447,4.918,1.078,2.6318,4.0501,1.5458,2.4609,3.436,1.0788,1.8177,4.0741,1.672,1.5606,4.0602,1.7611,1.9911,3.4282,0.19443,2.9073,3.2552,2.9735,2.2707,4.6783,1.3048,1.9472,4.2259,1.3188,2.611,3.474,1.3822,2.4501,3.3269,1.8727,1.8987,3.6549,1.9291,2.4788,4.0421,1.0278,2.2998,3.1553,2.5382,2.0046,5.1314,1.2709,2.6385,3.4125,1.3492,2.4722,3.2928,0.35132,2.9218,3.3936,0.64222,1.869,2.7717,1.6353,1.9627,4.501,1.4641,1.7737,4.1604,5.3261,2.8795,1.6596,0.81319,2.1046,2.8306,1.0496,2.6587,4.031,2.2685,2.5134,3.6354,2.5097,2.3787,4.8157,2.9489,2.6563,4.6402,2.1291,2.4952,4.4895,2.353,2.1374,4.2703,0.75154,2.0915,3.2538,0.53558,2.4162,3.1002,0.60797,2.1437,3.7127,2.3715,2.4124,4.4885,0.96034,2.4231,3.0332,1.2289,1.593,4.2675,1.6638,2.024,3.4386,6.0586,2.6669,1.7914,3.4377,2.9095,0.16679,0.84825,2.3682,3.0526,1.6514,1.6186,4.0596,1.5135,1.9117,3.1666,0.79296,2.418,2.9513,2.1592,2.319,4.8481,1.2146,2.5607,3.1397,1.0458,1.9754,3.4924,0.41702,1.9913,3.3008,1.7294,1.9961,3.4148,2.4316,2.1176,4.262,2.2126,2.1572,5.0036,1.2576,1.6603,3.8556,0.70737,1.9839,2.7797,2.2178,2.1889,5.0216,2.3934,2.2456,4.5937,1.5847,2.4388,3.9735,4.4205,2.9018,0.32079,1.9598,2.4488,4.0309,0.80384,1.95,4.1239,1.317,2.6543,4.2947,3.7898,2.7854,0.069516,1.5608,1.6505,3.313,0.22853,2.2954,3.259,5.2027,2.8884,1.1333,0.6554,2.7237,3.3702,1.345,2.5266,3.0369,2.1843,2.0913,4.9163,1.5029,2.0388,4.4237,1.5254,1.6408,3.326,1.4543,2.9203,3.3916,0.60481,2.4149,2.931,0.87132,2.4288,3.0177,0.22448,2.6009,3.3108,1.6732,2.3516,4.2037,0.6217,2.4149,2.861,1.0048,2.28,3.5791,1.3885,1.7836,4.2656,0.31433,2.3213,3.368,1.5213,1.6002,3.3035,0.57967,2.4152,2.9101,3.1967,2.8523,6.1559,1.9351,2.5653,4.0166,2.0461,2.1988,4.642,2.3864,2.7502,5.0065,1.9009,1.8765,3.8404,1.3087,1.7025,3.7265,2.1943,2.1221,4.9548,1.3878,2.592,3.9651,0.80204,3.0844,2.6198,4.7765,2.8972,0.48636,1.2972,2.6987,4.3414,1.9418,1.91,3.9224,1.3233,2.6555,2.9492,0.59799,2.7205,3.2391,1.0519,2.8826,4.2351,0.7293,2.5589,2.6885,0.67182,2.0455,2.8974,0.57772,2.4121,3.396,1.5856,2.1662,4.2977,1.4796,2.7189,4.5228,0.52699,2.0088,2.9584,2.0017,1.8215,3.7974,1.1893,1.7868,3.7047,2.2375,2.6438,4.6712,1.3512,1.6006,4.0872,1.348,2.1513,3.1513,0.59437,2.0317,2.9765,0.52379,2.423,2.6455,1.6834,2.3695,4.215,2.2618,2.6352,4.7461,0.56541,2.0372,2.9446,1.6109,1.7098,3.3568,0.64081,3.0532,2.499,0.6546,2.5632,2.6302,3.0838,2.7397,6.1043,0.05669,2.9041,2.7647,4.7234,2.9318,0.41877,2.2638,2.3143,3.5963,1.1711,3.0231,4.011,1.2826,2.3863,3.4282,0.99721,3.0574,3.8402,2.3418,2.2274,3.7207,1.1748,1.7313,3.7022,2.4317,2.3623,4.5895,2.4927,2.6846,4.0609,1.3617,2.6799,4.4077,1.8955,1.822,3.832,1.2023,2.684,3.708,2.3404,2.4432,4.8895,1.528,2.5562,3.3828,2.1619,2.2435,4.1329,0.77357,1.9585,3.3217,2.2728,2.4025,3.6378,2.2272,2.3885,3.5781,2.2726,1.9878,5.0069,2.5887,2.2705,4.7897,2.3332,2.2633,3.752,1.3864,1.6207,3.8747,2.209,2.6369,4.6781,1.9039,1.8591,3.8326,0.77758,2.1152,4.0955,1.5835,1.762,4.2381,2.2816,2.6545,4.7738,1.4533,2.3732,3.2692,5.9949,2.912,2.315,1.8461,1.7908,3.5509,1.8724,2.8843,4.1507,2.0989,1.9899,4.8682,1.1968,2.5883,4.3734,1.9758,2.1809,4.8762,1.611,1.6882,3.9566,1.6197,2.0412,3.3482,1.087,2.6752,3.6086,0.99135,2.7717,3.8512,1.4834,2.4842,3.9152,1.1505,2.7061,3.6307,1.7887,1.6532,4.0733,0.93926,2.4566,2.8276,1.9783,2.1341,4.47,0.2996,2.724,3.052,1.0443,1.9367,4.274,0.99834,2.294,3.1195,1.698,2.4034,4.6188,0.96287,2.0404,2.8863,0.7215,1.9721,2.744,1.5901,1.6782,3.9627,0.94638,2.444,2.87,1.3305,1.5741,3.8543,2.7389,2.5644,4.6224,1.0834,2.2154,3.5659,1.1829,2.6936,3.692,1.9825,1.9879,4.5294,1.0316,1.9379,4.2704,1.8846,1.6568,3.4764,1.6708,2.5338,4.0095,2.1617,2.5177,4.9018,2.0898,2.4185,3.6106,1.4044,3.0144,3.6199,1.4669,1.4936,4.19,0.62281,2.9808,3.6459,1.6241,1.6633,4.2073,0.73631,1.9894,2.7442,0.71937,2.2008,3.9824,2.6552,2.5825,4.5536,2.0443,2.0948,3.4069,1.4442,2.7837,3.5854,1.0593,2.3038,3.5461,2.5712,2.0636,4.5648,1.4636,1.7178,4.431,1.5253,2.5629,3.5815,2.0588,2.3744,4.1152,2.6461,2.3236,4.9328,0.52872,2.5354,3.043
1912.5,0.080681,76.425,4.1887,0.20498,465.9,1.4519,1.8001,4.1071,1.3018,2.2544,4.2748,1.1642,1.9463,4.2337,2.4532,2.6168,4.3076,0.84886,2.0252,4.3016,1.5076,2.5643,3.8888,3.1861,2.8253,6.0485,1.1417,1.9525,4.2525,1.7205,1.6139,4.214,1.3178,2.2407,4.3397,0.82071,2.0725,4.2179,3.0206,2.8258,4.5708,5.4968,2.6566,1.2471,1.3201,2.6931,3.6953,0.89671,2.1526,3.0155,2.5448,2.1447,4.5901,1.4394,1.6268,3.9259,0.6667,2.6425,3.7909,2.0391,1.7629,3.5326,1.0871,2.3827,3.2,0.11179,2.3126,3.3305,1.7554,1.6689,3.4179,1.9112,2.7096,4.1963,1.7882,1.7013,3.4296,1.4616,1.6068,3.9494,0.40076,2.1828,3.139,2.1081,2.421,4.4682,1.4611,1.7072,3.2097,0.80103,1.928,2.7224,3.0973,2.8414,5.9486,2.0489,1.7961,3.5341,1.0523,2.7426,2.9523,1.8302,2.5934,4.0587,0.65526,1.9257,2.7748,1.0382,2.405,3.1146,1.9093,1.909,4.5477,1.6834,1.6357,3.9005,0.52822,2.1743,3.8092,1.1907,2.5608,3.7589,0.90741,2.154,3.168,2.701,2.3747,4.4813,2.1688,2.2497,4.8025,1.5079,1.6849,3.9628,1.9028,1.945,4.5475,1.5175,2.2305,3.2521,0.74031,2.2097,3.0545,2.4893,2.4319,4.453,1.9403,2.5877,4.7953,1.8489,2.6083,4.735,2.6752,2.3936,4.5152,1.2931,2.5523,3.8821,1.7673,2.2671,4.3965,2.0263,2.9894,3.9413,0.62373,2.4746,2.5918,1.4598,2.1176,4.5965,2.0907,2.9871,4.0015,0.28854,2.4097,3.3178,1.6546,1.5851,4.0632,0.68453,2.099,3.0299,2.2451,2.2833,4.6705,0.71078,2.5217,3.1478,0.91891,2.1683,3.1621,0.065639,2.8815,1.8787,2.0796,2.0743,4.7187,2.6757,2.4025,4.5095,2.5537,2.2675,5.0822,1.9297,2.6082,4.2377,1.0894,1.7448,4.0236,4.6488,2.8451,0.52751,0.85231,2.1608,3.0095,1.3325,2.0752,4.3554,1.0344,2.144,3.4527,2.114,2.668,4.3645,1.73,1.5614,4.1264,1.2518,2.5086,3.1349,0.80555,2.4796,3.7238,2.0994,1.8481,3.647,1.5354,2.4826,3.4261,1.5748,2.579,3.5979,1.5872,1.6063,4.2437,1.8809,2.6482,4.3242,1.9715,2.6585,4.4287,3.5288,2.7312,6.2777,1.758,1.5267,4.1086,1.7886,1.9971,3.4556,2.014,2.923,4.8198,1.233,2.5314,3.1838,2.592,2.447,4.9149,1.0796,2.6328,4.0487,1.5435,2.4623,3.4349,1.0741,1.817,4.0742,1.6728,1.5588,4.0592,1.7638,1.9902,3.4275,0.19034,2.9055,3.2512,2.9774,2.2689,4.6819,1.3043,1.9469,4.2271,1.3202,2.6088,3.479,1.3787,2.4502,3.3265,1.8745,1.8948,3.6524,1.9285,2.4837,4.045,1.0247,2.3004,3.154,2.538,2.0032,5.1306,1.2723,2.6371,3.4174,1.3443,2.4728,3.2909,0.3547,2.9203,3.3968,0.64074,1.8706,2.7666,1.6315,1.9606,4.5025,1.4641,1.7705,4.1618,5.3165,2.8783,1.6508,0.81287,2.1041,2.8326,1.0499,2.6609,4.0288,2.2751,2.512,3.6371,2.506,2.376,4.8096,2.9561,2.6533,4.6456,2.1284,2.4944,4.4883,2.3532,2.1395,4.2747,0.7494,2.0961,3.248,0.54355,2.414,3.1085,0.60817,2.1436,3.7128,2.3712,2.4102,4.491,0.96927,2.421,3.0409,1.2273,1.5943,4.2655,1.6614,2.0242,3.4375,6.0477,2.6647,1.7797,3.4433,2.9079,0.17286,0.84843,2.3655,3.0565,1.651,1.6174,4.0586,1.5143,1.9132,3.166,0.79382,2.4162,2.9541,2.1595,2.3173,4.8437,1.2172,2.5612,3.1419,1.0475,1.9755,3.492,0.41073,1.9922,3.3034,1.7306,1.9948,3.4131,2.4345,2.1194,4.2657,2.2148,2.1571,5.0037,1.2555,1.6571,3.857,0.70822,1.9839,2.7809,2.2202,2.1893,5.0219,2.3964,2.2477,4.5989,1.5855,2.4443,3.9737,4.427,2.8965,0.32647,1.9603,2.4544,4.0331,0.80241,1.9497,4.1237,1.3236,2.6578,4.2983,3.7997,2.7822,0.079616,1.5623,1.6525,3.3145,0.22517,2.2951,3.2532,5.2036,2.8835,1.1344,0.65748,2.7211,3.3728,1.3473,2.5276,3.0382,2.1872,2.0893,4.9151,1.5034,2.0353,4.4268,1.5254,1.6413,3.3278,1.457,2.9203,3.3918,0.61083,2.4133,2.9397,0.86999,2.4275,3.0197,0.22382,2.6002,3.3084,1.6765,2.3554,4.2079,0.62798,2.4137,2.8668,1.0016,2.2857,3.574,1.3883,1.7826,4.2638,0.31414,2.3219,3.3667,1.5211,1.599,3.3045,0.58466,2.414,2.9178,3.2051,2.851,6.1661,1.9325,2.5649,4.0162,2.0495,2.1993,4.6442,2.3757,2.748,4.994,1.9013,1.8715,3.8377,1.3092,1.6981,3.728,2.1965,2.1208,4.9539,1.3876,2.5901,3.9636,0.78264,3.0847,2.5994,4.778,2.8927,0.48821,1.2993,2.699,4.342,1.9439,1.9075,3.9241,1.3267,2.6565,2.9529,0.60388,2.7184,3.2468,1.057,2.8814,4.2396,0.73493,2.5609,2.692,0.67133,2.049,2.8952,0.58062,2.4123,3.3961,1.5869,2.165,4.3007,1.488,2.7194,4.53,0.52323,2.0109,2.9519,2.0025,1.8187,3.7972,1.1888,1.7835,3.7075,2.2326,2.641,4.6631,1.3495,1.6024,4.0829,1.3458,2.1506,3.1502,0.59256,2.0347,2.9713,0.52523,2.4222,2.6479,1.6875,2.3748,4.2188,2.256,2.6313,4.7382,0.5628,2.0397,2.9388,1.6143,1.7089,3.3585,0.64321,3.054,2.4992,0.65704,2.5656,2.6308,3.0926,2.7385,6.1145,0.067975,2.9052,2.779,4.7256,2.9304,0.42042,2.2615,2.3097,3.5893,1.1727,3.0207,4.0144,1.2757,2.3899,3.4229,0.99618,3.0573,3.842,2.3407,2.227,3.717,1.1733,1.7247,3.7059,2.432,2.3632,4.5908,2.4889,2.6865,4.0627,1.366,2.68,4.4106,1.8959,1.8152,3.8297,1.2046,2.6795,3.7094,2.3379,2.4418,4.8823,1.5242,2.554,3.3863,2.162,2.2468,4.1354,0.77229,1.9616,3.3187,2.2701,2.4019,3.6322,2.2227,2.387,3.5702,2.276,1.9899,5.0094,2.5863,2.2695,4.7894,2.3318,2.2648,3.7498,1.3865,1.6213,3.8763,2.2016,2.6327,4.6681,1.9048,1.854,3.8295,0.77777,2.1137,4.1013,1.5827,1.7586,4.2368,2.2751,2.6511,4.7657,1.4535,2.3732,3.2693,5.9992,2.9133,2.3212,1.8462,1.7906,3.5537,1.8703,2.8778,4.1466,2.1024,1.9912,4.8715,1.2005,2.5887,4.3773,1.9795,2.1824,4.8763,1.611,1.6845,3.9563,1.621,2.0428,3.3469,1.0882,2.6725,3.6086,0.99351,2.7696,3.8512,1.4875,2.4866,3.9189,1.1514,2.7029,3.6294,1.7862,1.6483,4.0729,0.94048,2.4567,2.8299,1.982,2.1373,4.4743,0.30966,2.7196,3.0609,1.0423,1.9355,4.2743,0.99933,2.2931,3.1229,1.7016,2.4037,4.6209,0.96171,2.0391,2.8873,0.72086,1.9709,2.7442,1.5892,1.674,3.9626,0.94694,2.4436,2.8736,1.3279,1.5729,3.8552,2.7381,2.5634,4.6228,1.0826,2.2198,3.5623,1.185,2.6893,3.6932,1.983,1.9884,4.5319,1.0296,1.9365,4.2711,1.8861,1.657,3.4777,1.6711,2.5353,4.0098,2.1641,2.5163,4.9013,2.0872,2.4206,3.6062,1.4144,3.0109,3.6296,1.4678,1.4951,4.1884,0.62035,2.98,3.6446,1.6249,1.6599,4.2064,0.73606,1.9888,2.7443,0.72045,2.2014,3.9837,2.6541,2.5818,4.5551,2.0468,2.0933,3.4061,1.4463,2.7779,3.5876,1.0576,2.3085,3.5417,2.5736,2.0668,4.5701,1.4627,1.7176,4.4315,1.5223,2.562,3.582,2.0589,2.3778,4.1175,2.6442,2.3222,4.9304,0.53211,2.5361,3.0465
1912.5,0.080681,76.425,4.1887,0.21389,476.01,1.4492,1.7982,4.1046,1.304,2.2557,4.278,1.1616,1.9441,4.2335,2.4525,2.6152,4.3091,0.84814,2.0245,4.3041,1.507,2.5669,3.8883,3.1944,2.8237,6.0586,1.1383,1.9504,4.2533,1.7197,1.6097,4.2122,1.3189,2.241,4.3444,0.81943,2.0728,4.2184,3.0249,2.8252,4.5731,5.4913,2.6515,1.2422,1.3209,2.6892,3.6954,0.89439,2.1526,3.0153,2.5478,2.1486,4.5965,1.4377,1.625,3.9268,0.6667,2.645,3.7864,2.0406,1.7627,3.5349,1.0847,2.3815,3.2022,0.10416,2.3132,3.3197,1.7539,1.6681,3.4193,1.9062,2.705,4.1906,1.7884,1.7021,3.4314,1.4613,1.6049,3.9503,0.40155,2.1842,3.1373,2.11,2.4225,4.47,1.4604,1.7088,3.21,0.80021,1.9287,2.722,3.1026,2.8413,5.9556,2.0515,1.7971,3.5368,1.0543,2.7443,2.9549,1.8312,2.5939,4.0616,0.65631,1.9272,2.7747,1.0358,2.4035,3.1162,1.9099,1.9088,4.5502,1.6834,1.6342,3.901,0.52998,2.1725,3.8133,1.1914,2.5636,3.7595,0.90389,2.1566,3.1647,2.7067,2.3769,4.4876,2.173,2.2525,4.8071,1.5095,1.6852,3.9645,1.9043,1.9465,4.5499,1.5192,2.2323,3.2514,0.73684,2.2139,3.0504,2.4928,2.4337,4.4592,1.9398,2.5879,4.7904,1.8463,2.6089,4.7295,2.682,2.3969,4.5264,1.2926,2.5547,3.8791,1.7719,2.2689,4.4011,2.0254,2.9868,3.9394,0.62686,2.4752,2.5948,1.4548,2.1209,4.5945,2.0924,2.9832,4.0022,0.28475,2.4104,3.3141,1.6544,1.5838,4.0624,0.6834,2.1008,3.0278,2.2447,2.2842,4.6703,0.71129,2.5178,3.1523,0.91601,2.1709,3.1592,0.063815,2.8806,1.8759,2.0843,2.0777,4.7237,2.6813,2.4052,4.5189,2.5514,2.2647,5.0795,1.927,2.6023,4.235,1.0896,1.7401,4.0269,4.6484,2.8401,0.52785,0.8514,2.1624,3.0088,1.3338,2.0746,4.3584,1.0326,2.1467,3.45,2.1084,2.6648,4.3585,1.7315,1.5596,4.1251,1.2556,2.5072,3.1364,0.80773,2.4819,3.7215,2.1016,1.8455,3.6442,1.5332,2.4843,3.4251,1.5722,2.5806,3.5987,1.5838,1.6055,4.2434,1.876,2.6421,4.3175,1.9697,2.6532,4.4259,3.5368,2.7287,0.13949,1.7609,1.5235,4.1062,1.7925,1.9968,3.4562,2.0104,2.9228,4.8166,1.2356,2.5308,3.187,2.5904,2.4471,4.9117,1.0813,2.6339,4.0472,1.5412,2.4638,3.4339,1.0695,1.8165,4.0743,1.6737,1.5572,4.0582,1.7666,1.9894,3.4269,0.18625,2.9038,3.2471,2.9812,2.2671,4.6853,1.304,1.9463,4.2282,1.3216,2.6069,3.4838,1.3752,2.4504,3.3262,1.8762,1.891,3.6501,1.9279,2.4885,4.0479,1.0217,2.301,3.1526,2.5375,2.0017,5.1299,1.2736,2.6358,3.4221,1.3393,2.4735,3.2891,0.35809,2.9187,3.4001,0.63933,1.8721,2.7615,1.6276,1.9587,4.5039,1.464,1.7673,4.1633,5.307,2.8769,1.6422,0.81255,2.1036,2.8344,1.05,2.6628,4.0266,2.2817,2.5106,3.6387,2.5026,2.3733,4.8037,2.9635,2.6504,4.6509,2.1278,2.4937,4.4871,2.3534,2.1417,4.2791,0.74718,2.1005,3.2421,0.55129,2.4118,3.1165,0.6084,2.1435,3.7129,2.371,2.4082,4.4935,0.97794,2.4191,3.0483,1.2255,1.5956,4.2634,1.659,2.0244,3.4365,6.0369,2.6624,1.7681,3.4483,2.9063,0.17846,0.84832,2.3628,3.0599,1.6505,1.6163,4.0576,1.5152,1.9148,3.1654,0.79457,2.4146,2.9568,2.16,2.3157,4.8395,1.2198,2.5617,3.1439,1.0491,1.9755,3.4917,0.40456,1.993,3.306,1.7317,1.9934,3.4114,2.4374,2.121,4.2695,2.217,2.1568,5.0038,1.2533,1.6541,3.8582,0.70903,1.9839,2.7819,2.2226,2.1897,5.0222,2.3994,2.2496,4.604,1.5862,2.4495,3.974,4.433,2.8912,0.33199,1.9609,2.4599,4.0353,0.80101,1.9494,4.1234,1.3301,2.6612,4.3019,3.8092,2.7791,0.089438,1.564,1.6547,3.3161,0.22196,2.2945,3.2476,5.2046,2.8786,1.1356,0.65933,2.7185,3.3751,1.3496,2.5286,3.0393,2.1901,2.0875,4.914,1.5037,2.032,4.4299,1.5254,1.6416,3.3295,1.4596,2.9202,3.3918,0.61666,2.4117,2.948,0.86872,2.4262,3.0218,0.22316,2.5995,3.306,1.6796,2.3593,4.2119,0.63414,2.4127,2.8725,0.9984,2.2913,3.5689,1.3882,1.7815,4.262,0.31396,2.3226,3.3653,1.5208,1.5978,3.3055,0.58953,2.4128,2.9251,3.2132,2.8497,6.1759,1.9299,2.5646,4.0156,2.0528,2.1999,4.6463,2.3651,2.7458,4.9817,1.9016,1.8664,3.8351,1.3097,1.6939,3.7295,2.1988,2.1195,4.9531,1.3874,2.5885,3.9622,0.76285,3.0852,2.5787,4.7793,2.8883,0.48995,1.3015,2.6993,4.3426,1.9457,1.905,3.9259,1.3301,2.6576,2.9568,0.60934,2.7164,3.2539,1.062,2.8801,4.244,0.74036,2.5627,2.6953,0.67092,2.0524,2.8932,0.58351,2.4128,3.3963,1.5884,2.1638,4.3036,1.4961,2.7199,4.5372,0.51963,2.013,2.9458,2.0033,1.816,3.797,1.1883,1.7802,3.7103,2.2282,2.6383,4.6556,1.3479,1.604,4.0789,1.3436,2.15,3.1492,0.5908,2.0375,2.9665,0.52665,2.4215,2.6502,1.6916,2.3799,4.2227,2.2504,2.6274,4.7307,0.5603,2.0422,2.9333,1.6176,1.7081,3.3601,0.64531,3.0547,2.4992,0.65932,2.5681,2.6312,3.1013,2.7373,6.1244,0.079418,2.9062,2.7934,4.7278,2.9289,0.42213,2.2594,2.3051,3.5826,1.1739,3.0183,4.0172,1.269,2.3932,3.4178,0.99449,3.0572,3.843,2.3398,2.2264,3.7132,1.1716,1.7183,3.7097,2.4324,2.3642,4.5919,2.4851,2.6881,4.0645,1.3701,2.6801,4.4134,1.8964,1.8084,3.8274,1.207,2.6751,3.7107,2.3355,2.4403,4.8752,1.5204,2.5518,3.3898,2.1621,2.2501,4.138,0.77093,1.9648,3.3157,2.2675,2.4012,3.6267,2.2183,2.3852,3.5625,2.2792,1.9918,5.0118,2.5838,2.2685,4.7891,2.3303,2.2665,3.7475,1.3867,1.6219,3.878,2.1946,2.6287,4.6585,1.9057,1.849,3.8264,0.77795,2.1122,4.1069,1.5819,1.7553,4.2355,2.2689,2.6477,4.7578,1.4537,2.3731,3.2694,6.0034,2.9146,2.3275,1.8463,1.7903,3.5564,1.8685,2.8715,4.1429,2.1058,1.9923,4.8745,1.2042,2.5891,4.3811,1.9832,2.1839,4.8765,1.6111,1.6807,3.956,1.6225,2.0445,3.3456,1.0893,2.6699,3.6086,0.99557,2.7675,3.8511,1.4915,2.489,3.9226,1.1521,2.6999,3.6281,1.7838,1.6434,4.0724,0.94169,2.4568,2.8322,1.9859,2.1405,4.4785,0.31952,2.7151,3.0696,1.0405,1.9344,4.2745,1.0002,2.2923,3.1261,1.7053,2.4042,4.623,0.96052,2.0377,2.8882,0.72023,1.9698,2.7445,1.5885,1.6701,3.9626,0.94743,2.443,2.8771,1.3253,1.5718,3.856,2.7374,2.5624,4.6233,1.0819,2.2243,3.5586,1.1869,2.6853,3.6942,1.9837,1.989,4.5344,1.0277,1.9351,4.2718,1.8877,1.6573,3.4791,1.6714,2.5369,4.0101,2.1667,2.5148,4.9009,2.0847,2.4227,3.602,1.4242,3.0074,3.6392,1.4685,1.4967,4.1867,0.61777,2.9793,3.643,1.6258,1.6565,4.2055,0.73581,1.9882,2.7445,0.72149,2.202,3.9851,2.6528,2.5812,4.5567,2.0494,2.0917,3.4054,1.4481,2.7723,3.5898,1.0558,2.313,3.5374,2.5761,2.07,4.5754,1.4619,1.7175,4.432,1.5194,2.5612,3.5826,2.0591,2.3812,4.1198,2.6425,2.3206,4.928,0.53545,2.5366,3.0499
1912.5,0.080681,76.425,4.1887,0.2228,485.61,1.4466,1.7963,4.1021,1.3063,2.2571,4.2812,1.159,1.942,4.2331,2.4519,2.6137,4.3105,0.84742,2.0237,4.3067,1.5064,2.5695,3.8879,3.2028,2.822,6.0687,1.1349,1.9483,4.2542,1.7188,1.6057,4.2104,1.3201,2.2414,4.3489,0.8182,2.0731,4.2189,3.0292,2.8246,4.5753,5.4863,2.6464,1.2376,1.3216,2.6857,3.6953,0.89207,2.1526,3.015,2.5508,2.1522,4.6027,1.4361,1.6233,3.9278,0.66671,2.6474,3.7821,2.042,1.7623,3.5371,1.0821,2.3804,3.2041,0.096614,2.3137,3.309,1.7524,1.6671,3.4206,1.9013,2.7006,4.1853,1.7886,1.7029,3.4331,1.461,1.6031,3.9513,0.40235,2.1854,3.1355,2.112,2.4238,4.4718,1.4598,1.7102,3.2103,0.79943,1.9292,2.7215,3.108,2.8411,5.9626,2.0542,1.7981,3.5397,1.0564,2.746,2.9575,1.8324,2.5945,4.0645,0.65735,1.9287,2.7746,1.0335,2.4019,3.1175,1.9105,1.9086,4.5528,1.6834,1.6329,3.9014,0.53184,2.1706,3.8174,1.1923,2.5662,3.76,0.90042,2.1591,3.1615,2.7122,2.3789,4.4935,2.1772,2.2554,4.8116,1.5109,1.6855,3.9662,1.9057,1.948,4.5525,1.5209,2.2342,3.2505,0.73346,2.218,3.0465,2.4965,2.4356,4.4654,1.9395,2.5882,4.7855,1.8437,2.6094,4.7241,2.6887,2.4002,4.5376,1.2923,2.557,3.876,1.7764,2.2708,4.4058,2.0244,2.9841,3.9377,0.62978,2.4757,2.5976,1.4496,2.1243,4.5924,2.0943,2.9795,4.0031,0.28103,2.4111,3.3105,1.6542,1.5827,4.0616,0.68231,2.1026,3.0258,2.2442,2.285,4.6698,0.71158,2.5139,3.1567,0.91326,2.1732,3.1565,0.06215,2.8797,1.8733,2.0888,2.081,4.7287,2.6867,2.4079,4.528,2.5494,2.262,5.0771,1.9245,2.5967,4.2326,1.0898,1.7355,4.0302,4.6477,2.8352,0.52781,0.85061,2.1639,3.0083,1.3351,2.074,4.3614,1.0309,2.1496,3.4473,2.103,2.6615,4.3526,1.7329,1.5578,4.1239,1.2594,2.506,3.1378,0.8099,2.4843,3.7192,2.1038,1.8429,3.6415,1.531,2.4858,3.4242,1.5696,2.5822,3.5996,1.5804,1.605,4.243,1.8716,2.6362,4.3112,1.9682,2.648,4.4235,3.5446,2.7261,2.0757,1.7638,1.5202,4.1037,1.7965,1.9964,3.4568,2.0069,2.9227,4.8134,1.2382,2.5303,3.1901,2.5889,2.4472,4.9087,1.0828,2.635,4.0457,1.5389,2.4652,3.433,1.065,1.8158,4.0745,1.6745,1.5556,4.0572,1.7693,1.9886,3.4263,0.18208,2.9021,3.243,2.985,2.2652,4.6886,1.3034,1.9458,4.2293,1.3229,2.605,3.4885,1.3717,2.4506,3.3258,1.8779,1.8872,3.6479,1.9274,2.493,4.0508,1.0186,2.3015,3.1515,2.5371,2.0003,5.1292,1.2748,2.6347,3.4267,1.3344,2.4741,3.2873,0.36147,2.9171,3.4034,0.63794,1.8734,2.7567,1.6238,1.9569,4.5052,1.4639,1.7643,4.1647,5.2976,2.8757,1.6336,0.81223,2.1031,2.8364,1.0502,2.6649,4.0244,2.2884,2.5091,3.6404,2.4994,2.3707,4.7981,2.9707,2.6473,4.6561,2.1273,2.493,4.486,2.3536,2.1438,4.2835,0.74488,2.1049,3.2362,0.55886,2.4097,3.1244,0.60864,2.1433,3.7131,2.3709,2.4063,4.4961,0.98645,2.4172,3.0556,1.2238,1.5969,4.2614,1.6565,2.0245,3.4352,6.0263,2.6601,1.7567,3.4528,2.9046,0.18357,0.84792,2.3603,3.0629,1.6501,1.6151,4.0566,1.516,1.9163,3.165,0.79523,2.4128,2.9594,2.1603,2.314,4.8353,1.2224,2.5621,3.1459,1.0508,1.9755,3.4914,0.39845,1.9941,3.3085,1.7328,1.992,3.4098,2.4403,2.1228,4.2733,2.2191,2.1565,5.0039,1.2511,1.6512,3.8595,0.70979,1.9838,2.783,2.2248,2.1899,5.0225,2.4023,2.2516,4.609,1.5869,2.4547,3.9742,4.439,2.886,0.3374,1.9614,2.4654,4.0375,0.79963,1.9491,4.1231,1.3366,2.6646,4.3055,3.8184,2.776,0.099066,1.5658,1.6567,3.3176,0.21887,2.294,3.2422,5.2056,2.8739,1.1367,0.66095,2.7159,3.3772,1.3517,2.5296,3.0403,2.1931,2.0855,4.913,1.5041,2.0285,4.4328,1.5255,1.642,3.3313,1.4623,2.9202,3.3918,0.62235,2.4101,2.9562,0.86751,2.425,3.0239,0.22245,2.5988,3.3034,1.6827,2.3628,4.2159,0.64017,2.4116,2.878,0.99505,2.2968,3.5636,1.388,1.7804,4.2602,0.31375,2.3231,3.3641,1.5205,1.5965,3.3065,0.59429,2.4115,2.9324,3.2211,2.8484,6.1854,1.9273,2.5643,4.0151,2.0562,2.2004,4.6485,2.3548,2.7436,4.9695,1.902,1.8612,3.8325,1.3101,1.6897,3.7309,2.201,2.1184,4.9522,1.3871,2.5868,3.9608,0.74242,3.0855,2.5573,4.7802,2.8839,0.49152,1.3035,2.6996,4.3433,1.9477,1.9025,3.9276,1.3334,2.6588,2.9604,0.6144,2.7145,3.2605,1.067,2.879,4.2484,0.74555,2.5646,2.6984,0.67057,2.0557,2.8912,0.58647,2.4132,3.3964,1.5897,2.1627,4.3065,1.504,2.7202,4.5441,0.51621,2.0151,2.9397,2.0041,1.8132,3.7968,1.1878,1.777,3.7131,2.2241,2.6357,4.6484,1.3463,1.6056,4.0747,1.3414,2.1494,3.1481,0.58909,2.0403,2.9616,0.52804,2.4208,2.6524,1.6957,2.385,4.2265,2.2451,2.6238,4.7233,0.55791,2.0444,2.9282,1.6206,1.7072,3.3618,0.64683,3.0554,2.4985,0.66147,2.5707,2.6315,3.1099,2.736,6.1343,0.091009,2.9071,2.8079,4.7299,2.9277,0.42389,2.2574,2.3006,3.5758,1.1746,3.0161,4.0196,1.2624,2.3963,3.4126,0.99161,3.0572,3.8429,2.3388,2.2259,3.7096,1.17,1.7117,3.7135,2.4327,2.3651,4.5932,2.4814,2.6898,4.0665,1.3741,2.6801,4.4162,1.8967,1.8017,3.8253,1.2092,2.6706,3.7118,2.3334,2.439,4.8683,1.5166,2.5497,3.3933,2.1622,2.2536,4.1407,0.76954,1.9681,3.3126,2.265,2.4006,3.6212,2.2141,2.3835,3.555,2.2824,1.9937,5.0139,2.5814,2.2673,4.7887,2.3289,2.2681,3.7454,1.3869,1.6223,3.8795,2.188,2.6246,4.6494,1.9066,1.8439,3.8234,0.77813,2.1108,4.1125,1.5811,1.7519,4.2343,2.2629,2.6443,4.7501,1.454,2.3731,3.2696,6.0078,2.9158,2.3337,1.8466,1.79,3.559,1.8668,2.8651,4.1392,2.1092,1.9934,4.8773,1.2078,2.5895,4.3849,1.9869,2.1854,4.8766,1.6112,1.6771,3.9557,1.6238,2.0461,3.3443,1.0903,2.6674,3.6084,0.99755,2.7654,3.8508,1.4955,2.4912,3.9262,1.1529,2.697,3.6269,1.7813,1.6388,4.072,0.94292,2.4569,2.8344,1.9896,2.1438,4.4827,0.32922,2.7106,3.078,1.0387,1.9333,4.2747,1.0011,2.2915,3.1292,1.709,2.4046,4.6252,0.95933,2.0365,2.8891,0.71963,1.9687,2.7448,1.5876,1.6663,3.9627,0.94786,2.4427,2.8805,1.3227,1.5707,3.857,2.7368,2.5614,4.6236,1.081,2.2287,3.5549,1.1889,2.6812,3.6952,1.9842,1.9895,4.537,1.0258,1.9337,4.2725,1.8893,1.6576,3.4805,1.6717,2.5384,4.0106,2.1693,2.5134,4.9005,2.0822,2.4248,3.5978,1.4338,3.0037,3.6486,1.4692,1.4981,4.1851,0.61507,2.9785,3.6414,1.6267,1.6532,4.2045,0.73557,1.9876,2.7447,0.72247,2.2027,3.9863,2.6516,2.5806,4.5583,2.0519,2.0902,3.4047,1.45,2.7668,3.5921,1.054,2.3174,3.533,2.5787,2.0731,4.5807,1.4612,1.7173,4.4324,1.5165,2.5604,3.5832,2.0593,2.3844,4.1221,2.6408,2.3192,4.9257,0.53876,2.5372,3.0533
1912.5,0.080681,76.425,4.1887,0.23172,495.25,1.444,1.7944,4.0997,1.3086,2.2584,4.2845,1.1564,1.9398,4.233,2.4513,2.6121,4.3122,0.84666,2.0231,4.3091,1.5058,2.572,3.8873,3.2112,2.8203,6.0788,1.1316,1.9462,4.255,1.7179,1.6016,4.2086,1.3211,2.2418,4.3535,0.81699,2.0734,4.2194,3.0332,2.824,4.5773,5.4815,2.6414,1.2335,1.3221,2.6823,3.6952,0.88978,2.1526,3.0148,2.5538,2.1558,4.6089,1.4344,1.6217,3.9288,0.6667,2.6497,3.7776,2.0436,1.762,3.5394,1.0793,2.3793,3.2057,0.089155,2.3141,3.2985,1.7509,1.6661,3.422,1.8967,2.6962,4.1802,1.7889,1.7035,3.4348,1.4608,1.6014,3.9522,0.40318,2.1866,3.1339,2.1137,2.4252,4.4735,1.4592,1.7117,3.2106,0.79869,1.9297,2.7212,3.1136,2.841,5.97,2.057,1.7991,3.5424,1.0585,2.7479,2.96,1.8337,2.5951,4.0675,0.65838,1.93,2.7746,1.0309,2.4005,3.1188,1.9112,1.9084,4.5552,1.6834,1.6316,3.902,0.5338,2.1688,3.8218,1.1932,2.5686,3.7605,0.89702,2.1614,3.1583,2.7175,2.3809,4.4992,2.1816,2.2582,4.816,1.5125,1.6857,3.9678,1.9072,1.9495,4.5549,1.5225,2.2361,3.2498,0.73019,2.2218,3.0428,2.5001,2.4375,4.4717,1.939,2.5885,4.7805,1.8414,2.61,4.7189,2.6954,2.4034,4.5487,1.2919,2.5592,3.8729,1.7811,2.2727,4.4105,2.0234,2.9815,3.9358,0.63246,2.4761,2.6001,1.4443,2.1276,4.59,2.0962,2.9758,4.0041,0.27737,2.4117,3.307,1.654,1.5814,4.0607,0.68124,2.1042,3.0239,2.2438,2.2858,4.6694,0.71165,2.5101,3.1609,0.91067,2.1754,3.154,0.060641,2.8787,1.8709,2.0934,2.084,4.7335,2.6918,2.4102,4.5368,2.5478,2.2591,5.0749,1.9224,2.5915,4.2304,1.09,1.7308,4.0335,4.6466,2.8308,0.52742,0.84996,2.1655,3.008,1.3365,2.0734,4.3644,1.0291,2.1524,3.4446,2.0978,2.6585,4.347,1.7344,1.5561,4.1228,1.2632,2.5048,3.1391,0.81206,2.4866,3.717,2.106,1.8403,3.6389,1.529,2.4873,3.4235,1.5672,2.5838,3.6007,1.577,1.6047,4.2428,1.8677,2.6305,4.3055,1.9669,2.6431,4.4214,3.5525,2.7234,0.050511,1.7668,1.5168,4.1012,1.8005,1.996,3.4574,2.0034,2.9227,4.8104,1.2405,2.5299,3.1931,2.5873,2.4472,4.9056,1.0843,2.6361,4.0441,1.5367,2.4667,3.432,1.0606,1.8152,4.0748,1.6754,1.554,4.0562,1.7721,1.9877,3.4258,0.17779,2.9004,3.2386,2.9887,2.2633,4.6918,1.303,1.9454,4.2305,1.3241,2.6034,3.493,1.3682,2.4509,3.3255,1.8798,1.8834,3.6459,1.927,2.4975,4.0537,1.0156,2.3021,3.1502,2.5368,1.999,5.1284,1.2759,2.6335,3.4312,1.3295,2.4747,3.2855,0.36485,2.9155,3.4067,0.6366,1.8747,2.7519,1.6201,1.9551,4.5063,1.4639,1.7613,4.1661,5.2883,2.8745,1.6253,0.81192,2.1028,2.8381,1.0502,2.6669,4.0222,2.2949,2.5075,3.6421,2.4964,2.3682,4.7926,2.9781,2.6443,4.6613,2.1268,2.4925,4.4849,2.3538,2.1459,4.2881,0.7425,2.1092,3.2303,0.56622,2.4077,3.132,0.60889,2.1431,3.7133,2.3712,2.4046,4.4987,0.99472,2.4153,3.0626,1.2221,1.5983,4.2592,1.6538,2.0245,3.4341,6.0158,2.6578,1.7456,3.4569,2.903,0.18818,0.84726,2.358,3.0654,1.6498,1.6138,4.0555,1.517,1.9177,3.1644,0.79579,2.4112,2.9618,2.1609,2.3124,4.8314,1.2247,2.5627,3.1478,1.0524,1.9754,3.4912,0.39247,1.9952,3.311,1.7339,1.9905,3.4082,2.4433,2.1244,4.2771,2.221,2.1562,5.0039,1.2489,1.6483,3.8606,0.71053,1.9838,2.7841,2.227,2.1901,5.0225,2.4052,2.2534,4.6139,1.5875,2.4597,3.9744,4.4447,2.8808,0.34264,1.962,2.4709,4.0398,0.79829,1.9488,4.1229,1.343,2.6679,4.309,3.8274,2.773,0.10843,1.5675,1.6589,3.3193,0.2159,2.2936,3.237,5.2067,2.8691,1.138,0.66236,2.7134,3.379,1.3537,2.5307,3.0413,2.1961,2.0838,4.9121,1.5044,2.0251,4.4358,1.5255,1.6423,3.333,1.4648,2.9202,3.3918,0.62785,2.4087,2.9642,0.86636,2.4236,3.0259,0.22173,2.5981,3.301,1.6859,2.3663,4.2198,0.64606,2.4106,2.8835,0.9916,2.3022,3.5583,1.3878,1.7792,4.2583,0.31354,2.3236,3.3628,1.5202,1.5951,3.3076,0.59893,2.4104,2.9395,3.2286,2.847,6.1948,1.9249,2.5641,4.0147,2.0595,2.2008,4.6505,2.3448,2.7414,4.9577,1.9023,1.856,3.8301,1.3106,1.6858,3.7323,2.2033,2.1171,4.9515,1.3869,2.5853,3.9594,0.72156,3.0858,2.5355,4.7806,2.8797,0.49281,1.3057,2.6998,4.3439,1.9496,1.9001,3.9293,1.3367,2.6598,2.9642,0.61905,2.7126,3.2667,1.0719,2.8776,4.2529,0.7505,2.5665,2.7014,0.67031,2.0588,2.8896,0.58941,2.4136,3.3965,1.5913,2.1614,4.3094,1.5116,2.7205,4.5508,0.51296,2.017,2.9338,2.0047,1.8105,3.7967,1.1872,1.7738,3.716,2.2205,2.6333,4.6417,1.3448,1.6069,4.0708,1.3392,2.1488,3.147,0.58743,2.0429,2.957,0.52941,2.4201,2.6546,1.6999,2.3901,4.2302,2.2402,2.62,4.7164,0.55564,2.0465,2.9231,1.6235,1.7062,3.3633,0.64782,3.0562,2.4974,0.66346,2.5734,2.6317,3.1184,2.7346,6.1439,0.1027,2.9078,2.8225,4.732,2.9264,0.42566,2.2555,2.296,3.5692,1.1751,3.014,4.0215,1.2559,2.3992,3.4075,0.98765,3.0572,3.8416,2.3378,2.2255,3.706,1.1684,1.7052,3.7173,2.433,2.3661,4.5945,2.4778,2.6914,4.0685,1.3782,2.6803,4.419,1.897,1.7951,3.8233,1.2113,2.6663,3.713,2.3314,2.4377,4.8616,1.513,2.5478,3.3967,2.1625,2.257,4.1434,0.76811,1.9713,3.3095,2.2628,2.4,3.6158,2.21,2.3818,3.5474,2.2854,1.9953,5.0158,2.579,2.2663,4.7884,2.3275,2.2699,3.7434,1.3871,1.6226,3.8811,2.1817,2.6207,4.6406,1.9075,1.8389,3.8204,0.77829,2.1094,4.1179,1.5803,1.7486,4.233,2.2572,2.641,4.7425,1.4543,2.3731,3.2696,6.0122,2.9171,2.3401,1.8468,1.7897,3.5616,1.8653,2.8591,4.1359,2.1125,1.9944,4.88,1.2113,2.5899,4.3886,1.9905,2.187,4.8766,1.6112,1.6736,3.9554,1.6254,2.0478,3.3432,1.0912,2.6651,3.6081,0.99943,2.7634,3.8505,1.4994,2.4932,3.9299,1.1536,2.6941,3.6256,1.7789,1.6343,4.0715,0.94413,2.457,2.8365,1.9934,2.1469,4.4869,0.33872,2.706,3.0862,1.0368,1.9321,4.275,1.0018,2.2909,3.1322,1.7127,2.405,4.6272,0.9581,2.0352,2.8897,0.71904,1.9675,2.7451,1.587,1.6628,3.9627,0.94823,2.4423,2.8838,1.32,1.5694,3.8579,2.7362,2.5604,4.6242,1.0802,2.2333,3.5512,1.1906,2.6774,3.6962,1.9848,1.9901,4.5395,1.0239,1.9324,4.2732,1.8909,1.6578,3.4819,1.672,2.5399,4.0109,2.1719,2.5121,4.9002,2.0799,2.4268,3.5937,1.4433,3.0,3.6579,1.4699,1.4997,4.1835,0.61226,2.9778,3.6397,1.6278,1.6499,4.2035,0.73533,1.9871,2.7449,0.72341,2.2034,3.9874,2.6505,2.58,4.56,2.0545,2.0886,3.4041,1.4517,2.7615,3.5941,1.0521,2.3216,3.5288,2.5814,2.0764,4.5859,1.4604,1.7172,4.4328,1.5138,2.5597,3.5837,2.0595,2.3877,4.1244,2.6392,2.3179,4.9235,0.54204,2.5377,3.0566
1912.5,0.080681,76.425,4.1887,0.24063,505.04,1.4415,1.7925,4.0972,1.3111,2.2597,4.2878,1.154,1.9376,4.2328,2.4508,2.6107,4.3138,0.8459,2.0224,4.3115,1.5051,2.5744,3.8868,3.2196,2.8186,6.0889,1.1283,1.944,4.2558,1.7171,1.5976,4.2067,1.3221,2.2421,4.3579,0.8158,2.0737,4.22,3.0372,2.8233,4.5793,5.4771,2.6365,1.2297,1.3225,2.6792,3.6948,0.88749,2.1525,3.0145,2.5567,2.1594,4.6149,1.4328,1.6201,3.9297,0.66667,2.6521,3.7732,2.0451,1.7617,3.5417,1.0765,2.3785,3.2071,0.081845,2.3145,3.2881,1.7494,1.6652,3.4234,1.8925,2.692,4.1755,1.7891,1.7042,3.4366,1.4606,1.5997,3.9531,0.40402,2.1877,3.1322,2.1155,2.4264,4.475,1.4585,1.7132,3.2109,0.798,1.9301,2.721,3.1194,2.8408,5.9774,2.0598,1.8,3.5452,1.0608,2.7499,2.9625,1.8349,2.5957,4.0705,0.65939,1.9313,2.7747,1.0284,2.399,3.12,1.9119,1.9083,4.5577,1.6834,1.6306,3.9025,0.53587,2.1668,3.8261,1.1941,2.5709,3.7612,0.8937,2.1637,3.1554,2.7226,2.3828,4.5048,2.1857,2.2607,4.8202,1.514,1.6858,3.9694,1.9088,1.9509,4.5573,1.5243,2.238,3.249,0.72706,2.2256,3.0395,2.5037,2.4392,4.4778,1.9385,2.5889,4.7755,1.8391,2.6106,4.7136,2.7018,2.4063,4.5595,1.2913,2.5615,3.8697,1.7858,2.2745,4.4151,2.0224,2.9789,3.934,0.63494,2.4767,2.6024,1.4389,2.1309,4.5875,2.0982,2.972,4.0051,0.27389,2.4123,3.3037,1.6538,1.5803,4.0598,0.6802,2.1057,3.0221,2.2432,2.2866,4.6688,0.71146,2.5063,3.1649,0.90825,2.1774,3.1519,0.059289,2.8778,1.8686,2.0978,2.0868,4.738,2.6966,2.4124,4.5454,2.5464,2.2564,5.0729,1.9204,2.5867,4.2285,1.0902,1.7263,4.0367,4.6453,2.8266,0.52676,0.84943,2.167,3.0079,1.3378,2.0728,4.3672,1.0272,2.1552,3.4419,2.0928,2.6555,4.3416,1.7359,1.5543,4.1217,1.2669,2.5036,3.1402,0.81419,2.4889,3.7147,2.1082,1.8379,3.6365,1.527,2.4888,3.4228,1.5648,2.5852,3.6017,1.5736,1.6045,4.2425,1.864,2.6251,4.3001,1.966,2.6385,4.4195,3.5602,2.7209,0.014354,1.7697,1.5135,4.0988,1.8045,1.9956,3.4581,2.0001,2.9227,4.8074,1.2429,2.5295,3.196,2.5859,2.4473,4.9026,1.0857,2.637,4.0425,1.5344,2.4682,3.4311,1.0563,1.8144,4.0752,1.6763,1.5526,4.0552,1.7748,1.9868,3.4253,0.17344,2.8988,3.2343,2.9923,2.2613,4.6949,1.3026,1.9448,4.2316,1.3252,2.6019,3.4973,1.3647,2.4511,3.3252,1.8816,1.8797,3.6439,1.9264,2.5016,4.0565,1.0126,2.3027,3.149,2.5363,1.9978,5.1276,1.2769,2.6326,3.4356,1.3247,2.4753,3.2837,0.36822,2.9138,3.41,0.63532,1.8758,2.7474,1.6163,1.9534,4.5073,1.4639,1.7584,4.1674,5.2792,2.8732,1.6169,0.81161,2.1023,2.8399,1.0501,2.6688,4.0199,2.3014,2.5059,3.6439,2.4937,2.3658,4.7874,2.9854,2.6412,4.6664,2.1264,2.4919,4.484,2.3541,2.1481,4.2926,0.74008,2.1133,3.2245,0.57339,2.4058,3.1392,0.60916,2.1428,3.7135,2.3715,2.403,4.5013,1.0028,2.4135,3.0695,1.2203,1.5997,4.257,1.6513,2.0245,3.4329,6.0055,2.6553,1.7347,3.4606,2.9014,0.19238,0.84635,2.3558,3.0677,1.6493,1.6127,4.0546,1.5179,1.919,3.1639,0.79625,2.4095,2.9641,2.1616,2.3108,4.8275,1.2271,2.5633,3.1496,1.054,1.9753,3.491,0.38666,1.9963,3.3134,1.7349,1.9891,3.4067,2.4463,2.126,4.2809,2.2229,2.1559,5.0039,1.2465,1.6456,3.8615,0.71122,1.9837,2.785,2.2292,2.1902,5.0226,2.408,2.2552,4.6187,1.5883,2.4645,3.9746,4.4502,2.8756,0.34773,1.9626,2.4764,4.0421,0.79698,1.9485,4.1226,1.3494,2.6712,4.3125,3.8362,2.77,0.11757,1.5692,1.6611,3.3209,0.21309,2.2931,3.2319,5.2078,2.8645,1.1394,0.66357,2.711,3.3805,1.3557,2.5317,3.0421,2.1991,2.082,4.9113,1.5046,2.0217,4.4387,1.5255,1.6425,3.3348,1.4673,2.9203,3.3916,0.63318,2.4072,2.972,0.86528,2.4224,3.0281,0.22099,2.5974,3.2985,1.689,2.3697,4.2238,0.65185,2.4097,2.889,0.98808,2.3076,3.5529,1.3876,1.778,4.2563,0.3133,2.3241,3.3615,1.5199,1.5939,3.3086,0.60346,2.4093,2.9465,3.2358,2.8456,6.2038,1.9225,2.5639,4.0142,2.0628,2.2012,4.6526,2.335,2.739,4.946,1.9026,1.8508,3.8277,1.3111,1.682,3.7336,2.2055,2.116,4.9507,1.3867,2.5838,3.9582,0.70013,3.0862,2.5133,4.7808,2.8756,0.49397,1.3079,2.7,4.3447,1.9514,1.8976,3.931,1.34,2.6609,2.968,0.62335,2.7108,3.2725,1.0768,2.8764,4.2571,0.75524,2.5683,2.7041,0.6701,2.0618,2.888,0.59215,2.4143,3.3964,1.5928,2.1602,4.3122,1.5189,2.7208,4.5573,0.50988,2.0189,2.9284,2.0055,1.8079,3.7966,1.1866,1.7707,3.7187,2.2171,2.6309,4.6355,1.3433,1.6081,4.0668,1.337,2.1481,3.146,0.58583,2.0454,2.9526,0.53083,2.4194,2.6568,1.7041,2.395,4.234,2.2355,2.6164,4.7097,0.5535,2.0484,2.9185,1.6259,1.7053,3.3648,0.64842,3.057,2.4959,0.66528,2.576,2.6317,3.127,2.7332,6.1534,0.11446,2.9085,2.837,4.7342,2.9253,0.42748,2.2539,2.2916,3.5627,1.1755,3.0119,4.0232,1.2496,2.4017,3.4027,0.98304,3.0572,3.8396,2.337,2.225,3.7025,1.1668,1.6987,3.7212,2.4334,2.367,4.5956,2.4743,2.693,4.0706,1.3822,2.6804,4.4216,1.8974,1.7886,3.8215,1.2134,2.6622,3.714,2.3295,2.4364,4.8551,1.5092,2.5458,3.3999,2.1628,2.2605,4.1461,0.76662,1.9746,3.3065,2.2605,2.3994,3.6105,2.2061,2.38,3.5402,2.2882,1.9968,5.0175,2.5766,2.2652,4.788,2.3261,2.2716,3.7413,1.3873,1.6228,3.8826,2.1759,2.6168,4.6322,1.9084,1.8339,3.8175,0.77845,2.108,4.1234,1.5795,1.7453,4.2317,2.2515,2.6377,4.7352,1.4545,2.3732,3.2696,6.0167,2.9182,2.3464,1.8472,1.7894,3.564,1.8641,2.8531,4.1327,2.1156,1.9953,4.8824,1.2148,2.5903,4.3922,1.994,2.1885,4.8765,1.6114,1.6703,3.9551,1.6269,2.0494,3.3421,1.092,2.6629,3.6078,1.0012,2.7614,3.85,1.5033,2.4953,3.9336,1.1543,2.6914,3.6244,1.7764,1.6301,4.0711,0.94536,2.4572,2.8387,1.9973,2.15,4.491,0.348,2.7015,3.0942,1.035,1.931,4.2751,1.0026,2.2903,3.135,1.7164,2.4054,4.6294,0.95686,2.0341,2.8904,0.71848,1.9665,2.7454,1.5862,1.6593,3.9627,0.94855,2.4419,2.8871,1.3175,1.5683,3.8587,2.7355,2.5595,4.6247,1.0793,2.2377,3.5475,1.1923,2.6736,3.697,1.9855,1.9907,4.5419,1.0221,1.931,4.2739,1.8924,1.6581,3.4832,1.6723,2.5413,4.0113,2.1745,2.5107,4.8999,2.0775,2.429,3.5896,1.4525,2.9963,3.667,1.4706,1.5012,4.1819,0.60935,2.977,3.6378,1.6288,1.6468,4.2027,0.73509,1.9865,2.7451,0.7243,2.2042,3.9884,2.6493,2.5794,4.5616,2.057,2.0871,3.4034,1.4534,2.7563,3.5963,1.0503,2.3257,3.5246,2.584,2.0795,4.5912,1.4597,1.7172,4.4332,1.5111,2.559,3.5843,2.0598,2.3908,4.1267,2.6376,2.3166,4.9212,0.54527,2.5384,3.0599
1912.5,0.080681,76.425,4.1887,0.24954,514.1,1.439,1.7907,4.0948,1.3136,2.2611,4.2912,1.1515,1.9355,4.2326,2.4505,2.6092,4.3156,0.84513,2.0219,4.3139,1.5044,2.5769,3.8862,3.2279,2.8168,6.0988,1.1249,1.9417,4.2567,1.7163,1.5937,4.2049,1.3231,2.2424,4.3623,0.81466,2.074,4.2205,3.041,2.8225,4.5811,5.4729,2.6317,1.2263,1.3227,2.6763,3.6943,0.88522,2.1525,3.0143,2.5596,2.1628,4.6209,1.4312,1.6185,3.9307,0.66666,2.6544,3.7688,2.0466,1.7614,3.5441,1.0735,2.3776,3.2083,0.07466,2.3148,3.278,1.7479,1.6641,3.4248,1.8883,2.6877,4.171,1.7893,1.7048,3.4383,1.4604,1.5982,3.9538,0.40485,2.1889,3.1306,2.1172,2.4277,4.4765,1.4579,1.7148,3.2112,0.79733,1.9303,2.7209,3.1253,2.8407,5.985,2.0628,1.801,3.5482,1.0633,2.7521,2.965,1.8363,2.5963,4.0737,0.66038,1.9326,2.7747,1.0258,2.3976,3.1211,1.9127,1.9081,4.5602,1.6834,1.6295,3.903,0.53804,2.1649,3.8306,1.1951,2.573,3.7618,0.89039,2.166,3.1523,2.7277,2.3847,4.5102,2.1902,2.2634,4.8247,1.5154,1.6859,3.9709,1.9104,1.9523,4.5598,1.5261,2.2398,3.2482,0.72403,2.2292,3.0363,2.5074,2.4409,4.4841,1.9381,2.5892,4.7704,1.8368,2.6111,4.7084,2.7082,2.4093,4.5703,1.2906,2.5638,3.8665,1.7906,2.2764,4.4198,2.0214,2.9764,3.9323,0.63718,2.4773,2.6045,1.4333,2.1343,4.5848,2.1002,2.9681,4.0063,0.27037,2.4129,3.3003,1.6536,1.5791,4.0589,0.6792,2.1071,3.0204,2.2425,2.2872,4.6681,0.71104,2.5025,3.1689,0.90596,2.1791,3.1501,0.05811,2.8768,1.8666,2.1022,2.0895,4.7423,2.7011,2.4144,4.5535,2.5451,2.2536,5.071,1.9188,2.5822,4.2268,1.0904,1.7215,4.0401,4.6435,2.8228,0.5257,0.84907,2.1685,3.0081,1.3392,2.0723,4.37,1.0253,2.158,3.4391,2.0879,2.6526,4.3363,1.7374,1.5524,4.1205,1.2707,2.5025,3.1414,0.81633,2.4913,3.7123,2.1105,1.8354,3.634,1.5252,2.4902,3.4223,1.5626,2.5867,3.6029,1.5702,1.6046,4.2423,1.8607,2.6199,4.2951,1.9653,2.634,4.4178,3.5678,2.7182,0.018961,1.7727,1.5101,4.0962,1.8085,1.9953,3.4588,1.9969,2.9228,4.8046,1.2453,2.5292,3.1988,2.5845,2.4474,4.8995,1.0871,2.6381,4.0409,1.5321,2.4697,3.4302,1.052,1.8134,4.0758,1.6772,1.5511,4.0542,1.7775,1.9859,3.4248,0.16881,2.8972,3.2296,2.9959,2.2593,4.6978,1.3021,1.9443,4.2327,1.3262,2.6006,3.5016,1.3613,2.4514,3.3249,1.8833,1.8759,3.642,1.926,2.5057,4.0594,1.0096,2.3032,3.1478,2.5358,1.9966,5.1268,1.2779,2.6316,3.4399,1.3199,2.4759,3.282,0.37152,2.9121,3.4132,0.63407,1.8769,2.7429,1.6126,1.9518,4.5083,1.464,1.7556,4.1687,5.2702,2.872,1.6088,0.81132,2.1019,2.8417,1.05,2.6707,4.0175,2.308,2.5042,3.6457,2.491,2.3634,4.7822,2.9928,2.638,4.6716,2.126,2.4914,4.483,2.3544,2.1503,4.2971,0.7376,2.1174,3.2187,0.58038,2.4039,3.1464,0.60941,2.1426,3.7137,2.372,2.4017,4.504,1.0106,2.4118,3.0763,1.2186,1.6011,4.2546,1.6486,2.0244,3.4316,5.9954,2.6528,1.7241,3.4639,2.8998,0.19608,0.84521,2.3537,3.0697,1.649,1.6115,4.0537,1.5189,1.9202,3.1634,0.79665,2.4079,2.9663,2.1623,2.3092,4.8236,1.2294,2.5639,3.1512,1.0555,1.9751,3.4909,0.38099,1.9976,3.3158,1.7359,1.9875,3.4051,2.4494,2.1276,4.2848,2.2247,2.1556,5.0038,1.2442,1.6429,3.8624,0.71187,1.9837,2.786,2.2312,2.1902,5.0225,2.4108,2.257,4.6234,1.5889,2.4693,3.9748,4.4555,2.8703,0.35271,1.9632,2.4818,4.0444,0.7957,1.9483,4.1223,1.3557,2.6744,4.316,3.8446,2.7671,0.12647,1.571,1.6634,3.3226,0.21038,2.2927,3.2271,5.209,2.8599,1.1409,0.66457,2.7085,3.3819,1.3575,2.5328,3.0427,2.2021,2.0803,4.9105,1.5048,2.0183,4.4416,1.5256,1.6428,3.3365,1.4698,2.9204,3.3913,0.63838,2.4057,2.9795,0.86425,2.421,3.0304,0.22023,2.5966,3.296,1.6921,2.3729,4.2277,0.65747,2.4087,2.8944,0.98446,2.313,3.5474,1.3874,1.7768,4.2544,0.31302,2.3246,3.3602,1.5196,1.5925,3.3097,0.60788,2.4082,2.9534,3.2429,2.8442,6.2124,1.9201,2.5638,4.0137,2.066,2.2016,4.6546,2.3255,2.7367,4.9346,1.9029,1.8454,3.8253,1.3115,1.6783,3.735,2.2077,2.1149,4.9499,1.3865,2.5825,3.9569,0.67809,3.0865,2.4904,4.7804,2.8716,0.4948,1.3102,2.7002,4.3455,1.9532,1.8951,3.9326,1.3432,2.6619,2.9718,0.62725,2.7091,3.2779,1.0816,2.875,4.2614,0.75969,2.5701,2.7067,0.66994,2.0647,2.8867,0.59487,2.4151,3.3961,1.5943,2.1588,4.315,1.5259,2.7211,4.5636,0.50698,2.0208,2.923,2.0061,1.8052,3.7966,1.186,1.7676,3.7214,2.214,2.6286,4.6296,1.3418,1.6092,4.063,1.3347,2.1474,3.1449,0.58427,2.0479,2.9483,0.53224,2.4187,2.6591,1.7083,2.3999,4.2377,2.231,2.6129,4.7031,0.55147,2.0502,2.914,1.628,1.7043,3.3663,0.6482,3.0578,2.4937,0.66694,2.5787,2.6315,3.1353,2.7317,6.1626,0.12626,2.9091,2.8516,4.7362,2.9242,0.42929,2.2523,2.2871,3.5562,1.1756,3.01,4.0246,1.2433,2.404,3.3979,0.97719,3.0572,3.8362,2.336,2.2246,3.699,1.1651,1.6922,3.7251,2.4337,2.3679,4.5969,2.471,2.6944,4.0728,1.3861,2.6805,4.4242,1.8977,1.782,3.8197,1.2153,2.658,3.715,2.3278,2.4352,4.8488,1.5054,2.544,3.4031,2.1631,2.2639,4.1489,0.76508,1.9779,3.3033,2.2584,2.3988,3.6052,2.2022,2.3782,3.5329,2.291,1.9981,5.019,2.5742,2.2641,4.7877,2.3247,2.2734,3.7394,1.3874,1.6228,3.8841,2.1703,2.6129,4.6242,1.9094,1.8288,3.8146,0.77858,2.1065,4.1288,1.5788,1.742,4.2304,2.246,2.6344,4.728,1.4548,2.3733,3.2696,6.0212,2.9194,2.3529,1.8475,1.7891,3.5665,1.863,2.8472,4.1298,2.1187,1.9961,4.8848,1.2181,2.5906,4.3957,1.9974,2.19,4.8765,1.6115,1.6671,3.9549,1.6285,2.051,3.341,1.0926,2.6607,3.6074,1.0029,2.7595,3.8494,1.5071,2.4971,3.9373,1.1551,2.6888,3.6231,1.7739,1.6259,4.0707,0.94659,2.4574,2.8408,2.0012,2.1531,4.4952,0.35706,2.6969,3.1018,1.0332,1.9298,4.2753,1.0032,2.2898,3.1378,1.7203,2.4057,4.6315,0.95561,2.0329,2.891,0.71793,1.9654,2.7458,1.5855,1.656,3.9628,0.94883,2.4416,2.8903,1.3148,1.5671,3.8597,2.735,2.5585,4.6252,1.0783,2.2422,3.5437,1.194,2.6699,3.6979,1.9863,1.9913,4.5444,1.0203,1.9296,4.2746,1.894,1.6584,3.4847,1.6726,2.5427,4.0116,2.1771,2.5093,4.8996,2.0753,2.4312,3.5856,1.4615,2.9924,3.6759,1.4712,1.5027,4.1804,0.60634,2.9762,3.6359,1.6299,1.6437,4.2017,0.73486,1.9859,2.7452,0.72513,2.2051,3.9894,2.6481,2.5788,4.5633,2.0595,2.0856,3.4029,1.455,2.7511,3.5985,1.0484,2.3298,3.5204,2.5866,2.0826,4.5964,1.4591,1.7172,4.4336,1.5084,2.5584,3.5848,2.06,2.3939,4.1291,2.636,2.3152,4.9189,0.54846,2.5389,3.0633
1912.5,0.080681,76.425,4.1887,0.25845,523.08,1.4366,1.789,4.0923,1.3163,2.2625,4.2948,1.1492,1.9333,4.2322,2.4502,2.6078,4.3175,0.84436,2.0213,4.3161,1.5037,2.5792,3.8856,3.2362,2.8148,6.1088,1.1216,1.9396,4.2574,1.7156,1.59,4.2029,1.324,2.2428,4.3667,0.81355,2.0743,4.2212,3.0445,2.8218,4.583,5.4691,2.627,1.2233,1.3228,2.6736,3.6936,0.88296,2.1524,3.0141,2.5624,2.1662,4.6267,1.4296,1.617,3.9316,0.66665,2.6565,3.7642,2.0482,1.7611,3.5463,1.0704,2.377,3.2092,0.067614,2.3151,3.2682,1.7464,1.663,3.4262,1.8844,2.6835,4.1667,1.7895,1.7055,3.4402,1.4602,1.5967,3.9546,0.40568,2.1899,3.129,2.1189,2.429,4.478,1.4572,1.7163,3.2114,0.79672,1.9305,2.7209,3.1315,2.8405,5.9929,2.0661,1.8021,3.5515,1.0657,2.7545,2.9672,1.8379,2.5971,4.077,0.66136,1.9338,2.7748,1.0231,2.3962,3.1221,1.9134,1.908,4.5627,1.6834,1.6287,3.9037,0.54033,2.1628,3.8353,1.196,2.575,3.7625,0.88711,2.1681,3.1494,2.7326,2.3866,4.5153,2.1949,2.2661,4.8293,1.5169,1.6859,3.9724,1.9122,1.9538,4.5622,1.528,2.2418,3.2474,0.72112,2.2327,3.0335,2.5111,2.4425,4.4904,1.9375,2.5897,4.7653,1.8347,2.6118,4.7033,2.7145,2.4121,4.5808,1.2899,2.5659,3.863,1.7954,2.2783,4.4245,2.0203,2.9739,3.9306,0.63921,2.4779,2.6064,1.4274,2.1377,4.5818,2.1023,2.9644,4.0076,0.26693,2.4136,3.2968,1.6534,1.5781,4.0581,0.67824,2.1085,3.0188,2.2418,2.2878,4.6673,0.71037,2.4988,3.1726,0.90384,2.1805,3.1487,0.057078,2.8758,1.8647,2.1065,2.092,4.7464,2.7052,2.4161,4.5612,2.544,2.2508,5.0693,1.9173,2.5779,4.2253,1.0905,1.7167,4.0434,4.6412,2.8194,0.52426,0.84891,2.17,3.0087,1.3406,2.0717,4.3727,1.0233,2.1607,3.4363,2.0832,2.6499,4.3314,1.7389,1.5504,4.1194,1.2744,2.5014,3.1424,0.81845,2.4936,3.7101,2.1126,1.833,3.6317,1.5233,2.4916,3.4218,1.5605,2.588,3.6042,1.5667,1.6049,4.2421,1.8578,2.615,4.2904,1.9649,2.6297,4.4165,3.5755,2.7155,0.027816,1.7756,1.5067,4.0937,1.8125,1.9948,3.4595,1.9939,2.9228,4.802,1.2475,2.5289,3.2015,2.5831,2.4475,4.8966,1.0884,2.6391,4.0391,1.53,2.4713,3.4295,1.0478,1.8125,4.0765,1.6781,1.5497,4.0533,1.7802,1.985,3.4244,0.16395,2.8957,3.2247,2.9994,2.2573,4.7006,1.3016,1.9436,4.2338,1.3271,2.5994,3.5057,1.3579,2.4516,3.3247,1.8852,1.8723,3.6401,1.9254,2.5096,4.0622,1.0066,2.3037,3.1466,2.5352,1.9955,5.1261,1.2788,2.6309,3.4441,1.3151,2.4766,3.2803,0.37475,2.9103,3.4164,0.63288,1.8778,2.7386,1.609,1.9503,4.5092,1.464,1.753,4.17,5.2613,2.8708,1.6008,0.81103,2.1016,2.8435,1.0498,2.6727,4.0153,2.3143,2.5025,3.6477,2.4887,2.3612,4.7773,3.0004,2.6348,4.6768,2.1257,2.4909,4.4823,2.3546,2.1524,4.3018,0.73508,2.1213,3.2129,0.58719,2.4021,3.1533,0.60962,2.1423,3.7138,2.3727,2.4004,4.5067,1.0182,2.4101,3.0829,1.2169,1.6025,4.2522,1.6459,2.0243,3.4303,5.9855,2.6502,1.7137,3.4667,2.8982,0.1993,0.84384,2.3517,3.0713,1.6485,1.6103,4.0528,1.5199,1.9213,3.163,0.79695,2.4063,2.9684,2.163,2.3076,4.8199,1.2315,2.5647,3.1528,1.0571,1.9747,3.4908,0.37554,1.9989,3.3181,1.7367,1.986,3.4036,2.4524,2.1292,4.2886,2.2265,2.1552,5.0037,1.2418,1.6404,3.8631,0.71249,1.9837,2.7869,2.2332,2.1901,5.0224,2.4136,2.2588,4.6279,1.5896,2.474,3.9749,4.4606,2.8651,0.35756,1.9638,2.4872,4.0467,0.79446,1.9481,4.122,1.362,2.6776,4.3195,3.8528,2.7642,0.13514,1.573,1.6656,3.3243,0.20781,2.2921,3.2223,5.2103,2.8553,1.1424,0.66536,2.7063,3.3831,1.3593,2.5339,3.0434,2.2051,2.0786,4.9098,1.5049,2.0148,4.4444,1.5256,1.6429,3.3384,1.4722,2.9205,3.3911,0.64342,2.4043,2.987,0.86327,2.4197,3.0326,0.21944,2.5959,3.2935,1.6953,2.376,4.2316,0.66296,2.4078,2.8996,0.98075,2.3181,3.5419,1.3873,1.7755,4.2524,0.31271,2.325,3.3589,1.5192,1.5912,3.3108,0.61217,2.4073,2.96,3.2496,2.8428,6.2208,1.9178,2.5638,4.0132,2.0693,2.2019,4.6567,2.3164,2.7344,4.9235,1.9031,1.8401,3.8232,1.312,1.6748,3.7363,2.2098,2.1138,4.9492,1.3863,2.5812,3.9558,0.65549,3.0869,2.4668,4.7795,2.8678,0.49536,1.3123,2.7003,4.3463,1.955,1.8926,3.9343,1.3464,2.6629,2.9755,0.63081,2.7075,3.2828,1.0864,2.8737,4.2656,0.76389,2.572,2.7091,0.66986,2.0675,2.8855,0.59752,2.4158,3.3958,1.5959,2.1575,4.3178,1.5327,2.7213,4.5697,0.50427,2.0226,2.918,2.0068,1.8026,3.7965,1.1853,1.7646,3.7241,2.2113,2.6265,4.6241,1.3405,1.6101,4.0592,1.3325,2.1467,3.1439,0.58279,2.0501,2.9442,0.53363,2.418,2.6612,1.7124,2.4047,4.2413,2.2267,2.6094,4.6969,0.54956,2.0519,2.9098,1.6297,1.7034,3.3677,0.64731,3.0586,2.4908,0.66845,2.5814,2.6311,3.1434,2.7301,6.1716,0.13812,2.9096,2.8661,4.7383,2.9233,0.43108,2.2508,2.2825,3.5499,1.1756,3.0081,4.0259,1.2371,2.4061,3.3931,0.97062,3.0572,3.8322,2.3353,2.224,3.6955,1.1634,1.6858,3.729,2.4342,2.3687,4.5982,2.4676,2.6958,4.075,1.39,2.6806,4.4267,1.8981,1.7757,3.8181,1.2173,2.6539,3.7158,2.3263,2.4339,4.8427,1.5017,2.5421,3.4062,2.1635,2.2674,4.1518,0.76351,1.9813,3.3001,2.2563,2.3981,3.6001,2.1987,2.3764,3.5258,2.2936,1.9994,5.0203,2.5719,2.2632,4.7872,2.3234,2.2753,3.7374,1.3876,1.6228,3.8856,2.1651,2.6091,4.6166,1.9103,1.8239,3.8118,0.77871,2.1052,4.134,1.5781,1.7387,4.2291,2.2409,2.6311,4.7211,1.455,2.3735,3.2695,6.0259,2.9205,2.3592,1.8479,1.7889,3.5688,1.8622,2.8415,4.1271,2.1216,1.9968,4.8868,1.2215,2.591,4.3992,2.0007,2.1914,4.8763,1.6116,1.664,3.9546,1.6301,2.0525,3.3399,1.0933,2.6587,3.6069,1.0045,2.7576,3.8487,1.5108,2.4989,3.9409,1.1557,2.6863,3.6218,1.7715,1.622,4.0702,0.94781,2.4576,2.8429,2.005,2.1561,4.4993,0.3659,2.6922,3.1093,1.0314,1.9287,4.2754,1.0039,2.2892,3.1406,1.724,2.4061,4.6336,0.95436,2.0318,2.8916,0.71742,1.9643,2.7461,1.5848,1.6528,3.9628,0.94905,2.4413,2.8935,1.3122,1.5659,3.8605,2.7344,2.5576,4.6259,1.0774,2.2466,3.5399,1.1956,2.6664,3.6986,1.987,1.992,4.5469,1.0186,1.9282,4.2753,1.8955,1.6586,3.4861,1.6729,2.5441,4.012,2.1798,2.508,4.8994,2.0732,2.4333,3.5819,1.4703,2.9885,3.6848,1.4719,1.5042,4.1789,0.60323,2.9755,3.6338,1.6311,1.6408,4.2009,0.73464,1.9852,2.7454,0.7259,2.2059,3.9902,2.6469,2.5782,4.565,2.062,2.0842,3.4023,1.4565,2.7462,3.6006,1.0465,2.3335,3.5164,2.5893,2.0858,4.6015,1.4584,1.7173,4.4341,1.5057,2.5578,3.5854,2.0602,2.397,4.1314,2.6344,2.314,4.9168,0.55161,2.5396,3.0666
1912.5,0.080681,76.425,4.1887,0.26737,532.38,1.4343,1.7873,4.0901,1.319,2.2638,4.2983,1.1468,1.931,4.2321,2.4501,2.6064,4.3194,0.84358,2.0209,4.3183,1.503,2.5817,3.8849,3.2447,2.8128,6.1186,1.1182,1.9373,4.2581,1.7148,1.5862,4.201,1.3249,2.2431,4.3711,0.81247,2.0747,4.2218,3.048,2.821,4.5847,5.4657,2.6226,1.2206,1.3228,2.6711,3.6928,0.88071,2.1523,3.0138,2.5652,2.1696,4.6324,1.4279,1.6155,3.9326,0.66666,2.6587,3.7598,2.0497,1.7608,3.5487,1.0671,2.3764,3.21,0.060744,2.3154,3.2586,1.7449,1.6619,3.4275,1.8808,2.6795,4.1627,1.7897,1.706,3.4419,1.46,1.5953,3.9553,0.40653,2.1909,3.1274,2.1206,2.4303,4.4794,1.4566,1.718,3.2118,0.79615,1.9306,2.721,3.1379,2.8403,6.0008,2.0695,1.8031,3.5547,1.068,2.7568,2.9695,1.8396,2.5978,4.0804,0.66232,1.935,2.7749,1.0204,2.3949,3.1231,1.9141,1.9079,4.5652,1.6833,1.6279,3.9042,0.54273,2.1606,3.8401,1.197,2.5769,3.7632,0.88388,2.1702,3.1464,2.7375,2.3884,4.5203,2.1998,2.2687,4.8338,1.5182,1.6859,3.9738,1.9139,1.9551,4.5645,1.53,2.2436,3.2465,0.71836,2.2361,3.0309,2.5148,2.4441,4.4967,1.9371,2.5901,4.7603,1.8325,2.6124,4.6983,2.7206,2.4148,4.5911,1.289,2.568,3.8595,1.8004,2.2801,4.4292,2.0192,2.9715,3.9289,0.64104,2.4785,2.6079,1.4214,2.141,4.5787,2.1044,2.9607,4.009,0.26368,2.4143,3.2934,1.6532,1.577,4.0572,0.67734,2.1097,3.0173,2.2411,2.2883,4.6664,0.70942,2.495,3.1763,0.90186,2.1816,3.1477,0.056201,2.8747,1.863,2.1107,2.0942,4.7503,2.7089,2.4176,4.5685,2.5431,2.2479,5.0678,1.916,2.574,4.2239,1.0905,1.7119,4.0468,4.6387,2.8164,0.52259,0.8489,2.1715,3.0094,1.3421,2.0713,4.3754,1.0212,2.1635,3.4334,2.0787,2.6472,4.3265,1.7406,1.5485,4.1184,1.278,2.5004,3.1435,0.82054,2.496,3.7078,2.1149,1.8307,3.6294,1.5216,2.4929,3.4215,1.5586,2.5892,3.6056,1.5633,1.6053,4.2419,1.8552,2.6105,4.2862,1.9647,2.6256,4.4153,3.583,2.7129,0.033674,1.7785,1.5033,4.0913,1.8164,1.9944,3.4602,1.9912,2.9229,4.7995,1.2498,2.5285,3.2042,2.5818,2.4476,4.8936,1.0897,2.6401,4.0376,1.5277,2.4729,3.4287,1.0437,1.8113,4.0774,1.6791,1.5484,4.0523,1.7829,1.984,3.4238,0.15891,2.8942,3.2195,3.0028,2.2552,4.7033,1.3011,1.9431,4.2349,1.3281,2.5984,3.5097,1.3545,2.452,3.3244,1.8869,1.8686,3.6385,1.925,2.5133,4.065,1.0035,2.3042,3.1455,2.5347,1.9944,5.1254,1.2796,2.6303,3.4482,1.3103,2.4771,3.2785,0.37791,2.9086,3.4195,0.63175,1.8787,2.7344,1.6055,1.9489,4.51,1.4641,1.7505,4.1712,5.2526,2.8695,1.5929,0.81074,2.1012,2.8452,1.0494,2.6745,4.013,2.3207,2.5006,3.6496,2.4864,2.3591,4.7726,3.0079,2.6316,4.6819,2.1254,2.4906,4.4815,2.355,2.1546,4.3064,0.73253,2.1249,3.2072,0.59377,2.4004,3.16,0.60983,2.142,3.714,2.3735,2.3993,4.5095,1.0256,2.4086,3.0892,1.2152,1.6038,4.2499,1.6432,2.0241,3.4291,5.9757,2.6476,1.7036,3.4691,2.8966,0.20213,0.84225,2.3499,3.0727,1.6481,1.6092,4.0519,1.521,1.9223,3.1625,0.79718,2.4047,2.9703,2.1638,2.306,4.8163,1.2337,2.5654,3.1542,1.0585,1.9744,3.4909,0.37039,2.0004,3.3204,1.7376,1.9845,3.4021,2.4556,2.1308,4.2925,2.228,2.1548,5.0035,1.2394,1.6379,3.8638,0.71308,1.9836,2.7878,2.2351,2.1899,5.0222,2.4162,2.2603,4.6325,1.5902,2.4784,3.9751,4.4655,2.8599,0.36227,1.9644,2.4925,4.0491,0.79325,1.9477,4.1218,1.3682,2.6808,4.3229,3.8607,2.7614,0.14355,1.5748,1.6679,3.326,0.20537,2.2917,3.218,5.2116,2.8509,1.1441,0.66597,2.7039,3.384,1.3608,2.535,3.0439,2.2083,2.0769,4.9092,1.505,2.0114,4.4472,1.5257,1.6431,3.3401,1.4746,2.9207,3.3907,0.64828,2.403,2.9941,0.86233,2.4184,3.035,0.21865,2.5951,3.2911,1.6983,2.379,4.2353,0.66833,2.4069,2.9048,0.97697,2.3233,3.5363,1.3871,1.7742,4.2504,0.31237,2.3255,3.3576,1.5189,1.5898,3.3119,0.61637,2.4063,2.9665,3.2561,2.8414,6.2289,1.9156,2.5639,4.0128,2.0726,2.2024,4.6587,2.3076,2.7321,4.9126,1.9034,1.8347,3.8211,1.3123,1.6715,3.7375,2.212,2.1127,4.9484,1.3861,2.58,3.9547,0.63236,3.0872,2.4429,4.7783,2.8642,0.49578,1.3146,2.7005,4.3471,1.9567,1.8902,3.9358,1.3495,2.664,2.9791,0.63402,2.7059,3.2874,1.091,2.8724,4.2696,0.76786,2.5737,2.7114,0.66984,2.0702,2.8845,0.60007,2.4166,3.3952,1.5975,2.1561,4.3205,1.5391,2.7215,4.5756,0.50173,2.0242,2.9132,2.0074,1.8,3.7966,1.1846,1.7615,3.7267,2.2088,2.6245,4.619,1.3391,1.611,4.0556,1.3301,2.146,3.1429,0.58136,2.0524,2.9403,0.53501,2.4174,2.6633,1.7166,2.4093,4.2449,2.2227,2.6061,4.691,0.54777,2.0534,2.9059,1.6312,1.7022,3.369,0.64586,3.0595,2.4875,0.66979,2.5841,2.6307,3.1514,2.7285,6.1803,0.15002,2.9099,2.8807,4.7402,2.9224,0.43282,2.2494,2.278,3.5436,1.1754,3.0064,4.0269,1.231,2.4078,3.3885,0.96366,3.0572,3.8275,2.3345,2.2237,3.6921,1.1618,1.6795,3.7328,2.4346,2.3696,4.5994,2.4645,2.6971,4.0774,1.3937,2.6808,4.4291,1.8984,1.7695,3.8166,1.219,2.6499,3.7166,2.3249,2.4327,4.8368,1.4979,2.5405,3.4092,2.1639,2.2708,4.1547,0.76189,1.9845,3.2969,2.2545,2.3975,3.595,2.1952,2.3746,3.5188,2.2961,2.0004,5.0215,2.5695,2.262,4.7869,2.322,2.2771,3.7356,1.3879,1.6225,3.8869,2.1602,2.6055,4.6094,1.9113,1.8189,3.809,0.77882,2.1038,4.1392,1.5774,1.7354,4.2278,2.2358,2.6278,4.7143,1.4552,2.3737,3.2694,6.0305,2.9215,2.3657,1.8483,1.7885,3.5712,1.8615,2.8358,4.1246,2.1245,1.9975,4.8887,1.2248,2.5914,4.4026,2.0039,2.1929,4.8761,1.6118,1.661,3.9543,1.6319,2.0541,3.339,1.0938,2.6568,3.6065,1.006,2.7558,3.848,1.5146,2.5006,3.9446,1.1562,2.6838,3.6205,1.7692,1.6183,4.0699,0.94903,2.4579,2.845,2.0088,2.1592,4.5033,0.37448,2.6877,3.1165,1.0297,1.9276,4.2755,1.0045,2.2889,3.1431,1.7278,2.4065,4.6358,0.95309,2.0308,2.892,0.71693,1.9632,2.7465,1.5841,1.6498,3.963,0.94924,2.441,2.8965,1.3097,1.5647,3.8614,2.7339,2.5567,4.6264,1.0762,2.251,3.5363,1.1971,2.663,3.6993,1.9877,1.9927,4.5492,1.0169,1.9269,4.276,1.8972,1.6589,3.4874,1.6733,2.5454,4.0124,2.1824,2.5066,4.8993,2.0712,2.4355,3.5781,1.4789,2.9846,3.6934,1.4725,1.5057,4.1774,0.60005,2.9748,3.6316,1.6324,1.6378,4.1999,0.73441,1.9847,2.7456,0.72661,2.2069,3.9909,2.6457,2.5777,4.5667,2.0644,2.0827,3.4018,1.458,2.7414,3.6027,1.0447,2.3373,3.5124,2.592,2.0888,4.6067,1.4578,1.7175,4.4344,1.5031,2.5573,3.5859,2.0606,2.3999,4.1338,2.633,2.3127,4.9146,0.55473,2.5401,3.0699
1912.5,0.080681,76.425,4.1887,0.27628,542.48,1.4318,1.7857,4.0877,1.3218,2.2653,4.3019,1.1445,1.9288,4.2318,2.45,2.605,4.3214,0.84281,2.0205,4.3204,1.5022,2.5839,3.8842,3.253,2.8109,6.1283,1.115,1.9351,4.2589,1.7141,1.5827,4.1992,1.3258,2.2434,4.3754,0.81141,2.075,4.2224,3.0515,2.8202,4.5863,5.4624,2.6182,1.2184,1.3228,2.6689,3.6919,0.87848,2.1522,3.0135,2.568,2.1727,4.6379,1.4263,1.614,3.9335,0.66667,2.6608,3.7554,2.0513,1.7604,3.5509,1.0637,2.3758,3.2106,0.05413,2.3156,3.2494,1.7433,1.6607,3.429,1.8772,2.6755,4.159,1.7899,1.7066,3.4437,1.4599,1.594,3.956,0.40738,2.1919,3.1259,2.1222,2.4315,4.4807,1.4559,1.7196,3.2121,0.79563,1.9306,2.7212,3.1444,2.8401,6.009,2.0727,1.804,3.558,1.0706,2.7592,2.9718,1.8412,2.5985,4.0838,0.66326,1.9361,2.775,1.0176,2.3935,3.1239,1.9149,1.9078,4.5677,1.6832,1.6272,3.9048,0.54525,2.1584,3.845,1.1979,2.5786,3.7638,0.88077,2.1721,3.1437,2.7421,2.3901,4.5248,2.2042,2.2708,4.8381,1.5197,1.6858,3.9753,1.9158,1.9565,4.567,1.532,2.2455,3.2457,0.71575,2.2392,3.0286,2.5184,2.4456,4.5029,1.9365,2.5905,4.7552,1.8305,2.613,4.6932,2.7264,2.4174,4.6011,1.2882,2.57,3.856,1.8054,2.282,4.4338,2.018,2.9692,3.9271,0.64267,2.4791,2.6094,1.4154,2.1444,4.5756,2.1066,2.957,4.0105,0.26085,2.4151,3.2906,1.653,1.576,4.0563,0.67647,2.1107,3.0158,2.2402,2.2889,4.6655,0.70823,2.4915,3.1796,0.90001,2.1828,3.1466,0.055487,2.8736,1.8615,2.1147,2.0963,4.754,2.7125,2.4189,4.5755,2.5424,2.2452,5.0664,1.9149,2.5704,4.2229,1.0906,1.7073,4.0499,4.6364,2.8133,0.52096,0.84892,2.173,3.0102,1.3436,2.0708,4.3779,1.0191,2.1662,3.4305,2.0744,2.6446,4.3219,1.7421,1.5466,4.1174,1.2817,2.4994,3.1444,0.82265,2.4983,3.7056,2.1171,1.8285,3.6273,1.52,2.4942,3.4213,1.5567,2.5904,3.6071,1.5599,1.6058,4.2418,1.8528,2.6062,4.2824,1.9647,2.6218,4.4143,3.5904,2.7102,0.04016,1.7815,1.4998,4.0888,1.8204,1.9941,3.461,1.9886,2.9228,4.797,1.252,2.5283,3.2067,2.5805,2.4477,4.8906,1.0909,2.6411,4.0358,1.5255,2.4744,3.428,1.0398,1.8102,4.0782,1.6801,1.5472,4.0514,1.7856,1.9831,3.4235,0.15395,2.8927,3.2145,3.0061,2.2531,4.7059,1.3007,1.9424,4.236,1.3289,2.5974,3.5135,1.3511,2.4523,3.3242,1.8887,1.8651,3.6369,1.9245,2.5169,4.0677,1.0006,2.3047,3.1444,2.5341,1.9934,5.1246,1.2804,2.6296,3.4523,1.3056,2.4778,3.2768,0.38108,2.9068,3.4225,0.63067,1.8795,2.7304,1.6019,1.9476,4.5107,1.4642,1.748,4.1724,5.244,2.8683,1.5851,0.81046,2.1009,2.8469,1.0489,2.6764,4.0106,2.327,2.4986,3.6514,2.4845,2.3571,4.7681,3.0152,2.6283,4.6868,2.1252,2.4903,4.4808,2.3553,2.1567,4.311,0.73,2.1285,3.2016,0.60015,2.3988,3.1663,0.6101,2.1417,3.7141,2.3743,2.3982,4.5122,1.0327,2.4071,3.0953,1.2136,1.6053,4.2475,1.6403,2.0239,3.4278,5.9663,2.6449,1.6938,3.4711,2.895,0.20469,0.84049,2.3482,3.0737,1.6477,1.6081,4.0511,1.522,1.9233,3.1623,0.79731,2.4032,2.9722,2.1647,2.3045,4.8129,1.2357,2.5663,3.1556,1.06,1.974,3.491,0.36552,2.0018,3.3228,1.7385,1.9829,3.4006,2.4588,2.1323,4.2964,2.2296,2.1544,5.0034,1.237,1.6354,3.8645,0.71361,1.9836,2.7886,2.237,2.1897,5.022,2.4188,2.262,4.6369,1.5908,2.4828,3.9752,4.4702,2.8547,0.36681,1.9651,2.4977,4.0514,0.79207,1.9475,4.1215,1.3744,2.6837,4.3264,3.8684,2.7586,0.15176,1.5768,1.6702,3.3278,0.20311,2.2911,3.2137,5.213,2.8465,1.1459,0.66643,2.7017,3.3848,1.3624,2.5361,3.0443,2.2113,2.0753,4.9087,1.5051,2.008,4.4499,1.5257,1.6433,3.3419,1.4768,2.9209,3.3902,0.65296,2.4016,3.0011,0.86145,2.4171,3.0374,0.21789,2.5944,3.2886,1.7013,2.3818,4.2391,0.67364,2.4061,2.91,0.9732,2.3283,3.5307,1.387,1.7728,4.2485,0.31202,2.3258,3.3563,1.5186,1.5883,3.313,0.62048,2.4054,2.9729,3.2622,2.8399,6.2365,1.9134,2.5638,4.0123,2.0757,2.2026,4.6606,2.2989,2.7297,4.9018,1.9036,1.8293,3.8192,1.3126,1.6682,3.7387,2.2141,2.1117,4.9477,1.3859,2.5789,3.9536,0.60867,3.0875,2.4184,4.7771,2.8608,0.49631,1.3168,2.7005,4.3479,1.9585,1.8877,3.9374,1.3526,2.6649,2.9828,0.63697,2.7044,3.2916,1.0955,2.8711,4.2737,0.77165,2.5754,2.7135,0.66989,2.0727,2.8837,0.60232,2.4175,3.3944,1.5991,2.1546,4.3232,1.5453,2.7216,4.5812,0.49936,2.0258,2.9087,2.0081,1.7974,3.7966,1.1839,1.7586,3.7293,2.2067,2.6226,4.6142,1.3379,1.6117,4.052,1.3279,2.1453,3.1419,0.58,2.0544,2.9366,0.53643,2.4167,2.6655,1.7206,2.4138,4.2484,2.219,2.6029,4.6853,0.54609,2.0548,2.9023,1.6325,1.7012,3.3704,0.6442,3.0603,2.4839,0.67096,2.5868,2.6299,3.1594,2.7268,6.1887,0.16197,2.9102,2.8953,4.742,2.9215,0.43456,2.2483,2.2736,3.5375,1.1753,3.0047,4.0279,1.2251,2.4094,3.3841,0.95665,3.0572,3.8228,2.3337,2.2232,3.6887,1.1601,1.6732,3.7366,2.4351,2.3704,4.6006,2.4615,2.6983,4.0798,1.3974,2.6809,4.4316,1.8987,1.7634,3.8152,1.2208,2.6461,3.7173,2.3237,2.4316,4.8312,1.4942,2.5389,3.412,2.1644,2.2743,4.1576,0.76021,1.9878,3.2938,2.2527,2.3969,3.5902,2.1919,2.3727,3.5121,2.2985,2.0015,5.0224,2.5673,2.261,4.7866,2.3207,2.279,3.7338,1.3881,1.6223,3.8884,2.1557,2.6018,4.6025,1.9123,1.8141,3.8064,0.77893,2.1024,4.1442,1.5765,1.7322,4.2263,2.231,2.6247,4.7078,1.4555,2.3739,3.2693,6.0351,2.9225,2.3722,1.8487,1.7882,3.5735,1.8609,2.8304,4.1225,2.1273,1.9982,4.8906,1.2279,2.5917,4.4059,2.0072,2.1944,4.8759,1.6119,1.6582,3.954,1.6337,2.0557,3.3382,1.0943,2.655,3.6059,1.0075,2.7539,3.8471,1.5183,2.5022,3.9482,1.1568,2.6816,3.6193,1.7667,1.6147,4.0696,0.95026,2.4582,2.847,2.0126,2.1621,4.5073,0.38284,2.683,3.1233,1.0279,1.9265,4.2756,1.0051,2.2886,3.1457,1.7316,2.4067,4.6378,0.9518,2.0298,2.8924,0.71643,1.9622,2.7468,1.5834,1.6469,3.9631,0.94936,2.4407,2.8994,1.3071,1.5635,3.8623,2.7334,2.5558,4.6271,1.0751,2.2555,3.5325,1.1986,2.6597,3.6999,1.9885,1.9934,4.5517,1.0152,1.9255,4.2767,1.8987,1.6592,3.4889,1.6735,2.5466,4.0127,2.185,2.5052,4.8991,2.0693,2.4377,3.5746,1.4872,2.9806,3.7018,1.4731,1.5072,4.1759,0.5968,2.974,3.6293,1.6337,1.635,4.199,0.73419,1.984,2.7457,0.72724,2.2079,3.9915,2.6445,2.5772,4.5684,2.0669,2.0813,3.4014,1.4593,2.7368,3.6048,1.0429,2.3408,3.5084,2.5947,2.0918,4.6118,1.4572,1.7177,4.4347,1.5006,2.5568,3.5864,2.0609,2.4028,4.1361,2.6315,2.3115,4.9124,0.55782,2.5407,3.0732
1912.5,0.080681,76.425,4.1887,0.28519,551.98,1.4296,1.7841,4.0854,1.3246,2.2666,4.3056,1.1423,1.9267,4.2316,2.4501,2.6038,4.3235,0.84203,2.02,4.3226,1.5015,2.5862,3.8835,3.2612,2.8088,6.1379,1.1117,1.9329,4.2596,1.7134,1.5792,4.1972,1.3266,2.2437,4.3796,0.81037,2.0753,4.2231,3.0547,2.8194,4.5879,5.4594,2.6139,1.2164,1.3225,2.6668,3.6909,0.87625,2.1521,3.0133,2.5706,2.1759,4.6433,1.4246,1.6127,3.9345,0.66673,2.6627,3.7511,2.0528,1.76,3.5532,1.0603,2.3754,3.211,0.047734,2.3157,3.2405,1.7417,1.6596,3.4305,1.8739,2.6717,4.1554,1.7901,1.7071,3.4455,1.4598,1.5928,3.9567,0.40824,2.1929,3.1244,2.1237,2.4327,4.4819,1.4553,1.7211,3.2124,0.79514,1.9306,2.7215,3.151,2.8399,6.0173,2.076,1.8048,3.5611,1.0732,2.7615,2.9742,1.8428,2.5992,4.0871,0.66417,1.9372,2.7751,1.0148,2.3921,3.1247,1.9157,1.9076,4.5701,1.6831,1.6266,3.9054,0.54784,2.1562,3.85,1.1989,2.5802,3.7645,0.87774,2.174,3.141,2.7464,2.3916,4.5293,2.2086,2.2728,4.8422,1.521,1.6857,3.9766,1.9176,1.9579,4.5693,1.5342,2.2472,3.2451,0.71326,2.2422,3.0266,2.5221,2.447,4.5091,1.9359,2.5909,4.75,1.8286,2.6136,4.6883,2.7321,2.4198,4.6107,1.2873,2.5721,3.8526,1.8104,2.2837,4.4385,2.0169,2.967,3.9254,0.64415,2.4797,2.6106,1.4093,2.1476,4.5723,2.1088,2.9533,4.0121,0.25825,2.4158,3.2878,1.6528,1.575,4.0554,0.67563,2.1117,3.0146,2.2394,2.2893,4.6645,0.7068,2.4879,3.1828,0.89819,2.1839,3.1458,0.054978,2.8725,1.8602,2.1187,2.0983,4.7574,2.7158,2.4201,4.5823,2.5416,2.2425,5.0651,1.9141,2.567,4.2219,1.0907,1.7027,4.0531,4.6341,2.8104,0.51926,0.84897,2.1745,3.0109,1.3452,2.0704,4.3805,1.017,2.1689,3.4276,2.0703,2.6421,4.3176,1.7437,1.5449,4.1164,1.2854,2.4985,3.1453,0.82474,2.5005,3.7034,2.1194,1.8263,3.6253,1.5185,2.4954,3.4213,1.555,2.5916,3.6086,1.5566,1.6064,4.2415,1.8508,2.6022,4.2788,1.9649,2.6181,4.4135,3.5978,2.7076,0.046574,1.7845,1.4963,4.0862,1.8243,1.9936,3.4617,1.986,2.9228,4.7945,1.2541,2.5281,3.2092,2.5793,2.4477,4.8878,1.092,2.6421,4.0341,1.5234,2.4759,3.4273,1.036,1.8091,4.0791,1.6811,1.546,4.0504,1.7883,1.9821,3.4232,0.14892,2.8913,3.2093,3.0094,2.251,4.7083,1.3003,1.9418,4.2371,1.3296,2.5966,3.5172,1.3477,2.4526,3.3241,1.8904,1.8617,3.6354,1.924,2.5202,4.0704,0.99766,2.3052,3.1432,2.5335,1.9924,5.1239,1.2812,2.629,3.4563,1.3009,2.4784,3.2752,0.38419,2.9049,3.4255,0.62963,1.8801,2.7266,1.5983,1.9461,4.5114,1.4643,1.7455,4.1736,5.2354,2.8671,1.5774,0.81019,2.1006,2.8486,1.0485,2.6781,4.0082,2.3331,2.4967,3.6532,2.4826,2.3551,4.7637,3.0226,2.625,4.6915,2.1251,2.49,4.4801,2.3557,2.1589,4.3157,0.72742,2.132,3.1962,0.60639,2.3972,3.1726,0.61038,2.1415,3.7142,2.3753,2.3972,4.5151,1.0397,2.4057,3.1013,1.2119,1.6068,4.245,1.6375,2.0236,3.4264,5.9572,2.6422,1.6842,3.473,2.8934,0.20693,0.83853,2.3465,3.0746,1.6473,1.607,4.0502,1.5231,1.9243,3.162,0.79736,2.4016,2.9739,2.1657,2.303,4.8095,1.2377,2.5671,3.1568,1.0615,1.9735,3.4912,0.36083,2.0033,3.325,1.7393,1.9813,3.3991,2.462,2.1339,4.3003,2.2311,2.154,5.0033,1.2347,1.6331,3.865,0.71411,1.9835,2.7894,2.2387,2.1895,5.0217,2.4214,2.2635,4.6412,1.5914,2.4871,3.9753,4.4747,2.8496,0.3712,1.9658,2.5029,4.0537,0.79091,1.9473,4.1213,1.3805,2.6867,4.3297,3.8758,2.7559,0.15978,1.5788,1.6725,3.3296,0.20094,2.2906,3.2095,5.2146,2.8422,1.1478,0.66674,2.6995,3.3854,1.3639,2.5372,3.0447,2.2144,2.0737,4.9082,1.5052,2.0047,4.4526,1.5258,1.6433,3.3437,1.479,2.921,3.3896,0.6575,2.4003,3.0079,0.86065,2.4158,3.0398,0.2171,2.5935,3.2861,1.7043,2.3845,4.2428,0.67887,2.4052,2.9151,0.96939,2.3332,3.5251,1.3868,1.7712,4.2465,0.31164,2.3261,3.355,1.5182,1.5869,3.3141,0.6245,2.4044,2.9793,3.2681,2.8384,6.2439,1.9111,2.5638,4.0118,2.0789,2.2029,4.6627,2.2904,2.7273,4.8913,1.9038,1.8239,3.8173,1.313,1.6651,3.7399,2.2162,2.1107,4.947,1.3858,2.5778,3.9526,0.58422,3.0879,2.3931,4.7759,2.8576,0.49692,1.319,2.7006,4.3488,1.9601,1.8851,3.939,1.3556,2.6659,2.9865,0.63962,2.7029,3.2956,1.1001,2.8697,4.2777,0.77523,2.5771,2.7155,0.66999,2.0753,2.8829,0.6044,2.4184,3.3934,1.6008,2.1531,4.3258,1.5512,2.7217,4.5866,0.49712,2.0274,2.9044,2.0087,1.7949,3.7967,1.1832,1.7557,3.7318,2.2047,2.6207,4.6098,1.3367,1.6123,4.0485,1.3256,2.1446,3.1409,0.5787,2.0564,2.933,0.53789,2.416,2.6677,1.7247,2.4182,4.252,2.2154,2.5997,4.6797,0.54452,2.056,2.8988,1.6335,1.7002,3.3716,0.64204,3.0611,2.4799,0.67197,2.5895,2.6291,3.1671,2.7252,6.197,0.17401,2.9103,2.9099,4.7438,2.9207,0.43628,2.2472,2.2692,3.5314,1.175,3.003,4.0288,1.2193,2.4108,3.3797,0.94917,3.0572,3.8176,2.333,2.2227,3.6854,1.1584,1.6669,3.7404,2.4355,2.3712,4.6019,2.4587,2.6994,4.0823,1.401,2.681,4.4338,1.8989,1.7574,3.814,1.2224,2.6424,3.718,2.3226,2.4305,4.8257,1.4904,2.5374,3.4147,2.1649,2.2778,4.1606,0.75851,1.9912,3.2906,2.2511,2.3964,3.5854,2.1887,2.3709,3.5054,2.3008,2.0023,5.0233,2.5651,2.26,4.7863,2.3194,2.281,3.7322,1.3883,1.6219,3.8897,2.1513,2.5983,4.5959,1.9133,1.8092,3.8037,0.77902,2.1012,4.1493,1.5758,1.7289,4.225,2.2264,2.6215,4.7015,1.4556,2.3741,3.2692,6.0399,2.9235,2.3787,1.8492,1.7878,3.5757,1.8606,2.825,4.1204,2.13,1.9987,4.8922,1.231,2.592,4.4092,2.0103,2.1958,4.8756,1.6121,1.6555,3.9537,1.6355,2.0572,3.3373,1.0947,2.6533,3.6053,1.009,2.7521,3.8462,1.522,2.5037,3.9519,1.1574,2.6793,3.6181,1.7643,1.6113,4.0692,0.9515,2.4585,2.849,2.0164,2.165,4.5113,0.39097,2.6784,3.13,1.0262,1.9253,4.2756,1.0056,2.2883,3.1481,1.7354,2.407,4.6399,0.95051,2.0287,2.8927,0.71597,1.9612,2.7472,1.5828,1.6442,3.9631,0.94946,2.4405,2.9024,1.3045,1.5624,3.8631,2.733,2.5549,4.6277,1.074,2.2599,3.5288,1.2,2.6565,3.7005,1.9894,1.9941,4.5541,1.0136,1.9242,4.2774,1.9002,1.6594,3.4903,1.6738,2.5479,4.013,2.1877,2.5039,4.8991,2.0674,2.4399,3.571,1.4954,2.9765,3.7102,1.4737,1.5087,4.1744,0.59349,2.9732,3.627,1.635,1.6322,4.1981,0.73398,1.9834,2.7458,0.72782,2.209,3.992,2.6433,2.5767,4.57,2.0694,2.0798,3.401,1.4607,2.7322,3.6068,1.041,2.3443,3.5046,2.5974,2.0948,4.6168,1.4567,1.7179,4.4351,1.498,2.5563,3.5869,2.0612,2.4057,4.1384,2.63,2.3104,4.9103,0.5609,2.5413,3.0765
980.52,0.14012,100.91,11.191,0.0088731,301.11,1.5199,1.8359,4.1701,1.2773,2.2265,4.2237,1.2275,1.9854,4.2346,2.496,2.661,4.3007,0.85825,2.0589,4.2213,1.5198,2.4883,3.8934,3.0186,2.8392,5.8318,1.2246,1.9872,4.2346,1.7473,1.7129,4.2468,1.2785,2.2269,4.2279,0.85672,2.0617,4.2153,2.8966,2.8352,4.5108,5.6999,2.7737,1.4555,1.2448,2.8376,3.6298,0.95391,2.1448,3.0216,2.4855,2.0545,4.4506,1.4721,1.6743,3.9064,0.65741,2.5728,3.8805,2.0068,1.7631,3.4748,1.0773,2.4434,3.0668,0.26581,2.2863,3.5548,1.785,1.6741,3.3884,2.1284,2.8225,4.4328,1.7867,1.6742,3.3916,1.4738,1.6709,3.9096,0.39457,2.1353,3.1994,2.0395,2.3585,4.3918,1.474,1.6688,3.1997,0.83084,1.8795,2.7699,3.0174,2.8414,5.8259,2.0076,1.7646,3.4765,1.0066,2.7169,2.8807,1.8187,2.5885,4.004,0.63327,1.8723,2.7979,1.0714,2.4443,3.0577,1.8989,1.9151,4.4952,1.6819,1.6909,3.8944,0.51035,2.2009,3.7453,1.1922,2.428,3.7831,1.001,2.0636,3.266,2.5511,2.3006,4.297,2.0721,2.1526,4.6812,1.4791,1.6736,3.9126,1.896,1.917,4.4939,1.491,2.1741,3.267,0.82009,2.083,3.1833,2.4187,2.3734,4.3172,1.9433,2.6008,4.8853,1.9334,2.5963,4.873,2.5489,2.301,4.2947,1.2869,2.4895,3.9435,1.6891,2.2326,4.2972,2.0461,3.0599,3.9883,0.50717,2.4697,2.4793,1.5423,2.0567,4.6103,2.0716,3.0637,4.0176,0.38829,2.376,3.4319,1.6615,1.6266,4.0822,0.70887,2.0238,3.0961,2.2447,2.2412,4.6479,0.63587,2.6158,3.008,1.0014,2.0669,3.2666,0.12489,2.8904,1.9683,1.9958,1.9856,4.5906,2.5479,2.3017,4.2967,2.6704,2.3358,5.1943,2.1333,2.8167,4.4353,1.0792,1.8457,3.9484,4.622,2.9946,0.50808,0.88498,2.1183,3.0518,1.3053,2.0994,4.2688,1.0549,2.0875,3.4923,2.3032,2.752,4.5719,1.7023,1.5964,4.1567,1.1475,2.5567,3.0709,0.75192,2.4279,3.7687,2.0553,1.9258,3.7363,1.5971,2.4379,3.467,1.6574,2.5245,3.6064,1.6572,1.6735,4.2499,2.1007,2.8066,4.5762,2.1073,2.8063,4.5807,3.3604,2.7816,6.1215,1.7018,1.5961,4.1567,1.7053,2.0048,3.4528,2.1225,2.9366,4.9186,1.149,2.5568,3.0763,2.6362,2.4463,4.9868,1.0277,2.6036,4.0662,1.5992,2.4366,3.4677,1.1832,1.8017,4.0998,1.6619,1.6257,4.0828,1.7041,2.0045,3.4502,0.28643,2.9462,3.3339,2.8735,2.2937,4.5678,1.3168,1.9501,4.2055,1.2526,2.6864,3.3296,1.4625,2.4581,3.3432,1.8428,1.982,3.7222,1.9504,2.3417,3.9934,1.0944,2.283,3.1873,2.5398,2.0467,5.1483,1.2426,2.686,3.3153,1.4588,2.4615,3.3383,0.29496,2.9462,3.3425,0.67559,1.8081,2.9091,1.6991,2.0253,4.4253,1.4671,1.86,4.1206,5.5323,2.9006,1.8445,0.81918,2.1205,2.7826,1.0259,2.6056,4.0665,2.1584,2.5246,3.6213,2.6361,2.4441,4.9861,2.8031,2.7042,4.5224,2.1605,2.5286,4.5311,2.3489,2.1032,4.1955,0.7664,1.9917,3.3473,0.33076,2.4732,2.8856,0.60366,2.1409,3.7131,2.386,2.506,4.4321,0.7535,2.4643,2.8564,1.2547,1.5838,4.2872,1.7009,2.0076,3.4493,5.6691,2.6891,2.0348,3.2205,2.938,6.2123,0.74965,2.4617,2.8597,1.661,1.6344,4.0866,1.4947,1.8658,3.1824,0.74448,2.4636,2.8526,2.1681,2.3479,4.952,1.1461,2.5627,3.0728,1.0027,1.9628,3.5038,0.52881,1.9783,3.2577,1.7016,2.0086,3.4481,2.3861,2.0821,4.1983,2.145,2.1542,4.9809,1.2883,1.7495,3.8019,0.68319,1.9771,2.7566,2.145,2.1545,4.9837,2.3203,2.1868,4.4634,1.5675,2.297,3.9631,4.2149,3.0038,0.14741,1.955,2.3398,3.9964,0.83796,1.9633,4.1185,1.1793,2.5741,4.217,3.528,2.8524,6.0904,1.5326,1.6183,3.2872,0.31986,2.298,3.4038,5.1327,2.9877,1.0734,0.56339,2.7831,3.2606,1.2703,2.5077,2.9803,2.141,2.1498,4.9775,1.4747,2.0926,4.352,1.5254,1.6231,3.2877,1.3796,2.9293,3.3642,0.45463,2.4492,2.7245,0.92238,2.4544,3.0005,0.22284,2.6176,3.3406,1.6128,2.2581,4.1266,0.45129,2.4464,2.7175,1.047,2.1729,3.6575,1.3943,1.806,4.2929,0.32401,2.3006,3.4055,1.5286,1.617,3.2872,0.45073,2.4496,2.722,3.0001,2.8702,5.9187,2.0042,2.5965,4.0337,1.9731,2.179,4.5906,2.6271,2.7749,5.2655,1.8914,1.9637,3.9021,1.2941,1.8134,3.6891,2.1456,2.1533,4.9824,1.4008,2.6561,4.0056,1.1119,3.0842,2.954,4.6946,2.9835,0.41672,1.261,2.6857,4.3372,1.904,1.9563,3.8846,1.2485,2.6367,2.8674,0.37138,2.7726,2.9651,0.93958,2.8915,4.1318,0.57897,2.5214,2.5852,0.69641,1.9362,2.9877,0.54679,2.397,3.4269,1.5665,2.1763,4.2312,1.2667,2.688,4.3433,0.63008,1.9511,3.112,1.9802,1.8948,3.8176,1.1933,1.8441,3.6472,2.4543,2.7212,4.9716,1.3762,1.5299,4.17,1.3884,2.1563,3.1735,0.63563,1.951,3.112,0.46378,2.4494,2.5709,1.6144,2.2573,4.1297,2.4531,2.7201,4.9744,0.63325,1.9526,3.109,1.5648,1.7124,3.3281,0.51198,3.0408,2.4251,0.57742,2.5219,2.5863,2.9144,2.7443,5.8956,6.185,2.8649,2.5522,4.6769,2.9871,0.39693,2.3419,2.4059,3.7462,0.89436,3.0805,3.6787,1.4339,2.2604,3.5591,0.85341,3.0785,3.6376,2.366,2.2373,3.8066,1.1918,1.8433,3.6461,2.4266,2.3385,4.5607,2.5803,2.6305,4.032,1.2636,2.6831,4.3386,1.8922,1.9584,3.9013,1.1301,2.7914,3.6556,2.4438,2.4839,5.0834,1.6074,2.6189,3.3064,2.168,2.1887,4.1026,0.78684,1.9032,3.3705,2.3427,2.4095,3.7484,2.3449,2.4105,3.7491,2.1862,1.8924,4.9054,2.6432,2.2896,4.7921,2.3644,2.2386,3.8071,1.3801,1.5862,3.8368,2.4561,2.7191,4.9774,1.8915,1.959,3.9021,0.77885,2.1408,3.9653,1.6014,1.8303,4.2578,2.4544,2.7204,4.9763,1.4456,2.3887,3.261,5.931,2.8816,2.2107,1.8578,1.7996,3.4774,1.973,3.0207,4.2957,2.0171,1.9501,4.7572,1.1036,2.5792,4.2755,1.8853,2.1496,4.862,1.6131,1.7989,3.9662,1.6045,2.0101,3.3888,1.0175,2.772,3.567,0.9164,2.8294,3.814,1.3818,2.3934,3.8451,1.1249,2.7932,3.6497,1.8378,1.7917,4.0926,0.91357,2.4607,2.7748,1.9113,2.0698,4.3864,0.079442,2.7955,2.8447,1.085,1.959,4.2613,0.9491,2.3351,3.0132,1.6348,2.3954,4.587,0.97881,2.0853,2.8363,0.74291,1.998,2.7426,1.6123,1.7978,3.9684,0.91564,2.4595,2.7773,1.3796,1.5859,3.8367,2.7676,2.589,4.633,1.0847,2.1383,3.6263,1.1225,2.7969,3.6505,1.9758,1.9863,4.4769,1.0823,1.9616,4.2589,1.8534,1.653,3.4507,1.6623,2.4837,3.9992,2.1129,2.5542,4.9211,2.1537,2.3808,3.7088,1.1865,3.0727,3.4179,1.4466,1.4671,4.2315,0.62082,2.9993,3.6163,1.6237,1.7488,4.232,0.74405,1.9978,2.7418,0.69129,2.1942,3.9447,2.6878,2.6024,4.5369,1.9931,2.127,3.4378,1.3836,2.919,3.537,1.0816,2.1944,3.6335,2.5322,2.0006,4.4714,1.4905,1.7345,4.4223,1.6078,2.5914,3.5828,2.0622,2.2908,4.0733,2.7072,2.3726,5.0067,0.4472,2.5309,2.9609
980.52,0.14012,100.91,11.191,0.017746,313.06,1.5153,1.8353,4.1652,1.2754,2.2283,4.2242,1.223,1.9831,4.2369,2.4912,2.6582,4.2975,0.85857,2.0552,4.2273,1.5194,2.4953,3.8937,3.0325,2.8396,5.8499,1.2185,1.9852,4.2353,1.7463,1.7065,4.2451,1.2811,2.2273,4.2338,0.85441,2.0619,4.2145,2.9044,2.8349,4.5154,5.6846,2.7688,1.4383,1.2547,2.8269,3.6397,0.94939,2.1445,3.0203,2.488,2.0601,4.4585,1.4716,1.6711,3.9083,0.65599,2.5775,3.8747,2.0089,1.7638,3.4779,1.0842,2.4379,3.0826,0.25737,2.2879,3.5435,1.7832,1.6756,3.3903,2.1056,2.8166,4.4072,1.7867,1.6794,3.3937,1.4703,1.6655,3.9143,0.39276,2.1395,3.192,2.0467,2.3655,4.4012,1.4737,1.6727,3.2004,0.82968,1.8875,2.7651,3.0278,2.8414,5.8384,2.0099,1.769,3.4798,1.0085,2.7182,2.8846,1.8201,2.5881,4.008,0.63625,1.8779,2.7975,1.0708,2.4418,3.0636,1.9009,1.9161,4.4986,1.6849,1.6841,3.8935,0.51073,2.2009,3.7466,1.1901,2.4415,3.778,0.99389,2.0704,3.2578,2.5596,2.3061,4.3085,2.0786,2.1602,4.69,1.4808,1.6723,3.9157,1.8955,1.9176,4.4959,1.493,2.1793,3.2662,0.81525,2.0895,3.1749,2.4204,2.3777,4.3233,1.9393,2.599,4.8763,1.9246,2.5975,4.8593,2.5544,2.3072,4.3049,1.2863,2.4942,3.938,1.6926,2.2342,4.3026,2.0233,3.0542,3.9636,0.5163,2.4693,2.4877,1.5418,2.0591,4.6155,2.063,3.0594,4.0073,0.38167,2.3796,3.4221,1.6614,1.6206,4.0814,0.70708,2.0281,3.0914,2.2461,2.2435,4.6508,0.64956,2.6105,3.0239,0.99545,2.0741,3.2583,0.11498,2.8907,1.9565,1.998,1.988,4.5959,2.5523,2.3082,4.3059,2.6605,2.3317,5.1845,2.1126,2.8058,4.4135,1.0797,1.8387,3.9539,4.627,2.9862,0.51131,0.88107,2.1196,3.0469,1.3055,2.0978,4.2749,1.0533,2.0888,3.4901,2.2855,2.7465,4.5512,1.7042,1.5916,4.1542,1.1559,2.5542,3.0783,0.75526,2.4317,3.767,2.0572,1.9206,3.7306,1.5926,2.4399,3.4637,1.6505,2.5293,3.6041,1.654,1.6658,4.2499,2.083,2.7988,4.5568,2.0947,2.7978,4.5675,3.3691,2.7803,6.1294,1.7042,1.5906,4.1541,1.7098,2.004,3.4521,2.1113,2.935,4.9087,1.1567,2.5546,3.0864,2.6327,2.4457,4.9822,1.0339,2.6045,4.0669,1.5949,2.4373,3.4654,1.1794,1.8078,4.0958,1.6628,1.6186,4.0809,1.707,2.0037,3.4471,0.28277,2.9444,3.3313,2.8782,2.2954,4.5767,1.3159,1.9497,4.2063,1.2608,2.6813,3.3439,1.4586,2.4574,3.3425,1.845,1.9767,3.7165,1.9491,2.3512,3.9954,1.0903,2.2838,3.1845,2.5397,2.0418,5.1466,1.2448,2.6813,3.3218,1.4519,2.4635,3.3341,0.30073,2.9448,3.3483,0.67326,1.8114,2.9009,1.6967,2.0215,4.4323,1.4667,1.8536,4.1233,5.5199,2.8988,1.8325,0.8197,2.1178,2.7872,1.0307,2.6085,4.0673,2.1665,2.5245,3.6216,2.6296,2.442,4.9776,2.8076,2.7015,4.5256,2.1552,2.5254,4.5243,2.349,2.1046,4.1982,0.7669,1.996,3.3439,0.3408,2.4705,2.8957,0.60252,2.1412,3.7121,2.3858,2.4988,4.4357,0.76281,2.4624,2.8655,1.2541,1.5854,4.2871,1.6992,2.0099,3.4469,6.2266,2.6886,2.0184,3.2342,2.9371,6.226,0.76038,2.4565,2.8755,1.6615,1.6346,4.0848,1.4957,1.8684,3.1816,0.74884,2.461,2.86,2.1672,2.3477,4.9457,1.1515,2.5628,3.0798,1.0038,1.9626,3.5038,0.52387,1.9786,3.2594,1.7035,2.0103,3.4445,2.3863,2.0851,4.2004,2.1496,2.1541,4.9836,1.2867,1.7428,3.8051,0.68441,1.9774,2.7586,2.1505,2.1558,4.9885,2.3238,2.1909,4.4698,1.5683,2.3089,3.9636,4.2396,2.996,0.17052,1.9546,2.3452,3.9978,0.83675,1.9615,4.1202,1.188,2.5781,4.2219,3.5461,2.8494,6.1081,1.5333,1.6199,3.2881,0.31359,2.2985,3.3956,5.1293,2.9823,1.0701,0.57325,2.7807,3.2722,1.278,2.5098,2.986,2.1411,2.1453,4.972,1.4762,2.0899,4.3561,1.5257,1.6245,3.2894,1.3822,2.9283,3.3658,0.46313,2.4471,2.7359,0.91676,2.4543,2.9993,0.2246,2.6168,3.341,1.6151,2.2624,4.1298,0.46223,2.4445,2.7272,1.0452,2.1794,3.6534,1.394,1.8034,4.2927,0.32277,2.3032,3.4012,1.5284,1.6164,3.2881,0.45917,2.4474,2.7339,3.0273,2.8701,5.9476,1.9985,2.5932,4.0299,1.9779,2.1814,4.5954,2.614,2.7748,5.251,1.8931,1.96,3.8985,1.2941,1.8074,3.6909,2.1493,2.1514,4.9827,1.3983,2.6528,3.9999,1.1112,3.0822,2.952,4.7007,2.9794,0.42086,1.2687,2.6882,4.3436,1.9047,1.9532,3.8841,1.2544,2.6373,2.8739,0.39257,2.7707,2.9895,0.94444,2.8934,4.1359,0.59185,2.5222,2.5957,0.69419,1.9427,2.9807,0.54563,2.3992,3.422,1.5658,2.1775,4.2368,1.2826,2.6914,4.3558,0.62316,1.9552,3.1029,1.982,1.8905,3.8158,1.1931,1.8401,3.6503,2.4356,2.717,4.9476,1.3754,1.5389,4.1661,1.3859,2.1566,3.1715,0.63308,1.956,3.1035,0.46849,2.4479,2.5771,1.6161,2.2632,4.1336,2.4381,2.7155,4.9572,0.62911,1.9583,3.0985,1.566,1.7107,3.3294,0.50723,3.0424,2.4175,0.58605,2.5231,2.5937,2.9235,2.7454,5.9069,6.1988,2.8671,2.5686,4.6762,2.9835,0.39392,2.3343,2.4013,3.734,0.93883,3.0779,3.7266,1.4254,2.27,3.5516,0.87021,3.0767,3.6577,2.3622,2.2363,3.8002,1.1915,1.8376,3.6488,2.4276,2.3402,4.5636,2.5748,2.6358,4.0339,1.269,2.6818,4.342,1.8931,1.9504,3.8954,1.1389,2.7828,3.6639,2.4329,2.4803,5.0682,1.6078,2.6146,3.3163,2.1673,2.1912,4.1034,0.78607,1.9045,3.3684,2.3351,2.409,3.7407,2.3377,2.4087,3.7393,2.1894,1.9008,4.9122,2.6401,2.2883,4.7915,2.3616,2.2382,3.8023,1.3792,1.5871,3.8396,2.44,2.7158,4.9577,1.8924,1.9522,3.8973,0.77809,2.1391,3.9732,1.6011,1.8245,4.2569,2.4397,2.7164,4.9593,1.4459,2.3878,3.2613,5.9382,2.8838,2.2197,1.8559,1.7981,3.4815,1.965,3.014,4.2853,2.0225,1.9509,4.7654,1.1111,2.5791,4.283,1.8905,2.1485,4.8628,1.6129,1.7909,3.9657,1.6043,2.0108,3.3833,1.0267,2.7638,3.5754,0.92529,2.825,3.8213,1.3882,2.4003,3.8482,1.1294,2.786,3.6526,1.8361,1.7821,4.0907,0.91556,2.4599,2.7789,1.9139,2.0723,4.3894,0.093595,2.7933,2.8585,1.0829,1.957,4.2626,0.95362,2.3313,3.0216,1.6374,2.395,4.5872,0.97817,2.0805,2.8406,0.74114,1.9954,2.7419,1.6111,1.789,3.968,0.91925,2.4581,2.7835,1.3775,1.5856,3.8371,2.7623,2.5872,4.6276,1.0847,2.1405,3.6246,1.1267,2.7915,3.654,1.9758,1.9852,4.478,1.0791,1.9606,4.259,1.8541,1.6554,3.4516,1.6625,2.4884,3.9993,2.1151,2.5524,4.9186,2.1504,2.3816,3.7051,1.1902,3.0702,3.4203,1.4472,1.4675,4.2294,0.62645,2.998,3.6233,1.6222,1.7433,4.2295,0.74282,1.9973,2.7408,0.69361,2.1942,3.9466,2.6851,2.6013,4.5351,1.9951,2.1245,3.4345,1.3869,2.9126,3.5386,1.0812,2.1988,3.6304,2.5338,2.0032,4.4752,1.4891,1.7336,4.422,1.6031,2.59,3.5827,2.0613,2.296,4.0755,2.701,2.3696,4.9994,0.45297,2.5299,2.9677
980.52,0.14012,100.91,11.191,0.026619,323.92,1.511,1.8344,4.1605,1.2737,2.23,4.2246,1.2187,1.9806,4.2389,2.4864,2.6556,4.2945,0.85885,2.0516,4.233,1.5189,2.5019,3.894,3.0458,2.8398,5.867,1.2127,1.9832,4.2359,1.7454,1.7005,4.2434,1.2836,2.2277,4.2394,0.85207,2.0619,4.2136,2.9117,2.8346,4.5195,5.6703,2.7638,1.4223,1.2637,2.8167,3.6487,0.94498,2.1443,3.0191,2.4907,2.0657,4.4663,1.471,1.6676,3.91,0.65494,2.5818,3.8695,2.011,1.7643,3.4809,1.0899,2.4328,3.0969,0.24936,2.2891,3.5328,1.7816,1.6767,3.392,2.0844,2.8109,4.3834,1.7867,1.684,3.3956,1.4672,1.6604,3.9187,0.39119,2.1434,3.1853,2.0535,2.3716,4.4098,1.4732,1.676,3.2011,0.82881,1.8945,2.7613,3.038,2.8414,5.8505,2.0123,1.7728,3.4829,1.0107,2.7194,2.8888,1.8213,2.5877,4.0117,0.6391,1.8834,2.7973,1.0699,2.4396,3.0692,1.9027,1.9171,4.502,1.6878,1.6778,3.893,0.51104,2.2008,3.7478,1.1879,2.4541,3.7731,0.98705,2.0767,3.25,2.5677,2.3112,4.3197,2.0851,2.1671,4.6984,1.4824,1.6717,3.9188,1.8951,1.9184,4.4977,1.495,2.1838,3.2652,0.81026,2.096,3.1665,2.4227,2.3821,4.3297,1.9357,2.5975,4.8676,1.9163,2.5986,4.8462,2.5602,2.3131,4.3152,1.2858,2.4987,3.9328,1.696,2.2358,4.3079,2.0048,3.049,3.9435,0.52468,2.4691,2.4954,1.5407,2.0616,4.62,2.0574,3.0554,4.0002,0.37537,2.383,3.4127,1.6613,1.6154,4.0805,0.70505,2.0322,3.0866,2.2473,2.2458,4.6536,0.66187,2.6055,3.0385,0.98953,2.081,3.2503,0.10395,2.891,1.9435,2.0005,1.9906,4.6015,2.5571,2.3146,4.3153,2.6511,2.3277,5.1749,2.0941,2.7952,4.3942,1.0802,1.8322,3.9591,4.631,2.9778,0.51363,0.8772,2.121,3.0421,1.3058,2.0965,4.2808,1.0517,2.0904,3.4879,2.2693,2.741,4.5324,1.7061,1.5872,4.1519,1.1641,2.5519,3.0856,0.75822,2.4356,3.765,2.0589,1.9156,3.7253,1.5883,2.442,3.4605,1.6441,2.5339,3.6024,1.6509,1.6587,4.2498,2.0668,2.7911,4.539,2.0836,2.7898,4.5558,3.378,2.7789,6.1376,1.7065,1.5853,4.1515,1.7143,2.0035,3.4516,2.1019,2.9338,4.9006,1.1641,2.5528,3.0961,2.6293,2.4449,4.9778,1.0397,2.6057,4.0672,1.5909,2.4382,3.4633,1.1755,1.8132,4.0922,1.6639,1.6118,4.0791,1.71,2.0031,3.444,0.27936,2.9427,3.3289,2.8831,2.297,4.5855,1.3148,1.9495,4.2073,1.2683,2.6766,3.3571,1.4546,2.4569,3.3417,1.8473,1.9716,3.7109,1.948,2.3609,3.9976,1.0861,2.2849,3.1818,2.5397,2.0372,5.1453,1.2468,2.677,3.328,1.445,2.4656,3.33,0.30685,2.9435,3.3543,0.67076,1.8148,2.8926,1.6941,2.0179,4.4395,1.4662,1.8475,4.1259,5.5071,2.8971,1.8202,0.82013,2.1152,2.7916,1.0354,2.6116,4.0678,2.1738,2.5245,3.6212,2.6228,2.4399,4.9688,2.8125,2.6987,4.5293,2.1502,2.5223,4.5178,2.3492,2.1065,4.2015,0.7672,2.0007,3.3403,0.35123,2.4677,2.9063,0.60137,2.1414,3.711,2.3853,2.4918,4.4394,0.77232,2.4606,2.8749,1.2533,1.587,4.2869,1.6973,2.0122,3.4445,6.257,2.6879,2.0016,3.2485,2.9359,6.2609,0.77077,2.4511,2.8912,1.662,1.6345,4.0832,1.4968,1.8709,3.1807,0.75293,2.4584,2.8673,2.166,2.3473,4.9391,1.1568,2.5627,3.0868,1.0051,1.9625,3.5037,0.51871,1.9788,3.2611,1.7053,2.0116,3.4409,2.3864,2.0883,4.2027,2.1544,2.154,4.9863,1.2852,1.7362,3.8085,0.68573,1.9776,2.7607,2.156,2.157,4.9933,2.3275,2.195,4.4765,1.5692,2.3206,3.9641,4.2611,2.9883,0.19064,1.9545,2.3507,3.9991,0.83529,1.9597,4.1214,1.1969,2.5821,4.227,3.5635,2.8464,6.1253,1.5341,1.6215,3.2891,0.30732,2.2989,3.3874,5.1263,2.9768,1.0675,0.58302,2.778,3.2836,1.2856,2.5117,2.9916,2.1413,2.1407,4.9665,1.4773,2.087,4.3602,1.5258,1.6257,3.2911,1.3853,2.9272,3.3675,0.47187,2.4449,2.7477,0.91176,2.4539,2.9987,0.22651,2.6157,3.3416,1.6176,2.2666,4.1331,0.47315,2.4427,2.7371,1.0435,2.1859,3.6493,1.3937,1.8007,4.2924,0.32159,2.3057,3.3972,1.5281,1.6155,3.2891,0.46779,2.445,2.7462,3.0531,2.8698,5.9753,1.9931,2.5901,4.0265,1.9827,2.1836,4.6001,2.6005,2.7748,5.2358,1.8945,1.9563,3.8949,1.2941,1.8016,3.693,2.1528,2.1493,4.9828,1.3957,2.6494,3.9943,1.109,3.0805,2.9484,4.7068,2.9753,0.42507,1.2762,2.6905,4.3499,1.9056,1.9499,3.8835,1.2603,2.638,2.8804,0.41331,2.7685,3.0133,0.94954,2.8949,4.1404,0.6048,2.5232,2.6062,0.69205,1.9491,2.974,0.54425,2.4011,3.4171,1.5651,2.1785,4.2424,1.2984,2.6946,4.3684,0.61631,1.959,3.0938,1.9835,1.8862,3.814,1.1928,1.8361,3.6535,2.4175,2.7128,4.9241,1.3744,1.5475,4.1623,1.3833,2.1567,3.1696,0.63048,1.9609,3.0953,0.4731,2.4463,2.5832,1.618,2.2692,4.1376,2.4234,2.7109,4.9402,0.62478,1.9638,3.088,1.5673,1.7092,3.3307,0.50232,3.0438,2.4097,0.59436,2.5243,2.6008,2.9329,2.7465,5.9184,6.2127,2.8692,2.5851,4.676,2.9798,0.3916,2.3271,2.3967,3.7221,0.97856,3.0752,3.7696,1.4168,2.2797,3.5439,0.88532,3.0752,3.676,2.3586,2.2353,3.794,1.191,1.8318,3.6516,2.4287,2.342,4.5664,2.5695,2.6411,4.0359,1.2745,2.6807,4.3454,1.8941,1.9424,3.8898,1.1468,2.7747,3.6716,2.4225,2.4767,5.0535,1.6081,2.6104,3.3262,2.1668,2.1937,4.1045,0.78516,1.9059,3.3661,2.3276,2.4087,3.7334,2.3306,2.4072,3.7297,2.1927,1.909,4.919,2.637,2.2871,4.7911,2.3589,2.238,3.7977,1.378,1.5881,3.8424,2.4243,2.7125,4.9384,1.8934,1.9456,3.8925,0.77742,2.1375,3.9811,1.6008,1.8189,4.2561,2.4255,2.7126,4.9428,1.4462,2.3869,3.2617,5.9454,2.886,2.2288,1.8543,1.7968,3.4854,1.957,3.0073,4.2752,2.0281,1.9519,4.7734,1.1187,2.5793,4.2906,1.8957,2.1475,4.8636,1.6127,1.783,3.9651,1.6041,2.0118,3.3778,1.0348,2.756,3.5828,0.93325,2.8209,3.8274,1.3944,2.4071,3.8512,1.1335,2.7792,3.655,1.8345,1.7726,4.089,0.91755,2.4593,2.7827,1.9166,2.0752,4.3929,0.10764,2.7909,2.8721,1.0807,1.955,4.2638,0.95806,2.3278,3.0295,1.6402,2.3947,4.5875,0.9774,2.076,2.8447,0.7394,1.9926,2.7414,1.61,1.7803,3.9677,0.92289,2.4568,2.7898,1.3753,1.5854,3.8376,2.7576,2.5855,4.6229,1.0846,2.1431,3.6226,1.131,2.7861,3.6577,1.976,1.9842,4.4792,1.076,1.9594,4.2594,1.8551,1.6578,3.4528,1.6628,2.4932,3.9995,2.1174,2.5508,4.9161,2.1469,2.3827,3.7013,1.194,3.0678,3.4229,1.448,1.4682,4.2271,0.63144,2.9968,3.6296,1.6209,1.7376,4.2272,0.74167,1.9966,2.7397,0.69594,2.1943,3.9486,2.6821,2.6,4.533,1.9971,2.122,3.4313,1.3904,2.9062,3.5405,1.0808,2.2036,3.6268,2.5353,2.0059,4.4792,1.4877,1.7324,4.4217,1.5983,2.5888,3.5828,2.0604,2.3013,4.0778,2.695,2.3667,4.9921,0.45907,2.5289,2.9749
980.52,0.14012,100.91,11.191,0.035493,334.66,1.5067,1.8334,4.1561,1.2721,2.2318,4.2253,1.2144,1.9781,4.2408,2.482,2.6533,4.292,0.85911,2.0481,4.2386,1.5184,2.5081,3.8943,3.0591,2.8399,5.8839,1.2071,1.981,4.2367,1.7446,1.6945,4.2417,1.2859,2.2281,4.2451,0.8498,2.0617,4.2129,2.9186,2.8342,4.5235,5.6567,2.7589,1.4071,1.272,2.8066,3.657,0.94068,2.144,3.0179,2.4935,2.0712,4.4742,1.4702,1.6642,3.9119,0.65386,2.586,3.8644,2.013,1.7647,3.4838,1.0947,2.428,3.1099,0.2415,2.2905,3.5221,1.7799,1.6776,3.3937,2.0645,2.805,4.3606,1.7868,1.6882,3.3975,1.4643,1.6558,3.9228,0.38986,2.1469,3.1793,2.0598,2.3771,4.4178,1.4726,1.6791,3.2018,0.82816,1.9008,2.7583,3.0478,2.8413,5.8625,2.0148,1.7761,3.4859,1.0131,2.7203,2.8932,1.8225,2.5875,4.0154,0.6419,1.8886,2.7972,1.069,2.4374,3.0744,1.9045,1.9178,4.5053,1.6905,1.6721,3.8928,0.51135,2.2006,3.749,1.1859,2.466,3.7688,0.9804,2.0826,3.2426,2.5761,2.3161,4.3307,2.0914,2.1735,4.7065,1.4843,1.6713,3.9218,1.8948,1.9191,4.4997,1.4969,2.188,3.2643,0.80511,2.1025,3.158,2.4251,2.3864,4.3363,1.9323,2.5962,4.859,1.9084,2.5995,4.8335,2.5662,2.319,4.3258,1.2852,2.5032,3.9278,1.6996,2.2375,4.3132,1.9885,3.0439,3.9258,0.53279,2.4689,2.5027,1.5392,2.0643,4.6242,2.0531,3.0515,3.9943,0.36927,2.3861,3.4039,1.6611,1.6108,4.0797,0.70293,2.0362,3.0818,2.2485,2.248,4.6561,0.67336,2.6007,3.0526,0.98361,2.0875,3.2423,0.092559,2.8913,1.9303,2.0032,1.9936,4.6072,2.562,2.321,4.3251,2.642,2.3236,5.1653,2.0774,2.7844,4.3764,1.0807,1.8257,3.9642,4.6343,2.9692,0.51518,0.87341,2.1222,3.0376,1.306,2.0953,4.2866,1.05,2.0922,3.4855,2.2543,2.7357,4.5148,1.7081,1.583,4.1497,1.1721,2.5498,3.0924,0.76098,2.4397,3.7627,2.0608,1.9108,3.7201,1.5841,2.4442,3.4576,1.6382,2.5384,3.6013,1.6478,1.6522,4.2497,2.0514,2.7835,4.522,2.0732,2.7819,4.5451,3.3872,2.7773,6.146,1.709,1.5802,4.149,1.7189,2.0031,3.4513,2.0938,2.9327,4.8939,1.1711,2.5511,3.1055,2.6262,2.4443,4.9735,1.0452,2.6069,4.0671,1.5869,2.4393,3.4614,1.1713,1.818,4.0889,1.6649,1.6054,4.0772,1.7132,2.0025,3.4409,0.27609,2.9408,3.3267,2.8879,2.2984,4.5941,1.3139,1.9492,4.2082,1.275,2.6723,3.3696,1.4507,2.4566,3.3411,1.8496,1.9667,3.7054,1.9468,2.3706,3.9999,1.0819,2.286,3.1792,2.54,2.0329,5.1446,1.2486,2.6731,3.3342,1.438,2.4675,3.3261,0.31315,2.9419,3.3604,0.66809,1.8183,2.884,1.6911,2.0144,4.4465,1.4656,1.8417,4.1283,5.4941,2.8952,1.8075,0.82037,2.1128,2.7957,1.0398,2.6148,4.068,2.1793,2.5247,3.6197,2.6157,2.4376,4.9596,2.8177,2.6959,4.5334,2.1456,2.5194,4.5117,2.3496,2.1086,4.2049,0.76724,2.0056,3.3363,0.36198,2.4649,2.9174,0.60026,2.1417,3.7099,2.3845,2.4848,4.443,0.78201,2.4587,2.8843,1.2527,1.5885,4.2865,1.6952,2.0143,3.442,6.2231,2.6871,1.9843,3.2631,2.9346,5.987,0.78085,2.4456,2.907,1.6625,1.6342,4.0813,1.4979,1.8734,3.1799,0.7568,2.4559,2.8744,2.1648,2.3466,4.9322,1.1621,2.5626,3.0938,1.0063,1.9623,3.5037,0.51331,1.9788,3.263,1.7073,2.0129,3.4373,2.3865,2.0916,4.2052,2.1592,2.1538,4.989,1.2836,1.7296,3.8118,0.68709,1.9779,2.7628,2.1615,2.1581,4.9978,2.3315,2.1991,4.4836,1.57,2.3319,3.9647,4.2806,2.9807,0.20884,1.9543,2.3562,4.0005,0.83369,1.958,4.1223,1.206,2.5862,4.2321,3.5807,2.8433,6.1422,1.5349,1.6232,3.29,0.30105,2.2994,3.3791,5.1235,2.9713,1.065,0.59269,2.7752,3.2948,1.2931,2.5136,2.997,2.1418,2.1362,4.9612,1.4782,2.0837,4.3642,1.5261,1.6267,3.2929,1.3884,2.926,3.3693,0.48081,2.4426,2.7599,0.90742,2.4534,2.9987,0.22845,2.6146,3.3422,1.6201,2.2709,4.1364,0.48403,2.4409,2.7472,1.0415,2.1925,3.645,1.3934,1.7982,4.2918,0.3205,2.3081,3.3933,1.5278,1.6145,3.2899,0.4765,2.4426,2.7585,3.078,2.8693,6.0022,1.9878,2.5871,4.0234,1.9875,2.1856,4.6047,2.5865,2.7746,5.2202,1.8959,1.9524,3.8911,1.2941,1.7957,3.6949,2.1563,2.1471,4.9827,1.3933,2.646,3.9886,1.1059,3.0787,2.9442,4.7128,2.9713,0.42927,1.2837,2.6925,4.3561,1.9066,1.9466,3.8829,1.2662,2.6386,2.887,0.43367,2.7663,3.0368,0.95487,2.8961,4.1451,0.61776,2.524,2.6168,0.69002,1.9552,2.9675,0.5429,2.403,3.4123,1.5644,2.1791,4.2481,1.3142,2.6977,4.3809,0.60948,1.9628,3.0845,1.9851,1.8818,3.8123,1.1925,1.8319,3.6568,2.3998,2.7085,4.9012,1.3733,1.5558,4.1585,1.3807,2.1567,3.1677,0.62785,1.9656,3.0871,0.47767,2.4447,2.5893,1.6201,2.2753,4.1418,2.409,2.7062,4.9233,0.62026,1.9693,3.0773,1.5686,1.7075,3.332,0.49705,3.045,2.4016,0.60237,2.5257,2.6077,2.9426,2.7473,5.9302,6.227,2.8712,2.6021,4.6762,2.9758,0.38981,2.3203,2.3922,3.7105,1.0148,3.0722,3.8092,1.4079,2.2894,3.5361,0.89983,3.0735,3.6938,2.355,2.2344,3.788,1.1905,1.8261,3.6544,2.4297,2.3437,4.5691,2.5643,2.6462,4.0383,1.28,2.6798,4.3487,1.895,1.9344,3.8841,1.1542,2.7667,3.6785,2.4124,2.4732,5.0387,1.6084,2.6061,3.3364,2.1662,2.1963,4.1058,0.78413,1.9075,3.3637,2.3203,2.4085,3.7261,2.3236,2.4057,3.7202,2.1962,1.9169,4.9259,2.634,2.2859,4.7907,2.3563,2.2379,3.7934,1.3769,1.5889,3.8452,2.4088,2.7092,4.9194,1.8942,1.939,3.8878,0.77682,2.1357,3.9891,1.6004,1.8135,4.2553,2.412,2.7087,4.9268,1.4465,2.3863,3.2618,5.9524,2.8881,2.2378,1.8526,1.7955,3.4894,1.9491,3.0005,4.265,2.034,1.953,4.7815,1.1262,2.5796,4.2982,1.901,2.1468,4.8643,1.6124,1.7753,3.9645,1.6038,2.013,3.3726,1.042,2.7486,3.5894,0.94052,2.8171,3.8328,1.4005,2.4139,3.8543,1.1372,2.7725,3.657,1.8328,1.7631,4.0872,0.91952,2.4587,2.7865,1.9196,2.0783,4.3964,0.1218,2.7884,2.8858,1.0785,1.9531,4.2651,0.96223,2.3245,3.0372,1.6433,2.3946,4.5881,0.97646,2.0717,2.8484,0.73776,1.99,2.741,1.6088,1.7717,3.9674,0.92646,2.4554,2.7961,1.373,1.5851,3.8381,2.7535,2.5838,4.6188,1.0845,2.1459,3.6205,1.1353,2.7807,3.6615,1.9761,1.9834,4.4805,1.0729,1.9581,4.2597,1.856,1.66,3.454,1.663,2.4977,3.9996,2.1196,2.5491,4.9135,2.1434,2.3838,3.6974,1.1985,3.0653,3.4261,1.4488,1.4689,4.2248,0.63561,2.9956,3.6351,1.6196,1.7319,4.225,0.7406,1.996,2.7389,0.6983,2.1943,3.9505,2.679,2.5985,4.5311,1.9993,2.1195,3.4282,1.394,2.8997,3.5426,1.0801,2.2085,3.6231,2.5369,2.0088,4.4836,1.486,1.7313,4.4214,1.5939,2.5876,3.5832,2.0596,2.3065,4.0801,2.6894,2.3638,4.9851,0.46525,2.5278,2.9819
980.52,0.14012,100.91,11.191,0.044366,345.22,1.5027,1.832,4.1519,1.2708,2.2334,4.2262,1.2102,1.9755,4.2424,2.4779,2.6508,4.2898,0.85936,2.0449,4.244,1.5181,2.514,3.8945,3.0722,2.8398,5.9005,1.2016,1.9788,4.2373,1.7438,1.6886,4.2398,1.288,2.2283,4.2506,0.84761,2.0615,4.2123,2.9252,2.834,4.5273,5.6438,2.7538,1.3926,1.2796,2.7966,3.6647,0.93647,2.1436,3.0166,2.4964,2.0768,4.4821,1.4694,1.6608,3.9136,0.65277,2.5899,3.8594,2.015,1.7651,3.4866,1.0986,2.4234,3.1218,0.23375,2.2917,3.5115,1.7782,1.6783,3.3953,2.0458,2.7989,4.3389,1.7871,1.692,3.3992,1.4617,1.6513,3.9266,0.38874,2.1502,3.1736,2.0656,2.3818,4.4253,1.472,1.6819,3.2024,0.82764,1.9065,2.7559,3.0579,2.8412,5.8743,2.0173,1.7791,3.4887,1.0157,2.7211,2.8977,1.8236,2.5875,4.0191,0.64464,1.8935,2.7973,1.0679,2.4354,3.0793,1.9064,1.9186,4.5085,1.693,1.6668,3.8928,0.51164,2.2004,3.7503,1.1841,2.477,3.7648,0.97396,2.0881,3.2354,2.5844,2.3207,4.3416,2.0976,2.1794,4.7142,1.4861,1.6713,3.9248,1.8947,1.9199,4.5016,1.4988,2.1917,3.2634,0.79982,2.1089,3.1494,2.4276,2.3908,4.3429,1.9291,2.5952,4.8502,1.9009,2.6004,4.821,2.5725,2.3248,4.3367,1.2846,2.5077,3.9231,1.7033,2.2395,4.3185,1.9744,3.0389,3.9102,0.54064,2.4689,2.5099,1.5374,2.0671,4.6279,2.0499,3.0476,3.9895,0.36344,2.3889,3.3955,1.6611,1.6067,4.0788,0.70073,2.0401,3.0771,2.2495,2.2499,4.6586,0.68414,2.596,3.0662,0.97776,2.0938,3.2344,0.080975,2.8913,1.9168,2.0062,1.9968,4.6131,2.5674,2.3275,4.3354,2.6332,2.3197,5.1558,2.0619,2.7736,4.3603,1.081,1.8194,3.9691,4.6367,2.9608,0.51591,0.86968,2.1235,3.0331,1.3062,2.0944,4.2922,1.0481,2.0942,3.483,2.2402,2.7305,4.4983,1.71,1.5792,4.1476,1.1798,2.5479,3.0989,0.76357,2.4436,3.7602,2.0625,1.9063,3.7152,1.5802,2.4464,3.4549,1.6328,2.5427,3.6008,1.6448,1.646,4.2494,2.037,2.7756,4.5059,2.0638,2.774,4.5353,3.3968,2.7758,6.1548,1.7113,1.5755,4.1465,1.7236,2.0029,3.4514,2.0869,2.9319,4.8881,1.1779,2.5494,3.1146,2.6231,2.4437,4.9692,1.0505,2.608,4.0665,1.583,2.4404,3.4597,1.1671,1.8223,4.0858,1.6658,1.5992,4.0755,1.7164,2.002,3.4381,0.27301,2.939,3.3245,2.8929,2.2995,4.6028,1.3129,1.9492,4.2093,1.2813,2.6684,3.3813,1.447,2.4564,3.3408,1.8519,1.9619,3.7,1.9457,2.3804,4.0024,1.0777,2.2871,3.1764,2.5406,2.0289,5.1443,1.2504,2.6698,3.3405,1.4311,2.4696,3.3223,0.31961,2.9404,3.3668,0.66525,1.822,2.8752,1.6879,2.0111,4.4537,1.465,1.8361,4.1304,5.4805,2.8933,1.7942,0.82045,2.1106,2.7995,1.044,2.6182,4.068,2.1829,2.5248,3.6168,2.6084,2.4352,4.95,2.8234,2.6931,4.5378,2.1413,2.5167,4.506,2.35,2.1112,4.2087,0.767,2.0108,3.3318,0.37301,2.4619,2.9289,0.59914,2.1418,3.709,2.3834,2.478,4.4466,0.79188,2.4568,2.8941,1.2518,1.5902,4.2861,1.693,2.0164,3.4396,6.2122,2.6861,1.9667,3.2779,2.9333,5.1472,0.79059,2.4402,2.9226,1.663,1.6335,4.0796,1.499,1.8758,3.179,0.76051,2.4533,2.8813,2.1634,2.3457,4.925,1.1674,2.5626,3.1007,1.0076,1.962,3.5036,0.50766,1.9786,3.265,1.7093,2.0139,3.4337,2.3867,2.0951,4.2076,2.1642,2.1536,4.9915,1.2818,1.723,3.8152,0.68844,1.9779,2.765,2.1671,2.1592,5.0022,2.3355,2.2034,4.4908,1.5709,2.3427,3.9652,4.2984,2.973,0.22539,1.9543,2.3618,4.002,0.832,1.9564,4.1229,1.2155,2.5903,4.2374,3.5974,2.8402,6.1589,1.5358,1.6251,3.2911,0.2948,2.2996,3.3707,5.1207,2.9656,1.0628,0.60225,2.7722,3.3059,1.3004,2.5154,3.0021,2.1425,2.1317,4.9562,1.4788,2.0801,4.3683,1.5262,1.6276,3.2947,1.3917,2.9249,3.371,0.48995,2.4402,2.7724,0.90365,2.4527,2.9995,0.23038,2.6135,3.3427,1.6226,2.2752,4.1399,0.49485,2.439,2.7572,1.0396,2.1992,3.6405,1.3933,1.7955,4.2913,0.31949,2.3104,3.3897,1.5276,1.6134,3.2909,0.48523,2.4402,2.7709,3.102,2.8686,6.028,1.9826,2.5843,4.0205,1.9922,2.1874,4.6092,2.572,2.7743,5.204,1.8973,1.9482,3.8874,1.294,1.7898,3.6971,2.1597,2.1447,4.9826,1.3909,2.6424,3.983,1.1022,3.0771,2.9393,4.7186,2.9671,0.43344,1.2911,2.6944,4.3623,1.9075,1.9433,3.8826,1.272,2.6394,2.8937,0.45361,2.7638,3.0598,0.96048,2.8969,4.1502,0.63071,2.5249,2.6273,0.6881,1.9613,2.9613,0.54166,2.4046,3.4079,1.5638,2.1794,4.2536,1.3298,2.7004,4.3934,0.60272,1.9664,3.0753,1.9866,1.8775,3.8106,1.1923,1.8276,3.6602,2.3826,2.704,4.8787,1.3721,1.5639,4.1546,1.3779,2.1565,3.1659,0.62523,1.9703,3.0791,0.4822,2.4431,2.5954,1.6224,2.2816,4.146,2.3947,2.7015,4.9067,0.61559,1.9747,3.0666,1.5698,1.7058,3.3331,0.49153,3.0463,2.3934,0.61006,2.5273,2.6142,2.9525,2.7478,5.942,6.2419,2.8731,2.6195,4.6768,2.9717,0.3885,2.3138,2.3877,3.699,1.0478,3.069,3.8454,1.3987,2.2993,3.5279,0.91385,3.0718,3.7111,2.3515,2.2336,3.7823,1.1899,1.8201,3.6574,2.4308,2.3455,4.5716,2.5592,2.6512,4.0407,1.2854,2.6788,4.3518,1.8959,1.9265,3.8786,1.161,2.759,3.6848,2.4026,2.4698,5.0241,1.6088,2.602,3.3466,2.1657,2.199,4.1071,0.78301,1.9092,3.3611,2.313,2.4085,3.719,2.3168,2.4042,3.7109,2.1999,1.9246,4.9326,2.6311,2.2848,4.7903,2.3538,2.238,3.7893,1.3758,1.5897,3.8482,2.3938,2.7058,4.9008,1.8952,1.9326,3.8832,0.77627,2.134,3.997,1.6001,1.8081,4.2546,2.3989,2.7049,4.9115,1.4467,2.3857,3.262,5.9592,2.8901,2.2467,1.8512,1.7944,3.4933,1.9415,2.9937,4.2551,2.04,1.9541,4.7895,1.1335,2.58,4.3056,1.9062,2.1462,4.8651,1.6122,1.7679,3.964,1.6037,2.0145,3.3676,1.0486,2.7416,3.5951,0.94709,2.8134,3.8373,1.4064,2.4206,3.8573,1.1406,2.7661,3.6586,1.831,1.7538,4.0856,0.92147,2.4584,2.7904,1.9228,2.0818,4.4002,0.13601,2.7856,2.8995,1.0762,1.9513,4.2661,0.96616,2.3215,3.0445,1.6466,2.3948,4.5888,0.97536,2.0678,2.8516,0.73622,1.9874,2.7408,1.6077,1.7633,3.9671,0.92994,2.4543,2.8024,1.3707,1.5848,3.8387,2.7498,2.5822,4.6156,1.0843,2.149,3.6181,1.1395,2.7754,3.6652,1.9763,1.9826,4.482,1.0697,1.957,4.26,1.8571,1.6623,3.4551,1.6633,2.5021,3.9998,2.1216,2.5475,4.9107,2.1398,2.3851,3.6932,1.2035,3.0627,3.4299,1.4495,1.4698,4.2224,0.6389,2.9945,3.6397,1.6185,1.7261,4.2231,0.7396,1.9952,2.7382,0.70066,2.1945,3.9525,2.6761,2.5971,4.5293,2.0017,2.1171,3.4254,1.3977,2.8931,3.5449,1.0793,2.2139,3.619,2.5387,2.0119,4.4881,1.4844,1.73,4.4213,1.5896,2.5863,3.5839,2.0588,2.3116,4.0827,2.684,2.361,4.9785,0.47147,2.5269,2.989
980.52,0.14012,100.91,11.191,0.053239,355.63,1.4986,1.8306,4.1478,1.2698,2.2349,4.2273,1.206,1.9729,4.2438,2.4739,2.6487,4.288,0.85957,2.0416,4.2491,1.5178,2.5196,3.8947,3.0854,2.8397,5.917,1.1962,1.9763,4.2379,1.743,1.6826,4.238,1.2901,2.2286,4.2562,0.84549,2.0611,4.2118,2.9316,2.8337,4.5311,5.6313,2.7488,1.3786,1.2868,2.7868,3.672,0.93232,2.1431,3.0152,2.4994,2.0823,4.4901,1.4687,1.6576,3.9152,0.65167,2.5937,3.8544,2.0171,1.7653,3.4893,1.1016,2.4191,3.1327,0.22606,2.293,3.501,1.7766,1.6787,3.3969,2.028,2.7929,4.3183,1.7874,1.6956,3.4009,1.4594,1.6472,3.9302,0.38784,2.1533,3.1684,2.0712,2.3859,4.4323,1.4713,1.6844,3.203,0.82723,1.9118,2.7539,3.0678,2.8412,5.8861,2.0199,1.7818,3.4914,1.0185,2.7217,2.9024,1.8249,2.5875,4.0226,0.64733,1.8983,2.7976,1.0669,2.4333,3.0841,1.9082,1.9192,4.5118,1.6955,1.6618,3.8932,0.51196,2.2002,3.7516,1.1827,2.4871,3.7614,0.96769,2.0933,3.2285,2.5927,2.325,4.3524,2.1036,2.1849,4.7218,1.4882,1.6714,3.9277,1.8948,1.9208,4.5037,1.5008,2.1951,3.2625,0.79438,2.1153,3.1407,2.4303,2.395,4.3497,1.9258,2.5944,4.8415,1.8938,2.6011,4.8088,2.5791,2.3306,4.348,1.2841,2.512,3.9184,1.7072,2.2415,4.3237,1.9618,3.0339,3.8961,0.5483,2.469,2.5168,1.5353,2.07,4.6312,2.0472,3.0437,3.9854,0.35788,2.3915,3.3876,1.6611,1.603,4.078,0.69849,2.0439,3.0723,2.2506,2.2518,4.6607,0.69434,2.5914,3.0794,0.97198,2.0998,3.2268,0.069394,2.8913,1.9034,2.0095,2.0,4.6192,2.5732,2.334,4.346,2.6248,2.3157,5.1464,2.0475,2.7627,4.3452,1.0815,1.8132,3.974,4.6386,2.9521,0.51584,0.86601,2.1247,3.0288,1.3065,2.0936,4.2978,1.0461,2.0963,3.4804,2.2269,2.7254,4.4829,1.7122,1.5755,4.1455,1.1873,2.546,3.105,0.76604,2.4477,3.7575,2.0643,1.9019,3.7104,1.5763,2.4488,3.4524,1.6277,2.5468,3.6007,1.6418,1.6403,4.2492,2.0231,2.7678,4.4904,2.0549,2.7663,4.5262,3.4066,2.7741,6.1637,1.7137,1.5709,4.1441,1.7286,2.0027,3.4515,2.0808,2.9313,4.8831,1.1846,2.5481,3.1233,2.6201,2.4432,4.9652,1.0553,2.6093,4.0657,1.5792,2.4416,3.4581,1.1628,1.8262,4.0827,1.6669,1.5935,4.0738,1.7197,2.0016,3.4353,0.2702,2.9371,3.3226,2.8979,2.3004,4.6112,1.312,1.9491,4.2104,1.2869,2.6648,3.3924,1.4432,2.4564,3.3405,1.8544,1.9572,3.6949,1.9447,2.39,4.0051,1.0737,2.2883,3.1738,2.5413,2.0252,5.1442,1.252,2.6668,3.3468,1.4243,2.4717,3.3187,0.3262,2.9388,3.3732,0.66225,1.8257,2.8662,1.6845,2.0078,4.4609,1.4646,1.8308,4.1325,5.4668,2.8912,1.7807,0.82035,2.1085,2.8031,1.048,2.6216,4.0677,2.1858,2.5243,3.6132,2.601,2.4326,4.9403,2.8294,2.6902,4.5425,2.1374,2.5142,4.5005,2.3505,2.1141,4.2129,0.76645,2.0165,3.3267,0.38426,2.4588,2.9408,0.59808,2.142,3.708,2.3821,2.4711,4.4502,0.80197,2.4548,2.904,1.2509,1.5918,4.2856,1.6905,2.0185,3.4371,6.1959,2.685,1.949,3.2929,2.9318,0.11695,0.79992,2.4345,2.938,1.6635,1.6329,4.0778,1.5002,1.8781,3.1782,0.76403,2.4508,2.8881,2.1619,2.3447,4.9175,1.1724,2.5625,3.1075,1.0089,1.9617,3.5036,0.50155,1.978,3.2676,1.7113,2.0147,3.43,2.3867,2.0986,4.2103,2.1692,2.1532,4.9939,1.2799,1.7163,3.8186,0.68981,1.978,2.7673,2.1726,2.1602,5.0065,2.3396,2.2075,4.4981,1.5717,2.3531,3.9657,4.3146,2.9653,0.24055,1.9543,2.3675,4.0035,0.83023,1.955,4.1232,1.2251,2.5943,4.2427,3.6139,2.8371,6.1754,1.5368,1.627,3.2921,0.2886,2.2998,3.3624,5.1181,2.9598,1.0607,0.61165,2.7691,3.3168,1.3076,2.5171,3.0071,2.1434,2.1272,4.9515,1.4793,2.0762,4.3723,1.5263,1.6285,3.2964,1.3948,2.9235,3.3726,0.49928,2.4378,2.7852,0.90031,2.4519,3.0007,0.23222,2.6123,3.3432,1.6252,2.2795,4.1435,0.50547,2.4373,2.7671,1.0375,2.2061,3.636,1.3931,1.7929,4.2906,0.31857,2.3126,3.3863,1.5274,1.6121,3.2919,0.49391,2.4379,2.7833,3.1251,2.8679,6.0529,1.9776,2.5815,4.0179,1.9971,2.1891,4.6136,2.557,2.7739,5.1873,1.8987,1.944,3.8835,1.294,1.784,3.6992,2.163,2.1422,4.9824,1.3886,2.639,3.9774,1.0977,3.0756,2.9338,4.7244,2.963,0.43759,1.2987,2.6961,4.3687,1.9086,1.94,3.8822,1.2779,2.64,2.9003,0.47298,2.7613,3.0823,0.96645,2.8973,4.1556,0.64359,2.5258,2.6378,0.68631,1.9673,2.9553,0.54054,2.4059,3.4037,1.5633,2.1794,4.259,1.3454,2.7029,4.4059,0.59604,1.9698,3.066,1.988,1.8733,3.8092,1.1918,1.8234,3.6635,2.3661,2.6996,4.8569,1.3708,1.5717,4.1506,1.3751,2.1563,3.164,0.62265,1.9749,3.0713,0.48665,2.4415,2.6015,1.625,2.288,4.1503,2.381,2.6966,4.8903,0.61077,1.98,3.0557,1.571,1.7042,3.3344,0.48556,3.0475,2.3846,0.61742,2.5288,2.6204,2.9626,2.7482,5.9541,6.2591,2.8748,2.6372,4.6778,2.9673,0.38766,2.3076,2.3831,3.6879,1.0777,3.0658,3.8786,1.3894,2.309,3.5197,0.92745,3.0701,3.728,2.3481,2.2329,3.7766,1.1893,1.8142,3.6606,2.4318,2.3472,4.574,2.5542,2.6559,4.0432,1.2908,2.6781,4.3548,1.8968,1.9187,3.8733,1.1674,2.7516,3.6906,2.3931,2.4664,5.0098,1.6092,2.5977,3.357,2.1652,2.2019,4.1086,0.78178,1.9109,3.3584,2.3059,2.4085,3.712,2.3101,2.4028,3.7016,2.2037,1.9318,4.9394,2.628,2.2836,4.7899,2.3513,2.2384,3.7853,1.3747,1.5904,3.8511,2.3792,2.7025,4.8826,1.8962,1.9264,3.8787,0.7758,2.1322,4.0048,1.5997,1.8029,4.2539,2.3864,2.701,4.8966,1.4468,2.3855,3.2621,5.966,2.8922,2.2554,1.8499,1.7932,3.4972,1.934,2.9871,4.2452,2.0461,1.9553,4.7974,1.1406,2.5805,4.313,1.9115,2.1458,4.866,1.612,1.7606,3.9635,1.6035,2.016,3.3627,1.0544,2.735,3.6002,0.95308,2.81,3.8412,1.4123,2.427,3.8604,1.1437,2.76,3.6597,1.8293,1.7445,4.084,0.92341,2.458,2.7942,1.926,2.0853,4.4042,0.1503,2.7827,2.9133,1.0739,1.9496,4.2672,0.96979,2.3186,3.0515,1.6499,2.3952,4.5897,0.97414,2.0641,2.8546,0.73479,1.9849,2.7407,1.6065,1.7551,3.9667,0.93331,2.453,2.8087,1.3684,1.5844,3.8393,2.7467,2.5808,4.6128,1.0841,2.1523,3.6156,1.1435,2.7702,3.6687,1.9764,1.982,4.4835,1.0666,1.9558,4.2603,1.8583,1.6644,3.4564,1.6636,2.5063,4.0,2.1235,2.546,4.9079,2.1361,2.3866,3.689,1.2092,3.0601,3.4344,1.4503,1.4709,4.2201,0.64147,2.9934,3.6435,1.6174,1.7203,4.2212,0.73866,1.9946,2.7376,0.70304,2.1946,3.9545,2.6731,2.5956,4.5276,2.0043,2.1147,3.4229,1.4014,2.8864,3.5472,1.0784,2.2195,3.6148,2.5406,2.0151,4.4929,1.4828,1.7287,4.4213,1.5856,2.585,3.5849,2.0582,2.3167,4.0854,2.6789,2.3583,4.9719,0.47765,2.526,2.996
980.52,0.14012,100.91,11.191,0.062112,365.99,1.4946,1.829,4.144,1.2691,2.2364,4.2287,1.2017,1.9702,4.245,2.4703,2.6466,4.2865,0.85974,2.0387,4.254,1.5174,2.5249,3.8951,3.0985,2.8393,5.9334,1.191,1.9738,4.2386,1.7425,1.6767,4.2362,1.2921,2.2287,4.2618,0.84344,2.0608,4.2113,2.9379,2.8334,4.5347,5.6191,2.7435,1.3652,1.2935,2.7771,3.6787,0.9282,2.1427,3.0138,2.5027,2.0878,4.4982,1.4678,1.6544,3.9169,0.65052,2.5975,3.8493,2.0191,1.7655,3.4919,1.1039,2.415,3.1426,0.2184,2.2943,3.4904,1.7751,1.6791,3.3985,2.0111,2.7867,4.2984,1.7876,1.6989,3.4025,1.4572,1.6431,3.9336,0.38712,2.1561,3.1636,2.0763,2.3896,4.4387,1.4706,1.6868,3.2035,0.82691,1.9166,2.7523,3.0779,2.8411,5.8979,2.0226,1.7841,3.4941,1.0214,2.7222,2.9071,1.8261,2.5876,4.0262,0.64997,1.9029,2.798,1.0658,2.4313,3.0888,1.9099,1.9197,4.5151,1.6979,1.6572,3.8937,0.5123,2.1999,3.753,1.1815,2.4965,3.7587,0.9616,2.0983,3.2218,2.601,2.3291,4.3629,2.1094,2.19,4.7289,1.4902,1.6718,3.9308,1.895,1.9218,4.5057,1.5028,2.1983,3.2617,0.78877,2.1217,3.1317,2.433,2.3992,4.3564,1.9228,2.5937,4.8326,1.887,2.6017,4.7967,2.5861,2.3363,4.3596,1.2835,2.5162,3.9139,1.7112,2.2435,4.3289,1.9504,3.0292,3.8834,0.5558,2.4692,2.5235,1.533,2.0731,4.6342,2.0451,3.0399,3.9818,0.35254,2.3938,3.3801,1.6611,1.5997,4.0772,0.69618,2.0475,3.0676,2.2515,2.2536,4.6627,0.704,2.5868,3.0921,0.96627,2.1054,3.2192,0.057923,2.8912,1.8902,2.0131,2.0036,4.6254,2.5792,2.3405,4.357,2.6167,2.3119,5.1371,2.0341,2.7516,4.3312,1.0817,1.8071,3.9787,4.6401,2.9435,0.51533,0.86239,2.1258,3.0246,1.3069,2.0929,4.3033,1.0442,2.0986,3.4777,2.2144,2.7204,4.4682,1.7143,1.5721,4.1436,1.1946,2.5442,3.1108,0.76842,2.4516,3.7548,2.0661,1.8976,3.7057,1.5725,2.4511,3.45,1.6231,2.5506,3.6012,1.6391,1.6347,4.249,2.01,2.7598,4.4755,2.0466,2.7584,4.5177,3.4165,2.7723,6.1727,1.7161,1.5663,4.1416,1.7337,2.0026,3.4519,2.0754,2.9308,4.8789,1.191,2.5468,3.1317,2.6172,2.4427,4.9611,1.0599,2.6106,4.0646,1.5756,2.443,3.4567,1.1583,1.8298,4.0798,1.668,1.5881,4.0721,1.7231,2.0012,3.4326,0.26768,2.9351,3.3209,2.9028,2.3012,4.6195,1.311,1.9491,4.2116,1.2922,2.6615,3.4029,1.4396,2.4565,3.3403,1.8569,1.9526,3.6898,1.9437,2.3997,4.0079,1.0695,2.2895,3.1714,2.5421,2.0216,5.1445,1.2538,2.6644,3.3532,1.4176,2.4737,3.3151,0.33288,2.9371,3.3798,0.65913,1.8295,2.857,1.6808,2.0047,4.4681,1.4643,1.8257,4.1343,5.4527,2.889,1.7669,0.82009,2.1065,2.8063,1.0518,2.6251,4.0672,2.1894,2.5231,3.6092,2.5935,2.43,4.9303,2.8357,2.6873,4.5475,2.1337,2.512,4.4954,2.3512,2.1172,4.2173,0.76558,2.0224,3.3211,0.39572,2.4558,2.9529,0.59705,2.1421,3.707,2.3807,2.4641,4.4536,0.81225,2.4527,2.914,1.2498,1.5935,4.285,1.6881,2.0204,3.4346,6.1793,2.6836,1.931,3.308,2.9303,0.024041,0.80877,2.4289,2.9531,1.6639,1.6319,4.076,1.5015,1.8804,3.1774,0.76732,2.4483,2.8946,2.1605,2.3434,4.91,1.1775,2.5623,3.1141,1.0103,1.9612,3.5035,0.49506,1.9774,3.2706,1.7133,2.0154,3.4262,2.3868,2.1024,4.213,2.1741,2.1527,4.9961,1.2779,1.7097,3.8219,0.69117,1.978,2.7696,2.178,2.161,5.0107,2.3438,2.2117,4.5056,1.5725,2.363,3.9661,4.3296,2.9577,0.25457,1.9543,2.3732,4.0052,0.82842,1.9537,4.1232,1.235,2.5984,4.2481,3.6302,2.8339,6.1916,1.5378,1.6289,3.2931,0.28243,2.3,3.3539,5.1157,2.9539,1.059,0.62081,2.7659,3.3272,1.3146,2.5187,3.0118,2.1445,2.1227,4.947,1.4793,2.0719,4.3764,1.5265,1.6294,3.2982,1.3978,2.9221,3.3741,0.50875,2.4353,2.7982,0.89738,2.451,3.0023,0.23396,2.6111,3.3434,1.6278,2.2837,4.147,0.51587,2.4357,2.7768,1.0354,2.213,3.6313,1.393,1.7905,4.2899,0.31776,2.3146,3.3831,1.527,1.6107,3.2929,0.50253,2.4356,2.7956,3.1473,2.8669,6.077,1.9726,2.5787,4.0154,2.002,2.1906,4.618,2.5417,2.7734,5.1702,1.9001,1.9395,3.8795,1.2939,1.778,3.7013,2.1663,2.1397,4.9821,1.3864,2.6354,3.9718,1.0927,3.0742,2.9276,4.73,2.9588,0.44174,1.3063,2.6977,4.3751,1.9096,1.9368,3.882,1.2836,2.6409,2.9069,0.49174,2.7587,3.104,0.97279,2.8975,4.1615,0.65643,2.5267,2.6482,0.68468,1.973,2.9497,0.53957,2.4071,3.3997,1.5627,2.1792,4.2644,1.3609,2.7053,4.4183,0.58948,1.973,3.0569,1.9893,1.8691,3.8077,1.1915,1.8192,3.6669,2.3502,2.695,4.8356,1.3693,1.5794,4.1465,1.3722,2.156,3.1621,0.62011,1.9795,3.0637,0.49104,2.4399,2.6075,1.6279,2.2946,4.1546,2.3676,2.6918,4.8742,0.60586,1.9851,3.0449,1.5722,1.7026,3.3356,0.4792,3.0486,2.3755,0.62445,2.5305,2.6262,2.9729,2.7484,5.9663,6.1354,2.8764,2.655,4.6791,2.9629,0.38732,2.3019,2.3785,3.677,1.1048,3.0622,3.9089,1.3799,2.3187,3.5113,0.94076,3.0683,3.7447,2.3449,2.2323,3.7712,1.1887,1.8081,3.6637,2.4327,2.3489,4.5763,2.5491,2.6605,4.0456,1.2961,2.6774,4.3576,1.8976,1.9109,3.8681,1.1733,2.7444,3.6959,2.3838,2.463,4.9955,1.6097,2.5936,3.3676,2.1648,2.205,4.1103,0.78046,1.9128,3.3555,2.2988,2.4085,3.7051,2.3035,2.4014,3.6925,2.2078,1.9386,4.946,2.6251,2.2825,4.7895,2.3489,2.2387,3.7816,1.3736,1.591,3.8542,2.3649,2.699,4.8647,1.8972,1.9203,3.8743,0.77537,2.1303,4.0126,1.5993,1.7978,4.253,2.3742,2.6972,4.8822,1.4469,2.3853,3.2621,5.9726,2.8942,2.2639,1.8487,1.7922,3.5009,1.9267,2.9803,4.2357,2.0522,1.9564,4.8051,1.1476,2.581,4.3203,1.9167,2.1455,4.867,1.6118,1.7535,3.963,1.6034,2.0179,3.3579,1.0598,2.7287,3.6047,0.95853,2.8068,3.8444,1.418,2.4333,3.8634,1.1465,2.7541,3.6607,1.8275,1.7355,4.0825,0.92532,2.4577,2.7979,1.9295,2.0891,4.4083,0.16463,2.7798,2.9271,1.0714,1.9479,4.2682,0.97308,2.3159,3.058,1.6534,2.3958,4.5907,0.9728,2.0607,2.8572,0.73347,1.9825,2.7406,1.6054,1.7471,3.9666,0.93657,2.4519,2.8151,1.366,1.584,3.8399,2.7438,2.5795,4.6106,1.0839,2.1558,3.6129,1.1474,2.7651,3.672,1.9765,1.9814,4.4853,1.0634,1.9547,4.2605,1.8595,1.6665,3.4578,1.6638,2.5102,4.0001,2.1254,2.5445,4.905,2.1324,2.388,3.6846,1.2156,3.0574,3.4395,1.4511,1.4723,4.2177,0.6433,2.9924,3.6466,1.6164,1.7145,4.2194,0.73778,1.9939,2.737,0.70542,2.1949,3.9565,2.6703,2.5941,4.5261,2.007,2.1124,3.4207,1.4051,2.8797,3.5497,1.0774,2.2254,3.6104,2.5425,2.0184,4.498,1.4811,1.7273,4.4213,1.5819,2.5836,3.5863,2.0577,2.3217,4.0881,2.674,2.3557,4.9658,0.48376,2.5252,3.0028
980.52,0.14012,100.91,11.191,0.070985,376.25,1.4908,1.8271,4.1402,1.2685,2.2377,4.2303,1.1975,1.9674,4.2461,2.4668,2.6445,4.2853,0.85987,2.0358,4.2588,1.517,2.5301,3.8952,3.1114,2.8389,5.9497,1.1859,1.9711,4.2393,1.7418,1.6707,4.2342,1.2938,2.2288,4.2673,0.84146,2.0605,4.211,2.944,2.8331,4.5384,5.6074,2.7384,1.352,1.2998,2.7675,3.6849,0.92411,2.1422,3.0123,2.5061,2.0933,4.5064,1.4669,1.6513,3.9185,0.64937,2.6011,3.8443,2.0212,1.7657,3.4946,1.1055,2.4112,3.1516,0.21076,2.2955,3.4797,1.7735,1.6794,3.4001,1.9952,2.7804,4.2796,1.7879,1.7021,3.404,1.4553,1.6392,3.9368,0.38657,2.1588,3.1591,2.081,2.3928,4.4446,1.4698,1.689,3.2041,0.82664,1.9212,2.751,3.0882,2.8409,5.9098,2.0254,1.7863,3.4969,1.0244,2.7226,2.9119,1.8273,2.5878,4.0298,0.65258,1.9073,2.7985,1.0647,2.4292,3.0934,1.9118,1.9202,4.5184,1.7003,1.6529,3.8943,0.51268,2.1995,3.7544,1.1807,2.5052,3.7564,0.95567,2.1028,3.2154,2.6092,2.333,4.3734,2.1152,2.1948,4.736,1.4924,1.6723,3.9337,1.8953,1.9227,4.5078,1.5048,2.2012,3.2609,0.78303,2.128,3.1227,2.4359,2.4033,4.3633,1.9198,2.5933,4.8236,1.8804,2.6023,4.785,2.5934,2.3419,4.3715,1.283,2.5203,3.9097,1.7154,2.2459,4.3342,1.9401,3.0244,3.8718,0.56314,2.4693,2.5301,1.5304,2.0763,4.6367,2.0435,3.0361,3.9787,0.34744,2.3961,3.373,1.6611,1.5966,4.0764,0.69384,2.051,3.0628,2.2524,2.2551,4.6645,0.71313,2.5824,3.1046,0.96064,2.1108,3.2118,0.04662,2.891,1.8772,2.0169,2.0073,4.6318,2.5856,2.3469,4.3684,2.609,2.3079,5.1281,2.0217,2.7404,4.3182,1.0821,1.8012,3.9833,4.6411,2.9349,0.51451,0.85882,2.1269,3.0205,1.3073,2.0922,4.3087,1.0421,2.1009,3.4749,2.2026,2.7155,4.4544,1.7166,1.5688,4.1418,1.2017,2.5425,3.1163,0.77074,2.4554,3.7519,2.0678,1.8935,3.7012,1.5687,2.4535,3.4477,1.619,2.5542,3.6022,1.6363,1.6295,4.2487,1.9974,2.7517,4.4612,2.039,2.7506,4.5098,3.4266,2.7704,6.1818,1.7186,1.562,4.1392,1.7389,2.0026,3.4524,2.0707,2.9304,4.875,1.1971,2.5457,3.1398,2.6144,2.4423,4.9571,1.0642,2.6119,4.0631,1.572,2.4443,3.4555,1.1539,1.8332,4.077,1.6692,1.583,4.0704,1.7265,2.0008,3.4301,0.26543,2.9333,3.3195,2.9077,2.3017,4.6277,1.3101,1.9491,4.2127,1.2971,2.6585,3.4129,1.436,2.4567,3.3403,1.8595,1.9481,3.6848,1.9429,2.4091,4.0109,1.0655,2.2906,3.1689,2.5428,2.0184,5.145,1.2555,2.6622,3.3597,1.4109,2.4757,3.3117,0.33961,2.9354,3.3864,0.65591,1.8332,2.8477,1.6768,2.0017,4.4754,1.4642,1.8211,4.1359,5.4385,2.8868,1.7528,0.81968,2.1048,2.8093,1.0554,2.6286,4.0664,2.1958,2.5212,3.6076,2.5858,2.4271,4.92,2.8424,2.6844,4.5527,2.1302,2.5098,4.4906,2.352,2.1207,4.2221,0.76436,2.0288,3.3148,0.40731,2.4527,2.9652,0.59608,2.1422,3.7062,2.3788,2.4568,4.4569,0.82271,2.4505,2.9243,1.2487,1.5952,4.2843,1.6855,2.0222,3.4321,6.1627,2.6821,1.9131,3.3231,2.9286,0.043029,0.81711,2.4233,2.9678,1.6643,1.631,4.0743,1.5028,1.8827,3.1766,0.77038,2.4458,2.9009,2.159,2.3421,4.9023,1.1824,2.5622,3.1208,1.0115,1.9607,3.5035,0.4882,1.9767,3.2745,1.7154,2.0159,3.4225,2.387,2.1062,4.2159,2.179,2.1521,4.9983,1.2757,1.7032,3.8252,0.6925,1.978,2.772,2.1834,2.1618,5.0147,2.3479,2.2159,4.5131,1.5732,2.3726,3.9665,4.3433,2.9501,0.26756,1.9544,2.379,4.0068,0.82657,1.9526,4.1231,1.245,2.6024,4.2534,3.6462,2.8306,6.2077,1.5388,1.631,3.2941,0.27632,2.3,3.3456,5.1134,2.9478,1.0577,0.62972,2.7625,3.3374,1.3214,2.5203,3.0162,2.1458,2.1183,4.9428,1.479,2.0674,4.3804,1.5268,1.6302,3.2998,1.4009,2.9207,3.3755,0.51838,2.4328,2.8114,0.89477,2.4501,3.0042,0.23555,2.6099,3.3434,1.6306,2.288,4.1508,0.52601,2.4342,2.7862,1.0331,2.2199,3.6265,1.3929,1.788,4.289,0.31704,2.3164,3.3802,1.5269,1.6093,3.2939,0.51107,2.4334,2.8079,3.1688,2.866,6.1004,1.9678,2.5761,4.013,2.0068,2.1919,4.6222,2.5259,2.7728,5.1525,1.9014,1.935,3.8756,1.2937,1.7721,3.7035,2.1697,2.137,4.982,1.3841,2.6318,3.9664,1.0872,3.0729,2.921,4.7355,2.9545,0.44587,1.3141,2.699,4.3817,1.9106,1.9336,3.882,1.2892,2.6415,2.9135,0.50982,2.756,3.1249,0.97949,2.8975,4.1678,0.66918,2.5276,2.6585,0.68319,1.9786,2.9445,0.53872,2.4082,3.396,1.5622,2.1786,4.2697,1.3762,2.7074,4.4307,0.58305,1.976,3.0479,1.9906,1.8649,3.8065,1.191,1.8148,3.6703,2.3349,2.6905,4.8153,1.3678,1.5867,4.1424,1.3692,2.1556,3.1604,0.6176,1.984,3.0562,0.49537,2.4384,2.6134,1.6309,2.3013,4.1589,2.3546,2.687,4.8585,0.60086,1.9902,3.034,1.5733,1.701,3.3369,0.47236,3.0498,2.3661,0.63115,2.5323,2.6316,2.9833,2.7485,5.9786,6.0182,2.8779,2.6731,4.6806,2.9583,0.38741,2.2964,2.3739,3.6663,1.1292,3.0584,3.9365,1.3704,2.3281,3.503,0.95357,3.0667,3.7608,2.3417,2.2318,3.766,1.1879,1.802,3.6669,2.4336,2.3506,4.5785,2.5439,2.6648,4.0481,1.3011,2.6767,4.3604,1.8985,1.9031,3.8631,1.1788,2.7374,3.7008,2.3748,2.4597,4.9815,1.6102,2.5895,3.3783,2.1644,2.2082,4.1121,0.77906,1.9148,3.3525,2.2919,2.4087,3.6983,2.297,2.4002,3.6835,2.212,1.945,4.9525,2.6222,2.2814,4.7891,2.3465,2.2393,3.778,1.3724,1.5916,3.8573,2.3509,2.6955,4.8474,1.8982,1.9143,3.8699,0.77501,2.1286,4.0204,1.5989,1.7928,4.2523,2.3627,2.6934,4.8681,1.447,2.3852,3.2621,5.979,2.896,2.2722,1.8477,1.7912,3.5045,1.9196,2.9736,4.2264,2.0583,1.9574,4.8127,1.1545,2.5816,4.3277,1.922,2.1454,4.8679,1.6115,1.7466,3.9626,1.6033,2.0199,3.3534,1.0646,2.7227,3.6087,0.96348,2.8037,3.8472,1.4235,2.4394,3.8665,1.1491,2.7484,3.6613,1.8258,1.7266,4.0812,0.92721,2.4575,2.8017,1.9332,2.0932,4.4127,0.17897,2.7766,2.9409,1.069,1.9463,4.2691,0.97609,2.3134,3.0643,1.657,2.3965,4.5919,0.97135,2.0575,2.8596,0.73223,1.9803,2.7405,1.6043,1.7393,3.9663,0.93972,2.4508,2.8214,1.3635,1.5834,3.8406,2.7413,2.5783,4.609,1.0836,2.1596,3.61,1.1512,2.7601,3.6753,1.9766,1.981,4.4872,1.0602,1.9535,4.2606,1.8607,1.6686,3.4591,1.6639,2.514,4.0003,2.127,2.5432,4.9021,2.1286,2.3896,3.6802,1.2228,3.0547,3.4454,1.4519,1.4737,4.2152,0.64443,2.9914,3.6488,1.6155,1.7089,4.2178,0.73694,1.9931,2.7365,0.70781,2.1952,3.9584,2.6675,2.5927,4.5248,2.0099,2.1101,3.4187,1.4088,2.8728,3.5523,1.0761,2.2314,3.6058,2.5446,2.0218,4.5032,1.4794,1.726,4.4214,1.5784,2.5823,3.5879,2.0572,2.3267,4.0909,2.6693,2.3532,4.96,0.48978,2.5246,3.0096
980.52,0.14012,100.91,11.191,0.079858,386.45,1.487,1.8249,4.1367,1.2683,2.239,4.2321,1.1933,1.9647,4.247,2.4636,2.6427,4.2843,0.85996,2.0332,4.2633,1.5167,2.535,3.8955,3.1245,2.8383,5.966,1.1808,1.9683,4.24,1.7412,1.6648,4.2322,1.2956,2.2289,4.2729,0.83954,2.0601,4.2107,2.9498,2.8328,4.5419,5.5959,2.733,1.3391,1.3054,2.7581,3.6907,0.92004,2.1416,3.0107,2.5096,2.0988,4.5147,1.466,1.6485,3.9201,0.64821,2.6048,3.8392,2.0233,1.7658,3.4971,1.1066,2.4075,3.1599,0.20312,2.2967,3.4692,1.7719,1.6795,3.4018,1.9802,2.7742,4.2618,1.7883,1.705,3.4056,1.4534,1.6353,3.9398,0.38615,2.1613,3.1549,2.0855,2.3956,4.4503,1.4691,1.6909,3.2046,0.8264,1.9254,2.75,3.0985,2.8407,5.9217,2.0282,1.7884,3.4995,1.0275,2.723,2.9168,1.8286,2.5881,4.0334,0.65515,1.9115,2.7991,1.0636,2.4272,3.0978,1.9137,1.9206,4.5217,1.7026,1.6487,3.8951,0.51311,2.199,3.7559,1.1801,2.5134,3.7548,0.94991,2.1072,3.2092,2.6173,2.3368,4.3835,2.1209,2.1993,4.7428,1.4946,1.673,3.9365,1.8959,1.9238,4.51,1.5068,2.2037,3.2601,0.77717,2.1342,3.1136,2.4387,2.4074,4.3701,1.917,2.5929,4.8146,1.8742,2.6029,4.7733,2.601,2.3474,4.3836,1.2826,2.5244,3.9056,1.7196,2.2482,4.3395,1.9308,3.0197,3.8612,0.5703,2.4697,2.5365,1.5278,2.0796,4.6389,2.0423,3.0322,3.9761,0.34258,2.3981,3.3664,1.6612,1.5938,4.0755,0.69148,2.0543,3.0581,2.2533,2.2567,4.6662,0.72175,2.5781,3.1166,0.95513,2.116,3.2047,0.035416,2.8908,1.8643,2.0209,2.011,4.6384,2.5924,2.3531,4.38,2.6018,2.3041,5.1192,2.01,2.729,4.3059,1.0823,1.7955,3.9877,4.642,2.9264,0.51355,0.85529,2.1278,3.0165,1.3077,2.0916,4.3142,1.04,2.1033,3.4721,2.1914,2.7106,4.4412,1.7189,1.5657,4.1399,1.2087,2.5408,3.1215,0.773,2.4593,3.749,2.0696,1.8894,3.6968,1.5651,2.4558,3.4455,1.6152,2.5576,3.6036,1.6338,1.6244,4.2484,1.9854,2.7434,4.4476,2.0317,2.7427,4.5024,3.4368,2.7685,6.1911,1.721,1.5579,4.1369,1.7443,2.0025,3.453,2.0664,2.9301,4.8716,1.203,2.5446,3.1476,2.6118,2.4418,4.9533,1.0683,2.6132,4.0612,1.5685,2.4457,3.4544,1.1495,1.8363,4.0744,1.6704,1.5781,4.0687,1.7301,2.0003,3.4277,0.26341,2.9313,3.3183,2.9127,2.3019,4.6356,1.3092,1.9491,4.214,1.3017,2.6559,3.4225,1.4325,2.457,3.3404,1.8621,1.9436,3.6799,1.9421,2.4184,4.014,1.0615,2.2917,3.1665,2.5436,2.0156,5.1459,1.2572,2.6601,3.3661,1.4043,2.4776,3.3084,0.34636,2.9336,3.393,0.65262,1.8369,2.8383,1.6724,1.9991,4.4824,1.4642,1.8168,4.1374,5.4243,2.8846,1.7388,0.81914,2.1031,2.8119,1.0588,2.6323,4.0654,2.2041,2.5183,3.6095,2.5781,2.4242,4.9097,2.8493,2.6814,4.5584,2.127,2.508,4.486,2.3529,2.1246,4.2273,0.76262,2.0353,3.3078,0.419,2.4496,2.9777,0.59512,2.1423,3.7053,2.3759,2.4494,4.4596,0.83339,2.4481,2.9348,1.2472,1.5971,4.2833,1.6829,2.0241,3.4296,6.146,2.6804,1.8951,3.3382,2.9267,0.059585,0.82491,2.4177,2.982,1.6647,1.6298,4.0725,1.5041,1.8849,3.1757,0.7732,2.4433,2.9068,2.1575,2.3405,4.8946,1.1873,2.5621,3.1272,1.0128,1.9601,3.5035,0.48184,1.976,3.2792,1.7174,2.0162,3.4186,2.3872,2.1102,4.2189,2.1839,2.1513,5.0001,1.2736,1.6968,3.8284,0.69384,1.978,2.7743,2.1888,2.1625,5.0185,2.3521,2.22,4.5206,1.574,2.3818,3.9669,4.3562,2.9426,0.27968,1.9546,2.385,4.0087,0.82473,1.9516,4.1228,1.2552,2.6064,4.259,3.662,2.8274,6.2236,1.54,1.6332,3.2952,0.27026,2.2999,3.3371,5.1114,2.9417,1.0567,0.6383,2.7592,3.3471,1.3279,2.5218,3.0204,2.1474,2.114,4.9388,1.4784,2.0625,4.3845,1.5271,1.6311,3.3016,1.4038,2.9192,3.3769,0.52815,2.4302,2.8249,0.89244,2.4491,3.0064,0.23698,2.6087,3.3432,1.6333,2.2921,4.1546,0.53595,2.4327,2.7955,1.0308,2.2269,3.6215,1.3928,1.7856,4.2881,0.31642,2.3183,3.3777,1.5266,1.6078,3.2949,0.51952,2.4313,2.82,3.1896,2.8649,6.123,1.9629,2.5737,4.0109,2.0117,2.1931,4.6264,2.5097,2.772,5.1346,1.9027,1.9303,3.8716,1.2935,1.7664,3.7056,2.1729,2.1343,4.9817,1.3821,2.6282,3.961,1.0812,3.0717,2.914,4.7409,2.9502,0.44992,1.3219,2.7004,4.3885,1.9116,1.9304,3.882,1.2948,2.6424,2.92,0.52716,2.7533,3.1452,0.98653,2.8972,4.1745,0.68183,2.5286,2.6687,0.68186,1.9842,2.9395,0.53799,2.4091,3.3926,1.5616,2.1778,4.275,1.3914,2.7093,4.4429,0.57672,1.9787,3.039,1.9919,1.8609,3.8052,1.1905,1.8105,3.6737,2.3205,2.6861,4.7958,1.3661,1.5938,4.1383,1.3662,2.155,3.1585,0.61512,1.9884,3.0489,0.49961,2.4368,2.6193,1.6343,2.3081,4.1633,2.3419,2.6821,4.8433,0.59581,1.9952,3.0233,1.5744,1.6994,3.3381,0.46486,3.0509,2.3561,0.63751,2.5342,2.6368,2.9937,2.7484,5.991,0.06948,2.8792,2.691,4.6825,2.9537,0.38789,2.2913,2.3692,3.656,1.1509,3.0545,3.9613,1.3607,2.3372,3.4946,0.9657,3.0648,3.7763,2.3386,2.2313,3.7608,1.1872,1.7959,3.6702,2.4345,2.3522,4.5806,2.5385,2.6689,4.0504,1.3062,2.6761,4.3629,1.8994,1.8954,3.8581,1.184,2.7307,3.7054,2.366,2.4564,4.9678,1.6107,2.5855,3.3889,2.1641,2.2115,4.114,0.77759,1.9169,3.3494,2.2852,2.409,3.6916,2.2906,2.399,3.6745,2.2163,1.9508,4.9587,2.6193,2.2803,4.7886,2.3442,2.24,3.7746,1.3712,1.5923,3.8603,2.3374,2.692,4.8303,1.8993,1.9086,3.8657,0.77471,2.1267,4.0279,1.5984,1.7879,4.2516,2.3515,2.6896,4.8547,1.447,2.3852,3.2621,5.9851,2.898,2.2804,1.8469,1.7903,3.5081,1.9129,2.9669,4.2174,2.0643,1.9585,4.82,1.1612,2.5823,4.3348,1.9274,2.1454,4.869,1.6112,1.7399,3.9621,1.6032,2.022,3.349,1.069,2.717,3.6123,0.968,2.8009,3.8495,1.429,2.445,3.8696,1.1515,2.7428,3.6618,1.824,1.718,4.0798,0.92908,2.4573,2.8054,1.9371,2.0973,4.4172,0.1933,2.7733,2.9545,1.0666,1.9446,4.27,0.97881,2.3112,3.07,1.6608,2.3974,4.5932,0.96982,2.0545,2.8616,0.73108,1.9783,2.7405,1.6032,1.7318,3.9661,0.94274,2.4497,2.8276,1.3611,1.5827,3.8413,2.7393,2.5772,4.6078,1.0832,2.1634,3.6071,1.1548,2.7551,3.6783,1.9766,1.9806,4.4891,1.0571,1.9524,4.2607,1.8619,1.6705,3.4604,1.6641,2.5177,4.0004,2.1288,2.5418,4.8992,2.1247,2.3913,3.6757,1.2306,3.0519,3.452,1.4528,1.4754,4.2129,0.64492,2.9905,3.6506,1.6147,1.7032,4.2161,0.73616,1.9924,2.736,0.7102,2.1956,3.9604,2.6648,2.5913,4.5236,2.0129,2.1078,3.4168,1.4127,2.8659,3.555,1.0747,2.2375,3.601,2.5468,2.0253,4.5087,1.4777,1.7247,4.4216,1.5752,2.5809,3.59,2.0568,2.3317,4.0938,2.6649,2.3508,4.9543,0.49569,2.524,3.0162
980.52,0.14012,100.91,11.191,0.088731,396.72,1.4833,1.8228,4.1333,1.2683,2.2402,4.2341,1.189,1.9618,4.2476,2.4605,2.6408,4.2835,0.85999,2.0307,4.2677,1.5165,2.5398,3.8956,3.1374,2.8377,5.9821,1.1758,1.9654,4.2407,1.7407,1.6588,4.2303,1.2972,2.229,4.2785,0.83767,2.0597,4.2105,2.9557,2.8324,4.5454,5.5847,2.7274,1.3265,1.3108,2.749,3.696,0.91597,2.1411,3.0091,2.5133,2.1043,4.5232,1.465,1.6457,3.9217,0.64695,2.6083,3.8341,2.0253,1.7659,3.4997,1.107,2.4042,3.1674,0.19543,2.2978,3.4585,1.7704,1.6795,3.4034,1.9661,2.768,4.2449,1.7886,1.7078,3.4071,1.4517,1.6315,3.9426,0.38587,2.1637,3.1508,2.0897,2.3983,4.4554,1.4682,1.6927,3.205,0.82617,1.9294,2.7492,3.109,2.8404,5.9338,2.0313,1.7903,3.5023,1.0306,2.7234,2.9218,1.83,2.5883,4.037,0.65769,1.9156,2.7998,1.0625,2.4252,3.1023,1.9156,1.921,4.5251,1.7049,1.6448,3.896,0.51361,2.1986,3.7575,1.1799,2.521,3.7536,0.94426,2.1113,3.2032,2.6253,2.3404,4.3936,2.1266,2.2038,4.7494,1.4967,1.6737,3.9393,1.8966,1.9248,4.5121,1.5087,2.2062,3.2592,0.77118,2.1404,3.1043,2.4417,2.4115,4.3768,1.9142,2.5928,4.8054,1.8682,2.6033,4.7619,2.6088,2.3529,4.396,1.2822,2.5282,3.9016,1.7242,2.2505,4.3447,1.9224,3.0151,3.8516,0.57734,2.4701,2.5428,1.5248,2.0829,4.6407,2.0412,3.0284,3.9736,0.33782,2.4,3.36,1.6613,1.5913,4.0747,0.68912,2.0575,3.0536,2.254,2.2581,4.6677,0.72978,2.5738,3.1282,0.94965,2.1209,3.1975,0.021071,2.8904,1.8519,2.0252,2.0149,4.645,2.5994,2.3594,4.3919,2.5946,2.3004,5.1104,1.999,2.7177,4.2945,1.0826,1.7898,3.9922,4.643,2.9178,0.5128,0.85184,2.1288,3.0128,1.3082,2.0912,4.3194,1.0379,2.1057,3.4692,2.1807,2.7057,4.4287,1.7212,1.5625,4.1381,1.2153,2.5392,3.1264,0.77522,2.463,3.746,2.0714,1.8855,3.6924,1.5615,2.4582,3.4434,1.6118,2.5606,3.6055,1.6311,1.6196,4.2481,1.9738,2.735,4.4343,2.025,2.7348,4.4954,3.4469,2.7665,6.2004,1.7235,1.5538,4.1344,1.7497,2.0024,3.4538,2.0624,2.9298,4.8684,1.2087,2.5435,3.1552,2.6092,2.4415,4.9494,1.0722,2.6144,4.0594,1.5652,2.4471,3.4534,1.145,1.8388,4.072,1.6717,1.5734,4.0671,1.7337,1.9999,3.4254,0.26164,2.9294,3.3172,2.9174,2.3019,4.6433,1.3082,1.9491,4.2152,1.306,2.6533,3.4316,1.4291,2.4574,3.3407,1.8649,1.9391,3.6752,1.9414,2.4274,4.0173,1.0576,2.2929,3.1643,2.5443,2.013,5.1467,1.2589,2.6583,3.3724,1.3978,2.4795,3.3053,0.353,2.9318,3.3994,0.64932,1.8404,2.8291,1.6679,1.9964,4.4888,1.4643,1.8125,4.1388,5.4101,2.8821,1.7246,0.81849,2.1016,2.8144,1.062,2.6358,4.0642,2.2113,2.5148,3.6103,2.5703,2.4211,4.8993,2.8566,2.6783,4.5642,2.124,2.5064,4.4818,2.3538,2.1285,4.2325,0.76061,2.042,3.3004,0.43069,2.4465,2.9902,0.5942,2.1423,3.7044,2.373,2.4429,4.4622,0.84408,2.4458,2.9454,1.2457,1.599,4.2822,1.6802,2.0258,3.4271,6.1295,2.6785,1.8774,3.3528,2.9249,0.075631,0.83178,2.4122,2.9952,1.6651,1.6286,4.0707,1.5054,1.8871,3.175,0.77566,2.441,2.9125,2.1561,2.3388,4.887,1.1919,2.5621,3.1335,1.014,1.9596,3.5035,0.47516,1.9755,3.2839,1.7194,2.0163,3.4149,2.3875,2.1143,4.2221,2.1887,2.1504,5.0017,1.2711,1.6906,3.8314,0.69514,1.978,2.7767,2.1939,2.1629,5.0222,2.3564,2.2241,4.528,1.5747,2.3906,3.9672,4.3681,2.9352,0.29111,1.9549,2.391,4.0105,0.82287,1.9507,4.1223,1.2653,2.6103,4.2643,3.6775,2.8242,6.2378,1.5412,1.6355,3.2962,0.26434,2.2998,3.3289,5.1096,2.9354,1.0561,0.64648,2.7558,3.3564,1.3341,2.5233,3.0243,2.1491,2.1098,4.9352,1.4778,2.0576,4.3886,1.5273,1.6317,3.3033,1.4066,2.9179,3.3779,0.53778,2.4276,2.8383,0.89035,2.4479,3.0088,0.23821,2.6075,3.3428,1.6362,2.2965,4.1585,0.54578,2.4312,2.8048,1.0283,2.2342,3.6164,1.3928,1.7832,4.287,0.31593,2.32,3.3752,1.5264,1.6062,3.296,0.52786,2.4293,2.832,3.2096,2.8637,6.1447,1.9583,2.5713,4.009,2.0166,2.1941,4.6305,2.4933,2.7711,5.1162,1.904,1.9254,3.8675,1.2932,1.7606,3.7076,2.1762,2.1315,4.9814,1.3802,2.6247,3.9558,1.0748,3.0704,2.9065,4.7461,2.9458,0.45393,1.3296,2.7015,4.395,1.9128,1.9272,3.8821,1.3003,2.6432,2.9266,0.5437,2.7506,3.1645,0.99372,2.8968,4.1813,0.69437,2.5296,2.6789,0.68069,1.9895,2.9349,0.5374,2.4099,3.3893,1.5612,2.1768,4.2801,1.4064,2.7111,4.455,0.5705,1.9814,3.03,1.9931,1.8568,3.804,1.1901,1.8061,3.6771,2.3069,2.6816,4.7773,1.3643,1.6004,4.1341,1.3631,2.1546,3.1567,0.61268,1.9928,3.0416,0.50385,2.4351,2.6251,1.6378,2.3151,4.1678,2.3297,2.6773,4.8283,0.59074,1.9999,3.0126,1.5754,1.698,3.3394,0.45674,3.0519,2.3453,0.64356,2.5362,2.6415,3.0045,2.7481,6.0036,0.044419,2.8805,2.7093,4.6846,2.949,0.38877,2.2865,2.3646,3.6459,1.1701,3.0505,3.9837,1.3512,2.3462,3.4864,0.97722,3.0631,3.7911,2.3356,2.2309,3.7558,1.1863,1.7897,3.6735,2.4353,2.3539,4.5825,2.5331,2.6728,4.0526,1.3112,2.6756,4.3653,1.9003,1.8878,3.8534,1.1889,2.7241,3.7096,2.3578,2.4532,4.9543,1.6111,2.5816,3.3995,2.1638,2.2149,4.1161,0.77603,1.919,3.3462,2.2786,2.4093,3.685,2.2843,2.3977,3.6655,2.2206,1.9563,4.9647,2.6163,2.2791,4.7882,2.3417,2.2407,3.7713,1.37,1.5927,3.8634,2.3242,2.6884,4.8136,1.9005,1.9028,3.8614,0.77448,2.1249,4.0355,1.598,1.7831,4.2507,2.3407,2.6859,4.8416,1.447,2.3853,3.2621,5.9912,2.8998,2.2884,1.8462,1.7893,3.5116,1.9063,2.9602,4.2085,2.0704,1.9595,4.8272,1.1677,2.583,4.342,1.9326,2.1456,4.8702,1.611,1.7334,3.9618,1.6032,2.0242,3.3447,1.0731,2.7117,3.6155,0.97217,2.7981,3.8513,1.4342,2.4506,3.8727,1.1536,2.7375,3.662,1.8222,1.7095,4.0786,0.93092,2.4571,2.8091,1.9411,2.1017,4.4218,0.20766,2.7698,2.9683,1.064,1.943,4.2708,0.98122,2.3091,3.0756,1.6645,2.3984,4.5946,0.9682,2.0516,2.8634,0.72998,1.9764,2.7404,1.6022,1.7245,3.9659,0.94565,2.4487,2.8337,1.3586,1.5819,3.8421,2.7374,2.5762,4.6069,1.0829,2.1675,3.604,1.1583,2.7502,3.6811,1.9767,1.9803,4.4911,1.054,1.9512,4.2609,1.8632,1.6724,3.4619,1.6643,2.5212,4.0005,2.1304,2.5406,4.8962,2.1209,2.393,3.6711,1.239,3.0491,3.4591,1.4536,1.4772,4.2104,0.64481,2.9896,3.6517,1.614,1.6976,4.2145,0.73539,1.9917,2.7356,0.7126,2.1959,3.9623,2.6622,2.5898,4.5225,2.0161,2.1056,3.4152,1.4164,2.8591,3.558,1.0731,2.244,3.596,2.5491,2.0289,4.5144,1.4759,1.7233,4.4218,1.5721,2.5795,3.5922,2.0566,2.3367,4.0969,2.6607,2.3486,4.9489,0.50153,2.5236,3.0226
980.52,0.14012,100.91,11.191,0.097604,407.16,1.4798,1.8203,4.1301,1.2685,2.2415,4.2363,1.1847,1.959,4.2481,2.4575,2.639,4.283,0.85997,2.0285,4.2718,1.5162,2.5443,3.8958,3.1504,2.8369,5.9982,1.1709,1.9626,4.2414,1.7402,1.6528,4.2282,1.2987,2.2291,4.2841,0.83584,2.0594,4.2104,2.9614,2.8322,4.549,5.5735,2.7217,1.3142,1.3156,2.7402,3.7008,0.91188,2.1405,3.0074,2.5172,2.1098,4.5317,1.4638,1.6431,3.9232,0.64557,2.6119,3.8287,2.0275,1.766,3.5023,1.1069,2.401,3.1741,0.18769,2.2989,3.4476,1.7689,1.6794,3.405,1.9528,2.7619,4.2289,1.789,1.7103,3.4086,1.4501,1.6279,3.9452,0.38571,2.1659,3.1471,2.0937,2.4006,4.4602,1.4674,1.6946,3.2054,0.82595,1.9329,2.7486,3.1195,2.8402,5.9459,2.0344,1.7921,3.505,1.034,2.7238,2.9269,1.8314,2.5887,4.0407,0.6602,1.9195,2.8006,1.0612,2.4232,3.1065,1.9174,1.9212,4.5285,1.7071,1.6411,3.8969,0.51418,2.1981,3.7591,1.18,2.528,3.7531,0.93877,2.1153,3.1974,2.6334,2.3438,4.4035,2.1323,2.208,4.756,1.4989,1.6744,3.942,1.8974,1.9259,4.5144,1.5107,2.2085,3.2584,0.76511,2.1464,3.0951,2.4445,2.4154,4.3835,1.9115,2.5927,4.7962,1.8623,2.6038,4.7506,2.6167,2.3583,4.4086,1.2817,2.5318,3.8976,1.7287,2.253,4.35,1.9145,3.0105,3.8427,0.58426,2.4705,2.5491,1.5216,2.0863,4.6421,2.0403,3.0245,3.9714,0.33321,2.4017,3.3539,1.6614,1.5888,4.0739,0.6868,2.0605,3.0492,2.2547,2.2595,4.669,0.7372,2.5696,3.1394,0.94429,2.1255,3.1907,0.040219,2.89,1.8399,2.0297,2.0189,4.6518,2.6066,2.3655,4.404,2.5878,2.2966,5.1018,1.9889,2.7061,4.2839,1.0827,1.7842,3.9964,4.6441,2.9091,0.51218,0.84847,2.1296,3.0092,1.3088,2.0907,4.3247,1.0357,2.1082,3.4662,2.1705,2.701,4.4167,1.7236,1.5595,4.1364,1.2219,2.5377,3.131,0.7774,2.4666,3.743,2.0732,1.8816,3.6883,1.5579,2.4604,3.4414,1.6086,2.5634,3.6077,1.6285,1.6153,4.2478,1.9626,2.7266,4.4214,2.0184,2.7269,4.4886,3.457,2.7644,6.2096,1.726,1.5498,4.1321,1.7552,2.0023,3.4546,2.0587,2.9296,4.8656,1.2142,2.5427,3.1623,2.6066,2.4411,4.9457,1.0758,2.6156,4.0573,1.5619,2.4485,3.4526,1.1407,1.8408,4.0699,1.6731,1.5692,4.0655,1.7373,1.9994,3.4234,0.26001,2.9275,3.3164,2.922,2.3017,4.6506,1.3073,1.9492,4.2165,1.3101,2.6508,3.4405,1.4258,2.4577,3.341,1.8676,1.9347,3.6707,1.9409,2.436,4.0208,1.0538,2.294,3.1622,2.5449,2.0104,5.1474,1.2605,2.6563,3.3787,1.3915,2.4814,3.3022,0.35951,2.9298,3.4057,0.64608,1.8438,2.8201,1.6631,1.9941,4.4947,1.4643,1.8084,4.1402,5.396,2.8797,1.7105,0.81775,2.1002,2.8165,1.0649,2.6393,4.0629,2.218,2.5112,3.6108,2.5627,2.4179,4.8889,2.8641,2.6753,4.5703,2.1214,2.505,4.4778,2.3549,2.1326,4.238,0.75831,2.0487,3.2926,0.44233,2.4435,3.0027,0.5933,2.1423,3.7036,2.3702,2.437,4.4647,0.85478,2.4435,2.9559,1.244,1.601,4.2808,1.6774,2.0273,3.4245,6.1131,2.6765,1.8597,3.3669,2.9229,0.091095,0.83771,2.4072,3.0073,1.6654,1.6272,4.0691,1.5068,1.8893,3.1743,0.77776,2.4389,2.9174,2.1548,2.3371,4.8795,1.1964,2.5621,3.1396,1.0153,1.9589,3.5035,0.4682,1.9753,3.2884,1.7214,2.0162,3.4111,2.3879,2.1184,4.2256,2.1933,2.1494,5.0032,1.2688,1.685,3.8341,0.69642,1.978,2.7789,2.199,2.1634,5.0256,2.3605,2.228,4.5354,1.5753,2.399,3.9674,4.3794,2.9278,0.30196,1.9551,2.3971,4.0125,0.82104,1.95,4.1218,1.2755,2.6143,4.2696,3.6928,2.8209,6.2663,1.5426,1.638,3.2972,0.25859,2.2997,3.3207,5.108,2.9292,1.0557,0.65423,2.7524,3.365,1.3401,2.5248,3.0279,2.1511,2.1058,4.9319,1.477,2.0527,4.3925,1.5275,1.6323,3.3049,1.4091,2.9166,3.3787,0.5473,2.4251,2.8516,0.88848,2.4468,3.0114,0.23926,2.6063,3.3421,1.6391,2.3009,4.1625,0.55544,2.4298,2.8141,1.0257,2.2414,3.6112,1.3928,1.781,4.2859,0.31554,2.3215,3.373,1.5262,1.6048,3.297,0.53606,2.4272,2.8438,3.2288,2.8624,6.1657,1.9537,2.5691,4.0071,2.0214,2.1951,4.6346,2.4766,2.7702,5.0974,1.9054,1.9205,3.8635,1.293,1.7549,3.7096,2.1795,2.1288,4.9813,1.3782,2.6212,3.9506,1.0679,3.0693,2.8987,4.7512,2.9414,0.45789,1.3372,2.7026,4.4012,1.9139,1.9241,3.8822,1.3058,2.644,2.933,0.55941,2.7479,3.1829,1.001,2.8961,4.1881,0.70679,2.5308,2.6888,0.67968,1.9949,2.9305,0.53698,2.4105,3.3864,1.5608,2.1755,4.2851,1.4211,2.7127,4.4668,0.56442,1.9839,3.0212,1.9944,1.8529,3.8028,1.1895,1.8017,3.6806,2.2942,2.6773,4.7599,1.3623,1.6068,4.1299,1.3601,2.154,3.1549,0.61026,1.9971,3.0346,0.50808,2.4336,2.6311,1.6418,2.3223,4.1723,2.318,2.6725,4.8138,0.5857,2.0044,3.0022,1.5766,1.6965,3.3407,0.44801,3.0529,2.334,0.64926,2.5383,2.646,3.0155,2.7477,6.0162,0.050813,2.8817,2.7277,4.6869,2.9443,0.39008,2.282,2.3599,3.6361,1.1871,3.0464,4.0037,1.3417,2.3545,3.4784,0.98813,3.0613,3.8054,2.3327,2.2306,3.751,1.1855,1.7834,3.677,2.4359,2.3554,4.5844,2.5276,2.6766,4.0546,1.316,2.6751,4.3676,1.9011,1.8801,3.8487,1.1935,2.7179,3.7135,2.3499,2.45,4.9412,1.6115,2.5779,3.4098,2.1636,2.2185,4.1183,0.77438,1.9213,3.3427,2.2721,2.4095,3.6784,2.2781,2.3965,3.6567,2.225,1.9613,4.9705,2.6135,2.278,4.7877,2.3394,2.2416,3.768,1.3687,1.5933,3.8664,2.3114,2.6847,4.7973,1.9016,1.8972,3.8573,0.77431,2.1229,4.043,1.5975,1.7784,4.25,2.3303,2.6823,4.829,1.447,2.3854,3.2621,5.9973,2.9017,2.2964,1.8457,1.7885,3.515,1.8999,2.9535,4.1998,2.0765,1.9604,4.834,1.174,2.5837,4.3489,1.938,2.1457,4.8714,1.6108,1.727,3.9615,1.6033,2.0265,3.3406,1.0767,2.7066,3.6182,0.97596,2.7955,3.8528,1.4395,2.4559,3.8761,1.1556,2.7324,3.662,1.8204,1.7013,4.0773,0.93275,2.457,2.8127,1.9452,2.1061,4.4265,0.22202,2.7662,2.982,1.0614,1.9414,4.2715,0.98334,2.3072,3.0807,1.6685,2.3996,4.596,0.96649,2.0489,2.865,0.72893,1.9745,2.7403,1.6011,1.7175,3.9657,0.94843,2.4477,2.8398,1.356,1.5811,3.8429,2.7359,2.5754,4.6064,1.0824,2.1717,3.6006,1.1616,2.7456,3.6837,1.9767,1.9801,4.4932,1.051,1.9501,4.261,1.8646,1.6743,3.4633,1.6644,2.5246,4.0006,2.1319,2.5393,4.8932,2.1169,2.3948,3.6664,1.248,3.0462,3.4669,1.4544,1.479,4.208,0.64415,2.9888,3.6522,1.6135,1.692,4.213,0.73468,1.9911,2.7353,0.71499,2.1963,3.9642,2.6596,2.5884,4.5217,2.0193,2.1034,3.4138,1.4203,2.8523,3.5611,1.0713,2.2504,3.5908,2.5515,2.0325,4.5203,1.4742,1.7219,4.4222,1.5694,2.5782,3.5946,2.0565,2.3416,4.1,2.6568,2.3464,4.9439,0.50731,2.5232,3.0288
980.52,0.14012,100.91,11.191,0.10648,417.25,1.4763,1.8177,4.1271,1.2689,2.2425,4.2386,1.1804,1.956,4.2484,2.4545,2.6374,4.2826,0.85989,2.0264,4.2758,1.5159,2.5488,3.896,3.1634,2.836,6.014,1.1661,1.9595,4.2422,1.7397,1.6468,4.2261,1.3002,2.2291,4.2897,0.83403,2.059,4.2103,2.967,2.8318,4.5525,5.5627,2.7158,1.3021,1.3201,2.7316,3.7052,0.9078,2.1398,3.0057,2.5212,2.1152,4.5403,1.4627,1.6405,3.9246,0.6441,2.6154,3.8232,2.0297,1.766,3.5049,1.1062,2.3982,3.1802,0.17992,2.3,3.4366,1.7673,1.6791,3.4066,1.9403,2.7558,4.2138,1.7894,1.7128,3.4101,1.4486,1.6243,3.9477,0.38565,2.168,3.1435,2.0974,2.4027,4.4648,1.4664,1.6964,3.2058,0.8257,1.9362,2.7481,3.1302,2.8399,5.9581,2.0375,1.7938,3.508,1.0373,2.7243,2.9319,1.8328,2.5892,4.0443,0.66267,1.9233,2.8016,1.06,2.4212,3.1107,1.9192,1.9214,4.5319,1.7093,1.6376,3.898,0.51485,2.1975,3.7609,1.1804,2.5348,3.7529,0.93337,2.119,3.1917,2.6413,2.3471,4.4133,2.1379,2.2121,4.7626,1.5012,1.6753,3.9446,1.8983,1.927,4.5167,1.5126,2.2107,3.2575,0.75895,2.1524,3.086,2.4474,2.4192,4.3902,1.9088,2.5928,4.7869,1.8567,2.6042,4.7395,2.6249,2.3634,4.4216,1.2813,2.5353,3.8938,1.7335,2.2556,4.3553,1.9073,3.006,3.8343,0.59105,2.471,2.5553,1.5183,2.0898,4.643,2.0394,3.0205,3.9692,0.32873,2.4032,3.348,1.6615,1.5865,4.073,0.68449,2.0635,3.0448,2.2553,2.2606,4.67,0.74414,2.5654,3.1503,0.93903,2.13,3.1839,5.4158,2.8895,1.8283,2.0345,2.0228,4.6588,2.6139,2.3714,4.4163,2.5812,2.2929,5.0933,1.9793,2.6945,4.2739,1.0829,1.7789,4.0006,4.6452,2.9004,0.51171,0.84517,2.1305,3.0057,1.3095,2.0903,4.3298,1.0334,2.1107,3.4633,2.1606,2.6962,4.4052,1.726,1.5565,4.1348,1.2283,2.5361,3.1355,0.77956,2.4702,3.7401,2.075,1.8779,3.6842,1.5542,2.4628,3.4395,1.6059,2.566,3.6103,1.6257,1.6113,4.2475,1.952,2.718,4.4089,2.0121,2.719,4.4821,3.4671,2.7622,6.2187,1.7285,1.546,4.1296,1.7607,2.0022,3.4555,2.0551,2.9293,4.8626,1.2194,2.5418,3.1691,2.6042,2.4407,4.9421,1.0792,2.6166,4.0551,1.5588,2.4498,3.4519,1.1363,1.8423,4.068,1.6745,1.5652,4.0639,1.741,1.9988,3.4214,0.25865,2.9255,3.3156,2.9265,2.3013,4.6575,1.3062,1.9492,4.2178,1.314,2.6483,3.4491,1.4227,2.4582,3.3414,1.8704,1.9304,3.6662,1.9404,2.4444,4.0243,1.0501,2.2949,3.1602,2.5455,2.0079,5.148,1.2621,2.6545,3.385,1.3852,2.4831,3.2993,0.36588,2.9279,3.412,0.64291,1.8469,2.8113,1.6582,1.9918,4.4999,1.4643,1.8042,4.1414,5.382,2.8772,1.6965,0.81696,2.099,2.8186,1.0678,2.6427,4.0615,2.2244,2.5077,3.6112,2.5551,2.4146,4.8785,2.8717,2.6722,4.5764,2.119,2.5038,4.4742,2.356,2.1368,4.2436,0.75576,2.0555,3.2846,0.45394,2.4405,3.0154,0.59244,2.1423,3.7028,2.3678,2.4315,4.4673,0.8655,2.441,2.9665,1.2424,1.6033,4.2794,1.6746,2.0288,3.4219,6.097,2.6743,1.8424,3.3804,2.9209,0.10597,0.8428,2.4024,3.0183,1.6658,1.6259,4.0674,1.5082,1.8915,3.1737,0.77953,2.4369,2.922,2.1537,2.3354,4.8721,1.2009,2.5621,3.1456,1.0164,1.9582,3.5036,0.46108,1.975,3.2927,1.7234,2.0161,3.4074,2.3884,2.1227,4.2292,2.198,2.1484,5.0045,1.2663,1.6797,3.8367,0.69768,1.9779,2.7812,2.204,2.1637,5.0289,2.3647,2.2319,4.5427,1.576,2.4071,3.9676,4.3901,2.9206,0.31227,1.9555,2.4033,4.0146,0.81921,1.9494,4.121,1.2856,2.6181,4.2746,3.7077,2.8177,5.8895,1.5439,1.6407,3.2983,0.253,2.2994,3.3126,5.1066,2.9227,1.0557,0.66158,2.749,3.3732,1.3459,2.5262,3.0312,2.1534,2.102,4.929,1.4761,2.0476,4.3964,1.5277,1.6329,3.3066,1.4115,2.9155,3.3793,0.55666,2.4225,2.8646,0.88674,2.4457,3.0142,0.24011,2.6051,3.3412,1.6422,2.3053,4.1665,0.56492,2.4283,2.8232,1.0228,2.2485,3.606,1.3928,1.7788,4.2847,0.31526,2.323,3.3709,1.526,1.6034,3.2981,0.54408,2.4252,2.8554,3.2474,2.8611,6.1861,1.9492,2.567,4.0054,2.0262,2.196,4.6385,2.4597,2.7691,5.0784,1.9066,1.9154,3.8595,1.2928,1.7493,3.7116,2.1827,2.126,4.981,1.3763,2.6178,3.9455,1.0608,3.0683,2.8905,4.7561,2.937,0.46176,1.3444,2.7037,4.4072,1.915,1.921,3.8824,1.3112,2.6449,2.9395,0.57434,2.7451,3.2004,1.0083,2.8954,4.1951,0.71899,2.5319,2.6986,0.67881,2.0,2.9264,0.53671,2.4111,3.3836,1.5604,2.1742,4.2901,1.4358,2.7141,4.4784,0.55845,1.9863,3.0123,1.9956,1.8492,3.8018,1.189,1.7972,3.6841,2.2824,2.6731,4.7433,1.3603,1.6128,4.1255,1.3572,2.1533,3.1532,0.60785,2.0013,3.0276,0.51231,2.4319,2.637,1.6459,2.3296,4.1769,2.3068,2.6677,4.7998,0.58069,2.0087,2.9919,1.5775,1.6952,3.342,0.43856,3.054,2.322,0.65465,2.5406,2.65,3.0265,2.7471,6.0292,0.066999,2.8828,2.7464,4.6895,2.9396,0.39176,2.2778,2.3552,3.6266,1.202,3.0421,4.0214,1.3324,2.3626,3.4704,0.99821,3.0596,3.8188,2.3298,2.2303,3.7462,1.1844,1.777,3.6805,2.4366,2.3569,4.5862,2.5219,2.68,4.0565,1.3208,2.6747,4.3698,1.902,1.8726,3.8443,1.1979,2.7117,3.7173,2.3426,2.4471,4.9284,1.6116,2.5743,3.4199,2.1634,2.2221,4.1206,0.77266,1.9236,3.3391,2.2658,2.4099,3.672,2.272,2.3953,3.6477,2.2294,1.966,4.976,2.6105,2.277,4.7872,2.3371,2.2425,3.7649,1.3675,1.5938,3.8692,2.2987,2.681,4.7812,1.9026,1.8917,3.8532,0.77421,2.121,4.0504,1.5971,1.7738,4.2491,2.3203,2.6786,4.8167,1.447,2.3857,3.2621,6.0032,2.9034,2.3043,1.8453,1.7875,3.5183,1.8938,2.9467,4.1913,2.0825,1.9614,4.8408,1.1801,2.5845,4.3559,1.9433,2.1461,4.8727,1.6105,1.7208,3.961,1.6036,2.0289,3.3366,1.08,2.7017,3.6206,0.97949,2.793,3.8539,1.4446,2.4609,3.8794,1.1575,2.7276,3.6618,1.8186,1.6934,4.0762,0.93453,2.457,2.8162,1.9496,2.1106,4.4315,0.23628,2.7625,2.9956,1.0588,1.9399,4.2722,0.98525,2.3055,3.0856,1.6725,2.4007,4.5975,0.96475,2.0463,2.8665,0.72793,1.9729,2.7402,1.6,1.7106,3.9655,0.95108,2.4467,2.8458,1.3535,1.58,3.8439,2.7346,2.5745,4.6062,1.0818,2.1761,3.5973,1.1648,2.7409,3.6863,1.9767,1.9799,4.4954,1.048,1.9491,4.2611,1.8659,1.676,3.4647,1.6646,2.5278,4.0007,2.1335,2.5382,4.8902,2.113,2.3967,3.6616,1.2574,3.0432,3.475,1.4553,1.481,4.2056,0.643,2.988,3.6522,1.613,1.6867,4.2116,0.73399,1.9903,2.735,0.71737,2.1968,3.9661,2.6571,2.587,4.521,2.0225,2.1012,3.4126,1.4242,2.8454,3.5642,1.0694,2.2571,3.5855,2.5541,2.0362,4.5263,1.4725,1.7205,4.4226,1.5667,2.5769,3.5973,2.0564,2.3467,4.103,2.653,2.3443,4.9391,0.513,2.5228,3.035
980.52,0.14012,100.91,11.191,0.11535,427.59,1.4728,1.8149,4.1242,1.2695,2.2436,4.2411,1.1761,1.953,4.2485,2.4517,2.6356,4.2823,0.85978,2.0244,4.2796,1.5156,2.553,3.8962,3.1762,2.8349,6.0299,1.1614,1.9564,4.243,1.7392,1.6408,4.224,1.3016,2.2291,4.2953,0.83229,2.0587,4.2103,2.9726,2.8314,4.556,5.552,2.7098,1.2903,1.324,2.7236,3.7092,0.90371,2.1391,3.0039,2.5252,2.1206,4.549,1.4614,1.6382,3.926,0.64247,2.6189,3.8175,2.0319,1.7661,3.5076,1.1051,2.3955,3.1854,0.17206,2.3012,3.4256,1.7659,1.6789,3.4082,1.9286,2.7498,4.1997,1.79,1.7151,3.4114,1.4472,1.6207,3.95,0.38571,2.1699,3.1401,2.101,2.4046,4.469,1.4655,1.6981,3.2062,0.82542,1.9393,2.7477,3.1409,2.8395,5.9704,2.0409,1.7954,3.5109,1.0407,2.7248,2.937,1.8343,2.5897,4.0481,0.66512,1.9268,2.8026,1.0587,2.4192,3.1147,1.9211,1.9216,4.5353,1.7114,1.6342,3.8992,0.51563,2.1967,3.7628,1.1812,2.541,3.7531,0.92813,2.1225,3.1862,2.6492,2.3504,4.4228,2.1437,2.2161,4.7691,1.5034,1.6762,3.9471,1.8995,1.9281,4.519,1.5145,2.2126,3.2565,0.75278,2.1583,3.0769,2.4502,2.4229,4.3968,1.9061,2.5929,4.7776,1.8512,2.6046,4.7285,2.6334,2.3686,4.4347,1.2808,2.5387,3.89,1.7383,2.2582,4.3606,1.9006,3.0014,3.8264,0.59771,2.4716,2.5613,1.5147,2.0932,4.6436,2.0387,3.0165,3.9672,0.32438,2.4046,3.3424,1.6617,1.5844,4.0721,0.68223,2.0662,3.0407,2.2558,2.2619,4.6711,0.75055,2.5613,3.1608,0.93394,2.1342,3.1775,0.079321,2.8889,1.8173,2.0394,2.0268,4.6657,2.6215,2.3772,4.4287,2.5749,2.2891,5.0851,1.9704,2.6831,4.2647,1.083,1.7736,4.0047,4.6462,2.8918,0.51135,0.84198,2.1313,3.0024,1.3102,2.0898,4.3349,1.0312,2.1134,3.4602,2.1513,2.6915,4.3943,1.7284,1.5533,4.133,1.2344,2.5347,3.1395,0.7817,2.4736,3.7372,2.0768,1.8741,3.6802,1.5507,2.4651,3.4376,1.6033,2.5685,3.6132,1.623,1.6075,4.247,1.9418,2.7094,4.3969,2.0061,2.7111,4.476,3.4772,2.76,6.2277,1.731,1.5423,4.1274,1.7663,2.0021,3.4567,2.0516,2.929,4.8598,1.2243,2.541,3.1756,2.6018,2.4404,4.9384,1.0824,2.6177,4.0528,1.5557,2.4512,3.4513,1.1322,1.8436,4.0665,1.6759,1.5614,4.0625,1.7446,1.9981,3.4196,0.25741,2.9236,3.3149,2.9308,2.3007,4.6639,1.3051,1.9492,4.219,1.3178,2.646,3.4575,1.4196,2.4588,3.342,1.8733,1.926,3.662,1.9401,2.4523,4.028,1.0464,2.2959,3.1583,2.5459,2.0055,5.1486,1.2639,2.6527,3.3911,1.3791,2.4848,3.2964,0.37213,2.926,3.418,0.63984,1.85,2.8027,1.6532,1.9897,4.5047,1.4643,1.8002,4.1426,5.3681,2.8746,1.6825,0.81611,2.0977,2.8204,1.0704,2.6461,4.06,2.23,2.5043,3.6118,2.5477,2.4112,4.8683,2.8796,2.6691,4.5829,2.1169,2.5027,4.4708,2.3573,2.1411,4.2493,0.7529,2.0622,3.2764,0.46545,2.4377,3.0278,0.59164,2.1422,3.702,2.3656,2.4269,4.47,0.87619,2.4384,2.9772,1.2406,1.6055,4.2779,1.6718,2.0302,3.4193,6.0812,2.672,1.8253,3.3934,2.9189,0.12019,0.84697,2.398,3.0281,1.6661,1.6246,4.0658,1.5095,1.8936,3.173,0.78098,2.4351,2.9261,2.1527,2.3336,4.865,1.2051,2.5622,3.1514,1.0176,1.9575,3.5036,0.45393,1.9751,3.2968,1.7254,2.0156,3.4036,2.3891,2.1269,4.2328,2.2025,2.1472,5.0058,1.2638,1.6746,3.839,0.6989,1.9779,2.7834,2.2088,2.1638,5.032,2.3687,2.2357,4.5499,1.5766,2.4148,3.9677,4.4001,2.9134,0.32218,1.9559,2.4095,4.0167,0.81743,1.9489,4.1202,1.2955,2.6219,4.2794,3.7224,2.8144,0.59047,1.5454,1.6436,3.2994,0.24761,2.2992,3.3047,5.1053,2.9164,1.056,0.66845,2.7456,3.3809,1.3513,2.5275,3.0343,2.1557,2.0982,4.9264,1.4749,2.0426,4.4003,1.5279,1.6334,3.3081,1.4139,2.9144,3.3797,0.56585,2.42,2.8775,0.88514,2.4444,3.017,0.2408,2.6041,3.34,1.6454,2.3099,4.1706,0.57419,2.427,2.8321,1.02,2.2558,3.6005,1.3928,1.7767,4.2835,0.31507,2.3243,3.369,1.5259,1.602,3.2992,0.55193,2.4232,2.8668,3.2652,2.8598,6.2055,1.9448,2.5651,4.004,2.0309,2.1968,4.6423,2.4428,2.7678,5.0593,1.9078,1.9103,3.8555,1.2924,1.7439,3.7135,2.186,2.1233,4.9809,1.3745,2.6144,3.9405,1.0533,3.0673,2.8821,4.7608,2.9325,0.46555,1.3515,2.7047,4.413,1.9163,1.918,3.8826,1.3166,2.6458,2.946,0.58843,2.7424,3.217,1.0157,2.8943,4.2019,0.73098,2.533,2.7082,0.67809,2.0052,2.9226,0.53663,2.4117,3.381,1.56,2.1729,4.2951,1.4499,2.7154,4.4896,0.5526,1.9887,3.0036,1.9969,1.8455,3.8008,1.1883,1.7927,3.6875,2.2714,2.6691,4.7278,1.3583,1.6185,4.1213,1.3541,2.1525,3.1514,0.60546,2.0053,3.0209,0.5165,2.4304,2.6429,1.6503,2.337,4.1815,2.296,2.6631,4.7862,0.57579,2.0126,2.982,1.5787,1.694,3.3433,0.42848,3.0549,2.3092,0.65969,2.5429,2.6537,3.0378,2.7464,6.0422,0.083073,2.8837,2.7651,4.6924,2.935,0.39385,2.274,2.3506,3.6175,1.2147,3.0379,4.0369,1.3233,2.3702,3.4629,1.0074,3.0578,3.8313,2.3271,2.2301,3.7415,1.1834,1.7704,3.6841,2.4372,2.3582,4.5878,2.5163,2.6833,4.0582,1.3254,2.6742,4.3717,1.9028,1.8652,3.84,1.2019,2.7058,3.7207,2.3358,2.4441,4.9163,1.6116,2.5709,3.4297,2.1633,2.2259,4.1231,0.77085,1.9262,3.3355,2.2597,2.4103,3.6656,2.2659,2.3941,3.6389,2.2336,1.97,4.9811,2.6076,2.2759,4.7867,2.3347,2.2437,3.7619,1.3663,1.5945,3.8719,2.2865,2.6772,4.7657,1.9038,1.8862,3.8493,0.77418,2.119,4.0577,1.5965,1.7694,4.2483,2.3107,2.6751,4.8048,1.447,2.3859,3.2621,6.0092,2.9051,2.312,1.8451,1.7867,3.5216,1.8879,2.9399,4.1832,2.0885,1.9623,4.8473,1.186,2.5852,4.3627,1.9486,2.1466,4.874,1.6103,1.7147,3.9608,1.6038,2.0314,3.3328,1.083,2.6972,3.6226,0.98274,2.7906,3.8547,1.4496,2.4657,3.8829,1.1591,2.7229,3.6614,1.8168,1.6856,4.0751,0.93626,2.4569,2.8197,1.9541,2.1153,4.4366,0.25047,2.7586,3.009,1.0561,1.9384,4.2728,0.98691,2.3039,3.0902,1.6764,2.402,4.5989,0.96296,2.0438,2.8677,0.72697,1.9714,2.7401,1.5989,1.704,3.9654,0.95359,2.4458,2.8518,1.3509,1.5788,3.8448,2.7333,2.5737,4.6062,1.0812,2.1806,3.5938,1.1679,2.7364,3.6886,1.9767,1.9799,4.4976,1.0452,1.9479,4.2613,1.8673,1.6778,3.4662,1.6647,2.5309,4.0007,2.1349,2.537,4.8871,2.109,2.3986,3.6569,1.2671,3.0401,3.4836,1.4562,1.483,4.2032,0.64135,2.9873,3.6517,1.6126,1.6814,4.2102,0.73333,1.9896,2.7347,0.71976,2.1974,3.968,2.6546,2.5857,4.5204,2.0259,2.0991,3.4115,1.428,2.8386,3.5677,1.0672,2.2639,3.58,2.5568,2.04,4.5325,1.4708,1.7192,4.4232,1.5642,2.5756,3.6001,2.0564,2.3515,4.1063,2.6495,2.3424,4.9347,0.51859,2.5227,3.041
980.52,0.14012,100.91,11.191,0.12422,437.8,1.4695,1.812,4.1215,1.2703,2.2446,4.2437,1.1718,1.9501,4.2484,2.4489,2.634,4.2821,0.8596,2.0227,4.2832,1.5155,2.557,3.8963,3.1888,2.8339,6.0454,1.1567,1.9534,4.2437,1.7388,1.6349,4.2217,1.3029,2.2291,4.3008,0.83058,2.0584,4.2103,2.978,2.8311,4.5594,5.5416,2.7036,1.2787,1.3277,2.716,3.7126,0.89963,2.1385,3.0021,2.5295,2.1258,4.5578,1.4601,1.636,3.9273,0.64072,2.6223,3.8117,2.0342,1.766,3.5102,1.1034,2.393,3.1901,0.16414,2.3022,3.4144,1.7644,1.6785,3.4098,1.9177,2.7439,4.1864,1.7904,1.7173,3.4128,1.4459,1.6173,3.9522,0.38583,2.1718,3.1369,2.1042,2.4063,4.4729,1.4646,1.6997,3.2065,0.82511,1.9422,2.7475,3.1518,2.8391,5.9826,2.0443,1.797,3.5139,1.044,2.7252,2.942,1.8359,2.5902,4.052,0.66753,1.9303,2.8036,1.0573,2.4171,3.1186,1.9231,1.9217,4.5387,1.7136,1.631,3.9002,0.51654,2.1961,3.765,1.1821,2.5469,3.7538,0.92303,2.1259,3.181,2.6569,2.3535,4.4323,2.1494,2.22,4.7756,1.5057,1.677,3.9495,1.9007,1.9291,4.5213,1.5163,2.2146,3.2556,0.74661,2.1639,3.0679,2.453,2.4265,4.4033,1.9035,2.593,4.7682,1.846,2.605,4.7177,2.6418,2.3736,4.448,1.2804,2.5419,3.8862,1.7433,2.2608,4.3658,1.8941,2.9969,3.8189,0.60424,2.472,2.5674,1.5111,2.0968,4.6439,2.0381,3.0124,3.9652,0.32015,2.4058,3.3372,1.6618,1.5824,4.0714,0.68,2.0688,3.0366,2.2562,2.2628,4.6718,0.7565,2.5572,3.1709,0.92902,2.1382,3.1712,6.2668,2.8883,1.8065,2.0445,2.0309,4.6728,2.6291,2.3826,4.4411,2.5688,2.2854,5.0772,1.9621,2.6718,4.2561,1.0831,1.7684,4.0087,4.6474,2.8832,0.5112,0.83888,2.1321,2.9993,1.311,2.0894,4.3399,1.0288,2.116,3.4571,2.1423,2.6869,4.3838,1.7309,1.5503,4.1314,1.2404,2.5333,3.1434,0.7838,2.4769,3.7342,2.0786,1.8705,3.6764,1.5471,2.4675,3.4358,1.6009,2.5708,3.6164,1.6203,1.6042,4.2466,1.9321,2.7009,4.3853,2.0006,2.7033,4.4701,3.4872,2.7577,6.2368,1.7335,1.5387,4.125,1.772,2.0019,3.4578,2.0482,2.9288,4.8571,1.229,2.5404,3.1819,2.5994,2.4401,4.9349,1.0855,2.6186,4.0503,1.5527,2.4526,3.4509,1.128,1.8446,4.0651,1.6773,1.5579,4.061,1.7484,1.9975,3.418,0.25632,2.9216,3.3144,2.935,2.3,4.6702,1.3041,1.9493,4.2203,1.3214,2.6437,3.4656,1.4166,2.4593,3.3426,1.8761,1.9217,3.6579,1.94,2.4599,4.0319,1.0428,2.2967,3.1564,2.5462,2.0031,5.149,1.2657,2.6508,3.3974,1.373,2.4865,3.2937,0.37818,2.9239,3.4239,0.63687,1.8528,2.7945,1.6482,1.9877,4.5089,1.4642,1.7961,4.1438,5.3543,2.872,1.6686,0.81521,2.0968,2.8221,1.0728,2.6493,4.0584,2.2351,2.5014,3.6124,2.5405,2.4079,4.8583,2.8876,2.666,4.5895,2.115,2.502,4.4678,2.3584,2.1454,4.255,0.74976,2.069,3.2678,0.47691,2.4348,3.0401,0.5909,2.1421,3.7014,2.364,2.4229,4.473,0.88691,2.4358,2.9879,1.2386,1.608,4.276,1.669,2.0315,3.4166,6.0655,2.6696,1.8084,3.4058,2.9167,0.13383,0.85034,2.3938,3.0369,1.6664,1.6231,4.0643,1.5109,1.8958,3.1726,0.78213,2.4334,2.9299,2.1519,2.3318,4.8581,1.2092,2.5623,3.157,1.0187,1.9567,3.5036,0.44668,1.9753,3.3009,1.7275,2.015,3.3999,2.3898,2.1313,4.2368,2.2069,2.1461,5.0069,1.2612,1.6699,3.8412,0.70009,1.9779,2.7855,2.2135,2.1639,5.035,2.3728,2.2393,4.5569,1.5771,2.4223,3.9677,4.4097,2.9064,0.3318,1.9563,2.4158,4.019,0.81567,1.9485,4.1194,1.3054,2.6257,4.2841,3.7368,2.8112,0.002929,1.547,1.6467,3.3004,0.24241,2.2989,3.297,5.1044,2.9099,1.0565,0.67492,2.7422,3.388,1.3564,2.5289,3.0371,2.1583,2.0947,4.924,1.4737,2.0376,4.4041,1.528,1.6337,3.3098,1.4161,2.9135,3.3799,0.57488,2.4174,2.8901,0.88363,2.4432,3.0199,0.24133,2.6031,3.3387,1.6486,2.3145,4.1749,0.58332,2.4256,2.841,1.017,2.2631,3.5949,1.3928,1.7745,4.2822,0.31493,2.3256,3.3671,1.5258,1.6007,3.3003,0.55963,2.4211,2.878,3.2824,2.8583,6.2242,1.9405,2.5631,4.0026,2.0356,2.1974,4.6461,2.4258,2.7665,5.04,1.909,1.9051,3.8515,1.2922,1.7386,3.7155,2.1892,2.1205,4.9808,1.3727,2.6112,3.9356,1.0455,3.0665,2.8734,4.7653,2.928,0.46931,1.3585,2.7054,4.4184,1.9176,1.915,3.8829,1.3218,2.6467,2.9526,0.60181,2.7397,3.2327,1.023,2.8933,4.2087,0.74274,2.5342,2.7176,0.67751,2.0101,2.9191,0.53669,2.4122,3.3787,1.5597,2.1713,4.3,1.4639,2.7165,4.5007,0.54683,1.9911,2.9948,1.9981,1.8419,3.8,1.1878,1.7881,3.691,2.2613,2.6651,4.7134,1.3561,1.6238,4.117,1.3511,2.1518,3.1497,0.60306,2.0094,3.0141,0.52067,2.4288,2.6489,1.655,2.3446,4.1861,2.2857,2.6585,4.773,0.571,2.0164,2.9724,1.5797,1.6928,3.3446,0.41773,3.0557,2.2958,0.66443,2.5453,2.6572,3.0493,2.7455,6.0553,0.099279,2.8845,2.7839,4.6954,2.9305,0.39637,2.2704,2.346,3.6086,1.2259,3.0336,4.0508,1.3143,2.3774,3.4557,1.0159,3.056,3.8429,2.3244,2.2299,3.7369,1.1825,1.7638,3.6877,2.4377,2.3596,4.5893,2.5105,2.6863,4.0598,1.33,2.6739,4.3736,1.9036,1.8578,3.8359,1.2059,2.7001,3.724,2.3294,2.4412,4.9047,1.6113,2.5678,3.4391,2.1632,2.2298,4.1258,0.76895,1.9288,3.3316,2.2536,2.4107,3.6591,2.2599,2.3929,3.6301,2.2377,1.9738,4.9857,2.6047,2.2749,4.7863,2.3323,2.2447,3.759,1.3652,1.5951,3.8744,2.2746,2.6732,4.7504,1.9049,1.8809,3.8453,0.77419,2.117,4.0649,1.596,1.765,4.2475,2.3014,2.6715,4.7932,1.447,2.3863,3.2621,6.015,2.9068,2.3197,1.8451,1.786,3.5247,1.8823,2.9331,4.1754,2.0945,1.9631,4.8538,1.1917,2.5859,4.3694,1.9539,2.1471,4.8753,1.6101,1.7088,3.9605,1.6042,2.034,3.3291,1.0857,2.6928,3.6243,0.98573,2.7883,3.8552,1.4544,2.4701,3.8864,1.1607,2.7184,3.6609,1.815,1.6782,4.0741,0.93792,2.4569,2.823,1.9588,2.1199,4.4417,0.26453,2.7546,3.0225,1.0533,1.9369,4.2733,0.98835,2.3024,3.0945,1.6805,2.4033,4.6005,0.96113,2.0414,2.8688,0.72603,1.97,2.7399,1.598,1.6976,3.9653,0.95597,2.4451,2.8576,1.3483,1.5776,3.8457,2.7324,2.5731,4.6065,1.0805,2.1852,3.5902,1.1709,2.7321,3.6909,1.9767,1.9799,4.4999,1.0424,1.9469,4.2616,1.8687,1.6795,3.4677,1.6647,2.5339,4.0007,2.1363,2.536,4.8841,2.1049,2.4006,3.652,1.2771,3.0371,3.4924,1.457,1.4852,4.2008,0.6393,2.9866,3.6508,1.6123,1.6764,4.2088,0.73268,1.9889,2.7345,0.72212,2.1979,3.9699,2.6522,2.5844,4.52,2.0293,2.0969,3.4107,1.4319,2.8319,3.5712,1.0649,2.2707,3.5744,2.5596,2.0439,4.539,1.469,1.718,4.4237,1.5618,2.5744,3.603,2.0565,2.3564,4.1096,2.6462,2.3405,4.9304,0.5241,2.5226,3.0469
980.52,0.14012,100.91,11.191,0.1331,447.93,1.4662,1.8091,4.119,1.2713,2.2455,4.2464,1.1676,1.9472,4.2482,2.4462,2.6323,4.282,0.85939,2.021,4.2867,1.5152,2.5609,3.8964,3.2013,2.8326,6.0608,1.1521,1.9504,4.2444,1.7385,1.6291,4.2195,1.3041,2.2291,4.3064,0.82892,2.0581,4.2104,2.9833,2.8307,4.5628,5.5314,2.6973,1.2676,1.3308,2.7089,3.7156,0.89555,2.1379,3.0001,2.5338,2.1311,4.5667,1.4587,1.634,3.9287,0.63884,2.6257,3.8058,2.0366,1.766,3.5128,1.1013,2.3909,3.1941,0.15619,2.3033,3.4031,1.7628,1.678,3.4115,1.9077,2.7384,4.1742,1.791,1.7193,3.4143,1.4446,1.614,3.9541,0.38606,2.1735,3.1339,2.1073,2.4079,4.4766,1.4636,1.7014,3.2068,0.82474,1.9447,2.7472,3.1627,2.8386,5.995,2.0478,1.7986,3.517,1.0475,2.7258,2.9471,1.8375,2.5908,4.0559,0.66988,1.9336,2.8048,1.0557,2.4152,3.1224,1.925,1.9218,4.5421,1.7155,1.6281,3.9014,0.51756,2.1952,3.7672,1.1833,2.5524,3.7548,0.91807,2.129,3.1759,2.6645,2.3565,4.4414,2.1551,2.2237,4.782,1.5079,1.6779,3.9518,1.9021,1.9302,4.5236,1.5183,2.2164,3.2547,0.7405,2.1694,3.0591,2.4557,2.4299,4.4096,1.9009,2.5932,4.7589,1.841,2.6053,4.7071,2.6505,2.3784,4.4613,1.2799,2.5449,3.8825,1.7485,2.2634,4.371,1.8881,2.9925,3.8119,0.61061,2.4726,2.5732,1.5074,2.1003,4.644,2.0375,3.0083,3.9635,0.31601,2.4069,3.332,1.662,1.5805,4.0705,0.6778,2.0713,3.0326,2.2565,2.2639,4.6724,0.76197,2.5531,3.1805,0.92431,2.142,3.1652,6.2595,2.8876,1.7964,2.05,2.035,4.68,2.6368,2.3879,4.4535,2.5632,2.2817,5.0694,1.9545,2.6607,4.2482,1.0832,1.7632,4.0127,4.6487,2.8746,0.51125,0.83586,2.1328,2.9963,1.3119,2.089,4.3448,1.0265,2.1187,3.454,2.1337,2.6822,4.3738,1.7332,1.5472,4.1297,1.2461,2.5319,3.1469,0.78588,2.4802,3.7313,2.0806,1.867,3.6727,1.5436,2.4697,3.4341,1.5989,2.573,3.6197,1.6176,1.6013,4.246,1.923,2.6923,4.3742,1.9954,2.6956,4.4645,3.4972,2.7553,6.2459,1.736,1.5353,4.1226,1.7776,2.0017,3.4591,2.0449,2.9285,4.8543,1.2336,2.5398,3.1877,2.5972,2.4398,4.9315,1.0883,2.6195,4.0478,1.5499,2.454,3.4505,1.1238,1.8454,4.0639,1.679,1.5546,4.0594,1.7523,1.9967,3.4164,0.25541,2.9198,3.314,2.939,2.2991,4.6761,1.303,1.9493,4.2215,1.3249,2.6416,3.4735,1.4137,2.4599,3.3433,1.879,1.9175,3.6539,1.94,2.4671,4.036,1.0393,2.2976,3.1547,2.5465,2.0008,5.1493,1.2675,2.6491,3.4034,1.3671,2.4882,3.291,0.3841,2.922,3.4296,0.63404,1.8554,2.7866,1.643,1.9858,4.5126,1.4642,1.7921,4.1449,5.3408,2.8694,1.6548,0.81429,2.0957,2.8238,1.075,2.6525,4.0565,2.2402,2.4987,3.6131,2.5335,2.4045,4.8484,2.8957,2.6628,4.5962,2.1132,2.5012,4.465,2.3597,2.1498,4.2608,0.7464,2.0757,3.259,0.48826,2.4321,3.0525,0.59023,2.142,3.7007,2.3629,2.4196,4.4762,0.89758,2.4332,2.9986,1.2367,1.6106,4.2741,1.6663,2.0327,3.414,6.0502,2.6671,1.7919,3.4176,2.9146,0.14681,0.85298,2.3899,3.0448,1.6667,1.6217,4.0627,1.5123,1.8978,3.1721,0.78301,2.4318,2.9333,2.1511,2.33,4.8514,1.2132,2.5625,3.1625,1.0198,1.9559,3.5037,0.4395,1.9756,3.305,1.7294,2.0143,3.3961,2.3908,2.1357,4.2408,2.2113,2.1447,5.008,1.2586,1.6654,3.843,0.70123,1.9779,2.7875,2.218,2.1638,5.0377,2.3768,2.2428,4.5639,1.5776,2.4294,3.9678,4.4187,2.8995,0.34116,1.9569,2.4221,4.0213,0.81396,1.9482,4.1185,1.3152,2.6294,4.2886,3.751,2.808,0.027006,1.5487,1.6499,3.3015,0.23743,2.2986,3.2895,5.1035,2.9034,1.0575,0.68095,2.7389,3.3945,1.3613,2.5303,3.0396,2.161,2.0914,4.9221,1.4723,2.0326,4.4078,1.5281,1.634,3.3114,1.418,2.9126,3.3799,0.58367,2.415,2.9026,0.88219,2.4419,3.0228,0.24172,2.602,3.3371,1.652,2.3193,4.1792,0.59225,2.4242,2.8498,1.0139,2.2703,3.5892,1.3928,1.7726,4.2807,0.31487,2.3268,3.3654,1.5257,1.5993,3.3014,0.56712,2.4193,2.8889,3.2989,2.8568,6.2108,1.9362,2.5613,4.0012,2.0403,2.198,4.6498,2.409,2.765,5.0206,1.9101,1.8997,3.8476,1.2919,1.7333,3.7173,2.1924,2.1178,4.9807,1.3709,2.6079,3.9307,1.0374,3.0656,2.8643,4.7697,2.9234,0.47304,1.3651,2.7062,4.4236,1.919,1.9121,3.8833,1.327,2.6477,2.959,0.61445,2.7372,3.2476,1.0303,2.8921,4.2155,0.75419,2.5355,2.7267,0.67706,2.015,2.9159,0.53688,2.4126,3.3765,1.5595,2.1697,4.3049,1.4775,2.7176,4.5114,0.54118,1.9933,2.9861,1.9993,1.8384,3.7991,1.1871,1.7835,3.6946,2.2521,2.6613,4.7,1.3539,1.629,4.1128,1.3481,2.151,3.148,0.60067,2.0133,3.0076,0.52483,2.4271,2.6548,1.6598,2.3522,4.1906,2.2759,2.6539,4.7603,0.56635,2.0198,2.9633,1.5808,1.6916,3.346,0.40637,3.0566,2.2818,0.66884,2.5478,2.6602,3.0609,2.7445,6.0685,0.11551,2.8853,2.8028,4.6987,2.9261,0.39926,2.2671,2.3414,3.6,1.2357,3.0293,4.0632,1.3056,2.384,3.4488,1.0234,3.0543,3.8536,2.3217,2.2296,3.7323,1.1813,1.7572,3.6914,2.4382,2.3609,4.5907,2.5048,2.689,4.0613,1.3344,2.6735,4.3753,1.9045,1.8505,3.832,1.2097,2.6946,3.727,2.3237,2.4386,4.8936,1.6108,2.5649,3.4482,2.1632,2.2338,4.1285,0.76697,1.9315,3.3277,2.2477,2.4111,3.6528,2.2539,2.3916,3.6213,2.2418,1.9771,4.99,2.6018,2.2738,4.7858,2.33,2.2459,3.7562,1.3641,1.596,3.8766,2.263,2.6692,4.7354,1.9061,1.8757,3.8415,0.77426,2.115,4.072,1.5955,1.7607,4.2466,2.2924,2.668,4.782,1.447,2.3866,3.2622,6.0208,2.9085,2.3274,1.8451,1.7852,3.5278,1.877,2.9263,4.1678,2.1004,1.964,4.8599,1.1971,2.5866,4.3759,1.9591,2.1478,4.8768,1.6099,1.7032,3.9602,1.6047,2.0366,3.3256,1.0881,2.6887,3.6258,0.98852,2.7861,3.8555,1.4592,2.4744,3.89,1.1621,2.7142,3.6602,1.813,1.671,4.0731,0.93952,2.457,2.8263,1.9636,2.1247,4.447,0.27844,2.7505,3.0356,1.0506,1.9353,4.2738,0.9896,2.301,3.0985,1.6847,2.4046,4.6021,0.95928,2.0392,2.8697,0.72512,1.9687,2.7397,1.597,1.6916,3.9652,0.95823,2.4443,2.8633,1.3457,1.5763,3.8467,2.7315,2.5724,4.6069,1.0798,2.1899,3.5865,1.1738,2.7278,3.693,1.9768,1.9799,4.5022,1.0397,1.9458,4.2618,1.8702,1.6812,3.4693,1.6648,2.5367,4.0007,2.1379,2.5349,4.8811,2.1009,2.4025,3.6471,1.2873,3.0339,3.5015,1.4578,1.4873,4.1985,0.63687,2.986,3.6495,1.6121,1.6713,4.2074,0.73207,1.9881,2.7343,0.72448,2.1985,3.9717,2.6499,2.5831,4.5197,2.0328,2.0948,3.4099,1.4357,2.8254,3.5748,1.0624,2.2776,3.5686,2.5624,2.0479,4.5456,1.4672,1.7167,4.4243,1.5597,2.5732,3.6061,2.0567,2.3613,4.113,2.6431,2.3387,4.9263,0.52951,2.5226,3.0525
980.52,0.14012,100.91,11.191,0.14197,457.56,1.463,1.806,4.1167,1.2724,2.2464,4.2493,1.1635,1.9444,4.2478,2.4436,2.6307,4.2821,0.85913,2.0196,4.29,1.5151,2.5648,3.8966,3.2136,2.8312,6.0759,1.1476,1.9474,4.2451,1.7381,1.6233,4.2173,1.3053,2.229,4.3119,0.82733,2.0579,4.2106,2.9883,2.8303,4.566,5.5216,2.691,1.2569,1.3335,2.7023,3.7181,0.8915,2.1371,2.9982,2.5381,2.1362,4.5755,1.4572,1.632,3.93,0.63691,2.6291,3.7996,2.0388,1.7659,3.5154,1.0989,2.3888,3.1977,0.1482,2.3042,3.3918,1.7614,1.6776,3.4132,1.8985,2.7331,4.1629,1.7915,1.7213,3.4156,1.4433,1.6108,3.956,0.38632,2.1751,3.1309,2.1103,2.4093,4.4799,1.4627,1.703,3.207,0.82431,1.9471,2.747,3.1738,2.8381,6.0074,2.0516,1.7999,3.5202,1.0508,2.7264,2.9521,1.8393,2.5914,4.0598,0.67217,1.9369,2.806,1.0543,2.4133,3.126,1.927,1.9218,4.5456,1.7176,1.6252,3.9026,0.51873,2.1943,3.7695,1.1847,2.5576,3.7561,0.91324,2.1321,3.1709,2.6721,2.3593,4.4504,2.1608,2.2275,4.7885,1.5101,1.6789,3.9541,1.9036,1.9313,4.526,1.5201,2.218,3.2536,0.73445,2.1748,3.0505,2.4585,2.4333,4.4161,1.8984,2.5935,4.7495,1.836,2.6057,4.6967,2.6594,2.3831,4.475,1.2795,2.5479,3.8789,1.7537,2.2661,4.3763,1.8823,2.9881,3.8051,0.61672,2.4731,2.5789,1.5035,2.1039,4.6438,2.0371,3.0041,3.9619,0.312,2.4078,3.327,1.6622,1.5787,4.0696,0.67564,2.0736,3.0288,2.2567,2.2649,4.6728,0.76715,2.5491,3.19,0.91978,2.1455,3.1596,6.2522,2.8868,1.7867,2.0555,2.0391,4.6872,2.6445,2.3929,4.4659,2.5578,2.2781,5.062,1.9475,2.6499,4.241,1.0832,1.7582,4.0167,4.65,2.8663,0.51159,0.83298,2.1335,2.9937,1.3129,2.0886,4.3496,1.0242,2.1214,3.4509,2.1254,2.6777,4.3643,1.7356,1.5441,4.128,1.2517,2.5307,3.1502,0.78796,2.4833,3.7285,2.0825,1.8635,3.6689,1.5402,2.4721,3.4325,1.5971,2.5751,3.6233,1.6149,1.5984,4.2456,1.9143,2.6839,4.3636,1.9904,2.688,4.4594,3.5072,2.7528,6.2544,1.7385,1.5318,4.1204,1.7834,2.0015,3.4605,2.0416,2.9282,4.8515,1.2379,2.5393,3.1934,2.595,2.4395,4.928,1.0911,2.6204,4.0452,1.547,2.4554,3.4501,1.1197,1.8459,4.0627,1.6805,1.5514,4.0581,1.7561,1.9959,3.415,0.25468,2.9178,3.3137,2.9429,2.2981,4.6817,1.3019,1.9493,4.2229,1.3282,2.6395,3.4811,1.4108,2.4606,3.344,1.8819,1.9133,3.6501,1.9401,2.4741,4.0401,1.0359,2.2983,3.153,2.5467,1.9986,5.1497,1.2695,2.6473,3.4096,1.3612,2.4897,3.2884,0.38989,2.9198,3.4352,0.63131,1.8579,2.7789,1.6379,1.984,4.5159,1.4642,1.7883,4.1461,5.3276,2.8667,1.6414,0.81333,2.0949,2.8252,1.0771,2.6556,4.0547,2.2455,2.496,3.6143,2.5266,2.401,4.8389,2.904,2.6597,4.603,2.1116,2.5007,4.4623,2.361,2.1543,4.2668,0.74263,2.0823,3.2498,0.49951,2.4294,3.0646,0.58963,2.1419,3.7002,2.3625,2.417,4.4798,0.90833,2.4305,3.0093,1.2347,1.6135,4.2719,1.6635,2.0338,3.4113,6.0352,2.6644,1.7759,3.4291,2.9124,0.15933,0.855,2.3863,3.052,1.667,1.6201,4.0613,1.5136,1.9,3.1717,0.78366,2.4304,2.9364,2.1506,2.3282,4.8449,1.2171,2.5627,3.1677,1.0209,1.955,3.5037,0.43222,1.9763,3.3093,1.7314,2.0134,3.3925,2.3918,2.1401,4.245,2.2156,2.1434,5.0088,1.256,1.6612,3.8447,0.70233,1.9779,2.7896,2.2226,2.1636,5.0404,2.3807,2.2463,4.5707,1.578,2.4364,3.9677,4.4276,2.8927,0.35028,1.9574,2.4285,4.0236,0.81227,1.948,4.1174,1.3248,2.6331,4.293,3.7649,2.8049,0.047551,1.5504,1.6531,3.3026,0.23257,2.2982,3.282,5.1029,2.8969,1.0585,0.68658,2.7357,3.4007,1.3659,2.5317,3.0418,2.1639,2.0881,4.9202,1.4707,2.0275,4.4116,1.5283,1.6344,3.313,1.4201,2.9118,3.3799,0.5924,2.4125,2.9149,0.88076,2.4406,3.0258,0.24191,2.601,3.3353,1.6554,2.324,4.1835,0.60097,2.4229,2.8584,1.0106,2.2777,3.5834,1.3928,1.7706,4.2793,0.31482,2.3279,3.3638,1.5255,1.5979,3.3025,0.57445,2.4174,2.8996,3.315,2.8551,0.10919,1.9322,2.5597,4.0002,2.0449,2.1987,4.6534,2.3924,2.7634,5.0014,1.9113,1.8943,3.8437,1.2915,1.7281,3.7192,2.1955,2.1152,4.9805,1.3693,2.6048,3.926,1.029,3.0649,2.8551,4.774,2.919,0.47672,1.3719,2.7068,4.4289,1.9203,1.9091,3.8837,1.3322,2.6486,2.9654,0.62638,2.7346,3.2618,1.0376,2.8908,4.2223,0.76529,2.5368,2.7355,0.67669,2.0198,2.913,0.53735,2.413,3.3746,1.5592,2.168,4.3098,1.4908,2.7185,4.5218,0.53562,1.9956,2.9775,2.0006,1.835,3.7984,1.1864,1.7789,3.6981,2.2437,2.6578,4.6875,1.3517,1.6339,4.1085,1.345,2.1501,3.1463,0.59827,2.0171,3.0011,0.5289,2.4256,2.6605,1.6646,2.3597,4.1952,2.2664,2.6494,4.7482,0.56182,2.0231,2.9544,1.5819,1.6906,3.3475,0.39415,3.0575,2.2671,0.67296,2.5504,2.663,3.0727,2.7433,6.0819,0.13154,2.8858,2.8213,4.702,2.9219,0.40236,2.264,2.3368,3.5916,1.244,3.025,4.074,1.2971,2.3902,3.442,1.0296,3.0526,3.8629,2.3192,2.2295,3.7278,1.1801,1.7504,3.6952,2.4386,2.3622,4.592,2.4989,2.6916,4.0628,1.3386,2.6732,4.3768,1.9053,1.8431,3.8282,1.2133,2.6893,3.7301,2.3185,2.4361,4.883,1.6101,2.5623,3.4568,2.1633,2.2377,4.1315,0.76494,1.9342,3.3237,2.242,2.4116,3.6465,2.2482,2.3903,3.6125,2.2458,1.9801,4.9941,2.5989,2.2728,4.7854,2.3276,2.2472,3.7533,1.363,1.5968,3.8788,2.2517,2.6652,4.7208,1.9073,1.8705,3.8376,0.77435,2.113,4.079,1.5949,1.7565,4.2458,2.2837,2.6645,4.7711,1.447,2.387,3.2623,6.0265,2.9102,2.3349,1.8455,1.7845,3.5308,1.872,2.9197,4.1606,2.1062,1.9647,4.8659,1.2022,2.5873,4.3823,1.9643,2.1484,4.8781,1.6097,1.6976,3.9599,1.6051,2.0392,3.3223,1.0903,2.6847,3.6271,0.99112,2.784,3.8556,1.4639,2.4784,3.8938,1.1635,2.71,3.6595,1.8112,1.6642,4.0722,0.94106,2.457,2.8294,1.9684,2.1294,4.4522,0.29205,2.7463,3.0486,1.0479,1.9339,4.2742,0.99073,2.2997,3.1024,1.6887,2.4059,4.6036,0.95745,2.0369,2.8707,0.72427,1.9674,2.7395,1.5961,1.6857,3.965,0.96035,2.4436,2.8689,1.3432,1.5748,3.8477,2.7308,2.5719,4.6074,1.0789,2.1947,3.5827,1.1766,2.7236,3.6952,1.9768,1.98,4.5046,1.0371,1.9447,4.2621,1.8716,1.6828,3.4707,1.6649,2.5395,4.0007,2.1393,2.534,4.8782,2.0968,2.4046,3.6422,1.2975,3.0308,3.5107,1.4587,1.4895,4.1962,0.63415,2.9853,3.6478,1.6121,1.6666,4.2061,0.73148,1.9875,2.7341,0.72679,2.1992,3.9735,2.6476,2.5818,4.5196,2.0362,2.0926,3.4092,1.4394,2.819,3.5785,1.0598,2.2844,3.5628,2.5655,2.0518,4.5522,1.4655,1.7155,4.425,1.5575,2.5721,3.6092,2.057,2.3661,4.1164,2.6401,2.337,4.9225,0.53475,2.5226,3.058
980.52,0.14012,100.91,11.191,0.15084,467.62,1.4598,1.803,4.1144,1.2737,2.2473,4.2522,1.1594,1.9417,4.2475,2.441,2.6291,4.2823,0.85883,2.0182,4.2931,1.5149,2.5684,3.8967,3.2258,2.8297,6.0909,1.1431,1.9445,4.2458,1.7378,1.6179,4.215,1.3064,2.229,4.3173,0.82579,2.0577,4.2108,2.9934,2.8299,4.5693,5.5121,2.6846,1.2466,1.3359,2.6964,3.7201,0.88748,2.1364,2.9963,2.5426,2.1412,4.5843,1.4556,1.6303,3.9313,0.63481,2.6325,3.7934,2.0412,1.7658,3.518,1.096,2.387,3.2005,0.14011,2.3053,3.3802,1.7599,1.6769,3.4149,1.8902,2.7281,4.1527,1.7921,1.7232,3.417,1.4422,1.6076,3.9577,0.38666,2.1766,3.1282,2.113,2.4107,4.4832,1.4617,1.7047,3.2072,0.82384,1.9494,2.7469,3.1849,2.8374,6.02,2.0553,1.8014,3.5236,1.0541,2.7271,2.9571,1.841,2.5921,4.0639,0.67441,1.9399,2.8072,1.0525,2.4115,3.1293,1.9291,1.9218,4.549,1.7195,1.6226,3.9039,0.52005,2.1934,3.7721,1.1865,2.5624,3.7577,0.90856,2.1349,3.1661,2.6796,2.3621,4.4592,2.1664,2.2312,4.7949,1.5124,1.6797,3.9562,1.9053,1.9323,4.5284,1.522,2.2197,3.2525,0.72858,2.1799,3.0423,2.4611,2.4365,4.4224,1.8959,2.5937,4.7402,1.8314,2.6061,4.6864,2.6683,2.3876,4.4887,1.279,2.5507,3.8753,1.7591,2.2687,4.3815,1.8768,2.9839,3.7988,0.62261,2.4736,2.5844,1.4996,2.1075,4.6435,2.0368,2.9999,3.9604,0.30808,2.4086,3.3223,1.6624,1.5769,4.0688,0.67353,2.0756,3.0251,2.2567,2.2658,4.6731,0.7719,2.545,3.1991,0.91553,2.1489,3.1543,6.2443,2.886,1.7775,2.0611,2.043,4.6944,2.6522,2.3976,4.4782,2.5528,2.2745,5.055,1.9413,2.6397,4.2346,1.0833,1.7532,4.0206,4.6513,2.8582,0.51213,0.83021,2.1342,2.9911,1.3138,2.0883,4.3542,1.0217,2.1241,3.4477,2.1175,2.6733,4.3551,1.738,1.5408,4.1264,1.2572,2.5294,3.1534,0.79001,2.4864,3.7257,2.0843,1.8601,3.6654,1.5368,2.4745,3.431,1.5955,2.577,3.6272,1.6123,1.596,4.2451,1.9062,2.6757,4.3534,1.986,2.6807,4.4544,3.5171,2.7503,6.26,1.741,1.5285,4.1179,1.7891,2.0013,3.4619,2.0382,2.9279,4.8487,1.242,2.5388,3.1987,2.5929,2.4392,4.9247,1.0938,2.6212,4.0425,1.5443,2.4569,3.45,1.1158,1.8464,4.0617,1.6822,1.5486,4.0566,1.76,1.995,3.4139,0.254,2.916,3.3132,2.9466,2.2971,4.687,1.3009,1.9492,4.2241,1.3314,2.6376,3.4886,1.408,2.4614,3.3449,1.8849,1.9091,3.6465,1.9404,2.4808,4.0443,1.0325,2.2991,3.1514,2.5467,1.9965,5.15,1.2716,2.6456,3.4159,1.3553,2.4913,3.2858,0.39559,2.9178,3.4407,0.62871,1.8602,2.7717,1.6327,1.9822,4.5187,1.4643,1.7845,4.1473,5.3145,2.864,1.628,0.81234,2.094,2.8266,1.0789,2.6585,4.0527,2.2511,2.4934,3.6159,2.5202,2.3977,4.8296,2.9124,2.6565,4.6099,2.1102,2.5003,4.4599,2.3625,2.1588,4.2729,0.7386,2.0889,3.2403,0.51058,2.4269,3.0767,0.58908,2.1417,3.6996,2.3626,2.415,4.4837,0.91893,2.4279,3.02,1.2324,1.6164,4.2694,1.6607,2.0349,3.4086,6.0204,2.6616,1.7601,3.4398,2.9102,0.17118,0.85628,2.383,3.0581,1.6672,1.6186,4.0598,1.515,1.902,3.1714,0.78411,2.429,2.9391,2.1502,2.3264,4.8388,1.2207,2.5629,3.1729,1.0219,1.9541,3.5038,0.42498,1.977,3.3139,1.7333,2.0125,3.3888,2.393,2.1446,4.2495,2.2198,2.1419,5.0097,1.2533,1.657,3.8462,0.70337,1.9779,2.7914,2.2269,2.1633,5.0429,2.3846,2.2497,4.5774,1.5785,2.443,3.9676,4.4361,2.886,0.35931,1.958,2.4349,4.0261,0.81065,1.9479,4.1164,1.3343,2.6366,4.2971,3.7784,2.8016,0.061344,1.5523,1.6565,3.3038,0.22796,2.2979,3.2749,5.1024,2.8905,1.0601,0.69179,2.7324,3.4062,1.3702,2.5329,3.0436,2.1669,2.0848,4.9186,1.469,2.0224,4.4153,1.5284,1.6346,3.3147,1.422,2.911,3.3797,0.60089,2.4099,2.927,0.87934,2.4394,3.0286,0.24202,2.6,3.3334,1.6589,2.3287,4.188,0.60947,2.4216,2.8667,1.0071,2.285,3.5773,1.3928,1.7687,4.2778,0.3148,2.329,3.3621,1.5253,1.5965,3.3036,0.58158,2.4157,2.9101,3.3305,2.8535,1.1444,1.9282,2.5581,3.9993,2.0495,2.199,4.6569,2.3759,2.7617,4.9822,1.9124,1.8888,3.84,1.2912,1.7231,3.721,2.1988,2.1126,4.9804,1.3676,2.6017,3.9213,1.0205,3.0642,2.8456,4.7782,2.9146,0.48043,1.3785,2.7074,4.434,1.9217,1.9062,3.8841,1.3373,2.6496,2.9718,0.63757,2.732,3.2749,1.0447,2.8894,4.229,0.77609,2.538,2.744,0.67648,2.0244,2.9103,0.53803,2.4134,3.3729,1.559,2.1662,4.3145,1.5037,2.7192,4.532,0.5302,1.9977,2.9689,2.0017,1.8317,3.7977,1.1857,1.7742,3.7015,2.2362,2.6545,4.6761,1.3495,1.6386,4.1044,1.3421,2.1492,3.1446,0.59587,2.0207,2.9948,0.53292,2.4239,2.6663,1.6697,2.3671,4.1995,2.2575,2.645,4.7364,0.5575,2.026,2.946,1.5829,1.6897,3.3488,0.3814,3.0583,2.2518,0.67678,2.5531,2.6655,3.0844,2.7421,6.0952,0.14751,2.8864,2.8399,4.7055,2.9178,0.40571,2.2612,2.3323,3.5836,1.2511,3.0208,4.0834,1.289,2.3959,3.4358,1.0348,3.0509,3.8713,2.3166,2.2294,3.7234,1.1789,1.7437,3.6989,2.4389,2.3633,4.5932,2.4931,2.6939,4.0642,1.3427,2.673,4.3782,1.9061,1.8359,3.8246,1.2168,2.6842,3.7329,2.3138,2.4337,4.8731,1.6092,2.5599,3.4649,2.1634,2.2418,4.1345,0.76284,1.937,3.3196,2.2366,2.4119,3.6402,2.2424,2.3891,3.6038,2.2495,1.9827,4.9977,2.5961,2.2718,4.7849,2.3251,2.2485,3.7506,1.3619,1.5977,3.8805,2.2408,2.6611,4.7066,1.9085,1.8653,3.834,0.77449,2.1111,4.0858,1.5943,1.7524,4.2449,2.2753,2.661,4.7604,1.4471,2.3875,3.2625,6.0323,2.9118,2.3423,1.8458,1.7838,3.5337,1.8674,2.913,4.1537,2.1118,1.9654,4.8716,1.207,2.5879,4.3885,1.9693,2.1492,4.8795,1.6096,1.6923,3.9596,1.6057,2.0419,3.319,1.0923,2.6811,3.628,0.99352,2.782,3.8554,1.4684,2.482,3.8975,1.1647,2.706,3.6586,1.8093,1.6575,4.0713,0.94252,2.4571,2.8325,1.9735,2.1342,4.4576,0.30543,2.742,3.0612,1.0452,1.9323,4.2745,0.9917,2.2986,3.106,1.6928,2.4071,4.6052,0.9556,2.0349,2.8714,0.72341,1.9663,2.7392,1.5951,1.6803,3.9649,0.96233,2.4429,2.8744,1.3406,1.5733,3.8488,2.7301,2.5713,4.608,1.078,2.1994,3.5788,1.1793,2.7194,3.6971,1.9769,1.9801,4.5071,1.0345,1.9436,4.2626,1.8731,1.6844,3.4723,1.6649,2.5421,4.0006,2.1409,2.533,4.8754,2.0929,2.4066,3.6373,1.3079,3.0276,3.52,1.4595,1.4917,4.194,0.63113,2.9846,3.6459,1.6122,1.662,4.2049,0.73091,1.9867,2.734,0.72907,2.1999,3.9752,2.6455,2.5807,4.5196,2.0397,2.0906,3.4086,1.4431,2.8128,3.5822,1.0571,2.2913,3.5569,2.5686,2.0557,4.5591,1.4639,1.7144,4.4258,1.5556,2.5711,3.6123,2.0572,2.3708,4.1198,2.6373,2.3354,4.9189,0.53985,2.5228,3.0634
980.52,0.14012,100.91,11.191,0.15972,477.63,1.4567,1.7999,4.1122,1.2751,2.2481,4.2553,1.1554,1.939,4.2469,2.4386,2.6276,4.2824,0.8585,2.0169,4.2961,1.5148,2.5718,3.8967,3.2377,2.8281,6.1055,1.1386,1.9415,4.2464,1.7376,1.6124,4.2127,1.3074,2.2289,4.3228,0.82431,2.0576,4.211,2.9982,2.8294,4.5724,5.5029,2.6781,1.2369,1.3378,2.691,3.7219,0.88349,2.1356,2.9943,2.547,2.146,4.593,1.454,1.6286,3.9327,0.63261,2.6357,3.787,2.0436,1.7657,3.5207,1.0929,2.3855,3.2028,0.13196,2.3062,3.3686,1.7584,1.6762,3.4166,1.8826,2.7234,4.1434,1.7927,1.7248,3.4184,1.4411,1.6046,3.9591,0.38705,2.1781,3.1255,2.1156,2.412,4.4861,1.4608,1.7062,3.2073,0.8233,1.9514,2.7468,3.1963,2.8367,6.0327,2.0593,1.8027,3.5271,1.0575,2.7278,2.9621,1.8429,2.5928,4.068,0.67657,1.9428,2.8085,1.0508,2.4096,3.1326,1.9312,1.9218,4.5525,1.7215,1.62,3.9053,0.52151,2.1924,3.7749,1.1884,2.5669,3.7597,0.90403,2.1376,3.1615,2.6868,2.3647,4.4677,2.172,2.2348,4.8012,1.5147,1.6804,3.9582,1.907,1.9333,4.5307,1.5237,2.2212,3.2516,0.72287,2.1847,3.0344,2.4637,2.4396,4.4284,1.8933,2.5939,4.7309,1.8269,2.6064,4.6764,2.6774,2.3918,4.5024,1.2785,2.5533,3.8717,1.7645,2.2715,4.3867,1.8716,2.9797,3.7926,0.6283,2.4742,2.5896,1.4957,2.1111,4.6429,2.0367,2.9955,3.959,0.30428,2.4093,3.3178,1.6625,1.5752,4.068,0.67146,2.0775,3.0216,2.2567,2.2666,4.6731,0.77626,2.541,3.2078,0.91152,2.152,3.1494,6.2371,2.8851,1.7689,2.067,2.0469,4.7016,2.6599,2.4019,4.4903,2.5484,2.2711,5.0484,1.9358,2.63,4.2287,1.0833,1.7483,4.0245,4.6527,2.8503,0.51278,0.82753,2.1349,2.9887,1.3149,2.088,4.3587,1.0193,2.1269,3.4444,2.1099,2.6689,4.3464,1.7404,1.5376,4.1248,1.2625,2.5281,3.1563,0.79205,2.4894,3.7228,2.0864,1.8568,3.662,1.5335,2.4768,3.4297,1.5941,2.5789,3.6312,1.6097,1.5939,4.2445,1.8985,2.6678,4.3438,1.9818,2.6736,4.4499,3.5271,2.7476,0.12334,1.7436,1.5252,4.1156,1.7949,2.0011,3.4634,2.0348,2.9277,4.8457,1.246,2.5384,3.2038,2.5909,2.439,4.9215,1.0962,2.622,4.0397,1.5416,2.4584,3.4499,1.1119,1.8467,4.0609,1.6838,1.5459,4.0552,1.7638,1.9941,3.4128,0.25349,2.9141,3.313,2.9501,2.2958,4.6919,1.2996,1.9492,4.2254,1.3344,2.6358,3.4958,1.4052,2.4621,3.3457,1.8879,1.9052,3.643,1.9406,2.487,4.0486,1.0292,2.2998,3.1499,2.5467,1.9944,5.15,1.2737,2.6439,3.422,1.3496,2.4928,3.2834,0.40116,2.9156,3.446,0.62625,1.8623,2.7647,1.6275,1.9805,4.5212,1.4642,1.7808,4.1483,5.3017,2.8612,1.6148,0.81133,2.0933,2.828,1.0806,2.6614,4.0506,2.2568,2.4908,3.6175,2.5141,2.3944,4.8206,2.9209,2.6532,4.6169,2.109,2.5001,4.4576,2.3639,2.1633,4.279,0.73449,2.0953,3.2309,0.52143,2.4243,3.0884,0.58863,2.1416,3.699,2.3629,2.4132,4.488,0.92933,2.4253,3.0304,1.2301,1.6194,4.2669,1.6578,2.0358,3.4058,6.006,2.6587,1.7447,3.4497,2.9079,0.18219,0.857,2.3799,3.0635,1.6674,1.6171,4.0584,1.5164,1.9041,3.1712,0.78443,2.4277,2.9417,2.15,2.3247,4.833,1.2242,2.5632,3.1779,1.0229,1.9531,3.5039,0.41788,1.9776,3.3185,1.7354,2.0113,3.3852,2.3944,2.1491,4.254,2.2239,2.1403,5.0105,1.2507,1.6532,3.8475,0.70434,1.9779,2.7932,2.2312,2.1629,5.0452,2.3884,2.2529,4.584,1.5788,2.4494,3.9675,4.4444,2.8794,0.36822,1.9587,2.4414,4.0285,0.80909,1.9478,4.1155,1.3436,2.6401,4.301,3.7917,2.7985,0.075435,1.5542,1.6601,3.305,0.22361,2.2975,3.268,5.1022,2.8841,1.0618,0.69658,2.7293,3.4112,1.3743,2.5342,3.0454,2.17,2.0818,4.9172,1.4673,2.0174,4.4189,1.5285,1.6347,3.3163,1.4238,2.9104,3.3793,0.60906,2.4076,2.9387,0.87792,2.4381,3.0314,0.24202,2.5991,3.3313,1.6626,2.3334,4.1925,0.61774,2.4203,2.8749,1.0035,2.2923,3.5712,1.3927,1.767,4.2763,0.3148,2.3299,3.3605,1.5253,1.595,3.3048,0.58849,2.414,2.9202,3.3454,2.8518,0.45777,1.9244,2.5565,3.9985,2.054,2.1995,4.6604,2.3599,2.7598,4.9634,1.9135,1.8832,3.8363,1.291,1.7182,3.7227,2.2018,2.11,4.9804,1.366,2.5988,3.9168,1.0116,3.0635,2.8359,4.7821,2.9102,0.48415,1.3848,2.708,4.4387,1.9232,1.9032,3.8846,1.3423,2.6505,2.9782,0.64809,2.7297,3.2874,1.0517,2.8879,4.2354,0.78656,2.5393,2.7524,0.67637,2.0289,2.908,0.5388,2.4137,3.3713,1.5589,2.1643,4.3193,1.5163,2.7199,4.5418,0.52493,1.9998,2.9605,2.0029,1.8285,3.7971,1.185,1.7696,3.7051,2.2294,2.6513,4.6656,1.3472,1.6431,4.1003,1.3391,2.1483,3.1429,0.59346,2.0241,2.9886,0.53694,2.4224,2.6722,1.6747,2.3745,4.2037,2.249,2.6406,4.7251,0.55338,2.0287,2.9381,1.584,1.6888,3.3503,0.36818,3.0591,2.236,0.68028,2.556,2.6676,3.0962,2.7407,6.1085,0.16343,2.8869,2.8583,4.709,2.914,0.40929,2.2586,2.3279,3.5758,1.2572,3.0166,4.0916,1.2813,2.4009,3.4299,1.0392,3.0493,3.8788,2.3141,2.2293,3.719,1.1775,1.7369,3.7027,2.4391,2.3644,4.5942,2.4872,2.6961,4.0655,1.3466,2.6728,4.3795,1.9069,1.8288,3.8213,1.2201,2.6793,3.7355,2.3097,2.4315,4.8638,1.6079,2.5577,3.4725,2.1635,2.2461,4.1376,0.7607,1.9399,3.3153,2.2312,2.4123,3.634,2.2368,2.3877,3.5951,2.2532,1.9851,5.001,2.5933,2.2708,4.7844,2.3227,2.2499,3.7479,1.3609,1.5985,3.8822,2.2301,2.6568,4.6927,1.9097,1.8602,3.8303,0.77466,2.109,4.0926,1.5937,1.7484,4.2441,2.2673,2.6576,4.7502,1.4472,2.3881,3.2626,6.0382,2.9133,2.35,1.8464,1.7832,3.5365,1.8631,2.9063,4.1472,2.1174,1.9661,4.8772,1.2117,2.5886,4.3945,1.9743,2.15,4.8809,1.6095,1.6871,3.9594,1.6064,2.0445,3.316,1.094,2.6777,3.6288,0.99576,2.7801,3.8552,1.4729,2.4854,3.9013,1.1657,2.7023,3.6576,1.8074,1.6512,4.0705,0.94393,2.4572,2.8354,1.9786,2.1388,4.4629,0.31855,2.7375,3.0736,1.0423,1.9308,4.2748,0.99257,2.2975,3.1094,1.6969,2.4083,4.6067,0.95375,2.0328,2.8721,0.72257,1.9653,2.739,1.5943,1.675,3.9649,0.96418,2.4423,2.8797,1.338,1.5717,3.8498,2.7294,2.5707,4.6087,1.077,2.2044,3.575,1.1819,2.7155,3.699,1.977,1.9802,4.5095,1.0321,1.9425,4.263,1.8746,1.6859,3.4738,1.6649,2.5445,4.0006,2.1424,2.5322,4.8726,2.0889,2.4087,3.6325,1.3183,3.0245,3.5293,1.4603,1.4939,4.1918,0.62786,2.984,3.6437,1.6123,1.6576,4.2036,0.73035,1.986,2.7338,0.73133,2.2007,3.9769,2.6434,2.5795,4.5197,2.0433,2.0885,3.4081,1.4468,2.8067,3.5862,1.0542,2.298,3.5509,2.5717,2.0596,4.566,1.4622,1.7135,4.4265,1.5537,2.5702,3.6156,2.0576,2.3754,4.1234,2.6347,2.3339,4.9156,0.54485,2.523,3.0686
980.52,0.14012,100.91,11.191,0.16859,487.02,1.4537,1.7968,4.1101,1.2766,2.249,4.2584,1.1515,1.9364,4.2463,2.4363,2.626,4.2828,0.85814,2.0159,4.299,1.5146,2.5752,3.8967,3.2495,2.8264,6.1199,1.1343,1.9387,4.247,1.7374,1.607,4.2104,1.3084,2.2287,4.3283,0.82288,2.0574,4.2114,3.0029,2.829,4.5754,5.494,2.6716,1.2275,1.3394,2.6863,3.7231,0.87952,2.1348,2.9925,2.5514,2.1509,4.6017,1.4523,1.6269,3.9339,0.63035,2.6391,3.7804,2.046,1.7655,3.5232,1.0893,2.384,3.2046,0.12375,2.3071,3.357,1.7569,1.6754,3.4185,1.8756,2.7188,4.1349,1.7933,1.7265,3.4198,1.44,1.6017,3.9606,0.38749,2.1794,3.1228,2.1182,2.4131,4.489,1.4597,1.7079,3.2075,0.8227,1.9531,2.7466,3.2079,2.836,6.0456,2.0636,1.8041,3.531,1.0606,2.7286,2.9668,1.845,2.5936,4.0723,0.67865,1.9457,2.8096,1.0488,2.4078,3.1356,1.9333,1.9218,4.556,1.7233,1.6177,3.9065,0.52311,2.1913,3.7778,1.1904,2.5712,3.7618,0.89956,2.1403,3.1571,2.694,2.3674,4.4759,2.178,2.2386,4.8079,1.5169,1.6812,3.9601,1.9089,1.9344,4.5332,1.5256,2.2226,3.2506,0.71729,2.1896,3.0268,2.4664,2.4427,4.4345,1.8907,2.5943,4.7216,1.8225,2.6066,4.6664,2.6867,2.396,4.5165,1.2779,2.5561,3.8681,1.7702,2.2742,4.3919,1.8667,2.9756,3.7869,0.63375,2.4747,2.5947,1.4914,2.1148,4.642,2.0365,2.9912,3.9578,0.30048,2.4099,3.3135,1.6627,1.5735,4.0671,0.6694,2.0794,3.0181,2.2565,2.2674,4.673,0.78032,2.5369,3.2164,0.90764,2.155,3.1446,6.2303,2.8842,1.7607,2.0729,2.0509,4.709,2.6674,2.406,4.5024,2.544,2.2676,5.0419,1.9308,2.6207,4.2234,1.0833,1.7431,4.0285,4.6542,2.8426,0.51401,0.82502,2.1355,2.9865,1.3161,2.0875,4.3632,1.0168,2.1296,3.441,2.1026,2.6646,4.338,1.7427,1.5341,4.1231,1.2677,2.5269,3.159,0.79411,2.4922,3.7201,2.0883,1.8533,3.6586,1.5301,2.4791,3.4285,1.5929,2.5809,3.6354,1.6068,1.592,4.2439,1.8913,2.6599,4.3343,1.9779,2.6665,4.4454,3.537,2.745,3.1803,1.7463,1.5218,4.1132,1.8007,2.0008,3.465,2.0313,2.9273,4.8427,1.2499,2.5379,3.2087,2.5889,2.4388,4.9181,1.0986,2.6228,4.037,1.539,2.4598,3.4498,1.1079,1.8468,4.0601,1.6855,1.5433,4.0539,1.7677,1.9931,3.4119,0.25312,2.9121,3.3128,2.9537,2.2944,4.6966,1.2984,1.949,4.2266,1.3374,2.634,3.503,1.4025,2.4628,3.3467,1.8909,1.9012,3.6396,1.9412,2.4931,4.053,1.0259,2.3004,3.1484,2.5465,1.9923,5.1502,1.276,2.6422,3.4283,1.3439,2.4942,3.281,0.40661,2.9136,3.4511,0.62387,1.8641,2.758,1.6223,1.9788,4.5234,1.4642,1.7771,4.1494,5.2893,2.8585,1.602,0.81033,2.0925,2.8292,1.0822,2.6642,4.0485,2.2627,2.4887,3.6196,2.5082,2.3912,4.812,2.9294,2.6498,4.6239,2.1078,2.4998,4.4555,2.3654,2.1677,4.285,0.73022,2.1017,3.2215,0.53213,2.4218,3.1,0.58824,2.1415,3.6986,2.3636,2.4119,4.4926,0.93964,2.4225,3.0406,1.2278,1.6227,4.2641,1.6551,2.0365,3.403,5.9921,2.6558,1.7298,3.4589,2.9057,0.19236,0.85726,2.3771,3.0682,1.6676,1.6157,4.057,1.5178,1.9062,3.1709,0.78467,2.4265,2.9443,2.1499,2.323,4.8273,1.2278,2.5637,3.1826,1.0238,1.9521,3.5041,0.41132,1.9782,3.3231,1.7374,2.0101,3.3817,2.3959,2.1535,4.2586,2.228,2.1388,5.0111,1.2478,1.6495,3.8486,0.70523,1.9779,2.795,2.2352,2.1625,5.0473,2.3921,2.2561,4.5903,1.5791,2.4555,3.9673,4.4524,2.8731,0.37699,1.9595,2.4479,4.0311,0.80755,1.9478,4.1144,1.3528,2.6436,4.3049,3.8047,2.7953,0.08936,1.556,1.6636,3.3061,0.21939,2.2971,3.2612,5.1021,2.8777,1.0637,0.70098,2.7262,3.4159,1.378,2.5355,3.0469,2.1732,2.0788,4.916,1.4656,2.0126,4.4225,1.5286,1.635,3.3178,1.4257,2.9098,3.3791,0.61699,2.4052,2.95,0.87642,2.4369,3.0341,0.24183,2.598,3.3291,1.6663,2.3383,4.197,0.62573,2.419,2.8828,0.99981,2.2996,3.5649,1.3926,1.7652,4.2747,0.31477,2.3309,3.359,1.5251,1.5936,3.306,0.59513,2.4125,2.9299,3.3601,2.85,6.0792,1.9206,2.5552,3.9979,2.0586,2.1997,4.6638,2.3444,2.7578,4.9448,1.9145,1.8774,3.8327,1.2907,1.7133,3.7244,2.2049,2.1074,4.9804,1.3644,2.5959,3.9123,1.0026,3.0629,2.826,4.7859,2.9058,0.48778,1.3911,2.7084,4.4433,1.9247,1.9004,3.885,1.3471,2.6515,2.9845,0.65794,2.7273,3.2991,1.0587,2.8863,4.2419,0.79663,2.5407,2.7602,0.67632,2.0332,2.9058,0.5399,2.4141,3.3702,1.5588,2.1623,4.3241,1.5287,2.7205,4.5512,0.51973,2.0019,2.9521,2.004,1.8254,3.7965,1.1843,1.765,3.7084,2.2233,2.6482,4.656,1.345,1.6475,4.0961,1.3361,2.1473,3.1412,0.59104,2.0275,2.9825,0.5409,2.4207,2.6778,1.6797,2.3818,4.208,2.241,2.6364,4.7142,0.54938,2.0312,2.9305,1.5852,1.6881,3.3517,0.35411,3.0598,2.2194,0.68352,2.5589,2.6694,3.1081,2.7392,6.1217,0.17918,2.8871,2.8766,4.7124,2.9104,0.41299,2.2563,2.3235,3.5683,1.2623,3.0124,4.0988,1.2737,2.4058,3.4242,1.0422,3.0477,3.8849,2.3117,2.2291,3.7147,1.1762,1.73,3.7065,2.4393,2.3654,4.5953,2.4815,2.698,4.0668,1.3505,2.6726,4.3806,1.9077,1.8216,3.8179,1.2233,2.6744,3.7383,2.306,2.4294,4.8549,1.6066,2.5558,3.4799,2.1638,2.2502,4.1409,0.75853,1.9428,3.3112,2.2261,2.4127,3.6277,2.2312,2.3864,3.5865,2.2567,1.9872,5.004,2.5904,2.2698,4.784,2.3203,2.2513,3.7452,1.3599,1.5994,3.8838,2.2199,2.6527,4.6792,1.9109,1.8551,3.8267,0.77485,2.1071,4.0991,1.5931,1.7446,4.2432,2.2593,2.6541,4.7401,1.4473,2.3886,3.2628,6.044,2.9149,2.3577,1.847,1.7825,3.5392,1.859,2.8998,4.141,2.1229,1.9667,4.8825,1.2161,2.5891,4.4004,1.9792,2.1509,4.8823,1.6093,1.6821,3.9592,1.6072,2.0473,3.313,1.0957,2.6743,3.6294,0.99786,2.7784,3.8547,1.4773,2.4886,3.9051,1.1666,2.6987,3.6565,1.8055,1.6449,4.0698,0.94529,2.4574,2.8382,1.9836,2.1434,4.4683,0.33132,2.7332,3.0856,1.0396,1.9293,4.2751,0.9934,2.2964,3.1128,1.7009,2.4094,4.6082,0.95192,2.0309,2.8726,0.72177,1.9643,2.7387,1.5935,1.6699,3.9648,0.96591,2.4417,2.8848,1.3353,1.5699,3.8509,2.7288,2.5703,4.6094,1.0759,2.2092,3.571,1.1846,2.7115,3.701,1.977,1.9804,4.5118,1.0298,1.9414,4.2634,1.8761,1.6873,3.4753,1.6649,2.547,4.0004,2.1441,2.5313,4.8701,2.0849,2.4107,3.6276,1.3285,3.0213,3.5387,1.461,1.4962,4.1897,0.62439,2.9834,3.6412,1.6125,1.6534,4.2024,0.72982,1.9852,2.7338,0.73354,2.2016,3.9786,2.6415,2.5783,4.5199,2.0467,2.0864,3.4077,1.4503,2.8008,3.5902,1.0513,2.3047,3.5451,2.575,2.0636,4.573,1.4607,1.7127,4.4273,1.552,2.5693,3.6188,2.058,2.38,4.1268,2.6322,2.3324,4.9123,0.54969,2.5232,3.0735
980.52,0.14012,100.91,11.191,0.17746,496.38,1.4508,1.7937,4.1082,1.2783,2.2497,4.2616,1.1476,1.9337,4.2457,2.434,2.6246,4.2832,0.85776,2.015,4.3017,1.5144,2.5785,3.8967,3.2612,2.8245,6.1342,1.1299,1.9359,4.2475,1.7372,1.602,4.208,1.3094,2.2287,4.3337,0.82152,2.0575,4.2118,3.0074,2.8285,4.5784,5.4857,2.6651,1.2188,1.3407,2.682,3.724,0.87558,2.134,2.9905,2.5559,2.1554,4.6104,1.4505,1.6253,3.9352,0.62796,2.6424,3.7736,2.0483,1.7655,3.5259,1.0854,2.3828,3.2061,0.11544,2.308,3.3452,1.7554,1.6746,3.4202,1.8692,2.7145,4.1273,1.7939,1.7281,3.4212,1.4389,1.5989,3.9618,0.38794,2.1808,3.1201,2.1207,2.4143,4.4916,1.4588,1.7097,3.2077,0.82202,1.9547,2.7466,3.2199,2.8352,6.059,2.0683,1.8056,3.5354,1.0633,2.7298,2.971,1.8473,2.5946,4.0771,0.68066,1.9483,2.8108,1.0468,2.4061,3.1383,1.9356,1.9218,4.5595,1.7251,1.6155,3.9079,0.52488,2.1901,3.7809,1.1925,2.5752,3.764,0.89517,2.1429,3.1527,2.701,2.3699,4.484,2.184,2.2429,4.8152,1.5192,1.6818,3.9619,1.9108,1.9355,4.5355,1.5275,2.2242,3.2494,0.71198,2.194,3.0198,2.4688,2.4455,4.4405,1.8881,2.5947,4.7123,1.8183,2.6071,4.6564,2.6961,2.4001,4.5307,1.2772,2.5586,3.8641,1.7759,2.2769,4.3971,1.8618,2.9715,3.7812,0.63895,2.4753,2.5996,1.487,2.1187,4.6407,2.0362,2.9868,3.9564,0.29653,2.4103,3.3089,1.663,1.5719,4.0662,0.66739,2.081,3.0148,2.2562,2.2682,4.6728,0.78396,2.5327,3.2246,0.90389,2.1578,3.1402,6.2237,2.8832,1.7528,2.079,2.0546,4.7162,2.6748,2.4098,4.5142,2.5399,2.264,5.0358,1.9264,2.6124,4.2189,1.0832,1.738,4.0325,4.6556,2.8354,0.51588,0.82276,2.1362,2.9847,1.3173,2.0873,4.3675,1.0141,2.1325,3.4377,2.0954,2.6603,4.3297,1.7451,1.5306,4.1212,1.2727,2.5257,3.1616,0.79618,2.495,3.7175,2.0903,1.85,3.6552,1.5268,2.4814,3.4275,1.5919,2.5825,3.64,1.6038,1.5905,4.2435,1.8843,2.6522,4.3252,1.9741,2.6596,4.4409,3.5467,2.7423,6.1487,1.7488,1.5186,4.1107,1.8064,2.0004,3.4666,2.0279,2.9268,4.8395,1.2535,2.5375,3.2134,2.5869,2.4385,4.915,1.101,2.6234,4.0342,1.5364,2.4613,3.4499,1.1041,1.8467,4.0596,1.6873,1.5407,4.0525,1.7717,1.992,3.4109,0.25283,2.9103,3.3126,2.957,2.2931,4.701,1.2973,1.9488,4.2279,1.3406,2.632,3.5102,1.4,2.4637,3.3477,1.8938,1.8972,3.6363,1.9416,2.4987,4.0573,1.0227,2.301,3.1471,2.5465,1.9904,5.1502,1.2786,2.6404,3.4349,1.3383,2.4954,3.2785,0.41191,2.9114,3.4561,0.62165,1.8659,2.7518,1.6172,1.9771,4.5252,1.464,1.7737,4.1505,5.2772,2.8558,1.5896,0.80932,2.092,2.8304,1.0836,2.6668,4.0465,2.2688,2.4867,3.6219,2.5028,2.3881,4.8038,2.938,2.6466,4.6309,2.1068,2.4998,4.4537,2.3667,2.1721,4.2911,0.72586,2.1078,3.212,0.54248,2.4193,3.1112,0.58789,2.1413,3.6982,2.3646,2.4109,4.4974,0.94965,2.42,3.0505,1.2254,1.6258,4.2613,1.6523,2.0373,3.4004,5.9786,2.6528,1.7154,3.4671,2.9035,0.20152,0.85699,2.3745,3.0721,1.6678,1.6141,4.0558,1.519,1.9081,3.1708,0.78485,2.4253,2.9465,2.15,2.3213,4.8219,1.2311,2.5641,3.1873,1.0248,1.9509,3.5044,0.40567,1.9787,3.3275,1.7392,2.0088,3.3781,2.3977,2.158,4.2635,2.2319,2.1371,5.0118,1.2452,1.6459,3.8496,0.70607,1.9778,2.7965,2.2391,2.1619,5.0493,2.3956,2.2591,4.5964,1.5795,2.4614,3.967,4.4602,2.8668,0.38566,1.9601,2.4543,4.0337,0.8061,1.9478,4.1134,1.3618,2.647,4.3086,3.8173,2.7922,0.10291,1.558,1.6671,3.3073,0.21541,2.2967,3.2547,5.1022,2.8714,1.066,0.70493,2.7233,3.42,1.3816,2.5367,3.0481,2.1765,2.076,4.915,1.4639,2.0077,4.426,1.5286,1.635,3.3194,1.4276,2.9094,3.3788,0.62459,2.4029,2.9609,0.87484,2.4358,3.0366,0.24151,2.5971,3.3268,1.67,2.3429,4.2016,0.63341,2.4179,2.8906,0.99595,2.3068,3.5584,1.3924,1.7636,4.273,0.31471,2.3317,3.3573,1.525,1.5922,3.3072,0.60151,2.411,2.9394,3.3743,2.8482,0.055514,1.9172,2.5541,3.9975,2.0629,2.2001,4.6671,2.3293,2.7557,4.9265,1.9156,1.8717,3.8293,1.2903,1.7087,3.7261,2.2079,2.1049,4.9803,1.363,2.5933,3.9081,0.99331,3.0625,2.816,4.7895,2.9017,0.49126,1.397,2.7088,4.4476,1.9262,1.8976,3.8856,1.352,2.6525,2.9908,0.66707,2.7251,3.3099,1.0654,2.8847,4.2482,0.8063,2.5419,2.7679,0.67636,2.0375,2.9039,0.54142,2.4143,3.3694,1.5587,2.1603,4.3288,1.5404,2.7209,4.5603,0.51472,2.0038,2.9439,2.0051,1.8224,3.7961,1.1835,1.7603,3.7119,2.2179,2.6454,4.6471,1.3427,1.6517,4.0922,1.3331,2.1462,3.1395,0.58862,2.0306,2.9766,0.54473,2.4192,2.6835,1.6847,2.3889,4.2119,2.2334,2.6322,4.7039,0.54562,2.0334,2.9233,1.5863,1.6875,3.3532,0.3394,3.0605,2.2021,0.68646,2.5619,2.671,3.1197,2.7376,6.1348,0.19467,2.8874,2.8945,4.7158,2.9072,0.41674,2.2541,2.3193,3.5611,1.2664,3.0084,4.1047,1.2663,2.41,3.4188,1.044,3.0463,3.8898,2.3092,2.2291,3.7104,1.1748,1.7232,3.7103,2.4395,2.3664,4.5961,2.4758,2.6998,4.0682,1.3541,2.6724,4.3816,1.9085,1.8146,3.8149,1.2265,2.6698,3.7408,2.3027,2.4276,4.8467,1.6051,2.5541,3.4867,2.1642,2.2543,4.1442,0.75634,1.9456,3.307,2.2212,2.4131,3.6215,2.2257,2.385,3.5779,2.2601,1.9892,5.0067,2.5878,2.2687,4.7835,2.3178,2.2528,3.7426,1.3591,1.6002,3.8851,2.21,2.6485,4.6662,1.9121,1.8501,3.8232,0.77509,2.1051,4.1055,1.5925,1.7407,4.2423,2.2517,2.6508,4.7303,1.4475,2.3891,3.2631,6.0501,2.9163,2.3654,1.8477,1.7819,3.5417,1.8553,2.8933,4.1351,2.1282,1.9671,4.8875,1.2201,2.5896,4.4059,1.984,2.1518,4.8835,1.6093,1.6773,3.9589,1.608,2.0499,3.3103,1.0971,2.6713,3.6298,0.99986,2.7765,3.8541,1.4814,2.4916,3.9089,1.1676,2.6951,3.6554,1.8036,1.6391,4.069,0.94657,2.4577,2.8409,1.9886,2.1479,4.4736,0.34365,2.7287,3.0972,1.0369,1.9278,4.2754,0.99415,2.2953,3.116,1.705,2.4104,4.6096,0.95011,2.0289,2.8731,0.72099,1.9633,2.7384,1.5927,1.6653,3.9647,0.9675,2.4413,2.8897,1.3328,1.5682,3.852,2.7282,2.5697,4.6101,1.0748,2.214,3.567,1.1871,2.7078,3.7028,1.9772,1.9806,4.5143,1.0275,1.9403,4.264,1.8777,1.6886,3.4769,1.6649,2.5492,4.0004,2.1457,2.5306,4.8676,2.081,2.4127,3.6227,1.3387,3.018,3.5479,1.4618,1.4983,4.1877,0.62077,2.9828,3.6387,1.6129,1.6494,4.2012,0.72931,1.9846,2.7336,0.73568,2.2024,3.9801,2.6395,2.5773,4.5203,2.0501,2.0844,3.4073,1.4537,2.7951,3.5943,1.0483,2.311,3.5392,2.5782,2.0675,4.58,1.4591,1.712,4.4281,1.5502,2.5686,3.6221,2.0585,2.3845,4.1302,2.6298,2.331,4.9092,0.55436,2.5236,3.0784
980.52,0.14012,100.91,11.191,0.18634,506.11,1.4478,1.7907,4.1062,1.28,2.2504,4.2649,1.1439,1.9312,4.2451,2.4319,2.6231,4.2838,0.85736,2.0143,4.3042,1.5143,2.5816,3.8966,3.2726,2.8226,6.1483,1.1255,1.9331,4.248,1.7371,1.597,4.2057,1.3103,2.2286,4.339,0.82021,2.0575,4.2122,3.0119,2.828,4.5814,5.4777,2.6587,1.2107,1.3418,2.6783,3.7246,0.8717,2.1333,2.9886,2.5604,2.1599,4.6188,1.4488,1.6238,3.9365,0.62545,2.6456,3.7668,2.0507,1.7654,3.5284,1.0812,2.3818,3.2069,0.10704,2.3087,3.3332,1.7539,1.6736,3.4219,1.8634,2.7105,4.1204,1.7945,1.7295,3.4226,1.4379,1.5964,3.9629,0.38843,2.1821,3.1176,2.1231,2.4156,4.4944,1.4578,1.7114,3.2078,0.82131,1.956,2.7465,3.2323,2.8343,6.0727,2.0731,1.807,3.54,1.066,2.731,2.9753,1.8498,2.5956,4.0818,0.68258,1.951,2.812,1.0445,2.4045,3.1409,1.9379,1.9218,4.563,1.7269,1.6135,3.9093,0.52681,2.1888,3.7842,1.1948,2.5788,3.7665,0.89089,2.1453,3.1485,2.7078,2.3724,4.4917,2.19,2.2469,4.8226,1.5214,1.6823,3.9635,1.9129,1.9365,4.5379,1.5295,2.2258,3.2484,0.70699,2.1982,3.0134,2.4712,2.4483,4.4463,1.8856,2.595,4.7031,1.814,2.6073,4.6466,2.7057,2.4038,4.545,1.2764,2.561,3.8601,1.7818,2.2797,4.4022,1.8571,2.9677,3.7759,0.64395,2.4758,2.6042,1.4824,2.1226,4.6392,2.036,2.9823,3.9551,0.29262,2.4107,3.3046,1.6632,1.5703,4.0653,0.66544,2.0825,3.0117,2.2558,2.2688,4.6723,0.78715,2.5284,3.2325,0.90044,2.1601,3.1364,6.2175,2.8821,1.7453,2.0851,2.0583,4.7234,2.6819,2.4133,4.5258,2.5364,2.2604,5.0306,1.9228,2.6047,4.215,1.0831,1.7329,4.0365,4.6565,2.8288,0.5174,0.82068,2.1368,2.9832,1.3186,2.0869,4.3717,1.0115,2.1354,3.4343,2.0886,2.656,4.3218,1.7474,1.5271,4.1195,1.2777,2.5245,3.164,0.79825,2.4977,3.7148,2.0923,1.8467,3.6519,1.5237,2.4836,3.4266,1.591,2.5842,3.6447,1.6006,1.5893,4.2429,1.8778,2.6449,4.3165,1.9706,2.653,4.4366,3.5563,2.7395,0.018412,1.7514,1.5154,4.1084,1.8122,2.0,3.4683,2.0243,2.9262,4.8363,1.2571,2.5373,3.2179,2.5851,2.4383,4.9118,1.1032,2.6241,4.0314,1.5337,2.4627,3.45,1.1003,1.8465,4.0594,1.689,1.5382,4.0511,1.7755,1.9909,3.4103,0.25268,2.9083,3.3125,2.96,2.2916,4.705,1.2959,1.9487,4.2293,1.3436,2.6302,3.5174,1.3973,2.4645,3.3488,1.8968,1.8931,3.6332,1.9421,2.5039,4.0616,1.0195,2.3015,3.1457,2.5464,1.9884,5.1503,1.2814,2.6389,3.4414,1.3328,2.4968,3.2763,0.41714,2.9093,3.4611,0.61955,1.8674,2.7458,1.612,1.9754,4.5266,1.4637,1.7702,4.1518,5.2655,2.853,1.5773,0.80833,2.0914,2.8315,1.085,2.6692,4.0443,2.2747,2.4849,3.6241,2.4978,2.3852,4.7962,2.9463,2.6433,4.6377,2.1059,2.4998,4.4519,2.3682,2.1764,4.2971,0.72151,2.1136,3.203,0.55247,2.4169,3.122,0.58762,2.1412,3.6979,2.3656,2.4099,4.5022,0.95926,2.4176,3.0599,1.223,1.629,4.2585,1.6495,2.0379,3.3975,5.9655,2.6497,1.7015,3.4744,2.9014,0.20973,0.85626,2.3723,3.0754,1.668,1.6127,4.0545,1.5204,1.9101,3.1707,0.78499,2.424,2.9487,2.1502,2.3197,4.8169,1.2342,2.5646,3.1918,1.0258,1.9497,3.5046,0.40052,1.9791,3.3314,1.7412,2.0073,3.3746,2.3995,2.1624,4.2685,2.2357,2.1355,5.0124,1.2424,1.6425,3.8503,0.7068,1.9777,2.7979,2.2429,2.1612,5.0512,2.3991,2.262,4.6024,1.5796,2.4669,3.9668,4.4678,2.8607,0.39429,1.9609,2.4608,4.0365,0.80471,1.9478,4.1125,1.3706,2.6503,4.3121,3.8295,2.7892,0.11614,1.56,1.6708,3.3086,0.21172,2.2964,3.2486,5.1025,2.8653,1.0685,0.70851,2.7204,3.4237,1.3849,2.538,3.0492,2.1798,2.0731,4.9142,1.4624,2.0031,4.4293,1.5286,1.6351,3.321,1.4294,2.909,3.3784,0.63179,2.4008,2.9712,0.87322,2.4347,3.039,0.24111,2.5962,3.3243,1.6737,2.3476,4.2061,0.64087,2.4167,2.8981,0.99196,2.3141,3.5518,1.3923,1.762,4.2714,0.31463,2.3324,3.3558,1.5248,1.5907,3.3084,0.60765,2.4095,2.9485,3.388,2.8463,0.056449,1.9137,2.5531,3.9972,2.0673,2.2002,4.6704,2.3147,2.7536,4.9088,1.9165,1.8659,3.826,1.2901,1.7042,3.7277,2.2109,2.1025,4.9803,1.3616,2.5908,3.9038,0.98388,3.062,2.8057,4.7928,2.8976,0.49469,1.4028,2.709,4.4516,1.9278,1.8948,3.8861,1.3568,2.6534,2.997,0.67557,2.723,3.3199,1.072,2.883,4.2543,0.81565,2.5433,2.7752,0.67649,2.0415,2.9021,0.54301,2.4144,3.3689,1.5586,2.1583,4.3335,1.5517,2.7213,4.5689,0.5099,2.0056,2.936,2.0062,1.8196,3.7958,1.1826,1.7557,3.7152,2.2131,2.6428,4.6391,1.3405,1.6559,4.0884,1.3302,2.1452,3.1379,0.58623,2.0336,2.9708,0.54852,2.4177,2.6891,1.6896,2.3959,4.2156,2.2262,2.6283,4.694,0.5421,2.0354,2.9167,1.5876,1.687,3.3547,0.32435,3.0612,2.1847,0.68909,2.5649,2.6722,3.1314,2.7359,6.1477,0.20998,2.8874,2.9123,4.7192,2.9042,0.42061,2.2523,2.3151,3.5543,1.2698,3.0044,4.1099,1.2595,2.4137,3.4138,1.0452,3.0448,3.8939,2.307,2.229,3.7061,1.1734,1.7164,3.7141,2.4396,2.3673,4.5969,2.4702,2.7014,4.0695,1.3576,2.6723,4.3825,1.9093,1.8077,3.812,1.2294,2.6654,3.7431,2.2999,2.4259,4.8389,1.6034,2.5526,3.4931,2.1645,2.2586,4.1477,0.75414,1.9486,3.3028,2.2165,2.4133,3.6153,2.2205,2.3835,3.5695,2.2632,1.9908,5.009,2.585,2.2677,4.7831,2.3154,2.2543,3.74,1.3582,1.6011,3.8864,2.2005,2.6442,4.6536,1.9134,1.8451,3.8198,0.77534,2.1032,4.1119,1.5918,1.7371,4.2414,2.2443,2.6474,4.7208,1.4477,2.3897,3.2633,6.0562,2.9178,2.3731,1.8484,1.7813,3.5442,1.8519,2.8869,4.1298,2.1334,1.9676,4.8923,1.2239,2.5901,4.4113,1.9887,2.1528,4.8848,1.6092,1.6727,3.9587,1.609,2.0525,3.3076,1.0984,2.6684,3.63,1.0016,2.7749,3.8533,1.4856,2.4944,3.9127,1.1683,2.692,3.6541,1.8017,1.6334,4.0684,0.94781,2.4579,2.8435,1.9937,2.1523,4.4788,0.35561,2.7242,3.1084,1.0341,1.9263,4.2755,0.99483,2.2943,3.1191,1.709,2.4114,4.6111,0.94831,2.0271,2.8734,0.72023,1.9624,2.7382,1.592,1.6608,3.9647,0.96896,2.441,2.8945,1.3302,1.5665,3.8532,2.7276,2.5692,4.6107,1.0736,2.219,3.563,1.1895,2.7042,3.7044,1.9774,1.9808,4.5167,1.0253,1.939,4.2645,1.8792,1.69,3.4785,1.6648,2.5514,4.0003,2.1473,2.5299,4.8652,2.0772,2.4147,3.618,1.3486,3.0147,3.5572,1.4626,1.5004,4.1857,0.61702,2.9822,3.6359,1.6132,1.6457,4.2,0.7288,1.9839,2.7335,0.73777,2.2034,3.9816,2.6376,2.5762,4.5206,2.0536,2.0825,3.4071,1.4571,2.7897,3.5984,1.0453,2.3174,3.5334,2.5817,2.0713,4.5871,1.4577,1.7114,4.429,1.5486,2.5679,3.6252,2.059,2.3888,4.1337,2.6277,2.3297,4.9063,0.5589,2.5239,3.083
980.52,0.14012,100.91,11.191,0.19521,515.63,1.445,1.7876,4.1043,1.2819,2.2512,4.2683,1.1403,1.9287,4.2444,2.4298,2.6216,4.2845,0.85696,2.0136,4.3066,1.5141,2.5846,3.8964,3.284,2.8205,6.1621,1.1212,1.9304,4.2485,1.7371,1.5921,4.2034,1.3112,2.2284,4.3443,0.81895,2.0576,4.2127,3.0162,2.8275,4.5843,5.4701,2.6523,1.203,1.3425,2.6749,3.725,0.86785,2.1324,2.9867,2.5648,2.1642,4.6271,1.447,1.6225,3.9377,0.62287,2.6489,3.7597,2.0529,1.7654,3.531,1.0767,2.381,3.2073,0.098616,2.3095,3.3214,1.7525,1.6727,3.4238,1.8581,2.7065,4.1141,1.7951,1.7309,3.4239,1.4369,1.594,3.9638,0.38894,2.1832,3.1151,2.1254,2.4168,4.4969,1.4569,1.7133,3.2079,0.82053,1.9572,2.7464,3.2451,2.8334,6.0869,2.0782,1.8084,3.5449,1.0686,2.7323,2.9793,1.8524,2.5965,4.0868,0.68438,1.9536,2.813,1.0421,2.4029,3.1433,1.9403,1.9218,4.5666,1.7286,1.6116,3.9106,0.52888,2.1875,3.7877,1.1974,2.5823,3.7691,0.88671,2.1476,3.1444,2.7146,2.3748,4.4991,2.1961,2.2509,4.83,1.5237,1.6827,3.9651,1.9151,1.9375,4.5403,1.5316,2.2274,3.2473,0.70224,2.2022,3.0074,2.4733,2.4509,4.452,1.8831,2.5954,4.6939,1.81,2.6077,4.6369,2.7154,2.4075,4.5595,1.2756,2.5632,3.856,1.7877,2.2824,4.4074,1.8525,2.9638,3.7708,0.64876,2.4763,2.6088,1.4775,2.1265,4.6372,2.0357,2.9778,3.9537,0.28871,2.4111,3.3003,1.6635,1.5688,4.0644,0.66352,2.0838,3.0087,2.2552,2.2695,4.6716,0.78994,2.5241,3.2401,0.89715,2.1624,3.1327,6.2117,2.881,1.7383,2.0912,2.062,4.7305,2.6888,2.4166,4.537,2.5331,2.2567,5.0259,1.9196,2.5979,4.2114,1.083,1.7278,4.0405,4.657,2.8228,0.5186,0.81883,2.1375,2.9819,1.3198,2.0865,4.3759,1.0089,2.1382,3.4308,2.0818,2.652,4.3142,1.7497,1.5235,4.1177,1.2825,2.5233,3.1662,0.80034,2.5003,3.7122,2.0945,1.8434,3.6486,1.5205,2.4859,3.4261,1.5905,2.5857,3.6496,1.5973,1.5885,4.2424,1.8717,2.638,4.308,1.9672,2.6465,4.4323,3.5658,2.7368,0.024327,1.754,1.5121,4.1058,1.8179,1.9995,3.47,2.0205,2.9256,4.8329,1.2606,2.5369,3.2222,2.5832,2.438,4.9087,1.1054,2.6247,4.0288,1.5312,2.4642,3.4502,1.0964,1.846,4.0592,1.6908,1.5359,4.0498,1.7796,1.9898,3.4097,0.25272,2.9065,3.3125,2.9629,2.2901,4.7089,1.2946,1.9483,4.2306,1.3467,2.6283,3.5245,1.3948,2.4653,3.3499,1.8998,1.8891,3.6303,1.9426,2.5089,4.0659,1.0164,2.302,3.1445,2.5462,1.9864,5.1504,1.2842,2.6374,3.448,1.3275,2.498,3.274,0.4223,2.9071,3.466,0.61758,1.8688,2.7401,1.6067,1.9737,4.5278,1.4634,1.7668,4.1529,5.254,2.8504,1.5654,0.80737,2.0908,2.8326,1.0862,2.6717,4.0422,2.2804,2.483,3.6263,2.4931,2.3824,4.7889,2.9545,2.64,4.6443,2.1052,2.4998,4.4501,2.3695,2.1807,4.3029,0.71722,2.119,3.1942,0.56217,2.4148,3.1324,0.58745,2.141,3.6976,2.3667,2.409,4.507,0.96857,2.4153,3.069,1.2207,1.6322,4.2558,1.6467,2.0385,3.3948,5.9528,2.6466,1.6881,3.4808,2.8993,0.217,0.8552,2.3702,3.0781,1.6681,1.6114,4.0533,1.5217,1.9121,3.1707,0.78512,2.4228,2.9508,2.1506,2.3182,4.8122,1.2373,2.5652,3.1962,1.0266,1.9485,3.505,0.3957,1.9795,3.3351,1.7433,2.0058,3.3712,2.4014,2.1668,4.2737,2.2394,2.1338,5.013,1.2396,1.6393,3.8511,0.70744,1.9776,2.7991,2.2466,2.1603,5.053,2.4025,2.2646,4.6081,1.5798,2.4723,3.9664,4.4752,2.8548,0.40281,1.9617,2.4672,4.0392,0.8034,1.9478,4.1117,1.379,2.6535,4.3154,3.8413,2.7862,0.12909,1.5621,1.6744,3.3099,0.20824,2.296,3.2427,5.103,2.8592,1.071,0.71177,2.7176,3.427,1.388,2.5393,3.05,2.1832,2.0705,4.9135,1.4608,1.9987,4.4325,1.5287,1.6351,3.3225,1.4312,2.9085,3.3779,0.63863,2.3988,2.9812,0.87158,2.4337,3.0412,0.24061,2.5953,3.3218,1.6775,2.3522,4.2107,0.64812,2.4155,2.9054,0.98785,2.3212,3.5452,1.392,1.7604,4.2696,0.31451,2.3332,3.3541,1.5247,1.5892,3.3097,0.61358,2.4082,2.9572,3.401,2.8444,0.071047,1.9103,2.5523,3.9969,2.0717,2.2004,4.6736,2.3006,2.7513,4.8914,1.9175,1.8601,3.8228,1.2898,1.6999,3.7292,2.2139,2.1001,4.9803,1.3602,2.5884,3.8998,0.97421,3.0616,2.7953,4.7958,2.8935,0.49806,1.4081,2.7092,4.4554,1.9294,1.8921,3.8867,1.3614,2.6544,3.0032,0.6835,2.721,3.3293,1.0785,2.8813,4.2603,0.82462,2.5445,2.7822,0.67668,2.0454,2.9005,0.54465,2.4147,3.3683,1.5586,2.1562,4.3381,1.5626,2.7217,4.5773,0.50523,2.0075,2.9282,2.0072,1.8168,3.7954,1.1818,1.7512,3.7186,2.2088,2.6405,4.6317,1.3383,1.6598,4.0846,1.3273,2.1441,3.1362,0.58383,2.0363,2.9652,0.55227,2.4162,2.6947,1.6945,2.4027,4.2193,2.2194,2.6244,4.6845,0.53874,2.0372,2.9103,1.5887,1.6865,3.3562,0.30884,3.0618,2.1667,0.69143,2.5681,2.6731,3.143,2.7342,6.1605,0.22509,2.8874,2.9297,4.7225,2.9014,0.42457,2.2506,2.3111,3.5478,1.2727,3.0006,4.1145,1.2529,2.4172,3.4091,1.0455,3.0434,3.8973,2.3046,2.2289,3.7019,1.172,1.7094,3.7179,2.4397,2.3681,4.5977,2.4647,2.7028,4.0709,1.3611,2.6721,4.3832,1.9101,1.8009,3.8094,1.2322,2.6612,3.7454,2.2976,2.4244,4.8315,1.6016,2.5513,3.4992,2.1649,2.2628,4.1513,0.75193,1.9514,3.2986,2.2119,2.4136,3.6092,2.2152,2.382,3.561,2.2662,1.9923,5.0112,2.5823,2.2667,4.7826,2.313,2.2558,3.7375,1.3575,1.6017,3.8875,2.1913,2.6399,4.6414,1.9147,1.8402,3.8165,0.7756,2.1012,4.1181,1.5911,1.7335,4.2405,2.2373,2.644,4.7116,1.448,2.3903,3.2636,6.0625,2.9192,2.381,1.8494,1.7807,3.5467,1.8487,2.8805,4.1246,2.1384,1.9681,4.8969,1.2275,2.5905,4.4166,1.9932,2.1538,4.886,1.6092,1.6683,3.9585,1.61,2.055,3.305,1.0996,2.6657,3.6302,1.0033,2.7733,3.8523,1.4895,2.4969,3.9165,1.1691,2.6889,3.6529,1.7998,1.6279,4.0678,0.94902,2.4583,2.846,1.9987,2.1567,4.484,0.3672,2.7197,3.1192,1.0314,1.9248,4.2756,0.99549,2.2935,3.1221,1.7129,2.4122,4.6125,0.9465,2.0254,2.8737,0.71948,1.9615,2.7378,1.5912,1.6567,3.9646,0.97032,2.4406,2.8992,1.3276,1.5647,3.8543,2.7269,2.5688,4.6112,1.0723,2.2239,3.5591,1.1918,2.7006,3.7061,1.9776,1.981,4.519,1.0231,1.9378,4.2651,1.8808,1.6912,3.48,1.6648,2.5535,4.0001,2.149,2.5292,4.863,2.0734,2.4167,3.6132,1.3585,3.0114,3.5663,1.4632,1.5026,4.1838,0.61312,2.9816,3.633,1.6137,1.642,4.1989,0.7283,1.9832,2.7334,0.73981,2.2043,3.983,2.6356,2.5753,4.521,2.057,2.0805,3.407,1.4604,2.7844,3.6026,1.0423,2.3235,3.5277,2.5851,2.0752,4.5942,1.4563,1.711,4.4298,1.547,2.5674,3.6284,2.0595,2.3931,4.1372,2.6256,2.3284,4.9036,0.56333,2.5243,3.0875
980.52,0.14012,100.91,11.191,0.20408,524.84,1.4422,1.7846,4.1025,1.2838,2.2519,4.2717,1.1367,1.9263,4.2436,2.4277,2.6201,4.2853,0.85654,2.013,4.3089,1.5139,2.5875,3.8962,3.2952,2.8184,6.1758,1.117,1.9276,4.249,1.7371,1.5873,4.201,1.312,2.2283,4.3496,0.81777,2.0577,4.2133,3.0203,2.8268,4.587,5.4629,2.6461,1.196,1.3432,2.672,3.7251,0.86403,2.1315,2.9848,2.5691,2.1684,4.6353,1.4451,1.6212,3.9389,0.62028,2.6521,3.7526,2.0552,1.7653,3.5335,1.0719,2.3802,3.2072,0.090156,2.3103,3.3095,1.751,1.6715,3.4257,1.8532,2.7026,4.1083,1.7958,1.7323,3.4253,1.436,1.5918,3.9647,0.38946,2.1844,3.1126,2.1278,2.4179,4.4995,1.456,1.7153,3.2081,0.81969,1.9582,2.7464,3.2585,2.8323,6.1016,2.0836,1.8097,3.5502,1.0711,2.7336,2.9832,1.8552,2.5976,4.0921,0.68608,1.9561,2.8139,1.0395,2.4015,3.1455,1.9427,1.9217,4.5703,1.7303,1.61,3.912,0.53108,2.1861,3.7914,1.2001,2.5855,3.7718,0.88258,2.15,3.1404,2.7211,2.3772,4.5062,2.2021,2.2549,4.8375,1.5259,1.683,3.9665,1.9174,1.9384,4.5427,1.5338,2.2291,3.2462,0.69773,2.2059,3.0018,2.4755,2.4535,4.4576,1.8806,2.5959,4.6846,1.8059,2.6081,4.6272,2.7253,2.4111,4.5742,1.2746,2.5654,3.8517,1.7937,2.2851,4.4126,1.8481,2.96,3.7658,0.65334,2.4769,2.6131,1.4723,2.1306,4.6347,2.0355,2.9733,3.9525,0.2847,2.4113,3.2962,1.6637,1.5673,4.0636,0.66163,2.0849,3.0057,2.2545,2.2701,4.6709,0.79234,2.5197,3.2473,0.89394,2.1644,3.1293,6.2063,2.88,1.7317,2.0974,2.0655,4.7376,2.6953,2.4197,4.5479,2.5298,2.253,5.0218,1.9168,2.5916,4.2083,1.0828,1.7225,4.0447,4.6567,2.8175,0.5194,0.8173,2.1382,2.9811,1.3211,2.0861,4.3799,1.0062,2.1411,3.4273,2.0753,2.6478,4.3067,1.752,1.5199,4.1157,1.2872,2.5223,3.1683,0.80244,2.5029,3.7098,2.0966,1.8401,3.6455,1.5176,2.4881,3.4258,1.59,2.5871,3.6548,1.5937,1.5879,4.2419,1.8657,2.6313,4.2998,1.9641,2.6403,4.4282,3.5752,2.734,0.032497,1.7566,1.5089,4.1033,1.8237,1.999,3.4718,2.0166,2.9248,4.8294,1.2639,2.5367,3.2263,2.5814,2.4377,4.9056,1.1077,2.6254,4.0262,1.5288,2.4656,3.4505,1.0926,1.8454,4.0592,1.6926,1.5336,4.0485,1.7836,1.9886,3.4091,0.2529,2.9045,3.3126,2.9657,2.2886,4.7125,1.2932,1.948,4.2319,1.3498,2.6264,3.5316,1.3923,2.4661,3.351,1.9027,1.885,3.6274,1.9432,2.5135,4.0701,1.0133,2.3025,3.1433,2.5462,1.9843,5.1505,1.2871,2.636,3.4544,1.3221,2.4991,3.2718,0.42733,2.9048,3.4706,0.61572,1.87,2.7347,1.6014,1.972,4.5286,1.4629,1.7636,4.1541,5.2429,2.8477,1.5539,0.80645,2.0902,2.8337,1.0873,2.674,4.0401,2.2861,2.4812,3.6286,2.4887,2.3797,4.7821,2.9625,2.6367,4.6505,2.1044,2.4999,4.4485,2.3709,2.1847,4.3088,0.71298,2.1242,3.1857,0.57159,2.4125,3.1424,0.58734,2.1408,3.6974,2.368,2.4081,4.5119,0.97753,2.413,3.0779,1.2183,1.6355,4.2531,1.6439,2.0389,3.392,5.9406,2.6434,1.6751,3.4864,2.8971,0.22335,0.85381,2.3682,3.0802,1.6682,1.61,4.0521,1.523,1.9141,3.1708,0.78522,2.4216,2.9529,2.1512,2.3167,4.8077,1.2403,2.5658,3.2005,1.0275,1.9472,3.5054,0.39113,1.98,3.3385,1.7452,2.0042,3.3679,2.4036,2.1711,4.279,2.2431,2.1321,5.0136,1.2369,1.6364,3.8517,0.70798,1.9775,2.8002,2.2501,2.1595,5.0545,2.4057,2.2672,4.6137,1.5799,2.4773,3.966,4.4823,2.8489,0.4112,1.9626,2.4735,4.0419,0.80214,1.9478,4.1108,1.3873,2.6567,4.3185,3.8528,2.7833,0.14171,1.5642,1.6782,3.3112,0.20497,2.2957,3.237,5.1037,2.8532,1.0738,0.71471,2.7149,3.4299,1.3908,2.5405,3.0507,2.1867,2.0679,4.9129,1.4593,1.9944,4.4356,1.5287,1.6351,3.324,1.433,2.9082,3.3774,0.64512,2.3967,2.9906,0.8699,2.4328,3.0435,0.23998,2.5945,3.3192,1.6814,2.3567,4.2152,0.65514,2.4145,2.9125,0.98361,2.3283,3.5383,1.3918,1.7589,4.2679,0.31434,2.3339,3.3525,1.5246,1.5877,3.3109,0.61925,2.4069,2.9656,3.4136,2.8424,0.084862,1.907,2.5517,3.9966,2.076,2.2006,4.6768,2.2871,2.749,4.8745,1.9183,1.8542,3.8198,1.2895,1.6957,3.7307,2.2168,2.0978,4.9803,1.359,2.5862,3.8959,0.96427,3.0612,2.7846,4.7987,2.8894,0.50138,1.4133,2.7092,4.4589,1.9311,1.8894,3.8874,1.366,2.6553,3.0092,0.69088,2.7189,3.338,1.0847,2.8795,4.2662,0.83324,2.5458,2.789,0.67694,2.0493,2.8991,0.54641,2.4148,3.368,1.5585,2.154,4.3427,1.5731,2.722,4.5852,0.50075,2.0092,2.9206,2.0083,1.8142,3.7952,1.1811,1.7467,3.7218,2.205,2.6382,4.625,1.336,1.6637,4.0808,1.3244,2.1431,3.1346,0.58146,2.0389,2.9597,0.55596,2.4148,2.7003,1.6992,2.4093,4.2226,2.2131,2.6206,4.6754,0.53554,2.0388,2.9043,1.59,1.686,3.3577,0.29295,3.0625,2.1484,0.69348,2.5713,2.6738,3.1543,2.7323,6.173,0.23998,2.8873,2.947,4.7258,2.8986,0.4286,2.2492,2.3071,3.5415,1.2752,2.9968,4.1186,1.2465,2.4203,3.4047,1.0449,3.042,3.8997,2.3024,2.2288,3.6978,1.1705,1.7025,3.7217,2.4397,2.3689,4.5984,2.4592,2.7041,4.0723,1.3643,2.672,4.3839,1.9108,1.7943,3.8068,1.2349,2.6571,3.7476,2.2954,2.423,4.8246,1.5997,2.5502,3.5052,2.1654,2.2668,4.1549,0.74974,1.9543,3.2945,2.2076,2.4139,3.6032,2.2102,2.3805,3.5526,2.2691,1.9937,5.0131,2.5797,2.2658,4.7821,2.3106,2.2573,3.7351,1.3567,1.6023,3.8884,2.1824,2.6357,4.6295,1.9159,1.8353,3.8133,0.77588,2.0993,4.1241,1.5903,1.73,4.2397,2.2304,2.6407,4.7025,1.4482,2.3909,3.2639,6.0687,2.9205,2.3889,1.8503,1.78,3.5491,1.8459,2.8743,4.1198,2.1432,1.9684,4.9012,1.231,2.591,4.4216,1.9977,2.1548,4.887,1.6092,1.664,3.9583,1.6109,2.0575,3.3025,1.1006,2.663,3.6302,1.0048,2.7717,3.8514,1.4934,2.4994,3.9203,1.1698,2.6859,3.6516,1.7979,1.6227,4.0671,0.95021,2.4586,2.8484,2.0038,2.1609,4.4892,0.37838,2.7152,3.1296,1.0288,1.9233,4.2757,0.99611,2.2926,3.125,1.7168,2.413,4.6139,0.94471,2.0237,2.8739,0.71876,1.9607,2.7376,1.5904,1.6527,3.9646,0.97158,2.4404,2.9036,1.325,1.5629,3.8553,2.7261,2.5683,4.6118,1.0709,2.2288,3.555,1.1941,2.6971,3.7076,1.9778,1.9812,4.5214,1.0209,1.9367,4.2657,1.8824,1.6924,3.4816,1.6647,2.5555,4.0,2.1507,2.5284,4.8608,2.0697,2.4188,3.6086,1.3683,3.0081,3.5754,1.4639,1.5048,4.1818,0.6091,2.981,3.63,1.6144,1.6386,4.1978,0.72783,1.9825,2.7333,0.74179,2.2054,3.9843,2.6339,2.5744,4.5216,2.0604,2.0785,3.4069,1.4637,2.7793,3.6069,1.0393,2.3296,3.522,2.5886,2.079,4.6012,1.4549,1.7107,4.4305,1.5455,2.5668,3.6315,2.0601,2.3973,4.1406,2.6235,2.3272,4.9009,0.56763,2.5247,3.0919
980.52,0.14012,100.91,11.191,0.21296,534.17,1.4394,1.7815,4.1008,1.2858,2.2526,4.2753,1.1332,1.9238,4.243,2.4258,2.6187,4.2861,0.85613,2.0125,4.311,1.5137,2.5904,3.8959,3.3064,2.8162,6.1894,1.1127,1.9248,4.2494,1.7371,1.5827,4.1986,1.3128,2.2281,4.3549,0.81663,2.0578,4.2139,3.0241,2.8263,4.5896,5.4561,2.6399,1.1895,1.3436,2.6693,3.7251,0.86026,2.1306,2.9829,2.5734,2.1723,4.6434,1.4432,1.62,3.94,0.61769,2.6552,3.7454,2.0574,1.7653,3.5361,1.0667,2.3797,3.2067,0.081703,2.3108,3.2976,1.7495,1.6703,3.4275,1.8486,2.6988,4.1032,1.7964,1.7336,3.4267,1.435,1.5897,3.9656,0.38999,2.1856,3.11,2.1301,2.4191,4.5019,1.455,1.7174,3.2083,0.81882,1.959,2.7464,3.2723,2.8311,6.1168,2.0891,1.811,3.5557,1.0735,2.735,2.9869,1.8582,2.5987,4.0975,0.68768,1.9585,2.8148,1.0369,2.4,3.1474,1.9453,1.9217,4.574,1.7319,1.6086,3.9134,0.5334,2.1846,3.7952,1.2029,2.5884,3.7748,0.87853,2.1521,3.1366,2.7276,2.3795,4.5131,2.2082,2.2586,4.8449,1.5281,1.6831,3.9679,1.9198,1.9394,4.5451,1.5361,2.2308,3.2453,0.69353,2.2095,2.9968,2.4776,2.4559,4.4631,1.878,2.5964,4.6754,1.802,2.6084,4.6175,2.7352,2.4146,4.5888,1.2733,2.5675,3.8471,1.7999,2.2879,4.4178,1.8439,2.9564,3.7611,0.65766,2.4775,2.6171,1.4668,2.1348,4.6319,2.0353,2.9686,3.9513,0.28073,2.4113,3.2923,1.6639,1.5658,4.0626,0.65979,2.0859,3.0029,2.2536,2.2706,4.6699,0.79427,2.5152,3.2542,0.89094,2.1661,3.1262,6.2012,2.8788,1.7254,2.1037,2.0688,4.7445,2.7013,2.4226,4.5582,2.5269,2.2493,5.0182,1.9146,2.5861,4.2056,1.0825,1.7171,4.0489,4.6556,2.8129,0.51942,0.81613,2.1387,2.9808,1.3226,2.0858,4.3838,1.0034,2.144,3.4238,2.0689,2.6438,4.2995,1.7542,1.5162,4.1137,1.2918,2.5211,3.1703,0.80453,2.5053,3.7072,2.0987,1.8368,3.6423,1.5148,2.4902,3.4258,1.5898,2.5884,3.6601,1.59,1.5876,4.2417,1.8602,2.6249,4.2919,1.9612,2.6342,4.4242,3.5844,2.7311,0.040665,1.7592,1.5056,4.1007,1.8294,1.9985,3.4736,2.0129,2.924,4.826,1.2672,2.5365,3.2302,2.5796,2.4375,4.9026,1.1098,2.626,4.0236,1.5262,2.467,3.4509,1.0889,1.8448,4.0592,1.6944,1.5315,4.0472,1.7875,1.9873,3.4087,0.25319,2.9027,3.3128,2.9683,2.2871,4.7159,1.2918,1.9477,4.2333,1.3527,2.6246,3.5385,1.3899,2.467,3.3522,1.9057,1.881,3.6247,1.9437,2.5179,4.0742,1.0102,2.3029,3.1421,2.5461,1.9824,5.1507,1.2899,2.6347,3.4607,1.3169,2.5002,3.2696,0.43226,2.9027,3.4752,0.61399,1.8711,2.7297,1.596,1.9703,4.5293,1.4624,1.7605,4.1553,5.2322,2.845,1.5426,0.80557,2.0898,2.8348,1.0883,2.6762,4.038,2.2915,2.4795,3.6309,2.4847,2.3771,4.7756,2.9703,2.6334,4.6565,2.1038,2.5001,4.447,2.3722,2.1887,4.3146,0.70882,2.1291,3.1776,0.58066,2.4104,3.1521,0.58732,2.1406,3.6973,2.3694,2.4074,4.5169,0.98612,2.4109,3.0862,1.216,1.6388,4.2503,1.641,2.0392,3.3891,5.9287,2.6402,1.6626,3.4913,2.8951,0.2289,0.85215,2.3664,3.082,1.6683,1.6087,4.051,1.5244,1.9159,3.171,0.78532,2.4203,2.9548,2.1519,2.3152,4.8036,1.2433,2.5665,3.2046,1.0284,1.9457,3.5059,0.38681,1.9804,3.3418,1.7473,2.0025,3.3646,2.406,2.1755,4.2844,2.2467,2.1303,5.0141,1.2341,1.6335,3.8521,0.70843,1.9773,2.8011,2.2535,2.1585,5.056,2.4089,2.2698,4.6191,1.58,2.4822,3.9656,4.4893,2.8432,0.41946,1.9634,2.4799,4.0447,0.80094,1.9478,4.1101,1.3954,2.6597,4.3215,3.864,2.7804,0.15401,1.5663,1.682,3.3126,0.20193,2.2955,3.2316,5.1044,2.8474,1.0768,0.71735,2.7123,3.4326,1.3935,2.5417,3.0511,2.1902,2.0653,4.9125,1.4578,1.9902,4.4386,1.5287,1.6351,3.3255,1.4347,2.9079,3.3769,0.65129,2.3949,2.9996,0.86822,2.4318,3.0456,0.23929,2.5935,3.3164,1.6852,2.3612,4.2198,0.662,2.4134,2.9196,0.97927,2.3353,3.5315,1.3916,1.7574,4.2662,0.31413,2.3344,3.3508,1.5245,1.5861,3.3122,0.62472,2.4056,2.9739,3.4256,2.8405,0.098044,1.9038,2.5512,3.9963,2.0801,2.2006,4.6798,2.274,2.7467,4.8581,1.9193,1.8484,3.8169,1.2893,1.6917,3.7322,2.2197,2.0956,4.9804,1.3577,2.584,3.8921,0.95405,3.0609,2.7736,4.8013,2.8854,0.50465,1.4182,2.7093,4.4621,1.9328,1.8867,3.888,1.3705,2.6563,3.0154,0.69773,2.7171,3.346,1.0909,2.8777,4.2719,0.84154,2.5472,2.7955,0.67725,2.053,2.8978,0.54819,2.4151,3.3676,1.5585,2.1518,4.3473,1.5831,2.7221,4.5928,0.49649,2.0109,2.9134,2.0092,1.8116,3.7951,1.1802,1.7422,3.725,2.2017,2.6361,4.6188,1.3337,1.6673,4.0772,1.3215,2.1419,3.133,0.57911,2.0414,2.9544,0.55959,2.4133,2.7057,1.7039,2.4158,4.2259,2.207,2.617,4.6667,0.53251,2.0404,2.8986,1.5912,1.6857,3.3593,0.27677,3.0631,2.1299,0.69522,2.5746,2.6741,3.1656,2.7305,6.1852,0.25465,2.8871,2.964,4.729,2.8962,0.43272,2.248,2.3032,3.5355,1.2772,2.9931,4.122,1.2403,2.4232,3.4004,1.0437,3.0407,3.9014,2.3002,2.2288,3.6938,1.169,1.6956,3.7255,2.4398,2.3696,4.5991,2.454,2.7053,4.0738,1.3675,2.6719,4.3843,1.9117,1.7877,3.8046,1.2375,2.6532,3.7496,2.2936,2.4217,4.8181,1.5978,2.5493,3.5108,2.1658,2.271,4.1585,0.74754,1.9572,3.2905,2.2033,2.4141,3.5971,2.2052,2.379,3.5443,2.2719,1.995,5.0147,2.577,2.2647,4.7817,2.308,2.259,3.7325,1.3561,1.6027,3.8894,2.1739,2.6315,4.618,1.9172,1.8305,3.8101,0.77618,2.0974,4.1301,1.5896,1.7265,4.2388,2.2238,2.6375,4.6938,1.4485,2.3915,3.2642,6.0752,2.9219,2.3969,1.8514,1.7794,3.5513,1.8433,2.8682,4.1153,2.1479,1.9686,4.9053,1.2343,2.5913,4.4265,2.0019,2.1559,4.8881,1.6092,1.66,3.9581,1.612,2.0599,3.3002,1.1016,2.6606,3.6301,1.0063,2.7702,3.8502,1.4972,2.5016,3.924,1.1704,2.6831,3.6502,1.796,1.6177,4.0666,0.95139,2.459,2.8508,2.0088,2.165,4.4943,0.38918,2.7106,3.1396,1.0261,1.9218,4.2757,0.99668,2.2918,3.1279,1.7207,2.4136,4.6153,0.94293,2.022,2.874,0.71805,1.9599,2.7374,1.5898,1.6491,3.9646,0.97275,2.4401,2.908,1.3225,1.5611,3.8565,2.7254,2.5679,4.6122,1.0695,2.2337,3.5511,1.1962,2.6937,3.7091,1.978,1.9814,4.5237,1.0189,1.9354,4.2664,1.884,1.6936,3.4831,1.6647,2.5574,3.9999,2.1525,2.5278,4.8588,2.066,2.4208,3.6039,1.3779,3.0048,3.5843,1.4645,1.5069,4.18,0.60498,2.9805,3.6268,1.615,1.6353,4.1966,0.72735,1.9818,2.7332,0.7437,2.2066,3.9855,2.6321,2.5734,4.5222,2.0639,2.0767,3.4069,1.467,2.7744,3.6111,1.0363,2.3353,3.5165,2.592,2.0827,4.6081,1.4535,1.7104,4.4314,1.544,2.5665,3.6346,2.0607,2.4013,4.1441,2.6216,2.326,4.8985,0.57182,2.5251,3.0962
980.52,0.14012,100.91,11.191,0.22183,543.4,1.4365,1.7786,4.0991,1.288,2.2532,4.2789,1.1299,1.9214,4.2422,2.424,2.6172,4.2872,0.85571,2.0122,4.3131,1.5134,2.5931,3.8955,3.3175,2.8138,6.2027,1.1085,1.9222,4.2499,1.7372,1.5782,4.1963,1.3137,2.228,4.3601,0.81556,2.058,4.2146,3.0279,2.8257,4.5922,5.4496,2.6339,1.1836,1.3439,2.667,3.7248,0.85653,2.1296,2.981,2.5776,2.1761,4.6513,1.4413,1.6188,3.9412,0.61507,2.6584,3.7382,2.0596,1.7652,3.5387,1.0614,2.3794,3.2057,0.073237,2.3114,3.2858,1.748,1.6691,3.4294,1.8444,2.6952,4.0986,1.797,1.7349,3.4281,1.434,1.5878,3.9664,0.39052,2.1868,3.1074,2.1324,2.4204,4.5044,1.4541,1.7196,3.2085,0.81792,1.9597,2.7464,3.2867,2.8298,6.1325,2.0948,1.8123,3.5617,1.0759,2.7365,2.9904,1.8614,2.5999,4.1033,0.68917,1.9608,2.8157,1.034,2.3987,3.1492,1.9481,1.9217,4.5776,1.7335,1.6074,3.9147,0.53587,2.183,3.7993,1.2059,2.5912,3.7778,0.87454,2.1543,3.1329,2.7339,2.3817,4.5197,2.2145,2.2623,4.8528,1.5303,1.683,3.9692,1.9222,1.9404,4.5474,1.5387,2.2327,3.2442,0.68964,2.2127,2.9924,2.4796,2.4582,4.4686,1.8754,2.597,4.6663,1.7982,2.6088,4.6078,2.7449,2.4178,4.6033,1.272,2.5694,3.8421,1.8062,2.2907,4.423,1.8401,2.9529,3.7568,0.66174,2.4781,2.6208,1.4609,2.1389,4.6285,2.0352,2.9639,3.9502,0.27665,2.4113,3.2885,1.6641,1.5645,4.0617,0.65801,2.0868,3.0003,2.2527,2.2711,4.6688,0.79576,2.5106,3.2607,0.88815,2.1674,3.1237,6.1965,2.8776,1.7195,2.1098,2.072,4.7512,2.7066,2.4251,4.5678,2.5238,2.2454,5.0148,1.9127,2.5811,4.2031,1.0821,1.7116,4.0531,4.6533,2.8091,0.51822,0.81554,2.1394,2.9813,1.324,2.0855,4.3876,1.0005,2.1469,3.4202,2.0627,2.6399,4.2924,1.7564,1.5125,4.1117,1.2962,2.52,3.1721,0.80665,2.5077,3.7048,2.1008,1.8335,3.6392,1.5123,2.4921,3.4263,1.5899,2.5896,3.6657,1.5861,1.5876,4.2415,1.8551,2.619,4.2844,1.9585,2.6284,4.4204,3.5934,2.7282,0.048665,1.7619,1.5021,4.0979,1.8351,1.9978,3.4754,2.0094,2.9231,4.8227,1.2704,2.5363,3.234,2.5778,2.4372,4.8995,1.1119,2.6266,4.0211,1.5238,2.4684,3.4514,1.0853,1.844,4.0595,1.6962,1.5293,4.0459,1.7915,1.986,3.4084,0.25355,2.9008,3.3129,2.9707,2.2855,4.719,1.2903,1.9472,4.2346,1.3558,2.623,3.5453,1.3875,2.4678,3.3534,1.9086,1.8771,3.6221,1.9442,2.5219,4.0781,1.0072,2.3033,3.141,2.546,1.9806,5.1508,1.2924,2.6336,3.4668,1.3117,2.5013,3.2676,0.43706,2.9005,3.4796,0.61239,1.8722,2.7248,1.5907,1.9687,4.5298,1.4618,1.7576,4.1565,5.2218,2.8424,1.5316,0.80472,2.0892,2.8359,1.0892,2.6783,4.036,2.2969,2.4779,3.6332,2.481,2.3746,4.7695,2.9777,2.63,4.6622,2.1032,2.5002,4.4455,2.3735,2.1926,4.3204,0.70474,2.1337,3.1697,0.5894,2.4084,3.1614,0.58735,2.1405,3.6971,2.371,2.4066,4.5218,0.99436,2.4089,3.0943,1.2137,1.6422,4.2477,1.6381,2.0395,3.3863,5.9174,2.637,1.6507,3.4953,2.8931,0.23366,0.85024,2.3649,3.0832,1.6684,1.6075,4.0499,1.5257,1.9178,3.1712,0.7854,2.4191,2.9567,2.1528,2.3138,4.7997,1.2461,2.5672,3.2086,1.0292,1.9443,3.5065,0.38263,1.9811,3.345,1.7493,2.0009,3.3615,2.4084,2.1797,4.2899,2.2501,2.1286,5.0147,1.2312,1.6307,3.8525,0.70881,1.9771,2.8019,2.2568,2.1574,5.0573,2.412,2.2721,4.6244,1.5801,2.4868,3.965,4.496,2.8375,0.42757,1.9644,2.4861,4.0475,0.79981,1.9478,4.1094,1.4033,2.6628,4.3244,3.8748,2.7775,0.16596,1.5685,1.6856,3.314,0.19907,2.2952,3.2263,5.1054,2.8417,1.0799,0.71968,2.7098,3.4348,1.396,2.5429,3.0514,2.1938,2.0628,4.9122,1.4563,1.9863,4.4415,1.5287,1.635,3.327,1.4363,2.9077,3.3762,0.65714,2.3931,3.0081,0.8665,2.4308,3.0477,0.23849,2.5927,3.3137,1.689,2.3655,4.2243,0.66865,2.4124,2.9264,0.97482,2.3421,3.5245,1.3914,1.7559,4.2644,0.31384,2.335,3.3492,1.5243,1.5846,3.3134,0.62998,2.4044,2.9817,3.4371,2.8386,0.11068,1.9006,2.5509,3.996,2.0843,2.2007,4.683,2.2615,2.7443,4.8421,1.9201,1.8426,3.8141,1.289,1.6878,3.7336,2.2225,2.0934,4.9805,1.3565,2.5821,3.8885,0.94354,3.0606,2.7624,4.8036,2.8815,0.50778,1.423,2.7092,4.4651,1.9345,1.884,3.8887,1.3749,2.6573,3.0213,0.70409,2.7153,3.3535,1.097,2.8758,4.2776,0.84951,2.5485,2.8016,0.67762,2.0566,2.8968,0.55009,2.4152,3.3675,1.5586,2.1495,4.3518,1.5927,2.7223,4.6,0.49241,2.0124,2.9064,2.0102,1.8091,3.7949,1.1792,1.7377,3.7281,2.1987,2.6341,4.6132,1.3315,1.6708,4.0737,1.3186,2.1408,3.1315,0.5768,2.0437,2.9493,0.56314,2.4119,2.7111,1.7083,2.422,4.2288,2.2013,2.6135,4.6585,0.52966,2.0416,2.8933,1.5924,1.6854,3.3608,0.26025,3.0636,2.111,0.69669,2.578,2.6741,3.1765,2.7286,6.1972,0.26906,2.8867,2.9807,4.7323,2.894,0.4369,2.2469,2.2994,3.5297,1.2786,2.9895,4.1249,1.2344,2.4257,3.3964,1.0419,3.0394,3.9023,2.2981,2.2287,3.6898,1.1675,1.6887,3.7291,2.4398,2.3704,4.5997,2.4489,2.7065,4.0754,1.3705,2.6717,4.3848,1.9125,1.7813,3.8024,1.24,2.6494,3.7516,2.2922,2.4205,4.8119,1.5959,2.5484,3.5162,2.1664,2.2751,4.1622,0.74534,1.9601,3.2864,2.1993,2.4144,3.5912,2.2004,2.3774,3.5361,2.2744,1.9962,5.0161,2.5744,2.2637,4.7812,2.3056,2.2605,3.7301,1.3555,1.6031,3.8903,2.1657,2.6274,4.607,1.9184,1.8257,3.807,0.77648,2.0955,4.136,1.5888,1.7232,4.2378,2.2174,2.6342,4.6852,1.4489,2.3922,3.2645,6.0817,2.9232,2.4049,1.8525,1.7788,3.5535,1.8409,2.8621,4.1112,2.1524,1.9688,4.9091,1.2374,2.5917,4.4312,2.0061,2.157,4.8891,1.6093,1.6561,3.9579,1.6132,2.0622,3.2979,1.1025,2.6583,3.6299,1.0076,2.7687,3.849,1.5009,2.5037,3.9278,1.171,2.6804,3.6489,1.7941,1.6129,4.0661,0.95254,2.4595,2.8531,2.0137,2.1689,4.4992,0.39954,2.7061,3.1491,1.0234,1.9203,4.2758,0.99722,2.291,3.1306,1.7245,2.4143,4.6167,0.94118,2.0205,2.874,0.71737,1.9589,2.7371,1.5892,1.6455,3.9646,0.97382,2.44,2.9122,1.32,1.5593,3.8576,2.7245,2.5674,4.6125,1.0681,2.2386,3.5471,1.1983,2.6904,3.7105,1.9783,1.9817,4.5259,1.0169,1.9341,4.2671,1.8855,1.6947,3.4846,1.6646,2.5593,3.9997,2.1542,2.5272,4.8569,2.0624,2.4228,3.5994,1.3872,3.0014,3.593,1.4652,1.5089,4.1783,0.6008,2.9798,3.6235,1.6157,1.6321,4.1955,0.72689,1.9811,2.7331,0.74554,2.2078,3.9867,2.6304,2.5725,4.5228,2.0672,2.0748,3.4069,1.4701,2.7696,3.6154,1.0333,2.3409,3.5111,2.5956,2.0863,4.6151,1.4523,1.7104,4.4323,1.5426,2.5661,3.6377,2.0613,2.4051,4.1474,2.6198,2.3248,4.8961,0.5759,2.5256,3.1004
980.52,0.14012,100.91,11.191,0.2307,551.85,1.4338,1.7757,4.0974,1.2902,2.2538,4.2827,1.1266,1.919,4.2415,2.4223,2.6157,4.2883,0.85528,2.0119,4.3151,1.5132,2.5959,3.8952,3.3285,2.8113,6.216,1.1043,1.9195,4.2503,1.7374,1.5739,4.194,1.3145,2.2279,4.3653,0.8145,2.0583,4.2153,3.0314,2.8251,4.5946,5.4434,2.6279,1.1781,1.344,2.6649,3.7245,0.8528,2.1287,2.9791,2.5817,2.1799,4.659,1.4394,1.6177,3.9423,0.6125,2.6615,3.7308,2.0617,1.7653,3.5413,1.0558,2.3791,3.2045,0.064757,2.312,3.2741,1.7464,1.6677,3.4314,1.8404,2.6914,4.0943,1.7976,1.7361,3.4296,1.4331,1.586,3.967,0.39101,2.1878,3.1048,2.1348,2.4218,4.5069,1.4532,1.7219,3.2087,0.81699,1.9601,2.7465,3.3015,2.8284,6.1489,2.1011,1.8137,3.5683,1.0781,2.7382,2.9937,1.865,2.6012,4.1093,0.69055,1.9631,2.8163,1.031,2.3974,3.151,1.9508,1.9217,4.5815,1.735,1.6066,3.916,0.53849,2.1813,3.8036,1.2089,2.5938,3.7809,0.87053,2.1564,3.1291,2.7403,2.3841,4.5262,2.2217,2.2663,4.8614,1.5324,1.6827,3.9704,1.9248,1.9413,4.5499,1.5414,2.2348,3.2432,0.68601,2.2157,2.9884,2.4815,2.4605,4.4741,1.873,2.5975,4.6572,1.7942,2.6091,4.598,2.7545,2.4209,4.6177,1.2702,2.5713,3.8366,1.8126,2.2934,4.4281,1.8363,2.9496,3.7527,0.6656,2.4787,2.6244,1.4544,2.143,4.6246,2.0352,2.9591,3.9493,0.27224,2.4113,3.2842,1.6644,1.5631,4.0608,0.65628,2.0874,2.9977,2.2517,2.2715,4.6675,0.79681,2.5058,3.2671,0.88572,2.1681,3.1219,6.1922,2.8764,1.7142,2.1159,2.0749,4.7577,2.7109,2.4272,4.5764,2.5208,2.2413,5.0116,1.911,2.5766,4.201,1.0816,1.7058,4.0576,4.6493,2.8062,0.51551,0.81563,2.14,2.9826,1.3255,2.0851,4.3914,0.99761,2.1498,3.4166,2.0565,2.6358,4.2853,1.7586,1.5087,4.1096,1.3006,2.5189,3.1739,0.80877,2.5101,3.7023,2.103,1.8302,3.6362,1.5101,2.4941,3.4273,1.5903,2.5904,3.6718,1.582,1.5879,4.2416,1.8503,2.6131,4.2772,1.9559,2.6227,4.4167,3.6024,2.7254,0.056519,1.7645,1.4985,4.0952,1.8408,1.9971,3.4772,2.0061,2.9221,4.8198,1.2734,2.5361,3.2376,2.576,2.4368,4.8964,1.1141,2.6273,4.0189,1.5214,2.4697,3.452,1.0818,1.8433,4.0598,1.6981,1.5273,4.0447,1.7955,1.9846,3.4082,0.25394,2.8989,3.313,2.9729,2.2839,4.7219,1.2887,1.9467,4.236,1.3586,2.6216,3.552,1.3852,2.4686,3.3548,1.9113,1.873,3.6196,1.9448,2.5258,4.082,1.0042,2.3035,3.1398,2.546,1.9788,5.1511,1.2947,2.6327,3.4725,1.3066,2.5022,3.2655,0.44171,2.8982,3.4838,0.61089,1.873,2.7203,1.5855,1.967,4.5302,1.4612,1.755,4.1578,5.2117,2.84,1.5209,0.80391,2.0888,2.8371,1.09,2.6805,4.034,2.3021,2.4763,3.6355,2.4774,2.3722,4.7636,2.985,2.6267,4.6675,2.1027,2.5004,4.4441,2.3748,2.1964,4.326,0.70077,2.1381,3.1623,0.59787,2.4065,3.1705,0.58742,2.1404,3.6971,2.3727,2.406,4.5266,1.0023,2.4069,3.102,1.2115,1.6456,4.2451,1.6352,2.0397,3.3835,5.9064,2.6337,1.6393,3.4986,2.8912,0.23762,0.84814,2.3634,3.0841,1.6684,1.6064,4.0488,1.5271,1.9196,3.1716,0.78546,2.4178,2.9586,2.1537,2.3124,4.7959,1.2489,2.568,3.2126,1.0299,1.9427,3.5071,0.37853,1.9817,3.3478,1.7513,1.999,3.3584,2.4109,2.184,4.2956,2.2534,2.1267,5.0151,1.2284,1.6281,3.8527,0.70909,1.977,2.8025,2.2599,2.1563,5.0586,2.415,2.2744,4.6295,1.5801,2.4912,3.9646,4.5026,2.8321,0.4355,1.9652,2.4922,4.0503,0.79873,1.9478,4.1089,1.411,2.6658,4.3271,3.8852,2.7746,0.17757,1.5706,1.6894,3.3154,0.19639,2.2949,3.2213,5.1063,2.8361,1.083,0.72174,2.7073,3.4368,1.3983,2.5441,3.0515,2.1974,2.0603,4.912,1.4548,1.9824,4.4443,1.5287,1.6348,3.3285,1.4381,2.9074,3.3757,0.66268,2.3914,3.0163,0.86477,2.43,3.0496,0.2376,2.5919,3.3109,1.6928,2.3698,4.2286,0.67509,2.4114,2.933,0.97028,2.3488,3.5174,1.3911,1.7543,4.2626,0.31348,2.3354,3.3474,1.5241,1.5829,3.3147,0.63501,2.4032,2.9892,3.4481,2.8367,0.12276,1.8975,2.5507,3.9957,2.0885,2.2007,4.686,2.2496,2.7419,4.8268,1.9208,1.8367,3.8115,1.2888,1.6841,3.7349,2.2252,2.0914,4.9805,1.3553,2.5803,3.885,0.93273,3.0604,2.7508,4.8056,2.8775,0.51076,1.4275,2.7091,4.4679,1.9362,1.8814,3.8893,1.3792,2.6582,3.0272,0.70998,2.7136,3.3603,1.1029,2.8739,4.2831,0.85713,2.5498,2.8077,0.67802,2.0601,2.8959,0.55213,2.4153,3.3675,1.5587,2.1472,4.3563,1.6018,2.7224,4.6067,0.48852,2.014,2.8997,2.011,1.8067,3.7948,1.1783,1.7334,3.7311,2.196,2.6322,4.608,1.3292,1.6741,4.0704,1.3158,2.1397,3.1299,0.57455,2.0458,2.9444,0.56659,2.4105,2.7164,1.7126,2.428,4.2317,2.196,2.61,4.6506,0.52695,2.0429,2.8883,1.5936,1.6851,3.3624,0.24341,3.064,2.0918,0.69789,2.5814,2.6738,3.1872,2.7266,6.2088,0.28318,2.8864,2.9971,4.7355,2.892,0.4411,2.246,2.2957,3.5242,1.2796,2.9861,4.1272,1.2286,2.4281,3.3925,1.0393,3.0382,3.9025,2.296,2.2286,3.6857,1.166,1.6819,3.7328,2.4399,2.371,4.6003,2.444,2.7075,4.0771,1.3734,2.6716,4.3852,1.9132,1.775,3.8004,1.2424,2.6456,3.7534,2.2907,2.4194,4.806,1.594,2.5477,3.5214,2.167,2.2793,4.166,0.74315,1.9629,3.2824,2.1954,2.4146,3.5853,2.1957,2.3757,3.528,2.2769,1.9972,5.0173,2.5719,2.2627,4.7807,2.3031,2.2622,3.7277,1.3551,1.6033,3.8911,2.1579,2.6233,4.5964,1.9197,1.821,3.804,0.7768,2.0936,4.1417,1.5881,1.72,4.2369,2.2112,2.631,4.6769,1.4492,2.3928,3.2648,6.0883,2.9244,2.413,1.8535,1.7782,3.5556,1.8389,2.8562,4.1073,2.1567,1.9689,4.9127,1.2403,2.5921,4.4358,2.0102,2.1579,4.8899,1.6094,1.6523,3.9578,1.6144,2.0644,3.2958,1.1032,2.6562,3.6297,1.0089,2.7673,3.8476,1.5045,2.5057,3.9315,1.1715,2.6778,3.6476,1.7922,1.6083,4.0657,0.9537,2.4599,2.8553,2.0185,2.1728,4.5041,0.4095,2.7016,3.1582,1.0207,1.9188,4.2757,0.99772,2.2903,3.1333,1.7284,2.4147,4.6182,0.93943,2.0189,2.874,0.71673,1.9581,2.7369,1.5886,1.6423,3.9646,0.9748,2.4399,2.9163,1.3174,1.5575,3.8587,2.7237,2.5669,4.6128,1.0665,2.2435,3.543,1.2003,2.6872,3.7119,1.9786,1.9819,4.5281,1.0151,1.9328,4.2677,1.8872,1.6958,3.4862,1.6645,2.5611,3.9995,2.1561,2.5266,4.855,2.0589,2.4247,3.595,1.3963,2.998,3.6017,1.4657,1.5108,4.1766,0.59658,2.9793,3.6203,1.6164,1.6292,4.1944,0.72645,1.9805,2.733,0.74731,2.209,3.9878,2.6286,2.5717,4.5234,2.0705,2.073,3.407,1.4731,2.765,3.6197,1.0304,2.3462,3.5059,2.599,2.0898,4.6219,1.4511,1.7104,4.433,1.5412,2.5659,3.6405,2.0619,2.409,4.1507,2.618,2.3237,4.8937,0.57987,2.526,3.1045
980.52,0.14012,100.91,11.191,0.23957,561.1,1.4311,1.7729,4.0958,1.2925,2.2545,4.2865,1.1234,1.9167,4.2408,2.4207,2.6142,4.2896,0.85485,2.0118,4.3168,1.5129,2.5984,3.8947,3.3395,2.8088,6.2293,1.1001,1.9168,4.2508,1.7375,1.5697,4.1916,1.3153,2.2278,4.3704,0.81347,2.0587,4.216,3.0349,2.8245,4.5969,5.4376,2.622,1.1731,1.344,2.6631,3.7239,0.84908,2.1278,2.9772,2.5859,2.1834,4.6664,1.4373,1.6168,3.9433,0.60993,2.6646,3.7233,2.0638,1.7654,3.5438,1.0499,2.379,3.2029,0.056294,2.3123,3.2624,1.7448,1.6663,3.4334,1.8367,2.6878,4.0905,1.7982,1.7373,3.431,1.4322,1.5844,3.9676,0.39149,2.189,3.1021,2.1372,2.4234,4.5095,1.4524,1.7246,3.2091,0.81607,1.9605,2.7467,3.317,2.8269,6.1657,2.1076,1.8151,3.5755,1.0804,2.7402,2.9966,1.8689,2.6026,4.1158,0.69183,1.9653,2.8169,1.0279,2.3962,3.1525,1.9538,1.9217,4.5854,1.7365,1.606,3.9173,0.54128,2.1794,3.8081,1.212,2.5962,3.7841,0.86655,2.1585,3.1255,2.7463,2.3865,4.5324,2.2293,2.2703,4.8703,1.5345,1.6823,3.9716,1.9274,1.9422,4.5523,1.5443,2.237,3.242,0.68275,2.2185,2.985,2.4834,2.4627,4.4793,1.8704,2.5981,4.6482,1.7903,2.6096,4.5881,2.7635,2.4239,4.6316,1.2682,2.5729,3.8307,1.819,2.2961,4.4332,1.8327,2.9463,3.7488,0.6692,2.4793,2.6277,1.4476,2.1473,4.6202,2.0353,2.9544,3.9486,0.26767,2.4113,3.2797,1.6646,1.5617,4.0599,0.65461,2.088,2.9954,2.2505,2.2718,4.6661,0.79731,2.5009,3.2728,0.88378,2.1684,3.1211,6.1882,2.8751,1.7092,2.122,2.0777,4.7641,2.7142,2.4291,4.584,2.518,2.2373,5.0086,1.9096,2.5726,4.1991,1.081,1.6999,4.062,4.6445,2.8038,0.51159,0.81634,2.1408,2.9846,1.327,2.0848,4.3951,0.99466,2.1527,3.413,2.0503,2.632,4.2785,1.7605,1.5049,4.1075,1.3049,2.5179,3.1755,0.81088,2.5123,3.7,2.1053,1.827,3.6332,1.5081,2.4957,3.4286,1.5909,2.5911,3.678,1.5777,1.5883,4.2417,1.8459,2.6079,4.2705,1.9537,2.6173,4.4131,3.611,2.7225,0.064117,1.767,1.4948,4.0924,1.8463,1.9964,3.479,2.0031,2.9211,4.8171,1.2764,2.536,3.2411,2.5743,2.4366,4.8934,1.1163,2.628,4.0168,1.5191,2.471,3.4528,1.0783,1.8426,4.0601,1.6999,1.5252,4.0434,1.7994,1.9832,3.4081,0.25437,2.8971,3.3131,2.975,2.2824,4.7246,1.2871,1.9463,4.2373,1.3614,2.6203,3.5582,1.3829,2.4694,3.3562,1.9141,1.8691,3.6174,1.9452,2.5294,4.0858,1.0012,2.3038,3.1388,2.546,1.9772,5.1515,1.2968,2.6319,3.4778,1.3016,2.5031,3.2635,0.44628,2.896,3.488,0.60954,1.8738,2.716,1.5802,1.9655,4.5303,1.4605,1.7526,4.1588,5.2019,2.8374,1.5105,0.80315,2.0883,2.8381,1.0906,2.6824,4.032,2.3072,2.4747,3.6378,2.4743,2.37,4.7581,2.9919,2.6235,4.6726,2.1022,2.5006,4.4427,2.3762,2.2001,4.3315,0.69692,2.142,3.1552,0.60594,2.4046,3.1789,0.58753,2.1402,3.6971,2.3744,2.4052,4.5314,1.0098,2.4052,3.1093,1.2093,1.6489,4.2427,1.6322,2.0398,3.3806,5.896,2.6306,1.6283,3.5012,2.8893,0.24084,0.84589,2.3621,3.0847,1.6685,1.6052,4.0478,1.5285,1.9214,3.172,0.78552,2.4165,2.9603,2.1547,2.3111,4.7924,1.2515,2.5688,3.2164,1.0307,1.9411,3.5078,0.37455,1.9825,3.3505,1.7534,1.9973,3.3555,2.4137,2.1881,4.3015,2.2566,2.1249,5.0156,1.2256,1.6256,3.853,0.70931,1.9767,2.8031,2.263,2.1551,5.0598,2.4179,2.2766,4.6344,1.5801,2.4953,3.964,4.5088,2.8268,0.44322,1.9661,2.4982,4.0531,0.79771,1.9478,4.1083,1.4184,2.6686,4.3298,3.8953,2.772,0.18876,1.5728,1.6931,3.3169,0.19394,2.2948,3.2167,5.1075,2.8307,1.0862,0.72352,2.705,3.4385,1.4003,2.5453,3.0515,2.201,2.0579,4.9119,1.4533,1.9786,4.4468,1.5287,1.6346,3.33,1.4397,2.9073,3.3751,0.66787,2.3898,3.0239,0.86305,2.4291,3.0515,0.23666,2.5911,3.308,1.6965,2.3737,4.233,0.68134,2.4105,2.9395,0.9657,2.3553,3.5104,1.3908,1.7528,4.2608,0.31308,2.3359,3.3457,1.524,1.5812,3.3161,0.63983,2.4022,2.9964,3.4584,2.8348,0.13413,1.8945,2.5506,3.9955,2.0925,2.2006,4.6889,2.2384,2.7395,4.812,1.9215,1.8308,3.8092,1.2885,1.6806,3.7363,2.2279,2.0893,4.9806,1.3542,2.5785,3.8815,0.92169,3.0603,2.7392,4.8073,2.8738,0.51361,1.4318,2.709,4.4705,1.938,1.8789,3.8901,1.3835,2.6591,3.0331,0.71543,2.712,3.3667,1.1087,2.8721,4.2885,0.86445,2.5512,2.8133,0.67848,2.0634,2.8951,0.5541,2.4154,3.3675,1.5588,2.1449,4.3607,1.6104,2.7225,4.6131,0.48487,2.0154,2.8935,2.0119,1.8044,3.7948,1.1774,1.7291,3.7341,2.1938,2.6305,4.6034,1.327,1.6772,4.0671,1.313,2.1385,3.1283,0.57238,2.0478,2.9395,0.56996,2.4091,2.7216,1.7168,2.4337,4.2341,2.191,2.6068,4.6431,0.52444,2.0438,2.8837,1.5948,1.6849,3.364,0.22651,3.0645,2.0728,0.69879,2.5849,2.6733,3.1975,2.7246,6.2198,0.29703,2.8858,3.0131,4.7386,2.8903,0.4453,2.2453,2.2921,3.519,1.2802,2.9829,4.129,1.2231,2.4302,3.3889,1.0365,3.0369,3.9024,2.294,2.2286,3.6818,1.1645,1.6752,3.7364,2.4399,2.3717,4.6009,2.4393,2.7083,4.0791,1.3762,2.6715,4.3854,1.914,1.769,3.7986,1.2446,2.6421,3.7552,2.2897,2.4185,4.8004,1.592,2.547,3.5264,2.1676,2.2832,4.1698,0.74098,1.9656,3.2785,2.1917,2.4148,3.5795,2.1912,2.3741,3.52,2.2791,1.9981,5.0184,2.5694,2.2617,4.7803,2.3006,2.2639,3.7253,1.3546,1.6033,3.8918,2.1506,2.6193,4.5863,1.921,1.8164,3.8011,0.77713,2.0918,4.1472,1.5873,1.7169,4.2361,2.2052,2.6279,4.6688,1.4496,2.3934,3.265,6.095,2.9256,2.4212,1.8547,1.7776,3.5576,1.837,2.8506,4.1037,2.1608,1.969,4.9161,1.2431,2.5924,4.4402,2.014,2.1591,4.8907,1.6095,1.6488,3.9576,1.6157,2.0666,3.2937,1.1039,2.6541,3.6294,1.0101,2.7658,3.8462,1.508,2.5075,3.9351,1.172,2.6755,3.6463,1.7904,1.6039,4.0653,0.95484,2.4605,2.8575,2.0232,2.1765,4.5087,0.41901,2.6971,3.1669,1.0182,1.9173,4.2757,0.99815,2.2896,3.1357,1.7322,2.4152,4.6197,0.9377,2.0174,2.8739,0.7161,1.9573,2.7367,1.588,1.6393,3.9646,0.97568,2.4399,2.9202,1.3149,1.5558,3.8597,2.7228,2.5665,4.6129,1.065,2.2482,3.5391,1.2023,2.6842,3.7132,1.9789,1.9821,4.5303,1.0131,1.9315,4.2685,1.8888,1.6968,3.4877,1.6644,2.5627,3.9993,2.1579,2.526,4.8534,2.0556,2.4268,3.5907,1.4053,2.9947,3.6101,1.4663,1.5128,4.1749,0.59234,2.9787,3.617,1.6173,1.6264,4.1934,0.72601,1.9798,2.7329,0.74899,2.2103,3.9887,2.627,2.5709,4.5241,2.0737,2.0712,3.4072,1.4761,2.7606,3.624,1.0276,2.3512,3.5009,2.6024,2.0932,4.6286,1.4499,1.7105,4.4338,1.5398,2.5657,3.6434,2.0625,2.4126,4.1539,2.6163,2.3227,4.8915,0.58372,2.5265,3.1084
980.52,0.14012,100.91,11.191,0.24845,569.87,1.4283,1.7703,4.0942,1.2949,2.2551,4.2904,1.1203,1.9144,4.2401,2.4192,2.6128,4.2911,0.85441,2.0118,4.3186,1.5126,2.601,3.8941,3.3505,2.8061,6.2423,1.0959,1.914,4.2513,1.7378,1.5657,4.1893,1.3162,2.2277,4.3756,0.81247,2.0592,4.2167,3.0381,2.8238,4.599,5.432,2.6163,1.1685,1.3438,2.6614,3.7233,0.84536,2.1268,2.9752,2.5899,2.1867,4.6737,1.4354,1.6159,3.9443,0.60751,2.6677,3.7159,2.0658,1.7655,3.5464,1.0438,2.379,3.2009,0.047898,2.3126,3.2509,1.7432,1.6648,3.4354,1.8332,2.6841,4.087,1.7988,1.7384,3.4325,1.4313,1.5828,3.968,0.39196,2.1901,3.0993,2.1396,2.425,4.512,1.4517,1.7273,3.2096,0.81512,1.9608,2.7469,3.3329,2.8252,6.1831,2.1144,1.8164,3.583,1.0826,2.7423,2.9995,1.8731,2.6041,4.1226,0.69301,1.9675,2.8175,1.0247,2.395,3.1539,1.9568,1.9216,4.5893,1.738,1.6056,3.9186,0.54425,2.1775,3.8129,1.2152,2.5984,3.7873,0.86261,2.1605,3.1219,2.7524,2.3889,4.5383,2.2377,2.2744,4.8796,1.5366,1.6817,3.9728,1.9301,1.943,4.5547,1.5474,2.2394,3.241,0.67977,2.2212,2.9822,2.4851,2.4648,4.4846,1.868,2.5987,4.6392,1.7864,2.61,4.5782,2.7724,2.4269,4.6451,1.2659,2.5745,3.8242,1.8256,2.2988,4.4384,1.8292,2.9431,3.7452,0.67257,2.48,2.6308,1.4403,2.1515,4.6153,2.0356,2.9495,3.948,0.26299,2.4114,3.2745,1.6648,1.5604,4.059,0.653,2.0885,2.9931,2.2491,2.2721,4.6646,0.79733,2.4959,3.2782,0.8821,2.1682,3.1208,6.1846,2.8738,1.7047,2.1279,2.0803,4.7701,2.7165,2.4307,4.5905,2.5154,2.2333,5.0056,1.9085,2.5691,4.1973,1.0802,1.6939,4.0665,4.6387,2.8022,0.50684,0.81755,2.1416,2.9873,1.3285,2.0844,4.3987,0.99163,2.1557,3.4093,2.0443,2.6282,4.2715,1.7624,1.5011,4.1054,1.3091,2.5168,3.177,0.81302,2.5145,3.6976,2.1076,1.8237,3.6302,1.5065,2.4973,3.4305,1.5918,2.5916,3.6844,1.5734,1.5889,4.242,1.8417,2.6028,4.2641,1.9516,2.6122,4.4097,3.6195,2.7196,0.071554,1.7696,1.491,4.0895,1.8519,1.9956,3.4808,2.0002,2.9201,4.8146,1.2793,2.5358,3.2445,2.5726,2.4362,4.8903,1.1185,2.6288,4.0149,1.5169,2.4722,3.4537,1.0749,1.8419,4.0606,1.7017,1.5232,4.0422,1.8034,1.9817,3.408,0.25481,2.8952,3.3131,2.977,2.2808,4.7271,1.2854,1.9457,4.2387,1.364,2.6191,3.5643,1.3807,2.4702,3.3576,1.9168,1.865,3.6152,1.9456,2.5327,4.0895,0.9983,2.304,3.1378,2.546,1.9757,5.152,1.2987,2.6312,3.483,1.2967,2.504,3.2616,0.4507,2.8938,3.492,0.60828,1.8745,2.712,1.575,1.9641,4.5304,1.4598,1.7503,4.1599,5.1925,2.835,1.5004,0.80244,2.0878,2.8393,1.0912,2.6843,4.03,2.3122,2.4731,3.6401,2.4712,2.3679,4.7529,2.9986,2.6203,4.6772,2.1017,2.5009,4.4414,2.3774,2.2037,4.3371,0.69316,2.1457,3.1484,0.61374,2.4029,3.187,0.58769,2.14,3.6971,2.3762,2.4045,4.5361,1.017,2.4034,3.1163,1.2071,1.6521,4.2403,1.6292,2.0398,3.3777,5.8859,2.6274,1.6179,3.5033,2.8874,0.24343,0.84349,2.3609,3.085,1.6685,1.6042,4.0469,1.5299,1.9231,3.1724,0.78555,2.4152,2.9621,2.1559,2.3098,4.7891,1.2541,2.5697,3.2201,1.0315,1.9394,3.5085,0.37064,1.9834,3.3531,1.7556,1.9955,3.3527,2.4167,2.1922,4.3074,2.2598,2.1231,5.0161,1.2229,1.6232,3.8532,0.70945,1.9763,2.8036,2.266,2.1539,5.0609,2.4207,2.2786,4.6392,1.5801,2.4994,3.9635,4.5148,2.8216,0.45071,1.967,2.5041,4.0559,0.79675,1.9477,4.1078,1.4257,2.6715,4.3323,3.9049,2.7693,0.19961,1.575,1.6968,3.3184,0.19166,2.2946,3.2122,5.1087,2.8253,1.0895,0.72507,2.7027,3.4399,1.4023,2.5465,3.0513,2.2046,2.0556,4.9119,1.4518,1.975,4.4494,1.5288,1.6344,3.3315,1.4414,2.9071,3.3745,0.67278,2.3882,3.0312,0.86135,2.4284,3.0534,0.23565,2.5903,3.3051,1.7001,2.3775,4.2372,0.6874,2.4097,2.9459,0.96106,2.3616,3.5033,1.3905,1.7512,4.259,0.31261,2.3363,3.3439,1.5238,1.5795,3.3174,0.64445,2.4011,3.0033,3.4681,2.8329,0.14487,1.8915,2.5505,3.9951,2.0966,2.2006,4.6919,2.2276,2.7371,4.7977,1.9222,1.825,3.8069,1.2882,1.6772,3.7375,2.2306,2.0874,4.9807,1.3531,2.5769,3.8782,0.91028,3.0602,2.7271,4.8088,2.8701,0.5164,1.436,2.7088,4.4729,1.9398,1.8764,3.8908,1.3876,2.6599,3.0388,0.72049,2.7105,3.3725,1.1144,2.8702,4.2938,0.87146,2.5525,2.8188,0.67897,2.0667,2.8945,0.55602,2.4156,3.3673,1.5589,2.1425,4.365,1.6186,2.7225,4.619,0.48141,2.0167,2.8874,2.0127,1.8022,3.7948,1.1765,1.725,3.737,2.1918,2.6289,4.599,1.3248,1.6802,4.0639,1.3102,2.1373,3.1268,0.57026,2.0497,2.935,0.57325,2.4078,2.7267,1.7208,2.4393,4.2364,2.1863,2.6037,4.6359,0.52205,2.0447,2.8793,1.596,1.6847,3.3657,0.20943,3.065,2.0535,0.69944,2.5884,2.6725,3.2074,2.7227,6.2304,0.31067,2.8852,3.0289,4.7417,2.8886,0.44946,2.2446,2.2885,3.5139,1.2804,2.9797,4.1304,1.2177,2.4322,3.3855,1.0332,3.0357,3.9018,2.292,2.2285,3.6779,1.163,1.6685,3.7399,2.44,2.3723,4.6015,2.4349,2.7091,4.0811,1.3789,2.6714,4.3856,1.9147,1.7631,3.7968,1.2467,2.6387,3.7569,2.2888,2.4176,4.795,1.5901,2.5464,3.5313,2.1682,2.2872,4.1736,0.73883,1.9683,3.2747,2.1882,2.415,3.5739,2.1868,2.3724,3.5122,2.2812,1.9989,5.0192,2.567,2.2607,4.7798,2.2982,2.2656,3.723,1.3541,1.6032,3.8925,2.1435,2.6153,4.5766,1.9222,1.8119,3.7983,0.77747,2.09,4.1526,1.5865,1.7138,4.2352,2.1995,2.6248,4.661,1.45,2.3941,3.2653,6.1019,2.9268,2.4295,1.8559,1.777,3.5596,1.8354,2.845,4.1005,2.1647,1.9689,4.9192,1.2457,2.5928,4.4444,2.0178,2.1602,4.8914,1.6096,1.6454,3.9575,1.617,2.0687,3.2918,1.1046,2.6522,3.6291,1.0112,2.7644,3.8446,1.5114,2.5092,3.9387,1.1725,2.6732,3.645,1.7885,1.5996,4.0649,0.95599,2.461,2.8596,2.0278,2.18,4.5133,0.42813,2.6927,3.1752,1.0156,1.9158,4.2756,0.99853,2.289,3.1381,1.7359,2.4156,4.6212,0.93597,2.016,2.8738,0.7155,1.9564,2.7366,1.5875,1.6364,3.9646,0.9765,2.4399,2.924,1.3124,1.554,3.8607,2.7218,2.5661,4.6129,1.0634,2.253,3.5352,1.2042,2.6812,3.7144,1.9793,1.9823,4.5324,1.0113,1.9302,4.2692,1.8904,1.6977,3.4892,1.6643,2.5643,3.9991,2.1598,2.5255,4.8518,2.0523,2.4287,3.5865,1.4141,2.9913,3.6185,1.4668,1.5147,4.1733,0.58809,2.978,3.6137,1.6182,1.6237,4.1923,0.72558,1.9791,2.7329,0.7506,2.2116,3.9896,2.6253,2.5701,4.5248,2.0769,2.0694,3.4074,1.479,2.7563,3.6283,1.0248,2.3561,3.4961,2.6058,2.0964,4.6351,1.4487,1.7108,4.4345,1.5384,2.5656,3.6462,2.0631,2.4161,4.157,2.6147,2.3217,4.8894,0.58748,2.5271,3.1122
980.52,0.14012,100.91,11.191,0.25732,578.34,1.4256,1.7677,4.0927,1.2973,2.2557,4.2944,1.1173,1.9121,4.2394,2.4179,2.6113,4.2927,0.85396,2.0118,4.3201,1.5123,2.6036,3.8935,3.3614,2.8033,6.2552,1.0918,1.9112,4.2517,1.7381,1.5619,4.1868,1.3171,2.2277,4.3807,0.81148,2.0597,4.2174,3.0412,2.8231,4.6011,5.4268,2.6107,1.1642,1.3436,2.6601,3.7226,0.84162,2.1258,2.9731,2.5937,2.19,4.6809,1.4333,1.615,3.9453,0.60529,2.6708,3.7085,2.0678,1.7657,3.5491,1.0374,2.3791,3.1985,0.039582,2.3129,3.2397,1.7416,1.6633,3.4375,1.8298,2.6804,4.0836,1.7994,1.7395,3.4339,1.4303,1.5815,3.9684,0.39243,2.1911,3.0964,2.1421,2.4266,4.5146,1.451,1.7301,3.21,0.81419,1.9609,2.7472,3.3492,2.8235,6.201,2.1212,1.8177,3.5909,1.0848,2.7446,3.0021,1.8775,2.6056,4.1298,0.69408,1.9697,2.8178,1.0214,2.3938,3.1552,1.9599,1.9216,4.5933,1.7394,1.6055,3.9198,0.54739,2.1754,3.8178,1.2184,2.6006,3.7905,0.85869,2.1625,3.1183,2.7582,2.3914,4.5437,2.2468,2.2784,4.8895,1.5385,1.681,3.9738,1.9329,1.9437,4.5572,1.5507,2.242,3.2399,0.67708,2.2237,2.9797,2.4868,2.4669,4.4898,1.8655,2.5993,4.6303,1.7825,2.6103,4.5681,2.7807,2.4297,4.6581,1.2633,2.576,3.8175,1.8323,2.3015,4.4434,1.8258,2.9399,3.7417,0.67574,2.4806,2.6336,1.4327,2.1556,4.61,2.0361,2.9447,3.9478,0.25842,2.4117,3.2692,1.6649,1.5592,4.058,0.65144,2.0888,2.991,2.2477,2.2723,4.663,0.79678,2.4909,3.2831,0.88063,2.1677,3.1212,6.1813,2.8725,1.7006,2.1339,2.0827,4.776,2.7179,2.432,4.5961,2.5133,2.2294,5.003,1.9076,2.5659,4.1958,1.0794,1.6878,4.0711,4.6321,2.8012,0.50132,0.81915,2.1425,2.9905,1.3301,2.0841,4.4022,0.98854,2.1586,3.4056,2.0382,2.6244,4.2648,1.7642,1.4973,4.1031,1.3131,2.5158,3.1783,0.81515,2.5168,3.6952,2.1099,1.8204,3.6273,1.5053,2.4987,3.433,1.5929,2.5919,3.691,1.5691,1.5898,4.2423,1.8379,2.5981,4.2581,1.9497,2.6072,4.4063,3.6279,2.7167,0.078851,1.7722,1.487,4.0865,1.8573,1.9947,3.4825,1.9976,2.919,4.8122,1.2821,2.5357,3.2477,2.571,2.4359,4.8872,1.1208,2.6296,4.0133,1.5146,2.4734,3.4546,1.0715,1.8412,4.0609,1.7036,1.5213,4.041,1.8073,1.9803,3.408,0.25524,2.8934,3.3131,2.9787,2.2793,4.7295,1.2838,1.9451,4.2401,1.3665,2.6182,3.57,1.3785,2.4711,3.359,1.9194,1.8611,3.6132,1.9459,2.5359,4.0932,0.99536,2.3042,3.1369,2.546,1.9743,5.1525,1.3004,2.6306,3.4878,1.2918,2.5048,3.2597,0.455,2.8914,3.4958,0.60713,1.8751,2.7082,1.5699,1.9627,4.5303,1.4592,1.7481,4.161,5.1833,2.8325,1.4905,0.80177,2.0874,2.8404,1.0916,2.6862,4.0281,2.317,2.4716,3.6425,2.4684,2.3658,4.7479,3.005,2.617,4.6816,2.1014,2.5011,4.4402,2.3787,2.2073,4.3425,0.68946,2.1492,3.1419,0.62131,2.4013,3.195,0.5879,2.1399,3.6971,2.378,2.4037,4.5408,1.0239,2.4019,3.1231,1.2049,1.6554,4.2379,1.6261,2.0397,3.3748,5.8763,2.6242,1.6078,3.5047,2.8857,0.24543,0.84096,2.3598,3.0851,1.6685,1.6032,4.0459,1.5312,1.9247,3.1729,0.78555,2.4139,2.9636,2.157,2.3085,4.786,1.2567,2.5706,3.2238,1.0322,1.9377,3.5093,0.36676,1.9844,3.3555,1.7578,1.9936,3.35,2.4197,2.1962,4.3135,2.2629,2.1212,5.0165,1.2201,1.6208,3.8533,0.7095,1.9761,2.8039,2.2688,2.1526,5.0619,2.4235,2.2807,4.6438,1.5801,2.5032,3.9629,4.5207,2.8165,0.45803,1.9679,2.5099,4.0587,0.79584,1.9477,4.1075,1.4328,2.6742,4.3348,3.9143,2.7666,0.21015,1.5774,1.7006,3.3198,0.18954,2.2945,3.2079,5.11,2.8201,1.0929,0.72641,2.7005,3.441,1.404,2.5477,3.051,2.2083,2.0532,4.912,1.4504,1.9715,4.4518,1.5288,1.6341,3.3329,1.4429,2.9069,3.3739,0.67745,2.3868,3.0382,0.85969,2.4276,3.0552,0.23459,2.5895,3.3022,1.7038,2.3812,4.2413,0.69332,2.4088,2.9522,0.95637,2.3678,3.4961,1.3902,1.7497,4.2572,0.31209,2.3366,3.3421,1.5236,1.5777,3.3188,0.64889,2.4001,3.0101,3.4772,2.8311,0.155,1.8885,2.5506,3.9947,2.1006,2.2005,4.6948,2.2172,2.7347,4.7836,1.9229,1.8193,3.8047,1.288,1.6739,3.7387,2.2332,2.0855,4.9808,1.3521,2.5755,3.875,0.89852,3.0602,2.7147,4.8101,2.8666,0.51917,1.4399,2.7085,4.4752,1.9416,1.8739,3.8916,1.3916,2.6608,3.0444,0.7252,2.7091,3.3779,1.1199,2.8683,4.2989,0.87821,2.5539,2.824,0.67949,2.0699,2.894,0.55786,2.4159,3.3671,1.5591,2.1401,4.3693,1.6263,2.7225,4.6246,0.47811,2.0179,2.8817,2.0135,1.8,3.7948,1.1755,1.7209,3.7398,2.1901,2.6274,4.5951,1.3226,1.683,4.0608,1.3074,2.1362,3.1253,0.56822,2.0514,2.9305,0.57647,2.4065,2.7318,1.7246,2.4445,4.2386,2.1819,2.6006,4.629,0.51978,2.0455,2.8752,1.5971,1.6845,3.3672,0.19222,3.0654,2.0342,0.69983,2.592,2.6715,3.2169,2.7207,6.2406,0.32416,2.8845,3.0445,4.7447,2.8872,0.45362,2.2442,2.285,3.509,1.2804,2.9768,4.1314,1.2126,2.4339,3.3822,1.0295,3.0346,3.9008,2.2901,2.2285,3.674,1.1616,1.662,3.7434,2.4401,2.3729,4.6021,2.4306,2.7098,4.0834,1.3815,2.6713,4.3857,1.9154,1.7572,3.7954,1.2489,2.6353,3.7584,2.288,2.4168,4.79,1.5881,2.546,3.5361,2.1689,2.291,4.1774,0.73671,1.9709,3.2709,2.1849,2.4151,3.5684,2.1826,2.3708,3.5044,2.2833,1.9996,5.0198,2.5646,2.2598,4.7794,2.2957,2.2672,3.7206,1.3538,1.603,3.8931,2.1367,2.6115,4.5672,1.9235,1.8074,3.7955,0.77782,2.0883,4.158,1.5857,1.7108,4.2343,2.194,2.6218,4.6533,1.4503,2.3948,3.2656,6.1089,2.9279,2.4379,1.8571,1.7764,3.5615,1.8341,2.8396,4.0975,2.1685,1.9689,4.9221,1.2483,2.593,4.4485,2.0215,2.1613,4.8921,1.6098,1.6422,3.9574,1.6184,2.0708,3.29,1.1051,2.6504,3.6287,1.0122,2.7631,3.8431,1.5148,2.5107,3.9423,1.1729,2.6709,3.6437,1.7867,1.5956,4.0646,0.95717,2.4616,2.8618,2.0324,2.1835,4.5178,0.43689,2.6884,3.1831,1.0131,1.9144,4.2755,0.99888,2.2885,3.1404,1.7396,2.4159,4.6226,0.93428,2.0147,2.8736,0.71494,1.9556,2.7365,1.587,1.6338,3.9646,0.97724,2.44,2.9277,1.3099,1.5524,3.8617,2.7208,2.5657,4.6129,1.0619,2.2577,3.5313,1.206,2.6783,3.7156,1.9797,1.9825,4.5346,1.0096,1.9289,4.2699,1.8919,1.6986,3.4906,1.6642,2.5658,3.9989,2.1617,2.525,4.8504,2.0491,2.4308,3.5824,1.4226,2.9879,3.6267,1.4673,1.5166,4.1718,0.58384,2.9775,3.6103,1.6191,1.6211,4.1913,0.72516,1.9785,2.7328,0.75214,2.2129,3.9904,2.6238,2.5693,4.5256,2.0801,2.0677,3.4076,1.4818,2.7522,3.6325,1.0221,2.3607,3.4914,2.6092,2.0996,4.6415,1.4477,1.7111,4.4352,1.5372,2.5656,3.6488,2.0637,2.4195,4.1602,2.6132,2.3207,4.8872,0.59115,2.5275,3.116
980.52,0.14012,100.91,11.191,0.26619,587.62,1.4229,1.7653,4.091,1.2996,2.2564,4.2984,1.1143,1.91,4.2386,2.4166,2.6098,4.2945,0.85349,2.0119,4.3217,1.5119,2.606,3.8928,3.3721,2.8005,6.2622,1.0877,1.9085,4.2521,1.7385,1.5582,4.1845,1.3181,2.2277,4.3858,0.81049,2.0603,4.2181,3.0443,2.8224,4.6031,5.4217,2.6051,1.1604,1.3432,2.6588,3.7216,0.8379,2.1246,2.9712,2.5975,2.193,4.6877,1.4314,1.6141,3.9463,0.60324,2.6736,3.7012,2.0698,1.766,3.5517,1.0309,2.3793,3.196,0.031435,2.3131,3.2288,1.7399,1.6616,3.4395,1.8266,2.6767,4.0806,1.8001,1.7406,3.4355,1.4293,1.5801,3.9686,0.39291,2.1922,3.0937,2.1444,2.4283,4.5169,1.4503,1.7329,3.2105,0.81329,1.9609,2.7476,3.3658,2.8215,6.2191,2.1281,1.8189,3.5989,1.0869,2.7469,3.0045,1.8822,2.6072,4.1372,0.69505,1.9717,2.8182,1.018,2.3926,3.1565,1.9631,1.9215,4.5974,1.7408,1.6058,3.9211,0.55069,2.1734,3.8231,1.2217,2.6025,3.7937,0.85489,2.1643,3.115,2.7637,2.3936,4.5487,2.2557,2.2818,4.8988,1.5405,1.68,3.975,1.9358,1.9444,4.5595,1.5541,2.2444,3.2388,0.67473,2.226,2.978,2.4884,2.4688,4.4949,1.8633,2.6,4.6216,1.7785,2.6107,4.5581,2.7882,2.4321,4.67,1.2607,2.5774,3.8105,1.839,2.3041,4.4485,1.8224,2.9369,3.7382,0.67868,2.4813,2.6362,1.4248,2.1596,4.6044,2.0369,2.9398,3.9478,0.25444,2.4119,3.2645,1.6651,1.558,4.057,0.64997,2.0891,2.9891,2.2461,2.2724,4.6614,0.79565,2.4861,3.2875,0.87944,2.167,3.1219,6.1786,2.8711,1.6972,2.1395,2.0848,4.7815,2.7188,2.433,4.601,2.5117,2.2258,5.0008,1.9068,2.5631,4.1944,1.0784,1.682,4.0756,4.6253,2.8002,0.4955,0.82099,2.1436,2.9938,1.3317,2.0838,4.4055,0.98541,2.1614,3.4019,2.0325,2.6208,4.2582,1.766,1.4937,4.1009,1.3171,2.5147,3.1796,0.81729,2.5188,3.693,2.1122,1.8172,3.6245,1.5043,2.5001,3.4358,1.5943,2.5922,3.6976,1.5648,1.5908,4.2427,1.8345,2.5937,4.2526,1.9479,2.6025,4.4033,3.6361,2.7139,0.085939,1.7747,1.4827,4.0835,1.8628,1.9937,3.4843,1.995,2.9178,4.8099,1.2848,2.5356,3.2508,2.5693,2.4356,4.8842,1.123,2.6305,4.0117,1.5126,2.4746,3.4558,1.0683,1.8405,4.0614,1.7054,1.5195,4.0397,1.8113,1.9788,3.4081,0.25569,2.8916,3.3131,2.9804,2.2778,4.7316,1.2821,1.9444,4.2415,1.3688,2.6173,3.5756,1.3764,2.472,3.3606,1.9219,1.8571,3.6114,1.9463,2.5387,4.0967,0.99246,2.3044,3.1359,2.5459,1.973,5.153,1.302,2.6301,3.4924,1.287,2.5057,3.2579,0.45917,2.8892,3.4995,0.60609,1.8757,2.7046,1.5648,1.9613,4.5301,1.4585,1.7462,4.162,5.1743,2.8302,1.4809,0.80113,2.087,2.8416,1.0919,2.688,4.026,2.3217,2.47,3.6445,2.4659,2.3639,4.7432,3.0111,2.6138,4.6856,2.101,2.5014,4.439,2.3801,2.2108,4.3479,0.68584,2.1525,3.1357,0.62854,2.3998,3.2024,0.58815,2.1398,3.6972,2.3799,2.4029,4.5454,1.0305,2.4004,3.1294,1.2028,1.6586,4.2357,1.6229,2.0395,3.3719,5.8671,2.621,1.5982,3.5057,2.884,0.24697,0.83831,2.3587,3.0849,1.6684,1.6022,4.045,1.5326,1.9264,3.1735,0.78552,2.4125,2.9651,2.1584,2.3072,4.7831,1.2591,2.5717,3.2274,1.033,1.9359,3.5103,0.36295,1.9856,3.3576,1.76,1.9918,3.3474,2.4229,2.2003,4.3197,2.2659,2.1194,5.017,1.2174,1.6186,3.8533,0.70949,1.9757,2.8042,2.2716,2.1512,5.0629,2.4262,2.2825,4.6484,1.58,2.507,3.9623,4.5263,2.8115,0.46514,1.9689,2.5155,4.0614,0.79497,1.9477,4.1071,1.4397,2.6768,4.3371,3.9234,2.7641,0.22035,1.5796,1.7043,3.3214,0.18761,2.2944,3.2039,5.1115,2.815,1.0963,0.72752,2.6985,3.4419,1.4056,2.549,3.0506,2.212,2.0509,4.9121,1.4489,1.968,4.4541,1.5289,1.6338,3.3344,1.4445,2.9068,3.3732,0.68186,2.3854,3.0448,0.85805,2.4267,3.057,0.23353,2.5887,3.2994,1.7073,2.3847,4.2453,0.69913,2.408,2.9583,0.95165,2.3736,3.489,1.3899,1.7481,4.2554,0.31153,2.3369,3.3403,1.5234,1.5759,3.3202,0.65317,2.3991,3.0166,3.4858,2.8293,0.16453,1.8856,2.5507,3.9942,2.1046,2.2003,4.6977,2.2072,2.7323,4.7701,1.9235,1.8135,3.8029,1.2877,1.6708,3.7399,2.2357,2.0837,4.9809,1.351,2.5741,3.8719,0.88639,3.0601,2.7019,4.8113,2.8633,0.52194,1.4437,2.7082,4.4772,1.9434,1.8715,3.8925,1.3956,2.6618,3.05,0.72957,2.7076,3.3829,1.1254,2.8665,4.304,0.88471,2.5553,2.829,0.68005,2.0729,2.8935,0.55956,2.4162,3.3667,1.5593,2.1377,4.3736,1.6337,2.7225,4.6299,0.47502,2.0191,2.8762,2.0143,1.7979,3.7949,1.1744,1.7169,3.7425,2.1886,2.6259,4.5915,1.3205,1.6857,4.0578,1.3046,2.1349,3.1238,0.56624,2.0531,2.9262,0.57965,2.4052,2.7367,1.7283,2.4496,4.2405,2.1776,2.5977,4.6224,0.51765,2.0462,2.8713,1.5983,1.6844,3.3689,0.17491,3.0658,2.0148,0.69996,2.5957,2.6701,3.2261,2.7188,6.2502,0.33754,2.8837,3.06,4.7476,2.8857,0.45774,2.2438,2.2816,3.5043,1.28,2.974,4.1322,1.2076,2.4355,3.3791,1.0255,3.0333,3.8995,2.2882,2.2285,3.6701,1.1602,1.6556,3.7468,2.4401,2.3736,4.6027,2.4266,2.7105,4.0856,1.3839,2.6712,4.3858,1.9162,1.7516,3.7939,1.2508,2.6321,3.7599,2.2874,2.416,4.7852,1.5863,2.5455,3.5407,2.1697,2.2948,4.1812,0.73458,1.9735,3.2673,2.1817,2.4152,3.5629,2.1785,2.3691,3.4968,2.2851,2.0003,5.0203,2.5624,2.2587,4.779,2.2933,2.2689,3.7184,1.3535,1.6026,3.8938,2.1304,2.6077,4.5583,1.9248,1.8029,3.7929,0.77818,2.0865,4.1633,1.5848,1.7079,4.2333,2.1886,2.6188,4.6458,1.4507,2.3955,3.2659,6.116,2.929,2.4464,1.8584,1.7758,3.5633,1.8329,2.8343,4.0949,2.172,1.9687,4.9248,1.2506,2.5934,4.4524,2.025,2.1624,4.8927,1.61,1.6391,3.9573,1.6198,2.0727,3.2882,1.1057,2.6486,3.6283,1.0133,2.7617,3.8414,1.5181,2.5122,3.9458,1.1734,2.6689,3.6424,1.7849,1.5917,4.0642,0.95836,2.4622,2.8638,2.0369,2.1869,4.5221,0.4453,2.684,3.1907,1.0107,1.9128,4.2754,0.99917,2.288,3.1425,1.7433,2.4162,4.6241,0.93258,2.0133,2.8733,0.7144,1.9546,2.7365,1.5865,1.6313,3.9646,0.97792,2.4401,2.9312,1.3075,1.5507,3.8627,2.7197,2.5653,4.6128,1.0603,2.2623,3.5274,1.2077,2.6755,3.7168,1.9801,1.9827,4.5365,1.0078,1.9275,4.2708,1.8935,1.6995,3.4921,1.6641,2.5673,3.9988,2.1635,2.5245,4.8489,2.046,2.4327,3.5785,1.431,2.9844,3.6348,1.4678,1.5183,4.1703,0.57959,2.9768,3.6069,1.6202,1.6188,4.1903,0.72474,1.9777,2.7327,0.7536,2.2144,3.9911,2.6222,2.5685,4.5265,2.0833,2.066,3.4079,1.4846,2.7481,3.6368,1.0196,2.3651,3.4869,2.6125,2.1027,4.6477,1.4465,1.7115,4.4359,1.5358,2.5656,3.6514,2.0643,2.4227,4.1632,2.6117,2.3197,4.8852,0.59477,2.528,3.1197
980.52,0.14012,100.91,11.191,0.27507,596.87,1.4202,1.7629,4.0895,1.3021,2.2571,4.3023,1.1115,1.9078,4.2379,2.4155,2.6085,4.2965,0.85302,2.0121,4.3232,1.5116,2.6084,3.8922,3.3829,2.7975,0.3252,1.0838,1.9058,4.2525,1.7389,1.5548,4.1821,1.3189,2.2277,4.3908,0.80954,2.0609,4.2188,3.0472,2.8217,4.6051,5.417,2.5997,1.1571,1.3427,2.6578,3.7207,0.83419,2.1235,2.9691,2.601,2.1958,4.6941,1.4293,1.6133,3.9472,0.60144,2.6764,3.6943,2.0718,1.7663,3.5545,1.0244,2.3795,3.1933,0.023512,2.3132,3.2183,1.7382,1.66,3.4417,1.8236,2.6731,4.0778,1.8007,1.7416,3.437,1.4284,1.5791,3.9689,0.39343,2.1931,3.091,2.1467,2.43,4.5192,1.4497,1.7357,3.211,0.81245,1.9608,2.7481,3.3826,2.8194,6.2374,2.1349,1.8198,3.6067,1.0892,2.7494,3.0071,1.8869,2.6087,4.1447,0.69593,1.9739,2.8184,1.0145,2.3915,3.1576,1.9664,1.9214,4.6013,1.7421,1.6063,3.9222,0.55412,2.1711,3.8286,1.2249,2.6043,3.7969,0.85128,2.1662,3.1119,2.7688,2.3958,4.5531,2.2646,2.2848,4.9077,1.5424,1.679,3.9759,1.9387,1.945,4.562,1.5575,2.2467,3.2378,0.67268,2.2282,2.9766,2.49,2.4707,4.5001,1.8611,2.6006,4.6133,1.7747,2.6111,4.5484,2.7949,2.4345,4.6808,1.258,2.5788,3.8037,1.8457,2.3067,4.4536,1.8191,2.9341,3.7349,0.68137,2.4819,2.6386,1.4168,2.1634,4.5987,2.0378,2.935,3.9482,0.25116,2.412,3.2606,1.6653,1.5569,4.0561,0.64857,2.0892,2.9872,2.2444,2.2725,4.6596,0.79398,2.4815,3.2912,0.87833,2.1663,3.1228,6.1764,2.8698,1.6943,2.1451,2.0867,4.7867,2.7192,2.4337,4.6053,2.5107,2.2225,4.9989,1.9062,2.5606,4.1932,1.0776,1.6763,4.0799,4.6187,2.7991,0.48977,0.82288,2.1446,2.9972,1.3335,2.0834,4.4088,0.98228,2.1642,3.3983,2.027,2.6173,4.2521,1.7678,1.4901,4.0987,1.3209,2.5138,3.1806,0.81943,2.5209,3.6906,2.1146,1.8139,3.6217,1.5037,2.5013,3.439,1.5957,2.5925,3.7043,1.5608,1.5919,4.2431,1.8314,2.5897,4.2474,1.9465,2.5982,4.4004,3.6441,2.711,0.092902,1.7772,1.4785,4.0804,1.8684,1.9928,3.4862,1.9924,2.9168,4.8075,1.2875,2.5355,3.2537,2.5677,2.4353,4.8813,1.1252,2.6314,4.01,1.5104,2.4756,3.4569,1.0651,1.8399,4.0618,1.7073,1.5177,4.0386,1.8152,1.9773,3.4083,0.25615,2.8897,3.313,2.9821,2.2762,4.7337,1.2803,1.9438,4.2428,1.3711,2.6167,3.581,1.3742,2.4728,3.3621,1.9245,1.8533,3.6096,1.9467,2.5415,4.1002,0.98958,2.3045,3.135,2.5458,1.9718,5.1535,1.3034,2.6296,3.4967,1.2822,2.5064,3.256,0.46319,2.8868,3.503,0.60513,1.8762,2.7012,1.5597,1.96,4.5299,1.4579,1.7441,4.1629,5.1655,2.8279,1.4716,0.80052,2.0866,2.8427,1.092,2.6899,4.0239,2.3264,2.4683,3.6466,2.4635,2.3621,4.7387,3.017,2.6106,4.6894,2.1007,2.5017,4.438,2.3815,2.2142,4.3534,0.68226,2.1555,3.1296,0.63553,2.3983,3.2096,0.58843,2.1397,3.6973,2.3819,2.4021,4.5501,1.0367,2.3989,3.1355,1.2007,1.6617,4.2334,1.6197,2.0393,3.369,5.8582,2.6179,1.5891,3.5064,2.8822,0.24814,0.83553,2.3578,3.0845,1.6684,1.6013,4.0441,1.534,1.928,3.1741,0.78544,2.4112,2.9666,2.1598,2.3061,4.7803,1.2615,2.5727,3.2308,1.0338,1.9339,3.5112,0.35915,1.9868,3.3598,1.7623,1.9899,3.3449,2.4264,2.2042,4.3262,2.2688,2.1174,5.0175,1.2147,1.6162,3.8533,0.7094,1.9753,2.8043,2.2743,2.1498,5.0638,2.4289,2.2844,4.6529,1.58,2.5106,3.9618,4.5318,2.8065,0.47213,1.9697,2.521,4.0641,0.79414,1.9477,4.1067,1.4464,2.6794,4.3394,3.9322,2.7616,0.23026,1.5821,1.708,3.323,0.18583,2.2943,3.2,5.1129,2.81,1.0999,0.72839,2.6964,3.4426,1.407,2.5502,3.05,2.2157,2.0485,4.9123,1.4474,1.9646,4.4565,1.5289,1.6334,3.3359,1.4462,2.9067,3.3725,0.68609,2.3841,3.0511,0.85641,2.426,3.0589,0.23245,2.5879,3.2965,1.7108,2.388,4.2492,0.70484,2.4072,2.9644,0.94688,2.3793,3.4819,1.3896,1.7464,4.2535,0.31091,2.3371,3.3384,1.5232,1.574,3.3216,0.65731,2.3982,3.0228,3.4939,2.8274,0.1736,1.8826,2.551,3.9937,2.1085,2.2001,4.7005,2.1976,2.7298,4.7568,1.9241,1.8077,3.801,1.2874,1.6678,3.741,2.2383,2.0818,4.981,1.3501,2.5728,3.8689,0.87379,3.0602,2.6887,4.8122,2.8601,0.52472,1.4473,2.7079,4.4792,1.9453,1.8691,3.8932,1.3994,2.6626,3.0556,0.73365,2.7063,3.3875,1.1308,2.8645,4.309,0.89097,2.5567,2.8338,0.68064,2.0759,2.8932,0.56125,2.4165,3.3662,1.5597,2.1352,4.3777,1.6407,2.7225,4.6349,0.47209,2.0201,2.8709,2.015,1.7958,3.795,1.1735,1.7131,3.7452,2.1874,2.6246,4.5881,1.3183,1.6883,4.0549,1.3019,2.1338,3.1223,0.56433,2.0546,2.9221,0.58275,2.404,2.7418,1.7318,2.4546,4.2423,2.1736,2.5949,4.616,0.51561,2.0467,2.8677,1.5994,1.6843,3.3706,0.1573,3.0661,1.9952,0.69987,2.5993,2.6685,3.2349,2.7168,6.2594,0.35094,2.8828,3.0754,4.7504,2.8846,0.46187,2.2436,2.2782,3.4997,1.2795,2.9713,4.1327,1.2026,2.4371,3.376,1.0213,3.0322,3.8977,2.2863,2.2284,3.6662,1.1587,1.6492,3.7502,2.4402,2.3742,4.6033,2.4228,2.711,4.0881,1.3864,2.671,4.3857,1.9168,1.746,3.7927,1.2527,2.6289,3.7614,2.2869,2.4154,4.7805,1.5844,2.5451,3.5453,2.1703,2.2986,4.1851,0.73247,1.976,3.2636,2.1787,2.4154,3.5575,2.1747,2.3673,3.4894,2.2869,2.0008,5.0206,2.56,2.2578,4.7786,2.2908,2.2707,3.7161,1.3533,1.6021,3.8943,2.1244,2.604,4.5497,1.9261,1.7985,3.7903,0.77855,2.0848,4.1686,1.5839,1.705,4.2325,2.1833,2.6159,4.6386,1.4511,2.3962,3.2661,6.1232,2.93,2.4551,1.8596,1.7752,3.5652,1.832,2.8291,4.0924,2.1755,1.9685,4.9273,1.253,2.5937,4.4562,2.0285,2.1635,4.8932,1.6102,1.6362,3.9572,1.6213,2.0747,3.2865,1.1062,2.6469,3.6279,1.0141,2.7603,3.8397,1.5214,2.5137,3.9493,1.1738,2.6669,3.6412,1.783,1.588,4.0639,0.95956,2.4629,2.866,2.0412,2.1901,4.5263,0.4534,2.6798,3.198,1.0082,1.9114,4.2752,0.99942,2.2876,3.1446,1.747,2.4165,4.6256,0.93089,2.012,2.873,0.71388,1.9538,2.7365,1.586,1.629,3.9646,0.97855,2.4403,2.9347,1.305,1.549,3.8636,2.7187,2.5649,4.6127,1.0586,2.267,3.5237,1.2095,2.6728,3.7178,1.9806,1.9829,4.5386,1.0061,1.9261,4.2715,1.8952,1.7003,3.4936,1.664,2.5686,3.9986,2.1655,2.524,4.8477,2.0431,2.4348,3.5746,1.4393,2.981,3.6428,1.4683,1.5202,4.1689,0.57534,2.9762,3.6036,1.6212,1.6165,4.1894,0.72435,1.9771,2.7326,0.755,2.2158,3.9918,2.6206,2.5679,4.5273,2.0864,2.0643,3.4082,1.4873,2.7442,3.6409,1.0171,2.3692,3.4827,2.6157,2.1056,4.6538,1.4455,1.712,4.4366,1.5345,2.5657,3.6539,2.0649,2.4258,4.1662,2.6101,2.3189,4.8831,0.59832,2.5285,3.1234
980.52,0.14012,100.91,11.191,0.28394,606.54,1.4175,1.7608,4.088,1.3044,2.2577,4.3062,1.1088,1.9057,4.2371,2.4143,2.6072,4.2984,0.85257,2.0121,4.3248,1.5112,2.6107,3.8915,3.3932,2.7945,0.0095813,1.0798,1.9032,4.2529,1.7393,1.5515,4.1796,1.3195,2.2276,4.3956,0.80865,2.0613,4.2197,3.0502,2.8209,4.607,5.4126,2.5944,1.1543,1.3421,2.6568,3.7194,0.83057,2.1223,2.9671,2.6043,2.1985,4.7002,1.4273,1.6124,3.9482,0.59992,2.6787,3.6879,2.0739,1.7664,3.5574,1.0179,2.3796,3.1904,0.015955,2.3133,3.2085,1.7365,1.6583,3.4438,1.8207,2.6697,4.0752,1.8013,1.7426,3.4385,1.4274,1.5781,3.9691,0.39404,2.1939,3.0886,2.1487,2.4314,4.521,1.449,1.7383,3.2114,0.81169,1.9606,2.7487,3.3991,2.8173,6.2555,2.1413,1.8205,3.6138,1.0917,2.7517,3.01,1.8914,2.6099,4.1518,0.69669,1.9758,2.8185,1.0112,2.3903,3.1588,1.9697,1.9213,4.6053,1.7434,1.607,3.9233,0.55764,2.1689,3.834,1.2282,2.606,3.8001,0.84802,2.1678,3.1092,2.7732,2.3976,4.5566,2.2723,2.2869,4.9154,1.5442,1.6778,3.977,1.9416,1.9454,4.5643,1.5608,2.2486,3.2369,0.67089,2.2301,2.9757,2.4916,2.4723,4.5051,1.8592,2.6013,4.6054,1.7712,2.6113,4.539,2.8008,2.4364,4.6902,1.2555,2.5803,3.7975,1.8524,2.3093,4.4585,1.8157,2.9315,3.7315,0.6838,2.4827,2.6405,1.4092,2.1672,4.5934,2.039,2.9304,3.9487,0.24864,2.4121,3.258,1.6655,1.5558,4.0551,0.64724,2.0892,2.9855,2.2428,2.2726,4.6578,0.79189,2.4775,3.2942,0.87702,2.1663,3.123,6.1748,2.8685,1.692,2.1503,2.0884,4.7915,2.7198,2.4344,4.6097,2.51,2.2194,4.9973,1.9058,2.5585,4.1922,1.0768,1.6714,4.0839,4.613,2.7974,0.48484,0.82453,2.1457,3.0003,1.3352,2.0832,4.4119,0.97917,2.167,3.3947,2.0221,2.6142,4.2465,1.7697,1.4867,4.0965,1.3248,2.5129,3.1816,0.82154,2.5229,3.6884,2.1169,1.8108,3.619,1.5033,2.5026,3.4423,1.5971,2.593,3.7108,1.5568,1.5932,4.2433,1.8285,2.5861,4.2427,1.9454,2.5941,4.3979,3.6521,2.7082,0.099786,1.7799,1.474,4.0772,1.8738,1.9918,3.4881,1.9894,2.9156,4.8044,1.29,2.5356,3.2564,2.5662,2.435,4.8784,1.1271,2.6322,4.0081,1.5084,2.4768,3.4581,1.062,1.8392,4.0621,1.7092,1.5161,4.0374,1.8192,1.9759,3.4086,0.25667,2.8879,3.3129,2.9837,2.2748,4.7357,1.2786,1.9432,4.2442,1.3732,2.6161,3.5863,1.3722,2.4737,3.3637,1.9271,1.8496,3.6081,1.9471,2.5441,4.1036,0.98671,2.3046,3.134,2.5457,1.9706,5.1538,1.3047,2.6292,3.5011,1.2774,2.5072,3.2542,0.4671,2.8845,3.5063,0.60423,1.8765,2.6979,1.5547,1.9586,4.5296,1.4573,1.742,4.1638,5.157,2.8256,1.4624,0.7999,2.0862,2.8439,1.092,2.6916,4.0218,2.3311,2.4665,3.6485,2.4613,2.3603,4.7343,3.0229,2.6075,4.6929,2.1005,2.5021,4.4369,2.383,2.2177,4.3589,0.67869,2.1585,3.1235,0.6423,2.397,3.2164,0.5888,2.1396,3.6974,2.3839,2.4013,4.5546,1.0428,2.3976,3.1414,1.1986,1.6648,4.2312,1.6165,2.039,3.366,5.8498,2.6148,1.5804,3.5068,2.8805,0.24909,0.83261,2.3568,3.084,1.6684,1.6004,4.0432,1.5355,1.9295,3.1748,0.7853,2.4098,2.968,2.1613,2.3049,4.7777,1.2638,2.5739,3.2341,1.0346,1.9319,3.5122,0.35541,1.9881,3.3619,1.7647,1.9881,3.3426,2.4301,2.2083,4.3329,2.2718,2.1155,5.018,1.2119,1.614,3.8533,0.70922,1.9749,2.8044,2.277,2.1483,5.0647,2.4316,2.2862,4.6573,1.5799,2.5142,3.9612,4.537,2.8016,0.47897,1.9707,2.5264,4.0668,0.79334,1.9477,4.1065,1.453,2.682,4.3414,3.9407,2.759,0.23995,1.5846,1.7119,3.3247,0.18424,2.2943,3.1963,5.1146,2.8051,1.1035,0.72908,2.6944,3.443,1.4084,2.5515,3.0493,2.2194,2.0462,4.9126,1.4459,1.9612,4.4587,1.529,1.633,3.3374,1.4478,2.9066,3.3717,0.69015,2.3827,3.0573,0.85481,2.4253,3.0606,0.23145,2.587,3.2937,1.7142,2.3912,4.2529,0.71051,2.4064,2.9705,0.94209,2.3848,3.4748,1.3893,1.7447,4.2516,0.31028,2.3373,3.3366,1.5231,1.5721,3.3231,0.66134,2.3973,3.029,3.5016,2.8256,0.18218,1.8796,2.5512,3.993,2.1126,2.1999,4.7034,2.1883,2.7274,4.7437,1.9247,1.802,3.7993,1.2871,1.665,3.7421,2.2407,2.0801,4.981,1.349,2.5716,3.8659,0.86063,3.0603,2.675,4.8131,2.8571,0.52748,1.4508,2.7075,4.481,1.9472,1.8666,3.8942,1.4032,2.6635,3.0612,0.73747,2.705,3.3918,1.1361,2.8626,4.3139,0.89703,2.5582,2.8384,0.68128,2.0788,2.893,0.56271,2.4168,3.3654,1.56,2.1327,4.3819,1.6474,2.7224,4.6396,0.46929,2.0212,2.8658,2.0158,1.7937,3.7952,1.1724,1.7092,3.7478,2.1863,2.6232,4.5851,1.3162,1.6908,4.0521,1.2991,2.1325,3.1208,0.56245,2.0561,2.918,0.58585,2.4028,2.7467,1.7352,2.4594,4.2439,2.1699,2.5921,4.6098,0.51363,2.0471,2.8642,1.6005,1.6843,3.3724,0.13946,3.0664,1.9753,0.6995,2.6031,2.6666,3.2433,2.7148,6.2682,0.36438,2.8818,3.091,4.7533,2.8834,0.46597,2.2435,2.2748,3.4952,1.2789,2.9687,4.1329,1.1978,2.4385,3.373,1.0166,3.031,3.8957,2.2844,2.2283,3.6622,1.1572,1.6429,3.7535,2.4403,2.3748,4.6039,2.4192,2.7115,4.0908,1.3886,2.6709,4.3856,1.9175,1.7406,3.7915,1.2546,2.6257,3.7629,2.2865,2.4147,4.7759,1.5826,2.5448,3.5498,2.1711,2.3023,4.189,0.73035,1.9785,3.2601,2.1757,2.4154,3.5522,2.1709,2.3655,3.4822,2.2885,2.0013,5.0207,2.5578,2.2568,4.7782,2.2883,2.2724,3.7138,1.3531,1.6014,3.8949,2.1185,2.6004,4.5415,1.9274,1.794,3.7877,0.77892,2.0831,4.1737,1.583,1.7021,4.2315,2.1782,2.6129,4.6313,1.4515,2.397,3.2663,6.1307,2.931,2.464,1.8609,1.7746,3.567,1.8312,2.8241,4.0903,2.1788,1.9682,4.9296,1.2552,2.594,4.46,2.0318,2.1647,4.8936,1.6104,1.6334,3.9571,1.6229,2.0765,3.2849,1.1066,2.6453,3.6274,1.015,2.7589,3.8379,1.5247,2.5151,3.9528,1.1742,2.6649,3.64,1.7812,1.5844,4.0636,0.9608,2.4635,2.8681,2.0456,2.1932,4.5305,0.46125,2.6754,3.2049,1.0058,1.91,4.2751,0.99962,2.2872,3.1466,1.7506,2.4167,4.6271,0.92919,2.0107,2.8727,0.71339,1.9528,2.7365,1.5856,1.6268,3.9646,0.97912,2.4405,2.9381,1.3025,1.5474,3.8646,2.7175,2.5645,4.6125,1.0569,2.2717,3.5198,1.2111,2.67,3.7189,1.9812,1.983,4.5406,1.0044,1.9247,4.2723,1.8968,1.7011,3.4951,1.6639,2.5699,3.9984,2.1675,2.5235,4.8464,2.0402,2.4368,3.5709,1.4475,2.9774,3.6508,1.4687,1.5219,4.1674,0.57107,2.9755,3.6002,1.6224,1.6144,4.1884,0.72394,1.9764,2.7325,0.75635,2.2173,3.9923,2.6191,2.5672,4.5282,2.0895,2.0626,3.4086,1.49,2.7404,3.6451,1.0147,2.3733,3.4785,2.619,2.1085,4.6598,1.4446,1.7127,4.4372,1.5332,2.5658,3.6563,2.0655,2.4289,4.1691,2.6087,2.3179,4.8811,0.60185,2.529,3.127
1833.3,0.067708,153.16,3.2288,0.0088834,422.67,1.5216,1.8367,4.1722,1.2789,2.226,4.2236,1.2295,1.987,4.2325,2.4982,2.6613,4.303,0.8577,2.0608,4.2195,1.5199,2.4848,3.8933,3.0084,2.8388,5.8195,1.2273,1.9888,4.2337,1.7468,1.7165,4.2476,1.2786,2.2271,4.2269,0.8568,2.0625,4.2151,2.8946,2.8351,4.5085,5.7059,2.7748,1.463,1.2397,2.8413,3.6245,0.95641,2.1459,3.0235,2.4848,2.0518,4.4467,1.4719,1.6764,3.9049,0.65999,2.5708,3.8839,2.0062,1.7625,3.4747,1.0741,2.4452,3.0597,0.26942,2.2857,3.5593,1.7852,1.6727,3.3876,2.1378,2.8238,4.4442,1.7865,1.6701,3.3909,1.4767,1.6733,3.9071,0.39606,2.1338,3.2037,2.0363,2.3559,4.3873,1.4741,1.6664,3.1997,0.8308,1.8745,2.772,3.008,2.8413,5.8159,2.0064,1.7614,3.476,1.0068,2.7168,2.8803,1.8175,2.5886,4.0022,0.63124,1.8694,2.7969,1.0708,2.4449,3.0542,1.8974,1.9137,4.4938,1.6791,1.695,3.8957,0.50999,2.2004,3.746,1.1939,2.4225,3.7862,1.004,2.0613,3.2697,2.5482,2.2988,4.2925,2.0693,2.1505,4.678,1.4788,1.6757,3.9112,1.8961,1.9172,4.4939,1.4909,2.1719,3.2677,0.82245,2.0816,3.1869,2.4189,2.3713,4.3153,1.9471,2.6011,4.892,1.9376,2.5955,4.8802,2.5471,2.2983,4.2913,1.2881,2.4871,3.9465,1.6877,2.2315,4.2953,2.0661,3.0616,4.0095,0.50375,2.4698,2.4765,1.5415,2.0565,4.606,2.0781,3.065,4.0247,0.39076,2.3746,3.4364,1.6608,1.6302,4.0825,0.71017,2.0233,3.0985,2.2429,2.2413,4.646,0.62686,2.6171,2.9986,1.004,2.0649,3.2703,0.1356,2.8903,1.9795,1.9953,1.9858,4.5896,2.5476,2.2993,4.2938,2.6756,2.3373,5.1995,2.1407,2.8193,4.4445,1.08,1.8495,3.9457,4.6176,2.9974,0.50485,0.88753,2.1187,3.0547,1.3068,2.0993,4.2667,1.0563,2.0878,3.4938,2.3125,2.7545,4.5832,1.7013,1.6007,4.1581,1.1448,2.5565,3.0675,0.75064,2.4257,3.7694,2.055,1.9278,3.7379,1.5986,2.4384,3.4673,1.6603,2.5223,3.6071,1.658,1.678,4.2498,2.1065,2.8088,4.5831,2.1123,2.8091,4.5857,3.353,2.7814,6.114,1.7012,1.6003,4.1581,1.7034,2.0055,3.4531,2.1283,2.9377,4.9233,1.1464,2.557,3.072,2.6381,2.4471,4.9892,1.0235,2.6033,4.0649,1.6007,2.4365,3.4678,1.1832,1.7975,4.1018,1.6609,1.6291,4.084,1.7029,2.0052,3.4517,0.28382,2.9466,3.331,2.8732,2.2924,4.5644,1.3176,1.9513,4.2049,1.2488,2.687,3.323,1.4622,2.4575,3.3424,1.8411,1.9841,3.7249,1.9504,2.3387,3.9927,1.096,2.2831,3.1885,2.5399,2.0491,5.1492,1.2418,2.6885,3.3132,1.4604,2.4597,3.3397,0.288,2.9472,3.3352,0.67722,1.8081,2.9112,1.7004,2.0265,4.4226,1.4679,1.8626,4.1198,5.5373,2.9018,1.85,0.81889,2.1222,2.7807,1.023,2.6048,4.0653,2.1536,2.5237,3.6212,2.6377,2.4437,4.9884,2.8038,2.7053,4.5229,2.1632,2.5292,4.5351,2.3491,2.1023,4.1949,0.76671,1.9905,3.3491,0.32908,2.4736,2.8844,0.60417,2.1405,3.7137,2.3854,2.5076,4.4304,0.7517,2.4645,2.8541,1.2552,1.5811,4.2876,1.7009,2.0065,3.4515,1.4618,2.6893,2.0437,3.2158,2.9383,6.2072,0.74634,2.4625,2.8553,1.6598,1.6339,4.0874,1.4944,1.8651,3.1822,0.74285,2.464,2.8497,2.1684,2.3472,4.9539,1.1442,2.5618,3.0694,1.0033,1.9642,3.5032,0.53025,1.9789,3.2573,1.7009,2.0072,3.4503,2.3874,2.08,4.1973,2.1434,2.1551,4.98,1.2897,1.7525,3.8012,0.68318,1.9774,2.7558,2.1431,2.1559,4.9816,2.3195,2.1857,4.4621,1.5673,2.2914,3.9628,4.2016,3.0078,0.13438,1.955,2.3381,3.9956,0.83724,1.9643,4.1174,1.1754,2.5731,4.2153,3.5195,2.853,6.0822,1.5329,1.6177,3.2871,0.32203,2.2969,3.4069,5.1442,2.9895,1.084,0.55725,2.7833,3.2539,1.2661,2.5066,2.9778,2.1417,2.1514,4.979,1.4753,2.0942,4.351,1.5252,1.6226,3.288,1.3819,2.93,3.3664,0.45211,2.45,2.7209,0.92298,2.4537,2.9988,0.22203,2.6179,3.3407,1.613,2.2576,4.1265,0.44824,2.4469,2.7136,1.0481,2.1704,3.6594,1.3944,1.8082,4.2923,0.32451,2.299,3.4084,1.5283,1.6174,3.2869,0.44783,2.4502,2.718,2.9815,2.8697,5.8999,2.0065,2.5975,4.0355,1.9712,2.1779,4.5881,2.6315,2.7746,5.2711,1.8897,1.9649,3.9035,1.295,1.8157,3.6884,2.1439,2.154,4.9805,1.402,2.6566,4.0088,1.1025,3.0858,2.9443,4.6937,2.9853,0.41757,1.255,2.6836,4.3313,1.9046,1.9583,3.8867,1.2457,2.6366,2.8642,0.3601,2.7729,2.9528,0.9402,2.8897,4.133,0.57315,2.5218,2.5799,0.69772,1.9349,2.9905,0.54859,2.3951,3.4302,1.568,2.1756,4.2286,1.2587,2.6863,4.3375,0.63327,1.9494,3.1163,1.979,1.8963,3.8186,1.1935,1.8469,3.6456,2.4608,2.7223,4.98,1.3775,1.5235,4.1717,1.3899,2.1565,3.1751,0.63729,1.9494,3.1156,0.46098,2.4501,2.5673,1.6143,2.255,4.1288,2.4599,2.7218,4.9823,0.63531,1.9506,3.1138,1.5654,1.7148,3.3276,0.52535,3.0398,2.4393,0.57319,2.5216,2.5822,2.9083,2.7438,5.889,6.1725,2.8644,2.5391,4.6809,2.9886,0.4021,2.3458,2.4067,3.7525,0.87196,3.081,3.6551,1.4369,2.2562,3.5617,0.84242,3.0791,3.6254,2.3687,2.2378,3.8091,1.1923,1.846,3.6445,2.4255,2.3377,4.5589,2.5809,2.6273,4.0294,1.2624,2.6837,4.3385,1.8904,1.9618,3.9043,1.1241,2.7954,3.6492,2.449,2.4849,5.0898,1.6033,2.62,3.2985,2.1684,2.1874,4.1017,0.78763,1.9032,3.3723,2.3471,2.4098,3.7522,2.3472,2.4116,3.7524,2.1862,1.8891,4.9034,2.6443,2.2902,4.7927,2.3662,2.2399,3.8097,1.3818,1.5872,3.8354,2.4605,2.7198,4.9835,1.8902,1.9627,3.9046,0.77956,2.1418,3.9627,1.601,1.8338,4.2582,2.4623,2.7221,4.9855,1.4457,2.3887,3.2611,5.927,2.881,2.2066,1.8586,1.8004,3.477,1.9736,3.0226,4.2965,2.0145,1.9508,4.7547,1.1,2.5795,4.2721,1.8832,2.1519,4.8615,1.6132,1.8016,3.9665,1.6047,2.011,3.393,1.0118,2.7749,3.5606,0.91068,2.8313,3.8083,1.3798,2.3919,3.8447,1.1208,2.7967,3.6455,1.8372,1.7957,4.0936,0.91277,2.461,2.773,1.911,2.0697,4.3862,0.071941,2.7956,2.8372,1.0859,1.9609,4.2607,0.94826,2.3361,3.0109,1.6334,2.3955,4.5871,0.97932,2.0877,2.8352,0.74337,1.9994,2.7431,1.6122,1.8012,3.9684,0.91396,2.4601,2.7748,1.3804,1.5869,3.8367,2.7716,2.5897,4.637,1.0852,2.1387,3.6262,1.1205,2.7986,3.6484,1.9761,1.9872,4.478,1.0831,1.9624,4.2592,1.8536,1.6503,3.4506,1.6625,2.4814,3.9994,2.1123,2.5537,4.9225,2.1544,2.3814,3.7086,1.1873,3.0736,3.4195,1.4468,1.4663,4.2321,0.6193,2.9997,3.6147,1.6247,1.7513,4.2336,0.74462,1.9982,2.7426,0.69023,2.1944,3.9444,2.6886,2.6025,4.538,1.9923,2.1282,3.4386,1.3835,2.9208,3.5378,1.082,2.194,3.6344,2.5316,2.0002,4.4698,1.4908,1.7348,4.4228,1.6079,2.591,3.5815,2.0628,2.289,4.0726,2.7098,2.3725,5.0102,0.44457,2.5316,2.9575
1833.3,0.067708,153.16,3.2288,0.017767,436.83,1.5181,1.8363,4.1689,1.2794,2.2271,4.2252,1.227,1.9863,4.2322,2.4953,2.6588,4.3021,0.85754,2.059,4.2239,1.5193,2.4885,3.893,3.0141,2.8389,5.8274,1.2237,1.9886,4.234,1.7451,1.713,4.2466,1.2808,2.2279,4.2318,0.85489,2.0636,4.2149,2.9012,2.8347,4.5113,5.6943,2.7704,1.4511,1.2452,2.8342,3.6295,0.95408,2.1472,3.0233,2.4867,2.0552,4.4516,1.4706,1.6749,3.9054,0.66081,2.5739,3.8807,2.0075,1.7629,3.4776,1.078,2.4413,3.0691,0.26376,2.2872,3.5508,1.7838,1.6731,3.389,2.1239,2.8193,4.4303,1.7863,1.672,3.3928,1.4762,1.6698,3.9095,0.39582,2.1368,3.2003,2.0406,2.3607,4.3922,1.4739,1.6688,3.2004,0.82874,1.8787,2.7677,3.01,2.8414,5.8201,2.0073,1.7638,3.479,1.0077,2.7182,2.883,1.8175,2.588,4.0042,0.63159,1.8724,2.7943,1.0703,2.4429,3.0578,1.8973,1.9134,4.4955,1.679,1.6921,3.8956,0.51056,2.1998,3.7485,1.1937,2.4314,3.7839,1.0001,2.0672,3.2649,2.5546,2.303,4.3008,2.0728,2.1566,4.684,1.4792,1.6753,3.9134,1.8953,1.9182,4.4959,1.492,2.1756,3.2674,0.8203,2.0875,3.1819,2.4209,2.3737,4.32,1.9472,2.5988,4.8896,1.9339,2.596,4.8749,2.5513,2.3019,4.2987,1.2891,2.4898,3.9444,1.6902,2.2321,4.299,2.0648,3.0581,4.0067,0.50983,2.4695,2.4825,1.5394,2.0585,4.6063,2.0752,3.0618,4.0199,0.38632,2.3769,3.4306,1.6603,1.6275,4.0818,0.70992,2.0277,3.096,2.2424,2.2439,4.6476,0.63168,2.6128,3.0051,1.0008,2.0708,3.2658,0.13634,2.8906,1.9787,1.9969,1.9884,4.5942,2.552,2.3037,4.3009,2.6699,2.3346,5.1953,2.1241,2.8097,4.4282,1.0811,1.8459,3.9485,4.6193,2.9914,0.50578,0.88641,2.1212,3.0528,1.3085,2.0973,4.2709,1.0567,2.0896,3.4937,2.3017,2.7509,4.5714,1.7024,1.5997,4.1567,1.15,2.5532,3.0715,0.75351,2.4271,3.7686,2.057,1.9241,3.7333,1.5956,2.4408,3.4646,1.6563,2.5251,3.6053,1.6551,1.6738,4.25,2.0927,2.8029,4.5685,2.1028,2.8028,4.5753,3.3566,2.7795,6.1168,1.7034,1.5985,4.1563,1.7063,2.0051,3.4527,2.1217,2.9368,4.9171,1.1512,2.5548,3.0781,2.6361,2.4473,4.9865,1.0256,2.6043,4.0649,1.5981,2.4373,3.4656,1.1787,1.7996,4.0999,1.6609,1.6245,4.0831,1.705,2.0046,3.4507,0.27853,2.9449,3.327,2.8784,2.2921,4.5704,1.317,1.9515,4.2053,1.2541,2.6821,3.3315,1.4586,2.4558,3.3413,1.8417,1.9806,3.7218,1.9491,2.3448,3.994,1.0933,2.2838,3.1871,2.5396,2.0468,5.148,1.2429,2.686,3.3168,1.4558,2.4595,3.3375,0.28758,2.9467,3.3343,0.67654,1.8116,2.905,1.6992,2.0234,4.4269,1.4682,1.8584,4.1221,5.5303,2.9013,1.8441,0.81876,2.1218,2.783,1.0242,2.6069,4.0645,2.1577,2.5231,3.6215,2.6319,2.4414,4.9814,2.8099,2.7037,4.528,2.1611,2.5266,4.5331,2.3491,2.1027,4.1971,0.76757,1.9941,3.3472,0.33811,2.4715,2.8936,0.60438,2.1407,3.7138,2.3845,2.5019,4.4323,0.76051,2.4632,2.8613,1.2545,1.5806,4.2878,1.6998,2.0076,3.4518,6.1218,2.6892,2.0363,3.2273,2.9378,6.2188,0.75431,2.4576,2.8671,1.6594,1.6341,4.0862,1.4952,1.8674,3.1814,0.74633,2.4617,2.8554,2.1678,2.3466,4.9498,1.1473,2.5613,3.0725,1.0056,1.9655,3.5029,0.52662,1.9798,3.2585,1.702,2.0074,3.4493,2.3892,2.0809,4.199,2.1468,2.1558,4.9821,1.2891,1.7484,3.8042,0.6843,1.9784,2.7561,2.1465,2.1589,4.9843,2.3223,2.1883,4.4678,1.568,2.2979,3.9634,4.2152,3.0041,0.14602,1.9549,2.3421,3.9963,0.83544,1.964,4.1178,1.1802,2.5766,4.2184,3.5304,2.8506,6.0932,1.5341,1.6186,3.288,0.31797,2.297,3.4008,5.1523,2.9859,1.0908,0.56121,2.7812,3.259,1.2697,2.5075,2.9812,2.1427,2.1485,4.9749,1.4777,2.093,4.3541,1.5252,1.6237,3.2899,1.3862,2.9295,3.3688,0.4583,2.4491,2.7292,0.919,2.453,2.9973,0.22256,2.6173,3.3403,1.6152,2.2617,4.1293,0.45658,2.4454,2.7198,1.0468,2.1745,3.657,1.3938,1.8076,4.2912,0.32357,2.3,3.4064,1.5277,1.6172,3.2874,0.45318,2.4491,2.7257,2.9903,2.8693,5.9106,2.0028,2.5948,4.0342,1.9739,2.1794,4.5902,2.6226,2.774,5.2623,1.8899,1.9623,3.9013,1.296,1.8113,3.6899,2.1458,2.153,4.9789,1.4011,2.653,4.0074,1.0897,3.0857,2.9302,4.6978,2.982,0.42074,1.2554,2.6846,4.3308,1.9062,1.9574,3.8893,1.2484,2.6372,2.8671,0.37122,2.7709,2.9661,0.94414,2.89,4.1366,0.57921,2.5235,2.5841,0.69612,1.9412,2.9852,0.55031,2.3961,3.4287,1.5689,2.1759,4.2312,1.2673,2.6889,4.3449,0.62869,1.9524,3.1102,1.9798,1.8929,3.8173,1.1936,1.8457,3.6477,2.4475,2.7195,4.963,1.3775,1.5271,4.1689,1.3887,2.1567,3.1743,0.63603,1.9534,3.1093,0.46324,2.4492,2.5697,1.6164,2.2593,4.1323,2.4502,2.7186,4.9716,0.63283,1.9547,3.1066,1.5676,1.7159,3.3287,0.53372,3.0403,2.4452,0.57691,2.5229,2.5846,2.9137,2.744,5.8963,6.1739,2.8667,2.5428,4.6819,2.9862,0.40143,2.3418,2.4021,3.7463,0.89956,3.0789,3.6855,1.431,2.262,3.5561,0.85683,3.0778,3.6425,2.3684,2.2374,3.8053,1.1922,1.8423,3.646,2.4252,2.3388,4.5602,2.577,2.6295,4.0299,1.2672,2.683,4.3426,1.8899,1.9567,3.9011,1.1278,2.7907,3.6523,2.4428,2.4828,5.0805,1.5988,2.6162,3.2998,2.1679,2.1888,4.102,0.78792,1.9047,3.3719,2.3446,2.4092,3.7481,2.342,2.4108,3.7452,2.19,1.8947,4.9084,2.6411,2.2892,4.7918,2.3651,2.2407,3.8073,1.3827,1.589,3.8367,2.4471,2.7172,4.9685,1.8903,1.9587,3.9017,0.77929,2.1411,3.9685,1.6003,1.8312,4.2575,2.454,2.7195,4.9765,1.4464,2.3868,3.262,5.9298,2.8824,2.211,1.8573,1.7997,3.4807,1.9666,3.017,4.2876,2.0173,1.9524,4.76,1.1036,2.5797,4.2761,1.887,2.1537,4.8624,1.6129,1.796,3.966,1.6052,2.0117,3.3912,1.0178,2.769,3.5654,0.91623,2.8278,3.8128,1.3848,2.397,3.8476,1.1218,2.7925,3.6449,1.8349,1.7889,4.0926,0.91357,2.4607,2.7748,1.9131,2.0716,4.3891,0.079888,2.7936,2.845,1.0845,1.9603,4.2613,0.95193,2.3334,3.0171,1.6351,2.3954,4.5875,0.97943,2.0852,2.8388,0.74194,1.9989,2.7424,1.6109,1.7955,3.968,0.91557,2.4594,2.7787,1.3785,1.5869,3.8373,2.7696,2.5885,4.6353,1.0857,2.1411,3.6245,1.1232,2.7943,3.6504,1.9764,1.9871,4.4801,1.0805,1.9621,4.2592,1.8546,1.6503,3.4515,1.6628,2.484,3.9998,2.1145,2.5516,4.9221,2.152,2.3829,3.7047,1.1952,3.0716,3.4264,1.4479,1.4668,4.2301,0.62328,2.9988,3.6202,1.6241,1.7478,4.2322,0.74405,1.9983,2.7424,0.69121,2.1947,3.9459,2.6868,2.6018,4.5379,1.9942,2.1273,3.4368,1.3861,2.9154,3.5396,1.0822,2.1982,3.6317,2.5327,2.0021,4.4723,1.4894,1.7342,4.4231,1.6032,2.5893,3.58,2.0626,2.2924,4.0739,2.706,2.3693,5.0062,0.44762,2.5315,2.9609
1833.3,0.067708,153.16,3.2288,0.02665,446.2,1.5148,1.8358,4.1655,1.2799,2.2283,4.2266,1.2244,1.9855,4.2321,2.4923,2.6562,4.301,0.85736,2.0573,4.2281,1.5187,2.4921,3.8927,3.0198,2.8389,5.8351,1.2202,1.9883,4.2344,1.7436,1.7096,4.2455,1.2831,2.2288,4.2368,0.8531,2.0647,4.2148,2.9076,2.8343,4.514,5.6829,2.7659,1.4394,1.2506,2.8271,3.6345,0.95178,2.1484,3.0231,2.4887,2.0586,4.4565,1.4693,1.6733,3.9059,0.66162,2.577,3.8773,2.0088,1.7633,3.4806,1.0815,2.4376,3.0782,0.25802,2.2886,3.5422,1.7826,1.6736,3.3902,2.1103,2.8147,4.4167,1.7861,1.6736,3.3945,1.4757,1.6664,3.9118,0.39559,2.1398,3.1969,2.0448,2.3655,4.3971,1.4737,1.6711,3.2012,0.82671,1.8826,2.7636,3.012,2.8415,5.8242,2.0084,1.7661,3.482,1.0089,2.7195,2.8857,1.8176,2.5876,4.0063,0.63201,1.8753,2.7918,1.0695,2.4409,3.0611,1.8973,1.913,4.4972,1.679,1.6891,3.8955,0.51116,2.199,3.7511,1.1934,2.4401,3.7817,0.9961,2.0727,3.2602,2.5611,2.3071,4.3093,2.0764,2.1626,4.6899,1.4799,1.675,3.9156,1.8945,1.9192,4.4979,1.4931,2.179,3.267,0.81798,2.0934,3.1768,2.4231,2.3762,4.3249,1.9476,2.5967,4.8872,1.9302,2.5966,4.8695,2.5554,2.3057,4.3063,1.2901,2.4925,3.9423,1.6927,2.2328,4.3027,2.0638,3.0547,4.0042,0.51578,2.4692,2.4884,1.5372,2.0607,4.6065,2.0734,3.0584,4.0163,0.38184,2.3792,3.4249,1.6597,1.6249,4.0809,0.70961,2.032,3.0934,2.242,2.2466,4.6489,0.63594,2.6086,3.0112,0.99757,2.0766,3.2612,0.1366,2.8908,1.9774,1.9986,1.9913,4.5989,2.5566,2.3082,4.3083,2.6643,2.3319,5.1911,2.1084,2.7999,4.4128,1.0821,1.8423,3.9515,4.6208,2.9854,0.50663,0.88525,2.1236,3.0508,1.31,2.0952,4.2751,1.057,2.0913,3.4936,2.2913,2.7475,4.5599,1.7035,1.5987,4.1553,1.1553,2.5498,3.0753,0.75632,2.4285,3.7678,2.0591,1.9204,3.7286,1.5926,2.4433,3.4618,1.6524,2.5279,3.6036,1.6522,1.6697,4.25,2.0793,2.797,4.5545,2.0936,2.7965,4.5653,3.3606,2.7776,6.1202,1.7057,1.5965,4.1545,1.7092,2.0046,3.4524,2.1153,2.9358,4.911,1.1559,2.5527,3.084,2.6341,2.4474,4.9836,1.0277,2.6053,4.0648,1.5955,2.4381,3.4634,1.1741,1.8016,4.098,1.6609,1.6202,4.082,1.7071,2.004,3.4496,0.27351,2.9433,3.3231,2.8836,2.2918,4.5763,1.3163,1.9517,4.2058,1.2591,2.6773,3.3395,1.455,2.4544,3.3402,1.8425,1.9771,3.7187,1.948,2.351,3.9954,1.0906,2.2847,3.1858,2.5393,2.0445,5.1468,1.244,2.6836,3.3204,1.4511,2.4593,3.3354,0.28719,2.9462,3.3333,0.67575,1.8149,2.8988,1.6979,2.0202,4.4312,1.4683,1.8543,4.1244,5.5231,2.9009,1.8383,0.81867,2.1213,2.7854,1.0254,2.6091,4.0635,2.1618,2.5226,3.622,2.6262,2.4391,4.9743,2.816,2.7022,4.5333,2.1594,2.5242,4.5312,2.3491,2.1034,4.1994,0.76836,1.9977,3.3452,0.34711,2.4692,2.9028,0.6046,2.1409,3.7138,2.3835,2.4961,4.4342,0.76929,2.4619,2.8686,1.2539,1.5801,4.2878,1.6987,2.0086,3.4521,0.073059,2.6891,2.0285,3.2388,2.937,6.2419,0.76192,2.4526,2.8788,1.6589,1.6342,4.0849,1.4961,1.8698,3.1804,0.74959,2.4594,2.8609,2.1671,2.3458,4.9458,1.1504,2.5608,3.0755,1.008,1.9667,3.5024,0.52287,1.9807,3.2597,1.7031,2.0075,3.4483,2.3908,2.0819,4.201,2.1502,2.1566,4.9841,1.2884,1.7444,3.8073,0.68547,1.9794,2.7564,2.1499,2.1618,4.9869,2.3252,2.1911,4.4735,1.5687,2.3043,3.9639,4.2281,3.0004,0.15698,1.9548,2.346,3.9972,0.8337,1.9635,4.1182,1.1852,2.5801,4.2218,3.5414,2.8481,6.1044,1.5352,1.6196,3.2891,0.31384,2.297,3.3946,5.16,2.9822,1.0972,0.56509,2.779,3.2641,1.2732,2.5085,2.9845,2.1438,2.1456,4.9708,1.4801,2.0918,4.3573,1.5251,1.6249,3.2917,1.3907,2.9288,3.3713,0.46452,2.4481,2.7375,0.91499,2.4522,2.9958,0.22313,2.6164,3.3399,1.6175,2.2658,4.1322,0.4648,2.444,2.726,1.0456,2.1786,3.6545,1.3933,1.8071,4.2902,0.3227,2.3011,3.4043,1.5271,1.617,3.2879,0.45854,2.4479,2.7335,2.999,2.8689,5.9211,1.9993,2.5924,4.033,1.9768,2.1807,4.5922,2.6136,2.7732,5.2534,1.8901,1.9595,3.899,1.2971,1.8067,3.6914,2.1477,2.1519,4.9773,1.4003,2.6494,4.0061,1.0765,3.0856,2.9158,4.7019,2.9785,0.42413,1.2561,2.6857,4.3303,1.9077,1.9563,3.8918,1.2511,2.638,2.8701,0.3824,2.7686,2.9795,0.94839,2.8903,4.1405,0.58524,2.5252,2.5881,0.69453,1.9474,2.9799,0.55183,2.3971,3.4271,1.5698,2.1761,4.2339,1.276,2.6916,4.3526,0.62407,1.9554,3.104,1.9807,1.8896,3.816,1.1936,1.8445,3.6498,2.4344,2.7163,4.9464,1.3773,1.5306,4.1659,1.3875,2.157,3.1735,0.63471,1.9573,3.1031,0.46549,2.4483,2.5722,1.6186,2.2637,4.1358,2.4406,2.7152,4.9611,0.63027,1.9588,3.0993,1.5698,1.7169,3.3299,0.54204,3.0409,2.4509,0.58055,2.5241,2.587,2.9195,2.7443,5.9038,6.1754,2.8689,2.5466,4.6831,2.9837,0.40105,2.3379,2.3975,3.7403,0.92488,3.0767,3.7138,1.4251,2.2677,3.5507,0.87015,3.0765,3.6583,2.368,2.237,3.8017,1.1921,1.8386,3.6475,2.4251,2.34,4.5614,2.5732,2.6318,4.0304,1.2721,2.6824,4.3465,1.8896,1.9514,3.8978,1.1314,2.786,3.6553,2.4369,2.4807,5.0714,1.5945,2.6125,3.3013,2.1675,2.1902,4.1023,0.78821,1.9063,3.3712,2.3421,2.4085,3.7441,2.3369,2.4101,3.738,2.1937,1.9002,4.9134,2.6381,2.2881,4.7909,2.364,2.2417,3.805,1.3837,1.5909,3.838,2.4339,2.7143,4.9536,1.8903,1.9549,3.8988,0.77911,2.1404,3.9743,1.5995,1.8285,4.2566,2.4461,2.717,4.9677,1.4472,2.3852,3.263,5.9327,2.8837,2.2156,1.8561,1.7989,3.4845,1.9598,3.0114,4.2787,2.0203,1.954,4.7653,1.1074,2.58,4.2799,1.8907,2.1552,4.8632,1.6127,1.7904,3.9655,1.6055,2.0126,3.3895,1.0233,2.7632,3.5698,0.92163,2.8245,3.817,1.3898,2.4022,3.8506,1.1228,2.7884,3.6441,1.8326,1.7821,4.0916,0.91436,2.4605,2.7765,1.9153,2.0736,4.3921,0.088064,2.7913,2.8529,1.0831,1.9597,4.2619,0.95544,2.3307,3.0231,1.6368,2.3953,4.5882,0.97952,2.0828,2.8423,0.74056,1.9982,2.742,1.6097,1.7898,3.9676,0.9172,2.4585,2.7826,1.3766,1.5869,3.8382,2.768,2.5872,4.6339,1.0861,2.1435,3.6227,1.1261,2.7899,3.6526,1.9767,1.9869,4.4822,1.0781,1.9616,4.2594,1.8557,1.6501,3.4526,1.6632,2.4867,4.0002,2.1168,2.5495,4.9217,2.1495,2.3844,3.7008,1.2033,3.0696,3.4339,1.4491,1.4672,4.2282,0.62684,2.9977,3.6253,1.6236,1.7443,4.231,0.74354,1.9984,2.7422,0.6922,2.1949,3.9474,2.6851,2.6008,4.5379,1.9959,2.1263,3.4349,1.3887,2.9099,3.5413,1.0822,2.2024,3.629,2.5338,2.0043,4.4749,1.4881,1.7333,4.4235,1.5985,2.5877,3.5786,2.0623,2.2959,4.0751,2.7026,2.366,5.0024,0.45082,2.5314,2.9643
1833.3,0.067708,153.16,3.2288,0.035534,454.95,1.5115,1.8351,4.1623,1.2804,2.2294,4.2281,1.2219,1.9846,4.232,2.4894,2.6537,4.3001,0.85715,2.0556,4.2323,1.518,2.4957,3.8924,3.0255,2.8389,5.8429,1.2166,1.9879,4.2349,1.742,1.7062,4.2445,1.2854,2.2295,4.2418,0.85135,2.0657,4.2148,2.9141,2.8338,4.5168,5.6719,2.7615,1.4282,1.2558,2.8202,3.6392,0.94951,2.1494,3.0229,2.4906,2.062,4.4614,1.468,1.6716,3.9066,0.66239,2.5801,3.874,2.0101,1.7637,3.4836,1.0847,2.4339,3.087,0.25219,2.29,3.5336,1.7813,1.674,3.3914,2.0974,2.8101,4.4036,1.7859,1.6753,3.3963,1.4751,1.6631,3.9142,0.3954,2.1428,3.1936,2.049,2.3701,4.4017,1.4734,1.6734,3.2017,0.82471,1.8863,2.7596,3.014,2.8417,5.8284,2.0094,1.7683,3.4849,1.01,2.7208,2.8884,1.8177,2.5873,4.0084,0.63246,1.8782,2.7895,1.0687,2.439,3.0642,1.8972,1.9126,4.4989,1.6789,1.6861,3.8954,0.51183,2.1984,3.7538,1.193,2.4486,3.7795,0.99205,2.0782,3.2555,2.5678,2.3113,4.3177,2.08,2.1683,4.6958,1.4805,1.6749,3.9178,1.894,1.9201,4.4998,1.4943,2.1823,3.2665,0.81555,2.0994,3.1717,2.4255,2.3788,4.3299,1.9481,2.595,4.8849,1.9266,2.5973,4.8642,2.5598,2.3095,4.3141,1.291,2.4953,3.9401,1.6952,2.2335,4.3065,2.0633,3.0513,4.0022,0.52156,2.469,2.4941,1.5349,2.0629,4.6066,2.0724,3.0552,4.0136,0.37734,2.3814,3.4193,1.6591,1.6223,4.0801,0.70924,2.0363,3.0908,2.2415,2.2493,4.6503,0.63993,2.6044,3.017,0.99423,2.0822,3.2566,0.13657,2.891,1.9759,2.0006,1.9943,4.6035,2.5613,2.3127,4.3158,2.6587,2.3291,5.1867,2.0936,2.7901,4.3984,1.0831,1.8386,3.9545,4.6222,2.9793,0.5074,0.88409,2.126,3.049,1.3116,2.0933,4.2792,1.0573,2.0932,3.4935,2.2811,2.744,4.5486,1.7045,1.5977,4.1539,1.1604,2.5467,3.0791,0.75909,2.43,3.7669,2.0611,1.9168,3.7241,1.5896,2.4457,3.459,1.6485,2.5307,3.602,1.6491,1.6657,4.2499,2.0664,2.7908,4.5409,2.0848,2.79,4.5558,3.365,2.7758,6.1237,1.708,1.5944,4.1526,1.7121,2.0041,3.452,2.109,2.935,4.9051,1.1605,2.5508,3.0896,2.6323,2.4475,4.9807,1.0298,2.6063,4.0647,1.5928,2.4389,3.4613,1.1694,1.8034,4.0961,1.661,1.6159,4.0809,1.7092,2.0034,3.4486,0.26853,2.9416,3.3192,2.8889,2.2914,4.5822,1.3157,1.9519,4.2064,1.2636,2.6726,3.3473,1.4514,2.4531,3.3391,1.8432,1.9735,3.7155,1.9468,2.3572,3.9969,1.0879,2.2854,3.1844,2.5391,2.0423,5.1456,1.2451,2.6812,3.324,1.4464,2.4592,3.3333,0.28688,2.9455,3.3325,0.67491,1.8182,2.8926,1.6965,2.0169,4.4354,1.4684,1.8502,4.1266,5.5159,2.9004,1.8323,0.81859,2.1208,2.7877,1.0265,2.6112,4.0626,2.166,2.5221,3.6227,2.6205,2.4367,4.9673,2.8222,2.7006,4.5386,2.1576,2.5219,4.5293,2.3492,2.1041,4.2018,0.76908,2.0014,3.3431,0.35608,2.467,2.9121,0.6048,2.1412,3.7139,2.3826,2.4907,4.4362,0.7781,2.4606,2.8759,1.2532,1.5795,4.2877,1.6975,2.0096,3.4525,0.1105,2.6889,2.0206,3.2504,2.9362,0.063325,0.76921,2.4476,2.8903,1.6584,1.6342,4.0835,1.4968,1.8722,3.1796,0.75269,2.4572,2.8664,2.1665,2.3451,4.9417,1.1535,2.5603,3.0784,1.0104,1.968,3.5019,0.51901,1.9815,3.261,1.7041,2.0076,3.4473,2.3926,2.0828,4.2029,2.1535,2.1573,4.9861,1.2878,1.7404,3.8104,0.68665,1.9802,2.7569,2.1533,2.1647,4.9894,2.3282,2.1939,4.4793,1.5694,2.3106,3.9645,4.2403,2.9966,0.16727,1.9547,2.3501,3.998,0.83197,1.963,4.1187,1.1902,2.5837,4.2251,3.5523,2.8455,6.1155,1.5364,1.6205,3.2901,0.30964,2.2971,3.3883,5.1673,2.9784,1.1031,0.56894,2.7768,3.2691,1.2766,2.5094,2.9877,2.145,2.1425,4.9668,1.4824,2.0903,4.3605,1.525,1.626,3.2936,1.3951,2.9283,3.3737,0.47077,2.4471,2.7459,0.91112,2.4515,2.9944,0.22366,2.6157,3.3395,1.6197,2.27,4.1351,0.47289,2.4425,2.7321,1.0443,2.1828,3.652,1.3928,1.8064,4.2892,0.32187,2.3022,3.4023,1.5265,1.6167,3.2885,0.4639,2.4466,2.7414,3.0075,2.8684,5.9316,1.996,2.5902,4.032,1.9796,2.1819,4.5942,2.6045,2.7725,5.2442,1.8903,1.9567,3.8968,1.298,1.802,3.693,2.1495,2.1507,4.9755,1.3996,2.6459,4.0048,1.0629,3.0855,2.9009,4.7062,2.9751,0.42754,1.2567,2.6866,4.3298,1.9093,1.9551,3.8942,1.2538,2.6387,2.8732,0.39349,2.7664,2.9927,0.95275,2.8905,4.1446,0.59123,2.527,2.5921,0.69297,1.9535,2.9747,0.55326,2.3981,3.4255,1.5706,2.1762,4.2364,1.2847,2.6942,4.3602,0.61942,1.9582,3.0978,1.9814,1.8862,3.8146,1.1936,1.8433,3.6518,2.4215,2.7131,4.9297,1.3771,1.534,4.1628,1.3862,2.1572,3.1729,0.63338,1.9612,3.0969,0.46771,2.4475,2.5747,1.6207,2.2681,4.1393,2.4312,2.7118,4.9506,0.62765,1.963,3.092,1.572,1.7178,3.3312,0.55039,3.0415,2.4567,0.58409,2.5255,2.5892,2.9253,2.7446,5.9116,6.1772,2.8711,2.5507,4.6845,2.9812,0.40086,2.3341,2.3931,3.7342,0.94783,3.0746,3.7396,1.419,2.2735,3.5451,0.88238,3.0752,3.6731,2.3677,2.2366,3.7981,1.1918,1.8348,3.6491,2.425,2.3411,4.5626,2.5693,2.6341,4.0311,1.2769,2.6817,4.3504,1.8891,1.9461,3.8947,1.1349,2.7813,3.6582,2.4312,2.4786,5.0624,1.5901,2.6089,3.303,2.167,2.1917,4.1027,0.78846,1.908,3.3705,2.3397,2.4079,3.7401,2.3318,2.4094,3.731,2.1975,1.9057,4.9184,2.6353,2.2871,4.7903,2.363,2.2426,3.8028,1.3846,1.5928,3.8394,2.4209,2.7112,4.939,1.8904,1.951,3.8957,0.77895,2.1398,3.9802,1.5988,1.8258,4.2557,2.4382,2.7146,4.959,1.4477,2.3836,3.2638,5.9359,2.885,2.2205,1.855,1.7983,3.4882,1.9531,3.0057,4.27,2.0233,1.9558,4.7706,1.1111,2.5803,4.2838,1.8944,2.1569,4.8639,1.6126,1.7848,3.965,1.6059,2.0135,3.3878,1.0286,2.7575,3.5739,0.92682,2.8213,3.8211,1.3947,2.4072,3.8537,1.1238,2.7843,3.6434,1.8304,1.7753,4.0906,0.91516,2.4603,2.7783,1.9175,2.0756,4.3951,0.096316,2.7891,2.8609,1.0818,1.9591,4.2627,0.95885,2.3281,3.029,1.6387,2.3953,4.5888,0.97959,2.0804,2.8457,0.73927,1.9974,2.7417,1.6085,1.7841,3.9671,0.91878,2.4578,2.7865,1.3747,1.5868,3.8389,2.7663,2.5859,4.6326,1.0865,2.1461,3.6208,1.1292,2.7854,3.6549,1.9771,1.9868,4.4843,1.0757,1.961,4.2598,1.8568,1.6499,3.4536,1.6636,2.4892,4.0006,2.1192,2.5475,4.9214,2.1471,2.386,3.6968,1.2117,3.0675,3.4416,1.4501,1.4678,4.2263,0.62996,2.9968,3.6299,1.6231,1.7408,4.2297,0.74309,1.9983,2.7421,0.69317,2.1952,3.949,2.6833,2.5999,4.538,1.9977,2.1253,3.433,1.3914,2.9043,3.5432,1.0821,2.2067,3.6261,2.5347,2.0064,4.4776,1.4867,1.7326,4.4239,1.594,2.586,3.5772,2.062,2.2993,4.0764,2.6994,2.363,4.9988,0.45402,2.5313,2.9677
1833.3,0.067708,153.16,3.2288,0.044417,463.65,1.5082,1.8343,4.1592,1.281,2.2305,4.2298,1.2194,1.9837,4.2319,2.4866,2.6513,4.2995,0.8569,2.054,4.2364,1.5174,2.4994,3.892,3.0313,2.8389,5.8509,1.2131,1.9874,4.2354,1.7405,1.7027,4.2434,1.2877,2.2303,4.2468,0.84965,2.0665,4.2148,2.9207,2.8334,4.5197,5.6611,2.7568,1.4171,1.2607,2.8133,3.6437,0.94729,2.1505,3.0228,2.4926,2.0655,4.4665,1.4667,1.6699,3.9072,0.66312,2.5832,3.8705,2.0113,1.764,3.4864,1.0875,2.4302,3.0953,0.24622,2.2914,3.5247,1.7799,1.6743,3.3928,2.0851,2.8053,4.391,1.7857,1.6768,3.3981,1.4745,1.6597,3.9164,0.39527,2.1456,3.1903,2.053,2.3744,4.4063,1.4731,1.6756,3.2023,0.82278,1.8897,2.7559,3.016,2.8418,5.8325,2.0104,1.7704,3.4877,1.0112,2.7222,2.8911,1.8178,2.5871,4.0105,0.63294,1.8811,2.7873,1.0678,2.4372,3.0671,1.8971,1.9121,4.5007,1.6787,1.6832,3.8954,0.51253,2.1975,3.7565,1.1927,2.4568,3.7775,0.98796,2.0835,3.2509,2.5745,2.3154,4.3263,2.0837,2.1739,4.7016,1.4813,1.675,3.9201,1.8934,1.9212,4.5018,1.4954,2.1856,3.2661,0.81304,2.1054,3.1665,2.428,2.3813,4.3351,1.9487,2.5933,4.8826,1.9231,2.5979,4.859,2.5644,2.3133,4.3221,1.2919,2.4981,3.9379,1.6977,2.2341,4.3102,2.0628,3.048,4.0004,0.5273,2.4688,2.4998,1.5324,2.0652,4.6066,2.0719,3.052,4.0112,0.37281,2.3835,3.4136,1.6586,1.6198,4.0793,0.70882,2.0406,3.0882,2.2412,2.2518,4.6516,0.64371,2.6001,3.0228,0.99086,2.0878,3.252,0.13638,2.8911,1.9742,2.0027,1.9975,4.6084,2.566,2.3173,4.3236,2.6532,2.3263,5.1822,2.0797,2.7803,4.3848,1.0841,1.8349,3.9575,4.6236,2.9732,0.50811,0.88295,2.1283,3.0472,1.3131,2.0915,4.2832,1.0576,2.095,3.4932,2.2712,2.7405,4.5378,1.7056,1.5966,4.1525,1.1655,2.5436,3.0828,0.7618,2.4315,3.7659,2.0632,1.9131,3.7196,1.5867,2.448,3.4564,1.6445,2.5333,3.6004,1.6462,1.6617,4.2499,2.0537,2.7845,4.5274,2.0763,2.7834,4.5464,3.3696,2.7738,6.1275,1.7104,1.5924,4.1506,1.7151,2.0035,3.4517,2.1027,2.9341,4.8991,1.1648,2.549,3.095,2.6304,2.4477,4.9777,1.0318,2.6072,4.0646,1.5902,2.4398,3.4592,1.1647,1.8051,4.0943,1.6611,1.612,4.08,1.7113,2.0028,3.4476,0.26358,2.9399,3.3152,2.8941,2.291,4.5879,1.3151,1.9521,4.207,1.2678,2.668,3.3549,1.4478,2.4518,3.338,1.8439,1.9698,3.7124,1.9457,2.3634,3.9984,1.0851,2.2861,3.183,2.5388,2.0401,5.1445,1.2462,2.6788,3.3277,1.4417,2.459,3.3312,0.28673,2.9449,3.3319,0.67403,1.8215,2.8864,1.6949,2.0137,4.4395,1.4686,1.8461,4.1289,5.5086,2.9,1.8262,0.81849,2.1203,2.79,1.0276,2.6134,4.0615,2.1703,2.5217,3.6233,2.6149,2.4341,4.9602,2.8286,2.699,4.544,2.1559,2.5197,4.5276,2.3492,2.1047,4.2042,0.76972,2.0051,3.3408,0.36502,2.4647,2.9212,0.605,2.1414,3.7139,2.3817,2.4853,4.4383,0.78694,2.4592,2.8831,1.2524,1.579,4.2875,1.6963,2.0106,3.4528,6.2213,2.6888,2.0125,3.2618,2.9354,5.967,0.77614,2.4425,2.9014,1.6579,1.6341,4.0823,1.4976,1.8745,3.1788,0.75564,2.4549,2.8715,2.1659,2.3443,4.9376,1.1564,2.5599,3.0813,1.0127,1.9692,3.5013,0.51504,1.9824,3.2624,1.7052,2.0076,3.4464,2.3944,2.0839,4.205,2.1569,2.1579,4.988,1.287,1.7364,3.8134,0.68783,1.981,2.7574,2.1566,2.1676,4.9917,2.3313,2.1965,4.4851,1.5702,2.3169,3.9651,4.252,2.9929,0.17708,1.9547,2.3542,3.9989,0.83028,1.9624,4.1192,1.1952,2.5872,4.2283,3.5632,2.8429,6.1264,1.5375,1.6216,3.2911,0.30544,2.2971,3.3819,5.1741,2.9747,1.1087,0.57274,2.7745,3.274,1.28,2.5103,2.9908,2.1464,2.1397,4.9629,1.4847,2.0888,4.3637,1.525,1.6269,3.2956,1.3995,2.9277,3.376,0.47706,2.446,2.7545,0.90746,2.4506,2.9932,0.22413,2.6149,3.3389,1.622,2.274,4.1382,0.4809,2.4411,2.7383,1.043,2.1871,3.6494,1.3922,1.8057,4.2881,0.32107,2.3033,3.4003,1.5259,1.6164,3.2891,0.4693,2.4454,2.7493,3.0159,2.8678,5.9418,1.9926,2.588,4.0309,1.9824,2.183,4.5962,2.5952,2.7718,5.2349,1.8904,1.9537,3.8945,1.2989,1.7973,3.6946,2.1514,2.1496,4.9738,1.3989,2.6425,4.0034,1.0491,3.0855,2.8859,4.7104,2.9716,0.43097,1.2575,2.6875,4.3293,1.911,1.9539,3.8965,1.2565,2.6395,2.8762,0.40447,2.764,3.0058,0.95718,2.8907,4.1487,0.59719,2.5288,2.596,0.69146,1.9594,2.9696,0.55468,2.399,3.4239,1.5715,2.1762,4.2389,1.2934,2.6965,4.3679,0.61475,1.961,3.0914,1.9823,1.8828,3.8134,1.1936,1.8419,3.6539,2.409,2.7099,4.9134,1.3768,1.5373,4.1596,1.385,2.1573,3.1721,0.632,1.965,3.0907,0.46994,2.4466,2.5772,1.623,2.2725,4.1428,2.4217,2.7084,4.94,0.62498,1.9671,3.0846,1.5743,1.7187,3.3323,0.55888,3.0421,2.4627,0.58755,2.5269,2.5914,2.9314,2.7448,5.9196,6.1792,2.8733,2.555,4.6862,2.9787,0.40091,2.3304,2.3886,3.7282,0.96893,3.0723,3.7635,1.4129,2.2792,3.5394,0.89381,3.074,3.6872,2.3674,2.2361,3.7945,1.1915,1.8309,3.6507,2.425,2.3422,4.5638,2.5655,2.6364,4.0319,1.2816,2.6812,4.3543,1.8888,1.9406,3.8915,1.1383,2.7767,3.6608,2.4258,2.4766,5.0535,1.5858,2.6054,3.3048,2.1665,2.1932,4.1031,0.78867,1.9098,3.3696,2.3372,2.4074,3.7361,2.3267,2.4087,3.7239,2.2014,1.9112,4.9235,2.6325,2.2861,4.7898,2.3621,2.2437,3.8006,1.3854,1.5947,3.8407,2.4081,2.708,4.9244,1.8906,1.947,3.8928,0.77882,2.139,3.986,1.5981,1.8231,4.2549,2.4304,2.712,4.9504,1.4483,2.382,3.2644,5.9391,2.8864,2.2253,1.8538,1.7977,3.4919,1.9469,3.0,4.2617,2.0264,1.9577,4.7759,1.1148,2.5806,4.2876,1.8981,2.1586,4.8646,1.6125,1.7793,3.9644,1.6064,2.0144,3.3861,1.0335,2.752,3.5777,0.93175,2.8181,3.8248,1.3997,2.412,3.8569,1.1248,2.7803,3.6427,1.8281,1.7686,4.0897,0.91596,2.4601,2.78,1.9198,2.0776,4.3982,0.10467,2.7867,2.8689,1.0804,1.9585,4.2633,0.96208,2.3255,3.0348,1.6406,2.3953,4.5896,0.97959,2.0779,2.8491,0.73801,1.9965,2.7414,1.6073,1.7783,3.9668,0.9203,2.4572,2.7904,1.3727,1.5867,3.8396,2.7649,2.5845,4.6315,1.087,2.1487,3.6189,1.1321,2.7808,3.6572,1.9774,1.9866,4.4865,1.0733,1.9604,4.2601,1.8579,1.6498,3.4545,1.6639,2.4917,4.0011,2.1215,2.5455,4.9212,2.1446,2.3876,3.6928,1.2204,3.0654,3.4495,1.4512,1.4684,4.2244,0.63263,2.9959,3.634,1.6228,1.7373,4.2284,0.74267,1.9982,2.7421,0.69413,2.1955,3.9505,2.6815,2.599,4.538,1.9995,2.1242,3.4312,1.394,2.8986,3.545,1.082,2.211,3.6232,2.5358,2.0085,4.4803,1.4853,1.7317,4.4242,1.5895,2.5845,3.576,2.0618,2.3028,4.0777,2.6962,2.3601,4.9953,0.45723,2.5313,2.9712
1833.3,0.067708,153.16,3.2288,0.053301,472.24,1.5048,1.8335,4.1561,1.2817,2.2317,4.2313,1.2169,1.9827,4.2319,2.484,2.6488,4.2989,0.85662,2.0525,4.2403,1.5167,2.5028,3.8917,3.0371,2.8387,5.8587,1.2097,1.9869,4.2359,1.7389,1.6992,4.2423,1.2899,2.231,4.2517,0.848,2.0675,4.215,2.9273,2.8329,4.5226,5.6507,2.7521,1.4065,1.2654,2.8063,3.648,0.94512,2.1516,3.0228,2.4947,2.0691,4.4716,1.4655,1.6681,3.9078,0.66381,2.5862,3.867,2.0125,1.7642,3.4892,1.09,2.4266,3.1033,0.24011,2.2929,3.5156,1.7786,1.6745,3.394,2.0732,2.8005,4.3789,1.7855,1.6783,3.3998,1.474,1.6565,3.9186,0.39521,2.1483,3.1872,2.0571,2.3785,4.4107,1.4728,1.6778,3.203,0.82091,1.893,2.7523,3.018,2.8418,5.8367,2.0114,1.7723,3.4904,1.0124,2.7235,2.8937,1.8179,2.5869,4.0127,0.63345,1.8838,2.7851,1.0668,2.4354,3.07,1.8971,1.9116,4.5024,1.6786,1.6805,3.8955,0.51331,2.1968,3.7593,1.1923,2.4648,3.7756,0.98385,2.0888,3.2464,2.5813,2.3193,4.3349,2.0876,2.1794,4.7072,1.4821,1.6751,3.9223,1.8929,1.9222,4.5039,1.4966,2.1888,3.2656,0.81043,2.1114,3.1612,2.4306,2.3838,4.3403,1.9492,2.5918,4.8804,1.9197,2.5986,4.8539,2.5691,2.3171,4.3303,1.2927,2.5008,3.9357,1.7004,2.2348,4.3141,2.0626,3.0446,3.9988,0.53297,2.4686,2.5054,1.5297,2.0676,4.6066,2.0716,3.0487,4.0092,0.36828,2.3855,3.408,1.6581,1.6174,4.0784,0.70837,2.0447,3.0856,2.2408,2.2543,4.6528,0.64728,2.5959,3.0284,0.98747,2.0933,3.2475,0.13607,2.8911,1.9725,2.005,2.0007,4.6133,2.571,2.3219,4.3317,2.6476,2.3235,5.1778,2.0665,2.7703,4.3721,1.0851,1.8312,3.9605,4.6249,2.9669,0.50879,0.88182,2.1305,3.0454,1.3146,2.0896,4.2872,1.0578,2.097,3.493,2.2615,2.7369,4.5272,1.7067,1.5957,4.1511,1.1704,2.5405,3.0862,0.7645,2.4331,3.7649,2.0652,1.9094,3.7152,1.5838,2.4504,3.4538,1.6406,2.5358,3.5988,1.6432,1.6578,4.2499,2.0414,2.7779,4.5143,2.0681,2.7768,4.5375,3.3745,2.7718,6.1316,1.7128,1.5902,4.1486,1.718,2.003,3.4514,2.0966,2.9331,4.8933,1.169,2.5473,3.1003,2.6285,2.4479,4.9748,1.0338,2.6082,4.0645,1.5877,2.4406,3.4572,1.16,1.8068,4.0926,1.6612,1.6081,4.079,1.7135,2.0023,3.4466,0.25862,2.9382,3.3112,2.8992,2.2905,4.5935,1.3146,1.9522,4.2075,1.2718,2.6636,3.3621,1.4442,2.4506,3.337,1.8446,1.9661,3.7093,1.9445,2.3695,4.0001,1.0824,2.2869,3.1817,2.5385,2.0381,5.1433,1.2472,2.6764,3.3314,1.4371,2.4589,3.3292,0.28667,2.9443,3.3314,0.6731,1.8247,2.8803,1.6932,2.0104,4.4436,1.4687,1.842,4.131,5.5011,2.8995,1.82,0.81839,2.1199,2.7923,1.0286,2.6157,4.0603,2.1745,2.5212,3.6238,2.6093,2.4316,4.9531,2.835,2.6973,4.5496,2.1544,2.5175,4.526,2.3493,2.1055,4.2067,0.77029,2.009,3.3384,0.37393,2.4625,2.9305,0.60519,2.1417,3.7139,2.3807,2.48,4.4403,0.79579,2.4578,2.8904,1.2517,1.5786,4.2872,1.695,2.0116,3.4531,6.2618,2.6885,2.0042,3.2731,2.9345,1.0127,0.78273,2.4375,2.9123,1.6573,1.634,4.081,1.4984,1.8769,3.1778,0.75844,2.4527,2.8766,2.1652,2.3435,4.9335,1.1593,2.5596,3.084,1.0151,1.9704,3.5008,0.51093,1.9832,3.2637,1.7064,2.0076,3.4454,2.3962,2.0849,4.2072,2.1601,2.1585,4.9898,1.2863,1.7325,3.8164,0.68902,1.9818,2.7579,2.16,2.1703,4.9939,2.3344,2.1992,4.491,1.5709,2.3232,3.9656,4.2633,2.989,0.18643,1.9547,2.3583,3.9999,0.82859,1.9619,4.1197,1.2003,2.5908,4.2316,3.574,2.8403,6.1373,1.5387,1.6226,3.2922,0.30127,2.297,3.3755,5.1805,2.9708,1.1139,0.57647,2.7721,3.2789,1.2834,2.511,2.9939,2.1477,2.1368,4.9591,1.4869,2.0872,4.3669,1.5249,1.6279,3.2975,1.4038,2.9272,3.3782,0.48339,2.445,2.763,0.90396,2.4496,2.9923,0.22455,2.6142,3.3383,1.6244,2.2781,4.1413,0.48885,2.4397,2.7444,1.0415,2.1913,3.6467,1.3917,1.805,4.287,0.32033,2.3044,3.3984,1.5254,1.616,3.2897,0.47471,2.4442,2.7572,3.0241,2.8673,5.952,1.9894,2.586,4.0299,1.9853,2.1841,4.5982,2.5858,2.7711,5.2254,1.8905,1.9507,3.8921,1.2998,1.7926,3.6963,2.1533,2.1484,4.9721,1.3982,2.6391,4.0021,1.0351,3.0856,2.8706,4.7146,2.9681,0.4344,1.2583,2.6883,4.3288,1.9125,1.9526,3.8989,1.2592,2.6403,2.8792,0.41532,2.7616,3.0188,0.9617,2.8907,4.1529,0.60313,2.5306,2.5998,0.68996,1.9653,2.9647,0.55614,2.3998,3.4223,1.5724,2.1761,4.2414,1.3022,2.6989,4.3756,0.61006,1.9639,3.085,1.9831,1.8794,3.8122,1.1935,1.8405,3.656,2.3967,2.7064,4.8974,1.3765,1.5405,4.1564,1.3837,2.1574,3.1714,0.63062,1.9689,3.0845,0.47215,2.4456,2.5796,1.6254,2.277,4.1464,2.4125,2.7049,4.9296,0.62226,1.9713,3.0772,1.5765,1.7195,3.3335,0.56752,3.0426,2.4688,0.59094,2.5284,2.5933,2.9376,2.745,5.9277,6.1813,2.8755,2.5595,4.6879,2.9762,0.40113,2.3268,2.3841,3.7221,0.98834,3.07,3.7859,1.4066,2.285,3.5337,0.90454,3.0728,3.7005,2.3671,2.2357,3.7911,1.1912,1.827,3.6524,2.425,2.3434,4.565,2.5618,2.6386,4.0327,1.2862,2.6807,4.3582,1.8885,1.9352,3.8884,1.1415,2.7721,3.6634,2.4205,2.4746,5.0447,1.5814,2.602,3.3066,2.1662,2.1947,4.1036,0.78885,1.9116,3.3688,2.3348,2.4069,3.732,2.3216,2.4079,3.7166,2.2054,1.9166,4.9286,2.6298,2.2851,4.7894,2.3611,2.2448,3.7984,1.3864,1.5966,3.8422,2.3954,2.7048,4.91,1.8907,1.943,3.8899,0.77871,2.1383,3.9917,1.5973,1.8204,4.2539,2.4229,2.7095,4.9419,1.4488,2.3806,3.2651,5.9424,2.8878,2.2303,1.8528,1.7972,3.4955,1.9408,2.9942,4.2537,2.0295,1.9596,4.7812,1.1185,2.5809,4.2915,1.9018,2.1603,4.8652,1.6123,1.7739,3.9639,1.6067,2.0154,3.3844,1.0381,2.7466,3.5812,0.93653,2.815,3.8282,1.4046,2.4168,3.86,1.1258,2.7762,3.6419,1.8258,1.762,4.0888,0.91676,2.4599,2.7817,1.9222,2.0798,4.4014,0.11311,2.7842,2.877,1.0789,1.9578,4.264,0.96517,2.323,3.0404,1.6426,2.3953,4.5905,0.97954,2.0757,2.8523,0.73682,1.9957,2.7412,1.6061,1.7727,3.9664,0.92176,2.4565,2.7941,1.3707,1.5865,3.8403,2.7635,2.5833,4.6305,1.0873,2.1514,3.6169,1.135,2.7762,3.6595,1.9778,1.9864,4.4886,1.0709,1.9597,4.2605,1.8591,1.6497,3.4555,1.6643,2.4941,4.0015,2.124,2.5436,4.9209,2.1422,2.3892,3.6888,1.2293,3.0634,3.4577,1.4523,1.4689,4.2225,0.63499,2.995,3.6378,1.6226,1.7337,4.2272,0.74228,1.9981,2.7422,0.69508,2.1958,3.952,2.6798,2.598,4.5383,2.0013,2.1231,3.4294,1.3965,2.8929,3.5468,1.0818,2.2154,3.6203,2.5369,2.0108,4.4832,1.484,1.7309,4.4246,1.5852,2.583,3.5748,2.0615,2.3062,4.079,2.6933,2.3573,4.9919,0.46041,2.5314,2.9746
1833.3,0.067708,153.16,3.2288,0.062184,480.74,1.5015,1.8326,4.1529,1.2824,2.2328,4.2329,1.2145,1.9818,4.2318,2.4814,2.6465,4.2985,0.85629,2.051,4.2442,1.5161,2.5063,3.8914,3.043,2.8385,5.8665,1.2062,1.9862,4.2366,1.7374,1.6957,4.2413,1.2921,2.2318,4.2566,0.84636,2.0683,4.2152,2.9338,2.8325,4.5256,5.6404,2.7475,1.3961,1.2699,2.7995,3.652,0.94298,2.1526,3.0228,2.4967,2.0726,4.4767,1.4641,1.6663,3.9085,0.66446,2.5893,3.8635,2.0138,1.7644,3.4919,1.0921,2.4231,3.111,0.23389,2.2942,3.5065,1.7773,1.6747,3.3953,2.0618,2.7958,4.3673,1.7854,1.6798,3.4016,1.4736,1.6534,3.9208,0.3952,2.1511,3.1841,2.061,2.3824,4.4149,1.4725,1.68,3.2035,0.81909,1.8961,2.7491,3.02,2.8419,5.8408,2.0125,1.7742,3.4931,1.0136,2.7249,2.8963,1.8181,2.5869,4.0147,0.63398,1.8864,2.7832,1.0657,2.4335,3.0727,1.8969,1.9111,4.5041,1.6785,1.6777,3.8955,0.51416,2.1959,3.7622,1.192,2.4724,3.7737,0.97971,2.0939,3.2419,2.5881,2.3232,4.3434,2.0915,2.1847,4.7128,1.4828,1.6754,3.9246,1.8926,1.9232,4.506,1.4977,2.192,3.2652,0.80773,2.1175,3.156,2.4332,2.3862,4.3456,1.9498,2.5905,4.8781,1.9164,2.5992,4.8487,2.5738,2.321,4.3387,1.2935,2.5035,3.9335,1.703,2.2356,4.318,2.0625,3.0412,3.9973,0.53856,2.4684,2.5108,1.5271,2.07,4.6065,2.0717,3.0454,4.0075,0.36378,2.3874,3.4026,1.6575,1.6152,4.0776,0.70786,2.0488,3.083,2.2404,2.2567,4.654,0.65065,2.5917,3.034,0.98407,2.0986,3.2432,0.13569,2.8911,1.9706,2.0074,2.0042,4.6183,2.5761,2.3265,4.3398,2.6421,2.3207,5.1733,2.0542,2.7603,4.3603,1.086,1.8274,3.9635,4.6262,2.9606,0.50945,0.8807,2.1328,3.0437,1.3161,2.0879,4.2911,1.0579,2.0989,3.4925,2.2522,2.7335,4.5169,1.7077,1.5946,4.1497,1.1751,2.5376,3.0896,0.76717,2.4346,3.7638,2.0673,1.9059,3.7108,1.5809,2.4526,3.4513,1.6367,2.5382,3.5973,1.6402,1.6541,4.2497,2.0294,2.7712,4.5016,2.0602,2.7701,4.5289,3.3796,2.7698,6.1358,1.7152,1.588,4.1466,1.7211,2.0025,3.4512,2.0906,2.9322,4.8877,1.173,2.5456,3.1053,2.6266,2.448,4.9718,1.0357,2.6091,4.0643,1.5853,2.4414,3.4552,1.1552,1.8083,4.0909,1.6613,1.6045,4.0779,1.7157,2.0018,3.4457,0.25367,2.9365,3.3073,2.9044,2.2899,4.5991,1.3141,1.9522,4.2081,1.2755,2.6592,3.3691,1.4406,2.4495,3.3359,1.8454,1.9624,3.7063,1.9434,2.3758,4.0018,1.0797,2.2875,3.1803,2.5383,2.0361,5.1422,1.2483,2.6742,3.335,1.4324,2.4589,3.3272,0.28672,2.9436,3.331,0.67213,1.8279,2.8741,1.6914,2.0071,4.4475,1.4688,1.8379,4.1332,5.4935,2.8989,1.8136,0.81828,2.1195,2.7945,1.0295,2.6179,4.0591,2.1788,2.5208,3.6244,2.6039,2.429,4.9461,2.8416,2.6956,4.5551,2.1529,2.5156,4.5243,2.3493,2.1063,4.2093,0.77079,2.0129,3.3359,0.38279,2.4601,2.9396,0.60538,2.142,3.7139,2.3798,2.475,4.4424,0.80467,2.4564,2.8976,1.251,1.5782,4.2869,1.6936,2.0125,3.4534,6.2429,2.6883,1.9957,3.2843,2.9334,1.7123,0.78898,2.4325,2.923,1.6569,1.6338,4.0797,1.4992,1.8793,3.177,0.76113,2.4505,2.8815,2.1647,2.3425,4.9294,1.1621,2.5594,3.0867,1.0175,1.9717,3.5002,0.50671,1.9839,3.2652,1.7075,2.0075,3.4443,2.3981,2.0859,4.2094,2.1633,2.1591,4.9914,1.2854,1.7286,3.8192,0.6902,1.9824,2.7585,2.1632,2.1729,4.996,2.3374,2.2019,4.4968,1.5717,2.3294,3.9662,4.274,2.9851,0.19534,1.9547,2.3625,4.0008,0.82691,1.9612,4.1201,1.2055,2.5944,4.2349,3.5846,2.8377,6.1481,1.54,1.6237,3.2932,0.29709,2.297,3.3692,5.1867,2.9669,1.1187,0.58012,2.7697,3.2837,1.2868,2.5119,2.9969,2.1492,2.134,4.9555,1.4891,2.0854,4.3701,1.5249,1.6289,3.2994,1.4081,2.9266,3.3803,0.48975,2.4439,2.7717,0.90061,2.4487,2.9915,0.22491,2.6135,3.3376,1.6268,2.2823,4.1444,0.49671,2.4382,2.7506,1.04,2.1955,3.6441,1.3913,1.8043,4.2858,0.31964,2.3055,3.3966,1.5248,1.6156,3.2903,0.48014,2.4429,2.7651,3.0323,2.8666,5.9621,1.9861,2.5841,4.029,1.9882,2.1852,4.6001,2.5762,2.7702,5.2156,1.8907,1.9476,3.8898,1.3007,1.7878,3.698,2.1551,2.1473,4.9704,1.3976,2.6359,4.0009,1.0207,3.0856,2.8551,4.7187,2.9645,0.43783,1.259,2.689,4.3283,1.9141,1.9512,3.9013,1.262,2.6411,2.8823,0.42601,2.7591,3.0315,0.96627,2.8906,4.1572,0.60904,2.5324,2.6037,0.68848,1.971,2.9598,0.55762,2.4007,3.4208,1.5732,2.1759,4.2438,1.311,2.701,4.3834,0.60535,1.9667,3.0786,1.9838,1.876,3.8111,1.1935,1.839,3.6582,2.3847,2.7029,4.8816,1.376,1.5437,4.1529,1.3824,2.1574,3.1707,0.62923,1.9728,3.0785,0.47436,2.4447,2.5822,1.6278,2.2815,4.1499,2.4033,2.7013,4.9192,0.6195,1.9755,3.0697,1.5787,1.7201,3.3348,0.57628,3.0432,2.475,0.59423,2.5299,2.5952,2.9439,2.7452,5.936,6.1836,2.8777,2.5641,4.6897,2.9737,0.40149,2.3232,2.3796,3.716,1.0063,3.0676,3.8065,1.4003,2.2908,3.528,0.9146,3.0716,3.7132,2.3668,2.2353,3.7876,1.1909,1.8229,3.6542,2.425,2.3445,4.5662,2.5579,2.6409,4.0336,1.291,2.6803,4.3619,1.8881,1.9295,3.8853,1.1447,2.7675,3.6659,2.4154,2.4726,5.036,1.5771,2.5985,3.3085,2.1658,2.1964,4.1041,0.78897,1.9134,3.3678,2.3323,2.4062,3.7279,2.3164,2.4071,3.7095,2.2093,1.922,4.9336,2.6272,2.2842,4.789,2.3602,2.2459,3.7962,1.3872,1.5984,3.8437,2.3829,2.7013,4.8957,1.8909,1.9391,3.8868,0.77864,2.1375,3.9976,1.5965,1.8177,4.253,2.4153,2.7069,4.9335,1.4494,2.3792,3.2658,5.9459,2.8892,2.2356,1.8518,1.7967,3.4991,1.9351,2.9883,4.2458,2.0327,1.9615,4.7864,1.1222,2.5812,4.2952,1.9055,2.162,4.8658,1.6123,1.7685,3.9634,1.6072,2.0164,3.3828,1.0425,2.7414,3.5844,0.94115,2.8119,3.8315,1.4095,2.4213,3.8633,1.1269,2.7723,3.6411,1.8234,1.7553,4.0879,0.91756,2.4597,2.7834,1.9246,2.082,4.4044,0.12164,2.7817,2.8851,1.0776,1.9572,4.2646,0.96813,2.3206,3.0458,1.6447,2.3953,4.5915,0.97946,2.0734,2.8554,0.73569,1.9948,2.7412,1.605,1.7671,3.966,0.92315,2.4559,2.798,1.3687,1.5863,3.8411,2.7622,2.5819,4.6297,1.0875,2.1542,3.6148,1.138,2.7716,3.6617,1.9781,1.9863,4.4908,1.0687,1.9589,4.261,1.8603,1.6495,3.4566,1.6647,2.4963,4.0019,2.1264,2.5417,4.9207,2.1398,2.3909,3.6848,1.2384,3.0612,3.466,1.4534,1.4695,4.2206,0.63706,2.9941,3.6414,1.6224,1.73,4.226,0.74192,1.9979,2.7422,0.69601,2.1961,3.9535,2.6781,2.597,4.5385,2.0031,2.1221,3.4277,1.3991,2.8872,3.5486,1.0816,2.2197,3.6173,2.538,2.013,4.4861,1.4826,1.7302,4.425,1.5808,2.5814,3.5737,2.0613,2.3096,4.0804,2.6905,2.3545,4.9886,0.46354,2.5314,2.9779
1833.3,0.067708,153.16,3.2288,0.071068,489.15,1.4982,1.8316,4.1498,1.2833,2.2339,4.2347,1.212,1.9806,4.2318,2.479,2.6441,4.2981,0.85592,2.0495,4.2479,1.5154,2.5095,3.8911,3.0488,2.8382,5.8743,1.2028,1.9855,4.2371,1.7359,1.6922,4.2401,1.2942,2.2325,4.2615,0.84475,2.0692,4.2153,2.9403,2.8321,4.5285,5.6304,2.7426,1.386,1.2741,2.7928,3.6559,0.9409,2.1535,3.0228,2.4989,2.0762,4.482,1.4628,1.6645,3.9092,0.66507,2.5921,3.8599,2.015,1.7647,3.4947,1.094,2.4198,3.1184,0.22754,2.2955,3.4971,1.776,1.6748,3.3965,2.0509,2.7909,4.356,1.7853,1.6812,3.4034,1.4731,1.6505,3.9229,0.39525,2.1536,3.1813,2.0647,2.3861,4.419,1.4721,1.6821,3.204,0.81734,1.899,2.7459,3.0221,2.842,5.8449,2.0136,1.7761,3.4958,1.0148,2.7262,2.8988,1.8183,2.5869,4.0169,0.63454,1.8888,2.7812,1.0645,2.4317,3.0754,1.8969,1.9105,4.5059,1.6783,1.6752,3.8955,0.51507,2.1949,3.7651,1.1916,2.4798,3.772,0.97558,2.0988,3.2374,2.595,2.327,4.3519,2.0953,2.1898,4.7184,1.4837,1.6757,3.927,1.8922,1.9244,4.5081,1.4989,2.195,3.2647,0.80496,2.1235,3.1508,2.436,2.3886,4.3509,1.9506,2.5892,4.8757,1.9131,2.5999,4.8437,2.5788,2.3248,4.3474,1.2943,2.5062,3.9312,1.7056,2.2365,4.3218,2.0625,3.0379,3.996,0.54407,2.4684,2.5162,1.5243,2.0724,4.6063,2.0719,3.0421,4.006,0.35927,2.3894,3.3972,1.657,1.613,4.0767,0.70731,2.0528,3.0804,2.24,2.2591,4.6551,0.65382,2.5875,3.0393,0.98067,2.1039,3.2388,0.1352,2.891,1.9686,2.0099,2.0078,4.6233,2.5812,2.331,4.3482,2.6366,2.3179,5.1688,2.0427,2.7502,4.3491,1.0869,1.8237,3.9665,4.6275,2.9543,0.51007,0.8796,2.1352,3.042,1.3176,2.0862,4.2948,1.058,2.101,3.4921,2.2432,2.7299,4.507,1.7089,1.5935,4.1483,1.1799,2.5348,3.0927,0.76982,2.4362,3.7626,2.0694,1.9025,3.7067,1.5781,2.4548,3.4488,1.633,2.5406,3.5959,1.6373,1.6505,4.2496,2.0178,2.7643,4.4892,2.0527,2.7632,4.5205,3.3847,2.7678,6.1401,1.7176,1.5858,4.1445,1.724,2.002,3.451,2.0846,2.9313,4.8821,1.1769,2.544,3.1101,2.6247,2.4481,4.9689,1.0377,2.6101,4.064,1.5828,2.4423,3.4532,1.1504,1.8097,4.0892,1.6615,1.6011,4.0769,1.7179,2.0013,3.4448,0.24876,2.9348,3.3033,2.9094,2.2891,4.6044,1.3136,1.9523,4.2088,1.2787,2.6551,3.3758,1.4371,2.4485,3.3349,1.8462,1.9586,3.7034,1.9423,2.3819,4.0036,1.077,2.2883,3.179,2.5381,2.0341,5.1412,1.2493,2.6719,3.3387,1.4276,2.4588,3.3252,0.2869,2.9429,3.3309,0.67112,1.8311,2.868,1.6893,2.0038,4.4512,1.4689,1.8338,4.1353,5.4858,2.8984,1.8071,0.81816,2.1191,2.7968,1.0303,2.6202,4.0578,2.1832,2.5204,3.625,2.5985,2.4264,4.9391,2.8482,2.6938,4.5606,2.1516,2.5135,4.5227,2.3494,2.1072,4.2119,0.77121,2.0169,3.3333,0.39159,2.4577,2.9486,0.60556,2.1421,3.7139,2.3789,2.4701,4.4445,0.81355,2.455,2.9049,1.2502,1.5778,4.2865,1.6922,2.0134,3.4535,6.237,2.6879,1.9871,3.2953,2.9325,6.261,0.79484,2.4275,2.9334,1.6564,1.6335,4.0784,1.5001,1.8817,3.1761,0.76367,2.4483,2.8863,2.1642,2.3416,4.9253,1.1649,2.5591,3.0892,1.0199,1.973,3.4995,0.50236,1.9848,3.2668,1.7087,2.0074,3.4434,2.4002,2.0871,4.2118,2.1663,2.1598,4.9931,1.2845,1.7247,3.8221,0.69139,1.9831,2.7592,2.1664,2.1754,4.9981,2.3406,2.2044,4.5027,1.5725,2.3356,3.9667,4.2844,2.9812,0.20388,1.9547,2.3667,4.0019,0.82523,1.9607,4.1205,1.2106,2.598,4.2382,3.5953,2.835,6.1588,1.5412,1.6247,3.2944,0.29295,2.2969,3.3628,5.1924,2.963,1.1232,0.5837,2.7672,3.2883,1.29,2.5127,2.9997,2.1508,2.1314,4.952,1.4912,2.0835,4.3732,1.5248,1.6298,3.3014,1.4122,2.9261,3.3824,0.49613,2.4427,2.7803,0.89743,2.4476,2.9909,0.2252,2.6127,3.3367,1.6292,2.2863,4.1476,0.50448,2.4368,2.7567,1.0384,2.1999,3.6413,1.3908,1.8035,4.2846,0.31899,2.3065,3.3948,1.5242,1.6151,3.291,0.48556,2.4416,2.773,3.0403,2.8661,5.972,1.9829,2.5821,4.0281,1.991,2.1862,4.602,2.5664,2.7693,5.2056,1.8907,1.9444,3.8873,1.3016,1.783,3.6997,2.157,2.1461,4.9687,1.397,2.6327,3.9996,1.0061,3.0857,2.8393,4.7227,2.9608,0.44127,1.2599,2.6897,4.3279,1.9157,1.9498,3.9037,1.2647,2.6419,2.8853,0.43649,2.7566,3.0441,0.97091,2.8905,4.1615,0.61492,2.5343,2.6074,0.68705,1.9767,2.955,0.55915,2.4015,3.4194,1.5741,2.1756,4.2462,1.3197,2.7031,4.3911,0.60067,1.9694,3.072,1.9847,1.8727,3.8099,1.1934,1.8374,3.6604,2.373,2.6994,4.8661,1.3755,1.5466,4.1495,1.3811,2.1573,3.17,0.62784,1.9766,3.0724,0.47656,2.4438,2.5847,1.6303,2.286,4.1535,2.3944,2.6976,4.909,0.61673,1.9796,3.0624,1.5809,1.7208,3.3361,0.58514,3.0437,2.4814,0.59743,2.5314,2.597,2.9505,2.7454,5.9443,6.186,2.8798,2.569,4.6918,2.9712,0.40204,2.3197,2.3751,3.7098,1.0226,3.0651,3.8257,1.3938,2.2966,3.5223,0.92397,3.0704,3.7252,2.3665,2.2349,3.7843,1.1905,1.8188,3.6561,2.4251,2.3456,4.5674,2.5542,2.6432,4.0346,1.2956,2.6798,4.3656,1.8878,1.9238,3.8823,1.1477,2.763,3.6683,2.4106,2.4706,5.0275,1.5727,2.5953,3.3106,2.1654,2.1981,4.1047,0.78906,1.9154,3.3669,2.3299,2.4057,3.7237,2.3114,2.4062,3.7022,2.2133,1.9272,4.9386,2.6248,2.2833,4.7887,2.3592,2.2472,3.7941,1.3881,1.6003,3.8452,2.3707,2.6979,4.8816,1.8911,1.9351,3.8839,0.77857,2.1367,4.0034,1.5957,1.815,4.2521,2.408,2.7043,4.9251,1.4499,2.378,3.2663,5.9495,2.8906,2.2409,1.8509,1.7962,3.5027,1.9295,2.9823,4.2381,2.0359,1.9635,4.7914,1.1258,2.5816,4.2989,1.9091,2.1637,4.8664,1.6122,1.7632,3.9629,1.6077,2.0176,3.3812,1.0465,2.7364,3.5873,0.94559,2.809,3.8346,1.4144,2.4257,3.8665,1.1279,2.7684,3.6402,1.821,1.7487,4.087,0.91838,2.4596,2.7851,1.927,2.0842,4.4076,0.13024,2.7792,2.8932,1.0762,1.9565,4.2653,0.97094,2.3182,3.0512,1.6468,2.3954,4.5926,0.97932,2.0713,2.8583,0.7346,1.9938,2.7412,1.6038,1.7616,3.9656,0.92447,2.4552,2.8016,1.3666,1.586,3.8419,2.7609,2.5806,4.6289,1.0878,2.157,3.6126,1.1409,2.7669,3.6639,1.9785,1.9862,4.493,1.0663,1.9581,4.2615,1.8615,1.6493,3.4576,1.6651,2.4986,4.0023,2.1288,2.5397,4.9205,2.1373,2.3926,3.6808,1.2476,3.0589,3.4745,1.4544,1.4702,4.2187,0.63879,2.9932,3.6445,1.6223,1.7264,4.2248,0.74158,1.9976,2.7423,0.69693,2.1965,3.955,2.6764,2.5961,4.5388,2.005,2.1209,3.4259,1.4016,2.8814,3.5504,1.0813,2.2241,3.6142,2.5392,2.0153,4.4891,1.4813,1.7294,4.4254,1.5767,2.5799,3.5727,2.0611,2.3129,4.0818,2.6878,2.3519,4.9854,0.46665,2.5315,2.9812
1833.3,0.067708,153.16,3.2288,0.079951,497.28,1.4949,1.8306,4.1466,1.2841,2.2351,4.2364,1.2097,1.9795,4.2317,2.4767,2.6418,4.2979,0.85551,2.0481,4.2516,1.5147,2.5128,3.8908,3.0547,2.8378,5.8821,1.1994,1.9848,4.2378,1.7344,1.6885,4.239,1.2963,2.2332,4.2664,0.84318,2.0701,4.2155,2.9468,2.8317,4.5315,5.6207,2.7377,1.3763,1.2781,2.7862,3.6595,0.93885,2.1544,3.0229,2.5009,2.0799,4.4873,1.4615,1.6626,3.9099,0.66564,2.5951,3.8563,2.0162,1.7649,3.4973,1.0956,2.4165,3.1254,0.22112,2.2968,3.4877,1.7746,1.6748,3.3977,2.0405,2.786,4.3452,1.7852,1.6825,3.405,1.4728,1.6475,3.9249,0.39535,2.1562,3.1784,2.0684,2.3897,4.423,1.4718,1.6841,3.2045,0.81563,1.9018,2.7429,3.0241,2.842,5.8491,2.0147,1.7778,3.4985,1.016,2.7275,2.9014,1.8186,2.587,4.0189,0.6351,1.8913,2.7794,1.0633,2.4299,3.078,1.8967,1.91,4.5076,1.6782,1.6726,3.8956,0.51604,2.194,3.7683,1.1913,2.4868,3.7705,0.97144,2.1036,3.233,2.6017,2.3307,4.3604,2.0992,2.1948,4.7239,1.4846,1.6761,3.9292,1.892,1.9254,4.5102,1.5001,2.198,3.2643,0.8021,2.1296,3.1455,2.4389,2.3909,4.3564,1.9513,2.5882,4.8733,1.9099,2.6006,4.8388,2.5838,2.3287,4.3563,1.295,2.509,3.929,1.7084,2.2373,4.3257,2.0628,3.0346,3.995,0.54938,2.4683,2.5214,1.5213,2.075,4.606,2.0725,3.0388,4.005,0.3548,2.3911,3.3919,1.6566,1.611,4.0759,0.70671,2.0567,3.0778,2.2396,2.2614,4.6561,0.65682,2.5833,3.0447,0.97729,2.109,3.2345,0.13462,2.8909,1.9666,2.0127,2.0114,4.6283,2.5865,2.3356,4.3567,2.6312,2.315,5.1644,2.0319,2.7402,4.3387,1.0878,1.8199,3.9696,4.6285,2.9479,0.51061,0.87851,2.1374,3.0404,1.319,2.0846,4.2986,1.058,2.103,3.4916,2.2344,2.7264,4.4973,1.71,1.5924,4.147,1.1845,2.532,3.0958,0.77242,2.4378,3.7614,2.0713,1.899,3.7025,1.5752,2.4569,3.4463,1.6292,2.5429,3.5946,1.6343,1.6469,4.2495,2.0066,2.7573,4.4771,2.0454,2.7564,4.5125,3.3901,2.7658,6.1447,1.7202,1.5836,4.1426,1.7271,2.0015,3.4508,2.0789,2.9305,4.8766,1.1807,2.5425,3.1147,2.6229,2.4483,4.9658,1.0396,2.611,4.0638,1.5804,2.4432,3.4513,1.1455,1.8109,4.0877,1.6617,1.5978,4.076,1.72,2.0008,3.4439,0.24393,2.9332,3.2993,2.9144,2.2883,4.6097,1.3132,1.9522,4.2095,1.2819,2.6511,3.3822,1.4335,2.4476,3.3339,1.847,1.9548,3.7004,1.9413,2.388,4.0055,1.0742,2.289,3.1777,2.5378,2.0322,5.1402,1.2503,2.6698,3.3424,1.4229,2.4589,3.3232,0.28719,2.9422,3.3308,0.67008,1.8343,2.862,1.6873,2.0004,4.4549,1.469,1.8297,4.1373,5.4781,2.8978,1.8006,0.81805,2.1187,2.7989,1.0311,2.6224,4.0565,2.1875,2.5201,3.6255,2.5932,2.4238,4.9322,2.8549,2.692,4.5662,2.1503,2.5117,4.5213,2.3494,2.108,4.2147,0.77156,2.0209,3.3305,0.40033,2.4554,2.9576,0.60573,2.1424,3.7139,2.378,2.4654,4.4465,0.82245,2.4536,2.9121,1.2494,1.5775,4.2861,1.6908,2.0143,3.4538,6.2294,2.6876,1.9783,3.3061,2.9314,0.10164,0.80036,2.4225,2.9433,1.6559,1.6332,4.0772,1.5009,1.8842,3.1753,0.76609,2.4462,2.891,2.1638,2.3406,4.9212,1.1677,2.5589,3.0918,1.0223,1.9742,3.4989,0.49788,1.9855,3.2685,1.7097,2.0072,3.4424,2.4023,2.0881,4.2143,2.1694,2.1603,4.9946,1.2837,1.7208,3.8249,0.69257,1.9837,2.7598,2.1696,2.1779,5.0,2.3438,2.2071,4.5085,1.5733,2.3416,3.9672,4.2944,2.9773,0.21203,1.9548,2.371,4.0029,0.82358,1.9601,4.1208,1.2158,2.6016,4.2415,3.6058,2.8323,6.1694,1.5425,1.6258,3.2955,0.28878,2.2968,3.3564,5.1976,2.9589,1.1273,0.58719,2.7648,3.2928,1.2932,2.5135,3.0025,2.1524,2.1287,4.9487,1.4932,2.0817,4.3764,1.5247,1.6307,3.3033,1.4164,2.9257,3.3843,0.5025,2.4416,2.7891,0.8944,2.4465,2.9905,0.22541,2.612,3.3358,1.6317,2.2904,4.1509,0.51212,2.4354,2.7627,1.0368,2.2042,3.6384,1.3905,1.8027,4.2834,0.31837,2.3075,3.3932,1.5237,1.6146,3.2916,0.49094,2.4403,2.781,3.0483,2.8654,5.9818,1.9797,2.5804,4.0272,1.9938,2.1871,4.6039,2.5566,2.7683,5.1956,1.8908,1.941,3.885,1.3025,1.778,3.7014,2.1589,2.1449,4.9671,1.3965,2.6294,3.9984,0.99106,3.0859,2.8231,4.7268,2.9571,0.44467,1.2608,2.6904,4.3275,1.9172,1.9483,3.9059,1.2674,2.6428,2.8885,0.44674,2.7541,3.0565,0.97564,2.8903,4.1659,0.62069,2.5362,2.611,0.68564,1.9822,2.9504,0.56069,2.4023,3.4179,1.575,2.1753,4.2484,1.3285,2.705,4.3989,0.596,1.9721,3.0655,1.9855,1.8693,3.8089,1.1933,1.8358,3.6626,2.3618,2.6957,4.8512,1.3749,1.5494,4.1458,1.3798,2.1572,3.1693,0.62644,1.9803,3.0665,0.47872,2.4429,2.5872,1.6329,2.2906,4.1572,2.3855,2.6939,4.8988,0.61394,1.9838,3.0549,1.583,1.7213,3.3374,0.59399,3.0442,2.4877,0.60053,2.533,2.5985,2.9572,2.7455,5.9529,6.1887,2.8819,2.5742,4.6938,2.9686,0.40272,2.3163,2.3707,3.7037,1.0373,3.0627,3.8432,1.3873,2.3022,3.5166,0.9324,3.0693,3.7362,2.3663,2.2345,3.781,1.19,1.8145,3.6579,2.4251,2.3467,4.5686,2.5505,2.6454,4.0356,1.3002,2.6795,4.3694,1.8876,1.918,3.8792,1.1507,2.7584,3.6704,2.4059,2.4687,5.0191,1.5683,2.5921,3.3126,2.1652,2.1998,4.1054,0.7891,1.9174,3.3658,2.3275,2.4052,3.7195,2.3065,2.4054,3.6949,2.2174,1.9324,4.9436,2.6223,2.2824,4.7885,2.3583,2.2484,3.7921,1.389,1.602,3.8467,2.3587,2.6942,4.8678,1.8914,1.931,3.8809,0.77853,2.1359,4.0092,1.5949,1.8122,4.2512,2.4007,2.7017,4.9168,1.4504,2.3768,3.2669,5.9532,2.8919,2.2463,1.85,1.7958,3.5063,1.9243,2.9763,4.2307,2.0391,1.9654,4.7964,1.1295,2.5819,4.3026,1.9129,2.1654,4.8669,1.6122,1.758,3.9625,1.6082,2.0187,3.3798,1.0504,2.7314,3.59,0.94987,2.8059,3.8375,1.4192,2.4301,3.8699,1.1288,2.7645,3.6394,1.8187,1.7423,4.0862,0.91921,2.4595,2.7868,1.9295,2.0864,4.4108,0.13888,2.7764,2.9014,1.0748,1.9559,4.2659,0.97365,2.316,3.0564,1.649,2.3955,4.5937,0.97915,2.0692,2.8612,0.73356,1.9929,2.7413,1.6028,1.7561,3.9654,0.92573,2.4545,2.8053,1.3646,1.5857,3.8428,2.7598,2.5793,4.6283,1.0881,2.16,3.6105,1.1438,2.7622,3.666,1.9789,1.9862,4.4951,1.0642,1.9573,4.2619,1.8627,1.649,3.4586,1.6654,2.5006,4.0027,2.1314,2.5379,4.9203,2.135,2.3943,3.6767,1.2571,3.0567,3.4834,1.4554,1.4708,4.2169,0.64018,2.9924,3.6473,1.6223,1.7227,4.2237,0.74127,1.9974,2.7425,0.69783,2.1969,3.9564,2.6749,2.5952,4.5392,2.0067,2.1197,3.4243,1.4042,2.8755,3.5521,1.081,2.2285,3.611,2.5403,2.0175,4.4922,1.4801,1.7287,4.4257,1.5725,2.5784,3.5718,2.0609,2.3163,4.0832,2.6851,2.3492,4.9823,0.4697,2.5316,2.9844
1833.3,0.067708,153.16,3.2288,0.088834,505.47,1.4916,1.8294,4.1436,1.2852,2.2363,4.2382,1.2073,1.9783,4.2316,2.4746,2.6395,4.2979,0.85508,2.0468,4.2552,1.514,2.5161,3.8904,3.0605,2.8374,5.89,1.1961,1.9838,4.2385,1.733,1.685,4.2378,1.2983,2.2339,4.2712,0.84164,2.0708,4.2157,2.9532,2.8312,4.5345,5.6114,2.7329,1.3669,1.2819,2.7796,3.6629,0.93685,2.1552,3.0229,2.5031,2.0835,4.4925,1.4602,1.6608,3.9106,0.66617,2.598,3.8526,2.0174,1.765,3.5,1.0968,2.4132,3.1321,0.21457,2.2981,3.478,1.7733,1.6748,3.3989,2.0305,2.7813,4.3349,1.7851,1.6838,3.4067,1.4724,1.6446,3.9268,0.39552,2.1586,3.1757,2.072,2.393,4.4268,1.4714,1.6861,3.205,0.81399,1.9044,2.7401,3.0262,2.8421,5.8533,2.0159,1.7795,3.5009,1.0173,2.7288,2.9038,1.8188,2.5871,4.021,0.63569,1.8936,2.7777,1.0619,2.4282,3.0804,1.8966,1.9094,4.5092,1.678,1.6702,3.8957,0.5171,2.193,3.7714,1.1911,2.4935,3.7689,0.96731,2.1082,3.2287,2.6086,2.3345,4.3688,2.1032,2.1995,4.7292,1.4856,1.6766,3.9314,1.8919,1.9266,4.5123,1.5014,2.2009,3.2637,0.79918,2.1355,3.1404,2.4418,2.3932,4.3617,1.9521,2.5872,4.871,1.9068,2.6013,4.8339,2.589,2.3326,4.3652,1.2956,2.5117,3.9267,1.7112,2.2383,4.3296,2.0632,3.0313,3.994,0.55461,2.4683,2.5264,1.5183,2.0776,4.6057,2.0733,3.0354,4.004,0.35034,2.3928,3.3868,1.656,1.609,4.075,0.70609,2.0606,3.0752,2.2394,2.2635,4.6571,0.65962,2.5791,3.0498,0.97392,2.1139,3.2303,0.13396,2.8908,1.9647,2.0155,2.0153,4.6334,2.5919,2.3402,4.3654,2.6259,2.3121,5.1599,2.0219,2.7303,4.3291,1.0886,1.8161,3.9727,4.6296,2.9415,0.5111,0.87744,2.1396,3.0388,1.3205,2.083,4.3022,1.058,2.105,3.4909,2.2259,2.7229,4.4881,1.7111,1.5913,4.1456,1.189,2.5293,3.0987,0.77501,2.4394,3.7601,2.0734,1.8956,3.6984,1.5724,2.459,3.444,1.6255,2.5451,3.5934,1.6313,1.6435,4.2494,1.9958,2.7502,4.4654,2.0385,2.7496,4.5048,3.3957,2.7638,6.1494,1.7227,1.5814,4.1405,1.7302,2.001,3.4507,2.0732,2.9295,4.8713,1.1842,2.541,3.1193,2.6211,2.4484,4.9628,1.0414,2.612,4.0634,1.578,2.444,3.4496,1.1408,1.8121,4.0861,1.662,1.5946,4.0749,1.7222,2.0003,3.443,0.23913,2.9316,3.2953,2.9194,2.2874,4.6148,1.3127,1.9522,4.2102,1.2847,2.6471,3.3884,1.4299,2.4467,3.3329,1.848,1.9509,3.6975,1.9402,2.3941,4.0073,1.0714,2.2896,3.1764,2.5377,2.0304,5.1392,1.2513,2.6677,3.346,1.4182,2.4589,3.3213,0.28763,2.9415,3.331,0.66902,1.8373,2.8559,1.685,1.997,4.4584,1.469,1.8257,4.1393,5.4701,2.8972,1.7939,0.81793,2.1183,2.8011,1.0318,2.6246,4.0551,2.1917,2.5196,3.6259,2.5881,2.4211,4.9252,2.8617,2.6902,4.5718,2.1491,2.5099,4.5198,2.3495,2.109,4.2175,0.77181,2.025,3.3276,0.40899,2.453,2.9665,0.60589,2.1426,3.7139,2.377,2.4608,4.4486,0.83136,2.4521,2.9194,1.2486,1.5772,4.2855,1.6894,2.0151,3.4539,6.2218,2.6872,1.9694,3.3168,2.9303,0.030899,0.80549,2.4178,2.953,1.6554,1.6328,4.0759,1.5017,1.8866,3.1745,0.76838,2.4441,2.8955,2.1633,2.3395,4.9171,1.1704,2.5588,3.0941,1.0246,1.9755,3.4982,0.49328,1.9863,3.2701,1.7109,2.007,3.4413,2.4044,2.0893,4.2168,2.1723,2.1609,4.9959,1.2827,1.717,3.8277,0.69373,1.9842,2.7606,2.1727,2.1802,5.0017,2.3469,2.2095,4.5144,1.5741,2.3477,3.9678,4.304,2.9733,0.21985,1.9548,2.3753,4.004,0.82193,1.9595,4.1212,1.221,2.6052,4.2449,3.6161,2.8295,6.1799,1.5437,1.627,3.2966,0.28466,2.2967,3.3501,5.2026,2.9549,1.1311,0.59057,2.7623,3.2973,1.2965,2.5142,3.0053,2.1541,2.1261,4.9454,1.4952,2.0795,4.3796,1.5247,1.6315,3.3052,1.4205,2.9252,3.3861,0.50888,2.4404,2.7978,0.89153,2.4453,2.9902,0.22555,2.6113,3.3347,1.6341,2.2944,4.1543,0.51964,2.4341,2.7688,1.0352,2.2087,3.6354,1.39,1.8019,4.2821,0.3178,2.3086,3.3916,1.5232,1.614,3.2923,0.49633,2.439,2.789,3.0562,2.8647,5.9915,1.9766,2.5787,4.0264,1.9967,2.188,4.6057,2.5467,2.7673,5.1854,1.8909,1.9375,3.8826,1.3033,1.7733,3.703,2.1607,2.1437,4.9654,1.396,2.6264,3.9972,0.97573,3.086,2.8067,4.7307,2.9532,0.44805,1.2616,2.691,4.3271,1.9188,1.9468,3.9082,1.2702,2.6436,2.8915,0.45673,2.7514,3.0686,0.9804,2.8899,4.1705,0.62641,2.538,2.6145,0.68428,1.9875,2.9459,0.56227,2.403,3.4166,1.576,2.1748,4.2507,1.3371,2.7067,4.4067,0.59136,1.9748,3.0588,1.9862,1.866,3.8078,1.1932,1.8341,3.6649,2.351,2.692,4.8366,1.3742,1.5522,4.1422,1.3785,2.1571,3.1686,0.62505,1.9842,3.0606,0.48084,2.4418,2.5896,1.6355,2.2952,4.1608,2.3769,2.6901,4.8889,0.61114,1.9879,3.0475,1.5852,1.7219,3.3386,0.60292,3.0448,2.4941,0.60353,2.5346,2.6001,2.964,2.7455,5.9616,6.1916,2.8839,2.5795,4.696,2.9662,0.40354,2.313,2.3662,3.6977,1.0507,3.0602,3.8593,1.3808,2.3078,3.5109,0.94016,3.0681,3.7467,2.3661,2.2341,3.7777,1.1895,1.8102,3.6598,2.4252,2.3479,4.5698,2.5467,2.6476,4.0367,1.3048,2.6791,4.373,1.8872,1.9122,3.8762,1.1536,2.7539,3.6725,2.4014,2.4669,5.0108,1.5638,2.5889,3.3146,2.1648,2.2016,4.1062,0.78909,1.9193,3.3646,2.3252,2.4046,3.7153,2.3015,2.4044,3.6877,2.2215,1.9374,4.9485,2.6199,2.2816,4.7884,2.3575,2.2497,3.7902,1.3898,1.6037,3.8483,2.3472,2.6905,4.8542,1.8916,1.9269,3.878,0.77852,2.1351,4.0149,1.5941,1.8094,4.2501,2.3934,2.699,4.9086,1.4509,2.3757,3.2674,5.957,2.8933,2.2519,1.8491,1.7953,3.5098,1.9193,2.9702,4.2236,2.0424,1.9675,4.8013,1.133,2.5823,4.3062,1.9165,2.1671,4.8674,1.6122,1.753,3.962,1.6087,2.02,3.3782,1.0541,2.7267,3.5924,0.95399,2.803,3.8401,1.4241,2.4342,3.8733,1.1298,2.7606,3.6384,1.8164,1.736,4.0854,0.92004,2.4595,2.7884,1.932,2.0887,4.4141,0.14758,2.7736,2.9095,1.0734,1.9552,4.2665,0.97622,2.3138,3.0614,1.6512,2.3955,4.595,0.97893,2.0672,2.864,0.73256,1.9919,2.7414,1.6016,1.7508,3.965,0.92691,2.4539,2.8089,1.3625,1.5853,3.8435,2.7586,2.578,4.6277,1.0883,2.163,3.6082,1.1466,2.7575,3.6681,1.9793,1.9861,4.4973,1.062,1.9563,4.2625,1.864,1.6489,3.4597,1.6658,2.5027,4.0031,2.1338,2.5361,4.9202,2.1327,2.396,3.6727,1.2667,3.0545,3.4922,1.4565,1.4715,4.2151,0.64128,2.9914,3.6498,1.6224,1.7191,4.2225,0.74098,1.997,2.7427,0.69871,2.1973,3.9578,2.6732,2.5942,4.5397,2.0085,2.1185,3.4227,1.4065,2.8697,3.5538,1.0806,2.233,3.6079,2.5416,2.0198,4.4953,1.4789,1.7281,4.4261,1.5685,2.5769,3.5708,2.0608,2.3196,4.0847,2.6826,2.3468,4.9793,0.47273,2.5318,2.9877
1833.3,0.067708,153.16,3.2288,0.097718,513.52,1.4883,1.8282,4.1405,1.2862,2.2374,4.2401,1.2049,1.977,4.2316,2.4725,2.6372,4.2979,0.85462,2.0455,4.2587,1.5133,2.5192,3.89,3.0665,2.8369,5.8978,1.1927,1.9829,4.2392,1.7316,1.6814,4.2367,1.3004,2.2346,4.2761,0.84012,2.0716,4.216,2.9595,2.8308,4.5376,5.6022,2.7279,1.3577,1.2854,2.7733,3.666,0.93488,2.156,3.0231,2.5053,2.0871,4.4979,1.4588,1.6589,3.9113,0.66668,2.6008,3.849,2.0184,1.765,3.5026,1.0977,2.4101,3.1385,0.20791,2.2992,3.4684,1.7719,1.6747,3.4,2.021,2.7763,4.3251,1.7851,1.685,3.4085,1.4721,1.6419,3.9287,0.39575,2.161,3.173,2.0754,2.3962,4.4305,1.471,1.6881,3.2055,0.81241,1.9069,2.7375,3.0284,2.8422,5.8575,2.0169,1.7811,3.5035,1.0185,2.7301,2.9063,1.819,2.5872,4.0232,0.63629,1.8959,2.7761,1.0605,2.4264,3.0828,1.8965,1.9088,4.511,1.6779,1.6678,3.8958,0.51821,2.192,3.7747,1.1909,2.4998,3.7676,0.96321,2.1127,3.2245,2.6153,2.338,4.3772,2.1071,2.2042,4.7344,1.4865,1.6771,3.9337,1.8918,1.9277,4.5145,1.5026,2.2037,3.2632,0.79621,2.1415,3.1351,2.4449,2.3955,4.3672,1.9529,2.5864,4.8686,1.9039,2.602,4.829,2.5943,2.3363,4.3744,1.2963,2.5143,3.9244,1.7141,2.2391,4.3335,2.0636,3.0281,3.9932,0.55969,2.4683,2.5314,1.5152,2.0802,4.6052,2.0742,3.032,4.0033,0.34593,2.3945,3.3817,1.6555,1.6071,4.0742,0.70542,2.0642,3.0726,2.239,2.2658,4.6579,0.66222,2.5749,3.055,0.97059,2.1188,3.2262,0.13323,2.8906,1.9625,2.0186,2.0191,4.6386,2.5974,2.3446,4.3743,2.6207,2.3093,5.1555,2.0125,2.7206,4.3201,1.0894,1.8123,3.9758,4.6305,2.9352,0.51153,0.8764,2.1418,3.0372,1.3219,2.0815,4.3057,1.0579,2.1071,3.4903,2.2177,2.7194,4.4791,1.7122,1.5902,4.1443,1.1934,2.5266,3.1015,0.77757,2.4411,3.7589,2.0755,1.8923,3.6944,1.5697,2.461,3.4416,1.6219,2.5472,3.5923,1.6285,1.6402,4.2493,1.9855,2.7431,4.454,2.0321,2.7428,4.4976,3.4015,2.7617,6.1543,1.7252,1.579,4.1384,1.7333,2.0005,3.4506,2.0678,2.9286,4.8661,1.1877,2.5396,3.1235,2.6193,2.4485,4.9597,1.0432,2.6129,4.0632,1.5756,2.4448,3.4477,1.1358,1.8132,4.0846,1.6622,1.5916,4.0739,1.7245,1.9997,3.4422,0.23439,2.9298,3.2913,2.9243,2.2865,4.6198,1.3123,1.9521,4.2109,1.2873,2.6435,3.3943,1.4265,2.446,3.332,1.8488,1.9471,3.6947,1.9393,2.4001,4.0093,1.0687,2.2903,3.1751,2.5375,2.0286,5.1383,1.2522,2.6656,3.3496,1.4135,2.459,3.3193,0.28819,2.9408,3.3312,0.66794,1.8403,2.85,1.6826,1.9937,4.4618,1.4691,1.8218,4.1412,5.4623,2.8966,1.7872,0.81782,2.118,2.8033,1.0325,2.6269,4.0537,2.1958,2.5191,3.6262,2.583,2.4184,4.9184,2.8685,2.6883,4.5775,2.1481,2.5081,4.5185,2.3496,2.1099,4.2203,0.77197,2.0291,3.3246,0.41756,2.4506,2.9754,0.60606,2.1428,3.7139,2.3761,2.4564,4.4507,0.84025,2.4506,2.9265,1.2478,1.577,4.2849,1.6879,2.0159,3.4541,6.2141,2.6867,1.9602,3.3271,2.9291,0.043525,0.81025,2.4128,2.9622,1.6549,1.6324,4.0748,1.5025,1.8891,3.1737,0.77054,2.442,2.8998,2.163,2.3384,4.913,1.1731,2.5588,3.0965,1.027,1.9766,3.4976,0.4885,1.987,3.272,1.7119,2.0067,3.4403,2.4068,2.0904,4.2194,2.1751,2.1614,4.9972,1.2817,1.7133,3.8303,0.6949,1.9847,2.7613,2.1756,2.1825,5.0034,2.3501,2.212,4.5202,1.5749,2.3536,3.9683,4.3133,2.9693,0.22737,1.9549,2.3796,4.005,0.82029,1.9589,4.1215,1.2263,2.6088,4.2482,3.6264,2.8268,6.1902,1.545,1.6281,3.2978,0.28057,2.2966,3.3438,5.2073,2.9508,1.1346,0.59385,2.7598,3.3015,1.2996,2.515,3.0079,2.156,2.1236,4.9423,1.4972,2.0773,4.3828,1.5246,1.6322,3.3071,1.4245,2.9248,3.3879,0.51526,2.4393,2.8066,0.88881,2.4442,2.9901,0.22563,2.6106,3.3336,1.6366,2.2984,4.1577,0.52704,2.4327,2.7748,1.0334,2.213,3.6324,1.3897,1.8011,4.2809,0.31726,2.3095,3.3899,1.5227,1.6134,3.293,0.50167,2.4378,2.7968,3.0639,2.864,6.0011,1.9735,2.5772,4.0256,1.9995,2.1888,4.6075,2.5367,2.7662,5.1751,1.891,1.934,3.8802,1.3042,1.7683,3.7048,2.1626,2.1426,4.9639,1.3956,2.6234,3.9961,0.96,3.0862,2.7899,4.7345,2.9493,0.45143,1.2626,2.6916,4.3268,1.9204,1.9451,3.9105,1.2729,2.6444,2.8947,0.46646,2.7488,3.0804,0.98522,2.8894,4.1749,0.63207,2.54,2.6179,0.68297,1.9927,2.9416,0.56389,2.4037,3.4153,1.5768,2.1742,4.253,1.3458,2.7085,4.4144,0.58675,1.9774,3.0522,1.987,1.8627,3.8069,1.1931,1.8323,3.6672,2.3406,2.6884,4.8224,1.3735,1.5548,4.1385,1.3772,2.1569,3.1679,0.62367,1.9878,3.0548,0.48293,2.4409,2.5921,1.6382,2.2997,4.1644,2.3684,2.6864,4.879,0.60834,1.9919,3.0403,1.5875,1.7223,3.3399,0.61192,3.0453,2.5007,0.60643,2.5363,2.6013,2.9709,2.7455,5.9704,6.1947,2.886,2.5851,4.6984,2.9637,0.40452,2.3098,2.3618,3.6916,1.0629,3.0577,3.8743,1.3743,2.3132,3.5052,0.94727,3.0672,3.7564,2.3659,2.2338,3.7744,1.189,1.8059,3.6618,2.4253,2.3489,4.5709,2.5431,2.6498,4.0378,1.3092,2.6789,4.3766,1.887,1.9062,3.8733,1.1564,2.7495,3.6745,2.3971,2.4651,5.0025,1.5594,2.5858,3.3167,2.1646,2.2035,4.107,0.78904,1.9214,3.3635,2.3227,2.4041,3.7111,2.2965,2.4035,3.6806,2.2256,1.9424,4.9534,2.6175,2.2808,4.7884,2.3566,2.2511,3.7882,1.3906,1.6054,3.8499,2.3358,2.6867,4.8408,1.8918,1.9227,3.875,0.77852,2.1343,4.0207,1.5933,1.8067,4.2492,2.3864,2.6963,4.9005,1.4514,2.3747,3.2679,5.9609,2.8946,2.2576,1.8484,1.7949,3.5132,1.9146,2.9641,4.2167,2.0457,1.9695,4.8062,1.1366,2.5826,4.3098,1.9201,2.1688,4.8678,1.6122,1.7479,3.9615,1.6093,2.0211,3.3768,1.0575,2.722,3.5946,0.95796,2.8002,3.8427,1.4289,2.4382,3.8767,1.1308,2.7567,3.6374,1.814,1.7297,4.0846,0.92088,2.4594,2.7901,1.9346,2.0911,4.4174,0.15634,2.7708,2.9177,1.0721,1.9545,4.2671,0.97865,2.3116,3.0664,1.6535,2.3956,4.5962,0.97867,2.0652,2.8667,0.7316,1.9909,2.7415,1.6006,1.7455,3.9648,0.92804,2.4533,2.8124,1.3603,1.5848,3.8443,2.7576,2.5768,4.6273,1.0884,2.1662,3.6059,1.1493,2.7528,3.6702,1.9797,1.9861,4.4995,1.0598,1.9554,4.2631,1.8651,1.6487,3.4607,1.666,2.5047,4.0035,2.1364,2.5343,4.9201,2.1303,2.3977,3.6687,1.2763,3.0521,3.5013,1.4575,1.4722,4.2133,0.64211,2.9906,3.6521,1.6225,1.7155,4.2215,0.74071,1.9967,2.7428,0.69957,2.1977,3.9591,2.6717,2.5933,4.5402,2.0104,2.1174,3.421,1.409,2.8637,3.5556,1.0801,2.2374,3.6046,2.5428,2.0222,4.4985,1.4778,1.7274,4.4264,1.5645,2.5755,3.57,2.0607,2.3229,4.0862,2.6802,2.3443,4.9765,0.4757,2.5319,2.9909
1833.3,0.067708,153.16,3.2288,0.1066,521.56,1.4851,1.8269,4.1375,1.2873,2.2386,4.242,1.2026,1.9758,4.2315,2.4705,2.635,4.298,0.85413,2.0444,4.2621,1.5127,2.5223,3.8897,3.0724,2.8364,5.9056,1.1895,1.9819,4.2399,1.7302,1.6777,4.2355,1.3024,2.2352,4.2809,0.83864,2.0723,4.2162,2.9658,2.8304,4.5405,5.5934,2.723,1.3489,1.2888,2.7669,3.6689,0.93295,2.1567,3.0233,2.5075,2.0909,4.5033,1.4575,1.657,3.912,0.66717,2.6036,3.8452,2.0196,1.7651,3.5051,1.0983,2.4071,3.1445,0.20118,2.3004,3.4585,1.7706,1.6746,3.4012,2.0119,2.7715,4.3156,1.785,1.6862,3.4102,1.4717,1.6392,3.9305,0.39603,2.1633,3.1706,2.0788,2.3993,4.434,1.4706,1.6901,3.2059,0.81089,1.9093,2.735,3.0306,2.8422,5.8617,2.0181,1.7827,3.5059,1.0198,2.7314,2.9087,1.8193,2.5875,4.0253,0.63692,1.8981,2.7745,1.0591,2.4247,3.0851,1.8964,1.9082,4.5127,1.6776,1.6654,3.8959,0.51941,2.1909,3.778,1.1907,2.5059,3.7665,0.95915,2.117,3.2204,2.6221,2.3414,4.3854,2.111,2.2086,4.7395,1.4875,1.6776,3.936,1.8918,1.9289,4.5166,1.5039,2.2065,3.2628,0.79318,2.1473,3.1301,2.4478,2.3977,4.3728,1.9536,2.5857,4.8662,1.9009,2.6027,4.8242,2.5997,2.3401,4.3837,1.2968,2.517,3.9221,1.717,2.2401,4.3374,2.064,3.0249,3.9923,0.56468,2.4684,2.5362,1.5121,2.0829,4.6048,2.0752,3.0287,4.0028,0.34157,2.3961,3.3768,1.6551,1.6053,4.0733,0.70474,2.0679,3.0702,2.2386,2.2677,4.6586,0.66463,2.5708,3.06,0.96732,2.1235,3.2222,0.13245,2.8904,1.9604,2.0217,2.023,4.6438,2.603,2.349,4.3833,2.6155,2.3064,5.1511,2.0039,2.7109,4.3118,1.0903,1.8084,3.9787,4.6314,2.9288,0.51192,0.87536,2.144,3.0357,1.3233,2.0801,4.3092,1.0577,2.1093,3.4895,2.2097,2.7159,4.4703,1.7133,1.589,4.143,1.1977,2.5241,3.1042,0.7801,2.4428,3.7575,2.0776,1.8892,3.6907,1.5669,2.463,3.4392,1.6182,2.5493,3.5912,1.6255,1.6371,4.2492,1.9756,2.7357,4.443,2.0259,2.7359,4.4906,3.4073,2.7596,6.1592,1.7278,1.5768,4.1362,1.7364,2.0,3.4505,2.0624,2.9277,4.8609,1.191,2.5384,3.1276,2.6176,2.4487,4.9568,1.045,2.6139,4.0627,1.5733,2.4457,3.446,1.131,1.8142,4.0832,1.6626,1.5888,4.0729,1.7267,1.9993,3.4413,0.22973,2.9282,3.2874,2.9291,2.2855,4.6246,1.3119,1.952,4.2116,1.2897,2.6399,3.4,1.4229,2.4453,3.331,1.8498,1.9432,3.6919,1.9383,2.4059,4.0114,1.0659,2.2909,3.1738,2.5372,2.027,5.1373,1.2531,2.6636,3.3532,1.4089,2.4591,3.3173,0.28886,2.9401,3.3316,0.66683,1.8433,2.8442,1.6802,1.9904,4.465,1.4692,1.8179,4.1431,5.4542,2.896,1.7804,0.81769,2.1176,2.8054,1.033,2.6291,4.0522,2.1997,2.5186,3.6264,2.5781,2.4156,4.9117,2.8753,2.6863,4.5831,2.147,2.5065,4.5172,2.3497,2.1109,4.2234,0.77205,2.0332,3.3214,0.42603,2.4483,2.9841,0.60622,2.1431,3.7138,2.3751,2.4522,4.4528,0.84912,2.4491,2.9337,1.2469,1.5767,4.2842,1.6863,2.0167,3.4542,6.2062,2.6862,1.9511,3.3372,2.928,0.056621,0.81461,2.4082,2.971,1.6544,1.632,4.0736,1.5033,1.8915,3.1729,0.77257,2.4399,2.904,2.1626,2.3373,4.9089,1.1758,2.5587,3.0988,1.0292,1.9779,3.4969,0.48359,1.9876,3.2739,1.713,2.0064,3.4392,2.409,2.0917,4.2221,2.1779,2.1619,4.9983,1.2806,1.7095,3.8329,0.69606,1.9851,2.7621,2.1787,2.1846,5.005,2.3533,2.2144,4.526,1.5758,2.3595,3.9687,4.3222,2.9653,0.23462,1.955,2.384,4.0062,0.81866,1.9583,4.1218,1.2316,2.6124,4.2516,3.6365,2.8239,6.2005,1.5463,1.6293,3.2989,0.27653,2.2963,3.3374,5.2117,2.9466,1.1378,0.597,2.7573,3.3057,1.3026,2.5157,3.0105,2.1579,2.1211,4.9394,1.499,2.075,4.3859,1.5246,1.633,3.309,1.4283,2.9244,3.3895,0.52162,2.438,2.8154,0.88621,2.4429,2.9901,0.22564,2.6099,3.3323,1.6391,2.3023,4.1611,0.53434,2.4315,2.7808,1.0316,2.2175,3.6293,1.3893,1.8003,4.2795,0.31674,2.3105,3.3885,1.5223,1.6128,3.2936,0.50698,2.4365,2.8047,3.0715,2.8633,6.0106,1.9704,2.5756,4.0248,2.0023,2.1896,4.6093,2.5267,2.765,5.1645,1.8911,1.9303,3.8778,1.305,1.7634,3.7064,2.1645,2.1414,4.9623,1.3952,2.6206,3.995,0.94391,3.0865,2.7727,4.7383,2.9454,0.45479,1.2636,2.6921,4.3264,1.9219,1.9435,3.9127,1.2757,2.6453,2.8977,0.47589,2.7462,3.0919,0.99007,2.8889,4.1795,0.63766,2.542,2.6212,0.68169,1.9978,2.9375,0.56556,2.4044,3.4142,1.5779,2.1736,4.2552,1.3544,2.7101,4.4223,0.5822,1.98,3.0455,1.9877,1.8595,3.8059,1.1929,1.8305,3.6695,2.3307,2.6847,4.8088,1.3727,1.5573,4.1347,1.3759,2.1567,3.1672,0.62228,1.9916,3.0491,0.485,2.4399,2.5945,1.641,2.3042,4.1682,2.3602,2.6826,4.8694,0.60556,1.9958,3.0332,1.5896,1.7227,3.3411,0.621,3.0458,2.5072,0.60923,2.538,2.6026,2.978,2.7454,5.9794,6.1979,2.888,2.5908,4.7007,2.9614,0.40563,2.3067,2.3574,3.6854,1.0741,3.0552,3.888,1.3678,2.3185,3.4996,0.9538,3.0661,3.7656,2.3656,2.2334,3.7713,1.1885,1.8014,3.664,2.4254,2.35,4.5721,2.5393,2.6519,4.039,1.3137,2.6786,4.3802,1.8867,1.9002,3.8703,1.1592,2.7451,3.6765,2.3931,2.4633,4.9946,1.555,2.5829,3.3189,2.1643,2.2054,4.1079,0.78894,1.9236,3.3622,2.3203,2.4036,3.7068,2.2917,2.4025,3.6733,2.2297,1.9471,4.958,2.6153,2.28,4.7883,2.3558,2.2524,3.7863,1.3915,1.6071,3.8515,2.3247,2.6828,4.8278,1.8922,1.9186,3.8721,0.77854,2.1334,4.0264,1.5925,1.8038,4.2482,2.3795,2.6935,4.8925,1.4517,2.3737,3.2683,5.9649,2.896,2.2633,1.8476,1.7945,3.5166,1.91,2.9579,4.21,2.0489,1.9716,4.8108,1.1401,2.5829,4.3134,1.9237,2.1705,4.8682,1.6121,1.7431,3.9611,1.6099,2.0224,3.3754,1.0607,2.7176,3.5966,0.9618,2.7974,3.845,1.4337,2.442,3.8801,1.1318,2.753,3.6364,1.8117,1.7236,4.0839,0.92174,2.4594,2.7918,1.9372,2.0934,4.4207,0.16515,2.7678,2.9259,1.0708,1.9538,4.2676,0.98095,2.3095,3.0712,1.6559,2.3957,4.5976,0.97836,2.0633,2.8692,0.73067,1.9899,2.7417,1.5995,1.7402,3.9645,0.92909,2.4527,2.8159,1.3581,1.5845,3.8451,2.7566,2.5755,4.6269,1.0886,2.1693,3.6034,1.152,2.7481,3.6722,1.9801,1.9861,4.5017,1.0577,1.9544,4.2636,1.8664,1.6485,3.4618,1.6665,2.5066,4.0039,2.1389,2.5325,4.92,2.1279,2.3996,3.6647,1.2861,3.0498,3.5104,1.4586,1.473,4.2115,0.64267,2.9898,3.654,1.6227,1.7117,4.2204,0.74046,1.9964,2.7431,0.70041,2.1981,3.9605,2.6702,2.5924,4.5407,2.0122,2.1162,3.4194,1.4113,2.8578,3.5573,1.0797,2.2418,3.6014,2.5441,2.0247,4.5017,1.4766,1.7269,4.4268,1.5607,2.5741,3.5692,2.0605,2.3262,4.0877,2.6778,2.3419,4.9736,0.47865,2.5322,2.994
1833.3,0.067708,153.16,3.2288,0.11548,529.27,1.4819,1.8256,4.1346,1.2885,2.2398,4.244,1.2003,1.9744,4.2314,2.4686,2.6329,4.2983,0.85361,2.0432,4.2654,1.512,2.5252,3.8892,3.0784,2.8358,5.9134,1.1862,1.9809,4.2406,1.7288,1.6741,4.2342,1.3043,2.2358,4.2857,0.83718,2.073,4.2166,2.9719,2.83,4.5434,5.5848,2.7179,1.3404,1.2919,2.7607,3.6716,0.93105,2.1574,3.0234,2.5097,2.0945,4.5086,1.4562,1.6552,3.9127,0.66763,2.6063,3.8415,2.0207,1.7651,3.5076,1.0988,2.4042,3.1502,0.19436,2.3016,3.4486,1.7692,1.6743,3.4024,2.0033,2.7667,4.3065,1.7849,1.6873,3.4119,1.4714,1.6366,3.9323,0.39636,2.1655,3.1681,2.082,2.4021,4.4374,1.4701,1.6919,3.2064,0.80942,1.9114,2.7327,3.0328,2.8423,5.8659,2.0193,1.7842,3.5084,1.0212,2.7327,2.9111,1.8198,2.5877,4.0274,0.63755,1.9001,2.7731,1.0575,2.4229,3.0872,1.8962,1.9076,4.5145,1.6775,1.6633,3.8961,0.52067,2.1897,3.7814,1.1905,2.5116,3.7653,0.95511,2.1211,3.2163,2.6287,2.3447,4.3934,2.115,2.2129,4.7447,1.4885,1.6782,3.9381,1.892,1.9301,4.5188,1.5053,2.2092,3.2623,0.7901,2.1531,3.1249,2.451,2.3999,4.3783,1.9544,2.5851,4.8636,1.8981,2.6033,4.8196,2.6052,2.3439,4.3932,1.2974,2.5196,3.9198,1.7199,2.2411,4.3414,2.0646,3.0218,3.9916,0.56946,2.4684,2.5408,1.5088,2.0857,4.6043,2.0765,3.0253,4.0024,0.33724,2.3976,3.372,1.6546,1.6035,4.0726,0.70401,2.0714,3.0676,2.2383,2.2697,4.6593,0.66687,2.5667,3.0649,0.96408,2.128,3.2182,0.1316,2.8901,1.9582,2.025,2.027,4.649,2.6086,2.3533,4.3923,2.6106,2.3035,5.1469,1.9959,2.7015,4.3041,1.091,1.8045,3.9818,4.6322,2.9224,0.51225,0.87435,2.1462,3.0343,1.3248,2.0787,4.3127,1.0575,2.1114,3.4887,2.2019,2.7124,4.4618,1.7145,1.5878,4.1416,1.2019,2.5216,3.1067,0.78262,2.4445,3.7561,2.0797,1.886,3.6868,1.5642,2.4649,3.437,1.6147,2.5512,3.5901,1.6226,1.634,4.2491,1.9662,2.7283,4.4324,2.0201,2.7292,4.4841,3.4133,2.7575,6.1643,1.7305,1.5745,4.1342,1.7394,1.9994,3.4504,2.0571,2.9269,4.856,1.1942,2.5372,3.1316,2.6158,2.4488,4.9537,1.0468,2.6148,4.0623,1.571,2.4466,3.4442,1.1262,1.8151,4.0819,1.6629,1.586,4.072,1.7289,1.9987,3.4406,0.22518,2.9265,3.2835,2.9339,2.2844,4.6293,1.3116,1.9518,4.2123,1.2918,2.6365,3.4054,1.4194,2.4447,3.3302,1.8508,1.9392,3.6892,1.9375,2.4118,4.0134,1.0631,2.2915,3.1726,2.537,2.0253,5.1365,1.2539,2.6617,3.3568,1.4042,2.4592,3.3154,0.28967,2.9394,3.3322,0.66572,1.8461,2.8384,1.6775,1.9871,4.4681,1.4693,1.814,4.1449,5.4462,2.8954,1.7736,0.81758,2.1173,2.8075,1.0335,2.6313,4.0506,2.2037,2.5181,3.6265,2.5733,2.4128,4.905,2.8822,2.6843,4.5887,2.146,2.5048,4.516,2.3498,2.1119,4.2263,0.77203,2.0373,3.3181,0.43441,2.4459,2.9928,0.60639,2.1432,3.7138,2.3741,2.4481,4.4549,0.85799,2.4475,2.9409,1.246,1.5766,4.2835,1.6847,2.0174,3.4543,6.1982,2.6856,1.9418,3.347,2.9267,0.066925,0.81864,2.4035,2.9796,1.6539,1.6314,4.0723,1.5041,1.894,3.1722,0.7745,2.4378,2.9081,2.1623,2.3361,4.9049,1.1784,2.5588,3.1009,1.0315,1.9791,3.4962,0.47846,1.9882,3.276,1.7141,2.0059,3.4382,2.4115,2.0929,4.2249,2.1806,2.1624,4.9994,1.2795,1.7057,3.8355,0.6972,1.9856,2.7628,2.1815,2.1866,5.0064,2.3564,2.2169,4.5317,1.5765,2.3654,3.9692,4.3309,2.9613,0.24159,1.9551,2.3885,4.0074,0.81705,1.9577,4.122,1.2369,2.6159,4.2549,3.6464,2.821,6.2106,1.5476,1.6306,3.3002,0.2725,2.2962,3.3311,5.2158,2.9425,1.1408,0.60004,2.7547,3.3097,1.3055,2.5164,3.0129,2.1599,2.1188,4.9366,1.5008,2.0726,4.3891,1.5245,1.6336,3.3109,1.4323,2.924,3.3911,0.52795,2.4367,2.8241,0.88376,2.4416,2.9903,0.22556,2.6092,3.3309,1.6417,2.3062,4.1646,0.54146,2.4302,2.7867,1.0297,2.222,3.6261,1.3889,1.7995,4.2781,0.31626,2.3113,3.387,1.5217,1.6122,3.2943,0.51222,2.4353,2.8125,3.079,2.8626,6.02,1.9674,2.5742,4.0242,2.0052,2.1904,4.6111,2.5166,2.7638,5.154,1.8911,1.9266,3.8753,1.3058,1.7586,3.7082,2.1664,2.1402,4.9607,1.3948,2.6177,3.994,0.92729,3.0867,2.7551,4.7421,2.9414,0.45812,1.2646,2.6927,4.3262,1.9235,1.9418,3.9149,1.2785,2.6461,2.9009,0.485,2.7435,3.1031,0.99499,2.8882,4.1841,0.64313,2.544,2.6244,0.68047,2.0027,2.9334,0.56726,2.405,3.413,1.5788,2.173,4.2574,1.3631,2.7115,4.4299,0.5777,1.9826,3.0389,1.9884,1.8563,3.8051,1.1927,1.8286,3.6719,2.3213,2.681,4.7956,1.3719,1.5596,4.1308,1.3745,2.1563,3.1666,0.62092,1.9952,3.0435,0.48698,2.439,2.597,1.6438,2.3088,4.1718,2.3523,2.6787,4.8599,0.60279,1.9998,3.0261,1.5918,1.7231,3.3424,0.63001,3.0464,2.5138,0.61193,2.5397,2.6037,2.9853,2.7452,5.9883,6.2014,2.89,2.5968,4.7033,2.959,0.40687,2.3038,2.3529,3.6793,1.0839,3.0527,3.9006,1.3612,2.3238,3.4941,0.95961,3.0653,3.7741,2.3655,2.2331,3.7682,1.1879,1.7969,3.6661,2.4255,2.3511,4.5733,2.5358,2.654,4.0403,1.3182,2.6784,4.3836,1.8864,1.8941,3.8675,1.1619,2.7406,3.6783,2.3892,2.4615,4.9867,1.5504,2.58,3.321,2.1641,2.2073,4.1088,0.78879,1.9257,3.3608,2.3181,2.403,3.7025,2.2869,2.4014,3.6661,2.2338,1.9517,4.9626,2.613,2.2792,4.7884,2.355,2.2539,3.7845,1.3922,1.6087,3.8532,2.314,2.6788,4.8151,1.8925,1.9144,3.8692,0.77858,2.1327,4.032,1.5917,1.8009,4.2472,2.3727,2.6908,4.8846,1.4523,2.3729,3.2687,5.969,2.8973,2.2693,1.847,1.7941,3.5199,1.9058,2.9517,4.2037,2.0522,1.9736,4.8154,1.1436,2.5834,4.3169,1.9273,2.1723,4.8686,1.6122,1.7383,3.9607,1.6105,2.0237,3.3741,1.0636,2.7132,3.5984,0.96551,2.7946,3.8471,1.4384,2.4457,3.8836,1.1327,2.7493,3.6354,1.8093,1.7176,4.0832,0.9226,2.4594,2.7935,1.9399,2.0958,4.424,0.17397,2.7648,2.934,1.0694,1.9532,4.2682,0.98314,2.3075,3.0759,1.6582,2.3959,4.599,0.97802,2.0614,2.8717,0.72979,1.9889,2.7419,1.5984,1.7351,3.9642,0.93009,2.4521,2.8193,1.356,1.584,3.8459,2.7558,2.5742,4.6267,1.0887,2.1725,3.601,1.1547,2.7435,3.6741,1.9806,1.9861,4.5038,1.0556,1.9534,4.2642,1.8676,1.6483,3.4628,1.6668,2.5085,4.0042,2.1415,2.5307,4.92,2.1257,2.4012,3.6607,1.296,3.0473,3.5197,1.4596,1.4737,4.2097,0.64296,2.989,3.6556,1.623,1.7081,4.2193,0.74022,1.9959,2.7433,0.70122,2.1987,3.9618,2.6687,2.5915,4.5413,2.0141,2.115,3.4179,1.4136,2.8519,3.5591,1.0791,2.2462,3.5981,2.5454,2.027,4.505,1.4754,1.7263,4.4272,1.5569,2.5727,3.5685,2.0604,2.3294,4.0892,2.6757,2.3397,4.9709,0.48153,2.5325,2.997
1833.3,0.067708,153.16,3.2288,0.12437,537.03,1.4787,1.8242,4.1316,1.2898,2.2409,4.2461,1.198,1.9731,4.2313,2.4669,2.6308,4.2986,0.85305,2.0421,4.2687,1.5112,2.5282,3.8888,3.0844,2.8352,5.9213,1.183,1.9798,4.2414,1.7274,1.6705,4.2329,1.3062,2.2364,4.2904,0.83576,2.0738,4.217,2.978,2.8296,4.5463,5.5764,2.7129,1.3322,1.2948,2.7547,3.674,0.92919,2.1581,3.0237,2.512,2.0982,4.5141,1.4548,1.6533,3.9136,0.66806,2.609,3.8378,2.0218,1.7651,3.51,1.0989,2.4015,3.1556,0.18745,2.3026,3.4385,1.7679,1.6741,3.4035,1.995,2.7619,4.2979,1.7849,1.6884,3.4136,1.4712,1.6341,3.934,0.39673,2.1676,3.1658,2.0852,2.4048,4.4407,1.4698,1.6938,3.2068,0.80801,1.9134,2.7306,3.0351,2.8424,5.8702,2.0206,1.7856,3.5108,1.0225,2.7341,2.9134,1.8201,2.588,4.0296,0.63819,1.9022,2.7717,1.0559,2.4213,3.0892,1.8961,1.907,4.5162,1.6773,1.661,3.8962,0.52202,2.1884,3.7849,1.1905,2.5171,3.7643,0.95111,2.1253,3.2124,2.6353,2.348,4.4013,2.1188,2.2171,4.7496,1.4896,1.6787,3.9404,1.8922,1.9314,4.521,1.5066,2.2118,3.2617,0.78697,2.1588,3.1199,2.4542,2.402,4.3839,1.9552,2.5847,4.8612,1.8954,2.6041,4.8149,2.6109,2.3476,4.4028,1.2979,2.5222,3.9175,1.723,2.2421,4.3453,2.065,3.0186,3.9909,0.5741,2.4685,2.5453,1.5055,2.0885,4.6035,2.0778,3.0219,4.0022,0.33299,2.3989,3.3673,1.6542,1.6018,4.0717,0.70328,2.0747,3.0653,2.2379,2.2716,4.6598,0.66891,2.5625,3.0697,0.9609,2.1324,3.2145,0.13072,2.8898,1.956,2.0284,2.0309,4.6541,2.6144,2.3575,4.4015,2.6057,2.3007,5.1427,1.9884,2.6922,4.297,1.0919,1.8007,3.9849,4.6329,2.9162,0.51254,0.87337,2.1484,3.033,1.3262,2.0773,4.316,1.0572,2.1136,3.4878,2.1944,2.709,4.4536,1.7157,1.5866,4.1403,1.2061,2.5192,3.1091,0.78512,2.4463,3.7547,2.0818,1.8828,3.6832,1.5616,2.4668,3.4348,1.6113,2.5532,3.5891,1.6198,1.6312,4.249,1.9572,2.721,4.4222,2.0147,2.7225,4.4778,3.4194,2.7553,6.1694,1.7331,1.5721,4.132,1.7426,1.999,3.4504,2.0521,2.926,4.8512,1.1974,2.5359,3.1354,2.614,2.4489,4.9507,1.0484,2.6157,4.0619,1.5687,2.4475,3.4425,1.1214,1.816,4.0806,1.6633,1.5835,4.071,1.7311,1.9983,3.4397,0.2207,2.9248,3.2797,2.9385,2.2833,4.6339,1.3112,1.9517,4.2132,1.2938,2.6333,3.4106,1.416,2.4441,3.3293,1.8518,1.9354,3.6865,1.9366,2.4176,4.0156,1.0603,2.2922,3.1713,2.5368,2.0238,5.1356,1.2548,2.66,3.3604,1.3996,2.4593,3.3135,0.2906,2.9385,3.333,0.66459,1.8489,2.8327,1.6749,1.9838,4.4711,1.4694,1.8103,4.1467,5.4382,2.8946,1.7668,0.81746,2.117,2.8097,1.0341,2.6336,4.0491,2.2079,2.5174,3.6266,2.5687,2.4101,4.8984,2.8891,2.6822,4.5943,2.1451,2.5034,4.5147,2.3498,2.113,4.2294,0.7719,2.0416,3.3147,0.44268,2.4435,3.0012,0.60656,2.1434,3.7138,2.3731,2.4442,4.4569,0.86684,2.446,2.9481,1.2451,1.5765,4.2826,1.6831,2.0181,3.4543,6.19,2.685,1.9323,3.3565,2.9254,0.077309,0.8223,2.3989,2.9876,1.6534,1.6309,4.0712,1.505,1.8964,3.1714,0.7763,2.4358,2.9121,2.1621,2.3348,4.9007,1.181,2.5588,3.1031,1.0338,1.9804,3.4954,0.47315,1.9888,3.2783,1.7152,2.0055,3.4371,2.414,2.0942,4.2277,2.1831,2.1629,5.0004,1.2784,1.7021,3.838,0.69833,1.9859,2.7637,2.1843,2.1886,5.0077,2.3597,2.2192,4.5373,1.5774,2.3711,3.9698,4.3393,2.9572,0.24831,1.9552,2.393,4.0086,0.81544,1.9572,4.1222,1.2422,2.6195,4.2583,3.6563,2.8182,6.2206,1.549,1.6319,3.3014,0.26854,2.2959,3.3249,5.2196,2.9382,1.1436,0.60295,2.7521,3.3135,1.3084,2.5172,3.0153,2.1619,2.1165,4.934,1.5025,2.07,4.3923,1.5245,1.6343,3.3129,1.436,2.9237,3.3925,0.53428,2.4354,2.8329,0.88144,2.4403,2.9907,0.22543,2.6087,3.3295,1.6443,2.31,4.1682,0.54846,2.429,2.7924,1.0277,2.2266,3.6228,1.3886,1.7985,4.2768,0.31581,2.3123,3.3856,1.5213,1.6114,3.2951,0.51743,2.434,2.8203,3.0864,2.8617,6.0292,1.9644,2.5728,4.0233,2.0079,2.1912,4.6129,2.5065,2.7625,5.1433,1.8911,1.9228,3.8729,1.3066,1.7538,3.7099,2.1683,2.1391,4.9592,1.3945,2.6151,3.9929,0.91021,3.087,2.7368,4.7456,2.9374,0.46143,1.2657,2.6931,4.326,1.925,1.9399,3.9172,1.2812,2.647,2.904,0.4938,2.7409,3.1139,0.99992,2.8876,4.1888,0.64853,2.546,2.6276,0.67929,2.0075,2.9296,0.569,2.4056,3.4119,1.5798,2.1721,4.2596,1.3715,2.7129,4.4377,0.57328,1.9851,3.0323,1.9892,1.853,3.8043,1.1925,1.8267,3.6742,2.3123,2.6774,4.7829,1.371,1.5618,4.1269,1.3731,2.156,3.1659,0.61956,1.9988,3.038,0.48891,2.4381,2.5993,1.6467,2.3134,4.1754,2.3444,2.6749,4.8507,0.60005,2.0035,3.0191,1.5941,1.7233,3.3437,0.63907,3.0468,2.5204,0.61453,2.5415,2.6046,2.9925,2.745,5.9974,6.2051,2.892,2.6031,4.7057,2.9566,0.40821,2.3008,2.3484,3.6732,1.0928,3.0502,3.9121,1.3546,2.3288,3.4885,0.96498,3.0644,3.7821,2.3653,2.2328,3.7651,1.1871,1.7923,3.6683,2.4256,2.3522,4.5744,2.5322,2.6561,4.0416,1.3226,2.6782,4.3872,1.8862,1.888,3.8647,1.1645,2.7362,3.68,2.3855,2.4599,4.9789,1.5459,2.5773,3.3231,2.1639,2.2094,4.1098,0.78859,1.928,3.3594,2.3158,2.4025,3.6981,2.2821,2.4004,3.6589,2.2379,1.9561,4.967,2.6108,2.2784,4.7884,2.3541,2.2553,3.7826,1.3931,1.6101,3.8547,2.3037,2.6748,4.8026,1.8928,1.9102,3.8663,0.77863,2.1317,4.0376,1.5909,1.7982,4.2461,2.366,2.6881,4.8767,1.4526,2.3721,3.2691,5.9733,2.8986,2.2753,1.8464,1.7938,3.5232,1.9018,2.9456,4.1976,2.0555,1.9756,4.8198,1.147,2.5837,4.3203,1.9309,2.174,4.8689,1.6122,1.7337,3.9603,1.6113,2.0251,3.3727,1.0665,2.709,3.5999,0.96908,2.792,3.8491,1.443,2.4491,3.8871,1.1336,2.7457,3.6344,1.8069,1.7116,4.0824,0.92349,2.4595,2.7952,1.9426,2.0982,4.4273,0.18282,2.7616,2.9421,1.0681,1.9524,4.2686,0.9852,2.3056,3.0805,1.6607,2.3959,4.6004,0.97763,2.0596,2.874,0.72894,1.9879,2.7422,1.5974,1.73,3.9641,0.931,2.4516,2.8227,1.3537,1.5834,3.8468,2.7549,2.5729,4.6266,1.0887,2.1759,3.5985,1.1573,2.7388,3.676,1.9809,1.9862,4.506,1.0536,1.9524,4.2648,1.8689,1.6481,3.4639,1.6671,2.5103,4.0046,2.1441,2.529,4.92,2.1234,2.4031,3.6567,1.3058,3.0448,3.529,1.4606,1.4746,4.208,0.64299,2.9882,3.657,1.6233,1.7045,4.2183,0.73999,1.9955,2.7436,0.70202,2.1991,3.9631,2.6672,2.5906,4.5421,2.016,2.1137,3.4164,1.4159,2.846,3.5609,1.0785,2.2505,3.5948,2.5468,2.0294,4.5083,1.4744,1.7257,4.4275,1.5532,2.5714,3.5678,2.0604,2.3326,4.0907,2.6735,2.3375,4.9682,0.48438,2.5328,3.0
1833.3,0.067708,153.16,3.2288,0.13325,544.5,1.4755,1.8228,4.1286,1.2911,2.2422,4.2482,1.1957,1.9716,4.2311,2.4653,2.6287,4.299,0.85246,2.0411,4.2719,1.5106,2.5311,3.8883,3.0905,2.8344,5.9291,1.1798,1.9786,4.2422,1.7261,1.6669,4.2318,1.3081,2.237,4.2951,0.83437,2.0744,4.2173,2.9838,2.8292,4.5492,5.5685,2.7079,1.3243,1.2975,2.7489,3.6763,0.92735,2.1588,3.0239,2.5143,2.1018,4.5194,1.4535,1.6514,3.9143,0.66847,2.6117,3.834,2.0229,1.7651,3.5125,1.0988,2.3989,3.1608,0.18049,2.3037,3.4284,1.7665,1.6737,3.4047,1.9872,2.7571,4.2895,1.7849,1.6894,3.4153,1.471,1.6316,3.9356,0.39716,2.1697,3.1635,2.0882,2.4073,4.4437,1.4694,1.6956,3.2072,0.80665,1.9154,2.7286,3.0374,2.8424,5.8746,2.0219,1.7869,3.5131,1.0238,2.7354,2.9156,1.8205,2.5882,4.0318,0.63884,1.9041,2.7705,1.0542,2.4197,3.0912,1.896,1.9062,4.5179,1.6771,1.659,3.8964,0.52343,2.1873,3.7885,1.1904,2.5223,3.7634,0.94715,2.1291,3.2085,2.6419,2.351,4.4091,2.1227,2.2211,4.7544,1.4907,1.6793,3.9425,1.8924,1.9325,4.5231,1.508,2.2143,3.2612,0.78382,2.1644,3.1151,2.4575,2.4041,4.3896,1.956,2.5843,4.8585,1.8928,2.6048,4.8104,2.6166,2.3513,4.4125,1.2984,2.5248,3.9152,1.7261,2.2432,4.3493,2.0656,3.0155,3.9903,0.57855,2.4687,2.5496,1.502,2.0913,4.6028,2.0793,3.0184,4.0021,0.3288,2.4003,3.3628,1.6537,1.6001,4.0708,0.70252,2.078,3.0629,2.2376,2.2734,4.6603,0.67079,2.5585,3.0745,0.95778,2.1367,3.2108,0.12979,2.8896,1.9538,2.0319,2.0348,4.6593,2.6202,2.3616,4.4108,2.6009,2.2979,5.1386,1.9815,2.6832,4.2904,1.0926,1.7968,3.988,4.6335,2.91,0.51278,0.87239,2.1505,3.0316,1.3276,2.076,4.3193,1.0569,2.1158,3.4867,2.1871,2.7056,4.4457,1.7169,1.5853,4.139,1.2101,2.5169,3.1114,0.78759,2.448,3.7532,2.0839,1.8798,3.6797,1.559,2.4687,3.4326,1.608,2.5551,3.5882,1.617,1.6284,4.2489,1.9487,2.7135,4.4124,2.0097,2.7158,4.4719,3.4256,2.7532,6.1748,1.7358,1.5698,4.1298,1.7458,1.9985,3.4504,2.0472,2.9251,4.8465,1.2004,2.5348,3.1391,2.6123,2.4491,4.9476,1.0501,2.6166,4.0615,1.5665,2.4485,3.4408,1.1166,1.8167,4.0794,1.6636,1.581,4.07,1.7334,1.9977,3.4391,0.21632,2.9231,3.2759,2.9432,2.2821,4.6383,1.3109,1.9515,4.2139,1.2957,2.6303,3.4157,1.4125,2.4435,3.3284,1.8528,1.9314,3.6839,1.9357,2.4232,4.0178,1.0576,2.2928,3.17,2.5365,2.0223,5.1347,1.2555,2.6583,3.364,1.3949,2.4594,3.3115,0.29166,2.9378,3.3339,0.66346,1.8515,2.8271,1.672,1.9805,4.4739,1.4696,1.8066,4.1484,5.4301,2.8939,1.7599,0.81735,2.1168,2.8118,1.0344,2.6357,4.0474,2.2125,2.5168,3.6272,2.5642,2.4074,4.8918,2.896,2.6801,4.5998,2.1442,2.5018,4.5136,2.35,2.1141,4.2325,0.77168,2.0458,3.3112,0.45085,2.4412,3.0097,0.60673,2.1436,3.7138,2.372,2.4404,4.4589,0.87566,2.4444,2.9552,1.2442,1.5765,4.2817,1.6814,2.0188,3.4544,6.1818,2.6842,1.9229,3.3656,2.9241,0.087333,0.82561,2.3945,2.9954,1.653,1.6303,4.07,1.5057,1.8988,3.1707,0.77799,2.4338,2.9158,2.1619,2.3335,4.8967,1.1835,2.559,3.1051,1.0361,1.9815,3.4948,0.46762,1.9893,3.2808,1.7162,2.0049,3.436,2.4165,2.0953,4.2306,2.1856,2.1633,5.0013,1.2772,1.6984,3.8404,0.69945,1.9863,2.7646,2.187,2.1905,5.0088,2.3628,2.2215,4.543,1.5782,2.3769,3.9703,4.3474,2.9531,0.2548,1.9554,2.3974,4.0099,0.81385,1.9566,4.1224,1.2476,2.623,4.2617,3.6661,2.8154,6.2304,1.5503,1.6332,3.3027,0.26462,2.2957,3.3187,5.2232,2.9339,1.146,0.60572,2.7496,3.3172,1.3113,2.5178,3.0176,2.1641,2.1142,4.9315,1.5041,2.0674,4.3954,1.5244,1.6349,3.3148,1.4397,2.9234,3.3939,0.54055,2.4341,2.8417,0.87923,2.439,2.9911,0.22522,2.6079,3.3279,1.6469,2.3137,4.1718,0.55527,2.4278,2.7981,1.0256,2.2311,3.6194,1.3883,1.7976,4.2753,0.31538,2.3132,3.3843,1.5207,1.6107,3.2958,0.52255,2.4329,2.828,3.0937,2.8609,6.0384,1.9614,2.5715,4.0226,2.0108,2.1918,4.6146,2.4963,2.7612,5.1326,1.8912,1.9188,3.8706,1.3074,1.749,3.7116,2.1703,2.138,4.9577,1.3942,2.6125,3.992,0.89256,3.0873,2.7182,4.7491,2.9333,0.46471,1.2669,2.6936,4.3258,1.9265,1.9382,3.9193,1.2839,2.648,2.9071,0.50225,2.7382,3.1243,1.0049,2.8868,4.1934,0.6538,2.5481,2.6305,0.67816,2.0121,2.926,0.57077,2.4062,3.4108,1.5809,2.1713,4.2617,1.38,2.7142,4.4453,0.56893,1.9876,3.0258,1.9899,1.8499,3.8035,1.1923,1.8246,3.6766,2.3037,2.6738,4.7707,1.3701,1.5639,4.1229,1.3717,2.1557,3.1653,0.61821,2.0024,3.0326,0.49074,2.4371,2.6016,1.6497,2.3179,4.1791,2.3369,2.671,4.8416,0.59734,2.0072,3.0123,1.5964,1.7235,3.345,0.64806,3.0474,2.527,0.61701,2.5434,2.6054,2.9998,2.7448,6.0065,6.209,2.8939,2.6095,4.7084,2.9544,0.40967,2.298,2.344,3.667,1.1006,3.0477,3.9225,1.3481,2.3336,3.4832,0.96993,3.0636,3.7897,2.3652,2.2324,3.7622,1.1864,1.7877,3.6706,2.4257,2.3532,4.5756,2.5288,2.6581,4.0431,1.3269,2.678,4.3906,1.886,1.8817,3.862,1.167,2.7318,3.6817,2.382,2.4582,4.9714,1.5413,2.5746,3.3252,2.1637,2.2114,4.1109,0.78834,1.9303,3.358,2.3135,2.4019,3.6937,2.2775,2.3992,3.6518,2.2419,1.9604,4.9713,2.6087,2.2776,4.7885,2.3534,2.2569,3.7809,1.3939,1.6116,3.8564,2.2937,2.6708,4.7906,1.8932,1.9059,3.8633,0.7787,2.131,4.0431,1.5901,1.7953,4.2451,2.3594,2.6853,4.8691,1.4531,2.3714,3.2694,5.9775,2.8999,2.2814,1.8458,1.7935,3.5265,1.8981,2.9394,4.1918,2.0588,1.9776,4.8241,1.1505,2.5841,4.3238,1.9343,2.1757,4.8692,1.6122,1.7292,3.9599,1.612,2.0264,3.3714,1.069,2.705,3.6013,0.97254,2.7894,3.8509,1.4476,2.4525,3.8906,1.1345,2.7421,3.6332,1.8044,1.7059,4.0818,0.92438,2.4595,2.7969,1.9454,2.1007,4.4307,0.19168,2.7584,2.9502,1.0667,1.9518,4.2692,0.98716,2.3037,3.0849,1.6632,2.3961,4.602,0.97723,2.0578,2.8763,0.72812,1.9868,2.7425,1.5964,1.7252,3.9639,0.93187,2.4511,2.826,1.3515,1.5828,3.8475,2.7541,2.5716,4.6265,1.0887,2.1792,3.596,1.1598,2.7342,3.6778,1.9814,1.9862,4.5081,1.0515,1.9512,4.2654,1.8701,1.6479,3.465,1.6673,2.5121,4.0049,2.1467,2.5273,4.92,2.1212,2.405,3.6528,1.3157,3.0423,3.5383,1.4617,1.4753,4.2063,0.64279,2.9874,3.658,1.6237,1.7009,4.2173,0.73979,1.995,2.7439,0.70278,2.1997,3.9643,2.6658,2.5897,4.5428,2.0179,2.1125,3.4149,1.418,2.8401,3.5626,1.0778,2.2549,3.5915,2.5481,2.0319,4.5118,1.4733,1.7253,4.4279,1.5496,2.5701,3.5672,2.0603,2.3358,4.0923,2.6715,2.3354,4.9657,0.48718,2.533,3.0031
1833.3,0.067708,153.16,3.2288,0.14214,551.7,1.4724,1.8212,4.1257,1.2926,2.2434,4.2504,1.1935,1.9702,4.2311,2.4638,2.6266,4.2996,0.85186,2.0399,4.275,1.5098,2.534,3.8879,3.0966,2.8336,5.937,1.1767,1.9774,4.243,1.7247,1.6632,4.2304,1.3099,2.2376,4.2998,0.83301,2.075,4.2177,2.9897,2.8286,4.552,5.5608,2.7028,1.3168,1.3,2.7433,3.6783,0.92555,2.1594,3.0241,2.5167,2.1054,4.5249,1.4521,1.6496,3.9151,0.66888,2.6142,3.8302,2.0241,1.7649,3.5148,1.0985,2.3964,3.1656,0.17346,2.3046,3.4183,1.7651,1.6734,3.4058,1.9796,2.7524,4.2816,1.7849,1.6905,3.417,1.4708,1.6293,3.9372,0.39763,2.1717,3.1613,2.0912,2.4098,4.4467,1.469,1.6974,3.2076,0.80535,1.9171,2.7267,3.0399,2.8426,5.879,2.0231,1.7882,3.5154,1.025,2.7368,2.9178,1.8209,2.5886,4.0339,0.6395,1.906,2.7693,1.0524,2.418,3.0931,1.8958,1.9056,4.5196,1.6768,1.657,3.8966,0.52493,2.1859,3.7922,1.1904,2.5271,3.7627,0.94325,2.133,3.2047,2.6484,2.3541,4.4167,2.1266,2.2249,4.7592,1.4918,1.6799,3.9446,1.8928,1.9338,4.5253,1.5095,2.2168,3.2606,0.78065,2.17,3.1103,2.4608,2.4062,4.3953,1.9567,2.5841,4.8559,1.8902,2.6056,4.806,2.6225,2.3549,4.4224,1.2988,2.5274,3.9129,1.7292,2.2442,4.3533,2.0664,3.0124,3.9899,0.58278,2.4689,2.5536,1.4985,2.0943,4.602,2.0809,3.015,4.0022,0.32471,2.4015,3.3583,1.6533,1.5985,4.07,0.70175,2.0812,3.0606,2.2371,2.2751,4.6607,0.67248,2.5545,3.079,0.95472,2.1408,3.2073,0.12882,2.8892,1.9516,2.0355,2.0387,4.6644,2.6261,2.3656,4.4201,2.5964,2.2951,5.1346,1.9752,2.6744,4.2844,1.0934,1.7929,3.991,4.6341,2.9039,0.51298,0.87145,2.1526,3.0304,1.329,2.0748,4.3225,1.0565,2.118,3.4857,2.1801,2.7022,4.4381,1.7181,1.5841,4.1376,1.2141,2.5147,3.1136,0.79004,2.4498,3.7518,2.086,1.8769,3.6762,1.5565,2.4705,3.4304,1.6047,2.557,3.5874,1.6143,1.6258,4.2487,1.9406,2.7062,4.4031,2.0051,2.7093,4.4665,3.4319,2.751,6.1801,1.7385,1.5674,4.1276,1.7489,1.9979,3.4504,2.0427,2.9243,4.842,1.2033,2.5338,3.1426,2.6107,2.4492,4.9445,1.0517,2.6175,4.0609,1.5643,2.4494,3.4392,1.1119,1.8173,4.0783,1.664,1.5786,4.069,1.7356,1.9972,3.4383,0.21203,2.9215,3.2721,2.9478,2.2809,4.6426,1.3107,1.9512,4.2148,1.2974,2.6274,3.4205,1.409,2.4431,3.3276,1.854,1.9275,3.6814,1.9349,2.4289,4.02,1.0548,2.2934,3.1688,2.5363,2.0208,5.1339,1.2564,2.6567,3.3677,1.3902,2.4596,3.3097,0.29283,2.937,3.3349,0.66232,1.8541,2.8215,1.6692,1.9774,4.4766,1.4699,1.803,4.1501,5.4222,2.8933,1.7532,0.81725,2.1164,2.8138,1.0348,2.6379,4.0458,2.2183,2.5164,3.6286,2.5599,2.4047,4.8855,2.903,2.678,4.6054,2.1434,2.5004,4.5126,2.3501,2.1153,4.2357,0.77134,2.05,3.3075,0.45891,2.4388,3.0179,0.60689,2.1436,3.7138,2.3708,2.4366,4.4607,0.88446,2.4428,2.9623,1.2432,1.5764,4.2807,1.6797,2.0194,3.4544,6.1735,2.6834,1.9133,3.3745,2.9228,0.096991,0.8286,2.3901,3.0028,1.6525,1.6296,4.0689,1.5065,1.9011,3.1701,0.77959,2.4316,2.9195,2.1617,2.3322,4.8927,1.186,2.5592,3.1071,1.0383,1.9826,3.494,0.46183,1.9896,3.2838,1.7173,2.0044,3.4349,2.4191,2.0967,4.2336,2.1879,2.1637,5.0021,1.2758,1.6947,3.8427,0.70055,1.9865,2.7654,2.1896,2.1922,5.0098,2.3659,2.2237,4.5485,1.579,2.3824,3.9707,4.3552,2.949,0.26108,1.9555,2.402,4.0111,0.81227,1.9562,4.1225,1.253,2.6265,4.2651,3.6757,2.8125,6.2404,1.5517,1.6345,3.3039,0.26073,2.2955,3.3126,5.2265,2.9296,1.1483,0.60833,2.7471,3.3207,1.314,2.5186,3.0197,2.1663,2.112,4.929,1.5056,2.0645,4.3986,1.5244,1.6356,3.3168,1.4434,2.9231,3.3951,0.54683,2.4328,2.8505,0.87715,2.4376,2.9918,0.22493,2.6073,3.3263,1.6494,2.3174,4.1754,0.56185,2.4268,2.8036,1.0234,2.2357,3.616,1.3881,1.7967,4.2739,0.31496,2.314,3.383,1.5203,1.6099,3.2966,0.52756,2.4318,2.8356,3.1009,2.8601,6.0474,1.9585,2.5702,4.022,2.0135,2.1924,4.6164,2.4863,2.7597,5.122,1.8912,1.9148,3.8681,1.3081,1.7443,3.7132,2.1721,2.1368,4.9561,1.3939,2.61,3.9911,0.87421,3.0877,2.6989,4.7525,2.9293,0.46791,1.2681,2.694,4.3258,1.9281,1.9363,3.9216,1.2866,2.6489,2.9102,0.51035,2.7356,3.1344,1.0098,2.886,4.1981,0.65892,2.5501,2.6333,0.67707,2.0166,2.9225,0.57261,2.4068,3.4099,1.5819,2.1703,4.2637,1.3883,2.7154,4.453,0.56466,1.99,3.0193,1.9905,1.8468,3.8029,1.1921,1.8226,3.679,2.2957,2.6703,4.759,1.3691,1.5658,4.1189,1.3703,2.1553,3.1646,0.61689,2.0059,3.0273,0.49241,2.4363,2.6038,1.6527,2.3224,4.1827,2.3297,2.6671,4.8328,0.59468,2.0108,3.0057,1.599,1.7235,3.3464,0.65694,3.0479,2.5337,0.61939,2.5452,2.6061,3.0073,2.7444,6.0156,6.2132,2.8958,2.6163,4.711,2.9522,0.41119,2.2953,2.3395,3.6609,1.1074,3.0454,3.9317,1.3416,2.3382,3.4777,0.97479,3.063,3.7972,2.365,2.2322,3.7593,1.1856,1.7829,3.673,2.4259,2.3543,4.5767,2.5254,2.6601,4.0446,1.3312,2.678,4.394,1.8858,1.8754,3.8593,1.1694,2.7275,3.6833,2.3787,2.4566,4.964,1.5367,2.5721,3.3274,2.1636,2.2135,4.1121,0.78802,1.9326,3.3564,2.3113,2.4014,3.6894,2.2729,2.398,3.6447,2.2459,1.9645,4.9754,2.6066,2.2768,4.7885,2.3526,2.2585,3.7792,1.3947,1.6129,3.858,2.2841,2.6668,4.7789,1.8935,1.9016,3.8604,0.7788,2.1301,4.0486,1.5893,1.7924,4.244,2.353,2.6825,4.8615,1.4535,2.3707,3.2698,5.982,2.9012,2.2877,1.8453,1.7933,3.5297,1.8946,2.9332,4.1862,2.062,1.9795,4.8282,1.1538,2.5844,4.3272,1.9378,2.1775,4.8694,1.6122,1.7247,3.9595,1.6127,2.0278,3.3702,1.0715,2.7011,3.6026,0.97587,2.7869,3.8526,1.4521,2.4558,3.8941,1.1354,2.7386,3.6322,1.802,1.7002,4.0811,0.92529,2.4596,2.7985,1.9481,2.1031,4.4341,0.20052,2.7552,2.9583,1.0654,1.951,4.2696,0.98902,2.3019,3.0892,1.6658,2.3962,4.6036,0.97679,2.0562,2.8784,0.72736,1.9858,2.7427,1.5954,1.7203,3.9638,0.93267,2.4506,2.8292,1.3492,1.5822,3.8484,2.7535,2.5704,4.6265,1.0887,2.1827,3.5932,1.1623,2.7295,3.6795,1.9818,1.9863,4.5102,1.0496,1.9501,4.266,1.8713,1.6477,3.4661,1.6677,2.5138,4.0052,2.1493,2.5257,4.92,2.119,2.4068,3.6489,1.3255,3.0398,3.5477,1.4627,1.4762,4.2047,0.64234,2.9867,3.6589,1.6241,1.6974,4.2163,0.7396,1.9946,2.7441,0.70352,2.2002,3.9654,2.6644,2.5889,4.5437,2.0197,2.1113,3.4135,1.4202,2.8342,3.5643,1.0771,2.2592,3.5881,2.5496,2.0343,4.5152,1.4723,1.7247,4.4281,1.5461,2.5688,3.5666,2.0603,2.3389,4.0939,2.6695,2.3334,4.9632,0.48992,2.5334,3.006
1833.3,0.067708,153.16,3.2288,0.15102,558.69,1.4692,1.8197,4.1228,1.2941,2.2446,4.2527,1.1912,1.9687,4.2309,2.4624,2.6247,4.3002,0.85123,2.039,4.278,1.5091,2.5368,3.8875,3.1028,2.8328,5.9448,1.1736,1.9761,4.2439,1.7234,1.6595,4.2291,1.3117,2.2381,4.3045,0.8317,2.0756,4.2181,2.9954,2.8282,4.5546,5.5533,2.6978,1.3097,1.3022,2.7378,3.6802,0.92376,2.1599,3.0244,2.519,2.1091,4.5303,1.4507,1.6478,3.9159,0.66926,2.6168,3.8265,2.0251,1.7649,3.5171,1.0981,2.3941,3.1701,0.16638,2.3056,3.4081,1.7636,1.673,3.407,1.9725,2.7477,4.2741,1.7849,1.6914,3.4187,1.4706,1.6271,3.9387,0.39813,2.1736,3.1593,2.094,2.4121,4.4495,1.4685,1.6991,3.2081,0.80407,1.9188,2.7249,3.0425,2.8426,5.8836,2.0244,1.7895,3.5179,1.0264,2.7383,2.9198,1.8215,2.589,4.0362,0.64016,1.9078,2.7682,1.0506,2.4163,3.0949,1.8957,1.905,4.5213,1.6766,1.6551,3.8968,0.52651,2.1846,3.7959,1.1904,2.5318,3.762,0.93939,2.1366,3.2009,2.6546,2.3569,4.4241,2.1306,2.2287,4.7639,1.4929,1.6804,3.9467,1.8933,1.935,4.5274,1.511,2.2191,3.2602,0.77746,2.1754,3.1056,2.4642,2.4083,4.4011,1.9575,2.584,4.8533,1.8878,2.6063,4.8016,2.6284,2.3585,4.4324,1.2992,2.5299,3.9106,1.7324,2.2452,4.3572,2.0669,3.0095,3.9894,0.58677,2.4692,2.5573,1.4949,2.0971,4.6012,2.0826,3.0114,4.0024,0.3207,2.4027,3.354,1.6528,1.597,4.0692,0.70097,2.0842,3.0584,2.2367,2.2768,4.6609,0.67397,2.5505,3.0836,0.95171,2.1448,3.2039,0.12781,2.8888,1.9493,2.0391,2.0426,4.6693,2.632,2.3695,4.4294,2.5919,2.2923,5.1306,1.9693,2.6659,4.2788,1.0942,1.7889,3.9942,4.6345,2.898,0.51321,0.87055,2.1547,3.0292,1.3304,2.0736,4.3257,1.0561,2.1202,3.4845,2.1733,2.6988,4.4307,1.7195,1.5828,4.1363,1.2181,2.5125,3.1157,0.79247,2.4516,3.7503,2.0881,1.874,3.6728,1.5539,2.4723,3.4283,1.6015,2.5587,3.5866,1.6115,1.6233,4.2487,1.933,2.6989,4.3941,2.001,2.7029,4.4613,3.4383,2.7487,6.1856,1.7412,1.565,4.1255,1.7521,1.9975,3.4504,2.0384,2.9236,4.8377,1.2062,2.5328,3.1461,2.609,2.4494,4.9414,1.0533,2.6185,4.0603,1.562,2.4504,3.4375,1.1072,1.8178,4.0772,1.6645,1.5764,4.0681,1.7379,1.9966,3.4375,0.2078,2.9198,3.2683,2.9523,2.2795,4.6469,1.3105,1.951,4.2156,1.299,2.6246,3.4252,1.4056,2.4427,3.3267,1.8551,1.9235,3.6789,1.9341,2.4344,4.0223,1.052,2.2941,3.1677,2.5361,2.0195,5.1331,1.2573,2.6554,3.3714,1.3857,2.4598,3.3078,0.2941,2.9361,3.3361,0.6612,1.8566,2.8162,1.6663,1.9743,4.479,1.4702,1.7996,4.1518,5.4141,2.8926,1.7464,0.81715,2.1162,2.8159,1.035,2.6401,4.0441,2.2251,2.5158,3.6311,2.5558,2.4019,4.8791,2.91,2.6757,4.6109,2.1427,2.4991,4.5114,2.3503,2.1164,4.239,0.77088,2.0543,3.3035,0.46685,2.4365,3.026,0.60706,2.1438,3.7138,2.3693,2.433,4.4623,0.89325,2.4411,2.9694,1.2422,1.5762,4.2796,1.678,2.0199,3.4543,6.1651,2.6826,1.9037,3.3831,2.9214,0.10629,0.83124,2.3858,3.0097,1.6519,1.6289,4.0677,1.5073,1.9033,3.1693,0.78109,2.4296,2.9231,2.1617,2.3309,4.8887,1.1885,2.5594,3.1089,1.0405,1.9837,3.4933,0.45586,1.9899,3.2872,1.7184,2.0038,3.4338,2.4218,2.098,4.2366,2.1902,2.164,5.0028,1.2744,1.6911,3.845,0.70163,1.9868,2.7663,2.1921,2.1939,5.0107,2.3689,2.2259,4.5541,1.5799,2.388,3.9711,4.3629,2.9448,0.26717,1.9557,2.4066,4.0124,0.8107,1.9557,4.1225,1.2583,2.63,4.2685,3.6851,2.8096,6.2492,1.553,1.6359,3.3052,0.25688,2.2952,3.3065,5.2296,2.9252,1.1505,0.61079,2.7444,3.324,1.3166,2.5193,3.0218,2.1685,2.1099,4.9267,1.507,2.0615,4.4018,1.5243,1.6361,3.3187,1.4471,2.9229,3.3964,0.55306,2.4314,2.8593,0.87518,2.4362,2.9924,0.22458,2.6068,3.3244,1.6521,2.321,4.179,0.56824,2.4257,2.8089,1.0213,2.2403,3.6125,1.3878,1.7957,4.2724,0.31457,2.3148,3.3817,1.5199,1.609,3.2974,0.53249,2.4306,2.8431,3.1081,2.8592,6.0563,1.9557,2.5691,4.0214,2.0164,2.1931,4.6181,2.4763,2.7582,5.1112,1.8912,1.9108,3.8657,1.3089,1.7396,3.7149,2.174,2.1357,4.9548,1.3937,2.6075,3.9902,0.85528,3.0879,2.6789,4.7556,2.9252,0.47098,1.2694,2.6945,4.3258,1.9296,1.9345,3.9238,1.2894,2.6499,2.9134,0.5181,2.7331,3.1441,1.0148,2.8851,4.2027,0.66389,2.5522,2.6359,0.67603,2.0209,2.9191,0.57454,2.4072,3.409,1.583,2.1694,4.2659,1.3965,2.7166,4.4605,0.56045,1.9924,3.0129,1.9912,1.8437,3.8022,1.1919,1.8206,3.6814,2.2881,2.6668,4.7479,1.3681,1.5677,4.1149,1.3689,2.1549,3.1638,0.61557,2.0094,3.0221,0.49388,2.4354,2.6058,1.6557,2.3269,4.1863,2.3226,2.6633,4.8242,0.59204,2.0144,2.9993,1.6018,1.7235,3.3477,0.66566,3.0485,2.5401,0.62166,2.5471,2.6066,3.0147,2.744,6.0247,6.2177,2.8977,2.6235,4.7137,2.9501,0.41275,2.2927,2.3351,3.6548,1.1131,3.0431,3.9397,1.335,2.3427,3.4724,0.97943,3.0624,3.8046,2.365,2.232,3.7563,1.1847,1.7781,3.6753,2.4261,2.3554,4.5779,2.522,2.6621,4.0461,1.3355,2.6778,4.3974,1.8856,1.8691,3.8567,1.1718,2.7231,3.6848,2.3755,2.4551,4.9566,1.5321,2.5695,3.3295,2.1634,2.2157,4.1134,0.78765,1.9349,3.3549,2.3092,2.4008,3.685,2.2684,2.3969,3.6377,2.2499,1.9683,4.9793,2.6045,2.276,4.7886,2.3518,2.2601,3.7775,1.3955,1.6142,3.8597,2.2749,2.6627,4.7675,1.8939,1.8973,3.8574,0.77894,2.1292,4.054,1.5885,1.7896,4.2429,2.3466,2.6796,4.8539,1.4539,2.3701,3.27,5.9866,2.9025,2.2941,1.8447,1.7929,3.5327,1.8915,2.9269,4.1808,2.0651,1.9814,4.8321,1.1572,2.5848,4.3304,1.9413,2.1792,4.8696,1.6123,1.7204,3.9592,1.6134,2.0291,3.3689,1.0737,2.6973,3.6037,0.9791,2.7843,3.8543,1.4565,2.4588,3.8977,1.1362,2.7352,3.631,1.7995,1.6947,4.0806,0.9262,2.4598,2.8001,1.951,2.1056,4.4375,0.20936,2.7518,2.9662,1.0641,1.9503,4.2701,0.99079,2.3002,3.0934,1.6683,2.3964,4.6053,0.97633,2.0545,2.8805,0.72661,1.9847,2.7431,1.5945,1.7156,3.9636,0.93342,2.45,2.8324,1.3469,1.5815,3.8492,2.7528,2.5692,4.6266,1.0885,2.1862,3.5906,1.1647,2.725,3.6812,1.9823,1.9865,4.5123,1.0478,1.949,4.2668,1.8725,1.6476,3.4672,1.6679,2.5155,4.0056,2.1519,2.524,4.9202,2.1168,2.4087,3.6449,1.3353,3.0372,3.5571,1.4636,1.4771,4.203,0.64168,2.9859,3.6596,1.6247,1.6939,4.2154,0.73942,1.9942,2.7444,0.70422,2.2008,3.9665,2.663,2.588,4.5445,2.0215,2.11,3.4121,1.4223,2.8284,3.566,1.0763,2.2633,3.5848,2.551,2.0368,4.5187,1.4713,1.7243,4.4285,1.5426,2.5677,3.5661,2.0603,2.3421,4.0954,2.6677,2.3314,4.9608,0.49261,2.5338,3.0088
1833.3,0.067708,153.16,3.2288,0.1599,566.05,1.4662,1.8181,4.1199,1.2957,2.2458,4.255,1.1891,1.9672,4.2309,2.4611,2.6226,4.301,0.85058,2.038,4.2809,1.5083,2.5395,3.887,3.109,2.8319,5.9527,1.1706,1.9748,4.2448,1.7221,1.656,4.2278,1.3133,2.2387,4.3091,0.8304,2.0763,4.2186,3.0008,2.8278,4.5574,5.5463,2.6928,1.3029,1.3044,2.7327,3.6816,0.922,2.1604,3.0247,2.5213,2.1126,4.5357,1.4494,1.646,3.9167,0.66961,2.6193,3.8226,2.0261,1.7647,3.5194,1.0973,2.3919,3.1743,0.15924,2.3065,3.3978,1.7623,1.6725,3.4081,1.9658,2.743,4.267,1.7849,1.6924,3.4204,1.4706,1.6248,3.9401,0.39868,2.1755,3.1572,2.0967,2.4143,4.4522,1.4681,1.7008,3.2084,0.80288,1.9203,2.7233,3.0451,2.8427,5.8881,2.0258,1.7907,3.5201,1.0275,2.7398,2.9219,1.822,2.5893,4.0384,0.64084,1.9094,2.7671,1.0487,2.4148,3.0965,1.8955,1.9043,4.5229,1.6764,1.6532,3.8971,0.52818,2.1832,3.7998,1.1905,2.536,3.7614,0.9356,2.1401,3.1974,2.6609,2.3596,4.4313,2.1343,2.2323,4.7684,1.4941,1.681,3.9488,1.8939,1.9363,4.5296,1.5125,2.2215,3.2597,0.77429,2.1807,3.1011,2.4677,2.4103,4.4069,1.9582,2.5838,4.8505,1.8855,2.6071,4.7973,2.6344,2.362,4.4425,1.2995,2.5323,3.9083,1.7356,2.2463,4.3613,2.0676,3.0065,3.9889,0.59058,2.4693,2.561,1.4913,2.1001,4.6002,2.0844,3.008,4.0028,0.31676,2.4038,3.3499,1.6525,1.5955,4.0683,0.70021,2.0871,3.0563,2.2362,2.2783,4.6611,0.67525,2.5466,3.088,0.94878,2.1485,3.2006,0.12677,2.8884,1.9471,2.0428,2.0463,4.6743,2.638,2.3731,4.4387,2.5876,2.2897,5.1269,1.9641,2.6577,4.2738,1.095,1.785,3.9972,4.6349,2.8922,0.51342,0.86968,2.1568,3.0283,1.3319,2.0725,4.3288,1.0556,2.1224,3.4834,2.1667,2.6955,4.4235,1.7206,1.5814,4.135,1.2218,2.5104,3.1176,0.79488,2.4535,3.7487,2.0902,1.8713,3.6696,1.5514,2.4739,3.4262,1.5985,2.5605,3.586,1.6089,1.6211,4.2486,1.9258,2.6916,4.3856,1.9972,2.6967,4.4567,3.4446,2.7466,6.191,1.744,1.5626,4.1232,1.7553,1.997,3.4505,2.0342,2.9228,4.8335,1.2089,2.5319,3.1494,2.6074,2.4495,4.9385,1.0547,2.6194,4.0597,1.5599,2.4514,3.436,1.1026,1.8183,4.0763,1.6649,1.5742,4.067,1.7401,1.9961,3.4369,0.20359,2.9182,3.2646,2.9568,2.2782,4.6509,1.3102,1.9506,4.2164,1.3004,2.6222,3.4298,1.4021,2.4424,3.3258,1.8563,1.9196,3.6765,1.9334,2.4398,4.0246,1.0493,2.2946,3.1664,2.5358,2.0182,5.1323,1.2583,2.6539,3.3751,1.381,2.4599,3.3059,0.29548,2.9352,3.3373,0.66008,1.859,2.8109,1.6633,1.9714,4.4814,1.4705,1.7962,4.1534,5.4062,2.8919,1.7396,0.81706,2.116,2.818,1.0352,2.6422,4.0424,2.2324,2.5152,3.634,2.5518,2.3993,4.873,2.9171,2.6734,4.6164,2.142,2.4978,4.5105,2.3503,2.1177,4.2422,0.77028,2.0584,3.2995,0.47463,2.4342,3.034,0.60722,2.1439,3.7138,2.3677,2.4295,4.4638,0.90191,2.4394,2.9765,1.2412,1.5762,4.2785,1.6761,2.0204,3.4543,6.1566,2.6816,1.894,3.3912,2.9201,0.11519,0.8335,2.3817,3.0162,1.6516,1.6282,4.0666,1.5081,1.9057,3.1687,0.78245,2.4275,2.9266,2.1617,2.3296,4.8848,1.1909,2.5597,3.1107,1.0427,1.9848,3.4926,0.4499,1.99,3.2907,1.7194,2.0031,3.4327,2.4245,2.0993,4.2398,2.1924,2.1644,5.0034,1.2731,1.6875,3.8472,0.7027,1.987,2.7673,2.1945,2.1954,5.0116,2.3721,2.2281,4.5594,1.5807,2.3936,3.9716,4.3702,2.9406,0.27307,1.9558,2.4111,4.0137,0.80915,1.9552,4.1225,1.2637,2.6335,4.2719,3.6944,2.8067,6.2584,1.5545,1.6372,3.3065,0.25314,2.2948,3.3004,5.2326,2.9209,1.1526,0.61307,2.742,3.3271,1.3192,2.5201,3.0238,2.1708,2.1079,4.9246,1.5083,2.0584,4.4049,1.5243,1.6366,3.3206,1.4506,2.9226,3.3975,0.55923,2.4301,2.8681,0.87329,2.4349,2.9933,0.22419,2.6061,3.3227,1.6546,2.3245,4.1827,0.5745,2.4247,2.8142,1.019,2.2448,3.6089,1.3875,1.7948,4.2709,0.3142,2.3156,3.3806,1.5194,1.6081,3.2982,0.53738,2.4297,2.8505,3.1151,2.8582,6.0651,1.9528,2.568,4.0207,2.0191,2.1937,4.6197,2.4664,2.7566,5.1005,1.8911,1.9065,3.8633,1.3096,1.7349,3.7166,2.1759,2.1346,4.9533,1.3935,2.6053,3.9893,0.83588,3.0884,2.6586,4.7587,2.9212,0.47396,1.2707,2.6948,4.326,1.9311,1.9326,3.9261,1.292,2.6509,2.9164,0.52548,2.7305,3.1534,1.0196,2.8841,4.2073,0.66878,2.5543,2.6385,0.67504,2.0251,2.916,0.57651,2.4077,3.4081,1.5841,2.1683,4.2679,1.4045,2.7177,4.4681,0.55634,1.9948,3.0066,1.9917,1.8407,3.8017,1.1916,1.8185,3.6838,2.2808,2.6633,4.7372,1.3672,1.5695,4.1108,1.3674,2.1544,3.1632,0.61428,2.0127,3.0171,0.49521,2.4346,2.6077,1.6588,2.3314,4.19,2.3158,2.6594,4.8159,0.58947,2.0177,2.9929,1.6047,1.7233,3.3492,0.67436,3.049,2.5466,0.62382,2.5491,2.6069,3.0221,2.7435,6.0337,6.2224,2.8995,2.6309,4.7163,2.9482,0.41441,2.2901,2.3306,3.6487,1.1179,3.0409,3.947,1.3286,2.3469,3.4672,0.9836,3.0619,3.8116,2.3648,2.2317,3.7536,1.1838,1.7732,3.6779,2.4262,2.3564,4.579,2.5187,2.664,4.0477,1.3398,2.6778,4.4007,1.8854,1.8628,3.8542,1.1741,2.7189,3.6861,2.3725,2.4535,4.9494,1.5276,2.567,3.3316,2.1634,2.2179,4.1146,0.78721,1.9373,3.3533,2.307,2.4002,3.6806,2.264,2.3956,3.6306,2.2536,1.972,4.983,2.6023,2.2751,4.7886,2.351,2.2618,3.776,1.3962,1.6154,3.8612,2.2661,2.6586,4.7566,1.8942,1.8928,3.8546,0.77909,2.1282,4.0594,1.5876,1.7867,4.2418,2.3405,2.6768,4.8465,1.4542,2.3696,3.2703,5.9913,2.9038,2.3006,1.8444,1.7926,3.5357,1.8884,2.9208,4.1756,2.0683,1.9832,4.8359,1.1605,2.5851,4.3338,1.9447,2.1809,4.8696,1.6123,1.7162,3.9588,1.6144,2.0306,3.3678,1.0759,2.6938,3.6046,0.98221,2.7818,3.8557,1.461,2.4617,3.9013,1.1371,2.7317,3.6299,1.7971,1.6893,4.08,0.92712,2.4599,2.8017,1.9538,2.108,4.4409,0.21819,2.7485,2.9742,1.0628,1.9495,4.2706,0.99245,2.2987,3.0974,1.6709,2.3965,4.6071,0.97584,2.0529,2.8824,0.72589,1.9838,2.7434,1.5934,1.711,3.9635,0.93409,2.4496,2.8355,1.3446,1.5808,3.8501,2.7522,2.5679,4.6268,1.0885,2.1898,3.5878,1.167,2.7205,3.6827,1.9826,1.9865,4.5144,1.0458,1.9479,4.2674,1.8738,1.6474,3.4683,1.6683,2.517,4.0059,2.1545,2.5225,4.9202,2.1147,2.4106,3.6412,1.3451,3.0345,3.5664,1.4647,1.478,4.2014,0.64084,2.9851,3.6599,1.6253,1.6904,4.2143,0.73924,1.9937,2.7447,0.70491,2.2014,3.9676,2.6617,2.5872,4.5455,2.0234,2.1087,3.4108,1.4243,2.8226,3.5677,1.0755,2.2675,3.5814,2.5525,2.0392,4.5222,1.4703,1.7239,4.4288,1.5392,2.5664,3.5656,2.0603,2.3451,4.097,2.6659,2.3295,4.9585,0.49526,2.5341,3.0117
1833.3,0.067708,153.16,3.2288,0.16879,573.42,1.4632,1.8165,4.117,1.2973,2.2471,4.2574,1.1869,1.9657,4.2307,2.4598,2.6207,4.3017,0.84989,2.0372,4.2838,1.5076,2.5421,3.8865,3.1152,2.8309,5.9607,1.1676,1.9734,4.2456,1.7208,1.6524,4.2264,1.315,2.2392,4.3137,0.82913,2.077,4.219,3.0062,2.8273,4.56,5.5394,2.6877,1.2964,1.3062,2.7276,3.683,0.92026,2.1609,3.025,2.5237,2.1162,4.5411,1.448,1.6442,3.9174,0.66996,2.6217,3.8188,2.0272,1.7645,3.5217,1.0964,2.3898,3.1782,0.15208,2.3072,3.3876,1.7609,1.672,3.4092,1.9593,2.7384,4.2602,1.7849,1.6932,3.422,1.4704,1.6227,3.9415,0.39925,2.1772,3.1553,2.0994,2.4163,4.4548,1.4677,1.7025,3.2089,0.80172,1.9217,2.7218,3.0479,2.8428,5.8928,2.0271,1.792,3.5225,1.0288,2.7413,2.9238,1.8225,2.5898,4.0407,0.64152,1.9111,2.7662,1.0467,2.4132,3.0981,1.8953,1.9037,4.5246,1.6761,1.6514,3.8974,0.52993,2.1817,3.8039,1.1907,2.54,3.7609,0.93185,2.1435,3.1939,2.667,2.3623,4.4384,2.1382,2.2357,4.7728,1.4952,1.6815,3.9508,1.8945,1.9376,4.5317,1.5141,2.2238,3.2592,0.77112,2.1859,3.0967,2.4712,2.4122,4.4126,1.9589,2.5838,4.8477,1.8832,2.6078,4.7931,2.6405,2.3654,4.4525,1.2999,2.5347,3.9061,1.7389,2.2474,4.3653,2.0681,3.0036,3.9884,0.59424,2.4697,2.5645,1.4875,2.1031,4.5992,2.0862,3.0046,4.0032,0.31289,2.4048,3.3458,1.652,1.594,4.0675,0.69943,2.0899,3.0542,2.2357,2.2799,4.6611,0.67634,2.5426,3.0923,0.94594,2.1522,3.1975,0.12574,2.8879,1.9448,2.0466,2.0501,4.6791,2.6439,2.3767,4.448,2.5834,2.287,5.1232,1.9592,2.6498,4.2692,1.0957,1.781,4.0002,4.6353,2.8864,0.51365,0.86885,2.1588,3.0273,1.3334,2.0714,4.3318,1.0551,2.1247,3.4821,2.1604,2.6922,4.4166,1.722,1.58,4.1336,1.2257,2.5085,3.1194,0.79728,2.4553,3.7471,2.0923,1.8686,3.6664,1.5489,2.4756,3.4242,1.5955,2.5622,3.5855,1.6061,1.619,4.2485,1.9191,2.6846,4.3775,1.9937,2.6905,4.4522,3.4511,2.7443,6.1965,1.7468,1.5602,4.121,1.7585,1.9965,3.4506,2.0301,2.9221,4.8294,1.2116,2.531,3.1526,2.6059,2.4497,4.9354,1.0563,2.6203,4.0591,1.5577,2.4524,3.4344,1.098,1.8187,4.0755,1.6654,1.5722,4.066,1.7424,1.9956,3.4363,0.19951,2.9165,3.2609,2.9611,2.2768,4.6548,1.31,1.9503,4.2172,1.3017,2.6198,3.4341,1.3987,2.442,3.3251,1.8575,1.9156,3.6741,1.9327,2.4451,4.027,1.0465,2.2952,3.1652,2.5354,2.017,5.1316,1.2592,2.6525,3.3789,1.3764,2.4602,3.3041,0.297,2.9343,3.3387,0.65898,1.8612,2.8056,1.6602,1.9685,4.4836,1.4709,1.7929,4.155,5.3982,2.8912,1.7328,0.81696,2.1157,2.82,1.0354,2.6443,4.0406,2.2397,2.5144,3.6369,2.548,2.3967,4.8669,2.9241,2.671,4.6218,2.1413,2.4965,4.5095,2.3505,2.119,4.2455,0.76958,2.0625,3.2954,0.48227,2.432,3.0419,0.60741,2.144,3.7138,2.3662,2.4263,4.4653,0.91048,2.4378,2.9834,1.2401,1.5762,4.2772,1.6742,2.0209,3.4541,6.148,2.6806,1.8843,3.399,2.9187,0.12369,0.83537,2.3777,3.0222,1.6511,1.6275,4.0655,1.5088,1.9079,3.1682,0.7837,2.4255,2.9298,2.1617,2.3282,4.8808,1.1933,2.5601,3.1124,1.0448,1.9859,3.4919,0.44394,1.9902,3.2941,1.7204,2.0024,3.4316,2.4273,2.1006,4.2429,2.1945,2.1648,5.0039,1.2716,1.6841,3.8492,0.70376,1.9873,2.7681,2.1969,2.1968,5.0122,2.3751,2.2301,4.5649,1.5815,2.3989,3.972,4.3775,2.9363,0.27881,1.9561,2.4157,4.0151,0.80762,1.9546,4.1225,1.269,2.6369,4.2752,3.7034,2.8038,6.2264,1.556,1.6386,3.3079,0.2495,2.2944,3.2945,5.2354,2.9166,1.1545,0.61521,2.7395,3.3301,1.3217,2.5207,3.0257,2.1732,2.1059,4.9225,1.5095,2.0553,4.408,1.5242,1.6371,3.3225,1.454,2.9224,3.3985,0.5653,2.4287,2.8766,0.87152,2.4336,2.9942,0.22376,2.6054,3.3209,1.6573,2.3279,4.1865,0.58069,2.4237,2.8195,1.0166,2.2494,3.6052,1.3872,1.7938,4.2693,0.31387,2.3163,3.3794,1.5188,1.6071,3.299,0.5422,2.4286,2.8578,3.1221,2.8573,6.0739,1.95,2.5668,4.0201,2.0219,2.1942,4.6214,2.4564,2.755,5.0898,1.8911,1.9023,3.861,1.3103,1.7304,3.7182,2.1778,2.1335,4.952,1.3932,2.603,3.9885,0.816,3.0888,2.6377,4.7616,2.917,0.47694,1.272,2.6952,4.3261,1.9326,1.9307,3.9283,1.2947,2.6518,2.9195,0.5325,2.728,3.1623,1.0245,2.8831,4.2118,0.67354,2.5563,2.641,0.67412,2.0292,2.913,0.57847,2.4082,3.4073,1.5853,2.1673,4.27,1.4125,2.7187,4.4755,0.55235,1.9971,3.0003,1.9924,1.8378,3.8012,1.1913,1.8163,3.6862,2.2741,2.6599,4.7271,1.3661,1.5711,4.1067,1.3659,2.1539,3.1626,0.61301,2.0161,3.0121,0.4965,2.4339,2.6096,1.662,2.3358,4.1936,2.3093,2.6556,4.8077,0.58695,2.021,2.9868,1.6077,1.7231,3.3506,0.68304,3.0497,2.553,0.62587,2.5511,2.6072,3.0297,2.743,6.0427,6.2275,2.9013,2.6387,4.719,2.9463,0.41616,2.2877,2.3262,3.6426,1.1223,3.0386,3.9536,1.3222,2.3511,3.462,0.98721,3.0614,3.8179,2.3647,2.2314,3.7507,1.1828,1.7682,3.6805,2.4265,2.3574,4.5802,2.5154,2.6659,4.0494,1.3439,2.6777,4.4041,1.8852,1.8564,3.8518,1.1764,2.7146,3.6875,2.3697,2.452,4.9424,1.5231,2.5646,3.3338,2.1633,2.2202,4.1161,0.78674,1.9398,3.3517,2.3049,2.3997,3.6762,2.2596,2.3942,3.6237,2.2574,1.9754,4.9864,2.6003,2.2743,4.7886,2.3503,2.2635,3.7744,1.3969,1.6166,3.8629,2.2577,2.6545,4.7459,1.8947,1.8885,3.8518,0.77926,2.1274,4.0647,1.5869,1.7838,4.2406,2.3343,2.674,4.8392,1.4546,2.3691,3.2706,5.9962,2.9051,2.3073,1.8439,1.7923,3.5387,1.8856,2.9146,4.1707,2.0714,1.985,4.8395,1.1638,2.5856,4.337,1.948,2.1826,4.8697,1.6124,1.7121,3.9584,1.6152,2.0321,3.3666,1.0778,2.6904,3.6053,0.98524,2.7794,3.8571,1.4653,2.4646,3.9049,1.1379,2.7284,3.6287,1.7946,1.684,4.0795,0.92806,2.4601,2.8033,1.9567,2.1105,4.4442,0.22701,2.745,2.9821,1.0615,1.9488,4.271,0.99398,2.2971,3.1013,1.6736,2.3967,4.6089,0.97531,2.0514,2.8842,0.72519,1.9828,2.7438,1.5925,1.7066,3.9634,0.93472,2.4492,2.8385,1.3423,1.5801,3.8509,2.7517,2.5667,4.6271,1.0882,2.1934,3.585,1.1693,2.7161,3.6842,1.9831,1.9867,4.5165,1.0439,1.9467,4.268,1.8751,1.6472,3.4694,1.6686,2.5186,4.0063,2.1572,2.5209,4.9204,2.1126,2.4125,3.6373,1.3548,3.0318,3.5757,1.4656,1.479,4.1997,0.6398,2.9845,3.6601,1.6259,1.687,4.2134,0.73906,1.9932,2.745,0.70555,2.202,3.9687,2.6603,2.5864,4.5464,2.0253,2.1074,3.4095,1.4262,2.8169,3.5693,1.0747,2.2717,3.5781,2.5541,2.0417,4.5258,1.4694,1.7235,4.4291,1.5359,2.5653,3.5651,2.0603,2.3481,4.0986,2.6642,2.3277,4.9563,0.49789,2.5346,3.0146
1833.3,0.067708,153.16,3.2288,0.17767,580.37,1.4602,1.8149,4.1141,1.2991,2.2484,4.2597,1.1848,1.964,4.2306,2.4587,2.6188,4.3027,0.8492,2.0362,4.2867,1.5069,2.5448,3.8859,3.1216,2.8299,5.9686,1.1646,1.9721,4.2464,1.7195,1.6488,4.225,1.3166,2.2397,4.3183,0.8279,2.0775,4.2195,3.0114,2.8268,4.5625,5.5328,2.6827,1.2901,1.3079,2.7227,3.6843,0.91854,2.1614,3.0252,2.526,2.1198,4.5465,1.4466,1.6425,3.9183,0.67029,2.6241,3.8151,2.0283,1.7643,3.5239,1.0953,2.3879,3.1819,0.14492,2.308,3.3773,1.7594,1.6714,3.4103,1.9531,2.7338,4.2536,1.7849,1.6941,3.4237,1.4704,1.6207,3.9428,0.39986,2.179,3.1535,2.1021,2.4183,4.4573,1.4673,1.7042,3.2092,0.80062,1.9231,2.7205,3.0507,2.8429,5.8976,2.0286,1.7931,3.5247,1.0301,2.7429,2.9257,1.8231,2.5901,4.0429,0.6422,1.9127,2.7652,1.0447,2.4116,3.0996,1.8952,1.903,4.5263,1.6759,1.6497,3.8976,0.53175,2.1803,3.8078,1.1908,2.5438,3.7604,0.92815,2.1468,3.1905,2.6731,2.3648,4.4452,2.142,2.2392,4.7773,1.4964,1.682,3.9527,1.8952,1.9389,4.5338,1.5157,2.226,3.2587,0.76796,2.1909,3.0924,2.4748,2.4141,4.4185,1.9595,2.5839,4.8448,1.8811,2.6087,4.789,2.6466,2.3688,4.4627,1.3001,2.5372,3.9037,1.7423,2.2486,4.3693,2.0687,3.0007,3.9879,0.59765,2.4699,2.5676,1.4837,2.1062,4.598,2.0881,3.001,4.0037,0.30903,2.4058,3.3419,1.6516,1.5926,4.0667,0.69865,2.0926,3.0523,2.2352,2.2813,4.6611,0.67726,2.5388,3.0964,0.94311,2.1557,3.1945,0.12472,2.8874,1.9427,2.0504,2.0537,4.6839,2.6497,2.3801,4.4572,2.5795,2.2842,5.1196,1.9547,2.6422,4.2649,1.0964,1.7771,4.0033,4.6355,2.8808,0.5139,0.86803,2.1607,3.0265,1.3348,2.0703,4.3348,1.0545,2.1269,3.4807,2.1541,2.6889,4.4099,1.7233,1.5787,4.1323,1.2294,2.5066,3.1212,0.79966,2.4572,3.7455,2.0944,1.8659,3.6634,1.5466,2.4772,3.4223,1.5926,2.5639,3.5849,1.6033,1.617,4.2484,1.9128,2.6775,4.3697,1.9905,2.6844,4.4482,3.4577,2.7421,6.2021,1.7497,1.5579,4.1188,1.7616,1.996,3.4508,2.0261,2.9214,4.8255,1.2143,2.5302,3.1557,2.6043,2.4498,4.9324,1.0577,2.6212,4.0585,1.5556,2.4535,3.4329,1.0934,1.8189,4.0748,1.6659,1.5702,4.065,1.7446,1.995,3.4356,0.19549,2.9148,3.2572,2.9655,2.2753,4.6586,1.3098,1.95,4.2182,1.303,2.6175,3.4384,1.3952,2.4418,3.3242,1.8587,1.9118,3.6719,1.932,2.4502,4.0293,1.0436,2.2957,3.164,2.5352,2.0157,5.1309,1.2601,2.6512,3.3826,1.3718,2.4603,3.3023,0.29863,2.9334,3.3403,0.65787,1.8635,2.8006,1.6572,1.9657,4.4856,1.4712,1.7897,4.1565,5.3903,2.8905,1.7261,0.81689,2.1155,2.822,1.0355,2.6464,4.0389,2.2467,2.5135,3.6397,2.5444,2.394,4.861,2.931,2.6687,4.6272,2.1408,2.4953,4.5087,2.3506,2.1202,4.2489,0.76879,2.0666,3.2912,0.48982,2.4298,3.0496,0.6076,2.144,3.7139,2.3646,2.4232,4.4668,0.91899,2.436,2.9903,1.2391,1.5763,4.2758,1.6724,2.0213,3.454,6.1395,2.6795,1.8746,3.4063,2.9172,0.13176,0.83695,2.374,3.0279,1.6506,1.6266,4.0644,1.5096,1.91,3.1676,0.78487,2.4236,2.933,2.1618,2.3267,4.8769,1.1956,2.5605,3.1141,1.0469,1.9869,3.4912,0.43791,1.9905,3.2975,1.7214,2.0017,3.4304,2.4301,2.1019,4.2461,2.1965,2.165,5.0044,1.2701,1.6806,3.8512,0.70479,1.9874,2.7691,2.1991,2.1983,5.0128,2.3781,2.2321,4.57,1.5823,2.4043,3.9724,4.3844,2.932,0.28438,1.9563,2.4204,4.0165,0.8061,1.9543,4.1225,1.2744,2.6404,4.2786,3.7123,2.8009,6.0979,1.5574,1.6402,3.3093,0.24591,2.2942,3.2888,5.238,2.9122,1.1562,0.61718,2.737,3.3329,1.3241,2.5215,3.0275,2.1756,2.104,4.9206,1.5106,2.0522,4.4111,1.5242,1.6375,3.3244,1.4574,2.9222,3.3995,0.57128,2.4274,2.8851,0.86984,2.4321,2.9953,0.22325,2.6049,3.3189,1.66,2.3313,4.1902,0.58674,2.4227,2.8247,1.0141,2.2541,3.6015,1.387,1.7927,4.2677,0.31353,2.317,3.3783,1.5185,1.6062,3.2998,0.54695,2.4276,2.8651,3.1289,2.8563,6.0825,1.9472,2.5658,4.0194,2.0247,2.1947,4.6231,2.4467,2.7532,5.0792,1.8911,1.8979,3.8587,1.311,1.7259,3.7199,2.1797,2.1325,4.9505,1.3931,2.6009,3.9878,0.79541,3.0892,2.6163,4.7643,2.9129,0.47978,1.2734,2.6955,4.3262,1.9342,1.9288,3.9305,1.2974,2.6529,2.9226,0.53917,2.7256,3.1708,1.0294,2.882,4.2163,0.67814,2.5583,2.6432,0.67325,2.0331,2.9101,0.5805,2.4086,3.4066,1.5865,2.1661,4.272,1.4204,2.7197,4.4829,0.54846,1.9994,2.994,1.9929,1.8348,3.8007,1.1911,1.8142,3.6886,2.2678,2.6567,4.7174,1.3651,1.5727,4.1026,1.3645,2.1534,3.1619,0.61177,2.0194,3.0072,0.49763,2.4332,2.6113,1.6652,2.3403,4.1973,2.303,2.6518,4.7998,0.58448,2.0241,2.9808,1.6107,1.7229,3.3522,0.69146,3.0502,2.5594,0.62781,2.5531,2.6073,3.0372,2.7424,6.0518,6.2329,2.903,2.6468,4.7218,2.9445,0.41797,2.2853,2.3217,3.6365,1.1257,3.0366,3.9593,1.3158,2.355,3.4569,0.99015,3.061,3.8234,2.3646,2.2312,3.7479,1.1817,1.7632,3.6832,2.4266,2.3585,4.5813,2.5122,2.6677,4.0512,1.3481,2.6777,4.4074,1.885,1.8499,3.8494,1.1785,2.7103,3.6888,2.3669,2.4505,4.9354,1.5184,2.5623,3.3358,2.1633,2.2224,4.1174,0.78622,1.9423,3.35,2.3029,2.3991,3.6717,2.2555,2.393,3.6168,2.2611,1.9788,4.9898,2.5983,2.2734,4.7886,2.3496,2.2653,3.7728,1.3976,1.6177,3.8645,2.2496,2.6504,4.7357,1.8951,1.884,3.8489,0.77946,2.1264,4.07,1.5861,1.7808,4.2395,2.3285,2.6711,4.832,1.455,2.3686,3.2708,6.0011,2.9063,2.3141,1.8436,1.7921,3.5417,1.8829,2.9084,4.1659,2.0745,1.9867,4.8429,1.167,2.5859,4.3402,1.9514,2.1843,4.8698,1.6125,1.7082,3.9581,1.6161,2.0335,3.3655,1.0797,2.687,3.606,0.98816,2.7771,3.8583,1.4695,2.4673,3.9085,1.1387,2.7252,3.6275,1.7922,1.6788,4.079,0.92901,2.4603,2.8049,1.9596,2.1129,4.4477,0.23579,2.7414,2.9899,1.0602,1.9481,4.2714,0.99546,2.2957,3.1051,1.6764,2.3968,4.6107,0.97476,2.0499,2.886,0.72453,1.9817,2.7441,1.5915,1.7022,3.9634,0.93529,2.4488,2.8415,1.34,1.5792,3.8517,2.7513,2.5654,4.6274,1.088,2.1971,3.5821,1.1714,2.7116,3.6858,1.9836,1.9869,4.5185,1.0421,1.9455,4.2687,1.8763,1.6471,3.4706,1.6689,2.5202,4.0066,2.1599,2.5193,4.9205,2.1106,2.4144,3.6336,1.3645,3.029,3.5851,1.4666,1.48,4.1981,0.63857,2.9838,3.6601,1.6266,1.6835,4.2124,0.7389,1.9927,2.7453,0.70618,2.2027,3.9697,2.659,2.5857,4.5475,2.0272,2.1061,3.4082,1.4281,2.8112,3.571,1.0739,2.2757,3.5747,2.5557,2.0442,4.5294,1.4685,1.7232,4.4293,1.5327,2.5642,3.5648,2.0603,2.3511,4.1003,2.6625,2.3259,4.954,0.50045,2.535,3.0174
1833.3,0.067708,153.16,3.2288,0.18655,586.64,1.4572,1.8132,4.1113,1.3009,2.2496,4.2623,1.1827,1.9624,4.2305,2.4578,2.617,4.3036,0.84849,2.0354,4.2894,1.506,2.5474,3.8853,3.128,2.8288,5.9765,1.1617,1.9707,4.2473,1.7183,1.6452,4.2236,1.3182,2.2402,4.3227,0.8267,2.0781,4.22,3.0164,2.8262,4.565,5.5266,2.6778,1.2844,1.3094,2.7181,3.6851,0.91683,2.1619,3.0255,2.5285,2.1234,4.5519,1.4453,1.6408,3.9191,0.67062,2.6266,3.8112,2.0293,1.7641,3.5261,1.0941,2.386,3.1853,0.13775,2.3087,3.3671,1.7579,1.6707,3.4114,1.9473,2.7293,4.2475,1.7849,1.6949,3.4254,1.4703,1.6187,3.9441,0.40048,2.1806,3.1516,2.1046,2.4202,4.4597,1.4669,1.7058,3.2096,0.79955,1.9242,2.7193,3.0537,2.843,5.9025,2.0301,1.7943,3.5271,1.0312,2.7446,2.9274,1.8239,2.5906,4.0453,0.64287,1.9141,2.7644,1.0426,2.4101,3.1011,1.895,1.9023,4.528,1.6756,1.6481,3.8979,0.53365,2.1788,3.812,1.191,2.5475,3.76,0.92449,2.15,3.1871,2.679,2.3674,4.4518,2.1458,2.2425,4.7816,1.4975,1.6824,3.9547,1.8959,1.9401,4.5359,1.5174,2.2282,3.2581,0.76479,2.1958,3.0884,2.4785,2.416,4.4244,1.9602,2.5841,4.842,1.8791,2.6095,4.7849,2.6527,2.3721,4.473,1.3004,2.5397,3.9013,1.7456,2.2496,4.3734,2.0695,2.9979,3.9876,0.60079,2.4703,2.5705,1.4797,2.1093,4.5968,2.0901,2.9975,4.0045,0.30518,2.4066,3.3379,1.6512,1.5913,4.0658,0.69789,2.0951,3.0504,2.2346,2.2826,4.6609,0.67798,2.5349,3.1006,0.94027,2.1591,3.1916,0.12367,2.8868,1.9405,2.0542,2.0572,4.6885,2.6556,2.3834,4.4665,2.5754,2.2817,5.1162,1.9507,2.6349,4.261,1.0973,1.7729,4.0065,4.6358,2.8753,0.51429,0.8673,2.1626,3.0257,1.3362,2.0693,4.3377,1.0537,2.1292,3.4793,2.1481,2.6857,4.4034,1.7246,1.5773,4.131,1.2331,2.5047,3.1228,0.802,2.4591,3.7439,2.0965,1.8633,3.6604,1.5441,2.4787,3.4202,1.5897,2.5654,3.5845,1.6006,1.6152,4.2483,1.907,2.6705,4.3624,1.9878,2.6786,4.4444,3.4642,2.7398,6.2078,1.7524,1.5554,4.1165,1.7648,1.9955,3.4509,2.0223,2.9206,4.8217,1.2168,2.5293,3.1587,2.6028,2.45,4.9294,1.0591,2.622,4.0577,1.5535,2.4545,3.4314,1.0891,1.819,4.0742,1.6665,1.5683,4.0641,1.7468,1.9943,3.435,0.19144,2.9132,3.2535,2.9698,2.2739,4.6624,1.3096,1.9496,4.219,1.3041,2.6152,3.4427,1.3918,2.4415,3.3234,1.8599,1.9078,3.6696,1.9313,2.4553,4.0318,1.0409,2.2963,3.1628,2.5348,2.0146,5.13,1.261,2.65,3.3865,1.3673,2.4605,3.3005,0.30031,2.9325,3.342,0.65679,1.8655,2.7957,1.6541,1.9632,4.4876,1.4715,1.7865,4.158,5.3825,2.8897,1.7196,0.81682,2.1152,2.824,1.0355,2.6485,4.0371,2.2535,2.5123,3.642,2.5409,2.3914,4.8552,2.9381,2.6661,4.6326,2.1402,2.4942,4.5078,2.3507,2.1215,4.2523,0.76787,2.0707,3.287,0.49722,2.4276,3.0571,0.60776,2.144,3.7139,2.3632,2.4203,4.4682,0.92744,2.4343,2.9972,1.2381,1.5765,4.2744,1.6704,2.0216,3.4538,6.1308,2.6784,1.8649,3.4132,2.9158,0.13933,0.83821,2.3703,3.0332,1.6502,1.6258,4.0634,1.5104,1.9121,3.1669,0.78595,2.4216,2.9361,2.1619,2.3253,4.8731,1.1979,2.5609,3.1156,1.049,1.9878,3.4905,0.43178,1.9909,3.3007,1.7222,2.0009,3.4293,2.433,2.1033,4.2492,2.1984,2.1653,5.0048,1.2685,1.6773,3.8532,0.70579,1.9876,2.7699,2.2012,2.1995,5.0132,2.3811,2.2342,4.5752,1.5832,2.4096,3.9728,4.3911,2.9277,0.28984,1.9565,2.4251,4.018,0.80459,1.9538,4.1224,1.2799,2.6438,4.2821,3.7212,2.798,0.65187,1.5588,1.6416,3.3107,0.24234,2.2938,3.283,5.2405,2.9079,1.1579,0.61894,2.7344,3.3354,1.3264,2.5223,3.0291,2.1781,2.1021,4.9188,1.5117,2.049,4.4142,1.5242,1.6378,3.3264,1.4609,2.9221,3.4004,0.57717,2.426,2.8935,0.86819,2.4307,2.9963,0.22266,2.6042,3.3169,1.6625,2.3346,4.194,0.5926,2.4218,2.8298,1.0116,2.2587,3.5976,1.3867,1.7918,4.266,0.31321,2.3178,3.3772,1.518,1.6052,3.3007,0.55159,2.4267,2.8723,3.1358,2.8554,6.0911,1.9446,2.5649,4.0189,2.0275,2.1953,4.6247,2.4372,2.7514,5.0687,1.891,1.8935,3.8564,1.3118,1.7216,3.7215,2.1816,2.1315,4.9492,1.3928,2.5988,3.9869,0.77409,3.0896,2.5941,4.7665,2.9087,0.48216,1.2747,2.6959,4.3264,1.9358,1.9269,3.9327,1.3,2.6539,2.9256,0.54545,2.7231,3.1789,1.0341,2.8809,4.2206,0.68249,2.5604,2.6453,0.6724,2.037,2.9075,0.58281,2.409,3.4061,1.5877,2.165,4.274,1.428,2.7206,4.4902,0.54468,2.0017,2.988,1.9934,1.832,3.8003,1.1909,1.812,3.6911,2.2618,2.6535,4.7082,1.3642,1.5742,4.0984,1.3631,2.1529,3.1612,0.61054,2.0226,3.0024,0.49841,2.4326,2.6126,1.6684,2.3446,4.201,2.2969,2.648,4.7921,0.58207,2.0272,2.975,1.6141,1.7222,3.3538,0.69936,3.0508,2.5652,0.62965,2.5551,2.6072,3.0448,2.7416,6.0608,6.2389,2.9048,2.6556,4.7244,2.943,0.4197,2.283,2.3172,3.6304,1.1279,3.0346,3.9638,1.3094,2.3587,3.4518,0.99295,3.0607,3.8287,2.3646,2.2309,3.7453,1.1805,1.7581,3.686,2.4269,2.3595,4.5824,2.509,2.6696,4.0531,1.3523,2.6776,4.4108,1.8848,1.8434,3.847,1.1806,2.706,3.6899,2.3643,2.449,4.9285,1.5138,2.56,3.3379,2.1632,2.2248,4.1189,0.78563,1.9448,3.3483,2.301,2.3984,3.6674,2.2513,2.3916,3.61,2.2647,1.9819,4.9929,2.5961,2.2725,4.7884,2.3489,2.2671,3.7714,1.3984,1.6186,3.8661,2.242,2.6463,4.7259,1.8955,1.8796,3.8461,0.7797,2.1256,4.0754,1.5853,1.7779,4.2383,2.3226,2.6682,4.8248,1.4554,2.3682,3.2711,6.0063,2.9076,2.3211,1.8432,1.7918,3.5445,1.8805,2.9024,4.1615,2.0774,1.9883,4.8461,1.1702,2.5862,4.3434,1.9547,2.186,4.8698,1.6126,1.7043,3.9578,1.617,2.0349,3.3644,1.0813,2.6838,3.6066,0.99098,2.7747,3.8593,1.4738,2.4698,3.9121,1.1395,2.722,3.6263,1.7896,1.6737,4.0785,0.92997,2.4606,2.8065,1.9625,2.1154,4.4511,0.2445,2.7378,2.9976,1.0589,1.9472,4.2718,0.99687,2.2943,3.109,1.6791,2.397,4.6127,0.97419,2.0485,2.8876,0.7239,1.9807,2.7445,1.5907,1.6979,3.9633,0.93582,2.4484,2.8445,1.3375,1.5784,3.8526,2.7509,2.5642,4.6279,1.0878,2.2008,3.5792,1.1736,2.7072,3.6872,1.984,1.9871,4.5205,1.0403,1.9443,4.2694,1.8775,1.647,3.4717,1.6691,2.5216,4.007,2.1625,2.5178,4.9208,2.1086,2.4164,3.6299,1.374,3.0263,3.5944,1.4675,1.4809,4.1966,0.63714,2.983,3.6599,1.6274,1.6802,4.2116,0.73876,1.9922,2.7456,0.70675,2.2035,3.9705,2.6577,2.5848,4.5485,2.029,2.1049,3.407,1.43,2.8056,3.5727,1.073,2.2797,3.5713,2.5573,2.0468,4.5331,1.4677,1.7229,4.4296,1.5295,2.5632,3.5644,2.0604,2.354,4.1019,2.6609,2.3242,4.9519,0.50296,2.5354,3.0201
1833.3,0.067708,153.16,3.2288,0.19544,593.27,1.4544,1.8116,4.1085,1.3027,2.2509,4.2648,1.1807,1.9608,4.2304,2.4569,2.6152,4.3047,0.84775,2.0347,4.2921,1.5053,2.5499,3.8848,3.1344,2.8277,5.9844,1.1589,1.9692,4.2483,1.7171,1.6417,4.2221,1.3198,2.2407,4.3272,0.82554,2.0787,4.2206,3.0213,2.8256,4.5673,5.5207,2.6729,1.2789,1.3108,2.7138,3.686,0.91515,2.1624,3.0258,2.5309,2.1268,4.5572,1.4438,1.6391,3.9199,0.67091,2.6289,3.8074,2.0303,1.7639,3.5283,1.0927,2.3843,3.1884,0.13057,2.3093,3.3569,1.7564,1.6701,3.4125,1.9418,2.7249,4.2416,1.7849,1.6957,3.4271,1.4703,1.6169,3.9453,0.40113,2.1823,3.1499,2.107,2.422,4.4619,1.4665,1.7075,3.21,0.79854,1.9253,2.7182,3.0567,2.8431,5.9075,2.0317,1.7954,3.5294,1.0324,2.7463,2.9291,1.8247,2.5911,4.0477,0.64355,1.9156,2.7637,1.0404,2.4085,3.1023,1.8948,1.9016,4.5297,1.6754,1.6466,3.8982,0.53566,2.1773,3.8162,1.1912,2.5508,3.7596,0.92088,2.1531,3.1838,2.6848,2.3698,4.4583,2.1496,2.2458,4.7859,1.4987,1.6828,3.9566,1.8969,1.9413,4.538,1.5192,2.2304,3.2575,0.76168,2.2006,3.0845,2.4821,2.4178,4.4303,1.9608,2.5843,4.839,1.877,2.6103,4.781,2.6588,2.3753,4.4832,1.3005,2.5421,3.8989,1.7491,2.2507,4.3774,2.0701,2.9951,3.9872,0.60371,2.4707,2.5732,1.4757,2.1123,4.5954,2.0922,2.994,4.0052,0.30135,2.4074,3.334,1.6508,1.59,4.065,0.69714,2.0975,3.0486,2.2339,2.2838,4.6607,0.67847,2.5311,3.1046,0.9375,2.1623,3.1888,0.12262,2.8862,1.9384,2.058,2.0605,4.693,2.6613,2.3865,4.4755,2.5716,2.279,5.113,1.947,2.6279,4.2575,1.098,1.7688,4.0095,4.6359,2.8702,0.51464,0.86663,2.1646,3.0251,1.3376,2.0683,4.3405,1.053,2.1315,3.4779,2.1424,2.6826,4.3972,1.7259,1.5759,4.1297,1.2367,2.5029,3.1244,0.80433,2.461,3.7422,2.0986,1.8608,3.6576,1.5418,2.4802,3.4184,1.587,2.567,3.5841,1.5977,1.6136,4.2482,1.9016,2.6638,4.3556,1.9853,2.673,4.441,3.4708,2.7375,6.2134,1.7553,1.553,4.1142,1.768,1.995,3.4511,2.0187,2.92,4.818,1.2193,2.5286,3.1615,2.6013,2.4501,4.9264,1.0604,2.6229,4.0571,1.5513,2.4556,3.4299,1.0847,1.8189,4.0738,1.667,1.5665,4.0631,1.749,1.9937,3.4344,0.18739,2.9116,3.2497,2.9739,2.2723,4.6659,1.3095,1.9491,4.2198,1.3052,2.6131,3.4467,1.3884,2.4413,3.3227,1.8612,1.9038,3.6674,1.9307,2.4603,4.0342,1.0381,2.2969,3.1617,2.5344,2.0134,5.1291,1.262,2.6488,3.3903,1.3628,2.4608,3.2987,0.3021,2.9315,3.3437,0.65574,1.8676,2.7908,1.6512,1.9606,4.4893,1.4719,1.7834,4.1596,5.3748,2.8891,1.713,0.81675,2.1151,2.8261,1.0355,2.6506,4.0353,2.2602,2.5111,3.6442,2.5376,2.389,4.8495,2.9451,2.6636,4.6378,2.1397,2.4931,4.5069,2.3507,2.1227,4.2557,0.76686,2.0747,3.2827,0.50445,2.4255,3.0645,0.60792,2.144,3.714,2.3617,2.4176,4.4696,0.93576,2.4326,3.004,1.237,1.5766,4.2729,1.6684,2.022,3.4536,6.1222,2.6772,1.8552,3.4196,2.9144,0.14647,0.83914,2.3669,3.038,1.6497,1.6249,4.0624,1.5111,1.9141,3.1663,0.78693,2.4197,2.939,2.1621,2.3238,4.8693,1.2002,2.5614,3.1171,1.051,1.9887,3.4899,0.4257,1.9913,3.3037,1.7232,1.9999,3.4282,2.4359,2.1045,4.2525,2.2001,2.1656,5.0051,1.2669,1.674,3.855,0.70679,1.9878,2.7709,2.2033,2.2007,5.0136,2.384,2.236,4.5803,1.584,2.4147,3.9732,4.3977,2.9233,0.29516,1.9567,2.4298,4.0193,0.80312,1.9534,4.1223,1.2851,2.6472,4.2855,3.7297,2.7952,0.014981,1.5604,1.6432,3.3122,0.23889,2.2934,3.2774,5.2429,2.9035,1.1595,0.6205,2.732,3.3378,1.3286,2.523,3.0307,2.1806,2.1003,4.9171,1.5128,2.0458,4.4172,1.5241,1.6382,3.3282,1.4642,2.922,3.4011,0.58295,2.4247,2.9018,0.86659,2.4294,2.9974,0.22205,2.6036,3.3148,1.6652,2.3378,4.1977,0.59835,2.4208,2.8348,1.0089,2.2633,3.5937,1.3865,1.7908,4.2643,0.31289,2.3185,3.3761,1.5175,1.6042,3.3015,0.55616,2.4258,2.8793,3.1425,2.8543,6.0996,1.9419,2.5642,4.0183,2.0302,2.1958,4.6263,2.4278,2.7496,5.0584,1.8909,1.889,3.8541,1.3125,1.7173,3.7231,2.1835,2.1305,4.9479,1.3927,2.597,3.9863,0.75223,3.09,2.5713,4.7686,2.9046,0.48434,1.276,2.6963,4.3266,1.9374,1.925,3.935,1.3027,2.655,2.9285,0.55138,2.7207,3.1866,1.0387,2.8797,4.2249,0.68673,2.5625,2.6473,0.67162,2.0407,2.9049,0.58521,2.4092,3.4057,1.5889,2.1639,4.276,1.4355,2.7215,4.4973,0.54103,2.004,2.9819,1.9939,1.8292,3.7999,1.1905,1.8098,3.6935,2.2563,2.6504,4.6994,1.3633,1.5755,4.0943,1.3615,2.1523,3.1606,0.60933,2.0258,2.9979,0.49909,2.4321,2.6138,1.6717,2.349,4.2046,2.2912,2.6442,4.7848,0.57973,2.0301,2.9693,1.6175,1.7216,3.3554,0.70713,3.0514,2.5709,0.63137,2.5572,2.6071,3.0522,2.7409,6.0697,6.2448,2.9065,2.6647,4.727,2.9415,0.42148,2.2808,2.3127,3.6242,1.1295,3.0327,3.9677,1.3032,2.3622,3.4468,0.99564,3.0603,3.8336,2.3646,2.2308,3.7427,1.1793,1.7529,3.6889,2.4271,2.3605,4.5836,2.506,2.6714,4.055,1.3564,2.6776,4.4141,1.8847,1.837,3.8448,1.1827,2.7019,3.691,2.3617,2.4477,4.9217,1.5091,2.5579,3.3397,2.1632,2.2271,4.1204,0.78499,1.9473,3.3466,2.2991,2.3978,3.663,2.2474,2.3903,3.6033,2.2682,1.9848,4.9957,2.594,2.2715,4.7883,2.3482,2.2689,3.7699,1.3991,1.6193,3.8676,2.2347,2.6423,4.7164,1.896,1.8751,3.8432,0.77998,2.1246,4.0805,1.5845,1.775,4.2372,2.3169,2.6653,4.8179,1.4558,2.3678,3.2713,6.0115,2.9087,2.3282,1.843,1.7915,3.5473,1.8783,2.8963,4.1572,2.0803,1.9899,4.8492,1.1734,2.5866,4.3464,1.9579,2.1877,4.8697,1.6127,1.7005,3.9574,1.618,2.0363,3.3633,1.0829,2.6808,3.607,0.9937,2.7724,3.8603,1.4779,2.4722,3.9157,1.1402,2.7189,3.6251,1.787,1.6687,4.078,0.93093,2.4608,2.8081,1.9654,2.118,4.4545,0.25315,2.7341,3.0051,1.0577,1.9465,4.2722,0.99818,2.2931,3.1125,1.6819,2.3972,4.6146,0.9736,2.0471,2.8892,0.72329,1.9797,2.7449,1.5897,1.6939,3.9633,0.93629,2.448,2.8473,1.3352,1.5777,3.8534,2.7505,2.563,4.6284,1.0874,2.2046,3.5763,1.1756,2.7031,3.6885,1.9845,1.9873,4.5226,1.0386,1.9431,4.2701,1.8787,1.6469,3.4728,1.6695,2.5231,4.0072,2.1652,2.5162,4.921,2.1067,2.4183,3.6262,1.3834,3.0234,3.6035,1.4685,1.4819,4.195,0.63557,2.9823,3.6595,1.6282,1.6769,4.2106,0.7386,1.9916,2.7459,0.70729,2.2042,3.9714,2.6565,2.5841,4.5496,2.0309,2.1036,3.4059,1.4317,2.8001,3.5743,1.072,2.2835,3.568,2.5589,2.0493,4.5367,1.4668,1.7226,4.4299,1.5265,2.5621,3.5641,2.0604,2.3569,4.1035,2.6593,2.3226,4.9497,0.50544,2.5359,3.0229
1833.3,0.067708,153.16,3.2288,0.20432,599.03,1.4516,1.8099,4.1057,1.3047,2.2522,4.2674,1.1786,1.9591,4.2303,2.4561,2.6134,4.3059,0.847,2.0339,4.2948,1.5045,2.5525,3.8841,3.1409,2.8265,5.9924,1.1561,1.9677,4.2491,1.7159,1.6381,4.2206,1.3213,2.2412,4.3317,0.8244,2.0793,4.2212,3.0259,2.8249,4.5695,5.515,2.6681,1.2738,1.312,2.7096,3.6865,0.91347,2.1628,3.0261,2.5333,2.1304,4.5625,1.4425,1.6375,3.9207,0.6712,2.6313,3.8034,2.0315,1.7637,3.5305,1.0911,2.3827,3.1913,0.12341,2.3099,3.3466,1.7549,1.6694,3.4137,1.9365,2.7205,4.236,1.785,1.6965,3.4288,1.4704,1.6152,3.9465,0.4018,2.1838,3.1482,2.1095,2.4238,4.4641,1.4661,1.7091,3.2104,0.79757,1.9262,2.7172,3.0599,2.8432,5.9126,2.0334,1.7966,3.5319,1.0335,2.7484,2.9305,1.8256,2.5917,4.0502,0.64424,1.9169,2.7629,1.0382,2.407,3.1035,1.8946,1.901,4.5314,1.6751,1.6451,3.8985,0.53774,2.1758,3.8205,1.1914,2.554,3.7594,0.91729,2.1561,3.1805,2.6905,2.3721,4.4647,2.1536,2.2492,4.7903,1.4998,1.6832,3.9584,1.8978,1.9425,4.5401,1.521,2.2326,3.2569,0.75857,2.2052,3.0807,2.4859,2.4196,4.4363,1.9615,2.5846,4.836,1.8752,2.6111,4.777,2.6651,2.3785,4.4935,1.3006,2.5445,3.8964,1.7526,2.2519,4.3815,2.0707,2.9924,3.9869,0.60634,2.4711,2.5755,1.4714,2.1155,4.5939,2.0943,2.9904,4.0061,0.29741,2.4082,3.33,1.6504,1.5888,4.0641,0.69641,2.0998,3.0469,2.2332,2.285,4.6603,0.67873,2.5273,3.1086,0.93467,2.1653,3.1862,0.12155,2.8855,1.9363,2.0618,2.0637,4.6973,2.6669,2.3895,4.4845,2.5678,2.2763,5.1099,1.9436,2.6212,4.2543,1.0988,1.7646,4.0126,4.6358,2.8653,0.51511,0.86606,2.1664,3.0247,1.3391,2.0673,4.3432,1.0522,2.1338,3.4763,2.1367,2.6794,4.391,1.7272,1.5745,4.1284,1.2403,2.5012,3.1258,0.80662,2.463,3.7405,2.1007,1.8583,3.6548,1.5395,2.4817,3.4165,1.5843,2.5685,3.5837,1.5946,1.6121,4.2482,1.8966,2.6572,4.3491,1.9833,2.6674,4.4378,3.4773,2.7352,6.2191,1.7581,1.5505,4.112,1.7711,1.9945,3.4513,2.0151,2.9194,4.8144,1.2217,2.5278,3.1643,2.5999,2.4503,4.9234,1.0616,2.6238,4.0564,1.5491,2.4567,3.4284,1.0804,1.8187,4.0736,1.6676,1.5648,4.0621,1.7512,1.9931,3.4337,0.18322,2.9101,3.2457,2.9781,2.2707,4.6694,1.3093,1.9487,4.2207,1.3065,2.611,3.4509,1.3849,2.4411,3.322,1.8624,1.8998,3.6653,1.93,2.4652,4.0366,1.0353,2.2974,3.1605,2.5339,2.0123,5.1283,1.263,2.6476,3.3943,1.3583,2.461,3.297,0.30391,2.9304,3.3456,0.65469,1.8695,2.7861,1.6482,1.9583,4.491,1.4721,1.7803,4.1611,5.3671,2.8883,1.7066,0.81671,2.1149,2.8281,1.0354,2.6526,4.0335,2.2667,2.5096,3.6464,2.5345,2.3865,4.8439,2.9523,2.661,4.6432,2.1393,2.4921,4.5061,2.3507,2.124,4.2592,0.76571,2.0786,3.2783,0.51155,2.4233,3.0717,0.60802,2.144,3.714,2.3604,2.4149,4.471,0.94401,2.431,3.0108,1.236,1.5768,4.2712,1.6663,2.0223,3.4534,6.1135,2.6759,1.8455,3.4256,2.9129,0.15305,0.83978,2.3636,3.0425,1.6492,1.624,4.0613,1.5118,1.916,3.1657,0.78787,2.4178,2.9418,2.1623,2.3223,4.8655,1.2024,2.562,3.1185,1.053,1.9895,3.4893,0.41966,1.992,3.3066,1.7239,1.999,3.427,2.4388,2.1058,4.2557,2.2018,2.1658,5.0053,1.2652,1.6708,3.8568,0.70776,1.9879,2.7718,2.2053,2.2018,5.0139,2.3869,2.2379,4.5854,1.5847,2.4198,3.9736,4.4042,2.9189,0.30043,1.957,2.4345,4.0208,0.80166,1.953,4.1221,1.2905,2.6505,4.289,3.7382,2.7923,0.074661,1.5619,1.6448,3.3137,0.23549,2.293,3.2718,5.2452,2.8992,1.1611,0.62182,2.7296,3.3399,1.3306,2.5237,3.0322,2.1832,2.0986,4.9155,1.5138,2.0426,4.4202,1.5241,1.6386,3.3301,1.4675,2.9219,3.4019,0.58861,2.4234,2.9101,0.86497,2.4282,2.9986,0.22136,2.603,3.3126,1.6678,2.3409,4.2015,0.60391,2.4199,2.8398,1.0061,2.2679,3.5896,1.3863,1.7899,4.2626,0.31257,2.3192,3.3751,1.517,1.6031,3.3024,0.56062,2.4249,2.8863,3.1495,2.8532,6.1083,1.9395,2.5638,4.0179,2.033,2.1962,4.628,2.4187,2.7477,5.0483,1.8907,1.8845,3.852,1.3132,1.7131,3.7247,2.1854,2.1294,4.9467,1.3925,2.5951,3.9856,0.72965,3.0905,2.5479,4.77,2.9004,0.48595,1.2774,2.6966,4.3269,1.9389,1.9231,3.9372,1.3053,2.6561,2.9315,0.55692,2.7185,3.1939,1.0432,2.8785,4.2291,0.69072,2.5646,2.6491,0.67085,2.0443,2.9025,0.58811,2.4095,3.4058,1.5902,2.1627,4.278,1.4428,2.7223,4.5043,0.53751,2.0062,2.9761,1.9942,1.8265,3.7996,1.1902,1.8076,3.6959,2.2511,2.6474,4.6911,1.3624,1.5767,4.0902,1.36,2.1517,3.1599,0.60815,2.0289,2.9934,0.49967,2.4316,2.6149,1.6749,2.3534,4.2083,2.2857,2.6404,4.7776,0.57745,2.0329,2.9638,1.6207,1.7209,3.357,0.71422,3.0522,2.576,0.63299,2.5594,2.6067,3.0597,2.74,6.0785,6.2557,2.9082,2.6742,4.7296,2.9403,0.42317,2.2786,2.3082,3.618,1.13,3.031,3.9706,1.297,2.3653,3.4418,0.99681,3.0599,3.837,2.3645,2.2305,3.74,1.1781,1.7476,3.692,2.4274,2.3615,4.5848,2.503,2.6732,4.057,1.3605,2.6777,4.4174,1.8845,1.8304,3.8426,1.1847,2.6977,3.6921,2.3591,2.4462,4.9148,1.5045,2.5558,3.3415,2.1632,2.2295,4.1219,0.78432,1.9499,3.3449,2.2974,2.3971,3.6586,2.2436,2.3889,3.5968,2.2715,1.9875,4.9984,2.5919,2.2704,4.788,2.3475,2.2709,3.7686,1.3999,1.62,3.8692,2.2278,2.6383,4.7074,1.8965,1.8706,3.8404,0.78028,2.1237,4.0857,1.5838,1.7721,4.236,2.3113,2.6624,4.811,1.4561,2.3674,3.2715,6.0169,2.9099,2.3355,1.8427,1.7912,3.55,1.8762,2.8903,4.153,2.0831,1.9913,4.8519,1.1765,2.587,4.3495,1.9611,2.1894,4.8696,1.6129,1.6969,3.9571,1.6189,2.0377,3.3623,1.0843,2.6778,3.6073,0.99632,2.7702,3.8612,1.482,2.4745,3.9194,1.1409,2.7158,3.6239,1.7844,1.6637,4.0776,0.9319,2.4611,2.8096,1.9684,2.1205,4.458,0.26172,2.7304,3.0126,1.0565,1.9457,4.2726,0.99945,2.2918,3.1161,1.6847,2.3974,4.6167,0.97299,2.0459,2.8906,0.72271,1.9787,2.7454,1.5889,1.6898,3.9633,0.93672,2.4476,2.8501,1.3328,1.5768,3.8542,2.7502,2.5618,4.629,1.087,2.2085,3.5732,1.1776,2.6989,3.6898,1.985,1.9876,4.5246,1.0369,1.9419,4.2709,1.88,1.6468,3.474,1.6698,2.5245,4.0075,2.1679,2.5147,4.9212,2.1049,2.4204,3.6227,1.3927,3.0205,3.6125,1.4694,1.483,4.1935,0.63381,2.9816,3.6589,1.6291,1.6736,4.2097,0.73846,1.9911,2.7462,0.7078,2.2049,3.9721,2.6553,2.5834,4.5508,2.0327,2.1024,3.4047,1.4334,2.7946,3.576,1.071,2.2873,3.5646,2.5605,2.0518,4.5404,1.4661,1.7224,4.4302,1.5235,2.5612,3.5638,2.0605,2.3597,4.1052,2.6578,2.321,4.9476,0.50785,2.5364,3.0255
1833.3,0.067708,153.16,3.2288,0.2132,605.23,1.4488,1.8083,4.1029,1.3068,2.2535,4.2701,1.1766,1.9574,4.2302,2.4555,2.6117,4.3072,0.84624,2.0333,4.2973,1.5036,2.555,3.8835,3.1475,2.8252,6.0005,1.1533,1.9662,4.25,1.7146,1.6347,4.2191,1.3228,2.2417,4.3361,0.82331,2.0799,4.2217,3.0305,2.8243,4.5718,5.5098,2.6634,1.2691,1.3129,2.7057,3.6869,0.91182,2.1632,3.0264,2.5357,2.1337,4.5678,1.441,1.6357,3.9216,0.67149,2.6336,3.7996,2.0326,1.7636,3.5328,1.0894,2.3813,3.194,0.11627,2.3104,3.3366,1.7534,1.6686,3.4147,1.9314,2.7162,4.2308,1.785,1.6971,3.4305,1.4704,1.6134,3.9476,0.40248,2.1854,3.1465,2.1119,2.4256,4.4663,1.4657,1.7109,3.2108,0.79665,1.9271,2.7163,3.0632,2.8433,5.9178,2.0353,1.798,3.5345,1.0347,2.7504,2.932,1.8266,2.5923,4.0528,0.64492,1.9183,2.7623,1.0358,2.4055,3.1047,1.8945,1.9003,4.533,1.6748,1.6438,3.8989,0.53991,2.174,3.8248,1.1917,2.5571,3.759,0.91374,2.1591,3.1774,2.6961,2.3745,4.4708,2.1576,2.2524,4.7947,1.5009,1.6836,3.9603,1.8988,1.9438,4.5422,1.523,2.2348,3.2564,0.75552,2.2097,3.0772,2.4897,2.4214,4.4422,1.962,2.585,4.833,1.8733,2.612,4.7733,2.6713,2.3816,4.5038,1.3006,2.5469,3.8939,1.756,2.2529,4.3855,2.0713,2.9896,3.9865,0.60875,2.4716,2.5777,1.4671,2.1187,4.5922,2.0964,2.987,4.0071,0.29354,2.4091,3.3263,1.65,1.5875,4.0632,0.69569,2.1021,3.0452,2.2325,2.2861,4.6598,0.67877,2.5236,3.1124,0.93191,2.1681,3.1838,0.1205,2.8849,1.9341,2.0655,2.0668,4.7014,2.6722,2.3924,4.4935,2.5642,2.2737,5.1071,1.9406,2.6148,4.2514,1.0994,1.7603,4.0158,4.6356,2.8607,0.51547,0.86558,2.1683,3.0244,1.3406,2.0664,4.346,1.0513,2.1362,3.4747,2.1312,2.6764,4.3851,1.7286,1.573,4.1271,1.2438,2.4996,3.1273,0.8089,2.465,3.7389,2.1028,1.8558,3.652,1.5371,2.4831,3.4146,1.5816,2.5699,3.5836,1.5917,1.6108,4.2481,1.892,2.6508,4.343,1.9815,2.6621,4.4349,3.4839,2.7329,6.2247,1.761,1.5481,4.1096,1.7742,1.994,3.4515,2.0116,2.9189,4.8111,1.2241,2.5272,3.1671,2.5984,2.4504,4.9204,1.0629,2.6246,4.0556,1.547,2.4578,3.427,1.0762,1.8185,4.0735,1.6682,1.5631,4.0612,1.7534,1.9923,3.4332,0.17903,2.9085,3.2418,2.9822,2.269,4.6727,1.3092,1.9482,4.2216,1.3075,2.609,3.455,1.3816,2.441,3.3212,1.8636,1.8959,3.6632,1.9295,2.4698,4.0391,1.0325,2.2979,3.1593,2.5334,2.0112,5.1274,1.264,2.6466,3.3983,1.3537,2.4612,3.2952,0.3058,2.9294,3.3475,0.65367,1.8713,2.7815,1.6452,1.956,4.4925,1.4725,1.7774,4.1626,5.3595,2.8877,1.7003,0.81666,2.1147,2.8301,1.0353,2.6547,4.0317,2.2731,2.508,3.6484,2.5315,2.3841,4.8386,2.9595,2.6583,4.6484,2.1389,2.4911,4.5055,2.3507,2.1253,4.2626,0.76448,2.0823,3.274,0.51846,2.4213,3.0788,0.60812,2.1439,3.714,2.3592,2.4125,4.4724,0.95211,2.4292,3.0174,1.235,1.577,4.2696,1.6642,2.0224,3.453,6.1048,2.6745,1.836,3.431,2.9115,0.15919,0.84013,2.3605,3.0465,1.6487,1.6231,4.0603,1.5125,1.9178,3.1651,0.78869,2.4159,2.9446,2.1625,2.3208,4.8618,1.2045,2.5625,3.1198,1.055,1.9904,3.4887,0.41377,1.9926,3.3096,1.7248,1.998,3.4259,2.4418,2.1071,4.2589,2.2033,2.166,5.0056,1.2634,1.6677,3.8584,0.7087,1.988,2.7727,2.2072,2.2027,5.014,2.3898,2.2397,4.5902,1.5856,2.4246,3.974,4.4105,2.9145,0.30556,1.9571,2.4392,4.0223,0.80023,1.9525,4.122,1.2958,2.6538,4.2923,3.7463,2.7895,0.028786,1.5634,1.6463,3.3152,0.23218,2.2926,3.2665,5.2475,2.8949,1.1626,0.62295,2.7272,3.3418,1.3326,2.5246,3.0337,2.1858,2.0968,4.914,1.5147,2.0394,4.4232,1.5241,1.6387,3.332,1.4707,2.9219,3.4026,0.59415,2.4221,2.9182,0.8634,2.4268,2.9997,0.22065,2.6024,3.3105,1.6704,2.3439,4.2052,0.60935,2.419,2.8447,1.0032,2.2726,3.5855,1.3859,1.7889,4.2607,0.31226,2.3198,3.374,1.5166,1.602,3.3034,0.56501,2.424,2.893,3.1562,2.8522,6.1168,1.9371,2.5633,4.0174,2.0358,2.1967,4.6296,2.4098,2.7457,5.0384,1.8906,1.8798,3.8497,1.3139,1.7091,3.7263,2.1873,2.1285,4.9454,1.3923,2.5933,3.985,0.70653,3.0909,2.524,4.7711,2.8961,0.48736,1.2788,2.6969,4.3273,1.9405,1.9212,3.9394,1.308,2.6572,2.9345,0.56211,2.7162,3.2009,1.0478,2.8773,4.2332,0.69455,2.5667,2.6508,0.67016,2.0477,2.9002,0.59114,2.4096,3.4062,1.5916,2.1614,4.28,1.4499,2.7232,4.5112,0.53411,2.0084,2.9704,1.9947,1.8237,3.7993,1.1899,1.8053,3.6983,2.2464,2.6445,4.6832,1.3615,1.578,4.0861,1.3585,2.1511,3.1593,0.60699,2.0319,2.9889,0.50022,2.4312,2.6159,1.6782,2.3576,4.212,2.2804,2.6368,4.7707,0.57526,2.0356,2.9586,1.6238,1.7202,3.3586,0.72104,3.0528,2.581,0.6345,2.5615,2.6062,3.0672,2.7391,6.0872,6.2566,2.9097,2.6838,4.7321,2.9392,0.42489,2.2766,2.3036,3.6118,1.1301,3.0294,3.9729,1.2909,2.3682,3.437,0.99696,3.0595,3.8394,2.3645,2.2304,3.7375,1.1767,1.7423,3.6949,2.4277,2.3626,4.5859,2.4999,2.675,4.059,1.3646,2.6777,4.4207,1.8844,1.8238,3.8405,1.1866,2.6935,3.6931,2.3567,2.4448,4.9081,1.4998,2.5537,3.3433,2.1633,2.2319,4.1237,0.7836,1.9525,3.3431,2.2956,2.3965,3.6543,2.2399,2.3875,3.5903,2.2747,1.99,5.0008,2.5896,2.2694,4.7877,2.3468,2.2728,3.7672,1.4005,1.6206,3.8708,2.2213,2.6344,4.6986,1.897,1.866,3.8376,0.7806,2.1228,4.0909,1.5831,1.7691,4.2347,2.3058,2.6595,4.8041,1.4565,2.3671,3.2716,6.0225,2.9111,2.3428,1.8426,1.7909,3.5527,1.8742,2.8845,4.1492,2.0859,1.9926,4.8546,1.1795,2.5873,4.3524,1.9642,2.191,4.8694,1.613,1.6933,3.9568,1.62,2.0392,3.3613,1.0857,2.675,3.6076,0.99884,2.7679,3.862,1.486,2.4767,3.9228,1.1417,2.7128,3.6226,1.7818,1.6589,4.0771,0.93287,2.4615,2.8111,1.9714,2.123,4.4613,0.27022,2.7267,3.02,1.0553,1.9449,4.2729,1.0006,2.2908,3.1194,1.6876,2.3975,4.6187,0.97236,2.0446,2.892,0.72215,1.9777,2.7458,1.588,1.6861,3.9633,0.93708,2.4473,2.8529,1.3303,1.5759,3.8551,2.75,2.5606,4.6296,1.0866,2.2123,3.5702,1.1796,2.6948,3.6909,1.9855,1.9878,4.5266,1.0353,1.9406,4.2715,1.8811,1.6467,3.4751,1.67,2.526,4.0079,2.1706,2.5132,4.9216,2.1031,2.4224,3.6191,1.4018,3.0176,3.6215,1.4703,1.484,4.192,0.63192,2.9809,3.6581,1.63,1.6705,4.2088,0.73832,1.9906,2.7464,0.70826,2.2058,3.9729,2.654,2.5827,4.552,2.0346,2.1011,3.4036,1.435,2.7893,3.5775,1.07,2.291,3.5614,2.5623,2.0543,4.5441,1.4652,1.7221,4.4303,1.5206,2.5603,3.5635,2.0606,2.3626,4.1068,2.6563,2.3194,4.9456,0.51023,2.5368,3.0283
1833.3,0.067708,153.16,3.2288,0.22209,610.45,1.4461,1.8067,4.1002,1.3089,2.2548,4.2728,1.1748,1.9557,4.2301,2.455,2.61,4.3086,0.84546,2.0328,4.2997,1.5028,2.5574,3.8828,3.1542,2.8239,6.0084,1.1506,1.9646,4.2509,1.7134,1.6312,4.2176,1.3243,2.2422,4.3405,0.82225,2.0805,4.2223,3.0348,2.8236,4.5739,5.5048,2.6587,1.2647,1.3137,2.7019,3.6871,0.91017,2.1635,3.0267,2.5381,2.1372,4.573,1.4397,1.6341,3.9224,0.67177,2.6358,3.7956,2.0338,1.7634,3.535,1.0875,2.38,3.1964,0.10917,2.3109,3.3265,1.7519,1.6679,3.4159,1.9265,2.7119,4.2258,1.785,1.6978,3.4322,1.4705,1.6117,3.9486,0.40317,2.1868,3.1448,2.1142,2.4273,4.4684,1.4653,1.7126,3.2112,0.79578,1.9279,2.7156,3.0667,2.8434,5.9232,2.0373,1.7994,3.5373,1.0359,2.7528,2.9333,1.8278,2.5931,4.0555,0.64559,1.9195,2.7617,1.0334,2.4041,3.1057,1.8943,1.8997,4.5347,1.6746,1.6425,3.8992,0.54218,2.1724,3.8294,1.1919,2.5598,3.7588,0.91016,2.1619,3.1742,2.7018,2.3767,4.4769,2.162,2.2559,4.7993,1.5021,1.6839,3.962,1.8999,1.945,4.5443,1.525,2.237,3.2557,0.75248,2.214,3.0738,2.4936,2.4231,4.4482,1.9626,2.5854,4.8298,1.8716,2.6129,4.7695,2.6774,2.3847,4.5142,1.3004,2.5493,3.8913,1.7596,2.254,4.3897,2.0718,2.9869,3.9863,0.6109,2.472,2.5795,1.4626,2.1219,4.5904,2.0985,2.9834,4.0082,0.2895,2.4098,3.3225,1.6496,1.5863,4.0624,0.695,2.1041,3.0437,2.2317,2.2871,4.6592,0.67857,2.5198,3.1162,0.92906,2.1705,3.1817,0.11944,2.8842,1.932,2.0692,2.0696,4.7053,2.6774,2.3951,4.5021,2.5606,2.2711,5.1046,1.9379,2.6087,4.2489,1.1001,1.7558,4.0191,4.6349,2.8566,0.5156,0.86525,2.17,3.0245,1.342,2.0655,4.3486,1.0504,2.1384,3.4731,2.1258,2.6734,4.3793,1.7299,1.5714,4.1259,1.2473,2.498,3.1285,0.81114,2.4669,3.7372,2.1049,1.8534,3.6493,1.5349,2.4843,3.4129,1.579,2.5711,3.5835,1.5883,1.6097,4.2482,1.8877,2.6445,4.3373,1.9801,2.657,4.4324,3.4904,2.7306,6.2303,1.7637,1.5456,4.1074,1.7774,1.9935,3.4517,2.0083,2.9186,4.808,1.2263,2.5265,3.1697,2.5971,2.4506,4.9175,1.0641,2.6254,4.0549,1.5449,2.459,3.4256,1.072,1.8181,4.0737,1.6688,1.5615,4.0602,1.7555,1.9916,3.4326,0.17468,2.9071,3.2377,2.9862,2.2674,4.676,1.309,1.9477,4.2225,1.3087,2.6072,3.4592,1.3781,2.4409,3.3205,1.8648,1.8919,3.6613,1.9288,2.4745,4.0415,1.0297,2.2984,3.1582,2.533,2.0102,5.1266,1.2651,2.6456,3.4025,1.3492,2.4614,3.2935,0.3077,2.9283,3.3495,0.65267,1.873,2.777,1.6424,1.9539,4.494,1.4727,1.7747,4.1641,5.3521,2.887,1.6941,0.81664,2.1146,2.832,1.0351,2.6566,4.0299,2.2794,2.5064,3.6506,2.5288,2.3818,4.8333,2.9667,2.6556,4.6537,2.1385,2.4903,4.5048,2.3505,2.1265,4.2661,0.76314,2.086,3.2696,0.52523,2.4193,3.0857,0.60815,2.1438,3.714,2.3583,2.4103,4.4738,0.96013,2.4275,3.024,1.2339,1.5772,4.2678,1.662,2.0226,3.4527,6.0961,2.6731,1.8264,3.4359,2.9101,0.16474,0.84018,2.3575,3.0503,1.6483,1.6221,4.0593,1.5132,1.9195,3.1645,0.78946,2.4141,2.9472,2.1627,2.3193,4.8581,1.2066,2.5631,3.121,1.0568,1.9911,3.4882,0.40804,1.9933,3.3122,1.7254,1.997,3.4248,2.4446,2.1083,4.2621,2.2046,2.1662,5.0057,1.2616,1.6646,3.86,0.70963,1.9881,2.7736,2.2088,2.2036,5.014,2.3925,2.2414,4.595,1.5864,2.4294,3.9743,4.4166,2.9099,0.31066,1.9574,2.4439,4.0238,0.79883,1.9521,4.1219,1.301,2.6571,4.2959,3.7543,2.7868,0.041797,1.565,1.6479,3.3167,0.22894,2.2922,3.2613,5.2497,2.8906,1.1641,0.62383,2.7249,3.3435,1.3344,2.5253,3.0349,2.1884,2.0951,4.9126,1.5155,2.0362,4.4261,1.524,1.639,3.3339,1.474,2.9219,3.4033,0.59958,2.4208,2.9261,0.86182,2.4256,3.0008,0.21986,2.6018,3.3084,1.6729,2.3467,4.2089,0.61461,2.4182,2.8494,1.0001,2.2773,3.5812,1.3857,1.7881,4.2589,0.31191,2.3204,3.3731,1.5161,1.6009,3.3043,0.56927,2.4233,2.8997,3.1629,2.8511,6.1253,1.9349,2.5633,4.0171,2.0385,2.1971,4.6312,2.4013,2.7437,5.0287,1.8904,1.8751,3.8477,1.3146,1.7051,3.7278,2.1891,2.1275,4.9442,1.3921,2.5916,3.9845,0.68276,3.0913,2.4994,4.7717,2.8918,0.48841,1.2802,2.6972,4.3277,1.9419,1.9193,3.9415,1.3105,2.6583,2.9374,0.56691,2.714,3.2074,1.0522,2.8761,4.2373,0.69815,2.5687,2.6523,0.6695,2.051,2.8981,0.59472,2.4098,3.4071,1.593,2.1602,4.2818,1.4568,2.724,4.518,0.53086,2.0105,2.9648,1.9949,1.8211,3.7991,1.1895,1.8032,3.7007,2.242,2.6417,4.6757,1.3608,1.5791,4.082,1.3569,2.1505,3.1587,0.60586,2.0349,2.9847,0.50073,2.4308,2.6168,1.6816,2.3618,4.2157,2.2754,2.6331,4.764,0.57315,2.0382,2.9534,1.6267,1.7194,3.3601,0.72706,3.0536,2.5853,0.63589,2.5637,2.6056,3.0747,2.738,6.0957,0.042814,2.9113,2.6937,4.7345,2.9384,0.42654,2.2747,2.2989,3.6056,1.1295,3.028,3.9747,1.285,2.3705,3.4323,0.99403,3.0592,3.8389,2.3646,2.2302,3.7351,1.1754,1.7369,3.698,2.4279,2.3636,4.5871,2.4969,2.6767,4.0611,1.3686,2.6778,4.424,1.8842,1.8172,3.8385,1.1884,2.6894,3.694,2.3544,2.4434,4.9014,1.4952,2.5516,3.345,2.1634,2.2343,4.1253,0.78285,1.9551,3.3414,2.2941,2.3958,3.65,2.2362,2.3861,3.5839,2.278,1.9922,5.003,2.5875,2.2682,4.7873,2.3462,2.2748,3.7659,1.4012,1.621,3.8723,2.2151,2.6305,4.6904,1.8976,1.8613,3.8349,0.78093,2.1219,4.096,1.5824,1.7663,4.2335,2.3005,2.6566,4.7974,1.4569,2.3668,3.2717,6.028,2.9122,2.3502,1.8424,1.7906,3.5553,1.8725,2.8787,4.1455,2.0885,1.9938,4.8569,1.1826,2.5877,4.3553,1.9673,2.1926,4.8692,1.6132,1.6899,3.9565,1.621,2.0406,3.3603,1.0869,2.6723,3.6078,1.0012,2.7658,3.8626,1.49,2.4787,3.9265,1.1424,2.7099,3.6214,1.7793,1.6541,4.0768,0.93385,2.4618,2.8125,1.9744,2.1254,4.4647,0.2786,2.7228,3.0272,1.0542,1.9441,4.2732,1.0018,2.2897,3.1227,1.6905,2.3977,4.6208,0.97171,2.0434,2.8933,0.72161,1.9767,2.7462,1.5872,1.6824,3.9633,0.93742,2.447,2.8556,1.328,1.575,3.8559,2.7498,2.5594,4.6303,1.0861,2.2161,3.5672,1.1813,2.6908,3.6921,1.9861,1.9881,4.5284,1.0337,1.9394,4.2721,1.8822,1.6466,3.4763,1.6703,2.5273,4.0081,2.1732,2.5118,4.9218,2.1014,2.4244,3.6157,1.4108,3.0146,3.6303,1.4711,1.4851,4.1905,0.62987,2.9802,3.6572,1.6309,1.6674,4.2079,0.7382,1.99,2.7467,0.70869,2.2066,3.9735,2.6528,2.582,4.5532,2.0363,2.0999,3.4026,1.4366,2.7841,3.5791,1.069,2.2947,3.5581,2.564,2.0568,4.5478,1.4645,1.7219,4.4306,1.5178,2.5595,3.5632,2.0607,2.3652,4.1084,2.6549,2.318,4.9436,0.51255,2.5373,3.0309
1833.3,0.067708,153.16,3.2288,0.23097,616.35,1.4436,1.8052,4.0975,1.311,2.2561,4.2756,1.1729,1.9539,4.23,2.4546,2.6084,4.31,0.84469,2.0323,4.302,1.502,2.5598,3.8822,3.1609,2.8225,6.0165,1.1478,1.9631,4.2517,1.7123,1.6278,4.2161,1.3258,2.2427,4.3448,0.82123,2.0811,4.2229,3.039,2.8228,4.5759,5.5001,2.6542,1.2606,1.3144,2.6985,3.6871,0.90853,2.1639,3.0269,2.5405,2.1406,4.5782,1.4383,1.6326,3.9233,0.67204,2.6381,3.7917,2.0349,1.7634,3.5373,1.0855,2.3787,3.1986,0.10213,2.3113,3.3165,1.7503,1.667,3.4169,1.9221,2.7078,4.221,1.785,1.6984,3.4339,1.4705,1.6102,3.9496,0.40387,2.1882,3.1432,2.1166,2.429,4.4703,1.4649,1.7144,3.2116,0.79495,1.9285,2.715,3.0702,2.8435,5.9286,2.0396,1.8009,3.5402,1.0373,2.7552,2.9344,1.8291,2.5937,4.0583,0.64627,1.9207,2.7611,1.031,2.4027,3.1066,1.8942,1.8991,4.5363,1.6742,1.6413,3.8996,0.54454,2.1707,3.8339,1.1923,2.5625,3.7586,0.90663,2.1646,3.171,2.7072,2.3789,4.4827,2.1664,2.2592,4.804,1.5031,1.6841,3.9638,1.901,1.9463,4.5463,1.527,2.2393,3.2551,0.74951,2.2182,3.0706,2.4975,2.4249,4.4543,1.9632,2.5859,4.8267,1.87,2.6139,4.7658,2.6835,2.3877,4.5244,1.3002,2.5516,3.8885,1.7633,2.255,4.3937,2.0723,2.9844,3.9859,0.61282,2.4725,2.5812,1.4579,2.1252,4.5884,2.1006,2.9799,4.0092,0.28565,2.4107,3.3189,1.6492,1.5851,4.0615,0.69434,2.1061,3.0423,2.2308,2.288,4.6585,0.67814,2.516,3.1199,0.92632,2.1727,3.1799,0.11841,2.8834,1.93,2.0729,2.0723,4.7091,2.6822,2.3975,4.5104,2.5573,2.2684,5.1022,1.9355,2.603,4.2466,1.1007,1.7513,4.0223,4.6339,2.8528,0.51551,0.86505,2.1717,3.0248,1.3434,2.0646,4.3511,1.0494,2.1407,3.4713,2.1207,2.6705,4.3737,1.7313,1.5698,4.1247,1.2507,2.4965,3.1298,0.81337,2.4689,3.7355,2.107,1.8511,3.6468,1.5327,2.4856,3.4111,1.5766,2.5724,3.5836,1.585,1.6089,4.2482,1.8839,2.6385,4.332,1.9789,2.6519,4.4302,3.497,2.7282,6.236,1.7666,1.5432,4.1051,1.7804,1.993,3.4519,2.0052,2.9182,4.8053,1.2286,2.526,3.1722,2.5958,2.4507,4.9145,1.0652,2.6262,4.0541,1.5427,2.4601,3.4242,1.068,1.8177,4.0739,1.6694,1.56,4.0592,1.7576,1.9909,3.432,0.17029,2.9056,3.2335,2.9901,2.2656,4.6791,1.3088,1.9472,4.2234,1.3098,2.6054,3.4634,1.3747,2.4408,3.3197,1.8659,1.8879,3.6594,1.9283,2.4789,4.044,1.0269,2.2989,3.1571,2.5324,2.0092,5.1257,1.2661,2.6446,3.4065,1.3448,2.4616,3.2919,0.30967,2.9272,3.3515,0.65171,1.8746,2.7727,1.6395,1.952,4.4954,1.4731,1.772,4.1656,5.3448,2.8864,1.6879,0.81663,2.1145,2.834,1.0347,2.6586,4.0281,2.2855,2.5046,3.6528,2.5262,2.3795,4.8281,2.9738,2.6528,4.6589,2.1382,2.4894,4.5042,2.3504,2.1278,4.2696,0.76173,2.0896,3.2652,0.53183,2.4174,3.0924,0.60818,2.1437,3.7139,2.3574,2.4083,4.4752,0.96798,2.4259,3.0304,1.2329,1.5775,4.266,1.6599,2.0227,3.4523,6.0875,2.6716,1.8169,3.4404,2.9086,0.16986,0.83997,2.3548,3.0536,1.6478,1.6211,4.0584,1.5139,1.9211,3.1639,0.79014,2.4122,2.9497,2.1631,2.3178,4.8544,1.2086,2.5637,3.1222,1.0586,1.9919,3.4878,0.40256,1.9941,3.3151,1.726,1.996,3.4235,2.4475,2.1096,4.2652,2.2059,2.1663,5.0058,1.2597,1.6617,3.8614,0.71054,1.9881,2.7745,2.2106,2.2044,5.014,2.3953,2.2432,4.5997,1.5871,2.4341,3.9747,4.4225,2.9055,0.31563,1.9575,2.4486,4.0253,0.79746,1.9517,4.1217,1.3063,2.6604,4.2993,3.762,2.784,0.046431,1.5665,1.6494,3.3182,0.2258,2.2918,3.2563,5.2518,2.8864,1.1657,0.62454,2.7225,3.3449,1.3362,2.5262,3.0362,2.191,2.0935,4.9113,1.5164,2.0329,4.429,1.524,1.6391,3.3358,1.4772,2.9219,3.4039,0.60486,2.4195,2.9338,0.86031,2.4244,3.002,0.21904,2.6012,3.3061,1.6754,2.3494,4.2126,0.61975,2.4174,2.8541,0.99687,2.2818,3.5769,1.3853,1.7871,4.2569,0.31157,2.3209,3.3721,1.5156,1.5998,3.3052,0.57346,2.4225,2.9063,3.1696,2.85,6.1336,1.9328,2.5633,4.0168,2.0412,2.1975,4.6328,2.3931,2.7417,5.0194,1.8901,1.8704,3.8457,1.3152,1.7013,3.7293,2.1909,2.1266,4.943,1.392,2.5901,3.984,0.65851,3.0918,2.4744,4.7719,2.8875,0.48923,1.2817,2.6975,4.3282,1.9434,1.9174,3.9438,1.313,2.6594,2.9403,0.57138,2.712,3.2135,1.0566,2.8748,4.2412,0.70159,2.5706,2.6537,0.6689,2.0542,2.8962,0.59831,2.41,3.4079,1.5944,2.1589,4.2838,1.4634,2.7248,4.5246,0.52777,2.0127,2.9594,1.9953,1.8186,3.799,1.1891,1.8009,3.703,2.2379,2.639,4.6687,1.36,1.5801,4.0781,1.3554,2.1499,3.1581,0.60477,2.0378,2.9805,0.50121,2.4304,2.6177,1.6849,2.366,4.2194,2.2706,2.6294,4.7576,0.57113,2.0406,2.9486,1.6294,1.7188,3.3615,0.73269,3.0544,2.5891,0.63716,2.5658,2.6049,3.082,2.737,6.1042,6.2768,2.9127,2.7039,4.7369,2.9378,0.4282,2.2729,2.2944,3.5994,1.1289,3.0266,3.9761,1.2793,2.3724,3.4279,0.99022,3.0591,3.8378,2.3646,2.2301,3.7327,1.174,1.7316,3.7012,2.4283,2.3646,4.5882,2.4939,2.6783,4.0631,1.3725,2.6778,4.4272,1.8841,1.8106,3.8367,1.1902,2.6852,3.6949,2.3522,2.442,4.8948,1.4905,2.5496,3.3468,2.1636,2.2367,4.127,0.78205,1.9577,3.3395,2.2926,2.3952,3.6457,2.2328,2.3847,3.5777,2.2809,1.9944,5.0049,2.5853,2.2671,4.7868,2.3456,2.2768,3.7648,1.4018,1.6213,3.8738,2.2093,2.6267,4.6824,1.8981,1.8568,3.8321,0.78126,2.1209,4.101,1.5818,1.7634,4.2322,2.2953,2.6537,4.7908,1.4573,2.3665,3.2718,6.0337,2.9133,2.3576,1.8423,1.7903,3.5578,1.8709,2.873,4.1419,2.091,1.9949,4.8592,1.1855,2.588,4.3581,1.9703,2.1941,4.869,1.6133,1.6866,3.9561,1.622,2.042,3.3593,1.0879,2.6698,3.6079,1.0035,2.7638,3.8631,1.4939,2.4806,3.93,1.143,2.7071,3.6201,1.7767,1.6497,4.0764,0.93482,2.4622,2.8139,1.9774,2.1278,4.4681,0.28689,2.719,3.0343,1.0529,1.9433,4.2736,1.0028,2.2888,3.1259,1.6934,2.3979,4.6228,0.97106,2.0423,2.8944,0.72109,1.9758,2.7466,1.5864,1.6788,3.9633,0.9377,2.4467,2.8581,1.3255,1.5741,3.8568,2.7497,2.5583,4.6311,1.0856,2.22,3.5641,1.1831,2.6869,3.6931,1.9866,1.9884,4.5303,1.0322,1.9382,4.2729,1.8835,1.6466,3.4774,1.6706,2.5286,4.0085,2.176,2.5104,4.9222,2.0997,2.4264,3.6123,1.4195,3.0117,3.6389,1.472,1.4861,4.1891,0.62771,2.9796,3.6561,1.6319,1.6642,4.207,0.73806,1.9895,2.747,0.70906,2.2075,3.9741,2.6517,2.5814,4.5545,2.0382,2.0986,3.4016,1.4381,2.779,3.5806,1.0679,2.2982,3.5548,2.5658,2.0593,4.5515,1.4638,1.7217,4.4307,1.5151,2.5586,3.5631,2.0608,2.368,4.11,2.6536,2.3165,4.9417,0.51485,2.5378,3.0335
1833.3,0.067708,153.16,3.2288,0.23985,621.32,1.441,1.8037,4.0947,1.3133,2.2575,4.2785,1.1711,1.9522,4.2299,2.4544,2.6068,4.3116,0.84391,2.0319,4.3042,1.501,2.5622,3.8814,3.1678,2.821,6.0246,1.1451,1.9616,4.2526,1.7111,1.6243,4.2146,1.3273,2.2432,4.3492,0.82024,2.0818,4.2235,3.043,2.822,4.5779,5.4957,2.6498,1.2569,1.3149,2.6953,3.687,0.9069,2.1643,3.0273,2.5429,2.1441,4.5835,1.4369,1.631,3.9242,0.67233,2.6404,3.7876,2.0361,1.7633,3.5395,1.0833,2.3776,3.2007,0.095116,2.3117,3.3067,1.7487,1.6661,3.418,1.9177,2.7036,4.2165,1.7851,1.699,3.4356,1.4707,1.6087,3.9506,0.40458,2.1896,3.1415,2.119,2.4307,4.4724,1.4647,1.7162,3.2121,0.79416,1.929,2.7145,3.0739,2.8436,5.9342,2.0422,1.8025,3.5436,1.0387,2.7579,2.9355,1.8307,2.5947,4.0614,0.64695,1.9218,2.7606,1.0284,2.4013,3.1075,1.894,1.8985,4.5379,1.6739,1.6402,3.9,0.547,2.169,3.8385,1.1926,2.5651,3.7584,0.90303,2.1674,3.1677,2.7126,2.3812,4.4885,2.1716,2.2629,4.8092,1.5042,1.6843,3.9654,1.9022,1.9475,4.5483,1.5292,2.2416,3.2543,0.74655,2.2224,3.0676,2.5015,2.4266,4.4604,1.9637,2.5865,4.8235,1.8684,2.6148,4.7621,2.6896,2.3907,4.5347,1.2998,2.5538,3.8855,1.7669,2.256,4.3978,2.0727,2.9817,3.9856,0.61449,2.473,2.5825,1.4529,2.1285,4.5861,2.1029,2.9764,4.0105,0.28164,2.4116,3.315,1.6488,1.584,4.0606,0.69369,2.1079,3.041,2.2299,2.2889,4.6576,0.67746,2.5122,3.1237,0.9235,2.1744,3.1786,0.11738,2.8826,1.928,2.0765,2.0748,4.7126,2.6865,2.3998,4.5184,2.5544,2.2655,5.1,1.9332,2.5975,4.2444,1.1012,1.7466,4.0257,4.6322,2.8496,0.51485,0.86505,2.1734,3.0255,1.345,2.0637,4.3537,1.0484,2.143,3.4695,2.1155,2.6677,4.3681,1.7327,1.5681,4.1234,1.2541,2.495,3.131,0.81558,2.4709,3.7337,2.1091,1.8487,3.6442,1.5305,2.4867,3.4095,1.5742,2.5734,3.5839,1.5815,1.6083,4.2484,1.8804,2.6326,4.327,1.9781,2.6471,4.4282,3.5036,2.7259,6.2417,1.7694,1.5407,4.1029,1.7835,1.9925,3.4522,2.0025,2.9181,4.803,1.2309,2.5254,3.1747,2.5945,2.4508,4.9116,1.0663,2.627,4.0534,1.5405,2.4612,3.4228,1.064,1.8171,4.0744,1.67,1.5585,4.0582,1.7597,1.9902,3.4315,0.16565,2.9042,3.229,2.9941,2.2638,4.6821,1.3086,1.9466,4.2243,1.311,2.6038,3.4675,1.3713,2.4408,3.319,1.867,1.8838,3.6575,1.9277,2.4833,4.0465,1.024,2.2993,3.156,2.5319,2.0082,5.1249,1.2671,2.6438,3.4107,1.3403,2.4619,3.2902,0.31164,2.926,3.3536,0.65076,1.8761,2.7685,1.6367,1.9501,4.4967,1.4734,1.7695,4.1671,5.3375,2.8857,1.6819,0.81664,2.1143,2.8359,1.0344,2.6606,4.0263,2.2917,2.5028,3.6552,2.5238,2.3772,4.823,2.9811,2.65,4.6642,2.1379,2.4886,4.5037,2.3501,2.1291,4.2731,0.76023,2.0931,3.2609,0.5383,2.4154,3.099,0.60814,2.1435,3.7139,2.3568,2.4064,4.4767,0.97575,2.4243,3.0368,1.2319,1.5778,4.264,1.6576,2.0227,3.4519,6.0787,2.67,1.8073,3.4444,2.9071,0.17442,0.83949,2.3521,3.0565,1.6474,1.6201,4.0575,1.5147,1.9226,3.1633,0.79077,2.4104,2.9521,2.1634,2.3163,4.8508,1.2106,2.5644,3.1232,1.0603,1.9926,3.4874,0.39727,1.9951,3.3178,1.7265,1.9949,3.4223,2.4504,2.1108,4.2683,2.207,2.1664,5.0058,1.2578,1.6588,3.8629,0.71143,1.9882,2.7755,2.2122,2.2051,5.0139,2.398,2.2448,4.6044,1.5879,2.4387,3.975,4.4283,2.9008,0.32054,1.9578,2.4533,4.0269,0.79611,1.9513,4.1216,1.3115,2.6636,4.3028,3.7696,2.7813,0.054676,1.568,1.651,3.3198,0.22271,2.2914,3.2514,5.254,2.8822,1.1673,0.62504,2.7202,3.3462,1.3378,2.527,3.0373,2.1938,2.0919,4.9101,1.5171,2.0296,4.4319,1.524,1.6393,3.3376,1.4804,2.9219,3.4045,0.61003,2.4183,2.9415,0.8588,2.4232,3.0032,0.21815,2.6006,3.3039,1.6779,2.3521,4.2163,0.62472,2.4166,2.8588,0.99351,2.2865,3.5724,1.3849,1.7862,4.2549,0.31119,2.3215,3.3712,1.5151,1.5986,3.3061,0.57756,2.4217,2.9128,3.1762,2.8489,6.1419,1.9307,2.5635,4.0165,2.044,2.1978,4.6343,2.3851,2.7396,5.0102,1.8899,1.8655,3.8437,1.3159,1.6976,3.7308,2.1927,2.1256,4.9419,1.3919,2.5885,3.9836,0.63369,3.0921,2.4488,4.7713,2.8832,0.48949,1.2831,2.6978,4.3288,1.9448,1.9155,3.946,1.3155,2.6604,2.9432,0.57548,2.71,3.2193,1.0609,2.8735,4.2451,0.70479,2.5726,2.655,0.66833,2.0573,2.8945,0.6022,2.4103,3.409,1.5959,2.1576,4.2856,1.4699,2.7256,4.5311,0.52484,2.0148,2.9542,1.9955,1.8161,3.7988,1.1888,1.7987,3.7054,2.2342,2.6364,4.662,1.3594,1.5811,4.0741,1.3538,2.1493,3.1575,0.6037,2.0407,2.9765,0.50164,2.4301,2.6187,1.6883,2.3701,4.2232,2.2661,2.6258,4.7514,0.5692,2.043,2.9439,1.6323,1.7182,3.3628,0.73752,3.0553,2.5923,0.63832,2.568,2.6041,3.0894,2.7359,6.1125,0.72265,2.9142,2.7144,4.7392,2.9373,0.42981,2.2711,2.2897,3.5932,1.128,3.0252,3.9773,1.2738,2.3739,3.4236,0.98454,3.059,3.8351,2.3647,2.23,3.7304,1.1726,1.7263,3.7045,2.4286,2.3655,4.5894,2.4911,2.6799,4.0652,1.3764,2.6779,4.4304,1.884,1.8041,3.8349,1.1919,2.6811,3.6957,2.35,2.4405,4.8882,1.4858,2.5474,3.3486,2.1638,2.2391,4.1288,0.78121,1.9604,3.3376,2.2912,2.3945,3.6415,2.2295,2.3832,3.5716,2.2838,1.9964,5.0067,2.5831,2.2659,4.7862,2.345,2.2789,3.7637,1.4024,1.6215,3.8753,2.2038,2.6229,4.6748,1.8986,1.8522,3.8293,0.78156,2.12,4.1059,1.5812,1.7605,4.2309,2.2902,2.6508,4.7842,1.4576,2.3663,3.2718,6.0395,2.9143,2.3651,1.8422,1.79,3.5602,1.8694,2.8674,4.1385,2.0934,1.9959,4.8612,1.1884,2.5883,4.3609,1.9733,2.1957,4.8687,1.6136,1.6834,3.9557,1.623,2.0434,3.3584,1.0889,2.6674,3.6079,1.0058,2.7618,3.8635,1.4977,2.4825,3.9335,1.1436,2.7043,3.6188,1.7741,1.6452,4.076,0.93581,2.4626,2.8153,1.9804,2.1302,4.4715,0.29506,2.715,3.0413,1.0518,1.9424,4.2739,1.0038,2.2879,3.129,1.6963,2.3981,4.6249,0.97037,2.0412,2.8954,0.7206,1.9748,2.747,1.5856,1.6753,3.9634,0.93795,2.4464,2.8607,1.3231,1.5731,3.8577,2.7497,2.5572,4.632,1.085,2.2239,3.561,1.1848,2.6831,3.6941,1.9871,1.9887,4.5322,1.0306,1.937,4.2736,1.8846,1.6465,3.4785,1.6709,2.5299,4.0088,2.1787,2.5089,4.9225,2.0981,2.4285,3.609,1.4281,3.0086,3.6475,1.4729,1.4872,4.1876,0.62541,2.979,3.6549,1.633,1.6612,4.2061,0.73793,1.989,2.7472,0.7094,2.2085,3.9745,2.6505,2.5808,4.5558,2.04,2.0974,3.4006,1.4395,2.774,3.5821,1.0669,2.3017,3.5516,2.5676,2.0618,4.5552,1.4632,1.7216,4.4309,1.5124,2.5578,3.5628,2.061,2.3707,4.1116,2.6522,2.3151,4.9397,0.51709,2.5383,3.0361
1833.3,0.067708,153.16,3.2288,0.24874,627.22,1.4385,1.8023,4.092,1.3157,2.2589,4.2815,1.1693,1.9504,4.2298,2.4542,2.6052,4.3133,0.84314,2.0315,4.3065,1.5002,2.5646,3.8806,3.1747,2.8195,6.0328,1.1424,1.9599,4.2534,1.71,1.621,4.2129,1.3287,2.2437,4.3536,0.81928,2.0824,4.2241,3.0469,2.8212,4.5797,5.4915,2.6454,1.2535,1.3153,2.6922,3.6867,0.90527,2.1646,3.0274,2.5454,2.1474,4.5885,1.4355,1.6294,3.9252,0.67262,2.6427,3.7837,2.0374,1.7632,3.5419,1.0811,2.3765,3.2025,0.088194,2.3119,3.2969,1.7472,1.6652,3.4192,1.9135,2.6995,4.2122,1.7851,1.6995,3.4373,1.4708,1.6073,3.9515,0.40529,2.191,3.1399,2.1214,2.4324,4.4742,1.4643,1.7181,3.2125,0.79343,1.9295,2.7141,3.0778,2.8436,5.9399,2.0449,1.8043,3.5469,1.04,2.7606,2.9365,1.8324,2.5955,4.0646,0.64763,1.9229,2.7602,1.0258,2.3999,3.1083,1.8939,1.8979,4.5396,1.6736,1.6391,3.9004,0.54956,2.1673,3.8433,1.1929,2.5675,3.7582,0.89949,2.17,3.1646,2.7181,2.3834,4.4941,2.1767,2.2663,4.8143,1.5053,1.6844,3.9671,1.9035,1.9487,4.5503,1.5316,2.244,3.2535,0.74366,2.2263,3.0648,2.5057,2.4282,4.4666,1.9642,2.5871,4.8203,1.8669,2.6159,4.7585,2.6956,2.3936,4.5449,1.2994,2.5562,3.8825,1.7707,2.2571,4.4019,2.073,2.9791,3.9852,0.61595,2.4736,2.5837,1.4477,2.1318,4.5837,2.1049,2.9729,4.0118,0.27796,2.4123,3.3116,1.6484,1.5828,4.0597,0.69308,2.1097,3.0398,2.2288,2.2897,4.6567,0.67653,2.5084,3.1272,0.92081,2.1757,3.1776,0.11638,2.8818,1.9261,2.08,2.0772,4.716,2.6906,2.4019,4.5262,2.5516,2.2628,5.098,1.9314,2.5923,4.2426,1.1017,1.7418,4.0292,4.6302,2.8467,0.51392,0.86518,2.1751,3.0263,1.3464,2.0628,4.3562,1.0472,2.1454,3.4676,2.1106,2.6648,4.3627,1.7341,1.5663,4.1222,1.2576,2.4936,3.1322,0.81777,2.4729,3.732,2.1111,1.8464,3.6418,1.5282,2.4879,3.4078,1.572,2.5745,3.5842,1.578,1.6079,4.2485,1.8773,2.627,4.3226,1.9775,2.6424,4.4265,3.51,2.7235,6.2473,1.7721,1.5383,4.1005,1.7866,1.992,3.4524,2.0,2.918,4.8008,1.2329,2.5249,3.1772,2.5933,2.451,4.9087,1.0674,2.6279,4.0528,1.5381,2.4624,3.4215,1.0601,1.8163,4.0752,1.6706,1.5571,4.0573,1.7617,1.9894,3.431,0.16092,2.9029,3.2245,2.9979,2.262,4.6851,1.3084,1.9461,4.2252,1.3121,2.6024,3.4716,1.3679,2.4408,3.3184,1.8682,1.8799,3.6558,1.9272,2.4875,4.049,1.0213,2.2998,3.1548,2.5314,2.0074,5.1241,1.268,2.6431,3.4146,1.3358,2.4621,3.2885,0.31368,2.9248,3.3557,0.64985,1.8775,2.7644,1.634,1.9484,4.498,1.4736,1.767,4.1685,5.3302,2.8851,1.6759,0.81665,2.1143,2.8378,1.0339,2.6626,4.0245,2.2977,2.501,3.6576,2.5214,2.3752,4.8182,2.9885,2.647,4.6695,2.1377,2.488,4.5032,2.3499,2.1303,4.2767,0.7587,2.0963,3.2566,0.54461,2.4136,3.1054,0.6081,2.1434,3.7138,2.3563,2.4046,4.4784,0.98332,2.4226,3.0431,1.231,1.578,4.2621,1.6553,2.0227,3.4515,6.0701,2.6683,1.798,3.4479,2.9057,0.1786,0.83877,2.3496,3.0593,1.6469,1.619,4.0564,1.5155,1.924,3.1627,0.7913,2.4086,2.9545,2.1639,2.3147,4.8472,1.2125,2.565,3.1243,1.062,1.9933,3.4872,0.39226,1.9961,3.3205,1.727,1.9937,3.4211,2.4533,2.1121,4.2714,2.2081,2.1665,5.0058,1.2559,1.6561,3.8642,0.71231,1.9882,2.7763,2.2136,2.2057,5.0138,2.4007,2.2465,4.6089,1.5885,2.4431,3.9753,4.434,2.8963,0.32531,1.9579,2.458,4.0284,0.79479,1.9508,4.1214,1.3168,2.6668,4.3064,3.777,2.7786,0.06241,1.5697,1.6526,3.3214,0.21974,2.2909,3.2467,5.256,2.878,1.1688,0.62538,2.718,3.3474,1.3393,2.5279,3.0384,2.1964,2.0903,4.9089,1.5179,2.0265,4.4346,1.5239,1.6393,3.3395,1.4835,2.9219,3.4049,0.61507,2.417,2.949,0.85738,2.4219,3.0044,0.21726,2.6001,3.3016,1.6804,2.3546,4.2199,0.62961,2.4159,2.8634,0.99007,2.291,3.5679,1.3847,1.7853,4.2529,0.31081,2.322,3.3701,1.5146,1.5973,3.3072,0.58159,2.4211,2.9191,3.1825,2.8477,6.1499,1.9288,2.5637,4.0163,2.0467,2.1982,4.636,2.3774,2.7375,5.0012,1.8895,1.8607,3.8418,1.3165,1.694,3.7324,2.1945,2.1247,4.9407,1.3918,2.5871,3.9831,0.6084,3.0925,2.4229,4.7702,2.879,0.48944,1.2846,2.698,4.3294,1.9462,1.9136,3.948,1.3181,2.6616,2.9461,0.57928,2.7081,3.2248,1.0652,2.8722,4.249,0.70784,2.5745,2.6562,0.66782,2.0602,2.8929,0.60592,2.4108,3.41,1.5974,2.1563,4.2875,1.4761,2.7264,4.5373,0.52204,2.0168,2.9492,1.9957,1.8136,3.7988,1.1884,1.7967,3.7078,2.2308,2.6338,4.6558,1.3588,1.5818,4.0702,1.3521,2.1487,3.1569,0.60266,2.0434,2.9726,0.50205,2.4297,2.6196,1.6917,2.3742,4.227,2.2617,2.6223,4.7454,0.56735,2.0452,2.9394,1.6353,1.7178,3.3641,0.74199,3.0562,2.5952,0.63934,2.5703,2.603,3.0966,2.7347,6.1207,5.9336,2.9155,2.725,4.7416,2.9369,0.43142,2.2694,2.2852,3.5871,1.1271,3.024,3.9784,1.2683,2.3751,3.4195,0.97883,3.0591,3.8323,2.3648,2.2299,3.728,1.1711,1.7208,3.7077,2.4289,2.3666,4.5906,2.4882,2.6815,4.0675,1.3803,2.678,4.4335,1.8838,1.7975,3.8331,1.1936,2.6771,3.6963,2.348,2.4392,4.8819,1.4811,2.5454,3.3504,2.1639,2.2416,4.1305,0.78031,1.9631,3.3358,2.2898,2.3938,3.6373,2.2263,2.3818,3.5656,2.2867,1.9982,5.0083,2.5809,2.2647,4.7857,2.3444,2.2811,3.7626,1.403,1.6216,3.8767,2.1986,2.6192,4.6675,1.8992,1.8475,3.8266,0.78187,2.1191,4.1108,1.5807,1.7576,4.2296,2.2853,2.6478,4.7779,1.458,2.3661,3.2718,6.0453,2.9153,2.3727,1.8422,1.7897,3.5626,1.8681,2.8619,4.1353,2.0958,1.9969,4.863,1.1914,2.5887,4.3636,1.9762,2.1973,4.8683,1.6137,1.6803,3.9555,1.6242,2.0447,3.3575,1.0899,2.665,3.6078,1.0078,2.7598,3.8639,1.5015,2.4842,3.9371,1.1442,2.7017,3.6175,1.7715,1.6409,4.0757,0.93681,2.4631,2.8167,1.9834,2.1327,4.4747,0.30313,2.7111,3.0481,1.0506,1.9416,4.2741,1.0048,2.2871,3.132,1.6993,2.3982,4.6271,0.96967,2.0401,2.8965,0.72011,1.9738,2.7475,1.5848,1.672,3.9634,0.93816,2.4462,2.8632,1.3207,1.5722,3.8586,2.7497,2.556,4.6329,1.0844,2.2278,3.5579,1.1864,2.6795,3.6951,1.9876,1.9891,4.534,1.0292,1.9358,4.2742,1.8858,1.6465,3.4797,1.6711,2.5312,4.0091,2.1813,2.5076,4.923,2.0966,2.4305,3.6058,1.4366,3.0055,3.656,1.4737,1.4883,4.1863,0.623,2.9783,3.6535,1.6341,1.6583,4.2052,0.7378,1.9885,2.7474,0.70969,2.2094,3.9749,2.6493,2.5802,4.5571,2.0417,2.0961,3.3997,1.4409,2.7691,3.5837,1.0657,2.3049,3.5484,2.5694,2.0643,4.559,1.4626,1.7215,4.431,1.5097,2.557,3.5627,2.0611,2.3733,4.1133,2.6509,2.3138,4.9378,0.51931,2.5388,3.0387
1833.3,0.067708,153.16,3.2288,0.25762,632.3,1.4361,1.8009,4.0894,1.3181,2.2602,4.2845,1.1675,1.9485,4.2298,2.4543,2.6037,4.3151,0.84236,2.0311,4.3087,1.4993,2.5669,3.8799,3.1816,2.8179,6.0408,1.1397,1.9583,4.2542,1.7089,1.6176,4.2113,1.3301,2.2442,4.3579,0.81834,2.0832,4.2248,3.0505,2.8204,4.5816,5.4877,2.6412,1.2503,1.3156,2.6894,3.6862,0.90364,2.165,3.0277,2.5478,2.1508,4.5937,1.4342,1.6279,3.926,0.67292,2.6449,3.7796,2.0385,1.7631,3.544,1.0787,2.3756,3.2042,0.081356,2.3122,3.2873,1.7455,1.6643,3.4203,1.9095,2.6955,4.2082,1.7851,1.7001,3.4391,1.471,1.6059,3.9523,0.40599,2.1923,3.1382,2.1237,2.4342,4.4762,1.464,1.7201,3.2131,0.79274,1.9298,2.7138,3.0816,2.8437,5.9458,2.048,1.8062,3.5507,1.0413,2.7633,2.9373,1.8344,2.5965,4.068,0.64829,1.9239,2.7597,1.0232,2.3985,3.109,1.8937,1.8972,4.5412,1.6732,1.6382,3.9009,0.5522,2.1654,3.8482,1.1932,2.5696,3.758,0.89593,2.1725,3.1615,2.7233,2.3856,4.4996,2.1823,2.2699,4.8197,1.5063,1.6845,3.9688,1.9048,1.9499,4.5524,1.534,2.2462,3.2527,0.74082,2.23,3.0623,2.5098,2.4298,4.4728,1.9648,2.5879,4.8169,1.8655,2.6169,4.7549,2.7014,2.3965,4.5548,1.2987,2.5584,3.8793,1.7743,2.258,4.4059,2.0734,2.9766,3.9848,0.6172,2.4742,2.5846,1.4424,2.1351,4.5811,2.1072,2.9693,4.0132,0.27435,2.4131,3.3081,1.6479,1.5818,4.0589,0.69251,2.1114,3.0387,2.2278,2.2904,4.6558,0.6753,2.5048,3.1308,0.91805,2.1767,3.1771,0.11544,2.8809,1.9242,2.0835,2.0793,4.7192,2.6942,2.4038,4.5335,2.5492,2.2599,5.096,1.9296,2.5873,4.241,1.1021,1.7368,4.0328,4.6275,2.8444,0.51232,0.86547,2.1768,3.0274,1.3479,2.0621,4.3585,1.0461,2.1476,3.4656,2.1056,2.6621,4.3576,1.7355,1.5645,4.121,1.261,2.4922,3.1332,0.81994,2.475,3.7302,2.1133,1.8442,3.6394,1.5261,2.4889,3.4062,1.5698,2.5753,3.5849,1.5743,1.6077,4.2487,1.8746,2.6217,4.3185,1.9772,2.6379,4.4251,3.5165,2.7211,6.2529,1.7748,1.5359,4.0984,1.7896,1.9914,3.4527,1.9977,2.918,4.799,1.2352,2.5243,3.1795,2.5921,2.4511,4.9058,1.0683,2.6286,4.0521,1.536,2.4635,3.4203,1.0564,1.8156,4.076,1.6714,1.5557,4.0563,1.7638,1.9887,3.4303,0.15589,2.9017,3.2196,3.0016,2.2601,4.6878,1.3082,1.9454,4.226,1.3132,2.6012,3.4755,1.3644,2.4408,3.3176,1.8692,1.8759,3.6541,1.9265,2.4916,4.0514,1.0185,2.3003,3.1538,2.5307,2.0066,5.1233,1.2688,2.6424,3.4185,1.3314,2.4624,3.2869,0.31571,2.9236,3.3578,0.64898,1.8789,2.7604,1.6313,1.9466,4.4992,1.4739,1.7649,4.1699,5.323,2.8844,1.6699,0.8167,2.1142,2.8398,1.0333,2.6646,4.0227,2.3037,2.499,3.6601,2.5193,2.373,4.8133,2.9959,2.644,4.6747,2.1375,2.4872,4.5027,2.3496,2.1315,4.2803,0.75714,2.0996,3.2525,0.55078,2.4117,3.1117,0.60799,2.1432,3.7136,2.356,2.403,4.4802,0.99082,2.421,3.0493,1.2301,1.5782,4.26,1.653,2.0227,3.451,6.0614,2.6666,1.7887,3.4511,2.9043,0.18232,0.8378,2.3474,3.0615,1.6464,1.618,4.0556,1.5162,1.9252,3.1621,0.79177,2.4069,2.9566,2.1644,2.3132,4.8436,1.2144,2.5658,3.1251,1.0637,1.994,3.4869,0.38746,1.9972,3.323,1.7274,1.9926,3.4199,2.4561,2.1133,4.2745,2.209,2.1666,5.0057,1.2538,1.6534,3.8654,0.71315,1.9882,2.7771,2.215,2.2063,5.0135,2.4033,2.2481,4.6134,1.5893,2.4475,3.9756,4.4393,2.8916,0.32998,1.9581,2.4627,4.03,0.7935,1.9503,4.1213,1.3219,2.67,4.31,3.7841,2.776,0.070144,1.5713,1.6543,3.3231,0.21685,2.2904,3.2422,5.2581,2.8739,1.1704,0.62554,2.7158,3.3482,1.3407,2.5287,3.0394,2.1991,2.0887,4.9078,1.5185,2.0232,4.4373,1.5239,1.6394,3.3414,1.4867,2.922,3.4055,0.62001,2.4158,2.9565,0.856,2.4208,3.0057,0.21633,2.5994,3.2994,1.6828,2.357,4.2235,0.63436,2.4152,2.8679,0.98648,2.2955,3.5632,1.3842,1.7845,4.2507,0.31039,2.3226,3.3692,1.514,1.5961,3.3081,0.58555,2.4203,2.9255,3.1888,2.8466,6.1579,1.9269,2.5642,4.0161,2.0493,2.1985,4.6375,2.3698,2.7354,4.9925,1.8891,1.8557,3.8399,1.3172,1.6905,3.7338,2.1964,2.1238,4.9396,1.3916,2.5857,3.9827,0.58297,3.093,2.3967,4.7684,2.8749,0.48889,1.286,2.6983,4.3302,1.9476,1.9117,3.9502,1.3205,2.6626,2.949,0.58273,2.7062,3.2299,1.0695,2.871,4.2526,0.71067,2.5764,2.6572,0.66735,2.0631,2.8913,0.60976,2.4113,3.4109,1.5989,2.155,4.2893,1.4822,2.7272,4.5435,0.51941,2.0189,2.9444,1.9959,1.8112,3.7987,1.1879,1.7945,3.71,2.2276,2.6315,4.6498,1.3583,1.5826,4.0664,1.3505,2.148,3.1562,0.60167,2.046,2.9689,0.50238,2.4294,2.6205,1.6952,2.3781,4.2307,2.2577,2.6187,4.7396,0.56556,2.0474,2.9351,1.6398,1.718,3.3654,0.74571,3.057,2.5974,0.64024,2.5725,2.6018,3.1037,2.7335,6.1286,6.1944,2.9168,2.7361,4.7438,2.9365,0.43299,2.2679,2.2806,3.5809,1.126,3.0228,3.9792,1.2632,2.3761,3.4154,0.97247,3.0592,3.8292,2.365,2.2299,3.7258,1.1696,1.7154,3.7111,2.4293,2.3675,4.5918,2.4855,2.6831,4.0697,1.384,2.6782,4.4367,1.8837,1.7909,3.8315,1.1952,2.6731,3.6971,2.346,2.4377,4.8755,1.4762,2.5432,3.3522,2.1642,2.244,4.1324,0.77935,1.9658,3.3339,2.2887,2.3931,3.6333,2.2233,2.3804,3.5597,2.2894,1.9999,5.0097,2.5787,2.2636,4.785,2.3438,2.2833,3.7616,1.4036,1.6215,3.8781,2.1936,2.6156,4.6605,1.8998,1.8429,3.824,0.78211,2.1184,4.1158,1.5801,1.7547,4.2283,2.2804,2.6449,4.7716,1.4584,2.3659,3.2718,6.0512,2.9162,2.3804,1.8421,1.7893,3.5649,1.867,2.8566,4.1323,2.098,1.9977,4.8647,1.1942,2.589,4.3662,1.979,2.1988,4.8679,1.6139,1.6773,3.9551,1.6253,2.0461,3.3567,1.0905,2.6628,3.6077,1.0099,2.7579,3.8641,1.5051,2.4859,3.9407,1.1448,2.6991,3.6162,1.769,1.6367,4.0753,0.9378,2.4636,2.818,1.9864,2.135,4.4781,0.31107,2.7072,3.0547,1.0496,1.9408,4.2744,1.0056,2.2864,3.135,1.7023,2.3984,4.6292,0.96897,2.0392,2.8974,0.71967,1.9729,2.748,1.5841,1.6688,3.9635,0.93835,2.4459,2.8656,1.3183,1.5713,3.8593,2.7497,2.555,4.6337,1.0837,2.2317,3.5547,1.188,2.6759,3.6959,1.9883,1.9895,4.5359,1.0277,1.9346,4.2749,1.887,1.6464,3.4808,1.6714,2.5324,4.0094,2.184,2.5062,4.9234,2.0952,2.4327,3.6026,1.4448,3.0023,3.6642,1.4744,1.4894,4.1849,0.62047,2.9776,3.652,1.6352,1.6554,4.2045,0.73769,1.9878,2.7477,0.70993,2.2104,3.9753,2.6482,2.5796,4.5584,2.0435,2.095,3.3988,1.4421,2.7642,3.5851,1.0647,2.3083,3.5452,2.5713,2.0668,4.5626,1.4619,1.7214,4.4312,1.5072,2.5563,3.5625,2.0613,2.3758,4.115,2.6497,2.3124,4.9359,0.52148,2.5394,3.0412
1833.3,0.067708,153.16,3.2288,0.2665,638.51,1.4338,1.7996,4.0867,1.3206,2.2617,4.2877,1.1658,1.9468,4.2297,2.4543,2.6022,4.3169,0.84159,2.0309,4.3107,1.4983,2.5693,3.8791,3.1885,2.8163,6.0489,1.1369,1.9566,4.255,1.7078,1.6143,4.2096,1.3315,2.2447,4.3623,0.81742,2.0839,4.2253,3.0541,2.8195,4.5834,5.4841,2.6371,1.2476,1.3157,2.6868,3.6856,0.90201,2.1653,3.0279,2.5502,2.1541,4.5988,1.4329,1.6263,3.9271,0.67322,2.6471,3.7756,2.0397,1.763,3.5463,1.0762,2.3747,3.2058,0.074652,2.3124,3.2779,1.7439,1.6632,3.4215,1.9057,2.6916,4.2043,1.7852,1.7006,3.4408,1.4711,1.6046,3.9533,0.40672,2.1935,3.1366,2.126,2.4359,4.4779,1.4638,1.7219,3.2135,0.79208,1.93,2.7137,3.0857,2.8438,5.9516,2.051,1.8079,3.5546,1.0426,2.7661,2.9383,1.8363,2.5975,4.0713,0.64897,1.9249,2.7593,1.0204,2.3972,3.1095,1.8936,1.8966,4.5428,1.6729,1.6373,3.9013,0.55494,2.1636,3.8531,1.1935,2.5718,3.7579,0.89244,2.1749,3.1585,2.7284,2.3878,4.5048,2.1876,2.2731,4.825,1.5073,1.6845,3.9704,1.9061,1.9511,4.5544,1.5365,2.2485,3.2521,0.73805,2.2336,3.0599,2.5139,2.4314,4.479,1.9653,2.5885,4.8136,1.8641,2.618,4.7514,2.7071,2.3992,4.5646,1.2981,2.5605,3.8763,1.7781,2.259,4.41,2.0738,2.974,3.9844,0.61826,2.4748,2.5853,1.4369,2.1384,4.5783,2.1095,2.9659,4.0147,0.27135,2.4138,3.3055,1.6475,1.5807,4.0579,0.69198,2.113,3.0376,2.2267,2.291,4.6547,0.67382,2.5012,3.1341,0.9154,2.1776,3.1769,0.11453,2.88,1.9225,2.0869,2.0812,4.7222,2.6976,2.4055,4.5406,2.5469,2.2571,5.0944,1.9282,2.5827,4.2396,1.1026,1.7319,4.0362,4.6245,2.8421,0.51052,0.86585,2.1785,3.0286,1.3495,2.0613,4.3609,1.0449,2.15,3.4637,2.101,2.6594,4.3525,1.737,1.5628,4.1198,1.2644,2.4909,3.1343,0.8221,2.477,3.7284,2.1153,1.842,3.6371,1.5239,2.4899,3.4048,1.568,2.5761,3.5854,1.5709,1.6077,4.2489,1.8722,2.6165,4.3148,1.9772,2.6337,4.4238,3.523,2.7187,6.2586,1.7776,1.5335,4.0961,1.7926,1.9909,3.4531,1.9957,2.9179,4.7973,1.2372,2.5238,3.1818,2.591,2.4512,4.903,1.0693,2.6295,4.0513,1.5337,2.4646,3.4191,1.0527,1.8146,4.077,1.672,1.5544,4.0553,1.7658,1.9879,3.4298,0.15074,2.9005,3.2147,3.0053,2.2581,4.6906,1.3081,1.9449,4.227,1.3143,2.6,3.4794,1.3611,2.4408,3.317,1.8703,1.872,3.6526,1.926,2.4956,4.0539,1.0156,2.3008,3.1526,2.5301,2.0058,5.1225,1.2696,2.6419,3.4224,1.3269,2.4626,3.2852,0.3178,2.9224,3.3601,0.64815,1.8801,2.7565,1.6286,1.9449,4.5004,1.4742,1.7626,4.1713,5.3158,2.8838,1.6641,0.81675,2.1142,2.8416,1.0328,2.6666,4.0209,2.3095,2.4971,3.6625,2.5174,2.3711,4.8086,3.0034,2.641,4.6799,2.1374,2.4867,4.5023,2.3493,2.1328,4.2838,0.75558,2.1026,3.2484,0.55679,2.41,3.1178,0.60789,2.1431,3.7135,2.3558,2.4014,4.4819,0.99808,2.4196,3.0554,1.2291,1.5784,4.2579,1.6506,2.0226,3.4505,6.0528,2.6648,1.7794,3.454,2.9028,0.18575,0.8366,2.3451,3.0636,1.646,1.617,4.0546,1.517,1.9264,3.1616,0.79215,2.4052,2.9588,2.1649,2.3116,4.8402,1.2162,2.5666,3.1259,1.0653,1.9945,3.4868,0.38292,1.9984,3.3257,1.7278,1.9914,3.4187,2.459,2.1145,4.2775,2.2098,2.1666,5.0057,1.2518,1.6507,3.8666,0.71397,1.9882,2.7781,2.2163,2.2067,5.0132,2.406,2.2496,4.6178,1.59,2.4517,3.9758,4.4446,2.887,0.33449,1.9583,2.4674,4.0316,0.79223,1.9499,4.1212,1.3271,2.673,4.3135,3.7911,2.7734,0.077726,1.573,1.6559,3.3248,0.21407,2.29,3.2378,5.2604,2.8699,1.1721,0.62559,2.7136,3.3491,1.3421,2.5295,3.0403,2.2019,2.0872,4.9067,1.5193,2.02,4.4401,1.5239,1.6394,3.3432,1.4896,2.9221,3.4057,0.62482,2.4146,2.9637,0.85469,2.4195,3.007,0.2154,2.5988,3.2971,1.6852,2.3593,4.2272,0.63905,2.4144,2.8724,0.98285,2.3,3.5586,1.3839,1.7834,4.2487,0.30997,2.3231,3.3682,1.5134,1.5949,3.3092,0.58946,2.4197,2.9317,3.1949,2.8454,6.1657,1.9252,2.5646,4.016,2.0521,2.1989,4.6391,2.3625,2.7333,4.9839,1.8887,1.8507,3.8382,1.3177,1.6871,3.7353,2.1981,2.123,4.9385,1.3915,2.5844,3.9824,0.55724,3.0933,2.3704,4.7663,2.8709,0.48822,1.2876,2.6985,4.3308,1.9491,1.9099,3.9524,1.323,2.6637,2.9519,0.5859,2.7044,3.2346,1.0736,2.8697,4.2563,0.71335,2.5782,2.6582,0.66694,2.0659,2.89,0.6134,2.4117,3.4117,1.6005,2.1535,4.2911,1.488,2.7278,4.5494,0.51691,2.0207,2.9397,1.9961,1.8087,3.7987,1.1875,1.7925,3.7123,2.2248,2.6291,4.6442,1.3579,1.5832,4.0626,1.3488,2.1474,3.1557,0.60072,2.0487,2.9653,0.5027,2.4292,2.6215,1.6986,2.3821,4.2346,2.2537,2.6154,4.734,0.56384,2.0493,2.931,1.6453,1.7184,3.3669,0.74907,3.058,2.5993,0.64102,2.5748,2.6005,3.1106,2.7323,6.1362,6.2528,2.918,2.7474,4.7461,2.9363,0.43454,2.2665,2.276,3.575,1.1247,3.0217,3.9795,1.2579,2.3769,3.4114,0.9664,3.0593,3.8263,2.3652,2.2299,3.7237,1.168,1.7099,3.7145,2.4297,2.3685,4.593,2.4827,2.6846,4.072,1.3878,2.6783,4.4399,1.8835,1.7846,3.83,1.1967,2.6691,3.6976,2.3442,2.4364,4.8693,1.4715,2.541,3.354,2.1644,2.2464,4.1342,0.77834,1.9686,3.3321,2.2875,2.3925,3.6292,2.2204,2.3789,3.554,2.2919,2.0015,5.0109,2.5766,2.2624,4.7843,2.3433,2.2854,3.7607,1.4042,1.6215,3.8795,2.189,2.6119,4.6539,1.9004,1.8383,3.8213,0.78233,2.1174,4.1207,1.5796,1.7518,4.227,2.2757,2.642,4.7655,1.4587,2.3657,3.2717,6.0572,2.9172,2.3882,1.842,1.7889,3.5672,1.8659,2.8513,4.1294,2.1003,1.9985,4.8663,1.197,2.5894,4.3689,1.9819,2.2004,4.8674,1.6141,1.6744,3.9547,1.6264,2.0474,3.3559,1.0913,2.6607,3.6075,1.0118,2.7561,3.8643,1.5088,2.4875,3.9441,1.1453,2.6966,3.6149,1.7663,1.6327,4.0751,0.93882,2.4641,2.8193,1.9894,2.1374,4.4814,0.31889,2.7032,3.0612,1.0485,1.94,4.2746,1.0066,2.2858,3.1378,1.7053,2.3986,4.6315,0.96824,2.0382,2.8982,0.71924,1.9719,2.7484,1.5833,1.6657,3.9636,0.93849,2.4458,2.868,1.3159,1.5703,3.8602,2.7498,2.5538,4.6348,1.0831,2.2357,3.5515,1.1895,2.6723,3.6967,1.9889,1.9899,4.5376,1.0263,1.9334,4.2755,1.8881,1.6464,3.482,1.6716,2.5336,4.0097,2.1867,2.5049,4.9239,2.0939,2.4348,3.5996,1.4529,2.9991,3.6724,1.4752,1.4905,4.1834,0.61786,2.977,3.6505,1.6364,1.6525,4.2036,0.73757,1.9873,2.7479,0.71013,2.2115,3.9755,2.6471,2.579,4.5598,2.0453,2.0938,3.398,1.4433,2.7596,3.5866,1.0635,2.3113,3.542,2.5731,2.0692,4.5663,1.4613,1.7214,4.4313,1.5047,2.5557,3.5624,2.0614,2.3783,4.1166,2.6485,2.3112,4.9341,0.52362,2.5399,3.0438
1833.3,0.067708,153.16,3.2288,0.27539,644.08,1.4315,1.7983,4.0841,1.3232,2.2631,4.2908,1.1642,1.9449,4.2296,2.4546,2.6008,4.3189,0.84081,2.0306,4.3127,1.4974,2.5715,3.8782,3.1955,2.8146,6.0569,1.1342,1.955,4.2557,1.7066,1.6111,4.208,1.3329,2.2452,4.3665,0.81653,2.0846,4.2259,3.0576,2.8186,4.5851,5.4808,2.6331,1.2452,1.3157,2.6844,3.6848,0.90039,2.1656,3.0281,2.5525,2.1573,4.6037,1.4315,1.6248,3.928,0.67354,2.6492,3.7716,2.0409,1.7629,3.5484,1.0735,2.374,3.2071,0.068087,2.3125,3.2687,1.7422,1.6622,3.4227,1.9021,2.6878,4.2008,1.7852,1.701,3.4426,1.4713,1.6034,3.954,0.40744,2.1948,3.1351,2.1283,2.4375,4.4796,1.4635,1.7239,3.214,0.79149,1.9302,2.7136,3.0898,2.8439,5.9577,2.0542,1.8096,3.5583,1.044,2.7687,2.9392,1.8383,2.5984,4.0747,0.64963,1.9258,2.7591,1.0176,2.3958,3.11,1.8935,1.896,4.5443,1.6726,1.6364,3.9017,0.55776,2.1618,3.8581,1.1938,2.5737,3.7576,0.88902,2.1773,3.1555,2.7333,2.3898,4.5098,2.1929,2.2761,4.8303,1.5083,1.6846,3.9719,1.9076,1.9522,4.5563,1.5392,2.2506,3.2513,0.73533,2.2371,3.0578,2.5183,2.4329,4.4852,1.9658,2.5893,4.8102,1.8628,2.6191,4.748,2.7126,2.4018,4.5742,1.2973,2.5627,3.873,1.7818,2.2599,4.4141,2.074,2.9716,3.9841,0.61913,2.4753,2.5857,1.4315,2.1417,4.5755,2.1117,2.9624,4.0164,0.26858,2.4145,3.3032,1.6472,1.5796,4.057,0.69148,2.1144,3.0368,2.2255,2.2915,4.6535,0.67199,2.4977,3.1371,0.91269,2.1784,3.1767,0.11369,2.879,1.9208,2.0901,2.0829,4.725,2.7009,2.407,4.5475,2.545,2.2542,5.093,1.9269,2.5782,4.2383,1.1029,1.7271,4.0396,4.621,2.8402,0.50828,0.86632,2.1802,3.0301,1.351,2.0606,4.3631,1.0436,2.1522,3.4617,2.0965,2.6568,4.3477,1.7385,1.5611,4.1186,1.2678,2.4896,3.1353,0.82425,2.479,3.7267,2.1173,1.8399,3.6349,1.5219,2.4909,3.4034,1.5661,2.577,3.5862,1.5674,1.6078,4.2491,1.8701,2.6117,4.3115,1.9775,2.6297,4.4228,3.5296,2.7163,6.2642,1.7803,1.531,4.094,1.7957,1.9904,3.4533,1.9937,2.9179,4.7956,1.2392,2.5234,3.1839,2.5899,2.4514,4.9002,1.0702,2.6304,4.0506,1.5315,2.4659,3.4178,1.0492,1.8136,4.0781,1.6727,1.5531,4.0543,1.7677,1.9871,3.4293,0.1454,2.8994,3.2094,3.009,2.2562,4.6932,1.3079,1.9443,4.228,1.3153,2.5989,3.4831,1.3577,2.4408,3.3163,1.8714,1.8681,3.6511,1.9255,2.4993,4.0563,1.0128,2.3012,3.1515,2.5295,2.005,5.1215,1.2703,2.6414,3.4262,1.3225,2.4629,3.2836,0.31989,2.921,3.3623,0.64734,1.8814,2.7528,1.6259,1.9432,4.5016,1.4745,1.7605,4.1727,5.3088,2.8832,1.6582,0.81683,2.1142,2.8435,1.0321,2.6685,4.0191,2.3153,2.4951,3.6648,2.5155,2.3692,4.804,3.011,2.6379,4.6852,2.1373,2.4861,4.502,2.3491,2.1341,4.2874,0.75402,2.1056,3.2446,0.56267,2.4083,3.1237,0.60776,2.1429,3.7132,2.3558,2.4001,4.4838,1.0052,2.4181,3.0613,1.2282,1.5787,4.2558,1.6482,2.0224,3.4501,6.0443,2.6629,1.7702,3.4565,2.9014,0.18886,0.83516,2.3431,3.0653,1.6456,1.6159,4.0537,1.5178,1.9276,3.1611,0.79243,2.4035,2.9607,2.1654,2.31,4.8368,1.218,2.5674,3.1266,1.0669,1.995,3.4868,0.37862,1.9997,3.3281,1.728,1.9901,3.4175,2.462,2.1159,4.2806,2.2105,2.1666,5.0055,1.2498,1.6482,3.8677,0.71477,1.9883,2.779,2.2177,2.2071,5.0129,2.4085,2.2511,4.6222,1.5907,2.456,3.9761,4.4496,2.8823,0.3389,1.9585,2.4721,4.0331,0.79098,1.9495,4.121,1.3322,2.6761,4.317,3.7979,2.7708,0.085163,1.5747,1.6576,3.3265,0.21139,2.2895,3.2335,5.2626,2.8658,1.1739,0.62547,2.7115,3.3497,1.3434,2.5305,3.0412,2.2047,2.0857,4.9057,1.52,2.0168,4.4428,1.5239,1.6393,3.3451,1.4927,2.9222,3.406,0.62955,2.4133,2.9708,0.85345,2.4183,3.0085,0.21445,2.5982,3.2948,1.6876,2.3615,4.2308,0.64363,2.4137,2.8769,0.97908,2.3044,3.5538,1.3836,1.7824,4.2466,0.30951,2.3235,3.3672,1.5129,1.5935,3.3103,0.5933,2.4191,2.9378,3.2008,2.8442,6.1732,1.9234,2.5651,4.016,2.0548,2.1991,4.6406,2.3554,2.7313,4.9755,1.8884,1.8457,3.8365,1.3183,1.6838,3.7367,2.1999,2.122,4.9374,1.3914,2.583,3.9821,0.5314,3.0936,2.3439,4.7637,2.867,0.48733,1.289,2.6987,4.3315,1.9505,1.908,3.9545,1.3255,2.6648,2.9548,0.58876,2.7027,3.2391,1.0778,2.8683,4.2599,0.71582,2.58,2.6589,0.66657,2.0686,2.8887,0.61716,2.4122,3.4126,1.602,2.1521,4.2928,1.4935,2.7286,4.5553,0.51454,2.0227,2.9352,1.9963,1.8064,3.7987,1.1873,1.7905,3.7146,2.2222,2.6269,4.639,1.3576,1.5836,4.0589,1.3472,2.1467,3.1551,0.59982,2.0512,2.9619,0.50301,2.429,2.6225,1.7021,2.3859,4.2384,2.2501,2.612,4.7286,0.56219,2.0512,2.9271,1.652,1.7194,3.369,0.75177,3.059,2.6005,0.64166,2.5771,2.599,3.1174,2.731,6.1437,0.034618,2.9192,2.759,4.7482,2.9361,0.43605,2.2651,2.2714,3.569,1.1231,3.0205,3.9797,1.2529,2.3775,3.4075,0.96029,3.0593,3.8236,2.3655,2.2299,3.7217,1.1664,1.7044,3.7179,2.4301,2.3695,4.5943,2.4801,2.686,4.0745,1.3914,2.6785,4.4431,1.8833,1.7782,3.8286,1.1982,2.6653,3.6981,2.3424,2.4349,4.8632,1.4666,2.5389,3.3558,2.1646,2.249,4.136,0.77727,1.9714,3.3302,2.2864,2.3918,3.6253,2.2175,2.3775,3.5484,2.2945,2.0029,5.0121,2.5744,2.2611,4.7837,2.3429,2.2877,3.7599,1.4048,1.6212,3.8809,2.1846,2.6084,4.6474,1.901,1.8336,3.8187,0.78246,2.1165,4.1256,1.5791,1.7489,4.2256,2.2712,2.639,4.7595,1.459,2.3656,3.2716,6.0633,2.9182,2.396,1.842,1.7886,3.5694,1.8651,2.8461,4.1268,2.1023,1.9992,4.8676,1.1998,2.5896,4.3714,1.9846,2.2019,4.867,1.6143,1.6716,3.9545,1.6276,2.0488,3.3551,1.0918,2.6587,3.6073,1.0137,2.7543,3.8644,1.5124,2.489,3.9476,1.1458,2.694,3.6135,1.7637,1.6289,4.0748,0.93983,2.4646,2.8206,1.9925,2.1397,4.4847,0.32659,2.6993,3.0676,1.0474,1.9391,4.2748,1.0073,2.2852,3.1406,1.7084,2.3988,4.6336,0.9675,2.0373,2.8991,0.71883,1.971,2.7489,1.5826,1.6627,3.9637,0.93861,2.4456,2.8704,1.3134,1.5693,3.861,2.7499,2.5527,4.6358,1.0823,2.2395,3.5484,1.1909,2.6689,3.6974,1.9894,1.9903,4.5394,1.0249,1.9322,4.2761,1.8893,1.6464,3.4832,1.6719,2.5349,4.01,2.1894,2.5035,4.9243,2.0925,2.4369,3.5966,1.4609,2.9959,3.6805,1.4761,1.4917,4.1821,0.61512,2.9764,3.6488,1.6376,1.6497,4.2027,0.73746,1.9868,2.7481,0.71029,2.2126,3.9757,2.6459,2.5785,4.5612,2.047,2.0926,3.3971,1.4446,2.755,3.588,1.0623,2.3145,3.5389,2.575,2.0718,4.57,1.4608,1.7214,4.4314,1.5023,2.5551,3.5622,2.0616,2.3809,4.1182,2.6472,2.3099,4.9322,0.52572,2.5403,3.0464
1833.3,0.067708,153.16,3.2288,0.28427,651.1,1.4293,1.7971,4.0815,1.3258,2.2645,4.294,1.1626,1.9431,4.2295,2.4549,2.5994,4.321,0.84004,2.0303,4.3148,1.4964,2.5738,3.8773,3.2024,2.8128,6.0648,1.1316,1.9533,4.2565,1.7056,1.6079,4.2063,1.3342,2.2457,4.3706,0.81564,2.0854,4.2266,3.061,2.8178,4.5867,5.4778,2.6292,1.2431,1.3155,2.6821,3.6839,0.89878,2.1659,3.0284,2.555,2.1605,4.6086,1.4302,1.6234,3.9289,0.67387,2.6513,3.7676,2.0421,1.7626,3.5506,1.0708,2.3732,3.2082,0.061702,2.3127,3.2598,1.7406,1.6612,3.4238,1.8987,2.6841,4.1975,1.7852,1.7014,3.4444,1.4715,1.6022,3.9548,0.40818,2.1959,3.1336,2.1305,2.439,4.4811,1.4632,1.7257,3.2145,0.79094,1.9302,2.7137,3.094,2.8439,5.9637,2.0572,1.8112,3.562,1.0454,2.7713,2.9401,1.8403,2.5993,4.078,0.65029,1.9267,2.7587,1.0148,2.3945,3.1105,1.8933,1.8953,4.5458,1.6722,1.6357,3.9022,0.56064,2.1599,3.8632,1.1941,2.5755,3.7574,0.88571,2.1795,3.1527,2.738,2.3917,4.5145,2.1977,2.2786,4.8352,1.5092,1.6846,3.9735,1.909,1.9533,4.5582,1.5419,2.2527,3.2506,0.73271,2.2405,3.0559,2.5226,2.4343,4.4914,1.9663,2.59,4.8068,1.8616,2.6201,4.7447,2.7179,2.4043,4.5834,1.2965,2.5649,3.8698,1.7856,2.2607,4.418,2.0742,2.9692,3.9837,0.61984,2.476,2.586,1.4259,2.1449,4.5727,2.1141,2.959,4.0181,0.2666,2.415,3.302,1.6467,1.5787,4.0561,0.69103,2.1158,3.036,2.2243,2.2921,4.6523,0.66994,2.4945,3.1399,0.91008,2.1792,3.1765,0.11292,2.8781,1.9192,2.0933,2.0846,4.7275,2.7041,2.4084,4.5543,2.5432,2.2516,5.0917,1.9259,2.5741,4.2373,1.1034,1.7223,4.043,4.6178,2.8381,0.50617,0.86683,2.1819,3.0314,1.3526,2.0599,4.3653,1.0423,2.1546,3.4596,2.0923,2.6544,4.3432,1.74,1.5595,4.1175,1.2711,2.4884,3.1362,0.82638,2.4811,3.7249,2.1195,1.8378,3.6328,1.52,2.4918,3.4021,1.5644,2.5778,3.5869,1.564,1.608,4.2493,1.8684,2.6071,4.3085,1.978,2.6257,4.422,3.5361,2.7138,6.2698,1.783,1.5287,4.0917,1.7987,1.9899,3.4537,1.9919,2.9179,4.7938,1.2413,2.523,3.1861,2.589,2.4516,4.8975,1.071,2.6312,4.0497,1.5293,2.467,3.4167,1.0458,1.8125,4.0791,1.6735,1.5519,4.0534,1.7697,1.9863,3.4288,0.14009,2.8985,3.2041,3.0126,2.2541,4.6956,1.3078,1.9436,4.2288,1.3161,2.598,3.4866,1.3542,2.4409,3.3156,1.8725,1.8643,3.6497,1.9249,2.503,4.0588,1.01,2.3016,3.1505,2.5287,2.0042,5.1206,1.2711,2.6409,3.4299,1.3181,2.4632,3.282,0.32206,2.9197,3.3646,0.6466,1.8824,2.7491,1.6233,1.9415,4.5027,1.4749,1.7583,4.174,5.3018,2.8826,1.6525,0.8169,2.1142,2.8454,1.0313,2.6704,4.0172,2.3209,2.4929,3.6671,2.5138,2.3673,4.7996,3.0186,2.6348,4.6904,2.1372,2.4856,4.5017,2.3489,2.1353,4.291,0.75248,2.1084,3.2407,0.56839,2.4067,3.1294,0.60766,2.1428,3.713,2.356,2.3988,4.4858,1.0122,2.4167,3.0669,1.2273,1.579,4.2536,1.6457,2.0222,3.4495,6.0359,2.661,1.7612,3.4588,2.9,0.19177,0.83351,2.3411,3.0668,1.6451,1.6148,4.0528,1.5187,1.9286,3.1607,0.79264,2.4018,2.9626,2.1661,2.3085,4.8334,1.2197,2.5683,3.1273,1.0685,1.9954,3.4867,0.3746,2.0008,3.3306,1.7282,1.9889,3.4163,2.4649,2.1172,4.2837,2.2112,2.1667,5.0053,1.2478,1.6458,3.8687,0.71555,1.9883,2.7797,2.2188,2.2074,5.0124,2.4111,2.2526,4.6264,1.5915,2.4601,3.9764,4.4545,2.8776,0.34312,1.9588,2.4767,4.0347,0.78976,1.9491,4.1208,1.3373,2.6791,4.3205,3.8045,2.7683,0.092447,1.5765,1.6593,3.3282,0.20885,2.289,3.2295,5.265,2.8619,1.1757,0.62523,2.7093,3.3502,1.3445,2.5314,3.0419,2.2075,2.0843,4.9049,1.5208,2.0136,4.4454,1.5239,1.6392,3.347,1.4955,2.9224,3.4062,0.63415,2.4122,2.9779,0.85228,2.417,3.01,0.21353,2.5975,3.2925,1.6901,2.3637,4.2344,0.64818,2.4129,2.8814,0.97529,2.3087,3.549,1.3833,1.7814,4.2444,0.30905,2.3239,3.3663,1.5123,1.5923,3.3113,0.5971,2.4185,2.9439,3.2065,2.843,6.1805,1.9217,2.5656,4.0159,2.0574,2.1994,4.6422,2.3484,2.7293,4.9672,1.888,1.8407,3.8349,1.3189,1.6807,3.7381,2.2017,2.1213,4.9363,1.3912,2.5818,3.9819,0.50503,3.0939,2.3169,4.7611,2.8633,0.48647,1.2905,2.6988,4.3322,1.9519,1.906,3.9566,1.328,2.6658,2.9576,0.59138,2.7011,3.2433,1.0818,2.867,4.2635,0.71816,2.5817,2.6597,0.66627,2.0711,2.8877,0.62069,2.4127,3.4133,1.6036,2.1507,4.2945,1.499,2.7293,4.5609,0.5123,2.0245,2.9309,1.9964,1.804,3.7987,1.1869,1.7885,3.7169,2.2199,2.6247,4.6341,1.3572,1.5841,4.0552,1.3455,2.146,3.1545,0.59895,2.0535,2.9585,0.50332,2.4288,2.6234,1.7056,2.3897,4.2423,2.2466,2.6087,4.7234,0.56061,2.0529,2.9234,1.6587,1.7205,3.3711,0.75417,3.0599,2.6014,0.64217,2.5794,2.5973,3.1241,2.7298,6.151,0.038938,2.9203,2.7708,4.7503,2.9359,0.43753,2.2639,2.2669,3.5631,1.1211,3.0195,3.9794,1.2479,2.3781,3.4036,0.95477,3.0592,3.8214,2.3658,2.2299,3.7197,1.1647,1.6988,3.7215,2.4305,2.3704,4.5955,2.4777,2.6874,4.0768,1.3951,2.6787,4.4462,1.8831,1.7719,3.8273,1.1995,2.6614,3.6986,2.3407,2.4335,4.8572,1.4617,2.5367,3.3577,2.1649,2.2515,4.1379,0.77616,1.9742,3.3282,2.2854,2.3912,3.6213,2.2148,2.3761,3.5429,2.2969,2.0042,5.013,2.5722,2.26,4.7829,2.3424,2.29,3.759,1.4054,1.6208,3.8822,2.1805,2.6048,4.6413,1.9016,1.8289,3.8162,0.78259,2.1157,4.1304,1.5786,1.746,4.2242,2.2668,2.6361,4.7536,1.4593,2.3655,3.2715,6.0694,2.919,2.4039,1.8419,1.7882,3.5716,1.8644,2.8411,4.1243,2.1044,1.9999,4.8688,1.2026,2.59,4.374,1.9873,2.2033,4.8664,1.6145,1.6689,3.9541,1.6288,2.0502,3.3543,1.0924,2.6568,3.6069,1.0155,2.7525,3.8644,1.5161,2.4904,3.9511,1.1463,2.6917,3.6122,1.7612,1.6251,4.0745,0.94086,2.4652,2.8218,1.9956,2.142,4.4879,0.33416,2.6952,3.0738,1.0463,1.9383,4.275,1.0082,2.2846,3.1433,1.7115,2.399,4.6358,0.96675,2.0364,2.8998,0.71844,1.9701,2.7494,1.5818,1.6598,3.9638,0.93868,2.4454,2.8727,1.3111,1.5684,3.8618,2.7501,2.5517,4.6367,1.0815,2.2435,3.5452,1.1922,2.6657,3.6982,1.9901,1.9908,4.5411,1.0236,1.9311,4.2768,1.8905,1.6464,3.4844,1.6722,2.536,4.0103,2.192,2.5021,4.9249,2.0913,2.4391,3.5937,1.4686,2.9926,3.6884,1.4768,1.4928,4.1808,0.61232,2.9758,3.6469,1.6389,1.647,4.2019,0.73735,1.9863,2.7484,0.71038,2.2137,3.9758,2.6448,2.578,4.5626,2.0488,2.0914,3.3964,1.4456,2.7505,3.5894,1.0612,2.3175,3.5358,2.577,2.0743,4.5738,1.4602,1.7214,4.4315,1.4998,2.5545,3.5621,2.0618,2.3833,4.1199,2.6461,2.3087,4.9304,0.52782,2.5409,3.0489
1962.6,0.25761,114.21,13.808,0.0089412,360.02,1.52,1.8356,4.1702,1.2773,2.2264,4.2237,1.2276,1.9853,4.2347,2.4961,2.661,4.3006,0.85822,2.059,4.2212,1.5199,2.4882,3.8936,3.0189,2.8391,5.8321,1.2248,1.9869,4.2349,1.7474,1.7128,4.2468,1.2782,2.2267,4.2276,0.85673,2.0616,4.2153,2.8962,2.8353,4.5105,5.7001,2.774,1.4557,1.2445,2.8378,3.6296,0.95395,2.1446,3.0212,2.4854,2.0542,4.4503,1.4722,1.6739,3.9064,0.65738,2.5726,3.8807,2.0067,1.7632,3.4746,1.0772,2.4434,3.0663,0.26614,2.2864,3.5553,1.785,1.6742,3.3884,2.1287,2.8225,4.4331,1.7867,1.6746,3.3915,1.4738,1.6709,3.9097,0.39455,2.135,3.1996,2.0392,2.3579,4.3914,1.4741,1.6686,3.1996,0.83106,1.8794,2.7703,3.0183,2.8414,5.8265,2.0072,1.7646,3.4763,1.0069,2.7167,2.8809,1.8187,2.5885,4.004,0.63329,1.8722,2.7981,1.0719,2.4442,3.0579,1.8987,1.915,4.4949,1.6823,1.6907,3.894,0.51046,2.2011,3.7451,1.1925,2.4272,3.7833,1.0015,2.063,3.2664,2.5506,2.3003,4.2962,2.0719,2.1522,4.6807,1.479,1.6735,3.9126,1.8959,1.9168,4.4936,1.4907,2.1737,3.2667,0.82023,2.0828,3.1836,2.4188,2.3735,4.3173,1.9436,2.6012,4.8856,1.9338,2.5963,4.8735,2.5487,2.3008,4.2945,1.2867,2.4892,3.9434,1.6889,2.2328,4.2969,2.0471,3.0603,3.9893,0.50654,2.4699,2.4787,1.5422,2.0566,4.6104,2.0749,3.0643,4.0208,0.3885,2.3759,3.4323,1.6616,1.6266,4.0822,0.70867,2.0237,3.0959,2.2449,2.2413,4.6482,0.63536,2.6161,3.0074,1.0016,2.0665,3.2668,0.12228,2.8905,1.9656,1.9958,1.986,4.5906,2.5475,2.3018,4.2965,2.6707,2.3359,5.1947,2.1346,2.8175,4.4364,1.0791,1.846,3.9482,4.6223,2.9948,0.50828,0.88484,2.1183,3.0514,1.305,2.0998,4.2685,1.0548,2.0876,3.4921,2.3039,2.7523,4.5727,1.7023,1.5965,4.1568,1.1474,2.5571,3.071,0.7517,2.4282,3.7683,2.0554,1.926,3.7365,1.5975,2.438,3.4676,1.6578,2.5246,3.6068,1.6572,1.6737,4.25,2.1013,2.8069,4.577,2.1081,2.8066,4.5817,3.3621,2.7816,6.1235,1.7017,1.5961,4.1569,1.7056,2.0049,3.4526,2.1236,2.9367,4.9199,1.1489,2.5572,3.0762,2.6359,2.4463,4.9865,1.0276,2.604,4.0662,1.5995,2.4367,3.4681,1.1833,1.8022,4.0998,1.6621,1.6259,4.0827,1.7041,2.0046,3.45,0.2864,2.9462,3.3339,2.8734,2.2938,4.568,1.3168,1.95,4.2057,1.2525,2.6867,3.3294,1.4626,2.4583,3.3434,1.8428,1.9823,3.7224,1.9505,2.3416,3.9935,1.0945,2.2831,3.1871,2.5398,2.0468,5.1484,1.2421,2.6862,3.3146,1.4588,2.4618,3.3383,0.29682,2.946,3.3444,0.67551,1.8082,2.9088,1.6989,2.0255,4.4253,1.467,1.8602,4.1206,5.5312,2.9004,1.8434,0.81925,2.1203,2.7827,1.0261,2.6059,4.0666,2.1587,2.5248,3.6215,2.6359,2.4439,4.9857,2.8029,2.7039,4.5221,2.1601,2.5285,4.5307,2.349,2.1033,4.1958,0.76611,1.9917,3.3469,0.33113,2.4732,2.8859,0.60374,2.141,3.7129,2.3861,2.5062,4.4322,0.75368,2.4644,2.8564,1.2547,1.5843,4.2871,1.701,2.0075,3.449,5.6576,2.689,2.0338,3.2217,2.9379,6.2121,0.74937,2.4619,2.8594,1.6612,1.634,4.0864,1.4949,1.8657,3.1825,0.74458,2.4637,2.8527,2.1679,2.3477,4.9517,1.1465,2.5627,3.0732,1.0027,1.9625,3.5038,0.52864,1.9783,3.2575,1.7018,2.0085,3.4479,2.386,2.0822,4.1983,2.1451,2.1541,4.9811,1.2882,1.7494,3.8019,0.68319,1.9769,2.7568,2.1451,2.1543,4.9837,2.3203,2.1868,4.4635,1.5676,2.2966,3.9631,4.2145,3.0037,0.14703,1.9549,2.3398,3.9965,0.83807,1.963,4.1188,1.1794,2.574,4.2169,3.5281,2.8524,6.0903,1.5326,1.6183,3.2872,0.31991,2.2981,3.4037,5.1316,2.9877,1.0721,0.56486,2.7829,3.2622,1.2706,2.5077,2.9803,2.1409,2.1497,4.9775,1.4745,2.0926,4.3521,1.5255,1.6232,3.2876,1.3792,2.929,3.3637,0.4548,2.4492,2.7246,0.92363,2.4542,3.0017,0.22298,2.6176,3.3407,1.6127,2.258,4.1265,0.45138,2.4464,2.7176,1.0472,2.1726,3.6576,1.3944,1.8055,4.293,0.32411,2.3008,3.4054,1.5287,1.617,3.2873,0.45098,2.4496,2.7223,3.0007,2.8703,5.9191,2.0042,2.5963,4.0336,1.9731,2.179,4.5907,2.6277,2.7749,5.266,1.8917,1.9635,3.902,1.294,1.8132,3.689,2.1456,2.1533,4.9825,1.4006,2.6558,4.0052,1.1146,3.0837,2.9567,4.6937,2.9836,0.41586,1.2617,2.6858,4.3376,1.904,1.956,3.8844,1.2487,2.6366,2.8676,0.37143,2.7727,2.9651,0.93853,2.8917,4.1305,0.57877,2.5214,2.5851,0.69628,1.936,2.9877,0.54644,2.3974,3.4265,1.5663,2.1762,4.2311,1.267,2.6878,4.3434,0.63001,1.9511,3.1119,1.9803,1.8947,3.8175,1.1933,1.8437,3.6474,2.4546,2.7214,4.9719,1.376,1.5302,4.17,1.3882,2.1562,3.1733,0.63547,1.9508,3.1119,0.46411,2.4494,2.5713,1.6143,2.257,4.1295,2.4531,2.7202,4.9743,0.63321,1.9526,3.109,1.5646,1.712,3.3281,0.51054,3.0408,2.4235,0.5773,2.5219,2.5861,2.9152,2.7444,5.8964,6.1862,2.8649,2.5536,4.6758,2.9867,0.39581,2.3423,2.4062,3.7466,0.89605,3.0804,3.6806,1.434,2.2602,3.5593,0.85384,3.0784,3.6384,2.366,2.2375,3.807,1.1917,1.8431,3.6462,2.4267,2.3386,4.561,2.5807,2.6307,4.0327,1.2635,2.6832,4.3385,1.8924,1.9585,3.9014,1.1302,2.7915,3.6559,2.4439,2.4839,5.0837,1.6077,2.6191,3.3069,2.1681,2.1889,4.1028,0.7867,1.9031,3.3704,2.3426,2.4096,3.7484,2.3451,2.4107,3.7494,2.186,1.8927,4.9053,2.6433,2.2896,4.7921,2.3645,2.2386,3.8074,1.3798,1.5858,3.8371,2.4562,2.7193,4.9774,1.8918,1.959,3.9021,0.7787,2.1408,3.9653,1.6014,1.8301,4.2577,2.4544,2.7204,4.9764,1.4456,2.389,3.261,5.9308,2.8816,2.2104,1.8578,1.7997,3.4773,1.9744,3.0208,4.2972,2.0173,1.9501,4.7572,1.1039,2.5793,4.2756,1.8854,2.1497,4.8622,1.6131,1.799,3.9662,1.6047,2.0102,3.3886,1.0178,2.7721,3.5676,0.91704,2.8293,3.8149,1.3819,2.3935,3.8451,1.1252,2.7932,3.6502,1.8379,1.7918,4.0925,0.91357,2.4606,2.775,1.9113,2.07,4.3864,0.080153,2.7956,2.8456,1.0848,1.9589,4.2613,0.94916,2.3351,3.0133,1.6349,2.3957,4.587,0.97868,2.0853,2.8361,0.74285,1.9979,2.7424,1.6123,1.7979,3.9684,0.91576,2.4595,2.7775,1.3795,1.586,3.8367,2.7673,2.5889,4.6329,1.0847,2.1383,3.6262,1.1228,2.7966,3.651,1.9758,1.9864,4.4769,1.0819,1.9616,4.2586,1.8534,1.6536,3.4508,1.6622,2.484,3.9991,2.113,2.5544,4.9213,2.1536,2.3809,3.7088,1.1868,3.0725,3.418,1.4465,1.4675,4.2315,0.6206,2.9992,3.6161,1.6235,1.7485,4.2319,0.74392,1.998,2.7417,0.69139,2.1942,3.9448,2.6875,2.6024,4.5367,1.9934,2.1269,3.4381,1.3835,2.9186,3.5366,1.0816,2.1945,3.6333,2.5323,2.0008,4.4717,1.4905,1.7345,4.4222,1.608,2.5915,3.5831,2.0622,2.2909,4.0735,2.7069,2.3725,5.0065,0.44759,2.5308,2.9614
1962.6,0.25761,114.21,13.808,0.017882,400.77,1.5156,1.8348,4.1654,1.2753,2.2281,4.2242,1.2232,1.9828,4.237,2.4917,2.6587,4.298,0.85873,2.055,4.2274,1.5196,2.4951,3.8937,3.0321,2.8394,5.8494,1.219,1.9846,4.2358,1.7462,1.7061,4.2451,1.2804,2.2271,4.2332,0.85412,2.0616,4.2138,2.9031,2.8351,4.5143,5.6848,2.769,1.4385,1.2542,2.8274,3.6392,0.94947,2.1442,3.0197,2.4878,2.0594,4.4577,1.4716,1.67,3.9081,0.65635,2.577,3.8756,2.0088,1.7637,3.4776,1.0839,2.4379,3.0815,0.25839,2.2878,3.5449,1.7834,1.6754,3.3902,2.1064,2.8169,4.4082,1.7868,1.6797,3.3933,1.4702,1.6654,3.9143,0.39291,2.1387,3.1927,2.0459,2.3641,4.4001,1.4739,1.6719,3.2002,0.83006,1.8869,2.766,3.0288,2.8414,5.839,2.0092,1.7687,3.479,1.0101,2.7174,2.886,1.8198,2.5878,4.0076,0.63636,1.8776,2.7982,1.0718,2.4419,3.0639,1.9006,1.9161,4.4981,1.6857,1.6842,3.8926,0.51069,2.2012,3.7459,1.1905,2.4396,3.7786,0.99481,2.0689,3.2588,2.5578,2.3053,4.3064,2.0784,2.159,4.6892,1.4807,1.6721,3.9155,1.8954,1.9172,4.4952,1.4921,2.1781,3.2654,0.81581,2.0891,3.1755,2.4207,2.3777,4.3234,1.9401,2.5997,4.8777,1.925,2.5974,4.8604,2.5535,2.3067,4.3038,1.2859,2.4932,3.938,1.6921,2.2348,4.3019,2.0278,3.0553,3.9682,0.51463,2.4695,2.4861,1.5412,2.0588,4.6155,2.071,3.0608,4.0153,0.38236,2.3794,3.4232,1.6617,1.621,4.0815,0.70669,2.0284,3.0906,2.2468,2.2439,4.6519,0.64803,2.6114,3.0222,0.99586,2.0732,3.2589,0.10881,2.8909,1.9501,1.9982,1.989,4.5961,2.5514,2.3081,4.3052,2.6615,2.3319,5.1855,2.1153,2.8077,4.4159,1.0791,1.8399,3.9534,4.6278,2.9869,0.51216,0.8809,2.1199,3.0462,1.3048,2.099,4.2744,1.053,2.0895,3.4894,2.2875,2.7471,4.5537,1.7041,1.5924,4.1547,1.1561,2.5553,3.0785,0.7546,2.4328,3.7657,2.0572,1.9211,3.7313,1.5935,2.4402,3.4651,1.6512,2.5298,3.6047,1.6541,1.6665,4.2501,2.085,2.7998,4.5593,2.0968,2.7989,4.57,3.3737,2.7802,6.1345,1.704,1.591,4.1547,1.7106,2.0044,3.4518,2.1144,2.9356,4.9123,1.157,2.5555,3.0869,2.6322,2.4456,4.9817,1.0338,2.6056,4.0667,1.5957,2.4378,3.4664,1.1794,1.8087,4.0957,1.6632,1.619,4.0808,1.7074,2.0043,3.4464,0.28156,2.9445,3.3302,2.8781,2.2955,4.577,1.316,1.9496,4.2067,1.2605,2.6823,3.3434,1.4586,2.4582,3.343,1.8451,1.9775,3.717,1.949,2.3517,3.9956,1.0899,2.2845,3.184,2.5398,2.0421,5.1472,1.2438,2.6818,3.3204,1.4513,2.4644,3.3341,0.30564,2.9445,3.3532,0.67306,1.812,2.9,1.6961,2.0221,4.4325,1.4664,1.8543,4.1234,5.5157,2.8984,1.8281,0.81983,2.1172,2.7877,1.0314,2.6092,4.0674,2.167,2.525,3.6219,2.6287,2.4418,4.9759,2.8072,2.7009,4.5251,2.1542,2.525,4.523,2.3491,2.1051,4.1989,0.76617,1.9963,3.3431,0.34243,2.4702,2.8974,0.60294,2.1414,3.712,2.3862,2.499,4.4364,0.76359,2.4624,2.8662,1.2539,1.5866,4.287,1.6992,2.0096,3.4463,6.2125,2.6886,2.0155,3.2371,2.9367,6.2178,0.75992,2.4569,2.8752,1.662,1.6337,4.0844,1.496,1.8682,3.1818,0.74916,2.4612,2.8606,2.1665,2.3466,4.9441,1.1528,2.5626,3.0812,1.004,1.962,3.504,0.52342,1.9786,3.2589,1.7039,2.0098,3.4439,2.3859,2.0855,4.2003,2.1498,2.1537,4.9834,1.2866,1.7426,3.8053,0.68444,1.9768,2.7594,2.1508,2.1553,4.9888,2.3241,2.1913,4.4704,1.5685,2.3082,3.9636,4.2389,2.996,0.16982,1.9545,2.3453,3.9977,0.83707,1.9605,4.1209,1.1886,2.5781,4.2219,3.5469,2.8491,6.1083,1.5335,1.6203,3.2883,0.31366,2.2985,3.3953,5.1286,2.9822,1.0693,0.57757,2.78,3.2768,1.2788,2.5094,2.9861,2.1408,2.1447,4.9714,1.4752,2.0898,4.3562,1.5257,1.6244,3.2893,1.3817,2.9277,3.3649,0.46382,2.447,2.7368,0.91958,2.4535,3.0022,0.2253,2.6166,3.3414,1.6152,2.2626,4.1299,0.46279,2.4446,2.7282,1.0455,2.1787,3.6537,1.3942,1.8023,4.2929,0.32317,2.3033,3.4012,1.5284,1.616,3.2883,0.46012,2.447,2.7352,3.0272,2.8702,5.9473,1.9983,2.5928,4.0297,1.9781,2.1814,4.5957,2.6154,2.775,5.2522,1.8935,1.9598,3.8981,1.294,1.8069,3.6909,2.1494,2.1512,4.9828,1.3973,2.6517,3.9984,1.1188,3.081,2.9593,4.6995,2.9794,0.41962,1.2702,2.6882,4.3447,1.9049,1.9522,3.8831,1.2553,2.6371,2.8749,0.39275,2.7708,2.9896,0.9429,2.8937,4.1341,0.59111,2.5219,2.5953,0.69412,1.9426,2.9806,0.54496,2.3996,3.4212,1.5656,2.1775,4.2366,1.2835,2.691,4.3562,0.62305,1.9551,3.1027,1.9822,1.89,3.8154,1.1931,1.8389,3.6509,2.4365,2.7175,4.9486,1.3749,1.5392,4.1661,1.3854,2.1562,3.1711,0.63277,1.9557,3.1034,0.46943,2.4476,2.5783,1.6158,2.2627,4.1333,2.438,2.7158,4.9571,0.62907,1.9582,3.0985,1.5658,1.7098,3.3294,0.50647,3.0424,2.4165,0.58565,2.5231,2.5934,2.9247,2.7456,5.9082,6.2012,2.8671,2.5727,4.6749,2.9823,0.39264,2.3353,2.4023,3.7352,0.94067,3.078,3.7286,1.4255,2.2696,3.5519,0.86923,3.0768,3.657,2.3625,2.2367,3.8011,1.1913,1.8369,3.6493,2.4277,2.3405,4.5642,2.5756,2.6363,4.035,1.2687,2.6819,4.3417,1.8935,1.951,3.8957,1.1391,2.7834,3.6644,2.4331,2.4807,5.0688,1.6083,2.6153,3.3175,2.1674,2.1915,4.1038,0.78578,1.9045,3.368,2.335,2.4095,3.741,2.3381,2.4091,3.7397,2.1892,1.9016,4.9125,2.6399,2.2884,4.7918,2.3617,2.2384,3.8027,1.3783,1.5866,3.84,2.44,2.7161,4.9575,1.8928,1.9525,3.8973,0.77781,2.1393,3.9734,1.6011,1.8243,4.257,2.4398,2.7165,4.9594,1.4458,2.3883,3.2614,5.9372,2.8837,2.2188,1.8559,1.7984,3.4815,1.9683,3.0142,4.2888,2.0227,1.9511,4.7655,1.1125,2.5799,4.2843,1.8915,2.1488,4.8637,1.6127,1.791,3.9657,1.6045,2.0114,3.3822,1.0268,2.7643,3.5759,0.92584,2.8249,3.8223,1.3885,2.401,3.8482,1.1298,2.7859,3.6533,1.8362,1.7822,4.0907,0.91591,2.4598,2.7801,1.9142,2.073,4.39,0.096056,2.7933,2.8612,1.0821,1.9569,4.2624,0.95394,2.3312,3.0224,1.638,2.3957,4.5874,0.97777,2.0806,2.8403,0.74109,1.9951,2.7417,1.611,1.7887,3.9681,0.91989,2.458,2.7848,1.3771,1.586,3.8372,2.7618,2.5871,4.6273,1.0846,2.141,3.6242,1.1275,2.7907,3.6547,1.9758,1.9858,4.4784,1.0781,1.9605,4.2584,1.8543,1.6569,3.4521,1.6624,2.4894,3.9991,2.1151,2.5528,4.9182,2.1497,2.382,3.7044,1.1924,3.0695,3.4222,1.4472,1.469,4.2292,0.62545,2.998,3.6223,1.6217,1.7421,4.2294,0.74252,1.9975,2.7403,0.6942,2.1942,3.947,2.6841,2.601,4.5343,1.9958,2.1242,3.4347,1.3874,2.9114,3.5386,1.0811,2.1997,3.6297,2.5342,2.0039,4.4764,1.4888,1.7334,4.4218,1.603,2.5901,3.5835,2.0613,2.2968,4.0758,2.7,2.3693,4.9982,0.45415,2.5297,2.9691
1962.6,0.25761,114.21,13.808,0.026824,439.66,1.5115,1.8339,4.1611,1.2734,2.2299,4.2245,1.2189,1.9802,4.239,2.4876,2.6565,4.2958,0.85915,2.0511,4.2334,1.5193,2.5015,3.8941,3.0447,2.8396,5.8656,1.2135,1.9824,4.2367,1.7453,1.6997,4.2435,1.2826,2.2275,4.2386,0.85129,2.0615,4.2121,2.9092,2.8349,4.5175,5.6707,2.7641,1.4224,1.2627,2.8173,3.6478,0.9451,2.1438,3.0181,2.4902,2.0645,4.465,1.4707,1.666,3.9098,0.65598,2.5813,3.8714,2.0109,1.7641,3.4805,1.0894,2.4328,3.0953,0.25108,2.2891,3.535,1.7818,1.6764,3.3918,2.0857,2.8113,4.3849,1.7871,1.6841,3.3951,1.467,1.6604,3.9185,0.3915,2.1421,3.1864,2.0521,2.3696,4.408,1.4733,1.6746,3.2009,0.8293,1.8934,2.7626,3.039,2.8413,5.851,2.0112,1.772,3.4815,1.0141,2.7179,2.8919,1.8206,2.5874,4.0108,0.63929,1.8827,2.7984,1.0713,2.4398,3.0695,1.9025,1.9169,4.5011,1.6889,1.6783,3.8916,0.51071,2.2012,3.7467,1.1886,2.4511,3.7741,0.98849,2.0742,3.2517,2.5649,2.3099,4.3162,2.085,2.1652,4.6972,1.4825,1.6716,3.9182,1.8949,1.9178,4.497,1.4934,2.1818,3.2642,0.81124,2.0953,3.1675,2.4232,2.3822,4.3299,1.9372,2.5988,4.8702,1.9166,2.5983,4.8479,2.5581,2.3125,4.313,1.2851,2.4972,3.9329,1.6954,2.2369,4.307,2.0123,3.0506,3.9513,0.52214,2.4693,2.493,1.5395,2.0611,4.6198,2.0694,3.0576,4.012,0.37655,2.3825,3.4148,1.6618,1.6162,4.0806,0.70444,2.0327,3.0853,2.2486,2.2463,4.6552,0.65934,2.6071,3.0358,0.99011,2.0794,3.2512,0.094495,2.8913,1.9338,2.0008,1.9925,4.6019,2.5553,2.3142,4.3139,2.6527,2.3279,5.1765,2.098,2.7979,4.3975,1.0792,1.834,3.9583,4.6322,2.9791,0.51517,0.87703,2.1213,3.0412,1.3047,2.0984,4.2803,1.0509,2.0918,3.4866,2.2728,2.742,4.5367,1.7058,1.5886,4.1527,1.1644,2.5536,3.0857,0.75715,2.4375,3.7628,2.059,1.9165,3.7262,1.59,2.4424,3.4629,1.6451,2.5347,3.6032,1.651,1.6602,4.2501,2.07,2.7929,4.5429,2.0867,2.7916,4.5598,3.3851,2.7786,6.1454,1.7061,1.5861,4.1527,1.7156,2.0042,3.4511,2.1071,2.9348,4.9066,1.1649,2.5542,3.0973,2.6285,2.4448,4.977,1.0394,2.6073,4.0667,1.5922,2.4389,3.4649,1.1753,1.8143,4.0921,1.6643,1.6123,4.0789,1.7106,2.004,3.4427,0.27779,2.9426,3.3276,2.8825,2.2969,4.5859,1.3151,1.9494,4.2078,1.2678,2.6782,3.3564,1.4544,2.4583,3.3425,1.8474,1.9732,3.7117,1.9476,2.3616,3.9978,1.0855,2.2859,3.1811,2.54,2.0378,5.1464,1.2453,2.6778,3.3262,1.4439,2.4667,3.33,0.31555,2.9428,3.3631,0.6705,1.8159,2.8909,1.6931,2.019,4.4397,1.4656,1.8485,4.126,5.4998,2.8963,1.8123,0.82024,2.1142,2.7925,1.0365,2.6128,4.0678,2.175,2.5251,3.6222,2.6211,2.4392,4.9658,2.812,2.698,4.5287,2.1487,2.5218,4.5159,2.3494,2.1072,4.2024,0.76597,2.001,3.3389,0.35412,2.4672,2.9093,0.60228,2.1417,3.7111,2.3862,2.492,4.4409,0.77369,2.4604,2.8762,1.2531,1.5888,4.2867,1.6971,2.0116,3.4436,6.2641,2.6879,1.9971,3.2529,2.9355,0.073033,0.77,2.4519,2.8907,1.6629,1.6327,4.0824,1.4972,1.8707,3.181,0.75341,2.4588,2.8683,2.1648,2.3453,4.9362,1.1587,2.5624,3.0887,1.0052,1.9615,3.5041,0.51811,1.9789,3.2605,1.7061,2.0107,3.4399,2.386,2.0887,4.2025,2.1545,2.1531,4.9857,1.285,1.7359,3.8086,0.68579,1.9766,2.7621,2.1566,2.1562,4.9936,2.3282,2.1956,4.4778,1.5693,2.3192,3.9642,4.2598,2.9886,0.18932,1.9542,2.351,3.9989,0.83571,1.9581,4.1225,1.198,2.5823,4.2271,3.5652,2.8457,6.1261,1.5343,1.6224,3.2892,0.30746,2.2989,3.387,5.1265,2.9766,1.0676,0.58997,2.7768,3.291,1.2865,2.5112,2.9913,2.1408,2.1397,4.9654,1.4756,2.0871,4.3604,1.5259,1.6255,3.2911,1.3845,2.9265,3.3663,0.47301,2.4446,2.7492,0.91619,2.4527,3.0033,0.22763,2.6155,3.3423,1.6179,2.2671,4.1333,0.47405,2.4427,2.7388,1.0438,2.1846,3.6498,1.394,1.7992,4.2926,0.32242,2.3057,3.3973,1.5282,1.615,3.2892,0.46938,2.4443,2.7483,3.052,2.8701,5.9739,1.9929,2.5896,4.0261,1.9831,2.1835,4.6004,2.603,2.7751,5.2381,1.8952,1.9559,3.8941,1.294,1.8007,3.6928,2.1529,2.1488,4.9827,1.3941,2.6475,3.9916,1.1208,3.0784,2.9598,4.7054,2.9752,0.42363,1.2781,2.6902,4.351,1.9062,1.9483,3.8819,1.2619,2.6377,2.8822,0.41329,2.7687,3.0132,0.94751,2.8952,4.1379,0.60337,2.5226,2.6054,0.6921,1.9489,2.9737,0.54327,2.4017,3.4161,1.5648,2.1785,4.2421,1.2997,2.6937,4.3688,0.61617,1.959,3.0934,1.9839,1.8852,3.8132,1.1929,1.834,3.6543,2.419,2.7134,4.9259,1.3739,1.5479,4.1623,1.3825,2.1562,3.1688,0.62998,1.9601,3.0952,0.47468,2.4456,2.5853,1.6175,2.2685,4.1374,2.4236,2.7114,4.9403,0.6248,1.9636,3.0882,1.567,1.7077,3.3306,0.50317,3.0435,2.4104,0.59369,2.5244,2.6004,2.9344,2.7466,5.92,6.2312,2.8693,2.592,4.6748,2.9776,0.39056,2.3289,2.3986,3.7242,0.98078,3.0753,3.7719,1.4169,2.279,3.5442,0.88313,3.0751,3.6743,2.3586,2.2359,3.7952,1.1907,1.8309,3.6523,2.4288,2.3425,4.5672,2.5706,2.6418,4.0376,1.2743,2.6809,4.3449,1.8946,1.9436,3.8903,1.147,2.7755,3.6719,2.4227,2.4774,5.0542,1.6087,2.6114,3.3281,2.1667,2.1941,4.1048,0.7847,1.9061,3.3654,2.3275,2.4097,3.7339,2.3312,2.408,3.7304,2.1924,1.91,4.9195,2.6368,2.2874,4.7916,2.3589,2.2383,3.7984,1.3767,1.5874,3.8428,2.4242,2.7131,4.9381,1.8937,1.9463,3.8926,0.77713,2.1377,3.9814,1.6006,1.8189,4.2563,2.4259,2.7127,4.9433,1.446,2.3877,3.2616,5.9432,2.8858,2.2268,1.8544,1.7974,3.4858,1.9618,3.0075,4.2799,2.0284,1.9522,4.7738,1.1211,2.5808,4.2931,1.8976,2.1481,4.8651,1.6124,1.7833,3.9651,1.6043,2.013,3.3763,1.0345,2.7569,3.5828,0.93339,2.8209,3.8284,1.3948,2.4086,3.8511,1.1339,2.779,3.6555,1.8344,1.7728,4.089,0.91822,2.4591,2.785,1.9172,2.0765,4.3939,0.11199,2.7907,2.8769,1.0794,1.9549,4.2634,0.95856,2.3275,3.0312,1.6413,2.396,4.5881,0.97677,2.0762,2.8444,0.73944,1.9922,2.7413,1.6099,1.7797,3.9678,0.92393,2.4566,2.7922,1.3744,1.5862,3.8378,2.7572,2.5853,4.6229,1.0845,2.1442,3.6218,1.1322,2.7847,3.6588,1.976,1.9851,4.4802,1.0743,1.9595,4.2585,1.8553,1.6598,3.4534,1.6626,2.4947,3.9992,2.1172,2.5512,4.9151,2.1455,2.3832,3.6998,1.1991,3.0665,3.4275,1.448,1.4708,4.2268,0.62976,2.9968,3.628,1.62,1.7358,4.2272,0.74132,1.9968,2.7393,0.69706,2.1941,3.9494,2.6803,2.5994,4.5319,1.9985,2.1216,3.4316,1.3917,2.9041,3.5412,1.0804,2.2051,3.6256,2.5362,2.0071,4.4814,1.487,1.7322,4.4215,1.598,2.5889,3.5842,2.0604,2.3026,4.0783,2.6935,2.3661,4.9901,0.46108,2.5287,2.977
1962.6,0.25761,114.21,13.808,0.035765,477.85,1.5076,1.8327,4.1569,1.2719,2.2316,4.2252,1.2147,1.9777,4.2408,2.4839,2.6545,4.2942,0.85952,2.0473,4.2392,1.519,2.5077,3.8945,3.0571,2.8397,5.8814,1.2081,1.98,4.2376,1.7444,1.6933,4.242,1.2845,2.2279,4.2441,0.84844,2.0612,4.2103,2.9148,2.8347,4.5206,5.6572,2.759,1.4071,1.2706,2.8074,3.6556,0.94078,2.1434,3.0167,2.4928,2.0695,4.4723,1.4698,1.662,3.9114,0.65574,2.5855,3.8673,2.013,1.7645,3.4832,1.0943,2.428,3.108,0.24392,2.2905,3.5252,1.7804,1.6772,3.3934,2.0662,2.8057,4.3627,1.7874,1.6882,3.3968,1.464,1.6557,3.9225,0.39024,2.1452,3.1805,2.0579,2.3745,4.4153,1.4728,1.677,3.2015,0.82868,1.8993,2.7598,3.0494,2.8413,5.8631,2.0133,1.7749,3.484,1.0183,2.7184,2.898,1.8214,2.5872,4.0141,0.64214,1.8877,2.7986,1.0708,2.4377,3.0747,1.9042,1.9177,4.5042,1.6919,1.6728,3.8909,0.51063,2.2012,3.7473,1.1868,2.4621,3.7698,0.98232,2.0793,3.2448,2.572,2.3143,4.3258,2.0916,2.171,4.7051,1.4843,1.6712,3.9208,1.8946,1.9183,4.4987,1.4947,2.1852,3.2628,0.80654,2.1016,3.1593,2.4258,2.3867,4.3365,1.9344,2.598,4.8626,1.9085,2.5991,4.8357,2.5628,2.3181,4.3224,1.2844,2.5011,3.928,1.6988,2.2392,4.3121,1.9992,3.0461,3.9369,0.52936,2.4692,2.4996,1.5374,2.0634,4.6238,2.0686,3.0545,4.0096,0.37086,2.3854,3.4066,1.6619,1.6119,4.0799,0.70204,2.037,3.0799,2.2503,2.2488,4.6584,0.66996,2.6027,3.049,0.9843,2.0854,3.2435,0.079941,2.8916,1.9177,2.0038,1.9961,4.6079,2.5593,2.3205,4.3228,2.6443,2.324,5.1675,2.082,2.788,4.3805,1.0793,1.8282,3.9632,4.6359,2.9712,0.51751,0.87326,2.1228,3.0363,1.3047,2.0979,4.286,1.0489,2.0942,3.4837,2.2589,2.737,4.5207,1.7074,1.5851,4.1509,1.1725,2.552,3.0925,0.75958,2.4421,3.7597,2.0606,1.912,3.7212,1.5867,2.4446,3.4611,1.6394,2.5394,3.6021,1.6478,1.6543,4.25,2.0558,2.7858,4.5272,2.0774,2.7843,4.5504,3.3965,2.777,6.1561,1.7083,1.5812,4.1507,1.7207,2.004,3.4508,2.1009,2.9342,4.9019,1.1725,2.553,3.1073,2.6251,2.444,4.9722,1.0448,2.609,4.0662,1.5888,2.44,3.4636,1.1712,1.8191,4.0888,1.6654,1.6059,4.0771,1.7139,2.0038,3.4393,0.27479,2.9408,3.3256,2.8871,2.2981,4.5943,1.3144,1.9493,4.209,1.2746,2.6742,3.3688,1.4501,2.4586,3.342,1.8497,1.9689,3.7065,1.9462,2.3715,4.0001,1.081,2.2873,3.1784,2.5404,2.0336,5.1459,1.2467,2.674,3.3319,1.4366,2.4691,3.3261,0.32597,2.9411,3.3734,0.66776,1.8197,2.8817,1.6899,2.016,4.4468,1.4648,1.8431,4.1285,5.4839,2.8942,1.7964,0.82046,2.1113,2.7967,1.0413,2.6163,4.068,2.1825,2.5254,3.6222,2.6135,2.4367,4.9553,2.8173,2.6951,4.5327,2.1438,2.5189,4.5093,2.3498,2.1096,4.206,0.76554,2.0059,3.3345,0.36592,2.4641,2.9215,0.6017,2.1421,3.7103,2.3863,2.4853,4.4455,0.78391,2.4584,2.8863,1.2523,1.591,4.2863,1.6949,2.0133,3.4411,6.2502,2.6872,1.9784,3.2688,2.9341,0.85941,0.77963,2.4469,2.906,1.6636,1.6313,4.0805,1.4986,1.8732,3.1803,0.75743,2.4564,2.8757,2.1631,2.3436,4.928,1.1645,2.5622,3.096,1.0066,1.9609,3.5041,0.51269,1.9791,3.2621,1.7083,2.0115,3.436,2.3861,2.0922,4.2048,2.1593,2.1526,4.9878,1.2835,1.7294,3.8121,0.68715,1.9764,2.7647,2.1622,2.1571,4.9981,2.3324,2.2001,4.4854,1.5701,2.3298,3.9647,4.2784,2.9811,0.20656,1.9541,2.3565,4.0002,0.83416,1.9558,4.1236,1.2077,2.5865,4.2324,3.5831,2.8422,6.1434,1.5352,1.6247,3.2902,0.30124,2.2993,3.3784,5.1248,2.971,1.0663,0.60198,2.7734,3.3047,1.2939,2.5128,2.9963,2.1411,2.1348,4.9596,1.4759,2.0842,4.3646,1.5261,1.6266,3.2928,1.3875,2.9252,3.3678,0.48221,2.4421,2.7618,0.91335,2.4518,3.005,0.22981,2.6143,3.3428,1.6205,2.2718,4.1368,0.48509,2.4409,2.7493,1.0422,2.1906,3.6459,1.3939,1.7962,4.2922,0.32176,2.308,3.3937,1.528,1.6138,3.2903,0.47858,2.4415,2.7613,3.0762,2.8697,5.9997,1.9877,2.5866,4.0229,1.9881,2.1854,4.6049,2.5902,2.7752,5.2237,1.8969,1.9519,3.8901,1.2939,1.7945,3.6948,2.1564,2.1463,4.9825,1.3909,2.6432,3.9848,1.1213,3.076,2.9589,4.7112,2.9712,0.42766,1.2856,2.692,4.3569,1.9077,1.9444,3.8807,1.2685,2.6383,2.8895,0.43334,2.7664,3.0364,0.95223,2.8965,4.1418,0.61554,2.5231,2.6155,0.69016,1.9552,2.967,0.54155,2.4036,3.4111,1.5642,2.1793,4.2476,1.3158,2.6963,4.3811,0.60934,1.9627,3.0841,1.9856,1.8805,3.811,1.1927,1.8291,3.6579,2.4021,2.7092,4.9036,1.3728,1.5563,4.1585,1.3794,2.156,3.1664,0.62719,1.9647,3.0871,0.47993,2.4436,2.5923,1.6193,2.2744,4.1415,2.4095,2.7069,4.9238,0.6204,1.9691,3.0777,1.5684,1.7055,3.3318,0.49976,3.0446,2.4041,0.60151,2.5258,2.6072,2.9444,2.7475,5.9322,0.050487,2.8713,2.6118,4.6751,2.9728,0.38903,2.3227,2.3951,3.7136,1.0169,3.0724,3.8112,1.4081,2.2886,3.5365,0.89624,3.0734,3.6907,2.3548,2.2352,3.7896,1.1901,1.8246,3.6554,2.43,2.3445,4.5701,2.5658,2.6473,4.0403,1.2798,2.68,4.3481,1.8956,1.9363,3.8848,1.1544,2.7679,3.679,2.4127,2.4741,5.0397,1.6091,2.6077,3.3386,2.1661,2.1969,4.1061,0.7835,1.9078,3.3628,2.3201,2.4101,3.7271,2.3244,2.4069,3.7213,2.1958,1.9181,4.9265,2.6337,2.2863,4.7914,2.3563,2.2383,3.7941,1.3751,1.5879,3.8457,2.4088,2.7099,4.9189,1.8947,1.9402,3.888,0.77657,2.1361,3.9895,1.6001,1.8135,4.2558,2.4126,2.7089,4.9277,1.4463,2.3873,3.2619,5.9491,2.888,2.2348,1.8529,1.7963,3.49,1.9552,3.0009,4.271,2.0341,1.9534,4.782,1.1295,2.5818,4.3018,1.9037,2.1476,4.8666,1.6119,1.7757,3.9647,1.6041,2.0146,3.3706,1.0413,2.75,3.5889,0.94013,2.8171,3.8336,1.401,2.416,3.8539,1.1376,2.7725,3.6574,1.8327,1.7635,4.0873,0.92053,2.4586,2.7898,1.9204,2.0802,4.398,0.12784,2.788,2.8924,1.0767,1.9529,4.2645,0.96294,2.3241,3.0395,1.6448,2.3966,4.5889,0.97565,2.072,2.8481,0.73797,1.9893,2.7413,1.6088,1.7708,3.9675,0.92776,2.4552,2.7995,1.3718,1.5861,3.8383,2.753,2.5837,4.6192,1.0844,2.1476,3.6192,1.1369,2.7787,3.663,1.9762,1.9846,4.482,1.0707,1.9582,4.2587,1.8566,1.6626,3.4548,1.6628,2.4998,3.9992,2.1191,2.5498,4.9119,2.1412,2.3848,3.695,1.2069,3.0636,3.4338,1.4487,1.4729,4.2244,0.63338,2.9957,3.6331,1.6184,1.7294,4.2253,0.74025,1.9961,2.7387,0.69991,2.194,3.9521,2.6769,2.5977,4.5299,2.0013,2.1191,3.4289,1.396,2.8968,3.5437,1.0797,2.2108,3.6213,2.5382,2.0106,4.4865,1.4852,1.7308,4.4212,1.5934,2.5876,3.5851,2.0596,2.3084,4.0808,2.6873,2.363,4.9825,0.46808,2.5278,2.9848
1962.6,0.25761,114.21,13.808,0.044706,515.93,1.5036,1.8314,4.1528,1.2705,2.2331,4.2262,1.2106,1.9751,4.2424,2.4806,2.6526,4.2931,0.85985,2.0436,4.2448,1.5188,2.5136,3.8949,3.0696,2.8396,5.8973,1.2029,1.9775,4.2384,1.7435,1.6869,4.2404,1.2863,2.2282,4.2495,0.84567,2.0608,4.2087,2.9203,2.8344,4.5234,5.6439,2.7539,1.3922,1.278,2.7974,3.663,0.93654,2.1428,3.0152,2.4956,2.0746,4.4797,1.4688,1.6581,3.9129,0.65537,2.5896,3.863,2.0153,1.7649,3.486,1.0981,2.4235,3.1196,0.23673,2.2918,3.5152,1.7789,1.6779,3.395,2.0477,2.7998,4.3413,1.7877,1.6921,3.3984,1.461,1.6512,3.9262,0.38922,2.1482,3.175,2.0635,2.3787,4.4223,1.4722,1.6792,3.2021,0.82823,1.9045,2.7576,3.0599,2.8412,5.8753,2.0155,1.7774,3.4862,1.0225,2.7187,2.9041,1.8224,2.5873,4.0174,0.64494,1.8925,2.7989,1.0702,2.4357,3.0797,1.906,1.9185,4.5073,1.6949,1.6677,3.8905,0.51054,2.2012,3.748,1.1851,2.4724,3.7659,0.97626,2.0842,3.2381,2.5793,2.3186,4.3356,2.0982,2.1765,4.7128,1.4862,1.671,3.9236,1.8944,1.9189,4.5005,1.4959,2.1883,3.2615,0.80165,2.1079,3.1511,2.4284,2.3911,4.3432,1.9316,2.5975,4.855,1.9008,2.5999,4.8238,2.5679,2.3238,4.332,1.2838,2.5049,3.9232,1.7024,2.2416,4.3171,1.9871,3.0417,3.9235,0.53656,2.4692,2.5061,1.535,2.0659,4.6271,2.0679,3.0514,4.0073,0.36525,2.3882,3.3986,1.662,1.608,4.079,0.69959,2.041,3.0747,2.2519,2.2509,4.6614,0.68004,2.5984,3.0618,0.97841,2.0913,3.2358,0.067851,2.8917,1.9021,2.007,1.9999,4.614,2.5636,2.3268,4.3321,2.6359,2.3199,5.1583,2.067,2.7779,4.3646,1.0793,1.8224,3.9679,4.6392,2.9632,0.51941,0.8696,2.1241,3.0317,1.3047,2.0975,4.2917,1.0467,2.0967,3.4806,2.2457,2.7322,4.5055,1.7092,1.5818,4.1491,1.1802,2.5505,3.0989,0.7619,2.4467,3.7565,2.0622,1.9075,3.7163,1.5836,2.4467,3.4596,1.6341,2.5439,3.6017,1.6447,1.6487,4.2498,2.0421,2.7786,4.512,2.0685,2.7771,4.5415,3.4077,2.7754,6.1666,1.7105,1.5763,4.1488,1.726,2.0039,3.4506,2.0955,2.9335,4.8978,1.1799,2.5518,3.1169,2.6217,2.4433,4.9675,1.0497,2.6108,4.0654,1.5856,2.4412,3.4624,1.1668,1.8232,4.0859,1.6666,1.5997,4.0753,1.7172,2.0036,3.4361,0.27231,2.9389,3.3242,2.8914,2.299,4.6024,1.3137,1.9492,4.2102,1.281,2.6702,3.3805,1.446,2.459,3.3417,1.8519,1.9648,3.7015,1.9447,2.3811,4.0024,1.0766,2.2887,3.1757,2.541,2.0297,5.1457,1.2482,2.6703,3.3377,1.4294,2.4713,3.3224,0.33646,2.9393,3.3839,0.66483,1.8235,2.8725,1.6865,2.0132,4.4539,1.464,1.8377,4.1309,5.4677,2.892,1.7802,0.82043,2.1088,2.8006,1.0459,2.62,4.0678,2.1897,2.5258,3.6221,2.6057,2.4339,4.9447,2.823,2.6921,4.537,2.1393,2.5164,4.5033,2.3502,2.1122,4.2101,0.7649,2.011,3.3299,0.37784,2.461,2.934,0.60114,2.1424,3.7096,2.3863,2.4789,4.4502,0.79419,2.4565,2.8965,1.2514,1.5932,4.2859,1.6927,2.0151,3.4385,6.1981,2.6862,1.9596,3.2846,2.9325,2.002,0.78877,2.4419,2.9209,1.6643,1.6298,4.0786,1.4999,1.8754,3.1796,0.76115,2.454,2.8828,2.1613,2.3419,4.9197,1.1701,2.5621,3.1031,1.0079,1.9602,3.5042,0.5071,1.9791,3.2638,1.7105,2.0122,3.4321,2.3862,2.0957,4.2073,2.164,2.152,4.9896,1.2818,1.723,3.8155,0.68849,1.9763,2.7675,2.1678,2.1578,5.0025,2.3368,2.2045,4.493,1.571,2.34,3.9653,4.2955,2.9736,0.22239,1.9541,2.3622,4.0017,0.83246,1.9539,4.1242,1.2175,2.5906,4.2376,3.6007,2.8387,6.1604,1.5361,1.627,3.2912,0.29502,2.2996,3.3697,5.1231,2.9653,1.065,0.61348,2.7699,3.3177,1.3011,2.5144,3.0009,2.1418,2.13,4.9544,1.4759,2.0813,4.3686,1.5262,1.6275,3.2946,1.3904,2.924,3.3692,0.49144,2.4396,2.7744,0.91096,2.4508,3.0072,0.23182,2.6133,3.3431,1.6233,2.2766,4.1403,0.49597,2.4391,2.7599,1.0405,2.1968,3.6418,1.3938,1.7932,4.2918,0.3212,2.3101,3.3903,1.5279,1.6126,3.2913,0.48773,2.4387,2.7743,3.0997,2.8693,6.0249,1.9828,2.5839,4.0202,1.9931,2.1872,4.6095,2.5769,2.7751,5.2088,1.8986,1.9478,3.886,1.2939,1.7883,3.6969,2.1599,2.1437,4.9823,1.3878,2.6389,3.978,1.121,3.0736,2.9574,4.7169,2.967,0.43173,1.2929,2.6936,4.3624,1.9094,1.9404,3.8795,1.275,2.6389,2.8968,0.4529,2.7641,3.059,0.95716,2.8975,4.146,0.62774,2.5237,2.6256,0.68835,1.9614,2.9606,0.53996,2.4053,3.4063,1.5637,2.1799,4.253,1.3316,2.6987,4.3932,0.60261,1.9663,3.0747,1.9874,1.8758,3.8091,1.1924,1.824,3.6616,2.3854,2.705,4.8817,1.3716,1.5643,4.1545,1.3762,2.1558,3.1642,0.62438,1.9691,3.0791,0.48517,2.4416,2.5993,1.6215,2.2807,4.1457,2.3956,2.7025,4.9074,0.61584,1.9744,3.0671,1.5696,1.7033,3.333,0.49601,3.0455,2.3975,0.60914,2.5271,2.6139,2.9548,2.7481,5.9447,5.9644,2.8732,2.6322,4.6758,2.9679,0.38807,2.3168,2.3915,3.703,1.05,3.0693,3.8475,1.399,2.2983,3.5285,0.90942,3.0717,3.7071,2.351,2.2346,3.784,1.1894,1.8182,3.6587,2.431,2.3463,4.5728,2.5611,2.6525,4.0431,1.2852,2.6792,4.3512,1.8966,1.9291,3.8795,1.1613,2.7606,3.6854,2.4028,2.4708,5.0253,1.6095,2.604,3.3493,2.1655,2.1999,4.1076,0.78217,1.9094,3.3599,2.3127,2.4106,3.7202,2.3177,2.4057,3.7121,2.1994,1.9256,4.9334,2.6306,2.2854,4.7912,2.3535,2.2384,3.79,1.3735,1.5885,3.8486,2.3938,2.7067,4.9002,1.8957,1.9342,3.8836,0.77612,2.1344,3.9976,1.5996,1.8082,4.2552,2.3996,2.7051,4.9124,1.4463,2.3871,3.2621,5.9549,2.8901,2.2426,1.8516,1.7952,3.4941,1.9482,2.9942,4.2617,2.04,1.9546,4.79,1.1376,2.5827,4.3105,1.9097,2.1473,4.868,1.6115,1.7682,3.9642,1.6041,2.0164,3.3652,1.0473,2.7436,3.594,0.94616,2.8136,3.838,1.4068,2.4232,3.8567,1.1409,2.7663,3.6588,1.831,1.7542,4.0856,0.92279,2.4581,2.7945,1.9238,2.084,4.4023,0.14378,2.7851,2.9081,1.0739,1.9509,4.2654,0.96686,2.321,3.0472,1.6484,2.3972,4.5898,0.97435,2.0681,2.8513,0.73658,1.9864,2.7413,1.6076,1.7621,3.9672,0.93137,2.4539,2.8067,1.369,1.5861,3.839,2.7493,2.5822,4.616,1.0843,2.1512,3.6164,1.1414,2.7728,3.6668,1.9764,1.984,4.4839,1.067,1.957,4.2588,1.8581,1.6651,3.4563,1.6629,2.5044,3.9992,2.1209,2.5483,4.9087,2.1371,2.3865,3.69,1.2154,3.0605,3.4408,1.4495,1.4751,4.2222,0.63635,2.9945,3.6373,1.6169,1.7231,4.2237,0.73928,1.9952,2.7382,0.70275,2.1939,3.9546,2.6736,2.5961,4.5282,2.0044,2.1166,3.4265,1.4004,2.8895,3.5466,1.0788,2.2168,3.6168,2.5403,2.0141,4.4919,1.4833,1.7295,4.4209,1.5891,2.5863,3.5864,2.0589,2.314,4.0834,2.6815,2.3602,4.9751,0.47509,2.527,2.9926
1962.6,0.25761,114.21,13.808,0.053648,553.68,1.4999,1.8297,4.1489,1.2696,2.2346,4.2276,1.2063,1.9724,4.2438,2.4776,2.651,4.2924,0.86013,2.0402,4.2501,1.5186,2.5192,3.8952,3.0822,2.8394,5.9133,1.1976,1.975,4.2392,1.7427,1.6805,4.2386,1.2879,2.2285,4.2549,0.84298,2.0603,4.2074,2.9256,2.8341,4.5263,5.6311,2.7487,1.3777,1.2849,2.7876,3.6698,0.93236,2.1423,3.0136,2.4985,2.0798,4.4873,1.4677,1.6544,3.9145,0.65486,2.5936,3.8585,2.0175,1.7651,3.4887,1.1011,2.4192,3.1302,0.22954,2.2934,3.505,1.7774,1.6784,3.3966,2.0298,2.7938,4.3205,1.7882,1.6957,3.4,1.4582,1.6469,3.9298,0.38839,2.1508,3.1699,2.0687,2.3825,4.4289,1.4714,1.6813,3.2027,0.8279,1.9094,2.7558,3.0707,2.8412,5.8876,2.0179,1.7797,3.4886,1.0268,2.719,2.9103,1.8232,2.5874,4.0206,0.6477,1.8973,2.7993,1.0694,2.4338,3.0845,1.9078,1.9192,4.5105,1.6978,1.6629,3.8903,0.51044,2.2011,3.7485,1.1836,2.482,3.7626,0.9703,2.0888,3.2315,2.5867,2.3228,4.3454,2.1048,2.1817,4.7205,1.4883,1.671,3.9263,1.8943,1.9196,4.5024,1.497,2.1912,3.2602,0.79657,2.1141,3.1425,2.4311,2.3954,4.3499,1.9289,2.597,4.8469,1.8935,2.6007,4.8121,2.5733,2.3294,4.342,1.283,2.5089,3.9184,1.7061,2.2441,4.3222,1.9759,3.0372,3.911,0.54374,2.4692,2.5127,1.5323,2.0684,4.6302,2.0673,3.0482,4.0051,0.35975,2.3908,3.3909,1.6622,1.6045,4.0782,0.69708,2.0449,3.0694,2.2535,2.253,4.6641,0.68966,2.5941,3.0744,0.97246,2.0969,3.2281,0.049097,2.8917,1.8872,2.0105,2.0038,4.6202,2.5682,2.3332,4.3418,2.6277,2.3158,5.1489,2.053,2.7676,4.3497,1.0793,1.8165,3.9727,4.6421,2.9551,0.52091,0.866,2.1252,3.0272,1.3047,2.0971,4.2973,1.0445,2.0992,3.4776,2.2332,2.7273,4.491,1.711,1.5786,4.1474,1.1876,2.5489,3.1049,0.76415,2.4512,3.7533,2.0638,1.9032,3.7114,1.5805,2.4488,3.4581,1.6291,2.5482,3.6016,1.6414,1.6435,4.2496,2.0288,2.7713,4.4971,2.06,2.7699,4.5331,3.4188,2.7736,6.1769,1.7127,1.5716,4.1467,1.7314,2.0038,3.4506,2.0906,2.933,4.8944,1.187,2.5507,3.1261,2.6183,2.4427,4.9629,1.0543,2.6124,4.0643,1.5824,2.4425,3.4614,1.1624,1.8265,4.0835,1.6679,1.5939,4.0736,1.7206,2.0033,3.4329,0.27035,2.937,3.3233,2.8957,2.2997,4.6103,1.313,1.9492,4.2115,1.2869,2.6664,3.3918,1.4421,2.4595,3.3417,1.8542,1.9606,3.6965,1.9434,2.3907,4.0049,1.0723,2.29,3.1731,2.5418,2.0259,5.1457,1.2497,2.6668,3.3435,1.4224,2.4736,3.319,0.34685,2.9375,3.3942,0.66174,1.8274,2.8631,1.6829,2.0103,4.4611,1.4632,1.8324,4.1333,5.4513,2.8896,1.7636,0.8202,2.1064,2.804,1.0501,2.6235,4.0673,2.1965,2.5261,3.6214,2.5979,2.4311,4.9341,2.829,2.6891,4.5417,2.1352,2.5141,4.4977,2.3507,2.115,4.2144,0.76406,2.0164,3.3247,0.3898,2.4578,2.9467,0.60059,2.1426,3.7088,2.3863,2.4728,4.455,0.80456,2.4544,2.9067,1.2504,1.5955,4.2854,1.6903,2.0168,3.4359,6.1908,2.685,1.9407,3.3001,2.9309,5.8158,0.79738,2.4369,2.9353,1.6649,1.6281,4.0768,1.5012,1.8777,3.1789,0.76462,2.4518,2.8897,2.1596,2.34,4.9114,1.1756,2.562,3.1099,1.0092,1.9596,3.5042,0.50139,1.979,3.2657,1.7127,2.0127,3.4281,2.3863,2.0994,4.2098,2.1687,2.1512,4.9914,1.2801,1.7167,3.8188,0.68981,1.9761,2.7701,2.1733,2.1584,5.0066,2.3412,2.2088,4.5008,1.5718,2.35,3.9658,4.3111,2.9662,0.23695,1.9541,2.368,4.0033,0.83066,1.9523,4.1245,1.2272,2.5947,4.2427,3.618,2.8352,6.1776,1.5371,1.6295,3.2922,0.28881,2.2998,3.361,5.1212,2.9593,1.0636,0.62447,2.7664,3.33,1.3082,2.516,3.0052,2.1427,2.1253,4.9497,1.4758,2.0782,4.3726,1.5264,1.6283,3.2963,1.3933,2.9227,3.3704,0.50063,2.4372,2.787,0.90888,2.4498,3.0096,0.23363,2.6123,3.3432,1.6261,2.2816,4.1439,0.50669,2.4374,2.7704,1.0387,2.2031,3.6375,1.3938,1.7904,4.2912,0.32074,2.3121,3.3871,1.5277,1.6113,3.2923,0.49675,2.4359,2.7873,3.1225,2.8687,6.0495,1.978,2.5813,4.0178,1.9981,2.1888,4.614,2.5632,2.7751,5.1935,1.9003,1.9436,3.8818,1.2939,1.7822,3.6988,2.1634,2.1411,4.9821,1.3847,2.6348,3.9711,1.1198,3.0713,2.9549,4.7226,2.9628,0.4358,1.2998,2.695,4.3676,1.9111,1.9366,3.8785,1.2814,2.6396,2.904,0.47194,2.7616,3.0811,0.96233,2.8982,4.1504,0.63998,2.5243,2.6358,0.68668,1.9673,2.9545,0.53856,2.4068,3.4019,1.5632,2.1802,4.2584,1.3473,2.7008,4.4052,0.59599,1.9698,3.0653,1.9891,1.8713,3.8072,1.1921,1.8189,3.6653,2.3693,2.7007,4.8602,1.3702,1.5722,4.1507,1.373,2.1555,3.162,0.62158,1.9736,3.0711,0.49038,2.4396,2.6064,1.624,2.2872,4.15,2.3821,2.6979,4.8913,0.61115,1.9797,3.0564,1.5709,1.7011,3.3343,0.49179,3.0465,2.3904,0.61657,2.5285,2.6204,2.9654,2.7485,5.9576,1.0296,2.875,2.6531,4.6769,2.9628,0.38762,2.3111,2.3878,3.6925,1.0801,3.0659,3.8807,1.3897,2.308,3.5202,0.92249,3.07,3.7235,2.3473,2.234,3.7785,1.1888,1.8117,3.662,2.4319,2.3482,4.5752,2.5564,2.6575,4.046,1.2906,2.6784,4.3541,1.8976,1.9217,3.8743,1.1678,2.7534,3.6913,2.3932,2.4676,5.0108,1.6098,2.6003,3.3601,2.165,2.2031,4.1093,0.78073,1.9113,3.3569,2.3053,2.411,3.7133,2.3111,2.4045,3.703,2.2034,1.9326,4.9401,2.6275,2.2844,4.7909,2.3508,2.2386,3.786,1.372,1.589,3.8516,2.3791,2.7035,4.8816,1.8967,1.9281,3.8791,0.77578,2.1326,4.0058,1.599,1.803,4.2546,2.387,2.7013,4.8974,1.4463,2.3869,3.2622,5.9607,2.8922,2.2504,1.8506,1.7941,3.4981,1.941,2.9873,4.2522,2.0461,1.9557,4.7978,1.1456,2.5836,4.319,1.9156,2.1471,4.8694,1.6112,1.7609,3.9638,1.6041,2.0183,3.36,1.0528,2.7375,3.5985,0.95161,2.8102,3.8416,1.4126,2.4301,3.8595,1.1439,2.7602,3.6598,1.8292,1.7449,4.084,0.925,2.4576,2.7992,1.9274,2.0879,4.4066,0.15974,2.7821,2.9236,1.071,1.949,4.2663,0.97035,2.3181,3.0544,1.6522,2.398,4.5909,0.97288,2.0644,2.8541,0.7353,1.9837,2.7414,1.6065,1.7535,3.9669,0.93477,2.4526,2.8137,1.3663,1.5858,3.8396,2.746,2.5807,4.6135,1.0843,2.155,3.6135,1.1456,2.767,3.6702,1.9766,1.9836,4.486,1.0632,1.9557,4.2588,1.8595,1.6675,3.4576,1.663,2.5088,3.9992,2.1225,2.5469,4.9052,2.1329,2.3881,3.685,1.2244,3.0573,3.4485,1.4503,1.4775,4.2199,0.6387,2.9934,3.6409,1.6156,1.7168,4.2221,0.73839,1.9943,2.7377,0.70558,2.1939,3.9573,2.6706,2.5946,4.5269,2.0076,2.1142,3.4244,1.4048,2.8822,3.5496,1.0777,2.223,3.6122,2.5425,2.0178,4.4974,1.4814,1.7281,4.4209,1.5852,2.585,3.5881,2.0582,2.3196,4.0861,2.676,2.3573,4.9682,0.48206,2.5263,3.0002
1962.6,0.25761,114.21,13.808,0.062589,591.26,1.4961,1.828,4.1451,1.2689,2.236,4.2293,1.202,1.9695,4.245,2.4748,2.6493,4.292,0.86035,2.0369,4.2552,1.5184,2.5247,3.8956,3.0947,2.8391,5.9294,1.1924,1.9723,4.2401,1.7418,1.6741,4.2369,1.2894,2.2288,4.2602,0.84038,2.0596,4.206,2.9307,2.8338,4.5292,5.6187,2.7433,1.3636,1.2913,2.7778,3.6764,0.92821,2.1417,3.012,2.5017,2.0851,4.4952,1.4667,1.6507,3.9161,0.6542,2.5976,3.8539,2.0197,1.7654,3.4914,1.1034,2.4152,3.14,0.2223,2.2948,3.4947,1.776,1.6788,3.3983,2.0128,2.7878,4.3006,1.7887,1.6991,3.4015,1.4555,1.6427,3.9332,0.38775,2.1533,3.1652,2.0736,2.3858,4.435,1.4706,1.6832,3.2031,0.82766,1.9139,2.7545,3.0816,2.8409,5.9001,2.0205,1.7818,3.4909,1.0313,2.7193,2.9167,1.8242,2.5877,4.024,0.65042,1.9018,2.7999,1.0686,2.4317,3.0893,1.9096,1.9198,4.5138,1.7006,1.6584,3.8904,0.51034,2.201,3.7493,1.1825,2.4909,3.7597,0.96447,2.0933,3.2251,2.5942,2.3268,4.3552,2.1113,2.1867,4.728,1.4905,1.6711,3.9291,1.8944,1.9203,4.5044,1.4982,2.1939,3.2588,0.79131,2.1203,3.1338,2.434,2.3997,4.3566,1.9261,2.5968,4.8387,1.8864,2.6014,4.8004,2.579,2.3351,4.3523,1.2823,2.5127,3.9137,1.7101,2.2465,4.3274,1.9654,3.0326,3.8994,0.55092,2.4694,2.5193,1.5292,2.0711,4.6327,2.0666,3.0449,4.0028,0.35434,2.3932,3.3833,1.6624,1.6013,4.0774,0.69454,2.0486,3.0642,2.2549,2.2548,4.6666,0.69883,2.5898,3.0867,0.96646,2.1023,3.2202,0.050721,2.8916,1.8728,2.0142,2.0079,4.6267,2.5731,2.3397,4.3519,2.6197,2.3117,5.1395,2.0398,2.7569,4.3357,1.0793,1.8107,3.9774,4.6446,2.9467,0.52212,0.86248,2.1261,3.023,1.3048,2.0967,4.3028,1.0423,2.1017,3.4745,2.2212,2.7225,4.4772,1.7129,1.5754,4.1457,1.1947,2.5474,3.1105,0.76636,2.4555,3.7499,2.0655,1.8989,3.7067,1.5776,2.4509,3.4567,1.6245,2.5522,3.602,1.6383,1.6385,4.2493,2.016,2.7639,4.4827,2.0519,2.7626,4.5249,3.4298,2.7717,6.1871,1.715,1.5668,4.1448,1.7369,2.0037,3.4508,2.0865,2.9325,4.8916,1.1939,2.5498,3.135,2.615,2.442,4.9584,1.0588,2.6139,4.0628,1.5793,2.4437,3.4605,1.1581,1.8293,4.0812,1.6691,1.5883,4.0718,1.7241,2.003,3.4301,0.26881,2.9351,3.3227,2.8999,2.3001,4.6179,1.3123,1.9492,4.2129,1.2925,2.6628,3.4026,1.4383,2.4601,3.3418,1.8566,1.9563,3.6915,1.9422,2.3999,4.0076,1.0682,2.2913,3.1706,2.5425,2.0223,5.1459,1.2511,2.6634,3.3495,1.4157,2.4759,3.3157,0.35708,2.9356,3.4043,0.65852,1.8312,2.8537,1.6792,2.0075,4.468,1.4623,1.8272,4.1355,5.4347,2.8871,1.747,0.81981,2.1042,2.807,1.0541,2.627,4.0666,2.203,2.5264,3.6207,2.5901,2.4282,4.9233,2.8353,2.6863,4.5466,2.1314,2.512,4.4925,2.3514,2.1182,4.2188,0.76299,2.0221,3.3193,0.4018,2.4546,2.9595,0.60004,2.1428,3.7081,2.3865,2.4671,4.4601,0.815,2.4523,2.917,1.2492,1.5979,4.2847,1.6879,2.0185,3.4333,6.1709,2.6837,1.922,3.3152,2.9292,0.089081,0.8054,2.4321,2.9492,1.6656,1.6264,4.075,1.5026,1.88,3.1782,0.76784,2.4496,2.8963,2.1579,2.3381,4.9032,1.1808,2.5619,3.1166,1.0105,1.9589,3.5043,0.49555,1.979,3.2677,1.7149,2.013,3.4242,2.3864,2.1032,4.2125,2.1734,2.1505,4.993,1.2784,1.7106,3.8219,0.69111,1.9761,2.7727,2.1787,2.1589,5.0106,2.3455,2.2131,4.5085,1.5726,2.3595,3.9662,4.3256,2.9588,0.25043,1.9543,2.374,4.005,0.8288,1.9508,4.1245,1.2371,2.5987,4.2478,3.6349,2.8316,6.1934,1.5383,1.6322,3.2932,0.28264,2.3,3.3521,5.1191,2.9533,1.0622,0.63493,2.7628,3.3418,1.3149,2.5175,3.0092,2.1439,2.1208,4.9454,1.4755,2.075,4.3766,1.5266,1.6291,3.298,1.3959,2.9214,3.3715,0.50979,2.4346,2.7996,0.90706,2.4488,3.0123,0.23525,2.6111,3.343,1.629,2.2866,4.1476,0.51724,2.4358,2.7807,1.0368,2.2096,3.6331,1.3938,1.7876,4.2905,0.32036,2.314,3.3841,1.5275,1.6101,3.2934,0.50563,2.4331,2.7999,3.1448,2.868,6.0735,1.9733,2.5789,4.0156,2.0031,2.1903,4.6185,2.5491,2.7748,5.1776,1.902,1.9393,3.8775,1.2937,1.7762,3.7009,2.1668,2.1384,4.9819,1.3819,2.6308,3.9645,1.1179,3.0691,2.9519,4.7281,2.9584,0.43986,1.3066,2.6964,4.3724,1.9129,1.9327,3.8776,1.2877,2.6403,2.9112,0.49036,2.7592,3.1024,0.96776,2.8986,4.155,0.65222,2.5249,2.6459,0.68517,1.9733,2.9487,0.53734,2.408,3.3978,1.5629,2.1804,4.2637,1.3627,2.7028,4.4168,0.58953,1.9731,3.0557,1.9907,1.8668,3.8055,1.1919,1.8137,3.669,2.3537,2.6964,4.8391,1.3688,1.5797,4.1468,1.3698,2.1552,3.1597,0.61882,1.9779,3.0633,0.49556,2.4376,2.6134,1.6267,2.2939,4.1543,2.3689,2.6934,4.8754,0.60634,1.9849,3.0456,1.572,1.699,3.3355,0.4871,3.0474,2.3829,0.62377,2.53,2.6268,2.9764,2.7487,5.9706,1.3259,2.8766,2.6745,4.6784,2.9577,0.38767,2.3056,2.384,3.682,1.1071,3.0623,3.9108,1.3802,2.3176,3.5119,0.93546,3.0683,3.7398,2.3437,2.2334,3.7732,1.1881,1.8049,3.6655,2.4327,2.3499,4.5775,2.5519,2.6623,4.0489,1.296,2.6777,4.357,1.8986,1.9144,3.8693,1.1739,2.7464,3.6967,2.3837,2.4643,4.9965,1.6103,2.5966,3.371,2.1646,2.2065,4.111,0.77916,1.9132,3.3537,2.298,2.4115,3.7064,2.3047,2.4033,3.694,2.2075,1.9391,4.9467,2.6244,2.2833,4.7906,2.3481,2.2388,3.7821,1.3703,1.5895,3.8545,2.3647,2.7002,4.8634,1.8979,1.9221,3.8746,0.77555,2.1307,4.0139,1.5985,1.7977,4.254,2.3748,2.6975,4.8829,1.4462,2.3868,3.2622,5.9663,2.8943,2.2581,1.8497,1.7931,3.502,1.9337,2.9804,4.2425,2.0523,1.9569,4.8055,1.1534,2.5845,4.3273,1.9216,2.1468,4.8709,1.6107,1.7537,3.9634,1.6042,2.0203,3.355,1.0576,2.7317,3.6024,0.95657,2.807,3.8447,1.4182,2.4367,3.8623,1.1467,2.7545,3.6604,1.8273,1.7358,4.0825,0.92718,2.4572,2.8037,1.9311,2.0921,4.4112,0.17566,2.7788,2.9391,1.0681,1.9472,4.267,0.97339,2.3155,3.061,1.6562,2.3989,4.5921,0.97128,2.0609,2.8566,0.73409,1.9811,2.7416,1.6053,1.7452,3.9666,0.93798,2.4513,2.8206,1.3636,1.5854,3.8404,2.7431,2.5795,4.6115,1.084,2.1589,3.6105,1.1495,2.7614,3.6733,1.9768,1.9832,4.4882,1.0596,1.9543,4.2588,1.861,1.6697,3.459,1.663,2.5129,3.999,2.1239,2.5455,4.9018,2.1286,2.3898,3.6799,1.2341,3.054,3.4568,1.4511,1.4802,4.2176,0.64041,2.9923,3.6439,1.6143,1.7106,4.2206,0.73757,1.9936,2.7374,0.70839,2.1938,3.96,2.6677,2.5931,4.5259,2.0109,2.1119,3.4228,1.4092,2.8749,3.5526,1.0764,2.2293,3.6073,2.5447,2.0215,4.5032,1.4795,1.7267,4.4209,1.5816,2.5836,3.5902,2.0577,2.3252,4.0888,2.6708,2.3547,4.9615,0.48896,2.5258,3.0077
1962.6,0.25761,114.21,13.808,0.07153,628.57,1.4924,1.826,4.1413,1.2686,2.2372,4.2312,1.1977,1.9668,4.246,2.4722,2.6478,4.2919,0.8605,2.0338,4.2602,1.5183,2.5299,3.896,3.1075,2.8386,5.9453,1.1873,1.9695,4.2408,1.7411,1.6675,4.2351,1.2908,2.2289,4.2657,0.83786,2.059,4.205,2.9358,2.8336,4.5321,5.6065,2.7377,1.3499,1.2973,2.7681,3.6824,0.92408,2.1411,3.0104,2.5049,2.0903,4.5032,1.4656,1.6473,3.9175,0.65338,2.6015,3.8491,2.0221,1.7655,3.4941,1.1051,2.4113,3.1489,0.21501,2.2964,3.4843,1.7745,1.6791,3.3999,1.9966,2.7817,4.2815,1.7892,1.7023,3.4029,1.453,1.6387,3.9363,0.38729,2.1557,3.1608,2.0783,2.3888,4.4407,1.4698,1.6851,3.2036,0.82747,1.918,2.7535,3.0929,2.8408,5.9128,2.0231,1.7838,3.4934,1.0358,2.7194,2.9233,1.8251,2.588,4.0272,0.65311,1.9061,2.8004,1.0677,2.4297,3.0939,1.9115,1.9204,4.517,1.7035,1.6543,3.8906,0.51025,2.2009,3.7499,1.1817,2.4991,3.7574,0.95875,2.0974,3.2188,2.6017,2.3306,4.365,2.1179,2.1914,4.7353,1.4927,1.6713,3.932,1.8947,1.9211,4.5065,1.4993,2.1964,3.2576,0.78586,2.1264,3.1249,2.4367,2.4038,4.3633,1.9232,2.5967,4.8303,1.8797,2.602,4.789,2.5849,2.3408,4.3631,1.2815,2.5165,3.909,1.7141,2.2492,4.3326,1.9554,3.0281,3.8883,0.55807,2.4695,2.5259,1.526,2.0738,4.6348,2.0658,3.0415,4.0004,0.34904,2.3956,3.3761,1.6626,1.5983,4.0766,0.69197,2.0521,3.0591,2.2562,2.2565,4.6689,0.70757,2.5857,3.0988,0.96046,2.1075,3.2125,0.039536,2.8915,1.8593,2.0182,2.012,4.6332,2.5783,2.3463,4.3623,2.6118,2.3075,5.13,2.0273,2.7461,4.3226,1.0792,1.805,3.9821,4.647,2.9383,0.5231,0.85903,2.127,3.0189,1.3049,2.0963,4.3084,1.0401,2.1043,3.4714,2.2097,2.7177,4.464,1.7149,1.5724,4.1441,1.2016,2.546,3.1159,0.76852,2.4596,3.7467,2.0671,1.8946,3.7019,1.5746,2.4529,3.4556,1.6203,2.5558,3.603,1.6351,1.634,4.2489,2.0035,2.7562,4.4685,2.0441,2.7553,4.517,3.4406,2.7699,6.1969,1.7173,1.5623,4.1427,1.7425,2.0036,3.4512,2.0827,2.9321,4.8891,1.2005,2.5489,3.1436,2.6119,2.4414,4.954,1.0628,2.6153,4.0611,1.5762,2.4449,3.4598,1.1536,1.8317,4.0792,1.6705,1.583,4.0701,1.7276,2.0028,3.4272,0.26761,2.9331,3.3225,2.9039,2.3003,4.6251,1.3115,1.9491,4.2143,1.2978,2.6592,3.413,1.4346,2.4606,3.342,1.8591,1.9522,3.6866,1.9411,2.4089,4.0104,1.0641,2.2924,3.1682,2.5433,2.0187,5.1463,1.2525,2.6601,3.3555,1.409,2.4781,3.3125,0.367,2.9336,3.414,0.65522,1.8348,2.8443,1.6754,2.0048,4.4749,1.4616,1.822,4.1377,5.4183,2.8845,1.7302,0.81926,2.1021,2.8098,1.0578,2.6305,4.0657,2.2095,2.5267,3.6197,2.5822,2.4251,4.9125,2.8417,2.6833,4.5518,2.128,2.5101,4.4875,2.352,2.1214,4.2235,0.76175,2.0279,3.3136,0.41379,2.4515,2.9724,0.59949,2.1431,3.7073,2.3866,2.4615,4.4652,0.82552,2.4502,2.9273,1.2482,1.6004,4.2839,1.6854,2.0201,3.4306,6.1539,2.6821,1.9033,3.33,2.9273,0.052434,0.81282,2.4274,2.9624,1.6661,1.6246,4.0731,1.504,1.8821,3.1776,0.77079,2.4475,2.9025,2.1563,2.336,4.895,1.186,2.5618,3.1231,1.0116,1.9581,3.5043,0.48957,1.9789,3.2699,1.7173,2.0132,3.4205,2.3865,2.107,4.2154,2.1779,2.1495,4.9944,1.2764,1.7048,3.825,0.69237,1.976,2.7753,2.1839,2.1592,5.0143,2.3499,2.2172,4.5163,1.5734,2.3686,3.9667,4.339,2.9514,0.26296,1.9544,2.3801,4.0068,0.82691,1.9496,4.1242,1.2468,2.6026,4.2529,3.6515,2.8281,6.2097,1.5394,1.635,3.2941,0.27654,2.3,3.3433,5.1169,2.9471,1.0608,0.64484,2.7592,3.3529,1.3215,2.5191,3.0129,2.1455,2.1166,4.9415,1.475,2.0717,4.3805,1.5267,1.6297,3.2997,1.3984,2.9203,3.3723,0.51887,2.4321,2.8122,0.90545,2.4477,3.0152,0.23666,2.6101,3.3425,1.632,2.2918,4.1513,0.52762,2.4341,2.7909,1.0347,2.2162,3.6285,1.3939,1.7848,4.2898,0.32008,2.3158,3.3813,1.5274,1.609,3.2944,0.51434,2.4303,2.8125,3.1664,2.8672,6.0969,1.9687,2.5764,4.0135,2.0082,2.1916,4.6227,2.5346,2.7744,5.1613,1.9037,1.935,3.8733,1.2936,1.7702,3.7029,2.1703,2.1357,4.9819,1.379,2.6269,3.9579,1.1154,3.0669,2.9481,4.7336,2.954,0.4439,1.3131,2.6976,4.3769,1.9149,1.929,3.8768,1.2939,2.641,2.9183,0.50813,2.7567,3.1231,0.97348,2.8988,4.1601,0.66445,2.5255,2.656,0.68384,1.979,2.9431,0.5363,2.4091,3.3939,1.5627,2.1803,4.2691,1.3779,2.7047,4.4282,0.58326,1.9762,3.0464,1.9924,1.8626,3.8039,1.1915,1.8084,3.6727,2.3385,2.6922,4.8187,1.3674,1.5869,4.1429,1.3664,2.1548,3.1576,0.61608,1.9823,3.0555,0.50068,2.4356,2.6205,1.6299,2.301,4.1587,2.3559,2.6888,4.8598,0.60143,1.99,3.0348,1.5731,1.6968,3.3367,0.48176,3.0481,2.3747,0.63075,2.5316,2.6329,2.9877,2.7487,5.9839,0.073783,2.878,2.696,4.6802,2.9526,0.38819,2.3002,2.3801,3.6717,1.1312,3.0585,3.9383,1.3705,2.3272,3.5032,0.94814,3.0664,3.7559,2.3402,2.2328,3.7678,1.1872,1.7982,3.669,2.4334,2.3516,4.5797,2.5472,2.6668,4.0516,1.3013,2.677,4.3597,1.8995,1.9071,3.8642,1.1796,2.7396,3.7017,2.3745,2.461,4.9823,1.6108,2.593,3.382,2.1641,2.21,4.113,0.77749,1.9153,3.3504,2.2909,2.412,3.6995,2.2982,2.4021,3.6849,2.2117,1.9451,4.9532,2.6212,2.2824,4.7902,2.3455,2.2391,3.7782,1.3688,1.59,3.8574,2.3506,2.6967,4.8455,1.8989,1.9163,3.8702,0.77539,2.1287,4.022,1.5979,1.7925,4.2534,2.363,2.6938,4.8687,1.4462,2.3868,3.2622,5.9719,2.8964,2.2657,1.8489,1.7922,3.5057,1.9263,2.9734,4.2328,2.0585,1.9579,4.813,1.1609,2.5854,4.3356,1.9274,2.1468,4.8724,1.6103,1.7468,3.963,1.6045,2.0224,3.3502,1.0621,2.7262,3.6058,0.96106,2.804,3.8472,1.4236,2.4431,3.8651,1.1492,2.7489,3.6608,1.8256,1.7267,4.0809,0.92931,2.4568,2.8082,1.9349,2.0963,4.4159,0.19153,2.7754,2.9545,1.0652,1.9452,4.2677,0.97602,2.3131,3.0671,1.6602,2.4,4.5934,0.96955,2.0577,2.8587,0.73293,1.9786,2.7417,1.6042,1.737,3.9665,0.94103,2.4502,2.8273,1.3608,1.5848,3.841,2.7405,2.5784,4.61,1.0839,2.1629,3.6074,1.1532,2.7559,3.6762,1.9768,1.9829,4.4905,1.056,1.9531,4.2587,1.8626,1.6718,3.4604,1.663,2.5168,3.9989,2.1253,2.5442,4.8982,2.1244,2.3917,3.6747,1.2442,3.0508,3.4656,1.4519,1.4828,4.2152,0.64152,2.9913,3.6463,1.6133,1.7045,4.2192,0.73678,1.9927,2.7372,0.71119,2.1937,3.9627,2.665,2.5917,4.5251,2.0144,2.1095,3.4214,1.4134,2.8676,3.5558,1.0749,2.2359,3.6022,2.5472,2.0253,4.5092,1.4775,1.7252,4.4211,1.5783,2.5823,3.5926,2.0573,2.3307,4.0917,2.6659,2.3522,4.9554,0.49579,2.5254,3.0149
1962.6,0.25761,114.21,13.808,0.080471,665.33,1.4887,1.8239,4.1378,1.2686,2.2385,4.2334,1.1933,1.9639,4.2469,2.4697,2.6463,4.2919,0.86059,2.0308,4.2648,1.5182,2.5349,3.8964,3.1202,2.8381,5.9614,1.1824,1.9667,4.2416,1.7404,1.6609,4.2333,1.2922,2.2291,4.2712,0.83541,2.0583,4.2039,2.9408,2.8332,4.535,5.5947,2.732,1.3365,1.3029,2.7585,3.6879,0.91997,2.1405,3.0088,2.5084,2.0956,4.5114,1.4643,1.6439,3.9191,0.65248,2.6055,3.8444,2.0244,1.7657,3.4968,1.1063,2.4077,3.1572,0.20768,2.2978,3.4737,1.7731,1.6794,3.4015,1.9812,2.7754,4.2632,1.7898,1.7054,3.4045,1.4506,1.6347,3.9394,0.38695,2.1579,3.1565,2.0826,2.3915,4.446,1.4688,1.6868,3.2041,0.82732,1.922,2.7526,3.1043,2.8405,5.9257,2.0258,1.7856,3.4957,1.0404,2.7196,2.9298,1.8262,2.5884,4.0305,0.65574,1.9104,2.8011,1.0668,2.4277,3.0985,1.9134,1.9209,4.5203,1.7064,1.6502,3.891,0.51018,2.2007,3.7507,1.1811,2.5069,3.7556,0.95315,2.1016,3.2128,2.6093,2.3344,4.3747,2.1244,2.1958,4.7426,1.4949,1.6717,3.9348,1.895,1.9219,4.5086,1.5005,2.1987,3.2562,0.78025,2.1326,3.1158,2.4396,2.408,4.3701,1.9204,2.5968,4.8216,1.8731,2.6026,4.7777,2.5911,2.3464,4.3741,1.2807,2.5203,3.9044,1.7185,2.2519,4.3378,1.9461,3.0235,3.878,0.56515,2.4698,2.5324,1.5225,2.0767,4.6364,2.065,3.0381,3.9981,0.34385,2.3977,3.369,1.6629,1.5955,4.0758,0.68938,2.0554,3.0541,2.2576,2.258,4.671,0.71594,2.5814,3.1107,0.95446,2.1126,3.2048,0.14545,2.8912,1.8463,2.0225,2.0161,4.6399,2.5838,2.3528,4.3731,2.6042,2.3033,5.1204,2.0156,2.735,4.3102,1.0791,1.7993,3.9867,4.6491,2.9298,0.52378,0.85562,2.1279,3.0149,1.3052,2.0959,4.3138,1.0378,2.1069,3.4682,2.1987,2.713,4.4512,1.7169,1.5694,4.1426,1.2083,2.5445,3.1209,0.77068,2.4637,3.7435,2.0687,1.8903,3.6974,1.5717,2.4549,3.4544,1.6163,2.5593,3.6043,1.632,1.6295,4.2485,1.9914,2.7485,4.4548,2.0366,2.7477,4.5094,3.4512,2.7679,6.2067,1.7196,1.5576,4.1407,1.7482,2.0035,3.4517,2.0793,2.9316,4.8869,1.2069,2.548,3.1518,2.6087,2.4408,4.9496,1.0667,2.6167,4.0593,1.5733,2.4462,3.4591,1.1491,1.8338,4.0774,1.6719,1.5779,4.0685,1.7311,2.0024,3.4246,0.26675,2.9313,3.3225,2.908,2.3004,4.6321,1.3107,1.9491,4.2157,1.3028,2.6558,3.4231,1.4311,2.4612,3.3423,1.8614,1.948,3.6818,1.94,2.4176,4.0134,1.06,2.2937,3.166,2.5441,2.0153,5.1467,1.2539,2.6569,3.3614,1.4025,2.4802,3.3094,0.37662,2.9316,3.4235,0.65187,1.8383,2.8348,1.6714,2.0022,4.4816,1.4608,1.8171,4.1397,5.4019,2.8818,1.7136,0.8186,2.1002,2.8122,1.0614,2.6339,4.0645,2.215,2.5272,3.6184,2.5745,2.422,4.9018,2.8483,2.6803,4.557,2.1247,2.5085,4.4828,2.3527,2.1249,4.2283,0.76031,2.0338,3.3077,0.42576,2.4484,2.9854,0.59895,2.1433,3.7065,2.3868,2.4564,4.4703,0.83614,2.448,2.9378,1.2469,1.6029,4.283,1.683,2.0216,3.428,6.1369,2.6805,1.8849,3.3443,2.9255,0.068154,0.81974,2.4228,2.9751,1.6667,1.6228,4.0715,1.5054,1.8842,3.1769,0.77357,2.4456,2.9085,2.1548,2.3339,4.887,1.1909,2.5618,3.1294,1.0128,1.9573,3.5044,0.48349,1.9786,3.2721,1.7195,2.0132,3.4166,2.3868,2.1111,4.2183,2.1825,2.1485,4.9958,1.2745,1.6991,3.828,0.69361,1.976,2.7778,2.189,2.1595,5.0179,2.3543,2.2212,4.5239,1.5741,2.3774,3.9671,4.3514,2.944,0.27454,1.9547,2.3862,4.0086,0.82499,1.9485,4.1238,1.2568,2.6067,4.2579,3.6679,2.8245,6.2184,1.5407,1.6379,3.2952,0.27051,2.3001,3.3345,5.1147,2.9408,1.0593,0.65427,2.7555,3.3633,1.3278,2.5206,3.0164,2.1472,2.1124,4.9379,1.4745,2.0683,4.3844,1.5268,1.6303,3.3013,1.4008,2.919,3.373,0.52788,2.4296,2.8248,0.90398,2.4466,3.0182,0.23784,2.6091,3.3417,1.635,2.297,4.1552,0.5378,2.4326,2.8011,1.0326,2.223,3.6239,1.394,1.7823,4.2889,0.31988,2.3174,3.3786,1.5273,1.6077,3.2955,0.52286,2.4276,2.8249,3.1875,2.8663,6.1197,1.9642,2.5742,4.0116,2.0131,2.193,4.627,2.5198,2.7739,5.1446,1.9053,1.9305,3.869,1.2934,1.7643,3.7048,2.1738,2.133,4.9818,1.3763,2.6229,3.9514,1.1121,3.065,2.9436,4.7388,2.9494,0.44786,1.3195,2.6989,4.3813,1.9168,1.9253,3.8762,1.3,2.6419,2.9254,0.52526,2.7541,3.143,0.97949,2.8988,4.1653,0.6766,2.5262,2.666,0.68263,1.9847,2.9379,0.53538,2.4101,3.3903,1.5625,2.18,4.2743,1.3927,2.7063,4.4392,0.57714,1.9791,3.0371,1.994,1.8584,3.8024,1.1911,1.8032,3.6765,2.324,2.6878,4.7989,1.3658,1.5939,4.1388,1.3631,2.1543,3.1555,0.61338,1.9867,3.0479,0.50573,2.4336,2.6274,1.6333,2.3083,4.1633,2.3434,2.6842,4.8445,0.59645,1.995,3.0241,1.5742,1.6948,3.3381,0.47563,3.0489,2.3658,0.63747,2.5333,2.6387,2.9993,2.7485,5.9975,0.092201,2.8794,2.7176,4.6822,2.9474,0.38907,2.2952,2.3761,3.6614,1.1526,3.0546,3.9628,1.3606,2.3367,3.4946,0.95978,3.0646,3.7709,2.3367,2.2324,3.7626,1.1863,1.7913,3.6727,2.4342,2.3532,4.5818,2.5425,2.6713,4.0544,1.3066,2.6765,4.3622,1.9005,1.8998,3.8593,1.185,2.7329,3.7064,2.3656,2.4578,4.9683,1.6113,2.5894,3.393,2.1637,2.2137,4.115,0.77574,1.9174,3.3469,2.2838,2.4125,3.6928,2.2919,2.4008,3.6759,2.2162,1.9507,4.9596,2.6181,2.2813,4.7898,2.3428,2.2395,3.7744,1.3673,1.5905,3.8604,2.3369,2.6932,4.828,1.9001,1.9105,3.8658,0.77528,2.1267,4.0301,1.5973,1.7875,4.2528,2.3516,2.6899,4.8549,1.4461,2.3869,3.2622,5.9773,2.8984,2.2732,1.8483,1.7911,3.5095,1.9191,2.9664,4.2233,2.0647,1.959,4.8204,1.1682,2.5863,4.3436,1.9332,2.1468,4.8739,1.6098,1.7399,3.9627,1.6048,2.0245,3.3457,1.0663,2.7209,3.6089,0.96519,2.801,3.8493,1.4289,2.4492,3.868,1.1515,2.7435,3.6611,1.8238,1.7178,4.0795,0.93141,2.4564,2.8127,1.939,2.1007,4.4207,0.2072,2.7717,2.9697,1.0622,1.9434,4.2683,0.97839,2.3109,3.0728,1.6643,2.4012,4.5948,0.96776,2.0545,2.8606,0.73187,1.9763,2.7418,1.6031,1.7291,3.9662,0.94392,2.449,2.8339,1.3581,1.584,3.8418,2.7382,2.5773,4.6088,1.0836,2.1671,3.6042,1.1568,2.7505,3.6789,1.9769,1.9827,4.4928,1.0525,1.9517,4.2587,1.8642,1.6738,3.4619,1.6631,2.5206,3.9988,2.1267,2.5429,4.8946,2.1202,2.3936,3.6696,1.2548,3.0474,3.4748,1.4527,1.4856,4.213,0.64207,2.9903,3.648,1.6123,1.6985,4.2179,0.73604,1.9918,2.737,0.71397,2.1937,3.9653,2.6624,2.5903,4.5245,2.0179,2.1072,3.42,1.4178,2.8602,3.5591,1.0732,2.2425,3.597,2.5497,2.0292,4.5153,1.4757,1.7238,4.4213,1.5752,2.5808,3.5953,2.0569,2.3362,4.0947,2.6614,2.3498,4.9494,0.50253,2.5251,3.0221
1962.6,0.25761,114.21,13.808,0.089412,702.21,1.4852,1.8215,4.1344,1.2688,2.2396,4.2358,1.1889,1.9609,4.2476,2.4673,2.6449,4.2922,0.86059,2.0282,4.2693,1.5181,2.5398,3.8968,3.133,2.8374,5.9774,1.1773,1.9637,4.2424,1.7398,1.6545,4.2314,1.2933,2.2292,4.2766,0.83307,2.0576,4.203,2.9456,2.833,4.5378,5.5832,2.7263,1.3234,1.308,2.7491,3.6929,0.9159,2.1398,3.0071,2.512,2.101,4.5196,1.4631,1.6408,3.9205,0.6514,2.6093,3.8393,2.0269,1.7658,3.4994,1.1067,2.4044,3.1645,0.20031,2.2993,3.463,1.7716,1.6794,3.4032,1.9667,2.7693,4.2459,1.7905,1.7083,3.4059,1.4483,1.631,3.9421,0.38677,2.16,3.1526,2.0866,2.3938,4.451,1.4679,1.6885,3.2044,0.8272,1.9255,2.7521,3.1158,2.8403,5.9386,2.0286,1.7872,3.4982,1.0451,2.7196,2.9364,1.8272,2.5889,4.0338,0.65834,1.9144,2.8019,1.0659,2.4257,3.1029,1.9153,1.9214,4.5236,1.7091,1.6463,3.8914,0.51017,2.2005,3.7515,1.1808,2.5139,3.7544,0.94772,2.1053,3.2069,2.6169,2.3379,4.3843,2.1307,2.1999,4.7495,1.4972,1.672,3.9375,1.8956,1.9227,4.5107,1.5016,2.2009,3.2549,0.77452,2.1386,3.1067,2.4424,2.412,4.3766,1.9176,2.597,4.8128,1.8669,2.6032,4.7666,2.5975,2.3519,4.3852,1.2799,2.5238,3.8999,1.7229,2.2546,4.3431,1.9372,3.0189,3.8682,0.57221,2.47,2.5389,1.5188,2.0795,4.6376,2.0641,3.0347,3.9957,0.33884,2.3997,3.3623,1.6631,1.593,4.075,0.68683,2.0585,3.0493,2.2588,2.2594,4.6728,0.72369,2.5773,3.1221,0.94857,2.1173,3.1973,0.17936,2.8909,1.8342,2.027,2.0203,4.6467,2.5895,2.3592,4.3841,2.5969,2.2991,5.1109,2.0046,2.724,4.2987,1.079,1.7939,3.9911,4.651,2.9213,0.52427,0.8523,2.1286,3.0113,1.3054,2.0956,4.3192,1.0354,2.1096,3.4649,2.1882,2.7083,4.4392,1.7189,1.5665,4.141,1.2147,2.5431,3.1256,0.77276,2.4675,3.7402,2.0704,1.8862,3.6928,1.5689,2.457,3.4534,1.6129,2.5624,3.6061,1.6288,1.6255,4.2481,1.9799,2.7407,4.4414,2.0294,2.7403,4.5022,3.4617,2.7659,6.2162,1.722,1.5531,4.1386,1.7538,2.0034,3.4523,2.0762,2.9314,4.8851,1.2129,2.5472,3.1597,2.6059,2.4402,4.9454,1.0703,2.618,4.0572,1.5704,2.4474,3.4586,1.1446,1.8355,4.0757,1.6735,1.5733,4.0669,1.7346,2.0021,3.4222,0.26585,2.9294,3.3225,2.9117,2.3002,4.6388,1.3099,1.9492,4.2172,1.3074,2.6526,3.4326,1.4277,2.4619,3.3429,1.864,1.9439,3.6772,1.9392,2.426,4.0164,1.0561,2.2947,3.1637,2.5449,2.012,5.147,1.2554,2.654,3.3673,1.3961,2.4822,3.3066,0.38575,2.9295,3.4324,0.64851,1.8416,2.8257,1.6674,1.9997,4.488,1.46,1.8121,4.1416,5.3856,2.879,1.6968,0.81779,2.0984,2.8144,1.0646,2.6373,4.0631,2.2203,2.5274,3.6167,2.5668,2.4188,4.8911,2.8552,2.6774,4.5626,2.1217,2.5071,4.4785,2.3535,2.1285,4.2334,0.75866,2.0399,3.3014,0.43764,2.4454,2.9982,0.59839,2.1434,3.7058,2.387,2.4514,4.4757,0.84674,2.4458,2.9484,1.2457,1.6056,4.2821,1.6804,2.0231,3.4252,6.12,2.6786,1.8666,3.3582,2.9235,0.081352,0.82593,2.4184,2.9869,1.6673,1.621,4.0698,1.5069,1.8863,3.1763,0.77599,2.4437,2.914,2.1535,2.3319,4.8792,1.1957,2.5618,3.1354,1.0138,1.9566,3.5045,0.47725,1.9785,3.2745,1.7218,2.0132,3.4129,2.387,2.115,4.2216,2.187,2.1474,4.9969,1.2725,1.6938,3.8308,0.69482,1.976,2.7802,2.1941,2.1596,5.0212,2.3585,2.2252,4.5314,1.5748,2.386,3.9674,4.3632,2.9367,0.28567,1.955,2.3924,4.0106,0.82309,1.9476,4.1232,1.2665,2.6105,4.2626,3.684,2.821,6.2316,1.5421,1.641,3.2961,0.26458,2.3001,3.3257,5.1124,2.9345,1.0582,0.66304,2.7519,3.3729,1.334,2.5222,3.0196,2.1493,2.1085,4.9348,1.4738,2.0647,4.3881,1.5269,1.6309,3.303,1.4032,2.9179,3.3736,0.53681,2.4271,2.8372,0.90262,2.4455,3.0214,0.23881,2.6082,3.3408,1.6381,2.3024,4.159,0.5478,2.431,2.8112,1.0301,2.2299,3.6188,1.3941,1.7797,4.2879,0.31976,2.319,3.3761,1.5272,1.6066,3.2965,0.53123,2.4249,2.8371,3.2082,2.8653,6.142,1.9596,2.572,4.0098,2.0182,2.1941,4.6311,2.5043,2.7732,5.1273,1.907,1.9259,3.8646,1.2932,1.7585,3.7067,2.1773,2.1303,4.9818,1.3736,2.6192,3.9451,1.1082,3.0631,2.9385,4.7441,2.9448,0.45184,1.3256,2.6999,4.3853,1.9188,1.9218,3.8756,1.3059,2.6427,2.9324,0.54168,2.7515,3.1622,0.98572,2.8987,4.1707,0.68883,2.5269,2.6762,0.68161,1.9902,2.933,0.53468,2.4109,3.387,1.5624,2.1797,4.2796,1.4073,2.708,4.4499,0.57117,1.982,3.0279,1.9957,1.8544,3.8009,1.1908,1.7979,3.6802,2.3101,2.6836,4.7797,1.3641,1.6003,4.135,1.3598,2.1538,3.1534,0.61067,1.9911,3.0404,0.51076,2.4316,2.6344,1.637,2.3159,4.1679,2.3313,2.6796,4.8296,0.59141,1.9997,3.0134,1.5751,1.6928,3.3393,0.46874,3.0497,2.3559,0.644,2.5351,2.6442,3.0111,2.7482,6.0113,0.066067,2.8805,2.7398,4.6845,2.9423,0.39048,2.2902,2.3722,3.6511,1.1718,3.0504,3.985,1.3509,2.3458,3.486,0.9712,3.0627,3.7857,2.3333,2.2318,3.7574,1.1853,1.7841,3.6765,2.4348,2.3549,4.5837,2.5377,2.6754,4.057,1.3118,2.6759,4.3647,1.9014,1.8925,3.8545,1.1901,2.7265,3.7107,2.3569,2.4545,4.9544,1.6118,2.586,3.404,2.1634,2.2175,4.1174,0.77387,1.9196,3.3432,2.2768,2.413,3.686,2.2857,2.3997,3.6668,2.2208,1.9557,4.9657,2.6149,2.2803,4.7893,2.3401,2.2399,3.7707,1.3656,1.591,3.8632,2.3235,2.6896,4.8108,1.9012,1.9047,3.8615,0.7753,2.1246,4.0382,1.5967,1.7824,4.2521,2.3404,2.6862,4.8413,1.4459,2.387,3.2622,5.9827,2.9005,2.2807,1.8479,1.7901,3.5131,1.912,2.9592,4.2137,2.071,1.9599,4.8277,1.1753,2.5872,4.3515,1.9391,2.1469,4.8756,1.6095,1.7332,3.9624,1.6051,2.0268,3.3413,1.0699,2.7159,3.6116,0.96897,2.7982,3.8508,1.4341,2.455,3.871,1.1538,2.7383,3.6611,1.822,1.7091,4.0781,0.93346,2.4561,2.8171,1.9433,2.1052,4.4256,0.22288,2.768,2.9848,1.0593,1.9415,4.2689,0.98034,2.309,3.078,1.6686,2.4024,4.5962,0.96583,2.0516,2.8622,0.73081,1.9741,2.7419,1.6021,1.7214,3.9661,0.94666,2.4479,2.8404,1.3553,1.5832,3.8426,2.7362,2.5764,4.6081,1.0833,2.1716,3.6008,1.1601,2.7453,3.6814,1.977,1.9826,4.4954,1.049,1.9505,4.2586,1.8659,1.6758,3.4633,1.6631,2.5241,3.9987,2.1278,2.5415,4.891,2.1159,2.3955,3.6643,1.2656,3.044,3.4841,1.4535,1.4884,4.2106,0.64219,2.9895,3.6493,1.6114,1.6926,4.2165,0.73534,1.991,2.7369,0.71675,2.1936,3.968,2.6599,2.589,4.5243,2.0216,2.1048,3.419,1.4222,2.8529,3.5626,1.0713,2.2494,3.5916,2.5524,2.0331,4.5217,1.4737,1.7222,4.4216,1.5724,2.5795,3.5983,2.0567,2.3417,4.0977,2.6571,2.3474,4.9439,0.50925,2.525,3.0291
1962.6,0.25761,114.21,13.808,0.098354,738.72,1.4816,1.819,4.1311,1.2693,2.2407,4.2384,1.1845,1.9579,4.2481,2.4651,2.6435,4.2926,0.86052,2.0257,4.2734,1.5181,2.5445,3.8972,3.1457,2.8365,5.9933,1.1725,1.9607,4.2431,1.7391,1.648,4.2295,1.2944,2.2293,4.282,0.83079,2.0569,4.2023,2.9504,2.8326,4.5406,5.5719,2.7204,1.3107,1.3128,2.74,3.6975,0.9118,2.1391,3.0054,2.5158,2.1063,4.5281,1.4617,1.6378,3.922,0.65014,2.6131,3.8341,2.0293,1.7659,3.5021,1.1067,2.4013,3.1712,0.1928,2.3008,3.4521,1.7702,1.6795,3.4048,1.9531,2.763,4.2294,1.7912,1.711,3.4074,1.4461,1.6272,3.9448,0.3867,2.1619,3.1488,2.0905,2.396,4.4557,1.4669,1.69,3.2048,0.82706,1.9288,2.7517,3.1277,2.8399,5.9518,2.0316,1.7888,3.5007,1.0497,2.7197,2.9432,1.8284,2.5894,4.0371,0.6609,1.9183,2.8029,1.0648,2.4237,3.1072,1.9172,1.9218,4.527,1.7119,1.6426,3.892,0.51022,2.2003,3.7524,1.1809,2.5207,3.7537,0.94237,2.109,3.2011,2.6244,2.3415,4.3939,2.1371,2.2039,4.7565,1.4996,1.6726,3.9401,1.8963,1.9237,4.5129,1.5027,2.203,3.2534,0.7686,2.1445,3.0974,2.4451,2.4159,4.3833,1.9146,2.5974,4.8036,1.8609,2.6037,4.7555,2.6043,2.3574,4.3968,1.2792,2.5274,3.8956,1.7276,2.2575,4.3483,1.9287,3.0144,3.8586,0.5793,2.4704,2.5454,1.5148,2.0826,4.6385,2.0631,3.0311,3.9933,0.33389,2.4015,3.3557,1.6635,1.5905,4.0741,0.68429,2.0616,3.0445,2.26,2.2607,4.6745,0.73109,2.5732,3.1333,0.94269,2.1219,3.1898,0.78929,2.8905,1.8225,2.0317,2.0245,4.6536,2.5956,2.3657,4.3955,2.5898,2.2949,5.1014,1.9943,2.7127,4.2878,1.0789,1.7885,3.9954,4.6527,2.9125,0.5247,0.84901,2.1293,3.0076,1.3057,2.0952,4.3245,1.033,2.1123,3.4617,2.1781,2.7037,4.4274,1.721,1.5635,4.1395,1.221,2.5416,3.1299,0.77487,2.4714,3.737,2.0721,1.882,3.6885,1.5661,2.459,3.4524,1.6096,2.5655,3.6082,1.6256,1.6217,4.2475,1.9686,2.7328,4.4283,2.0225,2.7329,4.4952,3.472,2.7639,6.2256,1.7245,1.5488,4.1365,1.7597,2.0032,3.4532,2.0734,2.931,4.8835,1.2187,2.5465,3.1672,2.6031,2.4397,4.9412,1.0737,2.6192,4.0548,1.5676,2.4488,3.4581,1.1402,1.837,4.0743,1.675,1.5689,4.0653,1.7383,2.0016,3.4199,0.26529,2.9274,3.3228,2.9155,2.2997,4.6453,1.309,1.9492,4.2187,1.3118,2.6494,3.4421,1.4244,2.4626,3.3435,1.8665,1.9396,3.6726,1.9385,2.4341,4.0198,1.0522,2.2958,3.1617,2.5456,2.0087,5.1474,1.2568,2.6512,3.3733,1.3898,2.4842,3.3037,0.39467,2.9275,3.441,0.64514,1.8448,2.8165,1.6631,1.9971,4.4943,1.4593,1.8074,4.1433,5.3695,2.8762,1.6803,0.8169,2.0968,2.8164,1.0677,2.6406,4.0616,2.2253,2.5276,3.6149,2.5591,2.4155,4.8804,2.8621,2.6743,4.5682,2.1189,2.5058,4.4743,2.3544,2.1323,4.2386,0.75677,2.0461,3.2948,0.44958,2.4423,3.0112,0.59785,2.1436,3.7051,2.3872,2.4467,4.481,0.8575,2.4434,2.959,1.2442,1.6083,4.281,1.6778,2.0244,3.4225,6.1033,2.6766,1.8486,3.3715,2.9215,0.095618,0.83165,2.4142,2.9983,1.6678,1.6191,4.0682,1.5083,1.8882,3.1757,0.77823,2.442,2.9193,2.1523,2.3298,4.8717,1.2004,2.5619,3.1414,1.0149,1.9556,3.5046,0.47088,1.9783,3.277,1.724,2.0128,3.4091,2.3874,2.1192,4.2249,2.1913,2.146,4.9979,1.2704,1.6886,3.8335,0.69599,1.976,2.7827,2.1989,2.1596,5.0244,2.3627,2.229,4.5387,1.5755,2.3941,3.9678,4.3741,2.9295,0.29615,1.9554,2.3987,4.0126,0.82121,1.9468,4.1223,1.2764,2.6143,4.2673,3.6995,2.8174,0.24069,1.5435,1.6442,3.2971,0.25884,2.3,3.3171,5.1103,2.928,1.0574,0.67136,2.7483,3.382,1.3398,2.5237,3.0225,2.1514,2.1046,4.932,1.473,2.061,4.3919,1.527,1.6313,3.3046,1.4052,2.9168,3.3739,0.54567,2.4246,2.8496,0.9014,2.4444,3.0246,0.23964,2.6072,3.3395,1.6413,2.3077,4.1631,0.5576,2.4295,2.821,1.0277,2.2369,3.6139,1.3942,1.7772,4.2869,0.31974,2.3205,3.3738,1.5272,1.6054,3.2976,0.53939,2.4222,2.849,3.2279,2.8642,6.1631,1.9553,2.57,4.0082,2.023,2.1952,4.6353,2.4888,2.7723,5.1097,1.9085,1.9213,3.8604,1.293,1.7528,3.7086,2.1808,2.1276,4.9818,1.3711,2.6155,3.9391,1.104,3.0613,2.9333,4.7491,2.9401,0.45572,1.3315,2.701,4.3891,1.9208,1.9182,3.8751,1.3118,2.6437,2.9394,0.55729,2.7489,3.1804,0.99218,2.8983,4.1764,0.70088,2.5278,2.6861,0.68074,1.9956,2.9286,0.53411,2.4116,3.3838,1.5624,2.1791,4.2848,1.4214,2.7094,4.4601,0.56539,1.9846,3.0188,1.9972,1.8503,3.7996,1.1903,1.7926,3.6839,2.2971,2.6794,4.7617,1.3624,1.6065,4.1309,1.3564,2.1532,3.1514,0.60803,1.9953,3.0331,0.51569,2.4297,2.6413,1.6412,2.3237,4.1725,2.3196,2.6751,4.815,0.58642,2.0043,3.003,1.5761,1.6909,3.3407,0.46123,3.0504,2.3457,0.65019,2.537,2.6494,3.0231,2.7477,6.0251,0.077259,2.8816,2.7614,4.6871,2.9371,0.39225,2.2856,2.368,3.6412,1.1886,3.0462,4.0049,1.3411,2.3545,3.4777,0.9815,3.061,3.7993,2.33,2.2313,3.7523,1.1843,1.7772,3.6803,2.4355,2.3564,4.5854,2.5329,2.6793,4.0595,1.3167,2.6754,4.3669,1.9025,1.8853,3.8499,1.1949,2.7202,3.7147,2.3488,2.4513,4.9411,1.6123,2.5827,3.4147,2.1632,2.2215,4.1198,0.77194,1.922,3.3395,2.2699,2.4136,3.6792,2.2796,2.3984,3.6578,2.2253,1.9603,4.9716,2.6118,2.2793,4.7889,2.3375,2.2404,3.767,1.3641,1.5916,3.8659,2.3106,2.686,4.7941,1.9024,1.899,3.8573,0.77535,2.1226,4.0461,1.5961,1.7776,4.2514,2.3298,2.6824,4.8284,1.4458,2.3872,3.2622,5.988,2.9024,2.288,1.8477,1.7891,3.5167,1.9051,2.9523,4.2045,2.0772,1.961,4.8346,1.1822,2.5881,4.3593,1.9449,2.147,4.8771,1.609,1.7267,3.9621,1.6057,2.029,3.3372,1.0733,2.7111,3.6138,0.97237,2.7956,3.852,1.439,2.4605,3.874,1.1558,2.7334,3.661,1.8203,1.7007,4.0768,0.93543,2.4559,2.8213,1.9476,2.1098,4.4306,0.23831,2.764,2.9996,1.0562,1.9396,4.2695,0.98202,2.3073,3.0828,1.6728,2.4037,4.5977,0.96384,2.0488,2.8636,0.72979,1.9721,2.7418,1.601,1.7141,3.9659,0.94925,2.4468,2.8467,1.3526,1.5821,3.8435,2.7345,2.5755,4.6075,1.0828,2.1759,3.5973,1.1633,2.7403,3.6836,1.977,1.9825,4.4979,1.0457,1.9491,4.2586,1.8675,1.6775,3.4648,1.6631,2.5275,3.9986,2.1291,2.5403,4.8873,2.1117,2.3975,3.6591,1.2764,3.0404,3.4937,1.4544,1.4912,4.2084,0.64173,2.9885,3.6501,1.6107,1.6868,4.2152,0.73464,1.99,2.7367,0.71948,2.1936,3.9707,2.6576,2.5877,4.5241,2.0252,2.1026,3.418,1.4265,2.8457,3.5664,1.0693,2.2564,3.586,2.5551,2.0372,4.5283,1.4719,1.7208,4.4221,1.5699,2.578,3.6014,2.0566,2.347,4.1009,2.6531,2.3453,4.9387,0.5158,2.525,3.0359
1962.6,0.25761,114.21,13.808,0.1073,774.62,1.4782,1.8164,4.128,1.27,2.2417,4.2412,1.1801,1.9549,4.2485,2.4628,2.6422,4.2931,0.86041,2.0235,4.2774,1.518,2.5489,3.8976,3.1585,2.8357,6.0093,1.1676,1.9577,4.244,1.7385,1.6414,4.2275,1.2955,2.2294,4.2876,0.82861,2.0561,4.2015,2.9551,2.8323,4.5435,5.5609,2.7143,1.2984,1.317,2.731,3.7017,0.90773,2.1383,3.0036,2.5197,2.1117,4.5368,1.4603,1.6351,3.9234,0.6488,2.6169,3.8287,2.0318,1.7659,3.5047,1.1061,2.3985,3.1774,0.18528,2.3022,3.4412,1.7688,1.6794,3.4065,1.9403,2.7569,4.214,1.792,1.7137,3.4088,1.444,1.6235,3.9473,0.38671,2.1637,3.1453,2.0942,2.3979,4.4601,1.466,1.6916,3.2051,0.8269,1.9319,2.7514,3.1395,2.8395,5.9651,2.0345,1.7902,3.5032,1.0544,2.7199,2.9498,1.8295,2.5899,4.0406,0.66341,1.9222,2.8038,1.0638,2.4217,3.1116,1.9191,1.9222,4.5304,1.7147,1.6391,3.8927,0.51034,2.2,3.7533,1.1813,2.527,3.7533,0.93713,2.1125,3.1955,2.632,2.3448,4.4033,2.1434,2.2078,4.7633,1.502,1.6733,3.9427,1.8972,1.9245,4.5152,1.5038,2.2049,3.2522,0.76258,2.1504,3.0881,2.448,2.4199,4.3898,1.9116,2.5978,4.7942,1.8551,2.6043,4.7446,2.6113,2.3629,4.4086,1.2783,2.5309,3.8912,1.7324,2.2604,4.3537,1.9206,3.0098,3.8498,0.58632,2.4708,2.5519,1.5108,2.0856,4.6391,2.0623,3.0275,3.991,0.32913,2.4033,3.3494,1.6638,1.5883,4.0733,0.68176,2.0643,3.0399,2.261,2.2619,4.676,0.73808,2.5692,3.1442,0.93695,2.1262,3.1825,0.077071,2.8901,1.8115,2.0366,2.0287,4.6606,2.6019,2.372,4.4071,2.5829,2.2907,5.0923,1.9845,2.7014,4.2774,1.0786,1.7831,3.9997,4.6542,2.9038,0.52489,0.84577,2.13,3.0041,1.3061,2.0949,4.3298,1.0306,2.1149,3.4583,2.1683,2.6991,4.4161,1.7231,1.5606,4.138,1.227,2.5403,3.1341,0.77694,2.4751,3.7337,2.0739,1.878,3.6842,1.5632,2.4611,3.4514,1.6067,2.5682,3.6107,1.6225,1.6181,4.2469,1.9577,2.7247,4.4156,2.016,2.7253,4.4884,3.4823,2.7617,6.235,1.7268,1.5445,4.1344,1.7655,2.003,3.454,2.0708,2.9308,4.882,1.2243,2.5457,3.1745,2.6003,2.4392,4.9371,1.077,2.6204,4.0524,1.5649,2.4501,3.4578,1.1357,1.8383,4.0729,1.6767,1.5648,4.0638,1.742,2.0011,3.4177,0.26487,2.9256,3.3232,2.9192,2.2992,4.6516,1.3081,1.9492,4.2201,1.316,2.6466,3.451,1.4212,2.4635,3.3443,1.8691,1.9355,3.6682,1.9378,2.442,4.0233,1.0483,2.2968,3.1597,2.5463,2.0056,5.1477,1.2581,2.6487,3.3792,1.3836,2.4862,3.301,0.40319,2.9253,3.4494,0.64181,1.8478,2.8075,1.6586,1.9947,4.5002,1.4585,1.8027,4.145,5.3537,2.8732,1.6639,0.81597,2.0952,2.8181,1.0705,2.6439,4.06,2.2295,2.5277,3.6125,2.5516,2.412,4.8698,2.8692,2.6713,4.5739,2.1163,2.5046,4.4703,2.3552,2.1363,4.244,0.75465,2.0524,3.2879,0.46145,2.4393,3.0241,0.5973,2.1436,3.7044,2.3875,2.4423,4.4863,0.86838,2.441,2.9698,1.2428,1.611,4.2799,1.6753,2.0256,3.4196,6.0869,2.6744,1.8309,3.3843,2.9194,0.10988,0.83686,2.41,3.0091,1.6683,1.6173,4.0667,1.5097,1.8901,3.1752,0.78026,2.4402,2.9244,2.1512,2.3276,4.8643,1.2048,2.562,3.1472,1.0159,1.9548,3.5047,0.46437,1.978,3.2795,1.7263,2.0124,3.4053,2.3878,2.1234,4.2284,2.1955,2.1447,4.9987,1.2683,1.6836,3.836,0.69712,1.9761,2.785,2.2037,2.1595,5.0273,2.3668,2.2328,4.5459,1.5762,2.4021,3.968,4.3845,2.9224,0.30611,1.9559,2.4051,4.0147,0.81935,1.9461,4.1216,1.2862,2.6181,4.2719,3.7149,2.8139,0.27173,1.5449,1.6476,3.2981,0.25321,2.2999,3.3085,5.1085,2.9214,1.0567,0.67919,2.7446,3.3905,1.3455,2.5252,3.0252,2.1538,2.1009,4.9293,1.4722,2.0572,4.3955,1.5272,1.6318,3.3063,1.4073,2.9158,3.3742,0.55448,2.4222,2.8619,0.90025,2.4432,3.028,0.24022,2.6064,3.3381,1.6446,2.3131,4.167,0.56719,2.428,2.8307,1.0251,2.244,3.6087,1.3943,1.7748,4.2858,0.31977,2.3218,3.3716,1.5271,1.6043,3.2987,0.54733,2.4197,2.8607,3.2471,2.863,6.184,1.9509,2.568,4.0066,2.028,2.1961,4.6393,2.4729,2.7715,5.0917,1.9101,1.9166,3.8561,1.2927,1.7472,3.7104,2.1842,2.1248,4.9819,1.3687,2.6119,3.9331,1.0992,3.0596,2.9275,4.754,2.9355,0.45951,1.3375,2.7019,4.393,1.9228,1.9148,3.8747,1.3174,2.6446,2.9463,0.5722,2.7464,3.1978,0.99878,2.8977,4.1822,0.71281,2.5286,2.6959,0.67998,2.0008,2.9244,0.53369,2.4124,3.3809,1.5625,2.1783,4.2899,1.4351,2.7106,4.4701,0.55971,1.9872,3.0098,1.9988,1.8465,3.7983,1.1898,1.7874,3.6877,2.2847,2.6753,4.7445,1.3605,1.6123,4.127,1.353,2.1526,3.1493,0.6054,1.9994,3.026,0.52055,2.4278,2.6482,1.6455,2.3315,4.1771,2.3082,2.6706,4.8008,0.58146,2.0085,2.9928,1.577,1.6891,3.342,0.45278,3.0512,2.3343,0.65612,2.5389,2.6543,3.0351,2.7469,6.0391,0.099813,2.8824,2.7831,4.6898,2.9321,0.39436,2.2812,2.3639,3.6314,1.2034,3.0419,4.0226,1.3315,2.3629,3.4694,0.99065,3.0591,3.8118,2.3267,2.2308,3.7474,1.1832,1.7701,3.6842,2.4361,2.3579,4.5872,2.5278,2.6831,4.0617,1.3216,2.675,4.369,1.9034,1.8781,3.8454,1.1995,2.7142,3.7186,2.3412,2.4482,4.9281,1.6126,2.5796,3.4253,2.163,2.2255,4.1223,0.76993,1.9243,3.3356,2.2631,2.4142,3.6725,2.2736,2.3971,3.6489,2.2298,1.9645,4.9773,2.6087,2.2784,4.7884,2.3349,2.241,3.7635,1.3625,1.5922,3.8687,2.2979,2.6822,4.7777,1.9036,1.8934,3.8532,0.77545,2.1205,4.0538,1.5953,1.7727,4.2507,2.3194,2.6786,4.8157,1.4456,2.3875,3.2623,5.9932,2.9044,2.2951,1.8476,1.7881,3.5201,1.8986,2.9452,4.1956,2.0834,1.9619,4.8416,1.1888,2.5889,4.3668,1.9505,2.1473,4.8787,1.6087,1.7204,3.9618,1.6063,2.0315,3.3332,1.0764,2.7066,3.6159,0.97552,2.7931,3.8529,1.444,2.4659,3.8771,1.1577,2.7286,3.6606,1.8185,1.6926,4.0755,0.93737,2.4556,2.8253,1.9521,2.1144,4.4357,0.25349,2.7601,3.0143,1.0533,1.9378,4.27,0.98349,2.3057,3.0872,1.6771,2.4051,4.5992,0.96184,2.046,2.8647,0.72882,1.9703,2.7418,1.6,1.7069,3.9657,0.9517,2.4458,2.853,1.3499,1.5809,3.8444,2.7329,2.5747,4.6072,1.0824,2.1804,3.5938,1.1665,2.7353,3.6859,1.9771,1.9825,4.5005,1.0424,1.9478,4.2587,1.8693,1.6794,3.4662,1.663,2.5307,3.9984,2.1303,2.5392,4.8837,2.1075,2.3995,3.6539,1.2874,3.0369,3.5035,1.4551,1.494,4.2062,0.64084,2.9878,3.6503,1.61,1.6812,4.2139,0.73397,1.9893,2.7366,0.72219,2.1937,3.9733,2.6553,2.5865,4.5242,2.0289,2.1003,3.4172,1.4309,2.8386,3.5702,1.067,2.2634,3.5803,2.558,2.0411,4.535,1.47,1.7194,4.4226,1.5675,2.5767,3.6048,2.0565,2.3524,4.1041,2.6492,2.3432,4.9337,0.52224,2.525,3.0426
1962.6,0.25761,114.21,13.808,0.11624,810.86,1.4749,1.8135,4.125,1.2711,2.2427,4.2442,1.1757,1.9518,4.2486,2.4607,2.6409,4.2937,0.86022,2.0215,4.2811,1.5181,2.5532,3.8981,3.1713,2.8346,6.0251,1.1629,1.9546,4.2446,1.738,1.635,4.2255,1.2965,2.2293,4.2929,0.82653,2.0554,4.2011,2.9597,2.8319,4.5463,5.5502,2.7082,1.2863,1.3209,2.7226,3.7053,0.90365,2.1376,3.0018,2.5239,2.1169,4.5455,1.4588,1.6326,3.9248,0.64722,2.6206,3.8232,2.0343,1.7658,3.5073,1.1051,2.3958,3.1827,0.17762,2.3036,3.4299,1.7674,1.6793,3.4081,1.9284,2.751,4.1996,1.7927,1.7162,3.4103,1.4421,1.6199,3.9497,0.38685,2.1654,3.142,2.0976,2.3996,4.4642,1.4649,1.6931,3.2053,0.82672,1.9347,2.7512,3.1516,2.8391,5.9785,2.0376,1.7916,3.5058,1.059,2.72,2.9565,1.8308,2.5904,4.0439,0.66589,1.9257,2.8049,1.0626,2.4197,3.1157,1.9211,1.9225,4.5338,1.7174,1.6358,3.8934,0.51056,2.1996,3.7544,1.1819,2.5329,3.7535,0.93204,2.1158,3.1902,2.6394,2.3479,4.4126,2.1495,2.2114,4.7698,1.5043,1.6739,3.9453,1.8983,1.9255,4.5175,1.505,2.2067,3.2508,0.75652,2.1561,3.0789,2.4507,2.4235,4.3961,1.9085,2.5982,4.7844,1.8496,2.6048,4.7338,2.6185,2.3681,4.4207,1.2776,2.5341,3.887,1.7373,2.2633,4.359,1.9129,3.0052,3.841,0.59334,2.4712,2.5584,1.5065,2.0886,4.6394,2.0613,3.0238,3.9885,0.32452,2.4049,3.3434,1.6641,1.5862,4.0724,0.6793,2.067,3.0354,2.2621,2.263,4.6774,0.74452,2.5652,3.1547,0.93139,2.1303,3.1756,6.2635,2.8896,1.801,2.0418,2.033,4.6678,2.6085,2.3781,4.4189,2.5765,2.2866,5.0833,1.9755,2.6902,4.268,1.0785,1.7781,4.0039,4.6556,2.8951,0.52501,0.84259,2.1306,3.0008,1.3065,2.0946,4.3349,1.0283,2.1177,3.455,2.1589,2.6946,4.4053,1.7252,1.5577,4.1365,1.2329,2.539,3.1379,0.77897,2.4787,3.7305,2.0757,1.874,3.68,1.5603,2.4632,3.4505,1.604,2.5708,3.6135,1.6194,1.6149,4.2464,1.9472,2.7166,4.4033,2.0098,2.7178,4.482,3.4926,2.7595,6.2444,1.7293,1.5405,4.1324,1.7714,2.0029,3.4551,2.0684,2.9306,4.8806,1.2295,2.5451,3.1812,2.5976,2.4387,4.9333,1.0799,2.6215,4.0496,1.5621,2.4516,3.4576,1.1312,1.8394,4.0716,1.6783,1.5609,4.0623,1.7457,2.0005,3.4158,0.26443,2.9237,3.3235,2.9226,2.2985,4.6574,1.3071,1.9493,4.2216,1.3199,2.6439,3.4598,1.4181,2.4642,3.345,1.8718,1.9314,3.6639,1.9374,2.4495,4.0269,1.0447,2.2978,3.1578,2.5468,2.0025,5.148,1.2595,2.6463,3.3852,1.3775,2.4881,3.2983,0.4114,2.9232,3.4573,0.63856,1.8506,2.7987,1.654,1.9923,4.5057,1.4578,1.7982,4.1466,5.338,2.8701,1.6476,0.81494,2.0938,2.8197,1.0731,2.647,4.0581,2.2333,2.5275,3.6098,2.5443,2.4086,4.8593,2.8765,2.6682,4.5798,2.114,2.5037,4.4667,2.3563,2.1404,4.2495,0.75226,2.0587,3.2808,0.47327,2.4364,3.037,0.59677,2.1437,3.7037,2.3878,2.4381,4.4915,0.87929,2.4385,2.9807,1.2412,1.6138,4.2787,1.6726,2.0268,3.4167,6.0708,2.6722,1.8134,3.3966,2.9173,0.1234,0.8413,2.406,3.0189,1.6688,1.6154,4.0652,1.5111,1.8919,3.1748,0.78198,2.4386,2.9289,2.1504,2.3256,4.8575,1.2092,2.5621,3.1528,1.0169,1.9538,3.5048,0.4577,1.9777,3.2822,1.7285,2.0119,3.4016,2.3883,2.1277,4.2321,2.1998,2.1433,4.9994,1.2661,1.6789,3.8384,0.69822,1.9762,2.7871,2.2083,2.1592,5.0301,2.3708,2.2363,4.553,1.5768,2.4097,3.9682,4.3944,2.9155,0.31587,1.9563,2.4115,4.0169,0.81754,1.9456,4.1206,1.2959,2.6217,4.2764,3.7301,2.8105,6.2641,1.5465,1.651,3.2991,0.24779,2.2998,3.3001,5.1069,2.9149,1.0566,0.68642,2.7411,3.3983,1.3508,2.5267,3.0276,2.1565,2.0974,4.9273,1.4712,2.0531,4.3991,1.5274,1.6321,3.3079,1.4092,2.9148,3.3742,0.56319,2.4198,2.8742,0.89916,2.4419,3.0313,0.24067,2.6054,3.3365,1.648,2.3187,4.1711,0.57658,2.4266,2.8402,1.0224,2.251,3.6034,1.3945,1.7726,4.2846,0.31987,2.3231,3.3696,1.527,1.6031,3.2998,0.5551,2.4172,2.8721,3.2656,2.8617,6.2042,1.9466,2.5661,4.0051,2.0328,2.1969,4.6431,2.4568,2.7704,5.0735,1.9116,1.9118,3.8518,1.2924,1.7417,3.7121,2.1876,2.1221,4.982,1.3665,2.6086,3.9273,1.0943,3.0581,2.9214,4.7587,2.9308,0.46328,1.3433,2.7028,4.3965,1.9249,1.9114,3.8744,1.323,2.6456,2.9531,0.58635,2.7438,3.2145,1.0054,2.8971,4.188,0.72468,2.5293,2.7057,0.67939,2.0058,2.9206,0.53344,2.4129,3.3782,1.5626,2.1776,4.2951,1.4485,2.7118,4.4797,0.55415,1.9897,3.0008,2.0004,1.8429,3.7971,1.1894,1.7822,3.6914,2.2734,2.6714,4.7283,1.3586,1.6178,4.1231,1.3497,2.1519,3.1474,0.60274,2.0035,3.0189,0.52536,2.4259,2.6549,1.6501,2.3396,4.1817,2.2973,2.6661,4.787,0.57662,2.0124,2.9831,1.5779,1.6875,3.3434,0.44364,3.0518,2.3224,0.66179,2.541,2.659,3.0474,2.7461,6.0532,0.11904,2.8832,2.8048,4.6928,2.9272,0.39694,2.277,2.3597,3.6219,1.2162,3.0375,4.0381,1.3222,2.3705,3.4618,0.99919,3.0573,3.8236,2.3236,2.2304,3.7425,1.182,1.7628,3.6882,2.4365,2.3593,4.5888,2.5228,2.6864,4.0637,1.3263,2.6746,4.3708,1.9043,1.8709,3.8411,1.2038,2.7084,3.7221,2.3342,2.4452,4.9157,1.6127,2.5767,3.4356,2.1629,2.2297,4.1251,0.76782,1.9268,3.3316,2.2566,2.4147,3.6659,2.2677,2.3958,3.6398,2.2342,1.9683,4.9825,2.6056,2.2774,4.788,2.3322,2.2416,3.76,1.361,1.5927,3.8713,2.2856,2.6784,4.7617,1.9048,1.888,3.8491,0.77563,2.1184,4.0615,1.5947,1.768,4.2499,2.3095,2.675,4.8033,1.4455,2.3878,3.2624,5.9983,2.9062,2.3023,1.8478,1.7872,3.5233,1.8924,2.9381,4.1869,2.0896,1.9629,4.8482,1.195,2.5898,4.3742,1.9562,2.1476,4.8803,1.6083,1.7143,3.9616,1.6069,2.0338,3.3295,1.0792,2.7023,3.6176,0.9784,2.7907,3.8534,1.4487,2.4708,3.8802,1.1594,2.7241,3.6602,1.8168,1.6848,4.0742,0.93922,2.4554,2.8294,1.9568,2.1191,4.4409,0.26855,2.756,3.0287,1.0503,1.936,4.2703,0.98465,2.3043,3.0913,1.6814,2.4066,4.6006,0.95974,2.0435,2.8657,0.72785,1.9687,2.7416,1.599,1.7001,3.9656,0.954,2.4448,2.859,1.3471,1.5796,3.8454,2.7315,2.5741,4.6072,1.0818,2.185,3.5902,1.1694,2.7307,3.6879,1.9772,1.9826,4.5032,1.0392,1.9465,4.2588,1.871,1.6811,3.4677,1.663,2.5338,3.9982,2.1314,2.538,4.8801,2.1032,2.4015,3.6486,1.2985,3.0333,3.5134,1.456,1.4968,4.204,0.63953,2.9869,3.6502,1.6095,1.6759,4.2126,0.73333,1.9884,2.7365,0.72489,2.1937,3.9759,2.6532,2.5853,4.5244,2.0326,2.098,3.4166,1.4353,2.8318,3.5743,1.0646,2.2705,3.5745,2.561,2.0453,4.5418,1.4681,1.7181,4.4232,1.5653,2.5754,3.6082,2.0566,2.3576,4.1074,2.6457,2.3414,4.9292,0.52856,2.5252,3.049
1962.6,0.25761,114.21,13.808,0.12518,846.65,1.4716,1.8106,4.1222,1.2723,2.2436,4.2473,1.1712,1.9488,4.2486,2.4586,2.6396,4.2944,0.85998,2.0195,4.2847,1.5181,2.5573,3.8985,3.1838,2.8335,6.0408,1.1582,1.9514,4.2454,1.7376,1.6286,4.2234,1.2974,2.2293,4.2985,0.82452,2.0546,4.2007,2.9643,2.8316,4.5491,5.5399,2.7019,1.2748,1.3244,2.7147,3.7086,0.8996,2.1368,2.9999,2.5282,2.1222,4.5543,1.4573,1.6302,3.9261,0.64547,2.6243,3.8174,2.0369,1.7657,3.5099,1.1035,2.3934,3.1875,0.16991,2.3051,3.4187,1.766,1.6791,3.4098,1.9173,2.7451,4.1862,1.7935,1.7186,3.4117,1.4402,1.6164,3.9519,0.38705,2.167,3.1387,2.101,2.4012,4.468,1.4639,1.6945,3.2055,0.8265,1.9373,2.7511,3.1636,2.8386,5.9918,2.0409,1.7929,3.5085,1.0638,2.7201,2.9633,1.832,2.5911,4.0474,0.66831,1.9292,2.806,1.0613,2.4177,3.1197,1.9231,1.9228,4.5373,1.7201,1.6326,3.8943,0.51088,2.1992,3.7556,1.1829,2.5384,3.7541,0.92709,2.1189,3.185,2.6468,2.351,4.4217,2.1557,2.2148,4.7762,1.5067,1.6747,3.9477,1.8995,1.9265,4.5199,1.5062,2.2084,3.2496,0.75043,2.1616,3.0699,2.4533,2.4271,4.4024,1.9053,2.5987,4.7746,1.8442,2.6053,4.7232,2.6259,2.3733,4.4329,1.2768,2.5373,3.8829,1.7424,2.2662,4.3643,1.9053,3.0006,3.8326,0.60035,2.4716,2.5649,1.5021,2.0918,4.6393,2.0602,3.0201,3.986,0.32009,2.4063,3.3376,1.6644,1.5841,4.0716,0.6769,2.0694,3.031,2.263,2.2641,4.6785,0.75055,2.5612,3.1647,0.92602,2.1342,3.1689,6.2476,2.889,1.7912,2.0472,2.0372,4.6751,2.6153,2.3841,4.4308,2.5704,2.2825,5.0749,1.9672,2.6791,4.2592,1.0783,1.7731,4.0079,4.657,2.8864,0.5251,0.83947,2.1312,2.9975,1.307,2.0944,4.3401,1.0258,2.1204,3.4516,2.15,2.6901,4.395,1.7274,1.5546,4.135,1.2387,2.5377,3.1415,0.78097,2.4822,3.7273,2.0775,1.8701,3.6759,1.5575,2.4655,3.4495,1.6016,2.5733,3.6167,1.6163,1.6121,4.2457,1.9373,2.7086,4.3913,2.0038,2.7104,4.4758,3.5027,2.7572,6.2574,1.7318,1.5365,4.1303,1.7774,2.0028,3.4563,2.0661,2.9305,4.8793,1.2346,2.5446,3.1877,2.5951,2.4384,4.9294,1.0827,2.6225,4.0467,1.5595,2.453,3.4574,1.1268,1.8404,4.0704,1.6801,1.5572,4.0608,1.7495,1.9999,3.414,0.26413,2.9217,3.3238,2.926,2.2977,4.6631,1.306,1.9493,4.223,1.3237,2.6413,3.4682,1.4152,2.4651,3.3459,1.8745,1.9273,3.6598,1.9372,2.4568,4.0308,1.041,2.2988,3.156,2.5473,1.9994,5.1483,1.2609,2.644,3.3912,1.3715,2.49,3.2956,0.41925,2.921,3.4649,0.63539,1.8531,2.7903,1.6491,1.9899,4.5108,1.4571,1.7937,4.1481,5.3226,2.8668,1.6316,0.81388,2.0924,2.8211,1.0756,2.65,4.0561,2.237,2.527,3.607,2.537,2.405,4.8492,2.8839,2.6651,4.5858,2.1118,2.5028,4.4633,2.3574,2.1446,4.2553,0.74963,2.0651,3.2734,0.48503,2.4336,3.0498,0.59627,2.1437,3.7031,2.3882,2.4342,4.4968,0.89023,2.4359,2.9916,1.2396,1.6165,4.2774,1.67,2.028,3.4136,6.0549,2.6698,1.7963,3.4082,2.9151,0.13623,0.84514,2.4023,3.028,1.6692,1.6136,4.0638,1.5125,1.8938,3.1744,0.78344,2.4372,2.9332,2.1498,2.3236,4.8508,1.2134,2.5623,3.1583,1.0178,1.9528,3.5049,0.45093,1.9775,3.285,1.7308,2.0111,3.3979,2.3889,2.1321,4.2359,2.2039,2.1418,5.0002,1.2639,1.6743,3.8406,0.69926,1.9763,2.7893,2.2129,2.1589,5.0327,2.3748,2.2399,4.56,1.5773,2.417,3.9684,4.4039,2.9085,0.32532,1.9568,2.418,4.0193,0.81577,1.9451,4.1197,1.3055,2.6253,4.2806,3.7448,2.8071,0.083831,1.5482,1.6546,3.3002,0.2426,2.2996,3.2919,5.1056,2.9082,1.0567,0.69314,2.7376,3.4055,1.356,2.5282,3.0298,2.1593,2.094,4.9254,1.47,2.0489,4.4026,1.5275,1.6323,3.3095,1.411,2.9138,3.3741,0.57177,2.4173,2.8863,0.89811,2.4407,3.0346,0.24098,2.6045,3.3346,1.6515,2.3243,4.1753,0.58573,2.4252,2.8495,1.0195,2.2582,3.5979,1.3946,1.7703,4.2833,0.32003,2.3243,3.3677,1.5269,1.6019,3.3009,0.56263,2.4148,2.8832,3.2833,2.8604,6.2273,1.9423,2.5643,4.0036,2.0376,2.1978,4.647,2.4405,2.7691,5.055,1.9131,1.9069,3.8474,1.2921,1.7362,3.7138,2.1911,2.1194,4.9821,1.3642,2.6052,3.9216,1.0888,3.0566,2.915,4.7633,2.926,0.46702,1.3491,2.7037,4.3999,1.927,1.9081,3.8743,1.3285,2.6466,2.96,0.59976,2.7412,3.2303,1.0122,2.8964,4.1939,0.73638,2.5302,2.7153,0.67892,2.0107,2.917,0.5333,2.4134,3.3756,1.5628,2.1767,4.3002,1.4615,2.7129,4.4888,0.54871,1.9922,2.9919,2.0019,1.8393,3.796,1.1887,1.7769,3.6951,2.2629,2.6675,4.7132,1.3567,1.623,4.1192,1.3463,2.1512,3.1454,0.6001,2.0074,3.0119,0.53011,2.424,2.6617,1.6549,2.3477,4.1863,2.287,2.6616,4.7737,0.57189,2.0161,2.9736,1.5788,1.6859,3.3448,0.43376,3.0525,2.3097,0.66719,2.5432,2.6634,3.0597,2.745,6.0674,0.13767,2.8837,2.8263,4.6961,2.9223,0.3999,2.2731,2.3555,3.6126,1.2273,3.033,4.0518,1.3133,2.3778,3.4543,1.0068,3.0555,3.8345,2.3206,2.23,3.7376,1.1807,1.7555,3.6922,2.4369,2.3607,4.5902,2.5176,2.6897,4.0656,1.3309,2.6743,4.3724,1.9053,1.8637,3.8369,1.2079,2.7029,3.7254,2.3277,2.4423,4.9038,1.6126,2.5741,3.4454,2.1628,2.2341,4.128,0.76563,1.9294,3.3275,2.25,2.4154,3.6592,2.2618,2.3944,3.6309,2.2386,1.9717,4.9875,2.6026,2.2764,4.7876,2.3296,2.2423,3.7566,1.3595,1.5934,3.8737,2.2736,2.6745,4.746,1.9061,1.8826,3.845,0.77585,2.1162,4.0691,1.5939,1.7633,4.2491,2.2999,2.6713,4.7913,1.4454,2.3881,3.2625,6.0036,2.9081,2.3096,1.848,1.7862,3.5266,1.8864,2.931,4.1786,2.0958,1.9638,4.8548,1.2011,2.5906,4.3815,1.9619,2.148,4.8819,1.6079,1.7084,3.9614,1.6078,2.0363,3.3259,1.0818,2.6982,3.619,0.98104,2.7884,3.8536,1.4534,2.4755,3.8836,1.1609,2.7198,3.6595,1.815,1.6772,4.073,0.94099,2.4552,2.8333,1.9617,2.1239,4.4463,0.28335,2.7516,3.0429,1.0472,1.9342,4.2706,0.98563,2.303,3.0951,1.6857,2.408,4.6021,0.95762,2.041,2.8666,0.72691,1.9672,2.7414,1.598,1.6936,3.9655,0.95617,2.4439,2.8651,1.3444,1.5782,3.8464,2.7302,2.5735,4.6074,1.0812,2.1897,3.5864,1.1723,2.726,3.6899,1.9773,1.9828,4.506,1.0361,1.9452,4.2589,1.8728,1.6828,3.4692,1.663,2.5367,3.9981,2.1326,2.537,4.8766,2.0988,2.4037,3.6433,1.3094,3.0296,3.5232,1.4568,1.4996,4.2018,0.6378,2.9861,3.6495,1.6091,1.6707,4.2113,0.73269,1.9876,2.7364,0.72756,2.1938,3.9785,2.6511,2.5841,4.5247,2.0364,2.0957,3.4161,1.4397,2.825,3.5787,1.062,2.2777,3.5684,2.5642,2.0494,4.549,1.4663,1.7168,4.4239,1.5633,2.5742,3.6119,2.0567,2.3628,4.1108,2.6424,2.3396,4.925,0.53476,2.5255,3.0553
1962.6,0.25761,114.21,13.808,0.13412,882.5,1.4684,1.8075,4.1196,1.2737,2.2444,4.2505,1.1668,1.9457,4.2484,2.4565,2.6383,4.2951,0.85969,2.0179,4.288,1.5183,2.5611,3.899,3.1963,2.8322,6.0563,1.1535,1.9482,4.246,1.7371,1.6223,4.2212,1.2982,2.2292,4.3038,0.82261,2.0539,4.2004,2.9687,2.8312,4.552,5.5298,2.6955,1.2636,1.3275,2.7074,3.7114,0.89553,2.1361,2.998,2.5325,2.1274,4.5632,1.4556,1.6281,3.9274,0.64348,2.6279,3.8114,2.0395,1.7655,3.5125,1.1014,2.3913,3.1914,0.1621,2.3065,3.4071,1.7645,1.6788,3.4115,1.9071,2.7395,4.1737,1.7943,1.7209,3.4131,1.4384,1.613,3.9538,0.38732,2.1686,3.1357,2.104,2.4026,4.4717,1.4627,1.6961,3.2057,0.82624,1.9397,2.7511,3.1759,2.838,6.0053,2.0441,1.7942,3.5112,1.0686,2.7203,2.9701,1.8333,2.5916,4.0509,0.67069,1.9325,2.8073,1.06,2.4157,3.1236,1.9251,1.9231,4.5407,1.7228,1.6296,3.8951,0.51132,2.1987,3.7569,1.1841,2.5436,3.755,0.92227,2.1219,3.1799,2.6541,2.3539,4.4306,2.1617,2.218,4.7824,1.509,1.6754,3.9501,1.9009,1.9274,4.5222,1.5074,2.21,3.2483,0.74435,2.167,3.0609,2.4558,2.4305,4.4085,1.902,2.5992,4.7645,1.8391,2.6058,4.7128,2.6336,2.3783,4.4454,1.2761,2.5403,3.8788,1.7477,2.2691,4.3696,1.8979,2.996,3.8244,0.60733,2.4721,2.5714,1.4976,2.0949,4.639,2.0591,3.0163,3.9836,0.31581,2.4076,3.3322,1.6649,1.5823,4.0708,0.67457,2.0717,3.0269,2.2638,2.2649,4.6796,0.75616,2.5573,3.1745,0.92088,2.1378,3.1624,6.2471,2.8884,1.7819,2.0529,2.0415,4.6824,2.6222,2.3896,4.4427,2.5648,2.2785,5.0668,1.9596,2.6684,4.2513,1.0781,1.7682,4.0119,4.6583,2.8777,0.5252,0.83641,2.1318,2.9945,1.3076,2.0941,4.3451,1.0233,2.1233,3.4482,2.1413,2.6858,4.385,1.7296,1.5516,4.1335,1.2442,2.5365,3.1449,0.78295,2.4855,3.7241,2.0793,1.8663,3.672,1.5545,2.4677,3.4487,1.5995,2.5756,3.62,1.6133,1.6095,4.245,1.9278,2.7008,4.3798,1.9982,2.703,4.4699,3.5129,2.7548,6.2066,1.7344,1.5329,4.1282,1.7835,2.0026,3.4577,2.0638,2.9303,4.878,1.2394,2.5441,3.1939,2.5926,2.4379,4.9256,1.0852,2.6233,4.0436,1.5569,2.4545,3.4574,1.1225,1.8413,4.0694,1.6819,1.5539,4.0593,1.7534,1.9992,3.4124,0.26393,2.9199,3.3242,2.9292,2.2968,4.6684,1.3049,1.9494,4.2245,1.3272,2.639,3.4763,1.4122,2.4659,3.3469,1.8774,1.9232,3.6557,1.9371,2.4636,4.0349,1.0374,2.2996,3.1543,2.5478,1.9964,5.1486,1.2623,2.6418,3.3972,1.3656,2.4919,3.2931,0.42678,2.9188,3.4723,0.63237,1.8555,2.7822,1.6441,1.9876,4.5154,1.4565,1.7894,4.1495,5.3075,2.8636,1.6157,0.81279,2.0911,2.8225,1.0778,2.653,4.0539,2.2405,2.5264,3.6043,2.5301,2.4015,4.8392,2.8913,2.6619,4.5919,2.1098,2.5023,4.4601,2.3585,2.1489,4.2611,0.74677,2.0714,3.2656,0.4967,2.4309,3.0625,0.59581,2.1437,3.7025,2.3887,2.4307,4.5022,0.90118,2.4332,3.0026,1.2379,1.6194,4.276,1.6673,2.029,3.4106,6.0394,2.6672,1.7795,3.4193,2.913,0.1484,0.84831,2.3987,3.0363,1.6698,1.6118,4.0625,1.5141,1.8956,3.174,0.78467,2.4358,2.9371,2.1493,2.3216,4.8445,1.2175,2.5625,3.1637,1.0186,1.9518,3.5051,0.44408,1.9773,3.2881,1.7331,2.0103,3.3944,2.3897,2.1365,4.24,2.2081,2.1402,5.0008,1.2616,1.6699,3.8425,0.70025,1.9765,2.7913,2.2172,2.1584,5.0352,2.3787,2.2432,4.5667,1.5779,2.4241,3.9685,4.4129,2.9018,0.33463,1.9575,2.4246,4.0217,0.81406,1.9447,4.1187,1.3149,2.6288,4.2847,3.7593,2.8038,0.010776,1.55,1.6583,3.3012,0.23767,2.2993,3.284,5.1045,2.9016,1.0574,0.69934,2.7342,3.412,1.3609,2.5297,3.0317,2.1623,2.0909,4.9239,1.4688,2.0446,4.406,1.5277,1.6326,3.3111,1.4126,2.913,3.3738,0.58018,2.415,2.8982,0.89709,2.4394,3.0379,0.24117,2.6038,3.3327,1.655,2.33,4.1796,0.59469,2.4239,2.8585,1.0164,2.2653,3.5922,1.3948,1.7681,4.282,0.32023,2.3255,3.3659,1.5268,1.6007,3.3021,0.56996,2.4125,2.894,3.3004,2.8589,6.1859,1.938,2.5625,4.002,2.0424,2.1984,4.6507,2.4241,2.7678,5.0362,1.9147,1.9019,3.8432,1.2917,1.7309,3.7154,2.1946,2.1167,4.9824,1.3621,2.6021,3.9162,1.0833,3.0552,2.9084,4.7676,2.9212,0.47074,1.3547,2.7044,4.4029,1.9291,1.9048,3.8741,1.3339,2.6476,2.9668,0.61245,2.7386,3.2452,1.0189,2.8956,4.1997,0.74793,2.531,2.7249,0.67858,2.0153,2.9139,0.53328,2.414,3.3733,1.5631,2.1757,4.3054,1.474,2.7139,4.4976,0.54337,1.9947,2.983,2.0035,1.8359,3.795,1.1882,1.7716,3.6988,2.2532,2.6639,4.6991,1.3547,1.6279,4.1154,1.3431,2.1504,3.1435,0.59745,2.0111,3.0051,0.53483,2.4222,2.6684,1.6599,2.3557,4.1908,2.2769,2.6573,4.7607,0.5673,2.0194,2.9647,1.5795,1.6843,3.3463,0.42322,3.0531,2.2964,0.67232,2.5455,2.6675,3.0723,2.7439,6.0816,0.15613,2.8842,2.8477,4.6996,2.9175,0.40326,2.2695,2.3512,3.6037,1.2368,3.0287,4.0639,1.3046,2.3845,3.4474,1.0137,3.0537,3.8444,2.3176,2.2295,3.7328,1.1794,1.7482,3.6963,2.4372,2.362,4.5915,2.5123,2.6925,4.0674,1.3353,2.6739,4.374,1.9061,1.8566,3.8328,1.2118,2.6975,3.7285,2.3218,2.4396,4.8926,1.6122,2.5717,3.4547,2.1629,2.2385,4.1311,0.76335,1.932,3.3232,2.2436,2.4159,3.6525,2.256,2.3929,3.6218,2.2428,1.9746,4.992,2.5996,2.2755,4.7871,2.327,2.243,3.7533,1.3579,1.5942,3.8759,2.2619,2.6705,4.7307,1.9073,1.8772,3.8411,0.77612,2.114,4.0765,1.5932,1.7589,4.2484,2.2907,2.6677,4.7798,1.4453,2.3886,3.2627,6.0089,2.9099,2.3168,1.8485,1.7854,3.5296,1.8808,2.9239,4.1706,2.102,1.9646,4.8612,1.2068,2.5913,4.3886,1.9673,2.1485,4.8836,1.6075,1.7026,3.9612,1.6087,2.0387,3.3225,1.0841,2.6943,3.6202,0.98349,2.7863,3.8534,1.4579,2.4798,3.887,1.1624,2.7157,3.6588,1.8132,1.67,4.072,0.94269,2.455,2.8371,1.9667,2.1287,4.4518,0.29791,2.7473,3.0568,1.0442,1.9324,4.2709,0.98641,2.3018,3.0985,1.69,2.4094,4.6036,0.95547,2.0386,2.8672,0.72598,1.9659,2.7411,1.5971,1.6873,3.9654,0.95822,2.443,2.8709,1.3416,1.5767,3.8474,2.7291,2.5729,4.6078,1.0805,2.1945,3.5826,1.1752,2.7217,3.6917,1.9775,1.983,4.5088,1.0331,1.9439,4.2591,1.8746,1.6845,3.4707,1.6629,2.5395,3.9979,2.1338,2.536,4.873,2.0946,2.4057,3.638,1.3204,3.0259,3.533,1.4576,1.5023,4.1996,0.6357,2.9854,3.6486,1.6088,1.6657,4.21,0.73207,1.9868,2.7363,0.73022,2.194,3.9811,2.6491,2.583,4.5252,2.0402,2.0934,3.4157,1.444,2.8184,3.5832,1.0592,2.2849,3.5622,2.5674,2.0537,4.5562,1.4645,1.7156,4.4246,1.5614,2.5731,3.6157,2.0569,2.3679,4.1143,2.6393,2.3379,4.921,0.54082,2.5259,3.0615
1962.6,0.25761,114.21,13.808,0.14306,917.74,1.4653,1.8044,4.117,1.2753,2.2452,4.2538,1.1623,1.9427,4.2481,2.4544,2.637,4.2958,0.85937,2.0163,4.2912,1.5184,2.5649,3.8996,3.2085,2.8309,6.0714,1.149,1.9451,4.2468,1.7367,1.6161,4.2191,1.299,2.2291,4.3091,0.82077,2.0532,4.2001,2.9732,2.8308,4.5547,5.52,2.689,1.2529,1.3302,2.7004,3.7138,0.89149,2.1352,2.9962,2.5369,2.1325,4.5721,1.4539,1.6262,3.9286,0.64137,2.6315,3.8054,2.0422,1.7654,3.5152,1.099,2.3893,3.195,0.15426,2.3079,3.3955,1.7631,1.6784,3.4133,1.8977,2.734,4.1621,1.7952,1.7231,3.4145,1.4366,1.6097,3.9557,0.38764,2.17,3.1328,2.107,2.4039,4.4751,1.4616,1.6975,3.2058,0.82592,1.942,2.7511,3.1881,2.8373,6.0188,2.0475,1.7953,3.514,1.0734,2.7204,2.9768,1.8347,2.5922,4.0544,0.67299,1.9357,2.8084,1.0586,2.4138,3.1273,1.9272,1.9232,4.5442,1.7255,1.6268,3.8961,0.51188,2.1982,3.7583,1.1855,2.5486,3.7563,0.91757,2.1247,3.175,2.6613,2.3567,4.4394,2.1676,2.2211,4.7886,1.5114,1.6762,3.9524,1.9023,1.9284,4.5247,1.5085,2.2116,3.247,0.73828,2.1723,3.052,2.4582,2.4338,4.4145,1.8987,2.5998,4.7542,1.8341,2.6062,4.7024,2.6414,2.3831,4.4579,1.2754,2.5432,3.8748,1.7531,2.2722,4.3749,1.8907,2.9914,3.8165,0.61423,2.4725,2.5779,1.4929,2.098,4.6385,2.0581,3.0124,3.9812,0.31167,2.4087,3.327,1.6653,1.5804,4.0699,0.67226,2.0739,3.0228,2.2646,2.2658,4.6804,0.76146,2.5534,3.184,0.91594,2.1412,3.1563,6.2367,2.8877,1.7733,2.0586,2.0456,4.6898,2.6292,2.395,4.4546,2.5595,2.2747,5.059,1.9526,2.6578,4.244,1.0778,1.7634,4.0158,4.6596,2.869,0.52529,0.83341,2.1323,2.9915,1.3082,2.0938,4.3501,1.0208,2.1261,3.4448,2.1331,2.6813,4.3754,1.7317,1.5485,4.1321,1.2497,2.5354,3.148,0.78489,2.4888,3.721,2.0813,1.8626,3.6682,1.5517,2.4701,3.4479,1.5975,2.5778,3.6235,1.6104,1.6072,4.2442,1.9187,2.693,4.3687,1.9931,2.6958,4.4643,3.5229,2.7524,0.35153,1.7369,1.5292,4.1261,1.7896,2.0025,3.4591,2.0616,2.9303,4.8766,1.2439,2.5437,3.1998,2.5902,2.4375,4.922,1.0876,2.6242,4.0404,1.5545,2.456,3.4575,1.1181,1.842,4.0683,1.6838,1.5507,4.0579,1.7572,1.9983,3.4108,0.26393,2.918,3.3247,2.9323,2.2958,4.6735,1.3038,1.9495,4.226,1.3307,2.6367,3.4843,1.4094,2.4668,3.3479,1.8802,1.9193,3.6519,1.9372,2.4702,4.0391,1.0339,2.3005,3.1526,2.5482,1.9935,5.1489,1.2636,2.6398,3.4031,1.3597,2.4937,3.2905,0.43398,2.9166,3.4792,0.62943,1.8576,2.7744,1.639,1.9854,4.5195,1.4559,1.7851,4.1509,5.2929,2.8603,1.6002,0.81169,2.0898,2.8238,1.0798,2.6558,4.0516,2.244,2.5257,3.6018,2.5233,2.398,4.8294,2.8988,2.6588,4.5981,2.108,2.5017,4.4571,2.3596,2.1533,4.2669,0.74373,2.0778,3.2578,0.50828,2.4282,3.0751,0.59541,2.1437,3.7019,2.3894,2.4273,4.5077,0.91217,2.4304,3.0137,1.236,1.6222,4.2746,1.6646,2.0299,3.4075,6.0241,2.6646,1.7632,3.4296,2.9109,0.15991,0.85101,2.3953,3.044,1.6702,1.6099,4.0612,1.5155,1.8974,3.1737,0.78572,2.4344,2.9408,2.149,2.3198,4.8384,1.2214,2.5628,3.1689,1.0195,1.9507,3.5052,0.43719,1.9772,3.2911,1.7354,2.0093,3.3908,2.3906,2.141,4.2442,2.2122,2.1385,5.0014,1.2593,1.6658,3.8443,0.70119,1.9766,2.7932,2.2215,2.1578,5.0375,2.3825,2.2465,4.5733,1.5785,2.4309,3.9686,4.4218,2.8951,0.34371,1.9581,2.4313,4.0241,0.81238,1.9444,4.1177,1.3243,2.6323,4.2886,3.7736,2.8005,0.060467,1.5519,1.6621,3.3023,0.23296,2.2991,3.2763,5.1037,2.8949,1.0584,0.70508,2.7307,3.4179,1.3655,2.5312,3.0333,2.1654,2.0878,4.9226,1.4676,2.0403,4.4094,1.5278,1.6327,3.3126,1.4143,2.9121,3.3734,0.58841,2.4126,2.9099,0.89608,2.4382,3.0413,0.24122,2.6029,3.3306,1.6588,2.3357,4.184,0.60342,2.4226,2.8674,1.0133,2.2726,3.5866,1.3949,1.766,4.2807,0.32045,2.3265,3.364,1.5268,1.5996,3.3032,0.57703,2.4103,2.9045,3.3169,2.8575,0.33972,1.9337,2.5608,4.0005,2.0471,2.199,4.6544,2.4078,2.7664,5.0173,1.9161,1.8968,3.8391,1.2913,1.7257,3.7171,2.198,2.114,4.9826,1.36,2.599,3.9107,1.0773,3.0539,2.9013,4.7719,2.9163,0.47444,1.36,2.7052,4.4058,1.9312,1.9016,3.8741,1.3392,2.6487,2.9735,0.62451,2.7361,3.2594,1.0256,2.8946,4.2055,0.75924,2.532,2.7343,0.6783,2.02,2.9109,0.53328,2.4146,3.3709,1.5634,2.1746,4.3106,1.4862,2.7148,4.5061,0.5381,1.9971,2.9742,2.0051,1.8326,3.7942,1.1876,1.7663,3.7025,2.2444,2.6604,4.6859,1.3526,1.6326,4.1116,1.3398,2.1497,3.1417,0.59478,2.0148,2.9983,0.5395,2.4204,2.675,1.665,2.3639,4.1953,2.2673,2.653,4.7482,0.56282,2.0225,2.956,1.5804,1.6829,3.3478,0.41185,3.0538,2.2823,0.67721,2.5479,2.6713,3.0849,2.7426,6.0959,0.17452,2.8845,2.8689,4.7032,2.9129,0.4069,2.2661,2.3469,3.595,1.2452,3.0243,4.0748,1.296,2.3907,3.4406,1.0193,3.0518,3.8533,2.3147,2.229,3.728,1.178,1.7407,3.7004,2.4375,2.3632,4.5928,2.507,2.6952,4.069,1.3396,2.6737,4.3753,1.9071,1.8496,3.829,1.2156,2.6923,3.7314,2.3164,2.437,4.882,1.6117,2.5695,3.4639,2.163,2.243,4.1343,0.76102,1.9347,3.3189,2.2373,2.4165,3.6459,2.2502,2.3915,3.6128,2.2469,1.9772,4.9963,2.5965,2.2745,4.7867,2.3243,2.2438,3.7499,1.3564,1.5951,3.8779,2.2504,2.6665,4.7156,1.9086,1.8719,3.8372,0.77641,2.1119,4.084,1.5924,1.7544,4.2475,2.2817,2.664,4.7685,1.4452,2.389,3.2629,6.0142,2.9118,2.324,1.8491,1.7845,3.5326,1.8755,2.9168,4.163,2.1082,1.9655,4.8676,1.2122,2.592,4.3955,1.9728,2.1491,4.8853,1.6072,1.6971,3.9611,1.6098,2.0412,3.3194,1.0862,2.6905,3.6211,0.98578,2.7842,3.8532,1.4624,2.4839,3.8905,1.1638,2.7117,3.6579,1.8114,1.663,4.0709,0.94432,2.4549,2.8408,1.9719,2.1335,4.4573,0.31216,2.7428,3.0704,1.0411,1.9306,4.2711,0.9871,2.3007,3.1019,1.6943,2.4108,4.6051,0.95333,2.0363,2.8678,0.72508,1.9647,2.7407,1.5961,1.6813,3.9653,0.96015,2.4422,2.8766,1.3388,1.575,3.8485,2.7281,2.5723,4.6082,1.0797,2.1993,3.5788,1.178,2.7173,3.6937,1.9776,1.9833,4.5117,1.0303,1.9426,4.2594,1.8764,1.6861,3.4722,1.6628,2.5421,3.9978,2.135,2.5351,4.8696,2.0903,2.4078,3.6326,1.3313,3.0221,3.5429,1.4583,1.505,4.1975,0.6333,2.9847,3.6473,1.6087,1.6609,4.2087,0.73146,1.986,2.7362,0.73285,2.1941,3.9837,2.6471,2.5819,4.5258,2.044,2.0912,3.4153,1.4483,2.812,3.5878,1.0561,2.2921,3.556,2.5709,2.0578,4.5637,1.4626,1.7145,4.4254,1.5597,2.5721,3.6195,2.0572,2.3729,4.1179,2.6365,2.3362,4.9172,0.54676,2.5263,3.0675
1962.6,0.25761,114.21,13.808,0.152,952.08,1.4621,1.8011,4.1147,1.277,2.2459,4.2573,1.158,1.9397,4.2477,2.4524,2.6357,4.2965,0.85901,2.0147,4.2944,1.5185,2.5686,3.9,3.2205,2.8294,6.0863,1.1446,1.9421,4.2475,1.7364,1.61,4.2168,1.2997,2.2289,4.3145,0.81903,2.0525,4.2001,2.9774,2.8303,4.5573,5.5107,2.6825,1.2428,1.3325,2.6939,3.7159,0.88746,2.1345,2.9942,2.5414,2.1375,4.581,1.4522,1.6243,3.9299,0.63918,2.6351,3.7992,2.0448,1.7651,3.5178,1.0963,2.3875,3.1981,0.14642,2.3092,3.3839,1.7617,1.678,3.415,1.889,2.7287,4.1515,1.7961,1.7251,3.4159,1.435,1.6064,3.9574,0.38799,2.1714,3.1299,2.1097,2.4051,4.4783,1.4605,1.6989,3.2059,0.82552,1.944,2.751,3.2003,2.8366,6.0323,2.051,1.7964,3.5168,1.078,2.7207,2.9834,1.8362,2.5929,4.058,0.67523,1.9387,2.8096,1.0571,2.4118,3.131,1.9293,1.9235,4.5476,1.7281,1.624,3.8971,0.51256,2.1976,3.7599,1.1871,2.5534,3.7577,0.91299,2.1274,3.1703,2.6685,2.3594,4.4479,2.1735,2.2242,4.7948,1.5138,1.6771,3.9547,1.9039,1.9294,4.5271,1.5097,2.2131,3.2457,0.73221,2.1775,3.0432,2.4608,2.4371,4.4207,1.8953,2.6005,4.7437,1.8292,2.6067,4.6922,2.6494,2.3879,4.4707,1.2747,2.5462,3.8709,1.7586,2.2753,4.3802,1.8839,2.9868,3.809,0.621,2.473,2.5841,1.4882,2.1012,4.6378,2.0571,3.0084,3.9789,0.3077,2.4098,3.322,1.6657,1.5786,4.069,0.66998,2.0759,3.0189,2.2653,2.2666,4.6811,0.76655,2.5495,3.1934,0.91126,2.1444,3.1505,6.231,2.887,1.765,2.0645,2.0498,4.6972,2.6363,2.4001,4.4665,2.5546,2.2709,5.0516,1.9462,2.6477,4.2374,1.0777,1.7585,4.0198,4.6606,2.8606,0.52527,0.83049,2.1328,2.9887,1.3089,2.0935,4.355,1.0182,2.1288,3.4413,2.125,2.6769,4.3662,1.7339,1.5452,4.1306,1.255,2.5342,3.1509,0.78682,2.4921,3.7179,2.0832,1.8589,3.6643,1.5488,2.4725,3.447,1.5959,2.5801,3.6272,1.6075,1.6052,4.2435,1.9102,2.6852,4.358,1.9883,2.6887,4.4592,3.533,2.7498,3.4276,1.7395,1.5256,4.124,1.7957,2.0022,3.4607,2.0594,2.9303,4.8751,1.2482,2.5434,3.2054,2.5878,2.4371,4.9183,1.0899,2.6251,4.037,1.552,2.4576,3.4575,1.1138,1.8428,4.0673,1.6857,1.5477,4.0565,1.7611,1.9975,3.4095,0.2641,2.9161,3.3254,2.9355,2.2948,4.6785,1.3027,1.9495,4.2274,1.334,2.6348,3.4921,1.4066,2.4678,3.3489,1.8831,1.9153,3.6481,1.9374,2.4767,4.0434,1.0304,2.3014,3.151,2.5485,1.9907,5.149,1.2649,2.638,3.4088,1.3538,2.4954,3.288,0.44092,2.9143,3.4858,0.6266,1.8596,2.7669,1.6336,1.9831,4.5231,1.4554,1.7811,4.1521,5.2786,2.857,1.5852,0.8106,2.0885,2.8251,1.0817,2.6586,4.0493,2.2482,2.5245,3.5996,2.5168,2.3944,4.8199,2.9064,2.6556,4.6043,2.1063,2.5013,4.4543,2.3608,2.1577,4.2729,0.74039,2.0843,3.2497,0.5198,2.4256,3.0876,0.59506,2.1437,3.7015,2.3899,2.4238,4.513,0.9234,2.4274,3.025,1.2342,1.6251,4.273,1.662,2.0307,3.4043,6.0093,2.6618,1.7472,3.4396,2.9087,0.17087,0.85341,2.392,3.0513,1.6706,1.6081,4.0599,1.5171,1.8991,3.1736,0.78667,2.433,2.9443,2.1489,2.3179,4.8325,1.2253,2.5631,3.1739,1.0204,1.9496,3.5054,0.43017,1.9771,3.2946,1.7377,2.0083,3.3872,2.3917,2.1455,4.2485,2.2161,2.1368,5.0019,1.2569,1.6616,3.8461,0.70207,1.9767,2.7951,2.2257,2.1571,5.0397,2.3862,2.2498,4.5798,1.5789,2.4377,3.9686,4.4303,2.8885,0.35259,1.9588,2.4379,4.0267,0.81074,1.9444,4.1166,1.3336,2.6357,4.2926,3.7876,2.7972,0.06023,1.5539,1.6659,3.3034,0.22838,2.2988,3.2686,5.103,2.8882,1.0595,0.71044,2.7274,3.4234,1.3699,2.5326,3.0348,2.1686,2.0847,4.9214,1.4663,2.0359,4.4127,1.5279,1.6328,3.3142,1.416,2.9114,3.3731,0.5966,2.4103,2.9215,0.89508,2.4369,3.0446,0.24109,2.602,3.3283,1.6625,2.3413,4.1883,0.61182,2.4213,2.876,1.01,2.2798,3.5807,1.395,1.7638,4.2794,0.32064,2.3275,3.3623,1.5268,1.5984,3.3043,0.58381,2.4083,2.9145,3.333,2.8559,3.4242,1.9295,2.5592,3.9992,2.0517,2.1996,4.658,2.3914,2.7648,4.9983,1.9176,1.8916,3.8349,1.2909,1.7205,3.7187,2.2013,2.1113,4.9829,1.358,2.596,3.9055,1.0709,3.0527,2.8939,4.776,2.9115,0.47806,1.3656,2.7059,4.4088,1.9332,1.8984,3.8741,1.3443,2.6498,2.9802,0.63595,2.7335,3.2729,1.0323,2.8936,4.2114,0.77028,2.533,2.7434,0.67809,2.0245,2.9081,0.53342,2.4152,3.3687,1.5637,2.1735,4.3158,1.4982,2.7157,4.5144,0.53289,1.9994,2.9654,2.0065,1.8294,3.7933,1.187,1.7611,3.7061,2.2362,2.657,4.6736,1.3506,1.6372,4.1078,1.3365,2.1488,3.1397,0.59211,2.0183,2.9917,0.54409,2.4186,2.6815,1.6702,2.3719,4.1996,2.2581,2.6487,4.7361,0.55844,2.0254,2.9476,1.5812,1.6816,3.3492,0.39958,3.0544,2.2673,0.68183,2.5505,2.6748,3.0977,2.7412,6.1102,0.19255,2.8847,2.8898,4.7068,2.9084,0.41071,2.2629,2.3427,3.5864,1.2524,3.02,4.0842,1.2875,2.3967,3.434,1.0236,3.0501,3.8607,2.3118,2.2286,3.7232,1.1766,1.7334,3.7046,2.4378,2.3645,4.5941,2.5017,2.6977,4.0706,1.3437,2.6735,4.3765,1.9081,1.8425,3.8251,1.2193,2.6873,3.7344,2.3115,2.4345,4.8717,1.611,2.5675,3.4728,2.1631,2.2476,4.1377,0.75865,1.9376,3.3145,2.2311,2.4171,3.6393,2.2445,2.3901,3.6039,2.2509,1.9797,5.0003,2.5935,2.2735,4.7863,2.3216,2.2446,3.7466,1.355,1.5961,3.8798,2.2393,2.6623,4.7009,1.9099,1.8667,3.8333,0.77671,2.1097,4.0912,1.5916,1.7501,4.2468,2.273,2.6604,4.7574,1.4452,2.3895,3.2632,6.0194,2.9135,2.3311,1.8498,1.7836,3.5355,1.8707,2.9097,4.1558,2.1144,1.9662,4.8738,1.2173,2.5927,4.4021,1.9782,2.1497,4.8869,1.6069,1.6917,3.9609,1.6108,2.0437,3.3163,1.0882,2.6869,3.622,0.98792,2.7822,3.8528,1.4669,2.4878,3.8941,1.1651,2.7078,3.6571,1.8096,1.6562,4.0699,0.94591,2.4548,2.8444,1.9771,2.1383,4.4629,0.32603,2.7382,3.0836,1.0379,1.9287,4.2714,0.98771,2.2997,3.1051,1.6986,2.4122,4.6065,0.95123,2.034,2.8684,0.72423,1.9635,2.7404,1.5952,1.6755,3.9652,0.96198,2.4415,2.8822,1.3361,1.5732,3.8497,2.7271,2.5719,4.6088,1.0788,2.2042,3.5749,1.1809,2.713,3.6958,1.9779,1.9836,4.5146,1.0276,1.9413,4.2598,1.8783,1.6877,3.4738,1.6627,2.5447,3.9976,2.1363,2.5342,4.8664,2.0861,2.4098,3.6273,1.3421,3.0183,3.5527,1.459,1.5076,4.1955,0.63062,2.984,3.6456,1.6087,1.6563,4.2075,0.73087,1.9852,2.7362,0.73543,2.1943,3.9862,2.6452,2.5809,4.5265,2.0478,2.0889,3.4149,1.4525,2.8058,3.5926,1.053,2.2993,3.5497,2.5743,2.0621,4.5711,1.4608,1.7135,4.4263,1.5581,2.5712,3.6234,2.0575,2.378,4.1215,2.6336,2.3346,4.9136,0.55252,2.5266,3.0734
1962.6,0.25761,114.21,13.808,0.16094,986.57,1.459,1.7979,4.1123,1.2789,2.2465,4.2608,1.1537,1.9367,4.2471,2.4503,2.6345,4.2973,0.85861,2.0132,4.2974,1.5186,2.572,3.9004,3.2322,2.8279,6.1011,1.1403,1.939,4.2481,1.736,1.6042,4.2146,1.3003,2.2286,4.3198,0.81737,2.0519,4.2001,2.9815,2.8299,4.5599,5.5019,2.676,1.2333,1.3344,2.6883,3.7174,0.88346,2.1336,2.9922,2.5459,2.1423,4.5899,1.4503,1.6226,3.9311,0.63677,2.6386,3.7927,2.0475,1.7647,3.5204,1.0932,2.3859,3.2005,0.13851,2.3106,3.3722,1.7603,1.6775,3.4168,1.8811,2.7237,4.142,1.797,1.7271,3.4173,1.4334,1.6033,3.9591,0.38838,2.1727,3.1272,2.1124,2.4062,4.4813,1.4594,1.7004,3.2059,0.82507,1.946,2.751,3.2127,2.8357,6.046,2.0545,1.7974,3.5197,1.0827,2.721,2.99,1.8377,2.5935,4.0616,0.6774,1.9417,2.8109,1.0555,2.4099,3.1344,1.9314,1.9236,4.5511,1.7307,1.6215,3.8982,0.51341,2.197,3.7616,1.1889,2.5578,3.7595,0.90857,2.13,3.1658,2.6755,2.3619,4.4562,2.1793,2.227,4.8007,1.5162,1.6779,3.9568,1.9056,1.9303,4.5295,1.5108,2.2145,3.2444,0.72632,2.1824,3.0348,2.4633,2.4403,4.4266,1.8917,2.6011,4.733,1.8246,2.6072,4.6821,2.6576,2.3924,4.4836,1.274,2.549,3.867,1.7642,2.2783,4.3855,1.8773,2.9824,3.8017,0.62763,2.4735,2.5903,1.4834,2.1044,4.637,2.0562,3.0045,3.9767,0.30391,2.4106,3.3173,1.6662,1.5769,4.0682,0.66778,2.0776,3.0152,2.2659,2.2673,4.6817,0.77124,2.5457,3.2024,0.90688,2.1475,3.1451,6.224,2.8862,1.7573,2.0705,2.0539,4.7047,2.6434,2.4048,4.4782,2.5503,2.2672,5.0448,1.9406,2.6382,4.2315,1.0776,1.7537,4.0236,4.6616,2.8524,0.5252,0.82765,2.1333,2.9861,1.3098,2.0934,4.3597,1.0156,2.1317,3.4377,2.1173,2.6727,4.3574,1.7361,1.542,4.1291,1.2601,2.5332,3.1536,0.78873,2.4952,3.7148,2.0852,1.8553,3.6607,1.5461,2.4749,3.4464,1.5945,2.5822,3.6312,1.6048,1.6033,4.2429,1.9022,2.6777,4.348,1.984,2.6818,4.4544,3.5431,2.7472,5.9809,1.7421,1.5221,4.1219,1.8019,2.002,3.4625,2.0572,2.9303,4.8737,1.2524,2.543,3.2107,2.5856,2.4367,4.9147,1.092,2.6259,4.0335,1.5495,2.4591,3.4576,1.1096,1.8435,4.0662,1.6877,1.545,4.055,1.7651,1.9965,3.4083,0.26432,2.9142,3.326,2.9385,2.2937,4.6832,1.3015,1.9494,4.2289,1.3371,2.6332,3.4995,1.4039,2.4688,3.35,1.8861,1.9114,3.6446,1.9378,2.4827,4.0479,1.0271,2.3021,3.1495,2.5486,1.9881,5.1491,1.2662,2.6364,3.4145,1.3481,2.497,3.2855,0.44762,2.912,3.4922,0.62391,1.8613,2.7596,1.628,1.9809,4.5263,1.4549,1.7773,4.1532,5.2647,2.8536,1.5704,0.80947,2.0874,2.8262,1.0834,2.6613,4.0468,2.2529,2.5231,3.598,2.5106,2.3909,4.8108,2.914,2.6522,4.6105,2.1048,2.5011,4.4516,2.3622,2.1622,4.279,0.73679,2.0907,3.2413,0.53108,2.423,3.0997,0.59474,2.1436,3.701,2.3902,2.4204,4.5181,0.9345,2.4244,3.0361,1.2321,1.6278,4.2714,1.6594,2.0314,3.4011,5.9948,2.6589,1.7316,3.4489,2.9065,0.18119,0.85527,2.3888,3.058,1.671,1.6063,4.0587,1.5186,1.9008,3.1734,0.78747,2.4318,2.9476,2.1488,2.316,4.827,1.2289,2.5635,3.1788,1.0213,1.9483,3.5056,0.42315,1.9771,3.2983,1.74,2.0071,3.3836,2.3928,2.15,4.2529,2.2201,2.1349,5.0024,1.2545,1.6574,3.8477,0.70289,1.9768,2.7969,2.2298,2.1562,5.0417,2.3898,2.2529,4.5861,1.5794,2.4442,3.9686,4.4385,2.8821,0.36146,1.9596,2.4446,4.0293,0.80916,1.9443,4.1155,1.3428,2.639,4.2963,3.8012,2.794,0.081517,1.5559,1.6698,3.3045,0.22406,2.2985,3.2613,5.1026,2.8816,1.0612,0.71532,2.7242,3.4284,1.3741,2.5341,3.036,2.172,2.0818,4.9204,1.4649,2.0312,4.4161,1.528,1.6328,3.3158,1.4176,2.9108,3.3728,0.60462,2.4079,2.933,0.89404,2.4356,3.0477,0.24089,2.6012,3.3259,1.6664,2.3468,4.1928,0.61992,2.4201,2.8842,1.0065,2.287,3.5746,1.3951,1.7617,4.2779,0.3208,2.3285,3.3604,1.5267,1.5971,3.3055,0.59033,2.4065,2.9242,3.3486,2.8543,5.9855,1.9254,2.5577,3.9979,2.0564,2.2001,4.6616,2.3751,2.7631,4.9793,1.919,1.8863,3.8308,1.2906,1.7154,3.7202,2.2048,2.1087,4.9832,1.3561,2.5932,3.9004,1.0642,3.0517,2.8864,4.78,2.9068,0.48169,1.371,2.7065,4.4119,1.9353,1.8953,3.8741,1.3494,2.6509,2.9868,0.64666,2.7311,3.2856,1.0389,2.8925,4.2172,0.78108,2.5341,2.7523,0.67798,2.0288,2.9056,0.5337,2.4157,3.3666,1.5641,2.1722,4.321,1.5097,2.7164,4.5223,0.5278,2.0017,2.9567,2.008,1.8263,3.7926,1.1862,1.7559,3.7097,2.229,2.6538,4.6624,1.3486,1.6416,4.1041,1.3332,2.1478,3.1378,0.58943,2.0216,2.9851,0.5486,2.4169,2.6881,1.6753,2.3797,4.2038,2.2493,2.6446,4.7244,0.55428,2.028,2.9397,1.5819,1.6805,3.3507,0.38667,3.055,2.2516,0.68618,2.5531,2.678,3.1104,2.7397,6.1245,0.21035,2.8848,2.9103,4.7105,2.9041,0.41476,2.2601,2.3385,3.5782,1.2584,3.0158,4.0924,1.2796,2.402,3.428,1.0267,3.0485,3.8669,2.3091,2.2282,3.7186,1.1751,1.7259,3.7088,2.438,2.3656,4.5952,2.4964,2.7,4.0722,1.3476,2.6733,4.3774,1.909,1.8354,3.8215,1.2229,2.6824,3.7373,2.3071,2.4322,4.8621,1.6101,2.5659,3.4812,2.1634,2.2522,4.1412,0.75624,1.9403,3.3101,2.2251,2.4177,3.6326,2.2389,2.3885,3.5948,2.2547,1.9818,5.0038,2.5906,2.2725,4.7859,2.319,2.2455,3.7434,1.3536,1.597,3.8814,2.2285,2.6581,4.6865,1.9112,1.8614,3.8296,0.77704,2.1076,4.0983,1.5908,1.7459,4.2459,2.2646,2.6568,4.7466,1.4452,2.39,3.2635,6.0248,2.9152,2.3383,1.8506,1.7827,3.5383,1.8661,2.9026,4.149,2.1204,1.9668,4.8798,1.2222,2.5933,4.4087,1.9834,2.1503,4.8884,1.6065,1.6865,3.9608,1.6121,2.0462,3.3134,1.09,2.6835,3.6227,0.98989,2.7802,3.8521,1.4711,2.4914,3.8978,1.1662,2.7041,3.656,1.8078,1.6497,4.069,0.94742,2.4548,2.8479,1.9825,2.143,4.4686,0.33953,2.7336,3.0965,1.0349,1.9269,4.2715,0.98822,2.2987,3.1082,1.7028,2.4134,4.6079,0.94912,2.0318,2.8688,0.72339,1.9625,2.74,1.5943,1.6701,3.9652,0.96368,2.4408,2.8877,1.3334,1.5713,3.8508,2.7262,2.5714,4.6093,1.0778,2.2091,3.5709,1.1837,2.7088,3.6978,1.9782,1.984,4.5175,1.025,1.94,4.2603,1.8802,1.6892,3.4753,1.6627,2.5472,3.9974,2.1377,2.5334,4.8632,2.0819,2.4119,3.622,1.3528,3.0146,3.5624,1.4597,1.5101,4.1935,0.6277,2.9834,3.6438,1.6087,1.6519,4.2063,0.73028,1.9845,2.7361,0.73799,2.1945,3.9887,2.6433,2.5799,4.5273,2.0515,2.0865,3.4147,1.4566,2.7999,3.5975,1.0498,2.3064,3.5432,2.5778,2.0663,4.5787,1.4591,1.7125,4.4272,1.5565,2.5703,3.6273,2.0579,2.3828,4.1251,2.631,2.3332,4.9102,0.55813,2.5271,3.079
1962.6,0.25761,114.21,13.808,0.16988,1021.3,1.456,1.7945,4.1101,1.2809,2.2472,4.2644,1.1495,1.9339,4.2465,2.4483,2.6332,4.2982,0.85817,2.0121,4.3002,1.5188,2.5752,3.9008,3.2438,2.8263,6.1156,1.1359,1.936,4.2487,1.7357,1.5986,4.2123,1.3008,2.2283,4.325,0.81579,2.0513,4.2002,2.9856,2.8295,4.5625,5.4934,2.6696,1.2243,1.336,2.6834,3.7184,0.87948,2.1327,2.9903,2.5504,2.147,4.5988,1.4485,1.6211,3.9322,0.63413,2.642,3.7861,2.0502,1.7644,3.5229,1.0897,2.3845,3.2025,0.1305,2.3119,3.3603,1.759,1.6769,3.4186,1.874,2.7192,4.1335,1.7979,1.729,3.4187,1.4318,1.6004,3.9605,0.38883,2.1739,3.1245,2.1149,2.4072,4.484,1.4582,1.7018,3.2059,0.82456,1.9476,2.7511,3.2252,2.8348,6.0597,2.0582,1.7983,3.5226,1.0875,2.7213,2.9966,1.8392,2.5941,4.0652,0.6795,1.9444,2.8122,1.0538,2.4081,3.1376,1.9338,1.9237,4.5545,1.7333,1.6191,3.8993,0.51442,2.1963,3.7635,1.191,2.5618,3.7617,0.90432,2.1324,3.1616,2.6822,2.3643,4.4643,2.1849,2.2298,4.8065,1.5185,1.6787,3.9588,1.9075,1.9312,4.532,1.512,2.2159,3.2432,0.72066,2.1871,3.0269,2.4656,2.4432,4.4323,1.8882,2.6017,4.7222,1.8202,2.6076,4.6721,2.6658,2.3966,4.4965,1.2733,2.5516,3.8632,1.77,2.2812,4.3907,1.8709,2.9781,3.7948,0.63415,2.4739,2.5964,1.4785,2.1075,4.636,2.0554,3.0006,3.9746,0.30023,2.4113,3.3128,1.6667,1.5752,4.0673,0.66566,2.0793,3.0116,2.2664,2.268,4.6821,0.77551,2.5419,3.211,0.90278,2.1502,3.1401,6.218,2.8854,1.7502,2.0768,2.0579,4.7122,2.6504,2.4091,4.4897,2.5463,2.2636,5.0384,1.9358,2.6296,4.2265,1.0775,1.7491,4.0274,4.6625,2.8443,0.52524,0.82488,2.1338,2.9835,1.3106,2.0932,4.3644,1.013,2.1346,3.4341,2.11,2.6686,4.349,1.7385,1.5386,4.1277,1.2652,2.5322,3.156,0.79064,2.4982,3.7118,2.0873,1.8518,3.6573,1.5434,2.4773,3.4458,1.5933,2.5843,3.6354,1.6021,1.6017,4.2421,1.8947,2.6704,4.3385,1.9799,2.6752,4.4498,3.553,2.7444,0.12259,1.7448,1.5188,4.1198,1.8081,2.0018,3.4644,2.0549,2.9304,4.8722,1.2564,2.5428,3.2158,2.5835,2.4364,4.9113,1.0939,2.6266,4.0299,1.5472,2.4608,3.4579,1.1055,1.8441,4.0652,1.6898,1.5423,4.0537,1.7691,1.9955,3.4072,0.26461,2.9123,3.3265,2.9414,2.2925,4.6876,1.3002,1.9494,4.2304,1.34,2.6316,3.5067,1.4013,2.4697,3.3512,1.8892,1.9076,3.6412,1.9383,2.4884,4.0524,1.0237,2.3028,3.1481,2.5487,1.9854,5.1493,1.2676,2.6349,3.4202,1.3425,2.4987,3.2831,0.45407,2.9097,3.4984,0.62138,1.8628,2.7529,1.6224,1.9787,4.5289,1.4544,1.7736,4.1543,5.2512,2.8502,1.5559,0.80832,2.0863,2.8272,1.0849,2.6638,4.0441,2.258,2.5217,3.597,2.5049,2.3876,4.8021,2.9217,2.6489,4.6169,2.1034,2.5009,4.4491,2.3636,2.1668,4.2852,0.73302,2.0969,3.2328,0.54205,2.4206,3.1116,0.59448,2.1435,3.7006,2.3907,2.4174,4.5232,0.9453,2.4215,3.047,1.23,1.6307,4.2696,1.6567,2.032,3.3978,5.9807,2.656,1.7165,3.4574,2.9043,0.19074,0.85645,2.3858,3.0637,1.6714,1.6046,4.0576,1.5201,1.9025,3.1733,0.78811,2.4306,2.9507,2.149,2.3142,4.8219,1.2324,2.564,3.1835,1.022,1.947,3.506,0.41622,1.9772,3.3019,1.7424,2.0057,3.3802,2.3942,2.1546,4.2576,2.2241,2.1331,5.003,1.2521,1.6535,3.849,0.70363,1.977,2.7985,2.2338,2.1553,5.0436,2.3933,2.2559,4.5922,1.5797,2.4503,3.9685,4.4466,2.8758,0.37041,1.9604,2.4513,4.032,0.80766,1.9442,4.1146,1.3518,2.6423,4.2997,3.8145,2.7909,0.094694,1.558,1.6737,3.3056,0.22006,2.2982,3.2543,5.1025,2.8751,1.0632,0.71974,2.7211,3.4327,1.3781,2.5356,3.037,2.1754,2.079,4.9198,1.4634,2.0263,4.4194,1.5281,1.6328,3.3173,1.4191,2.9102,3.3722,0.61236,2.4056,2.9441,0.89295,2.4343,3.0508,0.24067,2.6004,3.3235,1.6703,2.3523,4.1973,0.62782,2.419,2.8923,1.0029,2.2943,3.5683,1.3952,1.7595,4.2764,0.32097,2.3294,3.3586,1.5266,1.5958,3.3067,0.5966,2.4047,2.9336,3.3635,2.8527,0.13455,1.9214,2.5563,3.9967,2.061,2.2005,4.6651,2.3591,2.7612,4.9603,1.9203,1.8809,3.8268,1.2903,1.7106,3.7217,2.2082,2.1062,4.9835,1.3543,2.5904,3.8955,1.0574,3.0507,2.8787,4.7838,2.9022,0.48538,1.3763,2.707,4.4145,1.9375,1.8922,3.8743,1.3544,2.652,2.9934,0.65666,2.7288,3.2974,1.0454,2.8914,4.2229,0.79164,2.5351,2.7611,0.67799,2.033,2.9034,0.53406,2.4163,3.3646,1.5645,2.1709,4.3262,1.5207,2.7171,4.5297,0.52287,2.0039,2.9482,2.0094,1.8233,3.792,1.1855,1.7506,3.7132,2.2226,2.6509,4.6523,1.3465,1.6458,4.1005,1.3299,2.1469,3.136,0.58674,2.0248,2.9788,0.55308,2.415,2.6946,1.6804,2.3875,4.2078,2.2411,2.6405,4.7132,0.55034,2.0303,2.9323,1.5827,1.6794,3.3522,0.37322,3.0556,2.2355,0.69024,2.5559,2.681,3.1231,2.738,6.1388,0.22795,2.8847,2.9307,4.7144,2.9,0.41904,2.2575,2.3343,3.5704,1.2635,3.0116,4.0995,1.2722,2.4067,3.4226,1.0289,3.0468,3.8721,2.3064,2.2278,3.7139,1.1736,1.7184,3.7129,2.4381,2.3666,4.5961,2.4912,2.7021,4.0737,1.3514,2.6731,4.3782,1.9098,1.8285,3.8182,1.2262,2.6778,3.7399,2.3032,2.4301,4.8531,1.609,2.5645,3.4892,2.1637,2.2568,4.1449,0.75379,1.9432,3.3057,2.2193,2.4183,3.626,2.2334,2.3869,3.5858,2.2584,1.9835,5.0069,2.5877,2.2716,4.7855,2.3164,2.2464,3.7403,1.3522,1.598,3.8828,2.2181,2.6538,4.6726,1.9125,1.8561,3.8259,0.77741,2.1054,4.1053,1.59,1.7417,4.245,2.2565,2.6533,4.7362,1.4452,2.3905,3.2639,6.0303,2.9169,2.3456,1.8516,1.7819,3.541,1.862,2.8957,4.1425,2.1264,1.9674,4.8856,1.2268,2.5938,4.415,1.9886,2.151,4.89,1.6061,1.6814,3.9607,1.6135,2.0487,3.3107,1.0916,2.6804,3.6231,0.99167,2.7784,3.8512,1.4753,2.4945,3.9015,1.1673,2.7006,3.6549,1.806,1.6435,4.0681,0.94887,2.4548,2.8513,1.9879,2.1478,4.4744,0.35269,2.7288,3.109,1.0319,1.9251,4.2715,0.98864,2.2978,3.1111,1.707,2.4146,4.6092,0.94698,2.0297,2.8691,0.72253,1.9615,2.7396,1.5934,1.665,3.9652,0.96522,2.4402,2.893,1.3307,1.5694,3.8521,2.7253,2.5709,4.6099,1.0768,2.214,3.5669,1.1864,2.7049,3.6996,1.9785,1.9844,4.5205,1.0225,1.9387,4.2607,1.882,1.6906,3.4769,1.6626,2.5495,3.9971,2.1391,2.5327,4.8601,2.0777,2.414,3.6166,1.3635,3.0107,3.5723,1.4603,1.5126,4.1916,0.62459,2.9828,3.6418,1.6088,1.6477,4.2051,0.72971,1.9837,2.736,0.74052,2.1949,3.9911,2.6415,2.5789,4.5282,2.0552,2.0842,3.4145,1.4607,2.7942,3.6025,1.0464,2.3134,3.5369,2.5814,2.0705,4.5865,1.4574,1.7119,4.4281,1.555,2.5697,3.6312,2.0584,2.3877,4.1288,2.6286,2.3318,4.907,0.5636,2.5277,3.0845
1962.6,0.25761,114.21,13.808,0.17882,1054.9,1.453,1.7911,4.108,1.2831,2.2478,4.268,1.1453,1.9311,4.2457,2.4464,2.6319,4.2991,0.85772,2.0108,4.3029,1.519,2.5785,3.9012,3.2552,2.8245,6.1297,1.1317,1.9332,4.2493,1.7355,1.593,4.21,1.3014,2.228,4.3302,0.81427,2.0507,4.2004,2.9894,2.829,4.565,5.4854,2.6631,1.2159,1.3372,2.6789,3.7191,0.87554,2.1318,2.9883,2.555,2.1516,4.6076,1.4466,1.6196,3.9334,0.63141,2.6454,3.7793,2.053,1.764,3.5255,1.086,2.3832,3.204,0.12251,2.3131,3.3485,1.7576,1.6762,3.4203,1.8677,2.7147,4.1258,1.7988,1.7308,3.42,1.4303,1.5976,3.9618,0.38929,2.1751,3.1219,2.1174,2.4081,4.4867,1.457,1.7033,3.2058,0.82395,1.9491,2.751,3.2378,2.8339,6.0735,2.062,1.7993,3.5258,1.0922,2.7217,3.0032,1.8409,2.5947,4.069,0.68151,1.9471,2.8134,1.0519,2.4064,3.1407,1.936,1.9238,4.558,1.7358,1.617,3.9005,0.51556,2.1955,3.7655,1.1932,2.5658,3.764,0.90014,2.1347,3.1574,2.6889,2.3666,4.472,2.1906,2.2326,4.8124,1.5209,1.6794,3.9608,1.9095,1.932,4.5344,1.5133,2.2171,3.2419,0.71505,2.1918,3.019,2.4679,2.4463,4.4381,1.8844,2.6025,4.7112,1.8159,2.6081,4.6624,2.6742,2.4008,4.5096,1.2725,2.5542,3.8595,1.7758,2.2843,4.396,1.865,2.9738,3.7883,0.6405,2.4744,2.6023,1.4735,2.1107,4.6349,2.0547,2.9965,3.9725,0.29661,2.4119,3.3084,1.6673,1.5736,4.0665,0.66355,2.0808,3.0081,2.2669,2.2686,4.6823,0.77957,2.5381,3.2194,0.89887,2.1528,3.1354,6.2124,2.8846,1.7434,2.0831,2.0618,4.7197,2.6574,2.4132,4.5012,2.5426,2.26,5.0322,1.9315,2.6214,4.2221,1.0772,1.7443,4.0312,4.6634,2.8365,0.52543,0.82219,2.1342,2.9812,1.3115,2.0929,4.369,1.0103,2.1374,3.4304,2.1029,2.6643,4.341,1.7407,1.5352,4.1262,1.2701,2.5313,3.1583,0.79256,2.5012,3.7089,2.0893,1.8483,3.6538,1.5407,2.4798,3.4454,1.5921,2.5864,3.6397,1.5994,1.6004,4.2413,1.8877,2.6632,4.3293,1.9763,2.6687,4.4456,3.5628,2.7416,0.071377,1.7475,1.5154,4.1175,1.8144,2.0015,3.4664,2.0525,2.9304,4.8704,1.2603,2.5426,3.2205,2.5814,2.436,4.9078,1.0957,2.6273,4.0261,1.5449,2.4625,3.4581,1.1013,1.8446,4.0644,1.6918,1.5397,4.0524,1.7732,1.9944,3.4062,0.26508,2.9104,3.3272,2.9442,2.2913,4.6919,1.2989,1.9493,4.2319,1.3429,2.6302,3.5139,1.3987,2.4707,3.3524,1.8922,1.9039,3.638,1.9388,2.494,4.0571,1.0204,2.3035,3.1467,2.5487,1.9829,5.1493,1.269,2.6335,3.4259,1.3368,2.5003,3.2806,0.46026,2.9074,3.5043,0.61893,1.8643,2.7463,1.6166,1.9765,4.5311,1.454,1.7699,4.1553,5.2383,2.8469,1.5418,0.80719,2.0852,2.8282,1.0863,2.6662,4.0414,2.2634,2.5199,3.5963,2.4994,2.3843,4.7936,2.9294,2.6456,4.6231,2.1022,2.5008,4.4467,2.365,2.1713,4.2913,0.72904,2.103,3.2241,0.55289,2.4181,3.1232,0.59429,2.1434,3.7003,2.3911,2.4144,4.5283,0.9561,2.4186,3.0579,1.2277,1.6336,4.2677,1.6539,2.0326,3.3945,5.967,2.653,1.7019,3.4653,2.9021,0.19964,0.85731,2.383,3.0691,1.6718,1.603,4.0564,1.5216,1.9041,3.1734,0.78866,2.4293,2.9536,2.1494,2.3125,4.8168,1.2358,2.5645,3.1881,1.0228,1.9457,3.5063,0.4092,1.9776,3.3055,1.7447,2.0043,3.3768,2.3957,2.1592,4.2624,2.228,2.1312,5.0035,1.2496,1.6497,3.8502,0.70429,1.9771,2.8,2.2377,2.1543,5.0453,2.3967,2.2588,4.5983,1.58,2.4565,3.9683,4.4546,2.8695,0.37924,1.9613,2.4581,4.0348,0.80621,1.9442,4.1135,1.3606,2.6455,4.3032,3.8275,2.7877,0.10887,1.5602,1.6776,3.3069,0.21623,2.298,3.2474,5.1025,2.8686,1.0653,0.72387,2.718,3.4368,1.3818,2.5371,3.0377,2.1789,2.0762,4.919,1.4618,2.0216,4.4226,1.5282,1.6327,3.3188,1.4207,2.9097,3.3717,0.61993,2.4034,2.955,0.89179,2.4332,3.0538,0.24031,2.5996,3.3209,1.6743,2.3577,4.2019,0.63548,2.4179,2.9001,0.99911,2.3016,3.562,1.3952,1.7574,4.2749,0.32108,2.3302,3.3569,1.5265,1.5946,3.308,0.60262,2.403,2.9425,3.3782,2.8509,0.090438,1.9175,2.555,3.9957,2.0656,2.2009,4.6686,2.3432,2.7592,4.9414,1.9216,1.8755,3.8229,1.29,1.7059,3.7231,2.2114,2.1037,4.9837,1.3526,2.5878,3.8907,1.0503,3.0498,2.8707,4.7875,2.8976,0.48906,1.3815,2.7075,4.4172,1.9396,1.8892,3.8744,1.3593,2.6531,3.0,0.6661,2.7265,3.3085,1.0519,2.8901,4.2287,0.80188,2.5362,2.7696,0.67804,2.0372,2.9013,0.53462,2.4169,3.3629,1.5649,2.1696,4.3315,1.5315,2.7178,4.5368,0.51798,2.0061,2.9397,2.0107,1.8204,3.7915,1.1847,1.7454,3.7168,2.2168,2.6482,4.6429,1.3443,1.6501,4.0969,1.3267,2.1459,3.1341,0.58404,2.0279,2.9726,0.5575,2.4133,2.7011,1.6855,2.3951,4.2117,2.233,2.6365,4.7024,0.5465,2.0324,2.9252,1.5835,1.6784,3.3538,0.35888,3.0563,2.2184,0.69404,2.5587,2.6835,3.1358,2.7363,6.1529,0.2452,2.8846,2.9507,4.7182,2.8961,0.42346,2.2551,2.3301,3.5627,1.2677,3.0075,4.1056,1.2647,2.4112,3.4171,1.0298,3.0452,3.876,2.3037,2.2274,3.7092,1.172,1.711,3.7172,2.4383,2.3676,4.5971,2.4859,2.7041,4.0752,1.355,2.673,4.3788,1.9106,1.8215,3.8149,1.2296,2.6732,3.7426,2.2997,2.4282,4.8445,1.6077,2.5633,3.4969,2.1641,2.2615,4.1487,0.75133,1.9461,3.3012,2.2136,2.4189,3.6194,2.2279,2.3853,3.5767,2.2619,1.9852,5.0099,2.5848,2.2706,4.7851,2.3137,2.2474,3.737,1.3508,1.599,3.8841,2.2079,2.6495,4.659,1.9138,1.8509,3.8222,0.77778,2.1032,4.1122,1.5891,1.7376,4.2441,2.2486,2.6497,4.726,1.4452,2.391,3.2642,6.0357,2.9186,2.3529,1.8526,1.7811,3.5436,1.8581,2.8887,4.1363,2.1324,1.968,4.8912,1.2311,2.5944,4.4211,1.9938,2.1518,4.8914,1.6059,1.6766,3.9606,1.6149,2.0512,3.308,1.093,2.6773,3.6235,0.99334,2.7767,3.8502,1.4795,2.4977,3.9053,1.1683,2.6973,3.6537,1.8042,1.6374,4.0673,0.95029,2.4549,2.8545,1.9934,2.1524,4.4801,0.36541,2.7241,3.121,1.0288,1.9233,4.2716,0.98909,2.2968,3.1139,1.7112,2.4158,4.6105,0.94489,2.0275,2.8694,0.72172,1.9605,2.7392,1.5927,1.66,3.9652,0.96668,2.4397,2.8981,1.3279,1.5673,3.8533,2.7244,2.5704,4.6105,1.0757,2.2188,3.5629,1.1891,2.701,3.7016,1.9788,1.9848,4.5234,1.02,1.9374,4.2613,1.8839,1.692,3.4785,1.6625,2.5518,3.9969,2.1406,2.532,4.8573,2.0735,2.416,3.6114,1.374,3.0068,3.582,1.4609,1.515,4.1897,0.62126,2.9821,3.6395,1.6091,1.6437,4.2038,0.72915,1.9829,2.736,0.743,2.1953,3.9935,2.6397,2.5779,4.5291,2.059,2.0819,3.4142,1.4647,2.7886,3.6076,1.043,2.3203,3.5306,2.5852,2.0748,4.5943,1.4557,1.7113,4.429,1.5536,2.5692,3.6351,2.0589,2.3924,4.1325,2.6262,2.3304,4.9039,0.56893,2.5281,3.0899
1962.6,0.25761,114.21,13.808,0.18777,1089.9,1.4501,1.7878,4.1058,1.2853,2.2485,4.2717,1.1413,1.9285,4.2449,2.4446,2.6308,4.3,0.8572,2.0097,4.3054,1.5192,2.5814,3.9016,3.2663,2.8227,6.1437,1.1276,1.9303,4.2497,1.7353,1.5879,4.2078,1.3018,2.2277,4.3353,0.81283,2.0501,4.2006,2.9934,2.8285,4.5673,5.4781,2.6569,1.2084,1.3382,2.6754,3.7195,0.87165,2.131,2.9865,2.5595,2.156,4.6162,1.4448,1.6183,3.9345,0.62835,2.6487,3.7722,2.0557,1.7636,3.528,1.0818,2.3822,3.2049,0.11442,2.3142,3.3366,1.7563,1.6755,3.4221,1.862,2.7108,4.1191,1.7997,1.7326,3.4213,1.4289,1.5951,3.9628,0.38983,2.1762,3.1195,2.1196,2.409,4.4892,1.4558,1.7048,3.2058,0.82331,1.9503,2.751,3.2509,2.8328,6.0877,2.0657,1.8,3.5287,1.0969,2.7221,3.0097,1.8425,2.5953,4.0727,0.68345,1.9496,2.8146,1.0498,2.4046,3.1435,1.9383,1.9239,4.5614,1.7383,1.615,3.9016,0.51691,2.1947,3.7678,1.1957,2.5692,3.7667,0.8962,2.1369,3.1535,2.6954,2.3687,4.4795,2.1959,2.235,4.8177,1.5232,1.6798,3.9626,1.9115,1.9329,4.5367,1.5145,2.2184,3.2408,0.70997,2.1958,3.0123,2.4699,2.4488,4.4434,1.8806,2.6031,4.7001,1.8117,2.6084,4.6526,2.6825,2.4046,4.5224,1.2718,2.5566,3.8559,1.7816,2.2871,4.4011,1.8593,2.9697,3.7821,0.64665,2.4748,2.6081,1.4684,2.1139,4.6335,2.054,2.9925,3.9707,0.29315,2.4125,3.3044,1.6678,1.572,4.0656,0.66159,2.0821,3.0049,2.2672,2.2693,4.6825,0.78297,2.5344,3.2272,0.89535,2.1552,3.1312,6.2073,2.8838,1.7372,2.0895,2.0656,4.7271,2.6643,2.4167,4.5122,2.5396,2.2567,5.0269,1.9281,2.6144,4.2187,1.0772,1.7399,4.0348,4.6641,2.829,0.52549,0.81959,2.1346,2.9789,1.3124,2.0928,4.3735,1.0076,2.1403,3.4269,2.0964,2.6604,4.3335,1.7429,1.5319,4.1248,1.2749,2.5304,3.1603,0.79447,2.504,3.706,2.0915,1.845,3.6506,1.5381,2.4822,3.4452,1.5914,2.5884,3.6443,1.5967,1.5994,4.2406,1.8814,2.6567,4.3209,1.9728,2.6627,4.4416,3.5725,2.7389,0.034332,1.7502,1.5122,4.1153,1.8207,2.0012,3.4684,2.0502,2.9305,4.8686,1.2639,2.5424,3.2251,2.5794,2.4358,4.9046,1.0973,2.6279,4.0223,1.5426,2.4641,3.4585,1.0974,1.8449,4.0635,1.694,1.5373,4.0511,1.7772,1.9933,3.4055,0.26552,2.9086,3.3278,2.9468,2.2898,4.6958,1.2977,1.9491,4.2333,1.3453,2.6291,3.5207,1.3963,2.4717,3.3539,1.8955,1.9002,3.6351,1.9395,2.4989,4.0616,1.0172,2.3043,3.1454,2.5487,1.9806,5.1494,1.2706,2.6322,3.4317,1.3313,2.5017,3.2784,0.46626,2.9051,3.5099,0.61671,1.8653,2.7403,1.6108,1.9743,4.5328,1.4537,1.7663,4.1562,5.2256,2.8436,1.5281,0.80602,2.0842,2.8291,1.0873,2.6686,4.0386,2.2688,2.518,3.5957,2.4945,2.3814,4.7861,2.9371,2.6422,4.6294,2.1011,2.5009,4.4445,2.3666,2.1758,4.2976,0.725,2.1086,3.2157,0.56309,2.4159,3.134,0.59415,2.1434,3.6999,2.3918,2.412,4.5332,0.96602,2.4159,3.0679,1.2254,1.6363,4.2658,1.6512,2.033,3.3912,5.9539,2.65,1.6878,3.4725,2.8999,0.2077,0.85739,2.3806,3.0734,1.6721,1.6013,4.0553,1.5231,1.9059,3.1734,0.78914,2.4281,2.9564,2.15,2.311,4.8125,1.2391,2.5652,3.1925,1.0236,1.9443,3.5065,0.40231,1.9782,3.3089,1.7472,2.0029,3.3735,2.3975,2.1637,4.2676,2.2318,2.1293,5.004,1.2471,1.6461,3.8512,0.70488,1.9771,2.8013,2.2415,2.1532,5.0471,2.4,2.2616,4.604,1.5803,2.4621,3.9682,4.4624,2.8636,0.38821,1.9621,2.4648,4.0377,0.80487,1.944,4.1128,1.3692,2.6486,4.306,3.8401,2.7848,0.12252,1.5625,1.6816,3.3081,0.21285,2.2977,3.2412,5.103,2.8624,1.068,0.72748,2.7152,3.4402,1.3853,2.5386,3.0383,2.1824,2.0737,4.9187,1.4602,2.0168,4.4256,1.5284,1.6326,3.3202,1.422,2.9092,3.371,0.62702,2.4014,2.9652,0.8905,2.4321,3.0566,0.24004,2.5987,3.3184,1.6784,2.3631,4.2064,0.64294,2.4169,2.9077,0.99522,2.3087,3.5555,1.3953,1.7555,4.2734,0.32119,2.3309,3.3551,1.5265,1.5932,3.3092,0.60838,2.4015,2.9511,3.3919,2.8492,0.060028,1.9137,2.5537,3.9948,2.07,2.2013,4.6719,2.3277,2.7572,4.9228,1.9229,1.87,3.8193,1.2897,1.7013,3.7245,2.2148,2.1012,4.984,1.3508,2.5855,3.8861,1.0433,3.049,2.8628,4.791,2.8931,0.49285,1.3863,2.7078,4.4194,1.9418,1.886,3.8747,1.3641,2.6542,3.0067,0.67479,2.7243,3.3188,1.0581,2.8889,4.2341,0.81189,2.5372,2.7779,0.67825,2.0411,2.8996,0.53518,2.4176,3.3611,1.5653,2.1681,4.3367,1.5416,2.7184,4.5434,0.51338,2.0081,2.9315,2.0121,1.8177,3.7909,1.1838,1.7403,3.7202,2.2118,2.6458,4.6346,1.3423,1.6541,4.0935,1.3235,2.1448,3.1324,0.58135,2.0305,2.9665,0.56189,2.4117,2.7075,1.6905,2.4023,4.2152,2.2257,2.6326,4.692,0.543,2.0341,2.9186,1.5842,1.6775,3.3554,0.34441,3.0567,2.2013,0.69755,2.5616,2.6859,3.1483,2.7344,6.1668,0.26226,2.8842,2.9704,4.722,2.8925,0.42808,2.2532,2.3261,3.5556,1.2711,3.0035,4.1107,1.258,2.4148,3.4126,1.0303,3.0434,3.8794,2.3011,2.227,3.7047,1.1704,1.7034,3.7214,2.4383,2.3685,4.5978,2.4806,2.7058,4.0767,1.3583,2.6728,4.3792,1.9115,1.8147,3.812,1.2325,2.6692,3.745,2.2969,2.4265,4.8367,1.6062,2.5623,3.5039,2.1646,2.2662,4.1525,0.74888,1.9489,3.2968,2.208,2.4194,3.6128,2.2227,2.3835,3.5678,2.2652,1.9866,5.0124,2.5819,2.2697,4.7848,2.311,2.2484,3.7339,1.3497,1.5999,3.8851,2.1982,2.6452,4.6459,1.9151,1.8457,3.8187,0.77821,2.101,4.1188,1.5882,1.7338,4.2433,2.2411,2.6464,4.7162,1.4453,2.3916,3.2646,6.0414,2.9202,2.3604,1.8539,1.7804,3.5461,1.8546,2.882,4.1308,2.1382,1.9684,4.8966,1.2351,2.5948,4.427,1.9987,2.1525,4.8929,1.6057,1.6719,3.9604,1.6164,2.0534,3.3056,1.0943,2.6745,3.6234,0.99483,2.775,3.849,1.4835,2.5005,3.9091,1.169,2.6942,3.6525,1.8024,1.6317,4.0666,0.95163,2.4549,2.8576,1.9989,2.1571,4.4857,0.37767,2.7193,3.1326,1.0257,1.9215,4.2715,0.98945,2.2961,3.1166,1.7153,2.4169,4.6118,0.94275,2.0257,2.8693,0.7209,1.9598,2.7387,1.5918,1.6556,3.9652,0.96795,2.4392,2.9029,1.3252,1.5655,3.8544,2.7236,2.57,4.611,1.0745,2.2239,3.5589,1.1916,2.6974,3.7033,1.9792,1.9852,4.5264,1.0177,1.9359,4.2619,1.8859,1.6933,3.48,1.6624,2.5539,3.9969,2.1421,2.5312,4.8544,2.0694,2.4182,3.6062,1.3844,3.003,3.5917,1.4615,1.5173,4.1879,0.61779,2.9814,3.6371,1.6094,1.6399,4.2026,0.72859,1.9822,2.7359,0.74546,2.1957,3.9957,2.6379,2.5771,4.53,2.0628,2.0797,3.4143,1.4687,2.7833,3.613,1.0397,2.3269,3.5243,2.589,2.0789,4.6022,1.4541,1.7107,4.4299,1.5524,2.5686,3.6389,2.0594,2.3968,4.1362,2.624,2.3292,4.9011,0.57413,2.5288,3.0951
1962.6,0.25761,114.21,13.808,0.19671,1123.8,1.4471,1.7845,4.1038,1.2876,2.249,4.2754,1.1374,1.9259,4.244,2.4426,2.6296,4.301,0.85666,2.0087,4.3078,1.5194,2.5843,3.9018,3.2774,2.8207,6.1574,1.1235,1.9276,4.2502,1.7351,1.583,4.2055,1.302,2.2273,4.3404,0.81144,2.0495,4.201,2.9972,2.8281,4.5697,5.4709,2.6505,1.2014,1.3389,2.672,3.7196,0.86778,2.1299,2.9845,2.564,2.1602,4.6246,1.4427,1.6171,3.9356,0.62517,2.6518,3.7651,2.0585,1.763,3.5306,1.0774,2.3813,3.2054,0.10638,2.3154,3.3247,1.7548,1.6746,3.4239,1.8569,2.7069,4.113,1.8008,1.7343,3.4228,1.4273,1.5927,3.9638,0.39039,2.1773,3.1171,2.1219,2.4097,4.4916,1.4544,1.7064,3.2057,0.8226,1.9515,2.751,3.2641,2.8317,6.1021,2.0695,1.8008,3.5318,1.1017,2.7225,3.0164,1.8441,2.596,4.0764,0.68526,1.9521,2.8157,1.0476,2.403,3.1461,1.9407,1.9239,4.5649,1.7409,1.6131,3.9028,0.51838,2.1937,3.7702,1.1984,2.5726,3.7694,0.89234,2.1389,3.1497,2.7016,2.3707,4.4866,2.2013,2.2373,4.8231,1.5255,1.6803,3.9643,1.9137,1.9336,4.5391,1.5158,2.2196,3.2397,0.70504,2.1998,3.0058,2.4719,2.4514,4.4487,1.8768,2.6038,4.6889,1.8076,2.6089,4.643,2.6908,2.4081,4.5352,1.2711,2.5589,3.8522,1.7876,2.2901,4.4062,1.8536,2.9656,3.776,0.65266,2.4752,2.6138,1.4632,2.1172,4.6318,2.0533,2.9884,3.9688,0.28976,2.413,3.3003,1.6683,1.5704,4.0649,0.65963,2.0832,3.0016,2.2676,2.2699,4.6827,0.78611,2.5307,3.2348,0.89204,2.1574,3.1273,6.2026,2.8828,1.7314,2.0959,2.0693,4.7346,2.671,2.4201,4.523,2.5368,2.2534,5.0217,1.9251,2.608,4.2156,1.077,1.7354,4.0385,4.6648,2.8217,0.52562,0.81704,2.1351,2.9767,1.3134,2.0926,4.3779,1.0048,2.1433,3.4233,2.09,2.6566,4.3263,1.7452,1.5286,4.1233,1.2797,2.5295,3.1623,0.7964,2.5067,3.7032,2.0936,1.8417,3.6475,1.5357,2.4846,3.4451,1.5908,2.5903,3.6491,1.594,1.5986,4.2398,1.8753,2.6503,4.3126,1.9697,2.6567,4.4377,3.5821,2.736,0.041719,1.753,1.5089,4.113,1.8271,2.0008,3.4706,2.0474,2.9305,4.8664,1.2674,2.5424,3.2294,2.5774,2.4354,4.9013,1.0989,2.6283,4.0184,1.5404,2.4658,3.4589,1.0935,1.8453,4.0628,1.6961,1.5349,4.0497,1.7814,1.9921,3.4048,0.26618,2.9067,3.3286,2.9493,2.2885,4.6996,1.2962,1.9489,4.2348,1.3479,2.6279,3.5274,1.3938,2.4728,3.3552,1.8986,1.8965,3.6323,1.9402,2.5037,4.0662,1.0141,2.3049,3.1442,2.5484,1.9783,5.1494,1.272,2.6309,3.4373,1.3258,2.5032,3.276,0.47205,2.9028,3.5153,0.61457,1.8664,2.7344,1.6048,1.9721,4.5341,1.4532,1.7628,4.1571,5.2132,2.8402,1.5146,0.80488,2.0831,2.83,1.0884,2.6708,4.0356,2.274,2.5162,3.5952,2.4899,2.3784,4.7788,2.9446,2.6389,4.6354,2.1001,2.5009,4.4425,2.3681,2.1804,4.3038,0.7209,2.1142,3.2073,0.5731,2.4138,3.1445,0.59411,2.1433,3.6996,2.3928,2.4099,4.5384,0.97566,2.4132,3.0774,1.223,1.6393,4.2637,1.6484,2.0334,3.3879,5.9411,2.6468,1.6743,3.4791,2.8977,0.21502,0.85708,2.3782,3.077,1.6725,1.5999,4.0542,1.5246,1.9076,3.1737,0.78954,2.4269,2.959,2.1508,2.3095,4.8083,1.2422,2.5659,3.1967,1.0244,1.9428,3.5069,0.39552,1.9789,3.3123,1.7498,2.0013,3.3704,2.3994,2.1684,4.2729,2.2356,2.1273,5.0046,1.2445,1.6426,3.8519,0.70533,1.9772,2.8024,2.2452,2.152,5.0487,2.4033,2.2642,4.6096,1.5806,2.4674,3.9678,4.4701,2.8578,0.39717,1.963,2.4714,4.0406,0.80359,1.944,4.112,1.3775,2.6516,4.3087,3.8524,2.7817,0.13588,1.5649,1.6858,3.3095,0.20974,2.2973,3.2351,5.1037,2.8563,1.0708,0.73086,2.7124,3.4434,1.3887,2.5401,3.0386,2.1859,2.071,4.9183,1.4584,2.0121,4.4286,1.5285,1.6324,3.3217,1.4233,2.9087,3.3701,0.63383,2.3994,2.975,0.88916,2.4309,3.0592,0.23973,2.598,3.3158,1.6825,2.3684,4.2111,0.65027,2.4159,2.9152,0.99119,2.3159,3.5488,1.3953,1.7534,4.2719,0.32128,2.3317,3.3532,1.5264,1.5917,3.3105,0.61393,2.4,2.9594,3.4052,2.8474,0.073421,1.9099,2.5522,3.9937,2.0744,2.2015,4.6752,2.3126,2.755,4.9044,1.9243,1.8644,3.8156,1.2893,1.6968,3.7259,2.2179,2.0988,4.9844,1.3492,2.5832,3.8815,1.036,3.0481,2.8546,4.7945,2.8886,0.49673,1.391,2.7082,4.4214,1.944,1.8829,3.8751,1.3689,2.6552,3.0132,0.68298,2.7221,3.3284,1.0643,2.8875,4.2396,0.8216,2.5382,2.786,0.67852,2.045,2.898,0.53568,2.4184,3.3592,1.5658,2.1666,4.342,1.5514,2.7189,4.5498,0.5089,2.0101,2.9235,2.0136,1.8151,3.7906,1.1831,1.7351,3.7236,2.2073,2.6434,4.6269,1.3401,1.6579,4.09,1.3204,2.1437,3.1306,0.57866,2.0331,2.9606,0.56626,2.41,2.7139,1.6954,2.4095,4.2185,2.2185,2.6289,4.6821,0.53961,2.0357,2.9123,1.5849,1.6768,3.357,0.32932,3.0572,2.1836,0.70074,2.5646,2.6879,3.1607,2.7325,6.1805,0.27889,2.8838,2.9896,4.7258,2.889,0.43283,2.2516,2.3221,3.5488,1.2742,2.9994,4.1154,1.2515,2.4183,3.4082,1.0301,3.0418,3.8821,2.2985,2.2265,3.7001,1.1687,1.6958,3.7256,2.4384,2.3694,4.5986,2.4754,2.7073,4.0783,1.3616,2.6727,4.3794,1.9124,1.808,3.8093,1.2355,2.6652,3.7473,2.2944,2.4249,4.8292,1.6045,2.5616,3.5108,2.1652,2.271,4.1566,0.74644,1.9518,3.2924,2.2025,2.4199,3.6062,2.2175,2.3816,3.5587,2.2683,1.988,5.0148,2.5791,2.2686,4.7844,2.3083,2.2495,3.7308,1.3484,1.6008,3.886,2.1887,2.6408,4.633,1.9164,1.8406,3.8153,0.77861,2.0989,4.1254,1.5872,1.73,4.2424,2.2338,2.643,4.7065,1.4454,2.3923,3.265,6.0472,2.9217,2.3679,1.855,1.7795,3.5486,1.8514,2.8752,4.1255,2.144,1.9688,4.9019,1.2388,2.5952,4.4327,2.0035,2.1534,4.8942,1.6053,1.6674,3.9604,1.6181,2.0557,3.3033,1.0954,2.6718,3.6234,0.99622,2.7734,3.8476,1.4875,2.5031,3.9129,1.1699,2.6912,3.6511,1.8005,1.6262,4.0658,0.95297,2.4551,2.8608,2.0045,2.1617,4.4915,0.38955,2.7145,3.1437,1.0227,1.9197,4.2715,0.98986,2.2952,3.1195,1.7194,2.4177,4.613,0.94064,2.0237,2.8693,0.72009,1.959,2.7382,1.5911,1.6514,3.9652,0.96915,2.4389,2.9077,1.3224,1.5635,3.8555,2.7225,2.5696,4.6115,1.0732,2.2288,3.5548,1.1942,2.6938,3.7051,1.9797,1.9857,4.5294,1.0154,1.9346,4.2626,1.8877,1.6947,3.4816,1.6624,2.5559,3.9967,2.1436,2.5306,4.8518,2.0653,2.4203,3.6009,1.3946,2.9989,3.6012,1.4621,1.5196,4.186,0.61418,2.9807,3.6345,1.6099,1.6363,4.2014,0.72803,1.9815,2.7358,0.74786,2.1962,3.998,2.6361,2.5763,4.531,2.0666,2.0774,3.4143,1.4726,2.7782,3.6183,1.0363,2.3334,3.5181,2.5929,2.0831,4.6101,1.4526,1.7105,4.4309,1.5511,2.5683,3.6428,2.06,2.4012,4.14,2.6218,2.3279,4.8983,0.57925,2.5294,3.1002
1962.6,0.25761,114.21,13.808,0.20565,1157.1,1.4443,1.7812,4.1018,1.2899,2.2496,4.2791,1.1334,1.9233,4.2431,2.4408,2.6283,4.302,0.85611,2.0077,4.3103,1.5196,2.587,3.902,3.288,2.8187,6.1707,1.1195,1.9249,4.2506,1.735,1.5781,4.2031,1.3022,2.2268,4.3453,0.81012,2.049,4.2014,3.0008,2.8275,4.5718,5.4642,2.6443,1.1948,1.3394,2.669,3.7196,0.86394,2.129,2.9825,2.5684,2.1643,4.6329,1.4407,1.6159,3.9367,0.62197,2.6551,3.7579,2.0612,1.7624,3.5332,1.0728,2.3806,3.2055,0.098369,2.3165,3.313,1.7535,1.6737,3.4257,1.8521,2.703,4.1076,1.8016,1.7359,3.4241,1.426,1.5905,3.9647,0.39097,2.1783,3.1147,2.1239,2.4104,4.4938,1.4531,1.7079,3.2055,0.82182,1.9524,2.751,3.2776,2.8304,6.1166,2.0735,1.8014,3.535,1.1065,2.7229,3.023,1.8459,2.5964,4.0802,0.68695,1.9545,2.8168,1.0453,2.4015,3.1485,1.9432,1.9239,4.5684,1.7432,1.6115,3.9041,0.51996,2.1928,3.7728,1.201,2.5758,3.7723,0.88859,2.1411,3.1461,2.7076,2.3727,4.4933,2.2066,2.2396,4.8285,1.5279,1.6807,3.9659,1.9159,1.9345,4.5415,1.5171,2.2207,3.2386,0.70026,2.2036,2.9995,2.474,2.454,4.4541,1.8729,2.6045,4.6776,1.8037,2.6093,4.6335,2.6993,2.4117,4.5482,1.2704,2.5611,3.8485,1.7936,2.293,4.4112,1.8485,2.9616,3.7704,0.6585,2.4756,2.6192,1.4578,2.1205,4.6301,2.0526,2.9843,3.9669,0.28643,2.4134,3.2964,1.6689,1.569,4.064,0.65772,2.0843,2.9987,2.2679,2.2704,4.6827,0.789,2.5269,3.2421,0.88889,2.1594,3.1235,6.1983,2.8819,1.7261,2.1025,2.0729,4.742,2.6776,2.4232,4.5336,2.5343,2.2501,5.0168,1.9224,2.602,4.2128,1.0768,1.7309,4.0421,4.6653,2.8145,0.52574,0.81459,2.1355,2.9747,1.3145,2.0924,4.3821,1.002,2.1461,3.4196,2.0838,2.6526,4.3193,1.7474,1.5252,4.1218,1.2844,2.5287,3.1641,0.79836,2.5093,3.7004,2.0958,1.8385,3.6444,1.5332,2.4871,3.4453,1.5903,2.5923,3.6539,1.5914,1.5982,4.2389,1.8695,2.6441,4.3047,1.9667,2.6509,4.4341,3.5916,2.7332,0.049661,1.7558,1.5056,4.1107,1.8335,2.0005,3.473,2.0446,2.9305,4.864,1.2708,2.5423,3.2336,2.5754,2.4352,4.898,1.1002,2.6288,4.0144,1.5382,2.4675,3.4594,1.0896,1.8455,4.0621,1.6983,1.5327,4.0484,1.7856,1.9908,3.4044,0.267,2.9048,3.3295,2.9518,2.2871,4.7031,1.2949,1.9487,4.2363,1.3504,2.6268,3.534,1.3914,2.4738,3.3565,1.9019,1.8929,3.6296,1.9409,2.5083,4.0707,1.0109,2.3055,3.1429,2.5482,1.9761,5.1493,1.2735,2.6296,3.4428,1.3204,2.5046,3.2736,0.4776,2.9004,3.5204,0.61252,1.8673,2.7288,1.5989,1.9699,4.5351,1.4527,1.7592,4.158,5.2014,2.8368,1.5016,0.80377,2.0822,2.8309,1.0893,2.6729,4.0328,2.2794,2.5145,3.5947,2.4857,2.3756,4.7719,2.9519,2.6355,4.6412,2.0992,2.5011,4.4405,2.3697,2.1848,4.31,0.71673,2.1197,3.1989,0.58291,2.4116,3.1549,0.59418,2.1432,3.6994,2.3941,2.4079,4.5438,0.98504,2.4107,3.0868,1.2206,1.6424,4.2616,1.6457,2.0336,3.3846,5.9288,2.6437,1.6612,3.4848,2.8957,0.22165,0.85642,2.376,3.0803,1.6729,1.5986,4.0533,1.5262,1.9092,3.1739,0.78988,2.4256,2.9616,2.1517,2.3079,4.8043,1.2454,2.5667,3.201,1.0251,1.9413,3.5074,0.38878,1.9799,3.3156,1.7525,1.9996,3.3673,2.4015,2.173,4.2782,2.2394,2.1253,5.0053,1.2419,1.6393,3.8526,0.70568,1.977,2.8034,2.2488,2.1507,5.0502,2.4064,2.2669,4.6152,1.5807,2.4728,3.9675,4.4776,2.852,0.40599,1.9641,2.478,4.0436,0.80234,1.944,4.1112,1.3856,2.6547,4.3113,3.8644,2.7788,0.14897,1.5673,1.69,3.3108,0.2068,2.2971,3.2292,5.1043,2.8503,1.0738,0.73399,2.7095,3.4462,1.3918,2.5415,3.0388,2.1896,2.0686,4.9181,1.4567,2.0074,4.4317,1.5286,1.6322,3.3232,1.4246,2.9084,3.3692,0.6404,2.3973,2.9845,0.88771,2.43,3.0617,0.23933,2.5971,3.3132,1.6867,2.3735,4.2157,0.65745,2.415,2.9226,0.98702,2.3231,3.542,1.3953,1.7514,4.2703,0.3213,2.3323,3.3513,1.5263,1.5904,3.3118,0.61926,2.3985,2.9674,3.4181,2.8456,0.087028,1.906,2.5511,3.9926,2.0788,2.2017,4.6785,2.2978,2.7528,4.8863,1.9256,1.8589,3.8121,1.2891,1.6925,3.7272,2.2211,2.0964,4.9847,1.3475,2.581,3.877,1.0286,3.0474,2.8463,4.7978,2.8841,0.50065,1.3954,2.7084,4.4232,1.9462,1.8799,3.8754,1.3736,2.6563,3.0198,0.69063,2.7201,3.3374,1.0705,2.886,4.245,0.83098,2.5393,2.7938,0.67882,2.0488,2.8966,0.53618,2.4192,3.3574,1.5663,2.1651,4.3472,1.5609,2.7194,4.5558,0.50453,2.012,2.9155,2.0149,1.8126,3.7902,1.1821,1.73,3.7271,2.2032,2.6412,4.6197,1.338,1.6618,4.0867,1.3173,2.1427,3.1288,0.576,2.0355,2.9548,0.5706,2.4084,2.7203,1.7002,2.4165,4.2216,2.2118,2.6252,4.6725,0.53633,2.0373,2.9063,1.5855,1.676,3.3586,0.31351,3.0577,2.1651,0.70367,2.5679,2.6897,3.173,2.7305,6.194,0.29519,2.8832,3.0084,4.7296,2.8854,0.4377,2.25,2.3182,3.542,1.2768,2.9956,4.1196,1.2451,2.4217,3.404,1.0289,3.0402,3.8838,2.296,2.2261,3.6955,1.167,1.6883,3.7298,2.4384,2.3703,4.5993,2.4702,2.7089,4.0798,1.3646,2.6726,4.3795,1.9133,1.8013,3.8066,1.2383,2.6612,3.7495,2.2921,2.4233,4.8219,1.6028,2.561,3.5176,2.1658,2.2757,4.1607,0.74404,1.9547,3.288,2.1972,2.4205,3.5996,2.2124,2.3797,3.5497,2.2714,1.9891,5.0169,2.5762,2.2677,4.7839,2.3056,2.2506,3.7277,1.3473,1.6017,3.8869,2.1793,2.6364,4.6205,1.9178,1.8355,3.812,0.77901,2.0967,4.1319,1.5863,1.7262,4.2415,2.2266,2.6395,4.6971,1.4456,2.3929,3.2655,6.0529,2.9233,2.3752,1.8564,1.7787,3.551,1.8485,2.8686,4.1206,2.1497,1.9691,4.907,1.2424,2.5956,4.4383,2.0083,2.1543,4.8955,1.6051,1.6631,3.9603,1.6199,2.058,3.301,1.0965,2.6692,3.6232,0.99752,2.7717,3.8461,1.4915,2.5056,3.9169,1.1706,2.6883,3.6498,1.7987,1.6209,4.0652,0.9543,2.4553,2.8639,2.01,2.1661,4.4972,0.401,2.7096,3.1544,1.0196,1.9179,4.2713,0.99031,2.2943,3.1221,1.7234,2.4185,4.6143,0.93856,2.0219,2.8693,0.71932,1.9581,2.7377,1.5904,1.6473,3.9652,0.97025,2.4386,2.9124,1.3196,1.5615,3.8568,2.7215,2.5692,4.6118,1.0719,2.2339,3.5506,1.1967,2.6903,3.7068,1.9802,1.9862,4.5324,1.0131,1.9331,4.2632,1.8897,1.696,3.4832,1.6622,2.5579,3.9965,2.1453,2.5301,4.8492,2.0612,2.4223,3.5958,1.4046,2.995,3.6107,1.4626,1.5219,4.1842,0.61041,2.9801,3.6317,1.6104,1.6328,4.2001,0.72748,1.9808,2.7357,0.75021,2.1967,4.0001,2.6343,2.5754,4.532,2.0703,2.0752,3.4143,1.4764,2.7733,3.6238,1.0328,2.3397,3.5121,2.5969,2.0871,4.618,1.451,1.7103,4.4319,1.5499,2.568,3.6466,2.0606,2.4056,4.1437,2.6197,2.3267,4.8955,0.58426,2.5299,3.1053
1962.6,0.25761,114.21,13.808,0.21459,1190.0,1.4415,1.778,4.0998,1.2923,2.2501,4.2828,1.1297,1.9209,4.2421,2.439,2.6271,4.303,0.85555,2.0068,4.3127,1.5196,2.5898,3.9021,3.2985,2.8165,6.1837,1.1157,1.9223,4.2511,1.7349,1.5734,4.2008,1.3023,2.2263,4.3502,0.80888,2.0485,4.2019,3.0042,2.827,4.5739,5.4579,2.6382,1.189,1.3397,2.6664,3.7193,0.86014,2.1279,2.9806,2.5727,2.1682,4.641,1.4387,1.6149,3.9377,0.61868,2.6581,3.7506,2.064,1.7619,3.5357,1.068,2.38,3.2052,0.090396,2.3174,3.3015,1.7521,1.6727,3.4276,1.8479,2.6993,4.1028,1.8025,1.7375,3.4255,1.4245,1.5885,3.9655,0.39156,2.1792,3.1125,2.126,2.4112,4.4959,1.4518,1.7095,3.2054,0.82101,1.9533,2.7509,3.2912,2.8292,6.1315,2.0775,1.8019,3.5382,1.1113,2.7234,3.0294,1.8477,2.597,4.084,0.68853,1.9567,2.8177,1.0429,2.4,3.1507,1.9457,1.924,4.5719,1.7456,1.6101,3.9053,0.52166,2.1918,3.7755,1.2038,2.5788,3.7753,0.88497,2.1431,3.1425,2.7134,2.3746,4.4998,2.2119,2.2418,4.8339,1.5302,1.6809,3.9675,1.9181,1.9352,4.5439,1.5183,2.2219,3.2376,0.69577,2.2073,2.9938,2.476,2.4564,4.4594,1.8689,2.6052,4.6663,1.7998,2.6097,4.6242,2.7079,2.4149,4.5612,1.2696,2.5634,3.8449,1.7997,2.2959,4.4163,1.8436,2.9578,3.7652,0.6641,2.476,2.6243,1.4524,2.1237,4.6281,2.0519,2.9802,3.965,0.28315,2.4137,3.2925,1.6694,1.5676,4.0632,0.65588,2.0852,2.9958,2.2681,2.2709,4.6825,0.79152,2.5232,3.2491,0.88596,2.1615,3.1201,6.1944,2.881,1.7212,2.109,2.0763,4.7493,2.684,2.426,4.544,2.5321,2.2469,5.0122,1.9203,2.5968,4.2104,1.0766,1.7264,4.0458,4.6658,2.8077,0.52583,0.81225,2.1359,2.9729,1.3156,2.0922,4.3863,0.99928,2.149,3.4159,2.0779,2.6489,4.3126,1.7497,1.5217,4.1203,1.289,2.5278,3.1659,0.80033,2.5118,3.6978,2.098,1.8352,3.6415,1.5308,2.4895,3.4455,1.5902,2.5942,3.659,1.5888,1.5978,4.2381,1.8641,2.6382,4.2972,1.9641,2.6453,4.4306,3.601,2.7301,0.058092,1.7585,1.5023,4.1083,1.8398,2.0001,3.4753,2.0416,2.9305,4.8615,1.2741,2.5423,3.2376,2.5735,2.4348,4.8948,1.1016,2.6292,4.0105,1.5362,2.4691,3.46,1.0859,1.8455,4.0615,1.7005,1.5305,4.0471,1.7897,1.9896,3.404,0.2679,2.9029,3.3303,2.9542,2.2858,4.7065,1.2935,1.9483,4.2378,1.3529,2.6259,3.5405,1.389,2.4749,3.358,1.9051,1.8893,3.627,1.9417,2.5125,4.0752,1.0079,2.306,3.1417,2.5479,1.9741,5.1492,1.275,2.6284,3.4482,1.3151,2.506,3.2713,0.48295,2.898,3.5253,0.6106,1.868,2.7235,1.5928,1.9676,4.5358,1.4523,1.7559,4.1589,5.19,2.8336,1.489,0.80268,2.0812,2.8318,1.0902,2.6749,4.0299,2.285,2.5125,3.5946,2.4817,2.373,4.7654,2.959,2.632,4.6467,2.0983,2.5013,4.4386,2.3713,2.1892,4.3161,0.71249,2.125,3.1904,0.59243,2.4095,3.1648,0.59434,2.1431,3.6993,2.3953,2.4062,4.549,0.994,2.4082,3.0957,1.2182,1.6455,4.2594,1.6429,2.0338,3.3812,5.9169,2.6405,1.6487,3.49,2.8936,0.22757,0.85539,2.374,3.083,1.6733,1.5973,4.0523,1.5277,1.9108,3.1742,0.79017,2.4244,2.964,2.1527,2.3065,4.8005,1.2483,2.5675,3.205,1.0259,1.9396,3.5078,0.38208,1.9811,3.3188,1.7552,1.9979,3.3642,2.4037,2.1775,4.2837,2.2432,2.1233,5.006,1.2394,1.6361,3.8531,0.70596,1.977,2.8043,2.2522,2.1493,5.0516,2.4096,2.2694,4.6205,1.5808,2.4778,3.9671,4.4849,2.8463,0.4147,1.965,2.4846,4.0465,0.80115,1.944,4.1105,1.3936,2.6577,4.3137,3.876,2.7759,0.1617,1.5697,1.6943,3.3122,0.20409,2.2969,3.2235,5.1053,2.8442,1.0769,0.73682,2.7069,3.4488,1.3947,2.543,3.0388,2.1932,2.066,4.9178,1.4551,2.0026,4.4346,1.5287,1.632,3.3247,1.426,2.9081,3.3684,0.6467,2.3954,2.9936,0.88618,2.4289,3.064,0.23888,2.5963,3.3105,1.6909,2.3787,4.2203,0.66444,2.4141,2.9298,0.98271,2.3301,3.5351,1.3953,1.7494,4.2687,0.32125,2.333,3.3494,1.5262,1.5888,3.3131,0.62436,2.3972,2.9751,3.4306,2.8437,0.10081,1.9022,2.5499,3.9917,2.0832,2.202,4.6817,2.2833,2.7505,4.8685,1.9268,1.8532,3.8088,1.2887,1.6884,3.7284,2.2243,2.0941,4.9851,1.3459,2.5789,3.8726,1.0209,3.0467,2.8378,4.8011,2.8797,0.50458,1.3999,2.7085,4.4249,1.9485,1.8768,3.8758,1.3782,2.6574,3.0263,0.69771,2.7181,3.3456,1.0767,2.8846,4.2503,0.84011,2.5404,2.8015,0.67919,2.0525,2.8953,0.53676,2.42,3.3557,1.5668,2.1634,4.3524,1.57,2.7198,4.5615,0.50033,2.0139,2.9079,2.0161,1.8101,3.7899,1.1813,1.7248,3.7304,2.1997,2.6391,4.6133,1.3358,1.6655,4.0833,1.3142,2.1415,3.1271,0.57338,2.0377,2.9491,0.57488,2.4067,2.7267,1.7049,2.4233,4.2246,2.2053,2.6216,4.6632,0.5332,2.0386,2.9005,1.5861,1.6754,3.3603,0.29713,3.0582,2.1462,0.70633,2.5711,2.6911,3.1851,2.7284,6.2073,0.3112,2.8825,3.027,4.7334,2.8822,0.44265,2.2487,2.3143,3.5355,1.2788,2.9918,4.1232,1.2388,2.4247,3.3999,1.027,3.0386,3.8847,2.2936,2.2257,3.691,1.1654,1.6807,3.7338,2.4385,2.3711,4.6001,2.4651,2.7102,4.0815,1.3675,2.6725,4.3794,1.9141,1.7948,3.804,1.2412,2.6573,3.7518,2.29,2.422,4.815,1.6012,2.5605,3.5242,2.1664,2.2803,4.1649,0.74166,1.9576,3.2837,2.1919,2.421,3.5931,2.2074,2.3778,3.5408,2.2742,1.9901,5.0188,2.5734,2.2666,4.7835,2.3029,2.2518,3.7247,1.3461,1.6023,3.8877,2.1705,2.632,4.6083,1.9192,1.8303,3.8087,0.77942,2.0947,4.1384,1.5852,1.7226,4.2405,2.2197,2.6362,4.6878,1.4458,2.3936,3.2659,6.0588,2.9248,2.3828,1.8577,1.7779,3.5533,1.846,2.862,4.116,2.1552,1.9692,4.912,1.2457,2.5959,4.4436,2.0129,2.1552,4.8966,1.605,1.6589,3.9602,1.6218,2.0603,3.2989,1.0974,2.6667,3.623,0.99872,2.7701,3.8444,1.4954,2.508,3.9208,1.1714,2.6855,3.6486,1.7969,1.6157,4.0646,0.9556,2.4554,2.8668,2.0156,2.1705,4.5028,0.41197,2.7048,3.1646,1.0166,1.9161,4.2712,0.99074,2.2935,3.1248,1.7275,2.4192,4.6156,0.93649,2.02,2.8691,0.71858,1.9573,2.7373,1.5897,1.6435,3.9652,0.97127,2.4384,2.9169,1.3168,1.5594,3.858,2.7204,2.5688,4.612,1.0706,2.2389,3.5466,1.1992,2.6869,3.7086,1.9808,1.9867,4.5353,1.011,1.9316,4.264,1.8917,1.6972,3.4849,1.6621,2.5599,3.9963,2.1471,2.5296,4.8468,2.0572,2.4243,3.5906,1.4144,2.991,3.62,1.4631,1.524,4.1825,0.60653,2.9794,3.6289,1.6111,1.6296,4.1989,0.72695,1.98,2.7356,0.75252,2.1974,4.0022,2.6326,2.5746,4.5329,2.074,2.0729,3.4145,1.4801,2.7684,3.6291,1.0295,2.3458,3.5061,2.6008,2.0912,4.6258,1.4497,1.7103,4.4328,1.5487,2.5679,3.6504,2.0612,2.4098,4.1474,2.6177,2.3255,4.8929,0.58914,2.5305,3.1103
1962.6,0.25761,114.21,13.808,0.22353,1223.4,1.4388,1.7749,4.0978,1.2947,2.2507,4.2865,1.1261,1.9186,4.2412,2.4373,2.626,4.3042,0.85496,2.0059,4.3149,1.5198,2.5923,3.9022,3.3087,2.8143,6.1964,1.1118,1.9197,4.2515,1.7349,1.569,4.1985,1.3023,2.2257,4.3549,0.8077,2.0479,4.2025,3.0075,2.8265,4.576,5.4521,2.6323,1.1838,1.3399,2.6641,3.7188,0.85641,2.1268,2.9787,2.5768,2.1718,4.6488,1.4366,1.6138,3.9386,0.61521,2.6611,3.7432,2.0667,1.7611,3.5382,1.0629,2.3794,3.2045,0.082456,2.3184,3.2899,1.7507,1.6716,3.4295,1.8439,2.6958,4.0986,1.8035,1.7389,3.4269,1.4231,1.5867,3.9661,0.39219,2.1801,3.1103,2.1279,2.4118,4.4978,1.4504,1.7111,3.2052,0.82019,1.9539,2.7509,3.3052,2.8278,6.1467,2.0816,1.8024,3.5413,1.1161,2.724,3.036,1.8495,2.5976,4.0879,0.69001,1.9589,2.8186,1.0403,2.3987,3.1527,1.9483,1.924,4.5754,1.748,1.6089,3.9066,0.52353,2.1907,3.7783,1.2068,2.5815,3.7785,0.88153,2.1449,3.1393,2.7189,2.3763,4.5058,2.217,2.2439,4.8389,1.5325,1.6811,3.9689,1.9204,1.9358,4.5461,1.5198,2.223,3.2366,0.69174,2.2105,2.9889,2.4777,2.4587,4.4645,1.8649,2.6058,4.655,1.7961,2.61,4.615,2.7163,2.4179,4.5739,1.2688,2.5655,3.8414,1.8058,2.2988,4.4212,1.839,2.954,3.7603,0.66946,2.4764,2.6294,1.447,2.127,4.6259,2.0515,2.976,3.9635,0.27999,2.4139,3.2889,1.67,1.5662,4.0623,0.65413,2.0859,2.9931,2.2683,2.2714,4.6823,0.79356,2.5196,3.2555,0.88329,2.1633,3.117,6.1909,2.8799,1.7168,2.1156,2.0795,4.7564,2.6901,2.4285,4.5539,2.5303,2.2438,5.0082,1.9187,2.5923,4.2084,1.0765,1.7222,4.0493,4.666,2.8013,0.52579,0.81002,2.1364,2.9712,1.3168,2.092,4.3905,0.99646,2.1519,3.4122,2.0723,2.6454,4.3064,1.752,1.5184,4.1189,1.2935,2.5271,3.1674,0.80231,2.5143,3.6952,2.1002,1.8321,3.6387,1.5287,2.4918,3.446,1.5901,2.5961,3.6642,1.5862,1.5976,4.2374,1.8592,2.6327,4.2901,1.9617,2.6401,4.4274,3.6101,2.7272,0.066039,1.7613,1.4989,4.1059,1.8461,1.9996,3.4778,2.0386,2.9305,4.8587,1.2773,2.5423,3.2413,2.5718,2.4345,4.8917,1.1029,2.6295,4.0064,1.5341,2.4708,3.4606,1.0822,1.8454,4.0609,1.7027,1.5283,4.0459,1.794,1.9882,3.4037,0.26886,2.9011,3.3312,2.9565,2.2844,4.7098,1.2921,1.948,4.2392,1.3552,2.6251,3.5467,1.3868,2.476,3.3595,1.9084,1.8858,3.6247,1.9424,2.5164,4.0795,1.0048,2.3066,3.1406,2.5475,1.9722,5.1491,1.2764,2.6274,3.4536,1.3099,2.5073,3.2691,0.48815,2.8957,3.5301,0.60883,1.8686,2.7185,1.5868,1.9654,4.5362,1.4519,1.7526,4.1597,5.1789,2.8303,1.4768,0.80159,2.0803,2.8327,1.0908,2.6767,4.0268,2.2906,2.5108,3.5948,2.4782,2.3706,4.7595,2.9659,2.6286,4.652,2.0975,2.5015,4.4369,2.3731,2.1935,4.3224,0.70828,2.1297,3.1824,0.60145,2.4077,3.1742,0.59457,2.1431,3.6992,2.3967,2.4046,4.5541,1.0023,2.4061,3.1039,1.2157,1.6484,4.2573,1.64,2.0339,3.3778,5.9056,2.6373,1.6368,3.4946,2.8916,0.23278,0.85396,2.3722,3.0851,1.6736,1.5961,4.0512,1.5293,1.9125,3.1747,0.79042,2.4231,2.9663,2.1539,2.3051,4.7972,1.2512,2.5684,3.209,1.0267,1.9379,3.5083,0.37549,1.9824,3.3221,1.7579,1.9962,3.3614,2.4061,2.1821,4.2896,2.2469,2.1213,5.0066,1.2368,1.6329,3.8535,0.70614,1.9768,2.805,2.2557,2.1479,5.053,2.4125,2.2717,4.6257,1.581,2.4826,3.9666,4.4921,2.8408,0.42336,1.9661,2.491,4.0495,0.80005,1.9439,4.1099,1.4013,2.6606,4.3157,3.8871,2.7732,0.17401,1.5722,1.6985,3.3136,0.20172,2.2966,3.2183,5.1064,2.8386,1.0802,0.73932,2.7043,3.451,1.3974,2.5445,3.0385,2.1968,2.0636,4.9177,1.4532,1.998,4.4375,1.5289,1.6318,3.3261,1.4272,2.9078,3.3673,0.65259,2.3936,3.0023,0.88459,2.428,3.0662,0.23851,2.5954,3.3079,1.6951,2.3836,4.2248,0.67128,2.4132,2.9368,0.9783,2.337,3.528,1.3953,1.7474,4.267,0.32116,2.3334,3.3474,1.5261,1.5872,3.3145,0.62924,2.3959,2.9824,3.4424,2.8418,0.11368,1.8984,2.5488,3.9906,2.0874,2.2021,4.6849,2.2694,2.7481,4.851,1.928,1.8475,3.8057,1.2885,1.6844,3.7296,2.2274,2.0919,4.9854,1.3444,2.5771,3.8685,1.0131,3.0461,2.8292,4.8041,2.8754,0.50858,1.404,2.7086,4.4263,1.9508,1.8738,3.8763,1.3828,2.6584,3.0329,0.70423,2.7163,3.3532,1.0827,2.8832,4.2555,0.84898,2.5415,2.8088,0.67964,2.056,2.8942,0.53732,2.4209,3.3538,1.5674,2.1617,4.3576,1.5787,2.7202,4.5668,0.49642,2.0155,2.9007,2.0174,1.8077,3.7897,1.1802,1.7199,3.7336,2.1966,2.6373,4.6074,1.3336,1.669,4.0801,1.3112,2.1404,3.1254,0.57082,2.0397,2.9437,0.5791,2.4051,2.733,1.7093,2.4297,4.2271,2.1994,2.6182,4.6545,0.53029,2.0397,2.8952,1.5867,1.6748,3.3621,0.28051,3.0587,2.1271,0.70867,2.5744,2.6922,3.1967,2.7262,6.2196,0.32693,2.8817,3.0451,4.7373,2.8792,0.44765,2.2477,2.3104,3.5294,1.2803,2.988,4.1262,1.233,2.4272,3.3964,1.0247,3.0371,3.8852,2.2912,2.2253,3.6863,1.1637,1.6732,3.7379,2.4385,2.3718,4.6007,2.4602,2.7114,4.0834,1.3704,2.6723,4.3792,1.9149,1.7884,3.8017,1.2438,2.6537,3.7539,2.2884,2.4207,4.8085,1.5995,2.5601,3.5305,2.1671,2.2849,4.1691,0.73929,1.9605,3.2795,2.1868,2.4215,3.5865,2.2027,2.3757,3.5319,2.2768,1.9911,5.0204,2.5707,2.2656,4.783,2.3002,2.2529,3.7216,1.3452,1.6029,3.8883,2.162,2.6277,4.5968,1.9206,1.8252,3.8055,0.77984,2.0925,4.1447,1.5841,1.7191,4.2396,2.2131,2.6328,4.6789,1.446,2.3942,3.2664,6.0647,2.9262,2.3904,1.8592,1.7771,3.5555,1.8439,2.8557,4.1119,2.1606,1.9694,4.9166,1.2489,2.5962,4.4488,2.0173,2.1562,4.8977,1.6048,1.6549,3.9601,1.6237,2.0624,3.2969,1.0982,2.6645,3.6227,0.99976,2.7686,3.8426,1.4991,2.5102,3.9247,1.172,2.683,3.6472,1.7951,1.6108,4.064,0.95689,2.4557,2.8698,2.0211,2.1747,4.5083,0.42243,2.7,3.1743,1.0135,1.9143,4.271,0.99109,2.2928,3.1274,1.7316,2.4198,4.6169,0.93441,2.0183,2.8689,0.71785,1.9564,2.7369,1.5891,1.64,3.9653,0.97216,2.4382,2.9212,1.3141,1.5575,3.8591,2.7192,2.5683,4.6122,1.0691,2.2438,3.5425,1.2015,2.6836,3.7103,1.9814,1.9872,4.5383,1.0088,1.9302,4.2648,1.8936,1.6984,3.4865,1.662,2.5617,3.9961,2.1488,2.529,4.8445,2.0532,2.4264,3.5856,1.4241,2.9869,3.6291,1.4636,1.526,4.1808,0.60256,2.9788,3.626,1.6117,1.6265,4.1977,0.72641,1.9793,2.7354,0.75474,2.1981,4.0041,2.6308,2.5738,4.5339,2.0778,2.0707,3.4147,1.4839,2.7638,3.6346,1.0262,2.3516,3.5005,2.6047,2.0951,4.6336,1.4482,1.7103,4.4337,1.5476,2.5678,3.6542,2.0618,2.4139,4.151,2.6158,2.3243,4.8903,0.59391,2.5311,3.1151
1962.6,0.25761,114.21,13.808,0.23247,1256.1,1.4361,1.7719,4.096,1.2971,2.2512,4.2901,1.1225,1.9162,4.2402,2.4356,2.6248,4.3054,0.85435,2.005,4.317,1.5198,2.5948,3.9022,3.3187,2.8121,6.2089,1.1081,1.9172,4.2519,1.735,1.5648,4.1962,1.3023,2.2251,4.3597,0.80658,2.0475,4.2032,3.0107,2.8259,4.5778,5.4465,2.6266,1.1791,1.3399,2.6621,3.7184,0.85271,2.1258,2.9769,2.5809,2.1753,4.6563,1.4345,1.6129,3.9395,0.61169,2.6639,3.7358,2.0694,1.7604,3.5407,1.0577,2.379,3.2036,0.074604,2.3192,3.2787,1.7494,1.6705,3.4313,1.8404,2.6922,4.0948,1.8044,1.7404,3.4282,1.4218,1.5851,3.9668,0.39283,2.181,3.1082,2.1298,2.4124,4.4997,1.4491,1.7127,3.205,0.81936,1.9545,2.751,3.3195,2.8263,6.1621,2.0856,1.8028,3.5445,1.121,2.7246,3.0425,1.8514,2.5981,4.0917,0.69136,1.9609,2.8194,1.0376,2.3974,3.1544,1.9509,1.924,4.5789,1.7503,1.6078,3.9078,0.5255,2.1896,3.7814,1.2098,2.5842,3.7817,0.87819,2.1467,3.1362,2.7241,2.3779,4.5114,2.2219,2.2459,4.8439,1.5347,1.681,3.9701,1.9228,1.9364,4.5484,1.5213,2.224,3.2357,0.68792,2.2136,2.9844,2.4796,2.4609,4.4694,1.8609,2.6065,4.6437,1.7924,2.6104,4.6058,2.7248,2.4207,4.5866,1.268,2.5674,3.8379,1.8119,2.3016,4.426,1.8347,2.9505,3.7558,0.67464,2.4768,2.6341,1.4414,2.1303,4.6234,2.0511,2.9719,3.9621,0.27691,2.414,3.2853,1.6706,1.565,4.0615,0.65243,2.0865,2.9904,2.2684,2.2718,4.6821,0.79529,2.516,3.2616,0.8808,2.165,3.1142,6.1878,2.8789,1.7127,2.1221,2.0826,4.7634,2.6961,2.4308,4.5636,2.5287,2.2408,5.0044,1.9172,2.5882,4.2067,1.0763,1.718,4.0528,4.6661,2.7952,0.52571,0.8079,2.1368,2.9697,1.3181,2.0919,4.3945,0.9936,2.1547,3.4086,2.067,2.6419,4.3004,1.7543,1.5151,4.1173,1.298,2.5264,3.1689,0.80429,2.5167,3.6926,2.1024,1.829,3.6359,1.5267,2.4941,3.4468,1.5903,2.5978,3.6696,1.5836,1.5977,4.2366,1.8545,2.6275,4.2833,1.9596,2.6351,4.4245,3.6192,2.7242,0.073939,1.7641,1.4955,4.1034,1.8525,1.9992,3.4803,2.0353,2.9304,4.8557,1.2804,2.5423,3.2448,2.57,2.4342,4.8887,1.104,2.6299,4.0023,1.5321,2.4725,3.4613,1.0786,1.8453,4.0604,1.7049,1.5264,4.0446,1.7982,1.9869,3.4036,0.26997,2.8992,3.3321,2.9587,2.283,4.7129,1.2906,1.9476,4.2406,1.3574,2.6244,3.5528,1.3846,2.477,3.3611,1.9117,1.8823,3.6224,1.9431,2.5201,4.0838,1.0018,2.307,3.1395,2.5471,1.9705,5.149,1.278,2.6264,3.4588,1.3047,2.5086,3.267,0.49318,2.8933,3.5345,0.60715,1.8691,2.7136,1.5806,1.9633,4.5363,1.4515,1.7493,4.1604,5.1681,2.8271,1.4648,0.80053,2.0794,2.8335,1.0913,2.6786,4.0238,2.2962,2.5089,3.595,2.4749,2.3682,4.7538,2.9726,2.6253,4.657,2.0968,2.5018,4.4352,2.3748,2.1978,4.3285,0.70407,2.1343,3.1745,0.61022,2.4058,3.1833,0.5949,2.143,3.6992,2.3981,2.4032,4.5591,1.0103,2.404,3.1118,1.2132,1.6517,4.2551,1.6371,2.0339,3.3745,5.8947,2.634,1.6253,3.4985,2.8896,0.23735,0.85224,2.3704,3.0867,1.674,1.5949,4.0503,1.5309,1.9141,3.1751,0.79064,2.4218,2.9686,2.1552,2.3038,4.7939,1.254,2.5694,3.2128,1.0275,1.9362,3.5089,0.36899,1.9838,3.3254,1.7608,1.9943,3.3586,2.4086,2.1867,4.2955,2.2506,2.1192,5.0073,1.2341,1.63,3.8538,0.70622,1.9767,2.8055,2.2591,2.1463,5.0543,2.4155,2.2741,4.6307,1.581,2.4872,3.9662,4.4991,2.8354,0.43191,1.9672,2.4974,4.0525,0.79899,1.9439,4.1093,1.4087,2.6634,4.3177,3.8981,2.7704,0.18604,1.5749,1.7028,3.3151,0.19958,2.2964,3.2133,5.1076,2.833,1.0836,0.7416,2.7018,3.4529,1.4001,2.5459,3.0382,2.2005,2.0612,4.9176,1.4513,1.9933,4.4402,1.529,1.6316,3.3275,1.4284,2.9076,3.3662,0.65823,2.3917,3.0106,0.88295,2.4271,3.0682,0.23812,2.5945,3.3052,1.6992,2.3883,4.2292,0.67799,2.4124,2.9438,0.9738,2.3439,3.521,1.3953,1.7454,4.2653,0.32101,2.3339,3.3454,1.526,1.5855,3.3159,0.63393,2.3947,2.9896,3.4537,2.84,0.12603,1.8947,2.5478,3.9895,2.0916,2.2022,4.688,2.2558,2.7456,4.8339,1.9292,1.8419,3.8027,1.2882,1.6806,3.7307,2.2304,2.0898,4.9856,1.3429,2.5752,3.8644,1.0052,3.0456,2.8205,4.807,2.8711,0.51262,1.408,2.7086,4.4275,1.9531,1.8708,3.8768,1.3873,2.6594,3.0393,0.71031,2.7144,3.3602,1.0887,2.8817,4.2608,0.85756,2.5427,2.816,0.68014,2.0595,2.8933,0.53785,2.4218,3.3521,1.5679,2.1598,4.3628,1.5868,2.7206,4.5717,0.49266,2.0171,2.8937,2.0186,1.8054,3.7895,1.1792,1.715,3.7369,2.1939,2.6354,4.602,1.3314,1.6725,4.0769,1.3082,2.1393,3.1237,0.56832,2.0417,2.9384,0.58328,2.4036,2.7393,1.7135,2.4361,4.2294,2.1937,2.6148,4.646,0.52748,2.0407,2.8901,1.5871,1.6743,3.3639,0.26336,3.0591,2.1074,0.71069,2.5778,2.6929,3.2079,2.7241,6.233,0.34235,2.8808,3.0629,4.7409,2.8763,0.45266,2.2468,2.3067,3.5235,1.2815,2.9845,4.1287,1.2274,2.4297,3.3931,1.0217,3.0356,3.885,2.2888,2.2249,3.6818,1.162,1.6658,3.7419,2.4386,2.3726,4.6013,2.4553,2.7126,4.0851,1.373,2.6722,4.3788,1.9158,1.782,3.7996,1.2464,2.6501,3.7559,2.287,2.4195,4.8024,1.5977,2.5597,3.5367,2.1679,2.2895,4.1733,0.73694,1.9633,3.2754,2.1819,2.4219,3.58,2.1979,2.3737,3.523,2.2794,1.9919,5.0217,2.568,2.2646,4.7826,2.2975,2.2541,3.7187,1.3442,1.6033,3.889,2.1539,2.6235,4.5855,1.922,1.8202,3.8024,0.78025,2.0905,4.1509,1.5831,1.7156,4.2386,2.2067,2.6295,4.6703,1.4462,2.3949,3.2668,6.0708,2.9276,2.3982,1.8607,1.7763,3.5576,1.842,2.8494,4.1083,2.1658,1.9693,4.921,1.2519,2.5965,4.4539,2.0217,2.1571,4.8987,1.6047,1.6511,3.96,1.6257,2.0644,3.2949,1.099,2.6623,3.6223,1.0008,2.7671,3.8407,1.5029,2.5122,3.9285,1.1727,2.6805,3.646,1.7932,1.6061,4.0635,0.95819,2.456,2.8727,2.0265,2.1788,4.5138,0.4325,2.6951,3.1835,1.0105,1.9124,4.2707,0.99143,2.2921,3.13,1.7357,2.4203,4.6182,0.93234,2.0166,2.8687,0.71714,1.9555,2.7365,1.5884,1.6367,3.9653,0.97298,2.4381,2.9253,1.3113,1.5556,3.8602,2.718,2.5679,4.6121,1.0676,2.2488,3.5384,1.2038,2.6803,3.7119,1.9821,1.9877,4.5412,1.0068,1.9286,4.2656,1.8956,1.6996,3.4882,1.6619,2.5635,3.9959,2.1506,2.5286,4.8424,2.0494,2.4284,3.5807,1.4336,2.9828,3.6383,1.464,1.528,4.1791,0.5985,2.978,3.6228,1.6125,1.6236,4.1965,0.72588,1.9786,2.7353,0.75691,2.1989,4.006,2.629,2.5731,4.535,2.0814,2.0685,3.4149,1.4875,2.7593,3.6402,1.023,2.3571,3.4949,2.6086,2.0988,4.6412,1.4468,1.7107,4.4346,1.5466,2.5678,3.6578,2.0625,2.4179,4.1546,2.6139,2.3233,4.8878,0.5986,2.5316,3.1199
1962.6,0.25761,114.21,13.808,0.24141,1287.9,1.4333,1.7689,4.094,1.2995,2.2518,4.2938,1.119,1.914,4.2393,2.434,2.6237,4.3066,0.85373,2.0042,4.3192,1.5199,2.5973,3.9022,3.3284,2.8098,6.2209,1.1045,1.9148,4.2522,1.7351,1.5607,4.1939,1.3022,2.2244,4.3642,0.80553,2.0469,4.2039,3.0137,2.8254,4.5796,5.4413,2.621,1.1748,1.3399,2.6603,3.7177,0.84907,2.1246,2.9751,2.5849,2.1787,4.6637,1.4323,1.6119,3.9404,0.60817,2.6667,3.7283,2.0722,1.7596,3.5431,1.0523,2.3788,3.2023,0.066848,2.3199,3.2677,1.748,1.6692,3.4331,1.837,2.6886,4.0914,1.8052,1.7418,3.4295,1.4205,1.5836,3.9675,0.39345,2.1818,3.1061,2.1317,2.4131,4.5015,1.4476,1.7143,3.2049,0.81853,1.955,2.751,3.3339,2.8247,6.1777,2.0899,1.8031,3.5478,1.1257,2.7253,3.049,1.8533,2.5987,4.0956,0.6926,1.963,2.8201,1.0348,2.3962,3.1561,1.9537,1.924,4.5825,1.7525,1.6071,3.9091,0.52755,2.1883,3.7844,1.2128,2.5866,3.7848,0.87494,2.1485,3.1332,2.7292,2.3794,4.5167,2.227,2.2479,4.849,1.5369,1.681,3.9714,1.9252,1.937,4.5507,1.5227,2.225,3.2348,0.68426,2.2165,2.9802,2.4814,2.4632,4.4746,1.8568,2.6072,4.6324,1.7888,2.6108,4.5968,2.7333,2.4233,4.5993,1.2672,2.5694,3.8342,1.8181,2.3045,4.4309,1.8307,2.9471,3.7516,0.67961,2.4772,2.6386,1.4357,2.1336,4.6208,2.0507,2.9679,3.9608,0.27384,2.414,3.2817,1.6712,1.5637,4.0607,0.65078,2.087,2.988,2.2684,2.2722,4.6816,0.79674,2.5124,3.2675,0.8784,2.1666,3.1114,6.1851,2.878,1.7092,2.1286,2.0855,4.7701,2.7019,2.433,4.573,2.5273,2.2377,5.0007,1.916,2.5846,4.2052,1.0761,1.7137,4.0565,4.6661,2.7894,0.52567,0.80593,2.1372,2.9683,1.3195,2.0918,4.3984,0.99072,2.1575,3.4049,2.0618,2.6384,4.2946,1.7566,1.5116,4.1157,1.3024,2.5257,3.1703,0.80627,2.519,3.6901,2.1047,1.8259,3.6332,1.5248,2.4964,3.4478,1.5906,2.5995,3.6751,1.5811,1.5978,4.2358,1.85,2.6224,4.2768,1.9577,2.6301,4.4217,3.6282,2.7212,0.081789,1.7669,1.4919,4.1009,1.8588,1.9986,3.483,2.0318,2.9303,4.8525,1.2833,2.5423,3.2482,2.5683,2.4339,4.8857,1.1052,2.6302,3.9983,1.53,2.4742,3.462,1.0751,1.8452,4.06,1.7071,1.5244,4.0433,1.8025,1.9855,3.4036,0.27113,2.8973,3.333,2.9609,2.2816,4.7159,1.2891,1.9473,4.2421,1.3595,2.6237,3.5588,1.3824,2.4781,3.3627,1.915,1.8788,3.6203,1.9439,2.5237,4.0881,0.9988,2.3075,3.1384,2.5466,1.969,5.1489,1.2796,2.6254,3.464,1.2995,2.5099,3.2648,0.49795,2.891,3.5388,0.60556,1.8696,2.7091,1.5745,1.9612,4.5362,1.4512,1.7462,4.1612,5.1577,2.824,1.4531,0.7995,2.0785,2.8344,1.0918,2.6804,4.0207,2.3019,2.5072,3.5954,2.4719,2.3659,4.7484,2.9791,2.6218,4.6617,2.0962,2.5021,4.4336,2.3766,2.2021,4.3347,0.69979,2.1387,3.1665,0.61883,2.4039,3.1922,0.59532,2.143,3.6992,2.3997,2.4018,4.5641,1.0181,2.4019,3.1194,1.2107,1.6549,4.2529,1.6341,2.0338,3.3711,5.8842,2.6308,1.6143,3.5019,2.8877,0.24132,0.8503,2.3688,3.0881,1.6743,1.5939,4.0494,1.5325,1.9156,3.1757,0.79081,2.4204,2.9708,2.1566,2.3024,4.7908,1.2567,2.5704,3.2165,1.0282,1.9342,3.5095,0.3625,1.9854,3.3287,1.7637,1.9925,3.3559,2.4115,2.1913,4.3016,2.2542,2.1171,5.008,1.2315,1.627,3.854,0.70623,1.9765,2.806,2.2623,2.1447,5.0555,2.4184,2.2763,4.6357,1.5811,2.4917,3.9657,4.5059,2.8301,0.44029,1.9682,2.5036,4.0555,0.79796,1.944,4.1087,1.4161,2.6662,4.3194,3.9086,2.7677,0.1978,1.5775,1.7071,3.3166,0.19759,2.2962,3.2084,5.109,2.8274,1.0871,0.74366,2.6994,3.4545,1.4025,2.5474,3.0376,2.2042,2.0588,4.9176,1.4496,1.9887,4.4431,1.5291,1.6313,3.3289,1.4298,2.9074,3.3653,0.66371,2.39,3.0187,0.88124,2.4262,3.0702,0.23766,2.5937,3.3026,1.7033,2.3928,4.2336,0.68455,2.4116,2.9505,0.96919,2.3506,3.5137,1.3952,1.7434,4.2636,0.32076,2.3344,3.3433,1.5259,1.5838,3.3174,0.63844,2.3935,2.9964,3.4647,2.8381,0.13805,1.891,2.547,3.9886,2.0958,2.2024,4.6911,2.2428,2.7431,4.8172,1.9303,1.8362,3.7998,1.2879,1.677,3.7319,2.2333,2.0877,4.986,1.3414,2.5734,3.8604,0.99695,3.0451,2.8115,4.8099,2.8669,0.51668,1.412,2.7085,4.4288,1.9554,1.8679,3.8774,1.3917,2.6604,3.0457,0.71593,2.7127,3.3667,1.0947,2.8801,4.2661,0.86585,2.5438,2.823,0.68067,2.0629,2.8925,0.53856,2.4226,3.3505,1.5685,2.158,4.368,1.5947,2.7209,4.5764,0.48902,2.0186,2.8869,2.0198,1.8031,3.7894,1.1782,1.7102,3.7399,2.1914,2.6337,4.597,1.3292,1.6758,4.0738,1.3052,2.1381,3.122,0.56588,2.0434,2.9332,0.58737,2.4021,2.7454,1.7177,2.4422,4.2316,2.1882,2.6116,4.6379,0.52478,2.0415,2.8852,1.5877,1.6738,3.3656,0.24556,3.0594,2.0871,0.71241,2.5814,2.6934,3.2187,2.722,6.2329,0.35752,2.8798,3.0805,4.7446,2.8736,0.45766,2.2461,2.3029,3.5177,1.2822,2.981,4.1307,1.2217,2.432,3.3897,1.018,3.0342,3.8839,2.2865,2.2245,3.6773,1.1604,1.6585,3.7458,2.4386,2.3733,4.602,2.4506,2.7136,4.0872,1.3755,2.6721,4.3784,1.9166,1.7758,3.7976,1.2489,2.6465,3.7579,2.2856,2.4185,4.7963,1.5961,2.5594,3.5429,2.1687,2.294,4.1776,0.73461,1.9662,3.2713,2.177,2.4224,3.5734,2.1934,2.3716,3.5142,2.2817,1.9926,5.0229,2.5652,2.2637,4.7821,2.2948,2.2554,3.7157,1.3434,1.6034,3.8896,2.1461,2.6192,4.5746,1.9234,1.8152,3.7994,0.78066,2.0884,4.1569,1.582,1.7123,4.2376,2.2004,2.6263,4.6617,1.4464,2.3957,3.2672,6.0769,2.9289,2.406,1.8622,1.7755,3.5597,1.8404,2.8434,4.1049,2.1708,1.9692,4.9252,1.2548,2.5968,4.4588,2.0259,2.1581,4.8997,1.6046,1.6475,3.96,1.6277,2.0664,3.2932,1.0997,2.6602,3.6219,1.0017,2.7655,3.8387,1.5066,2.5142,3.9324,1.1733,2.6781,3.6447,1.7914,1.6016,4.0629,0.95951,2.4562,2.8756,2.0319,2.1827,4.5191,0.44217,2.6903,3.1923,1.0075,1.9107,4.2704,0.99177,2.2914,3.1324,1.7397,2.4208,4.6196,0.93029,2.0149,2.8683,0.71648,1.9546,2.7362,1.5878,1.6337,3.9654,0.97373,2.4381,2.9295,1.3085,1.5536,3.8614,2.7166,2.5674,4.612,1.066,2.2538,3.5344,1.2061,2.6772,3.7136,1.9828,1.9883,4.5441,1.0047,1.927,4.2664,1.8975,1.7007,3.4898,1.6618,2.5651,3.9958,2.1525,2.5281,4.8404,2.0456,2.4305,3.5759,1.4428,2.9786,3.6472,1.4644,1.53,4.1776,0.59435,2.9773,3.6197,1.6133,1.6208,4.1952,0.72537,1.9779,2.7352,0.75899,2.1997,4.0077,2.6273,2.5724,4.5361,2.085,2.0663,3.4151,1.491,2.7549,3.6456,1.0199,2.3624,3.4895,2.6125,2.1024,4.6486,1.4454,1.7109,4.4354,1.5455,2.5679,3.6614,2.0631,2.4217,4.1582,2.612,2.3221,4.8853,0.60319,2.5322,3.1245
1962.6,0.25761,114.21,13.808,0.25035,1319.8,1.4307,1.766,4.0922,1.3018,2.2524,4.2975,1.1157,1.9118,4.2383,2.4324,2.6226,4.308,0.8531,2.0035,4.3212,1.5199,2.5997,3.902,3.3379,2.8073,6.2327,1.1009,1.9124,4.2526,1.7352,1.5568,4.1916,1.3019,2.2237,4.3687,0.80454,2.0464,4.2048,3.0166,2.8248,4.5812,5.4365,2.6155,1.171,1.3396,2.6586,3.7168,0.84547,2.1234,2.9732,2.5886,2.1818,4.6707,1.4301,1.611,3.9413,0.60457,2.6694,3.7209,2.0749,1.7588,3.5456,1.0468,2.3786,3.2007,0.059202,2.3205,3.2569,1.7466,1.6679,3.4351,1.8339,2.685,4.0884,1.8061,1.7431,3.4308,1.4192,1.5823,3.9679,0.3941,2.1826,3.1039,2.1335,2.4137,4.5033,1.4463,1.716,3.2047,0.81773,1.9554,2.7513,3.3485,2.8231,6.1936,2.0941,1.8033,3.5511,1.1305,2.726,3.0553,1.8553,2.5992,4.0995,0.69374,1.965,2.8206,1.0319,2.3951,3.1576,1.9564,1.924,4.586,1.7547,1.6066,3.9104,0.52972,2.1871,3.7876,1.216,2.5889,3.7882,0.87183,2.1502,3.1303,2.734,2.3809,4.5217,2.2319,2.2498,4.8541,1.5389,1.6807,3.9726,1.9276,1.9375,4.5529,1.5243,2.2261,3.2339,0.68096,2.2193,2.9766,2.4831,2.4653,4.4796,1.8528,2.6079,4.6211,1.7854,2.6111,4.5879,2.7415,2.4258,4.6114,1.2663,2.5713,3.8307,1.8243,2.3074,4.4357,1.8269,2.9439,3.7476,0.68434,2.4776,2.6429,1.43,2.1369,4.618,2.0508,2.9637,3.9598,0.27086,2.414,3.2782,1.6719,1.5626,4.0599,0.64922,2.0874,2.9856,2.2683,2.2726,4.6811,0.79774,2.509,3.2727,0.87619,2.1681,3.1089,6.1828,2.8769,1.706,2.1349,2.0883,4.7767,2.7073,2.4349,4.582,2.526,2.2346,4.9972,1.9151,2.5815,4.204,1.076,1.7097,4.06,4.6659,2.784,0.52553,0.80409,2.1376,2.9672,1.3209,2.0917,4.4023,0.98784,2.1603,3.4011,2.0569,2.6351,4.2892,1.759,1.5082,4.114,1.3067,2.525,3.1716,0.80825,2.5214,3.6876,2.107,1.823,3.6306,1.5232,2.4987,3.449,1.5911,2.6012,3.6809,1.5786,1.5981,4.235,1.8459,2.6176,4.2707,1.956,2.6255,4.4192,3.637,2.7182,0.089393,1.7698,1.4883,4.0982,1.865,1.9981,3.4855,2.0284,2.9301,4.8493,1.2861,2.5425,3.2514,2.5667,2.4337,4.8826,1.1062,2.6305,3.9943,1.528,2.4759,3.4627,1.0718,1.8449,4.0596,1.7093,1.5225,4.0422,1.8068,1.9842,3.4037,0.27235,2.8955,3.3339,2.963,2.2802,4.7188,1.2876,1.9469,4.2435,1.3617,2.6231,3.5647,1.3804,2.4792,3.3644,1.9183,1.8754,3.6183,1.9447,2.527,4.0923,0.99584,2.3079,3.1373,2.5461,1.9678,5.1489,1.2812,2.6245,3.4692,1.2944,2.511,3.2626,0.50255,2.8887,3.5428,0.60408,1.8699,2.7047,1.5684,1.9592,4.5359,1.4508,1.7433,4.1619,5.1476,2.8209,1.4419,0.79849,2.0776,2.8352,1.0922,2.6821,4.0176,2.3077,2.5054,3.596,2.4692,2.3637,4.7432,2.9853,2.6185,4.6661,2.0956,2.5024,4.4321,2.3785,2.2063,4.341,0.69558,2.1428,3.159,0.62701,2.4022,3.2005,0.59581,2.143,3.6994,2.4013,2.4006,4.5689,1.0255,2.4001,3.1266,1.2082,1.6581,4.2506,1.6311,2.0337,3.3677,5.8741,2.6276,1.6038,3.5047,2.8857,0.24469,0.84812,2.3673,3.089,1.6746,1.5929,4.0485,1.5341,1.9172,3.1764,0.79092,2.419,2.9729,2.158,2.3012,4.7879,1.2593,2.5715,3.2201,1.0291,1.9322,3.5102,0.35609,1.9872,3.3319,1.7666,1.9907,3.3533,2.4145,2.1958,4.308,2.2578,2.1149,5.0087,1.2288,1.6241,3.8541,0.70616,1.9763,2.8064,2.2656,2.1431,5.0567,2.4211,2.2785,4.6405,1.5811,2.4961,3.9652,4.5125,2.8248,0.44854,1.9693,2.5098,4.0586,0.797,1.9439,4.1083,1.4232,2.669,4.3211,3.9188,2.7651,0.20919,1.5802,1.7114,3.3181,0.19586,2.2961,3.2038,5.1105,2.8222,1.0907,0.74542,2.6971,3.4559,1.4047,2.5489,3.0368,2.2079,2.0564,4.9176,1.4476,1.9842,4.4457,1.5293,1.631,3.3304,1.4312,2.9072,3.3643,0.66887,2.3883,3.0263,0.87949,2.4253,3.0721,0.23721,2.5928,3.2999,1.7073,2.3971,4.2379,0.69097,2.4108,2.9571,0.96449,2.3572,3.5064,1.3952,1.7414,4.262,0.32045,2.3347,3.3412,1.5257,1.582,3.3188,0.64276,2.3924,3.003,3.4753,2.8363,0.14959,1.8875,2.5463,3.9876,2.1,2.2024,4.6942,2.2302,2.7406,4.801,1.9314,1.8305,3.7971,1.2876,1.6735,3.733,2.2362,2.0857,4.9862,1.3401,2.5719,3.8565,0.9885,3.0447,2.8023,4.8125,2.8629,0.52084,1.4158,2.7085,4.43,1.9577,1.865,3.878,1.396,2.6614,3.0521,0.72113,2.711,3.3726,1.1007,2.8785,4.2712,0.87391,2.545,2.8297,0.68126,2.0662,2.8918,0.53934,2.4234,3.3489,1.5692,2.156,4.3731,1.6021,2.7212,4.5808,0.48561,2.0201,2.8805,2.0209,1.8009,3.7893,1.1771,1.7055,3.743,2.1893,2.6321,4.5925,1.327,1.6791,4.0707,1.3022,2.1368,3.1203,0.56354,2.0451,2.9283,0.5914,2.4005,2.7516,1.7216,2.448,4.2335,2.1832,2.6085,4.6301,0.52222,2.0423,2.8806,1.5882,1.6735,3.3674,0.22745,3.0598,2.0667,0.71381,2.585,2.6935,3.2289,2.7198,6.2814,0.37255,2.8787,3.0979,4.7482,2.871,0.46268,2.2456,2.2991,3.5122,1.2825,2.9777,4.1322,1.2164,2.434,3.3867,1.0137,3.0329,3.8824,2.2843,2.224,3.6727,1.1586,1.6513,3.7497,2.4387,2.374,4.6026,2.4461,2.7146,4.0894,1.3779,2.672,4.3779,1.9175,1.7697,3.7957,1.2513,2.6431,3.7598,2.2846,2.4174,4.7906,1.5945,2.5592,3.549,2.1695,2.2984,4.182,0.73228,1.9689,3.2673,2.1723,2.4228,3.5669,2.189,2.3694,3.5055,2.2839,1.9933,5.0238,2.5625,2.2626,4.7816,2.2921,2.2567,3.7128,1.3427,1.6035,3.8902,2.1386,2.615,4.5643,1.9248,1.8102,3.7964,0.78109,2.0864,4.1628,1.5809,1.709,4.2366,2.1943,2.623,4.6533,1.4466,2.3965,3.2676,6.0834,2.9302,2.4139,1.8637,1.7746,3.5617,1.8391,2.8375,4.1019,2.1757,1.969,4.9291,1.2576,2.597,4.4635,2.0301,2.159,4.9005,1.6045,1.644,3.9599,1.6299,2.0683,3.2914,1.1004,2.6582,3.6214,1.0026,2.764,3.8366,1.5102,2.516,3.9363,1.1739,2.6758,3.6434,1.7896,1.5972,4.0625,0.9608,2.4566,2.8783,2.0371,2.1865,4.5244,0.45138,2.6856,3.2006,1.0046,1.9089,4.2701,0.99203,2.2908,3.1348,1.7438,2.4212,4.6211,0.92825,2.0133,2.8679,0.71585,1.9537,2.736,1.5873,1.6309,3.9654,0.97441,2.4381,2.9335,1.3058,1.5517,3.8625,2.7152,2.567,4.6117,1.0644,2.2587,3.5304,1.2083,2.6742,3.7152,1.9836,1.9887,4.5468,1.0027,1.9254,4.2673,1.8995,1.7018,3.4914,1.6616,2.5666,3.9956,2.1545,2.5277,4.8386,2.0421,2.4327,3.5713,1.4519,2.9745,3.656,1.4648,1.5318,4.1761,0.59014,2.9766,3.6165,1.6143,1.6181,4.194,0.72486,1.9771,2.735,0.76099,2.2006,4.0094,2.6256,2.5716,4.5372,2.0886,2.0641,3.4153,1.4945,2.7507,3.651,1.0169,2.3674,3.4844,2.6163,2.106,4.6559,1.4441,1.7114,4.4362,1.5444,2.5681,3.6648,2.0637,2.4254,4.1616,2.6102,2.321,4.8828,0.60768,2.5328,3.1292
1962.6,0.25761,114.21,13.808,0.2593,1352.0,1.4281,1.7634,4.0903,1.3041,2.253,4.301,1.1125,1.9097,4.2374,2.431,2.6215,4.3094,0.85246,2.0028,4.3232,1.5199,2.6018,3.9018,3.3473,2.8049,6.2442,1.0974,1.9101,4.2528,1.7354,1.5533,4.1895,1.3015,2.223,4.3729,0.8036,2.0459,4.2057,3.0194,2.8241,4.5827,5.432,2.6103,1.1678,1.3393,2.6573,3.7161,0.84194,2.1222,2.9714,2.5923,2.1847,4.6774,1.428,1.6103,3.942,0.60089,2.6719,3.7134,2.0775,1.7579,3.548,1.0411,2.3785,3.1987,0.051704,2.3212,3.2464,1.7452,1.6665,3.437,1.8311,2.6817,4.0857,1.8069,1.7445,3.4322,1.418,1.5812,3.9683,0.39478,2.1833,3.102,2.1352,2.4144,4.5049,1.4448,1.7179,3.2044,0.81696,1.9556,2.7515,3.3633,2.8213,6.2097,2.0983,1.8035,3.5544,1.1353,2.7267,3.0617,1.8574,2.5997,4.1035,0.69479,1.9669,2.8211,1.0289,2.394,3.1589,1.9593,1.924,4.5896,1.7568,1.6062,3.9116,0.532,2.1858,3.7909,1.2191,2.5909,3.7916,0.86887,2.1518,3.1278,2.7386,2.3823,4.5263,2.2366,2.2514,4.8588,1.541,1.6802,3.9737,1.93,1.938,4.555,1.526,2.227,3.2332,0.67805,2.2216,2.9737,2.4848,2.4672,4.4843,1.8487,2.6085,4.6099,1.7819,2.6114,4.5792,2.7492,2.4279,4.6231,1.2655,2.5731,3.8272,1.8304,2.31,4.4403,1.8232,2.9408,3.7437,0.68882,2.4781,2.6469,1.4243,2.1402,4.6151,2.0512,2.9597,3.9591,0.26801,2.4139,3.2747,1.6724,1.5615,4.059,0.64773,2.0877,2.9835,2.2683,2.2729,4.6804,0.79828,2.5057,3.2776,0.87418,2.1695,3.1068,6.1808,2.8758,1.7033,2.1411,2.0906,4.7829,2.7124,2.4365,4.5904,2.5251,2.2317,4.9942,1.9145,2.5788,4.2029,1.0757,1.7058,4.0634,4.6654,2.7789,0.52522,0.80237,2.1381,2.9662,1.3225,2.0917,4.4061,0.98493,2.1631,3.3976,2.0522,2.632,4.2842,1.7613,1.505,4.1123,1.3109,2.5245,3.1726,0.81022,2.5236,3.6853,2.1093,1.82,3.6281,1.5218,2.5008,3.4508,1.5918,2.6029,3.6868,1.5761,1.5984,4.2343,1.8422,2.6134,4.2649,1.9546,2.621,4.4169,3.6455,2.7152,0.096726,1.7727,1.4845,4.0956,1.8713,1.9975,3.4882,2.0248,2.9299,4.8459,1.2889,2.5427,3.2544,2.5651,2.4334,4.8798,1.1072,2.6308,3.9902,1.5261,2.4776,3.4636,1.0684,1.8446,4.0592,1.7115,1.5207,4.041,1.8112,1.9828,3.4038,0.27368,2.8936,3.3348,2.9651,2.2788,4.7215,1.2859,1.9464,4.2449,1.3637,2.6228,3.5705,1.3783,2.4803,3.3661,1.9217,1.872,3.6164,1.9454,2.53,4.0964,0.99292,2.3084,3.1363,2.5454,1.9667,5.1489,1.2828,2.6238,3.4743,1.2895,2.5121,3.2605,0.50702,2.8863,3.5465,0.60272,1.8701,2.7006,1.5622,1.9571,4.5354,1.4504,1.7404,4.1625,5.1379,2.8179,1.4309,0.7975,2.0769,2.836,1.0924,2.6837,4.0144,2.3133,2.5036,3.5967,2.4667,2.3617,4.7386,2.9914,2.6151,4.6701,2.0951,2.5028,4.4307,2.3804,2.2106,4.3472,0.69151,2.1463,3.1517,0.6347,2.4006,3.2082,0.59639,2.143,3.6996,2.403,2.3994,4.5736,1.0323,2.3984,3.1332,1.2058,1.6613,4.2485,1.628,2.0334,3.3644,5.8648,2.6244,1.594,3.507,2.8838,0.24744,0.84572,2.3659,3.0897,1.6749,1.5921,4.0478,1.5358,1.9188,3.1771,0.79101,2.4175,2.975,2.1597,2.3,4.7854,1.2619,2.5727,3.2236,1.0298,1.9302,3.5109,0.34989,1.989,3.3353,1.7698,1.9887,3.351,2.4179,2.2005,4.3147,2.2613,2.1128,5.0094,1.2262,1.6215,3.8541,0.70601,1.9758,2.8065,2.2687,2.1413,5.0578,2.4239,2.2806,4.6452,1.5811,2.5001,3.9646,4.5189,2.8197,0.45664,1.9704,2.5157,4.0617,0.7961,1.9439,4.1079,1.43,2.6717,4.3224,3.9286,2.7626,0.22015,1.583,1.7157,3.3198,0.19442,2.2958,3.1996,5.1123,2.8171,1.0944,0.74692,2.695,3.4569,1.4068,2.5504,3.0361,2.2114,2.0541,4.9178,1.4455,1.9797,4.4483,1.5295,1.6306,3.3319,1.4323,2.9071,3.3631,0.67366,2.3867,3.0334,0.87775,2.4246,3.074,0.23685,2.5919,3.2974,1.7112,2.4012,4.2418,0.69727,2.4101,2.9637,0.9598,2.3635,3.4991,1.3952,1.7393,4.2602,0.32009,2.335,3.3391,1.5256,1.58,3.3203,0.64691,2.3913,3.0093,3.4852,2.8343,0.16039,1.884,2.5456,3.9867,2.1041,2.2024,4.6973,2.2183,2.7381,4.7854,1.9325,1.8248,3.7946,1.2873,1.6702,3.734,2.2391,2.0838,4.9865,1.3387,2.5703,3.8528,0.98003,3.0443,2.7931,4.8151,2.8589,0.52505,1.4193,2.7082,4.4309,1.96,1.862,3.8787,1.4003,2.6623,3.0585,0.72593,2.7094,3.3779,1.1064,2.8769,4.2763,0.88168,2.5461,2.8362,0.68192,2.0694,2.8914,0.54002,2.4243,3.3472,1.5699,2.154,4.3783,1.6091,2.7215,4.5847,0.4825,2.0213,2.8745,2.0219,1.7988,3.7893,1.1761,1.7009,3.746,2.1875,2.6307,4.5884,1.3249,1.6821,4.0678,1.2992,2.1356,3.1186,0.56128,2.0466,2.9236,0.59534,2.3991,2.7577,1.7252,2.4534,4.2349,2.1783,2.6054,4.6227,0.51983,2.0429,2.8764,1.5887,1.6732,3.3693,0.20941,3.0602,2.0464,0.71485,2.5888,2.6932,3.2384,2.7177,6.234,0.38731,2.8774,3.1148,4.7517,2.8686,0.46767,2.2454,2.2956,3.507,1.2825,2.9745,4.1332,1.2115,2.4359,3.3839,1.0093,3.0315,3.8806,2.282,2.2235,3.6682,1.157,1.6443,3.7533,2.4387,2.3747,4.6033,2.4419,2.7154,4.0917,1.3802,2.672,4.3773,1.9182,1.7638,3.7941,1.2534,2.6398,3.7615,2.2838,2.4166,4.7852,1.5928,2.5589,3.5549,2.1704,2.3028,4.1865,0.72998,1.9715,3.2634,2.1677,2.4232,3.5605,2.1849,2.3671,3.4969,2.286,1.9938,5.0245,2.56,2.2616,4.7811,2.2894,2.258,3.7098,1.342,1.6033,3.8907,2.1317,2.611,4.5545,1.9262,1.8053,3.7936,0.78151,2.0844,4.1687,1.5797,1.7058,4.2356,2.1885,2.6199,4.6453,1.4468,2.3973,3.2681,6.0899,2.9315,2.422,1.8653,1.7739,3.5637,1.8381,2.8317,4.0995,2.1803,1.9686,4.9326,1.2602,2.5973,4.4681,2.034,2.16,4.9012,1.6045,1.6406,3.9599,1.6321,2.0702,3.2898,1.1009,2.6564,3.6208,1.0033,2.7625,3.8344,1.5137,2.5176,3.9401,1.1745,2.6737,3.6421,1.7877,1.5931,4.062,0.9621,2.4571,2.8811,2.0423,2.1901,4.5293,0.46012,2.6809,3.2084,1.0017,1.9071,4.2698,0.99221,2.2903,3.1369,1.7478,2.4216,4.6225,0.92622,2.0117,2.8674,0.71523,1.9528,2.7358,1.5867,1.6283,3.9655,0.97498,2.4382,2.9372,1.303,1.5498,3.8635,2.7136,2.5665,4.6113,1.0629,2.2635,3.5265,1.2104,2.6712,3.7167,1.9845,1.9892,4.5496,1.0007,1.9238,4.268,1.9016,1.7027,3.4931,1.6615,2.5682,3.9954,2.1564,2.5272,4.8368,2.0386,2.4348,3.5669,1.4607,2.9702,3.6647,1.4652,1.5336,4.1745,0.58594,2.9759,3.6132,1.6152,1.6157,4.1928,0.72436,1.9764,2.7349,0.76288,2.2016,4.0109,2.6239,2.5709,4.5383,2.0922,2.062,3.4158,1.498,2.7466,3.6564,1.0141,2.3721,3.4797,2.62,2.1093,4.663,1.4427,1.712,4.4369,1.5434,2.5683,3.6682,2.0644,2.4288,4.165,2.6084,2.32,4.8805,0.61208,2.5334,3.1337
1962.6,0.25761,114.21,13.808,0.26824,1383.2,1.4256,1.7609,4.0886,1.3063,2.2536,4.3046,1.1094,1.9077,4.2364,2.4297,2.6204,4.3109,0.8518,2.0021,4.325,1.5199,2.604,3.9016,3.3565,2.8024,6.2554,1.0939,1.9077,4.2531,1.7357,1.5499,4.1872,1.301,2.2222,4.3769,0.80272,2.0454,4.2068,3.022,2.8234,4.5841,5.4278,2.6052,1.165,1.339,2.6559,3.715,0.83844,2.1209,2.9696,2.5958,2.1874,4.6839,1.4259,1.6095,3.9429,0.59724,2.6743,3.706,2.0802,1.7569,3.5504,1.0353,2.3784,3.1967,0.044387,2.3217,3.2363,1.7439,1.6652,3.4388,1.8285,2.6783,4.0833,1.8079,1.7458,3.4335,1.4167,1.5801,3.9687,0.39545,2.1841,3.1001,2.1368,2.415,4.5064,1.4434,1.7196,3.2042,0.8162,1.9558,2.7518,3.3783,2.8195,6.2259,2.1026,1.8036,3.5577,1.14,2.7275,3.0681,1.8594,2.6002,4.1075,0.69572,1.9687,2.8215,1.0259,2.3929,3.1602,1.9622,1.924,4.5932,1.7589,1.6062,3.9128,0.53438,2.1845,3.7945,1.2223,2.5928,3.7949,0.86599,2.1534,3.1253,2.7429,2.3836,4.5306,2.2413,2.253,4.8635,1.543,1.6797,3.9748,1.9325,1.9384,4.5572,1.5276,2.2281,3.2325,0.67533,2.2239,2.9711,2.4863,2.4691,4.4891,1.8448,2.6091,4.5989,1.7786,2.6118,4.5705,2.7569,2.4299,4.6345,1.2645,2.5748,3.8236,1.8367,2.3128,4.4449,1.8195,2.9379,3.7398,0.69313,2.4786,2.6507,1.4185,2.1435,4.612,2.0518,2.9558,3.9588,0.26521,2.4138,3.2714,1.673,1.5604,4.0581,0.64629,2.0879,2.9814,2.2681,2.2732,4.6797,0.79854,2.5024,3.282,0.87226,2.1709,3.1046,6.1793,2.8747,1.7011,2.1471,2.0928,4.7889,2.7172,2.438,4.5985,2.5241,2.2287,4.9913,1.914,2.5764,4.202,1.0755,1.7019,4.0667,4.6648,2.7741,0.52484,0.8008,2.1385,2.9654,1.324,2.0917,4.4099,0.982,2.1659,3.3938,2.0478,2.629,4.2793,1.7637,1.5017,4.1107,1.3151,2.524,3.1737,0.81218,2.5258,3.6829,2.1117,1.817,3.6256,1.5207,2.5029,3.4527,1.5928,2.6044,3.6929,1.5736,1.5989,4.2336,1.8385,2.6093,4.2593,1.9533,2.6168,4.4147,3.654,2.7122,0.10401,1.7756,1.4806,4.0928,1.8776,1.9969,3.4909,2.0209,2.9296,4.8421,1.2915,2.5428,3.2572,2.5637,2.4332,4.8769,1.1082,2.631,3.9862,1.5243,2.4792,3.4646,1.0653,1.8442,4.0589,1.7137,1.5191,4.0398,1.8154,1.9815,3.4041,0.27511,2.8919,3.3359,2.9671,2.2775,4.7241,1.2844,1.9459,4.2462,1.3657,2.6225,3.5761,1.3764,2.4815,3.3678,1.925,1.8687,3.6148,1.9462,2.5329,4.1003,0.99001,2.3087,3.1353,2.5448,1.9657,5.1489,1.2844,2.623,3.4794,1.2844,2.5133,3.2584,0.51128,2.8839,3.5502,0.60143,1.8703,2.6966,1.556,1.9553,4.5348,1.4501,1.7376,4.1631,5.1285,2.8149,1.4202,0.79655,2.0759,2.8369,1.0924,2.6852,4.0112,2.319,2.502,3.5974,2.4644,2.3598,4.7341,2.9971,2.6119,4.6738,2.0946,2.5032,4.4293,2.3825,2.2147,4.3534,0.68741,2.1497,3.1447,0.64226,2.3992,3.2157,0.59704,2.143,3.6998,2.4048,2.3984,4.5782,1.0389,2.3969,3.1398,1.2033,1.6646,4.2464,1.6248,2.0331,3.361,5.8556,2.6212,1.5846,3.5087,2.882,0.24969,0.84317,2.3645,3.09,1.6752,1.5912,4.0469,1.5374,1.9203,3.178,0.79104,2.4161,2.9768,2.1613,2.2988,4.783,1.2643,2.574,3.227,1.0307,1.9281,3.5118,0.34382,1.9909,3.3385,1.7729,1.9869,3.3487,2.4215,2.205,4.3216,2.2649,2.1106,5.0103,1.2235,1.6188,3.8541,0.70578,1.9755,2.8066,2.2718,2.1396,5.0589,2.4266,2.2826,4.6497,1.5811,2.5041,3.9641,4.5252,2.8147,0.46459,1.9715,2.5215,4.0647,0.79524,1.9439,4.1076,1.4366,2.6744,4.3237,3.938,2.76,0.23085,1.5859,1.7199,3.3214,0.19316,2.2957,3.1956,5.114,2.8121,1.0983,0.74824,2.6928,3.4578,1.4087,2.5518,3.035,2.2152,2.0518,4.9179,1.4436,1.9754,4.4508,1.5297,1.6302,3.3333,1.4336,2.907,3.3619,0.67827,2.3852,3.0403,0.87601,2.4238,3.0757,0.23645,2.5909,3.2948,1.715,2.405,4.2457,0.70348,2.4095,2.9702,0.95508,2.3697,3.4919,1.3952,1.7372,4.2585,0.31968,2.3353,3.337,1.5255,1.5782,3.3218,0.65091,2.3903,3.0154,3.4946,2.8325,0.17076,1.8804,2.545,3.9856,2.1082,2.2023,4.7003,2.2067,2.7355,4.7702,1.9336,1.8191,3.7923,1.287,1.667,3.7351,2.2418,2.082,4.9867,1.3374,2.569,3.8491,0.9713,3.0439,2.7836,4.8175,2.8551,0.52923,1.4229,2.708,4.4318,1.9623,1.8591,3.8795,1.4044,2.6633,3.0648,0.73041,2.7079,3.3829,1.1121,2.8752,4.2813,0.88917,2.5473,2.8426,0.68262,2.0725,2.8911,0.54069,2.4252,3.3456,1.5707,2.152,4.3834,1.6158,2.7217,4.5884,0.47953,2.0226,2.8687,2.023,1.7967,3.7893,1.1749,1.6965,3.7489,2.186,2.6293,4.5846,1.3227,1.6851,4.0649,1.2963,2.1343,3.117,0.55911,2.0479,2.9191,0.5992,2.3978,2.7637,1.7287,2.4587,4.2362,2.1738,2.6025,4.6156,0.51754,2.0434,2.8724,1.5891,1.673,3.3711,0.19104,3.0605,2.0258,0.71557,2.5926,2.6926,3.2476,2.7156,0.072045,0.40186,2.8761,3.1316,4.7552,2.8663,0.47263,2.2453,2.2919,3.5019,1.2822,2.9715,4.1341,1.2065,2.4375,3.3812,1.0046,3.0302,3.8784,2.2798,2.2231,3.6637,1.1554,1.6374,3.7571,2.4388,2.3753,4.6039,2.4378,2.7163,4.0941,1.3824,2.6719,4.3766,1.919,1.7581,3.7926,1.2556,2.6366,3.7631,2.2831,2.4157,4.78,1.5913,2.5587,3.5607,2.1714,2.3069,4.1908,0.72768,1.9741,3.2595,2.1633,2.4235,3.554,2.1809,2.3648,3.4885,2.2878,1.9943,5.0249,2.5575,2.2605,4.7806,2.2866,2.2593,3.7069,1.3413,1.603,3.8912,2.125,2.607,4.5451,1.9276,1.8005,3.7908,0.78192,2.0825,4.1743,1.5785,1.7027,4.2345,2.1829,2.6168,4.6374,1.4471,2.3982,3.2684,6.0965,2.9328,2.4301,1.8668,1.773,3.5655,1.8373,2.8262,4.0972,2.1847,1.9683,4.9361,1.2627,2.5975,4.4724,2.0379,2.1611,4.9019,1.6045,1.6375,3.9598,1.6344,2.0718,3.2884,1.1014,2.6547,3.6203,1.0041,2.7611,3.8322,1.5173,2.5192,3.944,1.175,2.6716,3.6409,1.786,1.5891,4.0617,0.96343,2.4575,2.8839,2.0474,2.1938,4.5343,0.46851,2.6763,3.2159,0.9988,1.9054,4.2694,0.99235,2.2898,3.139,1.7517,2.4218,4.624,0.9242,2.0103,2.8669,0.71466,1.9517,2.7356,1.5862,1.6259,3.9655,0.97552,2.4383,2.941,1.3002,1.548,3.8646,2.7121,2.5661,4.6108,1.0613,2.2684,3.5226,1.2125,2.6684,3.7181,1.9854,1.9897,4.5523,0.99886,1.9222,4.2689,1.9035,1.7038,3.4946,1.6614,2.5696,3.9952,2.1584,2.5269,4.8352,2.0353,2.437,3.5627,1.4693,2.966,3.6733,1.4655,1.5352,4.1731,0.58171,2.9752,3.6099,1.6164,1.6133,4.1916,0.72386,1.9757,2.7348,0.7647,2.2026,4.0122,2.6222,2.5702,4.5395,2.0958,2.0599,3.4161,1.5013,2.7426,3.6618,1.0114,2.3765,3.4751,2.6237,2.1125,4.6698,1.4414,1.7127,4.4377,1.5423,2.5686,3.6714,2.065,2.4322,4.1683,2.6068,2.3189,4.8781,0.61641,2.5339,3.1381
1962.6,0.25761,114.21,13.808,0.27718,1413.4,1.4231,1.7585,4.0867,1.3085,2.2542,4.3081,1.1064,1.9056,4.2355,2.4283,2.6193,4.3124,0.85114,2.0015,4.3269,1.5198,2.6062,3.9013,3.3655,2.7999,6.2664,1.0905,1.9054,4.2533,1.736,1.5467,4.185,1.3006,2.2214,4.3809,0.80194,2.0449,4.2079,3.0244,2.8228,4.5854,5.4238,2.6003,1.1625,1.3385,2.6548,3.714,0.835,2.1196,2.9678,2.5992,2.19,4.6901,1.4237,1.6087,3.9437,0.59369,2.6766,3.6986,2.0828,1.756,3.5528,1.0294,2.3785,3.1943,0.037224,2.3221,3.2265,1.7424,1.6637,3.4407,1.8259,2.6748,4.0811,1.8086,1.7469,3.4349,1.4156,1.5791,3.969,0.39608,2.1847,3.0981,2.1385,2.4156,4.508,1.442,1.7214,3.204,0.81549,1.956,2.7523,3.3935,2.8176,6.2422,2.1071,1.8036,3.5612,1.1446,2.7284,3.0742,1.8616,2.6007,4.1116,0.69655,1.9705,2.8218,1.0229,2.392,3.1614,1.9651,1.9239,4.5968,1.761,1.6065,3.914,0.53685,2.1832,3.798,1.2255,2.5946,3.7982,0.86318,2.155,3.1229,2.7472,2.3848,4.5347,2.2462,2.2548,4.8686,1.5449,1.679,3.9759,1.935,1.9388,4.5593,1.5294,2.2291,3.2318,0.67278,2.2261,2.9688,2.4881,2.4711,4.4941,1.8407,2.6097,4.5879,1.7753,2.6121,4.562,2.7645,2.4319,4.6456,1.2635,2.5766,3.8199,1.8429,2.3156,4.4496,1.816,2.9352,3.7362,0.69723,2.4791,2.6542,1.4127,2.1468,4.6087,2.0525,2.9517,3.9587,0.26236,2.4136,3.268,1.6736,1.5594,4.0573,0.64494,2.0879,2.9794,2.2678,2.2734,4.6789,0.79852,2.4991,3.2863,0.87032,2.1721,3.1026,6.1782,2.8737,1.6993,2.1529,2.0948,4.7945,2.7218,2.4394,4.6064,2.5232,2.2255,4.9884,1.9136,2.5743,4.2012,1.0752,1.6978,4.0701,4.664,2.7697,0.52438,0.79949,2.1388,2.9651,1.3257,2.0917,4.4135,0.97904,2.1686,3.3902,2.0434,2.6261,4.2744,1.7661,1.4982,4.1088,1.3192,2.5235,3.1747,0.81411,2.528,3.6805,2.114,1.814,3.6232,1.5199,2.505,3.455,1.5938,2.6059,3.6991,1.571,1.5993,4.233,1.8351,2.6052,4.2539,1.9522,2.6126,4.4127,3.6623,2.7091,0.11123,1.7785,1.4764,4.09,1.8837,1.9962,3.4936,2.0172,2.9293,4.8383,1.294,2.5431,3.2599,2.5621,2.4329,4.874,1.109,2.6313,3.9821,1.5224,2.4809,3.4655,1.0622,1.8437,4.0586,1.7159,1.5174,4.0387,1.8197,1.9801,3.4044,0.27661,2.8901,3.3369,2.9691,2.2761,4.7267,1.2828,1.9454,4.2477,1.3677,2.6222,3.5817,1.3744,2.4826,3.3696,1.9283,1.8653,3.6131,1.9469,2.5358,4.1043,0.98711,2.309,3.1343,2.5441,1.965,5.1489,1.2862,2.6224,3.4844,1.2795,2.5143,3.2563,0.51526,2.8815,3.5535,0.60022,1.8704,2.6929,1.5499,1.9534,4.534,1.4498,1.7349,4.1637,5.1193,2.812,1.4098,0.79563,2.0751,2.8377,1.0924,2.6867,4.008,2.3248,2.5002,3.5983,2.4621,2.3579,4.7297,3.0026,2.6087,4.6771,2.0942,2.5036,4.4279,2.3845,2.2188,4.3597,0.68321,2.153,3.1375,0.64974,2.3977,3.2232,0.59778,2.1431,3.7001,2.4068,2.3976,4.583,1.0453,2.3953,3.1461,1.2008,1.668,4.2442,1.6216,2.0328,3.3577,5.8469,2.618,1.5754,3.51,2.8802,0.25143,0.84045,2.3633,3.0902,1.6756,1.5904,4.0461,1.5391,1.9219,3.1789,0.791,2.4145,2.9787,2.163,2.2977,4.7805,1.2667,2.5753,3.2303,1.0314,1.9258,3.5126,0.33788,1.993,3.3414,1.776,1.985,3.3465,2.4252,2.2096,4.3287,2.2683,2.1083,5.011,1.2208,1.6161,3.854,0.70548,1.9751,2.8066,2.2747,2.1377,5.0599,2.4292,2.2845,4.6542,1.5811,2.5081,3.9636,4.5312,2.8097,0.47234,1.9725,2.5272,4.0677,0.79441,1.9439,4.1073,1.4432,2.677,4.3249,3.9473,2.7575,0.24127,1.5889,1.7242,3.3233,0.19201,2.2956,3.1918,5.1158,2.8071,1.1021,0.74936,2.6907,3.4584,1.4105,2.5534,3.0339,2.2188,2.0494,4.9179,1.4416,1.971,4.4533,1.5299,1.6298,3.3347,1.4351,2.9069,3.361,0.68278,2.3837,3.0471,0.87421,2.423,3.0774,0.23598,2.59,3.2922,1.7186,2.4086,4.2494,0.70951,2.4088,2.9765,0.95027,2.3757,3.4846,1.3952,1.7351,4.2567,0.31918,2.3355,3.3347,1.5253,1.5762,3.3234,0.65475,2.3894,3.0213,3.5039,2.8306,0.18086,1.8771,2.5446,3.9848,2.1123,2.2022,4.7032,2.1957,2.7329,4.7554,1.9346,1.8134,3.79,1.2866,1.6641,3.7361,2.2445,2.0801,4.9869,1.336,2.5676,3.8455,0.96228,3.0437,2.7739,4.8197,2.8515,0.53329,1.4263,2.7078,4.4327,1.9646,1.8563,3.8803,1.4085,2.6643,3.0709,0.73453,2.7064,3.3875,1.1176,2.8735,4.2863,0.89637,2.5486,2.8486,0.68333,2.0755,2.8908,0.5416,2.4259,3.344,1.5715,2.1499,4.3885,1.6221,2.722,4.5918,0.47666,2.0237,2.8632,2.024,1.7946,3.7894,1.1737,1.6922,3.7517,2.1846,2.6279,4.5812,1.3205,1.688,4.0621,1.2934,2.1331,3.1154,0.55703,2.0493,2.9147,0.60294,2.3963,2.7695,1.732,2.4639,4.2373,2.1694,2.5997,4.6086,0.51532,2.0438,2.8685,1.5896,1.6729,3.373,0.17208,3.0608,2.0046,0.71602,2.5965,2.6917,3.2561,2.7135,1.8925,0.41628,2.8746,3.1482,4.7585,2.8642,0.47758,2.2452,2.2883,3.4968,1.2816,2.9687,4.1344,1.2015,2.4393,3.3785,0.99927,3.029,3.8756,2.2776,2.2227,3.6591,1.1537,1.6306,3.7606,2.439,2.376,4.6045,2.4338,2.717,4.0968,1.3845,2.6718,4.3759,1.9198,1.7524,3.7911,1.2578,2.6334,3.7649,2.2825,2.415,4.7749,1.5898,2.5584,3.5665,2.1723,2.3111,4.1953,0.72537,1.9766,3.2558,2.159,2.4238,3.5478,2.177,2.3625,3.4802,2.2895,1.9947,5.0251,2.5549,2.2594,4.7801,2.2839,2.2608,3.7041,1.3408,1.6024,3.8917,2.1187,2.603,4.5361,1.929,1.7956,3.7881,0.78235,2.0806,4.1799,1.5774,1.6996,4.2334,2.1775,2.6137,4.6297,1.4473,2.3991,3.2688,6.1032,2.934,2.4383,1.8684,1.7722,3.5674,1.8368,2.8209,4.0952,2.189,1.9678,4.9392,1.265,2.5978,4.4767,2.0417,2.1621,4.9025,1.6046,1.6345,3.9598,1.6368,2.0735,3.2869,1.1019,2.6529,3.6198,1.0047,2.7595,3.8298,1.5207,2.5207,3.9477,1.1755,2.6696,3.6398,1.7841,1.5853,4.0614,0.96477,2.4579,2.8867,2.0524,2.1971,4.5391,0.47656,2.6716,3.2231,0.99598,1.9036,4.2691,0.99248,2.2894,3.141,1.7557,2.4221,4.6256,0.92222,2.0087,2.8664,0.71415,1.9507,2.7356,1.5857,1.6237,3.9656,0.97602,2.4385,2.9447,1.2975,1.5462,3.8656,2.7104,2.5656,4.6103,1.0596,2.2731,3.5187,1.2145,2.6655,3.7197,1.9863,1.9901,4.555,0.99701,1.9205,4.2697,1.9055,1.7046,3.4962,1.6613,2.571,3.9951,2.1605,2.5266,4.8337,2.0321,2.4392,3.5586,1.4776,2.9617,3.6816,1.4659,1.5369,4.1716,0.57748,2.9745,3.6067,1.6175,1.6111,4.1905,0.72338,1.975,2.7347,0.76645,2.2036,4.0136,2.6205,2.5696,4.5406,2.0992,2.0577,3.4164,1.5044,2.7386,3.6669,1.0088,2.3808,3.4707,2.6273,2.1156,4.6765,1.4403,1.7135,4.4383,1.5413,2.5689,3.6744,2.0655,2.4355,4.1715,2.605,2.3179,4.8758,0.62062,2.5344,3.1425
1962.6,0.25761,114.21,13.808,0.28612,1444.7,1.4206,1.7562,4.085,1.3106,2.2549,4.3115,1.1035,1.9037,4.2346,2.427,2.6183,4.3142,0.85047,2.0009,4.3286,1.5197,2.6083,3.9009,3.3743,2.7972,6.2771,1.0871,1.9032,4.2535,1.7364,1.5438,4.1828,1.2999,2.2207,4.3847,0.80119,2.0444,4.209,3.0268,2.8222,4.5866,5.4202,2.5956,1.1605,1.3379,2.6539,3.7129,0.8316,2.1183,2.966,2.6024,2.1925,4.696,1.4215,1.6081,3.9444,0.59008,2.6789,3.6913,2.0853,1.755,3.5552,1.0234,2.3785,3.1918,0.030296,2.3226,3.2172,1.7411,1.6622,3.4427,1.8236,2.6717,4.079,1.8095,1.7482,3.4362,1.4143,1.5783,3.9692,0.39675,2.1854,3.0962,2.1402,2.4162,4.5095,1.4405,1.7234,3.2038,0.81482,1.956,2.7527,3.4086,2.8154,6.2587,2.1115,1.8035,3.5647,1.1494,2.7293,3.0803,1.8639,2.6011,4.1159,0.69733,1.9722,2.822,1.0197,2.3911,3.1625,1.9681,1.9239,4.6004,1.763,1.6067,3.9151,0.53944,2.1818,3.8016,1.2288,2.5962,3.8016,0.86053,2.1564,3.1206,2.7512,2.3861,4.5384,2.2507,2.2562,4.8733,1.5468,1.6783,3.9769,1.9376,1.939,4.5614,1.5313,2.2302,3.2312,0.67067,2.2281,2.9672,2.4897,2.4728,4.4987,1.8366,2.6101,4.577,1.7721,2.6123,4.5536,2.7714,2.4336,4.6561,1.2625,2.5781,3.8163,1.849,2.3183,4.4538,1.8125,2.9327,3.7325,0.70102,2.4796,2.6575,1.4069,2.15,4.6053,2.0538,2.9479,3.9591,0.25963,2.4134,3.2648,1.6742,1.5585,4.0565,0.64365,2.0879,2.9777,2.2675,2.2736,4.678,0.79799,2.4962,3.2899,0.86857,2.1732,3.1008,6.1775,2.8726,1.6979,2.1586,2.0966,4.7998,2.7258,2.4406,4.6135,2.5224,2.2224,4.9859,1.9135,2.5725,4.2005,1.075,1.6943,4.0733,4.6629,2.7659,0.5237,0.79831,2.1392,2.9648,1.3275,2.0917,4.417,0.97611,2.1712,3.3866,2.0394,2.6234,4.2701,1.7685,1.4951,4.1071,1.3233,2.523,3.1755,0.81606,2.5301,3.6782,2.1164,1.8112,3.6209,1.5193,2.507,3.4577,1.5951,2.6073,3.7056,1.5684,1.6,4.2324,1.832,2.6017,4.249,1.9515,2.6087,4.411,3.6703,2.7062,0.11803,1.7815,1.4721,4.0871,1.8899,1.9955,3.4964,2.0133,2.9289,4.8344,1.2965,2.5433,3.2624,2.5607,2.4327,4.8713,1.1099,2.6316,3.9782,1.5206,2.4825,3.4666,1.0592,1.8432,4.0584,1.7182,1.5158,4.0375,1.8242,1.9786,3.4049,0.27816,2.8882,3.3378,2.971,2.2748,4.729,1.2811,1.945,4.249,1.3696,2.622,3.5871,1.3725,2.4837,3.3716,1.9315,1.8621,3.6115,1.9477,2.5382,4.1083,0.98425,2.3094,3.1333,2.5433,1.9644,5.149,1.2879,2.6218,3.4894,1.2746,2.5153,3.2542,0.5191,2.8792,3.5565,0.59912,1.8703,2.6893,1.5438,1.9517,4.5331,1.4494,1.7324,4.1642,5.1106,2.8092,1.3997,0.7947,2.0744,2.8385,1.0923,2.6881,4.0047,2.3304,2.4985,3.5992,2.4603,2.3562,4.7257,3.0079,2.6055,4.6801,2.0939,2.504,4.4268,2.3867,2.2229,4.3659,0.67929,2.1557,3.1309,0.65654,2.3965,3.2298,0.59855,2.1431,3.7004,2.4087,2.3967,4.5874,1.0512,2.394,3.1517,1.1983,1.6712,4.2422,1.6183,2.0324,3.3542,5.8388,2.615,1.567,3.5107,2.8784,0.25261,0.83761,2.362,3.0901,1.6758,1.5897,4.0454,1.5408,1.9234,3.1799,0.79092,2.413,2.9804,2.1649,2.2967,4.7785,1.2691,2.5767,3.2334,1.0323,1.9235,3.5135,0.33229,1.9951,3.3445,1.7794,1.9832,3.3446,2.4294,2.2143,4.3362,2.2716,2.1061,5.0118,1.2181,1.6135,3.8538,0.70514,1.9746,2.8066,2.2777,2.1358,5.0608,2.4318,2.2864,4.6585,1.581,2.5117,3.963,4.537,2.8049,0.47989,1.9736,2.5326,4.0705,0.79365,1.9439,4.1071,1.4495,2.6795,4.3258,3.956,2.7552,0.25117,1.5919,1.7284,3.325,0.19115,2.2955,3.1883,5.1179,2.8025,1.106,0.75018,2.6888,3.4587,1.4121,2.5549,3.0327,2.2225,2.0471,4.9182,1.4396,1.9667,4.4556,1.5301,1.6293,3.3362,1.4363,2.9068,3.3598,0.68682,2.3823,3.0533,0.87244,2.4224,3.0791,0.23563,2.589,3.2898,1.722,2.4118,4.2527,0.71545,2.4083,2.9827,0.94556,2.3813,3.4774,1.3951,1.7329,4.255,0.31861,2.3356,3.3325,1.5251,1.574,3.3249,0.65842,2.3884,3.0269,3.5125,2.8288,0.19025,1.8739,2.5442,3.9841,2.1164,2.2021,4.7062,2.1853,2.7303,4.7412,1.9355,1.8078,3.788,1.2864,1.6613,3.7369,2.2471,2.0784,4.9871,1.3347,2.5664,3.8421,0.95327,3.0434,2.7642,4.8216,2.848,0.53729,1.4297,2.7075,4.4334,1.9669,1.8535,3.8811,1.4126,2.6651,3.0771,0.7383,2.705,3.3916,1.123,2.8718,4.2909,0.90329,2.5498,2.8544,0.68412,2.0783,2.8907,0.54233,2.4266,3.3424,1.5724,2.1478,4.3934,1.6279,2.7222,4.595,0.4741,2.0247,2.8582,2.0249,1.7927,3.7895,1.1726,1.6881,3.7543,2.1836,2.6266,4.5781,1.3184,1.6906,4.0594,1.2904,2.1319,3.1137,0.55507,2.0505,2.9105,0.60657,2.3951,2.7753,1.7349,2.4685,4.2379,2.1655,2.597,4.6021,0.51326,2.044,2.865,1.5901,1.6728,3.375,0.15356,3.061,1.984,0.71613,2.6004,2.6905,3.2641,2.7115,0.007574,0.4305,2.8729,3.1645,4.7619,2.8623,0.48248,2.2456,2.2847,3.4923,1.2806,2.966,4.1344,1.1969,2.4407,3.376,0.9939,3.0277,3.8728,2.2755,2.2222,3.6545,1.1521,1.6241,3.764,2.439,2.3766,4.6052,2.4301,2.7176,4.0996,1.3865,2.6717,4.3751,1.9205,1.7469,3.7899,1.2597,2.6303,3.7663,2.2821,2.4144,4.7701,1.5883,2.5582,3.5721,2.1733,2.3152,4.1996,0.7231,1.9791,3.2521,2.1549,2.4241,3.5415,2.1735,2.3601,3.4722,2.2912,1.9951,5.0252,2.5526,2.2584,4.7797,2.2813,2.2621,3.7012,1.3404,1.6017,3.8921,2.113,2.5994,4.5277,1.9305,1.7909,3.7856,0.78277,2.0787,4.1853,1.5762,1.6967,4.2323,2.1722,2.6108,4.6223,1.4475,2.4,3.269,6.1101,2.9351,2.4467,1.8701,1.7715,3.5692,1.8364,2.8159,4.0937,2.193,1.9672,4.942,1.2673,2.598,4.4808,2.0453,2.1631,4.903,1.6046,1.6317,3.9598,1.6392,2.0751,3.2855,1.1023,2.6514,3.6192,1.0053,2.758,3.8275,1.5241,2.522,3.9514,1.176,2.6678,3.6386,1.7824,1.5817,4.061,0.96607,2.4584,2.8893,2.0571,2.2003,4.5436,0.48407,2.6671,3.2296,0.99318,1.9018,4.2686,0.9925,2.2892,3.1429,1.7597,2.4223,4.6271,0.92025,2.0073,2.8658,0.71364,1.9497,2.7356,1.5852,1.6218,3.9656,0.97644,2.4387,2.9481,1.2947,1.5445,3.8666,2.7089,2.5651,4.6097,1.058,2.2778,3.5149,1.2164,2.6629,3.721,1.9873,1.9904,4.5576,0.99516,1.9188,4.2704,1.9074,1.7055,3.4979,1.6612,2.5723,3.995,2.1625,2.5261,4.8322,2.0292,2.4414,3.5548,1.4858,2.9574,3.6899,1.4661,1.5384,4.1702,0.57331,2.9737,3.6035,1.6187,1.609,4.1894,0.72292,1.9743,2.7345,0.76807,2.2047,4.0148,2.6188,2.5689,4.5417,2.1027,2.0556,3.4169,1.5076,2.735,3.6721,1.0065,2.3846,3.4667,2.6307,2.1183,4.6828,1.4391,1.7144,4.4389,1.5402,2.5693,3.6774,2.0661,2.4384,4.1745,2.6034,2.317,4.8735,0.62476,2.5349,3.1468
1784.4,0.12744,115.82,15.907,0.0089388,349.25,1.5196,1.8356,4.1698,1.2771,2.2264,4.2237,1.2275,1.9853,4.2351,2.4959,2.6609,4.3004,0.85817,2.0591,4.2209,1.5198,2.4886,3.8934,3.0202,2.8392,5.8336,1.2245,1.9869,4.2349,1.7475,1.7128,4.2468,1.2782,2.2267,4.2276,0.85682,2.0616,4.2154,2.8967,2.8353,4.5111,5.6998,2.7739,1.4554,1.2452,2.8377,3.6302,0.95385,2.1448,3.0213,2.4856,2.0546,4.4509,1.4724,1.674,3.9066,0.65701,2.5728,3.8803,2.0067,1.7633,3.4746,1.0776,2.4432,3.0671,0.26541,2.2865,3.5544,1.785,1.6745,3.3886,2.1278,2.8225,4.432,1.7868,1.6754,3.3917,1.4734,1.6707,3.9101,0.39428,2.1353,3.1989,2.0397,2.3586,4.3921,1.4741,1.6691,3.1996,0.83101,1.8804,2.7697,3.0199,2.8414,5.8283,2.0073,1.7652,3.4766,1.0063,2.7169,2.8804,1.819,2.5886,4.0042,0.63357,1.8727,2.7982,1.0719,2.4442,3.0582,1.899,1.9153,4.4952,1.6828,1.6903,3.8936,0.51063,2.2013,3.745,1.1922,2.4281,3.7831,1.0009,2.0635,3.2658,2.5512,2.3007,4.2971,2.0722,2.1526,4.6813,1.4791,1.6733,3.9128,1.896,1.9169,4.4936,1.491,2.1743,3.2668,0.81996,2.0829,3.1831,2.4188,2.3736,4.3174,1.9428,2.6009,4.8846,1.9336,2.5964,4.8727,2.5492,2.3012,4.2952,1.2866,2.4897,3.943,1.6891,2.2328,4.297,2.0427,3.0598,3.9847,0.50731,2.4697,2.4794,1.5426,2.0567,4.6111,2.073,3.0639,4.0189,0.38806,2.3763,3.4315,1.6617,1.6257,4.0821,0.7087,2.0236,3.096,2.2449,2.241,4.6482,0.63651,2.6157,3.0087,1.0013,2.0669,3.2664,0.12275,2.8905,1.9661,1.9957,1.9857,4.5905,2.5477,2.3021,4.2968,2.6699,2.3357,5.194,2.1337,2.8172,4.4353,1.0791,1.8455,3.9488,4.6225,2.9944,0.50834,0.88461,2.1182,3.0512,1.305,2.0994,4.2687,1.0548,2.0873,3.4922,2.3026,2.752,4.5709,1.7026,1.5957,4.1565,1.1475,2.557,3.0712,0.75197,2.428,3.7687,2.0554,1.9257,3.7363,1.5971,2.4378,3.4673,1.6575,2.5246,3.6065,1.6572,1.6729,4.25,2.1001,2.8065,4.5757,2.1072,2.806,4.5807,3.3613,2.7817,6.1227,1.7018,1.5956,4.1565,1.7056,2.0045,3.4526,2.1222,2.9365,4.9186,1.1488,2.5569,3.0761,2.6359,2.4462,4.9863,1.0279,2.6036,4.0663,1.5993,2.4366,3.468,1.1833,1.8027,4.0996,1.6622,1.6257,4.0826,1.7041,2.0045,3.45,0.28723,2.9462,3.3346,2.8732,2.2939,4.5678,1.3168,1.9498,4.2057,1.2529,2.6865,3.3301,1.4629,2.4582,3.3434,1.8429,1.9819,3.7222,1.9505,2.3415,3.9935,1.0945,2.2829,3.1872,2.5396,2.0465,5.1481,1.2424,2.6858,3.315,1.4589,2.4618,3.3383,0.29655,2.946,3.3442,0.67546,1.8079,2.909,1.6989,2.0253,4.4254,1.467,1.86,4.1207,5.5318,2.9004,1.8439,0.81928,2.1203,2.7827,1.0261,2.6058,4.0667,2.1592,2.5248,3.6215,2.6363,2.4442,4.9862,2.8029,2.704,4.5221,2.1601,2.5286,4.5308,2.3489,2.1033,4.1956,0.76617,1.9917,3.3469,0.33046,2.4734,2.8852,0.60366,2.141,3.7128,2.3861,2.5061,4.4322,0.75342,2.4644,2.8562,1.2547,1.5844,4.2871,1.701,2.0077,3.449,5.6579,2.689,2.0338,3.2214,2.9379,6.2143,0.74942,2.4619,2.8595,1.6613,1.6342,4.0864,1.4948,1.8658,3.1825,0.74452,2.4637,2.8526,2.168,2.3479,4.9519,1.1462,2.5629,3.073,1.0026,1.9626,3.5038,0.52867,1.9782,3.2576,1.7019,2.0089,3.4479,2.3859,2.0823,4.1984,2.1449,2.1541,4.9811,1.2881,1.7494,3.8019,0.68313,1.9769,2.7568,2.1449,2.1542,4.9837,2.3202,2.1868,4.4633,1.5676,2.2971,3.9631,4.2159,3.0032,0.14847,1.9549,2.3399,3.9965,0.83808,1.9631,4.1187,1.1794,2.574,4.2169,3.5284,2.8525,6.0906,1.5326,1.6183,3.2873,0.31972,2.2981,3.4036,5.1301,2.9876,1.0706,0.56434,2.7832,3.2617,1.2708,2.5079,2.9804,2.1409,2.1498,4.9775,1.4745,2.0925,4.352,1.5255,1.6233,3.2876,1.3791,2.929,3.3635,0.45465,2.4492,2.7245,0.92311,2.4543,3.0013,0.22286,2.6176,3.3405,1.6126,2.258,4.1265,0.4512,2.4465,2.7176,1.0469,2.173,3.6572,1.3944,1.8054,4.293,0.32405,2.301,3.4051,1.5287,1.617,3.2873,0.45084,2.4497,2.7221,3.0032,2.8703,5.9215,2.0041,2.5963,4.0335,1.9732,2.1791,4.5908,2.6273,2.7749,5.2655,1.8917,1.9636,3.902,1.2939,1.8133,3.689,2.1458,2.1533,4.9828,1.4004,2.6561,4.0051,1.1151,3.0837,2.9572,4.6939,2.9834,0.41592,1.2622,2.6861,4.3382,1.9039,1.956,3.8844,1.2487,2.6366,2.8676,0.37177,2.7727,2.9655,0.93825,2.8919,4.1303,0.57931,2.5214,2.5856,0.6962,1.9362,2.9876,0.54628,2.3975,3.4261,1.5661,2.1763,4.2314,1.2676,2.6881,4.3439,0.62974,1.9512,3.1116,1.9804,1.8948,3.8175,1.1933,1.8436,3.6474,2.4541,2.7214,4.9712,1.3759,1.5306,4.1699,1.3882,2.1563,3.1733,0.63539,1.9511,3.1116,0.4641,2.4495,2.5714,1.6143,2.2572,4.1296,2.4526,2.7199,4.9738,0.63306,1.9528,3.1086,1.5645,1.7118,3.3281,0.50845,3.0411,2.4214,0.57794,2.5217,2.5868,2.9155,2.7444,5.8968,6.187,2.8649,2.5542,4.6754,2.9868,0.39532,2.3418,2.4059,3.7458,0.8988,3.0804,3.6834,1.4337,2.2605,3.5591,0.85547,3.0784,3.64,2.3658,2.2373,3.8065,1.1917,1.8429,3.6463,2.4267,2.3386,4.5612,2.5804,2.6308,4.0325,1.2635,2.683,4.3384,1.8924,1.9582,3.9011,1.1307,2.7911,3.6563,2.4435,2.4837,5.0831,1.6081,2.6189,3.3074,2.168,2.1888,4.1028,0.78669,1.9029,3.3704,2.3423,2.4094,3.7481,2.3449,2.4104,3.749,2.1861,1.8927,4.9054,2.6431,2.2894,4.7918,2.3643,2.2385,3.807,1.3797,1.5854,3.8372,2.456,2.7191,4.977,1.8918,1.9587,3.9019,0.77875,2.1406,3.9655,1.6015,1.8298,4.2576,2.4537,2.7201,4.9754,1.4457,2.3889,3.261,5.9318,2.8817,2.2114,1.8577,1.7994,3.4772,1.9741,3.0207,4.2967,2.0175,1.9497,4.7572,1.1037,2.579,4.2755,1.8851,2.1493,4.8619,1.6132,1.7989,3.9662,1.6047,2.0098,3.3885,1.0184,2.7719,3.5683,0.9179,2.8289,3.8157,1.3818,2.3932,3.8452,1.1254,2.7929,3.6504,1.838,1.7915,4.0925,0.91341,2.4606,2.7746,1.9112,2.0696,4.3862,0.0799,2.7956,2.8452,1.085,1.9588,4.2613,0.94907,2.3351,3.013,1.6347,2.3953,4.5869,0.9788,2.0851,2.8363,0.74288,1.9978,2.7425,1.6123,1.7978,3.9684,0.91556,2.4595,2.7771,1.3796,1.5856,3.8368,2.7671,2.5889,4.6325,1.0847,2.1379,3.6264,1.1228,2.7967,3.651,1.9758,1.9862,4.4767,1.0821,1.9615,4.2587,1.8534,1.6537,3.4507,1.6621,2.4839,3.999,2.1131,2.5544,4.9214,2.154,2.3808,3.7091,1.1858,3.0725,3.4172,1.4464,1.4673,4.2316,0.62088,2.9992,3.6164,1.6237,1.7486,4.2318,0.74392,1.9978,2.7417,0.69127,2.1942,3.9446,2.6877,2.6025,4.5368,1.993,2.127,3.4381,1.3831,2.919,3.5363,1.0816,2.1942,3.6336,2.5322,2.0005,4.4713,1.4906,1.7346,4.4222,1.6081,2.5916,3.5831,2.0622,2.2906,4.0735,2.7072,2.3727,5.0067,0.44739,2.5308,2.9611
1784.4,0.12744,115.82,15.907,0.017878,369.38,1.5147,1.835,4.1646,1.2751,2.2282,4.2241,1.2228,1.9826,4.2378,2.491,2.6582,4.297,0.85864,2.0552,4.2272,1.5194,2.496,3.8937,3.0351,2.8395,5.8529,1.2182,1.9846,4.2358,1.7465,1.7061,4.2451,1.2809,2.2271,4.2333,0.85438,2.0617,4.2143,2.9045,2.8351,4.5159,5.6841,2.7691,1.4377,1.2557,2.8268,3.6408,0.94934,2.1444,3.02,2.4884,2.0605,4.4592,1.472,1.6703,3.9086,0.6555,2.5775,3.8745,2.0088,1.7641,3.4778,1.0849,2.4374,3.0837,0.25669,2.2878,3.5431,1.7832,1.676,3.3905,2.104,2.8167,4.4054,1.7869,1.6813,3.3937,1.4695,1.6649,3.9152,0.39233,2.1395,3.1912,2.0472,2.3657,4.4018,1.4739,1.6729,3.2002,0.82998,1.889,2.765,3.0322,2.8414,5.8425,2.0095,1.77,3.4798,1.0087,2.7181,2.885,1.8204,2.5881,4.0083,0.63704,1.8787,2.7983,1.0714,2.4418,3.0647,1.9011,1.9166,4.4986,1.6868,1.6833,3.8919,0.51114,2.2015,3.7461,1.1901,2.4418,3.7779,0.99361,2.0701,3.2574,2.5595,2.3061,4.3084,2.0792,2.1601,4.6903,1.4811,1.6719,3.9158,1.8956,1.9173,4.4953,1.493,2.1796,3.2656,0.81504,2.0895,3.1746,2.4206,2.3779,4.3235,1.9384,2.5991,4.875,1.9246,2.5978,4.8584,2.5549,2.3075,4.3055,1.2856,2.4944,3.9371,1.6926,2.2345,4.3025,2.0178,3.054,3.9579,0.51646,2.4693,2.4878,1.5423,2.0592,4.6171,2.0658,3.0598,4.0101,0.38129,2.38,3.4211,1.6617,1.6193,4.0813,0.70675,2.028,3.0909,2.2466,2.2434,4.6514,0.65085,2.6106,3.0252,0.99496,2.0741,3.2578,0.1103,2.8909,1.9516,1.998,1.9882,4.5959,2.5521,2.3087,4.3062,2.6599,2.3316,5.1838,2.1135,2.807,4.4136,1.0794,1.8386,3.9543,4.6281,2.9858,0.51203,0.88033,2.1194,3.0459,1.305,2.0981,4.2749,1.0531,2.0888,3.4899,2.2845,2.7463,4.5499,1.7045,1.5905,4.154,1.1565,2.5547,3.0792,0.75519,2.4323,3.7667,2.0573,1.9205,3.7308,1.5924,2.4398,3.4639,1.6502,2.5297,3.6041,1.654,1.6648,4.25,2.0824,2.7987,4.5562,2.0946,2.7975,4.5677,3.3714,2.7804,6.132,1.7043,1.5899,4.154,1.7104,2.0038,3.4518,2.111,2.935,4.909,1.157,2.555,3.087,2.632,2.4455,4.9815,1.0344,2.6046,4.0669,1.5949,2.4374,3.4657,1.1798,1.8097,4.0952,1.6634,1.6185,4.0805,1.7071,2.004,3.4463,0.28267,2.9445,3.3312,2.8778,2.2959,4.5769,1.3158,1.9493,4.2065,1.2614,2.6817,3.345,1.4591,2.4578,3.3429,1.8453,1.9764,3.7162,1.9493,2.3514,3.9955,1.09,2.284,3.1842,2.5394,2.0413,5.1463,1.2444,2.6808,3.3215,1.4515,2.4642,3.3338,0.30356,2.9446,3.3512,0.67297,1.8113,2.9005,1.6961,2.0216,4.4328,1.4665,1.8533,4.1236,5.5174,2.8984,1.8298,0.81999,2.1172,2.7879,1.0316,2.6088,4.0681,2.1681,2.5247,3.6219,2.6297,2.4422,4.9775,2.8067,2.7011,4.5249,2.1542,2.5251,4.5229,2.349,2.105,4.1986,0.76647,1.9962,3.3434,0.34072,2.4706,2.8955,0.60243,2.1414,3.7116,2.386,2.4988,4.4361,0.7628,2.4625,2.8654,1.254,1.5865,4.287,1.6992,2.0102,3.4462,6.2139,2.6886,2.0157,3.236,2.9369,6.2336,0.76017,2.4566,2.8755,1.6623,1.6343,4.0845,1.4959,1.8686,3.1818,0.74896,2.4612,2.8602,2.1669,2.3474,4.945,1.1523,2.563,3.0808,1.0037,1.9622,3.504,0.52345,1.9784,3.2594,1.7039,2.0106,3.4438,2.3858,2.0857,4.2006,2.1496,2.1538,4.9835,1.2864,1.7427,3.8051,0.68433,1.9769,2.7593,2.1505,2.1552,4.9887,2.3237,2.1911,4.4699,1.5685,2.3094,3.9636,4.2421,2.9949,0.1732,1.9546,2.3455,3.9979,0.83705,1.9609,4.1207,1.1883,2.578,4.222,3.5472,2.8492,6.1089,1.5332,1.6202,3.2882,0.31313,2.2986,3.3951,5.1247,2.982,1.0654,0.57602,2.7805,3.2753,1.2793,2.5101,2.9863,2.1408,2.145,4.9716,1.4754,2.0895,4.3561,1.5257,1.6247,3.2893,1.3816,2.9278,3.365,0.46345,2.4471,2.7364,0.91782,2.4541,3.0007,0.22492,2.6167,3.3411,1.615,2.2623,4.1299,0.46242,2.4446,2.728,1.0451,2.1798,3.653,1.394,1.8023,4.2928,0.32292,2.3039,3.4005,1.5284,1.6161,3.2883,0.45978,2.4473,2.7348,3.0325,2.8703,5.9527,1.998,2.5929,4.0293,1.9782,2.1816,4.5959,2.614,2.775,5.2504,1.8935,1.96,3.8983,1.2939,1.8072,3.6908,2.1497,2.1515,4.9834,1.3973,2.6527,3.9982,1.1194,3.0811,2.96,4.7003,2.9791,0.42008,1.2714,2.6887,4.3464,1.9046,1.9525,3.8831,1.2551,2.6372,2.8749,0.39357,2.7708,2.9905,0.94271,2.8941,4.1338,0.59263,2.5219,2.5966,0.69398,1.9426,2.9805,0.54457,2.3999,3.4206,1.5652,2.1777,4.237,1.2844,2.6914,4.3572,0.62257,1.9553,3.1022,1.9821,1.8902,3.8156,1.193,1.8389,3.6508,2.435,2.7173,4.9466,1.3749,1.5403,4.1659,1.3854,2.1564,3.1711,0.63269,1.9562,3.1029,0.46918,2.4478,2.5783,1.6159,2.263,4.1334,2.437,2.7152,4.9558,0.62879,1.9586,3.0979,1.5656,1.7095,3.3295,0.5014,3.0428,2.4114,0.58722,2.523,2.595,2.9252,2.7457,5.9087,6.2031,2.867,2.5733,4.6744,2.9828,0.392,2.3342,2.4013,3.7332,0.94584,3.0777,3.7338,1.4249,2.2704,3.5515,0.87175,3.0766,3.6597,2.362,2.2361,3.8,1.1913,1.8367,3.6494,2.4279,2.3405,4.5643,2.5747,2.6366,4.0346,1.2688,2.6815,4.3416,1.8936,1.9499,3.8949,1.14,2.7823,3.6654,2.4322,2.48,5.0674,1.609,2.6147,3.3183,2.1674,2.1913,4.1037,0.78581,1.9042,3.3683,2.3339,2.4089,3.7399,2.3378,2.4084,3.739,2.1892,1.9017,4.9124,2.6398,2.2881,4.7913,2.3614,2.2378,3.8019,1.3783,1.5857,3.8402,2.4396,2.7159,4.9567,1.8928,1.9515,3.8967,0.77788,2.139,3.9737,1.6013,1.8235,4.2567,2.4382,2.7161,4.9575,1.446,2.3881,3.2614,5.9397,2.8839,2.2213,1.8558,1.798,3.4813,1.9669,3.014,4.2871,2.0233,1.9504,4.7656,1.1121,2.5791,4.2837,1.8905,2.1478,4.8627,1.6129,1.7908,3.9657,1.6045,2.0107,3.3823,1.028,2.7634,3.5774,0.92757,2.8242,3.8238,1.3886,2.4004,3.8484,1.1305,2.7854,3.6539,1.8363,1.7815,4.0906,0.91553,2.4597,2.7792,1.9139,2.0723,4.3893,0.095007,2.7933,2.86,1.0828,1.9566,4.2626,0.95379,2.3312,3.022,1.6375,2.3949,4.5869,0.97806,2.08,2.8408,0.74113,1.9948,2.742,1.6111,1.7887,3.9681,0.91948,2.4579,2.7838,1.3774,1.5853,3.8372,2.7613,2.587,4.6263,1.0846,2.1402,3.6248,1.1274,2.791,3.6549,1.9758,1.9852,4.4777,1.0786,1.9603,4.2587,1.8541,1.6567,3.4519,1.6622,2.4889,3.9988,2.1152,2.5528,4.9185,2.1506,2.3815,3.7056,1.1893,3.0697,3.4192,1.447,1.468,4.2294,0.62637,2.998,3.6232,1.622,1.7427,4.229,0.74247,1.9972,2.7402,0.69385,2.1942,3.9465,2.6846,2.6013,4.5345,1.995,2.1242,3.4345,1.3865,2.9123,3.5379,1.0812,2.1987,3.6303,2.5338,2.0032,4.4753,1.4892,1.7335,4.4218,1.6035,2.5903,3.5834,2.0613,2.2962,4.0756,2.7006,2.3696,4.9988,0.45348,2.5297,2.9685
1784.4,0.12744,115.82,15.907,0.026816,387.7,1.5102,1.8342,4.1599,1.273,2.2301,4.2243,1.2186,1.9799,4.2403,2.4862,2.6558,4.2941,0.85906,2.0513,4.2331,1.519,2.5027,3.894,3.0492,2.8396,5.8707,1.2123,1.9824,4.2366,1.7456,1.6998,4.2434,1.2833,2.2275,4.2389,0.85175,2.0615,4.2131,2.9116,2.8349,4.5199,5.6698,2.7642,1.4215,1.265,2.8164,3.6501,0.94495,2.1441,3.0188,2.4911,2.0661,4.467,1.4713,1.6664,3.9105,0.65463,2.5817,3.8697,2.011,1.7646,3.4807,1.0908,2.432,3.0985,0.24864,2.2889,3.5326,1.7815,1.6771,3.3922,2.0824,2.8109,4.3808,1.7872,1.6865,3.3957,1.466,1.6597,3.9197,0.39071,2.1434,3.1845,2.0541,2.3718,4.4107,1.4734,1.6761,3.2009,0.82927,1.8963,2.7613,3.0437,2.8414,5.8558,2.0117,1.774,3.4828,1.0117,2.7189,2.89,1.8216,2.5877,4.0121,0.64028,1.8843,2.7986,1.0706,2.4395,3.0703,1.9032,1.9177,4.5019,1.6905,1.6772,3.8908,0.51149,2.2016,3.747,1.188,2.4544,3.773,0.9867,2.076,3.2497,2.5673,2.311,4.3191,2.0861,2.1668,4.6989,1.483,1.6714,3.9186,1.8953,1.9179,4.497,1.495,2.184,3.2645,0.80999,2.0958,3.1662,2.4229,2.3823,4.3301,1.9345,2.5978,4.8661,1.9161,2.5988,4.8449,2.5606,2.3135,4.3157,1.2848,2.4988,3.9316,1.6962,2.2364,4.3077,1.9983,3.0487,3.937,0.52466,2.469,2.4951,1.5414,2.0619,4.6224,2.0618,3.056,4.0046,0.37498,2.3834,3.4117,1.6616,1.6137,4.0804,0.70447,2.0322,3.0857,2.2482,2.2458,4.6545,0.66344,2.6059,3.0403,0.98875,2.0807,3.2496,0.096382,2.8912,1.9358,2.0008,1.9911,4.6016,2.5565,2.3152,4.3156,2.6506,2.3275,5.174,2.0957,2.797,4.3946,1.0797,1.8322,3.9596,4.6325,2.9774,0.51476,0.87614,2.1207,3.0408,1.305,2.0972,4.2808,1.0512,2.0906,3.4874,2.2686,2.7409,4.5312,1.7065,1.586,4.1516,1.1651,2.5527,3.0866,0.75794,2.4367,3.7641,2.0592,1.9156,3.7256,1.5882,2.442,3.461,1.6437,2.5346,3.6024,1.6509,1.6577,4.25,2.0665,2.7912,4.5385,2.0839,2.7896,4.5566,3.3814,2.7791,6.1414,1.7066,1.5846,4.1516,1.7153,2.0034,3.4512,2.1023,2.9339,4.9018,1.1649,2.5533,3.0975,2.6286,2.4446,4.9768,1.0403,2.6057,4.067,1.5908,2.4384,3.4638,1.1759,1.8158,4.0913,1.6645,1.6116,4.0785,1.7101,2.0037,3.4426,0.27866,2.9427,3.3283,2.8825,2.2979,4.5861,1.3149,1.949,4.2075,1.2689,2.6774,3.3585,1.455,2.4577,3.3422,1.8476,1.9714,3.7106,1.9481,2.3615,3.9978,1.0857,2.2852,3.1813,2.5395,2.0365,5.1451,1.2461,2.6764,3.3277,1.4441,2.4668,3.3295,0.31129,2.943,3.3589,0.67034,1.8149,2.8918,1.6933,2.0182,4.4401,1.4658,1.8472,4.1262,5.5027,2.8964,1.8153,0.82055,2.1143,2.7928,1.0369,2.6121,4.0689,2.1766,2.5247,3.6221,2.6227,2.44,4.9682,2.8114,2.6981,4.5281,2.1486,2.5217,4.5156,2.3493,2.1072,4.202,0.76655,2.0009,3.3395,0.35155,2.4677,2.9065,0.60121,2.1417,3.7106,2.3858,2.4916,4.4403,0.77241,2.4605,2.8751,1.2532,1.5886,4.2867,1.697,2.0125,3.4435,6.2556,2.6879,1.9971,3.251,2.9357,6.2172,0.77054,2.4515,2.8915,1.6632,1.6337,4.0826,1.497,1.871,3.181,0.75307,2.4587,2.8676,2.1656,2.3465,4.9374,1.1582,2.5629,3.0886,1.0049,1.9618,3.504,0.51801,1.9785,3.2613,1.706,2.012,3.4398,2.3858,2.0893,4.2029,2.1544,2.1535,4.986,1.2848,1.736,3.8084,0.68567,1.9768,2.762,2.1563,2.1562,4.9936,2.3276,2.1954,4.4769,1.5694,2.3211,3.9643,4.2645,2.9868,0.19432,1.9544,2.3512,3.9991,0.83566,1.9586,4.1221,1.1976,2.5821,4.2274,3.5654,2.846,6.1267,1.5341,1.6221,3.2892,0.30658,2.299,3.3865,5.1205,2.9763,1.0615,0.58755,2.7776,3.2885,1.2874,2.5122,2.9919,2.1408,2.1401,4.9657,1.4762,2.0864,4.3603,1.526,1.6258,3.2911,1.3846,2.9266,3.3668,0.47255,2.4447,2.7487,0.91331,2.4534,3.0007,0.22718,2.6157,3.3419,1.6175,2.2666,4.1332,0.47365,2.4428,2.7386,1.0432,2.1865,3.6488,1.3938,1.7993,4.2925,0.3219,2.3067,3.3963,1.5281,1.6151,3.2892,0.46896,2.4446,2.7478,3.0602,2.8702,5.9822,1.9924,2.5898,4.0255,1.9831,2.1839,4.6008,2.6003,2.775,5.2348,1.8952,1.9561,3.8944,1.2937,1.8011,3.6928,2.1534,2.1492,4.9835,1.3942,2.6492,3.9914,1.1211,3.0786,2.9604,4.7065,2.975,0.42438,1.2804,2.691,4.3539,1.9055,1.9487,3.8819,1.2616,2.6378,2.8823,0.41474,2.7686,3.0148,0.94746,2.8957,4.1379,0.60593,2.5226,2.6077,0.69188,1.9488,2.9737,0.54263,2.4022,3.4151,1.5645,2.1787,4.2428,1.3008,2.6945,4.3703,0.6155,1.9593,3.0927,1.9838,1.8855,3.8135,1.1927,1.8342,3.6542,2.4167,2.7132,4.9229,1.3739,1.5495,4.162,1.3827,2.1564,3.169,0.62993,1.9611,3.0946,0.47413,2.446,2.5851,1.6177,2.2689,4.1375,2.4219,2.7105,4.9383,0.62431,1.9643,3.0871,1.5667,1.7073,3.3308,0.49445,3.0443,2.4017,0.59605,2.5242,2.6028,2.9349,2.7467,5.9205,6.2219,2.8691,2.5923,4.6741,2.9785,0.38973,2.3271,2.397,3.7211,0.98731,3.0749,3.7785,1.416,2.2802,3.5437,0.88617,3.075,3.6773,2.358,2.2352,3.7937,1.1908,1.8307,3.6524,2.4292,2.3426,4.5675,2.5693,2.6424,4.0369,1.2743,2.6803,4.3448,1.8947,1.9418,3.889,1.1484,2.7738,3.6734,2.4215,2.4763,5.0521,1.6098,2.6105,3.3293,2.1667,2.194,4.1048,0.78476,1.9054,3.3659,2.326,2.4088,3.7325,2.3308,2.4068,3.7293,2.1923,1.9104,4.9195,2.6368,2.287,4.791,2.3586,2.2375,3.7972,1.3767,1.5861,3.8433,2.4237,2.7127,4.9371,1.8938,1.9447,3.8918,0.77713,2.1372,3.9818,1.601,1.8177,4.2559,2.4237,2.7121,4.9404,1.4463,2.3874,3.2617,5.9474,2.8861,2.231,1.854,1.7967,3.4854,1.9594,3.0072,4.2773,2.0294,1.9513,4.774,1.1204,2.5796,4.292,1.8959,2.1466,4.8634,1.6126,1.7828,3.9652,1.6042,2.0118,3.3763,1.0363,2.7557,3.585,0.93594,2.8201,3.8304,1.3949,2.4078,3.8514,1.1349,2.7782,3.6566,1.8347,1.7718,4.0887,0.91766,2.4589,2.7834,1.9168,2.0754,4.3929,0.11022,2.7908,2.8747,1.0805,1.9546,4.2639,0.95845,2.3274,3.0305,1.6405,2.3948,4.5871,0.97719,2.0753,2.845,0.73936,1.9918,2.7416,1.61,1.7795,3.9679,0.9235,2.4566,2.7906,1.375,1.5852,3.8377,2.7562,2.5851,4.6211,1.0844,2.143,3.6227,1.1322,2.7853,3.6592,1.976,1.9843,4.479,1.0753,1.9592,4.2589,1.855,1.6597,3.4531,1.6624,2.4941,3.9988,2.1174,2.5512,4.9156,2.1469,2.3825,3.7016,1.1936,3.067,3.4221,1.4478,1.4688,4.2271,0.63137,2.9968,3.6295,1.6204,1.7365,4.2267,0.74114,1.9964,2.7391,0.69653,2.1943,3.9486,2.6811,2.5997,4.5317,1.9971,2.1215,3.4309,1.3904,2.9055,3.54,1.0806,2.2037,3.6266,2.5356,2.0061,4.4799,1.4875,1.7325,4.4214,1.5987,2.5891,3.5839,2.0604,2.3017,4.0782,2.6943,2.3666,4.991,0.46009,2.5286,2.9762
1784.4,0.12744,115.82,15.907,0.035755,405.82,1.5059,1.8332,4.1554,1.2713,2.2319,4.2249,1.2142,1.9773,4.2425,2.482,2.6535,4.2918,0.85944,2.0476,4.2388,1.5186,2.5091,3.8943,3.063,2.8397,5.8881,1.2065,1.9799,4.2373,1.7448,1.6935,4.2416,1.2855,2.2278,4.2444,0.84918,2.0611,4.2119,2.9181,2.8346,4.5237,5.6562,2.7594,1.4062,1.2735,2.8061,3.6588,0.94066,2.1436,3.0175,2.4939,2.0716,4.4749,1.4707,1.6625,3.9123,0.65376,2.5857,3.865,2.0131,1.765,3.4834,1.0957,2.427,3.1116,0.24082,2.2901,3.5221,1.7799,1.6779,3.394,2.0623,2.8051,4.3577,1.7875,1.691,3.3975,1.4627,1.6549,3.924,0.38934,2.1468,3.1783,2.0604,2.3769,4.4189,1.4729,1.6789,3.2015,0.82884,1.9026,2.7587,3.0551,2.8413,5.8691,2.014,1.7773,3.4855,1.015,2.7195,2.8954,1.8228,2.5876,4.0158,0.64343,1.8896,2.7991,1.0698,2.4374,3.0756,1.9052,1.9186,4.5051,1.6939,1.6718,3.8903,0.51179,2.2017,3.7478,1.186,2.466,3.7685,0.98001,2.0814,3.2423,2.5751,2.3157,4.3297,2.0928,2.1729,4.7072,1.485,1.671,3.9214,1.8951,1.9185,4.4986,1.4969,2.1878,3.2634,0.80481,2.1021,3.1577,2.4254,2.3867,4.3366,1.9308,2.5967,4.8572,1.908,2.5996,4.8318,2.5665,2.3194,4.3263,1.2841,2.5033,3.9263,1.6998,2.2384,4.3129,1.9813,3.0435,3.9185,0.53256,2.4689,2.5023,1.54,2.0646,4.6271,2.0589,3.0524,4.0002,0.36886,2.3866,3.4027,1.6617,1.6089,4.0797,0.70208,2.0361,3.0805,2.2496,2.248,4.6572,0.6751,2.6014,3.0545,0.98256,2.087,3.2415,0.082198,2.8916,1.9197,2.0037,1.9943,4.6075,2.5613,2.3217,4.3254,2.6417,2.3234,5.1642,2.0793,2.787,4.3772,1.08,1.8259,3.9648,4.6364,2.9689,0.51694,0.87206,2.122,3.0358,1.305,2.0964,4.2866,1.0492,2.0926,3.4847,2.2539,2.7357,4.514,1.7085,1.5818,4.1494,1.1734,2.551,3.0937,0.76045,2.4412,3.7614,2.0609,1.9111,3.7206,1.5842,2.4444,3.4584,1.6379,2.5391,3.6015,1.6478,1.6513,4.2497,2.0514,2.7836,4.5218,2.074,2.7819,4.5465,3.3917,2.7776,6.1509,1.709,1.5796,4.1492,1.7203,2.0032,3.451,2.0951,2.933,4.8961,1.1725,2.5518,3.1075,2.6252,2.4439,4.9723,1.0457,2.607,4.0664,1.5869,2.4395,3.4621,1.1719,1.8209,4.0879,1.6657,1.6051,4.0766,1.7133,2.0034,3.4392,0.27505,2.9409,3.3256,2.8871,2.2995,4.595,1.314,1.9487,4.2085,1.2757,2.6732,3.3711,1.451,2.4577,3.3417,1.85,1.9667,3.7051,1.947,2.3716,4.0004,1.0812,2.2866,3.1784,2.54,2.0321,5.1446,1.2478,2.6723,3.334,1.4366,2.4692,3.3252,0.31937,2.9415,3.3669,0.66752,1.8186,2.8828,1.6902,2.0148,4.4475,1.4651,1.8413,4.1287,5.4876,2.8942,1.8004,0.82085,2.1116,2.7973,1.0418,2.6157,4.0693,2.185,2.5247,3.6221,2.6155,2.4377,4.9584,2.8164,2.6951,4.5319,2.1436,2.5186,4.5089,2.3498,2.1097,4.2058,0.76638,2.006,3.3352,0.36273,2.4648,2.9181,0.60004,2.142,3.7095,2.3855,2.4847,4.4447,0.78215,2.4586,2.8848,1.2525,1.5907,4.2863,1.6946,2.0148,3.4407,6.2172,2.687,1.9783,3.2664,2.9343,0.35491,0.78047,2.4462,2.9071,1.664,1.6328,4.0806,1.4983,1.8735,3.1802,0.75688,2.4563,2.8747,2.164,2.3454,4.9295,1.1639,2.5628,3.0962,1.0061,1.9613,3.504,0.51229,1.9785,3.2634,1.7083,2.0132,3.4357,2.3857,2.093,4.2054,2.1593,2.1532,4.9886,1.2831,1.7294,3.8117,0.68704,1.9768,2.7647,2.162,2.1571,4.9983,2.3317,2.1998,4.4842,1.5702,2.3324,3.9648,4.2847,2.9786,0.21338,1.9543,2.3568,4.0005,0.83405,1.9565,4.123,1.2072,2.5862,4.2328,3.5831,2.8428,6.1441,1.5349,1.6242,3.2902,0.30006,2.2994,3.3779,5.1167,2.9706,1.0582,0.5988,2.7744,3.3015,1.2953,2.5142,2.9973,2.1411,2.1354,4.9602,1.4767,2.083,4.3645,1.5262,1.6268,3.2929,1.3876,2.9253,3.3686,0.4818,2.4422,2.7614,0.90955,2.4527,3.0016,0.22944,2.6146,3.3427,1.6201,2.271,4.1368,0.48486,2.4411,2.7493,1.0413,2.1932,3.6443,1.3936,1.7962,4.292,0.32099,2.3092,3.3923,1.5278,1.6138,3.2903,0.47821,2.442,2.7609,3.0866,2.8697,6.0103,1.9869,2.5869,4.0221,1.9882,2.186,4.6056,2.586,2.775,5.2187,1.8969,1.9521,3.8905,1.2936,1.7951,3.6948,2.157,2.1468,4.9836,1.391,2.6456,3.9845,1.1217,3.0762,2.9597,4.7127,2.9709,0.4288,1.289,2.6931,4.3613,1.9065,1.9449,3.8808,1.2681,2.6383,2.8896,0.43545,2.7663,3.0386,0.95243,2.897,4.1421,0.61922,2.5232,2.6187,0.68992,1.9549,2.9671,0.54074,2.4042,3.4098,1.5637,2.1793,4.2484,1.3172,2.6972,4.3831,0.60848,1.9631,3.0831,1.9854,1.881,3.8116,1.1923,1.8294,3.6577,2.3988,2.7089,4.8995,1.3727,1.5584,4.158,1.3798,2.1563,3.1669,0.62715,1.9658,3.0862,0.47909,2.4442,2.592,1.6197,2.275,4.1416,2.4071,2.7058,4.9209,0.61962,1.9698,3.0762,1.5678,1.705,3.3321,0.48721,3.0456,2.3916,0.60458,2.5255,2.6102,2.9449,2.7476,5.9326,6.2096,2.871,2.6121,4.6745,2.9738,0.38819,2.3205,2.3926,3.7094,1.025,3.0719,3.8194,1.4068,2.2901,3.5357,0.90037,3.0734,3.6949,2.3541,2.2343,3.7876,1.1903,1.8244,3.6555,2.4304,2.3446,4.5704,2.564,2.6478,4.0395,1.2798,2.6792,4.348,1.8957,1.9338,3.8833,1.1561,2.7657,3.6806,2.411,2.4727,5.0369,1.6106,2.6064,3.3404,2.1662,2.1968,4.1061,0.78355,1.9069,3.3634,2.3181,2.4088,3.7251,2.3239,2.4053,3.7198,2.1957,1.9188,4.9265,2.6338,2.2858,4.7908,2.356,2.2374,3.7928,1.3752,1.5865,3.8464,2.4082,2.7093,4.9176,1.8948,1.9381,3.8869,0.77648,2.1354,3.9901,1.6006,1.812,4.2552,2.4097,2.7081,4.924,1.4466,2.3871,3.2618,5.9552,2.8885,2.2408,1.8524,1.7955,3.4895,1.9517,3.0004,4.2671,2.0357,1.9523,4.7824,1.1287,2.5801,4.3003,1.9014,2.1457,4.8642,1.6123,1.775,3.9647,1.6039,2.0133,3.3706,1.0436,2.7483,3.5916,0.94338,2.8162,3.8358,1.4012,2.4151,3.8544,1.1389,2.7713,3.6589,1.8331,1.7621,4.0869,0.91977,2.4584,2.7877,1.92,2.0789,4.3968,0.12562,2.7882,2.8895,1.078,1.9526,4.2651,0.96278,2.324,3.0387,1.6437,2.3949,4.5877,0.97609,2.071,2.8487,0.73769,1.9887,2.7413,1.6088,1.7705,3.9676,0.92741,2.4552,2.7976,1.3725,1.5851,3.8382,2.7518,2.5833,4.6169,1.0842,2.1461,3.6203,1.1369,2.7796,3.6635,1.9763,1.9835,4.4805,1.0717,1.9579,4.2592,1.8561,1.6625,3.4544,1.6626,2.4989,3.9989,2.1195,2.5496,4.9126,2.1432,2.3838,3.6974,1.1987,3.0642,3.4258,1.4485,1.4699,4.2247,0.63559,2.9956,3.6351,1.6189,1.7302,4.2245,0.73993,1.9956,2.7382,0.69922,2.1943,3.9508,2.6775,2.5982,4.5292,1.9994,2.1189,3.4275,1.3944,2.8987,3.5425,1.0799,2.209,3.6226,2.5374,2.0093,4.4846,1.4859,1.7313,4.4211,1.5943,2.5879,3.5847,2.0596,2.3071,4.0807,2.6883,2.3637,4.9835,0.46686,2.5275,2.984
1784.4,0.12744,115.82,15.907,0.044694,423.51,1.5016,1.8319,4.1511,1.2697,2.2335,4.2256,1.2099,1.9746,4.2443,2.478,2.6514,4.2898,0.8598,2.044,4.2445,1.5183,2.5151,3.8946,3.0765,2.8396,5.9052,1.201,1.9774,4.2381,1.7441,1.6873,4.2399,1.2876,2.2279,4.2499,0.84659,2.0607,4.2107,2.9243,2.8344,4.5272,5.6432,2.7544,1.3917,1.2813,2.796,3.6667,0.93643,2.1431,3.0161,2.4968,2.0771,4.4829,1.47,1.6587,3.9141,0.65292,2.5895,3.8604,2.0153,1.7653,3.4861,1.0997,2.4222,3.1238,0.23324,2.2913,3.5119,1.7783,1.6786,3.3956,2.0434,2.7992,4.3356,1.7878,1.6952,3.3991,1.4597,1.6504,3.928,0.38819,2.15,3.1726,2.0664,2.3815,4.4265,1.4723,1.6815,3.2021,0.82857,1.9084,2.7565,3.0667,2.8412,5.8822,2.0165,1.7803,3.4882,1.0186,2.72,2.901,1.824,2.5876,4.0194,0.64648,1.8948,2.7997,1.0689,2.4353,3.0807,1.9072,1.9194,4.5084,1.6971,1.6667,3.89,0.51203,2.2018,3.7487,1.1842,2.4769,3.7645,0.97355,2.0865,3.2352,2.583,2.3201,4.3401,2.0994,2.1786,4.7151,1.487,1.671,3.9242,1.8951,1.9192,4.5004,1.4987,2.1913,3.2622,0.79948,2.1083,3.149,2.428,2.3912,4.3434,1.9272,2.5958,4.8484,1.9004,2.6004,4.8191,2.5725,2.3253,4.337,1.2833,2.5076,3.9212,1.7035,2.2406,4.3181,1.9667,3.0386,3.9026,0.54007,2.4689,2.5091,1.5382,2.0674,4.6312,2.0569,3.0489,3.9968,0.363,2.3895,3.3941,1.6617,1.6047,4.0788,0.6996,2.0401,3.0754,2.251,2.2501,4.6599,0.68604,2.597,3.0683,0.97643,2.0931,3.2333,0.067874,2.8917,1.9036,2.0068,1.9977,4.6134,2.5662,2.3283,4.3355,2.6329,2.3193,5.1544,2.0643,2.7769,4.361,1.0803,1.8197,3.9698,4.6394,2.9604,0.51835,0.86811,2.1232,3.031,1.3051,2.0957,4.2924,1.0471,2.0948,3.4819,2.2401,2.7306,4.4979,1.7104,1.5778,4.1474,1.1814,2.5494,3.1004,0.76282,2.4457,3.7584,2.0627,1.9066,3.7157,1.5805,2.4467,3.4561,1.6324,2.5436,3.6011,1.6447,1.6453,4.2496,2.0373,2.776,4.506,2.0648,2.7743,4.5374,3.4021,2.776,6.1605,1.7113,1.5747,4.147,1.7255,2.0032,3.451,2.089,2.9322,4.8914,1.1799,2.5505,3.1173,2.6218,2.4432,4.9677,1.0508,2.6083,4.0656,1.5832,2.4407,3.4606,1.1678,1.8253,4.0848,1.6669,1.5988,4.0748,1.7165,2.0033,3.4358,0.27205,2.9391,3.3236,2.8919,2.3008,4.6039,1.3131,1.9486,4.2097,1.282,2.6693,3.383,1.4471,2.458,3.3414,1.8524,1.9621,3.6997,1.9458,2.3817,4.0029,1.0769,2.2879,3.1757,2.5407,2.0279,5.1444,1.2493,2.6686,3.34,1.4293,2.4716,3.3212,0.32783,2.9397,3.3753,0.66453,1.8224,2.8736,1.6869,2.0117,4.4549,1.4644,1.8357,4.1311,5.4723,2.892,1.7851,0.82095,2.1089,2.8014,1.0466,2.6192,4.0695,2.1912,2.5251,3.6206,2.6081,2.4352,4.9483,2.822,2.6921,4.5361,2.139,2.5159,4.5026,2.3503,2.1126,4.2099,0.76594,2.0113,3.3305,0.37418,2.4618,2.9301,0.5989,2.1421,3.7085,2.385,2.4781,4.449,0.79202,2.4567,2.8947,1.2516,1.5929,4.2859,1.6922,2.0169,3.438,6.2074,2.686,1.9593,3.2819,2.9328,2.0844,0.78999,2.4409,2.9226,1.6649,1.6317,4.0787,1.4996,1.8759,3.1795,0.7605,2.4538,2.8817,2.1622,2.3441,4.9213,1.1695,2.5627,3.1036,1.0073,1.9608,3.504,0.50643,1.9784,3.2655,1.7105,2.0143,3.4317,2.3857,2.0968,4.2079,2.1644,2.1526,4.9909,1.2813,1.7229,3.8151,0.68842,1.9766,2.7674,2.1676,2.158,5.0028,2.336,2.2042,4.4917,1.5711,2.3432,3.9653,4.3027,2.9706,0.23037,1.9543,2.3625,4.002,0.83231,1.9547,4.1236,1.217,2.5903,4.2381,3.6003,2.8395,6.1612,1.5358,1.6264,3.2911,0.29359,2.2997,3.3693,5.1132,2.9648,1.0553,0.60981,2.7711,3.314,1.3031,2.516,3.0024,2.1415,2.1305,4.9548,1.4769,2.0795,4.3686,1.5263,1.6277,3.2946,1.3907,2.924,3.3703,0.49112,2.4397,2.7741,0.9063,2.4519,3.003,0.23169,2.6134,3.3434,1.6228,2.2754,4.1403,0.49593,2.4393,2.76,1.0394,2.2,3.6399,1.3934,1.7931,4.2915,0.32016,2.3116,3.3887,1.5276,1.6125,3.2913,0.48738,2.4393,2.7741,3.1122,2.8692,6.0376,1.9817,2.5839,4.0191,1.9932,2.1878,4.6103,2.5714,2.7748,5.2023,1.8985,1.948,3.8865,1.2934,1.7891,3.6969,2.1605,2.1443,4.9834,1.388,2.6419,3.9777,1.1212,3.0738,2.958,4.7187,2.9668,0.43321,1.2974,2.6949,4.3684,1.9077,1.9412,3.8797,1.2745,2.6389,2.897,0.45565,2.7638,3.0619,0.9576,2.8979,4.1466,0.63236,2.5238,2.6297,0.68804,1.961,2.9608,0.53897,2.4059,3.4048,1.563,2.1797,4.2541,1.3335,2.6998,4.396,0.60157,1.9668,3.0735,1.987,1.8764,3.8098,1.192,1.8245,3.6613,2.3816,2.7046,4.8767,1.3714,1.567,4.154,1.3768,2.1561,3.1649,0.62442,1.9705,3.0782,0.484,2.4425,2.5988,1.622,2.2813,4.1458,2.3927,2.701,4.9039,0.61481,1.9752,3.0653,1.5689,1.7028,3.3333,0.47957,3.0468,2.3812,0.61271,2.527,2.6173,2.9552,2.7482,5.945,0.15476,2.8728,2.6322,4.6752,2.969,0.38714,2.3142,2.3883,3.6979,1.0587,3.0687,3.8565,1.3974,2.3002,3.5275,0.91363,3.0716,3.7115,2.3504,2.2335,3.7818,1.1898,1.818,3.6588,2.4316,2.3466,4.5732,2.5589,2.6532,4.0423,1.2854,2.6783,4.351,1.8967,1.9259,3.8777,1.1632,2.7577,3.6873,2.4009,2.4691,5.0219,1.6112,2.6023,3.3516,2.1657,2.1997,4.1076,0.78223,1.9084,3.3607,2.3104,2.4091,3.718,2.3172,2.404,3.7104,2.1994,1.9267,4.9335,2.6308,2.2847,4.7905,2.3534,2.2374,3.7885,1.3737,1.5868,3.8496,2.3931,2.7061,4.8987,1.8958,1.9316,3.8823,0.77592,2.1335,3.9984,1.6002,1.8064,4.2546,2.3963,2.7041,4.9082,1.4467,2.387,3.2619,5.9626,2.8907,2.2503,1.8509,1.7943,3.4934,1.9441,2.9936,4.257,2.0421,1.9533,4.7906,1.1366,2.5808,4.3086,1.9069,2.1449,4.8651,1.612,1.7673,3.9642,1.6037,2.015,3.3651,1.0501,2.7414,3.5974,0.95008,2.8126,3.8404,1.4073,2.4221,3.8574,1.1425,2.7647,3.6607,1.8313,1.7525,4.0853,0.92188,2.458,2.792,1.9234,2.0826,4.4009,0.14097,2.7854,2.9045,1.0756,1.9507,4.2662,0.96692,2.3207,3.0465,1.6471,2.3952,4.5884,0.97485,2.0668,2.8521,0.7362,1.9859,2.7413,1.6076,1.7616,3.9673,0.93119,2.454,2.8044,1.37,1.5849,3.8388,2.7479,2.5818,4.6134,1.0839,2.1495,3.6177,1.1417,2.774,3.6678,1.9765,1.9828,4.4821,1.0682,1.9566,4.2593,1.8573,1.6653,3.4559,1.6627,2.5038,3.9988,2.1215,2.5482,4.9096,2.1393,2.3853,3.693,1.2046,3.0614,3.4304,1.4491,1.4712,4.2223,0.63899,2.9943,3.6398,1.6175,1.7239,4.2226,0.73882,1.9947,2.7374,0.70191,2.1945,3.953,2.6741,2.5964,4.5269,2.002,2.1162,3.4245,1.3985,2.8918,3.5451,1.079,2.2148,3.6184,2.5393,2.0126,4.4896,1.4841,1.73,4.4209,1.59,2.5867,3.5858,2.0588,2.3125,4.0835,2.6824,2.3607,4.9761,0.4737,2.5264,2.9919
1784.4,0.12744,115.82,15.907,0.053632,441.08,1.4977,1.8304,4.1469,1.2685,2.235,4.2268,1.2057,1.9718,4.246,2.4744,2.6494,4.2884,0.86011,2.0406,4.2497,1.518,2.5209,3.8949,3.0901,2.8393,5.9222,1.1956,1.9748,4.2387,1.7434,1.6811,4.238,1.2894,2.2281,4.2555,0.8441,2.0602,4.2095,2.9301,2.8341,4.5306,5.6308,2.7493,1.3776,1.2885,2.786,3.674,0.93225,2.1426,3.0147,2.5,2.0826,4.4909,1.4692,1.655,3.9158,0.652,2.5933,3.8557,2.0174,1.7656,3.4888,1.1029,2.4178,3.1347,0.22574,2.2925,3.5018,1.7767,1.6791,3.3972,2.0254,2.7932,4.3147,1.7883,1.6991,3.4007,1.4569,1.6462,3.9317,0.38726,2.1528,3.1673,2.0719,2.3854,4.4335,1.4715,1.6838,3.2026,0.82843,1.9138,2.755,3.0782,2.8411,5.8954,2.019,1.7828,3.4908,1.0223,2.7204,2.9067,1.8251,2.5877,4.023,0.64946,1.8997,2.8003,1.068,2.4333,3.0856,1.9091,1.9201,4.5118,1.7003,1.6621,3.8901,0.51225,2.2018,3.7495,1.1825,2.487,3.761,0.96726,2.0914,3.2283,2.5909,2.3243,4.3503,2.1059,2.184,4.7229,1.4892,1.6712,3.927,1.8953,1.9198,4.5022,1.5003,2.1945,3.2609,0.79397,2.1146,3.1402,2.4308,2.3956,4.3502,1.9238,2.5953,4.8394,1.8931,2.6011,4.8067,2.5789,2.3311,4.3481,1.2825,2.5118,3.9163,1.7074,2.2428,4.3233,1.9536,3.0337,3.8882,0.54737,2.469,2.5157,1.536,2.0703,4.635,2.0553,3.0454,3.9939,0.35737,2.3921,3.386,1.6618,1.6009,4.078,0.69707,2.0438,3.0702,2.2522,2.2519,4.6621,0.69635,2.5926,3.0817,0.97033,2.0988,3.2254,0.053719,2.8917,1.8876,2.0103,2.0012,4.6196,2.5715,2.3349,4.3457,2.6245,2.3153,5.1446,2.0502,2.7665,4.346,1.0805,1.8136,3.9747,4.6418,2.9519,0.519,0.86427,2.1243,3.0265,1.3052,2.0951,4.298,1.0451,2.0971,3.4792,2.227,2.7256,4.4826,1.7125,1.5742,4.1453,1.1893,2.5477,3.1067,0.76505,2.4502,3.7553,2.0643,1.9023,3.711,1.5768,2.449,3.4539,1.6275,2.5477,3.6012,1.6418,1.6397,4.2493,2.0238,2.7683,4.4908,2.0564,2.7667,4.5289,3.4126,2.7744,6.1702,1.7136,1.5699,4.1447,1.7308,2.0031,3.4511,2.0839,2.9317,4.8877,1.1871,2.5493,3.1267,2.6187,2.4426,4.9632,1.0557,2.6096,4.0644,1.5796,2.442,3.4593,1.1635,1.8293,4.0819,1.6682,1.5927,4.0729,1.7198,2.003,3.4326,0.26951,2.9372,3.3221,2.8967,2.302,4.6125,1.3122,1.9486,4.2108,1.2877,2.6657,3.3942,1.4432,2.4583,3.3412,1.855,1.9576,3.6944,1.9448,2.3917,4.0056,1.0725,2.2893,3.1728,2.5415,2.0239,5.1446,1.2507,2.6653,3.3462,1.4222,2.4739,3.3175,0.33646,2.9379,3.3838,0.66137,1.8261,2.8643,1.6833,2.0087,4.4622,1.4637,1.8303,4.1332,5.4568,2.8896,1.7695,0.8208,2.1065,2.805,1.0511,2.6228,4.0696,2.1952,2.5256,3.6178,2.6004,2.4325,4.9381,2.828,2.6891,4.5407,2.1348,2.5134,4.497,2.3509,2.1156,4.2143,0.76515,2.017,3.3253,0.38586,2.4586,2.9424,0.59774,2.1422,3.7076,2.3842,2.4715,4.4534,0.80206,2.4546,2.9048,1.2507,1.595,4.2853,1.6895,2.0189,3.4353,6.1875,2.6847,1.9401,3.2974,2.9312,6.1469,0.79906,2.4357,2.9378,1.6657,1.6303,4.0768,1.5009,1.8782,3.1787,0.7639,2.4515,2.8885,2.1606,2.3425,4.913,1.175,2.5625,3.1107,1.0086,1.9602,3.504,0.50034,1.9781,3.2677,1.7127,2.0151,3.4277,2.3857,2.1006,4.2106,2.1694,2.1521,4.9932,1.2794,1.7163,3.8185,0.68979,1.9764,2.7703,2.1733,2.1586,5.0073,2.3403,2.2087,4.4994,1.572,2.3535,3.9658,4.3191,2.9626,0.24588,1.9544,2.3683,4.0036,0.83049,1.9531,4.1238,1.2271,2.5945,4.2436,3.6174,2.8361,6.178,1.5368,1.6287,3.2921,0.28714,2.2999,3.3606,5.1099,2.9589,1.0525,0.62046,2.7676,3.3262,1.3107,2.5178,3.0073,2.1423,2.1258,4.9498,1.4768,2.0757,4.3725,1.5266,1.6284,3.2964,1.3938,2.9226,3.3718,0.50056,2.4371,2.7871,0.90346,2.4511,3.0048,0.23383,2.6122,3.3439,1.6255,2.2799,4.144,0.50687,2.4377,2.7708,1.0372,2.2069,3.6352,1.3933,1.7902,4.2909,0.31943,2.314,3.3851,1.5274,1.6111,3.2923,0.49648,2.4366,2.7871,3.1368,2.8686,6.0641,1.9766,2.5813,4.0165,1.9983,2.1895,4.6149,2.5564,2.7745,5.1852,1.9,1.9437,3.8824,1.2932,1.7831,3.699,2.1639,2.1416,4.9833,1.385,2.6382,3.9709,1.1195,3.0718,2.9553,4.7247,2.9627,0.43759,1.3057,2.6966,4.3753,1.9089,1.9375,3.8787,1.2808,2.6395,2.9043,0.47526,2.7613,3.0846,0.96307,2.8984,4.1515,0.64542,2.5245,2.6405,0.68629,1.967,2.9546,0.53738,2.4074,3.4001,1.5625,2.1799,4.2596,1.3496,2.7022,4.4087,0.59478,1.9702,3.064,1.9886,1.8719,3.8082,1.1917,1.8196,3.6649,2.3649,2.7003,4.8547,1.37,1.5754,4.1499,1.3738,2.1558,3.1627,0.62171,1.975,3.0704,0.48884,2.4407,2.6056,1.6245,2.2878,4.15,2.3788,2.6963,4.8871,0.60986,1.9805,3.0543,1.5699,1.7005,3.3346,0.47157,3.048,2.3704,0.62046,2.5284,2.624,2.9656,2.7486,5.9574,5.8846,2.8744,2.6527,4.6763,2.9642,0.38657,2.3082,2.384,3.6867,1.0892,3.0652,3.8901,1.3879,2.3102,3.5191,0.92662,3.0699,3.7279,2.3467,2.2328,3.7761,1.1891,1.8115,3.6621,2.4328,2.3484,4.5759,2.5538,2.6583,4.0452,1.2908,2.6773,4.3538,1.8977,1.9182,3.8723,1.1699,2.7502,3.6935,2.391,2.4656,5.0069,1.612,2.5983,3.3628,2.1653,2.2028,4.1092,0.78079,1.9102,3.3578,2.3028,2.4094,3.7109,2.3107,2.4026,3.7012,2.2032,1.9341,4.9403,2.6277,2.2836,4.79,2.3507,2.2377,3.7846,1.3721,1.587,3.8528,2.3784,2.7028,4.8801,1.8968,1.9253,3.8775,0.77548,2.1316,4.0067,1.5998,1.8011,4.2538,2.3834,2.7002,4.8928,1.4468,2.3869,3.2619,5.97,2.8929,2.2598,1.8496,1.7932,3.4974,1.9363,2.9868,4.2469,2.0485,1.9543,4.7987,1.1444,2.5815,4.3168,1.9125,2.1444,4.866,1.6117,1.7599,3.9638,1.6035,2.017,3.3598,1.0558,2.7349,3.6025,0.95604,2.809,3.8442,1.4132,2.4291,3.8603,1.1457,2.7585,3.6621,1.8297,1.743,4.0837,0.92398,2.4577,2.7962,1.927,2.0866,4.4052,0.15639,2.7824,2.9194,1.0729,1.9489,4.2672,0.97069,2.3176,3.054,1.6509,2.3958,4.5893,0.97345,2.063,2.8551,0.73483,1.983,2.7415,1.6065,1.7528,3.967,0.9348,2.4527,2.8113,1.3674,1.5845,3.8393,2.7446,2.5802,4.6107,1.0836,2.1533,3.6149,1.1461,2.7685,3.6718,1.9768,1.9823,4.4838,1.0647,1.9554,4.2595,1.8586,1.6679,3.4573,1.6628,2.5082,3.9988,2.1232,2.5467,4.9064,2.1353,2.3869,3.6885,1.2114,3.0585,3.4357,1.4499,1.4729,4.2199,0.64158,2.9933,3.6436,1.6162,1.7176,4.2209,0.73779,1.9938,2.7368,0.7046,2.1947,3.9551,2.6707,2.5948,4.5248,2.0048,2.1138,3.4219,1.4027,2.8849,3.5479,1.078,2.2207,3.6138,2.5414,2.0161,4.4949,1.4823,1.7286,4.4207,1.5861,2.5853,3.5873,2.0582,2.3178,4.0862,2.677,2.358,4.9692,0.48048,2.5253,2.9995
1784.4,0.12744,115.82,15.907,0.062571,458.9,1.4937,1.8288,4.143,1.2678,2.2365,4.2283,1.2013,1.9689,4.2473,2.4711,2.6476,4.2873,0.86037,2.0372,4.2549,1.5178,2.5263,3.8952,3.1037,2.8389,5.9394,1.1903,1.9718,4.2394,1.7428,1.6748,4.2362,1.2912,2.2282,4.261,0.8417,2.0596,4.2086,2.9358,2.8339,4.534,5.6186,2.7441,1.3637,1.2954,2.7761,3.681,0.92809,2.1421,3.0132,2.5033,2.0882,4.4991,1.4684,1.6515,3.9175,0.65089,2.597,3.8508,2.0196,1.7657,3.4913,1.105,2.4137,3.1446,0.21821,2.2938,3.4914,1.7752,1.6795,3.3988,2.0085,2.787,4.2945,1.7886,1.7026,3.4023,1.4544,1.6421,3.9352,0.38653,2.1555,3.1624,2.0772,2.3889,4.4401,1.4708,1.686,3.2031,0.82842,1.9186,2.754,3.09,2.841,5.9088,2.0217,1.7851,3.4934,1.0261,2.7206,2.9125,1.8263,2.5879,4.0265,0.65239,1.9045,2.801,1.0669,2.4313,3.0904,1.9111,1.9207,4.5151,1.7034,1.6579,3.8904,0.5125,2.2017,3.7506,1.1813,2.4961,3.7581,0.96114,2.096,3.2216,2.5988,2.3283,4.3607,2.1124,2.1889,4.7304,1.4913,1.6714,3.93,1.8955,1.9205,4.504,1.5021,2.1974,3.2597,0.7883,2.1207,3.1312,2.4336,2.3998,4.357,1.9203,2.5949,4.8302,1.8862,2.6017,4.7945,2.5857,2.3369,4.3595,1.2818,2.5159,3.9114,1.7115,2.2451,4.3285,1.9415,3.0288,3.875,0.55466,2.4691,2.5223,1.5335,2.0734,4.6381,2.0538,3.0418,3.9909,0.35191,2.3945,3.3782,1.6619,1.5975,4.0772,0.69452,2.0473,3.0652,2.2534,2.2536,4.6643,0.70609,2.5884,3.0946,0.96423,2.1043,3.2175,0.040329,2.8917,1.8723,2.014,2.0049,4.6259,2.5771,2.3416,4.3566,2.6162,2.3112,5.1347,2.0371,2.756,4.332,1.0806,1.8076,3.9796,4.6439,2.9432,0.51945,0.86053,2.1252,3.0222,1.3053,2.0946,4.3036,1.0429,2.0994,3.4762,2.2147,2.7206,4.4682,1.7147,1.5707,4.1435,1.1967,2.5463,3.1126,0.76721,2.4544,3.7521,2.0661,1.8981,3.7063,1.5732,2.4513,3.4519,1.623,2.5516,3.6021,1.6387,1.6344,4.249,2.0108,2.7605,4.4761,2.0482,2.7591,4.5208,3.423,2.7726,6.1798,1.716,1.5654,4.1424,1.7363,2.0032,3.4516,2.0795,2.9313,4.8846,1.194,2.5481,3.1357,2.6156,2.4421,4.9589,1.06,2.6108,4.0629,1.5761,2.4433,3.4581,1.1593,1.8324,4.0795,1.6695,1.5871,4.0711,1.7231,2.0029,3.4296,0.26736,2.9353,3.3208,2.9014,2.3027,4.6208,1.3113,1.9486,4.2121,1.293,2.6623,3.4049,1.4396,2.4588,3.3412,1.8574,1.9531,3.6893,1.9437,2.4013,4.0086,1.0683,2.2906,3.1703,2.5425,2.0202,5.1449,1.2524,2.6622,3.3526,1.4151,2.4762,3.3139,0.34507,2.9361,3.3923,0.65808,1.8298,2.8549,1.6796,2.0058,4.4694,1.463,1.825,4.1352,5.4409,2.8872,1.7536,0.82043,2.1044,2.8082,1.0553,2.6264,4.0692,2.1992,2.5258,3.6149,2.5929,2.4298,4.9277,2.8344,2.6861,4.5457,2.1311,2.5113,4.4917,2.3515,2.1191,4.2191,0.76406,2.0227,3.3197,0.39766,2.4555,2.9549,0.59659,2.1423,3.7065,2.3837,2.4655,4.4579,0.81213,2.4526,2.9149,1.2496,1.5973,4.2846,1.6868,2.0208,3.4324,6.17,2.6833,1.921,3.3127,2.9294,0.03382,0.80739,2.4304,2.9523,1.6666,1.6289,4.075,1.5022,1.8805,3.178,0.76696,2.4493,2.8948,2.1589,2.3408,4.9048,1.1803,2.5624,3.1178,1.0099,1.9596,3.5041,0.49402,1.9777,3.2698,1.715,2.0157,3.4237,2.3856,2.1047,4.2135,2.1744,2.1514,4.9953,1.2774,1.7101,3.8216,0.69115,1.9763,2.773,2.1788,2.1592,5.0114,2.3447,2.2129,4.507,1.5727,2.3633,3.9662,4.3343,2.9548,0.26034,1.9545,2.3741,4.0053,0.82862,1.9516,4.1237,1.2371,2.5985,4.249,3.6339,2.8329,6.1945,1.5379,1.6312,3.2932,0.28082,2.2999,3.352,5.1068,2.9529,1.0502,0.6306,2.7642,3.3376,1.3181,2.5196,3.0119,2.1434,2.1212,4.9453,1.4766,2.0718,4.3766,1.5267,1.629,3.2981,1.3968,2.9213,3.3733,0.50997,2.4347,2.8001,0.901,2.45,3.0068,0.23581,2.6109,3.3442,1.6284,2.2845,4.1477,0.51772,2.436,2.7815,1.0351,2.214,3.6304,1.3933,1.7872,4.2902,0.31882,2.3161,3.3819,1.5272,1.6097,3.2934,0.50551,2.434,2.8,3.1606,2.8678,6.0895,1.9716,2.5787,4.0141,2.0033,2.1911,4.6194,2.5409,2.7741,5.1677,1.9017,1.9393,3.8783,1.293,1.7774,3.7009,2.1674,2.1389,4.9832,1.3821,2.6346,3.9641,1.1176,3.0696,2.9522,4.7306,2.9585,0.44202,1.3139,2.6982,4.382,1.9102,1.9339,3.878,1.287,2.6401,2.9116,0.49414,2.7588,3.1064,0.96886,2.8987,4.1567,0.65851,2.5252,2.6514,0.68476,1.9727,2.949,0.53598,2.4087,3.3959,1.5619,2.1797,4.2651,1.3655,2.7043,4.4211,0.58817,1.9735,3.0545,1.9901,1.8676,3.8065,1.1912,1.8146,3.6686,2.3488,2.696,4.8331,1.3686,1.5833,4.146,1.3707,2.1554,3.1608,0.61905,1.9796,3.0626,0.49365,2.4389,2.6124,1.6273,2.2946,4.1543,2.3651,2.6914,4.8707,0.60477,1.9857,3.0433,1.571,1.6984,3.3358,0.46308,3.0491,2.3592,0.62793,2.53,2.6306,2.9763,2.7488,5.9702,5.7213,2.876,2.6737,4.6778,2.9591,0.3866,2.3027,2.3795,3.6757,1.1167,3.0615,3.9208,1.378,2.3201,3.5105,0.93999,3.068,3.7446,2.3432,2.2322,3.7706,1.1884,1.8049,3.6656,2.4339,2.3503,4.5782,2.5488,2.6631,4.0481,1.2962,2.6766,4.3567,1.8987,1.9104,3.867,1.176,2.7429,3.699,2.3813,2.4621,4.9922,1.6127,2.5942,3.3742,2.1648,2.2061,4.111,0.7792,1.9119,3.3547,2.2953,2.4098,3.704,2.3041,2.4013,3.6919,2.2073,1.9408,4.947,2.6247,2.2825,4.7897,2.3482,2.2379,3.7806,1.3706,1.5875,3.8559,2.3641,2.6995,4.8619,1.898,1.9192,3.873,0.77514,2.1296,4.0149,1.5995,1.7957,4.2532,2.3711,2.6964,4.878,1.4468,2.3869,3.2618,5.9773,2.8949,2.2691,1.8485,1.792,3.5011,1.9284,2.9799,4.2366,2.0551,1.9554,4.8065,1.152,2.5822,4.3249,1.918,2.144,4.8671,1.6114,1.7526,3.9634,1.6035,2.019,3.3547,1.061,2.7289,3.6067,0.96136,2.8058,3.8473,1.4189,2.4357,3.8633,1.1487,2.7526,3.6631,1.8279,1.7338,4.0821,0.92601,2.4574,2.8003,1.9308,2.0908,4.4097,0.17194,2.7792,2.9343,1.0703,1.9471,4.2681,0.97394,2.315,3.0607,1.6547,2.3967,4.5905,0.97185,2.0595,2.8575,0.73351,1.9805,2.7415,1.6052,1.7444,3.9669,0.93823,2.4515,2.8181,1.3648,1.5842,3.8399,2.7417,2.5789,4.6085,1.0833,2.1571,3.6119,1.1501,2.7632,3.6753,1.977,1.9818,4.4857,1.0611,1.9541,4.2595,1.8599,1.6703,3.4587,1.6629,2.5124,3.9988,2.1249,2.5453,4.9031,2.1314,2.3886,3.6838,1.2187,3.0554,3.4418,1.4506,1.4748,4.2174,0.64348,2.9921,3.6469,1.615,1.7114,4.2192,0.73685,1.9929,2.7363,0.70729,2.1948,3.9574,2.6675,2.5931,4.5231,2.0079,2.1114,3.4197,1.4069,2.8778,3.551,1.0767,2.227,3.6091,2.5436,2.0197,4.5005,1.4804,1.7272,4.4207,1.5825,2.584,3.5893,2.0577,2.3231,4.0892,2.6717,2.3554,4.9625,0.48723,2.5244,3.0071
1784.4,0.12744,115.82,15.907,0.07151,476.46,1.4897,1.8269,4.1391,1.2672,2.2379,4.23,1.1969,1.966,4.2484,2.468,2.6458,4.2866,0.86058,2.0341,4.2599,1.5175,2.5316,3.8955,3.1174,2.8384,5.9563,1.1851,1.969,4.2401,1.7422,1.6686,4.2342,1.2928,2.2283,4.2665,0.83935,2.059,4.2079,2.9414,2.8337,4.5373,5.6067,2.7388,1.3503,1.3018,2.7664,3.6874,0.92394,2.1415,3.0116,2.5067,2.0937,4.5075,1.4675,1.6482,3.9192,0.6497,2.6008,3.8459,2.0219,1.7659,3.4939,1.1065,2.4098,3.1536,0.21071,2.2949,3.4811,1.7736,1.6797,3.4005,1.9922,2.7809,4.2752,1.7891,1.706,3.4038,1.452,1.638,3.9385,0.38598,2.1581,3.1579,2.082,2.3919,4.4461,1.47,1.6881,3.2036,0.82846,1.9231,2.7531,3.102,2.8408,5.9223,2.0244,1.7873,3.496,1.0301,2.7208,2.9185,1.8276,2.5882,4.0301,0.65528,1.909,2.8019,1.066,2.4292,3.095,1.9131,1.9213,4.5184,1.7064,1.6537,3.8909,0.51278,2.2016,3.7515,1.1805,2.5045,3.7559,0.95518,2.1003,3.2152,2.6068,2.3322,4.3707,2.1188,2.1936,4.7377,1.4936,1.6718,3.9328,1.896,1.9213,4.506,1.5037,2.2,3.2586,0.78247,2.1268,3.1219,2.4364,2.4041,4.3638,1.917,2.5947,4.8209,1.8796,2.6023,4.7825,2.5927,2.3426,4.3713,1.281,2.52,3.9068,1.7159,2.2476,4.3336,1.9305,3.024,3.8628,0.56181,2.4693,2.5288,1.5308,2.0766,4.6406,2.0528,3.0382,3.9884,0.34662,2.3968,3.3708,1.6621,1.5945,4.0764,0.69194,2.0507,3.0602,2.2544,2.2552,4.6662,0.71533,2.584,3.1073,0.95815,2.1095,3.2096,0.028844,2.8915,1.8575,2.0179,2.0087,4.6324,2.583,2.3482,4.3678,2.6083,2.307,5.1248,2.0248,2.7451,4.3189,1.0807,1.8018,3.9843,4.6458,2.9345,0.51962,0.85686,2.1259,3.018,1.3055,2.0942,4.3092,1.0406,2.1019,3.4733,2.203,2.7158,4.4544,1.717,1.5674,4.1416,1.204,2.5448,3.1182,0.76933,2.4587,3.749,2.0678,1.8939,3.7018,1.5697,2.4536,3.45,1.6188,2.5552,3.6034,1.6358,1.6295,4.2487,1.9983,2.7525,4.4619,2.0406,2.7514,4.513,3.4333,2.7707,6.1893,1.7184,1.561,4.1401,1.7418,2.0032,3.4522,2.0756,2.9309,4.882,1.2007,2.5472,3.1444,2.6126,2.4415,4.9546,1.0643,2.6121,4.0611,1.5727,2.4447,3.4572,1.1549,1.8352,4.0771,1.6709,1.5816,4.0693,1.7265,2.0026,3.4268,0.26578,2.9334,3.3201,2.906,2.3033,4.6288,1.3105,1.9485,4.2134,1.2979,2.6592,3.4151,1.4361,2.4593,3.3414,1.86,1.9486,3.6843,1.9429,2.4108,4.0115,1.0641,2.2918,3.1678,2.5433,2.0166,5.1455,1.254,2.6595,3.3589,1.4082,2.4785,3.3105,0.35364,2.9342,3.4007,0.65471,1.8336,2.8454,1.6756,2.003,4.4766,1.4623,1.8199,4.1371,5.4251,2.8845,1.7376,0.81989,2.1024,2.811,1.0593,2.63,4.0686,2.2027,2.5257,3.6118,2.5852,2.427,4.9173,2.8409,2.6831,4.5508,2.1277,2.5093,4.4867,2.3523,2.1229,4.224,0.76275,2.0289,3.3136,0.40956,2.4525,2.9677,0.59548,2.1423,3.7057,2.3832,2.4597,4.4625,0.82234,2.4505,2.9251,1.2486,1.5999,4.2838,1.6842,2.0227,3.4297,6.1525,2.6817,1.9021,3.3276,2.9276,0.047961,0.81516,2.4254,2.9662,1.6672,1.6274,4.0731,1.5036,1.8827,3.1773,0.7698,2.4471,2.9008,2.1573,2.339,4.8966,1.1854,2.5623,3.1247,1.0109,1.9589,3.5041,0.48747,1.9773,3.2723,1.7173,2.0161,3.4196,2.3856,2.109,4.2165,2.1793,2.1506,4.9973,1.2753,1.7041,3.8247,0.69249,1.9763,2.7756,2.1843,2.1597,5.0155,2.3491,2.2173,4.5148,1.5735,2.3728,3.9666,4.3482,2.947,0.27358,1.9547,2.3801,4.0071,0.82674,1.9504,4.1234,1.2472,2.6027,4.2544,3.6504,2.8296,6.211,1.539,1.634,3.2941,0.27457,2.2999,3.3433,5.104,2.9466,1.0482,0.64032,2.7607,3.3485,1.3252,2.5213,3.0162,2.1447,2.1168,4.941,1.4762,2.0677,4.3806,1.5269,1.6295,3.2999,1.3995,2.9199,3.3744,0.51935,2.4321,2.813,0.89877,2.4491,3.0092,0.23759,2.6098,3.3442,1.6312,2.2892,4.1516,0.52835,2.4344,2.792,1.0328,2.2211,3.6255,1.3933,1.7845,4.2894,0.31834,2.3181,3.3791,1.5271,1.6083,3.2944,0.51439,2.4314,2.8128,3.1835,2.867,6.1142,1.9668,2.5762,4.0118,2.0083,2.1926,4.624,2.525,2.7735,5.1497,1.9032,1.9347,3.8741,1.2927,1.7717,3.703,2.1708,2.1362,4.9831,1.3793,2.631,3.9575,1.1146,3.0676,2.9482,4.7364,2.9541,0.44642,1.3217,2.6996,4.3885,1.9116,1.9303,3.8772,1.2932,2.6409,2.9189,0.51236,2.7562,3.1275,0.97499,2.8987,4.1623,0.67149,2.5259,2.6621,0.68335,1.9784,2.9435,0.53473,2.4097,3.3918,1.5614,2.1793,4.2706,1.3814,2.7064,4.4334,0.58174,1.9764,3.045,1.9916,1.8633,3.805,1.1908,1.8096,3.6723,2.3333,2.6916,4.8122,1.367,1.591,4.1418,1.3676,2.1549,3.1588,0.61645,1.9841,3.055,0.4984,2.4371,2.6192,1.6304,2.3016,4.1589,2.3519,2.6867,4.8546,0.59957,1.9907,3.0321,1.5719,1.6962,3.3371,0.45407,3.05,2.3473,0.63503,2.5317,2.6366,2.9874,2.7488,5.9832,6.2816,2.8773,2.6948,4.6797,2.954,0.3871,2.2974,2.3751,3.665,1.1413,3.0575,3.9485,1.3682,2.3298,3.5017,0.95286,3.0661,3.7609,2.3399,2.2317,3.7653,1.1877,1.7981,3.6692,2.4348,2.3521,4.5806,2.5437,2.6677,4.0508,1.3016,2.6758,4.3593,1.8996,1.9027,3.8618,1.1817,2.7358,3.7041,2.3718,2.4587,4.9774,1.6136,2.5902,3.3857,2.1644,2.2095,4.113,0.77753,1.9138,3.3515,2.2879,2.4103,3.6972,2.2978,2.4,3.6827,2.2116,1.947,4.9535,2.6216,2.2814,4.7892,2.3456,2.2384,3.7769,1.3691,1.5879,3.8591,2.3501,2.6962,4.8442,1.899,1.9131,3.8686,0.77488,2.1276,4.0231,1.5991,1.7904,4.2525,2.3592,2.6924,4.8635,1.4467,2.3871,3.2618,5.9844,2.897,2.2783,1.8476,1.7911,3.5049,1.9207,2.973,4.2265,2.0617,1.9563,4.8142,1.1594,2.5831,4.3328,1.9236,2.1438,4.8682,1.611,1.7455,3.963,1.6035,2.0212,3.3497,1.0657,2.7231,3.6106,0.96618,2.8028,3.8497,1.4245,2.4421,3.8662,1.1512,2.7468,3.6637,1.8261,1.7245,4.0806,0.92803,2.4572,2.8045,1.9348,2.0952,4.4143,0.18747,2.7759,2.9492,1.0676,1.9453,4.269,0.97685,2.3125,3.0671,1.6587,2.3976,4.5917,0.97015,2.0562,2.8597,0.7323,1.978,2.7415,1.6042,1.7363,3.9667,0.94152,2.4504,2.8248,1.3622,1.5836,3.8406,2.7393,2.5778,4.6069,1.0829,2.1613,3.6088,1.1541,2.758,3.6786,1.9771,1.9814,4.4878,1.0577,1.9529,4.2595,1.8613,1.6728,3.4603,1.6629,2.5165,3.9987,2.1265,2.544,4.8997,2.1273,2.3904,3.6791,1.2269,3.0524,3.4485,1.4514,1.4769,4.2149,0.64463,2.9912,3.6493,1.614,1.7052,4.2176,0.73595,1.9922,2.7358,0.70997,2.1951,3.9596,2.6645,2.5915,4.5215,2.011,2.1089,3.4177,1.4113,2.8707,3.5541,1.0752,2.2334,3.6042,2.546,2.0235,4.5064,1.4785,1.7258,4.4208,1.5793,2.5826,3.5916,2.0573,2.3284,4.0922,2.6668,2.3528,4.9562,0.49391,2.5238,3.0146
1784.4,0.12744,115.82,15.907,0.080449,493.78,1.4859,1.8248,4.1356,1.2669,2.2392,4.2318,1.1926,1.963,4.2494,2.465,2.6442,4.2861,0.86072,2.0312,4.2646,1.5172,2.5367,3.8957,3.131,2.8377,5.9732,1.1799,1.9659,4.2408,1.7416,1.6624,4.2323,1.2943,2.2283,4.272,0.8371,2.0583,4.2071,2.9467,2.8334,4.5405,5.5951,2.7333,1.3372,1.3076,2.7568,3.6933,0.91978,2.1408,3.01,2.5105,2.0993,4.5159,1.4665,1.645,3.9208,0.64841,2.6045,3.8408,2.0241,1.766,3.4965,1.1075,2.4062,3.1617,0.20318,2.2962,3.4706,1.7722,1.6798,3.4021,1.9769,2.7747,4.2568,1.7896,1.7092,3.4053,1.4499,1.6341,3.9416,0.38556,2.1604,3.1536,2.0865,2.3945,4.4518,1.469,1.6899,3.204,0.82854,1.9274,2.7526,3.1142,2.8405,5.9359,2.0273,1.7891,3.4986,1.0342,2.7209,2.9246,1.8288,2.5886,4.0337,0.65811,1.9134,2.8029,1.065,2.4272,3.0997,1.9151,1.9218,4.5218,1.7095,1.6499,3.8916,0.51309,2.2014,3.7526,1.18,2.5125,3.7542,0.94937,2.1044,3.209,2.6147,2.3359,4.3808,2.1251,2.1979,4.7449,1.4959,1.6723,3.9357,1.8967,1.9222,4.5079,1.5053,2.2024,3.2574,0.77647,2.1329,3.1125,2.4394,2.4084,4.3706,1.9136,2.5946,4.8113,1.8732,2.6028,4.7707,2.5999,2.3484,4.3834,1.2802,2.524,3.9023,1.7203,2.2502,4.3389,1.9202,3.0192,3.8515,0.5689,2.4697,2.5351,1.5278,2.0799,4.6427,2.0517,3.0346,3.9861,0.34154,2.3989,3.3636,1.6622,1.5918,4.0755,0.68932,2.054,3.0553,2.2555,2.2567,4.6678,0.72408,2.5798,3.1197,0.95211,2.1146,3.2019,6.276,2.8913,1.8431,2.0221,2.0125,4.639,2.5893,2.3548,4.3792,2.6006,2.3028,5.1149,2.0131,2.7341,4.3064,1.0807,1.7959,3.9888,4.6474,2.9258,0.51946,0.85324,2.1267,3.014,1.3058,2.0937,4.3147,1.0384,2.1044,3.4703,2.1919,2.7109,4.4413,1.7192,1.5641,4.1399,1.2111,2.5435,3.1235,0.77142,2.4629,3.7457,2.0695,1.8899,3.6975,1.5662,2.4559,3.4483,1.6151,2.5586,3.605,1.6329,1.6249,4.2483,1.9863,2.7444,4.4482,2.0332,2.7437,4.5055,3.4436,2.7689,6.1988,1.7208,1.5566,4.1379,1.7475,2.0031,3.453,2.0721,2.9306,4.8798,1.2071,2.5462,3.1527,2.6096,2.4409,4.9503,1.0682,2.6132,4.0591,1.5693,2.446,3.4563,1.1506,1.8377,4.075,1.6723,1.5764,4.0676,1.7301,2.0023,3.4241,0.26463,2.9316,3.3198,2.9104,2.3036,4.6365,1.3096,1.9485,4.2148,1.3026,2.6561,3.425,1.4326,2.4599,3.3417,1.8627,1.9442,3.6794,1.942,2.42,4.0148,1.06,2.293,3.1654,2.5443,2.0131,5.1461,1.2554,2.657,3.3653,1.4015,2.4807,3.3071,0.36219,2.9322,3.4091,0.65127,1.8372,2.8359,1.6716,2.0003,4.4836,1.4617,1.8151,4.1387,5.4094,2.8819,1.7217,0.81922,2.1007,2.8136,1.063,2.6337,4.0677,2.2061,2.5251,3.6082,2.5775,2.424,4.9067,2.8478,2.68,4.5563,2.1245,2.5076,4.4821,2.3533,2.1268,4.2291,0.76115,2.0352,3.3071,0.42153,2.4494,2.9806,0.59443,2.1422,3.7047,2.3827,2.4539,4.4671,0.83269,2.4483,2.9355,1.2473,1.6024,4.2828,1.6815,2.0244,3.4269,6.1351,2.68,1.8834,3.3423,2.9257,0.063934,0.82241,2.4204,2.9795,1.668,1.6259,4.0713,1.5049,1.8849,3.1765,0.77242,2.445,2.9066,2.1558,2.3372,4.8883,1.1904,2.5623,3.1313,1.0122,1.9581,3.5042,0.48065,1.9767,3.2751,1.7195,2.0163,3.4156,2.3857,2.1132,4.2197,2.1842,2.1496,4.999,1.2732,1.6981,3.8278,0.6938,1.9762,2.7783,2.1897,2.16,5.0194,2.3534,2.2215,4.5224,1.5743,2.3817,3.967,4.361,2.9394,0.28586,1.955,2.3862,4.0088,0.82487,1.9493,4.1229,1.2574,2.6067,4.2598,3.6664,2.8263,6.2272,1.5403,1.6369,3.2952,0.26844,2.2999,3.3347,5.1015,2.9404,1.0467,0.64961,2.7571,3.359,1.332,2.5228,3.0201,2.1462,2.1124,4.9371,1.4756,2.0635,4.3845,1.5271,1.63,3.3015,1.4021,2.9185,3.3754,0.52875,2.4295,2.8261,0.89679,2.448,3.0118,0.23918,2.6085,3.344,1.6342,2.2938,4.1555,0.53875,2.4329,2.8024,1.0304,2.2283,3.6204,1.3933,1.7817,4.2884,0.31799,2.3199,3.3764,1.5269,1.6069,3.2956,0.52309,2.4289,2.8255,3.2056,2.8659,6.138,1.962,2.5739,4.0097,2.0134,2.1938,4.6284,2.5089,2.7727,5.1314,1.9047,1.9301,3.8698,1.2924,1.766,3.7049,2.1743,2.1334,4.983,1.3766,2.6273,3.951,1.1109,3.0657,2.9436,4.7421,2.9497,0.45078,1.3296,2.701,4.3948,1.913,1.9267,3.8766,1.2992,2.6417,2.9261,0.52982,2.7535,3.1478,0.98146,2.8984,4.1682,0.68437,2.5266,2.6727,0.68211,1.984,2.9384,0.53365,2.4107,3.3881,1.5609,2.1786,4.276,1.3969,2.7082,4.4455,0.57546,1.9793,3.0356,1.993,1.8592,3.8037,1.1902,1.8046,3.6759,2.3185,2.6872,4.7922,1.3653,1.5983,4.1376,1.3644,2.1543,3.1569,0.61391,1.9885,3.0477,0.50306,2.4355,2.6259,1.6339,2.3088,4.1633,2.3391,2.6819,4.839,0.59433,1.9956,3.0211,1.5728,1.6942,3.3384,0.44446,3.051,2.3349,0.64176,2.5334,2.6423,2.9986,2.7486,5.9963,0.045399,2.8786,2.7159,4.6818,2.9488,0.38809,2.2924,2.3707,3.6545,1.1631,3.0533,3.9735,1.3581,2.3393,3.4931,0.96515,3.0643,3.7767,2.3365,2.2312,3.7602,1.1868,1.7913,3.6728,2.4358,2.3538,4.5828,2.5384,2.6721,4.0534,1.3069,2.6751,4.3617,1.9006,1.8951,3.8568,1.1871,2.7289,3.7089,2.3626,2.4552,4.963,1.6146,2.5862,3.3972,2.1641,2.2131,4.115,0.77577,1.9158,3.348,2.2807,2.4108,3.6904,2.2916,2.3987,3.6737,2.2159,1.9527,4.9597,2.6185,2.2803,4.7887,2.3431,2.239,3.7733,1.3677,1.5884,3.8622,2.3366,2.6927,4.8268,1.9002,1.9072,3.8641,0.7747,2.1255,4.0312,1.5987,1.7853,4.2517,2.3478,2.6887,4.8497,1.4466,2.3873,3.2617,5.9912,2.899,2.2872,1.8469,1.7899,3.5085,1.9132,2.9661,4.2165,2.0681,1.9572,4.8216,1.1666,2.584,4.3407,1.9293,2.1437,4.8696,1.6107,1.7385,3.9626,1.6035,2.0236,3.345,1.07,2.7176,3.614,0.97051,2.7999,3.8516,1.4299,2.4481,3.8693,1.1536,2.7413,3.6642,1.8245,1.7156,4.0793,0.93002,2.4571,2.8085,1.939,2.0997,4.4191,0.20287,2.7723,2.964,1.0649,1.9437,4.2698,0.97938,2.3104,3.0728,1.6629,2.3989,4.593,0.96835,2.0531,2.8616,0.73117,1.9758,2.7416,1.603,1.7284,3.9665,0.94465,2.4492,2.8314,1.3595,1.5828,3.8414,2.7373,2.5767,4.6059,1.0825,2.1655,3.6055,1.1578,2.753,3.6817,1.9772,1.9811,4.4899,1.0542,1.9517,4.2595,1.8626,1.675,3.4617,1.663,2.5204,3.9986,2.128,2.5427,4.8963,2.1233,2.3922,3.6744,1.2359,3.0493,3.456,1.4523,1.4791,4.2125,0.64515,2.9902,3.651,1.613,1.6992,4.2161,0.73512,1.9912,2.7354,0.71264,2.1954,3.9618,2.6615,2.59,4.5202,2.0144,2.1066,3.416,1.4155,2.8636,3.5575,1.0737,2.24,3.5991,2.5485,2.0273,4.5124,1.4767,1.7244,4.421,1.5763,2.5813,3.5943,2.057,2.3336,4.0953,2.6622,2.3504,4.9502,0.50046,2.5231,3.0219
1784.4,0.12744,115.82,15.907,0.089388,511.31,1.4821,1.8225,4.1322,1.2669,2.2403,4.234,1.1881,1.96,4.2501,2.4621,2.6426,4.2858,0.86077,2.0285,4.269,1.5171,2.5416,3.896,3.1446,2.837,5.9902,1.1749,1.9628,4.2415,1.741,1.6562,4.2303,1.2956,2.2283,4.2776,0.83492,2.0577,4.2066,2.9519,2.8332,4.5437,5.5836,2.7277,1.3243,1.313,2.7475,3.6988,0.91564,2.1402,3.0082,2.5143,2.1048,4.5245,1.4654,1.6422,3.9223,0.64695,2.6081,3.8355,2.0265,1.7661,3.4991,1.1077,2.4029,3.1689,0.19561,2.2974,3.4601,1.7707,1.6799,3.4038,1.9626,2.7685,4.2396,1.7902,1.7122,3.4067,1.4478,1.6303,3.9445,0.3853,2.1626,3.1496,2.0908,2.3968,4.457,1.4681,1.6917,3.2044,0.82865,1.9312,2.7524,3.1266,2.8402,5.9498,2.0302,1.791,3.5012,1.0383,2.721,2.9308,1.83,2.589,4.0373,0.6609,1.9177,2.8039,1.0639,2.4252,3.1043,1.9172,1.9222,4.5252,1.7125,1.6462,3.8923,0.51349,2.2013,3.7537,1.1799,2.5199,3.7533,0.94372,2.1082,3.203,2.6226,2.3395,4.3906,2.1312,2.2022,4.7518,1.4984,1.6728,3.9385,1.8975,1.9229,4.5099,1.5071,2.2048,3.2563,0.77034,2.1389,3.1031,2.4423,2.4125,4.3774,1.9104,2.5947,4.8016,1.8671,2.6033,4.759,2.6075,2.3539,4.3956,1.2796,2.5277,3.898,1.7249,2.2528,4.3442,1.9107,3.0144,3.841,0.57594,2.4701,2.5414,1.5247,2.0832,4.6444,2.051,3.0309,3.984,0.33666,2.4008,3.3569,1.6624,1.5892,4.0748,0.68673,2.0571,3.0504,2.2563,2.2579,4.6694,0.7322,2.5757,3.1316,0.94617,2.1194,3.1943,1.9243,2.8909,1.8293,2.0265,2.0165,4.6458,2.5958,2.3613,4.391,2.5931,2.2988,5.1052,2.0022,2.7229,4.2948,1.0807,1.7903,3.9933,4.6487,2.9171,0.51919,0.84968,2.1274,3.0102,1.3061,2.0933,4.3202,1.0361,2.107,3.4672,2.1812,2.7061,4.4289,1.7216,1.561,4.1381,1.2179,2.5421,3.1285,0.77348,2.4669,3.7425,2.0713,1.886,3.6931,1.5628,2.4582,3.4466,1.6118,2.5616,3.6073,1.63,1.6205,4.2478,1.9747,2.7362,4.4349,2.0264,2.7359,4.4986,3.4539,2.7669,6.2081,1.7232,1.5525,4.1356,1.7532,2.0031,3.4539,2.0691,2.9303,4.8779,1.2133,2.5453,3.1607,2.6068,2.4404,4.9462,1.0718,2.6143,4.0568,1.5661,2.4473,3.4557,1.1462,1.8398,4.073,1.6738,1.5715,4.0657,1.7336,2.0019,3.4216,0.26372,2.9297,3.3197,2.9148,2.3036,4.644,1.3087,1.9486,4.216,1.307,2.6533,3.4344,1.4293,2.4605,3.3422,1.8654,1.9398,3.6747,1.9414,2.4288,4.0181,1.056,2.2942,3.163,2.5451,2.0099,5.1468,1.257,2.6546,3.3718,1.3949,2.4829,3.304,0.37059,2.9301,3.4173,0.6478,1.8406,2.8266,1.6672,1.9977,4.4904,1.4611,1.8103,4.1404,5.3938,2.8791,1.7057,0.81836,2.099,2.8157,1.0665,2.6372,4.0667,2.2099,2.5241,3.6048,2.5698,2.421,4.8961,2.8549,2.6769,4.5619,2.1216,2.506,4.4777,2.3543,2.1309,4.2346,0.75926,2.0417,3.3003,0.43355,2.4463,2.9936,0.59338,2.1422,3.7039,2.3821,2.4484,4.4717,0.84316,2.446,2.946,1.246,1.6049,4.2818,1.6787,2.0262,3.4241,6.118,2.678,1.8649,3.3565,2.9236,0.079621,0.829,2.4155,2.9922,1.6687,1.6242,4.0695,1.5063,1.887,3.1759,0.77475,2.443,2.9121,2.1543,2.3353,4.8803,1.1952,2.5622,3.1377,1.0133,1.9574,3.5042,0.47359,1.9761,3.2783,1.7219,2.0163,3.4117,2.3858,2.1177,4.223,2.189,2.1485,5.0006,1.2709,1.6924,3.8306,0.6951,1.9762,2.7808,2.195,2.1602,5.023,2.3578,2.2256,4.53,1.575,2.3903,3.9673,4.373,2.9318,0.29753,1.9554,2.3923,4.0108,0.82301,1.9484,4.1224,1.2678,2.6105,4.2651,3.6823,2.823,6.2435,1.5416,1.6399,3.2961,0.26244,2.2998,3.3262,5.0993,2.9342,1.0458,0.65835,2.7535,3.3686,1.3385,2.5244,3.0238,2.148,2.1083,4.9336,1.4748,2.059,4.3882,1.5272,1.6305,3.3033,1.4045,2.9173,3.3762,0.53816,2.4269,2.8392,0.89498,2.4469,3.0145,0.24056,2.6074,3.3435,1.6372,2.2987,4.1594,0.54887,2.4315,2.8124,1.0278,2.2356,3.6152,1.3933,1.7791,4.2874,0.31775,2.3217,3.374,1.5268,1.6055,3.2966,0.53164,2.4264,2.8378,3.2268,2.8648,6.1609,1.9571,2.5716,4.0077,2.0184,2.1949,4.6326,2.4923,2.7718,5.1126,1.9062,1.9253,3.8656,1.2921,1.7605,3.7069,2.1777,2.1306,4.9829,1.3741,2.6237,3.9448,1.1068,3.0639,2.9383,4.7476,2.9452,0.45508,1.3375,2.7021,4.401,1.9144,1.9233,3.8761,1.3051,2.6424,2.9332,0.54646,2.7508,3.1672,0.98819,2.898,4.1743,0.69716,2.5273,2.6832,0.68107,1.9895,2.9337,0.53275,2.4114,3.3847,1.5605,2.1778,4.2813,1.4121,2.71,4.4573,0.56933,1.9819,3.0265,1.9944,1.8552,3.8023,1.1897,1.7996,3.6796,2.3046,2.683,4.7732,1.3635,1.6051,4.1335,1.3613,2.1538,3.155,0.61138,1.9929,3.0403,0.50765,2.4337,2.6324,1.6376,2.3164,4.1679,2.3268,2.6772,4.8239,0.58907,2.0002,3.0102,1.5736,1.6922,3.3396,0.43422,3.0519,2.322,0.64814,2.5353,2.6477,3.0101,2.7482,6.0096,0.061302,2.8796,2.737,4.6843,2.9435,0.38958,2.2878,2.3662,3.6443,1.1823,3.049,3.9958,1.3484,2.3483,3.4846,0.9769,3.0623,3.7917,2.3333,2.2308,3.7551,1.1859,1.7846,3.6765,2.4365,2.3555,4.5848,2.533,2.6761,4.0559,1.312,2.6745,4.3641,1.9015,1.8876,3.852,1.1922,2.7224,3.7133,2.3539,2.4519,4.9489,1.6154,2.5824,3.4086,2.1638,2.2168,4.1173,0.77392,1.9179,3.3445,2.2736,2.4114,3.6838,2.2855,2.3975,3.6646,2.2203,1.9579,4.9657,2.6154,2.2792,4.7881,2.3406,2.2396,3.7699,1.3661,1.5889,3.8653,2.3234,2.6892,4.8099,1.9013,1.9015,3.8599,0.77461,2.1234,4.0392,1.5982,1.7802,4.251,2.3368,2.6849,4.8362,1.4465,2.3876,3.2616,5.998,2.901,2.2959,1.8464,1.789,3.512,1.9059,2.9593,4.2068,2.0745,1.958,4.8289,1.1735,2.5848,4.3484,1.9349,2.1437,4.8708,1.6103,1.7319,3.9623,1.6036,2.026,3.3405,1.0737,2.7125,3.6169,0.97439,2.7973,3.8531,1.4351,2.4538,3.8723,1.1558,2.7361,3.6643,1.8227,1.7069,4.0779,0.93195,2.457,2.8123,1.9433,2.1044,4.424,0.21823,2.7687,2.9787,1.0621,1.9419,4.2705,0.98152,2.3084,3.0782,1.667,2.4001,4.5944,0.96646,2.0501,2.8632,0.73008,1.9737,2.7416,1.6019,1.7208,3.9664,0.94761,2.4482,2.8379,1.3568,1.582,3.8422,2.7354,2.5758,4.6053,1.0819,2.1699,3.6021,1.1612,2.7481,3.6844,1.9773,1.981,4.4922,1.0508,1.9505,4.2594,1.864,1.6772,3.4632,1.663,2.524,3.9985,2.1293,2.5415,4.8928,2.1192,2.3942,3.6695,1.2453,3.0462,3.4642,1.4532,1.4814,4.21,0.64505,2.9893,3.652,1.6122,1.6932,4.2147,0.73433,1.9905,2.7351,0.71529,2.1957,3.964,2.6587,2.5884,4.5192,2.0178,2.1043,3.4146,1.42,2.8565,3.5611,1.0718,2.2468,3.5937,2.551,2.0311,4.5186,1.4748,1.7229,4.4213,1.5736,2.5799,3.5972,2.0568,2.3387,4.0985,2.6579,2.3481,4.9446,0.5069,2.5226,3.0288
1784.4,0.12744,115.82,15.907,0.098326,528.81,1.4785,1.82,4.1289,1.2672,2.2414,4.2363,1.1836,1.9569,4.2506,2.4594,2.6411,4.2856,0.86076,2.026,4.2732,1.5169,2.5463,3.8963,3.1583,2.8361,6.0069,1.1699,1.9596,4.2423,1.7406,1.6499,4.2281,1.2968,2.2283,4.2831,0.83282,2.057,4.2061,2.957,2.8329,4.5469,5.5723,2.7218,1.3117,1.3179,2.7384,3.7037,0.91147,2.1395,3.0064,2.5183,2.1104,4.5332,1.4643,1.6395,3.9238,0.64535,2.6117,3.8301,2.0289,1.7661,3.5017,1.1072,2.3999,3.1753,0.18801,2.2986,3.4493,1.7692,1.6798,3.4054,1.9491,2.7624,4.2232,1.7908,1.7149,3.4081,1.4458,1.6266,3.9471,0.38515,2.1648,3.1458,2.0947,2.3989,4.4619,1.4672,1.6933,3.2047,0.82877,1.9349,2.7523,3.1392,2.8399,5.9638,2.0333,1.7925,3.5039,1.0427,2.7211,2.9371,1.8314,2.5894,4.0409,0.66365,1.9217,2.8051,1.0628,2.4231,3.1087,1.9192,1.9225,4.5287,1.7154,1.6427,3.8932,0.51395,2.201,3.7549,1.1801,2.5268,3.7527,0.93821,2.1119,3.1972,2.6304,2.3428,4.4003,2.1374,2.2061,4.7587,1.5007,1.6735,3.9412,1.8985,1.9239,4.5121,1.5087,2.2068,3.2552,0.76409,2.1448,3.0936,2.4451,2.4164,4.3841,1.907,2.5949,4.7918,1.8612,2.6037,4.7475,2.6154,2.3594,4.4082,1.279,2.5313,3.8937,1.7297,2.2555,4.3495,1.902,3.0096,3.8312,0.58296,2.4704,2.5477,1.5213,2.0866,4.6456,2.0501,3.0272,3.9818,0.33192,2.4026,3.3505,1.6627,1.5869,4.0739,0.68416,2.06,3.0457,2.2572,2.2591,4.6706,0.73976,2.5716,3.1431,0.94032,2.1239,3.1869,0.018607,2.8905,1.8159,2.0312,2.0204,4.6527,2.6027,2.3676,4.403,2.5861,2.2947,5.0957,1.9919,2.7116,4.2839,1.0807,1.7848,3.9977,4.6501,2.9082,0.51903,0.84618,2.1281,3.0066,1.3065,2.093,4.3257,1.0338,2.1095,3.464,2.171,2.7014,4.4169,1.724,1.5579,4.1365,1.2247,2.5408,3.1332,0.77553,2.4707,3.7393,2.073,1.8821,3.6889,1.5594,2.4605,3.445,1.6089,2.5644,3.6099,1.6272,1.6165,4.2474,1.9635,2.7278,4.4219,2.0197,2.728,4.4918,3.4641,2.7647,6.2174,1.7257,1.5485,4.1334,1.7592,2.0031,3.4549,2.0664,2.9302,4.8761,1.2191,2.5445,3.1683,2.6041,2.44,4.9423,1.0752,2.6153,4.0543,1.563,2.4486,3.4551,1.1418,1.8417,4.0712,1.6754,1.5669,4.0641,1.7373,2.0015,3.4192,0.2631,2.9277,3.3198,2.919,2.3034,4.651,1.3077,1.9486,4.2174,1.3113,2.6508,3.4436,1.4261,2.4612,3.3428,1.8681,1.9354,3.67,1.9409,2.4373,4.0216,1.0522,2.2953,3.1609,2.5459,2.0066,5.1475,1.2586,2.6524,3.3783,1.3885,2.4849,3.3009,0.37877,2.9281,3.4254,0.64437,1.844,2.8172,1.6627,1.9952,4.4967,1.4607,1.8058,4.1419,5.3782,2.8762,1.6897,0.81742,2.0975,2.8177,1.0697,2.6407,4.0655,2.2142,2.523,3.6021,2.5621,2.4177,4.8855,2.8622,2.6737,4.5679,2.1189,2.5048,4.4738,2.3554,2.1352,4.2402,0.75712,2.0484,3.293,0.44556,2.4433,3.0066,0.5924,2.1421,3.703,2.3817,2.4432,4.4764,0.85369,2.4437,2.9567,1.2446,1.6076,4.2807,1.6759,2.0277,3.4213,6.1011,2.6759,1.8467,3.3704,2.9216,0.094754,0.83485,2.4109,3.0041,1.6694,1.6226,4.0678,1.5077,1.8892,3.1752,0.77679,2.441,2.9171,2.153,2.3332,4.8725,1.1999,2.5622,3.144,1.0143,1.9565,3.5043,0.46636,1.9754,3.2818,1.7241,2.0161,3.4077,2.386,2.1223,4.2266,2.1937,2.1473,5.0018,1.2686,1.687,3.8333,0.69633,1.9762,2.7833,2.2,2.1603,5.0265,2.3621,2.2295,4.5374,1.5757,2.3985,3.9675,4.3842,2.9245,0.30869,1.9557,2.3985,4.0129,0.82117,1.9475,4.1216,1.278,2.6144,4.2702,3.6979,2.8197,6.2552,1.543,1.6431,3.2971,0.2566,2.2996,3.3178,5.0976,2.9278,1.0454,0.66661,2.7499,3.3777,1.3447,2.5259,3.0271,2.1501,2.1043,4.9304,1.4738,2.0543,4.392,1.5275,1.6308,3.3049,1.4068,2.916,3.3767,0.54748,2.4243,2.8523,0.8933,2.4458,3.0173,0.24172,2.6063,3.3427,1.6403,2.3035,4.1634,0.55879,2.43,2.8223,1.0251,2.2428,3.6099,1.3934,1.7766,4.2863,0.31761,2.3232,3.3718,1.5267,1.6041,3.2977,0.54002,2.424,2.85,3.2472,2.8636,6.1829,1.9524,2.5695,4.0056,2.0233,2.1959,4.6368,2.4755,2.7708,5.0936,1.9077,1.9205,3.8614,1.2917,1.755,3.7089,2.1811,2.1278,4.9828,1.3716,2.6202,3.9386,1.1021,3.0623,2.9327,4.753,2.9407,0.45932,1.345,2.7032,4.407,1.9158,1.92,3.8758,1.3108,2.6433,2.9402,0.56231,2.7481,3.1856,0.9951,2.8974,4.1806,0.70984,2.5282,2.6937,0.68024,1.9947,2.9293,0.53198,2.412,3.3814,1.5602,2.1768,4.2866,1.427,2.7115,4.4688,0.56333,1.9845,3.0173,1.9959,1.8513,3.8011,1.1892,1.7946,3.6832,2.2915,2.6788,4.7552,1.3615,1.6115,4.1293,1.358,2.1531,3.1531,0.60889,1.9973,3.0333,0.5122,2.4321,2.639,1.6418,2.3241,4.1726,2.315,2.6725,4.809,0.58384,2.0047,2.9996,1.5745,1.6903,3.341,0.42331,3.0528,2.3084,0.65415,2.5373,2.6526,3.0217,2.7476,6.023,0.079943,2.8805,2.758,4.6872,2.9383,0.39157,2.2833,2.3617,3.6344,1.1991,3.0446,4.0155,1.3387,2.3569,3.4763,0.98791,3.0603,3.8061,2.3301,2.2305,3.7502,1.185,1.7777,3.6802,2.4373,2.3571,4.5867,2.5275,2.6799,4.0581,1.317,2.674,4.3662,1.9025,1.8801,3.8473,1.1969,2.7161,3.7173,2.3456,2.4486,4.9351,1.6163,2.5787,3.42,2.1636,2.2206,4.1197,0.77199,1.9201,3.3409,2.2665,2.412,3.6773,2.2795,2.3963,3.6557,2.2247,1.9626,4.9714,2.6123,2.2781,4.7876,2.3381,2.2403,3.7665,1.3645,1.5893,3.8682,2.3105,2.6856,4.7933,1.9025,1.8958,3.8557,0.7746,2.1213,4.0471,1.5978,1.7753,4.2502,2.3262,2.6812,4.8233,1.4464,2.3879,3.2615,6.0046,2.903,2.3045,1.8462,1.788,3.5154,1.8989,2.9523,4.1974,2.0808,1.9589,4.8358,1.1802,2.5858,4.356,1.9405,2.1439,4.8723,1.61,1.7255,3.962,1.6039,2.0285,3.3361,1.0772,2.7076,3.6194,0.97791,2.7948,3.8541,1.4403,2.4593,3.8755,1.1579,2.7312,3.6643,1.821,1.6984,4.0767,0.93385,2.4569,2.8162,1.9479,2.1092,4.4291,0.23352,2.7649,2.9934,1.0593,1.9403,4.2712,0.98335,2.3067,3.0831,1.6713,2.4015,4.5959,0.96447,2.0475,2.8646,0.72905,1.9719,2.7415,1.6008,1.7135,3.9662,0.95043,2.4472,2.8442,1.3542,1.581,3.8431,2.734,2.5749,4.6051,1.0813,2.1745,3.5986,1.1646,2.7434,3.687,1.9774,1.9809,4.4946,1.0475,1.9493,4.2594,1.8655,1.6794,3.4647,1.663,2.5275,3.9984,2.1306,2.5404,4.8893,2.115,2.3963,3.6646,1.2553,3.0429,3.4729,1.4539,1.4839,4.2076,0.6444,2.9884,3.6526,1.6114,1.6875,4.2133,0.73359,1.9896,2.7349,0.71794,2.196,3.9662,2.656,2.5869,4.5183,2.0213,2.102,3.4134,1.4245,2.8495,3.5649,1.0697,2.2537,3.5882,2.5537,2.035,4.5251,1.4728,1.7214,4.4217,1.5711,2.5784,3.6004,2.0567,2.3439,4.1018,2.6539,2.346,4.9394,0.51326,2.5224,3.0357
1784.4,0.12744,115.82,15.907,0.10726,546.09,1.4748,1.8173,4.1259,1.2677,2.2424,4.2388,1.1791,1.9538,4.2509,2.4567,2.6396,4.2856,0.86067,2.0238,4.2772,1.5168,2.5508,3.8966,3.1718,2.8351,6.0236,1.165,1.9564,4.2431,1.7401,1.6436,4.226,1.298,2.2282,4.2887,0.8308,2.0564,4.2058,2.962,2.8326,4.5499,5.5613,2.7158,1.2993,1.3224,2.7296,3.7082,0.9073,2.1389,3.0046,2.5224,2.1159,4.542,1.4631,1.637,3.9253,0.64363,2.6154,3.8245,2.0314,1.7662,3.5044,1.1064,2.3971,3.1811,0.18037,2.2997,3.4385,1.7677,1.6797,3.4071,1.9364,2.7562,4.2078,1.7913,1.7176,3.4095,1.444,1.6229,3.9497,0.38511,2.1667,3.1422,2.0985,2.4007,4.4664,1.4661,1.695,3.205,0.82885,1.9382,2.7524,3.1518,2.8394,5.9779,2.0364,1.7941,3.5066,1.0471,2.7213,2.9435,1.8328,2.59,4.0445,0.66635,1.9257,2.8062,1.0617,2.421,3.113,1.9212,1.9227,4.5322,1.7183,1.6393,3.8941,0.5145,2.2007,3.7563,1.1806,2.5333,3.7526,0.93282,2.1154,3.1915,2.6381,2.3461,4.4099,2.1436,2.2099,4.7654,1.5032,1.6743,3.9439,1.8995,1.9247,4.5142,1.5103,2.2088,3.254,0.75774,2.1506,3.0841,2.448,2.4203,4.3908,1.9037,2.5951,4.7815,1.8555,2.6042,4.7362,2.6234,2.3647,4.421,1.2783,2.5348,3.8896,1.7347,2.2583,4.3547,1.8938,3.0048,3.822,0.58994,2.471,2.5541,1.5176,2.0901,4.6464,2.0495,3.0235,3.9798,0.32733,2.4042,3.3442,1.6629,1.5847,4.0731,0.68162,2.0628,3.041,2.2579,2.2603,4.6718,0.74681,2.5676,3.1542,0.93456,2.1281,3.1795,6.2644,2.89,1.8031,2.0361,2.0244,4.6597,2.6097,2.3739,4.4152,2.5792,2.2905,5.0864,1.9823,2.7002,4.2736,1.0807,1.7795,4.002,4.6516,2.8995,0.51894,0.84273,2.1286,3.003,1.307,2.0926,4.331,1.0315,2.1122,3.4609,2.1611,2.6967,4.4055,1.7264,1.5548,4.1348,1.2312,2.5394,3.1375,0.77756,2.4744,3.7361,2.0747,1.8783,3.6847,1.556,2.4628,3.4434,1.6062,2.567,3.6129,1.6243,1.6127,4.2468,1.9529,2.7194,4.4093,2.0135,2.7202,4.4854,3.4742,2.7626,6.2266,1.7281,1.5446,4.1311,1.7652,2.003,3.456,2.0637,2.93,4.8744,1.2248,2.5438,3.1756,2.6014,2.4395,4.9383,1.0784,2.6162,4.0516,1.56,2.45,3.4547,1.1376,1.8432,4.0696,1.6771,1.5626,4.0624,1.741,2.001,3.4171,0.26284,2.9258,3.3203,2.9231,2.3029,4.6577,1.3067,1.9486,4.2188,1.3154,2.6481,3.4525,1.423,2.4619,3.3434,1.8709,1.9311,3.6655,1.9405,2.4455,4.0252,1.0484,2.2963,3.1589,2.5466,2.0036,5.148,1.2601,2.6501,3.3846,1.382,2.4869,3.298,0.38675,2.926,3.4331,0.64098,1.8471,2.8081,1.6581,1.9927,4.5027,1.4602,1.8014,4.1434,5.3628,2.8732,1.674,0.8164,2.0961,2.8194,1.0727,2.6441,4.0641,2.219,2.522,3.6002,2.5544,2.4144,4.8748,2.8698,2.6706,4.5741,2.1165,2.5037,4.47,2.3565,2.1396,4.2459,0.75475,2.0552,3.2855,0.45754,2.4404,3.0196,0.59147,2.1419,3.7023,2.3814,2.4385,4.4814,0.86427,2.4413,2.9675,1.2431,1.6103,4.2796,1.6731,2.0292,3.4183,6.0846,2.6737,1.8289,3.3836,2.9195,0.1093,0.83995,2.4065,3.015,1.67,1.6209,4.0661,1.5091,1.8912,3.1746,0.77853,2.4393,2.9218,2.1518,2.3313,4.865,1.2043,2.5623,3.1501,1.0153,1.9556,3.5044,0.45908,1.9748,3.2854,1.7264,2.0158,3.4037,2.3863,2.1268,4.2302,2.1983,2.1459,5.003,1.2662,1.6818,3.8358,0.69754,1.9763,2.7857,2.2051,2.1602,5.0297,2.3663,2.2334,4.5448,1.5763,2.4064,3.9678,4.3949,2.9172,0.31932,1.9562,2.4049,4.015,0.81936,1.9469,4.1207,1.2882,2.6182,4.2752,3.7134,2.8165,6.1197,1.5446,1.6465,3.2981,0.25094,2.2995,3.3096,5.096,2.9212,1.0454,0.67439,2.7463,3.3863,1.3507,2.5275,3.0301,2.1523,2.1004,4.9276,1.4727,2.0496,4.3956,1.5277,1.631,3.3066,1.4089,2.9148,3.3771,0.55666,2.4217,2.8652,0.89175,2.4446,3.0202,0.24265,2.6053,3.3417,1.6435,2.3084,4.1676,0.56851,2.4286,2.8321,1.0222,2.2502,3.6045,1.3935,1.7741,4.2852,0.31758,2.3248,3.3698,1.5266,1.6028,3.2988,0.54819,2.4217,2.862,3.2667,2.8624,6.204,1.9477,2.5674,4.0037,2.0283,2.1968,4.6409,2.4584,2.7698,5.0742,1.9091,1.9156,3.8572,1.2913,1.7496,3.7107,2.1845,2.1249,4.9828,1.3692,2.6168,3.9325,1.097,3.0606,2.9266,4.7582,2.9361,0.46345,1.3523,2.7042,4.4127,1.9174,1.9167,3.8754,1.3165,2.6442,2.9472,0.57739,2.7454,3.2033,1.0021,2.8967,4.187,0.72234,2.5291,2.7039,0.67954,2.0,2.9254,0.53133,2.4127,3.3784,1.5599,2.1757,4.2918,1.4416,2.7128,4.4799,0.55745,1.9869,3.0083,1.9973,1.8475,3.7999,1.1885,1.7895,3.6869,2.2793,2.6747,4.7381,1.3596,1.6177,4.1251,1.3549,2.1525,3.1513,0.60642,2.0014,3.0263,0.51671,2.4304,2.6455,1.6462,2.3319,4.1773,2.3036,2.6678,4.7946,0.57866,2.0089,2.9893,1.5752,1.6885,3.3423,0.41164,3.0537,2.294,0.65982,2.5394,2.6572,3.0335,2.747,6.0366,0.09825,2.8813,2.779,4.6903,2.9329,0.39405,2.2793,2.3571,3.6247,1.2136,3.0401,4.033,1.329,2.3652,3.4683,0.99798,3.0584,3.8196,2.3271,2.2301,3.7454,1.1839,1.7707,3.6841,2.438,2.3587,4.5884,2.5218,2.6835,4.0601,1.322,2.6735,4.3682,1.9033,1.8727,3.8428,1.2014,2.7099,3.7211,2.3378,2.4455,4.9219,1.617,2.5753,3.4311,2.1635,2.2247,4.1222,0.76999,1.9225,3.337,2.2596,2.4126,3.6708,2.2736,2.395,3.6468,2.2291,1.9669,4.9767,2.6092,2.2771,4.7869,2.3355,2.2411,3.7632,1.3629,1.5898,3.8711,2.2979,2.682,4.777,1.9036,1.8903,3.8515,0.77464,2.1191,4.0548,1.5972,1.7705,4.2495,2.3161,2.6776,4.8107,1.4462,2.3883,3.2614,6.011,2.9048,2.3129,1.8461,1.787,3.5187,1.8921,2.9454,4.1883,2.0872,1.9598,4.8427,1.1866,2.5866,4.3636,1.9462,2.1442,4.8738,1.6097,1.7191,3.9617,1.6043,2.0311,3.332,1.0803,2.7029,3.6216,0.98112,2.7924,3.8548,1.4453,2.4645,3.8787,1.1598,2.7264,3.664,1.8191,1.6902,4.0755,0.9357,2.4569,2.8201,1.9526,2.114,4.4344,0.24864,2.7609,3.0078,1.0563,1.9386,4.2717,0.98495,2.3051,3.0876,1.6755,2.403,4.5975,0.96243,2.0448,2.8657,0.72808,1.9702,2.7413,1.5997,1.7065,3.966,0.95312,2.4463,2.8506,1.3515,1.5799,3.844,2.7328,2.5743,4.6052,1.0808,2.1791,3.595,1.1678,2.7387,3.6895,1.9775,1.9809,4.4971,1.0443,1.9482,4.2594,1.8671,1.6814,3.4663,1.663,2.5309,3.9982,2.1319,2.5392,4.8858,2.1109,2.3983,3.6596,1.2655,3.0396,3.4818,1.4547,1.4864,4.2052,0.64326,2.9877,3.6527,1.6108,1.6818,4.2119,0.73286,1.9887,2.7347,0.72057,2.1965,3.9683,2.6533,2.5855,4.5176,2.0249,2.0998,3.4124,1.429,2.8426,3.5689,1.0675,2.2608,3.5826,2.5566,2.0391,4.5317,1.4709,1.72,4.4222,1.5687,2.5771,3.6038,2.0567,2.3491,4.1052,2.65,2.3439,4.9344,0.51957,2.5221,3.0424
1784.4,0.12744,115.82,15.907,0.1162,563.52,1.4713,1.8144,4.1231,1.2685,2.2433,4.2414,1.1746,1.9507,4.2511,2.4542,2.6382,4.2857,0.86052,2.0217,4.281,1.5167,2.5551,3.8969,3.1852,2.834,6.0401,1.1602,1.9531,4.2438,1.7397,1.6374,4.2238,1.2991,2.2282,4.2942,0.82885,2.0558,4.2055,2.9668,2.8323,4.553,5.5503,2.7096,1.2872,1.3265,2.7213,3.7123,0.90314,2.1381,3.0027,2.5267,2.1213,4.5509,1.4617,1.6347,3.9267,0.64169,2.6189,3.8186,2.0338,1.7661,3.507,1.1049,2.3946,3.1861,0.17267,2.301,3.4275,1.7662,1.6794,3.4088,1.9246,2.7503,4.1934,1.7921,1.72,3.4109,1.4423,1.6193,3.952,0.38516,2.1685,3.1389,2.102,2.4025,4.4706,1.4651,1.6966,3.2053,0.82888,1.9414,2.7525,3.1647,2.8389,5.9921,2.0397,1.7956,3.5095,1.0516,2.7213,2.9501,1.8342,2.5906,4.0483,0.669,1.9295,2.8076,1.0604,2.4189,3.1172,1.9233,1.923,4.5356,1.7211,1.6361,3.895,0.51516,2.2002,3.7577,1.1814,2.5394,3.7531,0.92757,2.1187,3.186,2.6458,2.3493,4.4193,2.1498,2.2136,4.7721,1.5056,1.6751,3.9465,1.9009,1.9256,4.5165,1.512,2.2106,3.2528,0.75134,2.1563,3.0745,2.4508,2.424,4.3972,1.9003,2.5955,4.7713,1.85,2.6047,4.7251,2.6316,2.3699,4.434,1.2777,2.5382,3.8855,1.7399,2.2612,4.3601,1.8859,3.0,3.8133,0.59688,2.4715,2.5603,1.5138,2.0935,4.6468,2.0487,3.0196,3.9778,0.3229,2.4057,3.3384,1.6632,1.5827,4.0722,0.67914,2.0654,3.0366,2.2587,2.2612,4.6728,0.75331,2.5636,3.1648,0.92897,2.1321,3.1725,6.2512,2.8894,1.7908,2.0413,2.0284,4.6668,2.6169,2.3799,4.4275,2.5729,2.2865,5.0775,1.9733,2.6887,4.2639,1.0807,1.7743,4.0062,4.653,2.8907,0.51892,0.83936,2.1291,2.9996,1.3075,2.0923,4.3363,1.0291,2.1148,3.4577,2.1517,2.692,4.3945,1.7288,1.5517,4.1331,1.2374,2.5381,3.1416,0.77958,2.4781,3.733,2.0765,1.8745,3.6808,1.5526,2.4651,3.4419,1.6038,2.5694,3.6161,1.6214,1.6094,4.2462,1.9426,2.711,4.3972,2.0075,2.7124,4.4792,3.4844,2.7603,6.2358,1.7306,1.5409,4.129,1.7712,2.003,3.4574,2.0611,2.9299,4.8727,1.2301,2.5431,3.1825,2.5989,2.4391,4.9345,1.0814,2.6171,4.0487,1.5571,2.4514,3.4544,1.1333,1.8445,4.0681,1.6787,1.5586,4.0607,1.7448,2.0004,3.4152,0.26275,2.924,3.3209,2.9269,2.3023,4.664,1.3057,1.9487,4.2202,1.3193,2.6457,3.4612,1.42,2.4627,3.3442,1.8738,1.9269,3.6611,1.9402,2.4532,4.0291,1.0446,2.2973,3.157,2.5472,2.0006,5.1485,1.2617,2.648,3.3909,1.3757,2.4888,3.2951,0.39453,2.9238,3.4407,0.63772,1.85,2.7994,1.6533,1.9904,4.5082,1.4596,1.7971,4.1448,5.3476,2.8702,1.6582,0.81534,2.0947,2.821,1.0755,2.6475,4.0626,2.2238,2.5209,3.599,2.5471,2.4111,4.8645,2.8775,2.6674,4.5804,2.1143,2.5028,4.4665,2.3576,2.1441,4.2517,0.75212,2.062,3.2778,0.46946,2.4375,3.0327,0.59061,2.1418,3.7015,2.3814,2.4343,4.4865,0.87486,2.4388,2.9783,1.2416,1.6132,4.2783,1.6702,2.0306,3.4154,6.0684,2.6713,1.8114,3.3962,2.9173,0.12324,0.84421,2.4024,3.0249,1.6707,1.6192,4.0644,1.5106,1.8933,3.1741,0.77992,2.4376,2.9259,2.1509,2.3293,4.8578,1.2086,2.5624,3.156,1.0162,1.9547,3.5045,0.45183,1.9743,3.2891,1.7287,2.0152,3.3998,2.3868,2.1315,4.2341,2.2028,2.1444,5.0041,1.2638,1.677,3.8381,0.69868,1.9764,2.788,2.2099,2.1601,5.0328,2.3704,2.2372,4.552,1.5769,2.414,3.9679,4.4051,2.9101,0.32962,1.9568,2.4112,4.0172,0.81758,1.9464,4.1199,1.2983,2.622,4.2799,3.7284,2.8133,5.2139,1.5462,1.65,3.2991,0.24551,2.2992,3.3015,5.0949,2.9148,1.0459,0.68163,2.7428,3.3941,1.3563,2.529,3.0329,2.1548,2.0967,4.9252,1.4714,2.0448,4.3993,1.5278,1.6312,3.3082,1.4108,2.9138,3.3772,0.56571,2.4192,2.8779,0.8903,2.4434,3.0232,0.2434,2.6043,3.3404,1.6467,2.3136,4.1719,0.57806,2.4272,2.8417,1.0192,2.2574,3.599,1.3935,1.7717,4.2839,0.31762,2.3262,3.368,1.5265,1.6014,3.2999,0.55619,2.4194,2.8736,3.2854,2.861,6.2251,1.943,2.5655,4.0019,2.0332,2.1975,4.6449,2.4413,2.7685,5.0546,1.9105,1.9105,3.853,1.2908,1.7443,3.7125,2.1878,2.122,4.9828,1.3668,2.6134,3.9267,1.0915,3.0591,2.9202,4.7631,2.9314,0.4675,1.3594,2.7051,4.418,1.919,1.9135,3.8753,1.3221,2.6451,2.9543,0.59168,2.7427,3.2201,1.0091,2.8958,4.1933,0.73469,2.5299,2.714,0.67902,2.0051,2.9216,0.53081,2.4132,3.3755,1.5598,2.1744,4.2971,1.4558,2.714,4.4905,0.5517,1.9894,2.9993,1.9988,1.8437,3.7989,1.1879,1.7846,3.6905,2.268,2.6708,4.7222,1.3575,1.6235,4.121,1.3517,2.1517,3.1495,0.60393,2.0055,3.0194,0.52121,2.4287,2.6519,1.6508,2.3399,4.1819,2.2926,2.6632,4.7806,0.5736,2.0127,2.9792,1.576,1.6867,3.3437,0.39931,3.0544,2.279,0.66516,2.5416,2.6615,3.0457,2.7461,6.0505,0.11663,2.882,2.8002,4.6938,2.9276,0.39706,2.2755,2.3526,3.6154,1.2261,3.0356,4.0484,1.3196,2.373,3.4606,1.0074,3.0564,3.8323,2.3241,2.2298,3.7406,1.1828,1.7637,3.688,2.4386,2.3602,4.5901,2.5162,2.6868,4.0619,1.3267,2.6731,4.37,1.9042,1.8654,3.8385,1.2056,2.7041,3.7246,2.3307,2.4424,4.9093,1.6174,2.572,3.4419,2.1634,2.2287,4.125,0.76789,1.9249,3.3331,2.2528,2.4133,3.6645,2.2677,2.3938,3.6377,2.2333,1.9707,4.9817,2.6061,2.276,4.7863,2.333,2.242,3.76,1.3614,1.5904,3.8739,2.2855,2.6782,4.7611,1.9049,1.8849,3.8475,0.77477,2.1169,4.0625,1.5967,1.7658,4.2487,2.3063,2.674,4.7986,1.4461,2.3888,3.2614,6.0174,2.9066,2.3213,1.8461,1.7861,3.522,1.8858,2.9385,4.1796,2.0935,1.9605,4.8493,1.1928,2.5875,4.371,1.9517,2.1446,4.8753,1.6094,1.7129,3.9615,1.6048,2.0339,3.328,1.0831,2.6986,3.6234,0.98405,2.7901,3.8551,1.4502,2.4694,3.8821,1.1614,2.7218,3.6636,1.8174,1.6824,4.0744,0.93747,2.4569,2.8238,1.9575,2.1189,4.4398,0.26363,2.7569,3.0221,1.0534,1.9369,4.2722,0.98628,2.3037,3.0918,1.6798,2.4045,4.599,0.96033,2.0423,2.8667,0.72714,1.9686,2.7412,1.5987,1.6998,3.9659,0.95566,2.4454,2.8568,1.3489,1.5785,3.8449,2.7317,2.5736,4.6055,1.08,2.1839,3.5912,1.1709,2.7343,3.6918,1.9775,1.981,4.4996,1.0412,1.9469,4.2595,1.8687,1.6833,3.4679,1.6629,2.5341,3.9981,2.1331,2.5381,4.8823,2.1067,2.4005,3.6546,1.2761,3.0363,3.4912,1.4556,1.4889,4.2028,0.64165,2.9869,3.6522,1.6103,1.6764,4.2105,0.73217,1.988,2.7345,0.72318,2.197,3.9705,2.6508,2.584,4.5171,2.0286,2.0975,3.4116,1.4335,2.8357,3.5732,1.0651,2.2679,3.5767,2.5596,2.0431,4.5386,1.4691,1.7185,4.4228,1.5666,2.5757,3.6074,2.0567,2.3542,4.1086,2.6464,2.342,4.9297,0.52579,2.5221,3.0489
1784.4,0.12744,115.82,15.907,0.12514,580.43,1.4679,1.8113,4.1204,1.2694,2.2442,4.2443,1.1701,1.9476,4.251,2.4515,2.6368,4.2859,0.86031,2.0198,4.2846,1.5166,2.5594,3.8972,3.1984,2.8328,6.0562,1.1555,1.9498,4.2445,1.7394,1.6312,4.2217,1.3002,2.2281,4.2998,0.82697,2.0552,4.2053,2.9714,2.8318,4.5559,5.5398,2.7033,1.2754,1.3301,2.7133,3.7158,0.89896,2.1374,3.0007,2.531,2.1266,4.56,1.4603,1.6325,3.928,0.63967,2.6225,3.8127,2.0364,1.7661,3.5097,1.103,2.3923,3.1905,0.16497,2.3021,3.4165,1.7647,1.6792,3.4105,1.9135,2.7444,4.18,1.7928,1.7224,3.4122,1.4406,1.6157,3.9542,0.38529,2.1702,3.1356,2.1053,2.404,4.4745,1.464,1.6982,3.2055,0.82884,1.9444,2.7526,3.1776,2.8383,6.0063,2.0432,1.7969,3.5124,1.056,2.7215,2.9566,1.8358,2.5912,4.052,0.67157,1.9332,2.8088,1.0592,2.4169,3.1214,1.9254,1.9232,4.539,1.7239,1.6329,3.896,0.51592,2.1999,3.7592,1.1825,2.5452,3.7538,0.92243,2.1218,3.1807,2.6534,2.3523,4.4286,2.1559,2.2171,4.7788,1.508,1.6762,3.9489,1.9023,1.9265,4.5187,1.5135,2.2123,3.2516,0.74487,2.162,3.0649,2.4537,2.4277,4.4039,1.8969,2.596,4.7608,1.8447,2.605,4.7142,2.64,2.375,4.4472,1.2771,2.5415,3.8816,1.7451,2.2641,4.3654,1.8786,2.9953,3.8051,0.60371,2.4721,2.5665,1.5099,2.097,4.647,2.0481,3.0157,3.9759,0.31866,2.407,3.3328,1.6635,1.5808,4.0713,0.67669,2.0679,3.0323,2.2593,2.2623,4.6736,0.75946,2.5596,3.1753,0.92356,2.1361,3.1656,6.241,2.8888,1.7789,2.0466,2.0325,4.6741,2.6243,2.3856,4.4399,2.5669,2.2824,5.0687,1.9648,2.6773,4.2549,1.0806,1.7691,4.0105,4.6542,2.8819,0.5188,0.83607,2.1296,2.9964,1.3082,2.0919,4.3415,1.0267,2.1176,3.4545,2.1427,2.6873,4.3839,1.7312,1.5485,4.1314,1.2435,2.5369,3.1456,0.78158,2.4817,3.7299,2.0784,1.8708,3.6767,1.5493,2.4675,3.4405,1.6016,2.5717,3.6196,1.6186,1.6063,4.2457,1.9328,2.7026,4.3855,2.0018,2.7047,4.4735,3.4946,2.758,6.245,1.733,1.5372,4.1269,1.7772,2.003,3.4588,2.0584,2.9298,4.8711,1.2352,2.5425,3.1891,2.5963,2.4388,4.9307,1.0841,2.618,4.0458,1.5543,2.4528,3.4543,1.1291,1.8456,4.0667,1.6805,1.5548,4.059,1.7485,1.9998,3.4133,0.26301,2.922,3.3218,2.9307,2.3017,4.6701,1.3046,1.9488,4.2215,1.3232,2.6434,3.4697,1.4171,2.4635,3.3451,1.8767,1.9227,3.657,1.9401,2.4608,4.0332,1.0409,2.2983,3.1551,2.5477,1.9978,5.149,1.2632,2.6461,3.3971,1.3695,2.4907,3.2923,0.40213,2.9216,3.4481,0.63451,1.8528,2.7908,1.6482,1.9881,4.5132,1.4593,1.7929,4.1461,5.3326,2.867,1.6427,0.81426,2.0934,2.8225,1.0781,2.6508,4.0609,2.2295,2.5195,3.5985,2.5397,2.4075,4.8541,2.8855,2.6641,4.5869,2.1122,2.502,4.4632,2.3589,2.1485,4.2577,0.74918,2.0688,3.2697,0.48142,2.4348,3.0456,0.58982,2.1417,3.7008,2.3813,2.4302,4.4916,0.88567,2.4361,2.9893,1.2398,1.616,4.2769,1.6675,2.0318,3.4124,6.0524,2.6688,1.7942,3.4084,2.9151,0.13665,0.84794,2.3985,3.0342,1.6712,1.6173,4.0629,1.5121,1.8952,3.1736,0.78113,2.4361,2.9299,2.15,2.3274,4.8506,1.2128,2.5625,3.1617,1.0172,1.9538,3.5046,0.44463,1.9739,3.2929,1.7309,2.0146,3.396,2.3874,2.1362,4.2381,2.2071,2.1428,5.005,1.2614,1.6723,3.8403,0.69979,1.9766,2.7902,2.2147,2.1598,5.0357,2.3745,2.2408,4.5592,1.5774,2.4215,3.968,4.4146,2.903,0.33949,1.9574,2.4178,4.0196,0.81581,1.9461,4.1188,1.3084,2.6257,4.2846,3.7434,2.81,0.42364,1.548,1.6537,3.3002,0.24021,2.2989,3.2935,5.0939,2.9081,1.0465,0.68848,2.7392,3.4015,1.3617,2.5305,3.0353,2.1575,2.0932,4.9231,1.4702,2.0399,4.4027,1.528,1.6314,3.3098,1.4127,2.9127,3.3774,0.57468,2.4167,2.8906,0.88891,2.4421,3.0262,0.24393,2.6032,3.339,1.6502,2.3187,4.1762,0.58736,2.4259,2.8512,1.0161,2.2648,3.5933,1.3936,1.7693,4.2827,0.31771,2.3275,3.3662,1.5263,1.6001,3.3011,0.56394,2.4171,2.885,3.3035,2.8596,6.229,1.9385,2.5636,4.0001,2.0381,2.1983,4.6489,2.4241,2.7673,5.0348,1.9119,1.9054,3.8488,1.2904,1.7392,3.7144,2.1912,2.1192,4.9828,1.3645,2.6101,3.9209,1.0855,3.0578,2.9133,4.7679,2.9267,0.47142,1.3664,2.7059,4.4231,1.9206,1.9103,3.8752,1.3277,2.646,2.9612,0.6053,2.7401,3.2361,1.0163,2.8947,4.1998,0.74678,2.531,2.7239,0.67858,2.0102,2.9182,0.53037,2.4136,3.3728,1.5596,2.173,4.3022,1.4697,2.7152,4.5011,0.54599,1.9918,2.9903,2.0002,1.8402,3.7978,1.1873,1.7795,3.6941,2.2574,2.6669,4.7071,1.3555,1.629,4.1167,1.3486,2.1509,3.1476,0.60145,2.0095,3.0126,0.52567,2.427,2.6584,1.6557,2.348,4.1867,2.2821,2.6587,4.7672,0.56862,2.0163,2.9695,1.5767,1.685,3.345,0.38612,3.0551,2.2631,0.6702,2.5439,2.6654,3.058,2.7451,6.0646,0.13486,2.8826,2.8211,4.6975,2.9225,0.40045,2.2719,2.3481,3.6063,1.237,3.0311,4.0618,1.3103,2.3803,3.4531,1.0156,3.0545,3.8438,2.3212,2.2295,3.7359,1.1817,1.7566,3.6919,2.4391,2.3616,4.5917,2.5104,2.6899,4.0637,1.3313,2.6726,4.3716,1.9051,1.858,3.8342,1.2098,2.6982,3.7282,2.324,2.4395,4.8972,1.6178,2.569,3.4523,2.1634,2.2329,4.1279,0.76572,1.9275,3.329,2.2462,2.414,3.6582,2.2619,2.3926,3.6289,2.2376,1.9742,4.9865,2.603,2.275,4.7856,2.3305,2.2429,3.7569,1.3598,1.5911,3.8764,2.2735,2.6743,4.7454,1.906,1.8796,3.8435,0.77491,2.1147,4.0701,1.5961,1.7613,4.2479,2.2967,2.6704,4.7867,1.446,2.3893,3.2614,6.0236,2.9085,2.3294,1.8464,1.7851,3.5251,1.8798,2.9316,4.1712,2.0999,1.9613,4.8559,1.1986,2.5883,4.3781,1.9572,2.1449,4.877,1.609,1.707,3.9612,1.6053,2.0365,3.3242,1.0857,2.6943,3.6251,0.98679,2.7878,3.8553,1.455,2.4741,3.8856,1.163,2.7173,3.6631,1.8157,1.6748,4.0732,0.93921,2.4569,2.8274,1.9626,2.1239,4.4452,0.27834,2.7527,3.0361,1.0504,1.9352,4.2726,0.98749,2.3024,3.096,1.6842,2.406,4.6005,0.95825,2.0397,2.8676,0.72626,1.9671,2.7411,1.5976,1.6932,3.9659,0.95807,2.4444,2.8629,1.3461,1.5771,3.8459,2.7308,2.573,4.6059,1.0792,2.1888,3.5874,1.174,2.7298,3.694,1.9776,1.9812,4.5022,1.0382,1.9457,4.2597,1.8702,1.6852,3.4695,1.6628,2.5372,3.9979,2.1343,2.5372,4.8788,2.1025,2.4025,3.6495,1.2868,3.0329,3.5007,1.4564,1.4916,4.2005,0.63964,2.9861,3.6513,1.6099,1.671,4.2092,0.73152,1.9872,2.7343,0.72578,2.1975,3.9726,2.6483,2.5827,4.5168,2.0322,2.0952,3.4108,1.4378,2.829,3.5775,1.0625,2.2752,3.5707,2.5626,2.0473,4.5455,1.4671,1.7172,4.4234,1.5648,2.5744,3.6111,2.0569,2.3592,4.112,2.643,2.3401,4.9253,0.53189,2.5221,3.0554
1784.4,0.12744,115.82,15.907,0.13408,598.03,1.4645,1.8082,4.1179,1.2706,2.245,4.2473,1.1656,1.9445,4.2507,2.4491,2.6354,4.2862,0.86005,2.018,4.288,1.5167,2.5634,3.8976,3.2114,2.8316,6.0722,1.1508,1.9466,4.2453,1.7391,1.6252,4.2194,1.3011,2.2279,4.3052,0.82518,2.0547,4.2052,2.976,2.8315,4.5588,5.5295,2.6969,1.264,1.3333,2.7062,3.7188,0.89482,2.1366,2.9987,2.5355,2.1318,4.5689,1.4587,1.6306,3.9293,0.63739,2.6261,3.8065,2.039,1.766,3.5124,1.1006,2.3902,3.1942,0.1572,2.3033,3.4052,1.7633,1.6787,3.4123,1.9034,2.7389,4.1675,1.7935,1.7246,3.4135,1.4391,1.6122,3.9561,0.38552,2.1718,3.1325,2.1084,2.4053,4.4782,1.4629,1.6997,3.2057,0.82876,1.947,2.7529,3.1905,2.8377,6.0206,2.0467,1.7982,3.5154,1.0606,2.7217,2.9631,1.8373,2.5918,4.0559,0.6741,1.9366,2.8102,1.0577,2.4149,3.1253,1.9275,1.9233,4.5426,1.7267,1.6299,3.8972,0.51686,2.1993,3.761,1.1839,2.5504,3.7551,0.9175,2.1248,3.1756,2.6607,2.3552,4.4375,2.162,2.2205,4.7852,1.5104,1.6771,3.9514,1.9038,1.9274,4.521,1.5151,2.2139,3.2504,0.73855,2.1673,3.0559,2.4563,2.4312,4.4101,1.8934,2.5964,4.7502,1.8396,2.6054,4.7034,2.6484,2.3799,4.4604,1.2765,2.5445,3.8777,1.7504,2.2669,4.3706,1.8718,2.9905,3.7974,0.61039,2.4727,2.5725,1.5058,2.1005,4.6469,2.0476,3.0117,3.9741,0.31463,2.4081,3.3275,1.6638,1.5789,4.0705,0.67435,2.0702,3.0282,2.2599,2.2632,4.6744,0.765,2.5556,3.1851,0.91846,2.1395,3.1594,6.2313,2.8881,1.7678,2.0521,2.0365,4.6813,2.6317,2.391,4.4522,2.5615,2.2784,5.0608,1.9572,2.6664,4.2469,1.0805,1.7641,4.0145,4.6554,2.8734,0.51868,0.83289,2.1301,2.9933,1.3088,2.0916,4.3465,1.0243,2.1203,3.4512,2.1341,2.6828,4.374,1.7336,1.5454,4.1298,1.2493,2.5357,3.149,0.78354,2.4851,3.7267,2.0803,1.8672,3.6729,1.5459,2.4699,3.4391,1.5997,2.5739,3.6233,1.6159,1.6036,4.245,1.9237,2.6945,4.3744,1.9967,2.6971,4.4681,3.5047,2.7556,6.2542,1.7356,1.5338,4.1247,1.7832,2.0028,3.4603,2.056,2.9297,4.8694,1.2401,2.5419,3.1952,2.594,2.4384,4.927,1.0867,2.6188,4.0426,1.5515,2.4542,3.4541,1.125,1.8465,4.0656,1.6823,1.5513,4.0575,1.7525,1.999,3.4117,0.26325,2.9201,3.3225,2.9343,2.3008,4.6757,1.3035,1.9488,4.2229,1.3267,2.6413,3.4778,1.4142,2.4644,3.346,1.8797,1.9185,3.653,1.9402,2.4678,4.0374,1.0374,2.2992,3.1533,2.548,1.9949,5.1493,1.2647,2.6442,3.4032,1.3635,2.4925,3.2896,0.40943,2.9194,3.4551,0.63148,1.8553,2.7828,1.643,1.986,4.5176,1.4588,1.7889,4.1473,5.318,2.8639,1.6275,0.81312,2.0923,2.8239,1.0806,2.6539,4.0591,2.2351,2.5177,3.5983,2.5327,2.404,4.8442,2.8936,2.6609,4.5937,2.1105,2.5015,4.4602,2.3603,2.1532,4.2637,0.74592,2.0755,3.2614,0.49321,2.432,3.0584,0.58906,2.1414,3.7002,2.3813,2.4264,4.4967,0.89636,2.4335,3.0003,1.238,1.6189,4.2754,1.6646,2.033,3.4094,6.0369,2.6661,1.7774,3.42,2.9128,0.14938,0.8508,2.3948,3.0424,1.6718,1.6156,4.0613,1.5136,1.8972,3.1733,0.78206,2.4347,2.9335,2.1495,2.3255,4.8441,1.2168,2.5628,3.1672,1.0181,1.9527,3.5048,0.43746,1.9737,3.2968,1.7332,2.0138,3.3921,2.3881,2.1411,4.2425,2.2116,2.1412,5.0059,1.2588,1.6679,3.8422,0.70083,1.9767,2.7923,2.2193,2.1594,5.0385,2.3786,2.2445,4.566,1.5779,2.4284,3.9682,4.424,2.8962,0.34929,1.958,2.4242,4.022,0.81412,1.9458,4.1178,1.3183,2.6293,4.2892,3.758,2.8068,0.039215,1.5499,1.6575,3.3011,0.2352,2.2986,3.2857,5.0933,2.9016,1.0478,0.69468,2.7358,3.408,1.3668,2.5319,3.0375,2.1604,2.0898,4.9212,1.4687,2.035,4.4063,1.5281,1.6313,3.3115,1.4146,2.9118,3.3772,0.58344,2.4142,2.903,0.88758,2.4408,3.0293,0.24434,2.6023,3.3372,1.6537,2.3239,4.1806,0.59643,2.4246,2.8604,1.0129,2.2721,3.5875,1.3937,1.767,4.2813,0.31784,2.3287,3.3645,1.5263,1.5989,3.3022,0.5715,2.415,2.8961,3.3208,2.8581,6.2534,1.9339,2.5619,3.9984,2.043,2.1988,4.6527,2.407,2.7658,5.015,1.9133,1.9001,3.8447,1.29,1.7341,3.7161,2.1947,2.1163,4.9829,1.3623,2.6068,3.9153,1.0793,3.0564,2.9062,4.7724,2.9219,0.47529,1.3731,2.7067,4.428,1.9224,1.9071,3.875,1.3329,2.6471,2.9681,0.61806,2.7375,3.2512,1.0232,2.8937,4.206,0.75868,2.5319,2.7336,0.67833,2.0151,2.9151,0.53008,2.4141,3.3702,1.5596,2.1717,4.3075,1.4831,2.7163,4.5109,0.54039,1.9941,2.9813,2.0016,1.8367,3.7969,1.1866,1.7744,3.6978,2.248,2.6633,4.6933,1.3533,1.6342,4.1127,1.3454,2.15,3.1458,0.59893,2.0134,3.006,0.5301,2.4253,2.6648,1.6608,2.3561,4.1913,2.2721,2.6542,4.7541,0.56387,2.0196,2.9604,1.5775,1.6834,3.3464,0.37233,3.0559,2.2467,0.67492,2.5463,2.6691,3.0706,2.7439,6.0788,0.15315,2.883,2.8421,4.7014,2.9174,0.40429,2.2686,2.3436,3.5976,1.2462,3.0265,4.0736,1.3015,2.387,3.4461,1.0231,3.0525,3.8545,2.3184,2.2293,3.7313,1.1805,1.7494,3.696,2.4395,2.3629,4.5931,2.5047,2.6927,4.0654,1.3359,2.6722,4.373,1.906,1.8508,3.8302,1.2137,2.6929,3.7314,2.3181,2.4367,4.8858,1.6177,2.5663,3.4621,2.1634,2.2373,4.1309,0.76343,1.9301,3.3248,2.2398,2.4148,3.6518,2.2562,2.3912,3.62,2.2416,1.9772,4.9907,2.5999,2.2739,4.785,2.3279,2.244,3.7538,1.3583,1.5918,3.8786,2.2617,2.6703,4.7301,1.9072,1.8743,3.8395,0.77516,2.1124,4.0776,1.5955,1.7567,4.2471,2.2876,2.6667,4.7751,1.4459,2.3898,3.2615,6.03,2.9103,2.3378,1.8468,1.7842,3.5282,1.8741,2.9247,4.1632,2.106,1.962,4.8622,1.2042,2.5891,4.3852,1.9628,2.1455,4.8785,1.6087,1.7012,3.961,1.6059,2.0393,3.3205,1.0879,2.6904,3.6263,0.9893,2.7858,3.8551,1.4598,2.4784,3.8891,1.1643,2.7132,3.6624,1.8138,1.6675,4.0722,0.94086,2.457,2.831,1.9678,2.129,4.4508,0.29289,2.7483,3.05,1.0474,1.9335,4.2729,0.98842,2.3012,3.0996,1.6885,2.4075,4.602,0.9561,2.0374,2.8683,0.72537,1.9659,2.7408,1.5967,1.6871,3.9657,0.96031,2.4437,2.8688,1.3434,1.5755,3.847,2.7299,2.5724,4.6065,1.0783,2.1937,3.5834,1.1769,2.7256,3.6962,1.9777,1.9814,4.5049,1.0353,1.9446,4.26,1.8719,1.687,3.4711,1.6628,2.5402,3.9976,2.1354,2.5363,4.8753,2.0982,2.4048,3.6444,1.2977,3.0294,3.5104,1.4573,1.4942,4.1981,0.63726,2.9854,3.65,1.6097,1.6659,4.2079,0.73089,1.9864,2.7342,0.72835,2.1981,3.9746,2.646,2.5813,4.5167,2.036,2.093,3.4103,1.4424,2.8225,3.582,1.0596,2.2824,3.5646,2.5659,2.0515,4.5527,1.4652,1.7158,4.4242,1.5629,2.5733,3.6149,2.0572,2.3642,4.1157,2.6398,2.3384,4.9211,0.53788,2.5222,3.0616
1784.4,0.12744,115.82,15.907,0.14302,615.02,1.4612,1.805,4.1155,1.2719,2.2457,4.2503,1.1611,1.9415,4.2503,2.4466,2.634,4.2865,0.85975,2.0164,4.2912,1.5167,2.5671,3.8978,3.2241,2.8301,6.0879,1.1464,1.9434,4.246,1.7387,1.6192,4.217,1.302,2.2277,4.3107,0.82346,2.0541,4.2052,2.9804,2.8311,4.5617,5.5194,2.6903,1.253,1.336,2.6994,3.7213,0.89069,2.1359,2.9967,2.5401,2.1369,4.578,1.4572,1.6287,3.9306,0.63497,2.6296,3.8001,2.0417,1.7658,3.5151,1.0978,2.3884,3.1973,0.1494,2.3044,3.394,1.7619,1.6782,3.414,1.8941,2.7334,4.156,1.7942,1.7267,3.4149,1.4375,1.609,3.9579,0.38579,2.1733,3.1296,2.1113,2.4066,4.4815,1.4618,1.7011,3.2059,0.82858,1.9494,2.753,3.2035,2.837,6.0348,2.0502,1.7994,3.5183,1.0651,2.7221,2.9698,1.8389,2.5924,4.0598,0.67653,1.9399,2.8116,1.0563,2.413,3.1291,1.9297,1.9234,4.5461,1.7294,1.627,3.8983,0.51792,2.1987,3.7628,1.1855,2.5555,3.7565,0.91268,2.1277,3.1706,2.6681,2.358,4.4464,2.1681,2.2238,4.7917,1.5128,1.6781,3.9536,1.9055,1.9282,4.5234,1.5166,2.2155,3.2493,0.73223,2.1727,3.0468,2.4589,2.4345,4.4164,1.8899,2.5969,4.7396,1.8348,2.6058,4.6928,2.6571,2.3846,4.4737,1.2759,2.5475,3.8739,1.7559,2.2698,4.3758,1.8652,2.9859,3.79,0.61698,2.4732,2.5784,1.5016,2.1039,4.6465,2.0471,3.0078,3.9724,0.31071,2.4091,3.3225,1.6641,1.5772,4.0696,0.67204,2.0723,3.0242,2.2604,2.264,4.675,0.77024,2.5517,3.1948,0.91357,2.1428,3.1533,6.2221,2.8874,1.7573,2.0578,2.0405,4.6887,2.6392,2.3962,4.4644,2.5562,2.2745,5.053,1.9502,2.6556,4.2395,1.0804,1.7592,4.0185,4.6566,2.8648,0.51871,0.8298,2.1306,2.9904,1.3095,2.0914,4.3515,1.0219,2.1229,3.4479,2.1258,2.6782,4.3644,1.736,1.5422,4.1283,1.2551,2.5346,3.1523,0.78549,2.4885,3.7237,2.0821,1.8636,3.6693,1.5426,2.4723,3.4379,1.5981,2.576,3.6273,1.6131,1.6013,4.2444,1.9149,2.6863,4.3636,1.9917,2.6897,4.4628,3.5149,2.7531,6.2531,1.738,1.5305,4.1225,1.7895,2.0026,3.462,2.0534,2.9296,4.8676,1.2445,2.5415,3.2011,2.5917,2.438,4.9234,1.0891,2.6195,4.0394,1.5489,2.4557,3.4542,1.121,1.8472,4.0644,1.6841,1.5479,4.0559,1.7564,1.9982,3.4102,0.26384,2.9181,3.3236,2.9377,2.2999,4.6812,1.3024,1.9488,4.2243,1.3301,2.6393,3.4858,1.4116,2.4653,3.347,1.8826,1.9145,3.6493,1.9404,2.4746,4.0417,1.0339,2.3,3.1517,2.5483,1.9922,5.1496,1.2663,2.6425,3.4094,1.3575,2.4943,3.2869,0.41652,2.9172,3.462,0.62854,1.8576,2.7749,1.6377,1.984,4.5214,1.4584,1.7849,4.1484,5.3037,2.8607,1.6125,0.81198,2.0912,2.8251,1.0828,2.657,4.0573,2.2407,2.516,3.598,2.5258,2.4005,4.8343,2.9019,2.6576,4.6005,2.109,2.5011,4.4574,2.3617,2.1577,4.2698,0.74247,2.0822,3.2528,0.50499,2.4294,3.0712,0.58839,2.1412,3.6996,2.3815,2.4232,4.5022,0.90718,2.4308,3.0115,1.236,1.6219,4.2738,1.6618,2.0341,3.4063,6.0216,2.6635,1.7611,3.4308,2.9105,0.16144,0.85316,2.3913,3.0499,1.6724,1.6138,4.0599,1.515,1.8992,3.1729,0.78282,2.4333,2.9367,2.1491,2.3235,4.8378,1.2207,2.563,3.1726,1.0189,1.9517,3.505,0.4302,1.9736,3.3004,1.7355,2.0128,3.3883,2.389,2.1458,4.2468,2.2158,2.1395,5.0066,1.2563,1.6637,3.8439,0.70182,1.9769,2.7943,2.2237,2.159,5.0411,2.3825,2.2479,4.5728,1.5784,2.4353,3.9682,4.433,2.8894,0.35891,1.9586,2.4308,4.0244,0.81246,1.9456,4.1166,1.3282,2.6328,4.2934,3.7723,2.8036,0.05515,1.5518,1.6614,3.3022,0.23041,2.2984,3.2782,5.0928,2.895,1.0493,0.70047,2.7324,3.4142,1.3715,2.5334,3.0394,2.1635,2.0866,4.9198,1.4673,2.03,4.4097,1.5282,1.6313,3.3131,1.4162,2.911,3.377,0.592,2.4118,2.9152,0.88628,2.4396,3.0322,0.24459,2.6013,3.3354,1.6573,2.3292,4.1851,0.6053,2.4233,2.8695,1.0095,2.2795,3.5816,1.3937,1.7648,4.2798,0.31801,2.3298,3.3629,1.5262,1.5976,3.3033,0.57882,2.413,2.9068,3.3375,2.8566,1.816,1.9295,2.5603,3.9968,2.0477,2.1994,4.6564,2.39,2.7643,4.9952,1.9146,1.8947,3.8407,1.2896,1.7291,3.7178,2.198,2.1136,4.983,1.3601,2.6036,3.9098,1.0727,3.0552,2.8988,4.7767,2.9172,0.47911,1.3796,2.7074,4.4324,1.9241,1.9041,3.875,1.3382,2.6481,2.975,0.63018,2.7349,3.2654,1.0302,2.8926,4.2122,0.77026,2.533,2.7431,0.67818,2.0198,2.9123,0.52988,2.4146,3.3678,1.5595,2.1703,4.3127,1.4961,2.7172,4.5204,0.53491,1.9965,2.9724,2.003,1.8335,3.7961,1.186,1.7694,3.7014,2.2394,2.6598,4.6805,1.3512,1.6391,4.1086,1.3423,2.1491,3.144,0.59639,2.0171,2.9994,0.5345,2.4237,2.6712,1.666,2.3642,4.1959,2.2626,2.6498,4.7416,0.55924,2.0226,2.9515,1.5782,1.6819,3.3479,0.35806,3.0565,2.2298,0.67928,2.5488,2.6724,3.0832,2.7426,6.093,0.17122,2.8833,2.8629,4.7054,2.9124,0.40843,2.2657,2.3392,3.5892,1.2544,3.022,4.0841,1.2928,2.3934,3.4393,1.0297,3.0505,3.8641,2.3156,2.2291,3.7267,1.1792,1.7421,3.7,2.4399,2.3642,4.5943,2.499,2.6953,4.067,1.3401,2.6719,4.3743,1.9068,1.8437,3.8265,1.2174,2.6876,3.7345,2.3127,2.4341,4.8749,1.6175,2.5638,3.4716,2.1636,2.2416,4.134,0.76111,1.9329,3.3205,2.2334,2.4156,3.6455,2.2504,2.3899,3.6111,2.2455,1.9799,4.9945,2.5969,2.2728,4.7845,2.3253,2.245,3.7508,1.3569,1.5927,3.8806,2.2502,2.6663,4.7151,1.9084,1.869,3.8357,0.77541,2.1102,4.0849,1.5948,1.7524,4.2464,2.2787,2.6632,4.764,1.4459,2.3904,3.2617,6.0363,2.912,2.3459,1.8473,1.7834,3.5311,1.8687,2.9178,4.1555,2.1122,1.9626,4.8684,1.2095,2.5899,4.3921,1.9682,2.1461,4.8801,1.6083,1.6955,3.9607,1.6066,2.0421,3.317,1.09,2.6866,3.6274,0.99159,2.7838,3.8548,1.4643,2.4825,3.8927,1.1656,2.7093,3.6615,1.812,1.6605,4.0712,0.94246,2.4571,2.8343,1.9731,2.134,4.4566,0.30709,2.744,3.0635,1.0444,1.9318,4.2733,0.98925,2.3001,3.1031,1.6928,2.4091,4.6034,0.95399,2.0351,2.8689,0.72451,1.9648,2.7405,1.5957,1.6811,3.9656,0.96242,2.4429,2.8747,1.3408,1.5739,3.8482,2.7293,2.5719,4.6072,1.0774,2.1987,3.5795,1.1797,2.7214,3.6983,1.9779,1.9816,4.5076,1.0325,1.9434,4.2603,1.8735,1.6888,3.4726,1.6626,2.5431,3.9974,2.1366,2.5354,4.8719,2.094,2.407,3.6392,1.3085,3.026,3.5202,1.4581,1.4968,4.1959,0.63455,2.9848,3.6484,1.6095,1.661,4.2066,0.73027,1.9856,2.734,0.73089,2.1987,3.9766,2.6437,2.5801,4.5166,2.0396,2.0908,3.4098,1.4467,2.8161,3.5866,1.0567,2.2897,3.5584,2.5692,2.0556,4.56,1.4632,1.7146,4.425,1.5612,2.5722,3.6187,2.0575,2.3692,4.1193,2.6368,2.3368,4.9172,0.54374,2.5223,3.0677
1784.4,0.12744,115.82,15.907,0.15196,632.29,1.4579,1.8017,4.1133,1.2735,2.2464,4.2534,1.1568,1.9386,4.2497,2.4442,2.6326,4.287,0.8594,2.015,4.2943,1.5168,2.5708,3.8982,3.2366,2.8286,6.1033,1.1419,1.9403,4.2467,1.7385,1.6134,4.2148,1.3028,2.2275,4.3161,0.82183,2.0537,4.2054,2.9846,2.8307,4.5643,5.5097,2.6837,1.2424,1.3383,2.6934,3.7233,0.88657,2.135,2.9947,2.5446,2.142,4.5869,1.4554,1.627,3.9318,0.63233,2.6331,3.7934,2.0443,1.7657,3.5177,1.0946,2.3867,3.1997,0.14151,2.3055,3.3825,1.7604,1.6777,3.4158,1.8855,2.7284,4.1456,1.7951,1.7287,3.4162,1.4361,1.6057,3.9596,0.38613,2.1746,3.1268,2.1141,2.4076,4.4848,1.4606,1.7027,3.206,0.82832,1.9517,2.7533,3.2167,2.8361,6.0493,2.054,1.8005,3.5215,1.0698,2.7223,2.9763,1.8407,2.5932,4.0637,0.67889,1.9432,2.813,1.0546,2.411,3.1327,1.9319,1.9234,4.5495,1.732,1.6243,3.8994,0.51915,2.1981,3.7649,1.1874,2.5602,3.7585,0.90803,2.1303,3.166,2.6754,2.3606,4.455,2.1741,2.2268,4.798,1.5152,1.6791,3.9558,1.9072,1.9291,4.5256,1.5182,2.2168,3.2481,0.72607,2.1777,3.038,2.4615,2.4378,4.4226,1.8864,2.5974,4.7286,1.83,2.6062,4.6824,2.6657,2.3892,4.4872,1.2754,2.5503,3.8702,1.7615,2.2727,4.381,1.859,2.9813,3.7831,0.62342,2.4738,2.5843,1.4973,2.1074,4.646,2.0467,3.0037,3.9708,0.30693,2.4099,3.3176,1.6645,1.5755,4.0687,0.66979,2.0743,3.0204,2.2608,2.2649,4.6754,0.77508,2.5478,3.2041,0.90897,2.146,3.1476,6.2137,2.8866,1.7475,2.0637,2.0444,4.6961,2.6467,2.401,4.4767,2.5516,2.2708,5.0457,1.9439,2.6453,4.2329,1.0804,1.7542,4.0224,4.6577,2.8563,0.51878,0.82682,2.131,2.9876,1.3104,2.0911,4.3565,1.0194,2.1258,3.4446,2.1178,2.6738,4.3552,1.7384,1.5388,4.1267,1.2606,2.5335,3.1552,0.78744,2.4917,3.7206,2.084,1.8601,3.6656,1.5393,2.4747,3.4367,1.5966,2.5781,3.6314,1.6104,1.5993,4.2436,1.9069,2.6784,4.3535,1.9871,2.6825,4.4579,3.525,2.7505,6.2151,1.7405,1.5272,4.1203,1.7957,2.0025,3.4638,2.0508,2.9296,4.8656,1.249,2.5411,3.2066,2.5895,2.4377,4.9199,1.0914,2.6202,4.0361,1.5464,2.4572,3.4543,1.117,1.8479,4.0635,1.6861,1.5449,4.0544,1.7603,1.9973,3.4089,0.26454,2.9162,3.3247,2.9411,2.2989,4.6862,1.3012,1.9488,4.2257,1.3334,2.6375,3.4935,1.4089,2.4662,3.348,1.8857,1.9104,3.6456,1.9408,2.4811,4.0461,1.0306,2.3009,3.1501,2.5485,1.9896,5.1498,1.2678,2.6408,3.4154,1.3515,2.496,3.2844,0.42341,2.9148,3.4686,0.62575,1.8596,2.7674,1.6322,1.9819,4.5247,1.4579,1.781,4.1497,5.2897,2.8575,1.5977,0.8108,2.0901,2.8264,1.0848,2.6599,4.0552,2.2463,2.514,3.5979,2.5193,2.3971,4.8247,2.9102,2.6542,4.6075,2.1075,2.5008,4.4549,2.3631,2.1623,4.276,0.73878,2.0888,3.2442,0.51659,2.4269,3.0838,0.58781,2.141,3.6991,2.3819,2.4202,4.5074,0.91796,2.4279,3.0225,1.234,1.6249,4.272,1.6589,2.035,3.4032,6.0068,2.6606,1.7451,3.4411,2.9082,0.17283,0.85489,2.3881,3.0566,1.6729,1.6121,4.0584,1.5166,1.9011,3.1727,0.78342,2.4321,2.9398,2.1489,2.3218,4.8317,1.2244,2.5634,3.1779,1.0197,1.9506,3.5052,0.42293,1.9738,3.304,1.7378,2.0117,3.3846,2.39,2.1507,4.2514,2.22,2.1377,5.0074,1.2538,1.6596,3.8454,0.70274,1.977,2.7961,2.2281,2.1583,5.0435,2.3863,2.2513,4.5796,1.5789,2.4418,3.9681,4.4417,2.8829,0.36847,1.9594,2.4374,4.0269,0.81087,1.9455,4.1156,1.3377,2.6363,4.2974,3.7864,2.8005,0.068986,1.5539,1.6654,3.3033,0.22588,2.298,3.2708,5.0926,2.8884,1.0511,0.70578,2.7291,3.4197,1.3761,2.5348,3.041,2.1666,2.0835,4.9185,1.4656,2.0251,4.413,1.5282,1.6311,3.3148,1.4179,2.9102,3.3766,0.60033,2.4093,2.927,0.88499,2.4383,3.0352,0.24472,2.6004,3.3334,1.661,2.3345,4.1895,0.61391,2.4221,2.8784,1.006,2.2868,3.5755,1.3937,1.7626,4.2784,0.31818,2.3308,3.3612,1.5261,1.5964,3.3045,0.58589,2.411,2.9172,3.3534,2.855,0.07025,1.925,2.5586,3.9951,2.0524,2.1999,4.6601,2.3731,2.7626,4.9753,1.9159,1.8892,3.8367,1.2892,1.7242,3.7195,2.2013,2.1108,4.9832,1.358,2.6005,3.9044,1.0659,3.0541,2.8912,4.781,2.9125,0.48295,1.3858,2.7079,4.4365,1.9259,1.901,3.875,1.3434,2.6491,2.9818,0.64159,2.7325,3.2788,1.037,2.8913,4.2183,0.78155,2.5339,2.7524,0.67814,2.0244,2.9098,0.52977,2.4151,3.3655,1.5595,2.1687,4.3179,1.5087,2.7181,4.5295,0.52956,1.9987,2.9636,2.0044,1.8303,3.7953,1.1852,1.7643,3.705,2.2317,2.6565,4.6688,1.349,1.6439,4.1047,1.3392,2.1482,3.1423,0.59382,2.0206,2.9929,0.5389,2.422,2.6776,1.6712,2.3722,4.2002,2.2535,2.6456,4.7295,0.55482,2.0253,2.9432,1.5789,1.6806,3.3493,0.34332,3.0572,2.2124,0.68334,2.5515,2.6753,3.096,2.7411,6.1074,0.1892,2.8835,2.8835,4.7096,2.9076,0.41284,2.263,2.3349,3.5812,1.2613,3.0175,4.0933,1.2845,2.3991,3.4331,1.0352,3.0486,3.8727,2.3128,2.2289,3.7223,1.1779,1.7348,3.7041,2.4402,2.3653,4.5954,2.4931,2.6976,4.0685,1.3442,2.6716,4.3753,1.9077,1.8365,3.8229,1.221,2.6827,3.7374,2.3079,2.4317,4.8648,1.6169,2.5618,3.4805,2.1638,2.246,4.1374,0.75871,1.9356,3.3161,2.2272,2.4164,3.6391,2.2448,2.3885,3.6022,2.2492,1.9823,4.998,2.5939,2.2719,4.7839,2.3227,2.2461,3.7479,1.3555,1.5936,3.8823,2.2391,2.6621,4.7005,1.9096,1.8639,3.832,0.77572,2.108,4.0922,1.5942,1.7482,4.2455,2.2702,2.6597,4.7532,1.4459,2.3909,3.2618,6.0427,2.9137,2.3541,1.8481,1.7825,3.534,1.8637,2.9109,4.1482,2.1183,1.9632,4.8744,1.2144,2.5906,4.3989,1.9736,2.1467,4.8818,1.6081,1.6902,3.9605,1.6074,2.045,3.3137,1.0919,2.6831,3.6282,0.99371,2.782,3.8542,1.4689,2.4862,3.8965,1.1667,2.7055,3.6606,1.8101,1.6537,4.0703,0.94398,2.4573,2.8376,1.9786,2.139,4.4623,0.321,2.7395,3.0767,1.0413,1.9301,4.2735,0.98994,2.2991,3.1064,1.697,2.4105,4.6048,0.95185,2.0329,2.8694,0.72366,1.9638,2.7401,1.5948,1.6755,3.9655,0.96439,2.4424,2.8804,1.3381,1.5721,3.8492,2.7286,2.5715,4.608,1.0764,2.2038,3.5754,1.1826,2.7174,3.7004,1.978,1.982,4.5104,1.0299,1.9423,4.2608,1.8753,1.6905,3.4743,1.6625,2.5457,3.997,2.1378,2.5346,4.8686,2.0897,2.4091,3.6341,1.3194,3.0225,3.53,1.4589,1.4994,4.1937,0.63155,2.9841,3.6465,1.6095,1.6563,4.2054,0.72967,1.9848,2.7339,0.7334,2.1995,3.9786,2.6415,2.5788,4.5168,2.0434,2.0885,3.4094,1.4511,2.81,3.5915,1.0535,2.2969,3.552,2.5726,2.0598,4.5675,1.4614,1.7135,4.4259,1.5595,2.5712,3.6226,2.0579,2.3741,4.1229,2.634,2.3352,4.9135,0.54943,2.5226,3.0736
1784.4,0.12744,115.82,15.907,0.1609,649.21,1.4547,1.7983,4.1112,1.2751,2.2471,4.2567,1.1526,1.9357,4.2491,2.4418,2.6313,4.2874,0.85902,2.0136,4.2972,1.5168,2.5744,3.8985,3.2489,2.827,6.1183,1.1375,1.9373,4.2474,1.7382,1.6077,4.2124,1.3035,2.2273,4.3215,0.82028,2.0533,4.2056,2.9887,2.8303,4.567,5.5003,2.6769,1.2323,1.3403,2.688,3.725,0.88249,2.1342,2.9927,2.5492,2.1468,4.5959,1.4537,1.6255,3.9331,0.62951,2.6366,3.7866,2.0471,1.7654,3.5204,1.091,2.3853,3.2017,0.13362,2.3067,3.3709,1.759,1.6771,3.4176,1.8779,2.7236,4.1363,1.7959,1.7306,3.4175,1.4346,1.6027,3.9611,0.38651,2.1759,3.1241,2.1167,2.4086,4.4877,1.4593,1.7043,3.206,0.82794,1.9538,2.7534,3.2299,2.8352,6.0638,2.0578,1.8016,3.5247,1.0744,2.7226,2.983,1.8424,2.5939,4.0676,0.68115,1.9463,2.8143,1.0529,2.4091,3.1362,1.9342,1.9234,4.553,1.7346,1.6217,3.9007,0.52053,2.1974,3.7671,1.1896,2.5647,3.7606,0.90353,2.1329,3.1614,2.6825,2.3632,4.4634,2.1801,2.2298,4.8043,1.5176,1.68,3.9579,1.9092,1.9299,4.528,1.5198,2.2182,3.2468,0.72004,2.1827,3.0296,2.4641,2.441,4.4287,1.8828,2.598,4.7176,1.8255,2.6066,4.6721,2.6746,2.3934,4.5008,1.2747,2.553,3.8665,1.7672,2.2756,4.3863,1.853,2.9768,3.7765,0.6297,2.4744,2.59,1.4929,2.1109,4.6452,2.0464,2.9995,3.9692,0.30327,2.4106,3.313,1.6649,1.5739,4.0678,0.6676,2.0761,3.0167,2.2611,2.2656,4.6757,0.77963,2.5439,3.2131,0.90467,2.1489,3.1423,6.2057,2.8857,1.7382,2.0697,2.0484,4.7035,2.6542,2.4055,4.4886,2.5472,2.2669,5.0388,1.9383,2.6355,4.2269,1.0803,1.7494,4.0263,4.659,2.8481,0.51896,0.82393,2.1314,2.985,1.3113,2.0909,4.3613,1.0168,2.1286,3.4412,2.1103,2.6695,4.3464,1.7408,1.5354,4.1251,1.2659,2.5324,3.158,0.78938,2.4949,3.7177,2.086,1.8568,3.6621,1.5361,2.4773,3.4357,1.5954,2.5802,3.6357,1.6078,1.5977,4.2429,1.8992,2.6707,4.3438,1.9829,2.6755,4.4533,3.5352,2.7478,4.0689,1.743,1.524,4.1181,1.8019,2.0023,3.4657,2.0479,2.9294,4.8634,1.2531,2.5408,3.2119,2.5873,2.4374,4.9166,1.0934,2.6209,4.0327,1.5438,2.4587,3.4545,1.113,1.8484,4.0625,1.688,1.542,4.053,1.7644,1.9963,3.4078,0.26544,2.9143,3.3259,2.9443,2.2977,4.6911,1.3,1.9488,4.2271,1.3365,2.6359,3.501,1.4062,2.4672,3.3492,1.8888,1.9065,3.6421,1.9414,2.4873,4.0507,1.0272,2.3016,3.1487,2.5485,1.987,5.1499,1.2693,2.6392,3.4214,1.3456,2.4976,3.2818,0.43004,2.9125,3.475,0.62312,1.8615,2.7603,1.6267,1.9798,4.5274,1.4575,1.7771,4.1506,5.276,2.8542,1.5832,0.80962,2.0891,2.8273,1.0868,2.6628,4.053,2.2519,2.5121,3.5979,2.513,2.3936,4.8155,2.9184,2.6508,4.6143,2.1062,2.5007,4.4525,2.3646,2.1669,4.2821,0.73492,2.0953,3.2354,0.52802,2.4243,3.0962,0.58732,2.1408,3.6985,2.3825,2.4176,4.5129,0.92869,2.425,3.0335,1.2319,1.628,4.2701,1.6562,2.0358,3.4001,5.9924,2.6577,1.7296,3.4507,2.9059,0.18354,0.85611,2.385,3.0625,1.6734,1.6104,4.0571,1.5181,1.9031,3.1726,0.78387,2.4309,2.9427,2.1488,2.32,4.826,1.228,2.5637,3.1829,1.0205,1.9494,3.5052,0.41567,1.974,3.3075,1.7401,2.0105,3.381,2.3912,2.1556,4.2562,2.2242,2.1359,5.008,1.2512,1.6557,3.8469,0.70358,1.9771,2.7978,2.2324,2.1575,5.0458,2.3902,2.2545,4.586,1.5792,2.4482,3.9681,4.4503,2.8764,0.37795,1.9602,2.444,4.0295,0.80934,1.9455,4.1144,1.3471,2.6396,4.3013,3.8003,2.7974,0.08375,1.556,1.6695,3.3044,0.22157,2.2977,3.2637,5.0925,2.8818,1.0533,0.71066,2.7259,3.4246,1.3804,2.5361,3.0424,2.1699,2.0805,4.9174,1.464,2.0201,4.4163,1.5282,1.6309,3.3163,1.4194,2.9095,3.3761,0.60841,2.407,2.9386,0.88367,2.437,3.0381,0.24472,2.5994,3.3312,1.6649,2.3398,4.1941,0.62229,2.4209,2.8871,1.0024,2.2941,3.5693,1.3937,1.7604,4.2769,0.31835,2.3318,3.3596,1.5261,1.5951,3.3058,0.5927,2.4091,2.9273,3.3688,2.8534,0.046008,1.9207,2.5572,3.9935,2.0572,2.2003,4.6637,2.3566,2.7607,4.9557,1.9172,1.8837,3.8328,1.2888,1.7193,3.7212,2.2046,2.1081,4.9833,1.356,2.5976,3.8991,1.0589,3.053,2.8833,4.7851,2.9076,0.48681,1.3918,2.7085,4.4405,1.9277,1.898,3.875,1.3485,2.6501,2.9886,0.65235,2.73,3.2916,1.0438,2.89,4.2243,0.79251,2.535,2.7613,0.6782,2.029,2.9075,0.52972,2.4156,3.3632,1.5596,2.1671,4.3231,1.5208,2.7188,4.5382,0.52432,2.0009,2.9548,2.0057,1.8272,3.7946,1.1844,1.7592,3.7086,2.2247,2.6535,4.6581,1.3468,1.6487,4.1008,1.3361,2.1472,3.1406,0.59122,2.0241,2.9865,0.54327,2.4204,2.684,1.6765,2.3802,4.2045,2.2448,2.6414,4.7178,0.55057,2.0279,2.9351,1.5796,1.6793,3.3506,0.32806,3.0578,2.1945,0.68708,2.5543,2.6779,3.1089,2.7396,6.1217,0.20696,2.8836,2.9039,4.7138,2.903,0.41745,2.2606,2.3307,3.5734,1.2672,3.013,4.1013,1.2764,2.4044,3.4271,1.0396,3.0467,3.8803,2.3102,2.2288,3.7179,1.1765,1.7275,3.7082,2.4403,2.3664,4.5964,2.4875,2.6997,4.0698,1.3482,2.6713,4.3762,1.9085,1.8295,3.8194,1.2245,2.6778,3.7403,2.3036,2.4294,4.8553,1.616,2.56,3.489,2.1641,2.2505,4.1409,0.75627,1.9385,3.3116,2.2212,2.4171,3.6329,2.2393,2.387,3.5934,2.2528,1.9844,5.0012,2.591,2.2708,4.7833,2.3201,2.2474,3.745,1.3541,1.5946,3.8837,2.2283,2.6579,4.6862,1.9109,1.8588,3.8283,0.77604,2.1057,4.0993,1.5935,1.744,4.2448,2.262,2.6562,4.7425,1.4459,2.3915,3.2621,6.0491,2.9153,2.3623,1.8489,1.7817,3.5367,1.8591,2.9041,4.1413,2.1244,1.9639,4.8803,1.2191,2.5913,4.4053,1.9789,2.1475,4.8834,1.6079,1.6849,3.9604,1.6083,2.0478,3.3105,1.0936,2.6798,3.6289,0.99567,2.7802,3.8534,1.4734,2.4898,3.9003,1.1678,2.7019,3.6595,1.8082,1.6473,4.0694,0.94544,2.4575,2.8408,1.9841,2.1439,4.4681,0.33457,2.735,3.0897,1.0384,1.9285,4.2737,0.99056,2.2981,3.1096,1.7012,2.4118,4.6061,0.94973,2.0308,2.8697,0.72281,1.9628,2.7397,1.5939,1.6701,3.9655,0.96624,2.4418,2.8859,1.3355,1.5703,3.8504,2.728,2.5711,4.6089,1.0752,2.2089,3.5713,1.1855,2.7135,3.7024,1.9783,1.9823,4.5131,1.0273,1.9411,4.2613,1.877,1.6921,3.4759,1.6624,2.5483,3.9968,2.1391,2.5337,4.8653,2.0855,2.4113,3.6289,1.3302,3.019,3.5398,1.4596,1.502,4.1915,0.62833,2.9835,3.6443,1.6095,1.6518,4.2041,0.72908,1.984,2.7339,0.73587,2.2002,3.9805,2.6393,2.5777,4.5171,2.0471,2.0864,3.4091,1.4553,2.804,3.5964,1.0503,2.304,3.5456,2.5761,2.064,4.5751,1.4595,1.7125,4.4268,1.558,2.5704,3.6265,2.0584,2.379,4.1266,2.6313,2.3337,4.91,0.55497,2.5229,3.0794
1784.4,0.12744,115.82,15.907,0.16984,666.13,1.4515,1.795,4.1091,1.2769,2.2477,4.2599,1.1483,1.933,4.2483,2.4395,2.6299,4.2878,0.8586,2.0123,4.3,1.517,2.5778,3.8988,3.2609,2.8252,6.1332,1.1333,1.9344,4.248,1.7381,1.6023,4.21,1.3041,2.227,4.3269,0.81881,2.0528,4.2059,2.9927,2.8299,4.5694,5.4914,2.6702,1.2229,1.3419,2.6833,3.7261,0.87843,2.1334,2.9906,2.5538,2.1515,4.6048,1.4519,1.624,3.9342,0.62651,2.6399,3.7796,2.0497,1.7651,3.5231,1.0871,2.384,3.2032,0.12568,2.3078,3.3594,1.7575,1.6764,3.4193,1.8711,2.7193,4.1279,1.7967,1.7323,3.4188,1.4331,1.5999,3.9624,0.38694,2.1771,3.1215,2.1192,2.4095,4.4903,1.4581,1.7057,3.2061,0.82745,1.9556,2.7536,3.2433,2.8342,6.0785,2.0617,1.8026,3.528,1.0791,2.723,2.9896,1.8442,2.5946,4.0716,0.68331,1.9492,2.8157,1.0511,2.4072,3.1393,1.9366,1.9233,4.5565,1.7371,1.6193,3.902,0.52205,2.1967,3.7695,1.1919,2.5688,3.763,0.89918,2.1353,3.157,2.6895,2.3657,4.4715,2.186,2.2327,4.8105,1.52,1.6808,3.9599,1.9112,1.9306,4.5303,1.5212,2.2195,3.2457,0.71422,2.1873,3.0217,2.4666,2.444,4.4348,1.879,2.5986,4.7065,1.8211,2.607,4.6619,2.6835,2.3976,4.5144,1.2742,2.5557,3.8628,1.773,2.2785,4.3915,1.8476,2.9724,3.7704,0.6358,2.4749,2.5954,1.4883,2.1143,4.6443,2.0461,2.9953,3.9678,0.29971,2.4112,3.3085,1.6653,1.5722,4.067,0.66545,2.0776,3.0131,2.2614,2.2663,4.6758,0.78385,2.5399,3.2219,0.90066,2.1516,3.1374,6.1984,2.8848,1.7297,2.0759,2.0522,4.7109,2.6616,2.4096,4.5005,2.5432,2.2633,5.0322,1.9334,2.6264,4.2218,1.0802,1.7445,4.0303,4.6601,2.84,0.51918,0.82115,2.1319,2.9827,1.3122,2.0906,4.366,1.0143,2.1314,3.4378,2.1029,2.6651,4.338,1.7432,1.532,4.1236,1.2712,2.5314,3.1606,0.79134,2.4979,3.7148,2.088,1.8533,3.6585,1.5331,2.4797,3.4349,1.5944,2.5822,3.6401,1.6052,1.5963,4.2422,1.892,2.6634,4.3346,1.9792,2.6688,4.449,3.5453,2.745,6.1561,1.7455,1.5208,4.1158,1.8083,2.002,3.4677,2.0449,2.9294,4.8611,1.2571,2.5405,3.2168,2.5852,2.437,4.913,1.0955,2.6214,4.0292,1.5414,2.4601,3.4547,1.1091,1.8489,4.0617,1.6901,1.5393,4.0516,1.7684,1.9952,3.4067,0.26646,2.9124,3.3273,2.9473,2.2964,4.6955,1.2987,1.9486,4.2285,1.3394,2.6342,3.5083,1.4037,2.4682,3.3504,1.8919,1.9025,3.6387,1.942,2.4931,4.0554,1.0239,2.3023,3.1472,2.5485,1.9846,5.1499,1.2709,2.6376,3.4274,1.3399,2.4991,3.2793,0.4365,2.9103,3.4811,0.62061,1.8632,2.7536,1.6209,1.9777,4.5296,1.457,1.7734,4.1517,5.2628,2.8509,1.5691,0.80843,2.0881,2.8284,1.0885,2.6655,4.0508,2.2575,2.5101,3.5979,2.5071,2.3902,4.8067,2.9268,2.6475,4.6213,2.1051,2.5006,4.4502,2.366,2.1716,4.2883,0.73089,2.1016,3.2265,0.5392,2.4219,3.1084,0.58691,2.1406,3.6981,2.3831,2.4152,4.5181,0.93929,2.4221,3.0444,1.2297,1.6312,4.2679,1.6534,2.0367,3.3968,5.9783,2.6547,1.7145,3.4596,2.9036,0.19351,0.85681,2.3823,3.0678,1.6738,1.6087,4.0557,1.5195,1.905,3.1724,0.78425,2.4297,2.9453,2.1489,2.3183,4.8206,1.2314,2.5642,3.1879,1.0213,1.9482,3.5056,0.40844,1.9746,3.3108,1.7424,2.0091,3.3773,2.3926,2.1605,4.2611,2.2282,2.134,5.0086,1.2486,1.6518,3.848,0.70434,1.9773,2.7994,2.2365,2.1567,5.048,2.3939,2.2577,4.5923,1.5796,2.4543,3.9679,4.4586,2.8701,0.38733,1.961,2.4508,4.0322,0.80787,1.9455,4.1134,1.3564,2.643,4.305,3.8136,2.7942,0.09824,1.5583,1.6736,3.3056,0.2175,2.2974,3.2569,5.0928,2.8755,1.0555,0.71513,2.7227,3.4292,1.3843,2.5376,3.0435,2.1733,2.0776,4.9165,1.4624,2.0151,4.4196,1.5283,1.6307,3.3178,1.421,2.909,3.3756,0.61625,2.4046,2.9499,0.88232,2.4358,3.0409,0.2446,2.5985,3.3288,1.6689,2.3452,4.1988,0.6304,2.4198,2.8954,0.99856,2.3014,3.5629,1.3937,1.7584,4.2755,0.3185,2.3328,3.358,1.526,1.5938,3.307,0.59924,2.4073,2.937,3.3838,2.8517,0.046985,1.9163,2.5556,3.992,2.0618,2.2007,4.6673,2.3405,2.7588,4.9363,1.9185,1.8781,3.829,1.2884,1.7147,3.7227,2.2079,2.1055,4.9836,1.354,2.5946,3.8939,1.0516,3.0521,2.8753,4.789,2.9029,0.49071,1.3977,2.7089,4.4441,1.9296,1.895,3.8751,1.3535,2.6512,2.9954,0.66244,2.7276,3.3034,1.0505,2.8885,4.2302,0.80315,2.5361,2.77,0.67835,2.0334,2.9054,0.52975,2.4162,3.3611,1.5596,2.1654,4.3283,1.5325,2.7194,4.5465,0.5192,2.0031,2.9461,2.0071,1.8243,3.794,1.1837,1.754,3.7121,2.2187,2.6506,4.6484,1.3447,1.653,4.097,1.3331,2.1462,3.1388,0.5886,2.0273,2.9802,0.54762,2.4188,2.6903,1.6817,2.388,4.2086,2.2365,2.6373,4.7066,0.54651,2.0301,2.9277,1.5803,1.6782,3.3521,0.31227,3.0583,2.176,0.69051,2.5571,2.6802,3.1219,2.7379,6.1361,0.22446,2.8835,2.9239,4.7179,2.8985,0.42219,2.2583,2.3264,3.566,1.2722,3.0088,4.1082,1.2688,2.4093,3.4216,1.0428,3.0448,3.8865,2.3075,2.2286,3.7135,1.1751,1.7201,3.7123,2.4405,2.3675,4.5972,2.4817,2.7017,4.0713,1.352,2.671,4.3769,1.9093,1.8225,3.8161,1.2279,2.6733,3.743,2.2998,2.4274,4.8463,1.615,2.5584,3.4971,2.1645,2.255,4.1445,0.75382,1.9413,3.3072,2.2152,2.4179,3.6267,2.2339,2.3856,3.5844,2.2562,1.9863,5.0041,2.588,2.2698,4.7829,2.3175,2.2486,3.7421,1.3527,1.5956,3.8851,2.2177,2.6537,4.6722,1.9122,1.8537,3.8246,0.77639,2.1035,4.1063,1.5928,1.74,4.244,2.2539,2.6527,4.7322,1.4461,2.3921,3.2624,6.0555,2.9169,2.3704,1.8499,1.7809,3.5394,1.8547,2.8973,4.1348,2.1305,1.9643,4.8861,1.2234,2.5918,4.4116,1.9842,2.1482,4.8849,1.6077,1.6798,3.9601,1.6092,2.0506,3.3076,1.0951,2.6765,3.6294,0.99751,2.7785,3.8526,1.4776,2.4931,3.9042,1.1688,2.6985,3.6583,1.8064,1.641,4.0686,0.94687,2.4577,2.8438,1.9897,2.1489,4.4739,0.34776,2.7303,3.1021,1.0352,1.9268,4.2737,0.99113,2.2972,3.1126,1.7054,2.4132,4.6075,0.94763,2.0287,2.8701,0.72199,1.9619,2.7393,1.5931,1.665,3.9654,0.96796,2.4412,2.8913,1.3328,1.5683,3.8517,2.7275,2.5706,4.6097,1.074,2.2141,3.5671,1.1882,2.7096,3.7046,1.9785,1.9828,4.516,1.0249,1.9398,4.2617,1.8787,1.6936,3.4775,1.6622,2.5508,3.9964,2.1405,2.5331,4.8622,2.0813,2.4135,3.6237,1.3411,3.0155,3.5498,1.4603,1.5046,4.1895,0.62489,2.9829,3.6419,1.6097,1.6475,4.2028,0.7285,1.9833,2.7338,0.73829,2.2011,3.9824,2.6373,2.5765,4.5175,2.0509,2.0842,3.4089,1.4595,2.7983,3.6015,1.047,2.3112,3.5393,2.5797,2.0683,4.5827,1.4577,1.7116,4.4277,1.5566,2.5696,3.6305,2.0588,2.3838,4.1304,2.6288,2.3322,4.9067,0.56034,2.5233,3.0848
1784.4,0.12744,115.82,15.907,0.17878,683.11,1.4484,1.7916,4.1071,1.2788,2.2482,4.2633,1.1443,1.9304,4.2475,2.437,2.6286,4.2884,0.85813,2.0111,4.3027,1.5171,2.581,3.899,3.2726,2.8233,6.1477,1.1291,1.9316,4.2485,1.738,1.5971,4.2078,1.3047,2.2267,4.3321,0.81742,2.0524,4.2062,2.9965,2.8294,4.5719,5.483,2.6634,1.2141,1.3431,2.6791,3.7269,0.87443,2.1325,2.9886,2.5584,2.1561,4.6135,1.45,1.6226,3.9353,0.6233,2.6433,3.7723,2.0525,1.7648,3.5258,1.0829,2.383,3.2041,0.1177,2.3089,3.3479,1.7562,1.6756,3.4212,1.8649,2.7153,4.1206,1.7975,1.734,3.4201,1.4318,1.5972,3.9636,0.38743,2.1783,3.119,2.1214,2.4104,4.4929,1.4568,1.7072,3.2061,0.82687,1.9572,2.7536,3.257,2.8331,6.0933,2.0657,1.8035,3.5312,1.0839,2.7234,2.9962,1.846,2.5953,4.0757,0.68536,1.9521,2.817,1.049,2.4055,3.1423,1.9389,1.9233,4.56,1.7395,1.617,3.9033,0.52374,2.1959,3.772,1.1944,2.5726,3.7657,0.895,2.1377,3.1529,2.6963,2.3679,4.4793,2.1919,2.2354,4.8166,1.5224,1.6815,3.9617,1.9133,1.9314,4.5326,1.5227,2.2207,3.2445,0.70872,2.1917,3.0143,2.4688,2.4469,4.4406,1.8752,2.5993,4.6951,1.8169,2.6073,4.6521,2.6924,2.4014,4.5279,1.2736,2.5582,3.8591,1.7789,2.2814,4.3966,1.8423,2.9683,3.7646,0.6417,2.4756,2.6008,1.4836,2.1178,4.6432,2.0459,2.9913,3.9664,0.29628,2.4117,3.3043,1.6658,1.5707,4.0661,0.66336,2.0791,3.0098,2.2615,2.2671,4.6759,0.78765,2.536,3.2302,0.89698,2.154,3.133,6.1916,2.8838,1.7216,2.0821,2.056,4.7184,2.6688,2.4133,4.5119,2.5397,2.2596,5.0263,1.9292,2.6182,4.2174,1.0801,1.7397,4.0342,4.6611,2.8323,0.51942,0.81847,2.1324,2.9803,1.3132,2.0904,4.3706,1.0118,2.1342,3.4343,2.096,2.661,4.3301,1.7456,1.5285,4.122,1.2762,2.5305,3.1628,0.7933,2.5009,3.712,2.09,1.85,3.6553,1.5301,2.4821,3.4342,1.5936,2.5843,3.6448,1.6026,1.5953,4.2414,1.8854,2.6563,4.3258,1.9757,2.6623,4.445,3.5553,2.7422,0.0044201,1.7481,1.5177,4.1136,1.8146,2.0017,3.4699,2.0418,2.9292,4.8584,1.2609,2.5403,3.2215,2.5832,2.4367,4.9098,1.0973,2.6219,4.0256,1.539,2.4617,3.455,1.1053,1.8492,4.0609,1.6922,1.5366,4.0501,1.7726,1.9941,3.4058,0.26758,2.9104,3.3285,2.9502,2.2952,4.6997,1.2975,1.9485,4.2299,1.3422,2.633,3.5152,1.4012,2.4692,3.3516,1.8951,1.8987,3.6356,1.9428,2.4985,4.0601,1.0207,2.303,3.1459,2.5483,1.9824,5.1499,1.2725,2.6363,3.4332,1.3341,2.5006,3.2768,0.44279,2.9078,3.4871,0.61826,1.8647,2.7472,1.6151,1.9756,4.5314,1.4567,1.7697,4.1527,5.2499,2.8477,1.5553,0.80722,2.0871,2.8293,1.09,2.6681,4.0486,2.2632,2.5081,3.5981,2.5016,2.387,4.7983,2.935,2.644,4.6281,2.1041,2.5007,4.4482,2.3676,2.1762,4.2945,0.72673,2.1075,3.2178,0.55004,2.4195,3.12,0.5866,2.1404,3.6977,2.384,2.4132,4.5233,0.94954,2.4193,3.055,1.2275,1.6344,4.2658,1.6505,2.0373,3.3936,5.9648,2.6516,1.7001,3.4679,2.9014,0.20272,0.85691,2.3797,3.0722,1.6743,1.6071,4.0544,1.5211,1.9069,3.1723,0.78456,2.4286,2.948,2.1493,2.3166,4.8155,1.2347,2.5647,3.1926,1.022,1.9469,3.5058,0.40129,1.9753,3.3142,1.7448,2.0078,3.3737,2.3941,2.1655,4.2662,2.2322,2.132,5.0093,1.246,1.6482,3.849,0.70499,1.9774,2.8009,2.2406,2.1557,5.0501,2.3976,2.2608,4.5985,1.5798,2.4602,3.9676,4.4667,2.864,0.39672,1.9619,2.4575,4.035,0.80648,1.9455,4.1124,1.3652,2.6462,4.3082,3.8268,2.7912,0.11244,1.5605,1.6778,3.3069,0.21373,2.2971,3.2503,5.0931,2.8691,1.0582,0.7192,2.7197,3.4332,1.3881,2.539,3.0444,2.1768,2.0748,4.9157,1.4606,2.0102,4.4228,1.5283,1.6305,3.3194,1.4225,2.9085,3.375,0.62379,2.4023,2.9607,0.8809,2.4346,3.0435,0.24442,2.5976,3.3265,1.6729,2.3504,4.2035,0.63832,2.4187,2.9036,0.99462,2.3087,3.5563,1.3936,1.7563,4.2739,0.31861,2.3336,3.3563,1.5259,1.5925,3.3082,0.60553,2.4057,2.9464,3.398,2.85,0.063167,1.9121,2.5543,3.9905,2.0664,2.201,4.6708,2.3246,2.7567,4.9172,1.9197,1.8724,3.8253,1.288,1.7101,3.7243,2.2112,2.1028,4.9838,1.3521,2.5919,3.8888,1.0441,3.0512,2.867,4.7929,2.8982,0.49468,1.4032,2.7092,4.4473,1.9315,1.892,3.8753,1.3584,2.6523,3.0022,0.67187,2.7254,3.3144,1.0571,2.8872,4.2361,0.81351,2.5372,2.7785,0.67859,2.0376,2.9035,0.52985,2.4168,3.359,1.5597,2.1636,4.3334,1.5438,2.72,4.5543,0.51425,2.0051,2.9376,2.0084,1.8215,3.7935,1.1828,1.749,3.7156,2.2133,2.648,4.6396,1.3425,1.6574,4.0932,1.3301,2.1451,3.1371,0.58595,2.0302,2.9742,0.55194,2.4172,2.6967,1.6869,2.3957,4.2125,2.2287,2.6333,4.6958,0.54268,2.0321,2.9206,1.581,1.6771,3.3536,0.29613,3.0588,2.1573,0.69362,2.5601,2.6821,3.1347,2.7361,6.1503,0.24166,2.8833,2.9437,4.722,2.8943,0.42704,2.2565,2.3223,3.5591,1.2765,3.0045,4.1144,1.2615,2.4137,3.4165,1.0452,3.0429,3.8919,2.3049,2.2284,3.7092,1.1736,1.7127,3.7165,2.4406,2.3684,4.598,2.476,2.7035,4.0728,1.3556,2.6708,4.3774,1.9101,1.8156,3.8131,1.2309,2.6689,3.7457,2.2966,2.4256,4.838,1.6137,2.5572,3.5047,2.1648,2.2596,4.1483,0.75137,1.9442,3.3027,2.2094,2.4187,3.6205,2.2285,2.3841,3.5756,2.2596,1.988,5.0068,2.5851,2.2688,4.7824,2.3149,2.2499,3.7392,1.3514,1.5965,3.8862,2.2074,2.6493,4.6586,1.9135,1.8487,3.8211,0.77676,2.1012,4.1132,1.592,1.7361,4.2431,2.2462,2.6494,4.7222,1.4462,2.3928,3.2627,6.062,2.9185,2.3787,1.851,1.7801,3.542,1.8508,2.8905,4.1286,2.1364,1.9649,4.8916,1.2274,2.5923,4.4178,1.9892,2.1491,4.8865,1.6075,1.6749,3.96,1.6103,2.0534,3.3047,1.0965,2.6735,3.6296,0.99919,2.7769,3.8515,1.4819,2.4962,3.9082,1.1696,2.6951,3.6571,1.8045,1.6351,4.0678,0.94823,2.458,2.8468,1.9953,2.1537,4.4797,0.36058,2.7257,3.1143,1.0321,1.925,4.2738,0.99167,2.2963,3.1156,1.7094,2.4143,4.6087,0.94553,2.0267,2.8703,0.72116,1.9611,2.7388,1.5923,1.6602,3.9654,0.96954,2.4409,2.8964,1.3301,1.5663,3.8529,2.7268,2.5702,4.6105,1.0727,2.2192,3.5629,1.191,2.7058,3.7066,1.9788,1.9831,4.5188,1.0226,1.9387,4.2623,1.8805,1.6951,3.4792,1.662,2.553,3.996,2.1419,2.5324,4.8592,2.0772,2.4156,3.6187,1.3517,3.0118,3.5596,1.461,1.5071,4.1874,0.62132,2.9822,3.6394,1.61,1.6435,4.2016,0.72793,1.9825,2.7337,0.74066,2.202,3.9841,2.6352,2.5754,4.5178,2.0547,2.082,3.4087,1.4637,2.7927,3.6066,1.0436,2.3181,3.5329,2.5835,2.0725,4.5904,1.456,1.7109,4.4287,1.5551,2.569,3.6344,2.0594,2.3885,4.1342,2.6264,2.3309,4.9036,0.56555,2.5237,3.0901
1784.4,0.12744,115.82,15.907,0.18771,699.59,1.4454,1.7882,4.1052,1.2808,2.2488,4.2667,1.1403,1.9278,4.2465,2.4348,2.6274,4.2891,0.85764,2.01,4.3053,1.5172,2.5841,3.8991,3.284,2.8214,6.1618,1.1251,1.9288,4.2491,1.7379,1.5919,4.2054,1.3052,2.2263,4.3374,0.8161,2.0521,4.2067,3.0,2.8289,4.574,5.4749,2.6568,1.206,1.344,2.6755,3.7274,0.87046,2.1316,2.9866,2.5629,2.1605,4.6221,1.448,1.6213,3.9365,0.62004,2.6467,3.7649,2.0553,1.7644,3.5284,1.0784,2.3821,3.2046,0.10972,2.3099,3.3362,1.7548,1.6748,3.423,1.8594,2.7114,4.1139,1.7984,1.7357,3.4214,1.4304,1.5948,3.9647,0.38794,2.1793,3.1166,2.1237,2.4112,4.4952,1.4555,1.7088,3.206,0.82618,1.9586,2.7536,3.2709,2.832,6.1084,2.0698,1.8043,3.5347,1.0886,2.7239,3.0028,1.8479,2.596,4.0797,0.68728,1.9548,2.8181,1.0469,2.4038,3.145,1.9414,1.9232,4.5635,1.742,1.615,3.9046,0.52555,2.195,3.7747,1.197,2.5762,3.7685,0.89094,2.1399,3.1488,2.7028,2.3701,4.4868,2.1977,2.2382,4.8227,1.5249,1.6822,3.9635,1.9155,1.9321,4.535,1.5243,2.2218,3.2434,0.7034,2.1961,3.0072,2.4712,2.4497,4.4465,1.8713,2.6,4.6838,1.8127,2.6077,4.6422,2.7015,2.405,4.5416,1.2729,2.5607,3.8555,1.7849,2.2843,4.4018,1.8373,2.9641,3.7592,0.64738,2.4761,2.6059,1.4788,2.1214,4.6417,2.0456,2.987,3.9649,0.29289,2.412,3.3001,1.6661,1.5692,4.0652,0.66129,2.0804,3.0065,2.2616,2.2678,4.6758,0.79118,2.5321,3.2384,0.89353,2.1564,3.1288,6.1854,2.8828,1.7141,2.0885,2.0597,4.7258,2.676,2.4168,4.5234,2.5363,2.2559,5.0204,1.9256,2.6105,4.2136,1.08,1.7349,4.0381,4.6621,2.8248,0.51979,0.81588,2.1328,2.9782,1.3143,2.0902,4.3752,1.0091,2.1371,3.4308,2.0893,2.6568,4.3225,1.7479,1.5248,4.1204,1.2812,2.5295,3.1651,0.79529,2.5037,3.7092,2.092,1.8466,3.6519,1.5272,2.4846,3.4337,1.5929,2.5863,3.6496,1.6001,1.5944,4.2406,1.8791,2.6493,4.3173,1.9725,2.656,4.4413,3.5654,2.7393,0.025524,1.7507,1.5146,4.1112,1.8209,2.0015,3.472,2.0385,2.9291,4.8555,1.2646,2.5401,3.226,2.5812,2.4364,4.9065,1.0991,2.6224,4.0219,1.5366,2.4633,3.4554,1.1016,1.8494,4.0601,1.6942,1.5341,4.0487,1.7767,1.993,3.4051,0.26888,2.9085,3.33,2.953,2.2937,4.7037,1.2962,1.9483,4.2313,1.345,2.6316,3.5222,1.3987,2.4702,3.3529,1.8982,1.895,3.6326,1.9436,2.5037,4.0648,1.0176,2.3036,3.1447,2.5481,1.9802,5.1499,1.2742,2.6349,3.4391,1.3285,2.5022,3.2743,0.4489,2.9055,3.4928,0.616,1.8661,2.741,1.6092,1.9736,4.5328,1.4563,1.7662,4.1536,5.2374,2.8444,1.5418,0.80603,2.0862,2.8302,1.0915,2.6706,4.0461,2.2692,2.5061,3.5984,2.4963,2.3839,4.7902,2.9432,2.6405,4.6348,2.1032,2.5008,4.4462,2.3693,2.1808,4.3007,0.72239,2.1135,3.2088,0.56066,2.4171,3.1314,0.58639,2.1402,3.6974,2.3849,2.4113,4.5284,0.95966,2.4165,3.0653,1.2251,1.6376,4.2635,1.6478,2.0379,3.3904,5.9516,2.6485,1.686,3.4754,2.8991,0.21122,0.85661,2.3773,3.0762,1.6747,1.6054,4.0532,1.5226,1.9088,3.1723,0.78483,2.4274,2.9505,2.1496,2.3149,4.8107,1.238,2.5654,3.1972,1.0228,1.9456,3.5061,0.39413,1.9763,3.3177,1.7473,2.0063,3.3702,2.3959,2.1704,4.2714,2.2361,2.13,5.0099,1.2433,1.6446,3.8499,0.70554,1.9774,2.8021,2.2445,2.1547,5.052,2.4011,2.2637,4.6046,1.58,2.4658,3.9673,4.4747,2.8579,0.40598,1.9629,2.4642,4.0379,0.80512,1.9456,4.1115,1.3741,2.6494,4.3115,3.8396,2.7882,0.12643,1.5629,1.6821,3.3081,0.21014,2.2969,3.2439,5.0937,2.8628,1.0611,0.723,2.7167,3.4369,1.3916,2.5404,3.045,2.1803,2.072,4.9151,1.4588,2.0052,4.4259,1.5284,1.6302,3.321,1.4241,2.908,3.3744,0.63114,2.4002,2.9714,0.87939,2.4335,3.0461,0.2441,2.5967,3.3239,1.6769,2.3557,4.2083,0.64601,2.4176,2.9116,0.99055,2.316,3.5497,1.3936,1.7543,4.2723,0.31867,2.3344,3.3546,1.5258,1.5912,3.3094,0.61156,2.4041,2.9554,3.4119,2.8482,0.078402,1.9079,2.553,3.9892,2.0709,2.2012,4.6744,2.3092,2.7546,4.8983,1.9209,1.8667,3.8217,1.2877,1.7056,3.7259,2.2144,2.1003,4.984,1.3502,2.5891,3.8839,1.0363,3.0504,2.8585,4.7966,2.8935,0.49868,1.4086,2.7094,4.4505,1.9334,1.8891,3.8755,1.3632,2.6533,3.0088,0.68071,2.7232,3.3249,1.0637,2.8857,4.2419,0.82354,2.5383,2.7867,0.67888,2.0418,2.9018,0.53007,2.4175,3.3571,1.5597,2.1617,4.3386,1.5548,2.7205,4.5618,0.5094,2.0071,2.9292,2.0097,1.8187,3.7929,1.182,1.7439,3.7191,2.2085,2.6454,4.6315,1.3403,1.6618,4.0895,1.3271,2.1441,3.1353,0.58328,2.0331,2.9681,0.55622,2.4156,2.703,1.6921,2.4032,4.2163,2.2212,2.6294,4.6854,0.53901,2.034,2.9137,1.5818,1.6762,3.3552,0.27927,3.0594,2.1379,0.69646,2.5632,2.6837,3.1476,2.7342,6.1645,0.25846,2.883,2.963,4.7262,2.8903,0.43201,2.2547,2.3181,3.5522,1.28,3.0002,4.1196,1.2543,2.4177,3.4116,1.0463,3.0411,3.896,2.3023,2.2283,3.7048,1.172,1.7052,3.7205,2.4406,2.3693,4.5988,2.4704,2.7051,4.0743,1.359,2.6706,4.3777,1.9109,1.8087,3.8101,1.2341,2.6645,3.7483,2.2937,2.4239,4.83,1.6124,2.5562,3.5121,2.1654,2.2642,4.1521,0.74893,1.9471,3.2982,2.2038,2.4195,3.6143,2.2231,2.3825,3.5668,2.2628,1.9896,5.0093,2.5823,2.2678,4.7818,2.3122,2.2512,3.7364,1.3502,1.5974,3.8871,2.1974,2.6448,4.6453,1.9147,1.8437,3.8175,0.77713,2.099,4.12,1.5911,1.7323,4.2423,2.2387,2.646,4.7123,1.4464,2.3935,3.2631,6.0686,2.92,2.3869,1.8521,1.7793,3.5445,1.8472,2.8838,4.1229,2.1422,1.9652,4.8971,1.2312,2.5929,4.4237,1.9943,2.15,4.888,1.6074,1.6702,3.9599,1.6114,2.0562,3.302,1.0977,2.6706,3.6298,1.0007,2.7752,3.8503,1.4862,2.4991,3.9121,1.1704,2.692,3.6558,1.8027,1.6292,4.0671,0.94959,2.4583,2.8497,2.001,2.1584,4.4855,0.37298,2.721,3.126,1.0291,1.9233,4.2738,0.99225,2.2955,3.1185,1.7135,2.4154,4.6099,0.94348,2.0247,2.8705,0.72036,1.9602,2.7384,1.5915,1.6557,3.9654,0.97103,2.4405,2.9015,1.3274,1.5643,3.8541,2.7261,2.5698,4.6112,1.0714,2.2244,3.5588,1.1937,2.7021,3.7087,1.9791,1.9835,4.5216,1.0202,1.9374,4.263,1.8823,1.6966,3.4808,1.6618,2.5553,3.9957,2.1433,2.5318,4.8563,2.073,2.4177,3.6135,1.3623,3.0082,3.5694,1.4617,1.5096,4.1855,0.61761,2.9816,3.6367,1.6103,1.6397,4.2004,0.72737,1.9817,2.7336,0.74299,2.203,3.9859,2.6333,2.5744,4.5184,2.0584,2.0798,3.4086,1.4677,2.7874,3.6119,1.0402,2.3248,3.5266,2.5872,2.0766,4.5983,1.4543,1.7104,4.4297,1.5538,2.5685,3.6383,2.06,2.3932,4.138,2.6242,2.3295,4.9006,0.5706,2.5241,3.0954
1784.4,0.12744,115.82,15.907,0.19665,716.49,1.4424,1.7849,4.1033,1.2829,2.2492,4.2701,1.1365,1.9253,4.2456,2.4326,2.6261,4.2898,0.85713,2.009,4.3077,1.5173,2.587,3.8993,3.2952,2.8193,6.1756,1.121,1.9262,4.2495,1.7378,1.587,4.203,1.3057,2.226,4.3424,0.81485,2.0518,4.2072,3.0034,2.8285,4.5761,5.4675,2.6503,1.1987,1.3446,2.6724,3.7276,0.86654,2.1307,2.9846,2.5673,2.1646,4.6304,1.446,1.62,3.9375,0.6166,2.6498,3.7574,2.058,1.764,3.5311,1.0737,2.3814,3.2046,0.10173,2.3108,3.3247,1.7533,1.6738,3.4249,1.8544,2.7078,4.1081,1.7992,1.7372,3.4226,1.4292,1.5926,3.9656,0.3885,2.1803,3.1143,2.1258,2.4119,4.4975,1.4542,1.7104,3.206,0.82544,1.9599,2.7537,3.285,2.8308,6.1238,2.0739,1.805,3.5381,1.0933,2.7244,3.0094,1.8499,2.5967,4.0839,0.68908,1.9574,2.8192,1.0445,2.4023,3.1475,1.944,1.9232,4.567,1.7443,1.6132,3.9059,0.52752,2.194,3.7776,1.1999,2.5796,3.7715,0.88705,2.142,3.1451,2.709,2.3722,4.4938,2.2034,2.2407,4.8287,1.5272,1.6827,3.965,1.9177,1.9328,4.5372,1.5259,2.223,3.2423,0.69853,2.2,3.0009,2.4735,2.4523,4.4521,1.8674,2.6007,4.6724,1.8087,2.608,4.6325,2.7106,2.4084,4.5551,1.2723,2.563,3.8519,1.7909,2.2872,4.4068,1.8326,2.9601,3.754,0.65281,2.4767,2.6108,1.4739,2.1249,4.6401,2.0453,2.9829,3.9636,0.28959,2.4123,3.2961,1.6666,1.5678,4.0643,0.65931,2.0816,3.0033,2.2616,2.2684,4.6755,0.79426,2.5283,3.2461,0.89039,2.1586,3.1251,6.1796,2.8818,1.7071,2.0949,2.0632,4.7331,2.683,2.4199,4.5344,2.5334,2.2523,5.0151,1.9227,2.6038,4.2103,1.08,1.7303,4.0419,4.6629,2.8178,0.52014,0.8134,2.1334,2.9761,1.3154,2.09,4.3795,1.0065,2.14,3.4274,2.083,2.6529,4.3154,1.7502,1.5213,4.1189,1.2861,2.5286,3.1671,0.79729,2.5064,3.7066,2.094,1.8434,3.6486,1.5245,2.487,3.4334,1.5925,2.5882,3.6546,1.5977,1.5938,4.2399,1.8733,2.6428,4.3095,1.9697,2.6502,4.4377,3.5752,2.7363,0.034439,1.7533,1.5114,4.1089,1.8274,2.0011,3.4743,2.0351,2.9289,4.8525,1.2681,2.54,3.2302,2.5793,2.4362,4.9032,1.1006,2.6228,4.0181,1.5343,2.4648,3.4558,1.098,1.8496,4.0594,1.6964,1.5317,4.0473,1.7809,1.9918,3.4045,0.27025,2.9066,3.3314,2.9556,2.2924,4.7074,1.2949,1.9481,4.2328,1.3475,2.6306,3.529,1.3964,2.4713,3.3542,1.9014,1.8913,3.6298,1.9444,2.5085,4.0694,1.0144,2.3042,3.1434,2.5478,1.9783,5.1498,1.2759,2.6337,3.445,1.3229,2.5035,3.272,0.45488,2.9032,3.4984,0.61389,1.8674,2.7352,1.6034,1.9716,4.5338,1.4559,1.7628,4.1545,5.2252,2.8412,1.5285,0.80484,2.0854,2.8311,1.0928,2.673,4.0436,2.2752,2.5041,3.599,2.4916,2.381,4.7828,2.9513,2.6371,4.6413,2.1024,2.5011,4.4444,2.371,2.1854,4.307,0.71795,2.119,3.2,0.5708,2.4149,3.1422,0.58629,2.14,3.6972,2.3859,2.4096,4.5332,0.96924,2.4139,3.075,1.2227,1.6408,4.2613,1.6449,2.0385,3.3871,5.9389,2.6454,1.6725,3.4822,2.8968,0.21893,0.85577,2.375,3.0793,1.6752,1.604,4.052,1.5241,1.9107,3.1724,0.78506,2.4262,2.9529,2.1503,2.3134,4.8064,1.2411,2.5661,3.2016,1.0235,1.9442,3.5065,0.3871,1.9773,3.3213,1.7498,2.0047,3.3669,2.3978,2.1753,4.277,2.2401,2.128,5.0105,1.2406,1.6411,3.8505,0.706,1.9774,2.8032,2.2483,2.1535,5.0538,2.4045,2.2666,4.6104,1.5802,2.4712,3.967,4.4824,2.8521,0.41522,1.9639,2.4708,4.0408,0.80388,1.9456,4.1106,1.3827,2.6524,4.3144,3.8519,2.7852,0.14001,1.5653,1.6863,3.3094,0.20689,2.2966,3.238,5.0946,2.8567,1.0642,0.72642,2.7139,3.4402,1.3948,2.5418,3.0455,2.1839,2.0694,4.9145,1.4569,2.0004,4.4291,1.5284,1.63,3.3224,1.4255,2.9075,3.3737,0.63813,2.398,2.9815,0.87784,2.4324,3.0485,0.24378,2.5958,3.3214,1.681,2.3608,4.213,0.65349,2.4166,2.9193,0.98635,2.3231,3.5429,1.3934,1.7523,4.2707,0.31868,2.3351,3.3528,1.5257,1.5898,3.3108,0.61732,2.4026,2.964,3.4253,2.8464,0.092871,1.9039,2.5517,3.9879,2.0754,2.2014,4.6777,2.2941,2.7523,4.8799,1.9221,1.8609,3.8183,1.2873,1.7013,3.7273,2.2175,2.0978,4.9842,1.3484,2.5867,3.8791,1.0286,3.0497,2.85,4.8001,2.8889,0.50269,1.4137,2.7095,4.4534,1.9354,1.8861,3.8757,1.368,2.6543,3.0155,0.68891,2.721,3.3345,1.0702,2.8841,4.2476,0.83326,2.5393,2.7947,0.67928,2.0459,2.9005,0.53038,2.4182,3.3552,1.5598,2.1598,4.3438,1.5652,2.7209,4.5689,0.50477,2.009,2.9212,2.0109,1.8161,3.7925,1.1811,1.7389,3.7225,2.2043,2.6431,4.6243,1.3382,1.6659,4.0859,1.3241,2.1429,3.1336,0.58064,2.0356,2.9623,0.56045,2.414,2.7093,1.697,2.4103,4.2197,2.2142,2.6257,4.6756,0.5356,2.0355,2.9075,1.5825,1.6754,3.3567,0.26211,3.0598,2.1182,0.69895,2.5663,2.6851,3.1602,2.7321,6.1783,0.27487,2.8825,2.9818,4.7302,2.8865,0.43707,2.2533,2.3141,3.5457,1.2827,2.9962,4.124,1.2477,2.4212,3.4073,1.0467,3.0393,3.8994,2.2998,2.2282,3.7006,1.1705,1.6978,3.7245,2.4406,2.3701,4.5994,2.465,2.7066,4.0759,1.3623,2.6704,4.3778,1.9117,1.802,3.8074,1.2371,2.6605,3.7507,2.2912,2.4224,4.8226,1.6109,2.5554,3.5189,2.1659,2.2687,4.1561,0.74652,1.95,3.2938,2.1983,2.4203,3.6081,2.218,2.3809,3.558,2.2658,1.9911,5.0114,2.5795,2.2667,4.7814,2.3096,2.2525,3.7336,1.349,1.5982,3.888,2.1879,2.6405,4.6324,1.916,1.8387,3.8142,0.77752,2.0969,4.1266,1.5902,1.7286,4.2415,2.2315,2.6426,4.7027,1.4467,2.3941,3.2636,6.0751,2.9215,2.3951,1.8533,1.7786,3.5469,1.844,2.8773,4.1176,2.1479,1.9655,4.9022,1.2347,2.5933,4.4294,1.9992,2.1509,4.8895,1.6072,1.6658,3.9597,1.6125,2.0589,3.2994,1.0988,2.668,3.6297,1.0022,2.7737,3.849,1.4902,2.5018,3.9161,1.1711,2.689,3.6545,1.8008,1.6237,4.0665,0.95091,2.4586,2.8525,2.0066,2.1631,4.4913,0.38492,2.7162,3.1373,1.0259,1.9216,4.2737,0.99278,2.2946,3.1213,1.7175,2.4163,4.6112,0.9414,2.0228,2.8705,0.71956,1.9594,2.738,1.5908,1.6516,3.9653,0.97238,2.4402,2.9064,1.3247,1.5622,3.8554,2.7254,2.5694,4.6118,1.07,2.2295,3.5546,1.1963,2.6986,3.7106,1.9795,1.9839,4.5245,1.0179,1.9361,4.2637,1.8841,1.6981,3.4825,1.6615,2.5575,3.9953,2.1448,2.5313,4.8536,2.0689,2.4199,3.6085,1.3727,3.0046,3.5791,1.4624,1.512,4.1836,0.61368,2.981,3.6338,1.6107,1.6361,4.1992,0.72682,1.981,2.7335,0.74523,2.204,3.9874,2.6314,2.5734,4.5191,2.0621,2.0777,3.4087,1.4717,2.7823,3.6174,1.0368,2.3315,3.5204,2.5911,2.0807,4.6061,1.4528,1.71,4.4307,1.5525,2.568,3.6422,2.0606,2.3978,4.1418,2.622,2.3283,4.8978,0.57551,2.5245,3.1003
1784.4,0.12744,115.82,15.907,0.20559,732.84,1.4396,1.7816,4.1015,1.285,2.2498,4.2736,1.1328,1.923,4.2446,2.4305,2.6249,4.2906,0.85659,2.0081,4.31,1.5174,2.5899,3.8993,3.3062,2.8172,6.189,1.1171,1.9235,4.25,1.7378,1.5822,4.2007,1.306,2.2255,4.3475,0.81368,2.0515,4.2078,3.0067,2.8279,4.578,5.4604,2.644,1.1919,1.3451,2.6696,3.7274,0.8627,2.1297,2.9827,2.5717,2.1687,4.6385,1.4439,1.6188,3.9386,0.61311,2.653,3.7499,2.0607,1.7635,3.5337,1.0688,2.3807,3.2043,0.093786,2.3117,3.3132,1.752,1.6727,3.4267,1.8499,2.7042,4.103,1.8001,1.7387,3.424,1.4278,1.5906,3.9665,0.38908,2.1813,3.1119,2.1277,2.4125,4.4995,1.4529,1.712,3.2059,0.82461,1.9609,2.7536,3.2995,2.8294,6.1395,2.0782,1.8056,3.5416,1.098,2.7249,3.0159,1.8519,2.5975,4.0879,0.69072,1.9598,2.8202,1.0419,2.4008,3.1497,1.9466,1.9231,4.5706,1.7466,1.6116,3.9072,0.52959,2.1931,3.7805,1.2029,2.5826,3.7747,0.8833,2.1441,3.1415,2.7149,2.3742,4.5003,2.2091,2.2432,4.8346,1.5296,1.683,3.9665,1.92,1.9334,4.5395,1.5276,2.224,3.2414,0.69392,2.2036,2.9951,2.4756,2.4548,4.4576,1.8634,2.6015,4.6609,1.8048,2.6084,4.623,2.7198,2.4115,4.5687,1.2715,2.5652,3.8483,1.797,2.2901,4.412,1.8283,2.9562,3.7493,0.65807,2.4773,2.6154,1.4689,2.1284,4.6381,2.045,2.9786,3.962,0.28636,2.4125,3.2921,1.667,1.5663,4.0634,0.65736,2.0825,3.0003,2.2616,2.269,4.6752,0.79705,2.5244,3.2535,0.88747,2.1605,3.1216,6.1742,2.8807,1.7007,2.1014,2.0667,4.7404,2.6897,2.4228,4.5451,2.5307,2.2488,5.0102,1.9202,2.5978,4.2076,1.0799,1.7256,4.0457,4.6637,2.811,0.52051,0.81104,2.1338,2.9743,1.3166,2.0898,4.3839,1.0038,2.1428,3.4238,2.0769,2.6489,4.3086,1.7527,1.5176,4.1172,1.2909,2.5278,3.169,0.79932,2.509,3.704,2.0961,1.84,3.6456,1.5218,2.4895,3.4334,1.5923,2.5901,3.6598,1.5951,1.5934,4.2391,1.8678,2.6366,4.3018,1.9671,2.6443,4.4344,3.5849,2.7333,0.043007,1.7559,1.5084,4.1066,1.8337,2.0007,3.4767,2.0314,2.9288,4.8491,1.2716,2.54,3.2343,2.5774,2.4359,4.9001,1.1021,2.6233,4.0143,1.532,2.4665,3.4563,1.0944,1.8496,4.0586,1.6985,1.5294,4.0459,1.7852,1.9905,3.4041,0.27175,2.9047,3.3329,2.9583,2.2908,4.711,1.2935,1.9479,4.2341,1.3501,2.6296,3.5355,1.394,2.4724,3.3556,1.9047,1.8877,3.6272,1.9453,2.513,4.0741,1.0114,2.3048,3.1422,2.5475,1.9765,5.1498,1.2776,2.6325,3.4507,1.3174,2.5049,3.2696,0.46068,2.9008,3.5038,0.61186,1.8684,2.7295,1.5974,1.9695,4.5345,1.4557,1.7595,4.1554,5.2135,2.838,1.5157,0.80368,2.0845,2.8319,1.0938,2.6752,4.041,2.2815,2.5021,3.5999,2.4871,2.3781,4.7757,2.9592,2.6336,4.6475,2.1018,2.5013,4.4427,2.3727,2.1898,4.3132,0.71338,2.1243,3.1911,0.5807,2.4126,3.1528,0.58627,2.1399,3.697,2.3872,2.4082,4.5382,0.97855,2.4113,3.0843,1.2201,1.644,4.2588,1.6421,2.0388,3.3839,5.9267,2.6422,1.6594,3.4884,2.8947,0.22594,0.85453,2.373,3.0818,1.6755,1.6025,4.0508,1.5258,1.9125,3.1724,0.78524,2.425,2.9553,2.1511,2.3119,4.8021,1.2441,2.5669,3.2059,1.0243,1.9428,3.5068,0.38008,1.9786,3.3248,1.7524,2.003,3.3635,2.3999,2.1803,4.2826,2.244,2.1259,5.0111,1.2379,1.6377,3.8511,0.70633,1.9773,2.8041,2.2519,2.1523,5.0555,2.408,2.2693,4.6162,1.5803,2.4764,3.9665,4.4901,2.8464,0.42434,1.9648,2.4775,4.0437,0.80266,1.9456,4.1098,1.391,2.6555,4.3171,3.8641,2.7822,0.15337,1.5679,1.6907,3.3107,0.20384,2.2965,3.2321,5.0955,2.8506,1.0676,0.72958,2.7112,3.4432,1.398,2.5432,3.0456,2.1875,2.0667,4.9142,1.455,1.9954,4.4321,1.5285,1.6296,3.324,1.4271,2.9072,3.3729,0.64489,2.3959,2.9913,0.87622,2.4314,3.0508,0.24336,2.5949,3.3188,1.6852,2.3658,4.2178,0.66079,2.4157,2.9269,0.98204,2.3303,3.536,1.3934,1.7504,4.269,0.31862,2.3358,3.351,1.5257,1.5882,3.312,0.62284,2.4012,2.9722,3.4381,2.8446,0.10686,1.8998,2.5507,3.9866,2.0799,2.2015,4.6811,2.2797,2.7501,4.8618,1.9233,1.855,3.8151,1.287,1.6971,3.7288,2.2207,2.0952,4.9845,1.3466,2.5842,3.8745,1.0205,3.049,2.8412,4.8036,2.8844,0.50669,1.4188,2.7096,4.4561,1.9374,1.8833,3.876,1.3726,2.6553,3.0221,0.69658,2.7191,3.3434,1.0767,2.8826,4.2533,0.84265,2.5403,2.8024,0.67972,2.0498,2.8991,0.53079,2.4189,3.3535,1.5599,2.1578,4.349,1.5753,2.7214,4.5756,0.5003,2.0108,2.9133,2.0122,1.8135,3.7922,1.1802,1.7338,3.7259,2.2006,2.641,4.6176,1.3359,1.67,4.0824,1.3211,2.1417,3.1319,0.57798,2.038,2.9565,0.56465,2.4125,2.7156,1.7019,2.4174,4.2229,2.2076,2.622,4.6661,0.53231,2.037,2.9015,1.5832,1.6745,3.3583,0.24431,3.0603,2.0979,0.70116,2.5697,2.686,3.1727,2.7301,6.1919,0.2909,2.8821,3.0002,4.7343,2.8829,0.44224,2.2521,2.3102,3.5395,1.2849,2.9922,4.1279,1.2412,2.4244,3.403,1.0463,3.0376,3.9018,2.2972,2.2281,3.6963,1.1689,1.6904,3.7286,2.4406,2.3709,4.6,2.4596,2.7079,4.0776,1.3653,2.6702,4.3778,1.9125,1.7954,3.8048,1.2399,2.6566,3.7532,2.2892,2.421,4.8155,1.6092,2.5546,3.5257,2.1666,2.2732,4.16,0.74413,1.953,3.2894,2.193,2.4211,3.602,2.2129,2.3792,3.5492,2.2686,1.9924,5.0133,2.5767,2.2658,4.7808,2.3069,2.254,3.7309,1.3478,1.599,3.8886,2.1784,2.636,4.6199,1.9173,1.8337,3.8108,0.77791,2.0947,4.133,1.5893,1.725,4.2406,2.2244,2.6392,4.6935,1.447,2.3949,3.264,6.0818,2.9229,2.4034,1.8547,1.7777,3.5492,1.8412,2.8708,4.1127,2.1534,1.9657,4.9072,1.2381,2.5938,4.4349,2.004,2.1518,4.8908,1.6072,1.6614,3.9596,1.6138,2.0615,3.297,1.0998,2.6654,3.6296,1.0035,2.7722,3.8476,1.4942,2.5044,3.92,1.1717,2.6862,3.6531,1.7989,1.6184,4.0658,0.95224,2.4591,2.8553,2.0122,2.1676,4.4969,0.39641,2.7115,3.148,1.0229,1.9198,4.2737,0.99335,2.2938,3.1242,1.7215,2.4171,4.6124,0.93938,2.021,2.8705,0.7188,1.9586,2.7375,1.5901,1.6475,3.9653,0.97364,2.4401,2.9111,1.322,1.5602,3.8566,2.7246,2.569,4.6124,1.0684,2.2347,3.5504,1.1989,2.6951,3.7126,1.9799,1.9844,4.5272,1.0158,1.9347,4.2645,1.8859,1.6994,3.4842,1.6613,2.5596,3.9948,2.1464,2.5307,4.851,2.065,2.422,3.6035,1.383,3.0009,3.5886,1.4629,1.5144,4.1817,0.60975,2.9802,3.6308,1.6113,1.6327,4.198,0.72628,1.9802,2.7334,0.74742,2.2052,3.989,2.6295,2.5724,4.5198,2.0658,2.0756,3.4087,1.4756,2.7774,3.6228,1.0333,2.3378,3.5142,2.595,2.0848,4.6138,1.4512,1.7098,4.4318,1.5513,2.5677,3.6461,2.0614,2.4022,4.1455,2.62,2.327,4.8951,0.58027,2.5251,3.1052
1784.4,0.12744,115.82,15.907,0.21453,749.15,1.4367,1.7784,4.0997,1.2872,2.2502,4.2771,1.1291,1.9206,4.2435,2.4285,2.6237,4.2914,0.85604,2.0072,4.3124,1.5175,2.5927,3.8994,3.3167,2.8151,6.2021,1.1132,1.921,4.2504,1.7379,1.5776,4.1983,1.3063,2.225,4.3525,0.81256,2.0513,4.2086,3.0098,2.8273,4.5798,5.4539,2.6377,1.1859,1.3454,2.6672,3.7273,0.85892,2.1287,2.9807,2.5759,2.1724,4.6464,1.4418,1.6176,3.9396,0.60957,2.6561,3.7423,2.0634,1.763,3.5363,1.0635,2.3802,3.2035,0.085867,2.3125,3.3018,1.7505,1.6717,3.4286,1.8457,2.7007,4.0984,1.8009,1.7401,3.4252,1.4266,1.5887,3.9673,0.38967,2.1822,3.1097,2.1297,2.4133,4.5015,1.4515,1.7136,3.2058,0.82373,1.9617,2.7536,3.3141,2.8279,6.1553,2.0826,1.8062,3.5452,1.1027,2.7256,3.0223,1.854,2.5982,4.0922,0.69223,1.9623,2.821,1.0394,2.3994,3.1517,1.9492,1.923,4.5741,1.7488,1.6101,3.9086,0.53176,2.1921,3.7836,1.2058,2.5855,3.7779,0.87968,2.146,3.138,2.7207,2.376,4.5065,2.2147,2.2456,4.8405,1.5319,1.6832,3.9679,1.9223,1.9341,4.5417,1.5293,2.2251,3.2403,0.68963,2.2071,2.9899,2.4777,2.4573,4.4631,1.8594,2.6022,4.6494,1.801,2.6087,4.6135,2.7289,2.4145,4.5822,1.2708,2.5673,3.8447,1.8032,2.293,4.417,1.8243,2.9527,3.745,0.66307,2.4779,2.6199,1.4638,2.132,4.636,2.0448,2.9745,3.9607,0.28317,2.4126,3.2882,1.6675,1.5649,4.0625,0.65548,2.0834,2.9975,2.2613,2.2697,4.6747,0.79949,2.5206,3.2606,0.88478,2.1624,3.1185,6.1693,2.8797,1.6947,2.1079,2.07,4.7475,2.6964,2.4254,4.5556,2.5284,2.2451,5.0054,1.9181,2.5925,4.2051,1.0798,1.7212,4.0495,4.6641,2.8048,0.52086,0.80883,2.1343,2.9727,1.3179,2.0897,4.3881,1.0012,2.1457,3.4203,2.0711,2.6452,4.302,1.7551,1.5139,4.1156,1.2956,2.5269,3.1709,0.80137,2.5116,3.7014,2.0982,1.8368,3.6424,1.5194,2.4918,3.4336,1.5923,2.592,3.6651,1.5928,1.593,4.2386,1.8627,2.6307,4.2945,1.9648,2.6389,4.4313,3.5947,2.7303,0.051503,1.7586,1.5052,4.1041,1.8402,2.0003,3.4793,2.0277,2.9285,4.8456,1.2748,2.54,3.2381,2.5755,2.4356,4.897,1.1036,2.6237,4.0105,1.5299,2.468,3.4568,1.0909,1.8497,4.0581,1.7007,1.527,4.0446,1.7894,1.9893,3.4037,0.27333,2.9027,3.3343,2.9608,2.2893,4.7144,1.2922,1.9477,4.2355,1.3526,2.6288,3.542,1.3916,2.4734,3.357,1.908,1.884,3.6246,1.9462,2.5172,4.0786,1.0084,2.3053,3.1412,2.547,1.9751,5.1497,1.2796,2.6315,3.4565,1.3121,2.5062,3.2673,0.4663,2.8984,3.509,0.60994,1.8694,2.7242,1.5916,1.9676,4.5349,1.4555,1.7564,4.1562,5.202,2.8349,1.5032,0.80253,2.0837,2.8327,1.0949,2.6774,4.0384,2.288,2.5,3.6013,2.483,2.3755,4.7691,2.9669,2.6301,4.6536,2.101,2.5016,4.4411,2.3746,2.1944,4.3195,0.7086,2.1294,3.1821,0.59028,2.4105,3.1629,0.58633,2.1397,3.6968,2.3887,2.407,4.5431,0.98751,2.4089,3.0933,1.2176,1.6474,4.2564,1.6391,2.0391,3.3805,5.9148,2.6389,1.6468,3.494,2.8925,0.23236,0.85286,2.3711,3.0838,1.6759,1.6011,4.0497,1.5274,1.9143,3.1727,0.78536,2.4237,2.9575,2.152,2.3105,4.7982,1.247,2.5678,3.2101,1.025,1.9411,3.5072,0.37293,1.9801,3.3286,1.755,2.0013,3.3602,2.4021,2.1853,4.2885,2.2478,2.1237,5.0117,1.2352,1.6345,3.8515,0.70659,1.9771,2.8049,2.2556,2.1509,5.057,2.4112,2.272,4.6218,1.5804,2.4815,3.9661,4.4974,2.8408,0.43335,1.966,2.484,4.0466,0.80151,1.9457,4.109,1.3991,2.6584,4.3197,3.8759,2.7794,0.16639,1.5704,1.6949,3.3121,0.20099,2.2962,3.2265,5.0967,2.8446,1.0711,0.73243,2.7084,3.4458,1.4007,2.5445,3.0457,2.1912,2.0641,4.9138,1.453,1.9905,4.4352,1.5286,1.6293,3.3255,1.4286,2.9069,3.3722,0.65144,2.3939,3.0009,0.87453,2.4304,3.053,0.24288,2.5939,3.316,1.6893,2.3707,4.2224,0.6679,2.4147,2.9342,0.97759,2.3374,3.529,1.3932,1.7485,4.2673,0.31847,2.3365,3.3491,1.5255,1.5866,3.3134,0.62813,2.4,2.9802,3.4506,2.8427,0.12047,1.8958,2.5497,3.9857,2.0843,2.2016,4.6845,2.2655,2.7476,4.8441,1.9243,1.849,3.8118,1.2867,1.693,3.7302,2.2238,2.0929,4.9846,1.3449,2.5819,3.87,1.0123,3.0483,2.8324,4.8067,2.8799,0.5107,1.4238,2.7096,4.459,1.9394,1.8804,3.8764,1.3772,2.6563,3.0286,0.70369,2.7171,3.3517,1.0831,2.8808,4.2592,0.85171,2.5415,2.8098,0.68023,2.0537,2.898,0.53143,2.4196,3.352,1.56,2.1556,4.354,1.5849,2.7217,4.5821,0.49599,2.0125,2.9057,2.0132,1.811,3.7919,1.1792,1.7289,3.7292,2.1974,2.639,4.6116,1.3336,1.6739,4.079,1.3182,2.1405,3.1302,0.57535,2.0403,2.9509,0.56877,2.4109,2.7217,1.7067,2.4242,4.226,2.2013,2.6185,4.6569,0.5292,2.0383,2.8958,1.5839,1.674,3.3599,0.22581,3.0607,2.077,0.70306,2.573,2.6867,3.185,2.728,6.2052,0.30655,2.8815,3.0182,4.7383,2.8797,0.44748,2.251,2.3063,3.5333,1.2865,2.9883,4.131,1.235,2.4274,3.3991,1.0448,3.0359,3.9033,2.2948,2.228,3.6921,1.1673,1.6831,3.7325,2.4406,2.3716,4.6006,2.4544,2.7091,4.0793,1.3681,2.6701,4.3776,1.9132,1.7888,3.8024,1.2426,2.6527,3.7554,2.2872,2.4198,4.8088,1.6076,2.554,3.5324,2.1672,2.2778,4.1641,0.74176,1.9558,3.2851,2.1877,2.4218,3.5959,2.2079,2.3775,3.5405,2.2713,1.9936,5.015,2.5739,2.2646,4.7803,2.3042,2.2554,3.7282,1.3469,1.5995,3.8894,2.1694,2.6316,4.6077,1.9187,1.8288,3.8076,0.7783,2.0925,4.1394,1.5884,1.7215,4.2397,2.2175,2.6359,4.6843,1.4474,2.3956,3.2644,6.0885,2.9244,2.4117,1.856,1.777,3.5515,1.8386,2.8644,4.1081,2.1588,1.9659,4.912,1.2413,2.5941,4.4403,2.0085,2.1528,4.892,1.6071,1.6573,3.9594,1.615,2.0641,3.2945,1.1007,2.6629,3.6294,1.0047,2.7706,3.846,1.4981,2.5066,3.9239,1.1723,2.6834,3.6516,1.7971,1.6132,4.0653,0.95356,2.4595,2.8581,2.0178,2.1719,4.5024,0.40745,2.7069,3.1584,1.0198,1.9181,4.2735,0.9939,2.293,3.127,1.7254,2.4178,4.6137,0.93737,2.0191,2.8705,0.71807,1.9577,2.7372,1.5894,1.6438,3.9653,0.97479,2.4399,2.9157,1.3193,1.5581,3.8578,2.7237,2.5686,4.6128,1.0669,2.2398,3.5461,1.2014,2.6916,3.7144,1.9804,1.9847,4.53,1.0137,1.9334,4.2652,1.8878,1.7007,3.4858,1.661,2.5616,3.9944,2.148,2.5302,4.8486,2.0611,2.4241,3.5986,1.3929,2.9972,3.5981,1.4635,1.5167,4.1799,0.60572,2.9797,3.6278,1.6119,1.6294,4.1968,0.72575,1.9795,2.7333,0.74951,2.2063,3.9904,2.6277,2.5715,4.5206,2.0695,2.0735,3.4088,1.4795,2.7726,3.6282,1.0299,2.3439,3.5083,2.5988,2.0887,4.6216,1.4497,1.7097,4.4327,1.5502,2.5676,3.6498,2.0621,2.4066,4.1492,2.618,2.3259,4.8924,0.58489,2.5256,3.1099
1784.4,0.12744,115.82,15.907,0.22347,765.65,1.4339,1.7753,4.0979,1.2893,2.2507,4.2807,1.1256,1.9184,4.2426,2.4265,2.6226,4.2925,0.85547,2.0064,4.3145,1.5176,2.5953,3.8994,3.3272,2.8127,6.215,1.1095,1.9185,4.2508,1.7379,1.5731,4.1959,1.3064,2.2246,4.3573,0.81152,2.0509,4.2093,3.0126,2.8269,4.5815,5.4478,2.6317,1.1805,1.3456,2.6652,3.7269,0.85519,2.1275,2.9789,2.5801,2.176,4.654,1.4397,1.6166,3.9406,0.60591,2.6591,3.7346,2.0662,1.7623,3.5389,1.0581,2.3799,3.2023,0.077983,2.3133,3.2905,1.7493,1.6705,3.4305,1.842,2.6973,4.0944,1.8017,1.7415,3.4265,1.4254,1.5871,3.9679,0.39029,2.1831,3.1075,2.1316,2.414,4.5033,1.4503,1.7154,3.2056,0.8228,1.9624,2.7536,3.3291,2.8265,6.1715,2.0869,1.8066,3.5487,1.1075,2.7262,3.0287,1.8561,2.5988,4.0963,0.69362,1.9646,2.8218,1.0365,2.3982,3.1535,1.9521,1.923,4.5776,1.7509,1.609,3.9099,0.53406,2.1909,3.7869,1.2091,2.5881,3.7813,0.87622,2.1478,3.1348,2.726,2.3778,4.5122,2.22,2.2478,4.8461,1.5342,1.6832,3.9691,1.9248,1.9345,4.544,1.531,2.226,3.2395,0.68572,2.2103,2.9854,2.4795,2.4595,4.4683,1.8553,2.603,4.6379,1.7973,2.609,4.6043,2.738,2.4172,4.5955,1.2702,2.5693,3.8412,1.8094,2.2959,4.4219,1.8206,2.9492,3.741,0.66784,2.4785,2.624,1.4585,2.1357,4.6337,2.0448,2.9703,3.9595,0.28006,2.4126,3.2845,1.6679,1.5637,4.0617,0.65368,2.084,2.9948,2.2611,2.2701,4.6741,0.80148,2.5169,3.2671,0.88234,2.164,3.1156,6.1649,2.8785,1.6892,2.1142,2.0731,4.7546,2.7027,2.4276,4.5656,2.5264,2.2417,5.0013,1.9165,2.588,4.2032,1.0798,1.7167,4.0532,4.6645,2.7989,0.52104,0.80674,2.1348,2.9711,1.3193,2.0895,4.3922,0.99841,2.1485,3.4167,2.0658,2.6415,4.296,1.7575,1.5104,4.114,1.3002,2.5262,3.1725,0.80342,2.5141,3.699,2.1004,1.8338,3.6395,1.5172,2.4942,3.434,1.5926,2.5939,3.6707,1.5905,1.5929,4.2378,1.858,2.6253,4.2878,1.9628,2.6336,4.4284,3.6042,2.7272,0.059873,1.7612,1.502,4.1016,1.8465,1.9999,3.4818,2.0237,2.9283,4.8418,1.278,2.54,3.2416,2.5738,2.4353,4.8939,1.1048,2.6241,4.0065,1.5276,2.4696,3.4575,1.0875,1.8496,4.0574,1.7028,1.5249,4.0432,1.7937,1.988,3.4036,0.27499,2.9009,3.3359,2.9633,2.2879,4.7176,1.2907,1.9473,4.237,1.3548,2.6282,3.5481,1.3895,2.4746,3.3585,1.9113,1.8806,3.6224,1.9471,2.5213,4.083,1.0053,2.3058,3.14,2.5464,1.9739,5.1497,1.2814,2.6305,3.4622,1.3068,2.5074,3.265,0.47181,2.8961,3.5139,0.60816,1.8702,2.7193,1.5856,1.9658,4.535,1.4553,1.7533,4.157,5.191,2.8317,1.4911,0.8014,2.0829,2.8335,1.0957,2.6795,4.0357,2.2942,2.498,3.6027,2.4794,2.373,4.763,2.9745,2.6267,4.6593,2.1005,2.502,4.4396,2.3765,2.1989,4.3259,0.70389,2.134,3.1733,0.59939,2.4084,3.1725,0.58648,2.1397,3.6968,2.3905,2.406,4.5481,0.99593,2.4068,3.1016,1.215,1.6507,4.2539,1.6362,2.0393,3.3772,5.9035,2.6356,1.6348,3.4988,2.8903,0.23802,0.85083,2.3693,3.0853,1.6763,1.5999,4.0486,1.529,1.9162,3.1729,0.78544,2.4223,2.9598,2.1532,2.309,4.7946,1.2498,2.5687,3.2141,1.0258,1.9395,3.5077,0.36617,1.9817,3.3325,1.7577,1.9996,3.3572,2.4047,2.1904,4.2948,2.2515,2.1216,5.0125,1.2324,1.6313,3.8516,0.70674,1.977,2.8056,2.2591,2.1495,5.0586,2.4143,2.2746,4.6271,1.5804,2.4862,3.9656,4.5047,2.8352,0.44226,1.967,2.4905,4.0497,0.80044,1.9457,4.1084,1.4071,2.6614,4.3219,3.8872,2.7766,0.17904,1.5729,1.6993,3.3136,0.19848,2.2961,3.2213,5.0982,2.8389,1.0748,0.73498,2.7059,3.448,1.4034,2.546,3.0454,2.1949,2.0615,4.9137,1.4508,1.9856,4.4382,1.5286,1.629,3.3269,1.43,2.9065,3.3714,0.65759,2.3919,3.0099,0.87283,2.4293,3.0551,0.24242,2.5929,3.3134,1.6935,2.3754,4.2272,0.67486,2.4138,2.9412,0.97306,2.3444,3.5218,1.3931,1.7465,4.2657,0.31824,2.3369,3.3472,1.5254,1.5848,3.3148,0.63323,2.3988,2.9878,3.4624,2.8408,0.13336,1.8921,2.5489,3.9846,2.0888,2.2016,4.6877,2.2519,2.7451,4.8269,1.9254,1.8432,3.8089,1.2864,1.6892,3.7315,2.2268,2.0905,4.9849,1.3433,2.5797,3.8656,1.0041,3.0479,2.8234,4.8098,2.8755,0.51472,1.4285,2.7095,4.4614,1.9414,1.8775,3.8768,1.3817,2.6574,3.0352,0.71029,2.7152,3.3593,1.0895,2.8791,4.2648,0.86049,2.5426,2.8171,0.68082,2.0574,2.8972,0.53205,2.4203,3.3504,1.56,2.1535,4.3592,1.594,2.722,4.5881,0.49193,2.0141,2.8985,2.0144,1.8085,3.7918,1.1783,1.724,3.7325,2.1946,2.6371,4.6062,1.3313,1.6778,4.0757,1.3152,2.1393,3.1285,0.57277,2.0423,2.9456,0.57286,2.4095,2.7279,1.7111,2.4306,4.2287,2.1954,2.615,4.6482,0.52628,2.0394,2.8905,1.5845,1.6733,3.3615,0.20727,3.0611,2.0562,0.70462,2.5766,2.6871,3.1967,2.7259,6.218,0.32187,2.8807,3.0359,4.7422,2.8764,0.45274,2.2502,2.3026,3.5276,1.2877,2.9846,4.1336,1.2292,2.4299,3.3956,1.0427,3.0343,3.9041,2.2925,2.2278,3.6879,1.1658,1.6759,3.7364,2.4406,2.3723,4.601,2.4493,2.7102,4.0812,1.3708,2.6699,4.3773,1.914,1.7824,3.8002,1.2453,2.6491,3.7576,2.2857,2.4186,4.8025,1.606,2.5536,3.5386,2.168,2.2822,4.1682,0.7394,1.9587,3.281,2.1827,2.4226,3.5898,2.203,2.3756,3.5318,2.2738,1.9946,5.0163,2.5712,2.2637,4.7799,2.3015,2.2569,3.7254,1.346,1.5999,3.89,2.1608,2.6272,4.596,1.92,1.8238,3.8044,0.77871,2.0905,4.1455,1.5874,1.7182,4.2389,2.2109,2.6327,4.6754,1.4477,2.3963,3.2648,6.0953,2.9257,2.4201,1.8575,1.7762,3.5536,1.8363,2.8583,4.104,2.164,1.9659,4.9165,1.2443,2.5944,4.4455,2.0131,2.1538,4.8932,1.607,1.6534,3.9594,1.6163,2.0665,3.2922,1.1015,2.6607,3.629,1.0058,2.7692,3.8444,1.5018,2.5089,3.9279,1.1729,2.6809,3.6503,1.7951,1.6083,4.0647,0.95489,2.4599,2.8607,2.0232,2.1762,4.508,0.41801,2.7021,3.1682,1.0169,1.9163,4.2734,0.99439,2.2923,3.1296,1.7294,2.4184,4.6151,0.93536,2.0174,2.8703,0.71734,1.9569,2.7368,1.5888,1.6404,3.9653,0.97584,2.4399,2.92,1.3166,1.5561,3.859,2.7229,2.5682,4.6131,1.0653,2.245,3.542,1.2038,2.6883,3.7162,1.9808,1.9852,4.5326,1.0116,1.9319,4.266,1.8897,1.7019,3.4874,1.6607,2.5634,3.994,2.1497,2.5297,4.8463,2.0572,2.4262,3.5937,1.4028,2.9935,3.6074,1.4641,1.519,4.1782,0.60159,2.979,3.6247,1.6126,1.6264,4.1956,0.72524,1.9788,2.7333,0.75151,2.2075,3.9918,2.6259,2.5707,4.5214,2.0732,2.0715,3.4092,1.4832,2.7681,3.6338,1.0266,2.3498,3.5026,2.6028,2.0926,4.6292,1.4482,1.7098,4.4337,1.5491,2.5674,3.6535,2.0627,2.4107,4.1529,2.6161,2.3248,4.8899,0.5894,2.5262,3.1144
1784.4,0.12744,115.82,15.907,0.23241,781.95,1.4311,1.7723,4.0961,1.2916,2.2512,4.2842,1.1222,1.9162,4.2416,2.4246,2.6214,4.2935,0.85488,2.0056,4.3166,1.5176,2.5978,3.8993,3.3374,2.8104,6.2275,1.1058,1.916,4.2512,1.7381,1.5688,4.1935,1.3065,2.224,4.362,0.81053,2.0507,4.2102,3.0154,2.8263,4.583,5.4421,2.6258,1.1757,1.3455,2.6633,3.7263,0.85154,2.1264,2.977,2.5841,2.1794,4.6613,1.4376,1.6156,3.9414,0.60224,2.6619,3.727,2.0689,1.7616,3.5414,1.0525,2.3797,3.2009,0.07016,2.3139,3.2795,1.7478,1.6692,3.4324,1.8386,2.694,4.0908,1.8026,1.7428,3.4278,1.4242,1.5856,3.9685,0.39091,2.1839,3.1054,2.1334,2.4146,4.5051,1.4488,1.717,3.2056,0.82186,1.9629,2.7536,3.3443,2.8248,6.188,2.0913,1.807,3.5523,1.1121,2.7269,3.0351,1.8582,2.5994,4.1006,0.69486,1.9669,2.8223,1.0337,2.3969,3.1551,1.9548,1.9229,4.5813,1.7529,1.608,3.9112,0.53643,2.1898,3.7902,1.2123,2.5905,3.7847,0.87286,2.1496,3.1318,2.7312,2.3793,4.5177,2.2253,2.2498,4.8517,1.5364,1.6831,3.9703,1.9272,1.9351,4.5462,1.5328,2.227,3.2386,0.68206,2.2131,2.9814,2.4814,2.4617,4.4736,1.8513,2.6037,4.6265,1.7937,2.6093,4.5951,2.7468,2.4198,4.6084,1.2695,2.5712,3.8377,1.8156,2.2987,4.4268,1.8172,2.946,3.7373,0.67238,2.4792,2.6279,1.4533,2.1393,4.6311,2.0447,2.9662,3.9585,0.27698,2.4126,3.2807,1.6684,1.5625,4.0608,0.65193,2.0846,2.9922,2.2607,2.2707,4.6734,0.80308,2.5133,3.2733,0.88005,2.1656,3.113,6.1609,2.8774,1.6843,2.1206,2.0761,4.7614,2.7087,2.4297,4.5752,2.5247,2.2382,4.9973,1.9152,2.584,4.2014,1.0797,1.7124,4.057,4.6645,2.7934,0.52113,0.80479,2.1353,2.9699,1.3207,2.0895,4.3962,0.99567,2.1514,3.4132,2.0605,2.638,4.2901,1.7599,1.5067,4.1123,1.3048,2.5254,3.174,0.80549,2.5165,3.6966,2.1025,1.8306,3.6367,1.5152,2.4965,3.4349,1.5929,2.5957,3.6764,1.5881,1.5929,4.2372,1.8536,2.6202,4.2813,1.961,2.6287,4.4258,3.6135,2.7242,0.068112,1.7639,1.4987,4.0991,1.8529,1.9994,3.4844,2.0197,2.928,4.8377,1.2811,2.5401,3.2451,2.5721,2.4351,4.8909,1.1061,2.6244,4.0025,1.5256,2.4713,3.4582,1.0842,1.8494,4.057,1.705,1.5229,4.0419,1.7981,1.9866,3.4035,0.27675,2.899,3.3374,2.9657,2.2864,4.7207,1.2892,1.9471,4.2384,1.3572,2.6277,3.5544,1.3873,2.4757,3.3601,1.9147,1.8771,3.6202,1.9479,2.5249,4.0874,1.0024,2.3062,3.139,2.5459,1.9729,5.1497,1.2833,2.6297,3.4677,1.3015,2.5087,3.2629,0.47714,2.8937,3.5187,0.60649,1.8708,2.7144,1.5798,1.9639,4.535,1.4551,1.7503,4.1578,5.1803,2.8286,1.4792,0.80028,2.0822,2.8343,1.0964,2.6814,4.0328,2.3005,2.496,3.6044,2.476,2.3706,4.7571,2.9817,2.6233,4.6646,2.1,2.5024,4.4381,2.3785,2.2034,4.3322,0.69916,2.1384,3.1648,0.60821,2.4065,3.1817,0.5867,2.1396,3.6967,2.3926,2.405,4.5531,1.004,2.4047,3.1096,1.2125,1.6542,4.2514,1.6332,2.0395,3.3739,5.8926,2.6324,1.6234,3.5032,2.8883,0.24301,0.84852,2.3678,3.0863,1.6766,1.5987,4.0476,1.5308,1.9179,3.1732,0.78549,2.421,2.9619,2.1544,2.3077,4.7913,1.2526,2.5697,3.2181,1.0265,1.9378,3.5082,0.35975,1.9834,3.3363,1.7605,1.9978,3.3542,2.4075,2.1955,4.3012,2.2552,2.1194,5.0131,1.2295,1.6283,3.8518,0.7068,1.9768,2.806,2.2625,2.148,5.0599,2.4175,2.277,4.6324,1.5805,2.4907,3.9651,4.5117,2.8299,0.45101,1.9681,2.4969,4.0527,0.79942,1.9458,4.1077,1.4147,2.6642,4.3239,3.8983,2.7738,0.19136,1.5756,1.7036,3.315,0.19617,2.2959,3.2163,5.0997,2.8333,1.0786,0.73728,2.7034,3.45,1.4058,2.5473,3.045,2.1986,2.059,4.9135,1.4487,1.9808,4.4411,1.5288,1.6285,3.3284,1.4314,2.9062,3.3705,0.6635,2.39,3.0186,0.87106,2.4284,3.057,0.24191,2.592,3.3106,1.6976,2.38,4.2318,0.68165,2.413,2.9482,0.96846,2.3511,3.5146,1.3929,1.7445,4.2639,0.31794,2.3374,3.3452,1.5252,1.5831,3.3162,0.63813,2.3976,2.9951,3.4738,2.839,0.14575,1.8883,2.5481,3.9836,2.0931,2.2016,4.6909,2.2391,2.7427,4.8103,1.9264,1.8372,3.8061,1.2861,1.6853,3.7328,2.2298,2.0882,4.9851,1.3417,2.5777,3.8613,0.99564,3.0473,2.8143,4.8126,2.8712,0.51879,1.4331,2.7093,4.4638,1.9435,1.8747,3.8773,1.3861,2.6583,3.0416,0.71644,2.7135,3.3663,1.0958,2.8774,4.2705,0.86894,2.5436,2.8241,0.68145,2.061,2.8965,0.53278,2.421,3.3491,1.5602,2.1513,4.3642,1.6026,2.7223,4.5937,0.48806,2.0156,2.8916,2.0154,1.8062,3.7916,1.1773,1.7192,3.7356,2.1921,2.6354,4.6011,1.3291,1.6814,4.0725,1.3123,2.1381,3.1268,0.57023,2.0442,2.9403,0.57689,2.408,2.734,1.7154,2.4368,4.2311,2.1898,2.6117,4.6398,0.52349,2.0403,2.8856,1.585,1.6728,3.3631,0.18844,3.0615,2.035,0.70587,2.5801,2.687,3.208,2.7238,6.2301,0.33685,2.8798,3.0531,4.7461,2.8736,0.45802,2.2496,2.2989,3.522,1.2885,2.981,4.1358,1.2236,2.4322,3.3923,1.0399,3.0328,3.904,2.2901,2.2278,3.6838,1.1642,1.6687,3.7403,2.4406,2.373,4.6016,2.4443,2.7112,4.0831,1.3735,2.6697,4.3769,1.9148,1.7762,3.7982,1.2478,2.6457,3.7596,2.2843,2.4177,4.7965,1.6043,2.5532,3.5448,2.1687,2.2866,4.1724,0.73705,1.9615,3.2768,2.1777,2.4233,3.5837,2.1983,2.3738,3.5233,2.2762,1.9955,5.0176,2.5686,2.2627,4.7793,2.2988,2.2584,3.7227,1.3451,1.6001,3.8904,2.1526,2.6229,4.5847,1.9213,1.819,3.8013,0.77911,2.0883,4.1516,1.5864,1.7149,4.2379,2.2046,2.6294,4.6667,1.4482,2.3971,3.2653,6.1022,2.927,2.4285,1.859,1.7754,3.5557,1.8343,2.8522,4.1002,2.169,1.9658,4.9208,1.2472,2.5947,4.4505,2.0174,2.1548,4.8943,1.607,1.6496,3.9592,1.6177,2.0689,3.29,1.1022,2.6585,3.6287,1.0068,2.7678,3.8426,1.5055,2.5109,3.9316,1.1735,2.6785,3.6489,1.7933,1.6036,4.0642,0.95623,2.4605,2.8634,2.0286,2.1803,4.5133,0.42814,2.6975,3.1775,1.0139,1.9146,4.2732,0.9949,2.2916,3.1321,1.7333,2.4189,4.6164,0.93336,2.0157,2.87,0.71665,1.9561,2.7366,1.5883,1.6372,3.9653,0.97681,2.4398,2.9243,1.3139,1.5541,3.8601,2.7218,2.5678,4.6132,1.0636,2.2501,3.5377,1.2061,2.6852,3.7179,1.9814,1.9856,4.5353,1.0096,1.9304,4.2668,1.8915,1.7031,3.4891,1.6604,2.5652,3.9936,2.1514,2.5293,4.8441,2.0534,2.4283,3.589,1.4124,2.9897,3.6165,1.4646,1.5212,4.1765,0.59741,2.9783,3.6214,1.6134,1.6235,4.1945,0.72473,1.9781,2.7331,0.75343,2.2088,3.9929,2.6242,2.5698,4.5223,2.0769,2.0695,3.4094,1.4869,2.7636,3.6393,1.0234,2.3555,3.4971,2.6065,2.0963,4.6367,1.4468,1.71,4.4345,1.548,2.5674,3.6571,2.0634,2.4148,4.1564,2.6143,2.3237,4.8874,0.5938,2.5267,3.1189
1784.4,0.12744,115.82,15.907,0.24135,798.24,1.4284,1.7695,4.0944,1.2938,2.2517,4.2878,1.1189,1.9141,4.2406,2.4228,2.6202,4.2946,0.85427,2.0049,4.3186,1.5177,2.6003,3.8991,3.3475,2.808,6.2393,1.1022,1.9135,4.2515,1.7383,1.5648,4.1912,1.3065,2.2234,4.3666,0.80959,2.0504,4.2112,3.0181,2.8256,4.5844,5.4367,2.62,1.1715,1.3454,2.6616,3.7256,0.84792,2.1253,2.9752,2.5879,2.1826,4.6684,1.4354,1.6146,3.9423,0.59852,2.6646,3.7193,2.0716,1.7609,3.544,1.0467,2.3796,3.1991,0.062411,2.3146,3.2685,1.7463,1.668,3.4343,1.8354,2.6906,4.0876,1.8034,1.744,3.429,1.4231,1.5842,3.9689,0.39155,2.1847,3.1034,2.1351,2.4153,4.5068,1.4473,1.7188,3.2055,0.82091,1.9633,2.7536,3.3597,2.823,6.2046,2.0957,1.8072,3.5559,1.1169,2.7276,3.0416,1.8604,2.6,4.1048,0.69598,1.969,2.8228,1.0307,2.3958,3.1566,1.9577,1.9229,4.585,1.7549,1.6073,3.9125,0.5389,2.1887,3.7937,1.2157,2.5927,3.7883,0.86965,2.1514,3.1289,2.7361,2.3809,4.5227,2.2305,2.2517,4.8571,1.5385,1.6828,3.9714,1.9297,1.9356,4.5484,1.5347,2.228,3.2378,0.6787,2.2159,2.9778,2.4832,2.4638,4.4786,1.8473,2.6044,4.6151,1.7901,2.6096,4.5861,2.7554,2.422,4.621,1.2687,2.573,3.8341,1.8219,2.3015,4.4316,1.814,2.9429,3.7339,0.6767,2.4799,2.6316,1.4479,2.1429,4.6283,2.0448,2.962,3.9575,0.27397,2.4125,3.2769,1.6688,1.5613,4.0599,0.65026,2.085,2.9898,2.2604,2.2711,4.6726,0.80427,2.5097,3.279,0.87795,2.1671,3.1106,6.1574,2.8763,1.6799,2.127,2.079,4.7681,2.7144,2.4316,4.5844,2.5231,2.2347,4.9937,1.9142,2.5805,4.1999,1.0796,1.7083,4.0606,4.6644,2.7882,0.5211,0.80297,2.1358,2.9688,1.3222,2.0894,4.4001,0.9929,2.1542,3.4096,2.0556,2.6346,4.2846,1.7624,1.5032,4.1106,1.3093,2.5247,3.1754,0.80755,2.519,3.6942,2.1047,1.8275,3.6339,1.5134,2.4987,3.436,1.5936,2.5975,3.6823,1.5857,1.593,4.2366,1.8494,2.6154,4.2751,1.9593,2.6238,4.4233,3.6227,2.7211,0.076178,1.7667,1.4953,4.0964,1.8594,1.9988,3.4871,2.0154,2.9276,4.8334,1.284,2.5401,3.2483,2.5704,2.4349,4.8879,1.1072,2.6247,3.9985,1.5235,2.4729,3.459,1.081,1.8492,4.0566,1.7071,1.5209,4.0407,1.8025,1.9853,3.4035,0.27861,2.8971,3.3389,2.9679,2.2848,4.7236,1.2877,1.9468,4.2397,1.3594,2.6273,3.5604,1.3852,2.4768,3.3617,1.9181,1.8737,3.6181,1.9488,2.5283,4.0917,0.99944,2.3066,3.138,2.5451,1.972,5.1497,1.2852,2.6288,3.4733,1.2964,2.5098,3.2607,0.48232,2.8912,3.5234,0.60492,1.8714,2.7098,1.574,1.962,4.5348,1.4549,1.7473,4.1585,5.1698,2.8256,1.4676,0.79919,2.0814,2.835,1.0969,2.6833,4.03,2.3067,2.4942,3.606,2.4729,2.3684,4.7516,2.9887,2.6198,4.6696,2.0996,2.5028,4.4367,2.3805,2.2078,4.3386,0.69453,2.1424,3.1565,0.61668,2.4046,3.1904,0.58702,2.1395,3.6966,2.3947,2.4041,4.5582,1.0117,2.4028,3.1172,1.2099,1.6577,4.2489,1.6301,2.0395,3.3705,5.8821,2.6292,1.6124,3.5068,2.8862,0.24731,0.84602,2.3662,3.087,1.6769,1.5977,4.0466,1.5326,1.9197,3.1737,0.7855,2.4195,2.9639,2.1559,2.3064,4.7882,1.2554,2.5708,3.222,1.0272,1.936,3.5088,0.35367,1.9851,3.3401,1.7634,1.9959,3.3514,2.4105,2.2007,4.3079,2.259,2.1172,5.0138,1.2267,1.6253,3.8518,0.70676,1.9765,2.8063,2.2658,2.1464,5.0612,2.4205,2.2794,4.6375,1.5805,2.4952,3.9645,4.5185,2.8247,0.45959,1.9692,2.5031,4.0558,0.79845,1.9458,4.1072,1.4222,2.667,4.3257,3.909,2.7711,0.20334,1.5783,1.7081,3.3166,0.19412,2.2957,3.2116,5.1014,2.8278,1.0825,0.7393,2.7009,3.4517,1.4081,2.5486,3.0444,2.2024,2.0565,4.9135,1.4466,1.9761,4.4439,1.5289,1.6282,3.3299,1.4327,2.9059,3.3696,0.66905,2.3881,3.0268,0.86929,2.4275,3.0589,0.2414,2.5911,3.3079,1.7017,2.3845,4.2364,0.68832,2.4122,2.9551,0.96378,2.3578,3.5073,1.3928,1.7425,4.2622,0.31757,2.3378,3.3432,1.5251,1.5812,3.3177,0.64287,2.3966,3.0022,3.4847,2.8371,0.15755,1.8845,2.5474,3.9825,2.0975,2.2016,4.6941,2.2266,2.7401,4.7941,1.9274,1.8313,3.8034,1.2859,1.6816,3.734,2.2328,2.0861,4.9853,1.3401,2.5758,3.8572,0.98704,3.0469,2.805,4.8154,2.867,0.52297,1.4374,2.7091,4.4658,1.9456,1.8718,3.8779,1.3904,2.6592,3.0481,0.72216,2.7117,3.3729,1.1021,2.8756,4.2761,0.87709,2.5447,2.8309,0.68216,2.0645,2.8959,0.53348,2.4218,3.3477,1.5604,2.149,4.3692,1.6109,2.7225,4.599,0.48439,2.0169,2.885,2.0165,1.8039,3.7915,1.1763,1.7144,3.7387,2.1899,2.6337,4.5965,1.3268,1.685,4.0693,1.3094,2.1368,3.1251,0.56775,2.046,2.9352,0.5809,2.4065,2.74,1.7195,2.4427,4.2332,2.1845,2.6085,4.6318,0.52087,2.0411,2.8809,1.5856,1.6723,3.3648,0.16955,3.0617,2.0139,0.70681,2.5838,2.6867,3.2189,2.7216,6.2418,0.35159,2.8789,3.0699,4.75,2.8707,0.4633,2.2492,2.2952,3.5167,1.2889,2.9776,4.1376,1.2182,2.4342,3.3893,1.0363,3.0312,3.9031,2.2879,2.2277,3.6797,1.1626,1.6617,3.744,2.4406,2.3737,4.6022,2.4395,2.7121,4.0852,1.3759,2.6696,4.3765,1.9156,1.7701,3.7963,1.2502,2.6422,3.7616,2.2832,2.4168,4.7907,1.6026,2.553,3.5508,2.1695,2.2911,4.1765,0.73473,1.9642,3.2727,2.1728,2.4241,3.5776,2.1937,2.3719,3.5147,2.2784,1.9964,5.0185,2.5659,2.2616,4.7789,2.296,2.26,3.72,1.3444,1.6002,3.8909,2.1446,2.6187,4.5738,1.9226,1.8141,3.7983,0.77952,2.0863,4.1575,1.5853,1.7118,4.237,2.1984,2.6263,4.6582,1.4487,2.3979,3.2657,6.1093,2.9282,2.4371,1.8605,1.7746,3.5577,1.8326,2.8463,4.0969,2.1739,1.9657,4.9248,1.2499,2.595,4.4554,2.0217,2.1558,4.8953,1.6071,1.6459,3.9592,1.6193,2.0711,3.2879,1.1029,2.6565,3.6283,1.0077,2.7665,3.8407,1.5092,2.5128,3.9355,1.174,2.6762,3.6476,1.7914,1.5991,4.0638,0.95759,2.461,2.8661,2.034,2.1843,4.5185,0.43785,2.6928,3.1864,1.0109,1.9128,4.273,0.99536,2.2909,3.1347,1.7373,2.4193,4.6179,0.93136,2.0141,2.8697,0.71597,1.9552,2.7363,1.5878,1.6342,3.9653,0.9777,2.4399,2.9285,1.3112,1.5522,3.8613,2.7206,2.5674,4.6132,1.0619,2.2552,3.5336,1.2083,2.6821,3.7195,1.982,1.9861,4.538,1.0076,1.9289,4.2677,1.8934,1.7042,3.4908,1.6602,2.567,3.9932,2.1532,2.5289,4.842,2.0497,2.4304,3.5844,1.4219,2.9858,3.6256,1.465,1.5233,4.1749,0.59315,2.9776,3.6182,1.6142,1.6207,4.1933,0.72422,1.9773,2.733,0.75526,2.2101,3.9941,2.6225,2.569,4.5232,2.0805,2.0674,3.4097,1.4906,2.7594,3.6449,1.0202,2.3609,3.4916,2.6104,2.1,4.6442,1.4453,1.7103,4.4354,1.547,2.5674,3.6607,2.0641,2.4187,4.16,2.6125,2.3226,4.885,0.59811,2.5273,3.1234
1784.4,0.12744,115.82,15.907,0.25029,814.17,1.4258,1.7668,4.0927,1.2962,2.252,4.2915,1.1156,1.912,4.2396,2.4211,2.6191,4.2959,0.85366,2.0042,4.3206,1.5177,2.6027,3.899,3.3574,2.8055,6.2582,1.0986,1.9111,4.2519,1.7385,1.5609,4.1889,1.3064,2.2228,4.371,0.80873,2.05,4.2123,3.0204,2.8251,4.5856,5.4317,2.6146,1.1677,1.3452,2.6602,3.7249,0.84438,2.124,2.9733,2.5917,2.1857,4.6753,1.4332,1.6138,3.9432,0.59484,2.6673,3.7117,2.0743,1.7601,3.5466,1.0408,2.3795,3.1969,0.054763,2.3151,3.2579,1.745,1.6666,3.4362,1.8324,2.6873,4.0848,1.8042,1.7454,3.4303,1.4218,1.5829,3.9693,0.39218,2.1854,3.1013,2.1368,2.4159,4.5084,1.446,1.7205,3.2053,0.81998,1.9635,2.7537,3.3752,2.8212,6.2215,2.1002,1.8074,3.5595,1.1216,2.7284,3.0479,1.8627,2.6006,4.1091,0.697,1.9712,2.8232,1.0277,2.3947,3.158,1.9607,1.9228,4.5886,1.7569,1.6069,3.9138,0.54146,2.1874,3.7972,1.219,2.5948,3.7919,0.86653,2.153,3.1261,2.7409,2.3824,4.5275,2.2358,2.2536,4.8626,1.5406,1.6823,3.9725,1.9322,1.936,4.5507,1.5366,2.2289,3.2371,0.67559,2.2184,2.9747,2.485,2.4659,4.4837,1.8432,2.605,4.6038,1.7867,2.6099,4.5772,2.7639,2.4242,4.6333,1.268,2.5748,3.8306,1.8282,2.3044,4.4364,1.8109,2.94,3.7306,0.68076,2.4805,2.6349,1.4426,2.1466,4.6254,2.0451,2.9579,3.9568,0.27098,2.4123,3.2732,1.6694,1.5602,4.0591,0.64868,2.0853,2.9875,2.2599,2.2716,4.6717,0.80508,2.5062,3.2844,0.87598,2.1685,3.1085,6.1543,2.8752,1.676,2.1332,2.0816,4.7744,2.7198,2.4332,4.5932,2.5218,2.2312,4.9904,1.9135,2.5774,4.1986,1.0796,1.704,4.0643,4.6641,2.7834,0.52102,0.8013,2.1362,2.9678,1.3238,2.0893,4.404,0.9901,2.1571,3.406,2.0508,2.6313,4.2794,1.7649,1.4996,4.1088,1.3136,2.524,3.1768,0.80959,2.5213,3.6918,2.107,1.8244,3.6311,1.5119,2.501,3.4375,1.5943,2.5991,3.6884,1.5834,1.5933,4.2361,1.8455,2.6108,4.269,1.9579,2.6192,4.421,3.6318,2.718,0.084127,1.7694,1.4917,4.0937,1.8657,1.9982,3.4898,2.0109,2.9272,4.8289,1.2868,2.5402,3.2513,2.5688,2.4346,4.8849,1.1084,2.625,3.9945,1.5214,2.4745,3.4597,1.0779,1.8487,4.0561,1.7094,1.519,4.0394,1.8068,1.9839,3.4036,0.28054,2.8952,3.3405,2.9702,2.2833,4.7263,1.2861,1.9464,4.2411,1.3618,2.6269,3.5665,1.3831,2.478,3.3634,1.9214,1.8703,3.6161,1.9497,2.5317,4.096,0.99651,2.3071,3.1369,2.5444,1.9714,5.1496,1.287,2.6281,3.4786,1.2913,2.511,3.2586,0.48728,2.8889,3.5277,0.60346,1.8719,2.7055,1.5682,1.9602,4.5344,1.4548,1.7445,4.1592,5.1598,2.8226,1.4564,0.79812,2.0806,2.8358,1.0974,2.6851,4.0271,2.313,2.4926,3.6078,2.47,2.3662,4.7465,2.9954,2.6166,4.6742,2.0991,2.5034,4.4354,2.3826,2.2121,4.3449,0.68988,2.1462,3.1485,0.62494,2.4029,3.199,0.58739,2.1395,3.6967,2.3969,2.4032,4.5632,1.0191,2.4009,3.1246,1.2073,1.6612,4.2465,1.6268,2.0395,3.3672,5.8721,2.6258,1.6019,3.5098,2.8842,0.25097,0.84332,2.3648,3.0874,1.6772,1.5967,4.0456,1.5344,1.9215,3.174,0.78547,2.418,2.9659,2.1574,2.3051,4.7853,1.258,2.5719,3.2257,1.0279,1.9342,3.5094,0.34774,1.9868,3.3438,1.7663,1.994,3.3486,2.4139,2.2059,4.315,2.2626,2.1148,5.0144,1.2239,1.6224,3.8518,0.70664,1.9762,2.8067,2.2691,2.1448,5.0625,2.4235,2.2817,4.6426,1.5804,2.4995,3.964,4.5251,2.8194,0.46795,1.9704,2.5094,4.0588,0.79754,1.9459,4.1067,1.4293,2.6697,4.3274,3.9194,2.7684,0.21498,1.5811,1.7124,3.3181,0.19225,2.2956,3.2071,5.1031,2.8224,1.0866,0.74107,2.6986,3.4531,1.4102,2.5501,3.0438,2.2062,2.054,4.9135,1.4444,1.9716,4.4466,1.529,1.6276,3.3314,1.4342,2.9057,3.3686,0.67439,2.3864,3.0348,0.86748,2.4267,3.0608,0.24083,2.5901,3.3052,1.7058,2.3886,4.2408,0.69483,2.4113,2.9618,0.95904,2.3643,3.5001,1.3925,1.7406,4.2604,0.31712,2.3381,3.341,1.525,1.5792,3.3192,0.64743,2.3955,3.0092,3.4952,2.8351,0.16898,1.8809,2.547,3.9816,2.1018,2.2014,4.6973,2.2148,2.7377,4.7786,1.9284,1.8253,3.8009,1.2856,1.6782,3.7353,2.2357,2.0839,4.9856,1.3386,2.5739,3.8531,0.97822,3.0464,2.7956,4.818,2.8629,0.5271,1.4415,2.7087,4.4679,1.9477,1.869,3.8785,1.3947,2.6601,3.0546,0.72749,2.7102,3.3789,1.1082,2.8737,4.2816,0.88491,2.5459,2.8373,0.6829,2.0679,2.8955,0.53435,2.4224,3.3464,1.5606,2.1466,4.3742,1.6187,2.7226,4.6041,0.48089,2.0183,2.8787,2.0175,1.8016,3.7915,1.1752,1.7098,3.7418,2.188,2.6321,4.5923,1.3245,1.6884,4.0663,1.3065,2.1355,3.1235,0.56535,2.0477,2.9303,0.58483,2.4051,2.746,1.7235,2.4485,4.2352,2.1794,2.6054,4.624,0.51836,2.0418,2.8764,1.5862,1.6719,3.3665,0.15039,3.0621,1.9925,0.70746,2.5876,2.6861,3.2293,2.7195,6.2519,0.36606,2.8779,3.0867,4.7537,2.8681,0.4686,2.2488,2.2916,3.5116,1.2891,2.9742,4.1389,1.2131,2.4362,3.3864,1.0318,3.0298,3.9014,2.2856,2.2276,3.6755,1.161,1.6547,3.7477,2.4406,2.3743,4.6027,2.4349,2.7129,4.0874,1.3783,2.6694,4.3758,1.9164,1.764,3.7945,1.2525,2.6389,3.7636,2.2823,2.416,4.7852,1.6011,2.5526,3.5568,2.1704,2.2953,4.1808,0.73241,1.9669,3.2687,2.1681,2.4247,3.5716,2.1893,2.37,3.5062,2.2805,1.9972,5.0193,2.5634,2.2606,4.7784,2.2933,2.2615,3.7174,1.3438,1.6001,3.8914,2.1371,2.6144,4.5633,1.924,1.8093,3.7955,0.77992,2.0843,4.1634,1.5842,1.7086,4.236,2.1923,2.6231,4.6499,1.449,2.3988,3.2661,6.1165,2.9295,2.4457,1.862,1.7738,3.5597,1.8312,2.8405,4.0938,2.1786,1.9655,4.9286,1.2525,2.5953,4.4601,2.0258,2.1569,4.8962,1.6072,1.6425,3.9591,1.6207,2.0734,3.2858,1.1035,2.6545,3.6277,1.0087,2.765,3.8388,1.5127,2.5147,3.9393,1.1744,2.6739,3.6461,1.7895,1.5947,4.0633,0.95899,2.4615,2.8688,2.0392,2.1881,4.5236,0.44718,2.6882,3.195,1.0079,1.9111,4.2728,0.9958,2.2904,3.137,1.7412,2.4197,4.6194,0.92939,2.0125,2.8694,0.71533,1.9542,2.7362,1.5871,1.6314,3.9653,0.97854,2.44,2.9325,1.3085,1.5502,3.8625,2.7193,2.567,4.613,1.0602,2.2603,3.5294,1.2106,2.679,3.7211,1.9826,1.9864,4.5405,1.0056,1.9275,4.2686,1.8952,1.7053,3.4924,1.6599,2.5685,3.9927,2.155,2.5285,4.8401,2.0461,2.4326,3.5799,1.4311,2.982,3.6346,1.4656,1.5253,4.1733,0.58887,2.977,3.6148,1.6151,1.6181,4.1921,0.72373,1.9766,2.7329,0.75701,2.2115,3.9951,2.6208,2.5682,4.5242,2.0841,2.0654,3.4102,1.4942,2.7551,3.6504,1.0172,2.366,3.4864,2.6141,2.1035,4.6514,1.444,1.7109,4.4362,1.5459,2.5675,3.6641,2.0648,2.4225,4.1633,2.6108,2.3215,4.8827,0.60233,2.5278,3.1276
1784.4,0.12744,115.82,15.907,0.25922,830.44,1.4231,1.7643,4.0911,1.2984,2.2525,4.2951,1.1126,1.91,4.2386,2.4194,2.618,4.2972,0.85304,2.0036,4.3224,1.5177,2.605,3.8987,3.3671,2.803,0.066941,1.0951,1.9088,4.2523,1.7389,1.5572,4.1866,1.3061,2.2221,4.3753,0.80793,2.0497,4.2134,3.0227,2.8244,4.5868,5.427,2.6092,1.1644,1.3449,2.6589,3.7239,0.8409,2.1228,2.9715,2.5953,2.1885,4.6818,1.431,1.6129,3.9439,0.59114,2.6697,3.7042,2.0769,1.7594,3.549,1.0347,2.3796,3.1946,0.047255,2.3155,3.2475,1.7436,1.6653,3.4381,1.8297,2.6841,4.0823,1.8051,1.7466,3.4316,1.4208,1.5817,3.9696,0.39284,2.1861,3.0994,2.1385,2.4166,4.51,1.4445,1.7224,3.2051,0.81906,1.9638,2.754,3.3909,2.8193,6.2392,2.1047,1.8074,3.563,1.1264,2.7292,3.0542,1.8649,2.6012,4.1134,0.6979,1.9732,2.8235,1.0245,2.3937,3.1593,1.9636,1.9227,4.5923,1.7587,1.6067,3.9151,0.54412,2.1862,3.8009,1.2224,2.5967,3.7956,0.86357,2.1546,3.1235,2.7454,2.3838,4.5319,2.2406,2.2553,4.8677,1.5426,1.6816,3.9735,1.9347,1.9364,4.5528,1.5386,2.2299,3.2364,0.67284,2.2207,2.9722,2.4866,2.4678,4.4886,1.8392,2.6056,4.5927,1.7834,2.6102,4.5684,2.7718,2.4261,4.6451,1.267,2.5764,3.827,1.8344,2.3072,4.441,1.8079,2.9374,3.7273,0.68457,2.4813,2.6379,1.4371,2.1502,4.6224,2.0457,2.9538,3.9564,0.26809,2.4123,3.2696,1.6698,1.5592,4.0581,0.64717,2.0855,2.9854,2.2592,2.272,4.6707,0.80543,2.5029,3.2892,0.87419,2.1697,3.1065,6.1518,2.874,1.6727,2.1392,2.084,4.7805,2.7248,2.4346,4.6014,2.5207,2.2278,4.9874,1.9129,2.5748,4.1976,1.0793,1.7,4.0677,4.6635,2.7788,0.52077,0.79977,2.1368,2.9671,1.3254,2.0893,4.4078,0.98726,2.1599,3.4024,2.0462,2.6282,4.2744,1.7674,1.4962,4.107,1.3179,2.5234,3.1779,0.81164,2.5235,3.6895,2.1092,1.8214,3.6285,1.5107,2.5031,3.4393,1.5954,2.6008,3.6947,1.5811,1.5936,4.2354,1.8418,2.6066,4.2633,1.9568,2.6148,4.419,3.6406,2.715,0.09181,1.7722,1.488,4.0909,1.8721,1.9976,3.4925,2.0064,2.9267,4.8242,1.2895,2.5405,3.2541,2.5673,2.4344,4.882,1.1094,2.6253,3.9906,1.5195,2.476,3.4607,1.0749,1.8483,4.0558,1.7115,1.5172,4.0382,1.8111,1.9825,3.4039,0.28262,2.8933,3.342,2.9724,2.2819,4.7289,1.2846,1.946,4.2425,1.364,2.6266,3.5725,1.3811,2.4791,3.3652,1.9248,1.867,3.6144,1.9505,2.5347,4.1002,0.99361,2.3074,3.1359,2.5436,1.9708,5.1496,1.289,2.6274,3.484,1.2863,2.5121,3.2565,0.49211,2.8865,3.5319,0.60213,1.8722,2.7014,1.5624,1.9585,4.5339,1.4545,1.7417,4.1599,5.1501,2.8197,1.4455,0.79707,2.08,2.8366,1.0976,2.6867,4.0241,2.3191,2.4908,3.6095,2.4674,2.3642,4.7416,3.002,2.6133,4.6785,2.0987,2.5038,4.4341,2.3847,2.2164,4.3512,0.68542,2.1495,3.1409,0.63277,2.4013,3.2069,0.58782,2.1395,3.6967,2.3989,2.4023,4.5679,1.026,2.3992,3.1314,1.2048,1.6646,4.2442,1.6236,2.0395,3.3638,5.8626,2.6226,1.5919,3.5123,2.8823,0.25398,0.8405,2.3635,3.0875,1.6774,1.5957,4.0447,1.5362,1.9232,3.1747,0.78541,2.4165,2.9678,2.1589,2.3039,4.7826,1.2605,2.5731,3.2293,1.0286,1.9323,3.51,0.34212,1.9885,3.3475,1.7693,1.9922,3.3461,2.4175,2.2111,4.3224,2.2661,2.1126,5.0151,1.2211,1.6196,3.8517,0.70642,1.9758,2.8067,2.2722,2.1431,5.0636,2.4264,2.2838,4.6475,1.5804,2.5035,3.9633,4.5315,2.8143,0.47613,1.9715,2.5154,4.0618,0.79669,1.9459,4.1064,1.4363,2.6724,4.3287,3.9293,2.7658,0.2262,1.5839,1.7169,3.3198,0.19065,2.2954,3.2028,5.1051,2.8172,1.0907,0.74256,2.6964,3.4541,1.4121,2.5515,3.0428,2.21,2.0516,4.9137,1.4422,1.9671,4.4492,1.5293,1.6271,3.3329,1.4355,2.9054,3.3676,0.67931,2.3847,3.0421,0.8657,2.4257,3.0625,0.24031,2.5891,3.3025,1.7097,2.3927,4.2452,0.70122,2.4107,2.9685,0.95429,2.3704,3.4928,1.3925,1.7385,4.2586,0.31661,2.3384,3.3389,1.5247,1.5772,3.3207,0.65184,2.3945,3.0158,3.5051,2.8332,0.1798,1.8773,2.5464,3.9806,2.1061,2.2014,4.7004,2.2034,2.735,4.7635,1.9293,1.8194,3.7986,1.2852,1.6749,3.7364,2.2385,2.0819,4.9858,1.3371,2.5722,3.8492,0.96928,3.0461,2.786,4.8204,2.859,0.53118,1.4455,2.7083,4.4695,1.9499,1.8663,3.8791,1.3989,2.6611,3.0609,0.73244,2.7085,3.3843,1.114,2.8719,4.2869,0.89244,2.5471,2.8436,0.6837,2.0712,2.8952,0.53514,2.4231,3.345,1.5609,2.1442,4.3791,1.626,2.7229,4.6087,0.47766,2.0194,2.8728,2.0184,1.7994,3.7915,1.1741,1.7053,3.7448,2.1864,2.6307,4.5885,1.3223,1.6915,4.0633,1.3036,2.1342,3.1218,0.56304,2.0491,2.9255,0.5887,2.4037,2.752,1.7271,2.4538,4.2369,2.1748,2.6024,4.6166,0.516,2.0424,2.8724,1.5866,1.6715,3.3683,0.13142,3.0623,1.9715,0.70781,2.5914,2.6851,3.2391,2.7174,6.2524,0.38036,2.8766,3.1031,4.7575,2.8657,0.47386,2.2488,2.288,3.5066,1.2889,2.971,4.1398,1.2081,2.4379,3.3837,1.0271,3.0284,3.8994,2.2833,2.2276,3.6713,1.1595,1.6479,3.7513,2.4406,2.3749,4.6032,2.4305,2.7135,4.0898,1.3806,2.6692,4.3751,1.917,1.7582,3.7929,1.2547,2.6357,3.7653,2.2816,2.4154,4.78,1.5994,2.5524,3.5625,2.1712,2.2995,4.1851,0.73012,1.9695,3.2648,2.1635,2.4253,3.5656,2.185,2.368,3.4979,2.2824,1.9979,5.0198,2.561,2.2596,4.7781,2.2906,2.2632,3.7147,1.3431,1.5997,3.8917,2.1298,2.6103,4.5533,1.9254,1.8045,3.7926,0.78034,2.0823,4.1691,1.5831,1.7056,4.235,2.1865,2.6199,4.6419,1.4495,2.3996,3.2664,6.1239,2.9307,2.4545,1.8637,1.7731,3.5616,1.8301,2.8349,4.0911,2.1831,1.9651,4.9321,1.255,2.5956,4.4646,2.0298,2.158,4.8971,1.6072,1.6392,3.959,1.6224,2.0754,3.2839,1.104,2.6527,3.6272,1.0094,2.7636,3.8368,1.5162,2.5163,3.943,1.1749,2.6718,3.6448,1.7876,1.5906,4.063,0.96041,2.4622,2.8714,2.0443,2.1919,4.5286,0.45606,2.6836,3.2031,1.005,1.9094,4.2724,0.99617,2.2899,3.1393,1.7452,2.42,4.6209,0.92741,2.0109,2.8689,0.71471,1.9533,2.7359,1.5867,1.6288,3.9654,0.97929,2.4402,2.9364,1.3058,1.5483,3.8635,2.718,2.5665,4.6127,1.0584,2.2654,3.5252,1.2127,2.6761,3.7226,1.9833,1.9868,4.5431,1.0037,1.9258,4.2694,1.8972,1.7063,3.4941,1.6596,2.5702,3.9922,2.1568,2.5281,4.8383,2.0427,2.4348,3.5755,1.4403,2.9781,3.6434,1.4659,1.5273,4.1717,0.58455,2.9763,3.6114,1.6161,1.6157,4.191,0.72325,1.9759,2.7328,0.75866,2.2129,3.9961,2.6192,2.5675,4.5253,2.0877,2.0635,3.4105,1.4978,2.7511,3.6559,1.0143,2.3708,3.4816,2.6179,2.1068,4.6584,1.4427,1.7114,4.437,1.5449,2.5678,3.6674,2.0654,2.4261,4.1666,2.6091,2.3205,4.8804,0.60647,2.5283,3.1319
1784.4,0.12744,115.82,15.907,0.26816,845.84,1.4205,1.762,4.0894,1.3006,2.2529,4.2988,1.1096,1.9079,4.2377,2.4178,2.6169,4.2986,0.85241,2.003,4.3242,1.5177,2.6073,3.8984,3.3765,2.8004,5.7752,1.0917,1.9064,4.2526,1.7392,1.5537,4.1843,1.3059,2.2215,4.3794,0.80721,2.0494,4.2147,3.0249,2.8238,4.5878,5.4226,2.604,1.1615,1.3444,2.6577,3.7229,0.83748,2.1216,2.9697,2.5987,2.1913,4.6882,1.4289,1.612,3.9447,0.58755,2.6721,3.6967,2.0796,1.7584,3.5515,1.0286,2.3797,3.192,0.039887,2.3158,3.2374,1.7421,1.6637,3.4401,1.827,2.6808,4.08,1.8059,1.7477,3.4329,1.4195,1.5807,3.9698,0.39347,2.1868,3.0974,2.1401,2.4172,4.5115,1.4431,1.7242,3.205,0.81816,1.9638,2.7542,3.4067,2.8172,6.2505,2.1091,1.8074,3.5667,1.1309,2.73,3.0604,1.8673,2.6017,4.1179,0.69868,1.9753,2.8237,1.0215,2.3928,3.1604,1.9667,1.9226,4.5961,1.7605,1.6068,3.9162,0.54688,2.185,3.8046,1.2259,2.5984,3.7992,0.86068,2.1561,3.1211,2.7497,2.3852,4.5361,2.2457,2.2571,4.873,1.5446,1.6809,3.9745,1.9372,1.9367,4.555,1.5407,2.231,3.2358,0.67027,2.2231,2.9699,2.4884,2.4698,4.4936,1.8351,2.6062,4.5816,1.7799,2.6104,4.5598,2.7798,2.428,4.6567,1.2662,2.5781,3.8233,1.8406,2.31,4.4457,1.8048,2.9348,3.7241,0.68817,2.4821,2.6407,1.4315,2.1539,4.6191,2.0464,2.9499,3.9562,0.26517,2.4121,3.2658,1.6702,1.5582,4.0572,0.64574,2.0855,2.9834,2.2585,2.2723,4.6695,0.80543,2.4995,3.2937,0.87241,2.171,3.1047,6.1498,2.8728,1.6701,2.145,2.0862,4.7863,2.7295,2.436,4.6094,2.5196,2.2243,4.9845,1.9126,2.5724,4.1965,1.0792,1.696,4.0712,4.6629,2.7748,0.52047,0.79845,2.1372,2.9668,1.3272,2.0893,4.4115,0.98441,2.1626,3.3988,2.0418,2.6251,4.2696,1.7699,1.4927,4.1052,1.3221,2.5228,3.1789,0.81365,2.5258,3.6871,2.1115,1.8184,3.6258,1.5099,2.5052,3.4416,1.5966,2.6023,3.7011,1.5786,1.594,4.2349,1.8383,2.6025,4.2578,1.9558,2.6107,4.417,3.6493,2.7118,0.099437,1.775,1.4841,4.088,1.8783,1.9968,3.4953,2.0016,2.9261,4.8193,1.2921,2.5407,3.2568,2.5657,2.4341,4.8792,1.1104,2.6256,3.9868,1.5175,2.4776,3.4616,1.0719,1.8477,4.0555,1.7136,1.5155,4.037,1.8156,1.981,3.4043,0.28478,2.8915,3.3437,2.9745,2.2805,4.7314,1.2829,1.9456,4.2439,1.3662,2.6263,3.5785,1.3791,2.4801,3.367,1.9281,1.8636,3.6127,1.9514,2.5376,4.1043,0.99074,2.3077,3.135,2.5428,1.9704,5.1495,1.291,2.6267,3.4893,1.2813,2.5131,3.2543,0.49671,2.884,3.5359,0.60087,1.8725,2.6975,1.5568,1.9569,4.5334,1.4542,1.7389,4.1606,5.1406,2.8169,1.4348,0.79609,2.0792,2.8374,1.0979,2.6884,4.0212,2.3252,2.4891,3.6112,2.465,2.3623,4.7369,3.0083,2.61,4.6825,2.0984,2.5043,4.4329,2.3869,2.2206,4.3576,0.6809,2.1528,3.1332,0.64054,2.3996,3.2149,0.58833,2.1395,3.6968,2.401,2.4014,4.5728,1.0327,2.3975,3.138,1.2022,1.6682,4.2418,1.6202,2.0392,3.3604,5.8535,2.6193,1.5823,3.5141,2.8803,0.25641,0.83753,2.3622,3.0873,1.6778,1.5948,4.0438,1.5381,1.9249,3.1752,0.78532,2.415,2.9695,2.1606,2.3027,4.78,1.263,2.5744,3.2329,1.0294,1.9303,3.5108,0.3366,1.9902,3.3507,1.7724,1.9904,3.3437,2.4214,2.2164,4.3301,2.2696,2.1102,5.0158,1.2184,1.6169,3.8517,0.70611,1.9754,2.8067,2.2753,2.1414,5.0647,2.4293,2.286,4.6522,1.5804,2.5076,3.9628,4.5376,2.8093,0.48408,1.9725,2.5214,4.0648,0.79587,1.946,4.1061,1.4432,2.6751,4.3302,3.939,2.7632,0.23713,1.5869,1.7212,3.3215,0.18919,2.2954,3.1988,5.1071,2.8121,1.0949,0.74386,2.6943,3.455,1.4139,2.5529,3.0419,2.2139,2.0491,4.9138,1.4402,1.9629,4.4518,1.5294,1.6267,3.3344,1.437,2.9052,3.3666,0.68406,2.3832,3.0493,0.86389,2.425,3.0642,0.23971,2.5882,3.2997,1.7137,2.3965,4.2494,0.70747,2.4099,2.9751,0.94947,2.3765,3.4855,1.3923,1.7365,4.2569,0.31601,2.3385,3.3367,1.5245,1.5751,3.3222,0.65607,2.3936,3.0222,3.5147,2.8313,0.19028,1.8739,2.5461,3.9799,2.1103,2.2011,4.7035,2.1926,2.7325,4.7489,1.9301,1.8135,3.7965,1.285,1.6717,3.7374,2.2413,2.0798,4.986,1.3356,2.5706,3.8453,0.96007,3.0458,2.7763,4.8225,2.8551,0.53512,1.4493,2.708,4.4711,1.952,1.8636,3.8799,1.403,2.662,3.0673,0.73701,2.707,3.3894,1.1198,2.87,4.2922,0.89964,2.5483,2.8495,0.68449,2.0745,2.8949,0.53611,2.4237,3.3437,1.5613,2.1417,4.3841,1.6332,2.723,4.6131,0.47456,2.0205,2.8671,2.0193,1.7973,3.7916,1.173,1.7008,3.7476,2.185,2.6291,4.5848,1.3201,1.6947,4.0605,1.3008,2.1329,3.1202,0.56082,2.0506,2.9209,0.59251,2.4023,2.7579,1.7306,2.4591,4.2384,2.1702,2.5996,4.6094,0.51374,2.0428,2.8683,1.5871,1.6713,3.3701,0.11213,3.0626,1.9501,0.70793,2.5953,2.6839,3.2485,2.7154,0.050501,0.39446,2.8753,3.1192,4.7611,2.8635,0.47911,2.2487,2.2845,3.5017,1.2884,2.968,4.1403,1.2031,2.4396,3.3809,1.0219,3.0271,3.8968,2.2812,2.2274,3.6672,1.1579,1.6412,3.7549,2.4407,2.3755,4.6038,2.4264,2.7142,4.0924,1.3827,2.6691,4.3742,1.9179,1.7525,3.7914,1.257,2.6324,3.7671,2.281,2.4148,4.7748,1.598,2.5522,3.5684,2.172,2.3036,4.1893,0.72784,1.9721,3.2609,2.159,2.4259,3.5596,2.1808,2.366,3.4898,2.2841,1.9984,5.0201,2.5585,2.2585,4.7776,2.2879,2.2648,3.7122,1.3427,1.5992,3.8922,2.123,2.6063,4.5437,1.9267,1.7999,3.7897,0.78075,2.0803,4.1747,1.5821,1.7026,4.2341,2.1809,2.6169,4.634,1.4499,2.4005,3.2668,6.1312,2.9317,2.4633,1.8653,1.7724,3.5634,1.8291,2.8295,4.0887,2.1873,1.9647,4.9354,1.2573,2.596,4.4689,2.0336,2.1591,4.8978,1.6074,1.6359,3.959,1.6241,2.0775,3.2821,1.1044,2.651,3.6268,1.0102,2.7621,3.8347,1.5196,2.5179,3.9468,1.1753,2.6697,3.6435,1.7858,1.5867,4.0626,0.96186,2.4628,2.874,2.0493,2.1954,4.5334,0.46459,2.6791,3.2108,1.0022,1.9077,4.2722,0.99651,2.2895,3.1414,1.749,2.4203,4.6225,0.92548,2.0094,2.8685,0.71414,1.9523,2.7359,1.5863,1.6264,3.9654,0.97999,2.4404,2.9403,1.3031,1.5465,3.8646,2.7166,2.5662,4.6123,1.0566,2.2704,3.5212,1.2148,2.6732,3.7242,1.984,1.9871,4.5455,1.0018,1.9243,4.2702,1.8991,1.7073,3.4957,1.6593,2.5717,3.9918,2.1588,2.5278,4.8366,2.0393,2.4369,3.5713,1.4491,2.9742,3.6522,1.4664,1.5292,4.1703,0.5802,2.9756,3.608,1.6172,1.6134,4.19,0.72278,1.9752,2.7327,0.76025,2.2143,3.9971,2.6176,2.5668,4.5263,2.0911,2.0614,3.411,1.5012,2.747,3.6613,1.0114,2.3755,3.4768,2.6215,2.11,4.6653,1.4414,1.7121,4.4377,1.5439,2.5681,3.6707,2.0661,2.4295,4.1699,2.6074,2.3195,4.8781,0.61051,2.5288,3.136
1784.4,0.12744,115.82,15.907,0.2771,862.11,1.4181,1.7598,4.0878,1.3026,2.2535,4.3023,1.1067,1.906,4.2368,2.4163,2.6158,4.3002,0.85178,2.0025,4.326,1.5177,2.6094,3.8981,3.3858,2.7977,4.7991,1.0883,1.9041,4.2528,1.7396,1.5506,4.182,1.3055,2.2208,4.3833,0.80655,2.049,4.2161,3.0269,2.8232,4.5887,5.4186,2.5991,1.1591,1.3438,2.6566,3.7218,0.8341,2.1203,2.968,2.602,2.1937,4.694,1.4267,1.6113,3.9454,0.58396,2.6744,3.6894,2.0821,1.7576,3.554,1.0224,2.3798,3.1893,0.032717,2.3162,3.2277,1.7407,1.6623,3.442,1.8246,2.6777,4.078,1.8067,1.7489,3.4341,1.4183,1.5798,3.9699,0.39413,2.1874,3.0955,2.1418,2.4179,4.513,1.4416,1.7261,3.2048,0.81728,1.9639,2.7545,3.4224,2.815,0.092168,2.1137,1.8073,3.5702,1.1356,2.7309,3.0666,1.8696,2.6023,4.1222,0.69938,1.9772,2.8237,1.0182,2.3918,3.1615,1.9698,1.9225,4.5998,1.7622,1.6072,3.9174,0.54973,2.1837,3.8085,1.2294,2.6,3.8028,0.85794,2.1577,3.1188,2.7538,2.3864,4.5397,2.2503,2.2585,4.878,1.5464,1.68,3.9755,1.9398,1.937,4.5572,1.5429,2.232,3.2353,0.66812,2.2251,2.9683,2.4898,2.4715,4.4982,1.8311,2.6067,4.5707,1.7767,2.6106,4.5511,2.7872,2.4297,4.6673,1.2652,2.5797,3.8197,1.8469,2.3128,4.4503,1.8016,2.9325,3.7208,0.69149,2.4828,2.6431,1.4259,2.1574,4.6157,2.0476,2.9459,3.9564,0.26238,2.4119,3.2623,1.6707,1.5573,4.0564,0.64439,2.0855,2.9816,2.2579,2.2726,4.6683,0.80493,2.4965,3.2975,0.87081,2.1721,3.103,6.1483,2.8717,1.668,2.1508,2.0881,4.7916,2.7336,2.4371,4.6164,2.5189,2.2208,4.9821,1.9124,2.5705,4.1957,1.0791,1.6922,4.0746,4.6618,2.7708,0.51989,0.79725,2.1377,2.9665,1.329,2.0893,4.4151,0.98154,2.1654,3.3953,2.0377,2.6223,4.2651,1.7723,1.4893,4.1034,1.3262,2.5223,3.1798,0.81567,2.528,3.6848,2.1138,1.8154,3.6233,1.5093,2.5071,3.4442,1.598,2.6039,3.7078,1.5762,1.5946,4.2344,1.8351,2.599,4.2526,1.955,2.6067,4.4153,3.6577,2.7088,0.1067,1.7778,1.48,4.0851,1.8847,1.996,3.4981,1.9968,2.9255,4.8141,1.2945,2.5409,3.2592,2.5642,2.434,4.8763,1.1115,2.6259,3.9829,1.5156,2.4791,3.4627,1.069,1.847,4.0554,1.7158,1.5138,4.0358,1.82,1.9796,3.4047,0.28702,2.8897,3.3453,2.9764,2.2789,4.7337,1.2813,1.9451,4.2452,1.3685,2.6262,3.5843,1.3773,2.4813,3.3688,1.9313,1.8604,3.6111,1.9522,2.5404,4.1084,0.98788,2.3081,3.134,2.542,1.97,5.1495,1.293,2.6261,3.4945,1.2763,2.5141,3.2523,0.50117,2.8816,3.5395,0.59974,1.8726,2.6939,1.551,1.9553,4.5327,1.454,1.7363,4.1612,5.1315,2.8141,1.4245,0.79511,2.0785,2.8381,1.0979,2.69,4.0182,2.3311,2.4873,3.6129,2.4628,2.3605,4.7327,3.0143,2.6068,4.6861,2.0982,2.5048,4.4317,2.3891,2.2247,4.3638,0.67664,2.1556,3.1263,0.64772,2.3982,3.2219,0.58888,2.1396,3.6969,2.4032,2.4005,4.5774,1.039,2.3962,3.144,1.1997,1.6715,4.2396,1.6168,2.0391,3.357,5.8449,2.6162,1.5734,3.5154,2.8785,0.25825,0.83445,2.361,3.087,1.6779,1.5941,4.0429,1.5399,1.9267,3.1759,0.7852,2.4134,2.9712,2.1624,2.3016,4.7777,1.2653,2.5758,3.2364,1.03,1.9282,3.5116,0.33148,1.9919,3.3539,1.7756,1.9886,3.3415,2.4257,2.2217,4.3381,2.2731,2.1079,5.0166,1.2156,1.6141,3.8516,0.70572,1.9748,2.8066,2.2783,2.1396,5.0658,2.4321,2.2878,4.6568,1.5803,2.5114,3.9621,4.5436,2.8045,0.49184,1.9736,2.527,4.0678,0.79512,1.946,4.1058,1.4496,2.6776,4.3313,3.9482,2.7608,0.24758,1.5899,1.7255,3.3233,0.18801,2.2953,3.1951,5.1093,2.8073,1.0992,0.74489,2.6923,3.4555,1.4155,2.5544,3.0407,2.2177,2.0468,4.9139,1.4379,1.9587,4.4542,1.5295,1.6261,3.3358,1.4382,2.9051,3.3655,0.68838,2.3816,3.0558,0.8621,2.4242,3.066,0.23919,2.5872,3.2971,1.7173,2.4001,4.2534,0.71364,2.4093,2.9815,0.94472,2.3823,3.4783,1.3921,1.7343,4.2551,0.31537,2.3387,3.3345,1.5244,1.573,3.3239,0.66014,2.3926,3.0285,3.5237,2.8294,0.20008,1.8705,2.5458,3.9792,2.1145,2.201,4.7065,2.1823,2.73,4.7348,1.9309,1.8077,3.7945,1.2846,1.6687,3.7385,2.2439,2.078,4.9861,1.3342,2.5692,3.8415,0.95074,3.0455,2.7663,4.8244,2.8515,0.53901,1.4528,2.7075,4.4725,1.9542,1.8607,3.8807,1.4071,2.6628,3.0735,0.74126,2.7056,3.3941,1.1253,2.8681,4.2971,0.90657,2.5494,2.8553,0.68536,2.0775,2.8949,0.5369,2.4244,3.3422,1.5617,2.1392,4.389,1.6397,2.7231,4.6172,0.47174,2.0214,2.8619,2.0201,1.7952,3.7916,1.1718,1.6966,3.7505,2.1839,2.6278,4.5816,1.3178,1.6975,4.0577,1.2979,2.1316,3.1185,0.55871,2.0518,2.9167,0.59626,2.4011,2.7638,1.7339,2.4639,4.2394,2.1661,2.5968,4.6026,0.51161,2.0432,2.8647,1.5876,1.6711,3.3719,0.093218,3.0627,1.9292,0.70773,2.5993,2.6823,3.2572,2.7132,4.6943,0.4085,2.8739,3.1353,4.7647,2.8613,0.48429,2.2488,2.281,3.4972,1.2877,2.9651,4.1405,1.1984,2.441,3.3785,1.0164,3.0257,3.894,2.279,2.2273,3.663,1.1564,1.6347,3.7583,2.4407,2.3761,4.6043,2.4224,2.7148,4.0951,1.3847,2.669,4.3734,1.9185,1.7468,3.7902,1.2589,2.6294,3.7687,2.2805,2.4142,4.7701,1.5964,2.5522,3.5739,2.173,2.3077,4.1936,0.72556,1.9746,3.2571,2.1548,2.4265,3.5538,2.1768,2.3639,3.4817,2.2858,1.999,5.0201,2.5562,2.2575,4.7772,2.285,2.2665,3.7097,1.3423,1.5986,3.8925,2.1166,2.6023,4.5346,1.9281,1.7952,3.7871,0.78116,2.0784,4.1802,1.5809,1.6997,4.233,2.1755,2.6139,4.6263,1.4504,2.4014,3.2672,6.1388,2.9328,2.4723,1.867,1.7716,3.5652,1.8285,2.8242,4.0867,2.1914,1.9642,4.9383,1.2596,2.5962,4.4731,2.0374,2.1602,4.8984,1.6075,1.633,3.959,1.6259,2.0794,3.2804,1.1049,2.6493,3.6262,1.0108,2.7607,3.8325,1.523,2.5193,3.9505,1.1758,2.6678,3.6423,1.7839,1.5829,4.0623,0.96333,2.4634,2.8766,2.0541,2.1988,4.538,0.47267,2.6745,3.2179,0.99933,1.906,4.2718,0.99676,2.2891,3.1434,1.753,2.4204,4.6241,0.92355,2.0079,2.8679,0.71357,1.9512,2.7358,1.5858,1.6242,3.9654,0.9806,2.4406,2.9439,1.3004,1.5448,3.8657,2.7151,2.5657,4.6119,1.0549,2.2753,3.5172,1.2166,2.6704,3.7254,1.9848,1.9874,4.548,0.99998,1.9227,4.2711,1.901,1.7082,3.4973,1.659,2.5731,3.9914,2.1606,2.5274,4.8349,2.0363,2.4391,3.5674,1.4578,2.9702,3.6608,1.4668,1.531,4.1689,0.57588,2.9749,3.6045,1.6184,1.6112,4.1889,0.72231,1.9745,2.7326,0.76171,2.2158,3.9979,2.616,2.5662,4.5274,2.0946,2.0596,3.4115,1.5046,2.7432,3.6667,1.0088,2.3797,3.4724,2.625,2.113,4.6718,1.4402,1.7128,4.4384,1.5428,2.5684,3.6737,2.0667,2.4329,4.173,2.6058,2.3185,4.8758,0.6145,2.5294,3.1401
1784.4,0.12744,115.82,15.907,0.28604,877.68,1.4156,1.7579,4.0864,1.3047,2.254,4.3058,1.1039,1.9041,4.2359,2.415,2.6148,4.3019,0.85113,2.0019,4.3277,1.5176,2.6115,3.8978,3.3951,2.7951,0.013891,1.085,1.9018,4.2531,1.7401,1.5476,4.1797,1.305,2.2201,4.3871,0.80595,2.0487,4.2175,3.0288,2.8225,4.5895,5.4148,2.5943,1.157,1.3432,2.6557,3.7205,0.83079,2.1189,2.9662,2.6052,2.1961,4.6998,1.4245,1.6106,3.9461,0.58053,2.6765,3.6822,2.0847,1.7567,3.5565,1.0162,2.3801,3.1864,0.02573,2.3164,3.2185,1.7393,1.6608,3.444,1.8223,2.6746,4.076,1.8074,1.75,3.4355,1.4171,1.5789,3.97,0.39479,2.188,3.0936,2.1433,2.4186,4.5144,1.4402,1.7281,3.2047,0.81642,1.9638,2.7549,3.4381,2.8128,0.0062848,2.1182,1.8071,3.5738,1.1403,2.7318,3.0728,1.8721,2.6027,4.1266,0.69998,1.9791,2.8237,1.015,2.3909,3.1625,1.973,1.9223,4.6035,1.7639,1.6079,3.9185,0.55268,2.1824,3.8124,1.2329,2.6015,3.8066,0.8553,2.1591,3.1167,2.7577,2.3877,4.5432,2.255,2.2599,4.8829,1.5482,1.679,3.9764,1.9425,1.9372,4.5594,1.5451,2.2331,3.2348,0.66615,2.227,2.9671,2.4913,2.4731,4.503,1.8271,2.6071,4.5601,1.7735,2.6109,4.5427,2.7942,2.4313,4.6775,1.2642,2.5812,3.816,1.8532,2.3155,4.4547,1.7984,2.9302,3.7175,0.69462,2.4836,2.6453,1.4202,2.1611,4.6122,2.0489,2.942,3.9569,0.25964,2.4116,3.2587,1.6711,1.5564,4.0555,0.64309,2.0854,2.9799,2.257,2.2728,4.667,0.80406,2.4935,3.3009,0.86925,2.1732,3.1014,6.1473,2.8705,1.6666,2.1562,2.0899,4.7968,2.7374,2.4382,4.6233,2.5182,2.2173,4.9798,1.9122,2.5688,4.195,1.0788,1.6885,4.0779,4.6605,2.7673,0.51909,0.79622,2.1381,2.9664,1.3309,2.0894,4.4187,0.97865,2.1681,3.3917,2.0337,2.6195,4.2607,1.7749,1.486,4.1014,1.3303,2.5218,3.1807,0.81768,2.5301,3.6826,2.1161,1.8125,3.6208,1.509,2.509,3.4472,1.5995,2.6052,3.7146,1.5737,1.5952,4.2339,1.8321,2.5955,4.2476,1.9542,2.6028,4.4137,3.6661,2.7058,0.11389,1.7806,1.4756,4.0821,1.8909,1.9953,3.5009,1.9917,2.9248,4.8087,1.2969,2.5412,3.2615,2.5629,2.4337,4.8736,1.1124,2.6262,3.9791,1.5137,2.4806,3.4638,1.0662,1.8462,4.0552,1.718,1.5123,4.0347,1.8243,1.9783,3.4051,0.28932,2.8878,3.3469,2.9783,2.2776,4.736,1.2797,1.9446,4.2465,1.3707,2.6261,3.5902,1.3754,2.4824,3.3708,1.9346,1.8572,3.6096,1.9531,2.5429,4.1124,0.98504,2.3084,3.1331,2.5412,1.9697,5.1495,1.2949,2.6256,3.4997,1.2715,2.5151,3.2503,0.50538,2.8792,3.543,0.59868,1.8727,2.6904,1.5454,1.9539,4.5319,1.4537,1.7337,4.1618,5.1227,2.8114,1.4145,0.79419,2.0777,2.839,1.0979,2.6914,4.0152,2.3372,2.4855,3.6145,2.4607,2.3588,4.7285,3.0202,2.6037,4.6893,2.0979,2.5053,4.4306,2.3913,2.2287,4.3701,0.6724,2.1582,3.1194,0.6548,2.3969,3.2289,0.58949,2.1396,3.6971,2.4053,2.3996,4.5821,1.0449,2.3948,3.1499,1.1972,1.6749,4.2374,1.6133,2.0388,3.3535,5.8367,2.6131,1.5648,3.5163,2.8767,0.25958,0.83125,2.3599,3.0864,1.6782,1.5934,4.0421,1.5419,1.9283,3.1766,0.78502,2.4118,2.9729,2.1642,2.3004,4.7755,1.2677,2.5771,3.2397,1.0308,1.9261,3.5124,0.32662,1.9936,3.3569,1.7788,1.9867,3.3395,2.4302,2.2271,4.3465,2.2765,2.1056,5.0173,1.2129,1.6114,3.8514,0.70526,1.9743,2.8064,2.2812,2.1377,5.0667,2.4348,2.2898,4.6613,1.5802,2.5151,3.9615,4.5493,2.7997,0.49939,1.9746,2.5325,4.0706,0.79439,1.946,4.1056,1.456,2.6801,4.3323,3.9572,2.7583,0.25775,1.5931,1.7299,3.3252,0.18698,2.2953,3.1915,5.1116,2.8025,1.1036,0.74575,2.6902,3.4559,1.417,2.5558,3.0394,2.2215,2.0443,4.9142,1.4358,1.9547,4.4567,1.5297,1.6256,3.3373,1.4397,2.9049,3.3644,0.69252,2.3803,3.0621,0.86035,2.4233,3.0676,0.23861,2.5862,3.2945,1.7209,2.4034,4.2571,0.71969,2.4086,2.988,0.93996,2.3878,3.4712,1.3919,1.7322,4.2532,0.31467,2.3388,3.3323,1.5242,1.5708,3.3255,0.66405,2.3917,3.0345,3.5323,2.8275,0.20941,1.8672,2.5456,3.9786,2.1187,2.2007,4.7096,2.1724,2.7274,4.721,1.9318,1.8019,3.7926,1.2843,1.6658,3.7395,2.2466,2.0761,4.9863,1.3328,2.5677,3.838,0.94113,3.0453,2.7561,4.8261,2.848,0.54285,1.4562,2.707,4.4737,1.9563,1.858,3.8814,1.4111,2.6636,3.0797,0.74521,2.7043,3.3983,1.1307,2.8662,4.302,0.91318,2.5507,2.8607,0.68622,2.0806,2.8949,0.53764,2.4251,3.3407,1.5622,2.1367,4.3938,1.6459,2.7232,4.6209,0.46905,2.0223,2.8568,2.021,1.7931,3.7918,1.1706,1.6924,3.7532,2.1829,2.6265,4.5787,1.3156,1.7003,4.055,1.2951,2.1303,3.1169,0.55667,2.053,2.9124,0.59995,2.3997,2.7696,1.7369,2.4686,4.2403,2.1621,2.5941,4.5961,0.50956,2.0435,2.8612,1.5879,1.6709,3.3738,0.074231,3.0629,1.9082,0.70728,2.6033,2.6805,3.2654,2.7113,0.0066976,0.42238,2.8724,3.1511,4.7682,2.8594,0.48942,2.2491,2.2775,3.4927,1.2867,2.9625,4.1405,1.1938,2.4425,3.376,1.0106,3.0243,3.8908,2.2769,2.2272,3.6588,1.1549,1.6282,3.7617,2.4408,2.3767,4.6049,2.4188,2.7153,4.098,1.3866,2.6689,4.3725,1.9192,1.7414,3.789,1.2609,2.6263,3.7703,2.2801,2.4137,4.7653,1.5949,2.552,3.5795,2.174,2.3117,4.1979,0.72328,1.9771,3.2535,2.1506,2.427,3.5479,2.1731,2.3618,3.4738,2.2873,1.9994,5.02,2.554,2.2565,4.7768,2.2823,2.2681,3.7071,1.342,1.5977,3.8928,2.1105,2.5985,4.526,1.9295,1.7905,3.7846,0.78157,2.0765,4.1856,1.5798,1.6969,4.232,2.1702,2.611,4.6188,1.4508,2.4023,3.2674,6.1463,2.9338,2.4813,1.8686,1.7708,3.567,1.828,2.8192,4.0849,2.1953,1.9637,4.9411,1.2617,2.5965,4.4771,2.0411,2.1613,4.8991,1.6077,1.6301,3.959,1.6277,2.0813,3.2789,1.1053,2.6477,3.6257,1.0114,2.7594,3.8302,1.5263,2.5208,3.9542,1.1761,2.666,3.641,1.7821,1.5792,4.0619,0.96484,2.4641,2.8793,2.0589,2.202,4.5425,0.48043,2.6701,3.2249,0.99656,1.9043,4.2714,0.99699,2.2888,3.1454,1.7568,2.4206,4.6257,0.92163,2.0066,2.8674,0.71305,1.9502,2.7359,1.5854,1.6222,3.9654,0.98118,2.4409,2.9475,1.2977,1.5431,3.8667,2.7137,2.5653,4.6115,1.053,2.2802,3.5132,1.2186,2.6677,3.7268,1.9858,1.9876,4.5504,0.99818,1.9211,4.2719,1.9029,1.7091,3.499,1.6588,2.5744,3.9911,2.1626,2.5271,4.8335,2.0333,2.4413,3.5636,1.4664,2.9662,3.6692,1.4671,1.5327,4.1674,0.57156,2.9742,3.6012,1.6196,1.6092,4.1879,0.72186,1.9737,2.7325,0.76311,2.2172,3.9986,2.6144,2.5655,4.5285,2.0981,2.0576,3.412,1.5079,2.7395,3.672,1.0064,2.3837,3.4683,2.6285,2.116,4.6782,1.4391,1.7138,4.439,1.5417,2.5687,3.6767,2.0673,2.436,4.1761,2.6042,2.3176,4.8736,0.61845,2.5299,3.1442
1801.6,0.13171,125.96,15.913,0.0089341,378.18,1.5197,1.8355,4.1699,1.2773,2.2263,4.2237,1.2276,1.9853,4.235,2.4961,2.6609,4.3006,0.85813,2.0592,4.2208,1.5198,2.4885,3.8934,3.0201,2.8392,5.8336,1.2246,1.9869,4.2349,1.7475,1.7129,4.2468,1.2782,2.2267,4.2274,0.85688,2.0616,4.2155,2.8965,2.8353,4.511,5.7,2.7741,1.4557,1.245,2.8378,3.63,0.95393,2.1448,3.0211,2.4856,2.0545,4.4508,1.4724,1.674,3.9065,0.65704,2.5727,3.8804,2.0066,1.7634,3.4746,1.0774,2.4433,3.0668,0.2655,2.2865,3.5545,1.785,1.6745,3.3886,2.1282,2.8226,4.4325,1.7868,1.6754,3.3916,1.4735,1.6708,3.91,0.3943,2.1353,3.1991,2.0395,2.3583,4.3919,1.4742,1.669,3.1996,0.83101,1.8803,2.7698,3.0199,2.8414,5.8284,2.0073,1.7651,3.4765,1.0062,2.7169,2.8803,1.8189,2.5886,4.0041,0.63344,1.8727,2.7981,1.072,2.4442,3.0581,1.8989,1.9153,4.4951,1.6827,1.6904,3.8936,0.51065,2.2013,3.745,1.1923,2.4278,3.7832,1.0012,2.0633,3.266,2.551,2.3006,4.2969,2.072,2.1525,4.6811,1.479,1.6733,3.9127,1.896,1.9169,4.4935,1.4909,2.1741,3.2667,0.82005,2.0829,3.1833,2.4188,2.3734,4.3174,1.9429,2.6009,4.8846,1.9339,2.5964,4.8731,2.5491,2.3011,4.295,1.2867,2.4896,3.9431,1.689,2.2327,4.2969,2.0434,3.0599,3.9854,0.50712,2.4697,2.4792,1.5425,2.0566,4.6109,2.0735,3.064,4.0193,0.38815,2.3761,3.4317,1.6617,1.6258,4.0821,0.7087,2.0236,3.096,2.2449,2.241,4.6482,0.63632,2.6158,3.0085,1.0014,2.0667,3.2665,0.1227,2.8905,1.966,1.9957,1.9857,4.5905,2.5476,2.3019,4.2967,2.6701,2.3358,5.1942,2.1339,2.8173,4.4356,1.0791,1.8456,3.9487,4.6224,2.9945,0.50821,0.88467,2.1182,3.0512,1.3049,2.0994,4.2685,1.0548,2.0873,3.4922,2.3028,2.7521,4.5712,1.7025,1.5957,4.1565,1.1474,2.5569,3.0711,0.75193,2.428,3.7687,2.0554,1.9258,3.7364,1.5972,2.4377,3.4675,1.6576,2.5245,3.6067,1.6572,1.673,4.2501,2.1004,2.8066,4.576,2.1074,2.8062,4.581,3.3614,2.7818,6.1227,1.7018,1.5957,4.1566,1.7056,2.0045,3.4527,2.1226,2.9366,4.919,1.1486,2.557,3.0759,2.6358,2.4462,4.9863,1.0277,2.6037,4.0662,1.5995,2.4366,3.4681,1.1834,1.8026,4.0997,1.6622,1.6258,4.0826,1.704,2.0045,3.45,0.28752,2.9462,3.335,2.8732,2.2938,4.5677,1.3168,1.9499,4.2056,1.2528,2.6866,3.3298,1.463,2.4582,3.3434,1.8429,1.9819,3.7223,1.9506,2.3413,3.9935,1.0947,2.2829,3.1873,2.5395,2.0467,5.148,1.2423,2.6859,3.3148,1.4592,2.4616,3.3384,0.29668,2.946,3.3444,0.6755,1.8079,2.9091,1.6989,2.0254,4.4253,1.467,1.86,4.1206,5.532,2.9004,1.8442,0.81923,2.1204,2.7826,1.0261,2.6058,4.0666,2.1592,2.5249,3.6216,2.6364,2.4442,4.9863,2.8029,2.704,4.5221,2.1602,2.5287,4.5308,2.3489,2.1033,4.1956,0.76613,1.9917,3.3469,0.33035,2.4734,2.8851,0.60369,2.1411,3.7129,2.3861,2.5063,4.4322,0.75336,2.4644,2.8559,1.2547,1.5845,4.287,1.7011,2.0076,3.449,5.6589,2.689,2.0341,3.2215,2.9379,6.2143,0.74925,2.462,2.8593,1.6613,1.6342,4.0864,1.4948,1.8657,3.1825,0.74452,2.4636,2.8526,2.168,2.3479,4.952,1.1462,2.5629,3.0728,1.0026,1.9625,3.5038,0.52869,1.9782,3.2576,1.7018,2.0088,3.448,2.3859,2.0824,4.1984,2.1448,2.1541,4.9811,1.2882,1.7495,3.8019,0.6831,1.977,2.7567,2.1448,2.1542,4.9836,2.3202,2.1868,4.4632,1.5676,2.2969,3.963,4.2153,3.0033,0.14782,1.9549,2.3398,3.9965,0.83805,1.9631,4.1186,1.1792,2.574,4.2167,3.5281,2.8524,6.0904,1.5326,1.6183,3.2873,0.31983,2.2982,3.4036,5.13,2.9877,1.0704,0.56423,2.7832,3.2616,1.2706,2.5078,2.9803,2.1409,2.1499,4.9776,1.4745,2.0925,4.352,1.5255,1.6233,3.2876,1.3789,2.9289,3.3634,0.45456,2.4493,2.7244,0.92347,2.4543,3.0016,0.22276,2.6176,3.3404,1.6126,2.258,4.1265,0.45107,2.4465,2.7174,1.047,2.173,3.6573,1.3943,1.8055,4.293,0.32405,2.301,3.4051,1.5287,1.617,3.2873,0.45072,2.4498,2.722,3.0028,2.8703,5.9213,2.0042,2.5964,4.0336,1.9731,2.1791,4.5907,2.6274,2.7749,5.2657,1.8917,1.9636,3.9021,1.294,1.8134,3.689,2.1458,2.1535,4.9828,1.4006,2.6562,4.0052,1.1148,3.0838,2.9569,4.6936,2.9834,0.41557,1.262,2.6861,4.338,1.9039,1.956,3.8845,1.2485,2.6366,2.8674,0.3715,2.7728,2.9652,0.93788,2.8919,4.1299,0.57908,2.5214,2.5853,0.69616,1.936,2.9876,0.54635,2.3976,3.4262,1.5661,2.1762,4.2313,1.2672,2.6881,4.3437,0.62979,1.9512,3.1116,1.9804,1.8949,3.8176,1.1933,1.8437,3.6474,2.4544,2.7214,4.9715,1.3759,1.5307,4.1699,1.3882,2.1563,3.1733,0.63538,1.951,3.1116,0.46406,2.4495,2.5713,1.6143,2.2571,4.1295,2.4528,2.72,4.9739,0.63306,1.9527,3.1087,1.5645,1.7118,3.3281,0.50824,3.0411,2.4212,0.57775,2.5217,2.5866,2.9156,2.7443,5.8969,6.187,2.8649,2.5541,4.6752,2.9868,0.39502,2.342,2.4058,3.7461,0.89847,3.0804,3.6831,1.4339,2.2605,3.5591,0.85583,3.0784,3.6404,2.3659,2.2373,3.8067,1.1917,1.843,3.6463,2.4267,2.3387,4.5612,2.5806,2.6308,4.0327,1.2635,2.683,4.3384,1.8925,1.9582,3.9012,1.1306,2.7913,3.6564,2.4436,2.4838,5.0833,1.608,2.6189,3.3073,2.1681,2.1888,4.1028,0.78669,1.9029,3.3704,2.3425,2.4094,3.7481,2.345,2.4105,3.7492,2.186,1.8926,4.9053,2.6431,2.2894,4.7918,2.3644,2.2385,3.8071,1.3797,1.5853,3.8372,2.4562,2.7193,4.9774,1.8919,1.9587,3.9019,0.77871,2.1408,3.9654,1.6015,1.8298,4.2576,2.4538,2.7202,4.9756,1.4458,2.3888,3.2611,5.9317,2.8816,2.2112,1.8578,1.7995,3.4771,1.9742,3.0208,4.297,2.0174,1.9497,4.7571,1.1035,2.579,4.2752,1.8851,2.1493,4.8619,1.6131,1.799,3.9663,1.6048,2.0098,3.3886,1.0184,2.772,3.5683,0.91791,2.829,3.8158,1.3818,2.393,3.8452,1.1255,2.793,3.6505,1.838,1.7916,4.0925,0.91335,2.4606,2.7745,1.9111,2.0696,4.386,0.079737,2.7956,2.8451,1.085,1.9588,4.2612,0.94901,2.3352,3.0128,1.6347,2.3954,4.5869,0.9788,2.0852,2.8362,0.7429,1.9979,2.7424,1.6124,1.7979,3.9684,0.91548,2.4595,2.777,1.3796,1.5856,3.8368,2.7671,2.589,4.6326,1.0848,2.1379,3.6264,1.1228,2.7967,3.651,1.9759,1.9863,4.4767,1.0822,1.9615,4.2586,1.8534,1.6536,3.4507,1.6621,2.4838,3.999,2.1131,2.5545,4.9215,2.1541,2.3808,3.7093,1.1858,3.0726,3.4172,1.4464,1.4673,4.2316,0.6208,2.9992,3.6162,1.6236,1.7487,4.2319,0.74395,1.9978,2.7417,0.69119,2.1942,3.9445,2.6878,2.6025,4.5368,1.9931,2.127,3.4382,1.383,2.9191,3.5362,1.0816,2.1941,3.6336,2.5321,2.0005,4.4713,1.4906,1.7346,4.4222,1.6083,2.5916,3.5831,2.0622,2.2906,4.0735,2.7073,2.3728,5.007,0.44732,2.5309,2.961
1801.6,0.13171,125.96,15.913,0.017868,399.64,1.5147,1.8349,4.1647,1.2753,2.2282,4.2243,1.2228,1.9826,4.2379,2.4911,2.6583,4.2971,0.8586,2.0553,4.227,1.5194,2.4959,3.8936,3.0352,2.8395,5.853,1.2182,1.9846,4.2358,1.7464,1.7061,4.2451,1.2806,2.2271,4.2331,0.85447,2.0617,4.2144,2.9045,2.8351,4.5159,5.6842,2.7692,1.4378,1.2556,2.8269,3.6407,0.9494,2.1445,3.0198,2.4884,2.0604,4.4592,1.472,1.6703,3.9086,0.65537,2.5775,3.8745,2.0088,1.7641,3.4777,1.0848,2.4375,3.0835,0.2567,2.2879,3.543,1.7832,1.6761,3.3904,2.1042,2.8168,4.4056,1.7869,1.6814,3.3937,1.4696,1.665,3.9151,0.39232,2.1395,3.1913,2.0471,2.3656,4.4017,1.474,1.673,3.2002,0.82993,1.8891,2.7649,3.0324,2.8414,5.8427,2.0094,1.7702,3.4798,1.0085,2.7181,2.8847,1.8204,2.5881,4.0083,0.63692,1.8787,2.7983,1.0716,2.4418,3.0646,1.901,1.9166,4.4985,1.6868,1.6834,3.8919,0.5112,2.2015,3.7461,1.1903,2.4417,3.7779,0.99378,2.0701,3.2574,2.5594,2.306,4.3083,2.079,2.1601,4.6902,1.481,1.6717,3.9158,1.8955,1.9173,4.4952,1.4929,2.1796,3.2656,0.81514,2.0895,3.1747,2.4205,2.3778,4.3235,1.9384,2.5991,4.875,1.9248,2.5978,4.8586,2.5549,2.3073,4.3055,1.2857,2.4944,3.9371,1.6926,2.2345,4.3024,2.018,3.0541,3.9581,0.51636,2.4693,2.4877,1.5423,2.0593,4.6171,2.0658,3.0598,4.0101,0.38134,2.38,3.4213,1.6617,1.6193,4.0814,0.70678,2.0279,3.0909,2.2466,2.2434,4.6515,0.65088,2.6106,3.0252,0.99507,2.074,3.2579,0.11044,2.8909,1.9517,1.998,1.9882,4.5959,2.5519,2.3087,4.3062,2.66,2.3316,5.1839,2.1136,2.807,4.4137,1.0794,1.8386,3.9543,4.6281,2.9859,0.51196,0.8804,2.1195,3.0459,1.3049,2.0981,4.2747,1.0532,2.0887,3.49,2.2845,2.7463,4.5499,1.7045,1.5905,4.154,1.1563,2.5547,3.079,0.75521,2.4321,3.7667,2.0574,1.9205,3.7308,1.5926,2.4397,3.4641,1.6504,2.5296,3.6042,1.654,1.6648,4.2501,2.0824,2.7988,4.5563,2.0947,2.7975,4.5678,3.3715,2.7805,6.1322,1.7042,1.5899,4.154,1.7104,2.0037,3.4518,2.1111,2.935,4.9092,1.1568,2.555,3.0868,2.632,2.4453,4.9814,1.0342,2.6046,4.067,1.5951,2.4374,3.4659,1.1798,1.8097,4.0953,1.6634,1.6185,4.0805,1.7071,2.004,3.4464,0.2829,2.9445,3.3315,2.8777,2.2959,4.5768,1.3158,1.9492,4.2066,1.2614,2.6817,3.3449,1.4593,2.4578,3.3431,1.8453,1.9764,3.7164,1.9493,2.3511,3.9956,1.0903,2.284,3.1842,2.5394,2.0414,5.1464,1.2443,2.6808,3.3212,1.4518,2.4642,3.3339,0.30363,2.9446,3.3513,0.67301,1.8113,2.9006,1.6961,2.0216,4.4327,1.4665,1.8534,4.1236,5.5176,2.8984,1.83,0.81993,2.1173,2.7877,1.0315,2.6088,4.068,2.1682,2.5248,3.6219,2.6298,2.4423,4.9776,2.8067,2.7011,4.5249,2.1543,2.5252,4.5231,2.349,2.105,4.1986,0.76644,1.9962,3.3434,0.34057,2.4706,2.8953,0.60248,2.1415,3.7116,2.386,2.499,4.4361,0.76273,2.4626,2.8653,1.254,1.5866,4.287,1.6994,2.0101,3.4462,6.2148,2.6886,2.016,3.236,2.9369,6.2335,0.76,2.4567,2.8752,1.6624,1.6343,4.0845,1.4959,1.8684,3.1819,0.74898,2.4612,2.8601,2.1669,2.3474,4.9452,1.1521,2.563,3.0807,1.0037,1.9622,3.504,0.52347,1.9784,3.2594,1.7038,2.0105,3.4439,2.3858,2.0857,4.2005,2.1495,2.1538,4.9835,1.2864,1.7428,3.8051,0.68427,1.977,2.7591,2.1504,2.1552,4.9887,2.3236,2.1909,4.4698,1.5685,2.3092,3.9636,4.2417,2.995,0.17279,1.9546,2.3454,3.9979,0.83706,1.961,4.1206,1.1881,2.5779,4.2219,3.547,2.8492,6.1087,1.5333,1.6201,3.2882,0.31324,2.2987,3.3951,5.1245,2.9821,1.0651,0.57597,2.7805,3.2752,1.2792,2.5101,2.9862,2.1408,2.1451,4.9718,1.4755,2.0895,4.356,1.5258,1.6247,3.2893,1.3814,2.9277,3.3647,0.46333,2.4472,2.7362,0.91821,2.4541,3.001,0.22479,2.6168,3.3409,1.6149,2.2622,4.1298,0.46228,2.4447,2.7278,1.0451,2.1797,3.653,1.3941,1.8023,4.2928,0.32291,2.3039,3.4005,1.5284,1.6162,3.2883,0.45962,2.4474,2.7346,3.0325,2.8703,5.9526,1.9981,2.5929,4.0295,1.9781,2.1816,4.5959,2.6142,2.7749,5.2507,1.8936,1.9601,3.8984,1.2939,1.8072,3.6908,2.1497,2.1515,4.9835,1.3973,2.6526,3.9984,1.1194,3.081,2.96,4.6999,2.9791,0.41965,1.2713,2.6888,4.3463,1.9045,1.9525,3.8832,1.2549,2.6372,2.8748,0.39338,2.7708,2.9903,0.94227,2.8941,4.1334,0.59234,2.5219,2.5963,0.69391,1.9426,2.9804,0.54471,2.4,3.4207,1.5652,2.1777,4.2369,1.284,2.6915,4.3571,0.62258,1.9554,3.1021,1.9822,1.8903,3.8156,1.193,1.839,3.6509,2.4352,2.7174,4.9469,1.3749,1.5403,4.1659,1.3854,2.1564,3.1711,0.63269,1.9562,3.1029,0.46917,2.4478,2.5782,1.6159,2.263,4.1334,2.4371,2.7153,4.956,0.62879,1.9586,3.0979,1.5656,1.7095,3.3295,0.50097,3.0428,2.4109,0.58704,2.523,2.5948,2.9255,2.7456,5.9089,6.2038,2.867,2.5733,4.674,2.9828,0.39156,2.3343,2.4012,3.7333,0.94569,3.0777,3.7337,1.425,2.2703,3.5516,0.87232,3.0766,3.6603,2.3621,2.2362,3.8001,1.1913,1.8369,3.6494,2.4278,2.3405,4.5644,2.575,2.6365,4.0348,1.2687,2.6815,4.3416,1.8937,1.9499,3.8951,1.14,2.7824,3.6654,2.4323,2.4801,5.0676,1.6091,2.6147,3.3183,2.1674,2.1913,4.1038,0.78584,1.9041,3.3683,2.3341,2.4088,3.7401,2.338,2.4084,3.7391,2.1892,1.9016,4.9123,2.6397,2.288,4.7912,2.3614,2.2378,3.802,1.3783,1.5856,3.8402,2.4397,2.7159,4.957,1.8929,1.9515,3.8967,0.77783,2.139,3.9736,1.6013,1.8235,4.2567,2.4383,2.7161,4.9576,1.446,2.388,3.2614,5.9395,2.8838,2.2211,1.8558,1.7979,3.4812,1.9672,3.014,4.2874,2.0232,1.9503,4.7654,1.1119,2.579,4.2834,1.8904,2.1478,4.8627,1.6129,1.7909,3.9657,1.6045,2.0105,3.3824,1.0281,2.7635,3.5776,0.9277,2.8242,3.8241,1.3885,2.4002,3.8483,1.1305,2.7854,3.6539,1.8363,1.7816,4.0906,0.91544,2.4597,2.779,1.9137,2.0721,4.3892,0.094836,2.7934,2.8598,1.0828,1.9566,4.2626,0.95369,2.3312,3.0218,1.6375,2.395,4.5869,0.97807,2.0801,2.8405,0.74116,1.9949,2.7419,1.6112,1.7888,3.9681,0.91937,2.4579,2.7836,1.3774,1.5852,3.8372,2.7613,2.587,4.6263,1.0847,2.14,3.6248,1.1274,2.7911,3.6548,1.9758,1.9852,4.4777,1.0786,1.9604,4.2585,1.8541,1.6568,3.4518,1.6622,2.4888,3.9988,2.1152,2.5529,4.9186,2.1507,2.3815,3.7057,1.1893,3.0697,3.4192,1.447,1.4681,4.2295,0.62616,2.998,3.623,1.622,1.7427,4.2291,0.74249,1.9973,2.7402,0.69376,2.1942,3.9464,2.6847,2.6014,4.5346,1.9951,2.1243,3.4347,1.3863,2.9123,3.5377,1.0813,2.1986,3.6304,2.5338,2.0031,4.4753,1.4892,1.7335,4.4218,1.6037,2.5902,3.5834,2.0613,2.2961,4.0756,2.7006,2.3697,4.9991,0.45334,2.5297,2.9684
1801.6,0.13171,125.96,15.913,0.026802,418.83,1.5102,1.8341,4.1599,1.2732,2.2301,4.2245,1.2185,1.9799,4.2403,2.4865,2.6558,4.2942,0.85902,2.0514,4.233,1.519,2.5026,3.8939,3.0494,2.8396,5.8709,1.2123,1.9823,4.2367,1.7456,1.6997,4.2434,1.2831,2.2274,4.2387,0.85188,2.0615,4.2132,2.9116,2.8349,4.52,5.6698,2.7643,1.4215,1.265,2.8164,3.6501,0.94501,2.1441,3.0187,2.4911,2.066,4.4671,1.4714,1.6664,3.9105,0.65443,2.5817,3.8695,2.0109,1.7648,3.4806,1.0908,2.432,3.0984,0.24859,2.289,3.5324,1.7815,1.6771,3.3922,2.0824,2.8109,4.381,1.7871,1.6866,3.3957,1.466,1.6597,3.9197,0.39069,2.1433,3.1845,2.054,2.3717,4.4106,1.4735,1.6762,3.2009,0.82919,1.8964,2.7611,3.044,2.8414,5.8562,2.0116,1.7742,3.4828,1.0114,2.719,2.8897,1.8216,2.5877,4.0122,0.64018,1.8843,2.7986,1.0708,2.4395,3.0704,1.9031,1.9177,4.5017,1.6905,1.6772,3.8907,0.51158,2.2017,3.7469,1.1881,2.4543,3.7731,0.98681,2.076,3.2497,2.5673,2.311,4.3191,2.0859,2.1668,4.6988,1.4829,1.6711,3.9186,1.8952,1.9179,4.4969,1.4949,2.184,3.2645,0.81008,2.0958,3.1663,2.4228,2.3822,4.3299,1.9344,2.5978,4.8659,1.9163,2.5988,4.8451,2.5607,2.3134,4.3158,1.2848,2.4988,3.9316,1.6962,2.2364,4.3076,1.9982,3.0487,3.9367,0.52464,2.469,2.4951,1.5414,2.0619,4.6224,2.0615,3.056,4.0044,0.37498,2.3834,3.4118,1.6617,1.6137,4.0805,0.70452,2.0321,3.0857,2.2482,2.2457,4.6545,0.6636,2.606,3.0403,0.98884,2.0807,3.2496,0.096665,2.8912,1.936,2.0006,1.991,4.6015,2.5565,2.3152,4.3156,2.6506,2.3275,5.1741,2.0957,2.7971,4.3946,1.0797,1.8322,3.9596,4.6325,2.9775,0.51468,0.8762,2.1207,3.0408,1.3049,2.0971,4.2807,1.0513,2.0905,3.4874,2.2685,2.7409,4.5311,1.7065,1.5859,4.1516,1.1649,2.5527,3.0865,0.75799,2.4366,3.7643,2.0592,1.9156,3.7256,1.5883,2.4419,3.4612,1.6439,2.5345,3.6025,1.6509,1.6576,4.25,2.0664,2.7912,4.5385,2.0838,2.7896,4.5566,3.3816,2.7792,6.1416,1.7066,1.5846,4.1516,1.7153,2.0033,3.4512,2.1023,2.9338,4.9019,1.1647,2.5533,3.0973,2.6285,2.4446,4.9767,1.0403,2.6057,4.0671,1.5909,2.4384,3.4639,1.1759,1.8157,4.0913,1.6645,1.6116,4.0785,1.7101,2.0036,3.4428,0.27883,2.9427,3.3285,2.8824,2.2978,4.586,1.3149,1.9489,4.2075,1.2689,2.6774,3.3585,1.4553,2.4577,3.3424,1.8476,1.9714,3.7106,1.9482,2.3612,3.9978,1.0858,2.2852,3.1813,2.5395,2.0366,5.1452,1.2461,2.6764,3.3274,1.4443,2.4667,3.3296,0.31127,2.943,3.359,0.67038,1.8149,2.8918,1.6933,2.0182,4.44,1.4658,1.8472,4.1262,5.503,2.8964,1.8157,0.8205,2.1144,2.7926,1.0367,2.6121,4.0689,2.1767,2.5248,3.6222,2.6229,2.4401,4.9683,2.8113,2.6982,4.5281,2.1487,2.5218,4.5157,2.3493,2.1071,4.202,0.76653,2.0009,3.3395,0.35134,2.4678,2.9063,0.60125,2.1418,3.7106,2.3858,2.4918,4.4402,0.77231,2.4606,2.8748,1.2532,1.5887,4.2867,1.6972,2.0124,3.4435,6.2556,2.6879,1.9975,3.2511,2.9357,6.218,0.77037,2.4515,2.8911,1.6633,1.6337,4.0825,1.497,1.871,3.181,0.7531,2.4588,2.8675,2.1656,2.3465,4.9377,1.1581,2.563,3.0885,1.0049,1.9618,3.504,0.51802,1.9785,3.2613,1.706,2.012,3.4398,2.3858,2.0893,4.2029,2.1543,2.1535,4.986,1.2848,1.7362,3.8083,0.68561,1.9769,2.7618,2.1561,2.1561,4.9936,2.3275,2.1953,4.4768,1.5693,2.3209,3.9642,4.2643,2.9868,0.1941,1.9543,2.3511,3.9991,0.83569,1.9587,4.1221,1.1974,2.582,4.2272,3.5652,2.8461,6.1266,1.5341,1.622,3.2892,0.30668,2.2991,3.3866,5.1202,2.9763,1.0611,0.5875,2.7776,3.2885,1.2873,2.5122,2.9919,2.1408,2.1402,4.9659,1.4763,2.0864,4.3602,1.526,1.6258,3.291,1.3844,2.9266,3.3666,0.47241,2.4448,2.7485,0.91365,2.4535,3.0009,0.22701,2.6158,3.3418,1.6174,2.2665,4.1331,0.47351,2.4428,2.7384,1.0432,2.1864,3.6487,1.3938,1.7993,4.2925,0.32191,2.3067,3.3963,1.5281,1.6151,3.2892,0.46877,2.4448,2.7476,3.0603,2.8701,5.9822,1.9924,2.5898,4.0256,1.9831,2.1839,4.6008,2.6004,2.775,5.2351,1.8953,1.9562,3.8945,1.2937,1.8011,3.6928,2.1534,2.1493,4.9837,1.3942,2.6491,3.9916,1.1213,3.0786,2.9606,4.7061,2.9749,0.42396,1.2803,2.6911,4.3539,1.9054,1.9487,3.882,1.2614,2.6378,2.8821,0.41459,2.7687,3.0146,0.94705,2.8958,4.1374,0.60564,2.5226,2.6074,0.69181,1.9488,2.9737,0.54279,2.4022,3.4152,1.5644,2.1786,4.2427,1.3006,2.6945,4.3701,0.6155,1.9594,3.0927,1.9839,1.8856,3.8136,1.1927,1.8342,3.6542,2.4168,2.7132,4.9231,1.3738,1.5496,4.162,1.3827,2.1564,3.169,0.62995,1.9611,3.0945,0.47413,2.446,2.585,1.6177,2.2689,4.1374,2.4219,2.7105,4.9384,0.62432,1.9642,3.0871,1.5666,1.7073,3.3308,0.49389,3.0443,2.4011,0.59587,2.5242,2.6025,2.9352,2.7466,5.9208,6.2166,2.8691,2.5924,4.6737,2.9785,0.38925,2.3272,2.3969,3.7212,0.98735,3.075,3.7786,1.4161,2.2801,3.5437,0.88678,3.0749,3.6781,2.3582,2.2352,3.7939,1.1908,1.8307,3.6524,2.429,2.3425,4.5675,2.5696,2.6423,4.0372,1.2741,2.6803,4.3447,1.8947,1.9419,3.8891,1.1484,2.7739,3.6734,2.4215,2.4763,5.0523,1.6099,2.6105,3.3292,2.1667,2.194,4.1049,0.78478,1.9054,3.366,2.3261,2.4087,3.7326,2.331,2.4068,3.7295,2.1923,1.9103,4.9194,2.6367,2.2869,4.7909,2.3587,2.2375,3.7973,1.3768,1.586,3.8433,2.4239,2.7127,4.9373,1.8938,1.9447,3.8918,0.77707,2.1372,3.9818,1.601,1.8176,4.2558,2.4237,2.7121,4.9406,1.4463,2.3875,3.2617,5.9473,2.8861,2.2309,1.8539,1.7967,3.4853,1.9597,3.0073,4.2776,2.0293,1.9512,4.7737,1.1202,2.5795,4.2917,1.8958,2.1466,4.8635,1.6126,1.7829,3.9652,1.6043,2.0116,3.3764,1.0365,2.7557,3.5853,0.93614,2.82,3.8307,1.3949,2.4075,3.8514,1.1349,2.7782,3.6568,1.8347,1.7719,4.0887,0.91758,2.4589,2.7833,1.9167,2.0752,4.3928,0.11003,2.7909,2.8745,1.0805,1.9546,4.2638,0.95833,2.3275,3.0304,1.6404,2.3948,4.5871,0.9772,2.0754,2.8448,0.7394,1.9919,2.7415,1.6101,1.7796,3.9679,0.92337,2.4566,2.7905,1.3751,1.5851,3.8376,2.7561,2.5851,4.621,1.0845,2.1428,3.6228,1.1321,2.7853,3.6591,1.976,1.9843,4.4789,1.0752,1.9592,4.2587,1.855,1.6597,3.453,1.6623,2.4939,3.9988,2.1174,2.5512,4.9158,2.1471,2.3825,3.7018,1.1936,3.0669,3.4221,1.4477,1.4689,4.2272,0.63115,2.9968,3.6293,1.6204,1.7365,4.2267,0.74116,1.9965,2.7391,0.69642,2.1943,3.9485,2.6813,2.6,4.5319,1.9971,2.1216,3.4311,1.3902,2.9056,3.5398,1.0806,2.2035,3.6267,2.5356,2.006,4.4797,1.4876,1.7325,4.4214,1.599,2.5891,3.584,2.0604,2.3016,4.078,2.6944,2.3666,4.9912,0.45987,2.5286,2.976
1801.6,0.13171,125.96,15.913,0.035736,437.76,1.5059,1.8331,4.1554,1.2714,2.2317,4.2251,1.2142,1.9773,4.2424,2.4822,2.6535,4.2919,0.85941,2.0477,4.2387,1.5186,2.509,3.8943,3.0633,2.8397,5.8886,1.2066,1.9799,4.2374,1.7448,1.6934,4.2416,1.2853,2.2277,4.2443,0.84931,2.0611,4.212,2.9182,2.8346,4.5238,5.6561,2.7594,1.4061,1.2735,2.8062,3.6588,0.94071,2.1436,3.0173,2.4939,2.0716,4.475,1.4708,1.6626,3.9123,0.65354,2.5857,3.8648,2.0131,1.7651,3.4833,1.0957,2.427,3.1116,0.24072,2.2902,3.522,1.7798,1.678,3.394,2.0622,2.805,4.3577,1.7875,1.6911,3.3975,1.4626,1.6549,3.924,0.38934,2.1468,3.1783,2.0605,2.3769,4.4189,1.473,1.6791,3.2015,0.82873,1.9029,2.7583,3.0555,2.8413,5.8694,2.014,1.7775,3.4855,1.0147,2.7196,2.895,1.8228,2.5876,4.0159,0.64334,1.8896,2.7991,1.07,2.4374,3.0758,1.9051,1.9186,4.505,1.694,1.6718,3.8901,0.51191,2.2017,3.7479,1.186,2.466,3.7687,0.98008,2.0815,3.2423,2.5752,2.3156,4.3297,2.0926,2.1729,4.707,1.4849,1.6707,3.9214,1.895,1.9184,4.4985,1.4968,2.188,3.2633,0.80488,2.1021,3.1577,2.4253,2.3866,4.3364,1.9306,2.5966,4.8569,1.9083,2.5997,4.8319,2.5666,2.3194,4.3264,1.284,2.5033,3.9262,1.6998,2.2384,4.3129,1.9809,3.0435,3.9181,0.53262,2.4688,2.5023,1.5401,2.0646,4.6272,2.0584,3.0524,3.9998,0.36883,2.3865,3.4027,1.6617,1.6088,4.0797,0.70214,2.0361,3.0806,2.2497,2.2479,4.6572,0.67536,2.6013,3.0547,0.98262,2.087,3.2415,0.082578,2.8916,1.9201,2.0035,1.9942,4.6073,2.5612,2.3218,4.3255,2.6415,2.3234,5.1642,2.0793,2.7871,4.377,1.08,1.8258,3.9647,4.6364,2.969,0.51683,0.87212,2.1219,3.0358,1.305,2.0963,4.2865,1.0493,2.0925,3.4848,2.2537,2.7357,4.5137,1.7084,1.5817,4.1494,1.1731,2.551,3.0936,0.76052,2.4411,3.7615,2.061,1.9111,3.7206,1.5842,2.4443,3.4585,1.638,2.539,3.6016,1.6478,1.6511,4.2498,2.0513,2.7836,4.5218,2.0738,2.7818,4.5464,3.3917,2.7777,6.1511,1.709,1.5796,4.1492,1.7203,2.0031,3.4509,2.0949,2.9329,4.896,1.1723,2.5519,3.1074,2.6251,2.4439,4.9722,1.0457,2.6069,4.0666,1.587,2.4395,3.4622,1.1719,1.8209,4.0879,1.6657,1.6052,4.0766,1.7132,2.0033,3.4393,0.27519,2.941,3.3258,2.8871,2.2994,4.5949,1.314,1.9486,4.2085,1.2758,2.6732,3.3711,1.4513,2.4577,3.3419,1.8501,1.9666,3.7051,1.947,2.3713,4.0004,1.0813,2.2865,3.1784,2.54,2.0322,5.1446,1.2477,2.6722,3.3337,1.4369,2.4692,3.3254,0.31924,2.9415,3.3668,0.66756,1.8185,2.8829,1.6902,2.0148,4.4474,1.4651,1.8414,4.1287,5.4879,2.8942,1.8007,0.82081,2.1116,2.797,1.0417,2.6155,4.0694,2.1852,2.5248,3.6222,2.6156,2.4378,4.9587,2.8164,2.6952,4.5318,2.1436,2.5188,4.509,2.3498,2.1097,4.2058,0.76638,2.006,3.3352,0.36246,2.4649,2.9177,0.60008,2.1421,3.7095,2.3855,2.4849,4.4446,0.78203,2.4586,2.8846,1.2525,1.5908,4.2864,1.6948,2.0147,3.4408,6.2175,2.687,1.9786,3.2664,2.9344,0.35186,0.78031,2.4463,2.9069,1.6641,1.6329,4.0807,1.4983,1.8736,3.1803,0.75691,2.4563,2.8747,2.1641,2.3454,4.9299,1.1639,2.5628,3.0961,1.0061,1.9613,3.504,0.51229,1.9785,3.2634,1.7082,2.0132,3.4358,2.3857,2.0929,4.2053,2.1592,2.153,4.9885,1.283,1.7296,3.8116,0.68696,1.9767,2.7645,2.1618,2.157,4.9982,2.3316,2.1997,4.484,1.5702,2.3323,3.9647,4.2846,2.9787,0.21329,1.9543,2.3568,4.0005,0.8341,1.9567,4.123,1.207,2.5861,4.2325,3.5829,2.8429,6.144,1.5349,1.6241,3.2901,0.30015,2.2995,3.378,5.1163,2.9706,1.0576,0.59872,2.7745,3.3014,1.2952,2.5142,2.9973,2.1412,2.1355,4.9604,1.4767,2.083,4.3644,1.5262,1.6268,3.2928,1.3874,2.9252,3.3683,0.48165,2.4423,2.7612,0.90983,2.4528,3.0018,0.22925,2.6147,3.3425,1.62,2.2709,4.1366,0.48471,2.4412,2.7491,1.0412,2.1932,3.6443,1.3937,1.7962,4.292,0.32099,2.3092,3.3923,1.5278,1.6139,3.2902,0.47801,2.4422,2.7607,3.0869,2.8697,6.0106,1.9869,2.5868,4.0223,1.9881,2.186,4.6055,2.5862,2.775,5.2189,1.8969,1.9521,3.8906,1.2936,1.795,3.6947,2.157,2.1469,4.9837,1.3911,2.6456,3.9848,1.1221,3.0762,2.9602,4.7124,2.9708,0.42839,1.289,2.6932,4.3613,1.9064,1.945,3.8809,1.2679,2.6383,2.8895,0.43533,2.7663,3.0385,0.95205,2.897,4.1417,0.61895,2.5232,2.6185,0.68986,1.9549,2.9671,0.54091,2.4042,3.4099,1.5637,2.1793,4.2482,1.317,2.6972,4.383,0.60847,1.9632,3.0831,1.9854,1.8811,3.8117,1.1924,1.8295,3.6577,2.399,2.709,4.8997,1.3726,1.5585,4.158,1.3798,2.1563,3.1669,0.62717,1.9658,3.0863,0.47909,2.4443,2.5919,1.6197,2.275,4.1414,2.4072,2.7058,4.921,0.61965,1.9698,3.0762,1.5677,1.705,3.3321,0.4865,3.0457,2.3909,0.6044,2.5255,2.61,2.9452,2.7475,5.9329,6.2783,2.871,2.6121,4.6741,2.9739,0.38769,2.3205,2.3925,3.7094,1.0251,3.072,3.8196,1.407,2.29,3.5358,0.90099,3.0733,3.6956,2.3543,2.2343,3.7878,1.1903,1.8244,3.6555,2.4303,2.3445,4.5703,2.5643,2.6478,4.0398,1.2797,2.6792,4.3479,1.8958,1.9338,3.8833,1.1561,2.7657,3.6807,2.4111,2.4727,5.0371,1.6107,2.6064,3.3403,2.1662,2.1968,4.1062,0.78358,1.9069,3.3634,2.3183,2.4087,3.7252,2.3241,2.4052,3.7199,2.1957,1.9186,4.9264,2.6337,2.2858,4.7907,2.356,2.2373,3.7928,1.3752,1.5863,3.8464,2.4083,2.7095,4.9178,1.8949,1.938,3.887,0.77641,2.1354,3.99,1.6007,1.8119,4.2551,2.4097,2.7081,4.9241,1.4466,2.3871,3.2619,5.9551,2.8884,2.2407,1.8523,1.7954,3.4893,1.9519,3.0005,4.2674,2.0356,1.9522,4.7821,1.1284,2.58,4.3,1.9013,2.1456,4.8643,1.6123,1.7751,3.9647,1.604,2.0131,3.3706,1.0437,2.7483,3.5918,0.94362,2.8161,3.8362,1.4012,2.4148,3.8544,1.139,2.7713,3.659,1.8331,1.7622,4.087,0.91968,2.4584,2.7876,1.9198,2.0787,4.3966,0.12543,2.7883,2.8894,1.0781,1.9526,4.265,0.96263,2.324,3.0386,1.6436,2.3948,4.5876,0.97611,2.071,2.8485,0.73772,1.9889,2.7412,1.6089,1.7707,3.9676,0.92728,2.4552,2.7973,1.3725,1.5849,3.8382,2.7516,2.5834,4.6167,1.0842,2.1459,3.6204,1.1367,2.7797,3.6633,1.9762,1.9835,4.4804,1.0718,1.9579,4.259,1.856,1.6626,3.4543,1.6625,2.4988,3.9988,2.1195,2.5498,4.9128,2.1433,2.3837,3.6976,1.1986,3.0641,3.4258,1.4484,1.4699,4.2248,0.63537,2.9956,3.6348,1.619,1.7303,4.2245,0.73995,1.9957,2.7382,0.69911,2.1943,3.9506,2.6778,2.5984,4.5294,1.9995,2.119,3.4278,1.3942,2.8988,3.5422,1.08,2.2088,3.6227,2.5374,2.0091,4.4845,1.486,1.7314,4.4211,1.5946,2.5878,3.5848,2.0596,2.307,4.0806,2.6883,2.3637,4.9836,0.46659,2.5275,2.9838
1801.6,0.13171,125.96,15.913,0.04467,456.2,1.5017,1.8318,4.151,1.2699,2.2334,4.2258,1.2099,1.9746,4.2444,2.4782,2.6514,4.2899,0.85976,2.0441,4.2443,1.5183,2.515,3.8946,3.0769,2.8395,5.9057,1.201,1.9773,4.2381,1.7441,1.6872,4.2399,1.2874,2.2279,4.2498,0.84675,2.0607,4.2108,2.9244,2.8344,4.5274,5.6431,2.7545,1.3914,1.2814,2.796,3.6668,0.93647,2.1431,3.016,2.4968,2.0772,4.4829,1.4701,1.6587,3.9141,0.65268,2.5896,3.8601,2.0152,1.7654,3.4861,1.0997,2.4222,3.1238,0.2331,2.2914,3.5117,1.7783,1.6787,3.3956,2.0432,2.7991,4.3355,1.7878,1.6954,3.3991,1.4596,1.6504,3.9281,0.38818,2.1499,3.1726,2.0664,2.3815,4.4265,1.4724,1.6817,3.2021,0.82845,1.9087,2.7562,3.0671,2.8412,5.8826,2.0164,1.7805,3.4883,1.0181,2.7201,2.9005,1.824,2.5876,4.0195,0.64639,1.8947,2.7996,1.0691,2.4353,3.0809,1.9071,1.9195,4.5083,1.6973,1.6667,3.8899,0.51217,2.2018,3.7488,1.1842,2.4769,3.7646,0.97357,2.0866,3.2351,2.5831,2.32,4.3401,2.0993,2.1787,4.7151,1.4869,1.6706,3.9242,1.8951,1.919,4.5003,1.4986,2.1915,3.2621,0.79953,2.1083,3.149,2.4279,2.391,4.3432,1.927,2.5958,4.848,1.9006,2.6004,4.8192,2.5727,2.3253,4.3371,1.2832,2.5076,3.9211,1.7035,2.2406,4.318,1.9661,3.0385,3.9019,0.54018,2.4689,2.5092,1.5383,2.0674,4.6313,2.0563,3.0489,3.9961,0.36292,2.3895,3.3941,1.6618,1.6046,4.0788,0.69966,2.04,3.0754,2.251,2.25,4.6598,0.68638,2.5968,3.0686,0.97644,2.0931,3.2333,0.068208,2.8917,1.9039,2.0066,1.9976,4.6133,2.5661,2.3284,4.3355,2.6328,2.3193,5.1544,2.0643,2.7769,4.3608,1.0802,1.8197,3.9698,4.6395,2.9605,0.51838,0.86814,2.1231,3.031,1.305,2.0957,4.2922,1.0472,2.0947,3.4821,2.2398,2.7305,4.4975,1.7105,1.5778,4.1473,1.1812,2.5493,3.1003,0.7629,2.4456,3.7585,2.0628,1.9066,3.7157,1.5804,2.4466,3.4561,1.6326,2.5435,3.6011,1.6448,1.645,4.2497,2.0371,2.7759,4.5059,2.0646,2.7741,4.5371,3.4021,2.7762,6.1607,1.7113,1.5747,4.1469,1.7254,2.003,3.4509,2.0887,2.9321,4.8913,1.1797,2.5505,3.1172,2.6217,2.4432,4.9676,1.0508,2.6082,4.0658,1.5832,2.4407,3.4607,1.1679,1.8254,4.0849,1.6669,1.5989,4.0747,1.7165,2.0031,3.436,0.27219,2.9391,3.3238,2.8918,2.3008,4.6037,1.3131,1.9485,4.2097,1.2821,2.6692,3.3831,1.4474,2.458,3.3415,1.8525,1.962,3.6998,1.9459,2.3814,4.0029,1.077,2.2878,3.1756,2.5406,2.028,5.1444,1.2492,2.6684,3.3399,1.4296,2.4716,3.3214,0.32759,2.9398,3.3751,0.66458,1.8223,2.8738,1.6869,2.0117,4.4547,1.4645,1.8357,4.1311,5.4726,2.892,1.7855,0.82093,2.109,2.8011,1.0465,2.6191,4.0696,2.1926,2.525,3.6215,2.6082,2.4353,4.9487,2.8219,2.6922,4.536,2.139,2.516,4.5027,2.3503,2.1124,4.2099,0.766,2.0114,3.3306,0.37386,2.4619,2.9297,0.59893,2.1422,3.7085,2.3853,2.4783,4.449,0.79186,2.4566,2.8944,1.2516,1.593,4.2859,1.6924,2.0168,3.4381,6.2078,2.686,1.9597,3.2819,2.9328,2.1182,0.78982,2.441,2.9223,1.665,1.6318,4.0787,1.4996,1.876,3.1796,0.7605,2.4539,2.8815,2.1623,2.3441,4.9216,1.1695,2.5627,3.1036,1.0073,1.9608,3.5041,0.5064,1.9785,3.2656,1.7104,2.0142,3.4317,2.3857,2.0967,4.2079,2.1642,2.1526,4.9909,1.2813,1.723,3.815,0.68834,1.9766,2.7672,2.1675,2.1578,5.0028,2.3358,2.2041,4.4915,1.5711,2.3432,3.9653,4.3028,2.9705,0.23037,1.9542,2.3624,4.002,0.83236,1.9549,4.1235,1.2168,2.5903,4.238,3.6002,2.8396,6.1611,1.5358,1.6263,3.2911,0.29366,2.2997,3.3693,5.1127,2.9647,1.0546,0.60972,2.7713,3.3139,1.3031,2.516,3.0024,2.1416,2.1307,4.955,1.477,2.0795,4.3684,1.5264,1.6277,3.2946,1.3904,2.9239,3.37,0.49094,2.4398,2.7738,0.90653,2.452,3.0031,0.23147,2.6135,3.3432,1.6227,2.2753,4.1402,0.49579,2.4394,2.7598,1.0393,2.2,3.6397,1.3935,1.7931,4.2915,0.32019,2.3117,3.3885,1.5276,1.6125,3.2913,0.48718,2.4394,2.7738,3.1126,2.8692,6.0381,1.9817,2.584,4.0193,1.9931,2.1878,4.6103,2.5716,2.7747,5.2024,1.8985,1.948,3.8866,1.2934,1.7891,3.6968,2.1605,2.1444,4.9836,1.388,2.6419,3.9779,1.1216,3.0739,2.9585,4.7185,2.9667,0.43283,1.2974,2.695,4.3685,1.9076,1.9413,3.8798,1.2743,2.6389,2.8968,0.45557,2.764,3.0619,0.95725,2.898,4.1463,0.63212,2.5238,2.6294,0.68798,1.9609,2.9608,0.53912,2.406,3.4048,1.5631,2.1797,4.2539,1.3332,2.6999,4.3958,0.60155,1.9668,3.0734,1.987,1.8765,3.8099,1.1921,1.8246,3.6613,2.3816,2.7047,4.8768,1.3714,1.5672,4.154,1.3768,2.156,3.1648,0.62445,1.9704,3.0782,0.48401,2.4425,2.5988,1.622,2.2812,4.1456,2.3928,2.701,4.9039,0.61482,1.9752,3.0653,1.5688,1.7027,3.3333,0.47874,3.0469,2.3804,0.61255,2.5269,2.6171,2.9555,2.7481,5.9452,5.9715,2.8728,2.6323,4.6748,2.9692,0.38666,2.3142,2.3882,3.6979,1.059,3.0687,3.8568,1.3975,2.3001,3.5275,0.9143,3.0716,3.7123,2.3506,2.2335,3.7819,1.1898,1.8181,3.6588,2.4316,2.3464,4.5732,2.5592,2.6531,4.0426,1.2852,2.6781,4.3509,1.8968,1.9259,3.8777,1.1633,2.7578,3.6874,2.4008,2.4691,5.022,1.6114,2.6023,3.3515,2.1658,2.1997,4.1076,0.78227,1.9085,3.3607,2.3105,2.409,3.718,2.3174,2.4039,3.7105,2.1994,1.9266,4.9334,2.6307,2.2846,4.7904,2.3534,2.2374,3.7886,1.3737,1.5867,3.8496,2.3932,2.7062,4.8989,1.8959,1.9315,3.8822,0.77584,2.1336,3.9983,1.6004,1.8063,4.2545,2.3963,2.7041,4.9081,1.4467,2.3869,3.262,5.9626,2.8906,2.2504,1.8508,1.7942,3.4933,1.9443,2.9937,4.2572,2.042,1.9532,4.7904,1.1364,2.5807,4.3083,1.9068,2.1448,4.8652,1.612,1.7675,3.9642,1.6038,2.0148,3.3651,1.0503,2.7413,3.5977,0.95036,2.8124,3.8408,1.4073,2.4219,3.8574,1.1426,2.7647,3.6609,1.8313,1.7525,4.0853,0.92178,2.4579,2.7919,1.9232,2.0824,4.4006,0.14078,2.7855,2.9043,1.0756,1.9507,4.2662,0.96673,2.3207,3.0464,1.647,2.3952,4.5883,0.97487,2.0669,2.8519,0.73621,1.986,2.7412,1.6077,1.7617,3.9673,0.93106,2.454,2.8042,1.3701,1.5848,3.8388,2.7478,2.5818,4.6132,1.0839,2.1493,3.6178,1.1414,2.7741,3.6675,1.9765,1.9828,4.482,1.0682,1.9567,4.2591,1.8572,1.6653,3.4558,1.6626,2.5036,3.9988,2.1215,2.5483,4.9097,2.1395,2.3852,3.6933,1.2045,3.0613,3.4302,1.4491,1.4712,4.2223,0.63878,2.9944,3.6396,1.6175,1.7239,4.2225,0.73882,1.9948,2.7374,0.7018,2.1945,3.9528,2.6742,2.5966,4.527,2.0021,2.1164,3.4248,1.3982,2.8919,3.5448,1.0791,2.2144,3.6186,2.5393,2.0125,4.4895,1.4842,1.7301,4.4209,1.5904,2.5866,3.5859,2.0589,2.3125,4.0833,2.6825,2.3609,4.9763,0.4734,2.5264,2.9917
1801.6,0.13171,125.96,15.913,0.053604,474.67,1.4976,1.8304,4.1469,1.2687,2.2349,4.227,1.2056,1.9718,4.246,2.4746,2.6494,4.2885,0.86008,2.0407,4.2496,1.518,2.5209,3.8949,3.0905,2.8392,5.9228,1.1955,1.9747,4.2388,1.7434,1.6809,4.238,1.2893,2.2281,4.2554,0.84425,2.0602,4.2098,2.9303,2.8341,4.5308,5.6306,2.7494,1.3772,1.2886,2.7861,3.6741,0.93229,2.1426,3.0146,2.5,2.0827,4.491,1.4693,1.6551,3.9158,0.65173,2.5934,3.8554,2.0173,1.7657,3.4887,1.1029,2.4177,3.1348,0.22555,2.2926,3.5015,1.7767,1.6791,3.3972,2.0252,2.7931,4.3144,1.7881,1.6993,3.4007,1.4568,1.6461,3.9318,0.38724,2.1528,3.1672,2.0721,2.3855,4.4337,1.4716,1.684,3.2026,0.82832,1.9141,2.7547,3.0787,2.8411,5.896,2.019,1.7831,3.4909,1.0218,2.7204,2.9061,1.8252,2.5877,4.0231,0.64939,1.8997,2.8003,1.0682,2.4332,3.0858,1.9091,1.9202,4.5116,1.7005,1.6621,3.89,0.51242,2.2018,3.7497,1.1826,2.487,3.761,0.96725,2.0915,3.2281,2.591,2.3244,4.3505,2.1058,2.184,4.7229,1.489,1.6708,3.927,1.8952,1.9197,4.5021,1.5003,2.1947,3.2609,0.79403,2.1145,3.1401,2.4305,2.3954,4.35,1.9234,2.5952,4.8389,1.8934,2.6012,4.8067,2.5791,2.3312,4.3483,1.2823,2.5119,3.9161,1.7074,2.2428,4.3232,1.9528,3.0336,3.8873,0.54755,2.4689,2.5158,1.5361,2.0703,4.635,2.0546,3.0453,3.993,0.3572,2.3921,3.3858,1.6619,1.6008,4.078,0.69713,2.0438,3.0702,2.2523,2.2518,4.6622,0.69674,2.5924,3.082,0.97028,2.0989,3.2252,0.054306,2.8918,1.8881,2.0101,2.001,4.6194,2.5714,2.335,4.3459,2.6242,2.3152,5.1445,2.0502,2.7666,4.3459,1.0804,1.8135,3.9748,4.6422,2.9518,0.51939,0.8643,2.1241,3.0265,1.3051,2.095,4.298,1.0451,2.0969,3.4793,2.2267,2.7255,4.4822,1.7126,1.574,4.1453,1.189,2.5478,3.1067,0.76515,2.45,3.7555,2.0644,1.9022,3.711,1.5767,2.4489,3.454,1.6276,2.5476,3.6013,1.6417,1.6394,4.2494,2.0236,2.7682,4.4907,2.056,2.7665,4.5284,3.4125,2.7744,6.1702,1.7136,1.57,4.1446,1.7307,2.003,3.4511,2.0835,2.9315,4.8874,1.1868,2.5493,3.1265,2.6185,2.4426,4.9632,1.0557,2.6095,4.0647,1.5796,2.4419,3.4594,1.1637,1.829,4.0821,1.6682,1.5928,4.0729,1.7197,2.0029,3.4327,0.26962,2.9373,3.3221,2.8965,2.3018,4.6123,1.3123,1.9485,4.2108,1.288,2.6656,3.3945,1.4435,2.4582,3.3413,1.855,1.9574,3.6945,1.9448,2.3914,4.0056,1.0726,2.2891,3.173,2.5414,2.024,5.1445,1.2508,2.6649,3.346,1.4225,2.4739,3.3176,0.3361,2.938,3.3835,0.66146,1.826,2.8646,1.6834,2.0087,4.462,1.4637,1.8302,4.1334,5.4572,2.8896,1.77,0.82079,2.1067,2.8048,1.051,2.6227,4.0695,2.1987,2.5254,3.62,2.6008,2.4327,4.9385,2.8278,2.6892,4.5405,2.1349,2.5135,4.497,2.3509,2.1155,4.2142,0.76533,2.017,3.3255,0.38546,2.4588,2.9418,0.59779,2.1423,3.7075,2.3849,2.4719,4.4536,0.80178,2.4547,2.9043,1.2508,1.5952,4.2854,1.6897,2.0189,3.4353,6.1879,2.6847,1.9406,3.2973,2.9313,6.1103,0.79877,2.4359,2.9373,1.6658,1.6305,4.0768,1.5009,1.8782,3.1788,0.76381,2.4517,2.8881,2.1607,2.3426,4.9135,1.175,2.5626,3.1107,1.0086,1.9602,3.5041,0.50031,1.9782,3.2678,1.7127,2.0152,3.4278,2.3857,2.1006,4.2105,2.1692,2.152,4.9931,1.2794,1.7166,3.8183,0.6897,1.9765,2.77,2.1732,2.1585,5.0072,2.3401,2.2085,4.4991,1.572,2.3535,3.9658,4.3193,2.9626,0.24599,1.9543,2.3682,4.0036,0.83054,1.9532,4.1237,1.2266,2.5943,4.2434,3.6171,2.8362,6.1778,1.5368,1.6287,3.2921,0.28722,2.2999,3.3606,5.1093,2.9589,1.0518,0.62031,2.7679,3.326,1.3107,2.5178,3.0073,2.1423,2.126,4.9501,1.477,2.0758,4.3725,1.5266,1.6285,3.2963,1.3935,2.9226,3.3715,0.50029,2.4373,2.7866,0.90366,2.4512,3.0049,0.23359,2.6123,3.3436,1.6254,2.2797,4.1439,0.50674,2.4377,2.7706,1.0372,2.2069,3.6352,1.3934,1.7902,4.2909,0.31947,2.314,3.3851,1.5274,1.6112,3.2923,0.49629,2.4367,2.7867,3.1374,2.8685,6.0646,1.9766,2.5812,4.0166,1.9982,2.1896,4.6149,2.5565,2.7745,5.1854,1.9001,1.9437,3.8825,1.2932,1.7832,3.6989,2.164,2.1418,4.9836,1.3851,2.6382,3.9711,1.1203,3.0717,2.9561,4.7245,2.9625,0.43728,1.3057,2.6967,4.3753,1.9088,1.9375,3.8788,1.2806,2.6396,2.9041,0.47519,2.7614,3.0845,0.96272,2.8985,4.1512,0.64521,2.5246,2.6403,0.68625,1.9669,2.9547,0.53748,2.4075,3.4001,1.5624,2.1798,4.2595,1.3493,2.7022,4.4084,0.59476,1.9702,3.0639,1.9885,1.872,3.8082,1.1917,1.8196,3.6649,2.3649,2.7004,4.8547,1.37,1.5755,4.15,1.3738,2.1557,3.1627,0.62174,1.975,3.0702,0.48887,2.4407,2.6056,1.6245,2.2878,4.1499,2.3788,2.6962,4.8872,0.60987,1.9806,3.0542,1.5698,1.7005,3.3346,0.47053,3.0481,2.3693,0.62034,2.5284,2.6239,2.966,2.7485,5.9579,0.59039,2.8744,2.6529,4.676,2.9642,0.38616,2.3083,2.3838,3.6866,1.0895,3.0653,3.8905,1.3879,2.31,3.5191,0.92733,3.0698,3.7287,2.347,2.2328,3.7762,1.1891,1.8115,3.6621,2.4326,2.3484,4.5758,2.5542,2.6583,4.0455,1.2907,2.6773,4.3538,1.8978,1.9181,3.8722,1.1699,2.7503,3.6935,2.3909,2.4656,5.007,1.6122,2.5984,3.3628,2.1653,2.2029,4.1093,0.78082,1.9101,3.3578,2.3029,2.4093,3.711,2.3108,2.4025,3.7012,2.2033,1.9339,4.9402,2.6277,2.2836,4.79,2.3508,2.2375,3.7846,1.3721,1.587,3.8528,2.3785,2.7028,4.8804,1.8969,1.9252,3.8776,0.77538,2.1316,4.0066,1.6,1.8009,4.2537,2.3834,2.7002,4.8928,1.4468,2.3868,3.262,5.9702,2.8927,2.2598,1.8495,1.7931,3.4973,1.9364,2.9868,4.2469,2.0485,1.9542,4.7985,1.1442,2.5814,4.3165,1.9123,2.1443,4.866,1.6117,1.7599,3.9638,1.6036,2.0167,3.3598,1.0561,2.7348,3.6027,0.95641,2.809,3.8446,1.4132,2.4288,3.8603,1.1458,2.7584,3.6623,1.8297,1.7431,4.0837,0.92386,2.4576,2.7961,1.9268,2.0864,4.4049,0.1562,2.7824,2.9192,1.073,1.9489,4.2672,0.97047,2.3177,3.0538,1.6507,2.3958,4.5892,0.97345,2.063,2.8549,0.73481,1.9832,2.7413,1.6065,1.7529,3.9671,0.93468,2.4527,2.8111,1.3674,1.5845,3.8393,2.7443,2.5802,4.6103,1.0836,2.153,3.6151,1.1458,2.7686,3.6715,1.9767,1.9823,4.4837,1.0647,1.9554,4.2593,1.8584,1.668,3.4572,1.6627,2.5081,3.9987,2.1233,2.5468,4.9064,2.1356,2.3867,3.6889,1.211,3.0585,3.4355,1.4499,1.4728,4.2199,0.64146,2.9933,3.6435,1.6163,1.7176,4.2208,0.73778,1.9938,2.7367,0.70448,2.1947,3.9549,2.6708,2.595,4.5249,2.0048,2.1138,3.4221,1.4024,2.8849,3.5475,1.078,2.2204,3.6141,2.5414,2.0159,4.4948,1.4824,1.7287,4.4207,1.5864,2.5853,3.5874,2.0582,2.3178,4.0861,2.677,2.3581,4.9692,0.48019,2.5254,2.9993
1801.6,0.13171,125.96,15.913,0.062538,493.0,1.4936,1.8287,4.1429,1.2678,2.2365,4.2284,1.2013,1.9689,4.2473,2.4712,2.6476,4.2874,0.86034,2.0373,4.2549,1.5177,2.5263,3.8951,3.1041,2.8389,5.9398,1.1902,1.9718,4.2395,1.7428,1.6748,4.2362,1.291,2.2282,4.2609,0.84183,2.0597,4.2089,2.9361,2.834,4.5343,5.6184,2.7442,1.3635,1.2955,2.7761,3.681,0.92812,2.142,3.0131,2.5034,2.0882,4.4992,1.4685,1.6515,3.9176,0.65067,2.5971,3.8505,2.0196,1.7658,3.4913,1.1051,2.4136,3.1448,0.21803,2.2938,3.4911,1.7751,1.6795,3.3988,2.0081,2.787,4.2942,1.7886,1.7029,3.4023,1.4542,1.642,3.9354,0.38649,2.1555,3.1623,2.0773,2.389,4.4402,1.4709,1.6862,3.2031,0.82828,1.919,2.7535,3.0905,2.8409,5.9093,2.0216,1.7855,3.4935,1.0255,2.7207,2.9119,1.8265,2.5879,4.0267,0.65232,1.9044,2.801,1.0671,2.4312,3.0906,1.911,1.9208,4.515,1.7037,1.6578,3.8902,0.51269,2.2018,3.7506,1.1813,2.4963,3.7582,0.96108,2.096,3.2214,2.5989,2.3284,4.3608,2.1123,2.1891,4.7305,1.4912,1.671,3.9299,1.8955,1.9204,4.5039,1.5021,2.1975,3.2596,0.78834,2.1206,3.1311,2.4333,2.3997,4.3568,1.9199,2.5948,4.8298,1.8864,2.6018,4.7945,2.5858,2.337,4.3597,1.2816,2.516,3.9112,1.7115,2.2451,4.3284,1.9408,3.0287,3.8741,0.55479,2.4691,2.5223,1.5337,2.0734,4.6382,2.053,3.0417,3.99,0.35168,2.3946,3.378,1.662,1.5973,4.0773,0.69457,2.0473,3.0652,2.2535,2.2535,4.6643,0.70655,2.5881,3.0951,0.96415,2.1044,3.2173,0.040713,2.8917,1.8727,2.0137,2.0047,4.6257,2.577,2.3417,4.3567,2.6159,2.311,5.1345,2.037,2.756,4.3319,1.0805,1.8075,3.9797,4.6444,2.9432,0.51994,0.86056,2.125,3.0222,1.3052,2.0945,4.3035,1.043,2.0992,3.4763,2.2143,2.7205,4.4677,1.7147,1.5705,4.1434,1.1965,2.5462,3.1126,0.76732,2.4543,3.7523,2.0662,1.898,3.7064,1.5731,2.4512,3.4519,1.623,2.5515,3.6021,1.6386,1.6341,4.2491,2.0106,2.7604,4.476,2.0479,2.7589,4.5203,3.4229,2.7727,6.1798,1.716,1.5654,4.1424,1.7361,2.003,3.4515,2.079,2.9311,4.8842,1.1938,2.5481,3.1356,2.6154,2.442,4.9589,1.0602,2.6108,4.0632,1.5761,2.4432,3.4582,1.1594,1.8323,4.0796,1.6696,1.587,4.071,1.723,2.0027,3.4297,0.26756,2.9354,3.321,2.9012,2.3027,4.6206,1.3114,1.9484,4.2121,1.2933,2.6621,3.4052,1.4399,2.4587,3.3413,1.8574,1.9529,3.6893,1.9438,2.401,4.0085,1.0684,2.2904,3.1703,2.5423,2.0201,5.1448,1.2522,2.6616,3.3521,1.4154,2.4762,3.314,0.34464,2.9362,3.392,0.6582,1.8297,2.8552,1.6797,2.0057,4.4693,1.463,1.8249,4.1354,5.4416,2.8872,1.7543,0.82046,2.1045,2.8081,1.0552,2.6263,4.0693,2.2034,2.5258,3.6176,2.5932,2.4299,4.9281,2.834,2.6861,4.5455,2.131,2.5113,4.4916,2.3515,2.119,4.2189,0.76436,2.0228,3.3199,0.39721,2.4557,2.9544,0.59666,2.1424,3.7065,2.3844,2.4659,4.4582,0.8118,2.4527,2.9144,1.2497,1.5975,4.2847,1.6872,2.0208,3.4325,6.1704,2.6833,1.9216,3.3126,2.9295,0.021796,0.80713,2.4306,2.9518,1.6665,1.6291,4.0749,1.5022,1.8805,3.1781,0.7669,2.4494,2.8945,2.159,2.3409,4.9052,1.1803,2.5625,3.1178,1.0098,1.9596,3.5041,0.49399,1.978,3.2702,1.7149,2.0157,3.4237,2.3856,2.1047,4.2135,2.1742,2.1514,4.9953,1.2775,1.7105,3.8215,0.69106,1.9764,2.7727,2.1787,2.1591,5.0114,2.3444,2.2128,4.5068,1.5727,2.3633,3.9662,4.3344,2.9547,0.26035,1.9544,2.3741,4.0053,0.82867,1.9518,4.1236,1.2367,2.5984,4.2488,3.6338,2.833,6.1944,1.5379,1.6311,3.2931,0.28086,2.3,3.3519,5.1061,2.9529,1.0494,0.63048,2.7644,3.3375,1.318,2.5196,3.0119,2.1434,2.1215,4.9455,1.4769,2.072,4.3765,1.5267,1.629,3.2981,1.3963,2.9213,3.373,0.50965,2.4348,2.7996,0.90113,2.4502,3.0069,0.23557,2.611,3.3439,1.6282,2.2844,4.1476,0.51755,2.436,2.7813,1.0351,2.214,3.6303,1.3933,1.7873,4.2902,0.31887,2.3161,3.3818,1.5272,1.6098,3.2934,0.50528,2.4341,2.7997,3.1613,2.8678,6.0903,1.9716,2.5787,4.0142,2.0032,2.1912,4.6194,2.541,2.774,5.1678,1.9017,1.9394,3.8784,1.293,1.7774,3.7009,2.1675,2.1392,4.9835,1.3822,2.6346,3.9643,1.1182,3.0696,2.9528,4.7304,2.9583,0.4417,1.3138,2.6983,4.382,1.9101,1.9339,3.878,1.2868,2.6402,2.9114,0.49415,2.7589,3.1064,0.9685,2.8988,4.1563,0.65827,2.5252,2.6511,0.68467,1.9727,2.9489,0.53606,2.4088,3.3958,1.5619,2.1797,4.265,1.3653,2.7044,4.4209,0.58813,1.9735,3.0543,1.9901,1.8678,3.8066,1.1913,1.8146,3.6686,2.3487,2.6961,4.8331,1.3685,1.5835,4.1459,1.3707,2.1554,3.1608,0.6191,1.9796,3.0625,0.4937,2.439,2.6124,1.6273,2.2946,4.1542,2.3652,2.6914,4.8708,0.60478,1.9858,3.0432,1.5709,1.6983,3.3359,0.46188,3.0492,2.3579,0.62781,2.53,2.6303,2.9768,2.7488,5.9707,6.0914,2.876,2.674,4.6775,2.9592,0.38614,2.3026,2.3795,3.6757,1.117,3.0615,3.9212,1.3781,2.32,3.5104,0.94032,3.068,3.7451,2.3434,2.2322,3.7707,1.1885,1.8049,3.6656,2.4337,2.3502,4.5782,2.5491,2.6632,4.0485,1.2961,2.6765,4.3565,1.8988,1.9103,3.8669,1.1761,2.7428,3.6992,2.3812,2.4621,4.9922,1.6129,2.5943,3.3741,2.1649,2.2061,4.1111,0.77926,1.9119,3.3547,2.2954,2.4096,3.704,2.3044,2.4012,3.6921,2.2073,1.9408,4.9469,2.6246,2.2824,4.7896,2.3483,2.2379,3.7807,1.3707,1.5873,3.856,2.3642,2.6996,4.8622,1.8981,1.919,3.873,0.77502,2.1297,4.0148,1.5996,1.7955,4.2531,2.371,2.6963,4.8779,1.4468,2.3869,3.2619,5.9775,2.8949,2.2693,1.8483,1.7919,3.501,1.9286,2.98,4.2366,2.0551,1.9552,4.8063,1.1518,2.5821,4.3244,1.9179,2.1439,4.8671,1.6114,1.7526,3.9634,1.6036,2.0188,3.3546,1.0614,2.7287,3.6071,0.96182,2.8057,3.8478,1.419,2.4355,3.8634,1.1488,2.7524,3.6633,1.8279,1.7337,4.0821,0.9259,2.4574,2.8002,1.9305,2.0905,4.4093,0.17165,2.7793,2.9341,1.0705,1.9471,4.2682,0.9738,2.3149,3.0607,1.6545,2.3965,4.5903,0.97189,2.0594,2.8574,0.73349,1.9805,2.7413,1.6053,1.7444,3.9669,0.93814,2.4515,2.8178,1.3649,1.5841,3.8399,2.7414,2.5789,4.6081,1.0834,2.1568,3.6121,1.1499,2.7633,3.6751,1.9769,1.9818,4.4856,1.0612,1.9541,4.2594,1.8598,1.6704,3.4586,1.6628,2.5123,3.9987,2.125,2.5454,4.9032,2.1316,2.3884,3.6842,1.2184,3.0554,3.4413,1.4506,1.4747,4.2175,0.64335,2.9922,3.6468,1.6151,1.7115,4.2191,0.73682,1.993,2.7362,0.70716,2.1949,3.9571,2.6676,2.5933,4.5231,2.0078,2.1114,3.4198,1.4065,2.8779,3.5506,1.0768,2.2265,3.6094,2.5436,2.0195,4.5003,1.4806,1.7274,4.4206,1.5828,2.5839,3.5893,2.0577,2.3231,4.0891,2.6717,2.3554,4.9626,0.48692,2.5245,3.0069
1801.6,0.13171,125.96,15.913,0.071472,511.34,1.4896,1.8268,4.1391,1.2672,2.2378,4.23,1.1969,1.966,4.2485,2.468,2.6459,4.2867,0.86055,2.0342,4.2598,1.5174,2.5316,3.8955,3.1178,2.8384,5.9569,1.185,1.9689,4.2402,1.7422,1.6686,4.2342,1.2926,2.2282,4.2664,0.8395,2.059,4.2081,2.9417,2.8337,4.5375,5.6065,2.7389,1.35,1.3018,2.7664,3.6874,0.92396,2.1414,3.0115,2.5068,2.0938,4.5076,1.4676,1.6482,3.9192,0.64945,2.6008,3.8455,2.0219,1.766,3.4939,1.1067,2.4097,3.1538,0.2105,2.295,3.4808,1.7736,1.6798,3.4004,1.992,2.7809,4.275,1.789,1.7063,3.4037,1.4517,1.6379,3.9387,0.38593,2.1581,3.1578,2.0822,2.392,4.4464,1.4701,1.6882,3.2036,0.82832,1.9234,2.7528,3.1025,2.8407,5.9229,2.0244,1.7876,3.4961,1.0294,2.721,2.9179,1.8277,2.5883,4.0302,0.6552,1.9089,2.8019,1.0661,2.4292,3.0953,1.9131,1.9213,4.5183,1.7068,1.6537,3.8907,0.51298,2.2017,3.7516,1.1806,2.5047,3.7559,0.9551,2.1005,3.215,2.607,2.3323,4.371,2.1187,2.1938,4.7378,1.4935,1.6713,3.9328,1.8959,1.9212,4.5058,1.5037,2.2002,3.2584,0.78251,2.1267,3.122,2.4362,2.404,4.3635,1.9166,2.5946,4.8204,1.8798,2.6023,4.7826,2.5929,2.3428,4.3714,1.2808,2.52,3.9066,1.7158,2.2475,4.3335,1.9297,3.0238,3.8619,0.56194,2.4693,2.5287,1.531,2.0766,4.6407,2.0517,3.0381,3.9874,0.34635,2.3969,3.3705,1.6621,1.5943,4.0764,0.69199,2.0507,3.0602,2.2545,2.255,4.6662,0.71579,2.5838,3.1078,0.95804,2.1096,3.2094,0.024032,2.8915,1.8578,2.0177,2.0084,4.6321,2.5828,2.3483,4.3678,2.6078,2.3068,5.1245,2.0248,2.7452,4.3186,1.0806,1.8015,3.9843,4.6464,2.9345,0.52024,0.85692,2.1258,3.0181,1.3055,2.094,4.3091,1.0407,2.1017,3.4734,2.2026,2.7157,4.4539,1.717,1.5671,4.1415,1.2039,2.5448,3.1182,0.76943,2.4586,3.7492,2.0679,1.8938,3.7019,1.5695,2.4535,3.45,1.6189,2.5551,3.6033,1.6356,1.6292,4.2487,1.9982,2.7524,4.4619,2.0401,2.7512,4.5125,3.4331,2.7709,6.1892,1.7183,1.561,4.1401,1.7417,2.0029,3.4521,2.0751,2.9306,4.8816,1.2004,2.5471,3.1442,2.6124,2.4414,4.9545,1.0645,2.6119,4.0615,1.5727,2.4445,3.4573,1.1551,1.835,4.0773,1.671,1.5816,4.0692,1.7264,2.0025,3.4269,0.26589,2.9335,3.3203,2.9058,2.3034,4.6287,1.3105,1.9484,4.2134,1.2983,2.6588,3.4154,1.4364,2.4593,3.3415,1.86,1.9484,3.6843,1.9429,2.4104,4.0116,1.0642,2.2917,3.1678,2.5432,2.0165,5.1453,1.2537,2.6586,3.3583,1.4086,2.4785,3.3106,0.35312,2.9343,3.4002,0.65484,1.8334,2.8458,1.6758,2.003,4.4764,1.4623,1.8198,4.1374,5.4259,2.8846,1.7385,0.81993,2.1025,2.8109,1.0592,2.6299,4.0688,2.2077,2.5261,3.6149,2.5855,2.4272,4.9177,2.8407,2.6831,4.5506,2.1276,2.5093,4.4867,2.3523,2.1226,4.2238,0.7631,2.0289,3.3139,0.40905,2.4526,2.9671,0.59554,2.1424,3.7056,2.3838,2.4601,4.463,0.82192,2.4506,2.9246,1.2486,1.5999,4.2838,1.6845,2.0226,3.4297,6.1529,2.6818,1.9027,3.3275,2.9277,0.049453,0.81487,2.4256,2.9656,1.6673,1.6276,4.0731,1.5036,1.8828,3.1774,0.76971,2.4473,2.9005,2.1575,2.3392,4.897,1.1854,2.5625,3.1246,1.011,1.9589,3.5042,0.4875,1.9777,3.2725,1.7173,2.0162,3.4197,2.3857,2.1089,4.2165,2.1791,2.1506,4.9973,1.2754,1.7044,3.8246,0.69241,1.9763,2.7754,2.1841,2.1596,5.0155,2.3488,2.2171,4.5145,1.5735,2.3727,3.9667,4.3483,2.9469,0.2737,1.9547,2.3801,4.007,0.82679,1.9505,4.1233,1.2468,2.6025,4.2541,3.6501,2.8296,6.2108,1.539,1.6339,3.2941,0.27461,2.3,3.3433,5.1032,2.9466,1.0473,0.64017,2.7609,3.3484,1.3252,2.5213,3.0162,2.1446,2.117,4.9412,1.4765,2.0679,4.3804,1.5269,1.6295,3.2998,1.3991,2.9199,3.3741,0.51899,2.4322,2.8125,0.89887,2.4492,3.0092,0.23736,2.6099,3.344,1.6311,2.289,4.1514,0.52823,2.4345,2.7919,1.0327,2.2211,3.6254,1.3933,1.7844,4.2893,0.31839,2.3182,3.3789,1.5271,1.6084,3.2945,0.51417,2.4315,2.8126,3.1844,2.8669,6.1152,1.9668,2.5763,4.0119,2.0083,2.1926,4.6239,2.5251,2.7734,5.1498,1.9032,1.9348,3.8742,1.2927,1.7716,3.7029,2.1709,2.1364,4.9834,1.3794,2.631,3.9577,1.1153,3.0676,2.9489,4.7363,2.954,0.44612,1.3218,2.6998,4.3883,1.9115,1.9303,3.8772,1.293,2.6409,2.9186,0.51238,2.7562,3.1275,0.97461,2.8988,4.1619,0.67129,2.5259,2.6619,0.68326,1.9784,2.9434,0.5348,2.4099,3.3917,1.5614,2.1793,4.2704,1.3811,2.7065,4.4331,0.58168,1.9765,3.0449,1.9916,1.8634,3.8051,1.1908,1.8095,3.6722,2.3332,2.6918,4.8122,1.367,1.5912,4.1418,1.3676,2.1549,3.1588,0.6165,1.9841,3.0549,0.49847,2.4372,2.6192,1.6304,2.3017,4.1587,2.3519,2.6866,4.8548,0.59958,1.9909,3.0321,1.5718,1.6961,3.3372,0.45268,3.0501,2.3459,0.63495,2.5317,2.6364,2.9879,2.7488,5.9837,0.062232,2.8773,2.6952,4.6793,2.9541,0.38664,2.2972,2.375,3.6648,1.1416,3.0575,3.9489,1.3681,2.3298,3.5017,0.95326,3.0661,3.7614,2.34,2.2317,3.7654,1.1877,1.7981,3.6692,2.4346,2.352,4.5806,2.544,2.6677,4.0512,1.3014,2.6757,4.3592,1.8998,1.9025,3.8617,1.1819,2.7357,3.7044,2.3717,2.4586,4.9774,1.6137,2.5902,3.3856,2.1644,2.2095,4.113,0.77758,1.9137,3.3516,2.288,2.4101,3.6972,2.2981,2.3999,3.683,2.2117,1.947,4.9533,2.6215,2.2813,4.7892,2.3457,2.2383,3.777,1.3693,1.5878,3.8592,2.3503,2.6962,4.8444,1.8992,1.9129,3.8685,0.77476,2.1276,4.0231,1.5991,1.7903,4.2523,2.3591,2.6924,4.8635,1.4467,2.387,3.2618,5.9849,2.897,2.2787,1.8475,1.7909,3.5047,1.9206,2.973,4.2264,2.0616,1.9562,4.814,1.1592,2.583,4.3324,1.9234,2.1436,4.8683,1.611,1.7454,3.963,1.6036,2.021,3.3497,1.066,2.7229,3.611,0.96668,2.8026,3.8503,1.4246,2.4418,3.8663,1.1514,2.7467,3.664,1.8262,1.7245,4.0807,0.92792,2.4571,2.8043,1.9346,2.0949,4.414,0.18714,2.776,2.9489,1.0678,1.9454,4.269,0.97668,2.3123,3.0671,1.6585,2.3975,4.5915,0.97019,2.0561,2.8597,0.73226,1.9781,2.7413,1.6042,1.7362,3.9667,0.94143,2.4503,2.8245,1.3622,1.5835,3.8406,2.7389,2.5777,4.6064,1.0829,2.1609,3.609,1.1538,2.7581,3.6784,1.9771,1.9813,4.4876,1.0577,1.9529,4.2594,1.8611,1.6728,3.46,1.6628,2.5164,3.9986,2.1265,2.5441,4.8999,2.1276,2.3902,3.6796,1.2264,3.0524,3.4481,1.4514,1.4767,4.215,0.64453,2.9912,3.6492,1.614,1.7053,4.2175,0.73593,1.9921,2.7357,0.70982,2.1952,3.9594,2.6646,2.5918,4.5215,2.011,2.109,3.4178,1.4108,2.8709,3.5538,1.0754,2.233,3.6045,2.5459,2.0232,4.5061,1.4787,1.7259,4.4207,1.5795,2.5826,3.5916,2.0572,2.3284,4.0921,2.6668,2.3529,4.9562,0.49356,2.5237,3.0143
1801.6,0.13171,125.96,15.913,0.080407,529.65,1.4858,1.8247,4.1355,1.267,2.239,4.232,1.1925,1.963,4.2494,2.465,2.6441,4.2861,0.86069,2.0313,4.2646,1.5172,2.5367,3.8957,3.1316,2.8377,5.974,1.1797,1.9659,4.2409,1.7416,1.6623,4.2322,1.2942,2.2282,4.272,0.83724,2.0584,4.2074,2.9472,2.8335,4.5409,5.5947,2.7333,1.3368,1.3077,2.7568,3.6934,0.91979,2.1408,3.0098,2.5105,2.0994,4.5161,1.4667,1.6451,3.9209,0.64807,2.6045,3.8404,2.0241,1.7661,3.4965,1.1075,2.4061,3.1619,0.20294,2.2962,3.4703,1.7721,1.6799,3.4022,1.9767,2.7746,4.2567,1.7896,1.7094,3.4052,1.4494,1.634,3.9417,0.38552,2.1605,3.1535,2.0867,2.3946,4.4521,1.4692,1.6902,3.204,0.82841,1.9277,2.7523,3.1148,2.8405,5.9366,2.0273,1.7896,3.4987,1.0334,2.7211,2.924,1.8289,2.5886,4.0338,0.65804,1.9133,2.8028,1.0651,2.4271,3.1,1.9151,1.9218,4.5217,1.7098,1.65,3.8913,0.51333,2.2015,3.7526,1.1801,2.5127,3.7543,0.94927,2.1045,3.2088,2.6149,2.336,4.381,2.125,2.1982,4.745,1.4958,1.6717,3.9356,1.8966,1.922,4.5078,1.5054,2.2027,3.2573,0.77649,2.1328,3.1126,2.439,2.4081,4.3702,1.9132,2.5945,4.8108,1.8734,2.6029,4.7706,2.6001,2.3485,4.3836,1.2801,2.5239,3.902,1.7202,2.2501,4.3388,1.9194,3.019,3.8504,0.56904,2.4696,2.5351,1.528,2.0799,4.6429,2.0506,3.0344,3.9849,0.34118,2.399,3.3633,1.6623,1.5915,4.0756,0.68939,2.054,3.0552,2.2554,2.2565,4.6679,0.72451,2.5796,3.1201,0.95195,2.1147,3.2016,0.034045,2.8913,1.8434,2.0217,2.0122,4.6387,2.5891,2.3549,4.3794,2.5999,2.3027,5.1145,2.0131,2.7342,4.3063,1.0806,1.7958,3.989,4.6482,2.9257,0.52043,0.85333,2.1266,3.0142,1.3057,2.0936,4.3146,1.0385,2.1042,3.4704,2.1914,2.7108,4.4408,1.7193,1.564,4.1397,1.2108,2.5435,3.1235,0.77151,2.4626,3.746,2.0697,1.8898,3.6975,1.566,2.4558,3.4482,1.6152,2.5584,3.6052,1.6326,1.6247,4.2483,1.9861,2.7443,4.4481,2.0328,2.7434,4.505,3.4433,2.7689,6.1986,1.7208,1.5567,4.1378,1.7473,2.0029,3.4528,2.0717,2.9303,4.8794,1.2068,2.5462,3.1526,2.6095,2.4409,4.9504,1.0684,2.613,4.0595,1.5693,2.4458,3.4564,1.1508,1.8373,4.0753,1.6723,1.5763,4.0674,1.7299,2.0022,3.4242,0.26461,2.9316,3.3198,2.9102,2.3036,4.6364,1.3096,1.9484,4.2146,1.303,2.6557,3.4253,1.4329,2.4598,3.3418,1.8627,1.944,3.6794,1.9422,2.4196,4.0147,1.0602,2.2928,3.1654,2.5441,2.0129,5.1459,1.2552,2.6558,3.3646,1.4019,2.4807,3.3072,0.36157,2.9323,3.4086,0.65143,1.837,2.8363,1.6719,2.0002,4.4832,1.4616,1.8148,4.1392,5.4102,2.8819,1.7225,0.81925,2.1007,2.8135,1.0629,2.6334,4.068,2.2117,2.5261,3.612,2.5778,2.4242,4.9072,2.8474,2.6801,4.5561,2.1244,2.5075,4.4821,2.3532,2.1265,4.229,0.7616,2.0351,3.3077,0.42097,2.4495,2.9799,0.59444,2.1424,3.7047,2.3836,2.4546,4.4679,0.83213,2.4485,2.9348,1.2475,1.6026,4.2829,1.6817,2.0244,3.4269,6.1355,2.6799,1.8839,3.3421,2.9257,0.063626,0.82198,2.4207,2.9787,1.6681,1.626,4.0712,1.5049,1.8849,3.1767,0.77226,2.4452,2.9062,2.156,2.3373,4.8888,1.1904,2.5624,3.1313,1.0121,1.9582,3.5043,0.48083,1.9774,3.2751,1.7195,2.0164,3.4157,2.3857,2.1132,4.2197,2.184,2.1497,4.9991,1.2732,1.6986,3.8275,0.69373,1.9763,2.7781,2.1895,2.1599,5.0193,2.3532,2.2212,4.5221,1.5742,2.3817,3.967,4.3612,2.9392,0.2861,1.9549,2.3861,4.0089,0.82491,1.9495,4.1229,1.2569,2.6065,4.2595,3.6662,2.8264,6.2271,1.5402,1.6368,3.2951,0.2685,2.3,3.3348,5.1006,2.9405,1.0457,0.64938,2.7573,3.3587,1.3319,2.523,3.0202,2.1463,2.1127,4.9374,1.476,2.0638,4.3843,1.527,1.6299,3.3016,1.4017,2.9187,3.375,0.52829,2.4296,2.8254,0.89687,2.4482,3.0118,0.23898,2.6088,3.3438,1.634,2.2938,4.1552,0.53872,2.4328,2.8023,1.0303,2.2283,3.6203,1.3933,1.7817,4.2884,0.31805,2.3201,3.3762,1.5269,1.6071,3.2955,0.52291,2.4288,2.8252,3.2066,2.8659,6.139,1.9619,2.5738,4.0097,2.0133,2.1938,4.6283,2.5088,2.7726,5.1314,1.9047,1.9301,3.8701,1.2925,1.766,3.7049,2.1743,2.1336,4.9833,1.3767,2.6274,3.9512,1.1119,3.0656,2.9444,4.742,2.9496,0.4505,1.3296,2.701,4.3946,1.9128,1.9268,3.8766,1.299,2.6417,2.9258,0.52982,2.7535,3.1478,0.98103,2.8986,4.1677,0.6842,2.5266,2.6725,0.68204,1.9841,2.9383,0.53374,2.4108,3.388,1.5609,2.1787,4.2759,1.3965,2.7084,4.4452,0.57544,1.9794,3.0355,1.9932,1.8594,3.8038,1.1903,1.8044,3.6759,2.3184,2.6875,4.7922,1.3653,1.5984,4.1377,1.3646,2.1544,3.1569,0.61396,1.9886,3.0476,0.50316,2.4354,2.6259,1.6339,2.3089,4.1631,2.3392,2.6818,4.8391,0.59434,1.9958,3.021,1.5727,1.694,3.3384,0.44296,3.0511,2.3334,0.64169,2.5335,2.6421,2.9992,2.7486,5.9969,0.043218,2.8785,2.7165,4.6815,2.9489,0.38765,2.2923,2.3706,3.6544,1.1635,3.0534,3.9739,1.3583,2.3392,3.4931,0.96569,3.0642,3.7773,2.3368,2.2312,3.7602,1.1869,1.7913,3.6728,2.4355,2.3538,4.5827,2.5388,2.672,4.0539,1.3067,2.675,4.3617,1.9007,1.895,3.8567,1.1873,2.729,3.7091,2.3625,2.4552,4.963,1.6146,2.5863,3.3971,2.1641,2.2131,4.1151,0.77581,1.9157,3.3481,2.2808,2.4106,3.6905,2.2918,2.3987,3.6738,2.2159,1.9527,4.9595,2.6185,2.2803,4.7886,2.3432,2.2388,3.7734,1.3678,1.5883,3.8622,2.3368,2.6928,4.827,1.9002,1.907,3.8641,0.7746,2.1254,4.0313,1.5988,1.785,4.2516,2.3476,2.6887,4.8496,1.4467,2.3872,3.2617,5.9918,2.8991,2.2878,1.8468,1.7899,3.5083,1.9131,2.9662,4.2163,2.0681,1.9571,4.8214,1.1663,2.5838,4.3402,1.9291,2.1435,4.8694,1.6107,1.7386,3.9627,1.6037,2.0233,3.3449,1.0702,2.7174,3.6144,0.97101,2.7998,3.8522,1.43,2.4478,3.8694,1.1538,2.7411,3.6644,1.8245,1.7155,4.0792,0.92988,2.457,2.8083,1.9387,2.0995,4.4188,0.20256,2.7725,2.9638,1.065,1.9436,4.2698,0.97917,2.3102,3.0728,1.6625,2.3986,4.5928,0.96838,2.053,2.8616,0.73108,1.9758,2.7413,1.6031,1.7283,3.9665,0.94456,2.4493,2.8311,1.3596,1.5828,3.8413,2.7368,2.5767,4.6054,1.0825,2.1651,3.6058,1.1574,2.7531,3.6814,1.9772,1.9811,4.4898,1.0542,1.9518,4.2593,1.8624,1.6751,3.4615,1.6629,2.5202,3.9985,2.128,2.5429,4.8965,2.1236,2.3921,3.6748,1.2351,3.0494,3.4554,1.4522,1.4789,4.2125,0.64505,2.9903,3.6508,1.6131,1.6993,4.2159,0.73508,1.9913,2.7353,0.71249,2.1954,3.9615,2.6616,2.5901,4.5202,2.0143,2.1066,3.416,1.4152,2.8638,3.5571,1.0737,2.2396,3.5994,2.5484,2.027,4.5121,1.4768,1.7246,4.4209,1.5766,2.5811,3.5943,2.057,2.3336,4.0952,2.6622,2.3504,4.9503,0.50011,2.5231,3.0216
1801.6,0.13171,125.96,15.913,0.089341,547.76,1.482,1.8224,4.1321,1.267,2.2402,4.2341,1.188,1.96,4.2501,2.4622,2.6425,4.2857,0.86076,2.0285,4.269,1.517,2.5416,3.896,3.1452,2.837,5.9908,1.1747,1.9628,4.2416,1.7411,1.656,4.2302,1.2955,2.2282,4.2775,0.83506,2.0578,4.2067,2.9524,2.8331,4.5441,5.5833,2.7277,1.3239,1.3131,2.7474,3.6987,0.91563,2.1401,3.0081,2.5144,2.1049,4.5247,1.4656,1.6422,3.9224,0.64661,2.6082,3.8352,2.0265,1.7662,3.4991,1.1077,2.4028,3.1691,0.19538,2.2974,3.4597,1.7705,1.6799,3.4038,1.9622,2.7684,4.2394,1.7901,1.7124,3.4067,1.4474,1.6301,3.9447,0.38525,2.1627,3.1494,2.091,2.397,4.4573,1.4683,1.6919,3.2044,0.82853,1.9317,2.752,3.1271,2.8401,5.9504,2.0302,1.7914,3.5014,1.0376,2.7212,2.9301,1.8302,2.589,4.0375,0.66083,1.9176,2.8039,1.0641,2.4251,3.1045,1.9171,1.9223,4.5251,1.7127,1.6463,3.8921,0.51374,2.2013,3.7538,1.1799,2.5201,3.7532,0.94359,2.1084,3.2027,2.6227,2.3396,4.3909,2.1313,2.2025,4.7521,1.4982,1.6723,3.9385,1.8974,1.9228,4.5098,1.5071,2.205,3.2561,0.77036,2.1388,3.1031,2.4419,2.4123,4.377,1.9099,2.5946,4.8011,1.8672,2.6034,4.759,2.6077,2.354,4.3959,1.2794,2.5277,3.8976,1.7249,2.2528,4.344,1.9098,3.0142,3.8398,0.57605,2.47,2.5415,1.5248,2.0832,4.6445,2.0496,3.0307,3.9826,0.33621,2.4009,3.3564,1.6625,1.589,4.0748,0.6868,2.057,3.0504,2.2563,2.2578,4.6694,0.73267,2.5754,3.1321,0.94596,2.1194,3.194,5.7846,2.891,1.8296,2.0262,2.0161,4.6454,2.5956,2.3614,4.3911,2.5924,2.2985,5.1045,2.0022,2.7232,4.2947,1.0806,1.7901,3.9935,4.6498,2.917,0.52039,0.84981,2.1272,3.0104,1.306,2.0931,4.3201,1.0362,2.1067,3.4674,2.1807,2.706,4.4283,1.7216,1.5608,4.1381,1.2177,2.542,3.1285,0.77356,2.4667,3.7428,2.0714,1.8858,3.6932,1.5625,2.458,3.4465,1.6119,2.5615,3.6074,1.6297,1.6204,4.2479,1.9746,2.7361,4.4348,2.0257,2.7357,4.4979,3.4535,2.767,6.2078,1.7232,1.5524,4.1356,1.753,2.0029,3.4537,2.0687,2.93,4.8775,1.213,2.5453,3.1605,2.6067,2.4404,4.9463,1.0721,2.6141,4.0574,1.5662,2.4471,3.4558,1.1464,1.8393,4.0734,1.6739,1.5715,4.0657,1.7335,2.0018,3.4217,0.26369,2.9298,3.3197,2.9146,2.3036,4.6438,1.3086,1.9484,4.216,1.3074,2.6528,3.4348,1.4297,2.4604,3.3422,1.8654,1.9395,3.6747,1.9414,2.4284,4.018,1.0562,2.294,3.1631,2.545,2.0096,5.1465,1.2568,2.6533,3.3709,1.3953,2.4828,3.3041,0.36984,2.9303,3.4167,0.64801,1.8405,2.827,1.6676,1.9976,4.4899,1.461,1.81,4.1409,5.3946,2.8792,1.7067,0.81843,2.099,2.8157,1.0664,2.637,4.067,2.2152,2.5258,3.6087,2.5702,2.4212,4.8966,2.8546,2.677,4.5618,2.1215,2.506,4.4778,2.3542,2.1305,4.2343,0.75983,2.0415,3.3009,0.43291,2.4466,2.9928,0.5934,2.1423,3.7038,2.3833,2.4495,4.4728,0.84245,2.4463,2.9453,1.2462,1.6052,4.2819,1.679,2.0261,3.424,6.1185,2.6781,1.8655,3.3562,2.9238,0.079189,0.8285,2.416,2.9913,1.6688,1.6244,4.0695,1.5063,1.887,3.1761,0.77457,2.4433,2.9117,2.1545,2.3355,4.8809,1.1952,2.5624,3.1378,1.0132,1.9574,3.5043,0.47394,1.9769,3.2778,1.7218,2.0164,3.4116,2.3858,2.1177,4.223,2.1887,2.1486,5.0007,1.2711,1.6931,3.8304,0.69502,1.9763,2.7806,2.1948,2.1602,5.0231,2.3575,2.2253,4.5296,1.5749,2.3903,3.9673,4.3732,2.9316,0.29774,1.9553,2.3923,4.0108,0.82304,1.9486,4.1223,1.2671,2.6105,4.2648,3.682,2.8231,6.2422,1.5416,1.6398,3.2961,0.2625,2.2999,3.3262,5.0983,2.9341,1.0446,0.65809,2.7537,3.3684,1.3385,2.5246,3.0239,2.1479,2.1086,4.9339,1.4754,2.0595,4.3881,1.5272,1.6303,3.3033,1.4041,2.9174,3.3757,0.53755,2.4271,2.8384,0.895,2.4471,3.0145,0.24036,2.6076,3.3433,1.637,2.2986,4.1593,0.54899,2.4313,2.8127,1.0277,2.2357,3.6151,1.3934,1.779,4.2874,0.31782,2.3219,3.3738,1.5268,1.6057,3.2966,0.53146,2.4263,2.8376,3.228,2.8647,6.162,1.9571,2.5717,4.0077,2.0183,2.195,4.6326,2.4922,2.7718,5.1126,1.9063,1.9254,3.8659,1.2921,1.7605,3.7068,2.1777,2.1307,4.9832,1.3741,2.6238,3.9449,1.1077,3.0639,2.9393,4.7475,2.9451,0.45483,1.3372,2.7023,4.4005,1.9144,1.9233,3.8761,1.3049,2.6425,2.933,0.54653,2.7508,3.1672,0.9877,2.8982,4.1738,0.69701,2.5274,2.683,0.68097,1.9895,2.9335,0.53281,2.4115,3.3845,1.5605,2.1779,4.2812,1.4118,2.7101,4.4569,0.5693,1.9821,3.0262,1.9946,1.8553,3.8024,1.1897,1.7994,3.6796,2.3044,2.6832,4.773,1.3635,1.6054,4.1335,1.3615,2.1538,3.1551,0.61145,1.9931,3.0402,0.50781,2.4337,2.6326,1.6378,2.3165,4.1678,2.3268,2.6771,4.8238,0.58904,2.0004,3.0101,1.5736,1.692,3.3398,0.43247,3.052,2.3201,0.6481,2.5353,2.6475,3.0108,2.7482,6.0104,0.062611,2.8796,2.7378,4.684,2.9437,0.38911,2.2876,2.366,3.6441,1.1827,3.0491,3.9964,1.3483,2.3484,3.4845,0.97732,3.0623,3.7923,2.3336,2.2307,3.7551,1.186,1.7844,3.6766,2.4363,2.3555,4.5847,2.5335,2.6762,4.0564,1.312,2.6743,4.364,1.9016,1.8874,3.8519,1.1923,2.7223,3.7135,2.3537,2.4518,4.9488,1.6155,2.5824,3.4086,2.1638,2.2169,4.1174,0.77396,1.9178,3.3445,2.2735,2.4111,3.6839,2.2857,2.3974,3.6648,2.2203,1.958,4.9655,2.6154,2.2792,4.7881,2.3406,2.2394,3.7699,1.3662,1.5888,3.8653,2.3235,2.6892,4.8101,1.9014,1.9012,3.8598,0.77449,2.1234,4.0393,1.5983,1.78,4.2509,2.3366,2.6848,4.836,1.4466,2.3876,3.2616,5.9988,2.901,2.2967,1.8462,1.7888,3.5119,1.9056,2.9592,4.2065,2.0745,1.9579,4.8287,1.1732,2.5847,4.3479,1.9346,2.1435,4.8708,1.6103,1.7318,3.9623,1.6038,2.0257,3.3405,1.0741,2.7122,3.6174,0.97497,2.797,3.8537,1.4354,2.4535,3.8725,1.156,2.7358,3.6647,1.8227,1.7066,4.0778,0.93183,2.4569,2.8123,1.943,2.1041,4.4237,0.21792,2.7688,2.9784,1.0622,1.9419,4.2705,0.98133,2.3082,3.0782,1.6667,2.3999,4.5942,0.96649,2.05,2.8632,0.72998,1.9738,2.7413,1.602,1.7207,3.9663,0.94755,2.4482,2.8375,1.3569,1.5819,3.8421,2.735,2.5757,4.6048,1.0819,2.1695,3.6024,1.1609,2.7482,3.6842,1.9773,1.9809,4.492,1.0508,1.9505,4.2593,1.8639,1.6773,3.4631,1.6629,2.5239,3.9983,2.1295,2.5416,4.893,2.1195,2.394,3.67,1.2445,3.0462,3.4634,1.453,1.4812,4.2101,0.64493,2.9894,3.6519,1.6123,1.6933,4.2145,0.73429,1.9904,2.735,0.71513,2.1958,3.9636,2.6587,2.5886,4.519,2.0177,2.1043,3.4146,1.4196,2.8567,3.5606,1.0719,2.2464,3.5941,2.551,2.0309,4.5182,1.475,1.723,4.4212,1.5738,2.5798,3.5972,2.0567,2.3387,4.0984,2.6579,2.3482,4.9447,0.50656,2.5226,3.0286
1801.6,0.13171,125.96,15.913,0.098275,565.7,1.4783,1.8199,4.1288,1.2673,2.2413,4.2365,1.1835,1.9568,4.2507,2.4594,2.641,4.2856,0.86075,2.026,4.2732,1.5169,2.5463,3.8962,3.1589,2.8361,6.0077,1.1698,1.9596,4.2423,1.7406,1.6497,4.2281,1.2968,2.2282,4.283,0.83295,2.0571,4.2063,2.9576,2.8329,4.5473,5.5719,2.7218,1.3112,1.318,2.7383,3.7038,0.91147,2.1394,3.0063,2.5184,2.1105,4.5334,1.4644,1.6395,3.9239,0.64501,2.6119,3.8297,2.0288,1.7663,3.5017,1.1074,2.3997,3.1757,0.18777,2.2986,3.449,1.7691,1.6799,3.4054,1.9487,2.7623,4.223,1.7906,1.7152,3.4081,1.4455,1.6264,3.9474,0.38509,2.1648,3.1457,2.095,2.3991,4.4622,1.4672,1.6937,3.2047,0.82864,1.9353,2.7519,3.1397,2.8398,5.9645,2.0334,1.793,3.5041,1.0418,2.7214,2.9364,1.8316,2.5895,4.0411,0.66357,1.9217,2.8051,1.063,2.4231,3.109,1.9191,1.9226,4.5285,1.7157,1.6428,3.893,0.51422,2.2011,3.755,1.1801,2.527,3.7526,0.93805,2.112,3.1969,2.6306,2.343,4.4007,2.1375,2.2065,4.7591,1.5005,1.673,3.9412,1.8984,1.9237,4.5119,1.5087,2.2071,3.2549,0.76409,2.1447,3.0935,2.4448,2.4163,4.3838,1.9065,2.5948,4.7911,1.8614,2.6039,4.7475,2.6155,2.3595,4.4085,1.2787,2.5314,3.8932,1.7297,2.2555,4.3493,1.901,3.0094,3.83,0.58303,2.4704,2.5477,1.5214,2.0866,4.6457,2.0488,3.027,3.9805,0.33143,2.4026,3.3499,1.6627,1.5866,4.0739,0.68422,2.0599,3.0456,2.2572,2.259,4.6707,0.74029,2.5713,3.1436,0.94005,2.1239,3.1864,0.80584,2.8905,1.8162,2.0308,2.02,4.6523,2.6024,2.3679,4.4031,2.5852,2.2943,5.095,1.9919,2.7118,4.2837,1.0806,1.7847,3.9979,4.6512,2.9082,0.52021,0.84634,2.1278,3.0067,1.3064,2.0927,4.3255,1.0339,2.1093,3.4642,2.1704,2.7012,4.4163,1.724,1.5578,4.1363,1.2244,2.5407,3.1331,0.77561,2.4705,3.7396,2.0731,1.8819,3.689,1.5591,2.4603,3.4448,1.6088,2.5642,3.6099,1.6268,1.6164,4.2474,1.9634,2.7277,4.4219,2.0191,2.7279,4.4911,3.4637,2.7649,6.2171,1.7256,1.5484,4.1334,1.7589,2.0029,3.4547,2.0659,2.9298,4.8758,1.2189,2.5444,3.1682,2.604,2.44,4.9423,1.0755,2.6151,4.055,1.563,2.4485,3.4551,1.1421,1.8411,4.0717,1.6755,1.5668,4.064,1.7371,2.0014,3.4193,0.26306,2.9278,3.3198,2.9189,2.3035,4.6509,1.3077,1.9484,4.2174,1.3116,2.65,3.444,1.4264,2.4611,3.3427,1.8681,1.9352,3.67,1.9409,2.437,4.0215,1.0523,2.2951,3.161,2.5458,2.0063,5.1471,1.2582,2.651,3.3772,1.3888,2.4848,3.301,0.37798,2.9283,3.4246,0.64457,1.8438,2.8177,1.6632,1.9951,4.4964,1.4604,1.8054,4.1424,5.3792,2.8763,1.6909,0.8175,2.0976,2.8177,1.0696,2.6406,4.0659,2.2186,2.5251,3.605,2.5625,2.418,4.8861,2.8619,2.6738,4.5678,2.1188,2.5047,4.4738,2.3553,2.1348,4.2398,0.75776,2.0482,3.2938,0.4449,2.4435,3.0058,0.59241,2.1423,3.7029,2.3831,2.4445,4.4777,0.85293,2.4439,2.9559,1.2448,1.6078,4.2808,1.6762,2.0276,3.4213,6.1017,2.676,1.8473,3.3699,2.9217,0.094259,0.83444,2.4114,3.0032,1.6695,1.6228,4.0678,1.5077,1.8891,3.1755,0.77666,2.4413,2.9168,2.1531,2.3335,4.8731,1.1999,2.5624,3.1441,1.0142,1.9565,3.5045,0.46684,1.9766,3.2809,1.724,2.0163,3.4077,2.386,2.1222,4.2265,2.1935,2.1474,5.002,1.2687,1.6876,3.8331,0.69627,1.9763,2.7831,2.1998,2.1602,5.0265,2.3619,2.2294,4.5372,1.5756,2.3986,3.9675,4.3844,2.9243,0.30884,1.9557,2.3985,4.0128,0.82119,1.9478,4.1215,1.2774,2.6144,4.2699,3.6977,2.8199,6.2314,1.543,1.6431,3.2972,0.25665,2.2998,3.3179,5.0964,2.9278,1.0441,0.66636,2.7502,3.3775,1.3448,2.5261,3.0272,2.15,2.1045,4.9307,1.4746,2.0548,4.3919,1.5274,1.6307,3.3049,1.4064,2.9161,3.3764,0.54679,2.4245,2.8512,0.8933,2.446,3.0173,0.24154,2.6065,3.3425,1.6402,2.3035,4.1633,0.55901,2.4298,2.8227,1.025,2.2429,3.6098,1.3935,1.7765,4.2863,0.31772,2.3235,3.3716,1.5267,1.6043,3.2977,0.53984,2.4238,2.8498,3.2485,2.8635,6.1841,1.9524,2.5695,4.0058,2.0233,2.196,4.6368,2.4753,2.7708,5.0934,1.9077,1.9205,3.8617,1.2917,1.7551,3.7087,2.1812,2.128,4.9831,1.3717,2.6204,3.9387,1.1029,3.0622,2.9336,4.7529,2.9405,0.45908,1.3446,2.7033,4.4063,1.9158,1.92,3.8757,1.3107,2.6434,2.9401,0.56243,2.7481,3.1858,0.99459,2.8976,4.1801,0.70968,2.5283,2.6934,0.68009,1.9949,2.9291,0.53204,2.4122,3.3814,1.5602,2.1768,4.2865,1.4267,2.7116,4.4683,0.5633,1.9846,3.0172,1.996,1.8514,3.8011,1.1893,1.7945,3.6832,2.2913,2.679,4.7549,1.3616,1.6119,4.1292,1.3583,2.1532,3.1532,0.60897,1.9974,3.0331,0.51237,2.4321,2.6391,1.6418,2.3242,4.1724,2.315,2.6724,4.809,0.58378,2.0049,2.9995,1.5744,1.69,3.341,0.4214,3.0529,2.3063,0.65411,2.5373,2.6524,3.0225,2.7477,6.0239,0.08094,2.8805,2.759,4.6868,2.9383,0.39104,2.2832,2.3615,3.6341,1.1996,3.0446,4.0161,1.3385,2.3571,3.4761,0.98813,3.0603,3.8065,2.3305,2.2304,3.7502,1.1849,1.7775,3.6803,2.4371,2.3571,4.5867,2.5279,2.68,4.0586,1.317,2.6739,4.3662,1.9026,1.8798,3.8471,1.197,2.7158,3.7175,2.3454,2.4486,4.9351,1.6164,2.5788,3.42,2.1637,2.2207,4.1197,0.77202,1.92,3.3409,2.2666,2.4117,3.6774,2.2797,2.3961,3.6558,2.2247,1.9627,4.9713,2.6122,2.2781,4.7875,2.3382,2.2402,3.7666,1.3646,1.5893,3.8683,2.3107,2.6857,4.7936,1.9026,1.8955,3.8555,0.77446,2.1212,4.0473,1.5978,1.7751,4.2501,2.326,2.6811,4.8231,1.4464,2.3879,3.2615,6.0054,2.903,2.3055,1.8459,1.7879,3.5153,1.8986,2.9523,4.197,2.081,1.9588,4.8356,1.1799,2.5856,4.3554,1.9403,2.1436,4.8722,1.6101,1.7252,3.962,1.6041,2.0282,3.3362,1.0775,2.7073,3.6199,0.97852,2.7945,3.8548,1.4405,2.4591,3.8756,1.1581,2.7309,3.6647,1.8211,1.6982,4.0765,0.93372,2.4568,2.8161,1.9476,2.1088,4.4288,0.23314,2.765,2.993,1.0595,1.9403,4.2712,0.98317,2.3065,3.0831,1.6709,2.4013,4.5957,0.96453,2.0473,2.8646,0.72895,1.9719,2.7412,1.6009,1.7135,3.9663,0.9504,2.4472,2.844,1.3542,1.5809,3.8429,2.7336,2.5748,4.6044,1.0814,2.1741,3.599,1.1643,2.7435,3.6868,1.9774,1.9808,4.4944,1.0475,1.9493,4.2593,1.8654,1.6794,3.4646,1.6629,2.5274,3.9983,2.1307,2.5405,4.8895,2.1154,2.3961,3.6651,1.2542,3.043,3.4719,1.4539,1.4835,4.2077,0.64426,2.9885,3.6526,1.6115,1.6875,4.2131,0.73353,1.9895,2.7348,0.71777,2.1962,3.9658,2.656,2.5871,4.5181,2.0211,2.1019,3.4134,1.424,2.8496,3.5644,1.0699,2.2532,3.5886,2.5537,2.0348,4.5247,1.473,1.7216,4.4216,1.5713,2.5784,3.6004,2.0566,2.3439,4.1017,2.6538,2.346,4.9393,0.51291,2.5223,3.0355
1801.6,0.13171,125.96,15.913,0.10721,583.93,1.4747,1.8171,4.1257,1.2678,2.2423,4.2389,1.179,1.9537,4.251,2.4567,2.6396,4.2856,0.86065,2.0238,4.2772,1.5167,2.5508,3.8965,3.1725,2.8351,6.0244,1.1648,1.9563,4.243,1.7402,1.6435,4.226,1.2979,2.2281,4.2885,0.83093,2.0565,4.2059,2.9625,2.8326,4.5504,5.5609,2.7159,1.2988,1.3225,2.7296,3.7082,0.9073,2.1387,3.0044,2.5225,2.1159,4.5423,1.4632,1.6371,3.9253,0.64322,2.6155,3.8241,2.0312,1.7663,3.5044,1.1064,2.3969,3.1813,0.1801,2.2997,3.4382,1.7676,1.6797,3.4071,1.9361,2.7562,4.2076,1.7913,1.7179,3.4095,1.4436,1.6227,3.9498,0.38505,2.1667,3.1421,2.0988,2.4009,4.4668,1.4663,1.6952,3.205,0.82874,1.9387,2.752,3.1526,2.8394,5.9786,2.0365,1.7945,3.5069,1.0462,2.7215,2.9427,1.8329,2.59,4.0448,0.66627,1.9256,2.8062,1.0618,2.421,3.1133,1.9211,1.9228,4.532,1.7187,1.6394,3.8938,0.51481,2.2007,3.7564,1.1806,2.5334,3.7526,0.93268,2.1156,3.1912,2.6384,2.3463,4.4103,2.1436,2.2103,4.7657,1.5029,1.6737,3.9439,1.8995,1.9245,4.514,1.5103,2.209,3.2538,0.75776,2.1505,3.084,2.4476,2.4202,4.3903,1.9032,2.5951,4.781,1.8557,2.6043,4.7362,2.6236,2.3648,4.4214,1.2781,2.5349,3.8891,1.7346,2.2583,4.3546,1.8928,3.0046,3.8209,0.58997,2.471,2.5539,1.5178,2.0901,4.6465,2.048,3.0232,3.9784,0.32686,2.4042,3.3437,1.663,1.5845,4.0731,0.6817,2.0628,3.0411,2.2579,2.26,4.6717,0.74731,2.5673,3.1547,0.93433,2.1282,3.1792,6.2593,2.8901,1.8032,2.0357,2.024,4.6593,2.6095,2.374,4.4154,2.5785,2.2902,5.0857,1.9823,2.7005,4.2734,1.0806,1.7793,4.0022,4.6524,2.8994,0.51994,0.84293,2.1284,3.0032,1.3068,2.0924,4.3308,1.0315,2.112,3.4611,2.1607,2.6965,4.4048,1.7264,1.5546,4.1347,1.2309,2.5394,3.1376,0.77762,2.4743,3.7363,2.0749,1.8781,3.6848,1.5556,2.4627,3.4433,1.6062,2.5669,3.613,1.6239,1.6126,4.2469,1.9528,2.7194,4.4093,2.0128,2.72,4.4847,3.4738,2.7628,6.2263,1.7282,1.5445,4.1312,1.7648,2.0028,3.4559,2.0633,2.9297,4.8743,1.2245,2.5437,3.1754,2.6013,2.4396,4.9383,1.0788,2.6161,4.0523,1.5599,2.4498,3.4547,1.1378,1.8427,4.0701,1.6771,1.5625,4.0623,1.7408,2.0009,3.4172,0.26259,2.926,3.3201,2.9229,2.303,4.6576,1.3067,1.9484,4.2187,1.3156,2.6476,3.4528,1.4233,2.4618,3.3434,1.8709,1.9308,3.6655,1.9405,2.4452,4.0252,1.0485,2.2961,3.1589,2.5465,2.0032,5.1477,1.2596,2.6489,3.3834,1.3824,2.4868,3.298,0.3859,2.9262,3.4324,0.64119,1.847,2.8087,1.6585,1.9927,4.5024,1.4599,1.8009,4.1439,5.3639,2.8733,1.6751,0.81648,2.0962,2.8194,1.0727,2.644,4.0646,2.2221,2.5241,3.6016,2.5549,2.4146,4.8755,2.8695,2.6707,4.5738,2.1165,2.5037,4.47,2.3564,2.1392,4.2456,0.75538,2.0548,3.2864,0.45686,2.4406,3.0188,0.59144,2.1421,3.7022,2.3829,2.4399,4.4826,0.86347,2.4415,2.9666,1.2433,1.6105,4.2796,1.6733,2.0291,3.4183,6.0851,2.6737,1.8294,3.3832,2.9196,0.1088,0.83961,2.4069,3.0142,1.6702,1.6211,4.0661,1.5091,1.8912,3.1749,0.77844,2.4396,2.9214,2.1521,2.3316,4.8655,1.2043,2.5624,3.1501,1.0152,1.9556,3.5045,0.45953,1.9761,3.2843,1.7262,2.016,3.4038,2.3863,2.1268,4.2303,2.198,2.146,5.0031,1.2665,1.6824,3.8357,0.6975,1.9764,2.7855,2.2048,2.1602,5.0298,2.366,2.2332,4.5445,1.5762,2.4065,3.9678,4.3952,2.917,0.31956,1.9561,2.4047,4.0149,0.81939,1.9471,4.1207,1.2876,2.6182,4.2749,3.7129,2.8166,0.049382,1.5445,1.6464,3.2981,0.25099,2.2996,3.3096,5.095,2.9214,1.0441,0.67411,2.7465,3.3861,1.3507,2.5276,3.0304,2.1522,2.1006,4.9278,1.4735,2.0502,4.3956,1.5276,1.6308,3.3065,1.4085,2.915,3.3767,0.556,2.4219,2.8642,0.89173,2.4449,3.0202,0.24253,2.6055,3.3416,1.6433,2.3084,4.1674,0.56876,2.4285,2.8326,1.0221,2.2503,3.6044,1.3935,1.774,4.2852,0.31769,2.325,3.3696,1.5266,1.603,3.2988,0.54802,2.4214,2.8617,3.268,2.8623,6.2053,1.9477,2.5675,4.0039,2.0282,2.1968,4.6409,2.4582,2.7697,5.074,1.9091,1.9156,3.8574,1.2913,1.7497,3.7105,2.1846,2.125,4.9831,1.3693,2.6169,3.9328,1.098,3.0607,2.9276,4.758,2.936,0.46324,1.352,2.7043,4.412,1.9173,1.9167,3.8754,1.3163,2.6442,2.947,0.57747,2.7455,3.2034,1.0015,2.8969,4.1863,0.7222,2.5291,2.7037,0.67942,2.0001,2.9251,0.53141,2.4127,3.3783,1.5599,2.1757,4.2917,1.4412,2.713,4.4793,0.55745,1.987,3.0081,1.9974,1.8476,3.8,1.1886,1.7894,3.6869,2.2791,2.675,4.738,1.3597,1.618,4.1251,1.3551,2.1524,3.1514,0.60651,2.0016,3.0262,0.51686,2.4304,2.6456,1.6462,2.3321,4.1771,2.3036,2.6677,4.7946,0.57862,2.009,2.9891,1.5752,1.6883,3.3424,0.40963,3.0537,2.2919,0.65977,2.5394,2.657,3.0344,2.747,6.0376,0.099271,2.8813,2.7801,4.6899,2.9331,0.3935,2.2792,2.3569,3.6245,1.214,3.0402,4.0334,1.329,2.3653,3.4682,0.99823,3.0584,3.8199,2.3274,2.2301,3.7454,1.184,1.7706,3.6842,2.4378,2.3586,4.5884,2.5224,2.6836,4.0606,1.3218,2.6733,4.3681,1.9035,1.8724,3.8427,1.2015,2.7098,3.7214,2.3377,2.4453,4.9218,1.6171,2.5753,3.431,2.1635,2.2247,4.1224,0.77,1.9224,3.3371,2.2597,2.4124,3.6709,2.2738,2.3949,3.6469,2.229,1.967,4.9766,2.6091,2.2771,4.7869,2.3356,2.241,3.7633,1.3631,1.5897,3.8712,2.298,2.682,4.7774,1.9037,1.89,3.8514,0.77452,2.1191,4.055,1.5974,1.7703,4.2493,2.3159,2.6775,4.8105,1.4463,2.3883,3.2615,6.012,2.9049,2.3141,1.8458,1.7869,3.5186,1.8919,2.9455,4.1879,2.0872,1.9596,4.8424,1.1863,2.5864,4.363,1.9458,2.1438,4.8736,1.6097,1.7189,3.9617,1.6045,2.0309,3.332,1.0807,2.7027,3.622,0.98172,2.7922,3.8554,1.4455,2.4641,3.8789,1.1599,2.7261,3.6644,1.8193,1.69,4.0754,0.93557,2.4568,2.8199,1.9523,2.1137,4.434,0.24824,2.7611,3.0074,1.0565,1.9386,4.2717,0.98471,2.3049,3.0877,1.6752,2.4027,4.5971,0.96247,2.0446,2.8657,0.72795,1.9702,2.7411,1.5998,1.7065,3.9661,0.95307,2.4463,2.8502,1.3515,1.5798,3.8439,2.7323,2.5741,4.6045,1.0808,2.1787,3.5953,1.1675,2.7389,3.6893,1.9774,1.9808,4.4968,1.0442,1.9482,4.2593,1.8668,1.6814,3.4661,1.6629,2.5308,3.9981,2.132,2.5394,4.886,2.1112,2.3981,3.6603,1.2644,3.0397,3.4808,1.4547,1.4861,4.2053,0.64308,2.9877,3.6525,1.6109,1.6819,4.2117,0.73281,1.9887,2.7345,0.72038,2.1966,3.9678,2.6533,2.5857,4.5174,2.0248,2.0997,3.4124,1.4285,2.8428,3.5684,1.0677,2.2603,3.583,2.5565,2.0388,4.5313,1.4712,1.7201,4.4221,1.5691,2.5771,3.6038,2.0566,2.349,4.1051,2.6499,2.344,4.9344,0.51915,2.522,3.0421
1801.6,0.13171,125.96,15.913,0.11614,601.94,1.4712,1.8143,4.1229,1.2685,2.2433,4.2416,1.1745,1.9507,4.2511,2.4541,2.6382,4.2856,0.8605,2.0217,4.281,1.5166,2.5551,3.8968,3.1859,2.834,6.0409,1.16,1.9531,4.2438,1.7398,1.6373,4.2238,1.2991,2.2281,4.2941,0.82898,2.0559,4.2057,2.9674,2.8323,4.5534,5.5501,2.7097,1.2867,1.3265,2.7214,3.7123,0.90313,2.138,3.0025,2.5267,2.1213,4.5512,1.4619,1.6348,3.9268,0.64128,2.6191,3.8182,2.0338,1.7663,3.507,1.1049,2.3944,3.1863,0.17239,2.3009,3.4272,1.7661,1.6794,3.4088,1.9243,2.7503,4.1933,1.792,1.7203,3.4108,1.4418,1.6191,3.9522,0.3851,2.1686,3.1387,2.1023,2.4026,4.471,1.4653,1.6969,3.2053,0.82878,1.9418,2.7522,3.1654,2.8389,5.9928,2.0398,1.7959,3.5097,1.0506,2.7216,2.9492,1.8345,2.5905,4.0486,0.66892,1.9294,2.8075,1.0606,2.4189,3.1175,1.9233,1.9231,4.5355,1.7215,1.6362,3.8948,0.5155,2.2003,3.7579,1.1815,2.5395,3.753,0.92741,2.1188,3.1858,2.646,2.3494,4.4197,2.1497,2.214,4.7724,1.5054,1.6746,3.9464,1.9008,1.9254,4.5162,1.512,2.2109,3.2526,0.75134,2.1562,3.0745,2.4504,2.4239,4.3969,1.8998,2.5954,4.7706,1.8502,2.6047,4.7251,2.6318,2.37,4.4344,1.2775,2.5382,3.8851,1.7397,2.2611,4.3599,1.885,2.9998,3.8122,0.59686,2.4716,2.5601,1.514,2.0935,4.647,2.0472,3.0194,3.9763,0.32245,2.4057,3.3378,1.6633,1.5824,4.0723,0.67922,2.0653,3.0367,2.2587,2.2611,4.6727,0.75386,2.5633,3.1655,0.92875,2.1322,3.1722,6.2507,2.8895,1.7909,2.0408,2.0281,4.6665,2.6167,2.3801,4.4277,2.5721,2.2861,5.0767,1.9733,2.6891,4.2638,1.0805,1.7741,4.0064,4.6536,2.8906,0.51972,0.83957,2.129,2.9999,1.3073,2.0921,4.3361,1.0292,2.1146,3.4579,2.1513,2.6918,4.3938,1.7288,1.5515,4.1329,1.2372,2.5381,3.1417,0.77964,2.478,3.7332,2.0767,1.8744,3.6808,1.5522,2.465,3.4417,1.6039,2.5693,3.6162,1.6211,1.6093,4.2463,1.9425,2.711,4.3972,2.0068,2.7122,4.4785,3.484,2.7605,6.2355,1.7306,1.5408,4.129,1.7708,2.0028,3.4572,2.0608,2.9296,4.8727,1.2299,2.5429,3.1824,2.5988,2.4391,4.9345,1.0817,2.617,4.0494,1.557,2.4512,3.4545,1.1335,1.844,4.0685,1.6788,1.5584,4.0606,1.7446,2.0003,3.4152,0.26246,2.924,3.3207,2.9268,2.3024,4.664,1.3056,1.9484,4.2201,1.3195,2.6453,3.4614,1.4204,2.4626,3.3442,1.8738,1.9266,3.6612,1.9403,2.453,4.029,1.0447,2.2972,3.1569,2.5471,2.0002,5.1481,1.2612,2.6468,3.3896,1.3761,2.4888,3.2951,0.39366,2.924,3.4398,0.63789,1.8499,2.7998,1.6537,1.9903,4.5079,1.4594,1.7966,4.1453,5.3488,2.8703,1.6595,0.81541,2.0949,2.821,1.0755,2.6473,4.063,2.2261,2.523,3.599,2.5475,2.4113,4.8651,2.8772,2.6675,4.5802,2.1142,2.5027,4.4665,2.3576,2.1437,4.2515,0.75276,2.0616,3.2787,0.4688,2.4377,3.0317,0.59055,2.1419,3.7014,2.3829,2.4356,4.4876,0.87406,2.439,2.9774,1.2417,1.6132,4.2784,1.6705,2.0304,3.4154,6.0689,2.6713,1.8118,3.3959,2.9174,0.12276,0.84403,2.4028,3.0243,1.6709,1.6194,4.0644,1.5107,1.8932,3.1743,0.77992,2.4378,2.9257,2.1511,2.3296,4.8583,1.2086,2.5625,3.1561,1.0162,1.9546,3.5047,0.45209,1.9757,3.2879,1.7285,2.0154,3.3999,2.3868,2.1315,4.2342,2.2025,2.1445,5.0042,1.264,1.6775,3.8379,0.69866,1.9765,2.7878,2.2097,2.16,5.0329,2.3701,2.2369,4.5516,1.5769,2.414,3.9679,4.4053,2.9099,0.32986,1.9567,2.4111,4.0171,0.81761,1.9466,4.1198,1.2978,2.6219,4.2798,3.728,2.8134,5.6814,1.5462,1.6499,3.2991,0.24556,2.2993,3.3015,5.0938,2.9148,1.0446,0.68138,2.743,3.394,1.3564,2.5291,3.0332,2.1547,2.0969,4.9254,1.4724,2.0454,4.3992,1.5277,1.6309,3.3083,1.4105,2.9138,3.3769,0.56509,2.4194,2.877,0.89026,2.4436,3.0231,0.24332,2.6044,3.3404,1.6465,2.3134,4.1715,0.57829,2.4271,2.8422,1.0192,2.2575,3.5988,1.3936,1.7717,4.2839,0.31775,2.3264,3.3677,1.5265,1.6016,3.2999,0.55598,2.4192,2.8734,3.2867,2.861,6.229,1.9431,2.5655,4.002,2.0331,2.1977,4.6449,2.4411,2.7685,5.0544,1.9105,1.9105,3.8533,1.2908,1.7444,3.7124,2.1879,2.1222,4.9831,1.3669,2.6136,3.9269,1.0924,3.0591,2.9212,4.763,2.9313,0.46728,1.359,2.7053,4.4173,1.9189,1.9135,3.8752,1.3218,2.6452,2.954,0.59174,2.7428,3.2202,1.0086,2.896,4.1927,0.7345,2.53,2.7137,0.67888,2.0052,2.9214,0.5309,2.4133,3.3754,1.5598,2.1745,4.2969,1.4553,2.7142,4.49,0.55172,1.9895,2.9991,1.9988,1.844,3.7989,1.188,1.7844,3.6905,2.2679,2.6711,4.722,1.3576,1.6238,4.121,1.352,2.1516,3.1496,0.60405,2.0057,3.0193,0.52131,2.4287,2.652,1.6509,2.34,4.1818,2.2926,2.6631,4.7807,0.57358,2.0128,2.9791,1.576,1.6864,3.3437,0.3971,3.0545,2.2766,0.66505,2.5416,2.6612,3.0464,2.7461,6.0513,0.11749,2.8819,2.8011,4.6934,2.9279,0.39643,2.2754,2.3524,3.6153,1.2264,3.0357,4.0486,1.3197,2.373,3.4606,1.0074,3.0565,3.8324,2.3245,2.2298,3.7407,1.1829,1.7635,3.6881,2.4384,2.36,4.5901,2.5167,2.6868,4.0626,1.3266,2.6729,4.3699,1.9044,1.8651,3.8384,1.2058,2.7039,3.7249,2.3306,2.4423,4.9093,1.6175,2.5721,3.4418,2.1634,2.2287,4.125,0.7679,1.9248,3.3331,2.253,2.4131,3.6646,2.2679,2.3937,3.638,2.2333,1.9708,4.9816,2.6061,2.276,4.7863,2.3331,2.2419,3.7602,1.3615,1.5902,3.8739,2.2858,2.6782,4.7615,1.9049,1.8846,3.8474,0.77462,2.1169,4.0626,1.5968,1.7656,4.2485,2.3061,2.6738,4.7984,1.4462,2.3888,3.2614,6.0185,2.9067,2.3225,1.8458,1.7859,3.5218,1.8855,2.9386,4.1791,2.0935,1.9604,4.8491,1.1924,2.5873,4.3702,1.9514,2.1442,4.8752,1.6094,1.7128,3.9615,1.605,2.0335,3.328,1.0834,2.6984,3.6239,0.98463,2.7899,3.8557,1.4504,2.469,3.8822,1.1616,2.7216,3.6641,1.8175,1.6822,4.0743,0.93734,2.4568,2.8236,1.9572,2.1186,4.4393,0.26312,2.7571,3.0216,1.0537,1.9369,4.2723,0.98603,2.3035,3.0919,1.6794,2.4043,4.5987,0.96039,2.0422,2.8667,0.72701,1.9686,2.7409,1.5988,1.6997,3.966,0.95561,2.4454,2.8564,1.3489,1.5785,3.8448,2.7312,2.5734,4.6047,1.08,2.1835,3.5916,1.1705,2.7345,3.6915,1.9775,1.9809,4.4993,1.0412,1.947,4.2594,1.8685,1.6834,3.4678,1.6628,2.534,3.9979,2.1333,2.5383,4.8826,2.1071,2.4002,3.6553,1.2749,3.0364,3.4899,1.4555,1.4886,4.2028,0.64145,2.9869,3.652,1.6104,1.6763,4.2103,0.73212,1.9879,2.7343,0.72297,2.1971,3.97,2.6508,2.5843,4.5168,2.0284,2.0975,3.4115,1.433,2.8359,3.5725,1.0652,2.2674,3.5771,2.5594,2.0428,4.5381,1.4692,1.7187,4.4227,1.567,2.5757,3.6073,2.0567,2.3541,4.1085,2.6464,2.342,4.9297,0.52531,2.5219,3.0487
1801.6,0.13171,125.96,15.913,0.12508,619.76,1.4678,1.8113,4.1203,1.2694,2.2441,4.2444,1.1699,1.9475,4.251,2.4516,2.6367,4.2858,0.86029,2.0199,4.2845,1.5165,2.5593,3.8971,3.199,2.8328,6.0571,1.1553,1.9499,4.2445,1.7394,1.6311,4.2216,1.3001,2.2279,4.2996,0.82711,2.0552,4.2055,2.9721,2.8319,4.5564,5.5395,2.7034,1.2749,1.3301,2.7135,3.7158,0.89897,2.1373,3.0006,2.5312,2.1267,4.5602,1.4604,1.6327,3.9281,0.6392,2.6227,3.8122,2.0363,1.7662,3.5096,1.103,2.3921,3.1907,0.16467,2.302,3.4161,1.7647,1.6791,3.4105,1.9134,2.7445,4.1799,1.7927,1.7227,3.4122,1.4401,1.6156,3.9544,0.38524,2.1702,3.1355,2.1056,2.4041,4.4749,1.4642,1.6984,3.2055,0.82876,1.9448,2.7523,3.1783,2.8382,6.0071,2.0432,1.7974,3.5126,1.0551,2.7218,2.9556,1.836,2.5912,4.0523,0.67149,1.933,2.8089,1.0592,2.417,3.1216,1.9254,1.9232,4.5389,1.7244,1.633,3.8958,0.51631,2.2,3.7595,1.1825,2.5452,3.7538,0.9223,2.122,3.1804,2.6535,2.3525,4.429,2.1559,2.2174,4.7789,1.5078,1.6756,3.9489,1.9022,1.9263,4.5185,1.5135,2.2126,3.2515,0.74492,2.1617,3.065,2.453,2.4275,4.4033,1.8964,2.5959,4.7602,1.8449,2.6052,4.7141,2.6403,2.3751,4.4476,1.2768,2.5414,3.8812,1.745,2.264,4.3652,1.8777,2.995,3.804,0.60365,2.4721,2.5663,1.5102,2.097,4.6472,2.0465,3.0155,3.9745,0.31823,2.4069,3.3322,1.6636,1.5806,4.0714,0.6768,2.0678,3.0324,2.2593,2.262,4.6736,0.75996,2.5593,3.1758,0.92339,2.136,3.1655,6.2409,2.8889,1.779,2.0462,2.0321,4.6737,2.6242,2.3858,4.44,2.5661,2.2821,5.0682,1.965,2.6777,4.2549,1.0805,1.769,4.0105,4.6548,2.8819,0.51951,0.83629,2.1296,2.9966,1.308,2.0918,4.3414,1.0268,2.1172,3.4547,2.1422,2.6872,4.3833,1.7312,1.5484,4.1313,1.2434,2.5368,3.1455,0.78162,2.4815,3.7301,2.0785,1.8707,3.6769,1.5488,2.4674,3.4402,1.6017,2.5716,3.6198,1.6183,1.6062,4.2457,1.9328,2.7026,4.3856,2.0012,2.7045,4.4728,3.4942,2.7582,6.2447,1.7331,1.5373,4.1268,1.7769,2.0027,3.4587,2.0584,2.9296,4.8712,1.235,2.5424,3.189,2.5964,2.4388,4.9308,1.0844,2.6179,4.0464,1.5543,2.4527,3.4543,1.1293,1.8452,4.0671,1.6806,1.5546,4.059,1.7484,1.9996,3.4134,0.26255,2.9222,3.3213,2.9306,2.3018,4.6702,1.3045,1.9485,4.2215,1.3232,2.643,3.4698,1.4174,2.4634,3.3451,1.8767,1.9223,3.657,1.9402,2.4604,4.033,1.0411,2.2981,3.1551,2.5476,1.9973,5.1487,1.2626,2.6448,3.3958,1.3698,2.4906,3.2923,0.40116,2.9218,3.4472,0.63469,1.8526,2.7913,1.6487,1.9879,4.513,1.4588,1.7924,4.1467,5.3338,2.8672,1.6441,0.81431,2.0936,2.8225,1.0781,2.6506,4.0614,2.2304,2.5218,3.5971,2.5402,2.4079,4.8548,2.8852,2.6643,4.5867,2.1123,2.502,4.4632,2.3589,2.1483,4.2575,0.74989,2.0684,3.2707,0.48072,2.435,3.0447,0.58974,2.1418,3.7007,2.383,2.4317,4.4927,0.88478,2.4365,2.9884,1.2401,1.6161,4.277,1.6677,2.0318,3.4124,6.0529,2.6689,1.7947,3.408,2.9151,0.13621,0.84775,2.3988,3.0336,1.6715,1.6177,4.0629,1.5121,1.8953,3.1739,0.78112,2.4363,2.9297,2.1503,2.3277,4.8513,1.2128,2.5627,3.1619,1.0171,1.9537,3.5048,0.4446,1.9752,3.2916,1.7308,2.0147,3.396,2.3874,2.1363,4.2382,2.2069,2.143,5.0051,1.2615,1.6728,3.8401,0.69977,1.9766,2.79,2.2145,2.1598,5.0358,2.3742,2.2406,4.5588,1.5774,2.4214,3.9681,4.415,2.9028,0.33989,1.9572,2.4175,4.0195,0.81586,1.9462,4.1188,1.3079,2.6256,4.2845,3.7429,2.8102,6.2103,1.5478,1.6536,3.3001,0.24031,2.2991,3.2936,5.0929,2.9083,1.0453,0.68817,2.7395,3.4012,1.3618,2.5305,3.0356,2.1573,2.0934,4.9232,1.4711,2.0405,4.4028,1.5278,1.631,3.3099,1.4124,2.9128,3.377,0.57408,2.4169,2.8897,0.88887,2.4423,3.0261,0.2439,2.6034,3.3389,1.6499,2.3185,4.1758,0.58761,2.4257,2.8516,1.016,2.2649,3.5932,1.3936,1.7693,4.2826,0.31785,2.3276,3.366,1.5264,1.6003,3.301,0.56374,2.417,2.8847,3.3047,2.8595,0.038044,1.9385,2.5637,4.0002,2.0379,2.1983,4.6488,2.4239,2.7671,5.0345,1.9119,1.9053,3.8491,1.2905,1.7392,3.7142,2.1912,2.1193,4.9831,1.3646,2.6102,3.9212,1.0865,3.0577,2.9144,4.7678,2.9266,0.47124,1.366,2.7061,4.4225,1.9205,1.9104,3.875,1.3273,2.6461,2.961,0.60534,2.7402,3.2362,1.0157,2.895,4.1991,0.74664,2.5309,2.7237,0.67849,2.0101,2.9181,0.53049,2.4138,3.3728,1.5596,2.1731,4.3021,1.4691,2.7153,4.5003,0.54604,1.9919,2.9902,2.0003,1.8405,3.7979,1.1874,1.7795,3.6942,2.2574,2.6672,4.7071,1.3555,1.6294,4.1168,1.3488,2.1509,3.1478,0.60158,2.0097,3.0126,0.52574,2.4271,2.6585,1.6557,2.3481,4.1864,2.2821,2.6585,4.7672,0.56862,2.0164,2.9695,1.5767,1.6848,3.3452,0.38386,3.0552,2.2607,0.67006,2.544,2.6651,3.0588,2.7451,6.0654,0.13576,2.8826,2.8221,4.697,2.9227,0.39983,2.272,2.3479,3.6063,1.2372,3.0311,4.0621,1.3104,2.3802,3.4531,1.016,3.0545,3.8442,2.3216,2.2295,3.736,1.1818,1.7564,3.692,2.4389,2.3615,4.5916,2.511,2.6899,4.0643,1.3312,2.6724,4.3715,1.9052,1.8578,3.8342,1.2098,2.6982,3.7282,2.324,2.4393,4.8972,1.6179,2.569,3.4522,2.1634,2.2329,4.1279,0.76573,1.9272,3.3291,2.2464,2.4138,3.6582,2.2622,2.3923,3.6292,2.2374,1.9742,4.9862,2.603,2.275,4.7856,2.3306,2.2428,3.757,1.36,1.5909,3.8764,2.2738,2.6744,4.7459,1.9061,1.8792,3.8434,0.77479,2.1146,4.0701,1.5962,1.761,4.2478,2.2966,2.6702,4.7865,1.4461,2.3893,3.2615,6.025,2.9085,2.3307,1.846,1.785,3.525,1.8794,2.9316,4.1708,2.0998,1.9611,4.8555,1.1983,2.5882,4.3774,1.9569,2.1447,4.8768,1.6091,1.7068,3.9612,1.6055,2.0362,3.3242,1.0859,2.6942,3.6255,0.98732,2.7877,3.8558,1.4551,2.4737,3.8856,1.1631,2.7173,3.6634,1.8158,1.6747,4.0732,0.93905,2.4569,2.8272,1.9622,2.1235,4.4448,0.27782,2.7529,3.0356,1.0507,1.9353,4.2726,0.98719,2.3021,3.0959,1.6837,2.4058,4.6002,0.9583,2.0397,2.8675,0.7261,1.9672,2.7407,1.5978,1.6932,3.9658,0.95802,2.4445,2.8625,1.3463,1.5771,3.8458,2.7303,2.5728,4.6052,1.0792,2.1883,3.5878,1.1736,2.7302,3.6937,1.9775,1.981,4.5018,1.0381,1.9459,4.2595,1.87,1.6853,3.4693,1.6628,2.5371,3.9977,2.1345,2.5374,4.8791,2.1029,2.4024,3.6503,1.2855,3.033,3.4994,1.4564,1.4912,4.2005,0.63939,2.9862,3.6511,1.6101,1.671,4.2089,0.73146,1.9871,2.7342,0.72555,2.1978,3.9719,2.6483,2.5828,4.5165,2.0321,2.0952,3.4108,1.4375,2.8293,3.577,1.0627,2.2746,3.5712,2.5625,2.0469,4.5451,1.4674,1.7173,4.4233,1.5651,2.5745,3.611,2.0568,2.3592,4.1119,2.643,2.3402,4.9254,0.53138,2.5219,3.0551
1801.6,0.13171,125.96,15.913,0.13401,637.21,1.4644,1.8082,4.1178,1.2706,2.2449,4.2473,1.1656,1.9445,4.2507,2.4491,2.6352,4.2861,0.86005,2.0181,4.2878,1.5165,2.5633,3.8974,3.212,2.8314,6.073,1.1507,1.9467,4.2453,1.7391,1.6251,4.2193,1.301,2.2278,4.3051,0.82533,2.0547,4.2054,2.9765,2.8315,4.5592,5.5293,2.697,1.2636,1.3334,2.7062,3.7188,0.89484,2.1365,2.9985,2.5355,2.1319,4.5692,1.4589,1.6307,3.9294,0.63703,2.6262,3.8061,2.0389,1.7662,3.5123,1.1007,2.39,3.1944,0.15694,2.3032,3.405,1.7632,1.6787,3.4122,1.9031,2.7388,4.1673,1.7934,1.7249,3.4135,1.4386,1.6121,3.9564,0.38544,2.1718,3.1324,2.1087,2.4054,4.4786,1.4631,1.6999,3.2058,0.82867,1.9475,2.7526,3.1912,2.8376,6.0212,2.0467,1.7987,3.5155,1.0596,2.7221,2.9621,1.8375,2.5918,4.0561,0.67399,1.9365,2.8101,1.0579,2.4149,3.1256,1.9275,1.9233,4.5424,1.7271,1.6301,3.8969,0.51724,2.1994,3.7612,1.1839,2.5507,3.755,0.91733,2.125,3.1753,2.661,2.3553,4.4379,2.162,2.2209,4.7855,1.5101,1.6767,3.9513,1.9037,1.9271,4.5208,1.5151,2.2141,3.2502,0.7385,2.1673,3.0557,2.4558,2.431,4.4097,1.893,2.5963,4.7495,1.8398,2.6055,4.7033,2.6489,2.38,4.4609,1.2763,2.5446,3.8773,1.7504,2.2669,4.3705,1.8709,2.9903,3.7963,0.61027,2.4728,2.5722,1.5062,2.1005,4.6472,2.046,3.0115,3.9726,0.31425,2.4081,3.327,1.6639,1.5787,4.0705,0.67442,2.0701,3.0282,2.2598,2.263,4.6743,0.7657,2.5554,3.1859,0.91828,2.1396,3.1591,6.2312,2.8882,1.7678,2.0516,2.0361,4.681,2.6317,2.3913,4.4524,2.5606,2.2782,5.0602,1.9572,2.6665,4.2467,1.0804,1.7639,4.0146,4.6558,2.8733,0.51913,0.83311,2.13,2.9935,1.3087,2.0914,4.3464,1.0243,2.12,3.4515,2.1336,2.6826,4.3733,1.7336,1.5452,4.1297,1.2492,2.5357,3.1491,0.7836,2.485,3.7269,2.0803,1.8671,3.673,1.5453,2.4698,3.4387,1.5999,2.5739,3.6235,1.6156,1.6035,4.2451,1.9236,2.6943,4.3744,1.9961,2.6968,4.4675,3.5045,2.7557,6.2536,1.7355,1.5338,4.1246,1.783,2.0026,3.4602,2.056,2.9296,4.8696,1.2399,2.5419,3.1952,2.594,2.4384,4.927,1.087,2.6187,4.0433,1.5515,2.4541,3.4541,1.1251,1.8464,4.0658,1.6824,1.5511,4.0573,1.7523,1.9989,3.4117,0.2629,2.9202,3.3223,2.9343,2.301,4.676,1.3034,1.9486,4.2228,1.3267,2.6412,3.4779,1.4146,2.4642,3.346,1.8797,1.9182,3.653,1.9403,2.4677,4.0373,1.0376,2.2991,3.1533,2.548,1.9946,5.1491,1.264,2.6432,3.4019,1.3637,2.4924,3.2896,0.40846,2.9195,3.4542,0.63158,1.8552,2.783,1.6434,1.9858,4.5176,1.4585,1.7885,4.1478,5.3193,2.8641,1.6289,0.81319,2.0924,2.8238,1.0806,2.6539,4.0596,2.2362,2.5201,3.5964,2.533,2.4043,4.8446,2.8933,2.661,4.5935,2.1104,2.5015,4.4601,2.3602,2.1529,4.2635,0.74659,2.0753,3.2622,0.49263,2.4322,3.0576,0.58899,2.1415,3.7,2.3827,2.4274,4.4978,0.89573,2.4337,2.9996,1.2382,1.6188,4.2756,1.6649,2.0329,3.4094,6.0372,2.6662,1.7778,3.4198,2.9129,0.14916,0.851,2.3949,3.0424,1.672,1.6159,4.0613,1.5136,1.8972,3.1735,0.78217,2.4348,2.9334,2.1497,2.3257,4.8446,1.2168,2.5629,3.1674,1.0181,1.9526,3.505,0.43724,1.9751,3.2958,1.7331,2.014,3.3921,2.3881,2.141,4.2425,2.2113,2.1413,5.006,1.2589,1.6681,3.8421,0.70083,1.9767,2.7922,2.219,2.1593,5.0386,2.3784,2.2442,4.5658,1.5779,2.4285,3.9681,4.4244,2.8959,0.3496,1.9578,2.424,4.0218,0.81413,1.946,4.1176,1.318,2.6292,4.2892,3.7576,2.807,0.07293,1.5497,1.6573,3.301,0.23521,2.2987,3.2858,5.0923,2.9016,1.0465,0.69452,2.736,3.408,1.3669,2.532,3.0379,2.1602,2.0899,4.9212,1.4699,2.0355,4.4063,1.528,1.6311,3.3115,1.4144,2.9117,3.3771,0.58305,2.4143,2.9024,0.88753,2.4411,3.0291,0.24428,2.6024,3.3373,1.6534,2.3236,4.1802,0.5966,2.4243,2.8607,1.0128,2.2722,3.5874,1.3937,1.7671,4.2812,0.31799,2.3289,3.3643,1.5263,1.599,3.3022,0.57124,2.4149,2.8957,3.3223,2.858,5.5554,1.9341,2.5619,3.9986,2.0428,2.1989,4.6527,2.4067,2.7658,5.0147,1.9133,1.9001,3.845,1.29,1.7341,3.716,2.1947,2.1166,4.9832,1.3625,2.6069,3.9156,1.0803,3.0565,2.9073,4.7723,2.922,0.4751,1.373,2.7069,4.4278,1.9221,1.9073,3.875,1.3325,2.6471,2.9677,0.61823,2.7375,3.2513,1.0229,2.8939,4.2056,0.75848,2.532,2.7334,0.6782,2.015,2.915,0.5302,2.4142,3.3703,1.5595,2.1716,4.3074,1.4825,2.7165,4.5104,0.54042,1.9942,2.9812,2.0017,1.837,3.797,1.1867,1.7744,3.6977,2.2479,2.6635,4.6931,1.3534,1.6347,4.1128,1.3457,2.15,3.1459,0.59909,2.0136,3.006,0.53009,2.4255,2.6648,1.6608,2.3562,4.191,2.2721,2.6541,4.7541,0.56381,2.0197,2.9603,1.5775,1.6833,3.3464,0.36976,3.056,2.2439,0.67473,2.5464,2.6687,3.0711,2.7439,6.0794,0.15375,2.883,2.8427,4.7009,2.9176,0.40356,2.2687,2.3434,3.5975,1.2466,3.0266,4.0739,1.3014,2.3871,3.446,1.0233,3.0527,3.8547,2.3188,2.2292,3.7316,1.1806,1.7494,3.6959,2.4393,2.3628,4.5931,2.5052,2.6927,4.0659,1.3356,2.6722,4.3729,1.9061,1.8505,3.8301,1.2138,2.6927,3.7316,2.3179,2.4366,4.8857,1.618,2.5663,3.4622,2.1634,2.2372,4.1309,0.7635,1.9299,3.3249,2.2399,2.4146,3.6519,2.2564,2.3911,3.6203,2.2414,1.9772,4.9905,2.5999,2.274,4.785,2.3281,2.2439,3.754,1.3585,1.5916,3.8787,2.2621,2.6704,4.7306,1.9074,1.874,3.8395,0.77498,2.1124,4.0776,1.5957,1.7566,4.247,2.2875,2.6667,4.7751,1.446,2.3899,3.2615,6.0312,2.9103,2.339,1.8464,1.7841,3.5279,1.8738,2.9248,4.1628,2.106,1.9618,4.8619,1.2039,2.589,4.3845,1.9624,2.1451,4.8783,1.6088,1.701,3.961,1.6061,2.0389,3.3206,1.0882,2.6902,3.6268,0.98982,2.7856,3.8557,1.4598,2.478,3.8892,1.1645,2.713,3.6627,1.8139,1.6673,4.0722,0.94071,2.4569,2.8307,1.9673,2.1285,4.4503,0.29221,2.7486,3.0493,1.0478,1.9336,4.273,0.98818,2.301,3.0996,1.688,2.4073,4.6017,0.95622,2.0374,2.8683,0.72524,1.966,2.7404,1.5968,1.687,3.9658,0.96029,2.4437,2.8684,1.3436,1.5755,3.8469,2.7295,2.5723,4.6059,1.0784,2.1931,3.5839,1.1766,2.7258,3.6959,1.9777,1.9812,4.5044,1.0354,1.9446,4.2598,1.8716,1.6872,3.4709,1.6626,2.54,3.9975,2.1357,2.5365,4.8757,2.0987,2.4045,3.6452,1.2962,3.0296,3.509,1.4572,1.4937,4.1982,0.63697,2.9855,3.6497,1.6097,1.6659,4.2077,0.73083,1.9863,2.7341,0.7281,2.1983,3.974,2.646,2.5815,4.5163,2.0356,2.0929,3.4101,1.4418,2.8227,3.5813,1.0599,2.2817,3.5651,2.5656,2.0511,4.5522,1.4654,1.7159,4.4241,1.5633,2.5733,3.6147,2.0571,2.3642,4.1155,2.6398,2.3385,4.9211,0.5373,2.5221,3.0612
1801.6,0.13171,125.96,15.913,0.14294,655.43,1.461,1.805,4.1155,1.2719,2.2457,4.2502,1.1611,1.9415,4.2504,2.4466,2.6339,4.2864,0.85974,2.0165,4.291,1.5165,2.5671,3.8977,3.2248,2.8301,6.0887,1.1462,1.9435,4.246,1.7388,1.6192,4.217,1.3019,2.2276,4.3105,0.82364,2.0542,4.2055,2.9809,2.8312,4.562,5.5193,2.6905,1.2527,1.336,2.6996,3.7213,0.89072,2.1357,2.9966,2.5402,2.1371,4.5782,1.4574,1.6289,3.9307,0.63458,2.6297,3.7997,2.0415,1.766,3.5149,1.0979,2.3882,3.1975,0.14909,2.3044,3.3937,1.7618,1.6782,3.414,1.8938,2.7334,4.156,1.7942,1.7269,3.4149,1.4371,1.6089,3.9582,0.38571,2.1733,3.1295,2.1117,2.4067,4.482,1.462,1.7014,3.2059,0.82853,1.95,2.7528,3.2043,2.8368,6.0357,2.0503,1.7998,3.5185,1.064,2.7223,2.9686,1.8392,2.5925,4.06,0.67643,1.9398,2.8116,1.0564,2.413,3.1293,1.9297,1.9234,4.5459,1.7298,1.6273,3.8981,0.51837,2.1989,3.763,1.1856,2.5556,3.7565,0.91256,2.1277,3.1705,2.6684,2.358,4.4467,2.1679,2.2239,4.7918,1.5126,1.6776,3.9536,1.9054,1.928,4.5231,1.5167,2.2156,3.2491,0.73225,2.1724,3.0468,2.4585,2.4343,4.416,1.8895,2.5967,4.7389,1.835,2.6059,4.6928,2.6576,2.3847,4.4743,1.2758,2.5475,3.8736,1.7558,2.2697,4.3757,1.8643,2.9857,3.789,0.61677,2.4733,2.5781,1.5022,2.104,4.647,2.0456,3.0075,3.971,0.31044,2.4091,3.322,1.6642,1.577,4.0697,0.67214,2.0722,3.0243,2.2602,2.2639,4.6748,0.77092,2.5515,3.1954,0.91349,2.1428,3.1532,6.2219,2.8874,1.7571,2.0573,2.0401,4.6883,2.6394,2.3963,4.4647,2.5558,2.2744,5.0527,1.9503,2.6559,4.2393,1.0804,1.7591,4.0186,4.6568,2.8649,0.51882,0.83001,2.1305,2.9907,1.3094,2.0912,4.3515,1.022,2.1227,3.4481,2.1254,2.6782,4.3638,1.7361,1.542,4.1282,1.2549,2.5346,3.1523,0.78554,2.4883,3.7239,2.0823,1.8636,3.6693,1.5421,2.4723,3.4374,1.5983,2.5761,3.6275,1.613,1.6011,4.2445,1.915,2.6862,4.3638,1.9912,2.6895,4.4624,3.5146,2.7532,6.2622,1.7381,1.5305,4.1224,1.7892,2.0025,3.4618,2.0537,2.9296,4.868,1.2444,2.5414,3.2011,2.5917,2.4381,4.9236,1.0895,2.6195,4.04,1.5488,2.4556,3.4541,1.1211,1.8473,4.0645,1.6843,1.5478,4.0559,1.7562,1.9981,3.4103,0.26327,2.9183,3.3231,2.9378,2.3,4.6815,1.3022,1.9487,4.2242,1.33,2.6394,3.4858,1.4119,2.4652,3.347,1.8827,1.9141,3.6492,1.9405,2.4746,4.0416,1.0341,2.2999,3.1517,2.5482,1.992,5.1494,1.2654,2.6416,3.4081,1.3577,2.4942,3.2869,0.41554,2.9172,3.4611,0.62862,1.8575,2.7751,1.638,1.9837,4.5215,1.4582,1.7846,4.1489,5.3049,2.8608,1.6138,0.81201,2.0913,2.8251,1.0828,2.6569,4.0576,2.2422,2.518,3.5963,2.5261,2.4008,4.8348,2.9017,2.6577,4.6005,2.1088,2.5011,4.4573,2.3617,2.1576,4.2699,0.743,2.082,3.2534,0.50441,2.4295,3.0704,0.58828,2.1414,3.6994,2.3825,2.4237,4.5027,0.90658,2.431,3.0107,1.2362,1.6216,4.274,1.6621,2.034,3.4064,6.022,2.6635,1.7614,3.4308,2.9105,0.16143,0.85341,2.3913,3.05,1.6726,1.6141,4.0599,1.5151,1.8992,3.1733,0.78298,2.4334,2.9368,2.1493,2.3239,4.8382,1.2206,2.5632,3.1728,1.0189,1.9515,3.5051,0.4299,1.975,3.3,1.7354,2.013,3.3883,2.389,2.146,4.247,2.2155,2.1396,5.0067,1.2564,1.6637,3.8439,0.70185,1.9768,2.7941,2.2236,2.1588,5.0412,2.3822,2.2477,4.5725,1.5784,2.4353,3.9682,4.4334,2.8892,0.35931,1.9584,2.4306,4.0243,0.81248,1.9458,4.1166,1.3279,2.6327,4.2935,3.7719,2.8039,0.053859,1.5516,1.661,3.3022,0.23042,2.2984,3.2783,5.0919,2.895,1.0482,0.70029,2.7327,3.4141,1.3717,2.5334,3.0398,2.1632,2.0867,4.9197,1.4683,2.0303,4.4098,1.5281,1.631,3.3131,1.4162,2.9109,3.377,0.59181,2.4118,2.9148,0.8862,2.4398,3.0321,0.24456,2.6014,3.3355,1.657,2.3287,4.1846,0.60538,2.4232,2.8697,1.0094,2.2796,3.5814,1.3937,1.7648,4.2799,0.31814,2.33,3.3627,1.5262,1.5976,3.3034,0.57854,2.413,2.9064,3.3389,2.8565,4.191,1.9296,2.5603,3.997,2.0475,2.1994,4.6564,2.3896,2.7641,4.9947,1.9146,1.8946,3.8409,1.2895,1.7291,3.7176,2.198,2.1137,4.9833,1.3604,2.6039,3.9102,1.0738,3.0553,2.8999,4.7767,2.9173,0.47894,1.3799,2.7076,4.4327,1.9238,1.9042,3.8749,1.3378,2.6482,2.9745,0.63029,2.735,3.2655,1.0298,2.8927,4.2119,0.7701,2.533,2.7429,0.67808,2.0198,2.9123,0.53008,2.4146,3.3678,1.5593,2.1701,4.3125,1.4954,2.7174,4.5199,0.53496,1.9965,2.9723,2.003,1.8337,3.7962,1.186,1.7694,3.7013,2.2393,2.6602,4.6805,1.3513,1.6396,4.1087,1.3425,2.149,3.1442,0.59656,2.0172,2.9994,0.53444,2.4238,2.6712,1.6659,2.3642,4.1954,2.2625,2.6497,4.7417,0.55925,2.0227,2.9515,1.5782,1.6819,3.3479,0.35523,3.0567,2.2268,0.67907,2.549,2.6719,3.0837,2.7426,6.0936,0.17171,2.8832,2.8634,4.7049,2.9128,0.40766,2.2657,2.3391,3.5892,1.2544,3.0222,4.0841,1.293,2.3932,3.4394,1.0297,3.0507,3.8643,2.316,2.2291,3.727,1.1793,1.7422,3.7,2.4397,2.3641,4.5942,2.4994,2.6953,4.0675,1.3398,2.6718,4.3742,1.9069,1.8433,3.8264,1.2175,2.6875,3.7346,2.3126,2.434,4.875,1.6177,2.5639,3.4716,2.1636,2.2415,4.134,0.76117,1.9326,3.3207,2.2336,2.4153,3.6456,2.2508,2.3897,3.6114,2.2453,1.9799,4.9942,2.597,2.2728,4.7844,2.3255,2.245,3.7511,1.3571,1.5925,3.8806,2.2507,2.6664,4.7158,1.9085,1.8687,3.8356,0.77525,2.1102,4.0848,1.5951,1.7522,4.2462,2.2787,2.6632,4.7639,1.446,2.3904,3.2617,6.0377,2.912,2.3472,1.847,1.7833,3.5309,1.8684,2.918,4.1551,2.112,1.9624,4.868,1.2092,2.5898,4.3913,1.9677,2.1457,4.8799,1.6085,1.6955,3.9608,1.6068,2.0417,3.3171,1.0903,2.6865,3.6279,0.9921,2.7837,3.8554,1.4643,2.482,3.8928,1.1658,2.7091,3.6619,1.8121,1.6603,4.0712,0.9423,2.4571,2.834,1.9726,2.1335,4.4559,0.30637,2.7443,3.0628,1.0448,1.9319,4.2733,0.98896,2.2999,3.103,1.6923,2.4088,4.6031,0.95409,2.0351,2.8688,0.72438,1.9648,2.7402,1.5958,1.6812,3.9657,0.96239,2.4431,2.8742,1.3409,1.5738,3.848,2.7289,2.5719,4.6066,1.0774,2.1982,3.58,1.1794,2.7218,3.698,1.9777,1.9814,4.5071,1.0326,1.9434,4.2601,1.8732,1.6888,3.4724,1.6626,2.5429,3.9972,2.1369,2.5355,4.8724,2.0945,2.4067,3.6401,1.307,3.0262,3.5187,1.458,1.4964,4.1959,0.63424,2.9849,3.6481,1.6096,1.6611,4.2064,0.73021,1.9855,2.734,0.73062,2.199,3.9759,2.6437,2.5802,4.5162,2.0394,2.0908,3.4097,1.4461,2.8164,3.586,1.057,2.2889,3.5589,2.5689,2.0552,4.5594,1.4636,1.7148,4.4249,1.5615,2.5722,3.6185,2.0574,2.3691,4.1191,2.6368,2.3369,4.9173,0.54308,2.5221,3.0673
1801.6,0.13171,125.96,15.913,0.15188,673.25,1.4578,1.8016,4.1133,1.2734,2.2463,4.2534,1.1568,1.9385,4.2498,2.4443,2.6325,4.2868,0.85939,2.015,4.2941,1.5166,2.5708,3.898,3.2373,2.8285,6.1042,1.1418,1.9403,4.2467,1.7385,1.6135,4.2148,1.3027,2.2274,4.3159,0.82201,2.0537,4.2056,2.9851,2.8308,4.5648,5.5095,2.6839,1.2421,1.3383,2.6937,3.7233,0.88662,2.1349,2.9946,2.5447,2.1421,4.5872,1.4557,1.6272,3.932,0.63191,2.6332,3.793,2.0442,1.7658,3.5177,1.0946,2.3866,3.1999,0.14122,2.3056,3.3822,1.7603,1.6777,3.4158,1.8854,2.7284,4.1455,1.795,1.7289,3.4162,1.4356,1.6056,3.9598,0.38605,2.1747,3.1266,2.1145,2.4078,4.4852,1.4608,1.703,3.206,0.82828,1.9522,2.753,3.2175,2.8359,6.0501,2.054,1.801,3.5217,1.0687,2.7226,2.9751,1.8409,2.5931,4.0639,0.67879,1.9431,2.813,1.0548,2.411,3.1329,1.9319,1.9235,4.5493,1.7325,1.6245,3.8993,0.51965,2.1983,3.7651,1.1875,2.5604,3.7585,0.90791,2.1303,3.1657,2.6756,2.3606,4.4552,2.1738,2.2271,4.7981,1.5149,1.6786,3.9558,1.9072,1.9288,4.5253,1.5183,2.217,3.2479,0.7261,2.1775,3.0381,2.4609,2.4376,4.4221,1.8859,2.5973,4.728,1.8303,2.6063,4.6823,2.6663,2.3891,4.4878,1.2752,2.5504,3.8699,1.7614,2.2726,4.3809,1.8581,2.981,3.782,0.62316,2.4739,2.5838,1.498,2.1075,4.6465,2.0452,3.0035,3.9693,0.30673,2.4099,3.3173,1.6646,1.5753,4.0688,0.6699,2.0742,3.0205,2.2607,2.2647,4.6753,0.77579,2.5476,3.2047,0.90893,2.146,3.1476,6.2134,2.8866,1.7472,2.0631,2.044,4.6957,2.6469,2.4011,4.4769,2.5511,2.2707,5.0455,1.944,2.6456,4.2327,1.0803,1.7541,4.0225,4.6579,2.8565,0.51875,0.82701,2.131,2.9879,1.3102,2.0909,4.3564,1.0195,2.1256,3.4447,2.1176,2.6737,4.3547,1.7385,1.5386,4.1266,1.2605,2.5335,3.1553,0.78746,2.4916,3.7208,2.0842,1.8601,3.6657,1.5387,2.4747,3.4362,1.5969,2.5781,3.6316,1.6103,1.5991,4.2439,1.907,2.6783,4.3537,1.9867,2.6824,4.4575,3.5247,2.7506,0.03897,1.7405,1.5272,4.1203,1.7954,2.0024,3.4637,2.0511,2.9296,4.8661,1.2487,2.541,3.2066,2.5895,2.4378,4.9201,1.0917,2.6201,4.0365,1.5461,2.4571,3.4542,1.1171,1.848,4.0634,1.6862,1.5447,4.0543,1.7602,1.9972,3.4089,0.2639,2.9164,3.3241,2.9412,2.2989,4.6866,1.301,1.9487,4.2256,1.3332,2.6377,3.4934,1.4091,2.4661,3.3481,1.8858,1.9101,3.6456,1.9409,2.4811,4.0461,1.0306,2.3007,3.1501,2.5483,1.9893,5.1497,1.267,2.64,3.4141,1.3518,2.4959,3.2844,0.42237,2.915,3.4677,0.62581,1.8596,2.7677,1.6325,1.9817,4.5248,1.4578,1.7808,4.15,5.2909,2.8576,1.599,0.81083,2.0903,2.8263,1.0848,2.66,4.0556,2.2478,2.5159,3.5959,2.5195,2.3973,4.8251,2.9101,2.6543,4.6075,2.1074,2.5008,4.4548,2.3632,2.1624,4.2761,0.73927,2.0887,3.2447,0.51603,2.427,3.083,0.58767,2.1412,3.6989,2.3829,2.4205,4.5079,0.91738,2.4281,3.0218,1.2342,1.6247,4.2722,1.6592,2.035,3.4032,6.0071,2.6606,1.7454,3.4413,2.9083,0.17295,0.85517,2.388,3.0568,1.6731,1.6124,4.0584,1.5166,1.9012,3.173,0.78356,2.4321,2.9399,2.1491,2.322,4.8323,1.2243,2.5635,3.1781,1.0196,1.9504,3.5053,0.42258,1.975,3.3038,1.7376,2.0118,3.3845,2.3901,2.1509,4.2516,2.2197,2.1377,5.0073,1.2539,1.6595,3.8455,0.70278,1.977,2.796,2.228,2.1582,5.0436,2.3861,2.2511,4.5792,1.5788,2.4419,3.9681,4.4422,2.8826,0.36896,1.9591,2.4372,4.0269,0.8109,1.9456,4.1155,1.3376,2.6361,4.2976,3.786,2.8007,0.068577,1.5537,1.6649,3.3033,0.2259,2.2981,3.2711,5.0918,2.8884,1.0502,0.70561,2.7293,3.4196,1.3763,2.5348,3.0415,2.1664,2.0835,4.9184,1.4668,2.0252,4.4132,1.5282,1.6308,3.3147,1.4178,2.9101,3.3766,0.60024,2.4095,2.9269,0.88489,2.4385,3.0351,0.24472,2.6004,3.3335,1.6607,2.3339,4.1892,0.61397,2.4219,2.8785,1.0059,2.2868,3.5753,1.3938,1.7626,4.2784,0.31832,2.3311,3.361,1.5261,1.5963,3.3046,0.58562,2.4111,2.9169,3.3549,2.8549,6.1912,1.9252,2.5586,3.9954,2.0523,2.1998,4.6601,2.3727,2.7624,4.9749,1.9159,1.8892,3.837,1.2891,1.7242,3.7194,2.2013,2.1109,4.9834,1.3583,2.6008,3.9048,1.0671,3.0541,2.8925,4.7809,2.9125,0.4828,1.3863,2.7081,4.437,1.9255,1.9012,3.875,1.3429,2.6492,2.9813,0.64173,2.7326,3.279,1.0367,2.8914,4.218,0.78144,2.534,2.7522,0.67806,2.0244,2.9098,0.53,2.4151,3.3656,1.5593,2.1685,4.3177,1.508,2.7182,4.529,0.52961,1.9987,2.9636,2.0044,1.8305,3.7955,1.1853,1.7644,3.7048,2.2316,2.6568,4.6688,1.3491,1.6444,4.1048,1.3394,2.1481,3.1424,0.594,2.0208,2.993,0.53878,2.4222,2.6775,1.6711,2.3722,4.1999,2.2534,2.6455,4.7295,0.55483,2.0254,2.9431,1.5789,1.6805,3.3493,0.34025,3.0573,2.2092,0.68308,2.5516,2.6749,3.0963,2.7412,6.1077,0.18958,2.8834,2.8839,4.709,2.9079,0.41207,2.2631,2.3348,3.5811,1.2614,3.0176,4.0934,1.2847,2.3989,3.4332,1.0354,3.0487,3.8732,2.3133,2.2289,3.7225,1.178,1.735,3.704,2.4399,2.3653,4.5954,2.4937,2.6975,4.069,1.3439,2.6715,4.3751,1.9077,1.8362,3.8228,1.2211,2.6826,3.7376,2.3078,2.4317,4.8649,1.6172,2.5618,3.4805,2.1638,2.2459,4.1374,0.75878,1.9354,3.3162,2.2274,2.4161,3.6394,2.2452,2.3883,3.6026,2.249,1.9822,4.9977,2.594,2.2718,4.7839,2.323,2.2461,3.7481,1.3556,1.5934,3.8823,2.2396,2.6623,4.7012,1.9098,1.8636,3.8319,0.77555,2.108,4.092,1.5944,1.748,4.2454,2.2702,2.6597,4.7531,1.446,2.3909,3.2618,6.0442,2.9137,2.3556,1.8476,1.7825,3.5337,1.8634,2.9111,4.1479,2.1182,1.963,4.874,1.2141,2.5904,4.398,1.9731,2.1463,4.8815,1.6083,1.6901,3.9606,1.6076,2.0446,3.3137,1.0922,2.683,3.6286,0.99419,2.7819,3.8548,1.4689,2.4857,3.8965,1.1669,2.7053,3.6609,1.8103,1.6536,4.0702,0.94382,2.4572,2.8374,1.978,2.1385,4.4616,0.32026,2.7398,3.0761,1.0417,1.9302,4.2735,0.98963,2.2988,3.1063,1.6966,2.4103,4.6045,0.95197,2.033,2.8693,0.72352,1.9638,2.7398,1.5949,1.6756,3.9656,0.96438,2.4424,2.8799,1.3382,1.5721,3.8492,2.7283,2.5714,4.6074,1.0763,2.2032,3.5759,1.1822,2.7178,3.7,1.9779,1.9818,4.5099,1.03,1.9423,4.2605,1.8749,1.6906,3.4741,1.6624,2.5456,3.997,2.1382,2.5347,4.869,2.0902,2.4089,3.635,1.3179,3.0227,3.5285,1.4588,1.4989,4.1937,0.63122,2.9843,3.6462,1.6095,1.6563,4.2051,0.72962,1.9848,2.7338,0.73311,2.1997,3.9778,2.6415,2.5789,4.5163,2.0432,2.0886,3.4093,1.4506,2.8103,3.5908,1.0538,2.2961,3.5526,2.5724,2.0594,4.5668,1.4617,1.7136,4.4257,1.5599,2.5713,3.6224,2.0578,2.374,4.1228,2.634,2.3353,4.9136,0.54874,2.5224,3.0731
1801.6,0.13171,125.96,15.913,0.16081,690.54,1.4546,1.7983,4.1112,1.275,2.247,4.2566,1.1525,1.9358,4.2491,2.4418,2.6311,4.2873,0.85901,2.0138,4.2971,1.5166,2.5743,3.8983,3.2496,2.8268,6.1192,1.1374,1.9374,4.2473,1.7384,1.6078,4.2124,1.3035,2.2272,4.3213,0.82047,2.0533,4.2058,2.9892,2.8303,4.5674,5.5003,2.6772,1.2321,1.3403,2.6882,3.725,0.88254,2.1341,2.9924,2.5493,2.147,4.5961,1.454,1.6256,3.9331,0.62916,2.6366,3.7862,2.0468,1.7656,3.5203,1.0911,2.3851,3.202,0.13334,2.3067,3.3708,1.7589,1.6771,3.4175,1.8778,2.7237,4.1361,1.7958,1.7308,3.4175,1.4342,1.6026,3.9614,0.38642,2.176,3.1239,2.117,2.4087,4.4882,1.4595,1.7044,3.2061,0.82791,1.9543,2.7532,3.2307,2.8351,6.0645,2.0578,1.802,3.5249,1.0733,2.723,2.9816,1.8426,2.5938,4.0679,0.68104,1.9461,2.8142,1.0531,2.409,3.1364,1.9342,1.9235,4.5528,1.735,1.622,3.9004,0.52104,2.1976,3.7673,1.1896,2.5648,3.7606,0.90338,2.133,3.1611,2.6827,2.3633,4.4637,2.1798,2.23,4.8044,1.5174,1.6795,3.9579,1.9091,1.9296,4.5277,1.5198,2.2184,3.2468,0.72,2.1825,3.0295,2.4636,2.4408,4.4282,1.8822,2.5979,4.7169,1.8258,2.6066,4.6721,2.6753,2.3935,4.5014,1.2746,2.5532,3.8662,1.7672,2.2755,4.3861,1.8523,2.9766,3.7754,0.62937,2.4745,2.5894,1.4936,2.111,4.6459,2.0448,2.9993,3.9678,0.3031,2.4106,3.3128,1.665,1.5737,4.0679,0.6677,2.076,3.0167,2.261,2.2655,4.6755,0.78045,2.5436,3.2138,0.90461,2.1489,3.1422,6.2054,2.8858,1.7379,2.0691,2.0479,4.7031,2.6545,2.4056,4.4889,2.5467,2.2669,5.0386,1.9383,2.6357,4.2267,1.0803,1.7492,4.0265,4.6589,2.8483,0.51876,0.82412,2.1314,2.9853,1.3111,2.0907,4.3612,1.017,2.1283,3.4414,2.1099,2.6694,4.3458,1.7409,1.5352,4.1249,1.2658,2.5326,3.158,0.78941,2.4948,3.7179,2.0862,1.8566,3.6622,1.5355,2.4773,3.4351,1.5957,2.5802,3.636,1.6078,1.5973,4.2431,1.8993,2.6705,4.3441,1.9826,2.6753,4.453,3.5349,2.748,4.3815,1.7431,1.524,4.118,1.8017,2.0021,3.4656,2.0484,2.9296,4.8639,1.2529,2.5407,3.2118,2.5874,2.4374,4.9166,1.0938,2.6207,4.0331,1.5436,2.4586,3.4543,1.1132,1.8487,4.0624,1.6882,1.5417,4.0528,1.7642,1.9962,3.4077,0.26481,2.9144,3.3253,2.9444,2.2978,4.6915,1.2999,1.9486,4.2269,1.3364,2.6361,3.501,1.4066,2.4671,3.3492,1.8889,1.9061,3.6421,1.9415,2.4873,4.0507,1.0273,2.3014,3.1486,2.5484,1.9869,5.1497,1.2685,2.6385,3.42,1.3459,2.4976,3.2817,0.42897,2.9127,3.4739,0.62313,1.8615,2.7605,1.6268,1.9796,4.5276,1.4575,1.777,4.1511,5.2773,2.8544,1.5847,0.80965,2.0893,2.8274,1.0867,2.6627,4.0535,2.2537,2.5136,3.5957,2.5133,2.3939,4.8158,2.9185,2.651,4.6144,2.1061,2.5007,4.4524,2.3647,2.1671,4.2822,0.73534,2.0953,3.2357,0.52752,2.4244,3.0956,0.58718,2.1409,3.6983,2.3832,2.4176,4.5131,0.92826,2.4252,3.0331,1.232,1.6277,4.2702,1.6565,2.0357,3.4001,5.9926,2.6577,1.7298,3.4509,2.9059,0.18377,0.85651,2.3848,3.063,1.6737,1.6107,4.057,1.5181,1.903,3.1728,0.78402,2.4309,2.9428,2.149,2.3202,4.8265,1.2279,2.564,3.1831,1.0205,1.9491,3.5055,0.41522,1.9753,3.3074,1.7398,2.0107,3.3808,2.3912,2.1559,4.2563,2.2239,2.1359,5.008,1.2512,1.6554,3.8468,0.70363,1.9771,2.7978,2.2323,2.1574,5.0459,2.3899,2.2544,4.5858,1.5792,2.4483,3.9681,4.4507,2.8761,0.37839,1.96,2.4439,4.0295,0.80934,1.9456,4.1144,1.3471,2.6395,4.3017,3.7998,2.7975,0.08344,1.5558,1.669,3.3044,0.22153,2.2978,3.2638,5.0918,2.8819,1.0524,0.71055,2.7261,3.4246,1.3805,2.5363,3.0429,2.1697,2.0804,4.9172,1.4652,2.0202,4.4166,1.5283,1.6307,3.3162,1.4195,2.9094,3.3763,0.60847,2.407,2.9386,0.88356,2.4373,3.038,0.2447,2.5995,3.3313,1.6645,2.3392,4.1936,0.6223,2.4208,2.8871,1.0022,2.2942,3.5691,1.3938,1.7605,4.2769,0.31848,2.332,3.3595,1.5261,1.5951,3.3057,0.59242,2.4092,2.9269,3.3705,2.8532,0.14448,1.9209,2.5571,3.9939,2.057,2.2003,4.6638,2.3562,2.7606,4.9552,1.9171,1.8836,3.833,1.2886,1.7195,3.7211,2.2046,2.1081,4.9836,1.3562,2.5978,3.8995,1.06,3.0532,2.8845,4.7851,2.9078,0.48666,1.3926,2.7087,4.4412,1.9273,1.8982,3.875,1.3481,2.6503,2.988,0.65254,2.7301,3.2917,1.0435,2.8901,4.2241,0.79237,2.5351,2.7612,0.67811,2.0288,2.9074,0.53,2.4156,3.3634,1.5593,2.1668,4.3229,1.5202,2.7189,4.5377,0.52434,2.0009,2.9548,2.0057,1.8273,3.7948,1.1846,1.7594,3.7084,2.2247,2.6538,4.658,1.347,1.6491,4.1009,1.3363,2.1471,3.1406,0.59144,2.0242,2.9866,0.5431,2.4205,2.6838,1.6764,2.3801,4.2041,2.2447,2.6412,4.7177,0.55054,2.028,2.9351,1.5796,1.6793,3.3507,0.32462,3.058,2.191,0.68679,2.5543,2.6773,3.1092,2.7396,6.1221,0.20721,2.8835,2.9041,4.7132,2.9034,0.41664,2.2605,2.3304,3.5735,1.2673,3.0132,4.1014,1.2766,2.4043,3.4272,1.0398,3.0469,3.8805,2.3106,2.2288,3.7182,1.1766,1.7277,3.7081,2.4401,2.3663,4.5963,2.488,2.6997,4.0704,1.3479,2.6713,4.3761,1.9086,1.8291,3.8193,1.2246,2.6777,3.7405,2.3034,2.4294,4.8554,1.6164,2.5599,3.4891,2.1641,2.2503,4.1409,0.75636,1.9382,3.3118,2.2213,2.4169,3.6331,2.2396,2.3869,3.5938,2.2526,1.9845,5.0009,2.5911,2.2709,4.7833,2.3204,2.2473,3.7452,1.3542,1.5943,3.8838,2.2287,2.6581,4.6869,1.911,1.8584,3.8282,0.77585,2.1057,4.0991,1.5937,1.7438,4.2446,2.2619,2.6562,4.7425,1.446,2.3916,3.2621,6.0506,2.9154,2.3637,1.8485,1.7817,3.5365,1.8587,2.9043,4.141,2.1243,1.9636,4.8799,1.2188,2.5911,4.4045,1.9784,2.147,4.8832,1.608,1.6848,3.9603,1.6084,2.0474,3.3106,1.0939,2.6795,3.6294,0.99616,2.7801,3.8541,1.4733,2.4893,3.9004,1.168,2.7016,3.6598,1.8084,1.6471,4.0694,0.94527,2.4575,2.8405,1.9836,2.1434,4.4674,0.33377,2.7353,3.0889,1.0388,1.9285,4.2737,0.99026,2.2979,3.1095,1.7007,2.4117,4.6059,0.94989,2.0308,2.8697,0.72268,1.9629,2.7394,1.594,1.6702,3.9655,0.96624,2.4418,2.8854,1.3356,1.5702,3.8503,2.7276,2.5709,4.6082,1.0752,2.2082,3.5718,1.1851,2.7138,3.7022,1.9781,1.9821,4.5126,1.0273,1.9411,4.261,1.8766,1.6921,3.4757,1.6623,2.5481,3.9966,2.1395,2.534,4.8658,2.0861,2.411,3.6299,1.3287,3.0192,3.5382,1.4596,1.5016,4.1916,0.62794,2.9835,3.6439,1.6096,1.6518,4.2039,0.72903,1.984,2.7338,0.73556,2.2006,3.9797,2.6393,2.5778,4.5165,2.0468,2.0864,3.409,1.4547,2.8043,3.5956,1.0507,2.3033,3.5463,2.5758,2.0636,4.5744,1.4599,1.7127,4.4266,1.5584,2.5703,3.6264,2.0583,2.3789,4.1264,2.6313,2.3338,4.9101,0.55424,2.5227,3.0788
1801.6,0.13171,125.96,15.913,0.16975,708.27,1.4514,1.7948,4.1091,1.2767,2.2476,4.2598,1.1484,1.933,4.2483,2.4395,2.6298,4.2877,0.85858,2.0124,4.2998,1.5168,2.5777,3.8986,3.2615,2.8251,6.134,1.1332,1.9344,4.2479,1.7381,1.6024,4.2101,1.3041,2.2269,4.3266,0.81902,2.0529,4.2061,2.9931,2.8299,4.5698,5.4914,2.6706,1.2226,1.3419,2.6835,3.7262,0.87851,2.1332,2.9905,2.5539,2.1517,4.605,1.4521,1.6242,3.9344,0.62619,2.64,3.7791,2.0496,1.7653,3.523,1.0873,2.3838,3.2034,0.1254,2.3077,3.3593,1.7575,1.6764,3.4193,1.8708,2.7193,4.1278,1.7965,1.7326,3.4188,1.4328,1.5997,3.9627,0.38685,2.1773,3.1213,2.1195,2.4096,4.4909,1.4584,1.7059,3.2061,0.82745,1.9561,2.7534,3.2441,2.8341,6.0793,2.0617,1.803,3.5281,1.0778,2.7234,2.988,1.8445,2.5946,4.0719,0.6832,1.9491,2.8156,1.0512,2.4072,3.1397,1.9366,1.9234,4.5563,1.7377,1.6197,3.9018,0.52261,2.1969,3.7697,1.1919,2.5689,3.7631,0.89905,2.1354,3.1568,2.6896,2.3656,4.4717,2.1857,2.233,4.8106,1.5197,1.6804,3.9599,1.9111,1.9303,4.5299,1.5214,2.2196,3.2456,0.71423,2.1872,3.0216,2.466,2.4439,4.4342,1.8785,2.5985,4.7058,1.8214,2.607,4.662,2.6842,2.3976,4.515,1.2741,2.5558,3.8626,1.7729,2.2785,4.3913,1.8468,2.9723,3.7694,0.63535,2.4752,2.5948,1.4891,2.1145,4.645,2.0446,2.9952,3.9664,0.29962,2.4111,3.3084,1.6655,1.572,4.0671,0.66558,2.0776,3.0133,2.2612,2.2662,4.6757,0.78469,2.5397,3.2226,0.90065,2.1515,3.1374,6.198,2.8849,1.7292,2.0753,2.0518,4.7104,2.6618,2.4097,4.5008,2.5428,2.2632,5.0322,1.9334,2.6267,4.2215,1.0802,1.7443,4.0304,4.6598,2.8404,0.51881,0.82135,2.1318,2.983,1.3121,2.0904,4.3659,1.0145,2.1311,3.4379,2.1026,2.6651,4.3375,1.7434,1.5317,4.1234,1.2711,2.5315,3.1606,0.79135,2.4979,3.7149,2.0882,1.8533,3.6587,1.5325,2.4798,3.4342,1.5947,2.5823,3.6406,1.6053,1.5959,4.2424,1.8923,2.6631,4.3351,1.9789,2.6686,4.4489,3.5451,2.7452,6.2034,1.7456,1.5208,4.1158,1.808,2.0019,3.4676,2.0455,2.9295,4.8617,1.2569,2.5404,3.2167,2.5852,2.4371,4.9133,1.0958,2.6213,4.0296,1.5412,2.4602,3.4546,1.1093,1.8492,4.0615,1.6903,1.539,4.0514,1.7682,1.9952,3.4067,0.26573,2.9125,3.3265,2.9476,2.2965,4.696,1.2986,1.9485,4.2282,1.3393,2.6347,3.5081,1.404,2.4681,3.3502,1.892,1.9022,3.6388,1.9421,2.4932,4.0554,1.024,2.3022,3.1471,2.5483,1.9847,5.1499,1.2701,2.6372,3.4261,1.3401,2.4991,3.2792,0.43537,2.9104,3.4801,0.62062,1.8633,2.7537,1.6211,1.9776,4.5298,1.4572,1.7734,4.152,5.2641,2.8512,1.5706,0.80844,2.0883,2.8283,1.0884,2.6656,4.0513,2.2598,2.5112,3.5956,2.5073,2.3905,4.807,2.9269,2.6475,4.6214,2.105,2.5006,4.4501,2.3663,2.1718,4.2886,0.73116,2.1015,3.2266,0.53869,2.422,3.1076,0.58674,2.1407,3.6979,2.3834,2.4148,4.5179,0.9389,2.4222,3.044,1.2298,1.6307,4.2681,1.6536,2.0366,3.3969,5.9785,2.6547,1.7147,3.46,2.9037,0.19389,0.85725,2.382,3.0685,1.6741,1.6089,4.0557,1.5196,1.9051,3.1727,0.78439,2.4296,2.9455,2.1491,2.3185,4.821,1.2313,2.5644,3.188,1.0213,1.948,3.5058,0.40789,1.9759,3.3112,1.7422,2.0093,3.3771,2.3926,2.1608,4.2613,2.2279,2.1339,5.0086,1.2486,1.6515,3.8482,0.70442,1.9773,2.7993,2.2364,2.1566,5.0481,2.3937,2.2576,4.5921,1.5795,2.4544,3.9678,4.459,2.8698,0.38778,1.9608,2.4505,4.0322,0.80786,1.9456,4.1133,1.3565,2.6428,4.3054,3.8132,2.7945,0.097939,1.558,1.673,3.3056,0.21744,2.2974,3.2571,5.092,2.8754,1.0549,0.71501,2.723,3.4291,1.3845,2.5376,3.0441,2.1731,2.0775,4.9163,1.4636,2.0151,4.4199,1.5284,1.6304,3.3178,1.4212,2.9088,3.3759,0.61645,2.4047,2.9501,0.88215,2.436,3.0407,0.24457,2.5986,3.329,1.6683,2.3444,4.1983,0.63035,2.4196,2.8954,0.99842,2.3016,3.5627,1.3937,1.7584,4.2754,0.31861,2.3329,3.3578,1.526,1.5937,3.307,0.59896,2.4075,2.9366,3.3856,2.8515,0.045616,1.9167,2.5558,3.9926,2.0616,2.2006,4.6674,2.34,2.7586,4.9356,1.9184,1.878,3.8293,1.2882,1.7147,3.7226,2.2079,2.1055,4.9838,1.3543,2.5949,3.8944,1.0527,3.0522,2.8764,4.7891,2.9032,0.49055,1.3986,2.7091,4.4453,1.9292,1.8953,3.8752,1.3529,2.6513,2.9947,0.66262,2.7278,3.3036,1.0502,2.8887,4.2301,0.80304,2.5362,2.7699,0.67825,2.0333,2.9053,0.53018,2.4161,3.3613,1.5593,2.1651,4.3281,1.532,2.7197,4.5461,0.5192,2.003,2.9462,2.007,1.8244,3.7942,1.1837,1.7543,3.7119,2.2186,2.6509,4.6483,1.3448,1.6536,4.097,1.3333,2.1461,3.1388,0.58882,2.0275,2.9804,0.54739,2.419,2.6901,1.6816,2.3879,4.2082,2.2364,2.6371,4.7066,0.54649,2.0302,2.9275,1.5804,1.6781,3.3522,0.30839,3.0585,2.1721,0.69018,2.5573,2.6796,3.122,2.7379,6.1363,0.22467,2.8834,2.9241,4.7173,2.899,0.42137,2.2583,2.3262,3.566,1.2721,3.0089,4.1081,1.2689,2.4092,3.4216,1.0429,3.045,3.8867,2.308,2.2286,3.7138,1.1752,1.7204,3.7122,2.4403,2.3674,4.5972,2.4822,2.7017,4.0719,1.3517,2.671,4.3767,1.9094,1.822,3.8161,1.2279,2.673,3.7433,2.2997,2.4273,4.8464,1.6154,2.5584,3.4972,2.1644,2.2549,4.1445,0.7539,1.9411,3.3073,2.2155,2.4177,3.627,2.2342,2.3855,3.5849,2.2561,1.9864,5.0038,2.5881,2.2698,4.7828,2.3178,2.2486,3.7424,1.353,1.5953,3.8852,2.2182,2.6538,4.673,1.9123,1.8534,3.8245,0.7762,2.1035,4.1061,1.593,1.7398,4.2438,2.2538,2.6528,4.7321,1.4462,2.3922,3.2624,6.0571,2.9169,2.3721,1.8495,1.7808,3.5391,1.8545,2.8976,4.1344,2.1302,1.9641,4.8856,1.2231,2.5917,4.4108,1.9836,2.1479,4.8846,1.6078,1.6797,3.9602,1.6093,2.0502,3.3075,1.0954,2.6764,3.6299,0.99799,2.7783,3.8532,1.4776,2.4925,3.9042,1.1689,2.6982,3.6586,1.8065,1.6408,4.0686,0.94669,2.4577,2.8436,1.9891,2.1483,4.4731,0.34694,2.7307,3.1014,1.0357,1.9268,4.2739,0.99082,2.297,3.1126,1.7047,2.413,4.6072,0.94781,2.0287,2.8701,0.72187,1.962,2.739,1.5932,1.6651,3.9655,0.96798,2.4414,2.8908,1.3329,1.5682,3.8516,2.7271,2.5705,4.6091,1.074,2.2134,3.5677,1.1879,2.7099,3.7043,1.9784,1.9825,4.5154,1.025,1.94,4.2615,1.8783,1.6937,3.4773,1.662,2.5506,3.9963,2.1407,2.5333,4.8628,2.082,2.4132,3.6248,1.3394,3.0157,3.5481,1.4603,1.5041,4.1895,0.62451,2.983,3.6415,1.6098,1.6476,4.2027,0.72846,1.9832,2.7337,0.73796,2.2014,3.9815,2.6372,2.5766,4.5168,2.0506,2.0842,3.4087,1.4589,2.7985,3.6007,1.0474,2.3103,3.5399,2.5794,2.0678,4.5819,1.4581,1.7118,4.4275,1.557,2.5696,3.6303,2.0587,2.3836,4.1302,2.6288,2.3324,4.9068,0.55956,2.523,3.0844
1801.6,0.13171,125.96,15.913,0.17868,725.9,1.4483,1.7915,4.1071,1.2786,2.2481,4.2632,1.1443,1.9304,4.2475,2.4371,2.6285,4.2882,0.85812,2.0113,4.3024,1.5169,2.5809,3.8988,3.2733,2.8232,6.1486,1.1289,1.9316,4.2484,1.738,1.5972,4.2076,1.3046,2.2265,4.3319,0.81764,2.0525,4.2065,2.9969,2.8294,4.5723,5.4829,2.6639,1.214,1.3431,2.6795,3.7269,0.87451,2.1324,2.9885,2.5584,2.1562,4.6137,1.4503,1.6227,3.9355,0.62299,2.6434,3.772,2.0523,1.765,3.5256,1.083,2.3828,3.2043,0.11741,2.3088,3.3477,1.7561,1.6756,3.4211,1.8648,2.7153,4.1203,1.7974,1.7343,3.4201,1.4314,1.5972,3.9639,0.38733,2.1784,3.1188,2.1219,2.4105,4.4934,1.4571,1.7075,3.2061,0.82689,1.9578,2.7534,3.2578,2.833,6.0942,2.0658,1.8039,3.5315,1.0824,2.7239,2.9945,1.8463,2.5953,4.076,0.68526,1.9519,2.8169,1.0492,2.4055,3.1425,1.939,1.9234,4.5598,1.7401,1.6174,3.903,0.52436,2.1961,3.7722,1.1945,2.5727,3.7657,0.89486,2.1378,3.1526,2.6964,2.368,4.4795,2.1915,2.2357,4.8167,1.5222,1.681,3.9617,1.9132,1.931,4.5323,1.5229,2.2208,3.2445,0.70876,2.1916,3.0142,2.4684,2.4466,4.44,1.8748,2.5991,4.6945,1.8172,2.6074,4.652,2.6932,2.4014,4.5286,1.2735,2.5583,3.8591,1.7788,2.2813,4.3964,1.8416,2.968,3.7637,0.64116,2.4757,2.6,1.4846,2.118,4.6439,2.0443,2.991,3.9649,0.29623,2.4116,3.3042,1.6658,1.5705,4.0662,0.6635,2.079,3.0099,2.2613,2.2668,4.6757,0.78852,2.5359,3.231,0.897,2.154,3.1329,6.1911,2.8839,1.7211,2.0815,2.0555,4.718,2.6692,2.4133,4.5123,2.5393,2.2597,5.0263,1.9293,2.6184,4.2171,1.0801,1.7396,4.0342,4.6608,2.8328,0.51893,0.81865,2.1323,2.9806,1.3131,2.0902,4.3704,1.0119,2.1339,3.4346,2.0957,2.6609,4.3297,1.7458,1.5282,4.1219,1.2762,2.5306,3.163,0.7933,2.5007,3.7122,2.0902,1.8499,3.6553,1.5294,2.4823,3.4336,1.594,2.5843,3.6453,1.6028,1.5948,4.2417,1.8857,2.656,4.3265,1.9755,2.6622,4.445,3.555,2.7424,0.0094375,1.7482,1.5177,4.1135,1.8143,2.0016,3.4697,2.0425,2.9295,4.8591,1.2607,2.5402,3.2214,2.5832,2.4368,4.9099,1.0976,2.6218,4.026,1.5387,2.4617,3.455,1.1056,1.8496,4.0606,1.6923,1.5364,4.0499,1.7724,1.9941,3.4059,0.26679,2.9106,3.3278,2.9504,2.2952,4.7002,1.2973,1.9484,4.2297,1.342,2.6334,3.5151,1.4015,2.4691,3.3515,1.8953,1.8985,3.6356,1.9429,2.4986,4.0601,1.0208,2.3029,3.1458,2.5481,1.9825,5.1499,1.2717,2.6359,3.432,1.3344,2.5006,3.2767,0.44163,2.908,3.486,0.61826,1.8648,2.7473,1.6152,1.9756,4.5315,1.4568,1.7699,4.153,5.2512,2.8478,1.5568,0.80724,2.0874,2.8292,1.0899,2.6682,4.0488,2.2657,2.5087,3.5956,2.5017,2.3873,4.7985,2.9353,2.6442,4.6283,2.104,2.5007,4.4481,2.3679,2.1765,4.2949,0.72691,2.1076,3.2176,0.54954,2.4195,3.1193,0.58641,2.1406,3.6974,2.3838,2.4125,4.5228,0.94918,2.4195,3.0545,1.2274,1.6339,4.2659,1.6509,2.0372,3.3937,5.965,2.6516,1.7002,3.4683,2.9013,0.2032,0.85736,2.3794,3.073,1.6747,1.6074,4.0544,1.5211,1.907,3.1726,0.78468,2.4285,2.948,2.1494,2.3169,4.816,1.2346,2.5649,3.1927,1.022,1.9467,3.506,0.40072,1.9766,3.3148,1.7446,2.008,3.3736,2.3942,2.1658,4.2665,2.232,2.132,5.0092,1.246,1.6478,3.8491,0.7051,1.9774,2.8008,2.2405,2.1556,5.0502,2.3973,2.2607,4.5983,1.5798,2.4602,3.9676,4.4672,2.8636,0.3972,1.9616,2.4572,4.0349,0.80647,1.9456,4.1123,1.3654,2.646,4.3088,3.8263,2.7914,0.11215,1.5604,1.6772,3.3068,0.21367,2.2971,3.2506,5.0925,2.8691,1.0577,0.71909,2.72,3.4332,1.3882,2.5391,3.0449,2.1765,2.0747,4.9156,1.4618,2.0101,4.4231,1.5284,1.6301,3.3193,1.4227,2.9083,3.3754,0.62409,2.4024,2.9611,0.88071,2.4349,3.0433,0.24441,2.5977,3.3266,1.6723,2.3496,4.203,0.63823,2.4186,2.9036,0.99447,2.3088,3.5561,1.3936,1.7564,4.2738,0.31871,2.3338,3.3562,1.5259,1.5923,3.3082,0.60526,2.4059,2.9459,3.4,2.8498,0.064909,1.9126,2.5543,3.9914,2.0662,2.2009,4.6709,2.3242,2.7565,4.9166,1.9196,1.8722,3.8257,1.2878,1.7102,3.7242,2.2112,2.1029,4.984,1.3524,2.5922,3.8894,1.0453,3.0514,2.8683,4.7929,2.8986,0.49453,1.4044,2.7095,4.4488,1.931,1.8923,3.8753,1.3578,2.6523,3.0014,0.67206,2.7255,3.3147,1.0568,2.8873,4.2359,0.8134,2.5372,2.7784,0.67851,2.0376,2.9036,0.53037,2.4167,3.3594,1.5593,2.1633,4.3333,1.5432,2.7202,4.5539,0.51425,2.0051,2.9377,2.0083,1.8216,3.7936,1.1829,1.7492,3.7154,2.2132,2.6483,4.6395,1.3426,1.6579,4.0933,1.3302,2.145,3.1371,0.58619,2.0304,2.9743,0.55166,2.4174,2.6964,1.6868,2.3955,4.2121,2.2287,2.6331,4.6958,0.54268,2.0322,2.9205,1.5811,1.6771,3.3536,0.292,3.059,2.1532,0.69323,2.5602,2.6815,3.1348,2.7361,6.1504,0.24179,2.8832,2.9437,4.7215,2.8948,0.42623,2.2565,2.322,3.559,1.2762,3.0047,4.1141,1.2616,2.4135,3.4165,1.0452,3.0431,3.8921,2.3053,2.2285,3.7095,1.1738,1.713,3.7163,2.4403,2.3683,4.5979,2.4766,2.7034,4.0734,1.3552,2.6708,4.3773,1.9101,1.8151,3.813,1.2311,2.6687,3.7459,2.2964,2.4256,4.838,1.6141,2.557,3.5047,2.1649,2.2594,4.1482,0.75144,1.9439,3.3028,2.2098,2.4184,3.6208,2.2288,2.384,3.5761,2.2594,1.9881,5.0065,2.5853,2.2688,4.7823,2.3152,2.2499,3.7396,1.3516,1.5962,3.8863,2.2079,2.6494,4.6594,1.9135,1.8483,3.821,0.77655,2.1012,4.1129,1.5922,1.7358,4.243,2.2462,2.6493,4.7221,1.4463,2.3928,3.2628,6.0637,2.9184,2.3804,1.8505,1.7801,3.5417,1.8505,2.8909,4.1283,2.1361,1.9646,4.8911,1.2271,2.5923,4.4168,1.9887,2.1487,4.8863,1.6076,1.6749,3.96,1.6104,2.0529,3.3047,1.0968,2.6734,3.6302,0.99964,2.7768,3.8521,1.4819,2.4956,3.9081,1.1697,2.6949,3.6574,1.8047,1.6349,4.0679,0.94804,2.458,2.8465,1.9946,2.1531,4.4789,0.35973,2.7261,3.1135,1.0326,1.9251,4.2739,0.99134,2.2961,3.1154,1.7089,2.4141,4.6084,0.94572,2.0267,2.8703,0.72105,1.9612,2.7385,1.5924,1.6604,3.9654,0.96956,2.4409,2.896,1.3302,1.5663,3.8528,2.7265,2.5701,4.6099,1.0727,2.2185,3.5635,1.1905,2.7063,3.7063,1.9787,1.9829,4.5181,1.0226,1.9387,4.262,1.8801,1.6952,3.4789,1.6618,2.553,3.9959,2.1422,2.5327,4.8597,2.0778,2.4154,3.6197,1.3501,3.0122,3.558,1.461,1.5066,4.1875,0.6209,2.9824,3.639,1.6101,1.6436,4.2015,0.72789,1.9825,2.7336,0.74031,2.2024,3.9832,2.6351,2.5755,4.5172,2.0543,2.082,3.4085,1.4631,2.793,3.6059,1.044,2.3172,3.5336,2.5831,2.072,4.5896,1.4564,1.7111,4.4285,1.5555,2.5689,3.6342,2.0593,2.3882,4.1339,2.6264,2.3309,4.9037,0.56473,2.5235,3.0897
1801.6,0.13171,125.96,15.913,0.18762,743.03,1.4453,1.788,4.1053,1.2805,2.2487,4.2665,1.1403,1.9278,4.2466,2.4349,2.6273,4.2888,0.85764,2.0102,4.3051,1.517,2.5841,3.8989,3.2847,2.8213,6.1626,1.1249,1.9288,4.249,1.738,1.5921,4.2053,1.3052,2.2262,4.3371,0.81633,2.0522,4.207,3.0005,2.8289,4.5744,5.4749,2.6573,1.2057,1.344,2.6758,3.7275,0.87054,2.1315,2.9865,2.563,2.1606,4.6223,1.4484,1.6214,3.9366,0.61973,2.6467,3.7645,2.055,1.7646,3.5283,1.0785,2.3819,3.2048,0.10943,2.3097,3.336,1.7547,1.6747,3.4229,1.8592,2.7114,4.1137,1.7982,1.7359,3.4213,1.4301,1.5947,3.9649,0.38784,2.1794,3.1163,2.124,2.4112,4.4958,1.4559,1.709,3.2061,0.82621,1.9592,2.7535,3.2716,2.8318,6.1092,2.0699,1.8047,3.535,1.0871,2.7243,3.001,1.8482,2.596,4.0801,0.68718,1.9547,2.8181,1.047,2.4038,3.1453,1.9415,1.9233,4.5633,1.7426,1.6154,3.9043,0.52621,2.1952,3.775,1.1972,2.5764,3.7686,0.89078,2.1399,3.1486,2.7029,2.3701,4.487,2.1973,2.2385,4.8227,1.5246,1.6817,3.9635,1.9153,1.9317,4.5345,1.5245,2.2219,3.2434,0.70346,2.1958,3.0072,2.4707,2.4495,4.4458,1.8709,2.5999,4.6831,1.8131,2.6077,4.6422,2.7023,2.405,4.5422,1.2729,2.5608,3.8554,1.7848,2.2843,4.4015,1.8367,2.9639,3.7582,0.64676,2.4764,2.605,1.4799,2.1216,4.6426,2.0441,2.9868,3.9635,0.29289,2.4119,3.3001,1.6663,1.569,4.0653,0.66146,2.0803,3.0066,2.2614,2.2675,4.6755,0.79209,2.532,3.2392,0.89359,2.1563,3.1288,6.1848,2.8829,1.7135,2.0878,2.0592,4.7253,2.6765,2.4168,4.5237,2.536,2.256,5.0206,1.9256,2.6107,4.2133,1.0801,1.7348,4.0382,4.6617,2.8253,0.51919,0.81605,2.1328,2.9786,1.3142,2.09,4.375,1.0092,2.1368,3.431,2.0891,2.6568,4.322,1.7483,1.5245,4.1203,1.2812,2.5297,3.1651,0.79528,2.5036,3.7094,2.0921,1.8466,3.652,1.5264,2.4848,3.433,1.5934,2.5863,3.6501,1.6004,1.5939,4.241,1.8795,2.6492,4.318,1.9724,2.6559,4.4412,3.565,2.7394,0.024962,1.7509,1.5146,4.1111,1.8206,2.0013,3.472,2.0392,2.9294,4.8563,1.2644,2.5401,3.2259,2.5813,2.4365,4.9067,1.0993,2.6224,4.0222,1.5363,2.4633,3.4553,1.1018,1.8498,4.0598,1.6944,1.5338,4.0486,1.7766,1.993,3.4051,0.26805,2.9087,3.3291,2.9533,2.2939,4.7043,1.2961,1.9482,4.231,1.3448,2.6323,3.522,1.399,2.4701,3.3527,1.8985,1.8947,3.6326,1.9437,2.5037,4.0648,1.0176,2.3035,3.1446,2.5478,1.9806,5.1498,1.2734,2.6348,3.4379,1.3287,2.5021,3.2742,0.44772,2.9056,3.4917,0.61599,1.8662,2.7411,1.6094,1.9737,4.5329,1.4566,1.7664,4.1539,5.2387,2.8446,1.5434,0.80605,2.0865,2.8301,1.0914,2.6708,4.0464,2.2718,2.5063,3.5958,2.4965,2.3841,4.7905,2.9435,2.6406,4.635,2.1031,2.5008,4.4462,2.3696,2.1811,4.3011,0.72247,2.1134,3.2085,0.56017,2.4171,3.1307,0.5862,2.1404,3.6971,2.3845,2.4104,4.5276,0.95931,2.4166,3.0648,1.225,1.6372,4.2636,1.648,2.0378,3.3905,5.9517,2.6485,1.6861,3.4759,2.8992,0.21177,0.85705,2.3768,3.0769,1.6751,1.6057,4.0532,1.5226,1.9088,3.1726,0.78492,2.4273,2.9506,2.1498,2.3153,4.8112,1.2378,2.5656,3.1973,1.0228,1.9454,3.5063,0.39352,1.9776,3.3185,1.7471,2.0065,3.37,2.3959,2.1707,4.2717,2.2359,2.13,5.0098,1.2432,1.6441,3.85,0.70566,1.9774,2.802,2.2444,2.1546,5.0521,2.4009,2.2637,4.6043,1.58,2.4659,3.9673,4.4751,2.8577,0.40648,1.9626,2.4639,4.0378,0.80512,1.9456,4.1113,1.3743,2.6492,4.3121,3.8392,2.7884,0.12612,1.5628,1.6814,3.308,0.21007,2.2969,3.2442,5.0931,2.8628,1.0607,0.72288,2.717,3.4369,1.3918,2.5404,3.0456,2.1801,2.0719,4.9149,1.4601,2.0051,4.4264,1.5285,1.6299,3.3209,1.4243,2.9078,3.3748,0.63152,2.4002,2.9718,0.87919,2.4338,3.0459,0.24409,2.5968,3.3241,1.6764,2.3547,4.2077,0.64587,2.4175,2.9115,0.99039,2.3161,3.5495,1.3936,1.7544,4.2722,0.31876,2.3346,3.3545,1.5258,1.591,3.3094,0.61129,2.4044,2.9549,3.414,2.848,0.080465,1.9085,2.5531,3.9903,2.0708,2.2011,4.6744,2.3088,2.7544,4.8978,1.9207,1.8665,3.8221,1.2874,1.7057,3.7257,2.2144,2.1002,4.9842,1.3506,2.5894,3.8845,1.0376,3.0506,2.8598,4.7966,2.894,0.49851,1.41,2.7097,4.4524,1.9328,1.8893,3.8755,1.3626,2.6533,3.0081,0.68092,2.7233,3.325,1.0634,2.8858,4.2417,0.82342,2.5383,2.7866,0.67881,2.0417,2.9019,0.53072,2.4173,3.3576,1.5593,2.1614,4.3384,1.5541,2.7208,4.5616,0.50939,2.007,2.9293,2.0095,1.8188,3.7932,1.1821,1.7442,3.7189,2.2084,2.6457,4.6314,1.3404,1.6623,4.0895,1.3271,2.1439,3.1354,0.58355,2.0333,2.9683,0.55588,2.4159,2.7026,1.6918,2.403,4.2159,2.2211,2.6292,4.6854,0.53901,2.034,2.9138,1.5818,1.6763,3.3551,0.27489,3.0596,2.1335,0.69598,2.5633,2.683,3.1475,2.7343,6.1644,0.2585,2.8829,2.9629,4.7256,2.8908,0.43119,2.2548,2.3179,3.5522,1.2797,3.0005,4.1193,1.2545,2.4175,3.4116,1.0464,3.0414,3.8963,2.3028,2.2284,3.7052,1.1723,1.7056,3.7204,2.4404,2.3692,4.5987,2.471,2.705,4.0749,1.3587,2.6706,4.3776,1.9109,1.8083,3.81,1.2342,2.6644,3.7486,2.2935,2.4239,4.83,1.6128,2.556,3.5122,2.1654,2.264,4.152,0.74901,1.9469,3.2984,2.2042,2.4192,3.6147,2.2236,2.3824,3.5673,2.2626,1.9897,5.0088,2.5823,2.2678,4.7817,2.3125,2.2512,3.7368,1.3504,1.597,3.8873,2.198,2.6451,4.6461,1.9148,1.8433,3.8175,0.77692,2.0991,4.1196,1.5914,1.732,4.2421,2.2386,2.6459,4.7123,1.4465,2.3935,3.2631,6.0703,2.92,2.3887,1.8516,1.7793,3.5443,1.8469,2.8843,4.1225,2.1419,1.9649,4.8964,1.2309,2.5928,4.4227,1.9936,2.1496,4.8877,1.6075,1.6702,3.9599,1.6114,2.0558,3.302,1.098,2.6704,3.6303,1.0012,2.7752,3.851,1.486,2.4986,3.9121,1.1705,2.6917,3.6562,1.8028,1.6291,4.0671,0.94939,2.4583,2.8494,2.0003,2.1579,4.4847,0.37211,2.7214,3.1251,1.0295,1.9234,4.2739,0.99189,2.2953,3.1184,1.7129,2.4152,4.6096,0.94369,2.0248,2.8705,0.72025,1.9603,2.7381,1.5916,1.6559,3.9654,0.97106,2.4406,2.901,1.3275,1.5643,3.854,2.7258,2.5697,4.6106,1.0715,2.2236,3.5593,1.1933,2.7026,3.7083,1.9789,1.9832,4.5209,1.0203,1.9375,4.2627,1.8818,1.6967,3.4806,1.6616,2.5551,3.9955,2.1436,2.532,4.8569,2.0737,2.4174,3.6147,1.3606,3.0086,3.5677,1.4617,1.5091,4.1855,0.61714,2.9817,3.6362,1.6104,1.6398,4.2003,0.72734,1.9817,2.7335,0.74262,2.2034,3.9848,2.6332,2.5745,4.5176,2.058,2.0799,3.4084,1.4671,2.7877,3.6111,1.0406,2.3239,3.5274,2.5869,2.0761,4.5974,1.4547,1.7105,4.4294,1.5542,2.5684,3.6381,2.0599,2.3929,4.1377,2.6242,2.3297,4.9007,0.56975,2.5238,3.0948
1801.6,0.13171,125.96,15.913,0.19655,760.61,1.4424,1.7847,4.1033,1.2826,2.2493,4.2699,1.1365,1.9254,4.2457,2.4327,2.626,4.2896,0.85712,2.0092,4.3074,1.5171,2.587,3.899,3.2961,2.8192,6.1765,1.1209,1.9262,4.2494,1.7379,1.5872,4.2029,1.3056,2.2258,4.3422,0.81509,2.0519,4.2076,3.0039,2.8284,4.5766,5.4675,2.6508,1.1985,1.3447,2.6728,3.7277,0.86665,2.1305,2.9845,2.5674,2.1648,4.6307,1.4463,1.6202,3.9377,0.61628,2.6499,3.757,2.0577,1.7642,3.5309,1.0737,2.3811,3.2048,0.10141,2.3107,3.3245,1.7533,1.6738,3.4249,1.8542,2.7078,4.1079,1.799,1.7375,3.4226,1.4287,1.5924,3.9659,0.3884,2.1804,3.1141,2.1262,2.412,4.4981,1.4546,1.7106,3.206,0.82548,1.9604,2.7535,3.2859,2.8306,6.1248,2.074,1.8055,3.5384,1.0918,2.7249,3.0076,1.8502,2.5968,4.0842,0.68898,1.9572,2.8191,1.0447,2.4022,3.1476,1.944,1.9233,4.5668,1.7449,1.6136,3.9056,0.52822,2.1943,3.7778,1.2,2.5796,3.7716,0.88689,2.1421,3.1448,2.7092,2.3722,4.4939,2.203,2.2409,4.8287,1.5269,1.6822,3.9651,1.9176,1.9324,4.5368,1.5262,2.223,3.2424,0.6986,2.1997,3.001,2.4729,2.452,4.4514,1.867,2.6006,4.6717,1.8091,2.6081,4.6324,2.7114,2.4083,4.5558,1.2722,2.5631,3.8519,1.7908,2.2871,4.4067,1.832,2.96,3.7531,0.65213,2.477,2.6098,1.475,2.1251,4.6409,2.0438,2.9826,3.9621,0.28963,2.4122,3.2961,1.6668,1.5675,4.0645,0.65948,2.0814,3.0035,2.2613,2.2683,4.6753,0.79521,2.5282,3.2469,0.89047,2.1585,3.1251,6.1789,2.8819,1.7065,2.0943,2.0628,4.7326,2.6834,2.4198,4.5348,2.5331,2.2525,5.0153,1.9227,2.6039,4.2101,1.08,1.7302,4.042,4.6625,2.8184,0.51942,0.81356,2.1333,2.9765,1.3153,2.0898,4.3793,1.0067,2.1396,3.4275,2.0828,2.6528,4.315,1.7506,1.5209,4.1187,1.2861,2.5288,3.1672,0.7973,2.5063,3.7068,2.0943,1.8433,3.6488,1.5237,2.4871,3.4327,1.593,2.5883,3.6552,1.5981,1.5932,4.2402,1.8738,2.6426,4.3102,1.9697,2.65,4.4377,3.5749,2.7365,0.034059,1.7534,1.5115,4.1089,1.8271,2.001,3.4742,2.0358,2.9292,4.8532,1.268,2.54,3.2301,2.5793,2.4362,4.9035,1.101,2.6228,4.0185,1.5341,2.4649,3.4558,1.0982,1.85,4.059,1.6966,1.5314,4.0471,1.7808,1.9918,3.4045,0.2694,2.9067,3.3305,2.956,2.2924,4.708,1.2947,1.948,4.2325,1.3473,2.6313,3.5288,1.3968,2.4711,3.3541,1.9018,1.8909,3.6299,1.9445,2.5085,4.0695,1.0145,2.3042,3.1433,2.5475,1.9787,5.1498,1.2752,2.6336,3.4438,1.3232,2.5036,3.2719,0.45371,2.9033,3.4973,0.61387,1.8674,2.7353,1.6034,1.9716,4.5338,1.4563,1.763,4.1547,5.2266,2.8413,1.5302,0.80486,2.0857,2.831,1.0926,2.6732,4.044,2.278,2.504,3.5963,2.4918,2.3812,4.783,2.9517,2.6372,4.6417,2.1023,2.5011,4.4444,2.3714,2.1858,4.3076,0.71795,2.119,3.1996,0.57033,2.4149,3.1415,0.58607,2.1402,3.6968,2.3853,2.4085,4.5323,0.9689,2.4141,3.0746,1.2226,1.6403,4.2614,1.6452,2.0383,3.3872,5.939,2.6453,1.6726,3.4828,2.8968,0.21956,0.85617,2.3746,3.08,1.6755,1.6042,4.052,1.5242,1.9108,3.1727,0.78512,2.4261,2.9529,2.1505,2.3137,4.8068,1.2409,2.5664,3.2018,1.0236,1.9439,3.5067,0.38644,1.9786,3.3222,1.7495,2.0049,3.3666,2.3979,2.1758,4.2773,2.2398,2.1279,5.0105,1.2406,1.6405,3.8507,0.70612,1.9773,2.8031,2.2482,2.1534,5.054,2.4043,2.2665,4.6102,1.5801,2.4713,3.9669,4.4829,2.8518,0.41575,1.9635,2.4706,4.0406,0.80386,1.9456,4.1105,1.3829,2.6522,4.315,3.8515,2.7855,0.13971,1.5651,1.6856,3.3093,0.20682,2.2966,3.2382,5.0941,2.8566,1.064,0.72631,2.7142,3.4402,1.395,2.5418,3.0461,2.1836,2.0692,4.9143,1.4581,2.0,4.4295,1.5285,1.6296,3.3224,1.4258,2.9073,3.3741,0.6386,2.398,2.982,0.87759,2.4327,3.0483,0.24377,2.5958,3.3216,1.6804,2.3598,4.2125,0.65333,2.4166,2.9191,0.98619,2.3232,3.5427,1.3934,1.7524,4.2705,0.31877,2.3353,3.3527,1.5257,1.5894,3.3107,0.61709,2.4029,2.9635,3.4274,2.8461,0.095033,1.9045,2.5519,3.9891,2.0753,2.2013,4.6778,2.2938,2.7522,4.8794,1.9219,1.8606,3.8187,1.287,1.7014,3.7272,2.2176,2.0977,4.9844,1.3487,2.587,3.8797,1.0299,3.0498,2.8514,4.8002,2.8895,0.50252,1.4154,2.7098,4.4555,1.9348,1.8864,3.8758,1.3674,2.6543,3.0148,0.68914,2.7212,3.3347,1.0699,2.8842,4.2475,0.83315,2.5393,2.7946,0.67922,2.0457,2.9005,0.53113,2.418,3.3558,1.5594,2.1593,4.3436,1.5646,2.7213,4.5686,0.50477,2.0089,2.9213,2.0108,1.8162,3.7928,1.1812,1.7391,3.7223,2.2043,2.6435,4.6242,1.3382,1.6664,4.0859,1.3242,2.1428,3.1336,0.58091,2.0358,2.9625,0.56008,2.4143,2.7089,1.6968,2.4101,4.2193,2.2142,2.6254,4.6755,0.53561,2.0356,2.9075,1.5826,1.6754,3.3567,0.25754,3.0601,2.1136,0.6984,2.5665,2.6843,3.1601,2.7322,6.1781,0.27486,2.8825,2.9817,4.7296,2.887,0.43624,2.2534,2.314,3.5457,1.2823,2.9965,4.1237,1.2479,2.4209,3.4072,1.0469,3.0395,3.8997,2.3004,2.2283,3.701,1.1707,1.6983,3.7243,2.4404,2.3699,4.5993,2.4655,2.7064,4.0766,1.3619,2.6704,4.3777,1.9118,1.8015,3.8074,1.2371,2.6604,3.7509,2.291,2.4223,4.8227,1.6113,2.5551,3.519,2.166,2.2685,4.1559,0.74659,1.9497,3.294,2.1987,2.4201,3.6086,2.2184,2.3807,3.5586,2.2655,1.9911,5.011,2.5796,2.2668,4.7812,2.3099,2.2526,3.7341,1.3492,1.5979,3.8881,2.1884,2.6407,4.6333,1.9161,1.8383,3.8141,0.7773,2.0969,4.1262,1.5906,1.7283,4.2413,2.2314,2.6426,4.7028,1.4468,2.3943,3.2635,6.077,2.9215,2.397,1.8528,1.7786,3.5465,1.8437,2.8777,4.1172,2.1475,1.9652,4.9016,1.2344,2.5933,4.4283,1.9985,2.1504,4.8891,1.6073,1.6657,3.9597,1.6126,2.0584,3.2994,1.0991,2.6678,3.6303,1.0026,2.7736,3.8496,1.49,2.5012,3.9159,1.1713,2.6888,3.6548,1.8009,1.6237,4.0664,0.9507,2.4587,2.8521,2.0059,2.1625,4.4904,0.38403,2.7167,3.1365,1.0265,1.9217,4.2739,0.99242,2.2944,3.1212,1.7168,2.4161,4.6109,0.94163,2.0228,2.8705,0.71946,1.9596,2.7376,1.5909,1.6517,3.9654,0.97242,2.4403,2.9059,1.3249,1.5622,3.8552,2.7251,2.5693,4.6113,1.07,2.2288,3.5552,1.1958,2.699,3.7103,1.9793,1.9836,4.5237,1.018,1.9362,4.2635,1.8837,1.6981,3.4823,1.6614,2.5574,3.9951,2.1451,2.5314,4.8542,2.0697,2.4196,3.6096,1.371,3.0049,3.5775,1.4624,1.5115,4.1836,0.61326,2.981,3.6333,1.6109,1.6362,4.1991,0.72679,1.9809,2.7334,0.74484,2.2045,3.9864,2.6312,2.5735,4.5183,2.0618,2.0777,3.4085,1.471,2.7826,3.6165,1.0372,2.3305,3.5212,2.5906,2.0802,4.6051,1.4531,1.7102,4.4304,1.553,2.568,3.6419,2.0606,2.3974,4.1415,2.622,2.3284,4.8979,0.57461,2.5243,3.0998
1801.6,0.13171,125.96,15.913,0.20548,777.64,1.4395,1.7815,4.1015,1.2846,2.2497,4.2733,1.1327,1.9229,4.2446,2.4305,2.6247,4.2903,0.85658,2.0082,4.3099,1.5171,2.5898,3.8991,3.307,2.8171,6.19,1.1169,1.9236,4.2499,1.7379,1.5824,4.2006,1.306,2.2254,4.3472,0.81391,2.0516,4.2082,3.0072,2.828,4.5784,5.4604,2.6444,1.1916,1.3452,2.67,3.7277,0.86279,2.1295,2.9825,2.5718,2.1688,4.6388,1.4443,1.619,3.9387,0.61281,2.6531,3.7496,2.0605,1.7637,3.5335,1.0688,2.3805,3.2043,0.093448,2.3115,3.3129,1.7519,1.6727,3.4267,1.8496,2.7043,4.1027,1.7998,1.7389,3.424,1.4275,1.5905,3.9668,0.38897,2.1815,3.1117,2.1282,2.4127,4.5001,1.4533,1.7123,3.206,0.82467,1.9615,2.7535,3.3004,2.8292,6.1404,2.0783,1.8061,3.5419,1.0964,2.7255,3.014,1.8523,2.5974,4.0883,0.69063,1.9598,2.8202,1.0421,2.4008,3.1499,1.9467,1.9232,4.5703,1.7473,1.6119,3.907,0.53034,2.1933,3.7809,1.2029,2.5828,3.7748,0.88312,2.1442,3.1412,2.7151,2.3741,4.5005,2.2087,2.2434,4.8346,1.5292,1.6826,3.9665,1.92,1.933,4.5392,1.5279,2.2241,3.2413,0.69399,2.2034,2.9952,2.475,2.4546,4.457,1.863,2.6013,4.6602,1.8052,2.6084,4.6229,2.7207,2.4115,4.5695,1.2716,2.5652,3.8484,1.797,2.29,4.4116,1.8276,2.9561,3.7483,0.6573,2.4776,2.6144,1.4701,2.1286,4.6391,2.0436,2.9784,3.9607,0.28644,2.4125,3.2922,1.6672,1.5661,4.0636,0.65753,2.0825,3.0004,2.2613,2.2688,4.675,0.79803,2.5244,3.2543,0.88758,2.1604,3.1218,6.1735,2.8808,1.7,2.1007,2.0663,4.74,2.6902,2.4227,4.5456,2.5305,2.249,5.0104,1.9201,2.5978,4.2073,1.08,1.7256,4.0458,4.6631,2.8116,0.51967,0.8112,2.1337,2.9747,1.3165,2.0896,4.3836,1.004,2.1425,3.4241,2.0767,2.6489,4.3081,1.7531,1.5172,4.117,1.2909,2.5278,3.1692,0.79932,2.5089,3.7042,2.0963,1.8401,3.6457,1.5211,2.4896,3.4326,1.5929,2.5902,3.6604,1.5956,1.5928,4.2395,1.8683,2.6365,4.3027,1.9671,2.6442,4.4345,3.5847,2.7336,0.042722,1.7561,1.5084,4.1064,1.8334,2.0006,3.4767,2.0323,2.9291,4.8499,1.2714,2.5399,3.2341,2.5775,2.436,4.9003,1.1025,2.6232,4.0146,1.5317,2.4665,3.4562,1.0946,1.8501,4.0583,1.6987,1.5291,4.0457,1.785,1.9906,3.4041,0.27089,2.9049,3.332,2.9586,2.291,4.7116,1.2933,1.9478,4.2339,1.3499,2.6304,3.5354,1.3943,2.4722,3.3554,1.905,1.8874,3.6273,1.9454,2.5131,4.0741,1.0114,2.3046,3.1422,2.547,1.9772,5.1497,1.2769,2.6325,3.4497,1.3177,2.5049,3.2694,0.4595,2.9009,3.5027,0.61184,1.8685,2.7296,1.5974,1.9697,4.5345,1.4562,1.7598,4.1556,5.2149,2.8382,1.5174,0.80371,2.0849,2.8318,1.0937,2.6753,4.0414,2.2841,2.5019,3.5968,2.4874,2.3784,4.7759,2.9595,2.6337,4.6478,2.1016,2.5013,4.4426,2.3731,2.1903,4.3138,0.71333,2.1243,3.1906,0.58023,2.4127,3.1521,0.58606,2.1401,3.6966,2.3865,2.407,4.537,0.9782,2.4116,3.0839,1.2201,1.6436,4.2589,1.6424,2.0387,3.384,5.9267,2.6422,1.6595,3.489,2.8947,0.22663,0.85488,2.3726,3.0826,1.6759,1.6028,4.0509,1.5258,1.9126,3.1728,0.78526,2.4248,2.9553,2.1512,2.3122,4.8026,1.2439,2.5671,3.2061,1.0243,1.9424,3.5071,0.37934,1.98,3.326,1.7521,2.0032,3.3634,2.3999,2.1807,4.2829,2.2437,2.1258,5.0111,1.2378,1.6372,3.8511,0.70647,1.9773,2.8041,2.2519,2.1522,5.0556,2.4077,2.2693,4.6159,1.5802,2.4765,3.9666,4.4906,2.8461,0.4249,1.9646,2.4772,4.0436,0.80265,1.9457,4.1097,1.3913,2.6553,4.3178,3.8636,2.7826,0.15307,1.5676,1.6899,3.3107,0.20377,2.2963,3.2324,5.0951,2.8505,1.0674,0.72946,2.7113,3.4432,1.3981,2.5432,3.0464,2.1872,2.0665,4.9139,1.4563,1.9951,4.4326,1.5286,1.6293,3.3239,1.4274,2.907,3.3734,0.64541,2.3959,2.9919,0.87595,2.4317,3.0504,0.24336,2.5948,3.3189,1.6846,2.3647,4.2172,0.66061,2.4156,2.9266,0.98185,2.3304,3.5357,1.3934,1.7505,4.2689,0.3187,2.336,3.351,1.5256,1.5879,3.3121,0.62263,2.4017,2.9718,3.4404,2.8443,0.1091,1.9005,2.5507,3.988,2.0798,2.2014,4.6812,2.2792,2.7498,4.8613,1.923,1.8547,3.8154,1.2867,1.6972,3.7286,2.2207,2.0952,4.9846,1.347,2.5845,3.8751,1.0219,3.0491,2.8427,4.8035,2.8851,0.50655,1.4206,2.7099,4.4586,1.9367,1.8835,3.8761,1.372,2.6554,3.0214,0.69682,2.7191,3.3437,1.0764,2.8825,4.2533,0.84252,2.5404,2.8022,0.67968,2.0497,2.8993,0.53161,2.4187,3.3541,1.5594,2.1573,4.3487,1.5747,2.7216,4.5756,0.50027,2.0107,2.9135,2.0119,1.8136,3.7925,1.1802,1.7342,3.7256,2.2005,2.6413,4.6175,1.3359,1.6706,4.0824,1.3213,2.1416,3.1319,0.57827,2.0383,2.9568,0.56425,2.4128,2.715,1.7017,2.4172,4.2225,2.2075,2.6218,4.666,0.53233,2.037,2.9015,1.5832,1.6747,3.3582,0.23945,3.0605,2.0931,0.70054,2.5698,2.6852,3.1724,2.7302,6.1917,0.29086,2.8819,3.0001,4.7338,2.8835,0.44142,2.2521,2.31,3.5395,1.2846,2.9925,4.1275,1.2415,2.4241,3.403,1.0466,3.0378,3.9023,2.2979,2.2282,3.6968,1.1692,1.6909,3.7285,2.4404,2.3708,4.5999,2.4601,2.7077,4.0782,1.3649,2.6702,4.3777,1.9125,1.7948,3.8048,1.2399,2.6565,3.7533,2.2889,2.4209,4.8156,1.6098,2.5543,3.5258,2.1666,2.273,4.16,0.74421,1.9526,3.2897,2.1934,2.4208,3.6024,2.2133,2.3791,3.5498,2.2684,1.9924,5.0129,2.5768,2.2657,4.7807,2.3072,2.254,3.7313,1.3481,1.5985,3.8889,2.1791,2.6362,4.6207,1.9174,1.8333,3.8109,0.77768,2.0947,4.1326,1.5896,1.7248,4.2404,2.2244,2.6392,4.6935,1.4471,2.3949,3.2639,6.0838,2.9229,2.4055,1.8542,1.7777,3.5489,1.8407,2.8713,4.1123,2.1531,1.9655,4.9065,1.2377,2.5937,4.4339,2.0032,2.1514,4.8905,1.6073,1.6614,3.9596,1.6137,2.061,3.2969,1.1002,2.6653,3.6302,1.004,2.7722,3.8482,1.494,2.5037,3.9199,1.1719,2.686,3.6534,1.7991,1.6183,4.0659,0.95202,2.459,2.8549,2.0115,2.167,4.4961,0.39555,2.712,3.1472,1.0234,1.92,4.2739,0.99296,2.2936,3.124,1.7208,2.4169,4.6121,0.93962,2.021,2.8705,0.71871,1.9586,2.7373,1.5902,1.6477,3.9654,0.9737,2.44,2.9106,1.3221,1.5602,3.8565,2.7244,2.5689,4.6119,1.0685,2.234,3.551,1.1984,2.6956,3.7122,1.9797,1.984,4.5265,1.0159,1.9349,4.2641,1.8854,1.6995,3.4838,1.6611,2.5594,3.9947,2.1466,2.531,4.8516,2.0657,2.4217,3.6047,1.3812,3.0014,3.5869,1.4629,1.5139,4.1818,0.60927,2.9804,3.6304,1.6114,1.6327,4.1979,0.72625,1.9802,2.7333,0.74701,2.2056,3.9878,2.6292,2.5725,4.5189,2.0654,2.0757,3.4085,1.475,2.7777,3.6219,1.0338,2.3369,3.5151,2.5945,2.0842,4.6129,1.4516,1.7099,4.4314,1.5517,2.5676,3.6458,2.0612,2.4019,4.1453,2.62,2.3272,4.8952,0.57935,2.5247,3.1046
1801.6,0.13171,125.96,15.913,0.21442,794.26,1.4366,1.7783,4.0997,1.2868,2.2502,4.2768,1.1292,1.9207,4.2436,2.4285,2.6235,4.2912,0.85603,2.0073,4.3121,1.5172,2.5927,3.8991,3.3176,2.8149,6.2032,1.1131,1.921,4.2503,1.7379,1.5777,4.1982,1.3063,2.2249,4.3522,0.81282,2.0514,4.2089,3.0101,2.8274,4.5801,5.4538,2.6382,1.1856,1.3455,2.6676,3.7274,0.85901,2.1284,2.9806,2.576,2.1726,4.6467,1.4422,1.6178,3.9398,0.60932,2.6561,3.7419,2.0632,1.7631,3.5361,1.0635,2.3801,3.2036,0.08552,2.3123,3.3016,1.7505,1.6716,3.4286,1.8455,2.7007,4.0981,1.8007,1.7403,3.4252,1.4262,1.5886,3.9675,0.38956,2.1824,3.1095,2.1302,2.4134,4.5022,1.452,1.7138,3.2059,0.82378,1.9624,2.7534,3.315,2.8277,6.1563,2.0826,1.8067,3.5456,1.101,2.7261,3.0203,1.8544,2.5981,4.0926,0.69214,1.9622,2.8209,1.0396,2.3994,3.1519,1.9494,1.9232,4.5738,1.7495,1.6106,3.9083,0.53253,2.1923,3.7839,1.206,2.5856,3.7779,0.87948,2.1461,3.1378,2.7208,2.376,4.5067,2.2143,2.2459,4.8406,1.5315,1.6829,3.9679,1.9223,1.9336,4.5414,1.5296,2.2251,3.2404,0.68966,2.2069,2.9899,2.4772,2.4571,4.4626,1.8589,2.602,4.6486,1.8014,2.6087,4.6135,2.73,2.4144,4.5831,1.2709,2.5674,3.8448,1.8032,2.2929,4.4167,1.8237,2.9525,3.7441,0.66223,2.4783,2.6186,1.4651,2.1323,4.637,2.0433,2.9742,3.9594,0.28328,2.4125,3.2884,1.6677,1.5647,4.0627,0.65566,2.0833,2.9976,2.261,2.2694,4.6744,0.80056,2.5206,3.2615,0.8849,2.1623,3.1186,6.1685,2.8797,1.6939,2.1072,2.0695,4.7471,2.697,2.4253,4.5562,2.5282,2.2454,5.0057,1.9181,2.5924,4.2048,1.0799,1.721,4.0497,4.6635,2.8054,0.51993,0.80901,2.1342,2.973,1.3178,2.0895,4.3879,1.0013,2.1453,3.4205,2.071,2.6451,4.3016,1.7555,1.5135,4.1154,1.2956,2.5271,3.171,0.80137,2.5115,3.7016,2.0984,1.8369,3.6426,1.5185,2.492,3.4327,1.5929,2.5921,3.6659,1.5934,1.5924,4.2389,1.8632,2.6305,4.2955,1.9648,2.6387,4.4315,3.5944,2.7305,0.051281,1.7587,1.5053,4.104,1.8399,2.0002,3.4792,2.0286,2.9288,4.8463,1.2747,2.5399,3.238,2.5757,2.4357,4.8972,1.1038,2.6236,4.0107,1.5295,2.4681,3.4568,1.0912,1.8501,4.0577,1.7009,1.5268,4.0444,1.7893,1.9893,3.4038,0.27246,2.9029,3.3335,2.9612,2.2895,4.7151,1.292,1.9475,4.2352,1.3524,2.6297,3.5419,1.3921,2.4734,3.3568,1.9084,1.8838,3.6247,1.9463,2.5174,4.0787,1.0084,2.3052,3.1409,2.5466,1.9759,5.1497,1.2788,2.6316,3.4554,1.3122,2.5063,3.2671,0.46511,2.8986,3.5078,0.6099,1.8695,2.7243,1.5917,1.9678,4.5349,1.4561,1.7567,4.1565,5.2035,2.835,1.505,0.80256,2.084,2.8327,1.0947,2.6776,4.0387,2.2905,2.4996,3.5982,2.4832,2.3757,4.7692,2.9673,2.6303,4.6539,2.1009,2.5017,4.4411,2.375,2.195,4.3203,0.70839,2.1294,3.1813,0.58989,2.4105,3.1622,0.58613,2.14,3.6965,2.3881,2.4059,4.5419,0.98728,2.4091,3.0929,1.2175,1.647,4.2563,1.6395,2.039,3.3807,5.9149,2.6389,1.6468,3.4947,2.8925,0.23316,0.85314,2.3707,3.0846,1.6763,1.6014,4.0496,1.5274,1.9144,3.173,0.78532,2.4236,2.9575,2.1521,2.3107,4.7985,1.2468,2.568,3.2102,1.025,1.9408,3.5076,0.3721,1.9818,3.33,1.7546,2.0015,3.36,2.4023,2.1858,4.2889,2.2475,2.1237,5.0117,1.235,1.6338,3.8515,0.70672,1.9771,2.8049,2.2556,2.1509,5.0572,2.4109,2.2721,4.6216,1.5803,2.4815,3.9661,4.4979,2.8404,0.43392,1.9656,2.4838,4.0465,0.80149,1.9457,4.1088,1.3995,2.6582,4.3204,3.8754,2.7796,0.16612,1.5701,1.6941,3.312,0.20088,2.2961,3.2268,5.0963,2.8445,1.071,0.73233,2.7087,3.4458,1.4009,2.5446,3.0464,2.1909,2.0638,4.9136,1.4542,1.9901,4.4358,1.5286,1.629,3.3254,1.429,2.9066,3.3728,0.65209,2.3938,3.0017,0.87423,2.4307,3.0527,0.24284,2.5939,3.3162,1.6886,2.3695,4.2219,0.66767,2.4146,2.9338,0.97739,2.3376,3.5286,1.3932,1.7486,4.2672,0.31853,2.3366,3.3491,1.5254,1.5863,3.3134,0.62795,2.4004,2.9798,3.453,2.8424,0.12284,1.8967,2.5499,3.9871,2.0842,2.2015,4.6844,2.2652,2.7474,4.8436,1.9241,1.8488,3.8123,1.2864,1.6931,3.7301,2.2238,2.0927,4.9848,1.3453,2.5822,3.8706,1.0138,3.0485,2.8339,4.8067,2.8807,0.5105,1.4258,2.7099,4.4617,1.9386,1.8807,3.8764,1.3766,2.6564,3.0278,0.70397,2.7172,3.352,1.0829,2.8809,4.2592,0.85155,2.5416,2.8097,0.68019,2.0535,2.8982,0.53239,2.4193,3.3527,1.5594,2.1552,4.3538,1.5844,2.722,4.5822,0.49593,2.0124,2.9059,2.013,1.811,3.7922,1.1793,1.7292,3.729,2.1973,2.6394,4.6114,1.3336,1.6746,4.079,1.3182,2.1404,3.1301,0.57566,2.0405,2.9511,0.56831,2.4112,2.7212,1.7064,2.4239,4.2255,2.2012,2.6182,4.6568,0.5292,2.0384,2.8958,1.5839,1.674,3.3598,0.22063,3.061,2.0719,0.70236,2.5732,2.6858,3.1846,2.7281,6.2049,0.30635,2.8814,3.0179,4.7378,2.8803,0.44667,2.251,2.3062,3.5333,1.2861,2.9887,4.1306,1.2352,2.427,3.3989,1.045,3.0362,3.9036,2.2955,2.2282,3.6926,1.1676,1.6837,3.7323,2.4404,2.3715,4.6005,2.4548,2.709,4.08,1.3678,2.67,4.3775,1.9133,1.7883,3.8023,1.2427,2.6526,3.7557,2.287,2.4197,4.8089,1.6082,2.5537,3.5324,2.1672,2.2774,4.164,0.74184,1.9555,3.2853,2.1881,2.4216,3.5963,2.2083,2.3774,3.5411,2.271,1.9936,5.0146,2.574,2.2647,4.7801,2.3045,2.2555,3.7286,1.3471,1.5991,3.8896,2.17,2.6318,4.6086,1.9188,1.8283,3.8075,0.77806,2.0926,4.1389,1.5887,1.7213,4.2395,2.2175,2.6359,4.6843,1.4475,2.3957,3.2643,6.0906,2.9242,2.4137,1.8554,1.777,3.5511,1.8381,2.8649,4.1077,2.1584,1.9655,4.9112,1.2409,2.594,4.4392,2.0079,2.1524,4.8917,1.6072,1.6572,3.9595,1.615,2.0636,3.2945,1.1011,2.6627,3.6301,1.0051,2.7706,3.8467,1.4979,2.5061,3.9237,1.1725,2.6832,3.652,1.7972,1.6131,4.0653,0.95333,2.4595,2.8576,2.0169,2.1714,4.5017,0.40658,2.7073,3.1575,1.0204,1.9183,4.2737,0.99352,2.2927,3.1267,1.7247,2.4176,4.6134,0.93764,2.0192,2.8705,0.71798,1.9578,2.7369,1.5896,1.644,3.9654,0.97487,2.44,2.9151,1.3195,1.558,3.8577,2.7235,2.5685,4.6123,1.067,2.239,3.5467,1.2009,2.6921,3.7141,1.9801,1.9844,4.5291,1.0138,1.9335,4.2649,1.8873,1.7008,3.4855,1.6609,2.5614,3.9943,2.1482,2.5304,4.8491,2.0617,2.4238,3.5998,1.3912,2.9976,3.5963,1.4635,1.5162,4.1799,0.6052,2.9798,3.6273,1.612,1.6295,4.1967,0.72574,1.9795,2.7333,0.74908,2.2069,3.9892,2.6274,2.5716,4.5196,2.0691,2.0736,3.4087,1.4788,2.773,3.6273,1.0304,2.343,3.5091,2.5983,2.0882,4.6205,1.4501,1.7099,4.4324,1.5506,2.5674,3.6495,2.0619,2.4062,4.1489,2.618,2.326,4.8925,0.58393,2.5253,3.1093
1801.6,0.13171,125.96,15.913,0.22335,811.27,1.4339,1.7751,4.098,1.289,2.2507,4.2803,1.1256,1.9185,4.2426,2.4265,2.6223,4.2922,0.85547,2.0066,4.3143,1.5173,2.5953,3.899,3.3281,2.8125,6.216,1.1092,1.9185,4.2507,1.7381,1.5733,4.1958,1.3065,2.2244,4.357,0.81179,2.0511,4.2097,3.0131,2.8268,4.5818,5.4477,2.6322,1.1802,1.3456,2.6655,3.727,0.8553,2.1273,2.9787,2.5802,2.1762,4.6544,1.4401,1.6167,3.9407,0.60574,2.659,3.7343,2.0659,1.7626,3.5387,1.0581,2.3797,3.2025,0.077616,2.3131,3.2903,1.7491,1.6704,3.4305,1.8418,2.6974,4.094,1.8015,1.7417,3.4265,1.425,1.5869,3.9682,0.39017,2.1832,3.1073,2.132,2.4141,4.504,1.4507,1.7155,3.2059,0.82286,1.963,2.7534,3.33,2.8262,6.1725,2.0871,1.8071,3.5492,1.1056,2.7268,3.0265,1.8565,2.5988,4.0968,0.69353,1.9645,2.8217,1.0368,2.3981,3.1537,1.9521,1.9231,4.5774,1.7516,1.6095,3.9097,0.53486,2.1913,3.7872,1.2091,2.5882,3.7814,0.87599,2.148,3.1345,2.7263,2.3777,4.5125,2.2198,2.2482,4.8464,1.5338,1.6828,3.9692,1.9247,1.9342,4.5436,1.5314,2.226,3.2394,0.68574,2.21,2.9853,2.4791,2.4594,4.4679,1.8549,2.6028,4.6371,1.7977,2.609,4.6042,2.7391,2.4172,4.5964,1.2703,2.5694,3.8413,1.8093,2.2958,4.4217,1.82,2.9491,3.74,0.6669,2.4789,2.6226,1.46,2.1359,4.6346,2.0433,2.97,3.9582,0.28019,2.4125,3.2845,1.6682,1.5634,4.0618,0.65386,2.084,2.9949,2.2606,2.27,4.6738,0.80264,2.5169,3.2682,0.88247,2.164,3.1158,6.164,2.8786,1.6884,2.1136,2.0726,4.754,2.7034,2.4276,4.5662,2.5261,2.2418,5.0014,1.9165,2.5878,4.2028,1.0799,1.7165,4.0535,4.6638,2.7997,0.52009,0.80695,2.1347,2.9717,1.3192,2.0893,4.392,0.9986,2.1482,3.417,2.0655,2.6414,4.2955,1.758,1.5099,4.1137,1.3003,2.5263,3.1726,0.80343,2.514,3.6991,2.1005,1.8338,3.6396,1.5163,2.4944,3.4331,1.5933,2.5939,3.6715,1.5911,1.5921,4.2383,1.8587,2.625,4.2888,1.9629,2.6334,4.4288,3.6039,2.7274,0.059692,1.7614,1.5021,4.1015,1.8462,1.9997,3.4817,2.0248,2.9286,4.8426,1.2779,2.54,3.2416,2.574,2.4355,4.8941,1.1052,2.624,4.0067,1.5274,2.4697,3.4573,1.0878,1.8501,4.0571,1.703,1.5246,4.043,1.7936,1.9879,3.4036,0.27408,2.901,3.3349,2.9638,2.288,4.7184,1.2905,1.9473,4.2366,1.3548,2.6291,3.5482,1.3898,2.4745,3.3583,1.9117,1.8803,3.6224,1.9473,2.5214,4.0831,1.0054,2.3057,3.1399,2.5459,1.9749,5.1497,1.2808,2.6307,3.4612,1.3069,2.5075,3.2649,0.47061,2.8962,3.5128,0.6081,1.8703,2.7192,1.5859,1.9661,4.5351,1.456,1.7538,4.1572,5.1924,2.8318,1.4927,0.80142,2.0834,2.8334,1.0955,2.6797,4.036,2.2968,2.4974,3.6,2.4794,2.3732,4.7629,2.975,2.6268,4.6598,2.1004,2.5021,4.4396,2.377,2.1996,4.3268,0.70338,2.1342,3.1721,0.59907,2.4085,3.172,0.58626,2.1399,3.6963,2.39,2.4048,4.5469,0.99581,2.407,3.1014,1.2149,1.6504,4.2536,1.6366,2.0392,3.3774,5.9035,2.6357,1.6348,3.4998,2.8903,0.23901,0.85099,2.3689,3.0859,1.6767,1.6001,4.0486,1.5291,1.9163,3.1733,0.78534,2.4222,2.9597,2.1532,2.3093,4.7949,1.2496,2.5689,3.2143,1.0258,1.9391,3.5081,0.36531,1.9836,3.3343,1.7573,1.9998,3.3568,2.4048,2.1908,4.2951,2.2514,2.1215,5.0123,1.2321,1.6305,3.8518,0.70689,1.9769,2.8055,2.2591,2.1494,5.0587,2.4142,2.2746,4.6271,1.5804,2.4862,3.9656,4.5052,2.8349,0.44286,1.9667,2.4903,4.0495,0.8004,1.9458,4.1082,1.4076,2.6611,4.3227,3.8868,2.7768,0.17879,1.5727,1.6984,3.3134,0.1983,2.2959,3.2215,5.0978,2.8387,1.0747,0.73487,2.7061,3.4481,1.4035,2.546,3.0462,2.1946,2.0613,4.9133,1.452,1.9851,4.4389,1.5288,1.6286,3.3268,1.4305,2.9062,3.3721,0.65844,2.3917,3.011,0.87246,2.4298,3.0547,0.24232,2.593,3.3135,1.6927,2.3741,4.2266,0.67457,2.4138,2.9408,0.97282,2.3445,3.5214,1.393,1.7467,4.2655,0.31827,2.3371,3.3471,1.5252,1.5844,3.3148,0.63308,2.3993,2.9875,3.4651,2.8404,0.13601,1.893,2.5491,3.9863,2.0886,2.2015,4.6877,2.2516,2.7449,4.8265,1.9251,1.8428,3.8094,1.286,1.6892,3.7314,2.2268,2.0903,4.985,1.3437,2.58,3.8662,1.0056,3.048,2.8251,4.8097,2.8764,0.51446,1.4309,2.7098,4.4647,1.9407,1.8779,3.8769,1.381,2.6573,3.0343,0.71058,2.7154,3.3596,1.0893,2.8792,4.2651,0.86031,2.5426,2.8169,0.68078,2.0572,2.8974,0.5333,2.4199,3.3515,1.5595,2.1529,4.3588,1.5936,2.7223,4.5884,0.49184,2.014,2.8987,2.0141,1.8085,3.792,1.1783,1.7245,3.7321,2.1945,2.6375,4.606,1.3313,1.6784,4.0757,1.3152,2.1391,3.1284,0.57309,2.0427,2.9458,0.57229,2.4098,2.7272,1.7108,2.4303,4.2282,2.1952,2.6148,4.6481,0.52628,2.0395,2.8905,1.5846,1.6735,3.3615,0.20158,3.0614,2.0505,0.70385,2.5767,2.686,3.1963,2.726,6.2175,0.3215,2.8806,3.0354,4.7417,2.8772,0.45196,2.2501,2.3024,3.5275,1.2873,2.985,4.1332,1.2294,2.4296,3.3953,1.0427,3.0346,3.9042,2.2931,2.228,3.6885,1.166,1.6765,3.7362,2.4403,2.3722,4.601,2.4498,2.71,4.0819,1.3705,2.6699,4.3773,1.9141,1.7818,3.8001,1.2453,2.649,3.7579,2.2854,2.4186,4.8025,1.6065,2.5531,3.5388,2.1679,2.2819,4.168,0.73949,1.9583,3.2811,2.183,2.4224,3.5903,2.2035,2.3756,3.5326,2.2736,1.9947,5.016,2.5714,2.2637,4.7797,2.3018,2.2569,3.7259,1.3462,1.5994,3.8901,2.1614,2.6275,4.597,1.9201,1.8234,3.8043,0.77844,2.0906,4.145,1.5877,1.7179,4.2386,2.2109,2.6326,4.6754,1.4479,2.3965,3.2648,6.0974,2.9256,2.4221,1.8569,1.7762,3.5533,1.8358,2.8587,4.1036,2.1636,1.9656,4.9157,1.2439,2.5944,4.4444,2.0123,2.1533,4.8929,1.6072,1.6533,3.9593,1.6163,2.0661,3.2921,1.1019,2.6605,3.6297,1.0062,2.7692,3.8451,1.5016,2.5082,3.9276,1.173,2.6807,3.6506,1.7952,1.6082,4.0647,0.95463,2.46,2.8603,2.0224,2.1756,4.5071,0.41713,2.7026,3.1673,1.0174,1.9166,4.2735,0.99403,2.2921,3.1294,1.7286,2.4182,4.6148,0.93566,2.0175,2.8703,0.71727,1.957,2.7366,1.589,1.6406,3.9654,0.97594,2.4399,2.9195,1.3168,1.5561,3.8589,2.7227,2.5681,4.6126,1.0653,2.2442,3.5426,1.2033,2.6889,3.7158,1.9806,1.9848,4.5318,1.0117,1.9321,4.2657,1.8891,1.702,3.4872,1.6606,2.5633,3.9938,2.1499,2.53,4.8469,2.0579,2.4259,3.5951,1.401,2.9939,3.6055,1.4641,1.5184,4.1782,0.60106,2.9792,3.6241,1.6126,1.6265,4.1956,0.72522,1.9788,2.7331,0.75107,2.2082,3.9905,2.6257,2.5707,4.5204,2.0727,2.0715,3.4089,1.4826,2.7684,3.6328,1.0271,2.3489,3.5034,2.6022,2.092,4.6282,1.4487,1.7099,4.4333,1.5495,2.5673,3.6531,2.0626,2.4104,4.1525,2.6161,2.3249,4.89,0.58838,2.5258,3.1138
1801.6,0.13171,125.96,15.913,0.23229,827.73,1.431,1.7721,4.0963,1.2913,2.2511,4.284,1.1223,1.9162,4.2416,2.4247,2.6211,4.2931,0.85489,2.0058,4.3163,1.5173,2.598,3.899,3.3383,2.8102,6.2287,1.1055,1.916,4.251,1.7382,1.569,4.1935,1.3067,2.2238,4.3618,0.81081,2.0509,4.2105,3.0157,2.8262,4.5834,5.4421,2.6264,1.1753,1.3456,2.6638,3.7264,0.85166,2.1262,2.9769,2.5843,2.1797,4.6618,1.438,1.6156,3.9417,0.60217,2.6619,3.7267,2.0685,1.7619,3.5413,1.0525,2.3794,3.201,0.069769,2.3138,3.2792,1.7476,1.6692,3.4323,1.8383,2.694,4.0904,1.8023,1.743,3.4279,1.4239,1.5854,3.9688,0.39078,2.1842,3.1051,2.1339,2.4148,4.5059,1.4494,1.7173,3.2057,0.8219,1.9636,2.7534,3.3451,2.8245,6.189,2.0917,1.8075,3.553,1.11,2.7275,3.0327,1.8588,2.5995,4.1013,0.69478,1.9668,2.8223,1.0338,2.3969,3.1554,1.955,1.923,4.581,1.7538,1.6086,3.911,0.53727,2.1901,3.7905,1.2124,2.5907,3.7848,0.87259,2.1499,3.1314,2.7315,2.3794,4.518,2.2252,2.2505,4.8521,1.5361,1.6827,3.9703,1.9272,1.9347,4.5457,1.5333,2.2271,3.2386,0.68204,2.2129,2.9812,2.481,2.4616,4.4732,1.8508,2.6036,4.6256,1.794,2.6093,4.595,2.7481,2.4197,4.6096,1.2696,2.5713,3.8377,1.8157,2.2987,4.4266,1.8167,2.9459,3.7365,0.67135,2.4797,2.6264,1.4548,2.1396,4.6322,2.0433,2.9659,3.9572,0.27711,2.4125,3.2807,1.6686,1.5622,4.0609,0.65212,2.0845,2.9923,2.2602,2.2705,4.673,0.80437,2.5132,3.2745,0.8802,2.1655,3.1133,6.16,2.8774,1.6834,2.1199,2.0757,4.7609,2.7094,2.4296,4.5759,2.5244,2.2383,4.9973,1.9152,2.5838,4.201,1.0798,1.7121,4.0572,4.6638,2.7943,0.52025,0.80506,2.1352,2.9705,1.3207,2.0892,4.3961,0.99585,2.151,3.4134,2.0603,2.6379,4.2897,1.7605,1.5062,4.1121,1.3048,2.5255,3.1742,0.80549,2.5165,3.6967,2.1027,1.8306,3.6367,1.5142,2.4967,3.4338,1.5938,2.5957,3.6772,1.5888,1.592,4.2378,1.8543,2.6199,4.2824,1.9611,2.6283,4.4263,3.6133,2.7244,0.068001,1.7641,1.4988,4.0989,1.8526,1.9992,3.4843,2.0207,2.9284,4.8387,1.281,2.54,3.245,2.5723,2.4351,4.8911,1.1064,2.6244,4.0028,1.5252,2.4713,3.4581,1.0846,1.85,4.0565,1.7052,1.5225,4.0418,1.798,1.9866,3.4035,0.27579,2.8991,3.3364,2.9663,2.2864,4.7215,1.2891,1.947,4.238,1.3571,2.6287,3.5544,1.3877,2.4756,3.3599,1.9151,1.8768,3.6202,1.9481,2.5252,4.0876,1.0024,2.3061,3.1388,2.5452,1.9741,5.1498,1.2829,2.6298,3.467,1.3017,2.5087,3.2627,0.47591,2.8938,3.5176,0.60641,1.871,2.7144,1.5804,1.9644,4.5351,1.4561,1.7509,4.1579,5.1818,2.8288,1.481,0.80031,2.0826,2.8342,1.0962,2.6817,4.0331,2.3037,2.4953,3.6021,2.476,2.3708,4.757,2.9824,2.6234,4.6653,2.0999,2.5025,4.4381,2.3792,2.2041,4.3332,0.69829,2.1387,3.1628,0.60799,2.4064,3.1813,0.58647,2.1399,3.6962,2.3922,2.4038,4.5519,1.004,2.4048,3.1095,1.2122,1.6538,4.2509,1.6336,2.0393,3.3741,5.8925,2.6323,1.6232,3.5041,2.8883,0.24415,0.84856,2.3673,3.0869,1.677,1.599,4.0475,1.5309,1.9181,3.1736,0.78533,2.4207,2.9617,2.1544,2.3079,4.7915,1.2523,2.57,3.2183,1.0266,1.9374,3.5086,0.35878,1.9854,3.3385,1.76,1.998,3.3537,2.4076,2.196,4.3016,2.2551,2.1191,5.0128,1.2292,1.6273,3.8519,0.70697,1.9767,2.806,2.2625,2.1479,5.0601,2.4172,2.2772,4.6323,1.5805,2.4909,3.9652,4.5122,2.8294,0.45168,1.9678,2.4967,4.0525,0.79937,1.9459,4.1075,1.4154,2.664,4.3249,3.8979,2.774,0.19118,1.5754,1.7027,3.3149,0.19592,2.2958,3.2166,5.0993,2.833,1.0788,0.73715,2.7036,3.45,1.4059,2.5473,3.0458,2.1983,2.0587,4.9131,1.4497,1.9803,4.442,1.5289,1.6283,3.3283,1.4321,2.9059,3.3714,0.66454,2.3898,3.02,0.87063,2.4289,3.0565,0.24176,2.592,3.3106,1.6968,2.3786,4.2312,0.6813,2.4128,2.9477,0.96815,2.3514,3.5143,1.3928,1.7448,4.2637,0.31792,2.3374,3.3452,1.5251,1.5825,3.3163,0.63802,2.3982,2.9948,3.477,2.8385,0.14876,1.8895,2.5485,3.9855,2.0931,2.2014,4.6909,2.2388,2.7425,4.8099,1.9261,1.8368,3.8065,1.2857,1.6854,3.7326,2.2299,2.088,4.9853,1.3422,2.5779,3.862,0.99732,3.0475,2.8161,4.8125,2.8723,0.51842,1.436,2.7097,4.4676,1.9426,1.8751,3.8774,1.3853,2.6583,3.0407,0.71674,2.7136,3.3667,1.0956,2.8774,4.2709,0.86876,2.5437,2.8238,0.68143,2.0608,2.8967,0.53446,2.4204,3.3506,1.5595,2.1506,4.3639,1.6024,2.7226,4.5943,0.48791,2.0154,2.8918,2.0152,1.8061,3.7919,1.1774,1.7197,3.7354,2.192,2.6357,4.601,1.329,1.6822,4.0725,1.3123,2.1379,3.1267,0.57055,2.0446,2.9405,0.57623,2.4084,2.7331,1.7151,2.4365,4.2307,2.1897,2.6114,4.6397,0.52349,2.0404,2.8855,1.5853,1.673,3.363,0.18212,3.0618,2.0288,0.70503,2.5803,2.686,3.2075,2.724,6.2296,0.33627,2.8799,3.0523,4.7457,2.8745,0.45728,2.2494,2.2986,3.5218,1.288,2.9813,4.1354,1.2238,2.4318,3.3919,1.0395,3.0331,3.9038,2.2908,2.228,3.6844,1.1645,1.6694,3.74,2.4403,2.3729,4.6015,2.4447,2.711,4.0838,1.3731,2.6697,4.3769,1.9148,1.7755,3.798,1.2479,2.6454,3.7599,2.284,2.4176,4.7965,1.605,2.5527,3.5449,2.1687,2.2863,4.1721,0.73715,1.9611,3.277,2.1781,2.4232,3.5843,2.1988,2.3738,3.524,2.2761,1.9956,5.0172,2.5688,2.2626,4.7792,2.2992,2.2585,3.7233,1.3454,1.5996,3.8907,2.1532,2.6232,4.5857,1.9214,1.8185,3.8012,0.77883,2.0884,4.1509,1.5868,1.7146,4.2378,2.2044,2.6294,4.6666,1.4483,2.3972,3.2651,6.1044,2.927,2.4306,1.8583,1.7755,3.5553,1.8337,2.8528,4.0997,2.1686,1.9656,4.9199,1.2468,2.5947,4.4493,2.0167,2.1544,4.894,1.6072,1.6494,3.9593,1.6176,2.0684,3.2899,1.1027,2.6583,3.6294,1.0073,2.7678,3.8433,1.5052,2.5103,3.9314,1.1735,2.6782,3.6492,1.7934,1.6034,4.0643,0.95594,2.4605,2.8629,2.0278,2.1797,4.5124,0.42724,2.698,3.1768,1.0145,1.9148,4.2734,0.99453,2.2914,3.1319,1.7326,2.4188,4.6161,0.93371,2.0158,2.8701,0.7166,1.9562,2.7363,1.5883,1.6374,3.9654,0.97693,2.4399,2.9238,1.3141,1.554,3.86,2.7216,2.5677,4.6128,1.0638,2.2493,3.5385,1.2056,2.6856,3.7175,1.9811,1.9851,4.5344,1.0097,1.9306,4.2665,1.8909,1.7032,3.4888,1.6603,2.565,3.9934,2.1516,2.5296,4.8448,2.0542,2.4281,3.5904,1.4105,2.9902,3.6147,1.4646,1.5207,4.1765,0.59686,2.9785,3.6208,1.6134,1.6235,4.1944,0.72471,1.978,2.733,0.75297,2.2094,3.9917,2.624,2.5699,4.5213,2.0763,2.0695,3.4092,1.4862,2.7639,3.6382,1.0239,2.3545,3.4978,2.606,2.0957,4.6356,1.4473,1.71,4.4342,1.5484,2.5673,3.6567,2.0634,2.4145,4.1561,2.6143,2.3238,4.8876,0.59271,2.5263,3.1182
1801.6,0.13171,125.96,15.913,0.24122,845.16,1.4284,1.7693,4.0946,1.2934,2.2516,4.2875,1.119,1.9141,4.2406,2.4229,2.6199,4.2944,0.8543,2.0052,4.3183,1.5174,2.6003,3.8988,3.3485,2.8077,6.2408,1.1018,1.9135,4.2514,1.7384,1.565,4.1911,1.3066,2.2233,4.3664,0.80989,2.0507,4.2115,3.0184,2.8257,4.5848,5.4368,2.6208,1.1712,1.3455,2.6622,3.7258,0.84807,2.1251,2.9751,2.5882,2.1828,4.6688,1.4358,1.6147,3.9426,0.59845,2.6646,3.7191,2.0712,1.7613,3.5438,1.0467,2.3794,3.1992,0.061986,2.3144,3.2681,1.7462,1.6678,3.4343,1.8351,2.6908,4.0873,1.8032,1.7443,3.4291,1.4227,1.584,3.9692,0.39143,2.1849,3.1031,2.1356,2.4154,4.5076,1.448,1.7191,3.2056,0.82097,1.964,2.7535,3.3607,2.8227,6.2057,2.0961,1.8079,3.5567,1.1145,2.7284,3.0389,1.861,2.6001,4.1056,0.69592,1.969,2.8228,1.0309,2.3958,3.1569,1.9579,1.9229,4.5847,1.7558,1.6078,3.9123,0.5398,2.189,3.794,1.2158,2.5929,3.7884,0.86937,2.1514,3.1285,2.7365,2.3809,4.523,2.2303,2.2525,4.8577,1.5382,1.6824,3.9714,1.9296,1.9351,4.548,1.5352,2.2281,3.2378,0.67882,2.2155,2.9779,2.4827,2.4636,4.4782,1.8467,2.6041,4.6142,1.7905,2.6097,4.5859,2.7566,2.422,4.6221,1.2688,2.573,3.8342,1.8218,2.3015,4.4314,1.8134,2.9428,3.7329,0.67551,2.4803,2.6299,1.4496,2.1432,4.6294,2.0435,2.9618,3.9564,0.27414,2.4124,3.2771,1.6691,1.561,4.06,0.65046,2.085,2.9899,2.2597,2.271,4.6721,0.80551,2.5096,3.2802,0.87818,2.1669,3.1111,6.1564,2.8763,1.679,2.1262,2.0785,4.7675,2.7151,2.4314,4.5849,2.5228,2.2348,4.9938,1.9142,2.5803,4.1996,1.0797,1.7079,4.0608,4.6636,2.7894,0.5202,0.80328,2.1357,2.9695,1.3222,2.0892,4.3999,0.9931,2.1539,3.4099,2.0553,2.6345,4.2842,1.763,1.5027,4.1104,1.3093,2.5249,3.1756,0.80756,2.5189,3.6943,2.1049,1.8275,3.6339,1.5124,2.499,3.4349,1.5944,2.5974,3.6832,1.5866,1.5921,4.2372,1.8503,2.6151,4.2765,1.9597,2.6236,4.424,3.6224,2.7213,0.07597,1.7669,1.4954,4.0963,1.859,1.9987,3.487,2.0167,2.928,4.8344,1.2839,2.5402,3.2482,2.5706,2.4349,4.8882,1.1076,2.6247,3.9987,1.5231,2.4729,3.4588,1.0814,1.8496,4.056,1.7075,1.5206,4.0405,1.8023,1.9853,3.4036,0.27757,2.8972,3.3378,2.9685,2.2849,4.7244,1.2875,1.9467,4.2394,1.3595,2.6283,3.5605,1.3855,2.4767,3.3614,1.9185,1.8734,3.6182,1.949,2.5286,4.0918,0.9995,2.3066,3.1378,2.5445,1.9735,5.1498,1.2848,2.6292,3.4725,1.2966,2.5098,3.2605,0.48111,2.8914,3.5222,0.60487,1.8716,2.7098,1.5748,1.9627,4.5349,1.456,1.748,4.1587,5.1714,2.8258,1.4694,0.79919,2.082,2.835,1.0967,2.6835,4.0302,2.3101,2.4931,3.604,2.4729,2.3685,4.7516,2.9895,2.6201,4.6704,2.0994,2.503,4.4367,2.3813,2.2086,4.3397,0.6935,2.1426,3.1544,0.61631,2.4047,3.1899,0.58674,2.1399,3.696,2.3942,2.4027,4.5566,1.0116,2.403,3.117,1.2095,1.6571,4.2483,1.6305,2.0393,3.3707,5.8822,2.6291,1.6123,3.5079,2.8862,0.24848,0.84592,2.3657,3.0875,1.6774,1.5979,4.0466,1.5327,1.9199,3.1741,0.78531,2.4193,2.9637,2.1558,2.3066,4.7884,1.255,2.571,3.2221,1.0272,1.9356,3.5092,0.35283,1.9869,3.3428,1.7629,1.9961,3.3509,2.4107,2.2012,4.3084,2.2587,2.1169,5.0136,1.2264,1.6244,3.8519,0.70694,1.9764,2.8063,2.2658,2.1464,5.0614,2.4203,2.2795,4.6374,1.5804,2.4951,3.9645,4.5191,2.8243,0.46033,1.9688,2.503,4.0556,0.79842,1.9458,4.107,1.4228,2.6668,4.3266,3.9085,2.7713,0.20308,1.578,1.7071,3.3164,0.19388,2.2956,3.2119,5.1011,2.8275,1.0828,0.73908,2.7012,3.4516,1.4082,2.5487,3.0453,2.2021,2.0561,4.9131,1.4474,1.9756,4.4449,1.5291,1.6278,3.3298,1.4334,2.9057,3.3704,0.67012,2.388,3.0282,0.86879,2.428,3.0583,0.24125,2.591,3.308,1.7008,2.3828,4.2357,0.68794,2.4121,2.9546,0.96344,2.358,3.5069,1.3926,1.7429,4.262,0.3175,2.3379,3.3431,1.525,1.5805,3.3178,0.64283,2.3972,3.002,3.4881,2.8366,0.1608,1.8859,2.548,3.9848,2.0973,2.2013,4.6941,2.2264,2.7399,4.7938,1.9271,1.8308,3.8039,1.2853,1.6818,3.7339,2.2328,2.0857,4.9855,1.3406,2.576,3.8579,0.98899,3.047,2.8071,4.8151,2.8683,0.52246,1.4406,2.7094,4.4702,1.9447,1.8722,3.8779,1.3897,2.6592,3.0472,0.72245,2.712,3.3731,1.1018,2.8755,4.2765,0.87693,2.5448,2.8306,0.68217,2.0643,2.8962,0.53557,2.4209,3.3496,1.5596,2.1482,4.3689,1.6107,2.7228,4.5997,0.48427,2.0168,2.8852,2.0161,1.8037,3.7919,1.1764,1.7151,3.7384,2.1899,2.634,4.5964,1.3268,1.6857,4.0694,1.3092,2.1366,3.125,0.56808,2.0463,2.9355,0.58014,2.4069,2.7391,1.7192,2.4423,4.2328,2.1844,2.6082,4.6317,0.5209,2.0412,2.881,1.5858,1.6725,3.3647,0.16285,3.0622,2.0073,0.70586,2.5839,2.6855,3.2183,2.7217,6.2412,0.35088,2.8789,3.0691,4.7495,2.8718,0.46261,2.249,2.2951,3.5167,1.2884,2.9779,4.1369,1.2184,2.4338,3.3889,1.0358,3.0316,3.9028,2.2886,2.2279,3.6803,1.1629,1.6624,3.7436,2.4403,2.3735,4.602,2.44,2.7118,4.0859,1.3756,2.6697,4.3764,1.9156,1.7693,3.7962,1.2503,2.6421,3.7619,2.2829,2.4167,4.7908,1.6033,2.5524,3.5508,2.1695,2.2905,4.1763,0.73481,1.9639,3.273,2.1733,2.4238,3.5783,2.1943,2.3719,3.5156,2.2782,1.9965,5.0182,2.5662,2.2616,4.7787,2.2964,2.26,3.7206,1.3446,1.5997,3.8912,2.1454,2.619,4.575,1.9227,1.8137,3.7983,0.77924,2.0864,4.1568,1.5858,1.7115,4.2368,2.1983,2.6263,4.6583,1.4487,2.3981,3.2656,6.1115,2.9282,2.4392,1.8598,1.7746,3.5573,1.832,2.8469,4.0963,2.1733,1.9654,4.9239,1.2495,2.5951,4.4542,2.0209,2.1554,4.8949,1.6072,1.6458,3.9592,1.6191,2.0706,3.2877,1.1032,2.6563,3.629,1.0082,2.7664,3.8415,1.5088,2.5121,3.9351,1.174,2.676,3.6478,1.7915,1.599,4.0638,0.95727,2.461,2.8655,2.0331,2.1837,4.5176,0.43689,2.6933,3.1856,1.0115,1.9131,4.2731,0.99496,2.2907,3.1344,1.7365,2.4192,4.6176,0.93173,2.0142,2.8698,0.71593,1.9553,2.7361,1.5878,1.6343,3.9654,0.97781,2.44,2.9279,1.3114,1.5521,3.8611,2.7205,2.5673,4.6128,1.0621,2.2544,3.5343,1.2079,2.6827,3.7191,1.9817,1.9856,4.5369,1.0078,1.9292,4.2674,1.8928,1.7043,3.4905,1.6601,2.5667,3.9929,2.1533,2.5291,4.8427,2.0506,2.4302,3.5858,1.42,2.9864,3.6237,1.4651,1.5228,4.1749,0.59261,2.9779,3.6175,1.6143,1.6208,4.1933,0.72422,1.9773,2.733,0.75476,2.2109,3.9927,2.6223,2.5691,4.5222,2.08,2.0676,3.4095,1.4899,2.7597,3.6438,1.0208,2.3599,3.4926,2.6098,2.0993,4.643,1.4459,1.7104,4.4351,1.5474,2.5673,3.6602,2.064,2.4182,4.1595,2.6126,2.3228,4.8852,0.59696,2.5269,3.1225
1801.6,0.13171,125.96,15.913,0.25015,861.77,1.4257,1.7666,4.093,1.2957,2.252,4.2911,1.1157,1.912,4.2396,2.4212,2.6187,4.2956,0.8537,2.0045,4.3202,1.5174,2.6027,3.8986,3.3585,2.8053,6.2446,1.0983,1.911,4.2517,1.7387,1.5612,4.1889,1.3066,2.2227,4.3708,0.80904,2.0503,4.2126,3.0208,2.8251,4.5861,5.4318,2.6153,1.1674,1.3453,2.6607,3.725,0.84452,2.1238,2.9732,2.5919,2.1858,4.6757,1.4336,1.6138,3.9435,0.59481,2.6672,3.7115,2.0738,1.7605,3.5463,1.0407,2.3794,3.1971,0.05432,2.3149,3.2575,1.7449,1.6665,3.4362,1.8321,2.6874,4.0844,1.8039,1.7456,3.4303,1.4214,1.5827,3.9696,0.39207,2.1856,3.101,2.1374,2.4161,4.5092,1.4467,1.7208,3.2055,0.82004,1.9643,2.7536,3.3763,2.8209,6.2208,2.1006,1.8081,3.5604,1.1192,2.7291,3.045,1.8633,2.6007,4.1099,0.69692,1.9711,2.8232,1.0278,2.3947,3.1582,1.9608,1.9229,4.5884,1.7577,1.6074,3.9135,0.5424,2.1878,3.7975,1.2192,2.5948,3.7919,0.86623,2.1531,3.1258,2.7412,2.3824,4.5277,2.2354,2.2544,4.8632,1.5403,1.682,3.9724,1.9321,1.9355,4.5501,1.5372,2.229,3.2371,0.67575,2.2181,2.9749,2.4845,2.4657,4.4832,1.8426,2.6048,4.603,1.7871,2.6099,4.577,2.7651,2.4241,4.6343,1.268,2.5748,3.8306,1.8281,2.3043,4.4361,1.8104,2.9399,3.7297,0.67949,2.4811,2.6331,1.4442,2.1469,4.6266,2.0439,2.9577,3.9557,0.2712,2.4122,3.2734,1.6695,1.5599,4.0592,0.64886,2.0853,2.9877,2.2591,2.2715,4.6711,0.80633,2.5061,3.2855,0.87625,2.1682,3.109,6.1534,2.8751,1.6751,2.1325,2.081,4.7738,2.7204,2.433,4.5937,2.5215,2.2314,4.9905,1.9135,2.5772,4.1984,1.0797,1.7037,4.0645,4.6632,2.7845,0.52006,0.80163,2.1362,2.9686,1.3238,2.0891,4.4037,0.9903,2.1567,3.4063,2.0506,2.6312,4.279,1.7655,1.4992,4.1086,1.3137,2.5242,3.1768,0.80961,2.5212,3.692,2.1072,1.8244,3.6313,1.5108,2.5012,3.4362,1.5953,2.5991,3.6894,1.5842,1.5923,4.2367,1.8465,2.6105,4.2705,1.9583,2.619,4.4217,3.6315,2.7182,0.083878,1.7696,1.4918,4.0936,1.8653,1.9981,3.4896,2.0122,2.9276,4.8298,1.2867,2.5402,3.2512,2.569,2.4347,4.8853,1.1087,2.625,3.9948,1.521,2.4745,3.4596,1.0782,1.8493,4.0557,1.7096,1.5187,4.0392,1.8067,1.9838,3.4037,0.27948,2.8954,3.3393,2.9708,2.2834,4.7271,1.286,1.9464,4.2407,1.3618,2.628,3.5666,1.3834,2.4778,3.3631,1.9217,1.8701,3.6163,1.9499,2.532,4.0962,0.99657,2.3069,3.1368,2.5438,1.9729,5.1498,1.2868,2.6284,3.4779,1.2915,2.511,3.2583,0.4861,2.889,3.5266,0.60342,1.8721,2.7055,1.5692,1.961,4.5347,1.4559,1.7452,4.1594,5.1613,2.8229,1.4583,0.79814,2.0812,2.8357,1.0972,2.6853,4.0274,2.3164,2.4912,3.6056,2.4701,2.3665,4.7464,2.9962,2.6169,4.6749,2.0991,2.5035,4.4354,2.3833,2.2129,4.346,0.68883,2.1462,3.1464,0.62454,2.4028,3.1983,0.58711,2.1399,3.696,2.3961,2.4016,4.5613,1.0189,2.4012,3.1242,1.2069,1.6605,4.2459,1.6273,2.0393,3.3675,5.8722,2.6258,1.6018,3.5109,2.8842,0.25208,0.84319,2.3642,3.0878,1.6777,1.5969,4.0456,1.5345,1.9217,3.1746,0.78528,2.4178,2.9657,2.1573,2.3054,4.7855,1.2575,2.5721,3.2259,1.028,1.9337,3.5098,0.34719,1.9885,3.3467,1.7657,1.9943,3.3482,2.4141,2.2064,4.3155,2.2623,2.1147,5.0142,1.2236,1.6215,3.8519,0.70682,1.9761,2.8067,2.269,2.1448,5.0626,2.4233,2.2818,4.6424,1.5804,2.4994,3.9639,4.5257,2.819,0.46875,1.9699,2.5091,4.0586,0.79751,1.9458,4.1065,1.43,2.6696,4.3283,3.9189,2.7686,0.2147,1.5808,1.7114,3.318,0.19203,2.2954,3.2074,5.103,2.8221,1.0868,0.74083,2.6989,3.453,1.4103,2.55,3.0446,2.2059,2.0536,4.9131,1.4453,1.9712,4.4476,1.5291,1.6274,3.3313,1.4349,2.9053,3.3694,0.67542,2.3862,3.0361,0.86695,2.4271,3.0602,0.24068,2.5901,3.3053,1.7048,2.387,4.2402,0.69443,2.4113,2.9613,0.95868,2.3645,3.4996,1.3924,1.741,4.2601,0.31703,2.3381,3.3411,1.5248,1.5786,3.3193,0.64747,2.3962,3.009,3.4986,2.8346,0.17232,1.8824,2.5476,3.9842,2.1017,2.2013,4.6973,2.2147,2.7374,4.7782,1.928,1.8248,3.8014,1.285,1.6783,3.7351,2.2357,2.0836,4.9856,1.3391,2.5742,3.8538,0.98036,3.0466,2.7979,4.8175,2.8644,0.52642,1.4449,2.7091,4.4724,1.9467,1.8695,3.8786,1.3941,2.6601,3.0537,0.7278,2.7103,3.3792,1.1078,2.8736,4.2819,0.88474,2.546,2.8371,0.68292,2.0678,2.8958,0.53668,2.4215,3.3485,1.5598,2.1459,4.3739,1.6186,2.723,4.6048,0.48077,2.018,2.879,2.0171,1.8015,3.7919,1.1753,1.7105,3.7414,2.188,2.6324,4.5922,1.3245,1.6891,4.0663,1.3064,2.1353,3.1233,0.56568,2.0479,2.9305,0.58403,2.4056,2.7451,1.723,2.448,4.2347,2.1794,2.6051,4.624,0.5184,2.0419,2.8765,1.5864,1.6722,3.3664,0.14343,3.0624,1.9858,0.70643,2.5877,2.6847,3.2286,2.7196,6.2562,0.36528,2.8778,3.0856,4.7533,2.8692,0.46793,2.2487,2.2915,3.5114,1.2885,2.9747,4.1383,1.2133,2.4357,3.386,1.0315,3.0303,3.9012,2.2863,2.2279,3.6762,1.1613,1.6556,3.7474,2.4403,2.3741,4.6024,2.4354,2.7126,4.088,1.3779,2.6694,4.3758,1.9163,1.7633,3.7945,1.2525,2.6387,3.7638,2.282,2.416,4.7853,1.6016,2.552,3.5567,2.1703,2.2949,4.1805,0.7325,1.9666,3.2689,2.1686,2.4245,3.5723,2.1899,2.37,3.5072,2.2803,1.9972,5.0189,2.5637,2.2606,4.7783,2.2937,2.2616,3.7181,1.344,1.5996,3.8917,2.1378,2.6148,4.5645,1.9241,1.8089,3.7954,0.77965,2.0844,4.1627,1.5847,1.7083,4.2359,2.1923,2.6231,4.65,1.4492,2.3989,3.2659,6.1188,2.9294,2.448,1.8614,1.7739,3.5592,1.8305,2.8411,4.0931,2.178,1.9651,4.9276,1.2521,2.5953,4.4589,2.025,2.1565,4.8959,1.6073,1.6423,3.9591,1.6206,2.0729,3.2857,1.1039,2.6544,3.6286,1.0091,2.7651,3.8396,1.5123,2.514,3.9389,1.1744,2.6737,3.6464,1.7896,1.5946,4.0635,0.95862,2.4617,2.8681,2.0382,2.1875,4.5227,0.44619,2.6887,3.1941,1.0086,1.9114,4.2729,0.9954,2.2901,3.1368,1.7404,2.4195,4.6191,0.92978,2.0126,2.8695,0.71529,1.9544,2.7359,1.5873,1.6316,3.9654,0.97865,2.4401,2.9319,1.3087,1.5503,3.8623,2.7193,2.5669,4.6127,1.0603,2.2594,3.5302,1.21,2.6797,3.7207,1.9823,1.9859,4.5395,1.0059,1.9277,4.2682,1.8946,1.7054,3.4922,1.6597,2.5684,3.9924,2.1551,2.5288,4.8407,2.047,2.4323,3.5814,1.4292,2.9826,3.6326,1.4655,1.5248,4.1733,0.58831,2.9772,3.6142,1.6152,1.6182,4.1922,0.72374,1.9767,2.7328,0.75649,2.2122,3.9936,2.6206,2.5684,4.5231,2.0836,2.0656,3.4099,1.4934,2.7555,3.6493,1.0178,2.365,3.4874,2.6135,2.1028,4.6502,1.4445,1.7108,4.4359,1.5463,2.5674,3.6637,2.0647,2.422,4.163,2.6109,2.3217,4.8828,0.60114,2.5274,3.1267
1801.6,0.13171,125.96,15.913,0.25909,878.41,1.4231,1.764,4.0913,1.2979,2.2525,4.2947,1.1127,1.9101,4.2386,2.4195,2.6176,4.297,0.85308,2.0039,4.3221,1.5174,2.6051,3.8983,3.3682,2.8027,6.2754,1.0947,1.9086,4.2521,1.739,1.5575,4.1865,1.3064,2.222,4.3751,0.80825,2.05,4.2138,3.0232,2.8244,4.5872,5.4271,2.6099,1.1641,1.3449,2.6594,3.7241,0.84103,2.1226,2.9714,2.5954,2.1888,4.6822,1.4315,1.6129,3.9443,0.59118,2.6698,3.7039,2.0765,1.7598,3.5488,1.0347,2.3794,3.1946,0.046759,2.3154,3.2471,1.7434,1.6651,3.4381,1.8293,2.6841,4.0819,1.8048,1.7467,3.4316,1.4202,1.5815,3.9699,0.39271,2.1863,3.0991,2.1391,2.4168,4.5108,1.4453,1.7226,3.2053,0.81911,1.9644,2.7538,3.392,2.8189,6.242,2.1052,1.8081,3.5641,1.1236,2.73,3.0511,1.8657,2.6013,4.1144,0.69782,1.9731,2.8234,1.0247,2.3937,3.1594,1.9639,1.9228,4.592,1.7596,1.6072,3.9148,0.5451,2.1867,3.8012,1.2225,2.5968,3.7956,0.86322,2.1547,3.1232,2.7457,2.3837,4.5321,2.2405,2.2563,4.8686,1.5422,1.6813,3.9736,1.9347,1.9359,4.5523,1.5393,2.2301,3.2364,0.67296,2.2204,2.9723,2.4861,2.4676,4.4881,1.8386,2.6054,4.5918,1.7836,2.6102,4.5682,2.7733,2.426,4.6463,1.2671,2.5764,3.8271,1.8344,2.3072,4.4409,1.8073,2.9372,3.7264,0.6832,2.4818,2.6361,1.4388,2.1506,4.6235,2.0444,2.9536,3.9552,0.26829,2.4122,3.2698,1.6701,1.5588,4.0583,0.64735,2.0854,2.9856,2.2584,2.2718,4.6701,0.80672,2.5027,3.2904,0.87445,2.1695,3.1071,6.1508,2.8739,1.6717,2.1384,2.0834,4.7799,2.7254,2.4344,4.602,2.5203,2.2279,4.9874,1.9129,2.5745,4.1972,1.0795,1.6996,4.0681,4.6625,2.7801,0.51983,0.80016,2.1367,2.968,1.3254,2.0891,4.4075,0.98748,2.1595,3.4028,2.046,2.628,4.274,1.768,1.4956,4.1068,1.318,2.5235,3.1779,0.81165,2.5235,3.6897,2.1095,1.8214,3.6285,1.5095,2.5033,3.4381,1.5964,2.6008,3.6957,1.5819,1.5926,4.2361,1.8428,2.6063,4.2649,1.9571,2.6146,4.4196,3.6403,2.7151,0.091593,1.7724,1.4881,4.0907,1.8716,1.9974,3.4924,2.0076,2.9271,4.825,1.2894,2.5404,3.2541,2.5675,2.4345,4.8823,1.1098,2.6253,3.9909,1.519,2.4761,3.4605,1.0752,1.8486,4.0554,1.7118,1.5169,4.038,1.811,1.9825,3.4039,0.28149,2.8935,3.3408,2.973,2.282,4.7297,1.2844,1.9459,4.2421,1.3641,2.6277,3.5728,1.3815,2.479,3.3648,1.9252,1.8667,3.6145,1.9507,2.535,4.1003,0.99368,2.3073,3.1357,2.543,1.9723,5.1498,1.2887,2.6278,3.4835,1.2864,2.5121,3.2563,0.49089,2.8866,3.5307,0.60209,1.8725,2.7015,1.5635,1.9594,4.5343,1.4557,1.7424,4.1601,5.1516,2.8199,1.4474,0.79712,2.0805,2.8365,1.0974,2.687,4.0245,2.3227,2.4894,3.6073,2.4674,2.3644,4.7416,3.0027,2.6135,4.6793,2.0987,2.5039,4.4341,2.3855,2.2172,4.3524,0.68426,2.1497,3.1386,0.63245,2.4013,3.2064,0.58753,2.1399,3.696,2.398,2.4005,4.5659,1.0259,2.3996,3.131,1.2043,1.664,4.2435,1.624,2.0392,3.364,5.8626,2.6225,1.5918,3.5132,2.8822,0.25505,0.8403,2.363,3.0879,1.678,1.5959,4.0446,1.5363,1.9235,3.1752,0.78521,2.4163,2.9675,2.1588,2.3042,4.7827,1.2601,2.5734,3.2295,1.0287,1.9318,3.5105,0.34193,1.99,3.3505,1.7687,1.9924,3.3456,2.4177,2.2116,4.3229,2.2659,2.1124,5.015,1.2207,1.6186,3.8518,0.70662,1.9757,2.8067,2.2722,2.1431,5.0637,2.4262,2.284,4.6473,1.5804,2.5034,3.9633,4.5321,2.814,0.47695,1.9711,2.5151,4.0617,0.79665,1.9459,4.1061,1.437,2.6723,4.3298,3.9289,2.766,0.22596,1.5836,1.7158,3.3196,0.19037,2.2952,3.2032,5.1049,2.8169,1.091,0.74231,2.6967,3.4541,1.4121,2.5514,3.0437,2.2097,2.0512,4.9132,1.4432,1.9669,4.4503,1.5293,1.6269,3.3327,1.4362,2.9052,3.3684,0.68041,2.3846,3.0436,0.86506,2.4263,3.0618,0.24009,2.5891,3.3025,1.7087,2.391,4.2446,0.7008,2.4106,2.968,0.95385,2.3707,3.4922,1.3922,1.739,4.2583,0.31649,2.3384,3.3389,1.5246,1.5765,3.3208,0.65195,2.3951,3.0158,3.5089,2.8327,0.18341,1.879,2.5472,3.9836,2.106,2.2011,4.7005,2.2034,2.7348,4.7631,1.9289,1.8189,3.7991,1.2847,1.6749,3.7363,2.2386,2.0815,4.9859,1.3376,2.5725,3.8499,0.97149,3.0462,2.7883,4.8198,2.8606,0.53028,1.4489,2.7088,4.4743,1.9488,1.8667,3.8792,1.3983,2.661,3.06,0.73276,2.7088,3.3848,1.1136,2.8718,4.2873,0.89225,2.5472,2.8433,0.68372,2.0711,2.8955,0.53784,2.422,3.3476,1.56,2.1433,4.3788,1.6261,2.7232,4.6097,0.47748,2.0193,2.873,2.0181,1.7993,3.7919,1.1741,1.7059,3.7445,2.1864,2.631,4.5884,1.3222,1.6924,4.0634,1.3034,2.134,3.1217,0.56336,2.0494,2.9258,0.58786,2.4042,2.751,1.7267,2.4535,4.2364,2.1747,2.6021,4.6165,0.51602,2.0425,2.8724,1.5869,1.6719,3.3682,0.12391,3.0627,1.964,0.70671,2.5916,2.6838,3.2385,2.7176,6.2572,0.37954,2.8766,3.1021,4.757,2.8669,0.47325,2.2485,2.288,3.5065,1.2883,2.9714,4.1392,1.2082,2.4375,3.3831,1.0266,3.0288,3.8991,2.2841,2.2278,3.6721,1.1598,1.6488,3.7509,2.4403,2.3748,4.6031,2.431,2.7133,4.0904,1.3802,2.6694,4.3751,1.9172,1.7574,3.7929,1.2548,2.6354,3.7656,2.2812,2.4152,4.78,1.6001,2.5517,3.5626,2.1712,2.299,4.1848,0.7302,1.9692,3.2651,2.164,2.4251,3.5664,2.1855,2.3681,3.499,2.2822,1.998,5.0195,2.5612,2.2595,4.7778,2.2909,2.2632,3.7154,1.3434,1.5992,3.892,2.1306,2.6107,4.5544,1.9254,1.8041,3.7925,0.78005,2.0824,4.1684,1.5836,1.7053,4.2348,2.1865,2.62,4.6418,1.4496,2.3997,3.2663,6.1263,2.9306,2.4569,1.8629,1.7731,3.5611,1.8293,2.8354,4.0904,2.1824,1.9648,4.9312,1.2546,2.5957,4.4633,2.029,2.1574,4.8967,1.6074,1.6389,3.959,1.6222,2.0749,3.2838,1.1044,2.6525,3.628,1.0099,2.7637,3.8376,1.5157,2.5156,3.9426,1.1749,2.6716,3.6451,1.7877,1.5905,4.0631,0.96002,2.4623,2.8708,2.0434,2.1912,4.5277,0.45512,2.6842,3.2023,1.0057,1.9097,4.2726,0.99578,2.2896,3.1391,1.7442,2.4199,4.6205,0.92784,2.0111,2.8691,0.71468,1.9534,2.7357,1.5868,1.629,3.9654,0.97942,2.4403,2.9358,1.306,1.5484,3.8633,2.7181,2.5664,4.6125,1.0586,2.2645,3.5261,1.2121,2.6767,3.7222,1.983,1.9863,4.5419,1.004,1.9262,4.2691,1.8965,1.7065,3.4937,1.6594,2.57,3.9921,2.1569,2.5284,4.8389,2.0435,2.4344,3.577,1.4383,2.9788,3.6414,1.466,1.5268,4.1718,0.58396,2.9765,3.6107,1.6162,1.6157,4.191,0.72325,1.9759,2.7327,0.75813,2.2137,3.9946,2.619,2.5675,4.5241,2.0871,2.0636,3.4103,1.497,2.7515,3.6548,1.0148,2.3699,3.4825,2.6172,2.1062,4.6572,1.4433,1.7114,4.4367,1.5452,2.5677,3.667,2.0653,2.4255,4.1663,2.6092,2.3207,4.8806,0.60522,2.5279,3.131
1801.6,0.13171,125.96,15.913,0.26802,895.07,1.4205,1.7617,4.0897,1.3001,2.2529,4.2983,1.1097,1.908,4.2377,2.4179,2.6165,4.2985,0.85246,2.0033,4.3239,1.5174,2.6073,3.8981,3.3778,2.8001,0.046479,1.0913,1.9062,4.2524,1.7393,1.554,4.1842,1.3061,2.2214,4.3791,0.80752,2.0497,4.215,3.0254,2.8238,4.5884,5.4228,2.6049,1.1613,1.3445,2.6582,3.7231,0.83761,2.1213,2.9695,2.599,2.1915,4.6885,1.4293,1.6121,3.945,0.58759,2.6721,3.6965,2.0791,1.759,3.5514,1.0285,2.3796,3.192,0.039383,2.3157,3.2369,1.742,1.6636,3.4401,1.8267,2.6809,4.0796,1.8056,1.748,3.4329,1.4191,1.5805,3.9701,0.39337,2.187,3.0971,2.1408,2.4174,4.5124,1.4438,1.7246,3.2052,0.8182,1.9645,2.754,3.4078,2.8168,6.2685,2.1097,1.8081,3.5677,1.1282,2.7309,3.0572,1.8681,2.6019,4.1187,0.69862,1.9752,2.8236,1.0215,2.3927,3.1606,1.967,1.9227,4.5957,1.7615,1.6073,3.916,0.54789,2.1853,3.805,1.226,2.5985,3.7993,0.86034,2.1563,3.1207,2.7499,2.3851,4.5361,2.2453,2.258,4.8737,1.5442,1.6806,3.9745,1.9373,1.9362,4.5546,1.5415,2.2311,3.2359,0.67049,2.2227,2.9702,2.4877,2.4695,4.4929,1.8346,2.6059,4.5808,1.7803,2.6104,4.5595,2.781,2.4279,4.6576,1.2662,2.5781,3.8234,1.8406,2.3099,4.4454,1.8042,2.9347,3.7232,0.68667,2.4826,2.6387,1.4334,2.1543,4.6202,2.0452,2.9496,3.9551,0.26549,2.412,3.2662,1.6705,1.5578,4.0574,0.64592,2.0855,2.9836,2.2577,2.2721,4.6688,0.80666,2.4995,3.2948,0.87277,2.1707,3.1053,6.1487,2.8728,1.669,2.1443,2.0856,4.7857,2.73,2.4358,4.6097,2.5194,2.2244,4.9846,1.9125,2.5722,4.1963,1.0793,1.6957,4.0715,4.6617,2.776,0.51939,0.79883,2.1371,2.9675,1.3272,2.0891,4.4112,0.98463,2.1623,3.3992,2.0417,2.625,4.2692,1.7706,1.4922,4.1049,1.3221,2.523,3.179,0.81369,2.5257,3.6874,2.1118,1.8184,3.6259,1.5087,2.5054,3.4403,1.5976,2.6024,3.7022,1.5794,1.593,4.2356,1.8393,2.6024,4.2595,1.9561,2.6105,4.4177,3.649,2.7121,0.099078,1.7752,1.4842,4.0878,1.8779,1.9967,3.4951,2.0029,2.9265,4.82,1.292,2.5406,3.2567,2.5659,2.4343,4.8795,1.1109,2.6256,3.9871,1.517,2.4776,3.4615,1.0722,1.848,4.0551,1.714,1.5151,4.0367,1.8153,1.9811,3.4043,0.28362,2.8916,3.3424,2.975,2.2804,4.7322,1.2828,1.9455,4.2434,1.3665,2.6274,3.5788,1.3795,2.48,3.3667,1.9285,1.8634,3.6127,1.9515,2.5379,4.1044,0.99081,2.3076,3.1348,2.5422,1.9719,5.1497,1.2907,2.6272,3.4887,1.2815,2.5131,3.2542,0.49555,2.8841,3.5347,0.60087,1.8727,2.6977,1.558,1.9577,4.5337,1.4555,1.7397,4.1608,5.1422,2.8171,1.4368,0.79613,2.0799,2.8373,1.0976,2.6887,4.0216,2.3289,2.4875,3.6088,2.465,2.3625,4.737,3.009,2.6103,4.6832,2.0984,2.5044,4.433,2.3877,2.2213,4.3587,0.6799,2.1527,3.1313,0.64001,2.3997,3.214,0.58803,2.14,3.6961,2.3999,2.3993,4.5704,1.0325,2.398,3.1375,1.2018,1.6673,4.2412,1.6207,2.039,3.3606,5.8536,2.6193,1.5823,3.515,2.8803,0.25737,0.83731,2.3617,3.0877,1.6783,1.5951,4.0438,1.5382,1.9253,3.1758,0.78512,2.4147,2.9693,2.1606,2.3029,4.7802,1.2625,2.5747,3.2331,1.0294,1.9297,3.5112,0.33714,1.9916,3.3542,1.7718,1.9906,3.3432,2.4216,2.2168,4.3305,2.2695,2.1101,5.0157,1.2179,1.6158,3.8517,0.70631,1.9753,2.8067,2.2753,2.1414,5.0649,2.429,2.2861,4.652,1.5803,2.5073,3.9627,4.5382,2.8091,0.48494,1.9721,2.5209,4.0647,0.79585,1.9459,4.1058,1.4437,2.6749,4.3311,3.9385,2.7635,0.23679,1.5866,1.7202,3.3214,0.18896,2.2951,3.1992,5.107,2.8119,1.0952,0.74356,2.6945,3.4549,1.414,2.5529,3.0427,2.2135,2.0487,4.9133,1.441,1.9628,4.4529,1.5295,1.6265,3.3342,1.4376,2.905,3.3674,0.68503,2.383,3.0505,0.86323,2.4255,3.0635,0.23954,2.5881,3.2998,1.7125,2.3948,4.2487,0.70707,2.4099,2.9746,0.94904,2.3767,3.4849,1.392,1.737,4.2565,0.31589,2.3386,3.3367,1.5244,1.5744,3.3224,0.65625,2.3942,3.0223,3.5185,2.8307,0.19384,1.8758,2.547,3.9831,2.1102,2.2009,4.7035,2.1926,2.7322,4.7486,1.9297,1.813,3.797,1.2844,1.6717,3.7373,2.2413,2.0795,4.986,1.3361,2.5709,3.8461,0.96246,3.0459,2.7787,4.8218,2.857,0.53409,1.4527,2.7083,4.476,1.951,1.8639,3.8799,1.4024,2.6619,3.0663,0.73736,2.7072,3.3898,1.1192,2.8699,4.2923,0.89943,2.5483,2.8493,0.68456,2.0744,2.8953,0.53886,2.4225,3.3463,1.5603,2.1408,4.3837,1.6331,2.7234,4.6141,0.47443,2.0203,2.8674,2.0189,1.7971,3.792,1.173,1.7016,3.7474,2.1849,2.6295,4.5848,1.3199,1.6954,4.0605,1.3005,2.1327,3.12,0.56113,2.0508,2.9213,0.59166,2.4028,2.7569,1.7303,2.4586,4.2378,2.1703,2.5992,4.6095,0.51377,2.0429,2.8685,1.5874,1.6716,3.37,0.10461,3.0629,1.9427,0.7067,2.5955,2.6824,3.2478,2.7155,6.2458,0.39362,2.8754,3.1182,4.7607,2.8646,0.47849,2.2484,2.2844,3.5017,1.2878,2.9684,4.1397,1.2033,2.4391,3.3804,1.0216,3.0274,3.8966,2.2819,2.2277,3.668,1.1582,1.6421,3.7545,2.4403,2.3754,4.6036,2.4269,2.7139,4.093,1.3824,2.6692,4.3744,1.9179,1.7517,3.7914,1.2569,2.6323,3.7673,2.2806,2.4146,4.775,1.5984,2.5515,3.5681,2.1721,2.3031,4.189,0.72792,1.9718,3.2612,2.1597,2.4257,3.5605,2.1814,2.366,3.4907,2.284,1.9986,5.0198,2.5588,2.2585,4.7774,2.2882,2.2649,3.7128,1.3429,1.5987,3.8924,2.1238,2.6067,4.5449,1.9268,1.7995,3.7897,0.78046,2.0804,4.1739,1.5826,1.7023,4.2339,2.1809,2.6169,4.634,1.4501,2.4006,3.2666,6.1338,2.9317,2.4659,1.8646,1.7723,3.563,1.8284,2.8301,4.0879,2.1866,1.9644,4.9344,1.2569,2.5959,4.4676,2.0328,2.1586,4.8974,1.6075,1.6357,3.959,1.6239,2.077,3.2819,1.1049,2.6508,3.6275,1.0106,2.7623,3.8355,1.5192,2.5172,3.9463,1.1753,2.6695,3.6437,1.7858,1.5865,4.0627,0.96143,2.4629,2.8734,2.0483,2.1948,4.5324,0.46362,2.6797,3.2099,1.0028,1.9079,4.2723,0.99612,2.2892,3.1413,1.7481,2.4201,4.6222,0.92591,2.0096,2.8686,0.71409,1.9525,2.7356,1.5863,1.6266,3.9654,0.98012,2.4405,2.9395,1.3033,1.5465,3.8645,2.7166,2.566,4.6121,1.0568,2.2694,3.5221,1.2142,2.6738,3.7237,1.9837,1.9866,4.5444,1.0021,1.9246,4.2699,1.8984,1.7074,3.4954,1.6592,2.5715,3.9917,2.1588,2.528,4.8371,2.0402,2.4366,3.5729,1.4472,2.9749,3.6501,1.4664,1.5287,4.1702,0.5796,2.9758,3.6074,1.6172,1.6134,4.19,0.72278,1.9752,2.7326,0.75968,2.2152,3.9954,2.6173,2.5668,4.5251,2.0906,2.0616,3.4108,1.5005,2.7476,3.6601,1.012,2.3744,3.4778,2.6208,2.1094,4.664,1.442,1.712,4.4374,1.5442,2.5679,3.6702,2.0659,2.4291,4.1695,2.6075,2.3197,4.8783,0.60925,2.5285,3.1351
1801.6,0.13171,125.96,15.913,0.27696,911.17,1.418,1.7596,4.0882,1.3022,2.2534,4.302,1.1068,1.9062,4.2368,2.4165,2.6155,4.3,0.85183,2.0028,4.3256,1.5173,2.6095,3.8978,3.3871,2.7975,5.9827,1.0878,1.9038,4.2526,1.7397,1.5508,4.1819,1.3058,2.2207,4.3832,0.80687,2.0494,4.2163,3.0273,2.8232,4.5892,5.4186,2.5999,1.1588,1.3439,2.6572,3.7219,0.83422,2.12,2.9678,2.6023,2.194,4.6945,1.4271,1.6114,3.9458,0.58414,2.6744,3.6892,2.0816,1.7582,3.5538,1.0222,2.3797,3.1893,0.032142,2.316,3.2272,1.7405,1.6622,3.442,1.8243,2.6777,4.0774,1.8064,1.7491,3.4342,1.4179,1.5796,3.9702,0.39401,2.1877,3.0952,2.1424,2.4181,4.5139,1.4425,1.7264,3.2051,0.81731,1.9645,2.7544,3.4235,2.8146,0.56126,2.1144,1.8081,3.5716,1.1327,2.7318,3.0633,1.8706,2.6025,4.1233,0.69931,1.9771,2.8237,1.0183,2.3918,3.1617,1.9701,1.9226,4.5996,1.7632,1.6078,3.9172,0.55077,2.184,3.8089,1.2296,2.6002,3.803,0.85754,2.1579,3.1184,2.7542,2.3865,4.5399,2.2503,2.2597,4.8791,1.546,1.6797,3.9755,1.9399,1.9365,4.5568,1.5437,2.2321,3.2353,0.66823,2.2247,2.9685,2.4893,2.4713,4.4978,1.8305,2.6064,4.5699,1.7771,2.6106,4.5508,2.7886,2.4296,4.6686,1.2652,2.5797,3.8196,1.847,2.3128,4.4501,1.8012,2.9323,3.72,0.68993,2.4834,2.6411,1.4277,2.158,4.6168,2.0463,2.9455,3.9552,0.26262,2.4119,3.2625,1.671,1.5569,4.0565,0.64456,2.0855,2.9818,2.2568,2.2724,4.6675,0.8062,2.4963,3.2987,0.87111,2.1718,3.1036,6.1472,2.8716,1.6669,2.15,2.0875,4.7911,2.7342,2.4369,4.6171,2.5184,2.2206,4.9821,1.9123,2.5702,4.1955,1.0792,1.6917,4.0749,4.6606,2.7723,0.5188,0.79772,2.1376,2.9674,1.329,2.0891,4.4148,0.98174,2.165,3.3956,2.0374,2.6221,4.2645,1.7731,1.4887,4.103,1.3263,2.5224,3.18,0.81571,2.5279,3.6851,2.114,1.8154,3.6234,1.5081,2.5073,3.443,1.599,2.6038,3.7088,1.577,1.5935,4.2352,1.8361,2.5985,4.2542,1.9553,2.6064,4.4159,3.6574,2.709,0.10645,1.7779,1.48,4.0849,1.8842,1.9959,3.4978,1.9979,2.9258,4.8147,1.2944,2.5408,3.2592,2.5644,2.434,4.8767,1.1119,2.6258,3.9833,1.5152,2.4791,3.4624,1.0695,1.8472,4.055,1.7162,1.5134,4.0356,1.8197,1.9797,3.4047,0.28577,2.8899,3.344,2.977,2.279,4.7345,1.2811,1.9451,4.2448,1.3689,2.6272,3.5849,1.3777,2.4811,3.3684,1.9317,1.8601,3.6111,1.9524,2.5406,4.1085,0.98796,2.3079,3.1338,2.5414,1.9714,5.1497,1.2927,2.6266,3.4941,1.2765,2.5141,3.2521,0.49994,2.8818,3.5384,0.59973,1.8729,2.6939,1.5524,1.9562,4.5331,1.4553,1.7371,4.1614,5.1332,2.8144,1.4265,0.7952,2.0792,2.8381,1.0977,2.6902,4.0188,2.3352,2.4858,3.6104,2.4628,2.3607,4.7326,3.015,2.6072,4.6868,2.0981,2.5049,4.4319,2.3899,2.2255,4.365,0.67557,2.1555,3.1242,0.64742,2.3982,3.2215,0.58857,2.14,3.6962,2.4018,2.3982,4.5751,1.0388,2.3965,3.1437,1.1993,1.6708,4.239,1.6174,2.0388,3.3573,5.8449,2.6162,1.5733,3.5161,2.8785,0.25912,0.8342,2.3605,3.0873,1.6785,1.5943,4.0429,1.5402,1.9269,3.1766,0.78498,2.4131,2.971,2.1622,2.3018,4.7778,1.2649,2.576,3.2365,1.0301,1.9276,3.512,0.33276,1.9931,3.3573,1.7749,1.9887,3.3409,2.4258,2.2221,4.3385,2.2728,2.1078,5.0164,1.2153,1.6132,3.8516,0.70594,1.9748,2.8067,2.2782,2.1396,5.0659,2.4318,2.288,4.6566,1.5803,2.5112,3.9621,4.5442,2.8042,0.4927,1.9731,2.5267,4.0676,0.79508,1.946,4.1056,1.4504,2.6775,4.3324,3.9477,2.761,0.24731,1.5896,1.7245,3.3231,0.18769,2.2951,3.1954,5.1091,2.8069,1.0996,0.74459,2.6924,3.4555,1.4155,2.5543,3.0417,2.2174,2.0463,4.9134,1.4388,1.9587,4.4553,1.5296,1.6259,3.3357,1.4391,2.9048,3.3665,0.68946,2.3815,3.0572,0.86136,2.4248,3.0651,0.23892,2.5872,3.2972,1.7164,2.3984,4.2528,0.7132,2.4092,2.9811,0.94416,2.3826,3.4776,1.3918,1.735,4.2547,0.31521,2.3387,3.3345,1.5242,1.5723,3.324,0.66038,2.3933,3.0286,3.5277,2.8288,0.20391,1.8726,2.5469,3.9826,2.1144,2.2007,4.7066,2.1822,2.7297,4.7344,1.9305,1.8072,3.795,1.2841,1.6687,3.7383,2.244,2.0777,4.9862,1.3347,2.5694,3.8424,0.95314,3.0457,2.7688,4.8235,2.8535,0.53778,1.4565,2.7079,4.4776,1.9531,1.8612,3.8807,1.4065,2.6627,3.0726,0.74161,2.7058,3.3945,1.1248,2.868,4.2973,0.90631,2.5496,2.8549,0.68539,2.0775,2.8952,0.54001,2.4231,3.3453,1.5607,2.1384,4.3885,1.6398,2.7235,4.6183,0.47152,2.0212,2.8621,2.0198,1.795,3.792,1.1719,1.6972,3.7502,2.1838,2.6281,4.5815,1.3177,1.6984,4.0578,1.2977,2.1314,3.1184,0.559,2.0522,2.9169,0.59535,2.4015,2.7627,1.7336,2.4636,4.239,2.166,2.5965,4.6027,0.51161,2.0434,2.8648,1.588,1.6715,3.3718,0.085054,3.0631,1.9212,0.70644,2.5995,2.6808,3.2566,2.7135,4.9531,0.40759,2.874,3.1342,4.7643,2.8627,0.48372,2.2484,2.281,3.497,1.2871,2.9657,4.1399,1.1984,2.4407,3.3778,1.0159,3.026,3.8937,2.2797,2.2277,3.6638,1.1567,1.6355,3.7579,2.4404,2.376,4.6042,2.4229,2.7145,4.0957,1.3844,2.6691,4.3736,1.9186,1.746,3.79,1.259,2.6291,3.769,2.2801,2.4141,4.77,1.597,2.5513,3.5738,2.173,2.3072,4.1932,0.72564,1.9742,3.2574,2.1554,2.4263,3.5547,2.1774,2.364,3.4827,2.2856,1.9991,5.0198,2.5564,2.2575,4.777,2.2855,2.2665,3.7103,1.3426,1.598,3.8927,2.1173,2.6027,4.5358,1.9283,1.7947,3.7871,0.78088,2.0786,4.1794,1.5815,1.6996,4.2329,2.1754,2.6139,4.6263,1.4505,2.4015,3.2669,6.1413,2.9327,2.4748,1.8662,1.7716,3.5648,1.8276,2.8248,4.0858,2.1907,1.9639,4.9374,1.2591,2.5962,4.4718,2.0366,2.1597,4.8981,1.6077,1.6327,3.959,1.6256,2.0789,3.2802,1.1053,2.6491,3.627,1.0113,2.7608,3.8334,1.5225,2.5187,3.95,1.1757,2.6676,3.6425,1.784,1.5826,4.0624,0.96289,2.4636,2.8759,2.0532,2.1982,4.5371,0.47177,2.6751,3.2173,1.0001,1.9062,4.2721,0.99642,2.2889,3.1433,1.752,2.4203,4.6238,0.924,2.0081,2.8681,0.71354,1.9515,2.7356,1.5859,1.6244,3.9654,0.98077,2.4407,2.9432,1.3007,1.5448,3.8655,2.7153,2.5656,4.6118,1.055,2.2744,3.518,1.2161,2.6711,3.7252,1.9844,1.9869,4.5468,1.0003,1.923,4.2708,1.9002,1.7083,3.497,1.6589,2.5729,3.9912,2.1607,2.5278,4.8356,2.0371,2.4388,3.5689,1.4558,2.9709,3.6586,1.4667,1.5305,4.1688,0.57524,2.9751,3.6039,1.6183,1.6113,4.189,0.72231,1.9745,2.7325,0.76116,2.2167,3.9961,2.6157,2.5662,4.5261,2.094,2.0598,3.4112,1.5038,2.7436,3.6655,1.0094,2.3788,3.4733,2.6244,2.1124,4.6706,1.4408,1.7128,4.4381,1.5432,2.5682,3.6733,2.0666,2.4324,4.1727,2.6059,2.3188,4.8761,0.6132,2.529,3.1392
1801.6,0.13171,125.96,15.913,0.28589,927.94,1.4155,1.7576,4.0867,1.3042,2.2539,4.3054,1.104,1.9042,4.2359,2.4151,2.6144,4.3017,0.85121,2.0023,4.3273,1.5172,2.6116,3.8974,3.3964,2.7948,0.015332,1.0844,1.9016,4.2528,1.7402,1.5479,4.1796,1.3054,2.2201,4.3869,0.80627,2.0491,4.2177,3.0293,2.8225,4.5901,5.4149,2.5951,1.1568,1.3433,2.6563,3.7208,0.83091,2.1187,2.966,2.6054,2.1963,4.7002,1.425,1.6107,3.9465,0.58075,2.6765,3.6821,2.0842,1.7573,3.5562,1.016,2.38,3.1864,0.025133,2.3163,3.218,1.7391,1.6607,3.444,1.822,2.6747,4.0756,1.8072,1.7502,3.4355,1.4167,1.5787,3.9702,0.39467,2.1882,3.0933,2.144,2.4188,4.5154,1.4411,1.7285,3.2049,0.81646,1.9645,2.7547,3.4394,2.8124,0.0077711,2.1189,1.8079,3.5753,1.1372,2.7328,3.0692,1.8731,2.603,4.1278,0.69991,1.979,2.8237,1.0151,2.3909,3.1627,1.9733,1.9224,4.6033,1.7649,1.6083,3.9183,0.55375,2.1827,3.8129,1.2331,2.6016,3.8067,0.85488,2.1593,3.1162,2.7581,2.3877,4.5434,2.2549,2.2611,4.884,1.5478,1.6787,3.9764,1.9426,1.9367,4.559,1.546,2.2332,3.2349,0.66635,2.2267,2.9673,2.4907,2.4728,4.5024,1.8266,2.6069,4.5592,1.7739,2.6109,4.5424,2.7955,2.4312,4.6787,1.2642,2.5812,3.8159,1.8532,2.3155,4.4545,1.7979,2.9302,3.7167,0.69293,2.4843,2.6431,1.422,2.1617,4.6133,2.0477,2.9417,3.9557,0.25992,2.4117,3.259,1.6714,1.556,4.0557,0.64326,2.0853,2.9801,2.2559,2.2726,4.6662,0.80524,2.4934,3.3021,0.86961,2.1729,3.1021,6.1462,2.8705,1.6654,2.1555,2.0893,4.7962,2.7379,2.4379,4.6236,2.5176,2.2171,4.9799,1.9122,2.5684,4.1948,1.0789,1.688,4.0782,4.6592,2.7688,0.51794,0.79674,2.138,2.9674,1.3309,2.0891,4.4183,0.97886,2.1677,3.3921,2.0334,2.6194,4.2602,1.7756,1.4854,4.101,1.3304,2.5219,3.1808,0.81774,2.53,3.6829,2.1163,1.8125,3.6209,1.5078,2.5092,3.4459,1.6006,2.6052,3.7158,1.5745,1.5941,4.2347,1.8331,2.5952,4.2493,1.9546,2.6026,4.4143,3.6657,2.7061,0.11349,1.7808,1.4757,4.0819,1.8903,1.9951,3.5006,1.9929,2.9251,4.8094,1.2967,2.5411,3.2615,2.5631,2.4338,4.8739,1.1129,2.6261,3.9796,1.5133,2.4806,3.4636,1.0666,1.8463,4.0548,1.7183,1.5119,4.0345,1.8241,1.9783,3.4052,0.288,2.888,3.3455,2.9789,2.2776,4.7367,1.2795,1.9446,4.246,1.3712,2.6271,3.5909,1.3758,2.4822,3.3704,1.935,1.8568,3.6096,1.9532,2.5431,4.1125,0.98513,2.3082,3.1329,2.5406,1.9711,5.1497,1.2948,2.6261,3.4993,1.2717,2.5151,3.2501,0.50419,2.8793,3.5419,0.5987,1.873,2.6906,1.5469,1.9548,4.5323,1.4549,1.7345,4.162,5.1244,2.8117,1.4166,0.79427,2.0785,2.8389,1.0977,2.6916,4.0158,2.3412,2.484,3.6118,2.4608,2.359,4.7285,3.0209,2.6041,4.6901,2.0979,2.5054,4.4308,2.3921,2.2295,4.3712,0.67149,2.1579,3.1177,0.65429,2.3969,3.2282,0.58914,2.1401,3.6963,2.4036,2.3971,4.5795,1.0447,2.3953,3.1494,1.1969,1.6741,4.237,1.6139,2.0385,3.3539,5.8368,2.6131,1.5648,3.5169,2.8767,0.26031,0.83101,2.3594,3.0867,1.6788,1.5935,4.0421,1.5421,1.9286,3.1773,0.78481,2.4115,2.9726,2.1641,2.3007,4.7757,1.2672,2.5774,3.2399,1.0308,1.9255,3.5129,0.32898,1.9944,3.3605,1.7781,1.9869,3.3389,2.4304,2.2274,4.3469,2.2763,2.1055,5.0172,1.2125,1.6105,3.8514,0.70549,1.9743,2.8064,2.2811,2.1378,5.067,2.4345,2.2899,4.6611,1.5802,2.5148,3.9615,4.5499,2.7994,0.50026,1.9742,2.5321,4.0704,0.79436,1.946,4.1054,1.4566,2.68,4.3334,3.9566,2.7586,0.25736,1.5927,1.7289,3.325,0.18667,2.295,3.1919,5.1114,2.8021,1.104,0.74537,2.6905,3.4557,1.417,2.5557,3.0404,2.2212,2.0439,4.9137,1.4367,1.9548,4.4576,1.5298,1.6254,3.3372,1.4404,2.9047,3.3653,0.69347,2.3802,3.0634,0.85956,2.4241,3.0667,0.23837,2.5862,3.2945,1.7199,2.4018,4.2566,0.71926,2.4086,2.9875,0.93936,2.3881,3.4704,1.3916,1.7329,4.2528,0.31449,2.3388,3.3323,1.524,1.5701,3.3256,0.66434,2.3924,3.0346,3.5364,2.8268,0.21326,1.8696,2.5468,3.9823,2.1186,2.2004,4.7096,2.1723,2.7272,4.7206,1.9313,1.8014,3.7932,1.2837,1.6659,3.7394,2.2466,2.0758,4.9863,1.3333,2.568,3.8387,0.94367,3.0454,2.7588,4.8251,2.8502,0.54138,1.4598,2.7073,4.4788,1.9552,1.8585,3.8815,1.4105,2.6636,3.0789,0.74554,2.7045,3.3987,1.13,2.866,4.3021,0.9129,2.5508,2.8603,0.68628,2.0804,2.8953,0.54088,2.4236,3.3439,1.5611,2.1358,4.3933,1.646,2.7236,4.6221,0.46888,2.0221,2.8571,2.0206,1.793,3.7922,1.1707,1.6931,3.7529,2.1828,2.6268,4.5786,1.3155,1.7011,4.0551,1.2948,2.1301,3.1167,0.55696,2.0533,2.9127,0.599,2.4002,2.7684,1.7366,2.4682,4.2399,2.1621,2.5938,4.5962,0.50957,2.0436,2.8613,1.5884,1.6713,3.3737,0.06603,3.0633,1.9002,0.70589,2.6035,2.6789,3.2648,2.7115,0.0061725,0.42144,2.8725,3.15,4.7678,2.8608,0.48886,2.2487,2.2775,3.4926,1.2861,2.963,4.1398,1.1938,2.442,3.3753,1.0103,3.0247,3.8907,2.2777,2.2275,3.6596,1.1552,1.6292,3.7612,2.4405,2.3766,4.6047,2.4193,2.715,4.0986,1.3863,2.669,4.3727,1.9193,1.7406,3.7889,1.2609,2.6261,3.7705,2.2797,2.4136,4.7653,1.5955,2.5511,3.5793,2.1739,2.3112,4.1975,0.72337,1.9767,3.2537,2.1513,2.4268,3.5489,2.1737,2.3619,3.4749,2.2871,1.9995,5.0197,2.5542,2.2565,4.7767,2.2827,2.2682,3.7078,1.3422,1.5972,3.8931,2.1113,2.5989,4.5272,1.9296,1.7901,3.7845,0.78129,2.0767,4.1847,1.5803,1.6967,4.2318,2.1702,2.611,4.6189,1.4509,2.4024,3.2672,6.1491,2.9337,2.484,1.8678,1.7708,3.5666,1.8271,2.8198,4.084,2.1945,1.9634,4.9401,1.2612,2.5965,4.4758,2.0402,2.1608,4.8987,1.6079,1.6299,3.959,1.6274,2.0807,3.2786,1.1058,2.6476,3.6265,1.0119,2.7595,3.8312,1.5258,2.5201,3.9537,1.1761,2.6658,3.6412,1.7822,1.579,4.0621,0.96435,2.4642,2.8784,2.0579,2.2014,4.5415,0.47947,2.6708,3.2241,0.9973,1.9046,4.2717,0.99662,2.2885,3.1452,1.7559,2.4205,4.6254,0.9221,2.0068,2.8676,0.71302,1.9505,2.7356,1.5855,1.6224,3.9654,0.98134,2.441,2.9468,1.298,1.5431,3.8665,2.7139,2.5651,4.6113,1.0532,2.2792,3.5141,1.218,2.6684,3.7264,1.9853,1.9871,4.5491,0.99851,1.9214,4.2716,1.9021,1.7092,3.4986,1.6586,2.5742,3.9909,2.1627,2.5274,4.8341,2.0342,2.441,3.5652,1.4643,2.967,3.6671,1.4671,1.5322,4.1674,0.57093,2.9744,3.6005,1.6196,1.6093,4.1879,0.72187,1.9738,2.7324,0.76252,2.2182,3.9968,2.6141,2.5655,4.5272,2.0974,2.0578,3.4117,1.5071,2.74,3.6708,1.0069,2.3828,3.4692,2.6279,2.1153,4.677,1.4396,1.7137,4.4387,1.5421,2.5685,3.6762,2.0671,2.4355,4.1757,2.6044,2.3178,4.8739,0.61709,2.5295,3.1433
1789.1,0.13297,123.87,15.775,0.0089322,372.36,1.5197,1.8355,4.1699,1.2773,2.2262,4.2238,1.2276,1.9853,4.235,2.4961,2.6609,4.3006,0.85813,2.0592,4.2208,1.5198,2.4885,3.8934,3.0201,2.8392,5.8335,1.2246,1.9869,4.2349,1.7475,1.7129,4.2468,1.2782,2.2267,4.2274,0.85686,2.0616,4.2155,2.8965,2.8353,4.511,5.6999,2.7741,1.4556,1.2449,2.8378,3.63,0.95391,2.1448,3.0213,2.4856,2.0545,4.4508,1.4724,1.674,3.9066,0.65704,2.5727,3.8804,2.0067,1.7634,3.4746,1.0774,2.4433,3.0668,0.2655,2.2865,3.5545,1.785,1.6745,3.3886,2.1282,2.8226,4.4326,1.7868,1.6753,3.3916,1.4735,1.6708,3.91,0.39431,2.1353,3.1991,2.0396,2.3585,4.3919,1.4742,1.669,3.1996,0.83101,1.8803,2.7698,3.0199,2.8414,5.8282,2.0073,1.7651,3.4765,1.0062,2.7169,2.8803,1.8189,2.5886,4.0041,0.63345,1.8727,2.7981,1.072,2.4443,3.0581,1.8989,1.9153,4.4951,1.6827,1.6904,3.8936,0.51064,2.2013,3.745,1.1923,2.4278,3.7832,1.0012,2.0633,3.266,2.5511,2.3006,4.2969,2.072,2.1525,4.6811,1.4791,1.6733,3.9127,1.896,1.9169,4.4935,1.4909,2.1741,3.2667,0.82004,2.0829,3.1832,2.4188,2.3734,4.3174,1.9429,2.6009,4.8846,1.9338,2.5964,4.873,2.5491,2.3011,4.2951,1.2867,2.4896,3.9431,1.689,2.2327,4.297,2.0434,3.0599,3.9854,0.50714,2.4697,2.4792,1.5425,2.0566,4.6109,2.0734,3.064,4.0192,0.38815,2.3761,3.4317,1.6617,1.6258,4.0821,0.7087,2.0236,3.096,2.2449,2.241,4.6482,0.63633,2.6158,3.0085,1.0014,2.0668,3.2665,0.12274,2.8905,1.9662,1.9957,1.9857,4.5905,2.5476,2.302,4.2967,2.6701,2.3358,5.1942,2.1339,2.8174,4.4355,1.0791,1.8456,3.9486,4.6223,2.9945,0.50823,0.88466,2.1182,3.0513,1.305,2.0994,4.2685,1.0548,2.0873,3.4922,2.3029,2.7521,4.5712,1.7025,1.5957,4.1565,1.1474,2.5569,3.0711,0.75193,2.4279,3.7687,2.0554,1.9258,3.7364,1.5972,2.4377,3.4674,1.6577,2.5246,3.6066,1.6572,1.673,4.25,2.1003,2.8066,4.5759,2.1075,2.8062,4.581,3.3614,2.7818,6.1228,1.7018,1.5957,4.1566,1.7056,2.0045,3.4527,2.1225,2.9366,4.9189,1.1487,2.557,3.076,2.6358,2.4462,4.9863,1.0278,2.6037,4.0662,1.5995,2.4366,3.4681,1.1834,1.8026,4.0997,1.6622,1.6258,4.0826,1.704,2.0045,3.45,0.28744,2.9462,3.3349,2.8732,2.2938,4.5678,1.3168,1.9498,4.2056,1.2528,2.6865,3.3299,1.463,2.4582,3.3434,1.8429,1.9819,3.7223,1.9506,2.3413,3.9935,1.0946,2.2829,3.1872,2.5396,2.0467,5.1481,1.2423,2.6859,3.3148,1.459,2.4616,3.3384,0.29663,2.946,3.3443,0.6755,1.8079,2.9091,1.6989,2.0254,4.4253,1.467,1.8601,4.1206,5.532,2.9004,1.8441,0.81924,2.1204,2.7826,1.026,2.6058,4.0666,2.1592,2.5248,3.6216,2.6364,2.4442,4.9864,2.8029,2.704,4.5221,2.1603,2.5286,4.5309,2.3489,2.1033,4.1956,0.76615,1.9917,3.3469,0.33039,2.4734,2.8852,0.60369,2.1411,3.7129,2.3861,2.5062,4.4322,0.75338,2.4645,2.856,1.2547,1.5844,4.287,1.7011,2.0076,3.449,5.6591,2.689,2.0341,3.2215,2.9379,6.2143,0.74928,2.462,2.8593,1.6613,1.6342,4.0864,1.4948,1.8658,3.1825,0.74452,2.4636,2.8525,2.168,2.3479,4.952,1.1462,2.5629,3.0729,1.0026,1.9625,3.5038,0.52868,1.9782,3.2576,1.7018,2.0088,3.448,2.3859,2.0823,4.1984,2.1449,2.1541,4.9811,1.2882,1.7495,3.8019,0.68311,1.977,2.7567,2.1448,2.1542,4.9837,2.3202,2.1867,4.4632,1.5676,2.2969,3.9631,4.2154,3.0033,0.1479,1.9549,2.3398,3.9965,0.83805,1.9631,4.1186,1.1792,2.574,4.2167,3.5281,2.8524,6.0904,1.5326,1.6183,3.2873,0.31981,2.2982,3.4036,5.13,2.9876,1.0706,0.56425,2.7832,3.2616,1.2707,2.5078,2.9803,2.1409,2.1499,4.9776,1.4745,2.0925,4.352,1.5255,1.6233,3.2876,1.3789,2.929,3.3634,0.45458,2.4493,2.7243,0.92341,2.4543,3.0015,0.22278,2.6176,3.3404,1.6126,2.258,4.1264,0.4511,2.4465,2.7175,1.047,2.173,3.6573,1.3943,1.8055,4.293,0.32406,2.301,3.4051,1.5287,1.617,3.2873,0.45074,2.4497,2.722,3.0028,2.8703,5.9213,2.0041,2.5964,4.0336,1.9731,2.1791,4.5908,2.6275,2.7749,5.2657,1.8917,1.9636,3.902,1.294,1.8133,3.689,2.1458,2.1534,4.9828,1.4006,2.6562,4.0052,1.1148,3.0838,2.9569,4.6937,2.9834,0.41565,1.262,2.6861,4.338,1.9039,1.956,3.8845,1.2485,2.6366,2.8675,0.37154,2.7728,2.9652,0.93797,2.8919,4.13,0.5791,2.5214,2.5854,0.69617,1.936,2.9876,0.54634,2.3975,3.4262,1.5661,2.1763,4.2313,1.2672,2.6881,4.3437,0.62979,1.9512,3.1116,1.9804,1.8948,3.8176,1.1933,1.8437,3.6474,2.4543,2.7214,4.9715,1.3759,1.5307,4.1699,1.3882,2.1563,3.1733,0.63538,1.9509,3.1117,0.46405,2.4495,2.5713,1.6143,2.2571,4.1295,2.4528,2.72,4.974,0.63307,1.9527,3.1087,1.5645,1.7118,3.3281,0.50836,3.0411,2.4213,0.57776,2.5217,2.5866,2.9156,2.7443,5.8969,6.187,2.8649,2.554,4.6752,2.9868,0.39511,2.3419,2.4059,3.7461,0.89841,3.0804,3.683,1.4339,2.2605,3.5592,0.85569,3.0784,3.6403,2.3659,2.2373,3.8067,1.1917,1.843,3.6463,2.4267,2.3387,4.5612,2.5806,2.6308,4.0327,1.2635,2.683,4.3384,1.8925,1.9582,3.9012,1.1306,2.7913,3.6563,2.4436,2.4838,5.0834,1.6079,2.6189,3.3073,2.1681,2.1888,4.1028,0.78669,1.9029,3.3704,2.3424,2.4094,3.7482,2.3451,2.4105,3.7492,2.186,1.8926,4.9053,2.6431,2.2894,4.7918,2.3644,2.2385,3.8071,1.3797,1.5854,3.8372,2.4561,2.7193,4.9773,1.8919,1.9587,3.9019,0.77872,2.1408,3.9654,1.6015,1.8298,4.2576,2.4539,2.7202,4.9756,1.4459,2.3888,3.2611,5.9316,2.8816,2.2112,1.8578,1.7995,3.4771,1.9742,3.0207,4.2969,2.0174,1.9497,4.7571,1.1036,2.579,4.2753,1.8851,2.1493,4.8619,1.6131,1.799,3.9663,1.6048,2.0098,3.3886,1.0184,2.772,3.5683,0.91786,2.829,3.8158,1.3817,2.3931,3.8451,1.1255,2.793,3.6505,1.838,1.7916,4.0925,0.91336,2.4606,2.7745,1.9111,2.0696,4.3862,0.079763,2.7956,2.8451,1.085,1.9588,4.2612,0.94903,2.3352,3.0129,1.6347,2.3954,4.5869,0.97881,2.0852,2.8362,0.7429,1.9979,2.7425,1.6124,1.798,3.9684,0.9155,2.4595,2.777,1.3796,1.5856,3.8368,2.7671,2.589,4.6326,1.0848,2.1379,3.6264,1.1228,2.7967,3.651,1.9759,1.9863,4.4767,1.0821,1.9615,4.2586,1.8534,1.6536,3.4507,1.6621,2.4837,3.999,2.1131,2.5545,4.9215,2.154,2.3808,3.7093,1.1859,3.0726,3.4173,1.4464,1.4673,4.2316,0.62081,2.9992,3.6162,1.6236,1.7486,4.2319,0.74394,1.9978,2.7417,0.69121,2.1942,3.9445,2.6877,2.6025,4.5368,1.9931,2.127,3.4382,1.383,2.9191,3.5363,1.0816,2.1941,3.6336,2.5321,2.0005,4.4713,1.4906,1.7346,4.4222,1.6082,2.5916,3.5831,2.0622,2.2905,4.0735,2.7073,2.3728,5.0068,0.44734,2.5309,2.9611
1789.1,0.13297,123.87,15.775,0.017864,393.72,1.5147,1.8349,4.1647,1.2752,2.2282,4.2242,1.2229,1.9827,4.2377,2.4911,2.6583,4.2971,0.85861,2.0553,4.227,1.5194,2.4959,3.8937,3.0351,2.8395,5.8528,1.2182,1.9846,4.2358,1.7464,1.7061,4.2451,1.2807,2.2271,4.2332,0.85445,2.0617,4.2144,2.9045,2.8351,4.5159,5.6843,2.7692,1.4378,1.2556,2.8269,3.6407,0.94939,2.1444,3.0199,2.4882,2.0604,4.4591,1.472,1.6703,3.9086,0.65541,2.5775,3.8745,2.0088,1.7641,3.4777,1.0848,2.4375,3.0835,0.25675,2.2878,3.5431,1.7832,1.676,3.3904,2.1042,2.8168,4.4058,1.7869,1.6813,3.3937,1.4696,1.665,3.9151,0.39234,2.1395,3.1913,2.0471,2.3656,4.4017,1.4739,1.673,3.2002,0.82994,1.8889,2.7649,3.0322,2.8414,5.8426,2.0094,1.7701,3.4798,1.0085,2.7181,2.8848,1.8204,2.5881,4.0083,0.63692,1.8786,2.7983,1.0715,2.4418,3.0646,1.901,1.9166,4.4985,1.6867,1.6834,3.8919,0.51117,2.2015,3.7461,1.1902,2.4416,3.7779,0.99379,2.0701,3.2574,2.5594,2.306,4.3083,2.079,2.1601,4.6902,1.481,1.6717,3.9158,1.8955,1.9173,4.4952,1.4929,2.1796,3.2656,0.81514,2.0894,3.1747,2.4206,2.3778,4.3235,1.9384,2.5991,4.875,1.9248,2.5978,4.8586,2.5549,2.3073,4.3055,1.2857,2.4944,3.9371,1.6926,2.2345,4.3024,2.0183,3.0541,3.9584,0.51634,2.4693,2.4875,1.5423,2.0592,4.617,2.0659,3.0599,4.0102,0.38136,2.3799,3.4213,1.6617,1.6193,4.0814,0.70677,2.0279,3.0909,2.2466,2.2434,4.6515,0.65079,2.6106,3.0252,0.99508,2.074,3.2579,0.11045,2.8909,1.9518,1.998,1.9882,4.5959,2.5519,2.3087,4.3062,2.66,2.3316,5.1839,2.1136,2.807,4.4137,1.0794,1.8386,3.9543,4.6281,2.9859,0.51197,0.88041,2.1195,3.0459,1.3049,2.0981,4.2747,1.0532,2.0887,3.49,2.2846,2.7463,4.55,1.7045,1.5905,4.154,1.1563,2.5547,3.079,0.75519,2.4321,3.7667,2.0574,1.9205,3.7308,1.5926,2.4397,3.4641,1.6504,2.5296,3.6042,1.654,1.6649,4.2501,2.0825,2.7988,4.5564,2.0947,2.7976,4.5678,3.3715,2.7805,6.1322,1.7042,1.5899,4.154,1.7104,2.0037,3.4518,2.1112,2.935,4.9092,1.1569,2.555,3.0869,2.632,2.4455,4.9815,1.0343,2.6047,4.067,1.5951,2.4374,3.4659,1.1798,1.8096,4.0953,1.6634,1.6185,4.0805,1.7071,2.004,3.4464,0.28283,2.9445,3.3314,2.8778,2.2959,4.5768,1.3158,1.9492,4.2066,1.2614,2.6817,3.3448,1.4593,2.4578,3.3431,1.8453,1.9765,3.7164,1.9493,2.3512,3.9956,1.0901,2.284,3.1842,2.5394,2.0414,5.1464,1.2443,2.6808,3.3213,1.4517,2.4642,3.3339,0.30361,2.9446,3.3513,0.67301,1.8113,2.9006,1.6961,2.0216,4.4327,1.4665,1.8534,4.1236,5.5176,2.8984,1.83,0.81994,2.1173,2.7877,1.0315,2.6088,4.068,2.1681,2.5248,3.6219,2.6298,2.4423,4.9776,2.8068,2.7011,4.5249,2.1543,2.5252,4.5231,2.349,2.105,4.1986,0.76644,1.9962,3.3434,0.34063,2.4706,2.8953,0.60248,2.1415,3.7116,2.386,2.4989,4.4361,0.76276,2.4625,2.8653,1.254,1.5866,4.287,1.6993,2.0101,3.4462,6.2151,2.6886,2.016,3.236,2.9369,6.2335,0.76003,2.4567,2.8753,1.6623,1.6343,4.0845,1.4959,1.8684,3.1818,0.74898,2.4612,2.8601,2.1669,2.3474,4.9451,1.1522,2.563,3.0807,1.0037,1.9622,3.504,0.52347,1.9784,3.2594,1.7038,2.0105,3.4439,2.3858,2.0857,4.2005,2.1495,2.1538,4.9835,1.2865,1.7428,3.8051,0.68429,1.977,2.759,2.1505,2.1552,4.9887,2.3236,2.1909,4.4698,1.5685,2.3092,3.9636,4.2417,2.995,0.17277,1.9546,2.3454,3.9979,0.83705,1.9609,4.1206,1.1881,2.5779,4.2219,3.547,2.8492,6.1087,1.5333,1.6201,3.2882,0.31323,2.2987,3.3951,5.1246,2.982,1.0654,0.57597,2.7805,3.2752,1.2792,2.5101,2.9862,2.1408,2.1451,4.9718,1.4755,2.0895,4.3561,1.5257,1.6247,3.2893,1.3815,2.9277,3.3648,0.46336,2.4472,2.7362,0.91816,2.4541,3.0009,0.22482,2.6168,3.341,1.6149,2.2623,4.1298,0.46231,2.4447,2.7279,1.0451,2.1797,3.6531,1.3941,1.8023,4.2928,0.32292,2.3039,3.4006,1.5284,1.6162,3.2883,0.45964,2.4474,2.7346,3.0323,2.8703,5.9525,1.9981,2.5929,4.0295,1.9781,2.1816,4.5959,2.6142,2.775,5.2506,1.8936,1.96,3.8983,1.2939,1.8072,3.6908,2.1497,2.1515,4.9834,1.3973,2.6526,3.9984,1.1193,3.0812,2.9599,4.7,2.9791,0.41973,1.2713,2.6887,4.3461,1.9045,1.9525,3.8832,1.255,2.6372,2.8748,0.39338,2.7708,2.9903,0.94239,2.8941,4.1335,0.59235,2.5219,2.5964,0.69393,1.9426,2.9804,0.5447,2.3999,3.4207,1.5652,2.1777,4.2369,1.284,2.6915,4.357,0.6226,1.9554,3.1022,1.9822,1.8903,3.8156,1.193,1.839,3.6508,2.4352,2.7174,4.9469,1.3749,1.5403,4.1659,1.3854,2.1564,3.1711,0.63271,1.9562,3.1029,0.46916,2.4478,2.5782,1.6159,2.263,4.1334,2.4371,2.7153,4.956,0.6288,1.9586,3.0979,1.5656,1.7096,3.3295,0.50123,3.0428,2.4112,0.58702,2.523,2.5947,2.9253,2.7456,5.9088,6.2037,2.867,2.5732,4.6741,2.9828,0.39168,2.3343,2.4012,3.7333,0.94549,3.0778,3.7335,1.425,2.2703,3.5515,0.87212,3.0766,3.6601,2.3621,2.2362,3.8001,1.1913,1.8369,3.6494,2.4278,2.3405,4.5643,2.575,2.6365,4.0348,1.2687,2.6815,4.3416,1.8937,1.9499,3.8951,1.1399,2.7824,3.6653,2.4323,2.4801,5.0676,1.6089,2.6147,3.3182,2.1674,2.1913,4.1038,0.78583,1.9041,3.3683,2.3341,2.4088,3.7401,2.338,2.4084,3.7391,2.1892,1.9016,4.9124,2.6397,2.2881,4.7912,2.3614,2.2378,3.802,1.3783,1.5857,3.8402,2.4397,2.7159,4.957,1.8929,1.9515,3.8967,0.77784,2.139,3.9737,1.6013,1.8236,4.2567,2.4384,2.7161,4.9576,1.446,2.388,3.2614,5.9394,2.8838,2.221,1.8558,1.798,3.4812,1.9672,3.014,4.2874,2.0232,1.9503,4.7654,1.1119,2.5791,4.2835,1.8905,2.1478,4.8627,1.6129,1.7909,3.9657,1.6045,2.0106,3.3824,1.028,2.7635,3.5775,0.92762,2.8242,3.824,1.3885,2.4003,3.8483,1.1305,2.7854,3.6539,1.8363,1.7817,4.0906,0.91546,2.4597,2.779,1.9138,2.0722,4.3892,0.094871,2.7934,2.8598,1.0828,1.9567,4.2626,0.95371,2.3312,3.0218,1.6375,2.395,4.5869,0.97807,2.0801,2.8406,0.74116,1.9949,2.7419,1.6112,1.7888,3.9681,0.9194,2.4579,2.7837,1.3774,1.5853,3.8372,2.7613,2.587,4.6264,1.0846,2.1401,3.6248,1.1274,2.7911,3.6548,1.9758,1.9852,4.4777,1.0786,1.9604,4.2585,1.8541,1.6567,3.4519,1.6622,2.4888,3.9988,2.1152,2.5528,4.9186,2.1507,2.3815,3.7057,1.1894,3.0697,3.4193,1.447,1.4681,4.2295,0.62618,2.998,3.623,1.622,1.7427,4.2291,0.74249,1.9973,2.7402,0.69379,2.1942,3.9465,2.6847,2.6014,4.5346,1.9951,2.1244,3.4347,1.3864,2.9123,3.5378,1.0813,2.1986,3.6304,2.5338,2.0032,4.4753,1.4892,1.7335,4.4218,1.6036,2.5902,3.5834,2.0613,2.2961,4.0756,2.7006,2.3696,4.999,0.45337,2.5297,2.9684
1789.1,0.13297,123.87,15.775,0.026797,412.93,1.5103,1.8341,4.1599,1.2732,2.2301,4.2245,1.2186,1.98,4.2402,2.4865,2.6558,4.2943,0.85903,2.0514,4.233,1.519,2.5026,3.8939,3.0492,2.8396,5.8707,1.2123,1.9823,4.2367,1.7456,1.6997,4.2434,1.2831,2.2274,4.2387,0.85185,2.0615,4.2132,2.9116,2.8349,4.52,5.6698,2.7643,1.4216,1.2649,2.8164,3.65,0.945,2.1441,3.0187,2.491,2.066,4.467,1.4713,1.6664,3.9105,0.6545,2.5817,3.8696,2.0109,1.7646,3.4806,1.0908,2.4321,3.0983,0.24867,2.289,3.5325,1.7815,1.6771,3.3922,2.0826,2.8109,4.3811,1.7871,1.6865,3.3957,1.466,1.6597,3.9197,0.39073,2.1433,3.1846,2.0539,2.3715,4.4105,1.4736,1.6762,3.201,0.8292,1.8963,2.7612,3.0437,2.8414,5.8559,2.0116,1.7741,3.4828,1.0115,2.719,2.8898,1.8216,2.5877,4.0121,0.64016,1.8842,2.7985,1.0708,2.4395,3.0703,1.9031,1.9177,4.5018,1.6905,1.6772,3.8908,0.51154,2.2016,3.747,1.1881,2.4542,3.7731,0.98684,2.0759,3.2498,2.5673,2.311,4.319,2.0859,2.1667,4.6988,1.4829,1.6711,3.9186,1.8952,1.9179,4.4969,1.4949,2.1839,3.2645,0.8101,2.0958,3.1663,2.4228,2.3822,4.3299,1.9344,2.5978,4.866,1.9163,2.5988,4.8451,2.5606,2.3134,4.3157,1.2848,2.4988,3.9316,1.6961,2.2364,4.3076,1.9985,3.0487,3.9371,0.52458,2.469,2.495,1.5414,2.0619,4.6223,2.0617,3.0561,4.0045,0.37502,2.3833,3.4118,1.6617,1.6138,4.0805,0.70452,2.0322,3.0857,2.2482,2.2458,4.6545,0.66346,2.606,3.0402,0.98887,2.0806,3.2497,0.096684,2.8912,1.9361,2.0007,1.9911,4.6016,2.5565,2.3151,4.3156,2.6506,2.3275,5.1742,2.0957,2.7971,4.3946,1.0797,1.8322,3.9596,4.6325,2.9775,0.51469,0.87623,2.1207,3.0408,1.3049,2.0971,4.2807,1.0512,2.0906,3.4874,2.2686,2.741,4.5312,1.7065,1.586,4.1516,1.1649,2.5527,3.0865,0.75797,2.4366,3.7642,2.0592,1.9157,3.7256,1.5883,2.442,3.4611,1.6439,2.5345,3.6025,1.6509,1.6577,4.25,2.0665,2.7912,4.5386,2.0839,2.7896,4.5567,3.3816,2.7791,6.1416,1.7066,1.5846,4.1516,1.7153,2.0034,3.4512,2.1024,2.9339,4.902,1.1647,2.5533,3.0973,2.6285,2.4446,4.9768,1.0402,2.6058,4.0671,1.5909,2.4384,3.4639,1.1759,1.8157,4.0914,1.6645,1.6116,4.0785,1.7101,2.0036,3.4428,0.27877,2.9427,3.3284,2.8824,2.2978,4.586,1.3149,1.9489,4.2075,1.2689,2.6774,3.3584,1.4552,2.4577,3.3423,1.8476,1.9714,3.7107,1.9482,2.3613,3.9978,1.0858,2.2852,3.1813,2.5395,2.0367,5.1452,1.2461,2.6764,3.3275,1.4443,2.4667,3.3296,0.31128,2.9431,3.359,0.67039,1.8148,2.8918,1.6933,2.0182,4.44,1.4658,1.8473,4.1262,5.503,2.8964,1.8156,0.8205,2.1143,2.7926,1.0367,2.6121,4.0688,2.1767,2.5248,3.6222,2.6228,2.4401,4.9683,2.8114,2.6982,4.5281,2.1487,2.5218,4.5157,2.3493,2.1071,4.202,0.76654,2.0009,3.3395,0.35142,2.4678,2.9064,0.60126,2.1418,3.7106,2.3858,2.4918,4.4402,0.77235,2.4606,2.8749,1.2532,1.5887,4.2867,1.6972,2.0124,3.4435,6.2556,2.6879,1.9975,3.2511,2.9357,6.2182,0.7704,2.4515,2.8911,1.6632,1.6337,4.0826,1.4971,1.871,3.181,0.75309,2.4587,2.8676,2.1656,2.3465,4.9376,1.1581,2.563,3.0885,1.0049,1.9618,3.504,0.51802,1.9785,3.2613,1.706,2.0119,3.4398,2.3858,2.0893,4.2028,2.1543,2.1535,4.986,1.2848,1.7362,3.8084,0.68562,1.9769,2.7618,2.1562,2.1561,4.9936,2.3275,2.1953,4.4768,1.5693,2.3209,3.9642,4.2642,2.9869,0.19399,1.9543,2.3511,3.9991,0.83569,1.9587,4.1221,1.1975,2.582,4.2272,3.5651,2.8461,6.1266,1.5341,1.622,3.2892,0.3067,2.2991,3.3866,5.1204,2.9764,1.0614,0.5875,2.7776,3.2885,1.2873,2.5122,2.9919,2.1408,2.1402,4.9658,1.4763,2.0864,4.3603,1.526,1.6258,3.2911,1.3844,2.9266,3.3666,0.47244,2.4448,2.7485,0.91361,2.4535,3.0009,0.22705,2.6158,3.3418,1.6174,2.2665,4.1331,0.47354,2.4428,2.7384,1.0432,2.1863,3.6488,1.3938,1.7993,4.2925,0.32191,2.3066,3.3963,1.5281,1.6151,3.2892,0.46879,2.4447,2.7476,3.06,2.8701,5.9819,1.9924,2.5898,4.0256,1.9831,2.1839,4.6008,2.6004,2.775,5.2352,1.8953,1.9562,3.8945,1.2938,1.8011,3.6928,2.1534,2.1493,4.9836,1.3942,2.6491,3.9916,1.1211,3.0787,2.9604,4.7062,2.9749,0.42404,1.2802,2.6911,4.3538,1.9054,1.9487,3.882,1.2614,2.6378,2.8821,0.41456,2.7686,3.0146,0.94716,2.8957,4.1376,0.60563,2.5226,2.6074,0.69183,1.9488,2.9737,0.54279,2.4022,3.4152,1.5644,2.1786,4.2426,1.3006,2.6945,4.3701,0.61553,1.9594,3.0927,1.9838,1.8856,3.8136,1.1927,1.8343,3.6542,2.4169,2.7132,4.9231,1.3738,1.5495,4.162,1.3827,2.1564,3.169,0.62995,1.961,3.0945,0.47412,2.446,2.585,1.6177,2.2689,4.1374,2.422,2.7106,4.9384,0.62434,1.9642,3.0872,1.5667,1.7073,3.3308,0.49427,3.0443,2.4014,0.59583,2.5242,2.6024,2.9351,2.7467,5.9207,6.2165,2.8691,2.5923,4.6738,2.9785,0.38938,2.3272,2.397,3.7213,0.98706,3.075,3.7784,1.4161,2.2801,3.5438,0.88656,3.075,3.6778,2.3581,2.2352,3.7939,1.1908,1.8307,3.6524,2.429,2.3425,4.5674,2.5696,2.6423,4.0371,1.2742,2.6803,4.3448,1.8947,1.9419,3.8891,1.1484,2.7739,3.6733,2.4215,2.4763,5.0523,1.6098,2.6106,3.3292,2.1667,2.194,4.1048,0.78478,1.9054,3.366,2.3262,2.4087,3.7326,2.3309,2.4069,3.7295,2.1923,1.9103,4.9194,2.6367,2.2869,4.791,2.3587,2.2375,3.7974,1.3769,1.5861,3.8432,2.4239,2.7127,4.9373,1.8938,1.9447,3.8918,0.77708,2.1372,3.9818,1.601,1.8176,4.2559,2.4238,2.7121,4.9407,1.4463,2.3875,3.2617,5.9472,2.8861,2.2307,1.8539,1.7967,3.4853,1.9597,3.0073,4.2775,2.0292,1.9513,4.7738,1.1202,2.5795,4.2917,1.8958,2.1466,4.8635,1.6126,1.7829,3.9652,1.6042,2.0117,3.3764,1.0364,2.7557,3.5851,0.936,2.82,3.8306,1.3949,2.4076,3.8514,1.1349,2.7782,3.6568,1.8347,1.7719,4.0887,0.91761,2.4589,2.7834,1.9167,2.0753,4.3928,0.11008,2.7909,2.8746,1.0805,1.9546,4.2638,0.95836,2.3275,3.0304,1.6404,2.3948,4.5871,0.97718,2.0755,2.8448,0.73939,1.9919,2.7415,1.6101,1.7796,3.9679,0.9234,2.4566,2.7905,1.3751,1.5852,3.8376,2.7561,2.5851,4.6211,1.0844,2.1429,3.6227,1.1321,2.7854,3.6591,1.976,1.9843,4.4789,1.0752,1.9592,4.2588,1.855,1.6597,3.453,1.6623,2.4939,3.9988,2.1174,2.5513,4.9157,2.1471,2.3825,3.7017,1.1936,3.067,3.4222,1.4477,1.4689,4.2271,0.63115,2.9968,3.6293,1.6205,1.7365,4.2267,0.74117,1.9965,2.7391,0.69645,2.1943,3.9485,2.6812,2.5999,4.5319,1.9971,2.1216,3.4311,1.3902,2.9055,3.5399,1.0806,2.2036,3.6267,2.5356,2.0061,4.4797,1.4876,1.7325,4.4214,1.599,2.5891,3.5839,2.0604,2.3016,4.0781,2.6943,2.3666,4.9912,0.45992,2.5286,2.9761
1789.1,0.13297,123.87,15.775,0.035729,431.88,1.5059,1.8331,4.1554,1.2714,2.2317,4.225,1.2142,1.9773,4.2424,2.4822,2.6535,4.2919,0.85942,2.0477,4.2388,1.5186,2.509,3.8943,3.063,2.8397,5.8882,1.2066,1.9799,4.2374,1.7448,1.6934,4.2416,1.2854,2.2277,4.2443,0.84928,2.0611,4.212,2.9181,2.8346,4.5237,5.6561,2.7594,1.4062,1.2735,2.8062,3.6587,0.94071,2.1436,3.0174,2.4939,2.0715,4.4749,1.4707,1.6627,3.9123,0.65361,2.5857,3.8649,2.0131,1.7651,3.4833,1.0956,2.427,3.1115,0.24082,2.2902,3.522,1.7799,1.678,3.3938,2.0624,2.8051,4.3579,1.7875,1.691,3.3975,1.4626,1.6549,3.924,0.38937,2.1468,3.1783,2.0604,2.3768,4.4187,1.473,1.679,3.2015,0.82874,1.9027,2.7585,3.0552,2.8413,5.8691,2.014,1.7774,3.4855,1.0148,2.7195,2.8951,1.8228,2.5876,4.0158,0.6433,1.8895,2.7991,1.07,2.4374,3.0757,1.9051,1.9186,4.505,1.6938,1.6718,3.8902,0.51185,2.2018,3.7479,1.1861,2.4658,3.7687,0.98013,2.0814,3.2423,2.5751,2.3156,4.3296,2.0926,2.1729,4.707,1.4849,1.6707,3.9214,1.895,1.9184,4.4987,1.4968,2.1879,3.2633,0.80491,2.1021,3.1577,2.4253,2.3866,4.3365,1.9307,2.5967,4.8572,1.9083,2.5996,4.832,2.5665,2.3194,4.3263,1.284,2.5032,3.9263,1.6997,2.2384,4.3128,1.9815,3.0436,3.9186,0.53253,2.4689,2.5022,1.54,2.0646,4.627,2.0586,3.0524,4.0,0.36889,2.3865,3.4028,1.6617,1.6089,4.0797,0.70215,2.0361,3.0806,2.2496,2.2479,4.6572,0.67516,2.6014,3.0545,0.98266,2.087,3.2415,0.082615,2.8916,1.9201,2.0036,1.9942,4.6074,2.5612,2.3217,4.3254,2.6416,2.3234,5.1643,2.0794,2.787,4.3772,1.08,1.8259,3.9647,4.6363,2.969,0.51686,0.87215,2.122,3.0358,1.3049,2.0963,4.2865,1.0493,2.0926,3.4848,2.2539,2.7358,4.514,1.7085,1.5818,4.1494,1.1732,2.5511,3.0936,0.76049,2.4411,3.7614,2.061,1.9111,3.7206,1.5843,2.4443,3.4585,1.638,2.5391,3.6016,1.6478,1.6512,4.2499,2.0514,2.7837,4.5219,2.0739,2.7818,4.5465,3.3918,2.7776,6.151,1.709,1.5796,4.1492,1.7203,2.0031,3.4509,2.095,2.933,4.8961,1.1723,2.5519,3.1074,2.6251,2.4439,4.9723,1.0457,2.607,4.0665,1.587,2.4395,3.4622,1.172,1.8208,4.0879,1.6657,1.6052,4.0767,1.7132,2.0033,3.4393,0.27515,2.9409,3.3258,2.8871,2.2994,4.5949,1.314,1.9487,4.2085,1.2757,2.6732,3.371,1.4512,2.4577,3.3418,1.8501,1.9667,3.7051,1.947,2.3714,4.0004,1.0813,2.2865,3.1784,2.54,2.0322,5.1446,1.2477,2.6723,3.3337,1.4369,2.4692,3.3254,0.31928,2.9415,3.3668,0.66756,1.8186,2.8829,1.6902,2.0148,4.4474,1.4651,1.8414,4.1287,5.4879,2.8942,1.8007,0.82081,2.1116,2.797,1.0417,2.6155,4.0693,2.1851,2.5248,3.6222,2.6156,2.4377,4.9585,2.8164,2.6952,4.5319,2.1436,2.5188,4.509,2.3498,2.1097,4.2058,0.76638,2.006,3.3352,0.36257,2.4648,2.9178,0.6001,2.142,3.7095,2.3856,2.4849,4.4446,0.78208,2.4586,2.8847,1.2525,1.5908,4.2864,1.6948,2.0147,3.4408,6.2175,2.687,1.9786,3.2664,2.9344,0.35151,0.78033,2.4463,2.9069,1.6641,1.6329,4.0806,1.4983,1.8735,3.1803,0.7569,2.4563,2.8747,2.164,2.3454,4.9298,1.1639,2.5628,3.0961,1.0061,1.9613,3.504,0.51231,1.9785,3.2634,1.7082,2.0133,3.4358,2.3857,2.0929,4.2053,2.1592,2.153,4.9885,1.283,1.7296,3.8117,0.68698,1.9767,2.7645,2.1619,2.157,4.9982,2.3316,2.1997,4.4841,1.5702,2.3323,3.9647,4.2845,2.9788,0.21312,1.9543,2.3568,4.0005,0.83409,1.9566,4.123,1.207,2.5862,4.2325,3.5829,2.8427,6.144,1.5349,1.6241,3.2901,0.30018,2.2995,3.378,5.1166,2.9707,1.058,0.59872,2.7745,3.3014,1.2952,2.5141,2.9973,2.1412,2.1355,4.9603,1.4767,2.083,4.3644,1.5261,1.6268,3.2928,1.3875,2.9253,3.3684,0.48167,2.4423,2.7611,0.90982,2.4528,3.0018,0.22929,2.6146,3.3426,1.62,2.2709,4.1366,0.48474,2.4411,2.7491,1.0413,2.1931,3.6443,1.3937,1.7962,4.292,0.32101,2.3092,3.3923,1.5278,1.6139,3.2902,0.47803,2.4421,2.7607,3.0865,2.8697,6.0103,1.9869,2.5868,4.0223,1.9881,2.186,4.6055,2.5862,2.775,5.219,1.8969,1.9521,3.8906,1.2935,1.795,3.6947,2.157,2.1469,4.9837,1.3911,2.6455,3.9848,1.1218,3.0762,2.9599,4.7124,2.9708,0.42844,1.2889,2.6932,4.3612,1.9064,1.9451,3.8809,1.2679,2.6383,2.8895,0.43528,2.7663,3.0385,0.95216,2.897,4.1419,0.61891,2.5232,2.6184,0.68988,1.9549,2.9671,0.54093,2.4042,3.4099,1.5637,2.1793,4.2483,1.3169,2.6972,4.3829,0.6085,1.9631,3.0831,1.9854,1.8811,3.8117,1.1924,1.8295,3.6577,2.399,2.709,4.8997,1.3727,1.5584,4.158,1.3798,2.1563,3.1669,0.62718,1.9658,3.0863,0.47908,2.4443,2.5918,1.6197,2.275,4.1414,2.4072,2.7059,4.9211,0.61966,1.9698,3.0763,1.5677,1.705,3.3321,0.48703,3.0457,2.3915,0.60434,2.5255,2.6099,2.9451,2.7475,5.9328,6.2781,2.871,2.612,4.6742,2.9739,0.38782,2.3205,2.3926,3.7095,1.0248,3.072,3.8193,1.407,2.29,3.5358,0.90077,3.0733,3.6953,2.3543,2.2343,3.7878,1.1903,1.8245,3.6555,2.4303,2.3445,4.5703,2.5643,2.6478,4.0397,1.2797,2.6792,4.3479,1.8958,1.9339,3.8833,1.156,2.7658,3.6806,2.4112,2.4728,5.0371,1.6106,2.6064,3.3402,2.1662,2.1968,4.1061,0.78358,1.9069,3.3634,2.3183,2.4087,3.7252,2.3241,2.4053,3.7199,2.1958,1.9186,4.9264,2.6337,2.2858,4.7907,2.356,2.2374,3.7929,1.3753,1.5864,3.8463,2.4083,2.7095,4.9178,1.8948,1.9381,3.887,0.77643,2.1355,3.99,1.6006,1.8119,4.2551,2.4098,2.7081,4.9242,1.4466,2.3871,3.2619,5.9549,2.8884,2.2405,1.8523,1.7955,3.4894,1.9519,3.0005,4.2674,2.0355,1.9523,4.7822,1.1284,2.5801,4.3001,1.9013,2.1457,4.8643,1.6123,1.7751,3.9647,1.604,2.0132,3.3707,1.0437,2.7484,3.5917,0.94347,2.8161,3.836,1.4012,2.4148,3.8544,1.1389,2.7714,3.659,1.8331,1.7622,4.087,0.91971,2.4584,2.7877,1.9199,2.0788,4.3966,0.12547,2.7882,2.8895,1.078,1.9526,4.265,0.96265,2.324,3.0386,1.6436,2.3949,4.5876,0.97609,2.0711,2.8486,0.73772,1.9889,2.7412,1.6089,1.7706,3.9676,0.9273,2.4552,2.7973,1.3725,1.5851,3.8382,2.7517,2.5834,4.6169,1.0842,2.146,3.6204,1.1368,2.7798,3.6633,1.9762,1.9836,4.4804,1.0718,1.9579,4.259,1.856,1.6625,3.4544,1.6624,2.4988,3.9988,2.1195,2.5497,4.9127,2.1433,2.3838,3.6975,1.1988,3.0641,3.4259,1.4484,1.47,4.2247,0.63537,2.9956,3.6349,1.619,1.7303,4.2245,0.73996,1.9957,2.7382,0.69913,2.1943,3.9507,2.6777,2.5982,4.5294,1.9995,2.119,3.4277,1.3943,2.8988,3.5423,1.0799,2.2089,3.6228,2.5374,2.0092,4.4845,1.486,1.7314,4.4211,1.5945,2.5878,3.5848,2.0596,2.307,4.0807,2.6883,2.3637,4.9836,0.46665,2.5275,2.9839
1789.1,0.13297,123.87,15.775,0.044661,450.36,1.5017,1.8319,4.1511,1.2699,2.2334,4.2258,1.2099,1.9746,4.2442,2.4783,2.6515,4.29,0.85977,2.044,4.2443,1.5183,2.5151,3.8946,3.0766,2.8395,5.9054,1.2011,1.9774,4.2381,1.7441,1.6872,4.2399,1.2875,2.2279,4.2498,0.84671,2.0608,4.2108,2.9243,2.8344,4.5273,5.6432,2.7544,1.3915,1.2813,2.7961,3.6666,0.93647,2.1431,3.016,2.4968,2.0771,4.4828,1.4701,1.6588,3.914,0.65277,2.5896,3.8602,2.0152,1.7654,3.4861,1.0997,2.4222,3.1236,0.23322,2.2914,3.5119,1.7783,1.6786,3.3955,2.0434,2.7992,4.3358,1.7878,1.6952,3.3991,1.4596,1.6505,3.928,0.38822,2.1499,3.1727,2.0663,2.3814,4.4264,1.4724,1.6816,3.2021,0.82846,1.9086,2.7563,3.0667,2.8412,5.8822,2.0164,1.7803,3.4882,1.0182,2.72,2.9006,1.824,2.5876,4.0194,0.64635,1.8947,2.7996,1.0691,2.4353,3.0808,1.907,1.9194,4.5083,1.6971,1.6667,3.89,0.5121,2.2018,3.7488,1.1843,2.4768,3.7646,0.97364,2.0866,3.2352,2.583,2.3201,4.34,2.0993,2.1786,4.7151,1.4869,1.6707,3.9242,1.895,1.919,4.5003,1.4985,2.1914,3.2621,0.79958,2.1083,3.1491,2.4279,2.391,4.3432,1.9271,2.5959,4.8482,1.9006,2.6004,4.8193,2.5725,2.3253,4.337,1.2832,2.5075,3.9212,1.7035,2.2406,4.318,1.9667,3.0386,3.9026,0.54008,2.4689,2.5091,1.5382,2.0674,4.6312,2.0565,3.049,3.9964,0.36299,2.3894,3.3942,1.6618,1.6047,4.0788,0.69966,2.04,3.0754,2.251,2.25,4.6599,0.68614,2.5969,3.0683,0.97651,2.0931,3.2334,0.068271,2.8917,1.904,2.0067,1.9976,4.6133,2.5661,2.3283,4.3354,2.6329,2.3193,5.1545,2.0643,2.7769,4.361,1.0802,1.8197,3.9698,4.6396,2.9605,0.51841,0.86819,2.1231,3.031,1.3051,2.0956,4.2922,1.0472,2.0948,3.4821,2.24,2.7307,4.4978,1.7104,1.5778,4.1473,1.1812,2.5493,3.1002,0.76286,2.4456,3.7586,2.0626,1.9066,3.7157,1.5804,2.4466,3.4561,1.6326,2.5435,3.6011,1.6448,1.6452,4.2496,2.0373,2.7761,4.5061,2.0647,2.7742,4.5373,3.4021,2.776,6.1607,1.7113,1.5747,4.147,1.7254,2.003,3.4509,2.0889,2.9322,4.8913,1.1797,2.5505,3.1171,2.6218,2.4433,4.9677,1.0508,2.6083,4.0658,1.5833,2.4407,3.4607,1.1678,1.8252,4.0849,1.6669,1.5989,4.0747,1.7165,2.0032,3.4359,0.27216,2.9391,3.3238,2.8918,2.3007,4.6037,1.3131,1.9486,4.2097,1.282,2.6693,3.383,1.4473,2.458,3.3415,1.8525,1.9621,3.6998,1.9458,2.3815,4.0029,1.077,2.2879,3.1756,2.5406,2.028,5.1444,1.2492,2.6685,3.3398,1.4296,2.4716,3.3214,0.32767,2.9398,3.3751,0.66459,1.8223,2.8737,1.6869,2.0118,4.4547,1.4645,1.8358,4.1311,5.4726,2.892,1.7855,0.82091,2.109,2.8011,1.0464,2.6191,4.0696,2.1924,2.525,3.6215,2.6082,2.4353,4.9486,2.8219,2.6922,4.536,2.1391,2.516,4.5028,2.3503,2.1124,4.2099,0.76599,2.0114,3.3306,0.37399,2.4618,2.9297,0.59898,2.1422,3.7085,2.3853,2.4783,4.4491,0.79192,2.4567,2.8945,1.2516,1.5929,4.2859,1.6923,2.0168,3.4381,6.2079,2.686,1.9597,3.2819,2.9328,2.1256,0.78983,2.441,2.9223,1.6649,1.6318,4.0787,1.4996,1.8759,3.1795,0.7605,2.4539,2.8816,2.1624,2.3441,4.9216,1.1695,2.5627,3.1035,1.0073,1.9608,3.504,0.50643,1.9784,3.2656,1.7104,2.0143,3.4318,2.3857,2.0967,4.2079,2.1642,2.1526,4.9909,1.2813,1.723,3.8151,0.68835,1.9766,2.7672,2.1675,2.1579,5.0028,2.3358,2.2041,4.4916,1.5711,2.3431,3.9653,4.3025,2.9707,0.23016,1.9542,2.3624,4.002,0.83235,1.9548,4.1236,1.2168,2.5903,4.238,3.6002,2.8395,6.161,1.5358,1.6263,3.2911,0.2937,2.2998,3.3693,5.1131,2.9649,1.055,0.60971,2.7712,3.3139,1.303,2.516,3.0024,2.1416,2.1306,4.955,1.4769,2.0796,4.3684,1.5263,1.6277,3.2946,1.3906,2.924,3.37,0.49097,2.4398,2.7739,0.90654,2.4519,3.0031,0.23152,2.6134,3.3432,1.6227,2.2753,4.1402,0.49581,2.4393,2.7598,1.0394,2.1999,3.6399,1.3935,1.7931,4.2915,0.3202,2.3116,3.3887,1.5276,1.6125,3.2913,0.4872,2.4394,2.7737,3.1121,2.8692,6.0376,1.9817,2.5839,4.0193,1.9931,2.1878,4.6102,2.5717,2.7748,5.2025,1.8985,1.948,3.8866,1.2935,1.7891,3.6968,2.1605,2.1444,4.9836,1.388,2.6418,3.9779,1.1213,3.0739,2.9581,4.7185,2.9667,0.43287,1.2972,2.695,4.3683,1.9076,1.9413,3.8798,1.2743,2.6389,2.8968,0.4555,2.764,3.0618,0.95735,2.8979,4.1464,0.63204,2.5238,2.6293,0.68801,1.961,2.9608,0.53914,2.4059,3.405,1.5631,2.1797,4.2539,1.3332,2.6999,4.3957,0.60159,1.9667,3.0736,1.987,1.8765,3.8099,1.1921,1.8246,3.6613,2.3818,2.7047,4.8769,1.3714,1.567,4.154,1.3768,2.156,3.1648,0.62445,1.9704,3.0782,0.484,2.4425,2.5987,1.622,2.2812,4.1457,2.3929,2.701,4.904,0.61486,1.9753,3.0653,1.5689,1.7028,3.3333,0.47942,3.0469,2.381,0.61247,2.5269,2.617,2.9554,2.7481,5.9451,5.9713,2.8728,2.6321,4.6749,2.9692,0.38679,2.3142,2.3883,3.6981,1.0586,3.0687,3.8563,1.3976,2.3001,3.5276,0.91407,3.0715,3.712,2.3506,2.2335,3.7819,1.1898,1.8181,3.6587,2.4316,2.3464,4.5732,2.5592,2.6531,4.0426,1.2852,2.6783,4.351,1.8968,1.926,3.8777,1.1632,2.7579,3.6873,2.4009,2.4692,5.0221,1.6113,2.6023,3.3514,2.1657,2.1997,4.1076,0.78227,1.9085,3.3607,2.3106,2.409,3.7181,2.3173,2.4039,3.7105,2.1995,1.9266,4.9334,2.6307,2.2846,4.7904,2.3534,2.2374,3.7887,1.3737,1.5867,3.8496,2.3933,2.7062,4.8989,1.8959,1.9316,3.8823,0.77586,2.1336,3.9983,1.6003,1.8064,4.2544,2.3964,2.7042,4.9083,1.4467,2.3869,3.2619,5.9624,2.8906,2.2502,1.8508,1.7943,3.4934,1.9443,2.9937,4.2573,2.0419,1.9533,4.7904,1.1365,2.5807,4.3083,1.9069,2.1449,4.8652,1.612,1.7675,3.9642,1.6038,2.0149,3.3652,1.0502,2.7415,3.5976,0.95019,2.8125,3.8406,1.4073,2.422,3.8574,1.1425,2.7647,3.6608,1.8313,1.7526,4.0853,0.92181,2.458,2.792,1.9233,2.0825,4.4007,0.14082,2.7854,2.9043,1.0755,1.9507,4.2662,0.96677,2.3207,3.0464,1.647,2.3952,4.5884,0.97486,2.0669,2.8519,0.73622,1.986,2.7413,1.6077,1.7617,3.9673,0.93108,2.454,2.8042,1.37,1.5848,3.8388,2.7479,2.5818,4.6133,1.084,2.1494,3.6178,1.1414,2.7741,3.6675,1.9765,1.9828,4.482,1.0682,1.9567,4.2593,1.8572,1.6653,3.4557,1.6626,2.5035,3.9988,2.1215,2.5482,4.9096,2.1394,2.3852,3.6932,1.2046,3.0613,3.4305,1.4492,1.4713,4.2223,0.63876,2.9944,3.6396,1.6175,1.7239,4.2226,0.73884,1.9947,2.7374,0.70182,2.1945,3.9529,2.6742,2.5966,4.527,2.002,2.1164,3.4247,1.3983,2.8919,3.5449,1.0791,2.2146,3.6185,2.5393,2.0126,4.4895,1.4842,1.7301,4.4209,1.5903,2.5866,3.5859,2.0589,2.3124,4.0833,2.6825,2.3608,4.9762,0.47345,2.5264,2.9916
1789.1,0.13297,123.87,15.775,0.053593,468.86,1.4977,1.8305,4.147,1.2687,2.2349,4.2269,1.2056,1.9718,4.2459,2.4746,2.6494,4.2885,0.86008,2.0407,4.2497,1.5181,2.5208,3.8949,3.0901,2.8392,5.9224,1.1956,1.9747,4.2388,1.7434,1.681,4.238,1.2893,2.2281,4.2554,0.84422,2.0602,4.2098,2.9302,2.8341,4.5307,5.6307,2.7494,1.3773,1.2885,2.7861,3.674,0.93228,2.1426,3.0146,2.5,2.0826,4.4909,1.4692,1.6551,3.9158,0.65182,2.5934,3.8555,2.0173,1.7656,3.4887,1.1028,2.4178,3.1347,0.22568,2.2926,3.5016,1.7768,1.6791,3.3972,2.0254,2.7931,4.3147,1.7881,1.6991,3.4007,1.4568,1.6461,3.9317,0.38728,2.1528,3.1674,2.0719,2.3854,4.4335,1.4716,1.6839,3.2026,0.82832,1.9139,2.7547,3.0782,2.8411,5.8955,2.019,1.783,3.4909,1.0219,2.7204,2.9062,1.8251,2.5877,4.023,0.64932,1.8996,2.8002,1.0682,2.4332,3.0857,1.9091,1.9201,4.5116,1.7004,1.6621,3.8901,0.51234,2.2018,3.7497,1.1826,2.4868,3.761,0.96733,2.0914,3.2282,2.5909,2.3243,4.3504,2.1058,2.184,4.7228,1.489,1.6708,3.927,1.8952,1.9198,4.5021,1.5003,2.1946,3.2609,0.79409,2.1145,3.1402,2.4306,2.3955,4.35,1.9236,2.5953,4.8392,1.8933,2.6012,4.8069,2.5789,2.3311,4.3481,1.2824,2.5118,3.9162,1.7074,2.2428,4.3231,1.9536,3.0337,3.8881,0.54744,2.4689,2.5157,1.536,2.0703,4.6349,2.0549,3.0454,3.9933,0.35729,2.3921,3.386,1.6619,1.6009,4.078,0.69715,2.0438,3.0702,2.2523,2.2519,4.6622,0.69646,2.5924,3.0817,0.97037,2.0988,3.2253,0.054415,2.8918,1.8882,2.0101,2.0011,4.6194,2.5714,2.3349,4.3457,2.6243,2.3152,5.1446,2.0503,2.7666,4.346,1.0804,1.8136,3.9747,4.6422,2.952,0.51941,0.86436,2.1241,3.0265,1.3052,2.0951,4.298,1.0451,2.097,3.4793,2.227,2.7256,4.4825,1.7125,1.5742,4.1453,1.189,2.5477,3.1066,0.76511,2.45,3.7554,2.0644,1.9023,3.711,1.5768,2.4489,3.454,1.6276,2.5476,3.6013,1.6417,1.6395,4.2493,2.0238,2.7683,4.4909,2.0561,2.7666,4.5286,3.4125,2.7744,6.1703,1.7136,1.5701,4.1447,1.7307,2.003,3.4511,2.0837,2.9316,4.8876,1.1868,2.5493,3.1265,2.6186,2.4426,4.9632,1.0556,2.6096,4.0646,1.5797,2.442,3.4594,1.1636,1.829,4.0821,1.6682,1.5929,4.0729,1.7197,2.0029,3.4328,0.26961,2.9372,3.3221,2.8965,2.3018,4.6123,1.3123,1.9485,4.2108,1.2879,2.6656,3.3944,1.4435,2.4583,3.3413,1.8549,1.9575,3.6946,1.9448,2.3914,4.0056,1.0726,2.2892,3.1729,2.5414,2.0239,5.1446,1.2508,2.665,3.346,1.4224,2.4739,3.3176,0.33622,2.938,3.3836,0.66147,1.8261,2.8646,1.6834,2.0087,4.462,1.4637,1.8303,4.1333,5.4571,2.8896,1.7699,0.82077,2.1067,2.8048,1.051,2.6227,4.0695,2.1984,2.5254,3.62,2.6007,2.4326,4.9384,2.8279,2.6892,4.5406,2.1349,2.5135,4.497,2.3509,2.1156,4.2142,0.76531,2.0169,3.3255,0.38559,2.4587,2.942,0.59786,2.1423,3.7076,2.3849,2.4719,4.4536,0.80184,2.4547,2.9044,1.2508,1.5951,4.2854,1.6897,2.0188,3.4353,6.188,2.6847,1.9406,3.2973,2.9312,6.1087,0.79876,2.4359,2.9372,1.6658,1.6304,4.0768,1.5009,1.8782,3.1788,0.76382,2.4516,2.8882,2.1607,2.3426,4.9134,1.175,2.5626,3.1107,1.0086,1.9602,3.5041,0.50035,1.9783,3.2678,1.7126,2.0151,3.4278,2.3857,2.1006,4.2105,2.1692,2.152,4.9931,1.2794,1.7167,3.8183,0.68972,1.9765,2.77,2.1732,2.1586,5.0072,2.3401,2.2085,4.4992,1.572,2.3534,3.9658,4.319,2.9627,0.24571,1.9543,2.3682,4.0036,0.83053,1.9532,4.1237,1.2267,2.5944,4.2434,3.6171,2.8363,6.1778,1.5368,1.6287,3.2921,0.28728,2.2999,3.3606,5.1097,2.9589,1.0522,0.6203,2.7679,3.3259,1.3106,2.5178,3.0073,2.1423,2.126,4.95,1.477,2.0759,4.3725,1.5266,1.6285,3.2963,1.3935,2.9226,3.3715,0.5003,2.4373,2.7867,0.90368,2.451,3.0049,0.23363,2.6122,3.3436,1.6254,2.2798,4.1439,0.50675,2.4377,2.7705,1.0373,2.2068,3.6352,1.3934,1.7902,4.2909,0.31948,2.3139,3.3852,1.5274,1.6112,3.2923,0.49629,2.4368,2.7867,3.1367,2.8685,6.064,1.9766,2.5812,4.0166,1.9982,2.1895,4.6148,2.5567,2.7745,5.1855,1.9001,1.9437,3.8825,1.2932,1.7832,3.6989,2.1639,2.1418,4.9835,1.3851,2.6382,3.9711,1.1199,3.0718,2.9556,4.7245,2.9626,0.4373,1.3055,2.6967,4.375,1.9089,1.9375,3.8789,1.2806,2.6396,2.9041,0.47509,2.7614,3.0844,0.9628,2.8985,4.1513,0.64512,2.5246,2.6402,0.68628,1.9669,2.9547,0.53753,2.4075,3.4003,1.5624,2.1799,4.2595,1.3493,2.7022,4.4083,0.59482,1.9702,3.0639,1.9885,1.872,3.8082,1.1917,1.8196,3.6649,2.3651,2.7004,4.8549,1.37,1.5753,4.15,1.3738,2.1557,3.1627,0.62175,1.975,3.0703,0.48888,2.4407,2.6055,1.6245,2.2878,4.1499,2.3789,2.6963,4.8874,0.6099,1.9805,3.0544,1.5699,1.7006,3.3346,0.47134,3.048,2.3701,0.62025,2.5284,2.6238,2.9659,2.7485,5.9577,0.59267,2.8744,2.6527,4.6761,2.9642,0.38628,2.3083,2.3839,3.6869,1.0891,3.0653,3.89,1.3879,2.31,3.5192,0.92707,3.0699,3.7283,2.3469,2.2328,3.7763,1.1891,1.8116,3.6621,2.4326,2.3484,4.5758,2.5541,2.6583,4.0454,1.2907,2.6773,4.3538,1.8978,1.9182,3.8723,1.1698,2.7502,3.6934,2.391,2.4657,5.0071,1.612,2.5984,3.3626,2.1653,2.2029,4.1093,0.78083,1.9102,3.3578,2.303,2.4093,3.7111,2.3108,2.4026,3.7012,2.2033,1.9339,4.9403,2.6277,2.2836,4.7901,2.3508,2.2377,3.7847,1.3721,1.5871,3.8528,2.3785,2.7029,4.8804,1.8969,1.9254,3.8776,0.7754,2.1316,4.0066,1.6,1.801,4.2538,2.3835,2.7003,4.8929,1.4468,2.3868,3.2619,5.9699,2.8927,2.2595,1.8495,1.7931,3.4973,1.9364,2.9869,4.247,2.0484,1.9543,4.7985,1.1442,2.5815,4.3165,1.9124,2.1444,4.8661,1.6117,1.76,3.9638,1.6036,2.0168,3.3598,1.056,2.735,3.6025,0.95621,2.809,3.8444,1.4132,2.4289,3.8603,1.1458,2.7585,3.6622,1.8297,1.7431,4.0837,0.9239,2.4576,2.7962,1.9269,2.0865,4.405,0.15626,2.7824,2.9193,1.073,1.9489,4.2672,0.9705,2.3177,3.0538,1.6507,2.3958,4.5892,0.97344,2.0631,2.8549,0.73481,1.9832,2.7413,1.6065,1.7529,3.9671,0.93471,2.4527,2.8112,1.3674,1.5846,3.8393,2.7444,2.5802,4.6105,1.0837,2.1531,3.615,1.1458,2.7686,3.6715,1.9768,1.9823,4.4838,1.0647,1.9554,4.2593,1.8585,1.6679,3.4572,1.6627,2.5081,3.9988,2.1233,2.5468,4.9064,2.1355,2.3868,3.6887,1.2113,3.0585,3.4357,1.4499,1.4729,4.2199,0.64143,2.9933,3.6435,1.6162,1.7176,4.2208,0.7378,1.9939,2.7367,0.70451,2.1947,3.955,2.6708,2.595,4.5249,2.0049,2.1138,3.4221,1.4025,2.8849,3.5477,1.078,2.2205,3.614,2.5414,2.016,4.4949,1.4824,1.7287,4.4207,1.5863,2.5853,3.5874,2.0582,2.3178,4.0862,2.6769,2.358,4.9692,0.48026,2.5254,2.9994
1789.1,0.13297,123.87,15.775,0.062525,487.21,1.4936,1.8287,4.143,1.2678,2.2365,4.2284,1.2013,1.9689,4.2473,2.4712,2.6476,4.2875,0.86034,2.0373,4.2549,1.5177,2.5263,3.8951,3.1037,2.8389,5.9394,1.1902,1.972,4.2394,1.7427,1.6748,4.2362,1.291,2.2282,4.2609,0.8418,2.0597,4.2088,2.936,2.8339,4.5341,5.6185,2.7441,1.3636,1.2953,2.7762,3.6808,0.92812,2.142,3.0131,2.5033,2.0881,4.499,1.4685,1.6515,3.9175,0.65076,2.5971,3.8506,2.0196,1.7658,3.4913,1.1051,2.4137,3.1446,0.21818,2.2939,3.4914,1.7751,1.6795,3.3988,2.0083,2.7871,4.2946,1.7886,1.7027,3.4023,1.4543,1.642,3.9353,0.38654,2.1555,3.1625,2.0772,2.3889,4.44,1.4709,1.6861,3.2031,0.82828,1.9188,2.7536,3.09,2.8409,5.9088,2.0216,1.7853,3.4934,1.0257,2.7207,2.9121,1.8264,2.5879,4.0266,0.65225,1.9043,2.8009,1.0671,2.4313,3.0905,1.911,1.9207,4.515,1.7035,1.6578,3.8903,0.51259,2.2017,3.7506,1.1813,2.4961,3.7582,0.96119,2.096,3.2216,2.5988,2.3284,4.3606,2.1122,2.189,4.7304,1.4912,1.6711,3.9299,1.8954,1.9204,4.504,1.502,2.1974,3.2596,0.78842,2.1206,3.1312,2.4334,2.3997,4.3568,1.9202,2.5949,4.8301,1.8864,2.6017,4.7947,2.5856,2.3369,4.3595,1.2817,2.5159,3.9114,1.7115,2.2451,4.3284,1.9416,3.0288,3.8749,0.55467,2.4691,2.5222,1.5336,2.0734,4.638,2.0533,3.0418,3.9905,0.35179,2.3945,3.3781,1.662,1.5975,4.0773,0.69459,2.0474,3.0652,2.2535,2.2536,4.6644,0.70625,2.5882,3.0948,0.96425,2.1043,3.2174,0.040869,2.8917,1.8728,2.0138,2.0048,4.6257,2.5769,2.3416,4.3565,2.6161,2.3111,5.1347,2.0371,2.756,4.332,1.0805,1.8076,3.9796,4.6444,2.9434,0.51997,0.86064,2.125,3.0223,1.3053,2.0946,4.3035,1.043,2.0993,3.4763,2.2146,2.7206,4.4681,1.7147,1.5707,4.1435,1.1965,2.5463,3.1125,0.76728,2.4543,3.7523,2.0661,1.8981,3.7064,1.5732,2.4512,3.452,1.623,2.5515,3.602,1.6386,1.6343,4.2491,2.0108,2.7605,4.4762,2.048,2.759,4.5204,3.4229,2.7726,6.1798,1.716,1.5655,4.1424,1.7361,2.003,3.4515,2.0792,2.9311,4.8843,1.1938,2.5481,3.1355,2.6154,2.4421,4.9589,1.0601,2.6108,4.0632,1.5761,2.4433,3.4582,1.1594,1.8322,4.0797,1.6695,1.5871,4.0711,1.7231,2.0027,3.4297,0.26755,2.9354,3.321,2.9012,2.3026,4.6206,1.3114,1.9485,4.2121,1.2933,2.6621,3.405,1.4398,2.4587,3.3413,1.8574,1.953,3.6894,1.9438,2.401,4.0085,1.0684,2.2905,3.1704,2.5423,2.0202,5.1448,1.2522,2.6617,3.352,1.4154,2.4762,3.314,0.3448,2.9362,3.392,0.65821,1.8298,2.8551,1.6797,2.0058,4.4692,1.463,1.825,4.1354,5.4416,2.8872,1.7543,0.82044,2.1045,2.8081,1.0551,2.6263,4.0692,2.2031,2.5258,3.6175,2.5931,2.4299,4.928,2.8341,2.6861,4.5456,2.1311,2.5113,4.4917,2.3515,2.1189,4.2188,0.76433,2.0228,3.3199,0.39735,2.4556,2.9546,0.59673,2.1424,3.7066,2.3843,2.4659,4.4582,0.81189,2.4527,2.9145,1.2497,1.5974,4.2847,1.6872,2.0207,3.4326,6.1706,2.6833,1.9216,3.3126,2.9295,0.021983,0.80712,2.4306,2.9517,1.6665,1.629,4.075,1.5022,1.8805,3.1781,0.76691,2.4494,2.8945,2.159,2.3409,4.9052,1.1803,2.5625,3.1178,1.0099,1.9596,3.5041,0.49405,1.9781,3.2701,1.7149,2.0157,3.4238,2.3857,2.1046,4.2135,2.1742,2.1514,4.9953,1.2775,1.7104,3.8216,0.69108,1.9764,2.7727,2.1787,2.1591,5.0114,2.3445,2.2128,4.5069,1.5727,2.3633,3.9662,4.3341,2.9548,0.26003,1.9544,2.3741,4.0053,0.82867,1.9517,4.1237,1.2367,2.5985,4.2488,3.6338,2.8329,6.1944,1.5379,1.6312,3.2932,0.28093,2.3,3.352,5.1066,2.9529,1.0499,0.63047,2.7643,3.3375,1.3179,2.5195,3.0118,2.1434,2.1214,4.9455,1.4769,2.0721,4.3765,1.5267,1.629,3.2981,1.3965,2.9213,3.373,0.50965,2.4348,2.7996,0.90117,2.4501,3.007,0.2356,2.611,3.344,1.6283,2.2844,4.1476,0.51756,2.436,2.7813,1.0351,2.2138,3.6304,1.3933,1.7873,4.2902,0.31888,2.3161,3.3819,1.5273,1.6098,3.2934,0.50528,2.4341,2.7997,3.1606,2.8678,6.0896,1.9717,2.5787,4.0142,2.0032,2.1912,4.6194,2.5412,2.774,5.1681,1.9017,1.9394,3.8784,1.2931,1.7774,3.7009,2.1674,2.1391,4.9834,1.3822,2.6345,3.9644,1.1177,3.0697,2.9523,4.7304,2.9584,0.4417,1.3135,2.6983,4.3816,1.9102,1.9339,3.878,1.2868,2.6402,2.9114,0.49402,2.7589,3.1062,0.96858,2.8988,4.1564,0.65814,2.5252,2.651,0.68468,1.9727,2.9489,0.5361,2.4088,3.3959,1.5619,2.1797,4.265,1.3652,2.7044,4.4208,0.58819,1.9735,3.0544,1.9901,1.8677,3.8066,1.1913,1.8146,3.6686,2.3489,2.6961,4.8333,1.3686,1.5834,4.146,1.3707,2.1554,3.1608,0.6191,1.9795,3.0626,0.49369,2.4389,2.6124,1.6273,2.2946,4.1542,2.3653,2.6914,4.8709,0.60483,1.9858,3.0432,1.5709,1.6984,3.3359,0.46285,3.0491,2.3588,0.6277,2.53,2.6302,2.9767,2.7488,5.9706,6.0956,2.876,2.6736,4.6776,2.9592,0.38625,2.3027,2.3796,3.6758,1.1165,3.0616,3.9206,1.3782,2.3199,3.5104,0.94005,3.068,3.7448,2.3434,2.2323,3.7708,1.1884,1.8049,3.6656,2.4337,2.3502,4.5782,2.5491,2.663,4.0483,1.2961,2.6766,4.3566,1.8988,1.9104,3.867,1.176,2.7429,3.6991,2.3813,2.4621,4.9923,1.6127,2.5943,3.374,2.1648,2.2061,4.1111,0.77927,1.9119,3.3547,2.2955,2.4097,3.7041,2.3044,2.4012,3.6921,2.2074,1.9407,4.9468,2.6246,2.2824,4.7897,2.3483,2.2379,3.7808,1.3707,1.5875,3.8559,2.3643,2.6995,4.8623,1.8981,1.9191,3.8731,0.77504,2.1297,4.0148,1.5996,1.7956,4.2531,2.3712,2.6964,4.878,1.4468,2.3869,3.2619,5.9771,2.8949,2.2689,1.8484,1.792,3.5011,1.9286,2.9799,4.2367,2.0549,1.9553,4.8063,1.1518,2.5822,4.3245,1.918,2.144,4.8672,1.6114,1.7526,3.9634,1.6035,2.0188,3.3546,1.0612,2.7288,3.607,0.96159,2.8057,3.8476,1.419,2.4355,3.8633,1.1486,2.7525,3.6631,1.8279,1.7337,4.0821,0.92596,2.4574,2.8003,1.9306,2.0906,4.4094,0.1717,2.7792,2.9342,1.0704,1.9471,4.2681,0.97382,2.315,3.0607,1.6545,2.3966,4.5904,0.97188,2.0595,2.8574,0.7335,1.9806,2.7413,1.6053,1.7445,3.9669,0.93815,2.4515,2.8179,1.3649,1.5841,3.8399,2.7416,2.5789,4.6083,1.0834,2.1569,3.612,1.1499,2.7632,3.6751,1.9769,1.9818,4.4857,1.0612,1.9541,4.2594,1.8598,1.6703,3.4587,1.6628,2.5123,3.9987,2.125,2.5454,4.9032,2.1315,2.3885,3.6841,1.2187,3.0554,3.4416,1.4506,1.4748,4.2175,0.64331,2.9922,3.6466,1.615,1.7115,4.2191,0.73684,1.9931,2.7362,0.70719,2.1949,3.9572,2.6676,2.5933,4.5231,2.0079,2.1114,3.4198,1.4066,2.8778,3.5507,1.0767,2.2267,3.6093,2.5436,2.0196,4.5004,1.4805,1.7273,4.4207,1.5827,2.5839,3.5893,2.0577,2.3232,4.0891,2.6717,2.3554,4.9626,0.48699,2.5245,3.007
1789.1,0.13297,123.87,15.775,0.071457,505.58,1.4897,1.8268,4.1392,1.2672,2.2378,4.23,1.1969,1.966,4.2484,2.4681,2.6459,4.2867,0.86055,2.0342,4.2598,1.5174,2.5316,3.8955,3.1173,2.8384,5.9564,1.1851,1.969,4.2401,1.7421,1.6686,4.2342,1.2926,2.2283,4.2664,0.83947,2.0591,4.208,2.9416,2.8337,4.5375,5.6066,2.7388,1.3501,1.3017,2.7664,3.6872,0.92397,2.1414,3.0116,2.5067,2.0937,4.5074,1.4675,1.6483,3.9191,0.64955,2.6008,3.8457,2.0219,1.766,3.4939,1.1066,2.4098,3.1536,0.21067,2.2951,3.4809,1.7737,1.6797,3.4004,1.9922,2.7809,4.2753,1.789,1.706,3.4037,1.4519,1.638,3.9386,0.38597,2.158,3.1579,2.082,2.3919,4.4462,1.47,1.6882,3.2036,0.82831,1.9232,2.7528,3.1019,2.8407,5.9222,2.0244,1.7875,3.496,1.0296,2.7209,2.918,1.8276,2.5882,4.0301,0.65512,1.9088,2.8018,1.0661,2.4292,3.0952,1.913,1.9214,4.5183,1.7066,1.6537,3.8909,0.51288,2.2016,3.7516,1.1806,2.5046,3.7559,0.95522,2.1003,3.2152,2.6069,2.3323,4.3708,2.1186,2.1937,4.7377,1.4935,1.6715,3.9328,1.896,1.9212,4.5059,1.5036,2.2001,3.2584,0.7826,2.1267,3.122,2.4362,2.404,4.3635,1.9169,2.5946,4.8208,1.8798,2.6024,4.7827,2.5926,2.3427,4.3712,1.2809,2.52,3.9067,1.7157,2.2475,4.3335,1.9305,3.024,3.8628,0.56181,2.4693,2.5286,1.5308,2.0764,4.6405,2.0521,3.0382,3.9878,0.34647,2.3969,3.3707,1.6621,1.5945,4.0764,0.69201,2.0508,3.0602,2.2545,2.2551,4.6662,0.71547,2.5839,3.1075,0.95816,2.1095,3.2096,0.023889,2.8915,1.858,2.0177,2.0085,4.6322,2.5828,2.3482,4.3676,2.608,2.3069,5.1247,2.0248,2.7453,4.3189,1.0806,1.8017,3.9843,4.6463,2.9346,0.52027,0.857,2.1259,3.0181,1.3055,2.0941,4.3091,1.0407,2.1017,3.4734,2.2029,2.7157,4.4543,1.7169,1.5674,4.1416,1.2037,2.5448,3.1181,0.76939,2.4586,3.7491,2.0678,1.8939,3.7019,1.5697,2.4535,3.4501,1.6189,2.5551,3.6033,1.6356,1.6294,4.2487,1.9983,2.7526,4.4621,2.0403,2.7513,4.5126,3.4332,2.7708,6.1893,1.7183,1.561,4.1401,1.7417,2.003,3.4521,2.0753,2.9306,4.8818,1.2004,2.5471,3.1442,2.6125,2.4415,4.9546,1.0644,2.612,4.0615,1.5728,2.4446,3.4573,1.1551,1.8349,4.0774,1.6708,1.5817,4.0693,1.7264,2.0025,3.4269,0.26588,2.9335,3.3203,2.9058,2.3033,4.6287,1.3105,1.9484,4.2134,1.2982,2.6588,3.4153,1.4363,2.4593,3.3415,1.86,1.9485,3.6844,1.9429,2.4105,4.0115,1.0642,2.2917,3.1679,2.5432,2.0166,5.1453,1.2537,2.6588,3.3583,1.4085,2.4785,3.3106,0.35332,2.9343,3.4004,0.65485,1.8335,2.8457,1.6758,2.003,4.4763,1.4623,1.8198,4.1373,5.4258,2.8847,1.7384,0.81991,2.1025,2.8109,1.0591,2.6299,4.0687,2.2073,2.5261,3.6148,2.5854,2.4271,4.9176,2.8408,2.6831,4.5507,2.1276,2.5093,4.4868,2.3523,2.1226,4.2238,0.76307,2.0288,3.314,0.4092,2.4525,2.9672,0.59563,2.1424,3.7057,2.3838,2.4601,4.463,0.82202,2.4506,2.9247,1.2486,1.5999,4.2838,1.6844,2.0226,3.4298,6.1529,2.6818,1.9027,3.3275,2.9277,0.049467,0.81485,2.4256,2.9656,1.6672,1.6276,4.0731,1.5036,1.8828,3.1774,0.76973,2.4472,2.9006,2.1575,2.3391,4.897,1.1854,2.5624,3.1246,1.011,1.9589,3.5042,0.48757,1.9777,3.2724,1.7172,2.0161,3.4197,2.3857,2.1088,4.2165,2.1791,2.1506,4.9972,1.2754,1.7044,3.8246,0.69242,1.9763,2.7754,2.1841,2.1597,5.0155,2.3489,2.2171,4.5146,1.5735,2.3726,3.9667,4.348,2.947,0.27334,1.9547,2.3801,4.007,0.82678,1.9505,4.1233,1.2468,2.6026,4.2541,3.6501,2.8297,6.2108,1.5391,1.6339,3.2941,0.27469,2.3,3.3434,5.1037,2.9468,1.0478,0.64016,2.7609,3.3484,1.3251,2.5212,3.0162,2.1446,2.117,4.9412,1.4765,2.068,4.3805,1.5269,1.6295,3.2998,1.3991,2.9199,3.3741,0.51899,2.4322,2.8125,0.89892,2.4492,3.0093,0.2374,2.6098,3.344,1.6311,2.2891,4.1514,0.52822,2.4344,2.7918,1.0328,2.2209,3.6255,1.3933,1.7845,4.2893,0.3184,2.3181,3.379,1.5271,1.6084,3.2944,0.51416,2.4315,2.8125,3.1837,2.8669,6.1144,1.9668,2.5763,4.0119,2.0083,2.1926,4.6239,2.5253,2.7734,5.1501,1.9032,1.9348,3.8742,1.2928,1.7716,3.7029,2.1708,2.1364,4.9832,1.3794,2.6309,3.9578,1.1147,3.0676,2.9484,4.7362,2.9541,0.4461,1.3215,2.6996,4.388,1.9116,1.9303,3.8773,1.293,2.6409,2.9186,0.51224,2.7562,3.1274,0.9747,2.8988,4.162,0.67114,2.5259,2.6618,0.68328,1.9785,2.9434,0.53487,2.4098,3.3919,1.5614,2.1794,4.2704,1.381,2.7065,4.4331,0.58174,1.9765,3.0449,1.9916,1.8634,3.8051,1.1908,1.8095,3.6722,2.3334,2.6917,4.8124,1.367,1.591,4.1418,1.3676,2.1549,3.1588,0.6165,1.9841,3.055,0.49847,2.4372,2.6192,1.6304,2.3016,4.1587,2.3521,2.6867,4.8549,0.59964,1.9908,3.0322,1.5719,1.6962,3.3372,0.4539,3.0501,2.3471,0.63481,2.5317,2.6363,2.9878,2.7488,5.9836,0.062661,2.8774,2.6949,4.6794,2.9542,0.38674,2.2973,2.3752,3.665,1.1411,3.0576,3.9484,1.3683,2.3297,3.5018,0.95303,3.0662,3.7611,2.3401,2.2316,3.7654,1.1877,1.7981,3.6692,2.4346,2.352,4.5806,2.544,2.6676,4.0511,1.3015,2.6758,4.3592,1.8997,1.9027,3.8618,1.1818,2.7358,3.7043,2.3718,2.4587,4.9777,1.6136,2.5903,3.3855,2.1644,2.2095,4.113,0.7776,1.9138,3.3514,2.2881,2.4101,3.6972,2.298,2.3999,3.683,2.2116,1.947,4.9533,2.6215,2.2814,4.7892,2.3457,2.2383,3.777,1.3693,1.5879,3.8591,2.3504,2.6962,4.8445,1.8991,1.9131,3.8686,0.7748,2.1276,4.0231,1.5991,1.7904,4.2524,2.3592,2.6925,4.8637,1.4467,2.387,3.2618,5.9844,2.897,2.2782,1.8475,1.7909,3.5048,1.9207,2.973,4.2265,2.0615,1.9563,4.814,1.1592,2.5831,4.3325,1.9236,2.1437,4.8684,1.611,1.7455,3.963,1.6035,2.0211,3.3497,1.0658,2.723,3.6108,0.96645,2.8027,3.8501,1.4245,2.4418,3.8663,1.1513,2.7467,3.6639,1.8262,1.7246,4.0806,0.92797,2.4572,2.8044,1.9346,2.095,4.4141,0.18717,2.776,2.949,1.0677,1.9454,4.269,0.97669,2.3125,3.0671,1.6585,2.3976,4.5916,0.97019,2.0562,2.8597,0.73227,1.9781,2.7414,1.6042,1.7363,3.9667,0.94143,2.4503,2.8246,1.3622,1.5836,3.8406,2.739,2.5777,4.6067,1.0829,2.161,3.6089,1.1538,2.7581,3.6784,1.9771,1.9814,4.4877,1.0577,1.9529,4.2594,1.8612,1.6727,3.4601,1.6629,2.5164,3.9986,2.1265,2.544,4.8999,2.1275,2.3903,3.6794,1.2268,3.0524,3.4484,1.4514,1.4768,4.2149,0.64448,2.9912,3.6491,1.614,1.7054,4.2176,0.73595,1.9922,2.7358,0.70985,2.1952,3.9595,2.6646,2.5917,4.5215,2.011,2.109,3.4178,1.4109,2.8708,3.5539,1.0754,2.2331,3.6044,2.5459,2.0233,4.5062,1.4787,1.726,4.4208,1.5794,2.5826,3.5916,2.0572,2.3283,4.0921,2.6668,2.3529,4.9563,0.49363,2.5238,3.0144
1789.1,0.13297,123.87,15.775,0.08039,523.93,1.4859,1.8247,4.1356,1.267,2.239,4.232,1.1925,1.963,4.2493,2.4651,2.6442,4.2862,0.86068,2.0312,4.2645,1.5172,2.5367,3.8957,3.1311,2.8377,5.9734,1.1798,1.966,4.2408,1.7416,1.6623,4.2322,1.2941,2.2283,4.272,0.8372,2.0584,4.2073,2.9471,2.8334,4.5407,5.5948,2.7333,1.3369,1.3075,2.7569,3.6932,0.9198,2.1408,3.0098,2.5104,2.0993,4.5159,1.4666,1.6451,3.9207,0.64819,2.6045,3.8405,2.0241,1.7661,3.4965,1.1074,2.4062,3.1616,0.20311,2.2962,3.4705,1.7722,1.6798,3.4021,1.9769,2.7747,4.257,1.7895,1.7092,3.4052,1.4496,1.6341,3.9416,0.38557,2.1604,3.1536,2.0866,2.3946,4.4519,1.4692,1.6901,3.204,0.82839,1.9275,2.7523,3.1141,2.8405,5.9359,2.0273,1.7894,3.4987,1.0336,2.721,2.9241,1.8288,2.5886,4.0337,0.65796,1.9132,2.8028,1.0651,2.4271,3.0998,1.915,1.9218,4.5217,1.7096,1.6499,3.8914,0.51322,2.2015,3.7526,1.1801,2.5124,3.7543,0.9494,2.1044,3.2089,2.6147,2.336,4.3809,2.125,2.1982,4.7449,1.4958,1.6718,3.9356,1.8965,1.922,4.5079,1.5053,2.2026,3.2573,0.7766,2.1328,3.1127,2.4391,2.4081,4.3703,1.9135,2.5946,4.8113,1.8734,2.6029,4.7708,2.5999,2.3484,4.3833,1.2802,2.5238,3.9022,1.7202,2.2501,4.3388,1.9202,3.0192,3.8514,0.56891,2.4696,2.5351,1.5278,2.0798,4.6427,2.051,3.0345,3.9853,0.3413,2.399,3.3635,1.6623,1.5917,4.0756,0.68941,2.054,3.0553,2.2554,2.2565,4.6679,0.72417,2.5797,3.1198,0.95208,2.1145,3.2018,0.034607,2.8913,1.8437,2.0218,2.0123,4.6388,2.589,2.3548,4.3792,2.6002,2.3027,5.1147,2.0132,2.7343,4.3064,1.0806,1.7959,3.9888,4.6482,2.9258,0.52045,0.85342,2.1266,3.0142,1.3057,2.0936,4.3146,1.0385,2.1043,3.4704,2.1917,2.7108,4.4412,1.7192,1.5642,4.1398,1.2108,2.5435,3.1235,0.77147,2.4626,3.7459,2.0695,1.8899,3.6975,1.5661,2.4558,3.4483,1.6152,2.5584,3.6051,1.6326,1.6249,4.2483,1.9863,2.7444,4.4483,2.0329,2.7436,4.5052,3.4435,2.7689,6.1987,1.7208,1.5567,4.1379,1.7473,2.003,3.4528,2.0718,2.9304,4.8795,1.2068,2.5462,3.1525,2.6096,2.441,4.9504,1.0683,2.6131,4.0595,1.5694,2.4458,3.4565,1.1507,1.8372,4.0753,1.6723,1.5764,4.0675,1.73,2.0022,3.4242,0.26461,2.9316,3.3198,2.9102,2.3035,4.6363,1.3096,1.9484,4.2146,1.3029,2.6558,3.4252,1.4328,2.4598,3.3418,1.8626,1.9441,3.6795,1.9421,2.4196,4.0147,1.0602,2.2928,3.1654,2.5441,2.013,5.1459,1.2553,2.6559,3.3646,1.4018,2.4806,3.3073,0.36179,2.9323,3.4088,0.65144,1.837,2.8363,1.6719,2.0003,4.4832,1.4616,1.8148,4.1392,5.4101,2.8819,1.7224,0.81924,2.1007,2.8135,1.0628,2.6335,4.0679,2.2112,2.5261,3.6119,2.5777,2.4241,4.9071,2.8476,2.6801,4.5562,2.1245,2.5075,4.4822,2.3532,2.1264,4.229,0.76157,2.0351,3.3076,0.42114,2.4495,2.9801,0.59456,2.1424,3.7048,2.3835,2.4546,4.4679,0.83225,2.4484,2.9349,1.2475,1.6025,4.2829,1.6817,2.0244,3.4269,6.1357,2.6799,1.884,3.342,2.9257,0.063585,0.82195,2.4207,2.9787,1.668,1.6261,4.0713,1.5049,1.8849,3.1767,0.77229,2.4452,2.9063,2.156,2.3373,4.8888,1.1903,2.5624,3.1312,1.0121,1.9582,3.5042,0.48092,1.9774,3.275,1.7195,2.0163,3.4158,2.3857,2.1131,4.2196,2.184,2.1497,4.9991,1.2733,1.6986,3.8276,0.69374,1.9763,2.7781,2.1895,2.16,5.0193,2.3532,2.2212,4.5221,1.5742,2.3816,3.967,4.3609,2.9394,0.2857,1.9549,2.3861,4.0089,0.82491,1.9494,4.1229,1.257,2.6065,4.2595,3.6662,2.8264,6.2269,1.5402,1.6368,3.2951,0.26859,2.3,3.3348,5.1011,2.9405,1.0463,0.64936,2.7573,3.3587,1.3318,2.5228,3.0201,2.1463,2.1127,4.9374,1.476,2.0639,4.3843,1.527,1.63,3.3016,1.4017,2.9187,3.375,0.52829,2.4296,2.8255,0.89693,2.4482,3.0119,0.239,2.6087,3.3438,1.6341,2.2938,4.1553,0.5387,2.4328,2.8023,1.0303,2.2281,3.6204,1.3933,1.7817,4.2884,0.31807,2.32,3.3763,1.527,1.6071,3.2955,0.52289,2.4288,2.8251,3.2058,2.8659,6.1381,1.9621,2.5738,4.0098,2.0133,2.1938,4.6282,2.5091,2.7727,5.1317,1.9048,1.9302,3.87,1.2925,1.766,3.7049,2.1743,2.1336,4.9832,1.3767,2.6273,3.9513,1.1113,3.0657,2.9438,4.7419,2.9497,0.45046,1.3291,2.7009,4.3941,1.9129,1.9268,3.8766,1.299,2.6417,2.9258,0.52966,2.7535,3.1476,0.9811,2.8986,4.1678,0.68402,2.5266,2.6723,0.68205,1.9841,2.9383,0.53381,2.4107,3.3882,1.561,2.1787,4.2759,1.3965,2.7083,4.4451,0.57551,1.9794,3.0356,1.9931,1.8594,3.8037,1.1903,1.8045,3.6759,2.3187,2.6875,4.7924,1.3653,1.5982,4.1377,1.3646,2.1544,3.1569,0.61396,1.9885,3.0476,0.50316,2.4354,2.6259,1.6339,2.3089,4.1632,2.3393,2.682,4.8393,0.59441,1.9956,3.0212,1.5728,1.6941,3.3384,0.44432,3.051,2.3347,0.64155,2.5335,2.642,2.9991,2.7486,5.9968,0.042923,2.8785,2.7162,4.6816,2.9489,0.38774,2.2924,2.3707,3.6546,1.1629,3.0535,3.9733,1.3583,2.3391,3.4931,0.96537,3.0642,3.7769,2.3367,2.2312,3.7602,1.1868,1.7914,3.6728,2.4355,2.3538,4.5827,2.5388,2.672,4.0538,1.3068,2.6751,4.3618,1.9006,1.8951,3.8569,1.1872,2.7291,3.7089,2.3627,2.4553,4.9632,1.6144,2.5864,3.397,2.1641,2.2131,4.1151,0.77582,1.9158,3.3481,2.2809,2.4106,3.6906,2.2918,2.3987,3.6738,2.2159,1.9527,4.9596,2.6185,2.2803,4.7887,2.3432,2.2389,3.7734,1.3678,1.5884,3.8622,2.3368,2.6928,4.8271,1.9002,1.9071,3.8642,0.77463,2.1255,4.0312,1.5987,1.7851,4.2516,2.3479,2.6887,4.8498,1.4466,2.3872,3.2617,5.9913,2.8991,2.2873,1.8468,1.7899,3.5084,1.9131,2.9661,4.2164,2.068,1.9572,4.8214,1.1663,2.5839,4.3403,1.9292,2.1436,4.8695,1.6107,1.7386,3.9627,1.6036,2.0234,3.3451,1.07,2.7175,3.6141,0.97077,2.7998,3.852,1.43,2.4479,3.8693,1.1537,2.7412,3.6643,1.8244,1.7156,4.0793,0.92994,2.457,2.8084,1.9387,2.0995,4.4189,0.20263,2.7724,2.9639,1.0649,1.9436,4.2698,0.97918,2.3102,3.0728,1.6626,2.3987,4.5929,0.96837,2.0531,2.8616,0.73111,1.9758,2.7414,1.6031,1.7284,3.9665,0.94455,2.4493,2.8312,1.3595,1.5829,3.8414,2.7369,2.5767,4.6056,1.0825,2.1652,3.6057,1.1574,2.7531,3.6813,1.9772,1.9811,4.4899,1.0542,1.9518,4.2593,1.8625,1.6751,3.4616,1.6629,2.5202,3.9985,2.128,2.5428,4.8964,2.1235,2.3922,3.6746,1.2356,3.0493,3.4558,1.4522,1.479,4.2125,0.645,2.9903,3.6508,1.6131,1.6992,4.2161,0.73511,1.9913,2.7354,0.71251,2.1954,3.9617,2.6616,2.5902,4.5203,2.0143,2.1066,3.4161,1.4153,2.8637,3.5572,1.0737,2.2397,3.5992,2.5485,2.0271,4.5122,1.4768,1.7245,4.4209,1.5764,2.5812,3.5943,2.057,2.3337,4.0952,2.6622,2.3504,4.9503,0.50018,2.5231,3.0216
1789.1,0.13297,123.87,15.775,0.089322,542.08,1.4821,1.8224,4.1321,1.267,2.2402,4.2341,1.188,1.96,4.25,2.4622,2.6426,4.2858,0.86075,2.0285,4.269,1.517,2.5415,3.896,3.1447,2.837,5.9903,1.1748,1.9629,4.2415,1.741,1.6561,4.2302,1.2955,2.2283,4.2775,0.83501,2.0578,4.2066,2.9523,2.8331,4.5439,5.5833,2.7276,1.324,1.3128,2.7475,3.6985,0.91564,2.1401,3.0082,2.5143,2.1048,4.5245,1.4655,1.6422,3.9224,0.64674,2.6082,3.8353,2.0265,1.7662,3.4992,1.1077,2.4029,3.169,0.19556,2.2974,3.4599,1.7706,1.6799,3.4038,1.9625,2.7685,4.2396,1.7902,1.7122,3.4067,1.4475,1.6302,3.9445,0.38531,2.1626,3.1496,2.0908,2.3969,4.4571,1.4682,1.6918,3.2044,0.8285,1.9314,2.752,3.1264,2.8402,5.9497,2.0302,1.7912,3.5013,1.0378,2.7212,2.9303,1.8301,2.589,4.0374,0.66073,1.9174,2.8038,1.0641,2.4251,3.1044,1.917,1.9222,4.5251,1.7125,1.6462,3.8922,0.51362,2.2012,3.7538,1.1799,2.5199,3.7532,0.94374,2.1084,3.2029,2.6226,2.3396,4.3907,2.1312,2.2024,4.752,1.4981,1.6723,3.9385,1.8973,1.9228,4.5099,1.5069,2.2048,3.2561,0.77049,2.1388,3.1032,2.4419,2.4122,4.377,1.9102,2.5947,4.8016,1.8672,2.6034,4.7592,2.6074,2.3539,4.3956,1.2795,2.5276,3.8977,1.7248,2.2528,4.344,1.9107,3.0143,3.8408,0.57591,2.47,2.5413,1.5246,2.0831,4.6443,2.05,3.0308,3.983,0.33635,2.4008,3.3567,1.6625,1.5891,4.0748,0.68683,2.057,3.0504,2.2563,2.2579,4.6694,0.73229,2.5755,3.1317,0.94611,2.1194,3.1941,5.7318,2.8909,1.8299,2.0262,2.0163,4.6455,2.5954,2.3613,4.3909,2.5927,2.2986,5.1049,2.0023,2.7231,4.2948,1.0806,1.7903,3.9934,4.6497,2.9171,0.52041,0.84992,2.1273,3.0104,1.3061,2.0932,4.32,1.0362,2.1068,3.4673,2.181,2.7061,4.4287,1.7215,1.5611,4.1381,1.2177,2.542,3.1284,0.77353,2.4667,3.7427,2.0713,1.8858,3.6932,1.5627,2.458,3.4466,1.6119,2.5614,3.6073,1.6297,1.6206,4.2478,1.9748,2.7362,4.4351,2.0259,2.7359,4.498,3.4537,2.767,6.208,1.7232,1.5526,4.1357,1.753,2.003,3.4537,2.0688,2.93,4.8776,1.213,2.5453,3.1604,2.6067,2.4404,4.9463,1.072,2.6142,4.0574,1.5662,2.4472,3.4558,1.1464,1.8392,4.0735,1.6739,1.5715,4.0657,1.7335,2.0018,3.4217,0.26368,2.9298,3.3197,2.9146,2.3035,4.6437,1.3087,1.9484,4.216,1.3073,2.6528,3.4346,1.4295,2.4604,3.3422,1.8653,1.9397,3.6747,1.9415,2.4284,4.018,1.0563,2.294,3.1632,2.545,2.0097,5.1465,1.2568,2.6534,3.3708,1.3953,2.4827,3.3041,0.37006,2.9303,3.4169,0.64803,1.8405,2.827,1.6676,1.9976,4.4899,1.461,1.8101,4.1409,5.3946,2.8792,1.7066,0.81842,2.099,2.8157,1.0663,2.637,4.0669,2.2146,2.5257,3.6085,2.5701,2.4211,4.8965,2.8547,2.677,4.5619,2.1216,2.5061,4.4779,2.3542,2.1304,4.2342,0.7598,2.0414,3.3009,0.43305,2.4465,2.993,0.59352,2.1423,3.7039,2.3833,2.4494,4.4728,0.84256,2.4463,2.9454,1.2462,1.6051,4.2819,1.6789,2.026,3.4242,6.1186,2.6781,1.8656,3.3562,2.9238,0.079122,0.82847,2.416,2.9912,1.6687,1.6243,4.0696,1.5063,1.887,3.1761,0.7746,2.4433,2.9116,2.1544,2.3354,4.8808,1.1952,2.5623,3.1376,1.0132,1.9574,3.5043,0.47405,1.977,3.2776,1.7217,2.0164,3.4118,2.3859,2.1176,4.223,2.1887,2.1486,5.0006,1.2711,1.693,3.8304,0.69503,1.9763,2.7806,2.1947,2.1602,5.023,2.3576,2.2253,4.5297,1.5749,2.3903,3.9673,4.3729,2.9319,0.29731,1.9553,2.3922,4.0108,0.82303,1.9485,4.1223,1.2672,2.6105,4.2646,3.682,2.8231,6.2443,1.5416,1.6399,3.2961,0.2626,2.2999,3.3263,5.0989,2.9343,1.0452,0.65807,2.7537,3.3684,1.3383,2.5245,3.0238,2.148,2.1086,4.9339,1.4754,2.0596,4.3882,1.5272,1.6304,3.3033,1.4041,2.9174,3.3757,0.53752,2.4271,2.8383,0.89507,2.4471,3.0145,0.24037,2.6076,3.3433,1.6371,2.2987,4.1592,0.54894,2.4313,2.8126,1.0277,2.2354,3.6153,1.3934,1.7791,4.2874,0.31784,2.3217,3.3739,1.5268,1.6057,3.2966,0.53143,2.4263,2.8375,3.227,2.8648,6.1612,1.9572,2.5717,4.0078,2.0183,2.1949,4.6325,2.4925,2.7718,5.113,1.9063,1.9254,3.8658,1.2921,1.7605,3.7068,2.1777,2.1308,4.9831,1.3741,2.6237,3.945,1.107,3.064,2.9386,4.7474,2.9451,0.45477,1.3366,2.7022,4.4,1.9145,1.9233,3.8761,1.3049,2.6425,2.933,0.54633,2.7508,3.167,0.98775,2.8981,4.1739,0.6968,2.5274,2.6828,0.68098,1.9896,2.9335,0.53288,2.4115,3.3846,1.5606,2.1779,4.2811,1.4117,2.7101,4.4568,0.56936,1.9821,3.0263,1.9946,1.8554,3.8023,1.1897,1.7995,3.6796,2.3046,2.6832,4.7733,1.3636,1.6052,4.1335,1.3614,2.1538,3.1551,0.61144,1.993,3.0402,0.50782,2.4338,2.6325,1.6377,2.3165,4.1679,2.327,2.6771,4.824,0.5891,2.0004,3.0102,1.5737,1.6921,3.3397,0.43387,3.0519,2.3215,0.64795,2.5354,2.6473,3.0107,2.7482,6.0103,0.062271,2.8796,2.7375,4.6841,2.9436,0.38918,2.2877,2.3662,3.6443,1.1822,3.0491,3.9957,1.3484,2.3483,3.4846,0.97691,3.0624,3.7918,2.3335,2.2308,3.7553,1.186,1.7844,3.6766,2.4363,2.3555,4.5847,2.5335,2.6761,4.0563,1.3119,2.6745,4.3641,1.9016,1.8875,3.852,1.1922,2.7224,3.7133,2.3539,2.4519,4.9489,1.6153,2.5825,3.4085,2.1638,2.2169,4.1174,0.77396,1.9179,3.3445,2.2736,2.4112,3.6839,2.2856,2.3974,3.6648,2.2203,1.9579,4.9656,2.6154,2.2792,4.788,2.3406,2.2395,3.7699,1.3662,1.589,3.8652,2.3235,2.6892,4.81,1.9014,1.9013,3.8599,0.77452,2.1234,4.0393,1.5982,1.7802,4.2509,2.3368,2.6849,4.8363,1.4465,2.3875,3.2616,5.9982,2.901,2.2962,1.8463,1.7889,3.512,1.9057,2.9591,4.2066,2.0744,1.958,4.8287,1.1733,2.5848,4.348,1.9348,2.1436,4.8709,1.6103,1.7318,3.9623,1.6038,2.0258,3.3405,1.074,2.7123,3.6172,0.97474,2.7971,3.8535,1.4353,2.4536,3.8724,1.1559,2.736,3.6645,1.8227,1.7068,4.0778,0.9319,2.4569,2.8123,1.9431,2.1042,4.4238,0.21807,2.7687,2.9786,1.0622,1.9419,4.2705,0.98137,2.3083,3.0782,1.6667,2.4,4.5943,0.96648,2.0502,2.8632,0.73001,1.9738,2.7414,1.6019,1.7208,3.9663,0.94755,2.4482,2.8377,1.3569,1.582,3.8422,2.7352,2.5757,4.605,1.082,2.1696,3.6023,1.161,2.7481,3.6842,1.9773,1.9809,4.4921,1.0508,1.9505,4.2593,1.864,1.6772,3.4631,1.6629,2.5239,3.9984,2.1294,2.5416,4.8929,2.1194,2.3941,3.6698,1.245,3.0462,3.464,1.4531,1.4813,4.2101,0.64493,2.9894,3.652,1.6123,1.6933,4.2145,0.73432,1.9904,2.735,0.71517,2.1958,3.9638,2.6588,2.5885,4.5192,2.0178,2.1043,3.4147,1.4197,2.8565,3.5607,1.0719,2.2465,3.594,2.551,2.0309,4.5184,1.4749,1.723,4.4213,1.5737,2.5798,3.5971,2.0567,2.3388,4.0984,2.6578,2.3481,4.9446,0.50665,2.5226,3.0287
1789.1,0.13297,123.87,15.775,0.098254,560.31,1.4784,1.8199,4.1288,1.2673,2.2414,4.2364,1.1835,1.957,4.2506,2.4595,2.6411,4.2857,0.86073,2.026,4.2732,1.5168,2.5462,3.8962,3.1584,2.8361,6.0071,1.1698,1.9597,4.2423,1.7406,1.6498,4.2282,1.2968,2.2282,4.283,0.83291,2.057,4.2062,2.9574,2.8329,4.5472,5.572,2.7217,1.3113,1.3178,2.7384,3.7036,0.91148,2.1394,3.0063,2.5182,2.1103,4.5332,1.4643,1.6395,3.9238,0.64511,2.6119,3.8298,2.0288,1.7662,3.5017,1.1073,2.3998,3.1755,0.18795,2.2986,3.4492,1.7691,1.6798,3.4054,1.949,2.7623,4.2233,1.7906,1.715,3.4081,1.4455,1.6264,3.9472,0.38516,2.1647,3.1458,2.0948,2.399,4.462,1.4672,1.6935,3.2047,0.82861,1.935,2.752,3.139,2.8399,5.9636,2.0333,1.7928,3.504,1.042,2.7213,2.9366,1.8314,2.5894,4.041,0.66347,1.9215,2.805,1.063,2.423,3.1088,1.9191,1.9225,4.5285,1.7154,1.6427,3.8931,0.51409,2.201,3.7551,1.1801,2.5267,3.7527,0.93822,2.112,3.1971,2.6304,2.343,4.4005,2.1374,2.2064,4.7588,1.5005,1.673,3.9412,1.8983,1.9237,4.512,1.5085,2.207,3.2549,0.76426,2.1447,3.0938,2.4447,2.4162,4.3836,1.9069,2.5948,4.7917,1.8613,2.6038,4.7477,2.6152,2.3594,4.4081,1.2788,2.5312,3.8935,1.7296,2.2554,4.3493,1.9019,3.0095,3.8311,0.58289,2.4704,2.5477,1.5212,2.0865,4.6454,2.0491,3.0271,3.9808,0.33155,2.4026,3.3501,1.6627,1.5868,4.0739,0.68427,2.06,3.0457,2.2572,2.259,4.6707,0.73983,2.5714,3.1431,0.94023,2.1239,3.1866,6.1737,2.8906,1.8166,2.0309,2.0201,4.6523,2.6022,2.3677,4.4028,2.5855,2.2944,5.0953,1.992,2.7118,4.2839,1.0806,1.7848,3.9977,4.6511,2.9083,0.52034,0.84646,2.1279,3.0068,1.3064,2.0928,4.3254,1.0339,2.1094,3.4641,2.1707,2.7013,4.4167,1.7238,1.558,4.1364,1.2243,2.5407,3.1331,0.77557,2.4705,3.7395,2.073,1.882,3.689,1.5592,2.4603,3.445,1.6089,2.5642,3.6099,1.6268,1.6166,4.2474,1.9636,2.7279,4.4221,2.0192,2.7281,4.4912,3.4638,2.7648,6.2171,1.7256,1.5485,4.1334,1.7589,2.0029,3.4547,2.066,2.9299,4.876,1.2188,2.5444,3.1681,2.6041,2.44,4.9423,1.0755,2.6153,4.055,1.5632,2.4485,3.4552,1.1421,1.8409,4.0718,1.6754,1.5669,4.0641,1.7372,2.0014,3.4194,0.263,2.9278,3.3198,2.9188,2.3033,4.6507,1.3077,1.9484,4.2174,1.3115,2.6501,3.4437,1.4264,2.4611,3.3427,1.868,1.9354,3.6701,1.9409,2.4369,4.0215,1.0523,2.2951,3.161,2.5458,2.0065,5.1471,1.2582,2.651,3.3772,1.3888,2.4848,3.3011,0.37819,2.9283,3.4248,0.64463,1.8438,2.8178,1.6631,1.9951,4.4962,1.4604,1.8054,4.1424,5.3791,2.8764,1.6908,0.81748,2.0976,2.8176,1.0695,2.6405,4.0657,2.218,2.5251,3.605,2.5624,2.4179,4.886,2.862,2.6738,4.5678,2.1189,2.5048,4.4739,2.3552,2.1346,4.2398,0.75774,2.048,3.2939,0.445,2.4435,3.0059,0.59252,2.1422,3.703,2.3831,2.4446,4.4777,0.85297,2.4439,2.9559,1.2448,1.6077,4.2808,1.6762,2.0276,3.4213,6.1018,2.676,1.8475,3.3698,2.9217,0.094104,0.83428,2.4114,3.0029,1.6694,1.6228,4.0678,1.5077,1.8892,3.1754,0.77665,2.4414,2.9167,2.1532,2.3334,4.8731,1.1998,2.5623,3.1439,1.0143,1.9565,3.5044,0.46702,1.9766,3.2805,1.724,2.0162,3.4078,2.3861,2.1221,4.2265,2.1934,2.1474,5.002,1.2688,1.6877,3.8331,0.69628,1.9763,2.7831,2.1998,2.1603,5.0265,2.3618,2.2293,4.5372,1.5757,2.3984,3.9675,4.3841,2.9245,0.30844,1.9556,2.3985,4.0129,0.8212,1.9477,4.1216,1.2773,2.6144,4.2697,3.6976,2.8198,6.2348,1.543,1.6431,3.2971,0.25678,2.2998,3.3179,5.0971,2.9278,1.0447,0.66629,2.7501,3.3775,1.3446,2.526,3.0271,2.1501,2.1046,4.9308,1.4745,2.0551,4.3919,1.5273,1.6306,3.3049,1.4064,2.9162,3.3762,0.5467,2.4245,2.8512,0.89338,2.446,3.0173,0.24155,2.6065,3.3425,1.6403,2.3036,4.1633,0.55897,2.4298,2.8227,1.0251,2.2428,3.6099,1.3934,1.7766,4.2863,0.31772,2.3233,3.3716,1.5267,1.6044,3.2977,0.5398,2.4238,2.8497,3.2474,2.8636,6.1832,1.9525,2.5695,4.0059,2.0232,2.196,4.6367,2.4757,2.7708,5.0939,1.9077,1.9206,3.8616,1.2918,1.755,3.7087,2.1811,2.128,4.983,1.3716,2.6202,3.9388,1.1024,3.0623,2.933,4.7528,2.9406,0.45902,1.3441,2.7033,4.4057,1.9159,1.92,3.8758,1.3107,2.6434,2.94,0.56218,2.7482,3.1855,0.9946,2.8975,4.18,0.70947,2.5283,2.6932,0.68013,1.9949,2.9291,0.53212,2.4121,3.3815,1.5603,2.1769,4.2864,1.4265,2.7116,4.4682,0.56338,1.9846,3.0172,1.996,1.8514,3.8011,1.1893,1.7944,3.6832,2.2915,2.679,4.7552,1.3616,1.6117,4.1294,1.3582,2.1532,3.1532,0.60896,1.9973,3.0332,0.51241,2.432,2.6391,1.6418,2.3242,4.1725,2.3151,2.6724,4.8093,0.58386,2.0048,2.9996,1.5745,1.6902,3.341,0.42299,3.0528,2.3079,0.65398,2.5374,2.6523,3.0224,2.7477,6.0239,0.080631,2.8806,2.7588,4.6868,2.9384,0.39115,2.2834,2.3617,3.6343,1.1989,3.0448,4.0155,1.3386,2.357,3.4763,0.98784,3.0603,3.8062,2.3304,2.2305,3.7503,1.185,1.7775,3.6804,2.4371,2.357,4.5866,2.528,2.68,4.0586,1.317,2.6739,4.3663,1.9026,1.88,3.8474,1.197,2.716,3.7174,2.3456,2.4486,4.9352,1.6162,2.5789,3.4198,2.1636,2.2207,4.1198,0.77201,1.9201,3.3408,2.2667,2.4118,3.6774,2.2796,2.3962,3.6558,2.2247,1.9627,4.9712,2.6123,2.2781,4.7875,2.3381,2.2403,3.7666,1.3647,1.5894,3.8682,2.3105,2.6856,4.7934,1.9026,1.8957,3.8557,0.77452,2.1212,4.0472,1.5978,1.7752,4.2501,2.3262,2.6812,4.8233,1.4464,2.3878,3.2615,6.0049,2.903,2.305,1.846,1.7879,3.5154,1.8986,2.9522,4.1971,2.0809,1.9589,4.8357,1.1799,2.5857,4.3556,1.9404,2.1437,4.8723,1.61,1.7252,3.962,1.6041,2.0283,3.3362,1.0773,2.7074,3.6197,0.97827,2.7946,3.8546,1.4404,2.4591,3.8756,1.158,2.731,3.6645,1.821,1.6983,4.0766,0.93379,2.4569,2.8162,1.9477,2.1089,4.4289,0.23333,2.7649,2.9932,1.0594,1.9403,4.2711,0.98318,2.3065,3.0831,1.671,2.4014,4.5958,0.96449,2.0474,2.8646,0.72896,1.9719,2.7413,1.6008,1.7134,3.9662,0.95036,2.4472,2.8441,1.3542,1.5809,3.843,2.7337,2.5749,4.6046,1.0815,2.1742,3.5988,1.1643,2.7434,3.6867,1.9774,1.9809,4.4945,1.0475,1.9493,4.2593,1.8654,1.6794,3.4646,1.6629,2.5275,3.9983,2.1307,2.5404,4.8894,2.1153,2.3962,3.6649,1.2549,3.0429,3.4725,1.4539,1.4837,4.2076,0.64424,2.9885,3.6525,1.6115,1.6875,4.2131,0.73356,1.9896,2.7348,0.71781,2.1961,3.966,2.656,2.5871,4.5183,2.0213,2.102,3.4135,1.4242,2.8496,3.5645,1.0698,2.2535,3.5885,2.5537,2.0349,4.5248,1.473,1.7215,4.4216,1.5712,2.5784,3.6003,2.0567,2.344,4.1017,2.6538,2.3459,4.9393,0.513,2.5223,3.0355
1789.1,0.13297,123.87,15.775,0.10719,578.25,1.4748,1.8172,4.1258,1.2678,2.2424,4.2389,1.179,1.9538,4.251,2.4568,2.6396,4.2857,0.86064,2.0238,4.2772,1.5167,2.5508,3.8966,3.1719,2.8351,6.0237,1.165,1.9565,4.243,1.7401,1.6435,4.226,1.2979,2.2282,4.2886,0.83087,2.0565,4.2058,2.9624,2.8325,4.5502,5.561,2.7157,1.2989,1.3223,2.7296,3.708,0.9073,2.1388,3.0044,2.5224,2.1158,4.542,1.4631,1.637,3.9252,0.64336,2.6155,3.8242,2.0313,1.7662,3.5044,1.1064,2.397,3.1812,0.1803,2.2998,3.4384,1.7676,1.6796,3.407,1.9363,2.7562,4.2079,1.7913,1.7176,3.4095,1.4437,1.6228,3.9498,0.38511,2.1667,3.1422,2.0986,2.4009,4.4665,1.4663,1.6951,3.2051,0.82869,1.9384,2.752,3.1517,2.8394,5.9777,2.0364,1.7944,3.5067,1.0464,2.7214,2.9429,1.8329,2.59,4.0446,0.66616,1.9254,2.8061,1.0618,2.421,3.1131,1.9211,1.9227,4.532,1.7183,1.6394,3.894,0.51465,2.2006,3.7564,1.1806,2.5332,3.7526,0.93283,2.1155,3.1914,2.6382,2.3463,4.4101,2.1436,2.2102,4.7656,1.5029,1.6739,3.9438,1.8994,1.9246,4.5141,1.5101,2.2089,3.2538,0.7579,2.1505,3.0842,2.4477,2.4202,4.3903,1.9036,2.5952,4.7815,1.8556,2.6043,4.7364,2.6232,2.3647,4.4209,1.2781,2.5347,3.8893,1.7346,2.2582,4.3546,1.8938,3.0048,3.8219,0.58985,2.4709,2.5539,1.5175,2.0899,4.6462,2.0483,3.0234,3.9787,0.32693,2.4042,3.3439,1.663,1.5847,4.0731,0.68173,2.0627,3.0411,2.258,2.2601,4.6718,0.74689,2.5673,3.1542,0.93445,2.1281,3.1793,6.2398,2.8901,1.8037,2.0357,2.0242,4.6594,2.6093,2.374,4.4151,2.5786,2.2902,5.0858,1.9824,2.7004,4.2736,1.0805,1.7795,4.002,4.6526,2.8995,0.52021,0.84305,2.1285,3.0033,1.3069,2.0924,4.3309,1.0315,2.112,3.4611,2.1609,2.6966,4.4052,1.7261,1.5549,4.1347,1.2308,2.5393,3.1374,0.77759,2.4742,3.7363,2.0748,1.8782,3.6848,1.5558,2.4626,3.4435,1.6062,2.5669,3.6128,1.6239,1.6129,4.2468,1.9529,2.7196,4.4095,2.0128,2.7202,4.4847,3.474,2.7627,6.2264,1.7281,1.5445,4.1313,1.7647,2.0029,3.4559,2.0634,2.9297,4.8744,1.2245,2.5437,3.1754,2.6014,2.4395,4.9384,1.0787,2.6162,4.0524,1.5601,2.4499,3.4548,1.1377,1.8425,4.0702,1.677,1.5626,4.0624,1.7408,2.0009,3.4173,0.26264,2.9259,3.3202,2.9229,2.3029,4.6575,1.3067,1.9484,4.2188,1.3156,2.6475,3.4527,1.4232,2.4618,3.3435,1.8707,1.931,3.6656,1.9404,2.4451,4.0251,1.0486,2.2962,3.1589,2.5464,2.0033,5.1476,1.2596,2.6488,3.3834,1.3824,2.4868,3.2981,0.38612,2.9261,3.4326,0.64124,1.847,2.8087,1.6586,1.9927,4.5023,1.4598,1.801,4.1439,5.3638,2.8733,1.6751,0.81648,2.0961,2.8193,1.0726,2.644,4.0644,2.2215,2.5242,3.6017,2.5548,2.4145,4.8754,2.8695,2.6707,4.5739,2.1165,2.5037,4.4701,2.3563,2.139,4.2455,0.75541,2.0547,3.2865,0.45699,2.4405,3.0189,0.5916,2.1421,3.7023,2.383,2.4401,4.4828,0.86353,2.4415,2.9666,1.2433,1.6104,4.2796,1.6734,2.0291,3.4184,6.0852,2.6738,1.8296,3.3829,2.9196,0.10863,0.83947,2.407,3.0139,1.67,1.6211,4.0661,1.5092,1.8912,3.1748,0.77845,2.4395,2.9214,2.152,2.3315,4.8655,1.2043,2.5624,3.1501,1.0153,1.9556,3.5045,0.45979,1.9762,3.2837,1.7262,2.0158,3.4038,2.3865,2.1267,4.2302,2.198,2.146,5.0031,1.2664,1.6825,3.8356,0.69748,1.9764,2.7855,2.2048,2.1603,5.0297,2.3661,2.2332,4.5445,1.5762,2.4063,3.9677,4.3948,2.9172,0.31908,1.9561,2.4047,4.0149,0.81938,1.9471,4.1207,1.2876,2.6182,4.2748,3.713,2.8166,5.0196,1.5445,1.6465,3.2981,0.25112,2.2996,3.3097,5.0955,2.9213,1.0446,0.67409,2.7465,3.386,1.3505,2.5275,3.0302,2.1523,2.1006,4.9279,1.4736,2.0506,4.3955,1.5275,1.6308,3.3066,1.4085,2.9151,3.3767,0.55586,2.422,2.864,0.89182,2.4448,3.0202,0.24252,2.6054,3.3416,1.6434,2.3087,4.1674,0.56878,2.4284,2.8326,1.0222,2.25,3.6046,1.3935,1.7741,4.2852,0.3177,2.3249,3.3696,1.5266,1.6031,3.2988,0.54798,2.4215,2.8617,3.267,2.8623,6.2059,1.9478,2.5675,4.0038,2.0282,2.1969,4.6408,2.4587,2.7697,5.0746,1.9092,1.9156,3.8574,1.2914,1.7497,3.7106,2.1845,2.1251,4.983,1.3692,2.6168,3.9329,1.0972,3.0607,2.9268,4.758,2.936,0.46316,1.3512,2.7043,4.4112,1.9175,1.9167,3.8755,1.3164,2.6443,2.9471,0.57729,2.7455,3.2031,1.0016,2.8968,4.1863,0.72197,2.5291,2.7034,0.67942,2.0002,2.925,0.53149,2.4127,3.3784,1.5601,2.1758,4.2917,1.4411,2.713,4.4791,0.55752,1.9871,3.0082,1.9975,1.8477,3.7999,1.1887,1.7894,3.6869,2.2793,2.6749,4.7382,1.3597,1.6178,4.1251,1.3552,2.1524,3.1513,0.6065,2.0015,3.0262,0.51693,2.4303,2.6456,1.6463,2.3321,4.1772,2.3037,2.6678,4.7949,0.57868,2.009,2.9892,1.5754,1.6883,3.3424,0.41142,3.0536,2.2936,0.65964,2.5395,2.6568,3.0343,2.7469,6.0375,0.099026,2.8814,2.78,4.6899,2.9331,0.39358,2.2792,2.3571,3.6247,1.2136,3.0402,4.0329,1.3289,2.3653,3.4681,0.9979,3.0584,3.8195,2.3274,2.2301,3.7455,1.184,1.7705,3.6842,2.4377,2.3586,4.5883,2.5224,2.6835,4.0606,1.3219,2.6734,4.3683,1.9035,1.8726,3.8428,1.2015,2.7099,3.7212,2.3378,2.4455,4.922,1.6169,2.5753,3.4308,2.1635,2.2247,4.1223,0.77001,1.9225,3.337,2.2598,2.4124,3.6709,2.2737,2.395,3.6469,2.229,1.9669,4.9766,2.6091,2.2771,4.7869,2.3356,2.2411,3.7634,1.3631,1.5899,3.8712,2.298,2.682,4.7773,1.9037,1.8901,3.8515,0.77456,2.1191,4.055,1.5973,1.7704,4.2494,2.3161,2.6776,4.8108,1.4463,2.3883,3.2615,6.0114,2.9049,2.3134,1.8459,1.7869,3.5187,1.892,2.9454,4.188,2.0872,1.9598,4.8425,1.1863,2.5866,4.363,1.946,2.1441,4.8738,1.6097,1.7189,3.9618,1.6045,2.0309,3.332,1.0805,2.7028,3.6218,0.98148,2.7922,3.8552,1.4455,2.4643,3.879,1.1597,2.7262,3.6642,1.8193,1.6901,4.0754,0.93563,2.4568,2.82,1.9523,2.1137,4.4341,0.24839,2.761,3.0076,1.0564,1.9386,4.2717,0.98475,2.3049,3.0877,1.6753,2.4029,4.5973,0.96246,2.0447,2.8657,0.72798,1.9702,2.7411,1.5998,1.7065,3.9661,0.95305,2.4462,2.8504,1.3516,1.5798,3.8439,2.7325,2.5741,4.6046,1.0808,2.1788,3.5952,1.1675,2.7388,3.6892,1.9774,1.9809,4.4969,1.0443,1.9482,4.2593,1.867,1.6814,3.4662,1.6629,2.5309,3.9981,2.132,2.5393,4.8859,2.1111,2.3982,3.66,1.2651,3.0397,3.4815,1.4548,1.4862,4.2052,0.64307,2.9876,3.6525,1.6109,1.6818,4.2117,0.73285,1.9887,2.7346,0.72042,2.1966,3.9681,2.6534,2.5856,4.5176,2.0248,2.0997,3.4124,1.4285,2.8426,3.5685,1.0677,2.2605,3.5828,2.5566,2.0389,4.5315,1.471,1.72,4.4221,1.5688,2.577,3.6037,2.0566,2.3491,4.1051,2.6499,2.3439,4.9343,0.51927,2.5221,3.0422
1789.1,0.13297,123.87,15.775,0.11612,596.12,1.4713,1.8143,4.123,1.2685,2.2433,4.2416,1.1746,1.9507,4.251,2.4542,2.6382,4.2858,0.86049,2.0217,4.281,1.5166,2.5551,3.8969,3.1852,2.834,6.0401,1.1602,1.9532,4.2438,1.7397,1.6373,4.2239,1.2991,2.2281,4.2941,0.82893,2.0559,4.2055,2.9671,2.8322,4.5532,5.5502,2.7097,1.2869,1.3263,2.7214,3.7121,0.90316,2.138,3.0025,2.5267,2.1212,4.5509,1.4618,1.6348,3.9267,0.6415,2.6191,3.8184,2.0338,1.7662,3.507,1.105,2.3945,3.1862,0.17263,2.301,3.4274,1.7662,1.6794,3.4088,1.9246,2.7503,4.1936,1.7919,1.7201,3.4108,1.442,1.6191,3.9521,0.38516,2.1685,3.1388,2.1021,2.4025,4.4707,1.4652,1.6967,3.2054,0.82871,1.9415,2.7522,3.1645,2.8389,5.9919,2.0397,1.7958,3.5096,1.0509,2.7216,2.9493,1.8343,2.5905,4.0483,0.66879,1.9292,2.8074,1.0606,2.419,3.1174,1.9231,1.923,4.5354,1.7212,1.6361,3.8949,0.51531,2.2002,3.7578,1.1814,2.5394,3.7529,0.92759,2.1188,3.1859,2.6458,2.3494,4.4195,2.1497,2.2139,4.7722,1.5053,1.6748,3.9464,1.9007,1.9255,4.5163,1.5117,2.2107,3.2526,0.75151,2.1562,3.0747,2.4505,2.4239,4.3969,1.9002,2.5955,4.7713,1.8501,2.6047,4.7253,2.6314,2.37,4.4339,1.2776,2.5381,3.8853,1.7397,2.261,4.3599,1.8861,3.0001,3.8133,0.5967,2.4715,2.5601,1.5138,2.0934,4.6468,2.0477,3.0195,3.9767,0.32259,2.4056,3.3381,1.6633,1.5826,4.0723,0.67925,2.0654,3.0367,2.2586,2.2612,4.6728,0.75347,2.5634,3.1649,0.92894,2.1321,3.1724,6.2538,2.8895,1.7914,2.0409,2.0282,4.6665,2.6165,2.38,4.4273,2.5723,2.2862,5.077,1.9733,2.689,4.264,1.0805,1.7742,4.0063,4.6536,2.8908,0.51978,0.8397,2.129,2.9999,1.3074,2.0921,4.3361,1.0292,2.1147,3.4579,2.1515,2.692,4.3943,1.7286,1.5518,4.1331,1.2371,2.5381,3.1416,0.77961,2.478,3.7332,2.0767,1.8744,3.6808,1.5524,2.4649,3.4419,1.6038,2.5693,3.6161,1.6211,1.6095,4.2464,1.9427,2.7112,4.3974,2.007,2.7124,4.4787,3.4842,2.7605,6.2356,1.7305,1.5408,4.1291,1.7708,2.0028,3.4571,2.061,2.9297,4.8729,1.2299,2.5431,3.1823,2.5988,2.4391,4.9346,1.0817,2.6172,4.0495,1.5571,2.4512,3.4544,1.1334,1.8439,4.0686,1.6788,1.5586,4.0607,1.7446,2.0003,3.4152,0.26247,2.924,3.3206,2.9268,2.3024,4.664,1.3056,1.9485,4.2201,1.3194,2.6453,3.4612,1.4202,2.4626,3.3442,1.8737,1.9267,3.6613,1.9402,2.453,4.029,1.0448,2.2972,3.1569,2.547,2.0003,5.1482,1.2611,2.6469,3.3896,1.3761,2.4887,3.2952,0.39388,2.924,3.4401,0.63792,1.85,2.7999,1.6537,1.9903,4.5079,1.4593,1.7968,4.1452,5.3486,2.8704,1.6594,0.81541,2.0949,2.821,1.0754,2.6474,4.0629,2.2259,2.5229,3.599,2.5473,2.4112,4.8649,2.8773,2.6676,4.5803,2.1142,2.5028,4.4665,2.3576,2.1435,4.2514,0.75274,2.0616,3.2787,0.46895,2.4376,3.0319,0.59072,2.1419,3.7015,2.3827,2.4354,4.4875,0.87428,2.439,2.9776,1.2417,1.6131,4.2784,1.6705,2.0304,3.4155,6.069,2.6714,1.812,3.3959,2.9174,0.12278,0.84406,2.4027,3.0243,1.6707,1.6193,4.0645,1.5106,1.8932,3.1743,0.77999,2.4378,2.9259,2.1511,2.3295,4.8582,1.2086,2.5625,3.1559,1.0163,1.9546,3.5047,0.45221,1.9757,3.2878,1.7285,2.0154,3.4,2.3868,2.1313,4.2341,2.2025,2.1446,5.0042,1.264,1.6774,3.838,0.69865,1.9765,2.7877,2.2097,2.16,5.0328,2.3702,2.2369,4.5517,1.5768,2.414,3.968,4.4049,2.91,0.32933,1.9566,2.4111,4.0171,0.81759,1.9466,4.1198,1.2978,2.6219,4.2797,3.728,2.8133,6.0982,1.5461,1.6499,3.2991,0.24563,2.2993,3.3015,5.0943,2.9149,1.045,0.68139,2.7429,3.3939,1.3562,2.529,3.033,2.1547,2.0969,4.9254,1.4724,2.0457,4.3993,1.5277,1.6311,3.3082,1.4106,2.9138,3.377,0.56507,2.4194,2.877,0.89037,2.4436,3.0232,0.24327,2.6044,3.3403,1.6466,2.3136,4.1716,0.57821,2.427,2.842,1.0193,2.2573,3.599,1.3936,1.7718,4.2839,0.31775,2.3262,3.3678,1.5265,1.6017,3.3,0.5559,2.4192,2.8732,3.2858,2.861,6.2178,1.9433,2.5655,4.0021,2.033,2.1976,4.6448,2.4416,2.7685,5.0549,1.9105,1.9105,3.8532,1.2909,1.7443,3.7124,2.1879,2.1222,4.983,1.367,2.6134,3.927,1.0917,3.0593,2.9204,4.7629,2.9314,0.46717,1.3585,2.7052,4.4167,1.919,1.9135,3.8752,1.3219,2.6452,2.954,0.5916,2.7428,3.22,1.0087,2.8959,4.1928,0.73426,2.53,2.7135,0.67887,2.0052,2.9214,0.531,2.4132,3.3756,1.5598,2.1745,4.2969,1.4552,2.7142,4.4899,0.55176,1.9894,2.9992,1.9988,1.8439,3.7988,1.1881,1.7845,3.6905,2.268,2.671,4.7222,1.3577,1.6236,4.121,1.352,2.1517,3.1495,0.60403,2.0056,3.0193,0.52136,2.4287,2.652,1.6509,2.34,4.1818,2.2928,2.6631,4.781,0.57363,2.0128,2.9792,1.5761,1.6866,3.3437,0.399,3.0544,2.2786,0.66495,2.5416,2.6611,3.0462,2.7461,6.0512,0.11718,2.882,2.8008,4.6934,2.9278,0.39647,2.2754,2.3526,3.6154,1.2259,3.0357,4.0482,1.3196,2.373,3.4605,1.007,3.0565,3.8319,2.3244,2.2298,3.7407,1.1829,1.7636,3.688,2.4383,2.36,4.59,2.5167,2.6868,4.0625,1.3266,2.6729,4.37,1.9043,1.8653,3.8384,1.2057,2.704,3.7248,2.3306,2.4424,4.9094,1.6174,2.5721,3.4416,2.1634,2.2288,4.125,0.76794,1.9248,3.3331,2.2531,2.4132,3.6646,2.2678,2.3938,3.6381,2.2333,1.9708,4.9816,2.6061,2.276,4.7863,2.3331,2.242,3.7602,1.3616,1.5904,3.8739,2.2858,2.6782,4.7614,1.9049,1.8847,3.8475,0.77466,2.1169,4.0626,1.5968,1.7658,4.2486,2.3063,2.6739,4.7986,1.4461,2.3887,3.2615,6.0178,2.9067,2.3217,1.8459,1.786,3.5219,1.8856,2.9385,4.1793,2.0934,1.9605,4.8491,1.1925,2.5874,4.3704,1.9515,2.1444,4.8753,1.6093,1.7128,3.9614,1.6049,2.0336,3.3281,1.0833,2.6984,3.6237,0.98441,2.7899,3.8556,1.4503,2.4691,3.8822,1.1615,2.7216,3.6639,1.8175,1.6822,4.0742,0.93741,2.4568,2.8238,1.9572,2.1186,4.4395,0.26322,2.757,3.0218,1.0535,1.9369,4.2722,0.98611,2.3035,3.0919,1.6796,2.4043,4.5988,0.9604,2.0422,2.8667,0.72705,1.9687,2.741,1.5987,1.6997,3.9659,0.95558,2.4453,2.8566,1.3489,1.5785,3.8449,2.7313,2.5735,4.605,1.0801,2.1835,3.5915,1.1706,2.7343,3.6915,1.9775,1.9809,4.4994,1.0412,1.947,4.2594,1.8685,1.6833,3.4677,1.6629,2.534,3.998,2.1333,2.5383,4.8825,2.1069,2.4002,3.655,1.2756,3.0363,3.4907,1.4556,1.4888,4.2029,0.64145,2.9869,3.652,1.6104,1.6764,4.2104,0.73216,1.988,2.7344,0.72302,2.197,3.9701,2.6509,2.5842,4.517,2.0285,2.0975,3.4116,1.4331,2.8358,3.5726,1.0652,2.2675,3.577,2.5594,2.0429,4.5382,1.4692,1.7187,4.4227,1.5668,2.5757,3.6072,2.0567,2.3542,4.1085,2.6463,2.342,4.9297,0.5254,2.522,3.0487
1789.1,0.13297,123.87,15.775,0.12505,613.81,1.4679,1.8113,4.1203,1.2695,2.2442,4.2444,1.1701,1.9476,4.251,2.4518,2.6368,4.286,0.86029,2.0198,4.2845,1.5166,2.5593,3.8971,3.1984,2.8329,6.0563,1.1554,1.95,4.2446,1.7394,1.6312,4.2217,1.3001,2.228,4.2996,0.82707,2.0552,4.2054,2.9717,2.8319,4.5562,5.5397,2.7034,1.2752,1.3299,2.7136,3.7155,0.89902,2.1373,3.0006,2.531,2.1265,4.5599,1.4604,1.6326,3.928,0.6395,2.6226,3.8125,2.0362,1.7662,3.5097,1.1031,2.3922,3.1906,0.16493,2.3021,3.4164,1.7648,1.6791,3.4105,1.9136,2.7444,4.1802,1.7927,1.7224,3.4122,1.4403,1.6157,3.9543,0.38529,2.1702,3.1356,2.1054,2.404,4.4747,1.4642,1.6983,3.2055,0.82867,1.9445,2.7523,3.1773,2.8383,6.0061,2.0431,1.7971,3.5124,1.0552,2.7217,2.9557,1.8359,2.5912,4.0521,0.67136,1.9329,2.8087,1.0593,2.4169,3.1215,1.9253,1.9232,4.5389,1.724,1.633,3.8959,0.51611,2.1999,3.7594,1.1825,2.5451,3.7537,0.92249,2.1219,3.1806,2.6533,2.3524,4.4286,2.1558,2.2173,4.7787,1.5077,1.6757,3.9489,1.9021,1.9263,4.5186,1.5134,2.2124,3.2515,0.74509,2.1618,3.0652,2.4533,2.4276,4.4034,1.8968,2.5958,4.7608,1.8449,2.6051,4.7144,2.6398,2.375,4.4471,1.2769,2.5413,3.8814,1.7449,2.264,4.3652,1.8789,2.9952,3.8052,0.60345,2.4722,2.5662,1.51,2.0968,4.647,2.047,3.0156,3.9749,0.31847,2.4069,3.3326,1.6635,1.5807,4.0714,0.67682,2.0678,3.0324,2.2593,2.2622,4.6737,0.75963,2.5594,3.1753,0.92364,2.136,3.1658,6.2418,2.8888,1.7795,2.0461,2.0322,4.6737,2.624,2.3856,4.4397,2.5664,2.2822,5.0687,1.965,2.6777,4.2551,1.0805,1.7691,4.0104,4.6546,2.8823,0.5193,0.83641,2.1297,2.9967,1.3081,2.0918,4.3413,1.0268,2.1174,3.4546,2.1425,2.6873,4.3838,1.7311,1.5486,4.1314,1.2433,2.5369,3.1455,0.7816,2.4815,3.73,2.0785,1.8707,3.6768,1.5491,2.4673,3.4405,1.6017,2.5717,3.6196,1.6184,1.6063,4.2457,1.933,2.7028,4.3858,2.0015,2.7048,4.4732,3.4944,2.7581,6.2448,1.733,1.5373,4.1269,1.7768,2.0028,3.4585,2.0587,2.9297,4.8714,1.235,2.5424,3.1888,2.5964,2.4388,4.9308,1.0844,2.6181,4.0464,1.5543,2.4527,3.4543,1.1292,1.8453,4.0669,1.6805,1.5547,4.059,1.7485,1.9996,3.4134,0.26251,2.9221,3.3213,2.9307,2.3017,4.6701,1.3046,1.9486,4.2214,1.323,2.6433,3.4695,1.4173,2.4634,3.345,1.8766,1.9225,3.6571,1.9401,2.4605,4.033,1.0412,2.2982,3.1551,2.5475,1.9976,5.1488,1.2625,2.6451,3.3958,1.3699,2.4906,3.2924,0.40144,2.9218,3.4474,0.63469,1.8527,2.7912,1.6486,1.9881,4.513,1.4591,1.7928,4.1465,5.3337,2.8673,1.644,0.81431,2.0936,2.8224,1.0781,2.6507,4.0611,2.2317,2.5213,3.5982,2.54,2.4077,4.8546,2.8853,2.6643,4.5869,2.1122,2.502,4.4632,2.3589,2.1483,4.2575,0.74969,2.0685,3.2704,0.48093,2.4348,3.045,0.58989,2.1418,3.7008,2.3822,2.4307,4.4923,0.88519,2.4363,2.9887,1.2399,1.6158,4.2771,1.6677,2.0316,3.4125,6.053,2.6689,1.7947,3.4082,2.9152,0.13641,0.84797,2.3986,3.034,1.6713,1.6175,4.0629,1.5121,1.8952,3.1739,0.78126,2.4361,2.9299,2.1502,2.3275,4.8512,1.2127,2.5626,3.1617,1.0172,1.9536,3.5048,0.44483,1.9753,3.2921,1.7307,2.0146,3.396,2.3875,2.1361,4.2381,2.2069,2.1429,5.005,1.2616,1.6725,3.8402,0.69977,1.9765,2.79,2.2145,2.1598,5.0357,2.3743,2.2407,4.5589,1.5775,2.4214,3.9681,4.4146,2.903,0.3393,1.9572,2.4175,4.0194,0.81583,1.9463,4.1188,1.308,2.6257,4.2846,3.7429,2.8101,6.2776,1.5479,1.6535,3.3001,0.24033,2.299,3.2935,5.0934,2.9083,1.0459,0.68824,2.7395,3.4013,1.3616,2.5304,3.0355,2.1574,2.0934,4.9231,1.4712,2.0406,4.4029,1.5279,1.6312,3.3099,1.4126,2.9128,3.3771,0.57425,2.4168,2.89,0.88899,2.4423,3.0262,0.24383,2.6034,3.3388,1.65,2.3186,4.1758,0.5874,2.4257,2.8512,1.0162,2.2647,3.5933,1.3936,1.7694,4.2827,0.31784,2.3275,3.366,1.5264,1.6003,3.301,0.56362,2.4171,2.8846,3.3039,2.8596,6.1996,1.9387,2.5637,4.0004,2.0379,2.1983,4.6487,2.4243,2.7672,5.0352,1.9119,1.9054,3.849,1.2905,1.7391,3.7142,2.1912,2.1193,4.983,1.3647,2.6101,3.9213,1.0857,3.0579,2.9135,4.7676,2.9267,0.47108,1.3657,2.7061,4.4222,1.9207,1.9104,3.8751,1.3273,2.6462,2.9608,0.60519,2.7401,3.236,1.0159,2.895,4.1993,0.74636,2.531,2.7235,0.67847,2.0102,2.9181,0.53064,2.4136,3.3729,1.5597,2.1732,4.3021,1.469,2.7154,4.5003,0.54607,1.9918,2.9902,2.0002,1.8404,3.7979,1.1874,1.7795,3.694,2.2575,2.6671,4.7073,1.3556,1.6291,4.1168,1.3488,2.1509,3.1477,0.60156,2.0096,3.0126,0.52572,2.427,2.6584,1.6557,2.3481,4.1865,2.2823,2.6587,4.7674,0.56871,2.0164,2.9696,1.5769,1.6851,3.345,0.38574,3.0552,2.2626,0.66994,2.544,2.665,3.0584,2.7451,6.0651,0.13517,2.8826,2.8215,4.697,2.9228,0.39979,2.2719,2.3481,3.6064,1.2367,3.0313,4.0615,1.3104,2.3803,3.453,1.0154,3.0546,3.8436,2.3215,2.2296,3.7361,1.1818,1.7565,3.6919,2.4389,2.3615,4.5915,2.5109,2.6899,4.0642,1.3312,2.6726,4.3716,1.9052,1.858,3.8343,1.2098,2.6983,3.7282,2.3241,2.4395,4.8974,1.6177,2.5691,3.4519,2.1633,2.2329,4.1278,0.76579,1.9274,3.3291,2.2466,2.4139,3.6583,2.262,2.3925,3.6291,2.2375,1.9742,4.9863,2.603,2.275,4.7856,2.3307,2.2429,3.7571,1.36,1.591,3.8764,2.2737,2.6743,4.7459,1.9061,1.8794,3.8435,0.77482,2.1147,4.07,1.5961,1.7612,4.2478,2.2968,2.6703,4.7868,1.4461,2.3892,3.2615,6.024,2.9085,2.3299,1.8461,1.785,3.525,1.8797,2.9316,4.1711,2.0996,1.9612,4.8556,1.1984,2.5883,4.3776,1.957,2.1447,4.8768,1.6091,1.7068,3.9612,1.6054,2.0363,3.3242,1.0858,2.6942,3.6252,0.98708,2.7877,3.8557,1.4551,2.4737,3.8856,1.1629,2.7173,3.6632,1.8157,1.6747,4.0732,0.93913,2.4569,2.8273,1.9622,2.1236,4.4448,0.27785,2.7528,3.0357,1.0506,1.9352,4.2726,0.98727,2.3022,3.0959,1.6838,2.4059,4.6002,0.95833,2.0398,2.8676,0.72616,1.9673,2.7408,1.5978,1.6933,3.9658,0.95798,2.4445,2.8626,1.3462,1.5771,3.8459,2.7304,2.5728,4.6054,1.0793,2.1884,3.5877,1.1736,2.73,3.6937,1.9775,1.981,4.5019,1.0382,1.9458,4.2596,1.8701,1.6852,3.4693,1.6628,2.5371,3.9978,2.1344,2.5373,4.8791,2.1028,2.4024,3.65,1.2862,3.033,3.5001,1.4564,1.4913,4.2005,0.6394,2.9862,3.6511,1.61,1.6711,4.2091,0.73151,1.9871,2.7343,0.72559,2.1977,3.9722,2.6484,2.5829,4.5167,2.0321,2.0952,3.4108,1.4374,2.8292,3.5769,1.0626,2.2747,3.5711,2.5625,2.047,4.5451,1.4673,1.7173,4.4234,1.5649,2.5745,3.6109,2.0568,2.3592,4.1119,2.643,2.3401,4.9253,0.53142,2.522,3.055
1789.1,0.13297,123.87,15.775,0.13398,631.67,1.4645,1.8082,4.118,1.2706,2.2449,4.2472,1.1657,1.9446,4.2507,2.4493,2.6353,4.2863,0.86003,2.018,4.2879,1.5165,2.5633,3.8974,3.2113,2.8315,6.0722,1.1508,1.9468,4.2453,1.739,1.6251,4.2194,1.3011,2.2279,4.305,0.82529,2.0547,4.2053,2.9762,2.8315,4.559,5.5295,2.6971,1.2639,1.3331,2.7063,3.7185,0.8949,2.1365,2.9986,2.5354,2.1318,4.5689,1.4588,1.6306,3.9294,0.63732,2.6261,3.8064,2.0388,1.7661,3.5123,1.1008,2.3901,3.1944,0.15717,2.3033,3.4052,1.7632,1.6787,3.4122,1.9035,2.7388,4.1677,1.7933,1.7247,3.4135,1.4388,1.6122,3.9563,0.3855,2.1718,3.1325,2.1085,2.4054,4.4783,1.4631,1.6998,3.2058,0.82858,1.9472,2.7525,3.1902,2.8377,6.0203,2.0466,1.7984,3.5154,1.0597,2.722,2.9622,1.8374,2.5918,4.056,0.67386,1.9364,2.8101,1.058,2.415,3.1254,1.9274,1.9233,4.5423,1.7268,1.63,3.897,0.51706,2.1995,3.7611,1.1839,2.5505,3.7549,0.91754,2.1248,3.1756,2.6608,2.3552,4.4376,2.1618,2.2207,4.7852,1.5101,1.6767,3.9512,1.9036,1.9272,4.5208,1.5149,2.214,3.2503,0.73872,2.1673,3.056,2.456,2.4311,4.4098,1.8934,2.5964,4.7503,1.8398,2.6055,4.7037,2.6485,2.38,4.4604,1.2764,2.5445,3.8776,1.7502,2.2669,4.3705,1.872,2.9906,3.7975,0.61008,2.4727,2.5721,1.5061,2.1003,4.647,2.0465,3.0117,3.9731,0.31451,2.408,3.3275,1.6639,1.5789,4.0705,0.67446,2.0702,3.0282,2.2599,2.2631,4.6744,0.76534,2.5556,3.1854,0.91859,2.1395,3.1594,6.2316,2.8882,1.7683,2.0517,2.0363,4.681,2.6315,2.3911,4.4521,2.561,2.2783,5.0607,1.9573,2.6666,4.2468,1.0805,1.7641,4.0145,4.6555,2.8737,0.51887,0.83321,2.1302,2.9936,1.3087,2.0915,4.3464,1.0244,2.1201,3.4513,2.134,2.6828,4.3738,1.7336,1.5454,4.1299,1.2491,2.5357,3.1489,0.78356,2.485,3.7269,2.0803,1.8671,3.673,1.5457,2.4698,3.439,1.5998,2.574,3.6233,1.6157,1.6035,4.2452,1.9239,2.6945,4.3747,1.9964,2.6972,4.4678,3.5047,2.7557,6.2567,1.7355,1.5338,4.1247,1.783,2.0027,3.4601,2.0564,2.9297,4.8698,1.2398,2.5419,3.1951,2.5939,2.4384,4.9271,1.087,2.619,4.0432,1.5515,2.4542,3.4542,1.1251,1.8464,4.0656,1.6823,1.5512,4.0575,1.7524,1.999,3.4118,0.26273,2.9202,3.322,2.9344,2.3008,4.6759,1.3034,1.9487,4.2228,1.3265,2.6414,3.4776,1.4145,2.4643,3.3459,1.8796,1.9184,3.6531,1.9402,2.4678,4.0373,1.0375,2.2991,3.1534,2.5479,1.995,5.1492,1.264,2.6436,3.402,1.3637,2.4924,3.2897,0.40876,2.9195,3.4545,0.63157,1.8553,2.7829,1.6433,1.986,4.5175,1.4588,1.7889,4.1476,5.319,2.8641,1.6287,0.81317,2.0924,2.8238,1.0804,2.6539,4.0593,2.2382,2.5191,3.5982,2.5328,2.4042,4.8444,2.8936,2.6611,4.5937,2.1105,2.5015,4.4602,2.3602,2.1529,4.2637,0.74631,2.0753,3.2618,0.49283,2.4321,3.0578,0.58911,2.1416,3.7001,2.3817,2.4264,4.4969,0.89615,2.4336,2.9999,1.238,1.6185,4.2756,1.6649,2.0328,3.4095,6.0373,2.6662,1.7778,3.42,2.9128,0.1494,0.85113,2.3947,3.0426,1.6719,1.6158,4.0614,1.5135,1.8972,3.1735,0.7823,2.4346,2.9337,2.1496,2.3256,4.8445,1.2167,2.5629,3.1672,1.0181,1.9526,3.5049,0.43747,1.9751,3.2964,1.733,2.0138,3.3921,2.3882,2.1409,4.2424,2.2113,2.1413,5.0058,1.259,1.6678,3.8422,0.70084,1.9766,2.7922,2.2191,2.1594,5.0384,2.3783,2.2442,4.5658,1.578,2.4285,3.9682,4.4239,2.8961,0.34906,1.9578,2.424,4.0219,0.81412,1.9459,4.1177,1.3181,2.6292,4.2893,3.7576,2.8069,0.051004,1.5497,1.6571,3.3011,0.23527,2.2987,3.2858,5.0929,2.9017,1.0472,0.69455,2.736,3.408,1.3667,2.5319,3.0377,2.1603,2.0899,4.9212,1.4697,2.0355,4.4065,1.528,1.6312,3.3115,1.4146,2.9118,3.3772,0.58326,2.4143,2.9027,0.88765,2.441,3.0293,0.24422,2.6024,3.3372,1.6534,2.3236,4.1802,0.59637,2.4244,2.8603,1.013,2.272,3.5875,1.3937,1.7671,4.2813,0.31798,2.3287,3.3644,1.5262,1.5989,3.3022,0.57113,2.415,2.8956,3.3213,2.858,0.5662,1.9343,2.5619,3.9989,2.0428,2.1989,4.6526,2.4072,2.7658,5.0153,1.9132,1.9001,3.8449,1.29,1.7341,3.716,2.1946,2.1165,4.983,1.3625,2.6069,3.9157,1.0796,3.0566,2.9065,4.7721,2.9221,0.47491,1.3728,2.7069,4.4275,1.9222,1.9073,3.8751,1.3326,2.6471,2.9676,0.61801,2.7376,3.2511,1.023,2.8938,4.2057,0.7582,2.532,2.7331,0.67821,2.015,2.9151,0.53043,2.4141,3.3704,1.5594,2.1717,4.3073,1.4824,2.7164,4.5103,0.54047,1.9941,2.9814,2.0016,1.8369,3.7969,1.1868,1.7745,3.6977,2.2481,2.6635,4.6935,1.3534,1.6343,4.1128,1.3455,2.15,3.1459,0.59907,2.0134,3.006,0.53007,2.4254,2.6646,1.6607,2.356,4.1911,2.2722,2.6542,4.7544,0.56395,2.0197,2.9604,1.5776,1.6835,3.3465,0.37183,3.056,2.2461,0.67461,2.5464,2.6686,3.0708,2.7439,6.079,0.15309,2.883,2.8421,4.7008,2.9178,0.40351,2.2687,2.3437,3.5977,1.2459,3.0267,4.0733,1.3016,2.387,3.446,1.0227,3.0527,3.8541,2.3187,2.2293,3.7315,1.1806,1.7495,3.6959,2.4393,2.3628,4.593,2.5053,2.6927,4.0659,1.3356,2.6722,4.373,1.906,1.8507,3.8302,1.2137,2.6929,3.7315,2.3181,2.4368,4.886,1.6177,2.5664,3.4618,2.1634,2.2372,4.1308,0.76355,1.93,3.3249,2.2401,2.4147,3.652,2.2564,2.3912,3.6204,2.2415,1.9772,4.9905,2.6,2.274,4.785,2.3281,2.2439,3.754,1.3585,1.5918,3.8786,2.2621,2.6704,4.7306,1.9073,1.8741,3.8395,0.77503,2.1125,4.0775,1.5956,1.7568,4.247,2.2877,2.6668,4.7754,1.446,2.3898,3.2615,6.0303,2.9103,2.338,1.8465,1.7842,3.528,1.8741,2.9248,4.1632,2.1058,1.9619,4.8618,1.2039,2.589,4.3845,1.9625,2.1453,4.8784,1.6087,1.7012,3.961,1.606,2.039,3.3206,1.0881,2.6903,3.6266,0.98955,2.7857,3.8555,1.4597,2.4781,3.8891,1.1644,2.7131,3.6626,1.8138,1.6674,4.0722,0.94079,2.4569,2.8308,1.9674,2.1285,4.4504,0.29224,2.7486,3.0494,1.0476,1.9336,4.273,0.98823,2.301,3.0996,1.6881,2.4074,4.6018,0.95624,2.0374,2.8683,0.72529,1.966,2.7406,1.5968,1.687,3.9658,0.96022,2.4437,2.8685,1.3435,1.5755,3.847,2.7296,2.5723,4.606,1.0784,2.1933,3.5839,1.1765,2.7258,3.6959,1.9776,1.9812,4.5045,1.0354,1.9446,4.2599,1.8717,1.687,3.4709,1.6628,2.54,3.9975,2.1357,2.5364,4.8757,2.0986,2.4046,3.645,1.297,3.0296,3.5097,1.4573,1.4939,4.1982,0.637,2.9855,3.6498,1.6097,1.6659,4.2078,0.73088,1.9864,2.7342,0.72814,2.1982,3.9742,2.646,2.5815,4.5166,2.0358,2.093,3.4102,1.4418,2.8226,3.5813,1.0599,2.2818,3.5651,2.5656,2.0511,4.5522,1.4654,1.716,4.4242,1.563,2.5732,3.6146,2.0571,2.3642,4.1154,2.6398,2.3385,4.9212,0.53732,2.522,3.0612
1789.1,0.13297,123.87,15.775,0.14291,649.44,1.4613,1.8049,4.1156,1.2719,2.2457,4.2503,1.1612,1.9416,4.2503,2.4468,2.6339,4.2866,0.85973,2.0165,4.291,1.5166,2.5671,3.8977,3.224,2.8301,6.0879,1.1463,1.9436,4.2461,1.7388,1.6191,4.2171,1.3019,2.2277,4.3106,0.8236,2.0542,4.2054,2.9806,2.8311,4.5618,5.5196,2.6906,1.253,1.3358,2.6997,3.721,0.89079,2.1358,2.9966,2.5399,2.1368,4.5779,1.4573,1.6288,3.9307,0.63495,2.6296,3.8,2.0414,1.7659,3.5149,1.098,2.3882,3.1975,0.14937,2.3045,3.3939,1.7618,1.6782,3.4139,1.8941,2.7334,4.1562,1.7941,1.7268,3.4148,1.4373,1.6089,3.958,0.38576,2.1733,3.1296,2.1115,2.4065,4.4817,1.4619,1.7013,3.2059,0.82842,1.9496,2.7528,3.2031,2.8369,6.0346,2.0502,1.7997,3.5184,1.0642,2.7222,2.9686,1.839,2.5925,4.0598,0.67629,1.9397,2.8114,1.0564,2.413,3.1292,1.9296,1.9234,4.5459,1.7294,1.6272,3.8982,0.51815,2.1988,3.763,1.1855,2.5556,3.7564,0.91275,2.1277,3.1706,2.6681,2.358,4.4464,2.1677,2.2238,4.7916,1.5125,1.6778,3.9536,1.9053,1.928,4.5231,1.5166,2.2154,3.2492,0.73242,2.1725,3.0469,2.4586,2.4345,4.4162,1.8899,2.5969,4.7396,1.835,2.6059,4.6931,2.657,2.3846,4.4737,1.2759,2.5475,3.8739,1.7557,2.2698,4.3758,1.8655,2.986,3.7902,0.61656,2.4734,2.578,1.5021,2.1038,4.6468,2.0461,3.0077,3.9714,0.31069,2.409,3.3225,1.6642,1.5771,4.0697,0.67216,2.0723,3.0242,2.2603,2.2639,4.675,0.77063,2.5516,3.195,0.91376,2.1428,3.1534,6.2226,2.8875,1.7578,2.0574,2.0403,4.6883,2.6392,2.3962,4.4643,2.556,2.2745,5.0532,1.9503,2.6558,4.2395,1.0804,1.7592,4.0184,4.6565,2.8652,0.51856,0.83012,2.1306,2.9907,1.3095,2.0912,4.3514,1.0219,2.1228,3.448,2.1257,2.6783,4.3643,1.7361,1.5421,4.1282,1.2549,2.5346,3.1521,0.78551,2.4884,3.7238,2.0822,1.8635,3.6693,1.5423,2.4723,3.4376,1.5982,2.5762,3.6273,1.6132,1.6011,4.2445,1.9153,2.6863,4.3642,1.9916,2.6897,4.4629,3.5149,2.7531,6.2532,1.7381,1.5304,4.1225,1.7892,2.0025,3.4618,2.0539,2.9297,4.8681,1.2445,2.5415,3.2009,2.5917,2.4381,4.9236,1.0894,2.6197,4.0398,1.5489,2.4557,3.4541,1.121,1.8474,4.0643,1.6842,1.5479,4.0559,1.7563,1.9981,3.4103,0.26314,2.9182,3.3229,2.938,2.2999,4.6815,1.3023,1.9488,4.2242,1.3299,2.6397,3.4855,1.4117,2.4652,3.347,1.8827,1.9144,3.6493,1.9404,2.4747,4.0416,1.034,2.2999,3.1517,2.5482,1.9924,5.1495,1.2656,2.6421,3.4082,1.3577,2.4942,3.287,0.41582,2.9173,3.4614,0.62859,1.8575,2.775,1.6379,1.984,4.5213,1.4586,1.785,4.1488,5.3047,2.861,1.6137,0.81201,2.0913,2.825,1.0826,2.657,4.0573,2.2447,2.5164,3.5979,2.5259,2.4007,4.8345,2.902,2.6577,4.6007,2.1088,2.5011,4.4574,2.3618,2.1577,4.2699,0.74267,2.0821,3.2529,0.50463,2.4294,3.0707,0.58839,2.1414,3.6994,2.3813,2.4226,4.5015,0.90714,2.4308,3.0112,1.236,1.6213,4.2739,1.6621,2.0339,3.4064,6.022,2.6635,1.7615,3.4311,2.9106,0.16169,0.85361,2.391,3.0505,1.6724,1.614,4.0599,1.5151,1.8992,3.1732,0.78311,2.4332,2.937,2.1492,2.3237,4.8381,1.2205,2.5631,3.1726,1.0189,1.9515,3.5051,0.43,1.975,3.3004,1.7352,2.0128,3.3883,2.3891,2.1458,4.2469,2.2156,2.1395,5.0065,1.2564,1.6633,3.8441,0.70186,1.9768,2.7942,2.2236,2.1588,5.041,2.3823,2.2478,4.5727,1.5784,2.4354,3.9682,4.4329,2.8893,0.35868,1.9585,2.4306,4.0243,0.81246,1.9457,4.1166,1.3281,2.6328,4.2937,3.772,2.8038,0.051754,1.5517,1.6609,3.3022,0.23044,2.2984,3.2783,5.0926,2.895,1.0489,0.70037,2.7326,3.4142,1.3714,2.5333,3.0396,2.1632,2.0866,4.9196,1.4683,2.0304,4.4101,1.5282,1.6311,3.3131,1.4164,2.9109,3.3771,0.59204,2.4118,2.9152,0.88633,2.4398,3.0323,0.24446,2.6014,3.3353,1.657,2.3287,4.1847,0.60512,2.4232,2.8692,1.0096,2.2793,3.5816,1.3937,1.7649,4.2799,0.31812,2.3298,3.3628,1.5262,1.5976,3.3033,0.57842,2.4131,2.9063,3.3382,2.8564,1.4434,1.9299,2.5603,3.9975,2.0475,2.1994,4.6563,2.3901,2.7642,4.9954,1.9145,1.8946,3.8409,1.2896,1.729,3.7178,2.1979,2.1136,4.9832,1.3604,2.6037,3.9103,1.073,3.0555,2.8991,4.7765,2.9175,0.47869,1.3797,2.7076,4.4325,1.9239,1.9042,3.875,1.3378,2.6482,2.9744,0.63012,2.735,3.2654,1.0299,2.8927,4.2121,0.76977,2.533,2.7426,0.67805,2.0197,2.9123,0.53037,2.4145,3.3682,1.5594,2.1701,4.3125,1.4954,2.7173,4.5199,0.53499,1.9964,2.9726,2.003,1.8335,3.7962,1.186,1.7696,3.7013,2.2395,2.66,4.6807,1.3513,1.6394,4.1087,1.3424,2.1491,3.1441,0.59655,2.0171,2.9995,0.53439,2.4237,2.671,1.6658,2.364,4.1956,2.2627,2.6497,4.7418,0.55936,2.0227,2.9516,1.5784,1.6822,3.3478,0.35733,3.0567,2.2289,0.67896,2.5489,2.6719,3.0832,2.7427,6.0931,0.17093,2.8833,2.8626,4.7047,2.9129,0.40756,2.2656,2.3393,3.5893,1.2538,3.0222,4.0836,1.293,2.3932,3.4393,1.0291,3.0508,3.8636,2.316,2.2291,3.727,1.1793,1.7423,3.6999,2.4396,2.364,4.5943,2.4994,2.6952,4.0674,1.3398,2.672,4.3743,1.9069,1.8434,3.8264,1.2175,2.6876,3.7346,2.3127,2.4341,4.8753,1.6174,2.564,3.4712,2.1636,2.2415,4.134,0.76123,1.9327,3.3206,2.2338,2.4153,3.6456,2.2507,2.3899,3.6115,2.2454,1.9799,4.9943,2.597,2.2729,4.7844,2.3255,2.245,3.7511,1.3571,1.5925,3.8805,2.2507,2.6664,4.7157,1.9085,1.8689,3.8357,0.77527,2.1104,4.0847,1.595,1.7524,4.2463,2.2789,2.6633,4.7642,1.446,2.3903,3.2617,6.0365,2.9119,2.3462,1.8471,1.7834,3.5309,1.8688,2.918,4.1556,2.1119,1.9626,4.8679,1.2092,2.5898,4.3914,1.9679,2.1459,4.8801,1.6084,1.6956,3.9607,1.6066,2.0418,3.3171,1.0902,2.6866,3.6277,0.99181,2.7837,3.8552,1.4642,2.4821,3.8927,1.1657,2.7092,3.6617,1.812,1.6605,4.0712,0.94237,2.4571,2.8342,1.9727,2.1336,4.456,0.30636,2.7442,3.0629,1.0446,1.9318,4.2732,0.98903,2.2999,3.1031,1.6923,2.4089,4.6032,0.95415,2.0352,2.8689,0.72445,1.9648,2.7403,1.5958,1.6812,3.9656,0.96233,2.443,2.8743,1.3408,1.5737,3.8481,2.7289,2.5718,4.6067,1.0775,2.1983,3.5799,1.1794,2.7216,3.698,1.9778,1.9814,4.5072,1.0326,1.9435,4.2602,1.8733,1.6887,3.4725,1.6626,2.5428,3.9972,2.1369,2.5356,4.8723,2.0944,2.4067,3.6399,1.3078,3.0262,3.5194,1.458,1.4965,4.196,0.63427,2.9848,3.6481,1.6096,1.6611,4.2065,0.73028,1.9856,2.734,0.73066,2.1989,3.9762,2.6438,2.5802,4.5165,2.0394,2.0908,3.4098,1.4462,2.8162,3.5859,1.0569,2.2891,3.5588,2.569,2.0553,4.5594,1.4636,1.7147,4.4249,1.5614,2.5722,3.6184,2.0574,2.3691,4.119,2.6368,2.3368,4.9173,0.54309,2.5222,3.0672
1789.1,0.13297,123.87,15.775,0.15185,667.48,1.458,1.8016,4.1134,1.2734,2.2464,4.2535,1.1569,1.9387,4.2497,2.4444,2.6326,4.287,0.85938,2.015,4.2941,1.5166,2.5707,3.8981,3.2366,2.8286,6.1033,1.1419,1.9405,4.2467,1.7384,1.6134,4.2148,1.3028,2.2274,4.3159,0.82197,2.0537,4.2055,2.9849,2.8307,4.5645,5.5098,2.684,1.2425,1.3381,2.6938,3.723,0.8867,2.1349,2.9946,2.5445,2.1419,4.5868,1.4556,1.6271,3.9319,0.63234,2.6331,3.7934,2.0441,1.7657,3.5176,1.0949,2.3866,3.2,0.14149,2.3056,3.3825,1.7604,1.6777,3.4157,1.8856,2.7285,4.1458,1.7949,1.7287,3.4162,1.4359,1.6057,3.9597,0.38611,2.1746,3.1268,2.1142,2.4077,4.4849,1.4608,1.7027,3.206,0.82817,1.9519,2.753,3.2162,2.836,6.0489,2.0539,1.8007,3.5215,1.0688,2.7226,2.9751,1.8407,2.5931,4.0638,0.67865,1.9429,2.8128,1.0548,2.411,3.1327,1.9318,1.9235,4.5493,1.7321,1.6245,3.8993,0.51942,2.1982,3.7651,1.1874,2.5602,3.7584,0.90811,2.1304,3.1659,2.6753,2.3606,4.4548,2.1737,2.2269,4.7978,1.5149,1.6787,3.9558,1.9071,1.9289,4.5254,1.5181,2.2168,3.248,0.72629,2.1776,3.0383,2.4612,2.4377,4.4222,1.8864,2.5974,4.7288,1.8303,2.6063,4.6827,2.6658,2.3891,4.4872,1.2753,2.5503,3.8702,1.7613,2.2726,4.3809,1.8594,2.9814,3.7833,0.6229,2.4739,2.5837,1.4979,2.1073,4.6463,2.0457,3.0036,3.9698,0.30701,2.4099,3.3178,1.6646,1.5754,4.0688,0.66994,2.0743,3.0205,2.2607,2.2648,4.6754,0.7755,2.5477,3.2042,0.90922,2.1459,3.1479,6.214,2.8866,1.7478,2.0631,2.0443,4.6957,2.6467,2.4009,4.4765,2.5515,2.2708,5.0461,1.944,2.6456,4.2329,1.0804,1.7543,4.0224,4.6574,2.8569,0.51839,0.82711,2.1311,2.988,1.3104,2.091,4.3563,1.0195,2.1256,3.4447,2.1179,2.6739,4.3552,1.7385,1.5388,4.1267,1.2604,2.5336,3.1551,0.78745,2.4916,3.7207,2.0842,1.8602,3.6657,1.5391,2.4748,3.4364,1.5969,2.5783,3.6315,1.6106,1.599,4.2439,1.9072,2.6784,4.3542,1.9872,2.6826,4.458,3.5251,2.7505,6.2156,1.7406,1.5272,4.1203,1.7954,2.0023,3.4636,2.0514,2.9297,4.8661,1.2487,2.5411,3.2064,2.5895,2.4377,4.9201,1.0916,2.6204,4.0364,1.5462,2.4572,3.4542,1.1169,1.8482,4.0633,1.6862,1.5448,4.0544,1.7603,1.9972,3.409,0.26369,2.9163,3.3239,2.9413,2.2988,4.6866,1.3011,1.9488,4.2256,1.333,2.638,3.4931,1.409,2.4661,3.348,1.8858,1.9103,3.6457,1.9408,2.4811,4.0461,1.0306,2.3008,3.1501,2.5482,1.9899,5.1498,1.2671,2.6406,3.4143,1.3518,2.4959,3.2844,0.42266,2.9149,3.4679,0.62578,1.8597,2.7675,1.6323,1.982,4.5245,1.4582,1.7812,4.1498,5.2908,2.8577,1.5989,0.81083,2.0903,2.8262,1.0847,2.6599,4.0552,2.251,2.5136,3.5977,2.5194,2.3972,4.8249,2.9104,2.6544,4.6077,2.1074,2.5008,4.4548,2.3632,2.1624,4.2762,0.73883,2.0887,3.244,0.51624,2.4268,3.0833,0.58776,2.1412,3.6989,2.3811,2.4193,4.5062,0.91798,2.428,3.0223,1.2339,1.6242,4.2721,1.6593,2.0348,3.4033,6.0071,2.6606,1.7454,3.4415,2.9083,0.17324,0.85536,2.3877,3.0572,1.6729,1.6123,4.0585,1.5165,1.9012,3.1729,0.78371,2.4319,2.9401,2.149,2.3219,4.8321,1.2242,2.5635,3.1778,1.0198,1.9504,3.5053,0.42255,1.9753,3.3043,1.7375,2.0118,3.3846,2.3901,2.1507,4.2515,2.2197,2.1377,5.0072,1.2537,1.6591,3.8457,0.70281,1.977,2.796,2.228,2.1582,5.0435,2.3862,2.2511,4.5793,1.5788,2.4419,3.9681,4.4417,2.8828,0.36827,1.9592,2.4372,4.0269,0.81087,1.9456,4.1156,1.3378,2.6361,4.2979,3.786,2.8006,0.068444,1.5537,1.6647,3.3032,0.22591,2.298,3.271,5.0924,2.8885,1.0508,0.70568,2.7293,3.4196,1.376,2.5347,3.0412,2.1665,2.0834,4.9184,1.4667,2.0252,4.4134,1.5283,1.631,3.3146,1.4181,2.9101,3.3768,0.60053,2.4094,2.9273,0.88502,2.4385,3.0352,0.24462,2.6004,3.3333,1.6607,2.3339,4.1891,0.61367,2.422,2.878,1.0061,2.2866,3.5755,1.3938,1.7627,4.2784,0.31828,2.3309,3.3612,1.5261,1.5962,3.3045,0.58549,2.4112,2.9166,3.3543,2.8549,0.071038,1.9257,2.5587,3.9961,2.0522,2.1998,4.66,2.3733,2.7625,4.9756,1.9158,1.8891,3.8368,1.2891,1.7241,3.7194,2.2013,2.1109,4.9833,1.3585,2.6007,3.9051,1.0663,3.0543,2.8916,4.7806,2.9129,0.4825,1.3862,2.7081,4.4371,1.9256,1.9012,3.8751,1.3429,2.6492,2.9811,0.64151,2.7325,3.2788,1.0368,2.8914,4.2181,0.78107,2.534,2.7519,0.67804,2.0243,2.9098,0.53041,2.415,3.3659,1.5593,2.1686,4.3176,1.5079,2.7182,4.529,0.52963,1.9987,2.9638,2.0043,1.8303,3.7954,1.1853,1.7645,3.7048,2.2319,2.6568,4.669,1.3492,1.6441,4.1048,1.3393,2.1481,3.1423,0.59399,2.0206,2.993,0.5387,2.4222,2.6773,1.671,2.372,4.1999,2.2536,2.6455,4.7297,0.55495,2.0254,2.9433,1.5792,1.6809,3.3492,0.3424,3.0573,2.2114,0.68297,2.5516,2.6747,3.0958,2.7412,6.1072,0.18872,2.8835,2.8831,4.7089,2.9083,0.4119,2.2629,2.335,3.5814,1.2607,3.0178,4.0925,1.2848,2.3988,3.4331,1.0345,3.0489,3.8722,2.3132,2.2289,3.7226,1.178,1.7352,3.7039,2.44,2.3652,4.5953,2.4938,2.6976,4.0689,1.3439,2.6716,4.3753,1.9077,1.8364,3.8229,1.221,2.6827,3.7375,2.308,2.4318,4.8652,1.6168,2.5618,3.4801,2.1638,2.2459,4.1373,0.75886,1.9354,3.3163,2.2277,2.4162,3.6394,2.2451,2.3885,3.6027,2.2491,1.9822,4.9977,2.5941,2.2719,4.7839,2.3229,2.2461,3.7482,1.3557,1.5935,3.8823,2.2396,2.6622,4.7012,1.9097,1.8637,3.832,0.77557,2.1081,4.0918,1.5943,1.7481,4.2454,2.2703,2.6598,4.7533,1.446,2.3909,3.2619,6.043,2.9136,2.3543,1.8477,1.7825,3.5337,1.8638,2.9112,4.1484,2.1179,1.9631,4.8739,1.2141,2.5905,4.398,1.9732,2.1466,4.8816,1.6082,1.6902,3.9605,1.6075,2.0446,3.3138,1.092,2.6832,3.6285,0.9939,2.7819,3.8546,1.4688,2.4858,3.8964,1.1667,2.7054,3.6607,1.8102,1.6538,4.0703,0.94389,2.4572,2.8375,1.978,2.1385,4.4617,0.32022,2.7397,3.0761,1.0417,1.9302,4.2736,0.98971,2.2989,3.1064,1.6965,2.4103,4.6046,0.95203,2.033,2.8694,0.72359,1.9638,2.7399,1.5949,1.6756,3.9656,0.9643,2.4424,2.8799,1.3382,1.5721,3.8492,2.7283,2.5714,4.6075,1.0765,2.2032,3.5758,1.1822,2.7177,3.7001,1.9779,1.9818,4.5099,1.0299,1.9423,4.2606,1.875,1.6903,3.474,1.6625,2.5455,3.997,2.1381,2.5347,4.8691,2.0902,2.409,3.6347,1.3186,3.0227,3.5293,1.4589,1.4992,4.1938,0.63127,2.9842,3.6461,1.6095,1.6564,4.2053,0.72968,1.9848,2.7339,0.73315,2.1996,3.9781,2.6415,2.579,4.5166,2.0432,2.0887,3.4093,1.4505,2.8102,3.5907,1.0539,2.2962,3.5526,2.5723,2.0594,4.5668,1.4617,1.7137,4.4258,1.5598,2.5712,3.6223,2.0578,2.374,4.1227,2.634,2.3353,4.9137,0.54872,2.5225,3.0731
1789.1,0.13297,123.87,15.775,0.16078,685.12,1.4548,1.7983,4.1113,1.2751,2.2471,4.2566,1.1527,1.9359,4.249,2.4421,2.6312,4.2875,0.85898,2.0138,4.2971,1.5167,2.5742,3.8984,3.2488,2.8269,6.1183,1.1375,1.9375,4.2473,1.7382,1.6079,4.2125,1.3035,2.2273,4.3212,0.82043,2.0533,4.2057,2.989,2.8303,4.5671,5.5005,2.6773,1.2325,1.34,2.6885,3.7246,0.88263,2.1341,2.9927,2.5491,2.1468,4.5958,1.4538,1.6255,3.9331,0.62956,2.6366,3.7866,2.0468,1.7655,3.5203,1.0913,2.3851,3.202,0.13358,2.3067,3.371,1.7589,1.677,3.4175,1.8781,2.7238,4.1365,1.7957,1.7306,3.4174,1.4344,1.6027,3.9612,0.38649,2.1759,3.1241,2.1168,2.4086,4.4878,1.4597,1.7043,3.2061,0.82781,1.9539,2.7531,3.2294,2.8352,6.0634,2.0578,1.8018,3.5247,1.0733,2.7229,2.9816,1.8425,2.5938,4.0677,0.6809,1.946,2.8142,1.0531,2.4091,3.1362,1.9341,1.9235,4.5527,1.7347,1.6219,3.9005,0.52083,2.1975,3.7672,1.1895,2.5646,3.7605,0.90361,2.1329,3.1614,2.6824,2.3631,4.4632,2.1796,2.2299,4.8041,1.5173,1.6796,3.9578,1.909,1.9296,4.5277,1.5196,2.2182,3.2468,0.72028,2.1825,3.0299,2.4637,2.4408,4.4283,1.8828,2.598,4.7177,1.8258,2.6066,4.6725,2.6747,2.3933,4.5007,1.2747,2.5531,3.8665,1.767,2.2755,4.3861,1.8535,2.9769,3.7767,0.62911,2.4746,2.5893,1.4935,2.1108,4.6457,2.0453,2.9995,3.9682,0.3034,2.4106,3.3132,1.665,1.5738,4.0679,0.66777,2.0761,3.0168,2.261,2.2656,4.6757,0.7801,2.5439,3.2133,0.90495,2.1488,3.1426,6.2061,2.8857,1.7386,2.0691,2.0481,4.7031,2.6543,2.4054,4.4885,2.5472,2.2671,5.0393,1.9384,2.6358,4.227,1.0803,1.7494,4.0264,4.6585,2.8487,0.5184,0.82421,2.1315,2.9854,1.3113,2.0907,4.3611,1.017,2.1284,3.4413,2.1103,2.6695,4.3465,1.7409,1.5354,4.1251,1.2657,2.5325,3.1578,0.78938,2.4948,3.7178,2.0861,1.8567,3.6621,1.5359,2.4773,3.4353,1.5957,2.5803,3.6358,1.6081,1.5973,4.2432,1.8996,2.6707,4.3445,1.983,2.6757,4.4534,3.5353,2.7479,4.5385,1.7431,1.524,4.1181,1.8017,2.0021,3.4655,2.0486,2.9297,4.864,1.2529,2.5408,3.2117,2.5873,2.4374,4.9167,1.0937,2.6209,4.033,1.5437,2.4587,3.4544,1.113,1.8487,4.0622,1.6881,1.5419,4.0529,1.7643,1.9962,3.4078,0.26446,2.9144,3.325,2.9446,2.2976,4.6914,1.2999,1.9487,4.227,1.336,2.6364,3.5004,1.4064,2.467,3.3491,1.8888,1.9065,3.6422,1.9413,2.4872,4.0507,1.0273,2.3015,3.1486,2.5482,1.9876,5.1499,1.2687,2.6391,3.4204,1.346,2.4975,3.2818,0.42926,2.9127,3.4742,0.62313,1.8616,2.7604,1.6267,1.98,4.5272,1.4579,1.7775,4.1508,5.2771,2.8544,1.5845,0.80964,2.0893,2.8273,1.0865,2.6629,4.0531,2.2571,2.5109,3.5975,2.5132,2.3938,4.8157,2.9189,2.651,4.6147,2.1062,2.5007,4.4525,2.3647,2.1672,4.2824,0.73485,2.0951,3.235,0.52767,2.4243,3.0957,0.58723,2.141,3.6982,2.3813,2.4165,4.511,0.92878,2.4251,3.0334,1.2317,1.6274,4.2701,1.6565,2.0357,3.4002,5.9927,2.6577,1.7299,3.4512,2.906,0.18406,0.85657,2.3847,3.0633,1.6735,1.6105,4.0571,1.518,1.9031,3.1726,0.78415,2.4307,2.943,2.1489,2.3201,4.8264,1.2278,2.5639,3.1828,1.0206,1.9493,3.5055,0.4152,1.9758,3.308,1.7398,2.0105,3.3809,2.3913,2.1556,4.2563,2.2239,2.1359,5.0078,1.2512,1.6551,3.8469,0.70366,1.9771,2.7978,2.2322,2.1575,5.0458,2.3899,2.2545,4.5858,1.5792,2.4482,3.9681,4.4503,2.8763,0.37774,1.9599,2.4439,4.0294,0.80933,1.9455,4.1145,1.3472,2.6395,4.3017,3.7998,2.7975,0.08331,1.5559,1.6688,3.3044,0.22161,2.2977,3.2639,5.0924,2.8819,1.0531,0.71058,2.726,3.4247,1.3802,2.5362,3.0427,2.1698,2.0804,4.9172,1.4651,2.0202,4.4168,1.5283,1.6309,3.3162,1.4198,2.9094,3.3765,0.60874,2.407,2.939,0.88366,2.4372,3.038,0.24461,2.5995,3.3312,1.6645,2.3391,4.1937,0.622,2.4208,2.8865,1.0024,2.294,3.5693,1.3938,1.7606,4.2769,0.31844,2.3319,3.3596,1.526,1.595,3.3057,0.59231,2.4094,2.9267,3.3699,2.8531,0.045977,1.9215,2.5572,3.9948,2.057,2.2002,4.6637,2.3568,2.7606,4.956,1.9171,1.8836,3.833,1.2887,1.7193,3.721,2.2046,2.1081,4.9834,1.3564,2.5977,3.8998,1.0594,3.0532,2.8838,4.7847,2.9081,0.48633,1.3924,2.7086,4.4413,1.9274,1.8982,3.8751,1.348,2.6502,2.9878,0.65227,2.7301,3.2914,1.0435,2.89,4.2242,0.79202,2.5351,2.7609,0.67811,2.0288,2.9075,0.53049,2.4155,3.3639,1.5593,2.1668,4.3228,1.52,2.719,4.5377,0.52439,2.0008,2.955,2.0057,1.8273,3.7947,1.1845,1.7595,3.7084,2.2249,2.6537,4.6583,1.3469,1.6488,4.101,1.3362,2.1471,3.1405,0.59142,2.024,2.9867,0.54303,2.4206,2.6836,1.6762,2.3798,4.2041,2.2449,2.6413,4.718,0.55071,2.0279,2.9354,1.5799,1.6797,3.3507,0.32696,3.058,2.1934,0.68668,2.5544,2.6772,3.1085,2.7397,6.1213,0.20634,2.8836,2.9032,4.713,2.9037,0.41647,2.2605,2.3307,3.5736,1.2665,3.0134,4.1005,1.2769,2.4041,3.4272,1.039,3.047,3.8797,2.3106,2.2288,3.7182,1.1766,1.7278,3.708,2.4401,2.3663,4.5963,2.488,2.6997,4.0704,1.3478,2.6714,4.3762,1.9085,1.8292,3.8194,1.2245,2.6779,3.7404,2.3037,2.4295,4.8557,1.6161,2.5599,3.4885,2.1641,2.2503,4.1407,0.75643,1.9383,3.3118,2.2217,2.4169,3.6332,2.2396,2.387,3.5938,2.2526,1.9843,5.0009,2.5911,2.2708,4.7834,2.3204,2.2473,3.7452,1.3543,1.5945,3.8837,2.2288,2.6581,4.687,1.9109,1.8586,3.8283,0.77588,2.1059,4.0989,1.5936,1.744,4.2446,2.2621,2.6563,4.7428,1.446,2.3915,3.2622,6.0493,2.9152,2.3625,1.8485,1.7818,3.5365,1.8592,2.9043,4.1415,2.1239,1.9638,4.8798,1.2187,2.5912,4.4045,1.9785,2.1473,4.8832,1.6079,1.6849,3.9604,1.6083,2.0473,3.3107,1.0937,2.6797,3.6291,0.99583,2.7801,3.8539,1.4732,2.4893,3.9002,1.1678,2.7018,3.6596,1.8083,1.6473,4.0695,0.94535,2.4575,2.8406,1.9835,2.1434,4.4675,0.33375,2.7353,3.0889,1.0386,1.9285,4.2737,0.99031,2.2979,3.1094,1.7007,2.4117,4.606,0.94994,2.0309,2.8698,0.72276,1.963,2.7395,1.594,1.6703,3.9655,0.96615,2.4418,2.8854,1.3355,1.5702,3.8503,2.7277,2.5709,4.6083,1.0753,2.2084,3.5718,1.1851,2.7136,3.7022,1.9781,1.9821,4.5127,1.0274,1.9411,4.261,1.8767,1.692,3.4757,1.6623,2.5481,3.9967,2.1395,2.534,4.8659,2.086,2.4111,3.6296,1.3295,3.0192,3.5391,1.4596,1.5017,4.1916,0.62802,2.9835,3.644,1.6096,1.6519,4.2041,0.72909,1.9841,2.7339,0.7356,2.2004,3.98,2.6394,2.5778,4.5168,2.0469,2.0864,3.409,1.4547,2.8042,3.5956,1.0506,2.3034,3.5462,2.5758,2.0636,4.5744,1.4599,1.7126,4.4267,1.5582,2.5704,3.6263,2.0582,2.3788,4.1264,2.6314,2.3338,4.9102,0.55422,2.5228,3.0787
1789.1,0.13297,123.87,15.775,0.16971,702.65,1.4516,1.7949,4.1092,1.2768,2.2477,4.2599,1.1485,1.9332,4.2483,2.4397,2.6299,4.288,0.85856,2.0125,4.2998,1.5168,2.5776,3.8986,3.2608,2.8252,6.1332,1.1333,1.9346,4.2479,1.7381,1.6024,4.2101,1.3042,2.227,4.3266,0.81896,2.0529,4.2059,2.9929,2.8299,4.5696,5.4917,2.6707,1.2229,1.3415,2.6838,3.7258,0.8786,2.1333,2.9906,2.5536,2.1514,4.6047,1.452,1.624,3.9343,0.62662,2.64,3.7796,2.0494,1.7653,3.5229,1.0874,2.3838,3.2035,0.12564,2.3078,3.3594,1.7575,1.6764,3.4192,1.8711,2.7194,4.1281,1.7965,1.7323,3.4187,1.433,1.5999,3.9625,0.38691,2.1771,3.1214,2.1193,2.4096,4.4905,1.4584,1.7058,3.2061,0.82733,1.9558,2.7532,3.2428,2.8341,6.078,2.0616,1.8028,3.528,1.0779,2.7233,2.9882,1.8442,2.5945,4.0717,0.68307,1.9489,2.8154,1.0513,2.4073,3.1394,1.9365,1.9234,4.5563,1.7373,1.6196,3.9018,0.52237,2.1968,3.7696,1.1919,2.5687,3.763,0.89926,2.1353,3.157,2.6894,2.3655,4.4713,2.1855,2.2328,4.8102,1.5197,1.6804,3.9599,1.911,1.9304,4.53,1.5212,2.2194,3.2456,0.71447,2.1872,3.0219,2.4662,2.4438,4.4344,1.8791,2.5986,4.7066,1.8214,2.607,4.6624,2.6836,2.3975,4.5144,1.2742,2.5557,3.8629,1.7728,2.2785,4.3913,1.848,2.9726,3.7706,0.63511,2.4752,2.5947,1.489,2.1143,4.6448,2.0451,2.9954,3.9668,0.29992,2.4111,3.3089,1.6654,1.5721,4.0671,0.66563,2.0777,3.0133,2.2612,2.2663,4.6758,0.78436,2.5399,3.2221,0.90097,2.1515,3.1378,6.1988,2.8848,1.7299,2.0753,2.0519,4.7106,2.6617,2.4094,4.5004,2.5433,2.2635,5.0329,1.9335,2.6267,4.2218,1.0802,1.7445,4.0302,4.6595,2.8407,0.51845,0.82141,2.132,2.983,1.3122,2.0905,4.3658,1.0144,2.1312,3.4378,2.1031,2.6653,4.3381,1.7433,1.5319,4.1235,1.2709,2.5315,3.1604,0.79133,2.4978,3.7149,2.0881,1.8533,3.6586,1.5328,2.4798,3.4345,1.5947,2.5824,3.6404,1.6056,1.5958,4.2425,1.8926,2.6633,4.3354,1.9793,2.6689,4.4493,3.5453,2.7451,6.0144,1.7457,1.5208,4.1159,1.8079,2.0019,3.4676,2.0457,2.9296,4.8616,1.2569,2.5405,3.2166,2.5853,2.4371,4.9133,1.0957,2.6216,4.0294,1.5413,2.4603,3.4545,1.1092,1.8492,4.0614,1.6902,1.5391,4.0515,1.7684,1.9952,3.4068,0.26542,2.9125,3.3262,2.9477,2.2964,4.6959,1.2987,1.9486,4.2283,1.339,2.635,3.5076,1.4038,2.4681,3.3503,1.8921,1.9025,3.6389,1.942,2.4932,4.0553,1.024,2.3023,3.1472,2.5481,1.9853,5.15,1.2704,2.6378,3.4264,1.3401,2.4991,3.2793,0.43568,2.9103,3.4804,0.62061,1.8633,2.7536,1.621,1.9781,4.5293,1.4577,1.7738,4.1518,5.2639,2.8512,1.5704,0.80845,2.0884,2.8283,1.0883,2.6655,4.0509,2.2632,2.5081,3.5973,2.5072,2.3904,4.8068,2.9273,2.6476,4.6217,2.105,2.5007,4.4502,2.3664,2.1718,4.2887,0.73066,2.1014,3.2259,0.53886,2.4218,3.1078,0.5868,2.1408,3.6979,2.3815,2.4138,4.5156,0.93946,2.4222,3.0443,1.2295,1.6304,4.268,1.6537,2.0364,3.3971,5.9786,2.6547,1.7148,3.4602,2.9037,0.19417,0.85727,2.3818,3.0686,1.674,1.6088,4.0558,1.5195,1.905,3.1725,0.7845,2.4295,2.9457,2.149,2.3183,4.821,1.2312,2.5644,3.1876,1.0213,1.9481,3.5057,0.40793,1.9764,3.3117,1.7421,2.0093,3.3772,2.3928,2.1606,4.2612,2.2279,2.1339,5.0085,1.2485,1.6512,3.8482,0.70444,1.9772,2.7994,2.2365,2.1567,5.048,2.3936,2.2577,4.5922,1.5795,2.4544,3.9679,4.4585,2.87,0.38711,1.9607,2.4505,4.0321,0.80786,1.9455,4.1134,1.3565,2.6428,4.3055,3.8132,2.7944,0.097848,1.558,1.6729,3.3056,0.21752,2.2974,3.257,5.0927,2.8754,1.0556,0.71507,2.7229,3.4292,1.3842,2.5375,3.0438,2.1731,2.0775,4.9163,1.4634,2.0151,4.4201,1.5284,1.6307,3.3178,1.4215,2.9088,3.3761,0.6167,2.4046,2.9504,0.88227,2.436,3.0408,0.24449,2.5986,3.3289,1.6684,2.3443,4.1984,0.63007,2.4197,2.8948,0.99864,2.3013,3.5629,1.3937,1.7585,4.2754,0.31857,2.3327,3.3579,1.5259,1.5936,3.3069,0.59887,2.4076,2.9363,3.385,2.8515,0.047488,1.9173,2.5558,3.9936,2.0615,2.2005,4.6673,2.3407,2.7587,4.9366,1.9183,1.8779,3.8293,1.2883,1.7147,3.7227,2.2078,2.1055,4.9836,1.3545,2.5948,3.8946,1.0521,3.0523,2.8758,4.7887,2.9036,0.4902,1.3986,2.709,4.4453,1.9292,1.8952,3.8753,1.3529,2.6513,2.9945,0.66236,2.7278,3.3034,1.0502,2.8887,4.2302,0.80264,2.5362,2.7695,0.67825,2.0332,2.9054,0.5307,2.416,3.3618,1.5593,2.1652,4.328,1.5318,2.7196,4.546,0.51926,2.003,2.9464,2.0069,1.8243,3.7942,1.1838,1.7544,3.7119,2.2189,2.6508,4.6486,1.3448,1.6533,4.0971,1.3331,2.1461,3.1388,0.58881,2.0273,2.9805,0.5473,2.4189,2.6899,1.6814,2.3876,4.2082,2.2366,2.6372,4.7069,0.54666,2.0301,2.9279,1.5807,1.6786,3.3521,0.31096,3.0586,2.1748,0.69006,2.5572,2.6795,3.1213,2.738,6.1355,0.22367,2.8835,2.9231,4.7172,2.8994,0.42116,2.2583,2.3265,3.5663,1.2714,3.0091,4.1073,1.2691,2.4089,3.4216,1.0421,3.0452,3.8859,2.3079,2.2286,3.7139,1.1752,1.7206,3.7121,2.4403,2.3673,4.5971,2.4823,2.7016,4.0718,1.3516,2.6712,4.3769,1.9093,1.8222,3.8161,1.2278,2.6733,3.7432,2.2999,2.4275,4.8467,1.6151,2.5584,3.4965,2.1644,2.2548,4.1443,0.75399,1.9411,3.3074,2.2158,2.4177,3.627,2.2341,2.3856,3.585,2.2562,1.9863,5.0039,2.5882,2.2698,4.7828,2.3178,2.2485,3.7424,1.353,1.5953,3.885,2.2182,2.6538,4.673,1.9122,1.8535,3.8246,0.77622,2.1036,4.1058,1.593,1.7399,4.2439,2.2541,2.6528,4.7325,1.4462,2.3922,3.2624,6.0558,2.9169,2.3707,1.8495,1.781,3.5392,1.8549,2.8976,4.1349,2.1299,1.9642,4.8855,1.2231,2.5918,4.4108,1.9836,2.148,4.8848,1.6077,1.6799,3.9602,1.6092,2.0502,3.3077,1.0952,2.6765,3.6296,0.99763,2.7784,3.853,1.4774,2.4926,3.904,1.1687,2.6984,3.6585,1.8065,1.6411,4.0687,0.94675,2.4576,2.8437,1.989,2.1483,4.4732,0.34689,2.7307,3.1014,1.0356,1.9268,4.2738,0.99088,2.2971,3.1125,1.7048,2.4129,4.6073,0.94787,2.0288,2.8701,0.72193,1.962,2.7391,1.5932,1.6652,3.9655,0.96787,2.4413,2.8907,1.3329,1.5683,3.8516,2.7271,2.5705,4.6093,1.0742,2.2135,3.5677,1.1879,2.7099,3.7042,1.9783,1.9825,4.5154,1.025,1.9399,4.2616,1.8784,1.6936,3.4773,1.6621,2.5505,3.9964,2.1407,2.5332,4.8628,2.0819,2.4132,3.6246,1.3402,3.0157,3.549,1.4603,1.5043,4.1895,0.62457,2.9829,3.6416,1.6098,1.6477,4.2029,0.72852,1.9833,2.7337,0.738,2.2012,3.9817,2.6373,2.5766,4.5171,2.0506,2.0843,3.4088,1.459,2.7984,3.6006,1.0474,2.3104,3.5399,2.5795,2.0678,4.582,1.4581,1.7118,4.4275,1.5567,2.5695,3.6301,2.0588,2.3836,4.1301,2.6289,2.3324,4.9069,0.55953,2.5231,3.0842
1789.1,0.13297,123.87,15.775,0.17864,720.43,1.4486,1.7915,4.1073,1.2787,2.2482,4.2633,1.1445,1.9304,4.2474,2.4374,2.6285,4.2885,0.8581,2.0113,4.3025,1.5169,2.5808,3.8988,3.2726,2.8233,6.1477,1.1291,1.9317,4.2484,1.7379,1.5972,4.2078,1.3047,2.2266,4.3319,0.81758,2.0526,4.2064,2.9967,2.8294,4.5719,5.4832,2.664,1.2143,1.3427,2.6796,3.7266,0.8746,2.1324,2.9886,2.5583,2.1561,4.6134,1.4501,1.6227,3.9354,0.62344,2.6434,3.7723,2.0522,1.765,3.5256,1.0832,2.3829,3.2044,0.11764,2.3089,3.3478,1.7561,1.6756,3.4211,1.865,2.7154,4.1206,1.7974,1.7341,3.4201,1.4316,1.5971,3.9637,0.38741,2.1783,3.1189,2.1216,2.4104,4.4931,1.4572,1.7073,3.2061,0.82676,1.9574,2.7533,3.2564,2.8331,6.0928,2.0656,1.8037,3.5313,1.0826,2.7238,2.9946,1.8461,2.5952,4.0757,0.68512,1.9517,2.8168,1.0492,2.4056,3.1424,1.9389,1.9234,4.5597,1.7398,1.6173,3.9031,0.5241,2.196,3.7722,1.1943,2.5725,3.7656,0.89507,2.1376,3.1529,2.6961,2.3678,4.4791,2.1913,2.2355,4.8163,1.5221,1.6811,3.9617,1.9131,1.9312,4.5323,1.5228,2.2206,3.2446,0.709,2.1916,3.0145,2.4685,2.4467,4.4401,1.8753,2.5992,4.6954,1.8171,2.6073,4.6524,2.6926,2.4013,4.5279,1.2736,2.5582,3.8593,1.7787,2.2814,4.3964,1.8428,2.9683,3.7648,0.64091,2.4757,2.5999,1.4845,2.1178,4.6437,2.0448,2.9911,3.9654,0.29652,2.4116,3.3046,1.6658,1.5706,4.0662,0.66355,2.0791,3.0099,2.2614,2.267,4.6758,0.7882,2.5361,3.2305,0.89731,2.154,3.1334,6.1919,2.8838,1.7219,2.0816,2.0557,4.7179,2.669,2.4131,4.512,2.5398,2.26,5.027,1.9293,2.6185,4.2174,1.0802,1.7398,4.0341,4.6605,2.8331,0.51857,0.81872,2.1325,2.9806,1.3132,2.0903,4.3704,1.0118,2.1341,3.4344,2.0961,2.661,4.3302,1.7458,1.5284,4.122,1.2761,2.5305,3.1627,0.79329,2.5008,3.7121,2.0901,1.8499,3.6553,1.5298,2.4822,3.4338,1.594,2.5844,3.645,1.6031,1.5947,4.2418,1.886,2.6563,4.3268,1.9759,2.6624,4.4453,3.5554,2.7423,6.2735,1.7483,1.5177,4.1136,1.8143,2.0017,3.4697,2.0426,2.9295,4.859,1.2607,2.5403,3.2213,2.5833,2.4368,4.9099,1.0975,2.6221,4.0257,1.5388,2.4618,3.4549,1.1054,1.8496,4.0605,1.6922,1.5365,4.0501,1.7724,1.9941,3.406,0.26644,2.9106,3.3274,2.9506,2.295,4.7002,1.2974,1.9484,4.2297,1.3418,2.6337,3.5146,1.4014,2.4691,3.3515,1.8952,1.8987,3.6358,1.9428,2.4985,4.06,1.0208,2.3029,3.1458,2.5479,1.9832,5.1499,1.2721,2.6365,3.4325,1.3344,2.5006,3.2768,0.44193,2.908,3.4863,0.61825,1.8648,2.7472,1.6152,1.9761,4.5311,1.4574,1.7703,4.1528,5.251,2.8479,1.5566,0.80725,2.0875,2.8293,1.0897,2.6681,4.0485,2.2691,2.5056,3.5973,2.5017,2.3872,4.7984,2.9356,2.6442,4.6286,2.104,2.5008,4.4482,2.3679,2.1765,4.295,0.72636,2.1074,3.2168,0.54968,2.4194,3.1195,0.58647,2.1406,3.6974,2.382,2.4115,4.5203,0.94973,2.4193,3.0548,1.2271,1.6336,4.2657,1.6509,2.0371,3.3938,5.965,2.6517,1.7003,3.4685,2.9014,0.20346,0.85734,2.3791,3.073,1.6744,1.6072,4.0545,1.521,1.9069,3.1725,0.78477,2.4283,2.9483,2.1493,2.3168,4.816,1.2345,2.5649,3.1923,1.0221,1.9467,3.506,0.40075,1.9772,3.3155,1.7445,2.0079,3.3737,2.3943,2.1656,4.2664,2.232,2.132,5.009,1.2458,1.6475,3.8492,0.70512,1.9773,2.8008,2.2405,2.1557,5.05,2.3973,2.2606,4.5984,1.5798,2.4601,3.9677,4.4667,2.8639,0.39649,1.9617,2.4573,4.0349,0.80646,1.9455,4.1124,1.3656,2.646,4.3088,3.8263,2.7914,0.11203,1.5603,1.6769,3.3068,0.21375,2.2971,3.2505,5.0932,2.8691,1.0584,0.71915,2.7199,3.4332,1.388,2.5389,3.0447,2.1766,2.0746,4.9155,1.4616,2.0102,4.4234,1.5285,1.6305,3.3193,1.423,2.9083,3.3755,0.62433,2.4024,2.9614,0.88083,2.4349,3.0435,0.24431,2.5976,3.3265,1.6723,2.3495,4.203,0.63793,2.4186,2.9029,0.99468,2.3085,3.5563,1.3936,1.7565,4.2738,0.31866,2.3336,3.3562,1.5259,1.5922,3.3082,0.60518,2.4061,2.9457,3.3994,2.8497,0.064478,1.9132,2.5544,3.9924,2.0662,2.2008,4.6707,2.3249,2.7566,4.9176,1.9196,1.8723,3.8256,1.2879,1.71,3.7242,2.2111,2.1028,4.9838,1.3526,2.5921,3.8896,1.0447,3.0515,2.8676,4.7925,2.899,0.49415,1.4044,2.7094,4.4489,1.931,1.8923,3.8755,1.3578,2.6523,3.0013,0.6718,2.7254,3.3144,1.0567,2.8872,4.236,0.81299,2.5372,2.778,0.67851,2.0375,2.9036,0.53096,2.4167,3.3599,1.5593,2.1633,4.3332,1.5431,2.7202,4.554,0.5143,2.005,2.9379,2.0083,1.8214,3.7936,1.1829,1.7494,3.7154,2.2135,2.6482,4.6398,1.3426,1.6577,4.0933,1.3301,2.145,3.1369,0.58618,2.0303,2.9743,0.55156,2.4173,2.6961,1.6865,2.3952,4.2122,2.2288,2.6332,4.696,0.54285,2.0321,2.9208,1.5814,1.6776,3.3536,0.29464,3.0591,2.1559,0.69313,2.5601,2.6815,3.1339,2.7363,6.1496,0.24077,2.8833,2.9427,4.7212,2.8952,0.426,2.2564,2.3224,3.5592,1.2755,3.0048,4.1133,1.2619,2.4132,3.4165,1.0445,3.0433,3.8913,2.3053,2.2286,3.7096,1.1737,1.7133,3.7162,2.4403,2.3683,4.598,2.4766,2.7033,4.0733,1.3552,2.6709,4.3774,1.9101,1.8153,3.8131,1.231,2.6689,3.7457,2.2966,2.4257,4.8384,1.6137,2.5571,3.5041,2.1649,2.2593,4.1481,0.75152,1.944,3.3029,2.21,2.4185,3.6208,2.2288,2.384,3.5761,2.2594,1.988,5.0066,2.5853,2.2688,4.7823,2.3152,2.2499,3.7396,1.3517,1.5963,3.8862,2.208,2.6494,4.6595,1.9135,1.8485,3.8211,0.77658,2.1015,4.1126,1.5921,1.7361,4.243,2.2464,2.6495,4.7224,1.4463,2.3927,3.2627,6.0622,2.9184,2.3789,1.8505,1.7802,3.5418,1.851,2.8909,4.1288,2.1358,1.9647,4.8909,1.2271,2.5923,4.4169,1.9888,2.1489,4.8863,1.6075,1.675,3.96,1.6103,2.053,3.3048,1.0966,2.6736,3.6299,0.99927,2.7768,3.852,1.4817,2.4956,3.9079,1.1696,2.6951,3.6572,1.8046,1.6351,4.0678,0.94812,2.4579,2.8466,1.9947,2.1532,4.479,0.35969,2.726,3.1135,1.0325,1.9251,4.2739,0.99141,2.2962,3.1154,1.7089,2.4141,4.6086,0.94579,2.0268,2.8704,0.72111,1.9612,2.7386,1.5924,1.6605,3.9654,0.96946,2.4409,2.8959,1.3302,1.5663,3.8528,2.7265,2.5701,4.61,1.0729,2.2186,3.5634,1.1905,2.7061,3.7062,1.9786,1.9829,4.5183,1.0226,1.9387,4.2621,1.8801,1.695,3.479,1.6619,2.5528,3.996,2.1421,2.5325,4.8598,2.0776,2.4154,3.6194,1.3509,3.0121,3.5589,1.461,1.5068,4.1875,0.62098,2.9824,3.639,1.61,1.6437,4.2016,0.72795,1.9825,2.7336,0.74037,2.2022,3.9835,2.6353,2.5756,4.5175,2.0544,2.0821,3.4086,1.4631,2.793,3.6058,1.0441,2.3173,3.5336,2.5831,2.0721,4.5897,1.4564,1.711,4.4285,1.5554,2.569,3.634,2.0593,2.3883,4.1339,2.6265,2.331,4.9038,0.56471,2.5235,3.0895
1789.1,0.13297,123.87,15.775,0.18758,737.4,1.4455,1.7881,4.1054,1.2807,2.2488,4.2666,1.1405,1.928,4.2466,2.4351,2.6272,4.2891,0.85761,2.0102,4.305,1.517,2.5839,3.899,3.284,2.8214,6.1617,1.1249,1.929,4.2489,1.7379,1.5921,4.2054,1.3052,2.2263,4.3371,0.81626,2.0523,4.2068,3.0003,2.8289,4.5741,5.4752,2.6574,1.2061,1.3436,2.676,3.7271,0.87064,2.1315,2.9866,2.5628,2.1604,4.622,1.4482,1.6212,3.9366,0.62025,2.6466,3.7651,2.0549,1.7646,3.5282,1.0787,2.3819,3.2049,0.10967,2.3098,3.3362,1.7548,1.6748,3.4229,1.8595,2.7115,4.114,1.7983,1.7357,3.4214,1.4303,1.5947,3.9648,0.38791,2.1794,3.1165,2.1238,2.4113,4.4955,1.4559,1.7089,3.2061,0.82609,1.9589,2.7533,3.2703,2.8319,6.1078,2.0697,1.8044,3.5348,1.0873,2.7242,3.0011,1.848,2.596,4.0797,0.68704,1.9545,2.8179,1.0471,2.4038,3.1451,1.9413,1.9233,4.5633,1.7422,1.6152,3.9043,0.52593,2.1952,3.7748,1.197,2.5762,3.7685,0.89099,2.1399,3.1488,2.7026,2.37,4.4865,2.1972,2.2383,4.8225,1.5245,1.6818,3.9635,1.9153,1.9319,4.5347,1.5243,2.2217,3.2435,0.70367,2.1959,3.0074,2.4709,2.4495,4.4461,1.8714,2.5999,4.6841,1.813,2.6077,4.6426,2.7018,2.4049,4.5415,1.273,2.5607,3.8557,1.7847,2.2843,4.4016,1.8378,2.9642,3.7594,0.64651,2.4764,2.6049,1.4798,2.1214,4.6425,2.0446,2.987,3.9639,0.29319,2.412,3.3005,1.6663,1.5691,4.0653,0.6615,2.0804,3.0067,2.2614,2.2677,4.6756,0.7918,2.5322,3.2386,0.89389,2.1563,3.1292,6.1856,2.8829,1.7143,2.088,2.0593,4.7253,2.6762,2.4166,4.5234,2.5364,2.2564,5.0212,1.9257,2.6107,4.2135,1.0801,1.735,4.038,4.6613,2.8257,0.51882,0.81613,2.1329,2.9786,1.3143,2.0901,4.3749,1.0093,2.1369,3.4309,2.0895,2.6569,4.3226,1.7482,1.5247,4.1204,1.2811,2.5297,3.165,0.79528,2.5036,3.7093,2.0921,1.8466,3.652,1.5269,2.4848,3.4332,1.5934,2.5864,3.6498,1.6007,1.5938,4.241,1.8798,2.6493,4.3185,1.9728,2.6561,4.4416,3.5654,2.7393,0.030193,1.7508,1.5146,4.1112,1.8207,2.0013,3.4719,2.0394,2.9294,4.8561,1.2644,2.5401,3.2257,2.5812,2.4365,4.9067,1.0993,2.6226,4.0221,1.5365,2.4634,3.4552,1.1018,1.8498,4.0596,1.6943,1.534,4.0487,1.7766,1.993,3.4052,0.26767,2.9087,3.3287,2.9535,2.2937,4.7042,1.2961,1.9483,4.2312,1.3445,2.6325,3.5216,1.3989,2.4701,3.3528,1.8984,1.895,3.6327,1.9436,2.5038,4.0647,1.0176,2.3036,3.1445,2.5477,1.9813,5.1499,1.2739,2.6353,3.4384,1.3287,2.5022,3.2743,0.44802,2.9056,3.492,0.61598,1.8663,2.741,1.6094,1.9742,4.5324,1.4572,1.7669,4.1536,5.2385,2.8447,1.5431,0.80607,2.0866,2.8301,1.0912,2.6708,4.0461,2.2752,2.5031,3.5977,2.4964,2.384,4.7903,2.9439,2.6407,4.6354,2.1032,2.5009,4.4462,2.3697,2.1811,4.3014,0.72182,2.1134,3.2075,0.56033,2.417,3.1309,0.58626,2.1405,3.697,2.3828,2.4096,4.525,0.95994,2.4166,3.0652,1.2248,1.6368,4.2633,1.6481,2.0377,3.3906,5.9517,2.6485,1.6861,3.4762,2.8991,0.2121,0.85697,2.3767,3.0769,1.6749,1.6056,4.0532,1.5225,1.9089,3.1725,0.78498,2.4271,2.9508,2.1497,2.3151,4.811,1.2376,2.5656,3.1969,1.0229,1.9453,3.5064,0.39341,1.9784,3.3193,1.747,2.0064,3.3701,2.3961,2.1705,4.2716,2.2359,2.13,5.0097,1.2431,1.6438,3.85,0.70569,1.9773,2.8021,2.2444,2.1547,5.052,2.4009,2.2637,4.6044,1.58,2.4659,3.9674,4.4746,2.8579,0.40574,1.9625,2.464,4.0378,0.80511,1.9456,4.1114,1.3744,2.6491,4.3121,3.8391,2.7884,0.12603,1.5627,1.6811,3.3081,0.21014,2.2969,3.2442,5.0938,2.8627,1.0613,0.72295,2.7169,3.437,1.3915,2.5404,3.0454,2.1802,2.0718,4.9148,1.4597,2.0051,4.4267,1.5285,1.6302,3.3208,1.4246,2.9078,3.375,0.6318,2.4001,2.9722,0.87931,2.4337,3.046,0.24398,2.5967,3.324,1.6763,2.3546,4.2077,0.64557,2.4175,2.9108,0.99061,2.3158,3.5497,1.3935,1.7545,4.2722,0.31872,2.3343,3.3546,1.5257,1.5909,3.3095,0.61123,2.4046,2.9547,3.4135,2.8479,0.079981,1.9092,2.5531,3.9914,2.0708,2.2011,4.6743,2.3095,2.7545,4.8988,1.9207,1.8665,3.822,1.2875,1.7056,3.7258,2.2143,2.1002,4.984,1.3507,2.5894,3.8848,1.0371,3.0506,2.8593,4.7962,2.8945,0.49811,1.41,2.7097,4.4525,1.933,1.8893,3.8756,1.3626,2.6533,3.0079,0.68065,2.7233,3.3248,1.0634,2.8857,4.242,0.82298,2.5383,2.7862,0.6788,2.0416,2.902,0.53139,2.4172,3.3581,1.5593,2.1614,4.3384,1.554,2.7207,4.5616,0.50943,2.007,2.9296,2.0095,1.8186,3.7932,1.1821,1.7443,3.7189,2.2086,2.6456,4.6317,1.3404,1.662,4.0897,1.3271,2.1439,3.1352,0.58354,2.0331,2.9684,0.55577,2.4158,2.7024,1.6917,2.4026,4.2158,2.2213,2.6293,4.6857,0.53917,2.034,2.914,1.5821,1.6768,3.3551,0.27756,3.0596,2.1363,0.69591,2.5632,2.683,3.1466,2.7344,6.1636,0.2574,2.8831,2.9618,4.7253,2.8913,0.43096,2.2547,2.3182,3.5523,1.279,3.0006,4.1186,1.2547,2.4172,3.4116,1.0456,3.0415,3.8953,2.3028,2.2284,3.7053,1.1722,1.7059,3.7202,2.4404,2.3691,4.5987,2.471,2.7049,4.0748,1.3586,2.6707,4.3777,1.911,1.8084,3.8101,1.2342,2.6645,3.7484,2.2938,2.424,4.8304,1.6124,2.556,3.5115,2.1653,2.2639,4.1519,0.7491,1.947,3.2985,2.2044,2.4192,3.6146,2.2234,2.3825,3.5673,2.2626,1.9896,5.009,2.5824,2.2678,4.7818,2.3125,2.2512,3.7368,1.3504,1.5971,3.8872,2.198,2.645,4.6462,1.9148,1.8434,3.8176,0.77694,2.0992,4.1193,1.5913,1.7322,4.2422,2.2389,2.646,4.7126,1.4466,2.3935,3.2631,6.0688,2.9199,2.3871,1.8517,1.7793,3.5443,1.8473,2.8842,4.1231,2.1416,1.965,4.8963,1.2309,2.5928,4.4228,1.9938,2.1497,4.8878,1.6074,1.6703,3.9599,1.6114,2.0558,3.3021,1.0979,2.6706,3.6301,1.0008,2.7752,3.8508,1.4858,2.4986,3.9119,1.1704,2.6919,3.656,1.8027,1.6293,4.0671,0.94946,2.4582,2.8495,2.0003,2.1578,4.4848,0.37207,2.7214,3.1252,1.0294,1.9234,4.2739,0.99198,2.2954,3.1184,1.7129,2.4152,4.6099,0.94375,2.0249,2.8706,0.72032,1.9604,2.7382,1.5916,1.656,3.9654,0.97096,2.4405,2.901,1.3275,1.5643,3.8541,2.7258,2.5697,4.6108,1.0716,2.2237,3.5593,1.1932,2.7025,3.7082,1.9789,1.9832,4.5211,1.0203,1.9374,4.2628,1.882,1.6965,3.4806,1.6617,2.5551,3.9957,2.1436,2.532,4.857,2.0736,2.4175,3.6143,1.3614,3.0086,3.5685,1.4617,1.5093,4.1856,0.61722,2.9817,3.6363,1.6103,1.6399,4.2004,0.7274,1.9817,2.7336,0.74267,2.2032,3.9852,2.6333,2.5745,4.518,2.058,2.08,3.4085,1.4671,2.7875,3.611,1.0406,2.3241,3.5272,2.5869,2.0762,4.5974,1.4548,1.7106,4.4295,1.554,2.5684,3.6379,2.0599,2.393,4.1376,2.6242,2.3296,4.9008,0.56971,2.5239,3.0946
1789.1,0.13297,123.87,15.775,0.19651,755.14,1.4426,1.7849,4.1035,1.2827,2.2493,4.27,1.1367,1.9254,4.2456,2.4329,2.626,4.2898,0.8571,2.0092,4.3074,1.5171,2.5869,3.8991,3.2952,2.8193,6.1757,1.1209,1.9263,4.2494,1.7378,1.5872,4.2031,1.3057,2.2258,4.3422,0.81502,2.0519,4.2074,3.0037,2.8285,4.5763,5.4678,2.6509,1.1988,1.3444,2.6729,3.7273,0.86675,2.1305,2.9846,2.5672,2.1646,4.6303,1.4462,1.62,3.9377,0.61685,2.6499,3.7576,2.0577,1.7641,3.5309,1.074,2.3812,3.2049,0.10166,2.3108,3.3246,1.7533,1.6738,3.4248,1.8544,2.7078,4.1082,1.799,1.7372,3.4227,1.4289,1.5925,3.9657,0.38847,2.1804,3.1141,2.126,2.4119,4.4978,1.4546,1.7104,3.206,0.82536,1.9601,2.7534,3.2844,2.8306,6.1232,2.0739,1.8052,3.5381,1.0919,2.7248,3.0076,1.85,2.5966,4.0839,0.68884,1.957,2.819,1.0447,2.4023,3.1476,1.9439,1.9233,4.5667,1.7445,1.6135,3.9058,0.52793,2.1942,3.7777,1.1999,2.5795,3.7715,0.88712,2.1421,3.1451,2.7089,2.3721,4.4935,2.2027,2.2408,4.8284,1.5268,1.6823,3.965,1.9175,1.9325,4.5369,1.526,2.2228,3.2424,0.69884,2.1997,3.0012,2.4731,2.452,4.4515,1.8675,2.6005,4.6726,1.809,2.6081,4.6329,2.7107,2.4083,4.555,1.2724,2.5629,3.8523,1.7906,2.2871,4.4066,1.8331,2.9603,3.7542,0.65185,2.4769,2.6097,1.475,2.1248,4.6409,2.0443,2.9828,3.9625,0.28996,2.4122,3.2966,1.6668,1.5676,4.0644,0.65954,2.0816,3.0035,2.2613,2.2683,4.6754,0.7949,2.5284,3.2463,0.89079,2.1584,3.1256,6.1798,2.8818,1.7074,2.0943,2.0629,4.7326,2.6832,2.4197,4.5343,2.5336,2.2529,5.016,1.9228,2.6041,4.2104,1.0801,1.7304,4.0418,4.6621,2.8187,0.51905,0.81365,2.1333,2.9765,1.3155,2.0899,4.3792,1.0067,2.1398,3.4275,2.0832,2.653,4.3155,1.7505,1.5213,4.1189,1.286,2.5288,3.167,0.79727,2.5063,3.7067,2.0942,1.8433,3.6488,1.5241,2.4871,3.4329,1.593,2.5884,3.6549,1.5984,1.5931,4.2404,1.8741,2.6429,4.3107,1.97,2.6502,4.4382,3.5752,2.7364,0.034429,1.7534,1.5114,4.1089,1.827,2.0011,3.4742,2.036,2.9293,4.8531,1.2679,2.5401,3.23,2.5794,2.4362,4.9035,1.1008,2.6231,4.0183,1.5341,2.465,3.4556,1.0981,1.85,4.059,1.6965,1.5316,4.0472,1.7808,1.9918,3.4046,0.26895,2.9067,3.3301,2.9562,2.2922,4.7079,1.2948,1.9481,4.2325,1.3471,2.6315,3.5282,1.3966,2.4712,3.3541,1.9016,1.8913,3.63,1.9444,2.5085,4.0694,1.0145,2.3041,3.1433,2.5472,1.9796,5.1499,1.2756,2.6342,3.4444,1.3232,2.5035,3.272,0.45396,2.9033,3.4975,0.61387,1.8674,2.7352,1.6035,1.9722,4.5333,1.457,1.7635,4.1545,5.2264,2.8414,1.53,0.80487,2.0858,2.831,1.0924,2.673,4.0435,2.2812,2.5008,3.5983,2.4917,2.3811,4.7829,2.9521,2.6374,4.642,2.1024,2.5011,4.4445,2.3714,2.1858,4.3076,0.71722,2.1188,3.1985,0.57042,2.4148,3.1417,0.58614,2.1403,3.6967,2.3839,2.4081,4.5296,0.96946,2.414,3.0748,1.2223,1.64,4.261,1.6453,2.0382,3.3873,5.9391,2.6454,1.6726,3.4831,2.8969,0.21993,0.85601,2.3745,3.0799,1.6753,1.6041,4.052,1.524,1.9107,3.1725,0.78515,2.4259,2.9531,2.1504,2.3136,4.8067,1.2408,2.5663,3.2013,1.0236,1.944,3.5067,0.38625,1.9796,3.3233,1.7494,2.0048,3.3667,2.398,2.1755,4.2772,2.2399,2.1279,5.0103,1.2404,1.6404,3.8507,0.70614,1.9773,2.8032,2.2482,2.1535,5.0538,2.4043,2.2665,4.6103,1.5802,2.4712,3.9669,4.4824,2.852,0.415,1.9636,2.4706,4.0406,0.80385,1.9456,4.1106,1.383,2.6523,4.315,3.8515,2.7853,0.13962,1.5651,1.6853,3.3094,0.20687,2.2965,3.2382,5.0947,2.8566,1.0646,0.72634,2.7141,3.4403,1.3947,2.5417,3.0458,2.1837,2.0692,4.9143,1.4578,2.0001,4.4298,1.5286,1.6299,3.3223,1.4261,2.9073,3.3744,0.63886,2.3979,2.9824,0.8777,2.4327,3.0484,0.24364,2.5958,3.3215,1.6804,2.3597,4.2125,0.65304,2.4166,2.9184,0.9864,2.323,3.5429,1.3934,1.7526,4.2706,0.3187,2.3351,3.3528,1.5256,1.5893,3.3108,0.61704,2.4031,2.9634,3.427,2.8461,0.094603,1.9053,2.5519,3.9903,2.0753,2.2012,4.6776,2.2946,2.7522,4.8804,1.9219,1.8606,3.8186,1.2871,1.7013,3.7272,2.2176,2.0977,4.9842,1.3489,2.5869,3.88,1.0293,3.0499,2.8507,4.7997,2.8901,0.50212,1.4155,2.7098,4.4558,1.9348,1.8864,3.876,1.3674,2.6544,3.0146,0.68886,2.7212,3.3344,1.0698,2.8841,4.2477,0.83273,2.5393,2.7942,0.67921,2.0457,2.9005,0.53186,2.4178,3.3565,1.5594,2.1594,4.3435,1.5645,2.7212,4.5689,0.5048,2.0089,2.9215,2.0108,1.816,3.7928,1.1812,1.7393,3.7222,2.2044,2.6434,4.6244,1.3381,1.6662,4.0861,1.324,2.1428,3.1335,0.58089,2.0357,2.9625,0.55996,2.4143,2.7086,1.6966,2.4098,4.2192,2.2143,2.6256,4.6758,0.53576,2.0355,2.9078,1.5829,1.6759,3.3566,0.26006,3.0602,2.1162,0.69835,2.5665,2.6843,3.1592,2.7324,6.1773,0.2738,2.8827,2.9806,4.7294,2.8876,0.43604,2.2532,2.3143,3.5459,1.2816,2.9966,4.1229,1.2481,2.4207,3.4071,1.046,3.0398,3.8988,2.3003,2.2283,3.701,1.1707,1.6985,3.7243,2.4404,2.3699,4.5993,2.4655,2.7064,4.0764,1.3619,2.6705,4.3779,1.9117,1.8017,3.8074,1.237,2.6606,3.7508,2.2913,2.4225,4.823,1.6109,2.5551,3.5184,2.1659,2.2684,4.1558,0.74667,1.9498,3.2941,2.199,2.42,3.6085,2.2183,2.3808,3.5585,2.2657,1.991,5.0112,2.5796,2.2668,4.7814,2.3098,2.2526,3.734,1.3493,1.5979,3.888,2.1884,2.6407,4.6333,1.9161,1.8384,3.8142,0.77732,2.097,4.1259,1.5905,1.7285,4.2413,2.2316,2.6426,4.703,1.4468,2.3941,3.2636,6.0755,2.9214,2.3955,1.8529,1.7786,3.5466,1.844,2.8777,4.1177,2.1472,1.9654,4.9015,1.2344,2.5933,4.4284,1.9987,2.1507,4.8893,1.6073,1.6659,3.9597,1.6125,2.0584,3.2995,1.099,2.668,3.63,1.0023,2.7737,3.8495,1.4899,2.5012,3.9158,1.171,2.6889,3.6545,1.8008,1.6238,4.0665,0.95079,2.4586,2.8523,2.0059,2.1625,4.4905,0.38404,2.7166,3.1364,1.0264,1.9217,4.2739,0.99251,2.2945,3.1212,1.7169,2.4161,4.6111,0.94171,2.023,2.8706,0.71954,1.9595,2.7377,1.5909,1.6517,3.9654,0.97232,2.4403,2.9058,1.3248,1.5622,3.8553,2.7252,2.5692,4.6114,1.0701,2.2289,3.5551,1.1958,2.6989,3.7102,1.9793,1.9837,4.5238,1.0181,1.9361,4.2635,1.8837,1.6979,3.4823,1.6615,2.5573,3.9952,2.145,2.5314,4.8543,2.0695,2.4197,3.6093,1.3719,3.0049,3.5783,1.4623,1.5116,4.1837,0.61342,2.9811,3.6335,1.6109,1.6363,4.1992,0.72686,1.9811,2.7335,0.74491,2.2043,3.9867,2.6313,2.5735,4.5186,2.0618,2.0778,3.4086,1.4711,2.7825,3.6164,1.0373,2.3306,3.5212,2.5907,2.0803,4.6052,1.4532,1.7102,4.4305,1.5527,2.568,3.6418,2.0605,2.3974,4.1414,2.6221,2.3284,4.898,0.5746,2.5245,3.0996
1789.1,0.13297,123.87,15.775,0.20544,772.26,1.4397,1.7816,4.1016,1.2847,2.2498,4.2734,1.133,1.9231,4.2446,2.4309,2.6248,4.2906,0.85656,2.0083,4.3098,1.5172,2.5898,3.8991,3.3062,2.8172,6.1892,1.117,1.9237,4.2498,1.7378,1.5824,4.2006,1.306,2.2254,4.3472,0.81385,2.0516,4.208,3.0069,2.8279,4.5782,5.4608,2.6446,1.1921,1.3449,2.6702,3.7273,0.86291,2.1295,2.9827,2.5716,2.1686,4.6385,1.4442,1.6189,3.9387,0.6134,2.653,3.75,2.0603,1.7637,3.5335,1.0691,2.3805,3.2045,0.0937,2.3117,3.3131,1.7519,1.6728,3.4266,1.8499,2.7043,4.103,1.7999,1.7387,3.4239,1.4277,1.5905,3.9667,0.38905,2.1813,3.1119,2.1279,2.4127,4.4998,1.4533,1.7121,3.206,0.82454,1.9611,2.7534,3.2988,2.8293,6.1388,2.0781,1.8058,3.5416,1.0965,2.7253,3.014,1.852,2.5973,4.088,0.69049,1.9596,2.82,1.0422,2.4008,3.1498,1.9466,1.9232,4.5702,1.7468,1.6119,3.9071,0.53002,2.1932,3.7807,1.2028,2.5825,3.7746,0.88336,2.1441,3.1415,2.7148,2.374,4.5001,2.2083,2.2432,4.8342,1.5292,1.6826,3.9665,1.9198,1.9331,4.5392,1.5277,2.2239,3.2414,0.69424,2.2035,2.9954,2.4752,2.4546,4.4571,1.8636,2.6013,4.6612,1.8052,2.6084,4.6234,2.7199,2.4114,4.5686,1.2718,2.5652,3.8487,1.7967,2.29,4.4116,1.8287,2.9565,3.7495,0.65702,2.4775,2.6143,1.4701,2.1284,4.639,2.0441,2.9786,3.9611,0.28678,2.4125,3.2927,1.6672,1.5662,4.0635,0.6576,2.0826,3.0006,2.2613,2.269,4.6751,0.79772,2.5246,3.2538,0.8879,2.1604,3.1221,6.1744,2.8807,1.7009,2.1007,2.0664,4.7399,2.6901,2.4225,4.5451,2.531,2.2494,5.0111,1.9202,2.598,4.2076,1.08,1.7259,4.0456,4.6627,2.812,0.51927,0.81127,2.1339,2.9746,1.3166,2.0898,4.3835,1.004,2.1426,3.424,2.0772,2.6491,4.3087,1.753,1.5176,4.1172,1.2908,2.5279,3.1689,0.7993,2.5089,3.7041,2.0962,1.8402,3.6456,1.5215,2.4896,3.4328,1.5928,2.5903,3.6601,1.596,1.5925,4.2397,1.8687,2.6367,4.3032,1.9675,2.6445,4.435,3.5849,2.7335,0.042962,1.7561,1.5084,4.1065,1.8334,2.0006,3.4766,2.0324,2.9292,4.8497,1.2713,2.54,3.2339,2.5775,2.436,4.9003,1.1023,2.6235,4.0144,1.5319,2.4666,3.4562,1.0946,1.8501,4.0583,1.6986,1.5293,4.0459,1.7851,1.9906,3.4042,0.27042,2.9048,3.3315,2.9588,2.2907,4.7115,1.2934,1.9479,4.2339,1.3496,2.6306,3.5348,1.3942,2.4723,3.3554,1.905,1.8877,3.6274,1.9453,2.513,4.074,1.0114,2.3047,3.1422,2.5468,1.978,5.1498,1.2774,2.6331,3.4501,1.3177,2.5049,3.2695,0.45977,2.9009,3.5029,0.61184,1.8685,2.7296,1.5977,1.9703,4.534,1.4569,1.7603,4.1554,5.2147,2.8383,1.5172,0.80372,2.0849,2.8319,1.0934,2.6754,4.0409,2.2871,2.4985,3.5992,2.4873,2.3783,4.7759,2.96,2.6339,4.6483,2.1016,2.5014,4.4427,2.3732,2.1904,4.314,0.71253,2.1241,3.1894,0.5803,2.4127,3.1521,0.58612,2.1403,3.6966,2.3853,2.4067,4.5345,0.97876,2.4115,3.0842,1.2198,1.6434,4.2585,1.6424,2.0386,3.3841,5.9268,2.6422,1.6596,3.4895,2.8947,0.22703,0.85465,2.3725,3.0824,1.6757,1.6027,4.0509,1.5257,1.9126,3.1726,0.78526,2.4247,2.9554,2.1512,2.3121,4.8025,1.2437,2.5671,3.2056,1.0244,1.9425,3.507,0.3793,1.981,3.3271,1.752,2.0031,3.3634,2.4001,2.1804,4.2828,2.2437,2.1259,5.011,1.2377,1.6369,3.8511,0.70649,1.9772,2.8041,2.2519,2.1523,5.0555,2.4077,2.2693,4.6161,1.5803,2.4764,3.9666,4.49,2.8463,0.42412,1.9646,2.4772,4.0435,0.80264,1.9456,4.1097,1.3913,2.6552,4.3177,3.8637,2.7824,0.15295,1.5675,1.6897,3.3107,0.20382,2.2963,3.2324,5.0957,2.8505,1.0679,0.72949,2.7113,3.4432,1.3977,2.5431,3.046,2.1873,2.0665,4.9139,1.4558,1.9951,4.433,1.5286,1.6297,3.3239,1.4276,2.907,3.3736,0.64567,2.3958,2.9923,0.87606,2.4316,3.0506,0.24322,2.5948,3.3188,1.6846,2.3646,4.2172,0.66031,2.4156,2.9259,0.98208,2.3302,3.5359,1.3933,1.7507,4.2689,0.31863,2.3357,3.351,1.5256,1.5877,3.3121,0.62261,2.4018,2.9717,3.4399,2.8442,0.10868,1.9014,2.5509,3.9893,2.0797,2.2013,4.681,2.28,2.7499,4.8623,1.923,1.8548,3.8154,1.2868,1.6971,3.7287,2.2206,2.0952,4.9844,1.3472,2.5845,3.8754,1.0213,3.0492,2.842,4.8031,2.8857,0.50613,1.4207,2.7099,4.4588,1.9368,1.8835,3.8763,1.372,2.6554,3.0212,0.69655,2.7192,3.3434,1.0763,2.8825,4.2535,0.84208,2.5404,2.8019,0.67968,2.0496,2.8994,0.5324,2.4185,3.3548,1.5594,2.1574,4.3486,1.5746,2.7216,4.5758,0.50031,2.0107,2.9137,2.0119,1.8134,3.7925,1.1803,1.7343,3.7256,2.2008,2.6413,4.6177,1.3359,1.6703,4.0826,1.321,2.1416,3.1318,0.57825,2.0381,2.9568,0.56411,2.4127,2.7148,1.7015,2.4168,4.2225,2.2077,2.6219,4.6662,0.53248,2.037,2.9017,1.5836,1.6752,3.3582,0.24205,3.0606,2.0958,0.70048,2.5698,2.6852,3.1715,2.7304,6.1908,0.28974,2.8821,2.999,4.7335,2.8841,0.44121,2.252,2.3104,3.5397,1.2839,2.9927,4.1268,1.2416,2.4238,3.4029,1.0456,3.038,3.9013,2.2978,2.2283,3.6967,1.1691,1.6912,3.7283,2.4404,2.3708,4.5999,2.4601,2.7076,4.0781,1.3649,2.6704,4.3779,1.9125,1.795,3.8048,1.2399,2.6567,3.7532,2.2892,2.4211,4.816,1.6093,2.5543,3.525,2.1665,2.2729,4.1598,0.74429,1.9527,3.2897,2.1936,2.4209,3.6024,2.2131,2.3791,3.5498,2.2685,1.9923,5.0131,2.5768,2.2658,4.7808,2.3071,2.254,3.7312,1.3482,1.5986,3.8888,2.179,2.6362,4.6208,1.9174,1.8335,3.8109,0.7777,2.0949,4.1323,1.5895,1.725,4.2404,2.2245,2.6393,4.6937,1.4471,2.3949,3.2639,6.0822,2.9228,2.4038,1.8542,1.7778,3.5489,1.8411,2.8713,4.1128,2.1527,1.9657,4.9064,1.2378,2.5937,4.4339,2.0034,2.1516,4.8906,1.6072,1.6615,3.9596,1.6138,2.0611,3.297,1.1,2.6654,3.63,1.0035,2.7722,3.8481,1.4938,2.5038,3.9197,1.1717,2.6861,3.6531,1.7989,1.6185,4.0659,0.9521,2.459,2.8551,2.0115,2.167,4.4962,0.39555,2.712,3.1473,1.0233,1.9199,4.2737,0.99306,2.2936,3.124,1.7208,2.417,4.6123,0.93969,2.0211,2.8706,0.71878,1.9587,2.7374,1.5902,1.6478,3.9654,0.97358,2.44,2.9106,1.3222,1.5602,3.8564,2.7243,2.5689,4.6119,1.0686,2.234,3.551,1.1984,2.6954,3.7121,1.9797,1.984,4.5266,1.016,1.9348,4.2641,1.8856,1.6993,3.4839,1.6613,2.5593,3.9948,2.1466,2.5309,4.8517,2.0655,2.4217,3.6043,1.382,3.0012,3.5878,1.4629,1.5141,4.1818,0.60944,2.9804,3.6305,1.6113,1.6329,4.1981,0.72632,1.9803,2.7334,0.74707,2.2054,3.9882,2.6294,2.5726,4.5192,2.0655,2.0758,3.4086,1.475,2.7776,3.6218,1.0338,2.337,3.515,2.5945,2.0843,4.613,1.4517,1.7099,4.4315,1.5516,2.5677,3.6456,2.0613,2.4019,4.1452,2.6201,2.3271,4.8953,0.57934,2.5249,3.1044
1789.1,0.13297,123.87,15.775,0.21437,789.69,1.4369,1.7784,4.0999,1.2869,2.2503,4.2769,1.1294,1.9208,4.2437,2.4288,2.6236,4.2915,0.85599,2.0074,4.3121,1.5173,2.5925,3.8991,3.3169,2.8149,6.2023,1.1132,1.9211,4.2502,1.7379,1.5779,4.1983,1.3062,2.225,4.3521,0.81272,2.0513,4.2087,3.0101,2.8274,4.58,5.4542,2.6384,1.1861,1.3452,2.6678,3.727,0.85912,2.1284,2.9808,2.5758,2.1724,4.6463,1.442,1.6178,3.9398,0.60982,2.656,3.7425,2.0632,1.7631,3.5361,1.0638,2.38,3.2037,0.085746,2.3125,3.3017,1.7505,1.6717,3.4285,1.8457,2.7008,4.0984,1.8007,1.7402,3.4252,1.4264,1.5887,3.9674,0.38966,2.1823,3.1097,2.1299,2.4133,4.5018,1.452,1.7137,3.2059,0.82366,1.962,2.7533,3.3135,2.8278,6.1548,2.0823,1.8063,3.5451,1.1014,2.7259,3.0206,1.854,2.598,4.0921,0.69201,1.962,2.8209,1.0395,2.3994,3.1517,1.9493,1.9231,4.5739,1.7491,1.6104,3.9084,0.53223,2.1921,3.7839,1.2059,2.5854,3.778,0.87977,2.146,3.1381,2.7204,2.3758,4.5062,2.2138,2.2455,4.8399,1.5315,1.6828,3.9678,1.9221,1.9337,4.5414,1.5294,2.2248,3.2406,0.69004,2.2068,2.9904,2.4771,2.4569,4.4624,1.8596,2.602,4.6498,1.8014,2.6087,4.614,2.729,2.4143,4.5821,1.2711,2.5671,3.8453,1.8029,2.2928,4.4166,1.8247,2.9528,3.745,0.66196,2.4782,2.6186,1.465,2.132,4.637,2.0438,2.9744,3.9598,0.28369,2.4126,3.289,1.6676,1.5649,4.0627,0.65573,2.0834,2.9977,2.261,2.2696,4.6746,0.8001,2.5208,3.2607,0.88525,2.1623,3.1191,6.1695,2.8797,1.6949,2.1072,2.0697,4.7471,2.6966,2.425,4.5555,2.5287,2.246,5.0066,1.9182,2.5927,4.2052,1.08,1.7214,4.0494,4.6632,2.8056,0.51938,0.80902,2.1344,2.9729,1.3179,2.0896,4.3877,1.0013,2.1455,3.4205,2.0715,2.6453,4.3023,1.7554,1.514,4.1157,1.2955,2.5271,3.1707,0.80135,2.5115,3.7016,2.0984,1.837,3.6427,1.519,2.4919,3.433,1.5929,2.5922,3.6654,1.5938,1.5922,4.239,1.8637,2.6309,4.296,1.9651,2.639,4.4319,3.5945,2.7305,0.0514,1.7588,1.5052,4.1041,1.8398,2.0003,3.4791,2.0285,2.9289,4.846,1.2746,2.54,3.2377,2.5758,2.4357,4.8973,1.1038,2.6238,4.0105,1.5298,2.4681,3.4567,1.0911,1.85,4.0577,1.7008,1.527,4.0445,1.7893,1.9893,3.4039,0.27198,2.9029,3.333,2.9613,2.2892,4.7149,1.292,1.9476,4.2353,1.352,2.6299,3.5413,1.3919,2.4733,3.3569,1.9083,1.884,3.6249,1.9461,2.5172,4.0785,1.0084,2.3052,3.1411,2.5463,1.9766,5.1497,1.2792,2.6322,3.4558,1.3123,2.5062,3.2673,0.46542,2.8986,3.5081,0.60995,1.8694,2.7243,1.5919,1.9683,4.5343,1.4566,1.7571,4.1562,5.2033,2.835,1.5046,0.80259,2.0842,2.8327,1.0944,2.6775,4.0382,2.2929,2.4962,3.6,2.4833,2.3757,4.7693,2.9677,2.6304,4.6542,2.101,2.5017,4.4412,2.3751,2.1949,4.3203,0.70788,2.129,3.1806,0.58975,2.4105,3.162,0.5862,2.1401,3.6963,2.3869,2.4055,4.5396,0.9875,2.4092,3.0929,1.2173,1.6468,4.256,1.6396,2.0389,3.3808,5.9151,2.6389,1.647,3.4949,2.8926,0.23335,0.8529,2.3707,3.0843,1.6762,1.6014,4.0498,1.5273,1.9144,3.1729,0.78536,2.4234,2.9575,2.1522,2.3106,4.7987,1.2466,2.568,3.2097,1.0251,1.9408,3.5074,0.37276,1.9824,3.331,1.7547,2.0014,3.3603,2.4024,2.1854,4.2888,2.2476,2.1237,5.0116,1.2349,1.6337,3.8514,0.70673,1.9771,2.8049,2.2556,2.151,5.057,2.411,2.272,4.6216,1.5804,2.4813,3.9661,4.4973,2.8407,0.43316,1.9656,2.4838,4.0465,0.80151,1.9456,4.109,1.3994,2.6582,4.3201,3.8754,2.7796,0.1659,1.5701,1.694,3.312,0.20106,2.296,3.2269,5.097,2.8446,1.0715,0.73233,2.7086,3.4458,1.4006,2.5445,3.046,2.1909,2.0639,4.9136,1.4537,1.9903,4.436,1.5288,1.6294,3.3254,1.4291,2.9067,3.3728,0.65209,2.3938,3.0016,0.87439,2.4307,3.0528,0.2428,2.5939,3.3161,1.6886,2.3695,4.2219,0.66745,2.4147,2.9333,0.97765,2.3372,3.5289,1.3931,1.7488,4.2672,0.3185,2.3363,3.3491,1.5254,1.5861,3.3135,0.62795,2.4006,2.9797,3.4523,2.8423,0.12206,1.8975,2.5499,3.9883,2.0842,2.2014,4.6843,2.266,2.7476,4.8448,1.9241,1.8488,3.8123,1.2865,1.693,3.7301,2.2237,2.0928,4.9847,1.3455,2.5822,3.8709,1.0133,3.0486,2.8333,4.8062,2.8813,0.51013,1.4256,2.7098,4.4616,1.9387,1.8806,3.8766,1.3766,2.6563,3.0277,0.70367,2.7172,3.3516,1.0827,2.8808,4.2592,0.85113,2.5414,2.8093,0.68022,2.0535,2.8982,0.53292,2.4193,3.3532,1.5595,2.1552,4.3538,1.5842,2.7219,4.5823,0.49606,2.0124,2.9062,2.0131,1.8109,3.7922,1.1794,1.7294,3.7289,2.1975,2.6392,4.6117,1.3336,1.6742,4.0791,1.3181,2.1404,3.1301,0.57563,2.0404,2.9513,0.56825,2.4111,2.721,1.7061,2.4234,4.2254,2.2015,2.6184,4.6572,0.5294,2.0382,2.8962,1.5842,1.6745,3.3597,0.22376,3.061,2.075,0.7023,2.5731,2.6858,3.1836,2.7282,6.2039,0.30541,2.8815,3.017,4.7374,2.8807,0.44642,2.2509,2.3066,3.5336,1.2856,2.9888,4.1299,1.2356,2.4267,3.399,1.0444,3.0364,3.903,2.2954,2.2281,3.6926,1.1676,1.6838,3.7322,2.4404,2.3715,4.6004,2.4549,2.7088,4.0798,1.3678,2.6702,4.3777,1.9133,1.7885,3.8025,1.2426,2.653,3.7553,2.2874,2.4198,4.8093,1.6076,2.5537,3.5315,2.1672,2.2774,4.1638,0.74192,1.9556,3.2855,2.1884,2.4216,3.5963,2.2082,2.3774,3.5411,2.2712,1.9935,5.0148,2.5741,2.2647,4.7804,2.3044,2.2555,3.7285,1.3471,1.5992,3.8894,2.17,2.6318,4.6086,1.9187,1.8285,3.8077,0.77809,2.0927,4.1386,1.5885,1.7215,4.2396,2.2178,2.636,4.6846,1.4474,2.3956,3.2643,6.089,2.9242,2.4122,1.8555,1.7771,3.5512,1.8386,2.8649,4.1083,2.1581,1.9658,4.9112,1.241,2.5941,4.4393,2.0081,2.1525,4.8918,1.6071,1.6574,3.9594,1.615,2.0636,3.2946,1.1008,2.663,3.6297,1.0047,2.7708,3.8464,1.4977,2.5061,3.9236,1.1723,2.6834,3.6517,1.7971,1.6134,4.0653,0.9534,2.4594,2.8578,2.017,2.1714,4.5017,0.4066,2.7071,3.1576,1.0203,1.9182,4.2736,0.99357,2.2929,3.1267,1.7248,2.4176,4.6136,0.93767,2.0194,2.8705,0.71803,1.9579,2.737,1.5895,1.6441,3.9654,0.97474,2.44,2.9151,1.3194,1.5582,3.8577,2.7235,2.5685,4.6123,1.0671,2.2392,3.5467,1.2008,2.6921,3.7139,1.9801,1.9844,4.5294,1.0138,1.9335,4.265,1.8874,1.7006,3.4856,1.661,2.5613,3.9944,2.1482,2.5304,4.8492,2.0616,2.4239,3.5995,1.3921,2.9975,3.5973,1.4635,1.5164,4.18,0.60538,2.9798,3.6274,1.612,1.6296,4.1969,0.72578,1.9796,2.7333,0.74915,2.2066,3.9896,2.6276,2.5716,4.5201,2.0692,2.0736,3.4089,1.4788,2.7728,3.6273,1.0304,2.3431,3.5091,2.5984,2.0883,4.6207,1.4501,1.7099,4.4324,1.5504,2.5674,3.6493,2.0619,2.4062,4.1489,2.6181,2.326,4.8927,0.58397,2.5254,3.1092
1789.1,0.13297,123.87,15.775,0.2233,806.54,1.4342,1.7752,4.0981,1.2891,2.2507,4.2805,1.1258,1.9185,4.2426,2.4267,2.6224,4.2924,0.85541,2.0065,4.3143,1.5173,2.5951,3.8991,3.3273,2.8126,6.2151,1.1094,1.9186,4.2506,1.738,1.5733,4.1959,1.3064,2.2245,4.357,0.81168,2.0511,4.2095,3.013,2.8268,4.5817,5.448,2.6322,1.1806,1.3454,2.6656,3.7267,0.85538,2.1274,2.9788,2.5799,2.176,4.654,1.4399,1.6167,3.9407,0.60625,2.6589,3.7349,2.0658,1.7624,3.5387,1.0583,2.3798,3.2026,0.07786,2.3133,3.2905,1.7491,1.6705,3.4304,1.8419,2.6974,4.0943,1.8016,1.7415,3.4265,1.4252,1.587,3.9681,0.39027,2.1832,3.1075,2.1317,2.414,4.5037,1.4507,1.7153,3.2058,0.82273,1.9626,2.7533,3.3284,2.8264,6.171,2.0867,1.8067,3.5486,1.1061,2.7266,3.027,1.8561,2.5987,4.0963,0.69339,1.9643,2.8216,1.0368,2.3981,3.1535,1.952,1.9231,4.5774,1.7512,1.6093,3.9097,0.53451,2.1911,3.7871,1.2091,2.588,3.7813,0.87626,2.1478,3.1348,2.7259,2.3775,4.5121,2.2192,2.2477,4.8456,1.5338,1.6829,3.9691,1.9246,1.9342,4.5437,1.5311,2.2259,3.2396,0.686,2.2101,2.9856,2.4792,2.4593,4.4678,1.8556,2.6028,4.6383,1.7977,2.609,4.6047,2.7382,2.4171,4.5955,1.2704,2.5692,3.8417,1.8091,2.2957,4.4216,1.821,2.9494,3.741,0.66669,2.4789,2.6227,1.4599,2.1357,4.6346,2.0437,2.9702,3.9585,0.28061,2.4126,3.2852,1.6681,1.5636,4.0618,0.65393,2.0841,2.995,2.2608,2.2701,4.674,0.80218,2.5171,3.2674,0.88275,2.164,3.1162,6.1651,2.8786,1.6894,2.1136,2.0729,4.7541,2.7031,2.4274,4.5656,2.5266,2.2425,5.0024,1.9166,2.5879,4.2031,1.0799,1.7169,4.0531,4.6635,2.7996,0.51948,0.80691,2.1349,2.9715,1.3193,2.0894,4.3918,0.99857,2.1483,3.4169,2.066,2.6416,4.2961,1.7579,1.5103,4.114,1.3001,2.5262,3.1724,0.80341,2.514,3.6991,2.1005,1.8337,3.6397,1.5167,2.4943,3.4333,1.593,2.594,3.671,1.5914,1.5921,4.2383,1.8589,2.6254,4.2892,1.9631,2.6337,4.429,3.6041,2.7275,0.059804,1.7614,1.502,4.1016,1.8462,1.9998,3.4816,2.0245,2.9287,4.8421,1.2778,2.54,3.2414,2.574,2.4355,4.8941,1.1051,2.6242,4.0066,1.5275,2.4697,3.4574,1.0877,1.8499,4.0571,1.7029,1.5248,4.0432,1.7937,1.988,3.4037,0.27362,2.901,3.3345,2.9638,2.2877,4.7181,1.2906,1.9474,4.2367,1.3545,2.6293,3.5476,1.3897,2.4744,3.3583,1.9116,1.8805,3.6225,1.947,2.5212,4.083,1.0054,2.3057,3.1399,2.5456,1.9753,5.1496,1.281,2.6312,3.4615,1.307,2.5074,3.265,0.4709,2.8962,3.5131,0.60816,1.8703,2.7193,1.5861,1.9663,4.5345,1.4565,1.7539,4.157,5.1922,2.832,1.4925,0.80149,2.0834,2.8335,1.0953,2.6796,4.0356,2.2988,2.4942,3.6012,2.4795,2.3732,4.7631,2.9751,2.627,4.6599,2.1004,2.502,4.4396,2.377,2.1994,4.3266,0.70316,2.1338,3.1718,0.59899,2.4084,3.1718,0.58638,2.1401,3.6963,2.3889,2.4044,4.5447,0.99601,2.4069,3.1014,1.2147,1.6503,4.2534,1.6366,2.0391,3.3775,5.9037,2.6357,1.635,3.4998,2.8903,0.23897,0.85084,2.369,3.0857,1.6764,1.6001,4.0487,1.529,1.9163,3.1731,0.78541,2.4221,2.9598,2.1533,2.3092,4.795,1.2495,2.5689,3.2138,1.0259,1.9393,3.5079,0.36638,1.9839,3.3348,1.7573,1.9997,3.3571,2.405,2.1905,4.2949,2.2513,2.1216,5.0123,1.2322,1.6307,3.8516,0.70689,1.9769,2.8055,2.259,2.1496,5.0585,2.4142,2.2745,4.627,1.5804,2.4861,3.9657,4.5046,2.8353,0.44202,1.9667,2.4902,4.0495,0.80041,1.9457,4.1082,1.4072,2.6611,4.3224,3.8868,2.7767,0.1786,1.5726,1.6984,3.3134,0.19848,2.2959,3.2216,5.0983,2.8388,1.0752,0.73492,2.706,3.4481,1.4032,2.5458,3.0458,2.1947,2.0614,4.9134,1.4516,1.9855,4.4389,1.5288,1.629,3.3268,1.4306,2.9063,3.3721,0.65829,2.3918,3.0107,0.87266,2.4296,3.0549,0.24229,2.593,3.3134,1.6928,2.3742,4.2267,0.6744,2.4138,2.9404,0.97311,2.3442,3.5218,1.393,1.7468,4.2655,0.31828,2.3368,3.3472,1.5253,1.5845,3.3148,0.6331,2.3994,2.9874,3.4643,2.8404,0.13504,1.8937,2.549,3.9872,2.0886,2.2015,4.6876,2.2524,2.7451,4.8275,1.9252,1.8429,3.8093,1.2862,1.6891,3.7314,2.2267,2.0904,4.9849,1.3439,2.58,3.8664,1.005,3.0481,2.8243,4.8092,2.877,0.51416,1.4304,2.7098,4.4641,1.9408,1.8778,3.877,1.3812,2.6574,3.0342,0.71032,2.7154,3.3593,1.089,2.8791,4.2649,0.85984,2.5426,2.8165,0.68079,2.0572,2.8973,0.53357,2.42,3.3517,1.5596,2.1531,4.3588,1.5934,2.7222,4.5884,0.49193,2.0139,2.8988,2.0142,1.8084,3.7921,1.1783,1.7245,3.7322,2.1946,2.6374,4.6062,1.3313,1.678,4.0757,1.3152,2.1392,3.1284,0.57304,2.0425,2.9458,0.57234,2.4097,2.7271,1.7107,2.43,4.2282,2.1955,2.6149,4.6484,0.52642,2.0394,2.8908,1.5849,1.674,3.3613,0.20494,3.0614,2.0539,0.70382,2.5767,2.686,3.1954,2.7261,6.2166,0.32075,2.8807,3.0346,4.7414,2.8776,0.45171,2.2501,2.3028,3.5278,1.287,2.985,4.1327,1.2296,2.4293,3.3954,1.0423,3.0348,3.9037,2.293,2.2281,3.6885,1.166,1.6766,3.7361,2.4403,2.3722,4.6009,2.4498,2.71,4.0817,1.3705,2.67,4.3775,1.9141,1.7821,3.8002,1.2452,2.6493,3.7576,2.2857,2.4187,4.8029,1.606,2.5533,3.5378,2.1679,2.2819,4.1679,0.73957,1.9584,3.2811,2.1833,2.4224,3.5901,2.2033,2.3757,3.5324,2.2737,1.9946,5.0162,2.5714,2.2637,4.7799,2.3018,2.2569,3.7259,1.3462,1.5996,3.89,2.1613,2.6274,4.5968,1.92,1.8236,3.8044,0.77848,2.0906,4.1448,1.5876,1.7181,4.2387,2.2111,2.6327,4.6757,1.4478,2.3964,3.2648,6.0959,2.9256,2.4206,1.8569,1.7763,3.5534,1.8362,2.8587,4.1041,2.1633,1.9658,4.9158,1.244,2.5944,4.4445,2.0126,2.1536,4.893,1.6071,1.6534,3.9594,1.6163,2.0661,3.2923,1.1017,2.6606,3.6294,1.0059,2.7693,3.8449,1.5015,2.5084,3.9274,1.1728,2.6808,3.6504,1.7951,1.6084,4.0648,0.95473,2.4599,2.8605,2.0224,2.1756,4.5072,0.41723,2.7025,3.1675,1.0173,1.9165,4.2735,0.9941,2.2921,3.1294,1.7287,2.4183,4.615,0.93568,2.0176,2.8704,0.71731,1.957,2.7366,1.589,1.6406,3.9654,0.97581,2.4399,2.9196,1.3167,1.5561,3.8589,2.7226,2.5681,4.6127,1.0655,2.2443,3.5426,1.2033,2.6887,3.7156,1.9806,1.9848,4.532,1.0117,1.9321,4.2658,1.8892,1.7018,3.4872,1.6607,2.5633,3.994,2.1498,2.5299,4.8468,2.0577,2.426,3.5946,1.4019,2.9937,3.6065,1.464,1.5187,4.1783,0.60121,2.9791,3.6242,1.6127,1.6266,4.1957,0.72527,1.9788,2.7332,0.75117,2.2079,3.9909,2.6259,2.5707,4.5209,2.0729,2.0716,3.409,1.4826,2.7682,3.6328,1.0271,2.3491,3.5033,2.6023,2.0921,4.6284,1.4487,1.7099,4.4334,1.5493,2.5673,3.653,2.0627,2.4104,4.1525,2.6163,2.3249,4.8901,0.58848,2.5259,3.1138
1789.1,0.13297,123.87,15.775,0.23224,822.94,1.4314,1.7722,4.0964,1.2914,2.2512,4.2841,1.1225,1.9163,4.2416,2.4249,2.6212,4.2935,0.85483,2.0057,4.3163,1.5174,2.5978,3.899,3.3376,2.8103,6.2277,1.1057,1.916,4.2511,1.7381,1.569,4.1935,1.3066,2.2239,4.3618,0.81069,2.0507,4.2104,3.0157,2.8262,4.5831,5.4422,2.6264,1.1756,1.3454,2.6638,3.7261,0.85171,2.1263,2.977,2.584,2.1794,4.6614,1.4378,1.6156,3.9417,0.6027,2.6619,3.7273,2.0685,1.7618,3.5413,1.0528,2.3795,3.2011,0.070014,2.3139,3.2793,1.7477,1.6692,3.4323,1.8385,2.694,4.0907,1.8024,1.7428,3.4278,1.4241,1.5854,3.9687,0.39088,2.184,3.1054,2.1336,2.4147,4.5055,1.4494,1.717,3.2057,0.82178,1.9632,2.7533,3.3435,2.8247,6.1874,2.0912,1.8072,3.5523,1.1106,2.7273,3.0332,1.8583,2.5994,4.1006,0.69465,1.9666,2.8222,1.0339,2.397,3.1552,1.9548,1.923,4.581,1.7533,1.6084,3.911,0.53688,2.19,3.7904,1.2123,2.5905,3.7846,0.87285,2.1497,3.1317,2.7312,2.3792,4.5177,2.2247,2.25,4.8514,1.536,1.6828,3.9704,1.927,1.9348,4.5459,1.5329,2.2269,3.2386,0.68221,2.2131,2.9814,2.4811,2.4616,4.4732,1.8515,2.6036,4.6268,1.7941,2.6093,4.5955,2.7473,2.4197,4.6087,1.2697,2.5712,3.8382,1.8154,2.2987,4.4266,1.8176,2.9461,3.7375,0.67114,2.4796,2.6265,1.4546,2.1394,4.632,2.0436,2.966,3.9574,0.27749,2.4126,3.2814,1.6686,1.5624,4.0609,0.65218,2.0847,2.9924,2.2603,2.2706,4.6731,0.8039,2.5134,3.2738,0.88042,2.1656,3.1135,6.1611,2.8775,1.6845,2.12,2.0759,4.7609,2.7093,2.4295,4.5756,2.5248,2.2389,4.9982,1.9153,2.5838,4.2013,1.0798,1.7124,4.057,4.6636,2.794,0.51966,0.80498,2.1354,2.9702,1.3207,2.0893,4.3958,0.99583,2.1512,3.4134,2.0606,2.6381,4.2902,1.7603,1.5066,4.1122,1.3047,2.5255,3.1739,0.80547,2.5165,3.6967,2.1026,1.8306,3.6367,1.5147,2.4966,3.4341,1.5935,2.5958,3.6767,1.5892,1.592,4.2377,1.8544,2.62,4.2826,1.9613,2.6286,4.4264,3.6135,2.7243,0.068105,1.7641,1.4987,4.099,1.8525,1.9992,3.4842,2.0204,2.9283,4.838,1.2809,2.5401,3.2447,2.5723,2.4352,4.8911,1.1063,2.6246,4.0028,1.5254,2.4713,3.458,1.0844,1.8496,4.0566,1.7051,1.5227,4.0419,1.7979,1.9866,3.4036,0.2753,2.8991,3.3359,2.9663,2.2863,4.7212,1.2892,1.947,4.238,1.3569,2.6287,3.5539,1.3875,2.4755,3.3598,1.9149,1.8771,3.6203,1.948,2.525,4.0874,1.0024,2.3062,3.1388,2.545,1.9743,5.1495,1.2829,2.6303,3.4671,1.3017,2.5086,3.2628,0.47618,2.8938,3.5178,0.60646,1.871,2.7144,1.5805,1.9645,4.5345,1.4564,1.7509,4.1578,5.1815,2.8288,1.4807,0.80039,2.0827,2.8343,1.096,2.6815,4.0328,2.3052,2.4923,3.6029,2.4761,2.3707,4.7571,2.9824,2.6236,4.6653,2.0999,2.5025,4.4382,2.379,2.2038,4.3329,0.69826,2.1384,3.1629,0.60797,2.4064,3.1813,0.58659,2.14,3.6962,2.391,2.4035,4.5499,1.0043,2.4048,3.1095,1.2121,1.6537,4.2507,1.6336,2.0392,3.3743,5.8927,2.6325,1.6234,3.504,2.8883,0.24397,0.84852,2.3673,3.0868,1.6768,1.5989,4.0476,1.5307,1.918,3.1735,0.78541,2.4207,2.9618,2.1543,2.3078,4.7915,1.2523,2.5699,3.2178,1.0267,1.9375,3.5085,0.35998,1.9855,3.3386,1.76,1.9978,3.354,2.4077,2.1955,4.3013,2.255,2.1194,5.0129,1.2293,1.6275,3.8518,0.70698,1.9767,2.8061,2.2623,2.1481,5.0598,2.4173,2.2771,4.6324,1.5805,2.4908,3.9651,4.5116,2.8297,0.45075,1.9678,2.4967,4.0526,0.79937,1.9458,4.1076,1.4151,2.6641,4.3246,3.8979,2.7739,0.19099,1.5753,1.7027,3.3149,0.19606,2.2957,3.2165,5.0998,2.8331,1.079,0.73719,2.7035,3.4501,1.4056,2.5472,3.0454,2.1984,2.0588,4.9132,1.4495,1.9808,4.442,1.5289,1.6287,3.3283,1.4322,2.906,3.3713,0.66431,2.3899,3.0196,0.87083,2.4287,3.0567,0.24169,2.592,3.3106,1.6969,2.3788,4.2313,0.68114,2.4128,2.9473,0.96844,2.351,3.5146,1.3928,1.745,4.2638,0.31795,2.3373,3.3452,1.5251,1.5826,3.3162,0.63805,2.3983,2.9949,3.476,2.8385,0.14783,1.8902,2.5485,3.9865,2.093,2.2015,4.6909,2.2395,2.7426,4.8109,1.9262,1.837,3.8064,1.2858,1.6853,3.7327,2.2298,2.0881,4.9851,1.3423,2.5779,3.8622,0.99654,3.0475,2.8152,4.8121,2.8728,0.51812,1.4351,2.7096,4.4667,1.9428,1.8749,3.8776,1.3856,2.6584,3.0407,0.71645,2.7136,3.3664,1.0954,2.8774,4.2706,0.86825,2.5437,2.8234,0.68139,2.0608,2.8966,0.53469,2.4205,3.3507,1.5597,2.1508,4.3639,1.6023,2.7225,4.5942,0.48797,2.0154,2.8918,2.0153,1.806,3.7919,1.1773,1.7197,3.7354,2.1921,2.6356,4.6011,1.329,1.6817,4.0725,1.3121,2.138,3.1267,0.5705,2.0444,2.9405,0.57633,2.4082,2.7331,1.715,2.4363,4.2308,2.1899,2.6116,4.64,0.52359,2.0404,2.8856,1.5855,1.6734,3.363,0.18553,3.0618,2.0322,0.70504,2.5803,2.686,3.2068,2.724,6.2289,0.3357,2.8799,3.0518,4.7453,2.8747,0.45704,2.2493,2.2991,3.5221,1.2878,2.9815,4.1349,1.2239,2.4317,3.3919,1.0388,3.0333,3.9031,2.2907,2.228,3.6843,1.1644,1.6694,3.7399,2.4403,2.3729,4.6015,2.4447,2.711,4.0836,1.3731,2.6699,4.3771,1.9149,1.7758,3.7981,1.2478,2.6456,3.7598,2.2843,2.4176,4.7968,1.6043,2.5527,3.5441,2.1686,2.2863,4.1721,0.73721,1.9613,3.277,2.1783,2.4231,3.5841,2.1986,2.3739,3.5239,2.2761,1.9956,5.0174,2.5687,2.2626,4.7793,2.299,2.2585,3.7232,1.3454,1.5998,3.8906,2.1531,2.6231,4.5855,1.9213,1.8187,3.8013,0.77888,2.0886,4.1509,1.5866,1.7147,4.2377,2.2046,2.6294,4.6669,1.4483,2.3972,3.2652,6.1028,2.9268,2.429,1.8584,1.7755,3.5554,1.8342,2.8526,4.1002,2.1684,1.9657,4.92,1.2469,2.5948,4.4495,2.0169,2.1547,4.8942,1.6071,1.6496,3.9593,1.6176,2.0685,3.29,1.1025,2.6584,3.6291,1.0069,2.7678,3.8431,1.5051,2.5104,3.9312,1.1734,2.6783,3.649,1.7933,1.6036,4.0643,0.95605,2.4604,2.8632,2.0279,2.1798,4.5126,0.42739,2.6978,3.1769,1.0143,1.9148,4.2733,0.99463,2.2914,3.132,1.7326,2.4188,4.6163,0.93372,2.0159,2.8702,0.71664,1.9561,2.7364,1.5883,1.6373,3.9654,0.97682,2.4399,2.9238,1.314,1.5541,3.86,2.7216,2.5677,4.6129,1.0638,2.2494,3.5384,1.2056,2.6854,3.7174,1.9811,1.9853,4.5346,1.0097,1.9306,4.2666,1.8911,1.703,3.4889,1.6604,2.565,3.9935,2.1516,2.5294,4.8447,2.054,2.4281,3.5899,1.4115,2.99,3.6156,1.4646,1.5208,4.1766,0.59697,2.9785,3.6209,1.6134,1.6236,4.1946,0.72476,1.9781,2.7331,0.75309,2.2091,3.9921,2.6241,2.5699,4.5218,2.0764,2.0696,3.4093,1.4862,2.7638,3.6383,1.0238,2.3548,3.4976,2.6061,2.0958,4.6359,1.4473,1.7101,4.4343,1.5482,2.5673,3.6566,2.0634,2.4145,4.156,2.6144,2.3238,4.8876,0.59285,2.5265,3.1182
1789.1,0.13297,123.87,15.775,0.24117,839.13,1.4287,1.7693,4.0946,1.2937,2.2516,4.2877,1.1191,1.9142,4.2406,2.4232,2.62,4.2946,0.85425,2.0051,4.3183,1.5174,2.6003,3.8988,3.3477,2.8079,6.24,1.1019,1.9135,4.2515,1.7383,1.5648,4.1911,1.3067,2.2234,4.3664,0.80978,2.0505,4.2113,3.0182,2.8257,4.5846,5.437,2.6207,1.1713,1.3452,2.6621,3.7254,0.84812,2.1251,2.9751,2.588,2.1827,4.6686,1.4356,1.6144,3.9425,0.59914,2.6647,3.7197,2.0711,1.7612,3.5438,1.047,2.3794,3.1993,0.062205,2.3144,3.2683,1.7463,1.6679,3.4342,1.8352,2.6905,4.0875,1.8032,1.7441,3.4291,1.4229,1.584,3.9691,0.39149,2.1848,3.1033,2.1354,2.4154,4.5072,1.448,1.7188,3.2056,0.82084,1.9636,2.7534,3.3588,2.823,6.204,2.0959,1.8076,3.5564,1.1149,2.7281,3.0392,1.8607,2.6001,4.1052,0.69578,1.9688,2.8226,1.031,2.3958,3.1568,1.9576,1.923,4.5846,1.7553,1.6078,3.9124,0.53937,2.1889,3.7938,1.2156,2.5928,3.7881,0.86954,2.1516,3.1287,2.7362,2.3809,4.5228,2.2303,2.2523,4.8575,1.5381,1.6826,3.9714,1.9294,1.9352,4.5481,1.5349,2.2278,3.2378,0.67878,2.2158,2.9777,2.4831,2.4639,4.4785,1.8474,2.6043,4.6154,1.7904,2.6097,4.5863,2.7562,2.4221,4.6216,1.2688,2.5732,3.8345,1.8217,2.3015,4.4316,1.8145,2.9432,3.734,0.67534,2.4803,2.63,1.4493,2.1431,4.6293,2.0437,2.9619,3.9565,0.27433,2.4125,3.2774,1.669,1.5612,4.0601,0.65052,2.0851,2.9901,2.2597,2.271,4.6722,0.8052,2.5097,3.2798,0.87825,2.1671,3.1111,6.1575,2.8763,1.6801,2.1263,2.0786,4.7675,2.7151,2.4314,4.5849,2.5231,2.2352,4.9943,1.9142,2.5802,4.1997,1.0797,1.7078,4.0609,4.6635,2.7891,0.5199,0.80328,2.1358,2.9694,1.3222,2.0892,4.3998,0.99305,2.154,3.4097,2.0555,2.6345,4.2844,1.7628,1.5028,4.1104,1.3091,2.5248,3.1754,0.80754,2.5189,3.6943,2.1049,1.8275,3.6338,1.5129,2.4989,3.4351,1.5941,2.5975,3.6826,1.5868,1.5921,4.2372,1.8502,2.6151,4.2764,1.9597,2.6237,4.424,3.6227,2.7212,0.076232,1.7667,1.4953,4.0963,1.8588,1.9987,3.4868,2.0162,2.9279,4.8338,1.2839,2.5402,3.248,2.5705,2.4349,4.8882,1.1076,2.625,3.9988,1.5232,2.4729,3.4588,1.0812,1.8492,4.0563,1.7073,1.5207,4.0406,1.8023,1.9852,3.4036,0.27701,2.8973,3.3373,2.9686,2.2848,4.7242,1.2877,1.9468,4.2395,1.3594,2.6282,3.5602,1.3853,2.4767,3.3614,1.9183,1.8736,3.6182,1.9489,2.5287,4.0917,0.99949,2.3065,3.1379,2.5444,1.9736,5.1495,1.2851,2.6295,3.4728,1.2966,2.5098,3.2606,0.48127,2.8915,3.5223,0.6049,1.8717,2.7099,1.575,1.9629,4.5344,1.4563,1.7482,4.1585,5.1712,2.8259,1.4693,0.7993,2.082,2.8351,1.0965,2.6834,4.03,2.3119,2.4905,3.6051,2.4728,2.3685,4.7515,2.9896,2.6203,4.6704,2.0994,2.5029,4.4368,2.381,2.2082,4.3393,0.69332,2.1425,3.1542,0.61659,2.4045,3.1903,0.58683,2.14,3.6961,2.3932,2.4028,4.5548,1.0122,2.4029,3.1174,1.2094,1.6572,4.2481,1.6306,2.0392,3.3709,5.8822,2.6291,1.6124,3.5077,2.8862,0.24827,0.84594,2.3657,3.0874,1.6772,1.5978,4.0466,1.5325,1.9197,3.1739,0.7854,2.4192,2.9638,2.1557,2.3064,4.7883,1.2549,2.5709,3.2216,1.0274,1.9357,3.5091,0.35376,1.9873,3.3426,1.7627,1.996,3.351,2.4108,2.2006,4.3079,2.2586,2.1171,5.0134,1.2265,1.6245,3.8519,0.70698,1.9764,2.8064,2.2657,2.1466,5.0611,2.4202,2.2795,4.6374,1.5805,2.4952,3.9646,4.5184,2.8244,0.45935,1.9688,2.503,4.0556,0.79839,1.9459,4.107,1.4226,2.667,4.3266,3.9086,2.7712,0.20296,1.578,1.7069,3.3165,0.19388,2.2955,3.2117,5.1014,2.8275,1.083,0.73915,2.7012,3.4517,1.4079,2.5486,3.0449,2.2022,2.0563,4.9131,1.4473,1.9762,4.445,1.5291,1.6282,3.3298,1.4338,2.9057,3.3706,0.67006,2.388,3.0281,0.8689,2.4279,3.0584,0.24107,2.5911,3.3079,1.701,2.3832,4.2359,0.68771,2.412,2.9541,0.96366,2.3578,3.5071,1.3926,1.7432,4.262,0.31751,2.3378,3.3432,1.5249,1.5807,3.3178,0.64284,2.3972,3.0021,3.4875,2.8365,0.16027,1.8867,2.5482,3.986,2.0973,2.2014,4.694,2.2273,2.7401,4.795,1.9271,1.8309,3.8038,1.2856,1.6816,3.7339,2.2327,2.0858,4.9852,1.3408,2.5759,3.8581,0.98804,3.0472,2.8059,4.8147,2.8688,0.52198,1.4398,2.7095,4.4693,1.9449,1.8722,3.8781,1.3899,2.6592,3.0472,0.72213,2.712,3.3728,1.1015,2.8756,4.2763,0.87637,2.5449,2.8302,0.68207,2.0644,2.8961,0.5363,2.4208,3.3502,1.5598,2.1485,4.3689,1.6107,2.7228,4.5998,0.4842,2.0168,2.8852,2.0161,1.8037,3.7918,1.1764,1.715,3.7384,2.19,2.6338,4.5965,1.3268,1.6854,4.0694,1.3092,2.1367,3.125,0.56805,2.0462,2.9354,0.5802,2.4068,2.7392,1.7192,2.4423,4.2331,2.1845,2.6083,4.6319,0.52095,2.0413,2.8809,1.5862,1.673,3.3647,0.16589,3.0622,2.0103,0.70597,2.584,2.6856,3.2176,2.7219,6.2405,0.35029,2.879,3.0686,4.7492,2.8722,0.46237,2.2487,2.2955,3.5165,1.2881,2.978,4.1365,1.2184,2.4339,3.3885,1.0346,3.0319,3.9016,2.2885,2.2279,3.6801,1.1627,1.6624,3.7437,2.4403,2.3735,4.602,2.4399,2.7119,4.0856,1.3756,2.6697,4.3766,1.9157,1.7695,3.7962,1.2502,2.642,3.7618,2.2831,2.4167,4.7909,1.6027,2.5522,3.5501,2.1693,2.2906,4.1762,0.73487,1.9641,3.2729,2.1736,2.4238,3.578,2.194,2.372,3.5154,2.2783,1.9965,5.0184,2.5661,2.2616,4.7788,2.2963,2.2601,3.7205,1.3447,1.5998,3.8912,2.1452,2.6188,4.5748,1.9227,1.8139,3.7983,0.77929,2.0865,4.1568,1.5856,1.7116,4.2368,2.1984,2.6262,4.6583,1.4488,2.398,3.2656,6.1097,2.9281,2.4375,1.8598,1.7747,3.5574,1.8323,2.8468,4.0966,2.173,1.9655,4.9239,1.2496,2.5951,4.4542,2.0211,2.1557,4.895,1.6071,1.6459,3.9592,1.619,2.0708,3.2878,1.1031,2.6564,3.6288,1.0078,2.7664,3.8413,1.5088,2.5123,3.935,1.1738,2.676,3.6475,1.7914,1.599,4.0639,0.95738,2.4609,2.8658,2.0331,2.1837,4.5178,0.43707,2.6931,3.1857,1.0115,1.9131,4.2731,0.99511,2.2908,3.1345,1.7366,2.4191,4.6178,0.93177,2.0143,2.87,0.71599,1.9552,2.7361,1.5878,1.6344,3.9654,0.97772,2.4399,2.928,1.3113,1.5521,3.8612,2.7205,2.5673,4.6129,1.0622,2.2544,3.5342,1.2079,2.6823,3.7192,1.9817,1.9857,4.5371,1.0078,1.9292,4.2675,1.8929,1.7041,3.4905,1.6601,2.5667,3.9931,2.1534,2.5291,4.8427,2.0503,2.4302,3.5853,1.4208,2.9863,3.6246,1.4651,1.5229,4.175,0.5927,2.9778,3.6176,1.6142,1.6208,4.1934,0.72428,1.9774,2.733,0.7549,2.2105,3.9932,2.6225,2.5691,4.5227,2.08,2.0676,3.4095,1.4898,2.7595,3.6436,1.0207,2.3601,3.4923,2.6099,2.0994,4.6432,1.4459,1.7105,4.4352,1.5471,2.5673,3.6602,2.0641,2.4185,4.1596,2.6126,2.3227,4.8852,0.59707,2.527,3.1225
1789.1,0.13297,123.87,15.775,0.2501,856.54,1.426,1.7666,4.093,1.2959,2.2521,4.2913,1.1159,1.9121,4.2397,2.4215,2.6188,4.2959,0.85365,2.0045,4.3202,1.5174,2.6026,3.8987,3.3578,2.8053,6.2536,1.0983,1.9112,4.2517,1.7385,1.561,4.1889,1.3066,2.2227,4.3709,0.80891,2.0503,4.2123,3.0208,2.825,4.5859,5.4321,2.6154,1.1677,1.345,2.6608,3.7246,0.8446,2.1239,2.9733,2.5917,2.1857,4.6754,1.4335,1.6136,3.9434,0.59547,2.6673,3.7121,2.0738,1.7605,3.5463,1.0411,2.3793,3.1973,0.054532,2.315,3.2576,1.7449,1.6665,3.4361,1.8323,2.6873,4.0846,1.8039,1.7454,3.4304,1.4217,1.5827,3.9695,0.39214,2.1855,3.1012,2.1372,2.4161,4.509,1.4467,1.7207,3.2055,0.81993,1.9638,2.7535,3.3744,2.8211,6.2206,2.1005,1.8078,3.5602,1.1194,2.729,3.0452,1.863,2.6007,4.1096,0.69682,1.9709,2.8231,1.028,2.3947,3.1581,1.9606,1.9229,4.5884,1.7573,1.6073,3.9136,0.54197,2.1876,3.7974,1.2189,2.5948,3.7917,0.86643,2.1532,3.126,2.741,2.3823,4.5275,2.2353,2.2544,4.863,1.5402,1.682,3.9725,1.932,1.9357,4.5502,1.5369,2.2289,3.2371,0.6759,2.2181,2.975,2.4847,2.4657,4.4833,1.8433,2.6048,4.604,1.787,2.6099,4.5774,2.7643,2.4241,4.6336,1.2681,2.5748,3.8308,1.8279,2.3043,4.4362,1.8114,2.9403,3.7307,0.67923,2.4809,2.6332,1.444,2.1467,4.6263,2.0442,2.9578,3.9559,0.27136,2.4124,3.2738,1.6695,1.56,4.0592,0.64895,2.0853,2.9878,2.2591,2.2715,4.6713,0.80588,2.5063,3.2849,0.87637,2.1684,3.1092,6.1545,2.8751,1.6762,2.1324,2.0812,4.7737,2.7202,2.433,4.5933,2.5218,2.2316,4.9909,1.9135,2.5773,4.1985,1.0796,1.7038,4.0643,4.663,2.7845,0.51989,0.8017,2.1363,2.9686,1.3238,2.0891,4.4036,0.99028,2.1567,3.4063,2.0508,2.6313,4.2794,1.7653,1.4994,4.1087,1.3134,2.5241,3.1767,0.80958,2.5211,3.6919,2.1071,1.8244,3.6311,1.5113,2.501,3.4365,1.5949,2.5992,3.6888,1.5843,1.5922,4.2367,1.8465,2.6108,4.2706,1.9583,2.6192,4.4217,3.6315,2.7182,0.083916,1.7695,1.4917,4.0937,1.8651,1.9981,3.4894,2.012,2.9274,4.8294,1.2866,2.5403,3.251,2.5691,2.4347,4.8853,1.1087,2.6252,3.9949,1.5212,2.4745,3.4595,1.0781,1.8487,4.0559,1.7094,1.5188,4.0393,1.8066,1.9839,3.4037,0.2788,2.8954,3.3386,2.9708,2.2832,4.7269,1.2861,1.9464,4.2408,1.3616,2.6278,3.5663,1.3833,2.4778,3.3632,1.9216,1.8702,3.6162,1.9496,2.5319,4.0959,0.9966,2.3069,3.1368,2.5437,1.973,5.1496,1.2871,2.6288,3.4783,1.2917,2.5109,3.2585,0.48622,2.889,3.5267,0.60351,1.8721,2.7057,1.5695,1.9613,4.5342,1.4562,1.7454,4.1592,5.1613,2.823,1.4583,0.79824,2.0814,2.8358,1.0969,2.6852,4.0272,2.3181,2.4886,3.6069,2.4701,2.3664,4.7465,2.9964,2.617,4.6752,2.099,2.5034,4.4355,2.3831,2.2125,4.3456,0.68877,2.146,3.1463,0.62448,2.4029,3.1983,0.58713,2.14,3.696,2.3951,2.4016,4.5594,1.0192,2.4012,3.1242,1.2068,1.6604,4.2457,1.6274,2.0392,3.3676,5.8724,2.6259,1.6021,3.5106,2.8842,0.25178,0.84323,2.3643,3.0877,1.6774,1.5968,4.0456,1.5343,1.9216,3.1745,0.78539,2.4178,2.9658,2.1572,2.3052,4.7854,1.2574,2.5722,3.2253,1.028,1.9338,3.5098,0.34828,1.9887,3.3465,1.7655,1.9941,3.3483,2.4141,2.2057,4.3151,2.2622,2.1149,5.0141,1.2237,1.6216,3.8519,0.70688,1.9761,2.8066,2.2689,2.145,5.0624,2.4232,2.2816,4.6423,1.5805,2.4993,3.964,4.5251,2.8194,0.46778,1.9699,2.5091,4.0586,0.7975,1.9458,4.1066,1.4298,2.6697,4.3282,3.9187,2.7685,0.21439,1.5807,1.7113,3.3181,0.19207,2.2954,3.2074,5.1033,2.8222,1.087,0.74075,2.6989,3.453,1.4099,2.55,3.0442,2.206,2.0538,4.9132,1.4452,1.9718,4.4476,1.5292,1.6278,3.3312,1.4351,2.9056,3.3696,0.6752,2.3864,3.0358,0.86703,2.4272,3.0602,0.24054,2.5902,3.3051,1.7049,2.3873,4.2403,0.69418,2.4113,2.9609,0.95887,2.3642,3.4998,1.3924,1.7413,4.2601,0.31701,2.338,3.3411,1.5248,1.5787,3.3192,0.64745,2.3962,3.009,3.4983,2.8345,0.17189,1.8834,2.5479,3.9855,2.1016,2.2013,4.6971,2.2155,2.7376,4.7794,1.928,1.825,3.8013,1.2852,1.6782,3.7351,2.2356,2.0838,4.9855,1.3392,2.5741,3.8541,0.97942,3.0467,2.7967,4.817,2.8649,0.52585,1.444,2.7091,4.4714,1.9469,1.8694,3.8788,1.3942,2.6601,3.0536,0.72739,2.7104,3.3788,1.1074,2.8737,4.2817,0.88423,2.546,2.8367,0.68283,2.0678,2.8957,0.53763,2.4213,3.3494,1.56,2.146,4.3738,1.6184,2.7229,4.6048,0.48078,2.0181,2.879,2.0171,1.8014,3.7919,1.1753,1.7104,3.7415,2.1881,2.6324,4.5923,1.3245,1.6887,4.0664,1.3063,2.1354,3.1232,0.56564,2.0478,2.9305,0.58406,2.4054,2.7451,1.723,2.4479,4.235,2.1796,2.6052,4.6243,0.51848,2.0419,2.8766,1.5868,1.6728,3.3665,0.14637,3.0624,1.9887,0.70652,2.5878,2.6849,3.228,2.7198,6.2511,0.36478,2.878,3.0853,4.753,2.8699,0.4677,2.2485,2.2919,3.5115,1.288,2.9748,4.1376,1.2132,2.4357,3.3856,1.0301,3.0305,3.8999,2.2862,2.2279,3.676,1.1612,1.6555,3.7473,2.4403,2.3741,4.6026,2.4354,2.7126,4.0879,1.3781,2.6696,4.3761,1.9164,1.7634,3.7944,1.2525,2.6388,3.7636,2.2822,2.416,4.7854,1.601,2.552,3.5559,2.1702,2.2948,4.1805,0.73252,1.9667,3.2689,2.1688,2.4244,3.572,2.1897,2.3701,3.5071,2.2804,1.9972,5.0191,2.5636,2.2606,4.7784,2.2936,2.2616,3.7179,1.3441,1.5997,3.8916,2.1377,2.6147,4.5644,1.9241,1.809,3.7954,0.7797,2.0845,4.1626,1.5847,1.7085,4.2359,2.1924,2.6231,4.6501,1.4492,2.3987,3.266,6.1172,2.9294,2.4464,1.8614,1.774,3.5594,1.8309,2.841,4.0936,2.1777,1.9653,4.9276,1.2522,2.5953,4.459,2.0252,2.1566,4.8959,1.6072,1.6423,3.9591,1.6206,2.0729,3.2858,1.1037,2.6544,3.6282,1.0087,2.765,3.8394,1.5122,2.5141,3.9388,1.1744,2.6738,3.6462,1.7895,1.5947,4.0634,0.95871,2.4615,2.8683,2.0383,2.1875,4.5228,0.44632,2.6886,3.1942,1.0085,1.9112,4.2729,0.99552,2.2902,3.1368,1.7405,2.4195,4.6193,0.9298,2.0127,2.8695,0.71534,1.9543,2.736,1.5872,1.6315,3.9654,0.97852,2.44,2.9319,1.3086,1.5502,3.8623,2.7192,2.5668,4.6128,1.0604,2.2594,3.5301,1.21,2.6794,3.7206,1.9823,1.9859,4.5397,1.0059,1.9276,4.2683,1.8948,1.7052,3.4921,1.6599,2.5683,3.9927,2.1551,2.5287,4.8407,2.0468,2.4323,3.5809,1.4302,2.9824,3.6335,1.4656,1.525,4.1734,0.58843,2.9772,3.6143,1.6151,1.6182,4.1922,0.72379,1.9767,2.7329,0.75662,2.2119,3.9941,2.6207,2.5684,4.5236,2.0836,2.0656,3.41,1.4934,2.7553,3.6491,1.0177,2.3652,3.4872,2.6136,2.1029,4.6503,1.4445,1.7108,4.4359,1.5461,2.5674,3.6635,2.0647,2.4221,4.1629,2.6108,2.3217,4.883,0.60126,2.5276,3.1268
1789.1,0.13297,123.87,15.775,0.25903,873.05,1.4234,1.7641,4.0915,1.2982,2.2526,4.2949,1.1128,1.9101,4.2387,2.4199,2.6177,4.2974,0.85304,2.0039,4.3221,1.5174,2.605,3.8985,3.3675,2.8028,0.00024668,1.0947,1.9086,4.252,1.7388,1.5574,4.1865,1.3065,2.2221,4.3751,0.80811,2.05,4.2134,3.0232,2.8244,4.5871,5.4274,2.6101,1.1644,1.3447,2.6595,3.7237,0.84111,2.1227,2.9715,2.5953,2.1886,4.682,1.4314,1.6127,3.9442,0.59185,2.6698,3.7045,2.0764,1.7597,3.5488,1.0351,2.3794,3.1949,0.046971,2.3155,3.2471,1.7434,1.6651,3.438,1.8295,2.6841,4.082,1.8048,1.7465,3.4317,1.4206,1.5816,3.9697,0.39278,2.1863,3.0992,2.1389,2.4168,4.5106,1.4453,1.7225,3.2053,0.819,1.964,2.7537,3.3902,2.8192,6.2346,2.105,1.808,3.5641,1.1238,2.7299,3.0513,1.8655,2.6013,4.114,0.69774,1.973,2.8233,1.0247,2.3937,3.1594,1.9637,1.9228,4.592,1.7591,1.6071,3.9148,0.54466,2.1865,3.8011,1.2224,2.5966,3.7954,0.86339,2.1548,3.1233,2.7455,2.3838,4.5319,2.2405,2.2563,4.8684,1.5421,1.6814,3.9735,1.9345,1.936,4.5525,1.539,2.2299,3.2364,0.67313,2.2206,2.9724,2.4864,2.4676,4.4883,1.8392,2.6055,4.5929,1.7836,2.6101,4.5686,2.7725,2.4261,4.6456,1.2672,2.5764,3.8272,1.8342,2.3071,4.441,1.8083,2.9376,3.7274,0.68294,2.4817,2.6361,1.4385,2.1504,4.6232,2.0448,2.9537,3.9556,0.26841,2.4123,3.2701,1.6699,1.559,4.0583,0.64743,2.0855,2.9857,2.2584,2.2718,4.6702,0.80627,2.5028,3.2897,0.87456,2.1697,3.1073,6.1519,2.874,1.6729,2.1384,2.0836,4.7798,2.7252,2.4345,4.6016,2.5207,2.228,4.9878,1.9129,2.5746,4.1975,1.0795,1.6997,4.0679,4.6624,2.7801,0.51972,0.80026,2.1367,2.9681,1.3255,2.0891,4.4073,0.98744,2.1595,3.4027,2.0462,2.6281,4.2742,1.7678,1.4959,4.1069,1.3178,2.5235,3.1778,0.81161,2.5234,3.6896,2.1094,1.8213,3.6285,1.5101,2.5031,3.4383,1.5959,2.6008,3.6951,1.5819,1.5926,4.2362,1.8429,2.6064,4.265,1.957,2.6148,4.4195,3.6404,2.7152,0.09163,1.7723,1.4879,4.0909,1.8714,1.9974,3.4921,2.0075,2.9268,4.8247,1.2893,2.5404,3.2538,2.5674,2.4345,4.8824,1.1098,2.6255,3.9911,1.5192,2.4761,3.4604,1.075,1.8481,4.0557,1.7117,1.5171,4.0382,1.811,1.9824,3.404,0.28077,2.8935,3.3402,2.9729,2.2816,4.7295,1.2845,1.9459,4.2422,1.3641,2.6275,3.5725,1.3813,2.4788,3.3649,1.9249,1.8669,3.6144,1.9505,2.535,4.1001,0.9937,2.3074,3.1358,2.543,1.9724,5.1496,1.289,2.628,3.4838,1.2866,2.512,3.2565,0.49101,2.8866,3.5309,0.60217,1.8724,2.7016,1.5639,1.9596,4.5337,1.456,1.7426,4.16,5.1516,2.8201,1.4474,0.79723,2.0806,2.8366,1.0972,2.6869,4.0244,2.3243,2.4868,3.6084,2.4675,2.3644,4.7415,3.0029,2.6138,4.6795,2.0988,2.5039,4.4343,2.3852,2.2168,4.3519,0.68425,2.1494,3.1386,0.63239,2.4012,3.2063,0.58754,2.1401,3.696,2.397,2.4005,4.564,1.0262,2.3995,3.1311,1.2042,1.6638,4.2433,1.6242,2.0391,3.3643,5.8628,2.6226,1.5921,3.5128,2.8823,0.25468,0.84039,2.363,3.0878,1.6777,1.5958,4.0448,1.5361,1.9233,3.175,0.78534,2.4162,2.9676,2.1588,2.304,4.7827,1.26,2.5733,3.2289,1.0288,1.9319,3.5104,0.34314,1.9903,3.3501,1.7684,1.9923,3.3458,2.4178,2.2109,4.3223,2.2658,2.1126,5.0148,1.2209,1.6188,3.8518,0.70667,1.9758,2.8068,2.272,2.1433,5.0635,2.4261,2.2838,4.6472,1.5804,2.5034,3.9634,4.5314,2.8143,0.476,1.971,2.5151,4.0616,0.79664,1.9459,4.1063,1.4368,2.6724,4.3297,3.9286,2.7659,0.22562,1.5835,1.7157,3.3197,0.19042,2.2953,3.2031,5.1052,2.817,1.0912,0.74224,2.6966,3.454,1.4118,2.5514,3.0434,2.2097,2.0513,4.9132,1.4431,1.9675,4.4502,1.5293,1.6275,3.3327,1.4365,2.9054,3.3686,0.68015,2.3847,3.0431,0.86515,2.4264,3.0619,0.23996,2.5892,3.3024,1.7088,2.3913,4.2446,0.70055,2.4106,2.9675,0.95405,2.3705,3.4924,1.3922,1.7394,4.2584,0.31647,2.3382,3.339,1.5246,1.5767,3.3208,0.65193,2.3952,3.0158,3.5085,2.8326,0.18304,1.8801,2.5477,3.9851,2.1059,2.2012,4.7003,2.2042,2.735,4.7644,1.9289,1.8191,3.799,1.2849,1.6748,3.7362,2.2384,2.0817,4.9857,1.3377,2.5725,3.8503,0.97053,3.0464,2.7872,4.8191,2.8613,0.52959,1.4481,2.7088,4.4733,1.949,1.8667,3.8795,1.3985,2.6611,3.0599,0.73235,2.7087,3.3843,1.1132,2.8718,4.2869,0.89173,2.5472,2.8429,0.6836,2.0711,2.8954,0.53894,2.4217,3.3486,1.5602,2.1436,4.3788,1.6258,2.7231,4.6095,0.47751,2.0192,2.873,2.0181,1.7993,3.7919,1.1742,1.7059,3.7444,2.1865,2.6308,4.5885,1.3222,1.692,4.0635,1.3034,2.1342,3.1216,0.56333,2.0494,2.9258,0.58787,2.404,2.751,1.7267,2.4533,4.2366,2.1749,2.6021,4.6169,0.51611,2.0425,2.8724,1.5874,1.6725,3.3682,0.12695,3.0626,1.9671,0.70682,2.5915,2.6839,3.2378,2.7177,6.2585,0.37903,2.8769,3.1017,4.7567,2.8676,0.473,2.2482,2.2883,3.5064,1.2879,2.9717,4.1385,1.2081,2.4374,3.3828,1.0254,3.0291,3.8978,2.2839,2.2278,3.6719,1.1596,1.6487,3.7509,2.4403,2.3748,4.6031,2.431,2.7133,4.0903,1.3804,2.6695,4.3754,1.9172,1.7575,3.7928,1.2548,2.6356,3.7655,2.2814,2.4153,4.7802,1.5994,2.5517,3.5618,2.1711,2.2991,4.1847,0.73023,1.9693,3.265,2.1643,2.4251,3.5661,2.1853,2.3681,3.4988,2.2823,1.9979,5.0197,2.5611,2.2596,4.778,2.2909,2.2632,3.7153,1.3435,1.5994,3.892,2.1306,2.6106,4.5544,1.9255,1.8043,3.7926,0.78012,2.0826,4.1683,1.5836,1.7054,4.2349,2.1865,2.6199,4.6421,1.4495,2.3996,3.2663,6.1246,2.9305,2.4552,1.863,1.7732,3.5612,1.8297,2.8353,4.0908,2.1821,1.965,4.9311,1.2547,2.5956,4.4634,2.0291,2.1577,4.8968,1.6073,1.639,3.9591,1.6222,2.075,3.2839,1.1043,2.6526,3.6277,1.0095,2.7636,3.8374,1.5157,2.5157,3.9425,1.1748,2.6717,3.6449,1.7876,1.5905,4.0631,0.96009,2.4622,2.8709,2.0434,2.1912,4.5278,0.4552,2.684,3.2023,1.0056,1.9096,4.2726,0.9959,2.2897,3.139,1.7444,2.4198,4.6209,0.92786,2.0111,2.8692,0.71473,1.9534,2.7358,1.5867,1.629,3.9654,0.97929,2.4402,2.9357,1.3059,1.5484,3.8634,2.718,2.5665,4.6125,1.0587,2.2645,3.526,1.2121,2.6765,3.7222,1.983,1.9864,4.5422,1.004,1.926,4.2692,1.8966,1.7062,3.4938,1.6596,2.57,3.9922,2.157,2.5282,4.8389,2.0433,2.4344,3.5766,1.4392,2.9785,3.6423,1.4659,1.5269,4.1718,0.58409,2.9765,3.6109,1.6161,1.6157,4.1912,0.72331,1.976,2.7328,0.75826,2.2134,3.9951,2.6191,2.5676,4.5246,2.0871,2.0637,3.4103,1.4969,2.7512,3.6545,1.0148,2.37,3.4823,2.6173,2.1063,4.6574,1.4433,1.7114,4.4367,1.545,2.5676,3.6668,2.0654,2.4257,4.1663,2.6092,2.3207,4.8806,0.60535,2.5281,3.131
1789.1,0.13297,123.87,15.775,0.26797,889.42,1.4208,1.7617,4.0899,1.3003,2.2531,4.2986,1.1098,1.9081,4.2377,2.4184,2.6166,4.2988,0.85244,2.0034,4.3238,1.5174,2.6073,3.8981,3.3772,2.8002,6.174,1.0912,1.9062,4.2524,1.7393,1.554,4.1842,1.3062,2.2215,4.3793,0.80739,2.0496,4.2147,3.0253,2.8238,4.5882,5.4231,2.605,1.1616,1.3442,2.6583,3.7227,0.83768,2.1214,2.9698,2.5988,2.1913,4.6883,1.4291,1.6119,3.945,0.58834,2.6723,3.6971,2.0789,1.759,3.5513,1.0289,2.3795,3.1924,0.039541,2.3159,3.2371,1.742,1.6636,3.44,1.8269,2.6808,4.0797,1.8056,1.7477,3.4329,1.4194,1.5804,3.97,0.39341,2.1869,3.0972,2.1407,2.4175,4.5122,1.444,1.7245,3.2051,0.8181,1.9641,2.754,3.406,2.817,6.2712,2.1098,1.8082,3.568,1.1281,2.7309,3.0571,1.868,2.6019,4.1187,0.69854,1.9749,2.8236,1.0216,2.3927,3.1605,1.9667,1.9227,4.5957,1.7609,1.6072,3.9161,0.54745,2.1852,3.8049,1.2259,2.5985,3.799,0.86045,2.1563,3.1208,2.7499,2.3852,4.536,2.2456,2.2584,4.8741,1.544,1.6807,3.9745,1.9371,1.9365,4.5546,1.5411,2.231,3.2358,0.67062,2.2228,2.9702,2.488,2.4695,4.4932,1.8352,2.606,4.5818,1.7802,2.6105,4.5598,2.7804,2.428,4.6572,1.2661,2.5781,3.8232,1.8405,2.31,4.4456,1.8053,2.9351,3.7243,0.6864,2.4825,2.6388,1.4328,2.1542,4.6198,2.0455,2.9497,3.9553,0.26542,2.4122,3.2663,1.6704,1.558,4.0574,0.64601,2.0856,2.9837,2.2576,2.2722,4.669,0.8062,2.4995,3.2942,0.8728,2.1708,3.1054,6.1498,2.8728,1.6701,2.1443,2.0857,4.7855,2.7297,2.4358,4.6094,2.5195,2.2241,4.9849,1.9125,2.5723,4.1965,1.0792,1.6955,4.0714,4.6615,2.7763,0.51942,0.79904,2.1372,2.9677,1.3272,2.0891,4.4111,0.98459,2.1623,3.3991,2.0417,2.6251,4.2693,1.7702,1.4924,4.105,1.3219,2.5229,3.1788,0.81365,2.5256,3.6873,2.1117,1.8183,3.6258,1.5091,2.5052,3.4406,1.5971,2.6023,3.7016,1.5794,1.593,4.2357,1.8394,2.6025,4.2595,1.9559,2.6106,4.4174,3.649,2.7121,0.099132,1.7751,1.484,4.0879,1.8777,1.9967,3.4948,2.0028,2.9262,4.8197,1.2919,2.5407,3.2565,2.5659,2.4342,4.8795,1.1109,2.6259,3.9874,1.5173,2.4776,3.4614,1.072,1.8474,4.0555,1.7138,1.5153,4.0369,1.8154,1.9811,3.4042,0.28277,2.8917,3.3416,2.975,2.2802,4.7319,1.2828,1.9456,4.2435,1.3666,2.6271,3.5786,1.3794,2.48,3.3666,1.9281,1.8635,3.6126,1.9513,2.5378,4.1042,0.99083,2.3077,3.1348,2.5422,1.9718,5.1496,1.2912,2.6274,3.4892,1.2816,2.513,3.2544,0.49556,2.8842,3.5347,0.60095,1.8727,2.6977,1.5583,1.958,4.5333,1.4556,1.7399,4.1606,5.1422,2.8173,1.4368,0.79624,2.08,2.8374,1.0975,2.6885,4.0215,2.3305,2.4852,3.6101,2.465,2.3625,4.7369,3.0093,2.6106,4.6835,2.0984,2.5044,4.4331,2.3873,2.221,4.3582,0.67984,2.1524,3.1312,0.64002,2.3996,3.2141,0.58798,2.1401,3.696,2.399,2.3995,4.5687,1.0329,2.398,3.1376,1.2018,1.6672,4.241,1.6209,2.0388,3.3609,5.8538,2.6195,1.5825,3.5146,2.8804,0.25694,0.8374,2.3618,3.0876,1.678,1.5949,4.0438,1.538,1.925,3.1756,0.78527,2.4147,2.9694,2.1604,2.3028,4.7801,1.2624,2.5746,3.2325,1.0295,1.9299,3.5112,0.33849,1.9918,3.3532,1.7714,1.9905,3.3433,2.4217,2.216,4.3299,2.2693,2.1103,5.0155,1.2181,1.616,3.8517,0.70639,1.9753,2.8068,2.2751,2.1416,5.0646,2.4289,2.2859,4.6519,1.5804,2.5072,3.9628,4.5376,2.8093,0.48399,1.9721,2.521,4.0646,0.79583,1.9459,4.1058,1.4436,2.675,4.3311,3.9382,2.7634,0.23645,1.5864,1.72,3.3214,0.18894,2.2951,3.1992,5.1072,2.8119,1.0954,0.74345,2.6945,3.4548,1.4136,2.5528,3.0424,2.2135,2.049,4.9134,1.4409,1.9634,4.4528,1.5295,1.6269,3.3342,1.4379,2.9051,3.3677,0.68481,2.3831,3.0502,0.86323,2.4257,3.0635,0.23934,2.5882,3.2997,1.7126,2.3951,4.2488,0.70679,2.4099,2.9741,0.94915,2.3766,3.4851,1.3919,1.7375,4.2565,0.31585,2.3385,3.3367,1.5244,1.5746,3.3223,0.65622,2.3942,3.0223,3.5184,2.8306,0.19379,1.8771,2.5476,3.9847,2.1102,2.201,4.7034,2.1935,2.7325,4.7498,1.9297,1.8133,3.7969,1.2845,1.6717,3.7373,2.2412,2.0797,4.986,1.3363,2.5709,3.8465,0.96141,3.046,2.7775,4.821,2.8577,0.53316,1.4519,2.7083,4.475,1.9512,1.8639,3.8802,1.4026,2.662,3.0663,0.73691,2.7073,3.3894,1.1188,2.87,4.292,0.89891,2.5484,2.8489,0.68439,2.0743,2.8951,0.5404,2.4221,3.3479,1.5605,2.1412,4.3837,1.6329,2.7233,4.614,0.47443,2.0203,2.8674,2.019,1.7971,3.7919,1.1731,1.7015,3.7474,2.1851,2.6294,4.5849,1.32,1.695,4.0606,1.3004,2.1328,3.1199,0.56111,2.0508,2.9212,0.59161,2.4027,2.7567,1.7302,2.4585,4.238,2.1704,2.5993,4.6098,0.51385,2.043,2.8684,1.588,1.6723,3.37,0.10739,3.0629,1.9454,0.70686,2.5955,2.6825,3.2471,2.7156,0.0044679,0.39313,2.8756,3.1178,4.7604,2.8655,0.47824,2.2481,2.2848,3.5016,1.2873,2.9686,4.1391,1.2031,2.4391,3.3799,1.0201,3.0278,3.8953,2.2818,2.2277,3.6678,1.1581,1.642,3.7545,2.4404,2.3753,4.6036,2.4269,2.714,4.0928,1.3825,2.6693,4.3747,1.9179,1.7518,3.7914,1.2569,2.6323,3.7673,2.2807,2.4147,4.775,1.5979,2.5514,3.5674,2.172,2.3032,4.189,0.72793,1.9719,3.2612,2.1599,2.4256,3.5603,2.1812,2.3661,3.4907,2.2841,1.9985,5.02,2.5587,2.2585,4.7775,2.2882,2.2649,3.7127,1.343,1.5989,3.8924,2.1238,2.6066,4.5449,1.9268,1.7995,3.7898,0.78054,2.0806,4.1738,1.5825,1.7025,4.2339,2.181,2.6169,4.6341,1.45,2.4005,3.2667,6.132,2.9316,2.4641,1.8646,1.7724,3.5631,1.8287,2.8299,4.0883,2.1863,1.9646,4.9343,1.257,2.596,4.4677,2.0331,2.1588,4.8975,1.6074,1.6358,3.959,1.6239,2.0769,3.2822,1.1047,2.6509,3.6273,1.0103,2.7622,3.8354,1.519,2.5173,3.9462,1.1751,2.6696,3.6435,1.7858,1.5866,4.0626,0.96149,2.4628,2.8735,2.0483,2.1948,4.5325,0.46367,2.6796,3.2099,1.0028,1.9078,4.2724,0.99625,2.2892,3.1412,1.7482,2.4201,4.6225,0.92594,2.0096,2.8687,0.71417,1.9524,2.7357,1.5864,1.6266,3.9654,0.97998,2.4405,2.9396,1.3032,1.5466,3.8645,2.7166,2.566,4.6121,1.057,2.2695,3.5221,1.214,2.6736,3.7236,1.9837,1.9867,4.5445,1.0022,1.9245,4.27,1.8985,1.7072,3.4955,1.6592,2.5714,3.9919,2.1589,2.5279,4.8373,2.0401,2.4367,3.5724,1.448,2.9747,3.651,1.4663,1.5288,4.1703,0.57973,2.9758,3.6074,1.6172,1.6135,4.1901,0.72284,1.9753,2.7327,0.75981,2.2148,3.9959,2.6175,2.5669,4.5256,2.0906,2.0617,3.4108,1.5004,2.7473,3.6599,1.012,2.3746,3.4776,2.6209,2.1094,4.6641,1.4421,1.712,4.4374,1.544,2.5679,3.6699,2.066,2.4291,4.1694,2.6075,2.3197,4.8783,0.60935,2.5286,3.1351
1789.1,0.13297,123.87,15.775,0.2769,906.09,1.4183,1.7596,4.0884,1.3024,2.2536,4.3021,1.107,1.9062,4.2368,2.417,2.6155,4.3004,0.85182,2.0029,4.3256,1.5173,2.6094,3.8978,3.3866,2.7975,6.2783,1.0877,1.9039,4.2526,1.7396,1.5508,4.182,1.3059,2.2209,4.3832,0.80672,2.0494,4.216,3.0274,2.8231,4.5893,5.4191,2.6001,1.1592,1.3436,2.6573,3.7216,0.8343,2.1201,2.9679,2.6021,2.1938,4.6943,1.427,1.6111,3.9457,0.58488,2.6745,3.6898,2.0815,1.7582,3.5538,1.0227,2.3797,3.1896,0.032325,2.3162,3.2273,1.7406,1.6622,3.442,1.8244,2.6776,4.0776,1.8064,1.7489,3.4342,1.4182,1.5795,3.9701,0.39406,2.1876,3.0952,2.1423,2.4182,4.5137,1.4426,1.7265,3.205,0.81722,1.9641,2.7542,3.4218,2.8149,6.2682,2.1144,1.8081,3.5718,1.1326,2.7319,3.0631,1.8705,2.6025,4.1232,0.69924,1.9769,2.8236,1.0184,2.3918,3.1615,1.9699,1.9226,4.5995,1.7627,1.6075,3.9172,0.55033,2.1839,3.8088,1.2294,2.6,3.8027,0.85766,2.1579,3.1185,2.754,2.3865,4.5398,2.2504,2.26,4.8793,1.5459,1.6798,3.9755,1.9397,1.9367,4.5568,1.5434,2.2321,3.2353,0.66846,2.2248,2.9687,2.4895,2.4713,4.4979,1.8312,2.6065,4.571,1.7769,2.6107,4.5511,2.7878,2.4297,4.668,1.2651,2.5796,3.8195,1.8468,2.3127,4.4501,1.8021,2.9328,3.7209,0.68961,2.4832,2.6412,1.4272,2.1578,4.6164,2.0467,2.9457,3.9556,0.26259,2.4121,3.2627,1.6709,1.557,4.0565,0.64463,2.0856,2.9819,2.2568,2.2725,4.6677,0.80567,2.4963,3.2981,0.8712,2.1719,3.1039,6.1482,2.8716,1.6679,2.1499,2.0877,4.791,2.7337,2.4369,4.6165,2.5185,2.2205,4.9824,1.9123,2.5703,4.1957,1.079,1.6917,4.0748,4.6604,2.7725,0.51885,0.79793,2.1377,2.9676,1.329,2.0891,4.4146,0.98171,2.1651,3.3955,2.0375,2.6222,4.2647,1.7727,1.4891,4.1031,1.3261,2.5224,3.1797,0.81567,2.5278,3.6851,2.114,1.8154,3.6233,1.5085,2.5071,3.4432,1.5985,2.6038,3.7083,1.5769,1.5935,4.2352,1.8362,2.5988,4.2543,1.9551,2.6065,4.4155,3.6574,2.7091,0.1064,1.7779,1.4798,4.085,1.8839,1.9959,3.4975,1.9979,2.9255,4.8145,1.2944,2.5409,3.259,2.5645,2.434,4.8767,1.112,2.6262,3.9836,1.5153,2.4791,3.4625,1.0691,1.8466,4.0554,1.716,1.5137,4.0358,1.8197,1.9797,3.4047,0.2849,2.8898,3.3431,2.9769,2.2787,4.7342,1.2812,1.9451,4.2448,1.3689,2.6269,3.5847,1.3775,2.4811,3.3685,1.9314,1.8602,3.6111,1.9521,2.5405,4.1082,0.98798,2.3079,3.1339,2.5415,1.9713,5.1496,1.2932,2.6268,3.4946,1.2767,2.514,3.2523,0.49999,2.8818,3.5384,0.59984,1.8729,2.6941,1.5528,1.9565,4.5327,1.4554,1.7373,4.1613,5.1332,2.8145,1.4266,0.7953,2.0793,2.8382,1.0976,2.69,4.0186,2.3365,2.4835,3.6116,2.4629,2.3607,4.7326,3.0154,2.6075,4.6871,2.0982,2.5049,4.4319,2.3894,2.225,4.3644,0.67566,2.1552,3.1244,0.64722,2.3982,3.2213,0.58849,2.1401,3.6961,2.4009,2.3984,4.5731,1.0391,2.3966,3.1437,1.1993,1.6706,4.2389,1.6175,2.0386,3.3575,5.8452,2.6163,1.5736,3.5157,2.8786,0.25863,0.83435,2.3606,3.0872,1.6782,1.5942,4.043,1.5399,1.9268,3.1763,0.78517,2.4131,2.9711,2.1622,2.3017,4.7778,1.2647,2.5759,3.2359,1.0302,1.9278,3.512,0.33437,1.9931,3.3563,1.7746,1.9886,3.3411,2.4259,2.2213,4.3379,2.2727,2.108,5.0163,1.2153,1.6133,3.8516,0.70601,1.9748,2.8067,2.278,2.1398,5.0657,2.4317,2.2879,4.6565,1.5803,2.511,3.9622,4.5436,2.8045,0.49179,1.9731,2.5266,4.0675,0.79508,1.9459,4.1056,1.4501,2.6776,4.3324,3.9474,2.7609,0.24688,1.5894,1.7244,3.3232,0.18773,2.295,3.1954,5.1093,2.807,1.0996,0.74444,2.6925,3.4553,1.4151,2.5542,3.0413,2.2174,2.0465,4.9136,1.4387,1.9594,4.4552,1.5296,1.6264,3.3357,1.4393,2.905,3.3665,0.6891,2.3817,3.0567,0.8614,2.4249,3.0651,0.23878,2.5872,3.297,1.7164,2.3986,4.2528,0.71296,2.4092,2.9807,0.94431,2.3824,3.4778,1.3918,1.7355,4.2547,0.3152,2.3386,3.3345,1.5242,1.5725,3.3239,0.66034,2.3933,3.0285,3.5276,2.8287,0.20379,1.874,2.5475,3.9845,2.1144,2.2008,4.7065,2.1831,2.7299,4.7356,1.9305,1.8074,3.795,1.2842,1.6687,3.7384,2.2439,2.0778,4.9861,1.3349,2.5694,3.8427,0.95213,3.0458,2.7677,4.8226,2.8543,0.53668,1.4554,2.7078,4.4764,1.9533,1.8612,3.8809,1.4067,2.6628,3.0726,0.74117,2.7059,3.394,1.1242,2.868,4.2968,0.90579,2.5496,2.8545,0.68524,2.0774,2.8951,0.54151,2.4226,3.3468,1.561,2.1387,4.3885,1.6395,2.7234,4.6181,0.47161,2.0212,2.8621,2.0198,1.795,3.792,1.1719,1.6973,3.7502,2.1839,2.628,4.5817,1.3178,1.6979,4.0578,1.2976,2.1315,3.1183,0.55899,2.052,2.9168,0.59529,2.4014,2.7626,1.7335,2.4634,4.2392,2.1663,2.5965,4.603,0.51172,2.0433,2.8648,1.5886,1.6722,3.3718,0.088191,3.0631,1.9243,0.70659,2.5995,2.6809,3.2558,2.7136,6.2765,0.40712,2.8742,3.1339,4.764,2.8635,0.48343,2.2482,2.2813,3.497,1.2866,2.9658,4.1392,1.1983,2.4406,3.3773,1.0148,3.0264,3.8925,2.2797,2.2276,3.6636,1.1566,1.6355,3.7579,2.4404,2.376,4.6042,2.423,2.7145,4.0955,1.3845,2.6692,4.3739,1.9186,1.7462,3.7901,1.2589,2.6293,3.7688,2.2802,2.4141,4.7702,1.5964,2.5512,3.5729,2.1729,2.3072,4.1932,0.72566,1.9744,3.2574,2.1557,2.4262,3.5544,2.1773,2.3641,3.4827,2.2857,1.999,5.0201,2.5564,2.2575,4.7771,2.2854,2.2665,3.7101,1.3427,1.5982,3.8927,2.1174,2.6027,4.5359,1.9282,1.7949,3.7871,0.78095,2.0787,4.1793,1.5814,1.6997,4.2329,2.1756,2.6139,4.6265,1.4505,2.4014,3.267,6.1396,2.9327,2.4731,1.8662,1.7717,3.5649,1.828,2.8247,4.0862,2.1903,1.9641,4.9373,1.2592,2.5962,4.4718,2.0367,2.1599,4.8982,1.6076,1.6328,3.959,1.6257,2.0789,3.2804,1.1052,2.6493,3.6268,1.011,2.7609,3.8332,1.5224,2.5187,3.9498,1.1756,2.6677,3.6422,1.7839,1.5828,4.0623,0.96293,2.4634,2.876,2.0532,2.1982,4.5371,0.47176,2.6751,3.2172,0.99999,1.9062,4.272,0.99652,2.2889,3.1433,1.7521,2.4203,4.6241,0.92403,2.0082,2.8682,0.71361,1.9515,2.7357,1.5859,1.6244,3.9654,0.9806,2.4407,2.9432,1.3006,1.5448,3.8655,2.7152,2.5655,4.6118,1.0552,2.2743,3.5181,1.216,2.6708,3.7249,1.9845,1.9869,4.547,1.0003,1.9229,4.2708,1.9004,1.7081,3.4971,1.659,2.5728,3.9915,2.1608,2.5276,4.8356,2.037,2.4388,3.5685,1.4567,2.9707,3.6595,1.4668,1.5306,4.1689,0.5754,2.9751,3.604,1.6184,1.6114,4.1891,0.72238,1.9745,2.7326,0.76127,2.2163,3.9967,2.6159,2.5662,4.5267,2.094,2.0598,3.4113,1.5037,2.7435,3.6653,1.0094,2.3789,3.4733,2.6245,2.1125,4.6707,1.4409,1.7128,4.4381,1.5429,2.5682,3.673,2.0666,2.4324,4.1726,2.606,2.3187,4.8762,0.61331,2.5291,3.1392
1789.1,0.13297,123.87,15.775,0.28583,922.46,1.4158,1.7576,4.0869,1.3044,2.2541,4.3056,1.1042,1.9043,4.2359,2.4156,2.6144,4.3021,0.8512,2.0024,4.3273,1.5173,2.6115,3.8974,3.3959,2.7948,0.014728,1.0843,1.9016,4.2528,1.7401,1.5477,4.1797,1.3055,2.2202,4.387,0.80613,2.0491,4.2174,3.0294,2.8225,4.5901,5.4153,2.5953,1.1571,1.343,2.6564,3.7204,0.83097,2.1187,2.9662,2.6052,2.1962,4.7,1.4248,1.6104,3.9465,0.58156,2.6766,3.6826,2.084,1.7573,3.5562,1.0165,2.3799,3.1867,0.025282,2.3164,3.218,1.7391,1.6607,3.4439,1.8221,2.6745,4.0757,1.8072,1.75,3.4355,1.417,1.5787,3.9701,0.39471,2.1882,3.0933,2.1439,2.4189,4.5152,1.4412,1.7285,3.2049,0.81637,1.964,2.7546,3.4376,2.8126,0.006029,2.1191,1.808,3.5756,1.1371,2.7329,3.0689,1.8731,2.6031,4.1278,0.69985,1.9788,2.8236,1.0152,2.3908,3.1625,1.9731,1.9224,4.6033,1.7644,1.6081,3.9183,0.55331,2.1825,3.8128,1.2329,2.6015,3.8064,0.85496,2.1593,3.1163,2.758,2.3877,4.5433,2.2552,2.2616,4.8845,1.5477,1.6788,3.9764,1.9424,1.9369,4.559,1.5458,2.2332,3.2348,0.66652,2.2268,2.9674,2.491,2.4729,4.5026,1.8272,2.607,4.5603,1.7737,2.6109,4.5426,2.7949,2.4314,4.6782,1.264,2.5811,3.8157,1.8531,2.3155,4.4546,1.7989,2.9305,3.7176,0.69262,2.4841,2.6433,1.4214,2.1615,4.6127,2.048,2.9418,3.956,0.2598,2.412,3.2591,1.6713,1.5561,4.0556,0.64334,2.0855,2.9802,2.2558,2.2727,4.6663,0.80472,2.4933,3.3015,0.86961,2.1729,3.1023,6.1472,2.8704,1.6664,2.1554,2.0894,4.7961,2.7374,2.438,4.6232,2.5175,2.2167,4.9801,1.9121,2.5685,4.1949,1.0788,1.6879,4.0781,4.6588,2.7692,0.51792,0.79705,2.1381,2.9677,1.3309,2.0891,4.4181,0.97881,2.1677,3.392,2.0334,2.6194,4.2602,1.7752,1.4857,4.1011,1.3301,2.5218,3.1806,0.81769,2.5299,3.6828,2.1163,1.8124,3.6208,1.5082,2.509,3.4462,1.6001,2.6051,3.7152,1.5742,1.5941,4.2348,1.8331,2.5952,4.2493,1.9543,2.6027,4.4137,3.6657,2.7061,0.11349,1.7807,1.4755,4.0819,1.8901,1.9951,3.5003,1.9929,2.9247,4.8091,1.2967,2.5411,3.2613,2.563,2.4338,4.8739,1.113,2.6265,3.98,1.5134,2.4806,3.4636,1.0663,1.8457,4.0553,1.7181,1.5121,4.0346,1.824,1.9783,3.4052,0.28704,2.888,3.3446,2.9788,2.2773,4.7364,1.2795,1.9446,4.2461,1.3713,2.6267,3.5907,1.3757,2.4822,3.3704,1.9346,1.8569,3.6095,1.953,2.543,4.1122,0.98515,2.3082,3.1329,2.5408,1.9708,5.1496,1.2953,2.6263,3.4998,1.2719,2.515,3.2503,0.50417,2.8794,3.5419,0.59881,1.873,2.6907,1.5473,1.9551,4.5319,1.455,1.7347,4.1619,5.1243,2.8118,1.4166,0.79441,2.0787,2.839,1.0976,2.6915,4.0157,2.3424,2.4818,3.6132,2.4608,2.359,4.7285,3.0213,2.6044,4.6904,2.0979,2.5054,4.4308,2.3916,2.229,4.3706,0.67155,2.1577,3.1178,0.65421,2.3968,3.2282,0.58904,2.1402,3.6962,2.4028,2.3974,4.5776,1.0451,2.3953,3.1495,1.1969,1.674,4.2368,1.6141,2.0383,3.3542,5.837,2.6132,1.5651,3.5164,2.8768,0.25979,0.83116,2.3595,3.0866,1.6785,1.5934,4.0422,1.5418,1.9284,3.1771,0.78501,2.4116,2.9728,2.164,2.3006,4.7756,1.2671,2.5773,3.2393,1.0309,1.9257,3.5128,0.33062,1.9943,3.359,1.7777,1.9868,3.339,2.4304,2.2265,4.3462,2.2761,2.1057,5.0171,1.2126,1.6107,3.8514,0.70557,1.9743,2.8065,2.2809,2.138,5.0667,2.4344,2.2897,4.6609,1.5802,2.5147,3.9616,4.5493,2.7997,0.49934,1.9741,2.5321,4.0703,0.79435,1.9459,4.1054,1.4565,2.6801,4.3335,3.9563,2.7585,0.25696,1.5925,1.7287,3.325,0.18666,2.295,3.1919,5.1116,2.8022,1.104,0.74523,2.6905,3.4556,1.4166,2.5556,3.0401,2.2212,2.0441,4.9138,1.4366,1.9555,4.4575,1.5298,1.6258,3.3372,1.4407,2.9049,3.3655,0.69317,2.3803,3.0629,0.85957,2.4242,3.0667,0.23818,2.5863,3.2944,1.72,2.402,4.2566,0.71899,2.4086,2.9871,0.93945,2.388,3.4705,1.3915,1.7334,4.2528,0.31448,2.3387,3.3323,1.524,1.5703,3.3255,0.66429,2.3924,3.0345,3.5364,2.8267,0.21329,1.8711,2.5476,3.9843,2.1186,2.2005,4.7095,2.1732,2.7274,4.7218,1.9313,1.8016,3.7931,1.2839,1.6658,3.7394,2.2465,2.076,4.9862,1.3335,2.5681,3.8391,0.94256,3.0456,2.7575,4.824,2.8511,0.54015,1.4588,2.7073,4.4776,1.9554,1.8585,3.8817,1.4107,2.6636,3.0788,0.7451,2.7045,3.3983,1.1294,2.8661,4.3016,0.91237,2.5509,2.8599,0.68609,2.0804,2.8951,0.54259,2.4231,3.3456,1.5615,2.1361,4.3933,1.6457,2.7235,4.6219,0.46893,2.0221,2.8571,2.0207,1.7929,3.7922,1.1707,1.6931,3.7529,2.183,2.6267,4.5787,1.3156,1.7006,4.0551,1.2948,2.1302,3.1167,0.55695,2.0532,2.9126,0.5989,2.4001,2.7683,1.7366,2.4681,4.2401,2.1623,2.5938,4.5965,0.50968,2.0436,2.8613,1.5891,1.6721,3.3737,0.068931,3.0633,1.903,0.70606,2.6035,2.679,3.2641,2.7116,0.0054587,0.42097,2.8727,3.1497,4.7675,2.8617,0.48859,2.2483,2.2779,3.4924,1.2856,2.9632,4.1391,1.1936,2.442,3.3747,1.0089,3.0251,3.8894,2.2776,2.2275,3.6595,1.1551,1.6291,3.7613,2.4405,2.3765,4.6047,2.4194,2.7151,4.0985,1.3865,2.6691,4.373,1.9193,1.7407,3.7889,1.2609,2.6262,3.7704,2.2798,2.4136,4.7654,1.5949,2.551,3.5784,2.1738,2.3111,4.1975,0.72338,1.9768,3.2537,2.1516,2.4267,3.5486,2.1735,2.362,3.4749,2.2872,1.9995,5.02,2.5541,2.2565,4.7767,2.2827,2.2682,3.7076,1.3424,1.5974,3.893,2.1114,2.599,4.5273,1.9296,1.7902,3.7845,0.78136,2.0768,4.1846,1.5803,1.6969,4.2319,2.1703,2.611,4.619,1.4509,2.4023,3.2672,6.1472,2.9337,2.4822,1.8678,1.7709,3.5667,1.8275,2.8196,4.0844,2.1942,1.9636,4.94,1.2613,2.5965,4.4758,2.0403,2.161,4.8987,1.6078,1.6299,3.959,1.6275,2.0807,3.2788,1.1056,2.6477,3.6262,1.0116,2.7594,3.831,1.5256,2.5201,3.9535,1.176,2.6658,3.641,1.782,1.5791,4.062,0.96439,2.4641,2.8786,2.0579,2.2014,4.5416,0.47948,2.6707,3.2241,0.99724,1.9045,4.2716,0.99674,2.2886,3.1452,1.756,2.4204,4.6257,0.92214,2.0068,2.8677,0.71309,1.9504,2.7357,1.5855,1.6224,3.9654,0.98117,2.441,2.9467,1.2979,1.5431,3.8666,2.7138,2.5651,4.6113,1.0534,2.2792,3.5141,1.2179,2.6681,3.7263,1.9853,1.9871,4.5493,0.99855,1.9214,4.2717,1.9023,1.709,3.4987,1.6587,2.5742,3.9911,2.1627,2.5273,4.8342,2.0341,2.441,3.5647,1.4651,2.9668,3.6679,1.4671,1.5323,4.1675,0.57108,2.9744,3.6006,1.6196,1.6094,4.1881,0.72193,1.9738,2.7325,0.76265,2.2178,3.9974,2.6143,2.5656,4.5278,2.0974,2.0579,3.4118,1.507,2.7397,3.6705,1.007,2.3829,3.4691,2.6279,2.1154,4.6771,1.4397,1.7137,4.4388,1.5418,2.5685,3.6759,2.0672,2.4356,4.1757,2.6044,2.3178,4.8739,0.6172,2.5297,3.1432
1781.7,0.13181,122.78,15.703,0.0089259,369.12,1.5197,1.8355,4.1699,1.2773,2.2262,4.2238,1.2276,1.9853,4.235,2.4961,2.6609,4.3005,0.85815,2.0592,4.2208,1.5198,2.4885,3.8934,3.02,2.8392,5.8335,1.2246,1.9869,4.2349,1.7475,1.7129,4.2468,1.2781,2.2267,4.2275,0.85687,2.0616,4.2154,2.8966,2.8353,4.511,5.6999,2.7741,1.4556,1.2449,2.8378,3.63,0.95391,2.1448,3.0213,2.4856,2.0545,4.4508,1.4724,1.674,3.9066,0.65704,2.5727,3.8803,2.0067,1.7633,3.4746,1.0775,2.4433,3.0669,0.2655,2.2865,3.5545,1.785,1.6745,3.3886,2.1281,2.8226,4.4325,1.7868,1.6753,3.3916,1.4735,1.6708,3.91,0.39431,2.1353,3.1991,2.0396,2.3584,4.3919,1.4742,1.669,3.1996,0.83102,1.8803,2.7698,3.0198,2.8414,5.8282,2.0073,1.7651,3.4765,1.0062,2.7169,2.8803,1.8189,2.5886,4.0042,0.63346,1.8727,2.7981,1.072,2.4443,3.0581,1.8989,1.9153,4.4951,1.6827,1.6904,3.8936,0.51064,2.2013,3.745,1.1923,2.4279,3.7831,1.0012,2.0634,3.2659,2.5511,2.3006,4.2968,2.072,2.1525,4.6811,1.4792,1.6733,3.9127,1.896,1.9169,4.4935,1.4909,2.1741,3.2667,0.82004,2.0829,3.1833,2.4188,2.3734,4.3174,1.9429,2.6009,4.8846,1.9338,2.5964,4.873,2.5491,2.3011,4.2951,1.2867,2.4896,3.9431,1.689,2.2327,4.2971,2.0435,3.0599,3.9854,0.50715,2.4697,2.4792,1.5425,2.0566,4.611,2.0733,3.064,4.0191,0.38814,2.3761,3.4317,1.6617,1.6258,4.0821,0.7087,2.0236,3.096,2.2449,2.241,4.6482,0.63633,2.6158,3.0085,1.0014,2.0667,3.2665,0.12278,2.8905,1.9661,1.9957,1.9857,4.5905,2.5476,2.3019,4.2968,2.67,2.3358,5.1941,2.1339,2.8174,4.4355,1.0791,1.8456,3.9486,4.6224,2.9945,0.50824,0.88467,2.1182,3.0513,1.305,2.0994,4.2685,1.0548,2.0873,3.4922,2.3028,2.7521,4.5713,1.7025,1.5957,4.1565,1.1474,2.5569,3.0711,0.75194,2.4279,3.7687,2.0554,1.9258,3.7364,1.5972,2.4377,3.4674,1.6576,2.5246,3.6066,1.6572,1.6731,4.25,2.1004,2.8066,4.5759,2.1075,2.8062,4.5809,3.3613,2.7818,6.1226,1.7018,1.5957,4.1566,1.7056,2.0045,3.4527,2.1225,2.9366,4.9189,1.1487,2.557,3.076,2.6358,2.4462,4.9863,1.0277,2.6037,4.0662,1.5994,2.4366,3.468,1.1833,1.8026,4.0997,1.6622,1.6258,4.0826,1.704,2.0045,3.45,0.2874,2.9462,3.3348,2.8732,2.2939,4.5678,1.3168,1.9498,4.2056,1.2528,2.6865,3.3299,1.4629,2.4582,3.3434,1.8429,1.9819,3.7223,1.9506,2.3414,3.9935,1.0946,2.2829,3.1872,2.5396,2.0466,5.1481,1.2423,2.686,3.3147,1.459,2.4616,3.3384,0.29659,2.946,3.3443,0.67549,1.8079,2.9091,1.6989,2.0253,4.4253,1.467,1.8601,4.1206,5.532,2.9004,1.8441,0.81924,2.1204,2.7825,1.026,2.6058,4.0667,2.1592,2.5248,3.6215,2.6364,2.4442,4.9864,2.8029,2.704,4.5221,2.1603,2.5286,4.5308,2.3489,2.1033,4.1956,0.76616,1.9917,3.3469,0.33039,2.4734,2.8852,0.60369,2.141,3.7129,2.3861,2.5062,4.4322,0.75338,2.4645,2.856,1.2547,1.5844,4.287,1.7011,2.0076,3.449,5.66,2.6891,2.0341,3.2214,2.9379,6.2143,0.7493,2.462,2.8593,1.6613,1.6342,4.0864,1.4948,1.8658,3.1825,0.74452,2.4636,2.8525,2.168,2.3479,4.952,1.1462,2.5629,3.0729,1.0026,1.9625,3.5038,0.52869,1.9782,3.2576,1.7018,2.0088,3.4479,2.3859,2.0823,4.1984,2.1449,2.1541,4.9811,1.2882,1.7495,3.8019,0.68311,1.977,2.7567,2.1448,2.1542,4.9837,2.3202,2.1867,4.4632,1.5676,2.2969,3.9631,4.2154,3.0034,0.14794,1.9549,2.3398,3.9965,0.83805,1.9631,4.1186,1.1792,2.574,4.2168,3.5282,2.8524,6.0904,1.5326,1.6183,3.2873,0.31981,2.2981,3.4036,5.1301,2.9875,1.0707,0.56423,2.7832,3.2616,1.2707,2.5078,2.9803,2.1409,2.1499,4.9776,1.4745,2.0925,4.352,1.5255,1.6233,3.2876,1.3789,2.9289,3.3634,0.45457,2.4493,2.7243,0.92336,2.4543,3.0015,0.22279,2.6176,3.3404,1.6126,2.258,4.1264,0.4511,2.4465,2.7175,1.047,2.1729,3.6573,1.3943,1.8055,4.293,0.32406,2.301,3.4051,1.5287,1.617,3.2873,0.45074,2.4497,2.722,3.0028,2.8703,5.9212,2.0041,2.5964,4.0336,1.9731,2.1791,4.5908,2.6275,2.7749,5.2656,1.8917,1.9637,3.902,1.294,1.8133,3.689,2.1458,2.1534,4.9827,1.4006,2.6561,4.0052,1.1147,3.0838,2.9569,4.6937,2.9834,0.41569,1.2621,2.6861,4.338,1.9039,1.956,3.8844,1.2485,2.6366,2.8675,0.37154,2.7728,2.9652,0.93802,2.8919,4.13,0.57911,2.5214,2.5854,0.69618,1.936,2.9876,0.54634,2.3975,3.4262,1.5661,2.1763,4.2313,1.2673,2.6881,4.3436,0.62979,1.9512,3.1116,1.9804,1.8948,3.8176,1.1933,1.8437,3.6474,2.4543,2.7214,4.9715,1.3759,1.5307,4.1699,1.3882,2.1563,3.1733,0.63539,1.9509,3.1117,0.46405,2.4495,2.5713,1.6143,2.2571,4.1296,2.4528,2.7201,4.974,0.63307,1.9528,3.1087,1.5645,1.7118,3.3281,0.50842,3.0411,2.4214,0.57777,2.5217,2.5866,2.9156,2.7443,5.8969,6.187,2.8649,2.554,4.6753,2.9868,0.39516,2.3419,2.4059,3.746,0.89835,3.0804,3.6829,1.4339,2.2605,3.5592,0.85563,3.0784,3.6403,2.3659,2.2373,3.8067,1.1917,1.843,3.6463,2.4267,2.3387,4.5612,2.5806,2.6308,4.0326,1.2635,2.683,4.3384,1.8925,1.9583,3.9012,1.1306,2.7913,3.6563,2.4436,2.4838,5.0832,1.6079,2.6189,3.3072,2.168,2.1889,4.1028,0.7867,1.9029,3.3704,2.3424,2.4094,3.7482,2.345,2.4105,3.7492,2.186,1.8927,4.9053,2.6431,2.2894,4.7918,2.3644,2.2385,3.8071,1.3797,1.5854,3.8372,2.4561,2.7193,4.9773,1.8919,1.9587,3.9019,0.77872,2.1408,3.9654,1.6015,1.8299,4.2576,2.4539,2.7202,4.9757,1.4458,2.3888,3.2611,5.9316,2.8816,2.2112,1.8578,1.7995,3.4772,1.9741,3.0207,4.2969,2.0174,1.9497,4.7571,1.1036,2.579,4.2753,1.8851,2.1493,4.8619,1.6131,1.799,3.9663,1.6048,2.0098,3.3886,1.0183,2.772,3.5683,0.91785,2.829,3.8157,1.3817,2.3931,3.8451,1.1255,2.793,3.6504,1.838,1.7915,4.0925,0.91337,2.4606,2.7745,1.9111,2.0696,4.3862,0.079762,2.7956,2.8452,1.085,1.9588,4.2612,0.94903,2.3352,3.0129,1.6347,2.3954,4.5869,0.97881,2.0852,2.8362,0.7429,1.9979,2.7425,1.6124,1.798,3.9684,0.9155,2.4595,2.777,1.3796,1.5856,3.8368,2.7671,2.589,4.6326,1.0848,2.1379,3.6264,1.1228,2.7967,3.651,1.9759,1.9863,4.4767,1.0821,1.9615,4.2586,1.8534,1.6536,3.4507,1.6621,2.4837,3.999,2.1131,2.5545,4.9215,2.154,2.3808,3.7092,1.1859,3.0726,3.4173,1.4464,1.4673,4.2316,0.62081,2.9992,3.6164,1.6237,1.7486,4.2319,0.74394,1.9978,2.7417,0.69122,2.1942,3.9445,2.6878,2.6025,4.5368,1.9931,2.127,3.4382,1.383,2.9191,3.5363,1.0816,2.1941,3.6336,2.5321,2.0005,4.4713,1.4906,1.7346,4.4222,1.6082,2.5916,3.5831,2.0622,2.2906,4.0735,2.7073,2.3728,5.0068,0.44734,2.5309,2.9611
1781.7,0.13181,122.78,15.703,0.017852,390.17,1.5147,1.8349,4.1647,1.2752,2.2282,4.2242,1.2229,1.9827,4.2377,2.4911,2.6583,4.2971,0.85861,2.0553,4.227,1.5194,2.4959,3.8937,3.0351,2.8395,5.8527,1.2183,1.9846,4.2358,1.7465,1.7061,4.2451,1.2807,2.2271,4.2332,0.85445,2.0617,4.2144,2.9045,2.8351,4.5159,5.6843,2.7691,1.4379,1.2555,2.8268,3.6407,0.94939,2.1444,3.0199,2.4882,2.0604,4.459,1.472,1.6703,3.9086,0.65542,2.5774,3.8745,2.0088,1.7641,3.4777,1.0848,2.4375,3.0835,0.25676,2.2878,3.5431,1.7832,1.676,3.3904,2.1042,2.8168,4.4057,1.7869,1.6813,3.3937,1.4696,1.665,3.9151,0.39234,2.1395,3.1913,2.0471,2.3656,4.4017,1.4739,1.673,3.2002,0.82994,1.8889,2.7649,3.032,2.8414,5.8424,2.0094,1.7701,3.4798,1.0085,2.7181,2.8848,1.8204,2.5881,4.0083,0.63692,1.8786,2.7983,1.0715,2.4418,3.0646,1.901,1.9166,4.4985,1.6867,1.6834,3.892,0.51117,2.2015,3.7461,1.1902,2.4416,3.7779,0.99378,2.07,3.2575,2.5593,2.306,4.3083,2.079,2.1601,4.6902,1.481,1.6718,3.9158,1.8955,1.9173,4.4953,1.4929,2.1796,3.2656,0.81513,2.0895,3.1747,2.4206,2.3777,4.3235,1.9384,2.5991,4.875,1.9248,2.5978,4.8586,2.5549,2.3073,4.3055,1.2857,2.4943,3.9372,1.6926,2.2345,4.3024,2.0183,3.054,3.9584,0.51635,2.4693,2.4876,1.5423,2.0592,4.617,2.0658,3.0598,4.0101,0.38136,2.38,3.4214,1.6617,1.6193,4.0814,0.70677,2.0279,3.0909,2.2466,2.2434,4.6515,0.65077,2.6106,3.0252,0.99508,2.074,3.2579,0.11053,2.8909,1.9519,1.998,1.9881,4.5959,2.5519,2.3087,4.3062,2.66,2.3316,5.184,2.1136,2.807,4.4138,1.0794,1.8386,3.9543,4.6281,2.9859,0.51196,0.88042,2.1195,3.046,1.3049,2.0981,4.2747,1.0531,2.0887,3.49,2.2847,2.7463,4.55,1.7045,1.5905,4.154,1.1563,2.5547,3.079,0.75519,2.4321,3.7667,2.0573,1.9205,3.7308,1.5926,2.4398,3.464,1.6504,2.5296,3.6042,1.654,1.6649,4.2501,2.0826,2.7988,4.5564,2.0948,2.7977,4.5678,3.3715,2.7805,6.1321,1.7042,1.5899,4.154,1.7104,2.0038,3.4518,2.1112,2.935,4.9092,1.1568,2.555,3.0869,2.632,2.4455,4.9815,1.0342,2.6047,4.067,1.5951,2.4374,3.4658,1.1798,1.8096,4.0953,1.6634,1.6185,4.0805,1.7071,2.004,3.4464,0.28282,2.9445,3.3314,2.8778,2.2959,4.5769,1.3159,1.9493,4.2066,1.2613,2.6817,3.3448,1.4592,2.4578,3.343,1.8453,1.9764,3.7163,1.9493,2.3512,3.9956,1.0902,2.284,3.1842,2.5394,2.0414,5.1464,1.2443,2.6808,3.3213,1.4517,2.4642,3.334,0.30354,2.9446,3.3512,0.673,1.8113,2.9006,1.6961,2.0216,4.4327,1.4665,1.8535,4.1235,5.5176,2.8984,1.83,0.81994,2.1173,2.7877,1.0315,2.6088,4.068,2.1681,2.5248,3.6219,2.6298,2.4422,4.9776,2.8068,2.7011,4.5249,2.1543,2.5251,4.5231,2.349,2.105,4.1986,0.76645,1.9962,3.3434,0.34062,2.4706,2.8954,0.60247,2.1415,3.7116,2.386,2.4989,4.4361,0.76274,2.4625,2.8653,1.254,1.5866,4.287,1.6993,2.0101,3.4462,6.2161,2.6886,2.016,3.2359,2.9369,6.2334,0.76003,2.4567,2.8753,1.6623,1.6343,4.0845,1.4959,1.8684,3.1818,0.74897,2.4612,2.8601,2.1669,2.3474,4.9451,1.1522,2.563,3.0807,1.0037,1.9622,3.504,0.52348,1.9784,3.2594,1.7038,2.0105,3.4439,2.3858,2.0857,4.2005,2.1495,2.1538,4.9835,1.2865,1.7428,3.8051,0.68429,1.977,2.7591,2.1505,2.1552,4.9887,2.3236,2.1909,4.4698,1.5685,2.3092,3.9636,4.2416,2.9951,0.17276,1.9546,2.3454,3.9979,0.83705,1.9609,4.1206,1.1881,2.5779,4.2219,3.547,2.8492,6.1088,1.5333,1.6201,3.2882,0.31324,2.2987,3.3951,5.1247,2.982,1.0654,0.57592,2.7805,3.2751,1.2792,2.5101,2.9862,2.1408,2.1451,4.9717,1.4754,2.0895,4.3561,1.5257,1.6247,3.2893,1.3815,2.9278,3.3648,0.46334,2.4472,2.7362,0.9181,2.4541,3.0009,0.22482,2.6169,3.341,1.6149,2.2623,4.1298,0.4623,2.4447,2.7279,1.0451,2.1797,3.6531,1.3941,1.8024,4.2928,0.32291,2.3039,3.4005,1.5284,1.6162,3.2883,0.45963,2.4474,2.7346,3.0323,2.8703,5.9525,1.9981,2.5929,4.0294,1.9781,2.1816,4.5959,2.6142,2.775,5.2507,1.8935,1.96,3.8983,1.2939,1.8072,3.6908,2.1497,2.1515,4.9834,1.3973,2.6526,3.9984,1.1192,3.0812,2.9598,4.7,2.9791,0.41978,1.2713,2.6887,4.3461,1.9045,1.9525,3.8832,1.255,2.6372,2.8748,0.39336,2.7708,2.9903,0.94244,2.8941,4.1336,0.59235,2.5219,2.5964,0.69394,1.9425,2.9804,0.54471,2.3999,3.4207,1.5653,2.1777,4.2369,1.284,2.6915,4.357,0.62261,1.9554,3.1022,1.9822,1.8903,3.8156,1.193,1.839,3.6508,2.4353,2.7174,4.947,1.3749,1.5402,4.1659,1.3856,2.1564,3.1711,0.63271,1.9562,3.1029,0.46914,2.4478,2.5782,1.6159,2.263,4.1334,2.4372,2.7153,4.956,0.62881,1.9586,3.0979,1.5656,1.7096,3.3295,0.50134,3.0428,2.4114,0.58702,2.523,2.5947,2.9252,2.7456,5.9088,6.2036,2.867,2.573,4.6742,2.9828,0.39175,2.3343,2.4013,3.7333,0.94538,3.0778,3.7333,1.425,2.2702,3.5515,0.87204,3.0766,3.66,2.3621,2.2362,3.8001,1.1913,1.8369,3.6494,2.4278,2.3405,4.5643,2.575,2.6365,4.0348,1.2687,2.6815,4.3416,1.8936,1.95,3.8951,1.1399,2.7824,3.6653,2.4323,2.4801,5.0677,1.6089,2.6147,3.3182,2.1674,2.1913,4.1038,0.78584,1.9042,3.3683,2.3342,2.4088,3.7401,2.338,2.4084,3.7392,2.1892,1.9016,4.9124,2.6397,2.2881,4.7912,2.3614,2.2378,3.802,1.3783,1.5857,3.8402,2.4397,2.7159,4.957,1.8929,1.9515,3.8967,0.77785,2.139,3.9736,1.6013,1.8236,4.2567,2.4384,2.7161,4.9576,1.446,2.388,3.2614,5.9394,2.8838,2.221,1.8558,1.798,3.4812,1.9671,3.014,4.2874,2.0232,1.9503,4.7654,1.112,2.5791,4.2835,1.8905,2.1478,4.8627,1.6129,1.791,3.9657,1.6045,2.0106,3.3824,1.028,2.7635,3.5774,0.92757,2.8243,3.8239,1.3885,2.4003,3.8483,1.1304,2.7854,3.6539,1.8363,1.7817,4.0906,0.91547,2.4597,2.779,1.9138,2.0722,4.3892,0.094843,2.7934,2.8598,1.0828,1.9567,4.2626,0.9537,2.3312,3.0218,1.6375,2.395,4.5869,0.97807,2.0801,2.8406,0.74115,1.9949,2.7419,1.6112,1.7888,3.9681,0.91939,2.4579,2.7837,1.3774,1.5853,3.8372,2.7613,2.587,4.6264,1.0846,2.1401,3.6248,1.1274,2.7911,3.6548,1.9758,1.9852,4.4777,1.0786,1.9604,4.2586,1.8541,1.6567,3.4519,1.6622,2.4888,3.9988,2.1152,2.5528,4.9186,2.1507,2.3815,3.7057,1.1894,3.0698,3.4193,1.447,1.4681,4.2295,0.6262,2.998,3.6231,1.622,1.7427,4.2291,0.74249,1.9973,2.7402,0.69378,2.1942,3.9465,2.6847,2.6014,4.5346,1.9951,2.1244,3.4346,1.3864,2.9123,3.5378,1.0813,2.1986,3.6304,2.5338,2.0032,4.4753,1.4892,1.7335,4.4218,1.6036,2.5902,3.5834,2.0613,2.2961,4.0756,2.7006,2.3696,4.999,0.45336,2.5297,2.9684
1781.7,0.13181,122.78,15.703,0.026778,409.11,1.5103,1.8341,4.16,1.2732,2.2301,4.2245,1.2186,1.98,4.2402,2.4865,2.6558,4.2942,0.85902,2.0514,4.233,1.519,2.5026,3.8939,3.0491,2.8396,5.8707,1.2124,1.9824,4.2366,1.7456,1.6997,4.2434,1.2831,2.2274,4.2388,0.85185,2.0615,4.2132,2.9115,2.8348,4.52,5.6699,2.7643,1.4216,1.2649,2.8164,3.65,0.945,2.1441,3.0187,2.491,2.066,4.467,1.4713,1.6664,3.9105,0.65451,2.5817,3.8696,2.0109,1.7646,3.4806,1.0908,2.4321,3.0982,0.24868,2.289,3.5325,1.7815,1.6771,3.3922,2.0826,2.8109,4.3811,1.7871,1.6864,3.3957,1.466,1.6597,3.9197,0.39073,2.1433,3.1846,2.0539,2.3716,4.4105,1.4735,1.6762,3.201,0.8292,1.8962,2.7612,3.0436,2.8414,5.8558,2.0117,1.774,3.4828,1.0115,2.719,2.8898,1.8216,2.5877,4.0121,0.64015,1.8842,2.7985,1.0708,2.4395,3.0703,1.9031,1.9177,4.5018,1.6903,1.6772,3.8908,0.51153,2.2016,3.747,1.1881,2.4542,3.7731,0.98683,2.0759,3.2498,2.5672,2.311,4.319,2.0859,2.1668,4.6988,1.4829,1.6712,3.9186,1.8952,1.9178,4.497,1.4949,2.184,3.2645,0.8101,2.0958,3.1663,2.4228,2.3822,4.3299,1.9345,2.5978,4.8662,1.9162,2.5988,4.8451,2.5605,2.3134,4.3157,1.2848,2.4988,3.9316,1.6961,2.2364,4.3077,1.9987,3.0487,3.9372,0.52459,2.469,2.4951,1.5414,2.0618,4.6223,2.0616,3.0561,4.0044,0.37503,2.3833,3.4118,1.6617,1.6138,4.0805,0.70452,2.0322,3.0857,2.2481,2.2458,4.6545,0.66343,2.606,3.0402,0.98888,2.0807,3.2497,0.096798,2.8912,1.9362,2.0007,1.9911,4.6015,2.5564,2.3151,4.3156,2.6506,2.3275,5.1742,2.0958,2.7971,4.3947,1.0797,1.8322,3.9596,4.6325,2.9775,0.51468,0.87624,2.1207,3.0408,1.305,2.0971,4.2807,1.0512,2.0906,3.4875,2.2686,2.741,4.5313,1.7065,1.586,4.1516,1.1649,2.5527,3.0865,0.75796,2.4366,3.7642,2.0592,1.9157,3.7256,1.5883,2.442,3.4611,1.6439,2.5345,3.6025,1.6509,1.6577,4.25,2.0665,2.7912,4.5387,2.0839,2.7897,4.5567,3.3815,2.7791,6.1415,1.7066,1.5846,4.1516,1.7153,2.0034,3.4513,2.1023,2.9339,4.9019,1.1647,2.5534,3.0973,2.6285,2.4446,4.9769,1.0402,2.6058,4.0671,1.5909,2.4384,3.4639,1.1759,1.8156,4.0914,1.6645,1.6117,4.0785,1.7101,2.0036,3.4428,0.27878,2.9427,3.3284,2.8824,2.2978,4.586,1.3149,1.9489,4.2075,1.2689,2.6774,3.3584,1.4552,2.4577,3.3423,1.8476,1.9714,3.7107,1.9482,2.3613,3.9978,1.0858,2.2852,3.1813,2.5395,2.0367,5.1452,1.2461,2.6764,3.3275,1.4443,2.4667,3.3296,0.31118,2.9431,3.3588,0.67039,1.8148,2.8919,1.6933,2.0182,4.44,1.4658,1.8473,4.1262,5.503,2.8964,1.8157,0.8205,2.1143,2.7926,1.0367,2.6121,4.0688,2.1766,2.5247,3.6222,2.6228,2.4401,4.9683,2.8113,2.6982,4.5281,2.1487,2.5218,4.5157,2.3493,2.1071,4.2019,0.76655,2.0009,3.3395,0.3514,2.4678,2.9064,0.60127,2.1418,3.7106,2.3858,2.4917,4.4402,0.77234,2.4606,2.8749,1.2532,1.5887,4.2867,1.6972,2.0124,3.4435,6.2554,2.6879,1.9975,3.251,2.9357,6.2188,0.7704,2.4515,2.8912,1.6632,1.6337,4.0826,1.497,1.871,3.181,0.75308,2.4587,2.8676,2.1656,2.3465,4.9377,1.1581,2.563,3.0884,1.0049,1.9618,3.504,0.51804,1.9785,3.2613,1.706,2.0119,3.4399,2.3858,2.0892,4.2028,2.1543,2.1535,4.986,1.2848,1.7362,3.8084,0.68562,1.9769,2.7618,2.1561,2.1562,4.9935,2.3275,2.1953,4.4768,1.5693,2.321,3.9642,4.2641,2.9869,0.19394,1.9544,2.351,3.9991,0.83568,1.9587,4.1221,1.1975,2.582,4.2272,3.5651,2.846,6.1266,1.5341,1.622,3.2892,0.3067,2.2991,3.3866,5.1205,2.9764,1.0615,0.58741,2.7776,3.2883,1.2873,2.5122,2.9919,2.1408,2.1402,4.9659,1.4763,2.0864,4.3603,1.526,1.6258,3.2911,1.3845,2.9266,3.3667,0.47242,2.4448,2.7486,0.91356,2.4535,3.0009,0.22704,2.6158,3.3418,1.6174,2.2665,4.1331,0.47352,2.4428,2.7384,1.0432,2.1863,3.6488,1.3938,1.7993,4.2925,0.32191,2.3066,3.3963,1.5281,1.6151,3.2892,0.46877,2.4447,2.7475,3.0599,2.8701,5.9818,1.9924,2.5898,4.0257,1.9831,2.1839,4.6008,2.6005,2.775,5.2352,1.8953,1.9562,3.8945,1.2938,1.8011,3.6928,2.1533,2.1493,4.9836,1.3942,2.6491,3.9916,1.1209,3.0787,2.9602,4.7062,2.9749,0.42408,1.2801,2.6911,4.3538,1.9054,1.9488,3.882,1.2614,2.6378,2.8821,0.41453,2.7686,3.0146,0.9472,2.8957,4.1376,0.60562,2.5227,2.6073,0.69185,1.9488,2.9737,0.54281,2.4022,3.4152,1.5645,2.1786,4.2426,1.3006,2.6945,4.37,0.61555,1.9593,3.0927,1.9838,1.8857,3.8136,1.1927,1.8344,3.6542,2.4169,2.7132,4.9232,1.3739,1.5495,4.162,1.3827,2.1564,3.169,0.62997,1.961,3.0946,0.4741,2.446,2.5849,1.6177,2.2689,4.1374,2.4221,2.7106,4.9384,0.62435,1.9642,3.0872,1.5667,1.7074,3.3308,0.49441,3.0443,2.4017,0.59582,2.5242,2.6024,2.935,2.7467,5.9206,6.2165,2.8691,2.5921,4.6739,2.9785,0.38945,2.3272,2.397,3.7213,0.9869,3.075,3.7782,1.4161,2.28,3.5438,0.88648,3.075,3.6778,2.3581,2.2352,3.7939,1.1908,1.8307,3.6524,2.429,2.3425,4.5674,2.5695,2.6422,4.0371,1.2742,2.6803,4.3448,1.8947,1.9419,3.8891,1.1483,2.7739,3.6733,2.4216,2.4763,5.0523,1.6098,2.6105,3.3291,2.1667,2.194,4.1048,0.78478,1.9054,3.366,2.3262,2.4087,3.7326,2.3309,2.4069,3.7295,2.1923,1.9103,4.9194,2.6367,2.2869,4.791,2.3587,2.2375,3.7974,1.3769,1.5861,3.8432,2.4239,2.7127,4.9373,1.8938,1.9448,3.8918,0.77709,2.1372,3.9818,1.601,1.8177,4.2559,2.4238,2.7121,4.9407,1.4463,2.3875,3.2617,5.9471,2.8861,2.2307,1.8539,1.7967,3.4853,1.9597,3.0074,4.2775,2.0292,1.9513,4.7738,1.1202,2.5795,4.2917,1.8958,2.1466,4.8635,1.6126,1.7829,3.9652,1.6042,2.0117,3.3765,1.0363,2.7557,3.5851,0.93594,2.8201,3.8305,1.3949,2.4076,3.8514,1.1349,2.7782,3.6566,1.8347,1.7719,4.0887,0.9176,2.4589,2.7834,1.9167,2.0753,4.3927,0.11002,2.7909,2.8745,1.0805,1.9546,4.2638,0.95835,2.3275,3.0304,1.6404,2.3948,4.5871,0.9772,2.0755,2.8448,0.7394,1.9919,2.7415,1.61,1.7796,3.9679,0.92339,2.4566,2.7904,1.3751,1.5852,3.8376,2.7562,2.5851,4.6211,1.0844,2.1429,3.6227,1.132,2.7854,3.6591,1.976,1.9843,4.4789,1.0752,1.9592,4.2588,1.855,1.6597,3.453,1.6623,2.4939,3.9988,2.1174,2.5513,4.9157,2.147,2.3825,3.7017,1.1936,3.067,3.4222,1.4477,1.4689,4.2271,0.63118,2.9968,3.6294,1.6205,1.7365,4.2267,0.74117,1.9965,2.7391,0.69644,2.1943,3.9485,2.6813,2.5999,4.5319,1.9971,2.1216,3.4311,1.3903,2.9056,3.5399,1.0806,2.2036,3.6267,2.5356,2.0061,4.4797,1.4876,1.7325,4.4214,1.599,2.5891,3.5839,2.0604,2.3016,4.078,2.6943,2.3666,4.9912,0.4599,2.5286,2.976
1781.7,0.13181,122.78,15.703,0.035704,427.81,1.5059,1.8331,4.1554,1.2714,2.2317,4.225,1.2142,1.9773,4.2424,2.4822,2.6535,4.2919,0.85941,2.0477,4.2388,1.5186,2.509,3.8943,3.063,2.8397,5.8881,1.2067,1.9799,4.2374,1.7448,1.6934,4.2417,1.2854,2.2277,4.2443,0.84929,2.0611,4.212,2.9181,2.8346,4.5237,5.6562,2.7594,1.4062,1.2735,2.8062,3.6587,0.94072,2.1436,3.0174,2.4939,2.0716,4.4749,1.4707,1.6627,3.9123,0.65363,2.5857,3.8648,2.0131,1.7651,3.4834,1.0956,2.427,3.1115,0.24084,2.2902,3.5221,1.7799,1.678,3.3938,2.0624,2.8051,4.3579,1.7875,1.691,3.3975,1.4627,1.6549,3.9239,0.38937,2.1468,3.1783,2.0604,2.3768,4.4187,1.473,1.679,3.2015,0.82875,1.9027,2.7585,3.055,2.8413,5.869,2.014,1.7774,3.4855,1.0148,2.7196,2.8951,1.8228,2.5876,4.0158,0.64329,1.8895,2.799,1.0699,2.4374,3.0757,1.905,1.9186,4.505,1.6938,1.6718,3.8903,0.51184,2.2017,3.7479,1.186,2.4659,3.7687,0.98014,2.0814,3.2424,2.5751,2.3156,4.3296,2.0926,2.1729,4.707,1.4848,1.6708,3.9214,1.895,1.9185,4.4986,1.4968,2.1879,3.2634,0.80491,2.1021,3.1577,2.4252,2.3866,4.3365,1.9308,2.5967,4.8572,1.9082,2.5996,4.8321,2.5664,2.3194,4.3263,1.2841,2.5032,3.9263,1.6997,2.2384,4.3128,1.9816,3.0436,3.9187,0.53253,2.4689,2.5023,1.54,2.0646,4.627,2.0585,3.0525,3.9999,0.3689,2.3865,3.4028,1.6617,1.6089,4.0797,0.70216,2.0361,3.0806,2.2496,2.2479,4.6572,0.67512,2.6014,3.0545,0.98268,2.087,3.2415,0.082768,2.8916,1.9203,2.0036,1.9942,4.6073,2.5612,2.3217,4.3254,2.6416,2.3235,5.1644,2.0794,2.7871,4.3772,1.08,1.8259,3.9647,4.6363,2.969,0.51685,0.87217,2.122,3.0359,1.305,2.0963,4.2865,1.0493,2.0926,3.4848,2.2539,2.7357,4.514,1.7084,1.5818,4.1494,1.1732,2.551,3.0935,0.76049,2.441,3.7614,2.0609,1.9111,3.7206,1.5843,2.4443,3.4585,1.638,2.5391,3.6016,1.6478,1.6512,4.2499,2.0515,2.7836,4.5219,2.0739,2.7818,4.5465,3.3917,2.7776,6.1509,1.709,1.5796,4.1492,1.7203,2.0031,3.451,2.0951,2.933,4.8961,1.1722,2.5519,3.1074,2.6252,2.4439,4.9723,1.0456,2.607,4.0665,1.587,2.4395,3.4622,1.172,1.8208,4.0879,1.6657,1.6052,4.0767,1.7132,2.0034,3.4393,0.27517,2.9409,3.3258,2.887,2.2993,4.5949,1.314,1.9487,4.2085,1.2757,2.6732,3.371,1.4512,2.4577,3.3418,1.8501,1.9667,3.7052,1.947,2.3713,4.0004,1.0813,2.2865,3.1784,2.54,2.0322,5.1446,1.2477,2.6723,3.3338,1.4369,2.4691,3.3254,0.31916,2.9415,3.3667,0.66757,1.8185,2.8829,1.6902,2.0149,4.4474,1.4652,1.8414,4.1287,5.4879,2.8942,1.8007,0.82081,2.1116,2.797,1.0417,2.6155,4.0693,2.185,2.5247,3.6222,2.6156,2.4377,4.9586,2.8164,2.6952,4.5319,2.1437,2.5188,4.509,2.3498,2.1096,4.2058,0.7664,2.006,3.3353,0.36253,2.4648,2.9179,0.60009,2.142,3.7095,2.3855,2.4849,4.4445,0.78205,2.4587,2.8846,1.2525,1.5908,4.2864,1.6948,2.0147,3.4408,6.2175,2.687,1.9787,3.2663,2.9344,0.35017,0.78032,2.4462,2.9069,1.664,1.633,4.0806,1.4983,1.8735,3.1803,0.75689,2.4563,2.8746,2.164,2.3454,4.9298,1.1639,2.5628,3.0961,1.0061,1.9613,3.504,0.51234,1.9785,3.2633,1.7082,2.0132,3.4358,2.3857,2.0929,4.2053,2.1592,2.1531,4.9885,1.2831,1.7295,3.8117,0.68699,1.9767,2.7645,2.1618,2.157,4.9982,2.3316,2.1997,4.4841,1.5702,2.3322,3.9648,4.2844,2.9788,0.21305,1.9542,2.3567,4.0005,0.83408,1.9566,4.123,1.207,2.5862,4.2325,3.5829,2.8428,6.1439,1.5349,1.6241,3.2901,0.30019,2.2995,3.378,5.1167,2.9707,1.0581,0.5986,2.7745,3.3012,1.2952,2.5141,2.9973,2.1412,2.1355,4.9604,1.4767,2.083,4.3643,1.5261,1.6268,3.2928,1.3875,2.9253,3.3683,0.48164,2.4423,2.7611,0.90976,2.4528,3.0017,0.22929,2.6146,3.3426,1.62,2.2709,4.1366,0.48471,2.4411,2.7491,1.0413,2.1931,3.6443,1.3937,1.7962,4.292,0.321,2.3092,3.3924,1.5278,1.6139,3.2902,0.47801,2.4421,2.7607,3.0864,2.8698,6.0101,1.987,2.5868,4.0223,1.9881,2.186,4.6055,2.5862,2.775,5.219,1.8968,1.9521,3.8906,1.2935,1.7951,3.6948,2.1569,2.1469,4.9837,1.3912,2.6456,3.9848,1.1216,3.0762,2.9597,4.7124,2.9709,0.42848,1.2888,2.6932,4.361,1.9065,1.9451,3.8809,1.2679,2.6383,2.8895,0.43523,2.7664,3.0384,0.9522,2.897,4.1419,0.6189,2.5233,2.6184,0.68988,1.9549,2.9672,0.54094,2.4042,3.41,1.5637,2.1793,4.2483,1.3168,2.6972,4.3829,0.60853,1.9631,3.0832,1.9854,1.8811,3.8117,1.1924,1.8295,3.6577,2.3991,2.709,4.8998,1.3727,1.5583,4.1581,1.3798,2.1562,3.1669,0.6272,1.9658,3.0863,0.47905,2.4443,2.5918,1.6197,2.2749,4.1414,2.4073,2.7059,4.9211,0.61968,1.9698,3.0763,1.5678,1.705,3.3321,0.4872,3.0457,2.3916,0.60432,2.5255,2.6099,2.945,2.7475,5.9327,6.2778,2.871,2.6118,4.6743,2.974,0.38789,2.3205,2.3926,3.7096,1.0246,3.072,3.819,1.407,2.29,3.5358,0.90068,3.0733,3.6952,2.3544,2.2343,3.7878,1.1903,1.8245,3.6555,2.4303,2.3444,4.5703,2.5643,2.6477,4.0397,1.2797,2.6792,4.3479,1.8957,1.9339,3.8834,1.156,2.7659,3.6805,2.4112,2.4728,5.0372,1.6106,2.6065,3.3402,2.1662,2.1968,4.1061,0.78359,1.9069,3.3634,2.3183,2.4087,3.7252,2.3241,2.4054,3.72,2.1958,1.9186,4.9264,2.6338,2.2858,4.7907,2.356,2.2374,3.7929,1.3753,1.5865,3.8463,2.4083,2.7095,4.9179,1.8948,1.9381,3.887,0.77644,2.1355,3.99,1.6006,1.8119,4.2551,2.4099,2.7081,4.9242,1.4466,2.3871,3.2618,5.9549,2.8884,2.2405,1.8523,1.7955,3.4893,1.9518,3.0005,4.2673,2.0355,1.9523,4.7822,1.1284,2.58,4.3001,1.9013,2.1457,4.8643,1.6123,1.7752,3.9647,1.604,2.0132,3.3708,1.0436,2.7484,3.5917,0.9434,2.8161,3.8359,1.4012,2.4148,3.8544,1.1389,2.7714,3.6589,1.8331,1.7622,4.087,0.91971,2.4584,2.7877,1.9199,2.0788,4.3966,0.12538,2.7882,2.8894,1.0781,1.9527,4.265,0.96264,2.324,3.0386,1.6436,2.3949,4.5876,0.9761,2.0711,2.8486,0.73772,1.9889,2.7412,1.6089,1.7706,3.9676,0.92729,2.4552,2.7973,1.3725,1.5851,3.8382,2.7518,2.5834,4.6169,1.0842,2.146,3.6204,1.1367,2.7798,3.6633,1.9762,1.9835,4.4804,1.0718,1.9579,4.259,1.856,1.6625,3.4543,1.6624,2.4988,3.9988,2.1195,2.5497,4.9127,2.1433,2.3838,3.6975,1.1987,3.0642,3.4259,1.4485,1.4699,4.2247,0.63539,2.9956,3.6349,1.619,1.7303,4.2245,0.73997,1.9957,2.7382,0.69912,2.1943,3.9507,2.6777,2.5983,4.5294,1.9995,2.119,3.4278,1.3942,2.8988,3.5423,1.0799,2.2089,3.6228,2.5374,2.0092,4.4845,1.486,1.7314,4.4211,1.5944,2.5878,3.5846,2.0596,2.307,4.0807,2.6884,2.3637,4.9837,0.46663,2.5275,2.9838
1781.7,0.13181,122.78,15.703,0.04463,446.04,1.5018,1.832,4.1511,1.2699,2.2334,4.2258,1.2099,1.9746,4.2442,2.4782,2.6514,4.2899,0.85976,2.0441,4.2443,1.5183,2.515,3.8946,3.0765,2.8395,5.9053,1.2011,1.9774,4.238,1.7441,1.6873,4.2399,1.2875,2.2279,4.2498,0.84673,2.0608,4.2108,2.9243,2.8344,4.5273,5.6433,2.7544,1.3916,1.2812,2.7961,3.6666,0.93648,2.1431,3.016,2.4968,2.0771,4.4828,1.47,1.6589,3.914,0.65277,2.5895,3.8602,2.0152,1.7654,3.4861,1.0997,2.4223,3.1236,0.23324,2.2914,3.5119,1.7783,1.6786,3.3955,2.0434,2.7992,4.3358,1.7878,1.6952,3.3991,1.4597,1.6505,3.9279,0.38822,2.1499,3.1727,2.0663,2.3814,4.4264,1.4724,1.6816,3.2021,0.82846,1.9085,2.7563,3.0665,2.8413,5.8821,2.0164,1.7803,3.4882,1.0182,2.72,2.9006,1.824,2.5876,4.0194,0.64633,1.8947,2.7996,1.069,2.4353,3.0808,1.907,1.9194,4.5083,1.6971,1.6668,3.89,0.51209,2.2018,3.7488,1.1841,2.4768,3.7646,0.97366,2.0866,3.2352,2.5829,2.32,4.34,2.0992,2.1787,4.7151,1.4869,1.6707,3.9242,1.895,1.9191,4.5003,1.4985,2.1914,3.2622,0.79959,2.1083,3.1491,2.4279,2.3911,4.3432,1.9272,2.5959,4.8484,1.9006,2.6004,4.8193,2.5726,2.3252,4.337,1.2832,2.5075,3.9212,1.7035,2.2406,4.318,1.9668,3.0386,3.9026,0.54008,2.4689,2.5091,1.5382,2.0674,4.6311,2.0564,3.0489,3.9963,0.36301,2.3894,3.3942,1.6618,1.6047,4.0788,0.69968,2.04,3.0755,2.251,2.2499,4.6598,0.68609,2.5969,3.0683,0.97654,2.093,3.2334,0.068469,2.8917,1.9042,2.0067,1.9976,4.6133,2.5661,2.3283,4.3354,2.6328,2.3193,5.1545,2.0644,2.7769,4.361,1.0802,1.8197,3.9698,4.6396,2.9605,0.51838,0.86822,2.1231,3.0311,1.3051,2.0956,4.2922,1.0472,2.0947,3.4821,2.24,2.7306,4.4978,1.7104,1.5779,4.1474,1.1812,2.5493,3.1002,0.76287,2.4456,3.7586,2.0626,1.9066,3.7158,1.5804,2.4466,3.4562,1.6325,2.5435,3.6011,1.6448,1.6452,4.2496,2.0373,2.776,4.5061,2.0648,2.7742,4.5372,3.4021,2.776,6.1606,1.7113,1.5747,4.1469,1.7254,2.003,3.451,2.0889,2.9322,4.8914,1.1797,2.5505,3.117,2.6219,2.4433,4.9678,1.0508,2.6083,4.0658,1.5833,2.4407,3.4607,1.1678,1.8252,4.0849,1.6669,1.5989,4.0747,1.7165,2.0031,3.4359,0.27216,2.9391,3.3238,2.8918,2.3007,4.6037,1.3131,1.9486,4.2097,1.282,2.6693,3.3829,1.4473,2.4579,3.3415,1.8525,1.962,3.6998,1.9458,2.3815,4.0029,1.077,2.2878,3.1757,2.5406,2.028,5.1444,1.2492,2.6685,3.3399,1.4296,2.4715,3.3214,0.32751,2.9398,3.375,0.6646,1.8223,2.8738,1.687,2.0118,4.4547,1.4645,1.8358,4.1311,5.4727,2.892,1.7856,0.82091,2.1091,2.8011,1.0465,2.6191,4.0695,2.1922,2.525,3.6214,2.6082,2.4353,4.9486,2.822,2.6922,4.5361,2.1391,2.516,4.5028,2.3503,2.1124,4.2098,0.76601,2.0114,3.3306,0.37394,2.4618,2.9298,0.59897,2.1422,3.7085,2.3851,2.4782,4.449,0.79189,2.4567,2.8945,1.2516,1.5929,4.2859,1.6923,2.0168,3.4381,6.208,2.686,1.9598,3.2817,2.9328,2.15,0.78982,2.441,2.9222,1.6649,1.6318,4.0787,1.4996,1.8759,3.1795,0.76048,2.4539,2.8816,2.1624,2.3441,4.9217,1.1695,2.5627,3.1034,1.0073,1.9608,3.504,0.50647,1.9784,3.2656,1.7104,2.0143,3.4318,2.3857,2.0966,4.2079,2.1642,2.1526,4.9909,1.2813,1.723,3.815,0.68835,1.9766,2.7672,2.1675,2.1579,5.0028,2.3358,2.2041,4.4915,1.5711,2.3431,3.9653,4.3025,2.9707,0.23007,1.9543,2.3624,4.002,0.83235,1.9548,4.1235,1.2168,2.5903,4.238,3.6001,2.8396,6.161,1.5358,1.6263,3.2911,0.29371,2.2998,3.3695,5.1132,2.9649,1.0551,0.60957,2.7712,3.3138,1.303,2.516,3.0024,2.1417,2.1306,4.955,1.477,2.0796,4.3684,1.5263,1.6277,3.2946,1.3905,2.924,3.3701,0.49093,2.4398,2.7738,0.90646,2.4519,3.0031,0.23151,2.6134,3.3432,1.6227,2.2753,4.1402,0.49577,2.4393,2.7598,1.0394,2.1999,3.6399,1.3935,1.7932,4.2915,0.32018,2.3116,3.3887,1.5276,1.6126,3.2913,0.48716,2.4394,2.7737,3.1119,2.8692,6.0374,1.9818,2.584,4.0193,1.993,2.1878,4.6102,2.5716,2.7748,5.2026,1.8985,1.948,3.8866,1.2935,1.7891,3.6968,2.1605,2.1444,4.9835,1.3882,2.6419,3.978,1.121,3.074,2.9579,4.7185,2.9668,0.4329,1.2972,2.695,4.3681,1.9076,1.9413,3.8798,1.2742,2.6389,2.8968,0.45543,2.764,3.0617,0.9574,2.8979,4.1465,0.63203,2.524,2.6293,0.68801,1.961,2.9608,0.53917,2.4059,3.405,1.563,2.1797,4.254,1.333,2.6998,4.3957,0.60162,1.9667,3.0736,1.987,1.8766,3.8099,1.1921,1.8246,3.6613,2.3818,2.7047,4.877,1.3714,1.5669,4.1541,1.3768,2.1561,3.1649,0.62447,1.9704,3.0783,0.48396,2.4425,2.5987,1.622,2.2813,4.1457,2.393,2.7011,4.9041,0.61487,1.9752,3.0653,1.5689,1.7029,3.3333,0.47961,3.0469,2.3812,0.61244,2.5269,2.617,2.9553,2.7481,5.945,5.9709,2.8728,2.6319,4.675,2.9692,0.38685,2.3142,2.3883,3.698,1.0584,3.0687,3.8561,1.3976,2.3,3.5275,0.91396,3.0716,3.7119,2.3505,2.2335,3.7819,1.1898,1.8181,3.6587,2.4315,2.3464,4.5731,2.5592,2.6531,4.0425,1.2852,2.6783,4.351,1.8968,1.9261,3.8777,1.1632,2.7579,3.6872,2.401,2.4692,5.0221,1.6112,2.6024,3.3513,2.1657,2.1997,4.1076,0.78229,1.9084,3.3607,2.3106,2.409,3.7181,2.3173,2.4039,3.7106,2.1994,1.9266,4.9334,2.6308,2.2846,4.7904,2.3534,2.2374,3.7887,1.3738,1.5868,3.8495,2.3933,2.7062,4.899,1.8959,1.9317,3.8823,0.77587,2.1336,3.9983,1.6003,1.8065,4.2544,2.3965,2.7042,4.9084,1.4467,2.3868,3.262,5.9624,2.8906,2.25,1.8508,1.7943,3.4934,1.9442,2.9937,4.2572,2.0419,1.9533,4.7904,1.1363,2.5807,4.3083,1.9068,2.1449,4.8652,1.612,1.7674,3.9642,1.6038,2.0149,3.3652,1.0501,2.7415,3.5975,0.95011,2.8124,3.8405,1.4073,2.422,3.8574,1.1425,2.7648,3.6607,1.8314,1.7527,4.0853,0.9218,2.458,2.7919,1.9233,2.0825,4.4007,0.14071,2.7854,2.9042,1.0756,1.9507,4.2662,0.96676,2.3207,3.0464,1.647,2.3952,4.5884,0.97487,2.0669,2.8519,0.73622,1.986,2.7413,1.6077,1.7617,3.9673,0.93106,2.454,2.8042,1.37,1.5848,3.8388,2.7478,2.5818,4.6134,1.084,2.1494,3.6177,1.1414,2.7741,3.6675,1.9765,1.9828,4.482,1.0683,1.9567,4.2592,1.8572,1.6653,3.4558,1.6626,2.5035,3.9988,2.1215,2.5483,4.9097,2.1394,2.3852,3.6932,1.2046,3.0614,3.4304,1.4491,1.4713,4.2223,0.63878,2.9944,3.6396,1.6175,1.724,4.2226,0.73885,1.9948,2.7374,0.70181,2.1945,3.9529,2.6742,2.5966,4.527,2.002,2.1164,3.4247,1.3983,2.8919,3.5448,1.0791,2.2145,3.6185,2.5393,2.0125,4.4895,1.4842,1.7301,4.4209,1.5902,2.5866,3.5858,2.0589,2.3124,4.0833,2.6825,2.3608,4.9763,0.47343,2.5264,2.9916
1781.7,0.13181,122.78,15.703,0.053556,464.27,1.4977,1.8305,4.147,1.2687,2.235,4.2269,1.2057,1.9718,4.2459,2.4746,2.6494,4.2885,0.86008,2.0407,4.2497,1.518,2.5207,3.8949,3.0901,2.8393,5.9223,1.1956,1.9748,4.2388,1.7434,1.6811,4.238,1.2893,2.2281,4.2554,0.84424,2.0602,4.2098,2.9303,2.8341,4.5307,5.6307,2.7494,1.3774,1.2885,2.7861,3.6739,0.9323,2.1426,3.0147,2.4999,2.0826,4.4908,1.4692,1.6551,3.9158,0.65183,2.5933,3.8555,2.0173,1.7656,3.4887,1.1028,2.4178,3.1346,0.22572,2.2926,3.5017,1.7768,1.6791,3.3972,2.0255,2.7931,4.3148,1.7881,1.6991,3.4007,1.4569,1.6461,3.9317,0.38728,2.1528,3.1674,2.0719,2.3854,4.4334,1.4716,1.6839,3.2026,0.82832,1.9138,2.7547,3.0781,2.8411,5.8953,2.019,1.783,3.4908,1.0219,2.7204,2.9062,1.8251,2.5877,4.023,0.6493,1.8996,2.8002,1.0681,2.4332,3.0857,1.9091,1.9201,4.5116,1.7003,1.6621,3.8901,0.51234,2.2018,3.7496,1.1826,2.4868,3.761,0.96735,2.0914,3.2283,2.5909,2.3243,4.3504,2.1058,2.184,4.7228,1.489,1.6709,3.927,1.8952,1.9198,4.5022,1.5003,2.1946,3.2609,0.79409,2.1145,3.1402,2.4306,2.3955,4.3499,1.9237,2.5952,4.8394,1.8933,2.6012,4.8069,2.5789,2.3311,4.3481,1.2824,2.5118,3.9162,1.7074,2.2427,4.3232,1.9536,3.0337,3.8882,0.54742,2.4689,2.5157,1.536,2.0703,4.6348,2.0548,3.0453,3.9932,0.35731,2.3921,3.386,1.6618,1.6009,4.078,0.69717,2.0438,3.0704,2.2522,2.2519,4.6622,0.69641,2.5925,3.0816,0.97041,2.0988,3.2255,0.05465,2.8918,1.8885,2.0101,2.0011,4.6194,2.5714,2.3349,4.3458,2.6243,2.3152,5.1446,2.0502,2.7666,4.3461,1.0804,1.8135,3.9747,4.6421,2.952,0.51936,0.86439,2.1241,3.0265,1.3052,2.0951,4.2979,1.0452,2.097,3.4793,2.227,2.7256,4.4825,1.7125,1.5742,4.1453,1.189,2.5478,3.1065,0.76511,2.45,3.7554,2.0644,1.9023,3.711,1.5767,2.4489,3.454,1.6276,2.5476,3.6013,1.6417,1.6395,4.2493,2.0238,2.7683,4.4909,2.0562,2.7666,4.5286,3.4124,2.7744,6.1702,1.7136,1.5701,4.1447,1.7307,2.003,3.4511,2.0836,2.9316,4.8875,1.1868,2.5493,3.1264,2.6186,2.4426,4.9633,1.0556,2.6096,4.0646,1.5796,2.442,3.4594,1.1636,1.829,4.0822,1.6682,1.5929,4.0729,1.7197,2.0029,3.4328,0.26962,2.9372,3.3221,2.8966,2.3018,4.6122,1.3123,1.9485,4.2108,1.2878,2.6656,3.3942,1.4434,2.4582,3.3413,1.8549,1.9575,3.6946,1.9448,2.3913,4.0056,1.0726,2.2892,3.173,2.5414,2.0241,5.1446,1.2507,2.665,3.3459,1.4224,2.4739,3.3176,0.33603,2.938,3.3835,0.66148,1.826,2.8646,1.6834,2.0087,4.462,1.4637,1.8303,4.1333,5.4574,2.8897,1.7702,0.82078,2.1067,2.8048,1.0509,2.6227,4.0694,2.198,2.5254,3.6196,2.6007,2.4327,4.9385,2.8278,2.6892,4.5407,2.135,2.5135,4.4971,2.3509,2.1155,4.2142,0.76533,2.0169,3.3255,0.38554,2.4587,2.9419,0.59784,2.1423,3.7076,2.3848,2.472,4.4535,0.80182,2.4547,2.9044,1.2508,1.595,4.2854,1.6897,2.0188,3.4354,6.188,2.6847,1.9408,3.2972,2.9312,6.1034,0.79877,2.4358,2.9373,1.6657,1.6305,4.0768,1.5009,1.8782,3.1788,0.76381,2.4516,2.8882,2.1607,2.3426,4.9135,1.1749,2.5626,3.1107,1.0086,1.9602,3.5041,0.50039,1.9783,3.2677,1.7126,2.0151,3.4278,2.3857,2.1005,4.2105,2.1692,2.1521,4.9932,1.2794,1.7167,3.8183,0.68972,1.9765,2.77,2.1731,2.1586,5.0072,2.3401,2.2085,4.4992,1.572,2.3534,3.9658,4.3189,2.9627,0.24561,1.9543,2.3682,4.0036,0.83053,1.9533,4.1237,1.2267,2.5944,4.2434,3.617,2.8363,6.1777,1.5368,1.6287,3.2921,0.28731,2.2999,3.3607,5.1099,2.9589,1.0524,0.62014,2.7679,3.3258,1.3105,2.5178,3.0073,2.1424,2.126,4.95,1.477,2.076,4.3725,1.5266,1.6285,3.2963,1.3936,2.9226,3.3716,0.50026,2.4373,2.7867,0.90361,2.4511,3.0048,0.23362,2.6122,3.3437,1.6254,2.2798,4.1439,0.50671,2.4377,2.7705,1.0373,2.2068,3.6352,1.3934,1.7903,4.2909,0.31946,2.3139,3.3852,1.5274,1.6112,3.2923,0.49624,2.4368,2.7867,3.1365,2.8685,6.0638,1.9767,2.5813,4.0166,1.9981,2.1895,4.6148,2.5566,2.7745,5.1856,1.9001,1.9437,3.8825,1.2932,1.7832,3.6988,2.1639,2.1418,4.9834,1.3852,2.6382,3.9713,1.1195,3.0718,2.9552,4.7245,2.9626,0.43731,1.3054,2.6967,4.375,1.9089,1.9376,3.8788,1.2806,2.6396,2.9041,0.47502,2.7614,3.0843,0.96288,2.8985,4.1513,0.64509,2.5246,2.6401,0.68628,1.9669,2.9547,0.53756,2.4074,3.4003,1.5625,2.1798,4.2595,1.3492,2.7022,4.4082,0.59485,1.9702,3.064,1.9885,1.8721,3.8082,1.1917,1.8197,3.6649,2.3651,2.7003,4.8549,1.37,1.5753,4.15,1.3738,2.1558,3.1629,0.62177,1.975,3.0703,0.48883,2.4407,2.6055,1.6244,2.2878,4.1499,2.379,2.6963,4.8874,0.60993,1.9805,3.0544,1.5699,1.7006,3.3346,0.47162,3.048,2.3704,0.62021,2.5284,2.6238,2.9658,2.7485,5.9576,0.6006,2.8744,2.6524,4.6761,2.9643,0.38631,2.3083,2.3839,3.6869,1.0889,3.0653,3.8898,1.388,2.31,3.5192,0.92704,3.0698,3.7284,2.3469,2.2328,3.7762,1.1891,1.8116,3.6621,2.4326,2.3484,4.5758,2.5541,2.6582,4.0454,1.2907,2.6773,4.3538,1.8977,1.9181,3.8723,1.1698,2.7503,3.6934,2.3911,2.4657,5.0072,1.612,2.5983,3.3625,2.1653,2.2029,4.1092,0.78085,1.9102,3.3578,2.303,2.4093,3.7111,2.3107,2.4026,3.7013,2.2033,1.9339,4.9403,2.6277,2.2836,4.7901,2.3508,2.2377,3.7847,1.3723,1.5871,3.8526,2.3786,2.7029,4.8805,1.8969,1.9254,3.8776,0.77542,2.1316,4.0066,1.6,1.801,4.2538,2.3837,2.7003,4.893,1.4468,2.3868,3.2619,5.9698,2.8927,2.2596,1.8495,1.7931,3.4972,1.9363,2.9869,4.247,2.0484,1.9543,4.7984,1.1442,2.5815,4.3164,1.9123,2.1444,4.8661,1.6117,1.76,3.9638,1.6036,2.0168,3.3599,1.056,2.735,3.6025,0.95613,2.8091,3.8444,1.4132,2.4289,3.8603,1.1457,2.7585,3.6621,1.8297,1.7431,4.0837,0.92388,2.4577,2.7961,1.9269,2.0865,4.4049,0.1561,2.7824,2.9191,1.073,1.9489,4.2672,0.97049,2.3177,3.0538,1.6507,2.3958,4.5892,0.97346,2.0631,2.8549,0.73481,1.9832,2.7413,1.6065,1.753,3.967,0.93467,2.4527,2.811,1.3674,1.5846,3.8393,2.7445,2.5803,4.6105,1.0837,2.1531,3.615,1.1458,2.7686,3.6715,1.9768,1.9823,4.4838,1.0647,1.9554,4.2594,1.8585,1.6679,3.4572,1.6627,2.508,3.9988,2.1233,2.5468,4.9065,2.1355,2.3868,3.6887,1.2113,3.0585,3.4356,1.4499,1.4729,4.2199,0.64143,2.9933,3.6435,1.6163,1.7177,4.2208,0.73782,1.9939,2.7368,0.70448,2.1947,3.955,2.6709,2.595,4.525,2.0048,2.1138,3.4221,1.4025,2.8849,3.5477,1.078,2.2205,3.6141,2.5414,2.016,4.4948,1.4824,1.7287,4.4207,1.5863,2.5853,3.5874,2.0582,2.3178,4.0861,2.677,2.3581,4.9694,0.48021,2.5254,2.9993
1781.7,0.13181,122.78,15.703,0.062482,482.38,1.4937,1.8288,4.143,1.2678,2.2365,4.2284,1.2013,1.969,4.2472,2.4712,2.6476,4.2875,0.86034,2.0373,4.2548,1.5177,2.5263,3.8951,3.1036,2.8389,5.9392,1.1903,1.972,4.2394,1.7427,1.6749,4.2362,1.2911,2.2282,4.2609,0.84183,2.0597,4.2089,2.936,2.8339,4.5342,5.6185,2.7442,1.3637,1.2953,2.7762,3.6808,0.92814,2.142,3.0131,2.5033,2.0881,4.499,1.4685,1.6515,3.9175,0.65077,2.5971,3.8507,2.0196,1.7658,3.4913,1.1051,2.4137,3.1446,0.21822,2.2938,3.4914,1.7751,1.6795,3.3988,2.0085,2.7871,4.2947,1.7886,1.7027,3.4023,1.4543,1.642,3.9353,0.38654,2.1555,3.1625,2.0771,2.3889,4.44,1.4709,1.6861,3.2031,0.82828,1.9187,2.7537,3.0898,2.841,5.9086,2.0216,1.7853,3.4934,1.0256,2.7207,2.912,1.8264,2.5879,4.0266,0.65222,1.9043,2.8009,1.0672,2.4313,3.0904,1.911,1.9207,4.515,1.7033,1.6578,3.8904,0.51258,2.2017,3.7506,1.1813,2.4961,3.7582,0.96121,2.096,3.2216,2.5989,2.3284,4.3607,2.1122,2.189,4.7304,1.4912,1.6711,3.9299,1.8954,1.9205,4.504,1.502,2.1974,3.2597,0.78844,2.1206,3.1313,2.4334,2.3997,4.3567,1.9202,2.5948,4.8302,1.8864,2.6017,4.7947,2.5856,2.3369,4.3595,1.2817,2.5159,3.9115,1.7115,2.2451,4.3283,1.9418,3.0289,3.8751,0.55463,2.4691,2.5222,1.5336,2.0733,4.6379,2.0532,3.0417,3.9903,0.35182,2.3945,3.3782,1.6619,1.5975,4.0773,0.69461,2.0474,3.0653,2.2534,2.2536,4.6643,0.70619,2.5882,3.0947,0.9643,2.1043,3.2175,0.04111,2.8917,1.8731,2.0138,2.0048,4.6257,2.5769,2.3415,4.3565,2.6161,2.3111,5.1347,2.0371,2.756,4.332,1.0805,1.8076,3.9795,4.6443,2.9434,0.51985,0.86066,2.125,3.0223,1.3053,2.0946,4.3036,1.043,2.0993,3.4764,2.2146,2.7207,4.4681,1.7147,1.5707,4.1435,1.1965,2.5462,3.1125,0.76728,2.4543,3.7523,2.0661,1.8981,3.7064,1.5731,2.4512,3.452,1.623,2.5515,3.602,1.6387,1.6344,4.2491,2.0109,2.7605,4.4762,2.0481,2.759,4.5204,3.4228,2.7726,6.1797,1.716,1.5655,4.1424,1.7361,2.003,3.4515,2.0791,2.9311,4.8844,1.1937,2.5481,3.1354,2.6156,2.4421,4.9589,1.0601,2.6108,4.0632,1.5761,2.4433,3.4583,1.1593,1.8321,4.0796,1.6695,1.5871,4.0711,1.7231,2.0027,3.4298,0.26755,2.9354,3.321,2.9012,2.3026,4.6206,1.3114,1.9485,4.2121,1.2931,2.6621,3.405,1.4398,2.4587,3.3413,1.8574,1.953,3.6895,1.9438,2.4011,4.0084,1.0684,2.2905,3.1704,2.5423,2.0202,5.1448,1.2522,2.6619,3.3521,1.4155,2.4761,3.314,0.34458,2.9362,3.3918,0.65822,1.8298,2.8552,1.6797,2.0058,4.4691,1.463,1.8251,4.1354,5.4417,2.8873,1.7544,0.82044,2.1045,2.808,1.0551,2.6263,4.0692,2.2023,2.5258,3.6171,2.5931,2.43,4.9281,2.8342,2.6862,4.5455,2.1311,2.5113,4.4918,2.3515,2.1189,4.2188,0.76434,2.0228,3.3199,0.39729,2.4557,2.9545,0.59672,2.1423,3.7066,2.3842,2.4658,4.4581,0.81187,2.4527,2.9145,1.2497,1.5974,4.2847,1.6871,2.0207,3.4326,6.1707,2.6833,1.9218,3.3124,2.9295,0.022587,0.80716,2.4307,2.9518,1.6664,1.6291,4.075,1.5022,1.8805,3.1781,0.76691,2.4494,2.8945,2.159,2.3409,4.9052,1.1802,2.5625,3.1176,1.0099,1.9596,3.5041,0.4941,1.978,3.27,1.7149,2.0157,3.4238,2.3857,2.1046,4.2134,2.1741,2.1514,4.9953,1.2775,1.7104,3.8215,0.69108,1.9764,2.7727,2.1787,2.1592,5.0114,2.3445,2.2128,4.5069,1.5727,2.3633,3.9662,4.334,2.9549,0.25993,1.9544,2.3741,4.0053,0.82867,1.9517,4.1237,1.2367,2.5985,4.2489,3.6337,2.8329,6.1943,1.5379,1.6311,3.2932,0.28096,2.3,3.3521,5.1068,2.9529,1.05,0.63031,2.7644,3.3373,1.3178,2.5195,3.0118,2.1434,2.1214,4.9454,1.4769,2.072,4.3765,1.5267,1.629,3.2981,1.3964,2.9213,3.373,0.50963,2.4348,2.7996,0.90109,2.4502,3.0069,0.23559,2.611,3.344,1.6282,2.2844,4.1476,0.5175,2.436,2.7811,1.0351,2.2138,3.6305,1.3933,1.7874,4.2902,0.31886,2.3161,3.382,1.5273,1.6098,3.2933,0.50522,2.4341,2.7996,3.1604,2.8678,6.0894,1.9718,2.5787,4.0142,2.0031,2.1911,4.6194,2.5413,2.774,5.1682,1.9017,1.9394,3.8784,1.2931,1.7774,3.7009,2.1674,2.1391,4.9833,1.3823,2.6345,3.9646,1.1173,3.0697,2.9519,4.7304,2.9584,0.4417,1.3135,2.6983,4.3815,1.9102,1.9339,3.8781,1.2868,2.6402,2.9113,0.49395,2.7589,3.1061,0.96865,2.8988,4.1566,0.6581,2.5252,2.6509,0.68469,1.9728,2.9489,0.53615,2.4087,3.3959,1.5619,2.1797,4.265,1.3652,2.7044,4.4208,0.58823,1.9734,3.0544,1.9901,1.8677,3.8066,1.1913,1.8147,3.6686,2.3489,2.696,4.8334,1.3686,1.5833,4.146,1.3708,2.1554,3.1608,0.61913,1.9795,3.0626,0.49363,2.4389,2.6123,1.6272,2.2945,4.1543,2.3654,2.6915,4.871,0.60486,1.9857,3.0433,1.571,1.6984,3.3359,0.46314,3.049,2.3592,0.62765,2.53,2.6301,2.9765,2.7488,5.9704,6.1105,2.876,2.6733,4.6776,2.9594,0.38626,2.3026,2.3796,3.6759,1.1162,3.0616,3.9204,1.3782,2.3199,3.5105,0.93997,3.068,3.7447,2.3434,2.2322,3.7708,1.1885,1.805,3.6656,2.4336,2.3502,4.5782,2.5492,2.663,4.0482,1.2961,2.6766,4.3566,1.8988,1.9104,3.867,1.176,2.743,3.6991,2.3813,2.4621,4.9924,1.6127,2.5943,3.3738,2.1648,2.2061,4.111,0.77929,1.9119,3.3548,2.2955,2.4097,3.7042,2.3043,2.4012,3.6922,2.2073,1.9407,4.9468,2.6247,2.2824,4.7897,2.3483,2.2379,3.7807,1.3707,1.5875,3.8559,2.3643,2.6995,4.8623,1.898,1.9191,3.8731,0.77507,2.1297,4.0148,1.5996,1.7956,4.2531,2.3712,2.6964,4.8782,1.4468,2.3868,3.2619,5.9771,2.8949,2.2689,1.8485,1.792,3.5011,1.9286,2.98,4.2368,2.0549,1.9553,4.8063,1.1518,2.5822,4.3245,1.918,2.144,4.8672,1.6114,1.7527,3.9634,1.6035,2.0188,3.3548,1.0611,2.7288,3.6069,0.96151,2.8058,3.8475,1.4189,2.4354,3.8632,1.1486,2.7525,3.6631,1.8279,1.7339,4.0821,0.92594,2.4574,2.8002,1.9306,2.0906,4.4094,0.17152,2.7792,2.9339,1.0704,1.9471,4.2681,0.97382,2.315,3.0606,1.6545,2.3965,4.5904,0.97191,2.0595,2.8574,0.73351,1.9806,2.7413,1.6053,1.7445,3.9669,0.93812,2.4515,2.8178,1.3649,1.5841,3.8399,2.7416,2.5789,4.6083,1.0834,2.1569,3.6121,1.1499,2.7632,3.6751,1.9769,1.9818,4.4857,1.0612,1.9541,4.2594,1.8598,1.6703,3.4586,1.6628,2.5123,3.9987,2.125,2.5454,4.9032,2.1315,2.3885,3.6841,1.2187,3.0556,3.4416,1.4506,1.4747,4.2175,0.64331,2.9923,3.6466,1.6151,1.7115,4.2191,0.73686,1.9931,2.7362,0.70715,2.1949,3.9572,2.6677,2.5933,4.5232,2.0078,2.1114,3.4198,1.4066,2.8779,3.5506,1.0767,2.2266,3.6094,2.5436,2.0196,4.5003,1.4805,1.7273,4.4207,1.5827,2.5839,3.5893,2.0577,2.3231,4.089,2.6718,2.3554,4.9627,0.48692,2.5246,3.0069
1781.7,0.13181,122.78,15.703,0.071407,500.49,1.4897,1.8268,4.1392,1.2672,2.2379,4.23,1.1969,1.966,4.2484,2.468,2.6459,4.2867,0.86054,2.0342,4.2598,1.5174,2.5315,3.8955,3.1173,2.8384,5.9562,1.1851,1.969,4.2401,1.7422,1.6687,4.2342,1.2926,2.2283,4.2664,0.8395,2.0591,4.208,2.9416,2.8336,4.5374,5.6066,2.7388,1.3502,1.3016,2.7665,3.6872,0.92399,2.1414,3.0116,2.5067,2.0937,4.5074,1.4675,1.6483,3.9191,0.64956,2.6008,3.8457,2.0219,1.766,3.4939,1.1066,2.4098,3.1535,0.21071,2.2951,3.481,1.7737,1.6797,3.4004,1.9923,2.7809,4.2754,1.789,1.706,3.4037,1.452,1.638,3.9385,0.38597,2.158,3.1579,2.082,2.3919,4.4461,1.47,1.6882,3.2036,0.8283,1.9232,2.7528,3.1017,2.8407,5.9221,2.0244,1.7874,3.496,1.0296,2.7209,2.9179,1.8276,2.5882,4.0301,0.65509,1.9088,2.8018,1.0661,2.4292,3.0951,1.913,1.9213,4.5183,1.7065,1.6537,3.8908,0.51288,2.2016,3.7516,1.1806,2.5046,3.7559,0.95524,2.1003,3.2152,2.6068,2.3323,4.3708,2.1186,2.1937,4.7377,1.4934,1.6715,3.9328,1.8959,1.9212,4.5059,1.5036,2.2001,3.2585,0.78262,2.1267,3.1221,2.4362,2.4039,4.3635,1.9169,2.5946,4.8209,1.8797,2.6024,4.7827,2.5926,2.3427,4.3712,1.2809,2.52,3.9068,1.7157,2.2475,4.3335,1.9307,3.024,3.8629,0.56177,2.4693,2.5286,1.5308,2.0765,4.6405,2.052,3.0381,3.9877,0.34652,2.3968,3.3707,1.6621,1.5945,4.0764,0.69204,2.0507,3.0603,2.2545,2.2551,4.6662,0.71541,2.5839,3.1074,0.95822,2.1095,3.2096,0.024053,2.8915,1.8582,2.0176,2.0085,4.6322,2.5828,2.3482,4.3676,2.6081,2.307,5.1248,2.0247,2.7452,4.3188,1.0806,1.8017,3.9843,4.6462,2.9347,0.52007,0.85702,2.1259,3.0182,1.3055,2.0941,4.3091,1.0407,2.1017,3.4734,2.203,2.7157,4.4543,1.7168,1.5674,4.1416,1.2038,2.5448,3.1181,0.76939,2.4585,3.7492,2.0678,1.894,3.7019,1.5696,2.4535,3.4501,1.619,2.5551,3.6032,1.6357,1.6294,4.2487,1.9984,2.7525,4.4621,2.0403,2.7514,4.5127,3.4331,2.7708,6.1891,1.7183,1.561,4.1402,1.7416,2.003,3.4521,2.0752,2.9307,4.8817,1.2004,2.5471,3.144,2.6125,2.4415,4.9547,1.0643,2.612,4.0615,1.5727,2.4446,3.4572,1.155,1.8349,4.0773,1.6708,1.5817,4.0693,1.7265,2.0025,3.4269,0.26585,2.9335,3.3202,2.9059,2.3033,4.6286,1.3105,1.9484,4.2133,1.2982,2.659,3.4152,1.4363,2.4592,3.3415,1.86,1.9485,3.6845,1.9429,2.4105,4.0115,1.0643,2.2917,3.1679,2.5432,2.0166,5.1453,1.2537,2.6589,3.3584,1.4086,2.4784,3.3106,0.35308,2.9343,3.4002,0.65486,1.8335,2.8458,1.6758,2.003,4.4763,1.4623,1.82,4.1373,5.4261,2.8847,1.7386,0.81992,2.1025,2.8109,1.0591,2.6299,4.0686,2.2062,2.526,3.614,2.5855,2.4271,4.9177,2.8407,2.6831,4.5508,2.1277,2.5093,4.4868,2.3523,2.1226,4.2237,0.76305,2.0288,3.314,0.40916,2.4525,2.9671,0.5956,2.1424,3.7056,2.3837,2.46,4.4628,0.82203,2.4506,2.9246,1.2486,1.5998,4.2838,1.6844,2.0226,3.4298,6.1532,2.6818,1.9029,3.3274,2.9277,0.049487,0.81493,2.4256,2.9656,1.6672,1.6276,4.0731,1.5035,1.8828,3.1774,0.76976,2.4472,2.9006,2.1575,2.3392,4.897,1.1854,2.5624,3.1244,1.011,1.9589,3.5042,0.4876,1.9776,3.2724,1.7171,2.016,3.4197,2.3857,2.1088,4.2165,2.1791,2.1506,4.9973,1.2754,1.7044,3.8247,0.69243,1.9764,2.7754,2.1841,2.1597,5.0155,2.3489,2.2171,4.5145,1.5735,2.3727,3.9667,4.3479,2.9471,0.27321,1.9547,2.38,4.007,0.82678,1.9505,4.1233,1.2469,2.6026,4.2542,3.65,2.8297,6.2106,1.539,1.6339,3.2941,0.27472,2.3,3.3435,5.1039,2.9468,1.048,0.64,2.7609,3.3482,1.3249,2.5212,3.0161,2.1446,2.117,4.9412,1.4765,2.068,4.3805,1.5269,1.6295,3.2998,1.3992,2.9199,3.3742,0.519,2.4322,2.8125,0.89886,2.4492,3.0092,0.23739,2.6098,3.344,1.6311,2.2891,4.1514,0.52815,2.4344,2.7917,1.0329,2.2209,3.6256,1.3933,1.7845,4.2893,0.31839,2.3181,3.379,1.5271,1.6085,3.2944,0.5141,2.4315,2.8124,3.1834,2.8669,6.1141,1.9668,2.5763,4.0119,2.0081,2.1926,4.6238,2.5253,2.7734,5.1502,1.9032,1.9348,3.8743,1.2928,1.7716,3.7029,2.1708,2.1363,4.9832,1.3795,2.6309,3.9579,1.1144,3.0677,2.948,4.7362,2.9541,0.44608,1.3214,2.6996,4.388,1.9115,1.9304,3.8773,1.2929,2.6409,2.9185,0.51216,2.7562,3.1273,0.97478,2.8988,4.1621,0.67108,2.5259,2.6617,0.68328,1.9785,2.9435,0.53493,2.4098,3.3919,1.5614,2.1793,4.2704,1.3809,2.7065,4.433,0.58179,1.9765,3.045,1.9916,1.8635,3.8052,1.1908,1.8097,3.6722,2.3335,2.6917,4.8125,1.367,1.591,4.1419,1.3677,2.1549,3.1588,0.61654,1.9841,3.055,0.49838,2.4372,2.619,1.6304,2.3016,4.1587,2.3522,2.6867,4.855,0.59969,1.9907,3.0322,1.5719,1.6963,3.3371,0.45418,3.0501,2.3474,0.63473,2.5317,2.6362,2.9875,2.7488,5.9834,0.06442,2.8774,2.6944,4.6794,2.9542,0.38673,2.2974,2.3751,3.6651,1.1408,3.0577,3.9481,1.3683,2.3296,3.5019,0.95285,3.0662,3.7609,2.3401,2.2317,3.7655,1.1877,1.7983,3.6691,2.4347,2.352,4.5805,2.544,2.6676,4.051,1.3014,2.6758,4.3592,1.8997,1.9028,3.8619,1.1817,2.7359,3.7041,2.3719,2.4587,4.9777,1.6135,2.5902,3.3853,2.1644,2.2095,4.113,0.77762,1.9138,3.3516,2.2882,2.4101,3.6974,2.298,2.3999,3.683,2.2115,1.9469,4.9533,2.6215,2.2814,4.7892,2.3458,2.2383,3.777,1.3693,1.5879,3.8591,2.3505,2.6962,4.8446,1.8991,1.9131,3.8686,0.77481,2.1276,4.023,1.5991,1.7904,4.2524,2.3594,2.6925,4.8638,1.4467,2.387,3.2618,5.9843,2.897,2.2781,1.8475,1.7909,3.5048,1.9209,2.9731,4.2265,2.0614,1.9563,4.814,1.1591,2.583,4.3324,1.9235,2.1437,4.8683,1.611,1.7456,3.963,1.6035,2.021,3.3498,1.0658,2.723,3.6107,0.96634,2.8027,3.85,1.4245,2.4418,3.8663,1.1512,2.7468,3.6638,1.8262,1.7246,4.0807,0.92795,2.4572,2.8043,1.9345,2.095,4.4141,0.18696,2.776,2.9488,1.0677,1.9454,4.269,0.9767,2.3125,3.0669,1.6584,2.3976,4.5916,0.97022,2.0563,2.8597,0.73228,1.9781,2.7414,1.6042,1.7364,3.9667,0.94139,2.4503,2.8245,1.3622,1.5836,3.8406,2.7392,2.5777,4.6067,1.0829,2.1609,3.609,1.1538,2.7582,3.6783,1.9771,1.9813,4.4877,1.0577,1.9529,4.2594,1.8611,1.6726,3.4601,1.6629,2.5164,3.9986,2.1265,2.544,4.8999,2.1276,2.3903,3.6794,1.2267,3.0525,3.4483,1.4514,1.4768,4.215,0.64449,2.9912,3.6491,1.614,1.7054,4.2176,0.73598,1.9922,2.7358,0.70981,2.1952,3.9595,2.6646,2.5917,4.5216,2.011,2.109,3.4178,1.4109,2.8708,3.5537,1.0754,2.2331,3.6045,2.5459,2.0233,4.506,1.4787,1.7259,4.4208,1.5794,2.5826,3.5915,2.0572,2.3283,4.0921,2.6669,2.3529,4.9564,0.49354,2.5238,3.0143
1781.7,0.13181,122.78,15.703,0.080333,518.58,1.4859,1.8247,4.1356,1.267,2.239,4.232,1.1925,1.9631,4.2493,2.465,2.6442,4.2861,0.86068,2.0313,4.2645,1.5172,2.5366,3.8957,3.1309,2.8378,5.9732,1.1799,1.966,4.2408,1.7416,1.6624,4.2322,1.2941,2.2283,4.2719,0.83725,2.0584,4.2073,2.947,2.8334,4.5407,5.5949,2.7334,1.3371,1.3074,2.757,3.6931,0.91984,2.1408,3.0099,2.5104,2.0992,4.5158,1.4666,1.6451,3.9207,0.64821,2.6045,3.8406,2.0241,1.7661,3.4966,1.1074,2.4062,3.1617,0.20316,2.2962,3.4705,1.7722,1.6798,3.402,1.977,2.7747,4.2572,1.7895,1.7092,3.4052,1.4496,1.6341,3.9416,0.38557,2.1605,3.1536,2.0865,2.3946,4.4518,1.4692,1.69,3.204,0.82837,1.9274,2.7523,3.1138,2.8405,5.9356,2.0273,1.7893,3.4987,1.0335,2.7211,2.9239,1.8288,2.5886,4.0337,0.65791,1.9132,2.8027,1.0651,2.4271,3.0997,1.9149,1.9218,4.5217,1.7095,1.6499,3.8915,0.51322,2.2014,3.7527,1.1801,2.5125,3.7543,0.94943,2.1045,3.2089,2.6147,2.336,4.3808,2.1249,2.1981,4.7449,1.4958,1.6719,3.9357,1.8965,1.922,4.5078,1.5053,2.2026,3.2574,0.77663,2.1328,3.1128,2.4391,2.4081,4.3703,1.9136,2.5946,4.8114,1.8734,2.6029,4.7709,2.5999,2.3483,4.3833,1.2802,2.5238,3.9022,1.7202,2.2501,4.3387,1.9204,3.0192,3.8515,0.56885,2.4696,2.535,1.5279,2.0798,4.6426,2.0509,3.0345,3.9852,0.34137,2.3989,3.3635,1.6623,1.5917,4.0756,0.68946,2.054,3.0554,2.2554,2.2565,4.6678,0.72411,2.5797,3.1197,0.95217,2.1146,3.2018,0.030694,2.8913,1.844,2.0218,2.0123,4.6388,2.5891,2.3548,4.3791,2.6002,2.3028,5.1149,2.0132,2.7342,4.3065,1.0806,1.796,3.9888,4.6478,2.9259,0.52016,0.85344,2.1267,3.0142,1.3058,2.0936,4.3145,1.0385,2.1043,3.4704,2.1917,2.7109,4.4413,1.7192,1.5642,4.1399,1.2108,2.5434,3.1233,0.77148,2.4626,3.7459,2.0695,1.8899,3.6975,1.5661,2.4558,3.4483,1.6152,2.5584,3.605,1.6327,1.6248,4.2483,1.9864,2.7444,4.4484,2.033,2.7436,4.5052,3.4434,2.769,6.1985,1.7208,1.5567,4.1378,1.7472,2.003,3.4529,2.0718,2.9304,4.8794,1.2068,2.5462,3.1524,2.6096,2.441,4.9505,1.0683,2.6131,4.0595,1.5694,2.4458,3.4564,1.1507,1.8373,4.0752,1.6723,1.5765,4.0676,1.73,2.0022,3.4242,0.26456,2.9317,3.3197,2.9103,2.3035,4.6363,1.3096,1.9484,4.2146,1.3028,2.6558,3.425,1.4328,2.4598,3.3417,1.8626,1.9441,3.6796,1.9421,2.4196,4.0147,1.0602,2.2928,3.1654,2.5441,2.0131,5.146,1.2553,2.6562,3.3647,1.4018,2.4806,3.3073,0.36154,2.9324,3.4085,0.65145,1.837,2.8364,1.6718,2.0002,4.4832,1.4617,1.815,4.139,5.4103,2.882,1.7227,0.81924,2.1008,2.8135,1.0628,2.6335,4.0678,2.2097,2.5259,3.6109,2.5777,2.4241,4.9071,2.8476,2.6801,4.5562,2.1245,2.5076,4.4823,2.3532,2.1264,4.2289,0.76153,2.0351,3.3076,0.42108,2.4495,2.98,0.59452,2.1423,3.7048,2.3833,2.4546,4.4675,0.83227,2.4484,2.935,1.2475,1.6024,4.2829,1.6817,2.0243,3.427,6.1359,2.68,1.8842,3.342,2.9258,0.06352,0.82205,2.4207,2.9788,1.6679,1.6261,4.0714,1.5048,1.8849,3.1767,0.77232,2.4451,2.9063,2.156,2.3374,4.8889,1.1903,2.5624,3.1311,1.0121,1.9582,3.5042,0.48092,1.9773,3.275,1.7195,2.0163,3.4158,2.3858,2.1131,4.2196,2.1839,2.1497,4.999,1.2733,1.6986,3.8276,0.69374,1.9763,2.778,2.1894,2.16,5.0193,2.3532,2.2212,4.5222,1.5742,2.3816,3.967,4.3607,2.9395,0.28557,1.9549,2.386,4.0088,0.82491,1.9495,4.1229,1.257,2.6065,4.2594,3.6661,2.8264,6.2268,1.5402,1.6368,3.2951,0.26863,2.3,3.3349,5.1013,2.9405,1.0465,0.64919,2.7573,3.3586,1.3318,2.5228,3.0201,2.1462,2.1127,4.9374,1.476,2.0638,4.3843,1.527,1.63,3.3015,1.4018,2.9187,3.3751,0.52831,2.4296,2.8255,0.89684,2.4482,3.0118,0.23899,2.6087,3.3438,1.6341,2.2938,4.1553,0.53862,2.4329,2.8022,1.0303,2.2281,3.6205,1.3933,1.7818,4.2884,0.31803,2.3199,3.3763,1.5269,1.6071,3.2955,0.52281,2.4289,2.825,3.2054,2.8659,6.1378,1.9621,2.5738,4.0098,2.0132,2.1937,4.6282,2.5091,2.7727,5.1318,1.9047,1.9302,3.8701,1.2925,1.7661,3.7048,2.1743,2.1335,4.9831,1.3768,2.6273,3.9514,1.1108,3.0659,2.9434,4.7418,2.9497,0.45043,1.3291,2.7009,4.3942,1.9129,1.9268,3.8767,1.2989,2.6417,2.9257,0.52957,2.7535,3.1475,0.98119,2.8986,4.1679,0.68396,2.5266,2.6723,0.68206,1.984,2.9384,0.53388,2.4107,3.3882,1.561,2.1787,4.2758,1.3963,2.7083,4.445,0.57555,1.9793,3.0358,1.993,1.8594,3.8037,1.1903,1.8047,3.6758,2.3187,2.6874,4.7925,1.3654,1.5982,4.1378,1.3646,2.1544,3.157,0.614,1.9885,3.0476,0.50307,2.4355,2.6257,1.6339,2.3089,4.1632,2.3394,2.6819,4.8394,0.59445,1.9956,3.0212,1.5728,1.6942,3.3384,0.44462,3.051,2.3351,0.64146,2.5334,2.6419,2.9989,2.7486,5.9965,0.042524,2.8785,2.7156,4.6816,2.9491,0.3877,2.2924,2.3707,3.6546,1.1626,3.0535,3.9731,1.3585,2.339,3.4932,0.96527,3.0643,3.7768,2.3367,2.2312,3.7603,1.1869,1.7914,3.6728,2.4355,2.3537,4.5827,2.5388,2.6719,4.0537,1.3067,2.6751,4.3618,1.9006,1.8951,3.8569,1.187,2.7291,3.7089,2.3628,2.4553,4.9633,1.6144,2.5863,3.3967,2.1641,2.2131,4.1151,0.77586,1.9157,3.3481,2.2809,2.4106,3.6906,2.2918,2.3988,3.6739,2.2159,1.9526,4.9595,2.6185,2.2803,4.7887,2.3432,2.2389,3.7734,1.3678,1.5885,3.8622,2.3369,2.6927,4.8273,1.9002,1.9072,3.8642,0.77464,2.1255,4.0311,1.5987,1.7853,4.2517,2.3479,2.6887,4.85,1.4467,2.3872,3.2617,5.9913,2.8989,2.2871,1.8468,1.79,3.5084,1.9132,2.9662,4.2166,2.0679,1.9572,4.8214,1.1663,2.5839,4.3402,1.9291,2.1436,4.8695,1.6107,1.7386,3.9627,1.6036,2.0234,3.3451,1.07,2.7176,3.6141,0.97067,2.7999,3.8519,1.4299,2.4477,3.8693,1.1537,2.7414,3.6642,1.8245,1.7157,4.0793,0.92992,2.457,2.8083,1.9387,2.0994,4.4188,0.20238,2.7724,2.9636,1.065,1.9437,4.2698,0.97918,2.3102,3.0727,1.6626,2.3987,4.5929,0.96841,2.0531,2.8615,0.73111,1.9758,2.7414,1.6031,1.7285,3.9665,0.94452,2.4493,2.8311,1.3596,1.5829,3.8414,2.7371,2.5767,4.6057,1.0825,2.1652,3.6057,1.1574,2.7532,3.6813,1.9772,1.9811,4.4899,1.0543,1.9518,4.2594,1.8625,1.675,3.4615,1.6629,2.5202,3.9986,2.128,2.5428,4.8965,2.1235,2.3921,3.6747,1.2354,3.0494,3.4557,1.4522,1.479,4.2125,0.64501,2.9903,3.6508,1.6131,1.6994,4.2161,0.73514,1.9913,2.7354,0.71247,2.1954,3.9616,2.6616,2.5902,4.5203,2.0143,2.1066,3.4162,1.4152,2.8637,3.5572,1.0738,2.2397,3.5994,2.5484,2.027,4.5121,1.4769,1.7245,4.4209,1.5764,2.5812,3.5942,2.057,2.3335,4.0952,2.6623,2.3504,4.9505,0.50008,2.5232,3.0215
1781.7,0.13181,122.78,15.703,0.089259,536.46,1.4822,1.8224,4.1322,1.267,2.2403,4.2341,1.1881,1.9601,4.25,2.4623,2.6426,4.2858,0.86074,2.0286,4.269,1.517,2.5414,3.896,3.1445,2.837,5.9901,1.1749,1.9629,4.2415,1.741,1.6562,4.2302,1.2955,2.2283,4.2775,0.83506,2.0578,4.2068,2.9523,2.8331,4.5439,5.5835,2.7277,1.3242,1.3128,2.7476,3.6985,0.91568,2.1402,3.0082,2.5142,2.1048,4.5245,1.4655,1.6423,3.9224,0.64677,2.6082,3.8353,2.0264,1.7662,3.4991,1.1077,2.4029,3.169,0.19561,2.2974,3.4599,1.7706,1.6799,3.4037,1.9626,2.7685,4.2398,1.7901,1.7121,3.4067,1.4476,1.6303,3.9445,0.3853,2.1626,3.1496,2.0908,2.3969,4.457,1.4682,1.6918,3.2044,0.82848,1.9313,2.752,3.1262,2.8402,5.9495,2.0302,1.7911,3.5013,1.0377,2.7212,2.9301,1.8301,2.589,4.0373,0.66069,1.9175,2.8038,1.064,2.4251,3.1043,1.917,1.9222,4.5251,1.7124,1.6462,3.8922,0.51361,2.2012,3.7539,1.1799,2.5199,3.7532,0.94377,2.1083,3.203,2.6226,2.3396,4.3908,2.1311,2.2024,4.7518,1.4981,1.6725,3.9384,1.8973,1.9229,4.5099,1.5069,2.2048,3.2562,0.7705,2.1388,3.1033,2.4419,2.4123,4.3771,1.9103,2.5947,4.8016,1.8673,2.6034,4.7593,2.6075,2.3539,4.3956,1.2795,2.5277,3.8978,1.7247,2.2527,4.344,1.911,3.0145,3.8411,0.57585,2.4701,2.5413,1.5247,2.0831,4.6443,2.05,3.0308,3.983,0.33644,2.4008,3.3567,1.6625,1.5892,4.0748,0.68686,2.0571,3.0504,2.2563,2.2579,4.6694,0.73226,2.5755,3.1316,0.94622,2.1194,3.1942,5.7069,2.8909,1.8301,2.0262,2.0162,4.6455,2.5956,2.3613,4.3909,2.5928,2.2986,5.105,2.0023,2.7231,4.2949,1.0807,1.7903,3.9934,4.6494,2.9171,0.52,0.84992,2.1273,3.0105,1.3061,2.0932,4.3201,1.0362,2.1067,3.4673,2.181,2.7061,4.4287,1.7215,1.561,4.1381,1.2177,2.542,3.1283,0.77353,2.4666,3.7427,2.0713,1.8859,3.6931,1.5626,2.4581,3.4466,1.6119,2.5614,3.6073,1.6298,1.6205,4.2479,1.9748,2.7362,4.4351,2.026,2.7358,4.4982,3.4536,2.7669,6.2078,1.7232,1.5525,4.1356,1.753,2.003,3.4537,2.0688,2.9301,4.8776,1.2129,2.5453,3.1604,2.6068,2.4404,4.9464,1.072,2.6142,4.0573,1.5662,2.4472,3.4557,1.1463,1.8394,4.0734,1.6738,1.5716,4.0658,1.7335,2.0018,3.4217,0.26361,2.9298,3.3196,2.9147,2.3035,4.6437,1.3087,1.9484,4.216,1.3072,2.653,3.4345,1.4295,2.4604,3.3422,1.8653,1.9397,3.6748,1.9415,2.4285,4.018,1.0563,2.294,3.1632,2.545,2.0098,5.1465,1.2568,2.6538,3.371,1.3952,2.4827,3.3041,0.36983,2.9303,3.4166,0.64803,1.8405,2.827,1.6675,1.9976,4.4899,1.4611,1.8102,4.1407,5.3948,2.8793,1.7069,0.81843,2.0991,2.8157,1.0662,2.6371,4.0668,2.213,2.5254,3.6073,2.57,2.4211,4.8965,2.8547,2.677,4.5619,2.1216,2.5061,4.4779,2.3542,2.1305,4.2343,0.75973,2.0415,3.3009,0.43304,2.4465,2.993,0.59348,2.1423,3.7039,2.3829,2.4492,4.4723,0.84266,2.4462,2.9455,1.2461,1.605,4.2819,1.679,2.0261,3.4242,6.1187,2.6781,1.8658,3.3562,2.9238,0.079129,0.82864,2.4159,2.9914,1.6686,1.6245,4.0696,1.5063,1.887,3.176,0.77467,2.4431,2.9118,2.1544,2.3354,4.8809,1.195,2.5623,3.1376,1.0132,1.9574,3.5043,0.47399,1.9768,3.2777,1.7217,2.0163,3.4118,2.3859,2.1176,4.223,2.1887,2.1486,5.0006,1.2711,1.6928,3.8304,0.69504,1.9763,2.7806,2.1947,2.1603,5.023,2.3576,2.2253,4.5297,1.5749,2.3902,3.9673,4.3727,2.9319,0.29718,1.9553,2.3922,4.0108,0.82305,1.9485,4.1224,1.2672,2.6105,4.2647,3.6819,2.8231,6.242,1.5416,1.6398,3.2961,0.26263,2.2999,3.3264,5.0991,2.9343,1.0455,0.65794,2.7537,3.3682,1.3383,2.5244,3.0238,2.148,2.1085,4.9338,1.4754,2.0594,4.3881,1.5272,1.6304,3.3032,1.4043,2.9174,3.3759,0.53761,2.427,2.8385,0.89501,2.4471,3.0144,0.24037,2.6076,3.3434,1.6371,2.2985,4.1592,0.54882,2.4313,2.8123,1.0278,2.2354,3.6153,1.3934,1.7792,4.2874,0.3178,2.3217,3.3739,1.5268,1.6057,3.2966,0.53135,2.4264,2.8374,3.2267,2.8647,6.1608,1.9573,2.5716,4.0078,2.0182,2.1949,4.6325,2.4926,2.7718,5.1131,1.9062,1.9255,3.8658,1.2921,1.7604,3.7068,2.1777,2.1308,4.983,1.3742,2.6237,3.9452,1.1066,3.0641,2.9382,4.7473,2.9452,0.45471,1.3367,2.7022,4.4001,1.9144,1.9234,3.8762,1.3048,2.6425,2.9328,0.54625,2.7509,3.1669,0.98788,2.8981,4.174,0.69672,2.5274,2.6828,0.681,1.9895,2.9336,0.53298,2.4114,3.3848,1.5605,2.1778,4.2811,1.4115,2.71,4.4567,0.56942,1.982,3.0265,1.9946,1.8554,3.8023,1.1898,1.7997,3.6795,2.3048,2.6832,4.7735,1.3636,1.6051,4.1336,1.3614,2.1538,3.1551,0.6115,1.9929,3.0404,0.50767,2.4338,2.6323,1.6376,2.3164,4.1679,2.3271,2.6772,4.8242,0.58918,2.0003,3.0103,1.5737,1.6923,3.3397,0.43441,3.0519,2.3222,0.64783,2.5353,2.6472,3.0103,2.7482,6.0099,0.061597,2.8796,2.7368,4.684,2.9438,0.38913,2.2877,2.3662,3.6444,1.1819,3.0492,3.9954,1.3485,2.3481,3.4847,0.97684,3.0624,3.7917,2.3336,2.2308,3.7553,1.186,1.7847,3.6764,2.4363,2.3554,4.5847,2.5334,2.676,4.0562,1.3119,2.6745,4.3641,1.9016,1.8875,3.8521,1.1921,2.7225,3.7133,2.354,2.4519,4.9492,1.6153,2.5826,3.4081,2.1638,2.2168,4.1173,0.77401,1.9179,3.3447,2.2739,2.4113,3.684,2.2857,2.3975,3.665,2.2203,1.9578,4.9654,2.6154,2.2792,4.7881,2.3407,2.2395,3.77,1.3663,1.5889,3.8652,2.3237,2.6892,4.8103,1.9014,1.9014,3.8599,0.77453,2.1234,4.0391,1.5982,1.7803,4.2509,2.3369,2.685,4.8366,1.4465,2.3875,3.2616,5.998,2.901,2.2959,1.8463,1.7889,3.5119,1.9059,2.9594,4.2068,2.0743,1.958,4.8286,1.1731,2.5847,4.3479,1.9347,2.1437,4.8709,1.6103,1.7319,3.9623,1.6038,2.0258,3.3406,1.0738,2.7124,3.617,0.97457,2.7972,3.8534,1.4352,2.4536,3.8724,1.1559,2.7361,3.6644,1.8228,1.7069,4.0779,0.93186,2.4569,2.8122,1.9431,2.1041,4.4237,0.21768,2.7688,2.9782,1.0623,1.942,4.2705,0.98136,2.3083,3.0781,1.6667,2.4,4.5944,0.96653,2.0502,2.8632,0.73003,1.9738,2.7413,1.6019,1.7209,3.9663,0.94749,2.4482,2.8376,1.357,1.582,3.8421,2.7353,2.5758,4.605,1.082,2.1696,3.6023,1.1609,2.7483,3.6842,1.9773,1.9809,4.4921,1.0509,1.9506,4.2593,1.864,1.6772,3.4631,1.663,2.5239,3.9985,2.1294,2.5416,4.893,2.1194,2.3941,3.6699,1.2449,3.0462,3.4638,1.4531,1.4813,4.2101,0.64488,2.9894,3.6519,1.6123,1.6935,4.2145,0.73434,1.9905,2.735,0.71511,2.1958,3.9638,2.6589,2.5886,4.5192,2.0177,2.1043,3.4147,1.4196,2.8567,3.5607,1.0719,2.2464,3.594,2.551,2.0309,4.5183,1.475,1.723,4.4213,1.5737,2.5798,3.597,2.0567,2.3387,4.0984,2.6579,2.3481,4.9448,0.5065,2.5226,3.0284
1781.7,0.13181,122.78,15.703,0.098185,554.46,1.4785,1.8199,4.129,1.2673,2.2414,4.2364,1.1836,1.957,4.2506,2.4595,2.6411,4.2856,0.86073,2.0261,4.2732,1.5168,2.5461,3.8962,3.1582,2.8361,6.0069,1.1699,1.9598,4.2423,1.7406,1.6499,4.2282,1.2968,2.2283,4.283,0.83297,2.0572,4.2063,2.9574,2.8329,4.5471,5.5722,2.7219,1.3115,1.3177,2.7386,3.7034,0.91153,2.1395,3.0064,2.5182,2.1103,4.5331,1.4643,1.6396,3.9238,0.64516,2.6119,3.8299,2.0288,1.7662,3.5017,1.1073,2.3999,3.1754,0.188,2.2986,3.4492,1.7691,1.6798,3.4054,1.9492,2.7624,4.2235,1.7906,1.7149,3.4081,1.4457,1.6265,3.9472,0.38516,2.1647,3.1458,2.0948,2.3989,4.4619,1.4672,1.6935,3.2047,0.82859,1.935,2.752,3.1387,2.8399,5.9633,2.0333,1.7928,3.504,1.0419,2.7213,2.9364,1.8314,2.5894,4.041,0.66342,1.9215,2.8049,1.0629,2.4231,3.1087,1.919,1.9225,4.5285,1.7153,1.6427,3.8931,0.5141,2.201,3.7551,1.1801,2.5268,3.7527,0.93826,2.112,3.1971,2.6304,2.3429,4.4005,2.1372,2.2064,4.7587,1.5005,1.6731,3.9412,1.8983,1.9238,4.512,1.5086,2.2069,3.255,0.76429,2.1447,3.0938,2.4448,2.4163,4.3837,1.907,2.5948,4.7918,1.8614,2.6038,4.7478,2.6153,2.3593,4.4081,1.2788,2.5312,3.8936,1.7296,2.2554,4.3493,1.9022,3.0097,3.8312,0.58282,2.4704,2.5476,1.5213,2.0865,4.6455,2.0491,3.0271,3.9808,0.33169,2.4026,3.3503,1.6627,1.5868,4.0739,0.68431,2.06,3.0458,2.2572,2.2591,4.6707,0.7398,2.5714,3.143,0.94036,2.1239,3.1868,6.1799,2.8906,1.8169,2.0308,2.0202,4.6524,2.6024,2.3676,4.4029,2.5856,2.2945,5.0955,1.9921,2.7118,4.284,1.0806,1.7848,3.9977,4.6507,2.9084,0.51981,0.84646,2.128,3.0069,1.3064,2.0928,4.3254,1.0339,2.1094,3.4643,2.1709,2.7014,4.4168,1.7239,1.558,4.1364,1.2243,2.5407,3.133,0.77557,2.4705,3.7396,2.073,1.882,3.6889,1.5593,2.4604,3.445,1.6089,2.5643,3.6098,1.6269,1.6165,4.2474,1.9637,2.7279,4.4222,2.0193,2.728,4.4913,3.4637,2.7648,6.2171,1.7256,1.5485,4.1334,1.7588,2.0029,3.4548,2.066,2.93,4.8759,1.2188,2.5444,3.168,2.6041,2.4401,4.9424,1.0754,2.6153,4.0549,1.5631,2.4485,3.4552,1.142,1.8411,4.0716,1.6754,1.567,4.0641,1.7372,2.0014,3.4194,0.26291,2.9279,3.3197,2.9189,2.3033,4.6508,1.3077,1.9485,4.2174,1.3114,2.6503,3.4435,1.4263,2.4611,3.3427,1.868,1.9353,3.6702,1.9409,2.4369,4.0215,1.0523,2.2951,3.161,2.5458,2.0066,5.1471,1.2583,2.6514,3.3773,1.3888,2.4847,3.3011,0.37792,2.9283,3.4245,0.64461,1.8438,2.8178,1.6631,1.9951,4.4962,1.4605,1.8056,4.1422,5.3793,2.8764,1.6911,0.81749,2.0976,2.8176,1.0694,2.6405,4.0656,2.2164,2.5244,3.6038,2.5624,2.4179,4.886,2.862,2.6739,4.5678,2.1189,2.5048,4.4739,2.3553,2.1347,4.2398,0.75764,2.0481,3.2938,0.44499,2.4435,3.0059,0.59248,2.1422,3.703,2.3827,2.4443,4.4771,0.8531,2.4439,2.956,1.2448,1.6076,4.2808,1.6762,2.0276,3.4214,6.1019,2.676,1.8476,3.3698,2.9217,0.094147,0.83449,2.4113,3.0032,1.6693,1.6228,4.0678,1.5077,1.8891,3.1754,0.77672,2.4413,2.9168,2.1532,2.3335,4.8732,1.1997,2.5623,3.1438,1.0143,1.9565,3.5044,0.4669,1.9763,3.2808,1.724,2.0162,3.4078,2.3861,2.122,4.2264,2.1934,2.1474,5.0019,1.2688,1.6874,3.8332,0.69629,1.9763,2.7831,2.1999,2.1603,5.0264,2.3618,2.2293,4.5371,1.5756,2.3985,3.9675,4.384,2.9246,0.30831,1.9556,2.3984,4.0128,0.82121,1.9477,4.1216,1.2774,2.6144,4.2699,3.6975,2.8199,6.2737,1.543,1.6429,3.2971,0.2568,2.2997,3.318,5.0973,2.9279,1.0449,0.66614,2.7501,3.3773,1.3445,2.526,3.0271,2.15,2.1045,4.9307,1.4744,2.0549,4.3919,1.5274,1.6307,3.3049,1.4065,2.9161,3.3764,0.54684,2.4245,2.8513,0.89332,2.4459,3.0172,0.24154,2.6064,3.3426,1.6401,2.3035,4.1633,0.5588,2.4299,2.8224,1.0251,2.2427,3.61,1.3934,1.7766,4.2863,0.31768,2.3233,3.3717,1.5267,1.6043,3.2977,0.53972,2.4239,2.8496,3.2471,2.8635,6.1827,1.9526,2.5695,4.0059,2.0232,2.1959,4.6366,2.4757,2.7708,5.0939,1.9076,1.9206,3.8616,1.2918,1.755,3.7087,2.181,2.1279,4.983,1.3718,2.6203,3.9391,1.102,3.0624,2.9325,4.7527,2.9408,0.45894,1.3441,2.7033,4.406,1.9158,1.9201,3.8759,1.3106,2.6434,2.9399,0.56209,2.7482,3.1854,0.99475,2.8975,4.1802,0.70939,2.5283,2.6931,0.68014,1.9949,2.9292,0.53221,2.4121,3.3816,1.5603,2.1768,4.2864,1.4264,2.7115,4.4681,0.56343,1.9845,3.0174,1.996,1.8514,3.8011,1.1893,1.7946,3.6832,2.2917,2.679,4.7555,1.3617,1.6115,4.1294,1.3583,2.1532,3.1532,0.609,1.9972,3.0333,0.51224,2.4321,2.6389,1.6418,2.3241,4.1724,2.3152,2.6725,4.8094,0.58394,2.0047,2.9998,1.5746,1.6904,3.341,0.42348,3.0528,2.3085,0.65384,2.5373,2.6521,3.022,2.7477,6.0234,0.079835,2.8806,2.7579,4.6868,2.9385,0.39106,2.2834,2.3617,3.6345,1.1986,3.0448,4.0151,1.3388,2.3568,3.4764,0.98776,3.0604,3.806,2.3305,2.2305,3.7503,1.185,1.7777,3.6803,2.4371,2.357,4.5865,2.5279,2.6799,4.0584,1.3169,2.674,4.3662,1.9025,1.8801,3.8474,1.1968,2.7162,3.7173,2.3457,2.4487,4.9355,1.6161,2.5788,3.4195,2.1636,2.2207,4.1197,0.77208,1.9201,3.3409,2.2668,2.4118,3.6774,2.2797,2.3962,3.656,2.2246,1.9625,4.9712,2.6123,2.2781,4.7875,2.3382,2.2403,3.7667,1.3647,1.5894,3.8682,2.3107,2.6856,4.7937,1.9025,1.8958,3.8557,0.77451,2.1213,4.047,1.5978,1.7753,4.2501,2.3264,2.6812,4.8235,1.4464,2.3878,3.2616,6.0047,2.9029,2.3046,1.846,1.7879,3.5153,1.8988,2.9524,4.1973,2.0807,1.9589,4.8356,1.1798,2.5857,4.3554,1.9403,2.1438,4.8723,1.61,1.7253,3.962,1.604,2.0283,3.3363,1.0773,2.7075,3.6196,0.97813,2.7946,3.8545,1.4404,2.459,3.8755,1.1578,2.7311,3.6644,1.821,1.6984,4.0766,0.93375,2.4569,2.8162,1.9475,2.1088,4.4289,0.23295,2.765,2.9928,1.0594,1.9403,4.2711,0.98319,2.3066,3.083,1.6709,2.4014,4.5958,0.96456,2.0474,2.8646,0.72899,1.972,2.7413,1.6008,1.7136,3.9662,0.95031,2.4472,2.8439,1.3543,1.581,3.843,2.7338,2.5749,4.6047,1.0815,2.1741,3.5989,1.1642,2.7436,3.6867,1.9773,1.9808,4.4944,1.0476,1.9494,4.2593,1.8654,1.6792,3.4646,1.663,2.5274,3.9984,2.1308,2.5404,4.8896,2.1153,2.3961,3.665,1.2547,3.0431,3.4723,1.4539,1.4837,4.2076,0.64423,2.9885,3.6524,1.6116,1.6876,4.2131,0.73359,1.9896,2.7348,0.71775,2.1961,3.9659,2.6561,2.5871,4.5183,2.0212,2.102,3.4135,1.424,2.8497,3.5645,1.0699,2.2533,3.5886,2.5537,2.0348,4.5247,1.4731,1.7215,4.4216,1.5712,2.5784,3.6002,2.0567,2.3439,4.1016,2.6538,2.346,4.9395,0.51284,2.5223,3.0353
1781.7,0.13181,122.78,15.703,0.10711,572.25,1.4749,1.8172,4.1259,1.2678,2.2424,4.2389,1.1792,1.9538,4.2509,2.4568,2.6396,4.2856,0.86063,2.0238,4.2771,1.5167,2.5507,3.8966,3.1717,2.8351,6.0234,1.165,1.9565,4.243,1.7401,1.6437,4.226,1.298,2.2282,4.2885,0.83095,2.0565,4.2059,2.9624,2.8326,4.5502,5.5612,2.7159,1.2991,1.3223,2.7298,3.708,0.90736,2.1387,3.0045,2.5223,2.1157,4.5419,1.4631,1.6371,3.9253,0.64341,2.6155,3.8242,2.0312,1.7662,3.5044,1.1064,2.3971,3.1811,0.18036,2.2997,3.4384,1.7676,1.6797,3.407,1.9365,2.7563,4.2081,1.7913,1.7176,3.4095,1.4438,1.6228,3.9497,0.38511,2.1667,3.1422,2.0985,2.4008,4.4664,1.4663,1.6951,3.2051,0.82867,1.9384,2.752,3.1513,2.8394,5.9774,2.0365,1.7943,3.5067,1.0463,2.7214,2.9428,1.8328,2.59,4.0446,0.66611,1.9254,2.8061,1.0618,2.421,3.1131,1.9211,1.9227,4.532,1.7182,1.6393,3.894,0.51465,2.2006,3.7564,1.1806,2.5333,3.7526,0.93287,2.1155,3.1915,2.6382,2.3462,4.41,2.1434,2.2102,4.7655,1.5029,1.674,3.9439,1.8994,1.9246,4.5141,1.5102,2.2089,3.2539,0.75795,2.1505,3.0843,2.4476,2.4201,4.3903,1.9037,2.5951,4.7817,1.8557,2.6043,4.7365,2.6233,2.3647,4.4209,1.2782,2.5347,3.8894,1.7345,2.2582,4.3546,1.894,3.0048,3.8222,0.58977,2.471,2.5539,1.5176,2.0899,4.6462,2.0483,3.0233,3.9787,0.32709,2.4042,3.3441,1.6629,1.5847,4.0731,0.68179,2.0628,3.0413,2.2579,2.2602,4.6718,0.74684,2.5673,3.1541,0.93462,2.1282,3.1795,6.2539,2.8901,1.804,2.0357,2.0241,4.6594,2.6094,2.3738,4.415,2.5788,2.2903,5.0862,1.9824,2.7004,4.2737,1.0806,1.7795,4.002,4.6521,2.8996,0.51967,0.84304,2.1286,3.0033,1.3069,2.0925,4.3308,1.0316,2.112,3.4611,2.161,2.6967,4.4053,1.7262,1.5548,4.1347,1.2308,2.5394,3.1374,0.77759,2.4742,3.7363,2.0748,1.8782,3.6848,1.5558,2.4626,3.4433,1.6062,2.5669,3.6128,1.624,1.6128,4.2469,1.953,2.7196,4.4096,2.013,2.7203,4.4849,3.4739,2.7627,6.2263,1.7281,1.5446,4.1312,1.7647,2.0029,3.4559,2.0633,2.9298,4.8742,1.2244,2.5437,3.1752,2.6014,2.4396,4.9385,1.0786,2.6162,4.0523,1.56,2.4499,3.4547,1.1377,1.8427,4.07,1.677,1.5627,4.0624,1.7409,2.0009,3.4173,0.26252,2.9259,3.32,2.923,2.3029,4.6575,1.3067,1.9485,4.2187,1.3155,2.6477,3.4524,1.4232,2.4617,3.3434,1.8708,1.931,3.6657,1.9405,2.4451,4.0251,1.0485,2.2962,3.1589,2.5464,2.0034,5.1477,1.2598,2.6493,3.3836,1.3824,2.4867,3.2981,0.38583,2.9261,3.4322,0.64124,1.847,2.8087,1.6585,1.9926,4.5023,1.4599,1.8012,4.1437,5.364,2.8734,1.6753,0.81649,2.0962,2.8194,1.0725,2.644,4.0643,2.2203,2.5235,3.6009,2.5548,2.4146,4.8754,2.8696,2.6708,4.574,2.1166,2.5037,4.4701,2.3564,2.1391,4.2456,0.75531,2.0548,3.2863,0.45694,2.4405,3.0189,0.59155,2.142,3.7023,2.3825,2.4397,4.482,0.86365,2.4415,2.9667,1.2433,1.6103,4.2797,1.6734,2.029,3.4184,6.0854,2.6738,1.8297,3.383,2.9196,0.10867,0.83964,2.4069,3.0142,1.67,1.6211,4.0661,1.5091,1.8912,3.1748,0.7785,2.4395,2.9215,2.152,2.3315,4.8656,1.2042,2.5624,3.1499,1.0153,1.9557,3.5045,0.45962,1.9758,3.2842,1.7262,2.0158,3.4039,2.3864,2.1266,4.2302,2.1979,2.1461,5.0031,1.2664,1.6824,3.8357,0.6975,1.9764,2.7854,2.2048,2.1603,5.0297,2.366,2.2331,4.5445,1.5762,2.4064,3.9677,4.3946,2.9173,0.31894,1.9561,2.4047,4.0149,0.8194,1.9471,4.1208,1.2876,2.6182,4.2748,3.7128,2.8166,0.58686,1.5445,1.6463,3.2981,0.25116,2.2996,3.3098,5.0958,2.9214,1.0449,0.67391,2.7465,3.3858,1.3505,2.5275,3.0302,2.1523,2.1007,4.9279,1.4735,2.0503,4.3956,1.5275,1.631,3.3066,1.4087,2.915,3.3769,0.55601,2.4219,2.8642,0.89175,2.4448,3.0201,0.24251,2.6054,3.3416,1.6433,2.3084,4.1674,0.56856,2.4284,2.8322,1.0223,2.2499,3.6046,1.3935,1.7742,4.2852,0.31765,2.3248,3.3697,1.5266,1.603,3.2988,0.54788,2.4216,2.8615,3.2666,2.8623,6.2035,1.9479,2.5675,4.0039,2.0281,2.1968,4.6407,2.4588,2.7697,5.0746,1.9091,1.9157,3.8574,1.2914,1.7496,3.7106,2.1844,2.1251,4.9829,1.3694,2.6168,3.9331,1.0968,3.0608,2.9264,4.7578,2.9362,0.46307,1.3514,2.7042,4.4115,1.9174,1.9168,3.8755,1.3162,2.6442,2.9469,0.57716,2.7455,3.2031,1.0017,2.8968,4.1866,0.72188,2.5291,2.7034,0.67944,2.0,2.9252,0.53158,2.4127,3.3785,1.5601,2.1757,4.2917,1.4409,2.7129,4.4792,0.55758,1.987,3.0084,1.9974,1.8476,3.8,1.1887,1.7897,3.6868,2.2795,2.6749,4.7384,1.3597,1.6176,4.1252,1.3551,2.1525,3.1514,0.60654,2.0014,3.0263,0.51675,2.4304,2.6454,1.6461,2.3319,4.1771,2.3038,2.6679,4.795,0.57878,2.0089,2.9894,1.5753,1.6885,3.3423,0.41192,3.0536,2.2942,0.6595,2.5394,2.6567,3.0338,2.747,6.037,0.098151,2.8813,2.779,4.6899,2.9333,0.39348,2.2793,2.3572,3.6249,1.2132,3.0403,4.0326,1.3292,2.3651,3.4683,0.99786,3.0584,3.8194,2.3274,2.2301,3.7455,1.184,1.7707,3.6841,2.4377,2.3586,4.5883,2.5224,2.6834,4.0604,1.3218,2.6734,4.3682,1.9034,1.8726,3.8429,1.2013,2.71,3.7211,2.338,2.4455,4.9223,1.6168,2.5754,3.4305,2.1635,2.2246,4.1222,0.77008,1.9224,3.3371,2.26,2.4124,3.671,2.2737,2.395,3.647,2.229,1.9669,4.9765,2.6092,2.2771,4.7869,2.3357,2.2411,3.7634,1.3631,1.5899,3.871,2.2982,2.682,4.7775,1.9037,1.8902,3.8517,0.77456,2.1191,4.0548,1.5973,1.7706,4.2494,2.3163,2.6776,4.811,1.4463,2.3883,3.2615,6.0112,2.9048,2.313,1.8459,1.787,3.5186,1.8922,2.9456,4.1883,2.087,1.9597,4.8424,1.1862,2.5865,4.3629,1.9458,2.144,4.8738,1.6097,1.7191,3.9617,1.6044,2.0309,3.3322,1.0804,2.7028,3.6218,0.98133,2.7923,3.8551,1.4453,2.4641,3.8788,1.1597,2.7264,3.6641,1.8193,1.6903,4.0755,0.93559,2.4568,2.8199,1.9523,2.1137,4.434,0.24801,2.7611,3.0072,1.0565,1.9386,4.2717,0.98476,2.305,3.0876,1.6752,2.4028,4.5973,0.96252,2.0448,2.8657,0.728,1.9703,2.7412,1.5998,1.7066,3.9661,0.95299,2.4463,2.8502,1.3516,1.5799,3.8439,2.7325,2.5742,4.6047,1.0808,2.1788,3.5952,1.1675,2.739,3.6891,1.9774,1.9808,4.4969,1.0444,1.9482,4.2593,1.867,1.6813,3.4662,1.6629,2.5307,3.9982,2.132,2.5393,4.8861,2.1112,2.3982,3.6601,1.2649,3.0398,3.4813,1.4547,1.4862,4.2052,0.64307,2.9877,3.6525,1.6109,1.682,4.2118,0.73287,1.9888,2.7345,0.72036,2.1966,3.968,2.6534,2.5856,4.5176,2.0247,2.0998,3.4125,1.4286,2.8427,3.5684,1.0677,2.2603,3.5829,2.5565,2.0388,4.5313,1.4711,1.7201,4.4221,1.5689,2.5771,3.6036,2.0566,2.349,4.105,2.65,2.3439,4.9345,0.51909,2.5221,3.042
1781.7,0.13181,122.78,15.703,0.11604,590.08,1.4714,1.8143,4.123,1.2685,2.2433,4.2415,1.1747,1.9508,4.251,2.4542,2.6382,4.2857,0.86048,2.0218,4.2809,1.5166,2.555,3.8968,3.185,2.834,6.0399,1.1602,1.9532,4.2438,1.7397,1.6375,4.2238,1.2991,2.2281,4.294,0.829,2.0559,4.2056,2.9672,2.8322,4.5532,5.5504,2.7097,1.2871,1.3263,2.7215,3.712,0.9032,2.1381,3.0026,2.5266,2.1211,4.5509,1.4618,1.6348,3.9266,0.64148,2.619,3.8184,2.0337,1.7662,3.507,1.1049,2.3946,3.1861,0.17267,2.301,3.4274,1.7662,1.6794,3.4088,1.9247,2.7503,4.1938,1.792,1.72,3.4108,1.442,1.6192,3.952,0.38516,2.1685,3.1389,2.102,2.4025,4.4706,1.4652,1.6967,3.2053,0.8287,1.9415,2.7521,3.1641,2.8389,5.9915,2.0397,1.7957,3.5095,1.0508,2.7216,2.9491,1.8343,2.5905,4.0483,0.66874,1.9292,2.8074,1.0605,2.419,3.1173,1.9232,1.923,4.5354,1.721,1.636,3.895,0.51531,2.2003,3.7579,1.1814,2.5394,3.753,0.92763,2.1188,3.1859,2.6458,2.3494,4.4194,2.1495,2.2138,4.7721,1.5053,1.6748,3.9464,1.9007,1.9255,4.5164,1.5118,2.2107,3.2527,0.75156,2.1562,3.0747,2.4504,2.4239,4.3968,1.9002,2.5954,4.7714,1.8503,2.6047,4.7254,2.6315,2.3699,4.4339,1.2776,2.5381,3.8854,1.7396,2.261,4.3599,1.8863,3.0001,3.8135,0.59666,2.4715,2.56,1.5139,2.0933,4.6467,2.0476,3.0195,3.9767,0.32267,2.4056,3.3382,1.6632,1.5826,4.0723,0.67932,2.0654,3.0367,2.2586,2.2612,4.6728,0.75336,2.5634,3.1648,0.92906,2.1322,3.1726,6.2514,2.8895,1.7918,2.0408,2.0281,4.6665,2.6167,2.3799,4.4273,2.5724,2.2863,5.0773,1.9734,2.689,4.2641,1.0805,1.7743,4.0062,4.6534,2.8908,0.51955,0.83969,2.1291,2.9999,1.3075,2.092,4.3361,1.0293,2.1147,3.4579,2.1516,2.692,4.3944,1.7286,1.5518,4.1331,1.2371,2.5381,3.1415,0.7796,2.4779,3.7332,2.0766,1.8744,3.6809,1.5524,2.4649,3.4418,1.6038,2.5693,3.616,1.6212,1.6094,4.2463,1.9427,2.7112,4.3975,2.007,2.7124,4.4787,3.484,2.7605,6.2349,1.7305,1.5409,4.129,1.7707,2.0028,3.4572,2.0609,2.9297,4.8726,1.2297,2.543,3.1822,2.5989,2.4392,4.9347,1.0816,2.6171,4.0495,1.5572,2.4512,3.4544,1.1334,1.844,4.0685,1.6787,1.5587,4.0607,1.7446,2.0003,3.4154,0.26234,2.924,3.3205,2.9268,2.3023,4.6639,1.3056,1.9486,4.2201,1.3193,2.6454,3.4611,1.4203,2.4625,3.3442,1.8736,1.9267,3.6613,1.9402,2.4529,4.0289,1.0448,2.2972,3.157,2.547,2.0005,5.1482,1.2612,2.6472,3.3898,1.3761,2.4886,3.2952,0.39354,2.924,3.4398,0.63796,1.85,2.7999,1.6537,1.9903,4.5078,1.4594,1.7968,4.1451,5.3489,2.8704,1.6597,0.81543,2.0949,2.821,1.0753,2.6473,4.0628,2.2244,2.5225,3.5987,2.5474,2.4112,4.865,2.8773,2.6676,4.5803,2.1143,2.5028,4.4667,2.3576,2.1435,4.2514,0.75272,2.0615,3.2786,0.46886,2.4377,3.0319,0.59068,2.1419,3.7015,2.3825,2.4355,4.4871,0.87424,2.439,2.9776,1.2417,1.613,4.2784,1.6706,2.0305,3.4156,6.0692,2.6714,1.8123,3.3957,2.9174,0.12264,0.844,2.4027,3.0242,1.6706,1.6194,4.0645,1.5106,1.8932,3.1743,0.77995,2.4378,2.9258,2.1511,2.3296,4.8584,1.2085,2.5625,3.1558,1.0163,1.9547,3.5046,0.4522,1.9754,3.2878,1.7285,2.0153,3.4001,2.3869,2.1313,4.234,2.2025,2.1446,5.0042,1.2641,1.6775,3.838,0.69865,1.9765,2.7877,2.2097,2.1601,5.0328,2.3702,2.2369,4.5517,1.5768,2.414,3.968,4.4048,2.9102,0.32924,1.9566,2.411,4.0172,0.81762,1.9466,4.1198,1.2977,2.6219,4.2796,3.7279,2.8134,5.4307,1.5462,1.6498,3.2991,0.24572,2.2993,3.3016,5.0946,2.9149,1.0453,0.68117,2.743,3.3937,1.3561,2.5289,3.033,2.1547,2.097,4.9254,1.4723,2.0455,4.3991,1.5278,1.6311,3.3082,1.4106,2.9139,3.377,0.56506,2.4194,2.8769,0.89029,2.4435,3.023,0.24327,2.6044,3.3404,1.6466,2.3135,4.1716,0.5781,2.4271,2.8418,1.0193,2.2573,3.5991,1.3936,1.7719,4.2839,0.3177,2.3262,3.3679,1.5265,1.6017,3.2999,0.55585,2.4193,2.8732,3.2853,2.861,6.2171,1.9432,2.5656,4.0021,2.0329,2.1976,4.6448,2.4416,2.7685,5.0551,1.9104,1.9106,3.8532,1.291,1.7444,3.7124,2.1879,2.1223,4.9829,1.3671,2.6135,3.9272,1.0912,3.0594,2.9199,4.7628,2.9315,0.46712,1.3584,2.7051,4.4168,1.919,1.9136,3.8753,1.3218,2.6452,2.9539,0.59146,2.7428,3.2198,1.0088,2.8959,4.1929,0.73419,2.53,2.7135,0.67889,2.0052,2.9215,0.53108,2.4132,3.3757,1.5598,2.1745,4.2969,1.4551,2.7142,4.4899,0.55182,1.9894,2.9993,1.9988,1.844,3.7989,1.188,1.7847,3.6904,2.2682,2.671,4.7225,1.3577,1.6234,4.121,1.352,2.1517,3.1496,0.60408,2.0055,3.0195,0.52123,2.4287,2.6519,1.6508,2.3398,4.1818,2.2929,2.6632,4.7811,0.57372,2.0127,2.9794,1.5761,1.6868,3.3438,0.39961,3.0544,2.2792,0.66483,2.5417,2.661,3.0459,2.7461,6.0508,0.11645,2.8821,2.8,4.6933,2.928,0.39642,2.2755,2.3526,3.6156,1.2258,3.0358,4.0479,1.3198,2.3728,3.4607,1.0072,3.0565,3.8321,2.3245,2.2298,3.7408,1.1829,1.7637,3.6879,2.4384,2.36,4.59,2.5167,2.6867,4.0622,1.3266,2.673,4.37,1.9042,1.8653,3.8385,1.2056,2.7041,3.7246,2.3308,2.4424,4.9097,1.6173,2.5721,3.4413,2.1633,2.2287,4.1249,0.768,1.9248,3.3332,2.2533,2.4132,3.6646,2.2678,2.3938,3.6381,2.2333,1.9707,4.9816,2.6061,2.276,4.7863,2.3332,2.242,3.7602,1.3616,1.5905,3.8738,2.2859,2.6782,4.7616,1.9049,1.8848,3.8476,0.77467,2.1169,4.0624,1.5967,1.7659,4.2486,2.3065,2.674,4.7988,1.4461,2.3887,3.2615,6.0176,2.9066,2.3214,1.846,1.786,3.5219,1.8858,2.9386,4.1796,2.0933,1.9605,4.849,1.1923,2.5873,4.3702,1.9514,2.1444,4.8753,1.6094,1.7129,3.9614,1.6049,2.0335,3.3281,1.0832,2.6985,3.6236,0.98427,2.79,3.8555,1.4502,2.469,3.8821,1.1614,2.7218,3.6638,1.8175,1.6825,4.0743,0.93737,2.4569,2.8236,1.9571,2.1185,4.4393,0.26293,2.757,3.0215,1.0537,1.9369,4.2722,0.9861,2.3036,3.0918,1.6795,2.4043,4.5988,0.96044,2.0423,2.8667,0.72705,1.9687,2.7409,1.5988,1.6999,3.9659,0.95553,2.4454,2.8564,1.3489,1.5786,3.8449,2.7314,2.5735,4.605,1.0801,2.1835,3.5915,1.1705,2.7344,3.6914,1.9775,1.981,4.4993,1.0413,1.947,4.2595,1.8685,1.6832,3.4677,1.6629,2.534,3.998,2.1333,2.5383,4.8826,2.107,2.4003,3.6551,1.2753,3.0364,3.4905,1.4555,1.4887,4.2029,0.64145,2.9869,3.6519,1.6104,1.6766,4.2103,0.73219,1.988,2.7344,0.72296,2.1971,3.9701,2.6509,2.5843,4.5171,2.0284,2.0975,3.4115,1.433,2.8359,3.5726,1.0653,2.2675,3.5771,2.5594,2.0429,4.5381,1.4692,1.7187,4.4227,1.5668,2.5757,3.6071,2.0567,2.354,4.1084,2.6464,2.3421,4.9299,0.52525,2.522,3.0486
1781.7,0.13181,122.78,15.703,0.12496,607.45,1.4679,1.8114,4.1205,1.2694,2.2441,4.2443,1.1701,1.9477,4.2509,2.4517,2.6367,4.2859,0.86029,2.0198,4.2845,1.5165,2.5592,3.8971,3.1981,2.8329,6.056,1.1555,1.95,4.2445,1.7393,1.6313,4.2216,1.3001,2.228,4.2996,0.82714,2.0553,4.2055,2.9719,2.8318,4.5562,5.5398,2.7034,1.2754,1.33,2.7136,3.7156,0.89906,2.1373,3.0006,2.5309,2.1264,4.5598,1.4604,1.6326,3.928,0.6395,2.6226,3.8125,2.0362,1.7662,3.5096,1.1031,2.3922,3.1906,0.16498,2.3021,3.4165,1.7647,1.6791,3.4105,1.9137,2.7445,4.1803,1.7927,1.7223,3.4122,1.4404,1.6157,3.9543,0.38529,2.1702,3.1356,2.1054,2.404,4.4745,1.4642,1.6983,3.2056,0.82865,1.9444,2.7523,3.1768,2.8383,6.0056,2.0431,1.7971,3.5124,1.0551,2.7218,2.9556,1.8358,2.5912,4.052,0.67131,1.9329,2.8086,1.0593,2.4169,3.1214,1.9253,1.9232,4.5389,1.7238,1.6329,3.896,0.51609,2.1998,3.7594,1.1825,2.5451,3.7537,0.92251,2.122,3.1807,2.6534,2.3524,4.4286,2.1557,2.2174,4.7787,1.5077,1.6758,3.9489,1.9021,1.9264,4.5186,1.5134,2.2124,3.2516,0.74514,2.1618,3.0653,2.4532,2.4276,4.4034,1.8969,2.5959,4.7609,1.845,2.6051,4.7145,2.6399,2.375,4.447,1.277,2.5414,3.8815,1.7448,2.2639,4.3651,1.8791,2.9953,3.8053,0.60341,2.4721,2.5661,1.5101,2.0969,4.647,2.0469,3.0156,3.9748,0.3185,2.4069,3.3327,1.6636,1.5807,4.0715,0.67687,2.0678,3.0325,2.2593,2.2622,4.6737,0.75953,2.5594,3.1752,0.92372,2.1359,3.1658,6.242,2.8888,1.78,2.0461,2.0322,4.6737,2.6241,2.3856,4.4397,2.5665,2.2823,5.0688,1.9649,2.6777,4.2551,1.0805,1.7691,4.0104,4.6544,2.8822,0.51919,0.83642,2.1297,2.9967,1.3081,2.0918,4.3413,1.0269,2.1173,3.4547,2.1426,2.6873,4.3838,1.731,1.5486,4.1314,1.2432,2.5369,3.1454,0.7816,2.4815,3.7301,2.0785,1.8707,3.6769,1.549,2.4673,3.4403,1.6016,2.5716,3.6195,1.6185,1.6063,4.2457,1.933,2.7028,4.3858,2.0016,2.7047,4.4731,3.4942,2.7582,6.2463,1.733,1.5373,4.1268,1.7767,2.0028,3.4586,2.0585,2.9296,4.871,1.2349,2.5424,3.1888,2.5965,2.4388,4.9309,1.0844,2.618,4.0465,1.5543,2.4527,3.4542,1.1292,1.8452,4.067,1.6805,1.5549,4.0591,1.7484,1.9997,3.4135,0.26247,2.9221,3.3212,2.9307,2.3016,4.67,1.3046,1.9486,4.2215,1.3231,2.6432,3.4695,1.4173,2.4633,3.3449,1.8766,1.9226,3.6572,1.9401,2.4605,4.033,1.0411,2.2981,3.1551,2.5476,1.9976,5.1487,1.2627,2.6453,3.396,1.3699,2.4906,3.2924,0.40106,2.9219,3.447,0.63475,1.8527,2.7913,1.6486,1.988,4.5129,1.459,1.7928,4.1464,5.3341,2.8673,1.6443,0.81435,2.0937,2.8225,1.0779,2.6506,4.0611,2.2298,2.5211,3.5975,2.54,2.4077,4.8547,2.8852,2.6643,4.5868,2.1123,2.502,4.4633,2.3588,2.1482,4.2574,0.74975,2.0684,3.2705,0.4808,2.4349,3.0448,0.58987,2.1417,3.7008,2.3821,2.431,4.4921,0.88509,2.4364,2.9886,1.2399,1.6158,4.2771,1.6678,2.0316,3.4126,6.0533,2.6689,1.7951,3.408,2.9152,0.13618,0.8479,2.3987,3.0338,1.6712,1.6176,4.0629,1.5121,1.8952,3.1738,0.78122,2.4362,2.9298,2.1502,2.3276,4.8513,1.2126,2.5626,3.1616,1.0172,1.9538,3.5048,0.44483,1.975,3.2918,1.7307,2.0147,3.3962,2.3875,2.136,4.2381,2.2069,2.143,5.005,1.2616,1.6726,3.8402,0.69977,1.9766,2.7899,2.2144,2.1598,5.0357,2.3742,2.2406,4.5588,1.5774,2.4213,3.9681,4.4145,2.9031,0.33913,1.9572,2.4175,4.0194,0.81585,1.9462,4.1188,1.3079,2.6256,4.2845,3.7428,2.8101,0.10093,1.5479,1.6534,3.3001,0.24041,2.299,3.2936,5.0937,2.9084,1.0461,0.68801,2.7394,3.401,1.3615,2.5304,3.0354,2.1573,2.0934,4.9231,1.4711,2.0405,4.4027,1.5279,1.6312,3.3099,1.4127,2.9128,3.3772,0.57414,2.4169,2.8898,0.8889,2.4423,3.0261,0.24381,2.6034,3.3389,1.65,2.3185,4.1758,0.58732,2.4257,2.8511,1.0162,2.2646,3.5934,1.3936,1.7695,4.2826,0.31779,2.3275,3.3661,1.5264,1.6003,3.301,0.56355,2.4171,2.8844,3.3034,2.8595,6.2634,1.9387,2.5637,4.0004,2.0379,2.1983,4.6486,2.4245,2.7672,5.0354,1.9118,1.9054,3.8491,1.2905,1.7392,3.7143,2.1912,2.1194,4.983,1.3648,2.6101,3.9215,1.0852,3.058,2.9131,4.7675,2.9268,0.47103,1.3656,2.706,4.4221,1.9206,1.9104,3.8752,1.3272,2.6461,2.9606,0.60506,2.7402,3.2358,1.0159,2.8949,4.1995,0.74627,2.531,2.7233,0.67846,2.0102,2.9181,0.53069,2.4137,3.373,1.5596,2.1731,4.3021,1.4689,2.7153,4.5003,0.54612,1.9917,2.9904,2.0002,1.8404,3.7979,1.1874,1.7796,3.6941,2.2577,2.6672,4.7075,1.3555,1.629,4.1169,1.3488,2.1509,3.1477,0.6016,2.0095,3.0128,0.52562,2.427,2.6582,1.6557,2.348,4.1865,2.2824,2.6587,4.7676,0.56877,2.0164,2.9697,1.5768,1.6851,3.345,0.38637,3.0551,2.2633,0.66983,2.5439,2.6649,3.0582,2.7451,6.0648,0.13452,2.8826,2.8208,4.6969,2.9229,0.39974,2.2719,2.3481,3.6065,1.2365,3.0313,4.0614,1.3105,2.3801,3.4532,1.0154,3.0546,3.8436,2.3216,2.2295,3.7361,1.1818,1.7567,3.6918,2.4389,2.3615,4.5916,2.5109,2.6898,4.064,1.3312,2.6726,4.3716,1.9051,1.858,3.8344,1.2097,2.6984,3.7281,2.3242,2.4395,4.8976,1.6176,2.5691,3.4517,2.1633,2.2328,4.1278,0.76585,1.9273,3.3292,2.2466,2.4139,3.6583,2.2621,2.3925,3.6293,2.2374,1.9742,4.9862,2.603,2.275,4.7856,2.3307,2.2429,3.7571,1.3601,1.5911,3.8763,2.2739,2.6744,4.746,1.906,1.8795,3.8436,0.77482,2.1147,4.0699,1.5962,1.7613,4.2479,2.2969,2.6703,4.787,1.4461,2.3892,3.2615,6.0239,2.9085,2.3296,1.8461,1.7851,3.525,1.8798,2.9318,4.1712,2.0995,1.9612,4.8556,1.1982,2.5882,4.3774,1.9569,2.1449,4.8769,1.6091,1.707,3.9612,1.6054,2.0362,3.3244,1.0857,2.6943,3.6252,0.98699,2.7877,3.8556,1.455,2.4737,3.8856,1.1629,2.7174,3.6632,1.8157,1.6748,4.0732,0.9391,2.4569,2.8273,1.9622,2.1236,4.4448,0.27756,2.7529,3.0355,1.0507,1.9353,4.2727,0.9873,2.3022,3.0958,1.6838,2.4058,4.6003,0.95838,2.0399,2.8675,0.72618,1.9673,2.7408,1.5978,1.6933,3.9658,0.95794,2.4446,2.8625,1.3463,1.5771,3.8459,2.7306,2.5729,4.6055,1.0793,2.1883,3.5878,1.1736,2.7301,3.6937,1.9775,1.9811,4.5019,1.0383,1.9458,4.2597,1.8701,1.6851,3.4693,1.6628,2.5371,3.9978,2.1344,2.5373,4.8791,2.1028,2.4024,3.65,1.286,3.0331,3.5,1.4564,1.4912,4.2006,0.63942,2.9862,3.6511,1.61,1.6712,4.2091,0.73153,1.9872,2.7342,0.72554,2.1977,3.9722,2.6485,2.5829,4.5167,2.0321,2.0953,3.4108,1.4374,2.8292,3.5768,1.0627,2.2746,3.5712,2.5625,2.0469,4.545,1.4673,1.7173,4.4233,1.5648,2.5745,3.6108,2.0569,2.3592,4.1119,2.643,2.3402,4.9254,0.5313,2.522,3.0549
1781.7,0.13181,122.78,15.703,0.13389,624.97,1.4646,1.8082,4.1179,1.2706,2.245,4.2472,1.1657,1.9446,4.2507,2.4492,2.6353,4.2861,0.86003,2.0181,4.2878,1.5165,2.5633,3.8974,3.2111,2.8316,6.0719,1.1509,1.9468,4.2452,1.739,1.6252,4.2195,1.3012,2.2279,4.3051,0.82536,2.0548,4.2054,2.9763,2.8315,4.559,5.5295,2.6971,1.2641,1.3331,2.7063,3.7185,0.89493,2.1365,2.9987,2.5354,2.1317,4.5688,1.4589,1.6307,3.9294,0.63734,2.6261,3.8064,2.0388,1.7661,3.5123,1.1008,2.3901,3.1943,0.15723,2.3033,3.4053,1.7633,1.6787,3.4122,1.9036,2.7388,4.1678,1.7933,1.7245,3.4135,1.4389,1.6123,3.9562,0.3855,2.1718,3.1326,2.1085,2.4054,4.4782,1.4631,1.6998,3.2058,0.82855,1.9472,2.7524,3.1897,2.8377,6.0198,2.0466,1.7984,3.5154,1.0596,2.722,2.962,1.8374,2.5917,4.056,0.6738,1.9363,2.81,1.0579,2.415,3.1254,1.9273,1.9233,4.5423,1.7266,1.6299,3.8971,0.51704,2.1994,3.7611,1.1838,2.5505,3.7549,0.91756,2.1249,3.1756,2.6608,2.3552,4.4376,2.1617,2.2207,4.7851,1.5101,1.6769,3.9512,1.9036,1.9273,4.5208,1.515,2.214,3.2503,0.73875,2.1672,3.056,2.456,2.431,4.4098,1.8935,2.5963,4.7504,1.8399,2.6055,4.7038,2.6485,2.3799,4.4603,1.2765,2.5445,3.8777,1.7502,2.2668,4.3704,1.8723,2.9906,3.7977,0.61001,2.4727,2.5721,1.5061,2.1003,4.647,2.0465,3.0116,3.973,0.31454,2.4081,3.3275,1.6638,1.5789,4.0705,0.67451,2.0701,3.0283,2.2598,2.2632,4.6743,0.76523,2.5555,3.1852,0.91865,2.1395,3.1595,6.2322,2.8882,1.7687,2.0516,2.0363,4.681,2.6316,2.391,4.452,2.5611,2.2785,5.0608,1.9572,2.6665,4.2469,1.0805,1.7641,4.0145,4.6555,2.8737,0.51879,0.83324,2.1301,2.9936,1.3088,2.0915,4.3463,1.0244,2.1201,3.4514,2.134,2.6828,4.3739,1.7336,1.5454,4.1299,1.2491,2.5356,3.1489,0.78358,2.4849,3.727,2.0803,1.8672,3.6731,1.5457,2.4698,3.4389,1.5998,2.5739,3.6232,1.6158,1.6035,4.2452,1.9238,2.6945,4.3747,1.9964,2.6971,4.4678,3.5045,2.7556,6.261,1.7355,1.5339,4.1247,1.7828,2.0027,3.4601,2.0561,2.9297,4.8695,1.2397,2.5419,3.1949,2.594,2.4384,4.9272,1.087,2.6189,4.0433,1.5515,2.4542,3.4541,1.125,1.8464,4.0656,1.6822,1.5513,4.0575,1.7523,1.9989,3.4119,0.26271,2.9202,3.3221,2.9344,2.3008,4.6759,1.3034,1.9487,4.2228,1.3265,2.6414,3.4776,1.4144,2.4643,3.3459,1.8796,1.9184,3.6531,1.9402,2.4678,4.0372,1.0376,2.2991,3.1534,2.5479,1.9949,5.1492,1.2641,2.6437,3.4021,1.3638,2.4923,3.2897,0.40836,2.9196,3.4541,0.63163,1.8553,2.7831,1.6434,1.986,4.5174,1.4588,1.7888,4.1476,5.3195,2.8642,1.6292,0.81322,2.0925,2.8239,1.0803,2.6538,4.0593,2.2361,2.519,3.5974,2.5329,2.4042,4.8445,2.8935,2.6611,4.5936,2.1105,2.5015,4.4603,2.3602,2.1528,4.2635,0.74639,2.0752,3.2619,0.49269,2.4321,3.0577,0.58909,2.1416,3.7002,2.3817,2.4266,4.4968,0.89604,2.4336,2.9998,1.2381,1.6185,4.2756,1.6649,2.0328,3.4096,6.0376,2.6662,1.7782,3.4197,2.913,0.14914,0.8511,2.3948,3.0425,1.6717,1.6159,4.0614,1.5135,1.8971,3.1735,0.78227,2.4346,2.9335,2.1497,2.3257,4.8446,1.2167,2.5628,3.1672,1.0182,1.9526,3.5049,0.43753,1.9748,3.2961,1.7329,2.0138,3.3922,2.3882,2.1408,4.2423,2.2113,2.1414,5.0058,1.259,1.6679,3.8422,0.70084,1.9767,2.792,2.219,2.1595,5.0385,2.3783,2.2442,4.5657,1.5779,2.4285,3.9682,4.4237,2.8962,0.34884,1.9578,2.4239,4.0219,0.81413,1.946,4.1177,1.318,2.6292,4.2892,3.7573,2.807,0.053653,1.5497,1.657,3.3012,0.23534,2.2987,3.2859,5.0931,2.9018,1.0474,0.69432,2.736,3.4078,1.3665,2.5319,3.0377,2.1602,2.09,4.9213,1.4698,2.0355,4.4064,1.528,1.6313,3.3115,1.4146,2.9118,3.3772,0.58312,2.4143,2.9025,0.88755,2.441,3.0291,0.2442,2.6023,3.3372,1.6534,2.3235,4.1802,0.59627,2.4244,2.8602,1.013,2.2719,3.5876,1.3937,1.7673,4.2813,0.31791,2.3287,3.3644,1.5263,1.599,3.3022,0.57106,2.4151,2.8954,3.3209,2.858,0.070742,1.9343,2.562,3.9989,2.0427,2.1988,4.6525,2.4073,2.7658,5.0155,1.9132,1.9002,3.8449,1.2901,1.7341,3.716,2.1945,2.1165,4.983,1.3627,2.6069,3.916,1.0789,3.0567,2.9059,4.7721,2.9222,0.47485,1.3726,2.7068,4.4273,1.9222,1.9074,3.8752,1.3325,2.6472,2.9674,0.61788,2.7375,3.2509,1.023,2.8938,4.2058,0.75809,2.5321,2.733,0.67819,2.015,2.915,0.53047,2.4141,3.3705,1.5595,2.1717,4.3072,1.4824,2.7164,4.5102,0.54052,1.9941,2.9815,2.0016,1.837,3.7969,1.1868,1.7747,3.6976,2.2482,2.6635,4.6936,1.3535,1.6342,4.1128,1.3456,2.15,3.1459,0.59911,2.0134,3.0061,0.52997,2.4254,2.6645,1.6606,2.3559,4.191,2.2724,2.6542,4.7546,0.564,2.0196,2.9605,1.5777,1.6837,3.3464,0.37246,3.0559,2.2467,0.6745,2.5464,2.6684,3.0705,2.7439,6.0787,0.15244,2.883,2.8414,4.7008,2.9179,0.40343,2.2686,2.3436,3.5978,1.2458,3.0268,4.0731,1.3016,2.3869,3.4461,1.0226,3.0527,3.8539,2.3187,2.2293,3.7316,1.1806,1.7496,3.6958,2.4393,2.3628,4.593,2.5052,2.6926,4.0657,1.3356,2.6723,4.373,1.9061,1.8507,3.8303,1.2137,2.6929,3.7314,2.3182,2.4367,4.8862,1.6176,2.5663,3.4615,2.1634,2.2371,4.1308,0.76361,1.93,3.325,2.2403,2.4146,3.652,2.2563,2.3912,3.6204,2.2415,1.9772,4.9905,2.6,2.2739,4.7851,2.3281,2.244,3.7541,1.3586,1.5917,3.8785,2.2621,2.6704,4.7308,1.9073,1.8742,3.8397,0.77502,2.1126,4.0773,1.5957,1.7568,4.247,2.2878,2.6669,4.7755,1.446,2.3897,3.2616,6.0301,2.9102,2.3377,1.8465,1.7842,3.528,1.8741,2.925,4.1633,2.1056,1.9619,4.8618,1.2038,2.589,4.3845,1.9625,2.1453,4.8784,1.6088,1.7012,3.961,1.6059,2.039,3.3207,1.088,2.6903,3.6266,0.98949,2.7857,3.8556,1.4597,2.478,3.8891,1.1644,2.7132,3.6626,1.8139,1.6675,4.0721,0.94076,2.457,2.8307,1.9673,2.1285,4.4504,0.29194,2.7486,3.0491,1.0477,1.9336,4.273,0.98828,2.301,3.0995,1.6881,2.4073,4.6018,0.9563,2.0374,2.8683,0.72531,1.966,2.7406,1.5968,1.6872,3.9657,0.96019,2.4438,2.8684,1.3436,1.5755,3.847,2.7298,2.5724,4.606,1.0784,2.1932,3.5838,1.1765,2.7258,3.6959,1.9776,1.9812,4.5045,1.0354,1.9446,4.2599,1.8717,1.6869,3.4709,1.6628,2.54,3.9976,2.1357,2.5363,4.8758,2.0986,2.4045,3.645,1.2967,3.0297,3.5095,1.4573,1.4938,4.1983,0.63703,2.9856,3.6498,1.6098,1.6661,4.2078,0.7309,1.9864,2.7341,0.72807,2.1982,3.9742,2.6461,2.5815,4.5166,2.0356,2.0931,3.4103,1.4418,2.8227,3.5812,1.0599,2.2818,3.5651,2.5656,2.0511,4.5521,1.4655,1.716,4.4241,1.563,2.5733,3.6144,2.0571,2.3641,4.1153,2.6399,2.3385,4.9213,0.53721,2.5221,3.0611
1781.7,0.13181,122.78,15.703,0.14281,642.47,1.4613,1.8049,4.1156,1.2719,2.2457,4.2503,1.1613,1.9416,4.2502,2.4468,2.6339,4.2865,0.85973,2.0165,4.2911,1.5165,2.5671,3.8977,3.2238,2.8302,6.0876,1.1464,1.9437,4.2461,1.7387,1.6193,4.2171,1.302,2.2277,4.3105,0.82366,2.0543,4.2054,2.9807,2.8311,4.5618,5.5197,2.6907,1.2531,1.3358,2.6997,3.721,0.89083,2.1358,2.9967,2.5398,2.1368,4.5777,1.4573,1.6288,3.9307,0.635,2.6296,3.8001,2.0414,1.766,3.5149,1.0981,2.3882,3.1975,0.14944,2.3043,3.3941,1.7618,1.6782,3.4138,1.8942,2.7334,4.1564,1.7941,1.7266,3.4149,1.4374,1.6089,3.958,0.38576,2.1733,3.1296,2.1114,2.4067,4.4817,1.462,1.7013,3.2059,0.82839,1.9496,2.7526,3.2026,2.8369,6.034,2.0501,1.7997,3.5184,1.064,2.7224,2.9684,1.839,2.5924,4.0598,0.67623,1.9397,2.8114,1.0564,2.413,3.1292,1.9296,1.9234,4.5458,1.7293,1.6271,3.8982,0.51813,2.1988,3.763,1.1855,2.5556,3.7564,0.91277,2.1278,3.1706,2.6681,2.358,4.4464,2.1676,2.224,4.7915,1.5125,1.6778,3.9536,1.9053,1.9281,4.5232,1.5166,2.2155,3.2492,0.73247,2.1726,3.047,2.4587,2.4345,4.4162,1.8901,2.5968,4.7398,1.835,2.6059,4.6933,2.6571,2.3845,4.4737,1.2759,2.5475,3.874,1.7556,2.2697,4.3757,1.8658,2.9861,3.7904,0.61648,2.4733,2.5779,1.5021,2.1038,4.6467,2.046,3.0077,3.9713,0.31072,2.409,3.3226,1.6642,1.5771,4.0697,0.67222,2.0723,3.0244,2.2603,2.264,4.6749,0.77052,2.5516,3.1948,0.91385,2.1429,3.1535,6.223,2.8874,1.7582,2.0573,2.0402,4.6883,2.6392,2.3961,4.4643,2.5561,2.2746,5.0533,1.9502,2.6557,4.2395,1.0805,1.7592,4.0184,4.6564,2.8653,0.5185,0.83016,2.1306,2.9907,1.3096,2.0913,4.3513,1.022,2.1228,3.4481,2.1257,2.6783,4.3643,1.736,1.5421,4.1283,1.2548,2.5346,3.1521,0.78552,2.4883,3.7239,2.0822,1.8636,3.6692,1.5423,2.4723,3.4375,1.5982,2.5761,3.6271,1.6132,1.601,4.2446,1.9153,2.6864,4.3642,1.9916,2.6897,4.4628,3.5147,2.7532,6.1707,1.738,1.5305,4.1225,1.789,2.0026,3.4617,2.0537,2.9297,4.8677,1.2443,2.5414,3.2008,2.5917,2.4381,4.9237,1.0894,2.6197,4.04,1.5489,2.4557,3.454,1.121,1.8474,4.0644,1.6841,1.5479,4.056,1.7562,1.9981,3.4104,0.2631,2.9182,3.3229,2.938,2.2999,4.6814,1.3024,1.9487,4.2242,1.3299,2.6395,3.4854,1.4117,2.4651,3.3469,1.8826,1.9144,3.6493,1.9405,2.4746,4.0415,1.0341,2.2999,3.1517,2.5481,1.9925,5.1495,1.2656,2.6422,3.4083,1.3578,2.4942,3.287,0.41541,2.9173,3.4609,0.62866,1.8575,2.7751,1.6379,1.984,4.5212,1.4586,1.785,4.1486,5.3052,2.8611,1.6143,0.81206,2.0914,2.8251,1.0825,2.6569,4.0574,2.2426,2.5162,3.5973,2.526,2.4007,4.8346,2.9019,2.6578,4.6006,2.1089,2.501,4.4575,2.3617,2.1576,4.2697,0.74274,2.082,3.2531,0.50447,2.4294,3.0705,0.58837,2.1413,3.6995,2.381,2.4226,4.5013,0.90702,2.4308,3.0111,1.2361,1.6213,4.2738,1.6621,2.0339,3.4066,6.0223,2.6635,1.7618,3.4308,2.9106,0.16143,0.85361,2.3911,3.0503,1.6723,1.614,4.0599,1.515,1.8991,3.1731,0.7831,2.4332,2.937,2.1491,2.3237,4.8381,1.2205,2.5631,3.1725,1.019,1.9516,3.5051,0.43011,1.9749,3.3,1.7352,2.0129,3.3884,2.3891,2.1456,4.2467,2.2156,2.1396,5.0065,1.2564,1.6634,3.844,0.70186,1.9768,2.7941,2.2235,2.159,5.041,2.3822,2.2477,4.5726,1.5784,2.4353,3.9682,4.4327,2.8894,0.35842,1.9584,2.4305,4.0243,0.81246,1.9458,4.1166,1.3279,2.6327,4.2936,3.7717,2.8037,0.043943,1.5516,1.6608,3.3022,0.2305,2.2984,3.2784,5.0926,2.8951,1.049,0.70015,2.7326,3.4139,1.3714,2.5333,3.0397,2.1632,2.0866,4.9197,1.4683,2.0303,4.4099,1.5281,1.6312,3.313,1.4165,2.9109,3.3772,0.59191,2.4118,2.9149,0.88624,2.4397,3.0321,0.24444,2.6014,3.3354,1.657,2.3287,4.1846,0.60501,2.4232,2.869,1.0096,2.2792,3.5817,1.3937,1.765,4.2799,0.31806,2.3298,3.3628,1.5262,1.5976,3.3033,0.57833,2.4131,2.9062,3.3377,2.8565,4.9877,1.93,2.5603,3.9975,2.0475,2.1994,4.6563,2.3903,2.7642,4.9956,1.9145,1.8947,3.8409,1.2896,1.7291,3.7177,2.1979,2.1137,4.9831,1.3606,2.6037,3.9106,1.0723,3.0556,2.8985,4.7764,2.9176,0.47861,1.3795,2.7075,4.4324,1.9238,1.9043,3.8752,1.3377,2.6482,2.9742,0.62998,2.735,3.2652,1.03,2.8926,4.2122,0.76964,2.533,2.7425,0.67802,2.0197,2.9123,0.53044,2.4145,3.3682,1.5594,2.1701,4.3125,1.4953,2.7174,4.5198,0.53504,1.9964,2.9727,2.003,1.8336,3.7962,1.1861,1.7697,3.7012,2.2396,2.66,4.6809,1.3513,1.6392,4.1088,1.3425,2.1491,3.1441,0.59659,2.0171,2.9996,0.53428,2.4238,2.6708,1.6658,2.3639,4.1955,2.2628,2.6498,4.7421,0.55941,2.0227,2.9517,1.5785,1.6823,3.3478,0.35796,3.0566,2.2296,0.67885,2.5489,2.6717,3.083,2.7426,6.0928,0.17025,2.8834,2.8619,4.7047,2.9131,0.40745,2.2656,2.3393,3.5894,1.2537,3.0223,4.0834,1.2931,2.3931,3.4394,1.0289,3.0508,3.8633,2.316,2.2292,3.7271,1.1793,1.7425,3.6998,2.4397,2.364,4.5943,2.4994,2.6952,4.0673,1.3398,2.6719,4.3743,1.9069,1.8435,3.8264,1.2175,2.6877,3.7345,2.3128,2.4342,4.8755,1.6173,2.5639,3.471,2.1635,2.2414,4.1339,0.7613,1.9327,3.3207,2.2339,2.4153,3.6457,2.2507,2.3899,3.6116,2.2454,1.9799,4.9943,2.597,2.2729,4.7845,2.3256,2.245,3.7511,1.3572,1.5926,3.8806,2.2508,2.6664,4.716,1.9085,1.8689,3.8358,0.77526,2.1104,4.0846,1.595,1.7525,4.2462,2.279,2.6633,4.7644,1.446,2.3903,3.2617,6.0363,2.9119,2.3459,1.847,1.7833,3.5309,1.8688,2.9181,4.1557,2.1118,1.9625,4.8679,1.2091,2.5897,4.3913,1.9678,2.1459,4.88,1.6084,1.6956,3.9607,1.6066,2.0418,3.3172,1.0902,2.6866,3.6277,0.99176,2.7837,3.8552,1.4642,2.482,3.8927,1.1656,2.7092,3.6617,1.812,1.6606,4.0712,0.94234,2.457,2.8341,1.9726,2.1334,4.4559,0.30605,2.7443,3.0625,1.0448,1.9319,4.2734,0.9891,2.2999,3.1031,1.6923,2.4088,4.6032,0.95421,2.0352,2.8689,0.72447,1.9649,2.7403,1.5958,1.6813,3.9656,0.9623,2.4431,2.8742,1.341,1.5739,3.848,2.7291,2.5718,4.6068,1.0775,2.1981,3.5799,1.1794,2.7217,3.698,1.9777,1.9814,4.5072,1.0328,1.9435,4.2603,1.8733,1.6886,3.4724,1.6627,2.5428,3.9974,2.1369,2.5355,4.8724,2.0944,2.4067,3.6399,1.3075,3.0263,3.5192,1.4581,1.4964,4.196,0.63431,2.9849,3.6481,1.6096,1.6612,4.2065,0.73029,1.9856,2.734,0.73059,2.1988,3.9762,2.6438,2.5803,4.5165,2.0393,2.0908,3.4097,1.4461,2.8163,3.5858,1.057,2.289,3.5589,2.5689,2.0552,4.5593,1.4636,1.7147,4.4249,1.5613,2.5722,3.6183,2.0574,2.3691,4.1189,2.6369,2.3368,4.9174,0.54297,2.5222,3.0671
1781.7,0.13181,122.78,15.703,0.15174,659.92,1.4581,1.8016,4.1134,1.2734,2.2465,4.2534,1.157,1.9387,4.2497,2.4444,2.6325,4.2869,0.85938,2.0151,4.2942,1.5166,2.5708,3.898,3.2362,2.8286,6.1029,1.142,1.9406,4.2467,1.7384,1.6135,4.2148,1.3029,2.2275,4.3159,0.82204,2.0538,4.2055,2.9849,2.8307,4.5645,5.51,2.6841,1.2426,1.338,2.6938,3.723,0.88676,2.135,2.9947,2.5444,2.1419,4.5867,1.4556,1.6271,3.9319,0.63246,2.6331,3.7935,2.044,1.7658,3.5176,1.095,2.3865,3.2,0.1416,2.3055,3.3827,1.7604,1.6777,3.4156,1.8857,2.7284,4.1459,1.7949,1.7287,3.4162,1.436,1.6058,3.9597,0.38609,2.1747,3.1268,2.1142,2.4077,4.4848,1.4608,1.7027,3.206,0.82813,1.9519,2.7529,3.2156,2.8361,6.0483,2.0539,1.8008,3.5216,1.0685,2.7226,2.9747,1.8407,2.5931,4.0637,0.67857,1.9429,2.8127,1.0548,2.411,3.1328,1.9318,1.9234,4.5493,1.7319,1.6245,3.8994,0.51938,2.1982,3.765,1.1873,2.5603,3.7583,0.90813,2.1304,3.166,2.6753,2.3606,4.4549,2.1736,2.2271,4.7978,1.5148,1.6788,3.9558,1.907,1.9289,4.5254,1.5181,2.2169,3.248,0.72631,2.1777,3.0383,2.4613,2.4377,4.4224,1.8866,2.5974,4.729,1.8303,2.6062,4.6829,2.6658,2.3891,4.4871,1.2754,2.5504,3.8703,1.7613,2.2726,4.3809,1.8597,2.9815,3.7835,0.62278,2.474,2.5836,1.4979,2.1073,4.6463,2.0456,3.0036,3.9698,0.30704,2.4098,3.3179,1.6646,1.5754,4.0688,0.66999,2.0743,3.0206,2.2606,2.2648,4.6753,0.77547,2.5477,3.2042,0.90932,2.146,3.148,6.2145,2.8866,1.7483,2.0631,2.0442,4.6956,2.6468,2.4009,4.4765,2.5514,2.2708,5.0461,1.944,2.6455,4.2329,1.0804,1.7543,4.0224,4.6574,2.8569,0.51835,0.82717,2.1311,2.9881,1.3104,2.091,4.3562,1.0195,2.1256,3.4447,2.1179,2.6739,4.3551,1.7384,1.5388,4.1267,1.2603,2.5335,3.1551,0.78745,2.4915,3.7209,2.0841,1.8601,3.6657,1.5391,2.4748,3.4363,1.5968,2.5783,3.6313,1.6107,1.599,4.244,1.9072,2.6784,4.3541,1.9872,2.6826,4.458,3.5249,2.7506,0.57572,1.7405,1.5272,4.1203,1.7952,2.0024,3.4636,2.0512,2.9297,4.8659,1.2487,2.5411,3.2063,2.5895,2.4378,4.9201,1.0917,2.6203,4.0366,1.5463,2.4572,3.4542,1.117,1.8481,4.0632,1.6861,1.5448,4.0545,1.7602,1.9972,3.409,0.26365,2.9163,3.3238,2.9414,2.2988,4.6866,1.3012,1.9488,4.2256,1.333,2.638,3.4929,1.409,2.466,3.3479,1.8857,1.9104,3.6456,1.9409,2.4812,4.046,1.0307,2.3008,3.1502,2.5482,1.9901,5.1498,1.2673,2.6408,3.4145,1.3518,2.4958,3.2844,0.42223,2.915,3.4675,0.62583,1.8596,2.7676,1.6324,1.982,4.5244,1.4583,1.7814,4.1497,5.2912,2.8579,1.5996,0.81088,2.0904,2.8263,1.0846,2.6599,4.0552,2.249,2.5132,3.597,2.5194,2.3972,4.8251,2.9104,2.6544,4.6077,2.1074,2.5009,4.4549,2.3631,2.1624,4.276,0.73883,2.0886,3.244,0.51611,2.4268,3.0832,0.58771,2.1412,3.6989,2.3806,2.4191,4.5056,0.918,2.4279,3.0222,1.2339,1.6241,4.272,1.6593,2.0348,3.4034,6.0074,2.6607,1.7457,3.4413,2.9083,0.17306,0.85548,2.3877,3.0574,1.6729,1.6123,4.0585,1.5164,1.9011,3.1728,0.78374,2.4318,2.9402,2.1489,2.3219,4.8321,1.2242,2.5635,3.1776,1.0198,1.9505,3.5053,0.42268,1.9752,3.304,1.7374,2.0118,3.3847,2.3902,2.1506,4.2514,2.2198,2.1378,5.0072,1.2538,1.6591,3.8457,0.70282,1.9769,2.796,2.228,2.1584,5.0434,2.3861,2.2511,4.5792,1.5788,2.4419,3.9682,4.4415,2.8828,0.36794,1.9591,2.4371,4.0268,0.81087,1.9457,4.1155,1.3377,2.6362,4.2979,3.7858,2.8006,0.071114,1.5536,1.6646,3.3033,0.22591,2.2981,3.271,5.0924,2.8885,1.0509,0.7055,2.7293,3.4195,1.3759,2.5347,3.0413,2.1664,2.0835,4.9183,1.4667,2.0252,4.4134,1.5282,1.6312,3.3147,1.4183,2.9101,3.377,0.60047,2.4094,2.9272,0.8849,2.4385,3.035,0.24456,2.6005,3.3334,1.6606,2.3338,4.1891,0.61351,2.422,2.8778,1.0061,2.2866,3.5757,1.3937,1.7628,4.2784,0.31821,2.3308,3.3612,1.526,1.5963,3.3045,0.58537,2.4113,2.9165,3.3541,2.8548,5.6368,1.9258,2.5588,3.9963,2.0522,2.1998,4.66,2.3735,2.7625,4.9759,1.9158,1.8893,3.8369,1.2891,1.7242,3.7194,2.2012,2.1109,4.9832,1.3585,2.6007,3.9052,1.0656,3.0545,2.8909,4.7805,2.913,0.48235,1.3861,2.7081,4.4371,1.9255,1.9013,3.8752,1.3428,2.6492,2.9809,0.64138,2.7325,3.2787,1.0369,2.8913,4.2183,0.78089,2.5341,2.7517,0.67798,2.0243,2.9097,0.53057,2.415,3.3661,1.5593,2.1685,4.3176,1.5079,2.7182,4.5291,0.52965,1.9986,2.9639,2.0043,1.8304,3.7954,1.1853,1.7647,3.7047,2.2319,2.6567,4.6691,1.3492,1.6441,4.1048,1.3393,2.1482,3.1423,0.59405,2.0206,2.9932,0.53857,2.4222,2.6771,1.6709,2.3719,4.1999,2.2536,2.6455,4.7299,0.55498,2.0254,2.9434,1.5793,1.6811,3.3492,0.34292,3.0574,2.212,0.68287,2.5515,2.6746,3.0955,2.7413,6.1069,0.18792,2.8835,2.8822,4.7087,2.9085,0.41175,2.2629,2.335,3.5814,1.2605,3.0179,4.0923,1.2847,2.3989,3.433,1.034,3.049,3.8717,2.3132,2.2289,3.7227,1.178,1.7354,3.7038,2.44,2.3652,4.5953,2.4937,2.6975,4.0688,1.3439,2.6717,4.3753,1.9077,1.8364,3.8229,1.2211,2.6826,3.7375,2.308,2.4318,4.8653,1.6168,2.5618,3.4799,2.1638,2.2457,4.1372,0.75893,1.9355,3.3164,2.2279,2.4161,3.6395,2.2451,2.3885,3.6028,2.2491,1.9823,4.9978,2.5941,2.2719,4.7839,2.323,2.2462,3.7482,1.3558,1.5935,3.8823,2.2397,2.6622,4.7014,1.9097,1.8638,3.832,0.77554,2.1082,4.0917,1.5944,1.7482,4.2454,2.2704,2.6598,4.7535,1.446,2.3909,3.2619,6.0426,2.9136,2.3539,1.8477,1.7826,3.5338,1.8639,2.9113,4.1485,2.1178,1.9632,4.8739,1.214,2.5905,4.3979,1.9731,2.1465,4.8815,1.6082,1.6902,3.9606,1.6073,2.0446,3.3139,1.092,2.6831,3.6286,0.99387,2.7819,3.8547,1.4687,2.4858,3.8964,1.1668,2.7054,3.6607,1.8102,1.6538,4.0703,0.94387,2.4572,2.8373,1.9779,2.1384,4.4616,0.31985,2.7398,3.0757,1.0418,1.9302,4.2736,0.98979,2.2989,3.1063,1.6965,2.4102,4.6046,0.95213,2.033,2.8695,0.72363,1.9639,2.74,1.5949,1.6757,3.9656,0.96427,2.4424,2.8798,1.3382,1.572,3.8492,2.7284,2.5713,4.6076,1.0764,2.2031,3.5759,1.1823,2.7176,3.7002,1.9779,1.9817,4.5099,1.0301,1.9423,4.2607,1.875,1.6903,3.4741,1.6625,2.5454,3.9971,2.1381,2.5347,4.8692,2.0902,2.4088,3.6348,1.3183,3.0229,3.5291,1.4588,1.499,4.1938,0.63131,2.9842,3.6462,1.6096,1.6565,4.2053,0.7297,1.9848,2.734,0.73307,2.1996,3.9781,2.6416,2.579,4.5166,2.043,2.0886,3.4093,1.4503,2.8102,3.5904,1.0539,2.2961,3.5527,2.5722,2.0594,4.5666,1.4617,1.7136,4.4258,1.5597,2.5713,3.6221,2.0578,2.3739,4.1226,2.634,2.3353,4.9137,0.54857,2.5225,3.0729
1781.7,0.13181,122.78,15.703,0.16067,677.24,1.4549,1.7983,4.1114,1.275,2.2471,4.2566,1.1528,1.9359,4.2491,2.442,2.6311,4.2873,0.859,2.0137,4.297,1.5167,2.5743,3.8983,3.2485,2.827,6.118,1.1376,1.9376,4.2473,1.7382,1.6079,4.2125,1.3036,2.2273,4.3213,0.8205,2.0533,4.2057,2.989,2.8302,4.5671,5.5008,2.6775,1.2326,1.3399,2.6885,3.7245,0.88271,2.1342,2.9927,2.549,2.1467,4.5956,1.4538,1.6254,3.9332,0.62975,2.6366,3.7867,2.0467,1.7656,3.5202,1.0915,2.3851,3.2021,0.13371,2.3066,3.3712,1.759,1.677,3.4174,1.878,2.7237,4.1366,1.7956,1.7305,3.4175,1.4346,1.6027,3.9612,0.38646,2.176,3.1241,2.1168,2.4088,4.4878,1.4597,1.7043,3.2061,0.82776,1.9539,2.7531,3.2287,2.8352,6.0627,2.0578,1.8019,3.5248,1.0729,2.723,2.9811,1.8425,2.5939,4.0677,0.68084,1.9459,2.8141,1.0532,2.4091,3.1362,1.934,1.9234,4.5527,1.7345,1.6219,3.9006,0.52078,2.1975,3.7672,1.1895,2.5647,3.7604,0.90363,2.133,3.1614,2.6824,2.3631,4.4632,2.1795,2.2301,4.8041,1.5172,1.6797,3.9579,1.9089,1.9297,4.5278,1.5197,2.2182,3.2469,0.72032,2.1825,3.0299,2.4639,2.4409,4.4285,1.883,2.5979,4.718,1.8258,2.6066,4.6726,2.6747,2.3934,4.5007,1.2748,2.5531,3.8666,1.7669,2.2755,4.3862,1.8539,2.977,3.7771,0.6289,2.4746,2.5891,1.4936,2.1108,4.6457,2.0453,2.9995,3.9682,0.30349,2.4105,3.3133,1.665,1.5738,4.0679,0.66781,2.0761,3.0169,2.2609,2.2656,4.6756,0.7801,2.5439,3.2133,0.90509,2.1489,3.1428,6.2065,2.8857,1.739,2.0691,2.048,4.7031,2.6543,2.4053,4.4884,2.5472,2.2671,5.0395,1.9384,2.6358,4.227,1.0804,1.7493,4.0263,4.6585,2.8489,0.51836,0.82428,2.1315,2.9855,1.3113,2.0908,4.361,1.017,2.1283,3.4413,2.1103,2.6695,4.3465,1.7409,1.5354,4.1251,1.2657,2.5324,3.1579,0.78939,2.4948,3.7179,2.0861,1.8567,3.6621,1.5359,2.4773,3.4353,1.5956,2.5803,3.6356,1.6082,1.5971,4.2432,1.8997,2.6707,4.3446,1.9832,2.6756,4.4537,3.5351,2.7478,2.2634,1.7431,1.524,4.118,1.8015,2.0022,3.4655,2.0486,2.9296,4.8637,1.2529,2.5408,3.2115,2.5874,2.4374,4.9167,1.0937,2.6211,4.0331,1.5437,2.4588,3.4542,1.1131,1.8487,4.0622,1.688,1.5419,4.053,1.7643,1.9962,3.4078,0.26435,2.9144,3.3248,2.9447,2.2976,4.6914,1.2999,1.9487,4.2269,1.336,2.6365,3.5003,1.4064,2.467,3.3491,1.8888,1.9065,3.6422,1.9414,2.4874,4.0506,1.0273,2.3015,3.1486,2.5482,1.9878,5.15,1.269,2.6394,3.4206,1.346,2.4974,3.2818,0.42882,2.9127,3.4738,0.62315,1.8616,2.7604,1.6268,1.9802,4.5271,1.4581,1.7778,4.1507,5.2777,2.8547,1.5851,0.80968,2.0894,2.8273,1.0865,2.6629,4.0531,2.2551,2.51,3.5967,2.5131,2.3937,4.8157,2.919,2.6511,4.6148,2.1062,2.5007,4.4525,2.3647,2.1671,4.2823,0.73464,2.0952,3.2346,0.52756,2.4242,3.0956,0.58714,2.141,3.6983,2.3803,2.4161,4.5098,0.92895,2.425,3.0334,1.2316,1.627,4.2699,1.6565,2.0357,3.4003,5.9929,2.6577,1.7302,3.4511,2.906,0.18403,0.85675,2.3845,3.0635,1.6733,1.6106,4.0571,1.5179,1.9031,3.1726,0.78421,2.4306,2.943,2.1488,2.3201,4.8263,1.2277,2.5639,3.1826,1.0206,1.9493,3.5055,0.41526,1.9757,3.308,1.7396,2.0106,3.3809,2.3913,2.1555,4.2561,2.2239,2.1359,5.0078,1.2511,1.6549,3.8471,0.7037,1.9771,2.7978,2.2322,2.1576,5.0458,2.3899,2.2544,4.5858,1.5792,2.4483,3.968,4.4499,2.8763,0.37738,1.9599,2.4438,4.0294,0.80932,1.9456,4.1145,1.3474,2.6395,4.3019,3.7996,2.7975,0.082578,1.5558,1.6685,3.3044,0.22155,2.2977,3.264,5.0925,2.882,1.0531,0.71042,2.7261,3.4245,1.3801,2.5361,3.0427,2.1697,2.0804,4.9172,1.4651,2.0201,4.4168,1.5284,1.631,3.3162,1.42,2.9094,3.3767,0.60882,2.4069,2.9391,0.88353,2.4373,3.0379,0.24455,2.5995,3.3312,1.6644,2.3389,4.1936,0.62179,2.4208,2.8863,1.0024,2.2939,3.5694,1.3937,1.7608,4.2769,0.31834,2.3318,3.3596,1.526,1.5949,3.3057,0.59218,2.4095,2.9265,3.3699,2.8532,0.16373,1.9218,2.5573,3.9953,2.0569,2.2002,4.6636,2.357,2.7606,4.9563,1.917,1.8837,3.8331,1.2887,1.7194,3.7211,2.2045,2.1081,4.9834,1.3565,2.5977,3.9001,1.0587,3.0534,2.8831,4.7846,2.9086,0.48612,1.3926,2.7086,4.4416,1.9272,1.8983,3.8754,1.3478,2.6503,2.9876,0.65212,2.7301,3.2913,1.0437,2.89,4.2244,0.79183,2.5351,2.7607,0.67803,2.0287,2.9075,0.53088,2.4154,3.3642,1.5592,2.1668,4.3228,1.52,2.719,4.5379,0.5244,2.0008,2.9553,2.0056,1.8272,3.7948,1.1845,1.7597,3.7083,2.2251,2.6537,4.6585,1.347,1.6487,4.101,1.3362,2.1471,3.1405,0.59149,2.024,2.9868,0.54281,2.4206,2.6832,1.6761,2.3796,4.2041,2.245,2.6413,4.7183,0.55074,2.0278,2.9354,1.5801,1.6799,3.3506,0.3273,3.058,2.1938,0.68657,2.5543,2.6771,3.1081,2.7397,6.1208,0.20537,2.8837,2.9022,4.7128,2.9041,0.41625,2.2604,2.3307,3.5736,1.2661,3.0135,4.1,1.2768,2.4041,3.427,1.0381,3.0472,3.8788,2.3106,2.2289,3.7183,1.1766,1.7282,3.7079,2.4402,2.3663,4.5963,2.4879,2.6996,4.0703,1.3478,2.6715,4.3762,1.9085,1.8293,3.8193,1.2245,2.6778,3.7405,2.3037,2.4296,4.8558,1.616,2.5599,3.4883,2.164,2.2501,4.1406,0.75652,1.9383,3.312,2.2219,2.4169,3.6332,2.2396,2.3871,3.5939,2.2527,1.9843,5.001,2.5911,2.2709,4.7834,2.3204,2.2474,3.7454,1.3544,1.5944,3.8837,2.2289,2.6581,4.6873,1.9109,1.8587,3.8283,0.77585,2.106,4.0987,1.5937,1.7441,4.2446,2.2622,2.6564,4.7429,1.446,2.3915,3.2621,6.0489,2.9152,2.362,1.8485,1.7818,3.5365,1.8593,2.9045,4.1417,2.1237,1.9637,4.8797,1.2186,2.5911,4.4043,1.9784,2.1473,4.8832,1.608,1.685,3.9604,1.6082,2.0474,3.3107,1.0938,2.6797,3.6292,0.99578,2.7801,3.854,1.4731,2.4892,3.9001,1.1678,2.7018,3.6596,1.8083,1.6474,4.0695,0.94532,2.4574,2.8405,1.9834,2.1433,4.4673,0.33332,2.7353,3.0884,1.0387,1.9286,4.2738,0.99041,2.298,3.1095,1.7005,2.4116,4.606,0.95005,2.0309,2.8699,0.72281,1.9629,2.7396,1.5941,1.6703,3.9655,0.96612,2.4419,2.8852,1.3356,1.5702,3.8504,2.7278,2.5709,4.6084,1.0754,2.2082,3.5719,1.185,2.7137,3.7022,1.978,1.9821,4.5126,1.0275,1.9411,4.2611,1.8766,1.6919,3.4757,1.6623,2.548,3.9968,2.1395,2.5339,4.866,2.0861,2.4111,3.6297,1.3291,3.0193,3.5388,1.4596,1.5016,4.1917,0.62808,2.9836,3.6441,1.6096,1.652,4.2041,0.72912,1.984,2.7338,0.73551,2.2003,3.9799,2.6395,2.5779,4.5168,2.0468,2.0865,3.409,1.4545,2.8043,3.5953,1.0508,2.3032,3.5464,2.5757,2.0635,4.5741,1.4599,1.7126,4.4266,1.5581,2.5704,3.626,2.0582,2.3788,4.1263,2.6314,2.3338,4.9102,0.554,2.5228,3.0785
1781.7,0.13181,122.78,15.703,0.16959,694.71,1.4518,1.7949,4.1093,1.2768,2.2477,4.2598,1.1487,1.9332,4.2483,2.4397,2.6298,4.2879,0.85857,2.0125,4.2997,1.5167,2.5776,3.8986,3.2605,2.8252,6.1328,1.1333,1.9347,4.2478,1.7381,1.6026,4.2101,1.3042,2.227,4.3265,0.81905,2.053,4.206,2.9929,2.8299,4.5696,5.4919,2.6708,1.2232,1.3415,2.6839,3.7256,0.87869,2.1333,2.9907,2.5536,2.1514,4.6045,1.452,1.6239,3.9344,0.6268,2.6399,3.7797,2.0494,1.7653,3.5229,1.0876,2.3838,3.2036,0.12576,2.3077,3.3596,1.7575,1.6764,3.4192,1.8712,2.7194,4.1283,1.7964,1.7323,3.4188,1.4332,1.5999,3.9625,0.3869,2.1771,3.1215,2.1192,2.4096,4.4905,1.4586,1.7058,3.2061,0.8273,1.9558,2.7532,3.2421,2.8342,6.0772,2.0617,1.8028,3.5281,1.0775,2.7235,2.9875,1.8444,2.5945,4.0718,0.683,1.9488,2.8155,1.0513,2.4073,3.1393,1.9364,1.9234,4.5562,1.737,1.6195,3.9019,0.52236,2.1968,3.7696,1.1917,2.5688,3.7628,0.8993,2.1354,3.157,2.6893,2.3655,4.4712,2.1853,2.233,4.8103,1.5196,1.6805,3.9599,1.9109,1.9304,4.53,1.5213,2.2194,3.2457,0.71458,2.1872,3.0221,2.4664,2.4439,4.4344,1.8793,2.5985,4.707,1.8214,2.6069,4.6625,2.6836,2.3975,4.5143,1.2743,2.5557,3.863,1.7728,2.2784,4.3913,1.8485,2.9728,3.771,0.63484,2.4752,2.5944,1.4893,2.1143,4.645,2.0451,2.9953,3.9668,0.30003,2.411,3.3091,1.6653,1.5722,4.0671,0.6657,2.0777,3.0135,2.2611,2.2663,4.6757,0.78435,2.54,3.222,0.90118,2.1515,3.138,6.1991,2.8849,1.7302,2.0752,2.0519,4.7104,2.6617,2.4094,4.5003,2.5432,2.2635,5.0331,1.9335,2.6267,4.2219,1.0803,1.7445,4.0302,4.6594,2.8411,0.51853,0.82149,2.132,2.9831,1.3122,2.0905,4.3657,1.0145,2.1312,3.4379,2.1032,2.6653,4.3383,1.7433,1.532,4.1235,1.2709,2.5315,3.1603,0.79132,2.4977,3.715,2.0881,1.8534,3.6587,1.5328,2.4798,3.4343,1.5947,2.5824,3.6402,1.6058,1.5956,4.2426,1.8927,2.6633,4.3357,1.9795,2.6689,4.4495,3.5452,2.7451,0.039149,1.7456,1.5208,4.1158,1.8078,2.002,3.4675,2.0458,2.9296,4.8615,1.2569,2.5405,3.2164,2.5853,2.4372,4.9134,1.0957,2.6216,4.0294,1.5412,2.4603,3.4545,1.1092,1.8493,4.0613,1.69,1.5392,4.0515,1.7683,1.9953,3.4069,0.26517,2.9125,3.3259,2.9479,2.2963,4.6961,1.2987,1.9487,4.2283,1.3388,2.6351,3.5074,1.4038,2.468,3.3502,1.892,1.9026,3.6389,1.942,2.4932,4.0554,1.0241,2.3022,3.1472,2.5481,1.9858,5.1501,1.2709,2.6381,3.4269,1.3402,2.4991,3.2793,0.43521,2.9104,3.4799,0.62064,1.8633,2.7536,1.6211,1.9784,4.5292,1.4581,1.7742,4.1516,5.2643,2.8514,1.571,0.80847,2.0886,2.8283,1.0882,2.6656,4.0508,2.2612,2.5069,3.5965,2.5073,2.3905,4.8068,2.9277,2.6478,4.622,2.1051,2.5007,4.4503,2.3664,2.1719,4.2888,0.73024,2.1014,3.2252,0.53872,2.4218,3.1077,0.58667,2.1408,3.6978,2.3804,2.4135,4.514,0.93966,2.4221,3.0444,1.2292,1.63,4.2677,1.6538,2.0364,3.3972,5.9788,2.6547,1.7151,3.4604,2.9037,0.19429,0.85736,2.3816,3.0688,1.6738,1.6088,4.0558,1.5194,1.905,3.1724,0.78454,2.4293,2.9457,2.1489,2.3184,4.8209,1.231,2.5644,3.1874,1.0214,1.948,3.5057,0.40787,1.9766,3.3121,1.742,2.0092,3.3772,2.3928,2.1604,4.2611,2.2279,2.134,5.0083,1.2484,1.6509,3.8483,0.70448,1.9772,2.7994,2.2364,2.1568,5.0479,2.3937,2.2576,4.5922,1.5795,2.4545,3.9679,4.4583,2.87,0.38681,1.9607,2.4505,4.0321,0.80786,1.9456,4.1134,1.3567,2.6428,4.3057,3.813,2.7945,0.097625,1.558,1.6725,3.3055,0.21748,2.2974,3.2572,5.0928,2.8755,1.0557,0.7149,2.723,3.4291,1.3841,2.5375,3.0438,2.1731,2.0775,4.9162,1.4632,2.0149,4.4203,1.5284,1.6308,3.3178,1.4218,2.9088,3.3764,0.6169,2.4045,2.9507,0.88213,2.436,3.0406,0.24444,2.5986,3.329,1.6682,2.344,4.1982,0.62984,2.4197,2.8944,0.9987,2.3012,3.563,1.3937,1.7587,4.2753,0.31845,2.3327,3.358,1.5259,1.5935,3.307,0.59876,2.4078,2.9362,3.3851,2.8514,0.051319,1.9178,2.5559,3.9944,2.0615,2.2005,4.6672,2.3409,2.7587,4.937,1.9183,1.878,3.8292,1.2883,1.7147,3.7227,2.2077,2.1054,4.9835,1.3546,2.5949,3.895,1.0515,3.0526,2.8753,4.7885,2.9041,0.48995,1.3989,2.7091,4.446,1.929,1.8954,3.8755,1.3528,2.6512,2.9943,0.66218,2.7278,3.3031,1.0503,2.8886,4.2304,0.80245,2.5362,2.7694,0.6782,2.0331,2.9055,0.53131,2.4158,3.3623,1.5592,2.165,4.3279,1.5317,2.7196,4.5463,0.51927,2.0029,2.9466,2.0069,1.8243,3.7943,1.1838,1.7547,3.7118,2.219,2.6508,4.6488,1.3448,1.6533,4.0971,1.3331,2.1462,3.1387,0.58889,2.0272,2.9806,0.54702,2.4189,2.6895,1.6813,2.3873,4.2082,2.2368,2.6372,4.707,0.54673,2.0301,2.928,1.5809,1.679,3.3521,0.31128,3.0586,2.1752,0.68993,2.5572,2.6794,3.1206,2.7381,6.1349,0.22255,2.8836,2.9219,4.7169,2.8999,0.42093,2.2582,2.3265,3.5663,1.2708,3.0092,4.1067,1.2692,2.4088,3.4215,1.0411,3.0453,3.8849,2.308,2.2287,3.7139,1.1752,1.7209,3.7119,2.4403,2.3672,4.5971,2.4823,2.7016,4.0718,1.3516,2.6712,4.3769,1.9093,1.8222,3.8161,1.2278,2.6733,3.7432,2.3001,2.4276,4.8469,1.6149,2.5582,3.4962,2.1644,2.2546,4.1443,0.75408,1.9411,3.3075,2.2161,2.4176,3.6271,2.2342,2.3856,3.5851,2.2561,1.9863,5.0039,2.5883,2.2699,4.7829,2.3178,2.2486,3.7425,1.3531,1.5953,3.8851,2.2185,2.6538,4.6733,1.9122,1.8536,3.8246,0.77619,2.1038,4.1055,1.593,1.74,4.2439,2.2543,2.6529,4.7327,1.4462,2.3921,3.2624,6.0553,2.9168,2.3702,1.8494,1.781,3.5391,1.8551,2.8978,4.1352,2.1296,1.9642,4.8853,1.223,2.5917,4.4106,1.9835,2.148,4.8847,1.6078,1.68,3.9602,1.609,2.0502,3.3077,1.0953,2.6766,3.6297,0.99756,2.7784,3.8531,1.4773,2.4924,3.904,1.1686,2.6984,3.6584,1.8064,1.6411,4.0687,0.94671,2.4576,2.8435,1.9889,2.1482,4.473,0.34643,2.7308,3.1009,1.0357,1.9268,4.2739,0.99096,2.2971,3.1125,1.7047,2.4129,4.6074,0.94799,2.0288,2.8702,0.72199,1.9621,2.7392,1.5932,1.6653,3.9655,0.96782,2.4414,2.8905,1.3329,1.5683,3.8515,2.7272,2.5705,4.6092,1.0741,2.2133,3.5677,1.1878,2.7098,3.7042,1.9783,1.9824,4.5153,1.0251,1.94,4.2616,1.8784,1.6935,3.4773,1.6622,2.5504,3.9965,2.1408,2.5333,4.863,2.0819,2.4132,3.6246,1.34,3.0158,3.5487,1.4603,1.5041,4.1896,0.62465,2.983,3.6417,1.6098,1.6478,4.203,0.72856,1.9833,2.7338,0.73791,2.2012,3.9817,2.6374,2.5767,4.5172,2.0505,2.0843,3.4087,1.4587,2.7986,3.6003,1.0475,2.3102,3.54,2.5793,2.0677,4.5817,1.4582,1.7118,4.4275,1.5566,2.5696,3.6299,2.0587,2.3835,4.13,2.6289,2.3323,4.907,0.55927,2.5231,3.0839
1781.7,0.13181,122.78,15.703,0.17852,712.06,1.4487,1.7916,4.1074,1.2786,2.2483,4.2632,1.1447,1.9306,4.2475,2.4374,2.6285,4.2884,0.85811,2.0114,4.3024,1.5169,2.5808,3.8988,3.2724,2.8233,6.1473,1.1291,1.9318,4.2484,1.738,1.5974,4.2078,1.3048,2.2267,4.3318,0.81766,2.0526,4.2064,2.9966,2.8294,4.5719,5.4836,2.6643,1.2146,1.3426,2.6799,3.7264,0.87471,2.1324,2.9887,2.5581,2.156,4.6132,1.4502,1.6226,3.9355,0.6237,2.6433,3.7726,2.0521,1.765,3.5255,1.0835,2.3828,3.2045,0.11778,2.3088,3.348,1.7561,1.6756,3.421,1.8651,2.7154,4.1208,1.7973,1.734,3.4201,1.4319,1.5972,3.9637,0.38738,2.1783,3.119,2.1216,2.4105,4.4931,1.4573,1.7073,3.2061,0.82673,1.9573,2.7533,3.2556,2.8331,6.0921,2.0657,1.8037,3.5315,1.082,2.7239,2.9939,1.8462,2.5952,4.0758,0.68505,1.9517,2.8167,1.0493,2.4056,3.1423,1.9388,1.9234,4.5597,1.7395,1.6173,3.9032,0.52409,2.1959,3.7722,1.1943,2.5725,3.7655,0.8951,2.1377,3.1529,2.696,2.3678,4.4789,2.1911,2.2358,4.8163,1.522,1.6812,3.9617,1.913,1.9312,4.5323,1.5228,2.2205,3.2447,0.7091,2.1916,3.0147,2.4687,2.4467,4.4403,1.8756,2.5991,4.6958,1.8172,2.6073,4.6526,2.6926,2.4012,4.5278,1.2737,2.5582,3.8595,1.7785,2.2813,4.3964,1.8433,2.9686,3.7653,0.64059,2.4758,2.5996,1.4848,2.1178,4.6439,2.0449,2.9912,3.9654,0.29666,2.4114,3.3049,1.6658,1.5706,4.0662,0.66363,2.0791,3.0101,2.2612,2.2671,4.6757,0.78824,2.5362,3.2303,0.89754,2.1539,3.1337,6.1923,2.8839,1.7222,2.0814,2.0556,4.7178,2.6691,2.413,4.5119,2.5397,2.2599,5.0273,1.9294,2.6185,4.2175,1.0803,1.7398,4.034,4.6605,2.8335,0.51879,0.81879,2.1325,2.9808,1.3133,2.0903,4.3703,1.0119,2.134,3.4345,2.0963,2.6611,4.3304,1.7458,1.5285,4.122,1.276,2.5306,3.1627,0.79328,2.5007,3.7121,2.09,1.85,3.6553,1.5298,2.4823,3.4336,1.5939,2.5844,3.6448,1.6034,1.5945,4.2419,1.8862,2.6562,4.3271,1.9761,2.6625,4.4457,3.5552,2.7423,0.016912,1.7482,1.5177,4.1135,1.8141,2.0017,3.4696,2.0428,2.9296,4.8589,1.2606,2.5403,3.2211,2.5834,2.4369,4.9101,1.0975,2.6222,4.0258,1.5388,2.4619,3.4548,1.1055,1.8496,4.0604,1.6921,1.5366,4.0501,1.7724,1.9941,3.406,0.26615,2.9106,3.3271,2.9509,2.2949,4.7003,1.2974,1.9486,4.2296,1.3416,2.6339,3.5143,1.4014,2.469,3.3514,1.8952,1.8988,3.6358,1.9428,2.4987,4.0601,1.0208,2.3029,3.1459,2.5478,1.9839,5.1501,1.2727,2.6369,3.433,1.3345,2.5005,3.2768,0.44144,2.908,3.4857,0.61826,1.8648,2.7472,1.6154,1.9766,4.5308,1.4579,1.7707,4.1525,5.2514,2.8481,1.5571,0.80725,2.0877,2.8292,1.0896,2.6682,4.0484,2.2671,2.5041,3.5968,2.5017,2.3872,4.7984,2.9361,2.6443,4.6291,2.1041,2.5008,4.4483,2.368,2.1766,4.2951,0.72574,2.1074,3.2159,0.5496,2.4194,3.1194,0.58631,2.1407,3.6973,2.3809,2.4114,4.5184,0.95007,2.4193,3.055,1.2268,1.6332,4.2654,1.651,2.0371,3.394,5.9651,2.6517,1.7004,3.4688,2.9014,0.20376,0.85738,2.3789,3.0732,1.6743,1.6073,4.0545,1.5208,1.9069,3.1723,0.78479,2.4282,2.9483,2.1492,2.3168,4.8159,1.2343,2.5649,3.1921,1.0222,1.9468,3.506,0.40055,1.9777,3.3161,1.7443,2.0079,3.3736,2.3944,2.1654,4.2662,2.2319,2.132,5.009,1.2457,1.6472,3.8493,0.70517,1.9772,2.8008,2.2404,2.1558,5.05,2.3973,2.2607,4.5983,1.5798,2.4602,3.9677,4.4664,2.864,0.39619,1.9616,2.4572,4.0348,0.80646,1.9456,4.1124,1.3657,2.646,4.3091,3.8262,2.7914,0.11187,1.5603,1.6766,3.3068,0.21368,2.297,3.2507,5.0933,2.8691,1.0585,0.71903,2.7199,3.4331,1.3878,2.5389,3.0447,2.1765,2.0746,4.9154,1.4614,2.0098,4.4236,1.5285,1.6306,3.3193,1.4234,2.9083,3.3759,0.62465,2.4022,2.9618,0.88066,2.4349,3.0432,0.24425,2.5976,3.3266,1.6721,2.3491,4.2029,0.63771,2.4186,2.9025,0.99476,2.3084,3.5565,1.3936,1.7568,4.2738,0.31854,2.3335,3.3563,1.5258,1.5921,3.3082,0.60509,2.4063,2.9455,3.3998,2.8496,0.065022,1.9139,2.5546,3.9935,2.0661,2.2008,4.6707,2.3251,2.7566,4.9179,1.9194,1.8722,3.8256,1.2879,1.7101,3.7243,2.211,2.1028,4.9837,1.3528,2.5921,3.8901,1.0442,3.0516,2.8672,4.7922,2.8997,0.49382,1.4049,2.7094,4.4499,1.9308,1.8924,3.8757,1.3576,2.6523,3.001,0.67164,2.7255,3.3142,1.0568,2.8871,4.2362,0.81278,2.5372,2.7778,0.67845,2.0374,2.9037,0.53178,2.4164,3.3607,1.5592,2.1632,4.333,1.543,2.7202,4.5543,0.5143,2.0049,2.9382,2.0081,1.8214,3.7937,1.1829,1.7497,3.7152,2.2136,2.6482,4.64,1.3426,1.6576,4.0934,1.33,2.145,3.137,0.58627,2.0302,2.9746,0.55123,2.4174,2.6957,1.6864,2.3948,4.2121,2.2289,2.6332,4.6963,0.54292,2.0321,2.9209,1.5817,1.678,3.3535,0.29481,3.0592,2.1561,0.69297,2.5601,2.6813,3.1332,2.7363,6.1488,0.23948,2.8834,2.9414,4.721,2.8959,0.42576,2.2562,2.3225,3.5592,1.2748,3.0051,4.1125,1.262,2.413,3.4164,1.0433,3.0435,3.8901,2.3054,2.2286,3.7096,1.1738,1.7137,3.7159,2.4403,2.3682,4.5979,2.4766,2.7033,4.0732,1.3551,2.671,4.3775,1.9101,1.8153,3.813,1.231,2.669,3.7458,2.2968,2.4258,4.8386,1.6137,2.5569,3.5037,2.1648,2.2591,4.1479,0.75163,1.944,3.3031,2.2103,2.4184,3.621,2.2288,2.3841,3.5763,2.2594,1.988,5.0065,2.5854,2.2688,4.7824,2.3152,2.2499,3.7397,1.3518,1.5963,3.8862,2.2082,2.6495,4.6598,1.9134,1.8486,3.8211,0.77653,2.1016,4.1123,1.5922,1.7362,4.243,2.2465,2.6495,4.7227,1.4463,2.3928,3.2628,6.0617,2.9183,2.3782,1.8504,1.7802,3.5417,1.8512,2.8911,4.1292,2.1354,1.9647,4.8907,1.227,2.5923,4.4166,1.9886,2.1489,4.8862,1.6076,1.6751,3.96,1.6101,2.0529,3.3049,1.0966,2.6736,3.63,0.99919,2.7769,3.852,1.4815,2.4955,3.9078,1.1695,2.6951,3.6571,1.8046,1.6352,4.0679,0.94807,2.4579,2.8464,1.9944,2.153,4.4788,0.35919,2.7261,3.113,1.0327,1.9252,4.2739,0.9915,2.2962,3.1154,1.7087,2.4141,4.6086,0.94593,2.0269,2.8705,0.72118,1.9612,2.7387,1.5924,1.6606,3.9654,0.96941,2.4409,2.8957,1.3303,1.5663,3.8528,2.7266,2.5701,4.61,1.0729,2.2184,3.5636,1.1905,2.7062,3.7062,1.9786,1.9828,4.5181,1.0228,1.9387,4.2622,1.8801,1.6949,3.4789,1.662,2.5528,3.9961,2.1422,2.5326,4.86,2.0778,2.4153,3.6196,1.3506,3.0123,3.5586,1.461,1.5066,4.1876,0.62106,2.9823,3.6391,1.61,1.6439,4.2017,0.72799,1.9826,2.7337,0.74026,2.2022,3.9834,2.6354,2.5756,4.5176,2.0541,2.0822,3.4086,1.4628,2.793,3.6055,1.0442,2.3171,3.5338,2.583,2.0718,4.5893,1.4565,1.7111,4.4285,1.5553,2.569,3.6337,2.0593,2.3881,4.1337,2.6266,2.331,4.9039,0.56442,2.5235,3.0892
1781.7,0.13181,122.78,15.703,0.18744,728.85,1.4458,1.7882,4.1055,1.2806,2.2489,4.2666,1.1408,1.928,4.2465,2.4352,2.6272,4.2891,0.85763,2.0103,4.3049,1.5169,2.5839,3.8989,3.2838,2.8214,6.1614,1.125,1.9291,4.2488,1.7379,1.5922,4.2054,1.3053,2.2264,4.337,0.81636,2.0524,4.2068,3.0002,2.8289,4.5742,5.4756,2.6577,1.2064,1.3436,2.6763,3.7268,0.87078,2.1315,2.9867,2.5627,2.1603,4.6218,1.4482,1.6212,3.9367,0.62055,2.6466,3.7653,2.0547,1.7647,3.5281,1.079,2.3818,3.205,0.10981,2.3098,3.3365,1.7547,1.6747,3.4228,1.8596,2.7115,4.1142,1.7982,1.7356,3.4214,1.4305,1.5947,3.9648,0.38789,2.1794,3.1165,2.1238,2.4113,4.4955,1.4561,1.7089,3.2061,0.82605,1.9587,2.7533,3.2693,2.832,6.107,2.0698,1.8046,3.535,1.0865,2.7244,3.0002,1.8482,2.596,4.0799,0.68697,1.9544,2.8179,1.0471,2.4039,3.145,1.9413,1.9233,4.5632,1.7419,1.6152,3.9045,0.52593,2.1951,3.7749,1.1969,2.5762,3.7683,0.89105,2.14,3.1489,2.7025,2.37,4.4864,2.1969,2.2385,4.8225,1.5244,1.6819,3.9634,1.9152,1.9319,4.5346,1.5244,2.2217,3.2435,0.70381,2.1958,3.0076,2.4711,2.4495,4.4462,1.8717,2.5999,4.6845,1.8131,2.6076,4.6428,2.7017,2.4048,4.5414,1.2732,2.5607,3.856,1.7846,2.2842,4.4015,1.8383,2.9645,3.7599,0.64613,2.4764,2.6046,1.4802,2.1213,4.6426,2.0446,2.9871,3.964,0.29336,2.4118,3.3008,1.6662,1.5691,4.0653,0.66159,2.0804,3.0068,2.2612,2.2678,4.6756,0.79187,2.5323,3.2386,0.89416,2.1563,3.1296,6.1859,2.8828,1.7146,2.0878,2.0593,4.7252,2.6763,2.4165,4.5232,2.5364,2.2562,5.0215,1.9257,2.6108,4.2136,1.0802,1.735,4.0379,4.6615,2.8261,0.51917,0.8162,2.1329,2.9786,1.3144,2.0901,4.3748,1.0094,2.1368,3.431,2.0897,2.657,4.3228,1.7482,1.5248,4.1204,1.281,2.5296,3.1649,0.79526,2.5035,3.7094,2.0921,1.8467,3.6519,1.527,2.4848,3.433,1.5934,2.5865,3.6497,1.601,1.5934,4.2411,1.88,2.6493,4.3189,1.9731,2.6562,4.442,3.5654,2.7394,0.024287,1.7508,1.5146,4.1112,1.8205,2.0014,3.4719,2.0396,2.9295,4.8561,1.2643,2.5402,3.2255,2.5813,2.4366,4.9068,1.0992,2.6227,4.022,1.5364,2.4635,3.4551,1.1018,1.8499,4.0595,1.6942,1.5341,4.0487,1.7766,1.993,3.4053,0.26734,2.9086,3.3284,2.9538,2.2935,4.7044,1.2962,1.9485,4.231,1.3443,2.6328,3.5212,1.3989,2.4701,3.3527,1.8985,1.8951,3.6329,1.9437,2.5039,4.0648,1.0177,2.3036,3.1446,2.5475,1.9822,5.1502,1.2747,2.6357,3.4392,1.3288,2.502,3.2743,0.4475,2.9057,3.4915,0.61598,1.8663,2.741,1.6097,1.9749,4.5321,1.4579,1.7674,4.1535,5.2389,2.8448,1.5437,0.80604,2.0868,2.8301,1.091,2.6708,4.0459,2.2732,2.5014,3.5977,2.4964,2.3841,4.7904,2.9447,2.6409,4.6361,2.1032,2.501,4.4464,2.3698,2.1814,4.3015,0.7209,2.1134,3.206,0.56024,2.417,3.1308,0.58606,2.1405,3.697,2.3821,2.4099,4.5231,0.96035,2.4165,3.0654,1.2243,1.6366,4.2628,1.6482,2.0377,3.3908,5.9519,2.6485,1.6863,3.4767,2.8991,0.21266,0.85683,2.3764,3.077,1.6747,1.6057,4.0533,1.5223,1.9088,3.1722,0.78492,2.427,2.9507,2.1497,2.3152,4.811,1.2375,2.5656,3.1966,1.023,1.9454,3.5063,0.39311,1.9792,3.3205,1.7467,2.0064,3.37,2.3961,2.1704,4.2715,2.2359,2.13,5.0096,1.243,1.6435,3.8501,0.70574,1.9773,2.8021,2.2444,2.1548,5.0519,2.4009,2.2637,4.6045,1.58,2.466,3.9674,4.4744,2.8579,0.40551,1.9625,2.4639,4.0376,0.8051,1.9456,4.1114,1.3747,2.6492,4.3124,3.839,2.7884,0.1259,1.5626,1.6806,3.308,0.21005,2.2967,3.2443,5.0941,2.8627,1.0616,0.72282,2.717,3.4369,1.3913,2.5403,3.0453,2.1801,2.0718,4.9147,1.4592,2.0046,4.4271,1.5286,1.6304,3.3208,1.4251,2.9078,3.3754,0.63229,2.3999,2.9729,0.87909,2.4338,3.0457,0.2439,2.5966,3.324,1.6761,2.3541,4.2076,0.64535,2.4175,2.9102,0.99067,2.3158,3.5499,1.3935,1.7548,4.2722,0.31857,2.3343,3.3547,1.5257,1.5906,3.3095,0.61116,2.4049,2.9546,3.4141,2.8477,0.080491,1.9101,2.5533,3.9927,2.0708,2.2009,4.6742,2.3099,2.7545,4.8993,1.9206,1.8664,3.822,1.2875,1.7055,3.7258,2.2143,2.1001,4.9838,1.351,2.5894,3.8852,1.0367,3.0508,2.8588,4.7959,2.8954,0.4977,1.411,2.7097,4.4539,1.9326,1.8896,3.8759,1.3625,2.6533,3.0076,0.68049,2.7233,3.3246,1.0634,2.8856,4.2423,0.82278,2.5384,2.7861,0.67877,2.0415,2.9021,0.5325,2.4168,3.3592,1.5591,2.1612,4.3382,1.5541,2.7207,4.5622,0.50941,2.0069,2.9299,2.0093,1.8186,3.7933,1.182,1.7448,3.7187,2.2088,2.6456,4.6319,1.3404,1.662,4.0897,1.327,2.1439,3.1352,0.58365,2.033,2.9685,0.55535,2.4159,2.7018,1.6914,2.4022,4.2158,2.2214,2.6293,4.6859,0.53927,2.0339,2.9142,1.5825,1.6771,3.355,0.2775,3.0598,2.1364,0.69573,2.5633,2.6828,3.1457,2.7345,6.1625,0.25589,2.8832,2.9602,4.725,2.8921,0.43073,2.2545,2.3184,3.5524,1.2782,3.001,4.1177,1.2549,2.4169,3.4113,1.0443,3.0419,3.8941,2.3028,2.2285,3.7054,1.1723,1.7064,3.7199,2.4404,2.3691,4.5987,2.4709,2.7048,4.0747,1.3585,2.6709,4.3778,1.911,1.8083,3.8101,1.2341,2.6647,3.7484,2.2939,2.4241,4.8307,1.6123,2.5557,3.511,2.1652,2.2636,4.1517,0.74921,1.9469,3.2986,2.2048,2.4192,3.6148,2.2235,2.3826,3.5675,2.2626,1.9896,5.009,2.5826,2.2678,4.7819,2.3126,2.2512,3.7369,1.3506,1.5971,3.8872,2.1982,2.6451,4.6465,1.9147,1.8435,3.8176,0.77688,2.0994,4.1189,1.5914,1.7324,4.2421,2.239,2.646,4.7128,1.4465,2.3935,3.2631,6.0681,2.9198,2.3864,1.8516,1.7794,3.5442,1.8476,2.8845,4.1235,2.1412,1.965,4.896,1.2308,2.5927,4.4225,1.9936,2.1498,4.8877,1.6074,1.6704,3.9599,1.6112,2.0557,3.3022,1.0979,2.6707,3.6301,1.0007,2.7753,3.8509,1.4856,2.4984,3.9116,1.1703,2.692,3.6558,1.8027,1.6294,4.0672,0.9494,2.4582,2.8493,2.0001,2.1577,4.4846,0.37154,2.7214,3.1246,1.0297,1.9235,4.2739,0.99206,2.2953,3.1183,1.7127,2.4151,4.6099,0.94392,2.0249,2.8706,0.7204,1.9603,2.7384,1.5916,1.6562,3.9654,0.97089,2.4406,2.9007,1.3276,1.5642,3.854,2.7259,2.5697,4.6108,1.0716,2.2235,3.5595,1.1931,2.7025,3.7083,1.9788,1.9831,4.5208,1.0205,1.9375,4.2629,1.8818,1.6964,3.4806,1.6618,2.555,3.9957,2.1436,2.532,4.8572,2.0738,2.4175,3.6145,1.3611,3.0087,3.5683,1.4618,1.5091,4.1856,0.61735,2.9818,3.6364,1.6104,1.64,4.2005,0.72745,1.9818,2.7336,0.74255,2.2032,3.9851,2.6334,2.5745,4.518,2.0578,2.08,3.4084,1.4668,2.7877,3.6106,1.0408,2.3238,3.5275,2.5867,2.0759,4.597,1.4549,1.7106,4.4295,1.5539,2.5684,3.6376,2.06,2.3928,4.1374,2.6243,2.3297,4.901,0.56938,2.5239,3.0943
1781.7,0.13181,122.78,15.703,0.19637,746.05,1.4428,1.7849,4.1036,1.2826,2.2495,4.2699,1.1369,1.9256,4.2456,2.433,2.6259,4.2898,0.85712,2.0093,4.3074,1.5171,2.5869,3.8991,3.295,2.8193,6.1753,1.1209,1.9264,4.2493,1.7378,1.5874,4.2031,1.3058,2.2259,4.3421,0.81512,2.052,4.2074,3.0037,2.8284,4.5762,5.4682,2.6513,1.1991,1.3442,2.6732,3.727,0.86691,2.1305,2.9848,2.5671,2.1646,4.6301,1.4462,1.6199,3.9378,0.61725,2.6498,3.7579,2.0575,1.7642,3.5308,1.0743,2.381,3.2051,0.10181,2.3107,3.3249,1.7533,1.6737,3.4247,1.8545,2.7078,4.1083,1.799,1.7371,3.4227,1.4292,1.5925,3.9657,0.38844,2.1805,3.1142,2.1259,2.4121,4.4977,1.4548,1.7104,3.2061,0.82531,1.9599,2.7533,3.2833,2.8307,6.1223,2.0741,1.8053,3.5386,1.091,2.725,3.0065,1.8502,2.5967,4.084,0.68878,1.957,2.819,1.0448,2.4023,3.1474,1.9439,1.9233,4.5666,1.7443,1.6135,3.9058,0.52792,2.1941,3.7778,1.1997,2.5795,3.7713,0.88715,2.1421,3.1452,2.7087,2.372,4.4933,2.2026,2.2412,4.8285,1.5267,1.6824,3.965,1.9175,1.9325,4.5368,1.5261,2.2228,3.2426,0.69893,2.1998,3.0013,2.4733,2.4521,4.4519,1.8678,2.6005,4.6732,1.8092,2.6079,4.6331,2.7109,2.4081,4.5549,1.2725,2.563,3.8525,1.7905,2.287,4.4066,1.8337,2.9606,3.7548,0.65144,2.477,2.6094,1.4755,2.1249,4.6411,2.0444,2.9829,3.9626,0.29013,2.412,3.2969,1.6667,1.5676,4.0644,0.65961,2.0816,3.0036,2.2611,2.2684,4.6752,0.79506,2.5285,3.2464,0.89106,2.1584,3.1259,6.1801,2.8818,1.7077,2.0942,2.0628,4.7325,2.6834,2.4195,4.5342,2.5334,2.2526,5.0161,1.9228,2.604,4.2105,1.0802,1.7303,4.0418,4.6623,2.8193,0.51955,0.81372,2.1334,2.9767,1.3155,2.0899,4.3792,1.0067,2.1397,3.4276,2.0834,2.653,4.3157,1.7507,1.5212,4.1189,1.286,2.5288,3.1669,0.79726,2.5063,3.7067,2.0941,1.8435,3.6488,1.5242,2.4872,3.4327,1.593,2.5884,3.6547,1.5987,1.5926,4.2405,1.8744,2.6428,4.3112,1.9704,2.6502,4.4387,3.5752,2.7364,0.035212,1.7534,1.5114,4.1088,1.8269,2.001,3.4742,2.0363,2.9293,4.8529,1.2678,2.54,3.2298,2.5795,2.4363,4.9036,1.1008,2.6232,4.0181,1.5341,2.465,3.4555,1.0981,1.8502,4.0587,1.6963,1.5317,4.0473,1.7808,1.9917,3.4047,0.26861,2.9067,3.3297,2.9567,2.292,4.7082,1.2948,1.9483,4.2324,1.347,2.6319,3.528,1.3965,2.4711,3.354,1.9017,1.8914,3.63,1.9445,2.5088,4.0695,1.0145,2.3042,3.1433,2.5471,1.9807,5.1502,1.2767,2.6346,3.4452,1.3232,2.5035,3.2719,0.45343,2.9033,3.497,0.61384,1.8674,2.7351,1.6041,1.9731,4.5331,1.4579,1.7642,4.1543,5.2268,2.8416,1.5305,0.80485,2.086,2.8309,1.0922,2.6732,4.0433,2.2795,2.4986,3.5989,2.4917,2.3812,4.7828,2.9531,2.6375,4.6428,2.1024,2.5012,4.4446,2.3716,2.1861,4.308,0.71599,2.1191,3.1965,0.57043,2.4147,3.1416,0.58591,2.1403,3.6966,2.3835,2.4085,4.5279,0.9701,2.4139,3.0753,1.2217,1.64,4.2601,1.6454,2.0382,3.3876,5.9392,2.6453,1.6727,3.4838,2.8968,0.22071,0.85575,2.3742,3.0799,1.6752,1.6041,4.052,1.524,1.9107,3.1723,0.78503,2.4257,2.9531,2.1503,2.3136,4.8066,1.2405,2.5664,3.2009,1.0237,1.944,3.5066,0.38625,1.9806,3.3249,1.7491,2.0047,3.3666,2.398,2.1753,4.2771,2.2398,2.1279,5.0102,1.2402,1.6398,3.8507,0.70622,1.9772,2.8033,2.2482,2.1536,5.0537,2.4043,2.2667,4.6104,1.5802,2.4714,3.9671,4.4822,2.852,0.41477,1.9635,2.4706,4.0406,0.80384,1.9457,4.1105,1.3833,2.6522,4.3154,3.8514,2.7854,0.13953,1.565,1.6849,3.3093,0.20673,2.2965,3.2383,5.0949,2.8565,1.065,0.72624,2.7141,3.4402,1.3944,2.5417,3.0458,2.1837,2.069,4.9141,1.4571,1.9995,4.4305,1.5287,1.6302,3.3223,1.4267,2.9073,3.3749,0.63955,2.3976,2.9833,0.87745,2.4327,3.048,0.24354,2.5957,3.3214,1.6801,2.3589,4.2123,0.6528,2.4165,2.9178,0.98647,2.323,3.543,1.3933,1.7529,4.2705,0.31853,2.335,3.3529,1.5255,1.5889,3.3108,0.617,2.4035,2.9633,3.4279,2.8458,0.09558,1.9063,2.5522,3.992,2.0753,2.2011,4.6776,2.295,2.7522,4.8809,1.9217,1.8606,3.8186,1.287,1.7012,3.7273,2.2174,2.0975,4.984,1.3492,2.5868,3.8804,1.029,3.0501,2.8504,4.7994,2.8911,0.50157,1.4167,2.7099,4.4578,1.9345,1.8867,3.8763,1.3672,2.6543,3.0141,0.68872,2.7212,3.3343,1.07,2.8839,4.2481,0.83249,2.5394,2.7941,0.6792,2.0455,2.9008,0.53331,2.4174,3.3578,1.5591,2.1593,4.3434,1.5647,2.7212,4.5696,0.50474,2.0087,2.9219,2.0105,1.8158,3.7929,1.1812,1.7398,3.7221,2.2046,2.6433,4.6247,1.3381,1.6662,4.0861,1.3239,2.1427,3.1334,0.58101,2.0357,2.9627,0.55945,2.4143,2.708,1.6964,2.4093,4.2193,2.2144,2.6254,4.6759,0.53585,2.0355,2.9079,1.5833,1.6764,3.3565,0.25976,3.0603,2.1161,0.69815,2.5664,2.6841,3.158,2.7326,6.1761,0.27201,2.8828,2.9788,4.7291,2.8885,0.43582,2.2529,2.3145,3.5457,1.2809,2.9969,4.122,1.2482,2.4204,3.4069,1.0444,3.0401,3.8972,2.3003,2.2284,3.7011,1.1707,1.6991,3.7239,2.4404,2.3699,4.5993,2.4654,2.7063,4.0763,1.3616,2.6707,4.3779,1.9117,1.8016,3.8073,1.2371,2.6606,3.7509,2.2913,2.4226,4.8232,1.6108,2.5547,3.5179,2.1659,2.2681,4.1555,0.74681,1.9498,3.2942,2.1993,2.42,3.6086,2.2183,2.3809,3.5588,2.2656,1.991,5.0111,2.5797,2.2668,4.7814,2.3099,2.2526,3.7341,1.3495,1.5979,3.8881,2.1886,2.6408,4.6338,1.916,1.8385,3.8142,0.77725,2.0973,4.1254,1.5906,1.7287,4.2413,2.2317,2.6427,4.7033,1.4469,2.3942,3.2635,6.0747,2.9213,2.3945,1.8527,1.7787,3.5465,1.8443,2.878,4.1182,2.1468,1.9654,4.9012,1.2343,2.5932,4.4281,1.9985,2.1507,4.8891,1.6072,1.6659,3.9597,1.6123,2.0584,3.2995,1.099,2.668,3.6302,1.0021,2.7738,3.8496,1.4897,2.501,3.9155,1.171,2.689,3.6544,1.8008,1.6239,4.0665,0.95071,2.4586,2.8521,2.0056,2.1623,4.4903,0.38345,2.7168,3.1359,1.0266,1.9217,4.2739,0.99261,2.2945,3.1211,1.7166,2.416,4.6112,0.94191,2.023,2.8708,0.71963,1.9595,2.7379,1.5909,1.6519,3.9654,0.97226,2.4403,2.9056,1.3249,1.5622,3.8553,2.7252,2.5692,4.6114,1.0702,2.2286,3.5554,1.1957,2.699,3.7102,1.9793,1.9835,4.5236,1.0183,1.9362,4.2636,1.8836,1.6977,3.4823,1.6615,2.5572,3.9953,2.1451,2.5315,4.8546,2.0697,2.4196,3.6095,1.3715,3.0051,3.578,1.4624,1.5115,4.1837,0.61352,2.9811,3.6336,1.6108,1.6365,4.1993,0.72691,1.9811,2.7336,0.74478,2.2042,3.9866,2.6315,2.5735,4.5187,2.0615,2.0779,3.4084,1.4708,2.7826,3.616,1.0374,2.3303,3.5213,2.5905,2.0801,4.6048,1.4533,1.7102,4.4305,1.5527,2.568,3.6414,2.0606,2.3973,4.1413,2.6222,2.3284,4.8981,0.5742,2.5244,3.0992
1781.7,0.13181,122.78,15.703,0.2053,762.46,1.44,1.7816,4.1018,1.2846,2.2499,4.2734,1.1333,1.9232,4.2447,2.431,2.6246,4.2905,0.85659,2.0084,4.3097,1.5172,2.5898,3.8991,3.306,2.8172,6.1887,1.1169,1.9237,4.2498,1.7379,1.5825,4.2007,1.3062,2.2256,4.3471,0.81395,2.0518,4.2081,3.0068,2.8279,4.5781,5.4611,2.6449,1.1924,1.3447,2.6706,3.727,0.86309,2.1296,2.9829,2.5715,2.1685,4.6382,1.4442,1.6186,3.9389,0.61395,2.653,3.7505,2.0602,1.7638,3.5333,1.0694,2.3804,3.2048,0.093858,2.3116,3.3134,1.7519,1.6727,3.4266,1.85,2.7042,4.1031,1.7998,1.7386,3.4239,1.428,1.5905,3.9666,0.38901,2.1815,3.1119,2.128,2.4127,4.4999,1.4537,1.7121,3.206,0.82448,1.961,2.7532,3.2977,2.8294,6.1377,2.0785,1.806,3.5422,1.0953,2.7257,3.0126,1.8523,2.5975,4.0882,0.69043,1.9596,2.8198,1.0423,2.4008,3.1497,1.9465,1.9232,4.5701,1.7465,1.6118,3.9071,0.53002,2.1931,3.7808,1.2027,2.5827,3.7743,0.88334,2.1441,3.1416,2.7147,2.374,4.4999,2.2082,2.244,4.8347,1.529,1.6828,3.9665,1.9198,1.9332,4.5391,1.5278,2.2237,3.2415,0.69427,2.2035,2.9954,2.4756,2.4548,4.4575,1.8639,2.6013,4.6617,1.8053,2.6083,4.6236,2.7202,2.4115,4.5687,1.2718,2.5652,3.849,1.7968,2.2901,4.4117,1.8294,2.9568,3.7501,0.65654,2.4777,2.6139,1.4706,2.1286,4.6393,2.0442,2.9787,3.9612,0.28691,2.4121,3.293,1.6672,1.5662,4.0635,0.65769,2.0825,3.0007,2.2609,2.269,4.6749,0.79802,2.5246,3.2538,0.88817,2.1604,3.1225,6.1747,2.8806,1.7011,2.1005,2.0664,4.7398,2.6903,2.4224,4.5451,2.5306,2.249,5.011,1.9202,2.5979,4.2075,1.0802,1.7256,4.0457,4.663,2.8127,0.52004,0.81138,2.134,2.975,1.3168,2.0897,4.3834,1.004,2.1426,3.4241,2.0773,2.649,4.3088,1.7532,1.5175,4.1171,1.2907,2.5279,3.1689,0.79929,2.509,3.7041,2.0962,1.8402,3.6456,1.5215,2.4896,3.4324,1.5929,2.5903,3.6599,1.5964,1.5919,4.2399,1.869,2.6365,4.3037,1.9678,2.6444,4.4355,3.5851,2.7333,0.042965,1.7561,1.5082,4.1064,1.8332,2.0008,3.4766,2.0329,2.929,4.8496,1.2713,2.54,3.2338,2.5776,2.436,4.9005,1.1023,2.6236,4.0143,1.5318,2.4667,3.4559,1.0947,1.8502,4.0581,1.6984,1.5293,4.0459,1.7851,1.9905,3.4042,0.27002,2.9047,3.331,2.9595,2.2905,4.7119,1.2935,1.9481,4.2338,1.3496,2.631,3.5346,1.3941,2.4723,3.3553,1.905,1.8878,3.6274,1.9454,2.5134,4.0742,1.0115,2.3047,3.1421,2.5466,1.9793,5.1501,1.2787,2.6335,3.4514,1.3177,2.5049,3.2695,0.45918,2.901,3.5023,0.61179,1.8686,2.7294,1.5987,1.9714,4.5339,1.4579,1.7611,4.1552,5.215,2.8384,1.5178,0.80369,2.0854,2.8317,1.0933,2.6755,4.0406,2.2866,2.4962,3.601,2.4871,2.3784,4.7757,2.9613,2.634,4.6494,2.1018,2.5016,4.443,2.3736,2.1909,4.3144,0.71082,2.1246,3.1865,0.58041,2.4125,3.1524,0.58582,2.1402,3.6964,2.3854,2.4073,4.5329,0.97966,2.4115,3.0847,1.219,1.6433,4.2571,1.6425,2.0385,3.3843,5.9268,2.6421,1.6596,3.4903,2.8946,0.22803,0.85425,2.3721,3.0824,1.6756,1.6026,4.0509,1.5256,1.9124,3.1723,0.78509,2.4245,2.9553,2.151,2.312,4.8022,1.2435,2.5671,3.2053,1.0244,1.9425,3.507,0.37942,1.9822,3.3295,1.7516,2.0031,3.3632,2.4002,2.1803,4.2828,2.2437,2.1258,5.0107,1.2374,1.6364,3.8511,0.70659,1.9771,2.8042,2.252,2.1524,5.0555,2.4076,2.2695,4.6162,1.5804,2.4767,3.9667,4.4899,2.8463,0.42395,1.9644,2.4772,4.0435,0.80262,1.9458,4.1097,1.3919,2.6553,4.3184,3.8635,2.7824,0.15294,1.5675,1.6889,3.3106,0.20359,2.2962,3.2325,5.0961,2.8503,1.0685,0.72939,2.7113,3.4432,1.3975,2.543,3.046,2.1873,2.0662,4.9136,1.4548,1.9944,4.4339,1.5287,1.63,3.3239,1.4285,2.9068,3.3743,0.64661,2.3954,2.9937,0.87571,2.4317,3.0502,0.24304,2.5947,3.3187,1.6842,2.3638,4.2171,0.66002,2.4155,2.9251,0.98211,2.3302,3.5361,1.3932,1.7511,4.2688,0.31841,2.3356,3.3511,1.5255,1.5873,3.3121,0.6226,2.4023,2.9716,3.4415,2.8439,0.11014,1.9027,2.5513,3.9915,2.0798,2.2012,4.6809,2.2805,2.7499,4.8629,1.9228,1.8546,3.8153,1.2868,1.697,3.7288,2.2206,2.095,4.9842,1.3475,2.5844,3.8759,1.0212,3.0494,2.842,4.8026,2.8869,0.50535,1.4224,2.71,4.4614,1.9364,1.8838,3.8766,1.3718,2.6552,3.0208,0.6964,2.7192,3.3433,1.0765,2.8823,4.2541,0.84182,2.5405,2.8017,0.67965,2.0494,2.8996,0.53444,2.4178,3.3567,1.559,2.1571,4.3485,1.5749,2.7216,4.5768,0.50019,2.0105,2.914,2.0116,1.8131,3.7927,1.1802,1.7349,3.7254,2.201,2.6412,4.618,1.3358,1.6704,4.0826,1.3208,2.1416,3.1316,0.57841,2.0381,2.9571,0.56349,2.4129,2.714,1.7012,2.4162,4.2225,2.2078,2.6218,4.6663,0.53258,2.037,2.9019,1.5841,1.6758,3.358,0.24128,3.0608,2.0953,0.7003,2.5697,2.6851,3.1702,2.7306,6.1893,0.28767,2.8824,2.9968,4.7332,2.8852,0.44101,2.2516,2.3105,3.5393,1.2829,2.993,4.1256,1.2417,2.4235,3.4024,1.0432,3.0385,3.899,2.2979,2.2283,3.6969,1.1691,1.6919,3.7279,2.4404,2.3706,4.5999,2.4601,2.7076,4.0779,1.3647,2.6706,4.3781,1.9125,1.7949,3.8047,1.2399,2.6566,3.7534,2.2892,2.4212,4.8162,1.6092,2.5539,3.5245,2.1663,2.2725,4.1595,0.74444,1.9527,3.29,2.1941,2.4208,3.6026,2.2133,2.3793,3.5501,2.2685,1.9923,5.0131,2.577,2.2658,4.7808,2.3072,2.254,3.7314,1.3484,1.5985,3.8889,2.1794,2.6364,4.6213,1.9174,1.8334,3.8109,0.77762,2.0951,4.1317,1.5897,1.725,4.2404,2.2246,2.6393,4.6938,1.4472,2.3948,3.2639,6.0811,2.9227,2.4027,1.854,1.778,3.5489,1.8415,2.8717,4.1132,2.1522,1.9655,4.906,1.2376,2.5937,4.4335,2.0032,2.1517,4.8905,1.6071,1.6616,3.9597,1.6134,2.061,3.297,1.1,2.6654,3.6302,1.0033,2.7722,3.8482,1.4935,2.5036,3.9193,1.1716,2.6861,3.6531,1.7989,1.6185,4.0659,0.95199,2.459,2.8548,2.0111,2.1667,4.4958,0.39487,2.7121,3.1466,1.0235,1.92,4.2738,0.99318,2.2937,3.1239,1.7206,2.4169,4.6124,0.93993,2.0212,2.8708,0.71889,1.9588,2.7375,1.5902,1.6479,3.9654,0.97352,2.4402,2.9102,1.3223,1.5602,3.8565,2.7245,2.5688,4.612,1.0687,2.2337,3.5512,1.1982,2.6955,3.712,1.9795,1.9839,4.5262,1.0161,1.9349,4.2643,1.8854,1.6992,3.4839,1.6613,2.5592,3.9948,2.1467,2.5309,4.852,2.0658,2.4217,3.6045,1.3817,3.0015,3.5875,1.463,1.5139,4.1819,0.60957,2.9805,3.6306,1.6112,1.6331,4.1982,0.72639,1.9803,2.7334,0.74693,2.2053,3.9881,2.6295,2.5726,4.5192,2.0651,2.0758,3.4084,1.4746,2.7777,3.6212,1.034,2.3367,3.5152,2.5943,2.084,4.6124,1.4518,1.7101,4.4315,1.5514,2.5677,3.6452,2.0613,2.4017,4.1449,2.6202,2.3272,4.8955,0.57886,2.525,3.104
1781.7,0.13181,122.78,15.703,0.21422,780.07,1.4372,1.7784,4.1001,1.2867,2.2504,4.2769,1.1297,1.9209,4.2436,2.4289,2.6234,4.2915,0.85605,2.0075,4.3119,1.5172,2.5925,3.8991,3.3168,2.815,6.202,1.113,1.9212,4.2501,1.7379,1.5779,4.1984,1.3065,2.2251,4.3521,0.81285,2.0516,4.2088,3.01,2.8274,4.58,5.4548,2.6389,1.1864,1.3449,2.6682,3.7268,0.85933,2.1285,2.981,2.5756,2.1723,4.646,1.4421,1.6174,3.9399,0.61044,2.6561,3.7429,2.0628,1.7633,3.5359,1.0642,2.38,3.204,0.085888,2.3125,3.302,1.7505,1.6716,3.4285,1.8459,2.7008,4.0985,1.8006,1.74,3.4252,1.4268,1.5887,3.9674,0.38962,2.1824,3.1096,2.13,2.4135,4.5019,1.4523,1.7137,3.2059,0.82363,1.9619,2.7533,3.3123,2.828,6.1536,2.0828,1.8066,3.5459,1.0998,2.7263,3.0188,1.8544,2.5982,4.0926,0.69197,1.9619,2.8208,1.0397,2.3995,3.1517,1.9492,1.9232,4.5737,1.7488,1.6104,3.9085,0.53225,2.1921,3.784,1.2058,2.5854,3.7777,0.87975,2.1461,3.1381,2.7204,2.3758,4.506,2.2137,2.2463,4.8405,1.5313,1.683,3.9678,1.9221,1.9337,4.5413,1.5295,2.2248,3.2406,0.69017,2.2068,2.9905,2.4775,2.457,4.4627,1.8599,2.602,4.6503,1.8015,2.6086,4.6141,2.7291,2.4143,4.582,1.2713,2.5672,3.8454,1.8028,2.2928,4.4166,1.8254,2.9532,3.7456,0.66136,2.4782,2.6182,1.4657,2.1321,4.6372,2.0441,2.9746,3.96,0.28379,2.4123,3.2891,1.6675,1.5649,4.0627,0.65585,2.0834,2.9979,2.2606,2.2697,4.6744,0.80038,2.5209,3.2609,0.88556,2.1621,3.1196,6.1697,2.8796,1.6951,2.1069,2.0696,4.7468,2.6968,2.4248,4.5553,2.5284,2.2454,5.0064,1.9184,2.5928,4.2053,1.0802,1.7212,4.0494,4.6634,2.8066,0.52034,0.80918,2.1344,2.9734,1.3181,2.0896,4.3875,1.0014,2.1454,3.4205,2.0716,2.6454,4.3025,1.7556,1.5139,4.1156,1.2955,2.5271,3.1705,0.80132,2.5115,3.7016,2.0983,1.837,3.6427,1.519,2.492,3.4325,1.5929,2.5922,3.6654,1.5941,1.5916,4.2394,1.8642,2.6308,4.2968,1.9656,2.6391,4.4324,3.5947,2.7304,0.05153,1.7587,1.5051,4.104,1.8396,2.0003,3.479,2.0293,2.9289,4.8461,1.2746,2.54,3.2376,2.5759,2.4358,4.8974,1.1037,2.6241,4.0104,1.5296,2.4683,3.4566,1.0912,1.8501,4.0576,1.7007,1.5271,4.0446,1.7894,1.9893,3.404,0.27146,2.9028,3.3324,2.962,2.289,4.7153,1.2921,1.9479,4.2351,1.352,2.6304,3.541,1.3918,2.4733,3.3567,1.9084,1.8843,3.6249,1.9463,2.5175,4.0787,1.0085,2.3052,3.141,2.5461,1.9782,5.1501,1.2808,2.6326,3.4573,1.3124,2.5061,3.2673,0.46477,2.8986,3.5074,0.60992,1.8696,2.7242,1.5932,1.9698,4.5343,1.4579,1.758,4.1561,5.2037,2.8353,1.5053,0.80253,2.0846,2.8326,1.0942,2.6777,4.038,2.2932,2.4937,3.6027,2.4832,2.3757,4.7692,2.9692,2.6306,4.6556,2.1011,2.5019,4.4414,2.3755,2.1955,4.3209,0.70585,2.1294,3.1773,0.58974,2.4104,3.1621,0.58581,2.1402,3.6961,2.3871,2.406,4.5377,0.98838,2.4092,3.0934,1.2163,1.6465,4.2546,1.6397,2.0388,3.3811,5.915,2.6389,1.6472,3.4958,2.8924,0.23439,0.85238,2.3703,3.0841,1.6759,1.6013,4.0498,1.5272,1.9144,3.1725,0.78518,2.4231,2.9575,2.152,2.3106,4.7984,1.2463,2.568,3.2092,1.0252,1.9409,3.5075,0.37334,1.9835,3.3342,1.7542,2.0015,3.3599,2.4026,2.1853,4.2888,2.2476,2.1237,5.0114,1.2346,1.633,3.8514,0.70685,1.977,2.805,2.2556,2.1512,5.057,2.4109,2.2722,4.6217,1.5804,2.4815,3.9662,4.4973,2.8407,0.43307,1.9655,2.4837,4.0464,0.80149,1.9457,4.109,1.4,2.6582,4.3208,3.8752,2.7796,0.16583,1.57,1.6931,3.312,0.20081,2.2959,3.2271,5.0973,2.8445,1.0721,0.73211,2.7087,3.4457,1.4002,2.5444,3.046,2.1909,2.0637,4.9134,1.4526,1.9896,4.4369,1.5289,1.6298,3.3253,1.4299,2.9065,3.3736,0.65308,2.3934,3.0031,0.87394,2.4308,3.0523,0.2426,2.5938,3.3161,1.6883,2.3685,4.2218,0.66709,2.4146,2.9324,0.97764,2.3373,3.529,1.393,1.7494,4.2671,0.31822,2.3362,3.3492,1.5253,1.5856,3.3135,0.628,2.4011,2.9796,3.4542,2.8419,0.12401,1.8991,2.5505,3.991,2.0843,2.2013,4.6843,2.2666,2.7476,4.8454,1.9239,1.8486,3.8123,1.2864,1.693,3.7302,2.2237,2.0926,4.9844,1.3459,2.5822,3.8714,1.0134,3.0488,2.8333,4.8057,2.8828,0.50916,1.4276,2.7099,4.4647,1.9383,1.8809,3.8769,1.3764,2.6563,3.0273,0.70348,2.7173,3.3515,1.0827,2.8807,4.2598,0.85088,2.5416,2.8092,0.68021,2.0533,2.8986,0.53554,2.4183,3.3557,1.5591,2.1549,4.3536,1.5846,2.7219,4.5834,0.49594,2.0121,2.9065,2.0128,1.8106,3.7925,1.1793,1.73,3.7287,2.1978,2.6392,4.612,1.3335,1.6743,4.0792,1.3179,2.1404,3.13,0.5758,2.0404,2.9515,0.56753,2.4114,2.7201,1.7058,2.4228,4.2254,2.2015,2.6182,4.6573,0.52953,2.0382,2.8964,1.5848,1.6753,3.3596,0.2225,3.0612,2.0741,0.70207,2.5731,2.6856,3.1822,2.7285,6.2023,0.30326,2.8817,3.0148,4.7371,2.8822,0.44628,2.2504,2.3068,3.5333,1.2844,2.9892,4.1285,1.2356,2.4262,3.3985,1.0414,3.0369,3.9002,2.2955,2.2282,3.6928,1.1676,1.6846,3.7318,2.4404,2.3714,4.6004,2.4548,2.7087,4.0796,1.3676,2.6704,4.3779,1.9133,1.7883,3.8024,1.2426,2.6529,3.7556,2.2874,2.42,4.8096,1.6075,2.5532,3.5309,2.167,2.277,4.1635,0.74205,1.9556,3.2856,2.1889,2.4215,3.5964,2.2083,2.3776,3.5414,2.2712,1.9935,5.0147,2.5743,2.2647,4.7804,2.3046,2.2554,3.7287,1.3474,1.599,3.8896,2.1704,2.6319,4.6092,1.9186,1.8285,3.8076,0.778,2.093,4.1379,1.5888,1.7216,4.2395,2.2178,2.636,4.6848,1.4475,2.3956,3.2643,6.088,2.9241,2.4111,1.8553,1.7772,3.551,1.8388,2.8653,4.1087,2.1574,1.9657,4.9107,1.2407,2.594,4.4388,2.0078,2.1526,4.8917,1.6071,1.6575,3.9595,1.6147,2.0635,3.2946,1.1009,2.663,3.6299,1.0046,2.7708,3.8467,1.4973,2.5058,3.9231,1.1721,2.6835,3.6517,1.797,1.6134,4.0654,0.95326,2.4594,2.8574,2.0167,2.1711,4.5014,0.4059,2.7074,3.1569,1.0206,1.9183,4.2738,0.9937,2.2929,3.1266,1.7245,2.4176,4.6137,0.93794,2.0195,2.8707,0.71815,1.9579,2.7372,1.5895,1.6443,3.9654,0.97467,2.44,2.9148,1.3195,1.5581,3.8577,2.7236,2.5685,4.6124,1.0672,2.2388,3.547,1.2007,2.6921,3.7138,1.98,1.9842,4.529,1.014,1.9335,4.2651,1.8873,1.7004,3.4856,1.661,2.5611,3.9945,2.1482,2.5304,4.8496,2.0619,2.4238,3.5997,1.3917,2.9978,3.597,1.4635,1.5162,4.1802,0.60557,2.9799,3.6276,1.6119,1.6299,4.197,0.72587,1.9796,2.7334,0.74902,2.2066,3.9895,2.6278,2.5717,4.5201,2.0688,2.0738,3.4086,1.4785,2.7729,3.6267,1.0307,2.3428,3.5094,2.5981,2.088,4.6201,1.4504,1.7099,4.4324,1.5503,2.5674,3.6489,2.062,2.4059,4.1486,2.6183,2.3261,4.8929,0.58345,2.5254,3.1086
1781.7,0.13181,122.78,15.703,0.22315,796.95,1.4344,1.7754,4.0984,1.2889,2.2509,4.2804,1.1262,1.9187,4.2425,2.427,2.6222,4.2925,0.85547,2.0068,4.3141,1.5173,2.5951,3.8991,3.3273,2.8127,6.215,1.1092,1.9186,4.2505,1.738,1.5736,4.196,1.3067,2.2246,4.357,0.8118,2.0513,4.2095,3.013,2.8268,4.5818,5.4486,2.6329,1.181,1.3451,2.6661,3.7264,0.85561,2.1274,2.9791,2.5798,2.1759,4.6537,1.44,1.6165,3.9409,0.6069,2.6589,3.7353,2.0655,1.7627,3.5385,1.0588,2.3796,3.2029,0.077979,2.3132,3.2906,1.7491,1.6704,3.4303,1.842,2.6974,4.0944,1.8015,1.7414,3.4265,1.4255,1.5869,3.9681,0.39024,2.1832,3.1075,2.1317,2.4141,4.5037,1.451,1.7154,3.2059,0.8227,1.9626,2.7532,3.3273,2.8264,6.1699,2.0872,1.8071,3.5495,1.1044,2.7269,3.0251,1.8565,2.5987,4.0968,0.69335,1.9642,2.8215,1.0368,2.3981,3.1534,1.952,1.9231,4.5774,1.7509,1.6092,3.9098,0.53455,2.191,3.7872,1.2089,2.588,3.781,0.87624,2.1479,3.1348,2.7258,2.3776,4.5118,2.2191,2.2485,4.8462,1.5335,1.683,3.969,1.9245,1.9342,4.5435,1.5313,2.2258,3.2397,0.68622,2.2099,2.9859,2.4794,2.4593,4.4681,1.8559,2.6027,4.639,1.7977,2.609,4.6049,2.7383,2.4171,4.5954,1.2705,2.5691,3.842,1.809,2.2957,4.4216,1.8216,2.9498,3.7416,0.66603,2.4789,2.6222,1.4606,2.1358,4.6349,2.044,2.9703,3.9588,0.2807,2.4123,3.2853,1.668,1.5636,4.0618,0.65403,2.0841,2.9951,2.2602,2.2702,4.6737,0.80242,2.5172,3.2675,0.88311,2.1638,3.1168,6.1653,2.8785,1.6895,2.1133,2.0727,4.7538,2.7032,2.4272,4.5655,2.5263,2.242,5.0021,1.9166,2.5881,4.2032,1.0801,1.7167,4.0531,4.6636,2.8007,0.52053,0.80708,2.1349,2.9719,1.3195,2.0894,4.3916,0.99869,2.1483,3.4171,2.0662,2.6418,4.2964,1.758,1.5103,4.114,1.3001,2.5263,3.1722,0.80336,2.514,3.6991,2.1005,1.8339,3.6397,1.5167,2.4944,3.4329,1.5932,2.594,3.6709,1.5919,1.5914,4.2387,1.8595,2.6253,4.2901,1.9635,2.6338,4.4296,3.6041,2.7274,0.059895,1.7614,1.5019,4.1015,1.846,1.9998,3.4816,2.0253,2.9286,4.8421,1.2777,2.54,3.2411,2.5741,2.4355,4.8944,1.105,2.6245,4.0065,1.5274,2.47,3.4572,1.0878,1.8498,4.057,1.7028,1.5249,4.0433,1.7936,1.988,3.4038,0.27306,2.9009,3.3338,2.9645,2.2874,4.7184,1.2907,1.9475,4.2365,1.3545,2.6296,3.5474,1.3897,2.4744,3.3583,1.9117,1.8807,3.6226,1.9471,2.5215,4.083,1.0054,2.3057,3.14,2.5454,1.977,5.15,1.2828,2.6317,3.4631,1.307,2.5074,3.2651,0.47022,2.8962,3.5124,0.60815,1.8704,2.7192,1.5878,1.968,4.5345,1.4578,1.7549,4.1568,5.1927,2.8322,1.4931,0.80143,2.0839,2.8333,1.095,2.6797,4.0353,2.2998,2.4916,3.6041,2.4795,2.3732,4.763,2.9768,2.6273,4.6612,2.1006,2.5023,4.4398,2.3774,2.1998,4.3272,0.70099,2.1341,3.1684,0.59888,2.4083,3.1717,0.58591,2.1401,3.6959,2.3887,2.4047,4.5425,0.99681,2.407,3.1017,1.2137,1.6498,4.252,1.6367,2.039,3.3778,5.9037,2.6356,1.6352,3.5007,2.8903,0.23992,0.85027,2.3685,3.0855,1.6763,1.6001,4.0488,1.5289,1.9162,3.1728,0.78527,2.4218,2.9597,2.1531,2.3092,4.7948,1.2492,2.5689,3.2134,1.026,1.9392,3.508,0.36778,1.9847,3.3385,1.7568,1.9997,3.3569,2.4053,2.1904,4.295,2.2513,2.1216,5.012,1.2317,1.6299,3.8516,0.707,1.9768,2.8056,2.2591,2.1498,5.0585,2.4141,2.2747,4.6271,1.5804,2.4862,3.9657,4.5046,2.8352,0.44202,1.9665,2.4902,4.0494,0.80041,1.9457,4.1082,1.4079,2.6612,4.323,3.8866,2.7767,0.17849,1.5725,1.6975,3.3134,0.19828,2.2957,3.2219,5.0987,2.8387,1.0758,0.73465,2.7061,3.4479,1.4028,2.5457,3.0458,2.1947,2.0611,4.9131,1.4505,1.985,4.4399,1.5289,1.6294,3.3267,1.4314,2.9062,3.3728,0.65922,2.3914,3.012,0.87215,2.4299,3.0543,0.2421,2.5929,3.3133,1.6923,2.3731,4.2265,0.67401,2.4138,2.9395,0.9731,2.3442,3.5219,1.3928,1.7475,4.2653,0.31799,2.3367,3.3473,1.5252,1.5838,3.3149,0.63319,2.3999,2.9875,3.4665,2.84,0.13722,1.8957,2.5498,3.9904,2.0886,2.2013,4.6875,2.2531,2.7451,4.8284,1.9249,1.8427,3.8093,1.286,1.6891,3.7315,2.2267,2.0903,4.9847,1.3442,2.5801,3.867,1.0052,3.0483,2.8246,4.8085,2.8788,0.51301,1.4325,2.7099,4.4673,1.9403,1.878,3.8774,1.381,2.6572,3.0339,0.71011,2.7154,3.3592,1.089,2.8789,4.2654,0.85958,2.5427,2.8163,0.68081,2.057,2.8977,0.53663,2.4189,3.3547,1.5591,2.1528,4.3587,1.5938,2.7223,4.5896,0.49184,2.0138,2.8993,2.0139,1.8081,3.7923,1.1783,1.7251,3.732,2.1949,2.6374,4.6064,1.3313,1.6781,4.0758,1.3149,2.1391,3.1282,0.57322,2.0424,2.9461,0.57158,2.4098,2.7262,1.7103,2.4293,4.2281,2.1955,2.6148,4.6485,0.52657,2.0393,2.891,1.5855,1.6747,3.3613,0.20362,3.0617,2.0529,0.70354,2.5766,2.6858,3.1939,2.7264,6.215,0.31852,2.881,3.0323,4.7411,2.8792,0.45159,2.2495,2.3031,3.5275,1.2858,2.9854,4.1313,1.2297,2.4287,3.3948,1.039,3.0353,3.9005,2.2932,2.2282,3.6886,1.166,1.6774,3.7357,2.4403,2.372,4.6009,2.4496,2.7097,4.0814,1.3704,2.6703,4.3776,1.9141,1.7819,3.8002,1.2452,2.6493,3.7577,2.2857,2.4188,4.8032,1.6058,2.5526,3.5371,2.1678,2.2815,4.1676,0.73969,1.9584,3.2814,2.1838,2.4222,3.5904,2.2034,2.3758,3.5327,2.2737,1.9946,5.0161,2.5716,2.2637,4.7799,2.3019,2.257,3.726,1.3465,1.5995,3.8901,2.1618,2.6276,4.5974,1.9199,1.8236,3.8045,0.7784,2.091,4.1441,1.5879,1.7182,4.2387,2.2112,2.6327,4.6759,1.4479,2.3964,3.2647,6.0947,2.9254,2.4194,1.8567,1.7764,3.5532,1.8364,2.8591,4.1045,2.1626,1.9658,4.9152,1.2438,2.5944,4.444,2.0123,2.1535,4.8928,1.6071,1.6535,3.9594,1.616,2.066,3.2922,1.1017,2.6607,3.6296,1.0056,2.7694,3.845,1.5011,2.508,3.927,1.1727,2.6809,3.6503,1.795,1.6085,4.0649,0.95456,2.4599,2.8601,2.0221,2.1754,4.5069,0.4165,2.7027,3.1667,1.0176,1.9166,4.2736,0.99423,2.2922,3.1293,1.7285,2.4181,4.6151,0.93596,2.0177,2.8706,0.71743,1.9572,2.7368,1.5889,1.6408,3.9654,0.97573,2.44,2.9191,1.3168,1.5561,3.8589,2.7227,2.568,4.6128,1.0656,2.244,3.5428,1.203,2.6889,3.7156,1.9805,1.9846,4.5316,1.012,1.9321,4.2658,1.889,1.7016,3.4872,1.6607,2.5631,3.9941,2.1499,2.5299,4.8473,2.058,2.4259,3.595,1.4015,2.994,3.6062,1.4641,1.5184,4.1784,0.60143,2.9792,3.6244,1.6127,1.6267,4.1958,0.72535,1.9789,2.7333,0.75101,2.2078,3.9908,2.626,2.5708,4.5208,2.0725,2.0718,3.4089,1.4822,2.7683,3.6322,1.0274,2.3487,3.5037,2.602,2.0918,4.6277,1.449,1.71,4.4333,1.5491,2.5673,3.6526,2.0627,2.4101,4.1523,2.6163,2.3249,4.8903,0.58795,2.5259,3.1132
1781.7,0.13181,122.78,15.703,0.23207,813.14,1.4317,1.7725,4.0966,1.2913,2.2515,4.284,1.1228,1.9166,4.2417,2.4252,2.621,4.2935,0.8549,2.006,4.3162,1.5173,2.5978,3.8989,3.3376,2.8103,6.2276,1.1054,1.9161,4.2509,1.7381,1.5692,4.1936,1.3069,2.224,4.3617,0.81082,2.0511,4.2103,3.0157,2.8262,4.5833,5.4428,2.6269,1.176,1.345,2.6642,3.7258,0.85195,2.1262,2.9772,2.5838,2.1794,4.6611,1.4379,1.6153,3.9419,0.60339,2.6618,3.7277,2.0682,1.7621,3.5411,1.0531,2.3794,3.2014,0.070094,2.3138,3.2795,1.7477,1.6691,3.4322,1.8385,2.694,4.0908,1.8023,1.7427,3.4278,1.4244,1.5854,3.9686,0.39085,2.1841,3.1053,2.1336,2.4149,4.5057,1.4498,1.7172,3.2058,0.82174,1.963,2.7532,3.3424,2.8248,6.1863,2.0918,1.8075,3.5534,1.1087,2.7277,3.0311,1.8589,2.5995,4.1013,0.69461,1.9665,2.8221,1.034,2.3969,3.1551,1.9548,1.9231,4.5809,1.753,1.6083,3.9112,0.53694,2.1899,3.7905,1.212,2.5905,3.7845,0.87278,2.1498,3.1316,2.7311,2.3792,4.5174,2.2247,2.251,4.8523,1.5358,1.6829,3.9703,1.9269,1.9348,4.5457,1.5332,2.2268,3.2388,0.68245,2.213,2.9817,2.4814,2.4616,4.4735,1.8519,2.6034,4.6275,1.7941,2.6093,4.5956,2.7474,2.4197,4.6087,1.2698,2.5711,3.8383,1.8153,2.2986,4.4266,1.8183,2.9465,3.7379,0.67045,2.4795,2.626,1.4553,2.1395,4.6323,2.0439,2.9662,3.9576,0.27751,2.4124,3.2814,1.6685,1.5624,4.061,0.65229,2.0847,2.9926,2.2598,2.2707,4.6729,0.80411,2.5133,3.2739,0.88074,2.1655,3.1142,6.1612,2.8774,1.6845,2.1197,2.0756,4.7606,2.7094,2.4293,4.5754,2.5245,2.2382,4.998,1.9153,2.5839,4.2014,1.0799,1.7122,4.057,4.6638,2.7953,0.52086,0.80518,2.1354,2.9707,1.3209,2.0893,4.3957,0.99594,2.151,3.4134,2.0608,2.6381,4.2904,1.7605,1.5065,4.1122,1.3046,2.5255,3.1738,0.80543,2.5165,3.6967,2.1027,1.8307,3.6367,1.5146,2.4967,3.4337,1.5935,2.5959,3.6766,1.5894,1.5913,4.2381,1.855,2.6201,4.2835,1.9616,2.6287,4.4269,3.6135,2.7242,0.068159,1.7641,1.4986,4.0989,1.8523,1.9993,3.4841,2.0212,2.9281,4.8379,1.2808,2.54,3.2446,2.5723,2.4353,4.8913,1.1064,2.6248,4.0026,1.5252,2.4715,3.4578,1.0845,1.8494,4.0566,1.7049,1.5228,4.0419,1.7979,1.9866,3.4036,0.2747,2.8991,3.3352,2.9668,2.2859,4.7215,1.2892,1.9473,4.238,1.357,2.629,3.5539,1.3874,2.4755,3.3597,1.915,1.8772,3.6203,1.9479,2.5254,4.0875,1.0024,2.3061,3.1389,2.5448,1.9759,5.1498,1.2848,2.6308,3.4688,1.3019,2.5086,3.2628,0.47544,2.8938,3.5171,0.60649,1.871,2.7144,1.5822,1.9662,4.5346,1.4576,1.7518,4.1576,5.182,2.8291,1.4814,0.80035,2.0832,2.8341,1.0956,2.6816,4.0326,2.3064,2.4898,3.6057,2.476,2.3708,4.757,2.9841,2.6239,4.6668,2.1001,2.5027,4.4384,2.3793,2.2043,4.3335,0.6962,2.1384,3.1597,0.60782,2.4063,3.1811,0.58606,2.1401,3.6958,2.3905,2.4035,4.5473,1.005,2.4049,3.1098,1.211,1.6531,4.2493,1.6338,2.0391,3.3746,5.8928,2.6324,1.6235,3.5047,2.8883,0.24464,0.84797,2.3668,3.0866,1.6767,1.5989,4.0476,1.5307,1.918,3.1732,0.78533,2.4204,2.9618,2.1543,2.3078,4.7913,1.2518,2.5699,3.2173,1.0266,1.9375,3.5085,0.36276,1.986,3.3422,1.7595,1.9978,3.3537,2.4079,2.1953,4.3013,2.255,2.1195,5.0126,1.229,1.6268,3.8518,0.70709,1.9766,2.8061,2.2624,2.1483,5.0598,2.4172,2.2772,4.6323,1.5805,2.4908,3.9651,4.5116,2.8299,0.45079,1.9676,2.4966,4.0524,0.79937,1.9458,4.1076,1.4157,2.6641,4.3253,3.8976,2.7739,0.19084,1.5752,1.7019,3.3149,0.19587,2.2955,3.2168,5.1002,2.8329,1.0797,0.73691,2.7036,3.4499,1.4052,2.5472,3.0455,2.1984,2.0586,4.9129,1.4485,1.9805,4.4428,1.529,1.6291,3.3282,1.4329,2.906,3.3721,0.66512,2.3896,3.0207,0.87025,2.429,3.0561,0.24149,2.592,3.3105,1.6964,2.3777,4.2312,0.68075,2.4128,2.9465,0.96842,2.3511,3.5145,1.3926,1.7458,4.2635,0.31766,2.3372,3.3453,1.5249,1.582,3.3163,0.6382,2.3988,2.9949,3.4785,2.838,0.15018,1.8923,2.5495,3.99,2.093,2.2013,4.6908,2.2403,2.7427,4.8118,1.9259,1.8368,3.8066,1.2857,1.6853,3.7328,2.2298,2.0879,4.9849,1.3426,2.578,3.8627,0.99689,3.0478,2.8156,4.8111,2.8747,0.51676,1.4372,2.7097,4.4699,1.9422,1.8753,3.8778,1.3854,2.6582,3.0404,0.71625,2.7137,3.3662,1.0951,2.8771,4.2711,0.86794,2.5438,2.8232,0.68141,2.0607,2.8969,0.53817,2.4192,3.3542,1.5592,2.1505,4.3638,1.6027,2.7225,4.5956,0.48787,2.0152,2.8923,2.0149,1.8058,3.7921,1.1773,1.7204,3.7351,2.1924,2.6355,4.6013,1.329,1.6818,4.0726,1.3118,2.1379,3.1265,0.57068,2.0444,2.9408,0.57555,2.4084,2.7322,1.7147,2.4356,4.2308,2.1899,2.6113,4.6401,0.52375,2.0403,2.8859,1.5861,1.6743,3.3629,0.18414,3.0621,2.0311,0.70474,2.5802,2.6857,3.2051,2.7243,6.2272,0.33347,2.8803,3.0496,4.745,2.8765,0.45695,2.2487,2.2994,3.5217,1.2866,2.9817,4.1335,1.224,2.431,3.3912,1.0354,3.0338,3.8997,2.2908,2.2281,3.6845,1.1645,1.6702,3.7395,2.4403,2.3728,4.6015,2.4446,2.7108,4.0833,1.373,2.6701,4.3774,1.9149,1.7755,3.7981,1.2479,2.6456,3.7598,2.2843,2.4178,4.797,1.6041,2.552,3.5432,2.1685,2.2858,4.1717,0.73735,1.9611,3.2772,2.1789,2.423,3.5843,2.1987,2.3739,3.5243,2.2761,1.9956,5.0174,2.5689,2.2625,4.7793,2.2992,2.2584,3.7233,1.3456,1.5997,3.8907,2.1535,2.6233,4.5862,1.9214,1.8187,3.8013,0.7788,2.0889,4.1501,1.5869,1.7149,4.2378,2.2047,2.6295,4.6672,1.4483,2.3971,3.2651,6.1016,2.9267,2.4278,1.8582,1.7757,3.5552,1.8344,2.8531,4.1005,2.1676,1.9658,4.9194,1.2467,2.5947,4.449,2.0166,2.1547,4.8939,1.607,1.6497,3.9592,1.6173,2.0684,3.29,1.1025,2.6585,3.6293,1.0067,2.7679,3.8433,1.5046,2.5101,3.9307,1.1732,2.6784,3.6488,1.7932,1.6037,4.0644,0.95587,2.4604,2.8627,2.0275,2.1795,4.5121,0.42665,2.698,3.1762,1.0146,1.9149,4.2734,0.99476,2.2915,3.1319,1.7324,2.4186,4.6165,0.934,2.0161,2.8704,0.71674,1.9563,2.7365,1.5883,1.6375,3.9654,0.97672,2.4399,2.9234,1.3141,1.5541,3.8601,2.7217,2.5676,4.6129,1.064,2.2491,3.5387,1.2053,2.6856,3.7173,1.981,1.985,4.5343,1.01,1.9307,4.2666,1.8909,1.7029,3.4889,1.6605,2.5649,3.9936,2.1516,2.5295,4.845,2.0543,2.428,3.5902,1.4111,2.9903,3.6153,1.4646,1.5206,4.1767,0.5972,2.9785,3.6211,1.6134,1.6238,4.1947,0.72483,1.9782,2.7332,0.75292,2.2091,3.992,2.6243,2.57,4.5216,2.0761,2.0699,3.4091,1.4859,2.7639,3.6375,1.0241,2.3543,3.4981,2.6058,2.0956,4.6352,1.4475,1.7102,4.4343,1.5481,2.5673,3.6561,2.0633,2.4142,4.1558,2.6145,2.3239,4.8878,0.5923,2.5265,3.1177
1781.7,0.13181,122.78,15.703,0.241,829.66,1.429,1.7695,4.0951,1.2935,2.2518,4.2876,1.1195,1.9144,4.2406,2.4234,2.6198,4.2947,0.85432,2.0054,4.3181,1.5173,2.6003,3.8988,3.348,2.8078,6.2402,1.1016,1.9135,4.2512,1.7383,1.565,4.1913,1.307,2.2235,4.3664,0.8099,2.0508,4.2113,3.0183,2.8256,4.5848,5.4375,2.6214,1.1717,1.345,2.6626,3.7251,0.84835,2.1251,2.9754,2.5878,2.1826,4.6684,1.4357,1.6142,3.9428,0.59986,2.6646,3.7202,2.0707,1.7615,3.5437,1.0473,2.3792,3.1996,0.062274,2.3144,3.2685,1.7463,1.6678,3.4341,1.8354,2.6906,4.0875,1.8031,1.744,3.4291,1.4232,1.5838,3.969,0.39147,2.1849,3.1032,2.1355,2.4156,4.5074,1.4484,1.719,3.2056,0.82079,1.9634,2.7533,3.3578,2.823,6.203,2.0965,1.8079,3.5576,1.1129,2.7286,3.0369,1.8613,2.6002,4.1059,0.69576,1.9687,2.8226,1.0311,2.3958,3.1566,1.9577,1.9229,4.5846,1.7549,1.6076,3.9125,0.53943,2.1888,3.7941,1.2154,2.5928,3.7879,0.86946,2.1516,3.1286,2.7362,2.3809,4.5226,2.2302,2.2534,4.8584,1.5379,1.6827,3.9714,1.9294,1.9353,4.5479,1.5352,2.2279,3.2379,0.67909,2.2157,2.9781,2.4833,2.4638,4.4786,1.8477,2.6041,4.6161,1.7905,2.6096,4.5864,2.7562,2.422,4.6216,1.2689,2.573,3.8345,1.8216,2.3015,4.4315,1.815,2.9435,3.7344,0.67457,2.4803,2.6294,1.4499,2.1433,4.6294,2.044,2.9619,3.9567,0.27431,2.4124,3.2775,1.6689,1.5612,4.0601,0.65063,2.0851,2.9902,2.2591,2.2711,4.6719,0.80526,2.5097,3.2797,0.87853,2.1669,3.1117,6.1576,2.8762,1.6801,2.126,2.0784,4.7672,2.715,2.4313,4.5846,2.523,2.2344,4.9942,1.9143,2.5804,4.1999,1.0798,1.7077,4.0608,4.6636,2.7904,0.52125,0.80349,2.1358,2.9698,1.3224,2.0891,4.3995,0.99318,2.1539,3.4099,2.0556,2.6346,4.2846,1.7629,1.5029,4.1103,1.3091,2.5247,3.1752,0.80749,2.5188,3.6943,2.1048,1.8275,3.6338,1.5127,2.4989,3.4348,1.5941,2.5975,3.6825,1.5868,1.5914,4.2375,1.8508,2.6151,4.2772,1.9599,2.6238,4.4242,3.6226,2.7212,0.076094,1.7668,1.4951,4.0963,1.8586,1.9987,3.4866,2.0169,2.9276,4.8335,1.2838,2.5402,3.2477,2.5708,2.4349,4.8883,1.1077,2.6251,3.9989,1.5232,2.4731,3.4585,1.0812,1.8488,4.0564,1.7071,1.5208,4.0406,1.8022,1.9852,3.4037,0.27632,2.8972,3.3365,2.9692,2.2844,4.7244,1.2876,1.947,4.2393,1.3596,2.6284,3.5603,1.3854,2.4765,3.3613,1.9182,1.8737,3.6182,1.9488,2.5288,4.0917,0.99952,2.3065,3.1378,2.5441,1.975,5.1498,1.287,2.6298,3.4747,1.2968,2.5097,3.2607,0.48044,2.8915,3.5215,0.60497,1.8717,2.71,1.5768,1.9644,4.5345,1.4574,1.7489,4.1585,5.1718,2.8262,1.4701,0.7993,2.0825,2.835,1.0963,2.6835,4.0299,2.3129,2.4879,3.6074,2.4729,2.3686,4.7516,2.9912,2.6206,4.6718,2.0997,2.5031,4.4371,2.3812,2.2085,4.3397,0.69162,2.1424,3.1515,0.61623,2.4045,3.1899,0.58623,2.14,3.6956,2.3924,2.4024,4.5521,1.0127,2.4031,3.1174,1.2086,1.6566,4.2468,1.6307,2.0392,3.3713,5.8824,2.6291,1.6126,3.5079,2.8862,0.24855,0.84547,2.3654,3.0871,1.677,1.5978,4.0467,1.5324,1.9198,3.1736,0.78536,2.4189,2.9639,2.1555,2.3065,4.7881,1.2544,2.571,3.221,1.0274,1.9357,3.5091,0.35842,1.9869,3.3457,1.7621,1.996,3.3507,2.411,2.2004,4.308,2.2586,2.1172,5.0133,1.2261,1.6239,3.8519,0.7071,1.9763,2.8065,2.2657,2.1468,5.0611,2.4202,2.2795,4.6374,1.5805,2.495,3.9646,4.5185,2.8245,0.45939,1.9687,2.5028,4.0555,0.79841,1.9458,4.1071,1.4231,2.667,4.3273,3.9083,2.7713,0.2027,1.5777,1.7061,3.3164,0.19371,2.2953,3.2121,5.1019,2.8274,1.0836,0.73876,2.7012,3.4514,1.4074,2.5485,3.0449,2.2021,2.0561,4.913,1.4464,1.9762,4.4456,1.5292,1.6288,3.3298,1.4345,2.9057,3.3713,0.6706,2.3878,3.0288,0.86826,2.4283,3.0577,0.24086,2.5911,3.3078,1.7005,2.3821,4.2357,0.68731,2.412,2.9534,0.96361,2.3578,3.5071,1.3923,1.744,4.2617,0.31721,2.3375,3.3432,1.5248,1.5802,3.3177,0.64302,2.3977,3.0021,3.49,2.8361,0.16273,1.8892,2.5494,3.9898,2.0973,2.2012,4.694,2.2281,2.7401,4.7959,1.9268,1.8309,3.8039,1.2854,1.6817,3.7341,2.2327,2.0858,4.9852,1.3411,2.5761,3.8587,0.9883,3.0473,2.8063,4.8135,2.8709,0.52035,1.4416,2.7095,4.4722,1.9443,1.8724,3.8785,1.3898,2.6591,3.0468,0.7219,2.712,3.3726,1.1012,2.8753,4.2765,0.87605,2.545,2.8299,0.68207,2.0642,2.8963,0.53997,2.4195,3.3539,1.5595,2.1481,4.3687,1.6109,2.7228,4.6011,0.48413,2.0167,2.8856,2.0159,1.8034,3.7921,1.1763,1.7156,3.7383,2.1902,2.6339,4.5968,1.3267,1.6854,4.0694,1.3089,2.1367,3.1248,0.56821,2.0462,2.9357,0.57943,2.407,2.7382,1.7189,2.4416,4.2331,2.1847,2.6082,4.6322,0.52109,2.0412,2.8812,1.5869,1.674,3.3646,0.16428,3.0624,2.009,0.70563,2.5839,2.6853,3.2161,2.7222,6.2389,0.34823,2.8794,3.0666,4.7489,2.874,0.46229,2.2481,2.2958,3.5162,1.287,2.9784,4.1351,1.2183,2.4332,3.3878,1.0312,3.0325,3.8982,2.2886,2.228,3.6804,1.1629,1.6632,3.7433,2.4403,2.3734,4.602,2.4398,2.7116,4.0854,1.3756,2.67,4.3769,1.9157,1.7692,3.7961,1.2503,2.6422,3.7618,2.2831,2.4169,4.7912,1.6024,2.5516,3.5492,2.1693,2.2901,4.1758,0.73497,1.964,3.273,2.1742,2.4236,3.5782,2.1942,2.3721,3.5158,2.2783,1.9964,5.0183,2.5663,2.2616,4.7788,2.2965,2.26,3.7206,1.3449,1.5998,3.8911,2.1457,2.619,4.5754,1.9227,1.8139,3.7983,0.7792,2.0869,4.156,1.5859,1.7118,4.2368,2.1985,2.6263,4.6586,1.4487,2.3979,3.2655,6.1088,2.928,2.4364,1.8596,1.7749,3.5573,1.8325,2.847,4.097,2.1724,1.9656,4.9234,1.2493,2.595,4.4538,2.0208,2.1556,4.8948,1.6071,1.6459,3.9592,1.6188,2.0706,3.2879,1.1032,2.6564,3.6289,1.0076,2.7665,3.8415,1.5083,2.512,3.9345,1.1737,2.676,3.6474,1.7913,1.5991,4.0639,0.95719,2.4609,2.8652,2.0328,2.1834,4.5174,0.43636,2.6934,3.1851,1.0117,1.9131,4.2732,0.99525,2.2908,3.1344,1.7363,2.419,4.6179,0.93206,2.0144,2.8702,0.7161,1.9554,2.7363,1.5878,1.6345,3.9654,0.97763,2.44,2.9275,1.3114,1.5521,3.8612,2.7206,2.5672,4.6129,1.0623,2.2541,3.5345,1.2076,2.6824,3.7189,1.9815,1.9853,4.5369,1.008,1.9292,4.2675,1.8927,1.7039,3.4905,1.6602,2.5666,3.9932,2.1534,2.5291,4.8431,2.0505,2.43,3.5856,1.4204,2.9865,3.6243,1.4651,1.5227,4.1751,0.59299,2.9779,3.6179,1.6142,1.6211,4.1936,0.72435,1.9774,2.733,0.75474,2.2104,3.9931,2.6225,2.5691,4.5225,2.0796,2.0678,3.4094,1.4894,2.7596,3.6429,1.0209,2.3598,3.4927,2.6095,2.0992,4.6426,1.4462,1.7104,4.4351,1.547,2.5673,3.6596,2.0641,2.4181,4.1593,2.6127,2.3228,4.8854,0.59656,2.527,3.122
1781.7,0.13181,122.78,15.703,0.24993,846.49,1.4264,1.7669,4.0935,1.2958,2.2523,4.2913,1.1163,1.9123,4.2397,2.4218,2.6186,4.2961,0.85374,2.0049,4.32,1.5173,2.6027,3.8986,3.358,2.8054,6.2534,1.0979,1.9111,4.2516,1.7386,1.5612,4.1889,1.307,2.223,4.3708,0.80902,2.0505,4.2123,3.021,2.8251,4.5863,5.4325,2.6159,1.1681,1.3447,2.6612,3.7244,0.8448,2.1239,2.9736,2.5915,2.1857,4.6752,1.4335,1.6134,3.9436,0.59625,2.6672,3.7125,2.0733,1.7609,3.5461,1.0414,2.3792,3.1976,0.054546,2.3149,3.2577,1.7448,1.6664,3.436,1.8323,2.6873,4.0846,1.8039,1.7452,3.4304,1.422,1.5826,3.9695,0.39212,2.1856,3.1011,2.1373,2.4163,4.5091,1.4471,1.7209,3.2055,0.81986,1.9637,2.7534,3.3734,2.8212,6.2196,2.1013,1.8083,3.5616,1.1172,2.7296,3.0428,1.8637,2.6009,4.1104,0.69679,1.9709,2.8231,1.0279,2.3947,3.1579,1.9607,1.9229,4.5883,1.7569,1.6071,3.9137,0.54204,2.1875,3.7976,1.2188,2.5948,3.7915,0.86629,2.1532,3.1259,2.741,2.3823,4.5274,2.2354,2.2556,4.8641,1.54,1.6822,3.9724,1.932,1.9357,4.5501,1.5373,2.2289,3.2373,0.67611,2.2181,2.9753,2.4849,2.4657,4.4836,1.8437,2.6047,4.6048,1.787,2.6099,4.5774,2.7646,2.4242,4.6339,1.268,2.5747,3.8308,1.8278,2.3042,4.4362,1.8119,2.9407,3.731,0.67845,2.4809,2.6326,1.4444,2.1469,4.6264,2.0443,2.9578,3.9561,0.27125,2.4124,3.2737,1.6695,1.56,4.0592,0.64904,2.0854,2.9879,2.2585,2.2716,4.6709,0.80593,2.5062,3.2849,0.87656,2.1682,3.1096,6.1545,2.875,1.6762,2.1321,2.0809,4.7734,2.7202,2.4329,4.5933,2.5217,2.2307,4.9909,1.9135,2.5773,4.1985,1.0796,1.7035,4.0643,4.6632,2.7858,0.52133,0.80191,2.1363,2.969,1.3239,2.089,4.4033,0.99037,2.1567,3.4063,2.0508,2.6313,4.2792,1.7653,1.4994,4.1086,1.3134,2.5241,3.1765,0.80955,2.5211,3.692,2.1071,1.8245,3.6311,1.5111,2.5011,3.4361,1.5948,2.5991,3.6887,1.5844,1.5917,4.237,1.8469,2.6107,4.2712,1.9583,2.6192,4.4217,3.6314,2.7182,0.083836,1.7695,1.4916,4.0935,1.8649,1.9981,3.4892,2.0125,2.9271,4.8289,1.2866,2.5403,3.2508,2.5692,2.4347,4.8854,1.1089,2.6255,3.9951,1.5211,2.4746,3.4594,1.078,1.8482,4.0562,1.7093,1.5189,4.0394,1.8066,1.9838,3.4038,0.27811,2.8954,3.3379,2.9713,2.2828,4.727,1.286,1.9466,4.2407,1.362,2.6279,3.5666,1.3833,2.4776,3.363,1.9215,1.8702,3.6162,1.9496,2.532,4.096,0.99663,2.3069,3.1368,2.5435,1.9741,5.1498,1.2892,2.6291,3.4803,1.2918,2.5108,3.2586,0.48537,2.8891,3.5259,0.60359,1.8721,2.7057,1.5713,1.9627,4.5343,1.4571,1.7461,4.1592,5.1619,2.8233,1.459,0.79828,2.0819,2.8357,1.0967,2.6852,4.0272,2.3191,2.4862,3.6087,2.4702,2.3665,4.7465,2.9981,2.6174,4.6766,2.0992,2.5036,4.4357,2.3831,2.2128,4.3459,0.68729,2.1458,3.1441,0.62423,2.4028,3.1981,0.58649,2.1401,3.6955,2.394,2.4013,4.5566,1.0199,2.4014,3.1244,1.206,1.66,4.2445,1.6275,2.0391,3.368,5.8725,2.6258,1.6022,3.5105,2.8843,0.25176,0.84283,2.364,3.0875,1.6773,1.5968,4.0457,1.5342,1.9215,3.1741,0.78541,2.4175,2.9658,2.157,2.3052,4.7852,1.257,2.5721,3.2247,1.028,1.934,3.5097,0.3545,1.9878,3.349,1.7649,1.9942,3.348,2.4144,2.2055,4.315,2.2622,2.115,5.0139,1.2234,1.6211,3.8519,0.70699,1.976,2.8068,2.2689,2.1452,5.0623,2.423,2.2817,4.6423,1.5805,2.4992,3.9641,4.525,2.8194,0.46781,1.9698,2.5089,4.0585,0.79752,1.9458,4.1066,1.4303,2.6697,4.3289,3.9184,2.7686,0.21417,1.5805,1.7106,3.318,0.19185,2.2952,3.2076,5.1036,2.8221,1.0875,0.74041,2.699,3.4527,1.4094,2.5499,3.0443,2.2059,2.0536,4.913,1.4443,1.972,4.4481,1.5293,1.6284,3.3312,1.4359,2.9055,3.3703,0.67566,2.3862,3.0364,0.86635,2.4276,3.0593,0.24029,2.5901,3.3051,1.7044,2.3864,4.2402,0.6938,2.4113,2.9602,0.95881,2.3643,3.4998,1.3921,1.7422,4.2599,0.31674,2.3379,3.3411,1.5246,1.5783,3.3193,0.64766,2.3966,3.0091,3.5008,2.834,0.17447,1.886,2.5492,3.9895,2.1017,2.2012,4.6971,2.2164,2.7377,4.7804,1.9277,1.8249,3.8015,1.2851,1.6782,3.7352,2.2355,2.0836,4.9854,1.3395,2.5744,3.8547,0.97967,3.0469,2.7971,4.8156,2.8672,0.52389,1.4457,2.7091,4.4741,1.9464,1.8697,3.8791,1.3942,2.66,3.0533,0.72718,2.7104,3.3786,1.1068,2.8735,4.2817,0.88383,2.5461,2.8364,0.68281,2.0676,2.8959,0.5415,2.4199,3.3534,1.5597,2.1458,4.3737,1.6187,2.723,4.6061,0.48068,2.0179,2.8794,2.0169,1.8012,3.7921,1.1752,1.7111,3.7413,2.1884,2.6323,4.5925,1.3245,1.6887,4.0664,1.306,2.1354,3.1232,0.56582,2.0478,2.9308,0.58329,2.4055,2.7441,1.7227,2.4472,4.235,2.1798,2.6051,4.6246,0.5186,2.0418,2.8767,1.5876,1.6737,3.3663,0.14488,3.0627,1.9874,0.70619,2.5877,2.6846,3.2264,2.7201,6.2494,0.36277,2.8783,3.0832,4.7526,2.8717,0.4676,2.2477,2.2923,3.5111,1.287,2.9751,4.1363,1.2131,2.435,3.3847,1.0268,3.031,3.8967,2.2863,2.2279,3.6762,1.1613,1.6562,3.747,2.4403,2.3741,4.6025,2.4352,2.7124,4.0877,1.378,2.6698,4.3765,1.9164,1.7632,3.7944,1.2526,2.6388,3.7637,2.2822,2.4162,4.7856,1.6008,2.5512,3.5549,2.17,2.2944,4.1801,0.73265,1.9666,3.2691,2.1694,2.4243,3.5722,2.1897,2.3702,3.5074,2.2804,1.9972,5.0191,2.5636,2.2605,4.7784,2.2938,2.2616,3.718,1.3444,1.5996,3.8916,2.1381,2.6149,4.565,1.9241,1.8091,3.7954,0.77963,2.0848,4.1618,1.5849,1.7086,4.2358,2.1926,2.6231,4.6504,1.4492,2.3987,3.2659,6.116,2.9292,2.4451,1.8612,1.7741,3.5592,1.831,2.8413,4.0938,2.177,1.9653,4.9271,1.252,2.5953,4.4583,2.0249,2.1567,4.8957,1.6072,1.6423,3.9591,1.6203,2.0728,3.2859,1.1037,2.6546,3.6284,1.0085,2.7651,3.8396,1.5118,2.5137,3.9383,1.1742,2.6738,3.646,1.7894,1.5948,4.0635,0.9585,2.4616,2.8678,2.0379,2.1873,4.5224,0.44562,2.6888,3.1936,1.0088,1.9115,4.273,0.99568,2.2903,3.1368,1.7402,2.4195,4.6195,0.9301,2.0128,2.8697,0.71544,1.9545,2.736,1.5873,1.6318,3.9654,0.97845,2.4401,2.9315,1.3088,1.5502,3.8624,2.7194,2.5668,4.6128,1.0606,2.2591,3.5304,1.2097,2.6795,3.7205,1.9822,1.9858,4.5393,1.0061,1.9276,4.2683,1.8946,1.705,3.4921,1.6599,2.5682,3.9927,2.1551,2.5286,4.8411,2.047,2.4322,3.5811,1.4297,2.9827,3.6332,1.4656,1.5248,4.1735,0.58867,2.9773,3.6145,1.6151,1.6184,4.1925,0.72386,1.9768,2.7329,0.75646,2.2119,3.9941,2.6209,2.5684,4.5235,2.0832,2.0659,3.4098,1.4931,2.7554,3.6484,1.018,2.3648,3.4876,2.6133,2.1027,4.6498,1.4448,1.7108,4.4359,1.5459,2.5674,3.663,2.0647,2.4218,4.1627,2.611,2.3218,4.8831,0.60074,2.5275,3.1263
1781.7,0.13181,122.78,15.703,0.25885,862.54,1.4237,1.7643,4.0919,1.298,2.2527,4.295,1.1132,1.9102,4.2387,2.4202,2.6174,4.2974,0.85315,2.0043,4.3218,1.5173,2.605,3.8984,3.368,2.8028,6.2707,1.0942,1.9086,4.2519,1.7389,1.5574,4.1866,1.307,2.2224,4.3751,0.80824,2.0503,4.2134,3.0233,2.8244,4.5875,5.4278,2.6107,1.1646,1.3444,2.6599,3.7234,0.84131,2.1227,2.9718,2.5952,2.1886,4.6818,1.4313,1.6125,3.9445,0.59276,2.6699,3.705,2.0759,1.7601,3.5487,1.0354,2.3793,3.1952,0.046917,2.3154,3.2472,1.7434,1.665,3.438,1.8295,2.6839,4.082,1.8047,1.7464,3.4317,1.4209,1.5814,3.9697,0.39274,2.1864,3.099,2.139,2.4171,4.5108,1.4458,1.7229,3.2054,0.81894,1.9639,2.7536,3.3892,2.8192,6.235,2.1061,1.8085,3.5657,1.1214,2.7306,3.0486,1.8663,2.6015,4.1152,0.69771,1.9729,2.8233,1.0248,2.3936,3.1592,1.9636,1.9228,4.592,1.7589,1.607,3.915,0.54473,2.1863,3.8014,1.2222,2.5968,3.7951,0.86318,2.1549,3.1231,2.7457,2.3839,4.5319,2.2406,2.2578,4.87,1.542,1.6815,3.9735,1.9345,1.9361,4.5523,1.5394,2.2301,3.2365,0.6733,2.2206,2.9726,2.4867,2.4678,4.4886,1.8397,2.6053,4.5936,1.7835,2.6101,4.5684,2.773,2.4263,4.6462,1.267,2.5764,3.8269,1.8342,2.3071,4.441,1.8089,2.938,3.7278,0.68212,2.4817,2.6355,1.4387,2.1507,4.623,2.0448,2.9537,3.9556,0.26812,2.4124,3.2698,1.6698,1.559,4.0582,0.64752,2.0856,2.9858,2.2576,2.2719,4.6697,0.80625,2.5026,3.2898,0.87461,2.1695,3.1076,6.1519,2.8739,1.6727,2.1381,2.0834,4.7795,2.7251,2.4344,4.6017,2.5203,2.2267,4.9878,1.9129,2.5746,4.1974,1.0795,1.6992,4.068,4.6624,2.7817,0.52128,0.80056,2.1368,2.9686,1.3255,2.0889,4.4071,0.98752,2.1594,3.4027,2.046,2.628,4.274,1.7678,1.4958,4.1066,1.3176,2.5234,3.1776,0.81159,2.5234,3.6897,2.1094,1.8214,3.6284,1.5099,2.5032,3.4381,1.5958,2.6006,3.695,1.5817,1.592,4.2365,1.843,2.6063,4.2653,1.9569,2.6146,4.4191,3.6402,2.7151,0.091501,1.7722,1.4877,4.0907,1.8711,1.9973,3.4919,2.0078,2.9263,4.824,1.2893,2.5404,3.2536,2.5676,2.4345,4.8825,1.1101,2.6258,3.9915,1.519,2.4761,3.4603,1.0748,1.8473,4.0561,1.7115,1.517,4.0382,1.8108,1.9825,3.404,0.27996,2.8935,3.3392,2.9734,2.2813,4.7296,1.2844,1.9462,4.242,1.3645,2.6273,3.5729,1.3813,2.4787,3.3647,1.9248,1.8667,3.6142,1.9505,2.5351,4.1001,0.99374,2.3072,3.1358,2.5428,1.9732,5.1498,1.2914,2.6283,3.486,1.2868,2.5119,3.2565,0.49007,2.8867,3.5299,0.60229,1.8725,2.7018,1.5658,1.9611,4.5341,1.4568,1.7433,4.1601,5.1522,2.8204,1.4482,0.7973,2.0812,2.8366,1.0971,2.6869,4.0245,2.3254,2.4845,3.6103,2.4675,2.3644,4.7416,3.0047,2.6141,4.681,2.0989,2.504,4.4345,2.3852,2.2168,4.3521,0.68301,2.149,3.1367,0.63215,2.4011,3.2062,0.58682,2.1401,3.6955,2.3958,2.4004,4.5613,1.0268,2.3997,3.1313,1.2036,1.6634,4.2422,1.6243,2.039,3.3647,5.863,2.6226,1.5923,3.5125,2.8824,0.25435,0.84006,2.3628,3.0876,1.6775,1.5958,4.0447,1.536,1.9232,3.1747,0.78541,2.416,2.9676,2.1584,2.304,4.7824,1.2596,2.5733,3.2284,1.0288,1.932,3.5105,0.35066,1.9887,3.3518,1.7677,1.9924,3.3454,2.418,2.2105,4.3222,2.2657,2.1128,5.0146,1.2206,1.6184,3.8519,0.70681,1.9757,2.8069,2.272,2.1436,5.0634,2.4259,2.2839,4.6471,1.5804,2.5032,3.9634,4.5315,2.8144,0.47602,1.9708,2.5149,4.0614,0.79666,1.9458,4.1062,1.4374,2.6724,4.3306,3.9283,2.766,0.22534,1.5832,1.7149,3.3196,0.19014,2.2951,3.2035,5.1055,2.8168,1.0916,0.74184,2.6967,3.4538,1.4113,2.5512,3.0434,2.2097,2.0513,4.9131,1.4423,1.968,4.4507,1.5294,1.628,3.3327,1.4373,2.9054,3.3694,0.68052,2.3846,3.0437,0.8644,2.4268,3.0609,0.23964,2.5891,3.3023,1.7084,2.3904,4.2445,0.70013,2.4105,2.9669,0.9539,2.3706,3.4924,1.3918,1.7405,4.2581,0.31619,2.3382,3.3389,1.5245,1.5764,3.3207,0.65214,2.3956,3.0159,3.5113,2.832,0.18583,1.8831,2.5492,3.9895,2.1059,2.2011,4.7003,2.2052,2.7352,4.7654,1.9286,1.819,3.7992,1.2849,1.6749,3.7364,2.2383,2.0816,4.9855,1.3381,2.5727,3.8508,0.97069,3.0466,2.7874,4.8174,2.8636,0.52727,1.4495,2.7088,4.4758,1.9486,1.8669,3.8798,1.3984,2.661,3.0597,0.73208,2.7088,3.3841,1.1125,2.8717,4.2868,0.89127,2.5473,2.8425,0.68354,2.0709,2.8955,0.54318,2.4202,3.3529,1.5599,2.1434,4.3786,1.6261,2.7231,4.6109,0.47737,2.0191,2.8733,2.0178,1.799,3.7921,1.1742,1.7064,3.7442,2.1868,2.6308,4.5886,1.3222,1.692,4.0635,1.3031,2.1342,3.1215,0.56351,2.0494,2.926,0.58706,2.4042,2.75,1.7265,2.4527,4.2367,2.175,2.6021,4.6172,0.5162,2.0424,2.8726,1.5884,1.6736,3.3681,0.12517,3.0629,1.9655,0.70649,2.5915,2.6835,3.2363,2.7179,6.2581,0.37708,2.8772,3.0997,4.7564,2.8696,0.47288,2.2474,2.2888,3.506,1.2869,2.972,4.1372,1.2079,2.4368,3.3817,1.0219,3.0297,3.8945,2.2841,2.2279,3.6721,1.1597,1.6494,3.7506,2.4403,2.3747,4.603,2.4309,2.7132,4.09,1.3803,2.6697,4.3758,1.9173,1.7573,3.7928,1.2548,2.6355,3.7656,2.2813,2.4154,4.7804,1.5991,2.5509,3.5606,2.1709,2.2986,4.1843,0.73034,1.9693,3.2651,2.165,2.4249,3.5663,2.1855,2.3684,3.4992,2.2824,1.9979,5.0196,2.5612,2.2594,4.7779,2.2911,2.2632,3.7154,1.3439,1.5994,3.892,2.1309,2.6108,4.5551,1.9254,1.8043,3.7925,0.78004,2.0828,4.1676,1.5838,1.7057,4.2348,2.1867,2.62,4.6423,1.4496,2.3996,3.2662,6.1233,2.9304,2.4539,1.8627,1.7733,3.5611,1.8297,2.8356,4.091,2.1813,1.9651,4.9306,1.2544,2.5955,4.4629,2.0288,2.1578,4.8966,1.6072,1.6389,3.959,1.6219,2.0749,3.2839,1.1043,2.6528,3.628,1.0094,2.7638,3.8376,1.5152,2.5154,3.942,1.1746,2.6716,3.6447,1.7875,1.5907,4.0631,0.95987,2.4622,2.8704,2.043,2.191,4.5274,0.45452,2.6842,3.2016,1.006,1.9098,4.2727,0.99608,2.2898,3.139,1.744,2.4197,4.621,0.92818,2.0113,2.8694,0.71483,1.9535,2.7359,1.5868,1.6291,3.9654,0.97921,2.4403,2.9353,1.3061,1.5484,3.8635,2.7181,2.5664,4.6126,1.0589,2.2641,3.5264,1.2118,2.6766,3.7219,1.9828,1.986,4.5418,1.0043,1.9262,4.2692,1.8965,1.7061,3.4938,1.6596,2.5698,3.9924,2.157,2.5283,4.8392,2.0436,2.4344,3.5769,1.4387,2.9788,3.6419,1.466,1.5267,4.1719,0.58432,2.9765,3.611,1.6161,1.616,4.1914,0.72338,1.976,2.7329,0.75811,2.2133,3.995,2.6193,2.5676,4.5245,2.0867,2.0639,3.4102,1.4966,2.7513,3.6537,1.0151,2.3697,3.4827,2.617,2.106,4.6568,1.4436,1.7113,4.4367,1.5448,2.5676,3.6663,2.0653,2.4254,4.166,2.6094,2.3207,4.8808,0.60482,2.528,3.1304
1781.7,0.13181,122.78,15.703,0.26778,879.15,1.4211,1.7619,4.0903,1.3001,2.2532,4.2986,1.1102,1.9082,4.2377,2.4187,2.6163,4.299,0.85256,2.0038,4.3236,1.5173,2.6072,3.8981,3.3777,2.8001,0.048346,1.0907,1.9061,4.2522,1.7393,1.554,4.1844,1.3068,2.2218,4.3794,0.8075,2.0501,4.2147,3.0255,2.8238,4.5887,5.4235,2.6056,1.1618,1.344,2.6588,3.7224,0.83787,2.1214,2.97,2.5987,2.1914,4.6882,1.4292,1.6118,3.9452,0.58929,2.6722,3.6975,2.0785,1.7595,3.5512,1.0292,2.3794,3.1927,0.039466,2.3158,3.237,1.7419,1.6636,3.4399,1.8268,2.6808,4.0797,1.8054,1.7476,3.433,1.4197,1.5803,3.9699,0.39338,2.187,3.097,2.1408,2.4178,4.5125,1.4444,1.7248,3.2053,0.81802,1.964,2.7538,3.4051,2.8172,6.2369,2.1109,1.8086,3.5699,1.1257,2.7316,3.0544,1.8689,2.6022,4.1199,0.69853,1.9749,2.8235,1.0216,2.3926,3.1603,1.9668,1.9227,4.5957,1.7606,1.607,3.9162,0.54754,2.185,3.8051,1.2257,2.5985,3.7988,0.86023,2.1565,3.1206,2.7501,2.3853,4.5361,2.2457,2.2597,4.8755,1.5438,1.6808,3.9744,1.9371,1.9365,4.5544,1.5417,2.2312,3.236,0.67085,2.2227,2.9706,2.4882,2.4695,4.4934,1.8355,2.6059,4.5825,1.7802,2.6104,4.5596,2.7809,2.4282,4.6577,1.2659,2.578,3.823,1.8405,2.3099,4.4456,1.8057,2.9355,3.7246,0.68549,2.4824,2.6382,1.433,2.1545,4.6196,2.0456,2.9496,3.9555,0.26514,2.4124,3.2662,1.6703,1.5579,4.0573,0.64608,2.0857,2.9839,2.2567,2.2722,4.6685,0.80605,2.4992,3.2942,0.87282,2.1707,3.1058,6.1497,2.8727,1.6699,2.144,2.0855,4.7852,2.7295,2.4358,4.6093,2.5191,2.2229,4.985,1.9125,2.5723,4.1964,1.0792,1.6952,4.0715,4.6613,2.7779,0.52085,0.79938,2.1373,2.9683,1.3273,2.0889,4.4107,0.98465,2.1623,3.3992,2.0414,2.625,4.269,1.7703,1.4925,4.1047,1.3219,2.5229,3.1787,0.81363,2.5255,3.6875,2.1116,1.8183,3.6257,1.5089,2.5051,3.4404,1.597,2.6021,3.7015,1.5789,1.5925,4.2361,1.8396,2.6023,4.2598,1.9556,2.6104,4.4169,3.6487,2.7121,0.098878,1.7751,1.4837,4.0877,1.8773,1.9967,3.4945,2.003,2.9257,4.8189,1.2919,2.5406,3.2564,2.566,2.4343,4.8796,1.1113,2.6261,3.9879,1.5171,2.4776,3.4613,1.0718,1.8464,4.0561,1.7136,1.5154,4.0369,1.8152,1.981,3.4043,0.28189,2.8917,3.3406,2.9753,2.2798,4.732,1.2827,1.9458,4.2434,1.3671,2.6269,3.5791,1.3794,2.4798,3.3665,1.9279,1.8633,3.6125,1.9512,2.538,4.1042,0.99088,2.3075,3.1348,2.5423,1.9725,5.1498,1.2936,2.6277,3.4915,1.2819,2.5129,3.2546,0.49463,2.8843,3.5338,0.60112,1.8728,2.698,1.5604,1.9594,4.5336,1.4564,1.7405,4.1607,5.1429,2.8176,1.4378,0.79636,2.0807,2.8373,1.0974,2.6885,4.0217,2.3315,2.4827,3.612,2.4651,2.3626,4.737,3.0111,2.611,4.685,2.0986,2.5045,4.4332,2.3871,2.221,4.3582,0.67893,2.152,3.1299,0.6396,2.3996,3.2137,0.58721,2.1401,3.6955,2.3976,2.3994,4.5657,1.0334,2.3982,3.1377,1.2013,1.6668,4.2401,1.6211,2.0388,3.3614,5.854,2.6194,1.5829,3.514,2.8805,0.25634,0.83718,2.3616,3.0875,1.6778,1.595,4.0438,1.5378,1.925,3.1753,0.78539,2.4145,2.9694,2.1601,2.3028,4.7799,1.262,2.5746,3.2318,1.0294,1.9301,3.5112,0.34712,1.9896,3.3547,1.7707,1.9905,3.343,2.4219,2.2156,4.3298,2.2691,2.1106,5.0153,1.2178,1.6157,3.8518,0.70654,1.9752,2.8069,2.275,2.1419,5.0645,2.4287,2.2858,4.6518,1.5804,2.507,3.9629,4.5376,2.8095,0.48398,1.9719,2.5207,4.0644,0.79587,1.9458,4.1059,1.444,2.6751,4.3321,3.9378,2.7634,0.23605,1.5861,1.7192,3.3214,0.18868,2.295,3.1996,5.1074,2.8118,1.0958,0.743,2.6947,3.4545,1.413,2.5526,3.0425,2.2135,2.0489,4.9133,1.4403,1.9641,4.4532,1.5295,1.6275,3.3342,1.4387,2.9053,3.3683,0.685,2.3831,3.0504,0.8625,2.4261,3.0626,0.23903,2.5882,3.2996,1.7122,2.3942,4.2487,0.70637,2.4099,2.9735,0.94901,2.3767,3.4849,1.3916,1.7386,4.2562,0.31558,2.3384,3.3368,1.5243,1.5744,3.3223,0.65642,2.3946,3.0224,3.5212,2.8301,0.19647,1.8801,2.5492,3.9894,2.1102,2.2009,4.7034,2.1945,2.7326,4.7509,1.9294,1.8131,3.7971,1.2845,1.6718,3.7375,2.2411,2.0797,4.9857,1.3367,2.5711,3.8471,0.96157,3.0463,2.7777,4.819,2.8602,0.53054,1.4531,2.7084,4.4774,1.9506,1.8641,3.8805,1.4026,2.6619,3.066,0.73663,2.7073,3.3891,1.1179,2.8698,4.2917,0.8984,2.5485,2.8484,0.68432,2.0741,2.8953,0.54466,2.4205,3.3522,1.5603,2.1411,4.3835,1.6331,2.7233,4.6153,0.47436,2.0202,2.8678,2.0188,1.797,3.7922,1.173,1.7021,3.7472,2.1853,2.6293,4.5851,1.3201,1.695,4.0606,1.3002,2.1328,3.1199,0.5613,2.0508,2.9214,0.59078,2.4028,2.7559,1.73,2.4579,4.2382,2.1706,2.5992,4.6102,0.51395,2.0429,2.8687,1.589,1.6734,3.3699,0.10576,3.0631,1.9441,0.70649,2.5954,2.6822,3.2456,2.716,6.2525,0.39123,2.8759,3.1159,4.7599,2.8677,0.4781,2.2473,2.2854,3.5012,1.2864,2.969,4.1376,1.2029,2.4385,3.3788,1.0169,3.0283,3.8921,2.282,2.2278,3.6679,1.1582,1.6427,3.7541,2.4403,2.3752,4.6035,2.4266,2.7138,4.0926,1.3824,2.6696,4.3752,1.9179,1.7516,3.7913,1.2569,2.6324,3.7672,2.2807,2.4149,4.7753,1.5975,2.5506,3.566,2.1718,2.3028,4.1886,0.72806,1.9719,3.2613,2.1606,2.4254,3.5604,2.1813,2.3663,3.4911,2.2841,1.9985,5.02,2.5589,2.2584,4.7775,2.2883,2.2648,3.7128,1.3434,1.5989,3.8923,2.1242,2.6069,4.5456,1.9268,1.7996,3.7897,0.78047,2.0809,4.1731,1.5828,1.7027,4.2338,2.1812,2.6169,4.6345,1.4501,2.4005,3.2665,6.1308,2.9315,2.4628,1.8643,1.7726,3.5629,1.8287,2.8303,4.0886,2.1856,1.9647,4.9338,1.2566,2.5958,4.4671,2.0326,2.1589,4.8972,1.6074,1.6357,3.959,1.6236,2.0768,3.2822,1.1048,2.651,3.6275,1.0101,2.7624,3.8356,1.5186,2.517,3.9456,1.175,2.6697,3.6433,1.7856,1.5867,4.0628,0.96125,2.4627,2.8729,2.0479,2.1945,4.5321,0.46298,2.6797,3.2093,1.0031,1.908,4.2724,0.99641,2.2894,3.1411,1.7479,2.4199,4.6226,0.92625,2.0098,2.8689,0.71424,1.9525,2.7358,1.5864,1.6268,3.9654,0.9799,2.4405,2.939,1.3033,1.5466,3.8645,2.7167,2.566,4.6123,1.0571,2.269,3.5223,1.2137,2.6737,3.7234,1.9835,1.9864,4.5442,1.0024,1.9246,4.27,1.8983,1.7071,3.4954,1.6594,2.5713,3.9919,2.1588,2.5279,4.8376,2.0404,2.4365,3.5728,1.4476,2.975,3.6505,1.4664,1.5286,4.1704,0.57996,2.9759,3.6077,1.6172,1.6138,4.1903,0.72291,1.9754,2.7327,0.75965,2.2148,3.9959,2.6176,2.567,4.5256,2.0901,2.062,3.4106,1.5,2.7474,3.6591,1.0123,2.3743,3.478,2.6206,2.1092,4.6635,1.4423,1.712,4.4373,1.5437,2.5678,3.6694,2.066,2.4288,4.1692,2.6077,2.3197,4.8786,0.60883,2.5286,3.1346
1781.7,0.13181,122.78,15.703,0.2767,894.96,1.4186,1.7597,4.0888,1.3023,2.2537,4.3022,1.1073,1.9062,4.2369,2.4173,2.6152,4.3005,0.85197,2.0033,4.3254,1.5173,2.6095,3.8977,3.3872,2.7975,3.3788,1.0871,1.9037,4.2525,1.7397,1.5508,4.182,1.3066,2.2212,4.3834,0.80684,2.0498,4.2159,3.0276,2.8231,4.5897,5.4194,2.6007,1.1593,1.3433,2.6578,3.7214,0.83449,2.1201,2.9682,2.602,2.1939,4.6943,1.427,1.6109,3.946,0.58598,2.6747,3.6903,2.0809,1.7588,3.5536,1.023,2.3796,3.19,0.032172,2.316,3.2272,1.7405,1.6621,3.4419,1.8244,2.6775,4.0775,1.8063,1.7488,3.4343,1.4184,1.5793,3.9699,0.39401,2.1878,3.0949,2.1425,2.4186,4.514,1.4431,1.7268,3.2052,0.81714,1.9639,2.7542,3.4211,2.8149,0.63999,2.1158,1.8088,3.574,1.1299,2.7326,3.06,1.8716,2.6029,4.1246,0.69923,1.9769,2.8236,1.0184,2.3916,3.1614,1.97,1.9225,4.5995,1.7624,1.6074,3.9174,0.55045,2.1837,3.8091,1.2292,2.6001,3.8025,0.85734,2.1581,3.1182,2.7543,2.3867,4.5399,2.2508,2.2618,4.8813,1.5457,1.6799,3.9754,1.9397,1.9369,4.5567,1.5441,2.2324,3.2355,0.6686,2.2249,2.9688,2.4898,2.4713,4.4982,1.8315,2.6064,4.5715,1.7768,2.6107,4.5508,2.7885,2.43,4.6688,1.2648,2.5797,3.8189,1.8468,2.3127,4.4502,1.8025,2.9331,3.7213,0.68867,2.4833,2.6406,1.4272,2.1583,4.616,2.0466,2.9456,3.9556,0.26222,2.4124,3.2625,1.6708,1.557,4.0565,0.64472,2.0857,2.9821,2.2558,2.2725,4.667,0.80545,2.4959,3.2981,0.87105,2.1718,3.104,6.1482,2.8715,1.6678,2.1495,2.0874,4.7906,2.7334,2.4371,4.6165,2.518,2.219,4.9827,1.9122,2.5702,4.1955,1.0788,1.691,4.075,4.6596,2.7746,0.51983,0.79846,2.1378,2.9685,1.329,2.0889,4.4143,0.98175,2.1649,3.3956,2.037,2.6221,4.264,1.7727,1.4889,4.1026,1.3259,2.5222,3.1795,0.81565,2.5277,3.6851,2.114,1.8153,3.6231,1.5084,2.507,3.443,1.5983,2.6035,3.7082,1.576,1.5931,4.2356,1.8361,2.5985,4.2543,1.9545,2.6063,4.4146,3.6572,2.7091,0.10618,1.7777,1.4794,4.0847,1.8835,1.9958,3.4972,1.9981,2.9248,4.8136,1.2944,2.5408,3.2588,2.5645,2.434,4.8767,1.1124,2.6265,3.9843,1.5151,2.4791,3.4624,1.0687,1.8454,4.0561,1.7158,1.5136,4.0358,1.8195,1.9797,3.4047,0.28388,2.8898,3.342,2.9772,2.2783,4.7342,1.281,1.9452,4.2447,1.3695,2.6264,3.5853,1.3775,2.4809,3.3683,1.9311,1.86,3.6108,1.9521,2.5406,4.1081,0.98802,2.3078,3.134,2.5416,1.9716,5.1497,1.2958,2.6272,3.497,1.277,2.5139,3.2525,0.49895,2.8819,3.5374,0.60002,1.873,2.6944,1.5548,1.9578,4.5331,1.456,1.7379,4.1616,5.1339,2.8149,1.4276,0.79548,2.08,2.8382,1.0975,2.69,4.0189,2.3375,2.4809,3.6137,2.4629,2.3608,4.7326,3.0173,2.6079,4.6888,2.0983,2.505,4.4321,2.3891,2.2249,4.3642,0.67487,2.1547,3.1233,0.64694,2.3981,3.221,0.58764,2.1401,3.6955,2.3995,2.3987,4.5703,1.0396,2.3968,3.1438,1.1989,1.6703,4.2379,1.6177,2.0386,3.3581,5.8453,2.6163,1.5738,3.5148,2.8787,0.2578,0.83415,2.3605,3.0871,1.678,1.5941,4.043,1.5397,1.9266,3.176,0.78532,2.413,2.9712,2.1618,2.3017,4.7775,1.2644,2.5759,3.2353,1.0301,1.9281,3.512,0.34367,1.9906,3.3572,1.7737,1.9886,3.3406,2.426,2.2207,4.3376,2.2724,2.1083,5.016,1.2151,1.6131,3.8516,0.70618,1.9747,2.8068,2.2779,2.1401,5.0656,2.4315,2.2878,4.6563,1.5803,2.5108,3.9622,4.5436,2.8046,0.49175,1.9729,2.5264,4.0672,0.79511,1.9458,4.1057,1.4507,2.6777,4.3335,3.947,2.761,0.24648,1.5891,1.7236,3.3231,0.18737,2.2949,3.1958,5.1096,2.8069,1.0999,0.74398,2.6926,3.455,1.4146,2.5541,3.0414,2.2173,2.0465,4.9135,1.4383,1.9602,4.4556,1.5296,1.6268,3.3357,1.4402,2.9051,3.3674,0.68931,2.3817,3.0569,0.86062,2.4254,3.0641,0.23837,2.5873,3.2969,1.716,2.3978,4.2527,0.71247,2.4091,2.9801,0.94407,2.3826,3.4775,1.3913,1.7366,4.2543,0.31492,2.3385,3.3346,1.5241,1.5724,3.3239,0.66054,2.3936,3.0287,3.5305,2.8281,0.2066,1.8773,2.5494,3.9894,2.1143,2.2007,4.7064,2.1843,2.7302,4.7368,1.9303,1.8074,3.7951,1.2843,1.6688,3.7384,2.2438,2.0778,4.986,1.3353,2.5697,3.8434,0.95214,3.046,2.7677,4.8205,2.8569,0.53375,1.4567,2.7079,4.4787,1.9528,1.8615,3.8812,1.4066,2.6627,3.0722,0.74086,2.7059,3.3938,1.1232,2.8679,4.2965,0.90522,2.5498,2.854,0.68512,2.0772,2.8951,0.54613,2.421,3.3515,1.5607,2.1385,4.3883,1.6397,2.7234,4.6194,0.47146,2.0211,2.8624,2.0195,1.7948,3.7922,1.1719,1.6977,3.75,2.1842,2.628,4.5819,1.3179,1.6978,4.0579,1.2974,2.1316,3.1182,0.55917,2.0521,2.9171,0.59441,2.4015,2.7616,1.7333,2.4628,4.2394,2.1665,2.5964,4.6034,0.5118,2.0433,2.8649,1.5897,1.6733,3.3717,0.086115,3.0633,1.9224,0.70624,2.5994,2.6805,3.2545,2.7139,0.64744,0.40524,2.8746,3.132,4.7635,2.8659,0.48329,2.2472,2.2819,3.4965,1.2857,2.9662,4.1379,1.198,2.44,3.376,1.0114,3.027,3.8894,2.2799,2.2277,3.6638,1.1566,1.6361,3.7577,2.4404,2.3759,4.6042,2.4228,2.7143,4.0952,1.3845,2.6694,4.3743,1.9188,1.746,3.79,1.259,2.6292,3.769,2.2801,2.4142,4.7702,1.596,2.5503,3.5716,2.1727,2.3067,4.1928,0.72578,1.9743,3.2575,2.1565,2.426,3.5547,2.1774,2.3643,3.4831,2.2857,1.999,5.0201,2.5564,2.2574,4.777,2.2856,2.2665,3.7102,1.343,1.5982,3.8928,2.1178,2.603,4.5365,1.9282,1.795,3.7871,0.78089,2.0789,4.1786,1.5817,1.6998,4.2329,2.1757,2.6139,4.6268,1.4506,2.4013,3.2668,6.1383,2.9326,2.4717,1.866,1.7719,3.5648,1.828,2.8249,4.0863,2.1895,1.9643,4.9367,1.2589,2.5962,4.4711,2.0364,2.1599,4.898,1.6075,1.6327,3.959,1.6253,2.0788,3.2804,1.1052,2.6493,3.627,1.0108,2.7609,3.8334,1.5219,2.5185,3.9493,1.1754,2.6677,3.642,1.7837,1.5829,4.0624,0.96268,2.4634,2.8754,2.0527,2.1979,4.5367,0.4711,2.6753,3.2166,1.0003,1.9063,4.2722,0.99672,2.2889,3.1431,1.7518,2.4202,4.6243,0.92437,2.0084,2.8685,0.7137,1.9516,2.7358,1.5859,1.6245,3.9654,0.98053,2.4408,2.9427,1.3007,1.5448,3.8656,2.7154,2.5655,4.6118,1.0554,2.2739,3.5184,1.2157,2.6709,3.7247,1.9842,1.9866,4.5466,1.0006,1.9231,4.2709,1.9002,1.7079,3.4971,1.659,2.5727,3.9915,2.1608,2.5276,4.836,2.0373,2.4387,3.5688,1.4562,2.971,3.659,1.4668,1.5304,4.169,0.57561,2.9752,3.6042,1.6183,1.6116,4.1893,0.72244,1.9747,2.7327,0.76113,2.2161,3.9965,2.6161,2.5663,4.5265,2.0935,2.06,3.4111,1.5033,2.7436,3.6644,1.0096,2.3785,3.4736,2.6242,2.1122,4.6702,1.4412,1.7128,4.4381,1.5427,2.5682,3.6724,2.0666,2.4321,4.1724,2.6061,2.3188,4.8764,0.61277,2.5291,3.1386
1781.7,0.13181,122.78,15.703,0.28563,911.02,1.4161,1.7576,4.0874,1.3043,2.2543,4.3058,1.1045,1.9043,4.236,2.416,2.6141,4.3023,0.85139,2.0029,4.327,1.5172,2.6116,3.8973,3.3967,2.7948,0.015356,1.0835,1.9014,4.2527,1.7401,1.5477,4.1797,1.3063,2.2206,4.3873,0.80623,2.0496,4.2173,3.0296,2.8225,4.5906,5.4157,2.5959,1.1572,1.3427,2.6569,3.7201,0.83114,2.1188,2.9664,2.6052,2.1963,4.7,1.4249,1.6102,3.9468,0.58281,2.6769,3.6832,2.0834,1.758,3.5561,1.0168,2.3798,3.1872,0.025052,2.3163,3.2178,1.739,1.6605,3.4439,1.822,2.6743,4.0756,1.8071,1.7499,3.4356,1.4173,1.5785,3.97,0.39463,2.1884,3.0929,2.1443,2.4194,4.5157,1.4419,1.729,3.2051,0.81628,1.9639,2.7545,3.437,2.8127,0.0055762,2.1207,1.8088,3.5783,1.134,2.7338,3.0656,1.8744,2.6036,4.1296,0.69984,1.9788,2.8236,1.0151,2.3907,3.1623,1.9732,1.9224,4.6033,1.7641,1.6081,3.9185,0.55346,2.1824,3.8132,1.2327,2.6017,3.8062,0.85454,2.1596,3.1159,2.7584,2.3881,4.5434,2.2559,2.2637,4.887,1.5475,1.679,3.9763,1.9424,1.9371,4.5589,1.5466,2.2337,3.2349,0.66667,2.2268,2.9676,2.4913,2.473,4.503,1.8275,2.6069,4.5607,1.7735,2.6109,4.5421,2.7956,2.4318,4.6792,1.2635,2.5813,3.8147,1.8532,2.3155,4.4548,1.7993,2.9309,3.718,0.6916,2.4841,2.6426,1.4212,2.1621,4.612,2.0479,2.9416,3.9561,0.25942,2.4125,3.2591,1.6712,1.5561,4.0556,0.64341,2.0855,2.9804,2.2547,2.2727,4.6656,0.80435,2.4927,3.3014,0.86937,2.1728,3.1023,6.147,2.8703,1.6662,2.155,2.0891,4.7957,2.7368,2.4381,4.623,2.517,2.215,4.9808,1.9121,2.5684,4.1947,1.0785,1.687,4.0784,4.6572,2.7717,0.51815,0.79784,2.1382,2.969,1.3309,2.0889,4.4178,0.97884,2.1677,3.392,2.0328,2.6192,4.2594,1.7752,1.4855,4.1006,1.3299,2.5217,3.1804,0.81769,2.5298,3.6829,2.1163,1.8123,3.6205,1.508,2.5088,3.4461,1.5999,2.6048,3.7151,1.5731,1.5939,4.2353,1.8331,2.5949,4.2492,1.9535,2.6023,4.4125,3.6654,2.7061,0.11321,1.7806,1.475,4.0817,1.8896,1.995,3.4998,1.9932,2.9239,4.8083,1.2967,2.541,3.2612,2.563,2.4337,4.8739,1.1135,2.6268,3.9809,1.5132,2.4805,3.4635,1.0658,1.8443,4.0562,1.7179,1.5121,4.0346,1.8237,1.9782,3.4052,0.28586,2.888,3.3433,2.979,2.2769,4.7363,1.2794,1.9448,4.246,1.3721,2.626,3.5915,1.3757,2.4819,3.3703,1.9342,1.8565,3.6092,1.9529,2.5432,4.1121,0.9852,2.308,3.133,2.541,1.9709,5.1498,1.2981,2.6266,3.5024,1.2721,2.5148,3.2505,0.50306,2.8796,3.5408,0.59902,1.8731,2.6911,1.5496,1.9564,4.5325,1.4555,1.7353,4.1623,5.1251,2.8122,1.4177,0.79462,2.0794,2.8391,1.0975,2.6915,4.0162,2.3432,2.4791,3.6152,2.4608,2.3591,4.7285,3.0231,2.6048,4.6921,2.098,2.5055,4.431,2.3912,2.2287,4.3703,0.67095,2.1572,3.1169,0.65387,2.3968,3.2279,0.58808,2.1401,3.6956,2.4015,2.398,4.5749,1.0456,2.3955,3.1496,1.1966,1.6737,4.2358,1.6143,2.0382,3.3547,5.8372,2.6132,1.5653,3.5153,2.877,0.2587,0.83104,2.3594,3.0865,1.6783,1.5934,4.0422,1.5416,1.9282,3.1768,0.78519,2.4115,2.9728,2.1636,2.3006,4.7752,1.2666,2.5772,3.2386,1.0309,1.9259,3.5129,0.34043,1.9917,3.3596,1.7767,1.9868,3.3385,2.4304,2.2258,4.3456,2.2757,2.106,5.0168,1.2124,1.6106,3.8515,0.70576,1.9742,2.8066,2.2808,2.1383,5.0665,2.4341,2.2896,4.6607,1.5802,2.5144,3.9617,4.5493,2.7998,0.49932,1.9739,2.5318,4.07,0.79439,1.9458,4.1054,1.457,2.6802,4.3347,3.9558,2.7586,0.25648,1.5921,1.7278,3.325,0.18625,2.2948,3.1922,5.1117,2.8021,1.1042,0.7447,2.6907,3.4553,1.416,2.5554,3.0402,2.2211,2.0441,4.9138,1.4363,1.9565,4.4578,1.5298,1.6263,3.3371,1.4416,2.905,3.3664,0.6933,2.3804,3.063,0.85874,2.4248,3.0656,0.23771,2.5864,3.2942,1.7195,2.4012,4.2565,0.71846,2.4085,2.9864,0.93912,2.3882,3.4701,1.391,1.7348,4.2525,0.31417,2.3387,3.3323,1.5239,1.5702,3.3255,0.66447,2.3927,3.0347,3.5393,2.8261,0.21613,1.8745,2.5498,3.9893,2.1185,2.2005,4.7095,2.1745,2.7277,4.723,1.931,1.8016,3.7934,1.2839,1.666,3.7395,2.2464,2.076,4.9861,1.3339,2.5683,3.8398,0.94251,3.0458,2.7575,4.8217,2.8538,0.5369,1.46,2.7074,4.4799,1.955,1.8588,3.8821,1.4106,2.6635,3.0784,0.74475,2.7046,3.3979,1.1284,2.866,4.3012,0.91176,2.551,2.8593,0.68593,2.0802,2.8951,0.54755,2.4214,3.3507,1.5612,2.136,4.393,1.6459,2.7235,4.6232,0.46879,2.022,2.8574,2.0204,1.7928,3.7924,1.1707,1.6937,3.7527,2.1832,2.6267,4.5789,1.3157,1.7006,4.0552,1.2945,2.1303,3.1166,0.55716,2.0533,2.9129,0.59794,2.4003,2.7672,1.7364,2.4676,4.2404,2.1626,2.5937,4.5969,0.50974,2.0436,2.8614,1.5905,1.6733,3.3736,0.066629,3.0635,1.901,0.70571,2.6034,2.6787,3.2627,2.7119,0.0040403,0.4191,2.8731,3.1479,4.767,2.8643,0.48844,2.2473,2.2784,3.4919,1.2847,2.9635,4.1378,1.1932,2.4414,3.3733,1.0058,3.0257,3.8863,2.2778,2.2276,3.6596,1.1551,1.6297,3.761,2.4405,2.3764,4.6047,2.4192,2.7149,4.0982,1.3865,2.6693,4.3735,1.9194,1.7405,3.7888,1.2609,2.6261,3.7705,2.2797,2.4137,4.7655,1.5945,2.5501,3.5769,2.1736,2.3107,4.197,0.7235,1.9768,3.2538,2.1525,2.4265,3.5489,2.1737,2.3623,3.4754,2.2872,1.9995,5.02,2.5542,2.2564,4.7766,2.2829,2.2681,3.7078,1.3428,1.5974,3.8931,2.1118,2.5992,4.5281,1.9296,1.7903,3.7845,0.7813,2.077,4.184,1.5807,1.697,4.2318,2.1704,2.611,4.6193,1.451,2.4022,3.2671,6.1459,2.9336,2.4808,1.8675,1.7711,3.5665,1.8274,2.8199,4.0844,2.1933,1.9637,4.9394,1.261,2.5964,4.4751,2.04,2.161,4.8985,1.6077,1.6298,3.9589,1.6271,2.0806,3.2789,1.1057,2.6478,3.6265,1.0114,2.7595,3.8313,1.5252,2.5198,3.9529,1.1758,2.6659,3.6408,1.7819,1.5792,4.0621,0.96411,2.4641,2.8779,2.0574,2.2011,4.5411,0.4788,2.6709,3.2234,0.99763,1.9047,4.2718,0.99696,2.2887,3.145,1.7556,2.4203,4.6259,0.92249,2.007,2.8679,0.71319,1.9505,2.7358,1.5855,1.6225,3.9654,0.9811,2.4411,2.9462,1.2981,1.5431,3.8666,2.714,2.565,4.6114,1.0536,2.2787,3.5145,1.2175,2.6682,3.726,1.9851,1.9869,4.5489,0.99887,1.9215,4.2717,1.9021,1.7088,3.4987,1.6588,2.574,3.9911,2.1627,2.5273,4.8345,2.0344,2.4408,3.5651,1.4646,2.9671,3.6674,1.4672,1.5321,4.1676,0.5713,2.9745,3.6008,1.6195,1.6096,4.1883,0.722,1.9739,2.7325,0.76251,2.2177,3.9973,2.6145,2.5656,4.5276,2.0969,2.0582,3.4116,1.5065,2.7398,3.6696,1.0072,2.3826,3.4694,2.6276,2.1151,4.6765,1.4401,1.7137,4.4387,1.5416,2.5685,3.6753,2.0672,2.4353,4.1754,2.6045,2.3179,4.8742,0.61664,2.5296,3.1427
1754.8,0.12967,125.48,16.137,0.0089366,376.32,1.5197,1.8355,4.1699,1.2773,2.2263,4.2237,1.2276,1.9853,4.2351,2.4961,2.6609,4.3004,0.85813,2.0592,4.2208,1.5198,2.4885,3.8934,3.0202,2.8392,5.8337,1.2246,1.9869,4.2349,1.7475,1.7129,4.2468,1.2782,2.2267,4.2274,0.85688,2.0616,4.2155,2.8965,2.8353,4.511,5.7,2.7741,1.4557,1.245,2.8377,3.6301,0.95392,2.1448,3.0211,2.4856,2.0546,4.4508,1.4724,1.674,3.9066,0.65701,2.5727,3.8804,2.0067,1.7634,3.4746,1.0774,2.4433,3.0669,0.26545,2.2865,3.5545,1.785,1.6746,3.3886,2.1282,2.8226,4.4325,1.7868,1.6754,3.3917,1.4735,1.6708,3.91,0.39428,2.1353,3.1989,2.0396,2.3585,4.3919,1.4742,1.669,3.1996,0.83102,1.8804,2.7697,3.02,2.8414,5.8285,2.0073,1.7653,3.4765,1.0061,2.7169,2.8803,1.8189,2.5886,4.0041,0.63346,1.8727,2.7981,1.072,2.4442,3.0581,1.8989,1.9153,4.4951,1.6828,1.6903,3.8936,0.51067,2.2013,3.745,1.1923,2.4279,3.7832,1.0012,2.0633,3.2659,2.5511,2.3006,4.2969,2.072,2.1525,4.6811,1.4792,1.6733,3.9127,1.896,1.9169,4.4935,1.4909,2.1742,3.2667,0.82003,2.0829,3.1832,2.4188,2.3734,4.3174,1.9429,2.6009,4.8846,1.9338,2.5964,4.873,2.5492,2.3011,4.2951,1.2866,2.4896,3.9431,1.689,2.2327,4.2969,2.043,3.0599,3.985,0.50717,2.4697,2.4793,1.5425,2.0566,4.611,2.0733,3.064,4.0192,0.38813,2.3762,3.4317,1.6617,1.6258,4.0821,0.7087,2.0236,3.096,2.2449,2.241,4.6482,0.63641,2.6158,3.0085,1.0014,2.0668,3.2665,0.12269,2.8905,1.966,1.9957,1.9857,4.5905,2.5476,2.3019,4.2968,2.67,2.3358,5.1941,2.1339,2.8173,4.4355,1.0791,1.8455,3.9486,4.6224,2.9945,0.50822,0.88465,2.1182,3.0512,1.305,2.0994,4.2685,1.0548,2.0873,3.4922,2.3027,2.7521,4.5711,1.7026,1.5957,4.1565,1.1474,2.5569,3.0711,0.75195,2.4279,3.7687,2.0554,1.9257,3.7364,1.5972,2.4377,3.4675,1.6576,2.5246,3.6066,1.6572,1.673,4.2501,2.1003,2.8066,4.5759,2.1074,2.8061,4.581,3.3613,2.7818,6.1226,1.7018,1.5956,4.1566,1.7056,2.0045,3.4527,2.1225,2.9365,4.9189,1.1486,2.557,3.0759,2.6358,2.4462,4.9863,1.0278,2.6037,4.0662,1.5995,2.4366,3.4681,1.1834,1.8026,4.0997,1.6622,1.6258,4.0826,1.704,2.0045,3.45,0.28755,2.9462,3.335,2.8732,2.2939,4.5677,1.3168,1.9498,4.2056,1.2528,2.6865,3.3299,1.463,2.4582,3.3434,1.8429,1.9819,3.7222,1.9506,2.3413,3.9935,1.0947,2.2829,3.1873,2.5395,2.0466,5.1481,1.2423,2.6859,3.3148,1.4591,2.4616,3.3384,0.29669,2.946,3.3444,0.67549,1.8079,2.9091,1.6988,2.0253,4.4253,1.467,1.86,4.1206,5.532,2.9004,1.8441,0.81924,2.1204,2.7826,1.0261,2.6058,4.0666,2.1593,2.5248,3.6216,2.6364,2.4442,4.9864,2.8029,2.704,4.5221,2.1602,2.5287,4.5308,2.3489,2.1033,4.1956,0.76614,1.9917,3.3469,0.33032,2.4733,2.8851,0.60369,2.1411,3.7129,2.3861,2.5063,4.4322,0.75336,2.4644,2.8559,1.2547,1.5845,4.287,1.7011,2.0076,3.449,5.6585,2.689,2.0341,3.2215,2.9379,6.2143,0.74926,2.462,2.8593,1.6613,1.6342,4.0864,1.4948,1.8658,3.1825,0.74452,2.4637,2.8526,2.168,2.3479,4.952,1.1461,2.5629,3.0728,1.0026,1.9625,3.5038,0.52869,1.9782,3.2576,1.7018,2.0088,3.448,2.3859,2.0823,4.1984,2.1448,2.1541,4.9811,1.2882,1.7495,3.8019,0.6831,1.977,2.7567,2.1448,2.1542,4.9836,2.3202,2.1868,4.4632,1.5676,2.2969,3.9631,4.2155,3.0033,0.14796,1.9549,2.3398,3.9965,0.83805,1.9631,4.1186,1.1792,2.574,4.2167,3.5281,2.8524,6.0904,1.5326,1.6183,3.2873,0.31981,2.2982,3.4036,5.1298,2.9876,1.0704,0.56423,2.7832,3.2616,1.2707,2.5078,2.9802,2.1409,2.1499,4.9776,1.4745,2.0925,4.352,1.5255,1.6233,3.2876,1.3789,2.9289,3.3634,0.45456,2.4493,2.7244,0.92343,2.4543,3.0016,0.22276,2.6176,3.3404,1.6126,2.258,4.1265,0.45106,2.4465,2.7174,1.047,2.173,3.6573,1.3943,1.8055,4.293,0.32406,2.301,3.4051,1.5287,1.617,3.2873,0.45072,2.4498,2.7221,3.0031,2.8704,5.9215,2.0041,2.5964,4.0336,1.9731,2.1791,4.5908,2.6274,2.7749,5.2657,1.8917,1.9636,3.9021,1.294,1.8134,3.689,2.1458,2.1535,4.9828,1.4006,2.6562,4.0052,1.1149,3.0837,2.957,4.6937,2.9833,0.41559,1.2621,2.6861,4.3381,1.9039,1.956,3.8844,1.2485,2.6366,2.8675,0.37154,2.7728,2.9652,0.93787,2.8919,4.1299,0.57913,2.5214,2.5854,0.69616,1.9361,2.9875,0.54633,2.3976,3.4262,1.5661,2.1762,4.2313,1.2673,2.6881,4.3437,0.62977,1.9512,3.1116,1.9804,1.8949,3.8176,1.1933,1.8437,3.6474,2.4542,2.7214,4.9715,1.3759,1.5307,4.1699,1.3882,2.1563,3.1733,0.63537,1.951,3.1117,0.46406,2.4495,2.5713,1.6143,2.2571,4.1295,2.4528,2.72,4.974,0.63305,1.9528,3.1087,1.5645,1.7118,3.3281,0.50809,3.0411,2.421,0.57781,2.5217,2.5866,2.9158,2.7443,5.8969,6.1871,2.8649,2.5542,4.6751,2.9868,0.39499,2.3419,2.4058,3.746,0.89873,3.0804,3.6833,1.4339,2.2605,3.5591,0.85593,3.0784,3.6405,2.3659,2.2373,3.8067,1.1917,1.8429,3.6463,2.4267,2.3387,4.5612,2.5806,2.6308,4.0327,1.2635,2.683,4.3384,1.8925,1.9582,3.9012,1.1307,2.7912,3.6564,2.4436,2.4838,5.0832,1.6081,2.6189,3.3073,2.168,2.1888,4.1028,0.78668,1.9029,3.3704,2.3423,2.4094,3.7482,2.3451,2.4105,3.7492,2.186,1.8926,4.9053,2.643,2.2894,4.7918,2.3644,2.2385,3.8071,1.3797,1.5852,3.8372,2.4562,2.7192,4.9773,1.8919,1.9586,3.9019,0.77871,2.1408,3.9654,1.6015,1.8298,4.2576,2.4538,2.7202,4.9756,1.4458,2.3888,3.2611,5.9317,2.8816,2.2113,1.8578,1.7995,3.4771,1.9742,3.0207,4.297,2.0174,1.9497,4.7571,1.1036,2.5789,4.2752,1.8851,2.1493,4.8619,1.6131,1.799,3.9663,1.6048,2.0098,3.3886,1.0184,2.772,3.5685,0.91797,2.8289,3.8159,1.3818,2.393,3.8451,1.1255,2.793,3.6504,1.838,1.7915,4.0925,0.91334,2.4606,2.7745,1.9111,2.0696,4.386,0.079745,2.7956,2.8451,1.085,1.9588,4.2612,0.94901,2.3352,3.0128,1.6347,2.3954,4.5869,0.97882,2.0852,2.8362,0.7429,1.9979,2.7425,1.6124,1.7979,3.9684,0.91548,2.4595,2.777,1.3796,1.5855,3.8368,2.7671,2.589,4.6325,1.0848,2.1378,3.6264,1.1228,2.7967,3.651,1.9759,1.9862,4.4767,1.0822,1.9615,4.2586,1.8534,1.6536,3.4507,1.6621,2.4838,3.999,2.1131,2.5545,4.9215,2.1541,2.3808,3.7093,1.1858,3.0726,3.4172,1.4464,1.4673,4.2316,0.62083,2.9992,3.6164,1.6236,1.7487,4.2319,0.74395,1.9978,2.7417,0.69119,2.1942,3.9445,2.6878,2.6025,4.5368,1.993,2.127,3.4382,1.383,2.9191,3.5362,1.0816,2.1941,3.6336,2.5321,2.0005,4.4712,1.4906,1.7346,4.4222,1.6083,2.5916,3.5831,2.0622,2.2906,4.0735,2.7073,2.3728,5.007,0.44732,2.5309,2.961
1754.8,0.12967,125.48,16.137,0.017873,397.02,1.5147,1.8349,4.1646,1.2752,2.2282,4.2243,1.2228,1.9826,4.2379,2.4911,2.6583,4.2971,0.8586,2.0553,4.2269,1.5194,2.4959,3.8936,3.0354,2.8395,5.8532,1.2182,1.9846,4.2359,1.7464,1.7061,4.2451,1.2807,2.2271,4.2331,0.85448,2.0617,4.2144,2.9046,2.8351,4.516,5.6841,2.7692,1.4377,1.2557,2.8268,3.6408,0.94938,2.1445,3.0199,2.4884,2.0605,4.4592,1.472,1.6703,3.9086,0.65533,2.5775,3.8744,2.0088,1.7642,3.4777,1.0848,2.4374,3.0837,0.25659,2.2879,3.5429,1.7832,1.6761,3.3905,2.104,2.8168,4.4054,1.7869,1.6815,3.3938,1.4695,1.6649,3.9152,0.39228,2.1395,3.1912,2.0472,2.3657,4.4018,1.474,1.673,3.2002,0.82993,1.8892,2.7648,3.0326,2.8414,5.843,2.0094,1.7703,3.4799,1.0084,2.7182,2.8847,1.8204,2.5881,4.0084,0.63698,1.8787,2.7983,1.0716,2.4418,3.0648,1.9011,1.9167,4.4985,1.6869,1.6833,3.8918,0.51124,2.2015,3.7461,1.1902,2.4418,3.7779,0.99369,2.0701,3.2573,2.5595,2.3061,4.3084,2.079,2.1601,4.6903,1.481,1.6717,3.9158,1.8956,1.9173,4.4952,1.493,2.1797,3.2656,0.81508,2.0895,3.1746,2.4205,2.3778,4.3235,1.9383,2.5991,4.8748,1.9248,2.5978,4.8585,2.555,2.3075,4.3056,1.2856,2.4945,3.9371,1.6926,2.2345,4.3024,2.0174,3.054,3.9574,0.51648,2.4693,2.4878,1.5424,2.0593,4.6172,2.0656,3.0598,4.0099,0.38126,2.38,3.4211,1.6617,1.6191,4.0813,0.70677,2.0279,3.0909,2.2466,2.2433,4.6515,0.65106,2.6106,3.0254,0.995,2.0741,3.2578,0.11045,2.8909,1.9518,1.998,1.9881,4.5959,2.5521,2.3087,4.3062,2.6598,2.3316,5.1838,2.1135,2.807,4.4136,1.0794,1.8385,3.9544,4.6281,2.9858,0.51196,0.88035,2.1194,3.0459,1.3049,2.0981,4.2747,1.0532,2.0887,3.49,2.2844,2.7463,4.5497,1.7046,1.5904,4.1539,1.1563,2.5547,3.0791,0.75524,2.4322,3.7668,2.0574,1.9205,3.7308,1.5924,2.4397,3.464,1.6503,2.5296,3.6042,1.654,1.6647,4.2501,2.0823,2.7987,4.5561,2.0945,2.7975,4.5676,3.3714,2.7805,6.1321,1.7043,1.5898,4.154,1.7104,2.0037,3.4518,2.1109,2.9349,4.909,1.1568,2.555,3.0869,2.632,2.4454,4.9814,1.0344,2.6046,4.067,1.595,2.4374,3.4658,1.1798,1.8097,4.0953,1.6634,1.6185,4.0805,1.7071,2.0039,3.4464,0.28297,2.9445,3.3316,2.8777,2.2959,4.5768,1.3158,1.9492,4.2066,1.2615,2.6817,3.345,1.4593,2.4578,3.3431,1.8453,1.9764,3.7163,1.9494,2.3511,3.9956,1.0903,2.284,3.1842,2.5393,2.0413,5.1463,1.2443,2.6808,3.3213,1.4518,2.4642,3.3339,0.30359,2.9446,3.3513,0.67299,1.8112,2.9006,1.6961,2.0216,4.4327,1.4665,1.8533,4.1236,5.5177,2.8984,1.8301,0.81995,2.1173,2.7877,1.0315,2.6088,4.068,2.1682,2.5248,3.622,2.6299,2.4423,4.9777,2.8067,2.7011,4.5249,2.1543,2.5252,4.5231,2.349,2.105,4.1986,0.76644,1.9962,3.3434,0.34048,2.4707,2.8952,0.60246,2.1415,3.7116,2.386,2.499,4.4361,0.76269,2.4626,2.8652,1.254,1.5866,4.287,1.6994,2.0101,3.4462,6.2144,2.6886,2.0159,3.2359,2.9369,6.2336,0.76002,2.4567,2.8753,1.6624,1.6343,4.0845,1.4959,1.8686,3.1819,0.74897,2.4612,2.8601,2.1669,2.3474,4.9452,1.1521,2.5631,3.0808,1.0037,1.9622,3.504,0.52346,1.9783,3.2594,1.7038,2.0106,3.4439,2.3858,2.0857,4.2006,2.1495,2.1538,4.9835,1.2864,1.7428,3.8051,0.68427,1.977,2.7591,2.1504,2.1552,4.9887,2.3236,2.1909,4.4698,1.5685,2.3093,3.9636,4.2419,2.9949,0.17302,1.9546,2.3454,3.9979,0.83706,1.961,4.1206,1.1881,2.5779,4.2219,3.5471,2.8492,6.1088,1.5332,1.6201,3.2882,0.31319,2.2987,3.3951,5.1242,2.982,1.0649,0.57593,2.7806,3.2752,1.2792,2.5101,2.9862,2.1408,2.1451,4.9718,1.4755,2.0894,4.356,1.5258,1.6247,3.2893,1.3814,2.9277,3.3647,0.46331,2.4472,2.7362,0.91812,2.4541,3.0009,0.22477,2.6168,3.3409,1.6149,2.2622,4.1298,0.46227,2.4447,2.7278,1.045,2.1798,3.653,1.3941,1.8023,4.2928,0.3229,2.304,3.4005,1.5284,1.6162,3.2883,0.45961,2.4474,2.7346,3.0329,2.8703,5.9531,1.9981,2.5929,4.0294,1.9781,2.1816,4.5959,2.6141,2.775,5.2506,1.8936,1.9601,3.8984,1.2939,1.8071,3.6908,2.1497,2.1515,4.9835,1.3973,2.6527,3.9983,1.1196,3.0811,2.9602,4.7,2.979,0.4197,1.2714,2.6888,4.3464,1.9045,1.9525,3.8832,1.255,2.6372,2.8748,0.39345,2.7708,2.9903,0.94227,2.8942,4.1334,0.59245,2.5219,2.5964,0.69391,1.9426,2.9804,0.54465,2.4,3.4206,1.5653,2.1777,4.237,1.2842,2.6915,4.3571,0.62255,1.9554,3.1021,1.9822,1.8903,3.8156,1.193,1.8389,3.6509,2.4352,2.7174,4.9468,1.3748,1.5404,4.1659,1.3854,2.1564,3.1711,0.63268,1.9562,3.1029,0.46917,2.4478,2.5782,1.6159,2.263,4.1334,2.437,2.7152,4.9559,0.62878,1.9586,3.0979,1.5656,1.7095,3.3296,0.50066,3.0429,2.4106,0.58714,2.523,2.5949,2.9255,2.7456,5.9089,6.2038,2.867,2.5734,4.674,2.9828,0.39153,2.3342,2.4012,3.7332,0.94611,3.0777,3.7342,1.425,2.2703,3.5515,0.87247,3.0766,3.6605,2.3621,2.2361,3.8001,1.1913,1.8367,3.6494,2.4278,2.3405,4.5644,2.575,2.6365,4.0348,1.2687,2.6815,4.3416,1.8937,1.9499,3.895,1.14,2.7823,3.6655,2.4322,2.48,5.0675,1.6091,2.6147,3.3183,2.1674,2.1913,4.1038,0.78582,1.9041,3.3683,2.3341,2.4088,3.74,2.338,2.4084,3.7391,2.1892,1.9016,4.9123,2.6397,2.288,4.7912,2.3614,2.2378,3.802,1.3783,1.5856,3.8403,2.4397,2.7159,4.957,1.8929,1.9514,3.8967,0.77783,2.139,3.9737,1.6013,1.8235,4.2567,2.4382,2.7161,4.9575,1.4461,2.388,3.2615,5.9397,2.8838,2.2213,1.8558,1.7979,3.4812,1.9672,3.014,4.2874,2.0232,1.9503,4.7654,1.1119,2.579,4.2834,1.8904,2.1477,4.8627,1.6129,1.7909,3.9657,1.6045,2.0105,3.3824,1.0281,2.7635,3.5776,0.92783,2.8242,3.8242,1.3885,2.4002,3.8484,1.1305,2.7854,3.654,1.8363,1.7815,4.0906,0.91542,2.4597,2.779,1.9137,2.0721,4.3891,0.094801,2.7934,2.8597,1.0828,1.9566,4.2626,0.95369,2.3312,3.0218,1.6375,2.3949,4.5869,0.97809,2.0801,2.8407,0.74117,1.9949,2.7419,1.6112,1.7888,3.9681,0.91935,2.4579,2.7836,1.3774,1.5852,3.8372,2.7612,2.587,4.6263,1.0847,2.14,3.6249,1.1274,2.7911,3.6548,1.9758,1.9852,4.4777,1.0787,1.9603,4.2585,1.8541,1.6568,3.4518,1.6622,2.4888,3.9988,2.1152,2.5529,4.9186,2.1508,2.3815,3.7058,1.1892,3.0697,3.4191,1.447,1.468,4.2295,0.62622,2.998,3.623,1.622,1.7427,4.2291,0.74249,1.9973,2.7402,0.69375,2.1942,3.9464,2.6847,2.6014,4.5346,1.995,2.1243,3.4347,1.3863,2.9124,3.5377,1.0813,2.1985,3.6304,2.5338,2.0031,4.4752,1.4892,1.7335,4.4218,1.6037,2.5903,3.5834,2.0613,2.2961,4.0756,2.7007,2.3697,4.999,0.45331,2.5297,2.9683
1754.8,0.12967,125.48,16.137,0.02681,415.46,1.5102,1.8341,4.1598,1.2732,2.2301,4.2245,1.2185,1.9799,4.2403,2.4864,2.6558,4.2941,0.85901,2.0514,4.233,1.519,2.5028,3.8939,3.0497,2.8396,5.8713,1.2122,1.9823,4.2367,1.7456,1.6997,4.2434,1.2831,2.2274,4.2388,0.85189,2.0615,4.2132,2.9117,2.8349,4.5201,5.6697,2.7643,1.4214,1.2651,2.8163,3.6502,0.94499,2.1441,3.0187,2.4911,2.0661,4.4672,1.4714,1.6664,3.9106,0.65437,2.5817,3.8694,2.0109,1.7647,3.4806,1.091,2.432,3.0986,0.24843,2.289,3.5323,1.7814,1.6772,3.3923,2.0822,2.8109,4.3806,1.7871,1.6867,3.3957,1.4659,1.6597,3.9198,0.39064,2.1434,3.1843,2.0542,2.3718,4.4108,1.4735,1.6763,3.2009,0.82919,1.8966,2.7611,3.0443,2.8414,5.8565,2.0117,1.7743,3.4829,1.0113,2.719,2.8896,1.8217,2.5878,4.0122,0.64027,1.8844,2.7986,1.0708,2.4395,3.0704,1.9031,1.9178,4.5018,1.6907,1.6771,3.8907,0.51163,2.2017,3.7469,1.1881,2.4545,3.773,0.98668,2.0761,3.2495,2.5675,2.3111,4.3193,2.086,2.1668,4.6989,1.4829,1.6711,3.9186,1.8953,1.9179,4.4969,1.495,2.1841,3.2645,0.80999,2.0958,3.1662,2.4228,2.3822,4.3299,1.9342,2.5977,4.8656,1.9162,2.5988,4.8449,2.5608,2.3135,4.3159,1.2848,2.4989,3.9315,1.6962,2.2364,4.3077,1.9973,3.0486,3.9357,0.5248,2.469,2.4952,1.5415,2.0619,4.6226,2.0612,3.056,4.004,0.37487,2.3834,3.4116,1.6617,1.6135,4.0804,0.70451,2.0321,3.0857,2.2482,2.2457,4.6545,0.66388,2.6058,3.0407,0.98873,2.0807,3.2495,0.09667,2.8912,1.9361,2.0007,1.991,4.6015,2.5566,2.3152,4.3158,2.6504,2.3274,5.1739,2.0956,2.797,4.3944,1.0797,1.832,3.9597,4.6326,2.9774,0.51466,0.87613,2.1207,3.0407,1.3049,2.0971,4.2807,1.0513,2.0905,3.4875,2.2683,2.7409,4.5307,1.7065,1.5857,4.1515,1.1649,2.5527,3.0866,0.75803,2.4365,3.7643,2.0592,1.9156,3.7256,1.5882,2.4419,3.4611,1.6438,2.5345,3.6025,1.6509,1.6574,4.25,2.0662,2.7911,4.5383,2.0836,2.7894,4.5564,3.3814,2.7792,6.1414,1.7066,1.5845,4.1515,1.7153,2.0033,3.4512,2.102,2.9338,4.9015,1.1648,2.5533,3.0973,2.6284,2.4446,4.9767,1.0403,2.6056,4.0671,1.5909,2.4383,3.4638,1.176,1.8159,4.0913,1.6645,1.6116,4.0785,1.7101,2.0036,3.4427,0.27891,2.9427,3.3285,2.8824,2.2978,4.5859,1.3149,1.9489,4.2075,1.269,2.6773,3.3586,1.4553,2.4576,3.3424,1.8477,1.9713,3.7105,1.9482,2.3612,3.9978,1.0858,2.2851,3.1813,2.5394,2.0365,5.1451,1.2461,2.6763,3.3275,1.4443,2.4667,3.3296,0.31114,2.943,3.3588,0.67036,1.8148,2.8919,1.6933,2.0181,4.4401,1.4658,1.8472,4.1263,5.503,2.8964,1.8158,0.82054,2.1143,2.7927,1.0368,2.612,4.0689,2.1768,2.5247,3.6222,2.6229,2.4401,4.9684,2.8113,2.6982,4.528,2.1487,2.5218,4.5156,2.3493,2.1071,4.2019,0.76655,2.0009,3.3395,0.3512,2.4678,2.9061,0.6012,2.1418,3.7105,2.3858,2.4918,4.4402,0.77226,2.4606,2.8749,1.2532,1.5887,4.2867,1.6972,2.0125,3.4435,6.2557,2.6879,1.9974,3.251,2.9357,6.2176,0.77041,2.4515,2.8912,1.6633,1.6338,4.0826,1.497,1.871,3.181,0.75308,2.4588,2.8675,2.1656,2.3466,4.9376,1.1581,2.563,3.0886,1.0048,1.9618,3.504,0.51801,1.9784,3.2613,1.706,2.012,3.4398,2.3858,2.0893,4.2029,2.1543,2.1535,4.986,1.2847,1.7361,3.8083,0.6856,1.9769,2.7618,2.1562,2.1561,4.9935,2.3275,2.1953,4.4767,1.5694,2.321,3.9642,4.2646,2.9867,0.19442,1.9544,2.3511,3.9991,0.83569,1.9587,4.122,1.1974,2.582,4.2272,3.5653,2.8461,6.1266,1.5341,1.622,3.2892,0.30661,2.2991,3.3865,5.1198,2.9763,1.0607,0.58742,2.7777,3.2884,1.2873,2.5122,2.9919,2.1408,2.1403,4.9659,1.4763,2.0863,4.3602,1.526,1.6258,3.291,1.3844,2.9266,3.3666,0.47239,2.4448,2.7485,0.91349,2.4535,3.0008,0.22698,2.6158,3.3417,1.6174,2.2665,4.1331,0.47349,2.4429,2.7385,1.0431,2.1865,3.6487,1.3938,1.7993,4.2925,0.32187,2.3067,3.3962,1.5281,1.6151,3.2892,0.46877,2.4448,2.7476,3.0608,2.8702,5.9828,1.9924,2.5898,4.0256,1.9831,2.1839,4.6008,2.6003,2.775,5.2349,1.8953,1.9562,3.8945,1.2937,1.8011,3.6928,2.1535,2.1493,4.9837,1.3942,2.6493,3.9915,1.1215,3.0786,2.9608,4.7062,2.9749,0.42403,1.2805,2.6911,4.3542,1.9054,1.9488,3.882,1.2614,2.6378,2.8821,0.41468,2.7687,3.0148,0.94703,2.8958,4.1374,0.60581,2.5226,2.6076,0.6918,1.9488,2.9736,0.54273,2.4023,3.4151,1.5644,2.1787,4.2427,1.3007,2.6945,4.3702,0.61545,1.9594,3.0926,1.9838,1.8857,3.8136,1.1927,1.8342,3.6542,2.4167,2.7132,4.9229,1.3738,1.5497,4.162,1.3827,2.1564,3.169,0.62994,1.9611,3.0945,0.47412,2.4461,2.5851,1.6177,2.2689,4.1374,2.4218,2.7105,4.9383,0.6243,1.9643,3.087,1.5666,1.7073,3.3308,0.49335,3.0443,2.4006,0.59604,2.5242,2.6027,2.9352,2.7467,5.9208,6.2167,2.8691,2.5925,4.6737,2.9785,0.38922,2.3271,2.3969,3.7211,0.98791,3.075,3.7792,1.416,2.2802,3.5437,0.88697,3.0749,3.6782,2.3581,2.2351,3.7938,1.1909,1.8307,3.6524,2.4291,2.3425,4.5675,2.5695,2.6423,4.0371,1.2741,2.6803,4.3447,1.8947,1.9418,3.889,1.1485,2.7738,3.6736,2.4214,2.4763,5.0522,1.61,2.6105,3.3293,2.1667,2.194,4.1048,0.78477,1.9054,3.366,2.326,2.4086,3.7325,2.331,2.4067,3.7294,2.1923,1.9104,4.9194,2.6367,2.2869,4.7909,2.3586,2.2374,3.7972,1.3767,1.5859,3.8433,2.4238,2.7127,4.9372,1.8938,1.9446,3.8917,0.77708,2.1372,3.9818,1.601,1.8175,4.2558,2.4236,2.712,4.9403,1.4463,2.3875,3.2617,5.9476,2.8861,2.2311,1.8539,1.7966,3.4853,1.9596,3.0073,4.2775,2.0293,1.9512,4.7737,1.1202,2.5794,4.2916,1.8957,2.1465,4.8634,1.6126,1.7829,3.9652,1.6043,2.0116,3.3764,1.0366,2.7556,3.5854,0.9363,2.82,3.8308,1.3949,2.4075,3.8514,1.135,2.7781,3.6569,1.8347,1.7717,4.0887,0.91755,2.4589,2.7833,1.9166,2.0751,4.3927,0.10995,2.7909,2.8745,1.0806,1.9545,4.2638,0.95833,2.3274,3.0304,1.6403,2.3947,4.587,0.97722,2.0753,2.8449,0.7394,1.9918,2.7416,1.6101,1.7796,3.9679,0.92334,2.4566,2.7904,1.3751,1.585,3.8376,2.756,2.5851,4.6209,1.0844,2.1428,3.6228,1.1321,2.7853,3.6591,1.976,1.9843,4.4788,1.0753,1.9592,4.2588,1.855,1.6597,3.453,1.6623,2.4939,3.9988,2.1174,2.5512,4.9158,2.1472,2.3824,3.7019,1.1933,3.067,3.4219,1.4477,1.4688,4.2272,0.63124,2.9968,3.6294,1.6204,1.7366,4.2267,0.74115,1.9964,2.7391,0.6964,2.1943,3.9485,2.6813,2.6,4.5319,1.997,2.1216,3.4311,1.3901,2.9056,3.5397,1.0807,2.2034,3.6268,2.5356,2.006,4.4796,1.4877,1.7325,4.4214,1.5991,2.5891,3.584,2.0604,2.3015,4.078,2.6944,2.3667,4.9912,0.45982,2.5286,2.976
1754.8,0.12967,125.48,16.137,0.035746,433.65,1.5058,1.8331,4.1553,1.2714,2.2317,4.2251,1.2142,1.9772,4.2426,2.4821,2.6535,4.2918,0.85941,2.0478,4.2387,1.5186,2.5091,3.8943,3.0637,2.8396,5.8891,1.2065,1.9798,4.2374,1.7448,1.6934,4.2416,1.2854,2.2277,4.2443,0.84933,2.0611,4.2121,2.9183,2.8346,4.524,5.656,2.7594,1.406,1.2737,2.806,3.659,0.9407,2.1436,3.0174,2.494,2.0718,4.4752,1.4708,1.6627,3.9124,0.65345,2.5857,3.8647,2.0131,1.7652,3.4834,1.0958,2.4269,3.1119,0.24051,2.2902,3.5218,1.7799,1.678,3.394,2.062,2.805,4.3573,1.7875,1.6914,3.3975,1.4625,1.6548,3.9241,0.38926,2.1469,3.1781,2.0606,2.377,4.4191,1.473,1.6792,3.2015,0.82875,1.9031,2.7583,3.056,2.8413,5.8699,2.014,1.7777,3.4856,1.0145,2.7196,2.895,1.8229,2.5876,4.016,0.64344,1.8898,2.7991,1.0699,2.4374,3.0758,1.9052,1.9187,4.5051,1.6941,1.6717,3.89,0.51196,2.2019,3.7479,1.186,2.4662,3.7686,0.97991,2.0816,3.2421,2.5754,2.3157,4.33,2.0928,2.1731,4.7073,1.485,1.6707,3.9215,1.8951,1.9184,4.4985,1.497,2.1881,3.2633,0.80476,2.1021,3.1576,2.4253,2.3866,4.3365,1.9303,2.5966,4.8566,1.9082,2.5997,4.8317,2.5668,2.3195,4.3267,1.284,2.5034,3.9261,1.6998,2.2383,4.3129,1.9798,3.0433,3.9169,0.53282,2.4688,2.5025,1.5402,2.0647,4.6274,2.0579,3.0523,3.9993,0.36869,2.3866,3.4023,1.6617,1.6086,4.0797,0.70213,2.0361,3.0806,2.2496,2.2479,4.6572,0.67572,2.6013,3.0551,0.98248,2.0871,3.2413,0.082565,2.8916,1.9201,2.0035,1.9941,4.6073,2.5614,2.3218,4.3256,2.6414,2.3233,5.164,2.0792,2.787,4.3768,1.08,1.8257,3.9649,4.6364,2.9688,0.51679,0.87203,2.1219,3.0358,1.3049,2.0962,4.2865,1.0493,2.0925,3.4849,2.2533,2.7356,4.5133,1.7086,1.5814,4.1493,1.1733,2.5509,3.0937,0.76058,2.441,3.7616,2.061,1.911,3.7206,1.5841,2.4443,3.4584,1.6379,2.539,3.6015,1.6478,1.6509,4.2499,2.051,2.7834,4.5214,2.0736,2.7816,4.5461,3.3915,2.7777,6.1508,1.709,1.5794,4.1491,1.7203,2.003,3.4509,2.0945,2.9329,4.8956,1.1723,2.5517,3.1074,2.6251,2.4439,4.9722,1.0458,2.6068,4.0665,1.5869,2.4394,3.4621,1.172,1.821,4.0879,1.6657,1.6051,4.0765,1.7132,2.0033,3.4393,0.27525,2.941,3.3258,2.887,2.2995,4.5949,1.314,1.9486,4.2085,1.2759,2.6731,3.3713,1.4514,2.4576,3.3419,1.8501,1.9665,3.705,1.9471,2.3713,4.0004,1.0813,2.2865,3.1784,2.5399,2.0321,5.1445,1.2478,2.6721,3.3338,1.4369,2.4692,3.3254,0.31901,2.9415,3.3666,0.66753,1.8184,2.8829,1.6902,2.0147,4.4475,1.4652,1.8413,4.1288,5.4881,2.8942,1.8008,0.82085,2.1116,2.7971,1.0417,2.6155,4.0695,2.1853,2.5247,3.6222,2.6158,2.4378,4.9588,2.8163,2.6952,4.5317,2.1436,2.5188,4.5089,2.3498,2.1097,4.2057,0.76641,2.006,3.3352,0.36228,2.4649,2.9176,0.59998,2.1421,3.7094,2.3855,2.4849,4.4446,0.78195,2.4586,2.8845,1.2525,1.5908,4.2863,1.6948,2.0148,3.4407,6.2174,2.687,1.9786,3.2663,2.9344,0.3523,0.78036,2.4462,2.9069,1.6641,1.6329,4.0806,1.4983,1.8736,3.1803,0.75688,2.4563,2.8746,2.1641,2.3455,4.9299,1.1638,2.563,3.0961,1.0061,1.9613,3.504,0.51228,1.9785,3.2635,1.7083,2.0133,3.4358,2.3857,2.0929,4.2054,2.1592,2.153,4.9885,1.2831,1.7296,3.8116,0.68696,1.9767,2.7645,2.1618,2.157,4.9982,2.3315,2.1997,4.484,1.5702,2.3324,3.9647,4.285,2.9786,0.2137,1.9542,2.3568,4.0006,0.83408,1.9567,4.123,1.207,2.5861,4.2326,3.583,2.8429,6.1441,1.5349,1.624,3.2901,0.30005,2.2995,3.3779,5.1158,2.9706,1.0572,0.59862,2.7746,3.3013,1.2953,2.5143,2.9974,2.1412,2.1354,4.9604,1.4767,2.0829,4.3644,1.5262,1.6269,3.2928,1.3874,2.9252,3.3684,0.48164,2.4423,2.7612,0.90963,2.4528,3.0016,0.22921,2.6147,3.3425,1.62,2.2708,4.1367,0.48469,2.4412,2.7491,1.0412,2.1934,3.6442,1.3937,1.7962,4.292,0.32095,2.3093,3.3922,1.5278,1.6138,3.2902,0.47801,2.4422,2.7607,3.0877,2.8697,6.0114,1.9869,2.5869,4.0222,1.9881,2.1861,4.6057,2.5859,2.775,5.2186,1.8969,1.9522,3.8906,1.2936,1.7951,3.6948,2.1571,2.1469,4.9838,1.3911,2.6457,3.9847,1.1224,3.0762,2.9604,4.7125,2.9708,0.42848,1.2892,2.6933,4.3616,1.9064,1.945,3.8809,1.2679,2.6383,2.8895,0.43547,2.7663,3.0386,0.95203,2.8971,4.1417,0.61918,2.5232,2.6187,0.68984,1.9549,2.9672,0.54083,2.4043,3.4098,1.5637,2.1793,4.2484,1.3171,2.6972,4.3831,0.60841,1.9632,3.083,1.9854,1.8811,3.8117,1.1923,1.8294,3.6577,2.3987,2.709,4.8994,1.3726,1.5586,4.158,1.3798,2.1563,3.1669,0.62716,1.9658,3.0861,0.47907,2.4443,2.5919,1.6197,2.275,4.1414,2.4071,2.7058,4.9208,0.6196,1.9699,3.0762,1.5677,1.7049,3.3321,0.48571,3.0457,2.3901,0.60461,2.5255,2.6102,2.9452,2.7475,5.9329,6.2784,2.871,2.6123,4.6741,2.9739,0.38766,2.3203,2.3924,3.7092,1.0257,3.0719,3.8203,1.4068,2.2901,3.5358,0.90124,3.0733,3.6959,2.3542,2.2342,3.7877,1.1904,1.8244,3.6556,2.4303,2.3445,4.5704,2.5642,2.6478,4.0397,1.2797,2.6791,4.3479,1.8958,1.9337,3.8832,1.1562,2.7656,3.6808,2.4109,2.4726,5.0368,1.6107,2.6064,3.3405,2.1662,2.1968,4.1062,0.78358,1.9068,3.3634,2.3181,2.4086,3.7251,2.3241,2.4052,3.7199,2.1957,1.9186,4.9264,2.6337,2.2858,4.7906,2.356,2.2372,3.7927,1.3752,1.5862,3.8464,2.4083,2.7095,4.9178,1.8949,1.9378,3.8869,0.77641,2.1354,3.9901,1.6007,1.8118,4.2551,2.4095,2.708,4.9238,1.4466,2.3871,3.2619,5.9554,2.8884,2.241,1.8523,1.7954,3.4893,1.9518,3.0005,4.2672,2.0357,1.9521,4.7821,1.1283,2.5799,4.2999,1.9011,2.1455,4.8641,1.6123,1.7751,3.9647,1.604,2.013,3.3706,1.0439,2.7482,3.592,0.94383,2.816,3.8363,1.4012,2.4147,3.8544,1.139,2.7713,3.6591,1.8331,1.7621,4.0869,0.91964,2.4584,2.7875,1.9198,2.0786,4.3965,0.1253,2.7883,2.8893,1.0782,1.9526,4.2651,0.96263,2.324,3.0385,1.6435,2.3947,4.5875,0.97615,2.071,2.8486,0.73772,1.9889,2.7413,1.6089,1.7706,3.9676,0.92724,2.4552,2.7972,1.3726,1.585,3.8382,2.7515,2.5833,4.6165,1.0842,2.1458,3.6205,1.1368,2.7798,3.6633,1.9762,1.9835,4.4803,1.0718,1.9579,4.259,1.856,1.6626,3.4543,1.6625,2.4987,3.9987,2.1195,2.5497,4.9128,2.1434,2.3837,3.6978,1.1982,3.0642,3.4254,1.4484,1.4698,4.2248,0.63551,2.9956,3.635,1.6189,1.7303,4.2245,0.73993,1.9956,2.7382,0.69907,2.1943,3.9506,2.6777,2.5984,4.5293,1.9994,2.119,3.4277,1.394,2.8989,3.5421,1.08,2.2087,3.6228,2.5373,2.0091,4.4843,1.4861,1.7314,4.4211,1.5946,2.5879,3.5848,2.0596,2.307,4.0806,2.6884,2.3638,4.9837,0.46653,2.5275,2.9838
1754.8,0.12967,125.48,16.137,0.044683,451.35,1.5015,1.8319,4.1509,1.2698,2.2335,4.2258,1.2099,1.9744,4.2444,2.4781,2.6514,4.2898,0.85976,2.0441,4.2442,1.5182,2.5152,3.8946,3.0774,2.8395,5.9063,1.2009,1.9773,4.2381,1.7441,1.6872,4.2399,1.2874,2.2279,4.2498,0.84678,2.0607,4.2109,2.9246,2.8344,4.5276,5.643,2.7545,1.3913,1.2816,2.7959,3.6669,0.93646,2.1431,3.016,2.497,2.0773,4.4832,1.4702,1.6587,3.9142,0.65259,2.5896,3.86,2.0152,1.7655,3.4861,1.0999,2.4221,3.1242,0.23286,2.2914,3.5115,1.7782,1.6787,3.3956,2.0429,2.7991,4.3351,1.7878,1.6956,3.3992,1.4595,1.6503,3.9282,0.3881,2.15,3.1724,2.0666,2.3817,4.4268,1.4724,1.6818,3.2021,0.82848,1.909,2.7562,3.0677,2.8412,5.8833,2.0165,1.7807,3.4884,1.0179,2.7201,2.9004,1.8241,2.5877,4.0196,0.64651,1.8949,2.7997,1.069,2.4353,3.081,1.9071,1.9195,4.5084,1.6975,1.6666,3.8898,0.51225,2.2019,3.7488,1.1842,2.4773,3.7644,0.97337,2.0867,3.2349,2.5833,2.3202,4.3405,2.0994,2.1788,4.7153,1.487,1.6706,3.9242,1.8951,1.919,4.5003,1.4988,2.1916,3.2621,0.79937,2.1083,3.1488,2.4279,2.3911,4.3432,1.9267,2.5958,4.8475,1.9006,2.6005,4.8189,2.573,2.3254,4.3375,1.2831,2.5077,3.9209,1.7036,2.2404,4.3181,1.9648,3.0383,3.9006,0.5404,2.4689,2.5093,1.5385,2.0675,4.6316,2.0557,3.0487,3.9956,0.36276,2.3896,3.3938,1.6618,1.6043,4.0788,0.69964,2.04,3.0754,2.251,2.2498,4.6598,0.68681,2.5968,3.069,0.97628,2.0932,3.2332,0.068242,2.8917,1.9039,2.0067,1.9974,4.6133,2.5664,2.3285,4.3357,2.6326,2.3193,5.1541,2.064,2.7769,4.3606,1.0802,1.8194,3.97,4.6396,2.9602,0.51826,0.86803,2.123,3.031,1.3051,2.0956,4.2923,1.0472,2.0945,3.4821,2.2394,2.7304,4.497,1.7106,1.5775,4.1472,1.1813,2.5493,3.1004,0.76296,2.4455,3.7586,2.0627,1.9065,3.7157,1.5802,2.4465,3.456,1.6323,2.5435,3.6011,1.6448,1.6448,4.2496,2.0368,2.7757,4.5054,2.0644,2.7739,4.5368,3.4018,2.7761,6.1604,1.7113,1.5745,4.1468,1.7254,2.0029,3.4509,2.0883,2.9321,4.8909,1.1798,2.5504,3.1172,2.6218,2.4432,4.9676,1.0509,2.608,4.0658,1.5831,2.4406,3.4606,1.1679,1.8255,4.0848,1.6669,1.5987,4.0747,1.7164,2.0031,3.4359,0.27221,2.9391,3.3238,2.8918,2.3008,4.6038,1.3131,1.9485,4.2095,1.2822,2.6692,3.3833,1.4475,2.4579,3.3415,1.8526,1.9617,3.6996,1.9459,2.3814,4.0029,1.0769,2.2878,3.1756,2.5406,2.0279,5.1443,1.2493,2.6682,3.34,1.4296,2.4716,3.3214,0.32726,2.9398,3.3747,0.66455,1.8222,2.8738,1.6869,2.0116,4.4548,1.4645,1.8356,4.1312,5.4728,2.892,1.7857,0.82096,2.109,2.8012,1.0465,2.619,4.0698,2.1924,2.525,3.6213,2.6084,2.4354,4.9489,2.8218,2.6921,4.5359,2.1389,2.5159,4.5026,2.3503,2.1125,4.2099,0.76603,2.0114,3.3306,0.37365,2.4619,2.9294,0.59879,2.1422,3.7084,2.3851,2.4783,4.449,0.79177,2.4567,2.8943,1.2516,1.593,4.2859,1.6923,2.0169,3.4379,6.2077,2.686,1.9596,3.2818,2.9329,2.1075,0.7899,2.441,2.9224,1.665,1.6319,4.0787,1.4995,1.876,3.1796,0.76048,2.4539,2.8816,2.1625,2.3442,4.9217,1.1695,2.5628,3.1035,1.0073,1.9608,3.5041,0.50637,1.9784,3.2657,1.7105,2.0144,3.4318,2.3856,2.0968,4.2079,2.1642,2.1526,4.9909,1.2812,1.723,3.8149,0.68834,1.9766,2.7673,2.1674,2.1578,5.0028,2.3357,2.2041,4.4914,1.5711,2.3433,3.9653,4.3031,2.9704,0.23084,1.9543,2.3625,4.002,0.83235,1.9549,4.1235,1.2168,2.5902,4.2381,3.6003,2.8395,6.1612,1.5358,1.6262,3.2911,0.29353,2.2997,3.3693,5.1121,2.9648,1.054,0.60958,2.7713,3.3138,1.3032,2.5162,3.0025,2.1416,2.1307,4.9551,1.4769,2.0794,4.3685,1.5264,1.6277,3.2946,1.3905,2.9239,3.3701,0.49095,2.4398,2.7739,0.9063,2.452,3.0029,0.23144,2.6135,3.3431,1.6226,2.2752,4.1402,0.49577,2.4394,2.7599,1.0393,2.2002,3.6396,1.3935,1.7931,4.2916,0.32012,2.3118,3.3884,1.5276,1.6125,3.2913,0.48719,2.4395,2.7738,3.1135,2.8692,6.039,1.9817,2.584,4.0192,1.9932,2.1879,4.6103,2.5712,2.7747,5.2019,1.8986,1.948,3.8866,1.2934,1.7891,3.6968,2.1606,2.1444,4.9837,1.388,2.6421,3.9779,1.1219,3.0738,2.9588,4.7186,2.9666,0.43294,1.2978,2.6951,4.3688,1.9074,1.9413,3.8798,1.2743,2.6389,2.8968,0.45575,2.764,3.062,0.95724,2.898,4.1463,0.6324,2.5238,2.6297,0.68796,1.9609,2.9608,0.53903,2.406,3.4047,1.563,2.1797,4.254,1.3334,2.6998,4.3959,0.60148,1.9669,3.0735,1.987,1.8765,3.8099,1.192,1.8245,3.6613,2.3814,2.7047,4.8765,1.3714,1.5673,4.154,1.3768,2.1561,3.1649,0.62443,1.9706,3.0781,0.48396,2.4426,2.5988,1.622,2.2813,4.1456,2.3926,2.7009,4.9037,0.61477,1.9754,3.0652,1.5688,1.7027,3.3334,0.47765,3.047,2.3792,0.6128,2.5269,2.6174,2.9555,2.7482,5.9452,5.9717,2.8728,2.6324,4.6748,2.9692,0.38662,2.314,2.3881,3.6976,1.0597,3.0687,3.8575,1.3974,2.3002,3.5275,0.91453,3.0716,3.7125,2.3505,2.2334,3.7818,1.1898,1.818,3.6588,2.4315,2.3464,4.5732,2.559,2.6532,4.0425,1.2852,2.6782,4.3509,1.8968,1.9257,3.8776,1.1634,2.7577,3.6875,2.4007,2.469,5.0217,1.6115,2.6022,3.3516,2.1658,2.1997,4.1076,0.78226,1.9084,3.3608,2.3104,2.4089,3.7179,2.3173,2.4038,3.7105,2.1994,1.9266,4.9334,2.6307,2.2846,4.7903,2.3534,2.2372,3.7885,1.3737,1.5865,3.8497,2.3932,2.7062,4.8988,1.8959,1.9314,3.8821,0.77583,2.1335,3.9984,1.6004,1.8062,4.2544,2.3961,2.704,4.9078,1.4467,2.3869,3.262,5.9631,2.8906,2.2507,1.8508,1.7942,3.4933,1.9441,2.9937,4.257,2.0422,1.9532,4.7904,1.1364,2.5805,4.3081,1.9066,2.1447,4.865,1.612,1.7674,3.9642,1.6038,2.0147,3.3651,1.0505,2.7412,3.5979,0.9506,2.8123,3.841,1.4073,2.4218,3.8574,1.1427,2.7646,3.661,1.8315,1.7524,4.0852,0.92173,2.4579,2.7918,1.9232,2.0823,4.4005,0.1406,2.7855,2.9041,1.0757,1.9507,4.2662,0.96674,2.3207,3.0464,1.6469,2.395,4.5882,0.97491,2.0668,2.852,0.73621,1.9859,2.7413,1.6077,1.7617,3.9674,0.93104,2.454,2.804,1.3701,1.5847,3.8388,2.7476,2.5817,4.613,1.0839,2.1492,3.6179,1.1414,2.7742,3.6676,1.9765,1.9828,4.4819,1.0684,1.9567,4.2592,1.8572,1.6654,3.4557,1.6626,2.5035,3.9987,2.1215,2.5482,4.9097,2.1397,2.3851,3.6935,1.2039,3.0614,3.4297,1.4491,1.4711,4.2224,0.63896,2.9944,3.6397,1.6176,1.724,4.2225,0.7388,1.9947,2.7374,0.70176,2.1945,3.9527,2.6743,2.5966,4.5269,2.0019,2.1164,3.4247,1.398,2.8921,3.5447,1.0791,2.2143,3.6186,2.5393,2.0124,4.4893,1.4843,1.7301,4.4209,1.5904,2.5866,3.5859,2.0589,2.3124,4.0834,2.6825,2.3609,4.9764,0.47332,2.5264,2.9915
1754.8,0.12967,125.48,16.137,0.053619,469.07,1.4974,1.8305,4.1468,1.2687,2.2351,4.2269,1.2055,1.9717,4.2461,2.4744,2.6493,4.2883,0.86008,2.0407,4.2496,1.5179,2.521,3.8949,3.0911,2.8392,5.9235,1.1954,1.9747,4.2388,1.7434,1.681,4.238,1.2894,2.2281,4.2554,0.84429,2.0602,4.2099,2.9305,2.8341,4.5311,5.6305,2.7494,1.3772,1.2889,2.7859,3.6744,0.93228,2.1426,3.0146,2.5002,2.0829,4.4912,1.4694,1.6551,3.9159,0.65161,2.5934,3.8553,2.0173,1.7657,3.4887,1.103,2.4177,3.1351,0.2253,2.2925,3.5013,1.7767,1.6792,3.3972,2.0249,2.793,4.314,1.7882,1.6995,3.4007,1.4567,1.646,3.932,0.38715,2.153,3.167,2.0723,2.3857,4.434,1.4717,1.6842,3.2026,0.82836,1.9143,2.7546,3.0794,2.8411,5.8966,2.019,1.7833,3.4911,1.0215,2.7205,2.906,1.8253,2.5878,4.0233,0.64952,1.8998,2.8004,1.0681,2.4332,3.0859,1.9092,1.9203,4.5118,1.7007,1.662,3.8899,0.51252,2.2019,3.7496,1.1825,2.4873,3.7609,0.96703,2.0916,3.2279,2.5913,2.3244,4.3508,2.1059,2.1842,4.723,1.4891,1.6708,3.9271,1.8953,1.9197,4.5021,1.5005,2.1949,3.2609,0.79384,2.1146,3.14,2.4306,2.3955,4.35,1.9231,2.5951,4.8384,1.8934,2.6012,4.8064,2.5795,2.3313,4.3486,1.2823,2.5121,3.9159,1.7075,2.2427,4.3233,1.9515,3.0333,3.886,0.54776,2.4689,2.5159,1.5364,2.0705,4.6353,2.0539,3.0452,3.9924,0.35706,2.3922,3.3855,1.6619,1.6005,4.078,0.69711,2.0437,3.0703,2.2522,2.2518,4.6621,0.69721,2.5923,3.0825,0.97012,2.099,3.2251,0.054085,2.8918,1.8881,2.0101,2.0009,4.6194,2.5716,2.3351,4.3461,2.624,2.3151,5.1441,2.05,2.7666,4.3457,1.0805,1.8133,3.975,4.6421,2.9517,0.51913,0.86418,2.124,3.0264,1.3051,2.0949,4.298,1.0451,2.0968,3.4794,2.2264,2.7254,4.4816,1.7127,1.5737,4.1451,1.1891,2.5477,3.1068,0.76521,2.4499,3.7556,2.0645,1.9022,3.711,1.5765,2.4489,3.4537,1.6274,2.5476,3.6013,1.6417,1.6391,4.2493,2.0233,2.768,4.4903,2.0558,2.7663,4.5283,3.4121,2.7745,6.1698,1.7137,1.5698,4.1445,1.7307,2.0029,3.4512,2.0831,2.9315,4.8871,1.1869,2.5492,3.1266,2.6185,2.4426,4.9632,1.0557,2.6093,4.0646,1.5795,2.4419,3.4593,1.1637,1.8293,4.082,1.6683,1.5928,4.0728,1.7196,2.0029,3.4327,0.26962,2.9373,3.3221,2.8965,2.302,4.6124,1.3122,1.9484,4.2108,1.288,2.6656,3.3946,1.4436,2.4582,3.3413,1.855,1.9572,3.6944,1.9449,2.3914,4.0056,1.0727,2.2891,3.1729,2.5414,2.0238,5.1444,1.2507,2.6648,3.3461,1.4225,2.4739,3.3175,0.33565,2.938,3.383,0.66142,1.8259,2.8646,1.6834,2.0086,4.4621,1.4637,1.8301,4.1334,5.4575,2.8896,1.7703,0.82083,2.1067,2.8049,1.0511,2.6226,4.0697,2.1976,2.5254,3.6192,2.601,2.4327,4.9387,2.8277,2.6892,4.5405,2.1347,2.5135,4.4969,2.3509,2.1156,4.2142,0.76535,2.017,3.3255,0.38521,2.4588,2.9416,0.5976,2.1423,3.7074,2.3846,2.4718,4.4535,0.80167,2.4547,2.9043,1.2508,1.5951,4.2853,1.6897,2.019,3.4352,6.1878,2.6847,1.9404,3.2973,2.9313,6.1125,0.79889,2.4358,2.9375,1.6659,1.6306,4.0768,1.5009,1.8783,3.1788,0.7638,2.4516,2.8881,2.1608,2.3427,4.9135,1.1749,2.5627,3.1108,1.0085,1.9602,3.5041,0.50027,1.9781,3.2679,1.7127,2.0153,3.4277,2.3856,2.1007,4.2106,2.1692,2.1521,4.9932,1.2793,1.7166,3.8183,0.68971,1.9765,2.7701,2.1731,2.1585,5.0073,2.34,2.2085,4.499,1.572,2.3537,3.9658,4.3198,2.9623,0.24654,1.9543,2.3683,4.0036,0.83052,1.9533,4.1236,1.2267,2.5943,4.2435,3.6172,2.8363,6.178,1.5368,1.6286,3.2921,0.28706,2.2999,3.3605,5.1086,2.9588,1.0511,0.62015,2.768,3.3259,1.3108,2.518,3.0074,2.1423,2.126,4.9501,1.477,2.0756,4.3724,1.5266,1.6285,3.2963,1.3936,2.9226,3.3716,0.50031,2.4373,2.7868,0.90338,2.4511,3.0047,0.23355,2.6123,3.3436,1.6254,2.2797,4.1439,0.50673,2.4377,2.7706,1.0372,2.2071,3.635,1.3933,1.7902,4.2908,0.31938,2.3141,3.385,1.5274,1.6111,3.2923,0.4963,2.4368,2.7868,3.1385,2.8685,6.0657,1.9765,2.5813,4.0165,1.9982,2.1896,4.615,2.556,2.7744,5.1848,1.9002,1.9437,3.8826,1.2932,1.7832,3.6989,2.164,2.1418,4.9837,1.3851,2.6385,3.971,1.1205,3.0716,2.9563,4.7247,2.9625,0.4374,1.3061,2.6968,4.3759,1.9087,1.9376,3.8788,1.2806,2.6396,2.9042,0.47542,2.7614,3.0847,0.96272,2.8986,4.1512,0.64557,2.5246,2.6406,0.68622,1.9668,2.9547,0.5374,2.4076,3.4,1.5623,2.1798,4.2596,1.3495,2.7023,4.4086,0.59467,1.9703,3.0638,1.9885,1.8721,3.8083,1.1916,1.8196,3.6649,2.3646,2.7004,4.8543,1.37,1.5757,4.15,1.3738,2.1558,3.1628,0.62173,1.9751,3.0702,0.48883,2.4408,2.6056,1.6245,2.2878,4.1499,2.3785,2.6961,4.8869,0.60979,1.9806,3.0541,1.5698,1.7004,3.3346,0.46921,3.0482,2.368,0.62063,2.5284,2.6242,2.966,2.7485,5.9579,0.58662,2.8744,2.6531,4.676,2.9643,0.3861,2.3081,2.3836,3.6863,1.0904,3.0652,3.8913,1.3878,2.3102,3.519,0.92768,3.0698,3.7291,2.3469,2.2327,3.776,1.1891,1.8115,3.6622,2.4327,2.3484,4.5759,2.554,2.6583,4.0454,1.2907,2.6772,4.3537,1.8978,1.9178,3.8721,1.1701,2.7499,3.6937,2.3907,2.4655,5.0068,1.6123,2.5982,3.3629,2.1653,2.2029,4.1093,0.78081,1.91,3.3579,2.3028,2.4092,3.7108,2.3108,2.4024,3.7011,2.2032,1.934,4.9402,2.6277,2.2835,4.79,2.3508,2.2374,3.7845,1.3721,1.5868,3.8529,2.3785,2.7028,4.8802,1.8969,1.9251,3.8775,0.77537,2.1316,4.0066,1.5999,1.8007,4.2537,2.3832,2.7001,4.8924,1.4468,2.3868,3.262,5.9708,2.8929,2.2605,1.8495,1.793,3.4972,1.9362,2.9868,4.2467,2.0486,1.9541,4.7985,1.1441,2.5813,4.3163,1.9121,2.1441,4.8658,1.6117,1.7598,3.9638,1.6036,2.0166,3.3598,1.0563,2.7347,3.603,0.95668,2.8089,3.8448,1.4132,2.4287,3.8604,1.146,2.7583,3.6624,1.8297,1.7429,4.0836,0.9238,2.4576,2.7959,1.9268,2.0863,4.4048,0.15601,2.7825,2.919,1.0731,1.9489,4.2673,0.9705,2.3176,3.0537,1.6506,2.3956,4.5891,0.97351,2.0629,2.855,0.7348,1.983,2.7413,1.6065,1.7529,3.9671,0.93467,2.4527,2.8109,1.3675,1.5844,3.8393,2.7442,2.5802,4.6101,1.0836,2.1528,3.6152,1.1458,2.7687,3.6716,1.9768,1.9822,4.4836,1.0648,1.9554,4.2594,1.8584,1.668,3.4571,1.6627,2.508,3.9987,2.1233,2.5468,4.9065,2.1358,2.3866,3.689,1.2105,3.0585,3.4348,1.4499,1.4726,4.2199,0.64163,2.9933,3.6437,1.6163,1.7177,4.2207,0.73775,1.9938,2.7367,0.70443,2.1948,3.9548,2.6709,2.595,4.5248,2.0046,2.1138,3.4219,1.4022,2.885,3.5474,1.0781,2.2202,3.6143,2.5413,2.0158,4.4946,1.4825,1.7288,4.4207,1.5865,2.5853,3.5874,2.0582,2.3176,4.0861,2.677,2.3581,4.9693,0.48011,2.5254,2.9993
1754.8,0.12967,125.48,16.137,0.062556,486.63,1.4934,1.8287,4.1428,1.2678,2.2365,4.2284,1.2012,1.9688,4.2475,2.471,2.6475,4.2871,0.86034,2.0373,4.2548,1.5177,2.5265,3.8951,3.1048,2.8389,5.9406,1.1901,1.9718,4.2394,1.7428,1.6747,4.2361,1.2911,2.2281,4.2609,0.8419,2.0597,4.2089,2.9363,2.834,4.5345,5.6183,2.7443,1.3634,1.2958,2.776,3.6813,0.92812,2.142,3.0132,2.5035,2.0884,4.4996,1.4687,1.6515,3.9177,0.65054,2.5971,3.8504,2.0196,1.7659,3.4913,1.1053,2.4135,3.1451,0.21777,2.2938,3.4909,1.7751,1.6796,3.3989,2.0078,2.787,4.2938,1.7886,1.7031,3.4024,1.4541,1.6419,3.9355,0.38639,2.1557,3.1621,2.0775,2.3892,4.4406,1.471,1.6863,3.2031,0.82834,1.9193,2.7535,3.0913,2.8409,5.9102,2.0217,1.7857,3.4936,1.0253,2.7208,2.9117,1.8266,2.588,4.0269,0.65247,1.9046,2.8011,1.067,2.4312,3.0907,1.9111,1.9209,4.5151,1.7039,1.6578,3.8902,0.51282,2.2019,3.7507,1.1813,2.4966,3.7581,0.96085,2.0963,3.2212,2.5993,2.3285,4.3612,2.1124,2.1892,4.7306,1.4913,1.671,3.93,1.8955,1.9204,4.5039,1.5023,2.1978,3.2597,0.78813,2.1206,3.1309,2.4334,2.3997,4.3568,1.9195,2.5947,4.8292,1.8864,2.6018,4.7941,2.5863,2.3371,4.3602,1.2816,2.5162,3.9111,1.7116,2.245,4.3285,1.9393,3.0284,3.8727,0.55499,2.4691,2.5225,1.534,2.0736,4.6386,2.0524,3.0415,3.9894,0.35156,2.3946,3.3777,1.662,1.597,4.0772,0.69455,2.0472,3.0652,2.2534,2.2535,4.6642,0.70709,2.5881,3.0957,0.96399,2.1045,3.2172,0.040267,2.8917,1.8725,2.0137,2.0045,4.6257,2.5772,2.3418,4.357,2.6157,2.311,5.1342,2.0369,2.756,4.3315,1.0806,1.8073,3.9798,4.6441,2.943,0.51945,0.86041,2.1249,3.0221,1.3053,2.0944,4.3036,1.043,2.0991,3.4764,2.2139,2.7204,4.4671,1.7149,1.5702,4.1432,1.1966,2.5462,3.1127,0.76738,2.4542,3.7525,2.0662,1.898,3.7063,1.5728,2.4512,3.4517,1.6229,2.5515,3.6021,1.6387,1.6338,4.2491,2.0103,2.7601,4.4755,2.0478,2.7587,4.5201,3.4225,2.7727,6.1793,1.716,1.5651,4.1422,1.7361,2.0029,3.4515,2.0786,2.931,4.8838,1.1939,2.548,3.1357,2.6154,2.442,4.9588,1.0602,2.6106,4.0632,1.5759,2.4432,3.4581,1.1595,1.8326,4.0794,1.6696,1.587,4.071,1.723,2.0027,3.4296,0.26751,2.9354,3.3209,2.9013,2.3029,4.6208,1.3113,1.9484,4.212,1.2933,2.6622,3.4053,1.44,2.4586,3.3413,1.8575,1.9526,3.6892,1.9439,2.4011,4.0086,1.0685,2.2904,3.1703,2.5423,2.02,5.1447,1.2523,2.6618,3.3523,1.4154,2.4762,3.3139,0.3441,2.9362,3.3914,0.65814,1.8296,2.8552,1.6797,2.0056,4.4694,1.4631,1.8248,4.1353,5.4418,2.8872,1.7546,0.82049,2.1045,2.8082,1.0553,2.6263,4.0695,2.2017,2.5258,3.6162,2.5933,2.43,4.9284,2.834,2.6861,4.5454,2.131,2.5112,4.4915,2.3515,2.1191,4.219,0.76432,2.0228,3.3199,0.39695,2.4557,2.9541,0.59641,2.1423,3.7064,2.3839,2.4657,4.4579,0.81172,2.4527,2.9144,1.2497,1.5975,4.2847,1.6871,2.0209,3.4324,6.1703,2.6833,1.9214,3.3125,2.9295,0.021436,0.80735,2.4305,2.9521,1.6666,1.6292,4.0749,1.5022,1.8805,3.1781,0.76692,2.4494,2.8946,2.1591,2.3411,4.9052,1.1803,2.5626,3.1179,1.0098,1.9596,3.5041,0.49392,1.9778,3.2702,1.7149,2.0159,3.4237,2.3856,2.1048,4.2136,2.1742,2.1514,4.9953,1.2774,1.7103,3.8215,0.69107,1.9764,2.7728,2.1787,2.1591,5.0115,2.3444,2.2128,4.5067,1.5727,2.3635,3.9662,4.3349,2.9544,0.26096,1.9544,2.3741,4.0053,0.82865,1.9518,4.1236,1.2368,2.5984,4.249,3.6339,2.833,6.1946,1.5379,1.6311,3.2932,0.28067,2.3,3.3519,5.1053,2.9528,1.0486,0.63032,2.7645,3.3373,1.3182,2.5198,3.012,2.1434,2.1214,4.9455,1.4768,2.0717,4.3765,1.5267,1.629,3.2981,1.3966,2.9212,3.3732,0.50974,2.4348,2.7997,0.90082,2.4502,3.0067,0.23555,2.611,3.3439,1.6282,2.2842,4.1476,0.51755,2.436,2.7813,1.035,2.2142,3.6301,1.3933,1.7872,4.2902,0.31876,2.3163,3.3817,1.5272,1.6097,3.2934,0.5053,2.4342,2.7997,3.1625,2.8678,6.0915,1.9716,2.5788,4.0141,2.0033,2.1912,4.6196,2.5405,2.774,5.1672,1.9017,1.9394,3.8784,1.293,1.7774,3.7009,2.1675,2.1391,4.9836,1.3822,2.6348,3.9643,1.1184,3.0696,2.9531,4.7306,2.9583,0.44183,1.3144,2.6984,4.3827,1.91,1.934,3.878,1.2868,2.6402,2.9114,0.49442,2.7588,3.1067,0.96854,2.8989,4.1564,0.65868,2.5252,2.6515,0.68463,1.9726,2.9489,0.53596,2.4089,3.3957,1.5618,2.1797,4.2651,1.3655,2.7045,4.4211,0.58802,1.9735,3.0543,1.9901,1.8678,3.8066,1.1912,1.8146,3.6686,2.3484,2.6961,4.8327,1.3685,1.5837,4.1459,1.3707,2.1554,3.1608,0.61909,1.9798,3.0625,0.4936,2.439,2.6124,1.6273,2.2946,4.1542,2.3648,2.6912,4.8705,0.60469,1.9859,3.0431,1.5708,1.6982,3.3359,0.46022,3.0493,2.3562,0.62811,2.53,2.6307,2.9768,2.7488,5.9706,6.085,2.8759,2.674,4.6774,2.9593,0.38606,2.3024,2.3793,3.6753,1.1179,3.0615,3.922,1.3779,2.3202,3.5104,0.94064,3.068,3.7454,2.3434,2.2321,3.7706,1.1885,1.8048,3.6656,2.4338,2.3502,4.5783,2.5489,2.6632,4.0484,1.2961,2.6764,4.3566,1.8988,1.91,3.8667,1.1763,2.7426,3.6994,2.3811,2.4619,4.9919,1.613,2.5941,3.3743,2.1649,2.2061,4.1111,0.77926,1.9118,3.3548,2.2952,2.4095,3.7039,2.3043,2.401,3.692,2.2073,1.9409,4.9469,2.6246,2.2824,4.7896,2.3483,2.2378,3.7806,1.3707,1.5871,3.8561,2.3642,2.6995,4.8621,1.8981,1.9188,3.8728,0.77501,2.1296,4.0149,1.5997,1.7954,4.253,2.3707,2.6962,4.8775,1.4468,2.3869,3.2619,5.9781,2.8949,2.2699,1.8483,1.7919,3.5009,1.9283,2.98,4.2364,2.0552,1.9552,4.8063,1.1517,2.582,4.3243,1.9176,2.1437,4.8669,1.6114,1.7526,3.9634,1.6036,2.0186,3.3546,1.0616,2.7286,3.6074,0.96209,2.8056,3.848,1.419,2.4354,3.8634,1.149,2.7523,3.6635,1.828,1.7336,4.0821,0.92584,2.4574,2.8,1.9305,2.0904,4.4093,0.1714,2.7793,2.9337,1.0706,1.9471,4.2682,0.97383,2.3149,3.0607,1.6544,2.3963,4.5902,0.97195,2.0594,2.8575,0.73349,1.9805,2.7414,1.6053,1.7444,3.9669,0.93813,2.4515,2.8176,1.365,1.584,3.8399,2.7412,2.5788,4.6079,1.0833,2.1566,3.6122,1.15,2.7633,3.6752,1.9769,1.9817,4.4854,1.0613,1.9541,4.2594,1.8597,1.6704,3.4586,1.6627,2.5122,3.9986,2.125,2.5454,4.9033,2.1318,2.3883,3.6845,1.2176,3.0555,3.4406,1.4506,1.4744,4.2175,0.64356,2.9922,3.6469,1.6151,1.7115,4.219,0.73679,1.993,2.7362,0.7071,2.1949,3.957,2.6677,2.5934,4.523,2.0076,2.1114,3.4196,1.4064,2.8781,3.5504,1.0768,2.2264,3.6095,2.5435,2.0194,4.5001,1.4807,1.7274,4.4206,1.5829,2.584,3.5893,2.0577,2.3229,4.0891,2.6718,2.3555,4.9627,0.48682,2.5244,3.0069
1754.8,0.12967,125.48,16.137,0.071493,504.19,1.4895,1.8268,4.139,1.2672,2.2379,4.23,1.1968,1.9659,4.2487,2.4678,2.6458,4.2864,0.86055,2.0342,4.2597,1.5174,2.5318,3.8954,3.1185,2.8383,5.9578,1.1848,1.9689,4.2401,1.7422,1.6685,4.2342,1.2928,2.2282,4.2664,0.83957,2.059,4.2082,2.9419,2.8337,4.5379,5.6064,2.739,1.3499,1.3021,2.7663,3.6878,0.92396,2.1414,3.0116,2.507,2.094,4.5079,1.4677,1.6482,3.9193,0.64932,2.6008,3.8454,2.0218,1.7661,3.4939,1.1068,2.4096,3.1541,0.21021,2.295,3.4806,1.7736,1.6798,3.4005,1.9916,2.7807,4.2744,1.7891,1.7066,3.4038,1.4516,1.6379,3.9389,0.38583,2.1582,3.1576,2.0824,2.3922,4.4468,1.4701,1.6884,3.2036,0.82839,1.9239,2.7528,3.1034,2.8407,5.9238,2.0244,1.7878,3.4962,1.0291,2.721,2.9177,1.8278,2.5883,4.0304,0.65537,1.9092,2.802,1.0661,2.4292,3.0954,1.9132,1.9214,4.5185,1.707,1.6537,3.8906,0.51314,2.2018,3.7516,1.1805,2.5052,3.7558,0.95484,2.1006,3.2147,2.6073,2.3324,4.3714,2.1187,2.1938,4.738,1.4936,1.6714,3.9328,1.896,1.9212,4.5058,1.504,2.2004,3.2585,0.78225,2.1268,3.1217,2.4362,2.404,4.3636,1.9161,2.5945,4.8197,1.8798,2.6025,4.782,2.5935,2.3429,4.3721,1.2808,2.5203,3.9065,1.716,2.2475,4.3337,1.9282,3.0236,3.8603,0.56215,2.4694,2.5288,1.5313,2.0768,4.6413,2.051,3.0379,3.9868,0.34627,2.397,3.3702,1.6621,1.594,4.0764,0.69196,2.0507,3.0602,2.2544,2.255,4.6661,0.71642,2.5837,3.1085,0.95788,2.1098,3.2092,0.028416,2.8915,1.8576,2.0177,2.0082,4.6321,2.5833,2.3484,4.3682,2.6077,2.3068,5.1243,2.0245,2.7452,4.3184,1.0807,1.8013,3.9845,4.6459,2.9343,0.51946,0.85674,2.1258,3.018,1.3055,2.0939,4.3091,1.0408,2.1015,3.4735,2.2022,2.7155,4.4533,1.7172,1.5668,4.1414,1.204,2.5447,3.1183,0.7695,2.4585,3.7493,2.0679,1.8938,3.7018,1.5692,2.4535,3.4497,1.6188,2.5551,3.6033,1.6358,1.6289,4.2487,1.9977,2.7521,4.4613,2.0401,2.7509,4.5124,3.4327,2.7709,6.1888,1.7184,1.5607,4.1399,1.7417,2.0029,3.4521,2.0748,2.9306,4.8812,1.2005,2.547,3.1443,2.6124,2.4415,4.9545,1.0645,2.6117,4.0614,1.5725,2.4445,3.4571,1.1551,1.8354,4.077,1.671,1.5814,4.0692,1.7263,2.0025,3.4268,0.26581,2.9335,3.3202,2.9059,2.3034,4.6289,1.3104,1.9483,4.2133,1.2982,2.659,3.4155,1.4365,2.4591,3.3415,1.8601,1.9482,3.6842,1.943,2.4105,4.0116,1.0642,2.2916,3.1677,2.5432,2.0164,5.1453,1.2539,2.659,3.3586,1.4085,2.4785,3.3105,0.35254,2.9343,3.3996,0.65476,1.8333,2.8458,1.6757,2.0028,4.4766,1.4624,1.8197,4.1372,5.4261,2.8846,1.7387,0.81996,2.1025,2.811,1.0593,2.6299,4.0689,2.2051,2.5258,3.6129,2.5857,2.4273,4.918,2.8406,2.6831,4.5506,2.1275,2.5093,4.4866,2.3524,2.1228,4.2239,0.763,2.0289,3.3137,0.40881,2.4527,2.9668,0.59524,2.1423,3.7055,2.3833,2.4598,4.4624,0.82189,2.4506,2.9245,1.2486,1.5999,4.2838,1.6844,2.0228,3.4297,6.1528,2.6817,1.9024,3.3276,2.9277,0.049438,0.81521,2.4253,2.9661,1.6674,1.6276,4.0731,1.5035,1.8828,3.1774,0.76976,2.4471,2.9006,2.1575,2.3393,4.897,1.1854,2.5625,3.1247,1.0109,1.9589,3.5042,0.48732,1.9773,3.2727,1.7173,2.0164,3.4196,2.3856,2.1091,4.2166,2.1791,2.1506,4.9973,1.2753,1.7042,3.8246,0.69241,1.9764,2.7755,2.1842,2.1596,5.0156,2.3488,2.2172,4.5144,1.5735,2.373,3.9667,4.3489,2.9466,0.27433,1.9547,2.3801,4.007,0.82676,1.9506,4.1232,1.247,2.6025,4.2544,3.6502,2.8297,6.2109,1.539,1.6337,3.2941,0.2744,2.3,3.3433,5.1024,2.9466,1.0465,0.64001,2.761,3.3483,1.3254,2.5214,3.0164,2.1447,2.117,4.9412,1.4765,2.0674,4.3805,1.5269,1.6295,3.2998,1.3993,2.9198,3.3744,0.51918,2.4322,2.8129,0.89854,2.4493,3.009,0.23736,2.6099,3.344,1.631,2.2888,4.1514,0.5282,2.4345,2.7919,1.0326,2.2215,3.6252,1.3933,1.7844,4.2893,0.31826,2.3183,3.3787,1.527,1.6084,3.2945,0.51419,2.4316,2.8126,3.1858,2.8669,6.1165,1.9667,2.5762,4.0118,2.0083,2.1926,4.624,2.5245,2.7733,5.1491,1.9032,1.9348,3.8742,1.2927,1.7717,3.7029,2.1709,2.1364,4.9834,1.3795,2.6313,3.9577,1.1155,3.0676,2.9491,4.7364,2.954,0.44626,1.3226,2.6999,4.3894,1.9113,1.9304,3.8773,1.2929,2.6409,2.9187,0.51268,2.7562,3.1279,0.97469,2.8988,4.162,0.67172,2.5259,2.6623,0.68323,1.9783,2.9434,0.53473,2.4099,3.3916,1.5612,2.1792,4.2705,1.3812,2.7066,4.4334,0.58158,1.9765,3.0448,1.9915,1.8635,3.8052,1.1907,1.8096,3.6722,2.333,2.6917,4.8118,1.367,1.5915,4.1418,1.3676,2.1549,3.1588,0.6165,1.9842,3.0549,0.4983,2.4373,2.6191,1.6304,2.3017,4.1586,2.3516,2.6865,4.8543,0.59949,1.9909,3.0319,1.5717,1.6961,3.3372,0.45072,3.0503,2.344,0.63522,2.5316,2.6367,2.9877,2.7488,5.9836,0.061038,2.8773,2.695,4.6792,2.9542,0.38654,2.2971,2.3748,3.6645,1.1424,3.0575,3.9497,1.368,2.3298,3.5017,0.95353,3.0661,3.7617,2.3399,2.2316,3.7653,1.1877,1.7982,3.6692,2.4347,2.352,4.5807,2.5437,2.6677,4.0511,1.3015,2.6757,4.3591,1.8998,1.9023,3.8616,1.182,2.7355,3.7046,2.3716,2.4585,4.9772,1.6139,2.5901,3.3858,2.1644,2.2095,4.113,0.77759,1.9136,3.3515,2.2878,2.41,3.6971,2.298,2.3997,3.6828,2.2115,1.9471,4.9533,2.6215,2.2813,4.7891,2.3457,2.2382,3.7769,1.3693,1.5876,3.8593,2.3503,2.6962,4.8444,1.8992,1.9127,3.8684,0.77474,2.1275,4.0231,1.5992,1.79,4.2523,2.3588,2.6924,4.8631,1.4468,2.3871,3.2618,5.9854,2.8971,2.2793,1.8474,1.7908,3.5046,1.9205,2.9731,4.2261,2.0617,1.956,4.814,1.1591,2.5828,4.3322,1.9231,2.1433,4.868,1.611,1.7454,3.963,1.6035,2.0209,3.3497,1.0662,2.7228,3.6113,0.96693,2.8026,3.8505,1.4245,2.4417,3.8663,1.1515,2.7465,3.6642,1.8263,1.7243,4.0806,0.92785,2.4571,2.8041,1.9345,2.0947,4.4138,0.18681,2.776,2.9486,1.0679,1.9453,4.2691,0.97672,2.3123,3.067,1.6583,2.3973,4.5914,0.97027,2.056,2.8598,0.73226,1.978,2.7414,1.6042,1.7362,3.9667,0.94143,2.4503,2.8243,1.3624,1.5834,3.8406,2.7388,2.5776,4.6062,1.0829,2.1608,3.6091,1.1539,2.7582,3.6786,1.9771,1.9812,4.4874,1.0578,1.9529,4.2594,1.861,1.6729,3.46,1.6628,2.5163,3.9985,2.1265,2.5441,4.8999,2.1278,2.3901,3.6799,1.2256,3.0525,3.4471,1.4514,1.4764,4.2151,0.64476,2.9912,3.6494,1.6141,1.7054,4.2175,0.73589,1.9921,2.7357,0.70975,2.1953,3.9592,2.6646,2.5918,4.5213,2.0107,2.1089,3.4176,1.4107,2.871,3.5536,1.0753,2.2327,3.6047,2.5459,2.023,4.5058,1.4788,1.7261,4.4207,1.5797,2.5826,3.5916,2.0572,2.3282,4.0921,2.6669,2.353,4.9563,0.49343,2.5237,3.0142
1754.8,0.12967,125.48,16.137,0.080429,521.75,1.4857,1.8247,4.1354,1.267,2.2391,4.232,1.1923,1.9629,4.2496,2.4649,2.644,4.2858,0.86069,2.0313,4.2645,1.5172,2.5369,3.8957,3.1323,2.8377,5.9748,1.1796,1.9659,4.2408,1.7417,1.6624,4.2322,1.2942,2.2282,4.2719,0.83734,2.0584,4.2075,2.9474,2.8335,4.5411,5.5948,2.7335,1.3368,1.308,2.7568,3.6937,0.91982,2.1408,3.0099,2.5107,2.0996,4.5164,1.4668,1.6452,3.921,0.64795,2.6045,3.8403,2.0241,1.7662,3.4965,1.1076,2.406,3.1622,0.20265,2.2961,3.4701,1.772,1.6799,3.4022,1.9764,2.7746,4.2562,1.7896,1.7097,3.4053,1.4494,1.634,3.9419,0.38542,2.1607,3.1533,2.087,2.3948,4.4524,1.4692,1.6903,3.204,0.82849,1.928,2.7523,3.1157,2.8405,5.9375,2.0273,1.7898,3.4989,1.0331,2.7212,2.9236,1.8291,2.5886,4.034,0.65821,1.9136,2.8029,1.0651,2.4271,3.1001,1.9152,1.9219,4.5218,1.7101,1.65,3.8913,0.51352,2.2016,3.7527,1.1801,2.513,3.7543,0.94902,2.1046,3.2085,2.6152,2.3361,4.3814,2.125,2.1983,4.7451,1.4959,1.6718,3.9357,1.8967,1.922,4.5078,1.5058,2.2029,3.2574,0.77623,2.1328,3.1123,2.439,2.4081,4.3703,1.9128,2.5944,4.8101,1.8735,2.6029,4.7702,2.6009,2.3486,4.3842,1.2801,2.5242,3.9019,1.7205,2.2501,4.3389,1.9178,3.0187,3.8488,0.56922,2.4696,2.5352,1.5285,2.0801,4.6435,2.05,3.0343,3.9843,0.34117,2.3991,3.3631,1.6623,1.5912,4.0756,0.68937,2.0538,3.0553,2.2553,2.2564,4.6677,0.72517,2.5796,3.1208,0.95183,2.1148,3.2014,0.0051755,2.8913,1.8431,2.0218,2.012,4.6387,2.5895,2.355,4.3798,2.5999,2.3027,5.1144,2.013,2.7343,4.3061,1.0807,1.7956,3.9892,4.6475,2.9255,0.51933,0.85311,2.1265,3.0141,1.3057,2.0934,4.3147,1.0385,2.1041,3.4705,2.191,2.7106,4.4401,1.7195,1.5636,4.1395,1.2111,2.5434,3.1236,0.77156,2.4626,3.7461,2.0697,1.8898,3.6974,1.5657,2.4558,3.4478,1.6151,2.5584,3.6052,1.6328,1.6242,4.2484,1.9858,2.744,4.4476,2.0326,2.7432,4.5049,3.443,2.769,6.1981,1.7209,1.5564,4.1376,1.7473,2.0029,3.4529,2.0713,2.9304,4.879,1.2069,2.5461,3.1527,2.6095,2.441,4.9504,1.0684,2.6128,4.0594,1.5691,2.4458,3.4563,1.1507,1.8379,4.0749,1.6724,1.5762,4.0673,1.7298,2.0022,3.4241,0.26447,2.9316,3.3196,2.9105,2.3038,4.6367,1.3095,1.9483,4.2146,1.3029,2.656,3.4253,1.433,2.4597,3.3417,1.8628,1.9436,3.6792,1.9423,2.4197,4.0148,1.0601,2.2928,3.1653,2.5441,2.0129,5.1459,1.2554,2.6564,3.365,1.4018,2.4807,3.3071,0.36088,2.9323,3.4079,0.65133,1.8369,2.8363,1.6716,2.0001,4.4836,1.4618,1.8147,4.139,5.4104,2.8819,1.7228,0.81926,2.1007,2.8136,1.063,2.6335,4.0682,2.2084,2.5254,3.6093,2.5779,2.4243,4.9074,2.8475,2.6801,4.5561,2.1243,2.5075,4.4819,2.3533,2.1267,4.2291,0.76143,2.0352,3.3073,0.42074,2.4496,2.9797,0.5941,2.1423,3.7045,2.3829,2.4542,4.4672,0.83216,2.4484,2.935,1.2474,1.6025,4.2829,1.6816,2.0246,3.4268,6.1354,2.6799,1.8836,3.3422,2.9257,0.063802,0.82242,2.4204,2.9795,1.6682,1.6261,4.0712,1.5048,1.885,3.1767,0.77233,2.445,2.9063,2.156,2.3375,4.8889,1.1904,2.5624,3.1314,1.012,1.9582,3.5042,0.48049,1.9768,3.2754,1.7195,2.0166,3.4155,2.3856,2.1135,4.2198,2.184,2.1497,4.9991,1.2731,1.6983,3.8276,0.69375,1.9763,2.7781,2.1895,2.1599,5.0194,2.3532,2.2213,4.5221,1.5742,2.382,3.967,4.3619,2.9388,0.28683,1.9549,2.3862,4.0089,0.82489,1.9495,4.1228,1.2572,2.6064,4.2598,3.6664,2.8265,6.2273,1.5402,1.6366,3.2951,0.26823,2.3,3.3347,5.0997,2.9404,1.045,0.64921,2.7574,3.3586,1.3322,2.5231,3.0204,2.1462,2.1126,4.9374,1.4759,2.0631,4.3843,1.5271,1.63,3.3016,1.402,2.9185,3.3754,0.5286,2.4296,2.8259,0.89649,2.4483,3.0115,0.23897,2.6087,3.3438,1.6339,2.2935,4.1553,0.53867,2.4329,2.8024,1.0301,2.2288,3.62,1.3933,1.7816,4.2884,0.31791,2.3203,3.376,1.5269,1.6069,3.2955,0.52295,2.429,2.8252,3.2081,2.8659,6.1405,1.9618,2.5739,4.0097,2.0134,2.1938,4.6285,2.508,2.7726,5.1304,1.9048,1.9301,3.8701,1.2924,1.7661,3.7049,2.1744,2.1336,4.9834,1.3767,2.6277,3.9513,1.112,3.0657,2.9446,4.7421,2.9496,0.45068,1.3305,2.7011,4.3959,1.9126,1.9269,3.8766,1.2989,2.6417,2.9259,0.53019,2.7535,3.1481,0.98118,2.8986,4.1679,0.68472,2.5266,2.673,0.682,1.9839,2.9384,0.53365,2.4108,3.3879,1.5607,2.1785,4.276,1.3967,2.7085,4.4455,0.5753,1.9794,3.0355,1.993,1.8594,3.8038,1.1902,1.8046,3.6758,2.3181,2.6874,4.7917,1.3652,1.5988,4.1376,1.3645,2.1544,3.1569,0.61396,1.9888,3.0474,0.50296,2.4356,2.6257,1.6338,2.3089,4.1632,2.3387,2.6816,4.8386,0.59422,1.9958,3.0209,1.5726,1.694,3.3384,0.44069,3.0512,2.3311,0.64198,2.5335,2.6424,2.999,2.7486,5.9968,0.043297,2.8784,2.7163,4.6814,2.949,0.38754,2.2921,2.3702,3.6539,1.1643,3.0533,3.9747,1.3581,2.3392,3.4931,0.96611,3.0642,3.7778,2.3367,2.2311,3.76,1.1869,1.7914,3.6728,2.4356,2.3538,4.5828,2.5385,2.6721,4.0538,1.3067,2.675,4.3616,1.9007,1.8946,3.8565,1.1874,2.7287,3.7093,2.3624,2.455,4.9627,1.6148,2.5861,3.3973,2.1641,2.2131,4.1151,0.7758,1.9156,3.3482,2.2805,2.4104,3.6904,2.2919,2.3985,3.6738,2.2159,1.9528,4.9595,2.6185,2.2802,4.7886,2.3432,2.2387,3.7733,1.3677,1.5881,3.8624,2.3368,2.6927,4.8271,1.9002,1.9068,3.8639,0.77457,2.1254,4.0312,1.5989,1.7849,4.2515,2.3474,2.6886,4.8492,1.4467,2.3873,3.2617,5.9927,2.8991,2.2886,1.8467,1.7898,3.5082,1.9128,2.9662,4.216,2.0682,1.9569,4.8214,1.1663,2.5836,4.34,1.9287,2.1432,4.8691,1.6108,1.7386,3.9627,1.6036,2.0232,3.3449,1.0704,2.7173,3.6147,0.9713,2.7997,3.8524,1.43,2.4476,3.8694,1.154,2.741,3.6646,1.8245,1.7154,4.0792,0.92981,2.457,2.808,1.9387,2.0993,4.4186,0.20221,2.7725,2.9633,1.0652,1.9436,4.2699,0.97921,2.3101,3.0728,1.6624,2.3984,4.5927,0.96846,2.053,2.8617,0.73109,1.9757,2.7414,1.6031,1.7284,3.9665,0.94457,2.4493,2.8308,1.3597,1.5827,3.8413,2.7367,2.5766,4.6052,1.0825,2.165,3.6059,1.1575,2.7532,3.6816,1.9772,1.981,4.4896,1.0544,1.9517,4.2594,1.8624,1.6752,3.4616,1.6628,2.5201,3.9984,2.1281,2.5429,4.8966,2.1239,2.392,3.6752,1.2341,3.0495,3.4544,1.4522,1.4785,4.2126,0.64528,2.9903,3.6511,1.6132,1.6994,4.2159,0.73505,1.9912,2.7353,0.71241,2.1955,3.9613,2.6616,2.5901,4.52,2.014,2.1065,3.4158,1.4151,2.864,3.5569,1.0737,2.2393,3.5996,2.5483,2.0268,4.5118,1.4769,1.7246,4.4209,1.5767,2.5812,3.5942,2.057,2.3333,4.0952,2.6623,2.3505,4.9504,0.49995,2.523,3.0215
1754.8,0.12967,125.48,16.137,0.089366,539.23,1.4818,1.8224,4.1319,1.267,2.2403,4.2341,1.1879,1.9599,4.2504,2.4619,2.6424,4.2854,0.86077,2.0286,4.2689,1.5169,2.5417,3.8959,3.1461,2.8369,5.9919,1.1745,1.9627,4.2415,1.7411,1.6561,4.2302,1.2956,2.2282,4.2775,0.83518,2.0578,4.2069,2.9527,2.8332,4.5443,5.5833,2.7278,1.3239,1.3135,2.7473,3.6993,0.91565,2.1402,3.0081,2.5146,2.1052,4.5251,1.4658,1.6422,3.9226,0.64644,2.6082,3.835,2.0264,1.7663,3.4991,1.1078,2.4027,3.1694,0.19504,2.2973,3.4595,1.7705,1.6799,3.4039,1.9619,2.7683,4.2388,1.7902,1.7126,3.4068,1.4474,1.6301,3.9449,0.38515,2.1629,3.1492,2.0912,2.3971,4.4578,1.4683,1.6921,3.2044,0.82863,1.932,2.7521,3.1282,2.8401,5.9515,2.0303,1.7916,3.5016,1.0372,2.7213,2.9298,1.8304,2.5891,4.0377,0.66103,1.9178,2.804,1.064,2.4251,3.1046,1.9172,1.9224,4.5252,1.7131,1.6463,3.8921,0.51396,2.2014,3.7539,1.1799,2.5204,3.7532,0.94332,2.1086,3.2025,2.6231,2.3396,4.3914,2.1313,2.2025,4.7521,1.4983,1.6724,3.9386,1.8976,1.9228,4.5097,1.5075,2.2052,3.2563,0.77005,2.1388,3.1028,2.442,2.4123,4.377,1.9094,2.5945,4.8002,1.8673,2.6035,4.7585,2.6085,2.3541,4.3967,1.2793,2.528,3.8975,1.7251,2.2527,4.3442,1.9081,3.0139,3.8381,0.57628,2.4701,2.5416,1.5253,2.0835,4.6451,2.0489,3.0305,3.982,0.33621,2.4009,3.3561,1.6625,1.5887,4.0748,0.68677,2.0569,3.0505,2.2562,2.2577,4.6692,0.73337,2.5753,3.1328,0.94582,2.1195,3.1937,5.5329,2.891,1.8291,2.0262,2.0159,4.6454,2.5962,2.3616,4.3917,2.5924,2.2986,5.1045,2.002,2.723,4.2944,1.0807,1.7899,3.9936,4.649,2.9166,0.5192,0.84955,2.1273,3.0102,1.3061,2.093,4.3201,1.0363,2.1066,3.4675,2.1802,2.7058,4.4275,1.7218,1.5604,4.1378,1.2179,2.542,3.1286,0.77362,2.4666,3.7429,2.0714,1.8858,3.6932,1.5621,2.4581,3.446,1.6118,2.5615,3.6075,1.63,1.6199,4.2479,1.9742,2.7357,4.4342,2.0257,2.7354,4.4978,3.4532,2.7671,6.2074,1.7233,1.5522,4.1354,1.7531,2.0029,3.4538,2.0682,2.9301,4.877,1.2131,2.5452,3.1607,2.6067,2.4404,4.9462,1.0721,2.6139,4.0571,1.5659,2.4472,3.4556,1.1465,1.8399,4.0731,1.674,1.5713,4.0656,1.7334,2.0018,3.4216,0.26354,2.9298,3.3195,2.9148,2.3038,4.6441,1.3086,1.9483,4.2159,1.3073,2.6531,3.4348,1.4298,2.4603,3.3422,1.8655,1.9393,3.6745,1.9417,2.4287,4.0181,1.0562,2.294,3.1631,2.545,2.0095,5.1465,1.2569,2.654,3.3715,1.3951,2.4828,3.3039,0.36911,2.9303,3.4159,0.64788,1.8404,2.8269,1.6674,1.9975,4.4902,1.4612,1.81,4.1406,5.3949,2.8791,1.7069,0.81843,2.0991,2.8157,1.0665,2.637,4.0672,2.2118,2.5248,3.6058,2.5702,2.4213,4.8969,2.8546,2.677,4.5617,2.1214,2.506,4.4777,2.3543,2.1308,4.2345,0.75961,2.0417,3.3005,0.43269,2.4466,2.9926,0.59301,2.1422,3.7036,2.3825,2.4489,4.4719,0.84249,2.4462,2.9454,1.2461,1.6051,4.2818,1.6788,2.0263,3.424,6.1182,2.678,1.8651,3.3563,2.9238,0.079369,0.82895,2.4156,2.9921,1.669,1.6245,4.0695,1.5063,1.8871,3.176,0.77463,2.4431,2.9117,2.1545,2.3357,4.8809,1.1952,2.5624,3.138,1.0131,1.9574,3.5043,0.47351,1.9763,3.2782,1.7218,2.0166,3.4116,2.3857,2.1179,4.2231,2.1888,2.1486,5.0007,1.2709,1.6927,3.8305,0.69504,1.9763,2.7807,2.1948,2.1602,5.0231,2.3575,2.2254,4.5297,1.575,2.3906,3.9673,4.3739,2.9313,0.29857,1.9553,2.3923,4.0108,0.82303,1.9486,4.1222,1.2674,2.6104,4.2651,3.6822,2.8232,6.2429,1.5415,1.6396,3.2961,0.26224,2.2998,3.3262,5.0976,2.934,1.0439,0.65793,2.7538,3.3683,1.3388,2.5247,3.0241,2.1479,2.1084,4.9339,1.4752,2.0587,4.3882,1.5273,1.6303,3.3033,1.4044,2.9172,3.3762,0.53792,2.427,2.8389,0.89462,2.4472,3.0142,0.24037,2.6076,3.3434,1.637,2.2982,4.1593,0.54894,2.4314,2.8126,1.0275,2.236,3.6148,1.3933,1.779,4.2874,0.31768,2.322,3.3736,1.5267,1.6055,3.2966,0.53154,2.4265,2.8377,3.2294,2.8647,6.1635,1.957,2.5717,4.0077,2.0184,2.195,4.6328,2.4913,2.7717,5.1115,1.9063,1.9253,3.8658,1.292,1.7606,3.7068,2.1778,2.1307,4.9833,1.3741,2.6242,3.9449,1.108,3.0639,2.9396,4.7477,2.9452,0.45504,1.3382,2.7024,4.4021,1.914,1.9235,3.8761,1.3048,2.6424,2.9331,0.54688,2.7508,3.1676,0.9879,2.8982,4.1741,0.69758,2.5274,2.6836,0.68096,1.9893,2.9337,0.53273,2.4115,3.3844,1.5603,2.1777,4.2813,1.412,2.7102,4.4573,0.56917,1.982,3.0263,1.9945,1.8553,3.8025,1.1896,1.7996,3.6795,2.3041,2.6832,4.7727,1.3635,1.6056,4.1335,1.3614,2.1537,3.155,0.61146,1.9931,3.0402,0.50756,2.4339,2.6323,1.6377,2.3164,4.1677,2.3264,2.6769,4.8234,0.58892,2.0004,3.01,1.5734,1.692,3.3398,0.43,3.0521,2.3178,0.64835,2.5353,2.6478,3.0105,2.7482,6.0101,0.062156,2.8795,2.7374,4.684,2.9437,0.38903,2.2875,2.3657,3.6437,1.1836,3.049,3.9971,1.3482,2.3483,3.4845,0.97791,3.0623,3.793,2.3336,2.2306,3.755,1.186,1.7845,3.6766,2.4364,2.3555,4.5848,2.533,2.6762,4.0562,1.3119,2.6744,4.3639,1.9016,1.887,3.8517,1.1925,2.722,3.7136,2.3536,2.4517,4.9486,1.6157,2.5822,3.4088,2.1638,2.2168,4.1173,0.77395,1.9176,3.3447,2.2733,2.411,3.6838,2.2857,2.3972,3.6647,2.2202,1.958,4.9654,2.6154,2.2791,4.788,2.3407,2.2394,3.7698,1.3661,1.5886,3.8654,2.3236,2.6892,4.8101,1.9014,1.901,3.8597,0.77446,2.1233,4.0392,1.5984,1.7798,4.2508,2.3363,2.6848,4.8357,1.4466,2.3876,3.2616,5.9996,2.901,2.2976,1.8461,1.7888,3.5117,1.9054,2.9593,4.2062,2.0747,1.9577,4.8286,1.1731,2.5845,4.3476,1.9343,2.1432,4.8705,1.6104,1.7317,3.9623,1.6038,2.0256,3.3405,1.0743,2.7121,3.6177,0.97522,2.797,3.8538,1.4353,2.4534,3.8724,1.1562,2.7357,3.6649,1.8229,1.7066,4.0779,0.93174,2.4569,2.812,1.943,2.1039,4.4236,0.21755,2.7689,2.978,1.0624,1.9419,4.2706,0.98135,2.3081,3.0782,1.6665,2.3998,4.5941,0.96656,2.05,2.8633,0.72998,1.9738,2.7413,1.602,1.7208,3.9664,0.94757,2.4482,2.8374,1.357,1.5818,3.8421,2.7349,2.5757,4.6045,1.0819,2.1693,3.6026,1.161,2.7484,3.6844,1.9773,1.9808,4.4918,1.051,1.9505,4.2593,1.8638,1.6774,3.4631,1.6629,2.5238,3.9983,2.1295,2.5416,4.8931,2.1198,2.3939,3.6704,1.2433,3.0463,3.4622,1.453,1.4808,4.2101,0.64516,2.9894,3.6522,1.6123,1.6934,4.2144,0.73425,1.9904,2.7349,0.71504,2.1959,3.9634,2.6587,2.5886,4.5188,2.0174,2.1042,3.4144,1.4194,2.857,3.5605,1.072,2.2461,3.5943,2.5509,2.0307,4.518,1.4751,1.7231,4.4212,1.574,2.5798,3.5971,2.0567,2.3385,4.0984,2.658,2.3482,4.9448,0.50639,2.5225,3.0285
1754.8,0.12967,125.48,16.137,0.098302,556.69,1.4781,1.8199,4.1287,1.2672,2.2413,4.2364,1.1834,1.9568,4.2509,2.4592,2.6409,4.2853,0.86076,2.0261,4.2732,1.5167,2.5465,3.8962,3.1599,2.836,6.0088,1.1696,1.9595,4.2422,1.7407,1.6499,4.2281,1.2969,2.2282,4.283,0.83308,2.0571,4.2065,2.9578,2.8328,4.5475,5.572,2.7219,1.3112,1.3184,2.7383,3.7043,0.91148,2.1395,3.0063,2.5186,2.1107,4.5339,1.4646,1.6396,3.9241,0.64479,2.6118,3.8295,2.0288,1.7663,3.5018,1.1074,2.3996,3.1759,0.18741,2.2984,3.4487,1.769,1.6799,3.4055,1.9483,2.7622,4.2225,1.7907,1.7155,3.4082,1.4454,1.6263,3.9475,0.38499,2.165,3.1454,2.0953,2.3992,4.4627,1.4673,1.6938,3.2048,0.82877,1.9356,2.752,3.141,2.8398,5.9657,2.0334,1.7932,3.5043,1.0415,2.7214,2.9361,1.8318,2.5895,4.0413,0.66379,1.9219,2.8052,1.0629,2.423,3.1091,1.9193,1.9227,4.5287,1.7161,1.6428,3.8929,0.51448,2.2012,3.7551,1.1802,2.5274,3.7527,0.93778,2.1122,3.1966,2.631,2.3431,4.4012,2.1375,2.2065,4.7591,1.5007,1.6731,3.9413,1.8986,1.9236,4.5118,1.5091,2.2073,3.2551,0.76376,2.1448,3.0933,2.4448,2.4163,4.3838,1.906,2.5946,4.7901,1.8614,2.6039,4.747,2.6164,2.3596,4.4094,1.2787,2.5316,3.8932,1.7299,2.2554,4.3495,1.8992,3.009,3.8282,0.58329,2.4705,2.5479,1.5219,2.087,4.6463,2.048,3.0267,3.9798,0.33142,2.4027,3.3496,1.6627,1.5863,4.0739,0.6842,2.0599,3.0457,2.2571,2.2588,4.6705,0.74098,2.5713,3.1444,0.93991,2.124,3.1863,5.9702,2.8906,1.8157,2.0308,2.0198,4.6523,2.6031,2.368,4.4038,2.5852,2.2944,5.0949,1.9918,2.7118,4.2834,1.0807,1.7844,3.998,4.6504,2.9078,0.51909,0.84604,2.1278,3.0066,1.3064,2.0926,4.3256,1.0339,2.1091,3.4644,2.17,2.7011,4.4155,1.7242,1.5573,4.1361,1.2246,2.5406,3.1333,0.77566,2.4705,3.7397,2.0732,1.8819,3.6889,1.5587,2.4604,3.4443,1.6088,2.5642,3.6102,1.627,1.6159,4.2474,1.963,2.7274,4.4213,2.019,2.7275,4.4909,3.4632,2.765,6.2167,1.7258,1.5483,4.1331,1.759,2.0029,3.4549,2.0655,2.9299,4.8754,1.219,2.5443,3.1683,2.604,2.44,4.9423,1.0755,2.6149,4.0547,1.5627,2.4484,3.455,1.1421,1.8416,4.0713,1.6756,1.5667,4.0639,1.737,2.0014,3.4192,0.26292,2.9279,3.3197,2.919,2.3037,4.6512,1.3076,1.9483,4.2173,1.3115,2.6505,3.444,1.4266,2.461,3.3428,1.8683,1.9348,3.6699,1.9411,2.4371,4.0216,1.0523,2.2951,3.1609,2.5458,2.0062,5.1472,1.2584,2.6517,3.3778,1.3887,2.4849,3.3008,0.37717,2.9283,3.4238,0.64445,1.8437,2.8176,1.6629,1.9949,4.4967,1.4606,1.8054,4.1421,5.3794,2.8762,1.6911,0.81748,2.0976,2.8177,1.0697,2.6406,4.066,2.2153,2.524,3.6025,2.5626,2.4181,4.8863,2.8619,2.6739,4.5676,2.1188,2.5047,4.4736,2.3554,2.1352,4.2401,0.75753,2.0484,3.2934,0.44466,2.4436,3.0055,0.59198,2.1421,3.7027,2.3823,2.4441,4.4768,0.85291,2.4439,2.956,1.2447,1.6077,4.2808,1.6761,2.0278,3.4211,6.1014,2.6759,1.847,3.37,2.9217,0.094398,0.83479,2.411,3.0039,1.6697,1.623,4.0678,1.5077,1.8892,3.1753,0.77664,2.4412,2.9167,2.1532,2.3337,4.8732,1.1998,2.5624,3.1443,1.0142,1.9565,3.5044,0.46637,1.9759,3.2814,1.7241,2.0165,3.4076,2.3859,2.1225,4.2267,2.1935,2.1473,5.0021,1.2686,1.6873,3.8331,0.6963,1.9763,2.7832,2.1999,2.1602,5.0266,2.3618,2.2294,4.5371,1.5756,2.3988,3.9675,4.3852,2.9239,0.30976,1.9557,2.3986,4.0129,0.82119,1.9478,4.1215,1.2777,2.6143,4.2702,3.6977,2.8199,0.0058706,1.5429,1.6429,3.2971,0.2564,2.2996,3.3178,5.0956,2.9276,1.0433,0.66615,2.7502,3.3774,1.3451,2.5262,3.0276,2.15,2.1045,4.9307,1.4742,2.0542,4.3919,1.5274,1.6305,3.305,1.4066,2.9159,3.3767,0.54715,2.4245,2.8518,0.89289,2.4461,3.017,0.24157,2.6065,3.3426,1.64,2.3031,4.1633,0.55896,2.4299,2.8227,1.0247,2.2434,3.6095,1.3934,1.7765,4.2863,0.31755,2.3236,3.3714,1.5267,1.6041,3.2977,0.53993,2.4241,2.8499,3.2499,2.8635,6.1856,1.9523,2.5695,4.0056,2.0233,2.196,4.6369,2.4743,2.7707,5.0922,1.9077,1.9205,3.8617,1.2916,1.7551,3.7087,2.1812,2.1279,4.9832,1.3717,2.6207,3.9387,1.1033,3.0622,2.934,4.7532,2.9406,0.45932,1.3458,2.7035,4.4081,1.9155,1.9201,3.8757,1.3106,2.6433,2.9401,0.56278,2.7481,3.1862,0.9948,2.8976,4.1804,0.71031,2.5282,2.694,0.68011,1.9948,2.9293,0.53194,2.4122,3.3811,1.56,2.1766,4.2867,1.427,2.7117,4.4688,0.56317,1.9846,3.0171,1.9959,1.8514,3.8013,1.1891,1.7946,3.6832,2.291,2.6791,4.7545,1.3615,1.6122,4.1292,1.3583,2.1531,3.1532,0.60899,1.9975,3.0331,0.5121,2.4323,2.6389,1.6418,2.3241,4.1723,2.3145,2.6721,4.8086,0.58365,2.0049,2.9993,1.5743,1.6901,3.3411,0.41862,3.053,2.3036,0.65436,2.5373,2.6526,3.0223,2.7477,6.0236,0.080627,2.8804,2.7586,4.6868,2.9384,0.39103,2.2832,2.3611,3.6337,1.2004,3.0445,4.017,1.3385,2.3571,3.4762,0.98887,3.0603,3.8073,2.3304,2.2303,3.7501,1.1851,1.7776,3.6804,2.4371,2.357,4.5867,2.5276,2.68,4.0584,1.3169,2.6738,4.366,1.9026,1.8795,3.8471,1.1972,2.7156,3.7177,2.3453,2.4484,4.9348,1.6167,2.5785,3.4203,2.1637,2.2207,4.1198,0.772,1.9199,3.3409,2.2663,2.4116,3.6772,2.2797,2.396,3.6557,2.2247,1.9627,4.9711,2.6123,2.2781,4.7874,2.3382,2.2402,3.7664,1.3646,1.589,3.8685,2.3106,2.6857,4.7935,1.9027,1.8953,3.8555,0.77443,2.1212,4.0471,1.5979,1.7749,4.2501,2.3258,2.681,4.8227,1.4465,2.388,3.2615,6.0064,2.903,2.3063,1.8459,1.7878,3.5152,1.8983,2.9524,4.1967,2.0811,1.9586,4.8356,1.1797,2.5854,4.3552,1.9399,2.1433,4.8719,1.6101,1.7252,3.962,1.6041,2.0281,3.3361,1.0778,2.7072,3.6203,0.97876,2.7945,3.8548,1.4404,2.4588,3.8756,1.1582,2.7308,3.6649,1.8211,1.6981,4.0766,0.93363,2.4569,2.8159,1.9475,2.1087,4.4286,0.2328,2.7651,2.9926,1.0596,1.9403,4.2713,0.98319,2.3065,3.0831,1.6708,2.4012,4.5955,0.96458,2.0473,2.8646,0.72893,1.9718,2.7412,1.6009,1.7134,3.9663,0.95042,2.4472,2.8438,1.3544,1.5808,3.843,2.7335,2.5748,4.6043,1.0813,2.1739,3.5991,1.1643,2.7438,3.6869,1.9774,1.9807,4.4941,1.0476,1.9494,4.2593,1.8652,1.6795,3.4646,1.6629,2.5274,3.9981,2.1308,2.5405,4.8897,2.1157,2.3959,3.6655,1.253,3.0431,3.4706,1.4539,1.4832,4.2077,0.6445,2.9885,3.6528,1.6115,1.6876,4.213,0.73348,1.9895,2.7347,0.71767,2.1963,3.9655,2.656,2.5871,4.5178,2.0209,2.1019,3.4132,1.4239,2.85,3.5643,1.0699,2.253,3.5888,2.5536,2.0346,4.5244,1.4731,1.7216,4.4216,1.5715,2.5784,3.6003,2.0567,2.3436,4.1017,2.6539,2.3461,4.9395,0.51274,2.5221,3.0355
1754.8,0.12967,125.48,16.137,0.10724,574.1,1.4745,1.8171,4.1256,1.2677,2.2424,4.2388,1.1789,1.9537,4.2512,2.4564,2.6395,4.2852,0.86067,2.0239,4.2771,1.5166,2.5509,3.8965,3.1734,2.835,6.0254,1.1647,1.9563,4.243,1.7403,1.6436,4.226,1.2981,2.2281,4.2886,0.83108,2.0565,4.2062,2.9628,2.8326,4.5507,5.5609,2.7159,1.2988,1.3229,2.7296,3.7088,0.9073,2.1388,3.0044,2.5228,2.1162,4.5427,1.4634,1.6372,3.9255,0.64299,2.6155,3.8238,2.0313,1.7664,3.5044,1.1064,2.3969,3.1815,0.17975,2.2997,3.4379,1.7676,1.6797,3.4072,1.9357,2.7562,4.2071,1.7913,1.7182,3.4095,1.4435,1.6227,3.9501,0.38493,2.167,3.1418,2.0991,2.4011,4.4672,1.4663,1.6954,3.2051,0.82888,1.9391,2.7522,3.1538,2.8394,5.9798,2.0366,1.7948,3.5071,1.0458,2.7216,2.9424,1.8332,2.59,4.0451,0.6665,1.9259,2.8064,1.0618,2.4209,3.1135,1.9214,1.923,4.5322,1.719,1.6394,3.8939,0.51509,2.2008,3.7565,1.1807,2.5338,3.7527,0.93237,2.1157,3.191,2.6387,2.3464,4.4107,2.1436,2.2103,4.7658,1.5031,1.6738,3.944,1.8998,1.9245,4.514,1.5108,2.2093,3.254,0.7574,2.1505,3.0837,2.4476,2.4201,4.3904,1.9026,2.5949,4.78,1.8558,2.6043,4.7356,2.6246,2.3649,4.4223,1.2781,2.5352,3.8891,1.7349,2.2582,4.3547,1.891,3.0042,3.819,0.59024,2.471,2.5541,1.5184,2.0905,4.6471,2.0472,3.023,3.9777,0.32683,2.4043,3.3434,1.663,1.5842,4.0731,0.68167,2.0626,3.0412,2.2578,2.26,4.6715,0.74802,2.5672,3.1555,0.93416,2.1283,3.179,6.2521,2.8901,1.8027,2.0357,2.0238,4.6593,2.6102,2.3742,4.416,2.5784,2.2903,5.0854,1.9821,2.7004,4.2731,1.0807,1.7791,4.0023,4.6518,2.8991,0.51895,0.8426,2.1283,3.003,1.3069,2.0922,4.3309,1.0316,2.1118,3.4612,2.1602,2.6964,4.4041,1.7266,1.5542,4.1344,1.2311,2.5394,3.1377,0.77767,2.4742,3.7365,2.075,1.8782,3.6848,1.5551,2.4627,3.4427,1.6062,2.5668,3.6132,1.6241,1.6122,4.2469,1.9524,2.719,4.4088,2.0126,2.7197,4.4846,3.4734,2.7628,6.2258,1.7282,1.5444,4.131,1.7649,2.0028,3.456,2.0629,2.9298,4.8738,1.2246,2.5436,3.1756,2.6014,2.4396,4.9384,1.0787,2.6158,4.0521,1.5597,2.4499,3.4545,1.1378,1.8431,4.0697,1.6772,1.5623,4.0622,1.7407,2.0009,3.4171,0.26254,2.926,3.32,2.9231,2.3033,4.658,1.3065,1.9484,4.2186,1.3155,2.6479,3.4529,1.4235,2.4617,3.3434,1.8711,1.9305,3.6653,1.9407,2.4453,4.0253,1.0485,2.2962,3.1589,2.5464,2.0032,5.1477,1.2599,2.6494,3.3841,1.3823,2.4869,3.2979,0.38498,2.9261,3.4315,0.64107,1.8469,2.8086,1.6583,1.9925,4.5026,1.4601,1.8009,4.1436,5.3641,2.8733,1.6754,0.81646,2.0962,2.8194,1.0728,2.644,4.0648,2.2193,2.523,3.5998,2.555,2.4148,4.8758,2.8695,2.6707,4.5738,2.1164,2.5036,4.4699,2.3565,2.1395,4.2459,0.75517,2.0551,3.2859,0.45662,2.4407,3.0185,0.59101,2.142,3.702,2.3821,2.4396,4.4818,0.86341,2.4415,2.9667,1.2433,1.6105,4.2796,1.6732,2.0293,3.4182,6.0848,2.6737,1.8291,3.3833,2.9195,0.10899,0.8399,2.4066,3.0148,1.6703,1.6213,4.066,1.5091,1.8913,3.1748,0.77838,2.4394,2.9213,2.1521,2.3318,4.8656,1.2043,2.5625,3.1503,1.0152,1.9556,3.5045,0.45899,1.9754,3.2848,1.7263,2.0162,3.4037,2.3862,2.1271,4.2304,2.1982,2.146,5.0033,1.2662,1.6822,3.8356,0.6975,1.9764,2.7855,2.2049,2.1602,5.0299,2.366,2.2332,4.5444,1.5762,2.4067,3.9678,4.3959,2.9166,0.32052,1.9561,2.4048,4.015,0.81937,1.9472,4.1206,1.2879,2.6181,4.2752,3.7131,2.8167,0.36444,1.5445,1.6463,3.2981,0.25071,2.2995,3.3095,5.0941,2.9212,1.0434,0.6739,2.7466,3.3858,1.3511,2.5278,3.0306,2.1522,2.1006,4.9278,1.4732,2.0494,4.3956,1.5277,1.6308,3.3066,1.4088,2.9148,3.3771,0.55637,2.4219,2.8647,0.89128,2.4449,3.0198,0.24254,2.6054,3.3417,1.6432,2.3081,4.1675,0.56877,2.4285,2.8326,1.0219,2.2507,3.6041,1.3935,1.774,4.2851,0.31752,2.3252,3.3693,1.5265,1.6028,3.2988,0.54816,2.4217,2.8619,3.2696,2.8623,6.2068,1.9475,2.5674,4.0036,2.0283,2.1969,4.641,2.4572,2.7696,5.0726,1.9091,1.9155,3.8574,1.2912,1.7498,3.7106,2.1846,2.125,4.9832,1.3692,2.6172,3.9326,1.0983,3.0606,2.928,4.7584,2.936,0.46352,1.3533,2.7045,4.4138,1.917,1.9168,3.8754,1.3162,2.6442,2.9472,0.57792,2.7455,3.2039,1.0018,2.8968,4.1867,0.72291,2.5291,2.7043,0.67942,1.9999,2.9253,0.53127,2.4127,3.3781,1.5597,2.1755,4.2919,1.4415,2.713,4.48,0.55727,1.987,3.008,1.9973,1.8477,3.8001,1.1886,1.7896,3.6868,2.2787,2.675,4.7375,1.3595,1.6184,4.125,1.3551,2.1524,3.1514,0.60652,2.0017,3.0261,0.51661,2.4306,2.6455,1.6462,2.332,4.177,2.3032,2.6675,4.794,0.57844,2.009,2.9889,1.575,1.6882,3.3424,0.40659,3.0539,2.289,0.66002,2.5394,2.6573,3.0341,2.747,6.0373,0.099078,2.8812,2.7798,4.69,2.9331,0.39351,2.2791,2.3565,3.6241,1.2149,3.04,4.0344,1.3288,2.3653,3.4682,0.99903,3.0583,3.8208,2.3274,2.2299,3.7453,1.184,1.7706,3.6841,2.4378,2.3586,4.5885,2.5219,2.6835,4.0605,1.3218,2.6733,4.3681,1.9035,1.872,3.8425,1.2017,2.7095,3.7215,2.3375,2.4452,4.9215,1.6174,2.575,3.4314,2.1635,2.2246,4.1223,0.76999,1.9222,3.3372,2.2594,2.4123,3.6708,2.2738,2.3948,3.6468,2.229,1.967,4.9765,2.6092,2.277,4.7868,2.3356,2.241,3.7632,1.363,1.5894,3.8713,2.298,2.682,4.7773,1.9037,1.8897,3.8513,0.77447,2.119,4.0549,1.5975,1.7701,4.2492,2.3156,2.6774,4.8101,1.4464,2.3884,3.2615,6.0131,2.9049,2.3151,1.8457,1.7868,3.5185,1.8916,2.9455,4.1876,2.0874,1.9594,4.8425,1.1862,2.5863,4.3627,1.9454,2.1436,4.8733,1.6097,1.7189,3.9617,1.6044,2.0307,3.3319,1.0809,2.7026,3.6224,0.98201,2.7921,3.8555,1.4455,2.464,3.879,1.1601,2.726,3.6647,1.8193,1.6899,4.0754,0.93547,2.4568,2.8196,1.9523,2.1135,4.4339,0.24791,2.7612,3.007,1.0567,1.9386,4.2718,0.98476,2.3049,3.0876,1.6751,2.4026,4.597,0.96254,2.0446,2.8658,0.72794,1.9702,2.7411,1.5998,1.7065,3.9661,0.95314,2.4463,2.85,1.3517,1.5797,3.8439,2.7323,2.5741,4.6043,1.0807,2.1785,3.5954,1.1675,2.7392,3.6894,1.9775,1.9807,4.4965,1.0444,1.9482,4.2593,1.8667,1.6816,3.4661,1.6628,2.5308,3.998,2.132,2.5394,4.8861,2.1115,2.3979,3.6607,1.2631,3.0398,3.4794,1.4546,1.4856,4.2052,0.64331,2.9877,3.6527,1.611,1.6819,4.2116,0.73276,1.9887,2.7344,0.72029,2.1968,3.9676,2.6533,2.5857,4.5171,2.0245,2.0997,3.4121,1.4283,2.843,3.5683,1.0678,2.26,3.5832,2.5563,2.0386,4.5311,1.4712,1.7202,4.422,1.5692,2.5771,3.6038,2.0566,2.3488,4.1051,2.65,2.3441,4.9345,0.51899,2.5219,3.0421
1754.8,0.12967,125.48,16.137,0.11618,591.31,1.471,1.8142,4.1228,1.2684,2.2433,4.2415,1.1744,1.9506,4.2513,2.4538,2.638,4.2853,0.86053,2.0218,4.2808,1.5165,2.5553,3.8968,3.187,2.834,6.042,1.1598,1.953,4.2438,1.7399,1.6374,4.2238,1.2992,2.228,4.2941,0.82914,2.0559,4.2059,2.9676,2.8322,4.5537,5.5501,2.7099,1.2867,1.327,2.7212,3.7128,0.90312,2.1381,3.0025,2.527,2.1217,4.5517,1.4621,1.6349,3.9269,0.64104,2.6191,3.818,2.0337,1.7664,3.507,1.105,2.3943,3.1865,0.17204,2.3007,3.427,1.766,1.6794,3.4088,1.9239,2.7502,4.1927,1.792,1.7206,3.4109,1.4418,1.619,3.9525,0.38497,2.1688,3.1384,2.1026,2.4027,4.4715,1.4653,1.6971,3.2054,0.82894,1.9422,2.7523,3.1667,2.8388,5.9942,2.0399,1.7963,3.51,1.0501,2.7218,2.9488,1.8347,2.5906,4.0488,0.66916,1.9297,2.8077,1.0605,2.4189,3.1177,1.9235,1.9232,4.5356,1.7219,1.6362,3.8949,0.51579,2.2005,3.7581,1.1816,2.5399,3.7531,0.92708,2.119,3.1854,2.6464,2.3495,4.4202,2.1498,2.2141,4.7725,1.5055,1.6747,3.9465,1.901,1.9254,4.5162,1.5125,2.2111,3.2528,0.75096,2.1562,3.0741,2.4504,2.4239,4.3969,1.8992,2.5952,4.7696,1.8502,2.6047,4.7244,2.6329,2.3701,4.4354,1.2775,2.5385,3.885,1.74,2.261,4.36,1.8832,2.9995,3.8103,0.59713,2.4716,2.5603,1.5147,2.0939,4.6476,2.0465,3.0191,3.9757,0.32242,2.4058,3.3376,1.6633,1.5822,4.0722,0.67918,2.0652,3.0367,2.2585,2.261,4.6725,0.75461,2.5632,3.1663,0.92856,2.1323,3.1719,6.25,2.8895,1.7903,2.0409,2.0278,4.6665,2.6175,2.3802,4.4284,2.5719,2.2861,5.0765,1.9731,2.6889,4.2635,1.0806,1.7739,4.0066,4.6531,2.8903,0.51879,0.83923,2.1289,2.9996,1.3074,2.0919,4.3362,1.0293,2.1144,3.4581,2.1507,2.6916,4.393,1.7291,1.5511,4.1327,1.2375,2.5381,3.1419,0.77969,2.478,3.7334,2.0768,1.8744,3.6808,1.5517,2.4651,3.4411,1.6038,2.5692,3.6165,1.6213,1.6088,4.2463,1.9421,2.7106,4.3967,2.0067,2.7118,4.4785,3.4835,2.7606,6.235,1.7307,1.5406,4.1287,1.7709,2.0028,3.4574,2.0604,2.9297,4.8721,1.23,2.5429,3.1826,2.5989,2.4392,4.9346,1.0818,2.6168,4.0491,1.5568,2.4513,3.4542,1.1336,1.8445,4.0682,1.6788,1.5583,4.0605,1.7445,2.0003,3.4151,0.26248,2.924,3.3206,2.927,2.3027,4.6645,1.3055,1.9484,4.22,1.3195,2.6456,3.4616,1.4204,2.4625,3.3442,1.8739,1.9262,3.6609,1.9405,2.4532,4.0292,1.0448,2.2972,3.1569,2.5471,2.0002,5.1483,1.2615,2.6473,3.3903,1.376,2.4888,3.2949,0.39269,2.924,3.439,0.63776,1.8499,2.7997,1.6535,1.9902,4.5082,1.4596,1.7967,4.145,5.349,2.8703,1.6598,0.8154,2.0949,2.8211,1.0757,2.6474,4.0632,2.2236,2.5219,3.5978,2.5476,2.4114,4.8654,2.8772,2.6674,4.5802,2.1142,2.5027,4.4663,2.3578,2.144,4.2518,0.75254,2.062,3.2781,0.46858,2.4378,3.0315,0.59011,2.1418,3.7012,2.3821,2.4352,4.4868,0.87402,2.439,2.9775,1.2416,1.6133,4.2783,1.6704,2.0307,3.4153,6.0685,2.6713,1.8115,3.3961,2.9173,0.12304,0.84432,2.4024,3.025,1.671,1.6196,4.0643,1.5106,1.8933,3.1743,0.77983,2.4377,2.9256,2.1511,2.3298,4.8583,1.2087,2.5626,3.1564,1.0162,1.9547,3.5047,0.45151,1.9749,3.2885,1.7287,2.0157,3.3997,2.3866,2.1319,4.2344,2.2026,2.1445,5.0044,1.2638,1.6772,3.838,0.69867,1.9765,2.7878,2.2098,2.16,5.033,2.3702,2.237,4.5517,1.5768,2.4144,3.9679,4.4061,2.9095,0.33086,1.9566,2.4112,4.0172,0.81759,1.9467,4.1196,1.2982,2.6219,4.2801,3.7282,2.8135,5.9942,1.5461,1.6498,3.2991,0.24523,2.2992,3.3014,5.093,2.9146,1.0438,0.68119,2.743,3.3938,1.3568,2.5293,3.0335,2.1547,2.0969,4.9254,1.472,2.0445,4.3991,1.5278,1.631,3.3083,1.4107,2.9137,3.3773,0.56549,2.4193,2.8775,0.88978,2.4437,3.0228,0.24332,2.6043,3.3405,1.6465,2.313,4.1717,0.57833,2.4271,2.8422,1.0189,2.2581,3.5985,1.3935,1.7716,4.2838,0.31756,2.3266,3.3675,1.5264,1.6014,3.2999,0.55615,2.4195,2.8735,3.2885,2.8609,6.2255,1.9428,2.5655,4.0018,2.0332,2.1977,4.6451,2.44,2.7683,5.0529,1.9105,1.9104,3.8533,1.2908,1.7445,3.7124,2.188,2.1221,4.9832,1.3669,2.6139,3.9268,1.0928,3.0591,2.9216,4.7634,2.9313,0.46761,1.3605,2.7054,4.4194,1.9186,1.9136,3.8752,1.3217,2.6452,2.9541,0.59226,2.7428,3.2207,1.009,2.8959,4.1932,0.73527,2.53,2.7144,0.67887,2.005,2.9216,0.53073,2.4132,3.3752,1.5595,2.1742,4.2971,1.4559,2.7143,4.4908,0.5515,1.9895,2.999,1.9988,1.8439,3.799,1.1879,1.7846,3.6904,2.2674,2.671,4.7215,1.3575,1.6242,4.1208,1.3519,2.1516,3.1496,0.60407,2.0058,3.0193,0.52106,2.4289,2.6519,1.6509,2.34,4.1817,2.2922,2.6629,4.7801,0.57335,2.0128,2.9788,1.5758,1.6864,3.3438,0.39378,3.0547,2.2734,0.66533,2.5416,2.6615,3.0463,2.746,6.051,0.11737,2.8819,2.8009,4.6934,2.9278,0.39649,2.2754,2.352,3.6148,1.2275,3.0355,4.0498,1.3194,2.3731,3.4604,1.0083,3.0563,3.8334,2.3244,2.2296,3.7405,1.183,1.7636,3.688,2.4385,2.3602,4.5902,2.5162,2.6868,4.0623,1.3266,2.6728,4.3698,1.9044,1.8646,3.8381,1.206,2.7036,3.7251,2.3302,2.4421,4.9088,1.618,2.5717,3.4423,2.1634,2.2287,4.125,0.7679,1.9246,3.3332,2.2526,2.413,3.6644,2.268,2.3935,3.6379,2.2332,1.9709,4.9815,2.6061,2.2759,4.7861,2.3332,2.2419,3.7601,1.3614,1.59,3.8741,2.2858,2.6782,4.7614,1.9049,1.8843,3.8473,0.77457,2.1167,4.0626,1.5969,1.7654,4.2484,2.3058,2.6737,4.7979,1.4462,2.3888,3.2614,6.0197,2.9067,2.3236,1.8458,1.7858,3.5217,1.8852,2.9386,4.1788,2.0937,1.9601,4.8491,1.1923,2.5872,4.37,1.951,2.1439,4.8749,1.6094,1.7127,3.9614,1.6048,2.0334,3.3279,1.0837,2.6981,3.6244,0.98495,2.7898,3.8559,1.4504,2.4689,3.8823,1.1617,2.7214,3.6643,1.8176,1.6821,4.0743,0.93724,2.4569,2.8232,1.9571,2.1185,4.4392,0.26279,2.7571,3.0212,1.0538,1.9369,4.2723,0.98613,2.3034,3.0919,1.6793,2.4042,4.5986,0.96046,2.0421,2.8668,0.727,1.9686,2.7409,1.5988,1.6997,3.9659,0.9557,2.4453,2.8563,1.349,1.5784,3.8449,2.7312,2.5735,4.6045,1.0799,2.1833,3.5918,1.1706,2.7346,3.6918,1.9775,1.9808,4.499,1.0413,1.947,4.2594,1.8682,1.6836,3.4677,1.6628,2.534,3.9978,2.1333,2.5383,4.8827,2.1074,2.4001,3.6556,1.2735,3.0365,3.4886,1.4555,1.4881,4.2029,0.64168,2.9869,3.6522,1.6105,1.6764,4.2102,0.73206,1.9879,2.7342,0.72288,2.1973,3.9697,2.6507,2.5842,4.5165,2.028,2.0975,3.4112,1.4328,2.8362,3.5724,1.0653,2.2671,3.5774,2.5593,2.0427,4.5378,1.4693,1.7187,4.4226,1.5671,2.5757,3.6072,2.0567,2.3539,4.1085,2.6464,2.3421,4.9298,0.52516,2.5217,3.0487
1754.8,0.12967,125.48,16.137,0.12511,608.65,1.4675,1.8112,4.1201,1.2693,2.2442,4.2442,1.1699,1.9475,4.2512,2.4512,2.6366,4.2854,0.86031,2.0199,4.2844,1.5165,2.5595,3.897,3.2002,2.8328,6.0583,1.1552,1.9498,4.2445,1.7396,1.6313,4.2216,1.3002,2.2279,4.2996,0.82729,2.0552,4.2058,2.9723,2.8319,4.5567,5.5394,2.7035,1.275,1.3306,2.7134,3.7164,0.89895,2.1373,3.0006,2.5314,2.127,4.5607,1.4606,1.6329,3.9283,0.6389,2.6226,3.8119,2.0363,1.7663,3.5096,1.103,2.3921,3.1908,0.16429,2.3019,3.4159,1.7646,1.6792,3.4106,1.913,2.7444,4.1794,1.7927,1.723,3.4123,1.4401,1.6155,3.9545,0.38511,2.1705,3.1351,2.106,2.4042,4.4754,1.4642,1.6986,3.2056,0.82894,1.9452,2.7525,3.1797,2.8382,6.0085,2.0433,1.7977,3.5128,1.0546,2.7219,2.9552,1.8363,2.5912,4.0526,0.67175,1.9333,2.8091,1.0591,2.4169,3.1218,1.9255,1.9233,4.5391,1.7247,1.6331,3.8959,0.51664,2.2,3.7597,1.1827,2.5456,3.754,0.92196,2.1221,3.1801,2.654,2.3525,4.4294,2.1559,2.2175,4.7791,1.5079,1.6756,3.949,1.9025,1.9263,4.5185,1.5142,2.2128,3.2517,0.74452,2.1617,3.0647,2.4531,2.4275,4.4033,1.8957,2.5957,4.759,1.845,2.6052,4.7135,2.6413,2.3753,4.4487,1.2769,2.5417,3.8811,1.7453,2.2638,4.3653,1.8758,2.9946,3.802,0.60392,2.4722,2.5664,1.5108,2.0974,4.6478,2.0458,3.0151,3.9738,0.31819,2.407,3.332,1.6635,1.5803,4.0714,0.67677,2.0677,3.0324,2.2591,2.2619,4.6733,0.76067,2.5593,3.1766,0.92317,2.1361,3.1653,6.2403,2.8889,1.7783,2.0462,2.0318,4.6737,2.6249,2.3859,4.4408,2.566,2.2821,5.068,1.9648,2.6777,4.2545,1.0806,1.7687,4.0107,4.6543,2.8815,0.51869,0.83593,2.1295,2.9963,1.308,2.0916,4.3415,1.0268,2.1171,3.4549,2.1417,2.687,4.3826,1.7316,1.5479,4.1311,1.2436,2.5369,3.1457,0.78168,2.4815,3.7303,2.0786,1.8707,3.6769,1.5482,2.4675,3.4396,1.6018,2.5715,3.62,1.6185,1.6058,4.2457,1.9323,2.7022,4.385,2.0011,2.7041,4.4727,3.4936,2.7582,6.2442,1.7332,1.5372,4.1266,1.777,2.0027,3.4589,2.0578,2.9296,4.8705,1.2351,2.5422,3.1891,2.5964,2.4388,4.9308,1.0845,2.6176,4.0463,1.5539,2.4526,3.4541,1.1295,1.8456,4.0668,1.6806,1.5545,4.0588,1.7483,1.9996,3.4133,0.26259,2.9221,3.3213,2.9308,2.302,4.6705,1.3044,1.9485,4.2214,1.3232,2.6433,3.47,1.4176,2.4633,3.3451,1.8768,1.9219,3.6568,1.9404,2.4606,4.0333,1.0411,2.2981,3.155,2.5476,1.9973,5.1488,1.263,2.6454,3.3966,1.3697,2.4907,3.2922,0.40018,2.9218,3.4462,0.63459,1.8526,2.7913,1.6484,1.9878,4.5132,1.4591,1.7924,4.1463,5.3342,2.8671,1.6444,0.81429,2.0937,2.8225,1.0783,2.6507,4.0616,2.2282,2.5207,3.5963,2.5403,2.408,4.8551,2.8852,2.6642,4.5867,2.1122,2.502,4.4631,2.3591,2.1486,4.2577,0.74965,2.0688,3.2702,0.48047,2.4351,3.0444,0.58928,2.1416,3.7005,2.3822,2.4314,4.4921,0.88462,2.4364,2.9884,1.24,1.6161,4.277,1.6676,2.032,3.4124,6.0526,2.6688,1.7944,3.4082,2.9151,0.13642,0.84791,2.3985,3.0341,1.6716,1.6179,4.0628,1.5121,1.8953,3.1738,0.78097,2.4362,2.9295,2.1504,2.3279,4.8513,1.2128,2.5627,3.1621,1.017,1.9537,3.5048,0.44408,1.9746,3.2922,1.7309,2.015,3.3959,2.3872,2.1366,4.2385,2.2071,2.143,5.0053,1.2613,1.6726,3.84,0.69978,1.9766,2.79,2.2145,2.1598,5.0359,2.3742,2.2407,4.5587,1.5774,2.4217,3.968,4.4159,2.9024,0.34095,1.9572,2.4176,4.0195,0.81585,1.9463,4.1187,1.3081,2.6255,4.2848,3.743,2.8103,0.034319,1.5479,1.6534,3.3001,0.24001,2.299,3.2935,5.0921,2.9081,1.0447,0.68794,2.7396,3.401,1.3622,2.5307,3.036,2.1573,2.0933,4.9232,1.4707,2.0397,4.4027,1.5279,1.631,3.3099,1.4126,2.9126,3.3773,0.57444,2.4168,2.8902,0.88837,2.4425,3.0257,0.24394,2.6033,3.339,1.6499,2.3181,4.176,0.58767,2.4258,2.8517,1.0157,2.2654,3.5928,1.3936,1.7692,4.2825,0.31766,2.3278,3.3658,1.5263,1.6001,3.3011,0.56393,2.4173,2.8849,3.3064,2.8594,0.012918,1.9382,2.5637,3.9999,2.038,2.1984,4.649,2.4227,2.767,5.033,1.9119,1.9052,3.8491,1.2904,1.7393,3.7142,2.1914,2.1193,4.9832,1.3646,2.6105,3.9211,1.0869,3.0577,2.9149,4.7681,2.9266,0.4716,1.3675,2.7062,4.4246,1.9201,1.9105,3.8751,1.3272,2.6461,2.9611,0.6058,2.7401,3.2366,1.0161,2.8949,4.1996,0.74744,2.5309,2.7244,0.6785,2.01,2.9182,0.53028,2.4137,3.3725,1.5594,2.1728,4.3024,1.4696,2.7155,4.5011,0.54583,1.9919,2.99,2.0002,1.8405,3.798,1.1873,1.7795,3.6941,2.257,2.6672,4.7066,1.3554,1.6298,4.1166,1.3488,2.1508,3.1478,0.6016,2.0098,3.0126,0.52548,2.4273,2.6583,1.6558,2.3481,4.1863,2.2818,2.6584,4.7666,0.56842,2.0164,2.9692,1.5765,1.6847,3.3452,0.38031,3.0555,2.2573,0.6703,2.544,2.6654,3.0586,2.7451,6.0651,0.13562,2.8824,2.8218,4.6971,2.9226,0.39993,2.2718,2.3474,3.6058,1.2382,3.0309,4.0631,1.3103,2.3803,3.4531,1.0169,3.0544,3.8452,2.3216,2.2294,3.7359,1.1819,1.7565,3.6919,2.439,2.3616,4.5917,2.5105,2.6898,4.0641,1.3312,2.6724,4.3714,1.9052,1.8574,3.834,1.21,2.6979,3.7285,2.3237,2.4392,4.8968,1.6183,2.5687,3.4527,2.1634,2.2329,4.1279,0.76572,1.9271,3.3292,2.2461,2.4137,3.6581,2.2622,2.3922,3.629,2.2374,1.9743,4.986,2.6031,2.2749,4.7854,2.3306,2.2428,3.757,1.3599,1.5906,3.8767,2.2738,2.6744,4.7458,1.9061,1.8789,3.8433,0.77473,2.1145,4.0701,1.5963,1.7609,4.2477,2.2964,2.6702,4.7861,1.4462,2.3894,3.2614,6.0262,2.9086,2.332,1.846,1.7849,3.5248,1.8791,2.9317,4.1704,2.1,1.9609,4.8555,1.1981,2.588,4.3772,1.9565,2.1444,4.8764,1.6092,1.7068,3.9612,1.6055,2.0361,3.3241,1.0862,2.694,3.6259,0.98766,2.7877,3.856,1.4551,2.4735,3.8858,1.1633,2.717,3.6637,1.8158,1.6745,4.0732,0.93895,2.4569,2.8269,1.9622,2.1235,4.4446,0.27749,2.7529,3.0352,1.051,1.9353,4.2727,0.98725,2.3022,3.0958,1.6837,2.4057,4.6001,0.95835,2.0396,2.8676,0.72608,1.9672,2.7407,1.5978,1.6933,3.9659,0.95811,2.4445,2.8624,1.3464,1.5769,3.8458,2.7303,2.5728,4.6051,1.0791,2.1882,3.5879,1.1736,2.7304,3.6939,1.9776,1.9809,4.5016,1.0383,1.9459,4.2595,1.8699,1.6855,3.4693,1.6627,2.5371,3.9977,2.1345,2.5374,4.8792,2.1031,2.4022,3.6507,1.284,3.0332,3.498,1.4563,1.4907,4.2004,0.63961,2.9862,3.6513,1.6101,1.6711,4.2089,0.73141,1.9871,2.7341,0.72545,2.1979,3.9716,2.6482,2.5828,4.5161,2.0317,2.0952,3.4105,1.4373,2.8296,3.5769,1.0627,2.2743,3.5714,2.5623,2.0468,4.5448,1.4674,1.7173,4.4233,1.5652,2.5744,3.6109,2.0568,2.3589,4.112,2.643,2.3403,4.9254,0.53122,2.5217,3.0551
1754.8,0.12967,125.48,16.137,0.13405,625.41,1.4641,1.8081,4.1178,1.2705,2.2449,4.2471,1.1654,1.9444,4.2509,2.4487,2.6351,4.2856,0.86008,2.0182,4.2878,1.5164,2.5635,3.8974,3.2132,2.8314,6.0743,1.1505,1.9465,4.2454,1.7391,1.6252,4.2193,1.3012,2.2277,4.3052,0.8255,2.0548,4.2056,2.9768,2.8315,4.5596,5.5291,2.697,1.2636,1.3338,2.7059,3.7194,0.89479,2.1366,2.9985,2.5358,2.1322,4.5697,1.4592,1.6309,3.9296,0.63669,2.6262,3.8058,2.0388,1.7663,3.5124,1.1006,2.39,3.1946,0.15655,2.303,3.4048,1.7631,1.6787,3.4123,1.9028,2.7387,4.1668,1.7934,1.7252,3.4137,1.4386,1.6122,3.9566,0.38529,2.1721,3.1321,2.1091,2.4056,4.4791,1.4631,1.7001,3.2058,0.82887,1.9479,2.7527,3.1928,2.8376,6.023,2.0468,1.799,3.5158,1.0591,2.7221,2.9617,1.8378,2.5919,4.0566,0.67426,1.9369,2.8104,1.0578,2.4148,3.1258,1.9277,1.9235,4.5425,1.7274,1.6301,3.8969,0.5176,2.1996,3.7614,1.1841,2.5512,3.7552,0.91695,2.1251,3.175,2.6616,2.3554,4.4385,2.162,2.221,4.7857,1.5103,1.6767,3.9514,1.9039,1.9271,4.5208,1.5157,2.2144,3.2504,0.73806,2.1674,3.0552,2.4559,2.4311,4.4098,1.8923,2.5962,4.7483,1.84,2.6055,4.7026,2.6501,2.3801,4.4621,1.2763,2.5449,3.8773,1.7507,2.2668,4.3705,1.8689,2.9898,3.7942,0.61059,2.4728,2.5724,1.5068,2.101,4.6478,2.0452,3.0112,3.972,0.31414,2.4081,3.3266,1.6639,1.5784,4.0706,0.67438,2.07,3.0282,2.2597,2.2628,4.674,0.76641,2.5553,3.1868,0.91801,2.1398,3.1588,6.2303,2.8882,1.7668,2.0517,2.0358,4.6809,2.6326,2.3914,4.4533,2.5604,2.2781,5.0597,1.957,2.6665,4.2463,1.0806,1.7636,4.0148,4.6556,2.8729,0.51854,0.83271,2.1299,2.9933,1.3087,2.0912,4.3465,1.0245,2.1198,3.4516,2.133,2.6824,4.3724,1.7341,1.5446,4.1294,1.2495,2.5357,3.1493,0.78365,2.485,3.7271,2.0804,1.867,3.673,1.5449,2.4699,3.4382,1.5998,2.5738,3.6237,1.6158,1.603,4.2452,1.9231,2.6937,4.3738,1.9959,2.6964,4.4673,3.5038,2.7558,6.2521,1.7356,1.5337,4.1244,1.783,2.0026,3.4603,2.0554,2.9295,4.8688,1.24,2.5417,3.1954,2.594,2.4384,4.9272,1.0871,2.6183,4.0431,1.5511,2.4541,3.4539,1.1253,1.8467,4.0655,1.6824,1.5508,4.0572,1.7522,1.9989,3.4116,0.26306,2.9202,3.3224,2.9345,2.3012,4.6764,1.3033,1.9486,4.2227,1.3268,2.6413,3.4782,1.4148,2.4642,3.346,1.8799,1.9178,3.6528,1.9405,2.4679,4.0374,1.0375,2.299,3.1532,2.548,1.9945,5.1491,1.2643,2.6435,3.4026,1.3637,2.4926,3.2894,0.40746,2.9196,3.4533,0.6315,1.8552,2.7829,1.6432,1.9857,4.5177,1.4587,1.7884,4.1476,5.3196,2.864,1.6292,0.81318,2.0925,2.8238,1.0808,2.6539,4.06,2.2337,2.5191,3.5956,2.5331,2.4045,4.845,2.8933,2.6609,4.5934,2.1104,2.5014,4.4601,2.3604,2.1532,4.2638,0.74642,2.0757,3.2617,0.49238,2.4323,3.0574,0.58852,2.1414,3.7,2.3822,2.4274,4.4974,0.89547,2.4338,2.9996,1.2382,1.6191,4.2755,1.6648,2.0332,3.4093,6.037,2.6661,1.7775,3.4199,2.9129,0.14926,0.85106,2.3947,3.0427,1.6722,1.6161,4.0613,1.5135,1.8973,3.1735,0.78195,2.4347,2.9331,2.1497,2.3259,4.8445,1.2168,2.5629,3.1678,1.0179,1.9526,3.5049,0.43674,1.9743,3.2962,1.7331,2.0142,3.3919,2.3879,2.1414,4.2426,2.2115,2.1413,5.0062,1.2587,1.668,3.842,0.70085,1.9767,2.7922,2.2192,2.1593,5.0387,2.3782,2.2444,4.5657,1.578,2.4288,3.9682,4.4251,2.8954,0.35069,1.9579,2.4241,4.0219,0.81412,1.9461,4.1176,1.3182,2.6291,4.2895,3.7577,2.8071,0.032613,1.5497,1.6572,3.301,0.23493,2.2986,3.2858,5.0914,2.9015,1.0459,0.69429,2.7361,3.4078,1.3673,2.5322,3.0382,2.1601,2.0898,4.9212,1.4694,2.0346,4.4063,1.528,1.631,3.3116,1.4145,2.9117,3.3773,0.58332,2.4143,2.9028,0.88701,2.4411,3.0286,0.24434,2.6023,3.3374,1.6534,2.3232,4.1803,0.59673,2.4245,2.8609,1.0126,2.2727,3.587,1.3936,1.7669,4.2812,0.3178,2.3292,3.3641,1.5263,1.5988,3.3022,0.57146,2.415,2.896,3.3239,2.858,5.2559,1.9336,2.5619,3.9982,2.0429,2.1989,4.6528,2.4054,2.7656,5.0131,1.9132,1.9,3.845,1.2899,1.7343,3.716,2.1947,2.1165,4.9833,1.3624,2.6073,3.9155,1.0807,3.0564,2.9078,4.7727,2.9218,0.47549,1.3745,2.707,4.4297,1.9218,1.9074,3.8749,1.3326,2.647,2.9679,0.61868,2.7375,3.2518,1.0231,2.8938,4.206,0.7593,2.532,2.7341,0.67822,2.0149,2.9152,0.52993,2.4142,3.37,1.5592,2.1714,4.3075,1.4831,2.7165,4.5111,0.54022,1.9941,2.9812,2.0015,1.837,3.7971,1.1866,1.7745,3.6976,2.2475,2.6635,4.6927,1.3533,1.6351,4.1126,1.3456,2.15,3.146,0.59912,2.0137,3.0059,0.52985,2.4256,2.6646,1.6608,2.3562,4.191,2.2717,2.6539,4.7536,0.56359,2.0198,2.9599,1.5772,1.6832,3.3465,0.366,3.0563,2.2403,0.67494,2.5464,2.6688,3.0711,2.7438,6.0793,0.15366,2.8829,2.8425,4.7011,2.9175,0.40372,2.2685,2.3429,3.5971,1.2476,3.0265,4.075,1.3013,2.3872,3.446,1.0242,3.0524,3.8556,2.3188,2.2292,3.7313,1.1807,1.7495,3.6959,2.4395,2.3629,4.5931,2.5046,2.6927,4.0658,1.3355,2.6721,4.3728,1.9061,1.8501,3.83,1.214,2.6924,3.7319,2.3176,2.4363,4.8852,1.6185,2.5659,3.4627,2.1634,2.2371,4.1309,0.76349,1.9297,3.325,2.2396,2.4144,3.6518,2.2565,2.391,3.6202,2.2414,1.9774,4.9903,2.6,2.2737,4.7848,2.3281,2.2439,3.754,1.3584,1.5914,3.8789,2.2621,2.6704,4.7306,1.9074,1.8737,3.8393,0.77492,2.1123,4.0776,1.5958,1.7564,4.2469,2.2871,2.6666,4.7747,1.4461,2.3899,3.2616,6.0325,2.9103,2.3403,1.8464,1.7841,3.5279,1.8734,2.9249,4.1624,2.1062,1.9615,4.8619,1.2038,2.5888,4.3842,1.962,2.1449,4.8779,1.6088,1.701,3.961,1.6059,2.0389,3.3205,1.0886,2.69,3.6273,0.99019,2.7857,3.8558,1.4599,2.4779,3.8893,1.1648,2.7129,3.6631,1.814,1.6671,4.0722,0.94061,2.4571,2.8304,1.9674,2.1284,4.4502,0.29189,2.7488,3.0489,1.0479,1.9337,4.2732,0.98827,2.3009,3.0996,1.6879,2.4072,4.6016,0.95626,2.0373,2.8684,0.72521,1.9659,2.7404,1.5968,1.687,3.9657,0.96041,2.4438,2.8683,1.3437,1.5754,3.8469,2.7296,2.5724,4.6058,1.0783,2.193,3.5841,1.1767,2.726,3.6961,1.9776,1.9811,4.5042,1.0354,1.9446,4.2599,1.8714,1.6873,3.4708,1.6627,2.5401,3.9975,2.1358,2.5365,4.8757,2.099,2.4044,3.6457,1.2946,3.0299,3.5074,1.4572,1.4932,4.1982,0.63717,2.9855,3.6499,1.6098,1.6659,4.2076,0.73077,1.9863,2.7339,0.728,2.1986,3.9736,2.6458,2.5815,4.5158,2.0354,2.093,3.4098,1.4417,2.823,3.5812,1.06,2.2814,3.5654,2.5656,2.0509,4.5518,1.4654,1.7161,4.4241,1.5634,2.5733,3.6147,2.0572,2.3638,4.1155,2.6398,2.3385,4.9212,0.53718,2.5218,3.0613
1754.8,0.12967,125.48,16.137,0.14299,642.92,1.4608,1.8048,4.1154,1.2717,2.2457,4.2501,1.161,1.9414,4.2505,2.4462,2.6338,4.2859,0.85977,2.0166,4.291,1.5165,2.5673,3.8976,3.226,2.83,6.09,1.146,1.9433,4.246,1.7389,1.6193,4.217,1.3021,2.2275,4.3106,0.82382,2.0543,4.2058,2.9812,2.8312,4.5624,5.5191,2.6906,1.2525,1.3365,2.6995,3.7219,0.89067,2.1358,2.9966,2.5404,2.1374,4.5787,1.4576,1.6291,3.9309,0.6342,2.6296,3.7993,2.0415,1.7661,3.5149,1.0978,2.3882,3.1976,0.14871,2.3042,3.3934,1.7617,1.6783,3.4141,1.8935,2.7333,4.1553,1.7941,1.7272,3.4149,1.4371,1.6088,3.9584,0.38557,2.1735,3.1292,2.112,2.4068,4.4826,1.462,1.7016,3.2059,0.82873,1.9504,2.753,3.206,2.8368,6.0374,2.0505,1.8001,3.5189,1.0635,2.7224,2.9681,1.8395,2.5925,4.0604,0.67672,1.9402,2.8119,1.0563,2.4129,3.1295,1.9299,1.9235,4.546,1.7302,1.6273,3.8981,0.51877,2.199,3.7632,1.1857,2.5561,3.7567,0.91216,2.1279,3.1701,2.6689,2.3581,4.4472,2.168,2.2241,4.792,1.5127,1.6777,3.9537,1.9057,1.9279,4.523,1.5174,2.2159,3.2493,0.73179,2.1725,3.0463,2.4585,2.4344,4.416,1.8888,2.5965,4.7376,1.8351,2.6059,4.692,2.6587,2.3848,4.4755,1.2758,2.5478,3.8735,1.7561,2.2696,4.3758,1.8624,2.9852,3.787,0.61706,2.4734,2.5782,1.5028,2.1045,4.6476,2.0449,3.0072,3.9703,0.31031,2.4091,3.3217,1.6642,1.5767,4.0696,0.6721,2.072,3.0243,2.26,2.2637,4.6746,0.77162,2.5514,3.1963,0.9132,2.143,3.1528,6.221,2.8875,1.7562,2.0573,2.0398,4.6883,2.6401,2.3965,4.4656,2.5554,2.2743,5.0522,1.9501,2.6558,4.239,1.0805,1.7587,4.0188,4.6565,2.8644,0.51836,0.82963,2.1303,2.9905,1.3095,2.0909,4.3516,1.022,2.1225,3.4483,2.1248,2.678,4.3629,1.7364,1.5414,4.1278,1.2552,2.5345,3.1525,0.7856,2.4883,3.7241,2.0823,1.8636,3.6694,1.5414,2.4724,3.4369,1.5983,2.5758,3.6278,1.6131,1.6007,4.2445,1.9146,2.6857,4.3633,1.9911,2.689,4.4622,3.514,2.7533,6.2594,1.7381,1.5304,4.1222,1.7892,2.0025,3.4621,2.0529,2.9295,4.8672,1.2445,2.5412,3.2012,2.5918,2.4381,4.9236,1.0895,2.6191,4.0398,1.5484,2.4556,3.4539,1.1213,1.8476,4.0644,1.6843,1.5476,4.0557,1.7561,1.9981,3.4102,0.26351,2.9183,3.3232,2.938,2.3004,4.6818,1.3022,1.9486,4.224,1.3302,2.6394,3.4861,1.4121,2.4651,3.3469,1.8829,1.9137,3.649,1.9408,2.4748,4.0418,1.0341,2.2999,3.1516,2.5483,1.9918,5.1495,1.2659,2.642,3.4088,1.3576,2.4943,3.2868,0.41449,2.9173,3.46,0.62855,1.8575,2.7752,1.6378,1.9836,4.5216,1.4582,1.7845,4.1487,5.3054,2.8608,1.6144,0.812,2.0914,2.8251,1.083,2.657,4.058,2.2395,2.5173,3.5956,2.5263,2.401,4.8351,2.9017,2.6576,4.6004,2.1088,2.5011,4.4573,2.3618,2.1579,4.27,0.74285,2.0824,3.2531,0.50412,2.4297,3.0701,0.58781,2.1412,3.6992,2.3821,2.4238,4.5024,0.90624,2.431,3.0106,1.2362,1.6219,4.2738,1.662,2.0343,3.4063,6.0218,2.6634,1.7612,3.4309,2.9106,0.16151,0.85341,2.3911,3.0502,1.6727,1.6143,4.0597,1.515,1.8993,3.1732,0.78273,2.4333,2.9365,2.1493,2.3241,4.8383,1.2206,2.5632,3.1731,1.0188,1.9516,3.5051,0.42943,1.9742,3.3002,1.7354,2.0133,3.3882,2.3888,2.1464,4.2471,2.2158,2.1396,5.007,1.2562,1.6636,3.8438,0.70186,1.9769,2.7942,2.2237,2.1589,5.0414,2.3822,2.2478,4.5725,1.5783,2.4356,3.9682,4.4342,2.8887,0.36043,1.9585,2.4307,4.0244,0.81248,1.9458,4.1164,1.3282,2.6327,4.2938,3.7721,2.804,0.053868,1.5516,1.661,3.3021,0.23012,2.2984,3.2782,5.091,2.8949,1.0475,0.70002,2.7328,3.4138,1.3721,2.5336,3.0402,2.1632,2.0866,4.9197,1.4679,2.0295,4.4097,1.5282,1.6309,3.3131,1.4163,2.9108,3.3772,0.59202,2.4118,2.9152,0.88564,2.4398,3.0316,0.24462,2.6014,3.3356,1.6569,2.3284,4.1847,0.60554,2.4233,2.87,1.0091,2.2801,3.581,1.3937,1.7647,4.2797,0.31795,2.3302,3.3625,1.5262,1.5975,3.3033,0.57878,2.4131,2.9068,3.3406,2.8564,3.2306,1.9292,2.5602,3.9966,2.0477,2.1994,4.6566,2.3883,2.764,4.993,1.9145,1.8945,3.841,1.2893,1.7293,3.7177,2.1981,2.1137,4.9834,1.3603,2.6042,3.91,1.0741,3.0553,2.9004,4.7771,2.9171,0.47936,1.3813,2.7077,4.4345,1.9234,1.9044,3.8749,1.3378,2.6481,2.9748,0.63076,2.735,3.266,1.0301,2.8927,4.2123,0.77096,2.533,2.7436,0.67809,2.0196,2.9124,0.52975,2.4146,3.3675,1.5591,2.1698,4.3127,1.4961,2.7175,4.5208,0.53472,1.9964,2.9722,2.0029,1.8337,3.7963,1.1859,1.7696,3.7012,2.2389,2.6601,4.6799,1.3511,1.6401,4.1085,1.3425,2.1491,3.1442,0.59659,2.0174,2.9994,0.5342,2.424,2.671,1.666,2.3643,4.1955,2.2621,2.6495,4.741,0.55898,2.0227,2.9511,1.5779,1.6816,3.348,0.35112,3.0569,2.2228,0.67928,2.5489,2.6721,3.0838,2.7426,6.0936,0.17175,2.8831,2.8632,4.7051,2.9126,0.40787,2.2657,2.3385,3.5887,1.2555,3.0219,4.0853,1.2927,2.3934,3.4394,1.0307,3.0505,3.8654,2.316,2.229,3.7269,1.1793,1.7422,3.7,2.4398,2.3641,4.5943,2.4988,2.6952,4.0673,1.3399,2.6717,4.374,1.9069,1.8428,3.8262,1.2177,2.6871,3.7349,2.3123,2.4338,4.8745,1.6182,2.5635,3.4723,2.1636,2.2414,4.1341,0.76114,1.9324,3.3207,2.2332,2.4152,3.6455,2.2508,2.3895,3.6113,2.2452,1.98,4.994,2.597,2.2728,4.7842,2.3255,2.2449,3.751,1.3571,1.5922,3.8809,2.2506,2.6663,4.7156,1.9085,1.8685,3.8355,0.7752,2.1101,4.0849,1.5952,1.752,4.2461,2.2784,2.6631,4.7634,1.4461,2.3904,3.2616,6.0392,2.9121,2.3488,1.8469,1.7831,3.5307,1.868,2.9181,4.1546,2.1123,1.9621,4.868,1.209,2.5896,4.3911,1.9674,2.1454,4.8795,1.6086,1.6954,3.9608,1.6067,2.0416,3.3169,1.0906,2.6863,3.6283,0.9925,2.7837,3.8555,1.4644,2.4818,3.8929,1.1659,2.7089,3.6622,1.8121,1.6601,4.0712,0.94218,2.4571,2.8337,1.9727,2.1335,4.4558,0.30607,2.7444,3.0624,1.045,1.9319,4.2734,0.98905,2.2999,3.1031,1.6922,2.4087,4.6029,0.95412,2.0351,2.8688,0.72435,1.9649,2.7402,1.5958,1.6811,3.9657,0.96252,2.4431,2.8741,1.341,1.5737,3.848,2.7288,2.5719,4.6064,1.0773,2.198,3.58,1.1795,2.722,3.6982,1.9778,1.9813,4.5068,1.0327,1.9435,4.2601,1.8731,1.689,3.4725,1.6625,2.5429,3.9972,2.1369,2.5356,4.8724,2.0948,2.4066,3.6406,1.3055,3.0264,3.5172,1.458,1.4959,4.1959,0.63442,2.9849,3.6483,1.6096,1.661,4.2062,0.73015,1.9855,2.7339,0.73052,2.1993,3.9755,2.6435,2.5802,4.5157,2.0391,2.0908,3.4093,1.446,2.8167,3.5859,1.057,2.2887,3.5592,2.5688,2.055,4.5592,1.4636,1.7148,4.4248,1.5617,2.5722,3.6186,2.0574,2.3688,4.1191,2.6369,2.3369,4.9173,0.54298,2.522,3.0674
1754.8,0.12967,125.48,16.137,0.15192,659.98,1.4575,1.8015,4.1132,1.2732,2.2464,4.2532,1.1566,1.9385,4.2499,2.4437,2.6323,4.2863,0.85943,2.0151,4.2941,1.5165,2.571,3.8979,3.2386,2.8284,6.1055,1.1415,1.9402,4.2467,1.7387,1.6136,4.2146,1.3029,2.2273,4.316,0.8222,2.0538,4.2059,2.9855,2.8307,4.5652,5.5094,2.6839,1.2419,1.3388,2.6935,3.724,0.88655,2.135,2.9946,2.545,2.1424,4.5877,1.456,1.6275,3.9321,0.6315,2.6331,3.7926,2.0442,1.7659,3.5176,1.0945,2.3866,3.2,0.14083,2.3054,3.3821,1.7602,1.6777,3.4158,1.885,2.7284,4.1449,1.7949,1.7292,3.4162,1.4355,1.6056,3.96,0.38591,2.175,3.1263,2.1148,2.408,4.4858,1.4607,1.7032,3.206,0.82849,1.9527,2.7533,3.2192,2.8359,6.0518,2.0543,1.8013,3.522,1.0681,2.7228,2.9746,1.8412,2.5932,4.0644,0.67908,1.9434,2.8133,1.0547,2.4109,3.1332,1.9322,1.9235,4.5495,1.7329,1.6246,3.8993,0.52008,2.1984,3.7653,1.1876,2.5608,3.7586,0.90749,2.1306,3.1653,2.6762,2.3608,4.4558,2.174,2.2273,4.7984,1.5151,1.6787,3.9559,1.9075,1.9287,4.5253,1.519,2.2174,3.2481,0.7256,2.1775,3.0376,2.461,2.4376,4.4221,1.8852,2.5971,4.7266,1.8303,2.6063,4.6816,2.6675,2.3893,4.4891,1.2752,2.5507,3.8698,1.7617,2.2725,4.3809,1.8562,2.9805,3.78,0.62345,2.474,2.5839,1.4985,2.108,4.647,2.0444,3.0031,3.9687,0.30657,2.4099,3.3169,1.6646,1.5749,4.0687,0.66986,2.074,3.0205,2.2605,2.2645,4.6749,0.7765,2.5474,3.2056,0.90863,2.1461,3.1472,6.2124,2.8866,1.7461,2.0632,2.0437,4.6957,2.6477,2.4013,4.4777,2.5507,2.2704,5.0449,1.9438,2.6455,4.2323,1.0804,1.7538,4.0228,4.6578,2.8561,0.51842,0.82662,2.1308,2.9877,1.3103,2.0907,4.3565,1.0196,2.1253,3.4449,2.1168,2.6735,4.3538,1.7389,1.538,4.1263,1.2607,2.5335,3.1555,0.78753,2.4916,3.721,2.0843,1.8601,3.6657,1.5381,2.4748,3.4355,1.5969,2.5779,3.632,1.6105,1.5987,4.2437,1.9064,2.6778,4.3532,1.9865,2.6818,4.4572,3.5241,2.7507,6.2245,1.7406,1.5272,4.12,1.7954,2.0023,3.4638,2.0503,2.9295,4.8653,1.2489,2.5409,3.2067,2.5896,2.4377,4.9201,1.0917,2.6198,4.0365,1.5458,2.4571,3.4541,1.1173,1.8483,4.0633,1.6862,1.5445,4.0542,1.7601,1.9972,3.4088,0.26423,2.9164,3.3244,2.9414,2.2992,4.6869,1.3009,1.9486,4.2255,1.3334,2.6377,3.4938,1.4094,2.466,3.348,1.886,1.9097,3.6454,1.9412,2.4812,4.0463,1.0306,2.3007,3.15,2.5484,1.9892,5.1497,1.2674,2.6403,3.4148,1.3517,2.4959,3.2841,0.42132,2.915,3.4666,0.62575,1.8596,2.7676,1.6323,1.9816,4.5249,1.4578,1.7806,4.1498,5.2914,2.8576,1.5996,0.81082,2.0903,2.8263,1.085,2.66,4.056,2.245,2.5153,3.5953,2.5197,2.3975,4.8256,2.91,2.6542,4.6074,2.1074,2.5008,4.4548,2.3634,2.1627,4.2762,0.73913,2.089,3.2443,0.51575,2.4271,3.0827,0.58719,2.141,3.6987,2.3825,2.4208,4.5078,0.917,2.4281,3.0218,1.2342,1.6249,4.2721,1.6591,2.0353,3.4031,6.0069,2.6606,1.7452,3.4413,2.9083,0.173,0.85516,2.3879,3.057,1.6733,1.6127,4.0583,1.5166,1.9013,3.1729,0.7833,2.4321,2.9395,2.1491,2.3223,4.8323,1.2243,2.5636,3.1784,1.0196,1.9505,3.5053,0.42213,1.9743,3.304,1.7377,2.0121,3.3843,2.3899,2.1513,4.2518,2.22,2.1378,5.0077,1.2537,1.6595,3.8453,0.70278,1.9771,2.796,2.2281,2.1582,5.0438,2.3861,2.2512,4.5792,1.5788,2.4421,3.9681,4.443,2.8821,0.3701,1.9592,2.4372,4.0269,0.81089,1.9457,4.1154,1.3378,2.6361,4.298,3.7861,2.8009,0.068957,1.5537,1.665,3.3033,0.2256,2.298,3.271,5.0909,2.8883,1.0495,0.70534,2.7295,3.4193,1.3767,2.535,3.0419,2.1664,2.0834,4.9183,1.4664,2.0245,4.4131,1.5282,1.6307,3.3147,1.4179,2.91,3.3768,0.60044,2.4094,2.9271,0.88433,2.4386,3.0346,0.2448,2.6004,3.3337,1.6606,2.3335,4.1893,0.61417,2.422,2.8788,1.0056,2.2875,3.5749,1.3937,1.7625,4.2783,0.31812,2.3313,3.3609,1.5261,1.5961,3.3046,0.58586,2.4112,2.9172,3.3566,2.8548,0.079954,1.9246,2.5586,3.9949,2.0525,2.1999,4.6604,2.3714,2.7623,4.9731,1.9159,1.8891,3.837,1.2889,1.7244,3.7195,2.2014,2.1109,4.9835,1.3582,2.6011,3.9046,1.0674,3.0541,2.8928,4.7814,2.9123,0.48324,1.3877,2.7083,4.439,1.9251,1.9013,3.875,1.3429,2.6491,2.9816,0.64219,2.7325,3.2795,1.0371,2.8913,4.2184,0.78229,2.534,2.7529,0.67809,2.0243,2.9099,0.52961,2.4152,3.3652,1.5591,2.1683,4.3179,1.5087,2.7184,4.5299,0.52936,1.9987,2.9634,2.0043,1.8305,3.7955,1.1851,1.7646,3.7048,2.2312,2.6568,4.6682,1.349,1.6448,4.1045,1.3394,2.1481,3.1425,0.59404,2.021,2.993,0.53854,2.4224,2.6774,1.6711,2.3723,4.1999,2.253,2.6452,4.7289,0.55456,2.0254,2.9428,1.5786,1.6803,3.3494,0.33594,3.0576,2.205,0.68325,2.5516,2.675,3.0965,2.7411,6.1079,0.18962,2.8833,2.8838,4.7093,2.9077,0.41231,2.263,2.3341,3.5807,1.2625,3.0174,4.0945,1.2845,2.3991,3.4332,1.0364,3.0486,3.8741,2.3133,2.2288,3.7224,1.178,1.735,3.7041,2.4401,2.3654,4.5954,2.4931,2.6975,4.0688,1.344,2.6714,4.3751,1.9078,1.8357,3.8226,1.2213,2.6822,3.7378,2.3074,2.4314,4.8643,1.6176,2.5614,3.4812,2.1639,2.2459,4.1374,0.75876,1.9352,3.3163,2.2271,2.416,3.6393,2.2453,2.3881,3.6025,2.2489,1.9823,4.9975,2.594,2.2717,4.7836,2.323,2.2461,3.7481,1.3556,1.5932,3.8825,2.2395,2.6622,4.7011,1.9098,1.8634,3.8317,0.77548,2.1079,4.0921,1.5945,1.7477,4.2453,2.2699,2.6596,4.7526,1.4461,2.3911,3.2618,6.0457,2.9137,2.3571,1.8476,1.7823,3.5336,1.863,2.9112,4.1473,2.1185,1.9628,4.874,1.214,2.5903,4.3978,1.9727,2.1461,4.8811,1.6083,1.69,3.9605,1.6075,2.0445,3.3136,1.0924,2.6827,3.6292,0.99461,2.7819,3.8549,1.469,2.4857,3.8967,1.1671,2.7051,3.6612,1.8103,1.6534,4.0703,0.94369,2.4573,2.837,1.9781,2.1384,4.4615,0.31994,2.7399,3.0756,1.042,1.9303,4.2737,0.98974,2.2988,3.1064,1.6964,2.4102,4.6044,0.952,2.0329,2.8694,0.72349,1.9638,2.7397,1.5949,1.6756,3.9656,0.96453,2.4424,2.8797,1.3384,1.572,3.8491,2.7282,2.5714,4.6073,1.0762,2.2031,3.576,1.1823,2.718,3.7003,1.9779,1.9817,4.5096,1.0301,1.9423,4.2605,1.8747,1.6907,3.474,1.6624,2.5456,3.9969,2.1382,2.5348,4.8691,2.0905,2.4087,3.6355,1.3163,3.0229,3.5269,1.4588,1.4984,4.1937,0.63137,2.9842,3.6463,1.6096,1.6563,4.205,0.72955,1.9847,2.7337,0.733,2.2001,3.9774,2.6413,2.5789,4.5157,2.0429,2.0886,3.409,1.4504,2.8106,3.5908,1.0539,2.2959,3.5529,2.5722,2.0593,4.5666,1.4617,1.7136,4.4257,1.5601,2.5712,3.6225,2.0578,2.3736,4.1228,2.634,2.3353,4.9136,0.54865,2.5222,3.0732
1754.8,0.12967,125.48,16.137,0.16086,676.78,1.4543,1.7981,4.111,1.2748,2.247,4.2564,1.1523,1.9356,4.2493,2.4413,2.631,4.2867,0.85905,2.0137,4.2971,1.5166,2.5746,3.8982,3.2509,2.8267,6.1206,1.1372,1.9372,4.2474,1.7385,1.6079,4.2122,1.3036,2.227,4.3213,0.82067,2.0533,4.2062,2.9895,2.8303,4.5678,5.5,2.6772,1.2318,1.3408,2.6881,3.7256,0.88245,2.1342,2.9925,2.5496,2.1473,4.5967,1.4542,1.6258,3.9333,0.62869,2.6366,3.7858,2.0468,1.7658,3.5203,1.0909,2.3851,3.202,0.13292,2.3064,3.3705,1.7588,1.6771,3.4177,1.8773,2.7236,4.1356,1.7957,1.7311,3.4175,1.4342,1.6025,3.9615,0.38627,2.1762,3.1236,2.1174,2.4089,4.4887,1.4596,1.7047,3.2061,0.82814,1.9548,2.7534,3.2326,2.835,6.0665,2.0581,1.8024,3.5253,1.0726,2.7231,2.9812,1.843,2.5939,4.0685,0.68134,1.9465,2.8146,1.0529,2.409,3.1366,1.9345,1.9235,4.553,1.7355,1.622,3.9005,0.52152,2.1977,3.7676,1.1898,2.5653,3.7609,0.90296,2.1332,3.1608,2.6833,2.3633,4.4643,2.18,2.2303,4.8047,1.5175,1.6796,3.958,1.9094,1.9295,4.5276,1.5205,2.2187,3.2469,0.71953,2.1825,3.0291,2.4636,2.4408,4.4283,1.8815,2.5977,4.7156,1.8258,2.6067,4.6712,2.6766,2.3936,4.5028,1.2746,2.5534,3.8661,1.7674,2.2754,4.3863,1.8504,2.9761,3.7735,0.62966,2.4746,2.5895,1.4942,2.1116,4.6464,2.0441,2.9989,3.9672,0.30294,2.4106,3.3124,1.6649,1.5733,4.0679,0.66765,2.0758,3.0168,2.2607,2.2652,4.6751,0.78112,2.5435,3.2148,0.90432,2.149,3.1419,6.2042,2.8858,1.7367,2.0692,2.0476,4.7031,2.6553,2.4057,4.4898,2.5463,2.2667,5.038,1.9381,2.6356,4.2263,1.0804,1.7488,4.0268,4.6589,2.8478,0.51856,0.82372,2.1313,2.9851,1.3112,2.0905,4.3614,1.0171,2.128,3.4416,2.1092,2.6691,4.3449,1.7413,1.5346,4.1246,1.2662,2.5324,3.1583,0.78949,2.4947,3.718,2.0862,1.8567,3.6622,1.5349,2.4774,3.4345,1.5957,2.58,3.6363,1.6079,1.597,4.2431,1.8989,2.6701,4.3435,1.9824,2.6748,4.4528,3.5344,2.7481,4.6475,1.7431,1.524,4.1177,1.8017,2.0022,3.4658,2.0476,2.9295,4.8631,1.2531,2.5405,3.212,2.5873,2.4374,4.9167,1.0939,2.6204,4.033,1.5433,2.4585,3.4542,1.1134,1.8489,4.0623,1.6882,1.5415,4.0527,1.7641,1.9962,3.4076,0.26518,2.9145,3.3256,2.9446,2.2981,4.6919,1.2997,1.9486,4.2268,1.3365,2.6361,3.5013,1.4068,2.467,3.3491,1.8891,1.9058,3.6418,1.9417,2.4875,4.0509,1.0273,2.3014,3.1486,2.5484,1.9867,5.1498,1.269,2.6389,3.4209,1.3457,2.4977,3.2815,0.42793,2.9127,3.4729,0.62307,1.8615,2.7605,1.6267,1.9795,4.5277,1.4575,1.7769,4.1509,5.2778,2.8544,1.5852,0.80962,2.0893,2.8274,1.087,2.6629,4.054,2.2508,2.5131,3.5953,2.5134,2.3941,4.8162,2.9184,2.6508,4.6145,2.1061,2.5006,4.4523,2.3648,2.1674,4.2824,0.73519,2.0955,3.2354,0.52723,2.4245,3.0952,0.58668,2.1408,3.6982,2.3829,2.4179,4.5131,0.9278,2.4252,3.0328,1.232,1.628,4.2701,1.6564,2.0361,3.4,5.9924,2.6576,1.7296,3.4509,2.9059,0.18382,0.85645,2.3847,3.0631,1.6739,1.6109,4.057,1.518,1.9032,3.1727,0.78375,2.4309,2.9424,2.149,2.3205,4.8265,1.2279,2.564,3.1835,1.0203,1.9493,3.5055,0.4148,1.9746,3.3076,1.74,2.0109,3.3806,2.391,2.1563,4.2566,2.2241,2.1359,5.0083,1.251,1.6555,3.8467,0.70365,1.9772,2.7978,2.2324,2.1575,5.0462,2.3899,2.2546,4.5857,1.5792,2.4485,3.968,4.4516,2.8757,0.3796,1.96,2.4439,4.0295,0.80935,1.9457,4.1142,1.3473,2.6395,4.3019,3.7999,2.7977,0.083787,1.5558,1.6691,3.3044,0.22126,2.2977,3.2639,5.0909,2.8817,1.0517,0.71026,2.7263,3.4244,1.381,2.5364,3.0433,2.1696,2.0804,4.9172,1.4648,2.0194,4.4164,1.5283,1.6305,3.3163,1.4195,2.9093,3.3765,0.60865,2.407,2.9389,0.88297,2.4374,3.0374,0.24481,2.5994,3.3314,1.6644,2.3388,4.1938,0.62253,2.4208,2.8875,1.0019,2.2948,3.5686,1.3937,1.7604,4.2768,0.31829,2.3323,3.3593,1.526,1.5949,3.3058,0.59267,2.4093,2.9273,3.372,2.8531,0.07482,1.9203,2.5572,3.9933,2.0572,2.2004,4.664,2.3548,2.7604,4.9533,1.9171,1.8835,3.8332,1.2885,1.7196,3.7211,2.2046,2.1081,4.9837,1.3562,2.5981,3.8993,1.0603,3.0531,2.885,4.7856,2.9076,0.48713,1.394,2.7088,4.4433,1.9269,1.8983,3.875,1.348,2.6502,2.9883,0.653,2.73,3.2922,1.0439,2.89,4.2246,0.79327,2.5351,2.7619,0.67815,2.0288,2.9076,0.52956,2.4157,3.363,1.559,2.1665,4.3231,1.5209,2.7191,4.5387,0.5241,2.0008,2.9546,2.0056,1.8275,3.7949,1.1844,1.7595,3.7084,2.2243,2.6537,4.6575,1.3469,1.6495,4.1007,1.3363,2.1471,3.1407,0.59146,2.0243,2.9866,0.54286,2.4208,2.6837,1.6764,2.3802,4.2042,2.2443,2.641,4.7173,0.55028,2.028,2.9347,1.5793,1.679,3.3507,0.3201,3.0582,2.1865,0.68692,2.5543,2.6775,3.1094,2.7396,6.1222,0.20728,2.8834,2.904,4.7135,2.9031,0.41693,2.2605,2.3298,3.573,1.2683,3.013,4.1025,1.2763,2.4045,3.4272,1.0407,3.0466,3.8816,2.3107,2.2287,3.7181,1.1767,1.7277,3.7081,2.4402,2.3664,4.5965,2.4873,2.6997,4.0704,1.3479,2.6711,4.3759,1.9085,1.8287,3.8192,1.2247,2.6773,3.7408,2.3032,2.4291,4.8547,1.617,2.5595,3.4898,2.1641,2.2503,4.1409,0.75632,1.9381,3.3119,2.221,2.4168,3.6331,2.2397,2.3868,3.5937,2.2525,1.9845,5.0007,2.591,2.2708,4.7831,2.3204,2.2473,3.7452,1.3542,1.5941,3.884,2.2287,2.658,4.6868,1.911,1.8582,3.828,0.77578,2.1056,4.0992,1.5939,1.7435,4.2445,2.2616,2.6561,4.742,1.4461,2.3917,3.2621,6.0522,2.9154,2.3654,1.8484,1.7816,3.5363,1.8583,2.9044,4.1404,2.1246,1.9633,4.8799,1.2186,2.591,4.4042,1.978,2.1468,4.8827,1.6081,1.6847,3.9604,1.6083,2.0474,3.3104,1.0942,2.6793,3.6299,0.99659,2.78,3.8542,1.4734,2.4892,3.9005,1.1682,2.7014,3.6602,1.8084,1.6469,4.0695,0.94515,2.4575,2.8401,1.9836,2.1434,4.4673,0.33346,2.7354,3.0885,1.0389,1.9286,4.2739,0.99037,2.2979,3.1095,1.7006,2.4115,4.6057,0.94991,2.0307,2.8698,0.72265,1.9629,2.7393,1.594,1.6701,3.9656,0.9664,2.4418,2.8853,1.3357,1.5701,3.8503,2.7277,2.5709,4.6081,1.0751,2.2082,3.5719,1.1852,2.7141,3.7025,1.9781,1.9821,4.5123,1.0275,1.9412,4.261,1.8764,1.6924,3.4757,1.6622,2.5482,3.9965,2.1394,2.534,4.8659,2.0863,2.411,3.6304,1.3271,3.0194,3.5367,1.4595,1.501,4.1915,0.62807,2.9836,3.644,1.6096,1.6518,4.2038,0.72896,1.984,2.7337,0.73544,2.2009,3.9792,2.6391,2.5777,4.5159,2.0466,2.0864,3.4086,1.4547,2.8047,3.5956,1.0507,2.3031,3.5465,2.5757,2.0635,4.574,1.4598,1.7126,4.4266,1.5585,2.5704,3.6264,2.0583,2.3786,4.1265,2.6313,2.3338,4.9101,0.55416,2.5225,3.0789
1754.8,0.12967,125.48,16.137,0.16979,693.99,1.4511,1.7948,4.109,1.2765,2.2476,4.2596,1.1482,1.9329,4.2485,2.4389,2.6297,4.2872,0.85863,2.0125,4.2998,1.5167,2.5778,3.8984,3.263,2.825,6.1355,1.1329,1.9342,4.248,1.7383,1.6026,4.2099,1.3043,2.2268,4.3267,0.81921,2.053,4.2065,2.9935,2.8299,4.5703,5.491,2.6704,1.2223,1.3423,2.6834,3.7269,0.8784,2.1334,2.9905,2.5543,2.152,4.6056,1.4524,1.6245,3.9345,0.62559,2.64,3.7786,2.0496,1.7655,3.523,1.087,2.3839,3.2033,0.12494,2.3075,3.359,1.7574,1.6764,3.4195,1.8706,2.7193,4.1272,1.7965,1.7329,3.4188,1.4327,1.5998,3.9628,0.38671,2.1775,3.121,2.1199,2.4098,4.4914,1.4583,1.7062,3.2062,0.82768,1.9567,2.7536,3.2462,2.8339,6.0814,2.062,1.8034,3.5286,1.0773,2.7236,2.9876,1.8449,2.5946,4.0724,0.68352,1.9495,2.8159,1.0511,2.4071,3.1398,1.9369,1.9235,4.5565,1.7381,1.6196,3.9018,0.52314,2.197,3.77,1.1922,2.5693,3.7634,0.89861,2.1356,3.1564,2.6903,2.3658,4.4724,2.1859,2.2331,4.8109,1.5199,1.6804,3.96,1.9114,1.9302,4.53,1.5221,2.22,3.2458,0.71377,2.1871,3.0212,2.466,2.4438,4.4342,1.8778,2.5983,4.7044,1.8214,2.6071,4.6611,2.6855,2.3976,4.5165,1.274,2.5561,3.8624,1.7732,2.2783,4.3913,1.8448,2.9717,3.7673,0.63568,2.4752,2.5948,1.4898,2.1151,4.6455,2.044,2.9947,3.9659,0.29942,2.4111,3.3079,1.6654,1.5718,4.0671,0.66553,2.0775,3.0133,2.2609,2.266,4.6753,0.78531,2.5396,3.2236,0.90036,2.1516,3.1371,6.1968,2.8848,1.7279,2.0753,2.0514,4.7105,2.6627,2.4097,4.5018,2.5424,2.263,5.0317,1.9333,2.6265,4.2211,1.0803,1.7439,4.0306,4.66,2.8398,0.51874,0.82092,2.1317,2.9826,1.312,2.0903,4.366,1.0145,2.1309,3.4381,2.102,2.6648,4.3366,1.7438,1.5312,4.1231,1.2714,2.5315,3.1609,0.79143,2.4978,3.7151,2.0882,1.8533,3.6588,1.5317,2.4799,3.4336,1.5948,2.5821,3.6409,1.6053,1.5957,4.2423,1.8918,2.6626,4.3344,1.9787,2.668,4.4486,3.5444,2.7453,0.16503,1.7457,1.5209,4.1155,1.808,2.0019,3.4678,2.0446,2.9294,4.8607,1.257,2.5403,3.217,2.5853,2.4372,4.9133,1.0959,2.6209,4.0295,1.5408,2.46,3.4544,1.1096,1.8494,4.0614,1.6903,1.5388,4.0512,1.7681,1.9952,3.4066,0.26619,2.9125,3.3269,2.9477,2.2969,4.6964,1.2985,1.9485,4.2282,1.3395,2.6346,3.5085,1.4042,2.468,3.3503,1.8922,1.9018,3.6386,1.9424,2.4933,4.0555,1.024,2.3022,3.1471,2.5484,1.9843,5.1499,1.2706,2.6374,3.4268,1.34,2.4992,3.279,0.43436,2.9103,3.479,0.62058,1.8633,2.7538,1.6209,1.9774,4.5299,1.457,1.7731,4.1519,5.2646,2.8511,1.5711,0.80842,2.0883,2.8284,1.0888,2.6656,4.0517,2.2566,2.5111,3.5953,2.5075,2.3908,4.8073,2.9268,2.6474,4.6213,2.105,2.5006,4.4501,2.3664,2.172,4.2887,0.73111,2.1018,3.2265,0.53839,2.4221,3.1073,0.58625,2.1406,3.6977,2.3835,2.4153,4.5183,0.93829,2.4224,3.0436,1.2299,1.6311,4.2681,1.6535,2.0369,3.3968,5.9784,2.6546,1.7145,3.46,2.9036,0.19386,0.85707,2.382,3.0684,1.6744,1.6093,4.0556,1.5196,1.9052,3.1726,0.78409,2.4297,2.945,2.1491,2.3187,4.8211,1.2313,2.5645,3.1885,1.0211,1.9481,3.5057,0.40754,1.9751,3.3112,1.7424,2.0096,3.377,2.3924,2.1613,4.2615,2.2281,2.134,5.009,1.2484,1.6516,3.848,0.70441,1.9773,2.7993,2.2366,2.1567,5.0484,2.3937,2.2577,4.5921,1.5794,2.4545,3.9678,4.4599,2.8694,0.38909,1.9608,2.4506,4.0322,0.80789,1.9457,4.1132,1.3566,2.6428,4.3055,3.8133,2.7947,0.098264,1.5581,1.6731,3.3055,0.21724,2.2975,3.2571,5.0913,2.8754,1.0542,0.71471,2.7231,3.4289,1.3849,2.5378,3.0445,2.173,2.0774,4.9163,1.4631,2.0143,4.4197,1.5283,1.6302,3.3179,1.4212,2.9087,3.376,0.61654,2.4046,2.9502,0.88158,2.4361,3.0401,0.24475,2.5986,3.3292,1.6683,2.344,4.1984,0.63064,2.4197,2.8959,0.99807,2.3021,3.5622,1.3936,1.7582,4.2753,0.31844,2.3332,3.3576,1.526,1.5936,3.307,0.59924,2.4076,2.9369,3.3868,2.8515,0.05371,1.9159,2.5557,3.9918,2.0617,2.2007,4.6675,2.3386,2.7584,4.9338,1.9183,1.8778,3.8294,1.2881,1.715,3.7227,2.2079,2.1055,4.9838,1.3542,2.5953,3.8942,1.0532,3.0521,2.8771,4.7895,2.9029,0.49109,1.3999,2.7092,4.4471,1.9287,1.8953,3.8751,1.353,2.6512,2.9951,0.66307,2.7277,3.304,1.0505,2.8886,4.2304,0.80395,2.5362,2.7707,0.67833,2.0332,2.9056,0.52957,2.4162,3.3608,1.559,2.1648,4.3282,1.5325,2.7198,4.5469,0.51901,2.003,2.946,2.0069,1.8245,3.7943,1.1836,1.7544,3.7119,2.2183,2.651,4.6479,1.3447,1.654,4.0968,1.3333,2.146,3.1389,0.58885,2.0276,2.9804,0.54715,2.4192,2.69,1.6816,2.388,4.2081,2.2361,2.6369,4.706,0.54626,2.0301,2.9273,1.58,1.6778,3.3522,0.304,3.0587,2.1678,0.69024,2.5573,2.6797,3.1222,2.7379,6.1365,0.22474,2.8833,2.9239,4.7177,2.8987,0.42169,2.2584,2.3256,3.5658,1.2733,3.0086,4.1093,1.2688,2.4093,3.4218,1.0442,3.0447,3.8881,2.308,2.2286,3.7137,1.1753,1.7204,3.7121,2.4403,2.3674,4.5972,2.4816,2.7016,4.0717,1.3517,2.6709,4.3766,1.9093,1.8217,3.8159,1.228,2.6728,3.7434,2.2994,2.4271,4.8459,1.6159,2.558,3.4978,2.1646,2.2548,4.1445,0.75386,1.9409,3.3074,2.2151,2.4176,3.6269,2.2343,2.3853,3.5848,2.2559,1.9865,5.0035,2.5881,2.2696,4.7825,2.3178,2.2486,3.7425,1.3529,1.595,3.8853,2.2182,2.6537,4.6729,1.9123,1.8532,3.8245,0.77614,2.1034,4.1061,1.5931,1.7396,4.2437,2.2537,2.6528,4.7318,1.4462,2.3923,3.2623,6.0589,2.917,2.3738,1.8494,1.7808,3.539,1.854,2.8976,4.1339,2.1305,1.9639,4.8855,1.223,2.5916,4.4106,1.9832,2.1476,4.8844,1.6079,1.6796,3.9602,1.6093,2.0501,3.3074,1.0957,2.6761,3.6303,0.99839,2.7783,3.8532,1.4778,2.4925,3.9044,1.169,2.6981,3.659,1.8066,1.6407,4.0687,0.94655,2.4577,2.8431,1.9892,2.1484,4.4731,0.34663,2.7308,3.1009,1.0359,1.9269,4.274,0.9909,2.297,3.1126,1.7046,2.4128,4.607,0.9478,2.0287,2.87,0.72181,1.962,2.7389,1.5932,1.6651,3.9655,0.96814,2.4413,2.8906,1.3331,1.5682,3.8515,2.7271,2.5705,4.609,1.0739,2.2133,3.5677,1.1879,2.7103,3.7045,1.9784,1.9824,4.5151,1.0251,1.94,4.2615,1.8782,1.694,3.4773,1.662,2.5506,3.9961,2.1408,2.5333,4.8627,2.0823,2.4131,3.6253,1.3378,3.0159,3.5465,1.4603,1.5036,4.1894,0.62458,2.983,3.6416,1.6097,1.6476,4.2025,0.72838,1.9832,2.7336,0.73784,2.2017,3.981,2.637,2.5765,4.5161,2.0504,2.0842,3.4084,1.4589,2.7989,3.6007,1.0474,2.3101,3.5402,2.5793,2.0677,4.5817,1.458,1.7118,4.4274,1.5572,2.5696,3.6303,2.0588,2.3833,4.1303,2.6288,2.3324,4.9068,0.5595,2.5227,3.0845
1754.8,0.12967,125.48,16.137,0.17873,710.52,1.4481,1.7913,4.107,1.2784,2.2481,4.2629,1.1441,1.9303,4.2476,2.4365,2.6284,4.2876,0.85818,2.0114,4.3025,1.5167,2.5811,3.8986,3.2747,2.8232,6.15,1.1288,1.9314,4.2485,1.7383,1.5973,4.2076,1.3048,2.2265,4.3319,0.81785,2.0527,4.207,2.9973,2.8295,4.5727,5.4825,2.6638,1.2135,1.3437,2.6792,3.7277,0.87438,2.1324,2.9884,2.5588,2.1566,4.6143,1.4505,1.623,3.9356,0.62242,2.6434,3.7714,2.0523,1.7651,3.5257,1.0827,2.3828,3.2042,0.11698,2.3086,3.3474,1.756,1.6756,3.4213,1.8644,2.7152,4.1198,1.7973,1.7346,3.4201,1.4314,1.5971,3.9641,0.38719,2.1786,3.1185,2.1223,2.4106,4.494,1.4571,1.7078,3.2062,0.8271,1.9584,2.7537,3.26,2.8329,6.0964,2.0661,1.8043,3.532,1.0819,2.724,2.9941,1.8468,2.5954,4.0765,0.68557,1.9524,2.8172,1.049,2.4054,3.1427,1.9393,1.9234,4.56,1.7406,1.6174,3.9031,0.52489,2.1962,3.7726,1.1947,2.5732,3.766,0.89439,2.1379,3.1521,2.6971,2.368,4.4803,2.1918,2.2361,4.8171,1.5223,1.6811,3.9619,1.9136,1.931,4.5322,1.5237,2.2212,3.2447,0.70819,2.1916,3.0137,2.4684,2.4468,4.4401,1.8739,2.599,4.693,1.8172,2.6074,4.6512,2.6947,2.4015,4.5301,1.2734,2.5586,3.8588,1.7792,2.2812,4.3965,1.8396,2.9675,3.7616,0.64149,2.4759,2.6,1.4852,2.1186,4.6444,2.0437,2.9906,3.9644,0.29598,2.4116,3.3037,1.6657,1.5702,4.0661,0.66343,2.0789,3.0099,2.2611,2.2667,4.6752,0.78921,2.5356,3.232,0.89665,2.1542,3.1325,6.1898,2.8839,1.7197,2.0816,2.0552,4.7179,2.6701,2.4135,4.5134,2.5388,2.2593,5.0256,1.929,2.618,4.2166,1.0802,1.7391,4.0346,4.661,2.8322,0.51904,0.81822,2.1322,2.9804,1.3131,2.0901,4.3707,1.012,2.1337,3.4347,2.095,2.6606,4.3286,1.7462,1.5275,4.1215,1.2765,2.5305,3.1632,0.79339,2.5008,3.7123,2.0902,1.8499,3.6553,1.5287,2.4824,3.4328,1.594,2.584,3.6456,1.6028,1.5945,4.2416,1.8851,2.6555,4.3256,1.9752,2.6615,4.4446,3.5544,2.7425,6.243,1.7482,1.5177,4.1133,1.8143,2.0016,3.47,2.0415,2.9292,4.8581,1.2608,2.5401,3.2217,2.5833,2.4368,4.91,1.0977,2.6214,4.0259,1.5384,2.4616,3.4548,1.1057,1.8497,4.0606,1.6923,1.5361,4.0498,1.7723,1.9941,3.4058,0.26739,2.9106,3.3283,2.9507,2.2955,4.7006,1.2972,1.9484,4.2296,1.3423,2.6332,3.5157,1.4017,2.469,3.3515,1.8954,1.898,3.6354,1.9431,2.4987,4.0604,1.0209,2.3028,3.1457,2.5482,1.9821,5.1499,1.2723,2.636,3.4328,1.3342,2.5007,3.2764,0.4406,2.908,3.485,0.6182,1.8648,2.7473,1.615,1.9754,4.5317,1.4567,1.7695,4.1528,5.2518,2.8478,1.5574,0.80722,2.0874,2.8293,1.0903,2.6682,4.0494,2.2624,2.5089,3.5955,2.5019,2.3874,4.7989,2.9351,2.644,4.6282,2.104,2.5007,4.448,2.368,2.1767,4.2949,0.72689,2.108,3.2175,0.54933,2.4197,3.1191,0.58594,2.1404,3.6973,2.3842,2.4131,4.5235,0.94867,2.4195,3.0543,1.2275,1.6344,4.2658,1.6507,2.0376,3.3936,5.9647,2.6515,1.7,3.4682,2.9013,0.20317,0.85726,2.3793,3.0729,1.6749,1.6075,4.0543,1.5211,1.9072,3.1725,0.78437,2.4286,2.9477,2.1494,2.3171,4.8159,1.2347,2.565,3.1933,1.0219,1.9469,3.506,0.40033,1.9758,3.3146,1.7447,2.0082,3.3734,2.394,2.1663,4.2667,2.2322,2.132,5.0096,1.2458,1.6479,3.849,0.70508,1.9774,2.8007,2.2406,2.1556,5.0506,2.3973,2.2608,4.5982,1.5797,2.4604,3.9676,4.468,2.8632,0.39847,1.9617,2.4573,4.0349,0.80647,1.9457,4.1122,1.3656,2.646,4.3091,3.8264,2.7916,0.11253,1.5604,1.6774,3.3068,0.21339,2.2972,3.2505,5.0917,2.8689,1.0569,0.71884,2.7201,3.433,1.3887,2.5392,3.0454,2.1764,2.0746,4.9155,1.4614,2.0093,4.4229,1.5284,1.63,3.3194,1.4227,2.9081,3.3754,0.6242,2.4023,2.9613,0.88013,2.435,3.0429,0.24454,2.5976,3.3268,1.6722,2.3492,4.2031,0.63853,2.4187,2.904,0.9941,2.3094,3.5556,1.3935,1.7562,4.2737,0.31854,2.334,3.356,1.5258,1.5922,3.3082,0.60553,2.4059,2.9463,3.4012,2.8497,0.065459,1.9117,2.5542,3.9903,2.0664,2.2009,4.6711,2.3227,2.7564,4.9147,1.9195,1.8721,3.8258,1.2877,1.7104,3.7243,2.2112,2.1028,4.9841,1.3522,2.5924,3.8891,1.0457,3.0512,2.8688,4.7934,2.8981,0.49509,1.4057,2.7095,4.4507,1.9306,1.8924,3.8753,1.3578,2.6522,3.0018,0.67255,2.7254,3.3151,1.0572,2.8871,4.2363,0.81429,2.5372,2.779,0.67857,2.0375,2.9037,0.52966,2.4168,3.3586,1.559,2.1629,4.3334,1.5439,2.7203,4.5548,0.514,2.005,2.9375,2.0082,1.8217,3.7937,1.1828,1.7494,3.7153,2.2128,2.6482,4.6392,1.3424,1.6585,4.093,1.3303,2.145,3.1372,0.58624,2.0306,2.9743,0.55142,2.4176,2.6963,1.6869,2.3957,4.2121,2.2282,2.6329,4.6953,0.54239,2.0323,2.9201,1.5807,1.6768,3.3537,0.28725,3.0593,2.1485,0.69327,2.5602,2.6815,3.1351,2.7361,6.1506,0.24185,2.8831,2.9436,4.7218,2.8944,0.42655,2.2565,2.3214,3.5587,1.2774,3.0044,4.1154,1.2614,2.4137,3.4166,1.0465,3.0428,3.8934,2.3055,2.2284,3.7094,1.1738,1.7131,3.7163,2.4405,2.3684,4.598,2.476,2.7033,4.0732,1.3552,2.6707,4.3771,1.9102,1.8147,3.8128,1.2312,2.6683,3.7461,2.2961,2.4253,4.8374,1.6147,2.5567,3.5056,2.1649,2.2594,4.1482,0.75141,1.9438,3.3029,2.2094,2.4185,3.6209,2.2289,2.3838,3.576,2.2592,1.9883,5.0063,2.5853,2.2687,4.782,2.3151,2.2498,3.7396,1.3515,1.5959,3.8865,2.2079,2.6495,4.6594,1.9135,1.8481,3.8209,0.77648,2.1012,4.1131,1.5924,1.7356,4.2429,2.2458,2.6493,4.7217,1.4464,2.393,3.2627,6.0655,2.9185,2.3821,1.8504,1.7799,3.5416,1.85,2.8909,4.1277,2.1364,1.9643,4.8911,1.2269,2.5922,4.4166,1.9883,2.1484,4.8859,1.6077,1.6748,3.96,1.6103,2.053,3.3045,1.0971,2.6731,3.6307,1.0001,2.7767,3.8522,1.4821,2.4956,3.9084,1.17,2.6948,3.6578,1.8047,1.6346,4.0678,0.94792,2.4581,2.846,1.9947,2.1531,4.4788,0.35942,2.7262,3.113,1.0328,1.9252,4.2741,0.99147,2.2961,3.1155,1.7088,2.414,4.6083,0.94574,2.0265,2.8703,0.721,1.9612,2.7384,1.5924,1.6603,3.9654,0.96976,2.441,2.8959,1.3304,1.5663,3.8527,2.7265,2.5701,4.6098,1.0726,2.2185,3.5636,1.1907,2.7065,3.7066,1.9786,1.9828,4.5179,1.0227,1.9388,4.2621,1.8799,1.6955,3.4789,1.6618,2.553,3.9958,2.1421,2.5327,4.8598,2.0781,2.4153,3.6203,1.3484,3.0125,3.5562,1.461,1.5061,4.1874,0.62094,2.9823,3.639,1.6101,1.6436,4.2013,0.7278,1.9824,2.7334,0.74018,2.2028,3.9827,2.6349,2.5754,4.5165,2.0541,2.082,3.4082,1.463,2.7934,3.6059,1.044,2.3171,3.5338,2.583,2.0718,4.5893,1.4564,1.711,4.4285,1.5557,2.5689,3.6342,2.0593,2.3881,4.134,2.6265,2.3311,4.9036,0.56467,2.5231,3.0898
1754.8,0.12967,125.48,16.137,0.18767,727.29,1.445,1.788,4.1051,1.2803,2.2486,4.2662,1.1402,1.9277,4.2467,2.4342,2.627,4.2882,0.85769,2.0103,4.305,1.5169,2.5842,3.8988,3.2862,2.8211,6.1642,1.1247,1.9287,4.249,1.7381,1.5923,4.2052,1.3054,2.2261,4.3372,0.81654,2.0524,4.2074,3.0008,2.8289,4.5748,5.4745,2.6572,1.2054,1.3445,2.6757,3.7282,0.87041,2.1315,2.9864,2.5633,2.161,4.6229,1.4486,1.6217,3.9367,0.61908,2.6467,3.7639,2.055,1.7648,3.5283,1.0782,2.3819,3.2047,0.10898,2.3095,3.3359,1.7546,1.6747,3.4231,1.8589,2.7114,4.1132,1.7982,1.7362,3.4214,1.43,1.5947,3.9651,0.3877,2.1797,3.1161,2.1245,2.4114,4.4964,1.4558,1.7093,3.2061,0.82645,1.9598,2.7537,3.274,2.8317,6.1117,2.0703,1.8051,3.5354,1.0865,2.7245,3.0006,1.8487,2.5961,4.0807,0.68749,1.9551,2.8184,1.0468,2.4037,3.1455,1.9418,1.9233,4.5634,1.743,1.6154,3.9044,0.52679,2.1953,3.7753,1.1974,2.5768,3.7689,0.89032,2.1402,3.1482,2.7036,2.3703,4.4877,2.1976,2.2387,4.8232,1.5247,1.6818,3.9636,1.9157,1.9317,4.5345,1.5253,2.2223,3.2435,0.70295,2.1958,3.0068,2.4707,2.4495,4.4459,1.87,2.5997,4.6817,1.8131,2.6077,4.6413,2.7038,2.405,4.5439,1.2728,2.5611,3.8552,1.7851,2.2841,4.4016,1.8348,2.9633,3.7563,0.64707,2.4765,2.605,1.4805,2.1221,4.643,2.0434,2.9864,3.963,0.29262,2.4119,3.2995,1.6662,1.5687,4.0653,0.66139,2.0802,3.0067,2.2611,2.2674,4.6751,0.79271,2.5318,3.2401,0.89325,2.1564,3.1284,6.1834,2.8829,1.7121,2.0879,2.0588,4.7253,2.6772,2.4169,4.5247,2.5355,2.2556,5.0199,1.9254,2.6105,4.2129,1.0802,1.7344,4.0384,4.662,2.8248,0.51941,0.81563,2.1326,2.9783,1.3142,2.0898,4.3751,1.0094,2.1365,3.4313,2.0884,2.6565,4.3211,1.7486,1.5239,4.1199,1.2815,2.5296,3.1655,0.79538,2.5035,3.7096,2.0922,1.8466,3.6521,1.5257,2.4848,3.4323,1.5934,2.5861,3.6505,1.6004,1.5937,4.2408,1.879,2.6486,4.3173,1.9722,2.6553,4.4409,3.5644,2.7396,0.02449,1.7508,1.5147,4.1109,1.8207,2.0013,3.4722,2.0382,2.9292,4.8553,1.2645,2.5399,3.2261,2.5813,2.4365,4.9067,1.0995,2.6219,4.0223,1.536,2.4632,3.4551,1.1021,1.8499,4.0598,1.6944,1.5335,4.0484,1.7764,1.993,3.405,0.2687,2.9087,3.3297,2.9534,2.2942,4.7046,1.2959,1.9481,4.231,1.345,2.6321,3.5225,1.3993,2.47,3.3527,1.8986,1.8942,3.6324,1.944,2.5039,4.065,1.0177,2.3035,3.1445,2.548,1.9801,5.1499,1.2739,2.6348,3.4387,1.3286,2.5022,3.274,0.44671,2.9057,3.4907,0.61596,1.8662,2.7412,1.6092,1.9733,4.5331,1.4564,1.7661,4.1537,5.2393,2.8446,1.5439,0.80602,2.0865,2.8302,1.0917,2.6708,4.0471,2.2683,2.5068,3.5957,2.4967,2.3844,4.7909,2.9433,2.6405,4.6349,2.1032,2.5008,4.4462,2.3697,2.1813,4.3012,0.7225,2.1138,3.2086,0.5599,2.4173,3.1304,0.58571,2.1401,3.697,2.3849,2.4111,4.5285,0.95866,2.4167,3.0645,1.2251,1.6376,4.2636,1.6479,2.0381,3.3904,5.9516,2.6485,1.6859,3.4758,2.8991,0.2117,0.85689,2.3769,3.0768,1.6753,1.606,4.053,1.5226,1.909,3.1725,0.78461,2.4274,2.9501,2.1498,2.3155,4.8112,1.2379,2.5656,3.1978,1.0226,1.9455,3.5063,0.39316,1.9767,3.3182,1.7471,2.0067,3.3699,2.3957,2.1712,4.272,2.2361,2.13,5.0102,1.2431,1.6443,3.8498,0.70565,1.9775,2.8021,2.2445,2.1546,5.0524,2.4009,2.2638,4.6043,1.5799,2.466,3.9673,4.476,2.8573,0.40781,1.9626,2.4639,4.0378,0.80514,1.9457,4.1112,1.3745,2.6491,4.3123,3.8393,2.7886,0.12647,1.5628,1.6816,3.308,0.20984,2.2969,3.2443,5.0923,2.8627,1.06,0.7226,2.7171,3.4367,1.3922,2.5406,3.0461,2.18,2.0718,4.9148,1.4596,2.0043,4.4261,1.5284,1.6297,3.3209,1.4242,2.9077,3.3749,0.63158,2.4002,2.9719,0.8786,2.4338,3.0453,0.24427,2.5967,3.3244,1.6763,2.3543,4.2078,0.64619,2.4176,2.9119,0.99,2.3166,3.549,1.3935,1.7542,4.2721,0.3186,2.3349,3.3543,1.5258,1.5909,3.3095,0.61159,2.4044,2.9553,3.4152,2.848,0.08159,1.9075,2.553,3.989,2.0709,2.2012,4.6746,2.3073,2.7542,4.8958,1.9207,1.8663,3.8223,1.2873,1.706,3.7258,2.2144,2.1002,4.9843,1.3504,2.5898,3.8842,1.038,3.0505,2.8605,4.7972,2.8936,0.49913,1.4113,2.7097,4.4541,1.9324,1.8895,3.8754,1.3626,2.6532,3.0084,0.68139,2.7232,3.3255,1.0638,2.8856,4.2422,0.82435,2.5383,2.7873,0.67889,2.0417,2.9021,0.52988,2.4175,3.3568,1.559,2.161,4.3385,1.5548,2.7209,4.5624,0.50917,2.007,2.9292,2.0094,1.8189,3.7933,1.182,1.7443,3.7188,2.2082,2.6458,4.6312,1.3403,1.6628,4.0893,1.3273,2.1439,3.1355,0.58359,2.0334,2.9683,0.55566,2.4161,2.7025,1.6919,2.4031,4.2158,2.2209,2.6291,4.685,0.53876,2.034,2.9134,1.5814,1.6759,3.3552,0.27008,3.0598,2.1288,0.69598,2.5633,2.6831,3.1479,2.7342,6.1647,0.25862,2.8828,2.9628,4.7259,2.8904,0.43152,2.2549,2.3173,3.552,1.2808,3.0002,4.1206,1.2544,2.4177,3.4118,1.0478,3.041,3.8977,2.3029,2.2284,3.7052,1.1723,1.7057,3.7203,2.4405,2.3692,4.5987,2.4704,2.705,4.0748,1.3587,2.6704,4.3774,1.9109,1.8079,3.8099,1.2343,2.6641,3.7487,2.2933,2.4236,4.8296,1.6134,2.5556,3.5129,2.1655,2.2639,4.152,0.74897,1.9467,3.2985,2.2037,2.4192,3.6147,2.2237,2.3823,3.5673,2.2624,1.9898,5.0086,2.5824,2.2676,4.7815,2.3126,2.2512,3.7369,1.3503,1.5968,3.8875,2.198,2.6451,4.646,1.9148,1.8431,3.8174,0.77685,2.0989,4.1197,1.5916,1.7319,4.2421,2.2384,2.6459,4.712,1.4466,2.3937,3.263,6.0722,2.92,2.3905,1.8516,1.7792,3.5441,1.8464,2.8844,4.122,2.1422,1.9646,4.8964,1.2307,2.5927,4.4225,1.9933,2.1493,4.8873,1.6076,1.6701,3.9598,1.6113,2.0558,3.3018,1.0983,2.6702,3.6308,1.0016,2.7751,3.8511,1.4862,2.4985,3.9123,1.1707,2.6916,3.6565,1.8029,1.629,4.0672,0.94926,2.4584,2.8489,2.0003,2.1579,4.4846,0.3718,2.7215,3.1247,1.0298,1.9235,4.2741,0.992,2.2952,3.1184,1.7127,2.4151,4.6095,0.94368,2.0247,2.8705,0.7202,1.9603,2.738,1.5916,1.6559,3.9654,0.97126,2.4406,2.9009,1.3277,1.5642,3.8539,2.7259,2.5697,4.6106,1.0713,2.2236,3.5594,1.1934,2.7029,3.7086,1.979,1.9832,4.5206,1.0204,1.9376,4.2627,1.8816,1.697,3.4806,1.6616,2.5553,3.9954,2.1436,2.5321,4.8569,2.074,2.4174,3.6152,1.3589,3.0089,3.566,1.4616,1.5086,4.1854,0.61716,2.9817,3.6362,1.6104,1.6398,4.2001,0.72726,1.9816,2.7334,0.74247,2.2038,3.9842,2.6329,2.5744,4.517,2.0578,2.0799,3.4081,1.467,2.7881,3.6111,1.0407,2.3237,3.5276,2.5867,2.0759,4.5971,1.4547,1.7105,4.4294,1.5544,2.5684,3.6381,2.0599,2.3926,4.1378,2.6242,2.3297,4.9007,0.56968,2.5235,3.0949
1754.8,0.12967,125.48,16.137,0.1966,744.04,1.442,1.7846,4.1032,1.2823,2.2492,4.2696,1.1364,1.9252,4.2457,2.432,2.6258,4.2888,0.85718,2.0093,4.3075,1.517,2.5872,3.8989,3.2974,2.8191,6.1781,1.1207,1.9261,4.2495,1.7381,1.5874,4.2028,1.3058,2.2257,4.3423,0.81532,2.0521,4.2079,3.0043,2.8284,4.5769,5.4669,2.6506,1.198,1.3452,2.6726,3.7284,0.86649,2.1306,2.9844,2.5679,2.1652,4.6313,1.4466,1.6205,3.9378,0.61559,2.6499,3.7563,2.0578,1.7643,3.5309,1.0734,2.3812,3.2046,0.10096,2.3104,3.3242,1.7532,1.6737,3.4249,1.8539,2.7078,4.1073,1.799,1.7377,3.4227,1.4286,1.5925,3.9661,0.38825,2.1807,3.1137,2.1266,2.4121,4.4986,1.4545,1.7109,3.2061,0.82571,1.9611,2.7537,3.2883,2.8304,6.1272,2.0745,1.8058,3.539,1.0912,2.7251,3.0071,1.8507,2.5968,4.0849,0.68928,1.9576,2.8194,1.0444,2.4021,3.1479,1.9443,1.9233,4.567,1.7454,1.6136,3.9058,0.52884,2.1944,3.7782,1.2003,2.5801,3.772,0.88642,2.1423,3.1445,2.7099,2.3724,4.4947,2.2033,2.2413,4.8292,1.5271,1.6823,3.9652,1.9181,1.9323,4.5368,1.527,2.2234,3.2425,0.69809,2.1996,3.0005,2.4729,2.452,4.4515,1.8661,2.6004,4.6701,1.8091,2.6081,4.6315,2.713,2.4084,4.5574,1.2722,2.5634,3.8516,1.7912,2.287,4.4067,1.83,2.9593,3.7512,0.65244,2.4771,2.6097,1.4756,2.1257,4.6414,2.0432,2.9822,3.9616,0.28934,2.4122,3.2955,1.6667,1.5672,4.0644,0.6594,2.0813,3.0035,2.2611,2.268,4.6748,0.79582,2.5279,3.2479,0.89012,2.1586,3.1247,6.1774,2.8818,1.705,2.0944,2.0624,4.7327,2.6843,2.42,4.5358,2.5325,2.252,5.0145,1.9225,2.6036,4.2097,1.0801,1.7298,4.0423,4.6628,2.8178,0.51977,0.81314,2.1331,2.9762,1.3154,2.0896,4.3796,1.0068,2.1394,3.4278,2.0821,2.6525,4.3139,1.751,1.5203,4.1183,1.2864,2.5287,3.1676,0.79739,2.5063,3.7069,2.0943,1.8433,3.6488,1.5229,2.4873,3.432,1.5931,2.588,3.6556,1.5979,1.5931,4.2401,1.8732,2.642,4.3094,1.9694,2.6493,4.4373,3.5742,2.7366,0.033655,1.7534,1.5116,4.1085,1.8271,2.0009,3.4746,2.0347,2.929,4.8521,1.2681,2.5398,3.2304,2.5794,2.4362,4.9035,1.1011,2.6224,4.0186,1.5336,2.4648,3.4556,1.0985,1.8501,4.0591,1.6966,1.5311,4.0469,1.7807,1.9917,3.4045,0.27012,2.9068,3.3313,2.9561,2.2928,4.7083,1.2945,1.9479,4.2324,1.3477,2.631,3.5293,1.3969,2.4711,3.3541,1.9019,1.8905,3.6297,1.9448,2.5087,4.0697,1.0145,2.304,3.1433,2.5476,1.9782,5.1498,1.2756,2.6336,3.4446,1.323,2.5036,3.2715,0.45269,2.9033,3.4964,0.61383,1.8675,2.7354,1.6032,1.9713,4.534,1.456,1.7626,4.1546,5.2273,2.8413,1.5309,0.80483,2.0857,2.831,1.093,2.6732,4.0446,2.2743,2.5046,3.5961,2.4919,2.3814,4.7833,2.9514,2.6369,4.6415,2.1024,2.5011,4.4444,2.3714,2.1859,4.3075,0.71805,2.1193,3.1997,0.57008,2.415,3.1412,0.58559,2.14,3.6967,2.3858,2.4093,4.5334,0.96822,2.4142,3.0742,1.2227,1.6408,4.2612,1.6451,2.0387,3.3871,5.9389,2.6453,1.6725,3.4827,2.8968,0.21946,0.85602,2.3747,3.0799,1.6758,1.6044,4.0518,1.5241,1.9109,3.1726,0.7848,2.4262,2.9525,2.1504,2.3139,4.8067,1.241,2.5663,3.2024,1.0233,1.9441,3.5067,0.3861,1.9778,3.3218,1.7497,2.0051,3.3664,2.3976,2.1763,4.2775,2.24,2.1279,5.0109,1.2404,1.6407,3.8504,0.70609,1.9774,2.8031,2.2483,2.1534,5.0543,2.4044,2.2666,4.6102,1.5801,2.4714,3.9668,4.4839,2.8514,0.4171,1.9636,2.4705,4.0406,0.80388,1.9458,4.1104,1.3831,2.6522,4.3152,3.8516,2.7857,0.14009,1.5652,1.6859,3.3093,0.20656,2.2966,3.2383,5.0933,2.8565,1.0633,0.72602,2.7143,3.44,1.3955,2.542,3.0466,2.1835,2.0692,4.9143,1.4578,1.9993,4.4292,1.5285,1.6294,3.3225,1.4258,2.9072,3.3743,0.63863,2.398,2.9821,0.87701,2.4328,3.0477,0.24395,2.5957,3.3218,1.6804,2.3595,4.2126,0.65369,2.4166,2.9198,0.98579,2.3238,3.5422,1.3933,1.7522,4.2705,0.3186,2.3356,3.3526,1.5257,1.5893,3.3108,0.61738,2.4029,2.964,3.4284,2.8462,0.096068,1.9034,2.5517,3.9876,2.0755,2.2014,4.678,2.2923,2.7519,4.8773,1.9219,1.8605,3.8188,1.2869,1.7017,3.7273,2.2176,2.0977,4.9845,1.3486,2.5872,3.8795,1.0302,3.0498,2.8519,4.8008,2.8889,0.50319,1.4166,2.7099,4.4572,1.9343,1.8866,3.8757,1.3673,2.6543,3.0152,0.68963,2.7211,3.3352,1.0703,2.8841,4.248,0.8341,2.5394,2.7952,0.6793,2.0458,2.9006,0.53014,2.4181,3.3549,1.5591,2.159,4.3437,1.5654,2.7214,4.5696,0.50452,2.0089,2.9211,2.0107,1.8163,3.7929,1.1811,1.7393,3.7223,2.204,2.6435,4.6239,1.338,1.667,4.0857,1.3243,2.1427,3.1338,0.58094,2.0361,2.9625,0.55987,2.4145,2.7088,1.6969,2.4103,4.2193,2.2139,2.6253,4.675,0.53531,2.0356,2.9071,1.5821,1.675,3.3568,0.25251,3.0603,2.1087,0.69838,2.5665,2.6843,3.1606,2.7322,6.1786,0.27505,2.8823,2.9817,4.73,2.8866,0.43661,2.2535,2.3133,3.5455,1.2836,2.9961,4.125,1.2477,2.4212,3.4073,1.0484,3.0392,3.9012,2.3003,2.2283,3.7009,1.1708,1.6983,3.7244,2.4405,2.37,4.5993,2.4648,2.7064,4.0764,1.3619,2.6702,4.3775,1.9117,1.8012,3.8073,1.2372,2.66,3.7512,2.2908,2.422,4.8221,1.612,2.5548,3.5199,2.166,2.2685,4.156,0.74655,1.9495,3.2941,2.1982,2.42,3.6086,2.2185,2.3806,3.5585,2.2653,1.9912,5.0107,2.5796,2.2666,4.781,2.3099,2.2527,3.7342,1.3491,1.5975,3.8883,2.1883,2.6406,4.6332,1.9161,1.8381,3.814,0.77723,2.0967,4.1263,1.5907,1.7281,4.2412,2.2311,2.6425,4.7024,1.4469,2.3943,3.2635,6.0791,2.9215,2.3991,1.8528,1.7784,3.5465,1.8431,2.8778,4.1166,2.1479,1.965,4.9016,1.2343,2.5932,4.4282,1.9981,2.1502,4.8888,1.6075,1.6655,3.9597,1.6124,2.0585,3.2992,1.0994,2.6675,3.6308,1.0031,2.7737,3.8497,1.4903,2.5011,3.9162,1.1714,2.6886,3.6551,1.801,1.6234,4.0665,0.95058,2.4588,2.8517,2.006,2.1625,4.4903,0.38376,2.7168,3.136,1.0267,1.9218,4.2741,0.99253,2.2944,3.1212,1.7167,2.416,4.6107,0.94163,2.0228,2.8705,0.71941,1.9595,2.7376,1.5909,1.6517,3.9654,0.97264,2.4403,2.9058,1.3251,1.5622,3.8552,2.7253,2.5693,4.6112,1.0698,2.2288,3.5552,1.1961,2.6993,3.7106,1.9794,1.9836,4.5234,1.0182,1.9363,4.2634,1.8834,1.6984,3.4822,1.6613,2.5574,3.9949,2.145,2.5315,4.8542,2.0699,2.4195,3.6102,1.3693,3.0053,3.5757,1.4623,1.5111,4.1835,0.61328,2.9811,3.6333,1.6109,1.6361,4.1989,0.7267,1.9809,2.7333,0.7447,2.2049,3.9858,2.631,2.5733,4.5175,2.0615,2.0777,3.4081,1.471,2.783,3.6166,1.0372,2.3304,3.5214,2.5905,2.08,4.6048,1.453,1.7101,4.4304,1.5531,2.5679,3.642,2.0605,2.3972,4.1415,2.622,2.3284,4.8979,0.57456,2.524,3.0999
1754.8,0.12967,125.48,16.137,0.20554,760.11,1.4391,1.7814,4.1014,1.2843,2.2497,4.273,1.1326,1.9229,4.2447,2.4298,2.6245,4.2896,0.85665,2.0083,4.3098,1.517,2.5901,3.8989,3.3084,2.817,6.1915,1.1167,1.9234,4.2499,1.7381,1.5826,4.2004,1.3062,2.2252,4.3474,0.81417,2.0518,4.2087,3.0075,2.8279,4.5789,5.4599,2.6442,1.1912,1.3458,2.6698,3.7283,0.86263,2.1296,2.9825,2.5722,2.1692,4.6395,1.4446,1.6192,3.9388,0.61212,2.6531,3.7488,2.0605,1.7638,3.5336,1.0683,2.3806,3.2042,0.092997,2.3113,3.3128,1.7517,1.6727,3.4269,1.8493,2.7042,4.1023,1.7998,1.7393,3.424,1.4274,1.5904,3.967,0.38882,2.1817,3.1114,2.1287,2.4128,4.5007,1.4532,1.7126,3.206,0.82488,1.9621,2.7537,3.3028,2.829,6.143,2.0789,1.8065,3.5426,1.0959,2.7257,3.0134,1.8528,2.5976,4.0891,0.69093,1.9602,2.8204,1.0419,2.4007,3.1501,1.947,1.9232,4.5705,1.7477,1.612,3.9071,0.53097,2.1935,3.7813,1.2033,2.5833,3.775,0.88262,2.1443,3.1408,2.7159,2.3744,4.5013,2.2091,2.2439,4.8353,1.5294,1.6827,3.9666,1.9203,1.9329,4.5391,1.5288,2.2245,3.2415,0.69343,2.2034,2.9946,2.475,2.4547,4.4573,1.862,2.6011,4.6585,1.8052,2.6084,4.6219,2.7224,2.4116,4.5714,1.2715,2.5656,3.848,1.7973,2.2899,4.4118,1.8258,2.9555,3.7464,0.65759,2.4778,2.6143,1.4707,2.1293,4.6395,2.0429,2.9779,3.9602,0.28609,2.4123,3.2915,1.6671,1.5658,4.0635,0.65746,2.0823,3.0005,2.2609,2.2687,4.6744,0.7987,2.524,3.2554,0.88719,2.1606,3.1212,6.1719,2.8808,1.6983,2.1008,2.0658,4.7399,2.6912,2.4229,4.5467,2.5297,2.2483,5.0094,1.9199,2.5974,4.2068,1.0801,1.7251,4.0462,4.6636,2.8111,0.52024,0.81079,2.1336,2.9744,1.3166,2.0894,4.3839,1.0041,2.1423,3.4244,2.076,2.6485,4.307,1.7534,1.5165,4.1166,1.2912,2.5278,3.1696,0.79943,2.5089,3.7044,2.0963,1.84,3.6456,1.5202,2.4897,3.4318,1.5929,2.59,3.6609,1.5955,1.5925,4.2394,1.8677,2.6358,4.3018,1.9668,2.6435,4.434,3.5842,2.7336,0.042086,1.7561,1.5084,4.1062,1.8335,2.0006,3.4769,2.0311,2.9288,4.8488,1.2715,2.5397,3.2344,2.5775,2.436,4.9003,1.1027,2.6228,4.0147,1.5314,2.4663,3.4561,1.0949,1.8502,4.0584,1.6987,1.5287,4.0455,1.7849,1.9905,3.404,0.27167,2.9048,3.3328,2.9588,2.2913,4.712,1.2932,1.9477,4.2338,1.3502,2.6301,3.536,1.3946,2.4721,3.3554,1.9051,1.8868,3.6269,1.9457,2.5134,4.0743,1.0114,2.3046,3.1421,2.5472,1.9766,5.1498,1.2775,2.6325,3.4506,1.3175,2.505,3.2692,0.45847,2.901,3.5017,0.61179,1.8685,2.7297,1.5973,1.9694,4.5347,1.4558,1.7594,4.1554,5.2155,2.8381,1.5181,0.80368,2.0849,2.8318,1.0941,2.6755,4.0421,2.2807,2.5025,3.597,2.4873,2.3785,4.7761,2.9594,2.6335,4.6478,2.1017,2.5014,4.4427,2.3733,2.1906,4.3139,0.71333,2.1247,3.1906,0.58007,2.4128,3.1519,0.58556,2.1398,3.6965,2.3868,2.4078,4.5382,0.97764,2.4115,3.0838,1.2202,1.6442,4.2588,1.6422,2.039,3.3839,5.9266,2.642,1.6593,3.489,2.8947,0.22659,0.85476,2.3726,3.0825,1.6762,1.603,4.0507,1.5258,1.9128,3.1727,0.78494,2.4249,2.9548,2.1512,2.3124,4.8025,1.244,2.5671,3.2067,1.0241,1.9425,3.5071,0.37891,1.9791,3.3256,1.7522,2.0035,3.3631,2.3996,2.1813,4.2833,2.2439,2.1259,5.0114,1.2376,1.6374,3.8511,0.70645,1.9774,2.8041,2.2521,2.1522,5.056,2.4077,2.2695,4.616,1.5802,2.4767,3.9665,4.4914,2.8456,0.42625,1.9646,2.4772,4.0436,0.80265,1.9459,4.1095,1.3916,2.6553,4.3181,3.8638,2.7827,0.15349,1.5676,1.6902,3.3106,0.20346,2.2964,3.2324,5.0943,2.8504,1.0666,0.7292,2.7115,3.443,1.3986,2.5434,3.0469,2.1871,2.0664,4.9138,1.4559,1.9943,4.4324,1.5286,1.6291,3.324,1.4273,2.9068,3.3737,0.64552,2.3959,2.9922,0.87535,2.4318,3.0499,0.24349,2.5948,3.3191,1.6845,2.3644,4.2173,0.66096,2.4156,2.9272,0.98144,2.3311,3.5351,1.3932,1.7503,4.2688,0.31852,2.3363,3.3507,1.5255,1.5878,3.3121,0.62291,2.4016,2.9723,3.4415,2.8442,0.11024,1.8994,2.5507,3.9865,2.08,2.2015,4.6813,2.2777,2.7496,4.8592,1.9229,1.8546,3.8155,1.2866,1.6975,3.7287,2.2207,2.0952,4.9847,1.3468,2.5847,3.8748,1.0222,3.0491,2.8432,4.8043,2.8845,0.50722,1.4219,2.7099,4.4604,1.9362,1.8837,3.876,1.3719,2.6553,3.0217,0.69731,2.7192,3.3441,1.0769,2.8824,4.2539,0.84347,2.5405,2.8029,0.67974,2.0497,2.8994,0.53065,2.4189,3.3532,1.5591,2.1569,4.3488,1.5755,2.7218,4.5765,0.49999,2.0108,2.9132,2.0118,1.8137,3.7926,1.1802,1.7343,3.7255,2.2003,2.6414,4.6173,1.3358,1.6712,4.0822,1.3213,2.1416,3.132,0.5783,2.0385,2.9567,0.56401,2.413,2.7149,1.7018,2.4174,4.2226,2.2072,2.6216,4.6654,0.53201,2.0371,2.901,1.5827,1.6742,3.3583,0.23411,3.0607,2.0878,0.70049,2.5698,2.6851,3.1731,2.7302,6.1922,0.29099,2.8818,3.0,4.7341,2.883,0.44178,2.2522,2.3093,3.5392,1.2857,2.9921,4.1287,1.2411,2.4245,3.403,1.0479,3.0374,3.9036,2.2979,2.2282,3.6967,1.1692,1.691,3.7284,2.4405,2.3708,4.6,2.4595,2.7077,4.0781,1.365,2.67,4.3775,1.9125,1.7944,3.8046,1.2401,2.656,3.7536,2.2886,2.4207,4.815,1.6104,2.5541,3.5268,2.1667,2.2729,4.16,0.74417,1.9525,3.2897,2.1929,2.4208,3.6026,2.2134,2.379,3.5498,2.2682,1.9926,5.0126,2.5768,2.2656,4.7804,2.3072,2.2541,3.7314,1.3481,1.5983,3.8891,2.1789,2.6362,4.6206,1.9174,1.8332,3.8106,0.77761,2.0946,4.1328,1.5899,1.7246,4.2404,2.224,2.6392,4.693,1.4472,2.395,3.2639,6.0859,2.9229,2.4074,1.8541,1.7776,3.5488,1.8401,2.8714,4.1117,2.1534,1.9652,4.9065,1.2375,2.5936,4.4337,2.0029,2.1511,4.8901,1.6074,1.6612,3.9596,1.6136,2.0612,3.2966,1.1004,2.6649,3.6307,1.0044,2.7721,3.8484,1.4943,2.5037,3.9202,1.1721,2.6857,3.6538,1.7992,1.618,4.0658,0.95189,2.4592,2.8545,2.0116,2.1671,4.496,0.39527,2.7122,3.1469,1.0236,1.92,4.274,0.99311,2.2935,3.1241,1.7207,2.4168,4.6119,0.93962,2.0208,2.8706,0.71865,1.9587,2.7372,1.5903,1.6477,3.9654,0.97394,2.4401,2.9105,1.3223,1.5601,3.8564,2.7246,2.5689,4.6119,1.0683,2.2339,3.551,1.1986,2.6959,3.7126,1.9797,1.984,4.5261,1.0161,1.935,4.2641,1.8852,1.6998,3.4839,1.661,2.5596,3.9945,2.1467,2.5309,4.8516,2.0659,2.4216,3.6053,1.3794,3.0017,3.5852,1.463,1.5134,4.1816,0.60926,2.9804,3.6303,1.6114,1.6326,4.1977,0.72617,1.9802,2.7332,0.74685,2.2061,3.9872,2.629,2.5724,4.5181,2.0652,2.0757,3.4082,1.4749,2.7781,3.6219,1.0339,2.3367,3.5153,2.5944,2.0841,4.6126,1.4515,1.7098,4.4314,1.552,2.5676,3.6458,2.0612,2.4017,4.1453,2.6199,2.3272,4.8951,0.57927,2.5245,3.1047
1754.8,0.12967,125.48,16.137,0.21448,776.91,1.4362,1.7782,4.0996,1.2865,2.2501,4.2765,1.129,1.9206,4.2437,2.4277,2.6234,4.2905,0.8561,2.0074,4.3121,1.5171,2.5929,3.8989,3.3192,2.8147,6.2048,1.1129,1.9208,4.2503,1.7382,1.578,4.198,1.3065,2.2248,4.3524,0.81307,2.0516,4.2094,3.0105,2.8274,4.5806,5.4533,2.638,1.1852,1.346,2.6675,3.7281,0.85886,2.1285,2.9805,2.5765,2.173,4.6473,1.4424,1.6182,3.9398,0.60846,2.6562,3.7411,2.0633,1.7633,3.5362,1.0631,2.3801,3.2034,0.085024,2.3121,3.3013,1.7504,1.6716,3.4287,1.8453,2.7009,4.0977,1.8007,1.7406,3.4252,1.4261,1.5887,3.9678,0.38942,2.1826,3.1092,2.1306,2.4136,4.5027,1.4519,1.7142,3.206,0.824,1.963,2.7537,3.3178,2.8276,6.1591,2.0832,1.8071,3.5462,1.1005,2.7264,3.0198,1.8549,2.5983,4.0934,0.69244,1.9627,2.8213,1.0392,2.3994,3.1521,1.9497,1.9231,4.574,1.7499,1.6106,3.9084,0.53326,2.1925,3.7844,1.2063,2.5861,3.7784,0.87901,2.1463,3.1374,2.7216,2.3762,4.5075,2.2145,2.2463,4.8412,1.5318,1.6828,3.9679,1.9227,1.9335,4.5413,1.5305,2.2255,3.2405,0.68928,2.2067,2.9897,2.477,2.457,4.4625,1.858,2.6019,4.647,1.8014,2.6087,4.6125,2.7315,2.4145,4.5848,1.2708,2.5676,3.8445,1.8035,2.2928,4.4168,1.8218,2.9519,3.7421,0.66248,2.4784,2.6186,1.4656,2.1329,4.6373,2.0428,2.9737,3.959,0.28293,2.4123,3.2876,1.6676,1.5645,4.0626,0.65559,2.0832,2.9976,2.2607,2.2693,4.6739,0.80105,2.5203,3.2624,0.88456,2.1623,3.1181,6.1668,2.8797,1.6922,2.1073,2.0691,4.7471,2.6978,2.4254,4.557,2.5275,2.2447,5.0048,1.9179,2.5922,4.2044,1.08,1.7206,4.05,4.664,2.805,0.52052,0.80857,2.1341,2.9728,1.3178,2.0893,4.3881,1.0014,2.1452,3.4209,2.0703,2.6448,4.3006,1.7559,1.5129,4.115,1.296,2.527,3.1713,0.80148,2.5115,3.7019,2.0985,1.837,3.6426,1.5177,2.4921,3.432,1.593,2.5918,3.6663,1.5931,1.5923,4.2388,1.8627,2.63,4.2946,1.9645,2.6381,4.431,3.5937,2.7306,0.050608,1.7588,1.5054,4.1037,1.8399,2.0002,3.4794,2.0274,2.9286,4.8452,1.2747,2.5397,3.2382,2.5757,2.4357,4.8973,1.104,2.6232,4.0108,1.5291,2.4679,3.4567,1.0915,1.8502,4.0577,1.7009,1.5265,4.0442,1.7892,1.9893,3.4037,0.27329,2.9029,3.3342,2.9614,2.2899,4.7154,1.2918,1.9474,4.2351,1.3527,2.6294,3.5424,1.3923,2.4732,3.3568,1.9085,1.8833,3.6245,1.9467,2.5175,4.0789,1.0085,2.3051,3.141,2.5467,1.9753,5.1498,1.2793,2.6314,3.4563,1.3121,2.5062,3.2669,0.46414,2.8986,3.5069,0.60989,1.8695,2.7245,1.5913,1.9674,4.535,1.4556,1.7563,4.1563,5.2041,2.835,1.5056,0.80253,2.0841,2.8327,1.0952,2.6777,4.0394,2.2869,2.5003,3.598,2.4833,2.3759,4.7696,2.9672,2.63,4.6538,2.101,2.5017,4.4411,2.3751,2.1951,4.3202,0.70866,2.1296,3.1818,0.58952,2.4107,3.1619,0.5856,2.1397,3.6963,2.3881,2.4065,4.5429,0.98637,2.4092,3.0925,1.2177,1.6473,4.2564,1.6393,2.0394,3.3806,5.9148,2.6389,1.6468,3.4944,2.8925,0.23294,0.85304,2.3707,3.0845,1.6766,1.6017,4.0496,1.5274,1.9147,3.1729,0.78505,2.4237,2.9571,2.1522,2.311,4.7987,1.2469,2.568,3.2109,1.0249,1.941,3.5075,0.37192,1.9805,3.3294,1.7549,2.0018,3.3599,2.402,2.1864,4.2893,2.2478,2.1237,5.0122,1.2348,1.6341,3.8514,0.7067,1.9772,2.8049,2.2557,2.1509,5.0576,2.411,2.2721,4.6215,1.5803,2.4816,3.966,4.4988,2.84,0.43531,1.9656,2.4837,4.0466,0.80152,1.9459,4.1087,1.3997,2.6582,4.3206,3.8754,2.7798,0.16644,1.5702,1.6945,3.312,0.2007,2.2962,3.227,5.0956,2.8445,1.0703,0.73203,2.7088,3.4456,1.4014,2.5447,3.0469,2.1908,2.0638,4.9135,1.4539,1.9893,4.4354,1.5286,1.6287,3.3254,1.4287,2.9065,3.3728,0.652,2.3938,3.0016,0.87365,2.4308,3.0521,0.24308,2.5939,3.3165,1.6886,2.3692,4.2221,0.66807,2.4147,2.9345,0.97698,2.3381,3.5282,1.3931,1.7483,4.2672,0.31837,2.3369,3.3489,1.5254,1.5862,3.3134,0.62824,2.4004,2.9802,3.4538,2.8424,0.12363,1.8954,2.5496,3.9854,2.0844,2.2015,4.6847,2.2636,2.7471,4.8416,1.9241,1.8486,3.8125,1.2863,1.6935,3.7301,2.2238,2.0927,4.9849,1.3451,2.5825,3.8703,1.0141,3.0484,2.8344,4.8074,2.88,0.51129,1.4269,2.7099,4.4632,1.9382,1.8808,3.8763,1.3766,2.6562,3.0283,0.70444,2.7172,3.3524,1.0833,2.8807,4.2596,0.85254,2.5415,2.8104,0.68029,2.0535,2.8983,0.53116,2.4196,3.3516,1.5591,2.1547,4.3539,1.5851,2.7221,4.583,0.49575,2.0124,2.9058,2.0129,1.8112,3.7923,1.1793,1.7294,3.7288,2.1972,2.6394,4.6114,1.3335,1.6751,4.0788,1.3184,2.1404,3.1304,0.57569,2.0407,2.9512,0.56812,2.4116,2.7211,1.7065,2.4241,4.2255,2.2009,2.6181,4.6563,0.52894,2.0383,2.8956,1.5835,1.6735,3.3599,0.21569,3.0611,2.0671,0.70225,2.5732,2.6857,3.1851,2.728,6.2054,0.30664,2.8812,3.0179,4.7381,2.8797,0.447,2.2513,2.3055,3.5333,1.2872,2.9883,4.1318,1.2351,2.4273,3.3993,1.0469,3.0358,3.9054,2.2955,2.2281,3.6926,1.1677,1.6837,3.7323,2.4405,2.3716,4.6005,2.4543,2.7088,4.0799,1.3679,2.6698,4.3773,1.9133,1.7879,3.8023,1.2428,2.6523,3.7558,2.2868,2.4195,4.8084,1.6088,2.5534,3.5333,2.1674,2.2774,4.164,0.74181,1.9554,3.2854,2.1878,2.4216,3.5965,2.2084,2.3773,3.5411,2.2709,1.9937,5.0142,2.574,2.2645,4.7799,2.3045,2.2555,3.7287,1.3471,1.5988,3.8897,2.17,2.6318,4.6086,1.9187,1.8282,3.8075,0.778,2.0924,4.139,1.5888,1.7212,4.2395,2.2173,2.636,4.6839,1.4476,2.3959,3.2643,6.0929,2.9243,2.416,1.8554,1.7768,3.551,1.8375,2.8651,4.1071,2.1587,1.9653,4.9112,1.2407,2.594,4.439,2.0076,2.1521,4.8913,1.6074,1.6571,3.9594,1.6147,2.0637,3.2942,1.1014,2.6625,3.6305,1.0056,2.7707,3.8468,1.4981,2.506,3.9241,1.1727,2.6831,3.6524,1.7972,1.6129,4.0653,0.95319,2.4597,2.8572,2.017,2.1714,4.5015,0.40626,2.7074,3.1571,1.0207,1.9184,4.2739,0.99361,2.2927,3.1268,1.7246,2.4176,4.6131,0.93761,2.0191,2.8705,0.7179,1.9578,2.7368,1.5895,1.644,3.9654,0.97509,2.44,2.9151,1.3196,1.5581,3.8576,2.7237,2.5685,4.6123,1.0668,2.2391,3.5468,1.2011,2.6926,3.7144,1.9802,1.9843,4.5288,1.0139,1.9336,4.265,1.887,1.701,3.4855,1.6607,2.5615,3.994,2.1482,2.5305,4.8491,2.0621,2.4237,3.6004,1.3895,2.998,3.5945,1.4635,1.5158,4.1798,0.60517,2.9798,3.6273,1.612,1.6295,4.1966,0.72564,1.9794,2.7331,0.7489,2.2073,3.9885,2.6272,2.5714,4.5189,2.0689,2.0736,3.4084,1.4788,2.7733,3.6274,1.0305,2.3429,3.5094,2.5982,2.088,4.6203,1.4501,1.7098,4.4324,1.5509,2.5674,3.6496,2.0619,2.4059,4.149,2.618,2.3261,4.8925,0.58387,2.525,3.1094
1754.8,0.12967,125.48,16.137,0.22341,793.09,1.4335,1.775,4.0978,1.2887,2.2506,4.28,1.1254,1.9183,4.2427,2.4257,2.6221,4.2914,0.85553,2.0066,4.3143,1.5172,2.5955,3.8989,3.3296,2.8123,6.2176,1.1092,1.9184,4.2507,1.7382,1.5735,4.1957,1.3067,2.2243,4.3572,0.81204,2.0513,4.2102,3.0134,2.8269,4.5823,5.4471,2.6319,1.1797,1.3462,2.6654,3.7277,0.85512,2.1275,2.9786,2.5806,2.1766,4.655,1.4403,1.617,3.9408,0.60481,2.6591,3.7334,2.0659,1.7627,3.5388,1.0575,2.3798,3.2022,0.077119,2.3128,3.29,1.749,1.6704,3.4306,1.8415,2.6974,4.0936,1.8015,1.742,3.4265,1.4249,1.587,3.9684,0.39002,2.1835,3.107,2.1324,2.4142,4.5046,1.4506,1.7159,3.2059,0.82306,1.9637,2.7537,3.3328,2.826,6.1754,2.0876,1.8075,3.5499,1.105,2.727,3.0261,1.8571,2.5989,4.0977,0.69381,1.965,2.8219,1.0364,2.3981,3.1539,1.9525,1.9231,4.5776,1.7521,1.6094,3.9098,0.53561,2.1913,3.7877,1.2096,2.5886,3.7818,0.8755,2.1481,3.1341,2.727,2.3779,4.5133,2.22,2.2485,4.847,1.534,1.6828,3.9692,1.9252,1.934,4.5435,1.5323,2.2265,3.2396,0.68532,2.2099,2.9851,2.4789,2.4593,4.4679,1.854,2.6026,4.6354,1.7977,2.6091,4.6032,2.7408,2.4172,4.5982,1.2702,2.5696,3.841,1.8098,2.2956,4.4217,1.8182,2.9484,3.7382,0.66718,2.4791,2.6226,1.4605,2.1367,4.635,2.0427,2.9696,3.9577,0.2798,2.4123,3.2838,1.668,1.5631,4.0617,0.65377,2.0838,2.995,2.2604,2.2698,4.6732,0.8031,2.5165,3.2691,0.8821,2.164,3.1154,6.1623,2.8785,1.6866,2.1137,2.0723,4.7541,2.7041,2.4277,4.5672,2.5255,2.2412,5.0005,1.9162,2.5875,4.2024,1.08,1.7161,4.0537,4.6643,2.7991,0.52074,0.80649,2.1345,2.9713,1.3192,2.0891,4.3922,0.99867,2.1479,3.4173,2.0648,2.6411,4.2944,1.7583,1.5092,4.1133,1.3005,2.5262,3.173,0.80355,2.514,3.6995,2.1006,1.8338,3.6397,1.5154,2.4944,3.4325,1.5933,2.5937,3.672,1.5908,1.5922,4.2382,1.858,2.6245,4.2878,1.9625,2.6328,4.4281,3.6033,2.7275,0.059038,1.7614,1.5022,4.1012,1.8463,1.9997,3.482,2.0234,2.9284,4.8414,1.2779,2.5397,3.2418,2.574,2.4355,4.8942,1.1054,2.6235,4.0069,1.5269,2.4695,3.4573,1.0881,1.85,4.0571,1.7031,1.5243,4.0429,1.7935,1.9879,3.4035,0.27501,2.901,3.3359,2.9638,2.2884,4.7186,1.2904,1.9472,4.2366,1.3551,2.6288,3.5487,1.3901,2.4744,3.3583,1.9119,1.8797,3.6222,1.9475,2.5215,4.0833,1.0054,2.3056,3.1398,2.5462,1.9741,5.1497,1.2812,2.6306,3.462,1.3068,2.5075,3.2646,0.46964,2.8963,3.5119,0.6081,1.8704,2.7193,1.5853,1.9655,4.5351,1.4555,1.7532,4.1571,5.193,2.8319,1.4934,0.8014,2.0833,2.8335,1.096,2.6798,4.0368,2.2932,2.4982,3.5994,2.4796,2.3734,4.7633,2.9747,2.6266,4.6595,2.1005,2.5021,4.4396,2.3771,2.1996,4.3266,0.7039,2.1342,3.173,0.59874,2.4086,3.1716,0.58575,2.1396,3.6963,2.3898,2.4052,4.5478,0.99486,2.407,3.101,1.2152,1.6508,4.2539,1.6363,2.0395,3.3772,5.9034,2.6356,1.6348,3.4994,2.8903,0.23865,0.85099,2.3689,3.086,1.677,1.6004,4.0484,1.5291,1.9165,3.1731,0.78511,2.4223,2.9592,2.1533,2.3096,4.795,1.2497,2.5689,3.215,1.0256,1.9393,3.508,0.36502,1.9822,3.3333,1.7575,2.0,3.3567,2.4045,2.1916,4.2955,2.2515,2.1215,5.0128,1.232,1.6309,3.8517,0.70684,1.9771,2.8054,2.2593,2.1495,5.0591,2.4142,2.2747,4.6271,1.5803,2.4864,3.9655,4.5061,2.8346,0.44425,1.9668,2.4902,4.0496,0.80044,1.9459,4.1081,1.4077,2.6611,4.3229,3.8869,2.7771,0.17915,1.5728,1.6988,3.3134,0.19813,2.296,3.2217,5.097,2.8387,1.0741,0.73461,2.7062,3.4479,1.404,2.5461,3.0467,2.1946,2.0612,4.9132,1.4518,1.9845,4.4384,1.5288,1.6283,3.3269,1.4302,2.9061,3.372,0.65825,2.3919,3.0108,0.87191,2.4298,3.0542,0.24259,2.5929,3.3138,1.6927,2.3739,4.2268,0.67502,2.4138,2.9416,0.97244,2.345,3.521,1.393,1.7464,4.2654,0.31813,2.3373,3.347,1.5253,1.5845,3.3148,0.63337,2.3991,2.9879,3.4657,2.8406,0.13656,1.8915,2.5488,3.9842,2.0888,2.2015,4.688,2.2501,2.7447,4.8243,1.9251,1.8427,3.8096,1.2859,1.6895,3.7315,2.2269,2.0903,4.9851,1.3435,2.5803,3.8659,1.0059,3.0479,2.8256,4.8105,2.8756,0.51535,1.4318,2.7097,4.4659,1.9403,1.878,3.8767,1.381,2.6572,3.0348,0.71109,2.7153,3.3601,1.0897,2.879,4.2654,0.86129,2.5427,2.8176,0.68088,2.0573,2.8975,0.53178,2.4203,3.3501,1.5591,2.1525,4.359,1.5944,2.7224,4.5891,0.49165,2.0139,2.8985,2.0141,1.8087,3.7922,1.1783,1.7245,3.7321,2.1943,2.6375,4.6059,1.3312,1.6789,4.0754,1.3154,2.1391,3.1286,0.5731,2.0428,2.9458,0.57217,2.4101,2.7272,1.711,2.4306,4.2282,2.195,2.6146,4.6476,0.526,2.0394,2.8902,1.584,1.673,3.3615,0.19672,3.0615,2.0457,0.70372,2.5768,2.6859,3.1969,2.7259,6.2181,0.3219,2.8805,3.0355,4.7421,2.8765,0.45227,2.2505,2.3017,3.5275,1.2884,2.9845,4.1345,1.2292,2.4299,3.3957,1.0449,3.0341,3.9064,2.2931,2.2281,3.6885,1.1661,1.6765,3.7362,2.4404,2.3723,4.6009,2.4492,2.71,4.0817,1.3705,2.6697,4.377,1.914,1.7816,3.8,1.2454,2.6487,3.758,2.2851,2.4183,4.8021,1.6072,2.5529,3.5397,2.1681,2.2819,4.1681,0.73946,1.9582,3.2812,2.1827,2.4224,3.5905,2.2036,2.3755,3.5326,2.2734,1.9948,5.0156,2.5714,2.2635,4.7795,2.3019,2.257,3.7261,1.3461,1.5991,3.8902,2.1613,2.6275,4.5969,1.92,1.8233,3.8043,0.77839,2.0903,4.1452,1.5879,1.7177,4.2386,2.2107,2.6327,4.6751,1.448,2.3966,3.2647,6.0998,2.9257,2.4245,1.8568,1.776,3.5532,1.8352,2.8589,4.1029,2.164,1.9653,4.9157,1.2437,2.5943,4.4442,2.012,2.1531,4.8926,1.6074,1.6531,3.9593,1.6161,2.0661,3.2918,1.1022,2.6602,3.6302,1.0068,2.7692,3.8452,1.502,2.5082,3.928,1.1732,2.6805,3.651,1.7954,1.608,4.0648,0.9545,2.4602,2.8598,2.0225,2.1757,4.507,0.41687,2.7027,3.167,1.0176,1.9166,4.2738,0.99413,2.292,3.1295,1.7285,2.4181,4.6145,0.93563,2.0174,2.8703,0.71718,1.957,2.7365,1.5889,1.6405,3.9654,0.97618,2.4399,2.9195,1.317,1.556,3.8588,2.7228,2.5681,4.6126,1.0651,2.2443,3.5426,1.2035,2.6893,3.7162,1.9806,1.9847,4.5314,1.0118,1.9322,4.2657,1.8888,1.7023,3.4872,1.6605,2.5634,3.9936,2.1499,2.53,4.8468,2.0582,2.4259,3.5956,1.3993,2.9943,3.6038,1.464,1.518,4.178,0.60101,2.9792,3.624,1.6127,1.6264,4.1953,0.72512,1.9787,2.7329,0.75089,2.2086,3.9898,2.6254,2.5706,4.5197,2.0725,2.0715,3.4086,1.4826,2.7688,3.6329,1.0271,2.3487,3.5036,2.6021,2.0918,4.6279,1.4486,1.7098,4.4333,1.5497,2.5673,3.6533,2.0626,2.4102,4.1527,2.6161,2.3249,4.8899,0.58833,2.5255,3.1139
1754.8,0.12967,125.48,16.137,0.23235,809.61,1.4307,1.7721,4.0961,1.2908,2.251,4.2836,1.122,1.9162,4.2417,2.4238,2.6209,4.2925,0.85494,2.0058,4.3163,1.5172,2.5981,3.8987,3.3399,2.81,6.2302,1.1054,1.9159,4.251,1.7385,1.5693,4.1933,1.3068,2.2237,4.3619,0.81107,2.051,4.2111,3.0162,2.8263,4.5838,5.4414,2.626,1.175,1.3462,2.6635,3.7272,0.85146,2.1263,2.9767,2.5846,2.18,4.6623,1.4382,1.6161,3.9417,0.60107,2.6619,3.7257,2.0687,1.7621,3.5414,1.0519,2.3796,3.2006,0.069267,2.3135,3.2789,1.7476,1.6691,3.4325,1.838,2.6942,4.0901,1.8023,1.7433,3.4278,1.4237,1.5855,3.9689,0.39066,2.1842,3.1049,2.1343,2.4149,4.5063,1.4492,1.7176,3.2058,0.82212,1.9643,2.7536,3.3482,2.8243,6.192,2.0921,1.8078,3.5534,1.1097,2.7278,3.0325,1.8593,2.5995,4.1019,0.69505,1.9672,2.8225,1.0335,2.3969,3.1556,1.9553,1.923,4.5813,1.7542,1.6085,3.9111,0.53805,2.1902,3.7911,1.2128,2.591,3.7854,0.87215,2.15,3.1311,2.7322,2.3795,4.5187,2.2254,2.2506,4.8525,1.5362,1.6826,3.9703,1.9276,1.9345,4.5457,1.5342,2.2275,3.2389,0.68173,2.2127,2.9812,2.4808,2.4615,4.473,1.8498,2.6034,4.624,1.7941,2.6093,4.594,2.7497,2.4196,4.6112,1.2694,2.5715,3.8374,1.816,2.2984,4.4266,1.8148,2.9451,3.7345,0.67163,2.4797,2.6263,1.4553,2.1403,4.6324,2.0427,2.9654,3.9567,0.27677,2.4123,3.28,1.6685,1.5619,4.0608,0.65203,2.0843,2.9924,2.26,2.2703,4.6725,0.80466,2.5129,3.2752,0.87986,2.1655,3.1128,6.1582,2.8774,1.6815,2.1201,2.0753,4.7609,2.7102,2.4297,4.5767,2.5237,2.2377,4.9967,1.915,2.5835,4.2006,1.0799,1.7118,4.0575,4.6643,2.7937,0.52078,0.80454,2.135,2.9701,1.3207,2.089,4.3962,0.99594,2.1508,3.4137,2.0596,2.6375,4.2887,1.7608,1.5056,4.1116,1.3052,2.5254,3.1745,0.80562,2.5164,3.697,2.1028,1.8306,3.6368,1.5133,2.4968,3.4332,1.5938,2.5955,3.6778,1.5885,1.5922,4.2375,1.8536,2.6194,4.2814,1.9607,2.6278,4.4255,3.6126,2.7245,0.067224,1.7641,1.4989,4.0986,1.8527,1.9992,3.4845,2.0193,2.9281,4.8373,1.281,2.5398,3.2452,2.5722,2.4352,4.8912,1.1066,2.6238,4.0029,1.5247,2.4711,3.4579,1.0848,1.8499,4.0566,1.7053,1.5222,4.0416,1.7978,1.9866,3.4034,0.27681,2.8992,3.3373,2.9662,2.2868,4.7217,1.2889,1.9469,4.2379,1.3573,2.6283,3.5549,1.3879,2.4755,3.3598,1.9152,1.8762,3.62,1.9484,2.5252,4.0877,1.0025,2.306,3.1388,2.5455,1.9731,5.1497,1.2831,2.6297,3.4675,1.3016,2.5087,3.2625,0.47501,2.8938,3.5168,0.60644,1.871,2.7146,1.5794,1.9635,4.535,1.4552,1.7503,4.1579,5.1824,2.8288,1.4816,0.80029,2.0826,2.8343,1.0966,2.6818,4.034,2.2992,2.4962,3.6007,2.4762,2.3711,4.7575,2.9819,2.6232,4.6649,2.1,2.5025,4.4382,2.3791,2.2041,4.3329,0.69924,2.1384,3.1645,0.60749,2.4067,3.1807,0.58599,2.1395,3.6961,2.3917,2.4042,4.5528,1.0028,2.405,3.1089,1.2126,1.6542,4.2514,1.6333,2.0397,3.3739,5.8926,2.6324,1.6233,3.5037,2.8882,0.24362,0.84865,2.3673,3.0869,1.6773,1.5993,4.0474,1.5309,1.9183,3.1735,0.78512,2.4209,2.9613,2.1545,2.3083,4.7917,1.2525,2.57,3.219,1.0262,1.9376,3.5085,0.35848,1.9839,3.3371,1.7603,1.9982,3.3537,2.4074,2.1967,4.302,2.2553,2.1193,5.0134,1.2292,1.6278,3.8517,0.7069,1.9768,2.8059,2.2627,2.1479,5.0605,2.4173,2.2772,4.6323,1.5804,2.4909,3.9649,4.5131,2.8292,0.45303,1.9679,2.4966,4.0526,0.79943,1.9459,4.1075,1.4153,2.6639,4.3249,3.8979,2.7743,0.19146,1.5754,1.7032,3.3149,0.19584,2.2958,3.2168,5.0986,2.8331,1.078,0.73688,2.7037,3.4498,1.4065,2.5474,3.0464,2.1982,2.0587,4.9131,1.4497,1.9797,4.4412,1.5289,1.6279,3.3284,1.4317,2.9058,3.3712,0.66411,2.39,3.0194,0.87014,2.4288,3.0561,0.24211,2.5919,3.3111,1.6969,2.3785,4.2314,0.68183,2.413,2.9487,0.96782,2.3518,3.5138,1.3927,1.7444,4.2637,0.31782,2.3378,3.345,1.5251,1.5826,3.3163,0.63831,2.398,2.9953,3.477,2.8387,0.14882,1.8877,2.5481,3.9831,2.0931,2.2015,4.6911,2.2371,2.7422,4.8077,1.9261,1.8366,3.8068,1.2856,1.6858,3.7327,2.2299,2.0881,4.9854,1.3418,2.5782,3.8616,0.99753,3.0474,2.8165,4.8134,2.8713,0.51949,1.4364,2.7096,4.4683,1.9423,1.8752,3.8772,1.3854,2.6582,3.0413,0.71728,2.7135,3.3672,1.096,2.8772,4.2711,0.86973,2.5438,2.8246,0.68155,2.0609,2.8968,0.53238,2.4209,3.3486,1.5593,2.1502,4.3641,1.603,2.7227,4.5949,0.48779,2.0154,2.8916,2.0151,1.8064,3.792,1.1773,1.7198,3.7353,2.1918,2.6358,4.6009,1.3288,1.6827,4.0722,1.3125,2.1378,3.1269,0.57056,2.0447,2.9405,0.5762,2.4086,2.7333,1.7152,2.4367,4.2306,2.1894,2.6113,4.6393,0.52322,2.0404,2.8852,1.5846,1.6724,3.3631,0.17771,3.0618,2.0245,0.70485,2.5803,2.6857,3.2083,2.7238,6.2303,0.33689,2.8797,3.0527,4.746,2.8735,0.45754,2.2499,2.298,3.5221,1.2893,2.9809,4.1366,1.2237,2.4321,3.3924,1.0422,3.0326,3.9065,2.2909,2.228,3.6843,1.1646,1.6694,3.74,2.4404,2.3729,4.6015,2.4442,2.7109,4.0837,1.3732,2.6695,4.3766,1.9147,1.7753,3.798,1.2479,2.6452,3.76,2.2839,2.4174,4.7961,1.6055,2.5526,3.5458,2.1689,2.2863,4.1723,0.73712,1.961,3.277,2.1776,2.4231,3.5845,2.1989,2.3737,3.524,2.2757,1.9958,5.0168,2.5687,2.2625,4.779,2.2992,2.2586,3.7234,1.3453,1.5994,3.8907,2.1531,2.6232,4.5856,1.9213,1.8185,3.8013,0.77879,2.0882,4.1513,1.5869,1.7145,4.2377,2.2043,2.6295,4.6664,1.4484,2.3973,3.2651,6.107,2.9269,2.4331,1.8583,1.7752,3.5552,1.8332,2.8528,4.0991,2.169,1.9652,4.92,1.2466,2.5946,4.4493,2.0164,2.1541,4.8937,1.6074,1.6494,3.9592,1.6174,2.0686,3.2896,1.1028,2.658,3.6298,1.0078,2.7678,3.8434,1.5056,2.5103,3.9318,1.1737,2.6781,3.6496,1.7935,1.6033,4.0643,0.95583,2.4607,2.8625,2.0279,2.1797,4.5124,0.42702,2.6981,3.1764,1.0146,1.9149,4.2735,0.9946,2.2913,3.1321,1.7325,2.4187,4.6158,0.93364,2.0157,2.87,0.71648,1.9562,2.7361,1.5883,1.6374,3.9654,0.97717,2.44,2.9238,1.3143,1.5541,3.86,2.7218,2.5678,4.6128,1.0635,2.2494,3.5384,1.2058,2.6861,3.7178,1.9811,1.9851,4.5341,1.0098,1.9308,4.2665,1.8907,1.7035,3.4889,1.6602,2.5652,3.9932,2.1516,2.5296,4.8446,2.0545,2.428,3.591,1.4089,2.9906,3.613,1.4646,1.5202,4.1763,0.59679,2.9785,3.6208,1.6134,1.6235,4.1942,0.72461,1.9779,2.7328,0.75277,2.21,3.9909,2.6237,2.5698,4.5205,2.0762,2.0695,3.4089,1.4863,2.7643,3.6385,1.024,2.3544,3.4981,2.6059,2.0956,4.6355,1.4471,1.71,4.4342,1.5486,2.5673,3.6569,2.0634,2.4142,4.1562,2.6143,2.3238,4.8875,0.5927,2.526,3.1184
1754.8,0.12967,125.48,16.137,0.24129,825.48,1.428,1.7692,4.0944,1.2931,2.2514,4.2872,1.1187,1.914,4.2407,2.4219,2.6198,4.2935,0.85435,2.0052,4.3183,1.5173,2.6006,3.8986,3.3501,2.8076,6.2426,1.1018,1.9134,4.2514,1.7386,1.5652,4.191,1.3068,2.2232,4.3666,0.81016,2.0508,4.2121,3.0187,2.8257,4.5852,5.4359,2.6202,1.1706,1.3461,2.6619,3.7265,0.84785,2.1251,2.9748,2.5885,2.1832,4.6695,1.436,1.6151,3.9426,0.59738,2.6647,3.718,2.0714,1.7614,3.5439,1.046,2.3795,3.1987,0.061493,2.3141,3.268,1.7461,1.6678,3.4344,1.8348,2.6908,4.0869,1.8031,1.7446,3.4291,1.4225,1.5841,3.9694,0.39129,2.1851,3.1028,2.136,2.4155,4.5081,1.4478,1.7193,3.2057,0.82115,1.9647,2.7537,3.3637,2.8225,6.2088,2.0966,1.8081,3.5571,1.1144,2.7285,3.0388,1.8615,2.6002,4.1063,0.69615,1.9695,2.823,1.0305,2.3958,3.1571,1.9582,1.9229,4.585,1.7562,1.6079,3.9124,0.54059,2.1891,3.7945,1.2162,2.5933,3.7889,0.8689,2.1517,3.1281,2.7372,2.3811,4.5238,2.2307,2.2526,4.8582,1.5384,1.6823,3.9715,1.9301,1.935,4.548,1.5361,2.2285,3.238,0.67834,2.2155,2.9776,2.4826,2.4637,4.4782,1.8458,2.604,4.6125,1.7905,2.6096,4.5849,2.7585,2.4219,4.624,1.2687,2.5734,3.8339,1.8223,2.3013,4.4314,1.8116,2.9421,3.7311,0.67585,2.4805,2.6299,1.45,2.144,4.6296,2.0427,2.9612,3.9557,0.27372,2.4122,3.2762,1.669,1.5608,4.06,0.65036,2.0847,2.99,2.2595,2.2708,4.6716,0.80589,2.5092,3.2811,0.87774,2.167,3.1104,6.1546,2.8763,1.677,2.1265,2.0781,4.7676,2.7159,2.4316,4.586,2.5222,2.2341,4.993,1.914,2.5798,4.1991,1.0798,1.7075,4.0612,4.6642,2.7885,0.52078,0.80275,2.1355,2.969,1.3222,2.089,4.4002,0.99317,2.1537,3.4102,2.0546,2.6341,4.2831,1.7633,1.5019,4.1099,1.3097,2.5247,3.176,0.80769,2.5188,3.6946,2.105,1.8275,3.6339,1.5115,2.499,3.4343,1.5945,2.5972,3.6838,1.5861,1.5923,4.2369,1.8494,2.6145,4.2751,1.9591,2.6229,4.4231,3.6219,2.7214,0.075356,1.7668,1.4955,4.096,1.8591,1.9987,3.4873,2.0149,2.9277,4.8329,1.2839,2.5399,3.2484,2.5706,2.435,4.8882,1.1078,2.6241,3.999,1.5227,2.4727,3.4587,1.0816,1.8496,4.0561,1.7075,1.5202,4.0402,1.8022,1.9852,3.4035,0.2787,2.8973,3.3389,2.9686,2.2853,4.7246,1.2874,1.9465,4.2394,1.3597,2.6279,3.5611,1.3858,2.4766,3.3614,1.9186,1.8728,3.6179,1.9493,2.5287,4.092,0.99956,2.3065,3.1378,2.5448,1.9723,5.1496,1.285,2.6289,3.4731,1.2963,2.5099,3.2602,0.48019,2.8914,3.5214,0.60487,1.8716,2.71,1.5736,1.9617,4.5348,1.4551,1.7473,4.1585,5.172,2.8258,1.4702,0.79921,2.0818,2.835,1.0972,2.6837,4.0312,2.3055,2.4944,3.6023,2.473,2.3687,4.752,2.9889,2.6198,4.6699,2.0996,2.5029,4.4368,2.3811,2.2085,4.3393,0.69451,2.1426,3.1561,0.6161,2.4048,3.1898,0.58628,2.1395,3.6961,2.3938,2.4033,4.5578,1.0106,2.403,3.1166,1.21,1.6578,4.2489,1.6302,2.0398,3.3706,5.882,2.629,1.6123,3.5073,2.8862,0.24797,0.84609,2.3659,3.0876,1.6776,1.5982,4.0464,1.5326,1.9201,3.1739,0.78508,2.4195,2.9633,2.1559,2.3069,4.7885,1.2552,2.571,3.2229,1.027,1.9358,3.5091,0.3522,1.9857,3.3409,1.7632,1.9964,3.3508,2.4104,2.202,4.3088,2.259,2.117,5.0141,1.2263,1.6248,3.8518,0.70687,1.9766,2.8063,2.266,2.1464,5.0619,2.4205,2.2796,4.6375,1.5804,2.4953,3.9644,4.52,2.8238,0.4616,1.969,2.5029,4.0557,0.79845,1.946,4.1069,1.4228,2.6668,4.3268,3.9086,2.7715,0.20349,1.5781,1.7076,3.3164,0.19372,2.2956,3.212,5.1003,2.8275,1.082,0.73892,2.7013,3.4515,1.4087,2.5488,3.0458,2.202,2.0562,4.913,1.4475,1.9749,4.4441,1.529,1.6274,3.3299,1.4332,2.9055,3.3703,0.66978,2.3881,3.0278,0.86834,2.4279,3.058,0.24155,2.591,3.3083,1.7009,2.3829,4.236,0.68847,2.4121,2.9556,0.9631,2.3585,3.5065,1.3926,1.7424,4.2619,0.31742,2.3382,3.343,1.525,1.5807,3.3177,0.64306,2.397,3.0025,3.4879,2.8367,0.16069,1.8839,2.5475,3.9821,2.0975,2.2014,4.6944,2.2248,2.7396,4.7916,1.927,1.8306,3.8042,1.2853,1.6821,3.734,2.2328,2.0858,4.9856,1.3403,2.5762,3.8574,0.98891,3.0469,2.8072,4.8162,2.867,0.52368,1.4409,2.7094,4.4707,1.9443,1.8724,3.8777,1.3898,2.6591,3.0477,0.72303,2.7119,3.3738,1.1023,2.8754,4.2768,0.87785,2.5449,2.8313,0.68225,2.0645,2.8962,0.53313,2.4217,3.3472,1.5594,2.1478,4.3691,1.6114,2.7229,4.6003,0.48406,2.0168,2.8849,2.0161,1.8041,3.7919,1.1763,1.715,3.7384,2.1896,2.634,4.5963,1.3266,1.6863,4.069,1.3096,2.1365,3.1252,0.56807,2.0465,2.9354,0.58017,2.4072,2.7394,1.7194,2.4427,4.2329,2.1841,2.6081,4.6312,0.52056,2.0412,2.8805,1.5852,1.6719,3.3648,0.15832,3.0621,2.0028,0.7057,2.5841,2.6853,3.2192,2.7216,6.2419,0.35157,2.8787,3.0695,4.7498,2.8707,0.46285,2.2494,2.2943,3.5167,1.2897,2.9774,4.1384,1.2182,2.4343,3.3894,1.0385,3.031,3.9056,2.2886,2.228,3.6803,1.163,1.6623,3.7437,2.4404,2.3736,4.602,2.4394,2.7118,4.0857,1.3757,2.6693,4.3761,1.9155,1.7691,3.7961,1.2503,2.6417,3.7621,2.2827,2.4165,4.7903,1.6039,2.5522,3.552,2.1696,2.2906,4.1764,0.73478,1.9637,3.273,2.1727,2.4239,3.5784,2.1943,2.3718,3.5155,2.2779,1.9967,5.0177,2.5661,2.2615,4.7785,2.2964,2.2602,3.7208,1.3445,1.5994,3.8912,2.1451,2.6189,4.5747,1.9227,1.8136,3.7982,0.77919,2.0861,4.1572,1.5859,1.7113,4.2368,2.1981,2.6262,4.6579,1.4488,2.3982,3.2655,6.1142,2.9282,2.4419,1.8599,1.7745,3.5572,1.8314,2.8469,4.0955,2.1738,1.9651,4.9241,1.2493,2.595,4.4541,2.0207,2.1551,4.8947,1.6074,1.6457,3.9591,1.6188,2.0709,3.2874,1.1035,2.6559,3.6294,1.0087,2.7664,3.8416,1.5093,2.5122,3.9357,1.1742,2.6757,3.6482,1.7916,1.5987,4.0639,0.95719,2.4613,2.8651,2.0333,2.1838,4.5176,0.43677,2.6934,3.1854,1.0117,1.9132,4.2733,0.99509,2.2906,3.1346,1.7364,2.4191,4.6173,0.93167,2.0141,2.8698,0.71581,1.9553,2.7359,1.5878,1.6343,3.9654,0.9781,2.44,2.928,1.3116,1.5521,3.8611,2.7207,2.5674,4.6128,1.0617,2.2545,3.5342,1.2081,2.683,3.7196,1.9817,1.9855,4.5366,1.0078,1.9293,4.2674,1.8925,1.7047,3.4905,1.6599,2.5669,3.9927,2.1533,2.5292,4.8425,2.0508,2.4301,3.5863,1.4183,2.9868,3.622,1.465,1.5223,4.1747,0.5925,2.9779,3.6174,1.6143,1.6207,4.193,0.72411,1.9773,2.7328,0.75458,2.2114,3.9919,2.6219,2.5689,4.5214,2.0799,2.0675,3.4092,1.49,2.76,3.644,1.0207,2.3599,3.4926,2.6097,2.0992,4.6428,1.4457,1.7103,4.4351,1.5476,2.5673,3.6605,2.064,2.4181,4.1597,2.6125,2.3227,4.8851,0.59696,2.5265,3.1228
1754.8,0.12967,125.48,16.137,0.25022,841.81,1.4253,1.7666,4.0928,1.2954,2.2518,4.2908,1.1155,1.912,4.2397,2.4202,2.6186,4.2948,0.85375,2.0045,4.3203,1.5173,2.6029,3.8984,3.3599,2.8051,6.2544,1.0982,1.911,4.2518,1.7389,1.5614,4.1886,1.3067,2.2226,4.3709,0.80932,2.0505,4.2132,3.0211,2.8251,4.5864,5.431,2.6148,1.1668,1.3458,2.6604,3.7258,0.8443,2.1239,2.973,2.5922,2.1862,4.6762,1.4338,1.6142,3.9434,0.59365,2.6672,3.7104,2.074,1.7606,3.5465,1.04,2.3795,3.1965,0.053813,2.3146,3.2573,1.7447,1.6665,3.4364,1.8319,2.6876,4.0841,1.8039,1.7458,3.4303,1.4213,1.5829,3.9698,0.39193,2.1858,3.1008,2.1378,2.4162,4.5097,1.4464,1.7211,3.2056,0.82021,1.9649,2.7538,3.3795,2.8206,6.2259,2.101,1.8083,3.5607,1.1191,2.7293,3.045,1.8638,2.6008,4.1106,0.69716,1.9716,2.8233,1.0275,2.3947,3.1584,1.9612,1.9228,4.5886,1.7581,1.6075,3.9137,0.54322,2.1879,3.7981,1.2196,2.5953,3.7925,0.8658,2.1533,3.1254,2.7419,2.3825,4.5285,2.2357,2.2544,4.8635,1.5404,1.6818,3.9725,1.9326,1.9354,4.5502,1.5381,2.2295,3.2373,0.67533,2.218,2.9747,2.4843,2.4656,4.4832,1.8417,2.6046,4.6012,1.7871,2.6099,4.576,2.7668,2.424,4.6361,1.2679,2.5751,3.8303,1.8285,2.3041,4.4361,1.8086,2.9392,3.7279,0.6798,2.4812,2.633,1.4447,2.1477,4.6268,2.0431,2.9571,3.955,0.27078,2.412,3.2725,1.6694,1.5597,4.0591,0.64877,2.085,2.9877,2.259,2.2712,4.6706,0.80662,2.5058,3.2863,0.87582,2.1684,3.1083,6.1515,2.8751,1.6731,2.1326,2.0807,4.7739,2.7212,2.4331,4.5946,2.5209,2.2307,4.9898,1.9132,2.5768,4.1979,1.0797,1.7034,4.0648,4.6638,2.7839,0.52063,0.80109,2.136,2.9681,1.3238,2.0889,4.404,0.99039,2.1565,3.4066,2.0499,2.6308,4.278,1.7658,1.4984,4.1081,1.314,2.5241,3.1773,0.80977,2.5211,3.6923,2.1072,1.8245,3.6313,1.51,2.5012,3.4357,1.5953,2.5989,3.6899,1.5838,1.5925,4.2364,1.8456,2.61,4.2692,1.9578,2.6184,4.4209,3.6308,2.7184,0.083213,1.7696,1.492,4.0933,1.8654,1.9981,3.4899,2.0105,2.9273,4.8284,1.2867,2.5401,3.2514,2.5691,2.4348,4.8853,1.1089,2.6244,3.9951,1.5206,2.4742,3.4596,1.0786,1.8492,4.0558,1.7097,1.5183,4.039,1.8065,1.9839,3.4036,0.28068,2.8954,3.3405,2.9708,2.2839,4.7273,1.2858,1.9462,4.2407,1.362,2.6275,3.5672,1.3837,2.4777,3.3631,1.9219,1.8695,3.616,1.9502,2.5319,4.0963,0.99666,2.3068,3.1368,2.5441,1.9717,5.1496,1.2869,2.6282,3.4785,1.2913,2.511,3.2581,0.48521,2.889,3.5258,0.60342,1.8721,2.7057,1.5678,1.9599,4.5344,1.4549,1.7446,4.1592,5.162,2.8228,1.459,0.79814,2.0811,2.8358,1.0977,2.6854,4.0284,2.3116,2.4926,3.604,2.4702,2.3666,4.7469,2.9956,2.6165,4.6745,2.0992,2.5034,4.4355,2.3832,2.2128,4.3456,0.68993,2.1462,3.1483,0.62423,2.4031,3.198,0.58665,2.1395,3.6961,2.3958,2.4024,4.5626,1.0178,2.4012,3.1237,1.2075,1.6612,4.2465,1.627,2.0397,3.3673,5.8722,2.6258,1.6018,3.5104,2.8842,0.25164,0.84335,2.3645,3.0879,1.678,1.5972,4.0454,1.5345,1.9219,3.1744,0.78501,2.418,2.9652,2.1574,2.3057,4.7856,1.2578,2.5722,3.2267,1.0277,1.934,3.5097,0.34628,1.9874,3.3447,1.7661,1.9946,3.3482,2.4138,2.2073,4.3159,2.2626,2.1147,5.0148,1.2235,1.622,3.8517,0.70675,1.9762,2.8065,2.2692,2.1448,5.0631,2.4234,2.2819,4.6424,1.5803,2.4995,3.9638,4.5265,2.8187,0.47,1.9701,2.509,4.0587,0.79755,1.946,4.1065,1.43,2.6695,4.3284,3.9189,2.7689,0.21508,1.5809,1.7119,3.318,0.19187,2.2955,3.2075,5.1021,2.8222,1.0861,0.74066,2.699,3.4528,1.4108,2.5502,3.0452,2.2058,2.0537,4.9131,1.4454,1.9704,4.4468,1.5291,1.6269,3.3313,1.4345,2.9053,3.3694,0.67506,2.3864,3.0356,0.86652,2.427,3.0598,0.24103,2.59,3.3057,1.7049,2.387,4.2405,0.69498,2.4114,2.9623,0.95836,2.3648,3.4992,1.3924,1.7404,4.2602,0.31694,2.3385,3.3409,1.5248,1.5788,3.3192,0.64765,2.396,3.0093,3.4983,2.8349,0.172,1.8802,2.5469,3.9811,2.1018,2.2013,4.6975,2.213,2.7371,4.776,1.9279,1.8247,3.8017,1.285,1.6787,3.7351,2.2357,2.0837,4.9858,1.3388,2.5744,3.8534,0.98017,3.0465,2.7979,4.8188,2.8629,0.52791,1.4451,2.709,4.4727,1.9464,1.8696,3.8783,1.394,2.66,3.054,0.72837,2.7103,3.3797,1.1084,2.8735,4.2822,0.88569,2.546,2.8377,0.68301,2.0679,2.8958,0.53385,2.4224,3.3458,1.5596,2.1454,4.374,1.6192,2.7231,4.6053,0.48058,2.018,2.8787,2.0171,1.8018,3.7919,1.1752,1.7104,3.7415,2.1878,2.6325,4.5921,1.3243,1.6897,4.066,1.3067,2.1353,3.1236,0.56566,2.0481,2.9305,0.58409,2.4058,2.7453,1.7233,2.4484,4.2347,2.1791,2.605,4.6235,0.51807,2.0419,2.8761,1.5857,1.6714,3.3665,0.13905,3.0624,1.9814,0.70624,2.5878,2.6846,3.2295,2.7195,6.2529,0.36606,2.8776,3.0862,4.7536,2.8681,0.46816,2.2492,2.2907,3.5117,1.2898,2.9741,4.1397,1.2131,2.4362,3.3865,1.0344,3.0296,3.9041,2.2863,2.228,3.6762,1.1614,1.6555,3.7474,2.4404,2.3742,4.6025,2.4348,2.7125,4.088,1.378,2.6692,4.3755,1.9163,1.7631,3.7944,1.2526,2.6384,3.7639,2.2818,2.4157,4.7848,1.6024,2.552,3.5578,2.1704,2.2948,4.1806,0.73247,1.9664,3.269,2.1681,2.4246,3.5725,2.1899,2.3699,3.5072,2.28,1.9975,5.0184,2.5637,2.2605,4.7781,2.2937,2.2618,3.7182,1.3439,1.5992,3.8917,2.1376,2.6147,4.5642,1.9241,1.8088,3.7953,0.77959,2.0841,4.163,1.5848,1.7082,4.2358,2.1921,2.6231,4.6497,1.4493,2.399,3.2659,6.1216,2.9294,2.4508,1.8614,1.7737,3.5592,1.8299,2.8412,4.0925,2.1784,1.9648,4.9278,1.2519,2.5953,4.4588,2.0247,2.1562,4.8956,1.6075,1.6422,3.959,1.6203,2.0731,3.2854,1.1041,2.654,3.6289,1.0096,2.765,3.8397,1.5128,2.514,3.9394,1.1747,2.6735,3.6468,1.7897,1.5944,4.0635,0.95856,2.4619,2.8677,2.0384,2.1876,4.5226,0.44607,2.6889,3.1939,1.0088,1.9115,4.2731,0.99551,2.2901,3.137,1.7403,2.4195,4.6187,0.9297,2.0125,2.8694,0.71517,1.9544,2.7357,1.5873,1.6315,3.9654,0.97894,2.4401,2.932,1.3089,1.5502,3.8622,2.7195,2.5669,4.6127,1.06,2.2596,3.5301,1.2103,2.68,3.7212,1.9823,1.9859,4.5391,1.0059,1.9278,4.2682,1.8944,1.7058,3.4921,1.6596,2.5686,3.9922,2.1551,2.5288,4.8406,2.0472,2.4322,3.5819,1.4275,2.983,3.6308,1.4655,1.5244,4.1731,0.58818,2.9772,3.614,1.6152,1.6181,4.1919,0.72362,1.9766,2.7326,0.75629,2.2128,3.9929,2.6203,2.5681,4.5223,2.0834,2.0656,3.4096,1.4936,2.7559,3.6495,1.0177,2.3649,3.4875,2.6135,2.1027,4.65,1.4443,1.7107,4.4359,1.5466,2.5674,3.6639,2.0647,2.4218,4.1631,2.6108,2.3217,4.8828,0.60113,2.5271,3.127
1754.8,0.12967,125.48,16.137,0.25916,857.42,1.4228,1.764,4.0911,1.2976,2.2523,4.2945,1.1124,1.91,4.2387,2.4184,2.6176,4.296,0.85314,2.0039,4.3221,1.5173,2.6053,3.8981,3.3697,2.8025,0.063579,1.0948,1.9086,4.2521,1.7392,1.5577,4.1863,1.3065,2.2219,4.3752,0.80854,2.0502,4.2144,3.0234,2.8245,4.5876,5.4262,2.6093,1.1634,1.3455,2.6591,3.7249,0.8408,2.1227,2.9711,2.5958,2.1891,4.6828,1.4316,1.6134,3.9443,0.58999,2.6698,3.7029,2.0767,1.7599,3.5489,1.0339,2.3797,3.194,0.046262,2.3149,3.2469,1.7433,1.665,3.4383,1.8291,2.6843,4.0816,1.8047,1.7471,3.4316,1.4201,1.5817,3.97,0.39256,2.1864,3.0987,2.1394,2.4167,4.5114,1.4449,1.7229,3.2055,0.81928,1.9652,2.754,3.3952,2.8186,6.2448,2.1056,1.8083,3.5645,1.1237,2.7302,3.0512,1.8662,2.6013,4.115,0.69804,1.9736,2.8236,1.0244,2.3937,3.1596,1.9643,1.9228,4.5924,1.7601,1.6073,3.9149,0.54595,2.1867,3.8017,1.2231,2.5971,3.7962,0.86278,2.155,3.1228,2.7465,2.384,4.533,2.2408,2.2563,4.869,1.5424,1.6811,3.9735,1.9352,1.9358,4.5524,1.5402,2.2305,3.2366,0.67251,2.2204,2.9721,2.486,2.4676,4.4882,1.8376,2.6052,4.5899,1.7837,2.6102,4.5671,2.775,2.4259,4.6482,1.267,2.5768,3.8267,1.8348,2.307,4.4409,1.8056,2.9365,3.7248,0.68356,2.4821,2.636,1.4393,2.1513,4.6237,2.0435,2.953,3.9545,0.26784,2.4119,3.2687,1.6699,1.5586,4.0582,0.64726,2.0852,2.9856,2.2583,2.2715,4.6695,0.80703,2.5024,3.2913,0.87398,2.1696,3.1062,6.1489,2.8739,1.6698,2.1387,2.0831,4.7801,2.7262,2.4346,4.603,2.5198,2.2272,4.9867,1.9127,2.5742,4.1967,1.0796,1.6992,4.0684,4.6633,2.7794,0.52042,0.79962,2.1365,2.9675,1.3255,2.0889,4.4079,0.98756,2.1593,3.4031,2.0453,2.6277,4.2729,1.7683,1.4948,4.1063,1.3183,2.5235,3.1785,0.81182,2.5233,3.69,2.1094,1.8214,3.6285,1.5087,2.5033,3.4376,1.5964,2.6005,3.6964,1.5814,1.5929,4.2359,1.8419,2.6058,4.2635,1.9566,2.6139,4.4188,3.6397,2.7152,0.091014,1.7723,1.4882,4.0904,1.8718,1.9974,3.4927,2.0059,2.9268,4.8236,1.2894,2.5402,3.2542,2.5675,2.4345,4.8824,1.11,2.6248,3.9912,1.5186,2.4758,3.4605,1.0756,1.8487,4.0555,1.7119,1.5166,4.0378,1.8109,1.9825,3.4038,0.28278,2.8936,3.3421,2.973,2.2824,4.73,1.2843,1.9458,4.2421,1.3644,2.6273,3.5733,1.3818,2.4789,3.3648,1.9253,1.8661,3.6142,1.9511,2.5351,4.1006,0.99376,2.3072,3.1358,2.5433,1.9713,5.1496,1.2889,2.6275,3.4838,1.2862,2.5122,3.256,0.49004,2.8866,3.53,0.60207,1.8725,2.7017,1.5619,1.9582,4.5339,1.4547,1.7417,4.1599,5.1524,2.8199,1.448,0.7971,2.0805,2.8365,1.098,2.6872,4.0255,2.3178,2.491,3.6058,2.4675,2.3646,4.7419,3.0022,2.6132,4.6788,2.0989,2.5039,4.4342,2.3854,2.2171,4.352,0.68533,2.1497,3.1404,0.63226,2.4014,3.2063,0.58709,2.1395,3.6961,2.3979,2.4015,4.5675,1.0248,2.3995,3.1306,1.205,1.6648,4.2441,1.6238,2.0397,3.3638,5.8626,2.6225,1.5917,3.5128,2.8822,0.25472,0.84045,2.3631,3.0878,1.6782,1.5963,4.0445,1.5363,1.9237,3.175,0.78491,2.4165,2.9669,2.1589,2.3045,4.7829,1.2603,2.5733,3.2304,1.0284,1.932,3.5104,0.34057,1.9892,3.3483,1.7691,1.9927,3.3455,2.4174,2.2126,4.3234,2.2661,2.1124,5.0155,1.2206,1.6191,3.8516,0.70653,1.9759,2.8066,2.2724,2.143,5.0643,2.4264,2.2841,4.6474,1.5803,2.5038,3.9633,4.5329,2.8136,0.47819,1.9712,2.5151,4.0617,0.79669,1.946,4.106,1.437,2.6722,4.3299,3.929,2.7663,0.22639,1.5837,1.7163,3.3196,0.1902,2.2954,3.2033,5.104,2.8169,1.0902,0.74218,2.6968,3.454,1.4128,2.5515,3.0443,2.2096,2.0512,4.9132,1.4433,1.9659,4.4495,1.5292,1.6265,3.3328,1.4359,2.905,3.3685,0.68012,2.3847,3.0432,0.8647,2.4262,3.0615,0.24045,2.5891,3.303,1.7089,2.3911,4.2449,0.70135,2.4107,2.9689,0.95357,2.3712,3.4919,1.3923,1.7384,4.2584,0.31641,2.3387,3.3388,1.5247,1.5768,3.3208,0.65208,2.395,3.016,3.5083,2.8329,0.1829,1.8766,2.5464,3.9801,2.1061,2.2012,4.7007,2.2016,2.7345,4.761,1.9288,1.8188,3.7995,1.2847,1.6753,3.7363,2.2385,2.0816,4.986,1.3373,2.5727,3.8494,0.97117,3.0462,2.7883,4.8212,2.8589,0.53203,1.4491,2.7087,4.4747,1.9485,1.8669,3.879,1.3982,2.661,3.0604,0.73336,2.7087,3.3854,1.1143,2.8717,4.2877,0.89319,2.5473,2.8439,0.6838,2.0713,2.8956,0.53466,2.423,3.3445,1.5598,2.143,4.3789,1.6268,2.7233,4.6101,0.47726,2.0192,2.8727,2.018,1.7996,3.7919,1.1741,1.7058,3.7444,2.1862,2.631,4.5883,1.322,1.6929,4.0631,1.3038,2.1339,3.1219,0.56334,2.0496,2.9258,0.58795,2.4045,2.7513,1.727,2.4539,4.2365,2.1744,2.602,4.6161,0.51569,2.0425,2.8719,1.5862,1.6711,3.3682,0.11958,3.0626,1.9598,0.70652,2.5917,2.6835,3.2395,2.7173,6.2524,0.38031,2.8765,3.1026,4.7574,2.8656,0.47345,2.249,2.2872,3.5066,1.2896,2.9709,4.1407,1.208,2.438,3.3837,1.0296,3.0281,3.9021,2.2841,2.2279,3.6721,1.1599,1.6486,3.7509,2.4404,2.3748,4.603,2.4304,2.7132,4.0903,1.3803,2.6691,4.3747,1.917,1.7572,3.7928,1.2549,2.6351,3.7658,2.281,2.415,4.7795,1.6008,2.5518,3.5637,2.1713,2.2991,4.1849,0.73017,1.9691,3.2651,2.1635,2.4252,3.5666,2.1855,2.3679,3.4988,2.2818,1.9982,5.019,2.5611,2.2595,4.7776,2.291,2.2635,3.7157,1.3433,1.5988,3.892,2.1302,2.6105,4.5541,1.9255,1.8041,3.7925,0.78,2.0822,4.1687,1.5838,1.7052,4.2349,2.1863,2.62,4.6415,1.4498,2.3999,3.2662,6.1292,2.9306,2.4597,1.8629,1.7728,3.5611,1.8287,2.8355,4.0897,2.1829,1.9645,4.9313,1.2544,2.5955,4.4632,2.0288,2.1573,4.8964,1.6076,1.6388,3.959,1.622,2.0752,3.2834,1.1046,2.6521,3.6285,1.0105,2.7637,3.8377,1.5163,2.5157,3.9433,1.1751,2.6714,3.6455,1.7879,1.5902,4.063,0.95996,2.4625,2.8704,2.0435,2.1913,4.5277,0.45502,2.6843,3.202,1.0058,1.9096,4.2728,0.99591,2.2895,3.1392,1.7442,2.4198,4.6203,0.92775,2.0109,2.869,0.71455,1.9535,2.7355,1.5868,1.629,3.9654,0.97974,2.4403,2.9359,1.3062,1.5484,3.8634,2.7182,2.5665,4.6126,1.0582,2.2647,3.526,1.2124,2.677,3.7227,1.983,1.9862,4.5416,1.0041,1.9262,4.2691,1.8963,1.7068,3.4937,1.6593,2.5702,3.9918,2.1569,2.5285,4.8388,2.0438,2.4344,3.5775,1.4365,2.9792,3.6396,1.4659,1.5264,4.1716,0.58382,2.9765,3.6106,1.6162,1.6156,4.1908,0.72313,1.9758,2.7326,0.75792,2.2143,3.9937,2.6187,2.5674,4.5232,2.0869,2.0636,3.41,1.4971,2.7519,3.6549,1.0147,2.3699,3.4826,2.6172,2.1061,4.6571,1.443,1.7113,4.4367,1.5456,2.5676,3.6672,2.0653,2.4255,4.1664,2.6092,2.3207,4.8804,0.60521,2.5276,3.1312
1754.8,0.12967,125.48,16.137,0.2681,873.61,1.4201,1.7618,4.0895,1.2998,2.2527,4.2981,1.1095,1.9079,4.2378,2.4169,2.6164,4.2975,0.85252,2.0033,4.324,1.5172,2.6075,3.8978,3.3791,2.7999,0.33532,1.0913,1.9063,4.2525,1.7396,1.5543,4.184,1.3062,2.2213,4.3794,0.80783,2.0498,4.2156,3.0255,2.8239,4.5885,5.4218,2.6042,1.1606,1.345,2.6579,3.7239,0.83738,2.1213,2.9693,2.5993,2.1918,4.6891,1.4295,1.6126,3.9449,0.58635,2.6721,3.6954,2.0793,1.759,3.5515,1.0277,2.3798,3.1915,0.038869,2.3154,3.2368,1.7419,1.6636,3.4403,1.8266,2.6812,4.0793,1.8055,1.7483,3.4328,1.419,1.5807,3.9702,0.39322,2.1872,3.0968,2.1411,2.4175,4.5129,1.4435,1.7249,3.2053,0.81834,1.9652,2.7543,3.411,2.8165,6.2678,2.1101,1.8083,3.5681,1.1283,2.731,3.0574,1.8686,2.6019,4.1195,0.69883,1.9757,2.8237,1.0212,2.3927,3.1609,1.9673,1.9226,4.5961,1.7619,1.6075,3.9161,0.54877,2.1855,3.8055,1.2266,2.5989,3.8,0.85991,2.1565,3.1204,2.7508,2.3853,4.537,2.2458,2.2579,4.8742,1.5444,1.6804,3.9746,1.9378,1.9361,4.5546,1.5424,2.2315,3.236,0.67007,2.2225,2.9701,2.4875,2.4695,4.493,1.8335,2.6058,4.5789,1.7804,2.6105,4.5585,2.7829,2.4278,4.6594,1.2661,2.5784,3.823,1.8411,2.3098,4.4455,1.8026,2.934,3.7215,0.68701,2.4828,2.6385,1.4338,2.155,4.6204,2.0444,2.949,3.9544,0.26495,2.4117,3.2651,1.6704,1.5576,4.0573,0.64583,2.0852,2.9837,2.2576,2.2719,4.6684,0.80694,2.4991,3.2956,0.87228,2.1709,3.1045,6.1468,2.8727,1.6671,2.1446,2.0852,4.7858,2.7308,2.4358,4.6107,2.5188,2.2236,4.984,1.9123,2.5718,4.1958,1.0794,1.6953,4.0719,4.6624,2.7754,0.52003,0.79831,2.1369,2.9671,1.3273,2.0889,4.4115,0.98472,2.1621,3.3995,2.0409,2.6246,4.2682,1.7709,1.4913,4.1044,1.3225,2.5229,3.1795,0.81387,2.5256,3.6877,2.1117,1.8184,3.6259,1.5079,2.5054,3.4398,1.5976,2.602,3.7029,1.579,1.5932,4.2353,1.8385,2.6018,4.258,1.9557,2.6098,4.4169,3.6483,2.7122,0.098502,1.7751,1.4843,4.0876,1.8781,1.9967,3.4955,2.0011,2.9262,4.8185,1.292,2.5405,3.2569,2.566,2.4343,4.8795,1.1111,2.625,3.9874,1.5166,2.4773,3.4614,1.0726,1.8481,4.0551,1.714,1.5148,4.0366,1.8153,1.9811,3.4042,0.28498,2.8917,3.3437,2.9751,2.2809,4.7325,1.2826,1.9453,4.2434,1.3666,2.627,3.5793,1.3798,2.4799,3.3667,1.9286,1.8628,3.6125,1.9519,2.538,4.1046,0.99091,2.3076,3.1348,2.5425,1.9708,5.1496,1.2908,2.6269,3.4891,1.2813,2.5131,3.2539,0.49472,2.8842,3.534,0.60085,1.8728,2.6978,1.5562,1.9567,4.5334,1.4544,1.7391,4.1605,5.1429,2.8171,1.4375,0.7961,2.0797,2.8373,1.0982,2.6888,4.0226,2.3239,2.4893,3.6076,2.4651,2.3627,4.7373,3.0085,2.61,4.6828,2.0985,2.5044,4.4331,2.3876,2.2213,4.3583,0.6809,2.1528,3.133,0.6398,2.3998,3.2139,0.58757,2.1396,3.6962,2.3999,2.4006,4.5721,1.0313,2.398,3.137,1.2024,1.6682,4.2419,1.6204,2.0395,3.3605,5.8536,2.6193,1.5823,3.5147,2.8803,0.25715,0.83744,2.3619,3.0877,1.6786,1.5954,4.0436,1.5382,1.9255,3.1756,0.78478,2.4149,2.9687,2.1607,2.3032,4.7803,1.2628,2.5747,3.234,1.0291,1.9301,3.5111,0.33511,1.9909,3.3519,1.7722,1.9908,3.3432,2.4214,2.218,4.3312,2.2697,2.1101,5.0162,1.2178,1.6163,3.8515,0.70623,1.9754,2.8066,2.2755,2.1413,5.0655,2.4292,2.2861,4.6521,1.5802,2.5076,3.9626,4.539,2.8087,0.48616,1.9722,2.5209,4.0647,0.79588,1.9461,4.1057,1.4438,2.6748,4.3312,3.9385,2.7637,0.2372,1.5867,1.7207,3.3214,0.18879,2.2953,3.1993,5.1061,2.8119,1.0946,0.74343,2.6947,3.4547,1.4145,2.553,3.0434,2.2134,2.0487,4.9133,1.4411,1.9616,4.452,1.5294,1.6259,3.3343,1.4373,2.9048,3.3674,0.68479,2.3831,3.0503,0.86288,2.4253,3.0632,0.2399,2.588,3.3003,1.7127,2.3948,4.2491,0.7076,2.41,2.9755,0.94878,2.3771,3.4846,1.392,1.7364,4.2566,0.31579,2.3389,3.3366,1.5244,1.5747,3.3223,0.65633,2.394,3.0225,3.5178,2.831,0.19321,1.8732,2.5461,3.9793,2.1103,2.2009,4.7037,2.1909,2.732,4.7464,1.9297,1.8128,3.7973,1.2843,1.6722,3.7374,2.2413,2.0796,4.9862,1.3358,2.5711,3.8456,0.96211,3.0458,2.7786,4.8233,2.8552,0.53602,1.453,2.7082,4.4764,1.9506,1.8641,3.8797,1.4023,2.6618,3.0667,0.73795,2.7072,3.3904,1.1201,2.8697,4.2928,0.90037,2.5483,2.8499,0.68464,2.0744,2.8954,0.53549,2.4236,3.3431,1.5601,2.1404,4.3838,1.6338,2.7234,4.6146,0.47423,2.0203,2.8671,2.0189,1.7975,3.792,1.1729,1.7015,3.7473,2.1847,2.6296,4.5847,1.3198,1.696,4.0602,1.3009,2.1327,3.1203,0.56111,2.0509,2.9212,0.59173,2.403,2.7571,1.7304,2.459,4.2379,2.17,2.5991,4.609,0.51346,2.043,2.868,1.5866,1.6707,3.37,0.10035,3.0629,1.9385,0.70649,2.5956,2.6822,3.2488,2.7153,6.2273,0.39435,2.8752,3.1186,4.761,2.8634,0.47868,2.2491,2.2836,3.502,1.2891,2.968,4.1412,1.2032,2.4396,3.3811,1.0246,3.0267,3.8996,2.282,2.2279,3.668,1.1584,1.642,3.7545,2.4405,2.3754,4.6036,2.4263,2.7139,4.0929,1.3823,2.6689,4.3739,1.9177,1.7515,3.7914,1.2569,2.632,3.7675,2.2804,2.4145,4.7745,1.5993,2.5516,3.5694,2.1722,2.3032,4.1892,0.72791,1.9716,3.2613,2.159,2.4258,3.5607,2.1814,2.366,3.4907,2.2836,1.9988,5.0192,2.5588,2.2584,4.7772,2.2882,2.2651,3.7131,1.3428,1.5984,3.8925,2.1235,2.6065,4.5446,1.9268,1.7994,3.7897,0.7804,2.0802,4.1743,1.5826,1.7022,4.2339,2.1807,2.617,4.6337,1.4502,2.4007,3.2666,6.1367,2.9317,2.4688,1.8646,1.7722,3.563,1.8278,2.8302,4.0873,2.1872,1.964,4.9345,1.2567,2.5959,4.4676,2.0326,2.1583,4.8972,1.6078,1.6357,3.9589,1.6236,2.0772,3.2816,1.1052,2.6504,3.628,1.0112,2.7622,3.8357,1.5197,2.5172,3.9469,1.1755,2.6693,3.6442,1.786,1.5863,4.0627,0.96139,2.4631,2.873,2.0485,2.1949,4.5324,0.46349,2.6798,3.2097,1.003,1.908,4.2725,0.99624,2.2891,3.1414,1.7481,2.4201,4.6218,0.92582,2.0095,2.8685,0.71397,1.9524,2.7355,1.5863,1.6266,3.9654,0.98045,2.4405,2.9398,1.3035,1.5465,3.8644,2.7169,2.5661,4.6121,1.0565,2.2696,3.5219,1.2144,2.6742,3.7242,1.9836,1.9866,4.544,1.0021,1.9247,4.2699,1.8981,1.7078,3.4954,1.6589,2.5716,3.9913,2.1588,2.5281,4.837,2.0405,2.4365,3.5734,1.4454,2.9753,3.6483,1.4664,1.5283,4.1701,0.57946,2.9758,3.6072,1.6173,1.6134,4.1897,0.72266,1.9751,2.7324,0.75945,2.2158,3.9945,2.617,2.5667,4.5243,2.0905,2.0616,3.4105,1.5006,2.7479,3.6604,1.012,2.3744,3.4779,2.6208,2.1092,4.6639,1.4418,1.7119,4.4374,1.5446,2.5679,3.6704,2.0659,2.4289,4.1696,2.6075,2.3197,4.8783,0.6092,2.5281,3.1353
1754.8,0.12967,125.48,16.137,0.27703,889.29,1.4175,1.7596,4.088,1.3019,2.2531,4.3016,1.1066,1.9061,4.2368,2.4153,2.6153,4.2991,0.85189,2.0028,4.3257,1.5172,2.6098,3.8976,3.3885,2.7973,4.8841,1.0879,1.9039,4.2527,1.74,1.5511,4.1817,1.3058,2.2206,4.3833,0.80719,2.0495,4.217,3.0276,2.8232,4.5894,5.4178,2.5993,1.1582,1.3445,2.6569,3.7227,0.834,2.1201,2.9675,2.6027,2.1943,4.6951,1.4274,1.6118,3.9457,0.58281,2.6743,3.6881,2.0818,1.7581,3.554,1.0215,2.3799,3.1886,0.031666,2.3156,3.2271,1.7405,1.6621,3.4423,1.8241,2.678,4.0773,1.8063,1.7494,3.4342,1.4177,1.5797,3.9703,0.39387,2.1878,3.095,2.1427,2.4182,4.5144,1.4421,1.7267,3.2051,0.81745,1.9652,2.7545,3.4269,2.8143,0.33034,2.1146,1.8083,3.5718,1.1329,2.732,3.0635,1.8711,2.6024,4.1239,0.69951,1.9777,2.8238,1.018,2.3918,3.1619,1.9705,1.9226,4.5999,1.7636,1.6078,3.9173,0.55169,2.1842,3.8094,1.2302,2.6005,3.8036,0.85714,2.158,3.1181,2.7549,2.3866,4.5407,2.2506,2.2594,4.8793,1.5462,1.6795,3.9754,1.9404,1.9364,4.5568,1.5446,2.2326,3.2355,0.66787,2.2246,2.9684,2.4891,2.4712,4.4977,1.8296,2.6063,4.568,1.7771,2.6107,4.5499,2.7902,2.4294,4.6702,1.2651,2.5799,3.8193,1.8473,2.3126,4.4501,1.7994,2.9316,3.7183,0.69028,2.4836,2.6409,1.4282,2.1587,4.6171,2.0455,2.9449,3.9546,0.26216,2.4115,3.2615,1.6708,1.5567,4.0565,0.64448,2.0852,2.9819,2.2568,2.2722,4.667,0.80645,2.496,3.2996,0.87067,2.172,3.1029,6.1453,2.8716,1.665,2.1502,2.0872,4.7913,2.735,2.437,4.6179,2.518,2.2201,4.9816,1.912,2.5697,4.195,1.0792,1.6914,4.0752,4.6613,2.7715,0.51941,0.79715,2.1373,2.9669,1.329,2.0889,4.4152,0.98185,2.1648,3.3959,2.0368,2.6218,4.2637,1.7734,1.4879,4.1026,1.3267,2.5223,3.1805,0.8159,2.5277,3.6855,2.114,1.8155,3.6234,1.5073,2.5074,3.4424,1.5991,2.6036,3.7096,1.5765,1.5937,4.2348,1.8353,2.5981,4.2528,1.9549,2.6057,4.4153,3.6569,2.7091,0.10588,1.7779,1.4802,4.0847,1.8843,1.9959,3.4982,1.9962,2.9255,4.8134,1.2944,2.5407,3.2593,2.5645,2.4341,4.8767,1.1121,2.6253,3.9836,1.5148,2.4788,3.4624,1.0698,1.8473,4.0549,1.7163,1.5132,4.0354,1.8197,1.9797,3.4046,0.2873,2.8899,3.3455,2.9771,2.2795,4.7348,1.281,1.9449,4.2447,1.3689,2.6268,3.5852,1.3779,2.4811,3.3685,1.9319,1.8595,3.6109,1.9528,2.5407,4.1087,0.98806,2.3078,3.1338,2.5417,1.9705,5.1496,1.2928,2.6264,3.4944,1.2763,2.5142,3.2518,0.4992,2.8818,3.5377,0.5997,1.873,2.6941,1.5506,1.9551,4.5326,1.4542,1.7365,4.1612,5.1338,2.8143,1.4273,0.79513,2.079,2.8381,1.0983,2.6904,4.0197,2.3299,2.4875,3.6093,2.4629,2.3609,4.7329,3.0145,2.6068,4.6863,2.0983,2.5049,4.4319,2.3898,2.2254,4.3646,0.67654,2.1556,3.1258,0.64715,2.3984,3.2212,0.58813,2.1396,3.6962,2.402,2.3997,4.5769,1.0376,2.3964,3.1432,1.1999,1.6718,4.2396,1.6171,2.0393,3.3571,5.8449,2.6162,1.5733,3.5161,2.8784,0.25906,0.83429,2.3607,3.0873,1.6788,1.5946,4.0427,1.5401,1.9272,3.1763,0.78461,2.4134,2.9704,2.1624,2.3021,4.778,1.2652,2.576,3.2375,1.0299,1.928,3.5119,0.32986,1.9927,3.3551,1.7753,1.989,3.341,2.4257,2.2234,4.3394,2.2733,2.1077,5.017,1.2151,1.6136,3.8514,0.70583,1.9749,2.8064,2.2785,2.1395,5.0665,2.4321,2.2882,4.6568,1.5802,2.5114,3.962,4.545,2.8038,0.49393,1.9733,2.5266,4.0676,0.79513,1.9461,4.1054,1.4504,2.6774,4.3324,3.9478,2.7612,0.24773,1.5897,1.7251,3.3231,0.18756,2.2952,3.1956,5.1083,2.807,1.0989,0.74449,2.6926,3.4553,1.4161,2.5544,3.0422,2.2172,2.0462,4.9134,1.439,1.9574,4.4545,1.5296,1.6254,3.3358,1.4387,2.9046,3.3663,0.68921,2.3816,3.057,0.86109,2.4245,3.065,0.23936,2.587,3.2976,1.7164,2.3985,4.2531,0.71375,2.4092,2.982,0.944,2.3829,3.4774,1.3919,1.7342,4.2548,0.31512,2.3391,3.3345,1.5242,1.5724,3.3239,0.66044,2.3931,3.0288,3.5268,2.8292,0.203,1.8697,2.5458,3.9785,2.1146,2.2007,4.7068,2.1806,2.7294,4.7323,1.9305,1.807,3.7954,1.2841,1.6691,3.7384,2.244,2.0777,4.9864,1.3344,2.5695,3.8418,0.95277,3.0456,2.7687,4.8253,2.8515,0.53998,1.4567,2.7077,4.478,1.9527,1.8614,3.8804,1.4064,2.6627,3.073,0.74225,2.7058,3.3951,1.1256,2.8679,4.2979,0.90725,2.5496,2.8555,0.6855,2.0776,2.8953,0.53621,2.4243,3.3416,1.5604,2.1379,4.3887,1.6405,2.7236,4.6187,0.47135,2.0212,2.8618,2.0197,1.7954,3.792,1.1718,1.6972,3.7502,2.1836,2.6282,4.5815,1.3176,1.699,4.0574,1.298,2.1313,3.1187,0.55896,2.0523,2.9169,0.59546,2.4018,2.7629,1.7337,2.4639,4.2389,2.1658,2.5963,4.6022,0.51131,2.0433,2.8644,1.5871,1.6705,3.3718,0.081108,3.0631,1.9173,0.70622,2.5995,2.6805,3.2576,2.7132,3.3618,0.40827,2.8738,3.1345,4.7646,2.8612,0.48388,2.2493,2.2801,3.4973,1.2884,2.9651,4.1415,1.1984,2.4411,3.3786,1.0192,3.0254,3.8969,2.2798,2.2278,3.664,1.1569,1.6356,3.7579,2.4405,2.376,4.6041,2.4224,2.7144,4.0957,1.3843,2.6687,4.373,1.9185,1.746,3.7901,1.259,2.6288,3.7691,2.2799,2.4139,4.7696,1.5978,2.5514,3.5751,2.1731,2.3072,4.1933,0.72564,1.9741,3.2574,2.1547,2.4265,3.555,2.1775,2.3639,3.4827,2.2852,1.9993,5.0193,2.5565,2.2574,4.7768,2.2855,2.2668,3.7106,1.3424,1.5976,3.8927,2.117,2.6026,4.5355,1.9281,1.7947,3.7871,0.7808,2.0782,4.1797,1.5816,1.6994,4.2329,2.1752,2.614,4.626,1.4506,2.4016,3.2669,6.1445,2.9327,2.4779,1.8662,1.7714,3.5648,1.827,2.8249,4.0851,2.1912,1.9636,4.9375,1.2589,2.5961,4.4717,2.0363,2.1594,4.8979,1.608,1.6327,3.9589,1.6253,2.0792,3.2798,1.1056,2.6488,3.6274,1.0119,2.7609,3.8334,1.523,2.5188,3.9506,1.176,2.6675,3.6429,1.7842,1.5825,4.0624,0.96285,2.4639,2.8755,2.0534,2.1983,4.537,0.47164,2.6754,3.217,1.0002,1.9064,4.2722,0.99652,2.2887,3.1435,1.752,2.4203,4.6234,0.92391,2.008,2.868,0.71341,1.9514,2.7354,1.5859,1.6244,3.9654,0.9811,2.4408,2.9434,1.3009,1.5448,3.8654,2.7155,2.5657,4.6117,1.0547,2.2746,3.5179,1.2163,2.6714,3.7256,1.9844,1.9868,4.5464,1.0003,1.9232,4.2708,1.9,1.7087,3.497,1.6587,2.573,3.9909,2.1607,2.5278,4.8354,2.0374,2.4388,3.5695,1.4541,2.9714,3.6568,1.4667,1.5301,4.1686,0.57512,2.9752,3.6037,1.6184,1.6112,4.1887,0.7222,1.9745,2.7324,0.7609,2.2173,3.9953,2.6154,2.5659,4.5253,2.0939,2.0598,3.411,1.504,2.7441,3.6658,1.0094,2.3788,3.4734,2.6244,2.1123,4.6705,1.4406,1.7127,4.4381,1.5435,2.5682,3.6735,2.0665,2.4322,4.1728,2.6059,2.3187,4.876,0.61314,2.5286,3.1393
1754.8,0.12967,125.48,16.137,0.28597,904.85,1.4151,1.7577,4.0865,1.3039,2.2536,4.3051,1.1038,1.9041,4.2359,2.4139,2.6143,4.3007,0.85126,2.0023,4.3274,1.5171,2.6118,3.8971,3.3978,2.7946,0.016754,1.0846,1.9017,4.2529,1.7404,1.5481,4.1794,1.3054,2.2199,4.3871,0.80662,2.0492,4.2185,3.0294,2.8225,4.5902,5.4139,2.5945,1.156,1.3438,2.656,3.7215,0.83067,2.1187,2.9658,2.6058,2.1966,4.7008,1.4252,1.6111,3.9464,0.57942,2.6765,3.6809,2.0844,1.7573,3.5564,1.0151,2.3802,3.1856,0.024629,2.3159,3.2178,1.739,1.6606,3.4442,1.8218,2.6749,4.0753,1.8071,1.7505,3.4354,1.4165,1.5789,3.9704,0.39451,2.1884,3.093,2.1444,2.4188,4.5159,1.4407,1.7287,3.2051,0.81658,1.9652,2.7549,3.4428,2.812,0.011188,2.1192,1.8081,3.5755,1.1375,2.7329,3.0696,1.8735,2.603,4.1284,0.70008,1.9796,2.8237,1.0147,2.3909,3.1629,1.9737,1.9224,4.6037,1.7653,1.6085,3.9184,0.55468,2.1829,3.8134,1.2337,2.602,3.8074,0.85447,2.1595,3.1159,2.7588,2.3878,4.5442,2.2552,2.2609,4.8843,1.548,1.6785,3.9765,1.9431,1.9366,4.5591,1.547,2.2337,3.2351,0.66592,2.2266,2.9672,2.4906,2.4729,4.5025,1.8256,2.6067,4.5573,1.7739,2.6109,4.5414,2.7973,2.431,4.6804,1.2641,2.5815,3.8155,1.8537,2.3153,4.4545,1.7963,2.9294,3.715,0.69333,2.4845,2.6429,1.4225,2.1624,4.6135,2.0468,2.9411,3.955,0.25939,2.4113,3.2578,1.6712,1.5558,4.0556,0.64319,2.085,2.9802,2.2559,2.2724,4.6656,0.80552,2.4931,3.303,0.86909,2.1731,3.1012,6.1444,2.8705,1.6635,2.1557,2.0889,4.7964,2.7387,2.4381,4.6246,2.5172,2.2165,4.9794,1.9119,2.568,4.1943,1.079,1.6877,4.0786,4.66,2.7681,0.51856,0.79619,2.1378,2.9669,1.331,2.089,4.4187,0.97896,2.1675,3.3924,2.0327,2.619,4.2592,1.776,1.4844,4.1006,1.3308,2.5218,3.1813,0.81792,2.5299,3.6832,2.1163,1.8124,3.6208,1.507,2.5092,3.4454,1.6008,2.6049,3.7165,1.5741,1.5943,4.2344,1.8322,2.5945,4.2478,1.9542,2.6019,4.4136,3.6652,2.7061,0.11307,1.7807,1.4759,4.0815,1.8906,1.9951,3.501,1.9911,2.9248,4.8079,1.2968,2.541,3.2616,2.5631,2.4339,4.874,1.1131,2.6256,3.9799,1.5128,2.4803,3.4635,1.067,1.8465,4.0547,1.7184,1.5116,4.0342,1.824,1.9783,3.4051,0.28963,2.8881,3.3471,2.979,2.2781,4.7371,1.2793,1.9444,4.246,1.3713,2.6267,3.5912,1.3761,2.4822,3.3704,1.9352,1.8562,3.6094,1.9537,2.5432,4.1128,0.98522,2.3081,3.1329,2.5408,1.9703,5.1496,1.2948,2.6259,3.4996,1.2714,2.5151,3.2498,0.50345,2.8794,3.5412,0.59864,1.8731,2.6906,1.5449,1.9537,4.5318,1.4538,1.7339,4.1617,5.125,2.8116,1.4172,0.79421,2.0783,2.839,1.0982,2.6919,4.0167,2.336,2.4858,3.6111,2.4608,2.3592,4.7288,3.0204,2.6037,4.6896,2.0981,2.5054,4.4309,2.3921,2.2295,4.3709,0.67225,2.1582,3.1189,0.65425,2.397,3.2282,0.58872,2.1396,3.6965,2.4042,2.3989,4.5816,1.0436,2.3951,3.149,1.1974,1.6752,4.2374,1.6136,2.039,3.3536,5.8367,2.613,1.5647,3.5169,2.8766,0.26041,0.83101,2.3596,3.0866,1.679,1.5939,4.0418,1.542,1.9289,3.177,0.78439,2.4118,2.972,2.1642,2.301,4.7757,1.2675,2.5774,3.2409,1.0306,1.9258,3.5127,0.32485,1.9944,3.3581,1.7786,1.9872,3.3389,2.4302,2.2288,4.3478,2.2766,2.1054,5.0177,1.2123,1.6109,3.8512,0.70537,1.9744,2.8063,2.2814,2.1377,5.0675,2.4348,2.2901,4.6613,1.5801,2.5151,3.9614,4.5507,2.799,0.50148,1.9743,2.5321,4.0704,0.79439,1.9462,4.1052,1.4567,2.6799,4.3335,3.9568,2.7588,0.2579,1.5928,1.7294,3.325,0.1865,2.2952,3.192,5.1106,2.8022,1.1033,0.74534,2.6906,3.4557,1.4176,2.5558,3.041,2.2211,2.0438,4.9136,1.4368,1.9533,4.4569,1.5298,1.6247,3.3372,1.4401,2.9045,3.3654,0.69339,2.3802,3.0633,0.85932,2.4237,3.0666,0.23877,2.5861,3.295,1.72,2.4018,4.2569,0.71978,2.4086,2.9884,0.93923,2.3884,3.4702,1.3917,1.732,4.253,0.3144,2.3391,3.3322,1.5241,1.5703,3.3255,0.66437,2.3922,3.0347,3.5354,2.8272,0.21233,1.8664,2.5456,3.9779,2.1187,2.2005,4.7099,2.1707,2.7268,4.7185,1.9313,1.8012,3.7935,1.2837,1.6663,3.7394,2.2466,2.0758,4.9865,1.3329,2.5681,3.8382,0.94321,3.0454,2.7586,4.827,2.848,0.54386,1.4602,2.7072,4.4794,1.9548,1.8587,3.8812,1.4103,2.6635,3.0792,0.7462,2.7044,3.3993,1.1311,2.8659,4.3029,0.91385,2.5508,2.8609,0.68637,2.0806,2.8954,0.53694,2.425,3.3401,1.5608,2.1353,4.3934,1.6468,2.7237,4.6226,0.46865,2.0221,2.8568,2.0205,1.7934,3.7922,1.1707,1.6931,3.7529,2.1827,2.6268,4.5786,1.3153,1.7018,4.0547,1.2952,2.13,3.117,0.55692,2.0535,2.9126,0.59913,2.4005,2.7687,1.7367,2.4685,4.2399,2.1618,2.5937,4.5956,0.50927,2.0436,2.8609,1.5874,1.6703,3.3736,0.061892,3.0632,1.8962,0.70569,2.6036,2.6787,3.2659,2.7112,0.0070538,0.42206,2.8723,3.1503,4.7681,2.8593,0.48902,2.2495,2.2766,3.4929,1.2874,2.9624,4.1414,1.1937,2.4425,3.3761,1.0133,3.024,3.8937,2.2777,2.2277,3.6598,1.1554,1.6292,3.7612,2.4406,2.3766,4.6047,2.4187,2.715,4.0986,1.3863,2.6686,4.3721,1.9191,1.7405,3.7889,1.261,2.6257,3.7707,2.2795,2.4134,4.7649,1.5964,2.5512,3.5807,2.1741,2.3112,4.1976,0.72337,1.9765,3.2538,2.1506,2.427,3.5492,2.1737,2.3619,3.4749,2.2867,1.9997,5.0191,2.5542,2.2564,4.7764,2.2828,2.2685,3.7081,1.3421,1.5968,3.8931,2.1109,2.5988,4.5268,1.9296,1.7901,3.7845,0.7812,2.0764,4.1851,1.5804,1.6966,4.2319,2.17,2.611,4.6185,1.4511,2.4025,3.2672,6.1522,2.9338,2.487,1.8679,1.7706,3.5665,1.8265,2.8199,4.0833,2.1951,1.963,4.9403,1.261,2.5965,4.4757,2.04,2.1605,4.8985,1.6082,1.6298,3.9589,1.6271,2.081,3.2783,1.106,2.6472,3.6269,1.0125,2.7594,3.8313,1.5263,2.5201,3.9543,1.1763,2.6656,3.6417,1.7823,1.5788,4.0621,0.96436,2.4645,2.8781,2.0581,2.2016,4.5415,0.4794,2.671,3.224,0.99741,1.9047,4.2718,0.99676,2.2884,3.1454,1.7558,2.4204,4.625,0.92202,2.0066,2.8675,0.7129,1.9504,2.7355,1.5855,1.6224,3.9654,0.9817,2.4411,2.947,1.2982,1.5431,3.8665,2.7141,2.5652,4.6114,1.0528,2.2795,3.5139,1.2183,2.6687,3.727,1.9852,1.987,4.5487,0.99854,1.9216,4.2716,1.9019,1.7096,3.4986,1.6584,2.5744,3.9905,2.1626,2.5275,4.834,2.0344,2.4409,3.5657,1.4626,2.9675,3.6652,1.467,1.5318,4.1672,0.57079,2.9744,3.6003,1.6197,1.6092,4.1877,0.72175,1.9737,2.7322,0.76229,2.2188,3.9959,2.6138,2.5653,4.5264,2.0974,2.0578,3.4115,1.5072,2.7404,3.6711,1.0069,2.3828,3.4692,2.6278,2.1152,4.6768,1.4394,1.7136,4.4387,1.5425,2.5685,3.6765,2.0671,2.4354,4.1758,2.6043,2.3178,4.8738,0.61702,2.5291,3.1434
1798.9,0.13908,120.32,16.905,0.0089412,363.22,1.5196,1.8355,4.1698,1.2771,2.2263,4.2237,1.2275,1.9852,4.2351,2.4959,2.6609,4.3004,0.85815,2.0592,4.2209,1.5198,2.4886,3.8934,3.0203,2.8392,5.8339,1.2245,1.9868,4.2349,1.7475,1.7129,4.2468,1.2781,2.2267,4.2275,0.85686,2.0616,4.2155,2.8966,2.8353,4.5111,5.6998,2.774,1.4555,1.2452,2.8377,3.6301,0.95388,2.1448,3.0213,2.4856,2.0546,4.4509,1.4724,1.674,3.9066,0.65699,2.5727,3.8803,2.0067,1.7634,3.4746,1.0775,2.4433,3.0671,0.26539,2.2865,3.5544,1.785,1.6745,3.3886,2.1279,2.8226,4.4321,1.7868,1.6755,3.3917,1.4734,1.6707,3.9102,0.39425,2.1353,3.1989,2.0397,2.3585,4.392,1.4742,1.6691,3.1996,0.83105,1.8805,2.7697,3.0203,2.8414,5.8287,2.0073,1.7652,3.4766,1.0062,2.7169,2.8804,1.8189,2.5886,4.0042,0.63358,1.8728,2.7982,1.072,2.4442,3.0582,1.899,1.9153,4.4951,1.6829,1.6903,3.8935,0.51068,2.2013,3.7449,1.1923,2.428,3.7831,1.0011,2.0634,3.2658,2.5511,2.3006,4.297,2.0721,2.1526,4.6812,1.4792,1.6733,3.9129,1.896,1.9169,4.4935,1.491,2.1742,3.2666,0.81997,2.0829,3.1832,2.4188,2.3736,4.3174,1.9427,2.6009,4.8845,1.9337,2.5964,4.8727,2.5492,2.3012,4.2952,1.2865,2.4897,3.943,1.689,2.2327,4.2971,2.0425,3.0598,3.9845,0.50726,2.4697,2.4793,1.5425,2.0566,4.6112,2.0734,3.064,4.0193,0.38807,2.3763,3.4315,1.6617,1.6256,4.0821,0.70868,2.0236,3.096,2.2449,2.241,4.6482,0.6365,2.6158,3.0087,1.0013,2.0668,3.2664,0.12239,2.8905,1.9658,1.9958,1.9857,4.5905,2.5476,2.302,4.2968,2.6699,2.3358,5.194,2.1338,2.8174,4.4354,1.0791,1.8455,3.9487,4.6226,2.9944,0.50831,0.88457,2.1182,3.0512,1.305,2.0994,4.2687,1.0548,2.0873,3.4922,2.3026,2.752,4.5709,1.7026,1.5956,4.1564,1.1475,2.557,3.0712,0.75196,2.4279,3.7687,2.0554,1.9257,3.7364,1.5971,2.4377,3.4674,1.6574,2.5246,3.6065,1.6572,1.6728,4.25,2.1002,2.8065,4.5758,2.1073,2.806,4.5809,3.3615,2.7817,6.1229,1.7019,1.5956,4.1565,1.7056,2.0045,3.4526,2.1223,2.9365,4.9187,1.1487,2.557,3.0761,2.6358,2.4462,4.9863,1.0279,2.6037,4.0663,1.5994,2.4366,3.468,1.1834,1.8028,4.0996,1.6622,1.6257,4.0826,1.704,2.0045,3.45,0.28742,2.9462,3.3348,2.8732,2.2939,4.5678,1.3168,1.9498,4.2056,1.2529,2.6865,3.3301,1.4629,2.4582,3.3434,1.8429,1.9819,3.7222,1.9506,2.3414,3.9935,1.0946,2.2829,3.1872,2.5396,2.0465,5.1479,1.2423,2.6858,3.3149,1.4589,2.4617,3.3383,0.29684,2.946,3.3445,0.67545,1.8079,2.9091,1.6988,2.0253,4.4254,1.467,1.8599,4.1207,5.5317,2.9004,1.8439,0.81928,2.1203,2.7827,1.0262,2.6058,4.0667,2.1595,2.5248,3.6216,2.6364,2.4441,4.9864,2.8028,2.704,4.5221,2.1602,2.5286,4.5307,2.3489,2.1034,4.1957,0.76613,1.9917,3.3469,0.33041,2.4734,2.8852,0.60368,2.1411,3.7129,2.3861,2.5062,4.4322,0.75339,2.4644,2.8561,1.2547,1.5845,4.287,1.7011,2.0078,3.449,5.6575,2.689,2.0338,3.2217,2.9379,6.2144,0.74933,2.462,2.8594,1.6614,1.6342,4.0863,1.4948,1.8658,3.1825,0.74452,2.4636,2.8526,2.168,2.3479,4.9519,1.1462,2.5629,3.0729,1.0026,1.9625,3.5038,0.52865,1.9782,3.2576,1.7019,2.0089,3.4479,2.3859,2.0824,4.1984,2.1449,2.1541,4.981,1.2881,1.7495,3.8019,0.68312,1.9769,2.7568,2.145,2.1542,4.9837,2.3202,2.1867,4.4632,1.5676,2.2971,3.9631,4.2159,3.0032,0.14843,1.9549,2.3399,3.9965,0.8381,1.9631,4.1187,1.1793,2.574,4.2168,3.5283,2.8525,6.0905,1.5326,1.6183,3.2873,0.31973,2.2982,3.4036,5.1296,2.9875,1.0702,0.56444,2.7832,3.2618,1.2708,2.5079,2.9804,2.1409,2.1499,4.9775,1.4745,2.0925,4.3519,1.5255,1.6233,3.2876,1.3789,2.9289,3.3634,0.45462,2.4493,2.7245,0.92333,2.4543,3.0015,0.22285,2.6176,3.3405,1.6126,2.258,4.1265,0.45114,2.4465,2.7175,1.0469,2.173,3.6572,1.3943,1.8054,4.293,0.32407,2.301,3.4051,1.5287,1.617,3.2873,0.45083,2.4497,2.7222,3.0035,2.8704,5.9219,2.004,2.5963,4.0335,1.9732,2.1791,4.5908,2.6274,2.7749,5.2656,1.8917,1.9636,3.902,1.2939,1.8133,3.689,2.1459,2.1534,4.9828,1.4005,2.6562,4.0049,1.1156,3.0836,2.9576,4.6938,2.9834,0.41572,1.2623,2.6861,4.3384,1.9039,1.956,3.8843,1.2486,2.6366,2.8676,0.37173,2.7727,2.9654,0.93795,2.8919,4.1299,0.5793,2.5214,2.5855,0.69617,1.9361,2.9875,0.54621,2.3976,3.4261,1.5661,2.1763,4.2314,1.2676,2.6881,4.3439,0.62972,1.9512,3.1116,1.9804,1.8948,3.8175,1.1933,1.8437,3.6475,2.4542,2.7214,4.9713,1.3759,1.5308,4.1699,1.3882,2.1563,3.1733,0.63535,1.951,3.1117,0.46413,2.4495,2.5714,1.6143,2.2571,4.1296,2.4526,2.7201,4.9738,0.63303,1.9528,3.1086,1.5645,1.7117,3.3281,0.50787,3.0411,2.4208,0.57796,2.5217,2.5868,2.9157,2.7444,5.897,6.1874,2.8649,2.5544,4.6751,2.9868,0.39502,2.3419,2.4058,3.7459,0.89933,3.0803,3.6839,1.4338,2.2606,3.5591,0.85584,3.0783,3.6405,2.3658,2.2373,3.8066,1.1917,1.8429,3.6463,2.4268,2.3387,4.5613,2.5805,2.6309,4.0326,1.2635,2.683,4.3384,1.8925,1.9582,3.9011,1.1308,2.7911,3.6565,2.4435,2.4837,5.0831,1.6081,2.6189,3.3075,2.168,2.1888,4.1028,0.78667,1.9028,3.3704,2.3422,2.4094,3.7481,2.3449,2.4104,3.7491,2.186,1.8928,4.9054,2.6431,2.2894,4.7917,2.3643,2.2384,3.807,1.3797,1.5852,3.8372,2.456,2.7193,4.977,1.8918,1.9586,3.9019,0.77872,2.1407,3.9655,1.6015,1.8297,4.2576,2.4537,2.7201,4.9754,1.4457,2.3889,3.2611,5.9318,2.8816,2.2114,1.8577,1.7995,3.4772,1.9742,3.0207,4.297,2.0175,1.9497,4.7572,1.1037,2.5789,4.2754,1.8851,2.1493,4.8619,1.6131,1.7989,3.9663,1.6048,2.0098,3.3885,1.0185,2.7719,3.5684,0.91812,2.8289,3.816,1.3819,2.3932,3.8453,1.1255,2.7929,3.6505,1.838,1.7915,4.0924,0.91337,2.4606,2.7745,1.9111,2.0696,4.3862,0.079922,2.7956,2.8453,1.085,1.9588,4.2613,0.94906,2.3352,3.013,1.6347,2.3954,4.5869,0.97881,2.0851,2.8363,0.74288,1.9978,2.7425,1.6124,1.7978,3.9684,0.91552,2.4595,2.7771,1.3796,1.5855,3.8368,2.767,2.5889,4.6324,1.0847,2.1379,3.6264,1.1228,2.7967,3.651,1.9759,1.9862,4.4767,1.0821,1.9614,4.2586,1.8534,1.6537,3.4508,1.6621,2.4839,3.9989,2.1131,2.5545,4.9215,2.1541,2.3808,3.7093,1.1858,3.0725,3.4171,1.4464,1.4673,4.2316,0.62086,2.9992,3.6163,1.6236,1.7486,4.2318,0.7439,1.9978,2.7416,0.69124,2.1942,3.9445,2.6877,2.6025,4.5367,1.993,2.1269,3.4381,1.383,2.919,3.5362,1.0816,2.1941,3.6336,2.5321,2.0005,4.4713,1.4906,1.7346,4.4222,1.6082,2.5916,3.5831,2.0622,2.2906,4.0735,2.7072,2.3728,5.0068,0.44739,2.5309,2.9612
1798.9,0.13908,120.32,16.905,0.017882,385.42,1.5146,1.835,4.1646,1.2751,2.2282,4.2241,1.2228,1.9826,4.238,2.491,2.6582,4.297,0.85865,2.0552,4.2271,1.5194,2.496,3.8937,3.0355,2.8395,5.8532,1.2182,1.9846,4.2359,1.7464,1.706,4.2451,1.2808,2.2271,4.2332,0.8544,2.0616,4.2143,2.9045,2.8351,4.5159,5.6841,2.7692,1.4377,1.2558,2.8268,3.6409,0.94937,2.1444,3.0199,2.4884,2.0605,4.4592,1.472,1.6702,3.9086,0.65544,2.5774,3.8745,2.0088,1.7641,3.4777,1.0849,2.4374,3.0837,0.25665,2.2878,3.5431,1.7832,1.6761,3.3905,2.104,2.8168,4.4053,1.787,1.6816,3.3937,1.4694,1.6649,3.9153,0.39229,2.1395,3.1912,2.0472,2.3656,4.4018,1.474,1.673,3.2002,0.83001,1.8892,2.765,3.0328,2.8414,5.8431,2.0094,1.7703,3.4798,1.0087,2.7181,2.885,1.8204,2.5881,4.0083,0.63711,1.8788,2.7984,1.0716,2.4418,3.0648,1.9011,1.9167,4.4985,1.687,1.6833,3.8917,0.51121,2.2016,3.7459,1.1902,2.4418,3.7779,0.99366,2.07,3.2574,2.5594,2.306,4.3083,2.0792,2.1601,4.6903,1.4811,1.6719,3.9158,1.8956,1.9172,4.4952,1.493,2.1796,3.2655,0.81507,2.0894,3.1747,2.4206,2.3779,4.3236,1.9383,2.5991,4.8749,1.9247,2.5978,4.8584,2.5549,2.3075,4.3055,1.2855,2.4944,3.937,1.6926,2.2346,4.3024,2.0173,3.054,3.9574,0.51639,2.4693,2.4877,1.5424,2.0592,4.6173,2.0665,3.0599,4.0108,0.3813,2.38,3.4211,1.6617,1.619,4.0812,0.7067,2.028,3.0908,2.2467,2.2434,4.6515,0.6509,2.6107,3.0253,0.99494,2.074,3.2578,0.10954,2.8909,1.9509,1.998,1.9883,4.5959,2.552,2.3088,4.3062,2.6599,2.3316,5.1838,2.1138,2.8072,4.4138,1.0794,1.8386,3.9544,4.6282,2.9858,0.5121,0.88025,2.1194,3.0458,1.3049,2.0982,4.2748,1.0531,2.0888,3.4899,2.2845,2.7463,4.5499,1.7045,1.5904,4.1539,1.1565,2.5548,3.0792,0.75517,2.4324,3.7666,2.0574,1.9205,3.7308,1.5924,2.4398,3.464,1.6503,2.5297,3.6041,1.654,1.6648,4.2501,2.0824,2.7988,4.5562,2.0947,2.7975,4.5679,3.3718,2.7805,6.1326,1.7043,1.5898,4.1539,1.7105,2.0038,3.4518,2.1111,2.935,4.9092,1.157,2.5551,3.087,2.6319,2.4454,4.9814,1.0344,2.6046,4.0669,1.595,2.4374,3.4658,1.1798,1.81,4.0952,1.6634,1.6185,4.0805,1.7071,2.0041,3.4462,0.28269,2.9445,3.3313,2.8777,2.296,4.5769,1.3158,1.9492,4.2066,1.2614,2.6818,3.345,1.4592,2.4579,3.343,1.8453,1.9764,3.7163,1.9493,2.3513,3.9956,1.09,2.2841,3.1842,2.5394,2.0413,5.1463,1.2443,2.6808,3.3213,1.4516,2.4644,3.3338,0.30411,2.9446,3.3518,0.67294,1.8113,2.9005,1.6961,2.0216,4.4328,1.4665,1.8533,4.1236,5.517,2.8984,1.8294,0.82002,2.1172,2.7879,1.0317,2.6089,4.0681,2.1683,2.5247,3.6219,2.6297,2.4422,4.9775,2.8066,2.701,4.5247,2.1541,2.5251,4.5227,2.349,2.1051,4.1986,0.76638,1.9962,3.3433,0.34071,2.4706,2.8954,0.60246,2.1415,3.7116,2.3861,2.4988,4.4362,0.76279,2.4625,2.8655,1.254,1.5867,4.2869,1.6992,2.0102,3.4461,6.2132,2.6886,2.0154,3.2363,2.9368,6.2339,0.76008,2.4567,2.8754,1.6625,1.6342,4.0844,1.4959,1.8686,3.1819,0.74898,2.4612,2.8602,2.1668,2.3472,4.9449,1.1524,2.563,3.081,1.0037,1.9621,3.504,0.5234,1.9783,3.2594,1.7039,2.0106,3.4438,2.3858,2.0858,4.2006,2.1496,2.1538,4.9835,1.2864,1.7428,3.8051,0.68432,1.9769,2.7594,2.1505,2.1552,4.9887,2.3237,2.1911,4.4699,1.5684,2.3093,3.9636,4.2422,2.9948,0.17339,1.9546,2.3455,3.9979,0.8371,1.9608,4.1207,1.1883,2.578,4.222,3.5473,2.8492,6.109,1.5332,1.6202,3.2882,0.3131,2.2987,3.395,5.124,2.982,1.0647,0.57645,2.7805,3.2757,1.2794,2.5101,2.9863,2.1407,2.145,4.9715,1.4754,2.0894,4.3561,1.5258,1.6247,3.2893,1.3815,2.9277,3.3648,0.46347,2.4471,2.7364,0.91814,2.454,3.001,0.22496,2.6167,3.3412,1.6149,2.2623,4.1298,0.4624,2.4447,2.728,1.045,2.1798,3.653,1.3941,1.8022,4.2928,0.32296,2.304,3.4004,1.5284,1.6161,3.2883,0.45983,2.4472,2.735,3.0331,2.8704,5.9533,1.998,2.5929,4.0293,1.9782,2.1817,4.596,2.6141,2.775,5.2505,1.8936,1.96,3.8983,1.2938,1.807,3.6908,2.1498,2.1515,4.9835,1.3971,2.6526,3.998,1.1207,3.0808,2.9612,4.7001,2.9791,0.41984,1.2718,2.6888,4.3467,1.9046,1.9524,3.883,1.2552,2.6372,2.875,0.3936,2.7708,2.9905,0.94233,2.8942,4.1334,0.59261,2.5219,2.5966,0.69393,1.9426,2.9804,0.54445,2.4001,3.4204,1.5653,2.1777,4.237,1.2845,2.6914,4.3574,0.6225,1.9554,3.102,1.9822,1.8902,3.8155,1.193,1.8388,3.6509,2.4351,2.7174,4.9466,1.3748,1.5405,4.1659,1.3854,2.1564,3.1711,0.63264,1.9562,3.1029,0.46926,2.4477,2.5784,1.6159,2.2629,4.1334,2.4369,2.7152,4.9558,0.62875,1.9586,3.0978,1.5656,1.7094,3.3296,0.50044,3.0429,2.4105,0.5873,2.523,2.5951,2.9255,2.7457,5.9089,6.2044,2.867,2.5738,4.674,2.9827,0.39162,2.3342,2.4012,3.7332,0.9467,3.0777,3.7347,1.4249,2.2704,3.5515,0.87207,3.0766,3.6601,2.362,2.2361,3.8,1.1913,1.8367,3.6494,2.4279,2.3406,4.5645,2.5748,2.6366,4.0348,1.2687,2.6815,4.3416,1.8937,1.9499,3.8949,1.1401,2.7823,3.6655,2.4322,2.48,5.0674,1.6092,2.6147,3.3187,2.1674,2.1914,4.1038,0.78578,1.9041,3.3683,2.3339,2.4089,3.7399,2.3379,2.4084,3.739,2.1891,1.9018,4.9124,2.6397,2.288,4.7913,2.3614,2.2378,3.8019,1.3782,1.5855,3.8403,2.4396,2.7159,4.9567,1.8929,1.9515,3.8967,0.77784,2.139,3.9737,1.6013,1.8233,4.2567,2.4381,2.7161,4.9574,1.446,2.3881,3.2614,5.9398,2.8839,2.2214,1.8557,1.798,3.4812,1.9674,3.014,4.2876,2.0235,1.9503,4.7655,1.1122,2.5791,4.2837,1.8905,2.1477,4.8627,1.6129,1.7908,3.9657,1.6045,2.0106,3.3821,1.0281,2.7634,3.5776,0.92794,2.8241,3.8242,1.3886,2.4004,3.8484,1.1306,2.7853,3.654,1.8364,1.7815,4.0906,0.9155,2.4596,2.7792,1.9138,2.0722,4.3893,0.09518,2.7934,2.8602,1.0828,1.9566,4.2626,0.95379,2.3312,3.022,1.6375,2.395,4.5868,0.97805,2.08,2.8408,0.74112,1.9947,2.742,1.6111,1.7887,3.9681,0.9195,2.4579,2.7838,1.3774,1.5853,3.8372,2.7611,2.587,4.6262,1.0846,2.1402,3.6248,1.1275,2.791,3.655,1.9758,1.9852,4.4777,1.0786,1.9603,4.2586,1.8541,1.6569,3.4519,1.6621,2.489,3.9988,2.1152,2.5529,4.9185,2.1507,2.3815,3.7057,1.1892,3.0696,3.4191,1.447,1.4681,4.2294,0.62626,2.998,3.6231,1.622,1.7425,4.229,0.74242,1.9973,2.7401,0.69388,2.1942,3.9465,2.6845,2.6013,4.5343,1.995,2.1242,3.4345,1.3865,2.9122,3.5378,1.0812,2.1987,3.6303,2.5339,2.0032,4.4755,1.4892,1.7335,4.4218,1.6036,2.5903,3.5835,2.0613,2.2962,4.0757,2.7006,2.3696,4.9988,0.45353,2.5297,2.9686
1798.9,0.13908,120.32,16.905,0.026824,405.58,1.5102,1.8341,4.1598,1.273,2.2301,4.2244,1.2186,1.9799,4.2405,2.4864,2.6558,4.2941,0.85907,2.0513,4.2331,1.519,2.5028,3.894,3.0496,2.8396,5.8712,1.2123,1.9822,4.2367,1.7456,1.6997,4.2434,1.2832,2.2274,4.2388,0.85172,2.0615,4.213,2.9115,2.8349,4.5199,5.6698,2.7643,1.4215,1.2651,2.8164,3.6502,0.94498,2.144,3.0187,2.4911,2.0661,4.4671,1.4714,1.6662,3.9105,0.6546,2.5816,3.8697,2.011,1.7646,3.4806,1.0909,2.432,3.0985,0.24861,2.2889,3.5326,1.7815,1.6771,3.3923,2.0824,2.8109,4.3807,1.7872,1.6868,3.3957,1.4658,1.6596,3.9198,0.39066,2.1433,3.1845,2.0541,2.3717,4.4106,1.4735,1.6761,3.2009,0.8293,1.8965,2.7613,3.0446,2.8414,5.8566,2.0116,1.7742,3.4827,1.0119,2.7188,2.8902,1.8216,2.5877,4.0122,0.64039,1.8843,2.7989,1.0708,2.4395,3.0705,1.9032,1.9178,4.5018,1.6909,1.6772,3.8905,0.51157,2.2017,3.7468,1.1881,2.4543,3.773,0.98675,2.0758,3.2498,2.5671,2.3109,4.319,2.0861,2.1666,4.6989,1.483,1.6713,3.9186,1.8953,1.9178,4.4968,1.4949,2.1839,3.2644,0.81003,2.0957,3.1662,2.4229,2.3822,4.33,1.9343,2.5979,4.8659,1.9161,2.5988,4.8449,2.5606,2.3135,4.3157,1.2847,2.4988,3.9315,1.6961,2.2365,4.3076,1.9977,3.0487,3.9362,0.52455,2.469,2.495,1.5414,2.0619,4.6226,2.0628,3.0562,4.0056,0.375,2.3834,3.4117,1.6617,1.6135,4.0804,0.7044,2.0322,3.0856,2.2483,2.2458,4.6546,0.66351,2.606,3.0403,0.98872,2.0806,3.2496,0.095191,2.8913,1.9346,2.0008,1.9912,4.6016,2.5564,2.3153,4.3157,2.6507,2.3275,5.174,2.0961,2.7974,4.3949,1.0796,1.8322,3.9596,4.6327,2.9775,0.51486,0.87603,2.1207,3.0406,1.3048,2.0973,4.2807,1.0511,2.0907,3.4873,2.2687,2.741,4.5313,1.7065,1.5859,4.1516,1.1651,2.5529,3.0867,0.75788,2.4369,3.764,2.0592,1.9157,3.7257,1.5883,2.442,3.4612,1.6438,2.5346,3.6025,1.6509,1.6576,4.25,2.0666,2.7912,4.5387,2.0841,2.7896,4.557,3.3821,2.7791,6.1422,1.7066,1.5846,4.1516,1.7154,2.0034,3.4512,2.1025,2.9339,4.9022,1.1649,2.5534,3.0976,2.6284,2.4446,4.9766,1.0403,2.6058,4.0669,1.5909,2.4384,3.4639,1.176,1.8162,4.0912,1.6646,1.6116,4.0785,1.7101,2.0038,3.4425,0.27857,2.9427,3.3282,2.8824,2.2979,4.5861,1.3149,1.9489,4.2075,1.2689,2.6775,3.3585,1.4551,2.4578,3.3424,1.8477,1.9715,3.7105,1.9482,2.3615,3.9979,1.0856,2.2853,3.1812,2.5395,2.0365,5.1451,1.246,2.6764,3.3275,1.444,2.467,3.3295,0.31214,2.943,3.3598,0.67031,1.8149,2.8917,1.6932,2.0182,4.4402,1.4657,1.8472,4.1263,5.5021,2.8963,1.8146,0.82061,2.1141,2.7929,1.0371,2.6122,4.069,2.177,2.5247,3.6222,2.6227,2.4401,4.968,2.8112,2.698,4.528,2.1484,2.5217,4.5153,2.3493,2.1073,4.2021,0.76642,2.0009,3.3394,0.35161,2.4677,2.9065,0.60125,2.1418,3.7105,2.3859,2.4916,4.4404,0.77241,2.4605,2.8751,1.2532,1.5889,4.2867,1.697,2.0125,3.4433,6.2551,2.6879,1.9966,3.2514,2.9357,6.2177,0.77043,2.4515,2.8914,1.6634,1.6335,4.0825,1.4971,1.871,3.181,0.7531,2.4587,2.8676,2.1655,2.3463,4.9371,1.1584,2.5629,3.0889,1.0049,1.9617,3.504,0.51792,1.9784,3.2614,1.7061,2.012,3.4396,2.3857,2.0894,4.2029,2.1544,2.1534,4.986,1.2847,1.7361,3.8084,0.68567,1.9767,2.7621,2.1563,2.1561,4.9936,2.3276,2.1954,4.4769,1.5694,2.3211,3.9643,4.2647,2.9866,0.19465,1.9544,2.3512,3.9991,0.83573,1.9585,4.1222,1.1977,2.5821,4.2273,3.5655,2.846,6.1269,1.5341,1.6222,3.2892,0.30653,2.2991,3.3864,5.1197,2.9763,1.0607,0.58826,2.7775,3.2893,1.2875,2.5122,2.992,2.1407,2.1401,4.9656,1.4761,2.0863,4.3603,1.526,1.6258,3.2911,1.3844,2.9265,3.3666,0.47261,2.4447,2.7489,0.91373,2.4534,3.0012,0.22727,2.6157,3.342,1.6175,2.2665,4.1333,0.47368,2.4429,2.7388,1.0432,2.1865,3.6487,1.3938,1.7991,4.2925,0.32198,2.3068,3.3962,1.5281,1.615,3.2893,0.46908,2.4446,2.748,3.0609,2.8702,5.9828,1.9922,2.5898,4.0254,1.9832,2.1839,4.6009,2.6004,2.7751,5.2349,1.8953,1.9561,3.8944,1.2937,1.801,3.6928,2.1535,2.1492,4.9836,1.3939,2.6491,3.991,1.1231,3.0782,2.9624,4.7063,2.9749,0.42416,1.2809,2.6911,4.3546,1.9055,1.9486,3.8818,1.2618,2.6377,2.8825,0.4148,2.7686,3.0149,0.94701,2.8959,4.1373,0.60592,2.5226,2.6077,0.69185,1.9488,2.9736,0.54244,2.4023,3.4149,1.5644,2.1787,4.2428,1.3011,2.6944,4.3704,0.61541,1.9594,3.0926,1.9839,1.8855,3.8135,1.1927,1.834,3.6543,2.4167,2.7133,4.9228,1.3738,1.5497,4.1619,1.3826,2.1564,3.1689,0.62986,1.9611,3.0945,0.47427,2.446,2.5854,1.6177,2.2688,4.1374,2.4218,2.7105,4.9381,0.62426,1.9643,3.087,1.5666,1.7071,3.3308,0.4932,3.0443,2.4004,0.59618,2.5242,2.6029,2.9352,2.7467,5.9209,6.2174,2.8691,2.5934,4.6738,2.9781,0.38937,2.3272,2.397,3.7211,0.98837,3.0749,3.7796,1.416,2.2802,3.5437,0.88637,3.075,3.6776,2.358,2.2352,3.7938,1.1908,1.8305,3.6525,2.4292,2.3426,4.5676,2.5694,2.6425,4.0371,1.2742,2.6803,4.3447,1.8947,1.9418,3.889,1.1485,2.7738,3.6736,2.4213,2.4763,5.0521,1.61,2.6106,3.3297,2.1668,2.1941,4.1049,0.78469,1.9054,3.3658,2.3259,2.4088,3.7325,2.3309,2.4068,3.7293,2.1922,1.9107,4.9195,2.6367,2.2869,4.791,2.3586,2.2375,3.7972,1.3766,1.5858,3.8434,2.4237,2.7127,4.9369,1.8938,1.9447,3.8917,0.77708,2.1372,3.9819,1.601,1.8175,4.2559,2.4236,2.712,4.9403,1.4463,2.3876,3.2617,5.9476,2.8861,2.2312,1.8539,1.7967,3.4854,1.96,3.0073,4.2778,2.0295,1.9512,4.774,1.1206,2.5797,4.2922,1.8959,2.1465,4.8635,1.6126,1.7829,3.9652,1.6042,2.0118,3.3762,1.0365,2.7556,3.5853,0.93636,2.8199,3.8309,1.395,2.4078,3.8514,1.135,2.7781,3.6569,1.8347,1.7717,4.0887,0.91765,2.4589,2.7835,1.9168,2.0754,4.3929,0.11058,2.7908,2.8751,1.0804,1.9545,4.2638,0.95849,2.3273,3.0307,1.6405,2.3948,4.5871,0.97716,2.0753,2.845,0.73936,1.9917,2.7416,1.61,1.7794,3.9679,0.92357,2.4566,2.7907,1.375,1.5852,3.8377,2.756,2.5851,4.6209,1.0844,2.143,3.6227,1.1324,2.7852,3.6594,1.976,1.9844,4.479,1.075,1.9591,4.2588,1.855,1.66,3.4531,1.6623,2.4942,3.9987,2.1174,2.5513,4.9156,2.147,2.3825,3.7016,1.1937,3.0668,3.4221,1.4477,1.469,4.2271,0.63123,2.9968,3.6294,1.6203,1.7363,4.2266,0.74106,1.9964,2.739,0.69659,2.1943,3.9486,2.6809,2.5997,4.5315,1.9971,2.1215,3.4309,1.3904,2.9054,3.54,1.0806,2.2037,3.6266,2.5356,2.0062,4.48,1.4875,1.7325,4.4214,1.5988,2.5892,3.5841,2.0604,2.3017,4.0782,2.6942,2.3666,4.9909,0.4602,2.5285,2.9764
1798.9,0.13908,120.32,16.905,0.035765,425.5,1.5058,1.8331,4.1553,1.2712,2.2319,4.2249,1.2142,1.9772,4.2426,2.4821,2.6536,4.2918,0.8595,2.0476,4.2388,1.5187,2.5091,3.8943,3.0634,2.8396,5.8887,1.2065,1.9797,4.2375,1.7448,1.6933,4.2416,1.2854,2.2277,4.2443,0.84909,2.061,4.2117,2.9179,2.8347,4.5236,5.6562,2.7595,1.4061,1.2737,2.8061,3.659,0.9407,2.1435,3.0174,2.4939,2.0716,4.4749,1.4708,1.6623,3.9123,0.65379,2.5856,3.8651,2.0131,1.7651,3.4833,1.0958,2.4269,3.1118,0.24081,2.2901,3.5222,1.7799,1.678,3.394,2.0623,2.8052,4.3576,1.7876,1.6914,3.3974,1.4625,1.6548,3.9241,0.3893,2.1467,3.1783,2.0604,2.3768,4.4188,1.473,1.679,3.2015,0.82888,1.9028,2.7586,3.0562,2.8413,5.87,2.0139,1.7775,3.4854,1.0153,2.7194,2.8958,1.8228,2.5876,4.0158,0.64358,1.8897,2.7994,1.0701,2.4374,3.0758,1.9052,1.9187,4.5051,1.6944,1.6719,3.8898,0.51186,2.2019,3.7476,1.186,2.4658,3.7687,0.98007,2.0811,3.2424,2.5749,2.3156,4.3294,2.0929,2.1728,4.7072,1.485,1.6709,3.9213,1.8951,1.9183,4.4985,1.4968,2.1877,3.2632,0.80485,2.102,3.1577,2.4254,2.3867,4.3366,1.9306,2.5968,4.8571,1.9081,2.5996,4.8318,2.5664,2.3194,4.3262,1.2839,2.5031,3.9261,1.6998,2.2385,4.3128,1.9806,3.0435,3.9178,0.53242,2.4689,2.5021,1.54,2.0646,4.6274,2.0602,3.0527,4.0015,0.3689,2.3866,3.4026,1.6618,1.6087,4.0797,0.70199,2.0361,3.0804,2.2498,2.248,4.6574,0.67516,2.6016,3.0546,0.98248,2.0869,3.2414,0.080556,2.8916,1.9181,2.0037,1.9944,4.6075,2.5611,2.3218,4.3254,2.6417,2.3234,5.1642,2.0798,2.7875,4.3774,1.0799,1.826,3.9648,4.6366,2.9689,0.51705,0.87193,2.1219,3.0356,1.3048,2.0965,4.2865,1.0491,2.0927,3.4846,2.2539,2.7358,4.5141,1.7085,1.5817,4.1494,1.1735,2.5512,3.0938,0.76035,2.4414,3.7612,2.061,1.9111,3.7207,1.5843,2.4444,3.4587,1.6379,2.5393,3.6016,1.6479,1.6513,4.2498,2.0515,2.7837,4.522,2.0742,2.782,4.5469,3.3925,2.7776,6.1518,1.709,1.5796,4.1493,1.7206,2.0033,3.4509,2.0954,2.9331,4.8966,1.1727,2.552,3.1078,2.625,2.4439,4.9721,1.0457,2.607,4.0664,1.587,2.4396,3.4623,1.172,1.8213,4.0878,1.6658,1.6051,4.0765,1.7133,2.0035,3.4389,0.27493,2.941,3.3255,2.887,2.2996,4.595,1.314,1.9487,4.2085,1.2757,2.6734,3.3712,1.4511,2.4579,3.3419,1.8501,1.9668,3.7051,1.947,2.3716,4.0004,1.0811,2.2867,3.1783,2.54,2.0321,5.1447,1.2476,2.6723,3.3337,1.4365,2.4694,3.3252,0.32052,2.9414,3.3681,0.66746,1.8186,2.8827,1.6901,2.015,4.4477,1.465,1.8414,4.1288,5.4866,2.894,1.7992,0.82091,2.1114,2.7974,1.0421,2.6158,4.0696,2.1854,2.5247,3.6222,2.6154,2.4377,4.9581,2.8162,2.695,4.5316,2.1433,2.5186,4.5086,2.3498,2.1099,4.2059,0.76621,2.0061,3.3351,0.36285,2.4648,2.9183,0.60009,2.142,3.7095,2.3856,2.4847,4.4448,0.78216,2.4586,2.8848,1.2524,1.5911,4.2863,1.6946,2.0148,3.4406,6.2165,2.687,1.9775,3.267,2.9343,0.3537,0.78034,2.4463,2.9071,1.6643,1.6326,4.0805,1.4984,1.8736,3.1803,0.75691,2.4563,2.8748,2.1639,2.3451,4.9292,1.1641,2.5629,3.0966,1.0061,1.9612,3.504,0.51218,1.9784,3.2635,1.7084,2.0132,3.4355,2.3856,2.0931,4.2054,2.1593,2.1529,4.9884,1.283,1.7295,3.8117,0.68703,1.9766,2.765,2.162,2.1569,4.9983,2.3317,2.1999,4.4843,1.5702,2.3324,3.9648,4.285,2.9784,0.21382,1.9543,2.3568,4.0005,0.83413,1.9563,4.1232,1.2073,2.5862,4.2328,3.5833,2.8426,6.1443,1.5349,1.6243,3.2902,0.29999,2.2994,3.3778,5.1158,2.9706,1.0572,0.59973,2.7743,3.3024,1.2956,2.5142,2.9973,2.141,2.1353,4.9601,1.4764,2.0829,4.3645,1.5262,1.6268,3.2928,1.3874,2.9252,3.3684,0.48191,2.4422,2.7615,0.91006,2.4526,3.0022,0.22958,2.6146,3.3428,1.6201,2.2709,4.1368,0.48491,2.4411,2.7496,1.0412,2.1932,3.6443,1.3936,1.7959,4.2921,0.3211,2.3094,3.3922,1.5278,1.6137,3.2903,0.4784,2.442,2.7612,3.0876,2.8699,6.0112,1.9868,2.5868,4.022,1.9883,2.186,4.6056,2.5862,2.7751,5.2188,1.8969,1.9521,3.8904,1.2934,1.795,3.6948,2.1571,2.1468,4.9837,1.3907,2.6455,3.984,1.1243,3.0757,2.9624,4.7125,2.9708,0.42859,1.2897,2.6932,4.362,1.9065,1.9447,3.8805,1.2683,2.6382,2.89,0.43552,2.7663,3.0387,0.95191,2.8971,4.1415,0.61923,2.5231,2.6189,0.68991,1.9548,2.9671,0.54047,2.4043,3.4095,1.5636,2.1793,4.2484,1.3175,2.6971,4.3834,0.60836,1.9631,3.083,1.9855,1.8809,3.8115,1.1923,1.8291,3.6579,2.3989,2.7091,4.8994,1.3726,1.5587,4.158,1.3797,2.1563,3.1668,0.62707,1.9658,3.0862,0.47929,2.4442,2.5923,1.6196,2.2749,4.1415,2.407,2.7058,4.9207,0.61956,1.9698,3.0762,1.5676,1.7047,3.3321,0.48569,3.0457,2.3901,0.60475,2.5255,2.6105,2.9452,2.7476,5.933,6.2797,2.871,2.6135,4.6742,2.9735,0.38788,2.3206,2.3927,3.7094,1.0261,3.0719,3.8207,1.4068,2.2902,3.5358,0.9005,3.0732,3.6951,2.3541,2.2343,3.7876,1.1903,1.8242,3.6557,2.4305,2.3447,4.5705,2.5641,2.648,4.0398,1.2798,2.6792,4.3478,1.8958,1.9339,3.8832,1.1562,2.7656,3.6808,2.4109,2.4726,5.0368,1.6108,2.6065,3.3408,2.1663,2.1968,4.1062,0.78346,1.9068,3.3633,2.3179,2.4089,3.7251,2.3241,2.4053,3.7198,2.1957,1.919,4.9265,2.6338,2.2858,4.7908,2.356,2.2373,3.7928,1.3749,1.586,3.8465,2.4081,2.7094,4.9175,1.8949,1.938,3.8868,0.77642,2.1354,3.9902,1.6006,1.8118,4.2552,2.4095,2.708,4.9237,1.4466,2.3873,3.2618,5.9554,2.8885,2.2411,1.8523,1.7955,3.4894,1.9523,3.0005,4.2677,2.0359,1.9522,4.7824,1.129,2.5802,4.3007,1.9015,2.1455,4.8642,1.6123,1.7751,3.9647,1.604,2.0133,3.3704,1.0437,2.7484,3.5919,0.94382,2.816,3.8363,1.4013,2.4151,3.8544,1.1391,2.7712,3.6592,1.8331,1.762,4.0869,0.91979,2.4584,2.7879,1.92,2.079,4.3968,0.12618,2.7882,2.8902,1.0779,1.9525,4.265,0.96283,2.3239,3.0389,1.6437,2.395,4.5876,0.97603,2.0709,2.8487,0.7377,1.9887,2.7414,1.6088,1.7703,3.9676,0.92754,2.4552,2.7977,1.3724,1.5852,3.8382,2.7515,2.5833,4.6166,1.0841,2.1461,3.6202,1.1372,2.7795,3.6638,1.9763,1.9836,4.4805,1.0715,1.9579,4.2589,1.8561,1.6629,3.4545,1.6625,2.4992,3.9987,2.1195,2.5498,4.9125,2.1431,2.3838,3.6974,1.1989,3.064,3.426,1.4484,1.4702,4.2247,0.63544,2.9956,3.635,1.6188,1.73,4.2245,0.73984,1.9956,2.7381,0.69934,2.1943,3.9508,2.6773,2.598,4.5289,1.9996,2.1188,3.4275,1.3945,2.8985,3.5425,1.0799,2.2092,3.6226,2.5375,2.0093,4.4848,1.4859,1.7313,4.421,1.5944,2.5879,3.5849,2.0596,2.3072,4.0808,2.6881,2.3637,4.9832,0.46706,2.5274,2.9843
1798.9,0.13908,120.32,16.905,0.044706,444.95,1.5016,1.8319,4.1511,1.2697,2.2335,4.2256,1.2099,1.9744,4.2446,2.4782,2.6515,4.29,0.85986,2.044,4.2445,1.5183,2.5152,3.8946,3.0771,2.8395,5.9059,1.201,1.9772,4.2381,1.7441,1.6871,4.2399,1.2874,2.2279,4.2498,0.84645,2.0606,4.2105,2.924,2.8345,4.5271,5.6432,2.7545,1.3915,1.2815,2.796,3.6669,0.93646,2.1431,3.016,2.4969,2.0771,4.4829,1.4701,1.6585,3.9141,0.653,2.5895,3.8606,2.0153,1.7653,3.486,1.0998,2.4221,3.1238,0.23325,2.2913,3.5121,1.7783,1.6787,3.3956,2.0433,2.7993,4.3355,1.788,1.6956,3.3991,1.4594,1.6503,3.9281,0.38815,2.1499,3.1726,2.0664,2.3813,4.4265,1.4724,1.6814,3.202,0.82864,1.9087,2.7565,3.068,2.8412,5.8833,2.0163,1.7804,3.488,1.0191,2.7197,2.9015,1.824,2.5876,4.0194,0.64667,1.8949,2.8,1.0692,2.4353,3.0809,1.9073,1.9195,4.5084,1.6978,1.667,3.8895,0.51208,2.202,3.7485,1.1841,2.4767,3.7645,0.97359,2.0862,3.2352,2.5827,2.3199,4.3397,2.0997,2.1784,4.7152,1.4871,1.6709,3.9241,1.8951,1.9189,4.5001,1.4986,2.1912,3.2619,0.79951,2.1082,3.149,2.4281,2.3911,4.3434,1.9269,2.596,4.8482,1.9005,2.6004,4.819,2.5724,2.3253,4.3369,1.2831,2.5075,3.921,1.7036,2.2407,4.318,1.9658,3.0385,3.9017,0.5399,2.4689,2.5089,1.5382,2.0674,4.6316,2.0584,3.0492,3.9983,0.36302,2.3895,3.394,1.6618,1.6045,4.0788,0.69946,2.0401,3.0752,2.2512,2.25,4.6601,0.68612,2.5971,3.0684,0.97629,2.0928,3.2333,0.066051,2.8918,1.9015,2.0069,1.9979,4.6134,2.5659,2.3284,4.3354,2.633,2.3194,5.1543,2.0648,2.7775,4.3613,1.0801,1.8198,3.9698,4.6398,2.9605,0.51864,0.86794,2.1231,3.0308,1.3049,2.0959,4.2923,1.047,2.0949,3.4818,2.2402,2.7307,4.498,1.7105,1.5778,4.1473,1.1816,2.5496,3.1005,0.76269,2.446,3.7582,2.0627,1.9067,3.7158,1.5806,2.4467,3.4564,1.6325,2.5437,3.6012,1.6448,1.6453,4.2496,2.0374,2.7761,4.5062,2.0651,2.7744,4.5378,3.403,2.776,6.1616,1.7113,1.5747,4.147,1.7258,2.0032,3.4509,2.0894,2.9323,4.8921,1.1801,2.5507,3.1177,2.6216,2.4433,4.9675,1.0508,2.6083,4.0654,1.5833,2.4409,3.4608,1.1679,1.8258,4.0847,1.667,1.5988,4.0746,1.7165,2.0034,3.4355,0.27198,2.9391,3.3236,2.8917,2.3009,4.6039,1.3131,1.9485,4.2097,1.2821,2.6695,3.3831,1.4472,2.4582,3.3416,1.8526,1.9622,3.6997,1.9458,2.3817,4.003,1.0767,2.288,3.1755,2.5407,2.0278,5.1445,1.2491,2.6685,3.3398,1.4291,2.4719,3.3212,0.32931,2.9396,3.3769,0.66445,1.8224,2.8735,1.6867,2.012,4.4551,1.4644,1.8358,4.1312,5.471,2.8918,1.7837,0.821,2.1087,2.8015,1.047,2.6193,4.0698,2.1928,2.525,3.6215,2.608,2.4352,4.9481,2.8217,2.692,4.5358,2.1387,2.5158,4.5023,2.3503,2.1128,4.2101,0.76575,2.0114,3.3304,0.37436,2.4618,2.9302,0.59896,2.1422,3.7084,2.3853,2.4781,4.4494,0.79203,2.4567,2.8947,1.2517,1.5933,4.2858,1.6921,2.0169,3.4378,6.2065,2.6859,1.9583,3.2826,2.9327,2.0913,0.78981,2.4411,2.9225,1.6652,1.6313,4.0786,1.4997,1.876,3.1796,0.7605,2.454,2.8818,2.1621,2.3437,4.9209,1.1699,2.5627,3.104,1.0073,1.9606,3.5041,0.50626,1.9784,3.2657,1.7106,2.0143,3.4314,2.3855,2.0969,4.2079,2.1643,2.1525,4.9908,1.2812,1.7229,3.8151,0.6884,1.9764,2.7678,2.1677,2.1577,5.0029,2.336,2.2043,4.4918,1.5712,2.3431,3.9653,4.3031,2.9703,0.23089,1.9543,2.3625,4.002,0.83238,1.9544,4.1237,1.2172,2.5903,4.2382,3.6007,2.8394,6.1614,1.5358,1.6266,3.2911,0.29349,2.2997,3.3692,5.1123,2.9647,1.0542,0.61095,2.7709,3.3152,1.3034,2.5161,3.0024,2.1414,2.1304,4.9547,1.4766,2.0794,4.3685,1.5264,1.6276,3.2946,1.3905,2.9239,3.3701,0.49124,2.4397,2.7744,0.90691,2.4518,3.0036,0.23187,2.6134,3.3435,1.6228,2.2754,4.1403,0.49601,2.4394,2.7604,1.0393,2.2,3.6398,1.3935,1.7928,4.2915,0.32032,2.3118,3.3885,1.5277,1.6124,3.2913,0.48763,2.4392,2.7744,3.1133,2.8693,6.0387,1.9815,2.5839,4.019,1.9933,2.1879,4.6104,2.5717,2.7749,5.2023,1.8987,1.948,3.8863,1.2933,1.7891,3.6968,2.1606,2.1443,4.9836,1.3876,2.6418,3.9769,1.1242,3.0733,2.9611,4.7187,2.9668,0.43305,1.2983,2.695,4.3692,1.9077,1.9409,3.8793,1.2748,2.6388,2.8974,0.45573,2.764,3.062,0.95703,2.898,4.1459,0.63236,2.5237,2.6298,0.68804,1.9609,2.9608,0.53862,2.4061,3.4044,1.563,2.1798,4.254,1.3338,2.6997,4.3962,0.60145,1.9668,3.0733,1.987,1.8763,3.8097,1.1919,1.8241,3.6615,2.3816,2.7047,4.8767,1.3713,1.5674,4.154,1.3767,2.156,3.1647,0.62431,1.9704,3.0781,0.48425,2.4424,2.5993,1.6219,2.2812,4.1457,2.3926,2.701,4.9036,0.61474,1.9753,3.0652,1.5687,1.7023,3.3333,0.4778,3.047,2.3794,0.61293,2.5268,2.6176,2.9555,2.7482,5.9454,5.9733,2.8728,2.634,4.6749,2.9687,0.3869,2.3144,2.3885,3.698,1.0601,3.0687,3.8578,1.3974,2.3002,3.5275,0.91372,3.0716,3.7117,2.3503,2.2335,3.7818,1.1897,1.8178,3.6589,2.4317,2.3466,4.5735,2.559,2.6534,4.0426,1.2853,2.6781,4.3508,1.8968,1.926,3.8777,1.1634,2.7577,3.6876,2.4007,2.4691,5.0217,1.6116,2.6024,3.3521,2.1658,2.1998,4.1077,0.78212,1.9084,3.3606,2.3101,2.4092,3.7179,2.3174,2.404,3.7105,2.1994,1.9269,4.9336,2.6308,2.2847,4.7904,2.3533,2.2373,3.7886,1.3733,1.5862,3.8497,2.3931,2.7062,4.8985,1.8959,1.9316,3.8822,0.77586,2.1335,3.9986,1.6003,1.8063,4.2546,2.3961,2.7041,4.9079,1.4467,2.3871,3.2619,5.963,2.8907,2.2508,1.8509,1.7943,3.4934,1.9446,2.9937,4.2575,2.0423,1.9532,4.7907,1.1371,2.5809,4.3091,1.907,2.1448,4.8651,1.6119,1.7674,3.9643,1.6038,2.0151,3.3648,1.0502,2.7415,3.5977,0.95052,2.8123,3.8409,1.4074,2.4223,3.8574,1.1427,2.7646,3.661,1.8315,1.7524,4.0852,0.92191,2.4579,2.7923,1.9234,2.0828,4.4009,0.14173,2.7853,2.9052,1.0754,1.9507,4.2662,0.96697,2.3206,3.0468,1.6472,2.3954,4.5884,0.97476,2.0668,2.852,0.73622,1.9857,2.7415,1.6076,1.7613,3.9674,0.93136,2.4539,2.8048,1.3699,1.5849,3.8388,2.7476,2.5817,4.6131,1.0839,2.1496,3.6176,1.1419,2.7738,3.6681,1.9766,1.9829,4.4821,1.068,1.9566,4.2591,1.8573,1.6658,3.456,1.6626,2.5039,3.9986,2.1214,2.5483,4.9094,2.1392,2.3853,3.6929,1.2051,3.0611,3.4307,1.4491,1.4716,4.2222,0.63886,2.9943,3.6397,1.6173,1.7235,4.2226,0.73871,1.9947,2.7373,0.70209,2.1945,3.953,2.6737,2.5963,4.5265,2.0022,2.1162,3.4245,1.3986,2.8916,3.5451,1.079,2.2149,3.6183,2.5395,2.0128,4.4899,1.4841,1.73,4.4208,1.5902,2.5867,3.5862,2.0589,2.3127,4.0836,2.6823,2.3608,4.9758,0.47396,2.5263,2.9923
1798.9,0.13908,120.32,16.905,0.053648,464.42,1.4976,1.8305,4.1469,1.2685,2.2351,4.2267,1.2056,1.9717,4.2462,2.4746,2.6496,4.2886,0.86019,2.0404,4.2498,1.518,2.521,3.8948,3.0907,2.8393,5.9229,1.1956,1.9745,4.2389,1.7434,1.6808,4.2381,1.2893,2.2281,4.2553,0.84389,2.06,4.2093,2.9298,2.8342,4.5305,5.6307,2.7494,1.3773,1.2888,2.786,3.6742,0.93227,2.1425,3.0145,2.5001,2.0826,4.4909,1.4693,1.6547,3.9158,0.6521,2.5932,3.856,2.0174,1.7656,3.4887,1.1029,2.4177,3.1348,0.22575,2.2925,3.502,1.7767,1.6791,3.3972,2.0253,2.7933,4.3144,1.7883,1.6995,3.4007,1.4566,1.6461,3.9319,0.38722,2.1527,3.1673,2.0719,2.3853,4.4335,1.4716,1.6837,3.2025,0.82853,1.914,2.7551,3.0798,2.8411,5.8968,2.0188,1.783,3.4907,1.0229,2.7202,2.9073,1.8251,2.5878,4.023,0.6497,1.8998,2.8007,1.0682,2.4333,3.0858,1.9092,1.9202,4.5117,1.701,1.6624,3.8896,0.5123,2.202,3.7493,1.1826,2.4868,3.761,0.96729,2.0911,3.2284,2.5905,2.3241,4.3499,2.1063,2.1837,4.723,1.4892,1.671,3.9269,1.8953,1.9196,4.5019,1.5002,2.1943,3.2607,0.79402,2.1144,3.1401,2.4308,2.3956,4.3502,1.9235,2.5955,4.8392,1.8932,2.6011,4.8066,2.5788,2.3312,4.3479,1.2822,2.5116,3.916,1.7075,2.243,4.3232,1.9526,3.0337,3.8873,0.54721,2.4689,2.5155,1.536,2.0703,4.6353,2.0569,3.0457,3.9954,0.35735,2.3921,3.3859,1.6619,1.6007,4.078,0.69691,2.0438,3.07,2.2525,2.2519,4.6624,0.69642,2.5928,3.0818,0.97012,2.0985,3.2252,0.051076,2.8918,1.8854,2.0103,2.0014,4.6196,2.571,2.335,4.3456,2.6246,2.3152,5.1445,2.0508,2.7672,4.3463,1.0803,1.8138,3.9747,4.6424,2.952,0.51967,0.86409,2.1241,3.0262,1.305,2.0954,4.298,1.0449,2.0972,3.479,2.2272,2.7257,4.4828,1.7126,1.5741,4.1454,1.1894,2.5481,3.1069,0.76491,2.4505,3.755,2.0643,1.9024,3.7111,1.577,2.449,3.4543,1.6276,2.5478,3.6014,1.6418,1.6397,4.2493,2.024,2.7684,4.4911,2.0566,2.7668,4.5292,3.4135,2.7744,6.1713,1.7136,1.57,4.1448,1.7311,2.0032,3.4512,2.0843,2.9318,4.8884,1.1874,2.5495,3.1271,2.6184,2.4425,4.9629,1.0555,2.6096,4.0642,1.5798,2.442,3.4596,1.1637,1.8295,4.082,1.6683,1.5928,4.0728,1.7198,2.0032,3.4323,0.26957,2.9373,3.3221,2.8964,2.302,4.6124,1.3123,1.9485,4.2109,1.2878,2.6659,3.3944,1.4433,2.4586,3.3414,1.855,1.9576,3.6945,1.9448,2.3916,4.0056,1.0724,2.2894,3.1727,2.5416,2.0238,5.1446,1.2506,2.6649,3.346,1.422,2.4742,3.3175,0.33827,2.9378,3.3857,0.6613,1.8261,2.8641,1.6832,2.0089,4.4623,1.4636,1.8303,4.1334,5.4553,2.8894,1.7679,0.82084,2.1063,2.8051,1.0515,2.6229,4.0698,2.1989,2.5253,3.62,2.6004,2.4325,4.9379,2.8277,2.689,4.5404,2.1345,2.5134,4.4965,2.3509,2.1159,4.2145,0.76502,2.017,3.3252,0.38602,2.4586,2.9425,0.59784,2.1423,3.7076,2.385,2.4718,4.4541,0.80194,2.4546,2.9047,1.2507,1.5955,4.2853,1.6894,2.0189,3.4351,6.1866,2.6847,1.9391,3.2981,2.9311,6.1169,0.79867,2.4359,2.9374,1.6661,1.6299,4.0767,1.501,1.8782,3.1789,0.7638,2.4517,2.8884,2.1604,2.3421,4.9125,1.1753,2.5625,3.1111,1.0086,1.96,3.5041,0.50018,1.9781,3.2679,1.7129,2.0151,3.4274,2.3855,2.1009,4.2106,2.1693,2.1519,4.9931,1.2794,1.7166,3.8183,0.68977,1.9762,2.7707,2.1733,2.1584,5.0073,2.3403,2.2087,4.4995,1.572,2.3535,3.9658,4.3197,2.9624,0.2465,1.9544,2.3683,4.0036,0.83056,1.9528,4.1238,1.2271,2.5944,4.2436,3.6177,2.836,6.1782,1.5368,1.6291,3.2921,0.28705,2.2999,3.3604,5.1089,2.9588,1.0514,0.62168,2.7676,3.3275,1.311,2.5179,3.0073,2.1422,2.1257,4.9497,1.4764,2.0758,4.3725,1.5266,1.6284,3.2963,1.3935,2.9225,3.3716,0.50057,2.4371,2.7872,0.90416,2.4508,3.0056,0.23402,2.6122,3.344,1.6255,2.28,4.144,0.50693,2.4378,2.7711,1.0373,2.207,3.6352,1.3934,1.7898,4.2909,0.31962,2.3141,3.385,1.5274,1.611,3.2923,0.49677,2.4365,2.7875,3.1381,2.8687,6.0653,1.9765,2.5813,4.0164,1.9984,2.1896,4.6151,2.5567,2.7746,5.1853,1.9002,1.9437,3.8823,1.2931,1.7831,3.6989,2.1641,2.1416,4.9835,1.3845,2.6381,3.9699,1.1231,3.0711,2.9589,4.7247,2.9626,0.43754,1.3066,2.6967,4.376,1.909,1.9372,3.8783,1.2812,2.6395,2.9048,0.4753,2.7614,3.0845,0.96238,2.8986,4.1507,0.64545,2.5244,2.6407,0.68632,1.9668,2.9546,0.53693,2.4077,3.3996,1.5623,2.1799,4.2596,1.3501,2.702,4.4089,0.59466,1.9703,3.0637,1.9886,1.8718,3.808,1.1916,1.819,3.6652,2.3648,2.7005,4.8545,1.3699,1.5758,4.15,1.3736,2.1557,3.1626,0.62158,1.975,3.0702,0.4892,2.4406,2.6063,1.6244,2.2877,4.15,2.3785,2.6963,4.8869,0.60976,1.9806,3.0541,1.5697,1.7,3.3346,0.46958,3.048,2.3683,0.62078,2.5284,2.6245,2.9661,2.7487,5.958,0.58264,2.8744,2.6551,4.6762,2.9636,0.38647,2.3084,2.3842,3.6868,1.0907,3.0652,3.8916,1.3877,2.3102,3.519,0.92687,3.0698,3.7282,2.3466,2.2328,3.7762,1.1891,1.8111,3.6624,2.4329,2.3486,4.5761,2.5539,2.6586,4.0456,1.2908,2.6772,4.3537,1.8978,1.9182,3.8722,1.1702,2.7501,3.6938,2.3907,2.4655,5.0066,1.6124,2.5984,3.3635,2.1653,2.203,4.1093,0.78062,1.91,3.3577,2.3024,2.4096,3.7109,2.3108,2.4026,3.7012,2.2032,1.9343,4.9404,2.6277,2.2836,4.7902,2.3507,2.2376,3.7844,1.3717,1.5865,3.853,2.3784,2.7029,4.8799,1.897,1.9252,3.8774,0.77543,2.1315,4.0069,1.6,1.8008,4.2538,2.3832,2.7001,4.8924,1.4467,2.3871,3.2619,5.9705,2.8928,2.2603,1.8496,1.7932,3.4974,1.9368,2.9868,4.2473,2.0489,1.9542,4.7988,1.145,2.5818,4.3174,1.9127,2.1443,4.8661,1.6116,1.7599,3.9639,1.6036,2.0171,3.3593,1.056,2.735,3.6027,0.95649,2.8089,3.8447,1.4134,2.4294,3.8603,1.146,2.7584,3.6624,1.8297,1.7429,4.0836,0.92402,2.4576,2.7965,1.9271,2.0868,4.4054,0.15735,2.7823,2.9204,1.0727,1.9488,4.2672,0.97072,2.3176,3.0543,1.651,2.396,4.5892,0.9733,2.0629,2.855,0.73482,1.9828,2.7415,1.6065,1.7526,3.9671,0.93499,2.4527,2.8117,1.3672,1.5847,3.8393,2.7443,2.5802,4.6104,1.0836,2.1534,3.6148,1.1464,2.7683,3.6722,1.9769,1.9824,4.4839,1.0643,1.9553,4.2592,1.8586,1.6685,3.4574,1.6626,2.5085,3.9986,2.1232,2.5469,4.9061,2.1352,2.3869,3.6883,1.2119,3.0582,3.4362,1.4499,1.4734,4.2198,0.64144,2.9933,3.6435,1.616,1.7171,4.2208,0.73766,1.9937,2.7367,0.70484,2.1947,3.9552,2.6703,2.5947,4.5244,2.005,2.1137,3.4219,1.4029,2.8845,3.5481,1.0779,2.2209,3.6138,2.5417,2.0163,4.4953,1.4822,1.7286,4.4206,1.5863,2.5854,3.5878,2.0582,2.318,4.0863,2.6767,2.3579,4.9687,0.48091,2.5252,3.0
1798.9,0.13908,120.32,16.905,0.062589,483.73,1.4936,1.8288,4.1429,1.2677,2.2365,4.2282,1.2012,1.9687,4.2476,2.4713,2.6478,4.2876,0.86047,2.037,4.2551,1.5178,2.5265,3.8952,3.1043,2.8388,5.94,1.1902,1.9716,4.2395,1.7428,1.6746,4.2362,1.291,2.2281,4.2608,0.84142,2.0595,4.2082,2.9354,2.834,4.5337,5.6185,2.7442,1.3636,1.2956,2.7761,3.6812,0.92809,2.142,3.0131,2.5033,2.0881,4.4991,1.4684,1.6511,3.9176,0.65107,2.5969,3.8512,2.0197,1.7658,3.4913,1.1052,2.4136,3.1448,0.21829,2.2937,3.4917,1.7752,1.6795,3.3989,2.0082,2.7872,4.2942,1.7888,1.7031,3.4022,1.454,1.642,3.9355,0.38648,2.1554,3.1624,2.0772,2.3887,4.4401,1.4709,1.6859,3.203,0.82854,1.9188,2.7539,3.0918,2.841,5.9104,2.0215,1.7853,3.4933,1.0268,2.7203,2.9134,1.8263,2.5879,4.0265,0.65267,1.9046,2.8014,1.0672,2.4313,3.0906,1.9112,1.9208,4.515,1.7042,1.6582,3.8898,0.51252,2.202,3.7502,1.1813,2.4959,3.7581,0.96115,2.0956,3.2217,2.5985,2.3282,4.3602,2.1128,2.1887,4.7306,1.4914,1.6713,3.9298,1.8955,1.9202,4.5037,1.5018,2.1972,3.2594,0.78835,2.1206,3.1312,2.4337,2.3999,4.357,1.92,2.5951,4.8299,1.8862,2.6017,4.7944,2.5854,2.3369,4.3593,1.2815,2.5158,3.9111,1.7116,2.2454,4.3283,1.9405,3.0288,3.874,0.55441,2.4691,2.522,1.5334,2.0734,4.6385,2.0557,3.0422,3.9928,0.35185,2.3946,3.378,1.662,1.5973,4.0772,0.69431,2.0473,3.0649,2.2537,2.2536,4.6645,0.70621,2.5885,3.0949,0.96395,2.104,3.2172,0.036589,2.8918,1.8697,2.014,2.0051,4.6259,2.5765,2.3417,4.3564,2.6162,2.3111,5.1345,2.0376,2.7567,4.3322,1.0804,1.8077,3.9796,4.6446,2.9434,0.52028,0.86034,2.125,3.0218,1.3051,2.0949,4.3036,1.0427,2.0996,3.476,2.2149,2.7207,4.4684,1.7147,1.5706,4.1435,1.1969,2.5466,3.1128,0.76706,2.4549,3.7518,2.0661,1.8982,3.7065,1.5734,2.4513,3.4524,1.623,2.5517,3.6022,1.6387,1.6345,4.2491,2.011,2.7606,4.4764,2.0485,2.7592,4.5211,3.4239,2.7726,6.1809,1.7159,1.5653,4.1426,1.7366,2.0032,3.4515,2.0801,2.9313,4.8855,1.1944,2.5484,3.1362,2.6152,2.442,4.9585,1.0601,2.6109,4.0627,1.5763,2.4433,3.4584,1.1594,1.8327,4.0796,1.6697,1.587,4.071,1.7231,2.0031,3.4292,0.26765,2.9354,3.3211,2.901,2.3029,4.6208,1.3114,1.9484,4.2122,1.2932,2.6624,3.4051,1.4397,2.4591,3.3414,1.8575,1.9532,3.6894,1.9437,2.4014,4.0086,1.0682,2.2907,3.1701,2.5424,2.0201,5.145,1.252,2.6617,3.3521,1.415,2.4765,3.3139,0.34721,2.936,3.3945,0.65801,1.8299,2.8547,1.6795,2.006,4.4695,1.4628,1.825,4.1355,5.4393,2.8869,1.7517,0.82047,2.1041,2.8084,1.0558,2.6266,4.0695,2.2038,2.5258,3.6177,2.5929,2.4298,4.9275,2.834,2.6859,4.5453,2.1308,2.5112,4.4912,2.3516,2.1193,4.2192,0.76398,2.0229,3.3197,0.39786,2.4555,2.9551,0.59671,2.1423,3.7065,2.3846,2.4657,4.4588,0.812,2.4527,2.9148,1.2497,1.598,4.2845,1.6868,2.0208,3.4322,6.1689,2.6833,1.92,3.3134,2.9294,0.02188,0.80698,2.4308,2.9517,1.667,1.6284,4.0748,1.5023,1.8805,3.1782,0.76688,2.4495,2.8947,2.1586,2.3404,4.9041,1.1807,2.5625,3.1182,1.0098,1.9594,3.5041,0.49387,1.9779,3.2702,1.7152,2.0157,3.4233,2.3855,2.105,4.2135,2.1743,2.1511,4.9951,1.2774,1.7103,3.8216,0.69112,1.9761,2.7734,2.1789,2.1589,5.0115,2.3448,2.2131,4.5072,1.5728,2.3633,3.9662,4.3348,2.9544,0.26086,1.9545,2.3742,4.0053,0.8287,1.9513,4.1238,1.2372,2.5985,4.249,3.6344,2.8327,6.1948,1.538,1.6317,3.2932,0.28067,2.2999,3.3517,5.1056,2.9527,1.049,0.63202,2.764,3.3391,1.3184,2.5196,3.0118,2.1432,2.1211,4.945,1.4762,2.072,4.3765,1.5267,1.6289,3.2981,1.3964,2.9212,3.373,0.50996,2.4345,2.8001,0.90175,2.4499,3.0077,0.23602,2.6109,3.3442,1.6284,2.2846,4.1477,0.51776,2.4361,2.7819,1.0351,2.2139,3.6303,1.3934,1.7868,4.2902,0.31905,2.3163,3.3818,1.5273,1.6096,3.2935,0.50581,2.4338,2.8005,3.1621,2.868,6.091,1.9716,2.5788,4.014,2.0034,2.1912,4.6197,2.5413,2.7742,5.1678,1.9019,1.9392,3.8781,1.2929,1.7774,3.7009,2.1676,2.1389,4.9834,1.3814,2.6344,3.963,1.1214,3.0689,2.956,4.7306,2.9583,0.44199,1.3148,2.6983,4.3827,1.9104,1.9335,3.8773,1.2875,2.6401,2.9122,0.49424,2.7588,3.1065,0.96807,2.8989,4.1558,0.65849,2.525,2.6515,0.68475,1.9727,2.9489,0.53544,2.409,3.3953,1.5618,2.1798,4.2651,1.3661,2.7042,4.4213,0.58802,1.9735,3.054,1.9902,1.8674,3.8063,1.1912,1.8139,3.6688,2.3488,2.6961,4.8329,1.3685,1.5839,4.1459,1.3705,2.1553,3.1606,0.61891,1.9796,3.0624,0.49407,2.4388,2.6132,1.6272,2.2945,4.1544,2.3649,2.6914,4.8704,0.60466,1.9858,3.043,1.5708,1.6977,3.3359,0.46078,3.0491,2.3567,0.62829,2.5299,2.631,2.977,2.7488,5.9709,6.0778,2.8759,2.6765,4.6776,2.9585,0.38652,2.3029,2.3798,3.6758,1.1181,3.0614,3.9222,1.3779,2.3202,3.5104,0.93982,3.068,3.7446,2.3431,2.2323,3.7707,1.1884,1.8044,3.6659,2.434,2.3504,4.5785,2.5489,2.6635,4.0485,1.2962,2.6764,4.3565,1.8989,1.9104,3.8669,1.1764,2.7428,3.6994,2.3809,2.4621,4.9917,1.6133,2.5944,3.3751,2.1648,2.2063,4.1111,0.77902,1.9118,3.3546,2.2949,2.41,3.704,2.3044,2.4013,3.692,2.2073,1.9411,4.9471,2.6246,2.2825,4.7897,2.3481,2.2378,3.7806,1.3702,1.5868,3.8562,2.3642,2.6997,4.8617,1.8981,1.919,3.8729,0.77509,2.1296,4.0152,1.5995,1.7954,4.2532,2.3708,2.6963,4.8775,1.4467,2.3871,3.2618,5.9778,2.895,2.2698,1.8484,1.792,3.5011,1.9288,2.9799,4.2369,2.0555,1.9552,4.8067,1.1527,2.5825,4.3255,1.9182,2.1438,4.8673,1.6113,1.7526,3.9635,1.6036,2.0191,3.3542,1.0612,2.7289,3.607,0.96184,2.8057,3.8478,1.419,2.436,3.8632,1.1489,2.7523,3.6634,1.828,1.7335,4.0821,0.92609,2.4574,2.8008,1.9309,2.0911,4.4099,0.17299,2.7791,2.9354,1.0701,1.947,4.2682,0.97402,2.3148,3.0611,1.6548,2.3969,4.5904,0.97171,2.0594,2.8575,0.73355,1.9801,2.7416,1.6052,1.7441,3.9669,0.93845,2.4514,2.8185,1.3646,1.5842,3.8399,2.7414,2.5788,4.6082,1.0833,2.1573,3.6117,1.1505,2.7629,3.6758,1.977,1.9819,4.4858,1.0608,1.954,4.2593,1.8599,1.6709,3.4589,1.6627,2.5127,3.9985,2.1248,2.5455,4.9028,2.1313,2.3887,3.6837,1.2196,3.0551,3.4424,1.4506,1.4753,4.2174,0.64336,2.9921,3.6468,1.6148,1.7108,4.2192,0.73671,1.9928,2.7362,0.70756,2.1949,3.9575,2.6671,2.593,4.5226,2.0081,2.1111,3.4196,1.4073,2.8775,3.5512,1.0766,2.2272,3.609,2.5438,2.0199,4.5009,1.4803,1.7272,4.4206,1.5827,2.584,3.5898,2.0577,2.3233,4.0893,2.6714,2.3553,4.962,0.48772,2.5245,3.0078
1798.9,0.13908,120.32,16.905,0.07153,503.07,1.4896,1.8269,4.1391,1.267,2.2379,4.2299,1.1968,1.9658,4.2487,2.4682,2.6461,4.2869,0.86068,2.0339,4.26,1.5175,2.5318,3.8955,3.118,2.8383,5.9571,1.1849,1.9687,4.2402,1.7421,1.6683,4.2343,1.2925,2.2282,4.2664,0.83902,2.0588,4.2074,2.9409,2.8338,4.537,5.6066,2.7388,1.3501,1.3019,2.7664,3.6876,0.92392,2.1414,3.0115,2.5069,2.0938,4.5075,1.4676,1.6477,3.9192,0.64989,2.6007,3.8462,2.022,1.7659,3.4938,1.1067,2.4097,3.1538,0.21079,2.295,3.4813,1.7737,1.6798,3.4005,1.9921,2.781,4.2749,1.7892,1.7066,3.4038,1.4515,1.6379,3.9388,0.38592,2.158,3.1578,2.082,2.3917,4.4462,1.47,1.6879,3.2035,0.82861,1.9234,2.7533,3.1041,2.8407,5.9241,2.0242,1.7874,3.4958,1.031,2.7205,2.9195,1.8275,2.5883,4.0301,0.65558,1.9091,2.8024,1.0663,2.4293,3.0953,1.9132,1.9215,4.5184,1.7074,1.6542,3.8902,0.51279,2.2019,3.7511,1.1806,2.5044,3.7559,0.95518,2.0999,3.2152,2.6063,2.332,4.3703,2.1193,2.1933,4.738,1.4938,1.6717,3.9326,1.896,1.921,4.5056,1.5034,2.1999,3.2582,0.7825,2.1266,3.1219,2.4365,2.4042,4.3637,1.9165,2.5949,4.8206,1.8795,2.6023,4.7824,2.5923,2.3427,4.371,1.2807,2.5198,3.9065,1.7159,2.2478,4.3335,1.9294,3.024,3.8618,0.56154,2.4693,2.5285,1.5307,2.0765,4.6411,2.0546,3.0387,3.9903,0.34653,2.3969,3.3705,1.6622,1.5942,4.0764,0.69169,2.0508,3.0598,2.2548,2.2552,4.6664,0.71544,2.5843,3.1076,0.95778,2.1093,3.2093,0.036194,2.8916,1.8546,2.018,2.0088,4.6324,2.5824,2.3483,4.3675,2.6082,2.3069,5.1244,2.0253,2.746,4.3191,1.0804,1.8019,3.9843,4.6466,2.9347,0.52064,0.85669,2.1258,3.0178,1.3053,2.0944,4.3092,1.0404,2.1021,3.4731,2.2032,2.7159,4.4547,1.717,1.5672,4.1417,1.2042,2.5452,3.1184,0.76915,2.4592,3.7486,2.0677,1.894,3.7019,1.5699,2.4536,3.4506,1.619,2.5553,3.6035,1.6357,1.6296,4.2486,1.9986,2.7527,4.4622,2.0408,2.7517,4.5135,3.4343,2.7708,6.1905,1.7184,1.5609,4.1403,1.7422,2.0032,3.4521,2.0763,2.9308,4.883,1.2012,2.5474,3.1451,2.6122,2.4414,4.9541,1.0642,2.612,4.0609,1.5729,2.4446,3.4575,1.1551,1.8353,4.0773,1.671,1.5814,4.0691,1.7265,2.0028,3.4263,0.26615,2.9335,3.3205,2.9056,2.3035,4.6287,1.3106,1.9484,4.2135,1.2982,2.6591,3.4154,1.4361,2.4597,3.3416,1.86,1.9487,3.6844,1.9428,2.4108,4.0116,1.064,2.2919,3.1676,2.5434,2.0163,5.1455,1.2535,2.6587,3.3584,1.4081,2.4789,3.3104,0.35609,2.934,3.4032,0.65462,1.8335,2.8452,1.6756,2.0033,4.4766,1.4621,1.8198,4.1374,5.4234,2.8843,1.7355,0.81991,2.1021,2.8112,1.0598,2.6302,4.069,2.2082,2.5261,3.6152,2.5852,2.427,4.917,2.8406,2.6829,4.5505,2.1273,2.5093,4.4863,2.3524,2.123,4.2241,0.76266,2.0289,3.3136,0.40976,2.4524,2.9679,0.5956,2.1423,3.7056,2.3841,2.46,4.4636,0.82214,2.4506,2.9251,1.2486,1.6005,4.2837,1.6841,2.0226,3.4294,6.1513,2.6817,1.9009,3.3283,2.9275,0.050201,0.81466,2.4259,2.9656,1.6677,1.6269,4.0729,1.5037,1.8827,3.1775,0.7697,2.4474,2.9007,2.1571,2.3386,4.8958,1.1858,2.5624,3.125,1.0109,1.9587,3.5042,0.48739,1.9775,3.2727,1.7176,2.0161,3.4192,2.3855,2.1093,4.2166,2.1792,2.1503,4.997,1.2753,1.7044,3.8246,0.69246,1.976,2.7761,2.1844,2.1594,5.0156,2.3492,2.2174,4.5149,1.5735,2.3726,3.9667,4.3487,2.9467,0.27419,1.9548,2.3802,4.007,0.82681,1.9501,4.1234,1.2473,2.6026,4.2544,3.6508,2.8294,6.2112,1.5391,1.6345,3.2941,0.27441,2.2999,3.3431,5.1027,2.9466,1.0469,0.64182,2.7605,3.3501,1.3255,2.5213,3.016,2.1445,2.1166,4.9409,1.4758,2.068,4.3804,1.5269,1.6295,3.2998,1.3991,2.9198,3.3741,0.51929,2.432,2.813,0.8996,2.4489,3.0102,0.23783,2.6098,3.3442,1.6313,2.2893,4.1516,0.52843,2.4346,2.7927,1.0327,2.2211,3.6254,1.3934,1.784,4.2894,0.31862,2.3183,3.3789,1.5271,1.6082,3.2945,0.51472,2.4312,2.8133,3.1853,2.8671,6.1159,1.9667,2.5763,4.0117,2.0085,2.1926,4.6242,2.5254,2.7736,5.1499,1.9034,1.9348,3.8739,1.2926,1.7717,3.7029,2.1711,2.1362,4.9833,1.3786,2.6308,3.9562,1.1188,3.0667,2.9524,4.7365,2.954,0.44644,1.3227,2.6997,4.3891,1.9119,1.9298,3.8765,1.2937,2.6408,2.9196,0.51243,2.7562,3.1275,0.97409,2.8989,4.1613,0.67148,2.5256,2.6623,0.68336,1.9784,2.9433,0.53415,2.41,3.3912,1.5613,2.1795,4.2706,1.3819,2.7062,4.4336,0.5816,1.9765,3.0445,1.9918,1.8631,3.8048,1.1907,1.8088,3.6725,2.3332,2.6918,4.812,1.3669,1.5916,4.1418,1.3673,2.1547,3.1586,0.6163,1.9841,3.0548,0.49888,2.437,2.62,1.6304,2.3017,4.1588,2.3517,2.6867,4.8544,0.59947,1.9908,3.032,1.5717,1.6955,3.3371,0.4515,3.05,2.3446,0.63546,2.5315,2.6372,2.9881,2.7488,5.984,0.06245,2.8772,2.6981,4.6795,2.9533,0.38711,2.2976,2.3754,3.6649,1.1427,3.0574,3.9499,1.3679,2.3299,3.5017,0.95276,3.0661,3.7609,2.3396,2.2316,3.7653,1.1876,1.7976,3.6695,2.4349,2.3522,4.5809,2.5438,2.6681,4.0513,1.3017,2.6757,4.3591,1.8998,1.9028,3.8617,1.1822,2.7357,3.7046,2.3714,2.4585,4.977,1.6141,2.5904,3.3866,2.1644,2.2098,4.1131,0.77731,1.9136,3.3513,2.2874,2.4106,3.6972,2.2981,2.4,3.6828,2.2116,1.9472,4.9535,2.6215,2.2814,4.7892,2.3456,2.2382,3.7768,1.3686,1.5873,3.8593,2.3501,2.6963,4.8438,1.8992,1.913,3.8684,0.77487,2.1274,4.0235,1.5991,1.7901,4.2525,2.3589,2.6924,4.8631,1.4467,2.3873,3.2617,5.9851,2.8971,2.2791,1.8476,1.791,3.5048,1.921,2.973,4.2265,2.0621,1.9561,4.8144,1.1602,2.5834,4.3336,1.9239,2.1436,4.8684,1.6109,1.7454,3.963,1.6036,2.0214,3.3493,1.0658,2.7231,3.6109,0.96664,2.8027,3.8502,1.4246,2.4424,3.8662,1.1516,2.7466,3.6641,1.8263,1.7243,4.0805,0.92813,2.4572,2.8048,1.935,2.0955,4.4145,0.18865,2.7757,2.9504,1.0674,1.9453,4.2689,0.97689,2.3124,3.0675,1.6589,2.3978,4.5917,0.96998,2.056,2.8597,0.73234,1.9776,2.7417,1.6041,1.7358,3.9667,0.94173,2.4503,2.8252,1.362,1.5837,3.8406,2.7389,2.5777,4.6067,1.0828,2.1615,3.6086,1.1544,2.7577,3.6791,1.9772,1.9815,4.4879,1.0572,1.9528,4.2592,1.8613,1.6734,3.4603,1.6627,2.5168,3.9984,2.1264,2.5441,4.8993,2.1272,2.3905,3.679,1.2279,3.052,3.4493,1.4514,1.4775,4.2149,0.64458,2.9911,3.6492,1.6138,1.7047,4.2176,0.73583,1.992,2.7357,0.71028,2.1951,3.9598,2.664,2.5914,4.521,2.0113,2.1088,3.4177,1.4116,2.8704,3.5545,1.0752,2.2336,3.604,2.5463,2.0236,4.5068,1.4785,1.7258,4.4207,1.5795,2.5826,3.5922,2.0573,2.3287,4.0924,2.6665,2.3527,4.9557,0.49447,2.5237,3.0153
1798.9,0.13908,120.32,16.905,0.080471,522.38,1.4858,1.8248,4.1355,1.2669,2.239,4.2319,1.1924,1.9629,4.2497,2.4653,2.6444,4.2865,0.86082,2.0309,4.2648,1.5173,2.5369,3.8958,3.1318,2.8377,5.9742,1.1798,1.9656,4.2409,1.7416,1.662,4.2322,1.2939,2.2282,4.2719,0.8367,2.0581,4.2066,2.9461,2.8335,4.5402,5.5948,2.7334,1.3369,1.3077,2.7567,3.6935,0.91975,2.1407,3.0098,2.5106,2.0993,4.516,1.4666,1.6446,3.9209,0.64853,2.6044,3.8411,2.0243,1.7661,3.4964,1.1075,2.4061,3.1618,0.20327,2.2961,3.4708,1.7722,1.6799,3.4022,1.9767,2.7748,4.2565,1.7898,1.7097,3.4052,1.4493,1.6339,3.9418,0.38552,2.1603,3.1535,2.0866,2.3943,4.4519,1.4691,1.6898,3.2039,0.82873,1.9276,2.7529,3.1165,2.8405,5.9381,2.027,1.7893,3.4984,1.0352,2.7206,2.9259,1.8288,2.5886,4.0336,0.65846,1.9136,2.8033,1.0653,2.4272,3.1,1.9153,1.9219,4.5217,1.7105,1.6505,3.8908,0.5131,2.2018,3.7521,1.1801,2.5123,3.7542,0.94937,2.104,3.209,2.6142,2.3357,4.3803,2.1256,2.1978,4.7452,1.4961,1.672,3.9355,1.8967,1.9218,4.5076,1.5051,2.2023,3.257,0.77648,2.1326,3.1125,2.4393,2.4084,4.3706,1.9132,2.5949,4.811,1.8731,2.6028,4.7705,2.5996,2.3484,4.3831,1.2799,2.5237,3.9018,1.7204,2.2505,4.3387,1.9189,3.0191,3.8503,0.56863,2.4696,2.5349,1.5277,2.0797,4.6431,2.0536,3.0351,3.988,0.34136,2.399,3.3633,1.6624,1.5915,4.0756,0.68905,2.0539,3.0548,2.2557,2.2566,4.6681,0.72416,2.5801,3.1199,0.95164,2.1143,3.2014,6.2009,2.8914,1.84,2.0222,2.0128,4.6391,2.5885,2.355,4.3789,2.6004,2.3027,5.1143,2.0137,2.735,4.3066,1.0804,1.7961,3.989,4.6485,2.9259,0.52091,0.85309,2.1265,3.0138,1.3055,2.094,4.3147,1.0382,2.1046,3.47,2.1921,2.711,4.4416,1.7192,1.5641,4.1398,1.2113,2.5438,3.1237,0.77122,2.4633,3.7454,2.0695,1.89,3.6975,1.5665,2.4558,3.4488,1.6153,2.5586,3.6054,1.6327,1.6251,4.2483,1.9865,2.7446,4.4485,2.0334,2.7439,4.5059,3.4446,2.7689,6.1999,1.7207,1.5565,4.1381,1.7479,2.0032,3.4529,2.073,2.9306,4.881,1.2077,2.5465,3.1534,2.6093,2.4408,4.9499,1.068,2.6131,4.0588,1.5696,2.446,3.4568,1.1507,1.8376,4.0753,1.6726,1.5762,4.0673,1.7299,2.0026,3.4236,0.26506,2.9316,3.3203,2.9099,2.3037,4.6363,1.3097,1.9484,4.2149,1.3029,2.656,3.4253,1.4327,2.4603,3.3419,1.8627,1.9443,3.6794,1.942,2.4199,4.0147,1.0599,2.2931,3.1652,2.5443,2.0128,5.1461,1.2551,2.6559,3.3646,1.4013,2.4811,3.3072,0.36488,2.932,3.4118,0.65118,1.8371,2.8358,1.6715,2.0006,4.4836,1.4614,1.8148,4.1393,5.4074,2.8815,1.7193,0.81919,2.1003,2.8137,1.0635,2.6337,4.0682,2.2125,2.5261,3.6124,2.5775,2.4241,4.9064,2.8475,2.6799,4.5559,2.1242,2.5075,4.4816,2.3533,2.127,4.2293,0.7611,2.035,3.3072,0.42175,2.4494,2.9808,0.59451,2.1423,3.7047,2.3839,2.4546,4.4686,0.83238,2.4484,2.9354,1.2475,1.6032,4.2828,1.6814,2.0245,3.4266,6.1339,2.6799,1.8821,3.3429,2.9255,0.064478,0.82171,2.421,2.9786,1.6685,1.6252,4.0711,1.5051,1.8849,3.1768,0.77224,2.4453,2.9064,2.1554,2.3366,4.8876,1.1908,2.5623,3.1318,1.012,1.9579,3.5043,0.48075,1.9772,3.2752,1.7199,2.0163,3.4152,2.3855,2.1137,4.2197,2.1841,2.1494,4.9988,1.2732,1.6987,3.8276,0.69377,1.976,2.7788,2.1897,2.1596,5.0195,2.3536,2.2216,4.5226,1.5743,2.3815,3.967,4.3615,2.939,0.2866,1.9551,2.3862,4.0089,0.82494,1.949,4.123,1.2575,2.6067,4.2597,3.6668,2.8262,6.2273,1.5404,1.6374,3.2951,0.26829,2.2999,3.3345,5.1001,2.9404,1.0452,0.65114,2.7569,3.3605,1.3324,2.523,3.02,2.1461,2.1124,4.9371,1.4752,2.0638,4.3844,1.527,1.6297,3.3016,1.4016,2.9185,3.3749,0.52858,2.4294,2.826,0.89768,2.4479,3.0128,0.23945,2.6087,3.344,1.6342,2.2942,4.1555,0.53893,2.4329,2.8032,1.0303,2.2283,3.6203,1.3934,1.7812,4.2885,0.31831,2.3202,3.3763,1.527,1.6068,3.2956,0.52348,2.4285,2.826,3.2076,2.8661,6.1397,1.9619,2.574,4.0096,2.0135,2.1938,4.6286,2.5092,2.7729,5.1315,1.9051,1.9301,3.8696,1.2923,1.7661,3.7048,2.1744,2.1334,4.9832,1.3758,2.6272,3.9495,1.1157,3.0647,2.9482,4.7422,2.9496,0.45086,1.3304,2.7009,4.3952,1.9134,1.9263,3.8758,1.2997,2.6415,2.9269,0.52986,2.7536,3.1478,0.98044,2.8987,4.1669,0.68439,2.5263,2.673,0.68216,1.984,2.9382,0.53303,2.4109,3.3875,1.5609,2.1789,4.276,1.3974,2.7081,4.4455,0.57536,1.9793,3.0352,1.9933,1.859,3.8033,1.1903,1.8037,3.6762,2.3184,2.6875,4.7919,1.3652,1.5988,4.1376,1.3642,2.1543,3.1566,0.61374,1.9886,3.0474,0.50363,2.4352,2.6269,1.6338,2.309,4.1634,2.3389,2.6819,4.8387,0.5942,1.9957,3.021,1.5725,1.6933,3.3385,0.44167,3.0509,2.3321,0.64225,2.5333,2.643,2.9995,2.7486,5.9972,0.04618,2.8784,2.7197,4.6818,2.948,0.3882,2.2927,2.371,3.6545,1.1645,3.0532,3.9748,1.358,2.3394,3.493,0.96526,3.0641,3.7769,2.3363,2.2312,3.7602,1.1868,1.7906,3.6732,2.4358,2.354,4.5831,2.5386,2.6725,4.054,1.3069,2.675,4.3616,1.9008,1.8952,3.8567,1.1875,2.7289,3.7094,2.3622,2.4552,4.9625,1.615,2.5864,3.3982,2.1641,2.2133,4.1152,0.77549,1.9156,3.3479,2.2801,2.4111,3.6904,2.2919,2.3987,3.6737,2.2159,1.9528,4.9597,2.6184,2.2804,4.7887,2.343,2.2387,3.7732,1.3671,1.5877,3.8624,2.3367,2.6929,4.8265,1.9003,1.9071,3.864,0.77473,2.1253,4.0317,1.5987,1.7849,4.2518,2.3474,2.6886,4.8492,1.4466,2.3875,3.2616,5.9922,2.8992,2.2883,1.847,1.79,3.5084,1.9132,2.966,4.2164,2.0687,1.957,4.8217,1.1674,2.5843,4.3415,1.9296,2.1435,4.8696,1.6106,1.7384,3.9627,1.6037,2.0237,3.3445,1.07,2.7178,3.6141,0.97092,2.7998,3.8521,1.43,2.4484,3.8691,1.1539,2.7412,3.6644,1.8245,1.7153,4.0791,0.93011,2.457,2.8089,1.9392,2.1001,4.4193,0.20426,2.7722,2.9654,1.0646,1.9435,4.2697,0.97934,2.3102,3.0732,1.6631,2.399,4.593,0.96813,2.0529,2.8616,0.7312,1.9754,2.7417,1.603,1.7279,3.9666,0.94485,2.4492,2.8319,1.3593,1.583,3.8414,2.7369,2.5767,4.6057,1.0824,2.1658,3.6054,1.158,2.7527,3.682,1.9773,1.9812,4.4901,1.0537,1.9515,4.2592,1.8628,1.6757,3.4619,1.6627,2.5206,3.9983,2.1278,2.543,4.8959,2.1231,2.3924,3.6742,1.2369,3.0489,3.4569,1.4522,1.4798,4.2125,0.64512,2.9902,3.651,1.6128,1.6986,4.2161,0.73499,1.9911,2.7354,0.71298,2.1953,3.962,2.661,2.5898,4.5198,2.0146,2.1064,3.416,1.4161,2.8633,3.5579,1.0734,2.2403,3.5988,2.5487,2.0274,4.5128,1.4765,1.7243,4.4209,1.5765,2.5812,3.595,2.057,2.3339,4.0955,2.6618,2.3504,4.9497,0.50111,2.5231,3.0226
1798.9,0.13908,120.32,16.905,0.089412,541.49,1.482,1.8225,4.1321,1.2669,2.2402,4.234,1.188,1.9597,4.2505,2.4625,2.6429,4.2863,0.86089,2.0281,4.2693,1.5171,2.5418,3.8961,3.1456,2.8369,5.9912,1.1747,1.9625,4.2416,1.741,1.6557,4.2303,1.2953,2.2282,4.2775,0.83445,2.0574,4.2059,2.9513,2.8332,4.5433,5.5834,2.7277,1.3239,1.3132,2.7473,3.699,0.91558,2.1401,3.008,2.5144,2.1049,4.5246,1.4655,1.6416,3.9224,0.64707,2.6081,3.8358,2.0267,1.7662,3.4991,1.1077,2.4027,3.1691,0.19573,2.2974,3.4603,1.7707,1.6799,3.4038,1.9623,2.7687,4.2391,1.7903,1.7128,3.4066,1.4472,1.6301,3.9448,0.38525,2.1624,3.1495,2.0909,2.3966,4.4572,1.4682,1.6916,3.2043,0.82889,1.9315,2.7526,3.1293,2.8402,5.9522,2.0301,1.7911,3.5011,1.0395,2.7207,2.9322,1.83,2.5891,4.0373,0.66129,1.9179,2.8044,1.0643,2.4252,3.1045,1.9172,1.9224,4.5252,1.7136,1.6468,3.8915,0.51348,2.2016,3.7532,1.1799,2.5196,3.7532,0.94369,2.1078,3.203,2.6221,2.3393,4.3901,2.1321,2.202,4.7523,1.4985,1.6726,3.9384,1.8975,1.9225,4.5095,1.5066,2.2045,3.2557,0.77031,2.1386,3.103,2.4423,2.4125,4.3774,1.9098,2.595,4.8012,1.867,2.6034,4.7588,2.6071,2.3541,4.3953,1.2791,2.5275,3.8973,1.725,2.2532,4.344,1.9092,3.0143,3.8396,0.57565,2.47,2.5412,1.5244,2.0831,4.6447,2.0528,3.0314,3.9859,0.33637,2.401,3.3563,1.6627,1.589,4.0748,0.68642,2.0571,3.05,2.2567,2.2578,4.6696,0.73233,2.5759,3.1319,0.94556,2.119,3.1937,5.4764,2.891,1.826,2.0266,2.0166,4.6458,2.595,2.3615,4.3907,2.5928,2.2984,5.1044,2.0027,2.7238,4.2949,1.0804,1.7904,3.9935,4.6502,2.9171,0.52097,0.84956,2.1272,3.01,1.3058,2.0935,4.3203,1.0359,2.1071,3.4669,2.1813,2.7062,4.4291,1.7215,1.5608,4.1381,1.2182,2.5425,3.1286,0.77327,2.4673,3.7421,2.0713,1.886,3.6932,1.5631,2.4581,3.4472,1.612,2.5616,3.6076,1.6296,1.6208,4.2477,1.975,2.7365,4.4351,2.0263,2.7361,4.4988,3.4548,2.7669,6.2092,1.7231,1.5523,4.1359,1.7537,2.0031,3.4538,2.0701,2.9303,4.8792,1.2139,2.5456,3.1615,2.6064,2.4402,4.9457,1.0717,2.6142,4.0566,1.5664,2.4472,3.456,1.1464,1.8396,4.0735,1.6741,1.5713,4.0655,1.7335,2.0022,3.421,0.26433,2.9297,3.3204,2.9142,2.3037,4.6437,1.3088,1.9484,4.2162,1.3074,2.653,3.4348,1.4294,2.4609,3.3425,1.8654,1.9399,3.6747,1.9414,2.4287,4.018,1.0559,2.2943,3.163,2.5452,2.0094,5.1468,1.2566,2.6533,3.371,1.3947,2.4832,3.304,0.37351,2.93,3.4203,0.64772,1.8405,2.8264,1.6674,1.998,4.4903,1.4606,1.81,4.141,5.3916,2.8787,1.7031,0.81833,2.0986,2.8158,1.0671,2.6373,4.0672,2.2161,2.5259,3.6093,2.5698,2.4209,4.8957,2.8545,2.6767,4.5616,2.1213,2.5061,4.4773,2.3543,2.131,4.2347,0.7593,2.0415,3.3005,0.43375,2.4463,2.9939,0.59346,2.1422,3.7039,2.3838,2.4495,4.4737,0.84274,2.4462,2.9459,1.2461,1.6059,4.2817,1.6786,2.0261,3.4237,6.1167,2.678,1.8636,3.3569,2.9236,0.080007,0.82819,2.4164,2.9911,1.6693,1.6235,4.0693,1.5064,1.887,3.1761,0.77455,2.4434,2.9119,2.154,2.3347,4.8795,1.1956,2.5623,3.1382,1.0131,1.9571,3.5044,0.47394,1.9768,3.2778,1.7221,2.0163,3.4112,2.3856,2.1181,4.2231,2.1888,2.1482,5.0003,1.2711,1.693,3.8304,0.69506,1.976,2.7814,2.1949,2.1598,5.023,2.358,2.2256,4.5302,1.575,2.39,3.9674,4.3735,2.9315,0.29822,1.9555,2.3924,4.0108,0.82308,1.9481,4.1224,1.2678,2.6106,4.2649,3.6828,2.8229,6.2468,1.5417,1.6406,3.2961,0.26228,2.2998,3.3259,5.0979,2.934,1.0443,0.65997,2.7532,3.3703,1.339,2.5246,3.0235,2.1478,2.1082,4.9336,1.4744,2.0595,4.3881,1.5272,1.6301,3.3033,1.404,2.9173,3.3757,0.53782,2.4269,2.8389,0.8959,2.4468,3.0155,0.24083,2.6075,3.3435,1.6373,2.2991,4.1595,0.54921,2.4314,2.8136,1.0277,2.2356,3.6151,1.3934,1.7785,4.2875,0.31812,2.322,3.3739,1.5269,1.6055,3.2967,0.53206,2.4259,2.8385,3.2289,2.865,6.1628,1.9572,2.5718,4.0077,2.0186,2.195,4.6329,2.4926,2.772,5.1128,1.9066,1.9254,3.8654,1.2919,1.7605,3.7068,2.1779,2.1305,4.9831,1.3731,2.6236,3.943,1.1118,3.0629,2.9434,4.7478,2.9452,0.45522,1.338,2.7022,4.4011,1.9149,1.9228,3.8752,1.3057,2.6423,2.9341,0.54654,2.7509,3.1672,0.98704,2.8982,4.1729,0.69717,2.527,2.6836,0.68112,1.9895,2.9335,0.53208,2.4116,3.384,1.5605,2.1781,4.2814,1.4126,2.7098,4.4572,0.56926,1.982,3.0259,1.9947,1.855,3.802,1.1897,1.7985,3.6799,2.3044,2.6833,4.7728,1.3635,1.6057,4.1334,1.361,2.1537,3.1547,0.61122,1.9929,3.0402,0.50831,2.4334,2.6336,1.6377,2.3166,4.1679,2.3267,2.6772,4.8234,0.58891,2.0003,3.01,1.5734,1.6913,3.3397,0.43116,3.0518,2.3188,0.64869,2.5352,2.6484,3.0111,2.7482,6.0107,0.065948,2.8794,2.7414,4.6843,2.9426,0.38975,2.288,2.3665,3.6442,1.1837,3.0488,3.9971,1.348,2.3486,3.4844,0.97684,3.0622,3.7918,2.333,2.2308,3.7551,1.1859,1.7838,3.677,2.4366,2.3557,4.585,2.5332,2.6766,4.0565,1.3122,2.6743,4.3639,1.9017,1.8877,3.8519,1.1926,2.7223,3.7138,2.3534,2.4518,4.9482,1.6159,2.5827,3.4098,2.1638,2.2171,4.1175,0.77359,1.9177,3.3443,2.273,2.4116,3.6838,2.2859,2.3975,3.6647,2.2203,1.958,4.9657,2.6152,2.2793,4.7882,2.3404,2.2394,3.7697,1.3655,1.5883,3.8655,2.3234,2.6894,4.8095,1.9015,1.9013,3.8597,0.77466,2.1232,4.0398,1.5982,1.7799,4.2511,2.3364,2.6848,4.8356,1.4464,2.3879,3.2615,5.999,2.9011,2.2971,1.8465,1.7889,3.512,1.9058,2.9591,4.2065,2.0751,1.9578,4.8289,1.1744,2.5852,4.3493,1.9353,2.1435,4.8711,1.6102,1.7317,3.9624,1.6039,2.0262,3.3399,1.0737,2.7126,3.6171,0.97479,2.7971,3.8535,1.4353,2.4543,3.8723,1.1561,2.736,3.6647,1.8228,1.7065,4.0778,0.93207,2.4569,2.8129,1.9435,2.1047,4.4243,0.21973,2.7685,2.9802,1.0617,1.9417,4.2704,0.98146,2.3082,3.0785,1.6673,2.4004,4.5944,0.96619,2.0499,2.8632,0.73012,1.9733,2.7417,1.6019,1.7203,3.9664,0.94782,2.4482,2.8384,1.3566,1.5821,3.8422,2.7351,2.5757,4.605,1.0819,2.1701,3.6019,1.1615,2.7478,3.6848,1.9774,1.9811,4.4924,1.0503,1.9504,4.2591,1.8642,1.6779,3.4634,1.6627,2.5244,3.9981,2.1291,2.5417,4.8923,2.119,2.3944,3.6694,1.2465,3.0457,3.4651,1.453,1.4823,4.2101,0.64505,2.9893,3.6521,1.6119,1.6927,4.2147,0.7342,1.9903,2.7351,0.71567,2.1957,3.9642,2.6581,2.5882,4.5187,2.0181,2.1041,3.4147,1.4205,2.8562,3.5616,1.0717,2.2472,3.5934,2.5514,2.0314,4.5192,1.4746,1.7229,4.4212,1.5739,2.5798,3.5981,2.0568,2.3391,4.0987,2.6574,2.3481,4.944,0.50765,2.5225,3.0296
1798.9,0.13908,120.32,16.905,0.098354,560.48,1.4783,1.8199,4.1288,1.2672,2.2413,4.2364,1.1834,1.9566,4.251,2.4598,2.6415,4.2862,0.86086,2.0255,4.2735,1.5169,2.5465,3.8963,3.1593,2.836,6.0081,1.1698,1.9593,4.2424,1.7406,1.6494,4.2281,1.2965,2.2281,4.2829,0.8323,2.0567,4.2053,2.9562,2.833,4.5463,5.5721,2.7218,1.3112,1.3181,2.7382,3.704,0.9114,2.1393,3.0062,2.5184,2.1103,4.5334,1.4643,1.6389,3.9239,0.64545,2.6117,3.8304,2.0291,1.7662,3.5017,1.1074,2.3997,3.1755,0.18816,2.2986,3.4496,1.7692,1.6798,3.4054,1.9487,2.7624,4.2227,1.791,1.7156,3.408,1.4452,1.6264,3.9475,0.3851,2.1645,3.1457,2.0949,2.3987,4.4621,1.4671,1.6933,3.2046,0.82905,1.9351,2.7527,3.1421,2.8398,5.9665,2.0331,1.7927,3.5038,1.044,2.7208,2.9388,1.8314,2.5896,4.0409,0.66406,1.922,2.8056,1.0631,2.423,3.1091,1.9193,1.9227,4.5286,1.7166,1.6434,3.8923,0.51393,2.2014,3.7543,1.1801,2.5266,3.7526,0.93816,2.1114,3.1971,2.6299,2.3428,4.3999,2.1384,2.206,4.7593,1.501,1.6732,3.9412,1.8985,1.9234,4.5117,1.5082,2.2066,3.2545,0.76403,2.1445,3.0935,2.4452,2.4165,4.3841,1.9064,2.5952,4.7912,1.8611,2.6038,4.7474,2.6148,2.3596,4.4079,1.2785,2.5311,3.893,1.7298,2.2559,4.3493,1.9003,3.0095,3.8297,0.58265,2.4705,2.5475,1.5208,2.0865,4.6459,2.052,3.0277,3.9837,0.33157,2.4028,3.3498,1.6629,1.5866,4.0739,0.68381,2.06,3.0451,2.2576,2.259,4.6709,0.73994,2.5719,3.1434,0.93958,2.1235,3.186,6.0509,2.8906,1.8125,2.0313,2.0206,4.6527,2.6016,2.368,4.4026,2.5855,2.2942,5.0946,1.9924,2.7125,4.2838,1.0803,1.7849,3.9979,4.6516,2.9083,0.52089,0.84608,2.1276,3.0064,1.3061,2.0932,4.3257,1.0335,2.1097,3.4638,2.1711,2.7014,4.417,1.7239,1.5577,4.1364,1.2249,2.5411,3.1333,0.7753,2.4713,3.7389,2.0729,1.8821,3.689,1.5597,2.4603,3.4457,1.609,2.5644,3.6102,1.6267,1.6169,4.2473,1.9638,2.7281,4.4222,2.0197,2.7284,4.492,3.465,2.7649,6.2184,1.7256,1.5483,4.1337,1.7596,2.0031,3.4548,2.0675,2.93,4.8777,1.2198,2.5447,3.1692,2.6036,2.4398,4.9417,1.0751,2.6152,4.0541,1.5633,2.4486,3.4556,1.142,1.8412,4.0718,1.6758,1.5666,4.0639,1.7371,2.0017,3.4187,0.26388,2.9278,3.3207,2.9184,2.3035,4.6507,1.3078,1.9484,4.2176,1.3115,2.6503,3.444,1.4262,2.4617,3.343,1.8681,1.9356,3.67,1.9408,2.4372,4.0216,1.052,2.2954,3.1607,2.546,2.0062,5.1474,1.2581,2.6509,3.3772,1.3882,2.4853,3.301,0.38192,2.9279,3.4285,0.64426,1.8438,2.8172,1.6629,1.9955,4.4967,1.46,1.8054,4.1426,5.3758,2.8758,1.687,0.81737,2.0971,2.8177,1.0703,2.6408,4.066,2.2196,2.5254,3.6057,2.5621,2.4178,4.8851,2.8619,2.6736,4.5676,2.1186,2.5048,4.4732,2.3553,2.1352,4.2402,0.7572,2.0481,3.2935,0.44577,2.4434,3.0068,0.59246,2.1421,3.703,2.3838,2.4448,4.4789,0.85322,2.4438,2.9565,1.2448,1.6086,4.2806,1.6759,2.0276,3.4209,6.0999,2.6759,1.8454,3.3705,2.9215,0.094983,0.83404,2.4118,3.0029,1.67,1.6218,4.0675,1.5078,1.889,3.1755,0.77661,2.4415,2.917,2.1527,2.3327,4.8717,1.2003,2.5623,3.1445,1.0141,1.9562,3.5044,0.46692,1.9764,3.2808,1.7245,2.0161,3.4072,2.3858,2.1226,4.2267,2.1935,2.147,5.0016,1.2688,1.6877,3.8331,0.6963,1.976,2.7839,2.2001,2.1598,5.0265,2.3622,2.2296,4.5376,1.5757,2.3984,3.9676,4.3847,2.9242,0.30933,1.9559,2.3986,4.0129,0.82123,1.9473,4.1216,1.278,2.6145,4.2701,3.6984,2.8195,0.086882,1.5431,1.6439,3.297,0.25643,2.2996,3.3174,5.096,2.9276,1.0437,0.66829,2.7496,3.3795,1.3452,2.5261,3.0269,2.1499,2.1042,4.9304,1.4735,2.0551,4.3918,1.5274,1.6303,3.305,1.4063,2.9161,3.3763,0.54701,2.4242,2.8517,0.89424,2.4457,3.0184,0.242,2.6064,3.3427,1.6404,2.3041,4.1635,0.55926,2.43,2.8238,1.025,2.2429,3.6098,1.3935,1.776,4.2864,0.31804,2.3236,3.3716,1.5267,1.6042,3.2978,0.54045,2.4233,2.8507,3.2496,2.8638,6.1851,1.9524,2.5696,4.0057,2.0236,2.196,4.637,2.4759,2.771,5.0937,1.908,1.9206,3.8612,1.2916,1.7551,3.7086,2.1813,2.1277,4.9831,1.3705,2.62,3.9367,1.1075,3.061,2.9381,4.7532,2.9406,0.45949,1.3454,2.7032,4.4068,1.9164,1.9194,3.8747,1.3115,2.6433,2.9412,0.56241,2.7482,3.1857,0.99384,2.8977,4.1791,0.70984,2.5278,2.6939,0.68027,1.9949,2.9291,0.53127,2.4124,3.3807,1.5602,2.1771,4.2867,1.4275,2.7113,4.4685,0.56327,1.9846,3.0168,1.9962,1.851,3.8007,1.1891,1.7934,3.6836,2.2912,2.6792,4.7546,1.3615,1.6123,4.1293,1.3579,2.1531,3.1529,0.60873,1.9973,3.0331,0.51292,2.4318,2.6402,1.6417,2.3243,4.1726,2.3147,2.6725,4.8086,0.58364,2.0048,2.9992,1.5742,1.6893,3.341,0.41994,3.0527,2.3048,0.65477,2.5371,2.6535,3.0228,2.7477,6.0244,0.084631,2.8804,2.7629,4.6872,2.9373,0.39181,2.2837,2.3621,3.6343,1.2004,3.0444,4.0168,1.3382,2.3574,3.476,0.98765,3.0602,3.806,2.3299,2.2304,3.7502,1.1848,1.7767,3.6808,2.4374,2.3574,4.587,2.5278,2.6804,4.0588,1.3172,2.6737,4.366,1.9027,1.8802,3.8471,1.1974,2.7158,3.7179,2.3449,2.4485,4.9344,1.6169,2.579,3.4212,2.1636,2.2211,4.1199,0.77161,1.9199,3.3405,2.2658,2.4123,3.6773,2.2799,2.3963,3.6558,2.2247,1.9627,4.9714,2.6121,2.2782,4.7875,2.3379,2.2401,3.7663,1.3639,1.5887,3.8684,2.3105,2.6859,4.7928,1.9026,1.8957,3.8555,0.77466,2.121,4.0477,1.5978,1.7749,4.2503,2.3257,2.6811,4.8226,1.4463,2.3883,3.2614,6.0056,2.9032,2.3058,1.8462,1.7879,3.5154,1.8986,2.9522,4.1969,2.0815,1.9587,4.836,1.1811,2.5861,4.357,1.9409,2.1435,4.8725,1.6099,1.7251,3.9621,1.6042,2.0287,3.3356,1.0772,2.7078,3.6196,0.97827,2.7946,3.8545,1.4403,2.4597,3.8754,1.1582,2.731,3.6646,1.821,1.698,4.0765,0.93397,2.4569,2.8168,1.9482,2.1095,4.4294,0.2351,2.7647,2.9949,1.0589,1.94,4.271,0.98327,2.3065,3.0835,1.6716,2.4018,4.5959,0.96417,2.0471,2.8645,0.7291,1.9715,2.7416,1.6008,1.7129,3.9662,0.95064,2.4472,2.8448,1.3539,1.581,3.8431,2.7337,2.5749,4.6048,1.0812,2.1748,3.5984,1.1649,2.7431,3.6874,1.9775,1.981,4.4948,1.0469,1.9492,4.2591,1.8657,1.6801,3.465,1.6627,2.5279,3.9979,2.1304,2.5406,4.8887,2.1149,2.3964,3.6644,1.2565,3.0424,3.4739,1.4538,1.4848,4.2076,0.64443,2.9884,3.6526,1.6112,1.6868,4.2133,0.73345,1.9894,2.7348,0.71833,2.196,3.9664,2.6554,2.5868,4.5178,2.0216,2.1018,3.4135,1.425,2.8492,3.5654,1.0696,2.254,3.588,2.5541,2.0353,4.5257,1.4727,1.7214,4.4216,1.5714,2.5785,3.6013,2.0567,2.3443,4.102,2.6534,2.346,4.9387,0.5141,2.5223,3.0366
1798.9,0.13908,120.32,16.905,0.1073,579.51,1.4747,1.8172,4.1258,1.2678,2.2423,4.2389,1.1789,1.9535,4.2514,2.4572,2.64,4.2862,0.86077,2.0233,4.2775,1.5169,2.5511,3.8967,3.1729,2.835,6.0249,1.1649,1.956,4.2432,1.7402,1.6431,4.226,1.2976,2.2281,4.2885,0.83023,2.0561,4.2049,2.961,2.8327,4.5493,5.561,2.7157,1.2988,1.3226,2.7294,3.7084,0.90724,2.1386,3.0043,2.5226,2.1158,4.5422,1.463,1.6364,3.9254,0.64368,2.6155,3.8247,2.0316,1.7662,3.5044,1.1064,2.397,3.1812,0.18055,2.2998,3.4388,1.7677,1.6798,3.4071,1.9361,2.7564,4.2073,1.7917,1.7182,3.4094,1.4433,1.6226,3.95,0.38506,2.1664,3.1421,2.0985,2.4006,4.4665,1.4662,1.6948,3.2049,0.82918,1.9385,2.7528,3.1551,2.8394,5.9809,2.0363,1.7942,3.5065,1.0484,2.7209,2.9452,1.8328,2.5901,4.0446,0.66679,1.926,2.8069,1.062,2.4211,3.1134,1.9214,1.9229,4.5321,1.7196,1.64,3.8932,0.51448,2.2011,3.7557,1.1806,2.533,3.7525,0.93278,2.1149,3.1915,2.6376,2.3461,4.4094,2.1446,2.2098,4.7661,1.5034,1.674,3.9438,1.8997,1.9242,4.5138,1.5098,2.2085,3.2532,0.75766,2.1504,3.0838,2.4481,2.4205,4.3908,1.903,2.5956,4.781,1.8554,2.6043,4.7361,2.6228,2.3649,4.4207,1.2778,2.5346,3.8888,1.7349,2.2588,4.3546,1.8921,3.0046,3.8206,0.58959,2.4709,2.5538,1.5172,2.0899,4.6466,2.0512,3.0239,3.9818,0.32699,2.4043,3.3436,1.6632,1.5845,4.073,0.68126,2.0627,3.0406,2.2584,2.2601,4.672,0.74701,2.5679,3.1545,0.93377,2.1278,3.1788,6.2448,2.8901,1.7996,2.0363,2.0245,4.6597,2.6086,2.3743,4.4147,2.5787,2.29,5.0852,1.9828,2.7012,4.2735,1.0803,1.7796,4.0023,4.6529,2.8995,0.52064,0.84266,2.1282,3.0029,1.3066,2.0928,4.331,1.0312,2.1123,3.4606,2.1612,2.6967,4.4056,1.7263,1.5547,4.1347,1.2313,2.5399,3.1377,0.77732,2.475,3.7356,2.0748,1.8782,3.6848,1.5563,2.4626,3.4442,1.6064,2.5671,3.6132,1.6238,1.6133,4.2467,1.9531,2.7198,4.4096,2.0134,2.7205,4.4856,3.4752,2.7626,6.2277,1.728,1.5443,4.1315,1.7657,2.003,3.456,2.065,2.93,4.8762,1.2255,2.544,3.1765,2.6009,2.4393,4.9377,1.0783,2.6162,4.0513,1.5604,2.45,3.4552,1.1378,1.8428,4.0702,1.6775,1.5622,4.0622,1.7409,2.0013,3.4164,0.26363,2.9259,3.3212,2.9224,2.3031,4.6574,1.3068,1.9484,4.219,1.3156,2.6477,3.4528,1.4232,2.4625,3.3438,1.8709,1.9312,3.6655,1.9404,2.4453,4.0253,1.0482,2.2964,3.1588,2.5467,2.003,5.1479,1.2596,2.6488,3.3836,1.3819,2.4873,3.298,0.39009,2.9258,3.4365,0.64085,1.847,2.8081,1.6583,1.9931,4.5027,1.4595,1.8009,4.1441,5.3603,2.8728,1.6709,0.81632,2.0957,2.8195,1.0734,2.6443,4.0647,2.2229,2.5244,3.6022,2.5545,2.4144,4.8745,2.8695,2.6705,4.5737,2.1162,2.5038,4.4694,2.3564,2.1396,4.246,0.75479,2.0548,3.2861,0.45779,2.4404,3.02,0.59148,2.142,3.7022,2.3836,2.4401,4.4838,0.8638,2.4415,2.9673,1.2433,1.6113,4.2795,1.673,2.0291,3.4179,6.0833,2.6736,1.8274,3.3838,2.9193,0.10949,0.83923,2.4074,3.0139,1.6708,1.6201,4.0658,1.5093,1.8911,3.1749,0.77842,2.4397,2.9218,2.1516,2.3307,4.8642,1.2047,2.5624,3.1505,1.0151,1.9552,3.5046,0.45971,1.976,3.284,1.7268,2.0157,3.4033,2.3861,2.1273,4.2304,2.198,2.1455,5.0027,1.2664,1.6825,3.8357,0.69751,1.9761,2.7863,2.205,2.1598,5.0298,2.3664,2.2335,4.545,1.5763,2.4062,3.9678,4.3954,2.9168,0.32003,1.9563,2.405,4.015,0.81942,1.9467,4.1207,1.2883,2.6183,4.2751,3.7139,2.8163,0.79927,1.5447,1.6474,3.2981,0.25073,2.2995,3.3091,5.0945,2.9212,1.0437,0.67611,2.7459,3.388,1.3512,2.5276,3.0299,2.1522,2.1003,4.9276,1.4724,2.0505,4.3956,1.5275,1.6305,3.3066,1.4084,2.9148,3.3766,0.5562,2.4218,2.8646,0.89269,2.4445,3.0212,0.24295,2.6054,3.3417,1.6436,2.309,4.1677,0.56905,2.4285,2.8336,1.0222,2.2502,3.6044,1.3936,1.7734,4.2853,0.31805,2.325,3.3697,1.5267,1.6028,3.2989,0.54863,2.421,2.8627,3.2693,2.8625,6.2063,1.9478,2.5677,4.0038,2.0285,2.1969,4.6411,2.4589,2.7699,5.0743,1.9095,1.9156,3.857,1.2911,1.7498,3.7105,2.1847,2.1248,4.9831,1.3681,2.6166,3.9307,1.1026,3.0594,2.9323,4.7584,2.936,0.46363,1.3527,2.7043,4.4124,1.918,1.9161,3.8744,1.3172,2.6441,2.9484,0.5775,2.7456,3.2034,1.0008,2.8969,4.1853,0.72236,2.5287,2.7042,0.6796,2.0001,2.9251,0.53062,2.4129,3.3777,1.56,2.176,4.2919,1.4421,2.7127,4.4795,0.55743,1.9871,3.0077,1.9977,1.8473,3.7996,1.1886,1.7883,3.6872,2.2789,2.6752,4.7375,1.3596,1.6184,4.1251,1.3546,2.1523,3.151,0.60624,2.0015,3.0261,0.51746,2.43,2.6468,1.6462,2.3322,4.1773,2.3033,2.6679,4.7942,0.57845,2.0089,2.989,1.575,1.6874,3.3424,0.40804,3.0535,2.2903,0.66047,2.5392,2.6581,3.0349,2.7469,6.0381,0.10326,2.8811,2.7843,4.6904,2.9319,0.39435,2.2796,2.3576,3.6246,1.2147,3.04,4.034,1.3285,2.3656,3.4679,0.99764,3.0583,3.8194,2.3269,2.2301,3.7453,1.1839,1.7696,3.6847,2.4381,2.3589,4.5887,2.5222,2.684,4.0609,1.3221,2.6733,4.368,1.9036,1.8728,3.8427,1.2019,2.7097,3.7217,2.3372,2.4453,4.9212,1.6176,2.5756,3.4324,2.1634,2.225,4.1224,0.76955,1.9222,3.3367,2.2589,2.4131,3.6709,2.274,2.395,3.6467,2.2291,1.9669,4.9768,2.609,2.2771,4.7869,2.3354,2.2409,3.763,1.3624,1.5892,3.8714,2.2979,2.6822,4.7766,1.9038,1.8902,3.8513,0.77474,2.1188,4.0555,1.5972,1.7701,4.2495,2.3156,2.6775,4.81,1.4461,2.3887,3.2614,6.0121,2.9051,2.3143,1.8462,1.7869,3.5188,1.8918,2.9453,4.1877,2.0879,1.9595,4.8428,1.1875,2.587,4.3645,1.9465,2.1438,4.874,1.6095,1.7188,3.9618,1.6046,2.0314,3.3314,1.0803,2.7032,3.6217,0.98144,2.7922,3.8551,1.4454,2.4649,3.8786,1.1599,2.7262,3.6644,1.8193,1.6898,4.0752,0.93583,2.4569,2.8206,1.9529,2.1144,4.4347,0.2503,2.7608,3.0095,1.056,1.9384,4.2716,0.98478,2.305,3.0879,1.6759,2.4032,4.5973,0.9621,2.0445,2.8656,0.72813,1.9697,2.7416,1.5998,1.7059,3.9661,0.95331,2.4462,2.8512,1.3513,1.5798,3.844,2.7324,2.5741,4.6048,1.0807,2.1794,3.5948,1.1681,2.7385,3.6899,1.9776,1.981,4.4972,1.0436,1.948,4.2591,1.8672,1.682,3.4665,1.6627,2.5313,3.9978,2.1317,2.5395,4.8852,2.1107,2.3985,3.6595,1.2669,3.039,3.483,1.4547,1.4873,4.2052,0.64333,2.9875,3.6528,1.6105,1.6811,4.2119,0.73273,1.9886,2.7347,0.721,2.1965,3.9686,2.6528,2.5853,4.5172,2.0252,2.0995,3.4125,1.4296,2.8422,3.5696,1.0673,2.2611,3.5822,2.5569,2.0394,4.5323,1.4708,1.7199,4.4221,1.5692,2.5771,3.6047,2.0567,2.3495,4.1053,2.6495,2.3439,4.9337,0.52045,2.5221,3.0434
1798.9,0.13908,120.32,16.905,0.11624,598.59,1.4712,1.8143,4.123,1.2686,2.2432,4.2417,1.1744,1.9504,4.2514,2.4548,2.6386,4.2865,0.8606,2.0212,4.2812,1.5168,2.5554,3.897,3.1864,2.8339,6.0414,1.1601,1.9527,4.2438,1.7398,1.6369,4.2239,1.2987,2.228,4.294,0.82825,2.0554,4.2046,2.9657,2.8323,4.5523,5.5501,2.7097,1.2868,1.3266,2.7212,3.7124,0.90307,2.1379,3.0024,2.5268,2.1212,4.5511,1.4617,1.6341,3.9268,0.6417,2.619,3.8189,2.0341,1.7662,3.507,1.1049,2.3944,3.1861,0.17288,2.301,3.4278,1.7663,1.6795,3.4088,1.9243,2.7505,4.193,1.7923,1.7207,3.4108,1.4415,1.6191,3.9523,0.38512,2.1682,3.1388,2.1021,2.4021,4.4708,1.4651,1.6964,3.2052,0.82928,1.9416,2.7531,3.1682,2.8389,5.9954,2.0395,1.7956,3.5093,1.053,2.721,2.952,1.8342,2.5907,4.0483,0.66946,1.9298,2.8082,1.0608,2.419,3.1176,1.9236,1.9232,4.5356,1.7225,1.6368,3.8941,0.51515,2.2008,3.757,1.1815,2.5391,3.753,0.92755,2.1182,3.186,2.6452,2.3492,4.4188,2.1507,2.2133,4.7727,1.5058,1.6748,3.9463,1.901,1.925,4.516,1.5113,2.2103,3.2521,0.75126,2.156,3.0743,2.4509,2.4241,4.3973,1.8996,2.5959,4.7706,1.85,2.6046,4.725,2.6309,2.3701,4.4335,1.2772,2.5379,3.8848,1.7399,2.2616,4.3599,1.8842,2.9998,3.8118,0.59651,2.4715,2.56,1.5134,2.0934,4.647,2.0506,3.0201,3.9797,0.32261,2.4058,3.3377,1.6635,1.5824,4.0722,0.67877,2.0652,3.0361,2.2591,2.2611,4.673,0.75354,2.5639,3.1653,0.92815,2.1317,3.1717,6.2472,2.8896,1.7871,2.0414,2.0286,4.6669,2.6158,2.3803,4.427,2.5723,2.2859,5.0762,1.9738,2.6898,4.2639,1.0802,1.7744,4.0065,4.6542,2.8908,0.52046,0.83931,2.1287,2.9996,1.307,2.0924,4.3363,1.0288,2.115,3.4574,2.1519,2.6921,4.3946,1.7287,1.5515,4.1332,1.2375,2.5386,3.1418,0.77931,2.4787,3.7325,2.0765,1.8745,3.6808,1.553,2.465,3.4427,1.604,2.5695,3.6165,1.6209,1.6099,4.2462,1.9429,2.7115,4.3975,2.0074,2.7128,4.4795,3.4853,2.7605,6.2368,1.7305,1.5406,4.1293,1.7716,2.003,3.4574,2.0626,2.9299,4.8748,1.231,2.5434,3.1835,2.5984,2.439,4.9339,1.0812,2.6171,4.0484,1.5575,2.4513,3.4549,1.1335,1.8441,4.0688,1.6791,1.5582,4.0605,1.7446,2.0007,3.4145,0.26359,2.924,3.3218,2.9262,2.3025,4.6638,1.3057,1.9485,4.2204,1.3194,2.6453,3.4615,1.4202,2.4633,3.3445,1.8737,1.927,3.6612,1.9401,2.4531,4.0291,1.0445,2.2975,3.1568,2.5474,1.9999,5.1485,1.261,2.6467,3.3899,1.3756,2.4893,3.2952,0.39803,2.9235,3.4443,0.63754,1.8499,2.7992,1.6535,1.9907,4.5083,1.4589,1.7966,4.1455,5.3449,2.8696,1.655,0.81521,2.0944,2.8209,1.0763,2.6476,4.0632,2.2268,2.5234,3.5992,2.5472,2.411,4.8642,2.8772,2.6672,4.5801,2.114,2.5029,4.466,2.3577,2.1441,4.2519,0.75212,2.0615,3.2783,0.46973,2.4376,3.0329,0.59056,2.1418,3.7015,2.3837,2.436,4.4889,0.87441,2.439,2.9781,1.2417,1.6141,4.2782,1.6702,2.0305,3.4149,6.067,2.6712,1.8098,3.3964,2.9171,0.1234,0.8436,2.4033,3.024,1.6714,1.6183,4.0643,1.5107,1.8931,3.1744,0.77989,2.4381,2.926,2.1507,2.3287,4.857,1.209,2.5625,3.1564,1.0161,1.9543,3.5047,0.45234,1.9756,3.2876,1.7291,2.0152,3.3993,2.3864,2.132,4.2343,2.2025,2.1441,5.0037,1.2641,1.6776,3.838,0.69865,1.9762,2.7886,2.2099,2.1595,5.0328,2.3706,2.2372,4.5521,1.5769,2.4138,3.9681,4.4055,2.9098,0.3304,1.9568,2.4113,4.0173,0.81766,1.9461,4.1198,1.2984,2.622,4.2799,3.7289,2.8131,5.909,1.5463,1.651,3.2991,0.24529,2.2992,3.301,5.0933,2.9146,1.0441,0.68338,2.7425,3.3959,1.3568,2.5291,3.0326,2.1546,2.0967,4.9251,1.4711,2.0457,4.3991,1.5277,1.6306,3.3082,1.4104,2.9138,3.3768,0.56526,2.4192,2.8773,0.89124,2.4433,3.0242,0.24371,2.6043,3.3404,1.6469,2.3142,4.1718,0.57859,2.4272,2.8434,1.0192,2.2575,3.5989,1.3937,1.771,4.284,0.31813,2.3264,3.3678,1.5265,1.6015,3.3001,0.55661,2.4186,2.8744,3.2881,2.8612,6.2261,1.9431,2.5658,4.002,2.0335,2.1976,4.6452,2.4417,2.7687,5.0546,1.9109,1.9107,3.8527,1.2906,1.7445,3.7123,2.1881,2.122,4.9831,1.3656,2.6133,3.9246,1.0974,3.0578,2.9262,4.7634,2.9314,0.46768,1.3598,2.7052,4.4177,1.9196,1.9128,3.8741,1.3228,2.645,2.9554,0.59177,2.7429,3.2201,1.0077,2.8961,4.1915,0.7347,2.5295,2.7144,0.6791,2.0052,2.9214,0.5301,2.4133,3.3749,1.5598,2.1747,4.2972,1.4561,2.714,4.49,0.55171,1.9895,2.9987,1.9991,1.8436,3.7985,1.188,1.7832,3.6909,2.2677,2.6712,4.7215,1.3575,1.6242,4.1209,1.3515,2.1516,3.1492,0.60375,2.0056,3.0192,0.52195,2.4284,2.6533,1.6509,2.3403,4.182,2.2923,2.6633,4.7802,0.57339,2.0127,2.979,1.5756,1.6856,3.3437,0.39533,3.0542,2.2748,0.66584,2.5414,2.6625,3.047,2.746,6.052,0.12181,2.8818,2.8056,4.6938,2.9267,0.39741,2.2759,2.3531,3.6154,1.2271,3.0354,4.0492,1.3192,2.3732,3.4602,1.0069,3.0563,3.8319,2.3239,2.2298,3.7406,1.1828,1.7626,3.6886,2.4386,2.3604,4.5904,2.5165,2.6873,4.0628,1.3269,2.6729,4.3697,1.9045,1.8655,3.8383,1.2062,2.7039,3.7252,2.33,2.4422,4.9085,1.6181,2.5723,3.4433,2.1633,2.2292,4.1252,0.76741,1.9247,3.3327,2.2521,2.4137,3.6645,2.2681,2.3937,3.6379,2.2333,1.9706,4.9817,2.6059,2.276,4.7863,2.3328,2.2417,3.7598,1.3608,1.5898,3.874,2.2856,2.6784,4.7607,1.905,1.8847,3.8472,0.77488,2.1165,4.0633,1.5966,1.7654,4.2488,2.3057,2.6738,4.7978,1.446,2.3891,3.2614,6.0186,2.9069,2.3227,1.8463,1.7859,3.522,1.8854,2.9383,4.1789,2.0942,1.9602,4.8494,1.1936,2.5878,4.3719,1.9521,2.1441,4.8755,1.6092,1.7127,3.9615,1.6051,2.034,3.3274,1.083,2.6989,3.6235,0.98429,2.7899,3.8554,1.4502,2.4698,3.8818,1.1616,2.7217,3.664,1.8176,1.6819,4.0741,0.93761,2.4569,2.8244,1.9578,2.1193,4.4401,0.26534,2.7566,3.0238,1.053,1.9367,4.2721,0.98606,2.3036,3.0921,1.6802,2.4048,4.5988,0.95996,2.042,2.8665,0.72719,1.9682,2.7413,1.5987,1.6992,3.966,0.95582,2.4453,2.8573,1.3486,1.5785,3.8449,2.7313,2.5736,4.6051,1.0799,2.1842,3.591,1.1712,2.734,3.6921,1.9777,1.9812,4.4998,1.0405,1.9467,4.2592,1.8688,1.684,3.468,1.6626,2.5346,3.9975,2.1328,2.5384,4.8816,2.1065,2.4007,3.6544,1.2776,3.0356,3.4924,1.4555,1.49,4.2028,0.64175,2.9868,3.6523,1.6101,1.6756,4.2106,0.73205,1.9877,2.7345,0.72363,2.1969,3.9708,2.6503,2.5839,4.5167,2.0289,2.0973,3.4117,1.4342,2.8354,3.5739,1.0649,2.2683,3.5764,2.56,2.0435,4.5392,1.4688,1.7185,4.4227,1.5671,2.5757,3.6084,2.0568,2.3546,4.1088,2.646,2.342,4.929,0.52672,2.522,3.05
1798.9,0.13908,120.32,16.905,0.12518,617.44,1.4676,1.8113,4.1203,1.2696,2.2441,4.2445,1.1699,1.9473,4.2513,2.4522,2.6373,4.2868,0.86038,2.0193,4.2847,1.5168,2.5596,3.8973,3.1996,2.8328,6.0577,1.1554,1.9494,4.2446,1.7394,1.6307,4.2217,1.2997,2.2278,4.2995,0.82636,2.0547,4.2044,2.9702,2.832,4.5551,5.5396,2.7033,1.275,1.3302,2.7133,3.7159,0.89891,2.1372,3.0004,2.5312,2.1266,4.5602,1.4603,1.632,3.9281,0.63958,2.6226,3.8129,2.0367,1.7661,3.5097,1.103,2.3922,3.1905,0.16519,2.3022,3.4167,1.7649,1.6792,3.4106,1.9133,2.7447,4.1796,1.7931,1.7231,3.4121,1.4398,1.6155,3.9544,0.38525,2.1699,3.1355,2.1054,2.4036,4.4747,1.4639,1.698,3.2054,0.82929,1.9445,2.7533,3.1814,2.8382,6.0098,2.043,1.7969,3.5122,1.0576,2.7211,2.9586,1.8357,2.5913,4.052,0.67206,1.9334,2.8095,1.0595,2.417,3.1218,1.9256,1.9234,4.539,1.7254,1.6337,3.8951,0.51594,2.2004,3.7585,1.1826,2.5447,3.7539,0.92245,2.1212,3.1806,2.6527,2.3522,4.4279,2.1569,2.2169,4.7794,1.5082,1.6758,3.9488,1.9024,1.9259,4.5182,1.5128,2.212,3.251,0.74481,2.1615,3.0648,2.4536,2.4278,4.4038,1.896,2.5963,4.76,1.8447,2.6051,4.714,2.6393,2.3752,4.4467,1.2766,2.5412,3.8808,1.7452,2.2645,4.3651,1.8767,2.995,3.8035,0.60335,2.472,2.5662,1.5094,2.0968,4.6471,2.0499,3.0163,3.9778,0.31839,2.407,3.3321,1.6638,1.5805,4.0713,0.67632,2.0677,3.0318,2.2598,2.2621,4.6739,0.75965,2.56,3.1756,0.92272,2.1355,3.1649,6.237,2.8889,1.7752,2.0468,2.0326,4.6742,2.6232,2.3861,4.4393,2.5664,2.2819,5.0676,1.9654,2.6784,4.2549,1.0801,1.7694,4.0106,4.6554,2.882,0.52031,0.83602,2.1292,2.9963,1.3076,2.0922,4.3416,1.0264,2.1178,3.4541,2.1428,2.6875,4.3841,1.7311,1.5484,4.1315,1.2436,2.5374,3.1455,0.78129,2.4823,3.7293,2.0784,1.8709,3.6769,1.5496,2.4673,3.4413,1.6019,2.5718,3.62,1.6181,1.6071,4.2455,1.9331,2.7031,4.3858,2.0019,2.7051,4.4737,3.4954,2.7581,6.246,1.733,1.537,4.1272,1.7778,2.0029,3.4588,2.0602,2.9298,4.8734,1.2361,2.5428,3.1901,2.5959,2.4386,4.9301,1.0839,2.618,4.0453,1.5546,2.4527,3.4548,1.1293,1.8452,4.0675,1.681,1.5543,4.0588,1.7485,2.0,3.4127,0.26384,2.9221,3.3227,2.9298,2.3018,4.6698,1.3046,1.9485,4.2217,1.3231,2.6432,3.4699,1.4173,2.4641,3.3455,1.8766,1.9228,3.657,1.9401,2.4605,4.0332,1.0408,2.2985,3.1549,2.5478,1.997,5.1488,1.2625,2.6447,3.396,1.3694,2.4912,3.2924,0.40575,2.9214,3.4518,0.63432,1.8526,2.7907,1.6485,1.9885,4.5134,1.4584,1.7923,4.1468,5.3298,2.8664,1.6393,0.81408,2.0932,2.8224,1.0789,2.6509,4.0614,2.231,2.5223,3.5972,2.5398,2.4076,4.8539,2.8853,2.664,4.5866,2.112,2.5022,4.4627,2.3589,2.1487,4.2578,0.74921,2.0682,3.2703,0.4817,2.4349,3.046,0.58972,2.1416,3.7007,2.384,2.4322,4.4942,0.88514,2.4364,2.9891,1.24,1.6169,4.277,1.6673,2.0317,3.4119,6.051,2.6687,1.7926,3.4085,2.9149,0.13675,0.84729,2.3994,3.0332,1.6721,1.6165,4.0627,1.5122,1.8951,3.174,0.78109,2.4366,2.9299,2.15,2.3268,4.85,1.2132,2.5627,3.1622,1.017,1.9533,3.5049,0.44488,1.9752,3.2913,1.7313,2.0145,3.3955,2.387,2.1368,4.2384,2.207,2.1424,5.0046,1.2615,1.673,3.84,0.69975,1.9764,2.7907,2.2146,2.1592,5.0357,2.3747,2.2408,4.5592,1.5774,2.4211,3.9682,4.4153,2.9028,0.34046,1.9574,2.4179,4.0196,0.81591,1.9458,4.1188,1.3085,2.6256,4.2846,3.7439,2.8099,6.2782,1.5481,1.6547,3.3001,0.24004,2.2989,3.293,5.0924,2.908,1.045,0.69019,2.7389,3.4032,1.3622,2.5306,3.035,2.1573,2.0931,4.923,1.4698,2.0409,4.4026,1.5279,1.6307,3.3099,1.4123,2.9127,3.3769,0.57421,2.4167,2.89,0.88986,2.4421,3.0272,0.24428,2.6033,3.339,1.6504,2.3194,4.1761,0.58792,2.4259,2.8528,1.0161,2.2649,3.5932,1.3937,1.7686,4.2828,0.31826,2.3277,3.3661,1.5265,1.6002,3.3011,0.56437,2.4164,2.8858,3.3063,2.8598,6.2357,1.9386,2.5639,4.0002,2.0384,2.1983,4.6491,2.4245,2.7674,5.0348,1.9123,1.9055,3.8485,1.2903,1.7394,3.7141,2.1915,2.1191,4.9832,1.3633,2.6099,3.9188,1.0918,3.0563,2.9197,4.7681,2.9266,0.47163,1.3666,2.706,4.4227,1.9214,1.9097,3.8739,1.3282,2.646,2.9623,0.60536,2.7402,3.2361,1.0147,2.8951,4.1978,0.74686,2.5304,2.7244,0.67874,2.0102,2.9181,0.52967,2.4138,3.3721,1.5597,2.1735,4.3024,1.4699,2.7151,4.5002,0.54604,1.9919,2.9896,2.0005,1.8401,3.7975,1.1873,1.7782,3.6945,2.2572,2.6675,4.7064,1.3555,1.6297,4.1168,1.3483,2.1508,3.1473,0.60125,2.0095,3.0124,0.52643,2.4267,2.6599,1.6558,2.3485,4.1866,2.2818,2.6588,4.7667,0.56843,2.0163,2.9694,1.5764,1.6839,3.3451,0.38198,3.055,2.2588,0.6709,2.5436,2.6665,3.0594,2.7449,6.0661,0.14033,2.8822,2.8269,4.6976,2.9214,0.40093,2.2723,2.3486,3.6063,1.2378,3.0308,4.0626,1.31,2.3805,3.4528,1.0154,3.0543,3.8437,2.321,2.2295,3.7359,1.1817,1.7554,3.6926,2.4391,2.3618,4.5919,2.5108,2.6903,4.0645,1.3315,2.6724,4.3712,1.9053,1.8582,3.8341,1.2103,2.6982,3.7287,2.3235,2.4393,4.8965,1.6185,2.5694,3.4537,2.1633,2.2334,4.1281,0.7652,1.9272,3.3286,2.2454,2.4145,3.6581,2.2623,2.3925,3.6289,2.2375,1.974,4.9863,2.6028,2.275,4.7856,2.3302,2.2426,3.7567,1.3592,1.5903,3.8765,2.2736,2.6745,4.745,1.9061,1.8794,3.8433,0.77508,2.1143,4.0708,1.5961,1.7608,4.248,2.2963,2.6703,4.7859,1.4459,2.3896,3.2614,6.025,2.9088,2.331,1.8466,1.7849,3.5251,1.8793,2.9315,4.1705,2.1005,1.9609,4.8559,1.1996,2.5887,4.3792,1.9577,2.1445,4.8772,1.6088,1.7068,3.9613,1.6057,2.0367,3.3237,1.0855,2.6947,3.625,0.98692,2.7879,3.8554,1.455,2.4743,3.8853,1.1632,2.7174,3.6634,1.8157,1.6743,4.073,0.93933,2.4569,2.828,1.963,2.1244,4.4456,0.28012,2.7524,3.0379,1.05,1.9349,4.2724,0.98715,2.3023,3.0959,1.6845,2.4064,4.6003,0.95782,2.0396,2.8673,0.72628,1.9669,2.7411,1.5977,1.6927,3.9659,0.95821,2.4445,2.8634,1.3458,1.577,3.846,2.7304,2.573,4.6056,1.0791,2.1891,3.5872,1.1741,2.7296,3.6942,1.9778,1.9813,4.5024,1.0375,1.9455,4.2594,1.8705,1.686,3.4696,1.6625,2.5376,3.9973,2.134,2.5374,4.8781,2.1022,2.4028,3.6493,1.2883,3.0322,3.502,1.4563,1.4926,4.2005,0.63976,2.9861,3.6514,1.6096,1.6703,4.2093,0.73139,1.9869,2.7343,0.72625,2.1974,3.9729,2.6478,2.5825,4.5164,2.0326,2.0951,3.411,1.4388,2.8287,3.5784,1.0622,2.2756,3.5704,2.5631,2.0477,4.5463,1.4669,1.7171,4.4234,1.5652,2.5745,3.6122,2.057,2.3595,4.1123,2.6426,2.3401,4.9246,0.53288,2.522,3.0565
1798.9,0.13908,120.32,16.905,0.13412,636.39,1.4643,1.8082,4.1178,1.2708,2.2448,4.2474,1.1653,1.9442,4.251,2.4498,2.6359,4.2872,0.86011,2.0177,4.2881,1.5169,2.5636,3.8977,3.2127,2.8314,6.0737,1.1508,1.9462,4.2453,1.7392,1.6245,4.2194,1.3005,2.2277,4.305,0.82455,2.0541,4.2043,2.9746,2.8316,4.558,5.5292,2.6969,1.2635,1.3334,2.7061,3.7189,0.89476,2.1364,2.9984,2.5358,2.1319,4.5692,1.4587,1.6301,3.9294,0.63724,2.6261,3.8066,2.0394,1.7661,3.5123,1.1005,2.3901,3.1941,0.15744,2.3034,3.4055,1.7634,1.6788,3.4124,1.9032,2.7391,4.1671,1.7938,1.7253,3.4134,1.4382,1.6121,3.9564,0.38547,2.1714,3.1325,2.1085,2.405,4.4784,1.4628,1.6995,3.2055,0.82924,1.9472,2.7535,3.1946,2.8375,6.0244,2.0464,1.7983,3.5152,1.0623,2.7212,2.9654,1.8372,2.592,4.0559,0.6746,1.9369,2.8109,1.0581,2.4149,3.1257,1.9278,1.9234,4.5425,1.7283,1.6308,3.8961,0.51686,2.1999,3.7602,1.184,2.5501,3.7551,0.91749,2.1241,3.1756,2.6602,2.355,4.4369,2.1631,2.2201,4.7859,1.5107,1.6767,3.9512,1.9039,1.9267,4.5204,1.5143,2.2135,3.2497,0.73841,2.1669,3.0556,2.4563,2.4312,4.41,1.8925,2.5968,4.7493,1.8396,2.6055,4.7032,2.6478,2.3801,4.46,1.2759,2.5442,3.8769,1.7506,2.2674,4.3705,1.8696,2.9902,3.7955,0.61012,2.4726,2.5723,1.5053,2.1003,4.6471,2.0493,3.0123,3.9759,0.31434,2.4082,3.3267,1.6642,1.5787,4.0705,0.67395,2.0699,3.0276,2.2604,2.2629,4.6747,0.76527,2.556,3.1856,0.91753,2.139,3.1585,6.2272,2.8882,1.7639,2.0523,2.0366,4.6815,2.6306,2.3916,4.4517,2.5609,2.2779,5.0594,1.9576,2.6674,4.2467,1.0801,1.7644,4.0147,4.6566,2.8733,0.52024,0.83281,2.1297,2.9933,1.3083,2.0919,4.3468,1.0241,2.1205,3.4508,2.1343,2.6829,4.3742,1.7336,1.5452,4.13,1.2495,2.5363,3.149,0.78324,2.4858,3.7261,2.0803,1.8672,3.673,1.5463,2.4698,3.4399,1.6001,2.574,3.6239,1.6153,1.6044,4.2448,1.9239,2.6949,4.3745,1.9966,2.6975,4.4682,3.5056,2.7556,6.2559,1.7355,1.5336,4.1251,1.784,2.0028,3.4604,2.0579,2.9298,4.8718,1.241,2.5422,3.1963,2.5936,2.4381,4.9264,1.0864,2.6187,4.042,1.5519,2.4542,3.4547,1.1252,1.8462,4.0662,1.6828,1.5508,4.0572,1.7524,1.9993,3.4111,0.26431,2.9202,3.3237,2.9334,2.301,4.6754,1.3035,1.9486,4.2231,1.3267,2.641,3.4782,1.4145,2.465,3.3464,1.8796,1.9187,3.653,1.9402,2.4676,4.0373,1.0373,2.2993,3.1533,2.5483,1.9941,5.1493,1.2639,2.6428,3.4022,1.3632,2.493,3.2897,0.41323,2.9191,3.459,0.63123,1.8551,2.7824,1.6433,1.9863,4.5179,1.4578,1.7882,4.1481,5.315,2.8632,1.6238,0.81291,2.0919,2.8237,1.0813,2.6541,4.0596,2.2353,2.5211,3.5956,2.5328,2.4041,4.8439,2.8934,2.6608,4.5934,2.1102,2.5016,4.4597,2.3603,2.1533,4.2639,0.74606,2.075,3.2621,0.49361,2.4321,3.0589,0.58895,2.1415,3.7,2.3845,2.4287,4.4997,0.89588,2.4337,3.0002,1.2382,1.6199,4.2755,1.6645,2.0329,3.4089,6.0355,2.6661,1.7758,3.42,2.9126,0.14943,0.85026,2.3958,3.0415,1.6727,1.6147,4.0612,1.5137,1.8971,3.1737,0.78203,2.4352,2.9336,2.1494,2.3249,4.8434,1.2172,2.5628,3.1677,1.0178,1.9522,3.505,0.43747,1.9749,3.2951,1.7336,2.0137,3.3917,2.3877,2.1417,4.2427,2.2113,2.1408,5.0054,1.259,1.6686,3.842,0.70079,1.9765,2.7928,2.2192,2.1587,5.0385,2.3787,2.2444,4.5662,1.578,2.4281,3.9683,4.4246,2.8959,0.35034,1.9581,2.4243,4.0219,0.81421,1.9455,4.1177,1.3184,2.6292,4.289,3.7585,2.8067,0.040565,1.55,1.6586,3.301,0.23505,2.2987,3.2853,5.0918,2.9014,1.0462,0.69647,2.7354,3.4099,1.3673,2.5321,3.0372,2.1603,2.0897,4.9213,1.4684,2.036,4.406,1.528,1.6306,3.3115,1.4141,2.9118,3.3768,0.58297,2.4141,2.9024,0.88854,2.4408,3.0302,0.24468,2.6024,3.3372,1.6538,2.3247,4.1805,0.59704,2.4245,2.8621,1.0128,2.2722,3.5873,1.3938,1.7663,4.2814,0.31844,2.329,3.3644,1.5264,1.5989,3.3023,0.57194,2.4143,2.8969,3.3236,2.8583,0.4111,1.934,2.5621,3.9984,2.0432,2.199,4.653,2.4073,2.766,5.0149,1.9137,1.9002,3.8444,1.2897,1.7343,3.7159,2.1949,2.1163,4.9833,1.3611,2.6067,3.9131,1.0859,3.0549,2.913,4.7727,2.9219,0.47552,1.3734,2.7067,4.4274,1.923,1.9065,3.8738,1.3336,2.6469,2.9693,0.61819,2.7376,3.2512,1.0217,2.894,4.204,0.75879,2.5313,2.7342,0.67852,2.015,2.9151,0.52933,2.4143,3.3696,1.5596,2.1721,4.3077,1.4831,2.7161,4.51,0.54049,1.9942,2.9807,2.002,1.8367,3.7966,1.1866,1.7731,3.6982,2.2476,2.6638,4.6925,1.3534,1.6348,4.1128,1.3451,2.1499,3.1455,0.59872,2.0133,3.0058,0.53088,2.4251,2.6663,1.6609,2.3567,4.1913,2.2718,2.6544,4.7536,0.56366,2.0195,2.9602,1.5771,1.6823,3.3465,0.36804,3.0557,2.2421,0.67563,2.5461,2.6702,3.072,2.7438,6.0804,0.15877,2.8827,2.8481,4.7016,2.9163,0.40487,2.2691,2.3442,3.5977,1.2472,3.0262,4.0743,1.3011,2.3873,3.4458,1.0229,3.0523,3.8544,2.3181,2.2293,3.7314,1.1804,1.7481,3.6967,2.4396,2.3631,4.5933,2.5051,2.6931,4.0661,1.3359,2.6721,4.3726,1.9062,1.851,3.8301,1.2142,2.6928,3.7319,2.3176,2.4365,4.8851,1.6186,2.5667,3.4636,2.1634,2.2377,4.1311,0.7629,1.9298,3.3244,2.239,2.4153,3.6518,2.2567,2.3911,3.62,2.2415,1.977,4.9905,2.5998,2.2739,4.7849,2.3276,2.2435,3.7535,1.3577,1.5911,3.8787,2.2618,2.6706,4.7297,1.9074,1.8741,3.8393,0.77533,2.1121,4.0783,1.5955,1.7562,4.2472,2.2871,2.6667,4.7744,1.4458,2.3902,3.2614,6.0314,2.9106,2.3394,1.847,1.7841,3.5282,1.8735,2.9245,4.1623,2.1067,1.9616,4.8622,1.2052,2.5895,4.3863,1.9632,2.1451,4.8788,1.6086,1.701,3.9611,1.6064,2.0395,3.32,1.0877,2.6908,3.6263,0.98934,2.7858,3.8552,1.4596,2.4787,3.8888,1.1646,2.7133,3.6627,1.8139,1.6671,4.072,0.94098,2.457,2.8315,1.9682,2.1293,4.4512,0.29469,2.7482,3.0518,1.047,1.9333,4.2727,0.98804,2.3012,3.0996,1.6888,2.4079,4.6018,0.95565,2.0373,2.8679,0.72541,1.9656,2.7409,1.5966,1.6865,3.9658,0.96045,2.4437,2.8695,1.3431,1.5755,3.8471,2.7296,2.5724,4.6062,1.0782,2.194,3.5832,1.1771,2.7255,3.6964,1.9778,1.9815,4.5052,1.0346,1.9443,4.2595,1.8721,1.6877,3.4712,1.6624,2.5405,3.9971,2.1351,2.5365,4.8745,2.098,2.405,3.6442,1.2992,3.0288,3.5117,1.4571,1.4953,4.1982,0.6374,2.9854,3.6502,1.6094,1.6652,4.208,0.73076,1.9861,2.7342,0.72883,2.198,3.975,2.6455,2.5812,4.5163,2.0363,2.0928,3.4105,1.4434,2.8222,3.5831,1.0594,2.2829,3.5642,2.5663,2.0518,4.5536,1.465,1.7158,4.4241,1.5636,2.5733,3.6161,2.0571,2.3646,4.1159,2.6394,2.3385,4.9205,0.53894,2.5221,3.0628
1798.9,0.13908,120.32,16.905,0.14306,655.22,1.461,1.8049,4.1155,1.2721,2.2455,4.2505,1.1609,1.9412,4.2506,2.4474,2.6345,4.2875,0.8598,2.016,4.2912,1.5169,2.5673,3.898,3.2255,2.83,6.0895,1.1462,1.943,4.2461,1.7388,1.6185,4.2171,1.3014,2.2275,4.3105,0.82283,2.0536,4.2043,2.9788,2.8312,4.5607,5.5192,2.6903,1.2526,1.3361,2.6993,3.7215,0.89062,2.1356,2.9965,2.5403,2.137,4.5782,1.4571,1.6284,3.9306,0.63474,2.6296,3.8001,2.042,1.7659,3.515,1.0977,2.3883,3.1971,0.14966,2.3046,3.3942,1.762,1.6784,3.4141,1.8938,2.7336,4.1556,1.7947,1.7274,3.4147,1.4367,1.6088,3.9582,0.38574,2.1729,3.1295,2.1115,2.4061,4.4818,1.4617,1.701,3.2057,0.82912,1.9496,2.7539,3.2079,2.8368,6.039,2.05,1.7994,3.5181,1.0671,2.7215,2.9721,1.8389,2.5926,4.0597,0.67706,1.9403,2.8123,1.0566,2.413,3.1295,1.93,1.9235,4.5459,1.7311,1.6279,3.8972,0.51793,2.1994,3.762,1.1856,2.5551,3.7566,0.91269,2.1269,3.1706,2.6675,2.3578,4.4457,2.1692,2.2232,4.7923,1.5131,1.6778,3.9535,1.9056,1.9275,4.5227,1.5158,2.215,3.2485,0.73208,2.1722,3.0464,2.4588,2.4345,4.4163,1.889,2.5973,4.7386,1.8347,2.6059,4.6926,2.6563,2.3848,4.4733,1.2754,2.5472,3.8732,1.7562,2.2703,4.3757,1.8628,2.9854,3.7879,0.61672,2.4732,2.5783,1.5012,2.1037,4.6467,2.0488,3.0084,3.9742,0.31047,2.4092,3.3217,1.6645,1.577,4.0696,0.67163,2.0721,3.0237,2.2609,2.2638,4.6752,0.77054,2.5522,3.1953,0.91261,2.1423,3.1523,6.218,2.8875,1.7534,2.0581,2.0405,4.6888,2.6381,2.3967,4.4639,2.5558,2.2741,5.0517,1.9506,2.6567,4.2392,1.08,1.7593,4.0186,4.6577,2.8648,0.52018,0.82972,2.1302,2.9903,1.309,2.0916,4.3518,1.0216,2.1232,3.4476,2.1259,2.6784,4.3645,1.7359,1.542,4.1283,1.2553,2.5352,3.1522,0.78518,2.4891,3.7231,2.0821,1.8637,3.6693,1.543,2.4722,3.4387,1.5984,2.5761,3.6277,1.6126,1.6021,4.2442,1.9152,2.6868,4.3639,1.9916,2.6901,4.463,3.5157,2.7532,6.265,1.7379,1.5303,4.1229,1.7902,2.0027,3.4621,2.0554,2.9297,4.8702,1.2456,2.5418,3.2022,2.5912,2.4378,4.9228,1.0887,2.6194,4.0388,1.5494,2.4556,3.4548,1.1212,1.847,4.0651,1.6847,1.5475,4.0557,1.7562,1.9985,3.4095,0.26502,2.9183,3.3249,2.9368,2.3001,4.6808,1.3024,1.9486,4.2245,1.3302,2.6391,3.4862,1.4118,2.4659,3.3474,1.8826,1.9147,3.6492,1.9404,2.4744,4.0417,1.0338,2.3002,3.1516,2.5485,1.9913,5.1495,1.2653,2.6411,3.4082,1.3572,2.4948,3.287,0.42044,2.9168,3.466,0.62827,1.8574,2.7746,1.6379,1.9842,4.5219,1.4573,1.7842,4.1493,5.3005,2.86,1.6085,0.81175,2.0908,2.8249,1.0836,2.657,4.0577,2.2401,2.5198,3.5945,2.5259,2.4006,4.834,2.9016,2.6575,4.6003,2.1086,2.5013,4.4569,2.3616,2.158,4.27,0.74266,2.0817,3.2537,0.5054,2.4295,3.0716,0.58827,2.1412,3.6995,2.385,2.4256,4.5053,0.90668,2.431,3.0113,1.2364,1.6229,4.2739,1.6618,2.034,3.4057,6.0202,2.6634,1.7594,3.4309,2.9103,0.16149,0.85265,2.3923,3.0491,1.6733,1.613,4.0597,1.5152,1.8991,3.1733,0.78281,2.4339,2.9369,2.149,2.323,4.8371,1.221,2.5632,3.1731,1.0186,1.9512,3.5051,0.43014,1.9748,3.2987,1.7359,2.0127,3.3879,2.3886,2.1466,4.2472,2.2156,2.139,5.0062,1.2566,1.6643,3.8437,0.70175,1.9767,2.7948,2.2237,2.1582,5.041,2.3826,2.2479,4.573,1.5785,2.435,3.9683,4.4337,2.8892,0.36007,1.9587,2.431,4.0244,0.81256,1.9453,4.1166,1.3283,2.6327,4.2932,3.773,2.8035,0.054435,1.552,1.6625,3.3021,0.23025,2.2984,3.2777,5.0914,2.8948,1.0478,0.70224,2.7321,3.4159,1.3722,2.5335,3.039,2.1633,2.0866,4.9198,1.4669,2.031,4.4094,1.5281,1.6305,3.3131,1.4157,2.911,3.3765,0.59153,2.4118,2.9146,0.88724,2.4395,3.0332,0.24493,2.6014,3.3354,1.6575,2.3301,4.185,0.6059,2.4233,2.8713,1.0095,2.2796,3.5814,1.3938,1.7641,4.28,0.31861,2.3301,3.3628,1.5263,1.5977,3.3035,0.57924,2.4122,2.9076,3.3404,2.8568,6.215,1.9295,2.5605,3.9968,2.048,2.1995,4.6567,2.3903,2.7644,4.995,1.9151,1.8948,3.8404,1.2893,1.7293,3.7175,2.1982,2.1135,4.9834,1.3588,2.6036,3.9074,1.0796,3.0536,2.9058,4.777,2.917,0.47938,1.3799,2.7074,4.4317,1.9249,1.9035,3.8737,1.3389,2.648,2.9763,0.63034,2.7351,3.2655,1.0286,2.8929,4.2101,0.77045,2.5323,2.7438,0.6784,2.0198,2.9123,0.52906,2.4148,3.3671,1.5596,2.1707,4.313,1.4961,2.7171,4.5193,0.53501,1.9966,2.9717,2.0034,1.8334,3.7957,1.1859,1.7679,3.7018,2.2389,2.6604,4.6797,1.3512,1.6399,4.1088,1.342,2.149,3.1438,0.59616,2.017,2.9992,0.53532,2.4235,2.6728,1.6662,2.3649,4.1958,2.2622,2.65,4.741,0.55901,2.0225,2.9513,1.5777,1.6808,3.3479,0.35337,3.0563,2.2248,0.68006,2.5485,2.6736,3.0849,2.7425,6.0949,0.17715,2.8829,2.8691,4.7057,2.9112,0.40912,2.2661,2.3398,3.5892,1.2552,3.0217,4.0848,1.2925,2.3936,3.4391,1.0295,3.0504,3.8641,2.3153,2.229,3.7267,1.1791,1.7409,3.7007,2.4399,2.3644,4.5945,2.4993,2.6957,4.0677,1.3402,2.6717,4.3738,1.907,1.8438,3.8264,1.2179,2.6876,3.735,2.312,2.4339,4.8742,1.6184,2.5643,3.4733,2.1636,2.2421,4.1344,0.76053,1.9325,3.3201,2.2325,2.4161,3.6455,2.2509,2.3898,3.6111,2.2453,1.9796,4.9943,2.5967,2.2729,4.7843,2.3251,2.2446,3.7506,1.3562,1.592,3.8806,2.2504,2.6666,4.7146,1.9086,1.8688,3.8355,0.77561,2.1098,4.0858,1.5948,1.7519,4.2464,2.2782,2.6632,4.7632,1.4458,2.3908,3.2616,6.0379,2.9122,2.3477,1.8477,1.7832,3.531,1.868,2.9176,4.1546,2.113,1.9622,4.8685,1.2105,2.5903,4.3933,1.9687,2.1456,4.8804,1.6082,1.6953,3.9609,1.6071,2.0423,3.3165,1.0898,2.6871,3.6273,0.99161,2.7839,3.8547,1.4642,2.4827,3.8924,1.1658,2.7093,3.6618,1.8122,1.66,4.0711,0.94257,2.4571,2.8349,1.9736,2.1344,4.4569,0.30898,2.7438,3.0654,1.044,1.9315,4.273,0.98881,2.3002,3.103,1.6931,2.4094,4.6032,0.95348,2.035,2.8685,0.72454,1.9645,2.7405,1.5958,1.6805,3.9657,0.96256,2.443,2.8753,1.3405,1.5738,3.8481,2.7289,2.5719,4.607,1.0772,2.1991,3.5793,1.18,2.7213,3.6985,1.978,1.9819,4.5079,1.0318,1.9432,4.2599,1.8738,1.6895,3.4728,1.6623,2.5433,3.9968,2.1362,2.5356,4.8711,2.0938,2.4072,3.639,1.31,3.0253,3.5215,1.458,1.498,4.196,0.63472,2.9847,3.6486,1.6092,1.6602,4.2067,0.73014,1.9853,2.7341,0.7314,2.1987,3.977,2.6432,2.5799,4.5163,2.0401,2.0906,3.41,1.4478,2.8158,3.5879,1.0564,2.2902,3.5579,2.5696,2.056,4.5609,1.4631,1.7146,4.425,1.5619,2.5723,3.62,2.0575,2.3696,4.1195,2.6365,2.3368,4.9166,0.54489,2.5223,3.069
1798.9,0.13908,120.32,16.905,0.152,673.99,1.4576,1.8015,4.1133,1.2736,2.2462,4.2538,1.1565,1.9382,4.25,2.4449,2.6332,4.2879,0.85943,2.0145,4.2943,1.517,2.571,3.8984,3.2381,2.8284,6.1049,1.1418,1.9399,4.2469,1.7386,1.6127,4.2147,1.3022,2.2273,4.3158,0.82119,2.053,4.2044,2.983,2.8308,4.5634,5.5095,2.6836,1.242,1.3385,2.6933,3.7236,0.88651,2.1348,2.9944,2.5448,2.142,4.5872,1.4553,1.6268,3.9319,0.63202,2.6332,3.7934,2.0448,1.7657,3.5177,1.0944,2.3867,3.1996,0.14183,2.3058,3.3828,1.7605,1.6778,3.4159,1.8852,2.7286,4.145,1.7955,1.7294,3.416,1.4351,1.6056,3.9598,0.38608,2.1743,3.1266,2.1142,2.4072,4.4849,1.4604,1.7025,3.2058,0.8289,1.952,2.7541,3.2213,2.8359,6.0536,2.0538,1.8005,3.5212,1.0718,2.7218,2.9789,1.8405,2.5933,4.0636,0.67943,1.9436,2.8137,1.055,2.411,3.1331,1.9323,1.9235,4.5494,1.7339,1.6252,3.8983,0.51916,2.1988,3.764,1.1876,2.5597,3.7585,0.90803,2.1296,3.1659,2.6747,2.3604,4.4543,2.1752,2.2263,4.7986,1.5155,1.6788,3.9557,1.9075,1.9283,4.5251,1.5173,2.2165,3.2472,0.72586,2.1772,3.0376,2.4614,2.4378,4.4223,1.8854,2.5979,4.7276,1.8301,2.6063,4.6822,2.6651,2.3893,4.4868,1.2748,2.5501,3.8693,1.7617,2.2732,4.3809,1.8565,2.9809,3.7808,0.62323,2.4738,2.5841,1.4967,2.1072,4.6461,2.0483,3.0043,3.9725,0.30672,2.41,3.3169,1.6649,1.5753,4.0687,0.66937,2.074,3.0198,2.2614,2.2646,4.6757,0.77542,2.5482,3.2046,0.90797,2.1454,3.1467,6.2094,2.8866,1.7434,2.0639,2.0445,4.6962,2.6456,2.4016,4.476,2.5512,2.2702,5.0443,1.9444,2.6463,4.2326,1.0799,1.7545,4.0226,4.6588,2.8563,0.52021,0.82671,2.1306,2.9876,1.3097,2.0913,4.3567,1.0191,2.126,3.4441,2.118,2.674,4.3554,1.7384,1.5386,4.1268,1.2608,2.5341,3.1552,0.78711,2.4924,3.7201,2.0841,1.8602,3.6656,1.5397,2.4747,3.4376,1.597,2.5782,3.632,1.6099,1.6002,4.2434,1.907,2.679,4.3537,1.9871,2.6829,4.458,3.5259,2.7506,0.20314,1.7404,1.527,4.1208,1.7965,2.0026,3.464,2.0529,2.9297,4.8683,1.25,2.5414,3.2077,2.5889,2.4374,4.9193,1.0909,2.62,4.0353,1.5468,2.4571,3.4549,1.1171,1.8477,4.0641,1.6867,1.5444,4.0541,1.7602,1.9976,3.4082,0.26592,2.9163,3.3262,2.9401,2.299,4.6858,1.3012,1.9486,4.2259,1.3335,2.6373,3.494,1.4092,2.4669,3.3485,1.8857,1.9106,3.6455,1.9409,2.4808,4.0462,1.0303,2.3011,3.15,2.5487,1.9885,5.1497,1.2668,2.6395,3.4141,1.3513,2.4966,3.2844,0.42742,2.9145,3.4726,0.62545,1.8594,2.7671,1.6325,1.982,4.5254,1.4568,1.7802,4.1504,5.2865,2.8566,1.5936,0.81055,2.0897,2.826,1.0857,2.66,4.0557,2.2449,2.5183,3.5936,2.5194,2.3971,4.8244,2.9099,2.6541,4.6072,2.1072,2.5009,4.4543,2.3631,2.1626,4.2761,0.73905,2.0883,3.2451,0.51706,2.4269,3.0843,0.58769,2.141,3.6989,2.3859,2.4228,4.511,0.91746,2.4281,3.0224,1.2344,1.626,4.2722,1.659,2.0349,3.4026,6.0053,2.6605,1.7434,3.4411,2.9079,0.17286,0.85445,2.3891,3.0558,1.6739,1.6113,4.0583,1.5167,1.901,3.1731,0.78341,2.4326,2.94,2.1488,2.3213,4.8312,1.2247,2.5635,3.1784,1.0194,1.9501,3.5053,0.42287,1.9748,3.3025,1.7383,2.0116,3.3841,2.3896,2.1515,4.2518,2.2198,2.1371,5.0069,1.2541,1.6602,3.8453,0.70266,1.9768,2.7967,2.2281,2.1576,5.0435,2.3865,2.2513,4.5796,1.5789,2.4415,3.9683,4.4425,2.8827,0.36975,1.9594,2.4376,4.027,0.81098,1.9452,4.1156,1.3378,2.6362,4.2973,3.7871,2.8004,0.069522,1.5541,1.6665,3.3032,0.22573,2.298,3.2704,5.0912,2.8883,1.0497,0.70755,2.7287,3.4214,1.3767,2.535,3.0406,2.1666,2.0834,4.9186,1.4653,2.0261,4.4128,1.5281,1.6304,3.3147,1.4173,2.9102,3.3761,0.59987,2.4093,2.9265,0.88595,2.4382,3.0362,0.24506,2.6005,3.3334,1.6613,2.3354,4.1895,0.61453,2.422,2.8802,1.0059,2.2869,3.5753,1.3939,1.7619,4.2785,0.31882,2.3311,3.3611,1.5263,1.5964,3.3047,0.58631,2.4102,2.918,3.3563,2.8552,6.2231,1.925,2.5589,3.9949,2.0528,2.2,4.6605,2.3735,2.7627,4.9751,1.9164,1.8894,3.8363,1.2889,1.7244,3.7192,2.2017,2.1107,4.9836,1.3567,2.6005,3.902,1.0731,3.0525,2.8986,4.7814,2.9122,0.48325,1.3861,2.708,4.4359,1.9267,1.9004,3.8736,1.3441,2.649,2.9831,0.6418,2.7326,3.279,1.0354,2.8916,4.2161,0.7818,2.5333,2.7532,0.6784,2.0243,2.9097,0.52884,2.4153,3.3647,1.5596,2.1692,4.3181,1.5085,2.718,4.5282,0.52968,1.9989,2.9629,2.0048,1.8303,3.7949,1.1851,1.7628,3.7054,2.2311,2.657,4.6679,1.3491,1.6447,4.1048,1.3389,2.1481,3.142,0.59358,2.0206,2.9927,0.53974,2.4218,2.6793,1.6714,2.373,4.2002,2.2531,2.6457,4.7288,0.55457,2.0252,2.943,1.5783,1.6793,3.3493,0.33837,3.0569,2.2071,0.68414,2.5511,2.6766,3.0978,2.741,6.1093,0.19529,2.883,2.8899,4.71,2.9064,0.41365,2.2634,2.3354,3.5812,1.2621,3.0172,4.094,1.2842,2.3993,3.4329,1.0351,3.0484,3.8729,2.3125,2.2289,3.7223,1.1777,1.7335,3.7049,2.4402,2.3655,4.5956,2.4935,2.6981,4.0692,1.3443,2.6715,4.3748,1.9079,1.8368,3.8227,1.2215,2.6827,3.7379,2.3073,2.4314,4.8641,1.6179,2.5622,3.4823,2.1638,2.2466,4.1378,0.7581,1.9353,3.3156,2.2262,2.4169,3.6392,2.2454,2.3884,3.6022,2.2491,1.982,4.9978,2.5937,2.2719,4.7838,2.3224,2.2457,3.7475,1.3547,1.593,3.8823,2.2391,2.6624,4.6999,1.9099,1.8637,3.8317,0.77593,2.1075,4.093,1.5942,1.7475,4.2456,2.2697,2.6596,4.7523,1.4458,2.3913,3.2618,6.0443,2.9139,2.356,1.8485,1.7823,3.5339,1.863,2.9107,4.1473,2.1192,1.9628,4.8745,1.2154,2.5909,4.4001,1.9741,2.1464,4.8821,1.608,1.6899,3.9607,1.608,2.0451,3.3131,1.0917,2.6836,3.6282,0.99368,2.782,3.8541,1.4687,2.4866,3.8962,1.167,2.7055,3.6609,1.8103,1.6532,4.0701,0.94408,2.4572,2.8383,1.9791,2.1394,4.4627,0.32294,2.7393,3.0788,1.0409,1.9297,4.2732,0.98945,2.2992,3.1063,1.6973,2.4109,4.6046,0.95131,2.0328,2.8689,0.72369,1.9635,2.7401,1.5948,1.675,3.9657,0.96453,2.4423,2.881,1.3378,1.5719,3.8492,2.7283,2.5715,4.6079,1.0762,2.2041,3.5752,1.1829,2.7173,3.7006,1.9782,1.9822,4.5108,1.0291,1.942,4.2603,1.8756,1.6913,3.4744,1.6622,2.546,3.9964,2.1373,2.5348,4.8676,2.0895,2.4095,3.6339,1.3209,3.0217,3.5314,1.4588,1.5006,4.1938,0.63176,2.9841,3.6467,1.6091,1.6555,4.2054,0.72954,1.9845,2.7341,0.73392,2.1994,3.979,2.641,2.5786,4.5164,2.0439,2.0883,3.4096,1.4522,2.8098,3.5928,1.0532,2.2974,3.5516,2.5731,2.0603,4.5684,1.4611,1.7135,4.4259,1.5604,2.5713,3.6241,2.0579,2.3745,4.1233,2.6336,2.3352,4.9128,0.55067,2.5225,3.0749
1798.9,0.13908,120.32,16.905,0.16094,692.16,1.4545,1.798,4.1112,1.2753,2.2467,4.2569,1.1523,1.9353,4.2494,2.4425,2.6318,4.2883,0.85904,2.0132,4.2972,1.5171,2.5746,3.8988,3.2503,2.8268,6.1201,1.1375,1.9368,4.2475,1.7383,1.6071,4.2124,1.3028,2.2271,4.3212,0.81965,2.0526,4.2046,2.987,2.8303,4.5658,5.5002,2.6769,1.2318,1.3405,2.6878,3.7252,0.88243,2.134,2.9924,2.5494,2.1469,4.5962,1.4537,1.6251,3.9331,0.62921,2.6367,3.7867,2.0475,1.7655,3.5204,1.0909,2.3853,3.2016,0.134,2.307,3.3714,1.7591,1.6772,3.4177,1.8776,2.7238,4.1357,1.7963,1.7313,3.4173,1.4336,1.6025,3.9614,0.38644,2.1756,3.1239,2.1168,2.4081,4.4879,1.4592,1.704,3.2058,0.82854,1.9541,2.7543,3.2348,2.835,6.0683,2.0575,1.8015,3.5245,1.0764,2.7221,2.9856,1.8423,2.5941,4.0675,0.68168,1.9467,2.815,1.0533,2.4091,3.1366,1.9347,1.9236,4.5529,1.7365,1.6226,3.8995,0.5205,2.1982,3.7661,1.1897,2.5642,3.7606,0.90351,2.1322,3.1614,2.6818,2.363,4.4627,2.1813,2.2293,4.8049,1.518,1.6798,3.9579,1.9093,1.9291,4.5273,1.5188,2.2178,3.246,0.7197,2.1823,3.029,2.4641,2.4411,4.4286,1.8816,2.5985,4.7164,1.8255,2.6067,4.672,2.6739,2.3938,4.5005,1.2742,2.553,3.8656,1.7675,2.2762,4.3862,1.8505,2.9763,3.7742,0.62955,2.4744,2.5898,1.4923,2.1107,4.6454,2.0479,3.0002,3.9709,0.30309,2.4107,3.3123,1.6653,1.5737,4.0678,0.66713,2.0757,3.0161,2.2618,2.2654,4.676,0.78012,2.5443,3.2138,0.90359,2.1484,3.1412,6.2014,2.8858,1.7341,2.0699,2.0484,4.7036,2.6531,2.406,4.4881,2.5468,2.2663,5.0373,1.9385,2.6364,4.2265,1.0798,1.7494,4.0267,4.66,2.8481,0.52029,0.8238,2.131,2.9849,1.3107,2.0911,4.3616,1.0166,2.1288,3.4407,2.1103,2.6695,4.3464,1.7408,1.535,4.1251,1.2662,2.5331,3.158,0.78905,2.4956,3.7171,2.086,1.8566,3.6621,1.5365,2.4773,3.4365,1.5958,2.5804,3.6363,1.6072,1.5985,4.2427,1.8993,2.6713,4.3439,1.9829,2.6759,4.4535,3.5361,2.7479,3.3625,1.7429,1.5238,4.1185,1.8028,2.0023,3.4659,2.0502,2.9297,4.8662,1.2541,2.541,3.213,2.5867,2.4371,4.9158,1.093,2.6207,4.0318,1.5442,2.4587,3.4551,1.1131,1.8484,4.063,1.6887,1.5414,4.0526,1.7642,1.9966,3.407,0.26707,2.9144,3.3277,2.9433,2.2979,4.6907,1.3,1.9486,4.2273,1.3366,2.6356,3.5015,1.4065,2.4679,3.3496,1.8888,1.9067,3.642,1.9414,2.4871,4.0509,1.027,2.3018,3.1485,2.5488,1.9859,5.1499,1.2682,2.6379,3.42,1.3455,2.4982,3.2818,0.43416,2.9122,3.4791,0.62274,1.8613,2.7598,1.6269,1.9799,4.5282,1.4564,1.7765,4.1515,5.2727,2.8533,1.579,0.80936,2.0886,2.8271,1.0876,2.6629,4.0536,2.2501,2.5168,3.5931,2.5131,2.3936,4.815,2.9181,2.6507,4.614,2.1059,2.5009,4.4518,2.3646,2.1673,4.2823,0.73518,2.0949,3.2364,0.52864,2.4244,3.0969,0.5872,2.1408,3.6985,2.3864,2.4199,4.5167,0.92842,2.4252,3.0337,1.2323,1.6292,4.2704,1.6561,2.0358,3.3994,5.9909,2.6576,1.7278,3.4508,2.9057,0.18359,0.8559,2.386,3.0621,1.6744,1.6093,4.0569,1.5182,1.9029,3.1729,0.78392,2.4315,2.9429,2.1487,2.3193,4.8254,1.2284,2.5639,3.1834,1.0202,1.9489,3.5055,0.41566,1.9749,3.3062,1.7406,2.0104,3.3804,2.3907,2.1565,4.2564,2.224,2.1353,5.0076,1.2515,1.6561,3.8467,0.70348,1.977,2.7985,2.2323,2.1567,5.0458,2.3903,2.2546,4.5861,1.5793,2.4479,3.9683,4.4511,2.8761,0.37925,1.9603,2.4442,4.0297,0.80942,1.9452,4.1144,1.3474,2.6396,4.3012,3.801,2.7973,0.084413,1.5563,1.6707,3.3043,0.22136,2.2978,3.2633,5.0912,2.8817,1.0518,0.71249,2.7256,3.4264,1.381,2.5364,3.0419,2.1699,2.0805,4.9175,1.4636,2.0211,4.4161,1.5282,1.6302,3.3163,1.4189,2.9095,3.3758,0.60807,2.4069,2.9383,0.88464,2.437,3.0391,0.24501,2.5995,3.3311,1.6651,2.3407,4.1941,0.62285,2.4208,2.8889,1.0022,2.2942,3.5691,1.3939,1.7597,4.2771,0.319,2.3322,3.3595,1.5262,1.5952,3.3059,0.59307,2.4083,2.928,3.3719,2.8536,0.067475,1.9205,2.5574,3.9934,2.0575,2.2004,4.6642,2.3568,2.7609,4.9553,1.9178,1.8839,3.8324,1.2884,1.7196,3.7209,2.205,2.1079,4.9838,1.3546,2.5974,3.8967,1.0664,3.0514,2.8908,4.7854,2.9074,0.48711,1.3922,2.7086,4.4398,1.9286,1.8974,3.8736,1.3491,2.6501,2.9899,0.65264,2.7301,3.2917,1.0423,2.8904,4.2221,0.79276,2.5344,2.7622,0.67846,2.0289,2.9074,0.52872,2.4159,3.3623,1.5597,2.1676,4.3233,1.5206,2.7186,4.5368,0.52442,2.001,2.9541,2.0062,1.8272,3.7943,1.1845,1.7577,3.709,2.2242,2.6539,4.6571,1.347,1.6493,4.101,1.3358,2.1471,3.1402,0.59097,2.024,2.9863,0.5441,2.4202,2.6856,1.6766,2.3809,4.2045,2.2443,2.6416,4.7171,0.55027,2.0277,2.9349,1.5791,1.678,3.3507,0.32264,3.0576,2.1889,0.68793,2.5539,2.6793,3.1108,2.7394,6.1236,0.21313,2.8831,2.9103,4.7141,2.9017,0.41832,2.2609,2.3311,3.5734,1.2681,3.0128,4.102,1.276,2.4049,3.4269,1.0392,3.0465,3.8801,2.3098,2.2286,3.7179,1.1763,1.7262,3.709,2.4404,2.3667,4.5967,2.4878,2.7002,4.0707,1.3483,2.6712,4.3757,1.9087,1.8297,3.8192,1.2251,2.6778,3.7409,2.3029,2.4293,4.8544,1.6172,2.5604,3.491,2.1641,2.2511,4.1413,0.75565,1.9381,3.3111,2.2202,2.4177,3.633,2.2399,2.3869,3.5934,2.2527,1.9841,5.001,2.5906,2.2709,4.7831,2.3199,2.2469,3.7446,1.3532,1.5939,3.8838,2.2283,2.6582,4.6856,1.9111,1.8586,3.828,0.77626,2.1052,4.1002,1.5934,1.7434,4.2448,2.2613,2.6561,4.7416,1.4459,2.392,3.2621,6.0507,2.9156,2.3641,1.8493,1.7815,3.5366,1.8584,2.9039,4.1403,2.1253,1.9634,4.8805,1.22,2.5916,4.4066,1.9795,2.147,4.8838,1.6076,1.6847,3.9605,1.6088,2.048,3.31,1.0934,2.6801,3.6289,0.99563,2.7802,3.8533,1.4731,2.4903,3.8999,1.1681,2.7018,3.6598,1.8085,1.6467,4.0693,0.94555,2.4575,2.8414,1.9846,2.1443,4.4685,0.33648,2.7347,3.0916,1.0378,1.9281,4.2734,0.99007,2.2982,3.1094,1.7015,2.4123,4.606,0.9492,2.0306,2.8694,0.72286,1.9626,2.7397,1.594,1.6695,3.9655,0.96639,2.4417,2.8866,1.3351,1.5701,3.8505,2.7277,2.5711,4.6087,1.0751,2.2092,3.571,1.1858,2.7132,3.7028,1.9784,1.9826,4.5136,1.0266,1.9408,4.2608,1.8772,1.6929,3.4762,1.6619,2.5487,3.9962,2.1386,2.5341,4.8644,2.0852,2.4117,3.6287,1.3318,3.0182,3.5412,1.4595,1.5033,4.1917,0.62852,2.9834,3.6445,1.6091,1.651,4.2042,0.72895,1.9838,2.7339,0.73641,2.2001,3.9809,2.6389,2.5774,4.5167,2.0476,2.0861,3.4094,1.4565,2.8038,3.5979,1.05,2.3046,3.5451,2.5766,2.0646,4.5761,1.4593,1.7124,4.4267,1.5589,2.5704,3.628,2.0584,2.3794,4.127,2.6309,2.3337,4.9093,0.55625,2.5229,3.0807
1798.9,0.13908,120.32,16.905,0.16988,711.06,1.4512,1.7946,4.1091,1.2772,2.2474,4.2604,1.148,1.9327,4.2486,2.4402,2.6306,4.2889,0.85861,2.0119,4.2999,1.5173,2.578,3.899,3.2624,2.8251,6.1349,1.1332,1.934,4.2481,1.7382,1.6016,4.2101,1.3034,2.2267,4.3265,0.81819,2.0521,4.205,2.9908,2.83,4.5682,5.4913,2.6702,1.2225,1.3419,2.6831,3.7263,0.87839,2.1332,2.9904,2.5541,2.1516,4.605,1.4518,1.6237,3.9342,0.62613,2.6401,3.7795,2.0502,1.7652,3.523,1.0869,2.384,3.2029,0.12607,2.308,3.3597,1.7577,1.6765,3.4194,1.8708,2.7195,4.1274,1.7972,1.7331,3.4186,1.4322,1.5997,3.9626,0.38687,2.1767,3.1214,2.1193,2.4091,4.4906,1.458,1.7055,3.2058,0.82809,1.9558,2.7545,3.2485,2.8339,6.0832,2.0615,1.8025,3.5277,1.0813,2.7224,2.9923,1.8441,2.5948,4.0716,0.68385,1.9496,2.8164,1.0515,2.4072,3.1398,1.9369,1.9235,4.5564,1.7391,1.6202,3.9007,0.52207,2.1975,3.7683,1.192,2.5684,3.7631,0.89919,2.1345,3.157,2.6888,2.3653,4.4707,2.1872,2.2321,4.8111,1.5204,1.6806,3.9598,1.9114,1.9298,4.5296,1.5203,2.2191,3.2448,0.71393,2.1869,3.0211,2.4665,2.444,4.4346,1.8778,2.5992,4.7051,1.8211,2.607,4.6617,2.6828,2.3978,4.5139,1.2735,2.5555,3.8619,1.7733,2.2791,4.3913,1.8449,2.9719,3.7681,0.63566,2.475,2.5953,1.4876,2.1142,4.6445,2.0477,2.9961,3.9695,0.29961,2.4113,3.3079,1.6657,1.5721,4.067,0.66501,2.0773,3.0126,2.262,2.2661,4.6762,0.78433,2.5403,3.2225,0.89961,2.151,3.1363,6.194,2.8849,1.7254,2.0761,2.0522,4.711,2.6604,2.4102,4.5,2.5428,2.2626,5.0309,1.9338,2.6275,4.2214,1.0797,1.7447,4.0306,4.661,2.8402,0.52038,0.82103,2.1314,2.9826,1.3115,2.0909,4.3663,1.014,2.1315,3.4373,2.1031,2.6653,4.3382,1.7431,1.5316,4.1236,1.2713,2.5321,3.1604,0.79098,2.4986,3.7142,2.0879,1.8532,3.6585,1.5335,2.4796,3.4357,1.5948,2.5824,3.6408,1.6047,1.5972,4.242,1.8923,2.664,4.3349,1.9791,2.6693,4.4493,3.5462,2.7451,0.017395,1.7454,1.5207,4.1163,1.8092,2.0021,3.468,2.0475,2.9296,4.8642,1.2582,2.5409,3.2179,2.5847,2.4368,4.9123,1.0949,2.6212,4.0281,1.5419,2.4602,3.4554,1.1092,1.8489,4.0621,1.6907,1.5387,4.0512,1.7684,1.9956,3.406,0.26817,2.9125,3.329,2.9462,2.2967,4.6952,1.2988,1.9485,4.2287,1.3395,2.6343,3.5088,1.404,2.4689,3.3508,1.892,1.9027,3.6387,1.9421,2.4928,4.0556,1.0237,2.3025,3.1471,2.5488,1.9835,5.1499,1.2697,2.6366,3.426,1.3396,2.4997,3.2793,0.44067,2.9098,3.4853,0.62022,1.863,2.7531,1.6211,1.9778,4.5306,1.456,1.7728,4.1525,5.2595,2.8499,1.5648,0.80811,2.0876,2.8281,1.0893,2.6656,4.0513,2.2556,2.5149,3.593,2.5071,2.3902,4.8062,2.9265,2.6472,4.621,2.1048,2.5008,4.4496,2.3661,2.172,4.2886,0.73108,2.1012,3.2275,0.53981,2.4219,3.109,0.58675,2.1406,3.6979,2.387,2.4172,4.522,0.93904,2.4222,3.0446,1.2301,1.6322,4.2684,1.6534,2.0365,3.396,5.9768,2.6546,1.7129,3.4596,2.9034,0.19358,0.85668,2.3831,3.0676,1.6749,1.6077,4.0556,1.5197,1.9048,3.1728,0.78434,2.4303,2.9457,2.1488,2.3177,4.8201,1.2318,2.5644,3.1883,1.0209,1.9477,3.5057,0.40853,1.9753,3.3098,1.7429,2.0091,3.3767,2.3921,2.1615,4.2615,2.228,2.1333,5.0081,1.2489,1.6522,3.848,0.70423,1.9772,2.7999,2.2366,2.1559,5.048,2.3941,2.2577,4.5925,1.5796,2.454,3.9681,4.4594,2.8699,0.38877,1.9611,2.451,4.0323,0.80797,1.9452,4.1134,1.3566,2.6428,4.305,3.8144,2.7942,0.098952,1.5585,1.6748,3.3055,0.2173,2.2975,3.2564,5.0914,2.8752,1.0543,0.7169,2.7223,3.4308,1.3851,2.5378,3.043,2.1734,2.0775,4.9166,1.462,2.016,4.4193,1.5283,1.6299,3.3178,1.4205,2.9089,3.3753,0.61596,2.4046,2.9496,0.88326,2.4358,3.0418,0.2449,2.5987,3.3289,1.669,2.3461,4.1988,0.6309,2.4198,2.8972,0.99843,2.3015,3.5627,1.3938,1.7575,4.2756,0.31914,2.333,3.3579,1.5261,1.5939,3.307,0.59957,2.4066,2.9377,3.3869,2.8519,0.050818,1.9162,2.556,3.9919,2.0621,2.2007,4.6678,2.3405,2.759,4.9358,1.919,1.8783,3.8285,1.2881,1.7149,3.7224,2.2083,2.1053,4.984,1.3526,2.5946,3.8914,1.0592,3.0504,2.8831,4.7895,2.9027,0.49103,1.3981,2.7089,4.4436,1.9304,1.8944,3.8737,1.3541,2.6511,2.9967,0.66272,2.7278,3.3036,1.0488,2.8891,4.228,0.80349,2.5354,2.7709,0.67863,2.0333,2.9054,0.52876,2.4164,3.3602,1.5597,2.1659,4.3286,1.5323,2.7194,4.5448,0.51932,2.0032,2.9454,2.0075,1.8243,3.7936,1.1836,1.7526,3.7126,2.2181,2.6512,4.6474,1.3448,1.6539,4.0972,1.3327,2.1461,3.1385,0.58832,2.0271,2.98,0.54846,2.4186,2.6921,1.6819,2.3888,4.2086,2.2361,2.6374,4.7058,0.54623,2.0299,2.9274,1.5797,1.6769,3.3522,0.30641,3.0581,2.1699,0.69138,2.5568,2.6816,3.1238,2.7377,6.1381,0.23084,2.8829,2.9307,4.7184,2.8972,0.42313,2.2588,2.3268,3.566,1.2728,3.0084,4.1086,1.2684,2.4096,3.4213,1.0422,3.0446,3.8862,2.3071,2.2285,3.7135,1.1749,1.7188,3.7132,2.4405,2.3677,4.5975,2.4822,2.7022,4.0723,1.3521,2.6709,4.3762,1.9095,1.8226,3.8159,1.2284,2.6732,3.7437,2.2991,2.4272,4.8455,1.6162,2.559,3.4991,2.1645,2.2557,4.145,0.75314,1.941,3.3066,2.2142,2.4185,3.6267,2.2344,2.3855,3.5845,2.2562,1.986,5.0039,2.5878,2.2698,4.7826,2.3172,2.248,3.7417,1.3519,1.5949,3.8851,2.2177,2.6538,4.6717,1.9123,1.8535,3.8243,0.77663,2.103,4.1072,1.5927,1.7393,4.2441,2.2533,2.6526,4.7312,1.4459,2.3926,3.2624,6.0573,2.9172,2.3725,1.8503,1.7806,3.5392,1.854,2.8971,4.1338,2.1313,1.9639,4.8862,1.2244,2.5922,4.413,1.9846,2.1477,4.8853,1.6075,1.6796,3.9604,1.6098,2.0507,3.307,1.095,2.677,3.6293,0.99742,2.7785,3.8524,1.4775,2.4935,3.9039,1.169,2.6984,3.6586,1.8066,1.6405,4.0684,0.94697,2.4577,2.8444,1.9902,2.1493,4.4743,0.34972,2.7301,3.1042,1.0347,1.9263,4.2735,0.99059,2.2973,3.1123,1.7057,2.4136,4.6072,0.94707,2.0284,2.8696,0.72204,1.9616,2.7393,1.5931,1.6645,3.9655,0.9681,2.4412,2.8919,1.3325,1.5681,3.8517,2.7271,2.5706,4.6095,1.0739,2.2143,3.5669,1.1886,2.7094,3.7049,1.9787,1.9829,4.5163,1.0242,1.9396,4.2614,1.879,1.6944,3.4777,1.6617,2.551,3.9957,2.1399,2.5334,4.8611,2.0811,2.4137,3.6235,1.3426,3.0146,3.5512,1.4602,1.5058,4.1896,0.62518,2.9828,3.6423,1.6093,1.6468,4.203,0.72837,1.9829,2.7339,0.73885,2.201,3.9827,2.6368,2.5764,4.517,2.0514,2.0839,3.4091,1.4608,2.7981,3.6031,1.0465,2.3116,3.5388,2.5803,2.0687,4.5837,1.4575,1.7115,4.4277,1.5574,2.5697,3.6321,2.0589,2.3842,4.1307,2.6285,2.3323,4.9061,0.56167,2.5232,3.0863
1798.9,0.13908,120.32,16.905,0.17882,729.48,1.4482,1.7912,4.1072,1.2792,2.2479,4.2637,1.144,1.9299,4.2477,2.4378,2.6293,4.2894,0.85814,2.0107,4.3027,1.5174,2.5812,3.8993,3.2742,2.8232,6.1495,1.1291,1.9311,4.2486,1.7381,1.5965,4.2077,1.304,2.2264,4.3317,0.81681,2.0517,4.2054,2.9945,2.8295,4.5706,5.4828,2.6635,1.2137,1.3432,2.6791,3.7271,0.87437,2.1323,2.9883,2.5586,2.1561,4.6138,1.4498,1.6224,3.9353,0.62283,2.6435,3.7722,2.0531,1.7649,3.5258,1.0827,2.383,3.2038,0.11813,2.3091,3.3481,1.7563,1.6758,3.4213,1.8647,2.7155,4.12,1.7981,1.7348,3.4199,1.4308,1.597,3.9638,0.38734,2.1778,3.1188,2.1217,2.4099,4.4932,1.4567,1.7071,3.2058,0.82752,1.9575,2.7546,3.2625,2.8328,6.0984,2.0655,1.8034,3.531,1.086,2.7228,2.9991,1.8459,2.5955,4.0756,0.68591,1.9525,2.8177,1.0494,2.4055,3.1428,1.9395,1.9235,4.5599,1.7418,1.6179,3.902,0.52377,2.1967,3.7709,1.1947,2.5721,3.7659,0.89501,2.1369,3.1529,2.6955,2.3677,4.4785,2.193,2.2349,4.8173,1.5229,1.6813,3.9617,1.9136,1.9305,4.532,1.5217,2.2202,3.2437,0.70838,2.1913,3.0135,2.4689,2.4469,4.4404,1.8739,2.5998,4.6937,1.8169,2.6074,4.6518,2.6917,2.4016,4.5274,1.2729,2.5581,3.8583,1.7792,2.2821,4.3964,1.8396,2.9677,3.7623,0.64162,2.4756,2.6006,1.483,2.1176,4.6433,2.0474,2.9919,3.968,0.29623,2.4118,3.3037,1.6662,1.5706,4.0661,0.66291,2.0787,3.0092,2.2622,2.2668,4.6762,0.7882,2.5365,3.231,0.8959,2.1535,3.1319,6.187,2.8839,1.7172,2.0825,2.056,4.7185,2.6677,2.4139,4.5115,2.5394,2.259,5.0248,1.9296,2.6192,4.2171,1.0796,1.7399,4.0344,4.6619,2.8324,0.52059,0.81831,2.1318,2.9802,1.3125,2.0907,4.3709,1.0114,2.1344,3.4338,2.0961,2.6611,4.3302,1.7456,1.5281,4.1221,1.2764,2.5312,3.1628,0.79293,2.5016,3.7113,2.09,1.8499,3.6552,1.5305,2.4822,3.435,1.594,2.5845,3.6455,1.6021,1.5961,4.2412,1.8856,2.6569,4.3261,1.9757,2.6628,4.4453,3.5563,2.7422,0.018992,1.7481,1.5175,4.114,1.8156,2.0018,3.4702,2.0444,2.9295,4.8616,1.262,2.5407,3.2226,2.5826,2.4365,4.909,1.0967,2.6217,4.0244,1.5394,2.4617,3.4557,1.1054,1.8493,4.0613,1.6929,1.536,4.0497,1.7725,1.9945,3.4051,0.26944,2.9105,3.3305,2.9491,2.2954,4.6994,1.2975,1.9484,4.2301,1.3424,2.633,3.5159,1.4015,2.4699,3.3521,1.8951,1.8989,3.6356,1.9429,2.4982,4.0604,1.0205,2.3032,3.1458,2.5487,1.9811,5.1499,1.2712,2.6352,3.4318,1.334,2.5013,3.2767,0.44702,2.9074,3.4914,0.61783,1.8645,2.7466,1.6153,1.9757,4.5325,1.4555,1.7692,4.1535,5.2465,2.8466,1.5508,0.80688,2.0866,2.829,1.0909,2.6683,4.0489,2.2611,2.513,3.593,2.5016,2.387,4.7977,2.9347,2.6438,4.6279,2.1037,2.5009,4.4475,2.3677,2.1766,4.2949,0.72689,2.1074,3.2187,0.55073,2.4195,3.1208,0.58641,2.1404,3.6975,2.3879,2.4148,4.5275,0.94942,2.4193,3.0553,1.2277,1.6354,4.2662,1.6505,2.0372,3.3928,5.9632,2.6515,1.6982,3.4679,2.901,0.2028,0.8569,2.3804,3.0722,1.6754,1.606,4.0543,1.5212,1.9067,3.1727,0.78469,2.4291,2.9484,2.1492,2.316,4.8151,1.2351,2.565,3.193,1.0216,1.9465,3.506,0.40144,1.9757,3.3133,1.7454,2.0077,3.3731,2.3937,2.1664,4.2666,2.232,2.1312,5.0087,1.2462,1.6485,3.849,0.70486,1.9773,2.8013,2.2406,2.1549,5.0501,2.3977,2.2609,4.5987,1.5799,2.4598,3.9678,4.4677,2.8637,0.39831,1.962,2.4577,4.0352,0.80659,1.9452,4.1124,1.3656,2.646,4.3083,3.8276,2.7911,0.11324,1.5609,1.679,3.3067,0.21356,2.2972,3.2498,5.0919,2.8688,1.0572,0.72099,2.7193,3.4348,1.3888,2.5392,3.0439,2.1768,2.0746,4.9159,1.4602,2.011,4.4225,1.5283,1.6296,3.3193,1.422,2.9084,3.3748,0.62357,2.4023,2.9605,0.88186,2.4346,3.0446,0.24472,2.5978,3.3264,1.673,2.3513,4.2034,0.63877,2.4188,2.9054,0.99448,2.3088,3.5561,1.3938,1.7554,4.274,0.31926,2.3339,3.3562,1.5261,1.5926,3.3083,0.60581,2.405,2.9469,3.4013,2.8502,0.066286,1.912,2.5546,3.9904,2.0667,2.201,4.6713,2.3246,2.7568,4.9166,1.9202,1.8726,3.8249,1.2877,1.7104,3.724,2.2116,2.1026,4.9843,1.3505,2.5918,3.8863,1.052,3.0495,2.8751,4.7933,2.898,0.49502,1.4036,2.7092,4.4469,1.9323,1.8914,3.8738,1.3589,2.6522,3.0035,0.6722,2.7255,3.3147,1.0554,2.8876,4.2337,0.81389,2.5364,2.7795,0.67891,2.0376,2.9036,0.52882,2.417,3.3581,1.5598,2.1642,4.3338,1.5434,2.72,4.5525,0.51437,2.0053,2.9369,2.0088,1.8214,3.7931,1.1828,1.7475,3.716,2.2127,2.6485,4.6386,1.3426,1.6583,4.0935,1.3296,2.145,3.1367,0.58564,2.0302,2.9738,0.55279,2.417,2.6985,1.687,2.3964,4.2124,2.2282,2.6335,4.6949,0.5424,2.0319,2.9203,1.5804,1.6758,3.3536,0.28995,3.0586,2.1509,0.6945,2.5598,2.6835,3.1366,2.7359,6.1524,0.24814,2.8827,2.9505,4.7225,2.893,0.42806,2.257,2.3227,3.559,1.277,3.0041,4.1146,1.261,2.4139,3.4163,1.0445,3.0427,3.8914,2.3044,2.2284,3.7092,1.1735,1.7113,3.7172,2.4406,2.3686,4.5982,2.4766,2.7039,4.0737,1.3556,2.6706,4.3767,1.9103,1.8157,3.8128,1.2316,2.6689,3.7464,2.2959,2.4254,4.8371,1.615,2.5577,3.5068,2.1649,2.2602,4.1488,0.75066,1.9439,3.3021,2.2084,2.4193,3.6205,2.2291,2.3839,3.5756,2.2594,1.9877,5.0066,2.5848,2.2688,4.7821,2.3145,2.2493,3.7388,1.3505,1.5958,3.8861,2.2074,2.6495,4.658,1.9136,1.8485,3.8208,0.77701,2.1006,4.1141,1.5919,1.7354,4.2433,2.2456,2.6492,4.7211,1.4461,2.3932,3.2627,6.0639,2.9187,2.3808,1.8514,1.7798,3.5419,1.8501,2.8903,4.1277,2.1372,1.9643,4.8917,1.2284,2.5928,4.4191,1.9897,2.1485,4.8868,1.6072,1.6748,3.9602,1.6108,2.0536,3.3041,1.0963,2.6739,3.6296,0.99902,2.7769,3.8513,1.4817,2.4966,3.9078,1.1699,2.6952,3.6574,1.8048,1.6346,4.0677,0.94835,2.458,2.8475,1.9958,2.1541,4.4801,0.36252,2.7254,3.1163,1.0315,1.9246,4.2735,0.99109,2.2965,3.1153,1.7097,2.4147,4.6084,0.94495,2.0264,2.8698,0.72121,1.9608,2.7389,1.5923,1.6598,3.9655,0.96967,2.4408,2.897,1.3297,1.566,3.8529,2.7265,2.5702,4.6103,1.0726,2.2194,3.5627,1.1914,2.7057,3.707,1.979,1.9834,4.5193,1.0218,1.9384,4.2619,1.8808,1.6959,3.4793,1.6615,2.5535,3.9953,2.1412,2.5327,4.8581,2.0769,2.416,3.6184,1.3534,3.011,3.561,1.4609,1.5084,4.1875,0.62161,2.9822,3.6396,1.6095,1.6428,4.2018,0.7278,1.9822,2.7338,0.74123,2.2019,3.9845,2.6347,2.5753,4.5175,2.0551,2.0817,3.409,1.465,2.7927,3.6084,1.0431,2.3186,3.5324,2.584,2.0729,4.5915,1.4558,1.7109,4.4287,1.5561,2.5691,3.6361,2.0594,2.3889,4.1345,2.626,2.331,4.9029,0.56692,2.5237,3.0916
1798.9,0.13908,120.32,16.905,0.18777,747.61,1.4452,1.7878,4.1052,1.2811,2.2484,4.2671,1.14,1.9274,4.2467,2.4356,2.628,4.2901,0.85764,2.0096,4.3051,1.5176,2.5843,3.8995,3.2856,2.8212,6.1636,1.125,1.9283,4.2491,1.738,1.5913,4.2053,1.3045,2.226,4.337,0.8155,2.0514,4.2059,2.9979,2.829,4.5727,5.4748,2.6568,1.2056,1.3441,2.6754,3.7276,0.8704,2.1313,2.9863,2.5632,2.1605,4.6224,1.4479,1.621,3.9365,0.61944,2.6469,3.7647,2.0558,1.7645,3.5284,1.0782,2.3821,3.2043,0.11019,2.3102,3.3365,1.7549,1.6749,3.4232,1.8591,2.7116,4.1134,1.7989,1.7365,3.4213,1.4293,1.5946,3.9649,0.38784,2.179,3.1163,2.1239,2.4106,4.4955,1.4553,1.7086,3.2058,0.82685,1.9589,2.7546,3.2764,2.8316,6.1136,2.0696,1.8042,3.5344,1.0909,2.7233,3.0058,1.8479,2.5962,4.0797,0.68784,1.9552,2.8188,1.0473,2.4038,3.1456,1.942,1.9234,4.5633,1.7443,1.6159,3.9033,0.52559,2.1959,3.7735,1.1973,2.5758,3.7687,0.89094,2.1391,3.1488,2.702,2.3699,4.4861,2.1989,2.2376,4.8234,1.5253,1.682,3.9634,1.9157,1.9312,4.5342,1.5233,2.2215,3.2425,0.70304,2.1956,3.0064,2.4712,2.4497,4.4463,1.8699,2.6006,4.6822,1.8127,2.6078,4.6419,2.7008,2.4053,4.5411,1.2722,2.5606,3.8547,1.7853,2.285,4.4016,1.8345,2.9635,3.7567,0.64736,2.4762,2.6058,1.4781,2.1211,4.6419,2.0471,2.9878,3.9664,0.29289,2.4121,3.2995,1.6667,1.569,4.0652,0.66084,2.0801,3.0059,2.2623,2.2674,4.6762,0.79179,2.5326,3.2392,0.89244,2.1557,3.1277,6.1807,2.883,1.7097,2.0888,2.0596,4.7259,2.6749,2.4174,4.5229,2.5361,2.2554,5.0191,1.926,2.6116,4.2132,1.0796,1.7351,4.0383,4.6629,2.825,0.52091,0.8157,2.1323,2.9781,1.3135,2.0905,4.3755,1.0088,2.1372,3.4304,2.0894,2.657,4.3225,1.748,1.5245,4.1205,1.2814,2.5303,3.1649,0.79491,2.5044,3.7086,2.092,1.8465,3.6518,1.5276,2.4846,3.4346,1.5934,2.5865,3.6503,1.5996,1.5953,4.2404,1.8793,2.65,4.3177,1.9725,2.6566,4.4416,3.5662,2.7393,0.025297,1.7507,1.5144,4.1117,1.822,2.0015,3.4724,2.0412,2.9295,4.8588,1.2657,2.5405,3.2271,2.5806,2.4362,4.9057,1.0984,2.6223,4.0207,1.5371,2.4633,3.4562,1.1017,1.8496,4.0605,1.695,1.5334,4.0483,1.7767,1.9932,3.4044,0.27089,2.9086,3.3321,2.9519,2.294,4.7034,1.2962,1.9482,4.2316,1.3452,2.6317,3.5229,1.3991,2.4711,3.3534,1.8984,1.8952,3.6326,1.9438,2.5034,4.0652,1.0173,2.3039,3.1445,2.5485,1.979,5.1499,1.2728,2.6339,3.4377,1.3282,2.5028,3.2744,0.45319,2.905,3.4971,0.61555,1.8659,2.7405,1.6092,1.9736,4.534,1.4551,1.7657,4.1544,5.2339,2.8433,1.5372,0.80568,2.0857,2.8299,1.0924,2.6708,4.0464,2.267,2.511,3.5931,2.4963,2.3838,4.7896,2.9429,2.6404,4.6345,2.1028,2.501,4.4455,2.3693,2.1813,4.3011,0.72255,2.1132,3.2097,0.56141,2.4172,3.1322,0.58619,2.1402,3.6972,2.3888,2.4127,4.533,0.95961,2.4165,3.0658,1.2255,1.6386,4.2641,1.6477,2.0378,3.3895,5.95,2.6484,1.6842,3.4753,2.8989,0.21125,0.85668,2.378,3.0762,1.676,1.6044,4.053,1.5228,1.9087,3.1727,0.78498,2.4279,2.951,2.1496,2.3144,4.8103,1.2383,2.5656,3.1976,1.0223,1.945,3.5063,0.39437,1.9765,3.3167,1.7479,2.0062,3.3696,2.3953,2.1714,4.2719,2.236,2.1292,5.0093,1.2436,1.6448,3.8499,0.7054,1.9773,2.8026,2.2445,2.1537,5.052,2.4012,2.2638,4.6047,1.5801,2.4655,3.9676,4.4757,2.8578,0.40771,1.963,2.4645,4.038,0.80525,1.9452,4.1114,1.3745,2.6491,4.3115,3.8404,2.7881,0.12726,1.5632,1.6833,3.308,0.20999,2.297,3.2435,5.0926,2.8625,1.0601,0.72478,2.7164,3.4385,1.3923,2.5407,3.0445,2.1803,2.0719,4.9152,1.4584,2.006,4.4256,1.5284,1.6294,3.3209,1.4236,2.9079,3.3742,0.63094,2.4001,2.9712,0.88035,2.4334,3.0471,0.24439,2.5969,3.3238,1.6771,2.3566,4.2082,0.64642,2.4177,2.9133,0.99039,2.316,3.5495,1.3937,1.7534,4.2724,0.31934,2.3347,3.3544,1.526,1.5912,3.3096,0.6118,2.4034,2.9559,3.4153,2.8484,0.081472,1.9078,2.5533,3.989,2.0714,2.2013,4.6748,2.3091,2.7547,4.8977,1.9215,1.8669,3.8213,1.2873,1.706,3.7255,2.2148,2.1,4.9845,1.3486,2.5891,3.8813,1.0446,3.0486,2.8669,4.797,2.8933,0.49904,1.4091,2.7095,4.45,1.9344,1.8885,3.8739,1.3638,2.6533,3.0102,0.68107,2.7233,3.3251,1.0619,2.8862,4.2395,0.82396,2.5375,2.7879,0.67923,2.0418,2.9019,0.52899,2.4177,3.3561,1.5598,2.1622,4.339,1.5542,2.7206,4.5598,0.50953,2.0073,2.9285,2.0102,1.8187,3.7926,1.182,1.7424,3.7195,2.2079,2.646,4.6305,1.3405,1.6626,4.0899,1.3266,2.1438,3.1349,0.58296,2.033,2.9678,0.5571,2.4154,2.7048,1.6922,2.404,4.2161,2.2208,2.6296,4.6845,0.53873,2.0338,2.9136,1.5811,1.6748,3.3552,0.27281,3.0591,2.1311,0.69734,2.5629,2.6852,3.1495,2.7339,6.1665,0.26506,2.8823,2.9699,4.7266,2.8889,0.43308,2.2553,2.3186,3.5522,1.2804,2.9999,4.1199,1.2539,2.4179,3.4113,1.0456,3.0408,3.8954,2.3018,2.2282,3.7049,1.1719,1.7038,3.7214,2.4406,2.3695,4.599,2.471,2.7055,4.0753,1.359,2.6704,4.3769,1.9111,1.8089,3.8099,1.2347,2.6646,3.749,2.293,2.4237,4.8292,1.6137,2.5567,3.5143,2.1655,2.2649,4.1527,0.7482,1.9468,3.2976,2.2027,2.4201,3.6144,2.2238,2.3823,3.5667,2.2625,1.9893,5.009,2.5819,2.2678,4.7816,2.3118,2.2506,3.736,1.3492,1.5967,3.8871,2.1975,2.6452,4.6446,1.9149,1.8434,3.8173,0.7774,2.0985,4.1209,1.5911,1.7315,4.2424,2.238,2.6458,4.7113,1.4463,2.394,3.2632,6.0705,2.9203,2.389,1.8527,1.779,3.5444,1.8464,2.8836,4.1219,2.1431,1.9648,4.8973,1.2321,2.5933,4.425,1.9948,2.1494,4.8884,1.6071,1.67,3.9601,1.612,2.0563,3.3014,1.0976,2.6711,3.6298,1.0005,2.7753,3.85,1.4859,2.4995,3.9117,1.1707,2.692,3.6561,1.8028,1.6288,4.0669,0.94972,2.4583,2.8504,2.0015,2.1589,4.4859,0.37492,2.7207,3.1281,1.0285,1.9228,4.2735,0.99164,2.2956,3.1181,1.7138,2.4158,4.6097,0.94286,2.0244,2.8699,0.7204,1.96,2.7384,1.5915,1.6552,3.9655,0.97115,2.4405,2.9021,1.3271,1.564,3.8542,2.7258,2.5698,4.611,1.0712,2.2245,3.5585,1.1941,2.702,3.7091,1.9793,1.9838,4.5221,1.0195,1.9371,4.2626,1.8827,1.6974,3.481,1.6613,2.5557,3.9948,2.1427,2.5321,4.8552,2.0728,2.418,3.6133,1.3639,3.0074,3.5708,1.4616,1.5108,4.1856,0.6179,2.9815,3.637,1.6099,1.6391,4.2005,0.72723,1.9814,2.7337,0.74356,2.2028,3.9862,2.6327,2.5742,4.5181,2.0589,2.0796,3.4089,1.4692,2.7873,3.6138,1.0397,2.3254,3.5261,2.5878,2.0771,4.5993,1.4541,1.7104,4.4297,1.5548,2.5685,3.6401,2.0601,2.3936,4.1382,2.6238,2.3296,4.9,0.57202,2.5241,3.0968
1798.9,0.13908,120.32,16.905,0.19671,766.16,1.4422,1.7844,4.1033,1.2832,2.2489,4.2705,1.1361,1.925,4.2458,2.4334,2.6268,4.2907,0.8571,2.0085,4.3076,1.5178,2.5872,3.8997,3.2968,2.8191,6.1775,1.121,1.9257,4.2495,1.7379,1.5864,4.203,1.3048,2.2256,4.342,0.81427,2.051,4.2064,3.0013,2.8286,4.5747,5.4674,2.6504,1.1983,1.3447,2.6725,3.7277,0.86649,2.1304,2.9843,2.5677,2.1647,4.6308,1.4459,1.6197,3.9376,0.61587,2.6501,3.7571,2.0586,1.7641,3.531,1.0734,2.3814,3.2043,0.10223,2.3113,3.3249,1.7535,1.674,3.425,1.8542,2.708,4.1076,1.7998,1.7381,3.4226,1.4279,1.5924,3.9658,0.3884,2.1799,3.114,2.126,2.4113,4.4978,1.4539,1.7103,3.2057,0.82611,1.9602,2.7546,3.2909,2.8303,6.1293,2.0737,1.8048,3.5379,1.0957,2.7237,3.0125,1.8498,2.5969,4.0837,0.68963,1.9578,2.8199,1.0449,2.4021,3.148,1.9445,1.9233,4.5669,1.7467,1.614,3.9046,0.52758,2.1951,3.7762,1.2002,2.5791,3.7718,0.88707,2.1412,3.1451,2.7083,2.3719,4.493,2.2047,2.24,4.8293,1.5276,1.6824,3.9651,1.918,1.9318,4.5365,1.5249,2.2226,3.2414,0.69817,2.1994,3.0002,2.4733,2.4523,4.4519,1.8659,2.6012,4.6706,1.8087,2.6081,4.6322,2.7098,2.4086,4.5545,1.2716,2.5629,3.851,1.7913,2.2878,4.4066,1.8298,2.9594,3.7517,0.65286,2.4767,2.6107,1.4732,2.1246,4.6402,2.0467,2.9836,3.9649,0.28964,2.4124,3.2955,1.6671,1.5675,4.0643,0.65885,2.0811,3.0027,2.2624,2.2681,4.676,0.79488,2.5288,3.247,0.88931,2.1578,3.124,6.1748,2.8819,1.7026,2.0953,2.0632,4.7332,2.6818,2.4204,4.5338,2.5333,2.2517,5.0139,1.9231,2.6049,4.2101,1.0795,1.7306,4.0421,4.6637,2.8179,0.5212,0.81318,2.1327,2.976,1.3147,2.0903,4.3799,1.0062,2.1401,3.4269,2.0831,2.653,4.3155,1.7503,1.5208,4.1189,1.2862,2.5295,3.167,0.79691,2.5071,3.7059,2.094,1.8432,3.6487,1.5249,2.4871,3.4343,1.5931,2.5885,3.6554,1.5971,1.5947,4.2397,1.8735,2.6436,4.3098,1.9697,2.6507,4.4379,3.5761,2.7364,0.035221,1.7532,1.5114,4.1094,1.8285,2.0012,3.4748,2.0378,2.9293,4.8558,1.2693,2.5404,3.2313,2.5787,2.4359,4.9025,1.1,2.6226,4.0168,1.5348,2.4649,3.4566,1.098,1.8498,4.0598,1.6972,1.531,4.0468,1.7809,1.992,3.4038,0.2724,2.9067,3.3337,2.9545,2.2925,4.7071,1.2948,1.948,4.233,1.3477,2.6307,3.5296,1.3967,2.4722,3.3548,1.9016,1.8915,3.6298,1.9446,2.5081,4.0698,1.0143,2.3044,3.1433,2.5482,1.977,5.1498,1.2745,2.6327,3.4435,1.3226,2.5043,3.2719,0.4592,2.9027,3.5028,0.61343,1.8671,2.7347,1.6033,1.9715,4.535,1.4547,1.7622,4.1553,5.2217,2.84,1.5239,0.80447,2.0848,2.8307,1.0936,2.6731,4.044,2.2728,2.5089,3.5935,2.4916,2.381,4.7822,2.951,2.6368,4.641,2.102,2.5013,4.4436,2.3711,2.1858,4.3074,0.71815,2.1188,3.201,0.57156,2.4149,3.143,0.58606,2.1401,3.6969,2.3899,2.4108,4.5383,0.96917,2.4139,3.0755,1.223,1.6418,4.2618,1.6449,2.0382,3.3862,5.9374,2.6452,1.6708,3.4821,2.8966,0.21889,0.8559,2.3758,3.0794,1.6764,1.6028,4.0518,1.5244,1.9105,3.1728,0.78525,2.4267,2.9535,2.1503,2.3128,4.806,1.2413,2.5663,3.202,1.023,1.9436,3.5066,0.38742,1.9776,3.3202,1.7504,2.0045,3.3662,2.3973,2.1764,4.2775,2.2398,2.1271,5.0099,1.241,1.6413,3.8506,0.70582,1.9773,2.8036,2.2484,2.1525,5.0538,2.4047,2.2666,4.6106,1.5803,2.4708,3.9672,4.4836,2.852,0.41708,1.9639,2.4711,4.0408,0.80401,1.9452,4.1106,1.383,2.6521,4.3143,3.8529,2.7852,0.14088,1.5657,1.6876,3.3093,0.20677,2.2967,3.2375,5.0936,2.8564,1.0634,0.72818,2.7136,3.4418,1.3956,2.5421,3.0449,2.184,2.0693,4.9148,1.4565,2.0011,4.4286,1.5284,1.629,3.3224,1.4251,2.9075,3.3735,0.63792,2.398,2.9813,0.87876,2.4325,3.0494,0.24407,2.596,3.3213,1.6812,2.3618,4.2129,0.65387,2.4168,2.9211,0.9862,2.3232,3.5427,1.3936,1.7514,4.2707,0.31934,2.3354,3.3526,1.5259,1.5897,3.3109,0.61752,2.4019,2.9644,3.4286,2.8466,0.09599,1.9036,2.552,3.9876,2.0758,2.2014,4.6783,2.2941,2.7525,4.8791,1.9227,1.861,3.8178,1.2869,1.7016,3.727,2.218,2.0975,4.9848,1.3468,2.5866,3.8765,1.037,3.0478,2.8587,4.8007,2.8887,0.50311,1.4142,2.7096,4.4528,1.9364,1.8856,3.8741,1.3685,2.6542,3.0169,0.6893,2.7212,3.3347,1.0683,2.8846,4.2451,0.83375,2.5386,2.7959,0.67965,2.0458,2.9004,0.5292,2.4184,3.3542,1.5599,2.1604,4.3443,1.5645,2.721,4.5666,0.50493,2.0092,2.9204,2.0114,1.8161,3.7923,1.1811,1.7373,3.7229,2.2038,2.6438,4.6234,1.3382,1.6668,4.0863,1.3237,2.1427,3.1332,0.58027,2.0355,2.9619,0.56136,2.4138,2.7112,1.6971,2.4112,4.2196,2.2138,2.6259,4.6746,0.53531,2.0353,2.9074,1.5817,1.674,3.3568,0.25539,3.0595,2.1112,0.69983,2.5661,2.6867,3.1623,2.732,6.1805,0.28162,2.8819,2.9889,4.7307,2.8851,0.43821,2.2539,2.3146,3.5458,1.2831,2.9958,4.1243,1.2473,2.4215,3.407,1.046,3.0389,3.8987,2.2993,2.2281,3.7006,1.1703,1.6963,3.7255,2.4406,2.3703,4.5995,2.4656,2.707,4.077,1.3622,2.6702,4.377,1.9119,1.8022,3.8072,1.2376,2.6606,3.7514,2.2906,2.4221,4.8218,1.6122,2.556,3.5212,2.166,2.2694,4.1566,0.74575,1.9496,3.2932,2.1971,2.4209,3.6082,2.2187,2.3806,3.5579,2.2655,1.9907,5.0111,2.5791,2.2667,4.7811,2.3092,2.252,3.7332,1.348,1.5975,3.8879,2.1877,2.6407,4.6317,1.9162,1.8385,3.8138,0.77781,2.0962,4.1274,1.5902,1.7278,4.2416,2.2308,2.6424,4.7017,1.4466,2.3946,3.2636,6.0771,2.9218,2.3974,1.854,1.7782,3.5467,1.8433,2.8771,4.1166,2.1489,1.965,4.9024,1.2356,2.5937,4.4308,1.9996,2.1503,4.8899,1.6069,1.6656,3.9599,1.6132,2.059,3.2989,1.0986,2.6684,3.6297,1.002,2.7738,3.8486,1.49,2.5021,3.9157,1.1713,2.6892,3.6547,1.801,1.6232,4.0663,0.95105,2.4587,2.8532,2.0073,2.1635,4.4917,0.38686,2.716,3.1393,1.0253,1.9211,4.2734,0.99217,2.2948,3.1209,1.7177,2.4167,4.6109,0.94077,2.0225,2.87,0.7196,1.9592,2.7379,1.5908,1.651,3.9654,0.9725,2.4402,2.907,1.3244,1.5619,3.8555,2.7251,2.5695,4.6116,1.0697,2.2298,3.5544,1.1967,2.6985,3.7111,1.9797,1.9842,4.5249,1.0173,1.9357,4.2633,1.8845,1.6989,3.4827,1.661,2.5578,3.9945,2.1442,2.5316,4.8524,2.0687,2.4202,3.6083,1.3743,3.0036,3.5806,1.4622,1.5133,4.1837,0.6141,2.9809,3.6342,1.6103,1.6354,4.1993,0.72667,1.9807,2.7336,0.74582,2.204,3.9879,2.6308,2.5731,4.5186,2.0626,2.0774,3.4089,1.4733,2.7823,3.6194,1.0362,2.332,3.5198,2.5917,2.0812,4.6072,1.4524,1.71,4.4308,1.5535,2.5682,3.644,2.0607,2.3981,4.1421,2.6217,2.3283,4.8972,0.57697,2.5246,3.1019
1798.9,0.13908,120.32,16.905,0.20565,784.05,1.4393,1.7811,4.1015,1.2853,2.2494,4.274,1.1324,1.9225,4.2448,2.4313,2.6256,4.2915,0.85656,2.0076,4.3099,1.5179,2.5902,3.8997,3.3078,2.8169,6.191,1.1171,1.9231,4.25,1.7379,1.5815,4.2006,1.3051,2.2251,4.3471,0.8131,2.0507,4.2071,3.0044,2.828,4.5766,5.4603,2.644,1.1915,1.3453,2.6697,3.7276,0.86262,2.1294,2.9823,2.572,2.1687,4.639,1.4438,1.6185,3.9386,0.61224,2.6533,3.7495,2.0614,1.7635,3.5336,1.0684,2.3807,3.2039,0.0943,2.3121,3.3135,1.7521,1.673,3.4268,1.8497,2.7045,4.1026,1.8007,1.7396,3.4238,1.4266,1.5905,3.9667,0.38896,2.1809,3.1117,2.128,2.4121,4.4998,1.4526,1.7118,3.2056,0.82528,1.9612,2.7546,3.3055,2.8289,6.1452,2.078,1.8055,3.5413,1.1005,2.7242,3.0192,1.8518,2.5976,4.0879,0.69127,1.9604,2.8209,1.0424,2.4007,3.1502,1.9472,1.9233,4.5704,1.7491,1.6124,3.9059,0.52965,2.1941,3.7791,1.2032,2.5822,3.775,0.8833,2.1433,3.1415,2.7142,2.3739,4.4996,2.2103,2.2425,4.8351,1.5301,1.6828,3.9665,1.9203,1.9324,4.5388,1.5264,2.2236,3.2404,0.69351,2.2032,2.9943,2.4755,2.4548,4.4575,1.8619,2.602,4.6589,1.8049,2.6086,4.6226,2.7191,2.4117,4.5681,1.2709,2.5651,3.8475,1.7974,2.2908,4.4117,1.8253,2.9556,3.7469,0.65819,2.4774,2.6154,1.4681,2.1281,4.6383,2.0464,2.9794,3.9634,0.28643,2.4125,3.2915,1.6676,1.5662,4.0634,0.65689,2.0821,2.9998,2.2624,2.2687,4.6756,0.79771,2.5249,3.2544,0.88637,2.1599,3.1205,6.1693,2.8809,1.6961,2.1017,2.0666,4.7406,2.6887,2.4233,4.5447,2.5306,2.2482,5.0087,1.9206,2.5989,4.2073,1.0793,1.726,4.046,4.6645,2.8111,0.52155,0.81079,2.1333,2.9741,1.3158,2.09,4.3843,1.0036,2.1429,3.4234,2.077,2.6491,4.3085,1.7528,1.5171,4.1172,1.2911,2.5286,3.1688,0.79894,2.5099,3.7033,2.0961,1.84,3.6455,1.5223,2.4895,3.4343,1.5928,2.5904,3.6606,1.5947,1.5943,4.2389,1.868,2.6375,4.3021,1.967,2.6449,4.4345,3.5859,2.7334,0.044016,1.7559,1.5082,4.107,1.835,2.0007,3.4773,2.0343,2.9291,4.8525,1.2726,2.5404,3.2354,2.5768,2.4356,4.8993,1.1014,2.6231,4.0128,1.5325,2.4665,3.4571,1.0945,1.8498,4.0592,1.6993,1.5287,4.0455,1.7852,1.9908,3.4033,0.27408,2.9048,3.3354,2.9571,2.2912,4.7106,1.2934,1.9477,4.2343,1.3503,2.6297,3.5363,1.3944,2.4732,3.3562,1.9049,1.8879,3.6271,1.9456,2.5127,4.0744,1.0112,2.305,3.1421,2.5478,1.9752,5.1498,1.2762,2.6317,3.4493,1.3172,2.5056,3.2696,0.46503,2.9003,3.5081,0.6114,1.8681,2.7291,1.5972,1.9695,4.5357,1.4543,1.7589,4.1561,5.21,2.8367,1.511,0.80331,2.0839,2.8315,1.0947,2.6754,4.0414,2.2786,2.5069,3.5939,2.4871,2.3781,4.775,2.9588,2.6334,4.6472,2.1013,2.5016,4.442,2.3728,2.1904,4.3137,0.71365,2.1241,3.1922,0.58151,2.4127,3.1537,0.58603,2.1398,3.6967,2.3909,2.409,4.5436,0.97855,2.4113,3.0849,1.2205,1.645,4.2595,1.6421,2.0386,3.3829,5.9251,2.642,1.6577,3.4882,2.8945,0.2258,0.85476,2.3737,3.0821,1.6769,1.6014,4.0506,1.5259,1.9123,3.1729,0.78547,2.4255,2.9558,2.1511,2.3113,4.8018,1.2444,2.5671,3.2063,1.0237,1.9421,3.5071,0.38051,1.9787,3.3237,1.753,2.0029,3.363,2.3993,2.1815,4.2831,2.2437,2.125,5.0105,1.2382,1.6379,3.8511,0.70614,1.9773,2.8045,2.252,2.1513,5.0555,2.408,2.2694,4.6162,1.5804,2.4761,3.9667,4.4913,2.8462,0.42633,1.965,2.4777,4.0438,0.80281,1.9454,4.1096,1.3913,2.6551,4.3171,3.8651,2.7822,0.15428,1.5682,1.692,3.3106,0.20375,2.2965,3.2317,5.0945,2.8503,1.0668,0.73135,2.7108,3.4448,1.3987,2.5436,3.045,2.1875,2.0665,4.9144,1.4546,1.9962,4.4317,1.5285,1.6287,3.3239,1.4265,2.9071,3.3728,0.64466,2.3959,2.9911,0.87712,2.4314,3.0517,0.24366,2.595,3.3187,1.6855,2.3669,4.2177,0.66116,2.4157,2.9287,0.98186,2.3304,3.5357,1.3934,1.7494,4.2692,0.31929,2.3362,3.3508,1.5258,1.5883,3.3122,0.623,2.4004,2.9726,3.4416,2.8448,0.11007,1.8996,2.551,3.9865,2.0804,2.2016,4.6816,2.2793,2.7502,4.8608,1.9239,1.8552,3.8145,1.2866,1.6975,3.7284,2.2212,2.095,4.9851,1.345,2.5841,3.8718,1.0293,3.0471,2.8502,4.8041,2.8841,0.50718,1.4192,2.7097,4.4554,1.9384,1.8827,3.8744,1.3731,2.6553,3.0236,0.697,2.7192,3.3436,1.0747,2.8831,4.2508,0.84317,2.5396,2.8037,0.6801,2.0498,2.8993,0.52952,2.4192,3.3523,1.56,2.1584,4.3494,1.5744,2.7215,4.5732,0.50046,2.011,2.9125,2.0127,1.8135,3.7918,1.1801,1.7322,3.7263,2.2001,2.6417,4.6167,1.336,1.6709,4.0828,1.3207,2.1415,3.1315,0.5776,2.0379,2.9562,0.56562,2.4123,2.7175,1.702,2.4182,4.2227,2.207,2.6223,4.6651,0.53201,2.0368,2.9013,1.5823,1.6731,3.3583,0.23731,3.06,2.0907,0.70205,2.5693,2.6877,3.1748,2.7299,6.1942,0.2978,2.8813,3.0074,4.7348,2.8814,0.44345,2.2527,2.3107,3.5395,1.2854,2.9919,4.1281,1.2409,2.4246,3.4029,1.0454,3.0372,3.9012,2.2968,2.2279,3.6963,1.1688,1.689,3.7295,2.4406,2.3711,4.6001,2.4602,2.7083,4.0787,1.3652,2.67,4.3768,1.9127,1.7955,3.8046,1.2405,2.6567,3.7539,2.2883,2.4208,4.8148,1.6107,2.5552,3.5281,2.1667,2.274,4.1607,0.74336,1.9525,3.2889,2.1918,2.4217,3.6021,2.2136,2.3789,3.5492,2.2684,1.992,5.013,2.5763,2.2658,4.7806,2.3064,2.2533,3.7304,1.3469,1.5983,3.8887,2.1783,2.6363,4.6191,1.9176,1.8334,3.8106,0.77821,2.094,4.134,1.5892,1.7243,4.2407,2.2237,2.6391,4.6923,1.447,2.3954,3.2641,6.0838,2.9233,2.4057,1.8552,1.7774,3.549,1.8403,2.8706,4.1116,2.1545,1.9652,4.9075,1.2389,2.5941,4.4363,2.0045,2.1513,4.8912,1.6069,1.6613,3.9597,1.6144,2.0616,3.2963,1.0997,2.6658,3.6297,1.0032,2.7723,3.8472,1.4939,2.5047,3.9197,1.1721,2.6863,3.6534,1.7992,1.6179,4.0657,0.9524,2.4591,2.8561,2.0129,2.1681,4.4975,0.39836,2.7113,3.1501,1.0223,1.9193,4.2734,0.99272,2.294,3.1237,1.7216,2.4176,4.6121,0.93872,2.0205,2.8699,0.71883,1.9584,2.7376,1.5901,1.6471,3.9654,0.97376,2.44,2.9118,1.3216,1.5598,3.8567,2.7243,2.569,4.6122,1.0683,2.2349,3.5501,1.1994,2.695,3.7131,1.9802,1.9847,4.5278,1.0151,1.9345,4.2641,1.8863,1.7002,3.4844,1.6607,2.5599,3.9939,2.1456,2.5311,4.8498,2.0647,2.4222,3.6032,1.3845,2.9999,3.5901,1.4628,1.5157,4.1819,0.61016,2.9803,3.6312,1.6109,1.6321,4.1981,0.72613,1.9799,2.7336,0.748,2.205,3.9894,2.629,2.5722,4.5194,2.0664,2.0753,3.409,1.4773,2.7774,3.625,1.0327,2.3384,3.5137,2.5955,2.0853,4.6151,1.4509,1.7099,4.4317,1.5525,2.5679,3.6479,2.0614,2.4027,4.1459,2.6196,2.3272,4.8944,0.5818,2.5251,3.1068
1798.9,0.13908,120.32,16.905,0.21459,801.94,1.4363,1.7778,4.0996,1.2876,2.2498,4.2775,1.1288,1.9203,4.2437,2.4292,2.6244,4.2924,0.85599,2.0067,4.3122,1.5181,2.5929,3.8998,3.3185,2.8148,6.2041,1.1132,1.9205,4.2504,1.738,1.5768,4.1982,1.3054,2.2247,4.3521,0.812,2.0504,4.2078,3.0073,2.8275,4.5783,5.4538,2.6377,1.1855,1.3455,2.6673,3.7274,0.85883,2.1283,2.9804,2.5763,2.1725,4.6469,1.4417,1.6174,3.9396,0.60856,2.6564,3.7417,2.0642,1.763,3.5363,1.0631,2.3802,3.2031,0.086408,2.313,3.3021,1.7507,1.6718,3.4287,1.8456,2.701,4.098,1.8015,1.7411,3.4251,1.4253,1.5886,3.9675,0.38954,2.1818,3.1095,2.1299,2.4127,4.5018,1.4513,1.7135,3.2054,0.82439,1.962,2.7546,3.3203,2.8275,6.1612,2.0823,1.806,3.5449,1.1054,2.7248,3.0258,1.8539,2.5983,4.092,0.69278,1.9628,2.8218,1.0397,2.3993,3.1522,1.9499,1.9232,4.5739,1.7513,1.611,3.9073,0.53182,2.1932,3.7821,1.2063,2.5851,3.7782,0.87967,2.1452,3.1381,2.72,2.3757,4.5058,2.216,2.2447,4.8411,1.5323,1.683,3.9678,1.9227,1.9329,4.541,1.5281,2.2246,3.2394,0.68919,2.2066,2.9891,2.4775,2.4573,4.463,1.8577,2.6028,4.6472,1.801,2.6088,4.6131,2.7282,2.4148,4.5818,1.2702,2.5672,3.8439,1.8036,2.2937,4.4167,1.8213,2.9519,3.7425,0.66324,2.4779,2.6199,1.4629,2.1317,4.6361,2.0461,2.9752,3.962,0.28327,2.4127,3.2876,1.6681,1.5648,4.0626,0.655,2.0829,2.9969,2.2622,2.2692,4.6752,0.80018,2.5211,3.2615,0.88365,2.1616,3.1173,6.1644,2.8797,1.69,2.1083,2.0699,4.7477,2.6953,2.426,4.5552,2.5283,2.2445,5.0041,1.9186,2.5936,4.2049,1.0793,1.7214,4.0498,4.665,2.8048,0.52188,0.80853,2.1337,2.9725,1.317,2.09,4.3885,1.0008,2.1458,3.4198,2.0712,2.6453,4.302,1.7551,1.5135,4.1157,1.2958,2.5277,3.1706,0.80098,2.5124,3.7008,2.0982,1.8367,3.6424,1.5198,2.4919,3.4346,1.5929,2.5923,3.666,1.5922,1.594,4.2383,1.8629,2.6315,4.2949,1.9646,2.6394,4.4313,3.5955,2.7303,0.052502,1.7585,1.505,4.1045,1.8414,2.0003,3.4798,2.0304,2.9289,4.8489,1.2759,2.5404,3.2391,2.575,2.4354,4.8962,1.1028,2.6234,4.009,1.5303,2.4681,3.4577,1.0909,1.8498,4.0585,1.7015,1.5263,4.0441,1.7894,1.9895,3.403,0.27578,2.9029,3.337,2.9596,2.2897,4.714,1.292,1.9475,4.2359,1.3529,2.6289,3.5428,1.3922,2.4744,3.3576,1.9082,1.8843,3.6246,1.9465,2.5169,4.079,1.0081,2.3055,3.141,2.5473,1.9737,5.1496,1.2779,2.6307,3.455,1.3118,2.5069,3.2672,0.47066,2.8979,3.5133,0.60947,1.869,2.7238,1.5911,1.9674,4.5361,1.454,1.7557,4.157,5.1985,2.8336,1.4984,0.80216,2.083,2.8323,1.0957,2.6775,4.0387,2.2847,2.5049,3.5945,2.483,2.3753,4.7683,2.9664,2.6299,4.6531,2.1007,2.5019,4.4403,2.3747,2.1949,4.32,0.70905,2.1291,3.1835,0.59111,2.4105,3.1638,0.58607,2.1397,3.6965,2.3921,2.4074,4.5484,0.98748,2.4089,3.0939,1.2179,1.6482,4.2572,1.6392,2.0389,3.3795,5.9133,2.6389,1.6451,3.4935,2.8922,0.23201,0.85323,2.3718,3.0843,1.6773,1.6001,4.0495,1.5276,1.9142,3.1731,0.78564,2.4242,2.9582,2.152,2.3098,4.798,1.2474,2.568,3.2105,1.0244,1.9406,3.5075,0.3736,1.9802,3.3272,1.7557,2.0012,3.3597,2.4016,2.1866,4.2891,2.2475,2.1229,5.0112,1.2355,1.6346,3.8516,0.70636,1.9771,2.8053,2.2556,2.1499,5.0571,2.4113,2.272,4.6218,1.5805,2.4811,3.9663,4.4987,2.8406,0.43545,1.9661,2.4843,4.0468,0.80166,1.9454,4.1089,1.3996,2.6582,4.3196,3.8769,2.7794,0.16734,1.5708,1.6963,3.312,0.20095,2.2963,3.2262,5.0958,2.8443,1.0703,0.7342,2.7081,3.4473,1.4015,2.5449,3.0451,2.1913,2.0641,4.9141,1.4527,1.9913,4.4347,1.5285,1.6283,3.3253,1.4281,2.9068,3.3721,0.65114,2.3939,3.0005,0.8754,2.4304,3.0538,0.24316,2.5941,3.3159,1.6895,2.3719,4.2224,0.66826,2.4148,2.936,0.9774,2.3375,3.5287,1.3934,1.7475,4.2675,0.31914,2.3367,3.3489,1.5256,1.5867,3.3136,0.62826,2.3992,2.9805,3.4542,2.8429,0.12376,1.8956,2.55,3.9853,2.0848,2.2017,4.685,2.2651,2.7477,4.843,1.925,1.8493,3.8114,1.2863,1.6934,3.7298,2.2243,2.0926,4.9853,1.3432,2.5818,3.8671,1.0214,3.0464,2.8416,4.8074,2.8795,0.51124,1.424,2.7097,4.4579,1.9405,1.8798,3.8747,1.3778,2.6563,3.0302,0.70413,2.7172,3.352,1.0811,2.8814,4.2565,0.85228,2.5407,2.8112,0.68061,2.0536,2.8981,0.53002,2.4199,3.3507,1.56,2.1563,4.3547,1.5839,2.7218,4.5794,0.49616,2.0127,2.9049,2.0138,1.811,3.7916,1.1792,1.7272,3.7296,2.1969,2.6397,4.6107,1.3337,1.6749,4.0794,1.3177,2.1404,3.1298,0.57493,2.0402,2.9505,0.56981,2.4107,2.7238,1.7067,2.4251,4.2258,2.2007,2.6187,4.6558,0.52887,2.038,2.8957,1.583,1.6725,3.3599,0.21855,3.0604,2.0695,0.70394,2.5728,2.6884,3.1872,2.7278,6.2075,0.31365,2.8806,3.0256,4.7389,2.8781,0.44879,2.2516,2.3068,3.5335,1.2869,2.9879,4.1312,1.2346,2.4276,3.3989,1.0439,3.0355,3.9024,2.2944,2.2279,3.6921,1.1672,1.6816,3.7335,2.4406,2.3718,4.6008,2.455,2.7095,4.0805,1.368,2.6698,4.3765,1.9134,1.7889,3.8022,1.2433,2.6529,3.7561,2.2865,2.4194,4.8079,1.6091,2.5547,3.5349,2.1674,2.2786,4.1648,0.74096,1.9554,3.2845,2.1865,2.4225,3.5959,2.2086,2.3771,3.5403,2.2711,1.9931,5.0147,2.5735,2.2647,4.7801,2.3037,2.2547,3.7276,1.3458,1.5988,3.8892,2.1692,2.6318,4.6068,1.9188,1.8285,3.8072,0.77862,2.0918,4.1404,1.5883,1.7208,4.2398,2.2168,2.6358,4.6831,1.4473,2.3961,3.2645,6.0907,2.9247,2.4141,1.8567,1.7765,3.5513,1.8376,2.8642,4.107,2.16,1.9653,4.9123,1.2421,2.5944,4.4417,2.0092,2.1521,4.8925,1.6067,1.6571,3.9597,1.6157,2.0642,3.2939,1.1006,2.6633,3.6294,1.0044,2.7707,3.8456,1.4979,2.507,3.9235,1.1726,2.6836,3.652,1.7973,1.6127,4.0651,0.95373,2.4595,2.8589,2.0184,2.1724,4.503,0.4094,2.7066,3.1604,1.0192,1.9175,4.2732,0.99327,2.2931,3.1265,1.7256,2.4182,4.6133,0.93669,2.0187,2.8699,0.71808,1.9575,2.7371,1.5895,1.6434,3.9654,0.97492,2.4398,2.9163,1.319,1.5577,3.8579,2.7234,2.5687,4.6126,1.0667,2.2401,3.5459,1.202,2.6916,3.715,1.9806,1.9851,4.5305,1.013,1.933,4.2648,1.8882,1.7015,3.486,1.6604,2.5619,3.9935,2.1472,2.5306,4.8472,2.0608,2.4244,3.5983,1.3945,2.9962,3.5994,1.4633,1.518,4.1801,0.60615,2.9796,3.6282,1.6115,1.6288,4.1969,0.7256,1.9791,2.7334,0.7501,2.2062,3.9908,2.6271,2.5713,4.5201,2.07,2.0732,3.4092,1.4811,2.7728,3.6306,1.0293,2.3446,3.5077,2.5994,2.0892,4.6228,1.4494,1.7098,4.4327,1.5513,2.5677,3.6518,2.0621,2.407,4.1496,2.6176,2.326,4.8917,0.58646,2.5256,3.1115
1798.9,0.13908,120.32,16.905,0.22353,820.11,1.4336,1.7747,4.0978,1.2897,2.2503,4.281,1.1252,1.918,4.2427,2.4273,2.6232,4.2934,0.85541,2.0059,4.3143,1.5181,2.5956,3.8999,3.329,2.8125,6.217,1.1095,1.9181,4.2508,1.738,1.5724,4.1959,1.3055,2.2241,4.357,0.81098,2.0501,4.2086,3.0102,2.827,4.5799,5.4477,2.6317,1.1803,1.3456,2.6653,3.727,0.85509,2.1272,2.9786,2.5805,2.1761,4.6545,1.4395,1.6164,3.9405,0.60474,2.6593,3.734,2.0669,1.7623,3.5389,1.0577,2.3799,3.2019,0.078537,2.3138,3.2908,1.7494,1.6706,3.4306,1.8419,2.6977,4.0941,1.8025,1.7424,3.4264,1.424,1.587,3.9681,0.39016,2.1827,3.1072,2.1318,2.4134,4.5037,1.4499,1.7152,3.2054,0.82345,1.9628,2.7545,3.3356,2.8258,6.1775,2.0866,1.8064,3.5484,1.1101,2.7255,3.0324,1.856,2.599,4.0963,0.69415,1.9651,2.8225,1.0369,2.398,3.1541,1.9527,1.9232,4.5775,1.7536,1.6098,3.9086,0.53412,2.1922,3.7853,1.2094,2.5877,3.7816,0.87621,2.1471,3.1348,2.7253,2.3775,4.5115,2.2214,2.247,4.8467,1.5346,1.683,3.9691,1.9251,1.9334,4.5432,1.5298,2.2255,3.2385,0.68531,2.2097,2.9845,2.4794,2.4596,4.4682,1.8536,2.6036,4.6355,1.7973,2.6092,4.6038,2.7373,2.4175,4.5949,1.2696,2.5692,3.8403,1.8099,2.2966,4.4217,1.8176,2.9483,3.7385,0.66808,2.4786,2.6241,1.4576,2.1353,4.6336,2.0459,2.9712,3.9607,0.28019,2.4127,3.2838,1.6686,1.5635,4.0616,0.6532,2.0835,2.9941,2.262,2.2698,4.6746,0.80217,2.5174,3.2681,0.8812,2.1633,3.1145,6.1598,2.8787,1.6845,2.1147,2.073,4.7547,2.7016,2.4283,4.5652,2.5264,2.2411,4.9999,1.917,2.589,4.2029,1.0792,1.717,4.0535,4.6653,2.7988,0.52205,0.8064,2.1342,2.9709,1.3184,2.0898,4.3927,0.99811,2.1487,3.4163,2.0657,2.6416,4.2959,1.7575,1.5098,4.114,1.3004,2.527,3.1722,0.80305,2.5149,3.6983,2.1004,1.8336,3.6395,1.5175,2.4942,3.4351,1.5931,2.5942,3.6715,1.5899,1.594,4.2376,1.8582,2.6262,4.288,1.9625,2.6342,4.4284,3.605,2.7273,0.060814,1.7612,1.5019,4.1021,1.8478,1.9999,3.4825,2.0266,2.9287,4.8451,1.2792,2.5404,3.2428,2.5732,2.435,4.8931,1.1041,2.6238,4.0049,1.5282,2.4697,3.4585,1.0876,1.8497,4.058,1.7038,1.5242,4.0428,1.7937,1.9882,3.4029,0.27759,2.901,3.3387,2.9619,2.2882,4.7172,1.2906,1.9472,4.2372,1.3552,2.6283,3.5492,1.3899,2.4755,3.3591,1.9115,1.8807,3.6223,1.9474,2.5208,4.0836,1.0052,2.306,3.14,2.5468,1.9724,5.1496,1.2797,2.6297,3.4606,1.3065,2.5082,3.265,0.47617,2.8956,3.5183,0.60768,1.8697,2.7188,1.5851,1.9654,4.5362,1.4537,1.7526,4.1577,5.1875,2.8303,1.4861,0.80102,2.0823,2.8331,1.0966,2.6795,4.036,2.2908,2.5029,3.5953,2.4793,2.373,4.7623,2.9738,2.6264,4.6588,2.1001,2.5023,4.4388,2.3765,2.1994,4.3262,0.70451,2.1337,3.1751,0.60022,2.4085,3.1734,0.5862,2.1397,3.6964,2.3934,2.406,4.5533,0.99585,2.4067,3.1022,1.2155,1.6515,4.2549,1.6362,2.0391,3.3762,5.902,2.6356,1.6332,3.4983,2.8901,0.23748,0.85132,2.37,3.0859,1.6777,1.5988,4.0485,1.5293,1.916,3.1734,0.7858,2.4229,2.9605,2.1533,2.3085,4.7944,1.2501,2.569,3.2146,1.0252,1.9389,3.5079,0.36683,1.9817,3.3309,1.7584,1.9994,3.3566,2.4041,2.1916,4.2953,2.2513,2.1206,5.0118,1.2327,1.6314,3.8518,0.70648,1.9771,2.8059,2.2592,2.1484,5.0585,2.4144,2.2746,4.6272,1.5805,2.4857,3.9658,4.506,2.8352,0.44448,1.9671,2.4907,4.0498,0.80061,1.9454,4.1083,1.4073,2.6609,4.3218,3.8882,2.7766,0.17997,1.5734,1.7007,3.3134,0.19847,2.2961,3.221,5.0972,2.8386,1.0741,0.73673,2.7055,3.4496,1.4042,2.5463,3.0447,2.1949,2.0614,4.914,1.4507,1.9865,4.4376,1.5287,1.6279,3.3268,1.4295,2.9064,3.3712,0.65722,2.392,3.0095,0.87366,2.4295,3.0558,0.24272,2.5932,3.3132,1.6938,2.3766,4.2271,0.6752,2.414,2.9431,0.97286,2.3444,3.5215,1.3932,1.7455,4.2657,0.31891,2.3373,3.347,1.5256,1.585,3.3149,0.63329,2.398,2.988,3.4661,2.841,0.13667,1.8917,2.5491,3.9842,2.0892,2.2017,4.6883,2.2515,2.7453,4.8257,1.926,1.8434,3.8085,1.2859,1.6895,3.7311,2.2274,2.0902,4.9857,1.3415,2.5797,3.8627,1.0135,3.0458,2.8331,4.8104,2.8751,0.51533,1.4286,2.7096,4.4602,1.9426,1.8769,3.8751,1.3822,2.6573,3.0367,0.71074,2.7154,3.3596,1.0875,2.8797,4.262,0.86108,2.5417,2.8186,0.68121,2.0573,2.8972,0.53056,2.4208,3.3491,1.5602,2.1541,4.3597,1.5928,2.7222,4.5852,0.49213,2.0144,2.8976,2.015,1.8087,3.7914,1.1783,1.7222,3.7328,2.1941,2.6378,4.6052,1.3315,1.6787,4.0761,1.3148,2.1391,3.128,0.57231,2.0421,2.9451,0.57396,2.4093,2.7301,1.7113,2.4315,4.2284,2.1948,2.6154,4.6471,0.52594,2.039,2.8904,1.5835,1.6719,3.3615,0.1998,3.0607,2.0483,0.7055,2.5762,2.6886,3.1991,2.7257,6.2203,0.32913,2.8797,3.0435,4.7429,2.8749,0.45412,2.2508,2.3031,3.5276,1.2882,2.9842,4.1337,1.2288,2.4301,3.3955,1.0417,3.0338,3.9032,2.292,2.2278,3.6879,1.1655,1.6742,3.7375,2.4406,2.3726,4.6012,2.45,2.7106,4.0823,1.3707,2.6696,4.3761,1.9143,1.7826,3.8,1.2459,2.6493,3.7584,2.2849,2.4184,4.8016,1.6075,2.5543,3.5412,2.1682,2.2831,4.1689,0.73859,1.9583,3.2803,2.1813,2.4233,3.5899,2.2038,2.3753,3.5316,2.2736,1.9942,5.0161,2.5708,2.2637,4.7796,2.301,2.2562,3.7248,1.3449,1.5992,3.8898,2.1606,2.6274,4.595,1.9202,1.8235,3.8041,0.77903,2.0896,4.1466,1.5872,1.7174,4.239,2.2102,2.6325,4.6743,1.4477,2.3969,3.2649,6.0976,2.926,2.4226,1.8581,1.7757,3.5534,1.8354,2.858,4.1029,2.1654,1.9654,4.9169,1.245,2.5948,4.4469,2.0136,2.1531,4.8936,1.6067,1.6531,3.9596,1.6171,2.0666,3.2916,1.1014,2.661,3.6291,1.0054,2.7693,3.8439,1.5016,2.5093,3.9274,1.1732,2.681,3.6506,1.7954,1.6077,4.0645,0.95507,2.46,2.8616,2.024,2.1767,4.5086,0.41994,2.7018,3.1702,1.0161,1.9158,4.273,0.9938,2.2925,3.1291,1.7296,2.4188,4.6146,0.93464,2.017,2.8696,0.71735,1.9567,2.7367,1.5889,1.6399,3.9654,0.97597,2.4398,2.9208,1.3163,1.5557,3.8591,2.7225,2.5683,4.6129,1.0651,2.2451,3.5418,1.2043,2.6884,3.7168,1.9812,1.9855,4.5333,1.0109,1.9316,4.2657,1.89,1.7028,3.4877,1.66,2.5638,3.993,2.1489,2.5301,4.8449,2.0569,2.4265,3.5935,1.4043,2.9925,3.6087,1.4639,1.5203,4.1784,0.60206,2.979,3.6251,1.6121,1.6257,4.1957,0.72506,1.9785,2.7334,0.75212,2.2075,3.9921,2.6254,2.5705,4.521,2.0737,2.0711,3.4094,1.485,2.7682,3.6362,1.026,2.3505,3.502,2.6034,2.0931,4.6306,1.4479,1.7098,4.4337,1.5503,2.5676,3.6555,2.0629,2.4112,4.1533,2.6157,2.3249,4.8893,0.59103,2.5261,3.1162
1798.9,0.13908,120.32,16.905,0.23247,837.93,1.4308,1.7717,4.0961,1.2919,2.2507,4.2846,1.1218,1.9159,4.2416,2.4254,2.622,4.2945,0.8548,2.0051,4.3163,1.5182,2.5981,3.8998,3.3393,2.8101,6.2296,1.1058,1.9157,4.2512,1.7382,1.5681,4.1935,1.3056,2.2235,4.3617,0.81,2.0498,4.2095,3.0129,2.8264,4.5815,5.442,2.6258,1.1754,1.3456,2.6635,3.7264,0.85142,2.126,2.9767,2.5845,2.1795,4.662,1.4374,1.6153,3.9415,0.60088,2.6622,3.7262,2.0696,1.7617,3.5414,1.0521,2.3797,3.2005,0.07072,2.3145,3.2797,1.7479,1.6694,3.4325,1.8384,2.6943,4.0905,1.8034,1.7438,3.4277,1.4227,1.5854,3.9687,0.39077,2.1835,3.1052,2.1336,2.414,4.5055,1.4484,1.7169,3.2052,0.82248,1.9632,2.7545,3.3509,2.8242,6.1942,2.0911,1.8067,3.552,1.1149,2.7261,3.0389,1.8581,2.5996,4.1006,0.69538,1.9673,2.823,1.034,2.3968,3.1557,1.9555,1.9231,4.5812,1.7557,1.6088,3.9099,0.53649,2.1911,3.7885,1.2127,2.5901,3.7851,0.87285,2.1488,3.1318,2.7305,2.379,4.517,2.2267,2.2489,4.8523,1.5368,1.6828,3.9703,1.9276,1.9339,4.5454,1.5315,2.2266,3.2376,0.68164,2.2126,2.9805,2.4813,2.4617,4.4733,1.8493,2.6043,4.6239,1.7936,2.6095,4.5945,2.7462,2.42,4.608,1.2688,2.5711,3.8368,1.8161,2.2995,4.4265,1.8142,2.9451,3.7348,0.67271,2.4792,2.6281,1.4523,2.1389,4.6311,2.0458,2.967,3.9595,0.27714,2.4126,3.28,1.6691,1.5622,4.0607,0.65145,2.0841,2.9916,2.2617,2.2704,4.674,0.8038,2.5137,3.2743,0.87891,2.1649,3.1119,6.1558,2.8775,1.6794,2.1212,2.076,4.7617,2.7076,2.4303,4.5748,2.5247,2.2376,4.9959,1.9157,2.585,4.2012,1.0791,1.7127,4.0572,4.6654,2.7933,0.52214,0.80442,2.1347,2.9695,1.3198,2.0896,4.3968,0.99536,2.1515,3.4127,2.0605,2.6381,4.29,1.76,1.5062,4.1124,1.305,2.5262,3.1738,0.8051,2.5173,3.696,2.1026,1.8304,3.6366,1.5155,2.4965,3.436,1.5935,2.596,3.6774,1.5875,1.594,4.2369,1.8537,2.6211,4.2815,1.9606,2.6293,4.4257,3.6143,2.7242,0.069039,1.7639,1.4986,4.0995,1.8543,1.9994,3.4852,2.0224,2.9284,4.841,1.2822,2.5405,3.2462,2.5716,2.4348,4.8901,1.1053,2.6241,4.0009,1.5261,2.4713,3.4592,1.0842,1.8495,4.0575,1.706,1.5221,4.0414,1.7982,1.9868,3.4028,0.27948,2.8991,3.3402,2.9643,2.2867,4.7202,1.289,1.9469,4.2387,1.3575,2.6278,3.5554,1.3878,2.4767,3.3607,1.9149,1.8772,3.6201,1.9483,2.5245,4.088,1.0022,2.3065,3.1389,2.5461,1.9713,5.1495,1.2814,2.6289,3.4661,1.3013,2.5095,3.2628,0.48153,2.8932,3.5231,0.60601,1.8705,2.714,1.5789,1.9634,4.5361,1.4534,1.7496,4.1585,5.1767,2.8272,1.4741,0.79991,2.0815,2.8339,1.0973,2.6815,4.0332,2.2968,2.5009,3.5961,2.4759,2.3706,4.7564,2.981,2.6231,4.664,2.0995,2.5027,4.4372,2.3784,2.2039,4.3325,0.69993,2.138,3.1668,0.60906,2.4066,3.1826,0.5864,2.1396,3.6963,2.395,2.4048,4.558,1.0039,2.4047,3.1102,1.2129,1.6549,4.2525,1.6331,2.0393,3.3728,5.8911,2.6323,1.6217,3.5024,2.8881,0.24231,0.84914,2.3684,3.0871,1.6781,1.5976,4.0474,1.5309,1.9177,3.1738,0.78591,2.4214,2.9626,2.1546,2.3071,4.7911,1.2529,2.57,3.2186,1.0258,1.9372,3.5085,0.3601,1.9833,3.3345,1.7612,1.9977,3.3537,2.4069,2.1968,4.3018,2.2551,2.1184,5.0126,1.2299,1.6284,3.852,0.70651,1.9768,2.8064,2.2626,2.1469,5.06,2.4175,2.277,4.6324,1.5806,2.4904,3.9652,4.5131,2.8299,0.45334,1.9683,2.4971,4.0528,0.7996,1.9454,4.1077,1.4151,2.6638,4.3237,3.8993,2.7739,0.19233,1.576,1.7051,3.3149,0.19622,2.2959,3.216,5.0988,2.833,1.078,0.73904,2.7031,3.4514,1.4066,2.5477,3.0443,2.1987,2.059,4.9139,1.4486,1.9817,4.4404,1.5288,1.6275,3.3283,1.431,2.9061,3.3704,0.66307,2.3902,3.018,0.87188,2.4285,3.0577,0.24223,2.5922,3.3105,1.698,2.3814,4.2318,0.68199,2.4132,2.9502,0.96825,2.3512,3.5143,1.393,1.7435,4.2641,0.31862,2.3377,3.3449,1.5254,1.5833,3.3164,0.63815,2.3968,2.9954,3.4774,2.8392,0.14906,1.8879,2.5483,3.983,2.0936,2.2017,4.6915,2.2384,2.7427,4.8089,1.9271,1.8375,3.8056,1.2856,1.6857,3.7324,2.2304,2.088,4.9859,1.34,2.5777,3.8583,1.0055,3.0452,2.8244,4.8133,2.8707,0.51942,1.433,2.7094,4.4622,1.9446,1.874,3.8756,1.3867,2.6583,3.0433,0.7169,2.7136,3.3666,1.0937,2.8781,4.2676,0.86954,2.5428,2.8256,0.68186,2.0609,2.8965,0.53118,2.4215,3.3475,1.5604,2.152,4.3648,1.6013,2.7224,4.5905,0.48828,2.0158,2.8907,2.0161,1.8064,3.7913,1.1772,1.7174,3.736,2.1917,2.6361,4.6003,1.3292,1.6825,4.0729,1.3118,2.1378,3.1264,0.56973,2.044,2.9399,0.57805,2.4077,2.7362,1.7155,2.4377,4.2307,2.1892,2.612,4.6387,0.52315,2.04,2.8855,1.5841,1.6713,3.3631,0.1809,3.061,2.0272,0.70673,2.5798,2.6887,3.2103,2.7235,6.2324,0.34422,2.8788,3.0607,4.7468,2.8719,0.45947,2.2502,2.2994,3.5222,1.2889,2.9806,4.1359,1.2233,2.4324,3.3922,1.0387,3.0322,3.9029,2.2897,2.2277,3.6837,1.1641,1.6671,3.7413,2.4405,2.3732,4.6017,2.4451,2.7116,4.0843,1.3732,2.6694,4.3756,1.915,1.7763,3.798,1.2484,2.6459,3.7604,2.2835,2.4173,4.7956,1.6059,2.5539,3.5475,2.1689,2.2876,4.1731,0.73625,1.9611,3.2761,2.1763,2.424,3.5838,2.199,2.3735,3.5231,2.2759,1.9952,5.0173,2.5682,2.2626,4.7791,2.2983,2.2577,3.7221,1.344,1.5994,3.8902,2.1524,2.6231,4.5838,1.9216,1.8187,3.801,0.77945,2.0876,4.1527,1.5862,1.7141,4.238,2.2038,2.6293,4.6656,1.4482,2.3977,3.2654,6.1045,2.9273,2.4309,1.8597,1.7749,3.5554,1.8334,2.8519,4.0991,2.1704,1.9653,4.9213,1.2479,2.5951,4.452,2.0181,2.1541,4.8948,1.6067,1.6493,3.9595,1.6185,2.069,3.2894,1.1021,2.6589,3.6287,1.0065,2.7679,3.8421,1.5053,2.5113,3.9313,1.1737,2.6787,3.6491,1.7936,1.603,4.064,0.95642,2.4605,2.8643,2.0294,2.1809,4.514,0.43002,2.6972,3.1796,1.0131,1.9141,4.2728,0.99429,2.2917,3.1316,1.7335,2.4194,4.6161,0.93262,2.0154,2.8694,0.71663,1.9558,2.7364,1.5883,1.6367,3.9654,0.97693,2.4398,2.925,1.3136,1.5538,3.8603,2.7214,2.5679,4.6131,1.0635,2.2503,3.5375,1.2067,2.6852,3.7185,1.9818,1.986,4.536,1.0089,1.9301,4.2665,1.8919,1.704,3.4893,1.6597,2.5656,3.9925,2.1505,2.5297,4.8427,2.0531,2.4286,3.5888,1.4139,2.9886,3.6179,1.4644,1.5224,4.1768,0.59786,2.9782,3.6219,1.613,1.6229,4.1945,0.72454,1.9777,2.7332,0.75402,2.2089,3.9934,2.6237,2.5697,4.522,2.0774,2.0691,3.4097,1.4889,2.7638,3.642,1.0227,2.3562,3.4964,2.6073,2.0969,4.6382,1.4464,1.7101,4.4346,1.5492,2.5676,3.6593,2.0636,2.4153,4.1569,2.6139,2.3237,4.8867,0.59548,2.5267,3.1207
1798.9,0.13908,120.32,16.905,0.24141,855.56,1.4281,1.7689,4.0943,1.2943,2.2512,4.2882,1.1185,1.9138,4.2407,2.4235,2.6209,4.2956,0.85419,2.0044,4.3184,1.5183,2.6006,3.8998,3.3493,2.8077,6.241,1.1022,1.9133,4.2516,1.7384,1.564,4.1911,1.3055,2.2229,4.3661,0.80909,2.0494,4.2105,3.0155,2.8258,4.5828,5.4367,2.6201,1.1712,1.3455,2.6618,3.7257,0.84779,2.1249,2.9748,2.5884,2.1827,4.669,1.4352,1.6144,3.9423,0.59701,2.665,3.7183,2.0724,1.761,3.544,1.0462,2.3796,3.1985,0.06298,2.3151,3.2688,1.7466,1.6681,3.4345,1.8353,2.691,4.0874,1.8042,1.7451,3.429,1.4216,1.5842,3.9691,0.3914,2.1842,3.103,2.1354,2.4147,4.5072,1.447,1.7187,3.205,0.82151,1.9636,2.7545,3.3665,2.8223,6.2111,2.0954,1.807,3.5555,1.1198,2.7268,3.0455,1.8604,2.6002,4.1048,0.69649,1.9696,2.8235,1.031,2.3957,3.1572,1.9585,1.9231,4.5848,1.7579,1.6082,3.9111,0.53896,2.1901,3.7919,1.2161,2.5923,3.7887,0.86963,2.1506,3.1288,2.7354,2.3806,4.5221,2.232,2.2508,4.8578,1.5391,1.6826,3.9714,1.9301,1.9344,4.5476,1.5334,2.2275,3.2369,0.67824,2.2153,2.9769,2.4831,2.4638,4.4785,1.8452,2.6051,4.6122,1.7901,2.6098,4.5854,2.7549,2.4222,4.6207,1.268,2.573,3.8333,1.8223,2.3024,4.4314,1.811,2.9419,3.7313,0.67709,2.4798,2.6318,1.4469,2.1425,4.6283,2.0458,2.9629,3.9584,0.27414,2.4124,3.2762,1.6695,1.5611,4.0599,0.64977,2.0845,2.9891,2.2613,2.2708,4.6732,0.80502,2.5101,3.2801,0.87678,2.1663,3.1095,6.1522,2.8764,1.675,2.1276,2.0788,4.7684,2.7134,2.4323,4.5841,2.5232,2.234,4.9923,1.9147,2.5815,4.1997,1.0791,1.7085,4.0609,4.6653,2.7881,0.52212,0.80257,2.1352,2.9684,1.3213,2.0895,4.4007,0.99259,2.1543,3.4092,2.0554,2.6347,4.2845,1.7624,1.5026,4.1106,1.3095,2.5256,3.1752,0.80718,2.5197,3.6935,2.1048,1.8273,3.6338,1.5137,2.4988,3.437,1.5942,2.5978,3.6833,1.5852,1.5942,4.2363,1.8496,2.6163,4.2752,1.9589,2.6244,4.4231,3.6235,2.7211,0.0771,1.7666,1.4952,4.0969,1.8608,1.9988,3.4879,2.0182,2.9282,4.8367,1.2852,2.5406,3.2493,2.5699,2.4346,4.8871,1.1064,2.6243,3.997,1.524,2.4729,3.4599,1.081,1.8492,4.057,1.7082,1.5201,4.0401,1.8025,1.9855,3.4028,0.28146,2.8972,3.3419,2.9665,2.2852,4.7231,1.2875,1.9465,4.2401,1.3598,2.6273,3.5615,1.3856,2.4778,3.3624,1.9182,1.8738,3.618,1.9492,2.5279,4.0923,0.99923,2.3069,3.1378,2.5455,1.9704,5.1494,1.2833,2.628,3.4717,1.2962,2.5106,3.2605,0.48672,2.8907,3.5278,0.60444,1.871,2.7095,1.5729,1.9614,4.5357,1.4531,1.7467,4.1591,5.1663,2.8242,1.4625,0.79882,2.0808,2.8346,1.0978,2.6833,4.0303,2.3028,2.499,3.5969,2.4727,2.3683,4.7509,2.9878,2.6197,4.6689,2.0991,2.5032,4.4358,2.3805,2.2082,4.3389,0.69541,2.1419,3.1588,0.6176,2.4047,3.1915,0.58669,2.1396,3.6962,2.3967,2.4037,4.563,1.0115,2.4026,3.1178,1.2104,1.6583,4.2501,1.63,2.0393,3.3694,5.8807,2.6291,1.6107,3.5059,2.886,0.24648,0.84673,2.3669,3.0878,1.6785,1.5966,4.0465,1.5328,1.9195,3.1742,0.78595,2.42,2.9647,2.1559,2.3058,4.7881,1.2556,2.5711,3.2225,1.0265,1.9354,3.509,0.35352,1.9852,3.338,1.7642,1.9958,3.3509,2.4098,2.2021,4.3085,2.2587,2.1161,5.0132,1.2271,1.6254,3.8521,0.70645,1.9765,2.8067,2.2659,2.1453,5.0612,2.4206,2.2794,4.6376,1.5806,2.4947,3.9647,4.52,2.8246,0.46204,1.9694,2.5035,4.0559,0.79865,1.9455,4.1072,1.4225,2.6666,4.3256,3.91,2.7711,0.20434,1.5788,1.7095,3.3164,0.19419,2.2957,3.2112,5.1004,2.8275,1.0819,0.74108,2.7006,3.4532,1.4088,2.5491,3.0437,2.2024,2.0565,4.9138,1.4465,1.977,4.4431,1.529,1.627,3.3297,1.4323,2.9059,3.3695,0.66862,2.3883,3.0263,0.87007,2.4276,3.0596,0.24173,2.5912,3.3078,1.7021,2.3858,4.2363,0.68865,2.4124,2.9571,0.96356,2.3579,3.5071,1.3929,1.7415,4.2623,0.31824,2.3381,3.3428,1.5252,1.5814,3.3178,0.64283,2.3957,3.0024,3.4884,2.8373,0.16093,1.8841,2.5477,3.982,2.0979,2.2016,4.6947,2.2259,2.7402,4.7927,1.928,1.8316,3.8029,1.2854,1.6822,3.7336,2.2334,2.0858,4.9861,1.3383,2.5758,3.8542,0.9972,3.0448,2.8155,4.8161,2.8665,0.52358,1.4371,2.7092,4.4641,1.9468,1.8712,3.8761,1.391,2.6592,3.0498,0.72264,2.7119,3.3732,1.1,2.8763,4.2731,0.87771,2.5438,2.8324,0.68254,2.0645,2.8959,0.53185,2.4222,3.3461,1.5606,2.1496,4.3699,1.6094,2.7227,4.5956,0.48461,2.0172,2.8841,2.017,1.8041,3.7911,1.1762,1.7126,3.7392,2.1895,2.6344,4.5958,1.3269,1.6861,4.0698,1.309,2.1366,3.1247,0.56723,2.0458,2.9347,0.58209,2.4063,2.7424,1.7196,2.4437,4.2329,2.1838,2.6088,4.6306,0.5205,2.0407,2.8807,1.5846,1.6708,3.3648,0.16171,3.0613,2.0057,0.70766,2.5835,2.6884,3.2213,2.7214,6.2432,0.35904,2.8778,3.0778,4.7507,2.8691,0.46484,2.2498,2.2958,3.5168,1.2894,2.9771,4.1376,1.2179,2.4345,3.3892,1.035,3.0307,3.9019,2.2873,2.2276,3.6797,1.1624,1.66,3.745,2.4405,2.3739,4.6022,2.4402,2.7124,4.0864,1.3756,2.6692,4.375,1.9158,1.7702,3.7961,1.2508,2.6425,3.7625,2.2823,2.4165,4.7898,1.6044,2.5537,3.5536,2.1697,2.2919,4.1774,0.73389,1.9638,3.272,2.1713,2.4247,3.5778,2.1945,2.3715,3.5145,2.2781,1.996,5.0182,2.5655,2.2617,4.7786,2.2956,2.2591,3.7195,1.3433,1.5995,3.8907,2.1444,2.6188,4.5727,1.9229,1.8138,3.798,0.77987,2.0855,4.1587,1.5852,1.7109,4.2371,2.1976,2.6261,4.657,1.4486,2.3985,3.2658,6.1116,2.9286,2.4396,1.8612,1.7742,3.5574,1.8317,2.846,4.0956,2.1753,1.9651,4.9254,1.2507,2.5954,4.4569,2.0223,2.1552,4.8959,1.6068,1.6456,3.9594,1.62,2.0713,3.2873,1.1028,2.6568,3.6283,1.0073,2.7665,3.8401,1.5089,2.5132,3.9351,1.1742,2.6763,3.6478,1.7917,1.5985,4.0635,0.95779,2.461,2.8671,2.0348,2.1848,4.5192,0.43971,2.6926,3.1885,1.0101,1.9122,4.2726,0.99476,2.2911,3.1341,1.7375,2.4198,4.6175,0.93061,2.0137,2.869,0.71596,1.955,2.7361,1.5877,1.6337,3.9654,0.97783,2.4399,2.9291,1.3108,1.5517,3.8614,2.7203,2.5675,4.6131,1.0617,2.2554,3.5334,1.209,2.6821,3.7202,1.9824,1.9864,4.5387,1.0069,1.9287,4.2674,1.8938,1.7051,3.491,1.6594,2.5673,3.992,2.1524,2.5293,4.8405,2.0494,2.4307,3.5841,1.4234,2.9847,3.627,1.4648,1.5245,4.1751,0.59362,2.9777,3.6186,1.6138,1.6201,4.1934,0.72403,1.977,2.7331,0.75586,2.2101,3.9945,2.6219,2.5688,4.5229,2.0811,2.067,3.4101,1.4926,2.7596,3.6477,1.0195,2.3616,3.491,2.6112,2.1006,4.6457,1.445,1.7105,4.4354,1.5483,2.5678,3.6628,2.0642,2.4192,4.1604,2.6121,2.3227,4.8843,0.59983,2.5272,3.1251
1798.9,0.13908,120.32,16.905,0.25035,873.27,1.4255,1.7662,4.0926,1.2965,2.2515,4.2918,1.1152,1.9117,4.2396,2.4217,2.6197,4.2969,0.85358,2.0038,4.3203,1.5184,2.6029,3.8996,3.3591,2.8052,6.2526,1.0987,1.9109,4.2519,1.7387,1.5602,4.1889,1.3054,2.2223,4.3705,0.80826,2.0491,4.2116,3.0177,2.8252,4.584,5.4317,2.6146,1.1675,1.3453,2.6604,3.7249,0.84425,2.1236,2.9729,2.5921,2.1858,4.6759,1.433,1.6136,3.9431,0.59315,2.6676,3.7106,2.075,1.7602,3.5465,1.0403,2.3796,3.1965,0.055369,2.3156,3.258,1.7451,1.6667,3.4364,1.8324,2.6877,4.0847,1.805,1.7464,3.4302,1.4203,1.5828,3.9694,0.39203,2.1849,3.101,2.1371,2.4152,4.5088,1.4455,1.7205,3.2049,0.82057,1.9639,2.7547,3.382,2.8205,6.2279,2.0998,1.8071,3.5591,1.1247,2.7274,3.0519,1.8626,2.6007,4.109,0.69747,1.9716,2.8238,1.0279,2.3946,3.1586,1.9615,1.9229,4.5885,1.7598,1.6077,3.9125,0.54151,2.1889,3.7953,1.2195,2.5944,3.7923,0.86656,2.1523,3.1262,2.7401,2.382,4.5267,2.2371,2.2526,4.8631,1.5411,1.6821,3.9725,1.9325,1.9347,4.5498,1.5353,2.2285,3.2361,0.6752,2.2177,2.9739,2.4848,2.4659,4.4835,1.8411,2.6056,4.6008,1.7866,2.6101,4.5765,2.7631,2.4243,4.6327,1.2673,2.5747,3.8297,1.8286,2.3051,4.436,1.8079,2.9392,3.7281,0.68119,2.4805,2.6352,1.4415,2.1461,4.6254,2.0459,2.9588,3.9577,0.27123,2.4123,3.2725,1.67,1.56,4.0591,0.6482,2.0847,2.9869,2.2609,2.2712,4.6723,0.80581,2.5067,3.2854,0.87484,2.1677,3.1073,6.1491,2.8752,1.6712,2.1337,2.0814,4.7747,2.7187,2.4339,4.5928,2.5219,2.2306,4.9889,1.914,2.5785,4.1984,1.0789,1.7044,4.0645,4.665,2.7833,0.52202,0.80088,2.1356,2.9676,1.3228,2.0895,4.4046,0.98982,2.1571,3.4056,2.0508,2.6314,4.2792,1.7649,1.4991,4.1089,1.3138,2.525,3.1765,0.80922,2.522,3.6913,2.107,1.8242,3.6311,1.5122,2.501,3.4385,1.595,2.5995,3.6894,1.5828,1.5944,4.2357,1.8456,2.6118,4.2693,1.9575,2.6199,4.4208,3.6325,2.718,0.084916,1.7693,1.4916,4.0942,1.8671,1.9983,3.4907,2.0139,2.9277,4.8322,1.2879,2.5407,3.2524,2.5682,2.4343,4.8841,1.1075,2.6246,3.9929,1.522,2.4745,3.4608,1.0778,1.8489,4.0567,1.7104,1.5182,4.0389,1.8069,1.9841,3.403,0.28347,2.8954,3.3436,2.9687,2.2838,4.7258,1.286,1.9462,4.2415,1.362,2.627,3.5675,1.3837,2.4789,3.3641,1.9216,1.8704,3.6161,1.9501,2.5312,4.0966,0.99636,2.3073,3.1368,2.5447,1.9698,5.1494,1.2851,2.6274,3.477,1.291,2.5118,3.2585,0.49163,2.8884,3.532,0.60301,1.8714,2.7052,1.5668,1.9595,4.5354,1.4529,1.7439,4.1598,5.1563,2.8211,1.4513,0.79773,2.08,2.8353,1.0982,2.6851,4.0274,2.3087,2.4971,3.598,2.47,2.3662,4.7457,2.9944,2.6164,4.6735,2.0987,2.5036,4.4345,2.3825,2.2125,4.3451,0.69092,2.1456,3.1509,0.62574,2.4029,3.1998,0.58703,2.1396,3.6962,2.3986,2.4027,4.5678,1.0189,2.4009,3.125,1.2079,1.6618,4.2479,1.6268,2.0393,3.366,5.8708,2.6258,1.6004,3.5088,2.884,0.25003,0.84412,2.3655,3.0882,1.6788,1.5957,4.0455,1.5346,1.9213,3.1747,0.78594,2.4186,2.9667,2.1575,2.3045,4.7852,1.2582,2.5723,3.2262,1.0272,1.9336,3.5096,0.34718,1.9871,3.3416,1.7672,1.994,3.3482,2.4132,2.2074,4.3157,2.2624,2.1138,5.0139,1.2244,1.6225,3.8521,0.7063,1.9762,2.8069,2.2692,2.1436,5.0626,2.4236,2.2817,4.6426,1.5806,2.499,3.9642,4.5266,2.8194,0.47052,1.9705,2.5096,4.059,0.79775,1.9455,4.1067,1.4297,2.6693,4.3272,3.9203,2.7686,0.216,1.5815,1.7139,3.318,0.19236,2.2957,3.2068,5.1023,2.8222,1.0859,0.74282,2.6984,3.4545,1.411,2.5505,3.043,2.2063,2.0541,4.9139,1.4444,1.9726,4.4457,1.5291,1.6266,3.3312,1.4337,2.9056,3.3685,0.67385,2.3866,3.0341,0.86821,2.4268,3.0614,0.24119,2.5903,3.3051,1.7061,2.3901,4.2408,0.69515,2.4117,2.9638,0.9588,2.3643,3.4997,1.3927,1.7395,4.2605,0.31776,2.3384,3.3407,1.5251,1.5795,3.3193,0.64732,2.3946,3.0093,3.4989,2.8354,0.1724,1.8804,2.5472,3.9808,2.1022,2.2016,4.698,2.214,2.7377,4.777,1.929,1.8257,3.8005,1.2851,1.6786,3.7348,2.2364,2.0836,4.9864,1.3367,2.574,3.85,0.98865,3.0443,2.8063,4.8187,2.8623,0.52783,1.4412,2.7089,4.4659,1.949,1.8684,3.8767,1.3952,2.6601,3.0563,0.72796,2.7103,3.3791,1.106,2.8745,4.2786,0.8856,2.545,2.839,0.68328,2.0679,2.8955,0.53253,2.4229,3.3446,1.5608,2.1474,4.375,1.6172,2.7229,4.6003,0.48112,2.0185,2.8778,2.0181,1.8019,3.7911,1.1751,1.7079,3.7423,2.1876,2.6328,4.5915,1.3247,1.6895,4.0667,1.3059,2.1353,3.123,0.56477,2.0474,2.9297,0.5861,2.4049,2.7485,1.7235,2.4494,4.2347,2.1788,2.6057,4.6228,0.51796,2.0414,2.8762,1.5851,1.6704,3.3666,0.14194,3.0616,1.9838,0.70827,2.5873,2.6877,3.2317,2.7192,6.2537,0.37374,2.8767,3.0947,4.7545,2.8664,0.47027,2.2496,2.2921,3.5116,1.2895,2.9737,4.139,1.2127,2.4365,3.3864,1.0305,3.0292,3.9001,2.2851,2.2275,3.6755,1.1608,1.6529,3.7488,2.4405,2.3745,4.6027,2.4357,2.7132,4.0887,1.378,2.6691,4.3743,1.9165,1.7642,3.7943,1.2532,2.6391,3.7644,2.2814,2.4157,4.7842,1.6027,2.5535,3.5597,2.1705,2.2962,4.1816,0.73155,1.9665,3.268,2.1665,2.4254,3.5717,2.1901,2.3695,3.5059,2.2802,1.9968,5.0189,2.563,2.2605,4.7782,2.2928,2.2608,3.7168,1.3426,1.5993,3.891,2.1367,2.6146,4.5622,1.9243,1.8089,3.795,0.78029,2.0834,4.1646,1.584,1.7078,4.2361,2.1915,2.6229,4.6487,1.4491,2.3993,3.2662,6.119,2.9298,2.4485,1.8629,1.7734,3.5594,1.8302,2.8401,4.0925,2.1801,1.9648,4.9292,1.2532,2.5956,4.4616,2.0264,2.1562,4.8967,1.6068,1.6421,3.9593,1.6216,2.0734,3.2852,1.1033,2.6549,3.6278,1.0082,2.765,3.8382,1.5125,2.515,3.939,1.1747,2.6741,3.6464,1.7898,1.5942,4.0631,0.95922,2.4615,2.8697,2.0401,2.1887,4.5245,0.4491,2.6879,3.197,1.0071,1.9105,4.2723,0.99524,2.2906,3.1366,1.7414,2.4201,4.6189,0.92859,2.012,2.8687,0.71532,1.954,2.736,1.5872,1.6309,3.9654,0.97868,2.44,2.9332,1.308,1.5498,3.8626,2.7189,2.5671,4.6128,1.06,2.2606,3.5293,1.2112,2.679,3.7219,1.983,1.9868,4.5412,1.0049,1.927,4.2682,1.8958,1.7063,3.4927,1.6591,2.569,3.9916,2.1541,2.529,4.8385,2.0458,2.4329,3.5796,1.4327,2.9809,3.636,1.4653,1.5266,4.1735,0.5894,2.9769,3.6153,1.6146,1.6175,4.1922,0.72352,1.9763,2.733,0.75762,2.2116,3.9956,2.6202,2.5682,4.5239,2.0847,2.065,3.4104,1.4963,2.7554,3.6534,1.0164,2.3668,3.4858,2.6149,2.1041,4.6529,1.4436,1.7109,4.4362,1.5472,2.5679,3.6664,2.0649,2.423,4.1639,2.6103,2.3216,4.8819,0.60413,2.5277,3.1295
1798.9,0.13908,120.32,16.905,0.2593,890.56,1.4227,1.7637,4.091,1.2988,2.252,4.2954,1.1121,1.9097,4.2387,2.4201,2.6187,4.2982,0.85294,2.0031,4.3222,1.5184,2.6053,3.8994,3.3688,2.8027,0.035328,1.0952,1.9085,4.2523,1.7389,1.5565,4.1865,1.3051,2.2216,4.3748,0.80747,2.0487,4.2128,3.02,2.8246,4.5851,5.4271,2.6093,1.1643,1.3449,2.6591,3.724,0.84075,2.1224,2.9712,2.5958,2.1886,4.6824,1.4308,1.6127,3.9439,0.58932,2.6701,3.7029,2.0777,1.7593,3.5491,1.0342,2.3797,3.194,0.047834,2.3161,3.2476,1.7438,1.6654,3.4383,1.8296,2.6844,4.0822,1.8059,1.7476,3.4315,1.419,1.5818,3.9697,0.39267,2.1856,3.0991,2.1388,2.4159,4.5104,1.4441,1.7223,3.2048,0.81962,1.9641,2.7548,3.3979,2.8184,6.2405,2.1043,1.8071,3.5627,1.1294,2.7283,3.0584,1.8649,2.6013,4.1133,0.69834,1.9737,2.8241,1.0249,2.3936,3.1598,1.9645,1.9229,4.5922,1.7618,1.6076,3.9137,0.54415,2.1878,3.7988,1.223,2.5963,3.796,0.86357,2.1538,3.1235,2.7446,2.3835,4.5312,2.242,2.2543,4.8684,1.5431,1.6814,3.9735,1.9351,1.9351,4.552,1.5373,2.2294,3.2354,0.67235,2.2201,2.9712,2.4865,2.4678,4.4884,1.8369,2.6063,4.5894,1.7832,2.6104,4.5677,2.7713,2.4263,4.6447,1.2664,2.5764,3.8261,1.835,2.3081,4.4408,1.8049,2.9363,3.7249,0.6851,2.4813,2.6382,1.436,2.1497,4.6224,2.0465,2.9548,3.9571,0.26832,2.4122,3.2688,1.6705,1.559,4.0582,0.64669,2.0849,2.9848,2.2603,2.2716,4.6713,0.80624,2.5033,3.2904,0.87298,2.169,3.1053,6.1466,2.8742,1.668,2.1399,2.0838,4.7809,2.7237,2.4354,4.601,2.5207,2.2272,4.9858,1.9135,2.5758,4.1973,1.0787,1.7003,4.0681,4.6646,2.7787,0.52184,0.79934,2.1361,2.9668,1.3244,2.0895,4.4085,0.98698,2.1599,3.402,2.0461,2.6282,4.2742,1.7674,1.4955,4.107,1.3182,2.5243,3.1776,0.81128,2.5243,3.6889,2.1093,1.8212,3.6283,1.511,2.5032,3.4404,1.596,2.6012,3.6958,1.5804,1.5948,4.2351,1.8419,2.6075,4.2635,1.9563,2.6154,4.4185,3.6414,2.715,0.092684,1.7721,1.4879,4.0914,1.8736,1.9976,3.4935,2.0092,2.9273,4.8274,1.2907,2.5409,3.2551,2.5667,2.4341,4.8813,1.1085,2.6249,3.9889,1.52,2.4762,3.4617,1.0748,1.8484,4.0563,1.7127,1.5163,4.0377,1.8113,1.9826,3.4032,0.28569,2.8935,3.3453,2.9709,2.2824,4.7284,1.2843,1.9458,4.2428,1.3643,2.6268,3.5735,1.3817,2.48,3.3658,1.9249,1.8671,3.6143,1.951,2.5343,4.1009,0.99347,2.3076,3.1359,2.5438,1.9693,5.1493,1.287,2.6267,3.4823,1.2861,2.5128,3.2563,0.49646,2.8859,3.5362,0.60164,1.8718,2.701,1.5608,1.9578,4.5347,1.4526,1.7411,4.1604,5.1466,2.8182,1.4403,0.7967,2.0792,2.8361,1.0986,2.6868,4.0244,2.3147,2.4952,3.5993,2.4673,2.3641,4.741,3.0009,2.6132,4.6778,2.0982,2.5041,4.4332,2.3847,2.2168,4.3514,0.68642,2.1491,3.1432,0.63374,2.4013,3.208,0.58746,2.1397,3.6962,2.4008,2.4019,4.5726,1.0258,2.399,3.1319,1.2053,1.6652,4.2455,1.6236,2.0392,3.3626,5.8613,2.6225,1.5903,3.5112,2.8821,0.25301,0.8413,2.3642,3.0885,1.6792,1.5946,4.0446,1.5364,1.923,3.1753,0.78588,2.4171,2.9686,2.159,2.3033,4.7826,1.2608,2.5735,3.2299,1.0279,1.9316,3.5103,0.34104,1.9892,3.345,1.7701,1.9921,3.3457,2.4168,2.2127,4.3231,2.266,2.1115,5.0146,1.2215,1.6197,3.8521,0.70606,1.9758,2.807,2.2724,2.1418,5.0637,2.4264,2.2839,4.6475,1.5805,2.5031,3.9635,4.5331,2.8145,0.47882,1.9716,2.5156,4.062,0.79691,1.9456,4.1063,1.4366,2.672,4.3286,3.9304,2.7659,0.2273,1.5845,1.7183,3.3196,0.19077,2.2955,3.2025,5.1042,2.817,1.0901,0.74436,2.696,3.4556,1.4129,2.5519,3.0421,2.2101,2.0515,4.9139,1.4422,1.968,4.4485,1.5292,1.626,3.3326,1.4351,2.9054,3.3676,0.67887,2.385,3.0416,0.86639,2.4259,3.0631,0.24066,2.5894,3.3024,1.7101,2.3942,4.2451,0.70153,2.411,2.9705,0.95402,2.3706,3.4925,1.3925,1.7374,4.2587,0.31724,2.3387,3.3385,1.525,1.5774,3.3209,0.65167,2.3937,3.0158,3.509,2.8334,0.18332,1.8768,2.5467,3.9799,2.1065,2.2015,4.701,2.2025,2.735,4.7618,1.9299,1.8197,3.7981,1.2847,1.6753,3.7359,2.2391,2.0815,4.9867,1.3352,2.5722,3.846,0.98012,3.044,2.7971,4.8213,2.8583,0.53202,1.4451,2.7085,4.4676,1.9512,1.8656,3.8774,1.3995,2.661,3.0627,0.73292,2.7087,3.3846,1.112,2.8726,4.2839,0.89313,2.5461,2.8453,0.68408,2.0711,2.8952,0.53328,2.4237,3.3433,1.5611,2.1449,4.38,1.6244,2.7232,4.6049,0.47787,2.0197,2.8718,2.019,1.7997,3.7911,1.174,1.7033,3.7452,2.186,2.6313,4.5877,1.3224,1.6928,4.0639,1.3031,2.134,3.1214,0.56243,2.0488,2.925,0.59,2.4034,2.7546,1.7272,2.4548,4.2363,2.1741,2.6028,4.6153,0.51558,2.042,2.8721,1.5856,1.67,3.3683,0.1227,3.0618,1.9624,0.70862,2.5912,2.6868,3.2415,2.7171,0.035022,0.38803,2.8755,3.111,4.7583,2.8638,0.47564,2.2494,2.2885,3.5067,1.2893,2.9707,4.1398,1.2077,2.4383,3.3836,1.0255,3.0278,3.8978,2.2828,2.2275,3.6714,1.1593,1.6461,3.7523,2.4406,2.3751,4.6033,2.4313,2.7139,4.0911,1.3802,2.669,4.3735,1.9173,1.7583,3.7927,1.2554,2.6359,3.7663,2.2806,2.415,4.7789,1.6013,2.5533,3.5657,2.1714,2.3005,4.1859,0.72925,1.9691,3.2641,2.1618,2.4261,3.5657,2.1857,2.3675,3.4976,2.2821,1.9975,5.0194,2.5605,2.2595,4.7777,2.29,2.2623,3.7141,1.3419,1.5989,3.8915,2.1294,2.6105,4.552,1.9256,1.8042,3.7922,0.78071,2.0814,4.1703,1.5829,1.7048,4.2351,2.1857,2.6199,4.6405,1.4495,2.4002,3.2665,6.1263,2.9309,2.4572,1.8645,1.7725,3.5613,1.8291,2.8345,4.0899,2.1846,1.9645,4.9329,1.2556,2.5959,4.4662,2.0305,2.1572,4.8976,1.6069,1.6388,3.9593,1.6232,2.0756,3.2833,1.1039,2.653,3.6273,1.009,2.7637,3.8361,1.516,2.5167,3.9427,1.1751,2.6719,3.6451,1.7879,1.5899,4.0628,0.96065,2.4622,2.8725,2.0453,2.1924,4.5294,0.45794,2.6833,3.2052,1.0042,1.9087,4.2719,0.99564,2.29,3.1388,1.7453,2.4204,4.6205,0.92661,2.0105,2.8682,0.71469,1.953,2.7359,1.5868,1.6284,3.9655,0.97945,2.4402,2.9371,1.3054,1.5479,3.8637,2.7176,2.5666,4.6126,1.0582,2.2656,3.5252,1.2134,2.676,3.7235,1.9838,1.9871,4.5438,1.003,1.9255,4.2691,1.8976,1.7073,3.4943,1.6587,2.5706,3.9911,2.156,2.5286,4.8366,2.0423,2.435,3.5753,1.4417,2.977,3.6448,1.4657,1.5285,4.172,0.58508,2.9762,3.6119,1.6157,1.6151,4.1911,0.72303,1.9756,2.7328,0.75927,2.2129,3.9965,2.6187,2.5674,4.5249,2.0883,2.063,3.4109,1.4999,2.7513,3.659,1.0136,2.3716,3.4808,2.6186,2.1074,4.66,1.4423,1.7115,4.437,1.5463,2.5681,3.6698,2.0656,2.4266,4.1671,2.6087,2.3206,4.8796,0.60828,2.5283,3.1338
1798.9,0.13908,120.32,16.905,0.26824,907.87,1.4202,1.7613,4.0893,1.301,2.2525,4.299,1.1092,1.9077,4.2377,2.4185,2.6176,4.2997,0.85232,2.0025,4.3239,1.5184,2.6076,3.8991,3.3783,2.8,6.2167,1.0918,1.9061,4.2525,1.7394,1.5531,4.1842,1.3048,2.2209,4.3789,0.80677,2.0484,4.214,3.022,2.8239,4.586,5.4227,2.6042,1.1614,1.3444,2.658,3.723,0.83732,2.1211,2.9693,2.5992,2.1913,4.6888,1.4286,1.6118,3.9447,0.58554,2.6726,3.6953,2.0804,1.7585,3.5516,1.028,2.3797,3.1914,0.040473,2.3165,3.2376,1.7424,1.664,3.4403,1.8271,2.6813,4.08,1.8067,1.7488,3.4327,1.4179,1.5807,3.9699,0.39331,2.1864,3.097,2.1404,2.4166,4.5119,1.4426,1.7242,3.2045,0.81871,1.9641,2.755,3.4136,2.8163,6.2671,2.1089,1.8071,3.5663,1.1342,2.7291,3.0647,1.8672,2.6019,4.1177,0.69912,1.9757,2.8243,1.0217,2.3927,3.1609,1.9675,1.9227,4.5959,1.7637,1.6077,3.9149,0.54689,2.1867,3.8024,1.2265,2.5981,3.7997,0.86071,2.1554,3.1211,2.749,2.3847,4.5352,2.247,2.2558,4.8736,1.5451,1.6806,3.9745,1.9378,1.9355,4.5542,1.5393,2.2304,3.2348,0.66984,2.2224,2.9691,2.4881,2.4697,4.4932,1.8327,2.6069,4.5781,1.7798,2.6106,4.5589,2.7791,2.4281,4.656,1.2655,2.5781,3.8224,1.8412,2.3108,4.4455,1.8017,2.9338,3.7216,0.68874,2.4821,2.6411,1.4305,2.1533,4.6192,2.0471,2.9508,3.9569,0.26545,2.4119,3.2651,1.671,1.5581,4.0573,0.64527,2.0849,2.9828,2.2597,2.2719,4.6702,0.80625,2.5001,3.2948,0.87124,2.1701,3.1035,6.1446,2.873,1.6652,2.1458,2.0859,4.7867,2.7284,2.4367,4.6089,2.5197,2.2236,4.9829,1.9131,2.5735,4.1964,1.0786,1.6963,4.0715,4.6638,2.7746,0.52159,0.79798,2.1365,2.9663,1.3261,2.0894,4.4122,0.98414,2.1626,3.3984,2.0417,2.6252,4.2695,1.7699,1.4921,4.1052,1.3224,2.5237,3.1786,0.8133,2.5266,3.6866,2.1116,1.8182,3.6258,1.5101,2.5053,3.4427,1.5972,2.6027,3.7023,1.578,1.5952,4.2346,1.8385,2.6036,4.258,1.9551,2.6113,4.4166,3.6501,2.7119,0.10023,1.7749,1.4839,4.0886,1.8799,1.9968,3.4963,2.0047,2.9267,4.8225,1.2932,2.5412,3.2578,2.5652,2.4339,4.8784,1.1094,2.6252,3.9849,1.5181,2.4777,3.4627,1.0719,1.8478,4.056,1.7149,1.5146,4.0365,1.8157,1.9813,3.4036,0.28797,2.8917,3.3471,2.9729,2.2809,4.731,1.2828,1.9454,4.2442,1.3665,2.6266,3.5794,1.3798,2.4811,3.3677,1.9283,1.8639,3.6126,1.9519,2.5371,4.1051,0.9906,2.3081,3.135,2.5429,1.969,5.1493,1.2889,2.6261,3.4877,1.281,2.5139,3.2542,0.50105,2.8835,3.5402,0.6004,1.872,2.6972,1.5549,1.9561,4.5341,1.4524,1.7385,4.1611,5.1371,2.8154,1.4296,0.79568,2.0784,2.8369,1.0988,2.6884,4.0215,2.3208,2.4935,3.6009,2.4649,2.3622,4.7362,3.0072,2.6099,4.6817,2.0979,2.5047,4.432,2.3869,2.2211,4.3579,0.68191,2.1522,3.1357,0.64141,2.3997,3.2157,0.58792,2.1397,3.6962,2.403,2.401,4.5774,1.0325,2.3976,3.1385,1.2028,1.6688,4.2432,1.6202,2.039,3.3591,5.8523,2.6194,1.5808,3.5131,2.8802,0.25546,0.83832,2.3629,3.0882,1.6795,1.5938,4.0437,1.5383,1.9247,3.1759,0.78577,2.4156,2.9703,2.1608,2.3022,4.78,1.2633,2.5747,3.2335,1.0286,1.9296,3.5111,0.33519,1.9912,3.3485,1.7733,1.9903,3.3433,2.4207,2.2181,4.3309,2.2695,2.1091,5.0155,1.2188,1.617,3.8519,0.70573,1.9753,2.8069,2.2754,2.1401,5.0648,2.4293,2.286,4.6522,1.5805,2.5071,3.9629,4.5394,2.8095,0.48692,1.9726,2.5216,4.065,0.79611,1.9456,4.106,1.4434,2.6747,4.3299,3.9401,2.7633,0.23824,1.5874,1.7227,3.3214,0.18937,2.2955,3.1986,5.1064,2.8119,1.0944,0.74563,2.694,3.4564,1.4147,2.5533,3.0411,2.2139,2.049,4.9141,1.44,1.9635,4.451,1.5295,1.6255,3.3341,1.4364,2.9051,3.3666,0.68362,2.3833,3.0487,0.86454,2.4251,3.0648,0.24011,2.5884,3.2997,1.714,2.398,4.2493,0.70777,2.4103,2.9769,0.94919,2.3767,3.4851,1.3924,1.7353,4.257,0.31662,2.3389,3.3363,1.5247,1.5753,3.3224,0.65584,2.3928,3.0222,3.5187,2.8315,0.19384,1.8733,2.5463,3.979,2.1109,2.2012,4.7042,2.1917,2.7324,4.7471,1.9308,1.8138,3.7959,1.2844,1.6722,3.7369,2.2419,2.0795,4.9869,1.3337,2.5706,3.8421,0.9714,3.0435,2.7878,4.8235,2.8544,0.53611,1.4489,2.7081,4.4691,1.9534,1.8628,3.8781,1.4035,2.662,3.0691,0.73751,2.7072,3.3896,1.1178,2.8708,4.2891,0.90038,2.5472,2.8514,0.6849,2.0744,2.895,0.53411,2.4244,3.3419,1.5614,2.1424,4.3849,1.6314,2.7234,4.6091,0.47482,2.0207,2.8662,2.0199,1.7976,3.7912,1.1729,1.6989,3.7481,2.1847,2.6299,4.5842,1.3202,1.6959,4.0611,1.3002,2.1327,3.1197,0.56018,2.0502,2.9204,0.59385,2.4022,2.7605,1.7306,2.46,4.2376,2.1696,2.5999,4.6082,0.51331,2.0425,2.8681,1.586,1.6697,3.3701,0.10326,3.062,1.9409,0.7087,2.5951,2.6855,3.2508,2.715,6.2145,0.40221,2.8741,3.1273,4.7621,2.8616,0.48099,2.2494,2.285,3.5019,1.2887,2.9676,4.1404,1.2028,2.4399,3.381,1.0203,3.0264,3.8954,2.2806,2.2273,3.6671,1.1577,1.6395,3.7559,2.4406,2.3758,4.6039,2.4271,2.7146,4.0937,1.3822,2.6688,4.3726,1.9181,1.7525,3.7912,1.2576,2.6327,3.768,2.2799,2.4144,4.7738,1.5998,2.5531,3.5716,2.1723,2.3046,4.1903,0.72697,1.9717,3.2603,2.1573,2.4267,3.5597,2.1816,2.3654,3.4893,2.2838,1.9981,5.0197,2.5581,2.2585,4.7772,2.2873,2.2639,3.7114,1.3414,1.5984,3.8918,2.1226,2.6064,4.5425,1.927,1.7995,3.7895,0.78114,2.0794,4.1759,1.5818,1.7019,4.2342,2.1801,2.6168,4.6326,1.45,2.4012,3.267,6.1338,2.9321,2.4661,1.8662,1.7717,3.5631,1.8282,2.8292,4.0875,2.189,1.9639,4.936,1.258,2.5962,4.4705,2.0344,2.1582,4.8984,1.607,1.6356,3.9593,1.625,2.0775,3.2815,1.1044,2.6513,3.6268,1.0097,2.7623,3.834,1.5193,2.5183,3.9464,1.1756,2.6699,3.6439,1.7861,1.586,4.0623,0.96211,2.4628,2.8752,2.0502,2.196,4.5342,0.46637,2.6789,3.2127,1.0014,1.907,4.2716,0.99597,2.2896,3.141,1.7493,2.4207,4.622,0.92466,2.009,2.8677,0.71409,1.9521,2.7357,1.5863,1.626,3.9655,0.98013,2.4404,2.9409,1.3026,1.5461,3.8647,2.7162,2.5662,4.6122,1.0565,2.2705,3.5211,1.2154,2.6733,3.7249,1.9846,1.9876,4.5464,1.0011,1.9239,4.2699,1.8996,1.7083,3.496,1.6584,2.572,3.9906,2.1578,2.5283,4.8349,2.0391,2.4372,3.5711,1.4505,2.973,3.6534,1.4661,1.5304,4.1705,0.58074,2.9755,3.6085,1.6167,1.6128,4.1901,0.72256,1.9748,2.7328,0.76084,2.2143,3.9975,2.617,2.5667,4.5259,2.0918,2.061,3.4113,1.5034,2.7474,3.6646,1.0107,2.3762,3.4761,2.6223,2.1106,4.6668,1.4411,1.7122,4.4378,1.5453,2.5684,3.673,2.0662,2.43,4.1704,2.607,2.3197,4.8773,0.61234,2.5288,3.138
1798.9,0.13908,120.32,16.905,0.27718,925.25,1.4177,1.7593,4.0877,1.303,2.2529,4.3025,1.1063,1.9058,4.2367,2.417,2.6166,4.3013,0.85167,2.002,4.3257,1.5185,2.6097,3.8988,3.3877,2.7975,1.5681,1.0884,1.9039,4.2528,1.7398,1.5499,4.1819,1.3044,2.2202,4.3828,0.80612,2.048,4.2154,3.024,2.8233,4.5869,5.4187,2.5993,1.1591,1.3438,2.657,3.7218,0.83395,2.1198,2.9675,2.6025,2.1938,4.6947,1.4264,1.6111,3.9454,0.58179,2.6748,3.6879,2.0831,1.7576,3.5541,1.0219,2.3799,3.1887,0.033296,2.3168,3.2279,1.7409,1.6625,3.4423,1.8247,2.6781,4.078,1.8076,1.75,3.434,1.4166,1.5798,3.97,0.39396,2.1869,3.0952,2.1421,2.4172,4.5134,1.4411,1.7261,3.2043,0.81781,1.9642,2.7553,3.4295,2.8141,0.13119,2.1133,1.8069,3.5698,1.1389,2.7299,3.0712,1.8696,2.6024,4.122,0.69979,1.9777,2.8243,1.0184,2.3917,3.1621,1.9708,1.9226,4.5997,1.7655,1.608,3.9161,0.54971,2.1855,3.8062,1.23,2.5997,3.8035,0.85798,2.1569,3.1189,2.753,2.386,4.5389,2.2517,2.2572,4.8786,1.547,1.6797,3.9755,1.9403,1.9357,4.5564,1.5414,2.2314,3.2342,0.66764,2.2244,2.9675,2.4896,2.4715,4.498,1.8286,2.6073,4.5671,1.7765,2.6109,4.5503,2.7865,2.4298,4.6668,1.2645,2.5796,3.8188,1.8474,2.3136,4.4499,1.7985,2.9315,3.7182,0.69215,2.4828,2.6436,1.4248,2.1569,4.6159,2.0483,2.9468,3.957,0.26271,2.4116,3.2615,1.6715,1.5571,4.0564,0.64391,2.0848,2.981,2.259,2.2722,4.669,0.80583,2.497,3.2987,0.86962,2.1713,3.1017,6.1431,2.8718,1.6632,2.1515,2.0879,4.7922,2.7325,2.4379,4.6162,2.519,2.2202,4.9804,1.9129,2.5715,4.1956,1.0784,1.6926,4.0748,4.6629,2.7708,0.52108,0.79676,2.1369,2.966,1.328,2.0895,4.4159,0.98128,2.1654,3.3948,2.0376,2.6224,4.2649,1.7724,1.4888,4.1034,1.3265,2.5233,3.1795,0.81533,2.5287,3.6843,2.1139,1.8152,3.6233,1.5095,2.5072,3.4453,1.5987,2.6042,3.709,1.5755,1.5956,4.234,1.8352,2.5999,4.2529,1.9544,2.6073,4.4149,3.6586,2.7088,0.10757,1.7777,1.4798,4.0856,1.8864,1.9961,3.4992,1.9998,2.9262,4.8173,1.2956,2.5415,3.2602,2.5637,2.4336,4.8756,1.1104,2.6255,3.981,1.5163,2.4792,3.4637,1.0691,1.8472,4.0557,1.7171,1.513,4.0353,1.8201,1.9799,3.404,0.29039,2.8899,3.3488,2.9749,2.2795,4.7333,1.2811,1.945,4.2455,1.3687,2.6265,3.5852,1.378,2.4823,3.3696,1.9316,1.8605,3.611,1.9529,2.5399,4.1092,0.98775,2.3084,3.134,2.5421,1.9688,5.1493,1.2909,2.6256,3.4929,1.2761,2.5149,3.2522,0.5055,2.881,3.5438,0.59924,1.8722,2.6935,1.549,1.9546,4.5333,1.4521,1.736,4.1616,5.128,2.8125,1.4192,0.79469,2.0777,2.8377,1.0988,2.6899,4.0184,2.3268,2.4918,3.6024,2.4627,2.3604,4.732,3.0132,2.6067,4.6853,2.0977,2.5052,4.4308,2.3891,2.2252,4.3641,0.67754,2.155,3.1285,0.6487,2.3983,3.2229,0.58846,2.1398,3.6963,2.4051,2.4002,4.582,1.0387,2.3961,3.1445,1.2003,1.6723,4.241,1.6168,2.0389,3.3557,5.8436,2.6161,1.5719,3.5144,2.8784,0.25734,0.8352,2.3617,3.0879,1.6798,1.5931,4.0428,1.5402,1.9265,3.1765,0.78562,2.4139,2.9721,2.1626,2.301,4.7777,1.2657,2.5761,3.2369,1.0293,1.9276,3.5118,0.32973,1.9932,3.3519,1.7766,1.9885,3.3412,2.4249,2.2236,4.339,2.273,2.1067,5.0162,1.216,1.6142,3.8517,0.70531,1.9749,2.8068,2.2785,2.1383,5.066,2.4321,2.288,4.6568,1.5804,2.5109,3.9624,4.5454,2.8046,0.49481,1.9738,2.5272,4.0679,0.79537,1.9457,4.1057,1.4499,2.6772,4.3309,3.9494,2.7609,0.24877,1.5905,1.727,3.3231,0.18823,2.2954,3.1949,5.1086,2.807,1.0988,0.7467,2.6919,3.457,1.4163,2.5548,3.0399,2.2177,2.0466,4.9143,1.4378,1.9592,4.4535,1.5297,1.6249,3.3355,1.4378,2.9049,3.3654,0.68805,2.3818,3.0554,0.86274,2.4243,3.0665,0.2396,2.5874,3.297,1.7178,2.4016,4.2533,0.71391,2.4097,2.9835,0.94443,2.3824,3.4779,1.3922,1.7332,4.2551,0.31595,2.339,3.3341,1.5246,1.5731,3.3241,0.65985,2.3918,3.0283,3.5278,2.8297,0.2037,1.8699,2.546,3.9782,2.115,2.201,4.7073,2.1813,2.7299,4.7328,1.9317,1.808,3.7939,1.2841,1.6692,3.738,2.2447,2.0776,4.9871,1.3322,2.5691,3.8384,0.96265,3.0432,2.7785,4.8255,2.8507,0.54011,1.4525,2.7076,4.4705,1.9555,1.86,3.8788,1.4076,2.6628,3.0753,0.74178,2.7058,3.3943,1.1234,2.869,4.2942,0.90729,2.5484,2.8571,0.68577,2.0775,2.8949,0.53482,2.4251,3.3404,1.5618,2.14,4.3898,1.6379,2.7236,4.613,0.472,2.0217,2.8609,2.0208,1.7956,3.7913,1.1717,1.6946,3.7509,2.1835,2.6285,4.581,1.318,1.6988,4.0583,1.2973,2.1314,3.118,0.55804,2.0514,2.9161,0.59762,2.4009,2.7664,1.7337,2.4649,4.2386,2.1653,2.5972,4.6013,0.51117,2.0428,2.8645,1.5864,1.6694,3.3719,0.084135,3.0622,1.9198,0.70847,2.5991,2.684,3.2595,2.713,1.5636,0.41613,2.8726,3.1432,4.7657,2.8595,0.48626,2.2496,2.2815,3.4973,1.2879,2.9648,4.1405,1.1981,2.4414,3.3785,1.0148,3.025,3.8924,2.2785,2.2272,3.663,1.1562,1.633,3.7592,2.4407,2.3763,4.6044,2.4232,2.7152,4.0964,1.3842,2.6687,4.3716,1.9187,1.747,3.79,1.2596,2.6296,3.7697,2.2795,2.4139,4.7689,1.5984,2.5529,3.5772,2.1733,2.3087,4.1945,0.7247,1.9742,3.2565,2.153,2.4273,3.5539,2.1777,2.3633,3.4813,2.2854,1.9985,5.0197,2.5558,2.2575,4.7769,2.2845,2.2656,3.7089,1.341,1.5977,3.8922,2.1162,2.6025,4.5334,1.9284,1.7947,3.7867,0.78155,2.0775,4.1814,1.5806,1.699,4.2331,2.1746,2.6138,4.6249,1.4504,2.402,3.2673,6.1413,2.9331,2.475,1.8679,1.771,3.565,1.8276,2.824,4.0855,2.1931,1.9635,4.9391,1.2601,2.5965,4.4747,2.0381,2.1594,4.899,1.6072,1.6326,3.9593,1.6267,2.0794,3.2798,1.1048,2.6497,3.6263,1.0103,2.7609,3.8318,1.5227,2.5198,3.9501,1.176,2.6681,3.6426,1.7843,1.5822,4.062,0.96359,2.4634,2.8778,2.0552,2.1993,4.5389,0.47442,2.6744,3.22,0.99846,1.9052,4.2713,0.99625,2.2892,3.143,1.7531,2.4209,4.6237,0.92271,2.0075,2.8672,0.71353,1.951,2.7356,1.5859,1.6239,3.9655,0.98077,2.4407,2.9446,1.3,1.5443,3.8657,2.7148,2.5658,4.6118,1.0546,2.2754,3.5171,1.2174,2.6705,3.7264,1.9854,1.9879,4.5488,0.99929,1.9223,4.2708,1.9014,1.7092,3.4977,1.6581,2.5734,3.9902,2.1597,2.528,4.8333,2.0359,2.4394,3.5672,1.4592,2.969,3.662,1.4665,1.5322,4.169,0.57645,2.9748,3.6052,1.6179,1.6108,4.1889,0.72208,1.9741,2.7326,0.76231,2.2158,3.9982,2.6154,2.5661,4.5271,2.0952,2.059,3.4117,1.5068,2.7436,3.6701,1.0082,2.3804,3.4718,2.6259,2.1136,4.6734,1.4398,1.713,4.4384,1.5443,2.5688,3.6762,2.0668,2.4334,4.1735,2.6054,2.3186,4.8751,0.61636,2.5293,3.1421
1798.9,0.13908,120.32,16.905,0.28612,942.04,1.4152,1.7573,4.0862,1.305,2.2535,4.306,1.1034,1.9039,4.2358,2.4156,2.6155,4.3029,0.85103,2.0014,4.3273,1.5184,2.6119,3.8986,3.3969,2.7947,0.016021,1.0851,1.9016,4.253,1.7403,1.5469,4.1796,1.3039,2.2195,4.3865,0.80556,2.0477,4.2169,3.0258,2.8227,4.5877,5.415,2.5945,1.157,1.3431,2.656,3.7205,0.83063,2.1184,2.9658,2.6057,2.1961,4.7004,1.4242,1.6104,3.9461,0.57821,2.6769,3.6806,2.0856,1.7567,3.5565,1.0156,2.3801,3.1857,0.026277,2.3171,3.2186,1.7395,1.661,3.4442,1.8224,2.6749,4.0761,1.8084,1.7512,3.4353,1.4153,1.579,3.97,0.39459,2.1876,3.0932,2.1437,2.4179,4.5149,1.4397,1.7281,3.2042,0.81695,1.9641,2.7557,3.4453,2.8118,0.013027,2.1178,1.8068,3.5734,1.1437,2.7308,3.0773,1.872,2.6029,4.1265,0.70036,1.9796,2.8243,1.0152,2.3908,3.163,1.9739,1.9225,4.6034,1.7672,1.6087,3.9172,0.55264,2.1842,3.81,1.2336,2.6012,3.8072,0.85532,2.1584,3.1167,2.7569,2.3873,4.5424,2.2565,2.2586,4.8837,1.5487,1.6787,3.9765,1.943,1.9359,4.5586,1.5437,2.2325,3.2338,0.66563,2.2264,2.9661,2.4911,2.4732,4.5028,1.8245,2.6079,4.5562,1.7733,2.6111,4.5418,2.7936,2.4314,4.6771,1.2635,2.5812,3.8151,1.8537,2.3164,4.4544,1.7953,2.9293,3.7149,0.69537,2.4837,2.6459,1.419,2.1605,4.6123,2.0495,2.943,3.9574,0.25992,2.4114,3.2578,1.672,1.5562,4.0555,0.64263,2.0846,2.9793,2.2582,2.2724,4.6676,0.805,2.494,3.3022,0.86801,2.1723,3.1001,6.1422,2.8707,1.6618,2.157,2.0896,4.7973,2.7364,2.4389,4.623,2.5182,2.2165,4.9781,1.9128,2.5698,4.1949,1.0782,1.6888,4.0782,4.6617,2.7673,0.52037,0.79576,2.1373,2.966,1.3298,2.0895,4.4195,0.97839,2.1681,3.3913,2.0336,2.6196,4.2605,1.775,1.4852,4.1014,1.3306,2.5228,3.1804,0.81734,2.5309,3.682,2.1162,1.8122,3.6207,1.5093,2.5092,3.4483,1.6004,2.6055,3.7159,1.5731,1.5962,4.2336,1.8322,2.5964,4.2478,1.9536,2.6034,4.4132,3.667,2.7057,0.1148,1.7806,1.4754,4.0825,1.8926,1.9953,3.5021,1.9948,2.9255,4.8119,1.2979,2.5417,3.2625,2.5623,2.4334,4.8728,1.1113,2.6257,3.9771,1.5144,2.4807,3.4649,1.0662,1.8465,4.0555,1.7193,1.5114,4.0341,1.8245,1.9785,3.4045,0.29283,2.888,3.3506,2.9768,2.2781,4.7356,1.2794,1.9446,4.2469,1.3709,2.6264,3.5911,1.3761,2.4834,3.3716,1.9349,1.8573,3.6095,1.9538,2.5424,4.1133,0.98491,2.3086,3.133,2.5412,1.9687,5.1493,1.2929,2.6251,3.4981,1.2711,2.516,3.25,0.50968,2.8786,3.5473,0.59817,1.8723,2.69,1.5432,1.9532,4.5324,1.4518,1.7335,4.1622,5.1191,2.8097,1.4091,0.79374,2.077,2.8385,1.0987,2.6914,4.0153,2.3329,2.4903,3.6044,2.4606,2.3587,4.7277,3.0191,2.6036,4.6885,2.0975,2.5057,4.4297,2.3914,2.2294,4.3705,0.67312,2.1577,3.1214,0.65588,2.3969,3.2301,0.58903,2.1398,3.6965,2.4073,2.3994,4.5866,1.0448,2.3947,3.1504,1.1977,1.6758,4.2388,1.6132,2.0386,3.3522,5.8354,2.613,1.5632,3.5152,2.8765,0.2587,0.83194,2.3605,3.0873,1.6801,1.5923,4.0419,1.5422,1.9281,3.1773,0.78542,2.4123,2.9737,2.1645,2.2999,4.7755,1.268,2.5775,3.2404,1.03,1.9254,3.5126,0.32446,1.9952,3.3552,1.7798,1.9866,3.3391,2.4294,2.229,4.3474,2.2764,2.1044,5.017,1.2132,1.6114,3.8516,0.70483,1.9743,2.8065,2.2814,2.1363,5.067,2.4348,2.29,4.6614,1.5803,2.5147,3.9618,4.5512,2.7998,0.50248,1.9747,2.5328,4.0708,0.79465,1.9457,4.1056,1.4564,2.6797,4.3321,3.9583,2.7585,0.25899,1.5937,1.7314,3.325,0.18722,2.2953,3.1913,5.1109,2.8022,1.1032,0.74757,2.6899,3.4573,1.4178,2.5562,3.0386,2.2215,2.0441,4.9145,1.4356,1.9549,4.4559,1.5298,1.6243,3.337,1.4393,2.9047,3.3645,0.69229,2.3804,3.0619,0.86094,2.4235,3.0681,0.23904,2.5864,3.2945,1.7214,2.4049,4.257,0.71992,2.409,2.9898,0.93963,2.388,3.4707,1.3921,1.731,4.2534,0.31521,2.3391,3.3318,1.5243,1.5709,3.3257,0.6637,2.391,3.0342,3.5365,2.8277,0.21318,1.8666,2.5458,3.9776,2.1193,2.2008,4.7104,2.1713,2.7273,4.719,1.9325,1.8022,3.792,1.2837,1.6663,3.739,2.2473,2.0757,4.9872,1.3308,2.5676,3.8347,0.95367,3.0429,2.769,4.8272,2.8472,0.54402,1.4561,2.7071,4.4719,1.9577,1.8574,3.8796,1.4115,2.6636,3.0816,0.74571,2.7044,3.3985,1.1288,2.8671,4.2991,0.91392,2.5497,2.8626,0.68664,2.0805,2.895,0.53563,2.4257,3.3389,1.5622,2.1374,4.3946,1.6441,2.7237,4.6167,0.46931,2.0225,2.8559,2.0216,1.7935,3.7914,1.1706,1.6904,3.7536,2.1826,2.6272,4.5781,1.3158,1.7017,4.0557,1.2944,2.1301,3.1164,0.556,2.0526,2.9118,0.6013,2.3995,2.7722,1.7367,2.4695,4.2394,2.1613,2.5944,4.5947,0.50912,2.0431,2.861,1.5868,1.6693,3.3738,0.064776,3.0624,1.8985,0.70799,2.6031,2.6822,3.2676,2.711,0.0087192,0.42989,2.8711,3.1589,4.7692,2.8575,0.49146,2.2498,2.278,3.4928,1.287,2.9621,4.1404,1.1935,2.4429,3.376,1.0088,3.0237,3.889,2.2763,2.2271,3.6588,1.1547,1.6266,3.7626,2.4408,2.3769,4.605,2.4195,2.7157,4.0993,1.386,2.6686,4.3706,1.9194,1.7415,3.7887,1.2617,2.6265,3.7713,2.2791,2.4134,4.7642,1.597,2.5527,3.583,2.1742,2.3126,4.1988,0.72242,1.9766,3.2528,2.1488,2.4278,3.5481,2.1739,2.3612,3.4734,2.2868,1.999,5.0196,2.5535,2.2565,4.7765,2.2818,2.2672,3.7064,1.3407,1.5969,3.8924,2.1101,2.5987,4.5248,1.9298,1.7901,3.7842,0.78196,2.0756,4.1867,1.5795,1.6962,4.2321,2.1693,2.6108,4.6174,1.4509,2.403,3.2675,6.1488,2.9342,2.484,1.8696,1.7702,3.5667,1.8271,2.8189,4.0838,2.197,1.9629,4.9419,1.2623,2.5968,4.4787,2.0418,2.1605,4.8997,1.6073,1.6297,3.9593,1.6286,2.0812,3.2782,1.1053,2.6481,3.6258,1.0109,2.7594,3.8295,1.526,2.5211,3.9538,1.1764,2.6662,3.6413,1.7824,1.5786,4.0617,0.96512,2.4641,2.8804,2.0599,2.2026,4.5434,0.48213,2.6699,3.2268,0.99567,1.9036,4.2709,0.9965,2.289,3.1449,1.7569,2.421,4.6253,0.9208,2.0061,2.8666,0.71302,1.95,2.7357,1.5855,1.6219,3.9655,0.98134,2.441,2.9482,1.2973,1.5426,3.8668,2.7133,2.5653,4.6113,1.0528,2.2803,3.5132,1.2193,2.6677,3.7278,1.9863,1.9881,4.5512,0.99749,1.9207,4.2716,1.9034,1.7101,3.4993,1.6579,2.5748,3.9898,2.1617,2.5278,4.8318,2.033,2.4416,3.5634,1.4676,2.965,3.6704,1.4668,1.5339,4.1676,0.57217,2.9741,3.6018,1.6191,1.6088,4.1879,0.72163,1.9734,2.7325,0.76371,2.2172,3.999,2.6139,2.5654,4.5282,2.0987,2.0571,3.4123,1.5102,2.7399,3.6754,1.0057,2.3844,3.4676,2.6293,2.1165,4.6798,1.4386,1.7139,4.4391,1.5433,2.5691,3.6791,2.0674,2.4366,4.1766,2.6038,2.3177,4.8728,0.6203,2.5298,3.1462
