cp_tau_s: 796.5805716911949
cp_b: 12.88344817798924
cp_tau_0: 413.3148129707519
cp_n: 18.56664369071814
cp_gamma_0: 3.25e-05
