cp_lh_0: 324.8818357924467
cp_lh_1: 240.60627221309798
cp_tau_0: 42.954545164459425
cp_n: 1.0354670189209938
cp_gamma_0: 3.333e-05
vp_s0: 93.655
vp_R: 3957.3
vp_d: 0.5651
vp_n: 7.3648
vp_eta: 721.59
