cp_tau_s: 798.2516514235081
cp_b: 14.101809222036042
cp_tau_0: 446.23200883642625
cp_n: 18.038975033783142
cp_gamma_0: 3.25e-05
