cp_lh_0: 102.92097798547009
cp_lh_1: 53.015673990618694
cp_tau_0: 87.90355857621917
cp_n: 1.2198779098347239
cp_gamma_0: 3.333e-05
vp_s0: 93.655
vp_R: 3957.3
vp_d: 0.5651
vp_n: 7.3648
vp_eta: 721.59
