cp_tau_s: 2389.773000328087
cp_b: 9.850130733987045
cp_tau_0: 267.4909922196088
cp_n: 8.896469301197513
cp_gamma_0: 3.25e-05
