cp_tau_s: 1278.988321596437
cp_b: 6.03155079844415
cp_tau_0: 171.68497435643465
cp_n: 13.178573279682308
cp_gamma_0: 2.204841384680568e-05
