cp_tau_s: 409.7138486792345
cp_b: 8.059036667921976
cp_tau_0: 88.79685575079742
cp_n: 2.4116594651045067
cp_gamma_0: 3.25e-05
