cp_tau_s: 114.27953644449562
cp_b: 19.721784650433488
cp_tau_0: 279.26301163745217
cp_n: 17.677610693322723
cp_gamma_0: 3.25e-05
