cp_tau_s: 213.75365990025924
cp_b: 2.8588354047547155
cp_tau_0: 57.43258726957505
cp_n: 9.624265952123451
cp_gamma_0: 3.331364764577094e-06
