cp_tau_s: 974.2327713692673
cp_b: 10.185645108746968
cp_tau_0: 184.07494144637946
cp_n: 19.527901540506242
cp_gamma_0: 3.25e-05
