cp_lh_0: 258.52934125399213
cp_lh_1: 96.6787456291659
cp_lh_2: 50.574638026973275
cp_lh_3: 377.75922617383776
cp_lh_4: 20.202465805528156
cp_lh_5: 376.44019798086487
cp_tau_0: 35.87589956788996
cp_n: 8.142190498601757
cp_gamma_0: 3.333e-05
vp_s0: 93.655
vp_R: 3957.3
vp_d: 0.5651
vp_n: 7.3648
vp_eta: 721.59
