cp_tau_s: 454.4567749509625
cp_b: 6.98924979166594
cp_tau_0: 163.53107415497695
cp_n: 5.732727301780828
cp_gamma_0: 1.4177460387340003e-05
