cp_tau_s: 441.74363856711716
cp_b: 7.622715659253194
cp_tau_0: 77.05239630739179
cp_n: 5.013262464255113
cp_gamma_0: 3.333e-05
vp_s0: 93.655
vp_R: 3957.3
vp_d: 0.5651
vp_n: 7.3648
vp_eta: 721.59
