cp_tau_s: 335.9787858102652
cp_b: 1.333763071201176
cp_tau_0: 159.5918827918381
cp_n: 1.5494509133059675
cp_gamma_0: 1.616100415002145e-05
