cp_lh_0: 148.0915917236234
cp_lh_1: 173.71241281499363
cp_tau_0: 57.19245111317076
cp_n: 14.050715230792996
cp_gamma_0: 3.3306844660140967e-05
