cp_lh_0: 563.9098950812165
cp_lh_1: 279.81475744933795
cp_tau_0: 215.11462431020428
cp_n: 6.790061622943882
cp_gamma_0: 1.2335859920461487e-05
