cp_lh_0: 157.6858599389198
cp_lh_1: 243.78759169892828
cp_tau_0: 74.92352917088917
cp_n: 10.65943347207685
cp_gamma_0: 3.333e-05
vp_s0: 93.655
vp_R: 3957.3
vp_d: 0.5651
vp_n: 7.3648
vp_eta: 721.59
