cp_tau_s: 336.6660392298691
cp_b: 4.854545922193585
cp_tau_0: 264.59637132731064
cp_n: 15.500518470312088
cp_gamma_0: 6.343094745095408e-06
