cp_tau_s: 1140.9789368670492
cp_b: 0.8383205724424024
cp_tau_0: 131.95311740451314
cp_n: 15.703917717086004
cp_gamma_0: 3.25e-05
