cp_tau_s: 1342.4710389146521
cp_b: 4.959006758754864
cp_tau_0: 211.5237827578586
cp_n: 10.955693227300028
cp_gamma_0: 5.156869979388556e-05
