cp_tau_s: 140.81892049921044
cp_b: 7.699005819110826
cp_tau_0: 285.3755692952251
cp_n: 2.563818701486703
cp_gamma_0: 3.4010804062166564e-06
