cp_tau_s: 0.00055495
cp_b: 0.00038001
cp_tau_0: 308.94
cp_n: 1.9887
cp_gamma_0: 3.25e-05
