cp_lh_0: 78.0367463680499
cp_lh_1: 887.1806567455277
cp_tau_0: 76.6066413686808
cp_n: 16.31641697410845
cp_gamma_0: 3.25e-05
