cp_tau_s: 311.3771031923848
cp_b: 17.084700978690883
cp_tau_0: 37.315635699764705
cp_n: 18.564925275359325
cp_gamma_0: 3.25e-05
