cp_lh_0: 218.66914667699447
cp_lh_1: 224.13987122749188
cp_lh_2: 248.46399399711822
cp_lh_3: 256.5781785458164
cp_lh_4: 71.80865677887488
cp_lh_5: 250.40663871516338
cp_tau_0: 40.75194499038775
cp_n: 2.237792552154276
cp_gamma_0: 3.333e-05
vp_s0: 93.655
vp_R: 3957.3
vp_d: 0.5651
vp_n: 7.3648
vp_eta: 721.59
