cp_tau_s: 440.3206366141397
cp_b: 10.682823691937667
cp_tau_0: 30.238013146303068
cp_n: 13.676041819843016
cp_gamma_0: 3.25e-05
