cp_tau_s: 1224.389089724553
cp_b: 0.609961851752765
cp_tau_0: 23.18857857227938
cp_n: 1.1557176172467925
cp_gamma_0: 3.25e-05
