cp_tau_s: 700.3124852788578
cp_b: 7.017233250183908
cp_tau_0: 290.33803379192096
cp_n: 15.543339488140049
cp_gamma_0: 3.25e-05
