cp_tau_s: 1225.4361794610988
cp_b: 18.108167180516595
cp_tau_0: 480.7593347505054
cp_n: 12.216254842280382
cp_gamma_0: 3.25e-05
