cp_tau_s: 1227.0643584595953
cp_b: 15.689605595157584
cp_tau_0: 132.82096834519544
cp_n: 13.840290624831546
cp_gamma_0: 3.25e-05
