cp_tau_s: 690.0145153998089
cp_b: 4.80401456634425
cp_tau_0: 103.93979010528228
cp_n: 6.855382276342665
cp_gamma_0: 3.25e-05
