cp_lh_0: 755.6834392456512
cp_lh_1: 657.6494810830252
cp_lh_2: 947.96579830246
cp_lh_3: 228.460210350213
cp_lh_4: 767.5623955531571
cp_lh_5: 453.9228256036905
cp_tau_0: 159.27786182447565
cp_n: 9.70115921925196
cp_gamma_0: 3.25e-05
