cp_lh_0: 315.73847243771087
cp_lh_1: 113.80402200048651
cp_tau_0: 172.2455627578435
cp_n: 9.407529641574355
cp_gamma_0: 3.333e-05
vp_s0: 93.655
vp_R: 3957.3
vp_d: 0.5651
vp_n: 7.3648
vp_eta: 721.59
