cp_lh_0: 42.11709237693405
cp_lh_1: 28.58456078202777
cp_lh_2: 2.6214978776585527
cp_lh_3: 275.2443237515764
cp_lh_4: 324.2208362264158
cp_lh_5: 368.37209972331823
cp_tau_0: 129.05156893420897
cp_n: 7.296092513442067
cp_gamma_0: 3.333e-05
vp_s0: 93.655
vp_R: 3957.3
vp_d: 0.5651
vp_n: 7.3648
vp_eta: 721.59
