cp_tau_s: 616.1835616074269
cp_b: 0.6687446346814226
cp_tau_0: 74.22560183770482
cp_n: 11.31691340188764
cp_gamma_0: 8.518091605459014e-05
