cp_lh_0: 16.46461355861993
cp_lh_1: 553.994564412283
cp_tau_0: 435.8207792626204
cp_n: 13.611271386870799
cp_gamma_0: 3.25e-05
