cp_tau_s: 141.60688506474528
cp_b: 16.36674623450066
cp_tau_0: 336.59398853275883
cp_n: 11.768354222483534
cp_gamma_0: 3.25e-05
