cp_tau_s: 382.24385029497165
cp_b: 5.452197984722147
cp_tau_0: 72.82033037692597
cp_n: 6.714942225788644
cp_gamma_0: 5.21350308280992e-05
