cp_lh_0: 38.575521168897644
cp_lh_1: 202.35365375779585
cp_lh_2: 243.09142979714431
cp_lh_3: 237.99294071099112
cp_lh_4: 317.37851199934886
cp_lh_5: 57.8727053569391
cp_tau_0: 115.23689770382019
cp_n: 13.901888784731433
cp_gamma_0: 3.333e-05
vp_s0: 93.655
vp_R: 3957.3
vp_d: 0.5651
vp_n: 7.3648
vp_eta: 721.59
