cp_tau_s: 65.48252621882979
cp_b: 5.317655093897758
cp_tau_0: 245.53949487473054
cp_n: 4.145434866167812
cp_gamma_0: 9.492520800122199e-05
