cp_tau_s: 500.5031242015574
cp_b: 4.489700583256901
cp_tau_0: 260.6184921883545
cp_n: 19.93832443331256
cp_gamma_0: 3.25e-05
