cp_lh_0: 306.63748858726336
cp_lh_1: 62.96963783311076
cp_tau_0: 127.3217501907034
cp_n: 1.3083938248497218
cp_gamma_0: 3.333e-05
vp_s0: 93.655
vp_R: 3957.3
vp_d: 0.5651
vp_n: 7.3648
vp_eta: 721.59
