cp_lh_0: 374.3223687749396
cp_lh_1: 41.296954655169046
cp_tau_0: 30.471140803460568
cp_n: 8.732534685799866
cp_gamma_0: 3.333e-05
vp_s0: 93.655
vp_R: 3957.3
vp_d: 0.5651
vp_n: 7.3648
vp_eta: 721.59
