cp_lh_0: 263.13330005464775
cp_lh_1: 278.23442037514104
cp_lh_2: 333.50365282704934
cp_lh_3: 194.63108827044627
cp_lh_4: 139.1222678566334
cp_lh_5: 357.9173641330486
cp_tau_0: 25.873268714428953
cp_n: 8.690292271432085
cp_gamma_0: 3.333e-05
vp_s0: 93.655
vp_R: 3957.3
vp_d: 0.5651
vp_n: 7.3648
vp_eta: 721.59
