cp_lh_0: 193.95733979124194
cp_lh_1: 279.7398822630103
cp_tau_0: 14.685085775070721
cp_n: 15.785822732704824
cp_gamma_0: 3.333e-05
vp_s0: 93.655
vp_R: 3957.3
vp_d: 0.5651
vp_n: 7.3648
vp_eta: 721.59
