cp_lh_0: 268.3239439410597
cp_lh_1: 229.1689774107303
cp_tau_0: 115.36124300433606
cp_n: 4.347624304100123
cp_gamma_0: 3.333e-05
vp_s0: 93.655
vp_R: 3957.3
vp_d: 0.5651
vp_n: 7.3648
vp_eta: 721.59
