cp_tau_s: 1941.697649217052
cp_b: 6.758722096320497
cp_tau_0: 79.53926425004714
cp_n: 12.900769639971625
cp_gamma_0: 3.25e-05
