cp_lh_0: 191.8344833691255
cp_lh_1: 117.9180120064719
cp_tau_0: 101.80312977393304
cp_n: 5.897561980320705
cp_gamma_0: 3.333e-05
vp_s0: 93.655
vp_R: 3957.3
vp_d: 0.5651
vp_n: 7.3648
vp_eta: 721.59
