cp_lh_0: 276.1420208791847
cp_lh_1: 92.64658655438465
cp_lh_2: 398.96021817672073
cp_lh_3: 54.98558918243748
cp_lh_4: 219.29094781389972
cp_lh_5: 316.60075622949273
cp_tau_0: 94.79801699799992
cp_n: 11.43307325165204
cp_gamma_0: 3.333e-05
vp_s0: 93.655
vp_R: 3957.3
vp_d: 0.5651
vp_n: 7.3648
vp_eta: 721.59
