cp_lh_0: 477.40346798753575
cp_lh_1: 742.5159362880628
cp_tau_0: 82.90031695424238
cp_n: 17.229886084429378
cp_gamma_0: 3.25e-05
