cp_lh_0: 166.26076916728806
cp_lh_1: 291.5252600100914
cp_tau_0: 10.43577058033071
cp_n: 2.454759832439869
cp_gamma_0: 3.333e-05
vp_s0: 93.655
vp_R: 3957.3
vp_d: 0.5651
vp_n: 7.3648
vp_eta: 721.59
