cp_tau_s: 232.0765025727411
cp_b: 4.834154503264586
cp_tau_0: 105.02937001669201
cp_n: 13.439003535536077
cp_gamma_0: 7.56942551183687e-05
