cp_tau_s: 250.60140541859792
cp_b: 6.609805831678626
cp_tau_0: 207.50938339005336
cp_n: 19.044390395960807
cp_gamma_0: 3.25e-05
