cp_lh_0: 193.17406085752904
cp_lh_1: 231.82749827005603
cp_lh_2: 232.54894800040768
cp_lh_3: 230.18450238655896
cp_lh_4: 41.507313889100466
cp_lh_5: 360.6296629253276
cp_tau_0: 3.2146597666372707
cp_n: 10.122513693051582
cp_gamma_0: 3.333e-05
vp_s0: 93.655
vp_R: 3957.3
vp_d: 0.5651
vp_n: 7.3648
vp_eta: 721.59
