cp_lh_0: 185.59891607985782
cp_lh_1: 321.6048092696617
cp_tau_0: 102.3563604221488
cp_n: 6.845621018187122
cp_gamma_0: 3.25e-05
