cp_lh_0: 236.12298357704026
cp_lh_1: 367.4863653969111
cp_lh_2: 110.57576150118933
cp_lh_3: 241.34253836458112
cp_lh_4: 303.69009934358496
cp_lh_5: 233.22730222645737
cp_tau_0: 45.52567945185779
cp_n: 7.388335883417232
cp_gamma_0: 3.333e-05
vp_s0: 93.655
vp_R: 3957.3
vp_d: 0.5651
vp_n: 7.3648
vp_eta: 721.59
