cp_lh_0: 528.873536511057
cp_lh_1: 175.70143827999084
cp_tau_0: 293.1050644173555
cp_n: 9.176139323178765
cp_gamma_0: 9.78137491481979e-05
