cp_tau_s: 1483.2926984479973
cp_b: 16.163978093883273
cp_tau_0: 459.6334045587221
cp_n: 6.167811131584582
cp_gamma_0: 3.25e-05
