cp_lh_0: 501.95205881568927
cp_lh_1: 213.86109394655406
cp_lh_2: 952.3536264039308
cp_lh_3: 465.1749621503997
cp_lh_4: 741.2599611561549
cp_lh_5: 628.2874393333676
cp_tau_0: 476.36535056160653
cp_n: 16.21199905494635
cp_gamma_0: 3.25e-05
