cp_lh_0: 136.06520824966586
cp_lh_1: 191.01104141185752
cp_tau_0: 1.4187039352681063
cp_n: 12.939198481362595
cp_gamma_0: 3.333e-05
vp_s0: 93.655
vp_R: 3957.3
vp_d: 0.5651
vp_n: 7.3648
vp_eta: 721.59
