cp_tau_s: 1349.7599722033656
cp_b: 3.254354196327249
cp_tau_0: 134.79262111396787
cp_n: 6.3060261621623015
cp_gamma_0: 3.25e-05
