cp_tau_s: 635.2642872548071
cp_b: 5.104954429926999
cp_tau_0: 195.05463243783137
cp_n: 13.074252377741058
cp_gamma_0: 3.333e-05
vp_s0: 93.655
vp_R: 3957.3
vp_d: 0.5651
vp_n: 7.3648
vp_eta: 721.59
