cp_lh_0: 249.65136508013143
cp_lh_1: 95.33444076179622
cp_tau_0: 56.94912336561373
cp_n: 10.432303850679176
cp_gamma_0: 3.333e-05
vp_s0: 93.655
vp_R: 3957.3
vp_d: 0.5651
vp_n: 7.3648
vp_eta: 721.59
