cp_tau_s: 372.7964915255089
cp_b: 2.1278714174939353
cp_tau_0: 243.2227030729826
cp_n: 4.1242684770345175
cp_gamma_0: 3.25e-05
