cp_lh_0: 625.1411555989961
cp_lh_1: 118.66246266231006
cp_lh_2: 850.3777782841188
cp_lh_3: 866.8290390441167
cp_lh_4: 826.5198172780608
cp_lh_5: 414.83149029646114
cp_tau_0: 412.57962263583437
cp_n: 19.890626056840304
cp_gamma_0: 3.25e-05
