cp_lh_0: 114.97676765993144
cp_lh_1: 356.1008142041683
cp_tau_0: 52.15378554428358
cp_n: 11.141937496620418
cp_gamma_0: 3.333e-05
vp_s0: 93.655
vp_R: 3957.3
vp_d: 0.5651
vp_n: 7.3648
vp_eta: 721.59
