cp_tau_s: 3008.3243986320945
cp_b: 0.04891133961505631
cp_tau_0: 265.0234648762724
cp_n: 11.725823067728957
cp_gamma_0: 3.25e-05
