cp_tau_s: 293.65875685852416
cp_b: 4.9525020484072515
cp_tau_0: 100.22579889972116
cp_n: 13.093838780443221
cp_gamma_0: 3.25e-05
