cp_tau_s: 709.8231566022764
cp_b: 4.950075457973241
cp_tau_0: 403.0407799169341
cp_n: 18.596753919529732
cp_gamma_0: 3.25e-05
