cp_lh_0: 168.07743302240715
cp_lh_1: 122.21145628253562
cp_tau_0: 122.8772326944328
cp_n: 11.13237458525658
cp_gamma_0: 3.333e-05
vp_s0: 93.655
vp_R: 3957.3
vp_d: 0.5651
vp_n: 7.3648
vp_eta: 721.59
