cp_tau_s: 1237.9976667190786
cp_b: 4.190475149554632
cp_tau_0: 71.94506290792505
cp_n: 16.492226179398887
cp_gamma_0: 3.25e-05
