cp_lh_0: 672.1500681595977
cp_lh_1: 932.0257279112758
cp_lh_2: 766.040600429716
cp_lh_3: 765.8656426098191
cp_lh_4: 442.7340889919546
cp_lh_5: 53.86071913227713
cp_tau_0: 12.089554994984638
cp_n: 10.248637535199682
cp_gamma_0: 3.25e-05
