cp_lh_0: 102.97830227176993
cp_lh_1: 132.6530229418529
cp_tau_0: 186.72795406599278
cp_n: 9.47898120610472
cp_gamma_0: 3.333e-05
vp_s0: 93.655
vp_R: 3957.3
vp_d: 0.5651
vp_n: 7.3648
vp_eta: 721.59
