cp_lh_0: 146.41564859578887
cp_lh_1: 357.17084187241915
cp_tau_0: 159.62975800497924
cp_n: 6.547429924300778
cp_gamma_0: 3.333e-05
vp_s0: 93.655
vp_R: 3957.3
vp_d: 0.5651
vp_n: 7.3648
vp_eta: 721.59
