cp_lh_0: 368.38590853097935
cp_lh_1: 309.92463970462046
cp_lh_2: 132.46487264511416
cp_lh_3: 340.81629667832203
cp_lh_4: 290.2949363491281
cp_lh_5: 123.12648249004448
cp_tau_0: 196.08563955142802
cp_n: 12.9450391880066
cp_gamma_0: 3.333e-05
vp_s0: 93.655
vp_R: 3957.3
vp_d: 0.5651
vp_n: 7.3648
vp_eta: 721.59
