cp_tau_s: 2127.6698242192856
cp_b: 7.36173353198117
cp_tau_0: 112.23605453326513
cp_n: 8.179394385876458
cp_gamma_0: 3.25e-05
