cp_tau_s: 3713.8860038960697
cp_b: 1.7150232351191992
cp_tau_0: 89.03818350725506
cp_n: 14.1745235823849
cp_gamma_0: 3.25e-05
