cp_lh_0: 322.15594907106873
cp_lh_1: 179.2903016884596
cp_tau_0: 165.01020444920945
cp_n: 2.85439494883242
cp_gamma_0: 3.333e-05
vp_s0: 93.655
vp_R: 3957.3
vp_d: 0.5651
vp_n: 7.3648
vp_eta: 721.59
