cp_lh_0: 334.12228741137017
cp_lh_1: 86.71400479812449
cp_tau_0: 129.3508710262466
cp_n: 13.220477669513604
cp_gamma_0: 3.333e-05
vp_s0: 93.655
vp_R: 3957.3
vp_d: 0.5651
vp_n: 7.3648
vp_eta: 721.59
