cp_lh_0: 313.63684784750654
cp_lh_1: 132.2276523708887
cp_lh_2: 83.84764066238654
cp_lh_3: 107.28399260158254
cp_lh_4: 203.35446071190538
cp_lh_5: 352.01700654107907
cp_tau_0: 104.37826897301714
cp_n: 7.155021477194227
cp_gamma_0: 3.333e-05
vp_s0: 93.655
vp_R: 3957.3
vp_d: 0.5651
vp_n: 7.3648
vp_eta: 721.59
