cp_tau_s: 1872.01842941643
cp_b: 1.3754131861639536
cp_tau_0: 257.2983622223727
cp_n: 1.4497915638755585
cp_gamma_0: 3.25e-05
