cp_lh_0: 397.3368571254309
cp_lh_1: 290.6739976074978
cp_lh_2: 180.39211296312857
cp_lh_3: 80.57190632329316
cp_lh_4: 228.98226261547038
cp_lh_5: 138.46459660543167
cp_tau_0: 52.3854288275627
cp_n: 10.964944917852863
cp_gamma_0: 3.333e-05
vp_s0: 93.655
vp_R: 3957.3
vp_d: 0.5651
vp_n: 7.3648
vp_eta: 721.59
