cp_tau_s: 1292.1186467366292
cp_b: 19.843421663611103
cp_tau_0: 386.7652865186951
cp_n: 4.833822946247872
cp_gamma_0: 3.25e-05
