cp_lh_0: 9.57416671387179
cp_lh_1: 180.56976310753166
cp_lh_2: 832.1503330521404
cp_lh_3: 153.725730281405
cp_lh_4: 486.9218288092761
cp_lh_5: 799.4621052062657
cp_tau_0: 14.446426956113603
cp_n: 3.685722143402792
cp_gamma_0: 3.25e-05
