cp_tau_s: 2624.614826218041
cp_b: 7.17931159881677
cp_tau_0: 23.25203850192717
cp_n: 18.578435890501297
cp_gamma_0: 3.25e-05
