cp_tau_s: 1378.2523555321582
cp_b: 16.697460857485687
cp_tau_0: 300.72451814058775
cp_n: 9.915810970543783
cp_gamma_0: 3.25e-05
