cp_lh_0: 222.66420145889415
cp_lh_1: 304.7867036296478
cp_tau_0: 172.8217192126995
cp_n: 2.336965020810167
cp_gamma_0: 3.333e-05
vp_s0: 93.655
vp_R: 3957.3
vp_d: 0.5651
vp_n: 7.3648
vp_eta: 721.59
