cp_lh_0: 796.4428457194679
cp_lh_1: 456.90342329640714
cp_tau_0: 316.1057180084108
cp_n: 18.03333746741795
cp_gamma_0: 3.25e-05
