cp_lh_0: 561.4814400446614
cp_lh_1: 778.71286389252
cp_tau_0: 273.3131752084473
cp_n: 1.3611236645203497
cp_gamma_0: 3.25e-05
