cp_lh_0: 215.79223804936962
cp_lh_1: 530.0410262505874
cp_tau_0: 184.82688270512412
cp_n: 7.854753416300104
cp_gamma_0: 5.460626003371029e-05
