cp_lh_0: 316.7736137822204
cp_lh_1: 349.5013257706398
cp_lh_2: 279.0810826459448
cp_lh_3: 11.841307741183732
cp_lh_4: 157.657340144392
cp_lh_5: 339.9890102403491
cp_tau_0: 15.257196971350396
cp_n: 9.776988981395222
cp_gamma_0: 3.333e-05
vp_s0: 93.655
vp_R: 3957.3
vp_d: 0.5651
vp_n: 7.3648
vp_eta: 721.59
