cp_lh_0: 214.75702216594792
cp_lh_1: 154.23223664346077
cp_tau_0: 35.528040776212556
cp_n: 6.2407640824747315
cp_gamma_0: 3.333e-05
vp_s0: 93.655
vp_R: 3957.3
vp_d: 0.5651
vp_n: 7.3648
vp_eta: 721.59
