cp_tau_s: 453.9716129685739
cp_b: 0.6671212572649199
cp_tau_0: 574.4150220477129
cp_n: 14.109150249188893
cp_gamma_0: 3.25e-05
