cp_lh_0: 85.8940165966952
cp_lh_1: 78.2410773026814
cp_tau_0: 192.36286329466847
cp_n: 7.009819705381761
cp_gamma_0: 3.333e-05
vp_s0: 93.655
vp_R: 3957.3
vp_d: 0.5651
vp_n: 7.3648
vp_eta: 721.59
