cp_tau_s: 1163.064441790718
cp_b: 17.789936726347662
cp_tau_0: 87.56650107461279
cp_n: 1.657566294622404
cp_gamma_0: 3.25e-05
