cp_tau_s: 20.096601829757365
cp_b: 8.92258647374118
cp_tau_0: 18.43820535724558
cp_n: 10.066340875843437
cp_gamma_0: 3.25e-05
