cp_lh_0: 239.99515663263705
cp_lh_1: 360.5419232125422
cp_tau_0: 373.7472933686281
cp_n: 15.77676416530577
cp_gamma_0: 3.25e-05
