cp_tau_s: 1650.7803162062964
cp_b: 8.068263937369668
cp_tau_0: 21.04532520220731
cp_n: 11.030188005448478
cp_gamma_0: 3.25e-05
