cp_tau_s: 281.16230660727683
cp_b: 16.832034638034735
cp_tau_0: 161.78364450305955
cp_n: 17.577945345142425
cp_gamma_0: 3.25e-05
