cp_tau_s: 840.5954893130692
cp_b: 3.587089126938105
cp_tau_0: 247.48352389316952
cp_n: 5.838612279070663
cp_gamma_0: 3.25e-05
