cp_lh_0: 660.6350331644009
cp_lh_1: 779.6317388931582
cp_lh_2: 33.28723883056339
cp_lh_3: 338.7208199029674
cp_lh_4: 806.40107256333
cp_lh_5: 891.0456142151619
cp_tau_0: 53.45354423189153
cp_n: 8.174377071946239
cp_gamma_0: 3.25e-05
