cp_lh_0: 340.7139555962819
cp_lh_1: 8.595375757277177
cp_lh_2: 223.30624110590838
cp_lh_3: 182.65211597210373
cp_lh_4: 387.13426149841524
cp_lh_5: 219.25837864800474
cp_tau_0: 57.74171994351652
cp_n: 7.536571993136965
cp_gamma_0: 3.333e-05
vp_s0: 93.655
vp_R: 3957.3
vp_d: 0.5651
vp_n: 7.3648
vp_eta: 721.59
