cp_lh_0: 13.52235862228755
cp_lh_1: 176.83568068086862
cp_tau_0: 120.6802203395708
cp_n: 2.491841880266709
cp_gamma_0: 3.333e-05
vp_s0: 93.655
vp_R: 3957.3
vp_d: 0.5651
vp_n: 7.3648
vp_eta: 721.59
