cp_lh_0: 43.44393693195974
cp_lh_1: 96.14627320829595
cp_tau_0: 197.97519338034476
cp_n: 8.2570447723824
cp_gamma_0: 3.333e-05
vp_s0: 93.655
vp_R: 3957.3
vp_d: 0.5651
vp_n: 7.3648
vp_eta: 721.59
