cp_lh_0: 229.21730579616596
cp_lh_1: 383.8142935238223
cp_tau_0: 486.2202527467418
cp_n: 13.700975807958928
cp_gamma_0: 3.25e-05
