cp_tau_s: 93.7429910327744
cp_b: 3.3809200998100133
cp_tau_0: 37.25634063896387
cp_n: 13.732486701546968
cp_gamma_0: 2.083351705077209e-05
