cp_tau_s: 1464.4488299335087
cp_b: 17.129422260963576
cp_tau_0: 232.38587177025082
cp_n: 5.336319476370422
cp_gamma_0: 3.25e-05
