cp_lh_0: 81.29254813506816
cp_lh_1: 36.476004567335806
cp_tau_0: 78.17237320723774
cp_n: 11.573066290929017
cp_gamma_0: 3.333e-05
vp_s0: 93.655
vp_R: 3957.3
vp_d: 0.5651
vp_n: 7.3648
vp_eta: 721.59
