cp_lh_0: 63.259333233184144
cp_lh_1: 7.242172429830204
cp_tau_0: 29.65614020003045
cp_n: 11.843370025841102
cp_gamma_0: 3.333e-05
vp_s0: 93.655
vp_R: 3957.3
vp_d: 0.5651
vp_n: 7.3648
vp_eta: 721.59
