cp_lh_0: 262.35646619625135
cp_lh_1: 234.5692470265859
cp_lh_2: 40.311792406694934
cp_lh_3: 143.25775028458264
cp_lh_4: 183.24291535504045
cp_lh_5: 85.02670264420404
cp_tau_0: 112.90151885360606
cp_n: 11.237229030580835
cp_gamma_0: 3.333e-05
vp_s0: 93.655
vp_R: 3957.3
vp_d: 0.5651
vp_n: 7.3648
vp_eta: 721.59
