cp_tau_s: 2395.691019424763
cp_b: 6.23090735874017
cp_tau_0: 133.652722569887
cp_n: 14.649232811246582
cp_gamma_0: 3.25e-05
