cp_tau_s: 936.6582225948747
cp_b: 11.255551549729205
cp_tau_0: 376.42087579408195
cp_n: 1.240411089395068
cp_gamma_0: 3.25e-05
