cp_lh_0: 339.5117107306112
cp_lh_1: 71.24074062973311
cp_lh_2: 283.44659491322204
cp_lh_3: 137.82289290742534
cp_lh_4: 397.91060224883984
cp_lh_5: 371.2640455623017
cp_tau_0: 150.03443446966364
cp_n: 1.21312548207262
cp_gamma_0: 3.333e-05
vp_s0: 93.655
vp_R: 3957.3
vp_d: 0.5651
vp_n: 7.3648
vp_eta: 721.59
