cp_tau_s: 660.4336178512259
cp_b: 0.8182634241914181
cp_tau_0: 307.29352237263464
cp_n: 1.396587992914664
cp_gamma_0: 9.160017365138746e-05
