cp_lh_0: 118.94332089296321
cp_lh_1: 107.54852475544816
cp_tau_0: 285.5393053049694
cp_n: 15.21152290673387
cp_gamma_0: 3.25e-05
