cp_lh_0: 156.06196452762902
cp_lh_1: 8.096938925631806
cp_tau_0: 17.277395822783483
cp_n: 10.71308239680431
cp_gamma_0: 3.333e-05
vp_s0: 93.655
vp_R: 3957.3
vp_d: 0.5651
vp_n: 7.3648
vp_eta: 721.59
