cp_tau_s: 110.44977548570768
cp_b: 12.936502647608476
cp_tau_0: 177.22664386133948
cp_n: 4.952040800255016
cp_gamma_0: 3.25e-05
