cp_tau_s: 2944.68586797264
cp_b: 8.659288543930774
cp_tau_0: 3.1123020534005312
cp_n: 7.102074711828293
cp_gamma_0: 3.25e-05
