cp_tau_s: 381.0459701865822
cp_b: 1.7256853498681577
cp_tau_0: 323.7699233154337
cp_n: 10.578899635576382
cp_gamma_0: 7.490400544678637e-05
