cp_lh_0: 83.56600185352005
cp_lh_1: 129.43641631274855
cp_tau_0: 172.7801050992285
cp_n: 13.96537377311185
cp_gamma_0: 3.333e-05
vp_s0: 93.655
vp_R: 3957.3
vp_d: 0.5651
vp_n: 7.3648
vp_eta: 721.59
