cp_lh_0: 265.543723313624
cp_lh_1: 481.9651833017334
cp_lh_2: 223.69588703808296
cp_lh_3: 247.79044818758595
cp_lh_4: 566.2354396798173
cp_lh_5: 637.2980492163487
cp_tau_0: 498.95392133303767
cp_n: 4.420354619532894
cp_gamma_0: 3.25e-05
