cp_lh_0: 114.26036527223131
cp_lh_1: 160.1152917584256
cp_tau_0: 41.67153173067168
cp_n: 11.639345190063839
cp_gamma_0: 3.333e-05
vp_s0: 93.655
vp_R: 3957.3
vp_d: 0.5651
vp_n: 7.3648
vp_eta: 721.59
