cp_lh_0: 231.01775477344364
cp_lh_1: 45.83131615249923
cp_tau_0: 87.2440767202643
cp_n: 8.613367997283499
cp_gamma_0: 3.333e-05
vp_s0: 93.655
vp_R: 3957.3
vp_d: 0.5651
vp_n: 7.3648
vp_eta: 721.59
