cp_tau_s: 1458.7216539616757
cp_b: 2.2923601538009812
cp_tau_0: 182.43926566524374
cp_n: 3.0176917303646493
cp_gamma_0: 9.567515222316821e-05
