cp_lh_0: 111.21106672792469
cp_lh_1: 294.89167222341155
cp_tau_0: 34.02097808359743
cp_n: 14.55970065295338
cp_gamma_0: 3.333e-05
vp_s0: 93.655
vp_R: 3957.3
vp_d: 0.5651
vp_n: 7.3648
vp_eta: 721.59
