cp_tau_s: 1552.80842826335
cp_b: 5.068369273545214
cp_tau_0: 233.99854927036458
cp_n: 10.381616919776583
cp_gamma_0: 3.25e-05
