cp_tau_s: 399.4096449005349
cp_b: 5.593783385695824
cp_tau_0: 240.75578640625716
cp_n: 2.7782377551521282
cp_gamma_0: 3.25e-05
