cp_tau_s: 313.74179215435987
cp_b: 1.8486488123362133
cp_tau_0: 343.0453874108932
cp_n: 10.121281007634478
cp_gamma_0: 3.333e-05
vp_s0: 93.655
vp_R: 3957.3
vp_d: 0.5651
vp_n: 7.3648
vp_eta: 721.59
