cp_tau_s: 2541.9363012357003
cp_b: 7.2460540934302955
cp_tau_0: 21.008781201109716
cp_n: 13.408867314735238
cp_gamma_0: 3.25e-05
