cp_tau_s: 1420.657831366258
cp_b: 12.04533786358679
cp_tau_0: 322.0137054154152
cp_n: 8.712470684743025
cp_gamma_0: 3.25e-05
