cp_tau_s: 1773.502251582219
cp_b: 4.902588588002699
cp_tau_0: 427.3214520101641
cp_n: 2.506848300362368
cp_gamma_0: 3.25e-05
