cp_lh_0: 707.6458405144272
cp_lh_1: 531.1452332902425
cp_tau_0: 453.20519324422713
cp_n: 13.565757276303424
cp_gamma_0: 3.25e-05
