cp_tau_s: 120.24877270386763
cp_b: 10.748715583723287
cp_tau_0: 295.83662148140417
cp_n: 18.74152563124217
cp_gamma_0: 3.25e-05
