cp_tau_s: 1243.0375534285674
cp_b: 8.213393239014277
cp_tau_0: 197.26637328549637
cp_n: 7.513072419550793
cp_gamma_0: 3.25e-05
