cp_tau_s: 3420.8145709710757
cp_b: 4.699405100029534
cp_tau_0: 140.02892975685526
cp_n: 10.097216612869309
cp_gamma_0: 3.25e-05
