cp_lh_0: 246.75093104449212
cp_lh_1: 391.7037650417332
cp_tau_0: 161.9802567240798
cp_n: 12.870798603048497
cp_gamma_0: 3.333e-05
vp_s0: 93.655
vp_R: 3957.3
vp_d: 0.5651
vp_n: 7.3648
vp_eta: 721.59
