cp_tau_s: 772.2934496303234
cp_b: 5.871799065591566
cp_tau_0: 313.57063857963726
cp_n: 9.382202151620556
cp_gamma_0: 3.333e-05
vp_s0: 93.655
vp_R: 3957.3
vp_d: 0.5651
vp_n: 7.3648
vp_eta: 721.59
