cp_tau_s: 1182.5480618807721
cp_b: 5.727450289495017
cp_tau_0: 233.22599068354813
cp_n: 6.300866812925416
cp_gamma_0: 1.1731771840068606e-05
