cp_lh_0: 82.73801011768721
cp_lh_1: 396.07264317615545
cp_tau_0: 163.92495461972382
cp_n: 5.874347837991059
cp_gamma_0: 3.333e-05
vp_s0: 93.655
vp_R: 3957.3
vp_d: 0.5651
vp_n: 7.3648
vp_eta: 721.59
