cp_tau_s: 730.1144309389772
cp_b: 7.859297178442963
cp_tau_0: 360.563718486191
cp_n: 13.47759751212929
cp_gamma_0: 6.0318377186462315e-05
