cp_tau_s: 1196.768699236658
cp_b: 4.255721156552703
cp_tau_0: 97.69702340031277
cp_n: 6.212437223173221
cp_gamma_0: 3.333e-05
vp_s0: 93.655
vp_R: 3957.3
vp_d: 0.5651
vp_n: 7.3648
vp_eta: 721.59
