cp_lh_0: 55.025824575421844
cp_lh_1: 146.8088817177184
cp_tau_0: 139.8236479912569
cp_n: 5.086515068977781
cp_gamma_0: 3.333e-05
vp_s0: 93.655
vp_R: 3957.3
vp_d: 0.5651
vp_n: 7.3648
vp_eta: 721.59
