cp_lh_0: 153.06784543035803
cp_lh_1: 108.68862947645164
cp_tau_0: 126.26610478798482
cp_n: 6.667577921186267
cp_gamma_0: 3.333e-05
vp_s0: 93.655
vp_R: 3957.3
vp_d: 0.5651
vp_n: 7.3648
vp_eta: 721.59
