cp_lh_0: 517.6402577710522
cp_lh_1: 672.6778043217319
cp_tau_0: 383.436016293928
cp_n: 11.975154661831525
cp_gamma_0: 3.25e-05
