cp_lh_0: 76.31669821006508
cp_lh_1: 287.4858959492289
cp_lh_2: 323.5816610584101
cp_lh_3: 286.8185068482081
cp_lh_4: 389.31149481511784
cp_lh_5: 397.0901802599597
cp_tau_0: 152.21726082432212
cp_n: 14.315923715667578
cp_gamma_0: 3.333e-05
vp_s0: 93.655
vp_R: 3957.3
vp_d: 0.5651
vp_n: 7.3648
vp_eta: 721.59
