cp_tau_s: 3318.902507465267
cp_b: 3.816203163545295
cp_tau_0: 104.73548735678213
cp_n: 15.279091312216638
cp_gamma_0: 3.25e-05
