cp_lh_0: 414.54810962954014
cp_lh_1: 458.13343413572545
cp_tau_0: 64.37492468152001
cp_n: 1.3225786608465806
cp_gamma_0: 8.1542451773549e-05
