cp_lh_0: 393.00104213103117
cp_lh_1: 318.0032357719906
cp_lh_2: 201.12299992180874
cp_lh_3: 204.06978039885914
cp_lh_4: 136.52028422260267
cp_lh_5: 196.7151597314754
cp_tau_0: 45.289826251574944
cp_n: 15.504255201715935
cp_gamma_0: 3.333e-05
vp_s0: 93.655
vp_R: 3957.3
vp_d: 0.5651
vp_n: 7.3648
vp_eta: 721.59
