cp_lh_0: 0.27416
cp_lh_1: 0.10761
cp_tau_0: 3.7531
cp_n: 1.5887
cp_gamma_0: 1.0662e-10
