cp_lh_0: 86.76511005924623
cp_lh_1: 255.4093141261473
cp_tau_0: 109.112855856283
cp_n: 15.468474548330478
cp_gamma_0: 2.58495782646303e-06
