cp_lh_0: 371.83817757214587
cp_lh_1: 176.01793794513912
cp_lh_2: 5.01226898992663
cp_lh_3: 208.44989742395273
cp_lh_4: 9.423501119277416
cp_lh_5: 330.50836513702825
cp_tau_0: 62.96731498606447
cp_n: 1.5822753631269806
cp_gamma_0: 3.333e-05
vp_s0: 93.655
vp_R: 3957.3
vp_d: 0.5651
vp_n: 7.3648
vp_eta: 721.59
