cp_tau_s: 2757.0612773776907
cp_b: 7.662014587324668
cp_tau_0: 346.15778534186603
cp_n: 7.7670042584359456
cp_gamma_0: 3.25e-05
