cp_lh_0: 692.2899756377818
cp_lh_1: 417.0852075240632
cp_lh_2: 197.74404061715896
cp_lh_3: 630.0457497688268
cp_lh_4: 816.5210608130128
cp_lh_5: 983.4184774321179
cp_tau_0: 289.9748298652072
cp_n: 16.92866532842031
cp_gamma_0: 3.25e-05
