cp_lh_0: 96.21518634484758
cp_lh_1: 197.57280602634376
cp_lh_2: 264.67956573159205
cp_lh_3: 334.6461847195094
cp_lh_4: 168.6770468530576
cp_lh_5: 387.4260987672586
cp_tau_0: 77.72940259468746
cp_n: 5.897359613443561
cp_gamma_0: 3.333e-05
vp_s0: 93.655
vp_R: 3957.3
vp_d: 0.5651
vp_n: 7.3648
vp_eta: 721.59
