cp_tau_s: 1039.7765282108385
cp_b: 1.3218276211484168
cp_tau_0: 220.5095084421566
cp_n: 15.152972339337632
cp_gamma_0: 3.25e-05
