cp_tau_s: 610.987683373705
cp_b: 1.860508825279336
cp_tau_0: 284.7577680370798
cp_n: 11.748431250770082
cp_gamma_0: 8.907612126477827e-05
