cp_lh_0: 149.5545834122815
cp_lh_1: 248.91330685765496
cp_tau_0: 94.69843078747084
cp_n: 15.154743758693392
cp_gamma_0: 3.333e-05
vp_s0: 93.655
vp_R: 3957.3
vp_d: 0.5651
vp_n: 7.3648
vp_eta: 721.59
