cp_lh_0: 289.5103818653479
cp_lh_1: 6.27066658484885
cp_tau_0: 75.60532615624021
cp_n: 7.472739515646885
cp_gamma_0: 3.333e-05
vp_s0: 93.655
vp_R: 3957.3
vp_d: 0.5651
vp_n: 7.3648
vp_eta: 721.59
