cp_lh_0: 298.39697921220846
cp_lh_1: 86.44899751545677
cp_tau_0: 38.39847320097075
cp_n: 3.619426729605743
cp_gamma_0: 3.333e-05
vp_s0: 93.655
vp_R: 3957.3
vp_d: 0.5651
vp_n: 7.3648
vp_eta: 721.59
