cp_lh_0: 31.274257242300468
cp_lh_1: 271.7445096399394
cp_lh_2: 321.7550266843702
cp_lh_3: 397.5703324348218
cp_lh_4: 227.81659447547455
cp_lh_5: 270.40290469366886
cp_tau_0: 185.23248423920856
cp_n: 10.786678492210857
cp_gamma_0: 3.333e-05
vp_s0: 93.655
vp_R: 3957.3
vp_d: 0.5651
vp_n: 7.3648
vp_eta: 721.59
