cp_lh_0: 188.60936654625627
cp_lh_1: 503.2565768411083
cp_tau_0: 330.2490638518035
cp_n: 8.39644510619958
cp_gamma_0: 6.167976292797701e-05
