cp_tau_s: 861.4758936460081
cp_b: 2.9731659327540316
cp_tau_0: 396.85210228583696
cp_n: 8.04822749979055
cp_gamma_0: 3.333e-05
vp_s0: 93.655
vp_R: 3957.3
vp_d: 0.5651
vp_n: 7.3648
vp_eta: 721.59
