cp_lh_0: 136.01339381528499
cp_lh_1: 109.20516383766619
cp_lh_2: 214.82964562163414
cp_lh_3: 201.2911948611076
cp_lh_4: 346.62786396746833
cp_lh_5: 300.9982277268208
cp_tau_0: 144.08387190062464
cp_n: 15.695793411455004
cp_gamma_0: 3.333e-05
vp_s0: 93.655
vp_R: 3957.3
vp_d: 0.5651
vp_n: 7.3648
vp_eta: 721.59
