cp_lh_0: 79.86390186528143
cp_lh_1: 116.74037743721826
cp_lh_2: 376.0469683682443
cp_lh_3: 170.3144225165027
cp_lh_4: 259.44340656723324
cp_lh_5: 129.62689034375265
cp_tau_0: 154.59194305805653
cp_n: 13.08465072164573
cp_gamma_0: 3.333e-05
vp_s0: 93.655
vp_R: 3957.3
vp_d: 0.5651
vp_n: 7.3648
vp_eta: 721.59
