cp_lh_0: 169.4566548211639
cp_lh_1: 228.82437357211646
cp_tau_0: 78.12494944103557
cp_n: 13.271466960659094
cp_gamma_0: 3.333e-05
vp_s0: 93.655
vp_R: 3957.3
vp_d: 0.5651
vp_n: 7.3648
vp_eta: 721.59
