cp_lh_0: 224.16166678517436
cp_lh_1: 25.592063149681415
cp_tau_0: 138.15719150585397
cp_n: 2.3431624980342707
cp_gamma_0: 3.333e-05
vp_s0: 93.655
vp_R: 3957.3
vp_d: 0.5651
vp_n: 7.3648
vp_eta: 721.59
