cp_tau_s: 590.5866484116406
cp_b: 3.109441938762013
cp_tau_0: 395.166166276701
cp_n: 14.140712158828928
cp_gamma_0: 3.996890694949059e-05
