cp_tau_s: 2869.4749514872624
cp_b: 6.561375202757256
cp_tau_0: 165.6041239329246
cp_n: 9.109504853585896
cp_gamma_0: 3.25e-05
