cp_tau_s: 1054.5199973447184
cp_b: 3.7282625390957587
cp_tau_0: 384.0208566075979
cp_n: 12.871501530147798
cp_gamma_0: 3.25e-05
