cp_lh_0: 296.8647115711137
cp_lh_1: 252.2168805199692
cp_tau_0: 142.7523087154845
cp_n: 6.066058301849288
cp_gamma_0: 3.333e-05
vp_s0: 93.655
vp_R: 3957.3
vp_d: 0.5651
vp_n: 7.3648
vp_eta: 721.59
