cp_tau_s: 1921.2239898718835
cp_b: 8.681987882790988
cp_tau_0: 27.208554187382706
cp_n: 19.552127826886174
cp_gamma_0: 3.25e-05
