cp_lh_0: 66.3730212711636
cp_lh_1: 74.36565108286644
cp_tau_0: 122.74903176878162
cp_n: 5.029222526647132
cp_gamma_0: 3.333e-05
vp_s0: 93.655
vp_R: 3957.3
vp_d: 0.5651
vp_n: 7.3648
vp_eta: 721.59
