cp_lh_0: 651.9041390450881
cp_lh_1: 233.2609624175138
cp_tau_0: 242.94077166203763
cp_n: 7.394335534205603
cp_gamma_0: 3.25e-05
