cp_tau_s: 1376.6960118326238
cp_b: 0.03675473183078426
cp_tau_0: 354.889243619851
cp_n: 16.950920501419127
cp_gamma_0: 3.25e-05
