cp_lh_0: 269.051560949338
cp_lh_1: 24.41200808048847
cp_lh_2: 260.7363472226079
cp_lh_3: 166.33032898076732
cp_lh_4: 76.93740276775316
cp_lh_5: 337.11480725992936
cp_tau_0: 166.18664012583253
cp_n: 12.737747713974574
cp_gamma_0: 3.333e-05
vp_s0: 93.655
vp_R: 3957.3
vp_d: 0.5651
vp_n: 7.3648
vp_eta: 721.59
