cp_tau_s: 3990.3328041084396
cp_b: 9.119536515861487
cp_tau_0: 281.5448351184687
cp_n: 1.5564072248386958
cp_gamma_0: 3.25e-05
