cp_lh_0: 390.28494664932316
cp_lh_1: 4.24476248845992
cp_tau_0: 57.70115372351157
cp_n: 8.949306622415765
cp_gamma_0: 3.333e-05
vp_s0: 93.655
vp_R: 3957.3
vp_d: 0.5651
vp_n: 7.3648
vp_eta: 721.59
