cp_lh_0: 71.71076287879923
cp_lh_1: 220.21740029015882
cp_tau_0: 28.108635011329575
cp_n: 4.178656364944777
cp_gamma_0: 3.333e-05
vp_s0: 93.655
vp_R: 3957.3
vp_d: 0.5651
vp_n: 7.3648
vp_eta: 721.59
