cp_lh_0: 87.37585518073436
cp_lh_1: 188.8666908406143
cp_lh_2: 271.30970290686736
cp_lh_3: 34.726321117903524
cp_lh_4: 2.9187972050594353
cp_lh_5: 191.83707853935726
cp_tau_0: 198.1545780092084
cp_n: 10.563670741224813
cp_gamma_0: 3.333e-05
vp_s0: 93.655
vp_R: 3957.3
vp_d: 0.5651
vp_n: 7.3648
vp_eta: 721.59
