cp_lh_0: 176.5434082989839
cp_lh_1: 225.10475188849566
cp_lh_2: 193.8200610168279
cp_lh_3: 278.5708304223343
cp_lh_4: 309.6553815382156
cp_lh_5: 225.70478648458754
cp_tau_0: 183.098111866039
cp_n: 12.204510855354801
cp_gamma_0: 3.333e-05
vp_s0: 93.655
vp_R: 3957.3
vp_d: 0.5651
vp_n: 7.3648
vp_eta: 721.59
