cp_tau_s: 455.6337740814714
cp_b: 17.43245938909164
cp_tau_0: 310.97150167514656
cp_n: 4.985694095495796
cp_gamma_0: 3.25e-05
