cp_lh_0: 24.747035725705075
cp_lh_1: 126.05530082017273
cp_lh_2: 86.18369262807745
cp_lh_3: 74.47395309858031
cp_lh_4: 61.03885154400896
cp_lh_5: 345.730246532975
cp_tau_0: 108.76270671734636
cp_n: 12.42543687176352
cp_gamma_0: 3.333e-05
vp_s0: 93.655
vp_R: 3957.3
vp_d: 0.5651
vp_n: 7.3648
vp_eta: 721.59
