cp_lh_0: 824.5317791427402
cp_lh_1: 665.6406400451867
cp_lh_2: 913.2407055514918
cp_lh_3: 470.99290681506574
cp_lh_4: 340.8413005831325
cp_lh_5: 700.6791503043422
cp_tau_0: 285.93901817782483
cp_n: 15.098884045003302
cp_gamma_0: 3.25e-05
