cp_lh_0: 394.5649918428697
cp_lh_1: 58.41627605522988
cp_lh_2: 65.7798045585251
cp_lh_3: 3.044691790164266
cp_lh_4: 63.77192156270887
cp_lh_5: 241.19587361204128
cp_tau_0: 198.52900742104828
cp_n: 14.539349118613512
cp_gamma_0: 3.333e-05
vp_s0: 93.655
vp_R: 3957.3
vp_d: 0.5651
vp_n: 7.3648
vp_eta: 721.59
