cp_tau_s: 523.3132542563557
cp_b: 6.330481282019737
cp_tau_0: 136.2016228389028
cp_n: 6.349241654047472
cp_gamma_0: 1.624972757578716e-06
