cp_lh_0: 131.48308802251333
cp_lh_1: 166.43066683315112
cp_tau_0: 149.85387621476292
cp_n: 14.070497912784496
cp_gamma_0: 3.333e-05
vp_s0: 93.655
vp_R: 3957.3
vp_d: 0.5651
vp_n: 7.3648
vp_eta: 721.59
