cp_tau_s: 1179.3202441876024
cp_b: 6.098956551256814
cp_tau_0: 42.46624516672021
cp_n: 16.47476689382129
cp_gamma_0: 3.25e-05
