cp_tau_s: 1511.104457141419
cp_b: 5.876781561796298
cp_tau_0: 73.44452967539073
cp_n: 14.205906869795603
cp_gamma_0: 3.25e-05
