cp_lh_0: 48.95461257406002
cp_lh_1: 293.9635342059052
cp_lh_2: 106.34066505054112
cp_lh_3: 379.57414906262585
cp_lh_4: 179.67351428607108
cp_lh_5: 28.601559279931166
cp_tau_0: 69.1229299971136
cp_n: 2.68696272153747
cp_gamma_0: 3.333e-05
vp_s0: 93.655
vp_R: 3957.3
vp_d: 0.5651
vp_n: 7.3648
vp_eta: 721.59
