cp_lh_0: 171.98171443373315
cp_lh_1: 145.45703450309736
cp_lh_2: 389.44229773928146
cp_lh_3: 344.5690325447714
cp_lh_4: 171.4070141778968
cp_lh_5: 324.8775733661898
cp_tau_0: 42.825215364292724
cp_n: 3.6934897558574065
cp_gamma_0: 3.333e-05
vp_s0: 93.655
vp_R: 3957.3
vp_d: 0.5651
vp_n: 7.3648
vp_eta: 721.59
