cp_lh_0: 486.69092498417774
cp_lh_1: 637.643280461182
cp_tau_0: 37.96514847540952
cp_n: 2.4957930015693384
cp_gamma_0: 7.408964964208507e-05
