cp_lh_0: 146.5144406575587
cp_lh_1: 278.96860719469186
cp_lh_2: 540.7870912065368
cp_lh_3: 388.29445180661065
cp_lh_4: 831.0164214569007
cp_lh_5: 810.0813840677096
cp_tau_0: 312.90304280624787
cp_n: 7.882598331259402
cp_gamma_0: 3.25e-05
